topic,bag_stamp,header_stamp,frame_id,path_id,path_version,load_s_reference,load_velocity_reference,load_acceleration_reference,load_x_reference,load_y_reference,load_yaw_reference,support_x_reference_1,support_x_reference_2,support_x_reference_3,support_y_reference_1,support_y_reference_2,support_y_reference_3,support_yaw_reference_1,support_yaw_reference_2,support_yaw_reference_3
/multi_agv/path_reference,1789710623.0490327,1789710623.047852,world,s_curve,1,0.0,0.0,0.0,0.0,0.0,0.0,0.1732050807568877,-0.0866025403784439,-0.0866025403784439,0.0,0.15,-0.15,0.0,0.0,0.0
/multi_agv/path_reference,1789710623.0586743,1789710623.0578141,world,s_curve,1,0.0,0.0,0.0,0.0,0.0,0.0,0.1732050807568877,-0.0866025403784439,-0.0866025403784439,0.0,0.15,-0.15,0.0,0.0,0.0
/multi_agv/path_reference,1789710623.0689876,1789710623.0678072,world,s_curve,1,0.0,0.0,0.0,0.0,0.0,0.0,0.1732050807568877,-0.0866025403784439,-0.0866025403784439,0.0,0.15,-0.15,0.0,0.0,0.0
/multi_agv/path_reference,1789710623.078797,1789710623.0778084,world,s_curve,1,0.0,0.0,0.0,0.0,0.0,0.0,0.1732050807568877,-0.0866025403784439,-0.0866025403784439,0.0,0.15,-0.15,0.0,0.0,0.0
/multi_agv/path_reference,1789710623.0888593,1789710623.0878482,world,s_curve,1,0.0,0.0,0.0,0.0,0.0,0.0,0.1732050807568877,-0.0866025403784439,-0.0866025403784439,0.0,0.15,-0.15,0.0,0.0,0.0
/multi_agv/path_reference,1789710623.0988374,1789710623.0978456,world,s_curve,1,0.0,0.0,0.0,0.0,0.0,0.0,0.1732050807568877,-0.0866025403784439,-0.0866025403784439,0.0,0.15,-0.15,0.0,0.0,0.0
/multi_agv/path_reference,1789710623.1088023,1789710623.1078455,world,s_curve,1,0.0,0.0,0.0,0.0,0.0,0.0,0.1732050807568877,-0.0866025403784439,-0.0866025403784439,0.0,0.15,-0.15,0.0,0.0,0.0
/multi_agv/path_reference,1789710623.118773,1789710623.1178539,world,s_curve,1,0.0,0.0,0.0,0.0,0.0,0.0,0.1732050807568877,-0.0866025403784439,-0.0866025403784439,0.0,0.15,-0.15,0.0,0.0,0.0
/multi_agv/path_reference,1789710623.1287382,1789710623.1278758,world,s_curve,1,0.0,0.0,0.0,0.0,0.0,0.0,0.1732050807568877,-0.0866025403784439,-0.0866025403784439,0.0,0.15,-0.15,0.0,0.0,0.0
/multi_agv/path_reference,1789710623.1387851,1789710623.1378129,world,s_curve,1,0.0,0.0,0.0,0.0,0.0,0.0,0.1732050807568877,-0.0866025403784439,-0.0866025403784439,0.0,0.15,-0.15,0.0,0.0,0.0
/multi_agv/path_reference,1789710623.1487377,1789710623.1478648,world,s_curve,1,0.0,0.0,0.0,0.0,0.0,0.0,0.1732050807568877,-0.0866025403784439,-0.0866025403784439,0.0,0.15,-0.15,0.0,0.0,0.0
/multi_agv/path_reference,1789710623.1589167,1789710623.1578352,world,s_curve,1,0.0,0.0,0.0,0.0,0.0,0.0,0.1732050807568877,-0.0866025403784439,-0.0866025403784439,0.0,0.15,-0.15,0.0,0.0,0.0
/multi_agv/path_reference,1789710623.1683373,1789710623.1678038,world,s_curve,1,0.0,0.0,0.0,0.0,0.0,0.0,0.1732050807568877,-0.0866025403784439,-0.0866025403784439,0.0,0.15,-0.15,0.0,0.0,0.0
/multi_agv/path_reference,1789710623.1784463,1789710623.177805,world,s_curve,1,0.0,0.0,0.0,0.0,0.0,0.0,0.1732050807568877,-0.0866025403784439,-0.0866025403784439,0.0,0.15,-0.15,0.0,0.0,0.0
/multi_agv/path_reference,1789710623.1883225,1789710623.1878262,world,s_curve,1,0.0,0.0,0.0,0.0,0.0,0.0,0.1732050807568877,-0.0866025403784439,-0.0866025403784439,0.0,0.15,-0.15,0.0,0.0,0.0
/multi_agv/path_reference,1789710623.1983168,1789710623.1978452,world,s_curve,1,0.0,0.0,0.0,0.0,0.0,0.0,0.1732050807568877,-0.0866025403784439,-0.0866025403784439,0.0,0.15,-0.15,0.0,0.0,0.0
/multi_agv/path_reference,1789710623.2084053,1789710623.2078557,world,s_curve,1,0.0,0.0,0.0,0.0,0.0,0.0,0.1732050807568877,-0.0866025403784439,-0.0866025403784439,0.0,0.15,-0.15,0.0,0.0,0.0
/multi_agv/path_reference,1789710623.2183833,1789710623.2178683,world,s_curve,1,0.0,0.0,0.0,0.0,0.0,0.0,0.1732050807568877,-0.0866025403784439,-0.0866025403784439,0.0,0.15,-0.15,0.0,0.0,0.0
/multi_agv/path_reference,1789710623.228421,1789710623.227934,world,s_curve,1,0.0,0.0,0.0,0.0,0.0,0.0,0.1732050807568877,-0.0866025403784439,-0.0866025403784439,0.0,0.15,-0.15,0.0,0.0,0.0
/multi_agv/path_reference,1789710623.238332,1789710623.2378533,world,s_curve,1,0.0,0.0,0.0,0.0,0.0,0.0,0.1732050807568877,-0.0866025403784439,-0.0866025403784439,0.0,0.15,-0.15,0.0,0.0,0.0
/multi_agv/path_reference,1789710623.248507,1789710623.2479548,world,s_curve,1,0.0,0.0,0.0,0.0,0.0,0.0,0.1732050807568877,-0.0866025403784439,-0.0866025403784439,0.0,0.15,-0.15,0.0,0.0,0.0
/multi_agv/path_reference,1789710623.2584262,1789710623.2578685,world,s_curve,1,6.091914004243156e-10,6.145505268385586e-08,6.1995679810071605e-06,6.091914004243156e-10,0.0,0.0,0.1732050813660791,-0.0866025397692525,-0.0866025397692525,0.0,0.15,-0.15,0.0,0.0,0.0
/multi_agv/path_reference,1789710623.2685192,1789710623.2678463,world,s_curve,1,5.493167531122375e-09,4.894532168225271e-07,4.289232228533992e-05,5.493167531122375e-09,0.0,0.0,0.17320508625005523,-0.08660253488527637,-0.08660253488527637,0.0,0.15,-0.15,0.0,0.0,0.0
/multi_agv/path_reference,1789710623.2786417,1789710623.2779508,world,s_curve,1,2.2206810453677974e-08,1.6541482481187888e-06,0.00011526979812470387,2.220681045367797e-08,0.0,0.0,0.17320510296369815,-0.08660251817163345,-0.08660251817163345,0.0,0.15,-0.15,0.0,0.0,0.0
/multi_agv/path_reference,1789710623.288536,1789710623.2878656,world,s_curve,1,6.029663731695111e-08,3.841478521435842e-06,0.00022059911940255545,6.029663731695111e-08,0.0,0.0,0.17320514105352502,-0.08660248008180658,-0.08660248008180658,0.0,0.15,-0.15,0.0,0.0,0.0
/multi_agv/path_reference,1789710623.2985144,1789710623.297806,world,s_curve,1,1.336592745601189e-07,7.3802024979083235e-06,0.0003559918306099676,1.336592745601189e-07,0.0,0.0,0.17320521441616227,-0.08660240671916934,-0.08660240671916934,0.0,0.15,-0.15,0.0,0.0,0.0
/multi_agv/path_reference,1789710623.3086631,1789710623.3078241,world,s_curve,1,2.598687197382387e-07,1.260044108008646e-05,0.0005211758009545003,2.598687197382387e-07,0.0,0.0,0.17320534062560744,-0.08660228050972417,-0.08660228050972417,0.0,0.15,-0.15,0.0,0.0,0.0
/multi_agv/path_reference,1789710623.3182342,1789710623.317805,world,s_curve,1,4.568302411906195e-07,1.9729773652519337e-05,0.0007141502406684107,4.568302411906195e-07,0.0,0.0,0.1732055375871289,-0.08660208354820272,-0.08660208354820272,0.0,0.15,-0.15,0.0,0.0,0.0
/multi_agv/path_reference,1789710623.328523,1789710623.3279016,world,s_curve,1,7.51217690550039e-07,2.9158011600254687e-05,0.0009338328520737686,7.512176905500389e-07,0.0,0.0,0.17320583197457826,-0.08660178916075335,-0.08660178916075335,0.0,0.15,-0.15,0.0,0.0,0.0
/multi_agv/path_reference,1789710623.3384073,1789710623.33783,world,s_curve,1,1.1567354442770409e-06,4.0844520303068375e-05,0.0011770874088669408,1.1567354442770409e-06,0.0,0.0,0.17320623749233197,-0.08660138364299963,-0.08660138364299963,0.0,0.15,-0.15,0.0,0.0,0.0
/multi_agv/path_reference,1789710623.3484538,1789710623.3478692,world,s_curve,1,1.7121230970305155e-06,5.5321682991289645e-05,0.0014420576346637064,1.7121230970305155e-06,0.0,0.0,0.17320679287998472,-0.08660082825534687,-0.08660082825534687,0.0,0.15,-0.15,0.0,0.0,0.0
/multi_agv/path_reference,1789710623.3583128,1789710623.357829,world,s_curve,1,2.434385173732129e-06,7.253224296289465e-05,0.001728348417639045,2.434385173732129e-06,0.0,0.0,0.17320751514206142,-0.08660010599327017,-0.08660010599327017,0.0,0.15,-0.15,0.0,0.0,0.0
/multi_agv/path_reference,1789710623.3686726,1789710623.3679426,world,s_curve,1,3.3763636528324947e-06,9.312113478903832e-05,0.002035355385964156,3.3763636528324947e-06,0.0,0.0,0.17320845712054053,-0.08659916401479108,-0.08659916401479108,0.0,0.15,-0.15,0.0,0.0,0.0
/multi_agv/path_reference,1789710623.3784673,1789710623.3778996,world,s_curve,1,4.537630151126996e-06,0.0001166270615624963,0.0023607218264867047,4.537630151126996e-06,0.0,0.0,0.17320961838703883,-0.08659800274829278,-0.08659800274829278,0.0,0.15,-0.15,0.0,0.0,0.0
/multi_agv/path_reference,1789710623.388588,1789710623.3879683,world,s_curve,1,5.985820528281148e-06,0.00014383039075845883,0.002701761819378391,5.985820528281148e-06,0.0,0.0,0.17321106657741597,-0.08659655455791562,-0.08659655455791562,0.0,0.15,-0.15,0.0,0.0,0.0
/multi_agv/path_reference,1789710623.3983257,1789710623.3978648,world,s_curve,1,7.708354117657482e-06,0.00017408200334173674,0.003057276418465562,7.708354117657482e-06,0.0,0.0,0.17321278911100535,-0.08659483202432625,-0.08659483202432625,0.0,0.15,-0.15,0.0,0.0,0.0
/multi_agv/path_reference,1789710623.408487,1789710623.4078724,world,s_curve,1,9.793989320496023e-06,0.00020837196393740643,0.003425846678715226,9.793989320496023e-06,0.0,0.0,0.1732148747462082,-0.08659274638912341,-0.08659274638912341,0.0,0.15,-0.15,0.0,0.0,0.0
/multi_agv/path_reference,1789710623.4183776,1789710623.4178588,world,s_curve,1,1.225479400181215e-05,0.00024641537126269565,0.00380951824878084,1.225479400181215e-05,0.0,0.0,0.17321733555088953,-0.0865902855844421,-0.0865902855844421,0.0,0.15,-0.15,0.0,0.0,0.0
/multi_agv/path_reference,1789710623.4283469,1789710623.4278538,world,s_curve,1,1.5137150354189359e-05,0.0002884270642802838,0.004203959469658827,1.5137150354189359e-05,0.0,0.0,0.1732202179072419,-0.08658740322808972,-0.08658740322808972,0.0,0.15,-0.15,0.0,0.0,0.0
/multi_agv/path_reference,1789710623.4387271,1789710623.437829,world,s_curve,1,1.847360961462597e-05,0.0003344148125807467,0.004609372699757575,1.847360961462597e-05,0.0,0.0,0.17322355436650233,-0.08658406676882928,-0.08658406676882928,0.0,0.15,-0.15,0.0,0.0,0.0
/multi_agv/path_reference,1789710623.4483685,1789710623.4478016,world,s_curve,1,2.2308162561861457e-05,0.00038451713880235163,0.005024106692792638,2.2308162561861457e-05,0.0,0.0,0.17322738891944955,-0.08658023221588204,-0.08658023221588204,0.0,0.15,-0.15,0.0,0.0,0.0
/multi_agv/path_reference,1789710623.4583125,1789710623.4578035,world,s_curve,1,2.669916321428557e-05,0.00043901542306884326,0.0054487779022696055,2.669916321428557e-05,0.0,0.0,0.173231779920102,-0.08657584121522963,-0.08657584121522963,0.0,0.15,-0.15,0.0,0.0,0.0
/multi_agv/path_reference,1789710623.4684958,1789710623.4678671,world,s_curve,1,3.1712752063630465e-05,0.0004982083646986445,0.005882097542749045,3.1712752063630465e-05,0.0,0.0,0.17323679350895133,-0.08657082762638027,-0.08657082762638027,0.0,0.15,-0.15,0.0,0.0,0.0
/multi_agv/path_reference,1789710623.4787498,1789710623.4778874,world,s_curve,1,3.733888365117511e-05,0.0005615605135717739,0.006323361745720581,3.733888365117511e-05,0.0,0.0,0.17324241964053888,-0.08656520149479273,-0.08656520149479273,0.0,0.15,-0.15,0.0,0.0,0.0
/multi_agv/path_reference,1789710623.4884226,1789710623.4879396,world,s_curve,1,4.366824617238627e-05,0.000629622486014971,0.006770563093701256,4.366824617238627e-05,0.0,0.0,0.1732487490030601,-0.08655887213227152,-0.08655887213227152,0.0,0.15,-0.15,0.0,0.0,0.0
/multi_agv/path_reference,1789710623.4984014,1789710623.4978528,world,s_curve,1,5.061940167552857e-05,0.0007012126645537917,0.007221812233432985,5.061940167552857e-05,0.0,0.0,0.17325570015856323,-0.08655192097676838,-0.08655192097676838,0.0,0.15,-0.15,0.0,0.0,0.0
/multi_agv/path_reference,1789710623.5084407,1789710623.5078244,world,s_curve,1,5.837466682677915e-05,0.0007777315395860928,0.007673643818183422,5.837466682677915e-05,0.0,0.0,0.1732634554237145,-0.08654416571161713,-0.08654416571161713,0.0,0.15,-0.15,0.0,0.0,0.0
/multi_agv/path_reference,1789710623.5183635,1789710623.517854,world,s_curve,1,6.699363792875369e-05,0.0008593060446809273,0.008132927293814412,6.699363792875369e-05,0.0,0.0,0.17327207439481646,-0.08653554674051515,-0.08653554674051515,0.0,0.15,-0.15,0.0,0.0,0.0
/multi_agv/path_reference,1789710623.5284011,1789710623.5278208,world,s_curve,1,7.64131858780229e-05,0.0009449828981256752,0.008595227892734272,7.64131858780229e-05,0.0,0.0,0.17328149394276574,-0.08652612719256589,-0.08652612719256589,0.0,0.15,-0.15,0.0,0.0,0.0
/multi_agv/path_reference,1789710623.5383437,1789710623.537825,world,s_curve,1,8.677221234631149e-05,0.001035620854394379,0.009061330038966768,8.677221234631149e-05,0.0,0.0,0.17329185296923402,-0.0865157681660976,-0.0865157681660976,0.0,0.15,-0.15,0.0,0.0,0.0
/multi_agv/path_reference,1789710623.5483527,1789710623.5478978,world,s_curve,1,9.817238086502038e-05,0.0011316079860870746,0.009527912206454622,9.817238086502038e-05,0.0,0.0,0.17330325313775272,-0.0865043679975789,-0.0865043679975789,0.0,0.15,-0.15,0.0,0.0,0.0
/multi_agv/path_reference,1789710623.5584064,1789710623.5578856,world,s_curve,1,0.00011046927538774699,0.0012314374777723587,0.009997140108913016,0.00011046927538774699,0.0,0.0,0.17331555003227544,-0.08649207110305616,-0.08649207110305616,0.0,0.15,-0.15,0.0,0.0,0.0
/multi_agv/path_reference,1789710623.5686564,1789710623.5678918,world,s_curve,1,0.00012384100424097643,0.001336170490221179,0.01046545006424383,0.00012384100424097643,0.0,0.0,0.17332892176112868,-0.08647869937420292,-0.08647869937420292,0.0,0.15,-0.15,0.0,0.0,0.0
/multi_agv/path_reference,1789710623.5784683,1789710623.5778682,world,s_curve,1,0.00013825835651527958,0.001445264853254934,0.010936144555609217,0.00013825835651527958,0.0,0.0,0.173343339113403,-0.08646428202192863,-0.08646428202192863,0.0,0.15,-0.15,0.0,0.0,0.0
/multi_agv/path_reference,1789710623.588382,1789710623.5878844,world,s_curve,1,0.0001538782857235087,0.001559467519122443,0.011401802507769818,0.0001538782857235087,0.0,0.0,0.1733589590426112,-0.0864486620927204,-0.0864486620927204,0.0,0.15,-0.15,0.0,0.0,0.0
/multi_agv/path_reference,1789710623.5983944,1789710623.597864,world,s_curve,1,0.00017062237036789994,0.0016779097587326728,0.01186899098451035,0.00017062237036789994,0.0,0.0,0.17337570312725561,-0.08643191800807601,-0.08643191800807601,0.0,0.15,-0.15,0.0,0.0,0.0
/multi_agv/path_reference,1789710623.6084812,1789710623.6078265,world,s_curve,1,0.00018856353396698488,0.001800788822733366,0.012333606110791637,0.00018856353396698488,0.0,0.0,0.1733936442908547,-0.08641397684447692,-0.08641397684447692,0.0,0.15,-0.15,0.0,0.0,0.0
/multi_agv/path_reference,1789710623.6184084,1789710623.617819,world,s_curve,1,0.00020783584611929308,0.0019286894973597748,0.012799745350100089,0.00020783584611929308,0.0,0.0,0.173412916603007,-0.08639470453232462,-0.08639470453232462,0.0,0.15,-0.15,0.0,0.0,0.0
/multi_agv/path_reference,1789710623.6286647,1789710623.6278708,world,s_curve,1,0.00022856118936836169,0.002061969207083604,0.013260029234590725,0.00022856118936836169,0.0,0.0,0.17343364194625607,-0.08637397918907555,-0.08637397918907555,0.0,0.15,-0.15,0.0,0.0,0.0
/multi_agv/path_reference,1789710623.6388528,1789710623.637854,world,s_curve,1,0.0002505169279788505,0.0021989613610255434,0.013720351595827305,0.0002505169279788505,0.0,0.0,0.17345559768486654,-0.08635202345046505,-0.08635202345046505,0.0,0.15,-0.15,0.0,0.0,0.0
/multi_agv/path_reference,1789710623.6485126,1789710623.6479275,world,s_curve,1,0.0002741079870581267,0.0023417923346597765,0.01417827313664218,0.0002741079870581267,0.0,0.0,0.17347918874394583,-0.08632843239138578,-0.08632843239138578,0.0,0.15,-0.15,0.0,0.0,0.0
/multi_agv/path_reference,1789710623.6583855,1789710623.6578062,world,s_curve,1,0.0002986699623796584,0.0024863630836289884,0.014634628058376632,0.0002986699623796584,0.0,0.0,0.17350375071926735,-0.08630387041606424,-0.08630387041606424,0.0,0.15,-0.15,0.0,0.0,0.0
/multi_agv/path_reference,1789710623.6685255,1789710623.6679156,world,s_curve,1,0.00032534670100404833,0.00263881551211693,0.015080322929208058,0.00032534670100404833,0.0,0.0,0.17353042745789174,-0.08627719367743986,-0.08627719367743986,0.0,0.15,-0.15,0.0,0.0,0.0
/multi_agv/path_reference,1789710623.6783762,1789710623.6778338,world,s_curve,1,0.00035304689479202474,0.0027928171451535315,0.01552690946562806,0.00035304689479202474,0.0,0.0,0.17355812765167972,-0.08624949348365188,-0.08624949348365188,0.0,0.15,-0.15,0.0,0.0,0.0
/multi_agv/path_reference,1789710623.6883337,1789710623.6878145,world,s_curve,1,0.0003825121462143466,0.002952176789477966,0.015966530758928343,0.0003825121462143466,0.0,0.0,0.17358759290310205,-0.08622002823222956,-0.08622002823222956,0.0,0.15,-0.15,0.0,0.0,0.0
/multi_agv/path_reference,1789710623.698479,1789710623.6978426,world,s_curve,1,0.00041376048150226975,0.003116718528758985,0.01641144345278389,0.00041376048150226975,0.0,0.0,0.17361884123838997,-0.08618877989694164,-0.08618877989694164,0.0,0.15,-0.15,0.0,0.0,0.0
/multi_agv/path_reference,1789710623.708467,1789710623.7078543,world,s_curve,1,0.00044665207196409594,0.0032852988200690403,0.016838244194077485,0.00044665207196409594,0.0,0.0,0.1736517328288518,-0.08615588830647981,-0.08615588830647981,0.0,0.15,-0.15,0.0,0.0,0.0
/multi_agv/path_reference,1789710623.7184103,1789710623.717819,world,s_curve,1,0.0004811055620401685,0.0034573571002879744,0.017265795583112677,0.0004811055620401685,0.0,0.0,0.17368618631892788,-0.08612143481640373,-0.08612143481640373,0.0,0.15,-0.15,0.0,0.0,0.0
/multi_agv/path_reference,1789710623.7283916,1789710623.7278454,world,s_curve,1,0.0005175477252283437,0.0036347061102799698,0.017688618728296943,0.0005175477252283437,0.0,0.0,0.17372262848211606,-0.08608499265321556,-0.08608499265321556,0.0,0.15,-0.15,0.0,0.0,0.0
/multi_agv/path_reference,1789710623.738361,1789710623.7378006,world,s_curve,1,0.0005555332825911629,0.0038150478064444045,0.018112468004379607,0.0005555332825911629,0.0,0.0,0.17376061403947887,-0.08604700709585274,-0.08604700709585274,0.0,0.15,-0.15,0.0,0.0,0.0
/multi_agv/path_reference,1789710623.7484074,1789710623.7478988,world,s_curve,1,0.0005959472212946496,0.004002066364597047,0.018519864807771267,0.0005959472212946496,0.0,0.0,0.17380102797818237,-0.08600659315714926,-0.08600659315714926,0.0,0.15,-0.15,0.0,0.0,0.0
/multi_agv/path_reference,1789710623.7587163,1789710623.7578716,world,s_curve,1,0.0006377408176260296,0.004190829514436061,0.018928119353760643,0.0006377408176260296,0.0,0.0,0.17384282157451372,-0.08596479956081787,-0.08596479956081787,0.0,0.15,-0.15,0.0,0.0,0.0
/multi_agv/path_reference,1789710623.7685983,1789710623.7678647,world,s_curve,1,0.0006815409951685039,0.004383941381784129,0.019328485729534783,0.0006815409951685039,0.0,0.0,0.17388662175205621,-0.08592099938327541,-0.08592099938327541,0.0,0.15,-0.15,0.0,0.0,0.0
/multi_agv/path_reference,1789710623.7783315,1789710623.7778342,world,s_curve,1,0.0007272186573178038,0.004580702117710399,0.019731796185053527,0.0007272186573178038,0.0,0.0,0.17393229941420552,-0.08587532172112611,-0.08587532172112611,0.0,0.15,-0.15,0.0,0.0,0.0
/multi_agv/path_reference,1789710623.7884219,1789710623.7878482,world,s_curve,1,0.0007750995937787347,0.00478207922505175,0.020112415349350227,0.0007750995937787347,0.0,0.0,0.17398018035066642,-0.08582744078466517,-0.08582744078466517,0.0,0.15,-0.15,0.0,0.0,0.0
/multi_agv/path_reference,1789710623.7983153,1789710623.797853,world,s_curve,1,0.0008249935429365383,0.004987132253876773,0.020496003845557595,0.0008249935429365383,0.0,0.0,0.17403007429982423,-0.08577754683550737,-0.08577754683550737,0.0,0.15,-0.15,0.0,0.0,0.0
/multi_agv/path_reference,1789710623.8083766,1789710623.8078492,world,s_curve,1,0.0008769329967176975,0.005195789363761123,0.020873118858317816,0.0008769329967176975,0.0,0.0,0.1740820137536054,-0.08572560738172622,-0.08572560738172622,0.0,0.15,-0.15,0.0,0.0,0.0
/multi_agv/path_reference,1789710623.8183503,1789710623.8178086,world,s_curve,1,0.0009307970970815686,0.005407491140598735,0.02125303263147504,0.0009307970970815686,0.0,0.0,0.17413587785396928,-0.08567174328136234,-0.08567174328136234,0.0,0.15,-0.15,0.0,0.0,0.0
/multi_agv/path_reference,1789710623.8283355,1789710623.827834,world,s_curve,1,0.0009871791853898284,0.0056241114331077495,0.021607866971550534,0.0009871791853898284,0.0,0.0,0.17419225994227752,-0.08561536119305407,-0.08561536119305407,0.0,0.15,-0.15,0.0,0.0,0.0
/multi_agv/path_reference,1789710623.8383565,1789710623.8378313,world,s_curve,1,0.0010456008084246881,0.005843717316663931,0.021966433623605407,0.0010456008084246881,0.0,0.0,0.1742506815653124,-0.08555693957001922,-0.08555693957001922,0.0,0.15,-0.15,0.0,0.0,0.0
/multi_agv/path_reference,1789710623.8484156,1789710623.847834,world,s_curve,1,0.0011062881708854984,0.006066964085871541,0.02231815778687143,0.0011062881708854984,0.0,0.0,0.1743113689277732,-0.08549625220755841,-0.08549625220755841,0.0,0.15,-0.15,0.0,0.0,0.0
/multi_agv/path_reference,1789710623.8583846,1789710623.8578358,world,s_curve,1,0.0011692371004640018,0.006293756934723607,0.02267519201304823,0.0011692371004640018,0.0,0.0,0.1743743178573517,-0.0854333032779799,-0.0854333032779799,0.0,0.15,-0.15,0.0,0.0,0.0
/multi_agv/path_reference,1789710623.8684664,1789710623.867836,world,s_curve,1,0.0012344752783125328,0.006523784513552088,0.023002640569381245,0.0012344752783125328,0.0,0.0,0.17443955603520023,-0.08536806510013137,-0.08536806510013137,0.0,0.15,-0.15,0.0,0.0,0.0
/multi_agv/path_reference,1789710623.8783357,1789710623.8778312,world,s_curve,1,0.0013020137763078304,0.006757022221462739,0.02333472644513108,0.0013020137763078304,0.0,0.0,0.17450709453319554,-0.08530052660213608,-0.08530052660213608,0.0,0.15,-0.15,0.0,0.0,0.0
/multi_agv/path_reference,1789710623.8882685,1789710623.887835,world,s_curve,1,0.0013719761587444167,0.006993710716605648,0.023660298682347095,0.0013719761587444167,0.0,0.0,0.1745770569156321,-0.08523056421969949,-0.08523056421969949,0.0,0.15,-0.15,0.0,0.0,0.0
/multi_agv/path_reference,1789710623.898331,1789710623.8978171,world,s_curve,1,0.0014441681544999053,0.0072331465286854775,0.023989838414413593,0.0014441681544999053,0.0,0.0,0.1746492489113876,-0.085158372223944,-0.085158372223944,0.0,0.15,-0.15,0.0,0.0,0.0
/multi_agv/path_reference,1789710623.9083574,1789710623.9078512,world,s_curve,1,0.0015191944189678417,0.007476902910022007,0.02429206371763879,0.0015191944189678417,0.0,0.0,0.17472427517585554,-0.08508334595947606,-0.08508334595947606,0.0,0.15,-0.15,0.0,0.0,0.0
/multi_agv/path_reference,1789710623.918301,1789710623.9178462,world,s_curve,1,0.0015963860517969406,0.007722771361690079,0.024598337510091876,0.0015963860517969406,0.0,0.0,0.17480146680868464,-0.08500615432664696,-0.08500615432664696,0.0,0.15,-0.15,0.0,0.0,0.0
/multi_agv/path_reference,1789710623.9283917,1789710623.9278512,world,s_curve,1,0.0016761395284987228,0.007971855997251419,0.02489755842554359,0.0016761395284987228,0.0,0.0,0.1748812202853864,-0.08492640084994518,-0.08492640084994518,0.0,0.15,-0.15,0.0,0.0,0.0
/multi_agv/path_reference,1789710623.938365,1789710623.9378383,world,s_curve,1,0.001758280338337693,0.008223585804369722,0.025202109309770595,0.001758280338337693,0.0,0.0,0.1749633610952254,-0.08484426004010621,-0.08484426004010621,0.0,0.15,-0.15,0.0,0.0,0.0
/multi_agv/path_reference,1789710623.9483726,1789710623.9478571,world,s_curve,1,0.0018432196262424024,0.008478806838474521,0.025476665777066476,0.0018432196262424024,0.0,0.0,0.1750483003831301,-0.08475932075220151,-0.08475932075220151,0.0,0.15,-0.15,0.0,0.0,0.0
/multi_agv/path_reference,1789710623.9584775,1789710623.957853,world,s_curve,1,0.0019305470833103186,0.008736267296138692,0.025756428182617558,0.0019305470833103186,0.0,0.0,0.175135627840198,-0.08467199329513359,-0.08467199329513359,0.0,0.15,-0.15,0.0,0.0,0.0
/multi_agv/path_reference,1789710623.9685092,1789710623.9678438,world,s_curve,1,0.0020204348959745977,0.008996341792069948,0.026029324637550914,0.0020204348959745977,0.0,0.0,0.1752255156528623,-0.0845821054824693,-0.0845821054824693,0.0,0.15,-0.15,0.0,0.0,0.0
/multi_agv/path_reference,1789710623.9784827,1789710623.9778116,world,s_curve,1,0.002112722854111572,0.00925856766387738,0.026307180550521572,0.002112722854111572,0.0,0.0,0.17531780361099927,-0.08448981752433234,-0.08448981752433234,0.0,0.15,-0.15,0.0,0.0,0.0
/multi_agv/path_reference,1789710623.9888313,1789710623.9879127,world,s_curve,1,0.0022089492437501715,0.009526806907812891,0.026556784388034944,0.0022089492437501715,0.0,0.0,0.17541403000063788,-0.08439359113469373,-0.08439359113469373,0.0,0.15,-0.15,0.0,0.0,0.0
/multi_agv/path_reference,1789710623.9986308,1789710623.9978611,world,s_curve,1,0.0023063692491781386,0.009793508521514742,0.02681117204845674,0.0023063692491781386,0.0,0.0,0.17551145000606583,-0.08429617112926577,-0.08429617112926577,0.0,0.15,-0.15,0.0,0.0,0.0
/multi_agv/path_reference,1789710624.0088189,1789710624.007911,world,s_curve,1,0.002407533970417569,0.010065465378139338,0.027058566377342434,0.002407533970417569,0.0,0.0,0.17561261472730527,-0.08419500640802634,-0.08419500640802634,0.0,0.15,-0.15,0.0,0.0,0.0
/multi_agv/path_reference,1789710624.018466,1789710624.0179052,world,s_curve,1,0.0025108678692793646,0.010338490897588403,0.027316029673947625,0.0025108678692793646,0.0,0.0,0.17571594862616707,-0.08409167250916454,-0.08409167250916454,0.0,0.15,-0.15,0.0,0.0,0.0
/multi_agv/path_reference,1789710624.0285885,1789710624.0279474,world,s_curve,1,0.002617466244505975,0.010615013505132944,0.02753598455248425,0.002617466244505975,0.0,0.0,0.1758225470013937,-0.08398507413393794,-0.08398507413393794,0.0,0.15,-0.15,0.0,0.0,0.0
/multi_agv/path_reference,1789710624.0383723,1789710624.0378346,world,s_curve,1,0.0027251247175509247,0.010889499752079774,0.02776388920943398,0.0027251247175509247,0.0,0.0,0.17593020547443863,-0.08387741566089298,-0.08387741566089298,0.0,0.15,-0.15,0.0,0.0,0.0
/multi_agv/path_reference,1789710624.0484574,1789710624.0478754,world,s_curve,1,0.0028372673062584592,0.011170453935644826,0.027985672541633182,0.0028372673062584592,0.0,0.0,0.17604234806314617,-0.08376527307218545,-0.08376527307218545,0.0,0.15,-0.15,0.0,0.0,0.0
/multi_agv/path_reference,1789710624.0584037,1789710624.0578032,world,s_curve,1,0.0029509730969112732,0.011450631575690201,0.028215018016996177,0.0029509730969112732,0.0,0.0,0.17615605385379898,-0.08365156728153264,-0.08365156728153264,0.0,0.15,-0.15,0.0,0.0,0.0
/multi_agv/path_reference,1789710624.068509,1789710624.0678396,world,s_curve,1,0.0030687558670553896,0.011735785256732592,0.02841249498365176,0.0030687558670553896,0.0,0.0,0.17627383662394308,-0.08353378451138851,-0.08353378451138851,0.0,0.15,-0.15,0.0,0.0,0.0
/multi_agv/path_reference,1789710624.0784998,1789710624.0778546,world,s_curve,1,0.00318914591322246,0.012022358459184437,0.028617696183049476,0.00318914591322246,0.0,0.0,0.17639422667011015,-0.08341339446522145,-0.08341339446522145,0.0,0.15,-0.15,0.0,0.0,0.0
/multi_agv/path_reference,1789710624.0884745,1789710624.0879338,world,s_curve,1,0.003313266192880184,0.012312854082564391,0.02881745216949615,0.003313266192880184,0.0,0.0,0.1765183469497679,-0.08328927418556373,-0.08328927418556373,0.0,0.15,-0.15,0.0,0.0,0.0
/multi_agv/path_reference,1789710624.0984116,1789710624.0978394,world,s_curve,1,0.0034380794448086592,0.012600439669127713,0.02903301353992786,0.0034380794448086592,0.0,0.0,0.17664316020169638,-0.08316446093363525,-0.08316446093363525,0.0,0.15,-0.15,0.0,0.0,0.0
/multi_agv/path_reference,1789710624.1083999,1789710624.107839,world,s_curve,1,0.003567001835882055,0.012892409287142182,0.029197347206430028,0.003567001835882055,0.0,0.0,0.17677208259276975,-0.08303553854256185,-0.08303553854256185,0.0,0.15,-0.15,0.0,0.0,0.0
/multi_agv/path_reference,1789710624.1184485,1789710624.117855,world,s_curve,1,0.0036990594794425384,0.013186627921608492,0.029379228310506784,0.0036990594794425384,0.0,0.0,0.17690414023633025,-0.08290348089900137,-0.08290348089900137,0.0,0.15,-0.15,0.0,0.0,0.0
/multi_agv/path_reference,1789710624.1283734,1789710624.127863,world,s_curve,1,0.003833979089463206,0.01348239389535862,0.02955562470372297,0.003833979089463206,0.0,0.0,0.1770390598463509,-0.0827685612889807,-0.0827685612889807,0.0,0.15,-0.15,0.0,0.0,0.0
/multi_agv/path_reference,1789710624.1383543,1789710624.1378474,world,s_curve,1,0.00397156919522058,0.013779515873308452,0.029756478410505983,0.00397156919522058,0.0,0.0,0.17717664995210827,-0.08263097118322332,-0.08263097118322332,0.0,0.15,-0.15,0.0,0.0,0.0
/multi_agv/path_reference,1789710624.148318,1789710624.1478558,world,s_curve,1,0.004112478939741026,0.014078699234182352,0.029892273014548606,0.004112478939741026,0.0,0.0,0.17731755969662874,-0.08249006143870288,-0.08249006143870288,0.0,0.15,-0.15,0.0,0.0,0.0
/multi_agv/path_reference,1789710624.1582108,1789710624.1578467,world,s_curve,1,0.004256144424639101,0.014378963286709238,0.030052352453797147,0.004256144424639101,0.0,0.0,0.1774612251815268,-0.0823463959538048,-0.0823463959538048,0.0,0.15,-0.15,0.0,0.0,0.0
/multi_agv/path_reference,1789710624.1683772,1789710624.1678662,world,s_curve,1,0.00440322543635638,0.014681581830467551,0.030207290946195255,0.00440322543635638,0.0,0.0,0.17760830619324408,-0.08219931494208753,-0.08219931494208753,0.0,0.15,-0.15,0.0,0.0,0.0
/multi_agv/path_reference,1789710624.1783073,1789710624.1778173,world,s_curve,1,0.004552348297125772,0.01498397691448655,0.030384884883625583,0.004552348297125772,0.0,0.0,0.17775742905401348,-0.08205019208131814,-0.08205019208131814,0.0,0.15,-0.15,0.0,0.0,0.0
/multi_agv/path_reference,1789710624.1884763,1789710624.1878574,world,s_curve,1,0.00470587775439887,0.015290248065118788,0.03050204144228968,0.00470587775439887,0.0,0.0,0.17791095851128658,-0.08189666262404503,-0.08189666262404503,0.0,0.15,-0.15,0.0,0.0,0.0
/multi_agv/path_reference,1789710624.1983955,1789710624.1978633,world,s_curve,1,0.004861914914016271,0.015596805017436778,0.0306421177094419,0.004861914914016271,0.0,0.0,0.17806699567090398,-0.08174062546442763,-0.08174062546442763,0.0,0.15,-0.15,0.0,0.0,0.0
/multi_agv/path_reference,1789710624.2085042,1789710624.2078576,world,s_curve,1,0.005020868449165809,0.015904399937638324,0.03077699797660374,0.005020868449165809,0.0,0.0,0.1782259492060535,-0.0815816719292781,-0.0815816719292781,0.0,0.15,-0.15,0.0,0.0,0.0
/multi_agv/path_reference,1789710624.2184057,1789710624.2178197,world,s_curve,1,0.005182385052476874,0.016212624663629143,0.03093881181314284,0.005182385052476874,0.0,0.0,0.17838746580936457,-0.08142015532596704,-0.08142015532596704,0.0,0.15,-0.15,0.0,0.0,0.0
/multi_agv/path_reference,1789710624.2284944,1789710624.2278605,world,s_curve,1,0.005348299317270018,0.016524215883629376,0.031032898787495065,0.005348299317270018,0.0,0.0,0.17855338007415772,-0.08125424106117389,-0.08125424106117389,0.0,0.15,-0.15,0.0,0.0,0.0
/multi_agv/path_reference,1789710624.2384548,1789710624.2378232,world,s_curve,1,0.005516021313875626,0.016834598784415095,0.03115376462252166,0.005516021313875626,0.0,0.0,0.17872110207076333,-0.08108651906456828,-0.08108651906456828,0.0,0.15,-0.15,0.0,0.0,0.0
/multi_agv/path_reference,1789710624.2485054,1789710624.247856,world,s_curve,1,0.0056880592944801535,0.01714831126967746,0.031270067967314734,0.0056880592944801535,0.0,0.0,0.17889314005136786,-0.08091448108396375,-0.08091448108396375,0.0,0.15,-0.15,0.0,0.0,0.0
/multi_agv/path_reference,1789710624.2587194,1789710624.2578096,world,s_curve,1,0.005861891200450657,0.01746106870960209,0.03141586187802501,0.005861891200450657,0.0,0.0,0.17906697195733837,-0.08074064917799326,-0.08074064917799326,0.0,0.15,-0.15,0.0,0.0,0.0
/multi_agv/path_reference,1789710624.268865,1789710624.2678144,world,s_curve,1,0.006039727529499427,0.01777610117081091,0.03148990384862143,0.006039727529499427,0.0,0.0,0.17924480828638714,-0.08056281284894448,-0.08056281284894448,0.0,0.15,-0.15,0.0,0.0,0.0
/multi_agv/path_reference,1789710624.2787075,1789710624.2778091,world,s_curve,1,0.006220554613423207,0.01809187373561246,0.031593261626495145,0.006220554613423207,0.0,0.0,0.17942563537031092,-0.0803819857650207,-0.0803819857650207,0.0,0.15,-0.15,0.0,0.0,0.0
/multi_agv/path_reference,1789710624.2886388,1789710624.2878075,world,s_curve,1,0.006404615367900145,0.01840875208024628,0.03169244254452774,0.006404615367900145,0.0,0.0,0.17960969612478786,-0.08019792501054376,-0.08019792501054376,0.0,0.15,-0.15,0.0,0.0,0.0
/multi_agv/path_reference,1789710624.2986283,1789710624.2978086,world,s_curve,1,0.00659190722981494,0.01872701573035635,0.03182267676277045,0.00659190722981494,0.0,0.0,0.17979698798670266,-0.08001063314862897,-0.08001063314862897,0.0,0.15,-0.15,0.0,0.0,0.0
/multi_agv/path_reference,1789710624.308695,1789710624.3078136,world,s_curve,1,0.006782460621581755,0.01904596665648986,0.03187940475826931,0.006782460621581755,0.0,0.0,0.17998754137846945,-0.07982007975686214,-0.07982007975686214,0.0,0.15,-0.15,0.0,0.0,0.0
/multi_agv/path_reference,1789710624.3189967,1789710624.3179483,world,s_curve,1,0.006978754281608981,0.01936992140148681,0.03196729811527941,0.006978754281608981,0.0,0.0,0.1801838350384967,-0.07962378609683493,-0.07962378609683493,0.0,0.15,-0.15,0.0,0.0,0.0
/multi_agv/path_reference,1789710624.3287487,1789710624.3278716,world,s_curve,1,0.007174123027167579,0.019687971864732846,0.03205102512200489,0.007174123027167579,0.0,0.0,0.18037920378405528,-0.07942841735127633,-0.07942841735127633,0.0,0.15,-0.15,0.0,0.0,0.0
/multi_agv/path_reference,1789710624.3387072,1789710624.3378215,world,s_curve,1,0.007373185516988226,0.020007963465936397,0.03216266546276816,0.007373185516988226,0.0,0.0,0.18057826627387594,-0.07922935486145569,-0.07922935486145569,0.0,0.15,-0.15,0.0,0.0,0.0
/multi_agv/path_reference,1789710624.348558,1789710624.347843,world,s_curve,1,0.007576940326688326,0.02033074114105495,0.03220689302306855,0.007576940326688326,0.0,0.0,0.18078202108357602,-0.07902560005175559,-0.07902560005175559,0.0,0.15,-0.15,0.0,0.0,0.0
/multi_agv/path_reference,1789710624.3587456,1789710624.357813,world,s_curve,1,0.007782858616414019,0.020652586817728368,0.03227953081905857,0.007782858616414019,0.0,0.0,0.1809879393733017,-0.07881968176202989,-0.07881968176202989,0.0,0.15,-0.15,0.0,0.0,0.0
/multi_agv/path_reference,1789710624.368582,1789710624.367814,world,s_curve,1,0.007992640820414624,0.020976106008574837,0.03234865833988618,0.007992640820414624,0.0,0.0,0.18119772157730232,-0.07860989955802929,-0.07860989955802929,0.0,0.15,-0.15,0.0,0.0,0.0
/multi_agv/path_reference,1789710624.378852,1789710624.377814,world,s_curve,1,0.008205653191416347,0.02130061086221294,0.03244953134758882,0.008205653191416347,0.0,0.0,0.18141073394830404,-0.07839688718702756,-0.07839688718702756,0.0,0.15,-0.15,0.0,0.0,0.0
/multi_agv/path_reference,1789710624.3886976,1789710624.387906,world,s_curve,1,0.00842393117793163,0.021628384942359732,0.03247796121230172,0.00842393117793163,0.0,0.0,0.18162901193481934,-0.07817860920051228,-0.07817860920051228,0.0,0.15,-0.15,0.0,0.0,0.0
/multi_agv/path_reference,1789710624.3985765,1789710624.397855,world,s_curve,1,0.008642293397855376,0.02195204316732964,0.03253749356679861,0.008642293397855376,0.0,0.0,0.18184737415474309,-0.07796024698058854,-0.07796024698058854,0.0,0.15,-0.15,0.0,0.0,0.0
/multi_agv/path_reference,1789710624.40848,1789710624.4078052,world,s_curve,1,0.008863992247523503,0.022276419716464668,0.03259353021239042,0.008863992247523503,0.0,0.0,0.18206907300441122,-0.0777385481309204,-0.0777385481309204,0.0,0.15,-0.15,0.0,0.0,0.0
/multi_agv/path_reference,1789710624.4184659,1789710624.4178388,world,s_curve,1,0.009090793699180618,0.022604262655975357,0.03267460530107327,0.009090793699180618,0.0,0.0,0.18229587445606832,-0.07751174667926329,-0.07751174667926329,0.0,0.15,-0.15,0.0,0.0,0.0
/multi_agv/path_reference,1789710624.428662,1789710624.427887,world,s_curve,1,0.009321206199281368,0.022932787100205874,0.03269779692272599,0.009321206199281368,0.0,0.0,0.18252628695616907,-0.07728133417916254,-0.07728133417916254,0.0,0.15,-0.15,0.0,0.0,0.0
/multi_agv/path_reference,1789710624.4384096,1789710624.4378598,world,s_curve,1,0.009553152093328592,0.02325932942223628,0.03274537568171297,0.009553152093328592,0.0,0.0,0.1827582328502163,-0.07704938828511532,-0.07704938828511532,0.0,0.15,-0.15,0.0,0.0,0.0
/multi_agv/path_reference,1789710624.4482932,1789710624.4478447,world,s_curve,1,0.00978867100566479,0.023586745367248994,0.03279004835572675,0.00978867100566479,0.0,0.0,0.1829937517625525,-0.07681386937277912,-0.07681386937277912,0.0,0.15,-0.15,0.0,0.0,0.0
/multi_agv/path_reference,1789710624.4582982,1789710624.4578032,world,s_curve,1,0.010026842931989369,0.02391389804476105,0.032848102191658256,0.010026842931989369,0.0,0.0,0.18323192368887709,-0.07657569744645454,-0.07657569744645454,0.0,0.15,-0.15,0.0,0.0,0.0
/multi_agv/path_reference,1789710624.4685235,1789710624.4678404,world,s_curve,1,0.01027018458514442,0.024243840040665723,0.03287172938828556,0.01027018458514442,0.0,0.0,0.18347526534203212,-0.07633235579329949,-0.07633235579329949,0.0,0.15,-0.15,0.0,0.0,0.0
/multi_agv/path_reference,1789710624.4783385,1789710624.4778295,world,s_curve,1,0.010515606499420098,0.024572521290596738,0.03290874425613677,0.010515606499420098,0.0,0.0,0.1837206872563078,-0.07608693387902381,-0.07608693387902381,0.0,0.15,-0.15,0.0,0.0,0.0
/multi_agv/path_reference,1789710624.4883363,1789710624.4878616,world,s_curve,1,0.010765441655865609,0.02490301912552979,0.03294329757821341,0.010765441655865609,0.0,0.0,0.1839705224127533,-0.0758370987225783,-0.0758370987225783,0.0,0.15,-0.15,0.0,0.0,0.0
/multi_agv/path_reference,1789710624.4983144,1789710624.4978046,world,s_curve,1,0.01101635140508602,0.025231177003295156,0.03299915417654947,0.01101635140508602,0.0,0.0,0.18422143216197373,-0.07558618897335789,-0.07558618897335789,0.0,0.15,-0.15,0.0,0.0,0.0
/multi_agv/path_reference,1789710624.508519,1789710624.5078776,world,s_curve,1,0.011273786723541714,0.025563556737073383,0.03300560402381378,0.011273786723541714,0.0,0.0,0.1844788674804294,-0.07532875365490219,-0.07532875365490219,0.0,0.15,-0.15,0.0,0.0,0.0
/multi_agv/path_reference,1789710624.5189686,1789710624.5178921,world,s_curve,1,0.011533134103879152,0.02589440490865808,0.03303336439009559,0.011533134103879152,0.0,0.0,0.18473821486076686,-0.07506940627456475,-0.07506940627456475,0.0,0.15,-0.15,0.0,0.0,0.0
/multi_agv/path_reference,1789710624.5284934,1789710624.5278802,world,s_curve,1,0.011795047293297384,0.026224574324524186,0.03305886353145494,0.011795047293297384,0.0,0.0,0.1850001280501851,-0.07480749308514652,-0.07480749308514652,0.0,0.15,-0.15,0.0,0.0,0.0
/multi_agv/path_reference,1789710624.5384228,1789710624.5378335,world,s_curve,1,0.01205940301703864,0.0265542539567599,0.033115971747700625,0.01205940301703864,0.0,0.0,0.18526448377392635,-0.07454313736140526,-0.07454313736140526,0.0,0.15,-0.15,0.0,0.0,0.0
/multi_agv/path_reference,1789710624.5483727,1789710624.5478659,world,s_curve,1,0.01232909199898293,0.02688631151135956,0.03310406968910179,0.01232909199898293,0.0,0.0,0.18553417275587064,-0.07427344837946098,-0.07427344837946098,0.0,0.15,-0.15,0.0,0.0,0.0
/multi_agv/path_reference,1789710624.5583289,1789710624.5578315,world,s_curve,1,0.012600372750763816,0.02721647155605561,0.033123586566414245,0.012600372750763816,0.0,0.0,0.1858054535076515,-0.0740021676276801,-0.0740021676276801,0.0,0.15,-0.15,0.0,0.0,0.0
/multi_agv/path_reference,1789710624.5684621,1789710624.5678155,world,s_curve,1,0.01287538977592602,0.027547334676111417,0.03314121042064242,0.01287538977592602,0.0,0.0,0.18608047053281374,-0.07372715060251789,-0.07372715060251789,0.0,0.15,-0.15,0.0,0.0,0.0
/multi_agv/path_reference,1789710624.578329,1789710624.577804,world,s_curve,1,0.013153868264254699,0.027878869651128617,0.03319042849150252,0.013153868264254699,0.0,0.0,0.1863589490211424,-0.0734486721141892,-0.0734486721141892,0.0,0.15,-0.15,0.0,0.0,0.0
/multi_agv/path_reference,1789710624.5885506,1789710624.5878108,world,s_curve,1,0.013436165331514987,0.028210808305544992,0.03317164375748442,0.013436165331514987,0.0,0.0,0.18664124608840268,-0.07316637504692892,-0.07316637504692892,0.0,0.15,-0.15,0.0,0.0,0.0
/multi_agv/path_reference,1789710624.5986254,1789710624.5978596,world,s_curve,1,0.013722999314264912,0.02854426780485811,0.033184203486676875,0.013722999314264912,0.0,0.0,0.1869280800711526,-0.07287954106417899,-0.07287954106417899,0.0,0.15,-0.15,0.0,0.0,0.0
/multi_agv/path_reference,1789710624.6085916,1789710624.607818,world,s_curve,1,0.014010531201305937,0.028874821000083234,0.03319515077563981,0.014010531201305937,0.0,0.0,0.18721561195819364,-0.07259200917713797,-0.07259200917713797,0.0,0.15,-0.15,0.0,0.0,0.0
/multi_agv/path_reference,1789710624.6184328,1789710624.6178408,world,s_curve,1,0.014303289570771899,0.029207922684769596,0.03323289534039072,0.014303289570771899,0.0,0.0,0.1875083703276596,-0.07229925080767201,-0.07229925080767201,0.0,0.15,-0.15,0.0,0.0,0.0
/multi_agv/path_reference,1789710624.6283948,1789710624.6278079,world,s_curve,1,0.014597713628059825,0.02953896565361775,0.03321286642386844,0.014597713628059825,0.0,0.0,0.1878027943849475,-0.07200482675038408,-0.07200482675038408,0.0,0.15,-0.15,0.0,0.0,0.0
/multi_agv/path_reference,1789710624.638454,1789710624.63787,world,s_curve,1,0.014898282168236451,0.029873202530466124,0.03321946438364599,0.014898282168236451,0.0,0.0,0.18810336292512414,-0.07170425821020746,-0.07170425821020746,0.0,0.15,-0.15,0.0,0.0,0.0
/multi_agv/path_reference,1789710624.6483572,1789710624.6478398,world,s_curve,1,0.015199416138413479,0.0302044483271851,0.033224735637476806,0.015199416138413479,0.0,0.0,0.18840449689530117,-0.07140312424003042,-0.07140312424003042,0.0,0.15,-0.15,0.0,0.0,0.0
/multi_agv/path_reference,1789710624.6583154,1789710624.657804,world,s_curve,1,0.015503699608542532,0.03053571363561943,0.03324341802555273,0.015503699608542532,0.0,0.0,0.18870878036543023,-0.07109884076990138,-0.07109884076990138,0.0,0.15,-0.15,0.0,0.0,0.0
/multi_agv/path_reference,1789710624.6684752,1789710624.6678715,world,s_curve,1,0.015814465929357053,0.030870252098075614,0.03323167917764411,0.015814465929357053,0.0,0.0,0.18901954668624477,-0.07078807444908686,-0.07078807444908686,0.0,0.15,-0.15,0.0,0.0,0.0
/multi_agv/path_reference,1789710624.6783516,1789710624.677834,world,s_curve,1,0.016125335947116622,0.031201367267539387,0.033233330395609335,0.016125335947116622,0.0,0.0,0.18933041670400433,-0.07047720443132728,-0.07047720443132728,0.0,0.15,-0.15,0.0,0.0,0.0
/multi_agv/path_reference,1789710624.6884415,1789710624.6878746,world,s_curve,1,0.016441950539974434,0.031535038470058514,0.0332338889146428,0.016441950539974434,0.0,0.0,0.18964703129686214,-0.07016058983846947,-0.07016058983846947,0.0,0.15,-0.15,0.0,0.0,0.0
/multi_agv/path_reference,1789710624.698383,1789710624.6978712,world,s_curve,1,0.016760489331508546,0.0318674674415284,0.033257077965032925,0.016760489331508546,0.0,0.0,0.18996557008839626,-0.06984205104693536,-0.06984205104693536,0.0,0.15,-0.15,0.0,0.0,0.0
/multi_agv/path_reference,1789710624.7084775,1789710624.7078245,world,s_curve,1,0.01708093126036365,0.03219820009639159,0.03323221851067759,0.01708093126036365,0.0,0.0,0.19028601201725134,-0.06952160911808025,-0.06952160911808025,0.0,0.15,-0.15,0.0,0.0,0.0
/multi_agv/path_reference,1789710624.7184327,1789710624.7178488,world,s_curve,1,0.01740710765997052,0.032531379754130764,0.03322985349439143,0.01740710765997052,0.0,0.0,0.19061218841685823,-0.06919543271847339,-0.06919543271847339,0.0,0.15,-0.15,0.0,0.0,0.0
/multi_agv/path_reference,1789710624.7283351,1789710624.7278528,world,s_curve,1,0.017735765165209225,0.0328636669673848,0.03322661475802764,0.017735765165209225,0.0,0.0,0.19094084592209692,-0.06886677521323468,-0.06886677521323468,0.0,0.15,-0.15,0.0,0.0,0.0
/multi_agv/path_reference,1789710624.7383773,1789710624.7378044,world,s_curve,1,0.018066211367078193,0.03319453333835932,0.03323674086655363,0.018066211367078193,0.0,0.0,0.1912712921239659,-0.06853632901136572,-0.06853632901136572,0.0,0.15,-0.15,0.0,0.0,0.0
/multi_agv/path_reference,1789710624.7483802,1789710624.7478034,world,s_curve,1,0.018401437455075255,0.033526672232380816,0.03321791541349795,0.018401437455075255,0.0,0.0,0.19160651821196295,-0.06820110292336864,-0.06820110292336864,0.0,0.15,-0.15,0.0,0.0,0.0
/multi_agv/path_reference,1789710624.7583237,1789710624.757801,world,s_curve,1,0.018739961377124723,0.03385873394581489,0.033212392024433206,0.018739961377124723,0.0,0.0,0.19194504213401242,-0.06786257900131919,-0.06786257900131919,0.0,0.15,-0.15,0.0,0.0,0.0
/multi_agv/path_reference,1789710624.7684476,1789710624.7678072,world,s_curve,1,0.019082069397848112,0.03419098839456427,0.03320620188094819,0.019082069397848112,0.0,0.0,0.19228715015473583,-0.0675204709805958,-0.0675204709805958,0.0,0.15,-0.15,0.0,0.0,0.0
/multi_agv/path_reference,1789710624.778347,1789710624.7778587,world,s_curve,1,0.01942905512922307,0.034524850992273044,0.033219107863927844,0.01942905512922307,0.0,0.0,0.19263413588611078,-0.06717348524922084,-0.06717348524922084,0.0,0.15,-0.15,0.0,0.0,0.0
/multi_agv/path_reference,1789710624.7885208,1789710624.787886,world,s_curve,1,0.019778631566352588,0.03485772404697099,0.033192160142745314,0.019778631566352588,0.0,0.0,0.1929837123232403,-0.06682390881209133,-0.06682390881209133,0.0,0.15,-0.15,0.0,0.0,0.0
/multi_agv/path_reference,1789710624.7984188,1789710624.7978377,world,s_curve,1,0.020128807755307964,0.03518796029251765,0.0331842662692492,0.020128807755307964,0.0,0.0,0.19333388851219566,-0.06647373262313594,-0.06647373262313594,0.0,0.15,-0.15,0.0,0.0,0.0
/multi_agv/path_reference,1789710624.8083484,1789710624.807805,world,s_curve,1,0.02048284472363598,0.03551864582628942,0.03317592060904375,0.02048284472363598,0.0,0.0,0.1936879254805237,-0.06611969565480792,-0.06611969565480792,0.0,0.15,-0.15,0.0,0.0,0.0
/multi_agv/path_reference,1789710624.8183508,1789710624.8178403,world,s_curve,1,0.020842620937554717,0.03585139937011135,0.03315861285391821,0.020842620937554717,0.0,0.0,0.1940477016944424,-0.06575991944088919,-0.06575991944088919,0.0,0.15,-0.15,0.0,0.0,0.0
/multi_agv/path_reference,1789710624.8283606,1789710624.8278525,world,s_curve,1,0.02120484317347509,0.036183333744928166,0.03315779947880173,0.02120484317347509,0.0,0.0,0.1944099239303628,-0.06539769720496882,-0.06539769720496882,0.0,0.15,-0.15,0.0,0.0,0.0
/multi_agv/path_reference,1789710624.8384025,1789710624.837874,world,s_curve,1,0.02157074400680455,0.03651549313511885,0.033148227135498705,0.02157074400680455,0.0,0.0,0.19477582476369226,-0.06503179637163936,-0.06503179637163936,0.0,0.15,-0.15,0.0,0.0,0.0
/multi_agv/path_reference,1789710624.848377,1789710624.8478742,world,s_curve,1,0.02193925218203759,0.03684691175065852,0.03313834888898455,0.02193925218203759,0.0,0.0,0.1951443329389253,-0.06466328819640632,-0.06466328819640632,0.0,0.15,-0.15,0.0,0.0,0.0
/multi_agv/path_reference,1789710624.8582973,1789710624.857807,world,s_curve,1,0.022308572013869463,0.03717583060890032,0.03310905806877063,0.022308572013869463,0.0,0.0,0.19551365277075716,-0.06429396836457445,-0.06429396836457445,0.0,0.15,-0.15,0.0,0.0,0.0
/multi_agv/path_reference,1789710624.8684242,1789710624.867865,world,s_curve,1,0.022685830345985973,0.03750892286163428,0.03311770887474413,0.022685830345985973,0.0,0.0,0.19589091110287368,-0.06391671003245794,-0.06391671003245794,0.0,0.15,-0.15,0.0,0.0,0.0
/multi_agv/path_reference,1789710624.8785071,1789710624.8778822,world,s_curve,1,0.023064815417290375,0.03784050142580441,0.033107106533408266,0.023064815417290375,0.0,0.0,0.1962698961741781,-0.06353772496115354,-0.06353772496115354,0.0,0.15,-0.15,0.0,0.0,0.0
/multi_agv/path_reference,1789710624.8883488,1789710624.887824,world,s_curve,1,0.023444332461418846,0.0381695763546795,0.033096407179690326,0.023444332461418846,0.0,0.0,0.19664941321830653,-0.06315820791702506,-0.06315820791702506,0.0,0.15,-0.15,0.0,0.0,0.0
/multi_agv/path_reference,1789710624.898318,1789710624.8978522,world,s_curve,1,0.02383039725903052,0.03850132878213027,0.033084884616700706,0.02383039725903052,0.0,0.0,0.19703547801591823,-0.06277214311941338,-0.06277214311941338,0.0,0.15,-0.15,0.0,0.0,0.0
/multi_agv/path_reference,1789710624.9083786,1789710624.9078968,world,s_curve,1,0.024220536094646545,0.03883361017644155,0.03307460052059148,0.024220536094646545,0.0,0.0,0.19742561685153426,-0.062382004283797365,-0.062382004283797365,0.0,0.15,-0.15,0.0,0.0,0.0
/multi_agv/path_reference,1789710624.9184682,1789710624.9178598,world,s_curve,1,0.02461071677844654,0.03916302247508669,0.03306360819753529,0.02461071677844654,0.0,0.0,0.19781579753533424,-0.061991823599997366,-0.061991823599997366,0.0,0.15,-0.15,0.0,0.0,0.0
/multi_agv/path_reference,1789710624.9282804,1789710624.9278233,world,s_curve,1,0.02500415325616352,0.03949230470506849,0.03305263974470679,0.02500415325616352,0.0,0.0,0.1982092340130512,-0.061598387122280385,-0.061598387122280385,0.0,0.15,-0.15,0.0,0.0,0.0
/multi_agv/path_reference,1789710624.9383373,1789710624.9378202,world,s_curve,1,0.025402267558717904,0.03982242522704392,0.03302116934239857,0.025402267558717904,0.0,0.0,0.19860734831560561,-0.061200272819726,-0.061200272819726,0.0,0.15,-0.15,0.0,0.0,0.0
/multi_agv/path_reference,1789710624.9483929,1789710624.9478812,world,s_curve,1,0.025806216998110927,0.040154706362079295,0.03303049863629631,0.025806216998110927,0.0,0.0,0.19901129775499862,-0.06079632338033298,-0.06079632338033298,0.0,0.15,-0.15,0.0,0.0,0.0
/multi_agv/path_reference,1789710624.9583232,1789710624.9578576,world,s_curve,1,0.026210130229095532,0.040484145146452204,0.03301958574348348,0.026210130229095532,0.0,0.0,0.19941521098598325,-0.060392410149348374,-0.060392410149348374,0.0,0.15,-0.15,0.0,0.0,0.0
/multi_agv/path_reference,1789710624.9683864,1789710624.9678848,world,s_curve,1,0.0266193643883126,0.040815108948600624,0.03300878809475383,0.0266193643883126,0.0,0.0,0.1998244451452003,-0.05998317599013131,-0.05998317599013131,0.0,0.15,-0.15,0.0,0.0,0.0
/multi_agv/path_reference,1789710624.978254,1789710624.977804,world,s_curve,1,0.027027546889061154,0.0411423281940397,0.03298172156467247,0.027027546889061154,0.0,0.0,0.20023262764594885,-0.05957499348938275,-0.05957499348938275,0.0,0.15,-0.15,0.0,0.0,0.0
/multi_agv/path_reference,1789710624.9883652,1789710624.987871,world,s_curve,1,0.027445030886400937,0.04147438263534486,0.03298749902321923,0.027445030886400937,0.0,0.0,0.20065011164328864,-0.05915750949204297,-0.05915750949204297,0.0,0.15,-0.15,0.0,0.0,0.0
/multi_agv/path_reference,1789710624.9983633,1789710624.997873,world,s_curve,1,0.027863161369463495,0.04180422343468867,0.03297711846467323,0.027863161369463495,0.0,0.0,0.2010682421263512,-0.05873937900898041,-0.05873937900898041,0.0,0.15,-0.15,0.0,0.0,0.0
/multi_agv/path_reference,1789710625.0084631,1789710625.0078893,world,s_curve,1,0.028285164735749827,0.042134408918997765,0.032966965020741694,0.028285164735749827,0.0,0.0,0.20149024549263753,-0.05831737564269408,-0.05831737564269408,0.0,0.15,-0.15,0.0,0.0,0.0
/multi_agv/path_reference,1789710625.0183113,1789710625.0178037,world,s_curve,1,0.028706209672879644,0.042461347368536316,0.032970939322105944,0.028706209672879644,0.0,0.0,0.20191129042976735,-0.05789633070556426,-0.05789633070556426,0.0,0.15,-0.15,0.0,0.0,0.0
/multi_agv/path_reference,1789710625.028422,1789710625.027939,world,s_curve,1,0.02913989802980638,0.042795238275495764,0.032947485661379665,0.02913989802980638,0.0,0.0,0.20234497878669408,-0.05746264234863753,-0.05746264234863753,0.0,0.15,-0.15,0.0,0.0,0.0
/multi_agv/path_reference,1789710625.0383759,1789710625.0378742,world,s_curve,1,0.029568325321048812,0.04312248191340825,0.03293804607133162,0.029568325321048812,0.0,0.0,0.2027734060779365,-0.057034215057395095,-0.057034215057395095,0.0,0.15,-0.15,0.0,0.0,0.0
/multi_agv/path_reference,1789710625.0483475,1789710625.047825,world,s_curve,1,0.03000070568137965,0.0434501640791346,0.03292897914170291,0.03000070568137965,0.0,0.0,0.20320578643826737,-0.05660183469706426,-0.05660183469706426,0.0,0.15,-0.15,0.0,0.0,0.0
/multi_agv/path_reference,1789710625.0583835,1789710625.0578055,world,s_curve,1,0.030437680450091258,0.043779085464374895,0.032953567268775116,0.030437680450091258,0.0,0.0,0.20364276120697897,-0.05616485992835265,-0.05616485992835265,0.0,0.15,-0.15,0.0,0.0,0.0
/multi_agv/path_reference,1789710625.068498,1789710625.0678399,world,s_curve,1,0.03088028851661712,0.044109335195524596,0.032911953466765224,0.03088028851661712,0.0,0.0,0.20408536927350482,-0.05572225186182679,-0.05572225186182679,0.0,0.15,-0.15,0.0,0.0,0.0
/multi_agv/path_reference,1789710625.0785851,1789710625.0778415,world,s_curve,1,0.03132474324938105,0.044438425342133894,0.032903796118865375,0.03132474324938105,0.0,0.0,0.20452982400626876,-0.055277797129062854,-0.055277797129062854,0.0,0.15,-0.15,0.0,0.0,0.0
/multi_agv/path_reference,1789710625.088346,1789710625.0878265,world,s_curve,1,0.03177168280971142,0.0447668498947201,0.03289601984773874,0.03177168280971142,0.0,0.0,0.2049767635665991,-0.05483085756873249,-0.05483085756873249,0.0,0.15,-0.15,0.0,0.0,0.0
/multi_agv/path_reference,1789710625.0983894,1789710625.097844,world,s_curve,1,0.03222346624004545,0.04509660993755236,0.03291634669647301,0.03222346624004545,0.0,0.0,0.20542854699693314,-0.05437907413839846,-0.05437907413839846,0.0,0.15,-0.15,0.0,0.0,0.0
/multi_agv/path_reference,1789710625.1084402,1789710625.1078255,world,s_curve,1,0.03267684113511666,0.04542479596496576,0.032881801563945816,0.03267684113511666,0.0,0.0,0.20588192189200435,-0.05392569924332725,-0.05392569924332725,0.0,0.15,-0.15,0.0,0.0,0.0
/multi_agv/path_reference,1789710625.1186135,1789710625.1178603,world,s_curve,1,0.033135961929563466,0.04575467877422968,0.03287518699560874,0.033135961929563466,0.0,0.0,0.20634104268645118,-0.05346657844888044,-0.05346657844888044,0.0,0.15,-0.15,0.0,0.0,0.0
/multi_agv/path_reference,1789710625.1285136,1789710625.1278086,world,s_curve,1,0.03359446781033055,0.046081720160517606,0.03286899967043956,0.03359446781033055,0.0,0.0,0.20679954856721824,-0.05300807256811336,-0.05300807256811336,0.0,0.15,-0.15,0.0,0.0,0.0
/multi_agv/path_reference,1789710625.1384785,1789710625.137804,world,s_curve,1,0.0340583751206968,0.046410260474233016,0.03286786216794127,0.0340583751206968,0.0,0.0,0.2072634558775845,-0.052544165257747105,-0.052544165257747105,0.0,0.15,-0.15,0.0,0.0,0.0
/multi_agv/path_reference,1789710625.1485827,1789710625.147854,world,s_curve,1,0.034528050133383746,0.04674043622949189,0.03285795159702876,0.034528050133383746,0.0,0.0,0.20773313089027146,-0.05207449024506016,-0.05207449024506016,0.0,0.15,-0.15,0.0,0.0,0.0
/multi_agv/path_reference,1789710625.1583333,1789710625.1578054,world,s_curve,1,0.03499649721725897,0.04706741255677616,0.032853080363475395,0.03499649721725897,0.0,0.0,0.20820157797414668,-0.05160604316118494,-0.05160604316118494,0.0,0.15,-0.15,0.0,0.0,0.0
/multi_agv/path_reference,1789710625.1685402,1789710625.167933,world,s_curve,1,0.03547654422668917,0.04740008910642355,0.032848653959162616,0.03547654422668917,0.0,0.0,0.20868162498357687,-0.051125996151754734,-0.051125996151754734,0.0,0.15,-0.15,0.0,0.0,0.0
/multi_agv/path_reference,1789710625.1783295,1789710625.1778152,world,s_curve,1,0.03594811008954305,0.04772477357721123,0.03285965773391901,0.03594811008954305,0.0,0.0,0.20915319084643075,-0.050654430288900855,-0.050654430288900855,0.0,0.15,-0.15,0.0,0.0,0.0
/multi_agv/path_reference,1789710625.1883202,1789710625.1878512,world,s_curve,1,0.036430386209414356,0.048054371173612484,0.03284136324150362,0.036430386209414356,0.0,0.0,0.20963546696630206,-0.05017215416902955,-0.05017215416902955,0.0,0.15,-0.15,0.0,0.0,0.0
/multi_agv/path_reference,1789710625.1985512,1789710625.1979334,world,s_curve,1,0.0369182827792992,0.04838549776420948,0.0328383634932766,0.0369182827792992,0.0,0.0,0.2101233635361869,-0.04968425759914471,-0.04968425759914471,0.0,0.15,-0.15,0.0,0.0,0.0
/multi_agv/path_reference,1789710625.2084892,1789710625.207871,world,s_curve,1,0.037402248842174364,0.04871173222563081,0.03283586793900434,0.037402248842174364,0.0,0.0,0.21060732959906206,-0.04920029153626954,-0.04920029153626954,0.0,0.15,-0.15,0.0,0.0,0.0
/multi_agv/path_reference,1789710625.2189596,1789710625.2178345,world,s_curve,1,0.03789087614053549,0.04903945823570266,0.03289113407616835,0.03789087614053549,0.0,0.0,0.2110959568974232,-0.04871166423790842,-0.04871166423790842,0.0,0.15,-0.15,0.0,0.0,0.0
/multi_agv/path_reference,1789710625.2287776,1789710625.2278821,world,s_curve,1,0.038386976364060625,0.04936938609082983,0.032832752112370994,0.038386976364060625,0.0,0.0,0.21159205712094833,-0.04821556401438328,-0.04821556401438328,0.0,0.15,-0.15,0.0,0.0,0.0
/multi_agv/path_reference,1789710625.2387457,1789710625.237818,world,s_curve,1,0.03888075141840967,0.04969560201383523,0.03283174501722063,0.03888075141840967,0.0,0.0,0.21208583217529736,-0.047721788960034234,-0.047721788960034234,0.0,0.15,-0.15,0.0,0.0,0.0
/multi_agv/path_reference,1789710625.248814,1789710625.2478263,world,s_curve,1,0.03938134851810222,0.05002414780258153,0.032831239146720294,0.03938134851810222,0.0,0.0,0.2125864292749899,-0.04722119186034169,-0.04722119186034169,0.0,0.15,-0.15,0.0,0.0,0.0
/multi_agv/path_reference,1789710625.2585368,1789710625.2578378,world,s_curve,1,0.03988550759422087,0.050353373756996396,0.032881759584259214,0.03988550759422087,0.0,0.0,0.21309058835110856,-0.04671703278422304,-0.04671703278422304,0.0,0.15,-0.15,0.0,0.0,0.0
/multi_agv/path_reference,1789710625.2684298,1789710625.2678077,world,s_curve,1,0.04039083548113061,0.05068073589519929,0.032832057161555135,0.04039083548113061,0.0,0.0,0.21359591623801832,-0.0462117048973133,-0.0462117048973133,0.0,0.15,-0.15,0.0,0.0,0.0
/multi_agv/path_reference,1789710625.2785926,1789710625.2778537,world,s_curve,1,0.04090320230486677,0.05101052212273277,0.03283305412458162,0.04090320230486677,0.0,0.0,0.21410828306175447,-0.045699338073577137,-0.045699338073577137,0.0,0.15,-0.15,0.0,0.0,0.0
/multi_agv/path_reference,1789710625.288676,1789710625.28787,world,s_curve,1,0.04141744809796173,0.05133941235833521,0.032834554318085594,0.04141744809796173,0.0,0.0,0.21462252885484945,-0.045185092280482175,-0.045185092280482175,0.0,0.15,-0.15,0.0,0.0,0.0
/multi_agv/path_reference,1789710625.2987752,1789710625.2978618,world,s_curve,1,0.0419336825862651,0.05166782632636854,0.032869628527275443,0.0419336825862651,0.0,0.0,0.2151387633431528,-0.04466885779217881,-0.04466885779217881,0.0,0.15,-0.15,0.0,0.0,0.0
/multi_agv/path_reference,1789710625.3084338,1789710625.3078234,world,s_curve,1,0.042451641782886684,0.051994961574561904,0.03283923670135254,0.042451641782886684,0.0,0.0,0.2156567225397744,-0.04415089859555722,-0.04415089859555722,0.0,0.15,-0.15,0.0,0.0,0.0
/multi_agv/path_reference,1789710625.3185334,1789710625.317866,world,s_curve,1,0.04297714755354456,0.05232480078288903,0.03284220998086604,0.04297714755354456,0.0,0.0,0.21618222831043227,-0.04362539282489935,-0.04362539282489935,0.0,0.15,-0.15,0.0,0.0,0.0
/multi_agv/path_reference,1789710625.3286638,1789710625.3278708,world,s_curve,1,0.04350388289019778,0.052653383215565466,0.03284567322849918,0.04350388289019778,0.0,0.0,0.21670896364708547,-0.04309865748824613,-0.04309865748824613,0.0,0.15,-0.15,0.0,0.0,0.0
/multi_agv/path_reference,1789710625.338614,1789710625.337827,world,s_curve,1,0.04403136441928106,0.052980685135387263,0.03287447806641321,0.04403136441928106,0.0,0.0,0.21723644517616875,-0.04257117595916285,-0.04257117595916285,0.0,0.15,-0.15,0.0,0.0,0.0
/multi_agv/path_reference,1789710625.3487315,1789710625.3478675,world,s_curve,1,0.044566649774286336,0.05331056990441653,0.03285414942757704,0.044566649774286336,0.0,0.0,0.21777173053117405,-0.04203589060415757,-0.04203589060415757,0.0,0.15,-0.15,0.0,0.0,0.0
/multi_agv/path_reference,1789710625.358549,1789710625.3578227,world,s_curve,1,0.045100643651880004,0.05363770006073649,0.03285900820545271,0.045100643651880004,0.0,0.0,0.21830572440876772,-0.0415018967265639,-0.0415018967265639,0.0,0.15,-0.15,0.0,0.0,0.0
/multi_agv/path_reference,1789710625.3686633,1789710625.3678765,world,s_curve,1,0.04564318318234481,0.05396808410497654,0.03286432210978965,0.04564318318234481,0.0,0.0,0.2188482639392325,-0.0409593571960991,-0.0409593571960991,0.0,0.15,-0.15,0.0,0.0,0.0
/multi_agv/path_reference,1789710625.378604,1789710625.377822,world,s_curve,1,0.04618323376458528,0.05429540834973829,0.03290840546524086,0.04618323376458528,0.0,0.0,0.21938831452147298,-0.040419306613858626,-0.040419306613858626,0.0,0.15,-0.15,0.0,0.0,0.0
/multi_agv/path_reference,1789710625.3885794,1789710625.387861,world,s_curve,1,0.046731596014365176,0.054625441785770994,0.03287648311786344,0.046731596014365176,0.0,0.0,0.2199366767712529,-0.03987094436407873,-0.03987094436407873,0.0,0.15,-0.15,0.0,0.0,0.0
/multi_agv/path_reference,1789710625.3985832,1789710625.3978229,world,s_curve,1,0.04727904090472157,0.05495302477405184,0.03288308355355361,0.04727904090472157,0.0,0.0,0.22048412166160927,-0.03932349947372234,-0.03932349947372234,0.0,0.15,-0.15,0.0,0.0,0.0
/multi_agv/path_reference,1789710625.4083421,1789710625.407823,world,s_curve,1,0.04783187745501865,0.05528193576150576,0.03289007586403252,0.04783187745501865,0.0,0.0,0.22103695821190636,-0.03877066292342526,-0.03877066292342526,0.0,0.15,-0.15,0.0,0.0,0.0
/multi_agv/path_reference,1789710625.4183283,1789710625.4178367,world,s_curve,1,0.048388817486406256,0.055611853309052856,0.03294309122035898,0.048388817486406256,0.0,0.0,0.22159389824329395,-0.03821372289203765,-0.03821372289203765,0.0,0.15,-0.15,0.0,0.0,0.0
/multi_agv/path_reference,1789710625.4284775,1789710625.4278812,world,s_curve,1,0.048950617938048425,0.055942307141557734,0.03290554455778069,0.048950617938048425,0.0,0.0,0.22215569869493612,-0.03765192244039548,-0.03765192244039548,0.0,0.15,-0.15,0.0,0.0,0.0
/multi_agv/path_reference,1789710625.438323,1789710625.4378374,world,s_curve,1,0.049510971964087915,0.056270071309337595,0.03291367998901224,0.049510971964087915,0.0,0.0,0.2227160527209756,-0.03709156841435599,-0.03709156841435599,0.0,0.15,-0.15,0.0,0.0,0.0
/multi_agv/path_reference,1789710625.4485765,1789710625.4478574,world,s_curve,1,0.050078003506913146,0.056599893436937006,0.03292214959022865,0.050078003506913146,0.0,0.0,0.22328308426380084,-0.03652453687153076,-0.03652453687153076,0.0,0.15,-0.15,0.0,0.0,0.0
/multi_agv/path_reference,1789710625.4585693,1789710625.4578257,world,s_curve,1,0.050645492636887675,0.05692840255787727,0.03295481533128424,0.050645492636887675,0.0,0.0,0.22385057339377537,-0.03595704774155623,-0.03595704774155623,0.0,0.15,-0.15,0.0,0.0,0.0
/multi_agv/path_reference,1789710625.4684966,1789710625.4678593,world,s_curve,1,0.05121997679765386,0.05725889486051967,0.03294020149132376,0.05121997679765386,0.0,0.0,0.22442505755454156,-0.03538256358079005,-0.03538256358079005,0.0,0.15,-0.15,0.0,0.0,0.0
/multi_agv/path_reference,1789710625.4786239,1789710625.477867,world,s_curve,1,0.051796287507257274,0.05758863389602316,0.032949622973180215,0.051796287507257274,0.0,0.0,0.22500136826414496,-0.03480625287118663,-0.03480625287118663,0.0,0.15,-0.15,0.0,0.0,0.0
/multi_agv/path_reference,1789710625.4890404,1789710625.487814,world,s_curve,1,0.052372504928349634,0.0579165489265819,0.03295927234395933,0.052372504928349634,0.0,0.0,0.22557758568523734,-0.03423003545009427,-0.03423003545009427,0.0,0.15,-0.15,0.0,0.0,0.0
/multi_agv/path_reference,1789710625.4986975,1789710625.4978104,world,s_curve,1,0.05295477118469159,0.05824636532740552,0.03299282134951745,0.05295477118469159,0.0,0.0,0.22615985194157928,-0.033647769193752314,-0.033647769193752314,0.0,0.15,-0.15,0.0,0.0,0.0
/multi_agv/path_reference,1789710625.508695,1789710625.507813,world,s_curve,1,0.05354067875072512,0.058576241410731,0.03297943602830001,0.05354067875072512,0.0,0.0,0.22674575950761283,-0.033061861627718785,-0.033061861627718785,0.0,0.15,-0.15,0.0,0.0,0.0
/multi_agv/path_reference,1789710625.518739,1789710625.517808,world,s_curve,1,0.05412944698410707,0.05890597590567058,0.03298977613416685,0.05412944698410707,0.0,0.0,0.22733452774099477,-0.032473093394336836,-0.032473093394336836,0.0,0.15,-0.15,0.0,0.0,0.0
/multi_agv/path_reference,1789710625.5286884,1789710625.5278084,world,s_curve,1,0.05472182994349948,0.05923599165916534,0.033000291638131535,0.05472182994349948,0.0,0.0,0.22792691070038718,-0.03188071043494443,-0.03188071043494443,0.0,0.15,-0.15,0.0,0.0,0.0
/multi_agv/path_reference,1789710625.5386717,1789710625.53781,world,s_curve,1,0.05531758926680154,0.05956625876978209,0.03302134839469541,0.05531758926680154,0.0,0.0,0.22852267002368926,-0.03128495111164237,-0.03128495111164237,0.0,0.15,-0.15,0.0,0.0,0.0
/multi_agv/path_reference,1789710625.5489006,1789710625.5479226,world,s_curve,1,0.05592320527868265,0.05990012411748176,0.033021874213032515,0.05592320527868265,0.0,0.0,0.22912828603557034,-0.030679335099761257,-0.030679335099761257,0.0,0.15,-0.15,0.0,0.0,0.0
/multi_agv/path_reference,1789710625.5588078,1789710625.5578408,world,s_curve,1,0.0565206973627194,0.06022782689847163,0.03303278301908296,0.0565206973627194,0.0,0.0,0.2297257781196071,-0.03008184301572451,-0.03008184301572451,0.0,0.15,-0.15,0.0,0.0,0.0
/multi_agv/path_reference,1789710625.5687823,1789710625.567865,world,s_curve,1,0.057127599720188896,0.06055898021323571,0.03304371253386246,0.057127599720188896,0.0,0.0,0.2303326804770766,-0.02947494065825501,-0.02947494065825501,0.0,0.15,-0.15,0.0,0.0,0.0
/multi_agv/path_reference,1789710625.5787303,1789710625.577838,world,s_curve,1,0.05773493452138536,0.06088874031858458,0.03306031102196159,0.05773493452138536,0.0,0.0,0.23094001527827307,-0.028867605857058547,-0.028867605857058547,0.0,0.15,-0.15,0.0,0.0,0.0
/multi_agv/path_reference,1789710625.5887964,1789710625.5878632,world,s_curve,1,0.05834873996447934,0.06122026353743035,0.03306575243811857,0.05834873996447934,0.0,0.0,0.23155382072136704,-0.028253800413964567,-0.028253800413964567,0.0,0.15,-0.15,0.0,0.0,0.0
/multi_agv/path_reference,1789710625.5988271,1789710625.5978646,world,s_curve,1,0.058964237465857404,0.06155102424400833,0.03307675534663398,0.058964237465857404,0.0,0.0,0.2321693182227451,-0.027638302912586503,-0.027638302912586503,0.0,0.15,-0.15,0.0,0.0,0.0
/multi_agv/path_reference,1789710625.6087315,1789710625.6078548,world,s_curve,1,0.05958245114954177,0.06188157914494442,0.033087684410540094,0.05958245114954177,0.0,0.0,0.23278753190642948,-0.027020089228902137,-0.027020089228902137,0.0,0.15,-0.15,0.0,0.0,0.0
/multi_agv/path_reference,1789710625.6185975,1789710625.6178055,world,s_curve,1,0.06020157265179527,0.062211055684598095,0.033106721831752825,0.06020157265179527,0.0,0.0,0.23340665340868297,-0.026400967726648635,-0.026400967726648635,0.0,0.15,-0.15,0.0,0.0,0.0
/multi_agv/path_reference,1789710625.6286206,1789710625.6278553,world,s_curve,1,0.06083003130475768,0.06254374772286488,0.033109269500356635,0.06083003130475768,0.0,0.0,0.23403511206164537,-0.02577250907368623,-0.02577250907368623,0.0,0.15,-0.15,0.0,0.0,0.0
/multi_agv/path_reference,1789710625.6386855,1789710625.6378725,world,s_curve,1,0.06145989219634032,0.06287552882837237,0.03311987256682797,0.06145989219634032,0.0,0.0,0.23466497295322802,-0.025142648182103586,-0.025142648182103586,0.0,0.15,-0.15,0.0,0.0,0.0
/multi_agv/path_reference,1789710625.6484299,1789710625.647867,world,s_curve,1,0.06209158690683228,0.06320663655148806,0.033130252900274305,0.06209158690683228,0.0,0.0,0.23529666766371998,-0.024510953471611627,-0.024510953471611627,0.0,0.15,-0.15,0.0,0.0,0.0
/multi_agv/path_reference,1789710625.658358,1789710625.6578255,world,s_curve,1,0.06272431960769097,0.06353694842181885,0.033168837709574066,0.06272431960769097,0.0,0.0,0.23592940036457866,-0.02387822077075294,-0.02387822077075294,0.0,0.15,-0.15,0.0,0.0,0.0
/multi_agv/path_reference,1789710625.6684813,1789710625.6678774,world,s_curve,1,0.06336635700077384,0.06387018366113464,0.03315039928634604,0.06336635700077384,0.0,0.0,0.23657143775766154,-0.02323618337767007,-0.02323618337767007,0.0,0.15,-0.15,0.0,0.0,0.0
/multi_agv/path_reference,1789710625.6783924,1789710625.6778731,world,s_curve,1,0.06400814948593826,0.06420166773881751,0.03315998723582945,0.06400814948593826,0.0,0.0,0.23721323024282598,-0.022594390892505645,-0.022594390892505645,0.0,0.15,-0.15,0.0,0.0,0.0
/multi_agv/path_reference,1789710625.6883125,1789710625.6878097,world,s_curve,1,0.06464940326487988,0.06453127314914212,0.033169171806204274,0.06464940326487988,0.0,0.0,0.23785448402176756,-0.02195313711356403,-0.02195313711356403,0.0,0.15,-0.15,0.0,0.0,0.0
/multi_agv/path_reference,1789710625.6983128,1789710625.6978066,world,s_curve,1,0.06529783130045376,0.06486323547656354,0.03320669285039071,0.06529783130045376,0.0,0.0,0.23850291205734148,-0.021304709077990147,-0.021304709077990147,0.0,0.15,-0.15,0.0,0.0,0.0
/multi_agv/path_reference,1789710625.7083116,1789710625.7078068,world,s_curve,1,0.06594981205498122,0.06519511559449889,0.03318650512620214,0.06594981205498122,0.0,0.0,0.2391548928118689,-0.020652728323462682,-0.020652728323462682,0.0,0.15,-0.15,0.0,0.0,0.0
/multi_agv/path_reference,1789710625.7183418,1789710625.7178638,world,s_curve,1,0.066608834223367,0.06552895082886563,0.03319444126036659,0.066608834223367,0.0,0.0,0.2398139149802547,-0.01999370615507691,-0.01999370615507691,0.0,0.15,-0.15,0.0,0.0,0.0
/multi_agv/path_reference,1789710625.7284877,1789710625.727933,world,s_curve,1,0.0672719050803001,0.06586320719474309,0.033201875865537626,0.0672719050803001,0.0,0.0,0.2404769858371878,-0.0193306352981438,-0.0193306352981438,0.0,0.15,-0.15,0.0,0.0,0.0
/multi_agv/path_reference,1789710625.738653,1789710625.7378078,world,s_curve,1,0.06792564592800011,0.0661915303118942,0.03324285095150719,0.06792564592800011,0.0,0.0,0.24113072668488783,-0.018676894450443793,-0.018676894450443793,0.0,0.15,-0.15,0.0,0.0,0.0
/multi_agv/path_reference,1789710625.748391,1789710625.747828,world,s_curve,1,0.06859213314926721,0.06652430172519236,0.033215019279257525,0.06859213314926721,0.0,0.0,0.2417972139061549,-0.018010407229176698,-0.018010407229176698,0.0,0.15,-0.15,0.0,0.0,0.0
/multi_agv/path_reference,1789710625.7585323,1789710625.7578104,world,s_curve,1,0.06925959620265798,0.06685596248875132,0.0332205647261602,0.06925959620265798,0.0,0.0,0.24246467695954568,-0.017342944175785927,-0.017342944175785927,0.0,0.15,-0.15,0.0,0.0,0.0
/multi_agv/path_reference,1789710625.7686498,1789710625.767858,world,s_curve,1,0.06993462442128329,0.06718976459236527,0.03322540324007799,0.06993462442128329,0.0,0.0,0.243139705178171,-0.01666791595716062,-0.01666791595716062,0.0,0.15,-0.15,0.0,0.0,0.0
/multi_agv/path_reference,1789710625.7785215,1789710625.7778502,world,s_curve,1,0.07060935316767071,0.06752271315332126,0.033319449181039476,0.07060935316767071,0.0,0.0,0.24381443392455843,-0.015993187210773196,-0.015993187210773196,0.0,0.15,-0.15,0.0,0.0,0.0
/multi_agv/path_reference,1789710625.7885723,1789710625.7878542,world,s_curve,1,0.07128815434202938,0.06785516709092773,0.03323317392259616,0.07128815434202938,0.0,0.0,0.24449323509891707,-0.015314386036414523,-0.015314386036414523,0.0,0.15,-0.15,0.0,0.0,0.0
/multi_agv/path_reference,1789710625.7982786,1789710625.797845,world,s_curve,1,0.07196943845044249,0.0681872359697817,0.033235560203183946,0.07196943845044249,0.0,0.0,0.2451745192073302,-0.014633101928001421,-0.014633101928001421,0.0,0.15,-0.15,0.0,0.0,0.0
/multi_agv/path_reference,1789710625.8083928,1789710625.8078609,world,s_curve,1,0.0726556313587626,0.06852008744940287,0.0332370273938563,0.0726556313587626,0.0,0.0,0.2458607121156503,-0.013946909019681306,-0.013946909019681306,0.0,0.15,-0.15,0.0,0.0,0.0
/multi_agv/path_reference,1789710625.8183491,1789710625.8178296,world,s_curve,1,0.07334202615510375,0.06885208109010467,0.03330219458662456,0.07334202615510375,0.0,0.0,0.24654710691199144,-0.013260514223340153,-0.013260514223340153,0.0,0.15,-0.15,0.0,0.0,0.0
/multi_agv/path_reference,1789710625.8284967,1789710625.827888,world,s_curve,1,0.07403805016702238,0.06918645224098922,0.03323729248602947,0.07403805016702238,0.0,0.0,0.2472431309239101,-0.01256449021142153,-0.01256449021142153,0.0,0.15,-0.15,0.0,0.0,0.0
/multi_agv/path_reference,1789710625.838344,1789710625.8378043,world,s_curve,1,0.0747273996298715,0.06951603078625435,0.033235671504619285,0.0747273996298715,0.0,0.0,0.2479324803867592,-0.011875140748572405,-0.011875140748572405,0.0,0.15,-0.15,0.0,0.0,0.0
/multi_agv/path_reference,1789710625.848425,1789710625.8478723,world,s_curve,1,0.07543057565763658,0.06985058178668235,0.03323290484103357,0.07543057565763658,0.0,0.0,0.2486356564145243,-0.011171964720807323,-0.011171964720807323,0.0,0.15,-0.15,0.0,0.0,0.0
/multi_agv/path_reference,1789710625.8583217,1789710625.8578064,world,s_curve,1,0.07612782939794344,0.0701813775311935,0.033295914656595434,0.07612782939794344,0.0,0.0,0.24933291015483114,-0.01047471098050047,-0.01047471098050047,0.0,0.15,-0.15,0.0,0.0,0.0
/multi_agv/path_reference,1789710625.868563,1789710625.8678832,world,s_curve,1,0.07683841573035119,0.07051617347309874,0.03322401183468403,0.07683841573035119,0.0,0.0,0.2500434964872389,-0.009764124648092717,-0.009764124648092717,0.0,0.15,-0.15,0.0,0.0,0.0
/multi_agv/path_reference,1789710625.8785136,1789710625.8778865,world,s_curve,1,0.07754712093522091,0.07084845119442469,0.0332174249047371,0.07754712093522091,0.0,0.0,0.2507522016921086,-0.009055419443222995,-0.009055419443222995,0.0,0.15,-0.15,0.0,0.0,0.0
/multi_agv/path_reference,1789710625.8883314,1789710625.8878384,world,s_curve,1,0.07825549193556351,0.07117895118310649,0.03320949410552069,0.07825549193556351,0.0,0.0,0.2514605726924512,-0.008347048442880395,-0.008347048442880395,0.0,0.15,-0.15,0.0,0.0,0.0
/multi_agv/path_reference,1789710625.8984635,1789710625.8978376,world,s_curve,1,0.07897055333770654,0.07151178249394191,0.033285757329795176,0.07897055333770654,0.0,0.0,0.25217563409459426,-0.007631987040737365,-0.007631987040737365,0.0,0.15,-0.15,0.0,0.0,0.0
/multi_agv/path_reference,1789710625.9083672,1789710625.9078557,world,s_curve,1,0.07969021625097064,0.07184424232754323,0.033189600866180544,0.07969021625097064,0.0,0.0,0.25289529700785834,-0.0069123241274732655,-0.0069123241274732655,0.0,0.15,-0.15,0.0,0.0,0.0
/multi_agv/path_reference,1789710625.9186373,1789710625.9178386,world,s_curve,1,0.08041081786455946,0.07217548334617292,0.03317711225292683,0.08041081786455946,0.0,0.0,0.2536158986214472,-0.006191722513884446,-0.006191722513884446,0.0,0.15,-0.15,0.0,0.0,0.0
/multi_agv/path_reference,1789710625.9286542,1789710625.9278922,world,s_curve,1,0.08113980227721204,0.07250889448055017,0.03316294881153005,0.08113980227721204,0.0,0.0,0.25434488303409974,-0.005462738101231865,-0.005462738101231865,0.0,0.15,-0.15,0.0,0.0,0.0
/multi_agv/path_reference,1789710625.938348,1789710625.937825,world,s_curve,1,0.08186315433129529,0.07283874694986359,0.03321486461188976,0.08186315433129529,0.0,0.0,0.255068235088183,-0.0047393860471486166,-0.0047393860471486166,0.0,0.15,-0.15,0.0,0.0,0.0
/multi_agv/path_reference,1789710625.94838,1789710625.947859,world,s_curve,1,0.08259736378961689,0.07317117602280683,0.033129818658334156,0.08259736378961689,0.0,0.0,0.2558024445465046,-0.004005176588827014,-0.004005176588827014,0.0,0.15,-0.15,0.0,0.0,0.0
/multi_agv/path_reference,1789710625.9583366,1789710625.9578316,world,s_curve,1,0.0833305006785039,0.07350143360054592,0.03311033149364353,0.0833305006785039,0.0,0.0,0.25653558143539157,-0.003272039699940013,-0.003272039699940013,0.0,0.15,-0.15,0.0,0.0,0.0
/multi_agv/path_reference,1789710625.9685493,1789710625.9678714,world,s_curve,1,0.08407174131527466,0.07383362434897471,0.03308891298586622,0.08407174131527466,0.0,0.0,0.25727682207216235,-0.002530799063169248,-0.002530799063169248,0.0,0.15,-0.15,0.0,0.0,0.0
/multi_agv/path_reference,1789710625.9785252,1789710625.9778078,world,s_curve,1,0.08480854257786155,0.07416305381622457,0.03315886732132185,0.08480854257786155,0.0,0.0,0.25801362333474925,-0.001793997800582356,-0.001793997800582356,0.0,0.15,-0.15,0.0,0.0,0.0
/multi_agv/path_reference,1789710625.988361,1789710625.98781,world,s_curve,1,0.0855537635256495,0.07449358608340086,0.033040582086864306,0.0855537635256495,0.0,0.0,0.2587588442825372,-0.0010487768527944058,-0.0010487768527944058,0.0,0.15,-0.15,0.0,0.0,0.0
/multi_agv/path_reference,1789710625.9983487,1789710625.9978518,world,s_curve,1,0.08630503010887978,0.07482504604492642,0.0330129243557703,0.08630503010887978,0.0,0.0,0.2595101108657675,-0.00029751026956412185,-0.00029751026956412185,0.0,0.15,-0.15,0.0,0.0,0.0
/multi_agv/path_reference,1789710626.0082912,1789710626.0078151,world,s_curve,1,0.08705386426605022,0.07515369093575608,0.03298310622789367,0.08705386426605022,0.0,0.0,0.2602589450229379,0.00045132388760631137,0.00045132388760631137,0.0,0.15,-0.15,0.0,0.0,0.0
/multi_agv/path_reference,1789710626.0183425,1789710626.0178201,world,s_curve,1,0.08780909473022648,0.07548439840564193,0.033053823430988526,0.08780909473022648,0.0,0.0,0.2610141754871142,0.0012065543517825739,0.0012065543517825739,0.0,0.15,-0.15,0.0,0.0,0.0
/multi_agv/path_reference,1789710626.0283735,1789710626.0279272,world,s_curve,1,0.0885753806362721,0.0758170899638435,0.03291683378145996,0.0885753806362721,0.0,0.0,0.2617804613931598,0.001972840257828193,0.001972840257828193,0.0,0.15,-0.15,0.0,0.0,0.0
/multi_agv/path_reference,1789710626.0383835,1789710626.0378785,world,s_curve,1,0.08933306144105639,0.07614426359831059,0.032879802824583575,0.08933306144105639,0.0,0.0,0.2625381421979441,0.0027305210626124843,0.0027305210626124843,0.0,0.15,-0.15,0.0,0.0,0.0
/multi_agv/path_reference,1789710626.0484452,1789710626.0479534,world,s_curve,1,0.09010365566910152,0.07647517540695568,0.03284029089416569,0.09010365566910152,0.0,0.0,0.26330873642598923,0.003501115290657608,0.003501115290657608,0.0,0.15,-0.15,0.0,0.0,0.0
/multi_agv/path_reference,1789710626.0582638,1789710626.0578063,world,s_curve,1,0.09086037879589216,0.0767992728893712,0.03289241482594942,0.09086037879589216,0.0,0.0,0.2640654595527799,0.004257838417448256,0.004257838417448256,0.0,0.15,-0.15,0.0,0.0,0.0
/multi_agv/path_reference,1789710626.068482,1789710626.067839,world,s_curve,1,0.09163415263860082,0.07712787559332139,0.0327543102015168,0.09163415263860082,0.0,0.0,0.26483923339548854,0.005031612260156915,0.005031612260156915,0.0,0.15,-0.15,0.0,0.0,0.0
/multi_agv/path_reference,1789710626.0783637,1789710626.0778427,world,s_curve,1,0.09240899141826113,0.07745506468196955,0.03270674195680844,0.09240899141826113,0.0,0.0,0.2656140721751488,0.005806451039817223,0.005806451039817223,0.0,0.15,-0.15,0.0,0.0,0.0
/multi_agv/path_reference,1789710626.0884233,1789710626.0878732,world,s_curve,1,0.093189072706472,0.07778257491036294,0.03265632602513138,0.093189072706472,0.0,0.0,0.2663941534633597,0.006586532328028097,0.006586532328028097,0.0,0.15,-0.15,0.0,0.0,0.0
/multi_agv/path_reference,1789710626.0984066,1789710626.0978239,world,s_curve,1,0.09396634081046973,0.07810868375464855,0.032771102347939604,0.09396634081046973,0.0,0.0,0.2671714215673574,0.007363800432025822,0.007363800432025822,0.0,0.15,-0.15,0.0,0.0,0.0
/multi_agv/path_reference,1789710626.1085372,1789710626.1078706,world,s_curve,1,0.09475421649255755,0.07843561973944886,0.032547554348912114,0.09475421649255755,0.0,0.0,0.2679592972494452,0.008151676114113646,0.008151676114113646,0.0,0.15,-0.15,0.0,0.0,0.0
/multi_agv/path_reference,1789710626.1184962,1789710626.1178238,world,s_curve,1,0.09553818554837012,0.07875900799642113,0.03248819341527313,0.09553818554837012,0.0,0.0,0.2687432663052578,0.008935645169926218,0.008935645169926218,0.0,0.15,-0.15,0.0,0.0,0.0
/multi_agv/path_reference,1789710626.1283793,1789710626.1278224,world,s_curve,1,0.09632898580951853,0.07908325271155034,0.03242579448533572,0.09632898580951853,0.0,0.0,0.2695340665664062,0.00972644543107462,0.00972644543107462,0.0,0.15,-0.15,0.0,0.0,0.0
/multi_agv/path_reference,1789710626.1383371,1789710626.137801,world,s_curve,1,0.0971214645150546,0.07940771033373868,0.03251120402140896,0.0971214645150546,0.0,0.0,0.27032654527194233,0.010518924136610694,0.010518924136610694,0.0,0.15,-0.15,0.0,0.0,0.0
/multi_agv/path_reference,1789710626.1483467,1789710626.1478596,world,s_curve,1,0.09792332294598781,0.07973246040372671,0.032291388476508816,0.09792332294598781,0.0,0.0,0.2711284037028755,0.011320782567543902,0.011320782567543902,0.0,0.15,-0.15,0.0,0.0,0.0
/multi_agv/path_reference,1789710626.1583626,1789710626.1578681,world,s_curve,1,0.09872453548996131,0.08005491289103758,0.032218549219349225,0.09872453548996131,0.0,0.0,0.271929616246849,0.012121995111517403,0.012121995111517403,0.0,0.15,-0.15,0.0,0.0,0.0
/multi_agv/path_reference,1789710626.1683505,1789710626.1678321,world,s_curve,1,0.09952540702730957,0.0803751862522795,0.032142522066268796,0.09952540702730957,0.0,0.0,0.2727304877841973,0.01292286664886566,0.01292286664886566,0.0,0.15,-0.15,0.0,0.0,0.0
/multi_agv/path_reference,1789710626.1783874,1789710626.1778505,world,s_curve,1,0.10033392626138232,0.08069772619206762,0.032192480586906436,0.10033392626138232,0.0,0.0,0.27353900701827005,0.013731385882938416,0.013731385882938416,0.0,0.15,-0.15,0.0,0.0,0.0
/multi_agv/path_reference,1789710626.18829,1789710626.1878593,world,s_curve,1,0.10114478213609106,0.08101779178271012,0.03197979836897499,0.10114478213609106,0.0,0.0,0.27434986289297875,0.01454224175764715,0.01454224175764715,0.0,0.15,-0.15,0.0,0.0,0.0
/multi_agv/path_reference,1789710626.1983042,1789710626.1978223,world,s_curve,1,0.10195512671927053,0.08133553807925441,0.03189268681320473,0.10195512671927053,0.0,0.0,0.2751602074761582,0.015352586340826618,0.015352586340826618,0.0,0.15,-0.15,0.0,0.0,0.0
/multi_agv/path_reference,1789710626.2084882,1789710626.207933,world,s_curve,1,0.10278071391027949,0.08165706182423356,0.03180122536740827,0.10278071391027949,0.0,0.0,0.2759857946671672,0.01617817353183558,0.01617817353183558,0.0,0.15,-0.15,0.0,0.0,0.0
/multi_agv/path_reference,1789710626.2182772,1789710626.2178185,world,s_curve,1,0.1035911061884638,0.08197148956930332,0.03180448693690966,0.1035911061884638,0.0,0.0,0.2767961869453515,0.016988565810019896,0.016988565810019896,0.0,0.15,-0.15,0.0,0.0,0.0
/multi_agv/path_reference,1789710626.228329,1789710626.2278605,world,s_curve,1,0.10441742218833316,0.08228888324599301,0.03160772780420998,0.10441742218833316,0.0,0.0,0.27762250294522084,0.017814881809889258,0.017814881809889258,0.0,0.15,-0.15,0.0,0.0,0.0
/multi_agv/path_reference,1789710626.2383623,1789710626.2378569,world,s_curve,1,0.1052431504159973,0.08260380745458974,0.031504238099384206,0.1052431504159973,0.0,0.0,0.278448231172885,0.018640610037553393,0.018640610037553393,0.0,0.15,-0.15,0.0,0.0,0.0
/multi_agv/path_reference,1789710626.2483253,1789710626.2478316,world,s_curve,1,0.10607035451900072,0.08291703145703622,0.03139685159884378,0.10607035451900072,0.0,0.0,0.27927543527588844,0.019467814140556816,0.019467814140556816,0.0,0.15,-0.15,0.0,0.0,0.0
/multi_agv/path_reference,1789710626.258347,1789710626.2578545,world,s_curve,1,0.10690437411282538,0.08323197472049422,0.03143013657786737,0.10690437411282538,0.0,0.0,0.28010945486971306,0.020301833734381478,0.020301833734381478,0.0,0.15,-0.15,0.0,0.0,0.0
/multi_agv/path_reference,1789710626.2682307,1789710626.267808,world,s_curve,1,0.10773612634119316,0.08354229934587332,0.03116941784296987,0.10773612634119316,0.0,0.0,0.28094120709808085,0.02113358596274925,0.02113358596274925,0.0,0.15,-0.15,0.0,0.0,0.0
/multi_agv/path_reference,1789710626.2785635,1789710626.2778358,world,s_curve,1,0.1085769772222393,0.08385364366274109,0.031048734075854553,0.1085769772222393,0.0,0.0,0.28178205797912703,0.021974436843795395,0.021974436843795395,0.0,0.15,-0.15,0.0,0.0,0.0
/multi_agv/path_reference,1789710626.2884977,1789710626.2878554,world,s_curve,1,0.10942012301023439,0.08416342969611705,0.030923068598699706,0.10942012301023439,0.0,0.0,0.2826252037671221,0.022817582631790484,0.022817582631790484,0.0,0.15,-0.15,0.0,0.0,0.0
/multi_agv/path_reference,1789710626.2984014,1789710626.297804,world,s_curve,1,0.11026065943823625,0.08447070847621621,0.030880346633383664,0.11026065943823625,0.0,0.0,0.28346574019512394,0.023658119059792343,0.023658119059792343,0.0,0.15,-0.15,0.0,0.0,0.0
/multi_agv/path_reference,1789710626.3086367,1789710626.3078442,world,s_curve,1,0.11111181019091292,0.08477851304871441,0.03065874509765646,0.11111181019091292,0.0,0.0,0.2843168909478006,0.02450926981246901,0.02450926981246901,0.0,0.15,-0.15,0.0,0.0,0.0
/multi_agv/path_reference,1789710626.3184335,1789710626.3178926,world,s_curve,1,0.11196677937322043,0.08508517405645775,0.030518416055359637,0.11196677937322043,0.0,0.0,0.28517186013010815,0.025364238994776522,0.025364238994776522,0.0,0.15,-0.15,0.0,0.0,0.0
/multi_agv/path_reference,1789710626.3283014,1789710626.3278496,world,s_curve,1,0.11281686944702748,0.08538756460964557,0.030373714143063318,0.11281686944702748,0.0,0.0,0.2860219502039152,0.026214329068583578,0.026214329068583578,0.0,0.15,-0.15,0.0,0.0,0.0
/multi_agv/path_reference,1789710626.3384054,1789710626.3378313,world,s_curve,1,0.11367232568718769,0.08569029494096844,0.030324229529001104,0.11367232568718769,0.0,0.0,0.2868774064440754,0.02706978530874378,0.02706978530874378,0.0,0.15,-0.15,0.0,0.0,0.0
/multi_agv/path_reference,1789710626.3483977,1789710626.3478622,world,s_curve,1,0.1145347696930508,0.08599187684078176,0.030069886751896008,0.1145347696930508,0.0,0.0,0.2877398504499385,0.0279322293146069,0.0279322293146069,0.0,0.15,-0.15,0.0,0.0,0.0
/multi_agv/path_reference,1789710626.3583772,1789710626.3578515,world,s_curve,1,0.11539688851849753,0.0862907004704818,0.0299096824739763,0.11539688851849753,0.0,0.0,0.28860196927538523,0.02879434814005362,0.02879434814005362,0.0,0.15,-0.15,0.0,0.0,0.0
/multi_agv/path_reference,1789710626.3683116,1789710626.3678353,world,s_curve,1,0.11626135835624178,0.08658766275009598,0.02974455393820108,0.11626135835624178,0.0,0.0,0.28946643911312947,0.029658817977797874,0.029658817977797874,0.0,0.15,-0.15,0.0,0.0,0.0
/multi_agv/path_reference,1789710626.3783293,1789710626.3778064,world,s_curve,1,0.11712770381377062,0.08688331004620846,0.029649622410132474,0.11712770381377062,0.0,0.0,0.2903327845706583,0.030525163435326713,0.030525163435326713,0.0,0.15,-0.15,0.0,0.0,0.0
/multi_agv/path_reference,1789710626.388362,1789710626.3878367,world,s_curve,1,0.11800213336182877,0.0871781859373048,0.02939830352200687,0.11800213336182877,0.0,0.0,0.2912072141187165,0.031399592983384864,0.031399592983384864,0.0,0.15,-0.15,0.0,0.0,0.0
/multi_agv/path_reference,1789710626.3983235,1789710626.3978393,world,s_curve,1,0.11887704555032666,0.08747041838429744,0.029216297063822293,0.11887704555032666,0.0,0.0,0.29208212630721436,0.03227450517188275,0.03227450517188275,0.0,0.15,-0.15,0.0,0.0,0.0
/multi_agv/path_reference,1789710626.408326,1789710626.4078374,world,s_curve,1,0.11975450857829839,0.08776066044122076,0.029028954829342406,0.11975450857829839,0.0,0.0,0.29295958933518607,0.033151968199854484,0.033151968199854484,0.0,0.15,-0.15,0.0,0.0,0.0
/multi_agv/path_reference,1789710626.4182882,1789710626.4178016,world,s_curve,1,0.12063182310820511,0.08804868359278792,0.028906462249554916,0.12063182310820511,0.0,0.0,0.2938369038650928,0.034029282729761204,0.034029282729761204,0.0,0.15,-0.15,0.0,0.0,0.0
/multi_agv/path_reference,1789710626.428381,1789710626.427834,world,s_curve,1,0.12151805279455287,0.08833599149919207,0.02863775516520945,0.12151805279455287,0.0,0.0,0.2947231335514406,0.03491551241610896,0.03491551241610896,0.0,0.15,-0.15,0.0,0.0,0.0
/multi_agv/path_reference,1789710626.4382515,1789710626.4378335,world,s_curve,1,0.1224042065566858,0.08862030350216751,0.028432781160177313,0.1224042065566858,0.0,0.0,0.2956092873135735,0.03580166617824189,0.03580166617824189,0.0,0.15,-0.15,0.0,0.0,0.0
/multi_agv/path_reference,1789710626.4484022,1789710626.4478672,world,s_curve,1,0.12329620201735554,0.08890346197720524,0.028221857429788142,0.12329620201735554,0.0,0.0,0.29650128277424326,0.036693661638911634,0.036693661638911634,0.0,0.15,-0.15,0.0,0.0,0.0
/multi_agv/path_reference,1789710626.4589443,1789710626.4578393,world,s_curve,1,0.12418554717384173,0.08918350708204068,0.028082915174419312,0.12418554717384173,0.0,0.0,0.29739062793072946,0.03758300679539782,0.03758300679539782,0.0,0.15,-0.15,0.0,0.0,0.0
/multi_agv/path_reference,1789710626.468885,1789710626.4678614,world,s_curve,1,0.1250818669393914,0.08946186481901572,0.027782944428673215,0.1250818669393914,0.0,0.0,0.2982869476962791,0.038479326560947505,0.038479326560947505,0.0,0.15,-0.15,0.0,0.0,0.0
/multi_agv/path_reference,1789710626.4789875,1789710626.4778101,world,s_curve,1,0.1259749104921725,0.08973608455450964,0.02755454120257188,0.1259749104921725,0.0,0.0,0.2991799912490602,0.039372370113728586,0.039372370113728586,0.0,0.15,-0.15,0.0,0.0,0.0
/multi_agv/path_reference,1789710626.4887862,1789710626.4878507,world,s_curve,1,0.12687857519861684,0.09001036264669457,0.027319724193665514,0.12687857519861684,0.0,0.0,0.30008365595550457,0.04027603482017293,0.04027603482017293,0.0,0.15,-0.15,0.0,0.0,0.0
/multi_agv/path_reference,1789710626.4986064,1789710626.4978538,world,s_curve,1,0.12778166268302746,0.09028186250240933,0.027141902712847856,0.12778166268302746,0.0,0.0,0.30098674343991516,0.04117912230458355,0.04117912230458355,0.0,0.15,-0.15,0.0,0.0,0.0
/multi_agv/path_reference,1789710626.5085874,1789710626.5078313,world,s_curve,1,0.12868525623490945,0.09054960897161081,0.02683102157958912,0.12868525623490945,0.0,0.0,0.3018903369917971,0.042082715856465544,0.042082715856465544,0.0,0.15,-0.15,0.0,0.0,0.0
/multi_agv/path_reference,1789710626.518725,1789710626.5178285,world,s_curve,1,0.12959316160880255,0.09081531180636947,0.026577533827093797,0.12959316160880255,0.0,0.0,0.30279824236569025,0.04299062123035864,0.04299062123035864,0.0,0.15,-0.15,0.0,0.0,0.0
/multi_agv/path_reference,1789710626.5287154,1789710626.5278459,world,s_curve,1,0.13050540983670084,0.091078905275688,0.02631718417109298,0.13050540983670084,0.0,0.0,0.30371049059358857,0.04390286945825693,0.04390286945825693,0.0,0.15,-0.15,0.0,0.0,0.0
/multi_agv/path_reference,1789710626.538612,1789710626.5378382,world,s_curve,1,0.1314182079313728,0.0913394998303335,0.02607649645498324,0.1314182079313728,0.0,0.0,0.3046232886882605,0.04481566755292889,0.04481566755292889,0.0,0.15,-0.15,0.0,0.0,0.0
/multi_agv/path_reference,1789710626.549004,1789710626.5478587,world,s_curve,1,0.13233592232878152,0.0915977612258124,0.025777263278986252,0.13233592232878152,0.0,0.0,0.3055410030856692,0.04573338195033762,0.04573338195033762,0.0,0.15,-0.15,0.0,0.0,0.0
/multi_agv/path_reference,1789710626.5588703,1789710626.5579252,world,s_curve,1,0.13326070584093017,0.09185445736951789,0.025496437467979256,0.13326070584093017,0.0,0.0,0.30646578659781787,0.04665816546248626,0.04665816546248626,0.0,0.15,-0.15,0.0,0.0,0.0
/multi_agv/path_reference,1789710626.56871,1789710626.5679665,world,s_curve,1,0.13418559589872228,0.09210758825624257,0.025208699448054005,0.13418559589872228,0.0,0.0,0.30739067665561,0.047583055520278375,0.047583055520278375,0.0,0.15,-0.15,0.0,0.0,0.0
/multi_agv/path_reference,1789710626.578622,1789710626.577866,world,s_curve,1,0.13509984028785527,0.09235459747725087,0.02495223099047379,0.13509984028785527,0.0,0.0,0.30830492104474294,0.04849729990941136,0.04849729990941136,0.0,0.15,-0.15,0.0,0.0,0.0
/multi_agv/path_reference,1789710626.5887508,1789710626.5878687,world,s_curve,1,0.13602595643402207,0.09260081736137697,0.024619117823471544,0.13602595643402207,0.0,0.0,0.3092310371909098,0.049423416055578165,0.049423416055578165,0.0,0.15,-0.15,0.0,0.0,0.0
/multi_agv/path_reference,1789710626.5986507,1789710626.597858,world,s_curve,1,0.1369534600513201,0.09284370679261164,0.024313387803564613,0.1369534600513201,0.0,0.0,0.3101585408082078,0.05035091967287618,0.05035091967287618,0.0,0.15,-0.15,0.0,0.0,0.0
/multi_agv/path_reference,1789710626.6085763,1789710626.6078515,world,s_curve,1,0.13788370416636236,0.09308356611049015,0.02400118454062659,0.13788370416636236,0.0,0.0,0.3110887849232501,0.05128116378791846,0.05128116378791846,0.0,0.15,-0.15,0.0,0.0,0.0
/multi_agv/path_reference,1789710626.6184118,1789710626.6178463,world,s_curve,1,0.1388164217409076,0.09332101228480828,0.023757156458992217,0.1388164217409076,0.0,0.0,0.3120215024977953,0.0522138813624637,0.0522138813624637,0.0,0.15,-0.15,0.0,0.0,0.0
/multi_agv/path_reference,1789710626.6283793,1789710626.6278393,world,s_curve,1,0.1397514299752789,0.0935544488472069,0.02335704449776785,0.1397514299752789,0.0,0.0,0.31295651073216657,0.05314888959683499,0.05314888959683499,0.0,0.15,-0.15,0.0,0.0,0.0
/multi_agv/path_reference,1789710626.6383624,1789710626.6378565,world,s_curve,1,0.14069076218314766,0.09378505915043117,0.023024655970924256,0.14069076218314766,0.0,0.0,0.31389584294003536,0.054088221804703754,0.054088221804703754,0.0,0.15,-0.15,0.0,0.0,0.0
/multi_agv/path_reference,1789710626.648338,1789710626.6478505,world,s_curve,1,0.14163029716078193,0.09401177566316068,0.022685714147151162,0.14163029716078193,0.0,0.0,0.31483537791766963,0.055027756782338025,0.055027756782338025,0.0,0.15,-0.15,0.0,0.0,0.0
/multi_agv/path_reference,1789710626.6584122,1789710626.6578467,world,s_curve,1,0.1425723083679245,0.09423548839687684,0.02237943515161561,0.1425723083679245,0.0,0.0,0.31577738912481224,0.0559697679894806,0.0559697679894806,0.0,0.15,-0.15,0.0,0.0,0.0
/multi_agv/path_reference,1789710626.6684,1789710626.6678593,world,s_curve,1,0.14351805039542354,0.09445565146175315,0.021988708459643107,0.14351805039542354,0.0,0.0,0.3167231311523112,0.05691551001697963,0.05691551001697963,0.0,0.15,-0.15,0.0,0.0,0.0
/multi_agv/path_reference,1789710626.6783862,1789710626.67785,world,s_curve,1,0.14446402849204182,0.09467178619556064,0.02163037535605259,0.14446402849204182,0.0,0.0,0.31766910924892955,0.05786148811359791,0.05786148811359791,0.0,0.15,-0.15,0.0,0.0,0.0
/multi_agv/path_reference,1789710626.6885064,1789710626.6878343,world,s_curve,1,0.1454113496161579,0.09488410726303242,0.02126617302975432,0.1454113496161579,0.0,0.0,0.3186164303730456,0.05880880923771399,0.05880880923771399,0.0,0.15,-0.15,0.0,0.0,0.0
/multi_agv/path_reference,1789710626.6983824,1789710626.697802,world,s_curve,1,0.14635922243892166,0.09509247205619221,0.020903567224629764,0.14635922243892166,0.0,0.0,0.31956430319580936,0.05975668206047775,0.05975668206047775,0.0,0.15,-0.15,0.0,0.0,0.0
/multi_agv/path_reference,1789710626.7083485,1789710626.7078319,world,s_curve,1,0.14731503436368548,0.09529827096952793,0.020518974601774216,0.14731503436368548,0.0,0.0,0.3205201151205732,0.060712493985241575,0.060712493985241575,0.0,0.15,-0.15,0.0,0.0,0.0
/multi_agv/path_reference,1789710626.718595,1789710626.7178378,world,s_curve,1,0.14827059845591264,0.09549973967719078,0.020134922703152078,0.14827059845591264,0.0,0.0,0.32147567921280035,0.06166805807746874,0.06166805807746874,0.0,0.15,-0.15,0.0,0.0,0.0
/multi_agv/path_reference,1789710626.728611,1789710626.7278063,world,s_curve,1,0.14922453789784476,0.09569657504212475,0.019745981184295037,0.14922453789784476,0.0,0.0,0.32242961865473246,0.06262199751940085,0.06262199751940085,0.0,0.15,-0.15,0.0,0.0,0.0
/multi_agv/path_reference,1789710626.7385445,1789710626.7378054,world,s_curve,1,0.15018334644735742,0.09589013711653856,0.019358081303650472,0.15018334644735742,0.0,0.0,0.3233884272042451,0.06358080606891352,0.06358080606891352,0.0,0.15,-0.15,0.0,0.0,0.0
/multi_agv/path_reference,1789710626.7485452,1789710626.7478049,world,s_curve,1,0.15114412039006492,0.09607963292619612,0.018950022501280386,0.15114412039006492,0.0,0.0,0.32434920114695265,0.06454158001162101,0.06454158001162101,0.0,0.15,-0.15,0.0,0.0,0.0
/multi_agv/path_reference,1789710626.7584965,1789710626.7578034,world,s_curve,1,0.15210663127299712,0.09626503709709477,0.018543103985633164,0.15210663127299712,0.0,0.0,0.32531171202988485,0.06550409089455321,0.06550409089455321,0.0,0.15,-0.15,0.0,0.0,0.0
/multi_agv/path_reference,1789710626.7684858,1789710626.7678049,world,s_curve,1,0.15307123394279004,0.09644636905751203,0.01813058342465376,0.15307123394279004,0.0,0.0,0.32627631469967777,0.06646869356434613,0.06646869356434613,0.0,0.15,-0.15,0.0,0.0,0.0
/multi_agv/path_reference,1789710626.7785566,1789710626.777804,world,s_curve,1,0.15403737660089958,0.09662327109982059,0.017691853111566597,0.15403737660089958,0.0,0.0,0.3272424573577873,0.06743483622245568,0.06743483622245568,0.0,0.15,-0.15,0.0,0.0,0.0
/multi_agv/path_reference,1789710626.7885242,1789710626.7878718,world,s_curve,1,0.15501174745763818,0.09679729427760209,0.017288050678385465,0.15501174745763818,0.0,0.0,0.3282168282145259,0.06840920707919428,0.06840920707919428,0.0,0.15,-0.15,0.0,0.0,0.0
/multi_agv/path_reference,1789710626.7985997,1789710626.7978601,world,s_curve,1,0.1559802576534436,0.09696568149891373,0.016858657493650404,0.1559802576534436,0.0,0.0,0.32918533841033126,0.06937771727499968,0.06937771727499968,0.0,0.15,-0.15,0.0,0.0,0.0
/multi_agv/path_reference,1789710626.8086667,1789710626.807852,world,s_curve,1,0.15695070565037123,0.09712979797897446,0.016426022418291556,0.15695070565037123,0.0,0.0,0.33015578640725896,0.07034816527192732,0.07034816527192732,0.0,0.15,-0.15,0.0,0.0,0.0
/multi_agv/path_reference,1789710626.8185103,1789710626.8178089,world,s_curve,1,0.15791959985206275,0.09728872227197367,0.01595792541319467,0.15791959985206275,0.0,0.0,0.33112468060895045,0.07131705947361884,0.07131705947361884,0.0,0.15,-0.15,0.0,0.0,0.0
/multi_agv/path_reference,1789710626.828601,1789710626.8278673,world,s_curve,1,0.15889970142790322,0.09744509297888006,0.015546917227022297,0.15889970142790322,0.0,0.0,0.3321047821847909,0.07229716104945931,0.07229716104945931,0.0,0.15,-0.15,0.0,0.0,0.0
/multi_agv/path_reference,1789710626.8386893,1789710626.8378718,world,s_curve,1,0.15987601154186415,0.09759614029516575,0.015099336635589449,0.15987601154186415,0.0,0.0,0.3330810922987518,0.07327347116342024,0.07327347116342024,0.0,0.15,-0.15,0.0,0.0,0.0
/multi_agv/path_reference,1789710626.8484824,1789710626.847863,world,s_curve,1,0.16085252830005886,0.09774249814875154,0.01464939757880874,0.16085252830005886,0.0,0.0,0.3340576090569466,0.07424998792161495,0.07424998792161495,0.0,0.15,-0.15,0.0,0.0,0.0
/multi_agv/path_reference,1789710626.8585553,1789710626.8578045,world,s_curve,1,0.1618258345829789,0.0978835824375501,0.014188581596151623,0.1618258345829789,0.0,0.0,0.3350309153398666,0.07522329420453498,0.07522329420453498,0.0,0.15,-0.15,0.0,0.0,0.0
/multi_agv/path_reference,1789710626.8684304,1789710626.8678548,world,s_curve,1,0.16281084424578707,0.09802165996790739,0.013740564423809078,0.16281084424578707,0.0,0.0,0.33601592500267474,0.07620830386734316,0.07620830386734316,0.0,0.15,-0.15,0.0,0.0,0.0
/multi_agv/path_reference,1789710626.8784533,1789710626.8778348,world,s_curve,1,0.16379059305186205,0.09815421817953394,0.013280085206335942,0.16379059305186205,0.0,0.0,0.33699567380874973,0.07718805267341815,0.07718805267341815,0.0,0.15,-0.15,0.0,0.0,0.0
/multi_agv/path_reference,1789710626.8883018,1789710626.8878336,world,s_curve,1,0.16477330584972588,0.09828238569596608,0.012818200099824444,0.16477330584972588,0.0,0.0,0.3379783866066136,0.07817076547128197,0.07817076547128197,0.0,0.15,-0.15,0.0,0.0,0.0
/multi_agv/path_reference,1789710626.8983572,1789710626.8978026,world,s_curve,1,0.16575430299950047,0.09840568778248193,0.012368666546478536,0.16575430299950047,0.0,0.0,0.3389593837563882,0.07915176262105657,0.07915176262105657,0.0,0.15,-0.15,0.0,0.0,0.0
/multi_agv/path_reference,1789710626.908488,1789710626.9078498,world,s_curve,1,0.16674410275724802,0.09852511487690253,0.011887826911557575,0.16674410275724802,0.0,0.0,0.3399491835141357,0.08014156237880411,0.08014156237880411,0.0,0.15,-0.15,0.0,0.0,0.0
/multi_agv/path_reference,1789710626.9184637,1789710626.9179392,world,s_curve,1,0.16773931774112452,0.0986403050861943,0.011417028050787653,0.16773931774112452,0.0,0.0,0.3409443984980122,0.08113677736268061,0.08113677736268061,0.0,0.15,-0.15,0.0,0.0,0.0
/multi_agv/path_reference,1789710626.9283292,1789710626.927802,world,s_curve,1,0.16871339392531953,0.09874831440940618,0.010949593862094273,0.16871339392531953,0.0,0.0,0.34191847468220726,0.08211085354687563,0.08211085354687563,0.0,0.15,-0.15,0.0,0.0,0.0
/multi_agv/path_reference,1789710626.9383547,1789710626.9378204,world,s_curve,1,0.16970357251039947,0.09885337637504377,0.010488744342047995,0.16970357251039947,0.0,0.0,0.34290865326728714,0.08310103213195556,0.08310103213195556,0.0,0.15,-0.15,0.0,0.0,0.0
/multi_agv/path_reference,1789710626.9483402,1789710626.9478433,world,s_curve,1,0.17069540599039043,0.09895374562312786,0.01001369004340208,0.17069540599039043,0.0,0.0,0.34390048674727813,0.08409286561194652,0.08409286561194652,0.0,0.15,-0.15,0.0,0.0,0.0
/multi_agv/path_reference,1789710626.9583602,1789710626.9578526,world,s_curve,1,0.1716868117364388,0.09904928088264564,0.009544728575449616,0.1716868117364388,0.0,0.0,0.3448918924933265,0.08508427135799489,0.08508427135799489,0.0,0.15,-0.15,0.0,0.0,0.0
/multi_agv/path_reference,1789710626.9685385,1789710626.9678726,world,s_curve,1,0.17268028915279407,0.09914024111088335,0.009077024611259388,0.17268028915279407,0.0,0.0,0.3458853699096818,0.08607774877435016,0.08607774877435016,0.0,0.15,-0.15,0.0,0.0,0.0
/multi_agv/path_reference,1789710626.978465,1789710626.9778078,world,s_curve,1,0.17366611995644937,0.09922557589198913,0.008589093348921967,0.17366611995644937,0.0,0.0,0.3468712007133371,0.08706357957800546,0.08706357957800546,0.0,0.15,-0.15,0.0,0.0,0.0
/multi_agv/path_reference,1789710626.9888787,1789710626.9878464,world,s_curve,1,0.17466297948628778,0.09930739320095978,0.00815066057893834,0.17466297948628778,0.0,0.0,0.3478680602431755,0.08806043910784388,0.08806043910784388,0.0,0.15,-0.15,0.0,0.0,0.0
/multi_agv/path_reference,1789710626.9986243,1789710626.9978075,world,s_curve,1,0.17565299496170178,0.09938400701559832,0.0076909786570198415,0.17565299496170178,0.0,0.0,0.3488580757185895,0.08905045458325787,0.08905045458325787,0.0,0.15,-0.15,0.0,0.0,0.0
/multi_agv/path_reference,1789710627.0083652,1789710627.0078354,world,s_curve,1,0.17665034607022598,0.09945656285682637,0.007235320161628076,0.17665034607022598,0.0,0.0,0.3498554268271137,0.09004780569178207,0.09004780569178207,0.0,0.15,-0.15,0.0,0.0,0.0
/multi_agv/path_reference,1789710627.0182998,1789710627.0178323,world,s_curve,1,0.1776453300312479,0.09952449142384363,0.006794638255876825,0.1776453300312479,0.0,0.0,0.3508504107881356,0.091042789652804,0.091042789652804,0.0,0.15,-0.15,0.0,0.0,0.0
/multi_agv/path_reference,1789710627.0284152,1789710627.0278656,world,s_curve,1,0.17864439506536597,0.09958806062913958,0.006336658430596956,0.17864439506536597,0.0,0.0,0.3518494758222537,0.09204185468692207,0.09204185468692207,0.0,0.15,-0.15,0.0,0.0,0.0
/multi_agv/path_reference,1789710627.0383549,1789710627.0378475,world,s_curve,1,0.17963903979693696,0.09964691669687976,0.005896402497350847,0.17963903979693696,0.0,0.0,0.35284412055382464,0.09303649941849305,0.09303649941849305,0.0,0.15,-0.15,0.0,0.0,0.0
/multi_agv/path_reference,1789710627.0483108,1789710627.0478387,world,s_curve,1,0.18063528125361783,0.09970151404298547,0.005463974654902514,0.18063528125361783,0.0,0.0,0.3538403620105055,0.09403274087517392,0.09403274087517392,0.0,0.15,-0.15,0.0,0.0,0.0
/multi_agv/path_reference,1789710627.0582564,1789710627.0578017,world,s_curve,1,0.18162913624358618,0.09975154727471375,0.005021750990261898,0.18162913624358618,0.0,0.0,0.3548342170004739,0.09502659586514227,0.09502659586514227,0.0,0.15,-0.15,0.0,0.0,0.0
/multi_agv/path_reference,1789710627.0684462,1789710627.0678535,world,s_curve,1,0.18263216864187118,0.09979801239077227,0.0046231071260264345,0.18263216864187118,0.0,0.0,0.3558372493987589,0.09602962826342727,0.09602962826342727,0.0,0.15,-0.15,0.0,0.0,0.0
/multi_agv/path_reference,1789710627.0783625,1789710627.0778515,world,s_curve,1,0.18363038224084757,0.09984015979972989,0.004215534680942825,0.18363038224084757,0.0,0.0,0.3568354629977353,0.09702784186240367,0.09702784186240367,0.0,0.15,-0.15,0.0,0.0,0.0
/multi_agv/path_reference,1789710627.0884585,1789710627.087813,world,s_curve,1,0.1846252340852542,0.09987821520531705,0.0038205749030164856,0.1846252340852542,0.0,0.0,0.3578303148421419,0.09802269370681028,0.09802269370681028,0.0,0.15,-0.15,0.0,0.0,0.0
/multi_agv/path_reference,1789710627.0984895,1789710627.0978358,world,s_curve,1,0.18562680359648784,0.09991255502252425,0.0034256023547998274,0.18562680359648784,0.0,0.0,0.35883188435337554,0.09902426321804393,0.09902426321804393,0.0,0.15,-0.15,0.0,0.0,0.0
/multi_agv/path_reference,1789710627.1086123,1789710627.1078663,world,s_curve,1,0.1866292997530756,0.09994329944032235,0.003065047715068176,0.1866292997530756,0.0,0.0,0.3598343805099633,0.1000267593746317,0.1000267593746317,0.0,0.15,-0.15,0.0,0.0,0.0
/multi_agv/path_reference,1789710627.1184916,1789710627.1178057,world,s_curve,1,0.1876229518980413,0.0999702242969916,0.0027088795349824646,0.1876229518980413,0.0,0.0,0.360828032654929,0.10102041151959738,0.10102041151959738,0.0,0.15,-0.15,0.0,0.0,0.0
/multi_agv/path_reference,1789710627.128531,1789710627.1278746,world,s_curve,1,0.18862976740853404,0.09999406187566252,0.002367480726851616,0.18862976740853404,0.0,0.0,0.3618348481654218,0.10202722703009014,0.10202722703009014,0.0,0.15,-0.15,0.0,0.0,0.0
/multi_agv/path_reference,1789710627.1383252,1789710627.1378047,world,s_curve,1,0.18962293545365208,0.10001387118983486,0.0019948348174609128,0.18962293545365208,0.0,0.0,0.3628280162105398,0.10302039507520817,0.10302039507520817,0.0,0.15,-0.15,0.0,0.0,0.0
/multi_agv/path_reference,1789710627.148771,1789710627.1479235,world,s_curve,1,0.1906351071197408,0.1000314340027758,0.001735706918563667,0.1906351071197408,0.0,0.0,0.36384018787662853,0.10403256674129689,0.10403256674129689,0.0,0.15,-0.15,0.0,0.0,0.0
/multi_agv/path_reference,1789710627.1584308,1789710627.1578627,world,s_curve,1,0.191629484383373,0.10004582489610374,0.0014478898971672027,0.191629484383373,0.0,0.0,0.3648345651402607,0.10502694400492908,0.10502694400492908,0.0,0.15,-0.15,0.0,0.0,0.0
/multi_agv/path_reference,1789710627.1684628,1789710627.1678398,world,s_curve,1,0.1926277532283382,0.10005762739104727,0.0011829775589021643,0.1926277532283382,0.0,0.0,0.3658328339852259,0.10602521284989429,0.10602521284989429,0.0,0.15,-0.15,0.0,0.0,0.0
/multi_agv/path_reference,1789710627.1783593,1789710627.177823,world,s_curve,1,0.19362666307029436,0.1000669820035654,0.0009371094398951515,0.19362666307029436,0.0,0.0,0.3668317438271821,0.10702412269185045,0.10702412269185045,0.0,0.15,-0.15,0.0,0.0,0.0
/multi_agv/path_reference,1789710627.1883233,1789710627.1878595,world,s_curve,1,0.19463105666697486,0.10007420889463504,0.0007200617456671784,0.19463105666697486,0.0,0.0,0.36783613742386256,0.10802851628853095,0.10802851628853095,0.0,0.15,-0.15,0.0,0.0,0.0
/multi_agv/path_reference,1789710627.1983511,1789710627.197867,world,s_curve,1,0.19563269945538808,0.10007947149717443,0.0005258146785799088,0.19563269945538808,0.0,0.0,0.36883778021227576,0.10903015907694417,0.10903015907694417,0.0,0.15,-0.15,0.0,0.0,0.0
/multi_agv/path_reference,1789710627.2083113,1789710627.2078328,world,s_curve,1,0.1966301285952742,0.10008305626363072,0.00035969911905484443,0.1966301285952742,0.0,0.0,0.3698352093521619,0.1100275882168303,0.1100275882168303,0.0,0.15,-0.15,0.0,0.0,0.0
/multi_agv/path_reference,1789710627.218516,1789710627.2179136,world,s_curve,1,0.1976390624174646,0.10008512477687873,0.00020519423769539303,0.1976390624174646,0.0,0.0,0.3708441431743523,0.11103652203902069,0.11103652203902069,0.0,0.15,-0.15,0.0,0.0,0.0
/multi_agv/path_reference,1789710627.2283108,1789710627.2278073,world,s_curve,1,0.19862928803760432,0.10008627898704721,0.00011666088877419714,0.19862928803760432,0.0,0.0,0.37183436879449205,0.11202674765916042,0.11202674765916042,0.0,0.15,-0.15,0.0,0.0,0.0
/multi_agv/path_reference,1789710627.2382405,1789710627.2378016,world,s_curve,1,0.19962957024849856,0.10008672177830324,4.430502188891308e-05,0.19962957024849856,0.0,0.0,0.37283465100538626,0.11302702987005465,0.11302702987005465,0.0,0.15,-0.15,0.0,0.0,0.0
/multi_agv/path_reference,1789710627.2483811,1789710627.2478302,world,s_curve,1,0.20063332533055853,0.10008678784908892,6.588073950663208e-06,0.20063332533055853,-3.6819396179578045e-13,-2.2663062916385307e-09,0.37383840608744623,0.11403078529206057,0.11403078461216867,-3.9290395822489017e-10,0.15000000019589968,-0.1499999998041003,-1.861178679165376e-06,9.271883838491446e-07,9.271913764477407e-07
/multi_agv/path_reference,1789710627.2584395,1789710627.257861,world,s_curve,1,0.20163723392171012,0.10008548828186327,-0.00012956141772354468,0.20163723392171012,-1.607438411191334e-11,-3.91042955883664e-08,0.3748423146785977,0.11503469940891062,0.11503468767762196,-6.78913705943612e-09,0.15000000337045682,-0.14999999662954294,-1.2441301666217605e-05,6.161927787047994e-06,6.16206099431216e-06
/multi_agv/path_reference,1789710627.2684078,1789710627.2678745,world,s_curve,1,0.20263934647877452,0.10008548828186327,0.0,0.20263934647877452,-1.081940554940981e-10,-1.6361985699347424e-07,0.3758444272356599,0.11603683064331033,0.11603678155735322,-2.844798459947909e-08,0.1500000140616992,-0.14999998593829675,-3.23403593033051e-05,1.592430156633889e-05,1.592519819929976e-05
/multi_agv/path_reference,1789710627.2784781,1789710627.2779317,world,s_curve,1,0.20364585529091167,0.10008548828186327,0.0,0.20364585529091167,-3.9323599106802986e-10,-4.307214654248573e-07,0.3768509360477833,0.11704337952069561,0.11704325030425598,-7.499638219370314e-08,0.15000003690832317,-0.14999996309164895,-6.172440254016705e-05,3.0214492395014684e-05,3.0217745979152987e-05
/multi_agv/path_reference,1789710627.2883778,1789710627.287857,world,s_curve,1,0.20463930865170088,0.10008548828186327,0.0,0.20463930865170066,-1.0297296862833344e-09,-8.863717673465059e-07,0.37784438940852033,0.11803690122905587,0.11803663531752566,-1.5455382323014006e-07,0.15000007573225815,-0.14999992426762399,-9.996940621091147e-05,4.865089486119802e-05,4.865939702041652e-05
/multi_agv/path_reference,1789710627.298307,1789710627.29783,world,s_curve,1,0.2056375591426017,0.10008393620787119,-0.00015560991537592688,0.20563755914260076,-2.2427063280856592e-09,-1.5884883168446857e-06,0.3788426398992699,0.11903525703751364,0.1190347804910186,-2.7737695352842635e-07,0.15000013532422804,-0.14999986467539347,-0.00014765349587340934,7.14347786992353e-05,7.145325533993513e-05
/multi_agv/path_reference,1789710627.3083277,1789710627.3078253,world,s_curve,1,0.20663777247965945,0.10008393620787119,0.0,0.20663777247965637,-4.305471832538544e-09,-2.5895875383830457e-06,0.37984285323596334,0.1200356205396336,0.12003484366337208,-4.528351905447027e-07,0.15000021995888457,-0.1499997800401095,-0.00020474120652794916,9.846853090201421e-05,9.850392127176823e-05
/multi_agv/path_reference,1789710627.3183699,1789710627.317852,world,s_curve,1,0.20764134163109824,0.10008393620787119,0.0,0.2076413416310898,-7.553428896064388e-09,-3.945687157734165e-06,0.38084642238662925,0.12103939310639368,0.12103820940024636,-6.909664916910519e-07,0.15000033415193487,-0.14999966584572988,-0.0002713919741181545,0.00012974649356163663,0.0001298084382130856
/multi_agv/path_reference,1789710627.3285484,1789710627.3279417,world,s_curve,1,0.20865106104050093,0.10008393620787119,0.0,0.20865106104048076,-1.2395852360502104e-08,-5.718315901386112e-06,0.38185614179453664,0.12204937841083796,0.12204766291606756,-1.0028372198480811e-06,0.15000048282237896,-0.14999951717271617,-0.0003479302624959457,0.0001653369677354162,0.00016543838713248057
/multi_agv/path_reference,1789710627.3383248,1789710627.3378327,world,s_curve,1,0.2096411656793457,0.1000828819898623,-0.00010656366250170976,0.2096411656793026,-1.9102034494016907e-08,-7.905055814135773e-06,0.3828462464307785,0.12303981106193669,0.12303743954519249,-1.3882978651548479e-06,0.1500006654911941,-0.1499993344994324,-0.0004322194274622767,0.00020417420742100038,0.00020433012899358214
/multi_agv/path_reference,1789710627.3485363,1789710627.3479075,world,s_curve,1,0.21064946648704794,0.1000828819898623,0.0,0.21064946648696162,-2.8406481369452496e-08,-1.0640093657450603e-05,0.3838545472340449,0.1240485221274685,0.12404533009937133,-1.8713247625342595e-06,0.15000089304416833,-0.1499991069388499,-0.0005274632377610662,0.00024765588702063517,0.0002478872078147631
/multi_agv/path_reference,1789710627.3585346,1789710627.3579466,world,s_curve,1,0.21165421134995305,0.1000828819898623,0.0,0.2116542113497911,-4.069932084314467e-08,-1.3926994742905335e-05,0.38485929208988123,0.12505376002895732,0.1250495819305346,-2.4529255699108337e-06,0.1500011653992566,-0.14999883457164923,-0.0006318167327744602,0.0002948526732148323,0.0002951833112337218
/multi_agv/path_reference,1789710627.3684344,1789710627.3678741,world,s_curve,1,0.2126475769893417,0.1000828819898623,0.0,0.21264757698905506,-5.639596987941275e-08,-1.777801031927062e-05,0.38585265771857136,0.12604770332584458,0.1260423699227491,-3.1356376827632603e-06,0.15000148320118223,-0.14999851675140913,-0.0007442618546611847,0.0003452355685086103,0.0003456926386177194
/multi_agv/path_reference,1789710627.3783174,1789710627.377831,world,s_curve,1,0.21364431657307337,0.10008262575892972,-2.5728149009113528e-05,0.21364431657258695,-7.631059475857162e-08,-2.2292890467329043e-05,0.3868493972864355,0.12704512014923242,0.12703843228209277,-3.937552488136929e-06,0.15000185427307897,-0.1499981456523751,-0.0008663604701060289,0.0003994326998401497,0.0004000497002203349
/multi_agv/path_reference,1789710627.3884072,1789710627.387818,world,s_curve,1,0.21464373897167113,0.10008262575892972,0.0,0.21464373897087502,-1.0114454475633213e-07,-2.7524195716375306e-05,0.38784881966215423,0.12804532725459228,0.12803706999587838,-4.86847508597756e-06,0.15000228246390723,-0.14999771742245555,-0.0009981161755885392,0.0004573643318518366,0.00045818017093344
/multi_agv/path_reference,1789710627.3983626,1789710627.397833,world,s_curve,1,0.21564618096317067,0.10008262575892972,0.0,0.2156461809619079,-1.316808842163346e-07,-3.352965252297579e-05,0.3888512616214338,0.1290486700800224,0.1290386111842674,-5.9391870561205695e-06,0.1500027719878839,-0.14999722784348044,-0.0011396567116076972,0.0005190047545139729,0.0005200643528917926
/multi_agv/path_reference,1789710627.4083414,1789710627.4078238,world,s_curve,1,0.21664589009849125,0.10008262575892972,0.0,0.2166458900965475,-1.685288404734562e-07,-4.0324703753349184e-05,0.38985097071261243,0.13004939849407637,0.13003730108295364,-7.152972408676996e-06,0.15000332357098747,-0.14999667618510024,-0.0012901769951198499,0.0005839259944581356,0.0005852788418374152
/multi_agv/path_reference,1789710627.4183598,1789710627.4178486,world,s_curve,1,0.21764927107279056,0.10008235698313235,-2.680907450875811e-05,0.21764927106986906,-2.1276848003507588e-07,-4.800359932830377e-05,0.3908543516271946,0.1310539313311027,0.13103953025130977,-8.527235775121975e-06,0.1500039442923416,-0.14999605536200655,-0.001450657405330058,0.0006524727560227501,0.0006541766109618041
/multi_agv/path_reference,1789710627.4283457,1789710627.42782,world,s_curve,1,0.2186471942559165,0.10008235698313235,0.0,0.21864719425163245,-2.648573281247624e-07,-5.654310473667186e-05,0.3918522747316412,0.132053135477334,0.13203617254592204,-1.005841034506664e-05,0.15000463167939612,-0.14999536784103543,-0.0016196152302209764,0.0007239369302007252,0.0007260528047087393
/multi_agv/path_reference,1789710627.4383943,1789710627.4378798,world,s_curve,1,0.21965401275893112,0.10008235698313235,0.0,0.21965401275275473,-3.2652329061307584e-07,-6.612000728353028e-05,0.3928590931310286,0.133061390564703,0.13304155456253242,-1.1778844483458292e-05,0.15000539930941664,-0.14999460003480503,-0.001799531322703423,0.0007992871704076489,0.0008018893388674478
/multi_agv/path_reference,1789710627.4483004,1789710627.4478357,world,s_curve,1,0.22065045092004415,0.10008235698313235,0.0,0.22065045091133212,-3.975445821887745e-07,-7.659720040631749e-05,0.3938555311601114,0.13405940036699215,0.13403642120689274,-1.3664568851343278e-05,0.15000623552751757,-0.1499937635924128,-0.0019869423171407774,0.00087699859251997,0.0008801590950760427
/multi_agv/path_reference,1789710627.4585059,1789710627.4578195,world,s_curve,1,0.22164964173427573,0.10008159391535731,-7.643088597629131e-05,0.22164964172217538,-4.797628270805776e-07,-8.814937992749769e-05,0.39485472180613423,0.1350603240871679,0.1350338792732239,-1.574768327631964e-05,0.15000715361462405,-0.14999284521982895,-0.0021842127560195894,0.000957984469523905,0.0009617893557696882
/multi_agv/path_reference,1789710627.4684052,1789710627.4678705,world,s_curve,1,0.22265555923259756,0.10008159391535731,0.0,0.22265555921600616,-5.747434684490669e-07,-0.00010088575485071928,0.39586063909145874,0.1360681521414817,0.13603788641507786,-1.8048668754946064e-05,0.15000816145582963,-0.14999183701748003,-0.0023922620239711276,0.001042534888997159,0.0010470819011388721
/multi_agv/path_reference,1789710627.4783168,1789710627.4777997,world,s_curve,1,0.22364941749934214,0.10008159391535731,0.0,0.22364941747698383,-6.817350560787649e-07,-0.00011460701949327441,0.3968544970963672,0.13706406872017846,0.13702968661440573,-2.0532253079262234e-05,0.15000924253884784,-0.14999075549093682,-0.0026071309840929075,0.001128972518480482,0.0011343528924719103
/multi_agv/path_reference,1789710627.4884667,1789710627.48785,world,s_curve,1,0.22465506007352548,0.10008159391535731,0.0,0.22465506004366803,-8.044681867831742e-07,-0.0001296895975096036,0.3978601393439537,0.13807197383309705,0.13803306695395323,-2.3267365333793615e-05,0.15001042571893233,-0.14998957175815888,-0.0028339716029966537,0.0012192945836706928,0.0012256280037378393
/multi_agv/path_reference,1789710627.4985752,1789710627.4978337,world,s_curve,1,0.22565442849670062,0.10008090878571131,-6.861173118729769e-05,0.22565442845735736,-9.420815311029804e-07,-0.00014591967116153243,0.3988595073702561,0.13907377695150447,0.13903000105031138,-2.6216109868963283e-05,0.15001169333569656,-0.1499883034704209,-0.003068788580675774,0.001311827934156185,0.0013192266037928575
/multi_agv/path_reference,1789710627.5086172,1789710627.5078192,world,s_curve,1,0.226653655105228,0.10008090878571131,0.0,0.22665365505393548,-1.0965296181476356e-06,-0.0001634317189981728,0.39985873349767564,0.1400756305898059,0.1400266010743247,-2.9403733579449244e-05,0.150013055069118,-0.14998694092439296,-0.0033129328502033858,0.0014070392098277432,0.0014156297247182946
/multi_agv/path_reference,1789710627.518709,1789710627.5178537,world,s_curve,1,0.22765795291348448,0.10008090878571131,0.0,0.22765795284718499,-1.270059070988573e-06,-0.00018237351474853855,0.40086303072366364,0.14108276993600624,0.14102805788188497,-3.28580782458232e-05,0.15001452145600902,-0.14998547355497616,-0.0035677476223180318,0.0015053702186576486,0.0015152956588123116
/multi_agv/path_reference,1789710627.5286024,1789710627.527828,world,s_curve,1,0.22865629500694,0.10008090878571131,0.0,0.2286562949221524,-1.462102638487533e-06,-0.00020258162394548625,0.4018613721249312,0.1420841435641469,0.14202336907737895,-3.6550268933827885e-05,0.1500160789025606,-0.14998391494154226,-0.0038304224960285216,0.0016056636188259083,0.0016170617528404898
/multi_agv/path_reference,1789710627.5384424,1789710627.537852,world,s_curve,1,0.22965933724124526,0.10008015397379445,-7.531257436313611e-05,0.22965933713361458,-1.6760770603824262e-06,-0.00022431542551920312,0.4028644135328867,0.14309044624752415,0.14302315162043272,-4.0528648126624834e-05,0.150017746434667,-0.1499822460177215,-0.004103743020191786,0.0017089106272656113,0.0017219445024714293
/multi_agv/path_reference,1789710627.548611,1789710627.5478623,world,s_curve,1,0.23066130021117007,0.10008015397379445,0.0,0.2306613000756654,-1.9123230205387256e-06,-0.00024750345841278353,0.403866375527458,0.14409588786815195,0.14402163683138616,-4.478117908485744e-05,0.1500195175106645,-0.14998047330064124,-0.004386184612685358,0.0018144554794470085,0.0018292896493664077
/multi_agv/path_reference,1789710627.5587904,1789710627.5579288,world,s_curve,1,0.23166875127649833,0.10008015397379445,0.0,0.23166875110697005,-2.1740516435707144e-06,-0.000272353715548735,0.4048738254399804,0.14510706699729206,0.14502536088363757,-4.934709835643883e-05,0.1500214069084719,-0.14997858196504618,-0.004679659779249923,0.0019229309421789611,0.0019397533011288504
/multi_agv/path_reference,1789710627.5687888,1789710627.567918,world,s_curve,1,0.23266826298321186,0.10008015397379445,0.0,0.2326682627729675,-2.459244589666784e-06,-0.0002985748897289937,0.4058733358095017,0.1461105124874943,0.14602094002190646,-5.417393170878806e-05,0.1500233914129476,-0.1499765952150078,-0.004980221208321863,0.0020328086426223708,0.002051790510206612
/multi_agv/path_reference,1789710627.578576,1789710627.5778248,world,s_curve,1,0.23365984010486127,0.10007925192458789,-9.104325606279647e-05,0.2336598398462464,-2.7688629879292468e-06,-0.0003261742867784331,0.40686491138951886,0.1471062302167593,0.14700837793246088,-5.9263905668459876e-05,0.1500254706791275,-0.14997451336242282,-0.005287645795315476,0.0021439631020856867,0.002165281968473604
/multi_agv/path_reference,1789710627.58875,1789710627.58785,world,s_curve,1,0.23466315021776857,0.10007925192458789,0.0,0.2346631499008456,-3.110810901904425e-06,-0.0003557531076314564,0.40786821969729226,0.14811397796764136,0.14800725203760312,-6.472905533898761e-05,0.1500276888192962,-0.14997229219666294,-0.005608082669125964,0.0022585382319515197,0.0022824300141134966
/multi_agv/path_reference,1789710627.5986128,1789710627.5978453,world,s_curve,1,0.2356634311318786,0.10007925192458789,0.0,0.2356634307459995,-3.482118999832901e-06,-0.0003869421139999911,0.4088684985363913,0.14911893816645516,0.1490028555351519,-7.050245743101442e-05,0.15003001682090092,-0.1499699607204694,-0.005936937099619498,0.0023748025291751595,0.0024014791871219054
/multi_agv/path_reference,1789710627.6087203,1789710627.6078978,world,s_curve,1,0.23666959490457526,0.10007925192458789,0.0,0.23666959443679952,-3.887963813984547e-06,-0.00042007118192821294,0.4098746599118207,0.150130072374725,0.1500040510238528,-7.664642466367801e-05,0.15003247803212622,-0.14996749549890448,-0.006277176855974788,0.0024937267318371694,0.0025234375172795273
/multi_agv/path_reference,1789710627.6185064,1789710627.617838,world,s_curve,1,0.237664381249125,0.10007914938293123,-1.031606618875008e-05,0.23766438068623266,-4.32286925306654e-06,-0.0004546013424799931,0.4108694435456335,0.15113003945555545,0.15099365905750892,-8.306212877742945e-05,0.15003503126083084,-0.14996493773981262,-0.006622885443329244,0.0026131821758426216,0.0026461339381766017
/multi_agv/path_reference,1789710627.6284325,1789710627.6278634,world,s_curve,1,0.23866758024697188,0.10007914938293123,0.0,0.23866757957190796,-4.797155989723711e-06,-0.0004912553584341192,0.4118726394288468,0.1521387379442397,0.15199136134263724,-8.988507659715516e-05,0.1500377287044273,-0.14996223509579934,-0.0069808957007265,0.0027354640624880342,0.0027719388884522686
/multi_agv/path_reference,1789710627.6383278,1789710627.6378052,world,s_curve,1,0.2396627656070902,0.10007914938293123,0.0,0.2396627648024348,-5.3049100605886425e-06,-0.0005294771584046851,0.412867821280642,0.15313965813338096,0.1529808149932814,-9.701303975599724e-05,0.150040528128833,-0.14995942981925875,-0.0073453480122524445,0.002858499425505487,0.0028987337649904847
/multi_agv/path_reference,1789710627.6485405,1789710627.6478653,world,s_curve,1,0.24066955954806207,0.10007914938293123,0.0,0.24066955859127226,-5.858260171826845e-06,-0.0005700739655270057,0.4138746112036925,0.1541525433752595,0.15398152119486466,-0.0001045979620601883,0.15004348721694852,-0.14995646403540383,-0.007723475355731399,0.0029846506814143934,0.003028968844253699
/multi_agv/path_reference,1789710627.6583433,1789710627.6578283,world,s_curve,1,0.24166645813312515,0.10007928702799074,1.3818275624418607e-05,0.24166645700217296,-6.447409369623936e-06,-0.0006122263396646497,0.414871505298603,0.15515576679917067,0.15497209890874505,-0.00011248811534835086,0.15004654483203878,-0.1499533989447993,-0.00810722164351832,0.0031111557764829977,0.0031598079027147083
/multi_agv/path_reference,1789710627.668323,1789710627.6678216,world,s_curve,1,0.24266660088835654,0.10007928702799074,0.0,0.2426665995561875,-7.0817020696123685e-06,-0.0006565128583583879,0.4158716429865907,0.15616255476266555,0.15596560091930617,-0.000120793056551073,0.15004974164948728,-0.14995019369914506,-0.008501547394507836,0.003239594341413776,0.0032928973269877797
/multi_agv/path_reference,1789710627.6783526,1789710627.6778052,world,s_curve,1,0.24366591298550558,0.10007928702799074,0.0,0.2436659114225556,-7.760720194642377e-06,-0.0007028025025762763,0.4168709494037347,0.15716881279867403,0.15695797206525794,-0.00012948967438855058,0.150053066712052,-0.14994685919824738,-0.00890487550275531,0.0033693771255698577,0.0034276426928506482
/multi_agv/path_reference,1789710627.6886919,1789710627.6878197,world,s_curve,1,0.24466799557755742,0.10007928702799074,0.0,0.2446679937497778,-8.489118931390147e-06,-0.0007513101748795769,0.4178730256223935,0.1581781743290996,0.1579527812978402,-0.0001386198462024615,0.1500565339096827,-0.1499433814202744,-0.009318681988076536,0.003500904383275312,0.0035644759702118554
/multi_agv/path_reference,1789710627.698801,1789710627.6978421,world,s_curve,1,0.24567113312261862,0.10007938859391191,1.0132862978814759e-05,0.24567113099232038,-9.268040353231302e-06,-0.0008020068515158994,0.41887615604515893,0.15918891948073186,0.15894831745107021,-0.00014817968694594324,0.15006013954182146,-0.14993976397593523,-0.009742307150573903,0.0036338871343984465,0.003703114107736838
/multi_agv/path_reference,1789710627.7086914,1789710627.707845,world,s_curve,1,0.24667224446037836,0.10007938859391191,0.0,0.24667224198661464,-1.0097172327955416e-05,-0.0008547754076389499,0.4198772594681397,0.16019794954138455,0.15994151695031955,-0.0001581485978083196,0.15006387374234076,-0.1499360166615163,-0.010174431006451753,0.0037678436066863395,0.0038430707149849416
/multi_agv/path_reference,1789710627.7186325,1789710627.7178428,world,s_curve,1,0.24767265284051262,0.10007938859391191,0.0,0.24767264997744562,-1.0979595380527082e-05,-0.0009097180220965322,0.42087765906321206,0.16120660311905505,0.1609336877500696,-0.00016854735713024894,0.1500677422164826,-0.14993213364549396,-0.010615581040714124,0.003902874779243445,0.003984466610275058
/multi_agv/path_reference,1789710627.728536,1789710627.7278786,world,s_curve,1,0.24867717558439137,0.10007938859391191,0.0,0.24867717227903466,-1.1922091826832315e-05,-0.0009671518924075205,0.4218821720294034,0.1622197451650949,0.1619295996426055,-0.00017943768734025016,0.15007176555222662,-0.14992809414036684,-0.01106792355096952,0.004039565623441851,0.004127932892622852
/multi_agv/path_reference,1789710627.7383823,1789710627.7378352,world,s_curve,1,0.24967366740412728,0.10007911183010137,-2.7795788983503822e-05,0.24967366360377385,-1.2915181015890115e-05,-0.001026409951129606,0.42287865312338746,0.16322513030960292,0.16291720737833107,-0.0001906945682753502,0.1500758954988167,-0.149923946473589,-0.011525928711493525,0.0041761868113392815,0.004271669640211944
/multi_agv/path_reference,1789710627.748411,1789710627.7478664,world,s_curve,1,0.2506775675801164,0.10007911183010137,0.0,0.2506775632185419,-1.397654452687102e-05,-0.0010884488101946597,0.42388254137560777,0.16423834142930044,0.16391180685071743,-0.00020250137137148926,0.15008019701484326,-0.14991962527705238,-0.011996677654335089,0.0043147835717830775,0.00441784577064729
/multi_agv/path_reference,1789710627.7587497,1789710627.7579408,world,s_curve,1,0.2516858198964417,0.10007911183010137,0.0,0.25168581490161734,-1.5106407674783545e-05,-0.0011531616609168568,0.42489078049603435,0.16525630631521,0.16491035789360758,-0.00021483982201265056,0.15008466056586897,-0.1499151399668807,-0.012478895113324458,0.004454879725512016,0.00456598336860998
/multi_agv/path_reference,1789710627.768504,1789710627.7678843,world,s_curve,1,0.25268096214935454,0.10007911183010137,0.0,0.25268095645435223,-1.6286739999684765e-05,-0.0012194363336825757,0.42588590843111573,0.1662613958706895,0.16589556506125136,-0.00022749925630666826,0.15008920799129474,-0.14991056895498714,-0.012964100184038159,0.004593967573842968,0.004713443857843796
/multi_agv/path_reference,1789710627.778409,1789710627.7778382,world,s_curve,1,0.2536771319798712,0.10007910834234361,-3.503937545162786e-07,0.25367712550190447,-1.7535552949277543e-05,-0.0012882099473590421,0.4268820625432067,0.16726788841991302,0.16688142554259355,-0.00024065999920147417,0.1500939022088289,-0.14990584886847524,-0.013459010629356625,0.004733939387506315,0.004862244507954947
/multi_agv/path_reference,1789710627.7883384,1789710627.7878504,world,s_curve,1,0.25467915283537795,0.10007910834234361,0.0,0.2546791454791462,-1.886206834529595e-05,-0.0013598800140070316,0.42788406608426244,0.16828066711581935,0.16787270323735676,-0.00025440012339532586,0.15009876826367716,-0.14990095434531772,-0.01396611092180672,0.0048754114071373755,0.005013063136175634
/multi_agv/path_reference,1789710627.7983959,1789710627.797862,world,s_curve,1,0.2556811001327401,0.10007910834234361,0.0,0.25568109179888704,-2.026156166644546e-05,-0.0014340835667994594,0.4288859944493951,0.16929375293491958,0.16886352801234625,-0.0002686520365262548,0.15010377943111414,-0.14989591207958725,-0.014482475383629002,0.005017483725362478,0.005164962962264022
/multi_agv/path_reference,1789710627.8086066,1789710627.8079457,world,s_curve,1,0.2566902594308867,0.10007910834234361,0.0,0.2566902500026477,-2.174759723236453e-05,-0.0015114269008749406,0.42989513292375325,0.17031452249090814,0.16986109459328166,-0.0002835343159850925,0.15010897443133084,-0.14989068290704285,-0.01501195019734579,0.005161125834145292,0.0053190047702493274
/multi_agv/path_reference,1789710627.8183298,1789710627.8178353,world,s_curve,1,0.25768000620230747,0.10007947447672,3.7022132362239434e-05,0.25767999558423405,-2.328211893570041e-05,-0.0015898605886017596,0.4308848574396772,0.17131604364433714,0.1708390856686877,-0.0002986539345690583,0.15011421421466906,-0.1498854066369071,-0.015540388641962947,0.005302470337491707,0.005471052080297915
/multi_agv/path_reference,1789710627.8287215,1789710627.8279734,world,s_curve,1,0.2586945934999291,0.10007947447672,0.0,0.25869458153175307,-2.4937108257010532e-05,-0.0016729519035696568,0.43189941990827235,0.17234310501197372,0.171841219675013,-0.0003147007426536031,0.15011973480138485,-0.1498798453835023,-0.016091484877851732,0.0054477710381630835,0.005627856280079993
/multi_agv/path_reference,1789710627.8385987,1789710627.8379667,world,s_curve,1,0.2596947332245359,0.10007947447672,0.0,0.25969471978517833,-2.6652381756358023e-05,-0.0017575628995774868,0.43289953302451945,0.17335594746471536,0.17282867886630007,-0.0003310710489866652,0.15012532527486747,-0.1498742113711499,-0.01664403400474381,0.005591339022305542,0.005783305961423531
/multi_agv/path_reference,1789710627.84873,1789710627.8479218,world,s_curve,1,0.26069107303157624,0.10007947447672,0.0,0.26069105797633124,-2.8446623780517824e-05,-0.0018445583093630621,0.43389584407722126,0.1743653485153928,0.17381198133637962,-0.00034793331354445833,0.15013104154152204,-0.14986844809931912,-0.01720365582876205,0.0057346258696326395,0.005938979125845072
/multi_agv/path_reference,1789710627.8584824,1789710627.8578596,world,s_curve,1,0.26168545647029623,0.10008059104893785,0.0001123783876120111,0.2616854396403784,-3.032511613512519e-05,-0.0019341126358005155,0.4348901964353039,0.17537317795740787,0.17479294452842326,-0.00036532304255220284,0.15013689328778426,-0.14986254559363746,-0.017771297143889746,0.005877827749122785,0.00609510470966072
/multi_agv/path_reference,1789710627.8686452,1789710627.8679407,world,s_curve,1,0.26269454935396624,0.10008059104893785,0.0,0.2626945305441779,-3.2323861503138015e-05,-0.002027817141709254,0.4358992551878731,0.17639634058512493,0.17578799585953558,-0.00038355185258224557,0.15014298173096507,-0.14985640146289225,-0.018356637991645115,0.006023280475184053,0.0062542610122821585
/multi_agv/path_reference,1789710627.8785317,1789710627.8779385,world,s_curve,1,0.26369514459481147,0.10008059104893785,0.0,0.2636951236295772,-3.440055896008281e-05,-0.0021235800574196076,0.43689981384446586,0.1774113152913338,0.17677424175293183,-0.0004022151378500537,0.15014916851119248,-0.14985015505022264,-0.01894629251769804,0.00616757264321958,0.0064127419389535196
/multi_agv/path_reference,1789710627.8885245,1789710627.8879385,world,s_curve,1,0.2646959489040114,0.10008059104893785,0.0,0.2646959255762181,-3.657497465947659e-05,-0.0022222361611380793,0.43790057866105064,0.17842693418361902,0.1777602638839846,-0.00042147725161411953,0.15015550578895356,-0.14984375346131787,-0.019545266586439562,0.006311891889494368,0.006571866196723362
/multi_agv/path_reference,1789710627.8986928,1789710627.8978534,world,s_curve,1,0.2656882516655874,0.10008192328378757,0.00013436687993639731,0.26568822577547535,-3.8829821974127886e-05,-0.0023229270748297507,0.43889283922611444,0.179434357798018,0.1787374803022935,-0.00044117223172286495,0.1501619366838176,-0.1498372539180171,-0.020148222542159564,0.006454916498981385,0.006730190448772563
/multi_agv/path_reference,1789710627.9086323,1789710627.9078941,world,s_curve,1,0.26669315704318913,0.10008192328378757,0.0,0.2666931283181154,-4.121661553522779e-05,-0.002427848350524249,0.4398976986011165,0.18045502007142294,0.17972666628180672,-0.00046173187203544787,0.15016859892936107,-0.1498305169039313,-0.020768029462518437,0.006599621418482775,0.006891034012434691
/multi_agv/path_reference,1789710627.9183452,1789710627.9178588,world,s_curve,1,0.2676903353957399,0.10008192328378757,0.0,0.2676903036008277,-4.369075652579146e-05,-0.0025349345693381356,0.44089482785933193,0.18146828124974587,0.18070780169340514,-0.00048275383309233225,0.15017535884002023,-0.14982367727650528,-0.021392204166197724,0.006743012460508984,0.007051095964046075
/multi_agv/path_reference,1789710627.9289331,1789710627.9278405,world,s_curve,1,0.268689370968541,0.10008192328378757,0.0,0.26868933582274,-4.62780853978555e-05,-0.0026452242401196245,0.4418938106037086,0.18248388160554396,0.1816903152589674,-0.0005044438292136639,0.15018227999597,-0.14981667042294988,-0.022026653820492775,0.006886404018213187,0.007211860254071053
/multi_agv/path_reference,1789710627.9386706,1789710627.9378362,world,s_curve,1,0.2696897717991044,0.10008339915149388,0.0001476506738426754,0.26968973300166016,-4.898088110089041e-05,-0.002758712868205972,0.44289415467061904,0.18350132857253237,0.18267371576182895,-0.0005268033601453006,0.15018935957153162,-0.14980949885468897,-0.022671098406025224,0.007029658799847187,0.007373199455540774
/multi_agv/path_reference,1789710627.9485075,1789710627.9478135,world,s_curve,1,0.27068834961055227,0.10008339915149388,0.0,0.27068830685145695,-5.1793507967309976e-05,-0.002875071621680505,0.44389267174904945,0.18451738455177677,0.18365486425354452,-0.000549769834333214,0.15019657470288045,-0.14980218539244916,-0.023323465830661697,0.007172255469399907,0.007534549299127
/multi_agv/path_reference,1789710627.9584818,1789710627.9578762,world,s_curve,1,0.27169538426906165,0.10008339915149388,0.0,0.2716953371717621,-5.474920981904846e-05,-0.0029955642786602893,0.4448996408095319,0.18554251932266613,0.1846438513830881,-0.00057359538664653,0.15020400087369687,-0.1497946531165075,-0.02399055032479228,0.00731559234961484,0.0076975235878657235
/multi_agv/path_reference,1789710627.9688668,1789710627.9678152,world,s_curve,1,0.2726901903375291,0.10008339915149388,0.0,0.2726901385931064,-5.778971869081251e-05,-0.0031177325251041956,0.4458943775518048,0.18655567823489422,0.18562035999262017,-0.0005977959576457119,0.1502114843821698,-0.14978705758059652,-0.024658585298956242,0.007456663432283639,0.007858724066063952
/multi_agv/path_reference,1789710627.9787378,1789710627.9778104,world,s_curve,1,0.2736905798299818,0.1000843374923187,9.387665554515926e-05,0.2736905230251736,-6.097143763189939e-05,-0.0032437665317644688,0.44689469254908476,0.1875750023897086,0.18660187413672735,-0.0006228072964466309,0.150219157340869,-0.14977926435731803,-0.02533942838657155,0.007597935603197623,0.008020985962490958
/multi_agv/path_reference,1789710627.9887326,1789710627.9878097,world,s_curve,1,0.27469136305421815,0.1000843374923187,0.0,0.2746913007724766,-6.428217648062768e-05,-0.003373074974004226,0.44789539619822305,0.18859521334626414,0.18758329277294253,-0.0006485147918863751,0.1502269808094228,-0.1497713125469783,-0.026029615696341296,0.007738606636453895,0.00818342013918069
/multi_agv/path_reference,1789710627.9987295,1789710627.9978127,world,s_curve,1,0.27569244743222604,0.1000843374923187,0.0,0.27569237922959317,-6.772500808667217e-05,-0.003505683041583055,0.4488963956584934,0.1896162223942763,0.18856451963600965,-0.0006749258786794153,0.1502349536921346,-0.1497632028377152,-0.02672907933660271,0.007878598895492507,0.008345963058660914
/multi_agv/path_reference,1789710628.0089726,1789710628.00781,world,s_curve,1,0.2766930904383056,0.1000843374923187,0.0,0.2766930158464403,-7.130062956852508e-05,-0.003641525200409535,0.44989694819378884,0.19063727724559834,0.1895448220999336,-0.0007020299019956584,0.15024306945481017,-0.1497549414415201,-0.027437284810092322,0.008017745076003491,0.008508445833063743
/multi_agv/path_reference,1789710628.018514,1789710628.0178077,world,s_curve,1,0.2776936826130045,0.1000849292882255,5.9194797824252385e-05,0.2776936011311173,-7.501364820606911e-05,-0.0037806852676216503,0.45089744402904575,0.19165878112130894,0.1905245782429971,-0.0007298459853150658,0.15025133050304337,-0.14974652546234654,-0.028154487774395737,0.008156036760443764,0.008670883860572996
/multi_agv/path_reference,1789710628.0286307,1789710628.0278113,world,s_curve,1,0.2786948765983832,0.1000849292882255,0.0,0.2786947876889527,-7.886994621270573e-05,-0.003923289747905426,0.4518985354437164,0.19268140576405607,0.19150442185908562,-0.0007584019205792512,0.15025974162726788,-0.14973794954532674,-0.02888114911752743,0.008293500385726425,0.008833335295535347
/multi_agv/path_reference,1789710628.0390098,1789710628.0378666,world,s_curve,1,0.2797010409014353,0.1000849292882255,0.0,0.2797009439563962,-8.289093711916143e-05,-0.004070022007626091,0.4529045901373289,0.1937096224815692,0.19248861925029043,-0.0007878374813793713,0.15026833995579025,-0.14972917528576835,-0.0296205001634848,0.008430664757466068,0.008996460317850289
/multi_agv/path_reference,1789710628.0489893,1789710628.047908,world,s_curve,1,0.28070628232135447,0.1000849292882255,0.0,0.2807061767408561,-8.705740277925255e-05,-0.004220076117615451,0.4539097151917158,0.19473741705418227,0.19347139797667004,-0.0008179938579801503,0.15027707514862057,-0.1497202534989782,-0.030368250150674337,0.008566657334173637,0.009159254906325704
/multi_agv/path_reference,1789710628.0588593,1789710628.0578399,world,s_curve,1,0.28170029961198034,0.10008547297979596,5.474314028308831e-05,0.2817001848591732,-9.132739671050863e-05,-0.004371883929095163,0.45490361035237903,0.19575425261290072,0.19444269161223973,-0.0008485574935007426,0.15028585415128617,-0.14971127884791693,-0.031116557458847355,0.008700041716053257,0.009320007510734536
/multi_agv/path_reference,1789710628.06858,1789710628.0678458,world,s_curve,1,0.28270168899837494,0.10008547297979596,0.0,0.282701564330434,-9.57833631162546e-05,-0.0045282973394160314,0.4559048692639741,0.1967791541432062,0.19542066958412144,-0.000880104788993796,0.15029483944169092,-0.14970208474204588,-0.03187935424593804,0.008833257985690816,0.009481680343945576
/multi_agv/path_reference,1789710628.078576,1789710628.0778117,world,s_curve,1,0.28369917254918653,0.10008547297979596,0.0,0.2836990372916169,-0.0001003794160414081,-0.004687604223765099,0.456902215079519,0.197800586456141,0.1963943103391906,-0.0009122933107176404,0.15030392951181254,-0.14969277444921913,-0.032648080389885446,0.00896473878220542,0.00964240520652639
/multi_agv/path_reference,1789710628.0885637,1789710628.08787,world,s_curve,1,0.2847058467488109,0.10008547297979596,0.0,0.28470570004027995,-0.00010518069916563525,-0.0048519557343098575,0.4579087420496758,0.198831969540177,0.19737638853098693,-0.0009455607866488365,0.15031324373745614,-0.14968322504830422,-0.03343288358807013,0.009096138993245309,0.009804243361123708
/multi_agv/path_reference,1789710628.098653,1789710628.0978096,world,s_curve,1,0.2857006781385932,0.10008628898151789,8.209490069293188e-05,0.285700519316409,-0.000110089835841273,-0.005017934678211504,0.45890341945462,0.19985175629029087,0.19834638220431602,-0.0009792179696099298,0.15032258575987306,-0.14967363729778693,-0.03421731440792011,0.009224657778423951,0.00996376933556557
/multi_agv/path_reference,1789710628.108486,1789710628.1078374,world,s_curve,1,0.2867043366386322,0.10008628898151789,0.0,0.28670416474647115,-0.00011521164345337861,-0.005189004335709964,0.45990691366885417,0.20088113744269287,0.1993244431278663,-0.0010139695251644583,0.15033214786948368,-0.14966381327467937,-0.03501761414842059,0.009352910779668438,0.010124253875961421
/multi_agv/path_reference,1789710628.1186728,1789710628.1178427,world,s_curve,1,0.2877057236803428,0.10008628898151789,0.0,0.28770553785024555,-0.0001204948013910668,-0.005363339071391099,0.4609081274558707,0.2019087400511815,0.20029974604368436,-0.0010494479247440298,0.15034182436000734,-0.14965386083943652,-0.03582500333566452,0.009479405625785581,0.010283872515695125
/multi_agv/path_reference,1789710628.1285563,1789710628.1278708,world,s_curve,1,0.2887094279198159,0.10008628898151789,0.0,0.2887092271699152,-0.00012596720486664022,-0.005541768480403782,0.4619116482658543,0.202939277639154,0.2012767556047372,-0.0010858247489708515,0.15035165823323854,-0.14964373509886758,-0.036643164879824726,0.009604661506081783,0.010443311336626447
/multi_agv/path_reference,1789710628.1384158,1789710628.137803,world,s_curve,1,0.2897035359284468,0.10008732109254691,0.0001039134853230789,0.289703319412737,-0.00013156567418236962,-0.005722164387872545,0.46290556453606857,0.20396051682521538,0.20224387687692696,-0.0011226682104283335,0.15036152986324516,-0.14963355867536396,-0.03746227365029662,0.009727149269209104,0.010600639537329959
/multi_agv/path_reference,1789710628.1484,1789710628.147866,world,s_curve,1,0.2907106592923125,0.10008732109254691,0.0,0.2907104257471336,-0.00013742214699550805,-0.0059086789614160515,0.46391248300274673,0.2049956938063815,0.20322310043227254,-0.001160829408701045,0.1503716630549451,-0.14962310008723056,-0.03830098814622406,0.009849587136890112,0.01075938782406612
/multi_agv/path_reference,1789710628.1583643,1789710628.1578345,world,s_curve,1,0.29170835803367484,0.10008732109254691,0.0,0.29170810651266665,-0.0001434109371087506,-0.006097205894470763,0.4649099677504398,0.20602175111123025,0.2041926006763298,-0.0011994714330868482,0.15038183112553913,-0.14961259250377854,-0.03914065009497545,0.00996917938807736,0.010915971567851292
/multi_agv/path_reference,1789710628.1686282,1789710628.167882,world,s_curve,1,0.2927139004182166,0.10008732109254691,0.0,0.2927136296079488,-0.0001496389989263409,-0.006291028738858729,0.4659152829037113,0.20705645104640077,0.20516915487373413,-0.0012392699522559734,0.15039220820933363,-0.14960185525385666,-0.039995752916124734,0.010087940853315153,0.011073058229793016
/multi_agv/path_reference,1789710628.1783597,1789710628.1778352,world,s_curve,1,0.2937102452098728,0.10008863133028455,0.00013162100406991694,0.29370995406518136,-0.00015600426117900456,-0.006486883819719486,0.4669113906292473,0.2080822615319737,0.20613621003432295,-0.0012795576172045296,0.15040261645327382,-0.1495910716196063,-0.040851768454666156,0.01020380440524134,0.01122794360699761
/multi_agv/path_reference,1789710628.1883347,1789710628.1878705,world,s_curve,1,0.2947144937004793,0.10008863133028455,0.0,0.2947141807665458,-0.0001626193728753761,-0.0066881541719611024,0.4679153876844597,0.2091167929541362,0.20711036166104146,-0.0013210330200541056,0.1504132326077525,-0.14958005770632452,-0.041723353242838566,0.010318704033306,0.011383244014406232
/multi_agv/path_reference,1789710628.1983922,1789710628.1978576,world,s_curve,1,0.2957141694417862,0.10008863133028455,0.0,0.2957138334619566,-0.00016940706762306036,-0.00689238687321061,0.4689148001817264,0.21014719994750228,0.20807950025664104,-0.0013631940407451072,0.15042392355828174,-0.1495689507204058,-0.04259970335965277,0.010431145281690335,0.011536982833558302
/multi_agv/path_reference,1789710628.208513,1789710628.2079277,world,s_curve,1,0.29672216475030655,0.10008863133028455,0.0,0.2967218040943965,-0.00017645989512255142,-0.007102266173910891,0.4699225164483006,0.2111867788872081,0.20905611694768078,-0.0014065981394607288,0.1504348260790887,-0.14955760762499565,-0.04349214997621255,0.010542509257787375,0.011691094415322444
/multi_agv/path_reference,1789710628.2184713,1789710628.217836,world,s_curve,1,0.2977138763199855,0.100090023418894,0.00014049869516670276,0.29771348990581237,-0.00018360728712339788,-0.00731265027798904,0.47091393962512673,0.21221015281180697,0.2100163772805033,-0.0014501841806631793,0.1504456705634621,-0.14954630824416912,-0.04437878651852681,0.0106500451789444,0.011841785649394877
/multi_agv/path_reference,1789710628.2286322,1789710628.2279336,world,s_curve,1,0.29872453072731675,0.100090023418894,0.0,0.29872411647896396,-0.000191107727677917,-0.0075310559135163555,0.47192428543983,0.21325367970715325,0.21099438428990858,-0.0014955125450030178,0.15045684094085163,-0.14953465157888238,-0.045291121478456965,0.010757507262024683,0.011994362474275497
/multi_agv/path_reference,1789710628.2385664,1789710628.2378743,world,s_curve,1,0.2997193365800697,0.100090023418894,0.0,0.2997188932948046,-0.00019870821215140115,-0.007750010063658241,0.47291877249913694,0.21428144356506737,0.2119564638202094,-0.0015410358937055662,0.15046795095197363,-0.14952303969472225,-0.04619776786140177,0.010861130436830572,0.012143525971430784
/multi_agv/path_reference,1789710628.248577,1789710628.2478738,world,s_curve,1,0.3007201779613249,0.100090023418894,0.0,0.3007197037440783,-0.00020657655572341798,-0.007974297617195343,0.4739192775246196,0.2153160488194027,0.2129237848882125,-0.0015877507803687147,0.15047924137518517,-0.14951122026198674,-0.047118522206141975,0.010963170217533793,0.012292530678664619
/multi_agv/path_reference,1789710628.2585528,1789710628.2578545,world,s_curve,1,0.3017192170427012,0.10009173026948431,0.00017100595169942555,0.3017187101476212,-0.0002146566206854962,-0.008202214196673073,0.4749179646371506,0.2163494012370346,0.21388876456867828,-0.0016353058635388774,0.15049062230519966,-0.14949928630371728,-0.048046207537038345,0.011062758133627603,0.012440161433768667
/multi_agv/path_reference,1789710628.2684057,1789710628.2678585,world,s_curve,1,0.30272053311084945,0.10009173026948431,0.0,0.3027199915726623,-0.00022298558557501115,-0.008434719818126903,0.4759189110717821,0.21738572479377694,0.2148553388524277,-0.0016839045899666553,0.1505021381108746,-0.14948719027763296,-0.048984596565561304,0.011160243957840548,0.012586978778575442
/multi_agv/path_reference,1789710628.2785442,1789710628.2779531,world,s_curve,1,0.303731048509835,0.10009173026948431,0.0,0.30373047000129116,-0.00023162919505054924,-0.008673518773483942,0.4769290356961532,0.21843219865723926,0.21583017565048093,-0.0017339078784400516,0.1505138679374227,-0.1494748476441343,-0.04994030274859742,0.011256205551067523,0.012733935866428868
/multi_agv/path_reference,1789710628.2885334,1789710628.2879183,world,s_curve,1,0.30472850634205656,0.10009173026948431,0.0,0.30472788927055644,-0.00024039980339646275,-0.008913353742921676,0.4779260896851987,0.21946577442106852,0.21679180370540202,-0.0017842175158916801,0.15052555050167984,-0.14946253239597754,-0.05089220472890364,0.011348488453563222,0.012877761713378053
/multi_agv/path_reference,1789710628.2984593,1789710628.297864,world,s_curve,1,0.30572398626237335,0.1000931694979819,0.00014471104742076857,0.30572332856003687,-0.00024939356835106667,-0.009156821333208961,0.4789211479718158,0.22049792285982292,0.21775091484847178,-0.0018353793831707046,0.1505373108297289,-0.1494501121516114,-0.05185066144375885,0.011438118989936633,0.013020041286872133
/multi_agv/path_reference,1789710628.3084621,1789710628.3078008,world,s_curve,1,0.3067185989754696,0.1000931694979819,0.0,0.3067178984416846,-0.00025862365558123826,-0.009404200611569,0.4799153202138904,0.22152979685495908,0.2187085782562043,-0.0018874549730150988,0.15054915912783393,-0.14943757512156255,-0.05281668397971446,0.011525154767690598,0.01316089885032375
/multi_agv/path_reference,1789710628.318667,1789710628.3178484,world,s_curve,1,0.30772415947907283,0.1000931694979819,0.0,0.30772341327087127,-0.00026820745578049344,-0.009658518332442158,0.4809204152014248,0.22257366753021654,0.21967615708097235,-0.0019410858936313872,0.15056123529430682,-0.14942477176801688,-0.05380185303066014,0.011610537663209464,0.013301947432469536
/multi_agv/path_reference,1789710628.328335,1789710628.3278632,world,s_curve,1,0.30872659947802383,0.1000931694979819,0.0,0.3087258052571409,-0.000278018255295393,-0.009916290755486435,0.481922370211593,0.22361494201593615,0.22064010354389338,-0.0019955420479249465,0.15057336873977653,-0.1494118814577378,-0.05479246186133707,0.011692989180022782,0.013441157494525555
/multi_agv/path_reference,1789710628.3383124,1789710628.3378234,world,s_curve,1,0.30972351787922003,0.10009453042497478,0.00013664242542946065,0.30972267334835496,-0.00028803333053057067,-0.010176870239703761,0.48291878487118034,0.2246511217729068,0.22159811340097763,-0.0020506885359020534,0.15058552668760472,-0.14939893814329436,-0.05578600481079256,0.011772293623642151,0.013578173938829024
/multi_agv/path_reference,1789710628.3483791,1789710628.3478558,world,s_curve,1,0.31072771915845,0.10009453042497478,0.0,0.310726821254347,-0.0002983864027639906,-0.010443639360570222,0.48392245639238163,0.2256955211124804,0.22256248625817873,-0.002107244919275539,0.1505978627096106,-0.149385776998627,-0.05679524151483896,0.011849409786350372,0.013714713013713867
/multi_agv/path_reference,1789710628.358502,1789710628.357832,world,s_curve,1,0.3117264032271629,0.10009453042497478,0.0,0.311725449446391,-0.00030895035526660823,-0.010713233080618115,0.48492059063353876,0.22673483307524148,0.22352092463039272,-0.002164501261050851,0.150610217177728,-0.14937256698247697,-0.057807306032266345,0.011923295423633719,0.013848991063224606
/multi_agv/path_reference,1789710628.3687217,1789710628.3678389,world,s_curve,1,0.3127280365812148,0.10009453042497478,0.0,0.3127270238377717,-0.00031981811231889646,-0.010987944230250986,0.4859216487492124,0.2277778698510754,0.22448155291302718,-0.0022229475838353562,0.1506226915956642,-0.1493591983487855,-0.05883072173077211,0.0119945359439319,0.013982113008925512
/multi_agv/path_reference,1789710628.3784544,1789710628.377893,world,s_curve,1,0.31373441751421005,0.10009576443822225,0.00012273632705391878,0.31373334245863194,-0.0003310167247053487,-0.011268339735422454,0.4869274269327074,0.22882651541206334,0.22544608503112495,-0.0022827091151169055,0.15063530641023787,-0.149345647469237,-0.059867397814705806,0.012063174263763552,0.014114260502312116
/multi_agv/path_reference,1789710628.3883908,1789710628.3878527,world,s_curve,1,0.314731234397009,0.10009576443822225,0.0,0.31473009446336087,-0.00034238915852795294,-0.011550423981066758,0.4879236215051096,0.2298658560156894,0.2264008058692835,-0.0023429367933109537,0.15064787884804512,-0.14933210953031803,-0.06090250684214537,0.01212820443586851,0.014243527075765566
/multi_agv/path_reference,1789710628.3983257,1789710628.3978493,world,s_curve,1,0.3157318739370518,0.10009576443822225,0.0,0.31573066558401736,-0.0003540902117356078,-0.011837970593368387,0.4889236102149941,0.23090984738422057,0.22735853915283735,-0.002404438975100054,0.15066057397660418,-0.14931840563671092,-0.061949853144600234,0.0121904747357036,0.014371624221204936
/multi_agv/path_reference,1789710628.4084625,1789710628.4078546,world,s_curve,1,0.3167333318600647,0.10009576443822225,0.0,0.31673205159485085,-0.00036609111448591427,-0.01213016951396743,0.48992438972251573,0.23195536333730615,0.22831640172473056,-0.0024670465810771635,0.1506733511781917,-0.14930457794057228,-0.06300632440274288,0.01224972696596548,0.014498117379882564
/multi_agv/path_reference,1789710628.4183385,1789710628.4178264,world,s_curve,1,0.3177316116047896,0.10009597142638278,2.0754383840115615e-05,0.3177302560963266,-0.00037834732223589374,-0.012425861453035413,0.4909219654169793,0.23299823268986908,0.22927057018213132,-0.002530514274526381,0.15068615615044476,-0.14929068384262603,-0.06406764974020274,0.012305685776252897,0.014622469769034262
/multi_agv/path_reference,1789710628.428762,1789710628.4279401,world,s_curve,1,0.3187437507378141,0.10009597142638278,0.0,0.31874231516651513,-0.00039107740632153413,-0.012730186841394361,0.491933361508151,0.2340562684467179,0.2302373155446764,-0.0025959508923376865,0.15069920517655117,-0.1492764865031781,-0.06515204851405243,0.012359205660932673,0.014746736985735753
/multi_agv/path_reference,1789710628.4383817,1789710628.437858,world,s_curve,1,0.31973668886102374,0.10009597142638278,0.0,0.3197351709092153,-0.0004038673653499479,-0.013033191353419874,0.49292554121376153,0.23509490911364977,0.23118506240023456,-0.0026612184178303956,0.1507120685354614,-0.14926245221368087,-0.06622400820441617,0.012408514894594479,0.014866836721398496
/multi_agv/path_reference,1789710628.4482813,1789710628.447854,world,s_curve,1,0.32073713348141863,0.10009597142638278,0.0,0.3207355285302724,-0.00041706055897466513,-0.013342968045856303,0.49392519125027473,0.2361420829898633,0.23213931135067897,-0.002728061842362326,0.15072508767109996,-0.14924820750566162,-0.06731219177643484,0.012454947519333764,0.014985993878667468
/multi_agv/path_reference,1789710628.4583564,1789710628.4578483,world,s_curve,1,0.3217374508369858,0.10009619750791139,2.262272189382528e-05,0.32173575473282684,-0.00043056415932775296,-0.01365722418589802,0.4949246826546593,0.23718981071683046,0.23309277082699062,-0.0027959912426074205,0.15073816061681108,-0.14923386185218693,-0.06840835921868825,0.01249806496734086,0.015103241530479141
/multi_agv/path_reference,1789710628.4684074,1789710628.4678645,world,s_curve,1,0.32274005859374433,0.10009619750791139,0.0,0.32273826678820455,-0.0004444163813444235,-0.013976755174220323,0.4959264300414969,0.23824063017949001,0.23404774014362664,-0.002865182572232631,0.15075131572621747,-0.14921938229801812,-0.06951515904548318,0.012537912483657158,0.015218819641317327
/multi_agv/path_reference,1789710628.4786172,1789710628.4779384,world,s_curve,1,0.32374857953337066,0.10009619750791139,0.0,0.3237466869113712,-0.0004586758235911894,-0.01430279283455779,0.4969340516987335,0.23929835029560548,0.23500765873977453,-0.002935907748359857,0.15076459765913147,-0.14920471738154517,-0.07063666263518029,0.012574544150790458,0.015333084458817247
/multi_agv/path_reference,1789710628.4886096,1789710628.4879394,world,s_curve,1,0.3247496173813675,0.10009619750791139,0.0,0.32474762000776713,-0.0004731568626286152,-0.014631016366173017,0.4979341623805362,0.24034892297683375,0.23595977466593132,-0.0030072328214413345,0.15077782640518594,-0.14919006417163044,-0.0717579260167077,0.012607433735644588,0.015444485804256789
/multi_agv/path_reference,1789710628.4983413,1789710628.4978323,world,s_curve,1,0.32573988277926014,0.100096390025131,1.9459711246792373e-05,0.32573777701942874,-0.0004878075111348588,-0.014960241885493867,0.49892347572394313,0.24138888024507374,0.23690097508926924,-0.003078900760936082,0.15079095376403295,-0.14917547553650146,-0.07287501728990814,0.012636521440983721,0.015552676521265798
/multi_agv/path_reference,1789710628.5086005,1789710628.5079381,world,s_curve,1,0.3267514247659129,0.100096390025131,0.0,0.3267492032177607,-0.0005031119549614674,-0.015301217294841888,0.4999340083555598,0.24245189368333733,0.23786170761438483,-0.0031532571175016825,0.1508044014251005,-0.14916048017248318,-0.07402418782694035,0.012662646405846386,0.015661089144288654
/multi_agv/path_reference,1789710628.5185654,1789710628.517943,world,s_curve,1,0.32775288884782516,0.100096390025131,0.0,0.32775054743100757,-0.0005186059528299033,-0.015643471075514392,0.5009344354033927,0.24350502840126603,0.23881217848836384,-0.0032280241133104876,0.15081774963765426,-0.14914554338283348,-0.07516992256200865,0.012684892726078941,0.015766291881863865
/multi_agv/path_reference,1789710628.5286422,1789710628.527938,world,s_curve,1,0.32875334726130684,0.100096390025131,0.0,0.32875088070579744,-0.0005344289181381501,-0.015990045834865227,0.5019338192613443,0.24455781609556151,0.23976100676048648,-0.00330386807899503,0.15083111495343335,-0.14913053362885278,-0.07632243901709422,0.012703475876674671,0.01586923692048998
/multi_agv/path_reference,1789710628.5385349,1789710628.5378664,world,s_curve,1,0.3297471609703833,0.10009736737649366,9.843927238138574e-05,0.32974456458164575,-0.0005504923239082845,-0.016338953760808673,0.5029265263165754,0.2456043177330044,0.24070284969535738,-0.003380356214868136,0.15084441796124531,-0.14911553871810201,-0.07747512161687212,0.012718287895115057,0.015969333284513103
/multi_agv/path_reference,1789710628.5484974,1789710628.5479343,world,s_curve,1,0.33075493175587994,0.10009736737649366,0.0,0.33075219788496485,-0.00056713777521175,-0.016697498185910254,0.5039331338563684,0.24666623824451894,0.24165722155400704,-0.0034590949098541146,0.15085793079451124,-0.14910024921029238,-0.07865192256593836,0.012729550038387123,0.01606859611959808
/multi_agv/path_reference,1789710628.5584862,1789710628.5578446,world,s_curve,1,0.3317469417103963,0.10009736737649366,0.0,0.3317440665771573,-0.0005838780441758864,-0.01705511189380569,0.5049239572712251,0.24771226399257099,0.24259597846767586,-0.003537766869225059,0.15087125113402367,-0.14908511839732624,-0.07981808897937485,0.012736896114279266,0.016164069279263175
/multi_agv/path_reference,1789710628.5685391,1789710628.5678709,world,s_curve,1,0.33275051411201306,0.10009736737649366,0.0,0.33274748987180774,-0.0006011767592282844,-0.017421633499730006,0.5059262862694963,0.24877120450748613,0.24354497883844073,-0.003618539556097392,0.1508847417164176,-0.14906973243800506,-0.08100566168902036,0.012740507897488028,0.016258361362762885
/multi_agv/path_reference,1789710628.5784266,1789710628.5778356,world,s_curve,1,0.33374796655283606,0.10009840125175769,0.00010375357940604548,0.33374478772444677,-0.0006187367508734748,-0.017790661709267037,0.5069224588382685,0.24982441065414307,0.24448749368092865,-0.0037000072020015092,0.1508981610274867,-0.14905436407810563,-0.0821937498718563,0.012740247027341313,0.01634975748226094
/multi_agv/path_reference,1789710628.5884185,1789710628.5878725,world,s_curve,1,0.33475263038278047,0.10009840125175769,0.0,0.33474928918534697,-0.0006367981485699019,-0.018167154541245963,0.5079257879492631,0.25088596308735744,0.24543611651942027,-0.003783268531610583,0.15091168431094623,-0.14903881022504537,-0.0833982149264153,0.012736059892451275,0.01643944027255145
/multi_agv/path_reference,1789710628.5984092,1789710628.5978744,world,s_curve,1,0.3357537946725187,0.10009840125175769,0.0,0.3357502847923049,-0.0006551752426979636,-0.018547142413503484,0.5089255754331188,0.25194455133286875,0.24638072761092697,-0.003867450366284689,0.15092516332179381,-0.14902323868360304,-0.08460622813149173,0.012727926077188432,0.016526405614385176
/multi_agv/path_reference,1789710628.608502,1789710628.607869,world,s_curve,1,0.33675422554127094,0.10009840125175769,0.0,0.3367505400090918,-0.0006739212250666956,-0.01893166213836767,0.509924582664337,0.25300309837386487,0.2473239389890734,-0.003952785424646831,0.15093863109021577,-0.149007609340769,-0.08582104699296486,0.01271580536721914,0.01661087442812327
/multi_agv/path_reference,1789710628.6184359,1789710628.617862,world,s_curve,1,0.3377545648228658,0.10009930301428815,9.023518564643775e-05,0.3377506963273812,-0.0006930524661770401,-0.019320971556343134,0.5109234493666589,0.2540622852316203,0.2482663543838643,-0.0040393347013334266,0.1509520920267045,-0.14899191472390222,-0.08704341011364984,0.01269965254752656,0.016692869556102167
/multi_agv/path_reference,1789710628.628373,1789710628.6278563,world,s_curve,1,0.33875489189234576,0.10009930301428815,0.0,0.33875083286477553,-0.0007125752549005374,-0.019715117631554004,0.5119222535287867,0.25512219860653823,0.2492080464590016,-0.004127112589309202,0.15096554291677897,-0.14897615609217138,-0.08827338176913704,0.012679424984379078,0.016772363711390594
/multi_agv/path_reference,1789710628.6385608,1789710628.6378894,world,s_curve,1,0.33975929840882074,0.10009930301428815,0.0,0.33975504020295305,-0.0007325767177872108,-0.020115758794220114,0.5129250789646317,0.256187181152461,0.2501528604917663,-0.004216493375615793,0.15097903435307675,-0.1489602711308226,-0.0895160074602293,0.01265497314834414,0.016849632520428613
/multi_agv/path_reference,1789710628.6485915,1789710628.6478963,world,s_curve,1,0.34076098232435303,0.10009930301428815,0.0,0.34075651736914275,-0.000752927105523091,-0.02052020810406702,0.5139251328996601,0.25725002480835474,0.2510943943994132,-0.004306881979157299,0.1509924705189026,-0.14894436985631457,-0.09076285508354114,0.012626412788837625,0.016924113496840865
/multi_agv/path_reference,1789710628.6585906,1789710628.6578844,world,s_curve,1,0.3417605449644181,0.1000998873248407,5.851501259406346e-05,0.341755865360694,-0.0007736406040616936,-0.02092868893401631,0.5149230147216535,0.258311364850949,0.2520332165094796,-0.004398331239021458,0.15100585516094328,-0.1489284457341069,-0.09201458576831957,0.012593716138706575,0.016995836319701873
/multi_agv/path_reference,1789710628.6682708,1789710628.667802,world,s_curve,1,0.34275357578653554,0.1000998873248407,0.0,0.3427486744251126,-0.0007946253874786594,-0.021339351098760697,0.5159143206610618,0.2593665110460929,0.252965191568183,-0.004490428911218719,0.15101912507747253,-0.1489125723286898,-0.09326554666491195,0.012557041935447233,0.017064485133474038
/multi_agv/path_reference,1789710628.678381,1789710628.6778803,world,s_curve,1,0.34376219156051013,0.1000998873248407,0.0,0.343757055999607,-0.0008163593316260266,-0.0217614230851475,0.5169211269161917,0.26043897637695207,0.253911064705677,-0.004585250892282781,0.15103257088519487,-0.14889639798779017,-0.09454366772880697,0.012515475410885556,0.017131519458966918
/multi_agv/path_reference,1789710628.6884897,1789710628.6878633,world,s_curve,1,0.3447616770235621,0.1000998873248407,0.0,0.344756300191008,-0.0008383188761839291,-0.022184625276394702,0.5179187605976228,0.26150249082757904,0.2548476491478221,-0.004680493511405945,0.15104585813537255,-0.1488803212525184,-0.09581766867176014,0.012469953912837306,0.01719523755618638
/multi_agv/path_reference,1789710628.6985316,1789710628.6978714,world,s_curve,1,0.34576348518497557,0.1001001454341444,2.5790146092059808e-05,0.34575785704886275,-0.0008607562792198715,-0.022613771578306126,0.5189186526551262,0.26256923588259967,0.2557856826088623,-0.00477724258787429,0.15105913480965621,-0.14886416105944156,-0.09710203850865816,0.012419960562432343,0.017256364028822264
/multi_agv/path_reference,1789710628.7086356,1789710628.707928,world,s_curve,1,0.3467701499051451,0.1001001454341444,0.0,0.34676425939804406,-0.0008837378813914662,-0.023050015716919975,0.5199233299831413,0.2636419203074747,0.25672752790351616,-0.004875764197099635,0.15107242929885958,-0.14884787874593433,-0.09840007145319475,0.01236528250010623,0.017314990676398814
/multi_agv/path_reference,1789710628.7183144,1789710628.7178037,world,s_curve,1,0.34775871932182423,0.1001001454341444,0.0,0.3477525612516627,-0.0009067361887958945,-0.02348332708537962,0.5209098857903639,0.26469607429725234,0.2576517236673717,-0.0049737939212236,0.15108543457927978,-0.14883184922444384,-0.09968199310633616,0.012307215655295313,0.017369803474000547
/multi_agv/path_reference,1789710628.728357,1789710628.7278314,world,s_curve,1,0.34876250586251206,0.1001001454341444,0.0,0.34875606576064627,-0.0009305291029621463,-0.02392829987958135,0.5219115634267207,0.2657672194075523,0.2585894144476656,-0.0050746367287433525,0.15109858449368607,-0.14881553507382916,-0.10099093537834761,0.01224378437638119,0.01742262902692193
/multi_agv/path_reference,1789710628.738379,1789710628.737821,world,s_curve,1,0.349762262596012,0.10009989732257431,-2.4841985913993713e-05,0.349755530911538,-0.0009546728656290964,-0.024376499433475834,0.5229091537985018,0.2668348322725731,0.259522606663539,-0.005176388289380207,0.15111162102366768,-0.14879925133117475,-0.1023018877399033,0.012176092433329646,0.01747237469668716
/multi_agv/path_reference,1789710628.7483585,1789710628.7478507,world,s_curve,1,0.35076643173298594,0.10009989732257431,0.0,0.35075939612291646,-0.0009793766163784152,-0.02483172705183334,0.5239110792269874,0.2679079308502789,0.26045917829148296,-0.005279915911326196,0.15112464930725367,-0.14878286324506274,-0.10362588936211688,0.012103527988826919,0.017519426372232232
/multi_agv/path_reference,1789710628.7584035,1789710628.7578468,world,s_curve,1,0.35176683721392044,0.10009989732257431,0.0,0.3517594874674945,-0.001004444742263748,-0.025290294487972022,0.524909180278834,0.2689777808567791,0.26139150126687033,-0.005384385305645344,0.1511375581715189,-0.14876650709266478,-0.10495213196938423,0.012026640367437266,0.017563365897548283
/multi_agv/path_reference,1789710628.7683525,1789710628.7678597,world,s_curve,1,0.3527691082566414,0.10009989732257431,0.0,0.35276143209040906,-0.0010300220236522876,-0.02575478084151505,0.5259090718008881,0.2700504022912827,0.26232482217905634,-0.0054903877810922146,0.1511504154496578,-0.14875009373952242,-0.10628802227720249,0.011944973257635036,0.017604416728148876
/multi_agv/path_reference,1789710628.7783551,1789710628.777842,world,s_curve,1,0.35376854434280297,0.10009960383878007,-2.9394187325449298e-05,0.35376053067615604,-0.001055992925238264,-0.02622301318929752,0.5269060629186043,0.27112076574479693,0.2632547633650668,-0.00559743151662168,0.15116315584419124,-0.14873370310328435,-0.10762724917757834,0.011858880210250325,0.01764235880382931
/multi_agv/path_reference,1789710628.7885783,1789710628.7879,world,s_curve,1,0.35477534405612177,0.10009960383878007,0.0,0.35476697792987993,-0.0010826306565595747,-0.02669981666853613,0.527910325117102,0.2721998010092371,0.26419080766330066,-0.005706625120773877,0.1511759037359508,-0.14871717058485567,-0.108983490807909,0.011767414776204315,0.01767752684107449
/multi_agv/path_reference,1789710628.79838,1789710628.7978635,world,s_curve,1,0.3557725730461183,0.10009960383878007,0.0,0.3557638451069115,-0.0011094908633360243,-0.027177166900714804,0.5289049653028842,0.2732693582372641,0.26511721178058606,-0.0058161348145723425,0.15118843964168946,-0.1487007774171252,-0.11033387569305483,0.01167209557355378,0.017709307792123617
/multi_agv/path_reference,1789710628.8083265,1789710628.8078513,world,s_curve,1,0.35677228130310273,0.10009960383878007,0.0,0.35676317759862264,-0.0011368979853715164,-0.027660789770668753,0.5299020013059471,0.2743423551357051,0.2660451763542156,-0.005927276388378899,0.15120091092803065,-0.14868432849576627,-0.11169460989428104,0.011571786203157144,0.01773808684458343
/multi_agv/path_reference,1789710628.8182771,1789710628.817801,world,s_curve,1,0.3577684195524578,0.10009918586794454,-4.2000736724795025e-05,0.3577589280529324,-0.0011646905142832674,-0.028147762156560462,0.5308953984490967,0.27541229966607433,0.26696908604362607,-0.0060393821720293,0.1512132369992405,-0.148667926370061,-0.11305741185236318,0.01146706711208262,0.017763663893863618
/multi_agv/path_reference,1789710628.8284113,1789710628.8278399,world,s_curve,1,0.35877330476897157,0.10009918586794454,0.0,0.358763408165289,-0.0011932208703124049,-0.028644156513920615,0.5318974374610703,0.2764924294641359,0.2679003575706608,-0.006153855890906875,0.15122556426969064,-0.14865137098972098,-0.11443914932714469,0.01135657183208016,0.01778629967892267
/multi_agv/path_reference,1789710628.8386045,1789710628.837921,world,s_curve,1,0.35978239665377143,0.10009918586794454,0.0,0.35977207880023876,-0.001222374951082338,-0.029147841202028017,0.5329035875383216,0.2775778815400965,0.2688347673222981,-0.006270214298283904,0.15123782948522568,-0.14863474004018878,-0.11583367663897513,0.011240670960031179,0.017805798940984222
/multi_agv/path_reference,1789710628.8484342,1789710628.8478572,world,s_curve,1,0.36077682701081726,0.10009918586794454,0.0,0.36076607945604716,-0.0012516052499091548,-0.029649328456159134,0.5338950349967676,0.27864834937747446,0.26975485399389926,-0.006386267203652974,0.15124979935589336,-0.14861834790196785,-0.11721477291704265,0.011121574749968026,0.01782181626198908
/multi_agv/path_reference,1789710628.8584023,1789710628.857866,world,s_curve,1,0.361778717907754,0.10009904059675394,-1.4514062210105894e-05,0.36176752240338417,-0.0012815613944626326,-0.0301597293815811,0.5348938346571714,0.2797276398756788,0.27068109267730217,-0.006504587854682038,0.151261736310944,-0.14860183263964985,-0.11861305011689784,0.010996653704022329,0.01783471192352487
/multi_agv/path_reference,1789710628.8685668,1789710628.867925,world,s_curve,1,0.3627857785197414,0.10009904059675394,0.0,0.36277411713737767,-0.0013121897291961636,-0.0306779851485275,0.5358976992777876,0.2808133020673846,0.27161135006696063,-0.006624939193710974,0.15127360513081825,-0.14858523512469576,-0.12002540207172234,0.01086606687601291,0.017844363968084535
/multi_agv/path_reference,1789710628.8786466,1789710628.8779254,world,s_curve,1,0.36378680245888756,0.10009904059675394,0.0,0.3637746620428153,-0.001343154165223864,-0.03119833215430543,0.5368954562725166,0.28189325562661505,0.2725352742293141,-0.006745987244027086,0.15128526810043755,-0.14856874335208206,-0.12143606510047061,0.010731241370930553,0.017850638530520404
/multi_agv/path_reference,1789710628.8888297,1789710628.8879294,world,s_curve,1,0.36478820377141674,0.10009904059675394,0.0,0.36477556780141085,-0.001374653816432554,-0.03172407036558119,0.5378934976300934,0.28297441529126327,0.27345879048287575,-0.0068685023610625985,0.15129679553809341,-0.14855225462632846,-0.12285398199034556,0.01059132380169815,0.017853573419055132
/multi_agv/path_reference,1789710628.8987072,1789710628.8978593,world,s_curve,1,0.3657821729706552,0.10009867167146187,-3.715299398621782e-05,0.3657690285265939,-0.0014064427080424742,-0.03225105449221697,0.5388840391459472,0.28404834280171437,0.27437470363211997,-0.006991520886651091,0.15130809335403472,-0.14853590059151106,-0.12426798591331117,0.010447427300574496,0.017853151041164465
/multi_agv/path_reference,1789710628.9085367,1789710628.9078317,world,s_curve,1,0.3667803757431133,0.10009867167146187,0.0,0.36676670357850827,-0.0014388963964717294,-0.03278545383961069,0.5398787048165476,0.2851276400671586,0.2752937658518184,-0.007116486321875327,0.15131928933833538,-0.14851949220587524,-0.1256946017925647,0.010297856419395922,0.01784935267620923
/multi_agv/path_reference,1789710628.918512,1789710628.917919,world,s_curve,1,0.3677901219944872,0.10009867167146187,0.0,0.36777589813002487,-0.0014722703970355036,-0.033331314158119144,0.540884774406646,0.286220231409184,0.27622268857424453,-0.007244354444022632,0.1513304561025893,-0.14850291284967318,-0.12714439407299905,0.010141364163134376,0.0178420397329881
/multi_agv/path_reference,1789710628.9283807,1789710628.9278326,world,s_curve,1,0.3687824444704779,0.10009867167146187,0.0,0.36876766044381054,-0.0015056078408078155,-0.033872938746814456,0.54187338502657,0.28729476739528564,0.2771348289095758,-0.0073714510604824075,0.15134126879821164,-0.14848664126015265,-0.12857567437333797,0.009982455003042935,0.017831422534926998
/multi_agv/path_reference,1789710628.9387064,1789710628.937843,world,s_curve,1,0.3697844380955112,0.10009852325100606,-1.4827108752085568e-05,0.36976906988996644,-0.0015398177836787345,-0.03442506416060718,0.5428715294067877,0.2883805799003639,0.2780551003627476,-0.007501236174233479,0.15135201881073324,-0.14847023598753595,-0.1300274072580256,0.009816820058167029,0.01781722163655166
/multi_agv/path_reference,1789710628.9487083,1789710628.947838,world,s_curve,1,0.3707848793926459,0.10009852325100606,0.0,0.37076890882445784,-0.0015745289956077932,-0.034981577728324297,0.5438680239256818,0.2894655178152278,0.2789731847324638,-0.007632280325368775,0.15136257771953918,-0.1484538843809938,-0.13148337090514425,0.009646222120831187,0.017799524130647944
/multi_agv/path_reference,1789710628.9588397,1789710628.9578516,world,s_curve,1,0.37178710864960296,0.10009852325100606,0.0,0.37177051502264974,-0.0016098628419682222,-0.03554434739881582,0.54486619359425,0.2905532052488146,0.2798921462248845,-0.007765028139280768,0.15137297473499958,-0.14843753512162347,-0.13294838846041201,0.00947006047026354,0.017778240016234025
/multi_agv/path_reference,1789710628.968513,1789710628.9678445,world,s_curve,1,0.3727875637603339,0.10009852325100606,0.0,0.3727703280936586,-0.0016456989235492977,-0.0361113808076169,0.5458624886536291,0.2916397777518283,0.28080871787551837,-0.007899014258745793,0.15138316698491827,-0.14842124949682034,-0.13441721262297027,0.009288932284200677,0.017753415378927086
/multi_agv/path_reference,1789710628.978365,1789710628.9778302,world,s_curve,1,0.37378712235453476,0.10009797853000196,-5.45495498603779e-05,0.3737692246749864,-0.0016820716572412007,-0.0366831617499895,0.5468577814138089,0.2927261865796926,0.2817237060314577,-0.008034356763518238,0.15139315813610177,-0.14840501634430714,-0.1358910656394385,0.00910267143185398,0.017725013457720637
/multi_agv/path_reference,1789710628.9883418,1789710628.9878411,world,s_curve,1,0.37478920491926426,0.10009797853000196,0.0,0.3747706224149571,-0.0017191122404224728,-0.03726166688433922,0.5478554753608195,0.29381615268236416,0.28264023920168757,-0.00817152889693105,0.15140297574924247,-0.14838878357357885,-0.1373749655176932,0.008910599522680324,0.01769289897425509
/multi_agv/path_reference,1789710628.9984384,1789710628.9978852,world,s_curve,1,0.3757944457754123,0.10009797853000196,0.0,0.3757751544869742,-0.0017568543398281764,-0.03784731434951245,0.5488561989090173,0.29491037419494937,0.2835588903569558,-0.00831063658939544,0.1514126181679877,-0.14837254459807678,-0.13886986386883052,0.008712521595449002,0.017656991183008727
/multi_agv/path_reference,1789710629.0084398,1789710629.0079732,world,s_curve,1,0.37680427812583556,0.10009797853000196,0.0,0.3767842522813475,-0.0017953639104320448,-0.038441007528646674,0.5498613752647254,0.29601042190632854,0.28448095967298836,-0.008451902034462621,0.15142209046911206,-0.14835628016594557,-0.14037792294187357,0.008508064844077625,0.01761716646203935
/multi_agv/path_reference,1789710629.018387,1789710629.017866,world,s_curve,1,0.3777946292851278,0.10009770309644632,-2.7838879186377472e-05,0.37777386058920576,-0.0018337147533237389,-0.039028481976703694,0.5508470431600219,0.2970900554870369,0.2853844831205585,-0.008591930110128715,0.15143116574522764,-0.14834037989507015,-0.1418630126235047,0.008302196962690092,0.017574428055721958
/multi_agv/path_reference,1789710629.0283558,1789710629.027827,world,s_curve,1,0.3787915430500305,0.10009770309644632,0.0,0.37877000354618945,-0.001872909576410483,-0.039625090529771416,0.5518391233061732,0.29817765193655404,0.286293235395841,-0.008734380665352764,0.15144008029081799,-0.14832442835469664,-0.143364026011191,0.008089582674013768,0.017527695553875098
/multi_agv/path_reference,1789710629.0384302,1789710629.0379128,world,s_curve,1,0.3798012861373436,0.10009770309644632,0.0,0.37977894176967814,-0.0019132175362404176,-0.0402347431758608,0.5528438462530674,0.2992800728013402,0.28721290625462675,-0.008880199390341455,0.15144887717695255,-0.1483083303953323,-0.14489053448658573,0.007868701232288835,0.017476537322969662
/multi_agv/path_reference,1789710629.0484385,1789710629.0479188,world,s_curve,1,0.3808028531441701,0.10009770309644632,0.0,0.38077968586609506,-0.0019538092973025423,-0.040844800155281864,0.5538403078891022,0.3003743914878244,0.2881243582213585,-0.009026369301278505,0.15145736577134636,-0.14829242436197546,-0.14641078244549477,0.007644083470233435,0.017421962328459738
/multi_agv/path_reference,1789710629.0583792,1789710629.0578458,world,s_curve,1,0.3817965190394884,0.10009810649408606,4.063673724948167e-05,0.38177251058520345,-0.0019946866448534223,-0.04145530610718609,0.5548287825171395,0.3014608896208132,0.28902785961765753,-0.009172899864018001,0.15146554774201343,-0.1482767078125557,-0.14792499868805425,0.007415775150287566,0.01736401920452864
/multi_agv/path_reference,1789710629.068334,1789710629.06786,world,s_curve,1,0.38279891018645545,0.10009810649408606,0.0,0.38277402757903384,-0.002036539838916404,-0.04207648779273742,0.555825807148346,0.30255774879036357,0.28993852679839194,-0.009322251052944855,0.151473553045227,-0.14826092150903133,-0.14945848423374095,0.007179924479846584,0.017301705341489285
/multi_agv/path_reference,1789710629.0787075,1789710629.077934,world,s_curve,1,0.3838073251373732,0.10009810649408606,0.0,0.3837815365766389,-0.0020792750560351767,-0.04270679365106634,0.5568286895443166,0.3036620320268,0.29085388815879987,-0.009474060366044482,0.15148134812155015,-0.14824511292361117,-0.15100719490504808,0.006937019583173305,0.017235074442681627
/multi_agv/path_reference,1789710629.0888011,1789710629.0879333,world,s_curve,1,0.38480822792559477,0.10009810649408606,0.0,0.384781513215751,-0.0021223224584685477,-0.04333775567572315,0.5578239659088611,0.3047589155295016,0.29176165820889016,-0.009626292471250379,0.1514888225133227,-0.14822949741747796,-0.1525502853481177,0.006690309119925653,0.0171650011723668
/multi_agv/path_reference,1789710629.0983546,1789710629.0978072,world,s_curve,1,0.3857966033666128,0.1000988699421718,7.731909097656825e-05,0.38576894714519455,-0.002165452665174275,-0.04396605660803098,0.5588066509319634,0.3058428792731361,0.29265731123048416,-0.009778143924017466,0.15149594025611585,-0.1482141543276212,-0.15407980416159647,0.006441173710736678,0.017091926712205382
/multi_agv/path_reference,1789710629.10867,1789710629.1078982,world,s_curve,1,0.38680669125351,0.1000988699421718,0.0,0.38677804450311865,-0.002210174307506796,-0.044613539700024296,0.5598107829296834,0.30695148653179316,0.29357186404787927,-0.009934902950250039,0.15150293717765773,-0.14819855714992808,-0.1556487739817164,0.006180881909424175,0.01701323699904309
/multi_agv/path_reference,1789710629.1187997,1789710629.1178398,world,s_curve,1,0.3878015617098031,0.1000988699421718,0.0,0.38777191073154493,-0.002254863345263513,-0.04525658775263025,0.5607996460112897,0.308044214174979,0.29447187200836594,-0.01009085874869129,0.15150954866799837,-0.1481832799550976,-0.157199844181035,0.005918872699001865,0.016931742632032034
/multi_agv/path_reference,1789710629.1285028,1789710629.1278763,world,s_curve,1,0.38880636337537866,0.1000988699421718,0.0,0.38877566863811824,-0.0023006499747395878,-0.04591141692826653,0.5617982355825663,0.3091486785911845,0.2953800917406038,-0.01024994729928311,0.15151593708941785,-0.1481679397143535,-0.15877213283274305,0.0056485451806702865,0.016845387373134287
/multi_agv/path_reference,1789710629.1384192,1789710629.1378374,world,s_curve,1,0.38980357026036816,0.10010032900673872,0.0001464619282005513,0.3897718096785785,-0.002346742954286409,-0.04656662734992881,0.5627891310215943,0.3102456189472633,0.2962806790668777,-0.01040940475344395,0.15152198352307963,-0.14815280763249492,-0.1603381913420371,0.0053745724963026945,0.016755635707968893
/multi_agv/path_reference,1789710629.1485388,1789710629.147936,world,s_curve,1,0.39081446836785755,0.10010032900673872,0.0,0.39078159612899394,-0.0023941377788190576,-0.047236256858259884,0.5637934796853566,0.31135845825955466,0.29719285044207044,-0.010572655265478256,0.15152780728091583,-0.14813756535189473,-0.1619314546516656,0.005091031989740855,0.016660506412009297
/multi_agv/path_reference,1789710629.1583424,1789710629.157839,world,s_curve,1,0.3918057568208945,0.10010032900673872,0.0,0.3917717633329199,-0.0024412723605778943,-0.04789820175345523,0.5647781952573799,0.3124505307022898,0.29808656403908995,-0.010734312380207108,0.15153321271392223,-0.1481227174154488,-0.16349934322100185,0.0048072935614251865,0.016563142143501658
/multi_agv/path_reference,1789710629.1685464,1789710629.167869,world,s_curve,1,0.3928094559129224,0.10010032900673872,0.0,0.39277429499291105,-0.002489667598059734,-0.048573788470486795,0.5657750847685437,0.31355710357304123,0.29899069663714817,-0.010899586563623205,0.15153837070519108,-0.14810778693574708,-0.1650923968765604,0.004514233025872263,0.01646041481217317
/multi_agv/path_reference,1789710629.1787176,1789710629.1778255,world,s_curve,1,0.39380623928671254,0.1001015466981464,0.00012228614211954415,0.3937698862671541,-0.0025384022911671858,-0.04925005450759651,0.5667649491409272,0.31465687688483795,0.2998878327756969,-0.011065313883253205,0.15154317268284964,-0.14809306567309796,-0.16667994146644696,0.004217425417832401,0.016354241201964305
/multi_agv/path_reference,1789710629.1884003,1789710629.187857,world,s_curve,1,0.3948104464915105,0.1001015466981464,0.0,0.39477285879932855,-0.0025881835073312664,-0.049936734396216785,0.5677620256287433,0.315765672779488,0.3007908779897542,-0.011233885310243519,0.15154768044790246,-0.14807834565965272,-0.16828477339397768,0.0039125761230119965,0.016243063270582246
/multi_agv/path_reference,1789710629.1985295,1789710629.1978087,world,s_curve,1,0.3958067564850863,0.1001015466981464,0.0,0.39576790968436226,-0.0026382564513386365,-0.050623349282985286,0.5687510994696741,0.316866574258556,0.3016860553248566,-0.011402733144148185,0.15155181867681097,-0.1480638548866787,-0.16988235845285646,0.0036043205164934017,0.016128553121380146
/multi_agv/path_reference,1789710629.2089293,1789710629.2078812,world,s_curve,1,0.39681500879338627,0.1001015466981464,0.0,0.39677485240753335,-0.0026896279131799383,-0.05132360558514783,0.5697518624013868,0.31798150888972704,0.3025911859314861,-0.011575235016035653,0.15155566056359973,-0.1480493092871039,-0.17150449546383134,0.0032864651119893975,0.01600837732446246
/multi_agv/path_reference,1789710629.2185788,1789710629.217806,world,s_curve,1,0.3978085405772928,0.10010272759433374,0.00011898052107934572,0.3977670581637546,-0.002740941677012877,-0.05201896397923121,0.5707378476574152,0.3190809894426029,0.30348233739124575,-0.01174682763785922,0.15155909911757082,-0.1480350965107502,-0.17310821935186502,0.0029674208175105503,0.015885704685147026
/multi_agv/path_reference,1789710629.2286181,1789710629.2278097,world,s_curve,1,0.3988099228175082,0.10010272759433374,0.0,0.39876706740710977,-0.002793361727717311,-0.052725167035744806,0.5717314537848741,0.32018998545859567,0.3043797629778595,-0.01192139793291823,0.15156220892801414,-0.14802089617824782,-0.17472986218483533,0.0026399813577077146,0.015757765461880725
/multi_agv/path_reference,1789710629.238528,1789710629.237808,world,s_curve,1,0.3998107754141919,0.10010272759433374,0.0,0.39976651035158045,-0.0028464623676304674,-0.05343636406175814,0.5727243611548934,0.3212992254888018,0.30527594441104605,-0.012097508011173777,0.15156495303376902,-0.14800683212548663,-0.17635586399930375,0.0023068040708665643,0.015625556221151315
/multi_agv/path_reference,1789710629.2485254,1789710629.247807,world,s_curve,1,0.4008117195047686,0.10010272759433374,0.0,0.4007660064933677,-0.0029002814280049733,-0.0541529930929031,0.5737171833175013,0.32240939747285197,0.30617143868974966,-0.01227527130251913,0.1515673262533663,-0.1479928992348621,-0.17798718334736918,0.0019676680425038434,0.015488970853444653
/multi_agv/path_reference,1789710629.2584732,1789710629.2578037,world,s_curve,1,0.40181244239065417,0.10010400153624066,0.00012743456196158312,0.4017652427918928,-0.0029548072903745636,-0.054874829124906814,0.5747096073532568,0.32352015446044324,0.30706596656197815,-0.012454637102850089,0.15156932076736168,-0.14797910553563526,-0.17962326225996336,0.0016226627372754345,0.015348026056696237
/multi_agv/path_reference,1789710629.2685077,1789710629.2678041,world,s_curve,1,0.4028135168417931,0.10010400153624066,0.0,0.4027647903447965,-0.0030100766408355144,-0.055602286001096235,0.575702198429735,0.32463213234632077,0.3079600402583336,-0.012635713495789132,0.15157093045283443,-0.14796544687955182,-0.18126499057531273,0.0012715722627855588,0.015202613542130672
/multi_agv/path_reference,1789710629.2788386,1789710629.2778332,world,s_curve,1,0.40381729580274156,0.10010400153624066,0.0,0.4037669974959014,-0.003066228065114949,-0.056337097526546795,0.5766972858639757,0.32574794848661637,0.30885575813711197,-0.01281893871060369,0.15157215006815045,-0.14795189555289162,-0.1829162022490344,0.0009135270989824887,0.015052344451440608
/multi_agv/path_reference,1789710629.2886329,1789710629.2878544,world,s_curve,1,0.40482045351825646,0.10010400153624066,0.0,0.40476854272870805,-0.0031230831617277376,-0.057076844983594124,0.5776915692385423,0.3268639084030126,0.3097501505445691,-0.013003715868146167,0.1515729670482879,-0.14793850066532496,-0.1845713938103147,0.000549678216571919,0.014897675973405322
/multi_agv/path_reference,1789710629.298842,1789710629.297926,world,s_curve,1,0.4058288236644639,0.10010489745321514,8.894122579348067e-05,0.4057752491956755,-0.0031809830122152705,-0.05782586612374119,0.5786908263956954,0.32798650732457146,0.31064841386675945,-0.013191135937317933,0.1515733760156026,-0.14792518911493047,-0.1862401760646764,0.00017785189351977111,0.014737650787925239
/multi_agv/path_reference,1789710629.3085988,1789710629.307861,world,s_curve,1,0.4068233368903462,0.10010489745321514,0.0,0.40676807869049897,-0.0032388285319111055,-0.05856992517475727,0.5796761598812268,0.3290945047231404,0.3115335714671297,-0.01337763807448995,0.15157336707017086,-0.1479122145914142,-0.1878908783983558,-0.00019485793525041918,0.014575327122637061
/multi_agv/path_reference,1789710629.318563,1789710629.3178654,world,s_curve,1,0.40782465474663293,0.10010489745321514,0.0,0.40776765737889015,-0.003297818756007851,-0.05932442197001866,0.5806680396557432,0.3302109108143371,0.31242402166659006,-0.01356708399350563,0.1515729372385365,-0.1478993095130544,-0.18955769484809395,-0.0005761461161244946,0.014407354101378065
/multi_agv/path_reference,1789710629.3284914,1789710629.3278096,world,s_curve,1,0.4088203223821927,0.10010489745321514,0.0,0.4087615510864057,-0.0033572265884435418,-0.060079979026564666,0.5816541249966685,0.3313218403405356,0.31330868792201294,-0.013757124986231368,0.15157208374241662,-0.14788663852151587,-0.19121985276033363,-0.0009612952586882019,0.014235787165542687
/multi_agv/path_reference,1789710629.3385365,1789710629.3378468,world,s_curve,1,0.40982501733829385,0.10010444473151413,-4.510767593979045e-05,0.4097644100842084,-0.0034179368412042737,-0.06084775918739881,0.5826489482006854,0.3324436738022814,0.3142006082496584,-0.01395057564885515,0.1515707844930293,-0.14787401936778694,-0.1929018296201104,-0.0013560283221793206,0.01405804767703894
/multi_agv/path_reference,1789710629.348621,1789710629.347855,world,s_curve,1,0.41082677062518214,0.10010444473151413,0.0,0.4107642859209981,-0.0034792386206812017,-0.06161866217240444,0.5836406530236868,0.3335630538706791,0.3150891508686283,-0.014145151491898234,0.1515690434398202,-0.14786160780996555,-0.1945835816150151,-0.0017557125027765717,0.013876184798613285
/multi_agv/path_reference,1789710629.3586845,1789710629.3578622,world,s_curve,1,0.4118285189068482,0.10010444473151413,0.0,0.41176410904099187,-0.003541313553205457,-0.06239492143345215,0.584632144545085,0.33468325790334214,0.31597692467454824,-0.014341420078400467,0.15156684995824704,-0.14784937053946295,-0.19626996837525462,-0.0021615064809718293,0.013689659637628596
/multi_agv/path_reference,1789710629.3687234,1789710629.3679538,world,s_curve,1,0.4128389522501391,0.10010444473151413,0.0,0.4127725512479898,-0.003604715467374225,-0.06318333771188725,0.5856320180457695,0.3358140138554376,0.31687162184276224,-0.014541110594987739,0.15156417162794247,-0.14783720743507742,-0.1979756289547969,-0.002577023902444351,0.013496766757465167
/multi_agv/path_reference,1789710629.3783605,1789710629.3778038,world,s_curve,1,0.41382498190655576,0.1001038324113931,-6.21640438279131e-05,0.4137565891783961,-0.0036673555939914157,-0.06395796362976534,0.5866075325001552,0.33691827270471914,0.3177439623303138,-0.014737648850179773,0.15156109901885031,-0.1478255169506448,-0.19964455103214437,-0.002988526833907461,0.013303907427523524
/multi_agv/path_reference,1789710629.3885107,1789710629.3878655,world,s_curve,1,0.41483114955104244,0.1001038324113931,0.0,0.414760673938823,-0.003732063154187957,-0.06475375342441918,0.5876027529034743,0.3380459110022656,0.31863335791072894,-0.014939905907244557,0.1515574894486443,-0.14781377300396362,-0.20135204518276706,-0.0034145775901267606,0.0131023737857433
/multi_agv/path_reference,1789710629.3982248,1789710629.3978019,world,s_curve,1,0.4158268642532449,0.1001038324113931,0.0,0.4157542762088357,-0.003796887874648095,-0.06554658570149154,0.5885874149121318,0.3391626559397731,0.31951275777460214,-0.015141761869858238,0.1515534378558109,-0.14780233960989694,-0.20304621261085257,-0.003842323736200027,0.01289819914149628
/multi_agv/path_reference,1789710629.4083996,1789710629.4078627,world,s_curve,1,0.41683388848622555,0.1001038324113931,0.0,0.4167591112555802,-0.003863252614598287,-0.0663537914216797,0.5895830360052889,0.340292915597286,0.32040138216416547,-0.015347634796804857,0.15154884769148302,-0.14779097073847303,-0.20476403588433278,-0.004281134193666267,0.012686888843792926
/multi_agv/path_reference,1789710629.4183357,1789710629.4179015,world,s_curve,1,0.4178389241554493,0.10010435077150127,5.163010993860609e-05,0.4177619081433245,-0.0039302976911088265,-0.06716478135038062,0.5905764623422195,0.34142177526544626,0.32128748682230757,-0.015554834543696508,0.15154376481511084,-0.14777982334474082,-0.20648284049360835,-0.004725312373173176,0.012471140301117574
/multi_agv/path_reference,1789710629.4284663,1789710629.4278631,world,s_curve,1,0.41883593485928916,0.10010435077150127,0.0,0.4187566437035074,-0.003997613765753919,-0.06797459977012499,0.5915617274729704,0.34254244160362995,0.3221657620339217,-0.01576209520051572,0.15153821939907997,-0.14776896549582602,-0.20819218687028773,-0.005172108847263035,0.012252296005816931
/multi_agv/path_reference,1789710629.4383066,1789710629.437845,world,s_curve,1,0.41983523945432694,0.10010435077150127,0.0,0.41975361271283035,-0.004065895621724969,-0.06879157752713708,0.5925490274941048,0.3436665053496158,0.3230453052947703,-0.015971551024403133,0.1515321509376669,-0.14775828677843864,-0.2099096785924329,-0.005626105609238734,0.012028106948915042
/multi_agv/path_reference,1789710629.4482682,1789710629.4478528,world,s_curve,1,0.42083714405966727,0.10010435077150127,0.0,0.4207531191379537,-0.0041351753936001495,-0.06961599865238961,0.593538659924573,0.3447943159339076,0.3239263815553804,-0.01618328292447425,0.1515255460996815,-0.14774778935600769,-0.211635821304582,-0.0060874976760302455,0.011798443262569819
/multi_agv/path_reference,1789710629.458296,1789710629.457819,world,s_curve,1,0.4218346759448063,0.10010392262761107,-4.296492522873097e-05,0.42174820603888996,-0.00420497413406658,-0.07044210607859296,0.594523734836495,0.3459180212173845,0.32480286206279024,-0.016395816955953345,0.15151844436789264,-0.147737549814139,-0.21335853945840452,-0.006553067653922563,0.011564890856479573
/multi_agv/path_reference,1789710629.4689898,1789710629.4679317,world,s_curve,1,0.42284710939997155,0.10010392262761107,0.0,0.4227580985105077,-0.004276658411333031,-0.07128594001692443,0.5955232787495258,0.3470593453765893,0.32569167140540795,-0.01661329073055076,0.15151069272466286,-0.14772737722811116,-0.2151111318091294,-0.007031919726236323,0.011322833301695446
/multi_agv/path_reference,1789710629.478966,1789710629.4778554,world,s_curve,1,0.42384047676172143,0.10010392262761107,0.0,0.42374891337733106,-0.004347824116982112,-0.07211915033396624,0.5965037546380157,0.34817999013315276,0.3265629953608245,-0.016828401867856592,0.15150254591695622,-0.14771761640004594,-0.21683472067900855,-0.0075079586781600805,0.01108039728525132
/multi_agv/path_reference,1789710629.4885883,1789710629.487847,world,s_curve,1,0.42484074678945605,0.10010392262761107,0.0,0.4247465527327621,-0.004420320909791756,-0.07296341603127274,0.5974907955025321,0.34930923552646426,0.3274396271692897,-0.017046745181878195,0.1514937938223787,-0.14770801136987577,-0.2185742388007655,-0.00799352439371557,0.01083131031487031
/multi_agv/path_reference,1789710629.498674,1789710629.4978256,world,s_curve,1,0.4258394178163852,0.10010361751000434,-3.058402154128611e-05,0.4257425356820271,-0.004493544707268187,-0.07381159679463624,0.598476006825887,0.3504374889479272,0.3283141112722669,-0.017266482763694427,0.1514844984153939,-0.14769864977350405,-0.22031488063209678,-0.00848454803076907,0.010577624803546654
/multi_agv/path_reference,1789710629.5084867,1789710629.5078654,world,s_curve,1,0.42684444522281895,0.10010361751000434,0.0,0.4267447946533613,-0.0045680898585100296,-0.07467048004914216,0.5994672316249146,0.35157374260762775,0.3291934097275415,-0.01748938107138127,0.15147457396884723,-0.14768946247299602,-0.22207048696060636,-0.008984994112799703,0.010317258718927745
/multi_agv/path_reference,1789710629.5183785,1789710629.5178056,world,s_curve,1,0.42783970211576927,0.10010361751000434,0.0,0.4277372463497632,-0.0046427614894112386,-0.07552624997511204,0.6004485624242835,0.3526997584320661,0.3300634181929399,-0.017711858619938722,0.1514641743174307,-0.1476806001657257,-0.2238128146079607,-0.009486808302192258,0.010054390683580713
/multi_agv/path_reference,1789710629.5285242,1789710629.5278618,world,s_curve,1,0.42884622627149205,0.10010361751000434,0.0,0.42874086801288064,-0.0047191445310571815,-0.07639700031085406,0.6014407386927381,0.3538393386917124,0.3309425266541914,-0.017938625124504184,0.1514530710047102,-0.14767187947337754,-0.22557864796590102,-0.010000619759334226,0.009783427463671102
/multi_agv/path_reference,1789710629.5384305,1789710629.537806,world,s_curve,1,0.42984181569256197,0.10010330387345817,-3.153514272260413e-05,0.4297335204439084,-0.0047955603950862995,-0.0772635190279258,0.6024218713615854,0.3549673453737338,0.33181134459640577,-0.01816468367723182,0.1514415000783366,-0.14766349758636368,-0.2273289849734065,-0.010515105150588145,0.009510318517383307
/multi_agv/path_reference,1789710629.5484316,1789710629.5478506,world,s_curve,1,0.4308473294552812,0.10010330387345817,0.0,0.43073600017032315,-0.004873613323583657,-0.07814394508148777,0.6034125136353836,0.3561074092384501,0.3326880776371356,-0.01839477072784368,0.15142921267621443,-0.14765528191912172,-0.22910043824812185,-0.011041041143599972,0.009229324356864483
/multi_agv/path_reference,1789710629.5584855,1789710629.5578403,world,s_curve,1,0.4318473376363907,0.10010330387345817,0.0,0.4317329221646205,-0.004952117048978198,-0.07902479463438263,0.6043974585362689,0.35724203944134975,0.3335592685162428,-0.018625371217744945,0.1514163848659149,-0.14764736479510454,-0.2308657946282493,-0.011570405328427248,0.008944697879544654
/multi_agv/path_reference,1789710629.5684383,1789710629.5678735,world,s_curve,1,0.4328516577673146,0.10010330387345817,0.0,0.43273407259116986,-0.005031845852194622,-0.0799146975110378,0.6053863727273454,0.3583823721248785,0.3344334729212856,-0.018858749254184175,0.15140288378854366,-0.14763967209094336,-0.23264232456067752,-0.012108389672638628,0.008653628907793644
/multi_agv/path_reference,1789710629.5784009,1789710629.5778046,world,s_curve,1,0.43384580508391796,0.10010330223508952,-1.6497163882298114e-07,0.4337250118626368,-0.005111646745362462,-0.080800764643892,0.606364992659814,0.35951195223789373,0.3352980906902025,-0.019091526228042315,0.15138890207519068,-0.14763231608323574,-0.23440432133302105,-0.012647185594821954,0.008360336238810344
/multi_agv/path_reference,1789710629.588369,1789710629.5878599,world,s_curve,1,0.4348522002397564,0.10010330223508952,0.0,0.434728086787921,-0.005193328046974992,-0.08170298643602983,0.607355384370062,0.360656255554517,0.3361726204391839,-0.01932896137155317,0.15137411370810425,-0.14762513647747602,-0.23619147876516058,-0.013198969553516451,0.008058164121562333
/multi_agv/path_reference,1789710629.5984921,1789710629.5978017,world,s_curve,1,0.43584759794670797,0.10010330223508952,0.0,0.43572012747163186,-0.00527500919596915,-0.08260052434400252,0.608334668256662,0.36178885126866983,0.33703686288956364,-0.01956557634962458,0.15135885176327982,-0.14761830300156267,-0.2379624700644267,-0.013751013603228765,0.007754057589036486
/multi_agv/path_reference,1789710629.6083765,1789710629.6078513,world,s_curve,1,0.43685341010091416,0.10010330223508952,0.0,0.4367224723577061,-0.005358452280987944,-0.08351267110430144,0.609323906241357,0.36293409995960085,0.33790941087216037,-0.01980646326200837,0.15134277968238413,-0.14761167326333957,-0.23975533269529783,-0.014315191998427394,0.007441454737363805
/multi_agv/path_reference,1789710629.6184027,1789710629.617829,world,s_curve,1,0.43785241666805597,0.10010359673584135,2.9509900604174676e-05,0.43771795916519934,-0.005442238125637142,-0.08442382860191722,0.6103061569896013,0.3640723968795729,0.33877532362642365,-0.02004751017805253,0.15132616160987689,-0.1476053658087358,-0.24153933490164278,-0.014881884350151704,0.007125654231794008
/multi_agv/path_reference,1789710629.6283786,1789710629.6278634,world,s_curve,1,0.4388567272242708,0.10010359673584135,0.0,0.43871865367067864,-0.005527385809627217,-0.08534501975236788,0.6112933240210441,0.3652175362746912,0.3396451007163005,-0.02029163836309847,0.15130878904025005,-0.14759930810603325,-0.24333603869680748,-0.015457949721366186,0.006802815237571783
/multi_agv/path_reference,1789710629.6383104,1789710629.6378465,world,s_curve,1,0.43985609726757235,0.10010359673584135,0.0,0.43971434696250683,-0.0056130320623472025,-0.08626684043928855,0.6122753339984197,0.36635783560538726,0.34050987128371346,-0.020536361221469422,0.15129083099243162,-0.14759356595800383,-0.2451270630737837,-0.01603751913035255,0.006476203388961125
/multi_agv/path_reference,1789710629.6484575,1789710629.6478493,world,s_curve,1,0.440857384394855,0.10010359673584135,0.0,0.4407118704543424,-0.005699765687076341,-0.08719558212886798,0.613258923152116,0.36750111387238393,0.34137557433852705,-0.020783352969672788,0.15127215893862617,-0.14758810303018238,-0.24692462787072728,-0.016624544173083424,0.006143577260676842
/multi_agv/path_reference,1789710629.6584692,1789710629.6578028,world,s_curve,1,0.44185391473540553,0.10010368080530374,8.444963777090647e-06,0.4417045744211174,-0.005787009493525658,-0.08812502184442318,0.6142375333077494,0.368639745380981,0.34223644457462155,-0.021030962321571926,0.15125289230641703,-0.14758295846542208,-0.24871668319358348,-0.017215088220970832,0.005807152493660302
/multi_agv/path_reference,1789710629.6684546,1789710629.6678681,world,s_curve,1,0.44286134686731415,0.10010368080530374,0.0,0.4427080552017563,-0.005876148412780438,-0.08906980016220112,0.6152265349324444,0.36979162664284665,0.34310600402997776,-0.02128309981181303,0.15123271335578256,-0.1475780587823108,-0.2505313593445885,-0.01781849177730486,0.0054615682625292206
/multi_agv/path_reference,1789710629.6783097,1789710629.6778574,world,s_curve,1,0.44386133979418374,0.10010368080530374,0.0,0.4437040420151832,-0.005965569026265393,-0.09001273197916844,0.6162079173485023,0.3709357887945499,0.34396841990249727,-0.021535186715427902,0.15121197810823406,-0.14757349847160234,-0.25233557802921225,-0.01842380478576055,0.0051130634818965575
/multi_agv/path_reference,1789710629.6884315,1789710629.6878557,world,s_curve,1,0.4448622314518996,0.10010368080530374,0.0,0.44470083885106876,-0.006056012943590532,-0.0909616175113961,0.6171898627417998,0.37208176186819536,0.344830891943211,-0.02178931003043172,0.15119051216318413,-0.14756924096352397,-0.25414429741407013,-0.01903601395727768,0.0047587615771360415
/multi_agv/path_reference,1789710629.6983547,1789710629.6978397,world,s_curve,1,0.4458616541554914,0.10010390813965182,2.277020185317429e-05,0.4456960864333631,-0.0061472703472666155,-0.09191419585733768,0.6181700448695066,0.37322683201010026,0.3456913824204824,-0.022044869580089863,0.15116835876610663,-0.1475653002278166,-0.2559531798670189,-0.019653667287646375,0.004399481137115598
/multi_agv/path_reference,1789710629.7083366,1789710629.707821,world,s_curve,1,0.4468607883596199,0.10010390813965182,0.0,0.446690959144482,-0.0062394515229481405,-0.09287156660386765,0.6191496186452533,0.37437234729065916,0.34655091149753336,-0.022302164967351195,0.15114548542953193,-0.14756167503102513,-0.2577642978659013,-0.02027747888981447,0.0040347881633058325
/multi_agv/path_reference,1789710629.7183464,1789710629.7178013,world,s_curve,1,0.44786000975425244,0.10010390813965182,0.0,0.4476858297190553,-0.006332595804213414,-0.09383407581666747,0.6201289488276279,0.37551873579246103,0.34740980453707687,-0.022561294831142158,0.1511218755651006,-0.14755836814659867,-0.2595782747866484,-0.020907682373778446,0.0036645231196766413
/multi_agv/path_reference,1789710629.7283745,1789710629.7278614,world,s_curve,1,0.44886690161084614,0.10010390813965182,0.0,0.4486882459455223,-0.006427426380501981,-0.09480907433539296,0.6211154601349752,0.3766747041727718,0.34827457352881974,-0.02282424945280823,0.15109733294749805,-0.14755536263619573,-0.26140885095637434,-0.021549135090306863,0.003285786952431065
/multi_agv/path_reference,1789710629.7383332,1789710629.737801,world,s_curve,1,0.4498620730241806,0.10010393055356066,2.2546069389605662e-06,0.4496789022911648,-0.006522115704058966,-0.09577774185833277,0.622090152517445,0.37781798339872574,0.3491285709573235,-0.02308595569999476,0.1510723268881032,-0.14755271830028535,-0.2632206995724013,-0.02218944552640134,0.002905883358059427
/multi_agv/path_reference,1789710629.7483497,1789710629.7478514,world,s_curve,1,0.45086803924497015,0.10010393055356066,0.0,0.45068021051052376,-0.006618810089296801,-0.09676197364156719,0.6230750745732254,0.378974435858574,0.34999112109977176,-0.023352334667298944,0.15104628395996894,-0.14755037956056039,-0.2650547511183091,-0.02284309148542736,0.002516200807012474
/multi_agv/path_reference,1789710629.7584422,1789710629.757861,world,s_curve,1,0.4518699888956502,0.10010393055356066,0.0,0.45167742543802114,-0.006716100418349711,-0.09774731586472979,0.6240557175660625,0.38012703964475847,0.35084951910324236,-0.023619484784198803,0.15101957180843378,-0.14754838827928413,-0.2668839695116499,-0.02350051320198899,0.002122395503627543
/multi_agv/path_reference,1789710629.7684746,1789710629.767875,world,s_curve,1,0.4528723601840858,0.10010393055356066,0.0,0.45267496335435,-0.006814417362867656,-0.09873809219100531,0.625036423405557,0.38128089342364646,0.3517075732338464,-0.023888581735279732,0.15099206786106037,-0.1475467382143836,-0.26871638560871136,-0.02416458768242611,0.001722729546790324
/multi_agv/path_reference,1789710629.7783797,1789710629.7778177,world,s_curve,1,0.4538677639038265,0.10010426933365768,3.4069929018882875e-05,0.45366547018207204,-0.006913031292896099,-0.09972693588415699,0.626009962287743,0.38242748107857094,0.3525589671799021,-0.02415762583258665,0.15096397434278686,-0.1475454423888885,-0.2705384098026505,-0.02483035616690388,0.001320181148702469
/multi_agv/path_reference,1789710629.7883997,1789710629.787866,world,s_curve,1,0.4548737402360772,0.10010426933365768,0.0,0.4546663977795552,-0.007013690316058921,-0.10073128409916075,0.6269934833871346,0.38358700806762,0.35341870188391095,-0.02443137001221836,0.15093478342832026,-0.14754448436427867,-0.27238210225946285,-0.025509583217186188,0.0009076021622510768
/multi_agv/path_reference,1789710629.798395,1789710629.7978709,world,s_curve,1,0.45587509535483833,0.10010426933365768,0.0,0.45566262620767134,-0.007114887681738259,-0.10173599734408362,0.627972125067039,0.3847419652681196,0.35427378828785533,-0.02470569786301102,0.15090492073447628,-0.14754388591668002,-0.27421957831422494,-0.026192065022898052,0.000491149072748129
/multi_agv/path_reference,1789710629.8082812,1789710629.8078306,world,s_curve,1,0.45687230645716187,0.10010426933365768,0.0,0.45665463004461543,-0.007216663339886592,-0.10274147438274031,0.6289463546501624,0.3858928902171338,0.3551246452665501,-0.024980717844598446,0.15087437428270542,-0.14754364645776671,-0.2760516254663033,-0.026878041223116766,7.067540637074242e-05
/multi_agv/path_reference,1789710629.8183556,1789710629.8178453,world,s_curve,1,0.45787469062601655,0.10010467703694825,4.0715932571333896e-05,0.4576516760390018,-0.007319974611945517,-0.10375710201615285,0.6299252701236085,0.38705053430566744,0.35597922368772933,-0.025259004161286583,0.1508428490412431,-0.14754376871579303,-0.2778953050604801,-0.027573928362435846,-0.00035777993423990773
/multi_agv/path_reference,1789710629.8285825,1789710629.8278694,world,s_curve,1,0.45887807474049014,0.10010467703694825,0.0,0.45864961079787636,-0.0074244054927022265,-0.10477868214641918,0.630904788834937,0.3882100818750178,0.3568339616836742,-0.02553941693130051,0.15081046034010273,-0.14754425988690886,-0.2797429016016678,-0.028276885313191898,-0.0007925105598921272
/multi_agv/path_reference,1789710629.838672,1789710629.837872,world,s_curve,1,0.45987936386428274,0.10010467703694825,0.0,0.45964535481693164,-0.007529636992051302,-0.10580303989999894,0.6318818862303843,0.3893679519338345,0.35768622628657604,-0.025821089822887833,0.1507773010871335,-0.14754512224039956,-0.28158865307170267,-0.028984730280520864,-0.0012321895969452834
/multi_agv/path_reference,1789710629.8488395,1789710629.847858,world,s_curve,1,0.46087901587618707,0.10010467703694825,0.0,0.46063936247997317,-0.0076357163065234055,-0.10683060034465414,0.6328570073927426,0.3905246666181992,0.3585364134289776,-0.02610414289622642,0.15074335246271436,-0.14754635848605813,-0.2834333326203755,-0.029697748040013953,-0.0016770088518827755
/multi_agv/path_reference,1789710629.8587432,1789710629.8578362,world,s_curve,1,0.46187810030565346,0.1001045878761211,-8.933587185925609e-06,0.46163269607074076,-0.007742758280752965,-0.10786243059282001,0.6338311930279132,0.39168145781843267,0.35938543736587625,-0.02638887438279009,0.15070857262867435,-0.14754797308814313,-0.28527884777186835,-0.03041667678936676,-0.002127448189734836
/multi_agv/path_reference,1789710629.868511,1789710629.8678014,world,s_curve,1,0.46287564853011426,0.1001045878761211,0.0,0.4626243913168074,-0.007850660590049565,-0.10889749860219476,0.6348034960353692,0.39283719841055936,0.3602324795044935,-0.02667500382731877,0.15067298971572068,-0.1475499676585506,-0.2871233436971332,-0.03114079554148181,-0.0025830755442757085
/multi_agv/path_reference,1789710629.8786001,1789710629.8778,world,s_curve,1,0.46387655926768184,0.1001045878761211,0.0,0.46361931629562836,-0.007959960628135006,-0.10994088390461257,0.635778686253061,0.3939975625931954,0.36108170004062856,-0.026963942733468194,0.1506364183071918,-0.14755235745812859,-0.28897582314580855,-0.03187367318488243,-0.0030461677802131335
/multi_agv/path_reference,1789710629.8885643,1789710629.887869,world,s_curve,1,0.4648842861266379,0.1001045878761211,0.0,0.46462090060693007,-0.008071056053190528,-0.11099624330856792,0.6367601186627367,0.3951665618251453,0.36193602133290803,-0.027256717551700504,0.15059871051998203,-0.1475551611278531,-0.2908426438315947,-0.03261793035459668,-0.0035184369879941806
/multi_agv/path_reference,1789710629.898556,1789710629.8978052,world,s_curve,1,0.46587915443529093,0.10010443518864365,-1.536353460844308e-05,0.4656095889212318,-0.008181773154366186,-0.11204291132249244,0.6377286316720414,0.39632136272266755,0.3627787723689862,-0.027547596724381455,0.15056060212790243,-0.14755832486661954,-0.292687282413961,-0.033358974003445674,-0.003990631721269041
/multi_agv/path_reference,1789710629.9087787,1789710629.9078615,world,s_curve,1,0.46688566809309834,0.10010443518864365,0.0,0.4666097314993494,-0.008294841582151054,-0.11310664124570187,0.6387080768698483,0.3974904034841596,0.3636307141440402,-0.027843742337346114,0.15052114783556658,-0.14756193024467362,-0.2945551084875649,-0.03411503932016406,-0.004474394659030561
/multi_agv/path_reference,1789710629.9186006,1789710629.9178505,world,s_curve,1,0.4678858084018306,0.10010443518864365,0.0,0.4676034211021962,-0.008408250199644267,-0.11416841002329436,0.6396809130563585,0.3986527578752042,0.3644765923750258,-0.028139868551041468,0.15048103842787128,-0.14756592047576259,-0.29641263537635537,-0.0348726353040503,-0.004961135966465529
/multi_agv/path_reference,1789710629.928394,1789710629.9278314,world,s_curve,1,0.46888493365159,0.10010443518864365,0.0,0.46859598113111744,-0.008522599477738337,-0.1152338352280025,0.6406523528605086,0.39981464165897,0.3653209488738736,-0.028437542292558002,0.15044006073030303,-0.14757031687096,-0.2982697367241391,-0.03563574487423846,-0.005453419461679169
/multi_agv/path_reference,1789710629.938455,1789710629.937828,world,s_curve,1,0.4698856412186692,0.10010453197700776,9.682103153112433e-06,0.4695899901229755,-0.008638192129595792,-0.11630567229710861,0.6416249174503599,0.40097907219921025,0.36616598071935613,-0.028737539866812652,0.1503980991427373,-0.147575135664712,-0.3001311801704345,-0.03640635086338361,-0.005952552919774584
/multi_agv/path_reference,1789710629.948316,1789710629.9478374,world,s_curve,1,0.4708876287222943,0.10010453197700776,0.0,0.47058514550289643,-0.008755002352464316,-0.11738359898190262,0.6425983072652911,0.40214569686854507,0.367011432374853,-0.029039779415676904,0.1503551540506578,-0.14758038169237386,-0.30199634743639386,-0.03718424073542862,-0.0064584344557572886
/multi_agv/path_reference,1789710629.9583251,1789710629.957801,world,s_curve,1,0.47188500821410334,0.10010453197700776,0.0,0.4715755983912791,-0.00887234300376386,-0.11846123881798143,0.6435668005939876,0.4033076529062281,0.3678523416736214,-0.029342476488111308,0.15031147407338163,-0.1475860265965619,-0.3038542100069833,-0.03796480510973931,-0.006968083622879666
/multi_agv/path_reference,1789710629.9685016,1789710629.9678862,world,s_curve,1,0.47289438923825117,0.10010453197700776,0.0,0.47257783987117846,-0.008992184416693109,-0.11955657061688284,0.6445465173168747,0.4044842944002674,0.3687027078963932,-0.02965069301673677,0.15026631320651374,-0.14759217343985626,-0.3057356584414147,-0.03876110520459814,-0.0074900786846133
/multi_agv/path_reference,1789710629.9783921,1789710629.9778368,world,s_curve,1,0.47389070096113534,0.1001044259726433,-1.0650789117314864e-05,0.4735669748732758,-0.009111553163111906,-0.1206423618416701,0.6455131201254358,0.4056463909867657,0.3695414135076257,-0.029956771629778715,0.15022078594140117,-0.14759867380095817,-0.3075938974898139,-0.03955334500259046,-0.008011467155327624
/multi_agv/path_reference,1789710629.98857,1789710629.9878423,world,s_curve,1,0.47489228548444873,0.1001044259726433,0.0,0.4745612131966956,-0.009232638304379487,-0.12173852773507961,0.6464844053324222,0.40681532475704424,0.3703839095006201,-0.030266325709634966,0.15017405728750058,-0.14760564649100408,-0.30946306124363626,-0.040356028359387244,-0.008541798177604216
/multi_agv/path_reference,1789710629.99853,1789710629.9979057,world,s_curve,1,0.475899684873658,0.1001044259726433,0.0,0.4755610889767188,-0.009355527883894937,-0.12284571842127003,0.6474608874365767,0.40799173563354646,0.37123064386003307,-0.03057955411503744,0.1501260776033384,-0.14761310713998577,-0.3113441159988788,-0.04116968542748409,-0.009081484461195203
/multi_agv/path_reference,1789710630.0083113,1789710630.0078032,world,s_curve,1,0.47689045861948853,0.1001044259726433,0.0,0.47654432964679944,-0.009477471726918709,-0.12393917579933379,0.6484208177773033,0.40914940300167396,0.372062768161421,-0.030889450335276104,0.1500779226115309,-0.1476208874570109,-0.3131950811520383,-0.04197608180518475,-0.009618425669956581
/multi_agv/path_reference,1789710630.0184932,1789710630.017804,world,s_curve,1,0.4778915601257723,0.10010428451729918,-1.414470553212487e-05,0.47753768326751916,-0.009601780638825108,-0.12504858301277097,0.6493903110279374,0.41031980996581174,0.37290292880880826,-0.0312044270470573,0.15002828391292408,-0.14762919878234207,-0.3150662391735624,-0.04279708733639074,-0.010167192369751806
/multi_agv/path_reference,1789710630.0284235,1789710630.0278068,world,s_curve,1,0.478892897377646,0.10010428451729918,0.0,0.47853113195445834,-0.009727223426654257,-0.1261628076639316,0.6503595828414855,0.4114911640943133,0.373742648927576,-0.03152133881967868,0.1499776378309503,-0.1476379692912344,-0.3169386780905594,-0.04362451471854168,-0.010722373443578
/multi_agv/path_reference,1789710630.0384974,1789710630.0378392,world,s_curve,1,0.4798970774910958,0.10010428451729918,0.0,0.4795272598398623,-0.009854136108799028,-0.1272847506282662,0.6513311508325534,0.4126665138810616,0.3745841148059716,-0.031841019466188995,0.14992583963857906,-0.14764722849878711,-0.31881721291453635,-0.04446053744590545,-0.01128546569812989
/multi_agv/path_reference,1789710630.048389,1789710630.047823,world,s_curve,1,0.4808964256708362,0.10010428451729918,0.0,0.4805184522502261,-0.009981549938558845,-0.12840580222416773,0.6522975868595708,0.4138368698645516,0.3754209000265557,-0.03216102046570633,0.14987327973681416,-0.14765690908678433,-0.32068742016268603,-0.04529873756025492,-0.011852168781709102
/multi_agv/path_reference,1789710630.0583405,1789710630.0578213,world,s_curve,1,0.48189735728839483,0.1001038628588063,-4.217035729837423e-05,0.48151107109042685,-0.010110281572756355,-0.12953311554453742,0.653265093341019,0.4150097375160527,0.37625838241420867,-0.03248338687226877,0.14981961754817047,-0.14766707539417073,-0.3225612382556652,-0.04614445557630259,-0.012426111855060823
/multi_agv/path_reference,1789710630.0683913,1789710630.0678234,world,s_curve,1,0.4828986063353026,0.1001038628588063,0.0,0.482503858613388,-0.010240175682822941,-0.1306652556466724,0.6542324413075798,0.41618363067140507,0.37709550386117896,-0.03280771621882521,0.14976490975424506,-0.14767772058388867,-0.3244362347389067,-0.04699662899712374,-0.013006608956489888
/multi_agv/path_reference,1789710630.0785232,1789710630.0778227,world,s_curve,1,0.48389952724174795,0.1001038628588063,0.0,0.48349617285439905,-0.010371152776553575,-0.13180147035710155,0.6551990031331698,0.41735778781428395,0.3779317276157433,-0.0331337992452674,0.14970918338090672,-0.1476888424653,-0.3263111362118922,-0.04785469751637189,-0.013593307519887757
/multi_agv/path_reference,1789710630.0883853,1789710630.0878227,world,s_curve,1,0.4849006233299533,0.1001038628588063,0.0,0.4844885109811599,-0.010503282675554705,-0.13294230760227116,0.656165261054243,0.4185327945510052,0.37876747733823146,-0.033461799272760495,0.1496524024254901,-0.14770045117939373,-0.3281868206868378,-0.04871908014204669,-0.014186522838232563
/multi_agv/path_reference,1789710630.0985787,1789710630.0978463,world,s_curve,1,0.4859041011599067,0.10010319085878883,-6.703620548344637e-05,0.4854830578042685,-0.010636865086010782,-0.1340902761341747,0.6571333391080239,0.4197112384796977,0.37960459582508377,-0.033792446018944274,0.14959442955625324,-0.14771257879534128,-0.33006735900994294,-0.049591694312405864,-0.014787608769859033
/multi_agv/path_reference,1789710630.108472,1789710630.1078284,world,s_curve,1,0.486903174849875,0.10010319085878883,0.0,0.48647308637883285,-0.010770997667081384,-0.13523757672222114,0.6580966883052921,0.42088514376017205,0.38043742707103434,-0.034123497785660754,0.14953565154950996,-0.14772514676509332,-0.33193996811968035,-0.05046660878993057,-0.015392502553369035
/multi_agv/path_reference,1789710630.1184838,1789710630.1178286,world,s_curve,1,0.48790428614029324,0.10010319085878883,0.0,0.4874649788061548,-0.010906545136599988,-0.1363915681040836,0.6590615178794846,0.4220620723096854,0.38127134622929426,-0.03445708181955409,0.1494756852438698,-0.14773823883411566,-0.333816655646308,-0.051349431023490974,-0.016005102894917907
/multi_agv/path_reference,1789710630.1283891,1789710630.1278164,world,s_curve,1,0.48890414053504705,0.10010319085878883,0.0,0.4884554688246181,-0.011043067009951332,-0.13754843434898467,0.6600246482558862,0.42323814684101374,0.3821036113769543,-0.03479210213311622,0.1494147184455599,-0.14775181734229767,-0.3356911806759024,-0.05223725070392427,-0.016623422678431917
/multi_agv/path_reference,1789710630.138355,1789710630.1378026,world,s_curve,1,0.4899038815099827,0.10010202788520108,-0.0001164461769893005,0.4894456876152002,-0.011180721108492477,-0.13870946593756797,0.6609871780355575,0.4244147061035751,0.38293517870646787,-0.035128937417070814,0.14935267555287107,-0.14776590146127766,-0.3375656210814986,-0.05313105809186985,-0.01724817687234753
/multi_agv/path_reference,1789710630.1485608,1789710630.1478286,world,s_curve,1,0.4909072800128132,0.10010202788520108,0.0,0.49043936744829575,-0.011320036683969073,-0.13987904097737008,0.6619527313127123,0.42559618622577755,0.3837691848063973,-0.03546886721284307,0.14928930877557656,-0.1477805516146407,-0.3394469816568125,-0.05403424405852428,-0.01788177782565714
/multi_agv/path_reference,1789710630.1583889,1789710630.1578357,world,s_curve,1,0.49190899790269754,0.10010202788520108,0.0,0.4914312194292381,-0.011460280271505807,-0.14105092559561974,0.6629161658862859,0.42677629831013614,0.3846011940912922,-0.035810088045355876,0.1492249436138369,-0.14779569638299841,-0.3413251872880619,-0.05494200843731593,-0.018520895218410244
/multi_agv/path_reference,1789710630.1684237,1789710630.167829,world,s_curve,1,0.49290936371449123,0.10010202788520108,0.0,0.4924215676361254,-0.011601496670810323,-0.1422254602033577,0.6638777961233937,0.4279554214267821,0.38543148535820015,-0.03615270260700853,0.14915955580433238,-0.1478113432097548,-0.34320078760465966,-0.05585460782836545,-0.019165729732448622
/multi_agv/path_reference,1789710630.1787758,1789710630.1779423,world,s_curve,1,0.49392191187313805,0.1001008928126917,-0.00011221369633145317,0.49342380620982534,-0.011745619856355829,-0.14341857927403567,0.6648506201552378,0.4291495129173467,0.3862712855568915,-0.036501375965288615,0.14909223396466617,-0.147827717568445,-0.34509908936686734,-0.056784473952448795,-0.019825134139747912
/multi_agv/path_reference,1789710630.1889446,1789710630.1878686,world,s_curve,1,0.49491532494531654,0.1001008928126917,0.0,0.49440693653789597,-0.011888182738930062,-0.14459331154974073,0.6658045508201481,0.43032162896912574,0.3870946298244139,-0.03684530233138917,0.1490250651737764,-0.1478443110591774,-0.3469613143060243,-0.05770276956605161,-0.020478665211368926
/multi_agv/path_reference,1789710630.1989894,1789710630.1978743,world,s_curve,1,0.49591706340875025,0.1001008928126917,0.0,0.4953981354607267,-0.012033112119844681,-0.14578203641393594,0.6667659615032424,0.4315041547040848,0.3879242901748528,-0.03719395863704421,0.1489562018828862,-0.14786157960537602,-0.3488388754447167,-0.05863476643394327,-0.0211443012766877
/multi_agv/path_reference,1789710630.208784,1789710630.2078736,world,s_curve,1,0.49691798645031116,0.1001008928126917,0.0,0.49638835447339236,-0.012179102264844645,-0.1469739279234524,0.6677260698006597,0.43268630085186255,0.3887526927676547,-0.0375441827187336,0.14888625206189984,-0.14787937613770016,-0.3507145699868123,-0.05957201311135269,-0.021816063464716772
/multi_agv/path_reference,1789710630.2185133,1789710630.2178,world,s_curve,1,0.4979116846574791,0.10009852799071563,-0.0002382163890985221,0.4973712528423581,-0.012325207728158476,-0.14816127854767483,0.6686787301565215,0.43386048512851366,0.38957454324203905,-0.03789370819763073,0.14881566971886956,-0.14789758470571424,-0.35257632441286624,-0.06050842097009256,-0.022489590064479814
/multi_agv/path_reference,1789710630.228564,1789710630.227935,world,s_curve,1,0.4989261842396503,0.10009852799071563,0.0,0.4983745463965425,-0.012475578331178266,-0.14937763332904738,0.669650796624262,0.4350598300938098,0.3904130124715556,-0.03825243050384688,0.14874243151730138,-0.1479167360069893,-0.3544765703328659,-0.06147050703167799,-0.023184034072848466
/multi_agv/path_reference,1789710630.2383242,1789710630.237871,world,s_curve,1,0.499920746897706,0.10009852799071563,0.0,0.4993579447846716,-0.01262417971546857,-0.1505741271846103,0.6706032305751944,0.4362361701146946,0.3912344336641257,-0.0386059443692051,0.14866947038431885,-0.14793606516151944,-0.35633893306324543,-0.062419629973154554,-0.023871538058592153
/multi_agv/path_reference,1789710630.2483952,1789710630.2479372,world,s_curve,1,0.5009283835246011,0.10009852799071563,0.0,0.5003540879724944,-0.01277593673935769,-0.15179040447679043,0.671567646076282,0.4374285377471139,0.39206608009408694,-0.03896596387643576,0.1485943676193846,-0.14795621396102188,-0.35822516366593216,-0.06338721489468804,-0.024574871889275738
/multi_agv/path_reference,1789710630.2583947,1789710630.2578661,world,s_curve,1,0.5019222338659981,0.1000972158205401,-0.00013215730355201812,0.5013364203580655,-0.012926805769695866,-0.15299401227424875,0.6725183319324806,0.4386051422216216,0.392885786920094,-0.039322887860208974,0.14851911936738565,-0.14797664881626427,-0.36008491445054475,-0.06434744690242755,-0.025275299444858804
/multi_agv/path_reference,1789710630.2683427,1789710630.2678483,world,s_curve,1,0.5029213036766168,0.1000972158205401,0.0,0.5023237276605619,-0.013079660775332819,-0.1542078892276342,0.6734734715291133,0.4397884711809092,0.39370924027166293,-0.03968351714483709,0.1484422934507849,-0.14799775863194625,-0.361953690721252,-0.0653185965244138,-0.02598614798328351
/multi_agv/path_reference,1789710630.2784424,1789710630.2779324,world,s_curve,1,0.503930820733748,0.1000972158205401,0.0,0.5033211696459653,-0.013235333649805043,-0.15543845255801908,0.6744380462078604,0.4409847234582006,0.39454073927183475,-0.04004978042204206,0.14836345185516067,-0.14801967238253375,-0.3638411840119228,-0.06630586735306937,-0.026711316169079378
/multi_agv/path_reference,1789710630.2885168,1789710630.2879436,world,s_curve,1,0.5049328978651187,0.1000972158205401,0.0,0.5043110702232199,-0.013391074769680348,-0.15666388828265423,0.6753949589298607,0.4421726997157952,0.3953655520240036,-0.040415194089534784,0.14828397868842746,-0.14804200890793373,-0.3657138774093708,-0.06729177591567044,-0.02743800537694811
/multi_agv/path_reference,1789710630.2984405,1789710630.2979228,world,s_curve,1,0.5059318021890722,0.10009648100148712,-7.363347981624685e-05,0.505297645567452,-0.013547531828875522,-0.15788932411862797,0.6763482895004091,0.4433574440711032,0.39618720313084366,-0.04078128313347387,0.14820354680305112,-0.1480648591562038,-0.36757969021776554,-0.06828040950047806,-0.028169220471742855
/multi_agv/path_reference,1789710630.308554,1789710630.3078673,world,s_curve,1,0.5069271818156401,0.10009648100148712,0.0,0.5062805479782049,-0.01370464110876023,-0.1591142614218032,0.6772977039533429,0.44453852783209635,0.3970054121491753,-0.0411478982437163,0.148122189016153,-0.1480882140987174,-0.36943790604587734,-0.06927134380561527,-0.02890465419096669
/multi_agv/path_reference,1789710630.3182464,1789710630.3178003,world,s_curve,1,0.5079214730931702,0.10009648100148712,0.0,0.5072621825220655,-0.013862782314074763,-0.16034164375969684,0.6782455263206896,0.44571883222534414,0.39782218902016253,-0.04151592216186584,0.14803970696343777,-0.14811213174379617,-0.37129301173491813,-0.0702669465923092,-0.029646078012563755
/multi_agv/path_reference,1789710630.3284738,1789710630.32787,world,s_curve,1,0.5089293672822753,0.10009648100148712,0.0,0.5082570475946897,-0.014024318841754453,-0.16158964920546873,0.6792057469783841,0.44691580036123923,0.3986495954444458,-0.04189082524322677,0.14795485076917023,-0.14813698205120682,-0.37317232687020585,-0.07128201938387634,-0.03040459463949704
/multi_agv/path_reference,1789710630.338435,1789710630.3378723,world,s_curve,1,0.5099305288610495,0.10009548815911555,-9.926373919451678e-05,0.5092450664628335,-0.014186007095833704,-0.1628331076269452,0.6801589828539262,0.4481052809626054,0.3994709355719689,-0.04226505949897894,0.14786931256071476,-0.14816227434923693,-0.37503785153831026,-0.07229612318779077,-0.031164989804695176
/multi_agv/path_reference,1789710630.3484275,1789710630.3478587,world,s_curve,1,0.5109300032302753,0.10009548815911555,0.0,0.5102312186645523,-0.014348650012499522,-0.16407820837829382,0.68111004133359,0.4492932557042154,0.40029035895585163,-0.04264048564123878,0.1477826692020329,-0.14818813359829267,-0.37689893235557126,-0.07331427679568098,-0.03193102654031398
/multi_agv/path_reference,1789710630.358335,1789710630.3578572,world,s_curve,1,0.5119308094700665,0.10009548815911555,0.0,0.5112184809968084,-0.014512741706280245,-0.1653286808799136,0.6820617919125844,0.4504833063837394,0.4011103446941014,-0.04301823442848181,0.14769465197452586,-0.14821464266488477,-0.37876112121508015,-0.07433953374430494,-0.032705033361884614
/multi_agv/path_reference,1789710630.3684525,1789710630.367876,world,s_curve,1,0.5129336550553335,0.10009548815911555,0.0,0.5122075481700208,-0.014678407815881787,-0.1665853978541224,0.6830149008490536,0.4516762702489396,0.4019314734120691,-0.04339857966043223,0.14760518467960382,-0.14824182846681694,-0.3806256565251804,-0.07537262860250087,-0.03348761073691384
/multi_agv/path_reference,1789710630.3785028,1789710630.377853,world,s_curve,1,0.5139323422669985,0.1000943137307866,-0.00011770812346349383,0.5131923061317755,-0.014844623849981855,-0.16784055079675006,0.683963476066375,0.4528647665666235,0.4027486757623278,-0.043779162366573685,0.1475148168056666,-0.14826952598903845,-0.3824809489054222,-0.07640713908425638,-0.034273917992120095
/multi_agv/path_reference,1789710630.3883219,1789710630.3878455,world,s_curve,1,0.5149325798394888,0.1000943137307866,0.0,0.5141783826324039,-0.015012338492242604,-0.1691012697855528,0.6849129385416396,0.45405558058553763,0.40356662877003435,-0.04416214841402544,0.1474230291899015,-0.14829789625260384,-0.3843375384412271,-0.07744893668283621,-0.035068440256315225
/multi_agv/path_reference,1789710630.3982801,1789710630.3978045,world,s_curve,1,0.5159294950815179,0.1000943137307866,0.0,0.5151609723785535,-0.015180734621935027,-0.17036137310928523,0.6858586609738404,0.4552429033575281,0.40438135280429194,-0.0445456645252477,0.147330265020525,-0.14832680436108236,-0.38618631397308767,-0.07849291132077689,-0.03586730585434
/multi_agv/path_reference,1789710630.4086175,1789710630.4078708,world,s_curve,1,0.5169370321319313,0.1000943137307866,0.0,0.5161538145720205,-0.015352184749335956,-0.17163849427059366,0.6868138613968935,0.4564433405954954,0.4052042417236724,-0.04493509227601682,0.14723520497538634,-0.14835666694737737,-0.3880530443139034,-0.07955370701342522,-0.03668178321924216
/multi_agv/path_reference,1789710630.418416,1789710630.4178452,world,s_curve,1,0.5179354386577537,0.1000932378679949,-0.00010785845999403026,0.5171374423325024,-0.015523333465604956,-0.17290757255957837,0.687759808712707,0.4576333525105888,0.40601916577421127,-0.0453227980718561,0.14713970257659378,-0.1483869049015525,-0.3899010571623272,-0.08061051940450438,-0.03749593782299683
/multi_agv/path_reference,1789710630.428473,1789710630.4278617,world,s_curve,1,0.5189378253911798,0.1000932378679949,0.0,0.5181247717755386,-0.015696421867279854,-0.1741852141318385,0.6887089258720639,0.45882855552048046,0.4068368339340714,-0.04571385632082523,0.1470425062901631,-0.14841791557117742,-0.39175456146127774,-0.08167716175768486,-0.03832042333182905
/multi_agv/path_reference,1789710630.438447,1789710630.4378326,world,s_curve,1,0.5199360624591505,0.1000932378679949,0.0,0.5191077930176268,-0.015870048891421577,-0.17546102409998543,0.6896535117533135,0.46001924891094725,0.4076506183886195,-0.04610509182057959,0.14694439750493785,-0.14844945235862297,-0.3935984526400856,-0.08274496063701267,-0.03914856769936382
/multi_agv/path_reference,1789710630.448544,1789710630.447832,world,s_curve,1,0.5209369300775055,0.1000932378679949,0.0,0.5200931812135194,-0.016045394130070778,-0.17674362809245112,0.6905999800930059,0.46121351211104084,0.40846605143651143,-0.04649915474957951,0.14684470552728296,-0.14848173316791574,-0.3954451865800058,-0.08382113469847087,-0.03998599629013389
/multi_agv/path_reference,1789710630.4585512,1789710630.4578085,world,s_curve,1,0.5219354445570269,0.10009216962007811,-0.00010708232466994774,0.5210760274542038,-0.01622158803857599,-0.17802660880066773,0.6915436144265982,0.46240539160893596,0.4092790763270771,-0.04689408046761015,0.14674391901586786,-0.14851460266398564,-0.3972854942778291,-0.08490030608251274,-0.040828558525709095
/multi_agv/path_reference,1789710630.4684477,1789710630.4678104,world,s_curve,1,0.5229365962650334,0.10009216962007811,0.0,0.5220612414752283,-0.01639951480279742,-0.17931634717791226,0.6924891271879683,0.463600837237402,0.4100937600003144,-0.047291840249180025,0.14664152646089773,-0.14854823062010997,-0.39912849920528737,-0.08598784877653724,-0.041680484578750905
/multi_agv/path_reference,1789710630.4792264,1789710630.4778087,world,s_curve,1,0.5239373562122881,0.10009216962007811,0.0,0.5230458395098868,-0.016578643359568792,-0.18060891959646963,0.6934336522953111,0.46479622640257023,0.410907639831779,-0.04769123332246357,0.14653782598932297,-0.14858252274556577,-0.4009685446523801,-0.08708046887207668,-0.04253923695517765
/multi_agv/path_reference,1789710630.4884303,1789710630.48781,world,s_curve,1,0.5249383846067417,0.10009216962007811,0.0,0.5240304689047934,-0.016759094621616604,-0.1819051449982649,0.6943778096292792,0.46599234038479065,0.41172125670031035,-0.048092519396064015,0.14643274230013523,-0.14861750676892102,-0.4028067711891448,-0.08817886375362217,-0.043405396644934605
/multi_agv/path_reference,1789710630.4983747,1789710630.4978087,world,s_curve,1,0.5259391749993851,0.10009114028320999,-0.00010294613299911443,0.5250146292503655,-0.01694078028534589,-0.18320433431952196,0.6953211181714251,0.46718856674362946,0.41253420283604175,-0.048495491999779435,0.14632632140684154,-0.14865317026309977,-0.4046421747410095,-0.08928245530282607,-0.04427854132268437
/multi_agv/path_reference,1789710630.5084212,1789710630.507807,world,s_curve,1,0.526939948476626,0.10009114028320999,0.0,0.5259985357962764,-0.017123742896690813,-0.18450673963534717,0.6962637832626898,0.4683851622145684,0.413346661911571,-0.04890023586241968,0.14621853327373163,-0.14868952610138436,-0.40647508748445677,-0.09039146231691877,-0.04515887646395042
/multi_agv/path_reference,1789710630.5186453,1789710630.5178409,world,s_curve,1,0.5279442160354829,0.10009114028320999,0.0,0.5269856368590964,-0.017308633876321783,-0.18581691288312124,0.697209105491709,0.46958631934485634,0.4141614857407237,-0.04930817647745798,0.14610898558039243,-0.1487267107318998,-0.40831185204268217,-0.09150978054321353,-0.04604954332963779
/multi_agv/path_reference,1789710630.5287073,1789710630.5278149,world,s_curve,1,0.5289424876345812,0.10009114028320999,0.0,0.5279666032437226,-0.01749370411529315,-0.18712242712362648,0.6981481509679992,0.4707806786129867,0.4149709801501817,-0.04971544854618548,0.14599871168473044,-0.1487643754844244,-0.41013504645253446,-0.0926267985116921,-0.04694211313262836
/multi_agv/path_reference,1789710630.5385613,1789710630.5378103,world,s_curve,1,0.5299429708326506,0.10008997725548091,-0.00011635119827686178,0.5289494993435995,-0.017680470654181702,-0.1884339635763227,0.6990886407206106,0.47197805009799554,0.41578180721219216,-0.05012538661174584,0.14588680593516418,-0.14880283128596344,-0.41195960055957137,-0.0937516458760059,-0.047843897937066254
/multi_agv/path_reference,1789710630.5485997,1789710630.547842,world,s_curve,1,0.530947027743358,0.10008997725548091,0.0,0.5299356589312856,-0.01786920167554618,-0.18975330010596417,0.7000318464816597,0.47318005948977193,0.416595070822425,-0.05053856011473086,0.1457730970495526,-0.14884214196146023,-0.4137878995592762,-0.09488587653336233,-0.048756202817009715
/multi_agv/path_reference,1789710630.5585074,1789710630.5578265,world,s_curve,1,0.5319461835481492,0.10008997725548091,0.0,0.5309167564458817,-0.01805830440475541,-0.19106925957089477,0.7009698051752562,0.47437655271731194,0.4174039114450766,-0.05095147417972448,0.1456585406733606,-0.14888197970790235,-0.41560444160988746,-0.09601988211860324,-0.04967132707019832
/multi_agv/path_reference,1789710630.5687919,1789710630.5678766,world,s_curve,1,0.5329522648787365,0.10008997725548091,0.0,0.5319044017396412,-0.018250023642025746,-0.19239739218569346,0.701913614008931,0.47558168549533725,0.41821790571465506,-0.05136901734013699,0.145541769909616,-0.14892282349555622,-0.41743064337545405,-0.09716707692863573,-0.050600138833412765
/multi_agv/path_reference,1789710630.578829,1789710630.577867,world,s_curve,1,0.5339520468934249,0.10008889979201359,-0.00010786564613684552,0.5328856097394531,-0.018441843322090805,-0.19372020698895848,0.702850862982033,0.4767796089189598,0.4190263573173663,-0.05178569868084697,0.14542431142601697,-0.14896414271144243,-0.419242420737975,-0.09831236143321644,-0.05153044947449484
/multi_agv/path_reference,1789710630.5886343,1789710630.5878172,world,s_curve,1,0.5349481049004188,0.10008889979201359,0.0,0.5338629094414499,-0.01863424056445766,-0.19504103084515204,0.7037839730786198,0.47797339582501297,0.4198313594207167,-0.052202560933711104,0.1453058773680305,-0.14900603812769234,-0.4210444098061664,-0.09945858188537691,-0.05246455887349146
/multi_agv/path_reference,1789710630.598478,1789710630.5978577,world,s_curve,1,0.5359528654370718,0.10008889979201359,0.0,0.5348484891975405,-0.018829627687189293,-0.19637632783578643,0.7047245776847214,0.4791779340881685,0.4206429558197314,-0.05262481314748035,0.14518497316838816,-0.14904904308247566,-0.42285899210389627,-0.10062005203939875,-0.05341418844076058
/multi_agv/path_reference,1789710630.6085036,1789710630.6078417,world,s_curve,1,0.5369523372762598,0.10008889979201359,0.0,0.5358286212002378,-0.01902529338317142,-0.1977074826357676,0.7056595725694553,0.48037644417293873,0.42144984685831915,-0.05304658020519572,0.1450632682624628,-0.1490925682067813,-0.4246608069132781,-0.10178059976007446,-0.054366164959046975
/multi_agv/path_reference,1789710630.618563,1789710630.6178563,world,s_curve,1,0.5379544854954067,0.10008770052625081,-0.00011977445074812252,0.5368111151437319,-0.0192227941475606,-0.19904505554715637,0.7065964086524902,0.4815784680708868,0.4222584687078187,-0.0534712117481564,0.14493979202031915,-0.1491369627148445,-0.42646414877295175,-0.10294942769170295,-0.05532805879182066
/multi_agv/path_reference,1789710630.628487,1789710630.627808,world,s_curve,1,0.5389507739800385,0.10008770052625081,0.0,0.5377876012412959,-0.019420444081826357,-0.20037760316664296,0.7075271063737948,0.4827737576049511,0.4230619397451416,-0.05389507819698927,0.14481559644629832,-0.1491818504947881,-0.428253596113391,-0.1041165296452795,-0.05629165382980904
/multi_agv/path_reference,1789710630.6384041,1789710630.637837,world,s_curve,1,0.5399545304083575,0.10008770052625081,0.0,0.5387711393789462,-0.019620892441074587,-0.20172292094784622,0.7084641115831208,0.48397829512580787,0.42387101142790967,-0.05432384886431329,0.14468901054304667,-0.14922783900195713,-0.4300530010934361,-0.10529750450320215,-0.057269870176741705
/multi_agv/path_reference,1789710630.6484408,1789710630.6478405,world,s_curve,1,0.5409557594220628,0.10008770052625081,0.0,0.5397519311879218,-0.019822155482856547,-0.2030675953178512,0.7093980858150137,0.48518007972029137,0.42467762802846004,-0.05475326225376767,0.14456127746400366,-0.14927448165880564,-0.4318443418161927,-0.1064806035823244,-0.05825303316213015
/multi_agv/path_reference,1789710630.6582983,1789710630.6578047,world,s_curve,1,0.5419530449462652,0.10008626071604239,-0.00014449745474526962,0.5407285897915989,-0.020023938130896465,-0.20440966037866676,0.7103277118367327,0.486377400665405,0.4254806568726588,-0.05518268955241014,0.1444325857304837,-0.14932171057076296,-0.43362504119475576,-0.10766407774728533,-0.05923969189477551
/multi_agv/path_reference,1789710630.6683843,1789710630.6678877,world,s_curve,1,0.5429619837139753,0.10008626071604239,0.0,0.5417163839422663,-0.020229413175233406,-0.2057700977494088,0.7112675177766702,0.48758897784428856,0.42629265620584,-0.055618860973525586,0.14430089986496175,-0.14937027841713635,-0.43542282685107137,-0.10886646694338963,-0.06024537386213064
/multi_agv/path_reference,1789710630.6783803,1789710630.677825,world,s_curve,1,0.5439566740014373,0.10008626071604239,0.0,0.5426899533261095,-0.020433303518542965,-0.20711393356071148,0.7121933764718109,0.4887836977624825,0.4270927857440349,-0.05605056817894719,0.14416959928425982,-0.1494189416609415,-0.43719148167673433,-0.1100568566125866,-0.06124424284510577
/multi_agv/path_reference,1789710630.6884434,1789710630.6878679,world,s_curve,1,0.5449618320106489,0.10008626071604239,0.0,0.5436734887392259,-0.020640669274941736,-0.20847450599394235,0.7131282951427051,0.48999123717295934,0.4279009339020132,-0.05648852258248797,0.14403542451761842,-0.14946890975995564,-0.4389748954197803,-0.11126476979440275,-0.06226108723722503
/multi_agv/path_reference,1789710630.698307,1789710630.6978045,world,s_curve,1,0.5459564854662992,0.10008521332523797,-0.00010539181410353107,0.5446464666074344,-0.020847186618098687,-0.20982338861861033,0.7140527643189594,0.49118639253242335,0.42870024297092046,-0.05692358188805557,0.14390116839613,-0.1495191463623705,-0.44073577951625154,-0.11246497621033251,-0.06327470058312842
/multi_agv/path_reference,1789710630.7091105,1789710630.7079277,world,s_curve,1,0.5469696373716727,0.10008521332523797,0.0,0.5456372523890917,-0.021058894328912725,-0.21119990419446885,0.7149937299012006,0.4924040075671742,0.42951401969890013,-0.05736844575399306,0.14376289320456176,-0.14957113043730685,-0.44252535126811277,-0.11369250375603517,-0.06431473830986201
/multi_agv/path_reference,1789710630.7187974,1789710630.7179313,world,s_curve,1,0.5479708420050464,0.10008521332523797,0.0,0.5466160670787392,-0.021269446853716477,-0.21256267273778273,0.7159229058325005,0.49360748556533796,0.4303178098383791,-0.057809758171600306,0.14362473220041844,-0.14962331458996753,-0.44428971328754074,-0.11491048477105684,-0.06535002974532071
/multi_agv/path_reference,1789710630.7291663,1789710630.7278478,world,s_curve,1,0.5489633184071364,0.10008521332523797,0.0,0.5475860642952949,-0.021479481749708873,-0.2139159600068503,0.7168432984929354,0.49480068044662995,0.4311142139463192,-0.058248880327399374,0.1434862821285853,-0.14967584705031253,-0.4460345856767962,-0.1161226553736808,-0.06638368085477617
/multi_agv/path_reference,1789710630.7387288,1789710630.7378118,world,s_curve,1,0.5499605740720022,0.10008461001654691,-6.054807928569171e-05,0.548560445136705,-0.02169185096088476,-0.21527813043604271,0.7177674361333177,0.4959998216757827,0.4319140776010145,-0.05869177255366961,0.14334566253649908,-0.1497294428654837,-0.44778366118491364,-0.11734545625172316,-0.06742972414975772
/multi_agv/path_reference,1789710630.748423,1789710630.7478626,world,s_curve,1,0.5509665326942165,0.10008461001654691,0.0,0.549543035136508,-0.02190741877150604,-0.21665455136036263,0.7186989383987019,0.49720962247968487,0.43272054453113723,-0.05914020528489075,0.14320228391034928,-0.14978433493997662,-0.4495436551172005,-0.11858376723296563,-0.0684924347208353
/multi_agv/path_reference,1789710630.758499,1789710630.757808,world,s_curve,1,0.5519618986615605,0.10008461001654691,0.0,0.550514985245841,-0.022122049242930417,-0.2180187744445344,0.7196199372885483,0.4984068676859398,0.4335181507630347,-0.05958556742573909,0.14305889422320772,-0.14983947452625984,-0.4512807403102591,-0.11981379352173656,-0.06955141526543887
/multi_agv/path_reference,1789710630.768473,1789710630.7678676,world,s_curve,1,0.5529686801794385,0.10008461001654691,0.0,0.551497783440761,-0.02234049047209964,-0.2194009254232641,0.7205507937375679,0.49961802058298627,0.43432453600172855,-0.06003770137141745,0.14291231648082647,-0.1498960865257079,-0.4530332375523707,-0.12106270831526902,-0.07063009766723992
/multi_agv/path_reference,1789710630.7783241,1789710630.7778037,world,s_curve,1,0.5539631638316795,0.1000842001476474,-4.124894449445196e-05,0.5524682790284138,-0.02255759849621848,-0.22076840595889205,0.7214695810743401,0.5008145446048234,0.4351207114060776,-0.060485950777612776,0.14276599848889798,-0.14995284319994062,-0.4547597941575217,-0.12230105964390911,-0.07170307242699284
/multi_agv/path_reference,1789710630.7883842,1789710630.7878304,world,s_curve,1,0.5549666634690067,0.1000842001476474,0.0,0.5534472711185253,-0.022778020474524412,-0.22215047176284974,0.7223959922972857,0.5020220740442193,0.4359237470140709,-0.060939907378364466,0.14261680745509614,-0.15001096150030485,-0.4564973543398532,-0.12355533503370368,-0.07279330568414302
/multi_agv/path_reference,1789710630.798422,1789710630.7978382,world,s_curve,1,0.5559683170532622,0.1000842001476474,0.0,0.5544241572539315,-0.022999387186814192,-0.22353214505918065,0.7233199899260845,0.5032275308099036,0.4367249510258063,-0.0613946695269673,0.14246633567067268,-0.15006982770414795,-0.4582269783564933,-0.12481197850823399,-0.07388908405808325
/multi_agv/path_reference,1789710630.808363,1789710630.8078704,world,s_curve,1,0.5569722581619962,0.1000842001476474,0.0,0.5554029662310163,-0.023222614815626957,-0.22491908704390237,0.7242453844464819,0.5044358803125905,0.4375276339339763,-0.06185210887332562,0.14231395562421212,-0.1501296911977673,-0.4599557177950028,-0.12607614874074188,-0.07499494089875458
/multi_agv/path_reference,1789710630.818341,1789710630.8178723,world,s_curve,1,0.5579731907815374,0.10008421434113457,1.419220418810228e-06,0.556378532652835,-0.023446525746190012,-0.2263039368686614,0.7251672929335916,0.5056407388242611,0.4383275662006522,-0.06230980408043832,0.14216046769735127,-0.15019024085548296,-0.4616743754120997,-0.12734114156996248,-0.07610504034326675
/multi_agv/path_reference,1789710630.8284748,1789710630.827873,world,s_curve,1,0.5589743055543486,0.10008421434113457,0.0,0.5573539652781373,-0.023671829586362585,-0.22769105788389157,0.7260886551224849,0.5068459371291776,0.43912730358274926,-0.06276920089354661,0.1420053839721226,-0.15025167183766375,-0.46338836732514255,-0.12861093931337172,-0.07722289456442054
/multi_agv/path_reference,1789710630.8384051,1789710630.8378685,world,s_curve,1,0.5599745184683044,0.10008421434113457,0.0,0.5583282059283287,-0.023898282379014434,-0.229078903413654,0.7270084721769003,0.5080501607279092,0.4399259848801763,-0.06322979364302445,0.14184886894137655,-0.15031392243539538,-0.46509575974129497,-0.12988413141789873,-0.07834729012546167
/multi_agv/path_reference,1789710630.848461,1789710630.847871,world,s_curve,1,0.5609756738753066,0.10008421434113457,0.0,0.559303048700558,-0.024126303333622753,-0.23046998987853673,0.7279284382254302,0.5092556206916268,0.440725087184617,-0.06369242530160353,0.14169062870195331,-0.150377113401218,-0.4667996170828827,-0.13116303495270254,-0.07948030555225055
/multi_agv/path_reference,1789710630.8582878,1789710630.8578043,world,s_curve,1,0.5619699542240834,0.1000838946476985,-3.218022383190061e-05,0.5602708821052651,-0.024354100950623056,-0.23185339521387568,0.7288413743048874,0.5104528939422671,0.4415183780686407,-0.06415346224671781,0.14153190827074377,-0.15044074887589512,-0.4684865974300177,-0.13243759278837944,-0.08061303086900318
/multi_agv/path_reference,1789710630.8683085,1789710630.867859,world,s_curve,1,0.5629760845059865,0.1000838946476985,0.0,0.5612499281487976,-0.02458597768986525,-0.23325514322597632,0.7297644660792687,0.5116645192369231,0.4423207991302008,-0.06462159316009147,0.14136970080003222,-0.15050604070953646,-0.47018834763375805,-0.13373181021995648,-0.08176685865566168
/multi_agv/path_reference,1789710630.8782957,1789710630.8778012,world,s_curve,1,0.5639713433750012,0.1000838946476985,0.0,0.5622180746220479,-0.024816699302660027,-0.23464353779167638,0.7306768649218125,0.5128631253896987,0.4431142335546323,-0.0650862407793137,0.14120766332605855,-0.15057152045472488,-0.4718663455903155,-0.13501643527351392,-0.08291574665415867
/multi_agv/path_reference,1789710630.888334,1789710630.8878553,world,s_curve,1,0.5649774978772069,0.1000838946476985,0.0,0.5631964930167307,-0.025051314220119587,-0.23604889999138762,0.7315985236870908,0.5140749168101102,0.44391603855299105,-0.06555756146790949,0.1410422460131934,-0.15063862720564267,-0.4735572047213733,-0.1363195318400387,-0.08408482524440404
/multi_agv/path_reference,1789710630.8983278,1789710630.897858,world,s_curve,1,0.5659784551277787,0.1000840052201676,1.1055952257742023e-05,0.5641695291611774,-0.02528608200717352,-0.2374487225660136,0.732514693298609,0.5152805025206761,0.4447133916642468,-0.06602802245606718,0.14087607696455018,-0.1507063005300035,-0.4752337484628203,-0.137620263017564,-0.08525546297032428
/multi_agv/path_reference,1789710630.9083738,1789710630.9078321,world,s_curve,1,0.5669769518130822,0.1000840052201676,0.0,0.5651398448328186,-0.025521630227097802,-0.23884676869748667,0.7334278853585103,0.5164831682577912,0.4455084808821543,-0.06649888508907129,0.14070871545224314,-0.15077472104446524,-0.47690053926748716,-0.13892210299995364,-0.08643077556746503
/multi_agv/path_reference,1789710630.9182827,1789710630.9178486,world,s_curve,1,0.5679792827166256,0.1000840052201676,0.0,0.5661135541133219,-0.025759448036019938,-0.24025181072990925,0.734343853780192,0.5176904861118046,0.446306322447969,-0.06697311414321169,0.1405390982153542,-0.15084432818020233,-0.47856798751674584,-0.14023323543428984,-0.08761818984905685
/multi_agv/path_reference,1789710630.9283216,1789710630.9278567,world,s_curve,1,0.5689809652759832,0.1000840052201676,0.0,0.5670862986009378,-0.02599847929821472,-0.24165752781954963,0.7352584973171962,0.5188970470738438,0.4471033514117735,-0.06744858881482907,0.14036797175865692,-0.150914820838472,-0.48022852246607556,-0.14154778460888431,-0.08881243301559767
/multi_agv/path_reference,1789710630.9383447,1789710630.9378603,world,s_curve,1,0.5699820759918329,0.10008377873851255,-2.2641991033169658e-05,0.568058150903041,-0.02623874082425041,-0.24306397911182898,0.7361718857472982,0.5201029332705838,0.4478996336912409,-0.06792533527276322,0.1401953215002139,-0.1509862087002019,-0.48188219500458335,-0.14286581031547735,-0.09001358322395742
/multi_agv/path_reference,1789710630.948312,1789710630.9478562,world,s_curve,1,0.5709825789989782,0.10008377873851255,0.0,0.5690290745134446,-0.026480222588800895,-0.2444710659987688,0.7370839862930292,0.5213080914634509,0.4486951457838537,-0.06840332632356799,0.14002115211045563,-0.15105849355329026,-0.48352886958406827,-0.1441872249164982,-0.09122158439492718
/multi_agv/path_reference,1789710630.9583645,1789710630.9578333,world,s_curve,1,0.5719812712903986,0.10008377873851255,0.0,0.5699979009590053,-0.02672263018920209,-0.24587704560833004,0.7379937036253342,0.5225110625365789,0.4494889367151026,-0.06888197418903014,0.1398456746489104,-0.15113159102748652,-0.4851665012274757,-0.14551039134997126,-0.09243495645099996
/multi_agv/path_reference,1789710630.9687274,1789710630.9679348,world,s_curve,1,0.5729922403585378,0.10008377873851255,0.0,0.5709782886745305,-0.026969405812752523,-0.24730172649406412,0.7389138572578025,0.5237288050442794,0.4502922037215095,-0.06936804735482494,0.1396663835503811,-0.15120655363381372,-0.48681800572184525,-0.1468540055990407,-0.09367093379208895
/multi_agv/path_reference,1789710630.9783785,1789710630.9778442,world,s_curve,1,0.5739838538179828,0.10008350535448331,-2.7592638738868562e-05,0.571939563736007,-0.027212813589996995,-0.24870047085200314,0.7398156631962268,0.5249232071214189,0.45107982089037507,-0.06984631250836364,0.13948890268997982,-0.15128103095160716,-0.4884316873625498,-0.14817595012505577,-0.09489076223939827
/multi_agv/path_reference,1789710630.988354,1789710630.9878526,world,s_curve,1,0.574985510857357,0.10008350535448331,0.0,0.5729102282540395,-0.02746005243825673,-0.2501146830881165,0.7407258670427616,0.5261296701840725,0.45187514753528424,-0.07033092107808182,0.1393079882250024,-0.15135722446169075,-0.4900553878823077,-0.14951532696672096,-0.09613049963823242
/multi_agv/path_reference,1789710630.9983196,1789710630.9978595,world,s_curve,1,0.5759870468957734,0.10008350535448331,0.0,0.5738804248041945,-0.027708634255915954,-0.2515299846636317,0.7416352203313181,0.5273359405786855,0.4526701135025799,-0.07081696961757153,0.13912544795806497,-0.15143438110824126,-0.4916724478963028,-0.15085857074101242,-0.097377675796697
/multi_agv/path_reference,1789710631.0083544,1789710631.0078495,world,s_curve,1,0.5769869070358926,0.10008350535448331,0.0,0.5748486458522054,-0.02795817009002465,-0.252944127836309,0.7425423123034416,0.5285401353662378,0.45346348988693674,-0.0713036915673532,0.13894156584916442,-0.15151238455188512,-0.4932802855738757,-0.15220355114233816,-0.098630331489248
/multi_agv/path_reference,1789710631.0183225,1789710631.017832,world,s_curve,1,0.5779861593701611,0.10008374606386404,2.4109122100911805e-05,0.5758159246601299,-0.0282089224896828,-0.2543585718829939,0.7434481135687019,0.5297435307569374,0.4542561296547502,-0.07179159383645582,0.13875614727051908,-0.15159132090311164,-0.49488055202256576,-0.1535516571270059,-0.09988977588522373
/multi_agv/path_reference,1789710631.028558,1789710631.0279644,world,s_curve,1,0.5790002029811766,0.10008374606386404,0.0,0.5767971576723696,-0.02846478581388753,-0.25579509032674697,0.7443665663296309,0.5309646596260068,0.455060247061471,-0.07228821884070265,0.1385662954938444,-0.15167243409480433,-0.49649767580243254,-0.1549237129343811,-0.1011755756436725
/multi_agv/path_reference,1789710631.0382617,1789710631.0378,world,s_curve,1,0.5799846326124017,0.10008374606386404,0.0,0.5777493823194298,-0.02871452519804016,-0.25719070587159004,0.7452574671411609,0.5321500400058892,0.4558406398112393,-0.07277177794212017,0.1383803579688975,-0.1517521556208978,-0.49806090326491875,-0.15625951493709994,-0.10243125333624094
/multi_agv/path_reference,1789710631.0483181,1789710631.0478513,world,s_curve,1,0.5809904493394908,0.10008374606386404,0.0,0.5787219332203233,-0.028971063419296,-0.25861766083792004,0.7461669798077915,0.5333610741239418,0.4566377457292364,-0.07326729772110327,0.13818871781422393,-0.1518346103510086,-0.4996512154079969,-0.15762818526313996,-0.10372176482893652
/multi_agv/path_reference,1789710631.0582905,1789710631.0578127,world,s_curve,1,0.5819875713926472,0.10008380648071576,6.064200943280617e-06,0.5796857146236786,-0.029226753908533014,-0.26003324936588834,0.7470678882202064,0.5345615303660175,0.45742772528481174,-0.07375997703578727,0.13799707213034415,-0.15191735682015592,-0.5012208295206098,-0.158988828143091,-0.10500865170140004
/multi_agv/path_reference,1789710631.068328,1789710631.0678282,world,s_curve,1,0.5829899793720429,0.10008380648071576,0.0,0.580654239249898,-0.02948517533297141,-0.26145726557954385,0.7479728271254659,0.5357682301032481,0.4582216605209799,-0.07425670815602602,0.1378027387041367,-0.15200155654702488,-0.5027916978231849,-0.16036046634086729,-0.10630991297899768
/multi_agv/path_reference,1789710631.0786242,1789710631.0778575,world,s_curve,1,0.5839936118768108,0.10008380648071576,0.0,0.5816235772383399,-0.029745294333876113,-0.26288389961982356,0.7488781222723626,0.5369762723213221,0.4590163371213349,-0.07475548390759451,0.13760648535085518,-0.152086884444889,-0.5043572951740939,-0.1617375438215073,-0.10762034378842854
/multi_agv/path_reference,1789710631.0883548,1789710631.087854,world,s_curve,1,0.5849942198489468,0.10008380648071576,0.0,0.5825896235478784,-0.03000600618504707,-0.264307059822238,0.7497799425156283,0.5381805321570964,0.4598083959709103,-0.07525418010910759,0.13740914426987794,-0.1521729827159115,-0.5059109209567247,-0.16311418474846578,-0.10893436897405079
/multi_agv/path_reference,1789710631.0983148,1789710631.0978012,world,s_curve,1,0.5859897951684377,0.10008398371181604,1.7816828326860397e-05,0.5835504417428556,-0.03026677129748646,-0.2657238309964503,0.7506764866279837,0.5393785838018726,0.46059625479871047,-0.07575177015484781,0.13721112863573345,-0.152259672373345,-0.5074494535992443,-0.16448754620445413,-0.11024925318739741
/multi_agv/path_reference,1789710631.1083388,1789710631.1078246,world,s_curve,1,0.5869928106311938,0.10008398371181604,0.0,0.5845180656354734,-0.03053086190056655,-0.26715191578327147,0.7515789836871987,0.5405854252968315,0.46138978792238966,-0.07625448445734456,0.13700994839016692,-0.152348049634522,-0.5089920495987718,-0.16587481136668078,-0.11158148878560502
/multi_agv/path_reference,1789710631.1185691,1789710631.1178534,world,s_curve,1,0.5879964679325375,0.10008398371181604,0.0,0.5854859301374415,-0.030796504723405126,-0.26858159325873,0.7524813074438051,0.5417928639385543,0.4621836190299651,-0.07675892370136198,0.13680694382745154,-0.15243753429630494,-0.5105280704293634,-0.1672665853760309,-0.11292212856621262
/multi_agv/path_reference,1789710631.1283956,1789710631.1278577,world,s_curve,1,0.5889978018842832,0.10008398371181604,0.0,0.5864511746181107,-0.031062911558525457,-0.2700085873542672,0.7533807938189069,0.5429973219558799,0.4629754080795452,-0.07726358507609636,0.13660271607221208,-0.15252786567169208,-0.5120529038157272,-0.16865871096007148,-0.11426718365551662
/multi_agv/path_reference,1789710631.1383011,1789710631.1378014,world,s_curve,1,0.5899931576287535,0.1000844073114041,4.259352894056675e-05,0.5874102785524458,-0.03132909294682977,-0.2714276316113376,0.7542741689028765,0.5441943945075747,0.4637622722468862,-0.07776660038553113,0.13639802879029495,-0.15261870724525312,-0.5135609863603783,-0.1700460264957591,-0.11561164172508681
/multi_agv/path_reference,1789710631.1485257,1789710631.147901,world,s_curve,1,0.5910039600003106,0.1000844073114041,0.0,0.5883838788909868,-0.03160079799771939,-0.272869227244354,0.7551806517686038,0.5454098343541741,0.46456115055018216,-0.0782788073555811,0.13618844926249107,-0.15271203590006815,-0.515084574743253,-0.17145840680848057,-0.11698453803608364
/multi_agv/path_reference,1789710631.1584804,1789710631.1578019,world,s_curve,1,0.5919948861089978,0.1000844073114041,0.0,0.5893379532577848,-0.0318685226482599,-0.27428294309669976,0.7560685700362348,0.5466011579044587,0.4653441318326608,-0.07878228852436084,0.13598131000857633,-0.15280458942899516,-0.5165703853779248,-0.1728464363053544,-0.11833783582732103
/multi_agv/path_reference,1789710631.1683955,1789710631.1678517,world,s_curve,1,0.5930007164873684,0.1000844073114041,0.0,0.5903059895052519,-0.03214165337959112,-0.2757183440414703,0.7569690944791245,0.5478101699044894,0.46613870413214176,-0.07929469612836736,0.13576935077576333,-0.15289961478616929,-0.5180705329469154,-0.17425877066351095,-0.11971896719743413
/multi_agv/path_reference,1789710631.1783633,1789710631.1778727,world,s_curve,1,0.5940035170112359,0.10008503669275663,6.281573878646203e-05,0.5912707184265931,-0.03241534448974199,-0.27714979219623365,0.7578661555375088,0.5490152981787008,0.46693070156356964,-0.07980690844180979,0.13555631817891775,-0.15299544320633388,-0.5195580323580778,-0.1756702513541878,-0.1211034268031473
/multi_agv/path_reference,1789710631.1883993,1789710631.187866,world,s_curve,1,0.5950038046000021,0.10008503669275663,0.0,0.5922326384828185,-0.03268972541497609,-0.2785779702856926,0.7587602221217657,0.5502171546956759,0.46772053863101376,-0.080319168907142,0.13534211419327305,-0.1530921215310593,-0.5210336223835355,-0.1770815405686838,-0.12249185352258643
/multi_agv/path_reference,1789710631.198326,1789710631.1978617,world,s_curve,1,0.5960042102891117,0.10008503669275663,0.0,0.5931942791569186,-0.032965512621085005,-0.2800065814796589,0.759653648927339,0.5514188903304503,0.46851029821296636,-0.08083281059824728,0.13512617928662768,-0.1531899065516354,-0.5225011182039934,-0.17849630110147577,-0.12388785924413112
/multi_agv/path_reference,1789710631.2084122,1789710631.207837,world,s_curve,1,0.597002463349252,0.10008503669275663,0.0,0.5941534568804311,-0.03324207562393069,-0.2814323300759521,0.7605444107552064,0.5526177669261977,0.46929819295988906,-0.0813466540821439,0.13490900662065614,-0.15328857941030427,-0.5239571187614176,-0.17991127438910912,-0.12528823876264902
/multi_agv/path_reference,1789710631.2184412,1789710631.2178683,world,s_curve,1,0.5980064603777012,0.10008501553906897,-2.1087384707647245e-06,0.595117755019252,-0.0335216090859946,-0.28286644253049087,0.7614395504362654,0.5538232552564228,0.4700904593650676,-0.08186476133386855,0.13468886707211428,-0.1533889329962295,-0.5254130000179825,-0.1813376333330409,-0.1267040948355109
/multi_agv/path_reference,1789710631.2283876,1789710631.2278507,world,s_curve,1,0.5990057187810047,0.10008501553906897,0.0,0.5960771028409592,-0.033801196175585704,-0.2842938927382204,0.7623297213889005,0.5550227571468418,0.47087882998713493,-0.0823817151719147,0.13446805443078003,-0.15348992778562243,-0.5268534520875552,-0.1827604526859963,-0.12812064055900965
/multi_agv/path_reference,1789710631.2383869,1789710631.2378507,world,s_curve,1,0.6000065759423465,0.10008501553906897,0.0,0.5970375845281297,-0.03408260301991701,-0.28572367991763786,0.7632205733621383,0.5562238699327624,0.47166831028948825,-0.08290077814144083,0.13424517454792206,-0.15359220546623226,-0.5282875540131231,-0.18418870310289243,-0.12954680893914058
/multi_agv/path_reference,1789710631.248392,1789710631.24787,world,s_curve,1,0.6010092900810666,0.10008501553906897,0.0,0.5979994438310453,-0.03436590877386897,-0.28715612868723805,0.764112332657886,0.5574268919441017,0.4724591068911481,-0.08342208234663798,0.13402015963257988,-0.15369580360754878,-0.5297200027827232,-0.18562115187249256,-0.13097925770874072
/multi_agv/path_reference,1789710631.2583425,1789710631.257808,world,s_curve,1,0.6020039893809337,0.1000845189924812,-4.996145709596606e-05,0.5989532128777991,-0.034648311204594245,-0.28857712768704813,0.7649962252438046,0.5586199783079325,0.47324343508166,-0.0839404814187624,0.13379524073234433,-0.15379969292736467,-0.5311410017825334,-0.1870421508723026,-0.1324002567085508
/multi_agv/path_reference,1789710631.2684314,1789710631.2678595,world,s_curve,1,0.6030098796312918,0.1000845189924812,0.0,0.5999173033617619,-0.03493526861804361,-0.29001411375898833,0.7658893121566073,0.5598261613892589,0.4740364365394193,-0.08446598935380245,0.13356606768330628,-0.15390588418363463,-0.5325779878544736,-0.18847913694424284,-0.133837242780491
/multi_agv/path_reference,1789710631.2782927,1789710631.2778158,world,s_curve,1,0.6040063647392312,0.1000845189924812,0.0,0.6008719719223486,-0.03522090884444417,-0.29143766391318743,0.7667733031051696,0.5610207405943477,0.47482187206752857,-0.08498784879224433,0.13333732845543433,-0.1540122061965225,-0.5340015380086728,-0.18990268709844194,-0.1352607929346901
/multi_agv/path_reference,1789710631.2883482,1789710631.2878397,world,s_curve,1,0.6050096518913349,0.1000845189924812,0.0,0.6018327453465301,-0.03550987140514431,-0.29287093127333563,0.7676625768213134,0.5622231438879159,0.4756125153303607,-0.08551454111753151,0.133105310213504,-0.1541203833114054,-0.5354348053688209,-0.19133595445859017,-0.1366940602948383
/multi_agv/path_reference,1789710631.2983024,1789710631.2978218,world,s_curve,1,0.6060085538781611,0.10008443254085453,-8.661972958607213e-06,0.6027889069724239,-0.035798938788412046,-0.2942979341116587,0.7685472128231257,0.5634199601041457,0.47639954799000045,-0.08604019714750598,0.13287259414611335,-0.1542292133638435,-0.536861808207144,-0.1927629572969132,-0.13812106313316141
/multi_agv/path_reference,1789710631.3083937,1789710631.307822,world,s_curve,1,0.6070094440422398,0.10008443254085453,0.0,0.6037465570095438,-0.036089949704400985,-0.29572777720319965,0.7694328563261881,0.5646188241291333,0.4771879905733099,-0.086568164993329,0.13263770220730925,-0.15433938632718314,-0.5382916512986847,-0.19419280038845413,-0.1395509062247023
/multi_agv/path_reference,1789710631.3182783,1789710631.3178196,world,s_curve,1,0.6080101051130523,0.10008443254085453,0.0,0.6047035709142409,-0.03638226253572761,-0.29715729301864613,0.7703175415571417,0.5658170767776494,0.4779760944079315,-0.08709727735276535,0.1324011506711537,-0.15445066092557114,-0.5397211671141314,-0.1956223162039006,-0.1409804220401488
/multi_agv/path_reference,1789710631.3289201,1789710631.3279066,world,s_curve,1,0.6090197681780654,0.10008443254085453,0.0,0.6056687697288801,-0.03667859102540996,-0.29859966882580763,0.7712094180111186,0.5670257650703913,0.4787711261051303,-0.08763243058923662,0.13216073552786678,-0.15456407801486,-0.541163542921293,-0.19706469201106208,-0.14242279784731027
/multi_agv/path_reference,1789710631.338595,1789710631.3378217,world,s_curve,1,0.6100119621153458,0.10008444359089491,1.1146380781076625e-06,0.6066168512133487,-0.03697114895267547,-0.3000170887362083,0.7720851102409528,0.568213201516263,0.47955224188283035,-0.08815957786364831,0.1319227813406999,-0.15467665033507794,-0.5425809628316934,-0.1984821119214628,-0.14384021775771097
/multi_agv/path_reference,1789710631.3486466,1789710631.3478467,world,s_curve,1,0.6110153321821887,0.10008444359089491,0.0,0.6075751893648321,-0.03726836823783929,-0.3014504745459839,0.7729699056648459,0.5694136691998508,0.4803419932297995,-0.08869392433631954,0.131680435778933,-0.1547916161561313,-0.5440143486414691,-0.19991549773123843,-0.14527360356748656
/multi_agv/path_reference,1789710631.358577,1789710631.3578281,world,s_curve,1,0.612014482488721,0.10008444359089491,0.0,0.6085290727813573,-0.03756570237780458,-0.30287783212674435,0.7738502179655473,0.5706087417648387,0.48112825861368563,-0.08922728341234054,0.13143739965170748,-0.15490722337278062,-0.5454417062222295,-0.20134285531199883,-0.14670096114824702
/multi_agv/path_reference,1789710631.3685071,1789710631.3678603,world,s_curve,1,0.6130182849203604,0.10008444359089491,0.0,0.6094869692538306,-0.037865791522631455,-0.3043118356005148,0.7747338615963881,0.5718090281786723,0.48191801798643136,-0.08976439045484913,0.13119151460856449,-0.15502449872160967,-0.5468757096960001,-0.2027768587857693,-0.14813496462201747
/multi_agv/path_reference,1789710631.3783646,1789710631.3778446,world,s_curve,1,0.6140176668178243,0.10008494430022265,5.014445959469746e-05,0.6104402188391663,-0.03816592354913012,-0.30573952402546334,0.7756128477670629,0.573003677240489,0.48270413150994723,-0.09030039058435926,0.1309450026299033,-0.15514238269293437,-0.5483033981209486,-0.20420454721071785,-0.14956265304696603
/multi_agv/path_reference,1789710631.388297,1789710631.3878262,world,s_curve,1,0.6150166618869786,0.10008494430022265,0.0,0.6113926702313186,-0.03846729926528935,-0.3071666598385408,0.7764907280145783,0.5741975109336559,0.48348977174572155,-0.09083743690302562,0.13069688170935284,-0.15526134260219526,-0.5497305339340262,-0.20563168302379528,-0.15098978886004347
/multi_agv/path_reference,1789710631.398379,1789710631.3978488,world,s_curve,1,0.6160197616398685,0.10008494430022265,0.0,0.6123486013802119,-0.03877128047963204,-0.3085996594855264,0.7773714432869983,0.5753958924011032,0.48427846845253397,-0.09137794972420374,0.13044602743863412,-0.15538191915332647,-0.5511635335810117,-0.20706468267078093,-0.1524227885070291
/multi_agv/path_reference,1789710631.408311,1789710631.4078481,world,s_curve,1,0.6170205963703839,0.10008494430022265,0.0,0.6133019388812659,-0.039075940280999893,-0.31002942338626266,0.7782493970251894,0.5765912083877843,0.4850652112308242,-0.09191849937741972,0.13019402830951812,-0.15550334977509803,-0.552593297481748,-0.20849444657151717,-0.15385255240776538
/multi_agv/path_reference,1789710631.4183128,1789710631.4178457,world,s_curve,1,0.6180211716548856,0.10008517197466756,2.277373459630764e-05,0.614254592850125,-0.03938188332073653,-0.31145881664983655,0.7791263497143506,0.5777858531301154,0.48585157570590876,-0.09246016313935598,0.12994038639956404,-0.15562587322241758,-0.5540226907453218,-0.20992383983509103,-0.1552819456713392
/multi_agv/path_reference,1789710631.4286816,1789710631.427852,world,s_curve,1,0.6190226223843865,0.10008517197466756,0.0,0.6152076414868551,-0.03968945719351009,-0.31288946054912364,0.780003293534834,0.5789811788774444,0.48663845204828693,-0.0930035553860282,0.12968481300951978,-0.1557496292040218,-0.5554533346446089,-0.21135448373437818,-0.15671258957062634
/multi_agv/path_reference,1789710631.4390323,1789710631.4378524,world,s_curve,1,0.6200234760057515,0.10008517197466756,0.0,0.6161596812580665,-0.03999820964064885,-0.3143192514367878,0.7808789368742275,0.5801754253831939,0.48742468151677826,-0.09354787657946194,0.12942768368481572,-0.15587443602730028,-0.5568831255322731,-0.21278427462204236,-0.1581423804582905
/multi_agv/path_reference,1789710631.44904,1789710631.447856,world,s_curve,1,0.6210245934516297,0.10008517197466756,0.0,0.6171115293918938,-0.04030840489974058,-0.3157494192166139,0.7817540315691893,0.5813696176888519,0.48821093891764034,-0.09409359316564943,0.12916877866138649,-0.15600040019495875,-0.5583132933120992,-0.21421444240186846,-0.15957254823811662
/multi_agv/path_reference,1789710631.4588037,1789710631.4578333,world,s_curve,1,0.6220234773269863,0.1000851348938243,-3.715388035504436e-06,0.6180608107272858,-0.04061926463096427,-0.3171763961814089,0.7826263950782154,0.5825607753691334,0.4889952617345084,-0.09463933911478063,0.12890874924747983,-0.15612720402559196,-0.5597402702768942,-0.21564141936666345,-0.16099952520291158
/multi_agv/path_reference,1789710631.46874,1789710631.4678574,world,s_curve,1,0.6230265868968231,0.1000851348938243,0.0,0.6190136606038725,-0.040932802106975245,-0.31860940985260444,0.7835016645060385,0.583756597574268,0.48978271973131093,-0.09518864577639949,0.12864590972480655,-0.1562556702693328,-0.5611732839480897,-0.21707443303785898,-0.16243253887410714
/multi_agv/path_reference,1789710631.4782777,1789710631.4777992,world,s_curve,1,0.6240217867384493,0.1000851348938243,0.0,0.6199585519652102,-0.04124521669122684,-0.32003112391207045,0.7843692533602317,0.5849426169252153,0.4905637856101835,-0.09573486035676276,0.1283834492036474,-0.1563842389205651,-0.5625949980075557,-0.21849614709732496,-0.1638542529335731
/multi_agv/path_reference,1789710631.4883094,1789710631.487815,world,s_curve,1,0.6250241131421056,0.1000851348938243,0.0,0.6209097598336929,-0.04156122561169247,-0.32146301877443656,0.7852422692670757,0.5861367510228829,0.49135025921111997,-0.09628623217475402,0.1281174055067938,-0.15651485016711714,-0.5640268928699218,-0.21992804195969107,-0.16528614779593925
/multi_agv/path_reference,1789710631.4984844,1789710631.4978554,world,s_curve,1,0.6260288895501228,0.10008494750170405,-1.8665974208759553e-05,0.6218628376500649,-0.041879373583975095,-0.32289841364303257,0.786116625824911,0.5873334204144621,0.4921384667108214,-0.096840205730266,0.12784899571641517,-0.1566469107380744,-0.5654622877385179,-0.22136343682828713,-0.1667215426645353
/multi_agv/path_reference,1789710631.5083954,1789710631.5078595,world,s_curve,1,0.627030148772915,0.10008494750170405,0.0,0.6228121239048472,-0.042197768726113444,-0.3243287839613071,0.7869871297352808,0.5885255163309606,0.49292372564830006,-0.09739348831175779,0.1275798167823226,-0.1567796346489051,-0.5668926580567925,-0.22279380714656163,-0.16815191298280976
/multi_agv/path_reference,1789710631.5183527,1789710631.5178635,world,s_curve,1,0.628031568331793,0.10008494750170405,0.0,0.6237611056677149,-0.04251757268965306,-0.3257593833311328,0.787856980561977,0.5897174168035482,0.49370891963761965,-0.09794810437289332,0.12730888946663108,-0.1569135031626969,-0.568323257426618,-0.2242244065163873,-0.16958251235263547
/multi_agv/path_reference,1789710631.5283506,1789710631.5278497,world,s_curve,1,0.6290309449567226,0.10008494750170405,0.0,0.6247076944286393,-0.04283807726977194,-0.32718706422388943,0.7887242650027804,0.5909064981723671,0.49449232011077027,-0.09850282892733134,0.12703681531781727,-0.15704821819980172,-0.5697509383193747,-0.225652087409144,-0.17101019324539216
/multi_agv/path_reference,1789710631.538356,1789710631.5378463,world,s_curve,1,0.630031465281439,0.10008419953336989,-7.482088084692863e-05,0.6256549071274415,-0.043160302117198485,-0.32861637897348434,0.7895917477400648,0.5920965500049711,0.4952764236372886,-0.09905942813855356,0.12676272948017134,-0.1571842076932132,-0.5711802530689696,-0.22708140215873887,-0.17243950799498706
/multi_agv/path_reference,1789710631.5484774,1789710631.5478675,world,s_curve,1,0.6310342968505753,0.10008419953336989,0.0,0.6266038447605721,-0.043484629654570235,-0.3300489955008219,0.79046043515764,0.5932889565356873,0.496062142588389,-0.09961855685949253,0.12648630380925302,-0.15732163591347115,-0.5726128695963072,-0.2285140186860764,-0.17387212452232456
/multi_agv/path_reference,1789710631.5583777,1789710631.5578487,world,s_curve,1,0.632033335128465,0.10008419953336989,0.0,0.6275487300526529,-0.04380908164628599,-0.33147619304066434,0.7913250393949818,0.5944764577729226,0.4968446929900542,-0.10017680732513325,0.12620922562165318,-0.15745966323537788,-0.5740400671361496,-0.22994121622591893,-0.17529932206216703
/multi_agv/path_reference,1789710631.5683508,1789710631.567861,world,s_curve,1,0.6330353473082597,0.10008419953336989,0.0,0.6284959619043637,-0.04413585382201802,-0.3329076390117996,0.7921914161285462,0.5956670954456367,0.49762937413890823,-0.10073795860919516,0.12592962041374525,-0.15759922327060413,-0.575471513107285,-0.23137266219705413,-0.17673076803330232
/multi_agv/path_reference,1789710631.5784204,1789710631.5778196,world,s_curve,1,0.6340320577218129,0.10008339495086133,-8.079111834291479e-05,0.6294377169118214,-0.04446224160572126,-0.3343315110311613,0.7930524110709959,0.5968510351203002,0.498409704544168,-0.10129737031323612,0.12564980432230274,-0.15773915882623038,-0.5768953851266466,-0.23279653421641588,-0.17815464005266404
/multi_agv/path_reference,1789710631.5882914,1789710631.587831,world,s_curve,1,0.6350342470006559,0.10008339495086133,0.0,0.6303841790713913,-0.04479177545579694,-0.335763210000937,0.7939173347775889,0.5980410798350331,0.49919412260155194,-0.10186109282312267,0.12536675043046913,-0.15788098397473727,-0.5783270840964223,-0.2342282331861916,-0.1795863390224397
/multi_agv/path_reference,1789710631.5983396,1789710631.5977998,world,s_curve,1,0.6360319443365667,0.10008339495086133,0.0,0.6313259295487841,-0.045121177706342,-0.33718849190938105,0.79477757931402,0.5992253869501689,0.4999748223821632,-0.10242351787690243,0.1250832733661094,-0.15802328860823292,-0.5797523660048662,-0.23565351509463558,-0.18101162093088372
/multi_agv/path_reference,1789710631.608443,1789710631.607807,world,s_curve,1,0.6370334786696732,0.10008339495086133,0.0,0.6322708286317155,-0.04545319663817456,-0.3386192552423903,0.7956403250381352,0.600413841093968,0.5007583197630431,-0.10298933870481655,0.12479700848657649,-0.1581672596962836,-0.5811831293378754,-0.2370842784276448,-0.18244238426389287
/multi_agv/path_reference,1789710631.6183832,1789710631.6178453,world,s_curve,1,0.6380381693948122,0.10008274311718883,-6.493272045541384e-05,0.6332182273132714,-0.045787620047006664,-0.3400545277068745,0.7965049754364947,0.6016056279359204,0.5015440785673989,-0.10355818251045357,0.12450813316077922,-0.1583128107913456,-0.5826184018023597,-0.23851955089212898,-0.18387765672837716
/multi_agv/path_reference,1789710631.6287243,1789710631.6278603,world,s_curve,1,0.6390401834069864,0.10008274311718883,0.0,0.6341626229201425,-0.04612250636315026,-0.3414859762956949,0.7973665081905693,0.6027938254629686,0.5023275351068894,-0.10412674614471566,0.1242183241681431,-0.1584590971128782,-0.5840498503911801,-0.2399509994809494,-0.18530910531719752
/multi_agv/path_reference,1789710631.6383586,1789710631.6378028,world,s_curve,1,0.640035551824935,0.10008274311718883,0.0,0.6351002795896898,-0.04645650948974185,-0.34290793117847856,0.7982215204804478,0.6039737307397559,0.5031055875488657,-0.10469275911366001,0.1239287538304546,-0.15860552318602011,-0.5854718052739637,-0.2413729543637331,-0.18673106019998123
/multi_agv/path_reference,1789710631.6483583,1789710631.6478348,world,s_curve,1,0.6410395928129057,0.10008274311718883,0.0,0.6360456237485878,-0.04679477351663641,-0.34434227544700813,0.7990831660389369,0.6051634979597352,0.5038902072470909,-0.10526493517130088,0.123634960704718,-0.1587543460833263,-0.5869061495424933,-0.2428072986322627,-0.1881654044685108
/multi_agv/path_reference,1789710631.6585517,1789710631.6578228,world,s_curve,1,0.6420391896482484,0.10008157288187836,-0.00011716622779625519,0.6369863006872165,-0.047132886749601866,-0.34577027092606905,0.7999401816487466,0.6063475791925802,0.5046711412203225,-0.10583580558312713,0.12334077322511128,-0.1589036278907897,-0.5883341450215542,-0.24423529411132353,-0.18959339994757174
/multi_agv/path_reference,1789710631.668699,1789710631.667874,world,s_curve,1,0.6430450972272507,0.10008157288187836,0.0,0.6379324279455847,-0.04747449045534647,-0.34720728175321525,0.800801783956336,0.6075387104962402,0.5054567893841777,-0.10641151508878993,0.12304302166469773,-0.15905497794194717,-0.5897711558487004,-0.2456723049384697,-0.19103041077471786
/multi_agv/path_reference,1789710631.6787498,1789710631.6778555,world,s_curve,1,0.6440439653686612,0.10008157288187836,0.0,0.638871447479074,-0.04781504839104705,-0.3486342362409445,0.8016565372493814,0.6087210816201357,0.5062367235677047,-0.10698442010034406,0.12274566056201804,-0.1592063856348151,-0.5911981103364297,-0.24709925942619895,-0.19245736526244708
/multi_agv/path_reference,1789710631.6886117,1789710631.687838,world,s_curve,1,0.6450431344553613,0.10008157288187836,0.0,0.6398102627868386,-0.04815704913590895,-0.35006162065051616,0.8025107293158438,0.6099033832566432,0.5070166757880288,-0.10755871738894776,0.12244652221230869,-0.15935895223108776,-0.5926254947460013,-0.2485266438357707,-0.1938847496720188
/multi_agv/path_reference,1789710631.6987445,1789710631.6978147,world,s_curve,1,0.6460416247709677,0.10008047767330762,-0.00010977472209598305,0.6407479517070698,-0.048500155864972944,-0.3514880353870967,0.8033635213298783,0.6110844539677815,0.5077958798235493,-0.10813384195135797,0.12214590152244884,-0.15951252716600964,-0.5940519094825819,-0.24995305857235128,-0.1953111644085994
/multi_agv/path_reference,1789710631.708699,1789710631.7078102,world,s_curve,1,0.6470419940975425,0.10008047767330762,0.0,0.641686913447311,-0.04884524928267562,-0.3529171344250607,0.8042170945988949,0.6122673160326896,0.5085763297103484,-0.1087112681484171,0.12184302590915355,-0.15966750560876328,-0.5954810085205459,-0.2513821576103152,-0.19674026344656334
/multi_agv/path_reference,1789710631.718692,1789710631.7178104,world,s_curve,1,0.6480428108839329,0.10008047767330762,0.0,0.642625800712779,-0.049191839486379924,-0.3543468726913327,0.8050702230373725,0.6134502728427131,0.509356906258251,-0.10929017270477345,0.12153832355900296,-0.15982366931336922,-0.596910746786818,-0.25281189587658726,-0.1981700017128354
/multi_agv/path_reference,1789710631.7287257,1789710631.7278154,world,s_curve,1,0.6490441081566966,0.10008047767330762,0.0,0.6435646418783435,-0.04953993907053141,-0.3557772973667094,0.8059229319035325,0.6146333604112801,0.5101376333202177,-0.10987057523572202,0.12123178268887923,-0.1599810246647514,-0.5983411714621947,-0.25424232055196394,-0.1996004263882121
/multi_agv/path_reference,1789710631.7388413,1789710631.7378147,world,s_curve,1,0.6500448126128758,0.10007946277752032,-0.00010149872376491871,0.6445024287632861,-0.04988917393928858,-0.35720687516125116,0.8067743055748645,0.6158153082377498,0.510917672477244,-0.11045185218297186,0.12092373282115897,-0.1601394024560528,-0.5997707492567366,-0.2556718983465057,-0.2010300041827539
/multi_agv/path_reference,1789710631.7486036,1789710631.7478116,world,s_curve,1,0.6510453195121956,0.10007946277752032,0.0,0.6454395304462188,-0.05023967974239255,-0.35863617073170795,0.8076246795680908,0.6169965812708172,0.5116973304997484,-0.11103423052053506,0.12061405490278727,-0.16029886360942983,-0.6012000448271932,-0.25710119391696246,-0.20245929975321064
/multi_agv/path_reference,1789710631.7585995,1789710631.75781,world,s_curve,1,0.652045915882555,0.10007946277752032,0.0,0.6463762139290091,-0.050591556106907375,-0.3600655941179357,0.8084742962353636,0.618177516052406,0.5124768294992575,-0.11161787594189593,0.12030266099263075,-0.1604594533714569,-0.602629468213421,-0.2585306173031902,-0.2038887231394384
/multi_agv/path_reference,1789710631.768621,1789710631.767842,world,s_curve,1,0.6530499474804743,0.10007946277752032,0.0,0.6473156066568965,-0.05094598603843182,-0.36149992497210615,0.8093259903172395,0.6193620565512873,0.5132587731021624,-0.11220474529968721,0.11998850151891634,-0.16062171433452455,-0.6040637990675913,-0.2599649481573607,-0.20532305399360884
/multi_agv/path_reference,1789710631.778773,1789710631.7778535,world,s_curve,1,0.6540517964532123,0.10007840384427091,-0.00010578076363007474,0.6482524496181049,-0.05130098808844305,-0.3629311377903033,0.8101749930583109,0.6205435716882434,0.5140387841077604,-0.11279155586801878,0.11967333186595255,-0.16078474026326287,-0.6054950118857885,-0.2613961609755578,-0.20675426681180592
/multi_agv/path_reference,1789710631.788807,1789710631.7878647,world,s_curve,1,0.6550536860577822,0.10007840384427091,0.0,0.6491888215032092,-0.051657345069195164,-0.3643624086539746,0.8110231894633357,0.6217246824337007,0.5148185926125911,-0.11337960480542311,0.11935645865778678,-0.1609488890599491,-0.6069262827494598,-0.2628274318392291,-0.20818553767547726
/multi_agv/path_reference,1789710631.7987854,1789710631.797859,world,s_curve,1,0.6560538203872271,0.10007840384427091,0.0,0.6501230432455036,-0.052014414025456715,-0.36579117198175304,0.8118690595529642,0.6229032703763301,0.5155967998072165,-0.11396783369432315,0.11903845489216948,-0.16111386327421645,-0.6083550460772383,-0.2642561951670076,-0.20961430100325576
/multi_agv/path_reference,1789710631.8086727,1789710631.807815,world,s_curve,1,0.6570503741115393,0.10007840384427091,0.0,0.6510534119938794,-0.05237153185801699,-0.36721482015934187,0.8127110645468332,0.6240771857317133,0.5163719857030917,-0.11455515808766414,0.1187199150838229,-0.1612793525702097,-0.6097786942548271,-0.2656798433445964,-0.2110379491808445
/multi_agv/path_reference,1789710631.818769,1789710631.8178647,world,s_curve,1,0.6580559232833069,0.1000770492665106,-0.00013481403899449093,0.651991662463178,-0.052733215443966724,-0.36865131897615266,0.8135598215487629,0.6252612366106896,0.5171539292300813,-0.11514899846152646,0.11839680627561533,-0.161447454145989,-0.611215193071638,-0.26711634216140717,-0.21247444799765536
/multi_agv/path_reference,1789710631.8291206,1789710631.8279335,world,s_curve,1,0.6590637735266682,0.1000770492665106,0.0,0.6529315377072333,-0.053097078687020634,-0.37009110503809745,0.8144096639853649,0.6264475300955363,0.5179374190407988,-0.11574542051426945,0.11807125173897719,-0.16161706728576958,-0.6126549791335827,-0.268556128223352,-0.21391423405960008
/multi_agv/path_reference,1789710631.8385568,1789710631.837808,world,s_curve,1,0.6600519363126668,0.1000770492665106,0.0,0.6538525437522386,-0.053455147662388625,-0.37150276616095257,0.8152420709354354,0.6276101941263048,0.5187053661949754,-0.11633137938459152,0.11775039864412055,-0.16178446224669485,-0.6140666402564379,-0.26996778934620713,-0.2153258951824553
/multi_agv/path_reference,1789710631.8487234,1789710631.8478394,world,s_curve,1,0.6610558927581953,0.1000770492665106,0.0,0.6547877514861892,-0.053820270741065324,-0.37293698965456473,0.8160869341427158,0.6287909757830363,0.5194853445328154,-0.11692790636732242,0.11742273686228169,-0.16195564271815518,-0.61550086375005,-0.27140201283981924,-0.21676011867606743
/multi_agv/path_reference,1789710631.8587382,1789710631.8578753,world,s_curve,1,0.6620602801569551,0.10007521665148889,-0.00018259821415919406,0.6557228357050776,-0.054186892308560934,-0.37437182879565006,0.8169313030485811,0.6299717928481627,0.5202654112184888,-0.11752590127427301,0.11709324019892325,-0.16212801585033298,-0.6169357028911353,-0.27283685198090457,-0.21819495781715273
/multi_agv/path_reference,1789710631.8684547,1789710631.8678596,world,s_curve,1,0.6630594252155657,0.10007521665148889,0.0,0.6566525164218746,-0.054552931158897124,-0.3757991788793796,0.8177704126390702,0.6311459764250816,0.5210411602014718,-0.11812197644467248,0.11676378261238676,-0.1623005996444056,-0.6183630529748648,-0.2742642020646341,-0.2196223079008823
/multi_agv/path_reference,1789710631.878406,1789710631.8778431,world,s_curve,1,0.6640585467565004,0.10007521665148889,0.0,0.6575816518621932,-0.05492028795291125,-0.3772264953664292,0.8186086508465262,0.6323196609338179,0.5218166438062354,-0.11871923463778682,0.11643265720512999,-0.1624742864260769,-0.6197903694619145,-0.2756915185516837,-0.2210496243879319
/multi_agv/path_reference,1789710631.8883915,1789710631.887862,world,s_curve,1,0.6650611873423535,0.10007521665148889,0.0,0.6585135317916406,-0.05529027142024405,-0.378658839060505,0.8194489836060993,0.6334970030036532,0.5225946087651693,-0.11931979858760677,0.116098681804285,-0.16264969747741032,-0.6212227131559903,-0.2771238622457595,-0.22248196808200765
/multi_agv/path_reference,1789710631.8983374,1789710631.897853,world,s_curve,1,0.666060889887182,0.10007312966013636,-0.00020891389874052655,0.6594421524586539,-0.05566049927114318,-0.3800869855531172,0.8202859966374103,0.6346704176317634,0.5233700431067879,-0.11991980046404384,0.11576400642645604,-0.16282570377584168,-0.6226508596486023,-0.2785520087383717,-0.22391011457461987
/multi_agv/path_reference,1789710631.9084284,1789710631.9078631,world,s_curve,1,0.6670626515367264,0.10007312966013636,0.0,0.6603721545032445,-0.05603281959669357,-0.38151807362389484,0.8211238732888975,0.6358457685241731,0.5241468216966628,-0.12052223661575427,0.11542696108322453,-0.16300318325755092,-0.6240819477193801,-0.27998309680914935,-0.22534120264539745
/multi_agv/path_reference,1789710631.9183283,1789710631.9178197,world,s_curve,1,0.6680590711825364,0.10007312966013636,0.0,0.6612966676834957,-0.05640447443521906,-0.38294153026076627,0.8219564257516322,0.6370143720327981,0.5249192052660567,-0.12112264914285314,0.11509004477146612,-0.1631808189342701,-0.6255054043562516,-0.2814065534460208,-0.22676465928226897
/multi_agv/path_reference,1789710631.928394,1789710631.9278643,world,s_curve,1,0.6690643340906681,0.10007312966013636,0.0,0.66222884893102,-0.05678076084089912,-0.38437762012952587,0.8227955002474526,0.6381928597765913,0.5256981867690158,-0.12172959058422184,0.11474845307139105,-0.16336114500986654,-0.6269414942250111,-0.2828426433147804,-0.22820074915102848
/multi_agv/path_reference,1789710631.9384868,1789710631.937831,world,s_curve,1,0.6700615869892363,0.10007125620376806,-0.0001879955751327205,0.6631530675737317,-0.05715537140212452,-0.3858022671274805,0.8236270268216086,0.6393614713082492,0.5264707045913373,-0.12233288595515682,0.11440791122892183,-0.16354113948013851,-0.6283661412229656,-0.284267290312735,-0.22962539614898317
/multi_agv/path_reference,1789710631.9488306,1789710631.9478374,world,s_curve,1,0.6710628727594296,0.10007125620376806,0.0,0.6640804858814968,-0.05753282113607239,-0.3872326753706136,0.8244610505368151,0.6405343194056273,0.5272460877020481,-0.12293981220615056,0.11406431766376494,-0.1637229688658315,-0.629796549466099,-0.28569769855586813,-0.2310558043921163
/multi_agv/path_reference,1789710631.9586937,1789710631.9578426,world,s_curve,1,0.6720642690082896,0.10007125620376806,0.0,0.6650074655743473,-0.05791163893119685,-0.38866324144041375,0.8252942971284972,0.6417068041530272,0.5280212954415175,-0.12354799798874641,0.11371900861558892,-0.16390592742043303,-0.6312271155358989,-0.28712826462566826,-0.2324863704619164
/multi_agv/path_reference,1789710631.9690702,1789710631.9678261,world,s_curve,1,0.6730632998728668,0.10007125620376806,0.0,0.6659317146997615,-0.05829088298167331,-0.3900904283898098,0.8261247076895617,0.6428760259457006,0.5287944104640222,-0.1241559343896077,0.11337284415972333,-0.16408955871513553,-0.632654302485295,-0.28855545157506424,-0.2339135574113124
/multi_agv/path_reference,1789710631.9787524,1789710631.9779017,world,s_curve,1,0.6740715879195411,0.10006965624125246,-0.0001587916265228629,0.6668639783800745,-0.05867497806955814,-0.39153083988505877,0.8269619324424954,0.6440555798641989,0.5295744228335291,-0.12477070489835514,0.11302178065681096,-0.1642760099671302,-0.634094713980544,-0.2899958630703133,-0.2353539689065614
/multi_agv/path_reference,1789710631.9884703,1789710631.9878416,world,s_curve,1,0.6750660951737152,0.10006965624125246,0.0,0.6677829573174389,-0.05905513885389955,-0.3929515645338788,0.8277868460076494,0.645218515555646,0.5303435103890211,-0.12537825401001004,0.11267385103417572,-0.1644610135858643,-0.635515438629364,-0.29141658771913337,-0.23677469355538147
/multi_agv/path_reference,1789710631.9989996,1789710631.9979734,world,s_curve,1,0.6760800880914222,0.10006965624125246,0.0,0.6687193852313795,-0.059444091571768824,-0.3944001258448888,0.8286270329861078,0.6464037270271374,0.5311273956808931,-0.12599891250571554,0.11231740411021299,-0.16465076631980388,-0.636963999940374,-0.29286514903014327,-0.23822325486639145
/multi_agv/path_reference,1789710632.0087821,1789710632.0079334,world,s_curve,1,0.6770767910739934,0.10006965624125246,0.0,0.6696392955547035,-0.05982773419527842,-0.39582398724856205,0.8294520164038366,0.647568224453333,0.5318976458069409,-0.1266101739140926,0.11196536176738899,-0.16483839043913162,-0.6383878613440472,-0.29428901043381656,-0.2396471162700647
/multi_agv/path_reference,1789710632.01854,1789710632.017866,world,s_curve,1,0.6780706760541425,0.10006753630274771,-0.00021344222673628854,0.6705560600997515,-0.060211596090052194,-0.3972438229344893,0.8302737998037653,0.6487289291315715,0.5326654513639176,-0.12722087622229136,0.11161266399477379,-0.16502657604263896,-0.6398076970299745,-0.29570884611974385,-0.241066951955992
/multi_agv/path_reference,1789710632.028526,1789710632.0278776,world,s_curve,1,0.6790725034947155,0.10006753630274771,0.0,0.6714795983944716,-0.060599842229565666,-0.3986750049924507,0.831101272078318,0.6498984014945549,0.5334391216105417,-0.12783763882023066,0.11125548047056788,-0.16521736833903417,-0.641238879087936,-0.2971400281777052,-0.24249813401395343
/multi_agv/path_reference,1789710632.0386152,1789710632.0378358,world,s_curve,1,0.6800691721535894,0.10006753630274771,0.0,0.6723978286885893,-0.06098740044715027,-0.4000988173622706,0.8319236066024501,0.6510613433154253,0.5342085361478923,-0.12845240012088888,0.11089847562159708,-0.16540827684215895,-0.6426626914577558,-0.29856384054752516,-0.24392194638377324
/multi_agv/path_reference,1789710632.0485525,1789710632.0478828,world,s_curve,1,0.681074517268266,0.10006753630274771,0.0,0.6733234927124832,-0.061379656407090546,-0.40153502466895136,0.8327522124079786,0.6522338930108661,0.5349843727186047,-0.1290736985101821,0.11053668599358282,-0.1656019567046723,-0.6440988987644366,-0.3000000478542059,-0.24535815369045402
/multi_agv/path_reference,1789710632.0583513,1789710632.0578873,world,s_curve,1,0.6820756559418862,0.10006610580972843,-0.0001429810570703373,0.6742447228646852,-0.061771591959649375,-0.40296522277412317,0.8335764636494045,0.6534010190754287,0.5357566858692222,-0.12969357940488674,0.11017473691173346,-0.1657959333857948,-0.6455290968696082,-0.3014302459593777,-0.24678835179562583
/multi_agv/path_reference,1789710632.0685115,1789710632.0678642,world,s_curve,1,0.6830739870607758,0.10006610580972843,0.0,0.6751628103894409,-0.06216374008042693,-0.4043914100868226,0.8343975196890819,0.6545643553879035,0.5365265560913373,-0.13031289527885043,0.10981214093650418,-0.16599046589893449,-0.6469552841823077,-0.3028564332720771,-0.24821453910832528
/multi_agv/path_reference,1789710632.0787356,1789710632.077925,world,s_curve,1,0.6840804986838814,0.10006610580972843,0.0,0.6760878538938859,-0.06256042633656103,-0.4058292838341163,0.8352244087387996,0.6557366997050753,0.5373024532377828,-0.1309384704157229,0.10944489486945069,-0.16618770346341083,-0.6483931579296016,-0.30429430701937077,-0.24965241285561895
/multi_agv/path_reference,1789710632.0883589,1789710632.0878592,world,s_curve,1,0.6850747945369882,0.10006610580972843,0.0,0.6770011092197988,-0.06295360414001228,-0.4072497064814117,0.8360403778380157,0.6568942957327738,0.5380686540886069,-0.13155762032990204,0.1090804507776057,-0.16638364286774043,-0.649813580576897,-0.3057147296666663,-0.2510728355029144
/multi_agv/path_reference,1789710632.0984793,1789710632.0978901,world,s_curve,1,0.6860785459359369,0.1000644996621186,-0.0001601176916209675,0.6779224821541527,-0.06335183599725858,-0.40868363705133837,0.8368632139052319,0.6580623741443834,0.5388418584128429,-0.13218383284778942,0.10871087382052935,-0.16658254896451563,-0.6512475111468237,-0.3071486602365928,-0.25250676607284095
/multi_agv/path_reference,1789710632.1084158,1789710632.1078587,world,s_curve,1,0.6870758829002637,0.1000644996621186,0.0,0.678837400479416,-0.06374883134786524,-0.4101084041432338,0.8376799013779554,0.6592224618310183,0.5396098382292742,-0.13280721178280958,0.1083419998483946,-0.1667812821091807,-0.652672278238719,-0.30857342732848825,-0.25393153316473643
/multi_agv/path_reference,1789710632.1183999,1789710632.1178117,world,s_curve,1,0.6880719840680197,0.1000644996621186,0.0,0.679750619617233,-0.06414663553730895,-0.41153140581145675,0.8384946895356307,0.6603805862855396,0.5403765830305287,-0.13343097912042218,0.10797193350371315,-0.1669808609952178,-0.6540952799069419,-0.30999642899671126,-0.2553545348329594
/multi_agv/path_reference,1789710632.1284015,1789710632.1278715,world,s_curve,1,0.6890785313691535,0.1000644996621186,0.0,0.6806728399069206,-0.06454993075192791,-0.4129693305273622,0.8393171200778132,0.6615503200594334,0.5411510795835152,-0.13406246465092578,0.10759631299065994,-0.16718364059551785,-0.6555332046228474,-0.3114343537126167,-0.25679245954886476
/multi_agv/path_reference,1789710632.138371,1789710632.1378262,world,s_curve,1,0.6900745347356562,0.10006262598230635,-0.00018823763911748472,0.6815848276888202,-0.06495030660359342,-0.4143921924795088,0.8401300405628922,0.6627072674562238,0.5419171750473446,-0.13468849897129961,0.10722297157761766,-0.16738539241709827,-0.6569560665749942,-0.3128572156647634,-0.2582153215010115
/multi_agv/path_reference,1789710632.1483622,1789710632.1478987,world,s_curve,1,0.6910824632657355,0.10006262598230635,0.0,0.6825071540275316,-0.06535679629548148,-0.4158320903796222,0.8409517867032152,0.6638775252204535,0.542692150158926,-0.13532320520910007,0.10684348515176378,-0.1675906688291081,-0.6583959644751075,-0.3142971135648768,-0.2596552194011249
/multi_agv/path_reference,1789710632.1583176,1789710632.1578512,world,s_curve,1,0.6920783990899657,0.10006262598230635,0.0,0.6834179301358205,-0.06575975395831586,-0.4172548558428082,0.8417628566882402,0.6650333207148964,0.5434576130043247,-0.13595152153193368,0.10646685878326967,-0.16779459912628353,-0.6598187299382934,-0.31571987902806276,-0.26107798486431083
/multi_agv/path_reference,1789710632.1684318,1789710632.167857,world,s_curve,1,0.6930795272639207,0.10006262598230635,0.0,0.6843328759735747,-0.06616611778845745,-0.4186850389484582,0.8425772535388709,0.666194600862722,0.5442267735191313,-0.13658427573775328,0.10608661216379328,-0.1680006897914123,-0.6612489130439434,-0.3171500621337128,-0.2625081679699609
/multi_agv/path_reference,1789710632.178324,1789710632.17781,world,s_curve,1,0.6940754468279678,0.10006128385048291,-0.00013484566243935047,0.6852424839175051,-0.06657166556318561,-0.4201077811828112,0.8433865144704724,0.6673492983155633,0.5449916389664795,-0.13721489312579166,0.10570669613384952,-0.16820679969761465,-0.6626716552782965,-0.31857280436806573,-0.2639309102043139
/multi_agv/path_reference,1789710632.1883564,1789710632.187858,world,s_curve,1,0.6950808758161869,0.10006128385048291,0.0,0.6861601911079318,-0.06698239757776897,-0.4215441083088385,0.8442025917834136,0.6685144719621771,0.5457635095782046,-0.13785269875344103,0.10532148687011324,-0.1684159808499791,-0.6641079824043237,-0.32000913149409305,-0.2653672373303411
/multi_agv/path_reference,1789710632.198365,1789710632.197819,world,s_curve,1,0.6960776327931186,0.10006128385048291,0.0,0.6870693994737218,-0.06739088803003866,-0.4229680468473123,0.8450107250067942,0.6696690482756846,0.5465284251386866,-0.13848615994636274,0.10493794814715185,-0.16862445229090506,-0.6655319209427975,-0.3214330700325668,-0.266791175868815
/multi_agv/path_reference,1789710632.2084017,1789710632.2078407,world,s_curve,1,0.6970804302696337,0.10006128385048291,0.0,0.6879835300049696,-0.06780315975789052,-0.42440061467090534,0.8458228447063616,0.6708300693232135,0.5472976759853335,-0.13912462030515432,0.10455042676307356,-0.16883528573159073,-0.6669644887663907,-0.3228656378561599,-0.26822374369240803
/multi_agv/path_reference,1789710632.2183409,1789710632.2178519,world,s_curve,1,0.6980821280710693,0.10006034414516744,-9.386786825890199e-05,0.6888960675036183,-0.06821628640545943,-0.42583161153009896,0.8466331598459472,0.671989261741683,0.5480657809232247,-0.13976354141491176,0.10416167018681544,-0.16904698798828194,-0.6683954856255843,-0.3242966347153534,-0.26965474055160166
/multi_agv/path_reference,1789710632.2284312,1789710632.2278733,world,s_curve,1,0.6990848186712395,0.10006034414516744,0.0,0.6898089164607836,-0.06863112980814948,-0.4272640266731993,0.8474433616431446,0.67314904475457,0.5488343429846361,-0.1404042563392489,0.10377086749679043,-0.16926000058198992,-0.6698279007686845,-0.32572904985845386,-0.27108715569470193
/multi_agv/path_reference,1789710632.2383084,1789710632.2378664,world,s_curve,1,0.700084883287738,0.10006034414516744,0.0,0.6907187818369462,-0.06904618891743472,-0.42869269041105434,0.8482505265187265,0.6743052315308914,0.5496005874612208,-0.1410444487402555,0.10337943379088149,-0.1694735518029301,-0.6712565645065396,-0.32715771359630885,-0.272515819432557
/multi_agv/path_reference,1789710632.2483425,1789710632.2478473,world,s_curve,1,0.7010834612076431,0.10006034414516744,0.0,0.6916267019871123,-0.06946192765002418,-0.43011923029663307,0.8490555780246116,0.6754591403266367,0.5503653876100884,-0.14168483945486382,0.10298693419010141,-0.16968787768531007,-0.6726831043921183,-0.3285842534818876,-0.27394235931813576
/multi_agv/path_reference,1789710632.258321,1789710632.257844,world,s_curve,1,0.7020837334819536,0.10005919634428372,-0.00011481677233149447,0.6925355672023502,-0.06987966976284012,-0.43154819068850525,0.8498610788654452,0.6766144445576988,0.5511311781839067,-0.14232746738254254,0.10259211881063635,-0.1699036607166141,-0.6741120647839905,-0.3300132138737598,-0.275371319710008
/multi_agv/path_reference,1789710632.2683022,1789710632.2678535,world,s_curve,1,0.7030852373849119,0.10005919634428372,0.0,0.6934449525123365,-0.07029922697510528,-0.43297891054987425,0.8506666506883928,0.6777706048918812,0.5518976019567354,-0.1429720391034182,0.10219516373564547,-0.17012080555754305,-0.6755427846453594,-0.3314439337351287,-0.2768020395713769
/multi_agv/path_reference,1789710632.2782218,1789710632.2777991,world,s_curve,1,0.7040805461227285,0.10005919634428372,0.0,0.6943481168021305,-0.07071747759612292,-0.43440078017532635,0.851466324820276,0.6789190494782605,0.5526589761078547,-0.14361376494442857,0.10179902561883183,-0.17033769346277197,-0.6769646542708115,-0.33286580336058086,-0.278223909196829
/multi_agv/path_reference,1789710632.2883785,1789710632.2878556,world,s_curve,1,0.705086612624981,0.10005919634428372,0.0,0.6952604376764278,-0.07114155336115179,-0.435838018035687,0.8522737141507912,0.6800793334526976,0.5534282654257945,-0.14426358157963792,0.10139694690631967,-0.17055802541013704,-0.6784018921311724,-0.3343030412209415,-0.27966114705718964
/multi_agv/path_reference,1789710632.298399,1789710632.297856,world,s_curve,1,0.7060872848155708,0.10005807375104014,-0.00011224906479263362,0.6961672613142224,-0.07156465565593877,-0.4372675497365298,0.8530758471337522,0.6812328217739859,0.5541931150349287,-0.14491106453950459,0.10099537017744777,-0.17077827260575945,-0.679831423832015,-0.33573257292178427,-0.28109067875803245
/multi_agv/path_reference,1789710632.308432,1789710632.3078606,world,s_curve,1,0.7070883204170845,0.10005807375104014,0.0,0.6970738081780411,-0.07198920822943383,-0.43869760059583485,0.8538773444957024,0.6823861534377216,0.5549579266006992,-0.14555992929614536,0.10059199815825245,-0.17099969355040853,-0.6812614746913201,-0.3371626237810894,-0.2825207296173375
/multi_agv/path_reference,1789710632.3183496,1789710632.3178625,world,s_curve,1,0.7080892232415342,0.10005807375104014,0.0,0.6979796268641769,-0.07241500019764938,-0.4401274617736203,0.8546778070071868,0.683538754221275,0.5557223193640688,-0.14620985326931557,0.10018703106882064,-0.17122217839245313,-0.6826913358691056,-0.3385924849588748,-0.28395059079512297
/multi_agv/path_reference,1789710632.3283818,1789710632.3278537,world,s_curve,1,0.7090888078008624,0.10005807375104014,0.0,0.6988836440024817,-0.07284152350776715,-0.44155543971551775,0.8554762869956447,0.6846892578925315,0.5564853871192689,-0.1468600628098623,0.09978095302110686,-0.17144546073454597,-0.684119313811003,-0.34002046290077226,-0.2853785687370204
/multi_agv/path_reference,1789710632.3383121,1789710632.3378196,world,s_curve,1,0.7100859830677244,0.10005690971827479,-0.00011679944858543837,0.6997848744651518,-0.0732683044785257,-0.442979975811035,0.8562719165260637,0.685836409623098,0.5572462972462937,-0.14750984047439786,0.09937421730724406,-0.17166929026842326,-0.6855438499065203,-0.3414449989962895,-0.2868031048325377
/multi_agv/path_reference,1789710632.3484838,1789710632.3478472,world,s_curve,1,0.7110893054308919,0.10005690971827479,0.0,0.7006910459110826,-0.07369901192183019,-0.44441329347270264,0.8570715155602331,0.686990046887789,0.5580115752852255,-0.14816476722123673,0.09896332509977887,-0.1718955936440327,-0.6869771675681878,-0.3428783166579571,-0.2882364224942052
/multi_agv/path_reference,1789710632.3582983,1789710632.357844,world,s_curve,1,0.7120895802607031,0.10005690971827479,0.0,0.7015938495260036,-0.07412970345475572,-0.4458422575152901,0.8578677506650376,0.6881395926781502,0.5587742052348228,-0.148818844718981,0.09855203551225838,-0.1721223011575445,-0.6884061316107754,-0.3443072807005446,-0.2896653865367928
/multi_agv/path_reference,1789710632.368414,1789710632.3678546,world,s_curve,1,0.7130912753983478,0.10005690971827479,0.0,0.7024973173414153,-0.07456229897326898,-0.4472732505690684,0.8586641788703652,0.6892901805536182,0.5595375926002624,-0.14947499055618957,0.09813851613154868,-0.17235042249516602,-0.6898371246645536,-0.3457382737543229,-0.29109637959057116
/multi_agv/path_reference,1789710632.378342,1789710632.3778498,world,s_curve,1,0.714091381122821,0.10005608796173393,-8.221305280330136e-05,0.7033987331448774,-0.07499549735468634,-0.44870197303260134,0.8594584058773611,0.6904383512866653,0.5602994422706057,-0.15013123150715255,0.09772401081416335,-0.1725792713710698,-0.6912658471280866,-0.3471669962178559,-0.292525102054104
/multi_agv/path_reference,1789710632.3883343,1789710632.3878527,world,s_curve,1,0.7150920333536467,0.10005608796173393,0.0,0.7043000211671104,-0.07543022096324635,-0.4501314762194952,0.8602521277124211,0.6915865555543084,0.5610613802346016,-0.15078896607010206,0.09730763763211805,-0.17280933445175498,-0.6926953503149803,-0.3485964994047496,-0.2939546052409978
/multi_agv/path_reference,1789710632.398351,1789710632.3978603,world,s_curve,1,0.7160933861772002,0.10005608796173393,0.0,0.7052013171881805,-0.07586653826384576,-0.4515619802531431,0.8610454632157822,0.6927349667026326,0.5618235216461265,-0.15144829630722248,0.09688933024883742,-0.1730406487331522,-0.6941258543486283,-0.3500270034383976,-0.2953851092746458
/multi_agv/path_reference,1789710632.4083238,1789710632.4078307,world,s_curve,1,0.7170911475875325,0.10005608796173393,0.0,0.7060987590058736,-0.07630257248891498,-0.45298735369647486,0.8618350145258127,0.6938786627279766,0.5625825997638315,-0.15210638978480223,0.09647088972956039,-0.17327221741150303,-0.6955512277919601,-0.3514523768817294,-0.29681048271797755
/multi_agv/path_reference,1789710632.4184217,1789710632.4178264,world,s_curve,1,0.7180911735667788,0.10005515689854909,-9.315525293856156e-05,0.7069976131158566,-0.07674087954601566,-0.4544159622382554,0.8626254157689672,0.695024354868051,0.5633430687105514,-0.15276710555628426,0.09604986409186374,-0.17350539717362645,-0.6969798363337406,-0.35288098542350993,-0.2982390912597581
/multi_agv/path_reference,1789710632.4284403,1789710632.427878,world,s_curve,1,0.7190968227458979,0.10005515689854909,0.0,0.7079008890491617,-0.07718294592532225,-0.4558526039227112,0.8634193086913018,0.6961758814570002,0.5641074769991831,-0.15343267479048733,0.09562482067376252,-0.17374098365924187,-0.6984164780181965,-0.35431762710796577,-0.29967573294421385
/multi_agv/path_reference,1789710632.4384048,1789710632.4378784,world,s_curve,1,0.7200974598620425,0.10005515689854909,0.0,0.7087990319505048,-0.07762409645972806,-0.45728208551720356,0.8642082951512553,0.6973210617754941,0.5648677389247647,-0.15409605806265703,0.09520025425700851,-0.17397648557353562,-0.6998459596126887,-0.35574710870245807,-0.3011052145387062
/multi_agv/path_reference,1789710632.4485223,1789710632.4478776,world,s_curve,1,0.7210980227372608,0.10005515689854909,0.0,0.7096964767532642,-0.07806649754501309,-0.45871146105322974,0.8649962740807022,0.6984655491184801,0.5656276070606101,-0.15476051915072025,0.09477408294597651,-0.1742130564302955,-0.701275335148715,-0.3571764842384843,-0.30253459007473243
/multi_agv/path_reference,1789710632.458371,1789710632.4578443,world,s_curve,1,0.7220951224445531,0.10005435782887567,-8.018295707982743e-05,0.7105901853643258,-0.07850864296705728,-0.4601358892065045,0.8657805800538705,0.6996054680289147,0.5663845080101922,-0.15542380009556703,0.09434775982167694,-0.17444988862728172,-0.7026997633019898,-0.358600912391759,-0.30395901822800725
/multi_agv/path_reference,1789710632.468396,1789710632.4678216,world,s_curve,1,0.723093371276145,0.10005435782887567,0.0,0.7114842921277331,-0.07895257275232648,-0.4615619589659214,0.8665648426714507,0.700746091167179,0.5671419425445696,-0.15608896392444083,0.09391931923746683,-0.17468807357000538,-0.7041258330614066,-0.3600269821511759,-0.30538508798742403
/multi_agv/path_reference,1789710632.4783068,1789710632.4778209,world,s_curve,1,0.7240938382127957,0.10005435782887567,0.0,0.7123797494579016,-0.07939876787616372,-0.46299119744685113,0.8673498953473613,0.701888634541114,0.5679007184852295,-0.1567567272791856,0.09348829499379993,-0.17492787134310542,-0.7055550715423364,-0.36145622063210564,-0.3068143264683538
/multi_agv/path_reference,1789710632.4885194,1789710632.4878466,world,s_curve,1,0.725097079956952,0.10005435782887567,0.0,0.7132770490159855,-0.07984748529895495,-0.46442439993850304,0.8681361661635467,0.7030337269583877,0.5686612539260221,-0.15742746877586694,0.09305443589691938,-0.17516942301791727,-0.7069882740339883,-0.3628894231237576,-0.30824752896000573
/multi_agv/path_reference,1789710632.498372,1789710632.4978209,world,s_curve,1,0.7260948802205187,0.10005376344808041,-5.960114229149249e-05,0.7141688430007728,-0.08029504388009889,-0.4658498288864554,0.86891721810651,0.7041719906697761,0.569417320226032,-0.15809568913535385,0.09262130278346052,-0.17541074528840328,-0.7084137029819405,-0.36431485207170994,-0.30967295790795807
/multi_agv/path_reference,1789710632.5083349,1789710632.507836,world,s_curve,1,0.7270968700353222,0.10005376344808041,0.0,0.7150637384793106,-0.08074576052884481,-0.4672812429076032,0.8697005901530925,0.7053144111883938,0.5701762140964455,-0.15876783499768193,0.09218471861631511,-0.17565416520516758,-0.7098451170030884,-0.36574626609285776,-0.31110437192910595
/multi_agv/path_reference,1789710632.5184224,1789710632.517908,world,s_curve,1,0.7281048628758251,0.10005376344808041,0.0,0.7159633434146696,-0.08120046960970942,-0.4687212326797502,0.87048768381286,0.706463044266912,0.5709393021642366,-0.1594451385942745,0.0917438691704401,-0.1759001394052938,-0.7112851067752355,-0.36718625586500464,-0.3125443617012528
/multi_agv/path_reference,1789710632.5283995,1789710632.5278714,world,s_curve,1,0.7291017327394455,0.10005376344808041,0.0,0.716852376632902,-0.08165143445399756,-0.47014533248492196,0.8712651321585896,0.7075983770346463,0.5716936207054701,-0.16011608210479794,0.091306258325004,-0.1761444795821987,-0.7127092065804072,-0.3686103556701765,-0.31396846150642466
/multi_agv/path_reference,1789710632.5383425,1789710632.537821,world,s_curve,1,0.7300970589735937,0.10005341142664198,-3.538633324612893e-05,0.7177393916015852,-0.08210296362016398,-0.47156722710513377,0.8720404226098788,0.7087313288881414,0.5724464233067352,-0.1607870905440716,0.09086771252510255,-0.17638951284152282,-0.7141311012006191,-0.3700322502903884,-0.31539035612663646
/multi_agv/path_reference,1789710632.5484517,1789710632.5478966,world,s_curve,1,0.7311053193123439,0.10005341142664198,0.0,0.7186372775366694,-0.08256164605871874,-0.47300759901763406,0.8728248141158423,0.7098783661850663,0.5732086523090996,-0.16146794215507726,0.0904218256139667,-0.1766388216350456,-0.7155714731131194,-0.3714726222028885,-0.3168307280391367
/multi_agv/path_reference,1789710632.558329,1789710632.5578206,world,s_curve,1,0.7320980911828985,0.10005341142664198,0.0,0.7195207242466654,-0.0830145453072113,-0.4744258445469979,0.873596197293726,0.7110071546570962,0.5739588207891739,-0.1621394377578459,0.0899811746769651,-0.17688537284075306,-0.7169897186424832,-0.37289086773225244,-0.3182489735685006
/multi_agv/path_reference,1789710632.5683947,1789710632.5678077,world,s_curve,1,0.7330974718814379,0.10005341142664198,0.0,0.7204094023005643,-0.08347172462059874,-0.47585353125919694,0.874371752803274,0.7121428249943373,0.5747136291040815,-0.16281650786235177,0.08953597376198821,-0.1771346397614326,-0.7184174053546822,-0.37431855444445145,-0.31967666028069963
/multi_agv/path_reference,1789710632.578411,1789710632.5778363,world,s_curve,1,0.7341008477535924,0.10005328580384022,-1.2526685598692044e-05,0.7213009753941204,-0.0839320075599588,-0.47728692536227496,0.8751494354244358,0.7132823947099526,0.5754710960479729,-0.16349739793982465,0.0890873623493421,-0.1773859870893938,-0.7198507994577602,-0.37575194854752936,-0.32111005438377754
/multi_agv/path_reference,1789710632.5883524,1789710632.5878043,world,s_curve,1,0.7350982333354725,0.10005328580384022,0.0,0.7221865709626756,-0.08439080851522436,-0.47871176190781795,0.8759215071869709,0.7144145226559235,0.5762236830451322,-0.16417532696405518,0.0886398109286114,-0.17763690951022926,-0.7212756360033031,-0.37717678509307245,-0.3225348909293207
/multi_agv/path_reference,1789710632.5985887,1789710632.5978248,world,s_curve,1,0.7361005924661367,0.10005328580384022,0.0,0.7230759230570721,-0.08485316822827717,-0.48014370352305236,0.8766964549347973,0.7155516523784612,0.5769796618579578,-0.1648577442574321,0.08818840293528746,-0.17789016336268682,-0.7227075776185377,-0.378608726708307,-0.323966832544555
/multi_agv/path_reference,1789710632.60872,1789710632.6078265,world,s_curve,1,0.7371013356361819,0.10005328580384022,0.0,0.7239631800130133,-0.08531605246084703,-0.48157333662311685,0.8774691777509553,0.7166863028971971,0.5777340593908874,-0.16554016765371732,0.08773609880992256,-0.17814408853874625,-0.7241372107186022,-0.3800383598083715,-0.32539646564461944
/multi_agv/path_reference,1789710632.618567,1789710632.6178217,world,s_curve,1,0.7381013911799139,0.10005271922505264,-5.668459987846452e-05,0.7248491653491039,-0.08577988529867626,-0.4830019873998771,0.8782403942254012,0.7178195266657277,0.5784875751561829,-0.1662232250094278,0.08728248548128616,-0.17839891636788713,-0.7255658614953624,-0.38146701058513166,-0.32682511642137985
/multi_agv/path_reference,1789710632.6284008,1789710632.6278214,world,s_curve,1,0.7391019034643093,0.10005271922505264,0.0,0.7257348913108295,-0.08624519613916316,-0.4844312906632989,0.8790109856162621,0.7189526183350133,0.5792410699812128,-0.1669076961901293,0.08682704534768396,-0.1786549375750441,-0.726995164758784,-0.3828963138485534,-0.3282544196848015
/multi_agv/path_reference,1789710632.6383483,1789710632.6378224,world,s_curve,1,0.7401024869862407,0.10005271922505264,0.0,0.7266200142911946,-0.08671180574067455,-0.48586069569462964,0.8797806526657429,0.7200851384926634,0.5799942517151773,-0.1675933169326696,0.08636995354752364,-0.17891205383687764,-0.7284245697901149,-0.38432571887988426,-0.3296838247161323
/multi_agv/path_reference,1789710632.6483965,1789710632.647841,world,s_curve,1,0.7411050572550179,0.10005271922505264,0.0,0.7275062248808357,-0.08718061034755789,-0.4872929389357397,0.8805508642064861,0.7212192508800144,0.5807485595560065,-0.16828140179672663,0.08591033094606672,-0.17917076019201372,-0.729856813031225,-0.38575796212099417,-0.3311160679572424
/multi_agv/path_reference,1789710632.6583252,1789710632.657803,world,s_curve,1,0.7421018062869406,0.10005217995243239,-5.4131380635455196e-05,0.7283866233860002,-0.0876479506234995,-0.48871686612420073,0.8813156259744958,0.722346124572909,0.5814981196105959,-0.16896658420331273,0.08545176738346044,-0.17942903505064617,-0.731280740219686,-0.3871818893094552,-0.3325399951457034
/multi_agv/path_reference,1789710632.6689062,1789710632.667949,world,s_curve,1,0.7431168570637245,0.10005217995243239,0.0,0.7292825024009676,-0.08812515989203618,-0.49016693866246375,0.8820934263307131,0.723493016998082,0.5822610638741075,-0.1696654660463395,0.08498313528404652,-0.17969314891381552,-0.7327308127579489,-0.3886319618477182,-0.33399006768396644
/multi_agv/path_reference,1789710632.6789086,1789710632.6778772,world,s_curve,1,0.7441102245320692,0.10005217995243239,0.0,0.7301585729776909,-0.08859343235832379,-0.4915860350458132,0.8828536295247807,0.7246147506774973,0.5830073387307947,-0.17035050976499871,0.08452290434709486,-0.17995269165706745,-0.7341499091412984,-0.3900510582310678,-0.3354091640673159
/multi_agv/path_reference,1789710632.689106,1789710632.6878846,world,s_curve,1,0.745111454901132,0.10005217995243239,0.0,0.7310409046793988,-0.0890666689224697,-0.4930163641444743,0.8836188655446234,0.7257447012995083,0.5837591471940645,-0.17104206680628586,0.08405742018635087,-0.18021536014747408,-0.7355802382399595,-0.39148138732972887,-0.33683949316597694
/multi_agv/path_reference,1789710632.6987982,1789710632.6978846,world,s_curve,1,0.7461118184382817,0.10005206188869264,-1.180822786607404e-05,0.7319217955826323,-0.08954075567529401,-0.4944454549118309,0.8843824503984764,0.7268730075640982,0.584509928785322,-0.17173411753088436,0.08359072540063253,-0.18047887489563016,-0.7370093290073162,-0.39291047809708546,-0.3382685839333336
/multi_agv/path_reference,1789710632.708407,1789710632.7078662,world,s_curve,1,0.7471105434228139,0.10005206188869264,0.0,0.7328005668781592,-0.09001532119463987,-0.49587220488973405,0.8851437971809684,0.7279987992513146,0.5852591042021946,-0.17242612255529438,0.08312318702250342,-0.18074302805112857,-0.7384360789852192,-0.3943372280749885,-0.33969533391123663
/multi_agv/path_reference,1789710632.7184153,1789710632.7178698,world,s_curve,1,0.7481114599477098,0.10005206188869264,0.0,0.733680586281109,-0.09049218550029434,-0.49730208563958533,0.8859058232682954,0.7291263908986086,0.5860095446764227,-0.17312073519224364,0.08265301167369031,-0.18100883298232961,-0.7398659597350705,-0.39576710882483984,-0.34112521466108797
/multi_agv/path_reference,1789710632.728405,1789710632.7278824,world,s_curve,1,0.7491131431715559,0.10005206188869264,0.0,0.7345605962352779,-0.09097067435779174,-0.4987330616736513,0.886667437933274,0.7302541720585838,0.586760178713976,-0.17381697004239544,0.0821808624843928,-0.18127591551537256,-0.7412969357691366,-0.39719808485890573,-0.342556190695154
/multi_agv/path_reference,1789710632.738365,1789710632.7378848,world,s_curve,1,0.7501140248726382,0.10005176127231308,-3.005070250607117e-05,0.7354392172430735,-0.09145003761258284,-0.5001628926751974,0.887427447294642,0.7313803748194251,0.5875098296151532,-0.17451373561472738,0.08170747968938125,-0.18154385691240232,-0.7427267667706826,-0.3986279158604519,-0.34398602169670006
/multi_agv/path_reference,1789710632.7483416,1789710632.7478716,world,s_curve,1,0.751113212797454,0.10005176127231308,0.0,0.7363156668054031,-0.09192984226114145,-0.501590303996363,0.8881851759961115,0.7325039954333138,0.5882578289867838,-0.17521040528861703,0.08123329227202414,-0.18181241376683138,-0.7441541780918481,-0.4000553271816175,-0.34541343301786565
/multi_agv/path_reference,1789710632.7587101,1789710632.7579446,world,s_curve,1,0.75212101828052,0.10005176127231308,0.0,0.7371989807358968,-0.0924150517139064,-0.5030300261150287,0.888948431701866,0.7336366200230203,0.589011890482804,-0.1759141782454271,0.08075339109872431,-0.18208436799501637,-0.745593900210514,-0.40149504930028324,-0.3468531551365314
/multi_agv/path_reference,1789710632.7686524,1789710632.767934,world,s_curve,1,0.7531204700418304,0.10005176127231308,0.0,0.7380742820057999,-0.09289749480606223,-0.504457814345472,0.8897043592655481,0.7347591727045265,0.5897593140473251,-0.1766132022342551,0.0802758577927733,-0.18235513997670483,-0.7470216884409573,-0.4029228375307266,-0.3482809433669746
/multi_agv/path_reference,1789710632.7786233,1789710632.7779315,world,s_curve,1,0.7541207132650342,0.100051436259602,-3.2510081339808545e-05,0.7389495858916509,-0.09338157066739433,-0.505886733235763,0.8904598854365321,0.735881930565403,0.5905069416730178,-0.1773138596378518,0.07979634215869141,-0.18262719452302256,-0.7484506073312482,-0.4043517564210176,-0.34970986225726575
/multi_agv/path_reference,1789710632.788628,1789710632.7879379,world,s_curve,1,0.7551218737598056,0.100051436259602,0.0,0.7398249989306495,-0.09386734239713411,-0.507316962514008,0.8912151011380218,0.7370050307787582,0.5912548648751682,-0.1780162399160044,0.07931478075540818,-0.18290056803080604,-0.7498808366094932,-0.4057819856992626,-0.3511400915355108
/multi_agv/path_reference,1789710632.798502,1789710632.7978218,world,s_curve,1,0.7561108817069745,0.100051436259602,0.0,0.7406891026840723,-0.09434844660300337,-0.5087298310099635,0.8919601625024879,0.7381138208312459,0.591993324718483,-0.17871115436782872,0.07883748793955267,-0.183171673380734,-0.7512937051054488,-0.407194854195218,-0.3525529600314662
/multi_agv/path_reference,1789710632.8085024,1789710632.8078244,world,s_curve,1,0.7571115705592754,0.100051436259602,0.0,0.7415627194923391,-0.09483647496016054,-0.5101593865132504,0.8927130236077434,0.7392350190924633,0.5927401157768106,-0.17941534682436072,0.07835296412562327,-0.18344704218174412,-0.7527232606087356,-0.4086244096985049,-0.35398251553475313
/multi_agv/path_reference,1789710632.8186257,1789710632.8178563,world,s_curve,1,0.7581152327318634,0.10005072730041582,-7.067306524107249e-05,0.7424382303966199,-0.0953272073079228,-0.5115931896169479,0.8934671097378724,0.7403588518595834,0.5934887295924041,-0.18012271193479207,0.07786539122013128,-0.18372430120910752,-0.7541570637124332,-0.41005821280220234,-0.3554163186384506
/multi_agv/path_reference,1789710632.8284597,1789710632.8279333,world,s_curve,1,0.7591234586183266,0.10005072730041582,0.0,0.7433170130339619,-0.09582143431600039,-0.5130335123118953,0.8942236028707957,0.7414870897977983,0.5942403464332917,-0.18083438123479395,0.07737397954057304,-0.18400390125378022,-0.7555973864073806,-0.41149853549714993,-0.35685664133339806
/multi_agv/path_reference,1789710632.8386056,1789710632.8379714,world,s_curve,1,0.7601278245477306,0.10005072730041582,0.0,0.7441917226029161,-0.09631502717890555,-0.5144683207824723,0.8949761798514425,0.7426103034119632,0.5949886845453424,-0.18154440856975745,0.07688283398959297,-0.18428350695655213,-0.7570321948779576,-0.41293334396772685,-0.35829144980397504
/multi_agv/path_reference,1789710632.8483558,1789710632.8478205,world,s_curve,1,0.7611132350664417,0.10005072730041582,0.0,0.7450492344014682,-0.09680052408152863,-0.5158760500949167,0.8957135623862649,0.743711632402957,0.5957225084151826,-0.18224208465300706,0.07639939168315524,-0.18455887927473402,-0.758439924190402,-0.4143410732801712,-0.35969917911641935
/multi_agv/path_reference,1789710632.8583624,1789710632.8578463,world,s_curve,1,0.7621162753296651,0.10004964010740304,-0.00010844357265049382,0.7459213851327394,-0.09729594581710381,-0.5173089647566644,0.8964631280192477,0.7448319651212234,0.5964690622577471,-0.1829533077230861,0.07590570880558886,-0.18484023853381412,-0.7598728388521497,-0.41577398794191894,-0.3611320937781671
/multi_agv/path_reference,1789710632.8684607,1789710632.86784,world,s_curve,1,0.7631162980957429,0.10004964010740304,0.0,0.7467902045226773,-0.09779112076293939,-0.5187375687082042,0.897209423384121,0.7459482221069059,0.5972129680770047,-0.18366345971509024,0.07541191346455772,-0.1851218160382856,-0.7613014428036895,-0.41720259189345876,-0.3625606977297069
/multi_agv/path_reference,1789710632.8783147,1789710632.877834,world,s_curve,1,0.7641161977007137,0.10004964010740304,0.0,0.7476582087450439,-0.09828747518944843,-0.5201659967153052,0.8979546117360514,0.7470636351691355,0.5979563793299445,-0.18437458948633179,0.07491658504662929,-0.18540442112864275,-0.7627298708107905,-0.41863101990055973,-0.36398912573680786
/multi_agv/path_reference,1789710632.888363,1789710632.8878195,world,s_curve,1,0.7651150815016885,0.10004964010740304,0.0,0.7485246223385492,-0.0987845628680949,-0.5215929735738408,0.8986980280298547,0.7481772074698764,0.5986986315159165,-0.18508605893319552,0.07442016946595259,-0.1856877991370417,-0.764156847669326,-0.4200579967590954,-0.36541610259534346
/multi_agv/path_reference,1789710632.8988466,1789710632.8978267,world,s_curve,1,0.7661162399766305,0.1000483148816511,-0.00013243318279575122,0.749392296318114,-0.09928402255917941,-0.5230231999666148,0.8994421177806982,0.7492926036998508,0.5994421674737929,-0.18580021225247684,0.07392102950738667,-0.185972884932448,-0.7655870740621,-0.42148822315186935,-0.3668463289881174
/multi_agv/path_reference,1789710632.9088066,1789710632.9078481,world,s_curve,1,0.767118899276344,0.1000483148816511,0.0,0.7502605541974169,-0.09978547420321247,-0.5244555703947773,0.9001862985432414,0.7504089553911761,0.600186408657833,-0.18651650199805925,0.07341954297898608,-0.18625946359056422,-0.7670194444902625,-0.42292059358003187,-0.36827869941628005
/multi_agv/path_reference,1789710632.918706,1789710632.9178233,world,s_curve,1,0.7681168527035187,0.1000483148816511,0.0,0.7511240228573285,-0.10028580683696192,-0.5258812181478839,0.9009259669902611,0.7515193531602037,0.6009267484215207,-0.18723048772080747,0.07291882276037776,-0.186545755550456,-0.7684450922433692,-0.4243462413331384,-0.3697043471693866
/multi_agv/path_reference,1789710632.9285905,1789710632.9278362,world,s_curve,1,0.7691186117684949,0.1000483148816511,0.0,0.7519900660778592,-0.10078928492990875,-0.5273123025264215,0.9016674316813007,0.7526332663310163,0.6016695002212605,-0.18794825593125597,0.0724146015548764,-0.18683420041334664,-0.7698761766219067,-0.42577732571167615,-0.3711354315479242
/multi_agv/path_reference,1789710632.9384847,1789710632.937857,world,s_curve,1,0.7701212346981823,0.1000470217919428,-0.0001290313341079779,0.7528561338035014,-0.10129443763845698,-0.5287446209974034,0.9024085065113104,0.753747416437917,0.6024124784612765,-0.18866770481706568,0.07190834991204866,-0.18712395801035386,-0.7713084950928886,-0.4272096441826579,-0.372567750018906
/multi_agv/path_reference,1789710632.9486256,1789710632.947811,world,s_curve,1,0.7711172198081148,0.1000470217919428,0.0,0.7537157504386257,-0.10179747382955875,-0.5301674568687353,0.9031436539881277,0.7548534712268481,0.6031501261009012,-0.18938344097499088,0.07140387025127698,-0.18741285076496228,-0.7727313309642206,-0.4286324800539899,-0.3739905858902381
/multi_agv/path_reference,1789710632.9584439,1789710632.9578052,world,s_curve,1,0.7721171077523674,0.1000470217919428,0.0,0.7545780147596184,-0.1023037108973056,-0.5315958682176678,0.9038806571189304,0.7559631370685652,0.6038902500913593,-0.19010303313003896,0.07089583135436799,-0.18770393091624576,-0.774159742313153,-0.4300608914029223,-0.37541899723917044
/multi_agv/path_reference,1789710632.9685647,1789710632.967811,world,s_curve,1,0.7731182013632796,0.1000470217919428,0.0,0.7554405935099606,-0.10281179174072705,-0.5330260019475423,0.9046175184568764,0.7570734128253619,0.6046308492476434,-0.19082454685827946,0.07038559248052284,-0.18799642084442447,-0.7755898760430276,-0.43149102513279686,-0.37684913096904504
/multi_agv/path_reference,1789710632.9784625,1789710632.977804,world,s_curve,1,0.7741179264588739,0.10004548273453483,-0.00015401808158630871,0.7563012670679766,-0.10332040861074546,-0.5344541806555341,0.9053523419770877,0.7581814414504879,0.6053700177763541,-0.19154612520425657,0.0698744670186777,-0.18828956764665747,-0.7770180547510191,-0.4329192038407885,-0.3782773096770366
/multi_agv/path_reference,1789710632.9886568,1789710632.9878047,world,s_curve,1,0.7751184372116441,0.10004548273453483,0.0,0.7571618888850714,-0.1038306552971811,-0.53588348173092,0.906086710477203,0.75928960888478,0.6061093472932311,-0.19226932056159912,0.06936135608787918,-0.18858400141782328,-0.7784473558264052,-0.43434850491617455,-0.3797066107524226
/multi_agv/path_reference,1789710632.9986537,1789710632.9978077,world,s_curve,1,0.7761191944764837,0.10004548273453483,0.0,0.7580219923065191,-0.10434225771519329,-0.5373131349664052,0.9068202251234652,0.7603973145668858,0.6068484372292063,-0.19299374337986733,0.06884653477485041,-0.18887956454056287,-0.7798770090618904,-0.4357781581516597,-0.3811362639879079
/multi_agv/path_reference,1789710633.0085707,1789710633.007811,world,s_curve,1,0.7771199608454623,0.10004548273453483,0.0,0.7588813712508313,-0.10485509392881812,-0.5387428012078033,0.9075527100069306,0.7615042931693476,0.6075871105762156,-0.19371922073187162,0.0683301256501326,-0.18917618670471528,-0.7813066753032886,-0.4372078243930578,-0.38256593022930585
/multi_agv/path_reference,1789710633.0185876,1789710633.0178676,world,s_curve,1,0.7781260622821677,0.1000441041337649,-0.00013708446678837078,0.759744591677785,-0.10537190184163088,-0.5401800889745254,0.9082880535931935,0.7626164277988667,0.6083292936412945,-0.19444962028000107,0.06780936896238433,-0.18947545420727585,-0.7827439630700106,-0.4386451121597799,-0.38400321799602805
/multi_agv/path_reference,1789710633.0287967,1789710633.0279295,world,s_curve,1,0.7791327024563739,0.1000441041337649,0.0,0.7606075300870117,-0.10589022757501124,-0.5416181463662485,0.9090227395805475,0.7637284077593524,0.6090714429211351,-0.19518146785640647,0.06728673429507784,-0.18977594916370502,-0.7841820204617338,-0.4400831695515031,-0.38544127538775114
/multi_agv/path_reference,1789710633.038576,1789710633.037838,world,s_curve,1,0.7801240056693282,0.1000441041337649,0.0,0.7614565913140615,-0.10640186897952535,-0.543034293813326,0.9097452024665249,0.764822709887457,0.6098018615882025,-0.1959031974751041,0.0667704996182098,-0.19007290908168167,-0.7855981679088113,-0.44149931699858047,-0.3868574228348287
/multi_agv/path_reference,1789710633.048647,1789710633.04786,world,s_curve,1,0.7811264430907638,0.1000441041337649,0.0,0.7623144516573305,-0.1069204788921909,-0.5444663472725199,0.9104747401131088,0.7659285587838716,0.6105400560750109,-0.1966340727601245,0.06624689167651032,-0.19037425559295845,-0.7870302213680052,-0.44293137045777436,-0.3882894762940225
/multi_agv/path_reference,1789710633.0587878,1789710633.05787,world,s_curve,1,0.7821278317372519,0.10004230381716296,-0.00017985806119287252,0.7631706720787257,-0.10743977229524228,-0.5458969024817883,0.9112024687251129,0.7670325009067015,0.6112770466043626,-0.1973652257644501,0.06572225090298506,-0.19067634202426176,-0.7884607765772736,-0.4443619256670429,-0.38972003150329115
/multi_agv/path_reference,1789710633.0690615,1789710633.067835,world,s_curve,1,0.7831250051012686,0.10004230381716296,0.0,0.7640225491425783,-0.10795809653351199,-0.5473214358589552,0.9119260938222754,0.7681310490504333,0.612010504555026,-0.19809433492396633,0.0651982496640997,-0.1909782043406693,-0.7898853099544404,-0.44578645904420966,-0.39114456488045785
/multi_agv/path_reference,1789710633.07888,1789710633.0778663,world,s_curve,1,0.7841284258070318,0.10004230381716296,0.0,0.7648790171952207,-0.10848089229989381,-0.5487548940100455,0.9126532034372936,0.7692357251728643,0.6127481229755039,-0.19882905155337896,0.06466938663605692,-0.19128301198235936,-0.7913187681055308,-0.4472199171953,-0.39257802303154815
/multi_agv/path_reference,1789710633.088794,1789710633.0878646,world,s_curve,1,0.7851285957381747,0.10004230381716296,0.0,0.7657319638434019,-0.10900321570048553,-0.5501837081973924,0.9133769085564437,0.7703360668648236,0.6134829161089383,-0.19956242451263684,0.06414066156743331,-0.191587884156253,-0.7927475822928776,-0.4486487313826468,-0.39400683721889507
/multi_agv/path_reference,1789710633.098634,1789710633.0978014,world,s_curve,1,0.7861229285539044,0.10004057790112043,-0.00017364572059965888,0.7665791918199091,-0.10952369849197124,-0.5516041836484349,0.914095350487921,0.7714292367408135,0.6142129882309926,-0.20029254189009943,0.06361346408228724,-0.1918920176681015,-0.7941680577439202,-0.4500692068336895,-0.3954273126699377
/multi_agv/path_reference,1789710633.1088028,1789710633.107806,world,s_curve,1,0.7871237631068325,0.10004057790112043,0.0,0.7674312123185645,-0.11004879914851924,-0.553033947295475,0.9148174422602011,0.7725287974188411,0.614947397276651,-0.2010284629398908,0.06308125204463857,-0.19219918655030546,-0.7955978213909601,-0.45149897048072946,-0.3968570763169776
/multi_agv/path_reference,1789710633.1187959,1789710633.1178105,world,s_curve,1,0.7881246060631691,0.10004057790112043,0.0,0.7682824883225197,-0.1105751218781903,-0.5544637229473843,0.9155384871526234,0.7736276052598781,0.6156813725550574,-0.20176542184780583,0.06254746395313898,-0.192507407739904,-0.7970275970428696,-0.4529287461326389,-0.398286851968887
/multi_agv/path_reference,1789710633.128348,1789710633.12784,world,s_curve,1,0.7891277824659854,0.10004057790112043,0.0,0.7691349930847415,-0.11110389248220105,-0.5558968320942648,0.916260155089292,0.774728208009556,0.6164166161553765,-0.2025051326550497,0.062010855436065104,-0.19281740022761845,-0.7984607061897498,-0.4543618552795192,-0.3997199611157674
/multi_agv/path_reference,1789710633.1386545,1789710633.1378222,world,s_curve,1,0.7901264122760967,0.10003954079669004,-0.00010389380521585445,0.7699828805138376,-0.11163147966420071,-0.5573234461087097,0.9169774985558843,0.775823057588635,0.6171480853969932,-0.20324251757270156,0.06147511273405261,-0.19312703415395316,-0.799887320204195,-0.4557884692939641,-0.40114657513021235
/multi_agv/path_reference,1789710633.1483698,1789710633.1478546,world,s_curve,1,0.7911301354993882,0.10003954079669004,0.0,0.7708343333331954,-0.11216297588382826,-0.5587573364276972,0.9176974401263986,0.7769227201861066,0.6178828396870808,-0.20398469370182679,0.06093506438679208,-0.19343929833645002,-0.8013212105231825,-0.45722235961295177,-0.40258046544919984
/multi_agv/path_reference,1789710633.1583784,1789710633.1578326,world,s_curve,1,0.7921284413814664,0.10003954079669004,0.0,0.7716804337013753,-0.11269281419044508,-0.5601834876878093,0.9184124395274417,0.7780156782672518,0.6186131833094324,-0.20472388756384013,0.0603963670898722,-0.19375092209736725,-0.8027473617832945,-0.4586485108730639,-0.40400661670931204
/multi_agv/path_reference,1789710633.1684399,1789710633.1678734,world,s_curve,1,0.7931326399926558,0.10003954079669004,0.0,0.7725307653274381,-0.11322699655876398,-0.5616180571323655,0.9191305952465405,0.779114311739861,0.6193473889959128,-0.20546847241258065,0.059852918268565064,-0.19406543553227626,-0.8041819312278509,-0.4600830803176201,-0.4054411861538682
/multi_agv/path_reference,1789710633.1786125,1789710633.177932,world,s_curve,1,0.7941390203520635,0.10003873389760715,-8.020939785004362e-05,0.7733821745657328,-0.11376356301477225,-0.5630557433600909,0.9198492387244355,0.7802145486983757,0.6200827362743871,-0.20621570802358463,0.059306707868795716,-0.19438168888952778,-0.8056196174555762,-0.46152076654534546,-0.40687887238159354
/multi_agv/path_reference,1789710633.1883855,1789710633.1878607,world,s_curve,1,0.7951322720281894,0.10003873389760715,0.0,0.7742217195885943,-0.1142943293293616,-0.5644746743259847,0.9205574531340888,0.7812996615274337,0.6208080441042605,-0.20695420785130902,0.058766072663440985,-0.1946948528002167,-0.80703854842147,-0.4629396975112393,-0.4082978033474874
/multi_agv/path_reference,1789710633.198338,1789710633.1978452,world,s_curve,1,0.7961309968234468,0.10003873389760715,0.0,0.7750651304957694,-0.11482922098997611,-0.5659014240334954,0.9212685126899749,0.7823899790247832,0.6215368997725501,-0.20769778959623308,0.058220906412539866,-0.19501077978623504,-0.8084652981289806,-0.4643664472187499,-0.409724553054998
/multi_agv/path_reference,1789710633.2085826,1789710633.2078125,world,s_curve,1,0.79712833448162,0.10003873389760715,0.0,0.7759066075215331,-0.11536457008215414,-0.5673261921166002,0.9219775251942481,0.783478004830842,0.6222642925395091,-0.20844135027061408,0.057674945470752415,-0.1953273054466007,-0.8098900662120855,-0.46579121530185486,-0.41114932113810293
/multi_agv/path_reference,1789710633.2186506,1789710633.217948,world,s_curve,1,0.7981422655281919,0.10003707213329534,-0.0001639539857182249,0.7767613020071062,-0.11591005456644132,-0.5687746650402741,0.9226972472972823,0.7845833343391007,0.6230033243849356,-0.209198316809141,0.0571183125014971,-0.19565015939167998,-0.8113385391357594,-0.4672396882255286,-0.41259779406177666
/multi_agv/path_reference,1789710633.2284033,1789710633.2278562,world,s_curve,1,0.7991332933872101,0.10003707213329534,0.0,0.7775959261065342,-0.11644441274719362,-0.5701904191245857,0.9233996519485083,0.7856629161349921,0.6237252102361021,-0.20993919083986817,0.05657270684471488,-0.1959667542464275,-0.8127542932200709,-0.4686554423098402,-0.4140135481460883
/multi_agv/path_reference,1789710633.2382548,1789710633.2378314,world,s_curve,1,0.8001313762607033,0.10003707213329534,0.0,0.7784357260538892,-0.11698376912458856,-0.5716162518010046,0.924105995821977,0.7867494012613641,0.6244517810783266,-0.2106863438261009,0.05602167242146405,-0.19628663596912876,-0.8141801258964897,-0.47008127498625907,-0.41543938082250725
/multi_agv/path_reference,1789710633.2484832,1789710633.2478015,world,s_curve,1,0.8011287763811793,0.10003707213329534,0.0,0.7792741824105285,-0.11752395221350313,-0.5730411091159704,0.9248107915535948,0.7878343571642217,0.625177398513769,-0.21143399107590777,0.05546946791624123,-0.1966073334808428,-0.8156049832114558,-0.4715061323012249,-0.41686423813747314
/multi_agv/path_reference,1789710633.2583733,1789710633.2578216,world,s_curve,1,0.8021309548075404,0.10003413994151879,-0.0002926816969866667,0.7801158796717255,-0.1180679256932995,-0.5744727925822006,0.9255178902563247,0.7889237173872068,0.6259060313716449,-0.21218623059705397,0.05491306168617452,-0.196930608169019,-0.8170366666776858,-0.4729378157674552,-0.4182959216037032
/multi_agv/path_reference,1789710633.268724,1789710633.267817,world,s_curve,1,0.8031309681950107,0.10003413994151879,0.0,0.7809549813879048,-0.11861192469578735,-0.5759013831357297,0.9262223871235931,0.7900099290360115,0.6266326280041096,-0.21293785342603044,0.05435630337830161,-0.19725422403963316,-0.818465257231215,-0.47436640632098437,-0.41972451215723244
/multi_agv/path_reference,1789710633.2786822,1789710633.2778697,world,s_curve,1,0.8041365475820615,0.10003413994151879,0.0,0.7817979688472392,-0.1191601599305736,-0.5773379251172307,0.9269297215822445,0.7911013831878461,0.627362801771627,-0.2136946739879552,0.05379488186239349,-0.19758068766615905,-0.8199017992127159,-0.47580294830248526,-0.4211610541387334
/multi_agv/path_reference,1789710633.2888074,1789710633.287941,world,s_curve,1,0.8051440800356605,0.10003413994151879,0.0,0.7826418027508144,-0.11971067406450824,-0.5787772571938006,0.9276373386413564,0.7921941471080923,0.6280939225029943,-0.2144539829143396,0.05323079787695523,-0.19790883715614027,-0.8213411312892858,-0.47724228037905503,-0.42260038621530316
/multi_agv/path_reference,1789710633.2985933,1789710633.2979434,world,s_curve,1,0.8061445667746695,0.10003181853947112,-0.00023210109573261952,0.7834789509324667,-0.12025853943540034,-0.5802065239638134,0.9283389253074235,0.7932784649478115,0.6288194625421648,-0.21520898874495775,0.05266910301965387,-0.19823573258089705,-0.8227703980592987,-0.478671547149068,-0.4240296529853162
/multi_agv/path_reference,1789710633.308811,1789710633.3079283,world,s_curve,1,0.8071434256958954,0.10003181853947112,0.0,0.784313955101371,-0.12080670639105262,-0.5816334652798506,0.9290382933240835,0.7943602166539853,0.6295433553260442,-0.21596376564572856,0.05210677668304564,-0.1985631302104749,-0.8241973393753359,-0.4800984884651051,-0.4254565943013533
/multi_agv/path_reference,1789710633.3185372,1789710633.3179352,world,s_curve,1,0.8081444434037971,0.10003181853947112,0.0,0.7851499782835784,-0.12135725295373115,-0.5830634905768529,0.9297380915721375,0.7954435001347426,0.6302683431438549,-0.2167211743058588,0.051541686915487286,-0.1988922714708219,-0.8256273646723381,-0.48152851376210737,-0.4268866195983555
/multi_agv/path_reference,1789710633.3284392,1789710633.3278708,world,s_curve,1,0.8091381615898364,0.10003181853947112,0.0,0.7859791257279956,-0.12190496654792615,-0.5844830879854805,0.9304317149953321,0.7965180840116697,0.6309875781769849,-0.21747404865067624,0.05097918645140165,-0.19922003744450378,-0.8270469620809658,-0.4829481111707351,-0.42830621700698324
/multi_agv/path_reference,1789710633.3383994,1789710633.3378708,world,s_curve,1,0.8101385318107827,0.10002950987843606,-0.00023084876676287227,0.7868130371887221,-0.12245753517082585,-0.585912188301118,0.9311289011874118,0.7975990534239156,0.6317111569548389,-0.218232956852548,0.05041138006200063,-0.19955102872193012,-0.8284760623966032,-0.4843772114863725,-0.4297353173226207
/multi_agv/path_reference,1789710633.3484719,1789710633.3478863,world,s_curve,1,0.811140264133565,0.10002950987843606,0.0,0.78764729192454,-0.12301204983207537,-0.5873432344765215,0.9318259491474049,0.7986806804309852,0.6324352461952298,-0.21899389603963493,0.0498412531102342,-0.1998835065668253,-0.8299071085720067,-0.485808257661776,-0.43116636349802406
/multi_agv/path_reference,1789710633.358307,1789710633.3578384,world,s_curve,1,0.8121359673776983,0.10002950987843606,0.0,0.7884757384964145,-0.12356440937027278,-0.5887656676824261,0.9325177221406259,0.7997549880357872,0.6331545053128304,-0.21975124291749343,0.04927302445072726,-0.20021500964405212,-0.8313295417779113,-0.48723069086768056,-0.43258879670392886
/multi_agv/path_reference,1789710633.368487,1789710633.3678718,world,s_curve,1,0.8131394897285599,0.10002950987843606,0.0,0.7893098947036433,-0.12412229856786014,-0.5901992710407997,0.9332138366086279,0.800836912893061,0.633878934609241,-0.22051553227337922,0.048698787679336095,-0.20055015110953722,-0.8327631451362849,-0.48866429422605423,-0.43402240006230236
/multi_agv/path_reference,1789710633.3784738,1789710633.377888,world,s_curve,1,0.8141413044075472,0.10002742566321186,-0.00020810104680781525,0.7901418328897972,-0.12468043057053196,-0.5916304348679247,0.9339076729584634,0.8019161744769934,0.6346016512339347,-0.22127951560424575,0.048123981642200706,-0.20088575774955075,-0.8341943089634098,-0.49009545805317906,-0.43545356388942724
/multi_agv/path_reference,1789710633.388317,1789710633.3878558,world,s_curve,1,0.8151384160970621,0.10002742566321186,0.0,0.7909690716729266,-0.12523712397560002,-0.5930548801386601,0.9345971658246854,0.8029895516592912,0.6353204975348031,-0.2220408975091432,0.047550341023737855,-0.2012208154413947,-0.8356187542341456,-0.4915199033239147,-0.4368780091601629
/multi_agv/path_reference,1789710633.398385,1789710633.3978693,world,s_curve,1,0.816139942597036,0.10002742566321186,0.0,0.7917991739304783,-0.12579746797652347,-0.59448563228148,0.9352886189160328,0.8040668575650293,0.6360420453103727,-0.22280663856228577,0.04697262184877754,-0.20155838721606212,-0.8370495063769652,-0.49295065546673456,-0.43830876130298263
/multi_agv/path_reference,1789710633.408505,1789710633.4078321,world,s_curve,1,0.8171365518487919,0.10002742566321186,0.0,0.792624404051897,-0.12635623901911205,-0.5959093597839884,0.9359755890334247,0.8051380526985484,0.6367595704237178,-0.22356960108622617,0.04639620987105031,-0.20189532584216024,-0.8384732338794737,-0.494374382969243,-0.439732488805491
/multi_agv/path_reference,1789710633.41839,1789710633.417853,world,s_curve,1,0.8181389495011953,0.10002526106797797,-0.0002159963192821893,0.7934536237151546,-0.12691944025341098,-0.597341356430279,0.9366654525568283,0.8062146403743762,0.6374807782142591,-0.22433798099295982,0.0458149120156819,-0.20223525178295493,-0.8399052305257642,-0.4958063796155334,-0.44116448545178166
/multi_agv/path_reference,1789710633.4285133,1789710633.4278047,world,s_curve,1,0.8191344813196537,0.10002526106797797,0.0,0.7942763648121967,-0.1274799583354445,-0.5987635447423625,0.9373495013590539,0.8072830292601587,0.6381965638173772,-0.22510207467515678,0.04523607068310989,-0.20257387101428656,-0.8413274188378477,-0.4972285679276171,-0.4425866737638652
/multi_agv/path_reference,1789710633.4385583,1789710633.4378543,world,s_curve,1,0.8201396186639578,0.10002526106797797,0.0,0.7951062344109424,-0.12804707151181216,-0.6001994552342256,0.9380390468880231,0.8083608901230396,0.6389187662217645,-0.2258745273582752,0.044650103050928674,-0.20291679022808987,-0.8427633293297109,-0.49866447841948025,-0.4440225842557283
/multi_agv/path_reference,1789710633.4484172,1789710633.4478383,world,s_curve,1,0.8211382931760937,0.10002526106797797,0.0,0.7959299609429107,-0.12861171760513188,-0.6016261331087052,0.9387230597371691,0.8094309863200343,0.6396358367715286,-0.22664299290405443,0.044066371085258335,-0.20325853099659946,-0.8441900072041904,-0.5000911562939596,-0.44544926213020786
/multi_agv/path_reference,1789710633.4583654,1789710633.4578297,world,s_curve,1,0.8221377411374906,0.1000231242482887,-0.00021384943441955334,0.7967535180696769,-0.12917797701124675,-0.6030539159107009,0.9394065039961699,0.8105010764069993,0.6403529738058613,-0.22741302985011774,0.04348065914623575,-0.20360156032985818,-0.8456177900061862,-0.5015189390959555,-0.4468770449322036
/multi_agv/path_reference,1789710633.4684038,1789710633.4678636,world,s_curve,1,0.8231409282633413,0.1000231242482887,0.0,0.7975793423444985,-0.1297475369311406,-0.6044870403762019,0.9400913987680012,0.8115743277950975,0.6410723004703964,-0.22818692830443363,0.04289121996382063,-0.20394690245280872,-0.8470509144716872,-0.5029520635614565,-0.4483101693977046
/multi_agv/path_reference,1789710633.4783607,1789710633.4778178,world,s_curve,1,0.824136864612892,0.1000231242482887,0.0,0.7983983896814959,-0.13031415011740216,-0.6059098065898456,0.940770245671146,0.8126389854749343,0.6417859378984074,-0.22895620312757792,0.042304520458662426,-0.2042907676832909,-0.8484736806853309,-0.5043748297751002,-0.4497329356113483
/multi_agv/path_reference,1789710633.4883797,1789710633.4878523,world,s_curve,1,0.8251406008656949,0.1000231242482887,0.0,0.7992230349028592,-0.13088637957264246,-0.6073437155224211,0.9414533008550474,0.8137111354251402,0.6425046684283898,-0.229732479380221,0.041711693832758814,-0.20463835317046508,-0.8499075896179064,-0.5058087387076755,-0.45116684454392375
/multi_agv/path_reference,1789710633.498399,1789710633.4978523,world,s_curve,1,0.8261407219994251,0.10002133534014203,-0.0001789073099211289,0.8000438931739491,-0.13145772343453754,-0.6087724599991786,0.942132788186973,0.8147785773690543,0.6432203139658199,-0.23050693299209965,0.04111947402118232,-0.20498571133269522,-0.8513363340946638,-0.5072374831844332,-0.4525955890206813
/multi_agv/path_reference,1789710633.5083246,1789710633.5078268,world,s_curve,1,0.8271385858516594,0.10002133534014203,0.0,0.8008620844325137,-0.13202894594917058,-0.6101979797880848,0.9428096385151878,0.8158427657831631,0.6439338489991902,-0.23128060533049427,0.04052707158215259,-0.20533330409917,-0.8527618538835701,-0.5086630029733393,-0.45402110880958746
/multi_agv/path_reference,1789710633.518319,1789710633.5178368,world,s_curve,1,0.8281397908165794,0.10002133534014203,0.0,0.8016821959208097,-0.13260325279702345,-0.6116282725951134,0.9434876459236934,0.8169096674947254,0.6446492743440102,-0.23205783715329958,0.03993116147869602,-0.20568308271646674,-0.8541921466905986,-0.5100932957803679,-0.45545140161661607
/multi_agv/path_reference,1789710633.5284348,1789710633.5278375,world,s_curve,1,0.8291400454787923,0.10002133534014203,0.0,0.8025007079189658,-0.13317818525013211,-0.6130572078268461,0.9441638990375457,0.8179747043660778,0.6453635203532738,-0.23283529880506446,0.03933429381719439,-0.20603355076252622,-0.8556210819223313,-0.5115222310121006,-0.45688033684834883
/multi_agv/path_reference,1789710633.5383377,1789710633.5378556,world,s_curve,1,0.8301419139558712,0.10001967482339273,-0.00016577459926445746,0.803319716108306,-0.13375521718806627,-0.6144884485083875,0.944840128865508,0.8190406035003861,0.6460784159590236,-0.23361498272469838,0.03873493818204621,-0.20638560702154654,-0.8570523226038727,-0.5129534716936419,-0.4583115775298901
/multi_agv/path_reference,1789710633.5483902,1789710633.5479324,world,s_curve,1,0.8311498209207783,0.10001967482339273,0.0,0.80414282636125,-0.13433690936012427,-0.6159283156011117,0.9455193076765969,0.8201120602696436,0.6467971111375096,-0.23440034189614806,0.03813043122463404,-0.20674081740885875,-0.858492189696597,-0.5143933387863663,-0.4597514446226144
/multi_agv/path_reference,1789710633.5584083,1789710633.5578752,world,s_curve,1,0.8321444065652546,0.10001967482339273,0.0,0.8049542360538436,-0.13491207433264368,-0.6173491522360781,0.9461884009225068,0.8211685016764694,0.6475058055625547,-0.23517627868220847,0.03753240250068067,-0.2070923468164032,-0.8599130263315632,-0.5158141754213326,-0.4611722812575808
/multi_agv/path_reference,1789710633.5683942,1789710633.5678728,world,s_curve,1,0.8331441699282375,0.10001967482339273,0.0,0.8057690453603055,-0.13549139497215748,-0.6187773856117678,0.9468598655463425,0.8222295853191284,0.6482176852154455,-0.23595721233921707,0.03692974823326266,-0.20744672081051796,-0.8613412597072531,-0.5172424087970223,-0.46260051463327045
/multi_agv/path_reference,1789710633.5784092,1789710633.5778208,world,s_curve,1,0.834139224613265,0.10001809122570678,-0.00015917559125342405,0.8065791947761339,-0.13606914195910286,-0.6201988923046642,0.9475270596287074,0.8232848158307265,0.6489257088689678,-0.23673541929913697,0.03632842828241871,-0.20780043486059024,-0.8627627664001495,-0.5186639154899186,-0.4640220213261668
/multi_agv/path_reference,1789710633.588344,1789710633.5878386,world,s_curve,1,0.835141329673561,0.10001809122570678,0.0,0.8073942534574946,-0.13665214601036205,-0.6216304709622301,0.9481978622346332,0.8243466579915688,0.6496382401462817,-0.23752009808303218,0.03572133217150068,-0.2081576721195546,-0.8641943450577154,-0.5200954941474847,-0.4654535999837327
/multi_agv/path_reference,1789710633.5983865,1789710633.5978613,world,s_curve,1,0.8361435385526358,0.10001809122570678,0.0,0.8082085610018745,-0.13723637686041096,-0.6230621979323367,0.9488676101483904,0.8254077398344054,0.6503503330228279,-0.23830581780671306,0.03511265344578668,-0.20851596622030644,-0.8656260720278219,-0.5215272211175912,-0.4668853269538394
/multi_agv/path_reference,1789710633.608503,1789710633.6078684,world,s_curve,1,0.8371446539339191,0.10001809122570678,0.0,0.8090211441629083,-0.1378211335955827,-0.6244923627627417,0.9495355035488524,0.8264667928437595,0.6510611360961129,-0.23909163673621947,0.03450312279945973,-0.20887488684998834,-0.8670562368582269,-0.522957385947996,-0.4683154917842443
/multi_agv/path_reference,1789710633.618596,1789710633.617949,world,s_curve,1,0.8381529177676618,0.10001718434261907,-8.996047455546472e-05,0.8098386833728427,-0.13841123987388387,-0.6259327396680882,0.9502070293537727,0.8275325257498942,0.6517764950148612,-0.23988403153045523,0.03388770946109049,-0.20923739755228682,-0.8684966137635733,-0.5243977628533426,-0.46975586868959085
/multi_agv/path_reference,1789710633.6283336,1789710633.6278563,world,s_curve,1,0.8391436763937664,0.10001718434261907,0.0,0.8106412000889187,-0.13899224711018962,-0.6273481091339519,0.9508657840289985,0.8285788913336622,0.6524789249040954,-0.24066361013258405,0.03328148632822013,-0.2095946175262049,-0.8699119832294372,-0.5258131323192065,-0.47117123815545464
/multi_agv/path_reference,1789710633.6383524,1789710633.6378055,world,s_curve,1,0.8401389065881486,0.10001718434261907,0.0,0.8114465100340782,-0.13957701959797503,-0.6287698665544981,0.9515264002834694,0.8296291145256166,0.6531840152931484,-0.2414476451370307,0.03267103668686172,-0.20995445034375604,-0.8713337406499833,-0.5272348897397526,-0.4725929955760007
/multi_agv/path_reference,1789710633.6484053,1789710633.6478815,world,s_curve,1,0.8411464924053985,0.10001718434261907,0.0,0.8122609697923373,-0.14017021796540527,-0.6302092748648549,0.9521940815519042,0.8306914906456868,0.6538973371794208,-0.24224237006030597,0.032051487696437064,-0.21031977153234682,-0.8727731489603402,-0.5286742980501095,-0.4740324038863576
/multi_agv/path_reference,1789710633.6584122,1789710633.657941,world,s_curve,1,0.8421525927613571,0.10001546366744496,-0.00017105065547411632,0.813073376063821,-0.14076371084551734,-0.6316465610876532,0.952859636439657,0.8317514096799552,0.6546090820718509,-0.24303688137493323,0.03143132700469066,-0.2106855781663094,-0.8742104351831385,-0.5301115842729076,-0.47546969010915585
/multi_agv/path_reference,1789710633.6683748,1789710633.6678846,world,s_curve,1,0.843147090823453,0.10001546366744496,0.0,0.8138755746736825,-0.14135150640198055,-0.6330672726049327,0.9535163933533652,0.8327982288309448,0.6553121018367374,-0.24382316959951023,0.030816821578646167,-0.21104817118507752,-0.8756311467004179,-0.5315322957901872,-0.47689040162643537
/multi_agv/path_reference,1789710633.6784441,1789710633.67792,world,s_curve,1,0.8441506236824438,0.10001546366744496,0.0,0.8146842136753036,-0.1419457967252493,-0.6345008909749196,0.954177983647361,0.8338536719802419,0.6560209853983081,-0.24461754619404302,0.030195226474612175,-0.21141507045631694,-0.8770647650704049,-0.5329659141601741,-0.4783240199964222
/multi_agv/path_reference,1789710633.6885118,1789710633.68794,world,s_curve,1,0.8451529371529015,0.10001546366744496,0.0,0.8154910188596419,-0.14254052146199953,-0.6359327673612878,0.9548376326284035,0.8349069420953195,0.6567284818552028,-0.24541190344542382,0.0295728769847986,-0.21178253792537327,-0.878496641456773,-0.5343977905465422,-0.4797558963827904
/multi_agv/path_reference,1789710633.698616,1789710633.6979356,world,s_curve,1,0.846152805949236,0.10001352323604028,-0.0001940948473354999,0.8162950069545264,-0.14313494604066515,-0.6373611513560515,0.9554945387846213,0.8359567543232665,0.6574337277556913,-0.2462052634860014,0.028950543441765772,-0.21215011807775974,-0.8799250254515368,-0.5358261745413061,-0.4811842803775541
/multi_agv/path_reference,1789710633.708788,1789710633.7079434,world,s_curve,1,0.8471535505639936,0.10001352323604028,0.0,0.8170988482816613,-0.14373104060589384,-0.6387907865199909,0.9561508849598489,0.8370065949406709,0.6581390649444641,-0.24700025719848723,0.028326163901678886,-0.2125190285208731,-0.8813546606154761,-0.5372558097052454,-0.4826139155414935
/multi_agv/path_reference,1789710633.7188683,1789710633.7180197,world,s_curve,1,0.8481615194555749,0.10001352323604028,0.0,0.8179076301791576,-0.1443325993724186,-0.6402307420793929,0.9568108196659579,0.83806311084164,0.6588489600298747,-0.24780193758618144,0.027695760496715488,-0.21289162102778977,-0.8827946161748782,-0.5386957652646475,-0.4840538711008956
/multi_agv/path_reference,1789710633.728599,1789710633.72797,world,s_curve,1,0.8491564712870666,0.10001352323604028,0.0,0.8187051170206578,-0.14492753106132195,-0.6416521018386665,0.9574610990928187,0.8391050914292935,0.6595491605398613,-0.24859419609492936,0.02707200685703126,-0.21326040394606766,-0.8842159759341517,-0.540117125023921,-0.4854752308601691
/multi_agv/path_reference,1789710633.7387173,1789710633.7379317,world,s_curve,1,0.850152787474754,0.10001196426885539,-0.00015649185702089664,0.8195028492919361,-0.14552441379530923,-0.6430754106782199,0.9581111411867362,0.8401476114174213,0.6602497952716504,-0.24938846637369583,0.026445914449949787,-0.21363068946218158,-0.8856392847737052,-0.5415404338634744,-0.4868985396997225
/multi_agv/path_reference,1789710633.748446,1789710633.7479334,world,s_curve,1,0.8511531023407968,0.10001196426885539,0.0,0.8203029277375021,-0.14612483376364646,-0.6445044319154241,0.9587626542198119,0.8411934179512297,0.6609527110414646,-0.2501868544169278,0.025815817097719518,-0.21400346397173103,-0.8870683060109094,-0.5429694551006786,-0.48832756093692664
/multi_agv/path_reference,1789710633.7583313,1789710633.757856,world,s_curve,1,0.8521454980594848,0.10001196426885539,0.0,0.8210958236331312,-0.1467216295351171,-0.6459221400849782,0.959407881443207,0.8422300544367499,0.6616495350194366,-0.25097984103110543,0.025189231926104658,-0.21437427950035048,-0.8884860141804635,-0.5443871632702327,-0.4897452691064809
/multi_agv/path_reference,1789710633.7684088,1789710633.7678525,world,s_curve,1,0.853145240957104,0.10001196426885539,0.0,0.8218937333572658,-0.14732397973249822,-0.6473503442244342,0.9600567481465656,0.8432734663269219,0.6623509855983096,-0.2517796226836174,0.024556522414040202,-0.21474883892791735,-0.8899142183199195,-0.5458153674096887,-0.4911734732459369
/multi_agv/path_reference,1789710633.778375,1789710633.7778325,world,s_curve,1,0.8541435101664928,0.10001066052439649,-0.0001306144106858474,0.8226896077348385,-0.1479265784525329,-0.6487764430949896,0.9607035180051516,0.8443144374707934,0.6630508677285702,-0.25257914923747793,0.023923259309656927,-0.21512384542977764,-0.8913403171904748,-0.5472414662802442,-0.4925995721164922
/multi_agv/path_reference,1789710633.7883558,1789710633.7878468,world,s_curve,1,0.8551449183104728,0.10001066052439649,0.0,0.8234871203727533,-0.14853221174825615,-0.6502070261578181,0.9613511752714916,0.8453577733637667,0.6637524124830014,-0.25338211573904507,0.023286514058178248,-0.21550103356390157,-0.8927709002533033,-0.5486720493430727,-0.49403015517932086
/multi_agv/path_reference,1789710633.7983844,1789710633.7978334,world,s_curve,1,0.8561438188871615,0.10001066052439649,0.0,0.8242817720619915,-0.14913746449074225,-0.6516340269816594,0.9619960657437101,0.8463975881651244,0.6644516622771397,-0.2541839937801259,0.022649876946548783,-0.21587827663864956,-0.8941979010771447,-0.5500990501669138,-0.49545715600316204
/multi_agv/path_reference,1789710633.8084393,1789710633.8078997,world,s_curve,1,0.857150549798516,0.10001066052439649,0.0,0.8250817782327807,-0.14974860856251193,-0.65307221399788,0.9626448529892058,0.8474446337027771,0.6651558480063592,-0.25499308805458887,0.02200674854528853,-0.2162594861782354,-0.8956360880933651,-0.5515372371831344,-0.4968953430193826
/multi_agv/path_reference,1789710633.818292,1789710633.8178375,world,s_curve,1,0.858144428572521,0.10000980839597005,-8.574607173950509e-05,0.8258707084555641,-0.15035307853832772,-0.6544920408178874,0.9632842156703125,0.8484774041653999,0.6658505055309797,-0.25579276762617664,0.02137035407668525,-0.21663682206549167,-0.8970559149133724,-0.5529570640031419,-0.49831516983939006
/multi_agv/path_reference,1789710633.828361,1789710633.8278415,world,s_curve,1,0.8591449306961066,0.10000980839597005,0.0,0.8266640285314116,-0.15096270759176109,-0.6559213295658666,0.9639266916775784,0.849516143436456,0.6665492504802004,-0.25659869249284467,0.020728238134467142,-0.2170176684169057,-0.8984852036613519,-0.5543863527511211,-0.4997444585873692
/multi_agv/path_reference,1789710633.8385715,1789710633.8378375,world,s_curve,1,0.8601446299409504,0.10000980839597005,0.0,0.8274558408977728,-0.1515729793208993,-0.6573494713442147,0.9645675009522074,0.8505531314275656,0.6672468903135451,-0.2574048869722174,0.020085155266956298,-0.21739920625743675,-0.8999133454397,-0.5558144945294693,-0.5011726003657173
/multi_agv/path_reference,1789710633.8485858,1789710633.847921,world,s_curve,1,0.8611530500410863,0.10000980839597005,0.0,0.8282536767725287,-0.15218971981409404,-0.6587900714872661,0.9652127331425342,0.8515982339827981,0.6679500631922537,-0.2582190406561972,0.019434962701727274,-0.21778508148781212,-0.9013539455827514,-0.5572550946725207,-0.5026132005087688
/multi_agv/path_reference,1789710633.858503,1789710633.857875,world,s_curve,1,0.8621485804934879,0.10000970957601914,-9.92732524419514e-06,0.8290404424163649,-0.15279970385715658,-0.6602122578478399,0.9658485668756485,0.8526290582184547,0.6686437021549912,-0.2590236987073464,0.018791604793781225,-0.21816701765790453,-0.9027761319433251,-0.5586772810330944,-0.5040353868693425
/multi_agv/path_reference,1789710633.8685381,1789710633.8678432,world,s_curve,1,0.8631454505759492,0.10000970957601914,0.0,0.829827396712199,-0.15341162928249275,-0.6616363579656416,0.9664841088914378,0.8536603517149817,0.6693377295301774,-0.2598303448186271,0.018145912830453553,-0.21855045585930463,-0.9042002320611268,-0.560101381150896,-0.5054594869871442
/multi_agv/path_reference,1789710633.8784726,1789710633.8778887,world,s_curve,1,0.8641501179154175,0.10000970957601914,0.0,0.8306196238185929,-0.15402947432626954,-0.6630715970220249,0.9671234590030829,0.8546987802748186,0.6700366321778771,-0.2606442152391732,0.01749368511395477,-0.2189378928535901,-0.9056354711175102,-0.5615366202072795,-0.5068947260435276
/multi_agv/path_reference,1789710633.8885832,1789710633.887851,world,s_curve,1,0.8651462905301642,0.10000970957601914,0.0,0.8314042761289739,-0.15464321731744807,-0.6644947007573774,0.9677562493032249,0.8557275033688656,0.6707290757148312,-0.2614521093231623,0.016845501310444766,-0.21932304393962657,-0.9070585748528626,-0.5629597239426319,-0.5083178297788801
/multi_agv/path_reference,1789710633.898308,1789710633.897816,world,s_curve,1,0.8661429202877321,0.10000980977709922,1.0054978674645204e-05,0.8321884137064672,-0.155258358733734,-0.665918457553903,0.9683881788477837,0.8567557744399436,0.6714212878316744,-0.2622612744671393,0.01619555573482298,-0.21970935746888562,-0.9084823316493884,-0.5643834807391577,-0.5097415865754057
/multi_agv/path_reference,1789710633.9084775,1789710633.9078796,world,s_curve,1,0.8671492683985553,0.10000980977709922,0.0,0.8329793080542165,-0.15588063075860606,-0.6673560977122219,0.9690251008103663,0.8577931323475066,0.6721196910047765,-0.2630792420991955,0.015537787516507334,-0.22010043769312998,-0.9099199718077072,-0.5658211208974764,-0.5111792267337247
/multi_agv/path_reference,1789710633.9186327,1789710633.9178581,world,s_curve,1,0.868147273090988,0.10000980977709922,0.0,0.8337627609890511,-0.1564988659022114,-0.6687818187014116,0.9696555802179975,0.8588209548171316,0.6728117479320243,-0.26389133156907696,0.014884000575375422,-0.22048926671293262,-0.9113456927968968,-0.5672468418866662,-0.5126049477229142
/multi_agv/path_reference,1789710633.9288824,1789710633.9278681,world,s_curve,1,0.8691483070805589,0.10000980977709922,0.0,0.834547705723744,-0.1571200990609002,-0.6702118672579411,0.970286809611501,0.8598509596666237,0.6735053478931072,-0.2647067881806454,0.014226757752705085,-0.22088026675476014,-0.9127757413534264,-0.5686768904431956,-0.5140349962794438
/multi_agv/path_reference,1789710633.9388778,1789710633.937834,world,s_curve,1,0.8701452378566696,0.10001023005261415,4.216125325946539e-05,0.8353285492675523,-0.15773990077190467,-0.6716360540809567,0.9709142920017914,0.8608758074021833,0.6741955483986822,-0.26551979855996505,0.013570745720957941,-0.22127064947670683,-0.914199928176442,-0.5701010772662113,-0.5154591831024593
/multi_agv/path_reference,1789710633.9486337,1789710633.947934,world,s_curve,1,0.8711553423803238,0.10001023005261415,0.0,0.8361188100090073,-0.15836902629884173,-0.6730790605433197,0.9715488845453217,0.8619132438296989,0.6748943016520014,-0.2663444629086944,0.01290457699095296,-0.22166719297878365,-0.915642934638805,-0.5715440837285741,-0.5169021895648224
/multi_agv/path_reference,1789710633.9583623,1789710633.957849,world,s_curve,1,0.8721467852950808,0.10001023005261415,0.0,0.8368935871072172,-0.15898763710826005,-0.6744954075644012,0.9721705951676949,0.8629305778322987,0.6755795883216578,-0.26715478133517134,0.012249260533521655,-0.2220573905231304,-0.9170592816598864,-0.5729604307496557,-0.518318536585904
/multi_agv/path_reference,1789710633.9684439,1789710633.9678302,world,s_curve,1,0.8731449868011746,0.10001023005261415,0.0,0.8376727598819149,-0.1596115728914804,-0.6759214097159636,0.9727953838726067,0.86395390823583,0.6762689875373081,-0.2679715123796055,0.011588021854533892,-0.22245122814936952,-0.9184852838114489,-0.5743864329012182,-0.5197445387374664
/multi_agv/path_reference,1789710633.978437,1789710633.977872,world,s_curve,1,0.8741492911154422,0.10001075629013322,5.2403849631856663e-05,0.8384557976420343,-0.16024044397948325,-0.6773561301649174,0.9734228163953119,0.8649825424222652,0.6769620341085254,-0.26879413506759126,0.010921268477960017,-0.22284846534881844,-0.9199200042604025,-0.5758211533501718,-0.52117925918642
/multi_agv/path_reference,1789710633.9883785,1789710633.9878547,world,s_curve,1,0.8751476873942926,0.10001075629013322,0.0,0.8392333339184023,-0.16086672849633082,-0.6787824105632752,0.9740453874423604,0.8660041762299387,0.6776504380829077,-0.2696128099183915,0.010256975302794721,-0.22324435087339561,-0.9213462846587603,-0.5772474337485297,-0.5226055395847777
/multi_agv/path_reference,1789710633.9984152,1789710633.997851,world,s_curve,1,0.8761474677219994,0.10001075629013322,0.0,0.8400110521628689,-0.16149499186661173,-0.6802106681742849,0.9746676508183088,0.8670262758185039,0.6783392298517938,-0.270433508648087,0.00959030174694242,-0.2236417686986905,-0.9227745422697702,-0.5786756913595394,-0.5240337971957876
/multi_agv/path_reference,1789710634.0085394,1789710634.007858,world,s_curve,1,0.8771482523577208,0.10001075629013322,0.0,0.8407886521785797,-0.16212499815905426,-0.6816403605110297,0.9752893647040807,0.8680484474742696,0.6790281443573887,-0.27125592104589014,0.008921497158555461,-0.22404057058982801,-0.9242042346065149,-0.5801053836962842,-0.5254634895325323
/multi_agv/path_reference,1789710634.0186691,1789710634.017858,world,s_curve,1,0.8781483052396062,0.10001077878030036,2.249140192324932e-06,0.8415647831082008,-0.16275565366962244,-0.6830690074851518,0.9759094488638548,0.8690689155596795,0.6797159849010682,-0.27207861915721615,0.008251722481500148,-0.22444006433315128,-0.9256328815806371,-0.5815340306704063,-0.5268921365066545
/multi_agv/path_reference,1789710634.0286977,1789710634.0278103,world,s_curve,1,0.87914380543082,0.10001077878030036,0.0,0.8423364851195045,-0.16338453876717315,-0.6844911506154573,0.9765255421677914,0.870083786640804,0.680400126549918,-0.27289845098151966,0.007583549653695884,-0.22483871497369562,-0.9270550247109426,-0.5829561738007117,-0.52831427963696
/multi_agv/path_reference,1789710634.0385811,1789710634.037878,world,s_curve,1,0.8801505704361126,0.10001077878030036,0.0,0.8431160091012571,-0.16402165567912289,-0.6859293863373037,0.9771474205967754,0.8711091742519003,0.6810914324550955,-0.27372845005631286,0.006906348769676621,-0.22524286575073232,-0.928493260432789,-0.5843944095225582,-0.5297525153588064
/multi_agv/path_reference,1789710634.048837,1789710634.0478842,world,s_curve,1,0.8811514375057481,0.10001077878030036,0.0,0.8438900573132383,-0.16465615081893906,-0.6873591964367831,0.9777644719756223,0.872127588353649,0.6817781116104435,-0.27455447245673315,0.0062316540143545485,-0.2256456340144385,-0.9299230705322683,-0.5858242196220375,-0.5311823254582858
/multi_agv/path_reference,1789710634.0585675,1789710634.0578403,world,s_curve,1,0.8821471287650856,0.10001087396405434,9.560604588053473e-06,0.844659201688114,-0.1652884623275105,-0.6887816125215508,0.9783771598309702,0.8731397776428083,0.6824606675905636,-0.2753770978450123,0.005559004125138142,-0.22604729326265727,-0.9313454866170361,-0.5872466357068054,-0.5326047415430535
/multi_agv/path_reference,1789710634.0684006,1789710634.0678787,world,s_curve,1,0.883150944907824,0.10001087396405434,0.0,0.8454337110978718,-0.1659270403152405,-0.6902156355826057,0.9789936621624824,0.8741592568913732,0.6831482142397598,-0.2762073172083406,0.0048794086814688,-0.22645321241884964,-0.9327795096780909,-0.5886806587678604,-0.5340387646041084
/multi_agv/path_reference,1789710634.0785666,1789710634.0778754,world,s_curve,1,0.8841506993089381,0.10001087396405434,0.0,0.8462041756237803,-0.16656413772026188,-0.691643856155626,0.9796064859629742,0.8751736413214278,0.6838323995869388,-0.2770350551427464,0.004201110668257818,-0.226858468686297,-0.9342077302511111,-0.5901088793408805,-0.5354669851771287
/multi_agv/path_reference,1789710634.088538,1789710634.0878825,world,s_curve,1,0.8851515638307532,0.10001087396405434,0.0,0.846974583455583,-0.16720304412154627,-0.6930736626153617,0.9802188054570007,0.876188180713475,0.684516764196273,-0.2778645880437097,0.003520609000256636,-0.2272651533211857,-0.9356375367108469,-0.5915386858006162,-0.5368967916368644
/multi_agv/path_reference,1789710634.0985084,1789710634.0978782,world,s_curve,1,0.886151273313973,0.10001138292409434,5.091658957737768e-05,0.847743189481851,-0.1678423121826199,-0.6945018190199614,0.980829233659817,0.8772005769430118,0.685199757842724,-0.27869403677479965,0.002839445260766682,-0.22767234503382672,-0.9370656931154467,-0.592966842205216,-0.5383249480414642
/multi_agv/path_reference,1789710634.1084962,1789710634.1078672,world,s_curve,1,0.8871503588261748,0.10001138292409434,0.0,0.84851040287446,-0.16848227725822734,-0.6959290840373924,0.9814380967637122,0.8782113683508226,0.6858817435088451,-0.27952383793388275,0.002157262854174266,-0.22808025669497345,-0.9384929581328777,-0.5943941072226467,-0.539752213058895
/multi_agv/path_reference,1789710634.119039,1789710634.1179273,world,s_curve,1,0.888156443534999,0.10001138292409434,0.0,0.8492820673052719,-0.1691278314929276,-0.6973663479071414,0.9820500279301032,0.8792282560659064,0.6865679179198061,-0.2803603295837429,0.0014688442622361048,-0.22849200915727585,-0.9399302220026265,-0.5958313710923957,-0.5411894769286439
/multi_agv/path_reference,1789710634.1285186,1789710634.1278663,world,s_curve,1,0.8891505287780886,0.10001138292409434,0.0,0.8500436159955757,-0.1697667750690348,-0.6987864696829837,0.9826534791011874,0.8802320425319832,0.6872453263535563,-0.2811877076046715,0.0007872014406201527,-0.228899819043053,-0.9413503437784689,-0.5972514928682383,-0.5426095987044863
/multi_agv/path_reference,1789710634.1385396,1789710634.1378133,world,s_curve,1,0.8901452828512201,0.10001175032779781,3.6938463941882e-05,0.8508047680303147,-0.17040723043519115,-0.7002075469303144,0.983256159536946,0.8812355343784426,0.6879226101755553,-0.2820164992615618,0.00010367378933535953,-0.22930886583334692,-0.9427714210257996,-0.5986725701155688,-0.5440306759518171
/multi_agv/path_reference,1789710634.1485012,1789710634.1478379,world,s_curve,1,0.8911479066489613,0.10001175032779781,0.0,0.85157101999549,-0.1710538464188188,-0.7016398666413732,0.9838624155364799,0.8822459811742245,0.6886046632757654,-0.282852713433728,-0.000586703670771474,-0.22972212215195686,-0.9442037407368584,-0.6001048898266277,-0.5454629956628759
/multi_agv/path_reference,1789710634.1584084,1789710634.1578052,world,s_curve,1,0.8921447800710939,0.10001175032779781,0.0,0.852331958250712,-0.17169784131014285,-0.7030639715301341,0.9844640063840483,0.8832496513331984,0.6892822170348889,-0.2836849917162929,-0.0012745557695302556,-0.23013397644460531,-0.9456278456256193,-0.6015289947153886,-0.5468871005516368
/multi_agv/path_reference,1789710634.1686418,1789710634.1678138,world,s_curve,1,0.8931456936679044,0.10001175032779781,0.0,0.8530950570077618,-0.17234553579140263,-0.7044938480970062,0.9850668423184383,0.8842564026633221,0.689961926041525,-0.2845215041710546,-0.001966632939744667,-0.23054847026340855,-0.9470577221924915,-0.6029588712822608,-0.5483169771185088
/multi_agv/path_reference,1789710634.1785328,1789710634.177826,world,s_curve,1,0.8941469211628335,0.10001245575669981,7.046518119826165e-05,0.8538574677452399,-0.17299452438111138,-0.7059241730897621,0.9856686700235963,0.8852624786452974,0.6906412545668259,-0.2853591404928313,-0.0026603666488254213,-0.23096406600167735,-0.9484880471852474,-0.6043891962750165,-0.5497473021112647
/multi_agv/path_reference,1789710634.1885254,1789710634.1878147,world,s_curve,1,0.8951460522966774,0.10001245575669981,0.0,0.8546173560177595,-0.17364324054627264,-0.7073515032809679,0.9862680426739947,0.8862654579309296,0.6913185674483541,-0.28619588024406806,-0.0033540816274101465,-0.23137975976733965,-0.9499153773764532,-0.6058165264662223,-0.5511746323024704
/multi_agv/path_reference,1789710634.1985464,1789710634.1978102,world,s_curve,1,0.8961457199973465,0.10001245575669981,0.0,0.8553767249253642,-0.17429338991418014,-0.7087795999962092,0.9868665413330442,0.8872679838718479,0.6919956495712004,-0.28703392468794553,-0.004049601179294635,-0.2317966438753002,-0.9513434740916944,-0.6072446231814637,-0.5526027290177119
/multi_agv/path_reference,1789710634.2085195,1789710634.2078125,world,s_curve,1,0.897146107987722,0.10001245575669981,0.0,0.8561357107287066,-0.17494509268983244,-0.7102087256967455,0.9874642725180993,0.8882702367988565,0.6926726228691641,-0.2878734277449888,-0.0047470544101658185,-0.2322147959143426,-0.9527725997922308,-0.6086737488820002,-0.5540318547182482
/multi_agv/path_reference,1789710634.218476,1789710634.2178104,world,s_curve,1,0.8981460270745485,0.10001287138049031,4.1571092350465646e-05,0.8568934092923881,-0.1755975732591279,-0.7116371815350693,0.9880605240100901,0.8892710228762881,0.6933486809907861,-0.28871339008698443,-0.005445611358561905,-0.23263371833183727,-0.9542010556305545,-0.6101022047203237,-0.555460310556572
/multi_agv/path_reference,1789710634.2284687,1789710634.2278097,world,s_curve,1,0.8991460909800127,0.10001287138049031,0.0,0.8576502845795942,-0.17625123023419279,-0.7130658442571609,0.9886556611404107,0.8902709548032598,0.6940242377951121,-0.28955432512642715,-0.006145698654062018,-0.23305366692208912,-0.9556297183526463,-0.6115308674424155,-0.5568889732786635
/multi_agv/path_reference,1789710634.2384655,1789710634.237807,world,s_curve,1,0.900145978362759,0.10001287138049031,0.0,0.8584060918888202,-0.176905852198419,-0.7144942548039415,0.9892494915201205,0.8912697092863371,0.694699074860003,-0.29039596089923847,-0.006847089849783661,-0.2334745058462348,-0.9570581288994268,-0.612959277989196,-0.5583173838254442
/multi_agv/path_reference,1789710634.2489855,1789710634.2478359,world,s_curve,1,0.9011489616439389,0.10001287138049031,0.0,0.8591632991961229,-0.17756358495613608,-0.7159270880627697,0.9898439521693134,0.8922705486262326,0.6953753967928225,-0.29124105386928756,-0.007552085241638806,-0.2338976157574818,-0.9584909621582549,-0.6143921112480242,-0.5597502170842724
/multi_agv/path_reference,1789710634.2585928,1789710634.257842,world,s_curve,1,0.9021494849247146,0.1000132828919316,4.11350849925996e-05,0.8599177095668776,-0.17822078481471737,-0.7173564070353065,0.990435747745149,0.8932679257580719,0.696049455197412,-0.2920849218820807,-0.008256779566545455,-0.2343206529955259,-0.9599202811307916,-0.615821430220561,-0.5611795360568091
/multi_agv/path_reference,1789710634.2684972,1789710634.2678158,world,s_curve,1,0.9031471901312182,0.1000132828919316,0.0,0.8606690588900554,-0.1788772067078606,-0.7187817001874548,0.9910246747773352,0.8942614896572031,0.6967210122356279,-0.2929272545230542,-0.00896090791591303,-0.23474345768461446,-0.9613455742829401,-0.6172467233727094,-0.5626048292089576
/multi_agv/path_reference,1789710634.278724,1789710634.2778437,world,s_curve,1,0.9041501463351136,0.1000132828919316,0.0,0.861423418907011,-0.179538162028843,-0.720214494764448,0.9916154907566677,0.8952592702613626,0.6973954957030026,-0.29377486553298754,-0.009670168683639138,-0.2351694518699023,-0.9627783688599333,-0.6186795179497026,-0.5640376237859506
/multi_agv/path_reference,1789710634.2886965,1789710634.287874,world,s_curve,1,0.9051531023389824,0.1000132828919316,0.0,0.8621768309970056,-0.18020019737011514,-0.7216472890556891,0.9922050915704381,0.8962560334284174,0.6980693679921611,-0.294623322009532,-0.01038085818391156,-0.23559641191690184,-0.9642111631511744,-0.6201123122409437,-0.5654704180771918
/multi_agv/path_reference,1789710634.298682,1789710634.297872,world,s_curve,1,0.9061530200052289,0.10001364961118774,3.66799511861718e-05,0.8629270156522897,-0.18086130110568627,-0.7230757428646126,0.9927916954730591,0.8972487623141302,0.6987405891696797,-0.2954700483069756,-0.011090815725922909,-0.23602303928416024,-0.9656396169600979,-0.6215407660498671,-0.5668988718861152
/multi_agv/path_reference,1789710634.308518,1789710634.3078115,world,s_curve,1,0.9071472422941846,0.10001364961118774,0.0,0.8636719902420988,-0.18151970117484353,-0.7244960604202639,0.9933737583138023,0.8982348302050268,0.6994073822074675,-0.2963127817985207,-0.011798134797152346,-0.23644818692885744,-0.9670599345157491,-0.6229610836055184,-0.5683191894417665
/multi_agv/path_reference,1789710634.3186393,1789710634.317865,world,s_curve,1,0.9081527448226391,0.10001364961118774,0.0,0.8644244654169069,-0.1821866466516161,-0.72593249260377,0.9939612072606308,0.8992310631587823,0.7000811258313073,-0.2971659165767309,-0.012514902528927035,-0.23687912084919027,-0.9684963666992553,-0.6243975157890245,-0.5697556216252726
/multi_agv/path_reference,1789710634.3284152,1789710634.327855,world,s_curve,1,0.9091518041717447,0.10001364961118774,0.0,0.8651711691115859,-0.18285038832043798,-0.7273597202453495,0.9945436774870037,0.9002198915243119,0.7007499383234418,-0.2980144194962024,-0.013228493928128846,-0.23730825153698265,-0.9699235943408347,-0.625824743430604,-0.571182849266852
/multi_agv/path_reference,1789710634.338558,1789710634.337852,world,s_curve,1,0.9101516165021328,0.1000138975777665,2.4804759111349997e-05,0.8659174864576825,-0.1835156964760513,-0.7287880235744755,0.9951253737567078,0.9012084445539135,0.7014186410624261,-0.2988643933032039,-0.013944035292202298,-0.23773866083274764,-0.9713518976699607,-0.6272530467597299,-0.5726111525959781
/multi_agv/path_reference,1789710634.3485823,1789710634.347928,world,s_curve,1,0.9111595409597535,0.1000138975777665,0.0,0.8666688966823252,-0.1841874808226273,-0.7302279156567908,0.9957105604208396,0.9022039830023341,0.7020921466238017,-0.29972210342380323,-0.01466681057787654,-0.238173528466202,-0.9727917897522761,-0.6286929388420452,-0.5740510446782935
/multi_agv/path_reference,1789710634.3583214,1789710634.357821,world,s_curve,1,0.9121488494305624,0.1000138975777665,0.0,0.8674054868923788,-0.1848479094313638,-0.7316412134722319,0.9962837369809415,0.9031801208364839,0.702752602859711,-0.3005647908882622,-0.015377630130935169,-0.23860130727489393,-0.9742050875677172,-0.6301062366574863,-0.5754643424937345
/multi_agv/path_reference,1789710634.3683949,1789710634.3678749,world,s_curve,1,0.9131543062452881,0.1000138975777665,0.0,0.8681531435195733,-0.1855201837781047,-0.7330775803504115,0.9968650488219728,0.9041711619717906,0.7034232197649565,-0.30142206225048385,-0.01610146478054017,-0.23903702430329002,-0.9756414544458967,-0.6315426035356659,-0.5769007093719142
/multi_agv/path_reference,1789710634.3784392,1789710634.3778744,world,s_curve,1,0.9141546141761167,0.10001416072792148,2.6310640037775316e-05,0.8688960123732762,-0.18619008052361938,-0.7345065916801665,0.9974421612150131,0.9051560952363035,0.7040897806685119,-0.30227577136429973,-0.016823004647679426,-0.23947146555887888,-0.9770704657756518,-0.6329716148654211,-0.5783297207016693
/multi_agv/path_reference,1789710634.3883312,1789710634.3878665,world,s_curve,1,0.9151538508552696,0.10001416072792148,0.0,0.8696371291429487,-0.18686031906503026,-0.735934072650385,0.9980174369570288,0.9061389432580479,0.7047550072137693,-0.30312938875066087,-0.017545176309555613,-0.23990639213487425,-0.9784979467458703,-0.6343990958356396,-0.5797572016718877
/multi_agv/path_reference,1789710634.3983614,1789710634.397877,world,s_curve,1,0.9161550335099478,0.10001416072792148,0.0,0.8703787289399572,-0.18753292316517925,-0.7373643335856397,0.9985926103920532,0.9071226704720277,0.7054209059557905,-0.30398549120465124,-0.018270160690121606,-0.24034311760076482,-0.979928207681125,-0.6358293567708942,-0.5811874626071424
/multi_agv/path_reference,1789710634.408452,1789710634.407838,world,s_curve,1,0.9171513851806203,0.10001416072792148,0.0,0.8711157944223743,-0.18820333420024837,-0.738787693115172,0.9991637921803957,0.9081006204183283,0.7060829706683988,-0.3048382786644257,-0.018993043005980245,-0.2407786809303391,-0.9813515672106572,-0.6372527163004265,-0.5826108221366746
/multi_agv/path_reference,1789710634.4189167,1789710634.4178014,world,s_curve,1,0.9181478832740975,0.10001423120194826,7.07317520659561e-06,0.8718520130427632,-0.18887489240518854,-0.7402112618201393,0.9997338432523446,0.9090776839567062,0.7067445119192387,-0.30569200374701117,-0.01971742309033142,-0.24121525037822295,-0.9827751359156246,-0.6386762850053939,-0.5840343908416421
/multi_agv/path_reference,1789710634.4288387,1789710634.4278636,world,s_curve,1,0.9191540575444149,0.10001423120194826,0.0,0.8725944099022496,-0.18955403406057422,-0.7416486536348783,1.0003081961019902,0.9100631878383767,0.7074118457663816,-0.30655484095747954,-0.020450247349651632,-0.24165701387459143,-0.9842125277303636,-0.6401136768201329,-0.585471782656381
/multi_agv/path_reference,1789710634.43853,1789710634.4378068,world,s_curve,1,0.9201487057746718,0.10001423120194826,0.0,0.8733273419408871,-0.19022644432183694,-0.7430695796781026,1.0008747497739598,0.9110363659454006,0.7080709101033007,-0.30740860488846833,-0.021176068668225842,-0.24209465940881658,-0.9856334537735878,-0.6415346028633572,-0.5868927086996053
/multi_agv/path_reference,1789710634.4489834,1789710634.447845,world,s_curve,1,0.9211526210235491,0.10001423120194826,0.0,0.8740661331932457,-0.19090617451592995,-0.7445037443193558,1.0014453514011281,0.9120175644055147,0.708735483773094,-0.30827113849048526,-0.021910053646424746,-0.2425373314108798,-0.987067618414841,-0.6429687675046104,-0.5883268733408586
/multi_agv/path_reference,1789710634.4586775,1789710634.4578583,world,s_curve,1,0.9221539102276085,0.10001466365418249,4.319587645382205e-05,0.8748020200926911,-0.1915851814141494,-0.7459341574680121,1.002013227656036,0.91299514667003,0.7093976859520074,-0.309132230166024,-0.022643519642260287,-0.24297979443416384,-0.9884980315634974,-0.6443991806532666,-0.5897572864895148
/multi_agv/path_reference,1789710634.468471,1789710634.4678726,world,s_curve,1,0.9231554925746471,0.10001466365418249,0.0,0.8755371500040002,-0.19226543948120814,-0.747364989392353,1.0025800373363096,0.9139719645258677,0.7100594481498235,-0.3099943857020512,-0.023378598570882467,-0.24342333417069068,-0.9899288634878383,-0.6458300125776075,-0.5911881184138555
/multi_agv/path_reference,1789710634.4784195,1789710634.477867,world,s_curve,1,0.9241551676420499,0.10001466365418249,0.0,0.8762699086837752,-0.19294545035274138,-0.7487930966315,1.0031445369615337,0.9149458724500509,0.7107193166397409,-0.31085570732549406,-0.024113670682118532,-0.24386697305061147,-0.9913569707269851,-0.6472581198167545,-0.5926162256530026
/multi_agv/path_reference,1789710634.4883852,1789710634.4878552,world,s_curve,1,0.9251541024009122,0.10001466365418249,0.0,0.8770011539068956,-0.19362600226435606,-0.7502201462870175,1.003707389261959,0.9159180095431886,0.711378062915539,-0.3117171955098612,-0.024849587006228427,-0.2443112242769785,-0.9927840203825028,-0.648685169472272,-0.5940432753085201
/multi_agv/path_reference,1789710634.4984639,1789710634.4978802,world,s_curve,1,0.926156887530846,0.10001486381089131,1.9963046295494868e-05,0.8777342402368727,-0.1943102261132341,-0.7516526964726371,1.0042711740757466,0.9168928365428956,0.712038710091976,-0.3125828111642781,-0.025589734366256472,-0.24475813280916767,-0.9942165705681224,-0.6501177196578916,-0.5954758254941398
/multi_agv/path_reference,1789710634.5085952,1789710634.5079033,world,s_curve,1,0.9271593747165006,0.10001486381089131,0.0,0.8784661282561671,-0.19499529567970125,-0.7530848210235723,1.0048335513178022,0.9178663130813142,0.7126985203693849,-0.313448976030975,-0.026331056921912843,-0.2452058540862158,-0.9956486951190575,-0.6515498442088268,-0.5969079500450749
/multi_agv/path_reference,1789710634.5183713,1789710634.5178497,world,s_curve,1,0.9281539905323435,0.10001486381089131,0.0,0.8791912990802571,-0.19567602156326463,-0.7545057007604907,1.0053902862028257,0.9188310956514646,0.7133525153864809,-0.314309135191955,-0.027067935968909787,-0.24565099352892905,-0.997069574855976,-0.6529707239457453,-0.5983288297819934
/multi_agv/path_reference,1789710634.5283635,1789710634.527866,world,s_curve,1,0.9291558077184253,0.10001486381089131,0.0,0.8799207420822799,-0.19636271684328205,-0.7559368681691789,1.0059498161740974,0.9198018043721512,0.714010605700591,-0.31517632079316305,-0.027811535089396364,-0.24610029464728667,-0.9985007422646642,-0.6544018913544335,-0.5997599971906817
/multi_agv/path_reference,1789710634.538355,1789710634.537804,world,s_curve,1,0.930149877698016,0.10001474757418378,-1.1694734978875831e-05,0.8806435718658442,-0.197045133182405,-0.7573569681400228,1.0065037917384854,0.920763953389816,0.7146629704692311,-0.3160375911518511,-0.028550756462079524,-0.24654705193328427,-0.999920842235508,-0.6558219913252773,-0.6011800971615255
/multi_agv/path_reference,1789710634.5484304,1789710634.5478735,world,s_curve,1,0.9311569307920189,0.10001474757418378,0.0,0.8813748536085193,-0.19773750791457786,-0.75879561541717,1.0070637551177504,0.9217375975064671,0.7153232082013404,-0.316910911144505,-0.02930102461885989,-0.2470005879803687,-1.0013594895126552,-0.6572606386024245,-0.6026187444386726
/multi_agv/path_reference,1789710634.5584552,1789710634.5578353,world,s_curve,1,0.9321531590898623,0.10001474757418378,0.0,0.8820972937297643,-0.19842347505887747,-0.7602187986998032,1.0076164624127262,0.9226997126576357,0.7159757061189309,-0.3177756358819567,-0.030044605905988703,-0.24745018338868693,-1.0027826727952884,-0.6586838218850577,-0.6040419277213058
/multi_agv/path_reference,1789710634.5686738,1789710634.567824,world,s_curve,1,0.9331522979168748,0.10001474757418378,0.0,0.88282086329708,-0.19911247818305447,-0.7616461398812497,1.0081695479233908,0.9236635748776684,0.7166294670901808,-0.3186436760455944,-0.030791734034435414,-0.2479020244691335,-1.004210013976735,-0.6601111630665043,-0.6054692689027524
/multi_agv/path_reference,1789710634.5783362,1789710634.5778382,world,s_curve,1,0.9341539033532921,0.10001516160282442,4.1342768215688306e-05,0.8835452313998228,-0.19980421811149673,-0.7630770047904172,1.0087227547701014,0.9246287453343617,0.7172841940950053,-0.3195146505845413,-0.03154208665349291,-0.24835591709645594,-1.0056408788859024,-0.6615420279756717,-0.6069001338119199
/multi_agv/path_reference,1789710634.588343,1789710634.5878582,world,s_curve,1,0.9351559135510684,0.10001516160282442,0.0,0.8842689011158342,-0.20049727395711353,-0.7645084479300976,1.009274937621126,0.9255932305512046,0.717938535175172,-0.3203867682309557,-0.03229412358020475,-0.2488109300601801,-1.007072322025583,-0.6629734711153522,-0.6083315769516005
/multi_agv/path_reference,1789710634.5984986,1789710634.5978558,world,s_curve,1,0.9361558860399423,0.10001516160282442,0.0,0.884990109323274,-0.20118995247428176,-0.7659369800570603,1.0098247523424209,0.9265546801157337,0.7185908955116674,-0.3212578994971328,-0.03304600683591326,-0.24926595108979915,-1.0085008541525455,-0.6644020032423148,-0.609760109078563
/multi_agv/path_reference,1789710634.6085591,1789710634.6078668,world,s_curve,1,0.9371570917157587,0.10001516160282442,0.0,0.8857112148943761,-0.20188451664554377,-0.7673672738796551,1.0103739978395423,0.9275162383364366,0.7192434085071495,-0.3221308910123678,-0.0338001925251524,-0.24972246639911103,-1.0099311479751403,-0.6658322970649095,-0.6111904029011578
/multi_agv/path_reference,1789710634.6184177,1789710634.6178536,world,s_curve,1,0.9381559060892304,0.10001538795626197,2.266569992681849e-05,0.8864296074814296,-0.20257844897120003,-0.7687941515560435,1.0109206867121274,0.9284744240548582,0.7198937116773031,-0.32300257941014543,-0.03455394659340173,-0.2501788209100529,-1.0113580256515289,-0.667259174741298,-0.612617280577546
/multi_agv/path_reference,1789710634.6285012,1789710634.6278045,world,s_curve,1,0.9391512917351722,0.10001538795626197,0.0,0.8871445480902242,-0.2032710183476164,-0.770216131050246,1.011464260872481,0.9294282494721959,0.7205411339259957,-0.3238720507384595,-0.03530647269157548,-0.2506345316128141,-1.0127800051457314,-0.6686811542355006,-0.6140392600717487
/multi_agv/path_reference,1789710634.6383774,1789710634.6378312,world,s_curve,1,0.9401541248269474,0.10001538795626197,0.0,0.887863841434142,-0.20396979665388332,-0.771648749752782,1.0120106514043106,0.9303881284918226,0.7211927444062926,-0.3247488079688913,-0.036065999763414014,-0.2510945822293446,-1.0142126238482672,-0.6701137729380365,-0.6154718787742847
/multi_agv/path_reference,1789710634.6483686,1789710634.6478374,world,s_curve,1,0.9411549149043927,0.10001538795626197,0.0,0.8885806705900644,-0.20466817804534437,-0.7730784498634182,1.0125546759725697,0.9313449661822406,0.7218423696153828,-0.3256245585691453,-0.03682534971328551,-0.2515546258536023,-1.0156423239589034,-0.6715434730486728,-0.6169015788849209
/multi_agv/path_reference,1789710634.6583927,1789710634.657822,world,s_curve,1,0.9421533567602695,0.10001560232850559,2.1474028700108653e-05,0.8892948220394289,-0.2053659413835523,-0.7745047953718134,1.0130961757802122,0.9322984759135879,0.7224898144244865,-0.32649902857260005,-0.03758428042660643,-0.25201451515145035,-1.0170686694672986,-0.6729698185570678,-0.618327924393316
/multi_agv/path_reference,1789710634.6683867,1789710634.6678576,world,s_curve,1,0.9431571132452228,0.10001560232850559,0.0,0.8900117710772064,-0.20606844475298136,-0.7759387332074612,1.0136393002818753,0.9332559691291209,0.723140043820623,-0.3273789307908698,-0.038348620835691224,-0.2524777826323829,-1.0185026073029464,-0.6744037563927159,-0.6197618622289639
/multi_agv/path_reference,1789710634.678279,1789710634.6778338,world,s_curve,1,0.9441550303192341,0.10001560232850559,0.0,0.8907235497414253,-0.20676787984622774,-0.7773643290274774,1.014178013657311,0.9342068044491705,0.7237858311177943,-0.32825448544224084,-0.03910987508647472,-0.25293927900996754,-1.0199282031229626,-0.6758293522127319,-0.62118745804898
/multi_agv/path_reference,1789710634.6882977,1789710634.6878324,world,s_curve,1,0.9451550138156052,0.10001560232850559,0.0,0.8914358014398749,-0.20746978036586453,-0.7787928768794359,1.01471659001556,0.9351585191795249,0.7244322951245399,-0.3291326225493235,-0.03987406456901334,-0.25340265397925665,-1.021356750974921,-0.6772579000646903,-0.6226160059009387
/multi_agv/path_reference,1789710634.698401,1789710634.697859,world,s_curve,1,0.9461577308662296,0.10001590438538514,3.012863096846669e-05,0.8921489926958042,-0.2081746204490204,-0.7802253298088992,1.0152553785551746,0.9361117384696287,0.725079861062609,-0.3300139316775553,-0.04064170731244869,-0.25386822235705714,-1.0227892039043844,-0.6786903529941538,-0.6240484588304019
/multi_agv/path_reference,1789710634.7083352,1789710634.7078226,world,s_curve,1,0.9471542039239432,0.10001590438538514,0.0,0.8928567416904836,-0.20887608302556235,-0.7816488627484903,1.0157895606013594,0.937057931460018,0.7257227330100733,-0.33089051673988085,-0.04140592203275262,-0.2543318103040535,-1.0242127368439755,-0.6801138859337448,-0.625471991769993
/multi_agv/path_reference,1789710634.7183142,1789710634.717854,world,s_curve,1,0.9481573706460737,0.10001590438538514,0.0,0.8935682357440691,-0.2095832743084228,-0.7830819580658197,1.016326070163829,0.9380093807456056,0.7263692563227724,-0.3317737571152714,-0.042176629783922504,-0.2547994360260744,-1.0256458321613051,-0.6815469812510743,-0.6269050870873224
/multi_agv/path_reference,1789710634.728332,1789710634.7278547,world,s_curve,1,0.9491577004170764,0.10001590438538514,0.0,0.8942767076995561,-0.2102894803461582,-0.7845110005958235,1.0168598014363508,0.9389570384564853,0.7270132832058324,-0.3326552644931828,-0.04294651502209258,-0.2552666615231991,-1.0270748746913088,-0.682976023781078,-0.6283341296173262
/multi_agv/path_reference,1789710634.7383542,1789710634.7378511,world,s_curve,1,0.9501575570354223,0.10001588663553089,-1.7755219880516412e-06,0.8949838353286004,-0.2109963633651738,-0.7859393671934602,1.0173920208771576,0.9399031475271762,0.7276563375814673,-0.3335371162219682,-0.04371738862056675,-0.25573458525298637,-1.0285032412889457,-0.6844043903787148,-0.6297624962149629
/multi_agv/path_reference,1789710634.7484512,1789710634.7479463,world,s_curve,1,0.9511673527325025,0.10001588663553089,0.0,0.8956969666871423,-0.21171129751431722,-0.7873819324750035,1.017928251896001,0.9408575429049075,0.7283051052605183,-0.33442850460521656,-0.0444972958407749,-0.25620809209696016,-1.0299458065704887,-0.6858469556602581,-0.6312050614965062
/multi_agv/path_reference,1789710634.7582433,1789710634.7578042,world,s_curve,1,0.9521532928403343,0.10001588663553089,0.0,0.89639225487696,-0.21241033404243964,-0.7887904183433347,1.0184505734478049,0.9417883047796973,0.7289378864033775,-0.3352995803891323,-0.04526010624352762,-0.2566713154946589,-1.03135429243882,-0.6872554415285891,-0.6326135473648373
/multi_agv/path_reference,1789710634.768451,1789710634.7678885,world,s_curve,1,0.9531618394390065,0.10001588663553089,0.0,0.8971024663286451,-0.21312641068556454,-0.7902311991985806,1.018983601799969,0.9427392958785501,0.729584501307416,-0.33619138871026816,-0.04604176211295352,-0.2571460812334718,-1.0327950732940658,-0.6886962223838351,-0.6340543282200832
/multi_agv/path_reference,1789710634.7784183,1789710634.7778661,world,s_curve,1,0.9541596212238984,0.10001596644942728,8.000410615716453e-06,0.8978040809002537,-0.21383585082706,-0.7916566017484263,1.0195096754801614,0.9436790268918073,0.7302235403287923,-0.33707443345421917,-0.04681642282459063,-0.2576166962023701,-1.0342204758439115,-0.6901216249336808,-0.635479730769929
/multi_agv/path_reference,1789710634.7882943,1789710634.7878504,world,s_curve,1,0.95515822674029,0.10001596644942728,0.0,0.8985052615298097,-0.21454687722073576,-0.7930831810575574,1.0200349227140448,0.9446184272200597,0.7308624346553245,-0.3379589570688812,-0.047593063397799826,-0.2580886111955262,-1.0356470551530426,-0.6915482042428118,-0.6369063100790601
/multi_agv/path_reference,1789710634.7983942,1789710634.797888,world,s_curve,1,0.9561623256336389,0.10001596644942728,0.0,0.8992092760865807,-0.21526282269227537,-0.7945176080480556,1.0205617866847088,0.9455618773106451,0.7315041642643882,-0.33884910094164744,-0.048375326576590105,-0.25856404055858845,-1.0370814821435408,-0.6929826312333102,-0.6383407370695583
/multi_agv/path_reference,1789710634.8084917,1789710634.8078427,world,s_curve,1,0.9571579027665824,0.10001596644942728,0.0,0.8999063008608813,-0.21597368844912213,-0.7959398610951178,1.0210829178213174,0.9464962113736927,0.7321397733876337,-0.33973243562290256,-0.04915228622983782,-0.25903634349462595,-1.038503735190603,-0.6944048842803724,-0.6397629901166205
/multi_agv/path_reference,1789710634.818472,1789710634.8178847,world,s_curve,1,0.958162311876198,0.10001611252682274,1.4545958496236713e-05,0.9006084839903088,-0.21669186415096867,-0.7973747312517114,1.0216073985363814,0.9474377135116432,0.7327803399229016,-0.3406243565759667,-0.049937484111228225,-0.259513751765711,-1.0399386053471966,-0.6958397544369659,-0.641197860273214
/multi_agv/path_reference,1789710634.828439,1789710634.8278115,world,s_curve,1,0.9591550705089298,0.10001611252682274,0.0,0.9013015087354594,-0.21740269904020662,-0.7987929578698998,1.0221245372942618,0.9483671865826164,0.7334128023294999,-0.3415066706522336,-0.050714901140097426,-0.25998652532828875,-1.041356831965385,-0.6972579810551542,-0.6426160868914025
/multi_agv/path_reference,1789710634.8383977,1789710634.8378322,world,s_curve,1,0.9601573882816324,0.10001611252682274,0.0,0.9020001833225841,-0.2181213746043484,-0.800224840402332,1.0226453857719966,0.949304490185285,0.7340506740104706,-0.34239822331697173,-0.051501140082128874,-0.26046476041394456,-1.0427887144978174,-0.6986898635875864,-0.6440479694238346
/multi_agv/path_reference,1789710634.8485978,1789710634.8479333,world,s_curve,1,0.9611676514343304,0.10001611252682274,0.0,0.9027033539415892,-0.21884675901293726,-0.8016680734776149,1.0231690703474794,0.9502480832887079,0.73469290818858,-0.34329759738221305,-0.05229496913570651,-0.26094771052089216,-1.0442319475731001,-0.7001330966628694,-0.6454912024991176
/multi_agv/path_reference,1789710634.8582659,1789710634.8578012,world,s_curve,1,0.9621546224405398,0.10001597122713624,-1.4318784737508682e-05,0.9033893012537557,-0.21955639828026613,-0.8030780320579141,1.0236794274485104,0.9511688143892156,0.7353196619235411,-0.3441769645606759,-0.05307181003096775,-0.2614204202491547,-1.0456419061533992,-0.7015430552431686,-0.6469011610794166
/multi_agv/path_reference,1789710634.8685887,1789710634.8679328,world,s_curve,1,0.9631679225511589,0.10001597122713624,0.0,0.9040925053925553,-0.2202859740973858,-0.8045256036445128,1.0242021084276969,0.9521129667433001,0.7359624410066687,-0.345080538316909,-0.053870724520727026,-0.2619066594545212,-1.047089477739998,-0.7029906268297673,-0.6483487326660156
/multi_agv/path_reference,1789710634.878614,1789710634.8779323,world,s_curve,1,0.9641680132524101,0.10001597122713624,0.0,0.9047855064174347,-0.221007036382291,-0.8059543046463,1.024716692811281,0.9530436763117263,0.7365961501292968,-0.34597307388914517,-0.054660563505786325,-0.26238747175194144,-1.0485181787417852,-0.7044193278315545,-0.6497774336678028
/multi_agv/path_reference,1789710634.8883677,1789710634.8878727,world,s_curve,1,0.9651622333161982,0.10001597122713624,0.0,0.9054734178362965,-0.22172484641833787,-0.8073746190231403,1.0252269922619837,0.9539678032626913,0.7372254579842148,-0.346861097809657,-0.05544708307604279,-0.26286635836931366,-1.0499384931186255,-0.7058396422083948,-0.651197748044643
/multi_agv/path_reference,1789710634.8987656,1789710634.8979309,world,s_curve,1,0.9661682155684747,0.10001705611965118,0.00010786249489583416,0.9061684288244971,-0.22245214267356594,-0.8088117365263923,1.0257420441510112,0.9549017247748567,0.7378615175476232,-0.3477603647411813,-0.05624424314464861,-0.2633518201348678,-1.0513756106218775,-0.7072767597116468,-0.652634865547895
/multi_agv/path_reference,1789710634.9083562,1789710634.9078355,world,s_curve,1,0.9671588322004194,0.10001705611965118,0.0,0.9068518025211828,-0.22316930481530378,-0.8102269031434564,1.02624796615936,0.9558202614649447,0.7384871799392438,-0.348646617937978,-0.05703053742890139,-0.26383075907903186,-1.0527907772389415,-0.7086919263287109,-0.654050032164959
/multi_agv/path_reference,1789710634.9184031,1789710634.9178722,world,s_curve,1,0.9681626918907309,0.10001705611965118,0.0,0.9075432753436558,-0.22389704064671923,-0.8116609884153299,1.0267593711017207,0.9567499410108754,0.7391205139183711,-0.3495454489621606,-0.057828669022516,-0.264317003955481,-1.0542248625108153,-0.7101260116005843,-0.6554841174368324
/multi_agv/path_reference,1789710634.9284258,1789710634.9278824,world,s_curve,1,0.9691636738903037,0.10001705611965118,0.0,0.9082317262307228,-0.2246236768471928,-0.8130909627004337,1.0272680261690736,0.9576758150084649,0.73975133751463,-0.35044243259126695,-0.05862583925603991,-0.2648027586942715,-1.055654836795919,-0.7115559858856882,-0.6569140917219364
/multi_agv/path_reference,1789710634.93852,1789710634.9378748,world,s_curve,1,0.9701632461360653,0.10001723491711349,1.7890480519109264e-05,0.9089181699969286,-0.22535027127290963,-0.8145189230515217,1.0277746844400126,0.9585992466145715,0.7403805789362016,-0.3513388777992179,-0.05942320709677257,-0.2652887289227383,-1.0570827971470071,-0.7129839462367763,-0.6583420520730244
/multi_agv/path_reference,1789710634.9484744,1789710634.9478357,world,s_curve,1,0.971159571622347,0.10001723491711349,0.0,0.9096013510219478,-0.22607548020368698,-0.8159422451747813,1.028278422762162,0.9595185448980468,0.7410070854056345,-0.35223313016264923,-0.060219296250432,-0.26577401419797964,-1.0585061192702665,-0.7144072683600359,-0.659765374196284
/multi_agv/path_reference,1789710634.9583905,1789710634.9578297,world,s_curve,1,0.9721589099277962,0.10001723491711349,0.0,0.9102855602361213,-0.22680385828532432,-0.8173698713254232,1.028782405138506,0.9604394837887288,0.7416347917811291,-0.35313080611586517,-0.06101910641628419,-0.26626166232382353,-1.0599337454209086,-0.7158348945106776,-0.6611930003469259
/multi_agv/path_reference,1789710634.968531,1789710634.967925,world,s_curve,1,0.9731688358576992,0.10001723491711349,0.0,0.9109759608794898,-0.22754094522546917,-0.8188126226538559,1.0292904241458745,0.9613690183216372,0.7422684401709578,-0.35403872300036654,-0.061828725514210564,-0.26675538716183034,-1.061376496749341,-0.7172776458391104,-0.6626357516753585
/multi_agv/path_reference,1789710634.9783432,1789710634.9778535,world,s_curve,1,0.9741617486125796,0.10001755294878707,3.203579528542284e-05,0.9116536942271433,-0.22826658499941083,-0.8202310694465422,1.0297886081627141,0.9622817548618398,0.7428907196568758,-0.3549320582327874,-0.06262601184062976,-0.2672416849248152,-1.0627949435420274,-0.7186960926317967,-0.6640541984680448
/multi_agv/path_reference,1789710634.9885435,1789710634.9878693,world,s_curve,1,0.9751636093378172,0.10001755294878707,0.0,0.9123364909654309,-0.2289997380219096,-0.8216622990540245,1.0302899965925238,0.963201569357985,0.7435179069457838,-0.3558341596521568,-0.06343179486829267,-0.26773325954527927,-1.0642261731495097,-0.720127322239279,-0.6654854280755272
/multi_agv/path_reference,1789710634.9985726,1789710634.9978783,world,s_curve,1,0.9761646850252816,0.10001755294878707,0.0,0.9130177039332668,-0.2297332918728445,-0.8230924071789738,1.0307897020655123,0.9641195102909896,0.7441438994432983,-0.35673627001091146,-0.06423826056683277,-0.2682253450407891,-1.065656281274459,-0.7215574303642283,-0.6669155362004764
/multi_agv/path_reference,1789710635.0086763,1789710635.0078986,world,s_curve,1,0.9771668913111646,0.10001755294878707,0.0,0.9136986346821516,-0.23046864932428893,-0.824524130444521,1.0312886790515687,0.9650373316705414,0.7447698933243447,-0.3576401141471749,-0.06504695125679143,-0.26871888256890036,-1.0670880045400062,-0.7229891536297753,-0.6683472594660236
/multi_agv/path_reference,1789710635.0187829,1789710635.0179298,world,s_curve,1,0.9781701955034426,0.1000184716166791,9.158115673246669e-05,0.9143792561026285,-0.23120578812385417,-0.8259574221477752,1.031786905944963,0.9659549978240394,0.7453958645388832,-0.3585456630982697,-0.06585784327455671,-0.2692138579987361,-1.0685212962432604,-0.7244224453330298,-0.669780551169278
/multi_agv/path_reference,1789710635.0283353,1789710635.0278485,world,s_curve,1,0.9791620976899749,0.1000184716166791,0.0,0.9150511036940904,-0.23193550765565965,-0.8273744252713928,1.0322781947249453,0.9668610921120266,0.7460140242452991,-0.35944162173825434,-0.06666081176989101,-0.2697040894588335,-1.069938299366878,-0.7258394484566474,-0.6711975542928955
/multi_agv/path_reference,1789710635.038448,1789710635.037921,world,s_curve,1,0.9801696839730782,0.1000184716166791,0.0,0.915732514787714,-0.23267774000623703,-0.8288138342472546,1.0327759509955798,0.9677803473317395,0.7466412460358227,-0.3603524596677865,-0.06747779107322711,-0.27020296927769744,-1.0713777083427398,-0.7272788574325092,-0.6726369632687573
/multi_agv/path_reference,1789710635.0484974,1789710635.0478659,world,s_curve,1,0.9811641307295469,0.1000184716166791,0.0,0.9164039920075855,-0.23341125382775346,-0.8302344724707813,1.0332659305802623,0.9686864613128514,0.7472595841296428,-0.36125212097529713,-0.0682854127145469,-0.27069622779341623,-1.0727983465662667,-0.7286994956560359,-0.674057601492284
/multi_agv/path_reference,1789710635.0588107,1789710635.0578911,world,s_curve,1,0.9821670788903366,0.1000187243921609,2.520796411684268e-05,0.9170801532056969,-0.23415200403761519,-0.8316672555576237,1.0337588036577774,0.969599158277884,0.7478824976814291,-0.3621601777168033,-0.06910124182723464,-0.2711945925688075,-1.0742311296531089,-0.7301322787428782,-0.6754903845791264
/multi_agv/path_reference,1789710635.0684204,1789710635.0678072,world,s_curve,1,0.9831588254540881,0.1000187243921609,0.0,0.917747718639311,-0.23488543261115286,-0.8330840363629828,1.0342448925260344,0.9705005116752312,0.7484977517166675,-0.3630587858340695,-0.069909243944699,-0.27168826805469004,-1.075647910458468,-0.7315490595482373,-0.6769071653844854
/multi_agv/path_reference,1789710635.0783725,1789710635.0778518,world,s_curve,1,0.9841633930180445,0.1000187243921609,0.0,0.9184228536976483,-0.23562930657152512,-0.8345191328829207,1.0347359665512885,0.9714123490842969,0.7491202454573594,-0.36396971243926557,-0.0707289931131561,-0.2721892141621536,-1.0770830069784059,-0.7329841560681751,-0.6783422619044233
/multi_agv/path_reference,1789710635.088376,1789710635.087865,world,s_curve,1,0.985164846098942,0.1000187243921609,0.0,0.9190948324699323,-0.2363718378031409,-0.8359497801413458,1.0352242165044032,0.9723201877293098,0.7497400931760837,-0.3648785153096983,-0.07154750235017128,-0.27268949574955303,-1.078513654236831,-0.7344148033266001,-0.6797729091628484
/multi_agv/path_reference,1789710635.0983377,1789710635.0978322,world,s_curve,1,0.9861619353598953,0.1000186237619527,-1.0094276739289669e-05,0.9197628271889221,-0.23711208767975359,-0.8373741933712788,1.0357090468632029,0.9732229063370772,0.7503565283664861,-0.36578405099439115,-0.0723637343117366,-0.27318847773313293,-1.079938067466764,-0.7358392165565334,-0.6811973223927814
/multi_agv/path_reference,1789710635.1084223,1789710635.10784,world,s_curve,1,0.9871629176457413,0.1000186237619527,0.0,0.9204323686096865,-0.23785618421245966,-0.8388041680653449,1.0361944721503022,0.974127978995444,0.7509746546833129,-0.3666938160746284,-0.07318444581967738,-0.2736902907430731,-1.08136804216083,-0.7372691912505993,-0.6826272970868476
/multi_agv/path_reference,1789710635.1184793,1789710635.1178415,world,s_curve,1,0.9881632449096203,0.1000186237619527,0.0,0.9211004082396558,-0.23860074953229776,-0.8402332070137433,1.0366782796470821,0.975031286045885,0.7515916590260001,-0.36760367833985774,-0.07400591237435535,-0.2741926578826801,-1.0827970811092285,-0.7386982301989978,-0.6840563360352461
/multi_agv/path_reference,1789710635.1283824,1789710635.1278336,world,s_curve,1,0.9891626523022166,0.1000186237619527,0.0,0.9217667703622404,-0.23934558272598588,-0.8416609318603094,1.037160343348656,0.9759325892609667,0.7522073784770984,-0.368513393396558,-0.0748279117510101,-0.27469544303038945,-1.0842248059557946,-0.7401259550455639,-0.685484060881812
/multi_agv/path_reference,1789710635.1383808,1789710635.1378355,world,s_curve,1,0.9901630504985274,0.1000187656809098,1.4188908944670046e-05,0.9224327274013996,-0.24009210640339143,-0.8430900721407533,1.0376415836871713,0.9768336097352642,0.7528229887817631,-0.3694246987122305,-0.07565201396454299,-0.2751996065334007,-1.0856539462362385,-0.7415550953260078,-0.686913201162256
/multi_agv/path_reference,1789710635.148342,1789710635.1478345,world,s_curve,1,0.9911631388367022,0.1000187656809098,0.0,0.9230974111093943,-0.24083934938955762,-0.8445187697667174,1.0381213727096266,0.9777331730121126,0.7534376876064435,-0.3703364082665385,-0.07647714716134009,-0.27570449274079417,-1.0870826438622025,-0.7429837929519718,-0.68834189878822
/multi_agv/path_reference,1789710635.1586761,1789710635.1578374,world,s_curve,1,0.9921632993884257,0.1000187656809098,0.0,0.9237610744324027,-0.24158759530548993,-0.845947570554894,1.0385998931867384,0.9786316213306366,0.7540517087798332,-0.3712488682712789,-0.07730362444074389,-0.2762102932044469,-1.0885114446503792,-0.7444125937401486,-0.6897706995763968
/multi_agv/path_reference,1789710635.168577,1789710635.1678712,world,s_curve,1,0.9931670540144754,0.1000187656809098,0.0,0.9244260469870375,-0.24233948271459946,-0.8473815057349647,1.039078821880238,0.9795321099583072,0.754667209122567,-0.37216529374341245,-0.0781343615283025,-0.2767187928720833,-1.08994537983045,-0.7458465289202192,-0.6912046347564674
/multi_agv/path_reference,1789710635.178502,1789710635.177808,world,s_curve,1,0.9941609843479803,0.10001889156255372,1.2667429566582672e-05,0.9250834483099343,-0.24308494957529195,-0.8488014062114004,1.0395517679574375,0.9804226105825291,0.7552759663898361,-0.3730734252070841,-0.07895823901614067,-0.277223184502651,-1.0913652803068856,-0.7472664293966549,-0.6926245352329031
/multi_agv/path_reference,1789710635.18843,1789710635.187802,world,s_curve,1,0.9951606108573786,0.10001889156255372,0.0,0.9257435487403554,-0.24383562953929924,-0.8502294440819693,1.040026123267857,0.9813170336651891,0.7558874892880199,-0.37398743766875253,-0.07978811272386772,-0.27773133822527746,-1.0927933181774547,-0.7486944672672239,-0.694052573103472
/multi_agv/path_reference,1789710635.198339,1789710635.1978595,world,s_curve,1,0.9961664246354278,0.10001889156255372,0.0,0.9264066520913038,-0.24459190668809774,-0.8516663209077542,1.0405020965914824,0.9822157956413509,0.756502064041078,-0.37490779038731015,-0.08062441144525931,-0.27824351823172366,-1.0942301950032394,-0.7501313440930086,-0.6954894499292568
/multi_agv/path_reference,1789710635.208575,1789710635.2079263,world,s_curve,1,0.9971733584250247,0.10001889156255372,0.0,0.9270694046761702,-0.24534997956732763,-0.8531047977500352,1.0409772748160961,0.983114353849103,0.7571165853633115,-0.375829852038854,-0.08146293409940969,-0.27875715256371913,-1.0956686718455206,-0.7515698209352898,-0.6969279267715378
/multi_agv/path_reference,1789710635.2186153,1789710635.2179875,world,s_curve,1,0.9981797249345522,0.10001974914397971,8.523244591843317e-05,0.9277306937121332,-0.24610857707899536,-0.8545424641922175,1.0414508596654442,0.984011199790262,0.7577300216806936,-0.37675207617310036,-0.08230227489379334,-0.27927138017009234,-1.0971063382877027,-0.7530074873774719,-0.6983655932137202
/multi_agv/path_reference,1789710635.2285306,1789710635.2279546,world,s_curve,1,0.9991766197738753,0.10001974914397971,0.0,0.9283846830433996,-0.24686097132669213,-0.8559665996769645,1.041918679695257,0.984898414337261,0.7583369550976806,-0.3776662908066582,-0.083134986293023,-0.2797816368803951,-1.0985304737724497,-0.754431622862219,-0.6997897286984671
/multi_agv/path_reference,1789710635.2384603,1789710635.237874,world,s_curve,1,1.0001687594742845,0.10001974914397971,0.0,0.929034488457021,-0.24761070057232143,-0.8573839421061209,1.0423829752047844,0.9857802186944661,0.7589402714718124,-0.37857680516428105,-0.08396497927225473,-0.28029031728042847,-1.099947816201606,-0.7558489652913754,-0.7012070711276236
/multi_agv/path_reference,1789710635.248393,1789710635.2478726,world,s_curve,1,1.0011687899327433,0.10001974914397971,0.0,0.929688385823801,-0.24836732397840286,-0.8588125570467762,1.0428496568327208,0.9866678447968217,0.7595476558418602,-0.37949522620994847,-0.08480283744436988,-0.28080390828089014,-1.1013764311422614,-0.7572775802320305,-0.7026356860682788
/multi_agv/path_reference,1789710635.258365,1789710635.2578368,world,s_curve,1,1.0021651203759052,0.10001955990348245,-1.8997463523907596e-05,0.9303387883197027,-0.24912207610659054,-0.8602358862512933,1.043313306594099,0.9875509956082583,0.760152062756751,-0.3804109112018419,-0.08563885575302838,-0.28131646136490124,-1.1027997603467785,-0.7587009094365479,-0.7040590152727961
/multi_agv/path_reference,1789710635.2683506,1789710635.2678685,world,s_curve,1,1.0031687446454536,0.10001955990348245,0.0,0.9309928652991059,-0.24988328882595953,-0.8616696352077908,1.0437790322904474,0.988439407600215,0.760760156006655,-0.3813339660223939,-0.08648226441776653,-0.2818336360377181,-1.104233509303276,-0.7601346583930453,-0.7054927642292935
/multi_agv/path_reference,1789710635.2783866,1789710635.277873,world,s_curve,1,1.0041693299206937,0.10001955990348245,0.0,0.9316438746838446,-0.25064312927013205,-0.8630990427438483,1.0442420299279054,0.9893239248735577,0.7613656692500705,-0.38225488951834985,-0.08732438628540237,-0.28235011200664384,-1.1056629168393335,-0.7615640659291028,-0.7069221717653509
/multi_agv/path_reference,1789710635.2883584,1789710635.2878666,world,s_curve,1,1.0051687986775868,0.10001955990348245,0.0,0.9322930726830311,-0.2514030500430989,-0.8645268552536955,1.0447031962992017,0.990206252543173,0.7619697692067184,-0.3831754451362944,-0.0881668298023482,-0.28286687519065395,-1.1070907293491807,-0.7629918784389501,-0.7083499842751982
/multi_agv/path_reference,1789710635.2983282,1789710635.2978501,world,s_curve,1,1.0061673831054643,0.10001978470245072,2.2516217738187763e-05,0.9329406120444131,-0.2521632233542831,-0.8659534044363777,1.0451626415421473,0.9910865973942589,0.7625725971968331,-0.38409584288186494,-0.08900978518120771,-0.2833840419997765,-1.1085172785318629,-0.7644184276216321,-0.7097765334578805
/multi_agv/path_reference,1789710635.3084066,1789710635.3078284,world,s_curve,1,1.007165118665429,0.10001978470245072,0.0,0.9335865172708523,-0.2529236722445723,-0.8673787409506128,1.0456203844579972,0.9919649920305869,0.7631741753239727,-0.38501611185825024,-0.08985327736945391,-0.28390162750601267,-1.109942615046098,-0.7658437641358673,-0.7112018699721154
/multi_agv/path_reference,1789710635.3183277,1789710635.3178556,world,s_curve,1,1.008168391620734,0.10001978470245072,0.0,0.9342349135373234,-0.2536892692203244,-0.8688119880296201,1.0460793446162424,0.9928470484237282,0.7637783475719995,-0.3859421453199879,-0.09070271258433102,-0.2844229497566543,-1.1113758621251055,-0.7672770112148747,-0.7126351170511226
/multi_agv/path_reference,1789710635.3282902,1789710635.327801,world,s_curve,1,1.0091632597134912,0.10001978470245072,0.0,0.9348767938752879,-0.25444936920343003,-0.8702332281621303,1.0465331489637535,0.9937205125230552,0.7643767201390549,-0.38686106947330223,-0.0915462790679068,-0.284940759069081,-1.1127971022576157,-0.7686982513473848,-0.7140563571836329
/multi_agv/path_reference,1789710635.3383071,1789710635.3378186,world,s_curve,1,1.010165075862687,0.10001990274082236,1.1784783525256421e-05,0.9355220646090855,-0.25521569883410317,-0.871664394089553,1.0469888022991654,0.99459886426644,0.764978527261651,-0.38778706221523057,-0.0923969906269539,-0.2854630436601249,-1.1142282681850384,-0.7701294172748075,-0.7154875231110557
/multi_agv/path_reference,1789710635.3482711,1789710635.3478417,world,s_curve,1,1.011167657764258,0.10001990274082236,0.0,0.936166729892032,-0.2559835379888456,-0.8730966539489402,1.0474434766751077,0.9954766675756526,0.7655800454253354,-0.38871441467311685,-0.09324961008207798,-0.2859865892113419,-1.1156605280444254,-0.7715616771341947,-0.7169197829704428
/multi_agv/path_reference,1789710635.3582966,1789710635.3578162,world,s_curve,1,1.0121652773783945,0.10001990274082236,0.0,0.9368071122440771,-0.25674849234454195,-0.8745218248262778,1.0478945819034642,0.996348913271441,0.766177841557326,-0.38963782255835083,-0.09409925647047514,-0.28650839800479977,-1.117085698921763,-0.7729868480115324,-0.7183449538477805
/multi_agv/path_reference,1789710635.368484,1789710635.3678792,world,s_curve,1,1.013171789261984,0.10001990274082236,0.0,0.9374520970164488,-0.25752118933402396,-0.8759596989456915,1.0483483737773658,0.9972277055392419,0.7667802117327388,-0.3905701119172832,-0.09495773518233033,-0.2870357209024583,-1.1185235730411767,-0.7744247221309459,-0.7197828279671941
/multi_agv/path_reference,1789710635.378337,1789710635.3778586,world,s_curve,1,1.0141698799907293,0.10001997499379096,7.240564314727336e-06,0.938090587750271,-0.2582883363301155,-0.877385542843899,1.0487970448532842,0.9980979255408814,0.7673767928566472,-0.39149524439309347,-0.09581027808444471,-0.2875594865128082,-1.1199494169393842,-0.7758505660291535,-0.7212086718654016
/multi_agv/path_reference,1789710635.3887348,1789710635.3879263,world,s_curve,1,1.0151769420111316,0.10001997499379096,0.0,0.9387337081501436,-0.2590633007718141,-0.8788242028730453,1.049248411298108,0.998974734448268,0.7679779787040546,-0.392429339882666,-0.09667174079855478,-0.28808882163422145,-1.1213880769685305,-0.7772892260582998,-0.722647331894548
/multi_agv/path_reference,1789710635.3984833,1789710635.3978524,world,s_curve,1,1.0161695656480436,0.10001997499379096,0.0,0.9393665164921366,-0.25982805898094186,-0.8802422366400624,1.0496919910440927,0.9998377588616947,0.7685697995706224,-0.3933506775325778,-0.09752208605855618,-0.2886114133516915,-1.1228061107355476,-0.7787072598253169,-0.724065365661565
/multi_agv/path_reference,1789710635.4084768,1789710635.4078276,world,s_curve,1,1.0171672897035604,0.10001997499379096,0.0,0.9400014828981187,-0.2605976502897098,-0.8816675567193721,1.050136532980108,1.0007040017267637,0.7691639139874844,-0.3942773822741722,-0.09837803307940438,-0.28913753551555277,-1.1242314308148573,-0.7801325799046266,-0.7254906857408748
/multi_agv/path_reference,1789710635.4185317,1789710635.417838,world,s_curve,1,1.0181686279172302,0.10002005855238433,8.3463661795027e-06,0.94063764582427,-0.2613709385770774,-0.8830980398817574,1.0505813566820503,1.0015721548975745,0.7697594258931852,-0.39520808006934327,-0.09923832124177565,-0.2896664144201132,-1.1256619139772426,-0.7815630630670118,-0.72692116890326
/multi_agv/path_reference,1789710635.4292161,1789710635.427812,world,s_curve,1,1.0191663359028749,0.10002005855238433,0.0,0.9412704016605551,-0.26214232765179285,-0.884523337004107,1.0510232432165294,1.0024359359151847,0.7703520258499509,-0.39613603560253646,-0.10009672475141874,-0.29019422260142325,-1.1270872110995922,-0.7829883601893615,-0.7283464660256097
/multi_agv/path_reference,1789710635.4390047,1789710635.4378107,world,s_curve,1,1.0201663854581102,0.10002005855238433,0.0,0.9419035385295271,-0.26291643142057425,-0.8859519792258719,1.0514648390782142,1.0033005154755748,0.7709452610347923,-0.39706680011958395,-0.10095837752424432,-0.29072411661789443,-1.128515853321357,-0.7844170024111263,-0.7297751082473746
/multi_agv/path_reference,1789710635.4485452,1789710635.4478064,world,s_curve,1,1.021166174161033,0.10002005855238433,0.0,0.9425354041255437,-0.26369123665157895,-0.8873802488014757,1.051904990099219,1.0041636381303554,0.7715375841470566,-0.3979979515393568,-0.10182103935310098,-0.29125471906227896,-1.129944122896961,-0.7858452719867302,-0.7312033778229783
/multi_agv/path_reference,1789710635.4585671,1789710635.4578044,world,s_curve,1,1.022166193255674,0.1000198930408865,-1.655412621455541e-05,0.9431663076677655,-0.26446712242720355,-0.888808847508106,1.0523439117016635,1.0050257262600772,0.7721292850415559,-0.3989299454580227,-0.1026851322941199,-0.29178628952946795,-1.1313727216035911,-0.7872738706933605,-0.7326319765296085
/multi_agv/path_reference,1789710635.4685423,1789710635.4678047,world,s_curve,1,1.023166387385128,0.1000198930408865,0.0,0.9437962122714717,-0.26524404476144087,-0.8902376962644687,1.052781577884322,1.005886729634175,0.7727203292959184,-0.39986272876270934,-0.10355060749934338,-0.29231879802226984,-1.1328015703599539,-0.7887027194497231,-0.7340608252859714
/multi_agv/path_reference,1789710635.4786012,1789710635.4778023,world,s_curve,1,1.0241663702725678,0.1000198930408865,0.0,0.9444248734467414,-0.2660217019665222,-0.8916662432465257,1.0532178188045103,1.006746314047208,0.7733104874885058,-0.40079593926869167,-0.10441712888307719,-0.29285203774779767,-1.1342301173420108,-0.7901312664317801,-0.7354893722680284
/multi_agv/path_reference,1789710635.4887743,1789710635.487948,world,s_curve,1,1.0251810909912273,0.1000198930408865,0.0,0.9450616635420865,-0.26681173761609867,-0.8931158442731819,1.0536591257898837,1.0076173007362088,0.773908564100167,-0.40174353962488474,-0.10529767551859162,-0.29339399770481955,-1.135679718368667,-0.7915808674584365,-0.7369389732946845
/multi_agv/path_reference,1789710635.4988697,1789710635.497858,world,s_curve,1,1.026172157809073,0.10002009530088801,2.0412412425103187e-05,0.9456825035432248,-0.2675842471389493,-0.8945316540129615,1.0540888192526316,1.008466751146264,0.7744919402307786,-0.4026696672045966,-0.10615891377110312,-0.2939241604411481,-1.1370955281084467,-0.7929966771982161,-0.7383547830344641
/multi_agv/path_reference,1789710635.5088253,1789710635.5078733,world,s_curve,1,1.0271738043525194,0.10002009530088801,0.0,0.9463088590991238,-0.26836589561550905,-0.8959625776464564,1.0545217669711346,1.009324029671203,0.7750807806550337,-0.40360629849084684,-0.1070305669432936,-0.29446082141238666,-1.1385264517419416,-0.7944276008317108,-0.7397857066679591
/multi_agv/path_reference,1789710635.5186713,1789710635.5179014,world,s_curve,1,1.0281770453163048,0.10002009530088801,0.0,0.9469350898952801,-0.26914968592263266,-0.8973957790232927,1.0549540599638232,1.0101814216847311,0.7756697880372858,-0.4045450407370841,-0.1079048363454177,-0.29499918068539616,-1.139959653118778,-0.7958608022085473,-0.7412189080447954
/multi_agv/path_reference,1789710635.528676,1789710635.5279264,world,s_curve,1,1.029179762374831,0.10002009530088801,0.0,0.9475598705868346,-0.269933962921818,-0.8988282319640446,1.0553847824243363,1.0110371130680122,0.776257716268155,-0.4054839108643936,-0.10877987613843614,-0.29553810176262413,-1.14139210605953,-0.7972932551492992,-0.7426513609855473
/multi_agv/path_reference,1789710635.538816,1789710635.5378377,world,s_curve,1,1.0301710855012818,0.10002107995736215,9.934843776171121e-05,0.9481764468811089,-0.2707102071145009,-0.900244407858974,1.0558092880896082,1.0118818481655598,0.7768382043881585,-0.406412718120694,-0.10964617684334726,-0.29607172637946133,-1.1428082819544592,-0.7987094310442284,-0.7440675368804764
/multi_agv/path_reference,1789710635.5486095,1789710635.5478268,world,s_curve,1,1.0311700480377775,0.10002107995736215,0.0,0.9487966620063527,-0.2714933157754908,-0.9016714971968249,1.0562357340723683,1.012731851102407,0.7774224008442829,-0.40734929022488164,-0.11052036278259891,-0.2966102943189918,-1.1442353712923101,-0.8001365203820795,-0.7454946262183276
/multi_agv/path_reference,1789710635.5586581,1789710635.5578415,world,s_curve,1,1.032171888680849,0.10002107995736215,0.0,0.9494175409774745,-0.27227956878980386,-0.9031026981154988,1.0566620658787849,1.0135830491527174,0.7780075079009213,-0.40828917094602,-0.1113982847303681,-0.29715125069302334,-1.145666572210984,-0.8015677213007534,-0.7469258271370015
/multi_agv/path_reference,1789710635.5687308,1789710635.5679257,world,s_curve,1,1.0331805471608149,0.10002107995736215,0.0,0.9500415077952833,-0.2730720693638774,-0.9045436388011643,1.0570899396586018,1.014438769664334,0.778595814062914,-0.4092360632668342,-0.11228341098347762,-0.29769673384132034,-1.1471075128966495,-0.8030086619864187,-0.748366767822667
/multi_agv/path_reference,1789710635.5784843,1789710635.577806,world,s_curve,1,1.0341687892151887,0.10002270752578103,0.000164730694489122,0.95065173667619,-0.27384939999193314,-0.9059554131645555,1.0575078290880922,1.01527593160036,0.7791714493401177,-0.4101643863817612,-0.11315181621917417,-0.29823199737486394,-1.1485192872600407,-0.80442043634981,-0.7497785421860583
/multi_agv/path_reference,1789710635.588398,1789710635.5878055,world,s_curve,1,1.0351689784818632,0.10002270752578103,0.0,0.951268224797274,-0.2746370044561645,-0.9073842549740903,1.0579294356455422,1.0161219651016922,0.7797532736445877,-0.4111045320969234,-0.11403192244277649,-0.29877455882879356,-1.1499481290695754,-0.8058492781593448,-0.751207383995593
/multi_agv/path_reference,1789710635.5983944,1789710635.597836,world,s_curve,1,1.0361722479478157,0.10002270752578103,0.0,0.9518854802526966,-0.275427918578082,-0.9088174970683083,1.0583509906120203,1.0169693398316837,0.7803361103143858,-0.41204817733910437,-0.11491595259952107,-0.2993196257956205,-1.1513813711637935,-0.8072825202535628,-0.752640626089811
/multi_agv/path_reference,1789710635.608697,1789710635.6078823,world,s_curve,1,1.0371770785681873,0.10002270752578103,0.0,0.9525025593628351,-0.2762209493281416,-0.9102529693831247,1.0587718455000434,1.017816762290788,0.7809190702976738,-0.41299389557076716,-0.11580257476996893,-0.2998663776436887,-1.15281684347861,-0.8087179925683791,-0.7540760984046273
/multi_agv/path_reference,1789710635.6186793,1789710635.6178749,world,s_curve,1,1.0381765958536244,0.10002511697203638,0.00024112153640596135,0.9531152454973447,-0.2770106646763556,-0.9116808512194636,1.0591891277619088,1.0186584402479015,0.7814981684822238,-0.4139352114213545,-0.11668571458470395,-0.3004110680230083,-1.1542447253149488,-0.8101458744047181,-0.7555039802409663
/multi_agv/path_reference,1789710635.6285815,1789710635.6278148,world,s_curve,1,1.0391708172092184,0.10002511697203638,0.0,0.9537235660318337,-0.2777970628335061,-0.9131011674417406,1.0596028652155076,1.0194944067232086,0.7820734261567848,-0.4148721298747957,-0.11756536648490658,-0.3009536921408159,-1.1556650415372258,-0.8115661906269951,-0.7569242964632432
/multi_agv/path_reference,1789710635.6387799,1789710635.6378772,world,s_curve,1,1.0401771609088135,0.10002511697203638,0.0,0.9543381656273444,-0.2785939284438459,-0.9145388012983051,1.0600202917064525,1.0203392927836532,0.7826549123919276,-0.41582106944517805,-0.11845695203272222,-0.30150376385363736,-1.1571026753937903,-0.8130038244835596,-0.7583619303198078
/multi_agv/path_reference,1789710635.648389,1789710635.6478424,world,s_curve,1,1.041174070239376,0.10002511697203638,0.0,0.9549458732391832,-0.279384193905822,-0.9159629574848229,1.0604324593292123,1.0211749934516259,0.7832301669367115,-0.4167617035464865,-0.11934137577303028,-0.30204950239794903,-1.1585268315803083,-0.8144279806700775,-0.7597860865063257
/multi_agv/path_reference,1789710635.658433,1789710635.657851,world,s_curve,1,1.0421751448744048,0.10002698179333164,0.0001863322066323659,0.9555549868504346,-0.28017863135405174,-0.9173930641062926,1.0608450006504284,1.0220129175527397,0.7838070423481358,-0.41770685752598025,-0.12023069155247874,-0.30259834498369614,-1.1599569382017778,-0.8158580872915472,-0.7612161931277953
/multi_agv/path_reference,1789710635.668424,1789710635.6678603,world,s_curve,1,1.043176332539923,0.10002698179333164,0.0,0.9561630322937054,-0.28097402893143375,-0.9188233321998902,1.0612562362327753,1.0228496633775677,0.7843831972707729,-0.41865270733089044,-0.12112130535537188,-0.3031480741080388,-1.1613872062953754,-0.8172883553851448,-0.762646461221393
/multi_agv/path_reference,1789710635.6785834,1789710635.6778226,world,s_curve,1,1.044172835441749,0.10002698179333164,0.0,0.9567671022771522,-0.2817665674587241,-0.9202469077739273,1.0616642037895736,1.0236812281444136,0.7849558748974694,-0.4195947144182358,-0.1220089392858562,-0.3036960486720801,-1.1628107818694124,-0.8187119309591816,-0.76407003679543
/multi_agv/path_reference,1789710635.688492,1789710635.6878393,world,s_curve,1,1.0451748935420628,0.10002698179333164,0.0,0.9573734014715034,-0.2825643904643616,-0.9216784193458041,1.062073092985125,1.0245161535930312,0.7855309578363538,-0.42054255756681463,-0.12290271429394464,-0.30424789953232545,-1.1642422934412893,-0.8201434425310586,-0.7655015483673068
/multi_agv/path_reference,1789710635.6986492,1789710635.6978111,world,s_curve,1,1.0461723573963138,0.10002840551159249,0.00014277436412761817,0.9579757860222899,-0.2833594167668491,-0.9231033677090197,1.0624787595438918,1.0253459795450293,0.7861026189779488,-0.42148663539208375,-0.12379357761351197,-0.30479803729495153,-1.1656672418045049,-0.8215683908942744,-0.7669264967305224
/multi_agv/path_reference,1789710635.708822,1789710635.7079294,world,s_curve,1,1.0471844668095294,0.10002840551159249,0.0,0.9585858567998797,-0.28416699272537627,-0.9245492382993277,1.062889007074039,1.026186691376194,0.786681871949406,-0.422445164693645,-0.12469872890907391,-0.30535708457340976,-1.1671131123948129,-0.8230142614845821,-0.7683723673208303
/multi_agv/path_reference,1789710635.7185075,1789710635.7178872,world,s_curve,1,1.0481804095318177,0.10002840551159249,0.0,0.9591850421634763,-0.284962529421939,-0.9259720136168825,1.063291348164105,1.0270126957511123,0.7872510825752115,-0.42338896133038423,-0.12559060777701544,-0.30590801915841725,-1.1685358877123677,-0.824437036802137,-0.7697951426383852
/multi_agv/path_reference,1789710635.72849,1789710635.7278755,world,s_curve,1,1.04917963988771,0.10002840551159249,0.0,0.9597850674085155,-0.28576154809291376,-0.9273994855538716,1.0636936675619155,1.0278401507591985,0.7878213839044326,-0.4243364477470749,-0.1264866108613091,-0.3064615856703572,-1.1699633596493568,-0.8258645087391261,-0.7712226145753743
/multi_agv/path_reference,1789710635.7384288,1789710635.7378652,world,s_curve,1,1.0501787849849464,0.10002996430844374,0.00015605980935699752,0.960383900414525,-0.2865613541840382,-0.9288268356927807,1.0640945998848625,1.0286662554665296,0.788390845892183,-0.42528442658143484,-0.12738371759977432,-0.30701591837090547,-1.1713907097882659,-0.8272918588780351,-0.7726499647142834
/multi_agv/path_reference,1789710635.7484214,1789710635.7478378,world,s_curve,1,1.0511764877501275,0.10002996430844374,0.0,0.9609807292125047,-0.2873608577935662,-0.930252125357325,1.0644936028468985,1.0294898890718407,0.7889586957187747,-0.4262316070244607,-0.1282807049920053,-0.3075702613642325,-1.1728159994528102,-0.8287171485425795,-0.7740752543788277
/multi_agv/path_reference,1789710635.7583451,1789710635.7578454,world,s_curve,1,1.0521773641659862,0.10002996430844374,0.0,0.9615783109497049,-0.2881637584680591,-0.9316819488085517,1.0648925181872273,1.030314857234756,0.7895275574271314,-0.4271823708294342,-0.12918172424782703,-0.30812718032691594,-1.174245822904037,-0.8301469719938063,-0.7755050778300543
/multi_agv/path_reference,1789710635.7683985,1789710635.76786,world,s_curve,1,1.0531791355499356,0.10002996430844374,0.0,0.9621752768891245,-0.28896823183507114,-0.9331130507856225,1.0652904285870957,1.0311392722119765,0.7900961298683014,-0.4281345549535052,-0.130084729390325,-0.30868541116138315,-1.1756769248811076,-0.8315780739708769,-0.7769361798071251
/multi_agv/path_reference,1789710635.7784026,1789710635.7778592,world,s_curve,1,1.0541793586105186,0.10003127886401945,0.00013146735019258174,0.9627701709262524,-0.28977231334958803,-0.9345419408721696,1.065686364045935,1.0319611228305994,0.7906630259022224,-0.4290858345661309,-0.130987515038886,-0.3092435904437471,-1.1771058149676548,-0.833006964057424,-0.7783650698936723
/multi_agv/path_reference,1789710635.7883186,1789710635.7878473,world,s_curve,1,1.0551785429463019,0.10003127886401945,0.0,0.9633632993965916,-0.29057640773567545,-0.9359693470661457,1.0660805307554542,1.0327808311407198,0.7912285362936006,-0.4300366901890316,-0.13189053474581874,-0.30980199827217586,-1.1785332211616308,-0.8344343702514002,-0.7797924760876483
/multi_agv/path_reference,1789710635.798405,1789710635.7978141,world,s_curve,1,1.0561756385289511,0.10003127886401945,0.0,0.9639540431610923,-0.2913796643784715,-0.9373937693270731,1.0664725200507656,1.0335975400954278,0.7917920693370835,-0.4309861180123258,-0.1327928322177993,-0.31036004290528935,-1.1799576434225583,-0.8358587925123276,-0.7812168983485759
/multi_agv/path_reference,1789710635.8087215,1789710635.807853,world,s_curve,1,1.0571797225968358,0.10003127886401945,0.0,0.9645477705934715,-0.2921894003695346,-0.9388281751383369,1.0668658897765413,1.0344186736770087,0.7923587483268646,-0.43194276343046106,-0.13370262835908903,-0.31092280931905364,-1.1813920492338221,-0.8372931983235915,-0.7826513041598395
/multi_agv/path_reference,1789710635.81852,1789710635.8178558,world,s_curve,1,1.0581803530164533,0.10003231203550444,0.00010328541921825421,0.9651382996927986,-0.29299719764968324,-0.940257647166362,1.067256540882679,1.035235683719831,0.7929226744758858,-0.43289667876482324,-0.13461046603189036,-0.311484448152336,-1.1828215212618471,-0.8387226703516165,-0.7840807761878646
/multi_agv/path_reference,1789710635.8286188,1789710635.8278036,world,s_curve,1,1.0591755535821412,0.10003231203550444,0.0,0.965724478315656,-0.2938014479950205,-0.9416793622602018,1.0676437191641732,1.0360469722308434,0.7934827435519514,-0.4338459707185528,-0.13551453492401377,-0.31204383834249483,-1.184243236355687,-0.8401443854454562,-0.7855024912817045
/multi_agv/path_reference,1789710635.8387465,1789710635.8378582,world,s_curve,1,1.060181275546409,0.10003231203550444,0.0,0.9663156920264829,-0.2946150466923499,-0.9431161079234416,1.0680336193907682,1.0368655313181587,0.7940479253705217,-0.43480585685019857,-0.13642933249565414,-0.31260995073119685,-1.1856799820189268,-0.841581131108696,-0.7869392369449442
/multi_agv/path_reference,1789710635.8488283,1789710635.8478537,world,s_curve,1,1.0611810980050425,0.10003231203550444,0.0,0.9669022783602086,-0.2954247140616186,-0.9445444257214892,1.0684198650063728,1.037677985081986,0.7946089849922671,-0.43576066669507085,-0.13733992877842643,-0.3131735467113584,-1.1871082998169744,-0.8430094489067438,-0.788367554742992
/multi_agv/path_reference,1789710635.8587987,1789710635.8578541,world,s_curve,1,1.0621814447792766,0.10003308689732819,7.748495036392011e-05,0.9674880143437069,-0.2962356436843411,-0.9459734925418237,1.0688049479433106,1.038489562439844,0.795169532647966,-0.4367165283839096,-0.1382521630037587,-0.3137382396653548,-1.188537366637309,-0.8444385157270783,-0.7897966215633264
/multi_agv/path_reference,1789710635.8688586,1789710635.8678834,world,s_curve,1,1.063184667504759,0.10003308689732819,0.0,0.9680742698759587,-0.29704974448439764,-0.9474066678639415,1.069189765755262,1.0393021630021235,0.7957308808704904,-0.43767568978995836,-0.13916818368387968,-0.31430535997935477,-1.1899705419594266,-0.845871691049196,-0.791229796885444
/multi_agv/path_reference,1789710635.878654,1789710635.877803,world,s_curve,1,1.064177169184153,0.10003308689732819,0.0,0.9686531114199959,-0.29785597142671283,-0.948824527405933,1.06956911789018,1.0401047867530238,0.7962854296167838,-0.4386251429029624,-0.14007556043693378,-0.31486721094024217,-1.1913884015014182,-0.8472895505911876,-0.7926476564274357
/multi_agv/path_reference,1789710635.88899,1789710635.8879123,world,s_curve,1,1.0651884109620136,0.10003308689732819,0.0,0.9692417065431403,-0.298678264278201,-0.9502691585171623,1.0699542482556736,1.0409212417289977,0.7968496296447496,-0.4395930752165875,-0.1410012392062539,-0.3154404784117614,-1.1928330326126477,-0.8487341817024169,-0.7940922875386649
/multi_agv/path_reference,1789710635.8986795,1789710635.897873,world,s_curve,1,1.0661845999893473,0.10003382302451087,7.39193208271502e-05,0.969820377742166,-0.29948914777883756,-0.9516922856990677,1.070332277838528,1.0417242347266755,0.7974046206612944,-0.4405471427277909,-0.1419142914382678,-0.31600600917045385,-1.194256159794553,-0.8501573088843224,-0.7955154147205703
/multi_agv/path_reference,1789710635.908371,1789710635.9078472,world,s_curve,1,1.0671824462770272,0.10003382302451087,0.0,0.9703988542079985,-0.3003022049852912,-0.9531177803957531,1.0707095748268964,1.0425272601829099,0.7979597276141892,-0.4415033357488847,-0.1428300072756054,-0.31657327193138346,-1.1956816544912383,-0.8515828035810076,-0.7969409094172558
/multi_agv/path_reference,1789710635.9185963,1789710635.9178824,world,s_curve,1,1.068186456548848,0.10003382302451087,0.0,0.9709797338722559,-0.3011211160098268,-0.9545520807840686,1.071087826543436,1.0433339280121494,0.7985174470611823,-0.44246597718892444,-0.14375253404262905,-0.3171448367979267,-1.1971159548795538,-0.8530171039693232,-0.7983752098055713
/multi_agv/path_reference,1789710635.928307,1789710635.9278007,world,s_curve,1,1.0691786230160902,0.10003382302451087,0.0,0.97155260647223,-0.30193118459668133,-0.9559694614515575,1.071460259179847,1.0441297790445734,0.7990677811922695,-0.44341779502485645,-0.1446653141053243,-0.31771044465986314,-1.1985333355470427,-0.8544344846368119,-0.7997925904730602
/multi_agv/path_reference,1789710635.938341,1789710635.9378595,world,s_curve,1,1.0701847388457415,0.10003450391890863,6.76988983704015e-05,0.9721323605915203,-0.30275347046348977,-0.9574067697796309,1.071836550288321,1.0449354976644623,0.7996250338217775,-0.4443835327980958,-0.14559207815501468,-0.31828480043735874,-1.199970643875116,-0.8558717929648854,-0.8012298988011336
/multi_agv/path_reference,1789710635.9483447,1789710635.947807,world,s_curve,1,1.0711799090000083,0.10003450391890863,0.0,0.9727046439933237,-0.3035676296459939,-0.9588284414285833,1.0722073815551325,1.0457311393137279,0.8001754111111109,-0.4453392954248293,-0.1465098982819537,-0.31885369523119855,-1.2013923155240684,-0.8572934646138377,-0.802651570450086
/multi_agv/path_reference,1789710635.958301,1789710635.9578304,world,s_curve,1,1.0721826100518337,0.10003450391890863,0.0,0.9732800870665563,-0.3043887718347093,-0.9602608715026197,1.072579644617482,1.04653148160788,0.800729134974307,-0.4463028228310444,-0.14743580691288521,-0.31942768576019825,-1.202824745598105,-0.8587258946878743,-0.8040840005241224
/multi_agv/path_reference,1789710635.9684062,1789710635.9678764,world,s_curve,1,1.07318731229391,0.10003450391890863,0.0,0.9738554983327594,-0.3052123787155815,-0.9616961604198715,1.0729512660078009,1.047332090196908,0.8012831387935693,-0.44726880704212435,-0.1483647123382033,-0.32000361676641675,-1.2042600345153567,-0.860161183605126,-0.8055192894413742
/multi_agv/path_reference,1789710635.9783964,1789710635.9778554,world,s_curve,1,1.0741856847068008,0.10003455945760152,5.5648459480978415e-06,0.9744261126662113,-0.3060316140822934,-0.9631224067240012,1.07331917216484,1.04812633312676,0.8018328327070334,-0.44822923284927785,-0.14928890291502253,-0.32057670648257974,-1.2056862808194864,-0.8615874299092557,-0.8069455357455039
/multi_agv/path_reference,1789710635.988503,1789710635.987854,world,s_curve,1,1.0751860215983702,0.10003455945760152,0.0,0.9749966773797134,-0.3068532768061394,-0.9645514594262432,1.073686428076884,1.0489208161039993,0.8023827879582568,-0.44919207372156333,-0.15021604715152456,-0.3211517095453301,-1.2071153335217284,-0.8630164826114978,-0.8083745884477457
/multi_agv/path_reference,1789710635.9984083,1789710635.9978032,world,s_curve,1,1.076181272632902,0.10003455945760152,0.0,0.9755631752856844,-0.30767157050339894,-0.9659732466184316,1.0740504508230284,1.049709944023853,0.8029291310101714,-0.4501505393276828,-0.15113960352639927,-0.3217245686561147,-1.2085371207139168,-0.8644382698036862,-0.8097963756399345
/multi_agv/path_reference,1789710636.0084403,1789710636.007869,world,s_curve,1,1.077188158787079,0.10003455945760152,0.0,0.9761351117334599,-0.30850024912026164,-0.9674116554101131,1.0744173424540429,1.0505069606459103,0.8034810321004268,-0.45112073546281384,-0.15207509740435737,-0.32230491449361365,-1.2099755295055983,-0.8658766785953678,-0.8112347844316159
/multi_agv/path_reference,1789710636.018576,1789710636.0179336,world,s_curve,1,1.0781949996456779,0.1000347403532897,1.797290310921804e-05,0.9767058300228934,-0.3093297121829544,-0.9688499994938256,1.0747828218166835,1.0513025951177986,0.8040320731341979,-0.4520914146128456,-0.15301169454782848,-0.32288602738818906,-1.2114138735893107,-0.8673150226790801,-0.8126731285153282
/multi_agv/path_reference,1789710636.0287251,1789710636.0279317,world,s_curve,1,1.079195148480251,0.1000347403532897,0.0,0.9772715729898116,-0.3101544742186557,-0.9702787835432161,1.0751444891013677,1.052091606557161,0.8045786233109061,-0.4530561617238083,-0.15394319877100848,-0.3234640621611503,-1.2128426576387012,-0.8687438067284705,-0.8141019125647186
/multi_agv/path_reference,1789710636.0385618,1789710636.0378811,world,s_curve,1,1.080190403015118,0.1000347403532897,0.0,0.9778333769166607,-0.310976001922917,-0.9717005757358828,1.0755030176683638,1.0528754347569433,0.8051216783246751,-0.45401669989182813,-0.15487126286898673,-0.32404004300793615,-1.214264449831368,-0.8701655989211372,-0.8155237047573856
/multi_agv/path_reference,1789710636.0485096,1789710636.0479388,world,s_curve,1,1.0811965650379687,0.1000347403532897,0.0,0.9784001504782561,-0.31180734395282683,-0.973137950054241,1.0758640873801004,1.0536665116640471,0.8056698523906207,-0.45498828194246743,-0.15581062964816572,-0.32462312026784723,-1.2157018241497262,-0.8716029732394955,-0.8169610790757437
/multi_agv/path_reference,1789710636.0585585,1789710636.0579286,world,s_curve,1,1.08219587903241,0.10003428470595943,-4.5611644603389466e-05,0.9789618828950583,-0.312633833505788,-0.9745655414748715,1.0762213166710843,1.0544508668791341,0.8062134651349562,-0.45595376422572237,-0.1567447277380919,-0.32520300855354967,-1.2171294155703567,-0.873030564660126,-0.8183886704963742
/multi_agv/path_reference,1789710636.068364,1789710636.06784,world,s_curve,1,1.0831873499387934,0.10003428470595943,0.0,0.9795180396645827,-0.3134546282672157,-0.9759819284839906,1.0765743794618676,1.0552277471579234,0.8067519923739569,-0.4569121721788343,-0.15767260044862302,-0.32577911217418976,-1.2185458025794758,-0.874446951669245,-0.8198050575054933
/multi_agv/path_reference,1789710636.078271,1789710636.077804,world,s_curve,1,1.0841841202614433,0.10003428470595943,0.0,0.9800759968598811,-0.31428060325140966,-0.9774058860877761,1.0769279608673445,1.0560074545247224,0.8072925751875765,-0.4578762057881761,-0.158606540746147,-0.3263590632199058,-1.2199697601832613,-0.8758709092730307,-0.8212290151092789
/multi_agv/path_reference,1789710636.0883076,1789710636.0878513,world,s_curve,1,1.085189005565337,0.10003428470595943,0.0,0.980637305683634,-0.3151141059227412,-0.9788414365219102,1.0772830312358468,1.0567921629997785,0.8078367228152767,-0.45884859632948505,-0.15954920722397406,-0.32694451421476445,-1.2214053106173957,-0.8773064597071648,-0.8226645655434129
/multi_agv/path_reference,1789710636.0983896,1789710636.097862,world,s_curve,1,1.0861904158887001,0.10003370617296485,-5.7791295177414686e-05,0.9811954824317457,-0.31594552710432977,-0.9802720226981432,1.0776354845826392,1.057572810737196,0.8083781519754019,-0.4598181304210685,-0.1604897336422607,-0.32752871724966004,-1.2228358967936284,-0.8787370458833976,-0.8240951517196459
/multi_agv/path_reference,1789710636.1082973,1789710636.107802,world,s_curve,1,1.0871849292881575,0.10003370617296485,0.0,0.9817486369205362,-0.316772011735348,-0.9816927561259394,1.077984137192059,1.0583467493108274,0.808915024258722,-0.46078148533861374,-0.16142488695267193,-0.3281096629147583,-1.2242566302214246,-0.880157779311194,-0.825515885147442
/multi_agv/path_reference,1789710636.1184819,1789710636.1178303,world,s_curve,1,1.0881879381501454,0.10003370617296485,0.0,0.9823053270765627,-0.31760635139853827,-0.9831256259287793,1.078334381801346,1.0591259529623582,0.8094556464659837,-0.46175357006287654,-0.1623691411733006,-0.32869634295943756,-1.2256895000242645,-0.8815906491140336,-0.8269487549502819
/multi_agv/path_reference,1789710636.128355,1789710636.1278658,world,s_curve,1,1.0891918650214547,0.10003370617296485,0.0,0.9828613290844384,-0.3184422525626741,-0.9845598071735069,1.0786835518826998,1.0599045141840684,0.8099959211865466,-0.46272704600259384,-0.16331537665232726,-0.3292843350331011,-1.2271236812689923,-0.8830248303587614,-0.8283829361950096
/multi_agv/path_reference,1789710636.1383598,1789710636.137851,world,s_curve,1,1.0901907619895401,0.10003305417849225,-6.52930186856561e-05,0.983413354787539,-0.3192747563798999,-0.9859868028422003,1.0790295863182042,1.0606778267499162,0.8105326512944966,-0.46369614076557253,-0.1642579786673728,-0.3298701497067542,-1.2285506769376857,-0.8844518260274549,-0.829809931863703
/multi_agv/path_reference,1789710636.1482925,1789710636.1478174,world,s_curve,1,1.0911877126144904,0.10003305417849225,0.0,0.9839631197269065,-0.32010642271374085,-0.9874110180207007,1.0793735672259315,1.0614482905012026,0.8110675014535854,-0.4646638386702936,-0.1651998434148674,-0.3304555860560615,-1.229974892116186,-0.8858760412059553,-0.8312341470422036
/multi_agv/path_reference,1789710636.1583526,1789710636.1577992,world,s_curve,1,1.0921863412939246,0.10003305417849225,0.0,0.9845126220704745,-0.32094027296601685,-0.9888376304198923,1.0797167451467047,1.0622187055667685,0.8116024154979503,-0.46563365550055436,-0.16614439256971242,-0.3310427708277837,-1.2314015045153774,-0.8873026536051468,-0.832660759441395
/multi_agv/path_reference,1789710636.1684666,1789710636.167857,world,s_curve,1,1.0931921740538215,0.10003305417849225,0.0,0.9850648857519262,-0.3217809299661383,-0.9902745343626023,1.0800610001242301,1.0629933157629492,0.8121403413685991,-0.46661096225973453,-0.16709686551211284,-0.33163496212656735,-1.2328384084580875,-0.8887395575478567,-0.834097663384105
/multi_agv/path_reference,1789710636.178504,1789710636.1779284,world,s_curve,1,1.0941997852328635,0.10003252103399925,-5.292893610080673e-05,0.9856169139160532,-0.3226238682901863,-0.991713978904091,1.0804044551449363,1.0637679222485557,0.8126783643546674,-0.46759049213092685,-0.16805213770333832,-0.3322289750362937,-1.2342778529995764,-0.8901790020893455,-0.8355371079255937
/multi_agv/path_reference,1789710636.1884367,1789710636.187848,world,s_curve,1,1.095192079432285,0.10003252103399925,0.0,0.9861593641869391,-0.32345476859490213,-0.9931315420461213,1.080741310904798,1.0645294091125002,0.813207372543519,-0.46855561406128826,-0.16899397726465687,-0.33281471445876115,-1.2356954161416065,-0.8915965652313759,-0.8369546710676239
/multi_agv/path_reference,1789710636.1983852,1789710636.1978505,world,s_curve,1,1.0961925984056182,0.10003252103399925,0.0,0.9867051175536095,-0.3242933336239037,-0.994560854865169,1.0810795732312297,1.0652958551406426,0.8137399242889559,-0.469529218017372,-0.16994471534202182,-0.3334060675123173,-1.2371247289606542,-0.8930258780504234,-0.8383839838866717
/multi_agv/path_reference,1789710636.2083814,1789710636.2078686,world,s_curve,1,1.0971946687833203,0.10003252103399925,0.0,0.9872505153221954,-0.32513397988969434,-0.995992383976172,1.081416964974737,1.0660621268470496,0.8142724541447997,-0.47050481520350607,-0.17089802464949921,-0.33399909981607767,-1.2385562580716571,-0.8944574071614264,-0.8398155129976745
/multi_agv/path_reference,1789710636.2183375,1789710636.2178478,world,s_curve,1,1.0981929887545498,0.10003121929930324,-0.0001304332404424235,0.9877926744555017,-0.32597225554249976,-0.9974185553636428,1.0817517046868204,1.066824172662062,0.8148021460176227,-0.4714772404673817,-0.17184885598478666,-0.3345906701753308,-1.2399824294591282,-0.8958835785488973,-0.8412416843851456
/multi_agv/path_reference,1789710636.2287757,1789710636.2279215,world,s_curve,1,1.0992007951864615,0.10003121929930324,0.0,0.9883387720559698,-0.32681928035845176,-0.9988582788378022,1.0820882180379607,1.0675920833537569,0.8153360147761917,-0.47245938945642574,-0.1728098239983436,-0.3351886276205858,-1.2414221529332874,-0.8973233020230567,-0.8426814078593048
/multi_agv/path_reference,1789710636.2383072,1789710636.2378511,world,s_curve,1,1.1001940932903884,0.10003121929930324,0.0,0.9888758147720608,-0.3276548795914987,-1.0002772761291263,1.08241850351835,1.0683475852075508,0.8158613555902814,-0.4734278722277029,-0.17375803848080934,-0.3357787280659838,-1.2428411502246115,-0.8987422993143809,-0.8441004051506289
/multi_agv/path_reference,1789710636.2483912,1789710636.2478564,world,s_curve,1,1.1011947657958334,0.10003121929930324,0.0,0.9894156447358615,-0.3284974523792433,-1.0017068082797622,1.0827498507933246,1.0691073343759319,0.8163897490383281,-0.4744040183028611,-0.17471437592961997,-0.33637396290524885,-1.2442706823752474,-0.9001718314650168,-0.8455299373012648
/multi_agv/path_reference,1789710636.2583978,1789710636.2578602,world,s_curve,1,1.1021954250006956,0.10003023969971951,-9.792502851513499e-05,0.9899542625142482,-0.32934078479426987,-1.0031363214295652,1.0830797979235436,1.0698657055841654,0.8169172840350357,-0.47538062406675086,-0.17567178575255232,-0.3369699445635063,-1.2457001955250506,-0.9016013446148199,-0.846959450451068
/multi_agv/path_reference,1789710636.2683709,1789710636.267842,world,s_curve,1,1.1031940804998264,0.10003023969971951,0.0,0.990490599384039,-0.3301831952634414,-1.0045629721426093,1.0834076922524924,1.0706211930434886,0.817442912856136,-0.4763557434825758,-0.17662835828399553,-0.3375654840237528,-1.2471268462380947,-0.9030279953278638,-0.8483861011641121
/multi_agv/path_reference,1789710636.2784016,1789710636.2778049,world,s_curve,1,1.1041906687740235,0.10003023969971951,0.0,0.9910246273406884,-0.33102462390675297,-1.0059866696771764,1.0837335206154295,1.0713737553601896,0.8179666060464459,-0.47732930977761856,-0.17758402423865402,-0.33816053770398624,-1.2485505437726616,-0.904451692862431,-0.8498097986986792
/multi_agv/path_reference,1789710636.2883332,1789710636.2878222,world,s_curve,1,1.1051925707545838,0.10003023969971951,0.0,0.9915602946436896,-0.3318713044531108,-1.007417958220834,1.0840596888080616,1.072128958059572,0.8184922370634349,-0.4783085335966046,-0.1785458647003475,-0.3387595150623802,-1.2499818323163192,-0.9058829814060885,-0.8512410872423367
/multi_agv/path_reference,1789710636.2985094,1789710636.2979243,world,s_curve,1,1.1062031097040281,0.1000291562560786,-0.00010724569628048583,0.992099351075286,-0.3327260599465667,-1.0088615852914689,1.0843872481778603,1.0728892752148158,0.819021529833182,-0.47929667108121626,-0.17951709102656827,-0.33936441773191545,-1.251425459386954,-0.9073266084767234,-0.8526847143129715
/multi_agv/path_reference,1789710636.308813,1789710636.3079393,world,s_curve,1,1.1072049983320977,0.1000291562560786,0.0,0.9926325748112795,-0.33357426575722615,-1.0102928547601397,1.0847105954174039,1.0736416994451128,0.8195454295713218,-0.4802768155689391,-0.18048108587627887,-0.3399648958264604,-1.252856728855625,-0.9087578779453943,-0.8541159837816422
/multi_agv/path_reference,1789710636.318501,1789710636.317921,world,s_curve,1,1.1082034378548304,0.1000291562560786,0.0,0.9931627546983022,-0.33442030984417476,-1.0117191969354722,1.0850314336772113,1.0743901601127397,0.8200666703049552,-0.4812540451459443,-0.18144283238543712,-0.3405640520011428,-1.2542830710309574,-0.9101842201207269,-0.8555423259569749
/multi_agv/path_reference,1789710636.3285284,1789710636.3278384,world,s_curve,1,1.1091954985182686,0.1000291562560786,0.0,0.9936883518774666,-0.33526169667506206,-1.0131364264546696,1.0853488415610337,1.0751324798419417,0.8205837342294244,-0.48222548347633043,-0.18239949068513717,-0.3411601158637184,-1.2557003005501548,-0.9116014496399242,-0.8569595554761724
/multi_agv/path_reference,1789710636.3383863,1789710636.337861,world,s_curve,1,1.1101978759698325,0.10002710807221682,-0.00020438798595692382,0.9942182028617889,-0.336112589334047,-1.014568394242618,1.0856681512322273,1.0758811410045575,0.8211053163485817,-0.4832074802821834,-0.18336716539640374,-0.34176312232355377,-1.2571322683381034,-0.9130334174278726,-0.8583915232641208
/multi_agv/path_reference,1789710636.3484106,1789710636.3478553,world,s_curve,1,1.1111975435870116,0.10002710807221682,0.0,0.9947454075047965,-0.3369619363998506,-1.0159964908385881,1.085985196979356,1.076626397519265,0.8216246280157686,-0.48418727666652506,-0.1843332907456009,-0.3423652417874258,-1.2585603649340733,-0.9144615140238427,-0.8598196198600907
/multi_agv/path_reference,1789710636.3585951,1789710636.3578715,world,s_curve,1,1.1121996111545949,0.10002710807221682,0.0,0.9952726598771193,-0.33781407733480967,-1.0174280159351357,1.0863015991670253,1.077372057655797,0.8221443228085358,-0.48516987875353434,-0.18530280272083738,-0.34296955053005723,-1.2599918900306208,-0.9158930391203902,-0.8612511449566383
/multi_agv/path_reference,1789710636.368504,1789710636.3678706,world,s_curve,1,1.1131997992128173,0.10002710807221682,0.0,0.9957977064248573,-0.3386653717038538,-1.0188568560183104,1.0866160049892533,1.0781149345452976,0.8226621797400211,-0.4861510884559116,-0.18627155964257816,-0.34357346701307157,-1.2614207301137956,-0.917321879203565,-0.8626799850398131
/multi_agv/path_reference,1789710636.3783393,1789710636.3778353,world,s_curve,1,1.1141965230162012,0.10002521929946108,-0.00018954589873176054,0.99631972397237,-0.3395144628951214,-1.0202807471660018,1.0869279269357435,1.0788538607717666,0.8231773842095997,-0.48712934546374353,-0.18723801605327234,-0.3441760271683482,-1.262844621261487,-0.9187457703512564,-0.8641038761875044
/multi_agv/path_reference,1789710636.3886285,1789710636.387869,world,s_curve,1,1.115200139557447,0.10002521929946108,0.0,0.9968441290865511,-0.34037017620228743,-1.0217144850820672,1.0872405979410238,1.079596505497957,0.8236952838206721,-0.488114815423622,-0.1882122181512378,-0.34478349503200234,-1.2642783591775524,-0.9201795082673216,-0.8655376141035698
/multi_agv/path_reference,1789710636.3989236,1789710636.397841,world,s_curve,1,1.1161975683385763,0.10002521929946108,0.0,0.9973640851605876,-0.3412213575487722,-1.0231393833408233,1.0875499412395875,1.0803331871005997,0.8242091271415757,-0.48909465251205453,-0.1891814676406698,-0.3453879524935921,-1.2657032574363085,-0.9216044065260778,-0.866962512362326
/multi_agv/path_reference,1789710636.4088616,1789710636.4078653,world,s_curve,1,1.1172000378906324,0.10002521929946108,0.0,0.997885446190972,-0.3420775863180931,-1.0245714827009036,1.0878594406098114,1.081072199204595,0.8247246987585093,-0.49007988470672836,-0.19015667227710112,-0.3459962019704498,-1.2671353567963888,-0.923036505886158,-0.8683946117224062
/multi_agv/path_reference,1789710636.4188278,1789710636.417842,world,s_curve,1,1.118198135199926,0.10002388206084617,-0.00013401077856787797,0.9984033147585338,-0.34293082146451126,-1.0259973359998944,1.088166188222321,1.0818066000735116,0.8252371559797687,-0.49106125907786646,-0.19112867392150582,-0.34660253139416153,-1.2685612100953796,-0.9244623591851489,-0.869820465021397
/multi_agv/path_reference,1789710636.4285524,1789710636.4278827,world,s_curve,1,1.1192022930562575,0.10002388206084617,0.0,0.9989230994369072,-0.343789981934831,-1.0274318472232251,1.0884733858402884,1.0825440607470136,0.8257518517234195,-0.49204903294040164,-0.19210763349054527,-0.34721327937354596,-1.2699957213187103,-0.9258968704084797,-0.8712549762447278
/multi_agv/path_reference,1789710636.4384692,1789710636.4378693,world,s_curve,1,1.1202013881037747,0.10002388206084617,0.0,0.9994390399172141,-0.3446455496780315,-1.0288591258625353,1.0887776282033381,1.0832764089565792,0.8262630825917248,-0.4930322628401014,-0.19308270610297418,-0.3478216800910189,-1.2714229999580204,-0.9273241490477896,-0.8726822548840378
/multi_agv/path_reference,1789710636.4486015,1789710636.447888,world,s_curve,1,1.1212034947703566,0.10002388206084617,0.0,0.9999553083368982,-0.3455044353027401,-1.0302907068147953,1.089081377557141,1.0840095658729394,0.826774981580614,-0.49401889178879554,-0.1940617669755316,-0.3484326471438931,-1.2728545809102805,-0.9287557300000499,-0.8741138358362979
/multi_agv/path_reference,1789710636.4583611,1789710636.4578493,world,s_curve,1,1.122199643253,0.10002291173734107,-9.742983500794422e-05,1.0004672882477146,-0.3463589458063661,-1.0317137760757142,1.0893819209357138,1.0847369740068815,0.8272829698005484,-0.4950000844388395,-0.1950360458141598,-0.3490407071660989,-1.2742776501711994,-0.9301787992609687,-0.8755369050972168
/multi_agv/path_reference,1789710636.4683962,1789710636.4678593,world,s_curve,1,1.1232009258116797,0.10002291173734107,0.0,1.0009806807297956,-0.34721859384403386,-1.033144179730971,1.0896826057001958,1.085466733034248,0.827792703454943,-0.4959867641848211,-0.19601638828469237,-0.349652629062588,-1.2757080538264562,-0.9316092029162257,-0.8769673087524738
/multi_agv/path_reference,1789710636.4786,1789710636.4778588,world,s_curve,1,1.124201125522317,0.10002291173734107,0.0,1.0014922898612955,-0.3480780444740041,-1.0345730364604528,1.0899815559543935,1.0861943021364788,0.828301011493014,-0.49697280524920695,-0.19699671168753874,-0.3502646164852665,-1.277136910555938,-0.9330380596457074,-0.8783961654819556
/multi_agv/path_reference,1789710636.4883828,1789710636.4878566,world,s_curve,1,1.1252011490926068,0.10002291173734107,0.0,1.0020025806725152,-0.3489380736925905,-1.036001641560867,1.0902790447238886,1.0869203420021933,0.8288083552914638,-0.4979590987010993,-0.19797790076358301,-0.3508772216130891,-1.2785655156563522,-0.9344666647461215,-0.8798247705823696
/multi_agv/path_reference,1789710636.4982502,1789710636.4977999,world,s_curve,1,1.126195855634208,0.1000223071909664,-6.0789912068933945e-05,1.0025089391224264,-0.3497942524447702,-1.0374226509060116,1.0905735538490213,1.0876411304605613,0.8293121330576967,-0.4989405686348002,-0.19895490082203482,-0.3514872878774755,-1.2799865250014968,-0.9358876740912662,-0.8812457799275144
/multi_agv/path_reference,1789710636.5087183,1789710636.5079439,world,s_curve,1,1.1272104526118172,0.1000223071909664,0.0,1.0030241683620902,-0.3506682923036536,-1.038872075159739,1.0908725143719313,1.0883749004141892,0.8298250903001501,-0.49994209477192064,-0.19995249174455226,-0.35211029039448777,-1.281435949255224,-0.9373370983449933,-0.8826952041812415
/multi_agv/path_reference,1789710636.518501,1789710636.5178676,world,s_curve,1,1.1282030400808183,0.1000223071909664,0.0,1.003526994934972,-0.3515240931878458,-1.040290057258312,1.0911635851189156,1.0890913534164166,0.8303260462695841,-0.5009223129260058,-0.20092946991842475,-0.35272049671910677,-1.2828539313537974,-0.9387550804435665,-0.8841131862798148
/multi_agv/path_reference,1789710636.528482,1789710636.5278387,world,s_curve,1,1.1292003489027855,0.1000223071909664,0.0,1.004030990469071,-0.352384682066081,-1.0417147841468366,1.0914546401198582,1.0898098182457177,0.830828513041637,-0.5019076083407377,-0.20191211743962031,-0.35333432041788493,-1.2842786582423218,-0.9401798073320912,-0.8855379131683393
/multi_agv/path_reference,1789710636.5383809,1789710636.537862,world,s_curve,1,1.130202737652405,0.10002220685745407,-1.0011663966689416e-05,1.0045363170208168,-0.3532503772245106,-1.0431467680748645,1.0917457626829936,1.0905305310699043,0.8313326573095523,-0.5028983394134285,-0.2029008007366478,-0.3539519915234554,-1.2857106421703497,-0.9416117912601191,-0.8869698970963672
/multi_agv/path_reference,1789710636.5484147,1789710636.5478616,world,s_curve,1,1.1312030006300622,0.10002220685745407,0.0,1.0050393357495426,-0.3541149568970629,-1.0445757151858033,1.0920348534252389,1.0912483035231282,0.8318348503002607,-0.5038873839466959,-0.2038884150497153,-0.35456907169477736,-1.2871395892812885,-0.9430407383710577,-0.8883988442073061
/multi_agv/path_reference,1789710636.558329,1789710636.557837,world,s_curve,1,1.132200885379707,0.10002220685745407,0.0,1.0055399270178573,-0.3549781962523441,-1.046001264828153,1.0923218483402808,1.0919629625153477,0.8323349701979434,-0.5048744875059595,-0.2048747021710952,-0.35518539907997754,-1.288565138923638,-0.9444662880134075,-0.8898243938496556
/multi_agv/path_reference,1789710636.5684721,1789710636.5678837,world,s_curve,1,1.1332055541355317,0.10002220685745407,0.0,1.0060426776386153,-0.3558480243654258,-1.0474365059079025,1.09260937233823,1.0926810587509392,0.8328376018266768,-0.5058687141678117,-0.20586872273271473,-0.3558066361957508,-1.2900003800033877,-0.945901529093157,-0.8912596349294052
/multi_agv/path_reference,1789710636.5786977,1789710636.5779376,world,s_curve,1,1.1342112474815447,0.10002187487137697,-3.301788760410421e-05,1.0065446901523496,-0.35671946131966237,-1.048873210687921,1.0928957601419373,1.0933984577540856,0.8333398525610256,-0.5068643670329542,-0.20686478820806525,-0.3564292287179675,-1.2914370847834062,-0.9473382338731755,-0.8926963397094237
/multi_agv/path_reference,1789710636.5884259,1789710636.5879335,world,s_curve,1,1.1352110343358028,0.10002187487137697,0.0,1.0070425129284843,-0.3575864942281145,-1.0503014776225756,1.0931790479109813,1.0941102243435583,0.8338382665309134,-0.507854579133756,-0.2078560242864844,-0.3570488792641031,-1.2928653517180608,-0.9487665008078302,-0.8941246066440783
/multi_agv/path_reference,1789710636.5985153,1789710636.5978866,world,s_curve,1,1.1362064764398603,0.10002187487137697,0.0,1.0075369416064546,-0.3584504647686029,-1.051723537771229,1.093459699310808,1.0948174906475612,0.8343336348609944,-0.5088408890265289,-0.20884396170445474,-0.3576665435748251,-1.2942874118667143,-0.9501885609564836,-0.8955466667927318
/multi_agv/path_reference,1789710636.6084573,1789710636.6078582,world,s_curve,1,1.1372039179811964,0.10002187487137697,0.0,1.0080311305400453,-0.35931687503807286,-1.053148454258852,1.0937395072935994,1.0955247676752542,0.8348291166512825,-0.5098295793333277,-0.20983489130473992,-0.3582861544761508,-1.2957123283543373,-0.9516134774441066,-0.8969715832803548
/multi_agv/path_reference,1789710636.6184165,1789710636.617928,world,s_curve,1,1.1382112981629418,0.10002086854705812,-9.991603392152226e-05,1.0085289898640697,-0.3601926322794315,-1.0545875688042026,1.0940206729171986,1.09623765802022,0.8353286386547905,-0.5108285248440634,-0.21083671666081824,-0.35891265533341266,-1.2971514428996878,-0.9530525919894571,-0.8984106978257052
/multi_agv/path_reference,1789710636.6287022,1789710636.6278648,world,s_curve,1,1.1392049339770358,0.10002086854705812,0.0,1.0090188216561986,-0.3610571418384149,-1.0560070485386226,1.0942965940548097,1.0969394090735096,0.8358204618402765,-0.5118142363140338,-0.2118258773252608,-0.3595313118759501,-1.2985709226341078,-0.9544720717238772,-0.8998301775601254
/multi_agv/path_reference,1789710636.638762,1789710636.637847,world,s_curve,1,1.1402035239247699,0.10002086854705812,0.0,1.0095098587587896,-0.36192666140435203,-1.057433605606814,1.094572480858748,1.0976432435570376,0.836313851860583,-0.5128052560474612,-0.21282097243171771,-0.3601537557338771,-1.2999974797022993,-0.9558986287920685,-0.9012567346283169
/multi_agv/path_reference,1789710636.6486394,1789710636.6478837,world,s_curve,1,1.141207192632146,0.10002086854705812,0.0,1.0100021427383021,-0.36280130829427554,-1.058867418045923,1.0948483458699645,1.0983492264618,0.8368088558831416,-0.5138017116518184,-0.2138221392888295,-0.3607800739421785,-1.3014312921414082,-0.9573324412311776,-0.9026905470674256
/multi_agv/path_reference,1789710636.6584418,1789710636.6578093,world,s_curve,1,1.1422001928216472,0.10001931787654743,-0.00015619030929750154,1.0104879595433562,-0.36366735173430614,-1.0602859897452104,1.0951198724781468,1.0990462919364874,0.8372977142154345,-0.5147879635415578,-0.21481365925827883,-0.3614004324030818,-1.3028498638406956,-0.9587510129304648,-0.9041091187667131
/multi_agv/path_reference,1789710636.6688223,1789710636.6678119,world,s_curve,1,1.143200663654039,0.10001931787654743,0.0,1.0109761881945472,-0.364540606850235,-1.0617152337914844,1.095392026527757,1.09974717831824,0.8377893597376445,-0.5157820239240689,-0.21581363783499807,-0.3620261587916379,-1.3042791078869695,-0.9601802569767388,-0.905538362812987
/multi_agv/path_reference,1789710636.6786225,1789710636.6778102,world,s_curve,1,1.1442006701967573,0.10001931787654743,0.0,1.011462942560897,-0.36541415312803704,-1.0631438145667962,1.0956626342470122,1.1004463105172133,0.8382798829184654,-0.5167760106746566,-0.21681415236373414,-0.36265229634572027,-1.3057076886622814,-0.9616088377520505,-0.9069669435882989
/multi_agv/path_reference,1789710636.688816,1789710636.6878116,world,s_curve,1,1.1452010147047507,0.10001931787654743,0.0,1.011948612363819,-0.3662886894646594,-1.064572878149644,1.0959319124278588,1.1011442482354457,0.8387696764281526,-0.5177707191261127,-0.21781600328482292,-0.3632793459830425,-1.3071367522451294,-0.9630379013348985,-0.9083960071711467
/multi_agv/path_reference,1789710636.6986313,1789710636.6978123,world,s_curve,1,1.1462012925669192,0.100018554504262,-7.633018326664014e-05,1.0124329996735306,-0.36716386062654793,-1.0660018465241703,1.0961997510366819,1.1018407071794585,0.8392585408044513,-0.5187657450675534,-0.21881878373306135,-0.363907053079029,-1.3085657206196555,-0.9644668697094247,-0.909824975545673
/multi_agv/path_reference,1789710636.7086213,1789710636.707815,world,s_curve,1,1.1472017141557505,0.100018554504262,0.0,1.01291620522496,-0.36803984896961234,-1.0674310202225008,1.0964662056876597,1.1025358322316072,0.8397465777556132,-0.5197612957814685,-0.21982270267678478,-0.3645355484505836,-1.309994894317986,-0.9658960434077555,-0.9112541492440034
/multi_agv/path_reference,1789710636.718635,1789710636.717808,world,s_curve,1,1.1482012311767749,0.100018554504262,0.0,1.0133977231538494,-0.36891573400018973,-1.068858901681107,1.0967309982766342,1.1032288952433507,0.8402332759415632,-0.520756325599769,-0.22082670496351048,-0.3651641714372896,-1.3114227757765922,-0.9673239248663614,-0.9126820307026096
/multi_agv/path_reference,1789710636.7286255,1789710636.727815,world,s_curve,1,1.1492020759441102,0.100018554504262,0.0,1.0138786270527975,-0.36979347058632867,-1.0702886799201574,1.0969947186982085,1.1039214417219358,0.8407197207382482,-0.5217530550474334,-0.22183303152757483,-0.3657943251839776,-1.3128525540156428,-0.968753703105412,-0.91411180894166
/multi_agv/path_reference,1789710636.738909,1789710636.7378423,world,s_curve,1,1.1502050160604331,0.10001779249475329,-7.599108628846055e-05,1.014359278322859,-0.3706737336483203,-1.0717214515149045,1.0972575613548228,1.104613994012216,0.841206279601538,-0.5227522484699492,-0.22284245720171258,-0.36642649527329896,-1.3142853256103897,-0.9701864747001591,-0.9155445805364072
/multi_agv/path_reference,1789710636.7488132,1789710636.747921,world,s_curve,1,1.1512130418814688,0.10001779249475329,0.0,1.0148410955246414,-0.3715591533572437,-1.0731614884020984,1.0975202940078739,1.1053086000507193,0.8416943925153311,-0.52375688704001,-0.22385800026484537,-0.3670625727668757,-1.3157253624975835,-0.9716265115873529,-0.916984617423601
/multi_agv/path_reference,1789710636.7588637,1789710636.7578628,world,s_curve,1,1.1522071485263763,0.10001779249475329,0.0,1.015315010526663,-0.3724330254433164,-1.0745816407519662,1.0977779817383744,1.1059921818929803,0.8421748679486346,-0.5247480226659683,-0.22486049889110354,-0.3676905547728772,-1.3171455148474513,-0.9730466639372207,-0.918404769773469
/multi_agv/path_reference,1789710636.768704,1789710636.7678401,world,s_curve,1,1.1532052504820227,0.10001779249475329,0.0,1.0157895811581332,-0.37331108583846434,-1.076007500688604,1.0980352887643936,1.1066770780297102,0.8426563766802959,-0.5257435088341824,-0.22586800220135678,-0.36832174647985366,-1.3185713747840893,-0.9744725238738586,-0.9198306297101069
/multi_agv/path_reference,1789710636.7785547,1789710636.777857,world,s_curve,1,1.1542069703497932,0.10001684065382783,-9.503667166025128e-05,1.0162646126697417,-0.3741930085005463,-1.0774385290711332,1.0982921010136262,1.1073630116451856,0.8431387253504133,-0.5267429713192697,-0.2268801383767487,-0.36895591580562037,-1.3200024031666184,-0.9759035522563877,-0.9212616580926359
/multi_agv/path_reference,1789710636.788622,1789710636.7878704,world,s_curve,1,1.15520847918203,0.10001684065382783,0.0,1.016738281968949,-0.3750754240271182,-1.0788692559743287,1.0985474290971304,1.1080473521207004,0.843620064689016,-0.5277425896068837,-0.22789304156229145,-0.36959064091217936,-1.3214331300698139,-0.9773342791595832,-0.9226923849958313
/multi_agv/path_reference,1789710636.7985258,1789710636.7978358,world,s_curve,1,1.1562053903401188,0.10001684065382783,0.0,1.017208522526667,-0.3759544607178522,-1.0802934147715983,1.098800164477632,1.1087271110945487,0.8440982920078202,-0.5287379806529078,-0.22890226608430453,-0.3702231354163442,-1.3228572888670835,-0.9787584379568528,-0.924116543793101
/multi_agv/path_reference,1789710636.8085687,1789710636.8078537,world,s_curve,1,1.1572071679176064,0.10001684065382783,0.0,1.017679796957119,-0.37683846216089345,-1.0817245255965806,1.0990527052804444,1.109408739722146,0.8445779458687667,-0.5297385922818442,-0.22991739131259603,-0.37085940288824004,-1.324288399692066,-0.9801895487818352,-0.9255476546180833
/multi_agv/path_reference,1789710636.8183212,1789710636.8178332,world,s_curve,1,1.1582055057607865,0.10001585317714894,-9.892775597684491e-05,1.0181481941693817,-0.3777200983264122,-1.0831507225154093,1.0993029541144002,1.1100865819518828,0.8450550464418622,-0.5307361266968624,-0.23093000039077327,-0.37149416789160083,-1.3257145966108945,-0.9816157457006639,-0.9269738515369119
/multi_agv/path_reference,1789710636.8283594,1789710636.8278046,world,s_curve,1,1.1592027866364303,0.10001585317714894,0.0,1.0186148396282502,-0.378601467142014,-1.0845754094806148,1.0995515173446975,1.1107622639739834,0.8455307375660697,-0.5317329603111982,-0.23194250155706453,-0.37212893955777904,-1.3271392835761,-0.9830404326658694,-0.9283985385021174
/multi_agv/path_reference,1789710636.838478,1789710636.8378854,world,s_curve,1,1.1602110482525945,0.10001585317714894,0.0,1.0190853460854283,-0.3794932154143389,-1.0860157832179922,1.0998013733383194,1.1114439184924656,0.8460107464254997,-0.532741128759058,-0.23296712864841845,-0.3727713888355401,-1.3285796573134774,-0.9844808064032466,-0.9298389122394949
/multi_agv/path_reference,1789710636.8483677,1789710636.8478246,world,s_curve,1,1.161204928689246,0.10001585317714894,0.0,1.0195478840969006,-0.3803729066902628,-1.0874356124132087,1.1000462442031156,1.1121144053563925,0.8464830027311937,-0.5337352685011391,-0.23397810096985466,-0.37340535059979457,-1.329999486508694,-0.9859006355984633,-0.9312587414347113
/multi_agv/path_reference,1789710636.858528,1789710636.8578238,world,s_curve,1,1.1622050522539045,0.10001507687593887,-7.763223260320462e-05,1.0200120662472538,-0.38125878585941375,-1.0888643603627208,1.1002912281065764,1.112787654235115,0.8469573164000701,-0.5347360029672461,-0.2349963837408015,-0.37404397087019364,-1.331428234458206,-0.9873293835479754,-0.9326874893842235
/multi_agv/path_reference,1789710636.8683715,1789710636.8678567,world,s_curve,1,1.1632084659145319,0.10001507687593887,0.0,1.0204765029600018,-0.38214824487382576,-1.0902978084493313,1.1005355807937354,1.1134616551201328,0.8474322729661372,-0.5357403802727849,-0.2360189819667773,-0.374685372381915,-1.3328616825448165,-0.9887628316345858,-0.9341209374708339
/multi_agv/path_reference,1789710636.878392,1789710636.8778498,world,s_curve,1,1.1642079159776626,0.10001507687593887,0.0,1.020937837205526,-0.38303485130816495,-1.0917255942538038,1.1007775368400714,1.1141315358035035,0.847904438973003,-0.536741137328827,-0.23703850018379835,-0.3753249164118694,-1.334289468349289,-0.9901906174390583,-0.9355487232753066
/multi_agv/path_reference,1789710636.8884983,1789710636.8878605,world,s_curve,1,1.1652093019326215,0.10001507687593887,0.0,1.0213987949897871,-0.3839238347598615,-1.0931561456180308,1.1010185282671248,1.1148012534364278,0.8483766032658087,-0.5377441782546204,-0.23806095135176636,-0.37596637467319777,-1.335720019713516,-0.9916211688032853,-0.9369792746395335
/multi_agv/path_reference,1789710636.8986144,1789710636.8978662,world,s_curve,1,1.1662097952792183,0.10001444961965451,-6.270375736522011e-05,1.0218580713875742,-0.38481268342700825,-1.0945854218274549,1.1012578716574875,1.1154689127096489,0.8488474297955865,-0.5387466683591793,-0.2390834468717672,-0.37660793505007806,-1.33714929592294,-0.9930504450127094,-0.9384085508489576
/multi_agv/path_reference,1789710636.9086523,1789710636.907922,world,s_curve,1,1.1672157359128137,0.10001444961965451,0.0,1.0223185670941775,-0.3857070323996287,-1.0960224798754483,1.1014970733826508,1.1161387330568564,0.8493198948430253,-0.5397549604672472,-0.24011247048629553,-0.37725366624534323,-1.3385863539709335,-0.9944875030607028,-0.939845608896951
/multi_agv/path_reference,1789710636.9187486,1789710636.9179096,world,s_curve,1,1.1682146413299939,0.10001444961965451,0.0,1.0227745699865267,-0.3865957805201956,-1.097449487614277,1.1017331681464997,1.1168024049198912,0.8497881368931889,-0.5407565400428831,-0.2411352489051079,-0.3778955526125957,-1.3400133617097623,-0.9959145107995316,-0.9412726166357797
/multi_agv/path_reference,1789710636.9285123,1789710636.927874,world,s_curve,1,1.1692111979078248,0.10001444961965451,0.0,1.0232282363817322,-0.3874830863544098,-1.0988731398683211,1.1019672832869956,1.1174630611717309,0.8502543646864702,-0.5417560991999841,-0.24215656504189004,-0.3785365948213552,-1.3414370139638063,-0.9973381630535757,-0.9426962688898238
/multi_agv/path_reference,1789710636.9393148,1789710636.938411,world,s_curve,1,1.1702649768534445,0.10001381368696789,-6.03561624585183e-05,1.023706578262813,-0.3884220426357666,-1.1003785383620637,1.1022132936744657,1.1181600705178443,0.8507463705961289,-0.5428134142705627,-0.2432375469042018,-0.379215166732535,-1.3429424124575489,-0.9988435615473181,-0.9442016673835663
/multi_agv/path_reference,1789710636.9486902,1789710636.9478984,world,s_curve,1,1.1712137103904245,0.10001381368696789,0.0,1.024136026278827,-0.389268015203631,-1.1017338719863208,1.1024334178316422,1.1187862051502238,0.8511884558546152,-0.5437656477939887,-0.24421166877365708,-0.3798267290432472,-1.344297746081806,-1.0001988951715752,-0.9455570010078235
/multi_agv/path_reference,1789710636.9583871,1789710636.957864,world,s_curve,1,1.1722104872630439,0.10001381368696789,0.0,1.0245859862667415,-0.39015745321252615,-1.1031578389472056,1.1026632989884726,1.119442624552905,0.8516520352588468,-0.5447664220278992,-0.24523603252859852,-0.3804699050810807,-1.3457217130426908,-1.0016228621324603,-0.9469809679687083
/multi_agv/path_reference,1789710636.9686205,1789710636.9678924,world,s_curve,1,1.1732133809805083,0.10001381368696789,0.0,1.025037428832747,-0.39105299508343194,-1.1045905442578692,1.1028931524070902,1.1201015993834598,0.8521175347076914,-0.5457736669625168,-0.24626762469848926,-0.3811176935892896,-1.3471544183533544,-1.0030555674431236,-0.9484136732793718
/multi_agv/path_reference,1789710636.978602,1789710636.9778833,world,s_curve,1,1.1742126611185804,0.10000762988135692,-0.0006188732460885758,1.025485968190298,-0.3919459525661746,-1.1060180873122578,1.1031207420888824,1.1207567291560498,0.8525804333259615,-0.5467776091539527,-0.24729643785905026,-0.3817638106855206,-1.348581961407743,-1.0044831104975123,-0.9498412163337604
/multi_agv/path_reference,1789710636.9886549,1789710636.9879427,world,s_curve,1,1.1752186282668244,0.10000762988135692,0.0,1.0259362211292171,-0.3928455313657922,-1.1074551832383208,1.1033484069940935,1.1214147588730092,0.8530454975205484,-0.5477885966498565,-0.24833307920229433,-0.3824149182452258,-1.350019057333806,-1.0059202064235755,-0.9512783122598234
/multi_agv/path_reference,1789710636.998673,1789710636.9979575,world,s_curve,1,1.1762203570917142,0.10000762988135692,0.0,1.0263832919626796,-0.39374196214054935,-1.1088862244167348,1.1035736687311286,1.122068535141504,0.8535076720154062,-0.5487956487602001,-0.24936629162155494,-0.38306394603989286,-1.35145009851222,-1.0073512476019892,-0.9527093534382375
/multi_agv/path_reference,1789710637.0084546,1789710637.0078673,world,s_curve,1,1.1772112322885482,0.10000762988135692,0.0,1.0268242562139729,-0.39462930875686997,-1.1103017604122118,1.1037950716462854,1.122713772418776,0.8539639245768571,-0.5497921057530728,-0.2503892287443824,-0.3837065917731546,-1.352865634507697,-1.0087667835974663,-0.9541248894337145
/multi_agv/path_reference,1789710637.0184858,1789710637.0178807,world,s_curve,1,1.178212580928635,0.10000277034932953,-0.00048531215391492497,1.0272686049965278,-0.3955266677062022,-1.1117322584694787,1.104017381671251,1.1233643581746717,0.8544240751436607,-0.5507994125100906,-0.25142390499456907,-0.3843566856139468,-1.3542961325649638,-1.010197281654733,-0.9555553874909813
/multi_agv/path_reference,1789710637.0286155,1789710637.0278502,world,s_curve,1,1.1792097281523313,0.10000277034932953,0.0,1.0277098133261524,-0.39642089229989413,-1.1131567545033305,1.1042373267976702,1.1240107427506192,0.8548813704301679,-0.5518028078559416,-0.25245516376708016,-0.3850047052766605,-1.3557206285988157,-1.0116217776885852,-0.9569798835248332
/multi_agv/path_reference,1789710637.038763,1789710637.037834,world,s_curve,1,1.1802079539059056,0.10000277034932953,0.0,1.0281502225470647,-0.39731671270647445,-1.114582791294151,1.1044560779530388,1.1246563544096038,0.8553382352785515,-0.5528076012844312,-0.25348845917842033,-0.38565407765657167,-1.3571466653896362,-1.0130478144794055,-0.9584059203156537
/multi_agv/path_reference,1789710637.0484283,1789710637.0478797,world,s_curve,1,1.1812125928371424,0.10000277034932953,0.0,1.0285921709722385,-0.3982189215486351,-1.1160179897673463,1.1046747875817573,1.1253046254623886,0.8557970998725697,-0.5538191639965471,-0.25452932155444397,-0.38630827909491416,-1.3585818638628315,-1.0144830129526008,-0.959841118788849
/multi_agv/path_reference,1789710637.0586998,1789710637.0578551,world,s_curve,1,1.182210164691006,0.09999855189105807,-0.00042286650001736403,1.0290297288345818,-0.3991154105607392,-1.1174430924157228,1.10489052194281,1.1259468574774207,0.8562518070835143,-0.5548239205047707,-0.25556378160576215,-0.3869585295716846,-1.360006966511208,-1.0159081156009773,-0.9612662214372255
/multi_agv/path_reference,1789710637.0688183,1789710637.0678961,world,s_curve,1,1.1832143556490162,0.09999855189105807,0.0,1.0294688992538332,-0.40001847680780817,-1.118877650927166,1.1051062414112782,1.1265918613115087,0.8567085950387129,-0.5558356532401822,-0.256606028808538,-0.3876137483747042,-1.3614415250226513,-1.0173426741124207,-0.9627007799486688
/multi_agv/path_reference,1789710637.078691,1789710637.0778372,world,s_curve,1,1.184208466752996,0.09999855189105807,0.0,1.029902384796095,-0.40091309795789193,-1.1202978096471372,1.1053183656314878,1.1272289172826426,0.8571598714741548,-0.5568375342552077,-0.2576387245544635,-0.38826303506400445,-1.3628616837426224,-1.0187628328323917,-0.9641209386686399
/multi_agv/path_reference,1789710637.0885465,1789710637.0878816,world,s_curve,1,1.1852128863076958,0.09999855189105807,0.0,1.0303390746659413,-0.40181762016483347,-1.12173269472528,1.1055312442943606,1.1278710891498727,0.8576148905535906,-0.5578501091745619,-0.2586830465960894,-0.38891970472384896,-1.364296568820765,-1.0201977179105344,-0.9655558237467825
/multi_agv/path_reference,1789710637.0985177,1789710637.0979238,world,s_curve,1,1.186217064498173,0.09999514955008693,-0.0003388020148772935,1.0307743617573029,-0.40272255044394256,-1.1231672349973902,1.1057426192040645,1.1285116081250928,0.8580688579427515,-0.5588627450621,-0.2597280377085164,-0.3895768685612112,-1.3657311090928754,-1.0216322581826447,-0.9669903640188928
/multi_agv/path_reference,1789710637.1084955,1789710637.1078413,world,s_curve,1,1.1872085962020915,0.09999514955008693,0.0,1.0312028925846128,-0.403616696003798,-1.124583708860131,1.1059499063926572,1.1291425888245743,0.8585161825366069,-0.559862924523977,-0.2607607689289158,-0.3902263945585011,-1.3671475829556161,-1.0230487320453854,-0.9684068378816336
/multi_agv/path_reference,1789710637.1185293,1789710637.117845,world,s_curve,1,1.188209067072399,0.09999514955008693,0.0,1.0316340027767124,-0.4045195170218923,-1.1260129529605702,1.1061576263161612,1.1297777749055586,0.8589666071084172,-0.5608724176491289,-0.2618037155410433,-0.3908824178755047,-1.3685768270560554,-1.0244779761458247,-0.9698360819820729
/multi_agv/path_reference,1789710637.1287425,1789710637.127879,world,s_curve,1,1.18921222801222,0.09999514955008693,0.0,1.032064976161837,-0.4054253832574978,-1.127446040017457,1.1063644559337813,1.1304131716077872,0.8594173009439424,-0.5618849221345456,-0.262850376848502,-0.39154085078944567,-1.3700099141129423,-1.0259110632027115,-0.9712691690389598
/multi_agv/path_reference,1789710637.1385336,1789710637.137834,world,s_curve,1,1.1902078845092625,0.09999174452520836,-0.00034195968064407037,1.0324914413703759,-0.40632508271590034,-1.1288684064418038,1.1065683032638904,1.1310423311646227,0.8598636896826145,-0.5628901443740147,-0.26389010765442805,-0.39219499611925807,-1.371432280537289,-1.0273334296270582,-0.9726915354633064
/multi_agv/path_reference,1789710637.1483605,1789710637.1478548,world,s_curve,1,1.1912097248957536,0.09999174452520836,0.0,1.0329192632604824,-0.4072309813943095,-1.1302996069939337,1.1067719733607024,1.1316739050674844,0.8603119113532605,-0.5639019015130503,-0.264937198249821,-0.3928538444200572,-1.372863481089419,-1.0287646301791882,-0.9741227360154364
/multi_agv/path_reference,1789710637.1583917,1789710637.1578462,world,s_curve,1,1.1922089216005112,0.09999174452520836,0.0,1.0333446643535293,-0.4081350985282353,-1.1317270308578733,1.1069736634806593,1.1323023190251122,0.8607580105548164,-0.5649112781204715,-0.2659824250328004,-0.393511592431434,-1.3742909049533585,-1.0301920540431277,-0.975550159879376
/multi_agv/path_reference,1789710637.16853,1789710637.1678672,world,s_curve,1,1.193210914374421,0.09999174452520836,0.0,1.033769959463667,-0.4090423545083185,-1.1331584491063158,1.1071744709516846,1.1329309926166373,0.8612044148226785,-0.5659237673436364,-0.2670314763896494,-0.3941718197916696,-1.375722323201801,-1.0316234722915703,-0.9769815781278184
/multi_agv/path_reference,1789710637.1783257,1789710637.1778045,world,s_curve,1,1.1942045577488545,0.09998926032144112,-0.00024998274387456535,1.034190427709069,-0.4099426508156252,-1.1345779396412208,1.1073721736379283,1.133552943989273,0.8616461655000056,-0.5669281025708878,-0.26807267387030326,-0.39482717600568445,-1.377141813736706,-1.0330429628264752,-0.9784010686627235
/multi_agv/path_reference,1789710637.1884449,1789710637.1878746,world,s_curve,1,1.1952112787186455,0.09998926032144112,0.0,1.0346151262064722,-0.4108554038595333,-1.136016112455208,1.1075710243218633,1.1341815732025373,0.862092781095016,-0.5679459412262908,-0.2691284740523165,-0.39549179629999237,-1.3785799865506931,-1.0344811356404626,-0.9798392414767106
/multi_agv/path_reference,1789710637.1983798,1789710637.1978765,world,s_curve,1,1.1962114029969761,0.09998926032144112,0.0,1.0350357414987346,-0.41176277984253395,-1.1374448614242518,1.1077671222838903,1.134804579007103,0.8625355232052104,-0.5689573925017618,-0.27017825010065577,-0.3961526969251842,-1.380008735519737,-1.0359098846095063,-0.9812679904457545
/multi_agv/path_reference,1789710637.208353,1789710637.2078474,world,s_curve,1,1.1972084060105566,0.09998926032144112,0.0,1.0354537532904773,-0.4126679212567056,-1.1388691514436524,1.1079611696619145,1.1354241469676607,0.8629759432418568,-0.5699659650180284,-0.27122563483560386,-0.3968121639164844,-1.3814330255391376,-1.0373341746289069,-0.982692280465155
/multi_agv/path_reference,1789710637.218305,1789710637.2178338,world,s_curve,1,1.1982070519650267,0.09998768028144273,-0.0001581987424914581,1.0358711611390472,-0.41357515014609814,-1.1402957885214668,1.1081540965781904,1.136043239823439,0.8634161470155122,-0.5709764755671397,-0.2722756290851688,-0.3974733457859858,-1.382859662616952,-1.0387608117067213,-0.9841189175429695
/multi_agv/path_reference,1789710637.228357,1789710637.2278543,world,s_curve,1,1.1992088501311056,0.09998768028144273,0.0,1.0362885857113657,-0.41448584005888844,-1.1417269287587224,1.1083461838336157,1.136662781172499,0.8638567921279824,-0.5719904512702823,-0.27332982394363314,-0.3981372449627498,-1.3842908028542078,-1.040191951943977,-0.9855500577802251
/multi_agv/path_reference,1789710637.2384279,1789710637.237841,world,s_curve,1,1.2002074998851076,0.09998768028144273,0.0,1.0367034007751794,-0.4153942615587719,-1.1431535712644394,1.1085362228707312,1.1372788731943029,0.8642951062605043,-0.5730015128823984,-0.27438158713668254,-0.39879968465723464,-1.3857174453599246,-1.041618594449694,-0.9869767002859421
/multi_agv/path_reference,1789710637.2483876,1789710637.2478607,world,s_curve,1,1.2012091356711936,0.09998768028144273,0.0,1.0371181539619374,-0.41630599280616,-1.1445844795302766,1.1087253810769897,1.137895299549578,0.8647337812592447,-0.5740158689233307,-0.2754373769713775,-0.3994647325237717,-1.3871483536257618,-1.043049502715531,-0.9884076085517793
/multi_agv/path_reference,1789710637.2584105,1789710637.2578735,world,s_curve,1,1.2022101178911424,0.09998642717066047,-0.0001251711243909284,1.0375313327676259,-0.41721772111279365,-1.1460144541302035,1.1089129656303356,1.1385098137932714,0.865171218879271,-0.5750298324663058,-0.27649335801331687,-0.4001299728587582,-1.3885783282256887,-1.044479477315458,-0.9898375831517061
/multi_agv/path_reference,1789710637.268359,1789710637.2678258,world,s_curve,1,1.2032054362799376,0.09998642717066047,0.0,1.037940880506991,-0.41812487555058103,-1.147436337542768,1.1090980508638926,1.1391193530261199,0.8656052376309603,-0.5760383237011387,-0.2775442342848083,-0.4007920686657959,-1.3900002116382533,-1.0459013607280225,-0.9912594665642708
/multi_agv/path_reference,1789710637.2783854,1789710637.2778678,world,s_curve,1,1.2042094943823454,0.09998642717066047,0.0,1.0383527171842903,-0.41904058459170973,-1.1488707062604935,1.109283308308873,1.1397327300254585,0.8660421132185394,-0.5770559358798591,-0.27860521512829933,-0.40146060276697054,-1.3914345803559787,-1.047335729445748,-0.9926938352819961
/multi_agv/path_reference,1789710637.2883894,1789710637.2878227,world,s_curve,1,1.205204874662739,0.09998642717066047,0.0,1.038759697460275,-0.41994896159893774,-1.1502926780896274,1.1094655235715238,1.1403393028779643,0.8664742659313369,-0.5780650144016999,-0.27965789358965015,-0.40212397680546313,-1.3928565521851126,-1.0487577012748819,-0.9941158071111301
/multi_agv/path_reference,1789710637.2984185,1789710637.2978728,world,s_curve,1,1.2062097114109374,0.09998511902084896,-0.00013016593475113393,1.0391692337355236,-0.4208665545114168,-1.151728159158482,1.1096480144758334,1.140950119598558,0.8669095671321795,-0.5790839412467542,-0.2807214465948863,-0.40279427569260984,-1.3942920332539672,-1.0501931823437365,-0.9955512881799846
/multi_agv/path_reference,1789710637.3084273,1789710637.307838,world,s_curve,1,1.2072062571930962,0.09998511902084896,0.0,1.0395740894548173,-0.42177715605515814,-1.1531517959901374,1.1098275547509133,1.1415543878460916,0.8673403257674471,-0.5800947186118443,-0.2817770891265074,-0.4034596604271226,-1.3957156700856226,-1.0516168191753918,-0.9969749250116401
/multi_agv/path_reference,1789710637.3184435,1789710637.3178785,world,s_curve,1,1.2082100109024851,0.09998511902084896,0.0,1.0399805626794707,-0.42269492555280386,-1.1545857298606932,1.110006938911717,1.142161506995587,0.8677732421311077,-0.5811130641347853,-0.28284123550972085,-0.40413047701390536,-1.3971496039561784,-1.0530507530459476,-0.9984088588821959
/multi_agv/path_reference,1789710637.3284247,1789710637.3278675,world,s_curve,1,1.2092087422593607,0.09998511902084896,0.0,1.0403836954406764,-0.423608680513188,-1.1560124889419439,1.1101839759574645,1.1427640732095439,0.8682030371550208,-0.5821265685882494,-0.2839009203568388,-0.4047985525944757,-1.398576363037429,-1.0544775121271983,-0.9998356179634466
/multi_agv/path_reference,1789710637.338433,1789710637.3378766,world,s_curve,1,1.2102094836151096,0.09998363039266706,-0.00014872818943324566,1.0407863315023553,-0.42452485041508853,-1.1574421194501567,1.1103599187570417,1.1433663350546288,0.8686327406953956,-0.5831423650738252,-0.2849635990907486,-0.4054685870806917,-1.400005993545642,-1.0559071426354114,-1.0012652484716593
/multi_agv/path_reference,1789710637.3484018,1789710637.347863,world,s_curve,1,1.2112080003350822,0.09998363039266706,0.0,1.0411867666432142,-0.4254395564693805,-1.1588685719072604,1.1105340228481129,1.1439657432546775,0.8690605338268522,-0.5841561531341658,-0.2860247725807975,-0.406137743693178,-1.4014324460027456,-1.057333595092515,-1.0026917009287633
/multi_agv/path_reference,1789710637.358398,1789710637.3578098,world,s_curve,1,1.2122026495882479,0.09998363039266706,0.0,1.0415843531528493,-0.4263512866566636,-1.1602894994117827,1.110706014648757,1.144561324241459,0.8694857205683317,-0.5851662604848424,-0.2870826849353293,-0.40680491454981904,-1.402853373507268,-1.0587545225970372,-1.0041126284332855
/multi_agv/path_reference,1789710637.3683565,1789710637.3678591,world,s_curve,1,1.2132072379141599,0.09998363039266706,0.0,1.0419845972908028,-0.42727269978768306,-1.1617246255916571,1.1108782681572198,1.1451613302821646,0.8699141934330242,-0.586186708341208,-0.28815202638063964,-0.4074793646412014,-1.4042884996871423,-1.0601896487769116,-1.0055477546131597
/multi_agv/path_reference,1789710637.3783782,1789710637.3778708,world,s_curve,1,1.2142082751284446,0.0999823029198212,-0.00013258627181701586,1.0423821108213538,-0.42819142625590884,-1.163154678754921,1.1110484558390505,1.1457576882031095,0.8703401884219011,-0.5872037938941231,-0.28921844326644924,-0.40815204160715407,-1.4057185528504061,-1.0616197019401754,-1.0069778077764238
/multi_agv/path_reference,1789710637.388294,1789710637.3878572,world,s_curve,1,1.2152066998051543,0.0999823029198212,0.0,1.0427772777729756,-0.4291083203300569,-1.164580999721649,1.1112167503465393,1.1463509700137882,0.870764112958599,-0.5882184664359933,-0.29028292540677414,-0.40882356914740325,-1.4071448738171342,-1.0630460229069034,-1.0084041287431516
/multi_agv/path_reference,1789710637.3983438,1789710637.397861,world,s_curve,1,1.216206909165971,0.0999823029198212,0.0,1.043171839418186,-0.4300274175502441,-1.1660098702371016,1.1113838944072014,1.1469437893734205,0.8711878344739359,-0.5892351923421038,-0.2913501576894857,-0.40949690261914273,-1.4085737443325868,-1.064474893422356,-1.0098329992586044
/multi_agv/path_reference,1789710637.408301,1789710637.4078484,world,s_curve,1,1.217205485815781,0.0999823029198212,0.0,1.0435644465089424,-0.43094557593826827,-1.1674364083082587,1.1115493162168988,1.1475341191993698,0.8716099041105586,-0.5902504957957295,-0.2924164917694721,-0.410169740249603,-1.4100002824037439,-1.0659014314935131,-1.0112595373297613
/multi_agv/path_reference,1789710637.4184115,1789710637.4178572,world,s_curve,1,1.218206225449093,0.09998106092938876,-0.00012408374462883492,1.0439565895998209,-0.431866284054961,-1.1688660363558474,1.1117136431288475,1.1481242010384405,0.8720319246321747,-0.5912682341592952,-0.29348597936107484,-0.410844638644513,-1.4114299104513328,-1.0673310595411019,-1.01268916537735
/multi_agv/path_reference,1789710637.4283345,1789710637.4278555,world,s_curve,1,1.2192057724083294,0.09998106092938876,0.0,1.04434695100113,-0.4327864535649507,-1.1702939605833278,1.1118763216238379,1.148712052765105,0.8724524786144471,-0.5922849930670444,-0.2945550333530642,-0.4115193342747434,-1.412857834678813,-1.0687589837685822,-1.0141170896048306
/multi_agv/path_reference,1789710637.4383636,1789710637.437845,world,s_curve,1,1.2202046314978665,0.09998106092938876,0.0,1.0447357307787268,-0.4337065457303117,-1.1717209021398094,1.1120374376340934,1.1492979743815555,0.8728717803205315,-0.5933012832825076,-0.2956241890994129,-0.4121941648090144,-1.4142847762352946,-1.0701859253250638,-1.015544031161312
/multi_agv/path_reference,1789710637.4484813,1789710637.4478583,world,s_curve,1,1.2212056797727135,0.09998106092938876,0.0,1.0451240450408084,-0.4346292100833843,-1.1731509711038766,1.1121974516737099,1.149883648949074,0.8732910344996415,-0.5943200304916264,-0.29669652581680683,-0.4128710739417195,-1.4157148451993617,-1.071615994289131,-1.0169741001253791
/multi_agv/path_reference,1789710637.4582617,1789710637.4578001,world,s_curve,1,1.2221998484556913,0.09997998557051184,-0.00010814499273432289,1.0455083842645803,-0.43554608224561564,-1.174571212079559,1.1123549238807924,1.150463780102605,0.8737064488103435,-0.5953320019674051,-0.2977623209219981,-0.4135439238474435,-1.4171350861750442,-1.0730362352648135,-1.0183943411010619
/multi_agv/path_reference,1789710637.4684625,1789710637.467834,world,s_curve,1,1.2232030312341882,0.09997998557051184,0.0,1.0458948880622712,-0.4364718199654019,-1.1760043303345546,1.1125123669927905,1.1510476364761557,0.8741246607178675,-0.5963533745642418,-0.2988386135760776,-0.4142234717558863,-1.4185682044300398,-1.074469353519809,-1.0198274593560572
/multi_agv/path_reference,1789710637.4784646,1789710637.4778512,world,s_curve,1,1.2242044000758068,0.09997998557051184,0.0,1.0462793694838262,-0.437396435247126,-1.1774348572511526,1.112668065461797,1.1516288982442606,0.874541144745421,-0.5973731243188297,-0.29991379347022956,-0.41490238795231865,-1.4199987313466378,-1.075899880436407,-1.0212579862726554
/multi_agv/path_reference,1789710637.4883337,1789710637.4878306,world,s_curve,1,1.2252023174083635,0.09997998557051184,0.0,1.046661209376767,-0.43831840982751946,-1.1788604534405194,1.112821775811984,1.1522066257488395,0.8749552265694778,-0.5983895797769243,-0.300986093591151,-0.41557955611448305,-1.4214243275360046,-1.077325476625774,-1.022683582462022
/multi_agv/path_reference,1789710637.4983125,1789710637.4978263,world,s_curve,1,1.2262016898637602,0.09997963690571292,-3.488126955043769e-05,1.0470422884484765,-0.43924227338496963,-1.1802881283768003,1.112974257937904,1.1527836630955193,0.8753689443120063,-0.5994077359517952,-0.30206078160217203,-0.4162583026009416,-1.4228520024722855,-1.0787531515620548,-1.0241112573983029
/multi_agv/path_reference,1789710637.5082545,1789710637.5078013,world,s_curve,1,1.2271989667459673,0.09997963690571292,0.0,1.0474212531956772,-0.4401647411234909,-1.1817128096370961,1.1131249711176328,1.1533579603647093,0.8757808281046899,-0.6004239731546974,-0.3031340362643873,-0.4169362139513879,-1.4242766837325813,-1.0801778328223506,-1.0255359386585987
/multi_agv/path_reference,1789710637.5183792,1789710637.5179024,world,s_curve,1,1.2282088503605308,0.09997963690571292,0.0,1.0478036690701062,-0.4410994190540689,-1.1831555005150443,1.1132761141636727,1.1539379588724261,0.8761969341742197,-0.6014532744285809,-0.30422169066790244,-0.4176232920657233,-1.4257193746105294,-1.0816205237002987,-1.026978629536547
/multi_agv/path_reference,1789710637.5282993,1789710637.527832,world,s_curve,1,1.22920164115643,0.09997963690571292,0.0,1.048178297236493,-0.442018814036195,-1.1845737730806143,1.113423251083638,1.1545066101563501,0.8766050304694909,-0.6024653658766254,-0.3052917506156089,-0.4182993256163506,-1.4271376471760995,-1.0830387962658687,-1.0283969021021169
/multi_agv/path_reference,1789710637.538348,1789710637.5378337,world,s_curve,1,1.230201568531052,0.09997939021361259,-2.4665917133141928e-05,1.0485543000973732,-0.4429453540676403,-1.1860022407586457,1.1135699947423057,1.1550778146591152,0.8770150908906986,-0.6034849424869361,-0.30637031665078895,-0.4189808030651958,-1.4285661148541309,-1.0844672639439001,-1.0298253697801485
/multi_agv/path_reference,1789710637.5482898,1789710637.547832,world,s_curve,1,1.2312012078650507,0.09997939021361259,0.0,1.0489288712980736,-0.44387216313137995,-1.1874302969500725,1.11371524017303,1.1556473140022492,0.8774240597189413,-0.6045044338866614,-0.3074493864890774,-0.4196626690184009,-1.4299941710455577,-1.085895320135327,-1.031253425971575
/multi_agv/path_reference,1789710637.5583735,1789710637.5578012,world,s_curve,1,1.232197891308378,0.09997939021361259,0.0,1.0493010168157058,-0.4447967632767422,-1.18885413044054,1.1138586064904392,1.156213594597268,0.8778308493594098,-0.6055211161775667,-0.3085260741609188,-0.4203430994917412,-1.4314180045360252,-1.0873191536257945,-1.0326772594620426
/multi_agv/path_reference,1789710637.5684135,1789710637.567837,world,s_curve,1,1.2332012979657794,0.09997939021361259,0.0,1.0496743425619728,-0.4457281346482161,-1.190287568522542,1.114001477582779,1.1567821460328709,0.8782394040702686,-0.6065448617011411,-0.30961083804106376,-0.42102870420244337,-1.4328514426180272,-1.0887525917077965,-1.0341106975440446
/multi_agv/path_reference,1789710637.578279,1789710637.577801,world,s_curve,1,1.234197496291237,0.09997921784221502,-1.7299323906924917e-05,1.0500436651929315,-0.4466533436663069,-1.1917107089874814,1.114141870357496,1.15734507416698,0.8786440510543185,-0.607561454383826,-0.31068861429804756,-0.4217099623170469,-1.4342745830829666,-1.090175732172736,-1.035533838008984
/multi_agv/path_reference,1789710637.5883174,1789710637.5878017,world,s_curve,1,1.2351973528562754,0.09997921784221502,0.0,1.0504130197647281,-0.44758247776729926,-1.193139075508965,1.1142813238615026,1.1579085266804634,0.8790492087522186,-0.6085819800392067,-0.3117711527869091,-0.4223943004757818,-1.4357029496044502,-1.0916040986942195,-1.0369622045304676
/multi_agv/path_reference,1789710637.59828,1789710637.5978057,world,s_curve,1,1.2361975402525458,0.09997921784221502,0.0,1.0507811683732253,-0.44851244618407043,-1.194567914646494,1.11441936496215,1.1584706180289943,0.8794535221285315,-0.6096030416107103,-0.31285485357371345,-0.42307944336778747,-1.4371317887419792,-1.0930329378317485,-1.0383910436679966
/multi_agv/path_reference,1789710637.6083002,1789710637.607832,world,s_curve,1,1.23719996918288,0.09997921784221502,0.0,1.051148808458318,-0.44944502559259975,-1.1959999559755432,1.114556251482956,1.159032414905266,0.879857758986732,-0.6106265883380866,-0.31394178777150555,-0.42376670066820704,-1.4385638300710284,-1.0944649791607977,-1.0398230849970458
/multi_agv/path_reference,1789710637.6184528,1789710637.6178436,world,s_curve,1,1.2382009383431938,0.09997949012022027,2.7195858988948723e-05,1.051514580202849,-0.45037677132879594,-1.1974299119188483,1.1146914759455007,1.1595918399452445,0.8802604247178013,-0.6116488391034794,-0.31502794079607677,-0.4244535340868315,-1.4399937860143335,-1.0958949351041027,-1.041253040940351
/multi_agv/path_reference,1789710637.628357,1789710637.6278021,world,s_curve,1,1.2391965571010937,0.09997949012022027,0.0,1.051877074664183,-0.4513040546222309,-1.1988522244301338,1.1148245273018933,1.1601467333580626,0.8806599633325931,-0.6126658165313746,-0.316109080579884,-0.4251372667554339,-1.441416098525619,-1.0973172476153883,-1.0426753534516364
/multi_agv/path_reference,1789710637.6382964,1789710637.6378,world,s_curve,1,1.2401961557425567,0.09997949012022027,0.0,1.0522396910515448,-0.45223556233906426,-1.2002802224893667,1.1149566553041934,1.1607022974498025,0.8810601204006384,-0.6136870485351721,-0.3171953349499761,-0.4258243035320446,-1.442844096584852,-1.0987452456746212,-1.0441033515108693
/multi_agv/path_reference,1789710637.6491294,1789710637.6478841,world,s_curve,1,1.24120418795395,0.09997949012022027,0.0,1.052604019532528,-0.45317545250203306,-1.201720268505643,1.115088421266921,1.161260977543865,0.8814626597867975,-0.6147170865778804,-0.31829155622185246,-0.42651771470636624,-1.4442841426011281,-1.1001852916908974,-1.0455433975271455
/multi_agv/path_reference,1789710637.6587677,1789710637.6578481,world,s_curve,1,1.2422004992429039,0.09997975831261963,2.6913085866220213e-05,1.052962781198709,-0.45410492874211933,-1.2031435703470057,1.1152171972154252,1.1618116095852038,0.8818595367954978,-0.6157353333274498,-0.31937582068121295,-0.4272036322176951,-1.4457074444424909,-1.1016085935322601,-1.0469666993685085
/multi_agv/path_reference,1789710637.6689622,1789710637.6678777,world,s_curve,1,1.2432032399301756,0.09997975831261963,0.0,1.0533225220468536,-0.4550409176486713,-1.204576057043108,1.1153453408649163,1.1623642363423519,0.8822579889332924,-0.6167603349919877,-0.32046787226625106,-0.42789454568777496,-1.4471399311385933,-1.1030410802283626,-1.048399186064611
/multi_agv/path_reference,1789710637.6784508,1789710637.677838,world,s_curve,1,1.2441991305043065,0.09997975831261963,0.0,1.0536784777645611,-0.45597102161728914,-1.2059987578632951,1.1154711555430563,1.1629115388230844,0.8826527389275427,-0.6177785151797415,-0.32155324611201996,-0.4285813035601058,-1.4485626319587803,-1.1044637810485498,-1.049821886884798
/multi_agv/path_reference,1789710637.688362,1789710637.6878593,world,s_curve,1,1.2452008778926793,0.09997975831261963,0.0,1.0540351916598192,-0.45690710540240037,-1.2074298255609706,1.1155962487657785,1.1634605017370394,0.8830488244766398,-0.6188028627526065,-0.32264578738971206,-0.42927266606488246,-1.4499936996564557,-1.105894848746225,-1.0512529545824731
/multi_agv/path_reference,1789710637.6984055,1789710637.6978784,world,s_curve,1,1.2462026477698036,0.09998034636719798,5.869002629144377e-05,1.0543905735604238,-0.45784371973993393,-1.2088609253854339,1.1157198787155933,1.1640079128666443,0.8834439290990335,-0.619827411293078,-0.3237391377025371,-0.4299646102241867,-1.451424799480919,-1.1073259485706883,-1.0526840544069365
/multi_agv/path_reference,1789710637.7086632,1789710637.7078826,world,s_curve,1,1.2472029783298617,0.09998034636719798,0.0,1.0547441069607502,-0.4587794949218932,-1.2102899690426596,1.1158418678054258,1.164552975575739,0.883837477501086,-0.6208506633009939,-0.32483169772650755,-0.43065612373817796,-1.4528538431381448,-1.108754992227914,-1.0541130980641622
/multi_agv/path_reference,1789710637.718837,1789710637.717935,world,s_curve,1,1.2482078455981165,0.09998034636719798,0.0,1.0550978971084288,-0.4597200216797683,-1.211725493711595,1.1159629379196638,1.1650989378813452,0.8842318155242774,-0.6218787303791369,-0.32592999578517773,-0.43135133887499016,-1.4542893678070803,-1.1101905168968496,-1.0555486227330977
/multi_agv/path_reference,1789710637.7283385,1789710637.7278252,world,s_curve,1,1.2491967335075131,0.09998034636719798,0.0,1.0554447423978657,-0.46064608726991985,-1.213138190725019,1.1160806414272553,1.1656346781126954,0.8846189076536463,-0.622890617990982,-0.3270115929686292,-0.43203605085014823,-1.4557020648205041,-1.1116032139102734,-1.0569613197465215
/multi_agv/path_reference,1789710637.7384515,1789710637.7378645,world,s_curve,1,1.2502005869089583,0.09998058872717092,2.4138278301737743e-05,1.0557954986479823,-0.4615866676911937,-1.2145722670127976,1.1161986643716735,1.1661769630497283,0.8850108685225452,-0.6239179880534587,-0.3281103315243431,-0.4327316834957794,-1.4571361411082828,-1.113037290198052,-1.0583953960343004
/multi_agv/path_reference,1789710637.7488015,1789710637.7479916,world,s_curve,1,1.2512131048281838,0.09998058872717092,0.0,1.0561479159563358,-0.4625358749375439,-1.21601872118312,1.116316213757956,1.166722332222179,0.8854052018888725,-0.6249543958631314,-0.32921934007607945,-0.4334338888734207,-1.4585825952786051,-1.1144837443683744,-1.0598418502046225
/multi_agv/path_reference,1789710637.7586563,1789710637.7579691,world,s_curve,1,1.2522105433750756,0.09998058872717092,0.0,1.0564937414010436,-0.4634714433458468,-1.2174436333929652,1.11643054606532,1.1672580097071663,0.8857926684306442,-0.6259755338993968,-0.33031260260814266,-0.4341261935300008,-1.4600075074884504,-1.1159086565782197,-1.061266762414468
/multi_agv/path_reference,1789710637.7684076,1789710637.7678823,world,s_curve,1,1.2532016447523315,0.09998058872717092,0.0,1.0568360486971613,-0.4644015548922316,-1.218859492503331,1.1165427104648706,1.167788740075912,0.8861766955507014,-0.6269903446059026,-0.33139967416939464,-0.4348146459013974,-1.461423366598816,-1.1173245156885854,-1.0626826215248335
/multi_agv/path_reference,1789710637.7785826,1789710637.7779753,world,s_curve,1,1.254210741862645,0.09998060130151055,1.2458563454643377e-06,1.0571832186336632,-0.46534905150681743,-1.2203010598037785,1.1166554357611986,1.168327525821878,0.8865666943179129,-0.6280237434227245,-0.33250725469703407,-0.4355161564006937,-1.4628649338992636,-1.118766082989033,-1.064124188825281
/multi_agv/path_reference,1789710637.7886617,1789710637.7879763,world,s_curve,1,1.2552105988657667,0.09998060130151055,0.0,1.057525861763826,-0.466288364841321,-1.2217294269510954,1.116765659116169,1.168859802365767,0.8869521238095418,-0.62904783894238,-0.33360545836862016,-0.4362117972129627,-1.4642933010465806,-1.1201944501363499,-1.065552555972598
/multi_agv/path_reference,1789710637.7985103,1789710637.7979681,world,s_curve,1,1.2562097148126716,0.09998060130151055,0.0,1.0578669103684735,-0.46722746992247405,-1.223156735446674,1.116874339477643,1.1693901169404763,0.8873362746873013,-0.6300713316733129,-0.3347036064265044,-0.43690747166760474,-1.465720609542159,-1.1216217586319284,-1.0669798644681765
/multi_agv/path_reference,1789710637.8087416,1789710637.807972,world,s_curve,1,1.2572098809558125,0.09998060130151055,0.0,1.0582069746456904,-0.46816804869607415,-1.2245855442225895,1.1169816708635918,1.1699194185754598,0.8877198344980197,-0.6310960545283847,-0.33580366575550313,-0.43760442580433456,-1.4671494183180747,-1.123050567407844,-1.0684086732440923
/multi_agv/path_reference,1789710637.8184614,1789710637.8179348,world,s_curve,1,1.258205964010265,0.09997996095410287,-6.427366526410137e-05,1.0585443144518045,-0.4691052696611009,-1.2260085200146644,1.1170871086345382,1.1704449965296506,0.8881008381912245,-0.6321167454819095,-0.3368999847799253,-0.4382990787214677,-1.4685723941101496,-1.1244735431999189,-1.0698316490361672
/multi_agv/path_reference,1789710637.828331,1789710637.827879,world,s_curve,1,1.2592002103328548,0.09997996095410287,0.0,1.0588797018848175,-0.4700412402008289,-1.2274288719040785,1.1171909034356307,1.1709680490515275,0.8884801531672943,-0.6331357029324018,-0.3379950269668437,-0.43899299070324105,-1.4699927459995636,-1.125893895089333,-1.0712520009255813
/multi_agv/path_reference,1789710637.8383465,1789710637.8378065,world,s_curve,1,1.2601928390796564,0.09997996095410287,0.0,1.0592132171683153,-0.47097616223859406,-1.2288469129709378,1.1172930855234549,1.1714886985294872,0.8888578674520038,-0.6341531486424667,-0.3390890275926508,-0.43968631048066453,-1.471410787066423,-1.1273119361561923,-1.0726700419924404
/multi_agv/path_reference,1789710637.8484454,1789710637.8478734,world,s_curve,1,1.2611992394661995,0.09997996095410287,0.0,1.0595500061203926,-0.4719245370391927,-1.2302846278088566,1.1173952125555646,1.1720149874686172,0.8892398183369961,-0.6351848570574761,-0.3401989587700368,-0.44038979529006494,-1.4728485019043418,-1.128749650994111,-1.0741077568303592
/multi_agv/path_reference,1789710637.858437,1789710637.8578706,world,s_curve,1,1.2621987424317445,0.09997967058171935,-2.9045772000494202e-05,1.0598831368582664,-0.4728668904321598,-1.2317124891882065,1.1174951712998655,1.1725360893623484,0.8896181499125851,-0.6362096389320548,-0.34130203079208327,-0.44108900157234104,-1.4742763632836917,-1.130177512373461,-1.0755356182097093
/multi_agv/path_reference,1789710637.8684492,1789710637.8678625,world,s_curve,1,1.263197665215261,0.09997967058171935,0.0,1.0602147294902962,-0.473809171113163,-1.2331395217360872,1.117593609931245,1.17305531456307,0.8899952639765735,-0.6372339675161058,-0.34240520480911985,-0.44178834101426323,-1.4757033958315726,-1.1316045449213417,-1.07696265075759
/multi_agv/path_reference,1789710637.878674,1789710637.8779032,world,s_curve,1,1.2642015063986922,0.09997967058171935,0.0,1.0605465999782164,-0.4747565669784466,-1.2345735805695603,1.1176910607260697,1.1735755099753256,0.890373229233254,-0.6382634799999976,-0.3435145557744674,-0.44249166516087474,-1.4771374546650455,-1.1330386037548148,-1.078396709591063
/multi_agv/path_reference,1789710637.888515,1789710637.8879137,world,s_curve,1,1.265202409179605,0.09997967058171935,0.0,1.0608761459452245,-0.47570166256065205,-1.2360034416851502,1.1177867561796877,1.174092598182999,0.8907490834729866,-0.6392901170516124,-0.3446214011072521,-0.4431934695230915,-1.4785673157806354,-1.1344684648704049,-1.0798265707066528
/multi_agv/path_reference,1789710637.898682,1789710637.897863,world,s_curve,1,1.2661970961991234,0.09997961779467916,-5.305817808506101e-06,1.0612023060593738,-0.4766413548921274,-1.237424423141605,1.1178804027551346,1.1746049065526494,0.8911216088703379,-0.6403105131197727,-0.3457221042016251,-0.4438914473549843,-1.4799882972370901,-1.1358894463268594,-1.0812475521631075
/multi_agv/path_reference,1789710637.9088178,1789710637.9078643,world,s_curve,1,1.2671969937564025,0.09997961779467916,0.0,1.0615288287542555,-0.47758643577867343,-1.2388528482234322,1.1179730785758522,1.175118321832104,0.8914950858548104,-0.6413363874185966,-0.3468293057156538,-0.44459361420176985,-1.4814167223189174,-1.1373178714086867,-1.0826759772449348
/multi_agv/path_reference,1789710637.918598,1789710637.9178097,world,s_curve,1,1.268191528706922,0.09997961779467916,0.0,1.0618522606586427,-0.4785269098090576,-1.2402736124384601,1.118063803518655,1.1756274140810379,0.8918655643762352,-0.6423568901218715,-0.3479312955499622,-0.44529254375533894,-1.4828374865339453,-1.1387386356237146,-1.084096741459963
/multi_agv/path_reference,1789710637.928495,1789710637.9278133,world,s_curve,1,1.2691916656154063,0.09997961779467916,0.0,1.062176166675906,-0.4794731436884499,-1.2417023794505806,1.1181535773696758,1.1761377946115315,0.8922371280465108,-0.6433832699528788,-0.3490402208573561,-0.4459959402551147,-1.4842662535460658,-1.1401674026358353,-1.0855255084720834
/multi_agv/path_reference,1789710637.9384606,1789710637.937808,world,s_curve,1,1.2701909346770481,0.0999798955088002,2.778613875684682e-05,1.062498441094006,-0.4804190177204474,-1.2431299066814974,1.1182418086622554,1.176646149398121,0.892607365221641,-0.6444088862250322,-0.35014891106155727,-0.4466992558747526,-1.4856937807769826,-1.1415949298667518,-1.086953035703
/multi_agv/path_reference,1789710637.9484506,1789710637.9478111,world,s_curve,1,1.2711910436697922,0.0999798955088002,0.0,1.0628196341242684,-0.48136614646645853,-1.244558633813989,1.1183286481042642,1.1771533462983743,0.8929769079701664,-0.6454354896325986,-0.3512592586376865,-0.4474036911290905,-1.487122507909474,-1.1430236569992434,-1.0883817628354915
/multi_agv/path_reference,1789710637.958498,1789710637.9578073,world,s_curve,1,1.27219047919796,0.0999798955088002,0.0,1.0631392587024393,-0.4823130948976334,-1.2459863988542286,1.1184139637117614,1.1776586163440086,0.8933451960515482,-0.6464615246377087,-0.35236958130283186,-0.4481081787523596,-1.4885502729497138,-1.144451422039483,-1.0898095278757312
/multi_agv/path_reference,1789710637.9684765,1789710637.9678085,world,s_curve,1,1.2731904085268317,0.0999798955088002,0.0,1.0634576878637139,-0.4832609669137643,-1.2474148693240454,1.1184978553734508,1.1781625490741188,0.8937126591435718,-0.647488187436125,-0.3534811733606008,-0.44881353994456696,-1.4899787434195306,-1.1458798925093,-1.0912379983455482
/multi_agv/path_reference,1789710637.9787667,1789710637.9778342,world,s_curve,1,1.2741927687323178,0.09998021118028826,3.1486587223961944e-05,1.0637755319257718,-0.4842115987873984,-1.2488468124747398,1.118580479043436,1.1786661127602323,0.8940800039736472,-0.6485174653029615,-0.3545961890726569,-0.4495211419865768,-1.491410686570225,-1.1473118356599943,-1.0926699414962424
/multi_agv/path_reference,1789710637.988997,1789710637.9878829,world,s_curve,1,1.2751973961890528,0.09998021118028826,0.0,1.0640927288038047,-0.48516483658121073,-1.25028199455579,1.1186618107248159,1.179169212965077,0.8944471627215211,-0.6495491889335498,-0.35571444920025136,-0.45023087160983094,-1.492845868651275,-1.1487470177410444,-1.0941051235772927
/multi_agv/path_reference,1789710637.9990478,1789710637.997853,world,s_curve,1,1.2761942330877525,0.09998021118028826,0.0,1.064406113174622,-0.48611113139168705,-1.251706047268218,1.1187410478608812,1.1796668247655784,0.8948104668974068,-0.6505730262872522,-0.3568247501926357,-0.450935617695173,-1.4942699213637032,-1.1501710704534724,-1.0955291762897206
/multi_agv/path_reference,1789710638.0087788,1789710638.00785,world,s_curve,1,1.277193705064898,0.09998021118028826,0.0,1.06471897279881,-0.4870603747305194,-1.2531338643784258,1.118819030672081,1.180164164145458,0.8951737235788908,-0.6515996823080971,-0.35793869647726934,-0.4516427454061917,-1.495697738473911,-1.1515988875636802,-1.0969569933999286
/multi_agv/path_reference,1789710638.0188296,1789710638.017842,world,s_curve,1,1.2781927346187072,0.09998037018154293,1.591244647495496e-05,1.0650303391568732,-0.4880096433270634,-1.2545610494552961,1.1188955139684915,1.1806596934005986,0.8955358101015292,-0.6526259941021726,-0.3590528581733576,-0.45235007770566,-1.4971249235507813,-1.1530260726405506,-1.0983841784767987
/multi_agv/path_reference,1789710638.0288682,1789710638.027856,world,s_curve,1,1.2791939535426626,0.09998037018154293,0.0,1.0653410283792186,-0.48896143709006107,-1.255991362203804,1.1189706953074605,1.1811547128169337,0.8958976770132616,-0.6536546634995459,-0.36017016992896295,-0.4530594778416743,-1.498555236299289,-1.1544563853890584,-1.0998144912253065
/multi_agv/path_reference,1789710638.0387588,1789710638.0378463,world,s_curve,1,1.2801927629396965,0.09998037018154293,0.0,1.0656496130610993,-0.489911382106296,-1.257418232770995,1.1190442295577934,1.181646948008908,0.8962576616165965,-0.6546809634287323,-0.361285497133613,-0.45376768575654247,-1.4999821068664803,-1.1558832559562495,-1.1012413617924977
/multi_agv/path_reference,1789710638.048601,1789710638.0478454,world,s_curve,1,1.2811924847575888,0.09998037018154293,0.0,1.0659571220437032,-0.49086263484152914,-1.2588464067965557,1.1191163645301618,1.1821380387782339,0.8966169628227141,-0.65570830490376,-0.3624025453712035,-0.45447705424962387,-1.5014102808920409,-1.1573114299818101,-1.1026695358180583
/multi_agv/path_reference,1789710638.0584583,1789710638.0578086,world,s_curve,1,1.2821886391547865,0.09998064903456287,2.7987534861220684e-05,1.066262182010309,-0.49181092900982526,-1.260269484506838,1.1191867825495296,1.1826257897312416,0.8969739737501562,-0.6567320818610103,-0.36351630403212415,-0.45518440113634123,-1.5028333586023233,-1.1587345076920925,-1.1040926135283406
/multi_agv/path_reference,1789710638.0686111,1789710638.0678675,world,s_curve,1,1.2831943302061923,0.09998064903456287,0.0,1.066568793471807,-0.49276874095687756,-1.2617061860088463,1.1192563970034048,1.183116602116042,0.8973333812959745,-0.6577657604272218,-0.364641428098819,-0.4558990343445917,-1.5042700601043315,-1.1601712091941008,-1.105529315030349
/multi_agv/path_reference,1789710638.0786693,1789710638.0779688,world,s_curve,1,1.2842042826328213,0.09998064903456287,0.0,1.0668753191933122,-0.49373105364376657,-1.2631489751897447,1.1193248120546104,1.1836078671688754,0.8976932783564509,-0.6588039184598611,-0.3657720280022244,-0.4566172144692141,-1.5057128492852299,-1.1616139983749991,-1.1069721042112473
/multi_agv/path_reference,1789710638.088332,1789710638.0878572,world,s_curve,1,1.2851928434997248,0.09998064903456287,0.0,1.0671740067195743,-0.494673411423514,-1.2645612049996071,1.119390326535426,1.1840871457802515,0.8980445478430454,-0.6598201823422598,-0.36687936651148073,-0.45732068541680143,-1.5071250790950923,-1.1630262281848616,-1.1083843340211097
/multi_agv/path_reference,1789710638.0983958,1789710638.0978563,world,s_curve,1,1.2861925605320252,0.09998136142954633,7.1246380746634e-05,1.0674747117071182,-0.4956268318359285,-1.2659893721886075,1.1194551211517525,1.1845702427360496,0.8983987712335526,-0.6608480079422865,-0.3679998887045796,-0.45803259886091924,-1.5085532462840927,-1.164454395373862,-1.10981250121011
/multi_agv/path_reference,1789710638.1084015,1789710638.107803,world,s_curve,1,1.287187160618229,0.09998136142954633,0.0,1.0677725259138915,-0.4965757975153176,-1.267410229454613,1.1195181272590102,1.1850492783530133,0.898750172129651,-0.6618706635621252,-0.3691153591929388,-0.45874136979088875,-1.5099741035500982,-1.1658752526398677,-1.1112333584761158
/multi_agv/path_reference,1789710638.1188886,1789710638.1179283,world,s_curve,1,1.2881994552058158,0.09998136142954633,0.0,1.0680742541177033,-0.497542079173113,-1.268856364579737,1.1195807627263916,1.1855352088786866,0.8991067907480317,-0.6629116034844054,-0.3702513721021008,-0.4594632619328327,-1.5114202386752222,-1.1673213877649917,-1.1126794936012396
/multi_agv/path_reference,1789710638.1287389,1789710638.1278534,world,s_curve,1,1.289191662638059,0.09998136142954633,0.0,1.0683686380268096,-0.498489609402625,-1.2702738037686558,1.1196406937278505,1.186009901566593,0.8994553187859855,-0.6639319749085297,-0.3713655239083205,-0.46017132939102473,-1.512837677864141,-1.1687388269539103,-1.1140969327901584
/multi_agv/path_reference,1789710638.1387813,1789710638.1378195,world,s_curve,1,1.290188074776958,0.09998199251319255,6.332419882085008e-05,1.0686629177208906,-0.4994415739198179,-1.2716972496813688,1.1196994232988238,1.186485016277228,0.89980431358662,-0.6649567547897115,-0.37248507313399476,-0.4608828938357474,-1.514261123776854,-1.1701622728666232,-1.1155203787028716
/multi_agv/path_reference,1789710638.1487982,1789710638.147861,world,s_curve,1,1.291192073949377,0.09998199251319255,0.0,1.0689580675038215,-0.5004012096676439,-1.2731315342133958,1.1197571248039822,1.1869621365528966,0.9001549411545856,-0.6659894211363804,-0.37361382982303515,-0.46160037804351606,-1.515695408308881,-1.1715965573986502,-1.1169546632348983
/multi_agv/path_reference,1789710638.1585553,1789710638.1578205,world,s_curve,1,1.2921877830149047,0.09998199251319255,0.0,1.0692494202703953,-0.5013533388284875,-1.2745539757355782,1.1198128867105377,1.1874337175110832,0.9005016565895649,-0.6670136414406601,-0.374733941081836,-0.4623124339629664,-1.5171178498310633,-1.1730189989208326,-1.1183771047570807
/multi_agv/path_reference,1789710638.168639,1789710638.1678383,world,s_curve,1,1.2931895641868016,0.09998199251319255,0.0,1.0695411829097576,-0.5023116915322218,-1.275985091695431,1.119867518548515,1.187906566103344,0.9008494640774138,-0.6680441866596865,-0.3758615588259433,-0.46302932911103545,-1.5185489657909161,-1.1744501148806854,-1.1198082207169335
/multi_agv/path_reference,1789710638.1787007,1789710638.1779132,world,s_curve,1,1.2941966982296713,0.09998291908187296,9.198481776360098e-05,1.0698331219185717,-0.5032755848968298,-1.2774238546138164,1.1199209557825118,1.1883803143009104,0.9011980956722929,-0.6690803161285359,-0.37699588273427,-0.4637505558276833,-1.5199877287093015,-1.1758888777990708,-1.121246983635319
/multi_agv/path_reference,1789710638.188982,1789710638.1878672,world,s_curve,1,1.295191944603411,0.09998291908187296,0.0,1.0701202519511737,-0.5042285127640052,-1.2788456351477302,1.1199722973299753,1.188846866476209,0.9015415920473366,-0.670104290295114,-0.37811748626979386,-0.4644637617271075,-1.5214095092432154,-1.1773106583329846,-1.122668764169233
/multi_agv/path_reference,1789710638.1983097,1789710638.1978805,world,s_curve,1,1.2961932855359664,0.09998291908187296,0.0,1.0704077728848667,-0.5051876869936458,-1.2802761221942378,1.120022484187564,1.189314666063488,0.9018861684035482,-0.6711346074903817,-0.379246626355711,-0.4651818271348446,-1.522839996289723,-1.1787411453794923,-1.1240992512157404
/multi_agv/path_reference,1789710638.2085094,1789710638.2078772,world,s_curve,1,1.2971925850172799,0.09998291908187296,0.0,1.0706933393846887,-0.5061453148210988,-1.2817036928818284,1.1200710992521126,1.1897799011051629,0.9022290177967907,-0.6721628947049021,-0.38037413045204027,-0.46589891930635396,-1.5242675669773136,-1.1801687160670828,-1.125526821903331
/multi_agv/path_reference,1789710638.2183802,1789710638.2178524,world,s_curve,1,1.2981900184567488,0.09998306333954178,1.4460437226725821e-05,1.0709770090223403,-0.5071015599948698,-1.2831285977953555,1.1201181595773477,1.1902426617668391,0.9025702057228338,-0.6731893299303171,-0.3815001902753139,-0.4666151597789784,-1.5256924718908407,-1.1815936209806102,-1.1269517268168583
/multi_agv/path_reference,1789710638.2284746,1789710638.2278042,world,s_curve,1,1.299185146286777,0.09998306333954178,0.0,1.0712586647606686,-0.5080559966213233,-1.28455020898111,1.1201636535070558,1.1907027532405323,0.9029095875344175,-0.6742134583126832,-0.38262430314947987,-0.46733022840180666,-1.5271140830765952,-1.1830152321663645,-1.1283733380026129
/multi_agv/path_reference,1789710638.2383823,1789710638.2378073,world,s_curve,1,1.3001852710703448,0.09998306333954178,0.0,1.0715403676021633,-0.5090156282792873,-1.2859789586719212,1.1202079090918045,1.1911635446022,0.9032496491124855,-0.6752427933437076,-0.3837547184773147,-0.46804937301683935,-1.5285428327674064,-1.1844439818571757,-1.129802087693424
/multi_agv/path_reference,1789710638.2485156,1789710638.2479098,world,s_curve,1,1.3011951768970498,0.09998306333954178,0.0,1.0718234342528767,-0.5099850522685685,-1.2874216812814998,1.120251105486866,1.1916272034421675,0.9035919938295963,-0.6762822580744768,-0.3848968558308586,-0.46877604290036995,-1.529985555376985,-1.1858867044667543,-1.1312448103030026
/multi_agv/path_reference,1789710638.258472,1789710638.2579272,world,s_curve,1,1.3021969274699692,0.09998363861580195,5.7417699830691806e-05,1.0721028327941895,-0.5109470504456705,-1.2888527535285275,1.1202924712042754,1.1920854894916237,0.9039305376866694,-0.6773133894385843,-0.3860304298868926,-0.4694973320115343,-1.5314166276240126,-1.187317776713782,-1.13267588255003
/multi_agv/path_reference,1789710638.2683809,1789710638.2678053,world,s_curve,1,1.3031845641524942,0.09998363861580195,0.0,1.0723769462799264,-0.511895885441803,-1.2902636630749917,1.1203318089472711,1.1925357295486818,0.9042633003438265,-0.6783300500431735,-0.38714867383620316,-0.4702089324460322,-1.532827537170477,-1.1887286862602462,-1.1340867920964943
/multi_agv/path_reference,1789710638.2783291,1789710638.2778041,world,s_curve,1,1.3041843008549645,0.09998363861580195,0.0,1.0726530548168443,-0.512856737864183,-1.2916918583642352,1.1203701681673837,1.1929898788585684,0.9045991174245805,-0.6793592216098969,-0.3882812636344971,-0.4709297283481547,-1.5342557324597204,-1.1901568815494896,-1.1355149873857378
/multi_agv/path_reference,1789710638.2883952,1789710638.287869,world,s_curve,1,1.3051905833862714,0.09998363861580195,0.0,1.072929585332879,-0.5138242786797628,-1.2931294048375306,1.1204072944029044,1.1934453680061603,0.9049360935895723,-0.6803951859278834,-0.3894219228875735,-0.4716557272238313,-1.5356932789330158,-1.191594428022785,-1.1369525338590332
/multi_agv/path_reference,1789710638.2984154,1789710638.297849,world,s_curve,1,1.3061884341169345,0.09998386097872271,2.2280590345430547e-05,1.0732024247354985,-0.51478410396095,-1.2945549058813353,1.120442638645184,1.1938954205895325,0.9052692149717793,-0.68142252146954,-0.3905536698806563,-0.47237612053265354,-1.5371187799768204,-1.1930199290665897,-1.1383780349028378
/multi_agv/path_reference,1789710638.3083358,1789710638.3078523,world,s_curve,1,1.3071884545973649,0.09998386097872271,0.0,1.0734744845106976,-0.5157464055081697,-1.2959835065676644,1.1204765905374714,1.1943448328266113,0.9056020301680103,-0.6824521403496799,-0.3916885202368589,-0.4730985559379703,-1.5385473806631496,-1.194448529752919,-1.139806635589167
/multi_agv/path_reference,1789710638.3183281,1789710638.3178515,world,s_curve,1,1.3081882778096374,0.09998386097872271,0.0,1.0737451159962865,-0.516708904797912,-1.2974118254423392,1.1205090652120622,1.1947925351775726,0.9059337475992248,-0.68348160356406,-0.39282378741269075,-0.47382132341698513,-1.5399756995378244,-1.195876848627594,-1.141234954463842
/multi_agv/path_reference,1789710638.3284905,1789710638.327888,world,s_curve,1,1.3091916806441009,0.09998386097872271,0.0,1.0740153341269978,-0.5176752376783188,-1.2988452580630014,1.1205401779543778,1.1952402098561403,0.9062656145704755,-0.6845147980554604,-0.3939637608281333,-0.47454715415136256,-1.5414091321584866,-1.197310281248256,-1.142668387084504
/multi_agv/path_reference,1789710638.3384151,1789710638.3379316,world,s_curve,1,1.310195992013065,0.09998438665994386,5.233428207584409e-05,1.074284409657591,-0.5186428323818376,-1.300279988590093,1.1205698358721297,1.195686653190475,0.906596739910168,-0.6855489716342285,-0.39510540782886133,-0.47527411768242295,-1.5428438626855783,-1.1987450117753475,-1.1441031176115957
/multi_agv/path_reference,1789710638.348362,1789710638.3478725,world,s_curve,1,1.3111898918078775,0.09998438665994386,0.0,1.074549328257513,-0.5196007753708521,-1.3016998454398252,1.120597725071047,1.196126854816866,0.9069234048846255,-0.6865724650397996,-0.39623584909231135,-0.47599401198044533,-1.5442637195353104,-1.2001648686250799,-1.145522974461328
/multi_agv/path_reference,1789710638.3584187,1789710638.3578308,world,s_curve,1,1.3121855765239607,0.09998438665994386,0.0,1.0748133586487396,-0.5205608148685852,-1.3031222521770869,1.1206242073025512,1.1965662372609087,0.9072496313827589,-0.6875978351533638,-0.3973689460230708,-0.4767156634293208,-1.545686126272572,-1.2015872753623413,-1.1469453811985895
/multi_agv/path_reference,1789710638.368448,1789710638.3678584,world,s_curve,1,1.313188051179742,0.09998438665994386,0.0,1.0750778099769494,-0.5215277795818217,-1.3045543588282031,1.1206493969073956,1.1970069875702887,0.9075770454531638,-0.6886302345746816,-0.39851040011285427,-0.47744270405792916,-1.5471182329236883,-1.2030193820134576,-1.148377487849706
/multi_agv/path_reference,1789710638.3784037,1789710638.3778784,world,s_curve,1,1.3141900284277763,0.09998431827451058,-6.823978228317078e-06,1.0753407460432565,-0.522494641959517,-1.3059857548968234,1.1206730965725646,1.1974458852598073,0.9079032562973973,-0.6896621567328363,-0.3996519174012154,-0.4781698517444992,-1.5485496289923086,-1.204450778082078,-1.149808883918326
/multi_agv/path_reference,1789710638.3887677,1789710638.3879378,world,s_curve,1,1.3151958170780234,0.09998431827451058,0.0,1.0756032903359796,-0.5234655596326656,-1.3074225958257477,1.1206954010261425,1.1978848089025314,0.9082296610792651,-0.6906980372005893,-0.40079840748076284,-0.47890023421664457,-1.549986469921233,-1.2058876190110024,-1.1512457248472505
/multi_agv/path_reference,1789710638.3983903,1789710638.397876,world,s_curve,1,1.3161894229390416,0.09998431827451058,0.0,1.0758612838812622,-0.5244250864799679,-1.3088420327700596,1.1207159732683747,1.1983167974905062,0.908551080884906,-0.6917214009641359,-0.4019316287497842,-0.4796222297259834,-1.5514059068655448,-1.207307055955314,-1.1526651617915622
/multi_agv/path_reference,1789710638.4087684,1789710638.407879,world,s_curve,1,1.3171897300490236,0.09998431827451058,0.0,1.0761196416808005,-0.5253914535892119,-1.3102710429271767,1.1207352172184317,1.1987500745944,0.9088736332295699,-0.6927516950429273,-0.4030731110423019,-0.4803495546824065,-1.5528349170226619,-1.2087360661124311,-1.1540941719486792
/multi_agv/path_reference,1789710638.4187403,1789710638.417939,world,s_curve,1,1.3181954488152854,0.09998418955679772,-1.2796555691295686e-05,1.0763780050123763,-0.526363419869782,-1.3117077840218365,1.1207530812479392,1.1991840510865033,0.9091968827026866,-0.6937875895977157,-0.4042213916909465,-0.4810812783206835,-1.5542716581173217,-1.2101728072070912,-1.155530913043339
/multi_agv/path_reference,1789710638.4288504,1789710638.4279468,world,s_curve,1,1.3191960971833263,0.09998418955679772,0.0,1.076633679369953,-0.5273308533859502,-1.3131372816904663,1.12076937788731,1.1996142016543176,0.9095174585682311,-0.6948182860977359,-0.40536450090025483,-0.4818097731598598,-1.5557011557859515,-1.2116023048757207,-1.1569604107119689
/multi_agv/path_reference,1789710638.4388804,1789710638.437934,world,s_curve,1,1.320194751666659,0.09998418955679772,0.0,1.076887465095692,-0.5282967226383448,-1.3145639309523702,1.120784172956542,1.2000418653749458,0.9098363569555887,-0.6958469510445728,-0.40650594428523074,-0.48253727258523066,-1.5571278050478554,-1.2130289541376247,-1.158387059973873
/multi_agv/path_reference,1789710638.4487395,1789710638.447938,world,s_curve,1,1.3211949796011828,0.09998418955679772,0.0,1.0771402692874201,-0.5292644755979211,-1.31599282800169,1.120797520389784,1.2004685702662488,0.9101547172062276,-0.6968772568116017,-0.40764979647703753,-0.48326637350512397,-1.5585567020971751,-1.2144578511869444,-1.1598159570231925
/multi_agv/path_reference,1789710638.458348,1789710638.4578445,world,s_curve,1,1.3221853193628448,0.09998369125431657,-5.0308109757431944e-05,1.0773892111858758,-0.5302230164733854,-1.3174075990897784,1.1208092849588187,1.2008894456136754,0.9104689029851336,-0.6978973949381712,-0.4087829403194296,-0.48398871416255546,-1.5599714731852636,-1.215872622275033,-1.161230728111281
/multi_agv/path_reference,1789710638.468473,1789710638.4678388,world,s_curve,1,1.323184734944113,0.09998369125431657,0.0,1.0776390598293357,-0.5311906977163008,-1.3188353356344473,1.1208196945914528,1.2013125527595707,0.9107849321369836,-0.6989268976897729,-0.40992707107403387,-0.4847181243850955,-1.5613992097299325,-1.2173003588197018,-1.16265846465595
/multi_agv/path_reference,1789710638.4784274,1789710638.4778843,world,s_curve,1,1.32418910761681,0.09998369125431657,0.0,1.0778887557829722,-0.5321635369742019,-1.3202701537383001,1.1208286752432308,1.20173611259688,0.9111014795088057,-0.6999615206234296,-0.4110774840605462,-0.4854516062386298,-1.5628340278337853,-1.2187351769235546,-1.1640932827598027
/multi_agv/path_reference,1789710638.4884257,1789710638.487917,world,s_curve,1,1.3251922397918494,0.09998369125431657,0.0,1.078136749786949,-0.5331355312958469,-1.3217031997026423,1.1208361630150705,1.202157501253203,0.9114165850925734,-0.700994877505625,-0.41222708160871535,-0.4861846347732003,-1.5642670737981275,-1.2201682228878967,-1.1655263287241449
/multi_agv/path_reference,1789710638.498395,1789710638.4978566,world,s_curve,1,1.326185920800749,0.09998429409603417,6.065800095415251e-05,1.0783810332944967,-0.5340987173362297,-1.32312274400107,1.120842119802881,1.2025732946460321,0.911727685434577,-0.702018508107084,-0.41336644236225295,-0.4869112015393521,-1.5656866180965552,-1.2215877671863244,-1.1669458730225726
/multi_agv/path_reference,1789710638.5083935,1789710638.5078576,world,s_curve,1,1.3271857805390708,0.09998429409603417,0.0,1.0786254557370878,-0.5350682414433507,-1.3245511150558156,1.120846647242897,1.2029900408257008,0.9120396791426651,-0.7030485110818704,-0.41451348220201223,-0.4876427310461695,-1.5671149891513008,-1.22301613824107,-1.1683742440773182
/multi_agv/path_reference,1789710638.518362,1789710638.5178497,world,s_curve,1,1.3281850413714709,0.09998429409603417,0.0,1.078868347902934,-0.536037532646113,-1.3259786305306729,1.120849702036632,1.2034049000024019,0.9123504416697678,-0.7040779025133,-0.41566042854746604,-0.48837426687757274,-1.568542504626158,-1.2244436537159273,-1.1698017595521757
/multi_agv/path_reference,1789710638.5283256,1789710638.5278528,world,s_curve,1,1.3291852094613557,0.09998429409603417,0.0,1.079110074825445,-0.5370080501014727,-1.3274074420876512,1.1208512881658197,1.2038184959431055,0.9126604403674097,-0.7051082318648286,-0.4168090080822443,-0.489106910357345,-1.5699713161831363,-1.2258724652729056,-1.171230571109154
/multi_agv/path_reference,1789710638.5383382,1789710638.537832,world,s_curve,1,1.3301829418562596,0.09998526825023775,9.762243850121244e-05,1.0793498311018368,-0.5379765472308182,-1.3288327740803711,1.120851403556171,1.20422944902457,0.9129686407247697,-0.7061360533070958,-0.41795537815022554,-0.4898382102351332,-1.5713966481758563,-1.2272977972656256,-1.1726559031018737
/multi_agv/path_reference,1789710638.5486357,1789710638.5479336,world,s_curve,1,1.3311929789382007,0.09998526825023775,0.0,1.0795911384625094,-0.5389573354273435,-1.3302756841974297,1.120850028745528,1.2046438060852664,0.913279580556734,-0.7071765494684684,-0.4191164812897319,-0.49057897552383,-1.5728395582929149,-1.2287407073826841,-1.1740988132189323
/multi_agv/path_reference,1789710638.5583715,1789710638.557863,world,s_curve,1,1.332185770561074,0.09998526825023775,0.0,1.0798269455002136,-0.539921716099777,-1.3316939579443916,1.1208472134720768,1.2050494544315002,0.913584168597064,-0.70819927733572,-0.42025834134812684,-0.49130752961548413,-1.5742578320398768,-1.230158981129646,-1.1755170869658942
/multi_agv/path_reference,1789710638.5684927,1789710638.567878,world,s_curve,1,1.333187049133487,0.09998526825023775,0.0,1.080063383187038,-0.5408946784976195,-1.3331243559049815,1.120842905396065,1.2054569302021534,0.9138903139628959,-0.7092307428700632,-0.42141054412418877,-0.4920427484986065,-1.5756882300004666,-1.231589379090236,-1.1769474849264843
/multi_agv/path_reference,1789710638.5783927,1789710638.5778053,world,s_curve,1,1.3341797082904032,0.09998637753358804,0.00011173344151486107,1.0802964111070712,-0.5418595981956313,-1.3345424404148618,1.1208371776277029,1.2058592705846158,0.914192785108895,-0.7102533220986309,-0.4225534025483709,-0.4927720699398922,-1.577106314510347,-1.2330074636001163,-1.1783655694363644
/multi_agv/path_reference,1789710638.588333,1789710638.5878074,world,s_curve,1,1.3351797936355516,0.09998637753358804,0.0,1.080529798682245,-0.542832069668327,-1.335971133765074,1.1208299409159805,1.2062629819229476,0.9144964732078072,-0.7112835420155306,-0.42370538654418416,-0.4935072804452661,-1.5785350078605591,-1.2344361569503284,-1.1797942627865765
/multi_agv/path_reference,1789710638.598576,1789710638.5978768,world,s_curve,1,1.3361865827673547,0.09998637753358804,0.0,1.0807633473920788,-0.5438113955485957,-1.337409403953364,1.1208211692956382,1.2066677368835395,0.9148011359970588,-0.7123206561378663,-0.42486567386520513,-0.49424785664271564,-1.5799732780488491,-1.2358744271386184,-1.1812325329748665
/multi_agv/path_reference,1789710638.608431,1789710638.6078079,world,s_curve,1,1.337179574778922,0.09998637753358804,0.0,1.0809923149865293,-0.5447776288583693,-1.3388279639698886,1.1208110561663518,1.2070653093868478,0.9151005794063879,-0.7133435443064643,-0.4260106297258779,-0.4949787125427657,-1.5813918380653738,-1.237292987155143,-1.1826510929913912
/multi_agv/path_reference,1789710638.618532,1789710638.617869,world,s_curve,1,1.3381853722407366,0.0999879375765481,0.00015508637079491251,1.081222838345256,-0.5457566525249226,-1.3402648174867668,1.1207993339761368,1.2074663533253942,0.9154028277342369,-0.7143796076454484,-0.42717092435555293,-0.49571942557376636,-1.582828691582252,-1.2387298406720213,-1.1840879465082694
/multi_agv/path_reference,1789710638.6283922,1789710638.6278641,world,s_curve,1,1.3391847749740038,0.0999879375765481,0.0,1.0814505022287597,-0.5467297788315222,-1.3416925356771485,1.1207862115451412,1.2078631954865486,0.9157020996545893,-0.71540906615684,-0.42832441162499657,-0.4964558587127299,-1.5842564097726337,-1.240157558862403,-1.185515664698651
/multi_agv/path_reference,1789710638.6383102,1789710638.6378045,world,s_curve,1,1.3401788797464105,0.0999879375765481,0.0,1.081675580456286,-0.547698068004458,-1.3431126853520152,1.1207717003515212,1.2082562995251682,0.9159987414921686,-0.7164330478075129,-0.4294723450842546,-0.4971888111216063,-1.5856765594475004,-1.2415777085372697,-1.1869358143735178
/multi_agv/path_reference,1789710638.648518,1789710638.6479352,world,s_curve,1,1.3411917972492722,0.0999879375765481,0.0,1.0819035043755645,-0.5486850089219313,-1.3445597103561033,1.1207554196898575,1.2086551664394556,0.9162999269973805,-0.7174763851128108,-0.43064257517863214,-0.49793606647435085,-1.5871235844515885,-1.2430247335413578,-1.188382839377606
/multi_agv/path_reference,1789710638.6585343,1789710638.657852,world,s_curve,1,1.3421831954899164,0.09998896031207803,0.00010314952974464328,1.0821252018893164,-0.549651301071885,-1.3459759935570235,1.1207380219272607,1.2090439182903203,0.9165936654503681,-0.7184975332736054,-0.4317885019064081,-0.4986678680356413,-1.5885398676525087,-1.244441016742278,-1.1897991225785263
/multi_agv/path_reference,1789710638.668689,1789710638.6678636,world,s_curve,1,1.343184267162526,0.09998896031207803,0.0,1.082347674207654,-0.5506273391804282,-1.347406095946466,1.1207189874424615,1.209434816635313,0.916889218545188,-0.7195286189880019,-0.43294616723872814,-0.49940723131455445,-1.5899699700419512,-1.2458711191317204,-1.1912292249679686
/multi_agv/path_reference,1789710638.6784234,1789710638.6778336,world,s_curve,1,1.344181329277827,0.09998896031207803,0.0,1.0825678675916268,-0.5515997833002305,-1.348830470396896,1.1206985633155102,1.2098225030973353,0.9171825363620347,-0.7205555468704994,-0.4340997503542383,-0.5001440526759537,-1.5913943444923813,-1.2472954935821505,-1.1926535994183987
/multi_agv/path_reference,1789710638.688311,1789710638.687832,world,s_curve,1,1.3451810740969332,0.09998896031207803,0.0,1.0827872626118973,-0.5525751577704341,-1.3502586772813334,1.120676615744107,1.2102095826311465,0.9174755894604385,-0.7215852075284964,-0.4352569905459498,-0.5008832752368559,-1.5928225513768186,-1.2487237004665879,-1.194081806302836
/multi_agv/path_reference,1789710638.6986804,1789710638.697849,world,s_curve,1,1.34618251050962,0.09999053576031236,0.00015730395960987674,1.0830056321347943,-0.5535524957200745,-1.3516893007280286,1.1206531568358216,1.210595659820992,0.9177680797475695,-0.7226165779016116,-0.4364167418486141,-0.5016241674099976,-1.5942531748235138,-1.250154323913283,-1.1955124297495312
/multi_agv/path_reference,1789710638.7084575,1789710638.7078364,world,s_curve,1,1.3471812866741026,0.09999053576031236,0.0,1.0832220285916814,-0.5545275476313861,-1.3531161238201468,1.1206282905161895,1.2109790583442999,0.9180587369145546,-0.7236451740599612,-0.43757396132985993,-0.5023635075043371,-1.595679997915632,-1.2515811470054012,-1.1969392528416494
/multi_agv/path_reference,1789710638.7184527,1789710638.7178664,world,s_curve,1,1.3481840935570724,0.09999053576031236,0.0,1.083437898664758,-0.5555068441049053,-1.3545487050815321,1.1206018475453194,1.2113623427790998,0.9183495056698547,-0.7246778844859438,-0.43873640007887343,-0.5031062477498984,-1.5971125791770173,-1.2530137282667866,-1.1983718341030347
/multi_agv/path_reference,1789710638.7283728,1789710638.7278662,world,s_curve,1,1.349183902523799,0.09999053576031236,0.0,1.0836517263867314,-0.5564835198466574,-1.3559770036054273,1.1205740106942825,1.2117428230119465,0.9186383454539653,-0.7257074688654425,-0.4398959091611741,-0.5038471815133556,-1.5985408777009125,-1.2544420267906817,-1.19980013262693
/multi_agv/path_reference,1789710638.738505,1789710638.737843,world,s_curve,1,1.3501817020838003,0.09999179862468821,0.00012655455606753945,1.0838637332604866,-0.5574585361941782,-1.3574024315482862,1.1205447635940213,1.2121208869368925,0.9189255492505457,-0.7267349433325336,-0.4410536285191717,-0.5045870367308292,-1.5999663056437714,-1.2558674547335407,-1.2012255605697888
/multi_agv/path_reference,1789710638.7486172,1789710638.747832,world,s_curve,1,1.3511805380587942,0.09999179862468821,0.0,1.0840745682022348,-0.5584348669587735,-1.358829340083992,1.1205140193249672,1.2124976904085165,0.919211994873221,-0.727763442225543,-0.4422130889531412,-0.5053280696976364,-1.601393214179477,-1.2572943632692464,-1.2026524691054947
/multi_agv/path_reference,1789710638.7586327,1789710638.7578537,world,s_curve,1,1.3521823710879683,0.09999179862468821,0.0,1.0842846362839704,-0.5594144284152632,-1.3602605301256692,1.1204817087991936,1.2128739623599403,0.9194982376927774,-0.7287949820255513,-0.44337656726930835,-0.5060717359509299,-1.6028244042211544,-1.2587255533109236,-1.2040836591471717
/multi_agv/path_reference,1789710638.7686522,1789710638.7678022,world,s_curve,1,1.3531773642781493,0.09999179862468821,0.0,1.0844918820097236,-0.5603875987445589,-1.3616819489687848,1.120448157328614,1.2132460165295575,0.919781472170999,-0.7298194324275835,-0.44453263405141996,-0.5068107297546731,-1.60424582306427,-1.2601469721540395,-1.2055050779902874
/multi_agv/path_reference,1789710638.7786245,1789710638.7778337,world,s_curve,1,1.3541804422204615,0.09999298631241667,0.00011839602663506798,1.0846994116790096,-0.5613689736073237,-1.3631149174578023,1.1204128596860088,1.2136194304639658,0.9200659448870541,-0.7308521575267066,-0.4456986284168362,-0.5075561348784283,-1.6056787915532875,-1.2615799406430568,-1.206938046479305
/multi_agv/path_reference,1789710638.7884982,1789710638.7878644,world,s_curve,1,1.3551834504676623,0.09999298631241667,0.0,1.0849055205964064,-0.5623505766254543,-1.364547786382375,1.1203760848371564,1.2139911474240832,0.9203493295279795,-0.7318847592331008,-0.44686507560257355,-0.5083018950406883,-1.6071116604778601,-1.2630128095676294,-1.2083709154038778
/multi_agv/path_reference,1789710638.7986403,1789710638.7978659,world,s_curve,1,1.356183508821774,0.09999298631241667,0.0,1.0851096226687305,-0.5633295857597818,-1.365976441173963,1.1203379449708812,1.214360106619299,0.9206308164160111,-0.7329142705275278,-0.44802862132954024,-0.5090458654222771,-1.6085403152694482,-1.2644414643592177,-1.2097995701954656
/multi_agv/path_reference,1789710638.8087156,1789710638.8078537,world,s_curve,1,1.3571820561818693,0.09999298631241667,0.0,1.0853120205760063,-0.564307405655191,-1.3674029374026706,1.1202983952040328,1.2147268493563865,0.9209108171675997,-0.7339421709316147,-0.4491909338027888,-0.5097891122311693,-1.6099668114981558,-1.265867960587925,-1.2112260664241734
/multi_agv/path_reference,1789710638.8186066,1789710638.8178616,world,s_curve,1,1.3581827346650908,0.09999383288705053,8.459484628148831e-05,1.085513451028489,-0.5652876010584174,-1.368832478092987,1.1202572901908185,1.215092711198276,0.9211903516963721,-0.7349722074323078,-0.450356250531894,-0.5105343452110501,-1.6113963521884722,-1.2672975012782415,-1.2126556071144898
/multi_agv/path_reference,1789710638.8288112,1789710638.8278446,world,s_curve,1,1.3591810488941276,0.09999383288705053,0.0,1.085713008973412,-0.5662657665643623,-1.3702586412773252,1.1202148149457563,1.215456048170192,0.9214681638042879,-0.7359997507415056,-0.4515193340272989,-0.5112782149242824,-1.6128225153728104,-1.2687236644625797,-1.2140817702988278
/multi_agv/path_reference,1789710638.838649,1789710638.8378756,world,s_curve,1,1.3601842352226778,0.09999383288705053,0.0,1.085912135634905,-0.5672489914673283,-1.3716917646038256,1.1201706565278602,1.2158194873286363,0.9217462630482185,-0.7370322466670887,-0.452688614478069,-0.5120261132568271,-1.6142556386993108,-1.27015678778908,-1.2155148936253282
/multi_agv/path_reference,1789710638.8485978,1789710638.8478312,world,s_curve,1,1.3611797715230431,0.09999383288705053,0.0,1.086108350187057,-0.5682249997702622,-1.3731139593186332,1.1201253716669195,1.2161784976108065,0.9220211812834447,-0.7380568055359625,-0.4538494921247701,-0.5127687016500538,-1.6156778334141184,-1.2715789825038877,-1.2169370883401358
/multi_agv/path_reference,1789710638.8586068,1789710638.857917,world,s_curve,1,1.3621882720682286,0.09999448173392539,6.43342309386321e-05,1.0863057046736169,-0.5692140014788496,-1.3745546743831838,1.1200780116932405,1.2165404995665705,0.9222986027610394,-0.7390946398063891,-0.45502600649167824,-0.5135213581384814,-1.617118548478669,-1.2730196975684385,-1.2183778034046864
/multi_agv/path_reference,1789710638.8686886,1789710638.8678381,world,s_curve,1,1.3631802946227636,0.09999448173392539,0.0,1.0864984442203265,-0.5701871202026223,-1.375971849461091,1.1200299667997848,1.216894932659009,0.9225704332021855,-0.7401154491931212,-0.45618380532599023,-0.5142621060887552,-1.6185357235565763,-1.2744368726463455,-1.2197949784825939
/multi_agv/path_reference,1789710638.8786402,1789710638.877854,world,s_curve,1,1.3641817422571687,0.09999448173392539,0.0,1.0866916160394404,-0.5711697604426172,-1.3774024889388126,1.1199799982110212,1.2172510686222056,0.9228437812850945,-0.7411458870380858,-0.45735311253340893,-0.5150102817563569,-1.6199663630342978,-1.275867512124067,-1.2212256179603151
/multi_agv/path_reference,1789710638.8890164,1789710638.8879251,world,s_curve,1,1.3651888536790138,0.09999448173392539,0.0,1.0868844620996716,-0.5721582358532724,-1.3788412195414483,1.119928260048003,1.217607530994912,0.9231175952561002,-0.742182079525711,-0.458529545556278,-0.5157630824778281,-1.6214050936369335,-1.2773062427267028,-1.2226643485629511
/multi_agv/path_reference,1789710638.8989563,1789710638.8978572,world,s_curve,1,1.3661818910564698,0.0999944191978911,-6.29709875002636e-06,1.0870732209964968,-0.5731331682335011,-1.3802598443663856,1.119875785730009,1.2179573547787195,0.9233865224807621,-0.7432037175561388,-0.4596900392036772,-0.5165057479406873,-1.6228237184618708,-1.27872486755164,-1.2240829733878882
/multi_agv/path_reference,1789710638.9087663,1789710638.907913,world,s_curve,1,1.3671875054319893,0.0999944191978911,0.0,1.0872629604262738,-0.5741207202810462,-1.3816964363314135,1.1198211694102767,1.218309930581008,0.9236577812875368,-0.7442382179929335,-0.4608657353432332,-0.5172582075069718,-1.6242603104268987,-1.280161459516668,-1.225519565352916
/multi_agv/path_reference,1789710638.9185185,1789710638.91787,world,s_curve,1,1.3681832154602818,0.0999944191978911,0.0,1.087449433529959,-0.5750988133616857,-1.3831188792289741,1.1197656272309735,1.21865736980279,0.9239253035561132,-0.7452624511480191,-0.46203034976982155,-0.5180036391672161,-1.6256827533244593,-1.2815839024142286,-1.2269420082504767
/multi_agv/path_reference,1789710638.9283385,1789710638.9278328,world,s_curve,1,1.369179465758421,0.0999944191978911,0.0,1.087634614934756,-0.5760777016781261,-1.3845420939406017,1.1197085965959785,1.2190033389706203,0.9241919092376693,-0.7462871599946238,-0.4631960896007423,-0.5187498554390122,-1.6271059680360869,-1.2830071171258561,-1.2283652229621045
/multi_agv/path_reference,1789710638.938264,1789710638.9378235,world,s_curve,1,1.3701783448702272,0.0999949357603437,5.1711592177541724e-05,1.087818886125039,-0.577059436590766,-1.3859690641003246,1.1196499513955516,1.2193485550488985,0.924458151930667,-0.7473144902125142,-0.4643653986261074,-0.5194984209336763,-1.6285329381958098,-1.284434087285579,-1.2297921931218272
/multi_agv/path_reference,1789710638.9483511,1789710638.9478612,world,s_curve,1,1.371182102334969,0.0999949357603437,0.0,1.0880026460393546,-0.5780462299677795,-1.3874030033356703,1.1195895432669056,1.2196937760860345,0.9247246187651235,-0.7483467523496445,-0.46554091335105946,-0.5202510242026344,-1.6299668774311555,-1.2858680265209248,-1.231226132357173
/multi_agv/path_reference,1789710638.9582546,1789710638.9577947,world,s_curve,1,1.372175289235057,0.0999949357603437,0.0,1.088183077528026,-0.5790228898525067,-1.3888218417643672,1.1195283141172396,1.2200337018339484,0.9249872166328895,-0.7493680575067909,-0.46670453485147195,-0.5209960771992572,-1.6313857158598524,-1.2872868649496216,-1.23264497078587
/multi_agv/path_reference,1789710638.968301,1789710638.9678016,world,s_curve,1,1.373176143646824,0.0999949357603437,0.0,1.0883635002686813,-0.5800073475797807,-1.3902516337811772,1.1194651467404555,1.220374581635773,0.9252507724298155,-0.7503971582691079,-0.46787762629103785,-0.5217472581791962,-1.6328155078766624,-1.2887166569664317,-1.23407476280268
/multi_agv/path_reference,1789710638.9783852,1789710638.9778392,world,s_curve,1,1.3741798577976365,0.09999540236973313,4.6486137121813485e-05,1.0885430249006156,-0.5809948762275158,-1.3916855111394808,1.119400321391923,1.220714750773511,0.9255140025364129,-0.7514291076871833,-0.4690545578441013,-0.5225009631512626,-1.634249385234966,-1.2901505343247353,-1.2355086401609834
/multi_agv/path_reference,1789710638.9883204,1789710638.9878511,world,s_curve,1,1.375180999466728,0.09999540236973313,0.0,1.088720678378585,-0.5819801293484844,-1.3931157135238972,1.1193341879498035,1.2210523663299528,0.9257754808559985,-0.7524583186623461,-0.4702289577038802,-0.5232531116792268,-1.6356795876193824,-1.2915807367091516,-1.2369388425453998
/multi_agv/path_reference,1789710638.9983406,1789710638.9978533,world,s_curve,1,1.3761809892887793,0.09999540236973313,0.0,1.0888967206542834,-0.5829645015296481,-1.394544270412542,1.1192666612789943,1.2213879164278563,0.9260355842559999,-0.7534862500148531,-0.4714024871946208,-0.5240047673794703,-1.637108144508027,-1.2930092935977964,-1.2383673994340445
/multi_agv/path_reference,1789710639.0086517,1789710639.0078418,world,s_curve,1,1.3771798955606507,0.09999540236973313,0.0,1.0890711681130687,-0.583948057148084,-1.3959712793723582,1.1191977418354557,1.221721428927138,0.9262943335766123,-0.7545129701746193,-0.47257522246224437,-0.5247559788073881,-1.6385351534678434,-1.2944363025576127,-1.2397944083938608
/multi_agv/path_reference,1789710639.018729,1789710639.0178576,world,s_curve,1,1.3781813180772629,0.09999551823774883,1.1569824009844303e-05,1.0892446458350238,-0.5849343392402891,-1.3974018829675185,1.119127178033941,1.2220541012296937,0.9265526582414367,-0.7555421768954821,-0.47375138839902387,-0.5255094524263614,-1.6399657570630037,-1.295866906152773,-1.2412250119890214
/multi_agv/path_reference,1789710639.0285091,1789710639.0278149,world,s_curve,1,1.3791770912470767,0.09999551823774883,0.0,1.0894157458698674,-0.5859153024487154,-1.3988244160672525,1.1190555526193517,1.2223832282622802,0.9268084567279701,-0.7565654763597115,-0.4749213898849023,-0.5262590411015322,-1.6413882901627377,-1.297289439252507,-1.242647545088755
/multi_agv/path_reference,1789710639.0386117,1789710639.0378468,world,s_curve,1,1.3801803293823134,0.09999551823774883,0.0,1.089586717049569,-0.5869038647578834,-1.400257613403305,1.1189819180672502,1.2227131390061166,0.9270650940753402,-0.7575963430840535,-0.47610063476413605,-0.5270146164254603,-1.64282148749879,-1.2987226365885594,-1.2440807424248077
/multi_agv/path_reference,1789710639.0484185,1789710639.0478528,world,s_curve,1,1.3811807562435503,0.09999551823774883,0.0,1.0897557981404473,-0.5878898999086545,-1.4016867946336435,1.1189070187342811,1.2230404419803917,0.9273199337066689,-0.7586242149653812,-0.4772770447947069,-0.5277684399658752,-1.6442506687291287,-1.300151817818898,-1.2455099236551461
/multi_agv/path_reference,1789710639.0584722,1789710639.0578282,world,s_curve,1,1.3821783982626903,0.09999553157674577,1.3369926937641679e-06,1.0899230052063753,-0.5888734298912289,-1.4031119975181292,1.1188308652382633,1.2233651593890422,0.9275729909918207,-0.7596491179395479,-0.47845064471040966,-0.5285205270237291,-1.6456758716136144,-1.3015770207033837,-1.2469351265396318
/multi_agv/path_reference,1789710639.068505,1789710639.0678506,world,s_curve,1,1.3831805840787852,0.09999553157674577,0.0,1.0900895620797257,-0.5898616783650116,-1.4045436915411218,1.1187528940363833,1.2236896710885743,0.9278261211142197,-0.7606785785861034,-0.4796300546228939,-0.5292764018860373,-1.647107565636607,-1.3030087147263762,-1.2483668205626244
/multi_agv/path_reference,1789710639.0783734,1789710639.0778966,world,s_curve,1,1.384185145188737,0.09999553157674577,0.0,1.090255093532337,-0.5908525074055809,-1.4059787788410532,1.118673258893305,1.2240132569171138,0.9280787647865918,-0.7617103660996329,-0.48081272492700944,-0.5300344311901003,-1.6485426529365383,-1.3044438020263076,-1.2498019078625557
/multi_agv/path_reference,1789710639.088604,1789710639.087859,world,s_curve,1,1.3851811477811369,0.09999553157674577,0.0,1.0904178111617708,-0.5918351283745826,-1.4074016396873386,1.118592840880601,1.2243324103928555,0.9283281822118561,-0.76273324919615,-0.4819857764749105,-0.5307863594526874,-1.6499655137828237,-1.305866662872593,-1.2512247687088414
/multi_agv/path_reference,1789710639.0983539,1789710639.0978336,world,s_curve,1,1.3861787542136104,0.09999583344761774,3.025825461144424e-05,1.0905793890644202,-0.5928195627331849,-1.4088267917337292,1.1185108344465233,1.2246504042770052,0.9285769284697323,-0.763757663690422,-0.4831611709892475,-0.5315398535198851,-1.6513906658292143,-1.3072918149189836,-1.2526499207552317
/multi_agv/path_reference,1789710639.108302,1789710639.1078038,world,s_curve,1,1.3871757284724249,0.09999583344761774,0.0,1.0907394628204345,-0.593803602314242,-1.410251040674893,1.1184274215462986,1.224966522848047,0.9288244440669583,-0.7647813112168789,-0.4843362722273903,-0.5322932234984568,-1.6528149147703781,-1.3087160638601474,-1.2540741696963955
/multi_agv/path_reference,1789710639.1189294,1789710639.1178215,world,s_curve,1,1.3881773906359072,0.09999583344761774,0.0,1.0908988774171444,-0.5947924976093404,-1.4116819866227246,1.1183421480197646,1.225282441801644,0.9290720424300247,-0.7658096514233113,-0.4855173511975553,-0.5330504902071547,-1.6542458607182098,-1.310147009807979,-1.2555051156442274
/multi_agv/path_reference,1789710639.1287308,1789710639.1278431,world,s_curve,1,1.3891794562825774,0.09999583344761774,0.0,1.0910569401391934,-0.5957820184853524,-1.4131135089751108,1.11825536782796,1.2255967965917585,0.9293186559978619,-0.7668382827122404,-0.4866993570504424,-0.5338084156933743,-1.655677383070596,-1.3115785321603652,-1.2569366379966134
/multi_agv/path_reference,1789710639.1386907,1789710639.1378648,world,s_curve,1,1.3901816326769816,0.09999629763558969,4.6316276117727114e-05,1.091213603415522,-0.5967718740156354,-1.4145451895385452,1.1181671053847735,1.2259094934571504,0.9295642114046422,-0.7678669023817266,-0.48788194240626415,-0.5345667772589153,-1.6571090636340304,-1.3130102127237997,-1.258368318560048
/multi_agv/path_reference,1789710639.1486835,1789710639.1478496,world,s_curve,1,1.3911800122119644,0.09999629763558969,0.0,1.091368264071936,-0.5977582013483299,-1.4159714460170922,1.1180777133167623,1.2262193220316426,0.9298077568674032,-0.7688914982868218,-0.48906049131197327,-0.5353226144461946,-1.6585353201125774,-1.3144364692023467,-1.2597945750385948
/multi_agv/path_reference,1789710639.1586502,1789710639.1578107,world,s_curve,1,1.392176201128055,0.09999629763558969,0.0,1.0915211832104161,-0.5987425833501262,-1.4173945730400788,1.1179870610708518,1.2265267952101346,0.9300496933502618,-0.769913717917484,-0.4902368935058538,-0.5360771386270408,-1.659958447135564,-1.3158595962253332,-1.2612177020615813
/multi_agv/path_reference,1789710639.1686566,1789710639.1678097,world,s_curve,1,1.3931760798075319,0.09999629763558969,0.0,1.0916732596983623,-0.599730829243136,-1.418822971153617,1.1178946101167921,1.2268337232406772,0.9302914457376175,-0.7709395929856323,-0.4914180917879939,-0.5368348029557818,-1.6613868452491023,-1.3172879943388716,-1.2626461001751197
/multi_agv/path_reference,1789710639.1785886,1789710639.177805,world,s_curve,1,1.3941755345085782,0.09999636825607888,7.065645332734017e-06,1.0918238608592556,-0.6007188721671188,-1.4202507635836834,1.1178007340566058,1.2271388346872008,0.9305320138339601,-0.7719649000302163,-0.4925992261357776,-0.5375924903353624,-1.6628146376791686,-1.3187157867689379,-1.264073892605186
/multi_agv/path_reference,1789710639.1886227,1789710639.187807,world,s_curve,1,1.3951757512819472,0.09999636825607888,0.0,1.09197316432263,-0.6017078827327107,-1.421679644688496,1.1177053208712542,1.2274424900809284,0.9307716820157073,-0.7729908536298699,-0.49378169601886435,-0.5383510985493978,-1.6642435187839812,-1.3201446678737505,-1.2655027737099989
/multi_agv/path_reference,1789710639.1985486,1789710639.1978045,world,s_curve,1,1.3961754683734637,0.09999636825607888,0.0,1.0921209809538037,-0.6026966113791095,-1.4231078119620912,1.1176084906095822,1.2277443051517547,0.9310101471000741,-0.7740161574080042,-0.4949640075235566,-0.5391096692057675,-1.6656716860575764,-1.3215728351473457,-1.2669309409835938
/multi_agv/path_reference,1789710639.2085478,1789710639.207806,world,s_curve,1,1.3971755627512779,0.09999636825607888,0.0,1.0922674403299015,-0.6036859233849908,-1.4245365182161114,1.1175101587495342,1.228044544303133,0.9312476179370375,-0.7750417087171095,-0.49614719530695217,-0.5398688661309107,-1.6671003923115966,-1.3230015414013658,-1.2683596472376142
/multi_agv/path_reference,1789710639.2184315,1789710639.2178676,world,s_curve,1,1.3981816834485572,0.09999651120426521,1.4207360960365184e-05,1.0924133555523459,-0.6046814069006686,-1.425973833497939,1.117409755693744,1.2283448862803596,0.931485424682934,-0.7760732969654296,-0.49733794434267653,-0.5406329793938996,-1.6685377075934242,-1.3244388566831935,-1.2697969625194419
/multi_agv/path_reference,1789710639.228573,1789710639.2279265,world,s_curve,1,1.3991874390585741,0.09999651120426521,0.0,1.0925577877040684,-0.6056767377625963,-1.4274106272265346,1.1173079073364338,1.2286434084859408,0.9317220472898307,-0.7771043655773205,-0.49852869150690193,-0.5413971562035665,-1.6699745013220197,-1.325875650411789,-1.2712337562480374
/multi_agv/path_reference,1789710639.238606,1789710639.237849,world,s_curve,1,1.4001797227386157,0.09999651120426521,0.0,1.0926988841306349,-0.606658938624664,-1.4288281753408798,1.1172059720668606,1.2289362556444619,0.9319544246805823,-0.7781214786760877,-0.4997039078734015,-0.5421514293245027,-1.671392049436365,-1.3272931985261343,-1.2726513043623824
/multi_agv/path_reference,1789710639.248546,1789710639.247841,world,s_curve,1,1.4011788579796118,0.09999651120426521,0.0,1.0928395476111796,-0.6076481225530808,-1.4302555113994457,1.1171018760003992,1.2292294410678344,0.9321873257653053,-0.7791454677836518,-0.5008876571977706,-0.5429112426778196,-1.672819385494931,-1.3287205345847002,-1.2740786404209483
/multi_agv/path_reference,1789710639.2585597,1789710639.2578495,world,s_curve,1,1.4021795463232403,0.09999608720939124,-4.236866419422519e-05,1.092979014338658,-0.6086390443568057,-1.4316850661760576,1.1169961531707624,1.2295213883115306,0.9324195015336807,-0.780170898664743,-0.5020736648480169,-0.5436725695576572,-1.6742489402715428,-1.330150089361312,-1.2755081951975604
/multi_agv/path_reference,1789710639.2684307,1789710639.2678084,world,s_curve,1,1.4031754920524444,0.09999608720939124,0.0,1.0931164136471774,-0.6096254667597627,-1.4331078457892064,1.1168894762273411,1.2298102684168637,0.9326494962973275,-0.7811913185355739,-0.503254464751678,-0.544430616992036,-1.6756717198846915,-1.3315728689744608,-1.2769309748107092
/multi_agv/path_reference,1789710639.2785797,1789710639.277851,world,s_curve,1,1.4041796334609562,0.09999608720939124,0.0,1.0932535222531183,-0.6106202034205507,-1.434542333515652,1.1167804513494723,1.2300998242260934,0.9328802911837892,-0.7822199808309399,-0.5044453964448782,-0.5451952329858339,-1.6771062076111372,-1.3330073567009064,-1.2783654625371548
/multi_agv/path_reference,1789710639.2890275,1789710639.2878408,world,s_curve,1,1.4051785343745258,0.09999608720939124,0.0,1.0933884996262018,-0.6116099427665819,-1.4359693348207512,1.1166705317450198,1.2303861738036006,0.9331087933299846,-0.7832431184070108,-0.5056305236797456,-0.5459561862129891,-1.6785332089162364,-1.3344343580060056,-1.2797924638422538
/multi_agv/path_reference,1789710639.2987468,1789710639.2978292,world,s_curve,1,1.4061774027566682,0.09999570353668082,-3.8409087015205755e-05,1.0935220601784696,-0.6125998414750571,-1.4373962896523833,1.1165591558877206,1.2306708226713516,0.9333362019763366,-0.7842660647727192,-0.5068160197126012,-0.5467174399398508,-1.6799601637478685,-1.3358613128376378,-1.2812194186738861
/multi_agv/path_reference,1789710639.308557,1789710639.3078413,world,s_curve,1,1.4071786666358845,0.09999570353668082,0.0,1.0936545231654242,-0.6135923044418894,-1.4388266666226923,1.1164460479793263,1.2309544560475196,0.9335630654694266,-0.7852913038468285,-0.5080047652595971,-0.5474808442192425,-1.6813905407181775,-1.3372916898079468,-1.2826497956441951
/multi_agv/path_reference,1789710639.3183918,1789710639.31784,world,s_curve,1,1.4081785676736573,0.09999570353668082,0.0,1.0937853890825806,-0.614583604611113,-1.4402550966766534,1.1163316307168518,1.2312360062534569,0.9337885302774332,-0.786314984935645,-0.5091922964337058,-0.5482435324639882,-1.6828189707721386,-1.3387201198619079,-1.284078225698156
/multi_agv/path_reference,1789710639.3285804,1789710639.327962,world,s_curve,1,1.4091904983945571,0.09999570353668082,0.0,1.0939163872142044,-0.6155870203239775,-1.4417007119922247,1.1162143478627775,1.2315192159988695,0.9340155977809661,-0.7873508143869716,-0.5103945229182302,-0.5490157236667305,-1.68426458608771,-1.3401657351774792,-1.2855238410137273
/multi_agv/path_reference,1789710639.3384206,1789710639.3378582,world,s_curve,1,1.4101801864726622,0.0999958350333877,1.3286128528719222e-05,1.0940431035039881,-0.6165685626350318,-1.4431145521038033,1.1160981954055222,1.2317945200812317,0.9342365950252107,-0.788363710765632,-0.5115707187002027,-0.5497712584392606,-1.6856784261992885,-1.3415795752890578,-1.286937681125306
/multi_agv/path_reference,1789710639.3483462,1789710639.3478603,world,s_curve,1,1.411180274017615,0.0999958350333877,0.0,1.09416974112757,-0.6175605998509902,-1.444543248596593,1.1159793674778575,1.2320710271179025,0.9344588287869495,-0.7893870826714822,-0.5127596679743486,-0.5505350489071398,-1.6871071226920782,-1.3430082717818475,-1.2883663776180956
/multi_agv/path_reference,1789710639.3584256,1789710639.3578384,world,s_curve,1,1.4121782053523768,0.0999958350333877,0.0,1.094294692938304,-0.6185506775365412,-1.4459688647891098,1.1158593385926172,1.2323452446495131,0.9346794955727815,-0.7904080778945238,-0.5139464463973049,-0.5512975083177949,-1.688532738884595,-1.3444338879743643,-1.2897919938106124
/multi_agv/path_reference,1789710639.3683708,1789710639.3678627,world,s_curve,1,1.413180471106604,0.0999958350333877,0.0,1.0944187664802516,-0.6195452338319799,-1.4474006730094344,1.1157373232755203,1.2326189498313593,0.9349000263338754,-0.7914333344560979,-0.5151387717631969,-0.552063595276645,-1.6899645471049196,-1.3458656961946889,-1.291223802030937
/multi_agv/path_reference,1789710639.3784623,1789710639.3778627,world,s_curve,1,1.4141804602999544,0.0999967494055689,9.143523397475066e-05,1.094541139000841,-0.62053770709657,-1.448829228999935,1.115614122350631,1.2328903317605302,0.9351189628913616,-0.7924560870701477,-0.5163287781953363,-0.5528282560242257,-1.6913931030954201,-1.3472942521851894,-1.2926523580214377
/multi_agv/path_reference,1789710639.3885279,1789710639.387936,world,s_curve,1,1.4151878899514376,0.0999967494055689,0.0,1.0946629880041676,-0.621537740668727,-1.4502684142163396,1.1154885272247361,1.233162013383835,0.9353384234039316,-0.793486270514645,-0.5175280297332464,-0.5535989217582896,-1.6928322883118248,-1.348733437401594,-1.2940915432378421
/multi_agv/path_reference,1789710639.3983912,1789710639.3978713,world,s_curve,1,1.4161811831624542,0.0999967494055689,0.0,1.0947817184488415,-0.6225239122139166,-1.4516874045177919,1.1153632434886345,1.2334281931138655,0.9355537187440245,-0.7945018201760625,-0.5187108346997572,-0.5543590817659297,-1.694251278613277,-1.3501524277030463,-1.2955105335392945
/multi_agv/path_reference,1789710639.408475,1789710639.4078515,world,s_curve,1,1.4171791886202898,0.0999967494055689,0.0,1.0948996025552167,-0.623514930912281,-1.4531131266004143,1.1152359140591122,1.2336939448550015,0.9357689487515365,-0.7955220076109347,-0.519899630181307,-0.5551231549446014,-1.6956770006958994,-1.3515781497856687,-1.2969362556219168
/multi_agv/path_reference,1789710639.4187806,1789710639.417833,world,s_curve,1,1.4181772692964731,0.0999974327567482,6.846476966523278e-05,1.095016082350779,-0.6245061913839519,-1.454538956137819,1.1151071204954202,1.233958021273093,0.9359831052838242,-0.7965420893421122,-0.5210888929832103,-0.5558875918265331,-1.6971028302333042,-1.3530039793230735,-1.2983620851593216
/multi_agv/path_reference,1789710639.4287534,1789710639.4278443,world,s_curve,1,1.4191785252911362,0.0999974327567482,0.0,1.095131512352688,-0.6255007713498841,-1.4559693218444805,1.1149764557798976,1.234221233647837,0.9361968476303292,-0.7975652308421652,-0.522282316459115,-0.5566547667483721,-1.6985331959399657,-1.354434345029735,-1.299792450865983
/multi_agv/path_reference,1789710639.4384918,1789710639.4378753,world,s_curve,1,1.4201814898419354,0.0999974327567482,0.0,1.0952457128952247,-0.6264972129949028,-1.4574021283456222,1.1148441009604309,1.2344831834419596,0.9364098542832832,-0.7985899298229127,-0.5234781526432034,-0.5574235565185922,-1.6999660024411074,-1.3558671515308767,-1.3012252573671248
/multi_agv/path_reference,1789710639.4484575,1789710639.4478517,world,s_curve,1,1.421179284025474,0.0999974327567482,0.0,1.095357908106283,-0.6274886792305703,-1.4588275486078202,1.1147109718987913,1.2347420826063904,0.9366206698136672,-0.7996091571576406,-0.524668195381662,-0.5581886851524082,-1.7013914227033053,-1.3572925717930746,-1.3026506776293227
/multi_agv/path_reference,1789710639.4587727,1789710639.4579341,world,s_curve,1,1.4221875060087754,0.09999823289077232,7.935949603659568e-05,1.0954698399227232,-0.6284906685806849,-1.4602678657268222,1.1145749756559655,1.2350019638975542,0.9368325802146495,-0.8006388425141147,-0.5258710487262322,-0.5589621145017077,-1.7028317398223074,-1.3587328889120767,-1.3040909947483248
/multi_agv/path_reference,1789710639.4688354,1789710639.467937,world,s_curve,1,1.4231877775325728,0.09999823289077232,0.0,1.0955794630601576,-0.6294849148861047,-1.4616968250465328,1.1144385866339819,1.235258083790237,0.9370417187562542,-0.8016602135152263,-0.5270647854635021,-0.5597297456795854,-1.704260699142018,-1.3601618482317872,-1.3055199540680356
/multi_agv/path_reference,1789710639.4785109,1789710639.4778545,world,s_curve,1,1.4241792323121742,0.09999823289077232,0.0,1.0956867180772558,-0.6304705511143202,-1.4631131890173918,1.1143019599264476,1.2355102628363361,0.9372479314689838,-0.8026723884183864,-0.5282483601232957,-0.5604909048012783,-1.705677063112877,-1.3615782122026463,-1.3069363180388947
/multi_agv/path_reference,1789710639.4886887,1789710639.487945,world,s_curve,1,1.425188405078674,0.09999823289077232,0.0,1.0957944555274102,-0.6314739563840676,-1.464554864398106,1.1141614189680293,1.2357652261450016,0.9374567214691997,-0.8037024518601965,-0.5294534517160467,-0.5612659655759593,-1.707118738493591,-1.3630198875833603,-1.3083779934196085
/multi_agv/path_reference,1789710639.4988394,1789710639.4978821,world,s_curve,1,1.426182134168559,0.09999827822082925,4.561532605639538e-06,1.0958991310006392,-0.6324621569612388,-1.4659744773836558,1.1140215782072445,1.2360145901612083,0.9376612246334646,-0.8047165528623124,-0.5306404593510394,-0.5620294586703645,-1.708538351479141,-1.3644395005689103,-1.3097976064051586
/multi_agv/path_reference,1789710639.5088177,1789710639.507931,world,s_curve,1,1.4271871042648954,0.09999827822082925,0.0,1.0960035634003236,-0.6334616861464524,-1.4674101489498508,1.113878691276972,1.2362650606270922,0.9378669382969066,-0.8057419223994639,-0.5318412531828736,-0.5628018828570196,-1.709974023045336,-1.3658751721351052,-1.3112332779713534
/multi_agv/path_reference,1789710639.5187583,1789710639.5178318,world,s_curve,1,1.428176945721718,0.09999827822082925,0.0,1.0961050212594623,-0.6344463141201697,-1.468824208173883,1.1137365168888824,1.2365100755180636,0.9380684713714411,-0.8067516546116058,-0.5330243207526595,-0.5635629669962436,-1.7113880822693681,-1.3672892313591374,-1.3126473371953855
/multi_agv/path_reference,1789710639.528795,1789710639.527833,world,s_curve,1,1.4291770840012488,0.09999827822082925,0.0,1.0962061199990634,-0.6354413294218794,-1.4702529771446413,1.1135914131919578,1.2367559394953735,0.9382710073098588,-0.8077716853682334,-0.534220045891415,-0.5643322570059894,-1.7128168512401265,-1.3687180003298958,-1.314076106166144
/multi_agv/path_reference,1789710639.538788,1789710639.5378857,world,s_curve,1,1.4301823526893636,0.099998745437212,4.647618360642411e-05,1.0963063044763475,-0.6364415934018343,-1.4716890752705196,1.113444096525584,1.237001342684878,0.9384734742185801,-0.8087967386214566,-0.5354222575126092,-0.565105784071437,-1.7142529493660048,-1.370154098455774,-1.3155122042920224
/multi_agv/path_reference,1789710639.548844,1789710639.5479386,world,s_curve,1,1.4311876630769553,0.099998745437212,0.0,1.0964050564840588,-0.6374420417211776,-1.4731252329670792,1.1132953017762726,1.2372450292442805,0.9386748384316234,-0.8098216217588632,-0.5366248702031271,-0.5658796332015423,-1.7156891070625644,-1.3715902561523337,-1.3169483619885818
/multi_agv/path_reference,1789710639.5587573,1789710639.5578551,world,s_curve,1,1.4321794333344187,0.099998745437212,0.0,1.096501070767199,-0.6384291533327257,-1.4745420476205982,1.113147069273727,1.2374837413670603,0.9388724016608094,-0.8108324906952044,-0.537811627073475,-0.5666433422294976,-1.7171059217160833,-1.3730070708058526,-1.3183651766421007
/multi_agv/path_reference,1789710639.5686722,1789710639.567877,world,s_curve,1,1.4331814491633432,0.099998745437212,0.0,1.0965966562665472,-0.6394265995516233,-1.4759734988047761,1.1129958508416722,1.2377232114539127,0.939070906504057,-0.8118535882085246,-0.5390109861195105,-0.5674152243268347,-1.7185373729002613,-1.3744385219900306,-1.319796627826279
/multi_agv/path_reference,1789710639.578432,1789710639.5779335,world,s_curve,1,1.4341871306919907,0.09999869032295648,-5.480217358261549e-06,1.0966911556400563,-0.6404278313072592,-1.477410186702844,1.1128426096079402,1.2379618310267186,0.9392690262855098,-0.8128782025296005,-0.5402150762518461,-0.5681902151403311,-1.7199740607983292,-1.3758752098880984,-1.3212333157243465
/multi_agv/path_reference,1789710639.5884218,1789710639.587929,world,s_curve,1,1.4351866833009082,0.09999869032295648,0.0,1.0967836538165123,-0.6414230947560023,-1.4788381190012976,1.1126888439468012,1.238197282159438,0.9394648353432977,-0.8138963533409764,-0.5414121667586634,-0.568960764168367,-1.7214019930967828,-1.377303142186552,-1.3226612480228002
/multi_agv/path_reference,1789710639.5984411,1789710639.5979393,world,s_curve,1,1.4361877475900273,0.09999869032295648,0.0,1.0968748673674409,-0.642419994763558,-1.4802682108428964,1.1125333887174598,1.238431375866902,0.9396598375179608,-0.814915822855518,-0.5426114034427606,-0.5697327579923955,-1.7228320849383816,-1.3787332340281508,-1.324091339864399
/multi_agv/path_reference,1789710639.6083152,1789710639.6078355,world,s_curve,1,1.4371774198283473,0.09999869032295648,0.0,1.0969636416731126,-0.6434056773168907,-1.4816820283262107,1.1123782698370743,1.2386611197797528,0.9398515354025103,-0.8159234712935318,-0.5437973207486881,-0.5704962399084521,-1.7242459024216958,-1.380147051511465,-1.3255051573477132
/multi_agv/path_reference,1789710639.6184387,1789710639.6178715,world,s_curve,1,1.4381809868192994,0.09999797635462744,-7.114162654722304e-05,1.0970522388419781,-0.6444053257909805,-1.4831156954561422,1.1122195181584937,1.2388923765038011,0.9400448218636395,-0.8169450419091392,-0.5450002185375045,-0.5712707169262978,-1.7256795695516274,-1.3815807186413966,-1.3269388244776448
/multi_agv/path_reference,1789710639.628494,1789710639.627883,world,s_curve,1,1.4391820906600978,0.09999797635462744,0.0,1.0971391906522674,-0.6454026462555207,-1.48454584380014,1.1120596971526195,1.2391213472606377,0.9402365275435451,-0.8179638773758767,-0.5462004930287069,-0.5720435683619783,-1.7271097178956252,-1.3830108669853944,-1.3283689728216426
/multi_agv/path_reference,1789710639.6385438,1789710639.6378608,world,s_curve,1,1.440179744770708,0.09999797635462744,0.0,1.097224423878278,-0.6463966527193936,-1.4859710639581545,1.1118989775631503,1.2393478211464999,0.9404264729251837,-0.8189789735814964,-0.5473969560080442,-0.5728140285686402,-1.7285349380536397,-1.384436087143409,-1.329794192979657
/multi_agv/path_reference,1789710639.648416,1789710639.647837,world,s_curve,1,1.4411774526802297,0.09999797635462744,0.0,1.0973082448258706,-0.6473908332614472,-1.4873963609717569,1.1117368026220347,1.2395726016585915,0.9406153301969857,-0.8199938944160012,-0.54859380509272,-0.5735848002756202,-1.729960235067242,-1.3858613841570113,-1.3312194899932595
/multi_agv/path_reference,1789710639.6583405,1789710639.6578033,world,s_curve,1,1.4421740779510754,0.09999706727314199,-9.121330264907828e-05,1.0973905600765008,-0.6483840532570582,-1.4888201113586794,1.111573359656774,1.239795434979245,0.940802885593483,-0.8210074821306204,-0.5497896740869771,-0.574355003553577,-1.7313839854541646,-1.3872851345439339,-1.332643240380182
/multi_agv/path_reference,1789710639.6685867,1789710639.6678689,world,s_curve,1,1.4431803846379834,0.09999706727314199,0.0,1.0974722398136711,-0.6493870394940182,-1.4902576923399764,1.1114068646657844,1.2400187049222389,0.94099114985299,-0.8220306789083646,-0.5509974806727089,-0.575132958900981,-1.7328215664354616,-1.3887227155252309,-1.334080821361479
/multi_agv/path_reference,1789710639.6783588,1789710639.6778586,world,s_curve,1,1.4441793714395699,0.09999706727314199,0.0,1.0975518993547668,-0.650382845105039,-1.491684816342243,1.1112401262186637,1.2402386333556872,0.9411769384899498,-0.8230461951400783,-0.5521968178906199,-0.5759055222844186,-1.7342486904377281,-1.3901498395274974,-1.3355079453637455
/multi_agv/path_reference,1789710639.6883128,1789710639.6878486,world,s_curve,1,1.4451783882402767,0.09999706727314199,0.0,1.097630140005102,-0.6513787932946747,-1.4931119832003954,1.111071933601739,1.2404568564899083,0.9413616299236587,-0.8240615028660311,-0.5533965037818819,-0.576678373236111,-1.7356758572958806,-1.3915770063856499,-1.336935112221898
/multi_agv/path_reference,1789710639.6984951,1789710639.697874,world,s_curve,1,1.44618103858584,0.09999671337533338,-3.5295073590407206e-05,1.0977072359111153,-0.6523784751249933,-1.4945443408369146,1.110901672405665,1.2406741515134818,0.9415458838141989,-0.8250802610034007,-0.554600864992889,-0.5774542993786901,-1.7371082149323998,-1.393009364022169,-1.3383674698584171
/multi_agv/path_reference,1789710639.708566,1789710639.707963,world,s_curve,1,1.4471898883276457,0.09999671337533338,0.0,1.0977833631467409,-0.6533844484179063,-1.4959855547537797,1.1107288858071167,1.2408910486747144,0.9417301549583915,-0.8261050709360344,-0.5558129856696897,-0.5782352886479948,-1.7385494288492649,-1.3944505779390342,-1.3398086837752823
/multi_agv/path_reference,1789710639.7184818,1789710639.7179122,world,s_curve,1,1.4481847784282675,0.09999671337533338,0.0,1.0978570172414939,-0.6543766082924517,-1.4974068263260967,1.1105570439987191,1.2411032337293932,0.941910773996369,-0.8271154554588194,-0.5570086389087686,-0.579005730509767,-1.7399707004215819,-1.3958718495113511,-1.3412299553475993
/multi_agv/path_reference,1789710639.728413,1789710639.7278466,world,s_curve,1,1.449178033082642,0.09999671337533338,0.0,1.097929143603199,-0.6553672406297801,-1.4988257615466316,1.1103840524235038,1.241313374681542,0.9420900037045514,-0.8281239344111728,-0.5582026262988808,-0.5797751611792865,-1.7413896356421168,-1.397290784731886,-1.3426488905681342
/multi_agv/path_reference,1789710639.7383854,1789710639.7378623,world,s_curve,1,1.4501795981120036,0.09999609919344972,-6.131982523403378e-05,1.0980004498548444,-0.6563662640290867,-1.5002565687314338,1.1102081644919028,1.2415235579453119,0.9422696271273183,-0.8291406015429088,-0.5594069042743317,-0.5805512862700195,-1.742820442826919,-1.3987215919166882,-1.3440796977529363
/multi_agv/path_reference,1789710639.7483716,1789710639.7478592,world,s_curve,1,1.4511792966141777,0.09999609919344972,0.0,1.0980701977733618,-0.6573635263567488,-1.5016847094488255,1.1100311539786338,1.2417316310625268,0.9424478082789246,-0.8301551220049618,-0.5606092366053235,-0.581326220459961,-1.7442485835443107,-1.40014973263408,-1.345507838470328
/multi_agv/path_reference,1789710639.7583804,1789710639.7578313,world,s_curve,1,1.4521765562114926,0.09999609919344972,0.0,1.0981383564948803,-0.6583584539530692,-1.503109366016418,1.1098531319636065,1.241937485580828,0.9426244519402064,-0.8311669144974457,-0.5618089305253333,-0.5820995168364287,-1.7456732401119033,-1.4015743892016725,-1.3469324950379207
/multi_agv/path_reference,1789710639.7685018,1789710639.767851,world,s_curve,1,1.453178497026195,0.09999609919344972,0.0,1.09820540755474,-0.6593581485950178,-1.5045407100374215,1.1096728227508503,1.2421425848726901,0.94280081504068,-0.8321831999872278,-0.5630145500233377,-0.582876695774488,-1.7471045841329067,-1.403005733222676,-1.348363839058924
/multi_agv/path_reference,1789710639.7784195,1789710639.777877,world,s_curve,1,1.4541809246475779,0.09999544340811518,-6.541673823489331e-05,1.0982710591728349,-0.660358423970235,-1.50597274949654,1.1094909704020932,1.2423460566897937,0.9429761504266178,-0.8331997199385526,-0.5642210478333323,-0.5836545041388201,-1.7485366235920252,-1.4044377726817945,-1.3497958785180426
/multi_agv/path_reference,1789710639.7884417,1789710639.7879422,world,s_curve,1,1.4551873293877315,0.09999544340811518,0.0,1.098335530193871,-0.6613627614685896,-1.5074104705539024,1.109306932341932,1.2425485974887858,0.9431510607508953,-0.8342200098989216,-0.5654326242780676,-0.5844356502287795,-1.7499743446493876,-1.4058754937391569,-1.351233599575405
/multi_agv/path_reference,1789710639.7983084,1789710639.7978063,world,s_curve,1,1.4561738915320726,0.09999544340811518,0.0,1.0983973287981903,-0.6623473860838371,-1.5088198450458181,1.1091250995337767,1.2427454543088952,0.9433214325518989,-0.8352199256470791,-0.566620594319223,-0.5852016382852091,-1.7513837191413033,-1.4072848682310726,-1.3526429740673207
/multi_agv/path_reference,1789710639.8084762,1789710639.8079379,world,s_curve,1,1.457186844773824,0.09999544340811518,0.0,1.098459336140727,-0.663358439582511,-1.5102669211054631,1.1089369360181183,1.2429458344171527,0.9434952379869104,-0.8362463220405053,-0.5678406306890043,-0.5859883660180232,-1.7528307952009483,-1.4087319442907176,-1.3540900501269657
/multi_agv/path_reference,1789710639.8184555,1789710639.8179617,world,s_curve,1,1.4581893381265578,0.09999486833244031,-5.7361593703523825e-05,1.098519262846627,-0.6643591401055994,-1.5116990544665114,1.1087492535596586,1.2431424071456727,0.9436661278345496,-0.8372618505817839,-0.5690483530295428,-0.5867672167054713,-1.7542629285619966,-1.4101640776517659,-1.355522183488014
/multi_agv/path_reference,1789710639.8283367,1789710639.8279004,world,s_curve,1,1.459183144425105,0.09999486833244031,0.0,1.0985772556999727,-0.6653512528102185,-1.5131187777501502,1.108561762181745,1.2433355691449477,0.9438344357732252,-0.8382683127849805,-0.5702458865653723,-0.5875395590803025,-1.7556826518456354,-1.4115838009354047,-1.3569419067716528
/multi_agv/path_reference,1789710639.8383563,1789710639.837856,world,s_curve,1,1.460178652236332,0.09999486833244031,0.0,1.098633935656918,-0.6663451456688174,-1.5145409317661889,1.1083725174333596,1.2435273571464371,0.9440019323909571,-0.8392762302805308,-0.5714457441477301,-0.5883134625781914,-1.757104805861674,-1.4130059549514433,-1.3583640607876915
/multi_agv/path_reference,1789710639.8483586,1789710639.8479319,world,s_curve,1,1.4611860844356075,0.09999486833244031,0.0,1.0986898553548479,-0.6673510246103147,-1.5159801206222965,1.10817954664177,1.2437197049020603,0.9441703145207132,-0.8402959457825738,-0.5726602502956387,-0.5890968777527316,-1.7585439947177817,-1.414445143807551,-1.3598032496437993
/multi_agv/path_reference,1789710639.8583384,1789710639.8577995,world,s_curve,1,1.462172900978591,0.09999411708272121,-7.612413158670707e-05,1.098743227462139,-0.6683363966939723,-1.5173898585408445,1.1079891023869,1.243906422026915,0.9443341579726019,-0.8412945239874755,-0.573850170482164,-0.5898644956122773,-1.7599537326363297,-1.415854881726099,-1.361212987562347
/multi_agv/path_reference,1789710639.8683422,1789710639.867806,world,s_curve,1,1.4631734640128324,0.09999411708272121,0.0,1.0987959244900694,-0.6693355709707327,-1.5188192343040465,1.1077945678986205,1.2440940270380294,0.9444991785335579,-0.8423067374026144,-0.5750569339633891,-0.5906430415461945,-1.7613831083995317,-1.417284257489301,-1.362642363325549
/multi_agv/path_reference,1789710639.878327,1789710639.8778412,world,s_curve,1,1.464176949875116,0.09999411708272121,0.0,1.0988473408841963,-0.6703377386486487,-1.5202527855358803,1.1075980121025522,1.2442804473432851,0.9446635632067519,-0.8433216273586329,-0.5762674907183951,-0.5914240978689178,-1.7628166596313655,-1.4187178087211347,-1.3640759145573829
/multi_agv/path_reference,1789710639.8883443,1789710639.8878548,world,s_curve,1,1.465178067676719,0.09999411708272121,0.0,1.0988972043698637,-0.6713376137965578,-1.5216829538238845,1.107400470651359,1.2444646983354688,0.9448264441227634,-0.8443338405257728,-0.5774754558170316,-0.5922035450468688,-1.7642468279193697,-1.420147977009139,-1.365506082845387
/multi_agv/path_reference,1789710639.8984146,1789710639.897837,world,s_curve,1,1.4661764003317102,0.09999467690657173,5.6072897923106096e-05,1.0989455051031334,-0.6723347772520717,-1.5231091433310147,1.1072020374170444,1.2446467162048669,0.9449877616874889,-0.8453429553077617,-0.5786803214932126,-0.5929810549552408,-1.7656730174264998,-1.421574166516269,-1.3669322723525172
/multi_agv/path_reference,1789710639.9083922,1789710639.9078298,world,s_curve,1,1.4671756090400656,0.09999467690657173,0.0,1.0989924241413769,-0.673332883696282,-1.524536584342951,1.1070019891586942,1.2448271729693285,0.9451481102961079,-0.8463526712011606,-0.5798865031655828,-0.5937594767221025,-1.7671004584384362,-1.4230016075282055,-1.3683597133644536
/multi_agv/path_reference,1789710639.9181726,1789710639.9177995,world,s_curve,1,1.4681725595686326,0.09999467690657173,0.0,1.0990378172325541,-0.6743288001850413,-1.525960799383761,1.106800956826201,1.2450055058514373,0.9453069890200244,-0.8473598195533891,-0.5810902143996444,-0.5945363666020902,-1.7685246734792461,-1.4244258225690154,-1.3697839284052635
/multi_agv/path_reference,1789710639.9284074,1789710639.9278731,world,s_curve,1,1.469179849446797,0.09999467690657173,0.0,1.0990822403206273,-0.6753351099333611,-1.5273997849239958,1.1065963828278351,1.2451839467438282,0.9454663913902185,-0.8483771211976242,-0.582306666002331,-0.5953215426001279,-1.769963659019481,-1.4258648081092502,-1.3712229139454983
/multi_agv/path_reference,1789710639.938436,1789710639.937914,world,s_curve,1,1.4701838723359917,0.09999529805684489,6.186323775214803e-05,1.099125078348997,-0.6763382184464611,-1.528834103337131,1.106391015868998,1.2453600668512697,0.9456241523267231,-0.8493908293830068,-0.5835194265035569,-0.5961043994528196,-1.7713979774326163,-1.4272991265223856,-1.3726572323586337
/multi_agv/path_reference,1789710639.9483252,1789710639.9478576,world,s_curve,1,1.471178078686776,0.09999529805684489,0.0,1.0991660798404586,-0.6773315788926562,-1.530254398123966,1.106186224393374,1.2455327508494154,0.9457792642785859,-0.8503943350548535,-0.5847205772904938,-0.5968798243326212,-1.7728182722194512,-1.4287194213092205,-1.3740775271454686
/multi_agv/path_reference,1789710639.9582372,1789710639.9578004,world,s_curve,1,1.472172454629586,0.09999529805684489,0.0,1.099205677098101,-0.6783251660319337,-1.531674935185123,1.1059799725916004,1.2457037577443622,0.9459333009583402,-0.8513977199524405,-0.5859221770815671,-0.5976556010617934,-1.7742388092806083,-1.4301399583703776,-1.3754980642066257
/multi_agv/path_reference,1789710639.9683733,1789710639.967833,world,s_curve,1,1.4731756604572002,0.09999529805684489,0.0,1.0992441954952616,-0.6793276320364242,-1.533108086367429,1.1057704449814572,1.2458745531012407,0.9460875884030874,-0.8524097168044438,-0.587134691805934,-0.5984384874988947,-1.775671960462914,-1.4315731095526834,-1.3769312153889315
/multi_agv/path_reference,1789710639.978616,1789710639.9779263,world,s_curve,1,1.4741849416038015,0.09999526879705993,-2.898934624387383e-06,1.099281497335459,-0.680336223542274,-1.5345499165768595,1.105558185145965,1.2460446290486837,0.9462416778117282,-0.8534275381427745,-0.5883547951465012,-0.599226337337546,-1.7771137906723447,-1.433014939762114,-1.378373045598362
/multi_agv/path_reference,1789710639.9886477,1789710639.9878674,world,s_curve,1,1.4751788905758336,0.09999526879705993,0.0,1.099316811346747,-0.6813295448951913,-1.5359698436797624,1.105347715863458,1.2462104019878537,0.9463923161889296,-0.8544295974391183,-0.5895566021039578,-0.6000024351424975,-1.7785337177752476,-1.4344348668650169,-1.379792972701265
/multi_agv/path_reference,1789710639.9987264,1789710639.9978316,world,s_curve,1,1.476175359328644,0.09999526879705993,0.0,1.0993507990413527,-0.682325433764943,-1.5373933704694915,1.1051352849685891,1.2463748820463167,0.9465422301091522,-0.8554338960727043,-0.590761690850242,-0.6007807143718829,-1.7799572445649767,-1.435858393654746,-1.3812164994909943
/multi_agv/path_reference,1789710640.0087705,1789710640.0078447,world,s_curve,1,1.4771765846564004,0.09999526879705993,0.0,1.0993835210381449,-0.6833261241534235,-1.5388236923662866,1.104920400308637,1.2465384192324642,0.9466917435733333,-0.856442683060837,-0.5919727665937831,-0.6015629228056503,-1.7813875664617718,-1.437288715551541,-1.3826468213877892
/multi_agv/path_reference,1789710640.018541,1789710640.017929,world,s_curve,1,1.478185013943376,0.09999433675809792,-9.241958662103221e-05,1.0994150316157447,-0.684334060922745,-1.5402643056333947,1.1047025112154565,1.246701381923285,0.9468412017084924,-0.8574584166890051,-0.5931927913842724,-0.6023509746949572,-1.7828281797288799,-1.4387293288186491,-1.3840874346548973
/multi_agv/path_reference,1789710640.0285993,1789710640.0278695,world,s_curve,1,1.4791789964485542,0.09999433675809792,0.0,1.0994446698203921,-0.6853276013738253,-1.541684280640792,1.1044863119137087,1.2468602899204817,0.946987407626986,-0.8584592906886439,-0.5943955665868147,-0.6031279468460172,-1.7842481547362772,-1.4401493038260464,-1.3855074096622946
/multi_agv/path_reference,1789710640.0384088,1789710640.0378366,world,s_curve,1,1.4801756381031297,0.09999433675809792,0.0,1.0994729708246238,-0.6863238410385538,-1.5431080544330427,1.1042681075293317,1.2470179081135566,0.9471328968309828,-0.8594625330284817,-0.5956017848426935,-0.603907205244486,-1.7856719285285279,-1.4415730776182971,-1.3869311834545452
/multi_agv/path_reference,1789710640.0488374,1789710640.0478423,world,s_curve,1,1.481176146938685,0.09999433675809792,0.0,1.099499954888304,-0.687323985836324,-1.5445373527695503,1.1040476199348472,1.247174410307804,0.9472778344222608,-0.8604693546528894,-0.5968129079698324,-0.6046896948862502,-1.7871012268650355,-1.4430023759548047,-1.3883604817910529
/multi_agv/path_reference,1789710640.0586445,1789710640.0578396,world,s_curve,1,1.482175803264849,0.09999275065038175,-0.00015865379852687892,1.0995254882634933,-0.6883233159339073,-1.5459654332354988,1.1038258832378216,1.2473290501566747,0.9474215313959836,-0.861475002622385,-0.5980232212955932,-0.6054717238837435,-1.788529307330984,-1.4444304564207533,-1.3897885622570014
/multi_agv/path_reference,1789710640.068429,1789710640.0678637,world,s_curve,1,1.483177956409997,0.09999275065038175,0.0,1.099549652889649,-0.6893251776120692,-1.54739708058571,1.103602151388151,1.2474823411597724,0.9475644661210231,-0.8624828435004717,-0.5992367780193667,-0.6062559113163691,-1.7899609546811952,-1.4458621037709645,-1.3912202096072128
/multi_agv/path_reference,1789710640.0783122,1789710640.07785,world,s_curve,1,1.4841765635122284,0.09999275065038175,0.0,1.0995723053090338,-0.6903235276708821,-1.5488236621603264,1.1033777762319736,1.2476333614550414,0.9477057782400862,-0.8634867985774305,-0.600446257724979,-0.6070375267102368,-1.7913875362558116,-1.4472886853455809,-1.3926467911818292
/multi_agv/path_reference,1789710640.0884497,1789710640.0878563,world,s_curve,1,1.4851771377718435,0.09999275065038175,0.0,1.0995935738740765,-0.6913238757718994,-1.5502530539597765,1.1031515228343092,1.2477829485526988,0.9478462502352218,-0.8644924092853422,-0.601658334830248,-0.6078208832001077,-1.7928169280552617,-1.448718077145031,-1.394076182981279
/multi_agv/path_reference,1789710640.0983257,1789710640.097846,world,s_curve,1,1.4861761388639523,0.09999156149302035,-0.00011902459603556916,1.0996133824717629,-0.6923226803717234,-1.551680198377075,1.1029241913867223,1.247930571871449,0.9479853841571172,-0.8654961152407258,-0.6028687183097914,-0.6086032075646528,-1.7942440724725601,-1.4501452215623294,-1.3955033273985775
/multi_agv/path_reference,1789710640.1084514,1789710640.1078398,world,s_curve,1,1.4871754770276149,0.09999156149302035,0.0,1.0996317715709782,-0.6933218492429861,-1.5531078243251644,1.1026953503068728,1.248076516580902,0.94812344782516,-0.8664998342333681,-0.6040797197360166,-0.6093859937595736,-1.7956716984206496,-1.4515728475104188,-1.396930953346667
/multi_agv/path_reference,1789710640.1185367,1789710640.1178327,world,s_curve,1,1.4881746528049815,0.09999156149302035,0.0,1.099648731573731,-0.6943208809839343,-1.554535218292831,1.1024651140615094,1.2482207089931086,0.9482603716665753,-0.8675030624856191,-0.6052907314519023,-0.6101688490142814,-1.797099092388316,-1.4530002414780854,-1.3983583473143335
/multi_agv/path_reference,1789710640.1293066,1789710640.1278572,world,s_curve,1,1.4891769393198262,0.09999156149302035,0.0,1.0996643116588412,-0.695323046311447,-1.5559670561711805,1.102232722537003,1.2483636134769607,0.9483965989625598,-0.8685090828893447,-0.6065057189546537,-0.6109543370903425,-1.7985309302666657,-1.454432079356435,-1.399790185192683
/multi_agv/path_reference,1789710640.1388793,1789710640.1378548,world,s_curve,1,1.4901766005008348,0.09999066580932085,-8.959036438451131e-05,1.0996784216333921,-0.6963226078213551,-1.5573951435726212,1.1019995051796274,1.248504410683474,0.9485313490370753,-0.8695121357125397,-0.6077177265604171,-0.6117379611911086,-1.7999590176681064,-1.4558601667578757,-1.4012182725941238
/multi_agv/path_reference,1789710640.1486983,1789710640.147851,world,s_curve,1,1.4911761637909815,0.09999066580932085,0.0,1.099691102961361,-0.6973220905784118,-1.5588230911299736,1.101764878661945,1.2486434633615944,0.9486649668605436,-0.8705147562843927,-0.6089298152869647,-0.6125217001638779,-1.8013869652254588,-1.457288114315228,-1.4026462201514764
/multi_agv/path_reference,1789710640.158644,1789710640.1578457,world,s_curve,1,1.4921755864942523,0.09999066580932085,0.0,1.0997023555862568,-0.6983214498456768,-1.560250837848932,1.101528853996987,1.2487807659079027,0.9487974468538812,-0.8715168998539133,-0.6101419308178944,-0.6133055188652226,-1.8028147119444171,-1.4587158610341864,-1.4040739668704345
/multi_agv/path_reference,1789710640.1689742,1789710640.1680148,world,s_curve,1,1.4931923863753527,0.09999066580932085,0.0,1.0997123396958897,-0.6993382006167831,-1.561703409107647,1.1012872575353458,1.2489186797324825,0.9489310818198406,-0.8725361210251961,-0.6113753215547342,-0.6141031592704189,-1.8042672832031321,-1.4601684322929014,-1.4055265381291495
/multi_agv/path_reference,1789710640.1786633,1789710640.1778846,world,s_curve,1,1.4941792867544705,0.09999035245120592,-3.174868408008971e-05,1.0997206175884469,-0.7003250661953491,-1.5631132667921008,1.1010513495245473,1.249050824436349,0.9490596788044442,-0.8735250348804335,-0.6125726341905167,-0.614877529515097,-1.805677140887586,-1.4615782899773553,-1.4069363958136034
/multi_agv/path_reference,1789710640.1887858,1789710640.1879096,world,s_curve,1,1.495181698536974,0.09999035245120592,0.0,1.0997276013920558,-0.7013274535620552,-1.5645452836242486,1.1008103067779942,1.2491833180430756,0.9491891793550977,-0.8745291502888691,-0.6137889548296113,-0.6156642555676849,-1.8071091577197338,-1.463010306809503,-1.4083684126457512
/multi_agv/path_reference,1789710640.1985195,1789710640.1979723,world,s_curve,1,1.496187860457646,0.09999035245120592,0.0,1.099733167866807,-0.7023335999963287,-1.5659826577966371,1.1005669165745233,1.2493145556606127,0.9493180313652849,-0.8755366740541882,-0.6150100154061441,-0.6164541105286537,-1.8085465318921223,-1.4644476809818916,-1.4098057868181397
/multi_agv/path_reference,1789710640.2089913,1789710640.2080703,world,s_curve,1,1.4971974896437796,0.09999035245120592,0.0,1.099737299973619,-0.7033432206376411,-1.5674249852053996,1.1003212323597282,1.2494444813355632,0.9494461862255654,-0.8765473170758271,-0.616235472138085,-0.6172468726990111,-1.8099888593008848,-1.465890008390654,-1.4112481142269022
/multi_agv/path_reference,1789710640.2185078,1789710640.2178423,world,s_curve,1,1.4981746881436044,0.0999915479614603,0.00012233023378595165,1.0997399120935596,-0.7043204155653621,-1.5688209830622921,1.1000820514417842,1.2495685497708278,0.9495691350680666,-0.8775251584007313,-0.6174217427804806,-0.6180143455148742,-1.8113848571577773,-1.4672860062475466,-1.4126441120837947
/multi_agv/path_reference,1789710640.2283928,1789710640.2278442,world,s_curve,1,1.4991747958069743,0.0999915479614603,0.0,1.0997411732081555,-0.7053205223467887,-1.5702497082956777,1.0998358503047412,1.2496938122504795,0.9496938570692458,-0.8785255772275495,-0.6186360021356085,-0.6187999876772079,-1.8128135823911629,-1.4687147314809321,-1.4140728373171803
/multi_agv/path_reference,1789710640.2384017,1789710640.2378452,world,s_curve,1,1.50017480307883,0.0999915479614603,0.0,1.0997410055333166,-0.706320529517787,-1.5716782901126145,1.099588245025451,1.249817327447806,0.9498174441266926,-0.8795255429100881,-0.6198503173021429,-0.6195857283411298,-1.8142421642080997,-1.470143313297869,-1.415501419134117
/multi_agv/path_reference,1789710640.248308,1789710640.2478707,world,s_curve,1,1.50117709215781,0.0999915479614603,0.0,1.099739403989072,-0.7073228172298351,-1.5731101316540146,1.0993386415891861,1.2499393836622246,0.9499401867158053,-0.8805274343435219,-0.6210675790921745,-0.6203734382538089,-1.8156740057494998,-1.471575154839269,-1.4169332606755172
/multi_agv/path_reference,1789710640.2584853,1789710640.2579365,world,s_curve,1,1.502183804625851,0.09999437488110295,0.0002807912601460591,1.0997363507908853,-0.7083295249794308,-1.5745482923226446,1.0990864928233588,1.250060223982488,0.9500623355668091,-0.8815333866125423,-0.6222903876716047,-0.6211648006541454,-1.81711216641813,-1.473013315507899,-1.4183714213441472
/multi_agv/path_reference,1789710640.268791,1789710640.2679355,world,s_curve,1,1.503183641680664,0.09999437488110295,0.0,1.0997318854010778,-0.7093293519760122,-1.5759766309723775,1.098834634410722,1.2501784982344037,0.9501825235581076,-0.8825321087111759,-0.6235050157596492,-0.6219509314572115,-1.8185405050678627,-1.474441654157632,-1.41979975999388
/multi_agv/path_reference,1789710640.2787273,1789710640.2778645,world,s_curve,1,1.5041764840289598,0.09999437488110295,0.0,1.0997260380710838,-0.7103221770203203,-1.5773949771842284,1.0985831265916994,1.2502942281586034,0.9503007594629485,-0.8835234869268862,-0.624711312442461,-0.6227317316916137,-1.8199588512797136,-1.4758600003694828,-1.421218106205731
/multi_agv/path_reference,1789710640.288804,1789710640.287865,world,s_curve,1,1.5051763858801277,0.09999437488110295,0.0,1.0997187259890202,-0.7113220520484548,-1.5788234084001826,1.0983284096020636,1.2504090516555146,0.9504187167094826,-0.8845215526838324,-0.6259263510411682,-0.6235182524203636,-1.8213872824956678,-1.477288431585437,-1.4226465374216852
/multi_agv/path_reference,1789710640.2986195,1789710640.2978687,world,s_curve,1,1.506176790547327,0.09999588855280943,0.0001512997212319508,1.0997099809089972,-0.7123224184052708,-1.5802525579247528,1.0980721380421514,1.2505221958693562,0.9505356088154839,-0.8855197551941011,-0.6271421635409512,-0.6243053364807599,-1.822816432020238,-1.4787175811100073,-1.4240756869462556
/multi_agv/path_reference,1789710640.308584,1789710640.307868,world,s_curve,1,1.5071764684444082,0.09999588855280943,0.0,1.0996998140743452,-0.7133220445153772,-1.5816806692062977,1.097814627891166,1.250633522085423,0.9506512922464468,-0.8865168656650142,-0.6283572530660553,-0.625092014815062,-1.8242445433017829,-1.4801456923915521,-1.4255037982278003
/multi_agv/path_reference,1789710640.3184676,1789710640.3178556,world,s_curve,1,1.5081752335790188,0.09999588855280943,0.0,1.0996882309087,-0.714320742393431,-1.5831074765414557,1.0975559310870495,1.2507430136324917,0.9507657480065583,-0.8875126974533315,-0.629571390677515,-0.6258781390494464,-1.8256713506369409,-1.4815724997267101,-1.4269306055629583
/multi_agv/path_reference,1789710640.328348,1789710640.3278615,world,s_curve,1,1.5091758112391054,0.09999588855280943,0.0,1.0996751979078525,-0.715321235082437,-1.5845368731987222,1.0972953403472057,1.250850966714804,0.9508792866615479,-0.8885099653104487,-0.6307878870733395,-0.6266658528635224,-1.8271007472942074,-1.4830018963839766,-1.4283600022202247
/multi_agv/path_reference,1789710640.3384032,1789710640.3378234,world,s_curve,1,1.5101719983644781,0.09999718187122068,0.0001298231959575731,1.0996608014043572,-0.7163173180902435,-1.5859599976635403,1.0970344772178295,1.250956718559496,0.9509912084357458,-0.8895024861077941,-0.6319991975455747,-0.6274502706173616,-1.8285238717590255,-1.4844250208487948,-1.429783126685043
/multi_agv/path_reference,1789710640.3484554,1789710640.3478804,world,s_curve,1,1.5111776967218045,0.09999718187122068,0.0,1.099644829562487,-0.7173228895241435,-1.587396709602578,1.0967696909735547,1.2510617313783736,0.9511030663355327,-0.8905041055323885,-0.6332222245774373,-0.6282423384626046,-1.8299605836980632,-1.4858617327878325,-1.4312198386240806
/multi_agv/path_reference,1789710640.3586383,1789710640.357866,world,s_curve,1,1.5121761204841442,0.09999718187122068,0.0,1.0996275441682535,-0.7183211635605952,-1.5888230292630632,1.0965053968144278,1.2511642463550205,0.9512129893353124,-0.8914981025446902,-0.6344365529913191,-0.6290288351457761,-1.8313869033585484,-1.4872880524483176,-1.4326461582845658
/multi_agv/path_reference,1789710640.368513,1789710640.367843,world,s_curve,1,1.513173962062891,0.09999718187122068,0.0,1.099608846259063,-0.7193188298536753,-1.5902485172327017,1.096239840517827,1.2512649709460653,0.9513217273132963,-0.8924911423066639,-0.6356503181845868,-0.6298150290697752,-1.8328123913281869,-1.4887135404179561,-1.4340716462542042
/multi_agv/path_reference,1789710640.3784847,1789710640.3778555,world,s_curve,1,1.5141750627589081,0.09999869105961567,0.00015075093310978356,1.099588658173742,-0.7203197268865541,-1.5916786610841547,1.095971994644366,1.2513642857355018,0.951429694141358,-0.8934870440827134,-0.6368681907818546,-0.6306039457950942,-1.8342425351796399,-1.4901436842694091,-1.4355017901056573
/multi_agv/path_reference,1789710640.3884287,1789710640.387859,world,s_curve,1,1.5151754184646768,0.09999869105961567,0.0,1.0995670553022747,-0.7213198492191617,-1.5931077406638243,1.0957029256733593,1.2514617867263198,0.9515364535071453,-0.8944818210900403,-0.6380852977058794,-0.6313924288615654,-1.8356716147593095,-1.4915727638490788,-1.436930869685327
/multi_agv/path_reference,1789710640.3986979,1789710640.3978522,world,s_curve,1,1.5161747358840363,0.09999869105961567,0.0,1.0995440478401999,-0.7223189016643363,-1.5945353369771949,1.095432716840202,1.2515574497796915,0.9516419769007063,-0.8954751806651524,-0.6393012792532929,-0.6321802450745636,-1.83709921107268,-1.4930003601624493,-1.4383584659986974
/multi_agv/path_reference,1789710640.4085982,1789710640.4078083,world,s_curve,1,1.5171704831501276,0.09999869105961567,0.0,1.0995197039820999,-0.723314351222978,-1.595957833071611,1.0951620630941974,1.2516510443262483,0.9517460045258538,-0.8964646066830613,-0.6405130512024299,-0.632965395783443,-1.8385217071670963,-1.4944228562568656,-1.4397809620931137
/multi_agv/path_reference,1789710640.4185421,1789710640.417806,world,s_curve,1,1.5181702548575087,0.09999977068627723,0.00010798707123380199,1.0994938371492977,-0.7243137881646557,-1.5973860783678697,1.0948888997521076,1.2517432828553536,0.951849328840432,-0.897457643243512,-0.6417298533940313,-0.633753867856424,-1.839949952463355,-1.4958511015531242,-1.4412092073893723
/multi_agv/path_reference,1789710640.428515,1789710640.4278054,world,s_curve,1,1.5191702002644913,0.09999977068627723,0.0,1.0994665380361366,-0.7253133607742225,-1.5988145718064164,1.0946142705605617,1.2518337989714314,0.9519515445764164,-0.8984504610743762,-0.6429469975239503,-0.6345426237243408,-1.8413784459019016,-1.4972795949916708,-1.442637700827919
/multi_agv/path_reference,1789710640.4385128,1789710640.4378042,world,s_curve,1,1.5201700579716753,0.09999977068627723,0.0,1.0994378136505991,-0.7263128057055619,-1.6002429399595361,1.0943382476888084,1.2519225686035165,0.9520526246594725,-0.8994427985635336,-0.6441641629477612,-0.6353314556053908,-1.8428068140550213,-1.4987079631447906,-1.4440660689810387
/multi_agv/path_reference,1789710640.4484763,1789710640.447806,world,s_curve,1,1.5211702061781929,0.09999977068627723,0.0,1.0994076527520131,-0.7273124989492562,-1.6016717231117044,1.0940607268626352,1.2520096246189552,0.952152606774449,-0.9004350289201802,-0.6453818076161483,-0.6361206603114401,-1.8442355972071895,-1.5001367462969588,-1.445494852133207
/multi_agv/path_reference,1789710640.458472,1789710640.457803,world,s_curve,1,1.5221699696236193,0.10000074472434527,9.742757913287272e-05,1.0993760759667943,-0.7283117635188281,-1.6030999566051705,1.0937818962191652,1.2520949083088493,0.9522514233723685,-0.9014264802616608,-0.6465991069221949,-0.6369097033726284,-1.8456638307006556,-1.501564979790425,-1.446923085626673
/multi_agv/path_reference,1789710640.4686954,1789710640.467906,world,s_curve,1,1.5231802376472752,0.10000074472434527,0.0,1.0993427177725439,-0.7293214805731961,-1.6045431966389647,1.0934986978481827,1.2521793219987345,0.9523501334707144,-0.9024279432807556,-0.6478293189341355,-0.6377071795046971,-1.84710707073445,-1.5030082198242192,-1.4483663256604673
/multi_agv/path_reference,1789710640.4787347,1789710640.4778874,world,s_curve,1,1.5241783848806654,0.10000074472434527,0.0,1.0993083285736518,-0.7303190351383272,-1.6059691212580935,1.0932174779072408,1.252260979061683,0.9524465287520316,-0.9034169887315441,-0.649044889749488,-0.6384952269339494,-1.848532995353579,-1.504434144443348,-1.4497922502795961
/multi_agv/path_reference,1789710640.4885125,1789710640.4878383,world,s_curve,1,1.5251734769913035,0.10000074472434527,0.0,1.099272628727839,-0.7313134865748092,-1.607390681416148,1.0929357151443324,1.2523406607180443,0.9525415103211403,-0.9044026067592829,-0.6502568546274757,-0.6392809983376689,-1.8499545555116332,-1.5058557046014025,-1.4512138104376506
/multi_agv/path_reference,1789710640.4989142,1789710640.4979308,world,s_curve,1,1.5261827397033039,0.10000171534102546,9.61725146526241e-05,1.0992349767127423,-0.7323220466215146,-1.6088324852904343,1.092648509238203,1.2524197173296716,0.9526367035703519,-0.9054018503139352,-0.6514861929294551,-0.6400780966211534,-1.8513963593859195,-1.5072975084756888,-1.452655614311937
/multi_agv/path_reference,1789710640.5086408,1789710640.5078406,world,s_curve,1,1.5271737360019784,0.10000171534102546,0.0,1.09919659101647,-0.733312299132268,-1.6102481942885407,1.092365099588706,1.2524956181317624,0.952729055328942,-0.9063826048605251,-0.6526933913903188,-0.6408609011459601,-1.852812068384026,-1.5087132174737952,-1.4540713233100433
/multi_agv/path_reference,1789710640.5187464,1789710640.517878,world,s_curve,1,1.5281775051197466,0.10000171534102546,0.0,1.099156281664805,-0.7343152584643949,-1.6116821501710668,1.092076622162658,1.2525707550885168,0.9528214677432405,-0.9073755902025886,-0.6539162575743013,-0.6416539276162948,-1.854246024266552,-1.5101471733563212,-1.4555052791925693
/multi_agv/path_reference,1789710640.5285747,1789710640.5278711,world,s_curve,1,1.5291767938606624,0.10000171534102546,0.0,1.0991147236388594,-0.7353136825953599,-1.6131097055152321,1.091788018233057,1.252643814724229,0.9529123379592924,-0.9083637313902001,-0.6551337712054094,-0.6424435451904701,-1.8556735796107173,-1.5115747287004866,-1.4569328345367347
/multi_agv/path_reference,1789710640.5386481,1789710640.5378752,world,s_curve,1,1.5301771300457663,0.10000164798351972,-6.733597842741475e-06,1.099071694563155,-0.7363130928255734,-1.6145387572082377,1.0914976992575751,1.2527152100799779,0.9530021743519115,-0.9093524946828124,-0.6563526642397299,-0.6432341195541778,-1.8571026313037229,-1.5130037803934921,-1.4583618862297403
/multi_agv/path_reference,1789710640.5489008,1789710640.5478647,world,s_curve,1,1.5311760770079763,0.10000164798351972,0.0,1.0990273000328994,-0.7373110527377571,-1.615965824297109,1.0912063736879642,1.2527847679579822,0.9530907584527516,-0.9103394698001203,-0.6575699651024164,-0.6440237233107345,-1.8585296983925943,-1.5144308474823636,-1.4597889533186117
/multi_agv/path_reference,1789710640.5586545,1789710640.557806,world,s_curve,1,1.5321703753935798,0.10000164798351972,0.0,1.0989816978605382,-0.7383043047460007,-1.617386250562257,1.090915005379828,1.252852276971486,0.9531778112303004,-0.9113214382109315,-0.6587816986263472,-0.6448097774007234,-1.8599501246577421,-1.5158512737475114,-1.4612093795837595
/multi_agv/path_reference,1789710640.568483,1789710640.5679355,world,s_curve,1,1.533183346286898,0.10000164798351972,0.0,1.098933788787911,-0.7393161419706371,-1.618833351838426,1.0906167315261865,1.2529192840131713,0.9532653508243751,-0.9123214209609187,-0.6600162853488795,-0.6456107196021129,-1.861397225933911,-1.5172983750236804,-1.4626564808599285
/multi_agv/path_reference,1789710640.5784438,1789710640.5778692,world,s_curve,1,1.5341766745351586,0.10000180691376782,1.600006041424062e-05,1.0988853865119743,-0.7403082901752241,-1.6202523921930838,1.090322836234113,1.2529832563577474,0.9533500669440622,-0.9133015927413614,-0.6612270249539649,-0.6463962528303462,-1.862816266288569,-1.5187174153783383,-1.4640755212145864
/multi_agv/path_reference,1789710640.5883913,1789710640.5878716,world,s_curve,1,1.5351767665056315,0.10000180691376782,0.0,1.0988352325392843,-0.7413071236723837,-1.6216810950080451,1.0900255350660615,1.2530459287012308,0.9534342338505609,-0.9142880163467779,-0.6624460991466531,-0.64718725552372,-1.8642449691035303,-1.5201461181932996,-1.4655042240295477
/multi_agv/path_reference,1789710640.5986226,1789710640.59784,world,s_curve,1,1.5361738689220867,0.10000180691376782,0.0,1.0987838078511738,-0.7423028990280575,-1.6231055270315526,1.0897277198757607,1.2531066796966412,0.9535170239811197,-0.9152710674018412,-0.6636616170867802,-0.6479760125955509,-1.8656694011270378,-1.521570550216807,-1.4669286560530552
/multi_agv/path_reference,1789710640.6085067,1789710640.6078682,world,s_curve,1,1.5371764663378302,0.10000180691376782,0.0,1.09873066974189,-0.7433040871943174,-1.6245378090540434,1.0894268519421269,1.2531660197518009,0.9535991375317422,-0.9162591072843651,-0.6648839197160701,-0.6487692345825169,-1.8671016831495286,-1.5230028322392979,-1.468360938075546
/multi_agv/path_reference,1789710640.6184556,1789710640.6178706,world,s_curve,1,1.538176807750386,0.10000247047316406,6.633493135080477e-05,1.098676222075312,-0.7443029456526471,-1.6259668682148372,1.0891252509039842,1.2532234814111165,0.953679933910835,-0.91724449343595,-0.6661035554261784,-0.6495607880958129,-1.8685307423103223,-1.5244318914000916,-1.4697899972363397
/multi_agv/path_reference,1789710640.6284103,1789710640.627852,world,s_curve,1,1.5391751483135123,0.10000247047316406,0.0,1.098620460184658,-0.7452997276345197,-1.6273930690193035,1.0888228494359409,1.2532790903376017,0.9537594407804317,-0.9182274779339341,-0.6673208322895929,-0.650350872680032,-1.8699569431147887,-1.525858092204558,-1.471216198040806
/multi_agv/path_reference,1789710640.6383946,1789710640.6378253,world,s_curve,1,1.5401724842518203,0.10000247047316406,0.0,1.0985633349856867,-0.7462954261400593,-1.6288178346454578,1.088519352750255,1.2533329097755297,0.9538377424312753,-0.9192090416272566,-0.668536962167504,-0.6511402746254172,-1.871381708740943,-1.5272828578307123,-1.4726409636669604
/multi_agv/path_reference,1789710640.648397,1789710640.6478543,world,s_curve,1,1.541175255424401,0.10000247047316406,0.0,1.0985044683585161,-0.7472964678822022,-1.6302503648920015,1.0882127925294223,1.2533852756572108,0.9539153368889155,-0.9201955176442782,-0.6697597957166737,-0.6519340902856545,-1.8728142389874867,-1.528715388077256,-1.474073493913504
/multi_agv/path_reference,1789710640.6583514,1789710640.6578124,world,s_curve,1,1.542171240030498,0.10000292242947406,4.537916704129292e-05,1.0984445805852046,-0.7482906502696781,-1.631673200043569,1.0879069084109823,1.2534355529744052,0.9539912803702262,-0.9211748816649925,-0.6709744263716497,-0.652722642772392,-1.8742370741390542,-1.5301382232288234,-1.4754963290650716
/multi_agv/path_reference,1789710640.6688354,1789710640.6678228,world,s_curve,1,1.5431722671839558,0.10000292242947406,0.0,1.0983829644276057,-0.7492897792087881,-1.6331032388342228,1.0875980719552865,1.2534843434993528,0.9540664778281781,-0.922158764554224,-0.6721952773941822,-0.6535152956779582,-1.875667112929708,-1.5315682620194773,-1.4769263678557254
/multi_agv/path_reference,1789710640.678484,1789710640.6778383,world,s_curve,1,1.5441738488536183,0.10000292242947406,0.0,1.0983198842332158,-0.7502893724038708,-1.6345340697908834,1.087287656589446,1.253531413699375,0.9541405824108264,-0.9231427494412201,-0.6734168732850336,-0.6543084944853585,-1.8770979438863686,-1.532999092976138,-1.478357198812386
/multi_agv/path_reference,1789710640.6883318,1789710640.6878552,world,s_curve,1,1.5451754452237105,0.10000292242947406,0.0,1.098255372903309,-0.7512888889883056,-1.635964921748158,1.0869758290444216,1.2535767366126094,0.9542135530528966,-0.9241263036019691,-0.6746385532063712,-0.6551018101565764,-1.8785287958436432,-1.5344299449334124,-1.4797880507696606
/multi_agv/path_reference,1789710640.6983888,1789710640.6978562,world,s_curve,1,1.5461756054806555,0.10000373523543116,8.127060755188602e-05,1.0981895270253077,-0.7522868793122277,-1.6373937221152222,1.0866630446024272,1.2536202501832825,0.9542852862902131,-0.9251080012937581,-0.6758585449159517,-0.6558940917269732,-1.8799575962107073,-1.5358587453004766,-1.4812168511367247
/multi_agv/path_reference,1789710640.7083056,1789710640.7078605,world,s_curve,1,1.5471760792493103,0.10000373523543116,0.0,1.0981222339827594,-0.7532850873239851,-1.6388229703561579,1.0863487591322472,1.2536620334129684,0.9543559094030628,-0.9260895585912077,-0.6770789800017346,-0.6566867233790129,-1.881386844451643,-1.5372879935414123,-1.4826460993776605
/multi_agv/path_reference,1789710640.7183192,1789710640.7178552,world,s_curve,1,1.5481756268833733,0.10000373523543116,0.0,1.0980535785753107,-0.7542822742347455,-1.6402508955476762,1.0860333639538031,1.2537020360184408,0.954425335753688,-0.9270697576947834,-0.6782983437258931,-0.6574787212835598,-1.8828147696431614,-1.5387159187329307,-1.4840740245691788
/multi_agv/path_reference,1789710640.728329,1789710640.7278314,world,s_curve,1,1.5491734127516326,0.10000373523543116,0.0,1.0979836240648724,-0.755277604749556,-1.641676303930904,1.085717129010595,1.2537402314804742,0.954493511703548,-0.9280477789668767,-0.6795156139732961,-0.658269421308495,-1.884240178026389,-1.5401413271161584,-1.4854994329524065
/multi_agv/path_reference,1789710640.738526,1789710640.7378674,world,s_curve,1,1.5501768246286114,0.10000432313540301,5.8592627918582667e-05,1.0979118445375158,-0.7562784458552587,-1.643109749469445,1.0853977055350132,1.2537768925819235,0.9545609354956108,-0.9290308592248728,-0.6807398014531085,-0.6590646768877946,-1.8856736235649303,-1.5415747726546996,-1.4869328784909477
/multi_agv/path_reference,1789710640.748442,1789710640.7478704,world,s_curve,1,1.5511772166750446,0.10000432313540301,0.0,1.097838852862985,-0.7572761714131121,-1.6445388809643495,1.0850778408092976,1.2538116963557704,0.9546270214238868,-0.9300105240224459,-0.6819603557249379,-0.6598576344919524,-1.8871027550598347,-1.543003904149604,-1.488362009985852
/multi_agv/path_reference,1789710640.7584715,1789710640.7578323,world,s_curve,1,1.5521736129487425,0.10000432313540301,0.0,1.097764735361138,-0.7582698071409204,-1.6459623042124893,1.0847578622249794,1.2538446270898302,0.954691716768604,-0.9309858204437403,-0.6831760830492251,-0.6606475179297957,-1.8885261783079745,-1.5444273273977438,-1.489785433233992
/multi_agv/path_reference,1789710640.7683816,1789710640.7678246,world,s_curve,1,1.5531727524410284,0.10000432313540301,0.0,1.0976889937356071,-0.7592660715428908,-1.6473896463443265,1.0844356090900116,1.253875910872949,0.954755461243861,-0.9319633436563666,-0.6843952032753653,-0.6614396676969405,-1.8899535204398117,-1.545854669529581,-1.491212775365829
/multi_agv/path_reference,1789710640.77839,1789710640.777858,world,s_curve,1,1.5541761945115755,0.10000444196313618,1.184253829285708e-05,1.0976114949142641,-0.7602665163170859,-1.6488231350165365,1.0841105643872768,1.2539055780829667,0.954818342272549,-0.9329446124234115,-0.6856196170750227,-0.6622353194528231,-1.8913870091120217,-1.547288158201791,-1.4926462640380391
/multi_agv/path_reference,1789710640.7886431,1789710640.7879303,world,s_curve,1,1.5551835278549637,0.10000444196313618,0.0,1.0975322533134173,-0.761270727975922,-1.6502621826499484,1.0837828448459046,1.253933595057335,0.9548803200370126,-0.9339292168109442,-0.6868488205782858,-0.663034146538536,-1.8928260567454336,-1.5487272058352028,-1.494085311671451
/multi_agv/path_reference,1789710640.7983022,1789710640.7978008,world,s_curve,1,1.5561706307997651,0.10000444196313618,0.0,1.0974532007537656,-0.7622546602664679,-1.6516723297139504,1.0834603321762875,1.253959332793955,0.9549399372910541,-0.9348935887529869,-0.6880533756831214,-0.6638170163632954,-1.8942362038094356,-1.5501373528992048,-1.495495458735453
/multi_agv/path_reference,1789710640.8083508,1789710640.8078482,world,s_curve,1,1.5571752986247573,0.10000444196313618,0.0,1.0973713173150894,-0.7632559855706278,-1.6531075694639392,1.0831306849821634,1.2539837847573596,0.9549994822057453,-0.9358746531322748,-0.6892794011560722,-0.6646139024235361,-1.8956714435594244,-1.5515725926491937,-1.4969306984854418
/multi_agv/path_reference,1789710640.8184707,1789710640.817969,world,s_curve,1,1.558187527200959,0.10000426564163323,-1.7419882064468524e-05,1.0972873646618,-0.7642647265986823,-1.6545536102870846,1.0827971336645557,1.2540066414868363,0.955058318834008,-0.9368626211560798,-0.6905146874703018,-0.6654168711696652,-1.8971174843825698,-1.553018633472339,-1.4983767393085872
/multi_agv/path_reference,1789710640.828388,1789710640.8278625,world,s_curve,1,1.5591768337994332,0.10000426564163323,0.0,1.0972039028838054,-0.7652505062456727,-1.655966905427762,1.0824697546735111,1.2540272537303054,0.9551147002475999,-0.9378277494630711,-0.6917220312902134,-0.6662017379837336,-1.8985307795232471,-1.5544319286130164,-1.4997900344492645
/multi_agv/path_reference,1789710640.83828,1789710640.8378007,world,s_curve,1,1.5601708191974797,0.10000426564163323,0.0,1.097118643610787,-0.7662408282433274,-1.6573868845678283,1.0821394542519558,1.2540462452182066,0.9551702313621984,-0.9387969752974161,-0.6929351132291283,-0.6669903962034377,-1.8999507586633135,-1.5558519077530828,-1.501210013589331
/multi_agv/path_reference,1789710640.8483949,1789710640.8478706,world,s_curve,1,1.561177663444015,0.10000426564163323,0.0,1.0970308481516233,-0.7672438372744558,-1.6588252334914504,1.08180347842482,1.2540637265893526,0.9552253394406972,-0.9397782605389255,-0.6941639146584506,-0.667789336625991,-1.9013891075869356,-1.5572902566767048,-1.502648362512953
/multi_agv/path_reference,1789710640.8583093,1789710640.8578575,world,s_curve,1,1.5621764155124584,0.10000290054805205,-0.00013668388977623123,1.096942332860797,-0.7682386591508369,-1.6602520221606551,1.0814688085567274,1.2540793210307617,0.9552788689949019,-0.9407511805677223,-0.6953828635757942,-0.668581933308994,-1.9028158962561403,-1.5587170453459096,-1.5040751511821577
/multi_agv/path_reference,1789710640.8684509,1789710640.8678515,world,s_curve,1,1.563175840200411,0.10000290054805205,0.0,1.0968523372354864,-0.7692340235675315,-1.661679771714873,1.0811325241106933,1.2540931850403694,0.9553313025553964,-0.9417242768438299,-0.6966026544381972,-0.6693751394205673,-1.9042436458103582,-1.5601447949001275,-1.5055029007363756
/multi_agv/path_reference,1789710640.878354,1789710640.8778572,world,s_curve,1,1.5641764195218533,0.10000290054805205,0.0,1.0967608141714404,-0.7702304081991843,-1.6631091707455048,1.0807944597889945,1.2541053205138215,0.9553826622115051,-0.9426980153830672,-0.6978238731082659,-0.6701693361062196,-1.90567304484099,-1.5615741939307592,-1.5069322997670074
/multi_agv/path_reference,1789710640.8882751,1789710640.8878596,world,s_curve,1,1.5651766793340283,0.10000290054805205,0.0,1.0966678968685957,-0.771226342882746,-1.6645381133343262,1.080455112561584,1.254115707318436,0.9554328707257671,-0.9436709589918444,-0.6990447179041467,-0.670963351752247,-1.9071019874298114,-1.5630031365195807,-1.5083612423558288
/multi_agv/path_reference,1789710640.8983002,1789710640.8978527,world,s_curve,1,1.5661761957234661,0.10000188989346388,-0.00010111626974265238,1.0965736271488293,-0.7722214037152874,-1.6659659938906661,1.0801146291387578,1.2541243437968321,0.955481908510898,-0.9446426941190669,-0.700264668910957,-0.6717568481158381,-1.9085298679861513,-1.5644310170759206,-1.5097891229121687
/multi_agv/path_reference,1789710640.9085877,1789710640.9079225,world,s_curve,1,1.5671831810540564,0.10000188989346388,0.0,1.0964772165760517,-0.7732237630722395,-1.667404544362938,1.0797701989531374,1.2541312835633265,0.955530167211691,-0.9456211979781789,-0.7014937473021877,-0.6725563439363517,-1.9099684184584231,-1.5658695675481924,-1.5112276733844405
/multi_agv/path_reference,1789710640.9183137,1789710640.9178495,world,s_curve,1,1.568175785112861,0.10000188989346388,0.0,1.096380771253179,-0.7742116704313068,-1.6688225501612302,1.079429309946617,1.254136393283963,0.955576610528957,-0.9465852413741057,-0.7027052810826588,-0.6733444888371558,-1.9113864242567153,-1.5672875733464846,-1.5126456791827327
/multi_agv/path_reference,1789710640.9284167,1789710640.9278512,world,s_curve,1,1.5691760867171385,0.10000188989346388,0.0,1.0962821611975841,-0.7752070995768207,-1.6702515524530552,1.0790843950547706,1.2541398049156371,0.9556222836223447,-0.9475562708533228,-0.70392621630659,-0.6741388115705491,-1.9128154265485404,-1.5687165756383097,-1.5140746814745578
/multi_agv/path_reference,1789710640.9383821,1789710640.9378543,world,s_curve,1,1.5701762659107583,0.1000010291881515,-8.605599638053608e-05,1.0961821410973964,-0.7762022650034366,-1.671680379872512,1.078738135371761,1.2541414717243595,0.9556668161960685,-0.9485266877189762,-0.7051470057478281,-0.6749331015435053,-1.9142442539679971,-1.5701454030577664,-1.5155035088940148
/multi_agv/path_reference,1789710640.9483933,1789710640.947819,world,s_curve,1,1.5711727980668437,0.1000010291881515,0.0,1.0960810715413751,-0.7771936585240684,-1.6731039972383484,1.0783917595346317,1.2541413975681932,0.9557100575213003,-0.9494930730347628,-0.7063633448420301,-0.6757245576954123,-1.9156678713338335,-1.5715690204236028,-1.516927126259851
/multi_agv/path_reference,1789710640.9584656,1789710640.9578247,world,s_curve,1,1.572173493065772,0.1000010291881515,0.0,1.0959781597993832,-0.778189047634465,-1.6745335615225316,1.07804255286278,1.2541395807681053,0.9557523457672644,-0.9504629980849485,-0.707584763648614,-0.6765193811698323,-1.917097435618017,-1.572998584707786,-1.5183566905440342
/multi_agv/path_reference,1789710640.9685197,1789710640.9678805,world,s_curve,1,1.5731790462146993,0.1000010291881515,0.0,1.09587331537606,-0.7791891199348806,-1.675970066020999,1.077690254725242,1.2541359964948666,0.9557936949080718,-0.9514371280666691,-0.7088121083111479,-0.6773181234268247,-1.9185339401164843,-1.5744350892062535,-1.5197931950425017
/multi_agv/path_reference,1789710640.978329,1789710640.9778523,world,s_curve,1,1.574176109083634,0.10000031782798402,-7.134579478837982e-05,1.0957679375320946,-0.7801805984795054,-1.6773944415480486,1.0773395495621807,1.25413070136478,0.9558335616693231,-0.9524025323811729,-0.7100290836614127,-0.6781101793959305,-1.9199583156435338,-1.575859464733303,-1.5212175705695512
/multi_agv/path_reference,1789710640.9884403,1789710640.9878514,world,s_curve,1,1.5751758142609666,0.10000031782798402,0.0,1.0956608627785656,-0.7811745528379377,-1.678822591801381,1.0769865348871186,1.254123651981493,0.955872401467085,-0.9533699926085737,-0.711249275305213,-0.6789043906000264,-1.9213864658968662,-1.5772876149866355,-1.5226457208228836
/multi_agv/path_reference,1789710640.9983776,1789710640.9978557,world,s_curve,1,1.5761764804413536,0.10000031782798402,0.0,1.095552263677127,-0.7821693085200222,-1.6802521149162195,1.0766317975889275,1.2541148507343476,0.9559101427081063,-0.9543378769725863,-0.712470628577563,-0.6796994200099171,-1.9228159890117047,-1.578717138101474,-1.524075243937722
/multi_agv/path_reference,1789710641.0084686,1789710641.0078497,world,s_curve,1,1.577175896017766,0.10000031782798402,0.0,1.0954423810033014,-0.7831626650122085,-1.6816798514539515,1.0762761229268194,1.2541043177692313,0.9559467023138533,-0.9553040445563079,-0.7136904416298808,-0.6804935088504367,-1.9242437255494367,-1.580144874639206,-1.525502980475454
/multi_agv/path_reference,1789710641.0184011,1789710641.0178573,world,s_curve,1,1.5781766657334366,0.09999990164287272,-4.1586460445371546e-05,1.0953309284749562,-0.78415720922191,-1.6831095224763382,1.0759185845277464,1.254092025482444,0.9559821754146782,-0.9562710114066134,-0.714911891134843,-0.6812887251242735,-1.9256733965718233,-1.5815745456615926,-1.5269326514978407
/multi_agv/path_reference,1789710641.0286663,1789710641.027939,world,s_curve,1,1.5791849123417532,0.09999990164287272,0.0,1.0952172058825997,-0.7851590216883507,-1.6845498747739334,1.0755569776472471,1.254077875824578,0.9560167641759743,-0.9572446847336313,-0.7161424472617259,-0.6820899330696948,-1.9271137488694186,-1.5830148979591878,-1.528373003795436
/multi_agv/path_reference,1789710641.0386124,1789710641.0378795,world,s_curve,1,1.5801789346640605,0.09999990164287272,0.0,1.0951036745822933,-0.7861465392091034,-1.6859699066629437,1.0751990991222313,1.2540621900573956,0.9560497345672532,-0.9582041106081984,-0.7173556215095139,-0.6828798855095978,-1.928533780758429,-1.5844349298481981,-1.5297930356844462
/multi_agv/path_reference,1789710641.0488055,1789710641.047961,world,s_curve,1,1.5811871078724493,0.09999990164287272,0.0,1.0949870954628647,-0.7871479493899084,-1.6874101541034991,1.074834735255791,1.2540445219820602,0.9560820291507426,-0.9591766748344817,-0.7185860425531622,-0.6836811307820813,-1.9299740281989843,-1.5858751772887536,-1.5312332831250017
/multi_agv/path_reference,1789710641.0586095,1789710641.0579648,world,s_curve,1,1.5821874895513648,0.09999974798836096,-1.535955003618484e-05,1.0948699914532076,-0.7881414532820448,-1.688839270787664,1.0744718027874613,1.2540252384766206,0.9561129330955408,-0.9601412029887133,-0.7198069280044347,-0.6844762288529863,-1.9314031448831492,-1.5873042939729185,-1.5326623998091666
/multi_agv/path_reference,1789710641.0686033,1789710641.067962,world,s_curve,1,1.5831871778320277,0.09999974798836096,0.0,1.0947515503365788,-0.7891341003442888,-1.6902673969028967,1.0741077452214611,1.2540042253448866,0.9561426804433888,-0.9611045434744064,-0.721026938439697,-0.6852708191187629,-1.932831270998382,-1.5887324200881512,-1.5340905259243993
/multi_agv/path_reference,1789710641.0783596,1789710641.0778496,world,s_curve,1,1.5841759469402081,0.09999974798836096,0.0,1.0946330080082445,-0.7901157377020118,-1.6916799242002976,1.0737463106232383,1.2539817273368008,0.9561709860646943,-0.9620568493430244,-0.7222335924180788,-0.686056771344932,-1.9342437982957827,-1.590144947385552,-1.5355030532218001
/multi_agv/path_reference,1789710641.088327,1789710641.0878577,world,s_curve,1,1.585176630818362,0.09999974798836096,0.0,1.0945116261771666,-0.7911090324733386,-1.69310947259766,1.0733791520774063,1.2539572234614904,0.9561985029926032,-0.9630201098896092,-0.7234547531804125,-0.6868522343499941,-1.9356733466931453,-1.5915744957829145,-1.5369326016191627
/multi_agv/path_reference,1789710641.098341,1789710641.0978596,world,s_curve,1,1.5861768013680653,0.09999932509000008,-4.22823394297795e-05,1.0943888878454446,-0.792101643302682,-1.6945382876686648,1.0730108062620765,1.2539309877956866,0.9562248694785707,-0.9639823508524673,-0.7246752512631623,-0.6876473277924161,-1.93710216176415,-1.5930033108539192,-1.5383614166901673
/multi_agv/path_reference,1789710641.1083608,1789710641.1078327,world,s_curve,1,1.5871742465361627,0.09999932509000008,0.0,1.0942650715116893,-0.7930913736744134,-1.6959632093373753,1.0726420951696236,1.2539030867892258,0.9562500325762185,-0.9649414446494073,-0.7258923850045753,-0.6884402913692576,-1.9385270834328605,-1.5944282325226298,-1.539786338358878
/multi_agv/path_reference,1789710641.1185498,1789710641.1178513,world,s_curve,1,1.5881761032744857,0.09999932509000008,0.0,1.0941392882061503,-0.7940853029027914,-1.6973944332492654,1.0722703781634835,1.2538733167489131,0.956274169706054,-0.9659042505585891,-0.7271148607249186,-0.6892367974248664,-1.9399583073447506,-1.5958594564345199,-1.541217562270768
/multi_agv/path_reference,1789710641.1285405,1789710641.127866,world,s_curve,1,1.5891774163164782,0.09999932509000008,0.0,1.0940121518956043,-0.7950785118405632,-1.698824880452112,1.0718974863775355,1.2538418146651886,0.9562971546440888,-0.9668660013996808,-0.7283366291958477,-0.6900329049261611,-1.9413887545475972,-1.5972899036373664,-1.5426480094736146
/multi_agv/path_reference,1789710641.1385334,1789710641.1379714,world,s_curve,1,1.5901617641458285,0.097393789416839,-0.25779809240543194,1.0938857843488883,-0.7960547145502855,-1.7002310916368981,1.0715295712863062,1.2538091422434592,0.9563186395168994,-0.9678109363808219,-0.7295376520796307,-0.6908155551904037,-1.9427949657323833,-1.5986961148221526,-1.5440542206584007
/multi_agv/path_reference,1789710641.1486661,1789710641.1479666,world,s_curve,1,1.5911352360107145,0.097393789416839,0.0,1.0937594634564942,-0.7970199556331709,-1.7016217657295922,1.0711644151611128,1.253775170232931,0.956338804975439,-0.9687449211813677,-0.730725358682609,-0.6915895870355357,-1.9441856398250774,-1.6000867889148467,-1.5454448947510948
/multi_agv/path_reference,1789710641.158365,1789710641.1578486,world,s_curve,1,1.5920975638834278,0.097393789416839,0.0,1.093633270396602,-0.7979739735043274,-1.7029965198334684,1.0708021639261978,1.2537399647028271,0.9563576825607816,-0.9696677141512626,-0.7318994213807373,-0.6923547849809824,-1.9455603939289536,-1.601461543018723,-1.546819648854971
/multi_agv/path_reference,1789710641.1686954,1789710641.1679685,world,s_curve,1,1.593083294120225,0.097393789416839,0.0,1.0935026473896925,-0.798951010641612,-1.704404705886036,1.0704297869052035,1.253702228183099,0.9563759270807749,-0.9706124306201945,-0.7331019839698623,-0.6931386173347791,-1.9469685799815213,-1.6028697290712905,-1.5482278349075387
/multi_agv/path_reference,1789710641.1783495,1789710641.177821,world,s_curve,1,1.594029619824663,0.0960669265101277,-0.1346974310750251,1.0933759525715734,-0.7998888169241904,-1.7057565997495188,1.0700710452216802,1.25366440784122,0.9563924046518198,-0.9715188879881298,-0.7342564231900708,-0.6938911395943705,-1.948320473845004,-1.6042216229347732,-1.5495797287710213
/multi_agv/path_reference,1789710641.188399,1789710641.187852,world,s_curve,1,1.5949932952160286,0.0960669265101277,0.0,1.093245631396532,-0.8008436396839322,-1.707133278880041,1.0697044666685256,1.2536242894914207,0.9564081380296494,-0.9724414647378905,-0.7354319738460807,-0.6946574804678255,-1.9496971529755263,-1.6055983020652955,-1.5509564079015437
/multi_agv/path_reference,1789710641.198425,1789710641.197883,world,s_curve,1,1.5959570895382493,0.0960669265101277,0.0,1.093113980081737,-0.8017984000085014,-1.708510127911785,1.0693365734427496,1.2535825481209941,0.9564228186814674,-0.9733636497927285,-0.7366076133018638,-0.6954239369309119,-1.95107400200727,-1.6069751510970394,-1.5523332569332875
/multi_agv/path_reference,1789710641.2083824,1789710641.207853,world,s_curve,1,1.596914741149055,0.0960669265101277,0.0,1.0929818659544488,-0.8027468947737143,-1.7098782016415073,1.068969767728714,1.253539469600072,0.9564363605345607,-0.9742794547697619,-0.7377757018373442,-0.6961855277140369,-1.9524420757369925,-1.6083432248267617,-1.5537013306630099
/multi_agv/path_reference,1789710641.2183328,1789710641.2178485,world,s_curve,1,1.597864656726363,0.0950314139057917,-0.10359470805415792,1.0928495373780125,-0.8036875480633421,-1.7112352238948045,1.0686046878318893,1.253495160517068,0.9564487637850801,-0.9751873651783636,-0.7389342951237056,-0.6969409838879569,-1.9537990979902897,-1.609700247080059,-1.5550583529163071
/multi_agv/path_reference,1789710641.2283862,1789710641.2278564,world,s_curve,1,1.5988156744780095,0.0950314139057917,0.0,1.0927157759635566,-0.8046291119254542,-1.712593820682871,1.0682379497638137,1.2534492243783728,0.9564601537484833,-0.9760958317999977,-0.74009417130658,-0.6976973326697847,-1.9551576947783562,-1.6110588438681255,-1.5564169497043736
/multi_agv/path_reference,1789710641.2383602,1789710641.2378027,world,s_curve,1,1.599761052875492,0.0950314139057917,0.0,1.092581541388948,-0.8055649117200828,-1.713944361250703,1.0678721648216605,1.2534020002469635,0.95647045909822,-0.9769984169332003,-0.741247106932471,-0.6984492112945772,-1.9565082353461882,-1.6124093844359575,-1.5577674902722056
/multi_agv/path_reference,1789710641.2483356,1789710641.2478344,world,s_curve,1,1.6007143873979781,0.0950314139057917,0.0,1.0924448956838513,-0.8065084023244908,-1.7153062677113973,1.0675020657057483,1.2533528002046637,0.9564798211411418,-0.9779080967019413,-0.7424096795390785,-0.6992074307324524,-1.9578701418068825,-1.6137712908966517,-1.5591293967328999
/multi_agv/path_reference,1789710641.2583246,1789710641.2578504,world,s_curve,1,1.6016572128154594,0.09414948028763961,-0.08806889404725166,1.0923084935821952,-0.8074413085884675,-1.716653161164942,1.0671348291722609,1.2533025862737437,0.956488065300581,-0.9788072521717128,-0.7435593696821923,-0.6999573039114975,-1.9592170352604272,-1.6151181843501965,-1.5604762901864446
/multi_agv/path_reference,1789710641.2684495,1789710641.2678373,world,s_curve,1,1.602597639115884,0.09414948028763961,0.0,1.0921711878107825,-0.8083716572420309,-1.7179966273084057,1.0667673218447429,1.2532509584094131,0.9564952831781913,-0.979703626220326,-0.7447060660338085,-0.7007052794719579,-1.960560501403891,-1.6164616504936602,-1.5618197563299083
/multi_agv/path_reference,1789710641.2783597,1789710641.277833,world,s_curve,1,1.603538749035685,0.09414948028763961,0.0,1.092032529230337,-0.809302496403433,-1.7193410700509786,1.0663983402705008,1.2531977489672956,0.9565014984532147,-0.9806001565052902,-0.7458535251971331,-0.7014538075078757,-1.9619049441464638,-1.617806093236233,-1.5631641990724812
/multi_agv/path_reference,1789710641.2883296,1789710641.2878354,world,s_curve,1,1.60448045784033,0.09414948028763961,0.0,1.091892530590662,-0.8102337405804043,-1.7206863683433289,1.066027918447445,1.2531429622538874,0.9565067110706532,-0.981496760052446,-0.7470016420194407,-0.702202819669326,-1.963250242438814,-1.6191513915285833,-1.5645094973648315
/multi_agv/path_reference,1789710641.2985992,1789710641.2978494,world,s_curve,1,1.6054151151795322,0.09335218032807643,-0.0796331302167224,1.0917523422328075,-0.8111578246857786,-1.7220215931136178,1.0656590785877424,1.253087059194578,0.9565108889161023,-0.9823861564312848,-0.7481410879972967,-0.7029462296287541,-1.964585467209103,-1.6204866162988723,-1.5658447221351204
/multi_agv/path_reference,1789710641.3086016,1789710641.3078299,world,s_curve,1,1.6063470017326702,0.09335218032807643,0.0,1.0916113415175406,-0.8120789822276289,-1.7233528596181007,1.0652901505192933,1.2530298075609472,0.9565140664723814,-0.9832724251640736,-0.7492770808217508,-0.7036874406970619,-1.9659167337135859,-1.6218178828033551,-1.5671759886396033
/multi_agv/path_reference,1789710641.318585,1789710641.3178015,world,s_curve,1,1.6072778457286583,0.09335218032807643,0.0,1.0914692730634228,-0.8129989207965523,-1.7246826367552264,1.0649204562777979,1.2529711088961746,0.9565162540162959,-0.9841572110640218,-0.7504117254395876,-0.7044278258860476,-1.9672465108507116,-1.6231476599404808,-1.568505765776729
/multi_agv/path_reference,1789710641.3285503,1789710641.3278034,world,s_curve,1,1.6082115655319136,0.09335218032807643,0.0,1.0913255369980708,-0.8139215108913159,-1.726016522188448,1.0645484383484773,1.2529107132781814,0.9565174593675536,-0.9850442358226059,-0.7515497960958608,-0.7051705007554809,-1.9685803962839332,-1.6244815453737025,-1.5698396512099506
/multi_agv/path_reference,1789710641.3385394,1789710641.3378203,world,s_curve,1,1.6091391486939703,0.09260340922271991,-0.07475206528085063,1.0911815275947456,-0.814837846902535,-1.7273416409913862,1.0641776945805816,1.2528492119158114,0.9565176762878438,-0.9859249387667173,-0.7526803063602627,-0.7059082955806248,-1.9699055150868714,-1.6258066641766407,-1.5711647700128888
/multi_agv/path_reference,1789710641.3486915,1789710641.3478312,world,s_curve,1,1.6100662176292957,0.09260340922271991,0.0,1.0910363850781284,-0.8157534834746459,-1.7286660251847081,1.0638059907723263,1.2527862480573069,0.956516916404752,-0.9868046618568791,-0.7538101075074211,-0.7066456810596375,-1.9712298992801933,-1.6271310483699626,-1.5724891542062107
/multi_agv/path_reference,1789710641.3583925,1789710641.3578303,world,s_curve,1,1.6109921590255103,0.09260340922271991,0.0,1.0908902089018837,-0.816667813758071,-1.7299887986078721,1.0634335765322087,1.252721867399403,0.9565151827740396,-0.9876828228622911,-0.7549384503404696,-0.7073821680714522,-1.9725526727033573,-1.6284538217931266,-1.5738119276293747
/multi_agv/path_reference,1789710641.368611,1789710641.3678231,world,s_curve,1,1.611917400525158,0.09260340922271991,0.0,1.0907429353639702,-0.8175812590006575,-1.7313105721787971,1.063060283925386,1.2526560447120056,0.9565124774545191,-0.9885598272755435,-0.7560658542531382,-0.7081180954732906,-1.9738744462742823,-1.6297755953640516,-1.5751337012002997
/multi_agv/path_reference,1789710641.3789685,1789710641.3778102,world,s_curve,1,1.612837597146459,0.09212805078185589,-0.04759183588131647,1.090595267306202,-0.8184895297991472,-1.7326251387806562,1.0626878771358537,1.2525891028277119,0.9565088219550406,-0.9894315596627239,-0.7571870237082048,-0.708850006026513,-1.9751890128761413,-1.6310901619659106,-1.5764482678021587
/multi_agv/path_reference,1789710641.3888793,1789710641.3878348,world,s_curve,1,1.6137610515077638,0.09212805078185589,0.0,1.0904458764636153,-0.8194008202080185,-1.7339443592968058,1.0623130004100183,1.2525204425230145,0.9565041864578132,-0.9903058853317677,-0.7583120729900777,-0.7095845023022099,-1.976508233392291,-1.6324093824820602,-1.5777674883183084
/multi_agv/path_reference,1789710641.398565,1789710641.3978362,world,s_curve,1,1.6146825428045626,0.09212805078185589,0.0,1.0902956043824348,-0.820309976074024,-1.7352607754350897,1.0619377705844255,1.2524504481976555,0.9564985943652231,-0.9911778585513477,-0.7594346393007351,-0.7103174303699892,-1.977824649530575,-1.6337257986203442,-1.5790839044565923
/multi_agv/path_reference,1789710641.408607,1789710641.407837,world,s_curve,1,1.6156039131372306,0.09212805078185589,0.0,1.0901441555250098,-0.8212188140188869,-1.7365770187674727,1.0615614426458326,1.2523789856068983,0.9564920383222983,-0.9920492226833472,-0.7605569651491008,-0.7110502542242126,-1.9791408928629581,-1.6350420419527272,-1.5804001477889753
/multi_agv/path_reference,1789710641.418459,1789710641.4179096,world,s_curve,1,1.6165286041162366,0.09180172688664891,-0.032396873966027306,1.089990958164545,-0.8221307262128115,-1.7378980058803382,1.0611826055211806,1.2523057801932949,0.9564844887791597,-0.9929232284427851,-0.7616832403281589,-0.7117857098674903,-1.9804618799758233,-1.6363630290655926,-1.5817211349018407
/multi_agv/path_reference,1789710641.4284325,1789710641.427868,world,s_curve,1,1.617442758276634,0.09180172688664891,0.0,1.0898383229029975,-0.8230320475679564,-1.7392039403951913,1.060806951065306,1.252231946956361,0.9564760706873255,-0.9937867823462978,-0.7627965856969388,-0.7125127746606328,-1.9817678144906765,-1.6376689635804458,-1.583027069416694
/multi_agv/path_reference,1789710641.4383047,1789710641.4378335,world,s_curve,1,1.6183576609883124,0.09180172688664891,0.0,1.089684384251932,-0.8239339066160605,-1.7405109442690179,1.060429860174501,1.2521565975597124,0.9564666950215821,-0.9946505514431042,-0.7639107452292172,-0.7132404231758599,-1.983074818364503,-1.6389759674542723,-1.5843340732905205
/multi_agv/path_reference,1789710641.4483721,1789710641.4478521,world,s_curve,1,1.619277213641061,0.09180172688664891,0.0,1.0895284754435501,-0.8248401457683879,-1.7418245909158017,1.0600497153243793,1.252079397766848,0.956456313239423,-0.9955182131989643,-0.7650304671883691,-0.7139717569178302,-1.9843884650112869,-1.6402896141010561,-1.5856477199373042
/multi_agv/path_reference,1789710641.458405,1789710641.4578457,world,s_curve,1,1.6201923948740165,0.09157817110234882,-0.022370246600704427,1.0893721260909683,-0.8257418726937309,-1.7431319926771665,1.0596702464233922,1.2520011047470376,0.9564450271024754,-0.9963812536824488,-0.7661447645316415,-0.7146995998671024,-1.9856958667726516,-1.641597015862421,-1.586955121698669
/multi_agv/path_reference,1789710641.4683309,1789710641.467862,world,s_curve,1,1.6211097045668248,0.09157817110234882,0.0,1.0892142301374812,-0.8266454908753013,-1.7444424350954644,1.0592887629537369,1.2519211677116955,0.9564327597470109,-0.997245802756126,-0.7672615497361289,-0.7154291201336488,-1.9870063091909496,-1.6429074582807188,-1.588265564116967
/multi_agv/path_reference,1789710641.4783869,1789710641.4778512,world,s_curve,1,1.6220244899073466,0.09157817110234882,0.0,1.0890555896673,-0.8275464155666509,-1.7457492712962097,1.0589072014372551,1.251839993366318,0.956419574198327,-0.9981074740974025,-0.7683751563916497,-0.7161566162109003,-1.988313145391695,-1.6442142944814642,-1.5895724003177123
/multi_agv/path_reference,1789710641.488313,1789710641.4878557,world,s_curve,1,1.6229407360112758,0.09157817110234882,0.0,1.0888955157759541,-0.8284485702931841,-1.7470581943018224,1.0585239021425883,1.2517572306276958,0.956405414557578,-0.9989700208069113,-0.769490433996741,-0.7168852560758998,-1.9896220683973076,-1.6455232174870769,-1.590881323323325
/multi_agv/path_reference,1789710641.498319,1789710641.4978595,world,s_curve,1,1.6238551653754212,0.09141556659390083,-0.016255583922972338,1.0887345821451897,-0.8293487265617734,-1.7483645219648873,1.058140237601681,1.2516731766583489,0.9563903321755391,-0.999830356311002,-0.7706033912739715,-0.7176124321003466,-1.9909283960603725,-1.6468295451501418,-1.5921876509863901
/multi_agv/path_reference,1789710641.508386,1789710641.507834,world,s_curve,1,1.6247671400487724,0.09141556659390083,0.0,1.0885729096053511,-0.8302462563248862,-1.7496673429268177,1.0577564840483493,1.2515879004698103,0.9563743442978938,-1.000687882449169,-0.7717132506489405,-0.7183376358765493,-1.9922312170223029,-1.6481323661120721,-1.5934904719483203
/multi_agv/path_reference,1789710641.518281,1789710641.5178533,world,s_curve,1,1.625682945217195,0.09141556659390083,0.0,1.0884093812843572,-0.8311473431542045,-1.7509756360245643,1.0573699945611086,1.2515008109435648,0.9563573383483983,-1.0015485065065848,-0.7728276588982369,-0.7190658640577915,-1.9935395101200495,-1.6494406592098187,-1.5947987650460669
/multi_agv/path_reference,1789710641.528455,1789710641.527856,world,s_curve,1,1.6265973960639986,0.09141556659390083,0.0,1.0882449187275347,-0.8320468832026194,-1.752281994377141,1.05698295357004,1.2514123956080945,0.95633940700447,-1.0024073526035093,-0.773940304500789,-0.7197929925035599,-1.9948458684726262,-1.6507470175623955,-1.5961051233986436
/multi_agv/path_reference,1789710641.5383606,1789710641.5378218,world,s_curve,1,1.6275071203606755,0.09129284014876003,-0.01231586952133932,1.0880801406108094,-0.8329415598767843,-1.753581600515251,1.056596800404266,1.251322995343491,0.9563206260846712,-1.0032612571799413,-0.7750470836400604,-0.7205163388103512,-1.996145474610736,-1.6520466237005054,-1.5974047295367535
/multi_agv/path_reference,1789710641.5486803,1789710641.5479302,world,s_curve,1,1.6284301064943623,0.09129284014876003,0.0,1.0879117715339344,-0.8338490592613634,-1.7549001521348035,1.056203883447867,1.2512308211946737,0.9563006099592624,-1.0041270961102813,-0.7761698774197928,-0.7212502042540162,-1.9974640262302887,-1.653365175320058,-1.5987232811563061
/multi_agv/path_reference,1789710641.5586872,1789710641.5578363,world,s_curve,1,1.6293344405878782,0.09129284014876003,0.0,1.0877456449381406,-0.834738003574797,-1.7561920579826833,1.055817800182253,1.251139074359054,0.9562800602731153,-1.0049749347303014,-0.7772698626437293,-0.7219692133503601,-1.9987559320781685,-1.6546570811679377,-1.6000151870041859
/multi_agv/path_reference,1789710641.5685892,1789710641.567859,world,s_curve,1,1.6302492783791176,0.09129284014876003,0.0,1.0875764202698048,-0.8356370536712922,-1.7574989691130252,1.0554261183037714,1.2510448158830274,0.956258326622616,-1.0058321125992553,-0.7783825024492362,-0.7226965459653848,-2.0000628432085104,-1.6559639922982796,-1.6013220981345277
/multi_agv/path_reference,1789710641.5786974,1789710641.57788,world,s_curve,1,1.6311632986673705,0.09120119467450238,-0.00914441051936015,1.0874061735269975,-0.8365350787345307,-1.7588047123819581,1.0550336679790864,1.2509491895098837,0.9562356630920226,-1.0066880125457067,-0.7794940240175864,-0.7234231996402988,-2.0013685864774433,-1.6572697355672126,-1.6026278414034607
/multi_agv/path_reference,1789710641.5884326,1789710641.5878816,world,s_curve,1,1.632075367523661,0.09120119467450238,0.0,1.0872351214947897,-0.8374309641523474,-1.7601076678909446,1.0546409417864144,1.2508523205902267,0.9562121021077282,-1.0075415736073081,-0.7806030470678353,-0.7241482717818988,-2.00267154198643,-1.658572691076199,-1.6039307969124472
/multi_agv/path_reference,1789710641.5984879,1789710641.5978513,world,s_curve,1,1.632984776132304,0.09120119467450238,0.0,1.0870634062609712,-0.8383240138585626,-1.7614068230461488,1.0542482540458264,1.2507542955402082,0.9561876691968789,-1.0083921348721636,-0.7817087087991306,-0.7248711979043934,-2.003970697141634,-1.6598718462314033,-1.6052299520676514
/multi_agv/path_reference,1789710641.6085894,1789710641.6078613,world,s_curve,1,1.6338975846302832,0.09120119467450238,0.0,1.086889882625143,-0.8392201772261663,-1.7627108351861192,1.0538529874786466,1.2506544597546874,0.9561622006420951,-1.0092453622990825,-0.7828183751487369,-0.7255967942306795,-2.0052747092816046,-1.6611758583713736,-1.6065339642076217
/multi_agv/path_reference,1789710641.6185725,1789710641.6178365,world,s_curve,1,1.6348066498648415,0.09113794091538702,-0.006341478192964276,1.0867159092470529,-0.8401124399373024,-1.7640094998069167,1.0534582363289737,1.2505535952840152,0.9561358961281694,-1.0100945777991204,-0.7839233606242036,-0.7263193813885832,-2.006573373902402,-1.6624745229921711,-1.6078326288284193
/multi_agv/path_reference,1789710641.6287794,1789710641.6278086,world,s_curve,1,1.6357156303411147,0.09113794091538702,0.0,1.0865407937225602,-0.8410043928174427,-1.7653080433444495,1.0530624196996923,1.2504513055720505,0.9561086558959377,-1.0109432008419341,-0.7850281111863976,-0.7270418664239963,-2.007871917439935,-1.663773066529704,-1.609131172365952
/multi_agv/path_reference,1789710641.6385596,1789710641.6378486,world,s_curve,1,1.6366306719461483,0.09113794091538702,0.0,1.0863633408863382,-0.8419020628613199,-1.7666152456373547,1.0526628511307807,1.250346884995381,0.956080286532853,-1.011796962697176,-0.7861400931916818,-0.7277691326951017,-2.00917911973284,-1.6650802688226092,-1.6104383746588573
/multi_agv/path_reference,1789710641.648498,1789710641.6478045,world,s_curve,1,1.6375380434732125,0.09113794091538702,0.0,1.086186216960048,-0.8427919786352505,-1.7679114906760183,1.0522655301577966,1.2502419044586255,0.9560512162637224,-1.012643051657659,-0.7872426186086114,-0.7284902656394809,-2.0104753647715037,-1.6663765138612727,-1.6117346196975209
/multi_agv/path_reference,1789710641.6584427,1789710641.6578052,world,s_curve,1,1.6384488387356528,0.09107240438201036,-0.006553140882048355,1.0860072648103938,-0.8436850206378529,-1.7692126267652184,1.0518656074226966,1.2501350906962014,0.9560210963122834,-1.013491814467844,-0.7883491663479076,-0.7292140810978069,-2.011776500860704,-1.6676776499504729,-1.613035755786721
/multi_agv/path_reference,1789710641.6684585,1789710641.6678061,world,s_curve,1,1.6393596399177994,0.09107240438201036,0.0,1.085827149711853,-0.8445778348543089,-1.770513771311142,1.0514645781033636,1.25002683659004,0.9559900344421552,-1.014340061726047,-0.7894555813707536,-0.7299378614661263,-2.0130776454066273,-1.6689787944963965,-1.6143369003326447
/multi_agv/path_reference,1789710641.6784973,1789710641.677804,world,s_curve,1,1.640270200577726,0.09107240438201036,0.0,1.0856459211611194,-0.845470178290835,-1.7718145722538945,1.051062551822307,1.2499171721786457,0.9559580394824054,-1.0151875626837583,-0.7905615624902448,-0.7306614096985019,-2.0143784463493795,-1.670279595439149,-1.6156377012753973
/multi_agv/path_reference,1789710641.6884022,1789710641.6878047,world,s_curve,1,1.6411809861864917,0.09107240438201036,0.0,1.085463486838681,-0.8463625055987112,-1.7731156945521314,1.0506593237623638,1.2498060416114725,0.9559250951422068,-1.0160347491524437,-0.7916676732033919,-0.7313850944402979,-2.0156795686476165,-1.6715807177373858,-1.616938823573634
/multi_agv/path_reference,1789710641.6983695,1789710641.697805,world,s_curve,1,1.642091196565896,0.09102077398017963,-0.005163025210300121,1.0852800080360792,-0.8472540314513446,-1.7744159950941374,1.0502552495347905,1.2496935435753818,0.9558912309980653,-1.0168808757063927,-0.7927729399473514,-0.7321082787002894,-2.0169798691896226,-1.6728810182793918,-1.61823912411564
/multi_agv/path_reference,1789710641.7088232,1789710641.7078967,world,s_curve,1,1.6430097414445113,0.09102077398017963,0.0,1.085093673727008,-0.8481534780018838,-1.7757282020635876,1.049846359916696,1.2495785581630139,0.9558561031013142,-1.017734216498794,-0.793888177928321,-0.7328380395785364,-2.018292076159073,-1.674193225248842,-1.6195513310850902
/multi_agv/path_reference,1789710641.718454,1789710641.7178633,world,s_curve,1,1.643916730325662,0.09102077398017963,0.0,1.0849085262044988,-0.8490413682596221,-1.7770239004652315,1.0494415165510436,1.2494635840119837,0.9558204780504692,-1.0185762945321801,-0.794989236479503,-0.7335585737671828,-2.019587774560717,-1.675488923650486,-1.620847029486734
/multi_agv/path_reference,1789710641.728935,1789710641.7278628,world,s_curve,1,1.6448268833619788,0.09102077398017963,0.0,1.0847215757573245,-0.8499321139935998,-1.778324119088541,1.0490341636772376,1.249346774037601,0.9557837895571353,-1.0194207821075065,-0.7960939853933253,-0.7342815744799673,-2.0208879931840262,-1.6767891422737955,-1.6221472481100436
/multi_agv/path_reference,1789710641.7386703,1789710641.7378454,world,s_curve,1,1.6457352903269533,0.09097982284253994,-0.004101385602832724,1.0845338292731834,-0.8508209077574035,-1.779621843324219,1.0486264977529185,1.2492287559564808,0.955746234110151,-1.020263120747832,-0.7971964625408483,-0.73500313998353,-2.0221857174197044,-1.6780868665094735,-1.6234449723457216
/multi_agv/path_reference,1789710641.7488499,1789710641.7478163,world,s_curve,1,1.6466424180246388,0.09097982284253994,0.0,1.0843451964232507,-0.8517082060108675,-1.7809177400351983,1.0482183155083824,1.24910947653923,0.9557077972221397,-1.021103744545278,-0.7982972333754333,-0.7357236401118911,-2.0234816141306835,-1.6793827632204528,-1.624740869056701
/multi_agv/path_reference,1789710641.7586985,1789710641.7578106,world,s_curve,1,1.6475517170467764,0.09097982284253994,0.0,1.0841549583848527,-0.8525973820797904,-1.7822167386382524,1.047808063444146,1.248988480248774,0.955668331461638,-1.0219458489407844,-0.7994004830166295,-0.7364458142819572,-2.0247806127337378,-1.6806817618235068,-1.626039867659755
/multi_agv/path_reference,1789710641.7687395,1789710641.767816,world,s_curve,1,1.6484619926463322,0.09097982284253994,0.0,1.0839633593686417,-0.8534872648611308,-1.7835171323519035,1.0473962755400068,1.2488659187575084,0.9556278838084099,-1.0227883232756296,-0.8005047591917944,-0.7371687121159682,-2.026081006447389,-1.681982155537158,-1.627340261373406
/multi_agv/path_reference,1789710641.7787037,1789710641.777847,world,s_curve,1,1.6493743629187163,0.090953162418506,-0.002657747573218449,1.083770158472875,-0.8543789446282112,-1.784820518455309,1.0469824411202457,1.2487416344343238,0.9555863998640552,-1.0236321982217036,-0.8016114156060835,-0.7378932200568463,-2.027384392550794,-1.6832855416405634,-1.6286436474768116
/multi_agv/path_reference,1789710641.7884247,1789710641.7878346,world,s_curve,1,1.650282781640006,0.090953162418506,0.0,1.0835766398991535,-0.8552665115361742,-1.7861182594857232,1.0465693066941348,1.2486164555120336,0.9555441574912923,-1.0244718816904714,-0.802713117140887,-0.7386145357771641,-2.0286821335812086,-1.6845832826709777,-1.6299413885072258
/multi_agv/path_reference,1789710641.7983415,1789710641.7978206,world,s_curve,1,1.6511908936672322,0.090953162418506,0.0,1.0833820356685975,-0.8561535270541408,-1.7874155623817605,1.0461552230499955,1.2484898900525427,0.9555009939032544,-1.0253107451155037,-0.8038142834530917,-0.739335552593827,-2.029979436477246,-1.685880585567015,-1.631238691403263
/multi_agv/path_reference,1789710641.808457,1789710641.8078182,world,s_curve,1,1.6521001844474432,0.090953162418506,0.0,1.0831860260874429,-0.8570414402529051,-1.7887145492106336,1.0457395119400046,1.248361729141604,0.9554568371807202,-1.0261501584734796,-0.8049167136774728,-0.7400574486077628,-2.031278423306119,-1.687179572395888,-1.6325376782321361
/multi_agv/path_reference,1789710641.8183746,1789710641.8178527,world,s_curve,1,1.6530127257014076,0.0909329592775574,-0.0020132036608498873,1.0829881563511892,-0.8579322707574575,-1.7900181795734398,1.0453212188257799,1.2482316704082408,0.955411579819547,-1.0269920288829704,-0.8060229164744668,-0.7407818669149353,-2.032582053668925,-1.6884832027586942,-1.6338413085949424
/multi_agv/path_reference,1789710641.8284783,1789710641.8278606,world,s_curve,1,1.6539227130122776,0.0909329592775574,0.0,1.082789684254405,-0.8588203504919047,-1.7913181614461111,1.044903003997606,1.248100539885184,0.955365508880425,-1.0278309994437358,-0.8071258535834356,-0.7415041984485429,-2.0338820355415965,-1.6897831846313658,-1.6351412904676137
/multi_agv/path_reference,1789710641.8382983,1789710641.83783,world,s_curve,1,1.654829410459614,0.0909329592775574,0.0,1.0825907817361184,-0.8597049622336896,-1.7926134435137346,1.0444852168600005,1.247968457627424,0.9553186707209307,-1.02866639548244,-0.8082246328175885,-0.7422238584010402,-2.03517731760922,-1.6910784666989893,-1.6364365725352374
/multi_agv/path_reference,1789710641.8484502,1789710641.8478365,world,s_curve,1,1.6557393292070326,0.0909329592775574,0.0,1.0823900200807592,-0.8605924568914284,-1.7939133274386183,1.0440648572089355,1.2478344746867127,0.9552707283466296,-1.0295042145960007,-0.8093271426903177,-0.7429460133879666,-2.0364772015341037,-1.6923783506238728,-1.637736456460121
/multi_agv/path_reference,1789710641.8584378,1789710641.8578289,world,s_curve,1,1.6566476308648153,0.09091346069094478,-0.0019516467600241608,1.0821884648143079,-0.8614781132914948,-1.7952109012354507,1.0436441587972047,1.2476993006507793,0.9552219349949396,-1.0303399990847664,-0.8104275185769115,-0.7436668222128063,-2.037774775330936,-1.6936759244207051,-1.6390340302569535
/multi_agv/path_reference,1789710641.8684616,1789710641.867867,world,s_curve,1,1.6575603453710663,0.09091346069094478,0.0,1.0819847731163423,-0.8623678083752923,-1.7965147791015237,1.043220324650851,1.2475620319821927,0.9551719627159834,-1.0311792935745117,-0.8115330629104908,-0.7443910686408742,-2.039078653197009,-1.6949798022867781,-1.6403379081230263
/multi_agv/path_reference,1789710641.8784876,1789710641.87786,world,s_curve,1,1.6584688731306256,0.09091346069094478,0.0,1.0817808637884612,-0.8632531577739453,-1.7978126759008937,1.0427973481481982,1.2474239614288078,0.9551212817883774,-1.0320141885491967,-0.812633357259615,-0.7451119275130239,-2.040376549996379,-1.6962776990861481,-1.6416358049223962
/multi_agv/path_reference,1789710641.888388,1789710641.8878422,world,s_curve,1,1.6593762821091378,0.09091346069094478,0.0,1.0815760588352095,-0.8641371520428079,-1.7991089744416253,1.042373811332037,1.2472846356582425,0.955069729515349,-1.0328475067656286,-0.8137321169045899,-0.7458318324582052,-2.0416728485371105,-1.6975739976268798,-1.642932103463128
/multi_agv/path_reference,1789710641.8986673,1789710641.897925,world,s_curve,1,1.6602929233364183,0.0909027575915577,-0.0010614199101077826,1.0813680069731817,-0.8650298700493894,-1.8004184619091694,1.041944869049161,1.2471424464641794,0.9550167054062045,-1.03368874528643,-0.8148418713699684,-0.7465589934917695,-2.0429823360046546,-1.6988834850944239,-1.644241590930672
/multi_agv/path_reference,1789710641.9088798,1789710641.907896,world,s_curve,1,1.6611993357309007,0.0909027575915577,0.0,1.081161127419228,-0.8659123575344816,-1.8017133367584297,1.0415196304709886,1.2470004150922354,0.9549633366944603,-1.0345200433607888,-0.8159390580225466,-0.7472779712201093,-2.044277210853915,-1.7001783599436842,-1.6455364657799325
/multi_agv/path_reference,1789710641.9185033,1789710641.9178164,world,s_curve,1,1.6621010655425341,0.0909027575915577,0.0,1.080954183161304,-0.8667900195493002,-1.8030015222036204,1.0410955211972828,1.246857708094946,0.9549093201916838,-1.035346499894726,-0.8170303931982863,-0.7479931655548884,-2.045565396299106,-1.7014665453888749,-1.646824651225123
/multi_agv/path_reference,1789710641.9285328,1789710641.9279463,world,s_curve,1,1.6630218339368148,0.0909027575915577,0.0,1.0807417028026272,-0.8676859360679082,-1.8043169056240211,1.040661358985287,1.2467105371790004,0.954853212243594,-1.036189841184329,-0.8181445794479287,-0.7487233875714667,-2.0468807797195065,-1.7027819288092756,-1.6481400346455237
/multi_agv/path_reference,1789710641.9384294,1789710641.9378645,world,s_curve,1,1.6639233723144644,0.09089476645371822,-0.0008056812950252666,1.0805325189480406,-0.8685628701857226,-1.8056048175920922,1.0402351902356037,1.246565020565216,0.954797346043302,-1.0370150156117808,-0.8192353078423159,-0.7494382871030713,-2.0481686916875774,-1.7040698407773467,-1.6494279466135948
/multi_agv/path_reference,1789710641.9486067,1789710641.9478583,world,s_curve,1,1.6648316851699527,0.09089476645371822,0.0,1.0803206211337464,-0.8694461206841274,-1.8069024073856468,1.0398047446231342,1.2464169898966955,0.9547401288814095,-1.0378458349076878,-0.8203340418871305,-0.7501584852575638,-2.049466281481132,-1.7053674305709012,-1.6507255364071494
/multi_agv/path_reference,1789710641.9585605,1789710641.957819,world,s_curve,1,1.665737126205295,0.09089476645371822,0.0,1.0801082523439982,-0.8703263041028797,-1.808195894578993,1.0393745869141513,1.2462680079855402,0.9546821621323028,-1.0386734706981309,-0.8214291098567573,-0.7508763317537507,-2.0507597686744785,-1.7066609177642476,-1.6520190236004957
/multi_agv/path_reference,1789710641.9687152,1789710641.9678845,world,s_curve,1,1.6666520143881884,0.09089476645371822,0.0,1.079892511555811,-0.8712153913761311,-1.809502877697412,1.0389388540745501,1.246116033069144,0.9546226475237382,-1.0395091759877666,-0.8225354068269717,-0.7516015913136549,-2.052066751792897,-1.7079679008826665,-1.6533260067189146
/multi_agv/path_reference,1789710641.9787302,1789710641.9778717,world,s_curve,1,1.667559768486306,0.09088447117715413,-0.0010307645738971342,1.0796773044957206,-0.8720972662578823,-1.8107996692661514,1.0385054395499032,1.2459638140184905,0.9545626599187682,-1.0403378010195246,-0.823632879841321,-0.7523211179128011,-2.0533635433616366,-1.7092646924514059,-1.654622798287654
/multi_agv/path_reference,1789710641.9885352,1789710641.9878504,world,s_curve,1,1.6684667383423215,0.09088447117715413,0.0,1.079461141499795,-0.8729780998185925,-1.8120953404890308,1.0380713267544717,1.2458103053379332,0.95450179240698,-1.041165148176508,-0.8247292066670167,-0.7530399446122529,-2.054659214584516,-1.7105603636742852,-1.6559184695105333
/multi_agv/path_reference,1789710641.998603,1789710641.9978583,world,s_curve,1,1.6693761508093845,0.09088447117715413,0.0,1.079243250790057,-0.8738610236855728,-1.813394501156264,1.0376349690374755,1.245654957291209,0.9544398260414861,-1.0419941581046925,-0.825828285481569,-0.7537606274704568,-2.055958375251749,-1.7118595243415184,-1.6572176301777666
/multi_agv/path_reference,1789710642.008468,1789710642.0078013,world,s_curve,1,1.670279955522807,0.09088447117715413,0.0,1.0790255674509384,-0.8747382219570913,-1.8146856507468672,1.0372002354128982,1.2454991526753922,0.954377314264525,-1.042817493730584,-0.8269203861370068,-0.7544767860036828,-2.0572495248423524,-1.7131506739321216,-1.6585087797683697
/multi_agv/path_reference,1789710642.0185094,1789710642.017851,world,s_curve,1,1.671193309265665,0.09088074336711448,-0.00037092544940489083,1.0788044338562195,-0.8756244018889406,-1.8159904418080932,1.0367598291524045,1.245340269638784,0.95431320277747,-1.0436489572827876,-0.8280238199575957,-0.7552004284264385,-2.0585543159035784,-1.7144554649933477,-1.6598135708295958
/multi_agv/path_reference,1789710642.028568,1789710642.0278676,world,s_curve,1,1.6721034400138404,0.09088074336711448,0.0,1.0785829306684773,-0.8765071669749801,-1.8172906285912005,1.0363198982579491,1.2451805153178979,0.9542483784295851,-1.0444769145233606,-0.8291231529092723,-0.7559214334923073,-2.0598545026866857,-1.715755651776455,-1.661113757612703
/multi_agv/path_reference,1789710642.0384245,1789710642.0378308,world,s_curve,1,1.6730090822529815,0.09088074336711448,0.0,1.0783613809599992,-0.877385291951997,-1.8185844032185454,1.0358810689835993,1.2450201303975612,0.9541829434988374,-1.0453002200983286,-0.8302168572110818,-0.7566387985465804,-2.0611482773140306,-1.7170494264037999,-1.6624075322400482
/multi_agv/path_reference,1789710642.0487895,1789710642.0478508,world,s_curve,1,1.6739195991534355,0.09088074336711448,0.0,1.078137493596528,-0.878267853766178,-1.819885141647765,1.0354388042184877,1.2448574558258483,0.9541162207452482,-1.0461273841044867,-0.8313162383067074,-0.7573599388873398,-2.0624490157432502,-1.7183501648330195,-1.6637082706692676
/multi_agv/path_reference,1789710642.0583951,1789710642.057835,world,s_curve,1,1.674826998510656,0.09087571312503515,-0.0005037769010009747,1.077913231107836,-0.8791471033401866,-1.8211814264437947,1.034996983908146,1.2446939159110997,0.9540487935042625,-1.0469511430004257,-0.8324116438200914,-0.7580785232000428,-2.06374530053928,-1.7196464496290491,-1.6650045554652972
/multi_agv/path_reference,1789710642.0684786,1789710642.0678551,world,s_curve,1,1.675737475919156,0.09087571312503515,0.0,1.0776870621549066,-0.8800290424530935,-1.822482108455937,1.0345525916230907,1.2445283938349894,0.9539802010066399,-1.0477771197951002,-0.833510551041434,-0.7587994565227463,-2.0650459825514225,-1.7209471316411915,-1.6663052374774396
/multi_agv/path_reference,1789710642.0786366,1789710642.0778837,world,s_curve,1,1.6766489267882947,0.09087571312503515,0.0,1.0774595023039706,-0.8809116290398451,-1.8237841811261353,1.034106648211827,1.2443612629924514,0.9539105957076336,-1.048603399983041,-0.8346104165386036,-0.7595210705978906,-2.0663480552216207,-1.7222492043113897,-1.667607310147638
/multi_agv/path_reference,1789710642.0886564,1789710642.0878975,world,s_curve,1,1.6775589448200647,0.09087571312503515,0.0,1.0772311538710875,-0.8817925318116984,-1.8250842068858069,1.033660332853048,1.2441929662740119,0.9538401624862028,-1.0494278012385525,-0.8357083349636385,-0.7602414592329041,-2.067648080981292,-1.7235492300710613,-1.6689073359073094
/multi_agv/path_reference,1789710642.0983737,1789710642.0978315,world,s_curve,1,1.678461692458659,0.09087232207493563,-0.00034134965702599526,1.0770034983308432,-0.8826661027240883,-1.8263738463695132,1.0332165245432516,1.244024603874204,0.9537693665750738,-1.0502450421124396,-0.8367972646848101,-0.760956001375015,-2.0689377204649984,-1.7248388695547676,-1.6701969753910157
/multi_agv/path_reference,1789710642.1085355,1789710642.1079237,world,s_curve,1,1.6793787782957197,0.09087232207493563,0.0,1.0767710740177612,-0.8835532471589632,-1.8276839689938853,1.0327645889115569,1.2438521300071297,0.9536965031345972,-1.0510746764407044,-0.8379032665513271,-0.7616817984848581,-2.0702478430893705,-1.7261489921791398,-1.6715070980153879
/multi_agv/path_reference,1789710642.1186264,1789710642.1178443,world,s_curve,1,1.6802801026011334,0.09087232207493563,0.0,1.0765415118145716,-0.8844248471724129,-1.8289715751444766,1.0323193616250932,1.2436812084792077,0.9536239653394136,-1.0518894745795737,-0.8389900389428915,-0.7623950279947733,-2.071535449239962,-1.727436598329731,-1.6727947041659792
/multi_agv/path_reference,1789710642.1285176,1789710642.1278691,world,s_curve,1,1.6811911670563886,0.09087232207493563,0.0,1.0763083286903135,-0.8853055650342117,-1.8302730957948412,1.0318682573467777,1.2435070181157843,0.9535497106083785,-1.0527124945771116,-0.8400883309922567,-0.7631158695332667,-2.0728369698903264,-1.7287381189800957,-1.6740962248163438
/multi_agv/path_reference,1789710642.1383772,1789710642.137845,world,s_curve,1,1.682097720996744,0.09087149553909449,-8.285061115284969e-05,1.0760751625519362,-0.8861816206723419,-1.8315681728524917,1.0314183236632477,1.2433322715485988,0.9534748924439621,-1.0535308565250032,-0.8411809596763242,-0.7638330458156979,-2.074132046947977,-1.7300331960377462,-1.6753913018739943
/multi_agv/path_reference,1789710642.1483107,1789710642.147858,world,s_curve,1,1.6830075971989764,0.09087149553909449,0.0,1.0758400013459646,-0.8870605824415142,-1.8328679959985377,1.0309656758330514,1.2431554619331204,0.9533988662717218,-1.0543516309460923,-0.8422773640611,-0.7645527523173502,-2.075431870094023,-1.7313330191837921,-1.6766911250200403
/multi_agv/path_reference,1789710642.1582856,1789710642.1578143,world,s_curve,1,1.6839123742381081,0.09087149553909449,0.0,1.0756050255991945,-0.887934314536261,-1.8341605346258691,1.0305145074890678,1.2429782304465677,0.9533223388619481,-1.0551672215150023,-0.8433673952000624,-0.7652683268937184,-2.0767244087213546,-1.7326255578111236,-1.677983663647372
/multi_agv/path_reference,1789710642.1684992,1789710642.1679327,world,s_curve,1,1.6848319130790756,0.09087149553909449,0.0,1.0753650586340813,-0.8888219898219394,-1.8354741615415369,1.0300548978437898,1.2427966633585132,0.9532436146999407,-1.0559955204096432,-0.8444749748220376,-0.7659954742341374,-2.078038035637022,-1.7339391847267913,-1.6792972905630394
/multi_agv/path_reference,1789710642.1783996,1789710642.1778383,world,s_curve,1,1.6857320329638077,0.09086848757655935,-0.00030365844693671593,1.0751290306210421,-0.8896906131415508,-1.8367600470911543,1.029603941322938,1.242617522091318,0.9531656284488703,-1.056805741853465,-0.8455589326273069,-0.7667071649438805,-2.0793239211866394,-1.7352250702764087,-1.6805831761126568
/multi_agv/path_reference,1789710642.188371,1789710642.1878543,world,s_curve,1,1.686642058331502,0.09086848757655935,0.0,1.0748892692930694,-0.8905684858873978,-1.8380600833307175,1.0291469628034975,1.2424349919955198,0.9530858530801911,-1.0576242891299492,-0.8466545837137851,-0.7674265848184589,-2.0806239574262024,-1.736525106515972,-1.68188321235222
/multi_agv/path_reference,1789710642.1983316,1789710642.1978312,world,s_curve,1,1.6875487424649083,0.09086848757655935,0.0,1.0746492534291399,-0.8914428247154215,-1.8393553463784404,1.028690604162298,1.2422517156242094,0.9530054405009121,-1.0584392395199538,-0.8477459751018592,-0.7681432595244513,-2.081919220473926,-1.737820369563695,-1.683178475399943
/multi_agv/path_reference,1789710642.2083197,1789710642.2078195,world,s_curve,1,1.6884562417795164,0.09086848757655935,0.0,1.0744078880898975,-0.8923176376447232,-1.8406517739707378,1.028232778745643,1.2420668592238713,0.9529240263001787,-1.059254330067468,-0.8488381091479995,-0.7688604737187019,-2.083215648066223,-1.7391167971559922,-1.6844749029922403
/multi_agv/path_reference,1789710642.218358,1789710642.2178345,world,s_curve,1,1.689366404392019,0.0908685634871606,7.578741638275193e-06,1.074164675602189,-0.8931947029487555,-1.841952006274313,1.0277725488708613,1.2418800384852817,0.9528414394504239,-1.060071215907723,-0.8499332067541885,-0.7695796861843549,-2.0845158803697985,-1.7404170294595676,-1.6857751352958157
/multi_agv/path_reference,1789710642.228405,1789710642.2278388,world,s_curve,1,1.6902754841238503,0.0908685634871606,0.0,1.0739206143845232,-0.894070408356869,-1.8432506916055007,1.0273118067567097,1.2416920188893668,0.9527580175074932,-1.0608865318327294,-0.851026758064727,-0.7702979351731505,-2.085814565700986,-1.7417157147907552,-1.6870738206270033
/multi_agv/path_reference,1789710642.2382913,1789710642.2378395,world,s_curve,1,1.691184237364933,0.0908685634871606,0.0,1.073675504449091,-0.8949454817559995,-1.8445489105213333,1.0268501723117396,1.2415026476406303,0.9526736933949035,-1.061700956239528,-0.8521196716858256,-0.771015817342645,-2.0871127846168185,-1.7430139337065877,-1.6883720395428359
/multi_agv/path_reference,1789710642.2484493,1789710642.2478466,world,s_curve,1,1.6920934441310163,0.0908685634871606,0.0,1.0734291355773589,-0.895820672708673,-1.8458477773300233,1.0263872498483837,1.2413117622097234,0.9525883946739694,-1.062515186676776,-0.8532128838078388,-0.7717339476414045,-2.0884116514255084,-1.7443128005152777,-1.6896709063515258
/multi_agv/path_reference,1789710642.2583132,1789710642.257801,world,s_curve,1,1.6929981262679628,0.09086862629643355,6.308726699132407e-06,1.0731828648966075,-0.8966911900288397,-1.8471401803828043,1.0259255820160305,1.2411204177424597,0.9525025949313322,-1.0633247677217679,-0.8543004086707827,-0.7724483936939684,-2.0897040544782897,-1.7456052035680587,-1.690963309404307
/multi_agv/path_reference,1789710642.2684531,1789710642.2678628,world,s_curve,1,1.6939123097193436,0.09086862629643355,0.0,1.0729328648909857,-0.8975705257210504,-1.8484461567419195,1.0254580028595648,1.2409256358644363,0.9524149559489562,-1.064142244434335,-0.8553991029247802,-0.7731702298040363,-2.0910100308374044,-1.746911179927174,-1.692269285763422
/multi_agv/path_reference,1789710642.2783585,1789710642.277828,world,s_curve,1,1.6948179305291997,0.09086862629643355,0.0,1.0726840748248654,-0.8984413026379701,-1.8497399007559998,1.02499375142064,1.240731264217993,0.952327208835963,-1.0649514616481648,-0.8564872547156275,-0.7738851915501177,-2.092303774851485,-1.7482049239412543,-1.6935630297775024
/multi_agv/path_reference,1789710642.2885606,1789710642.2879412,world,s_curve,1,1.695736909663202,0.09086862629643355,0.0,1.0724304629352641,-0.8993245939469314,-1.8510527280902889,1.0245215816031488,1.240532585917511,0.9522372212851327,-1.0657720003235562,-0.8575911990591247,-0.7746105824581131,-2.093616602185774,-1.7495177512755433,-1.6948758571117915
/multi_agv/path_reference,1789710642.2984161,1789710642.2978692,world,s_curve,1,1.6966388347919732,0.0908631831180213,-0.00054836538093835,1.0721804299939548,-0.9001911690174119,-1.852341192559962,1.0240571269197296,1.2403361854212671,0.9521479776408676,-1.0665767083567015,-0.8586744023240639,-0.7753223963714703,-2.094905066655447,-1.7508062157452164,-1.6961643215814648
/multi_agv/path_reference,1789710642.3084133,1789710642.30784,world,s_curve,1,1.6975447848871668,0.0908631831180213,0.0,1.071928157333614,-0.9010612862299523,-1.8536354069816672,1.023589556057971,1.240137503514457,0.9520574124284135,-1.0673844043666514,-0.8597621838497163,-0.776037270473489,-2.096199281077152,-1.7521004301669216,-1.6974585360031698
/multi_agv/path_reference,1789710642.3184142,1789710642.3178413,world,s_curve,1,1.6984535766375493,0.0908631831180213,0.0,1.0716739623675602,-0.9019338039927419,-1.854933680910785,1.0231194689222083,1.239936784321573,0.9519656338588993,-1.0681940252312128,-0.8608531181650663,-0.7767542685819466,-2.09749755500627,-1.7533987040960395,-1.6987568099322876
/multi_agv/path_reference,1789710642.3283725,1789710642.3278608,world,s_curve,1,1.699363961764711,0.0908631831180213,0.0,1.0714181862842913,-0.9028075199393856,-1.8562342310924442,1.0226475042022378,1.2397342934142208,0.9518727612364154,-1.0690044530315796,-0.8619457030362414,-0.7774724037503356,-2.0987981051879294,-1.7546992542776987,-1.7000573601139468
/multi_agv/path_reference,1789710642.3383574,1789710642.3378575,world,s_curve,1,1.7002721990095315,0.09086451356219792,0.0001331041681230576,1.071161881625891,-0.9036788423230923,-1.8575317128707594,1.0221756031637566,1.2395308645271959,0.9517791771867206,-1.0698123564688846,-0.863035446835263,-0.778188723665129,-2.1000955869662445,-1.7559967360560138,-1.701354841892262
/multi_agv/path_reference,1789710642.348347,1789710642.3478584,world,s_curve,1,1.7011811714391314,0.09086451356219792,0.0,1.0709042378983613,-0.9045505363453571,-1.858830244913045,1.0217022711054071,1.2393258555855367,0.9516845870041402,-1.0706203001908718,-0.8641258075814563,-0.778905501263743,-2.10139411900853,-1.7572952680982994,-1.7026533739345475
/multi_agv/path_reference,1789710642.358286,1789710642.3578026,world,s_curve,1,1.702084772413012,0.09086451356219792,0.0,1.0706469951962498,-0.9054167469411897,-1.8601211034471599,1.0212306968839133,1.2391206551532692,0.951589633551567,-1.0714228596633004,-0.8652094602796079,-0.7796179208806606,-2.102684977542645,-1.7585861266324143,-1.7039442324686624
/multi_agv/path_reference,1789710642.3685126,1789710642.3678775,world,s_curve,1,1.7030002170310483,0.09086451356219792,0.0,1.0703852405306962,-0.9062939716684465,-1.8614288814729265,1.0207518853918127,1.2389113386098705,0.9514924975904056,-1.0722353169012047,-0.8663070454773955,-0.7803395526267393,-2.1039927555684117,-1.759893904658181,-1.705252010494429
/multi_agv/path_reference,1789710642.37848,1789710642.3778934,world,s_curve,1,1.7039103361560226,0.09086553720355466,0.00010219950249486939,1.0701238717745807,-0.9071657532215907,-1.862729051651461,1.020274806659186,1.2387018172062536,0.9513949914583026,-1.073042426407187,-0.8673979733736288,-0.781056859883956,-2.105292925746946,-1.7611940748367154,-1.7065521806729635
/multi_agv/path_reference,1789710642.388617,1789710642.3878016,world,s_curve,1,1.7048106471640456,0.09086553720355466,0.0,1.0698642050564608,-0.9080278048407131,-1.8640152102343508,1.0198018375232196,1.2384931587142778,0.951297618931885,-1.0738402270441374,-0.868476875796381,-0.7817663116816207,-2.106579084329836,-1.7624802334196052,-1.7078383392558536
/multi_agv/path_reference,1789710642.3985846,1789710642.397841,world,s_curve,1,1.7057227717822916,0.09086553720355466,0.0,1.0695999998808685,-0.9089008265048919,-1.8653182454032737,1.0193216154916505,1.2382803466180252,0.9511980375329301,-1.0746478749347508,-0.8695696604322642,-0.7824849441476605,-2.107882119498759,-1.7637832685885282,-1.7091413744247765
/multi_agv/path_reference,1789710642.408738,1789710642.4078188,world,s_curve,1,1.7066294448317676,0.09086553720355466,0.0,1.0693362464360903,-0.909768288332742,-1.8666134926168112,1.0188432208794147,1.2380673952476973,0.9510981231811592,-1.0754500748095088,-0.8706556379403766,-0.7831991522483407,-2.1091773667122964,-1.7650785158020657,-1.7104366216383138
/multi_agv/path_reference,1789710642.418663,1789710642.4178488,world,s_curve,1,1.7075408144680448,0.09086554823514875,1.0998740857602758e-06,1.0690699948907276,-0.9106398986867211,-1.867915449240064,1.0183613016908695,1.2378519236548695,0.9509967593264439,-1.0762558050301718,-0.871746962018784,-0.7839169290112075,-2.110479323335549,-1.7663804724253185,-1.7117385782615666
/multi_agv/path_reference,1789710642.4285567,1789710642.427837,world,s_curve,1,1.708448468975517,0.09086554823514875,0.0,1.0688037010174445,-0.9115076107127462,-1.8692120985364533,1.0178803047575724,1.2376359183799621,0.950894879914799,-1.077057626458321,-0.8728335576479896,-0.7846316480319281,-2.1117759726319387,-1.7676771217217078,-1.7130352275579561
/multi_agv/path_reference,1789710642.4386144,1789710642.4378383,world,s_curve,1,1.7093572517605016,0.09086554823514875,0.0,1.0685359492393758,-0.9123760547332914,-1.8705103596578594,1.0173976688060153,1.2374182333254835,0.9507919455866285,-1.0778598191161426,-0.8739212225030087,-0.785347122580723,-2.113074233753345,-1.7689753828431138,-1.714333488679362
/multi_agv/path_reference,1789710642.448669,1789710642.4478517,world,s_curve,1,1.710267143832099,0.09086554823514875,0.0,1.0682667414040763,-0.913245209842507,-1.8718102054744272,1.0169134008540373,1.237198868157248,0.9506879552009435,-1.078662362563595,-0.8750099309674904,-0.7860633359964357,-2.1143740795699126,-1.7702752286596817,-1.71563333449593
/multi_agv/path_reference,1789710642.4585865,1789710642.457801,world,s_curve,1,1.7111711974552515,0.09086631806013216,7.737501405003477e-05,1.067998142433862,-0.9141084406519604,-1.8731017106503594,1.0164312076625972,1.2369795093457168,0.9505837102932719,-1.0794591323296674,-0.8760913703203173,-0.7867748193058965,-2.1156655847458445,-1.7715667338356138,-1.716924839671862
/multi_agv/path_reference,1789710642.468488,1789710642.46786,world,s_curve,1,1.712085039107319,0.09086631806013216,0.0,1.0677255024950774,-0.914980664194229,-1.8744071987247417,1.0159427483717867,1.236756356227399,0.9504774028860463,-1.0802638949691834,-0.8771842293554448,-0.7874938682580586,-2.116971072820227,-1.7728722219099962,-1.7182303277462443
/multi_agv/path_reference,1789710642.4784205,1789710642.4778273,world,s_curve,1,1.7129908953364892,0.09086631806013216,0.0,1.0674541216620066,-0.9158449140625036,-1.8757012790521277,1.015457521179852,1.2365337454702232,0.9503710983359447,-1.081060995417495,-0.8782672503129838,-0.7882064964570317,-2.118265153147613,-1.7741663022373821,-1.7195244080736305
/multi_agv/path_reference,1789710642.4883304,1789710642.4878497,world,s_curve,1,1.7139014294545794,0.09086631806013216,0.0,1.0671802124688916,-0.9167132722926562,-1.8770020420779705,1.0149687490661525,1.2363085728589003,0.9502633154816221,-1.0818615786398436,-0.8793555727945961,-0.7889226654435288,-2.119565916173456,-1.775467065263225,-1.720825171099473
/multi_agv/path_reference,1789710642.498341,1789710642.497836,world,s_curve,1,1.7148089973129892,0.0908631047598641,-0.0003217064555298479,1.0669060719837102,-0.9175784464347191,-1.8782985675899846,1.0144805335316793,1.236082725420078,0.9501549569993736,-1.0826589205012016,-0.8804400575080145,-0.7896363612949411,-2.12086244168547,-1.776763590775239,-1.7221216966114872
/multi_agv/path_reference,1789710642.5086365,1789710642.5078208,world,s_curve,1,1.7157160990436717,0.0908631047598641,0.0,1.0666309507966225,-0.9184428200613937,-1.8795944272052456,1.0139915353026947,1.2358555883127977,0.9500457287743751,-1.0834552194029512,-0.8815236914487206,-0.7903495493325092,-2.122158301300731,-1.7780594503905,-1.7234175562267482
/multi_agv/path_reference,1789710642.518619,1789710642.5178192,world,s_curve,1,1.7166247008333506,0.0908631047598641,0.0,1.0663542521567957,-0.9193082650090756,-1.8808924297619298,1.0135006945504992,1.2356266682271297,0.9499353936927581,-1.0842521992666223,-0.8826088214477392,-0.7910637743128652,-2.1234563038574152,-1.7793574529471843,-1.7247155587834326
/multi_agv/path_reference,1789710642.5287247,1789710642.5278323,world,s_curve,1,1.7175345560795596,0.0908631047598641,0.0,1.0660760464690213,-0.9201745432817058,-1.8821922229707997,1.0130081405645432,1.2353960212237642,0.9498239776187565,-1.0850496395300884,-0.8836951497964347,-0.7917788405185942,-2.124756097066285,-1.7806572461560541,-1.7260153519923023
/multi_agv/path_reference,1789710642.5388224,1789710642.5378387,world,s_curve,1,1.7184437849613243,0.09086445324657928,0.00013476200607192372,1.0657969077667298,-0.9210398632372823,-1.8834911213733208,1.0125148906897465,1.2351641227010899,0.9497117099093528,-1.0858458906034198,-0.8847804299077572,-0.7924932692006698,-2.126054995468806,-1.7819561445585752,-1.7273142503948233
/multi_agv/path_reference,1789710642.548758,1789710642.547859,world,s_curve,1,1.7193541005819497,0.09086445324657928,0.0,1.0655163097620626,-0.9219058535197431,-1.8847915722599284,1.012020015655617,1.2349305350807844,0.9495983785497862,-1.0866424509013712,-0.8858667045334345,-0.7932084051244233,-2.1273554463554136,-1.783256595445183,-1.7286147012814312
/multi_agv/path_reference,1789710642.558547,1789710642.557801,world,s_curve,1,1.7202576288096465,0.09086445324657928,0.0,1.06523669063274,-0.922765025379487,-1.886082326870924,1.011527806626344,1.2346972925102246,0.9494849727616512,-1.0874324349625235,-0.8869445785464194,-0.7939180626295181,-2.128646200966409,-1.7845473500561784,-1.7299054558924267
/multi_agv/path_reference,1789710642.568502,1789710642.5678694,world,s_curve,1,1.7211724723877062,0.09086445324657928,0.0,1.0649524400172816,-0.9236345886250131,-1.887389246268152,1.0110283949088832,1.2344597115956437,0.9493692135473183,-1.0882316644166183,-0.8880356436679016,-0.7946364577905194,-2.1299531203636373,-1.7858542694534065,-1.7312123752896547
/multi_agv/path_reference,1789710642.578617,1789710642.577931,world,s_curve,1,1.7220867364510761,0.09086549364471413,0.00010340151592740396,1.0646672343478338,-0.924503229161766,-1.8886953377872515,1.0105282564496318,1.2342208568139812,0.9492525897798885,-1.0890297348444005,-0.8891257065152159,-0.7953542461256814,-2.1312592118827367,-1.787160360972506,-1.7325184668087543
/multi_agv/path_reference,1789710642.588457,1789710642.5878608,world,s_curve,1,1.7229890168096822,0.09086549364471413,0.0,1.0643846552564415,-0.9253601181789011,-1.8899843097281175,1.0100336523421698,1.2339837374916902,0.9491365759354647,-1.0898167035812887,-0.8902011747226286,-0.7960624762327857,-2.132548183823603,-1.788449332913372,-1.7338074387496203
/multi_agv/path_reference,1789710642.5983655,1789710642.5978057,world,s_curve,1,1.723892671963207,0.09086549364471413,0.0,1.0641005390010918,-0.9262179471102411,-1.8912752456617243,1.009537278518564,1.233744867847492,0.9490194706372195,-1.0906042318347149,-0.8912779744391809,-0.7967716350568274,-2.1338391197572095,-1.7897402688469788,-1.735098374683227
/multi_agv/path_reference,1789710642.6084306,1789710642.6078367,world,s_curve,1,1.7248039301960472,0.09086549364471413,0.0,1.0638129106202074,-0.9270826212476081,-1.8925770431372106,1.009035698781199,1.2335025804758546,0.9489004526035684,-1.091397736386613,-0.8923635206791686,-0.7974866066770426,-2.135140917232696,-1.791042066322465,-1.7364001721587132
/multi_agv/path_reference,1789710642.6187155,1789710642.6178362,world,s_curve,1,1.7257126607445878,0.09085981657879505,-0.0005676238891078804,1.0635249589200735,-0.9279445231628932,-1.8938752296351258,1.008534481634791,1.233259557642661,0.9487808374827684,-1.0921883888259274,-0.8934457406266618,-0.7981994400360903,-2.136439103730611,-1.7923402528203802,-1.7376983586566284
/multi_agv/path_reference,1789710642.628837,1789710642.6278653,world,s_curve,1,1.726623693044862,0.09085981657879505,0.0,1.063235155098034,-0.9288082323027532,-1.895176704349803,1.008030965207326,1.2330145093498008,0.9486599907369748,-1.0929803901691548,-0.8945303842102454,-0.7989139225288593,-2.137740578445288,-1.7936417275350574,-1.7389998333713055
/multi_agv/path_reference,1789710642.6388242,1789710642.6378305,world,s_curve,1,1.7275291795345116,0.09085981657879505,0.0,1.0629460017115289,-0.9296663092139889,-1.896470256477874,1.0075294928218144,1.2327695540903423,0.9485389582224298,-1.0937669202502558,-0.8956081081833942,-0.7996238992083164,-2.1390341305733593,-1.7949352796631284,-1.7402933854993765
/multi_agv/path_reference,1789710642.648486,1789710642.647882,world,s_curve,1,1.728442510042986,0.09085981657879505,0.0,1.0626532195302345,-0.9305314398926101,-1.8977750143471233,1.0070226463080065,1.2325210650490455,0.9484159472336513,-1.0945596061414782,-0.8966948464057156,-0.8003398671306363,-2.1403388884426087,-1.7962400375323777,-1.741598143368626
/multi_agv/path_reference,1789710642.6584733,1789710642.65785,world,s_curve,1,1.7293482501617996,0.09086193518156453,0.00021253375390763277,1.062361756004895,-0.931389002752692,-1.8990689288025708,1.0065189909952321,1.23227324097133,0.9482930360481229,-1.0953450505096307,-0.8977722319901553,-0.8010497257582898,-2.141632802898056,-1.7975339519878253,-1.7428920578240734
/multi_agv/path_reference,1789710642.668441,1789710642.6678717,world,s_curve,1,1.7302588053271444,0.09086193518156453,0.0,1.0620676249021133,-0.9322507437135787,-1.9003697218959208,1.006011634302783,1.2320226945690247,0.9481685458345321,-1.09613401289603,-0.8988550210156748,-0.8017631972290312,-2.1429335959914058,-1.7988347450811752,-1.7441928509174234
/multi_agv/path_reference,1789710642.678397,1789710642.6778045,world,s_curve,1,1.731161445872763,0.09086193518156453,0.0,1.0617749444668279,-0.9331046160704579,-1.901659208389662,1.005507675268156,1.2317729361566365,0.948044221975691,-1.0969154655796531,-0.8999280758434878,-0.8024703067882328,-2.1442230824851474,-1.8001242315749164,-1.7454823374111645
/multi_agv/path_reference,1789710642.68845,1789710642.6878686,world,s_curve,1,1.7320758047913003,0.09086193518156453,0.0,1.0614773418752608,-0.9339691881080131,-1.9029654354161434,1.0049961465809951,1.2315185246185005,0.9479173544262868,-1.0977064000609806,-0.9010147320924735,-0.803186432170585,-2.1455293095116286,-1.8014304586013978,-1.746788564437646
/multi_agv/path_reference,1789710642.698419,1789710642.6978502,world,s_curve,1,1.7329828587613862,0.09086356321306907,0.00016308703605752604,1.061181001543832,-0.9348264682230056,-1.9042612268019803,1.004487684458235,1.2312647436193955,0.9477905765538657,-1.0984903548865943,-0.9020923777121446,-0.803896672070278,-2.1468251008974657,-1.8027262499872347,-1.7480843558234829
/multi_agv/path_reference,1789710642.7083435,1789710642.7078013,world,s_curve,1,1.7338870699740334,0.09086356321306907,0.0,1.0608844848344,-0.9356806787612157,-1.9055529571057621,1.0039798055038542,1.231010368616829,0.9476632803825166,-1.0992711964273927,-0.9031663178225869,-0.8046045220336674,-2.1481168312012473,-1.8040179802910166,-1.749376086127265
/multi_agv/path_reference,1789710642.7183778,1789710642.7178445,world,s_curve,1,1.734799635455273,0.09086356321306907,0.0,1.0605841093811939,-0.9365423923020583,-1.9068566220789616,1.0034662112391783,1.2307522364170451,0.9475338804873579,-1.1000585863375065,-0.9042498460860915,-0.8053187444825767,-2.149420496174447,-1.805321645264216,-1.7506797511004641
/multi_agv/path_reference,1789710642.728421,1789710642.727866,world,s_curve,1,1.7357102116605232,0.09086356321306907,0.0,1.0602832690416706,-0.9374018363072573,-1.908157445229319,1.0029527136347416,1.230493258983176,0.9474038345070944,-1.100843591733259,-0.905330675989728,-0.8060312411987843,-2.1507213193248043,-1.8066224684145735,-1.7519805742508217
/multi_agv/path_reference,1789710642.7384138,1789710642.7378318,world,s_curve,1,1.7366157104124649,0.0908609649660116,-0.00026071734980870033,1.0599829976875632,-0.9382560991402257,-1.9094510148749497,1.002441067012195,1.2302343314889084,0.947273594561586,-1.10162355677531,-0.9064051440703552,-0.8067395965750116,-2.152014888970435,-1.8079160380602042,-1.7532741438964525
/multi_agv/path_reference,1789710642.748381,1789710642.747862,world,s_curve,1,1.7375270468905446,0.0908609649660116,0.0,1.0596796752647595,-0.9391154765686779,-1.9107529241293497,1.0019251038103625,1.2299723318223215,0.9471415901615947,-1.1024078814016,-0.9074862002164082,-0.8074523480880252,-2.153316798224835,-1.8092179473146042,-1.7545760531508523
/multi_agv/path_reference,1789710642.758287,1789710642.7578266,world,s_curve,1,1.7384323067690093,0.0908609649660116,0.0,1.059377267875552,-0.9399687321585611,-1.9120461525271562,1.0014115704004536,1.2297106858980142,0.9470095473281881,-1.103186310612064,-0.9085597094933283,-0.8081601763702909,-2.1546100266226413,-1.8105111757124106,-1.755869281548659
/multi_agv/path_reference,1789710642.7683742,1789710642.7678587,world,s_curve,1,1.7393438732161912,0.0908609649660116,0.0,1.0590716391381467,-0.94082753617704,-1.9133483903088446,1.000893442775606,1.2294458147373852,0.946875659901449,-1.1039694911365219,-0.9096403546936186,-0.8088727627009792,-2.15591226440433,-1.811813413494099,-1.7571715193303472
/multi_agv/path_reference,1789710642.778492,1789710642.7778754,world,s_curve,1,1.740254131813161,0.09086282453091352,0.00018562342607757502,1.05876533322966,-0.9416847101874366,-1.9146487597330872,1.00037504130538,1.2291799196267061,0.9467410387568939,-1.1047508740872394,-0.9107191043783509,-0.8095841520967193,-2.1572126338285726,-1.8131137829183417,-1.7584718887545898
/multi_agv/path_reference,1789710642.788342,1789710642.787858,world,s_curve,1,1.741161047657679,0.09086282453091352,0.0,1.058459044023332,-0.9425383395878936,-1.9159443537966845,0.9998575336101476,1.2289136062383434,0.9466059922215049,-1.1055287165347962,-0.9117935478323982,-0.8102927543964862,-2.15850822789217,-1.814409376981939,-1.759767482818187
/multi_agv/path_reference,1789710642.798312,1789710642.797848,world,s_curve,1,1.7420689032963912,0.09086282453091352,0.0,1.058151330095336,-0.9433924554356506,-1.917241290423416,0.9993384808369158,1.228645622989609,0.9464698864594832,-1.1063066928800998,-0.9128687582401628,-0.8110019151866893,-2.159805164518901,-1.8157063136086704,-1.7610644194449185
/multi_agv/path_reference,1789710642.8086267,1789710642.8078213,world,s_curve,1,1.7429749201441234,0.09086282453091352,0.0,1.0578431354806057,-0.9442444428132859,-1.9185356002058904,0.9988194740525782,1.2283767926745024,0.9463331397147368,-1.107082421772832,-0.9139414435545563,-0.8117094631124693,-2.1610994743013756,-1.8170006233911449,-1.762358729227393
/multi_agv/path_reference,1789710642.8184507,1789710642.8179207,world,s_curve,1,1.743892744819756,0.09086059595668525,-0.00022061902222738627,1.0575297996921253,-0.9451071262412861,-1.9198467783139377,0.9982926794684834,1.2281030429141833,0.9461936766937091,-1.1078675747157536,-0.9150277529647591,-0.8124260510433455,-2.162410652409423,-1.8183118014991921,-1.7636699073354403
/multi_agv/path_reference,1789710642.8283563,1789710642.827933,world,s_curve,1,1.7448024700910045,0.09086059595668525,0.0,1.0572181133874456,-0.9459617908534358,-1.9211463858442925,0.9977695185440066,1.2278303039311629,0.9460545176871674,-1.108645116892525,-0.9161041211875979,-0.8131361344801843,-2.1637102599397777,-1.819611409029547,-1.7649695148657951
/multi_agv/path_reference,1789710642.838414,1789710642.8378386,world,s_curve,1,1.74570250444367,0.09086059595668525,0.0,1.0569086538626677,-0.9468069515044178,-1.922432149205243,0.9972509359566314,1.227559093266563,0.945915932364809,-1.1094137062664626,-0.9171686733618287,-0.8138384748849621,-2.1649960233007284,-1.8208971723904974,-1.7662552782267456
/multi_agv/path_reference,1789710642.848483,1789710642.8478432,world,s_curve,1,1.7466114792063958,0.09086059595668525,0.0,1.0565950178350672,-0.9476601029819145,-1.9237306845805657,0.9967261996622855,1.2272837997059147,0.9457750541370014,-1.1101892530153605,-0.9182434453973718,-0.8145476105330112,-2.166294558676051,-1.8221957077658202,-1.7675538136020683
/multi_agv/path_reference,1789710642.858479,1789710642.8578079,world,s_curve,1,1.7475169116757094,0.09086252877121923,0.00019396302005397656,1.0562815029481942,-0.9485095241115528,-1.9250241595367281,0.9962025075313973,1.2270081917305542,0.9456338095826311,-1.1109610993877208,-0.9193136727382637,-0.8152538002086737,-2.1675880336322133,-1.8234891827219826,-1.7688472885582307
/multi_agv/path_reference,1789710642.8684778,1789710642.867842,world,s_curve,1,1.7484286382832537,0.09086252877121923,0.0,1.0559646989198281,-0.9493644396010511,-1.9263266261189342,0.9956741667744042,1.2267292695001937,0.9454906604848865,-1.1117376262225547,-0.9203909787359188,-0.81596471384468,-2.1688905002144194,-1.8247916493041887,-1.7701497551404368
/multi_agv/path_reference,1789710642.8784294,1789710642.8778372,world,s_curve,1,1.7493368318830917,0.09086252877121923,0.0,1.0556480157913324,-0.9502156312905726,-1.927624045547274,0.9951468683214806,1.2264500333684452,0.9453471456840713,-1.1125104591651271,-0.9214637480202955,-0.8166726866862951,-2.170187919642759,-1.8260890687325284,-1.7714471745687768
/multi_agv/path_reference,1789710642.8886025,1789710642.8878102,world,s_curve,1,1.7502429842562208,0.09086252877121923,0.0,1.0553309441820002,-0.9510644997140741,-1.9289185489374587,0.9946197562579917,1.2261700380493024,0.9452030382387069,-1.113280872688123,-0.9225337442631721,-0.8173788821909272,-2.171482423032944,-1.8273835721227132,-1.7727416779589613
/multi_agv/path_reference,1789710642.8985345,1789710642.897808,world,s_curve,1,1.7511514785071765,0.09086401785682652,0.00014893247928541718,1.0550119503398863,-0.951915149239076,-1.9302163978673952,0.9940902812602139,1.2258879289255489,0.9450576408338962,-1.1140525916653918,-0.9236061410898633,-0.8180867149619728,-2.1727802719628806,-1.8286814210526499,-1.774039526888898
/multi_agv/path_reference,1789710642.9084857,1789710642.9078057,world,s_curve,1,1.7520598776235052,0.09086401785682652,0.0,1.054691886415328,-0.9527652950624539,-1.9315141108907221,0.9935598608219448,1.2256044580766297,0.9449113403474096,-1.1148235421430943,-0.924678058670804,-0.8187942843734631,-2.1740779849862073,-1.8299791340759768,-1.775337239912225
/multi_agv/path_reference,1789710642.9184632,1789710642.9178057,world,s_curve,1,1.7529685060806153,0.09086401785682652,0.0,1.054370638365168,-0.9536152393231141,-1.9328121515437362,0.9930283061389495,1.2253195244048078,0.9447640845517467,-1.1155939980448928,-0.9257498779975147,-0.8195018419269345,-2.1753760256392214,-1.8312771747289907,-1.7766352805652388
/multi_agv/path_reference,1789710642.928607,1789710642.927809,world,s_curve,1,1.7538774553785723,0.09086401785682652,0.0,1.0540481732157196,-0.9544650657389784,-1.9341106505408177,0.9924955635074935,1.2250330982705184,0.9446158578691473,-1.116364034970122,-0.9268217047999591,-0.820209457446854,-2.176674524636303,-1.832575673726072,-1.7779337795623202
/multi_agv/path_reference,1789710642.9384472,1789710642.9378052,world,s_curve,1,1.7547857124575195,0.09085849872690153,-0.0005521122498092497,1.0537248510471502,-0.9553138257641791,-1.9354081606535996,0.9919622276609417,1.2247454997029361,0.944466825777573,-1.1171327936030988,-0.9278923427015466,-0.8209163409878917,-2.177972034749085,-1.833873183838854,-1.7792312896751021
/multi_agv/path_reference,1789710642.9484012,1789710642.9478056,world,s_curve,1,1.7556943207954228,0.09085849872690153,0.0,1.0534003022950829,-0.9561624936036718,-1.9367061725648897,0.991427688050033,1.2244564002817542,0.9443168185534615,-1.1179011565251706,-0.9289630204180688,-0.8216233038677758,-2.179270046660375,-1.8351711957501444,-1.7805293015863923
/multi_agv/path_reference,1789710642.9583867,1789710642.957805,world,s_curve,1,1.7566028464520922,0.09085849872690153,0.0,1.0530746819972743,-0.9570106623206281,-1.9380040663601321,0.9908922004014078,1.2241659379271168,0.9441659076632984,-1.118668755166547,-0.9300332246300473,-0.8223300071652899,-2.1805679404556173,-1.8364690895453866,-1.7818271953816347
/multi_agv/path_reference,1789710642.9684772,1789710642.9678566,world,s_curve,1,1.757516017976377,0.09085849872690153,0.0,1.0527462877346871,-0.9578627417302144,-1.9393085971091102,0.9903529711567778,1.223872590969974,0.9440133010773097,-1.1194395780849615,-0.931108520735675,-0.8230401263700063,-2.181872471204595,-1.8377736202943646,-1.7831317261306128
/multi_agv/path_reference,1789710642.9789002,1789710642.9778802,world,s_curve,1,1.7584268871910265,0.09086094121805252,0.00024364315021971553,1.0524176143272597,-0.9587122453485926,-1.9406098388443236,0.9898141001088874,1.223578586383594,0.9438601564892979,-1.1202077561453638,-0.9321807236294977,-0.8237482562709162,-2.183173712939809,-1.839074862029578,-1.7844329678658262
/multi_agv/path_reference,1789710642.9890876,1789710642.9878738,world,s_curve,1,1.75933467440255,0.09086094121805252,0.0,1.0520889535206719,-0.9595584483840656,-1.9419066777179288,0.9892760583476976,1.2232841887476267,0.9437066134666917,-1.1209726367318962,-0.9332489171151949,-0.8244537913051054,-2.184470551813414,-1.8403717009031832,-1.7857298067394314
/multi_agv/path_reference,1789710642.9987621,1789710642.9978137,world,s_curve,1,1.7602380253286185,0.09086094121805252,0.0,1.0517608099337548,-0.9604000923503481,-1.9431971790408835,0.9887396618990839,1.2229898550824838,0.9435529128196966,-1.121733086187294,-0.9343115106055597,-0.8251556802581903,-2.185761053136369,-1.841662202226138,-1.787020308062386
/multi_agv/path_reference,1789710643.0086606,1789710643.007867,world,s_curve,1,1.7611513133523842,0.09086094121805252,0.0,1.0514279527693629,-0.9612505633972277,-1.944501876217692,0.9881963677312099,1.2226908898713922,0.9433966007054866,-1.1225011964302885,-0.9353854058452937,-0.8258650879161007,-2.1870657503131774,-1.8429668994029467,-1.7883250052391948
/multi_agv/path_reference,1789710643.018802,1789710643.0178428,world,s_curve,1,1.7620579377600132,0.09086280232830599,0.000186522325726952,1.051096427230752,-0.9620943989954045,-1.945797053942876,0.9876560470579338,1.2223927206538217,0.9432405139805001,-1.1232630006631248,-0.9364510790169474,-0.8265691173061411,-2.188360928038361,-1.8442620771281304,-1.7896201829643785
/multi_agv/path_reference,1789710643.028518,1789710643.0278413,world,s_curve,1,1.7629664018668008,0.09086280232830599,0.0,1.050763133041639,-0.9629395154960361,-1.9470948598097153,0.9871136407970532,1.2220925622493208,0.9430831960785429,-1.1240256481611615,-0.9375185263852651,-0.8272743719416814,-2.1896587339052007,-1.8455598829949698,-1.7909179888312179
/multi_agv/path_reference,1789710643.0385067,1789710643.037807,world,s_curve,1,1.7638719480964173,0.09086280232830599,0.0,1.050429817998451,-0.9637814863630738,-1.9483884972805963,0.9865719920133715,1.2217919893813205,0.9429254726006611,-1.1247851448943609,-0.9385821566309551,-0.8279771575639052,-2.1909523713760817,-1.8468535204658507,-1.7922116263020988
/multi_agv/path_reference,1789710643.048546,1789710643.047864,world,s_curve,1,1.7647857582070428,0.09086280232830599,0.0,1.0500923569692904,-0.9646307029743602,-1.9496939402957754,0.9860244043551147,1.221487278615705,0.9427653879370514,-1.125550861586722,-0.939655098200513,-0.8286861491358453,-2.1922578143912608,-1.8481589634810298,-1.793517069317278
/multi_agv/path_reference,1789710643.0584233,1789710643.0578628,world,s_curve,1,1.7656941266939299,0.09085937272721814,-0.00034304514967714513,1.0497558068282287,-0.9654744251997128,-1.950991609562757,0.9854790870718546,1.2211829942304508,0.9426053391823805,-1.126311309331931,-0.9407212553145569,-0.8293907109526507,-2.1935554836582423,-1.8494566327480115,-1.7948147385842597
/multi_agv/path_reference,1789710643.0684917,1789710643.0678415,world,s_curve,1,1.7666008925123415,0.09085937272721814,0.0,1.0494187588246264,-0.9663162225480987,-1.9522869893033454,0.9849337482137146,1.2208778671445324,0.9424446611156325,-1.1270697090002144,-0.9417851366743994,-0.8300938219696821,-2.194850863398831,-1.8507520124885999,-1.796110118324848
/multi_agv/path_reference,1789710643.0783582,1789710643.0778036,world,s_curve,1,1.7675060607504025,0.09085937272721814,0.0,1.049081217466564,-0.9671561006666539,-1.9535800867862894,0.9843883908975976,1.220571903514565,0.9422833579875296,-1.1278260673390772,-0.9428467485817881,-0.8307954860790964,-2.1961439608817748,-1.8520451099715438,-1.797403215807792
/multi_agv/path_reference,1789710643.088672,1789710643.0878546,world,s_curve,1,1.7684191651912338,0.09085937272721814,0.0,1.048739616746901,-0.9680028996670456,-1.9548845217017625,0.9838372617620215,1.2202618668535352,0.9421197216251465,-1.1285883420876357,-0.9439172666390918,-0.8315030902744092,-2.1974483957972475,-1.853349544887017,-1.798707650723265
/multi_agv/path_reference,1789710643.0983245,1789710643.0978594,world,s_curve,1,1.7693282485498627,0.09086160573906459,0.00022318639987901765,1.048398423351946,-0.9688455262160582,-1.9561832122140896,0.9832875723672531,1.2199518085884444,0.9419558891001409,-1.1293465451662477,-0.9449826677557306,-0.8322073657261962,-2.198747086309575,-1.854648235399344,-1.8000063412355924
/multi_agv/path_reference,1789710643.1086128,1789710643.1079645,world,s_curve,1,1.770246272781358,0.09086160573906459,0.0,1.0480527640882755,-0.9696959896422509,-1.9574946754019402,0.9827314779791856,1.2196372970458564,0.9417895172397848,-1.1301114801070262,-0.9460581375882067,-0.8329183512315197,-2.2000585494974256,-1.855959698587195,-1.8013178044234428
/multi_agv/path_reference,1789710643.118636,1789710643.1178374,world,s_curve,1,1.771143545039857,0.09086160573906459,0.0,1.0477138412210112,-0.9705267896682264,-1.9587764929140816,0.9821869854465959,1.2193285326215166,0.9416260055949213,-1.1308584184016706,-0.947108897032267,-0.8336130535707416,-2.201340367009567,-1.8572415160993363,-1.8025996219355844
/multi_agv/path_reference,1789710643.1284635,1789710643.1278708,world,s_curve,1,1.7720550145151142,0.09086160573906459,0.0,1.0473684655058173,-0.97137028957948,-1.960078592164449,0.9816328976459651,1.2190135038350398,0.9414589950364469,-1.131616459949142,-0.948175876093477,-0.834318532695821,-2.202642466259934,-1.8585436153497037,-1.8039017211859518
/multi_agv/path_reference,1789710643.1384776,1789710643.1378646,world,s_curve,1,1.7729631094908143,0.09086250675645495,9.01543350755353e-05,1.047023276699869,-0.9722102187765573,-1.9613758707011635,0.981079880295139,1.2186982602020298,0.9412916896024386,-1.1323709769872021,-0.9492384961695584,-0.8350211831729113,-2.203939744796649,-1.8598408938864182,-1.805198999722666
/multi_agv/path_reference,1789710643.1484897,1789710643.1478703,world,s_curve,1,1.7738723496975495,0.09086250675645495,0.0,1.0466765611976279,-0.9730507578876643,-1.9626747852822135,0.9805251853363968,1.2183812381736432,0.9411232600828435,-1.1331257261733587,-0.9503020457359359,-0.8357245017536981,-2.2052386593776987,-1.8611398084674682,-1.806497914303716
/multi_agv/path_reference,1789710643.158495,1789710643.1578116,world,s_curve,1,1.774775689111371,0.09086250675645495,0.0,1.0463310140229418,-0.9738853950139914,-1.9639652701591015,0.9799731189759356,1.218064904885533,0.9409550182073569,-1.133874862682743,-0.9513582840319845,-0.8364230383272466,-2.2065291442545867,-1.862430293344356,-1.807788399180604
/multi_agv/path_reference,1789710643.1684551,1789710643.1678407,world,s_curve,1,1.7756869580961572,0.09086250675645495,0.0,1.045981342967626,-0.9747269062716204,-1.9652670829945105,0.9794152278658137,1.2177444143840326,0.9407843866530317,-1.1346298528368801,-0.952423379698399,-0.8371274862795821,-2.2078309570899957,-1.863732106179765,-1.8090902120160133
/multi_agv/path_reference,1789710643.178383,1789710643.177866,world,s_curve,1,1.7765979070133473,0.09086377969535363,0.00012697093928369527,1.0456307001375416,-0.9755676662945663,-1.9665684385904962,0.9788565508658648,1.2174226509222457,0.9406128986245142,-1.1353838512979753,-0.9534876833782281,-0.8378314642074954,-2.2091323126859814,-1.8650334617757507,-1.8103915676119988
/multi_agv/path_reference,1789710643.1884115,1789710643.1878693,world,s_curve,1,1.7775066395812231,0.09086377969535363,0.0,1.045279820585339,-0.9764059253841435,-1.9678666279731762,0.9782982559644702,1.2171002906012884,0.9404409151902586,-1.1361352902515351,-0.9545489794973491,-0.8385335064035461,-2.2104305020686614,-1.8663316511584307,-1.811689756994679
/multi_agv/path_reference,1789710643.1983423,1789710643.1978402,world,s_curve,1,1.7784128399572863,0.09086377969535363,0.0,1.0449288354498785,-0.9772413943774356,-1.9691611999389804,0.9777405458566438,1.2167774568689607,0.9402685036240307,-1.1368839129667376,-0.9556069007073514,-0.8392333694582178,-2.2117250740344656,-1.8676262231242349,-1.812984328960483
/multi_agv/path_reference,1789710643.2084618,1789710643.2078507,world,s_curve,1,1.779322439910803,0.09086377969535363,0.0,1.0445754463374568,-0.9780795400039975,-1.9704606284440043,0.9771797694875227,1.2164520351419754,0.9400945343828723,-1.137634617459838,-0.956668369533367,-0.8399356330187876,-2.2130245025394895,-1.8689256516292587,-1.814283757465507
/multi_agv/path_reference,1789710643.2183263,1789710643.217872,world,s_curve,1,1.780232923766389,0.09086497460736315,0.0001192504938301527,1.0442206234665836,-0.9789180395340568,-1.97176131966627,0.9766174717963678,1.2161249161945549,0.9399194824088284,-1.1383853210818833,-0.9577304454824428,-0.8406383520378441,-2.214325193761755,-1.8702263428515244,-1.8155844486877726
/multi_agv/path_reference,1789710643.2284765,1789710643.2278807,world,s_curve,1,1.7811422836222393,0.09086497460736315,0.0,1.0438651503885614,-0.9797550425922367,-1.9730604051746279,0.9760548941864121,1.215796822550368,0.9397437344289042,-1.1391343673297913,-0.9587907847316519,-0.8413399757152669,-2.215624279270113,-1.8715254283598823,-1.8168835341961305
/multi_agv/path_reference,1789710643.2383485,1789710643.2378263,world,s_curve,1,1.7820460401985654,0.09086497460736315,0.0,1.0435107909193042,-0.9805864301075071,-1.974351485997951,0.9754948197006192,1.215469386329344,0.9395681667279493,-1.1398780735141183,-0.9598441673426539,-0.842037049465749,-2.216915360093436,-1.8728165091832054,-1.8181746150194535
/multi_agv/path_reference,1789710643.2483437,1789710643.2478244,world,s_curve,1,1.7829544949484035,0.09086497460736315,0.0,1.0431535077908538,-0.9814216777845394,-1.9756492784977195,0.9749308664085751,1.215138877534448,0.9393907794295383,-1.1406249164539364,-0.9609025990001697,-0.8427375178995119,-2.2182131525932047,-1.874114301682974,-1.8194724075192221
/multi_agv/path_reference,1789710643.2583594,1789710643.257805,world,s_curve,1,1.7838614880316663,0.0908597575721734,-0.0005226264249780501,1.0427957178942269,-0.9822551180807153,-1.9769449829023809,0.9743668534998663,1.2148075299223517,0.9392127702604623,-1.1413698267587573,-0.9619588986593309,-0.8434366288240575,-2.2195088569978663,-1.8754100060876353,-1.8207681119238834
/multi_agv/path_reference,1789710643.2684867,1789710643.267873,world,s_curve,1,1.7847761330511325,0.0908597575721734,0.0,1.0424338162996174,-0.9830951196446772,-1.9782516186444752,0.9737971054131522,1.2144720012483206,0.9390323422373796,-1.1421202809201427,-0.9630236742668312,-0.8441414037470576,-2.2208154927399604,-1.8767166418297296,-1.8220747476659778
/multi_agv/path_reference,1789710643.2783058,1789710643.277803,world,s_curve,1,1.7856785067334606,0.0908597575721734,0.0,1.0420756944663807,-0.9839233870536135,-1.979540723904944,0.9732340404947198,1.2141396106678872,0.938853432236535,-1.142859936275138,-0.9640737336208474,-0.8448364912648549,-2.2221045980004295,-1.8780057470901985,-1.8233638529264466
/multi_agv/path_reference,1789710643.288329,1789710643.2878597,world,s_curve,1,1.7865921339419226,0.0908597575721734,0.0,1.041712019435226,-0.9847615129551673,-1.9808459056313181,0.9726629830786119,1.2138016964789495,0.9386713787481169,-1.1436080759592908,-0.9651364510447688,-0.8455400118614423,-2.2234097797268033,-1.8793109288165726,-1.8246690346528207
/multi_agv/path_reference,1789710643.2983377,1789710643.2978337,world,s_curve,1,1.7874985208288658,0.09086189092938314,0.00021386107069369886,1.0413501457388161,-0.9855925270941737,-1.9821407440412373,0.9720954866926386,1.2134650897960813,0.9384898607277286,-1.1443495496172662,-0.9661903098970469,-0.8462377217682079,-2.2247046181367227,-1.8806057672264918,-1.8259638730627399
/multi_agv/path_reference,1789710643.3082929,1789710643.307824,world,s_curve,1,1.788406140711669,0.09086189092938314,0.0,1.040986701975018,-0.9864242015280195,-1.983437343873813,0.9715262568721519,1.213126658259487,0.9383071907934155,-1.1450912950481054,-0.967245164785233,-0.8469361447507199,-2.2260012179692983,-1.8819023670590675,-1.8272604728953157
/multi_agv/path_reference,1789710643.318276,1789710643.3178365,world,s_curve,1,1.7893160140602289,0.09086189092938314,0.0,1.0406212738523475,-0.9872574671988253,-1.984737162943184,0.9709546489714478,1.2127860139897306,0.938123158595864,-1.1458341406968655,-0.9683021973925855,-0.8476360635070251,-2.227301037038669,-1.8832021861284385,-1.8285602919646866
/multi_agv/path_reference,1789710643.3283212,1789710643.3278668,world,s_curve,1,1.7902273676398541,0.09086189092938314,0.0,1.0402541658294133,-0.9880916116266928,-1.9860390966283634,0.9703811437374751,1.2124434385518041,0.9379379151989607,-1.1465774494284962,-0.969360504896601,-0.8483368805549811,-2.228602970723849,-1.8845041198136179,-1.829862225649866
/multi_agv/path_reference,1789710643.3382351,1789710643.3378,world,s_curve,1,1.7911299357945623,0.09086352028209785,0.00016403051965354417,1.0398895269721087,-0.9889172433016291,-1.9873284797065178,0.9698122140616499,1.2121028081267964,0.9377535587278798,-1.1473128562940653,-0.9704081700148194,-0.8490307035960024,-2.2298923538020032,-1.8857935028917723,-1.8311516087280204
/multi_agv/path_reference,1789710643.348335,1789710643.3478537,world,s_curve,1,1.7920433401509723,0.09086352028209785,0.0,1.0395194265191576,-0.9897523080015898,-1.9886333430728176,0.9692354886937798,1.211756712867632,0.9375660779960608,-1.1480563448539658,-0.971467965210185,-0.8497326139406185,-2.2311972171683028,-1.887098366258072,-1.8324564720943202
/multi_agv/path_reference,1789710643.3583133,1789710643.3578413,world,s_curve,1,1.7929508642746672,0.09086352028209785,0.0,1.0391506301203541,-0.9905815179479343,-1.9899298061066675,0.9686615160877712,1.211411476687108,0.9373788975861834,-1.1487943012585804,-0.9725204897350861,-0.850429762850136,-2.2324936802021527,-1.888394829291922,-1.8337529351281703
/multi_agv/path_reference,1789710643.3683705,1789710643.3678718,world,s_curve,1,1.7938621626872677,0.09086352028209785,0.0,1.0387792181001498,-0.9914136944859594,-1.9912316609818113,0.9680841937758716,1.211063431521821,0.937190029002757,-1.1495345771542196,-0.973576940137813,-0.8511295661658455,-2.2337955350772964,-1.8896966841670657,-1.835054790003314
/multi_agv/path_reference,1789710643.3783016,1789710643.3778558,world,s_curve,1,1.7947693975816374,0.09085857797069077,-0.0004949670577288886,1.0384083859812914,-0.9922416791338406,-1.9925277108309107,0.9675084885430698,1.2107155720225007,0.9370010973783033,-1.150270804750765,-0.9746282286325896,-0.8518260040181673,-2.235091584926396,-1.8909927340161652,-1.8363508398524133
/multi_agv/path_reference,1789710643.3883364,1789710643.3878577,world,s_curve,1,1.7956781251915845,0.09085857797069077,0.0,1.0380358684199193,-0.9930705436691188,-1.9938258931308355,0.9669308801685569,1.210365774731715,0.9368109503594864,-1.1510074951585458,-0.9756807940858793,-0.8525233417629313,-2.2363897672263207,-1.89229091631609,-1.837649022152338
/multi_agv/path_reference,1789710643.3983917,1789710643.3979084,world,s_curve,1,1.79659145324391,0.09085857797069077,0.0,1.0376603812799179,-0.9939031164397008,-1.9951306474913004,0.9663493846848756,1.2100128302510602,0.936618928903818,-1.151747158977333,-0.9767382297913768,-0.8532239605503923,-2.2376945215867856,-1.8935956706765549,-1.8389537765128032
/multi_agv/path_reference,1789710643.4086823,1789710643.4078758,world,s_curve,1,1.797497057226805,0.09085857797069077,0.0,1.0372869972945507,-0.9947281636240366,-1.9964243674668642,0.965771854442622,1.2096615085821265,0.9364276288589035,-1.1524798176339652,-0.9777862670841154,-0.8539184061540289,-2.2389882415623497,-1.8948893906521187,-1.8402474964883668
/multi_agv/path_reference,1789710643.4184768,1789710643.4179246,world,s_curve,1,1.7984101150483025,0.09086100842740248,0.00024186173379766993,1.0369094599551465,-0.9955595119395367,-1.9977287357832894,0.9651886117393018,1.2093059230725547,0.9362338450535831,-1.1532177496919604,-0.9788424695992142,-0.8546183165274355,-2.2402926098787748,-1.8961937589685438,-1.8415518648047922
/multi_agv/path_reference,1789710643.4283204,1789710643.427801,world,s_curve,1,1.7993074915317997,0.09086100842740248,0.0,1.0365373504726763,-0.9963761017834547,-1.9990107021882857,0.9646144486822926,1.2089551026094674,0.9360425001262687,-1.1539422662923708,-0.9798800795933621,-0.8553059594646312,-2.241574576283771,-1.8974757253735404,-1.8428338312097883
/multi_agv/path_reference,1789710643.4383776,1789710643.4378207,world,s_curve,1,1.800217808349256,0.09086100842740248,0.0,1.0361588058535462,-0.9972039789242331,-2.0003111547846513,0.9640310576103519,1.2085978644847337,0.9358474954655533,-1.1546764778990266,-0.980932191733211,-0.8560032671404614,-2.2428750288801367,-1.8987761779699057,-1.8441342838061539
/multi_agv/path_reference,1789710643.448611,1789710643.447892,world,s_curve,1,1.8011329938629879,0.09086100842740248,0.0,1.0357771516004144,-0.9980357868552093,-2.001618562661411,0.9634435842748649,1.2082373367119392,0.9356505338144392,-1.1554138508856204,-0.9819894616902816,-0.8567040479897259,-2.2441824367568963,-1.9000835858466656,-1.8454416916829135
/multi_agv/path_reference,1789710643.4588006,1789710643.457953,world,s_curve,1,1.8020471435705876,0.09086286979055286,0.00018501214424679365,1.0353948439941076,-0.9988661545214597,-2.002924490815125,0.9628558139629548,1.2078758373865253,0.9354528806328432,-1.1561496219366318,-0.9830450635867342,-0.857403778041013,-2.2454883649106105,-1.9013895140003798,-1.846747619836628
/multi_agv/path_reference,1789710643.468537,1789710643.4679422,world,s_curve,1,1.802954646750125,0.09086286979055286,0.0,1.0350142440103154,-0.9996899904008908,-2.00422092392875,0.9622713675004723,1.2075156034354386,0.9352557610950355,-1.1568792836656476,-0.9840925227703907,-0.8580981647666339,-2.246784798024235,-1.9026859471140045,-1.8480440529502526
/multi_agv/path_reference,1789710643.478373,1789710643.4778073,world,s_curve,1,1.8038511761482892,0.09086286979055286,0.0,1.034637197594533,-1.000503378900386,-2.0055016802118417,0.9616930596261407,1.2071583920887305,0.9350601410687278,-1.157599377372811,-0.9851268562019584,-0.8587839031263889,-2.248065554307327,-1.9039667033970962,-1.8493248092333443
/multi_agv/path_reference,1789710643.4883733,1789710643.4878278,world,s_curve,1,1.8047615668589656,0.09086286979055286,0.0,1.034253255697461,-1.001328848310733,-2.006802238369951,0.9611048669949744,1.2067943023424617,0.9348605977549469,-1.158329845856067,-0.986176712400318,-0.859479986675814,-2.2493661124654363,-1.9052672615552055,-1.8506253673914537
/multi_agv/path_reference,1789710643.4988165,1789710643.4979405,world,s_curve,1,1.8056803554561405,0.09086343358811477,5.575665880232447e-05,1.0338646843029338,-1.0021614254151059,-2.0081147935087724,0.9605102862035385,1.2064254703291555,0.9346582963761074,-1.159066276453802,-0.9872357721291509,-0.8601822276623645,-2.250678667604258,-1.906579816694027,-1.8519379225302752
/multi_agv/path_reference,1789710643.5083635,1789710643.5078368,world,s_curve,1,1.80657974988946,0.09086343358811477,0.0,1.0334832563892882,-1.002975933229669,-2.0093996426992287,0.9599273198226103,1.2060630771888912,0.934459372156363,-1.1597864054430989,-0.988272006788854,-0.8608693874570543,-2.251963516794714,-1.9078646658844831,-1.8532227717207315
/multi_agv/path_reference,1789710643.5183823,1789710643.5178645,world,s_curve,1,1.807490888058117,0.09086343358811477,0.0,1.033095781624372,-1.0038005761517377,-2.010701268654453,0.9593357988449777,1.2056945952359244,0.9342569507922137,-1.160515173239512,-0.9893212964775088,-0.8615652587381922,-2.2532651427499384,-1.9091662918397074,-1.8545243976759558
/multi_agv/path_reference,1789710643.528613,1789710643.5279543,world,s_curve,1,1.808407696741074,0.09086343358811477,0.0,1.0327048123684555,-1.0046298415368906,-2.0120109953443914,0.9587396396205718,1.205322441837026,0.9340523556477687,-1.1612476988213514,-0.9903766314896318,-0.8622651942996884,-2.254574869439877,-1.9104760185296459,-1.855834124365894
/multi_agv/path_reference,1789710643.5383592,1789710643.5378392,world,s_curve,1,1.8093058829441109,0.0908646909720387,0.00012720280192942606,1.0323207317257925,-1.0054417654260732,-2.013294118491587,0.9581546599234139,1.2049565077138324,0.9338510275401312,-1.1619645873831423,-0.9914100567272992,-0.8629506521677779,-2.2558579925870723,-1.9117591416768414,-1.8571172475130895
/multi_agv/path_reference,1789710643.548546,1789710643.54796,world,s_curve,1,1.8102255050363951,0.0908646909720387,0.0,1.0319264055495536,-1.006272555131656,-2.0146078643377074,0.9575547666018028,1.2045804666528568,0.9336439833940012,-1.1626978066744469,-0.992467658010097,-0.8636522007104243,-2.2571717384331924,-1.913072887522962,-1.85843099335921
/multi_agv/path_reference,1789710643.5582867,1789710643.5578203,world,s_curve,1,1.8111212859601973,0.0908646909720387,0.0,1.0315412537516695,-1.0070813081498362,-2.0158875513717103,0.9569695003878121,1.204212839428972,0.9334414214382244,-1.163411259215651,-0.9934973654347768,-0.8643352997990806,-2.2584514254671952,-1.9143525745569647,-1.8597106803932129
/multi_agv/path_reference,1789710643.5684047,1789710643.5678687,world,s_curve,1,1.8120342802910572,0.0908646909720387,0.0,1.0311476358263654,-1.0079050942006669,-2.0171918289872246,0.9563720482929992,1.2038367918617998,0.933234067324297,-1.1641376500558402,-0.9945463746598822,-0.865031257886278,-2.25975570308271,-1.9156568521724793,-1.8610149580087272
/multi_agv/path_reference,1789710643.5785131,1789710643.5779393,world,s_curve,1,1.8129494096701273,0.09086221903913778,-0.0002454355786512499,1.0307520194591697,-1.0087302907530418,-2.01849915667161,0.9557722487381931,1.203458492141526,0.9330253174977902,-1.1648649569314078,-0.9955973438781572,-0.8657285714495603,-2.2610630307670956,-1.9169641798568648,-1.8623222856931128
/multi_agv/path_reference,1789710643.5883915,1789710643.587875,world,s_curve,1,1.8138522148612557,0.09086221903913778,0.0,1.0303606742162794,-1.009543866809844,-2.0197888783732223,0.9551795956437789,1.203083941102126,0.9328184859029337,-1.1655817001217543,-0.9966336740815882,-0.8664162262261894,-2.2623527524687077,-1.9182539015584767,-1.8636120073947249
/multi_agv/path_reference,1789710643.5983515,1789710643.5978522,world,s_curve,1,1.8147587593961465,0.09086221903913778,0.0,1.0299666520442325,-1.010360303828611,-2.0210839419944953,0.9545835576532146,1.2027064936015222,0.9326099048779609,-1.1663006420353588,-0.997673809483739,-0.8671064599667353,-2.2636478160899807,-1.9195489651797497,-1.8649070710159978
/multi_agv/path_reference,1789710643.6084514,1789710643.607842,world,s_curve,1,1.815666570186922,0.09086221903913778,0.0,1.0295710204343154,-1.0111773692748998,-2.0223808145527453,0.9539857547472332,1.2023271694896829,0.9324001370660302,-1.1670198141062524,-0.9987149070960326,-0.867797386622414,-2.2649446886482307,-1.9208458377379998,-1.866203943574248
/multi_agv/path_reference,1789710643.6184053,1789710643.617879,world,s_curve,1,1.816578414765841,0.0908637814344656,0.00015569007138095973,1.0291725646529932,-1.0119975481616932,-2.023683449665487,0.9533843573113616,1.2019448011732683,0.9321885354743498,-1.167741400778552,-0.9997601347183991,-0.8684911089881284,-2.2662473237609726,-1.9221484728507416,-1.8675065786869898
/multi_agv/path_reference,1789710643.6287174,1789710643.6278954,world,s_curve,1,1.8174886631407117,0.0908637814344656,0.0,1.0287737411334061,-1.012815772938074,-2.0249838044867308,0.9527830756552096,1.2015617445565427,0.9319764031884661,-1.1684609423465102,-1.0008030349884591,-0.8691833414792525,-2.267547678582216,-1.9234488276719852,-1.8688069335082336
/multi_agv/path_reference,1789710643.6382995,1789710643.637825,world,s_curve,1,1.8183907806609643,0.0908637814344656,0.0,1.0283774307697235,-1.0136261765415469,-2.0262725438013773,0.9521862424026019,1.2011807719888736,0.931765277917695,-1.1691732845673979,-1.0018361271990741,-0.8698691178581686,-2.2688364178968627,-1.924737566986632,-1.8700956728228801
/multi_agv/path_reference,1789710643.6482687,1789710643.6478052,world,s_curve,1,1.819297802462956,0.0908637814344656,0.0,1.0279779134445692,-1.0144404703082035,-2.0275682892327946,0.9515852396400776,1.200796386497414,0.9315521141962161,-1.169888723399065,-1.0028743399404805,-0.8705583475850649,-2.27013216332828,-1.926033312418049,-1.8713914182542972
/multi_agv/path_reference,1789710643.6585205,1789710643.657862,world,s_curve,1,1.8202114576718949,0.09086498205374513,0.00011940417809824649,1.027574407834651,-1.01526019522709,-2.02887351095985,0.9509789047218148,1.200407830040784,0.9313364887413538,-1.1706086065575299,-1.0039196410732365,-0.8712523380505041,-2.2714373850553353,-1.9273385341451044,-1.8726966399813525
/multi_agv/path_reference,1789710643.668374,1789710643.6678462,world,s_curve,1,1.8211187969467961,0.09086498205374513,0.0,1.027172633280546,-1.0160737317353186,-2.0301697099239946,0.9503758321195072,1.2000206099056698,0.9311214578164608,-1.1713227295788855,-1.0049572135483769,-0.8719412520786931,-2.27273358401948,-1.928634733109249,-1.8739928389454974
/multi_agv/path_reference,1789710643.678348,1789710643.6778438,world,s_curve,1,1.8220272353245204,0.09086498205374513,0.0,1.0267693160068316,-1.0168877313335012,-2.031467479035029,0.9497711022191836,1.1996315737461674,0.9309052720551441,-1.172036933953146,-1.0059955392098072,-0.8726307208375502,-2.2740313531305145,-1.9299325022202836,-1.8752906080565317
/multi_agv/path_reference,1789710643.6886427,1789710643.6878371,world,s_curve,1,1.82293529225105,0.09086498205374513,0.0,1.0263651125532063,-1.0177008652915596,-2.032764703215786,0.9491657003106674,1.1992413544581149,0.9306882828908367,-1.1727500534526283,-1.0070329233702913,-0.8733196190517589,-2.2753285773112712,-1.9312297264010403,-1.8765878322372884
/multi_agv/path_reference,1789710643.698596,1789710643.6978383,world,s_curve,1,1.823843987118785,0.09085964667376425,-0.0005334802221794678,1.02595956903007,-1.0185140446670795,-2.0340628387411215,0.9485589470312458,1.1988495137037953,0.9304702463551691,-1.1734628869157233,-1.008070528462456,-0.8740087186230591,-2.276626712836607,-1.932527861926376,-1.877885967762624
/multi_agv/path_reference,1789710643.708527,1789710643.7078385,world,s_curve,1,1.8247526129331886,0.09085964667376425,0.0,1.0255530012429144,-1.0193266352082087,-2.035360875618841,0.9479513151953066,1.1984563563309087,0.9302513322025276,-1.1741748780867396,-1.0091075452626759,-0.8746974822752104,-2.2779247497143262,-1.9338258988040953,-1.8791840046403434
/multi_agv/path_reference,1789710643.7185538,1789710643.7178218,world,s_curve,1,1.8256595622053917,0.09085964667376425,0.0,1.0251461321597053,-1.0201371994648516,-2.036656517436274,0.9473438834438895,1.1980625823989157,0.9300319306363105,-1.1748847684110626,-1.0101421388511977,-0.8753846911322944,-2.2792203915317595,-1.9351215406215285,-1.8804796464577767
/multi_agv/path_reference,1789710643.7285264,1789710643.7278562,world,s_curve,1,1.8265712787015365,0.09085964667376425,0.0,1.0247360664480836,-1.0209514923859182,-2.0379589695736233,0.9467323324784699,1.197665388105554,0.929810478760227,-1.1755975964002054,-1.0111816555865032,-0.876075225171046,-2.2805228436691083,-1.9364239927588778,-1.881782098595126
/multi_agv/path_reference,1789710643.738447,1789710643.7378588,world,s_curve,1,1.8274801286227618,0.09086181327397162,0.0002166047648612647,1.0243262348232463,-1.0217626927925423,-2.0392573266039453,0.9461217808003317,1.1972680954573096,0.9295888282120978,-1.1763073897930472,-1.0122173881652259,-0.8767633004193537,-2.2818212006994307,-1.9377223497891998,-1.883080455625448
/multi_agv/path_reference,1789710643.748404,1789710643.7478523,world,s_curve,1,1.8283881347103272,0.09086181327397162,0.0,1.0239157323730508,-1.0225726080195452,-2.04055447815761,0.9455108763060115,1.1968698292142161,0.9293664915989248,-1.177015732000857,-1.0132516431630079,-0.8774504488947708,-2.2831183522530956,-1.9390195013428648,-1.8843776071791127
/multi_agv/path_reference,1789710643.75826,1789710643.7578032,world,s_curve,1,1.8292924469925977,0.09086181327397162,0.0,1.0235058561895505,-1.0233786986482676,-2.041846352846568,0.9449015444417537,1.1964718502209377,0.92914417390596,-1.1777204045305572,-1.0142811765277064,-0.8781345148865392,-2.2844102269420534,-1.9403113760318227,-1.8856694818680708
/multi_agv/path_reference,1789710643.7686052,1789710643.7678392,world,s_curve,1,1.8302043263375394,0.09086181327397162,0.0,1.0230914960661632,-1.024190997551407,-2.043149037625056,0.9442861924795564,1.1960691945372315,0.928919101181702,-1.1784301758642557,-1.015318803253929,-0.8788240135360361,-2.2857129117205415,-1.9416140608103107,-1.8869721666465589
/multi_agv/path_reference,1789710643.7783928,1789710643.7778535,world,s_curve,1,1.8311141344147774,0.09086347571761125,0.0001660299694628859,1.022677023014108,-1.0250009127989532,-2.0444487634496817,0.9436713174031072,1.195666106797492,0.9286936448417248,-1.1791375355753324,-1.016353549513805,-0.879511653307722,-2.2870126375451667,-1.9429137866349362,-1.8882718924711843
/multi_agv/path_reference,1789710643.788284,1789710643.787832,world,s_curve,1,1.8320209554461147,0.09086347571761125,0.0,1.0222628637973679,-1.0258076323351726,-2.045744222065878,0.943057546920363,1.1952630047226473,0.9284680397490935,-1.1798417771810905,-1.0173843764424961,-0.880196743381931,-2.2883080961613635,-1.9442092452511326,-1.889567351087381
/multi_agv/path_reference,1789710643.798287,1789710643.797801,world,s_curve,1,1.8329267680745984,0.09086347571761125,0.0,1.0218481215492816,-1.0266129181666852,-2.0470382401065694,0.9424435480795477,1.194859017473755,0.9282417990945423,-1.1805444409685129,-1.0184135345672287,-0.8808807789643137,-2.289602114202055,-1.9455032632918239,-1.890861369128072
/multi_agv/path_reference,1789710643.8084614,1789710643.8078701,world,s_curve,1,1.8338416508769553,0.09086347571761125,0.0,1.0214281690939602,-1.0274257221757388,-2.048345215538508,0.9418224787818323,1.1944496336410357,0.9280123948590125,-1.1812533337086804,-1.0194524665053675,-0.8815713663131685,-2.290909089633993,-1.9468102387237622,-1.8921683445600106
/multi_agv/path_reference,1789710643.818455,1789710643.8178391,world,s_curve,1,1.8347474589339756,0.09086108489060603,-0.000239822480928841,1.0210113356408916,-1.028229922394898,-2.049639227048537,0.9412066573329249,1.1940429728104562,0.9277843767792938,-1.1819543944875415,-1.0204805651041204,-0.8822548075930321,-2.292203101144022,-1.9481042502337913,-1.8934623560700397
/multi_agv/path_reference,1789710643.8284514,1789710643.827835,world,s_curve,1,1.8356557175144557,0.09086108489060603,0.0,1.0205923301718183,-1.0290357560922745,-2.0509367393063656,0.9405882597100464,1.1936338765719838,0.9275548542334244,-1.1826565512651541,-1.0215109159318894,-0.88293980107978,-2.293500613401851,-1.94940176249162,-1.8947598683278681
/multi_agv/path_reference,1789710643.838355,1789710643.8378081,world,s_curve,1,1.8365618751140698,0.09086108489060603,0.0,1.0201732524110962,-1.0298391833188463,-2.0522312501629565,0.9399703852514518,1.1932243948079344,0.9273249771739025,-1.1833562836672193,-1.0225383535612607,-0.8836229127280589,-2.294795124258442,-1.950696273348211,-1.896054379184459
/multi_agv/path_reference,1789710643.8483505,1789710643.8478374,world,s_curve,1,1.8374731391066546,0.09086108489060603,0.0,1.0197507646683337,-1.0306465903111297,-2.0535330558666494,0.9393481160881021,1.1928112646896079,0.9270929132272911,-1.1840591520565218,-1.023571045640467,-0.8843095732364001,-2.2960969299621348,-1.9519980790519038,-1.8973561848881522
/multi_agv/path_reference,1789710643.8588703,1789710643.8578835,world,s_curve,1,1.8383859551055068,0.09086292171456303,0.0001828399059817082,1.019326503979554,-1.0314548203493632,-2.0548370787221524,0.9387238703305445,1.1923960835276204,0.9268595580804972,-1.1847624047959375,-1.0246049564780486,-0.8849970997741032,-2.297400952817638,-1.9533021019074068,-1.898660207743655
/multi_agv/path_reference,1789710643.868731,1789710643.8678122,world,s_curve,1,1.839288088532379,0.09086292171456303,0.0,1.0189061733889444,-1.032253047634816,-2.0561258407605414,0.9381060297363496,1.191984437052823,0.9266280533776604,-1.1854566271808566,-1.0256262348943745,-0.8856762808292165,-2.298689714856027,-1.954590863945796,-1.8999489697820442
/multi_agv/path_reference,1789710643.878563,1789710643.8778093,world,s_curve,1,1.8401964454333484,0.09086292171456303,0.0,1.018481904076413,-1.0330562335984488,-2.0574234934762123,0.9374830234683398,1.191568621315981,0.9263940674449183,-1.1861548336581458,-1.0266540218532945,-0.886359845283906,-2.2999873675716977,-1.9558885166614668,-1.9012466224977151
/multi_agv/path_reference,1789710643.888575,1789710643.8878691,world,s_curve,1,1.841110485719208,0.09086292171456303,0.0,1.0180539283598902,-1.0338638884194635,-2.058729265313154,0.9368552050215528,1.1911488578649987,0.9261577221931191,-1.1868565919324878,-1.027687693828816,-0.8870473794970869,-2.3012931394086396,-1.9571942884984086,-1.9025523943346567
/multi_agv/path_reference,1789710643.898402,1789710643.8978336,world,s_curve,1,1.8420159411920458,0.0908621564679848,-7.679224038460517e-05,1.0176289332095318,-1.034663406161805,-2.0600227731314944,0.9362323805975562,1.1907317068604528,0.9259227121705865,-1.1875509505298334,-1.0287111163202383,-0.8877281516353431,-2.30258664722698,-1.9584877963167489,-1.903845902152997
/multi_agv/path_reference,1789710643.9084952,1789710643.9078507,world,s_curve,1,1.8429259501309927,0.0908621564679848,0.0,1.0172007585339398,-1.0354663897227294,-2.061322785901418,0.935605518999336,1.1903111239607886,0.9256856326416947,-1.1882479883702453,-1.0297391406638148,-0.8884120401341281,-2.3038866599969032,-1.9597878090866723,-1.9051459149229204
/multi_agv/path_reference,1789710643.9183276,1789710643.9178145,world,s_curve,1,1.8438314495811141,0.0908621564679848,0.0,1.0167736695773533,-1.036264840824445,-2.062616356544449,0.9349808645747292,1.1898912987684522,0.9254488453888784,-1.188940762468307,-1.0307615269815733,-0.8890922330234545,-2.3051802306399343,-1.9610813797297035,-1.9064394855659514
/multi_agv/path_reference,1789710643.9283414,1789710643.927805,world,s_curve,1,1.8447391985056432,0.0908621564679848,0.0,1.0163444834815043,-1.0370647203700976,-2.0639131407223474,0.9343537595882304,1.1894691037193794,0.9252105871369033,-1.1896344460546413,-1.0317859072940767,-0.8897738077615748,-2.306477014817833,-1.962378163907602,-1.90773626974385
/multi_agv/path_reference,1789710643.9383705,1789710643.9378006,world,s_curve,1,1.8456474525181041,0.09086372756637885,0.00015717613629915854,1.0159140209023212,-1.0378644873366234,-2.065210646454435,0.9337254059875217,1.1890453446990419,0.9249713120204,-1.1903277011896274,-1.0328103088281944,-0.8904554519920485,-2.3077745205499203,-1.9636756696396895,-1.9090337754759377
/multi_agv/path_reference,1789710643.9482927,1789710643.9478526,world,s_curve,1,1.846560622712545,0.09086372756637885,0.0,1.0154801826535742,-1.0386680195742055,-2.066515175303636,0.9330927450683724,1.1886179524530633,0.9247298504392867,-1.1910238863077989,-1.0338397001088984,-0.8911404723059191,-2.3090790493991213,-1.9649801984888904,-1.9103383043251385
/multi_agv/path_reference,1789710643.958341,1789710643.9578414,world,s_curve,1,1.8474684184992278,0.09086372756637885,0.0,1.0150478591125316,-1.0394662610337797,-2.067812026427468,0.9324629079862444,1.1881917449282833,0.9244889244230672,-1.19171515543853,-1.0348624794770656,-0.8918211481857437,-2.3103759005229536,-1.9662770496127226,-1.9116351554489708
/multi_agv/path_reference,1789710643.9684155,1789710643.9678738,world,s_curve,1,1.8483799790427349,0.09086372756637885,0.0,1.0146127014328417,-1.0402672481110498,-2.0691142557753355,0.9318295574079388,1.187762435617563,0.9242461112730233,-1.1924084689072303,-1.035888943443671,-0.8925043319822475,-2.311678129870821,-1.96757927896059,-1.9129373847968383
/multi_agv/path_reference,1789710643.978444,1789710643.977835,world,s_curve,1,1.8492851168474125,0.09086492798194108,0.0001205072565158327,1.0141795782610736,-1.0410620302489864,-2.070407309782018,0.9311997766820891,1.1873348290764336,0.9240041290246981,-1.1930960808097484,-1.0369076211369979,-0.8931823888002126,-2.312971183877503,-1.9688723329672726,-1.9142304388035207
/multi_agv/path_reference,1789710643.9883919,1789710643.987868,world,s_curve,1,1.8501965886644898,0.09086492798194108,0.0,1.0137423859677859,-1.0418618075007418,-2.071709412377843,0.9305646908577735,1.186902899458659,0.9237595675869251,-1.1937876809923422,-1.0379328677484487,-0.893864873761434,-2.314273286473328,-1.9701744355630972,-1.9155325413993454
/multi_agv/path_reference,1789710643.998392,1789710643.9978197,world,s_curve,1,1.851100902960325,0.09086492798194108,0.0,1.0133075983379747,-1.0426547412605671,-2.073001289943321,0.9299337030645762,1.1864730430386627,0.9235160489106852,-1.1944730326056496,-1.038949506907252,-0.8945416842687994,-2.3155651640388064,-1.9714663131285755,-1.9168244189648238
/multi_agv/path_reference,1789710644.0085654,1789710644.0078118,world,s_curve,1,1.8520089271803049,0.09086492798194108,0.0,1.0128699964668042,-1.043450362068671,-2.074298467400436,0.9292992361288642,1.1860401018225475,0.923270651449001,-1.1951603749766482,-1.0399697570809194,-0.8952209541484454,-2.3168623414959213,-1.9727634905856903,-1.9181215964219385
/multi_agv/path_reference,1789710644.0185041,1789710644.0178711,world,s_curve,1,1.852922737845691,0.09085933407050141,-0.0005561973475580439,1.0124285640283344,-1.0442504790697675,-2.07560391120813,0.9286598260596772,1.1856030655602152,0.9230228004651109,-1.1958512658063094,-1.0409959408253158,-0.8959042305776774,-2.3181677853036153,-1.9740689343933846,-1.9194270402296325
/multi_agv/path_reference,1789710644.0285072,1789710644.027851,world,s_curve,1,1.8538295068218271,0.09085933407050141,0.0,1.0119895008392357,-1.0450438600476128,-2.076899295459753,0.9280244519366423,1.1851680729523764,0.9227759776286886,-1.196536006915974,-1.0420136519930807,-0.8965819212337837,-2.3194631695552386,-1.9753643186450078,-1.9207224244812557
/multi_agv/path_reference,1789710644.0383146,1789710644.037805,world,s_curve,1,1.854734116253311,0.09085933407050141,0.0,1.0115504596848532,-1.0458347841731521,-2.078191594647587,0.9273897077707576,1.1847328031250037,0.9225288681587984,-1.19721829660847,-1.0430283771146998,-0.8972576787962864,-2.3207554687430725,-1.9766566178328415,-1.9220147236690897
/multi_agv/path_reference,1789710644.0484312,1789710644.0478585,world,s_curve,1,1.855647418833301,0.09085933407050141,0.0,1.0111061631689433,-1.0466327328479708,-2.0794963126190016,0.926747970154585,1.1842920207746024,0.9222784985776424,-1.1979063104197074,-1.0440522822298877,-0.8979396058943171,-2.322060186714487,-1.977961335804256,-1.9233194416405042
/multi_agv/path_reference,1789710644.0583289,1789710644.0578387,world,s_curve,1,1.8565543943842817,0.09086156931684729,0.00022392884855226787,1.010663914604191,-1.0474245792593362,-2.080791991977545,0.9261097904023454,1.1838529702746263,0.9220289831356009,-1.1985887287143537,-1.0450685240853703,-0.8986164849782845,-2.3233558660730305,-1.9792570151627995,-1.9246151209990479
/multi_agv/path_reference,1789710644.0684283,1789710644.067893,world,s_curve,1,1.8574679450418645,0.09086156931684729,0.0,1.01021742326919,-1.0482215862670436,-2.0820970643455206,0.925466090975733,1.1834094062722764,0.9217767725595607,-1.1992752577698709,-1.0460915572863403,-0.8992979437449198,-2.324660938441006,-1.980562087530775,-1.9259201933670231
/multi_agv/path_reference,1789710644.0784795,1789710644.077835,world,s_curve,1,1.8583713018491241,0.09086156931684729,0.0,1.009774891769311,-1.0490091262830368,-2.0833875740701777,0.9248286938710177,1.1829694793764745,0.921526502060441,-1.199953299614186,-1.0471026049522845,-0.8999714742826399,-2.325951448165663,-1.9818525972554322,-1.9272107030916803
/multi_agv/path_reference,1789710644.0886247,1789710644.0878634,world,s_curve,1,1.8592822882114977,0.09086156931684729,0.0,1.0093275938868624,-1.0498027386803046,-2.0846889831592823,0.9241850278601165,1.1825245159906757,0.9212732378097955,-1.2006362344641694,-1.0481216159109281,-0.9006503656658161,-2.3272528572547677,-1.9831540063445368,-1.9285121121807849
/multi_agv/path_reference,1789710644.0988026,1789710644.0978706,world,s_curve,1,1.8601917655742435,0.09086328793476582,0.00017170221181769268,1.00888000713734,-1.050594455205629,-2.0859882365346336,0.9235415421000575,1.1820789672616512,0.9210195120503115,-1.201317201946393,-1.0491383604775038,-0.90132780319299,-2.328552110630119,-1.984453259719888,-1.9298113655561364
/multi_agv/path_reference,1789710644.1085856,1789710644.1078668,world,s_curve,1,1.861099988841889,0.09086328793476582,0.0,1.0084320115449468,-1.0513844990878591,-2.0872856983455557,0.9228980613842788,1.1816327151138672,0.9207652581366945,-1.201996395596443,-1.0501531245587377,-0.9020039771083966,-2.329849572441041,-1.9857507215308103,-1.9311088273670585
/multi_agv/path_reference,1789710644.118669,1789710644.117815,world,s_curve,1,1.8620039503487407,0.09086328793476582,0.0,1.0079851006348708,-1.0521702579121963,-2.0885770719267724,0.9222567256242464,1.1811872499491982,0.9205113263311677,-1.2026715725843204,-1.0511625511604938,-0.9026766499917744,-2.331140946022258,-1.987042095112027,-1.9324002009482752
/multi_agv/path_reference,1789710644.1288512,1789710644.127838,world,s_curve,1,1.862914671539035,0.09086328793476582,0.0,1.0075338215440564,-1.0529613079427815,-2.0898781021986212,0.921609712377663,1.1807371353271368,0.9202546169273695,-1.203350960060079,-1.0521789432197768,-0.9033540205484888,-2.3324419762941067,-1.9883431253838757,-1.9337012312201238
/multi_agv/path_reference,1789710644.138971,1789710644.1378102,world,s_curve,1,1.8638207784251741,0.09086094692000643,-0.00023474804247248997,1.00708380782812,-1.0537477666056274,-2.0911725406073916,0.9209651005600621,1.1802879892266778,0.9199983336976199,-1.204026069292604,-1.0531896034973527,-0.9040276270269254,-2.333736414702877,-1.989637563792646,-1.9349956696288941
/multi_agv/path_reference,1789710644.148793,1789710644.1478105,world,s_curve,1,1.864729398343383,0.09086094692000643,0.0,1.0066315243181594,-1.0545358209591786,-2.092470569061976,0.920317824141626,1.179836284314185,0.919740464498667,-1.2047022125447644,-1.0542024822138971,-0.9047027681188744,-2.3350344431574612,-1.9909355922472303,-1.9362936980834784
/multi_agv/path_reference,1789710644.1588469,1789710644.1578112,world,s_curve,1,1.8656380735959086,0.09086094692000643,0.0,1.006178190709829,-1.0553233355529845,-2.0937686765655834,0.9196696311912029,1.1793832374830742,0.9194817034552102,-1.2053775561867686,-1.0552148354240207,-0.9053776150481642,-2.336332550661069,-1.9922336997508379,-1.937591805587086
/multi_agv/path_reference,1789710644.1689177,1789710644.1678102,world,s_curve,1,1.866546600472508,0.09086094692000643,0.0,1.005723909552252,-1.056110132602171,-2.095066572103583,0.9190206682481299,1.1789289512625178,0.9192221091461088,-1.2060519478084673,-1.0562264345588448,-0.9060520154392006,-2.3376304461990682,-1.9935315952888375,-1.9388897011250856
/multi_agv/path_reference,1789710644.1792703,1789710644.1778095,world,s_curve,1,1.8674551544961104,0.09086280767907717,0.0001860910734968023,1.0052685940526525,-1.056896362906131,-2.096364506423015,0.9183708112068805,1.1784733389171724,0.9189616320339047,-1.2067255167330448,-1.0572374734696561,-0.9067260985156917,-2.3389283805185,-1.9948295296082694,-1.9401876354445176
/multi_agv/path_reference,1789710644.1889744,1789710644.1878092,world,s_curve,1,1.868363774667837,0.09086280767907717,0.0,1.0048122252740466,-1.0576820587988331,-2.097662535239767,0.917720033129737,1.1780163814528681,0.9187002612395346,-1.2073982906092104,-1.0582479937618918,-0.9073998920253968,-2.3402264093352523,-1.9961275584250213,-1.9414856642612695
/multi_agv/path_reference,1789710644.1991358,1789710644.1978126,world,s_curve,1,1.8692727091340153,0.09086280767907717,0.0,1.004354678700267,-1.058467433154353,-2.0989610130485934,0.9170681568266101,1.177557954010357,0.9184379252638342,-1.2080704515035816,-1.0592582693303119,-0.9080735786291658,-2.341524887144079,-1.997426036233848,-1.942784142070096
/multi_agv/path_reference,1789710644.2087777,1789710644.2078104,world,s_curve,1,1.8701811547582883,0.09086280767907717,0.0,1.003896359706922,-1.059251790875775,-2.1002587925118408,0.916415759668257,1.1770984628291634,0.9181748566233456,-1.2087414046182525,-1.060267405976326,-0.9087465620327464,-2.342822666607326,-1.9987238156970955,-1.9440819215333436
/multi_agv/path_reference,1789710644.21882,1789710644.2178082,world,s_curve,1,1.8710895677105854,0.09086112112634051,-0.00016869208227862704,1.003437039792876,-1.0600355250091944,-2.1015565253008366,0.9157625158987788,1.17663767907276,0.9179109244070893,-1.2094114864619776,-1.0612759092397968,-0.9094191793258088,-2.344120399396322,-2.000021548486091,-1.9453796543223392
/multi_agv/path_reference,1789710644.2300212,1789710644.227925,world,s_curve,1,1.8720087801431562,0.09086112112634051,0.0,1.0029712239752928,-1.060827968697003,-2.1028696859187948,0.9151006211002815,1.1761700850991483,0.9176429657264487,-1.2100886706596496,-1.0622957920512934,-0.9100994433800659,-2.34543356001428,-2.001334709104049,-1.9466928149402973
/multi_agv/path_reference,1789710644.2388802,1789710644.237809,world,s_curve,1,1.8729068330195613,0.09086112112634051,0.0,1.0025151261185732,-1.0616015794532985,-2.104152618599373,0.9144531041774349,1.1757119615890033,0.9173803125892817,-1.2107494265434877,-1.0632916040178522,-0.9107637077985554,-2.3467164926948585,-2.0026176417846275,-1.9479757476208757
/multi_agv/path_reference,1789710644.248516,1789710644.2478416,world,s_curve,1,1.873818405122179,0.09086112112634051,0.0,1.0020511477414094,-1.0623862371140582,-2.1054548644602553,0.9137949733583625,1.1752456355275567,0.917112834338309,-1.2114192793673424,-1.064301805043964,-0.911437626930868,-2.3480187385557407,-2.0039198876455098,-1.9492779934817581
/multi_agv/path_reference,1789710644.2586954,1789710644.2578127,world,s_curve,1,1.874724416881432,0.09086289741503145,0.00017814198928003746,1.0015889873250217,-1.0631655091721641,-2.1067491669734744,0.9131399930788898,1.1747808507181474,0.9168461181780275,-1.2120841964375564,-1.0653052414958017,-0.9121070895831341,-2.3493130410689598,-2.005214190158729,-1.950572295994977
/multi_agv/path_reference,1789710644.2685614,1789710644.2678418,world,s_curve,1,1.8756356627070279,0.09086289741503145,0.0,1.0011231401798681,-1.0639486791869228,-2.1080509467243256,0.9124803616010562,1.1743120713654818,0.9165769875730667,-1.2127520991940843,-1.0663138672946322,-0.9127800710720518,-2.350614820819811,-2.00651596990958,-1.9518740757458284
/multi_agv/path_reference,1789710644.278446,1789710644.2778065,world,s_curve,1,1.8765411054828174,0.09086289741503145,0.0,1.0006592502922769,-1.0647262604850853,-2.109344436404025,0.9118240702338494,1.1738449772498087,0.9163087033931727,-1.2134148975223074,-1.0673154646468372,-0.9134484192861113,-2.3519083104995104,-2.0078094595892795,-1.9531675654255276
/multi_agv/path_reference,1789710644.2888486,1789710644.2878716,world,s_curve,1,1.877455578213352,0.09086289741503145,0.0,1.0001897135981488,-1.065510986899757,-2.1106508260190746,0.9111603641091107,1.1733719102631939,0.9160368664221419,-1.2140834437333126,-1.0683264368228893,-0.9141230801430691,-2.35321470011456,-2.009115849204329,-1.9544739550405772
/multi_agv/path_reference,1789710644.2988555,1789710644.2978761,world,s_curve,1,1.878364673524828,0.09086429889961363,0.00014007872702748934,0.9997219222696133,-1.066290490228375,-2.1119495336068974,0.910499695738067,1.1729003164413974,0.9157657546293758,-1.214747198708502,-1.0693308507468404,-0.9147934212297822,-2.3545134077023824,-2.010414556792152,-1.9557726626284
/multi_agv/path_reference,1789710644.3087316,1789710644.307837,world,s_curve,1,1.8792697866175405,0.09086429889961363,0.0,0.9992551749160546,-1.0670659749168432,-2.1132425523107723,0.9098410657224091,1.1724294930776864,0.9154949659480683,-1.2154071933192374,-1.0703302557340988,-0.9154604756971932,-2.3558064264062577,-2.0117075754960267,-1.9570656813322749
/multi_agv/path_reference,1789710644.318605,1789710644.3178515,world,s_curve,1,1.8801796111150153,0.09086429889961363,0.0,0.9987849877978086,-1.0678448873456534,-2.1145423015928793,0.9091781477920952,1.1719549169381458,0.9152218986631847,-1.2160697645565672,-1.071334248537992,-0.9161306489424009,-2.3571061756883647,-2.0130073247781337,-1.958365430614382
/multi_agv/path_reference,1789710644.3284254,1789710644.3278296,world,s_curve,1,1.8810862656296943,0.09086429889961363,0.0,0.9983154323775137,-1.0686204774438786,-2.115837522328135,0.9085166836530961,1.1714806967715103,0.9149489167079349,-1.2167291697192777,-1.07233412892958,-0.9167981336827777,-2.3584013964236203,-2.0143025455133894,-1.9596606513496375
/multi_agv/path_reference,1789710644.3383555,1789710644.3378239,world,s_curve,1,1.8819944015892052,0.09085918000169305,-0.0005121467360758401,0.9978441025378505,-1.0693967241746383,-2.11713485941315,0.9078532825376169,1.171004403349625,0.9146746217263095,-1.2173887925961775,-1.0733350261914638,-0.9174663537362736,-2.3596987335086355,-2.0155998825984045,-1.9609579884346529
/multi_agv/path_reference,1789710644.3483546,1789710644.347873,world,s_curve,1,1.8829074825595877,0.09085918000169305,0.0,0.9973691913155641,-1.070176580616732,-2.118439260799411,0.9071854068688813,1.1705242076892857,0.9143979593885255,-1.2180511390197049,-1.0743407497554929,-0.9181378530749982,-2.3610031348948963,-2.0169042839846654,-1.9622623898209135
/multi_agv/path_reference,1789710644.3582454,1789710644.3578036,world,s_curve,1,1.8838098382397852,0.09085918000169305,0.0,0.996898859224066,-1.0709466672240944,-2.1197283403425504,0.906524527692351,1.170048363785941,0.914123686193906,-1.2187048487241239,-1.0753340434305816,-0.9188011095175773,-2.362292214438036,-2.018193363527805,-1.9635514693640532
/multi_agv/path_reference,1789710644.3684664,1789710644.3678818,world,s_curve,1,1.8847253824025374,0.09085918000169305,0.0,0.9964206391980788,-1.0717273890688046,-2.1210362605750537,0.9058531291060162,1.1695642573239409,0.9138445311642791,-1.2193672418041828,-1.0763412271983452,-0.9194736982038858,-2.363600134670539,-2.019501283760308,-1.9648593895965563
/multi_agv/path_reference,1789710644.3784263,1789710644.3778636,world,s_curve,1,1.8856323835737352,0.09086145071166339,0.0002274749014695557,0.9959458748628259,-1.072500208473864,-2.1223319765339075,0.9051871415369125,1.1690833694230198,0.9135671136285457,-1.2200225875391288,-1.0773383876167697,-0.920139650265693,-2.364895850629393,-2.020796999719162,-1.9661551055554103
/multi_agv/path_reference,1789710644.3885581,1789710644.3878305,world,s_curve,1,1.8865379590379099,0.09086145071166339,0.0,0.9954708583167333,-1.0732711988013133,-2.1236256557684428,0.9045213543527956,1.1686019489448316,0.9132892716525729,-1.220676041763523,-1.078333358214572,-0.9208041964258449,-2.3661895298639277,-2.022090678953697,-1.9674487847899453
/multi_agv/path_reference,1789710644.3984754,1789710644.3978367,world,s_curve,1,1.8874473077964098,0.09086145071166339,0.0,0.9949928593367252,-1.074044782682052,-2.1249247254234427,0.9038519430105149,1.1681172277825576,0.9130094072171031,-1.2213313515578959,-1.07933184710682,-0.92147114938144,-2.367488599518928,-2.023389748608697,-1.9687478544449455
/multi_agv/path_reference,1789710644.4086344,1789710644.4078066,world,s_curve,1,1.888353159751979,0.09086145071166339,0.0,0.9945156998361079,-1.0748147738893667,-2.1262187996456845,0.903184260124589,1.1676330814706213,0.9127297579131136,-1.2219832763626242,-1.0803258696071203,-0.9221351756983557,-2.36878267374117,-2.024683822830939,-1.970041928667187
/multi_agv/path_reference,1789710644.4185493,1789710644.4178548,world,s_curve,1,1.8892660086650013,0.09086320425759592,0.0001745445494532944,0.9940338469845936,-1.0755900872758346,-2.1275228695214303,0.9025105669757684,1.1671438945656996,0.9124470794123128,-1.222639362066383,-1.0813269354058794,-0.9228039643552413,-2.3700867436169157,-2.025987892706685,-1.9713459985429331
/multi_agv/path_reference,1789710644.4286134,1789710644.4278734,world,s_curve,1,1.8901762970529277,0.09086320425759592,0.0,0.9935523394182367,-1.0763625996020842,-2.1288232815041828,0.9018379122105009,1.1666547803646956,0.9121643256795136,-1.2232927321207643,-1.082324557198182,-0.9234705094873061,-2.3713871555996677,-2.027288304689437,-1.9726464105256853
/multi_agv/path_reference,1789710644.4388974,1789710644.4378052,world,s_curve,1,1.89107892694482,0.09086320425759592,0.0,0.99307389163864,-1.077127993834008,-2.1301127527783144,0.9011700785466582,1.166168500902347,0.9118830954669147,-1.2239397411131478,-1.0833131570367511,-0.9241310833521248,-2.3726766268737998,-2.028577775963569,-1.9739358817998172
/multi_agv/path_reference,1789710644.4486086,1789710644.4478564,world,s_curve,1,1.8919920920617932,0.09086320425759592,0.0,0.9925888550442362,-1.0779016926864777,-2.1314172743739905,0.9004936011116182,1.1656752483471047,0.9115977156739857,-1.224593424570339,-1.084312656218173,-0.9247989972709212,-2.373981148469476,-2.029882297559245,-1.9752404033954931
/multi_agv/path_reference,1789710644.4585235,1789710644.457845,world,s_curve,1,1.8928996533590619,0.09085912763395283,-0.00040812501482553133,0.9921057951459007,-1.0786700158779032,-2.132713790512945,0.8998204304726634,1.165183731058292,0.9113132239067467,-1.2252422215211547,-1.085305383260812,-0.9254624428517428,-2.37527766460843,-2.0311788136981996,-1.9765369195344478
/multi_agv/path_reference,1789710644.468332,1789710644.467863,world,s_curve,1,1.8938098867324151,0.09085912763395283,0.0,0.9916203130283847,-1.0794399715837493,-2.1340141239034502,0.8991444336968651,1.164689474427583,0.9110270309607058,-1.225892051602649,-1.0863003923126995,-0.9261274708358991,-2.376577997998935,-2.0324791470887047,-1.9778372529249528
/multi_agv/path_reference,1789710644.4783113,1789710644.4778516,world,s_curve,1,1.8947174420329813,0.09085912763395283,0.0,0.9911352629077745,-1.0802070327849271,-2.1353106314756873,0.8984695851215516,1.1641953842633255,0.9107408193384465,-1.2265390940716454,-1.0872918331633403,-0.9267901711197954,-2.3778745055711727,-2.033775654660942,-1.97913376049719
/multi_agv/path_reference,1789710644.4883795,1789710644.4878724,world,s_curve,1,1.8956280121302616,0.09085912763395283,0.0,0.9906476025710512,-1.0809760094935412,-2.1366114459003733,0.8977916523830226,1.163698361499606,0.9104527938305251,-1.2271874061583645,-1.0882859229165047,-0.9274546994057543,-2.3791753199958587,-2.035076469085628,-1.9804345749218761
/multi_agv/path_reference,1789710644.4984133,1789710644.4978106,world,s_curve,1,1.8965310357263871,0.09086140256412316,0.00022890137854439068,0.9901629963668263,-1.0817379860850838,-2.1379014796091242,0.8971185058656327,1.1632041812688838,0.9101663019659623,-1.2278294738157975,-1.0892711346759403,-0.9281133497635133,-2.3804653537046097,-2.0363665027943787,-1.9817246086306268
/multi_agv/path_reference,1789710644.5083957,1789710644.507838,world,s_curve,1,1.8974420964678766,0.09086140256412316,0.0,0.9896730813846542,-1.0825061103360587,-2.1392029949541094,0.8964385294300715,1.1627043152201313,0.9098763995037598,-1.2284763755335577,-1.0902644682404377,-0.9287774872341804,-2.381766869049595,-2.037668018139364,-1.9830261239756122
/multi_agv/path_reference,1789710644.518419,1789710644.51784,world,s_curve,1,1.8983509311050033,0.09086140256412316,0.0,0.9891833678992356,-1.0832717218441106,-2.140501330150005,0.8957593762465693,1.1622043829512831,0.9095863444998543,-1.2291208143461982,-1.091254725687221,-0.9294396254989122,-2.3830652042454905,-2.0389663533352596,-1.9843244591715077
/multi_agv/path_reference,1789710644.5283844,1789710644.5278661,world,s_curve,1,1.8992619140691323,0.09086140256412316,0.0,0.988691499687065,-1.084038504410085,-2.1418027343844748,0.8950777785753011,1.1617019791082819,0.9092947413776123,-1.229765891059297,-1.0922466717110584,-0.9301029504599001,-2.38436660847996,-2.0402677575697292,-1.9856258634059774
/multi_agv/path_reference,1789710644.538543,1789710644.5378683,world,s_curve,1,1.900170555825699,0.09086313073066889,0.00017281466720413206,0.9881999020498874,-1.0848026781386029,-2.143100794036713,0.8943970970180334,1.1611995810255542,0.9090030281060746,-1.2304084258553603,-1.0932354163840485,-0.9307641921763997,-2.3856646681321982,-2.0415658172219673,-1.9869239230582154
/multi_agv/path_reference,1789710644.5484433,1789710644.547831,world,s_curve,1,1.901075992294466,0.09086313073066889,0.0,0.987709052423847,-1.0855635209138508,-2.14439427470638,0.8937179876948085,1.1606976790964523,0.9087114904802802,-1.2310478147434656,-1.094220023783138,-0.9314227242149484,-2.3869581488018654,-2.0428592978916345,-1.9882174037278826
/multi_agv/path_reference,1789710644.5583484,1789710644.5578022,world,s_curve,1,1.9019820079248284,0.09086313073066889,0.0,0.9872169032996371,-1.0863242136551858,-2.145688582749755,0.8930376158599553,1.1601941808959446,0.9084189131430112,-1.2316867322676321,-1.0952046097820438,-0.9320812989158815,-2.3882524568452403,-2.0441536059350094,-1.9895117117712575
/multi_agv/path_reference,1789710644.5683787,1789710644.567878,world,s_curve,1,1.9028973761881,0.09086313073066889,0.0,0.9867186747764656,-1.0870921116140924,-2.146996251697286,0.8923493818624226,1.1596841918624412,0.9081224506045331,-1.2323313506471565,-1.0961986970982962,-0.9327462870968243,-2.389560125792771,-2.0454612748825403,-1.9908193807187886
/multi_agv/path_reference,1789710644.5784116,1789710644.577854,world,s_curve,1,1.9038038476787082,0.09086207421114674,-0.00010590245387908596,0.9862242993000396,-1.087851903253246,-2.1482912109695835,0.8916670066641184,1.1591778787073939,0.9078280125286067,-1.2329688161523453,-1.0971824643394836,-0.9334044292679095,-2.390855085065069,-2.046756234154838,-1.9921143399910863
/multi_agv/path_reference,1789710644.5884686,1789710644.587851,world,s_curve,1,1.9047123224963285,0.09086207421114674,0.0,0.9857278446372495,-1.088612731186302,-2.1495890321376123,0.8909822958860928,1.158669168992039,0.9075320690336167,-1.2336068034507992,-1.0981677471680522,-0.9340636429400548,-2.3921529062330977,-2.0480540553228668,-1.993412161159115
/multi_agv/path_reference,1789710644.598358,1789710644.5978355,world,s_curve,1,1.9056195441442212,0.09086207421114674,0.0,0.985231089904131,-1.0893718660462037,-2.1508850630631735,0.8902977039757597,1.1581598854217616,0.9072356803148715,-1.2342430234108597,-1.0991510112451173,-0.9347215634826339,-2.393448937158659,-2.049350086248428,-1.9947081920846763
/multi_agv/path_reference,1789710644.6084461,1789710644.6078048,world,s_curve,1,1.9065253171780647,0.09086207421114674,0.0,0.9847341473888671,-1.0901291459205031,-2.1521790245400925,0.8896133832912566,1.1576501443024045,0.9069389145729403,-1.2348773418936714,-1.1001320460698365,-0.9353780497980015,-2.394742898635578,-2.050644047725347,-1.9960021535615953
/multi_agv/path_reference,1789710644.6183593,1789710644.6178372,world,s_curve,1,1.907436770702786,0.09086367507937895,0.00015959208774925,0.9842330996559681,-1.0908905253114438,-2.15348110100398,0.8889239430264557,1.1571359254511913,0.9066394304902572,-1.2355147441081968,-1.101118566767495,-0.9360382650586395,-2.3960449750994655,-2.0519461241892345,-1.9973042300254826
/multi_agv/path_reference,1789710644.6283445,1789710644.6278315,world,s_curve,1,1.9083448263803775,0.09086367507937895,0.0,0.983732934491381,-1.091648416994789,-2.154778323400539,0.8882362483312218,1.1566223467666734,0.9063402083762477,-1.2361488769678566,-1.102100743200183,-0.9366956308163278,-2.3973421974960245,-2.0532433465857935,-1.9986014524220417
/multi_agv/path_reference,1789710644.638465,1789710644.63784,world,s_curve,1,1.9092544575432313,0.09086367507937895,0.0,0.983230916271938,-1.0924069724913963,-2.156077796490331,0.8875465363347165,1.156106600061293,0.9060396124198048,-1.2367832151216485,-1.1030839549472662,-0.9373537474052742,-2.3986416705858162,-2.0545428196755853,-1.9999009255118336
/multi_agv/path_reference,1789710644.6483784,1789710644.647853,world,s_curve,1,1.9101641163286425,0.09086367507937895,0.0,0.9827278975169154,-1.0931648980287956,-2.157377309040918,0.8868559796858628,1.1555895604670676,0.9057381523978159,-1.237416675734985,-1.1040665255269266,-0.938011492824475,-2.3999411831364035,-2.0558423322261725,-2.001200438062421
/multi_agv/path_reference,1789710644.6584525,1789710644.6578012,world,s_curve,1,1.911068181581735,0.09086064682207323,-0.00030434685615913723,0.98222699625367,-1.0939175146589404,-2.15866883083105,0.8861688541187743,1.1550744353492015,0.9054376992930342,-1.238045351420588,-1.1050423876072726,-0.9386648049489604,-2.4012327049265356,-2.0571338540163047,-2.002491959852553
/multi_agv/path_reference,1789710644.66836,1789710644.6678574,world,s_curve,1,1.9119817623977873,0.09086064682207323,0.0,0.981719835641175,-1.0946773948477215,-2.1599739462825536,0.8854736719021005,1.1545526082894704,0.9051332267319545,-1.2386797419310633,-1.1060278441208857,-0.9393245984912153,-2.402537820378039,-2.058438969467808,-2.0037970753040564
/multi_agv/path_reference,1789710644.6783998,1789710644.6778343,world,s_curve,1,1.9128883973716932,0.09086064682207323,0.0,0.9812155506632011,-1.095430842603408,-2.1612691391024192,0.8847829568979212,1.154033477329626,0.9048302177620563,-1.2393084115976765,-1.1070051340598313,-0.9399789821527166,-2.4038330131979047,-2.0597341622876737,-2.005092268123922
/multi_agv/path_reference,1789710644.6883843,1789710644.6878538,world,s_curve,1,1.913798683217249,0.09086064682207323,0.0,0.980708253860221,-1.0961866667597928,-2.1625695474532134,0.8840886420921918,1.1535109831027401,0.904525136385731,-1.2399387123862649,-1.10798568224146,-0.9406356056516537,-2.405133421548699,-2.061034570638468,-2.006392676474716
/multi_agv/path_reference,1789710644.6984122,1789710644.6978457,world,s_curve,1,1.91470653598401,0.09086257346734819,0.00019282856675751896,0.9802013344929504,-1.096939813015909,-2.1638664799771576,0.8833953673325535,1.1529886158828209,0.9042200202634773,-1.240566428662662,-1.108962931991358,-0.9412900783937064,-2.406430354072643,-2.062331503162412,-2.0076896089986604
/multi_agv/path_reference,1789710644.7085638,1789710644.7078726,world,s_curve,1,1.9156177048712524,0.09086257346734819,0.0,0.9796915818864816,-1.0976950486752888,-2.165168149816075,0.8826987423565369,1.1524630667688731,0.9039129365340347,-1.2411955332734892,-1.1099430693943082,-0.9419465433580688,-2.4077320239115605,-2.0636331730013295,-2.008991278837578
/multi_agv/path_reference,1789710644.7185137,1789710644.7178607,world,s_curve,1,1.9165252874127199,0.09086257346734819,0.0,0.979182858857176,-1.0984466515163815,-2.1664646963038856,0.8820040458541145,1.1519383183985252,0.9036062123188885,-1.2418212598098866,-1.110918668139898,-0.9426000265993602,-2.409028570399371,-2.06492971948914,-2.0102878253253884
/multi_agv/path_reference,1789710644.7286022,1789710644.7278724,world,s_curve,1,1.9174349520700584,0.09086257346734819,0.0,0.9786719913963507,-1.0991993161874014,-2.1677642172429405,0.8813069421956996,1.1514110974247331,0.9032979345686196,-1.242447517551868,-1.1118958215536536,-0.9432546094566824,-2.410328091338426,-2.066229240428195,-2.0115873462644434
/multi_agv/path_reference,1789710644.738778,1789710644.737939,world,s_curve,1,1.9183496553207635,0.09086406187684291,0.0001478544351104292,0.9781573084170369,-1.099955479758246,-2.169070936172519,0.8806051572594029,1.150879676209008,0.9029870917826996,-1.2430763301068872,-1.1128776956802557,-0.9439124134875948,-2.4116348102680045,-2.0675359593577736,-2.012894065194022
/multi_agv/path_reference,1789710644.748387,1789710644.7478445,world,s_curve,1,1.9192497277310892,0.09086406187684291,0.0,0.9776498941699028,-1.1006988914960867,-2.1703567539015562,0.8799137963790082,1.1503555035688442,0.9026803825618562,-1.2436941892810442,-1.1138431861572828,-0.9445592990499331,-2.4129206279970417,-2.0688217770868107,-2.014179882923059
/multi_agv/path_reference,1789710644.7583966,1789710644.757857,world,s_curve,1,1.9201595027876701,0.09086406187684291,0.0,0.9771360389455226,-1.1014496533386748,-2.171656432553814,0.8792141758172116,1.149824419126023,0.9023695218933333,-1.2443178048682593,-1.1148183986289026,-0.9452127565188625,-2.4142203066492995,-2.0701214557390686,-2.015479561575317
/multi_agv/path_reference,1789710644.7684739,1789710644.7678838,world,s_curve,1,1.9210705253169567,0.09086406187684291,0.0,0.9766205017970793,-1.1022007747535192,-2.1729578933099383,0.8785127843587617,1.1492913368353603,0.902057384197116,-1.2449413638620248,-1.1157942558081548,-0.9458667045903776,-2.4155217674054232,-2.0714229164951927,-2.016781022331441
/multi_agv/path_reference,1789710644.7784796,1789710644.777871,world,s_curve,1,1.9219778592726746,0.09085837126145573,-0.0005698453610129023,0.9761060802274879,-1.1029481871163607,-2.17425408467525,0.8778134261378651,1.1487591504647796,0.9017456640798189,-1.2455614899741858,-1.1167654711344581,-0.9465176002404384,-2.4168179587707352,-2.0727191078605043,-2.0180772136967526
/multi_agv/path_reference,1789710644.7883158,1789710644.787856,world,s_curve,1,1.9228850888321238,0.09085837126145573,0.0,0.9755907496575322,-1.1036948461821614,-2.1755501269030337,0.8771133453092317,1.1482257671114184,0.9014331365519466,-1.2461806378696882,-1.1177358842027785,-0.9471680164740176,-2.4181140009985187,-2.074015150088288,-2.0193732559245365
/multi_agv/path_reference,1789710644.7982976,1789710644.7978032,world,s_curve,1,1.9237890185972457,0.09085837126145573,0.0,0.975076331503475,-1.1044381246408987,-2.176841455138922,0.8764150133872252,1.1476930734366475,0.9011209076865522,-1.2467966309113852,-1.1187020793651856,-0.9478156636461252,-2.419405329234407,-2.0753064783241766,-2.020664584160425
/multi_agv/path_reference,1789710644.8085198,1789710644.8078535,world,s_curve,1,1.9247020588221122,0.09085837126145573,0.0,0.97455575496149,-1.105188219565025,-2.178145798317303,0.8757088364781402,1.1471537449705256,0.9008046834358042,-1.247417916556708,-1.1196773135615743,-0.9484694285767931,-2.4207096724127886,-2.0766108215025576,-2.021968927338806
/multi_agv/path_reference,1789710644.8184521,1789710644.817855,world,s_curve,1,1.9256107744275266,0.09086083896244337,0.0002467409833288596,0.9740366731263501,-1.1059340868327814,-2.1794439634678953,0.8750052003488668,1.1466157084699058,0.9004891105602778,-1.2480353443906318,-1.1206472292533438,-0.9491196868543685,-2.4220078375633807,-2.0779089866531497,-2.023267092489398
/multi_agv/path_reference,1789710644.8286283,1789710644.8279653,world,s_curve,1,1.9265295210695625,0.09086083896244337,0.0,0.973510877452907,-1.1066875018431814,-2.1807564586708037,0.8742929828080563,1.1460704532270913,0.9001691963235734,-1.2486586587104949,-1.1216271406819733,-0.9497767061370759,-2.423320332766289,-2.079221481856058,-2.0245795876923065
/multi_agv/path_reference,1789710644.8384945,1789710644.8378608,world,s_curve,1,1.9274286377725056,0.09086083896244337,0.0,0.9729953590698722,-1.1074241506933056,-2.1820409111035795,0.873595191123067,1.1455356032479498,0.8998552828386,-1.2492677498162372,-1.1225854217142126,-0.9504192805494667,-2.424604785199065,-2.080505934288834,-2.0258640401250823
/multi_agv/path_reference,1789710644.8485522,1789710644.8478897,world,s_curve,1,1.9283398733124277,0.09086083896244337,0.0,0.972471927244154,-1.1081700523043083,-2.183342676160611,0.8728871965299632,1.1449922888223096,0.8995362963801894,-1.2498841356149732,-1.1235559172764975,-0.9510701040214541,-2.4259065502560966,-2.0818076993458656,-2.027165805182114
/multi_agv/path_reference,1789710644.8584242,1789710644.8578565,world,s_curve,1,1.9292453257904363,0.09086272215204454,0.00018897925362840702,0.9719508562091503,-1.1089105447419694,-2.184636179700623,0.8721829011877991,1.1444511717957253,0.8992184956439268,-1.2504956963323026,-1.1245195524789162,-0.9517163854146893,-2.4272000537961085,-2.0831012028858775,-2.028459308722126
/multi_agv/path_reference,1789710644.8683767,1789710644.8678496,world,s_curve,1,1.9301534952455626,0.09086272215204454,0.0,0.9714272599111377,-1.109652581506078,-2.185933564636518,0.8714756984635801,1.1439071794349844,0.8988989018348483,-1.2511081765322032,-1.1254853753545215,-0.9523641926315092,-2.4284974387320033,-2.0843985878217723,-2.0297566936580207
/multi_agv/path_reference,1789710644.8783114,1789710644.877832,world,s_curve,1,1.9310605251004276,0.09086272215204454,0.0,0.9709033597856735,-1.110393008207694,-2.187229321572039,0.8707685902297096,1.1433626190671555,0.8985788700601556,-1.2517189715901313,-1.1264492807540407,-0.95301077227891,-2.4297931956675245,-2.0856943447572935,-2.031052450593542
/multi_agv/path_reference,1789710644.8882868,1789710644.8878193,world,s_curve,1,1.9319678830605822,0.09086272215204454,0.0,0.9703783103974716,-1.1111330227287297,-2.188525547229403,0.870060434676275,1.1428166122492598,0.8982578842668799,-1.252329070162029,-1.1274128278403264,-0.9536571701838337,-2.4310894213248884,-2.0869905704146574,-2.0323486762509058
/multi_agv/path_reference,1789710644.8983307,1789710644.8978188,world,s_curve,1,1.932876505023127,0.09086276868991383,4.653816248474001e-06,0.9698515689188341,-1.111873385590843,-2.189823578604467,0.8693505008615536,1.142268593809369,0.8979356120855797,-1.2529390983609767,-1.1283770072508497,-0.9543040511607024,-2.4323874526999525,-2.0882886017897215,-2.03364670762597
/multi_agv/path_reference,1789710644.9083548,1789710644.9078398,world,s_curve,1,1.9337871002524192,0.09086276868991383,0.0,0.9693227199066065,-1.1126146697971235,-2.1911244289320275,0.8686382315569398,1.141718130178532,0.8976117979843478,-1.253549526400328,-1.1293425661733711,-0.9549519168176716,-2.433688303027513,-2.089589452117282,-2.0349475579535303
/multi_agv/path_reference,1789710644.9183478,1789710644.917842,world,s_curve,1,1.9346959332891756,0.09086276868991383,0.0,0.9687939332952672,-1.1133538328979293,-2.1924227618416796,0.8679265494948782,1.1411674798941973,0.897287770496726,-1.254157848768447,-1.1303055417470822,-0.9555981081782585,-2.434986635937165,-2.090887785026934,-2.0362458908631824
/multi_agv/path_reference,1789710644.928356,1789710644.9278572,world,s_curve,1,1.9356059509947101,0.09086276868991383,0.0,0.9682634963624981,-1.11409327103949,-2.1937227871353002,0.8672131490678389,1.1406148596560675,0.8969624803635879,-1.2547660378126957,-1.131269055471302,-0.9562447198344721,-2.4362866612307856,-2.0921878103205547,-2.037545916156803
/multi_agv/path_reference,1789710644.9383895,1789710644.9378045,world,s_curve,1,1.936509804367387,0.09086419155720162,0.00014304055249004047,0.9677357015490838,-1.1148270172067332,-2.195014006239124,0.8665037991789734,1.140064743471727,0.8966385619965513,-1.2553691886092286,-1.1322253306314272,-0.9568865323795435,-2.4375778803346093,-2.093479029424379,-2.0388371352606267
/multi_agv/path_reference,1789710644.9483736,1789710644.9478202,world,s_curve,1,1.9374197518196632,0.09086419155720162,0.0,0.9672033916080844,-1.1155650215248252,-2.1963139311709474,0.8657888805479148,1.1395096714345019,0.896311622841837,-1.255975480346192,-1.1331873350046267,-0.957532249223657,-2.4388778052664324,-2.094778954356202,-2.04013706019245
/multi_agv/path_reference,1789710644.9582396,1789710644.9578016,world,s_curve,1,1.9383268304168195,0.09086419155720162,0.0,0.9666718056835979,-1.1163000098711524,-2.197609757738314,0.865075432217384,1.1389551053889746,0.8959848794444348,-1.2565789352252967,-1.1341455875481927,-0.9581755068399678,-2.440173631833799,-2.0960747809235682,-2.0414328867598166
/multi_agv/path_reference,1789710644.9684186,1789710644.9678793,world,s_curve,1,1.9392423544771242,0.09086419155720162,0.0,0.9661343048317536,-1.1170411421253592,-2.1989176492530347,0.8643545486960421,1.138394117111985,0.895654248687234,-1.2571870705034434,-1.1351120323408284,-0.9588243235318059,-2.44148152334852,-2.097382672438289,-2.0427407782745375
/multi_agv/path_reference,1789710644.9783502,1789710644.9778738,world,s_curve,1,1.9401505411344608,0.09086310687922489,-0.00010852087523294962,0.9656001547814599,-1.1177756396485798,-2.2002150587635154,0.8636386576978924,1.1378363767434494,0.8953254299030378,-1.2577894000883225,-1.1360700061109708,-0.959467512746446,-2.442778932859001,-2.09868008194877,-2.0440381877850182
/multi_agv/path_reference,1789710644.988373,1789710644.9878204,world,s_curve,1,1.9410543377407885,0.09086310687922489,0.0,0.9650676406732855,-1.1185058977645708,-2.201506196772555,0.8629254515388534,1.1372800985278586,0.8949973719531445,-1.2583878951724783,-1.13702262964919,-0.9601071684720438,-2.4440700708680403,-2.0999712199578093,-2.0453293257940577
/multi_agv/path_reference,1789710644.9983077,1789710644.9978008,world,s_curve,1,1.9419612993817181,0.09086310687922489,0.0,0.9645323142059796,-1.119238021302623,-2.202801856259597,0.862208971419994,1.1367206361385385,0.8946673350594063,-1.2589875598388973,-1.1379778662872926,-0.960748637781679,-2.4453657303550824,-2.1012668794448515,-2.0466249852811
/multi_agv/path_reference,1789710645.0085924,1789710645.0078027,world,s_curve,1,1.9428700947310076,0.09086310687922489,0.0,0.9639949545330759,-1.1199709288347242,-2.2041001353300107,0.8614902641315227,1.1361588018097977,0.8943357976579075,-1.259587505378062,-1.1389343064578594,-0.9613909746682513,-2.446664009425496,-2.102565158515265,-2.0479232643515135
/multi_agv/path_reference,1789710645.0187979,1789710645.017819,world,s_curve,1,1.9437801063494817,0.09086445627295109,0.00013473666131326724,0.9634559227992465,-1.1207041176347143,-2.2054001519278312,0.8607698152006439,1.1355949718951064,0.8940029813019895,-1.260187318437708,-1.1398912950293496,-0.9620337394370854,-2.4479640260233166,-2.1038651751130857,-2.049223280949334
/multi_agv/path_reference,1789710645.028596,1789710645.027937,world,s_curve,1,1.944699570233884,0.09086445627295109,0.0,0.9629103247046765,-1.121444209811153,-2.2067136717626914,0.8600410917917956,1.1350240225710142,0.8936658597512198,-1.2607924100862749,-1.1408574786439654,-0.9626827407032189,-2.449277545858177,-2.105178694947946,-2.050536800784194
/multi_agv/path_reference,1789710645.0386002,1789710645.0378003,world,s_curve,1,1.9455958162506908,0.09086445627295109,0.0,0.9623775685095984,-1.122164923101454,-2.2079940232152726,0.8593300052915737,1.134466269502818,0.8933364307344037,-1.2613813004240493,-1.141798541985049,-0.9633149268952641,-2.450557897310758,-2.106459046400527,-2.0518171522367754
/multi_agv/path_reference,1789710645.048618,1789710645.0478206,world,s_curve,1,1.9465061476211865,0.09086445627295109,0.0,0.9618354955101157,-1.122896264299376,-2.209294496601695,0.8586069722880667,1.1338985179908403,0.8930009962514402,-1.2619785133227324,-1.142753663293144,-0.9639566162822516,-2.4518583706971806,-2.1077595197869496,-2.053117625623198
/multi_agv/path_reference,1789710645.0586743,1789710645.0578008,world,s_curve,1,1.947413161110006,0.09086548830002464,0.00010338947009375419,0.9612944528801525,-1.1236242383538502,-2.210590230157152,0.8578858028279881,1.1333316010294032,0.8926659547830661,-1.262572613998868,-1.1437045684475706,-0.9645955326151119,-2.4531541042526372,-2.1090552533424063,-2.0544133591786546
/multi_agv/path_reference,1789710645.068578,1789710645.0678523,world,s_curve,1,1.948326459128593,0.09086548830002464,0.0,0.9607487087346721,-1.1243565473583723,-2.2118949416122757,0.8571588592113777,1.132759511427672,0.8923277555649667,-1.2631698863274397,-1.144661319135219,-0.9652384366124583,-2.454458815707761,-2.11035996479753,-2.0557180706337785
/multi_agv/path_reference,1789710645.0782964,1789710645.0778015,world,s_curve,1,1.9492305293025156,0.09086548830002464,0.0,0.9602075385092912,-1.1250807555823958,-2.213186470432165,0.8564384940043157,1.1321919735506452,0.8919921479729126,-1.263760189539001,-1.14560766727184,-0.9658744099363464,-2.4557503445276505,-2.1116514936174196,-2.057009599453668
/multi_agv/path_reference,1789710645.0883625,1789710645.0878313,world,s_curve,1,1.9501418373669088,0.09086548830002464,0.0,0.9596610893055937,-1.1258100535588016,-2.2144883390955843,0.855711590379382,1.1316186552664886,0.8916530222709104,-1.2643542763650577,-1.146560848936436,-0.966515035374911,-2.4570522131910697,-2.1129533622808387,-2.058311468117087
/multi_agv/path_reference,1789710645.0984442,1789710645.0978453,world,s_curve,1,1.9510516354549938,0.09085938378122693,-0.0006096438578014714,0.9591145984664742,-1.1265374325568598,-2.215788050649991,0.854985119862121,1.1310450491467976,0.8913136263905042,-1.2649464340184178,-1.1475117055802786,-0.9671541580718827,-2.4583519247454766,-2.1142530738352456,-2.059611179671494
/multi_agv/path_reference,1789710645.1084173,1789710645.10787,world,s_curve,1,1.9519625149514646,0.09085938378122693,0.0,0.9585665115331968,-1.1272649640354633,-2.2170893070735205,0.8542570155370045,1.1304695237515534,0.8909729953110329,-1.2655383492005785,-1.1484629448415593,-0.9677935980642519,-2.459653181169006,-2.115554330258775,-2.0609124360950233
/multi_agv/path_reference,1789710645.1186473,1789710645.1178348,world,s_curve,1,1.9528678107753643,0.09085938378122693,0.0,0.9580208467037532,-1.1279873284217024,-2.2183825868219493,0.8535326118212156,1.1298963002503617,0.8906336280396825,-1.266125696629567,-1.149407610122643,-0.968428678512897,-2.4609464609174347,-2.116847610007204,-2.062205715843452
/multi_agv/path_reference,1789710645.1286547,1789710645.1278477,world,s_curve,1,1.9537775994140734,0.09085938378122693,0.0,0.9574715333041989,-1.128712566339295,-2.2196822848772477,0.8528038485552221,1.129319001792895,0.8902917495644798,-1.266715014757027,-1.1503562160783438,-0.969066468182514,-2.462246158972733,-2.118147308062502,-2.0635054138987505
/multi_agv/path_reference,1789710645.1384895,1789710645.1378484,world,s_curve,1,1.954686209261002,0.09086161163797918,0.00022278721245636753,0.9569219913841652,-1.1294361514506177,-2.2209802989442884,0.8520752657403226,1.1287412213511583,0.8899494870610151,-1.2673026235232894,-1.1513028433254668,-0.9697029875030967,-2.463544173039774,-2.119445322129543,-2.064803427965791
/multi_agv/path_reference,1789710645.148742,1789710645.1478727,world,s_curve,1,1.9555971783296768,0.09086161163797918,0.0,0.9563700802096563,-1.130160898702752,-2.22228168332811,0.851344026126913,1.1281607077167337,0.8896055067853225,-1.2678908081770874,-1.1522511748604785,-0.9703407130706901,-2.4648455574235952,-2.1207467065133643,-2.0661048123496126
/multi_agv/path_reference,1789710645.1588297,1789710645.1578088,world,s_curve,1,1.9565000524465093,0.09086161163797918,0.0,0.955822143321379,-1.1308784965856813,-2.2235715034950134,0.8506185298356199,1.127584135454154,0.8892637646743633,-1.268472826808765,-1.153190333322726,-0.9709723296255529,-2.466135377590499,-2.122036526680268,-2.0673946325165162
/multi_agv/path_reference,1789710645.1687608,1789710645.1678321,world,s_curve,1,1.9574105642086927,0.09086161163797918,0.0,0.9552686343962813,-1.1316014484648969,-2.224872234583847,0.8498861367350774,1.127001459535393,0.8889183069183735,-1.269058820717848,-1.154136682427278,-0.9716088422495646,-2.4674361086793324,-2.1233372577691014,-2.06869536360535
/multi_agv/path_reference,1789710645.1784601,1789710645.177835,world,s_curve,1,1.9583195158839868,0.09086331993577226,0.00017076992444997035,0.9547151364670193,-1.1323224429672163,-2.226170736977124,0.8491542389722782,1.1264185547790562,0.8885726156497236,-1.2696428599491958,-1.1550806533529576,-0.9722438155994956,-2.4687346110726094,-2.1246357601623784,-2.069993865998627
/multi_agv/path_reference,1789710645.1884131,1789710645.1878715,world,s_curve,1,1.9592314494208511,0.09086331993577226,0.0,0.9541588823499043,-1.1330450798150908,-2.2274734991726444,0.8484191786362515,1.1258325064276147,0.8882249619858468,-1.2702278595600316,-1.1560269595472836,-0.9728804203379573,-2.4700373732681293,-2.125938522357899,-2.071296628194147
/multi_agv/path_reference,1789710645.1982882,1789710645.1978357,world,s_curve,1,1.9601370311573354,0.09086331993577226,0.0,0.9536055716290689,-1.1337619657283564,-2.228767187367622,0.8476884847067221,1.1252493206695942,0.8878789095108903,-1.2708078365084863,-1.1569659183078884,-0.9735121423686947,-2.471331061463107,-2.1272322105528763,-2.0725903163891246
/multi_agv/path_reference,1789710645.20842,1789710645.2078292,world,s_curve,1,1.961045054300363,0.09086331993577226,0.0,0.9530498378871627,-1.1344800645516466,-2.230064363286233,0.8469550675228444,1.1246633429181512,0.8875311032204927,-1.2713884269746285,-1.1579066496843318,-0.9741451169959796,-2.4726282373817186,-2.1285293864714876,-2.073887492307736
/multi_agv/path_reference,1789710645.2183597,1789710645.2178466,world,s_curve,1,1.9619551666027004,0.09086157213827784,-0.000174492343104472,0.952491891413678,-1.1351990916841943,-2.2313645237181436,0.8462192079360865,1.1240747930850177,0.8871816732199297,-1.2719693982074731,-1.1588487820424918,-0.9747790948026178,-2.4739283978136286,-2.129829546903398,-2.0751876527396464
/multi_agv/path_reference,1789710645.2284732,1789710645.227871,world,s_curve,1,1.9628660492294465,0.09086157213827784,0.0,0.9519325371866451,-1.135918000502646,-2.2326657846134954,0.8454819698824438,1.123484519180499,0.8868311224969924,-1.2725499027825078,-1.1597909448954185,-0.9754131538300115,-2.475229658708981,-2.13113080779875,-2.076488913634998
/multi_agv/path_reference,1789710645.238282,1789710645.2378027,world,s_curve,1,1.9637685113508563,0.09086157213827784,0.0,0.9513774316650535,-1.136629545037522,-2.233955016215509,0.8447508027100833,1.12289849334328,0.8864829989417976,-1.2731240943708162,-1.1607236397657763,-0.9760409009759731,-2.4765188903109943,-2.1324200394007633,-2.0777781452370117
/multi_agv/path_reference,1789710645.2483573,1789710645.247852,world,s_curve,1,1.9646814062888405,0.09086157213827784,0.0,0.9508149762490029,-1.1373485867273507,-2.2352591518412006,0.8440104306136513,1.122304470109938,0.8861300280234196,-1.2737039644417119,-1.161666347630039,-0.9766754481103013,-2.477823025936686,-2.133724175026455,-2.0790822808627034
/multi_agv/path_reference,1789710645.2583375,1789710645.2578437,world,s_curve,1,1.965589366372525,0.09086328354358116,0.00017126733666808361,0.9502546316779501,-1.1380630133203424,-2.236556237675036,0.8432733113090536,1.1217124390648956,0.8857781446599011,-1.2742797417061305,-1.1626031902973142,-0.9773061079575823,-2.4791201117705213,-2.1350212608602903,-2.0803793666965387
/multi_agv/path_reference,1789710645.268669,1789710645.2679348,world,s_curve,1,1.966506384344356,0.09086328354358116,0.0,0.9496877569346761,-1.1387838287356309,-2.2378662633490802,0.8425280810043078,1.1211132689438144,0.8854219208559065,-1.2748602919998502,-1.1635485987205278,-0.9779425954865143,-2.480430137444565,-2.1363312865343347,-2.081689392370583
/multi_agv/path_reference,1789710645.2783139,1789710645.2778032,world,s_curve,1,1.9674030623884393,0.09086328354358116,0.0,0.9491325434661522,-1.1394879376809226,-2.2391472319834844,0.8417986458202389,1.1205261919459941,0.8850727926322236,-1.2754270211563403,-1.1644722779917733,-0.978564513894654,-2.48171110607897,-2.137612255168739,-2.0829703610049872
/multi_agv/path_reference,1789710645.288326,1789710645.2878525,world,s_curve,1,1.9683158482211127,0.09086328354358116,0.0,0.948566430074399,-1.140203963856586,-2.240451211744447,0.8410553619184377,1.1199273537736603,0.8847165745310993,-1.27600297056858,-1.1654117767116516,-0.9791971442895262,-2.4830150858399325,-2.1389162349297015,-2.08427434076595
/multi_agv/path_reference,1789710645.2985437,1789710645.2978132,world,s_curve,1,1.9692212114227383,0.09086259866812578,-6.873436376440713e-05,0.9480039986886469,-1.1409134378504981,-2.241744587746769,0.8403173813286337,1.1193321758886827,0.8843624388486243,-1.2765732787819914,-1.1663428636661373,-0.9798241711033657,-2.4843084618422546,-2.1402096109320237,-2.085567716768272
/multi_agv/path_reference,1789710645.3083935,1789710645.307833,world,s_curve,1,1.9701316531167288,0.09086259866812578,0.0,0.9474374870535989,-1.1416261569594628,-2.243045218738184,0.8395745174334606,1.118732445050788,0.884005498676548,-1.2771458226346892,-1.1672783959405184,-0.9804542523031806,-2.4856090928336694,-2.1415102419234384,-2.0868683477596868
/multi_agv/path_reference,1789710645.3184047,1789710645.3178003,world,s_curve,1,1.971037320253747,0.09086259866812578,0.0,0.9468730267938038,-1.1423344065360177,-2.2443390289339242,0.8388348107757261,1.1181346523027813,0.8836496173029043,-1.2777144046141355,-1.168208247148165,-0.9810805678457526,-2.4869029030294096,-2.1428040521191787,-2.088162157955427
/multi_agv/path_reference,1789710645.3283863,1789710645.327836,world,s_curve,1,1.9719491767692614,0.09086259866812578,0.0,0.9463037839710106,-1.1430467581304697,-2.245641681098945,0.8380893066203668,1.1175315595678958,0.8832904857247692,-1.2782859051690658,-1.1691436710540848,-0.9817106981682584,-2.4882055551944298,-2.1441067042841992,-2.0894648101204476
/multi_agv/path_reference,1789710645.338283,1789710645.3378367,world,s_curve,1,1.9728579091026046,0.0908640651501505,0.0001466334071609505,0.9457355687364399,-1.143755930734692,-2.2469398701465777,0.8373456166422483,1.1169293213316867,0.882931768235385,-1.2788544810045555,-1.1700751076283085,-0.9823382035712119,-2.489503744242063,-2.145404893331832,-2.0907629991680805
/multi_agv/path_reference,1789710645.3486328,1789710645.3479736,world,s_curve,1,1.9737789499730771,0.0908640651501505,0.0,0.9451587184941943,-1.1444739557748165,-2.2482556428186817,0.8365911012962651,1.1163176928554925,0.8825673613308255,-1.2794297726037471,-1.171018361882102,-0.9829737328386001,-2.490819516914167,-2.146720666003936,-2.0920787718401845
/multi_agv/path_reference,1789710645.358324,1789710645.3578002,world,s_curve,1,1.9746718635995903,0.0908640651501505,0.0,0.944598582667102,-1.145169327969383,-2.2495312337137006,0.8358589054315979,1.1157235579857239,0.8822132845839842,-1.2799865471764205,-1.1719320412511314,-0.9835893954805974,-2.492095107809186,-2.147996256898955,-2.0933543627352034
/multi_agv/path_reference,1789710645.3685257,1789710645.3678458,world,s_curve,1,1.97558459104415,0.0908640651501505,0.0,0.9440251013451721,-1.1458793916570356,-2.2508351300630713,0.8351097289161562,1.1151150354008608,0.8818505397184996,-1.280554711031629,-1.17286521135591,-0.9842182525835678,-2.4933990041585568,-2.149300153248326,-2.0946582590845737
/multi_agv/path_reference,1789710645.378482,1789710645.3778493,world,s_curve,1,1.9764934971930368,0.09086519080827545,0.00011253432539055829,0.9434531015140497,-1.1465857389242553,-2.2521335674186242,0.8343629534809778,1.1145078519595923,0.8814884991015791,-1.2811195250232217,-1.1737936853740174,-0.9848440063755266,-2.494697441514109,-2.1505985906038787,-2.095956696440127
/multi_agv/path_reference,1789710645.3884141,1789710645.3878596,world,s_curve,1,1.9774030547544763,0.09086519080827545,0.0,0.9428797741255581,-1.147291848366496,-2.2534329353635374,0.8336149093440589,1.113899027046858,0.8811253859857575,-1.2816837726933716,-1.174722034844908,-0.9854697375612081,-2.495996809459023,-2.151897958548792,-2.09725606438504
/multi_agv/path_reference,1789710645.3983703,1789710645.3978322,world,s_curve,1,1.9783093301743586,0.09086519080827545,0.0,0.9423076036959513,-1.147994668414422,-2.254727614534798,0.8328688361123997,1.113291200005359,0.8807627749700955,-1.282245017202771,-1.1756462469064641,-0.9860927411340308,-2.497291488630283,-2.1531926377200525,-2.098550743556301
/multi_agv/path_reference,1789710645.4085212,1789710645.4078574,world,s_curve,1,1.979220115778852,0.09086519080827545,0.0,0.9417316694620946,-1.1487002391463064,-2.256028736826931,0.8321183184417766,1.1126791429657772,0.8803975469787303,-1.2828080811172238,-1.176574264738384,-0.9867183715833113,-2.4985926109224166,-2.1544937600121856,-2.099851865848434
/multi_agv/path_reference,1789710645.418594,1789710645.4178085,world,s_curve,1,1.9801244517152017,0.09086065689448929,-0.00045553247234238973,0.9411589055112595,-1.1494000711460888,-2.257320645307431,0.8313723909546294,1.1120702256769117,0.8800340999022372,-1.283366190823815,-1.1774949219062172,-0.9873391007082338,-2.4998845194029164,-2.1557856684926855,-2.101143774328934
/multi_agv/path_reference,1789710645.4285889,1789710645.4278061,world,s_curve,1,1.981032849486357,0.09086065689448929,0.0,0.9405826591069865,-1.1501023007916042,-2.2586183564090816,0.830622387721603,1.1114573763712066,0.8796682132281499,-1.283925836527486,-1.1784189213504364,-0.9879621444968901,-2.501182230504567,-2.157083379594336,-2.1024414854305844
/multi_agv/path_reference,1789710645.438511,1789710645.4378042,world,s_curve,1,1.9819412821480045,0.09086065689448929,0.0,0.9400054797821508,-1.150803809030929,-2.259916117354292,0.8298716300839111,1.1108433049602573,0.879301504302284,-1.2844845299694605,-1.1793421602169158,-0.9885847369064105,-2.5024799914497775,-2.1583811405395465,-2.103739246375795
/multi_agv/path_reference,1789710645.4485245,1789710645.4478054,world,s_curve,1,1.9828499926615408,0.09086065689448929,0.0,0.9394272136733678,-1.1515047819165114,-2.2612142752307727,0.8291199181425823,1.1102278476273897,0.8789338752501314,-1.2850424191304592,-1.1802648834619553,-0.9892070431571196,-2.5037781493262576,-2.159679298416027,-2.1050374042522755
/multi_agv/path_reference,1789710645.4585052,1789710645.4578066,world,s_curve,1,1.9837587264507266,0.09086258444355504,0.00019273201001220947,0.9388480232963046,-1.1522050215097308,-2.2625124663581806,0.8283674633888469,1.1096111772270125,0.8785654292730543,-1.285599346286067,-1.1811868306257494,-0.9898288876173756,-2.505076340453666,-2.160977489543435,-2.1063355953796834
/multi_agv/path_reference,1789710645.4685,1789710645.4678085,world,s_curve,1,1.9846675216630196,0.09086258444355504,0.0,0.9382678851853852,-1.1529045559200513,-2.2638107452328855,0.8276142354017433,1.1089932687431157,0.8781961514112968,-1.2861553337397664,-1.182108038744294,-0.9904502952760933,-2.506374619328371,-2.16227576841814,-2.1076338742543883
/multi_agv/path_reference,1789710645.478874,1789710645.4778292,world,s_curve,1,1.985577864810301,0.09086258444355504,0.0,0.937685848957209,-1.1536045261731753,-2.2651112354432876,0.826859001463182,1.1083731093103741,0.8778254360980707,-1.2867112873633406,-1.1830300109292637,-0.9910722802269216,-2.507675109538773,-2.163576258628542,-2.1089343644647904
/multi_agv/path_reference,1789710645.488933,1789710645.487844,world,s_curve,1,1.98648797371384,0.09086258444355504,0.0,0.9371030530776503,-1.1543035591193092,-2.2664113910197714,0.82610323980564,1.1077519114682595,0.8774540079590515,-1.287266115704157,-1.1839509389357752,-0.9916936227179951,-2.5089752651152564,-2.164876414205026,-2.110234520041274
/multi_agv/path_reference,1789710645.4987662,1789710645.4978411,world,s_curve,1,1.9873963604503526,0.09086406106994308,0.0001477039072755843,0.9365204543071657,-1.1550005132194683,-2.2677090863576463,0.8253481896563529,1.1071306957545612,0.8770824775105831,-1.2878189139492227,-1.1848693182384415,-0.9923133074707404,-2.5102729604531318,-2.166174109542901,-2.111532215379149
/multi_agv/path_reference,1789710645.508476,1789710645.5078378,world,s_curve,1,1.9883046917597882,0.09086406106994308,0.0,0.9359369872956188,-1.155696668300517,-2.2690067025139835,0.8245924689868708,1.10650832687253,0.8767101660274557,-1.2883706983237015,-1.185786834716442,-0.9929324718614074,-2.511570576609469,-2.167471725699238,-2.1128298315354863
/multi_agv/path_reference,1789710645.5185945,1789710645.5179393,world,s_curve,1,1.9892225627961315,0.09086406106994308,0.0,0.9353464750082214,-1.1563993647896582,-2.2703179468516166,0.8238280843994441,1.1058782123992135,0.876333128226007,-1.2889272809282142,-1.1867131659767374,-0.9935576474640229,-2.512881820947102,-2.168782970036871,-2.1141410758731194
/multi_agv/path_reference,1789710645.5288382,1789710645.527854,world,s_curve,1,1.9901234086333521,0.09086406106994308,0.0,0.9347660206922385,-1.1570882739974515,-2.271604869476217,0.8230771693035536,1.1052586053626727,0.8759622874104892,-1.2894725648913345,-1.1876215111726158,-0.9941707459284039,-2.5141687435717026,-2.1700698926614717,-2.1154279984977196
/multi_agv/path_reference,1789710645.5387917,1789710645.5378737,world,s_curve,1,1.9910337456650051,0.09086000609166298,-0.0004047241169156077,0.9341785502224493,-1.1577836816768239,-2.272905350950007,0.8223176300115517,1.1046312828218476,0.8755867378339489,-1.2900226113820026,-1.188538615417576,-0.994789818230893,-2.5154692250454924,-2.1713703741352615,-2.11672847997151
/multi_agv/path_reference,1789710645.54866,1789710645.5478418,world,s_curve,1,1.9919395525984744,0.09086000609166298,0.0,0.9335931059687591,-1.1584748698641294,-2.2741993608549635,0.8215611609741539,1.1040058986821162,0.8752122582500071,-1.290568939756482,-1.189450345318662,-0.995405324517244,-2.516763234950449,-2.172664384040218,-2.1180224898764664
/multi_agv/path_reference,1789710645.5584195,1789710645.5578113,world,s_curve,1,1.9928453670733244,0.09086000609166298,0.0,0.9330067630369737,-1.1591653057497797,-2.275493381533321,0.820803979430289,1.1033793301785597,0.8748369795020725,-1.2911142934340796,-1.190361272886347,-0.9960203509289128,-2.5180572556288063,-2.1739584047185754,-2.1193165105548237
/multi_agv/path_reference,1789710645.568484,1789710645.5678582,world,s_curve,1,1.993758260360389,0.09086000609166298,0.0,0.9324149346202951,-1.1598603691697755,-2.2767975148005557,0.8200401674131614,1.102746673193159,0.874457963254565,-1.2916629173057752,-1.191278498247516,-0.9966396919560354,-2.519361388896041,-2.17526253798581,-2.1206206438220585
/multi_agv/path_reference,1789710645.5784018,1789710645.5778403,world,s_curve,1,1.9946652566796466,0.09086208424618217,0.00020818767065553385,0.9318260320260523,-1.1605501777951612,-2.278093223828067,0.8192805814460786,1.1021169188751216,0.8740805957569566,-1.2922070103324463,-1.192188980809142,-0.9972545422438955,-2.5206570979235523,-2.1765582470133213,-2.1219163528495697
/multi_agv/path_reference,1789710645.5884137,1789710645.5878773,world,s_curve,1,1.995577084681096,0.09086208424618217,0.0,0.9312330918702117,-1.1612428914122954,-2.279395835258709,0.8185162391271044,1.101482621190005,0.873700415293526,-1.2927530093032342,-1.1931034903769866,-0.9978721745566653,-2.5219597093541943,-2.1778608584439634,-2.1232189642802117
/multi_agv/path_reference,1789710645.5983884,1789710645.5978236,world,s_curve,1,1.9964808332260144,0.09086208424618217,0.0,0.9306445158735391,-1.1619287045155664,-2.280686904608592,0.8177579684367896,1.1008527690709164,0.8733228101129114,-1.293293187568675,-1.1940090808147543,-0.9984838451632698,-2.523250778704077,-2.1791519277938463,-2.1245100336300946
/multi_agv/path_reference,1789710645.6083784,1789710645.6078303,world,s_curve,1,1.9973900550303014,0.09086208424618217,0.0,0.9300514823540357,-1.1626179036275592,-2.2819857929004304,0.816994402402306,1.1002179231578864,0.8729421215019147,-1.2938356488939224,-1.194919334310264,-0.9990987276784914,-2.5245496669959158,-2.180450816085685,-2.125808921921933
/multi_agv/path_reference,1789710645.6185997,1789710645.617877,world,s_curve,1,1.9983029126904088,0.09086214850198877,6.395762337437675e-06,0.929455177233537,-1.163309083192723,-2.2832898752720125,0.8162270747160326,1.0995793496278696,0.8725591073567087,-1.2943792811794719,-1.1958323974018161,-0.999715570996881,-2.525853749367498,-2.181754898457267,-2.1271130042935154
/multi_agv/path_reference,1789710645.62876,1789710645.627842,world,s_curve,1,1.9992084590368748,0.09086214850198877,0.0,0.9288627583223956,-1.1639939582939904,-2.2845835129098213,0.8154651932543804,1.098944714993856,0.8721783667189504,-1.2949175705136555,-1.1967373242603578,-1.0003269801079577,-2.5271473870053067,-2.1830485360950758,-2.128406641931324
/multi_agv/path_reference,1789710645.6387522,1789710645.6378095,world,s_curve,1,2.000114184200049,0.09086214850198877,0.0,0.928269335852939,-1.1646782007428864,-2.2858774060000697,0.8147024645977723,1.0983087837491181,0.8717967592119268,-1.2954549790841208,-1.1976416071075602,-1.000938016036978,-2.528441280095555,-2.184342429185324,-2.1297005350215725
/multi_agv/path_reference,1789710645.6486938,1789710645.6478558,world,s_curve,1,2.0010270112396125,0.09086214850198877,0.0,0.9276703653382646,-1.16536703120616,-2.2871814446280174,0.8139330527220054,1.0976666831139748,0.8714113601788138,-1.2959956028083608,-1.1985521474889123,-1.0015533433212067,-2.529745318723503,-2.185646467813272,-2.1310045736495202
/multi_agv/path_reference,1789710645.6585693,1789710645.6578076,world,s_curve,1,2.0019312526075823,0.09086222903427534,8.092245417437604e-06,0.9270761431935601,-1.1660486119999856,-2.288473218010832,0.813170183007889,1.0970294514966943,0.871028795076097,-1.2965301518214496,-1.1994532972525036,-1.0021623869260035,-2.531037092106317,-2.1869382411960863,-2.132296347032334
/multi_agv/path_reference,1789710645.668415,1789710645.667872,world,s_curve,1,2.0028455053576715,0.09086222903427534,0.0,0.926474447703132,-1.16673695821114,-2.289779293368102,0.8123981659944223,1.096383982026498,0.8706411950884758,-1.2970696170174234,-1.200363586737011,-1.0027776708789855,-2.5323431674635875,-2.1882443165533565,-2.133602422389605
/multi_agv/path_reference,1789710645.6785374,1789710645.6778145,world,s_curve,1,2.0037490608066744,0.09086222903427534,0.0,0.92587890953179,-1.167416477614669,-2.2910700868666773,0.8116344903551207,1.0957448972865456,0.8702573409537039,-1.297601778962346,-1.2012623961884241,-1.0033852576932367,-2.5336339609621623,-2.189535110051932,-2.13489321588818
/multi_agv/path_reference,1789710645.6883786,1789710645.6878512,world,s_curve,1,2.004660858459335,0.09086222903427534,0.0,0.9252770503328246,-1.1681014158188388,-2.2923726549419072,0.8108631529050102,1.0950988073826393,0.8698691907108244,-1.2981377956337874,-1.2021685676298388,-1.0039978841928903,-2.5349365290373926,-2.1908376781271617,-2.13619578396341
/multi_agv/path_reference,1789710645.6983173,1789710645.6978226,world,s_curve,1,2.0055670210735217,0.09086378345116877,0.00015586628468985074,0.9246780273793925,-1.168781343805615,-2.2936671729621736,0.8100958914277027,1.0944555416079365,0.8694826491025385,-1.2986695038539753,-1.2030683043354804,-1.004606223227389,-2.536231047057659,-2.192132196147428,-2.1374903019836764
/multi_agv/path_reference,1789710645.7084007,1789710645.7078247,world,s_curve,1,2.0064758551738056,0.09086378345116877,0.0,0.9240763549023093,-1.1694624968969045,-2.294965507391151,0.8093256773018425,1.0938092101074335,0.8690941772976521,-1.2992017815805874,-1.2039698564585453,-1.0052158526515806,-2.537529381486636,-2.1934305305764052,-2.1387886364126536
/multi_agv/path_reference,1789710645.7182834,1789710645.7178211,world,s_curve,1,2.007384239680089,0.09086378345116877,0.0,0.9234740969412583,-1.1701425319269116,-2.2962631995429845,0.8085551543568659,1.0931620293138054,0.8687051071531036,-1.2997327963578678,-1.2048701233655628,-1.0058246760573044,-2.53882707363847,-2.194728222728239,-2.1400863285644873
/multi_agv/path_reference,1789710645.7284849,1789710645.7278824,world,s_curve,1,2.008298351603235,0.09086378345116877,0.0,0.9228671512362691,-1.1708260649540285,-2.2975690737189067,0.8077790781062486,1.0925095890718342,0.8683127865307246,-1.3002661492525913,-1.205775217807946,-1.006436827801548,-2.540132947814392,-2.196034096904161,-2.1413922027404095
/multi_agv/path_reference,1789710645.7383926,1789710645.7378242,world,s_curve,1,2.00920162569361,0.09086165741074458,-0.0002138615052985383,0.9222665254293285,-1.1715007149435697,-2.2988594652765855,0.8070115197708163,1.0918637239489466,0.8679243325682228,-1.3007921828393916,-1.2066687438092496,-1.0070412181820678,-2.541423339372071,-2.19732448846184,-2.1426825942980883
/multi_agv/path_reference,1789710645.7483373,1789710645.7478583,world,s_curve,1,2.010113416156272,0.09086165741074458,0.0,0.9216593539072634,-1.1721809387834352,-2.3001620230803885,0.8062360364599831,1.091210600175289,0.867531425086518,-1.3013221707330507,-1.207569847907048,-1.0076507977102072,-2.542725897175874,-2.198627046265643,-2.1439851521018913
/multi_agv/path_reference,1789710645.7583349,1789710645.7578173,world,s_curve,1,2.0110182859590746,0.09086165741074458,0.0,0.9210559153005341,-1.1728552169844668,-2.301454694227249,0.8054657571914274,1.0905612736996213,0.8671407150105537,-1.3018471366860966,-1.208463270483598,-1.0082552437837056,-2.5440185683227345,-2.1999197174125036,-2.145277823248752
/multi_agv/path_reference,1789710645.7684057,1789710645.7678087,world,s_curve,1,2.0119260397108834,0.09086165741074458,0.0,0.9204496783441986,-1.1735308600180754,-2.3027514853012616,0.8046923419039554,1.089908718024516,0.8667479751041243,-1.3023727750157204,-1.2093586965509253,-1.0088611084875803,-2.545315359396747,-2.201216508486516,-2.1465746143227644
/multi_agv/path_reference,1789710645.7785015,1789710645.7778041,world,s_curve,1,2.0128344645629483,0.09086334743106096,0.0001690408434162582,0.9198421166517985,-1.1742062150233927,-2.304049235089926,0.8039176731671358,1.0892545180802946,0.866354158707965,-1.3028977975094715,-1.2102539367576446,-1.009466910803062,-2.5466131091854116,-2.2025142582751807,-2.147872364111429
/multi_agv/path_reference,1789710645.7884445,1789710645.7878819,world,s_curve,1,2.0137500039242537,0.09086334743106096,0.0,0.9192289105528074,-1.1748860609470029,-2.3053571484632194,0.803136248826699,1.088594019795839,0.8659564630358842,-1.3034259142740834,-1.211155328531226,-1.0100769400356993,-2.547921022558705,-2.203822171648474,-2.149180277484722
/multi_agv/path_reference,1789710645.7983282,1789710645.7978234,world,s_curve,1,2.0146533202571995,0.09086334743106096,0.0,0.918623020226496,-1.1755560439272137,-2.3066476003674277,0.8023645807105071,1.08794118471813,0.8655632952508509,-1.303945978272968,-1.2120438387795196,-1.0106783147291534,-2.549211474462913,-2.205112623552682,-2.1504707293889305
/multi_agv/path_reference,1789710645.8084092,1789710645.8078527,world,s_curve,1,2.015564646739401,0.09086334743106096,0.0,0.9180108816069769,-1.1762311751349077,-2.3079494953420014,0.8015853904528704,1.087281399344036,0.8651658550240241,-1.304469644439267,-1.212939373470265,-1.0112845074951915,-2.550513369437487,-2.206414518527256,-2.1517726243635042
/multi_agv/path_reference,1789710645.8184054,1789710645.8178458,world,s_curve,1,2.0164726881888377,0.09086464262270462,0.0001296054556781561,0.9174000759534422,-1.1769030795994606,-2.3092466974126253,0.8008083315945812,1.0866228333344257,0.8647690629313198,-1.304990413662427,-1.213830825054292,-1.0118880000816628,-2.5518105715081107,-2.20771172059788,-2.153069826434128
/multi_agv/path_reference,1789710645.8284974,1789710645.8279152,world,s_curve,1,2.017387565112745,0.09086464262270462,0.0,0.916783791272767,-1.1775792399776213,-2.310553664446778,0.8000247406172803,1.0859581407915444,0.8643684924094764,-1.3055140831206427,-1.2147281223955162,-1.012495514416705,-2.553117538542263,-2.2090186876320326,-2.154376793468281
/multi_agv/path_reference,1789710645.8383255,1789710645.837818,world,s_curve,1,2.01828743256066,0.09086464262270462,0.0,0.9161767562863415,-1.1782435214213112,-2.3118391893723715,0.7992533387229326,1.0853032102173912,0.8639737199187009,-1.3060281622248628,-1.2156098509267432,-1.0130925511123274,-2.554403063467857,-2.210304212557626,-2.1556623183938743
/multi_agv/path_reference,1789710645.8486073,1789710645.847936,world,s_curve,1,2.019206927043976,0.09086464262270462,0.0,0.915555598998143,-1.178921484256623,-2.313152752919965,0.7984644291095963,1.0846328239854313,0.8635695438994015,-1.3065524285222339,-1.2165099398061385,-1.0137020844414963,-2.5557166270154505,-2.2116177761052196,-2.156975881941468
/multi_agv/path_reference,1789710645.858533,1789710645.8579032,world,s_curve,1,2.0201125687449495,0.09086062104565235,-0.000403474120239496,0.9149429299732553,-1.1795884351104489,-2.3144465267784993,0.797686732548104,1.0839713825079336,0.8631706748637284,-1.3070677831060906,-1.2173956068339726,-1.0143019153912833,-2.5570104008739847,-2.2129115499637537,-2.158269655800002
/multi_agv/path_reference,1789710645.8684206,1789710645.8678548,world,s_curve,1,2.0210165954892445,0.09086062104565235,0.0,0.9143304930083856,-1.1802534051876548,-2.3157379935560636,0.796909758071235,1.0833099778902902,0.8627717430636319,-1.3075812144314307,-1.218278839952378,-1.0149001611791553,-2.558301867651549,-2.214203016741318,-2.1595611225775664
/multi_agv/path_reference,1789710645.8783324,1789710645.8778186,world,s_curve,1,2.021921930899065,0.09086062104565235,0.0,0.913716309519505,-1.1809185448194055,-2.3170313298558067,0.7961309951565233,1.0826464734124657,0.8623714599895259,-1.3080943831148881,-1.2191624950219855,-1.015498756321343,-2.559595203951292,-2.215496353041061,-2.1608544588773095
/multi_agv/path_reference,1789710645.8883126,1789710645.887857,world,s_curve,1,2.0228340482365006,0.09086062104565235,0.0,0.9130966558914579,-1.1815878633519772,-2.318334354623572,0.7953457281306925,1.0819768435731814,0.8619673959705001,-1.308610377149646,-1.2200519012131519,-1.0161013116931334,-2.5608982287190574,-2.2167993778088264,-2.1621574836450743
/multi_agv/path_reference,1789710645.8983095,1789710645.8978515,world,s_curve,1,2.0237421968604297,0.09086255614864618,0.0001936119262831322,0.9124788325123981,-1.1822534668952989,-2.3196317098006136,0.7945632105770569,1.0813089765657973,0.8615643103943403,-1.3091231090623738,-1.2209365699108083,-1.0167007217127142,-2.562195583896099,-2.218096732985868,-2.1634548388221164
/multi_agv/path_reference,1789710645.9084196,1789710645.9078546,world,s_curve,1,2.024651029679407,0.09086255614864618,0.0,0.9118596797538149,-1.1829187689586218,-2.3209300423991523,0.7937794382558141,1.0806394579919398,0.8611601430136908,-1.3096352105428686,-1.2218210369887683,-1.0173000593442283,-2.5634939164946378,-2.219395065584407,-2.164753171420655
/multi_agv/path_reference,1789710645.918329,1789710645.9178302,world,s_curve,1,2.0255576256439767,0.09086255614864618,0.0,0.91124119089528,-1.1835816321853125,-2.322225179491395,0.7929969333121761,1.0799704438232924,0.8607561955503716,-1.3101450374358847,-1.2227024604786252,-1.0178973986414277,-2.5647890535868805,-2.2206902026766495,-2.166048308512898
/multi_agv/path_reference,1789710645.928445,1789710645.9278722,world,s_curve,1,2.0264699044253955,0.09086255614864618,0.0,0.9106179590592945,-1.1842478412617237,-2.323528434893422,0.7922088574987136,1.079296084279776,0.8603489353993942,-1.3106570366061132,-1.2235885335802834,-1.0184979535987742,-2.5660923089889076,-2.2219934580786767,-2.1673515639149246
/multi_agv/path_reference,1789710645.9385486,1789710645.9378781,world,s_curve,1,2.027379119192369,0.09086404153670043,0.0001484449733574321,0.9099959571891748,-1.1849110041737707,-2.324827313131956,0.7914227654048541,1.0786228413677623,0.8599422647949079,-1.311166293924651,-1.2244707555913565,-1.0190959630053047,-2.5673911872274413,-2.2232923363172103,-2.1686504421534583
/multi_agv/path_reference,1789710645.9484155,1789710645.947858,world,s_curve,1,2.0282860592689267,0.09086404153670043,0.0,0.9093746539773011,-1.1855717026717518,-2.326122941812752,0.790637981785891,1.0779501418886368,0.8595358382573756,-1.311673259668125,-1.2253498986521516,-1.0196919496949788,-2.5686868159082374,-2.2245879649980065,-2.169946070834255
/multi_agv/path_reference,1789710645.9584517,1789710645.9578216,world,s_curve,1,2.0291912663864844,0.09086404153670043,0.0,0.9087536844862639,-1.1862303351200933,-2.327416094837835,0.789854043008779,1.0772775921677544,0.8591294182822584,-1.3121782420361099,-1.226226491682449,-1.0202862716417211,-2.5699799689333203,-2.2258811180230893,-2.1712392238593377
/multi_agv/path_reference,1789710645.9684122,1789710645.9678342,world,s_curve,1,2.0301009753629797,0.09086404153670043,0.0,0.9081287690482802,-1.1868914334483331,-2.328715679089971,0.7890655481063827,1.0766005560575735,0.8587202029808845,-1.3126847139482902,-1.227106567190437,-1.020883019206272,-2.571279553185456,-2.2271807022752252,-2.1725388081114736
/multi_agv/path_reference,1789710645.9783866,1789710645.9778576,world,s_curve,1,2.031011907955602,0.09086330241650616,-7.372543509593956e-05,0.9075021527762558,-1.187552606736527,-2.330017011365146,0.7882753338393722,1.0759214638982553,0.8583096605911399,-1.3131908399547298,-1.2279869441391744,-1.0214800361156766,-2.5725808854606314,-2.2284820345504004,-2.1738401403866487
/multi_agv/path_reference,1789710645.9883611,1789710645.987858,world,s_curve,1,2.031920584866742,0.09086330241650616,0.0,0.9068762314591394,-1.1882113298311425,-2.3313151212382026,0.787486420790987,1.0752429124825225,0.8578993611039089,-1.3136946877262143,-1.228864259875241,-1.0220750418919722,-2.573878995333688,-2.229780144423457,-2.1751382502597054
/multi_agv/path_reference,1789710645.998425,1789710645.9978676,world,s_curve,1,2.032830096084725,0.09086330241650616,0.0,0.9062488797724698,-1.1888698436106586,-2.3326144229781787,0.7866961291809703,1.0745625982709395,0.8574879118654996,-1.314197972241093,-1.229741498399985,-1.0226700601908978,-2.575178297073664,-2.231079446163433,-2.1764375519996815
/multi_agv/path_reference,1789710646.0084336,1789710646.0078757,world,s_curve,1,2.0337393020928753,0.09086330241650616,0.0,0.905620884009491,-1.1895273211903818,-2.3339132887041076,0.7859054498988394,1.0738813737543274,0.8570758283753066,-1.314700061176763,-1.2306175583620977,-1.0232643440322848,-2.576477162799593,-2.232378311889362,-2.1777364177256104
/multi_agv/path_reference,1789710646.0184097,1789710646.0178733,world,s_curve,1,2.0346478792807425,0.0908646063238632,0.00013040062007147897,0.9049924700739823,-1.1901835287133293,-2.3352112561153464,0.7851146667151153,1.0731994843091892,0.8566632591976425,-1.3152007765707863,-1.2314921278432551,-1.0238576817259466,-2.577775130210832,-2.233676279300601,-2.179034385136849
/multi_agv/path_reference,1789710646.0285509,1789710646.0279362,world,s_curve,1,2.035562268895747,0.0908646063238632,0.0,0.9043591765998886,-1.1908431101123544,-2.3365175269939242,0.7843181691736155,1.0725120871209017,0.8562472735051488,-1.3157036584696535,-1.2323713978607338,-1.024454274006676,-2.579081401089409,-2.2349825501791787,-2.180340656015427
/multi_agv/path_reference,1789710646.0383558,1789710646.0378454,world,s_curve,1,2.0364625186150382,0.0908646063238632,0.0,0.903734835290883,-1.1914916834489306,-2.337803598021483,0.7835333476477686,1.0718341984382755,0.8558369597866052,-1.3161977473286883,-1.2332361933806701,-1.0250411096374334,-2.5803674721169685,-2.2362686212067375,-2.181626727042986
/multi_agv/path_reference,1789710646.048367,1789710646.047853,world,s_curve,1,2.0373718419830524,0.0908646063238632,0.0,0.903103354913983,-1.1921459780334678,-2.3391026314043604,0.7827399713956564,1.0711483487318871,0.8554217446144055,-1.3166957909920596,-1.2341088193664917,-1.0256333237418518,-2.5816665054998458,-2.237567654589615,-2.1829257604258627
/multi_agv/path_reference,1789710646.0583363,1789710646.0578485,world,s_curve,1,2.038280109444622,0.09086245510182746,-0.0002152067798387572,0.9024717599661386,-1.1927986935052652,-2.34040015634946,0.7819468713240725,1.0704621645081058,0.8550062440662376,-1.3171922271708765,-1.2349795420247793,-1.02622431132014,-2.5829640304449453,-2.2388651795347143,-2.1842232853709627
/multi_agv/path_reference,1789710646.0685177,1789710646.067842,world,s_curve,1,2.039188245791669,0.09086245510182746,0.0,0.9018394095396557,-1.193450494430988,-2.3416974939880983,0.7811532419564302,1.0697749499235185,0.8545900367390185,-1.3176875619836055,-1.2358492476671386,-1.02681467364222,-2.5842613680835833,-2.240162517173353,-2.185520623009601
/multi_agv/path_reference,1789710646.0783136,1789710646.0777996,world,s_curve,1,2.0400930146852674,0.09086245510182746,0.0,0.901208563353903,-1.1940990618719092,-2.342990020978953,0.7803619168630246,1.0690891619413658,0.8541746112573184,-1.3181800355621114,-1.2367148408500663,-1.0274023092035496,-2.5855538950744386,-2.2414550441642076,-2.186813150000456
/multi_agv/path_reference,1789710646.088677,1789710646.08785,world,s_curve,1,2.041006108760452,0.09086245510182746,0.0,0.9005710633934676,-1.1947527701174292,-2.34429444108636,0.7795626660424443,1.068395930292312,0.8537545938456467,-1.3186760034941325,-1.2375874996063052,-1.0279948072518499,-2.5868583151818454,-2.2427594642716144,-2.188117570107863
/multi_agv/path_reference,1789710646.09881,1789710646.0978608,world,s_curve,1,2.0419156815059374,0.0908639572644055,0.00015006214398299882,0.8999351746479197,-1.195403129989959,-2.3455938307227675,0.7787658549331364,1.067704240879991,0.8533354281306318,-1.319169021736662,-1.2384558931488883,-1.0285844750843265,-2.588157704818253,-2.244058853908022,-2.1894169597442703
/multi_agv/path_reference,1789710646.1086488,1789710646.1078527,world,s_curve,1,2.0428236385993985,0.0908639572644055,0.0,0.8992995731668084,-1.1960515100655706,-2.346890912284855,0.7779698209697038,1.0670126553402028,0.8529162431905185,-1.3196601312527239,-1.2393218471095575,-1.0291725518344306,-2.5894547863803403,-2.2453559354701094,-2.1907140413063577
/multi_agv/path_reference,1789710646.1184983,1789710646.117811,world,s_curve,1,2.043728582098853,0.0908639572644055,0.0,0.8986652451026411,-1.1966969173224957,-2.3481836887126466,0.7771757960257324,1.0663222482728874,0.8524976910093036,-1.3201485830179784,-1.2401840336671333,-1.0297581352823757,-2.5907475628081316,-2.246648711897901,-2.192006817734149
/multi_agv/path_reference,1789710646.1283808,1789710646.1278675,world,s_curve,1,2.044642298785973,0.0908639572644055,0.0,0.8980239214143058,-1.1973477490900752,-2.3494889982656755,0.7763734332434408,1.0656240176225236,0.852074313376953,-1.3206407283216204,-1.24105367261305,-1.030348846335555,-2.5920528723611604,-2.24795402145093,-2.1933121272871783
/multi_agv/path_reference,1789710646.1383202,1789710646.1378453,world,s_curve,1,2.0455488520399556,0.09086510566772857,0.00011510607770779149,0.8973867867085266,-1.1979926506729153,-2.3507840743427937,0.775576726811843,1.0649301398853155,0.8516534934284214,-1.3211279799166638,-1.2419155923580731,-1.0309343797440087,-2.593347948438279,-2.249249097528048,-2.1946072033642965
/multi_agv/path_reference,1789710646.1483395,1789710646.147852,world,s_curve,1,2.046458138698047,0.09086510566772857,0.0,0.8967468925217172,-1.1986386673429075,-2.3520830552829244,0.7747769849924495,1.064233049298225,0.8512306432744771,-1.3216156637987564,-1.2427792075325679,-1.0315211306973981,-2.59464692937841,-2.250548078468179,-2.195906184304427
/multi_agv/path_reference,1789710646.158233,1789710646.1578188,world,s_curve,1,2.0473637988389064,0.09086510566772857,0.0,0.8961087169937081,-1.1992812808896938,-2.353376855484152,0.7739798039299245,1.0635376245672619,0.850808722483938,-1.3221003697719143,-1.2436384776984013,-1.0321049951987658,-2.5959407295796373,-2.2518418786694063,-2.1971999845056547
/multi_agv/path_reference,1789710646.1683908,1789710646.167864,world,s_curve,1,2.048276467041905,0.09086510566772857,0.0,0.8954647624789902,-1.1999280310062377,-2.3546806672027216,0.7731758202982083,1.0628356943276547,0.8503827728111076,-1.3225877824339385,-1.2445034858228707,-1.0326928247619036,-2.597244541298207,-2.253145690387976,-2.1985037962242244
/multi_agv/path_reference,1789710646.1784031,1789710646.1778336,world,s_curve,1,2.049182498271613,0.09085957411874686,-0.0005547205970562289,0.8948246569336267,-1.2005692465431472,-2.3559749975308755,0.7723770549956246,1.062137753237852,0.8499591625674034,-1.323070612983006,-1.245361297234012,-1.0332758294124234,-2.598538871626361,-2.25444002071613,-2.1997981265523783
/multi_agv/path_reference,1789710646.1883383,1789710646.1878514,world,s_curve,1,2.050092533773612,0.09085957411874686,0.0,0.8941808875283095,-1.2012124614758561,-2.3572750482480167,0.7715741311221602,1.0614356105207372,0.8495329209420313,-1.3235545363461279,-1.2462219897640563,-1.0338608583173845,-2.599838922343502,-2.255740071433271,-2.2010981772695195
/multi_agv/path_reference,1789710646.1985314,1789710646.1978042,world,s_curve,1,2.0509970217534534,0.09085957411874686,0.0,0.8935402143978682,-1.2018509255153138,-2.358567173933505,0.7707754790497702,1.0607366398156008,0.8491085243282338,-1.3240344749600383,-1.2470765302932778,-1.0344417712926253,-2.6011310480289898,-2.2570321971187592,-2.2023903029550076
/multi_agv/path_reference,1789710646.2085943,1789710646.2078238,world,s_curve,1,2.05190727331952,0.09085957411874686,0.0,0.8928946266080248,-1.202492621860711,-2.3598675333135994,0.7699711125736393,1.0600321011438543,0.848680666106581,-1.3245164297730945,-1.24793560378075,-1.0350258320282884,-2.602431407409085,-2.258332556498854,-2.2036906623351022
/multi_agv/path_reference,1789710646.2185545,1789710646.2178566,world,s_curve,1,2.0528188330687476,0.09086176452922905,0.00021833408245989908,0.8922472753553641,-1.2031343986223637,-2.361169761526782,0.7691649627472759,1.0593254310590672,0.8482514322597492,-1.3249980286480807,-1.2487949930846471,-1.035610174134363,-2.6037336356222673,-2.2596347847120364,-2.2049928905482847
/multi_agv/path_reference,1789710646.2286983,1789710646.2278755,world,s_curve,1,2.0537293077467833,0.09086176452922905,0.0,0.8915998609981463,-1.2037745694352056,-2.362470439638262,0.7683591471916608,1.0586184856544738,0.8478219501483043,-1.325478005953933,-1.249652440112786,-1.0361932622388976,-2.6050343137337473,-2.2609354628235163,-2.2062935686597647
/multi_agv/path_reference,1789710646.2384994,1789710646.2378042,world,s_curve,1,2.0546314554892704,0.09086176452922905,0.0,0.8909575471043348,-1.2044080544750797,-2.3637592221275288,0.7675600864323531,1.0579169064750225,0.8473956484056291,-1.3259525594915826,-1.2505011376712556,-1.0367704662624009,-2.606323096223014,-2.262224245312783,-2.2075823511490316
/multi_agv/path_reference,1789710646.248512,1789710646.2478535,world,s_curve,1,2.0555444073315927,0.09086176452922905,0.0,0.890306710206868,-1.2050482827771123,-2.3650634390451324,0.7667508341285425,1.057205812218316,0.8469634842737455,-1.3264317474109637,-1.2513590779308583,-1.0373540229895146,-2.607627313140618,-2.263528462230387,-2.208886568066635
/multi_agv/path_reference,1789710646.25834,1789710646.257825,world,s_curve,1,2.056450458485089,0.09086343099760498,0.00016712194858088564,0.8896599679446724,-1.2056828322413484,-2.366357797835841,0.7659470816562828,1.0564989873796355,0.846533834798099,-1.3269062696047393,-1.252209615860894,-1.037932611258412,-2.6089216719313266,-2.2648228210210957,-2.210180926857344
/multi_agv/path_reference,1789710646.2684114,1789710646.2678585,world,s_curve,1,2.057362110278745,0.09086343099760498,0.0,0.8890083994077222,-1.2063204585549956,-2.3676601575410645,0.7651377415610342,1.055786682760401,0.8461007739017317,-1.3273826744798196,-1.2530644870713057,-1.0385142141138615,-2.61022403163655,-2.266125180726319,-2.2114832865625673
/multi_agv/path_reference,1789710646.278283,1789710646.2778044,world,s_curve,1,2.0582660068785654,0.09086343099760498,0.0,0.8883615542306526,-1.20695182236912,-2.3689514383979504,0.7643346743768319,1.0550793388873518,0.8456706494277743,-1.327853985599254,-1.2539111694595821,-1.039090312048524,-2.6115153124934354,-2.267416461583205,-2.212774567419453
/multi_agv/path_reference,1789710646.2884212,1789710646.2878695,world,s_curve,1,2.059180527594192,0.09086343099760498,0.0,0.8877062769416535,-1.207589756295244,-2.370257896563131,0.763521549360993,1.0543625689136844,0.8452347125502832,-1.3283297804617031,-1.2547668730589165,-1.0396726153651124,-2.612821770658616,-2.2687229197483854,-2.2140810255846337
/multi_agv/path_reference,1789710646.2985542,1789710646.29784,world,s_curve,1,2.0600864791051796,0.0908602449494525,-0.0003195370966817029,0.887056318254736,-1.2082208677985637,-2.3715521130073993,0.7627154309974006,1.0536514132691945,0.8448021104976129,-1.328800068973802,-1.2556136343048938,-1.0402489001169952,-2.6141159871028847,-2.2700171361926538,-2.215375242028902
/multi_agv/path_reference,1789710646.308341,1789710646.3078485,world,s_curve,1,2.0609956969511134,0.0908602449494525,0.0,0.8864031956852721,-1.208853408613235,-2.3728509956444475,0.761905795128678,1.0529365925445546,0.8443671993825838,-1.3292710039000157,-1.256462522556982,-1.0408266993827069,-2.615414869739933,-2.271316018829702,-2.2166741246659503
/multi_agv/path_reference,1789710646.31831,1789710646.3178182,world,s_curve,1,2.061901569595409,0.0908602449494525,0.0,0.8857516595905216,-1.2094827780180895,-2.3741450994220124,0.7610985304606466,1.0522233058856973,0.8439331424252209,-1.3297391599615467,-1.2573073635340548,-1.0414018105586669,-2.6167089735174978,-2.272610122607267,-2.217968228443515
/multi_agv/path_reference,1789710646.328335,1789710646.3278477,world,s_curve,1,2.062812897579671,0.0908602449494525,0.0,0.8850953786358357,-1.2101150863947552,-2.375446996542387,0.7602857937523587,1.051504621179051,0.843495720976097,-1.3302090809207687,-1.2581563602766295,-1.0419798179868671,-2.6180108706378724,-2.2739120197276415,-2.21927012556389
/multi_agv/path_reference,1789710646.3383539,1789710646.3378582,world,s_curve,1,2.063722345430406,0.09086227304331981,0.00020262538262182483,0.8844396315664753,-1.210745238007442,-2.3767462077577224,0.7594741245984512,1.050786317920221,0.8430584521807538,-1.3306769772103098,-1.2590026720371181,-1.0425560647748977,-2.6193100818532074,-2.275211230942977,-2.220569336779225
/multi_agv/path_reference,1789710646.3486242,1789710646.3478932,world,s_curve,1,2.064634372406761,0.09086227304331981,0.0,0.8837812032386414,-1.2113763205869676,-2.3780491034382294,0.7586595438366438,1.0500648740180059,0.8426191918612747,-1.3311451410223818,-1.2598504459750544,-1.0431333747634666,-2.620612977533715,-2.276514126623484,-2.221872232459732
/multi_agv/path_reference,1789710646.3585606,1789710646.357806,world,s_curve,1,2.0655350473233085,0.09086227304331981,0.0,0.8831301642443379,-1.211998705852685,-2.3793357818904406,0.757854504496392,1.0493513267835504,0.8421846614530715,-1.3316064358483541,-1.2606867446724275,-1.0437029370372737,-2.621899655985926,-2.277800805075695,-2.2231589109119434
/multi_agv/path_reference,1789710646.3685791,1789710646.367867,world,s_curve,1,2.066449022568522,0.09086227304331981,0.0,0.8824686930247342,-1.2126294248503708,-2.3806414608121744,0.7570369708140265,1.0486261429492951,0.841742965310881,-1.3320734831507144,-1.2615344535751045,-1.0442803378252934,-2.6232053349076594,-2.279106483997429,-2.2244645898336772
/multi_agv/path_reference,1789710646.378724,1789710646.3778625,world,s_curve,1,2.067357279962683,0.09086232967624232,5.665573776995155e-06,0.8818105449260353,-1.2132553421430525,-2.3819389713752614,0.7562239484157192,1.047904400211232,0.8413032861511547,-1.3325365509605147,-1.2623759206870813,-1.0448535547815614,-2.624502845470747,-2.280403994560516,-2.2257621003967643
/multi_agv/path_reference,1789710646.389294,1789710646.3878458,world,s_curve,1,2.0682645065237137,0.09086232967624232,0.0,0.8811523334652146,-1.213879695881016,-2.383235009319591,0.7554112495002938,1.0471823871394965,0.8408633637558536,-1.332998039570503,-1.2632154970492862,-1.045425551023259,-2.6257988834150763,-2.2817000325048453,-2.2270581383410932
/multi_agv/path_reference,1789710646.3988492,1789710646.3978393,world,s_curve,1,2.069172543304138,0.09086232967624232,0.0,0.8804927240584208,-1.2145037520552417,-2.3845322047201973,0.7545972261625199,1.046458639885604,0.8404223061271389,-1.3334588848135351,-1.2640548850760356,-1.0459974862761545,-2.6270960788156827,-2.282997227905452,-2.2283553337417
/multi_agv/path_reference,1789710646.4086118,1789710646.407804,world,s_curve,1,2.0700779623408447,0.09086232967624232,0.0,0.8798342107538302,-1.2151251567089127,-2.385825660486921,0.7537849550117051,1.0457358955673532,0.8399817816824322,-1.3339173497472447,-1.2648909177905485,-1.046567202588945,-2.6283895345824058,-2.2842906836721752,-2.2296487895084236
/multi_agv/path_reference,1789710646.418399,1789710646.4178317,world,s_curve,1,2.07098913726817,0.09086386442776996,0.0001530479500214204,0.8791707004787934,-1.2157496514994666,-2.3871273389545284,0.752966922327361,1.0450074657418493,0.83953771336717,-1.3343776683433135,-1.2657313210102592,-1.047139965144827,-2.629691213050014,-2.285592362139783,-2.2309504679760312
/multi_agv/path_reference,1789710646.428451,1789710646.4278376,world,s_curve,1,2.0718983189149016,0.09086386442776996,0.0,0.8785078320385928,-1.2163719187883473,-2.388426169878431,0.7521500826442223,1.0442795397017903,0.8390938737697659,-1.3348359182480543,-1.2665689399990463,-1.047710898117941,-2.6309900439739162,-2.2868911930636853,-2.2322492988999336
/multi_agv/path_reference,1789710646.4384027,1789710646.4378583,world,s_curve,1,2.072808715048045,0.09086386442776996,0.0,0.8778432689093343,-1.2169941541511669,-2.3897267357829213,0.7513315561850529,1.0435495518575888,0.8386486986853613,-1.3352937168873362,-1.2674067298785887,-1.0482820156875754,-2.6322906098784062,-2.2881917589681757,-2.233549864804424
/multi_agv/path_reference,1789710646.4485972,1789710646.447853,world,s_curve,1,2.0737169395348287,0.09086386442776996,0.0,0.8771794852611106,-1.217614043551085,-2.3910241993354693,0.7505143896945928,1.0428202202721946,0.8382038458165445,-1.3357493624236596,-1.2682415746481857,-1.0488511935814095,-2.6335880734309547,-2.2894892225207237,-2.234847328356972
/multi_agv/path_reference,1789710646.4587276,1789710646.45786,world,s_curve,1,2.0746260928506346,0.09086503778215602,0.00011727052936753202,0.8765142178631862,-1.2182337038789897,-2.3923229897866207,0.749695796148623,1.0420890586327354,0.8377577988082002,-1.3362044117425405,-1.2690763248198742,-1.0494203750745545,-2.634886863882106,-2.290788012971875,-2.236146118808123
/multi_agv/path_reference,1789710646.4683547,1789710646.4678628,world,s_curve,1,2.075535038994154,0.09086503778215602,0.0,0.8758482981439618,-1.2188523587916087,-2.3936214842773627,0.7488767990717069,1.0413569804820249,0.8373111148781538,-1.3366582942250338,-1.2699099348280614,-1.049988847321731,-2.636185358372848,-2.292086507462617,-2.2374446132988655
/multi_agv/path_reference,1789710646.4782698,1789710646.4778223,world,s_curve,1,2.076440015244173,0.09086503778215602,0.0,0.8751844895452106,-1.2194674523142937,-2.394914307491675,0.74806079437682,1.0406270251671816,0.8368656490916302,-1.337109137641962,-1.2707389590892348,-1.0505542602116842,-2.6374781815871606,-2.2933793306769297,-2.238737436513178
/multi_agv/path_reference,1789710646.4883168,1789710646.4878035,world,s_curve,1,2.0773470798453553,0.09086503778215602,0.0,0.8745183517139142,-1.220083103566832,-2.396210114064793,0.7472423224466804,1.0398943105005103,0.8364184221945521,-1.3375599624538752,-1.2715689487615467,-1.0511203994850742,-2.6387739881602785,-2.2946751372500476,-2.240033243086296
/multi_agv/path_reference,1789710646.4984105,1789710646.4978056,world,s_curve,1,2.078255858116893,0.09085892849665998,-0.0006108015028907721,0.873850155346008,-1.220699051165427,-2.3975083687384187,0.7464217185001683,1.0391591330445389,0.8359696144933167,-1.3380105743974855,-1.272399553022436,-1.0516870260763596,-2.640072242833904,-2.295973391923673,-2.2413314977599215
/multi_agv/path_reference,1789710646.5084147,1789710646.5078616,world,s_curve,1,2.0791695520381803,0.09085892849665998,0.0,0.8731775392596596,-1.2213174556143758,-2.3988136457688287,0.7455960869735883,1.0384188926774078,0.8355176381279826,-1.3384625495473992,-1.2732336873793142,-1.052256129916414,-2.641377519864314,-2.297278668954083,-2.2426367747903315
/multi_agv/path_reference,1789710646.5185041,1789710646.5178711,world,s_curve,1,2.080078991399282,0.09085892849665998,0.0,0.8725072540758022,-1.2219321080412464,-2.400112844856117,0.744773714706945,1.037681018534671,0.8350670289857907,-1.3389113494488765,-1.2740629773461614,-1.0528219973287014,-2.6426767189516025,-2.2985778680413715,-2.24393597387762
/multi_agv/path_reference,1789710646.5284233,1789710646.5278656,world,s_curve,1,2.0809868819790887,0.09085892849665998,0.0,0.8718373144602399,-1.2225448446066822,-2.401409831398698,0.7439521620670626,1.0369433269766293,0.834616454337028,-1.3393583189894511,-1.2748898981546335,-1.0533863166759618,-2.6439737054941834,-2.2998748545839525,-2.245232960420201
/multi_agv/path_reference,1789710646.5383365,1789710646.5378354,world,s_curve,1,2.081892930166617,0.09086125647698272,0.00023345691773252322,0.8711679426856492,-1.2231554710294616,-2.4027041859523095,0.7431316994086171,1.036206063857072,0.8341660647912585,-1.3398033188771807,-1.2757141863886365,-1.0539489078225677,-2.645268060047795,-2.301169209137564,-2.2465273149738123
/multi_agv/path_reference,1789710646.548401,1789710646.5478604,world,s_curve,1,2.082803840885147,0.09086125647698272,0.0,0.8704941824793689,-1.2237685007200552,-2.4040054869787815,0.7423062536883085,1.035463769223381,0.8337125245264174,-1.340249636155189,-1.276541935794057,-1.0545139302109192,-2.646569361074267,-2.302470510164036,-2.247828616000284
/multi_agv/path_reference,1789710646.5584273,1789710646.5578017,world,s_curve,1,2.0837071404288054,0.09086125647698272,0.0,0.8698252648124857,-1.2243755419908997,-2.4052959148982933,0.7414871322834045,1.0347266139073632,0.8332620482466895,-1.3406911632072607,-1.2773618144271575,-1.0550736483382808,-2.6478597889937787,-2.3037609380835478,-2.249119043919796
/multi_agv/path_reference,1789710646.568398,1789710646.5678675,world,s_curve,1,2.0846215385840816,0.09086125647698272,0.0,0.8691473309993923,-1.2249891620768831,-2.4066021979772594,0.7406573668822141,1.0339793243510638,0.8328053017648992,-1.341137038170965,-1.2781907970866695,-1.0556396509730148,-2.649166072072745,-2.305067221162514,-2.2504253269987617
/multi_agv/path_reference,1789710646.5784357,1789710646.5778573,world,s_curve,1,2.0855289914454196,0.09086304463965164,0.00017904831350656108,0.8684737546768767,-1.2255972455544815,-2.407898559207742,0.7398333289653467,1.033236641006456,0.8323512940588277,-1.341578454690946,-1.279012517606079,-1.0562007643664193,-2.6504624333032276,-2.3063635823929967,-2.251721688229245
/multi_agv/path_reference,1789710646.5885282,1789710646.58788,world,s_curve,1,2.0864400794645843,0.09086304463965164,0.0,0.8677966875794797,-1.226206885944697,-2.4092001135208347,0.7390054150288128,1.0324899114932249,0.8318947362164015,-1.3420205643889112,-1.2798365605371929,-1.056763532907987,-2.65176398761632,-2.307665136706089,-2.2530232425423375
/multi_agv/path_reference,1789710646.5984313,1789710646.5978088,world,s_curve,1,2.0873422607246614,0.09086304463965164,0.0,0.8671254583591359,-1.226809697894075,-2.410488943892373,0.7381850286301026,1.031749425953988,0.8314419204933171,-1.3424572900924958,-1.2806515895150896,-1.0573202140746394,-2.6530528179878585,-2.3089539670776276,-2.2543120729138755
/multi_agv/path_reference,1789710646.6083944,1789710646.6078136,world,s_curve,1,2.0882512991461284,0.09086304463965164,0.0,0.8664483415220658,-1.2274162154320392,-2.411787570208755,0.7373578375530989,1.0310022498257831,0.8309849371873158,-1.3428962647264437,-1.281471846609298,-1.0578805349603755,-2.65435144430424,-2.3102525933940092,-2.2556106992302576
/multi_agv/path_reference,1789710646.6187363,1789710646.6178095,world,s_curve,1,2.089159547899281,0.09086084712465925,-0.00021983853331447947,0.8657710268751266,-1.2280213274459675,-2.413085068427544,0.7365307964519573,1.0302546595999882,0.8305276245734344,-1.343333784882994,-1.2822904214648732,-1.058439775990035,-2.6556489425230296,-2.3115500916127987,-2.2569081974490466
/multi_agv/path_reference,1789710646.6287048,1789710646.6278627,world,s_curve,1,2.090072799178094,0.09086084712465925,0.0,0.8650891907603872,-1.2286288859127314,-2.4143897131115626,0.7356986285850364,1.029501881636725,0.8300670620594002,-1.3437726326814843,-1.2831125263821586,-1.0590014986745515,-2.656953587207048,-2.312854736296817,-2.2582128421330654
/multi_agv/path_reference,1789710646.6388083,1789710646.6378443,world,s_curve,1,2.0909799653242533,0.09086084712465925,0.0,0.8644111135733453,-1.2292315148429689,-2.415685664748933,0.73487143936771,1.0287530582416022,0.8296088431107238,-1.3442074810563382,-1.283928180396324,-1.0595588830762441,-2.6582495388444185,-2.3141506879341875,-2.259508793770436
/multi_agv/path_reference,1789710646.6488292,1789710646.6478755,world,s_curve,1,2.091891193768027,0.09086084712465925,0.0,0.8637292143946318,-1.2298359572858673,-2.41698741966861,0.7340399794583448,1.0279998181854184,0.8291478455401324,-1.3446431972215112,-1.2847465093702382,-1.0601181652658522,-2.6595512937640953,-2.3154524428538643,-2.260810548690112
/multi_agv/path_reference,1789710646.6588533,1789710646.6578114,world,s_curve,1,2.092794137761471,0.09086271838912044,0.0001883042326026166,0.8630527391847457,-1.2304340283768072,-2.4182773396592445,0.7332155200301922,1.0272523761119614,0.8286903214120835,-1.345073884108627,-1.2855564306554683,-1.0606717703663264,-2.66084121375473,-2.316742362844499,-2.2621004686807473
/multi_agv/path_reference,1789710646.6689491,1789710646.6678202,world,s_curve,1,2.0937036093326045,0.09086271838912044,0.0,0.862370594379553,-1.23103554054155,-2.4195765847608635,0.7323845395809475,1.0264984752281874,0.8282287683295242,-1.3455066091916414,-1.2863712318098128,-1.061228780623196,-2.662140458856349,-2.318041607946118,-2.2633997137823663
/multi_agv/path_reference,1789710646.6791358,1789710646.6778083,world,s_curve,1,2.0946111707876716,0.09086271838912044,0.0,0.861689103852069,-1.2316349054870717,-2.420873101125245,0.7315547447316083,1.0257451031457936,0.827767463678805,-1.3459373489268642,-1.2871833446707015,-1.061784022863649,-2.66343697522073,-2.3193381243104993,-2.2646962301467477
/multi_agv/path_reference,1789710646.6888418,1789710646.687808,world,s_curve,1,2.09551976244424,0.09086271838912044,0.0,0.8610060619504878,-1.232234065266592,-2.4221710892060573,0.7307234492859099,1.0249898218539457,0.8273049147116078,-1.3463674996199468,-1.2879954003288472,-1.0623392958509819,-2.6647349633015427,-2.3206361123913117,-2.26599421822756
/multi_agv/path_reference,1789710646.6990154,1789710646.697808,world,s_curve,1,2.0964283845135654,0.09086175262374437,-9.657605472708876e-05,0.8603222200752919,-1.2328323580358025,-2.4234691207336647,0.7298915684118212,1.0242334618812041,0.8268416299328505,-1.3467965853470178,-1.2888065021529194,-1.0628939866074703,-2.66603299482915,-2.321934143918919,-2.2672922497551675
/multi_agv/path_reference,1789710646.7087111,1789710646.70781,world,s_curve,1,2.097337182036935,0.09086175262374437,0.0,0.8596374696889058,-1.2334298776843002,-2.424767402909907,0.7290589702647561,1.023475903142415,0.8263775356595461,-1.3472246732073705,-1.2896167776121306,-1.0634481822333999,-2.6673312770053923,-2.3232324260951613,-2.2685905319314092
/multi_agv/path_reference,1789710646.7187166,1789710646.717808,world,s_curve,1,2.098245631196345,0.09086175262374437,0.0,0.8589522067702624,-1.2340262789677063,-2.4260651874233496,0.7282261362272814,1.0227175837836733,0.8259129002998327,-1.3476515159548808,-1.290425758501257,-1.064001562446981,-2.668629061518835,-2.324530210608604,-2.2698883164448524
/multi_agv/path_reference,1789710646.728797,1789710646.7278085,world,s_curve,1,2.099154282159707,0.09086175262374437,0.0,0.8582660180088313,-1.2346219226861064,-2.427363260228153,0.7273925638134408,1.0219580464404763,0.8254474437725768,-1.3480773720350336,-1.29123393402587,-1.0645544619974152,-2.6699271343236384,-2.3258282834134074,-2.2711863892496558
/multi_agv/path_reference,1789710646.7389002,1789710646.7378385,world,s_curve,1,2.100065648388664,0.09086342383922721,0.00016662057021638466,0.8575770027736835,-1.2352184512180766,-2.4286652119838052,0.7265559460189212,1.0211951863832076,0.824979875918922,-1.348503413533758,-1.2920435336405427,-1.065108406479929,-2.6712290860792907,-2.3271302351690597,-2.272488341005308
/multi_agv/path_reference,1789710646.7488642,1789710646.7478125,world,s_curve,1,2.100971912363782,0.09086342383922721,0.0,0.8568910753772299,-1.2358107500295408,-2.4299598748054025,0.7257234626400598,1.0204355525613205,0.8245142109303094,-1.3489259893601977,-1.2928476151483608,-1.0656586455800636,-2.672523748900888,-2.328424897990657,-2.273783003826905
/multi_agv/path_reference,1789710646.759012,1789710646.757845,world,s_curve,1,2.1018834757663685,0.09086342383922721,0.0,0.8562003640961207,-1.2364056161008228,-2.431262108237669,0.7248855601720127,1.019670427318258,0.8240451047980915,-1.3493499487181484,-1.2936554058834102,-1.06621149370091,-2.6738259823331543,-2.3297271314229233,-2.2750852372591717
/multi_agv/path_reference,1789710646.7687144,1789710646.7678335,world,s_curve,1,2.1027909166954153,0.09086342383922721,0.0,0.8555120077111661,-1.236996898105273,-2.432558452422022,0.7240508994371124,1.0189077181656747,0.8235774055307112,-1.349770906685963,-1.2944585531899153,-1.0667612344399409,-2.6751223265175073,-2.3310234756072763,-2.276381581443524
/multi_agv/path_reference,1789710646.7789166,1789710646.7778394,world,s_curve,1,2.1037000647354422,0.09086470120644352,0.000127666326418302,0.8548215883280341,-1.2375883971459565,-2.4338572353363457,0.7232141220163533,1.0181425307767211,0.8231081121910282,-1.3501915712176484,-1.2952622192637309,-1.06731140095649,-2.676421109431831,-2.3323222585216,-2.2776803643578485
/multi_agv/path_reference,1789710646.7888005,1789710646.787863,world,s_curve,1,2.1046108821417597,0.09086470120644352,0.0,0.8541291314617738,-1.2381800826337581,-2.4351584030596567,0.7223752609839597,1.0173748923616004,0.8226372410397615,-1.3506119180457772,-1.2960663638084602,-1.067861966047037,-2.677722277155142,-2.333623426244911,-2.278981532081159
/multi_agv/path_reference,1789710646.7987533,1789710646.7978163,world,s_curve,1,2.1055154582334805,0.09086470120644352,0.0,0.8534406583869304,-1.2387668216006176,-2.4364506546192577,0.7215416077437006,1.0166114793672694,0.8221688880498215,-1.3510283040396744,-1.2968640089731764,-1.0684081517890018,-2.679014528714743,-2.334915677804512,-2.2802737836407605
/multi_agv/path_reference,1789710646.8088121,1789710646.8079045,world,s_curve,1,2.106432112061286,0.09086470120644352,0.0,0.8527422197888711,-1.2393604861888305,-2.437760160087551,0.7206962752530547,1.0158368223033816,0.8216935618101772,-1.3514491498959338,-1.2976712967700068,-1.0689610119005508,-2.6803240341830366,-2.3362251832728056,-2.281583289109054
/multi_agv/path_reference,1789710646.8189554,1789710646.8179426,world,s_curve,1,2.1073442060050405,0.09086307883676747,-0.0001616209654569029,0.8520464846777146,-1.239950289459824,-2.439063151435772,0.7198546017170734,1.0150649702821455,0.8212198820339252,-1.3518668033410208,-1.29847356133724,-1.069510503701211,-2.6816270255312573,-2.3375281746210264,-2.2828862804572747
/multi_agv/path_reference,1789710646.82865,1789710646.8278284,world,s_curve,1,2.1082423275697098,0.09086307883676747,0.0,0.8513606569377535,-1.2405301709514382,-2.4403461822424424,0.719025290486436,1.0143039212241667,0.8207527591026581,-1.352276986504256,-1.2992625523409933,-1.0700509740090653,-2.682910056337928,-2.338811205427697,-2.284169311263945
/multi_agv/path_reference,1789710646.8382983,1789710646.837825,world,s_curve,1,2.1091507070308015,0.09086307883676747,0.0,0.8506662397104038,-1.2411157799013421,-2.441643867186859,0.7181859725651073,1.0135331506940428,0.8202795958720612,-1.3526907717996652,-1.3000595608001562,-1.070597007104205,-2.6842077412823446,-2.3401088903721137,-2.285466996208362
/multi_agv/path_reference,1789710646.848392,1789710646.8478668,world,s_curve,1,2.1100630632054016,0.09086307883676747,0.0,0.8499680182333527,-1.2417030451210396,-2.4429472331505737,0.7173424406086486,1.0127579655848387,0.8198036485065707,-1.353105272027478,-1.300859051082399,-1.0711448122532417,-2.685511107246059,-2.341412256335828,-2.2867703621720765
/multi_agv/path_reference,1789710646.8583481,1789710646.8578522,world,s_curve,1,2.110970463667918,0.09086443057061849,0.00013535867759558834,0.8492728306856168,-1.2422862172697222,-2.444243519525597,0.7165029553417037,1.0119859581613444,0.8193295785538023,-1.3535164298972353,-1.3016531958610875,-1.0716890260508436,-2.6868073936210823,-2.3427085427108514,-2.2880666485470993
/multi_agv/path_reference,1789710646.8684525,1789710646.867931,world,s_curve,1,2.111886205394296,0.09086443057061849,0.0,0.8485704869328906,-1.2428738362279135,-2.4455517219918512,0.7156552136027483,1.011205811169873,0.8188504360260506,-1.3539302638472708,-1.3024536256730903,-1.0722376191633793,-2.688115596087336,-2.3440167451771057,-2.289374851013354
/multi_agv/path_reference,1789710646.878395,1789710646.87783,world,s_curve,1,2.1127857036498785,0.09086443057061849,0.0,0.8478798535670617,-1.2434501369755155,-2.446836719499826,0.7148219827795278,1.0104384836709337,0.818379094250724,-1.3543356771576687,-1.3032388631599106,-1.0727758706089672,-2.6894005935953116,-2.3453017426850806,-2.290659848521329
/multi_agv/path_reference,1789710646.8884208,1789710646.8878202,world,s_curve,1,2.113693488923258,0.09086443057061849,0.0,0.8471821073185409,-1.2440308470211365,-2.448133555604654,0.7139805480865778,1.0096630645711455,0.8179027092978995,-1.3547437397580433,-1.3040303347712607,-1.0733184665341053,-2.6906974297001396,-2.3465985787899086,-2.291956684626157
/multi_agv/path_reference,1789710646.898349,1789710646.8978338,world,s_curve,1,2.1146032888257302,0.09086547249225793,0.00010406101584559124,0.8464820575941573,-1.2446119374849467,-2.449433269751043,0.7131367157956372,1.0088848954496956,0.8174245615371392,-1.3551516128084968,-1.304822553297009,-1.0738616463493342,-2.691997143846528,-2.3478982929362973,-2.2932563987725456
/multi_agv/path_reference,1789710646.9083974,1789710646.907842,world,s_curve,1,2.1155128584750953,0.09086547249225793,0.0,0.8457814307104149,-1.2451919709311081,-2.4507326549644217,0.7122925679029568,1.008105894703481,0.816945829524807,-1.355558286020322,-1.3056135597000555,-1.0744040670729469,-2.693296529059907,-2.349197678149676,-2.294555783985924
/multi_agv/path_reference,1789710646.9182923,1789710646.9178298,world,s_curve,1,2.1164204297201237,0.09086547249225793,0.0,0.8450815926589712,-1.2457698222530216,-2.452029185314462,0.711449748811237,1.0073275818173901,0.8164674473482866,-1.3559629722663267,-1.3064018187730622,-1.074944675719676,-2.6945930594099474,-2.3504942084997165,-2.295852314335965
/multi_agv/path_reference,1789710646.9284797,1789710646.9279466,world,s_curve,1,2.1173396773600985,0.09086547249225793,0.0,0.8443719873244685,-1.2463541820486534,-2.453342396228712,0.7105955518966242,1.0065382140077475,0.8159821960690339,-1.3563717503012729,-1.3071991894305854,-1.0754916064141018,-2.695906270324197,-2.3518074194139666,-2.297165525250215
/multi_agv/path_reference,1789710646.938343,1789710646.9378042,world,s_curve,1,2.1182353654403085,0.09086163276277348,-0.00038951516496982805,0.843679830894527,-1.2469226681988006,-2.454621950629012,0.709762731554881,1.0057680703480425,0.8155086907806578,-1.3567689722078813,-1.307975126223518,-1.0760239061650025,-2.6971858247244973,-2.3530869738142663,-2.2984450796505147
/multi_agv/path_reference,1789710646.9483957,1789710646.9478412,world,s_curve,1,2.1191473112107455,0.09086163276277348,0.0,0.8429743644807999,-1.2475005627461246,-2.455924730301065,0.7089142732940908,1.004982928504684,0.8150258916436249,-1.3571723091123207,-1.308764134164375,-1.0765652449616783,-2.6984886043965504,-2.3543897534863194,-2.2997478593225678
/multi_agv/path_reference,1789710646.9590173,1789710646.9578626,world,s_curve,1,2.120057802377304,0.09086163276277348,0.0,0.8422692728470107,-1.2480766181542353,-2.4572254319675766,0.7080666448803363,1.0041980142188878,0.8145431594418082,-1.3575738996129014,-1.3095508624986743,-1.07710509235113,-2.699789306063062,-2.355690455152831,-2.3010485609890794
/multi_agv/path_reference,1789710646.9686282,1789710646.9678981,world,s_curve,1,2.1209696521978567,0.09086163276277348,0.0,0.8415623787508142,-1.2486526135638163,-2.4585280745683664,0.7072172288636905,1.0034109037891847,0.8140590035995674,-1.357974984109859,-1.310337740968272,-1.0776451156133178,-2.7010919486638514,-2.356993097753621,-2.302351203589869
/multi_agv/path_reference,1789710646.9784784,1789710646.9778366,world,s_curve,1,2.1218727877929853,0.0908633189377398,0.0001696439101459423,0.840861501172686,-1.2492221962248393,-2.459818268275693,0.7063754161055844,1.0026303057634307,0.813578781649043,-1.3583711445629902,-1.3111160881793888,-1.0781793559321389,-2.7023821423711785,-2.3582832914609475,-2.303641397297196
/multi_agv/path_reference,1789710646.9884984,1789710646.9878457,world,s_curve,1,2.122782231574031,0.0908633189377398,0.0,0.8401549862321379,-1.2497948431583268,-2.461117473677187,0.7055272078035287,1.0018432414391898,0.8130945094536955,-1.3587689743793523,-1.3118988537220522,-1.078716701373576,-2.7036813477726724,-2.3595824968624415,-2.30494060269869
/multi_agv/path_reference,1789710646.9984481,1789710646.99782,world,s_curve,1,2.1236884243563883,0.0908633189377398,0.0,0.8394502575584905,-1.2503645296844443,-2.4624120347948404,0.7046815183067326,1.0010579798649486,0.8126112745037904,-1.359164285752607,-1.3126778034783864,-1.0792514998223397,-2.704975908890326,-2.360877057980095,-2.3062351638163427
/multi_agv/path_reference,1789710647.0084336,1789710647.0078342,world,s_curve,1,2.1245984605662733,0.0908633189377398,0.0,0.8387417983311306,-1.2509357138120651,-2.4637120865232474,0.7038317276969213,1.000268373611736,0.8121252936847347,-1.3595601716540846,-1.3134590332866338,-1.0797879364954772,-2.7062759606187328,-2.362177109708502,-2.30753521554475
/multi_agv/path_reference,1789710647.0183969,1789710647.017862,world,s_curve,1,2.1255094662353504,0.090864473745579,0.00011518150780841354,0.8380318412377389,-1.2515065834432222,-2.4650135231933574,0.7029805170418303,0.999476909608831,0.8116380970625556,-1.3599553724310738,-1.3142400665176812,-1.0803243113809116,-2.707577397288843,-2.363478546378612,-2.3088366522148602
/multi_agv/path_reference,1789710647.0284414,1789710647.0278585,world,s_curve,1,2.126417980491422,0.090864473745579,0.0,0.8373230865286072,-1.2520749713379649,-2.466311400702031,0.7021311228741629,0.9986865985698729,0.8111515381417861,-1.3603483889586134,-1.3150179374398918,-1.080858587615389,-2.7088752747975158,-2.3647764238872853,-2.310134529723533
/multi_agv/path_reference,1789710647.0382733,1789710647.0378318,world,s_curve,1,2.1273241912422196,0.090864473745579,0.0,0.8366153942687049,-1.252641000908583,-2.467605987488885,0.7012833746053986,0.997897285981521,0.8106655222191951,-1.3607393101176104,-1.315792813277948,-1.081390879330191,-2.7101698615843706,-2.3660710106741396,-2.311429116510388
/multi_agv/path_reference,1789710647.0483384,1789710647.04785,world,s_curve,1,2.1282344902582846,0.090864473745579,0.0,0.8359037720582337,-1.2532086610272855,-2.468906414654692,0.7004312928873802,0.9971034030890654,0.8101766201982558,-1.3611308894480452,-1.3165701552925233,-1.0819249383412881,-2.7114702887501774,-2.3673714378399464,-2.3127295436761948
/multi_agv/path_reference,1789710647.058422,1789710647.0578086,world,s_curve,1,2.1291393346309184,0.0908629997793751,-0.00014801328815207838,0.8351956829354977,-1.2537720019694165,-2.4701990494727406,0.6995838129541859,0.9963132760409296,0.8096899598113777,-1.361519023831609,-1.3173418154968486,-1.0824551665797921,-2.712762923568226,-2.368664072657995,-2.3140221784942434
/multi_agv/path_reference,1789710647.0684588,1789710647.0678678,world,s_curve,1,2.130053344626929,0.0908629997793751,0.0,0.8344796827450587,-1.2543401198083861,-2.4715047780384696,0.6987272400435652,0.9955141336057811,0.8091976745858298,-1.361909977578013,-1.3181202549288575,-1.082990126918288,-2.714068652133955,-2.369969801223724,-2.3153279070599724
/multi_agv/path_reference,1789710647.0783792,1789710647.077846,world,s_curve,1,2.1309600086219964,0.0908629997793751,0.0,0.8337687047787762,-1.2549027474061933,-2.4728000123171374,0.6978770478203989,0.9947204103670488,0.8087086561488808,-1.3622966837764872,-1.3188914063093615,-1.0835201521327313,-2.715363886412623,-2.371265035502392,-2.3166231413386402
/multi_agv/path_reference,1789710647.0884194,1789710647.0878074,world,s_curve,1,2.1318651384861758,0.0908629997793751,0.0,0.8330582036273493,-1.2554635040983801,-2.474093054980251,0.6970277953688276,0.9939270346204271,0.8082197808927932,-1.3626816370284955,-1.3196602268723707,-1.0840486483942742,-2.7166569290757363,-2.3725580781655053,-2.3179161840017537
/multi_agv/path_reference,1789710647.0984206,1789710647.0978541,world,s_curve,1,2.132778021319978,0.09086438286129896,0.0001376659531802517,0.8323408828239517,-1.2560281330139296,-2.4753971733142537,0.6961707651472887,0.9931258569208357,0.8077260264037307,-1.3630687750706911,-1.3204345931298553,-1.0845810308412422,-2.717961047409739,-2.373862196499508,-2.3192203023357565
/multi_agv/path_reference,1789710647.1083198,1789710647.1078572,world,s_curve,1,2.133686964637597,0.09086438286129896,0.0,0.8316259266744752,-1.2565893954660974,-2.4766956637679955,0.6953169325816644,0.9923271340732998,0.8072337133684617,-1.3634531317352643,-1.3212045789801912,-1.085110475682837,-2.719259537863481,-2.37516068695325,-2.3205187927894984
/multi_agv/path_reference,1789710647.1184585,1789710647.1178343,world,s_curve,1,2.1345935194031833,0.09086438286129896,0.0,0.8309121240859602,-1.2571482579631408,-2.4779907420045473,0.6944648474433078,0.9915295150240224,0.8067420097905502,-1.3638353738525653,-1.3219715078681684,-1.0856378921686884,-2.7205546161000322,-2.3764557651898017,-2.32181387102605
/multi_agv/path_reference,1789710647.1284301,1789710647.1278765,world,s_curve,1,2.135505824157782,0.09086438286129896,0.0,0.8301930639295044,-1.2577097313259942,-2.4792940345111165,0.6936068586902303,0.9907258348256003,0.8062464982726827,-1.3642189259447448,-1.3227422575603456,-1.0861680104728924,-2.721857908606602,-2.377759057696371,-2.3231171635326193
/multi_agv/path_reference,1789710647.1385593,1789710647.137856,world,s_curve,1,2.136412725361913,0.09086311469719871,-0.0001270583163531041,0.829477538256099,-1.2582669500342387,-2.480589607659876,0.6927534572334089,0.9899259200530857,0.8057532374818028,-1.3645990978941445,-1.3235074035790175,-1.0866943486295542,-2.723153481755361,-2.3790546308451304,-2.3244127366813787
/multi_agv/path_reference,1789710647.1483738,1789710647.1478474,world,s_curve,1,2.1373206017089914,0.09086311469719871,0.0,0.8287605203540693,-1.2588238384195416,-2.4818865738699873,0.6918986451604514,0.9891241525641926,0.8052587633375642,-1.3649785703841908,-1.3242723331644655,-1.0872206117099683,-2.7244504479654728,-2.380351597055242,-2.32570970289149
/multi_agv/path_reference,1789710647.1583447,1789710647.1578074,world,s_curve,1,2.138225589245064,0.09086311469719871,0.0,0.8280450655371371,-1.2593780285764347,-2.4831794132072345,0.6910460637461809,0.9883239493637027,0.8047651835015276,-1.365355731459077,-1.325033792979191,-1.0877445612910357,-2.72574328730272,-2.381644436392489,-2.3270025422287373
/multi_agv/path_reference,1789710647.1683333,1789710647.167806,world,s_curve,1,2.1391341158994543,0.09086311469719871,0.0,0.8273260928805181,-1.2599334553337298,-2.484477308427792,0.6901896585637075,0.987519627430752,0.8042689926470948,-1.365733258655244,-1.3257971895757465,-1.0882699177701987,-2.727041182523277,-2.3829423316130462,-2.3283004374492946
/multi_agv/path_reference,1789710647.1784863,1789710647.1779356,world,s_curve,1,2.140054446573015,0.09086447748405839,0.00013454828735393726,0.8265970448173805,-1.2604951468379746,-2.4857920665328788,0.6893216279179515,0.9867038460597755,0.8037656604744148,-1.3661145575307443,-1.3265694398415948,-1.0888014431415844,-2.728355940628364,-2.384257089718133,-2.3296151955543816
/multi_agv/path_reference,1789710647.188344,1789710647.1878245,world,s_curve,1,2.1409529175249054,0.09086447748405839,0.0,0.8258846010910936,-1.2610425716044176,-2.4870755964641504,0.6884737316310545,0.9859064621401334,0.8032736095020929,-1.3664856982378595,-1.3273223119961977,-1.0893197045791954,-2.729639470559636,-2.385540619649405,-2.3308987254856532
/multi_agv/path_reference,1789710647.1984408,1789710647.197809,world,s_curve,1,2.1418603081882277,0.09086447748405839,0.0,0.825164372131424,-1.2615945027082247,-2.488371868840325,0.6876169351445934,0.9851001821638414,0.8027759990858372,-1.366859418888089,-1.328081619274327,-1.089842469962258,-2.7309357429358103,-2.3868368920255794,-2.3321949978618277
/multi_agv/path_reference,1789710647.208337,1789710647.2078195,world,s_curve,1,2.14276977083423,0.09086447748405839,0.0,0.8244417813108788,-1.2621467568991735,-2.489671101191757,0.6867576968682967,0.9842910741686215,0.8022765728957182,-1.3672328782054999,-1.3288416110700882,-1.0903657814219325,-2.7322349752872426,-2.3881361243770116,-2.33349423021326
/multi_agv/path_reference,1789710647.2183404,1789710647.2178059,world,s_curve,1,2.1436773230511443,0.09086550515501715,0.00010289197586725404,0.8237199938093834,-1.2626969147959182,-2.4909676043587776,0.6858997806338684,0.9834826822547398,0.8017775185395424,-1.3676044399800324,-1.3295989579688439,-1.0908873464388782,-2.733531478454263,-2.389432627544032,-2.3347907333802804
/multi_agv/path_reference,1789710647.2285054,1789710647.2278085,world,s_curve,1,2.1445861878202805,0.09086550515501715,0.0,0.8229964482304655,-1.2632469301102125,-2.4922659826004008,0.6850401416128195,0.9826721378802142,0.8012770651983628,-1.367975424152751,-1.3303563492321,-1.0914090169457864,-2.734829856695886,-2.3907310057856552,-2.3360891116219036
/multi_agv/path_reference,1789710647.2384813,1789710647.2378247,world,s_curve,1,2.145496241837148,0.09086550515501715,0.0,0.8222712409859091,-1.2637967233879768,-2.493566059767354,0.6841788958696864,0.9818595482947902,0.8007752787932508,-1.368345775130697,-1.3311136764554334,-1.0919307185777998,-2.736129933862839,-2.3920310829526086,-2.3373891887888565
/multi_agv/path_reference,1789710647.248522,1789710647.247875,world,s_curve,1,2.146409451158682,0.09086550515501715,0.0,0.8215428013766051,-1.2643474745855765,-2.494870644512403,0.6833141807135783,0.9810431522353912,0.800271071180846,-1.368716284244387,-1.331872566780435,-1.0924535727319074,-2.7374345186078886,-2.3933356676976576,-2.3386937735339055
/multi_agv/path_reference,1789710647.2584167,1789710647.2578096,world,s_curve,1,2.1473122226536954,0.0908603274268795,-0.0005211175546785869,0.8208219817569338,-1.264890995821909,-2.4961603180767074,0.6824588743913719,0.9802351146684387,0.7997719562109908,-1.3690814489361267,-1.3326217351899305,-1.0929698033396698,-2.7387241921721928,-2.394625341261962,-2.33998344709821
/multi_agv/path_reference,1789710647.268377,1789710647.2678368,world,s_curve,1,2.148223326313315,0.0908603274268795,0.0,0.820093799317867,-1.2654385906495556,-2.4974618947333065,0.6815951973295588,0.9794186404739493,0.7992675601500929,-1.369448865369336,-1.3333767610001703,-1.0934901455791604,-2.740025768828792,-2.395926917918561,-2.3412850237548093
/multi_agv/path_reference,1789710647.2783446,1789710647.2778046,world,s_curve,1,2.1491289953441695,0.0908603274268795,0.0,0.8193692545800045,-1.2659819792763292,-2.4987557076345275,0.6807361987139258,0.9786060631282895,0.7987655018977985,-1.3698129757139665,-1.334126229241802,-1.0940067328732188,-2.7413195817300124,-2.397220730819782,-2.34257883665603
/multi_agv/path_reference,1789710647.28835,1789710647.287844,world,s_curve,1,2.15004116779382,0.0908603274268795,0.0,0.818638797163109,-1.2665283220438368,-2.5000588111340285,0.6798705565054132,0.9777866715276247,0.7982591634562894,-1.3701785771557649,-1.33488001613591,-1.0945263728398356,-2.742622685229514,-2.398523834319283,-2.3438819401555313
/multi_agv/path_reference,1789710647.2983587,1789710647.2978697,world,s_curve,1,2.1509520109346303,0.09086233739077858,0.0002005065524007661,0.8179086944823749,-1.2670729183924014,-2.5013600156209,0.6790057011622561,0.9769674946117012,0.7977528876731675,-1.3705425199510768,-1.335631638489987,-1.0950445967361406,-2.7439238897163856,-2.3998250388061546,-2.345183144642403
/multi_agv/path_reference,1789710647.308391,1789710647.3078277,world,s_curve,1,2.15185676920643,0.09086233739077858,0.0,0.8171827683423541,-1.2676129356632349,-2.502652527437757,0.6781461554015087,0.9761528226797311,0.7972493269458227,-1.3709029170841718,-1.3363771838156826,-1.09555870608985,-2.7452164015332423,-2.4011175506230114,-2.3464756564592597
/multi_agv/path_reference,1789710647.318362,1789710647.3178227,world,s_curve,1,2.152765006142817,0.09086233739077858,0.0,0.8164533497907133,-1.2681540851718576,-2.5039500087754525,0.6772828370953256,0.9753340500147729,0.7967431622620413,-1.3712635822907113,-1.3371245360643411,-1.09607413716052,-2.746513882870938,-2.402415031960707,-2.347773137796955
/multi_agv/path_reference,1789710647.328438,1789710647.3278763,world,s_curve,1,2.1536784306826324,0.09086233739077858,0.0,0.8157190574297226,-1.2686973705458562,-2.505254900975189,0.6764141164798456,0.9745096234094085,0.7962334323999137,-1.371625177415289,-1.3378750848464245,-1.096591849375855,-2.7478187750706744,-2.4037199241604434,-2.349078029996692
/multi_agv/path_reference,1789710647.3382351,1789710647.3378043,world,s_curve,1,2.154580722008941,0.09086386213981011,0.00015354750927947067,0.8149930197793235,-1.2692330932849476,-2.506543888584201,0.6755555219253094,0.973694284652773,0.7957292527598883,-1.3719812523546449,-1.338615429131813,-1.0971025983683846,-2.7491077626796865,-2.4050089117694555,-2.350367017605704
/multi_agv/path_reference,1789710647.3485334,1789710647.3478892,world,s_curve,1,2.1554970494394894,0.09086386213981011,0.0,0.814254981434539,-1.2697761911033865,-2.507852927770699,0.6746831017212626,0.972865286163531,0.7952165564188236,-1.3723417330426884,-1.339366213619379,-1.0976206266480923,-2.7504168018661845,-2.4063179509559536,-2.351676056792202
/multi_agv/path_reference,1789710647.3583274,1789710647.3578222,world,s_curve,1,2.1563994846032917,0.09086386213981011,0.0,0.8135274383174742,-1.2703101106891528,-2.509142120861845,0.673823447838297,0.9720478962884391,0.7947109708256865,-1.3726956323423336,-1.3401045546275892,-1.0981301450975354,-2.7517059949573306,-2.4076071440470996,-2.352965249883348
/multi_agv/path_reference,1789710647.3684232,1789710647.3678875,world,s_curve,1,2.1573139644080674,0.09086386213981011,0.0,0.8127894829993615,-1.2708501987766856,-2.5104485205829534,0.6729518553563,0.9712186262823193,0.7941979673594652,-1.3730531238579202,-1.3408516741799086,-1.0986457982922277,-2.753012394678439,-2.408913543768208,-2.3542716496044562
/multi_agv/path_reference,1789710647.378375,1789710647.377874,world,s_curve,1,2.1582214002588227,0.09085995851039566,-0.00039086355949206344,0.8120565149206789,-1.2713851730773746,-2.511744857512604,0.6720865153864357,0.9703947796121255,0.7936882497634756,-1.3734067356530573,-1.341591967153884,-1.0991568164251826,-2.754308731608089,-2.4102098806978582,-2.3555679865341066
/multi_agv/path_reference,1789710647.388315,1789710647.387882,world,s_curve,1,2.1591308108599163,0.09085995851039566,0.0,0.8113212567127862,-1.2719203579901384,-2.513044015514166,0.671218833207947,0.9695681780890476,0.7931767588413642,-1.3737599913755285,-1.3423327991844,-1.0996682834104863,-2.755607889609651,-2.4115090386994202,-2.3568671445356686
/multi_agv/path_reference,1789710647.3985221,1789710647.3978114,world,s_curve,1,2.160033064512938,0.09085995851039566,0.0,0.8105910983812847,-1.2724503866215437,-2.514332949304197,0.6703575267477434,0.9687471313562139,0.792668637039897,-1.3741093527135733,-1.3430667390736006,-1.1001750680774574,-2.7568968233996825,-2.4127979724894515,-2.3581560783257
/multi_agv/path_reference,1789710647.4086034,1789710647.4078095,world,s_curve,1,2.160941469385151,0.09085995851039566,0.0,0.8098552726960396,-1.2729830777647813,-2.5156306705502156,0.6694898941816715,0.9679195321820755,0.7921563917243719,-1.3744599742216503,-1.343804613141608,-1.1006846459310855,-2.758194544645701,-2.41409569373547,-2.3594537995717184
/multi_agv/path_reference,1789710647.418553,1789710647.4178011,world,s_curve,1,2.1618493604581497,0.09086205135470886,0.00020945257985089375,0.809119173175802,-1.2735145131591048,-2.5169276577973565,0.6686222985173628,0.9670914451134569,0.7916437758965862,-1.3748092722101575,-1.344540996240105,-1.1011932710270518,-2.759491531892842,-2.415392680982611,-2.3607507868188593
/multi_agv/path_reference,1789710647.4284267,1789710647.4278576,world,s_curve,1,2.1627629696617645,0.09086205135470886,0.0,0.8083777423347518,-1.2740483314462079,-2.5182328138025207,0.6677487819142123,0.9662571791102981,0.791127265979745,-1.3751596339352883,-1.3452809324336512,-1.1017044279696842,-2.7607966878980057,-2.416697836987775,-2.3620559428240235
/multi_agv/path_reference,1789710647.4383998,1789710647.4378197,world,s_curve,1,2.1636681385985668,0.09086205135470886,0.0,0.8076424747841758,-1.2745762635599824,-2.5195259122836666,0.666882885101483,0.9654296688218715,0.7906148704291731,-1.3755056344703371,-1.346012958596291,-1.1022101976133192,-2.762089786379152,-2.417990935468921,-2.3633490413051694
/multi_agv/path_reference,1789710647.4483972,1789710647.4478312,world,s_curve,1,2.1645777638646777,0.09086205135470886,0.0,0.8069029002478679,-1.2751058365123735,-2.5208253769495395,0.6660122752947369,0.9645971316302693,0.7900992938185976,-1.3758522101459498,-1.3467475100600625,-1.102717789331108,-2.763389251045025,-2.419290400134794,-2.3646485059710423
/multi_agv/path_reference,1789710647.4583533,1789710647.4578557,world,s_curve,1,2.1654885936082753,0.09086089216711256,-0.00011563612182106313,0.8061616575041435,-1.2756351472893412,-2.5221265622975357,0.6651400621525336,0.9637625363222065,0.7895823740376903,-1.3761981108717993,-1.3474819495548158,-1.1032253814414084,-2.764690436393021,-2.42059158548279,-2.3659496913190385
/multi_agv/path_reference,1789710647.468467,1789710647.4679308,world,s_curve,1,2.166404099416827,0.09086089216711256,0.0,0.8054159157925427,-1.276166202903107,-2.5234344277383243,0.6642629182632844,0.962922693898601,0.7890621352157426,-1.3765446432601138,-1.3482190644052632,-1.1037349010439437,-2.7659983018338097,-2.4218994509235787,-2.367257556759827
/multi_agv/path_reference,1789710647.4782522,1789710647.4778254,world,s_curve,1,2.1673030838984957,0.09086089216711256,0.0,0.8046829563367027,-1.2766867251622878,-2.524718691283565,0.6634011628753245,0.9620970697143063,0.7885506364204775,-1.3768838051413792,-1.3489418074025217,-1.1042345629429624,-2.7672825653790505,-2.4231837144688195,-2.368541820305068
/multi_agv/path_reference,1789710647.4884245,1789710647.487963,world,s_curve,1,2.168224241527123,0.09086089216711256,0.0,0.8039312262443736,-1.2772191095359549,-2.526034630753033,0.6625177018573697,0.9612501200381006,0.7880258568376507,-1.377230184524909,-1.3496812765993134,-1.104745867483642,-2.7685985048485184,-2.4244996539382875,-2.369857759774536
/multi_agv/path_reference,1789710647.4984074,1789710647.4978392,world,s_curve,1,2.169121707577684,0.09085872493517672,-0.0002194087789798811,0.8031981564885851,-1.2777368487879,-2.527316725110977,0.6616565247270858,0.9604240176745054,0.787513927064164,-1.377566536147383,-1.350400653906719,-1.1052433563095976,-2.7698805992064623,-2.4257817482962314,-2.3711398541324797
/multi_agv/path_reference,1789710647.5083044,1789710647.5078216,world,s_curve,1,2.170028557335639,0.09085872493517672,0.0,0.8024567485993045,-1.278259046746037,-2.5286122247651983,0.6607859063245394,0.9595883419395662,0.786995997533808,-1.3779052832487702,-1.3511264768801554,-1.1057453801091854,-2.7711760988606837,-2.4270772479504528,-2.372435353786701
/multi_agv/path_reference,1789710647.5183244,1789710647.5178006,world,s_curve,1,2.1709353605739263,0.09085872493517672,0.0,0.8017147029841144,-1.2787802571642555,-2.5299076579627515,0.6599148945749213,0.9587517696178106,0.7864774447596116,-1.3782428849955977,-1.3518511795827117,-1.1062467069144568,-2.772471532058237,-2.428372681148006,-2.3737307869842543
/multi_agv/path_reference,1789710647.528423,1789710647.5278404,world,s_curve,1,2.171847543012165,0.09085872493517672,0.0,0.8009675749632867,-1.2793035891817122,-2.5312107757316644,0.6590382754693453,0.957909288272985,0.7859551611475298,-1.3785813507658609,-1.3525790872927208,-1.1067503294865546,-2.77377464982715,-2.429675798916919,-2.3750339047531672
/multi_agv/path_reference,1789710647.5383775,1789710647.5378358,world,s_curve,1,2.172755683186706,0.0908611107677744,0.0002387069815964497,0.8002230810340873,-1.279823634610187,-2.532508118838151,0.6581651036971811,0.9570695988338914,0.7854345405711897,-1.378917181700535,-1.3533026782490079,-1.1072510438810181,-2.7750719929336363,-2.4309731420234053,-2.3763312478596537
/multi_agv/path_reference,1789710647.548591,1789710647.5479252,world,s_curve,1,2.173672486150408,0.0908611107677744,0.0,0.7994708015330183,-1.2803476604719999,-2.533817837357726,0.6572831614198753,0.9562209479717754,0.7849082952074042,-1.3792550666610983,-1.3540320658195917,-1.1077558489353097,-2.776381711453211,-2.4322828605429803,-2.3776409663792286
/multi_agv/path_reference,1789710647.558389,1789710647.5578053,world,s_curve,1,2.174570200648516,0.0908611107677744,0.0,0.7987335209720122,-1.2808598211717515,-2.5351002866407373,0.6564191540877822,0.9553890420222678,0.7843923668059868,-1.3795847976384024,-1.3547451899836682,-1.1082494758931838,-2.7776641607362222,-2.4335653098259917,-2.37892341566224
/multi_agv/path_reference,1789710647.568371,1789710647.56781,world,s_curve,1,2.175479224174776,0.0908611107677744,0.0,0.7979862836229765,-1.2813774697001254,-2.536398891678251,0.6555438320206934,0.9545457246980997,0.7838692941501364,-1.3799175528213166,-1.3554662098044425,-1.1087486464746172,-2.778962765773736,-2.4348639148635054,-2.3802220206997533
/multi_agv/path_reference,1789710647.5783455,1789710647.577855,world,s_curve,1,2.17639177031256,0.09085582032628874,-0.0005267321630824425,0.7972354747794023,-1.2818961472644976,-2.5377025290179427,0.6546646837200337,0.9536981979997896,0.7833435426183837,-1.3802504534066582,-1.3561889210884739,-1.1092490672983608,-2.780266403113428,-2.436167552203197,-2.3815256580394455
/multi_agv/path_reference,1789710647.5884092,1789710647.587842,world,s_curve,1,2.177299258961106,0.09085582032628874,0.0,0.7964881570059215,-1.2824109789615805,-2.5389989413730083,0.6537899780528909,0.9528544347011532,0.7828200582637206,-1.3805803719692222,-1.356906530504862,-1.1097460344106571,-2.7815628154684937,-2.4374639645582628,-2.382822070394511
/multi_agv/path_reference,1789710647.5982406,1789710647.5978014,world,s_curve,1,2.178204153039991,0.09085582032628874,0.0,0.7957423119369481,-1.2829233736445158,-2.540291647199987,0.6529173481035062,0.9520121581745222,0.782297429532816,-1.380908217911249,-1.3576209984855037,-1.1102409045367947,-2.782855521295472,-2.4387566703852412,-2.3841147762214896
/multi_agv/path_reference,1789710647.608422,1789710647.6078598,world,s_curve,1,2.1791178813937093,0.09085582032628874,0.0,0.7949885140633038,-1.2834397922237808,-2.5415969734195847,0.6520357697578743,0.9511607224280771,0.7817690500039602,-1.3812381198963255,-1.3583413364967118,-1.110739920278305,-2.78416084751507,-2.440061996604839,-2.3854201024410875
/multi_agv/path_reference,1789710647.6184616,1789710647.6179295,world,s_curve,1,2.1800329073976994,0.09085891044795526,0.00030683837021832223,0.7942329707998463,-1.2839559577429411,-2.5429041534252845,0.6511525086453577,0.9503071359641984,0.7812392677899831,-1.3815673369446404,-1.3590615831530966,-1.1112389531310862,-2.78546802752077,-2.441369176610539,-2.3867272824467873
/multi_agv/path_reference,1789710647.6284497,1789710647.6278725,world,s_curve,1,2.180936138461371,0.09085891044795526,0.0,0.7934865055391871,-1.2844645006153248,-2.544194483516244,0.6502802116308608,0.9494636297540053,0.7807156752326954,-1.381891177583402,-1.3597714506377176,-1.1117308736248548,-2.786758357611729,-2.4426595067014985,-2.388017612537747
/multi_agv/path_reference,1789710647.638357,1789710647.6378033,world,s_curve,1,2.181838640382286,0.09085891044795526,0.0,0.7927399882428223,-1.2849716707326413,-2.545483771974694,0.649408202302505,0.9486198904654164,0.7801918719605458,-1.3822136325555037,-1.3604796576153182,-1.1122217220271018,-2.7880476460701793,-2.4439487951599483,-2.3893069009961967
/multi_agv/path_reference,1789710647.648353,1789710647.6478689,world,s_curve,1,2.1827530269212643,0.09085891044795526,0.0,0.7919829741405744,-1.28548453745039,-2.5467900384589486,0.648524286606587,0.9477641098472366,0.7796605259678996,-1.3825391868548662,-1.3611960805461591,-1.112718344950145,-2.789353912554434,-2.445255061644203,-2.3906131674804514
/multi_agv/path_reference,1789710647.658446,1789710647.6578383,world,s_curve,1,2.1836590272345777,0.0908612483341885,0.000234462680083432,0.7912322429643438,-1.285991724942373,-2.548084324620825,0.6476480591350644,0.9469152558153983,0.7791334139425689,-1.3828606165127821,-1.361904829934979,-1.1132097283793576,-2.7906481987163105,-2.4465493478060796,-2.391907453642328
/multi_agv/path_reference,1789710647.66886,1789710647.6679337,world,s_curve,1,2.184576230194643,0.0908612483341885,0.0,0.7904715608201092,-1.2865041933054633,-2.549394614563776,0.6467605739496737,0.9460549718786868,0.7785991366319671,-1.3831848648625304,-1.3626212229596586,-1.1137064920942006,-2.791958488659261,-2.4478596377490303,-2.3932177435852786
/multi_agv/path_reference,1789710647.678669,1789710647.6778402,world,s_curve,1,2.1854763627794007,0.0908612483341885,0.0,0.7897243842082237,-1.2870061551249607,-2.5506805182562866,0.6458891941560136,0.9452097874919555,0.778074170976702,-1.3835019483112165,-1.3633231870752094,-1.1141933299884563,-2.793244392351772,-2.449145541441541,-2.3945036472777894
/multi_agv/path_reference,1789710647.6886978,1789710647.68789,world,s_curve,1,2.18638947689243,0.0908612483341885,0.0,0.7889657725907813,-1.2875143732659757,-2.5519849669891856,0.6450048311331081,0.944351491961207,0.7775409946780287,-1.383822458776074,-1.364034162965996,-1.1146864980558573,-2.794548841084671,-2.45044999017444,-2.3958080960106884
/multi_agv/path_reference,1789710647.6984532,1789710647.6978056,world,s_curve,1,2.18729045193479,0.090857005199571,-0.00042789032534653937,0.7882165966048769,-1.2880148642807696,-2.5532720741925568,0.6441318155968938,0.9435036981205067,0.7770142760972301,-1.3841375769031337,-1.3647345886212185,-1.1151724273179566,-2.795835948288042,-2.451737097377811,-2.3970952032140596
/multi_agv/path_reference,1789710647.7084143,1789710647.7078319,world,s_curve,1,2.188201386812917,0.090857005199571,0.0,0.7874584848710746,-1.2885199076768836,-2.5545734097327384,0.6432487379981545,0.9426456168236357,0.7764810997914338,-1.3844550363151895,-1.365441647623003,-1.1156630390924582,-2.797137283828224,-2.453038432917993,-2.398396538754241
/multi_agv/path_reference,1789710647.7183485,1789710647.717827,world,s_curve,1,2.1891095387409747,0.090857005199571,0.0,0.7867020356191627,-1.2890224256720462,-2.555870769629964,0.6423679477553014,0.9417892418180618,0.7759489172841252,-1.3847703816842094,-1.3661454343881239,-1.1161514609438055,-2.7984346437254493,-2.4543357928152183,-2.399693898651466
/multi_agv/path_reference,1789710647.728422,1789710647.7278547,world,s_curve,1,2.190020455811129,0.090857005199571,0.0,0.7859426289033736,-1.2895254875258662,-2.557172079730184,0.6414840655006746,0.9409293428674589,0.7754144783419875,-1.3850855391145316,-1.366850247432476,-1.1166406760305911,-2.799735953825669,-2.4556371029154382,-2.400995208751686
/multi_agv/path_reference,1789710647.7385232,1789710647.73794,world,s_curve,1,2.190936976444337,0.09085982020451899,0.000279067196287659,0.7851778906407172,-1.2900306462512037,-2.5584813949204817,0.6405943328697287,0.9400632293036688,0.7748761097487542,-1.3854014741928924,-1.3675582662795702,-1.1171321982811482,-2.8010452690159666,-2.456946418105736,-2.402304523941984
/multi_agv/path_reference,1789710647.748374,1789710647.7478678,world,s_curve,1,2.191838843478322,0.09085982020451899,0.0,0.7844247342644198,-1.2905267505794553,-2.559769776397603,0.6397184225182939,0.9392100592562483,0.7743457210187173,-1.3857112206406634,-1.3682538576089467,-1.1176151734887556,-2.8023336504930882,-2.4582347995828573,-2.4035929054191056
/multi_agv/path_reference,1789710647.7584012,1789710647.7578409,world,s_curve,1,2.1927451436537946,0.09085982020451899,0.0,0.783667232563202,-1.291024315714354,-2.561064490933992,0.6388378054190251,0.9383517934356057,0.7738120988349754,-1.3860213526844067,-1.3689517603517323,-1.118099834106923,-2.8036283650294775,-2.4595295141192466,-2.404887619955495
/multi_agv/path_reference,1789710647.7685108,1789710647.767873,world,s_curve,1,2.1936566594555265,0.09085982020451899,0.0,0.78290472238251,-1.2915237545611156,-2.562366656365038,0.6379517162045896,0.9374876777148099,0.7732747732281305,-1.3863321191709101,-1.36965255796122,-1.1185865865512163,-2.804930530460523,-2.4608316795502927,-2.40618978538654
/multi_agv/path_reference,1789710647.77843,1789710647.7778585,world,s_curve,1,2.1945638751870873,0.09086152716638712,0.00017095951575520847,0.7821451643465044,-1.2920198511816416,-2.563662678838696,0.6370694061686559,0.9366267331976174,0.77273935367324,-1.3866402738668233,-1.3703489318943554,-1.119070347783746,-2.806226552934181,-2.4621277020239503,-2.4074858078601986
/multi_agv/path_reference,1789710647.7884636,1789710647.7878714,world,s_curve,1,2.1954737402590574,0.09086152716638712,0.0,0.781382743023107,-1.292516407379563,-2.5649624860843674,0.6361841191215432,0.9357623686980314,0.7722017412497464,-1.3869481796656544,-1.3710462181298138,-1.1195548243432205,-2.807526360179853,-2.463427509269622,-2.40878561510587
/multi_agv/path_reference,1789710647.7983587,1789710647.797834,world,s_curve,1,2.1963789832051406,0.09086152716638712,0.0,0.7806235545067125,-1.2930094565385166,-2.566255690293058,0.6353029324872443,0.9349014960377141,0.7716662349951792,-1.387253378442663,-1.3717388459490591,-1.1200361452238277,-2.808819564388543,-2.4647207134783122,-2.41007881931456
/multi_agv/path_reference,1789710647.8083918,1789710647.8078382,world,s_curve,1,2.197287964467036,0.09086152716638712,0.0,0.7798605899734797,-1.2935035536320603,-2.567554234952908,0.6344177105680169,0.9340361678318996,0.7711278915205229,-1.3875586908136517,-1.372433213405952,-1.120518756676577,-2.8101181090483935,-2.4660192581381626,-2.411377363974411
/multi_agv/path_reference,1789710647.8184073,1789710647.817862,world,s_curve,1,2.1981986734115835,0.09086290018994145,0.0001369887744288664,0.7790955325639553,-1.2939975959609102,-2.5688552477308333,0.633530409348492,0.9331682914740078,0.770587896869366,-1.3878634305508557,-1.3731277732755405,-1.1210015840563343,-2.8114191218263187,-2.4673202709160877,-2.412678376752336
/multi_agv/path_reference,1789710647.8285499,1789710647.8279355,world,s_curve,1,2.1991140707909183,0.09086290018994145,0.0,0.778325889559839,-1.2944931783319702,-2.57016295827274,0.6326381415038836,0.9322950373919052,0.770044489783728,-1.3881685756697155,-1.3738247704997018,-1.121486188826493,-2.8127268323682255,-2.4686279814579946,-2.413986087294243
/multi_agv/path_reference,1789710647.8383942,1789710647.8378627,world,s_curve,1,2.200015916513867,0.09086290018994145,0.0,0.7775670072192777,-1.2949804392333972,-2.571451309305524,0.6317586933115726,0.9314338203582142,0.7695085079880464,-1.3884680619189278,-1.3745103318176803,-1.1219629239635833,-2.8140151834010094,-2.4699163324907785,-2.415274438327027
/multi_agv/path_reference,1789710647.8482747,1789710647.8478518,world,s_curve,1,2.200923650879651,0.09086290018994145,0.0,0.7768025365618193,-1.2954698942102238,-2.5727480726852154,0.6308731139578061,0.9305660889065319,0.76896840682112,-1.388768359462656,-1.3751992487186784,-1.1224420744493373,-2.8153119467807004,-2.47121309587047,-2.4165712017067182
/multi_agv/path_reference,1789710647.8583546,1789710647.8578207,world,s_curve,1,2.201829490586584,0.09086429613326408,0.00014002632748588673,0.7760390295344138,-1.2959573390548547,-2.5740421294094054,0.6299889956432143,0.9296992788557228,0.7684288141043045,-1.389066885291422,-1.375885605509928,-1.1229195263632141,-2.8166060035048908,-2.47250715259466,-2.4178652584309077
/multi_agv/path_reference,1789710647.8682933,1789710647.8678498,world,s_curve,1,2.2027406450370615,0.09086429613326408,0.0,0.7752704071501351,-1.296446646671212,-2.575343778624373,0.6290993010509823,0.9288264877629919,0.767885432636431,-1.3893660081721941,-1.3765748571018577,-1.123399074739584,-2.8179076527198585,-2.4738088018096276,-2.419166907645876
/multi_agv/path_reference,1789710647.8783808,1789710647.8778393,world,s_curve,1,2.2036484262414096,0.09086429613326408,0.0,0.7745039976984183,-1.2969331475961572,-2.576640608916299,0.6282125139033264,0.9279560365269819,0.7673434426649466,-1.3896628718976474,-1.3772604267692812,-1.123876144121543,-2.8192044830117844,-2.4751056321015534,-2.420463737937802
/multi_agv/path_reference,1789710647.8885355,1789710647.8878696,world,s_curve,1,2.204559713172031,0.09086429613326408,0.0,0.7737339945182606,-1.2974205271751207,-2.577942447388615,0.6273219156008168,0.9270813301999921,0.7667987377539731,-1.3899597250702407,-1.3779475079909589,-1.1243543484641623,-2.8205063214841006,-2.4764074705738697,-2.421765576410118
/multi_agv/path_reference,1789710647.8984253,1789710647.8978584,world,s_curve,1,2.2054673099897006,0.09086105544652864,-0.0003244306408093494,0.7729664793884089,-1.297904936498894,-2.5792390142710007,0.6264345403108762,0.9262092775879422,0.7662556202664084,-1.3902542236113467,-1.3786306746496044,-1.1248299112357305,-2.821802888366486,-2.477704037456255,-2.4230621432925035
/multi_agv/path_reference,1789710647.9084113,1789710647.90782,world,s_curve,1,2.206372502623843,0.09086105544652864,0.0,0.7722003719854704,-1.298387070336183,-2.58053214660549,0.6255491356066827,0.9253386530262546,0.765713327323474,-1.390546795100165,-1.3793109041546188,-1.125303511753765,-2.8230960207009748,-2.4789971697907442,-2.4243552756269926
/multi_agv/path_reference,1789710647.9183064,1789710647.9178321,world,s_curve,1,2.2072823656070963,0.09086105544652864,0.0,0.7714296843642197,-1.298870693247548,-2.5818319508672802,0.6246587822991121,0.9244626509276798,0.7651676198658671,-1.3908397223116553,-1.3799935084402355,-1.1257788489907532,-2.8243958249627656,-2.4802969740525347,-2.425655079888783
/multi_agv/path_reference,1789710647.9288015,1789710647.9278593,world,s_curve,1,2.208193261498828,0.09086105544652864,0.0,0.7706574928432026,-1.299353861397461,-2.5831332307126114,0.623767037633667,0.9235847663844683,0.7646206745114725,-1.3911318226318194,-1.3806757465651995,-1.1262540149953635,-2.8256971048080968,-2.481598253897866,-2.426956359734114
/multi_agv/path_reference,1789710647.938785,1789710647.9378123,world,s_curve,1,2.209097773565633,0.09086287912698188,0.00018319806077730824,0.7698900915490893,-1.2998326486323595,-2.5844253908080472,0.6228811671832504,0.9227121565550852,0.7640769509089324,-1.3914207273151176,-1.3813520723748223,-1.1267251462071388,-2.8269892649035326,-2.4828904139933017,-2.42824851982955
/multi_agv/path_reference,1789710647.948608,1789710647.9478083,world,s_curve,1,2.210006043175942,0.09086287912698188,0.0,0.7691188805090209,-1.300312426808227,-2.585722918822774,0.6219912418291695,0.9218350431646586,0.7635303565332346,-1.3917096802488589,-1.3820300727834802,-1.1271975273923418,-2.8282867929182594,-2.4841879420080284,-2.4295460478442767
/multi_agv/path_reference,1789710647.9586205,1789710647.9578118,world,s_curve,1,2.2109149704517694,0.09086287912698188,0.0,0.7683464885379027,-1.300791550296252,-2.5870213863596705,0.6211002975547476,0.9209564147717891,0.7629827532871712,-1.391997686279267,-1.3827074243066517,-1.127669540302837,-2.829585260455156,-2.485486409544925,-2.4308445153811733
/multi_agv/path_reference,1789710647.9686494,1789710647.9678125,world,s_curve,1,2.211823677112527,0.09086287912698188,0.0,0.7675736628372783,-1.301269554598767,-2.588319538732181,0.6202091964951562,0.9200771212257653,0.7624346707909136,-1.3922844657930407,-1.3833834704690446,-1.1281407275342155,-2.8308834128276663,-2.4867845619174354,-2.4321426677536837
/multi_agv/path_reference,1789710647.9786172,1789710647.97781,world,s_curve,1,2.2127320800945114,0.09086428637006115,0.00014076146895519094,0.7668004758945176,-1.3017463960937359,-2.5896172572778733,0.6193180219336288,0.9191972451479369,0.7618861606019871,-1.392569993102852,-1.3840581493317763,-1.1286110458465792,-2.8321811313733587,-2.4880822804631277,-2.433440386299376
/multi_agv/path_reference,1789710647.9886088,1789710647.987811,world,s_curve,1,2.213640834266963,0.09086428637006115,0.0,0.7660263715608725,-1.30222241763651,-2.5909154775242325,0.6184261328822821,0.9183161536368452,0.7613368281634905,-1.3928544734557573,-1.384731946027192,-1.1290808334265807,-2.833479351619718,-2.4893805007094874,-2.4347386065457353
/multi_agv/path_reference,1789710647.9989438,1789710647.9978416,world,s_curve,1,2.2145522373150905,0.09086428637006115,0.0,0.7652493907695295,-1.3026988168891813,-2.5922174818787007,0.6175312739000248,0.9174316160286354,0.7607852823799283,-1.3931386197888302,-1.3854065572475465,-1.1295512736311673,-2.834781355974186,-2.490682505063955,-2.4360406109002035
/multi_agv/path_reference,1789710648.0086617,1789710648.007879,world,s_curve,1,2.215464303763373,0.09086428637006115,0.0,0.7644712240644445,-1.3031745496578833,-2.5935204339476754,0.6166353938893072,0.9165455559539686,0.7602327223500578,-1.3934218062168944,-1.3860805058996086,-1.1300213368571468,-2.836084308043161,-2.49198545713293,-2.437343562969178
/multi_agv/path_reference,1789710648.0190098,1789710648.0178485,world,s_curve,1,2.2163700820832513,0.09085858501554053,-0.0005719026311921879,0.7636978091792843,-1.3036459981332875,-2.594814402976073,0.6157453256467256,0.9156647360458431,0.7596833658452843,-1.393701884207147,-1.3867486643885527,-1.1304874458041632,-2.837378277071558,-2.4932794261613274,-2.4386375319975757
/multi_agv/path_reference,1789710648.0289314,1789710648.0278628,world,s_curve,1,2.217279850821325,0.09085858501554053,0.0,0.7629203737298018,-1.304118516027617,-2.5961140726018925,0.6148509722867325,0.9147791662688346,0.7591309826338385,-1.3939820367481583,-1.3874186188402007,-1.130954892494492,-2.838677946697378,-2.494579095787147,-2.439937201623395
/multi_agv/path_reference,1789710648.03875,1789710648.0378115,world,s_curve,1,2.2181839130042498,0.09085858501554053,0.0,0.7621472070392366,-1.304587068674867,-2.597405590006071,0.6139618688185584,0.9138982894241039,0.7585814628750476,-1.394259280292643,-1.3880832302334756,-1.1314186954984826,-2.8399694641015563,-2.4958706131913253,-2.4412287190275737
/multi_agv/path_reference,1789710648.048906,1789710648.0478513,world,s_curve,1,2.2190961041230586,0.09085858501554053,0.0,0.7613664758269492,-1.3050588220965167,-2.598708720175798,0.6130644088953162,0.9130086230275294,0.758026395558002,-1.3945378528456562,-1.3887526641184813,-1.1318859493254125,-2.8412725942712833,-2.4971737433610524,-2.4425318491973007
/multi_agv/path_reference,1789710648.0587056,1789710648.0578094,world,s_curve,1,2.2200009030617918,0.0908609921326268,0.0002417255782194432,0.7605914648396204,-1.3055257471142738,-2.6000012900882736,0.6121738639241057,0.9121253052512133,0.7574752253435424,-1.3948130123791647,-1.3894155272434046,-1.132348701720252,-2.842565164183759,-2.498466313273528,-2.4438244191097764
/multi_agv/path_reference,1789710648.0685384,1789710648.0678368,world,s_curve,1,2.2209118302110005,0.0908609921326268,0.0,0.7598105957147755,-1.305994822333275,-2.6013026145871434,0.6112769287948664,0.9112351400239649,0.7569197183254954,-1.395088872590997,-1.3900817260743117,-1.1328138683345164,-2.843866488682629,-2.499767637772398,-2.445125743608646
/multi_agv/path_reference,1789710648.0783305,1789710648.0778224,world,s_curve,1,2.2218192450376972,0.0908609921326268,0.0,0.7590321312672232,-1.3064610783292199,-2.6025989214824246,0.6103830959468111,0.9103475459460584,0.7563657519088005,-1.3953625085669321,-1.390744204045891,-1.1332765223748362,-2.84516279557791,-2.501063944667679,-2.4464220505039274
/multi_agv/path_reference,1789710648.0884252,1789710648.0878458,world,s_curve,1,2.222729974564248,0.0908609921326268,0.0,0.7582502160904991,-1.3069280224455848,-2.6038999636632116,0.6094856421019392,0.9094558468319873,0.7558091593375711,-1.3956359788305803,-1.3914079445103498,-1.1337401439958243,-2.8464638377586966,-2.502364986848466,-2.4477230926847144
/multi_agv/path_reference,1789710648.098558,1789710648.0978422,world,s_curve,1,2.223638348503087,0.09086253554748108,0.00015438420353737422,0.7574697189011136,-1.3073927451939011,-2.6051976407186954,0.6085901559224275,0.9085655947043243,0.755253406076589,-1.3959075785681747,-1.3920688121506317,-1.134201844862897,-2.847761514814181,-2.50366266390395,-2.4490207697401982
/multi_agv/path_reference,1789710648.1084967,1789710648.1078098,world,s_curve,1,2.224544017191655,0.09086253554748108,0.0,0.7566909464558755,-1.307855075310737,-2.6064914531309356,0.6076969865275493,0.9076771408797077,0.7546987119603696,-1.396177212427523,-1.3927265610607151,-1.1346614524439727,-2.849055327226421,-2.50495647631619,-2.4503145821524384
/multi_agv/path_reference,1789710648.1184988,1789710648.1178117,world,s_curve,1,2.2254528210011495,0.09086253554748108,0.0,0.7559088771331112,-1.3083179919575454,-2.607789744287356,0.6068003749565698,0.9067847564403951,0.7541415000023687,-1.396446617152021,-1.3933854301654398,-1.1351219285551755,-2.8503536183828415,-2.506254767472611,-2.451612873308859
/multi_agv/path_reference,1789710648.1285021,1789710648.1278634,world,s_curve,1,2.226366169027772,0.09086253554748108,0.0,0.7551222925769729,-1.3087822001372897,-2.609094527182531,0.6058989286358231,0.9058870489475047,0.7535809001475912,-1.396716196146155,-1.3940464261440637,-1.1355839781216506,-2.8516584012780166,-2.5075595503677857,-2.452917656204034
/multi_agv/path_reference,1789710648.1384783,1789710648.1378183,world,s_curve,1,2.227270701091371,0.0908616111296201,-9.285916949316757e-05,0.7543427039873049,-1.3092409154838818,-2.6103867158448155,0.605005837348058,0.9049971570525291,0.7530251175613275,-1.3969820133934234,-1.3946998867602676,-1.1360408462979543,-2.852950589940301,-2.50885173903007,-2.4542098448663183
/multi_agv/path_reference,1789710648.148398,1789710648.1478577,world,s_curve,1,2.228182735143893,0.0908616111296201,0.0,0.753556050339823,-1.3097024152473384,-2.6116896216341328,0.6041049921028813,0.9040990305753928,0.7524641283411949,-1.3972488668707952,-1.395357602491269,-1.1365007763799508,-2.854253495729618,-2.510154644819387,-2.4555127506556356
/multi_agv/path_reference,1789710648.1583507,1789710648.1578488,world,s_curve,1,2.2290905888354104,0.0908616111296201,0.0,0.7527724058549152,-1.3101607813981295,-2.6129865554791576,0.6032079313847984,0.9032041704008454,0.7519051157791018,-1.397513331312129,-1.39601114083592,-1.1369578720463394,-2.855550429574643,-2.511451578664412,-2.4568096845006604
/multi_agv/path_reference,1789710648.1685693,1789710648.1678865,world,s_curve,1,2.230002489593949,0.0908616111296201,0.0,0.7519846702700571,-1.310620167424516,-2.6142892708484986,0.6023065272332767,0.9023044686185185,0.7513430149583761,-1.3977778033324564,-1.3966664237316784,-1.137416275209413,-2.856853144943984,-2.512754294033753,-2.4581123998700014
/multi_agv/path_reference,1789710648.1784768,1789710648.1778617,world,s_curve,1,2.2309091125361347,0.09086331112172678,0.0001703761337890183,0.7512009013045566,-1.3110758770362776,-2.615584446480192,0.6014099993942145,0.9014091285906045,0.750783575928851,-1.398039580412377,-1.397316751658367,-1.1378712990380886,-2.8581483205756775,-2.5140494696654465,-2.4594075755016944
/multi_agv/path_reference,1789710648.1886232,1789710648.1879516,world,s_curve,1,2.231825897721899,0.09086331112172678,0.0,0.7504077476095511,-1.3115356619533358,-2.6168941396027128,0.6005030784354037,0.9005028970217436,0.7502172673715061,-1.3983031106872328,-1.3979731892371008,-1.1383306859356737,-2.859458013698198,-2.5153591627879672,-2.4607172686242156
/multi_agv/path_reference,1789710648.1983793,1789710648.1978343,world,s_curve,1,2.232723879290607,0.09086331112172678,0.0,0.7496302789114692,-1.311985009489712,-2.6181769704151527,0.5996144251567576,0.8996144201283323,0.7496619914493177,-1.3985600845531794,-1.3986150122799699,-1.138779931635987,-2.860740844510638,-2.516641993600407,-2.4620000994366555
/multi_agv/path_reference,1789710648.2085645,1789710648.2079322,world,s_curve,1,2.233641407919983,0.09086331112172678,0.0,0.7488352914643851,-1.312443107320299,-2.6194877255999756,0.598706087883189,0.8987057531461496,0.7490940333638166,-1.3988214740105518,-1.399269628126414,-1.139238219823931,-2.862051599695461,-2.51795274878523,-2.4633108546214784
/multi_agv/path_reference,1789710648.218453,1789710648.2179668,world,s_curve,1,2.2345531742592875,0.09086376273620791,4.5006477309797124e-05,0.748044702698568,-1.3128972957632692,-2.620790248941839,0.5978031166624518,0.8978019437096423,0.7485290477236102,-1.39908004244352,-1.399918952635286,-1.139692892211002,-2.863354123037324,-2.5192552721270935,-2.464613377963342
/multi_agv/path_reference,1789710648.2284558,1789710648.2279613,world,s_curve,1,2.2354611812012726,0.09086376273620791,0.0,0.7472567865312298,-1.3133485879119617,-2.6220874017161035,0.5969035347361421,0.8969010211991795,0.7479658036583681,-1.3993363758509647,-1.4005644295386044,-1.140144958346316,-2.864651275811589,-2.520552424901358,-2.4659105307376064
/multi_agv/path_reference,1789710648.2383504,1789710648.2378063,world,s_curve,1,2.236355898681911,0.09086376273620791,0.0,0.7464798296851499,-1.3137922739714352,-2.6233655695455873,0.5960167939127304,0.8960124656626153,0.747410229480104,-1.3995878150335883,-1.4011993147498005,-1.1405896921309164,-2.8659294436410727,-2.5218305927308418,-2.46718869856709
/multi_agv/path_reference,1789710648.248594,1789710648.2479506,world,s_curve,1,2.2372775286461155,0.09086376273620791,0.0,0.7456789106915878,-1.3142482678662517,-2.624682183780165,0.5951030457329674,0.8950963357428324,0.7468373505989635,-1.3998456328488451,-1.4018521096259353,-1.1410470611239747,-2.8672460578756502,-2.5231472069654193,-2.4685053128016676
/multi_agv/path_reference,1789710648.2584612,1789710648.257842,world,s_curve,1,2.2381763938436485,0.09086312571478153,-6.439425856914902e-05,0.7448971968546031,-1.3146919817462068,-2.6259662769194976,0.5942115410789627,0.8942020072577596,0.746278042227087,-1.4000959227762624,-1.402487617118801,-1.1414924053435571,-2.868530151014983,-2.524431300104752,-2.4697894059410004
/multi_agv/path_reference,1789710648.2682757,1789710648.2678077,world,s_curve,1,2.2390819231245476,0.09086312571478153,0.0,0.7441091122153473,-1.3151379702693307,-2.6272598901779247,0.5933131028814093,0.8933002241262802,0.7457140096383523,-1.4003469109326137,-1.4031266748101947,-1.1419403250651836,-2.86982376427341,-2.525724913363179,-2.4710830191994275
/multi_agv/path_reference,1789710648.2783046,1789710648.2778065,world,s_curve,1,2.2399904526149945,0.09086312571478153,0.0,0.7433178374051721,-1.3155844116328217,-2.628557789449992,0.5924113624913503,0.8923946232132257,0.7451475265109405,-1.400597562551277,-1.403766677044523,-1.1423889953026654,-2.8711216635454773,-2.5270228126352463,-2.4723809184714947
/multi_agv/path_reference,1789710648.2890315,1789710648.288001,world,s_curve,1,2.240916737941427,0.09086312571478153,0.0,0.7425105024449034,-1.3160385202538956,-2.6298810542020385,0.5914916647786742,0.8914704692845226,0.7445693732715133,-1.4008519075812575,-1.404417976459167,-1.1428456767212618,-2.8724449282975235,-2.528346077387293,-2.4737041832235414
/multi_agv/path_reference,1789710648.298463,1789710648.2979407,world,s_curve,1,2.2418198100364313,0.09086446307959183,0.0001345617211531998,0.7417228219777197,-1.3164802198967227,-2.6311711571949017,0.5905946920122883,0.890568646286094,0.7440051276347768,-1.4010987068434395,-1.405051776199864,-1.1432901766468644,-2.873735031290387,-2.529636180380156,-2.4749942862164045
/multi_agv/path_reference,1789710648.3084826,1789710648.3078325,world,s_curve,1,2.2427185168209003,0.09086446307959183,0.0,0.7409383841753583,-1.3169187756008844,-2.6324550240298574,0.58970173992405,0.8896703717589992,0.7434430408430258,-1.401343164468102,-1.4056813570720184,-1.1437318052625327,-2.875018898125343,-2.530920047215112,-2.4762781530513602
/multi_agv/path_reference,1789710648.3183987,1789710648.3178246,world,s_curve,1,2.243626494052215,0.09086446307959183,0.0,0.7401452834629183,-1.3173608319274765,-2.633752134360307,0.588799258722823,0.8887620110970506,0.7428745805688816,-1.4015889792142977,-1.4063162604707766,-1.144177256097355,-2.876316008455792,-2.5322171575455616,-2.47757526338181
/multi_agv/path_reference,1789710648.3284473,1789710648.3278775,world,s_curve,1,2.2445399863929807,0.09086446307959183,0.0,0.7393467873369266,-1.3178045346146274,-2.6350571234185436,0.587890974688277,0.8878473025962268,0.7423020847262762,-1.4018351053311062,-1.4069538305609353,-1.1446246679518408,-2.877620997514029,-2.533522146603798,-2.4788802524400464
/multi_agv/path_reference,1789710648.3384204,1789710648.3378744,world,s_curve,1,2.245448280599667,0.09085894982736303,-0.000551504461829301,0.7385522613480107,-1.3182446785712894,-2.636354686570953,0.5869875412585162,0.8869369747853643,0.7417322680001516,-1.4020786551213325,-1.4075865882112475,-1.145068792381288,-2.8789185606664383,-2.5348197097562073,-2.4801778155924556
/multi_agv/path_reference,1789710648.3484561,1789710648.3478749,world,s_curve,1,2.2463569610477494,0.09085894982736303,0.0,0.7377568266457215,-1.3186839776424775,-2.6376528014967846,0.5860834081515554,0.8860254390275432,0.741161632758066,-1.4023211351879938,-1.4082184323644955,-1.1455123653749428,-2.88021667559227,-2.536117824682039,-2.4814759305182874
/multi_agv/path_reference,1789710648.358254,1789710648.357807,world,s_curve,1,2.2472594668124604,0.09085894982736303,0.0,0.7369662332645058,-1.3191192690919495,-2.638942095446372,0.5851851079807736,0.885119286215681,0.7405943055970631,-1.402560805556734,-1.4088448111702578,-1.1459521905488566,-2.8815059695418572,-2.5374071186316263,-2.4827652244678746
/multi_agv/path_reference,1789710648.3684576,1789710648.3678799,world,s_curve,1,2.2481745728963336,0.09085894982736303,0.0,0.7361640298661061,-1.319559597072439,-2.640249389851905,0.5842739516580044,0.8841996585533513,0.7400184793869625,-1.4028026396762312,-1.409478742081564,-1.1463974094595215,-2.8828132639473902,-2.5387144130371593,-2.4840725188734076
/multi_agv/path_reference,1789710648.378389,1789710648.3778768,world,s_curve,1,2.2490829205556686,0.09086127925478264,0.00023301073449322047,0.7353671824229566,-1.3199956354927629,-2.6415470293652406,0.5833692126653036,0.8832860038711449,0.7394463307324216,-1.4030415094995525,-1.4101068016231544,-1.1468385953555815,-2.884110903460726,-2.540012052550495,-2.4853701583867434
/multi_agv/path_reference,1789710648.3883052,1789710648.3878462,world,s_curve,1,2.2499888565749298,0.09086127925478264,0.0,0.7345718877389064,-1.3204294860650572,-2.642841223678471,0.5824665678070194,0.8823739639834074,0.7388751314262925,-1.4032785756703046,-1.410732012374207,-1.1472778701506596,-2.8854050977739565,-2.5413062468637255,-2.486664352699974
/multi_agv/path_reference,1789710648.3983457,1789710648.3978062,world,s_curve,1,2.2508938231952023,0.09086127925478264,0.0,0.7337768842253442,-1.3208618445743132,-2.644134033136003,0.5815645833477777,0.8814620930273658,0.738303976300889,-1.4035142218030245,-1.4113553752884105,-1.1477159366315046,-2.8866979072314884,-2.5425990563212575,-2.487957162157506
/multi_agv/path_reference,1789710648.40839,1789710648.4078453,world,s_curve,1,2.251805943414852,0.09086127925478264,0.0,0.7329750313898347,-1.321296580362191,-2.645437062021217,0.5806551613272021,0.8805421991645996,0.7377277336777024,-1.4037505504552237,-1.4119824722910592,-1.14815671834029,-2.8880009361167023,-2.5439020852064713,-2.4892601910427197
/multi_agv/path_reference,1789710648.4183562,1789710648.4178622,world,s_curve,1,2.2527160389934524,0.09086306842110392,0.00017862864702309286,0.732174394571761,-1.321729309525952,-2.6467371985620747,0.5797474518571839,0.8796235336174714,0.7371521982406279,-1.4039851733575779,-1.412606982222158,-1.1485957729981195,-2.88930107265756,-2.545202221747329,-2.4905603275835775
/multi_agv/path_reference,1789710648.428435,1789710648.4278836,world,s_curve,1,2.2536265741675776,0.09086306842110392,0.0,0.7313728087079842,-1.322161205680241,-2.6480379630965394,0.5788389994654448,0.8787036125923148,0.736575814066193,-1.4042187284186263,-1.413230598051097,-1.1490342905709996,-2.890601837192025,-2.546502986281794,-2.491861092118042
/multi_agv/path_reference,1789710648.4383593,1789710648.4378257,world,s_curve,1,2.254530063637651,0.09086306842110392,0.0,0.7305768708362966,-1.3225887287940592,-2.649328662339501,0.5779372770940507,0.877790008837963,0.7360033265768763,-1.4044493079650016,-1.4138482050127092,-1.149468673404467,-2.8918925364349866,-2.5477936855247556,-2.493151791361004
/multi_agv/path_reference,1789710648.4484076,1789710648.4478824,world,s_curve,1,2.255443711689637,0.09086306842110392,0.0,0.729771423051981,-1.3230200135147958,-2.6506338738423385,0.5770251139871461,0.8768653227749184,0.7354238323938787,-1.404681296060871,-1.4144715562262147,-1.149907188257302,-2.893197747937824,-2.549098897027593,-2.4944570028638413
/multi_agv/path_reference,1789710648.458433,1789710648.45788,world,s_curve,1,2.256352110303804,0.0908602141046443,-0.0002854955969756202,0.7289700455370726,-1.3234477774726847,-2.651931586148291,0.5761178922674467,0.8759451436436898,0.7348471007000812,-1.4049107705483064,-1.4150901286895223,-1.1503424331802252,-2.8944954602437765,-2.5503966093335455,-2.495754715169794
/multi_agv/path_reference,1789710648.4684784,1789710648.4678814,world,s_curve,1,2.257260840921193,0.0908602141046443,0.0,0.7281678204366344,-1.323874656969945,-2.6532297727445613,0.5752100418309753,0.8750238258569679,0.73426959362196,-1.405139150840406,-1.4157077320136513,-1.150777088055778,-2.8957936468400467,-2.5516947959298157,-2.497052901766064
/multi_agv/path_reference,1789710648.4782248,1789710648.477807,world,s_curve,1,2.258162843794029,0.0908602141046443,0.0,0.7273709872108752,-1.3242973458363145,-2.654518348277184,0.5743086201833103,0.8741085368885552,0.7336958045607603,-1.4053646746434176,-1.4163195796420118,-1.151207783223514,-2.8970822223726693,-2.5529833714624384,-2.4983414772986867
/multi_agv/path_reference,1789710648.488346,1789710648.4878404,world,s_curve,1,2.2590744671280545,0.0908602141046443,0.0,0.7265651025990667,-1.3247234995353425,-2.655820667325792,0.5733972898743599,0.8731826855666567,0.7331153323561836,-1.4055914236160876,-1.4169367543566633,-1.1516423206332764,-2.898384541421277,-2.5542856905110463,-2.499643796347294
/multi_agv/path_reference,1789710648.4987276,1789710648.4979503,world,s_curve,1,2.2599929146750295,0.09086227005759467,0.00020339599448841595,0.725752624777643,-1.3251517816412546,-2.657132735250042,0.5724788397149716,0.8722490915234091,0.7325299430945484,-1.4058186695976025,-1.41755732926155,-1.1520793460646113,-2.8996966093455274,-2.5555977584352965,-2.5009558642715444
/multi_agv/path_reference,1789710648.508888,1789710648.5078485,world,s_curve,1,2.2608924456968635,0.09086227005759467,0.0,0.7249563369570955,-1.3255702092359882,-2.658417779566948,0.5715790179504872,0.8713339375540827,0.7319560553667166,-1.4060400670359439,-1.418163934960083,-1.1525066257119376,-2.9009816536624333,-2.5568828027522024,-2.5022409085884507
/multi_agv/path_reference,1789710648.5188084,1789710648.5178862,world,s_curve,1,2.261804385324608,0.09086227005759467,0.0,0.7241485164988136,-1.3259933639024855,-2.6597205504637254,0.5706664938899454,0.8704053645019321,0.7313736911045634,-1.4062633379643403,-1.4187777074750554,-1.1529390462680604,-2.9022844245592108,-2.55818557364898,-2.503543679485228
/multi_agv/path_reference,1789710648.5285654,1789710648.5279891,world,s_curve,1,2.2627224638799044,0.09086227005759467,0.0,0.7233347017856037,-1.3264183035723847,-2.661032091257006,0.5697475338666665,0.8694697335809818,0.7307868379091627,-1.4064869107205062,-1.4193943891114298,-1.1533736108852182,-2.903595965352491,-2.5594971144422605,-2.504855220278509
/multi_agv/path_reference,1789710648.5383801,1789710648.5378752,world,s_curve,1,2.26362063440667,0.0908638036951121,0.00015515109232617204,0.7225379958782797,-1.3268329960852037,-2.6623151920095283,0.5688482183263581,0.8685536097265617,0.7302121595819194,-1.406704469566296,-1.4199965110066008,-1.1537980076827141,-2.9048790661050137,-2.5607802151947827,-2.506138321031031
/multi_agv/path_reference,1789710648.5485203,1789710648.547993,world,s_curve,1,2.264539928768791,0.0908638036951121,0.0,0.721722001738459,-1.3272563819205812,-2.663628469669701,0.5679274633291045,0.8676151401426049,0.7296234017436678,-1.4069259492311519,-1.4206115754910984,-1.154231621039493,-2.9061923437651864,-2.5620934928549555,-2.507451598691204
/multi_agv/path_reference,1789710648.5583591,1789710648.557843,world,s_curve,1,2.265435087978238,0.0908638036951121,0.0,0.7209268970400666,-1.3276676220188892,-2.66490726854034,0.5670306030579082,0.8667005336691993,0.7290495543930926,-1.407140451958165,-1.4212093071860787,-1.1546531069124237,-2.9074711426358255,-2.5633722917255946,-2.508730397561843
/multi_agv/path_reference,1789710648.5684083,1789710648.5678349,world,s_curve,1,2.2663428661710148,0.0908638036951121,0.0,0.7201200473637815,-1.3280836204922313,-2.6662040945300207,0.5661208203872885,0.8657722541605255,0.7284670675435307,-1.407356806946685,-1.421814269989813,-1.1550797845401957,-2.908767968625506,-2.564669117715275,-2.5100272235515235
/multi_agv/path_reference,1789710648.5786383,1789710648.5779464,world,s_curve,1,2.2672618064405405,0.09086499901177178,0.00011819315215844506,0.7193027280379053,-1.3285036683645834,-2.6675168663436293,0.5651995661853433,0.8648317624089684,0.7278768555194043,-1.4075746207241133,-1.4224254451526421,-1.1555109392169947,-2.9100807404391147,-2.5659818895288837,-2.511339995365132
/multi_agv/path_reference,1789710648.5886722,1789710648.588017,world,s_curve,1,2.268176841241544,0.09086499901177178,0.0,0.7184883350198797,-1.3289208644550652,-2.668824058916491,0.5642819438971574,0.8638944712403333,0.7272885899221487,-1.407790306807005,-1.4230327954172919,-1.1559394911408984,-2.9113879330119765,-2.5672890821017456,-2.512647187937994
/multi_agv/path_reference,1789710648.5983489,1789710648.5978081,world,s_curve,1,2.269066522708793,0.09086499901177178,0.0,0.7176959844295692,-1.329325479761508,-2.6700950324411328,0.5633894769111596,0.8629823894670119,0.726716086910536,-1.4079988662239642,-1.4236221420104769,-1.1563554310500825,-2.912658906536618,-2.5685600556263872,-2.5139181614626356
/multi_agv/path_reference,1789710648.6084108,1789710648.6078281,world,s_curve,1,2.2699768596984824,0.09086499901177178,0.0,0.7168847065755891,-1.3297384465383968,-2.6713955138549745,0.5624760162947299,0.8620483577330189,0.7261297456990186,-1.408211093784107,-1.424223971263849,-1.1567802745672342,-2.91395938795046,-2.569860537040229,-2.5152186428764773
/multi_agv/path_reference,1789710648.6186917,1789710648.6179183,world,s_curve,1,2.270893665859752,0.090865912356741,9.052286888012243e-05,0.7160671213678406,-1.3301532812554557,-2.6727052369425026,0.5615557861128789,0.86110689818248,0.7255386798081628,-1.4084236286274256,-1.4248288490729215,-1.1572073660660198,-2.915269111037988,-2.571170260127757,-2.5165283659640054
/multi_agv/path_reference,1789710648.6284723,1789710648.6278155,world,s_curve,1,2.271793105364388,0.090865912356741,0.0,0.7152644962202075,-1.3305592174344398,-2.673990150520554,0.5606527179101366,0.8601825034151929,0.7249582673352932,-1.4086309665361314,-1.4254210706244035,-1.1576256151427848,-2.9165540246160395,-2.5724551737058086,-2.517813279542057
/multi_agv/path_reference,1789710648.63883,1789710648.637807,world,s_curve,1,2.2727010364702656,0.090865912356741,0.0,0.7144537651319309,-1.3309679396857839,-2.675287194957522,0.5597408543759514,0.8592486104229312,0.7243718305969101,-1.408839084825767,-1.4260176781239053,-1.1580470561076792,-2.9178510690530075,-2.5737522181427765,-2.519110323979025
/multi_agv/path_reference,1789710648.6484888,1789710648.647822,world,s_curve,1,2.2736109171951586,0.090865912356741,0.0,0.7136407619550782,-1.331376484237815,-2.6765870245645123,0.5588267627057409,0.8583119364971548,0.723783586662339,-1.4090464632285822,-1.4266143509538225,-1.1584686385310403,-2.9191508986599977,-2.5750520477497667,-2.520410153586015
/multi_agv/path_reference,1789710648.6584077,1789710648.6578083,world,s_curve,1,2.274518416488087,0.09085959682624167,-0.0006323162556537496,0.7128293580373369,-1.3317829058575714,-2.6778834521258386,0.5579147954145712,0.8573769420425361,0.7231963366549035,-1.409252114498148,-1.4272082481847534,-1.1588883548898128,-2.920447326221324,-2.576348475311093,-2.5217065811473414
/multi_agv/path_reference,1789710648.6683657,1789710648.6678205,world,s_curve,1,2.2754279613939787,0.09085959682624167,0.0,0.7120155972063132,-1.3321891879367291,-2.679182801991398,0.5570005057779294,0.8564390683201238,0.7226072175208865,-1.4094570430218147,-1.4278022675411344,-1.1593082532472385,-2.9217466760868835,-2.5776478251766526,-2.523005931012901
/multi_agv/path_reference,1789710648.6783237,1789710648.6778255,world,s_curve,1,2.2763370488218,0.09085959682624167,0.0,0.7112017188826384,-1.3325942088095508,-2.6804814983168574,0.5560864107281369,0.8555008958830329,0.7220178500367455,-1.409660681261156,-1.428394769961398,-1.1597271752060985,-2.923045372412343,-2.578946521502112,-2.5243046273383603
/multi_agv/path_reference,1789710648.6883678,1789710648.6878505,world,s_curve,1,2.277247876029182,0.09085959682624167,0.0,0.7103857562134926,-1.3329989445315917,-2.6817826800416884,0.555170301912556,0.854560157155096,0.721426809572826,-1.4098635185963313,-1.4289871839837756,-1.1601461310146681,-2.924346554137174,-2.580247703226943,-2.525605809063191
/multi_agv/path_reference,1789710648.6986115,1789710648.6978657,world,s_curve,1,2.2781579955696785,0.09086177770343892,0.00021772785911942715,0.7095699021911073,-1.3334023050064714,-2.6830828508138262,0.5542546420372163,0.8536193802051065,0.7208356843309992,-1.4100650075633807,-1.4295779146166754,-1.160563992839358,-2.9256467249093117,-2.5815478739990807,-2.526905979835329
/multi_agv/path_reference,1789710648.7083907,1789710648.707821,world,s_curve,1,2.279062450786953,0.09086177770343892,0.0,0.7087586069723613,-1.333802103945222,-2.6843749296956467,0.5533444222339321,0.8526836983038448,0.7202477003793069,-1.4102640629973506,-1.430163756511085,-1.16097849232723,-2.926938803791132,-2.582839952880901,-2.5281980587171495
/multi_agv/path_reference,1789710648.7183113,1789710648.717845,world,s_curve,1,2.2799732738701937,0.09086177770343892,0.0,0.7079410784660641,-1.3342036580642218,-2.685676105528848,0.5524275348650696,0.851740664542576,0.7196550359905469,-1.4104633312648167,-1.4307525008549244,-1.161395142072924,-2.9282399796243332,-2.5841411287141023,-2.5294992345503506
/multi_agv/path_reference,1789710648.7286222,1789710648.7278643,world,s_curve,1,2.2808837382311364,0.09086177770343892,0.0,0.7071233504690497,-1.3346039906209506,-2.6869767689016233,0.5515107502753422,0.8507972374027917,0.7190620637290153,-1.4106613286032474,-1.431339786546504,-1.1618108567131002,-2.9295406429971087,-2.5854417920868777,-2.5307998979231257
/multi_agv/path_reference,1789710648.7386312,1789710648.7378502,world,s_curve,1,2.281790980176813,0.09086344279375191,0.00016676459804561622,0.7063079994848545,-1.3350018481371895,-2.6882728288240183,0.5505969551479546,0.849856390395916,0.7184706529106928,-1.4108574390419606,-1.4319237727303642,-1.1622243326392436,-2.9308367029195037,-2.5867378520092728,-2.532095957845521
/multi_agv/path_reference,1789710648.7483447,1789710648.7478335,world,s_curve,1,2.282698248472888,0.09086344279375191,0.0,0.7054921098852963,-1.3353986601907464,-2.68956892638984,0.5496828801162493,0.8489147599897671,0.7178786895498728,-1.41105237073277,-1.4325065560438157,-1.1626370537956532,-2.9321328004853253,-2.5880339495750944,-2.5333920554113427
/multi_agv/path_reference,1789710648.758529,1789710648.757902,world,s_curve,1,2.283613104865934,0.09086344279375191,0.0,0.704668876230569,-1.3357977196470947,-2.6908758640941914,0.5487609048706641,0.8479644899115844,0.7172812339094585,-1.411247732678499,-1.4330929769815668,-1.1630524492812182,-2.933439738189677,-2.589340887279446,-2.5346989931156942
/multi_agv/path_reference,1789710648.7683547,1789710648.7678246,world,s_curve,1,2.2845145499965507,0.09086344279375191,0.0,0.7038572011240332,-1.3361898761614608,-2.692163642852215,0.5478521961437645,0.847027401255175,0.7166920059731602,-1.4114390517124682,-1.4336695858163877,-1.1634609909555265,-2.9347275169477003,-2.5906286660374693,-2.5359867718737177
/multi_agv/path_reference,1789710648.7783618,1789710648.7778597,world,s_curve,1,2.285426358656617,0.09086137017068646,-0.0002065360637841353,0.7030356814835809,-1.336585477468259,-2.6934662266523097,0.54693279052273,0.8460787846998152,0.7160954692281973,-1.4116313796459576,-1.434251595555699,-1.1638734572031206,-2.936030100747795,-2.591931249837564,-2.5372893556738125
/multi_agv/path_reference,1789710648.7883544,1789710648.7878535,world,s_curve,1,2.2863344719847585,0.09086137017068646,0.0,0.7022169797362521,-1.3369784114933008,-2.6947635314067977,0.5460168627575451,0.8451332598979516,0.7155008165532596,-1.4118217375540676,-1.4348300178405786,-1.164283479085256,-2.937327405502283,-2.593228554592052,-2.5385866604283005
/multi_agv/path_reference,1789710648.798319,1789710648.797803,world,s_curve,1,2.2872385960444426,0.09086137017068646,0.0,0.7014013687802848,-1.3373685639860562,-2.696055137206346,0.5451047140445142,0.8441911440651645,0.7149082482311758,-1.412010078697424,-1.435404680158075,-1.1646909331026698,-2.9386190113018316,-2.5945201603916006,-2.539878266227849
/multi_agv/path_reference,1789710648.8086233,1789710648.8078187,world,s_curve,1,2.288148562853674,0.09086137017068646,0.0,0.7005799790317243,-1.3377601739391376,-2.6973550897909626,0.544186425954334,0.8432421914013524,0.7143113197394868,-1.4121984473999687,-1.435981827161852,-1.165100247255592,-2.939918963886448,-2.595820112976217,-2.5411782188124654
/multi_agv/path_reference,1789710648.818712,1789710648.8178473,world,s_curve,1,2.2890596076247522,0.09086313553351935,0.0001760686274076952,0.6997571069893358,-1.3381511778479063,-2.6986565823210746,0.5432668055385891,0.8422913638205715,0.713713151608847,-1.4123858432802663,-1.4365584216339577,-1.1655092686294948,-2.94122045641656,-2.597121605506329,-2.5424797113425774
/multi_agv/path_reference,1789710648.82898,1789710648.827821,world,s_curve,1,2.289966012106362,0.09086313553351935,0.0,0.6989379218739268,-1.3385391272176086,-2.699951445866231,0.54235162787939,0.8413446352966589,0.7131175024457315,-1.4125710968865055,-1.4371308508668879,-1.1659154338994324,-2.9425153199617164,-2.5984164690514855,-2.543774574887734
/multi_agv/path_reference,1789710648.8386164,1789710648.8378046,world,s_curve,1,2.290873216910469,0.09086313553351935,0.0,0.6981175111769331,-1.3389263567714729,-2.701247452729241,0.541435402772279,0.8403963294894021,0.7125208012691184,-1.4127553274122193,-1.4377025576480376,-1.166321185254162,-2.9438113268247266,-2.5997124759144956,-2.545070581750744
/multi_agv/path_reference,1789710648.8484068,1789710648.8478568,world,s_curve,1,2.291786604587497,0.09086313553351935,0.0,0.6972910027779492,-1.3393151507975547,-2.702552292267853,0.5405126928245921,0.8394408129122312,0.7119195025970245,-1.412939613635453,-1.4382769185606035,-1.1667289201966076,-2.9451161663633383,-2.6010173154531073,-2.5463754212893557
/multi_agv/path_reference,1789710648.8583353,1789710648.8578594,world,s_curve,1,2.2926952690760993,0.09086327773184076,1.4219335886126813e-05,0.6964682657160833,-1.3397008641141759,-2.7038503843944275,0.539594516543125,0.838489494630611,0.7113207859745143,-1.4131217522892703,-1.4388470719973188,-1.1671337680559386,-2.946414258489913,-2.602315407579682,-2.5476735134159303
/multi_agv/path_reference,1789710648.8683898,1789710648.8678622,world,s_curve,1,2.2936042504958145,0.09086327773184076,0.0,0.6956447414579995,-1.3400856431432095,-2.705148929279735,0.5386757842547362,0.8375371048681475,0.710721335251115,-1.4133027618690928,-1.4394161883238463,-1.1675379792366893,-2.9477128033752202,-2.6036139524649893,-2.5489720583012376
/multi_agv/path_reference,1789710648.8787014,1789710648.8779256,world,s_curve,1,2.294518753222601,0.09086327773184076,0.0,0.6948157112512419,-1.3404716794556264,-2.7064553617465723,0.5377512348087605,0.8365781849606326,0.7101177139843327,-1.41348366641564,-1.4399875126069108,-1.167943859344328,-2.9490192358420577,-2.6049203849318268,-2.550278490768075
/multi_agv/path_reference,1789710648.8886309,1789710648.887862,world,s_curve,1,2.2954214240968143,0.09086327773184076,0.0,0.6939969129292326,-1.3408516582723222,-2.707744891566877,0.5368384159686526,0.8356309401722661,0.7095213826467792,-1.4136610452570466,-1.4405502155684018,-1.168343713991518,-2.9503087656623626,-2.606209914752132,-2.55156802058838
/multi_agv/path_reference,1789710648.898614,1789710648.8978636,world,s_curve,1,2.296330203100183,0.09086361657637117,3.387912724184216e-05,0.6931720799042097,-1.3412331417447454,-2.7090431472859757,0.5359191902099092,0.83467655360162,0.7089204959011001,-1.4138384355103666,-1.441115492155711,-1.1687454975681584,-2.951607021381461,-2.60750817047123,-2.5528662763074785
/multi_agv/path_reference,1789710648.908375,1789710648.9078557,world,s_curve,1,2.2972381966784505,0.09086361657637117,0.0,0.6923474658549205,-1.3416132258008906,-2.710340280969215,0.535000529708267,0.8337222597830144,0.70831960807348,-1.4140144805224832,-1.4416790423507444,-1.1691461545294444,-2.9529041550647004,-2.6088053041544694,-2.554163409990718
/multi_agv/path_reference,1789710648.9184315,1789710648.9178343,world,s_curve,1,2.298144993946342,0.09086361657637117,0.0,0.6915234469475575,-1.341991741332315,-2.7116357056376312,0.5340828524796462,0.8327684945624064,0.7077189938006202,-1.4141891042591606,-1.4422406142650273,-1.1695455054727573,-2.9541995797331166,-2.6101007288228857,-2.555458834659134
/multi_agv/path_reference,1789710648.928451,1789710648.9278286,world,s_curve,1,2.2990528646769994,0.09086361657637117,0.0,0.6906979621028996,-1.3423696353867869,-2.7129326638242848,0.5331638631157722,0.8318128723635777,0.7071171508293489,-1.4143627437813684,-1.4428016128746406,-1.1699445495043514,-2.95549653791977,-2.6113976870095392,-2.5567557928457876
/multi_agv/path_reference,1789710648.9384406,1789710648.9378397,world,s_curve,1,2.2999625785621673,0.09086484948076537,0.00012314605067580316,0.689870310479867,-1.3427472224953716,-2.7142322550888105,0.5322427829369021,0.8308545810895511,0.706513567413148,-1.414535540212754,-1.4433625068246194,-1.1703436204487414,-2.956796129184296,-2.612697278274065,-2.5580553841103133
/multi_agv/path_reference,1789710648.948409,1789710648.9478676,world,s_curve,1,2.30087384114783,0.09086484948076537,0.0,0.6890407586055535,-1.3431243737490282,-2.715534058782614,0.5313199103569118,0.8298939284409388,0.7059084370188098,-1.4147074305972023,-1.4439231066146951,-1.170742584035187,-2.958097932878099,-2.6139990819678682,-2.5593571878041166
/multi_agv/path_reference,1789710648.9584262,1789710648.9578347,world,s_curve,1,2.3017796234018255,0.09086484948076537,0.0,0.6882157098957584,-1.343498186538829,-2.716828033431179,0.5304023670536777,0.8289383308424343,0.7053064317911633,-1.414877096736505,-1.4444790953973758,-1.171138367482606,-2.9593919075266646,-2.6152930566164336,-2.560651162452682
/multi_agv/path_reference,1789710648.9683323,1789710648.9678292,world,s_curve,1,2.3026875931362074,0.09086484948076537,0.0,0.6873881839289016,-1.3438718303481625,-2.718125133051725,0.5294823883133363,0.8279797042331473,0.7047024592402212,-1.4150459809297837,-1.4450351854652248,-1.1715343246494787,-2.96068900714721,-2.6165901562369793,-2.5619482620732277
/multi_agv/path_reference,1789710648.9785042,1789710648.9778233,world,s_curve,1,2.303595700920966,0.0908598609727618,-0.0004991204252104191,0.686560047864769,-1.3442444565574505,-2.7194224298870946,0.52856205115085,0.827020210999101,0.7040978814443561,-1.4152136966152984,-1.4455901154298307,-1.1719295576272226,-2.96198630398258,-2.617887453072349,-2.5632455589085974
/multi_agv/path_reference,1789710648.9882457,1789710648.9878073,world,s_curve,1,2.304502985697104,0.0908598609727618,0.0,0.6857321801499532,-1.3446156715832784,-2.720718550995863,0.5276423314444397,0.8260608690917174,0.7034933399137026,-1.4153800675481127,-1.4461432986602745,-1.172323648541448,-2.9632824250913483,-2.6191835741811174,-2.5645416800173657
/multi_agv/path_reference,1789710648.998344,1789710648.997824,world,s_curve,1,2.305412954746115,0.0908598609727618,0.0,0.6849013806265403,-1.3449869069581188,-2.7220185067801643,0.5267196749378951,0.8250979696097321,0.7028864973319936,-1.4155457333757315,-1.4466968692896327,-1.1727181182089923,-2.9645823808756497,-2.620483529965419,-2.565841635801667
/multi_agv/path_reference,1789710649.0083144,1789710649.0078259,world,s_curve,1,2.306321689100475,0.0908598609727618,0.0,0.6840712274821404,-1.3453565605327804,-2.723316698714964,0.525798056211817,0.8241356593128322,0.7022799669217723,-1.415709977337047,-1.4472484391882725,-1.1731112650730218,-2.9658805728104496,-2.6217817219002186,-2.567139827736467
/multi_agv/path_reference,1789710649.01834,1789710649.0178716,world,s_curve,1,2.307234527041901,0.09086198554708022,0.00021147569820804805,0.6832368432240257,-1.3457267981542038,-2.7246207529170015,0.524872061887178,0.8231682834660793,0.7016701843188199,-1.415873758402902,-1.4478012417323325,-1.173505394327377,-2.967184627012487,-2.623085776102256,-2.5684438819385043
/multi_agv/path_reference,1789710649.028326,1789710649.0278635,world,s_curve,1,2.308142424090277,0.09086198554708022,0.0,0.6824064970145383,-1.3460939522151119,-2.7259177487003954,0.5239508685919835,0.8222054294746142,0.7010631929770172,-1.4160354550672327,-1.4483498003756115,-1.1738966012024914,-2.968481622795881,-2.62438277188565,-2.569740877721898
/multi_agv/path_reference,1789710649.038506,1789710649.0378525,world,s_curve,1,2.3090499894015433,0.09086198554708022,0.0,0.6815759790099211,-1.346459895543991,-2.727214270573633,0.5230298031039551,0.8212422170645162,0.700455916861292,-1.4161958984807415,-1.4488969100830587,-1.1742868780681728,-2.9697781446691183,-2.6256792937588873,-2.5710373995951357
/multi_agv/path_reference,1789710649.0484502,1789710649.0478528,world,s_curve,1,2.309958640876985,0.09086198554708022,0.0,0.6807439924793901,-1.3468251978820578,-2.7285123441099786,0.5221074277136336,0.8202771421251791,0.6998474075993577,-1.416355337528976,-1.4494434231148392,-1.174676833002358,-2.971076218205464,-2.626977367295233,-2.572335473131481
/multi_agv/path_reference,1789710649.0584052,1789710649.0578544,world,s_curve,1,2.310867424388668,0.09086360400537578,0.00016181956624070545,0.6799114114934154,-1.3471894728531688,-2.7298106062695258,0.5211847120934924,0.8193112182274562,0.6992383041592978,-1.4165136021128029,-1.4499887621625414,-1.1750660542841622,-2.972374480365011,-2.62827562945478,-2.5736337352910286
/multi_agv/path_reference,1789710649.0685215,1789710649.0678694,world,s_curve,1,2.3117775474116016,0.09086360400537578,0.0,0.6790771300590358,-1.3475532011674698,-2.7311107820165734,0.5202604312932677,0.8183431618632887,0.6986277970205511,-1.4166708992855586,-1.4505336477847612,-1.1754550564320894,-2.973674656112059,-2.629575805201828,-2.5749339110380762
/multi_agv/path_reference,1789710649.0785987,1789710649.0778072,world,s_curve,1,2.3126805412761646,0.09086360400537578,0.0,0.6782489171885522,-1.3479130084030553,-2.7324007732516638,0.5193431893643708,0.8173819892814158,0.69802157291987,-1.4168257769199795,-1.4510730212471898,-1.1758402270419963,-2.974964647347149,-2.630865796436918,-2.5762239022731666
/multi_agv/path_reference,1789710649.0884883,1789710649.0878067,world,s_curve,1,2.313589133610825,0.09086360400537578,0.0,0.6774151012899818,-1.3482739667960555,-2.733698762301178,0.5184200593322359,0.8164141556494405,0.6974110888882691,-1.4169804194250089,-1.4516144858927593,-1.176226995070398,-2.9762626363966636,-2.6321637854864326,-2.577521891322681
/multi_agv/path_reference,1789710649.098484,1789710649.097806,world,s_curve,1,2.314497655570358,0.0908608822536283,-0.00027220119718254115,0.6765808822449184,-1.3486338148452808,-2.7349966508147965,0.5174968009112451,0.8154456950963547,0.6968001507271557,-1.4171338518249874,-1.4521546521280984,-1.1766129405827566,-2.977560524910282,-2.633461674000051,-2.5788197798362993
/multi_agv/path_reference,1789710649.10857,1789710649.1078095,world,s_curve,1,2.3154066160245086,0.0908608822536283,0.0,0.6757457939293061,-1.3489927528540797,-2.736295165749298,0.5165728984186772,0.8144760663924614,0.6961884169767799,-1.4172861590860315,-1.4526938208442346,-1.176998278631973,-2.9788590398447834,-2.6347601889345524,-2.5801182947708003
/multi_agv/path_reference,1789710649.1192515,1789710649.118438,world,s_curve,1,2.3163723397250466,0.0908608822536283,0.0,0.6748580457936686,-1.349372917769236,-2.7376747710357807,0.5155910838463751,0.8134451197372059,0.695537933797425,-1.4174466633109597,-1.4532652800283,-1.1774068099684485,-2.980238645131266,-2.636139794221035,-2.5814979000572835
/multi_agv/path_reference,1789710649.128453,1789710649.1278024,world,s_curve,1,2.3172231911922827,0.0908608822536283,0.0,0.6740754607394108,-1.3497068470441853,-2.7388902731318323,0.5147258726862015,0.8125361509525529,0.6949643585794781,-1.4175869530198868,-1.453767585392999,-1.17776600271967,-2.9814541472273177,-2.6373552963170868,-2.582713402153335
/multi_agv/path_reference,1789710649.1385584,1789710649.1378777,world,s_curve,1,2.318138654064458,0.09086277201503704,0.00018756518179322533,0.6732329957041856,-1.350065071572018,-2.7401980772349397,0.5137947700670574,0.811557476487324,0.6943467405581755,-1.417736721512626,-1.4543068003377821,-1.1781516928656455,-2.982761951330425,-2.638663100420194,-2.5840212062564425
/multi_agv/path_reference,1789710649.1484783,1789710649.1478562,world,s_curve,1,2.319045152142958,0.09086277201503704,0.0,0.672398319718867,-1.35041870223832,-2.7414930744899397,0.5128725931956782,0.8105876918008299,0.6937346741600929,-1.4178838234288196,-1.4548394733693206,-1.1785328099168197,-2.984056948585425,-2.639958097675194,-2.5853162035114425
/multi_agv/path_reference,1789710649.1588452,1789710649.1578124,world,s_curve,1,2.319949928735379,0.09086277201503704,0.0,0.6715647729479369,-1.3507705833920896,-2.742785612479113,0.51195197847311,0.8096190618206062,0.6931232785500948,-1.4180294552227757,-1.455369882260971,-1.178912412692522,-2.985349486574598,-2.6412506356643672,-2.5866087415006156
/multi_agv/path_reference,1789710649.1687934,1789710649.1678312,world,s_curve,1,2.3208601493707857,0.09086277201503704,0.0,0.6707257524827497,-1.3511234943516306,-2.744085927672551,0.5110256352378355,0.8086439126237728,0.6925077095866408,-1.4181747624377798,-1.4559022188300048,-1.179293501787107,-2.9866498017680363,-2.6425509508578053,-2.5879090566940537
/multi_agv/path_reference,1789710649.1788747,1789710649.1778276,world,s_curve,1,2.3217684097700686,0.09086320297831658,4.311396156518586e-05,0.6698880822667073,-1.3514745576578582,-2.745383442528669,0.5101010994608735,0.807670174398577,0.6918929729406715,-1.4183185560856015,-1.456432144747906,-1.1796729721400672,-2.9879473166241546,-2.6438484657139236,-2.589206571550172
/multi_agv/path_reference,1789710649.1886184,1789710649.1878679,world,s_curve,1,2.3226807047681532,0.09086320297831658,0.0,0.6690462331297661,-1.3518260858582383,-2.746686721097362,0.5091722696998717,0.8066914193126449,0.6912750103767817,-1.4184617806262587,-1.4569631522082207,-1.1800533247402352,-2.989250595192847,-2.6451517442826162,-2.5905098501188646
/multi_agv/path_reference,1789710649.1986034,1789710649.197834,world,s_curve,1,2.3235864522546947,0.09086320297831658,0.0,0.6682099732443948,-1.3521740050994224,-2.747980646078135,0.5082499220823101,0.8057190047630287,0.6906609928878455,-1.4186027792279825,-1.4574890859321663,-1.1804301501381185,-2.9905445201736205,-2.6464456692633895,-2.591803775099638
/multi_agv/path_reference,1789710649.2085314,1789710649.2078662,world,s_curve,1,2.3244977959150446,0.09086320297831658,0.0,0.6673680928534677,-1.3525229815400632,-2.7492825655929205,0.5073216923641118,0.8047398961133939,0.6900426900828974,-1.4187434443170683,-1.458016998759601,-1.1808085015435204,-2.991846439688406,-2.647747588778175,-2.5931056946144233
/multi_agv/path_reference,1789710649.2186353,1789710649.217927,world,s_curve,1,2.3254121423758356,0.09086222315940905,-9.736847907240949e-05,0.6665229827257572,-1.3528720061838282,-2.750588774822622,0.5063902210154924,0.8037568715752272,0.6894218555865521,-1.4188833584426899,-1.4585453696736468,-1.181187290435148,-2.9931526489181075,-2.6490537980078765,-2.594411903844125
/multi_agv/path_reference,1789710649.228874,1789710649.2279298,world,s_curve,1,2.326321025836321,0.09086222315940905,0.0,0.665682470752972,-1.3532178510194715,-2.751887179766173,0.5054641345810075,0.8027790371452072,0.6888042405327016,-1.4190212305245344,-1.4590693105439363,-1.1815630119899434,-2.9944510538616584,-2.6503522029514275,-2.595710308787676
/multi_agv/path_reference,1789710649.2386231,1789710649.237873,world,s_curve,1,2.3272244846403596,0.09086222315940905,0.0,0.664846531028645,-1.353560549826071,-2.7531778352005136,0.5045433988360521,0.8018063655102132,0.6881898287396697,-1.4191570879149373,-1.4595888655666385,-1.1819356959966374,-2.995741709295999,-2.651642858385768,-2.5970009642220164
/multi_agv/path_reference,1789710649.248331,1789710649.2478564,world,s_curve,1,2.328131503608026,0.09086222315940905,0.0,0.6640068530667743,-1.3539035136872373,-2.754473576582894,0.5036188593191336,0.8008291873363287,0.6875725125448608,-1.4192922853656131,-1.460109204895526,-1.1823090508005727,-2.9970374506783792,-2.6529385997681483,-2.5982967056043966
/multi_agv/path_reference,1789710649.2583494,1789710649.2578597,world,s_curve,1,2.329040402220165,0.09086378330810263,0.00015597010593788548,0.6631649899827714,-1.3542460966932734,-2.755772003171664,0.502692228939204,0.7998493086625657,0.6869534323465448,-1.4194265612747268,-1.460629352081706,-1.1826823767233874,-2.9983358772671496,-2.6542370263569186,-2.599595132193167
/multi_agv/path_reference,1789710649.2683053,1789710649.2678595,world,s_curve,1,2.329949079578992,0.09086378330810263,0.0,0.6623228879182067,-1.354587503396123,-2.757070113684274,0.5017656506576882,0.7988689942518651,0.686334018845067,-1.4195596017404857,-1.461148100452996,-1.183054807994887,-2.9996339877797595,-2.6555351368695286,-2.600893242705777
/multi_agv/path_reference,1789710649.2782786,1789710649.2778182,world,s_curve,1,2.330853912854602,0.09086378330810263,0.0,0.6614839087102522,-1.3549263795229318,-2.7583627326494313,0.5008428214412136,0.7978921587586181,0.685716745930925,-1.4196908843154576,-1.4616633895932094,-1.1834248646601284,-3.0009266067449167,-2.656827755834686,-2.602185861670934
/multi_agv/path_reference,1789710649.2883365,1789710649.2878606,world,s_curve,1,2.331766466280697,0.09086378330810263,0.0,0.6606373282000372,-1.3552670480949103,-2.7596663804009958,0.49991194735839994,0.7969063149119088,0.6850937223298029,-1.419822078520979,-1.4621817957236625,-1.1837972700400894,-3.002230254496481,-2.65813140358625,-2.6034895094224986
/multi_agv/path_reference,1789710649.2985263,1789710649.297935,world,s_curve,1,2.3326819194384765,0.0908613659320094,-0.00023993154858424306,0.6597876120407833,-1.3556076898601919,-2.760974170626395,0.4989779442309372,0.7959166601991636,0.6844682316922492,-1.4199524700594197,-1.4627005572580414,-1.1841700422631147,-3.0035380447218802,-2.6594391938116493,-2.6047972996478976
/multi_agv/path_reference,1789710649.308326,1789710649.3078544,world,s_curve,1,2.3335830900072834,0.0908613659320094,0.0,0.6589507184535507,-1.3559419313966075,-2.762261557153262,0.4980583473235479,0.7949417839277219,0.6838520241093823,-1.4200796341319366,-1.4632099607026392,-1.1845361993552466,-3.0048254312487472,-2.6607265803385163,-2.6060846861747646
/multi_agv/path_reference,1789710649.3183928,1789710649.317895,world,s_curve,1,2.3344955272946044,0.0908613659320094,0.0,0.6581029239838551,-1.3562792535296555,-2.763565038992292,0.49712708723008525,0.7939540520407047,0.6832276326807754,-1.420207181553514,-1.4637244535419476,-1.1849061254935047,-3.0061289130877773,-2.6620300621775463,-2.6073881680137947
/multi_agv/path_reference,1789710649.3283002,1789710649.3278644,world,s_curve,1,2.3354012206696235,0.0908613659320094,0.0,0.6572609614482209,-1.356612989146474,-2.7648588866708907,0.4962025464563795,0.7929729581110263,0.6826073797772569,-1.4203325855067443,-1.46423386984253,-1.1852725120901477,-3.007422760766376,-2.663323909856145,-2.6086820156923936
/multi_agv/path_reference,1789710649.3384597,1789710649.3378687,world,s_curve,1,2.336310339672344,0.09086312494657954,0.00017580708377150302,0.6564153808707135,-1.3569468914217278,-2.7661576281033486,0.4952743464532392,0.7919874914213691,0.6819843047375322,-1.4204572608653576,-1.4647439360975483,-1.1856394773022774,-3.008721502198834,-2.664622651288603,-2.6099807571248514
/multi_agv/path_reference,1789710649.3489308,1789710649.3478692,world,s_curve,1,2.3372188547987363,0.09086312494657954,0.0,0.6555699294817815,-1.3572794745920684,-2.7674555068553373,0.4943466020485685,0.7910020183930383,0.6813611680037378,-1.4205806490785104,-1.4652523845886662,-1.1860053901090284,-3.0100193809508227,-2.6659205300405917,-2.61127863587684
/multi_agv/path_reference,1789710649.358393,1789710649.3578217,world,s_curve,1,2.3381232130280254,0.09086312494657954,0.0,0.6547279184958003,-1.3576094460904617,-2.7687474471828932,0.49342294429493694,0.7900203998636558,0.6807404113288081,-1.4207022768880953,-1.4657572361063862,-1.1863688252769038,-3.0113113212783786,-2.6672124703681477,-2.612570576204396
/multi_agv/path_reference,1789710649.368444,1789710649.3678703,world,s_curve,1,2.339036218882642,0.09086312494657954,0.0,0.6538774243478968,-1.3579414690925984,-2.7700517412609167,0.4924902957694144,0.7890287341550558,0.6801132431192202,-1.4208238571610583,-1.4662656282511597,-1.186734921865577,-3.012615615356402,-2.668516764446171,-2.6138748702824195
/multi_agv/path_reference,1789710649.3786488,1789710649.3778472,world,s_curve,1,2.3399429700604486,0.0908644702502221,0.0001348112975184349,0.653032328788677,-1.3582701194794422,-2.7713471000863548,0.4915638803767346,0.7880432065906458,0.6794898993986509,-1.4209434006081647,-1.4667692571494804,-1.1870977006806818,-3.01391097418184,-2.669812123271609,-2.6151702291078576
/multi_agv/path_reference,1789710649.388534,1789710649.3878589,world,s_curve,1,2.340852555028489,0.0908644702502221,0.0,0.6521841651280109,-1.358598696868204,-2.7726465071835555,0.4906344149490749,0.7870539444399889,0.678864135994969,-1.4210621118975102,-1.4672731769835392,-1.1874608017235626,-3.015210381279041,-2.67111153036881,-2.6164696362050583
/multi_agv/path_reference,1789710649.398606,1789710649.3978205,world,s_curve,1,2.3417576740986807,0.0908644702502221,0.0,0.6513397427950749,-1.358924566995153,-2.7739395344266864,0.48970936079037897,0.7860688903370987,0.6782409772577471,-1.4211790416376724,-1.4677733465133433,-1.1878213128344435,-3.016503408522172,-2.672404557611941,-2.617762663448189
/multi_agv/path_reference,1789710649.4085622,1789710649.4078538,world,s_curve,1,2.342669396471655,0.0908644702502221,0.0,0.650488734579376,-1.3592517100592532,-2.775241994959507,0.4887774056965405,0.7850759966446367,0.6776128013969508,-1.4212956147634819,-1.4682758765994144,-1.188183638814863,-3.0178058690549925,-2.6737070181447615,-2.61906512398101
/multi_agv/path_reference,1789710649.418537,1789710649.4177992,world,s_curve,1,2.343573156491652,0.09085867964950538,-0.0005821526996735455,0.6496447383853786,-1.359574901154415,-2.77653308070236,0.4878534403024849,0.7840911287707991,0.6769896460828521,-1.4214099710149093,-1.4687727404752144,-1.1885419919731213,-3.0190969547978455,-2.6749981038876145,-2.620356209723863
/multi_agv/path_reference,1789710649.4283442,1789710649.4278193,world,s_curve,1,2.344483418903917,0.09085867964950538,0.0,0.6487942488674757,-1.3598993161980164,-2.7778334555770243,0.4869226788285097,0.783098527493581,0.6763615402803366,-1.4215239444980727,-1.4692718938522047,-1.1889021102437716,-3.0203973296725097,-2.6762984787622788,-2.621656584598527
/multi_agv/path_reference,1789710649.4385326,1789710649.4378014,world,s_curve,1,2.345390490722788,0.09085867964950538,0.0,0.6479463214942365,-1.360221493690709,-2.7791292724611254,0.48599503314639864,0.7821087605693018,0.6757351707670092,-1.4216363143977295,-1.4697680132220452,-1.1892601534523524,-3.021693146556611,-2.67759429564638,-2.622952401482628
/multi_agv/path_reference,1789710649.4486802,1789710649.4478602,world,s_curve,1,2.3463043308772815,0.09085867964950538,0.0,0.6470916457302133,-1.3605449640062293,-2.780434758396116,0.48506031922676296,0.7811109590793535,0.6751036588845234,-1.4217483073097799,-1.4702665373153327,-1.189620047393575,-3.0229986324916016,-2.6788997815813707,-2.624257887417619
/multi_agv/path_reference,1789710649.4585793,1789710649.4578,world,s_curve,1,2.347207574948624,0.09086105981181156,0.00023943037826098856,0.6462464657614216,-1.360863586913048,-2.7817251070694624,0.48413630051808665,0.7801240884922505,0.6744790082739278,-1.4218578024156563,-1.4707580004741654,-1.1899749578493226,-3.024288981164948,-2.680190130254717,-2.625548236090965
/multi_agv/path_reference,1789710649.4684443,1789710649.4678614,world,s_curve,1,2.3481215917798006,0.09086105981181156,0.0,0.6453907877812245,-1.361184899596036,-2.783030845399715,0.4832011182704683,0.7791248030772775,0.6738464419959278,-1.421967389706196,-1.4712540285686733,-1.1903332805132387,-3.0255947194952,-2.6814958685849692,-2.6268539744212176
/multi_agv/path_reference,1789710649.4783206,1789710649.4777997,world,s_curve,1,2.349024770703763,0.09086105981181156,0.0,0.6445448446238927,-1.3615013047595153,-2.7843211010053754,0.4822768851896858,0.77813673133121,0.6732209173507824,-1.4220744782033639,-1.4717428931278769,-1.1906865429473048,-3.026884975100861,-2.68278612419063,-2.6281442300268782
/multi_agv/path_reference,1789710649.4883497,1789710649.487803,world,s_curve,1,2.349933663425472,0.09086105981181156,0.0,0.6436931383530488,-1.361818609486288,-2.7856195191792454,0.48134666641461826,0.7771417728081512,0.672590975836377,-1.422181040261932,-1.4722335630119243,-1.1910412251850078,-3.028183393274731,-2.6840845423645,-2.6294426482007482
/multi_agv/path_reference,1789710649.4983733,1789710649.4978545,world,s_curve,1,2.3508465087889063,0.09086209122273346,0.00010266377748993335,0.6428373141409551,-1.3621361806685222,-2.7869235839841515,0.48041226374529145,0.7761418469116823,0.6719578317658919,-1.4222868498582002,-1.4727250659272957,-1.1913966262200706,-3.029487458079637,-2.685388607169406,-2.6307467130056543
/multi_agv/path_reference,1789710649.5083916,1789710649.5078566,world,s_curve,1,2.3517556620621263,0.09086209122273346,0.0,0.6419845405578457,-1.3624513580358697,-2.788222374374466,0.47948150406688617,0.7751453291547127,0.6713267884519384,-1.4223910204574906,-1.47321328461834,-1.1917497690317784,-3.0307862484699513,-2.6866873975597203,-2.6320455033959687
/multi_agv/path_reference,1789710649.5184965,1789710649.5178716,world,s_curve,1,2.3526655824839824,0.09086209122273346,0.0,0.6411306382143482,-1.3627656920061835,-2.7895222606914034,0.4785498242893387,0.7741473364377879,0.6706947539159184,-1.4224940683735467,-1.473700618849511,-1.1921023887954927,-3.032086134786889,-2.687987283876658,-2.633345389712906
/multi_agv/path_reference,1789710649.5284288,1789710649.5278664,world,s_curve,1,2.353573714376435,0.09086209122273346,0.0,0.6402780073908757,-1.3630783005419689,-2.7908195919663354,0.47761984281423897,0.7731506743665227,0.6700635049918656,-1.4225957055304237,-1.474185700704059,-1.1924534953914239,-3.033383466061821,-2.68928461515159,-2.6346427209878382
/multi_agv/path_reference,1789710649.5383215,1789710649.5378013,world,s_curve,1,2.3544766133171833,0.09086024198582025,-0.00018609182693699733,0.6394298883321393,-1.3633880108011922,-2.792109447595976,0.4766950902263194,0.7721591323099887,0.66943544246011,-1.4226955607881713,-1.4746667050470745,-1.1928017665683308,-3.034673321691461,-2.6905744707812302,-2.6359325766174786
/multi_agv/path_reference,1789710649.548319,1789710649.5478547,world,s_curve,1,2.355389937107796,0.09086024198582025,0.0,0.6385715713520415,-1.3637001841302856,-2.7934141958682797,0.4757595303620379,0.7711555117100275,0.668799671984059,-1.4227953557492037,-1.475151961860163,-1.19315323478149,-3.035978069963765,-2.691879219053534,-2.6372373248897825
/multi_agv/path_reference,1789710649.5584004,1789710649.557832,world,s_curve,1,2.356296606476006,0.09086024198582025,0.0,0.6377191058439164,-1.3640089749706559,-2.794709437822865,0.4748306589006518,0.7701585780090149,0.6681680806220828,-1.4228932160917849,-1.475632387445952,-1.1935013213742305,-3.0372733119183506,-2.6931744610081196,-2.638532566844368
/multi_agv/path_reference,1789710649.5684123,1789710649.5678527,world,s_curve,1,2.357207096789972,0.09086024198582025,0.0,0.6368626460932615,-1.3643179558560576,-2.796010138271388,0.47389774620183767,0.7691568176446586,0.6675333744332883,-1.422990278150119,-1.476113537940188,-1.193850051477866,-3.0385740123668734,-2.6944751614566425,-2.639833267292891
/multi_agv/path_reference,1789710649.5783925,1789710649.57785,world,s_curve,1,2.3581154780557667,0.09086226868426067,0.00020272370773102472,0.6360077704830223,-1.3646251106971066,-2.7973078257939523,0.4729668694882554,0.7681567549519811,0.6668996870088303,-1.423085906131437,-1.476592275097313,-1.1941971508625695,-3.0398716998894377,-2.6957728489792068,-2.641130954815455
/multi_agv/path_reference,1789710649.5883887,1789710649.5878527,world,s_curve,1,2.3590243446169383,0.09086226868426067,0.0,0.6351520399994453,-1.3649313191992005,-2.798606206595626,0.47203537207812396,0.7671555371046933,0.6662652108155186,-1.4231803762408848,-1.4770699688788929,-1.194543612477824,-3.0411700806911113,-2.6970712297808803,-2.6424293356171287
/multi_agv/path_reference,1789710649.5983465,1789710649.5978544,world,s_curve,1,2.3599331051418426,0.09086226868426067,0.0,0.6342960125961278,-1.3652363809275463,-2.799904435916918,0.47110386152060457,0.7661538168199156,0.6656303594478632,-1.4232736261011727,-1.4775463068703643,-1.194889209811102,-3.0424683100124033,-2.6983694591021723,-2.6437275649384206
/multi_agv/path_reference,1789710649.6083622,1789710649.6078613,world,s_curve,1,2.3608421881369384,0.09086226868426067,0.0,0.6334392859284008,-1.3655404388017947,-2.801203125909912,0.4701719001041075,0.7651511232208658,0.6649948344602293,-1.423365699078782,-1.4780215123966145,-1.1952341049299875,-3.0437670000053973,-2.6996681490951664,-2.6450262549314147
/multi_agv/path_reference,1789710649.6183736,1789710649.617861,world,s_curve,1,2.361750831779208,0.09086130220106003,-9.664506312510294e-05,0.6325825794737765,-1.3658432377488814,-2.802501188256011,0.46924027042750915,0.7641482983960034,0.6643591695978169,-1.4234565181227126,-1.478495186708842,-1.1955780084150895,-3.0450650623514965,-2.7009662114412656,-2.646324317277514
/multi_agv/path_reference,1789710649.6283839,1789710649.6278532,world,s_curve,1,2.3626587538010155,0.09086130220106003,0.0,0.6317261613978122,-1.3661446848599195,-2.8037982197157363,0.46830926352995084,0.7631456565733352,0.6637235640901509,-1.4235460567184817,-1.4789671838918534,-1.1959208139694233,-3.0463620938112217,-2.7022632429009907,-2.647621348737239
/multi_agv/path_reference,1789710649.6386766,1789710649.6378117,world,s_curve,1,2.3635636105259317,0.09086130220106003,0.0,0.6308722462767868,-1.36644400833633,-2.8050908721799024,0.4673812849355559,0.7621457914138248,0.6630896624809799,-1.4236340910405902,-1.4794362927948455,-1.1962616411735545,-3.047654746275388,-2.703555895365157,-2.648914001201405
/multi_agv/path_reference,1789710649.648777,1789710649.6478667,world,s_curve,1,2.3644771698555114,0.09086130220106003,0.0,0.6300097268379458,-1.3667450909593453,-2.8063959569364445,0.46644426684540125,0.7611356957132224,0.6624492179552138,-1.4237217554583075,-1.479908602245095,-1.1966049151746334,-3.04895983103193,-2.704860980121699,-2.6502190859579473
/multi_agv/path_reference,1789710649.658773,1789710649.6578524,world,s_curve,1,2.36538447388575,0.09086307219555258,0.00017725826404558888,0.6291527249851042,-1.3670429975050062,-2.8076921055510713,0.46551355218354923,0.7601319070271919,0.6618127157445717,-1.4238076090585332,-1.480376372428661,-1.1969450110278244,-3.0502559796465567,-2.7061571287363257,-2.651515234572574
/multi_agv/path_reference,1789710649.66878,1789710649.6678648,world,s_curve,1,2.366294241849917,0.09086307219555258,0.0,0.6282930088665796,-1.3673405976141049,-2.8089917740713095,0.4645801991116689,0.7591247845094953,0.6611740429785746,-1.4238924846043053,-1.4808441062916862,-1.197285201946323,-3.051555648166795,-2.707456797256564,-2.6528149030928123
/multi_agv/path_reference,1789710649.6786308,1789710649.6778498,world,s_curve,1,2.367201550514172,0.09086307219555258,0.0,0.6274352322750143,-1.367636280236284,-2.81028792930596,0.4636492600365226,0.7581197798923206,0.6605366568961998,-1.4239759225664588,-1.4813092718132632,-1.19762364632913,-3.0528518034014454,-2.7087529524912144,-2.6541110583274627
/multi_agv/path_reference,1789710649.6883862,1789710649.6878445,world,s_curve,1,2.3681098190559218,0.09086307219555258,0.0,0.6265761651044833,-1.367931161944524,-2.811585455794174,0.4627172285812077,0.7571131090370078,0.6598981576952347,-1.424058240270953,-1.481773624447568,-1.197961621115051,-3.0541493298896594,-2.7100504789794284,-2.6554085848156763
/multi_agv/path_reference,1789710649.698366,1789710649.6978528,world,s_curve,1,2.369019122704822,0.09086443365696793,0.00013604742552360478,0.6257157363746646,-1.3682252629610463,-2.8128844610068886,0.46178402875353,0.7561046882616057,0.6592584921088583,-1.4241394403798262,-1.4822371975373219,-1.1982991509659906,-3.055448335102374,-2.711349484192143,-2.6567075900283914
/multi_agv/path_reference,1789710649.7083256,1789710649.7078493,world,s_curve,1,2.3699274191214754,0.09086443365696793,0.0,0.6248558800925375,-1.3685179222111499,-2.8141820273163933,0.4608517581430319,0.7550967842092935,0.6586190979252871,-1.4242193403580132,-1.4826989490713511,-1.1986354772040853,-3.0567459014118787,-2.712647050501648,-2.658005156337896
/multi_agv/path_reference,1789710649.7183614,1789710649.7178178,world,s_curve,1,2.3708332269430197,0.09086443365696793,0.0,0.6239980022894154,-1.3688086684384093,-2.815476038490028,0.459921939412111,0.7540910458809341,0.657981021575201,-1.4242978168431457,-1.4831581328407195,-1.1989700556313625,-3.0580399125855133,-2.7139410616752824,-2.6592991675115307
/multi_agv/path_reference,1789710649.7283716,1789710649.7278662,world,s_curve,1,2.3717462126005007,0.09086443365696793,0.0,0.6231329463876263,-1.3691005947626493,-2.8167803037150008,0.45898465051972676,0.7530767373403869,0.6573374513027653,-1.4243756973284927,-1.483619637689253,-1.1993064492702024,-3.059344177810486,-2.715245326900255,-2.6606034327365036
/multi_agv/path_reference,1789710649.7383735,1789710649.7378564,world,s_curve,1,2.3726539456021163,0.09085944400041611,-0.0004994391734627307,0.622272490541909,-1.3693897224572562,-2.8180770651458804,0.4580526540880674,0.7520676684022337,0.6566971491354262,-1.4244519174287018,-1.484077175145886,-1.1996400747971807,-3.060640939241366,-2.716542088331135,-2.661900194167383
/multi_agv/path_reference,1789710649.7483478,1789710649.7478595,world,s_curve,1,2.3735627979012226,0.09085944400041611,0.0,0.6214105987350894,-1.3696780883667394,-2.819375425573175,0.45711941014228025,0.7510567615867387,0.6560556244762494,-1.424527020450801,-1.4845339652640215,-1.1999732793853957,-3.0619392996686603,-2.7178404487584293,-2.6631985545946777
/multi_agv/path_reference,1789710649.758321,1789710649.7578526,world,s_curve,1,2.3744707841281087,0.09085944400041611,0.0,0.6205491551252212,-1.3699650618458974,-2.820672548754441,0.456186958943377,0.7500462267315506,0.6554142797007363,-1.4246008419380765,-1.4849890091150866,-1.2003053344845291,-3.0632364228499265,-2.7191375719396955,-2.664495677775944
/multi_agv/path_reference,1789710649.7683454,1789710649.7678702,world,s_curve,1,2.375380925904444,0.09085944400041611,0.0,0.6196852936639002,-1.370251595106697,-2.821972751292063,0.4552521988514663,0.7490327014251312,0.6547709807151032,-1.424673624932909,-1.4854438175240539,-1.200637342863128,-3.0645366253875483,-2.7204377744773174,-2.6657958803135657
/multi_agv/path_reference,1789710649.778395,1789710649.7778378,world,s_curve,1,2.376286706069664,0.09086165024940902,0.00022131575856335303,0.618825202879255,-1.3705356398789512,-2.823266722956663,0.45432182518224606,0.7480234469230709,0.6541303365324482,-1.4247448524380284,-1.485895137693369,-1.2009669295054564,-3.065830597052148,-2.7217317461419173,-2.6670898519781656
/multi_agv/path_reference,1789710649.7885022,1789710649.7878778,world,s_curve,1,2.3771989262360687,0.09086165024940902,0.0,0.6179586262350549,-1.370820579225148,-2.824569894622955,0.45338474433261877,0.7470064273865757,0.6534847069859704,-1.4248153696735144,-1.4863483465278944,-1.201298021474035,-3.0671337687184406,-2.7230349178082096,-2.668393023644458
/multi_agv/path_reference,1789710649.798428,1789710649.7978778,world,s_curve,1,2.378107568179825,0.09086165024940902,0.0,0.6170950803797604,-1.3711032780382864,-2.825867954542607,0.4524512486738038,0.7459928108889043,0.652841181576573,-1.424884396297213,-1.486798459742591,-1.2016269780750548,-3.0684318286380923,-2.7243329777278613,-2.6696910835641097
/multi_agv/path_reference,1789710649.8085587,1789710649.807879,world,s_curve,1,2.3790163225194423,0.09086165024940902,0.0,0.6162310614318928,-1.3713848905182204,-2.8271661750277746,0.45151754873950645,0.74497848550772,0.652197150048452,-1.4249522195214017,-1.487247312354807,-1.2019551396784527,-3.06973004912326,-2.725631198213029,-2.6709893040492774
/multi_agv/path_reference,1789710649.8183324,1789710649.817812,world,s_curve,1,2.379918903114874,0.09086333657340437,0.00016976326051813397,0.6153725512500231,-1.371663479613623,-2.828455575878391,0.45059010573977476,0.7439704752371822,0.6515570727731125,-1.4250183824029827,-1.487691812128543,-1.202280244309343,-3.0710194499738765,-2.7269205990636456,-2.672278704899894
/multi_agv/path_reference,1789710649.8285134,1789710649.827884,world,s_curve,1,2.3808340531082437,0.09086333657340437,0.0,0.6145017192567698,-1.3719448175407198,-2.8297629330117764,0.44964966067525947,0.7429478429202956,0.6509076541747543,-1.425084245289222,-1.4881411742642172,-1.2026090330687202,-3.072326807107262,-2.728227956197031,-2.673586062033279
/multi_agv/path_reference,1789710649.8384597,1789710649.8378434,world,s_curve,1,2.381739032495761,0.09086333657340437,0.0,0.6136402045030179,-1.3722219094138668,-2.8310557607082294,0.44871958358380903,0.7419359989975591,0.6502650309276856,-1.425148167505882,-1.4885842276917975,-1.202933333043921,-3.073619634803715,-2.729520783893484,-2.674878889729732
/multi_agv/path_reference,1789710649.8483822,1789710649.8478587,world,s_curve,1,2.3826489354948968,0.09086333657340437,0.0,0.6127736419163052,-1.3724993848795939,-2.832355622135567,0.44778436354328,0.7409180731774954,0.6496184890281405,-1.4252112243651247,-1.4890283715599308,-1.2032585587137261,-3.074919496231052,-2.7308206453208212,-2.6761787511570696
/multi_agv/path_reference,1789710649.8583832,1789710649.857843,world,s_curve,1,2.383556157170649,0.09086031159296325,-0.0003029586624625508,0.6119092745641053,-1.3727749209622302,-2.833651653100927,0.4468518185999085,0.7399025730706289,0.6489734320217785,-1.4252728850239655,-1.4894698888803883,-1.203581988982337,-3.0762155271964122,-2.7321166762861813,-2.6774747821224296
/multi_agv/path_reference,1789710649.8684368,1789710649.8678718,world,s_curve,1,2.3844673420823326,0.09086031159296325,0.0,0.6110407725410988,-1.3730505331173166,-2.8349533458319036,0.44591512021497426,0.7388820616628777,0.6483251357454445,-1.4253335986727318,-1.48991201007051,-1.2039059906087082,-3.077517219927389,-2.733418369017158,-2.6787764748534064
/multi_agv/path_reference,1789710649.8783329,1789710649.8778458,world,s_curve,1,2.3853735217720313,0.09086031159296325,0.0,0.6101766861789538,-1.3733235098042442,-2.836247888245759,0.444983489587918,0.7378665860837633,0.6476799828651804,-1.425392769449791,-1.4903503847616648,-1.2042273752012769,-3.0788117623412443,-2.7347129114310134,-2.6800710172672617
/multi_agv/path_reference,1789710649.888327,1789710649.8878539,world,s_curve,1,2.386282907467825,0.09086031159296325,0.0,0.6093091882531718,-1.3735963276433234,-2.837547010668321,0.444048486738266,0.736846948211122,0.6470321298101276,-1.425450937224355,-1.4907889886119536,-1.2045490570936617,-3.0801108847638066,-2.7360120338535756,-2.681370139689824
/multi_agv/path_reference,1789710649.898326,1789710649.897827,world,s_curve,1,2.3871891881133536,0.09086231669153175,0.00020102812746541378,0.6084443004979858,-1.3738670926000287,-2.8388416973047907,0.44311660203786063,0.7358302258360339,0.6463860736200631,-1.4255076979593573,-1.491224776736046,-1.2048688031046826,-3.081405571400276,-2.737306720490045,-2.6826648263262936
/multi_agv/path_reference,1789710649.9084096,1789710649.9078362,world,s_curve,1,2.3880986744722774,0.09086231669153175,0.0,0.6075760017796014,-1.3741376894470574,-2.840140963531825,0.4421813479880895,0.7348093407654563,0.6457373165852585,-1.4255634465847595,-1.491660782711788,-1.2051888390446248,-3.0827048376273103,-2.7386059867170793,-2.6839640925533277
/multi_agv/path_reference,1789710649.9184594,1789710649.9178016,world,s_curve,1,2.389004166614622,0.09086231669153175,0.0,0.6067111679123586,-1.374405977138438,-2.841434523735174,0.44125013020379056,0.7337923772945575,0.6450909962387278,-1.4256177433685129,-1.4920935560155555,-1.2055066320312458,-3.0839983978306593,-2.7398995469204284,-2.6852576527566767
/multi_agv/path_reference,1789710649.9283047,1789710649.9278035,world,s_curve,1,2.389912953515432,0.09086231669153175,0.0,0.6058428390159075,-1.374674115985196,-2.8427327907363313,0.440315454221888,0.7327711514434286,0.6444419113824059,-1.4256710265117425,-1.4925265809755457,-1.2058247404682998,-3.0852966648318167,-2.741197813921586,-2.686555919757834
/multi_agv/path_reference,1789710649.9383123,1789710649.9378307,world,s_curve,1,2.390824018548863,0.0908604260512289,-0.00018855337118910018,0.6049719847027117,-1.3749417951631377,-2.8440343122126617,0.4393783665513662,0.731746802153705,0.643790785403064,-1.4257232251109677,-1.492959360212868,-1.2061428001655776,-3.086598186308147,-2.742499335397916,-2.6878574412341645
/multi_agv/path_reference,1789710649.948362,1789710649.9478312,world,s_curve,1,2.3917326729643307,0.0908604260512289,0.0,0.6041030882697418,-1.3752076366931874,-2.8453323899490437,0.4384436914063562,0.7307246029819278,0.6431409704209415,-1.425774070528878,-1.4933896658346422,-1.2064591737160417,-3.087896264044529,-2.743797413134298,-2.6891555189705465
/multi_agv/path_reference,1789710649.9585876,1789710649.9578445,world,s_curve,1,2.3926423176675815,0.0908604260512289,0.0,0.6032328998594441,-1.3754726376355215,-2.846631882382259,0.4375079321892921,0.7297007310506107,0.6424900363384294,-1.4258237557038136,-1.4938191106450818,-1.2067750465576692,-3.0891957564777446,-2.7450969055675136,-2.690455011403762
/multi_agv/path_reference,1789710649.9683306,1789710649.9678361,world,s_curve,1,2.393550318705725,0.0908604260512289,0.0,0.602363941120064,-1.3757360317836829,-2.8479290267224644,0.43657380022342596,0.7286781535003084,0.6418398696364578,-1.425872138348442,-1.4942464522147931,-1.2070895047878132,-3.09049290081795,-2.746394049907719,-2.691752155743967
/multi_agv/path_reference,1789710649.9784079,1789710649.9778526,world,s_curve,1,2.3944602965499424,0.09086240851927636,0.00019795187624553135,0.6014927485733357,-1.3759988684337678,-2.8492289950713463,0.43563757242921186,0.7276527944711012,0.6411878788196942,-1.425919410760566,-1.4946733931603227,-1.2074038013804147,-3.0917928691668317,-2.7476940182566008,-2.693052124092849
/multi_agv/path_reference,1789710649.988405,1789710649.987868,world,s_curve,1,2.3953702463176754,0.09086240851927636,0.0,0.6006212419957772,-1.3762605643371664,-2.8505289233109647,0.434701312879354,0.7266269129775199,0.6405355001304577,-1.425965464719333,-1.4950989877550187,-1.2077172405371472,-3.09309279740645,-2.748993946496219,-2.6943520523324676
/multi_agv/path_reference,1789710649.998398,1789710649.9978678,world,s_curve,1,2.396279011330464,0.09086240851927636,0.0,0.5997505313478589,-1.3765207886581574,-2.85182715904352,0.43376621339383625,0.7256018158992847,0.6398835647504559,-1.4260102440333977,-1.4955226969485542,-1.20802942499252,-3.094391033139005,-2.7502921822287743,-2.6956502880650226
/multi_agv/path_reference,1789710650.0084445,1789710650.0078683,world,s_curve,1,2.3971877376358663,0.09086240851927636,0.0,0.5988795207328131,-1.3767798714397577,-2.853125339479809,0.4328310964184442,0.724576213331571,0.6392312524484245,-1.4260538075796203,-1.4959450570844475,-1.208340749655205,-3.0956892135752945,-2.7515903626650635,-2.696948468501312
/multi_agv/path_reference,1789710650.01845,1789710650.0178602,world,s_curve,1,2.3980954568724395,0.09086392337974103,0.00015163958154289898,0.5980091403730393,-1.3770375381305549,-2.854422081246342,0.43189696011403195,0.7235512008598184,0.6385792601452678,-1.4260961109756656,-1.49636561969032,-1.2086508837256793,-3.0969859553418275,-2.7528871044315966,-2.698245210267845
/multi_agv/path_reference,1789710650.0285408,1789710650.0278633,world,s_curve,1,2.399004551607085,0.09086392337974103,0.0,0.5971371069612238,-1.377294463891545,-2.8557207880101214,0.4309613541053937,0.722524089432867,0.6379258773454107,-1.4261372644131989,-1.4967854870968713,-1.2089606401645647,-3.098284662105607,-2.754185811195376,-2.699543917031624
/multi_agv/path_reference,1789710650.0383728,1789710650.0378382,world,s_curve,1,2.399910927511415,0.09086392337974103,0.0,0.5962673501482958,-1.3775494937913322,-2.857015610730593,0.43002849384456965,0.7214995078616798,0.637274048738638,-1.4261770852886402,-1.4972027706977757,-1.2092686253875804,-3.0995794848260783,-2.7554806339158473,-2.7008387397520957
/multi_agv/path_reference,1789710650.0489268,1789710650.0478756,world,s_curve,1,2.400822905540077,0.09086392337974103,0.0,0.5953918849526422,-1.3778049629621316,-2.858318436485824,0.42908981647137334,0.7204680490575779,0.6366177893289755,-1.4262159329880602,-1.4976212939558455,-1.2095776619424892,-3.1008823105813095,-2.7567834596710785,-2.702141565507327
/multi_agv/path_reference,1789710650.0587978,1789710650.057838,world,s_curve,1,2.4017281116457654,0.09086052889350851,-0.00034072330320124305,0.5945225921217867,-1.378057406922505,-2.8596115880653787,0.4281580599841588,0.7194437110134937,0.6359660053677079,-1.4262532827484316,-1.4980353801294402,-1.209883557889643,-3.102175462160864,-2.758076611250633,-2.7034347170868815
/multi_agv/path_reference,1789710650.068656,1789710650.0678127,world,s_curve,1,2.402634389269671,0.09086052889350851,0.0,0.5936519438286008,-1.378309022830806,-2.8609062703852444,0.4272251527903696,0.7184176247064991,0.6353130539889338,-1.4262894691054806,-1.4984486286029013,-1.210188970784036,-3.1034701444807298,-2.759371293570499,-2.7047293994067467
/multi_agv/path_reference,1789710650.0784807,1789710650.077865,world,s_curve,1,2.40354768859525,0.09086052889350851,0.0,0.5927742211661932,-1.3785614479995827,-2.8622109837074996,0.42628497107047725,0.7173830481515312,0.6346546442765711,-1.4263247142464188,-1.4988637349160752,-1.2104958948362539,-3.104774857802985,-2.760676006892754,-2.7060341127290024
/multi_agv/path_reference,1789710650.088344,1789710650.0878592,world,s_curve,1,2.4044556214254107,0.09086052889350851,0.0,0.5919013302102359,-1.3788112544952695,-2.863508030607729,0.42535026898042566,0.7163540147143791,0.6339997069359032,-1.426358536260098,-1.4992750636651286,-1.2108001635605823,-3.1060719047032146,-2.7619730537929836,-2.707331159629232
/multi_agv/path_reference,1789710650.0983896,1789710650.0978522,world,s_curve,1,2.40536372508219,0.09086248439898709,0.0001956627800279834,0.5910279516816,-1.3790599753806707,-2.864805321545986,0.4244153479610011,0.7153242548968884,0.6333442521869107,-1.4263911520134427,-1.499685134476993,-1.2111036396515762,-3.1073691956414713,-2.7632703447312403,-2.7086284505674887
/multi_agv/path_reference,1789710650.108424,1789710650.1078556,world,s_curve,1,2.4062726029781993,0.09086248439898709,0.0,0.5901535062066805,-1.3793077737307486,-2.8661037185402845,0.4234795882865113,0.714293085350468,0.6326878449830623,-1.4264225812241544,-1.5000942170511948,-1.2114065229168969,-3.10866759263577,-2.764568741725539,-2.7099268475617873
/multi_agv/path_reference,1789710650.1185777,1789710650.1178584,world,s_curve,1,2.407181519672489,0.09086248439898709,0.0,0.5892787024008295,-1.379554447076421,-2.8674021709606983,0.4225437486663404,0.7132613414906769,0.6320310170454712,-1.426452796761221,-1.5005019778669113,-1.2117085666011302,-3.1099660450561837,-2.7658671941459527,-2.711225299982201
/multi_agv/path_reference,1789710650.1286325,1789710650.1278448,world,s_curve,1,2.40808897457113,0.09086248439898709,0.0,0.5884049867711175,-1.3797995904497462,-2.868698535101614,0.421609375818884,0.7122307296829157,0.6313748548115529,-1.4264817515722903,-1.5009077462128544,-1.2120092735640942,-3.1112624091970993,-2.7671635582868683,-2.7125216641231167
/multi_agv/path_reference,1789710650.1387079,1789710650.137941,world,s_curve,1,2.4090064463661753,0.09086399960123011,0.00015006165502761114,0.5875213043014074,-1.3800462879657127,-2.870009209094536,0.42066465153843546,0.711188207590542,0.6307110537752447,-1.4265097943845895,-1.5013166348394469,-1.2123124346731018,-3.1125730831900214,-2.7684742322797904,-2.7138323381160387
/multi_agv/path_reference,1789710650.1484761,1789710650.1478753,world,s_curve,1,2.409909105239414,0.09086399960123011,0.0,0.5866515745161415,-1.3802878723757186,-2.871298721770591,0.4197351452174578,0.7101619953797876,0.6300575829511791,-1.4265361764546525,-1.5017175884179008,-1.2126098522546025,-3.1138625958660766,-2.7697637449558457,-2.715121850792094
/multi_agv/path_reference,1789710650.1585948,1789710650.1578653,world,s_curve,1,2.410816851678854,0.09086399960123011,0.0,0.5857766293191735,-1.3805296871480999,-2.872595502398363,0.4188003664791542,0.7091294786735369,0.6294000428048294,-1.4265614984092352,-1.5021194669659765,-1.212908096069088,-3.1151593764938483,-2.7710605255836174,-2.7164186314198657
/multi_agv/path_reference,1789710650.1684823,1789710650.1678734,world,s_curve,1,2.4117262079557755,0.09086399960123011,0.0,0.58489981868636,-1.3807707925935442,-2.873894582793965,0.41786389773495203,0.7080946091001555,0.6287409492239725,-1.4265856494842404,-1.5025207150366446,-1.2132060132597475,-3.1164584568894504,-2.7723596059792195,-2.717717711815468
/multi_agv/path_reference,1789710650.178421,1789710650.1778731,world,s_curve,1,2.412634680922238,0.09085911741739944,-0.0004882819085433643,0.5840235476107253,-1.3810105258121774,-2.8751924013174825,0.4169283079781143,0.7070602250137881,0.6280821098402736,-1.4266085618676954,-1.5029202301577078,-1.2135027854111289,-3.117756275412968,-2.773657424502737,-2.7190155303389854
/multi_agv/path_reference,1789710650.1884272,1789710650.1878588,world,s_curve,1,2.413541968177218,0.09085911741739944,0.0,0.5831481104458501,-1.3812488109700303,-2.8764885259674537,0.41599391044615924,0.7060266743732327,0.6274237465181586,-1.42663023252625,-1.5033178837409176,-1.2137983166429234,-3.119052400062939,-2.774953549152708,-2.7203116549889566
/multi_agv/path_reference,1789710650.1984687,1789710650.1978745,world,s_curve,1,2.4144520558010556,0.09085911741739944,0.0,0.5822696617260769,-1.38148669163505,-2.877788651144365,0.41505660148676005,0.7049894167709695,0.6267629669205012,-1.4266507535139665,-1.5037154187073778,-1.2140939026838056,-3.1203525252398503,-2.7762536743296193,-2.7216117801658677
/multi_agv/path_reference,1789710650.2083957,1789710650.2078469,world,s_curve,1,2.4153580198747084,0.09085911741739944,0.0,0.58139488676546,-1.3817223599480655,-2.8790828855352975,0.4141235137048288,0.7039563464519809,0.6261048001395706,-1.4266699711683641,-1.5041098127343266,-1.2143872959415054,-3.121646759630783,-2.777547908720552,-2.7229060145568003
/multi_agv/path_reference,1789710650.218276,1789710650.2178235,world,s_curve,1,2.4162645846281383,0.09086140415389857,0.00022919056631623896,0.5805192272635283,-1.381957051173029,-2.8803779780401975,0.4131897831839216,0.7029220811375763,0.6254458174690873,-1.4266879928578375,-1.5045031297046918,-1.2146800309565575,-3.122941852135683,-2.778843001225452,-2.7242011070617003
/multi_agv/path_reference,1789710650.2284057,1789710650.2278528,world,s_curve,1,2.4171759286914267,0.09086140415389857,0.0,0.5796386457831008,-1.3821918364746355,-2.8816798981306095,0.41225110741964577,0.7018818507644241,0.6247829791652325,-1.426704890746645,-1.5048971698383249,-1.2149734488389363,-3.124243772226095,-2.780144921315864,-2.7255030271521123
/multi_agv/path_reference,1789710650.2384849,1789710650.2378557,world,s_curve,1,2.418084727181616,0.09086140415389857,0.0,0.5787602203230484,-1.3824248242174118,-2.882978181688023,0.4113150324785688,0.7008440160095083,0.6241216124810683,-1.4267205245474317,-1.5052887604671785,-1.2152651876376253,-3.1255420557835083,-2.7814432048732773,-2.7268013107095257
/multi_agv/path_reference,1789710650.2483356,1789710650.247828,world,s_curve,1,2.4189909451170664,0.09086140415389857,0.0,0.5778839887566329,-1.3826560147704443,-2.884272778738666,0.410381596162669,0.6998086228929449,0.623461747214285,-1.4267349039953054,-1.505677897339061,-1.2155552429769665,-3.1268366528341516,-2.7827378019239206,-2.728095907760169
/multi_agv/path_reference,1789710650.2583716,1789710650.2578568,world,s_curve,1,2.4199020416119152,0.09086171512283212,3.101227017316575e-05,0.5770027390579429,-1.3828873060865183,-2.8855743451598785,0.40944311675887846,0.6987671488133068,0.6227979516016434,-1.426748142546792,-1.5060677774158968,-1.2158459982968663,-3.128138219255364,-2.784039368345133,-2.7293974741813813
/multi_agv/path_reference,1789710650.2683187,1789710650.2678607,world,s_curve,1,2.4208110230277593,0.09086171512283212,0.0,0.5761232359385132,-1.3831169174113451,-2.886872890039656,0.4085067996619203,0.6977275877077929,0.6221353204458266,-1.4267601332636954,-1.5064554013925149,-1.2161352175778248,-3.1294367641351415,-2.7853379132249105,-2.7306960190611584
/multi_agv/path_reference,1789710650.2785134,1789710650.2778347,world,s_curve,1,2.4217173963489325,0.09086171512283212,0.0,0.5752459600113241,-1.3833447318742937,-2.8881677090699034,0.407573154193273,0.6966905088707496,0.6214742169699499,-1.4267708782506658,-1.5068405680483552,-1.2164227493238602,-3.130731583165389,-2.786632732255158,-2.731990838091406
/multi_agv/path_reference,1789710650.2884529,1789710650.2878544,world,s_curve,1,2.42262770289203,0.09086171512283212,0.0,0.5743645809913805,-1.383572391505067,-2.8894681469886145,0.40663544396080753,0.6956484285381295,0.6208098704752048,-1.42678045314846,-1.507226054306688,-1.2167106670600532,-3.1320320210841,-2.787933170173869,-2.7332912760101173
/multi_agv/path_reference,1789710650.2984374,1789710650.2978563,world,s_curve,1,2.423536444753799,0.0908618925628228,1.7741598630380938e-05,0.5734844223806177,-1.3837985164114583,-2.8907663496482843,0.40569933388472146,0.694607640256882,0.6201462930002496,-1.4267887952942973,-1.507609525983705,-1.2169972279563726,-3.1333302237437697,-2.7892313728335387,-2.734589478669787
/multi_agv/path_reference,1789710650.308572,1789710650.3078399,world,s_curve,1,2.4244436748553992,0.0908618925628228,0.0,0.5726054359093928,-1.3840231252335093,-2.89206239265057,0.4047647710955734,0.6935680877110344,0.6194834489215708,-1.4267959113814224,-1.5079910116763895,-1.2172824526427164,-3.1346262667460554,-2.7905274158358244,-2.7358855216720728
/multi_agv/path_reference,1789710650.31865,1789710650.3178117,world,s_curve,1,2.4253497574621585,0.0908618925628228,0.0,0.5717272714241092,-1.3842463128442726,-2.893356796374512,0.40383138197897994,0.6925293574414008,0.618821074851947,-1.4268018096387987,-1.508370669897475,-1.217566458996544,-3.1359206704699973,-2.7918218195597664,-2.7371799253960147
/multi_agv/path_reference,1789710650.3286247,1789710650.3278067,world,s_curve,1,2.4262579367979504,0.0908618925628228,0.0,0.5708467856854884,-1.3844688762093282,-2.8946541954256433,0.40289582609956603,0.6914877312551979,0.6181567997017015,-1.4268065092816653,-1.5087498572645421,-1.2178502620817773,-3.1372180695211287,-2.7931192186108977,-2.738477324447146
/multi_agv/path_reference,1789710650.338472,1789710650.3378048,world,s_curve,1,2.427166413279562,0.09086353110638046,0.00016388300251438646,0.5699657237299516,-1.3846903693912134,-2.8959520189708026,0.4019599588261463,0.6904452729609813,0.6174919394027272,-1.4268099961593521,-1.5091278163960755,-1.2181332956182125,-3.138515893066288,-2.794417042156057,-2.7397751479923054
/multi_agv/path_reference,1789710650.3486524,1789710650.3478093,world,s_curve,1,2.4280754369413575,0.09086353110638046,0.0,0.5690838441471844,-1.3849108513650674,-2.897250624201939,0.40102352415148457,0.6894016967171341,0.6168263115729344,-1.426812269514612,-1.509504648774713,-1.2184156358058773,-3.1398144982974245,-2.7957156473871936,-2.741073753223442
/multi_agv/path_reference,1789710650.3585358,1789710650.3578057,world,s_curve,1,2.428983753321427,0.09086353110638046,0.0,0.5682023655092967,-1.3851300178310648,-2.89854821903061,0.4000878159513086,0.688358444564694,0.6161608360118875,-1.4268133265638747,-1.5098798341276556,-1.2186968928016642,-3.1411120931260954,-2.7970132422158644,-2.742371348052113
/multi_agv/path_reference,1789710650.368476,1789710650.367806,world,s_curve,1,2.429892398627479,0.09086353110638046,0.0,0.5673202838803311,-1.3853481191269783,-2.8998462837535417,0.3991517683390734,0.6873143284156753,0.6154947548862446,-1.4268131692372792,-1.5102538006472752,-1.2189773874963805,3.1407751493305596,-2.798311306938796,-2.7436694127750445
/multi_agv/path_reference,1789710650.378546,1789710650.3778052,world,s_curve,1,2.430800944804042,0.0908587971609485,-0.0004734163203469065,0.5664380160486071,-1.3855650511709003,-2.9011442068629174,0.3982158237243809,0.686269841587698,0.6148283828337426,-1.4268117966137959,-1.510626370482544,-1.2192569864163612,3.139477226221184,-2.799609230048172,-2.74496733588442
/multi_agv/path_reference,1789710650.3885152,1789710650.3878627,world,s_curve,1,2.431714547726961,0.0908587971609485,0.0,0.5655505545551786,-1.3857820356845603,-2.9024493538956584,0.3972746724543697,0.6852190546695213,0.6141579365416449,-1.4268091913646055,-1.510999646588073,-1.219537269101002,3.138172079188443,-2.800914377080913,-2.746272482917161
/multi_agv/path_reference,1789710650.3983657,1789710650.3978026,world,s_curve,1,2.4326178751559326,0.0908587971609485,0.0,0.5646727967495725,-1.3859954403795691,-2.903739821651332,0.3963441105574314,0.6841796079770677,0.6134946717142185,-1.4268054073585765,-1.5113673753181185,-1.2198135384620123,3.136881611432769,-2.8022048448365866,-2.747562950672835
/multi_agv/path_reference,1789710650.4086022,1789710650.4078279,world,s_curve,1,2.4335285417951034,0.0908587971609485,0.0,0.5637876295517699,-1.3862094325296703,-2.9050407739930044,0.3954059939986944,0.6831312367816846,0.6128256578749307,-1.4268003774370173,-1.5117367339957333,-1.2200911861562604,3.135580659091097,-2.803505797178259,-2.7488639030145072
/multi_agv/path_reference,1789710650.4186454,1789710650.4178562,world,s_curve,1,2.4344397923724173,0.09086116963642246,0.00023656050472275767,0.5629016168682524,-1.3864224090996955,-2.9063425605320243,0.3944672832582119,0.6820817132702928,0.6121558540762524,-1.4267941227286907,-1.5121049640609963,-1.2203681405093998,3.134278872552077,-2.804807583717279,-2.750165689553527
/multi_agv/path_reference,1789710650.428736,1789710650.427875,world,s_curve,1,2.43535016968303,0.09086116963642246,0.0,0.5620161771704685,-1.3866340296790594,-2.9076430995471854,0.39352948103158736,0.6810327177616383,0.61148633271818,-1.4267866538050653,-1.512471476672037,-1.2206439585600757,3.132978333536916,-2.80610812273244,-2.751466228568688
/multi_agv/path_reference,1789710650.4386683,1789710650.4378364,world,s_curve,1,2.4362553575488,0.09086116963642246,0.0,0.5611355126515807,-1.3868433021341575,-2.908936225069714,0.39259703501360066,0.6799892301655587,0.6108202727755828,-1.4267780183028258,-1.5128345471994695,-1.220917340900177,3.131685208014387,-2.8074012482549686,-2.752759354091217
/multi_agv/path_reference,1789710650.4487815,1789710650.4478395,world,s_curve,1,2.4371642189316582,0.09086116963642246,0.0,0.5602510026376224,-1.3870522780411156,-2.910234598473797,0.3916608168996667,0.6789410363356116,0.6101511546775888,-1.4267681347338976,-1.513197733372531,-1.221190966016918,3.130386834610304,-2.8086996216590516,-2.7540577274953
/multi_agv/path_reference,1789710650.458736,1789710650.45784,world,s_curve,1,2.438072874541976,0.09086298052313418,0.00018108352840007376,0.5593664224110709,-1.3872600585085946,-2.9115326779171085,0.39072482438852196,0.6778926093356661,0.6094818335090249,-1.426757038347577,-1.5135594766114342,-1.2214636605667724,3.129088755166993,-2.809997701102363,-2.7553558069386113
/multi_agv/path_reference,1789710650.4686506,1789710650.467847,world,s_curve,1,2.438982064880934,0.09086298052313418,0.0,0.5584810524302191,-1.3874668118675646,-2.912831521258477,0.3897882962814901,0.6768430962662454,0.6088117647429218,-1.4267447194358842,-1.5139200703426177,-1.2217356458241921,3.1277899118256243,-2.8112965444437314,-2.75665465027998
/multi_agv/path_reference,1789710650.4787526,1789710650.4778218,world,s_curve,1,2.439888433924347,0.09086298052313418,0.0,0.5575981633291444,-1.387671779090278,-2.9141263341776384,0.38885469106256787,0.675796374678812,0.6081434242460533,-1.4267312282341036,-1.5142781882240153,-1.222005920812715,3.126495098906463,-2.812591357362893,-2.7579494631991412
/multi_agv/path_reference,1789710650.4887471,1789710650.487859,world,s_curve,1,2.4408004356547854,0.09086298052313418,0.0,0.5567095202362053,-1.387876865637275,-2.9154291937925505,0.38791530222136295,0.6747426809377299,0.6074705775495233,-1.4267164326374084,-1.5146371629499908,-1.222277001324426,3.1251922392915508,-2.813894216977805,-2.7592523228140533
/multi_agv/path_reference,1789710650.4983945,1789710650.497852,world,s_curve,1,2.441708508412848,0.09085786546576077,-0.0005117907024042545,0.5558244406523166,-1.388079917718684,-2.9167264405897826,0.386979980175301,0.673693062694263,0.6068002790873861,-1.4267004843409579,-1.5149932264689203,-1.2225460423461738,3.1238949924943187,-2.815191463775037,-2.7605495696112854
/multi_agv/path_reference,1789710650.5083292,1789710650.5078328,world,s_curve,1,2.4426153381444533,0.09085786546576077,0.0,0.5549403105080555,-1.3882815459247204,-2.9180219116349333,0.3860459599004129,0.6726444211730467,0.6061305504507071,-1.4266833470911071,-1.515347443523421,-1.2228138471596328,3.122599521449168,-2.8164869348201877,-2.761845040656436
/multi_agv/path_reference,1789710650.5183845,1789710650.5178425,world,s_curve,1,2.4435248044804565,0.09085786546576077,0.0,0.5540533482020109,-1.3884826100073002,-2.9193211492577946,0.38510924709190986,0.6715922707753662,0.6054585267387568,-1.4266649449293545,-1.5157013259271472,-1.2230815591653987,3.1213002838263066,-2.817786172443049,-2.7631442782792974
/multi_agv/path_reference,1789710650.5283365,1789710650.5278552,world,s_curve,1,2.4444344957805346,0.09085786546576077,0.0,0.5531659059362211,-1.3886825709214308,-2.9206207082579065,0.38417232730399975,0.670539401075854,0.6047859894288096,-1.4266453208359882,-1.516053928136099,-1.2233484637922052,3.1200007248261947,-2.819085731443161,-2.7644438372794093
/multi_agv/path_reference,1789710650.5384717,1789710650.5378537,world,s_curve,1,2.445342998537014,0.0908604520185741,0.0002586842539686208,0.5522793645536502,-1.3888811194464468,-2.921918569338591,0.3832366578896691,0.6694874505578797,0.604113985213402,-1.4266245072609396,-1.516404703834689,-1.2236141472437116,3.11870286374551,-2.8203835925238456,-2.765741698360094
/multi_agv/path_reference,1789710650.548574,1789710650.547939,world,s_curve,1,2.4462593379166195,0.0908604520185741,0.0,0.5513849157239473,-1.3890802149681913,-2.9232276255951706,0.3822929456942752,0.6684259658043183,0.6034358356732485,-1.4266022840940333,-1.5167571220269234,-1.2238812387836173,3.1173938074889307,-2.821692648780425,-2.7670507546166734
/multi_agv/path_reference,1789710650.558451,1789710650.5578644,world,s_curve,1,2.4471611549793186,0.0908604520185741,0.0,0.5505043885908765,-1.389275011958071,-2.9245159356847408,0.3813642188389178,0.667380854140168,0.6027680927935437,-1.4265792071146295,-1.5171025981854003,-1.224143230574183,3.1161054973993605,-2.8229809588699952,-2.7683390647062436
/multi_agv/path_reference,1789710650.5685208,1789710650.5678687,world,s_curve,1,2.448070124667661,0.0908604520185741,0.0,0.5496166244910061,-1.3894702059098563,-2.9258144638109442,0.3804281568059923,0.6663270038338336,0.6020947128331926,-1.4265547364097426,-1.5174494517024977,-1.2244064296173285,3.114806969273157,-2.8242794869961987,-2.769637592832447
/multi_agv/path_reference,1789710650.5787554,1789710650.577858,world,s_curve,1,2.4489775820324073,0.09086243109487292,0.0001981621295056784,0.5487300853763707,-1.3896639251653469,-2.9271108314748675,0.3794936846850878,0.6652744585398533,0.601422112904171,-1.426529094106497,-1.5177943629384651,-1.2246683184510785,3.1135106016092338,-2.825575854660122,-2.7709339604963703
/multi_agv/path_reference,1789710650.5887182,1789710650.5878415,world,s_curve,1,2.449884915642522,0.09086243109487292,0.0,0.547843416853329,-1.3898564689114687,-2.92840702234646,0.37855937404789575,0.6642216106557879,0.6007492658563036,-1.4265022442675477,-1.518137862758267,-1.2249292997085917,3.112214410737641,-2.8268720455317147,-2.772230151367963
/multi_agv/path_reference,1789710650.5984979,1789710650.597835,world,s_curve,1,2.4507929576161502,0.09086243109487292,0.0,0.5469558068520379,-1.3900480115838316,-2.9297042251659287,0.37762436948690814,0.663167495798558,0.6000755552706478,-1.4264741604313165,-1.5184802635776253,-1.2251896107425533,3.1109172079181726,-2.828169248351183,-2.7735273541874315
/multi_agv/path_reference,1789710650.6084502,1789710650.6078668,world,s_curve,1,2.4517043313334015,0.09086243109487292,0.0,0.5460646909739904,-1.3902390990665159,-2.9310061876191447,0.3766859716615113,0.6621090675023084,0.5993990337581515,-1.4264447539295955,-1.5188225454200568,-1.2254499978498954,3.1096152454649566,-2.829471210804399,-2.7748293166406475
/multi_agv/path_reference,1789710650.6184695,1789710650.6178374,world,s_curve,1,2.4526102715752756,0.09086101017973261,-0.0001425102661974675,0.5451786419441406,-1.3904278971656863,-2.932300387964679,0.37575320712451526,0.6610565085936997,0.5987262101142068,-1.4264143117714911,-1.5191614204638038,-1.2257079592617637,3.108321045119422,-2.8307654111499336,-2.776123516986182
/multi_agv/path_reference,1789710650.6285436,1789710650.627912,world,s_curve,1,2.453525662452541,0.09086101017973261,0.0,0.5442831024356772,-1.3906175002386434,-2.9336080892179153,0.3748107530157057,0.6599925250631208,0.5980460292282054,-1.4263823262842859,-1.5195024470525504,-1.2259677273790939,3.107013343866186,-2.8320731124031697,-2.777431218239418
/multi_agv/path_reference,1789710650.638475,1789710650.6378236,world,s_curve,1,2.4544262337173235,0.09086101017973261,0.0,0.5434018198931302,-1.3908028905531835,-2.934894619596176,0.3738835982026134,0.658945332408124,0.5973765290686532,-1.42634965573491,-1.51983659435067,-1.2262224215739705,3.1057268134879252,-2.8333596427814305,-2.778717748617679
/multi_agv/path_reference,1789710650.6486812,1789710650.647862,world,s_curve,1,2.4553382487446163,0.09086101017973261,0.0,0.5425090964210658,-1.3909894812598962,-2.9361974982065946,0.3729447055015762,0.6578843956638021,0.5966981880978193,-1.4263153546688088,-1.5201736146689533,-1.2264794744419265,3.1044239348775067,-2.834662521391849,-2.7800206272280974
/multi_agv/path_reference,1789710650.658534,1789710650.657853,world,s_curve,1,2.4562461776475373,0.09086285469020777,0.0001845931842681851,0.5416201319311527,-1.391174080582747,-2.9374945394964818,0.37201006453853047,0.6568277770169911,0.5960225542379364,-1.4262799923223695,-1.5205077518125372,-1.2267344976133343,3.1031268935876195,-2.835959562681736,-2.7813176685179846
/multi_agv/path_reference,1789710650.6683583,1789710650.6678019,world,s_curve,1,2.4571503013958296,0.09086285469020777,0.0,0.5407346559680516,-1.391356760507429,-2.9387861448511847,0.37107938707995425,0.6557751569407919,0.5953494238834087,-1.4262435737540897,-1.5208391266270707,-1.2269875811411266,3.1018352882329165,-2.837251168036439,-2.7826092738726875
/multi_agv/path_reference,1789710650.6782992,1789710650.6778061,world,s_curve,1,2.4580593208347326,0.09086285469020777,0.0,0.5398441481651766,-1.3915392764665397,-2.9400847440496176,0.37014371835199356,0.6547164064884928,0.5946723196550435,-1.426205746163077,-1.5211709248696257,-1.2272411583669165,3.1005366890344837,-2.838549767234872,-2.7839078730711204
/multi_agv/path_reference,1789710650.6884928,1789710650.6878645,world,s_curve,1,2.4589731080293467,0.09086285469020777,0.0,0.5389487315450047,-1.3917215838809078,-2.941390154327638,0.3692031923717207,0.6536516695535369,0.5939913327097565,-1.4261664954176083,-1.521503077215708,-1.227495179009407,3.0992312787564633,-2.8398551775128924,-2.7852132833491408
/multi_agv/path_reference,1789710650.6984406,1789710650.6978827,world,s_curve,1,2.459883295622027,0.09086135106342591,-0.0001501026403720638,0.5380566063737402,-1.3919020111931415,-2.942690422317181,0.3682664230913063,0.6525906967444712,0.5933126992854432,-1.4261261789831332,-1.5218325393339494,-1.227747315262342,3.0979310107669202,-2.8411554455024355,-2.786513551338684
/multi_agv/path_reference,1789710650.7083983,1789710650.7078512,world,s_curve,1,2.460789136589395,0.09086135106342591,0.0,0.5371685093173176,-1.3920804246494196,-2.943984480841993,0.36733418013539776,0.6515343661287389,0.5926369816878163,-1.4260848454109512,-1.5221590577748854,-1.2279973707624225,3.0966369522421084,-2.8424495040272473,-2.7878076098634956
/multi_agv/path_reference,1789710650.7183816,1789710650.7178578,world,s_curve,1,2.461698392126336,0.09086135106342591,0.0,0.5362768330933194,-1.3922583544828404,-2.945283417323337,0.3663984776164417,0.6504736295891634,0.5919583920743533,-1.4260421426137109,-1.5224854318135046,-1.2282474890213058,3.095338015760764,-2.8437484405085915,-2.78910654634484
/multi_agv/path_reference,1789710650.728468,1789710650.7278621,world,s_curve,1,2.4626073164736524,0.09086135106342591,0.0,0.535385251426566,-1.3924350618192043,-2.946581880676646,0.36546317215922597,0.6494128566141134,0.5912797255063588,-1.4259982407131022,-1.522810309681645,-1.2284966350628657,3.0940395524074553,-2.8450469038619004,-2.7904050096981488
/multi_agv/path_reference,1789710650.7383387,1789710650.7378511,world,s_curve,1,2.463515026682473,0.09086311064468153,0.00017613664004639077,0.5344946325040526,-1.3926103776490275,-2.9478786095463896,0.36452917376833527,0.6483530805221523,0.5906016432216704,-1.4259531855205485,-1.523133378744274,-1.22874456868226,3.0927428235377117,-2.846343632731644,-2.7917017385678924
/multi_agv/path_reference,1789710650.748421,1789710650.7478693,world,s_curve,1,2.464425184561768,0.09086311064468153,0.0,0.533601384518232,-1.3927850066317002,-2.9491788350882397,0.36359271629492984,0.647290027000565,0.5899214102592012,-1.425906792950363,-1.5234559390173086,-1.2289922879274289,3.0914425979958615,-2.847643858273494,-2.7930019641097426
/multi_agv/path_reference,1789710650.7585435,1789710650.7579284,world,s_curve,1,2.4653393939363033,0.09086311064468153,0.0,0.5327039325102225,-1.3929592436888885,-2.950484848480433,0.3626521517921173,0.6462218200957085,0.5892378256428418,-1.4258589682257512,-1.5237785434811169,-1.229240219359797,3.0901365846036684,-2.8489498716656874,-2.7943079775019357
/multi_agv/path_reference,1789710650.7684584,1789710650.7678657,world,s_curve,1,2.4662421203035048,0.09086311064468153,0.0,0.5318175304979084,-1.3931301420529567,-2.9517744575764353,0.3617234634133708,0.6451666179759011,0.5885625101044533,-1.4258105389697757,-1.5240957267227713,-1.2294841604663231,3.088846975507666,-2.8502394807616898,-2.795597586597938
/multi_agv/path_reference,1789710650.7783759,1789710650.777851,world,s_curve,1,2.4671491825858602,0.09086445960549955,0.00013513139962136123,0.5309266497661925,-1.3933007098935488,-2.953070260836943,0.3607903781315984,0.6441059364974899,0.5878836346694893,-1.4257606709884054,-1.5244130626868488,-1.2297283960053924,3.0875511722471582,-2.8515352840221975,-2.796893389858446
/multi_agv/path_reference,1789710650.788455,1789710650.787855,world,s_curve,1,2.468058533743953,0.09086445960549955,0.0,0.5300332998898751,-1.3934705492554054,-2.954369333919933,0.3598550039655977,0.6430421666405652,0.5872027290634625,-1.425709463571943,-1.5247298195403065,-1.2299723646539666,3.0862520991641684,-2.8528343571051873,-2.7981924629414356
/multi_agv/path_reference,1789710650.7983193,1789710650.7978423,world,s_curve,1,2.468966059889375,0.09086445960549955,0.0,0.5291415237220993,-1.393638890737209,-2.955665799841964,0.35892157417560844,0.6419801223755983,0.5865228746150914,-1.4256571476602535,-1.5250445628138534,-1.2302149617375202,3.0849556332421373,-2.8541308230272184,-2.799488928863467
/multi_agv/path_reference,1789710650.808438,1789710650.8078568,world,s_curve,1,2.4698759348810775,0.09086445960549955,0.0,0.5282472211223903,-1.3938065070956809,-2.956965621258682,0.3579857973678659,0.6409149205947345,0.5858409454045707,-1.4256034814970648,-1.5253587381509144,-1.2304573016390634,3.083655811825419,-2.8554306444439366,-2.800788750280185
/multi_agv/path_reference,1789710650.8184288,1789710650.817849,world,s_curve,1,2.470783869912144,0.09085858511118437,-0.000587870523173255,0.527354608726431,-1.3939726065090967,-2.958262671303063,0.35705208593509313,0.6398515836468807,0.5851601565973193,-1.4255487166385257,-1.5256708625102593,-1.2306982403785052,3.0823587617810384,-2.8567276944883173,-2.8020858003245657
/multi_agv/path_reference,1789710650.8283677,1789710650.8278544,world,s_curve,1,2.4716928853426463,0.09085858511118437,0.0,0.52646071910373,-1.394137743657714,-2.9595612647752088,0.35611733538781115,0.6387865767223682,0.5844782452010109,-1.425492673480809,-1.525981976410753,-1.2309385810815803,3.0810601683088925,-2.858026287960463,-2.8033843937967116
/multi_agv/path_reference,1789710650.8384054,1789710650.8378704,world,s_curve,1,2.4726030587658157,0.09085858511118437,0.0,0.5255654766771519,-1.3943019281247189,-2.9608615125225937,0.3551814677908558,0.637719809225935,0.5837951530146651,-1.4254353429042537,-1.5262921008291175,-1.2311783406407855,3.0797599205615076,-2.859326535707848,-2.8046846415440965
/multi_agv/path_reference,1789710650.8484864,1789710650.8479395,world,s_curve,1,2.4735178440799066,0.09085858511118437,0.0,0.5246654837047579,-1.3944657716449453,-2.9621683486855805,0.35424093405038415,0.6366472310020539,0.5831082860618355,-1.4253764959183088,-1.5266023989374737,-1.2314184200790534,3.0784530843985207,-2.860633371870835,-2.8059914777070833
/multi_agv/path_reference,1789710650.8584664,1789710650.857844,world,s_curve,1,2.474417824512292,0.09086097719727307,0.00024150222797934487,0.5237798479732625,-1.3946258154377347,-2.96345403501756,0.35331569768909055,0.6355916165093933,0.5824322297213038,-1.4253174017097936,-1.5269063068823265,-1.2316537377210839,3.0771673980665413,-2.8619190582028144,-2.807277164039063
/multi_agv/path_reference,1789710650.868453,1789710650.8678477,world,s_curve,1,2.4753267303093285,0.09086097719727307,0.0,0.5228852210953743,-1.3947862909133284,-2.964752471870469,0.35238136343170656,0.6345251375608985,0.5817491622935178,-1.4252565144406957,-1.527211851329627,-1.2318905069696624,3.075868961213632,-2.8632174950557236,-2.808575600891972
/multi_agv/path_reference,1789710650.8784819,1789710650.8779294,world,s_curve,1,2.4762428720020058,0.09086097719727307,0.0,0.5219832619010396,-1.394946868278118,-2.966061245717151,0.35143967164417006,0.6334497676925593,0.5810603463663896,-1.425193914783471,-1.5275184266404949,-1.2321282634103883,3.0745601873669504,-2.8645262689024054,-2.8098843747386537
/multi_agv/path_reference,1789710650.8883436,1789710650.8878524,world,s_curve,1,2.477144387984906,0.09086097719727307,0.0,0.5210954976386712,-1.3951037298954807,-2.9673491256927225,0.3505130942618058,0.6323911747809422,0.5803822238732658,-1.4251311117022978,-1.5278187337550422,-1.2323613442291024,3.073272307391379,-2.865814148877977,-2.8111722547142253
/multi_agv/path_reference,1789710650.8983376,1789710650.8978646,world,s_curve,1,2.4780540758126586,0.09086283670764843,0.00018573447114263953,0.5201994821532226,-1.395260854289938,-2.968648679732369,0.3495782006252465,0.6313225950443305,0.579697650790091,-1.4250665297520226,-1.5281203807883796,-1.232595652329412,3.0719727533517323,-2.8671137029176235,-2.812471808753872
/multi_agv/path_reference,1789710650.908327,1789710650.907842,world,s_curve,1,2.4789607835210927,0.09086283670764843,0.0,0.5193061995946148,-1.3954163053203976,-2.969943976458704,0.3486464540172101,0.6302571268032982,0.5790150179633362,-1.4250009506529937,-1.528419657727521,-1.232828307580678,3.0706774566253974,-2.8684089996439583,-2.8137671054802067
/multi_agv/path_reference,1789710650.9183464,1789710650.9178495,world,s_curve,1,2.4798700030417846,0.09086283670764843,0.0,0.5184102409369982,-1.3955710247567248,-2.9712428614882636,0.34771221227767735,0.6291883185381646,0.5783301919951527,-1.4249339778068129,-1.5287183774265767,-1.2330607190367848,3.0693785715958377,-2.869707884673518,-2.8150659905097664
/multi_agv/path_reference,1789710650.9284346,1789710650.9278452,world,s_curve,1,2.480778329289929,0.09086283670764843,0.0,0.5175149625070217,-1.3957244294157962,-2.972540470414184,0.34677897593812906,0.6281201736999497,0.5776457378829863,-1.4248658585219145,-1.5290154165715968,-1.2332920131538774,3.0680809626699173,-2.8710054935994385,-2.816363599435687
/multi_agv/path_reference,1789710650.938506,1789710650.937868,world,s_curve,1,2.4816890308144135,0.0908609269918491,-0.0001905328399625041,0.5166171438683989,-1.3958770689924995,-2.973841472592019,0.3458433887418835,0.6270488496401254,0.5769591932231879,-1.4247963456084343,-1.5293118409237576,-1.2335230204453067,3.0667799604920822,-2.8723064957772735,-2.817664601613522
/multi_agv/path_reference,1789710650.948591,1789710650.9479396,world,s_curve,1,2.4826041247378305,0.0908609269918491,0.0,0.5157147957424546,-1.3960292682933753,-2.975148749625472,0.3449033810444314,0.6259719709886541,0.5762690351942784,-1.4247252716537728,-1.5296082909980233,-1.2337542422283299,3.0654726834586294,-2.8736137728107263,-2.8189718786469746
/multi_agv/path_reference,1789710650.9584057,1789710650.9578786,world,s_curve,1,2.4835071875841828,0.0908609269918491,0.0,0.5148241167591939,-1.39617830968988,-2.9764388394059753,0.3439758237941647,0.6249088713688746,0.5755876551145427,-1.4246539271710783,-1.5298994628502025,-1.2339815390483593,3.064182593678126,-2.8749038625912298,-2.820261968427478
/multi_agv/path_reference,1789710650.9686015,1789710650.9679396,world,s_curve,1,2.484421348002436,0.0908609269918491,0.0,0.5139222973653594,-1.3963280124943567,-2.9777447828606225,0.34303696255449634,0.6238323258858438,0.5748976036557383,-1.4245804875466277,-1.530192816048638,-1.2342107338878043,3.0628766502234788,-2.876209806045877,-2.8215679118821253
/multi_agv/path_reference,1789710650.9783885,1789710650.9778545,world,s_curve,1,2.48532209013093,0.09086277452437563,0.00018637068931791668,0.5130335246401564,-1.396474365868867,-2.9790315573298995,0.3421119767507042,0.6227712084027583,0.5742173887670068,-1.4245069267057526,-1.530480487976848,-1.234435682924,3.0615898757542017,-2.877496580515154,-2.8228546863514024
/multi_agv/path_reference,1789710650.9884887,1789710650.987863,world,s_curve,1,2.486231653581026,0.09086277452437563,0.0,0.5121358574878713,-1.396620992040761,-2.9803309336871795,0.3411780290520322,0.6216993242732906,0.5735302191382913,-1.4244314378570764,-1.530769591533862,-1.234661946731345,3.0602904993969218,-2.878795956872434,-2.8241540627086823
/multi_agv/path_reference,1789710650.9984221,1789710650.9978645,world,s_curve,1,2.487140251705005,0.09086277452437563,0.0,0.5112389535875583,-1.3967662980150182,-2.9816289310071498,0.34024517129232046,0.6206282036031624,0.5728434858671924,-1.4243548176630307,-1.5310569975478736,-1.23488707883415,3.0589925020769515,-2.880093954192404,-2.8254520600286526
/multi_agv/path_reference,1789710651.0084503,1789710651.0078633,world,s_curve,1,2.4880489311511673,0.09086277452437563,0.0,0.5103417815481667,-1.3969104526187028,-2.9829270445016673,0.3393123303040132,0.6195566148776525,0.5721563994628346,-1.424276979748094,-1.5313430386267561,-1.235111339481258,3.057694388582434,-2.881392067686922,-2.82675017352317
/multi_agv/path_reference,1789710651.0183434,1789710651.0178692,world,s_curve,1,2.4889580532254336,0.09086240574206161,-3.685802951599339e-05,0.5094439859862832,-1.3970535118987832,-2.9842257903220477,0.33837913683054216,0.6184841334971108,0.5714686876311966,-1.4241978922255392,-1.5316278267988301,-1.2353348166719806,3.0563956427620536,-2.882690813507302,-2.8280489193435505
/multi_agv/path_reference,1789710651.0283973,1789710651.027876,world,s_curve,1,2.4898671754814248,0.09086240574206161,0.0,0.5085460051979103,-1.3971954050396629,-2.985524536402035,0.3374460466655964,0.6174112829326771,0.5707806859954573,-1.4241175927338396,-1.5319112218680222,-1.2355574005171266,3.055096896682066,-2.8839895595872895,-2.829347665423538
/multi_agv/path_reference,1789710651.038341,1789710651.037873,world,s_curve,1,2.490775539218053,0.09086240574206161,0.0,0.5076485902272501,-1.397336014186116,-2.986822198882933,0.3365138398518447,0.6163389606893709,0.5700929701405347,-1.4240361492784275,-1.5321929879353697,-1.2357789053445507,3.0537992342011684,-2.8852872220681873,-2.8306453279044357
/multi_agv/path_reference,1789710651.0483181,1789710651.0478513,world,s_curve,1,2.4916821902891955,0.09086240574206161,0.0,0.5067526860892807,-1.3974751968858172,-2.9881174146988503,0.33558349683272615,0.6152682965463507,0.5694062648887654,-1.4239536532089072,-1.532472834965635,-1.2359991024829096,3.052504018385251,-2.8865824378841047,-2.831940543720353
/multi_agv/path_reference,1789710651.0583925,1789710651.0579348,world,s_curve,1,2.492598543123295,0.09086393041822932,0.0001511841989871686,0.5058470128408716,-1.397614690117551,-2.989426490176135,0.33464330796083597,0.6141858082704874,0.5687119222912917,-1.423869050428738,-1.5327542676100823,-1.2362207523138329,3.051194942907966,-2.8878915133613896,-2.833249619197638
/multi_agv/path_reference,1789710651.068344,1789710651.067869,world,s_curve,1,2.493501029849021,0.09086393041822932,0.0,0.5049548663186306,-1.397750913308516,-2.9907157569271723,0.3337174548622822,0.6131193407916694,0.5680278033019405,-1.4237845246163852,-1.5330300560540677,-1.236438159255095,3.049905676156929,-2.8891807801124267,-2.834538885948675
/multi_agv/path_reference,1789710651.0782118,1789710651.0778027,world,s_curve,1,2.494403841413298,0.09086393041822932,0.0,0.5040622237398809,-1.3978860348515245,-2.9920054877332825,0.3327913783609536,0.6120521346227854,0.5673431582359036,-1.4236987744036833,-1.5333045681012327,-1.2366547620496575,3.048615945350819,-2.890470510918537,-2.8358286167547853
/multi_agv/path_reference,1789710651.0883865,1789710651.0878603,world,s_curve,1,2.4953176060792033,0.09086393041822932,0.0,0.503158574749364,-1.3980216233655092,-2.993310865827433,0.33185417991900934,0.6109716212875889,0.5666499230414939,-1.4236107677788334,-1.533581008861854,-1.2368730934558403,3.0473105672566683,-2.8917758890126875,-2.837133994848936
/multi_agv/path_reference,1789710651.0983238,1789710651.0978005,world,s_curve,1,2.496220929012609,0.09086508074151506,0.00011571079884269732,0.5022650787105423,-1.3981545031414413,-2.9946013271608702,0.33092780472369854,0.6099031013819461,0.5659643300259823,-1.4235225646116685,-1.5338529042941091,-1.2370880405185465,3.046020105923231,-2.8930663503461247,-2.838424456182373
/multi_agv/path_reference,1789710651.108442,1789710651.107847,world,s_curve,1,2.4971337890540246,0.09086508074151506,0.0,0.5013619758525881,-1.398287614233857,-2.9959054129343206,0.3299917654385227,0.6088229446929925,0.5652712174262493,-1.4234322156949843,-1.5341262691737587,-1.237304357832828,3.0447160201497807,-2.894370436119575,-2.8397285419558234
/multi_agv/path_reference,1789710651.1188722,1789710651.1178353,world,s_curve,1,2.498041366926566,0.09086508074151506,0.0,0.5004639274129887,-1.3984187876987635,-2.997201952752237,0.3290612600690268,0.6077486857560302,0.5645818364139091,-1.4233411797865052,-1.5343966558511772,-1.2375185274586082,3.043419480331864,-2.8956669759374916,-2.84102508177374
/multi_agv/path_reference,1789710651.1287594,1789710651.1278355,world,s_curve,1,2.4989500631665216,0.09086508074151506,0.0,0.4995646027253696,-1.3985489562283644,-2.9985000902378878,0.32812972711961214,0.6066727527540915,0.5638913283024053,-1.4232488231518612,-1.5346659801358273,-1.2377320653974049,3.0421213428462135,-2.8969651134231422,-2.8423232192593906
/multi_agv/path_reference,1789710651.1387684,1789710651.1378727,world,s_curve,1,2.4998619196570626,0.0908594726332939,-0.0005588047688760544,0.4986619812206463,-1.398678403363071,-2.999802742367232,0.3271950757438661,0.6055927272924477,0.5631981406256252,-1.4231549293873438,-1.5349348364021314,-1.2379454442997377,3.0408186907168693,-2.8982677655524864,-2.843625871388735
/multi_agv/path_reference,1789710651.1486757,1789710651.1478314,world,s_curve,1,2.500766896904352,0.0908594726332939,0.0,0.49776600325176495,-1.398805710795497,-3.0010955670062174,0.32626759722236987,0.6045205043370102,0.562509908195915,-1.423060539786375,-1.5352002726300524,-1.2381563199700634,3.039525866077884,-2.899560590191472,-2.84491869602772
/multi_agv/path_reference,1789710651.1585467,1789710651.1578,world,s_curve,1,2.501672642368483,0.0908594726332939,0.0,0.49686910068862816,-1.3989319665737705,-3.0023894890978324,0.3253394543731744,0.60344702852037,0.5618208191723403,-1.4229648697461992,-1.5354645461988992,-1.2383664837762134,3.038231943986269,-2.900854512283087,-2.8462126181193352
/multi_agv/path_reference,1789710651.1685069,1789710651.1678724,world,s_curve,1,2.502587589898283,0.0908594726332939,0.0,0.49596292084789584,-1.3990583269981383,-3.0036965569975465,0.32440200842798816,0.6023623003380931,0.5611244537776063,-1.4228670088106359,-1.535730094543967,-1.2385778776398122,3.036924876086555,-2.902161580182801,-2.8475196860190493
/multi_agv/path_reference,1789710651.1783154,1789710651.1778474,world,s_curve,1,2.5034940047809644,0.0908616733612326,0.00022060739176277716,0.4950650297722791,-1.3991823408618136,-3.0049914354013776,0.3234734318420196,0.6012873467912798,0.5604343106835381,-1.4227688522558317,-1.5359917680483746,-1.2387864022812345,3.0356299976827237,-2.903456458586632,-2.8488145644228804
/multi_agv/path_reference,1789710651.1883488,1789710651.1878512,world,s_curve,1,2.5044029704234023,0.0908616733612326,0.0,0.4941644514377433,-1.399305536168101,-3.0062899577477173,0.32254237056942203,0.6002090288543631,0.5597419548894449,-1.422669212215063,-1.5362527800269334,-1.2389946162623064,3.034331475336384,-2.904754980932972,-2.85011308676922
/multi_agv/path_reference,1789710651.198393,1789710651.1978362,world,s_curve,1,2.505310132461624,0.0908616733612326,0.0,0.4932655013388495,-1.3994273210821218,-3.0075859035166057,0.3216132865393991,0.5991325135542884,0.5590507039228612,-1.4225685646624335,-1.5365118779241531,-1.2392015206597786,3.0330355295674956,-2.90605092670186,-2.8514090325381085
/multi_agv/path_reference,1789710651.2084377,1789710651.2078345,world,s_curve,1,2.5062188129801313,0.0908616733612326,0.0,0.49236488905026576,-1.3995481419076115,-3.0088840185430445,0.3206827788890083,0.5980538605941756,0.5583580276676134,-1.4224665417334685,-1.5367700107696505,-1.2394078732197154,3.0317374145410567,-2.907349041728299,-2.8527071475645474
/multi_agv/path_reference,1789710651.2183366,1789710651.2178633,world,s_curve,1,2.5071299036313435,0.09086337056722632,0.00016926291245642107,0.49146173132750054,-1.3996681093331047,-3.010185576616205,0.31974993696566023,0.5969720111692367,0.5576632458476047,-1.4223630355730608,-1.5370274222598899,-1.2396138701663633,3.0304358564678964,-2.9086505998014593,-2.8540087056377077
/multi_agv/path_reference,1789710651.2283201,1789710651.2278593,world,s_curve,1,2.5080381761551176,0.09086337056722632,0.0,0.49056121255448176,-1.3997865356796548,-3.011483108793025,0.3188201153499456,0.5958931754999197,0.55697034681358,-1.4222586412993348,-1.537282635922756,-1.239818329816874,3.0291383242910763,-2.9099481319782794,-2.8553062378145277
/multi_agv/path_reference,1789710651.2383153,1789710651.2378035,world,s_curve,1,2.5089418966966166,0.09086337056722632,0.0,0.4896650551494269,-1.3999032087626868,-3.0127741381380235,0.3178950889304495,0.5948194188625706,0.5562806576552606,-1.422153572919962,-1.5375351810368785,-1.24002087233122,3.0278472949460777,-2.911239161323278,-2.8565972671595263
/multi_agv/path_reference,1789710651.248714,1789710651.2479222,world,s_curve,1,2.5098613212453142,0.09086337056722632,0.0,0.48875317133265983,-1.4000207216713754,-3.0140876017790204,0.3169541282453784,0.5937266698009174,0.5555787159516838,-1.4220454530952638,-1.5377906916188744,-1.2402260202999882,3.026533831305081,-2.912552624964275,-2.857910730800523
/multi_agv/path_reference,1789710651.2583473,1789710651.257806,world,s_curve,1,2.510759350135794,0.09085763718652125,-0.0005800720104623002,0.4878623593185553,-1.400134342673413,-3.015370500193991,0.3160352021218385,0.5926590265750509,0.5548928492587768,-1.421938655313227,-1.5380388695459248,-1.2404255031610871,3.0252509328901103,-2.9138355233792455,-2.859193629215494
/multi_agv/path_reference,1789710651.2687633,1789710651.2679548,world,s_curve,1,2.5116814253176734,0.09085763718652125,0.0,0.4869475434965157,-1.4002498179004665,-3.0166877504538188,0.31509181364438854,0.5915624651128264,0.5541883517323323,-1.4218277723214183,-1.5382922685278486,-1.2406294128521327,3.0239336826302825,-2.915152773639073,-2.8605108794753216
/multi_agv/path_reference,1789710651.2786624,1789710651.2779214,world,s_curve,1,2.5125869861245604,0.09085763718652125,0.0,0.48604896467780717,-1.4003620514305666,-3.017981408749372,0.31416546413844004,0.5904852190433034,0.5534962108516781,-1.4217176652670587,-1.5385397224708088,-1.2408287665538322,3.0226400243347293,-2.9164464319346264,-2.8618045377708747
/multi_agv/path_reference,1789710651.288786,1789710651.287882,world,s_curve,1,2.51349194118358,0.09085763718652125,0.0,0.48515084266117003,-1.4004730486622086,-3.0192742016908287,0.3132398773782601,0.5894083746857843,0.5528042759194658,-1.4216064349383863,-1.5387856186482245,-1.241027092400015,3.0213472313932725,-2.917739224876083,-2.8630973307123315
/multi_agv/path_reference,1789710651.298609,1789710651.2978446,world,s_curve,1,2.5143971491453945,0.09086026831593264,0.00026409967032700805,0.4842523268682151,-1.4005829154310137,-3.020567355921992,0.31231417660389243,0.5883309122853729,0.5521118917153801,-1.4214939767068837,-1.5390301908016881,-1.2412245787844691,3.020054077162109,-2.9190323791072466,-2.864390484943495
/multi_agv/path_reference,1789710651.3084776,1789710651.3078072,world,s_curve,1,2.5153023457496753,0.09086026831593264,0.0,0.48335368104932847,-1.4006916190082364,-3.0218604939281075,0.31138863366243297,0.5872531480623572,0.5514192614231953,-1.421380323105467,-1.5392733665596674,-1.2414211673595748,3.0187609391559937,-2.920325517113362,-2.8656836229496103
/multi_agv/path_reference,1789710651.318596,1789710651.317866,world,s_curve,1,2.5162161776229968,0.09086026831593264,0.0,0.4824463206227376,-1.4008001806398274,-3.023165968032852,0.3104544112128359,0.5861647842683582,0.5507197663870189,-1.4212643712550497,-1.539517448126583,-1.2416187225378494,3.017455465051249,-2.9216309912181067,-2.866989097054355
/multi_agv/path_reference,1789710651.328334,1789710651.3278534,world,s_curve,1,2.5171237791168597,0.09086026831593264,0.0,0.4815450069629292,-1.4009068297881182,-3.0244625415955135,0.30952670879996624,0.5850835263365367,0.5500247857522848,-1.4211480031018853,-1.5397584592561264,-1.2418140270063427,3.0161588914885877,-2.922927564780768,-2.8682856706170163
/multi_agv/path_reference,1789710651.3383012,1789710651.337836,world,s_curve,1,2.518030828171309,0.0908612139913247,9.473050409258207e-05,0.48064410453514944,-1.4010122465155852,-3.0257583259590124,0.308599722597901,0.584002615265264,0.5493299757422834,-1.421030504277693,-1.539997922970581,-1.2420083122984815,3.014863107125089,-2.924223349144267,-2.869581454980515
/multi_agv/path_reference,1789710651.3483567,1789710651.3478692,world,s_curve,1,2.5189424020233533,0.0908612139913247,0.0,0.4797385710973179,-1.401117012744893,-3.027060574319076,0.30766826630487554,0.5829160003690593,0.5486314466180188,-1.4209112090821026,-1.5402371697634747,-1.2422026593891022,3.0135608587650253,-2.9255255975043304,-2.8708837033405787
/multi_agv/path_reference,1789710651.358322,1789710651.357803,world,s_curve,1,2.519845042764283,0.0908612139913247,0.0,0.4788417778031087,-1.4012195894526245,-3.0283500610918326,0.30674609172056433,0.5818397277417944,0.5479395139469676,-1.4207918870126537,-1.5404726767018053,-1.2423942046434144,3.0122713719922687,-2.926815084277087,-2.8721731901133354
/multi_agv/path_reference,1789710651.3685157,1789710651.3678415,world,s_curve,1,2.520757128528407,0.0908612139913247,0.0,0.47793546712545887,-1.4013220651927123,-3.029653040754867,0.3058144248326723,0.5807518857421038,0.5472400908016005,-1.4206701090226395,-1.5407092384291576,-1.2425868481263398,3.010968392329234,-2.9281180639401216,-2.87347616977637
/multi_agv/path_reference,1789710651.3783753,1789710651.3778803,world,s_curve,1,2.5216691678219814,0.09086250441085757,0.00012855888043764675,0.4770290698827389,-1.4014233548352348,-3.030955954031402,0.30488296486876126,0.5796637918824882,0.5465404528969674,-1.4205471235149845,-1.5409443706000083,-1.2427785703907117,3.0096654790526993,-2.9294209772166564,-2.8747790830529047
/multi_agv/path_reference,1789710651.3885138,1789710651.3878756,world,s_curve,1,2.5225773650854193,0.09086250441085757,0.0,0.47612636052049384,-1.401523044145035,-3.032253378693456,0.3039555887520352,0.5785799781812465,0.5458435146282,-1.4204234501897028,-1.541177103263359,-1.2429685789820435,3.0083680543906453,-2.9307184018787105,-2.876076507714959
/multi_agv/path_reference,1789710651.3986025,1789710651.397878,world,s_curve,1,2.523486197659488,0.09086250441085757,0.0,0.4752228909833489,-1.4016216307786453,-3.0335517109421257,0.30302772532634537,0.5774951049751206,0.5451458426485808,-1.4202984860909589,-1.5414085909903235,-1.2431578152546536,3.0070697221419755,-2.93201673412738,-2.8773748399636285
/multi_agv/path_reference,1789710651.4085197,1789710651.4078233,world,s_curve,1,2.5243899031350203,0.09086250441085757,0.0,0.4743243921374102,-1.4017184981832502,-3.0348427187643146,0.3021052580197269,0.5764160548916403,0.5444518635008636,-1.420173032687144,-1.5416373760949764,-1.2433450857676303,3.0057787143197867,-2.933307741949569,-2.8786658477858174
/multi_agv/path_reference,1789710651.4185798,1789710651.41788,world,s_curve,1,2.525303669662394,0.09086400709575919,0.00014942544673426748,0.4734157638207117,-1.4018152645371853,-3.0361480995177055,0.30117268624802584,0.5753246922335026,0.5437499129806068,-1.4200449718384476,-1.5418672916905138,-1.2435335300825945,3.004473333566396,-2.93461312270296,-2.8799712285392083
/multi_agv/path_reference,1789710651.4283836,1789710651.4278097,world,s_curve,1,2.5262059981376908,0.09086400709575919,0.0,0.4725183860694364,-1.4019096559233708,-3.037437140196701,0.3002519527707379,0.5742466971048029,0.5430565083327686,-1.4199173198069799,-1.5420929314375766,-1.2437187165255557,3.0031842928874,-2.9359021633819555,-2.881260269218204
/multi_agv/path_reference,1789710651.438381,1789710651.437862,world,s_curve,1,2.5271194253788622,0.09086400709575919,0.0,0.47160984725869515,-1.402004029829065,-3.0387420362555173,0.29932006250066967,0.5731551471331258,0.5423543321422901,-1.4197868886552838,-1.5423199308289586,-1.2439052700029525,3.001879396828584,-2.9372070594407718,-2.88256516527702
/multi_agv/path_reference,1789710651.4483376,1789710651.4478583,world,s_curve,1,2.528027738884578,0.09086400709575919,0.0,0.4707062734895984,-1.4020966999507862,-3.040039626977969,0.2983935589111424,0.572069415315758,0.541655846241895,-1.4196559822425983,-1.5425442470248802,-1.2440898705848802,3.0005818061061325,-2.9385046501632233,-2.8838627559994716
/multi_agv/path_reference,1789710651.458392,1789710651.4578836,world,s_curve,1,2.528938458657554,0.09086052667985244,-0.0003472335088535591,0.4698001860427106,-1.4021884383071497,-3.041340655225077,0.2974647721830873,0.5709805159070485,0.5409552700379963,-1.4195235220921316,-1.5427677427887971,-1.24427405004052,2.9992807778590245,-2.9398056784103312,-2.8851637842465796
/multi_agv/path_reference,1789710651.4683313,1789710651.4678688,world,s_curve,1,2.529845872106824,0.09086052667985244,0.0,0.46889727008935633,-1.4022786704147976,-3.0426369601526053,0.2965395294782485,0.5698952813475955,0.540256999442225,-1.4193903404511812,-1.542989017304714,-1.2444566534884975,2.997984472931496,-2.9411019833378598,-2.886460089174108
/multi_agv/path_reference,1789710651.4783413,1789710651.4778585,world,s_curve,1,2.530753420665697,0.09086052667985244,0.0,0.4679941034629612,-1.4023677451859782,-3.043933458093853,0.2956143224717336,0.5688095992131379,0.5395583887040123,-1.4192559394475441,-1.5432089174923962,-1.244638378617994,2.996687974990248,-2.9423984812791075,-2.887756587115356
/multi_agv/path_reference,1789710651.4885259,1789710651.4879432,world,s_curve,1,2.53166985020503,0.09086052667985244,0.0,0.4670819823620289,-1.4024565037118852,-3.0452426431500426,0.29468023933204257,0.5677130046096689,0.5388527031443754,-1.4191190065317663,-1.5434295414226298,-1.2448209631812597,2.9953787899340587,-2.943707666335297,-2.8890657721715454
/multi_agv/path_reference,1789710651.498427,1789710651.4978561,world,s_curve,1,2.532570456565961,0.0908619934442582,0.00014798156398016603,0.4661854975566586,-1.4025425658806903,-3.046529223665658,0.29376245956848823,0.5666350634040684,0.5381589696974192,-1.4189832462476932,-1.5436449567926336,-1.244999494601744,2.9940922094184432,-2.9449942468509125,-2.890352352687161
/multi_agv/path_reference,1789710651.5083237,1789710651.5078473,world,s_curve,1,2.5334783215281,0.0908619934442582,0.0,0.46528167608640714,-1.402628154553967,-3.047826173611571,0.2928374603792811,0.5655481547648108,0.5374594131151297,-1.4188451971066083,-1.5438607048157011,-1.2451785617395916,2.9927952594725302,-2.9462911967968255,-2.891649302633074
/multi_agv/path_reference,1789710651.5189133,1789710651.5178385,world,s_curve,1,2.5343862010281577,0.0908619934442582,0.0,0.4643777299058428,-1.4027125723888332,-3.0491231443259394,0.29191262621238456,0.5644609498232293,0.5367596136819147,-1.4187059462669334,-1.5440750465146351,-1.2453567243849308,2.991498288758162,-2.947588167511194,-2.8929462733474423
/multi_agv/path_reference,1789710651.528514,1789710651.5278494,world,s_curve,1,2.5352957032325567,0.0908619934442582,0.0,0.4634720590392456,-1.4027959655667794,-3.0504224331893663,0.29098632091266124,0.5633715238421617,0.536058332362914,-1.418565244019751,-1.5442883573484258,-1.2455342953321615,2.990198999894735,-2.948887456374621,-2.894245562210869
/multi_agv/path_reference,1789710651.5387702,1789710651.5378327,world,s_curve,1,2.5362029529083316,0.09086360726946716,0.00016162913462904258,0.46256852403552,-1.4028779799176556,-3.0517185041547594,0.2900624926814561,0.5622845208034192,0.5353585586216848,-1.4184236914314696,-1.5444997296194027,-1.2457105187020945,2.988902928929342,-2.950183527340014,-2.8955416331762622
/multi_agv/path_reference,1789710651.5484796,1789710651.5478656,world,s_curve,1,2.5371144076609875,0.09086360726946716,0.0,0.46166069489596245,-1.4029591950663192,-3.053020582372839,0.2891345680492766,0.5611922045908532,0.5346553120477576,-1.4182802771195315,-1.5447106627054794,-1.2458866453739466,2.9876008507112624,-2.9514856055580934,-2.8968437113943417
/multi_agv/path_reference,1789710651.5585954,1789710651.5578294,world,s_curve,1,2.5380199120285942,0.09086360726946716,0.0,0.4607586885453054,-1.4030387097687627,-3.0543141600408488,0.2882128870422421,0.5601067484832146,0.5339564301104595,-1.4181366031206672,-1.5449188105108103,-1.2460607156748102,2.9863072730432525,-2.952779183226103,-2.8981372890623516
/multi_agv/path_reference,1789710651.5685973,1789710651.5678098,world,s_curve,1,2.5389267134741944,0.09086360726946716,0.0,0.45985528773523626,-1.4031171681815109,-3.0556095906774203,0.2872900727420791,0.5590194685353388,0.533256321928291,-1.4179915278102617,-1.545125848360733,-1.246234128373538,2.985011842406681,-2.954074613862675,-2.899432719698923
/multi_agv/path_reference,1789710651.5783558,1789710651.5778043,world,s_curve,1,2.539834894757714,0.09086059659483656,-0.0003012082477949313,0.4589504111466822,-1.4031945728724586,-3.0569069925110197,0.2863660433727926,0.5579302662173037,0.5325549238499504,-1.417845033619029,-1.5453317892874383,-1.2464068957109087,2.9837144405730815,-2.955372015696274,-2.9007301215325225
/multi_agv/path_reference,1789710651.5883904,1789710651.5878053,world,s_curve,1,2.5407435824073388,0.09086059659483656,0.0,0.4580449302976139,-1.4032708457938299,-3.0582051177247696,0.2854416898100246,0.556840190118712,0.5318529109641051,-1.4176972581400584,-1.5455364306584827,-1.2465788485829485,2.9824163153593317,-2.956670140910024,-2.9020282467462724
/multi_agv/path_reference,1789710651.598338,1789710651.5978038,world,s_curve,1,2.541652039997933,0.09086059659483656,0.0,0.45713958049090814,-1.4033459244393918,-3.059502914282761,0.2845177628160066,0.5557501253782505,0.5311508532784673,-1.4175483208080704,-1.5457396056089627,-1.246749846901142,2.98111851880134,-2.9579679374680157,-2.903326043304264
/multi_agv/path_reference,1789710651.608444,1789710651.6078045,world,s_curve,1,2.542560708657693,0.09086059659483656,0.0,0.4562339236366179,-1.4034198451856468,-3.0608010123681324,0.2835938153022824,0.5546595445287129,0.5304484110788587,-1.417398149600306,-1.5459414125079494,-1.246919973448685,2.979820420715969,-2.959266035553387,-2.904624141389635
/multi_agv/path_reference,1789710651.6187828,1789710651.6178734,world,s_curve,1,2.543475395442405,0.09086255255563828,0.00019429994410563752,0.4553221724725162,-1.4034930681798756,-3.062107707774864,0.28266394614461066,0.5535614771116847,0.5297410941612534,-1.417245772688507,-1.5461431260978893,-1.2470903057532303,2.978513725309237,-2.9605727309601186,-2.905930836796367
/multi_agv/path_reference,1789710651.6288278,1789710651.6278665,world,s_curve,1,2.544383583010458,0.09086255255563828,0.0,0.4544168057729708,-1.403564592158557,-3.063405118586368,0.2817408818581556,0.552470952054795,0.5290385834059619,-1.4170932765057112,-1.5463419867171586,-1.2472585132528007,2.977216314497733,-2.9618701417716227,-2.907228247607871
/multi_agv/path_reference,1789710651.6387663,1789710651.6378388,world,s_curve,1,2.5452895908767377,0.09086255255563828,0.0,0.45351352031196057,-1.4036347741538533,-3.0646994155381964,0.28082023090085223,0.5513827881684459,0.5283375418665837,-1.4169399533097746,-1.5465389602690105,-1.2474254088827745,2.975922017545905,-2.963164438723451,-2.908522544559699
/multi_agv/path_reference,1789710651.6490364,1789710651.6478577,world,s_curve,1,2.54619988218547,0.09086255255563828,0.0,0.45260587356185833,-1.4037041104703225,-3.0659998316935284,0.279895427904954,0.5502892238059564,0.5276329689746647,-1.4167847052959974,-1.546735446495296,-1.247592179619674,2.974621601390573,-2.964464854878783,-2.909822960715031
/multi_agv/path_reference,1789710651.6588204,1789710651.6578617,world,s_curve,1,2.5471088182452726,0.09086403882199912,0.00014857828870797006,0.4516994889316292,-1.4037721659267168,-3.0672983117789605,0.27897220398685996,0.549197033536975,0.5269292292710527,-1.4166284887139091,-1.5469302212220044,-1.247757787844237,2.9733231213051408,-2.965763334964215,-2.9111214408004633
/multi_agv/path_reference,1789710651.6687887,1789710651.6678474,world,s_curve,1,2.548016366629474,0.09086403882199912,0.0,0.45079440068791904,-1.4038389433525422,-3.0685948094706768,0.2780505927241692,0.5481062593149159,0.5262263500246721,-1.416471314871109,-1.5471232836363267,-1.2479222315501908,2.9720266236134245,-2.967059832655931,-2.9124179384921796
/multi_agv/path_reference,1789710651.678862,1789710651.6778576,world,s_curve,1,2.5489258036227223,0.09086403882199912,0.0,0.44988734282933046,-1.4039046819948195,-3.069894005175317,0.2771272687353161,0.5470129649824643,0.525521794770211,-1.416312614902064,-1.5473153284662957,-1.248086102616099,2.970727427908784,-2.9683590283605716,-2.91371713419682
/multi_agv/path_reference,1789710651.6886082,1789710651.687915,world,s_curve,1,2.549839693226465,0.09086403882199912,0.0,0.448975758747938,-1.4039695553404434,-3.071199561752093,0.2761996326329641,0.5459140674673496,0.5248135761435003,-1.4161519296863012,-1.547506882550546,-1.2482498537844833,2.9694218713320084,-2.9696645849373473,-2.9150226907735957
/multi_agv/path_reference,1789710651.6985338,1789710651.69784,world,s_curve,1,2.550741599003204,0.0908608765322377,-0.0003185791986049795,0.44807604594899947,-1.404032410693907,-3.072487998576005,0.27528436702882286,0.544829335479445,0.5241144353387307,-1.4159921638663846,-1.5476945176151051,-1.2484105506002312,2.968133434508096,-2.9709530217612596,-2.916311127597508
/multi_agv/path_reference,1789710651.708495,1789710651.7078633,world,s_curve,1,2.551652131747587,0.0908608765322377,0.0,0.44716764579994267,-1.40409469173804,-3.0737887596394096,0.2743605562828535,0.543733983455843,0.5234083976611317,-1.4158296741680534,-1.5478825299988839,-1.2485718710471825,2.9668326734446917,-2.972253782824664,-2.9176118886609124
/multi_agv/path_reference,1789710651.7183304,1789710651.7178605,world,s_curve,1,2.5525605737832007,0.0908608765322377,0.0,0.4462612514955888,-1.4041556522051124,-3.075086533976001,0.2734390781461412,0.5426409037180789,0.5227037726225464,-1.415666360209987,-1.5480686906605348,-1.2487319057448154,2.9655348991081003,-2.9735515571612554,-2.9189096629975038
/multi_agv/path_reference,1789710651.7283778,1789710651.727864,world,s_curve,1,2.5534694318707682,0.0908608765322377,0.0,0.44535436367979625,-1.4042154635247657,-3.076384902672526,0.27251739086004223,0.5415470825341009,0.5219986176452458,-1.4155017749905903,-1.5482535169669611,-1.2488910986167459,2.964236530411575,-2.9748499258577805,-2.920208031694029
/multi_agv/path_reference,1789710651.738445,1789710651.7378576,world,s_curve,1,2.5543775514791665,0.09086275311881395,0.0001877636174865538,0.44444813594856397,-1.404274050244923,-3.077682216398809,0.27159666669040494,0.5404539113641835,0.5212938297911036,-1.4153361284988357,-1.5484367745769971,-1.2490492476589357,2.9629392166852924,-2.9761472395840634,-2.9215053454203117
/multi_agv/path_reference,1789710651.7484531,1789710651.7479372,world,s_curve,1,2.5552934670209195,0.09086275311881395,0.0,0.4435340523115417,-1.404331948963855,-3.078990667172742,0.27066825683724993,0.5393511157697437,0.5205827843276316,-1.4151678501741984,-1.548620168684825,-1.2492078280325416,2.961630765911359,-2.9774556903579965,-2.922813796194245
/multi_agv/path_reference,1789710651.7584243,1789710651.7578182,world,s_curve,1,2.556191310415391,0.09086275311881395,0.0,0.44263793192590345,-1.404387544852157,-3.080273300593415,0.2697583801613189,0.5382698477253882,0.5198855678910033,-1.4150017137633966,-1.5487985440195344,-1.24936237677354,2.960348132490686,-2.9787383237786695,-2.924096429614918
/multi_agv/path_reference,1789710651.7684598,1789710651.7678847,world,s_curve,1,2.5571059747770333,0.09086275311881395,0.0,0.4417249502679905,-1.404442999935173,-3.08157996396719,0.2688316769461808,0.537168087918308,0.5191750859394829,-1.4148312644711771,-1.5489788345073046,-1.2495189008270375,2.959041469116911,-2.9800449871524446,-2.925403092988693
/multi_agv/path_reference,1789710651.778461,1789710651.7778804,world,s_curve,1,2.558014056011809,0.09086165916717247,-0.00010945965777851475,0.4408184687320716,-1.404496876065639,-3.0828772228740124,0.2679118646246995,0.536074025726531,0.5184695158449845,-1.4146608445847015,-1.549156403445191,-1.249673380167025,2.957744210210089,-2.981342246059267,-2.9267003518955153
/multi_agv/path_reference,1789710651.788448,1789710651.7878745,world,s_curve,1,2.5589222448267894,0.09086165916717247,0.0,0.43991181063685414,-1.4045495819080172,-3.084174635466842,0.2669921651974769,0.5349796044206235,0.5177636622924621,-1.4144892107300642,-1.5493325732608922,-1.249826961733095,2.9564467976172595,-2.9826396586520962,-2.9279977644883446
/multi_agv/path_reference,1789710651.7984734,1789710651.79787,world,s_curve,1,2.559830371492395,0.09086165916717247,0.0,0.4390051469576886,-1.404601107599975,-3.08547195927485,0.26607275212091813,0.5338850303705999,0.5170576583815479,-1.414316395347608,-1.5495073107920825,-1.2499796166602342,2.9551494738092514,-2.9839369824601043,-2.9292950882963527
/multi_agv/path_reference,1789710651.8087745,1789710651.8078072,world,s_curve,1,2.5607334238977826,0.09086165916717247,0.0,0.4381034838301967,-1.4046511789119709,-3.086762034139689,0.2651586994534556,0.532796348490505,0.5163554035466298,-1.414143362901049,-1.5496796636397119,-1.2501305101951519,2.953859398944412,-2.9852270573249435,-2.930585163161192
/multi_agv/path_reference,1789710651.81873,1789710651.8178535,world,s_curve,1,2.5616461345007235,0.0908633564138882,0.00016896651880274512,0.43719211251508855,-1.4047006041086108,-3.088065906429605,0.2642350985563988,0.5316957981136414,0.5156454408752256,-1.4139672821807998,-1.549852432923441,-1.2502820972215911,2.9525555266544963,-2.9865309296148594,-2.931889035451108
/multi_agv/path_reference,1789710651.8287547,1789710651.8278437,world,s_curve,1,2.5625539935456123,0.0908633564138882,0.0,0.4362855224725933,-1.4047485876672017,-3.089362847922303,0.2633166356397595,0.5306008752140978,0.5149390565639227,-1.4137909428808793,-1.5500228601219126,-1.2504319599988132,2.9512585851617983,-2.9878278711075574,-2.933185976943806
/multi_agv/path_reference,1789710651.8387418,1789710651.8378766,world,s_curve,1,2.5634655801688346,0.0908633564138882,0.0,0.43537514822023954,-1.404795585240632,-3.0906651145269066,0.262394632502313,0.5295012352070791,0.5142295769513265,-1.4136126812455627,-1.5501925582096243,-1.2505815162667089,2.9499563185571946,-2.989130137712161,-2.9344882435484094
/multi_agv/path_reference,1789710651.8484395,1789710651.8478673,world,s_curve,1,2.564373276659179,0.0908633564138882,0.0,0.43446859888362066,-1.4048412043217853,-3.091961823798827,0.2614767953882078,0.5284060691859628,0.5135229320766915,-1.4134339875382091,-1.5503601091870864,-1.2507295162400602,2.9486596092852744,-2.9904268469840813,-2.9357849528203297
/multi_agv/path_reference,1789710651.8583658,1789710651.8578193,world,s_curve,1,2.565277581673426,0.0908646436053813,0.00012933710908366553,0.43356537867925576,-1.4048854841713139,-3.0932536881048938,0.2605626188311516,0.5273147799680946,0.5128187372385211,-1.4132547783434175,-1.5505256220385386,-1.2508760521319855,2.9473677449792075,-2.991718711290148,-2.9370768171263966
/multi_agv/path_reference,1789710651.868598,1789710651.8679419,world,s_curve,1,2.5661974969608505,0.0908646436053813,0.0,0.4326465089983228,-1.4049293307383164,-3.094567852801215,0.2596328999128075,0.5262044342607514,0.5121021928214097,-1.4130712636294973,-1.5506925449612123,-1.2510241836242395,2.946053580282886,-2.9930328759864695,-2.938390981822718
/multi_agv/path_reference,1789710651.8785613,1789710651.877945,world,s_curve,1,2.567106426440269,0.0908646436053813,0.0,0.43173855683377416,-1.4049714679820084,-3.095866323486099,0.25871452154276364,0.5251071340182436,0.5113940149403153,-1.4128887409730797,-1.5508560415137833,-1.2511696214591626,2.9447551095980025,-2.9943313466713533,-2.9396894525076016
/multi_agv/path_reference,1789710651.8883786,1789710651.8878512,world,s_curve,1,2.5680065824840246,0.0908646436053813,0.0,0.43083931551801274,-1.405012037017026,-3.0971522606914634,0.257805242173141,0.5240202171546527,0.5106924872262447,-1.412706805478879,-1.5510165560230582,-1.2513127495491407,2.943469172392638,-2.995617283876718,-2.9409753897129662
/multi_agv/path_reference,1789710651.898314,1789710651.897852,world,s_curve,1,2.568915221028364,0.09085864823343061,-0.0005995028435557866,0.4299315481211809,-1.405051814410671,-3.0984503157548056,0.2568876323225473,0.5229228494034498,0.5099841626375458,-1.4125219686979258,-1.5511771643189955,-1.2514563102150913,2.9421711173292957,-2.99691533894006,-2.9422734447763084
/multi_agv/path_reference,1789710651.908293,1789710651.9078023,world,s_curve,1,2.5698192935621957,0.09085864823343061,0.0,0.4290282918666299,-1.405090222350554,-3.0997418479459937,0.25597487244934247,0.5218307900507005,0.5092792130998468,-1.4123368786818837,-1.5513355516120233,-1.251598236757755,2.9408795851381075,-2.998206871131248,-2.9435649769674965
/multi_agv/path_reference,1789710651.9183967,1789710651.9178348,world,s_curve,1,2.5707308262270576,0.09085864823343061,0.0,0.42811753277782005,-1.4051277664780284,-3.101044037467225,0.25505482356636977,0.5207295131979454,0.508568261569145,-1.412149068379599,-1.551493818152118,-1.251740412902368,2.9395773956168765,-2.9995090606524792,-2.9448671664887276
/multi_agv/path_reference,1789710651.9284182,1789710651.927837,world,s_curve,1,2.5716395813430433,0.09085864823343061,0.0,0.42720950098135724,-1.4051640155995204,-3.10234225906149,0.25413782240485294,0.5196313878427599,0.5078592926964589,-1.411960637901163,-1.5516501747715667,-1.2518812341258314,2.938279174022611,-3.0008072822467446,-2.946165388082993
/multi_agv/path_reference,1789710651.9383836,1789710651.9378352,world,s_curve,1,2.5725480855353333,0.090861049971837,0.00024020194426654774,0.4263016736369931,-1.4051990764252495,-3.103640122193333,0.25322131974262124,0.5185333637265023,0.5071503374418559,-1.4117710697148826,-1.55180506314896,-1.2520210964119058,2.936981310890768,-3.0021051453785876,-2.947463251214836
/multi_agv/path_reference,1789710651.9483738,1789710651.9478524,world,s_curve,1,2.573458227225466,0.090861049971837,0.0,0.4253921651578521,-1.4052330190661293,-3.104940324607808,0.25230341264277084,0.5174331598831151,0.5064399229476705,-1.4115799673700735,-1.551958801701575,-1.252160288126739,2.935681108476293,-3.0034053477930627,-2.948763453629311
/multi_agv/path_reference,1789710651.9583068,1789710651.957801,world,s_curve,1,2.5743621902733396,0.090861049971837,0.0,0.42448878810240304,-1.405265560907194,-3.106231700390485,0.2513919836200975,0.5163402280118035,0.5057341526753083,-1.411388981357765,-1.5521100806774932,-1.2522976206863239,2.9343897326936164,-3.0046967235757394,-2.9500548294119877
/multi_agv/path_reference,1789710651.9684517,1789710651.9678235,world,s_curve,1,2.5752726635154435,0.090861049971837,0.0,0.4235788633578641,-1.4052971578182938,-3.1075323764506333,0.25047424071036767,0.5152392284744859,0.5050231208887389,-1.411195430282995,-1.5522610223111941,-1.2524350208606922,2.933089056633468,-3.0059973996358877,-2.951355505472136
/multi_agv/path_reference,1789710651.9784253,1789710651.9778273,world,s_curve,1,2.576181813350954,0.09086289185518684,0.00018408280031459418,0.42267022098540263,-1.4053275279439168,-3.1088311619299343,0.24955808374963218,0.5141396343141569,0.5043129448924191,-1.4110009697268,-1.5524103156020705,-1.25257129850288,2.931790271154167,-3.0072961851151887,-2.952654290951437
/multi_agv/path_reference,1789710651.9883852,1789710651.9878523,world,s_curve,1,2.5770927102072867,0.09086289185518684,0.0,0.42175979377782125,-1.4053567728489296,-3.1101324431532666,0.24864042036908188,0.5130377336466677,0.5036012273177143,-1.4108049423181606,-1.5525584633735265,-1.2527069128551016,2.9304889899308346,-3.008597466338521,-2.9539555721747695
/multi_agv/path_reference,1789710651.998502,1789710651.9978342,world,s_curve,1,2.5779996746085225,0.09086289185518684,0.0,0.4208532599460119,-1.4053847142381999,-3.1114281065836034,0.24772697285681458,0.5119403994048011,0.5028924075764203,-1.410608574755941,-1.5527045466614522,-1.2528410212972065,2.929193326500498,-3.009893129768858,-2.955251235605106
/multi_agv/path_reference,1789710652.0083082,1789710652.0078022,world,s_curve,1,2.5789053881003263,0.09086289185518684,0.0,0.41994794104397815,-1.4054114443585946,-3.112721983000466,0.246815039843477,0.510844390653827,0.5021843926346304,-1.4104112965461593,-1.5528490089353475,-1.252974027594277,2.9278994500836353,-3.0111870061857204,-2.956545112021969
/multi_agv/path_reference,1789710652.0183618,1789710652.0178616,world,s_curve,1,2.5798192844262777,0.09086290939565572,1.743937457245598e-06,0.4190344086018006,-1.4054372290678452,-3.1140275491803964,0.2458951273179912,0.5097382913017431,0.5014698071856675,-1.4102110405980517,-1.5529933392875006,-1.2531073073179835,2.926593883903705,-3.012492572365651,-2.957850678201899
/multi_agv/path_reference,1789710652.0283237,1789710652.0278513,world,s_curve,1,2.5807270059814953,0.09086290939565572,0.0,0.4181270159116451,-1.4054616587629796,-3.115324294259279,0.24498168978392965,0.50863947974398,0.5007598782070256,-1.4100109488314472,-1.5531352647018888,-1.2532387627556025,2.9252971388248223,-3.0137893174445334,-2.9591474232807817
/multi_agv/path_reference,1789710652.0384796,1789710652.0378368,world,s_curve,1,2.5816344462251455,0.09086290939565572,0.0,0.417219873532091,-1.4054849048599614,-3.1166206374644934,0.2440687954505924,0.5075408256890503,0.5000499994566303,-1.4098097354017018,-1.553275721900332,-1.2533692572778505,2.924000795619608,-3.015085660649748,-2.960443766485996
/multi_agv/path_reference,1789710652.0483427,1789710652.0478578,world,s_curve,1,2.582544815343817,0.09086290939565572,0.0,0.41630977372836814,-1.405507044412315,-3.117921164776881,0.24315321751957464,0.5064384435623065,0.49933766010322345,-1.4096066836538739,-1.5534152013001787,-1.2534992482828924,2.9227002683072203,-3.0163861879621354,-2.9617442937983838
/multi_agv/path_reference,1789710652.0583735,1789710652.0578303,world,s_curve,1,2.583451129791561,0.0908643027230047,0.0001396907203072879,0.4154036995593941,-1.4055279097160525,-3.11921589970223,0.24224198054045912,0.5053407920472991,0.49862832609042423,-1.4094033537431803,-1.5535526353358693,-1.2536277400691078,2.921405533381871,-3.0176809228874846,-2.963039028723733
/multi_agv/path_reference,1789710652.0685306,1789710652.067869,world,s_curve,1,2.5843631310725557,0.0908643027230047,0.0,0.41449191356502263,-1.405547721748059,-3.1205187586750793,0.2413252923564151,0.5042360744340445,0.49791437390460846,-1.4091975572504651,-1.5536894970510273,-1.2537561109426845,2.920102674409022,-3.018983781860334,-2.964341887696582
/multi_agv/path_reference,1789710652.0783722,1789710652.0778599,world,s_curve,1,2.585270952323032,0.0908643027230047,0.0,0.4135842817483055,-1.4055662633284822,-3.12181564617576,0.24041307274092025,0.5031362439833513,0.49720352852064503,-1.4089915181979011,-1.553824302098233,-1.2538829696893126,2.9188057869083415,-3.0202806693610142,-2.9656387751972626
/multi_agv/path_reference,1789710652.0883968,1789710652.0878632,world,s_curve,1,2.5861798911135674,0.0908643027230047,0.0,0.41267550930004,-1.405583648503828,-3.123114130162239,0.23949999864386826,0.5020348854049641,0.4964916438512877,-1.4087840405070262,-1.5539578440438162,-1.2540090609606414,2.9175073029218623,-3.0215791533474934,-2.9669372591837417
/multi_agv/path_reference,1789710652.0988421,1789710652.097949,world,s_curve,1,2.5870964562992436,0.09086318303027811,-0.00011100011951571442,0.41175908976801157,-1.405599984334147,-3.124423508998919,0.23857953703982124,0.5009241112947952,0.4957736209694184,-1.4085736213099618,-1.5540910579248792,-1.2541352737676,2.916197924085182,-3.0228885321841736,-2.968246638020422
/multi_agv/path_reference,1789710652.1084533,1789710652.1078389,world,s_curve,1,2.5879949713318844,0.09086318303027811,0.0,0.4108606975169034,-1.4056148340871715,-3.125707101902692,0.23767747051666682,0.49983504355307845,0.49506957848096506,-1.4083661766293698,-1.554220236907644,-1.2542580887245003,2.9149143311814094,-3.0241721250879463,-2.9695302309241947
/multi_agv/path_reference,1789710652.118534,1789710652.1178362,world,s_curve,1,2.588903465141012,0.09086318303027811,0.0,0.4099523092201164,-1.405628675566294,-3.127004950201446,0.23676565725142168,0.49873371310656206,0.4943575573023656,-1.4081552502978625,-1.5543494284017736,-1.2543813479992456,2.9136164828826554,-3.0254699733867003,-2.9708280792229487
/multi_agv/path_reference,1789710652.1283748,1789710652.127834,world,s_curve,1,2.5898119428673563,0.09086318303027811,0.0,0.409043919807252,-1.4056413379576527,-3.1283027755247943,0.23585413464030736,0.49763223541925045,0.4936453893621983,-1.4079431446019093,-1.5544771882660677,-1.2545036810049808,2.912318657559307,-3.0267677987100488,-2.972125904546297
/multi_agv/path_reference,1789710652.1388583,1789710652.1378398,world,s_curve,1,2.590720864760661,0.09086451200009998,0.0001328565140928547,0.40813507059234555,-1.4056528268308353,-3.129601235372373,0.23494244262152938,0.49653005420329366,0.4929327149522137,-1.4077297516158127,-1.5546035800092608,-1.2546251488674325,2.9110201977117285,-3.0280662585576272,-2.9734243643938756
/multi_agv/path_reference,1789710652.148448,1789710652.1478028,world,s_curve,1,2.5916263730559788,0.09086451200009998,0.0,0.40722962062935986,-1.4056630991389432,-3.130894818651398,0.2340344508907079,0.49543185013213237,0.49222256086523936,-1.4075159831610913,-1.5547280739342997,-1.2547452403214387,2.9097266144327034,-3.0293598418366523,-2.9747179476729007
/multi_agv/path_reference,1789710652.1583502,1789710652.1578152,world,s_curve,1,2.5925360762023577,0.09086451200009998,0.0,0.40631996347157473,-1.4056722397311128,-3.1321943945747965,0.23312253202456754,0.4943283972943549,0.49150896109580183,-1.4073000419793102,-1.554851714110336,-1.2548649631036919,2.9084270385093047,-3.030659417760051,-2.9760175235962993
/multi_agv/path_reference,1789710652.1686592,1789710652.1678848,world,s_curve,1,2.593450921644064,0.09086451200009998,0.0,0.40540515307623776,-1.4056802397773471,-3.133501316634377,0.2322057421336751,0.493218545847433,0.49079117124760524,-1.4070816851559818,-1.5549746068847894,-1.25498442729127,2.9071201164497245,-3.0319663398196313,-2.9773244456558796
/multi_agv/path_reference,1789710652.1783586,1789710652.177867,world,s_curve,1,2.5943581262733453,0.09086552974637375,0.00010193737038891955,0.40449797364383766,-1.405686992472967,-3.134797323247636,0.23129689187501962,0.49211780623497164,0.4900792228215218,-1.4068639691554876,-1.5550950409064488,-1.2551019673569643,2.905824109836465,-3.0332623464328905,-2.978620452269139
/multi_agv/path_reference,1789710652.1884894,1789710652.187973,world,s_curve,1,2.595276423766498,0.09086552974637375,0.0,0.4035796935240518,-1.4056926301978199,-3.1361091768092826,0.230377216770649,0.4910034492958356,0.48935841450567097,-1.4066423914767479,-1.5552154944251866,-1.2552200046915254,2.9045122562748187,-3.034574199994537,-2.9799323058307854
/multi_agv/path_reference,1789710652.198639,1789710652.1978667,world,s_curve,1,2.5961754261461403,0.09086552974637375,0.0,0.4026807017454749,-1.405696983079146,-3.1373934659230573,0.2294771480642716,0.48991235488496304,0.48865260228719004,-1.4064243015805826,-1.5553320013420913,-1.2553346463147639,2.903227967161044,-3.035858489108312,-2.98121659494456
/multi_agv/path_reference,1789710652.208424,1789710652.2078454,world,s_curve,1,2.5970820547788285,0.09086552974637375,0.0,0.4017740788963442,-1.4057002035348694,-3.1386886496840405,0.22856972847883694,0.4888118540787071,0.4879406541314887,-1.406203191058914,-1.55544807728039,-1.255449342265304,2.901932783400061,-3.037153672869295,-2.9825117787055433
/multi_agv/path_reference,1789710652.2184374,1789710652.217861,world,s_curve,1,2.5979920522458873,0.09085985886718091,-0.0005662161728645392,0.4008640838049079,-1.4057022545320323,-3.139988646065553,0.22765922586246434,0.4877071138015944,0.48722591175066504,-1.405980076665671,-1.555563150502244,-1.255563536428182,2.9006327870185484,-3.0384536692508073,-2.9838117750870556
/multi_agv/path_reference,1789710652.2284696,1789710652.2278624,world,s_curve,1,2.5989007930302384,0.09085985886718091,0.0,0.3999553434988926,-1.4057031219320344,-3.1412868471860547,0.22675027084086283,0.48660375078775336,0.48651200886806173,-1.4057560891540644,-1.5556766313072028,-1.2556766453348363,2.8993345858980466,-3.039751870371309,-2.9851099762075575
/multi_agv/path_reference,1789710652.2384996,1789710652.2378564,world,s_curve,1,2.5998087996669295,0.09085985886718091,0.0,0.3990473369802964,-1.4057028103919884,-3.142583999524185,0.22584234133349987,0.4855011329378925,0.48579853666949685,-1.4055311042674885,-1.5557885897467372,-1.2557887371617393,2.8980374335599164,-3.0410490227094393,-2.9864071285456877
/multi_agv/path_reference,1789710652.2484903,1789710652.2478988,world,s_curve,1,2.600721404993658,0.09085985886718091,0.0,0.3981347329517085,-1.4057013106898724,-3.143887721419511,0.2249301083593289,0.48439278537566294,0.48508130512013375,-1.4053037936300599,-1.5558996741697264,-1.255900464269831,2.89673371166459,-3.0423527446047656,-2.987710850441014
/multi_agv/path_reference,1789710652.2583523,1789710652.2578006,world,s_curve,1,2.601621094788605,0.0908619525924268,0.00021145061898180967,0.39723504710300117,-1.4056986674531782,-3.14517299255515,0.2240310764879197,0.48329998271313135,0.48437408210795263,-1.4050785358784417,-1.5560077718295404,-1.2560096946515524,2.895448440528951,-3.0436380157404046,-2.988996121576653
/multi_agv/path_reference,1789710652.2683434,1789710652.2678556,world,s_curve,1,2.6025345360857677,0.0908619525924268,0.0,0.3963216140551105,-1.4056948010557704,-3.146477908693954,0.22311860012586993,0.4821903356688563,0.4836559063706055,-1.404848653416599,-1.5561160849501083,-1.2561196648006037,2.8941435243901474,-3.0449429318792083,-2.9903010377154566
/multi_agv/path_reference,1789710652.2783842,1789710652.2778602,world,s_curve,1,2.6034436216426466,0.0908619525924268,0.0,0.39541254248680435,-1.4056897697137412,-3.147776602346638,0.22221077350635482,0.48108584057553516,0.48294101337852324,-1.4046186851965428,-1.5562224438898133,-1.2562281800548676,2.8928448307374635,-3.0462416255318923,-2.9915997313681406
/multi_agv/path_reference,1789710652.2883713,1789710652.2878385,world,s_curve,1,2.604350392945593,0.0908619525924268,0.0,0.39450579240738376,-1.4056835752172803,-3.149071989922276,0.221305556214895,0.4799840205136666,0.4822278004935897,-1.4043881282418693,-1.556327103189146,-1.2563354942208254,2.8915494431618254,-3.0475370131075303,-2.9928951189437787
/multi_agv/path_reference,1789710652.2982419,1789710652.2977998,world,s_curve,1,2.605255536698236,0.09086357306196097,0.000162672118636058,0.3936006785986711,-1.4056762206116127,-3.1503650524260514,0.22040226229592366,0.47888404380153593,0.48151572969855383,-1.4041568160505469,-1.5564301513055578,-1.2564416944787336,2.89025638065805,-3.048830075611306,-2.994188181447554
/multi_agv/path_reference,1789710652.3084273,1789710652.3078763,world,s_curve,1,2.6061710398068443,0.09086357306196097,0.0,0.39268521622924635,-1.4056675909424778,-3.1516729140097772,0.21948893522487886,0.4777713432750998,0.4807953701877605,-1.4039216681904165,-1.5565329315092788,-1.256548173127738,2.888948519074324,-3.0501379371950317,-2.99549604303128
/multi_agv/path_reference,1789710652.3184824,1789710652.3179047,world,s_curve,1,2.6070823114897186,0.09086357306196097,0.0,0.3917739970782823,-1.4056578123627383,-3.1529747306995977,0.21858013570481022,0.4766636530624891,0.4800782024675478,-1.4036864213445663,-1.5566337916007715,-1.256653224142877,2.8876467023845036,-3.051439753884852,-2.9967978597211005
/multi_agv/path_reference,1789710652.328439,1789710652.3279006,world,s_curve,1,2.6079905906716774,0.09086357306196097,0.0,0.39086578369012853,-1.4056468854368622,-3.1542722723881105,0.21767462607379107,0.4755594706415642,0.4793632543550304,-1.4034507698859533,-1.5567328854188998,-1.2567570010057336,2.886349160695991,-3.052737295573365,-2.9980954014096133
/multi_agv/path_reference,1789710652.3383956,1789710652.337812,world,s_curve,1,2.6088911303391837,0.09085861060616106,-0.0005006795985153468,0.38996532401587314,-1.4056348873190985,-3.1555587576274053,0.21677713498849321,0.47446457102619194,0.47865426603293443,-1.4032159657791332,-1.5568297194222136,-1.2568589767559486,2.885062675456696,-3.05402378081266,-2.999381886648908
/multi_agv/path_reference,1789710652.3483632,1789710652.3478303,world,s_curve,1,2.6098013900608525,0.09085861060616106,0.0,0.3890551615924994,-1.4056215829965477,-3.1568591286583607,0.21587026448727636,0.47335772783591423,0.47793749245430783,-1.402977454661293,-1.5569261676090922,-1.2569611267192577,2.8837623044257406,-3.055324151843615,-3.0006822576798635
/multi_agv/path_reference,1789710652.3585534,1789710652.3578012,world,s_curve,1,2.6107073115564408,0.09085861060616106,0.0,0.3881493548704777,-1.4056071669869048,-3.1581533022234867,0.2149680247576854,0.47225603617631456,0.4772240036774332,-1.4027389096128087,-1.55702072701281,-1.2570618643350957,2.8824681308606146,-3.056618325408741,-3.0019764312449895
/multi_agv/path_reference,1789710652.368643,1789710652.3678374,world,s_curve,1,2.6116191727519804,0.09085861060616106,0.0,0.3872376288086197,-1.405591472797776,-3.1594559610742574,0.21406018199304302,0.4711469985949974,0.4765057058378188,-1.4024976217286247,-1.5571144666371697,-1.2571623300275339,2.881165472009844,-3.057920984259512,-3.00327909009576
/multi_agv/path_reference,1789710652.3785262,1789710652.3778362,world,s_curve,1,2.612527705108758,0.09086102246738884,0.0002412067941999997,0.38632925219118286,-1.4055746547889034,-3.160753864441083,0.2131559667574841,0.470041889154033,0.47578990066203164,-1.4022560387974554,-1.5572064272270243,-1.2572614983422308,2.8798675686430184,-3.0592188876263373,-3.0045769934625857
/multi_agv/path_reference,1789710652.3886666,1789710652.3878515,world,s_curve,1,2.6134375469545916,0.09086102246738884,0.0,0.38541958895068795,-1.405556631082906,-3.1620536385065594,0.2122507632473201,0.46893506821113157,0.47507293539361234,-1.4020129318128505,-1.55729708292057,-1.2573598785152973,2.878567794577542,-3.060518661691814,-3.005876767528062
/multi_agv/path_reference,1789710652.3986633,1789710652.397803,world,s_curve,1,2.61434191251574,0.09086102246738884,0.0,0.38451542488893065,-1.405537544398083,-3.1633455893081996,0.21135132199061796,0.46783479330614464,0.4743601593700295,-1.4017701225445383,-1.557385767458337,-1.2574567431913741,2.8772758437759016,-3.061810612493454,-3.0071687183297025
/multi_agv/path_reference,1789710652.4083967,1789710652.4078193,world,s_curve,1,2.6152518649394376,0.09086102246738884,0.0,0.3836057008631541,-1.40551716077626,-3.1646455213420537,0.21044664166416124,0.46672760656902645,0.47364285435627473,-1.4015246406047792,-1.5574735650237417,-1.257553276700259,2.8759759117420476,-3.063110544527308,-3.0084686503635565
/multi_agv/path_reference,1789710652.418321,1789710652.417836,world,s_curve,1,2.6161621077855184,0.09086026366011946,-7.574399388022982e-05,0.38269571376568545,-1.4054955875638222,-3.165945868265026,0.20954199262403891,0.4656199532090612,0.47292519546395634,-1.4012779039814631,-1.5575599506234745,-1.2576489080865292,2.8746755648190754,-3.0644108914502803,-3.0097689972865287
/multi_agv/path_reference,1789710652.428353,1789710652.4278371,world,s_curve,1,2.617070820181318,0.09086026366011946,0.0,0.38178728543969825,-1.4054728702052763,-3.167244028830454,0.20863918542812837,0.46451405110616883,0.47220861978479767,-1.401030408907372,-1.5576447540812568,-1.2577434476272003,2.873377404253647,-3.0657090520157086,-3.011067157851957
/multi_agv/path_reference,1789710652.4383733,1789710652.4378326,world,s_curve,1,2.6179790097671605,0.09086026366011946,0.0,0.3808794100054565,-1.4054489870886047,-3.1685414425245146,0.20773721943093784,0.46340867621508364,0.4714923343703481,-1.4007818848766258,-1.5577280736990138,-1.2578370026901744,2.8720799905595866,-3.067006465709769,-3.0123645715460174
/multi_agv/path_reference,1789710652.4485943,1789710652.4477994,world,s_curve,1,2.6188845912091345,0.09086026366011946,0.0,0.37997417342536716,-1.405423999771643,-3.1698351302987633,0.20683816551003095,0.46230636903568584,0.4707779857303848,-1.400532909592487,-1.5578097260257255,-1.2579293636967162,2.870786302785338,-3.0683001534840177,-3.013658259320266
/multi_agv/path_reference,1789710652.4584544,1789710652.4578116,world,s_curve,1,2.6197942817757287,0.09086228438902291,0.00020183571319910335,0.37906486259014543,-1.4053977202546766,-3.171134688251041,0.20593535712858607,0.4611989546504483,0.47006027599140204,-1.4002816339931012,-1.5578903132598114,-1.258021213511117,2.8694867448330603,-3.0695997114362954,-3.0149578172725437
/multi_agv/path_reference,1789710652.468537,1789710652.4678516,world,s_curve,1,2.6207064205357136,0.09086228438902291,0.0,0.3781531396428897,-1.4053701836521628,-3.1724377436224476,0.20503044770601436,0.46008845573709334,0.46934051548556155,-1.4000285044658263,-1.5579696724342125,-1.2581123740564497,2.8681836894616537,-3.070902766807702,-3.0162608726439504
/multi_agv/path_reference,1789710652.4782588,1789710652.4778006,world,s_curve,1,2.6216105741364215,0.09086228438902291,0.0,0.37724943438592534,-1.405341715675138,-3.1737293916234592,0.20413378643137065,0.45898757736172546,0.46862693936468003,-1.3997764274279159,-1.5580469087199968,-1.258201810877501,2.866892041460642,-3.0721944148087137,-3.017552520644962
/multi_agv/path_reference,1789710652.4883747,1789710652.4878006,world,s_curve,1,2.6225192093375824,0.09086228438902291,0.0,0.3763412875528633,-1.4053119307860469,-3.175027441910832,0.20323300946453612,0.4578811427029117,0.46790971049114216,-1.3995219344739256,-1.55812309537198,-1.258290762512235,2.8655939911732693,-3.0734924650960864,-3.0188505709323348
/multi_agv/path_reference,1789710652.4984372,1789710652.497841,world,s_curve,1,2.6234314686343163,0.09086383728181135,0.00015467290730860359,0.37542955823756036,-1.4052808412440836,-3.1763306694775943,0.20232897283361256,0.45677019647806305,0.46718950540100557,-1.3992652504326528,-1.5581981410195755,-1.2583791322800222,2.864290763606507,-3.074795692662849,-3.020153798499097
/multi_agv/path_reference,1789710652.5084383,1789710652.5078275,world,s_curve,1,2.6243389176903684,0.09086383728181135,0.0,0.37452267732455113,-1.405248737018005,-3.1776270252719545,0.20143003571548934,0.45566501204493437,0.4664729842132298,-1.3990087513772456,-1.5582713546799876,-1.2584661049967818,2.8629944078121468,-3.076092048457209,-3.0214501542934573
/multi_agv/path_reference,1789710652.5183132,1789710652.517832,world,s_curve,1,2.6252479604072625,0.09086383728181135,0.0,0.3736142462397323,-1.4052153977399757,-3.1789256577246605,0.20052985403194773,0.4545577924575935,0.4657550922296558,-1.3987506337023785,-1.558343260409305,-1.2585522991082434,2.8616957753594408,-3.077390680909915,-3.0227487867461633
/multi_agv/path_reference,1789710652.5285223,1789710652.5278351,world,s_curve,1,2.626156821941665,0.09086383728181135,0.0,0.3727060402600003,-1.4051808858557704,-3.1802240313452352,0.19963018761951581,0.45345070113000113,0.46503723203048414,-1.3984913991214025,-1.5584137143912657,-1.2586375440546427,2.860397401738866,-3.0786890545304897,-3.024047160366738
/multi_agv/path_reference,1789710652.53864,1789710652.537806,world,s_curve,1,2.627062777151482,0.09085928548746904,-0.00045650466728107284,0.3718007838839821,-1.4051453102929676,-3.1815182530735453,0.198733733872025,0.4523470599291227,0.46432155785079865,-1.3982318306944774,-1.5584825119605994,-1.258721588223826,2.859103180010556,-3.0799832762587998,-3.025341382095048
/multi_agv/path_reference,1789710652.5488026,1789710652.5479398,world,s_curve,1,2.627983497176909,0.09085928548746904,0.0,0.37088082202501593,-1.405107954966373,-3.182833567395584,0.197823015116624,0.451225341836253,0.46359410912217086,-1.3979668438443045,-1.5585509676332967,-1.2588060534215175,2.8577878656885174,-3.0812985905808383,-3.0266566964170867
/multi_agv/path_reference,1789710652.5587487,1789710652.557871,world,s_curve,1,2.6288856998982353,0.09085928548746904,0.0,0.3699794106823404,-1.4050701762960018,-3.18412242842605,0.1969309514098116,0.45012609709625484,0.462881183540955,-1.3977060237036172,-1.5586166144079607,-1.2588878907764274,2.856499004658051,-3.0825874516113045,-3.027945557447553
/multi_agv/path_reference,1789710652.5685132,1789710652.5678837,world,s_curve,1,2.6297956070326745,0.09085928548746904,0.0,0.36907035174507796,-1.4050308987807403,-3.1854222957609633,0.1960316110873419,0.44901738050578605,0.46216206364210605,-1.3974418124335735,-1.5586813872027903,-1.258969496705857,2.855199137323138,-3.0838873189462177,-3.029245424782466
/multi_agv/path_reference,1789710652.578459,1789710652.5778656,world,s_curve,1,2.6307024392736666,0.0908615307672033,0.00022496945348165977,0.36816441639408404,-1.40499057836962,-3.186717770390952,0.19513565240392933,0.4479123278151104,0.46144526896321253,-1.3971773311548359,-1.5587445071779082,-1.259049896776116,2.853903662693149,-3.0851827935762066,-3.030540899412455
/multi_agv/path_reference,1789710652.5883155,1789710652.5878277,world,s_curve,1,2.6316077842022616,0.0908615307672033,0.0,0.3672600197417619,-1.4049491535232848,-3.188011120288945,0.19424150572853296,0.4468090068907801,0.4607295466059728,-1.3969121261714534,-1.5588060956596905,-1.2591292387387103,2.8526103127951563,-3.0864761434741994,-3.0318342493104478
/multi_agv/path_reference,1789710652.598415,1789710652.5978076,world,s_curve,1,2.632514582461041,0.0908615307672033,0.0,0.3663542257394602,-1.4049064898418968,-3.189306546372916,0.1933462682718385,0.44570383590146817,0.460012573045074,-1.3966453366002725,-1.5588663526865272,-1.2592077802388908,2.8513148867111853,-3.0877715695581704,-3.033129675394419
/multi_agv/path_reference,1789710652.6084065,1789710652.6078475,world,s_curve,1,2.6334266755846647,0.0908615307672033,0.0,0.3654431992588502,-1.4048623933856643,-3.1906095365495206,0.19244615285470232,0.4445921339295292,0.4592913109923193,-1.3963758195515965,-1.5589255172683658,-1.2592858433370306,2.8500118965345806,-3.089074559734775,-3.0344326655710234
/multi_agv/path_reference,1789710652.6186585,1789710652.6178033,world,s_curve,1,2.6343314488420093,0.09086324921283045,0.00017257755134964228,0.3645395415979362,-1.4048174783210734,-3.191902069774299,0.19155360887743667,0.44348927850296643,0.4585757374134057,-1.396107307208013,-1.558982776110902,-1.259362351644305,2.8487193633098022,-3.0903670929595535,-3.035725198795802
/multi_agv/path_reference,1789710652.6283727,1789710652.6278505,world,s_curve,1,2.6352442130678058,0.09086324921283045,0.0,0.3636279624267678,-1.4047709828694288,-3.1932060186682936,0.1906535343835142,0.4423766086007917,0.4578537442959976,-1.3958352544095174,-1.5590390959899256,-1.2594385982088436,2.8474154144158077,-3.091671041853548,-3.0370291476897964
/multi_agv/path_reference,1789710652.6385217,1789710652.6378043,world,s_curve,1,2.6361487758858653,0.09086324921283045,0.0,0.3627246345687836,-1.404723732914318,-3.1944982512655216,0.18976189798387116,0.4412738647640035,0.4571381409584763,-1.3955644887829406,-1.5590934787706172,-1.2595132311893966,2.8461231818185797,-3.092963274450776,-3.0383213802870244
/multi_agv/path_reference,1789710652.6484356,1789710652.6478527,world,s_curve,1,2.637061671045604,0.09086324921283045,0.0,0.36181304845617607,-1.4046748635627764,-3.1958023872080057,0.1888624038522994,0.44016089277735937,0.45641584873886953,-1.395290060362733,-1.5591469169906493,-1.259587613334947,2.8448190458760956,-3.09426741039326,-3.0396255162295085
/multi_agv/path_reference,1789710652.6582828,1789710652.65782,world,s_curve,1,2.637967314011378,0.0908591162377375,-0.00041464294271599864,0.36090876789176607,-1.4046252074780223,-3.1970961628733967,0.18797040986167812,0.4390566945135205,0.4556991993000997,-1.3950166528595012,-1.5591984961301075,-1.259660473444458,2.8435252702107046,-3.095561186058651,-3.0409192918948995
/multi_agv/path_reference,1789710652.6683888,1789710652.6678612,world,s_curve,1,2.638879700813336,0.0908591162377375,0.0,0.35999781934911446,-1.4045739989897827,-3.1983995725904797,0.18707213209940649,0.43794420731964046,0.4549771186282965,-1.3947400430606471,-1.5592490150794804,-1.2597329388292204,2.8422218604936216,-3.096864595775734,-3.0422227016119825
/multi_agv/path_reference,1789710652.6783483,1789710652.6778495,world,s_curve,1,2.639787205209824,0.0908591162377375,0.0,0.3590918124966523,-1.4045218866567362,-3.1996960074426055,0.1861790196484008,0.43683760893781215,0.454258808903744,-1.394463752166799,-1.5592978251476066,-1.2598040826558026,2.8409254256414957,-3.09816103062786,-3.0435191364641083
/multi_agv/path_reference,1789710652.6885211,1789710652.687856,world,s_curve,1,2.6406963408000257,0.0908591162377375,0.0,0.35818424564192614,-1.404468503076379,-3.200994772571465,0.18528466177817787,0.4357289589774598,0.45353911617014087,-1.394185804026875,-1.5593452845308953,-1.259874420671367,2.839626660512636,-3.0994597957567196,-3.044817901592968
/multi_agv/path_reference,1789710652.6983511,1789710652.6978178,world,s_curve,1,2.641601523323333,0.09086139949205976,0.00022919099493782166,0.3572806946671871,-1.404414180709852,-3.2022878904619043,0.18439455209917077,0.43462506928828554,0.45282246261410514,-1.3939079107746406,-1.5593911071036581,-1.2599435242512573,2.838333542622197,-3.1007529136471588,-3.046111019483407
/multi_agv/path_reference,1789710652.7083457,1789710652.7078006,world,s_curve,1,2.6425086998000524,0.09086139949205976,0.0,0.35637522456116,-1.4043585666013432,-3.2035838568572177,0.1835028429457244,0.4335186893987768,0.4521041413389789,-1.3936282509206566,-1.5594355985333717,-1.2600118503500013,2.8370375762268836,-3.102048880042472,-3.0474069858787205
/multi_agv/path_reference,1789710652.7186375,1789710652.71795,world,s_curve,1,2.643430802714896,0.09086139949205976,0.0,0.3554549307566887,-1.4043008346926793,-3.2049011467355655,0.18259683406200797,0.4323940473171671,0.45137391089089124,-1.3933428053492072,-1.5594793523518358,-1.260080346376995,2.835720286348536,-3.10336616992082,-3.0487242757570683
/multi_agv/path_reference,1789710652.7285318,1789710652.7279525,world,s_curve,1,2.6443397199143064,0.09086139949205976,0.0,0.35454787198472176,-1.404242742173133,-3.2061995998775803,0.18170414949134922,0.4312854317090726,0.4506540347537436,-1.393060273991465,-1.5595210308278953,-1.2601469217000385,2.834421833206521,-3.1046646230628347,-3.050022728899083
/multi_agv/path_reference,1789710652.7384734,1789710652.7379043,world,s_curve,1,2.6452439901429656,0.09086314780276755,0.00017567427215033632,0.35364552627476625,-1.4041837781979025,-3.207491414489951,0.18081639367266042,0.43018243126340433,0.44993775388823415,-1.3927780373625291,-1.5595610679630423,-1.2602122292681361,2.8331300185941504,-3.1059564376752054,-3.0513145435114537
/multi_agv/path_reference,1789710652.74852,1789710652.7478597,world,s_curve,1,2.646148392304916,0.09086314780276755,0.0,0.3527431258386637,-1.404123639951071,-3.208783417578451,0.17992887373423816,0.4290792190644463,0.44922128471730677,-1.392494612924357,-1.559599685922869,-1.260276621005987,2.8318380155056504,-3.1072484407637053,-3.0526065465999537
/multi_agv/path_reference,1789710652.7585423,1789710652.7578287,world,s_curve,1,2.647054203027383,0.09086314780276755,0.0,0.3518393986553113,-1.4040622385840107,-3.2100774328962616,0.17904033937239766,0.42797423964074577,0.4485036169527905,-1.3922095970666062,-1.5596369344317693,-1.2603401842536563,2.8305440001878397,-3.108542456081516,-3.0539005619177644
/multi_agv/path_reference,1789710652.7684288,1789710652.7678154,world,s_curve,1,2.6479617817649803,0.09086314780276755,0.0,0.3509339879745477,-1.4039995445073372,-3.211373973949972,0.17815044136285585,0.42686705604437297,0.4477844665164144,-1.391922871940554,-1.5596728215124267,-1.2604029400690309,2.8292474591341294,-3.1098389971352263,-3.0551971029714746
/multi_agv/path_reference,1789710652.77844,1789710652.77783,world,s_curve,1,2.6488716104821406,0.09086409417213984,9.451338932591594e-05,0.35002641503083975,-1.4039355169528085,-3.212673729260201,0.1772587110811465,0.42575708184990535,0.4470634521614675,-1.3916342783179743,-1.5597073568441693,-1.2604649156962822,2.8279477038239005,-3.1111387524454552,-3.0564968582817036
/multi_agv/path_reference,1789710652.788338,1789710652.787829,world,s_curve,1,2.649780163467419,0.09086409417213984,0.0,0.3491201984628505,-1.4038704021272375,-3.213971662096313,0.176368606215001,0.424648620163692,0.4463433690098585,-1.391344933040902,-1.559740404101254,-1.2605258692395567,2.8266497709877885,-3.1124366852815673,-3.0577947911178156
/multi_agv/path_reference,1789710652.7986262,1789710652.797816,world,s_curve,1,2.6506877609258828,0.09086409417213984,0.0,0.34821502010145816,-1.4038041815682123,-3.215268229894118,0.17547981317422698,0.42354128234876504,0.4456239647813826,-1.3910547389213115,-1.5597719802186067,-1.2605858255647187,2.8253532031899833,-3.1137332530793724,-3.059091358915621
/multi_agv/path_reference,1789710652.8086016,1789710652.8078136,world,s_curve,1,2.6515961638945416,0.09086409417213984,0.0,0.3473091251054197,-1.4037367272065233,-3.2165659484207736,0.17459060881083305,0.4224329216801989,0.4449038448252273,-1.3907631336798019,-1.5598021467849528,-1.2606449011548155,2.8240554846633277,-3.115030971606028,-3.0603890774422764
/multi_agv/path_reference,1789710652.818528,1789710652.8178082,world,s_curve,1,2.652504317072205,0.09086521185418205,0.000111829609859704,0.34640356746643897,-1.4036681164334535,-3.2178633101031497,0.17370202796558976,0.42132482758051176,0.4441838468532155,-1.390470455502947,-1.5598308673791237,-1.2607030264182895,2.8227581229809515,-3.116328333288404,-3.0616864391246525
/multi_agv/path_reference,1789710652.8287315,1789710652.8278155,world,s_curve,1,2.653413672396621,0.09086521185418205,0.0,0.34549690106592634,-1.4035982377845917,-3.21916238913803,0.17281265209096505,0.42021523026248864,0.4434628208443254,-1.390176235104158,-1.5598581855705618,-1.260760292679055,2.821459043946071,-3.1176274123232846,-3.062985518159533
/multi_agv/path_reference,1789710652.838731,1789710652.8378134,world,s_curve,1,2.6543221208862233,0.09086521185418205,0.0,0.34459123021556826,-1.4035272529169012,-3.2204601726946045,0.17192454551111813,0.41910670495639657,0.4427424401791902,-1.3898811548235266,-1.5598840373048803,-1.2608165666222968,2.8201612603894968,-3.118925195879859,-3.0642833017161073
/multi_agv/path_reference,1789710652.848598,1789710652.8478117,world,s_curve,1,2.6552306173526574,0.09086521185418205,0.0,0.343685604420807,-1.4034550889887698,-3.2217580247895103,0.17103677574997594,0.41799808848076253,0.4420219490316826,-1.389584906632722,-1.5599084517293607,-1.2608719086042268,2.818863408294591,-3.120223047974765,-3.065581153811013
/multi_agv/path_reference,1789710652.8587546,1789710652.857837,world,s_curve,1,2.6561415299779245,0.09086061286094357,-0.0004587348254926994,0.3427776649158549,-1.4033815529514808,-3.223059328539892,0.17014703174125273,0.4168864927655231,0.4412994702407889,-1.3892867138344158,-1.5599314863106115,-1.2609264587094153,2.8175621045442094,-3.1215243517251463,-3.0668824575613947
/multi_agv/path_reference,1789710652.8684764,1789710652.8678691,world,s_curve,1,2.657053012844398,0.09086061286094357,0.0,0.3418692536203075,-1.4033067878783099,-3.224361446920568,0.16925711993826437,0.4157741721556543,0.4405764687670039,-1.3889871752532261,-1.5599530869609366,-1.2609801014207667,2.816259986163533,-3.1228264701058226,-3.068184575942071
/multi_agv/path_reference,1789710652.878513,1789710652.8778672,world,s_curve,1,2.6579613520245267,0.09086061286094357,0.0,0.34096407304020604,-1.4032311038865737,-3.225659074320752,0.16837066619996754,0.41466566088086637,0.4398558920397843,-1.3886875171460236,-1.5599731721061982,-1.2610326224074992,2.814962358763349,-3.1241240975060065,-3.069482203342255
/multi_agv/path_reference,1789710652.8888063,1789710652.8878136,world,s_curve,1,2.6588650439568897,0.09086061286094357,0.0,0.34006362176138255,-1.4031546415586305,-3.2269500627955567,0.16748913434528098,0.4135627960372498,0.439138934901617,-1.3883882509004568,-1.559991727035139,-1.2610839467402954,2.8136713702885445,-3.125415085980811,-3.0707731918170595
/multi_agv/path_reference,1789710652.8987324,1789710652.8978775,world,s_curve,1,2.6597795714670256,0.09086256232627304,0.00019368844899544398,0.33915247499558354,-1.403076079376963,-3.228256530667179,0.16659742666904578,0.41244668399015794,0.43841331432754704,-1.3880842383617238,-1.5600090552866157,-1.2611349444825493,2.812364902416922,-3.1267215538524336,-3.072079659688682
/multi_agv/path_reference,1789710652.9088073,1789710652.9078698,world,s_curve,1,2.6606874926328428,0.09086256232627304,0.0,0.33824801245372965,-1.4029969071886998,-3.229553560904061,0.1657125541364177,0.41133861303950126,0.43769287018527014,-1.3877812697312977,-1.5600248158737844,-1.2611846359610177,2.81106787218004,-3.1280185840893155,-3.073376689925564
/multi_agv/path_reference,1789710652.9188185,1789710652.9179091,world,s_curve,1,2.6615997779275284,0.09086256232627304,0.0,0.3373393065985012,-1.4029161730147794,-3.2308568256107546,0.16482382480448576,0.4102251962387069,0.43696889875231104,-1.3874756891694229,-1.560039204717187,-1.2612336251577285,2.8097646074733467,-3.129321848796009,-3.0746799546322574
/multi_agv/path_reference,1789710652.92888,1789710652.9278398,world,s_curve,1,2.66250188189038,0.09086256232627304,0.0,0.33644084633095006,-1.4028351755331057,-3.2321455455576857,0.1639454062477073,0.4091241879177254,0.4362529448274176,-1.387172380428515,-1.5600520062344658,-1.2612811399363364,2.8084758875264155,-3.13061056874294,-3.0759686745791885
/multi_agv/path_reference,1789710652.9386015,1789710652.9378529,world,s_curve,1,2.663411798627286,0.09086404605151326,0.00014816441228766825,0.3355347113468261,-1.4027523037066865,-3.2334454266104085,0.16305977676039318,0.4080136284055791,0.43553072887450617,-1.3868652983436334,-1.5600634812561232,-1.2613281315203027,2.807176006473693,-3.131910449795663,-3.0772685556319113
/multi_agv/path_reference,1789710652.948769,1789710652.9478595,world,s_curve,1,2.6643211445562547,0.09086404605151326,0.0,0.3346292531772092,-1.4026683072583703,-3.234744492223221,0.1621751023791979,0.40690375159550707,0.43480890555692275,-1.386557259106969,-1.5600735069132212,-1.261374155754921,2.8058769408608804,-3.1332095154084754,-3.0785676212447237
/multi_agv/path_reference,1789710652.9587705,1789710652.9578664,world,s_curve,1,2.6652302719571925,0.09086404605151326,0.0,0.3337241224345866,-1.4025831553212882,-3.236043245653132,0.16129104135414096,0.4057941294125428,0.43408719653707617,-1.3862481454007387,-1.5600820889500508,-1.261419231613075,2.804578187430969,-3.1345082688383865,-3.079866374674635
/multi_agv/path_reference,1789710652.9683948,1789710652.9678557,world,s_curve,1,2.666138101637825,0.09086404605151326,0.0,0.33282039481857534,-1.4024969520205324,-3.2373401451968924,0.16040864361085871,0.4046860809496159,0.43336645989525147,-1.3859383275158093,-1.560089220729739,-1.261463307816049,2.803281287887209,-3.135805168382147,-3.081163274218395
/multi_agv/path_reference,1789710652.9784455,1789710652.9778697,world,s_curve,1,2.667047948353434,0.09085834212203193,-0.0005696009749365517,0.33191477228289623,-1.4024093806113356,-3.2386399262191916,0.15952468929383884,0.4035755623254435,0.4326440652294064,-1.3856266726347932,-1.560094925828638,-1.2615065433705754,2.8019815068649097,-3.137104949404446,-3.0824630552406944
/multi_agv/path_reference,1789710652.9883156,1789710652.987845,world,s_curve,1,2.6679541504683657,0.09085834212203193,0.0,0.33101289133387257,-1.4023209899400177,-3.2399345006690936,0.15864467925992604,0.40246948570650704,0.4319245090351848,-1.3853151242922188,-1.5600991732248586,-1.2615486723029758,2.8006869324150077,-3.138399523854348,-3.0837576296905964
/multi_agv/path_reference,1789710652.998409,1789710652.9978023,world,s_curve,1,2.6688590123318927,0.09085834212203193,0.0,0.3301124591617503,-1.4022315652277222,-3.241227160474132,0.15776637389163592,0.4013650403746585,0.43120596321895666,-1.3850029003906998,-1.5601019857329517,-1.2615898095595153,2.799394272609969,-3.1396921836593865,-3.085050289495635
/multi_agv/path_reference,1789710653.008569,1789710653.0078328,world,s_curve,1,2.669770385831083,0.09085834212203193,0.0,0.3292056648189067,-1.4021403207499854,-3.2425291226158324,0.15688215668419583,0.40025264438878205,0.4304821933837423,-1.384687282500264,-1.56010337558876,-1.261630304160932,2.798092310468269,-3.140994145801087,-3.086352251637335
/multi_agv/path_reference,1789710653.0186193,1789710653.0178797,world,s_curve,1,2.670683119736363,0.09086082785307668,0.0002474495351157563,0.32829763673508233,-1.402047756934653,-3.2438330281948042,0.1559970321974547,0.39913858705889116,0.42975729094890125,-1.3843700400015182,-1.5601033160182225,-1.2616699147842185,2.796788404889297,3.1408872557995275,-3.087656157216307
/multi_agv/path_reference,1789710653.0285213,1789710653.0278838,world,s_curve,1,2.671592206578874,0.09086082785307668,0.0,0.32739335764532873,-1.4019543861898482,-3.2451317236841053,0.1551158563744284,0.3980289822446791,0.42903523431687884,-1.3840529182094023,-1.560101812781177,-1.2617084275789656,2.795489709399996,3.1395885603102265,-3.088954852705608
/multi_agv/path_reference,1789710653.0384157,1789710653.0378196,world,s_curve,1,2.6724948786469387,0.09086082785307668,0.0,0.32649558011483404,-1.40186051259064,-3.246421255209912,0.15424130658423613,0.39692720994870656,0.4283182238115596,-1.3837369022867865,-1.5600988945304979,-1.2617457409546355,2.794200177874189,3.1382990287844197,-3.090244384231415
/multi_agv/path_reference,1789710653.0484605,1789710653.0478673,world,s_curve,1,2.673407754022528,0.09086082785307668,0.0,0.32558777849099657,-1.401764400454817,-3.2477253628893257,0.15335728656920378,0.3958129886028792,0.42759306030090677,-1.3834161675050953,-1.5600944982402412,-1.2617825356191148,2.7928960701947756,3.136994921105006,-3.0915484919108285
/multi_agv/path_reference,1789710653.058478,1789710653.0578585,world,s_curve,1,2.674315571897041,0.09086271887498196,0.00018927077400571958,0.32468513129982474,-1.4016676470353489,-3.249022245567201,0.1524785797144587,0.39470494685201585,0.42687186733299975,-1.3830960668366514,-1.5600886855057399,-1.261818188763655,2.7915991875169004,3.135698038427131,-3.0928453745887037
/multi_agv/path_reference,1789710653.0689058,1789710653.0679479,world,s_curve,1,2.6752324467856456,0.09086271887498196,0.0,0.32377360685311624,-1.401568739893811,-3.2503320668366364,0.15159152843303916,0.3935858591548249,0.4261434329714847,-1.3827716158866015,-1.560081355885607,-1.2618532479092246,2.790289366247465,3.1343882171576953,-3.0941551958581393
/multi_agv/path_reference,1789710653.0785153,1789710653.0778704,world,s_curve,1,2.6761338482984023,0.09086271887498196,0.0,0.3228775924655093,-1.4014703387186194,-3.2516197832834317,0.15071986216179553,0.39248566763918624,0.4254272475955462,-1.3824515086632834,-1.5600727216471735,-1.2618867858454013,2.7890016498006696,3.1331005007109,-3.0954429123049345
/multi_agv/path_reference,1789710653.088481,1789710653.0878546,world,s_curve,1,2.6770411478919667,0.09086271887498196,0.0,0.321975844072756,-1.4013701275782136,-3.252915925559952,0.14984290948298956,0.39137828958007587,0.4247063331552026,-1.3821281726485506,-1.560062599225748,-1.261919610860342,2.7877055075241493,3.1318043584343798,-3.096739054581455
/multi_agv/path_reference,1789710653.0984185,1789710653.0978584,world,s_curve,1,2.677950141826525,0.0908612408208136,-0.00014774337939133764,0.32107254269926594,-1.4012685574843708,-3.2542144883236066,0.14896474011952135,0.3902688576144895,0.42398403036378707,-1.381803093421789,-1.5600510187392373,-1.2619515602920859,2.7864069447604947,3.130505795670725,-3.0980376173451094
/multi_agv/path_reference,1789710653.1084805,1789710653.1078374,world,s_curve,1,2.6788567540153774,0.0908612408208136,0.0,0.32017174028781487,-1.4011660852475725,-3.255509648593396,0.14808929294695558,0.38916234848884623,0.4232635794276429,-1.3814777303853607,-1.5600380336212605,-1.2619824917360964,2.7851117844907054,3.129210635400936,-3.0993327776148987
/multi_agv/path_reference,1789710653.1185586,1789710653.1178193,world,s_curve,1,2.6797636301561347,0.0908612408208136,0.0,0.31927080913241673,-1.4010624162062604,-3.2568051859373353,0.14721401319642005,0.3880555349515051,0.42254287924932515,-1.3811511386922786,-1.5600236111375794,-1.262012498788923,2.783816247146766,3.1279150980569965,-3.100628314958838
/multi_agv/path_reference,1789710653.1285622,1789710653.1278272,world,s_curve,1,2.680673250851532,0.0908612408208136,0.0,0.31836728707951645,-1.4009572611299907,-3.258104644073617,0.146336510274604,0.38694539146399004,0.4218199594999554,-1.3808224198865542,-1.5600077046975338,-1.262041658805884,2.7825167890104843,3.126615639920715,-3.10192777309512
/multi_agv/path_reference,1789710653.1384346,1789710653.1378057,world,s_curve,1,2.6815799113192336,0.09086302873012635,0.00017917937424073537,0.31746684213012705,-1.4008512800982618,-3.259399873313191,0.1454622888540465,0.385838882263175,0.4210993552731598,-1.3804936365141935,-1.5599904145939756,-1.2620697891866164,2.7812215597709105,3.125320410681141,-3.1032230023346936
/multi_agv/path_reference,1789710653.1489203,1789710653.1478672,world,s_curve,1,2.6824939356902355,0.09086302873012635,0.0,0.31655922348169685,-1.400743257792965,-3.260705622414622,0.1445813988050822,0.3847234096054258,0.42037286203458274,-1.3801610368365285,-1.5599715333287179,-1.2620972032136486,2.7799158106694795,3.12401466157971,-3.1045287514361246
/multi_agv/path_reference,1789710653.1585064,1789710653.1578026,world,s_curve,1,2.6833969122073,0.09086302873012635,0.0,0.3156627144745498,-1.4006353778813807,-3.2619955888675713,0.14371158325181957,0.38362144480838767,0.41965511536344224,-1.3798313284865296,-1.559951450427162,-1.2621233547304502,2.77862584421653,3.1227246951267604,-3.105818717889074
/multi_agv/path_reference,1789710653.168468,1789710653.1678405,world,s_curve,1,2.6843089589444817,0.09086302873012635,0.0,0.3147573422660027,-1.4005252402597699,-3.2632985127778307,0.14283346308201084,0.38250843825463654,0.4189301254613609,-1.3794971693466274,-1.559929722606845,-1.2621488288258376,2.7773229203062706,3.121421771216501,-3.1071216417993335
/multi_agv/path_reference,1789710653.1783414,1789710653.1778495,world,s_curve,1,2.685218115852244,0.09086108326518844,-0.00019442964157649376,0.3138549822987328,-1.4004142778541784,-3.2645973083603486,0.14195855927926707,0.3813989873644308,0.4182074002525007,-1.3791629307648083,-1.559906620553397,-1.26217328224433,2.7760241247237527,3.120122975633983,-3.1084204373818514
/multi_agv/path_reference,1789710653.1884012,1789710653.1878607,world,s_curve,1,2.686127903154202,0.09086108326518844,0.0,0.31295214173504843,-1.4003020649563573,-3.2658970045060025,0.14108348418627265,0.38028879822804,0.41748414279083274,-1.378827322760428,-1.55988205960589,-1.2621968125027538,2.7747244285780988,3.1188232794883293,-3.1097201335275053
/multi_agv/path_reference,1789710653.198421,1789710653.1978626,world,s_curve,1,2.6870366425552867,0.09086108326518844,0.0,0.3120504874578285,-1.4001888097290267,-3.2671952036504095,0.14020985322007726,0.37917992065455863,0.41676168849884965,-1.3784909659475033,-1.559856086272111,-1.262219376967466,2.7734262294336918,3.1175250803439223,-3.1110183326719123
/multi_agv/path_reference,1789710653.2083485,1789710653.2078168,world,s_curve,1,2.6879411614590536,0.09086108326518844,0.0,0.3111531675351852,-1.4000749181666055,-3.2684873735129334,0.13934071405083517,0.3780762275034512,0.4160425610512693,-1.3781550452726297,-1.5598288040175727,-1.262240905209614,2.772134059571168,3.1162329104813984,-3.112310502534436
/multi_agv/path_reference,1789710653.218387,1789710653.2178597,world,s_curve,1,2.688853776870709,0.09086291646474286,0.00018251922534860254,0.31024796541597977,-1.3999588324546877,-3.2697911098152983,0.13846423567479715,0.37696269162731744,0.4153169689458248,-1.377814980120274,-1.5597998325345992,-1.26226168470919,2.770830323268803,3.1149291741790335,-3.113614238836801
/multi_agv/path_reference,1789710653.2284257,1789710653.2278621,world,s_curve,1,2.6897624821784802,0.09086291646474286,0.0,0.30934679277833216,-1.3998420716100375,-3.2710892602549717,0.1375919538252032,0.37585396516977815,0.4145944593400152,-1.377475236872312,-1.559769542735215,-1.2622814352225855,2.7695321728291296,3.11363102373936,-3.1149123892764745
/multi_agv/path_reference,1789710653.238409,1789710653.2378585,world,s_curve,1,2.6906708536558965,0.09086291646474286,0.0,0.30844610344130324,-1.3997241846283286,-3.2723869337941376,0.1367204339434505,0.37474568624594207,0.41387219013451726,-1.3771344870758109,-1.5597378256716186,-1.2623002411375566,2.7682344992899637,3.112333350200194,-3.1162100628156404
/multi_agv/path_reference,1789710653.2483723,1789710653.247853,world,s_curve,1,2.691578935825787,0.09086291646474286,0.0,0.307545854616233,-1.3996051671433618,-3.2736841940368384,0.13584963432387268,0.3736378023570283,0.41315012716779814,-1.376792715777556,-1.5597046813332183,-1.2623181043193115,2.766937239047263,3.1110360899574934,-3.117507323058341
/multi_agv/path_reference,1789710653.2583482,1789710653.2578006,world,s_curve,1,2.6924829676189326,0.09086430658406205,0.00013972100203294726,0.30664977531545556,-1.399485520774001,-3.2749756680270465,0.1349831598889752,0.3725349036377673,0.41243126241962436,-1.3764513472916098,-1.559670257456222,-1.262334957574171,2.7656457650570547,3.1097446159672852,-3.1187987970485493
/multi_agv/path_reference,1789710653.2684662,1789710653.267864,world,s_curve,1,2.693397204109758,0.09086430658406205,0.0,0.3057437390242538,-1.3993633468025564,-3.276281720156797,0.1341073538326008,0.3714196015970445,0.4117042616431162,-1.3761049874807443,-1.5596339962531651,-1.2623510566737597,2.7643397129273044,3.108438563837535,-3.1201048491782997
/multi_agv/path_reference,1789710653.2784274,1789710653.2778656,world,s_curve,1,2.694306025996554,0.09086430658406205,0.0,0.3048432276536592,-1.3992407239021005,-3.277580037137934,0.1332371838338245,0.37031095282665316,0.4109815463005,-1.3757595458118732,-1.5595965063381365,-1.2623661195562919,2.7630413959461673,3.107140246856398,-3.121403166159437
/multi_agv/path_reference,1789710653.2884467,1789710653.287857,world,s_curve,1,2.695213701175801,0.09086430658406205,0.0,0.30394401214351774,-1.39911708903168,-3.2788767159654295,0.132368560128745,0.36920375238890585,0.4102597239129025,-1.375413412820459,-1.5595576272478817,-1.2623802270266993,2.7617447171186718,3.1058435680289023,-3.1226998449869323
/multi_agv/path_reference,1789710653.2985072,1789710653.2978797,world,s_curve,1,2.696124652567512,0.09085881539231684,-0.0005476946208125951,0.30304171297833415,-1.3989918351410735,-3.2801780750964458,0.1314972532348773,0.3680926072634234,0.4095352784367019,-1.375064897783244,-1.5595171638362988,-1.2623934438036777,2.7604433579876555,3.104542208897886,-3.1240012041179486
/multi_agv/path_reference,1789710653.3083704,1789710653.3078039,world,s_curve,1,2.6970263629816866,0.09085881539231684,0.0,0.3021487283683983,-1.3988666950443902,-3.2814662328309807,0.13063523261199853,0.3669927867958227,0.4088181656973737,-1.3747188012766216,-1.5594756863451913,-1.262405597511358,2.7591552002531206,3.103254051163351,-3.1252893618524835
/multi_agv/path_reference,1789710653.318384,1789710653.3178318,world,s_curve,1,2.6979375035414517,0.09085881539231684,0.0,0.3012465692949794,-1.398739078405665,-3.2827678622020735,0.1297646504298903,0.3658815194704369,0.4080935379846111,-1.3743679581534691,-1.5594323365586322,-1.262416940504894,2.7578535708820278,3.1019524217922583,-3.1265909912235763
/multi_agv/path_reference,1789710653.3286552,1789710653.32796,world,s_curve,1,2.698857713719028,0.09085881539231684,0.0,0.30033559934797927,-1.3986089999588234,-3.28408244817004,0.12888586657840992,0.3647592486329727,0.40736168283255525,-1.3740124731055612,-1.559387087435955,-1.262427439334954,2.7565389849140614,3.100637835824292,-3.1279055771915427
/multi_agv/path_reference,1789710653.3384655,1789710653.3378491,world,s_curve,1,2.699756123228162,0.09086114898026522,0.0002360087243961605,0.29944637694026244,-1.3984808475400083,-3.285365890325946,0.1280283535894968,0.36366362384661655,0.40664715338467405,-1.3736642951904905,-1.5593414866030444,-1.26243676082649,2.7552555427581553,3.099354393668386,-3.1291890193474488
/multi_agv/path_reference,1789710653.3483288,1789710653.3478463,world,s_curve,1,2.70066452401096,0.09086114898026522,0.0,0.29854743336142076,-1.3983501099955578,-3.286663605729943,0.12716175916342362,0.3625558749241477,0.405924665996691,-1.3733111267953964,-1.5592939492958273,-1.2624452538954498,2.7539578273541583,3.098056678264389,-3.130486734751446
/multi_agv/path_reference,1789710653.3584483,1789710653.3578315,world,s_curve,1,2.7015718885223543,0.09086114898026522,0.0,0.29764968537466735,-1.3982183572317894,-3.28795984074622,0.12629661155762292,0.3614494521813697,0.40520299238500956,-1.3729572390172189,-1.5592450312811854,-1.262452801396964,2.752661592337881,3.0967604432481117,-3.131782969767723
/multi_agv/path_reference,1789710653.3685062,1789710653.367861,world,s_curve,1,2.7024830026916447,0.09086114898026522,0.0,0.2967484000723631,-1.3980848892071145,-3.289261432416635,0.12542835105519115,0.36033852191769866,0.4044783272441995,-1.3726007607198816,-1.5591944680771972,-1.2624594388242647,2.751360000667466,3.0954588515776966,-3.133084561438138
/multi_agv/path_reference,1789710653.378292,1789710653.3778543,world,s_curve,1,2.703391095698455,0.09086296434774192,0.0001816440266325369,0.29585027693475696,-1.3979506967296569,-3.2905587081406495,0.12456343200886319,0.3592313417844678,0.40375605701094,-1.3722443404080618,-1.5591426339303642,-1.2624651158505449,2.7500627249434517,3.0941615758536822,-3.1343818371621524
/multi_agv/path_reference,1789710653.3885143,1789710653.3879733,world,s_curve,1,2.704310611179376,0.09086296434774192,0.0,0.2949410349450932,-1.397813628861869,-3.2918723016848226,0.12368810549329867,0.3581103044847254,0.4030246948572556,-1.3718822934898007,-1.5590886839256615,-1.2624699091701448,2.7487491313992787,3.092847982309509,-3.1356954307063254
/multi_agv/path_reference,1789710653.3983574,1789710653.39786,world,s_curve,1,2.705208787765709,0.09086296434774192,0.0,0.29405306787136154,-1.3976785898136022,-3.2931554110938697,0.12283355212364466,0.357015351927198,0.40231029956324205,-1.3715275396030022,-1.5590345651800948,-1.2624736646577097,2.7474660219902316,3.091564872900462,-3.1369785401153725
/multi_agv/path_reference,1789710653.4087896,1789710653.4079623,world,s_curve,1,2.7061268929625606,0.09086296434774192,0.0,0.29314557870510677,-1.3975393761482726,-3.294466989946515,0.12196050938121736,0.3558961775814974,0.4015800491526057,-1.3711637805990688,-1.558977792705963,-1.2624765551397858,2.7461544431375864,3.090253294047817,-3.1382901189680177
/multi_agv/path_reference,1789710653.4183767,1789710653.417861,world,s_curve,1,2.70702626255318,0.09085801400733166,-0.0005001037426967499,0.2922567863695709,-1.3974018489414481,-3.2957518036474,0.12110574605442465,0.35479991522093424,0.400864697833354,-1.370806334300006,-1.5589207550592206,-1.262478457465118,2.7448696294367014,3.088968480346932,-3.1395749326689026
/multi_agv/path_reference,1789710653.4283278,1789710653.4278643,world,s_curve,1,2.7079349863397737,0.09085801400733166,0.0,0.29135893000718655,-1.397261732008644,-3.297049980485391,0.12024255958069113,0.3536923261138181,0.4001419043270505,-1.3704440555234898,-1.5588616940439546,-1.2624794464584879,2.7435714525987103,3.087670303508941,-3.140873109506894
/multi_agv/path_reference,1789710653.4383829,1789710653.437869,world,s_curve,1,2.7088439326376434,0.09085801400733166,0.0,0.29046103650161736,-1.3971204149662513,-3.2983484751966334,0.11937963293507325,0.3525845434213721,0.3994189331484069,-1.3700805674500158,-1.5588011803280937,-1.2624794971206441,2.742272957887468,3.0863718087976983,3.1410137029614504
/multi_agv/path_reference,1789710653.4483547,1789710653.4478488,world,s_curve,1,2.709750763488373,0.09085801400733166,0.0,0.2895654163212765,-1.396978265162939,-3.299643947840533,0.1185191856862958,0.35147941816168504,0.3986976451158488,-1.3697168091202958,-1.558739374135726,-1.2624786122327953,2.7409774852435684,3.085076336153799,3.139718230317551
/multi_agv/path_reference,1789710653.4583833,1789710653.4578602,world,s_curve,1,2.7106604211714282,0.09086056993764484,0.00025529744793228656,0.2886671900083244,-1.3968345067833914,-3.300943458816326,0.11765653035004178,0.3503709292933601,0.3979741103815715,-1.36935079736783,-1.5586759370731795,-1.2624767859091648,2.7396779742677753,3.0837768251780058,3.138418719341758
/multi_agv/path_reference,1789710653.4687934,1789710653.4678743,world,s_curve,1,2.7115703725158453,0.09086056993764484,0.0,0.28776886137984603,-1.39668953435485,-3.3022433893083503,0.11679407311193951,0.34926216597994975,0.397250345047649,-1.3689835462521938,-1.5586110384528509,-1.2624740183595053,2.738378043775751,3.0824768946859815,3.1371187888497336
/multi_agv/path_reference,1789710653.4786568,1789710653.4778557,world,s_curve,1,2.712477285210222,0.09086056993764484,0.0,0.28687372083097273,-1.396543884379025,-3.3035389788717455,0.11593497163709687,0.3481571900691094,0.39652900078671205,-1.3686164064400275,-1.558544922641557,-1.2624703240554906,2.7370824542123557,3.0811813051225863,3.1358231992863383
/multi_agv/path_reference,1789710653.4888072,1789710653.4879444,world,s_curve,1,2.713394015661762,0.09086056993764484,0.0,0.2859690825468553,-1.3963954789434854,-3.304848593802517,0.11506705417236948,0.3470403403137643,0.39579985315443234,-1.3682441610793707,-1.5584766360061364,-1.2624656397449492,2.735772839281584,3.0798716901918146,3.1345135843555667
/multi_agv/path_reference,1789710653.498653,1789710653.497854,world,s_curve,1,2.7142944368354502,0.09086250584784658,0.00019535485966663268,0.2850807282510823,-1.3962485612047588,-3.306134909764929,0.11421505274411875,0.3459434479714377,0.3950836840376907,-1.3678774326838659,-1.5584081410890243,-1.2624601098413863,2.7344865233191724,3.078585374229403,3.133227268393155
/multi_agv/path_reference,1789710653.5083222,1789710653.5078316,world,s_curve,1,2.7152010333884857,0.09086250584784658,0.0,0.2841864731003401,-1.3960994809584066,-3.3074300476978364,0.11335768541135782,0.34483912281130047,0.3943626110783621,-1.3675070816762094,-1.5583377504358624,-1.262453610763148,2.733191385386265,3.0772902362964953,3.1319321304602474
/multi_agv/path_reference,1789710653.5183501,1789710653.5178547,world,s_curve,1,2.716111679592544,0.09086250584784658,0.0,0.2832884186215428,-1.3959485685855908,-3.3087309708464914,0.11249697199155886,0.3437299575473787,0.39363832632569096,-1.3671339584366171,-1.558265605190738,-1.2624461421294173,2.73189046223761,3.0759893131478404,3.1306312073115925
/multi_agv/path_reference,1789710653.5284586,1789710653.5278747,world,s_curve,1,2.717022146706604,0.09086250584784658,0.0,0.2823907377771983,-1.3957965181034082,-3.310031638152291,0.1116369138249485,0.34262110517433475,0.3929141943323118,-1.3667597895396724,-1.5581920317212603,-1.2624377330492922,2.7305897949318103,3.074688645842041,3.129330540005793
/multi_agv/path_reference,1789710653.538346,1789710653.5378497,world,s_curve,1,2.717928540098814,0.0908630076005229,5.029908385722482e-05,0.28149727064859503,-1.395643988255052,-3.311326485855448,0.1107811879726478,0.3415173101546493,0.39219331381848815,-1.3663861838982803,-1.5581173548653726,-1.262428426001503,2.729294947228653,3.0733937981388837,3.128035692302636
/multi_agv/path_reference,1789710653.548311,1789710653.5478504,world,s_curve,1,2.7188372380494856,0.0908630076005229,0.0,0.2806017308092641,-1.3954899095637465,-3.3126246257849794,0.10992377268929335,0.3404108066379773,0.3914706131005218,-1.3660105165578262,-1.5580410536646578,-1.2624181584687553,2.727996807299122,3.0720956582093524,3.1267375523731045
/multi_agv/path_reference,1789710653.55829,1789710653.5578318,world,s_curve,1,2.719744181072029,0.0908630076005229,0.0,0.2797081206603054,-1.3953349694789297,-3.313920258674327,0.10906850025628695,0.3393065397397617,0.3907493219848677,-1.3656344653018544,-1.5579634677294807,-1.2624069754054539,2.7267011744097744,3.070800025320005,3.125441919483757
/multi_agv/path_reference,1789710653.568409,1789710653.5678554,world,s_curve,1,2.720654925439358,0.0908630076005229,0.0,0.27881096780194287,-1.3951782151123706,-3.315221322056226,0.10821013405187802,0.3381977465140882,0.3900250228398625,-1.3652557231743196,-1.557884117015758,-1.2623948051470344,2.7254001110278754,3.069498961938106,3.124140856101858
/multi_agv/path_reference,1789710653.578355,1789710653.577844,world,s_curve,1,2.7215625499345393,0.09086438118092989,0.00013751230199891435,0.27791709189210034,-1.3950208367023447,-3.316517928477913,0.1073551992323995,0.3370928552259343,0.3893032212179674,-1.3648771678423555,-1.557803603093195,-1.2623817391714838,2.7241035046061883,3.068202355516419,3.122844249680171
/multi_agv/path_reference,1789710653.5885155,1789710653.5879369,world,s_curve,1,2.722479471218881,0.09086438118092989,0.0,0.27701426801750556,-1.3948606693825423,-3.317827816026973,0.10649200648852258,0.33597675352637896,0.38857404403761525,-1.364493609547235,-1.5577208096950692,-1.2623675889053227,2.7227936170571283,3.066892467967359,3.121534362131111
/multi_agv/path_reference,1789710653.5982766,1789710653.597813,world,s_curve,1,2.7233770322112534,0.09086438118092989,0.0,0.27613071060273414,-1.3947027392787155,-3.319110046016076,0.10564752679686107,0.3348843235423813,0.38786028146896023,-1.3641170557092268,-1.5576383491573975,-1.2623528129695218,2.721511387068025,3.0656102379782557,3.120252132142008
/multi_agv/path_reference,1789710653.6084146,1789710653.6078994,world,s_curve,1,2.724293508441856,0.09086438118092989,0.0,0.2752287428878694,-1.394540311443815,-3.32041929777408,0.10478574954655479,0.3337689817988292,0.3871314973182244,-1.3637314487440566,-1.5575527049243347,-1.2623367806630537,2.7202021353100214,3.064300986220252,3.118942880384004
/multi_agv/path_reference,1789710653.6182904,1789710653.6178045,world,s_curve,1,2.7251935317454454,0.09086162693721853,-0.0002780539832669759,0.2743431753422566,-1.3943796504447983,-3.3217050453506363,0.10393993529420817,0.33267377313329954,0.3864158175992622,-1.3633516666055738,-1.5574671771331983,-1.2623201075956225,2.718916387733465,3.0630152386436955,3.1176571328074476
/multi_agv/path_reference,1789710653.628388,1789710653.6278565,world,s_curve,1,2.726106774688861,0.09086162693721853,0.0,0.2734448124129221,-1.3942154657883268,-3.3230096781269443,0.10308219749690781,0.3315625912903218,0.3856896484515368,-1.362965194765857,-1.5573789536719758,-1.2623022489271476,2.717611754957157,3.0617106058673875,3.1163525000311396
/multi_agv/path_reference,1789710653.63843,1789710653.6378105,world,s_curve,1,2.727011214776136,0.09086162693721853,0.0,0.2725553208225173,-1.3940517084481823,-3.3243017353944797,0.10223322523773129,0.3304622346770057,0.3849705025528151,-1.3625813453170235,-1.5572901516159878,-1.2622836284115357,2.7163196976896216,3.060418548599852,3.115060442763604
/multi_agv/path_reference,1789710653.6483889,1789710653.6478598,world,s_curve,1,2.727924279176455,0.09086162693721853,0.0,0.27165756277619674,-1.3938852243085766,-3.325606113109221,0.10137666131320389,0.3293515028421663,0.3842445241732202,-1.3621927236664608,-1.5571990610759012,-1.2622638881833679,2.71501531997488,3.0591141708851106,3.1137560650488627
/multi_agv/path_reference,1789710653.658483,1789710653.6578176,world,s_curve,1,2.7288290667384816,0.09086331701926374,0.00016972653814905614,0.2707681577956239,-1.3937190942503421,-3.3268986667692593,0.10052836282262781,0.32825095782844244,0.3835251527358016,-1.3618065229413385,-1.557107367086513,-1.262243392723175,2.713722766314842,3.0578216172250725,3.1124635113888246
/multi_agv/path_reference,1789710653.6685002,1789710653.6678672,world,s_curve,1,2.729742158480777,0.09086331701926374,0.0,0.26987080824409904,-1.3935502742543011,-3.3282030835439667,0.09967278538438842,0.32714043302990387,0.38279920631800496,-1.3614156665136516,-1.5570133895950198,-1.262221766654232,2.7124183495401346,3.056517200450365,3.111159094614117
/multi_agv/path_reference,1789710653.6783233,1789710653.6778514,world,s_curve,1,2.7306494285194876,0.09086331701926374,0.0,0.26897939887845196,-1.3933813714779033,-3.3294991835992676,0.0988231686296619,0.32603711106783284,0.3820779169378612,-1.361026197123239,-1.556918576662882,-1.262199340647589,2.7111222494848337,3.0552211003950642,3.1098629945588163
/multi_agv/path_reference,1789710653.688421,1789710653.687847,world,s_curve,1,2.7315576558032433,0.09086331701926374,0.0,0.26808726899614826,-1.3932111335452975,-3.33079665114749,0.09797316174667611,0.3249327490023089,0.3813558962394599,-1.3606352142994025,-1.5568222315883984,-1.2621759547480915,2.7098247819366112,3.0539236328468418,3.108565527010594
/multi_agv/path_reference,1789710653.6984396,1789710653.6978407,world,s_curve,1,2.732465814243925,0.09086462019629955,0.00013038769569612287,0.2671954283220925,-1.393039751376977,-3.3320940203484644,0.09712372722027982,0.32382859654805346,0.3806339611979443,-1.3602431588049477,-1.5567244612819955,-1.262151634043988,2.708527412735637,3.0526262636458674,3.1072681578096195
/multi_agv/path_reference,1789710653.708436,1789710653.7078943,world,s_curve,1,2.733379357958052,0.09086462019629955,0.0,0.26629852425082956,-1.3928661855844582,-3.3333990827972166,0.09626976957029909,0.3227180255406381,0.3799077776415516,-1.359847666814108,-1.556624665896805,-1.2621262240424618,2.7072223502868846,3.051321201197115,3.1059630953608672
/multi_agv/path_reference,1789710653.7182963,1789710653.7178488,world,s_curve,1,2.7342837630538672,0.09086462019629955,0.0,0.2654108161275479,-1.3926932036476143,-3.334691090076953,0.09542486351478521,0.3216186932374928,0.37918889163036584,-1.3594550341081888,-1.5565244416664774,-1.2621001351681767,2.7059303430071484,3.050029193917379,3.104671088081131
/multi_agv/path_reference,1789710653.7283971,1789710653.7278547,world,s_curve,1,2.7351928531295,0.09086462019629955,0.0,0.26451873564060724,-1.392518169211522,-3.3359897901849997,0.09457609278108348,0.32051379776313177,0.3784663163776066,-1.3590592669892383,-1.5564222662252778,-1.2620729744200503,2.7046316428991015,3.048730493809332,3.103372387973084
/multi_agv/path_reference,1789710653.7384045,1789710653.7378635,world,s_curve,1,2.7361023044858728,0.0908604355392647,-0.00041807597306266035,0.2636265288718151,-1.3923419059596884,-3.3372890064083895,0.093727499777055,0.31940859693354284,0.3777434899048475,-1.3586622397995576,-1.5563186143141277,-1.26204486376538,2.7033324266757117,3.0474312775859422,3.1020731717496943
/multi_agv/path_reference,1789710653.7484663,1789710653.747925,world,s_curve,1,2.737016633230425,0.0908604355392647,0.0,0.2627297687612571,-1.3921635292885215,-3.3385951903291784,0.09287487642612602,0.31829760555870734,0.377016824298938,-1.358261972542245,-1.5562129593809542,-1.2620156559423656,2.702026242754923,3.0461250936651534,3.1007669878289055
/multi_agv/path_reference,1789710653.7584424,1789710653.7578905,world,s_curve,1,2.737922104445419,0.0908604355392647,0.0,0.2618419264037752,-1.3919857261583557,-3.339888720636313,0.09203102884986258,0.31719751386209005,0.37629723649937297,-1.3578644853846882,-1.5561068976663146,-1.2619857954240643,2.7007327124477882,3.0448315633580187,3.099473457521771
/multi_agv/path_reference,1789710653.7687013,1789710653.767928,world,s_curve,1,2.7388338813746396,0.0908604355392647,0.0,0.2609481342057184,-1.3918055247287504,-3.341191259106628,0.09118182491911406,0.31608990062648223,0.37557267707155895,-1.3574631277360392,-1.5559986597740314,-1.2619547866761807,2.6994301739774733,3.043529024887704,3.098170919051456
/multi_agv/path_reference,1789710653.77869,1789710653.7778668,world,s_curve,1,2.73973695879767,0.09086240275439851,0.00019792975578170944,0.260063102032677,-1.3916258951967535,-3.3424813697109568,0.09034123950258208,0.31499299531895303,0.37485507127649603,-1.3570645095284162,-1.5558900325595946,-1.2619231435022498,2.6981400633731445,3.0422389142833755,3.096880808447127
/multi_agv/path_reference,1789710653.7885807,1789710653.7878163,world,s_curve,1,2.7406411354740485,0.09086240275439851,0.0,0.2591772254291329,-1.3914449035147323,-3.343773050677212,0.08950014675598794,0.31389489609113824,0.37413663344027265,-1.3566643202397588,-1.5557798557230935,-1.2618905345813447,2.6968483824068894,3.04094723331712,3.095589127480872
/multi_agv/path_reference,1789710653.7987542,1789710653.7979603,world,s_curve,1,2.7415629184673467,0.09086240275439851,0.0,0.25827434031993707,-1.3912592095709786,-3.3450898835247806,0.08864320896221126,0.31277556193986533,0.3734042500577347,-1.356255220165513,-1.5556660733021972,-1.2618563352452257,2.6955315495593206,3.039630400469551,3.094272294633303
/multi_agv/path_reference,1789710653.8084238,1789710653.8078706,world,s_curve,1,2.74246324375906,0.09086240275439851,0.0,0.2573927097088491,-1.3910766911270445,-3.3463760625129426,0.08780674004105773,0.3116824296539464,0.3726889594315433,-1.355854554737624,-1.5555535171794792,-1.26182200146403,2.6942453705711586,3.038344221481389,3.0929861156451413
/multi_agv/path_reference,1789710653.8184464,1789710653.817868,world,s_curve,1,2.743371692249392,0.09086388501711896,0.0001482573319564046,0.2565033632636797,-1.3908913766844826,-3.3476738460705597,0.08696324710442743,0.3105795822297242,0.3719672604568875,-1.3554491841351037,-1.5554385205136492,-1.2617864254046949,2.6929475870135415,3.037046437923772,3.091688332087524
/multi_agv/path_reference,1789710653.8284488,1789710653.827874,world,s_curve,1,2.7442808140411117,0.09086388501711896,0.0,0.2556135991793284,-1.390704769639026,-3.348972591487302,0.0861196563772674,0.30947606775031905,0.37124507341039886,-1.3550424175936033,-1.5553220059159087,-1.2617498854075657,2.691648841596799,3.0357476925070297,3.090389586670782
/multi_agv/path_reference,1789710653.838419,1789710653.8378732,world,s_curve,1,2.745189400462821,0.09086388501711896,0.0,0.2547246020550318,-1.390517117614477,-3.350270572089744,0.08527709105891443,0.30837335533401555,0.37052335977216544,-1.3546347958219749,-1.5552041276414088,-1.2617124293800477,2.690350860994357,3.0344497119045877,3.0890916060683398
/multi_agv/path_reference,1789710653.8484113,1789710653.8478684,world,s_curve,1,2.746097653777528,0.09086388501711896,0.0,0.2538361750931411,-1.3903283810248979,-3.3515680768250395,0.08443536420039252,0.30727120109740064,0.3698019599816303,-1.3542262305504562,-1.5550848619169226,-1.2616740506073145,2.6890533562590617,3.0331522071692922,3.0877941013330443
/multi_agv/path_reference,1789710653.8583484,1789710653.8578057,world,s_curve,1,2.7470006968754155,0.09086308139408651,-8.085955717808506e-05,0.25295308814497103,-1.3901395844054905,-3.3528581383934504,0.0835989921995478,0.30617552373918905,0.3690847484961763,-1.353818926557533,-1.554964862653153,-1.2616349640057853,2.687763294690651,3.0318621456008814,3.0865040397646335
/multi_agv/path_reference,1789710653.8685937,1789710653.8679166,world,s_curve,1,2.747919389957853,0.09086308139408651,0.0,0.2520549476471244,-1.3899463474985951,-3.354170557082647,0.08274866544953255,0.30506101769152355,0.36835515980031713,-1.3534034575139566,-1.5548413338943259,-1.2615942510875027,2.6864508760014543,3.030549726911685,3.085191621075437
/multi_agv/path_reference,1789710653.8785038,1789710653.8779485,world,s_curve,1,2.7488308096323513,0.09086308139408651,0.0,0.2511641692382302,-1.3897534757033252,-3.355472585189073,0.08190561040756378,0.30395549650641107,0.3676314008007159,-1.3529901752181155,-1.5547173377012302,-1.2615529141906299,2.6851488478950283,3.029247698805259,3.083889592969011
/multi_agv/path_reference,1789710653.8884034,1789710653.8878818,world,s_curve,1,2.749733434669201,0.09086308139408651,0.0,0.2502822345343186,-1.3895613220681282,-3.35676204952743,0.08107122137008169,0.3028608029557367,0.3669146792771375,-1.3525797993313284,-1.5545931194368603,-1.2615110474361957,2.6838593835566713,3.027958234466902,3.082600128630654
/multi_agv/path_reference,1789710653.8983624,1789710653.897889,world,s_curve,1,2.750642795253995,0.09086443912849833,0.00013566650883938526,0.24939396994367524,-1.3893665848836925,-3.3580611360771355,0.08023114174712151,0.30175810347069,0.3661926646132143,-1.3521652736629406,-1.5544665470883066,-1.2614679338998303,2.6825602970069657,3.0266591479171963,3.0813010420809483
/multi_agv/path_reference,1789710653.9087114,1789710653.9078743,world,s_curve,1,2.7515481478083794,0.09086443912849833,0.0,0.2485098724188903,-1.389171560019699,-3.359354496869113,0.0793953004125244,0.3006604283906777,0.3654738884534689,-1.3517514914053355,-1.5543391098345263,-1.2614240788192352,2.681266936214988,3.0253657871252186,3.0800076812889707
/multi_agv/path_reference,1789710653.918785,1789710653.9178522,world,s_curve,1,2.752456445733558,0.09086443912849833,0.0,0.2476231528747754,-1.3889747518562274,-3.360652065333654,0.07855727832348203,0.29955934880017765,0.3647528315006666,-1.351335277069691,-1.554209831523949,-1.2613791469750426,2.6799693677504473,3.0240682186606778,3.07871011282443
/multi_agv/path_reference,1789710653.928739,1789710653.9278524,world,s_curve,1,2.7533652748522477,0.09086443912849833,0.0,0.2467361710854231,-1.3887766772364105,-3.361950392646068,0.07771930737178859,0.29845779408097706,0.36403141180350373,-1.3509177313925722,-1.5540790478023094,-1.26133325251435,2.6786710404380334,3.022769891348264,3.077411785512016
/multi_agv/path_reference,1789710653.938825,1789710653.937858,world,s_curve,1,2.754274372669382,0.09086113466194966,-0.0003302698284009078,0.24584918507291945,-1.3885773921688889,-3.363249103813403,0.07688163171739976,0.2973560844760313,0.3633098390253274,-1.3504989742257862,-1.553946794761623,-1.2612864075192576,2.6773723292706983,3.021471180180929,3.076113074344681
/multi_agv/path_reference,1789710653.9485912,1789710653.9478533,world,s_curve,1,2.755182709797097,0.09086113466194966,0.0,0.2449632006620166,-1.3883771227379913,-3.3645467282815673,0.07604520103569734,0.29625546937785374,0.36258893157249883,-1.3500794804836331,-1.5538132226980133,-1.2612386650323275,2.676074704802534,3.0201735557127645,3.0748154498765166
/multi_agv/path_reference,1789710653.958483,1789710653.9578328,world,s_curve,1,2.7560894830229623,0.09086113466194966,0.0,0.24407900160732934,-1.3881760516103252,-3.3658421186042315,0.07521075408752242,0.295156923025061,0.3618693277094047,-1.349659626807532,-1.553678456256433,-1.2611900717670104,2.6747793144798697,3.0188781653901002,3.0735200595538523
/multi_agv/path_reference,1789710653.9686,1789710653.9678688,world,s_curve,1,2.7570011851927996,0.09086113466194966,0.0,0.24319025960294627,-1.3879727331987362,-3.3671445502754276,0.07437232030845084,0.2940525821856953,0.36114587631469275,-1.3492364017725407,-1.5535415229554062,-1.2611402748682616,2.6734768828086737,3.017575733718904,3.0722176278826563
/multi_agv/path_reference,1789710653.9785395,1789710653.9778206,world,s_curve,1,2.757905483508511,0.09086293885551189,0.00018128346197282243,0.24230899734672187,-1.3877699225400721,-3.3684364050121585,0.0735412406206967,0.2929573867218915,0.3604283646975775,-1.3488155352433224,-1.553404280852897,-1.261089951523997,2.672185028071943,3.0162838789821733,3.0709257731459254
/multi_agv/path_reference,1789710653.9883573,1789710653.9878557,world,s_curve,1,2.758817327718706,0.09086293885551189,0.0,0.24142064741432487,-1.3875642671467503,-3.3697390395981515,0.07270377719346091,0.2918532328352192,0.3597049322142946,-1.3483900702452676,-1.553264461255762,-1.2610382699392213,2.67088239348595,3.0149812443961803,3.0696231385599324
/multi_agv/path_reference,1789710653.998857,1789710653.9978573,world,s_curve,1,2.759725967374773,0.09086293885551189,0.0,0.24053568668978212,-1.38735818361574,-3.3710370962496756,0.07186980892130979,0.29075314144374315,0.35898410970429356,-1.3479650157234424,-1.5531237024609867,-1.2609858326627907,2.6695843368344256,3.013683187744656,3.0683250819084082
/multi_agv/path_reference,1789710654.0085278,1789710654.007846,world,s_curve,1,2.7606337676390114,0.09086293885551189,0.0,0.23965181134126348,-1.3871511435960067,-3.372333953770016,0.07103716271894403,0.2896542496669139,0.3582640216379327,-1.3475392732795002,-1.5529816479113754,-1.2609325095971446,2.668287479314085,3.0123863302243157,3.0670282243880678
/multi_agv/path_reference,1789710654.0185444,1789710654.017865,world,s_curve,1,2.761544123682398,0.09086433415518762,0.00013926746233324137,0.2387657179481562,-1.3869423697826408,-3.3736344624034253,0.07020272748151904,0.28855245004693103,0.35754197631601864,-1.3471112482199183,-1.552837762445984,-1.2608780986820203,2.666986970680676,3.0110858215909064,3.0657277157546585
/multi_agv/path_reference,1789710654.0284646,1789710654.0278602,world,s_curve,1,2.7624521386970793,0.09086433415518762,0.0,0.2378821743692173,-1.3867329852238968,-3.3749316267101133,0.069370993212271,0.28745367105988495,0.3568218588354961,-1.3466832433384512,-1.5526928198702568,-1.2608228924629825,2.665689806373988,3.0097886572842185,3.0644305514479706
/multi_agv/path_reference,1789710654.038746,1789710654.0378695,world,s_curve,1,2.7633617735502454,0.09086433415518762,0.0,0.23699732768246143,-1.386522078160644,-3.376231105071779,0.06853833256151687,0.2863531213654967,0.3561005291203709,-1.3462533935180887,-1.5525461897526585,-1.2607666512111848,2.6643903280123222,3.0084891789225527,3.063131073086305
/multi_agv/path_reference,1789710654.0484958,1789710654.0478098,world,s_curve,1,2.7642650612570776,0.09086433415518762,0.0,0.2361189271747794,-1.386311504858902,-3.377521516081539,0.06771203544904403,0.2852604404831326,0.3553843055921616,-1.3458254724615872,-1.5523991674644217,-1.2607098746506975,2.663099917002562,3.0071987679127927,3.061840662076545
/multi_agv/path_reference,1789710654.058496,1789710654.0578094,world,s_curve,1,2.765173619539697,0.09086055301072941,-0.00037813410879402286,0.23523567625318192,-1.3860985592194663,-3.3788194564852816,0.06688147482318349,0.2841615763411015,0.3546639775952609,-1.3453939788768623,-1.5522498646629894,-1.2606518341185473,2.6618019765988197,3.00590082750905,3.0605427216728023
/multi_agv/path_reference,1789710654.068465,1789710654.06781,world,s_curve,1,2.7660823041184854,0.09086055301072941,0.0,0.23435257972496287,-1.3858844376005002,-3.380117577312122,0.06605135959191566,0.28306275418051124,0.35394362540246177,-1.3449613475201119,-1.5520991147638303,-1.2605928505175583,2.6605038557719793,3.00460270668221,3.059244600845962
/multi_agv/path_reference,1789710654.0784082,1789710654.0778098,world,s_curve,1,2.7669908775748175,0.09086055301072941,0.0,0.23346986981951154,-1.3856691962707695,-3.3814155393925964,0.06522190805967118,0.28196426295631494,0.35322343844254867,-1.3445276921215616,-1.5519469573643478,-1.2605329393263989,2.659205893691505,3.0033047446017354,3.0579466387654874
/multi_agv/path_reference,1789710654.0884397,1789710654.087809,world,s_curve,1,2.767899432495597,0.09086055301072941,0.0,0.23258745801163078,-1.3854528139084676,-3.38271347499371,0.06439303697805215,0.28086599253551864,0.35250334452132165,-1.3440929694554322,-1.5517933775248802,-1.2604720947450905,2.6579079580903913,3.002006809000622,3.056648703164374
/multi_agv/path_reference,1789710654.0985434,1789710654.0978074,world,s_curve,1,2.7688078953621114,0.09086250560868954,0.0001952946561086522,0.23170541713916198,-1.3852353085973128,-3.3840112790887305,0.0635648147105467,0.2797680336013679,0.35178340310557143,-1.3436572156282705,-1.551638388192634,-1.2604103219710336,2.656610153995371,3.0007090049056013,3.0553508990693534
/multi_agv/path_reference,1789710654.1085942,1789710654.1078792,world,s_curve,1,2.7697230052752237,0.09086250560868954,0.0,0.230817208680323,-1.385015054733523,-3.385318578964605,0.06273110495089854,0.2786622454089001,0.3510582756811704,-1.3432171871675673,-1.5514808243693285,-1.2603471526636727,2.6553028541194963,2.999401705029727,3.054043599193479
/multi_agv/path_reference,1789710654.118744,1789710654.1178463,world,s_curve,1,2.7706286375929636,0.09086250560868954,0.0,0.22993848339203607,-1.3847959391349425,-3.3866123394185195,0.061906596748235454,0.2775681133091176,0.3503407401187552,-1.342780643456762,-1.551323469453391,-1.2602837044946742,2.654009093665582,2.9981079445758123,3.0527498387395644
/multi_agv/path_reference,1789710654.128662,1789710654.1278777,world,s_curve,1,2.7715401150956893,0.09086250560868954,0.0,0.2290543735694372,-1.384574261576859,-3.387914450136699,0.061077337925373676,0.27646712588786326,0.34961865689507476,-1.3423402054582123,-1.5511636697563456,-1.2602189095160192,2.6527069829474024,2.996805833857633,3.051447728021385
/multi_agv/path_reference,1789710654.1387806,1789710654.1378736,world,s_curve,1,2.7724483427666615,0.09086400118096058,0.00014962512698665117,0.22817370381223395,-1.3843522296795474,-3.3892119182380878,0.06025160688162476,0.27537027184029716,0.34889923271478007,-1.3419002643254312,-1.551003014155266,-1.2601534105579448,2.6514095148460135,2.995508365756244,3.050150259919996
/multi_agv/path_reference,1789710654.1486137,1789710654.1478124,world,s_curve,1,2.7733514815083837,0.09086400118096058,0.0,0.22729825487498115,-1.384130309353465,-3.390502116440548,0.059431069141066384,0.27427977113816004,0.3481839243457171,-1.3414617266048505,-1.5508418480351431,-1.2600873534204013,2.6501193166435533,2.994218167553784,3.048860061717536
/multi_agv/path_reference,1789710654.158811,1789710654.157848,world,s_curve,1,2.774263342558171,0.09086400118096058,0.0,0.22641464249101492,-1.3839050992045951,-3.3918047750831013,0.058603181767996865,0.2731789507270154,0.3474617949780326,-1.3410178790800993,-1.5506776972991512,-1.260019721234535,2.648816658001,2.9929155089112305,3.0475574030749826
/multi_agv/path_reference,1789710654.1686828,1789710654.1678674,world,s_curve,1,2.7751735775057935,0.09086400118096058,0.0,0.2255328991927086,-1.3836791427969983,-3.393105110722562,0.057777348108674964,0.27208030760059293,0.34674104186885807,-1.3405737477693203,-1.5505124091754685,-1.259951271446206,2.647516322361539,2.9916151732717697,3.046257067435522
/multi_agv/path_reference,1789710654.178583,1789710654.1778402,world,s_curve,1,2.7760799032311905,0.09086201730579624,-0.00019888975283795064,0.2246552354400281,-1.3834530177402067,-3.3943998617588433,0.05695563570630885,0.270986597348162,0.34602347326561356,-1.3401304572301174,-1.5503464115691343,-1.2598821844213683,2.646221571325258,2.9903204222354884,3.0449623163992405
/multi_agv/path_reference,1789710654.1884644,1789710654.1878402,world,s_curve,1,2.7769885483913033,0.09086201730579624,0.0,0.2237756201971346,-1.3832251736418584,-3.3956979262732903,0.05613239721059779,0.26989030474037545,0.3453041586404306,-1.3396849647920344,-1.5501785679454105,-1.25981198818813,2.644923506810811,2.9890223577210415,3.0436642518847936
/multi_agv/path_reference,1789710654.198494,1789710654.1978662,world,s_curve,1,2.777899508715617,0.09086201730579624,0.0,0.22289406136165815,-1.3829956031467534,-3.396999298165167,0.05530764232073751,0.2687914384624355,0.34458310330180164,-1.3392372650494155,-1.550008868414124,-1.259740675976721,2.6436221349189344,2.987720985829165,3.042362879992917
/multi_agv/path_reference,1789710654.208312,1789710654.2078238,world,s_curve,1,2.7788041912922927,0.09086201730579624,0.0,0.2220188740580318,-1.382766479530913,-3.3982917018461323,0.05448914839898539,0.26770036432874034,0.3438671094463698,-1.3387915887339519,-1.5498389232391654,-1.2596689266196215,2.642329731237969,2.9864285821481995,3.0410704763119516
/multi_agv/path_reference,1789710654.2183511,1789710654.217859,world,s_curve,1,2.7797160516311035,0.0908636315436184,0.00016085304344741448,0.22113704338531315,-1.3825343937242054,-3.3995943594730047,0.053664744078943866,0.26660085676569645,0.34314552931129927,-1.3383413064249698,-1.5496662030033301,-1.2595956717443164,2.6410270736110966,2.9851259245213275,3.039767818685079
/multi_agv/path_reference,1789710654.2285016,1789710654.2278705,world,s_curve,1,2.7806257701323913,0.0908636315436184,0.0,0.22025758600490003,-1.3823017086399687,-3.4008939573319874,0.052842861350534454,0.26550415691176477,0.342425739752401,-1.3378910120804353,-1.549492461437993,-1.259521652401478,2.639727475752114,2.9838263266623444,3.0384682208260965
/multi_agv/path_reference,1789710654.2386563,1789710654.23788,world,s_curve,1,2.781535328168506,0.0908636315436184,0.0,0.21937858679371597,-1.3820679222224466,-3.4021933259550083,0.052021709316791814,0.26440787714724806,0.34170617391710817,-1.3374397297744682,-1.5493173258394919,-1.2594467110533796,2.638428107129093,2.9825269580393234,3.0371688522030755
/multi_agv/path_reference,1789710654.2483954,1789710654.247855,world,s_curve,1,2.782441619838794,0.0908636315436184,0.0,0.21850304703020798,-1.3818338397632508,-3.403488028341134,0.05120409003071283,0.2633157615020296,0.34098928955788155,-1.3369890074312967,-1.549141402717431,-1.2593711091410245,2.637133404742967,2.9812322556531976,3.0358741498169497
/multi_agv/path_reference,1789710654.2585564,1789710654.2578065,world,s_curve,1,2.783345889721926,0.09086185314234813,-0.00017869536303496966,0.21762976321583352,-1.3815991499963947,-3.4047798424598943,0.050388876980654085,0.26222631008440916,0.34027410258243745,-1.336538235988002,-1.5489644630316797,-1.2592947509695025,2.635841590624207,2.9799404415344375,3.0345823356981896
/multi_agv/path_reference,1789710654.2684731,1789710654.2678561,world,s_curve,1,2.784258924411998,0.09086185314234813,0.0,0.21674832343966693,-1.3813610404677172,-3.4060841777314255,0.049566353989976025,0.2611265319532831,0.33955208437574175,-1.3360820266652658,-1.5487843799670893,-1.2592167147707967,2.634537255352676,2.9786361062629063,3.0332780004266584
/multi_agv/path_reference,1789710654.2783532,1789710654.2778592,world,s_curve,1,2.7851678646852434,0.09086185314234813,0.0,0.21587114567157725,-1.381122856785731,-3.407382663836062,0.04874811131552981,0.26003191995406,0.33883340574514204,-1.3356267977517073,-1.5486036796126195,-1.2591380929928664,2.6332387692480395,2.97733762015827,3.031979514322022
/multi_agv/path_reference,1789710654.2884443,1789710654.287819,world,s_curve,1,2.786072736709876,0.09086185314234813,0.0,0.21499820193683006,-1.3808846079641268,-3.4086753381569657,0.047934118783471424,0.2589424412242215,0.33811804580279736,-1.3351725513474346,-1.5484223763432374,-1.2590588962017084,2.6319460949271356,2.976044945837366,3.030686840001118
/multi_agv/path_reference,1789710654.2984247,1789710654.2978523,world,s_curve,1,2.7869843844906805,0.09086350196697035,0.0001643375681477523,0.214119033639577,-1.380643434455325,-3.4099776921295435,0.047114625428755164,0.25784504224296834,0.33739743324700755,-1.3347138400944645,-1.5482382916903132,-1.2589781715811967,2.6306437409545578,2.9747425918647883,3.0293844860285404
/multi_agv/path_reference,1789710654.3087814,1789710654.3078284,world,s_curve,1,2.787890859048864,0.09086350196697035,0.0,0.2132451664220009,-1.3804024944356548,-3.4112726557840913,0.04630037537732523,0.2567541091744994,0.33668101471417816,-1.3342566740068273,-1.5480538347242423,-1.2588969745758944,2.62934877730001,2.9734476282102404,3.0280895223739925
/multi_agv/path_reference,1789710654.3187175,1789710654.3179443,world,s_curve,1,2.788810171892967,0.09086350196697035,0.0,0.21235924211907486,-1.3801569865734526,-3.412585959847096,0.04547519852089735,0.25564797022709546,0.33595455760923193,-1.333791956730676,-1.5478653227371326,-1.2588136802525496,2.6280354732370053,2.9721343241472358,3.026776218310988
/multi_agv/path_reference,1789710654.3285954,1789710654.327923,world,s_curve,1,2.78971688669425,0.09086350196697035,0.0,0.21148577489158585,-1.3799137035787126,-3.413881266706071,0.044661928218447805,0.25455723298687405,0.3352381634694358,-1.333332546646136,-1.5476779712209785,-1.2587305928690231,2.6267401663780303,2.970839017288261,3.025480911452013
/multi_agv/path_reference,1789710654.338381,1789710654.3378656,world,s_curve,1,2.7906201665632535,0.09086475225135214,0.0001257714076152255,0.21061593065281084,-1.379670217632253,-3.4151716665189333,0.043852331170996656,0.25347086996878765,0.3345245908186484,-1.3328738300807652,-1.5474899249857814,-1.2586468978302126,2.625449766565168,2.9695486174753984,3.0241905116391505
/multi_agv/path_reference,1789710654.348674,1789710654.347851,world,s_curve,1,2.791527515446728,0.09086475225135214,0.0,0.2097424850462112,-1.3794245050944487,-3.416467879209611,0.043039683714190174,0.25237985838695537,0.3338079130374882,-1.3324119958223761,-1.5472996205660456,-1.2585618988949243,2.6241535538744905,2.968252404784721,3.022894298948473
/multi_agv/path_reference,1789710654.35836,1789710654.3578522,world,s_curve,1,2.792436254560912,0.09086475225135214,0.0,0.20886802110588185,-1.3791772815573786,-3.4177660779441594,0.042226391810521874,0.2512874233165707,0.3330902481905531,-1.331948398595913,-1.5471076073359225,-1.2584758387403006,2.622855355139942,2.9669542060501723,3.0215961002139244
/multi_agv/path_reference,1789710654.3683975,1789710654.3678713,world,s_curve,1,2.7933466492308816,0.09086475225135214,0.0,0.2079922866183347,-1.3789284694899597,-3.419066641758402,0.04141222241615011,0.25019324891008426,0.33237138852876974,-1.331482898459609,-1.5469138223682697,-1.2583886876420005,2.6215547913256994,2.96565364223593,3.020295536399682
/multi_agv/path_reference,1789710654.3783937,1789710654.3778512,world,s_curve,1,2.794253373397334,0.09085959649998776,-0.0005166394654006898,0.20712040541350116,-1.3786795282054363,-3.420361961996191,0.04060193815101676,0.2491037375353314,0.33165554055415536,-1.3310182225104292,-1.5467194039014986,-1.2583009582043807,2.6202594710879104,2.964358321998141,3.019000216161893
/multi_agv/path_reference,1789710654.3888412,1789710654.387864,world,s_curve,1,2.7951630935681213,0.09085959649998776,0.0,0.2062459681478546,-1.3784286295408952,-3.421661562240173,0.0397895821340056,0.24801088021360942,0.3309374420959489,-1.3305509567151563,-1.5465229248639065,-1.2582120070436227,2.6189598708439283,2.963058721754159,3.017700615917911
/multi_agv/path_reference,1789710654.3983946,1789710654.397802,world,s_curve,1,2.7960662885661263,0.09085959649998776,0.0,0.20537812630617425,-1.3781784063864417,-3.422951840808752,0.03898365437018478,0.24692611519985316,0.33022460934848485,-1.3300859983666387,-1.546326450142207,-1.2581227706504794,2.6176695922753495,2.96176844318558,3.016410337349332
/multi_agv/path_reference,1789710654.4084454,1789710654.4078648,world,s_curve,1,2.796980388169465,0.09085959649998776,0.0,0.2045001360590738,-1.3779240226419796,-3.4242576973849497,0.03816860776552802,0.24582851236135977,0.32950328805033374,-1.3296143683735688,-1.5461261787286857,-1.258031520823684,2.6163637356991516,2.960462586609382,3.015104480773134
/multi_agv/path_reference,1789710654.4182951,1789710654.417836,world,s_curve,1,2.797886554671527,0.09086176799774115,0.00021773716488865185,0.203630094164787,-1.3776707150933603,-3.4255522209593243,0.037361243208538064,0.24474069424271142,0.3287883450431116,-1.3291457812789935,-1.5459262307867037,-1.2579401332143836,2.615069212124777,2.9591680630350075,3.0138099571987595
/multi_agv/path_reference,1789710654.428286,1789710654.4278364,world,s_curve,1,2.798795232411133,0.09086176799774115,0.0,0.20275797111936184,-1.3774155749177035,-3.4268503320159045,0.036552250987688106,0.2436501222758023,0.32807154009459527,-1.3286748466146534,-1.5457243149575446,-1.2578475631809123,2.6137711010681968,2.9578699519784273,3.0125118461421794
/multi_agv/path_reference,1789710654.4383805,1789710654.4378586,world,s_curve,1,2.7997056872251975,0.09086176799774115,0.0,0.20188447538357027,-1.377158800603706,-3.428150981750282,0.03574229043357849,0.24255768129529476,0.3273534544218377,-1.3282019381629542,-1.5455205846310278,-1.2577538790171365,2.6124704513338193,2.95656930224405,3.011211196407802
/multi_agv/path_reference,1789710654.448356,1789710654.4478695,world,s_curve,1,2.800615309018573,0.09086176799774115,0.0,0.20101211308525146,-1.376901126956517,-3.429450441455104,0.03493368586082715,0.2414665053640802,0.3266361480308472,-1.327728410836075,-1.5453156220136546,-1.2576593480198215,2.611170991628997,2.9552698425392276,3.0099117367029797
/multi_agv/path_reference,1789710654.4582834,1789710654.4578342,world,s_curve,1,2.8015208987828353,0.09086343252959103,0.00016701279475960328,0.2001439509386132,-1.3766434698356358,-3.430744141118336,0.034129277402021985,0.2403804316492582,0.3259221437645596,-1.3272559393189252,-1.5451101597776593,-1.2575643104103231,2.6098772919657653,2.953976142875996,3.008618037039748
/multi_agv/path_reference,1789710654.468446,1789710654.4678798,world,s_curve,1,2.802433512744749,0.09086343252959103,0.0,0.19926939291488485,-1.3763826779889987,-3.4320478753496415,0.03331924866364258,0.23928620370180773,0.32520272637920433,-1.3267787504933672,-1.5449016824200825,-1.2574676010535466,2.6085735577344598,2.9526724086446903,3.0073143028084424
/multi_agv/path_reference,1789710654.478602,1789710654.4778128,world,s_curve,1,2.803336180795338,0.09086343252959103,0.0,0.1984047012217316,-1.376123607011041,-3.433337401136197,0.032518660473681044,0.23820416919563486,0.324491273995879,-1.3263057238270266,-1.5446940740240804,-1.2573710231820159,2.6072840319479043,2.9513828828581348,3.006024777021887
/multi_agv/path_reference,1789710654.4886131,1789710654.487892,world,s_curve,1,2.8042519747048003,0.09086343252959103,0.0,0.1975277781166222,-1.375859629299669,-3.4346456781497143,0.03170705490573092,0.23710667522612994,0.3237696042180058,-1.325824763917448,-1.5444820207653194,-1.2572721032162397,2.605975754934387,2.9500746058446174,3.0047165000083695
/multi_agv/path_reference,1789710654.4983838,1789710654.4978652,world,s_curve,1,2.8051580324597825,0.09085944598544501,-0.0003997705339554904,0.19666051864373585,-1.3755973288111554,-3.4359400463711176,0.030904697861569574,0.23602112319423674,0.3230557348754013,-1.3253478723282204,-1.5442708086751196,-1.2571733054301262,2.6046813867129837,2.9487802376232146,3.0034221317869663
/multi_agv/path_reference,1789710654.5084255,1789710654.5078719,world,s_curve,1,2.80606735951935,0.09085944598544501,0.0,0.19579047187810764,-1.3753329536826142,-3.4372390850276426,0.03010006692059594,0.23493192990902673,0.32233941880470035,-1.3248682164395078,-1.5440574221607037,-1.257073222447631,2.6033823480564586,2.947481198966689,3.0021230931304412
/multi_agv/path_reference,1789710654.51835,1789710654.517803,world,s_curve,1,2.8069697233835553,0.09085944598544501,0.0,0.1949274277452564,-1.375069485937234,-3.4385281762622215,0.02930221408867359,0.2338513520812644,0.3216287170658313,-1.3243912006346383,-1.5438442711223581,-1.2569729860547059,2.6020932568218798,2.9461921077321103,3.0008340018958624
/multi_agv/path_reference,1789710654.5286946,1789710654.5278907,world,s_curve,1,2.8078862879431523,0.09085944598544501,0.0,0.1940511500601329,-1.374800733472093,-3.439837554204503,0.028492435393275867,0.2327540511113959,0.320906963675727,-1.323905625673227,-1.5436263400909236,-1.2568702346521285,2.6007838788795983,2.9448827297898292,2.999524623953581
/multi_agv/path_reference,1789710654.5384212,1789710654.5378697,world,s_curve,1,2.8087928555648123,0.09086165519846588,0.00022142060555230552,0.19318477680537885,-1.3745337838170542,-3.4411326508068747,0.027692115045027943,0.2316689999905342,0.3201932153805745,-1.323424304231814,-1.5434093728340437,-1.256767674385305,2.5994887822772266,2.943587633187457,2.998229527351209
/multi_agv/path_reference,1789710654.5483499,1789710654.5478246,world,s_curve,1,2.8096973981527626,0.09086165519846588,0.0,0.1923206840386347,-1.374266312571256,-3.4424248545039466,0.026894204287388646,0.23058665349375923,0.31948119433475636,-1.322943025487218,-1.543191490036486,-1.2566644221900638,2.5981965785801546,2.942295429490385,2.9969373236541372
/multi_agv/path_reference,1789710654.5583863,1789710654.5578403,world,s_curve,1,2.81060757716177,0.09086165519846588,0.0,0.19145155649926696,-1.373996047831206,-3.4437251102311,0.026091949967540634,0.22949784773936094,0.31876487179089935,-1.3224577074652937,-1.5429708380304366,-1.2565595979978883,2.5968963228530013,2.940995173763232,2.995637067926984
/multi_agv/path_reference,1789710654.5683777,1789710654.5678267,world,s_curve,1,2.811514779270368,0.09086165519846588,0.0,0.19058562196059206,-1.3737255428891346,-3.445021113243383,0.0252929481254765,0.22841288947316815,0.3180510282831316,-1.3219729393175452,-1.5427494992755948,-1.256454190074264,2.5956003198407185,2.939699170750949,2.994341064914701
/multi_agv/path_reference,1789710654.5785935,1789710654.5778599,world,s_curve,1,2.8124264140988924,0.09086038170509056,-0.00012692592533794386,0.1897158102614501,-1.3734525858410058,-3.446323448712703,0.02449067583313022,0.22732291986369696,0.3173338350875233,-1.3214847597065251,-1.5425256626668702,-1.2563473351496222,2.5942979843713982,2.9383968352816288,2.993038729445381
/multi_agv/path_reference,1789710654.5885475,1789710654.5878918,world,s_curve,1,2.8133379093658704,0.09086038170509056,0.0,0.1888464878462213,-1.3731785383227313,-3.447625584808386,0.023689162655415902,0.22623340947201862,0.3166168914112295,-1.3209956106948322,-1.542300441373006,-1.2562395629003558,2.592995848275715,2.9370946991859457,2.9917365933496978
/multi_agv/path_reference,1789710654.5985725,1789710654.5978777,world,s_curve,1,2.814245269031715,0.09086038170509056,0.0,0.18798146503014698,-1.3729046095453992,-3.4489218129024497,0.022891919546471517,0.22514913474639392,0.3159033407975756,-1.3205076442516588,-1.5420748324803588,-1.25613135190418,2.5916996201816516,2.935798471091882,2.990440365255634
/multi_agv/path_reference,1789710654.6085489,1789710654.607871,world,s_curve,1,2.8151531907598804,0.09086038170509056,0.0,0.187116262504812,-1.3726293890199135,-3.450218843942686,0.022094816356668434,0.22406448198896348,0.3151894891688043,-1.3200183415947258,-1.5418476772660452,-1.2560221481989693,2.5904025891414153,2.934501440051646,2.989143334215398
/multi_agv/path_reference,1789710654.618449,1789710654.6178794,world,s_curve,1,2.8160626724586706,0.09086173311231138,0.00013501228489569514,0.186249931985884,-1.3723525708956101,-3.4515181035123863,0.021296980509652758,0.2229782618658333,0.3144745535821661,-1.3195271622433329,-1.5416187216293868,-1.2559118288141107,2.589103329571715,2.9332021804819455,2.9878440746456976
/multi_agv/path_reference,1789710654.6285276,1789710654.6278863,world,s_curve,1,2.8169718860244863,0.09086173311231138,0.0,0.18538421708936398,-1.3720747095858854,-3.45281698003498,0.020500018421346133,0.2218926602200593,0.31375997262668665,-1.3190350920381917,-1.5413884230888761,-1.2558006136305886,2.587804453049121,2.9319033039593516,2.9865451981231037
/multi_agv/path_reference,1789710654.6384845,1789710654.637853,world,s_curve,1,2.817877605502355,0.09086173311231138,0.0,0.18452218865193515,-1.3717967983979296,-3.454110865003364,0.019706755148100275,0.22081152881482655,0.31304828199287876,-1.318543884121404,-1.5411576078862583,-1.2556889031861265,2.586510568080737,2.9306094189909677,2.98525131315472
/multi_agv/path_reference,1789710654.6486049,1789710654.6478875,world,s_curve,1,2.8187892044612504,0.09086173311231138,0.0,0.18365492814814585,-1.3715159572327809,-3.4554131492303575,0.01890898481388248,0.2197236816901677,0.31233211794038745,-1.3180484516344861,-1.540923882129832,-1.2555755379340245,2.585208283853744,2.9293071347639743,2.9839490289277264
/multi_agv/path_reference,1789710654.6584165,1789710654.657857,world,s_curve,1,2.8196951156876637,0.09086340391751861,0.00016758269903889081,0.1827934417414985,-1.3712357498024228,-3.4567073081252335,0.01811683179800211,0.21864292436702945,0.31162056905946406,-1.3175550816106283,-1.540690211518489,-1.2554619562781513,2.5839141249588677,2.9280129758690983,2.9826548700328503
/multi_agv/path_reference,1789710654.6684227,1789710654.6678648,world,s_curve,1,2.8206045552309145,0.09086340391751861,0.0,0.18192896551219548,-1.3709533298790961,-3.4580065074727346,0.017322236418532783,0.21755826281806162,0.3109063972999922,-1.3170587593076042,-1.540454224193817,-1.2553470061358671,2.5826149256113666,2.9267137765215976,2.9813556706853492
/multi_agv/path_reference,1789710654.678352,1789710654.6778672,world,s_curve,1,2.8215132254337245,0.09086340391751861,0.0,0.18106558773768364,-1.3706700274996693,-3.4593046077624634,0.01652895786849362,0.21647482592649903,0.31019297941805835,-1.3165618263533627,-1.5402170293926185,-1.2552312267530266,2.581316825321638,2.9254156762318684,2.9800575703956205
/multi_agv/path_reference,1789710654.6883097,1789710654.6878357,world,s_curve,1,2.8224192049894175,0.09086340391751861,0.0,0.18020513326850643,-1.3703864486810649,-3.460598864270596,0.01573867107886981,0.21539490455094903,0.3094818241757006,-1.3160653403084919,-1.5399791371941296,-1.255114868540573,2.5800225688135052,2.9241214197237357,2.978763313887488
/multi_agv/path_reference,1789710654.6983638,1789710654.6978328,world,s_curve,1,2.8233273247469755,0.09085836803853514,-0.000503845161686537,0.17934301541570966,-1.3701010819244503,-3.461896178209965,0.014947163137836672,0.21431274218844318,0.3087691409208492,-1.3155666546896132,-1.5397392798913008,-1.254997311192437,2.5787252548741364,2.922824105784367,2.977465999948119
/multi_agv/path_reference,1789710654.7083888,1789710654.7079382,world,s_curve,1,2.824245559403214,0.09085836803853514,0.0,0.17847167211129844,-1.3698114000158268,-3.463207942004591,0.014147497540061865,0.2132188436149467,0.3080486751788869,-1.315061371235179,-1.5394953240407505,-1.254877504771551,2.5774134910795103,2.921512341989741,2.976154236153493
/multi_agv/path_reference,1789710654.7182906,1789710654.7178655,world,s_curve,1,2.8251475532170236,0.09085836803853514,0.0,0.1776161112020593,-1.369525728426565,-3.464496504595748,0.013362621871632119,0.21214460556240963,0.30734110617213634,-1.314564003173629,-1.5392542854734192,-1.2547588966326466,2.5761249284883534,2.920223779398584,2.974865673562336
/multi_agv/path_reference,1789710654.7285383,1789710654.727871,world,s_curve,1,2.8260567245693333,0.09085836803853514,0.0,0.17675411533881058,-1.3692366686383908,-3.465795320813333,0.012572149709939723,0.21106213443519906,0.3066280618712931,-1.3140616547078057,-1.539009928681549,-1.2546384225258178,2.574826112270768,2.9189249631809986,2.9735668573447507
/multi_agv/path_reference,1789710654.7384582,1789710654.737881,world,s_curve,1,2.826966252817991,0.09086083735404378,0.0002466818101991592,0.17589215745748737,-1.368946375464347,-3.467094646882844,0.01178202073236767,0.20997955683304229,0.30591489480705225,-1.3135580822602546,-1.5387640694888844,-1.2545169746439018,2.573526786201257,2.9176256371114877,2.97226753127524
/multi_agv/path_reference,1789710654.748422,1789710654.7478585,world,s_curve,1,2.8278728071914423,0.09086083735404378,0.0,0.17503339395115275,-1.3686559172840784,-3.468389724559203,0.010995126972931701,0.2089008376974682,0.3052042171830584,-1.3130551352142021,-1.53851761471493,-1.254395001923103,2.5722317085248982,2.9163305594351288,2.970972453598881
/multi_agv/path_reference,1789710654.7585118,1789710654.7578635,world,s_curve,1,2.8287818745030724,0.09086083735404378,0.0,0.1741726284036309,-1.368363537513508,-3.469688392147246,0.010206706666982479,0.20781944977169658,0.3044917287722137,-1.3125497712093848,-1.5382690742444383,-1.254271767086701,2.5709330409368554,2.915031891847086,2.969673786010838
/multi_agv/path_reference,1789710654.768429,1789710654.7678719,world,s_curve,1,2.829691117903005,0.09086083735404378,0.0,0.17331207664119733,-1.3680699832501084,-3.470987311290007,0.00941879077453403,0.20673817613289874,0.3037792630161594,-1.3120432856156041,-1.5380190811375962,-1.2541475829971251,2.569634121794094,2.9137329727043246,2.9683748668680767
/multi_agv/path_reference,1789710654.778535,1789710654.7778068,world,s_curve,1,2.8305939551877164,0.09086271477594458,0.00018894617399564876,0.17245796583375556,-1.3677773917665481,-3.4722770788395945,0.008637077681826144,0.20566484275253183,0.3030719770669088,-1.3115393565491527,-1.537769460185346,-1.254023358565146,2.568344354244507,2.9124432051547373,2.9670850993184894
/multi_agv/path_reference,1789710654.7883387,1789710654.7878067,world,s_curve,1,2.831502587060337,0.09086271477594458,0.0,0.1715987549315647,-1.3674818103252286,-3.47357512437191,0.007851004302202258,0.20458494649186781,0.3023603140006242,-1.3110311755739337,-1.5375168395584633,-1.253897415843289,2.5670463087121913,2.911145159622422,2.965787053786174
/multi_agv/path_reference,1789710654.7985756,1789710654.797891,world,s_curve,1,2.8324188429507666,0.09086271477594458,0.0,0.17073272405919632,-1.3671826193088772,-3.474884061358238,0.007059004008265285,0.20349632228643735,0.3016428458828865,-1.3105176974904413,-1.537260679714104,-1.2537694807220863,2.5657373717258634,2.9098362226360943,2.964478116799846
/multi_agv/path_reference,1789710654.8086026,1789710654.8078434,world,s_curve,1,2.8333231738367832,0.09086271477594458,0.0,0.16987834927002302,-1.3668862108802684,-3.4761759626239757,0.006277971269375848,0.2024221961555081,0.3009348803851852,-1.3100098861216718,-1.5370064566768642,-1.2536422898422694,2.5644454704601256,2.908544321370356,2.963186215534108
/multi_agv/path_reference,1789710654.8185441,1789710654.8178532,world,s_curve,1,2.8342325169938425,0.09085962001233491,-0.0003092221494380117,0.16901962601617518,-1.3665870466559984,-3.4774750242769175,0.005493271890004925,0.20134244881625205,0.3002231573422687,-1.3094982429708417,-1.5367494253600904,-1.2535134716370628,2.563146408807184,2.9072452597174143,2.9618871538811664
/multi_agv/path_reference,1789710654.828613,1789710654.8278613,world,s_curve,1,2.835141852246115,0.09085962001233491,0.0,0.16816129955655756,-1.366286769831102,-3.478774074637307,0.004709244618475605,0.20026304564653297,0.2995116084046642,-1.3089855854060115,-1.536490993920796,-1.2533837301664987,2.5618473584467942,2.9059462093570247,2.960588103520777
/multi_agv/path_reference,1789710654.8388026,1789710654.8378744,world,s_curve,1,2.8360517802665486,0.09085962001233491,0.0,0.16730280473416964,-1.3659851814968935,-3.4800739718093547,0.003925373517818215,0.19918327577520806,0.29879976490948273,-1.3084715746794946,-1.5362309907439982,-1.253252979067188,2.5605474612747465,2.904646312184977,2.959288206348729
/multi_agv/path_reference,1789710654.8487184,1789710654.847868,world,s_curve,1,2.836959784879686,0.09085962001233491,0.0,0.16644651610040012,-1.3656831185318847,-3.481371121256694,0.0031438260555681496,0.19810612612500733,0.298089596120625,-1.3079576352154019,-1.5359701382752868,-1.2531215821049655,2.5592503118274075,2.903349162737638,2.95799105690139
/multi_agv/path_reference,1789710654.858754,1789710654.8578768,world,s_curve,1,2.837869206774402,0.0908617949554294,0.0002173020406029816,0.16558928433641001,-1.3653794710946192,-3.4826702953920026,0.002361727540837827,0.19702763521323544,0.29737849025515695,-1.3074418779227568,-1.5357074784631835,-1.2529890568979176,2.5579511376920987,2.9020499886023297,2.9566918827660813
/multi_agv/path_reference,1789710654.8687887,1789710654.8678758,world,s_curve,1,2.8387777246851202,0.0908617949554294,0.0,0.16473329927661404,-1.3650750137860213,-3.4839681781216,0.0015810761398588336,0.19595055795743252,0.29666826373255084,-1.3069256192445953,-1.5354436809770715,-1.252855741136397,2.556653254962501,2.9007521058727317,2.955394000036484
/multi_agv/path_reference,1789710654.878701,1789710654.8779259,world,s_curve,1,2.839690891721301,0.0908617949554294,0.0,0.1638733328347073,-1.3647678792328946,-3.485272702459001,0.000797105801702197,0.1948683149433735,0.2959545777590464,-1.3064056981848926,-1.5351771251207966,-1.2527208143929947,2.5553487306251004,2.899447581535331,2.954089475699083
/multi_agv/path_reference,1789710654.888775,1789710654.8879254,world,s_curve,1,2.8405994756885438,0.0908617949554294,0.0,0.16301808078871274,-1.3644611731114145,-3.4865706795550624,1.7743879585863098e-05,0.1937918495520569,0.29524464893449565,-1.3058873720779223,-1.5349105062168866,-1.2525856410394343,2.554050753529039,2.8981496044392694,2.9527914986030215
/multi_agv/path_reference,1789710654.8986957,1789710654.8979237,world,s_curve,1,2.841507947085051,0.090863458727882,0.00016640713198098913,0.16216333341857742,-1.364153395442149,-3.487868495835787,-0.0007608482063611588,0.1927158644079348,0.29453498405415873,-1.3053680993057508,-1.5346425236883345,-1.2524495633323613,2.5527529372483144,2.896851788158545,2.951493682322297
/multi_agv/path_reference,1789710654.9086795,1789710654.9079242,world,s_curve,1,2.8424166294665087,0.090863458727882,0.0,0.16130878781171804,-1.3638444369352833,-3.489166613523584,-0.0015389463294289418,0.1916399781681016,0.2938253315964815,-1.3048476956261712,-1.5343730823048072,-1.2523125328748719,2.5514548195605173,2.895553670470748,2.9501955646345
/multi_agv/path_reference,1789710654.9183085,1789710654.9178364,world,s_curve,1,2.843317306232072,0.090863458727882,0.0,0.1604621675070979,-1.3635371055457624,-3.4904532946172457,-0.002309521862243452,0.19057391683272817,0.29312210755080914,-1.3043308800297693,-1.534104636314518,-1.2521758002929997,2.5501681384668555,2.894266989377086,2.948908883540838
/multi_agv/path_reference,1789710654.928293,1789710654.927839,world,s_curve,1,2.8442261780638414,0.090863458727882,0.0,0.15960824561801598,-1.363225873644437,-3.491751682948345,-0.0030864338993504825,0.18949850673288135,0.2924126640205172,-1.3038083572309969,-1.5338323573737642,-1.25203690632855,2.5488697501357565,2.892968601045987,2.947610495209739
/multi_agv/path_reference,1789710654.9384882,1789710654.9378731,world,s_curve,1,2.8451378579529174,0.09086410300151235,6.421261038070075e-05,0.15875209209060892,-1.3629125667052866,-3.493054082789882,-0.003865064099646487,0.1884201300603124,0.2917012103111609,-1.3032832072202638,-1.533557834799741,-1.251896658095855,2.5475673502942193,2.89166620120445,2.946308095368202
/multi_agv/path_reference,1789710654.9484723,1789710654.9479322,world,s_curve,1,2.846051904124964,0.09086410300151235,0.0,0.15789412674041137,-1.3625973275239256,-3.4943598630356627,-0.004645027996135587,0.18733931426040373,0.29098809395696607,-1.302755676664939,-1.5332811900649181,-1.2517551158419193,2.5462615700484386,2.890360420958669,2.945002315122421
/multi_agv/path_reference,1789710654.958364,1789710654.9578192,world,s_curve,1,2.8469501527549266,0.09086410300151235,0.0,0.15705139147072875,-1.3622864453064636,-3.4956430753641805,-0.005410839921529992,0.18627753117141974,0.29028748316229663,-1.3022362715261309,-1.5330079517378317,-1.2516151126554282,2.5449783577199208,2.8890772086301513,2.9437191027939034
/multi_agv/path_reference,1789710654.9683843,1789710654.9678552,world,s_curve,1,2.84786202082356,0.09086410300151235,0.0,0.15619628714293846,-1.3619697438024179,-3.4969457440336567,-0.006187580946694166,0.18520000855131183,0.28957643382419784,-1.3017079865740664,-1.5327291773469969,-1.2514720674861906,2.5436756890504446,2.8877745399606756,2.942416434124427
/multi_agv/path_reference,1789710654.978307,1789710654.977851,world,s_curve,1,2.848770362885064,0.09086521844944125,0.00011158287612544993,0.155344900186596,-1.3616531597966666,-3.498243375550091,-0.006960633654746612,0.1841270144155395,0.28886831979899524,-1.3011807389382557,-1.5324500857072698,-1.2513286547444744,2.5423780575340102,2.8864769084442408,2.941118802607993
/multi_agv/path_reference,1789710654.988425,1789710654.9878364,world,s_curve,1,2.8496777825737354,0.09086521844944125,0.0,0.15449478862541835,-1.3613357945383038,-3.4995396893910504,-0.0077322176302338785,0.18305547231416563,0.28816111119232335,-1.300653025638652,-1.5321698875854215,-1.251184470390838,2.541081743693051,2.8851805946032814,2.9398224887670334
/multi_agv/path_reference,1789710654.998414,1789710654.997851,world,s_curve,1,2.850587598741678,0.09086521844944125,0.0,0.15364284568396025,-1.3610164850246314,-3.5008394267738256,-0.008505151904247416,0.18198146585421293,0.2874522231019153,-1.3001229149360367,-1.5318875551530944,-1.251038984984763,2.5397820063102756,2.883880857220506,2.9385227513842582
/multi_agv/path_reference,1789710655.0087655,1789710655.0078497,world,s_curve,1,2.8514961245326536,0.09086521844944125,0.0,0.15279252584754965,-1.3606965238213429,-3.5021373207609336,-0.009276301792908642,0.180909349676968,0.28674452965858965,-1.299592554169221,-1.5316042305456024,-1.2508927867492052,2.5384841123231676,2.882582963233398,2.9372248573971502
/multi_agv/path_reference,1789710655.0187645,1789710655.01787,world,s_curve,1,2.852406714193516,0.09086129733390798,-0.00039126036639964364,0.1519406917905398,-1.360374728618673,-3.5034381631335942,-0.010048512113798425,0.17983516790642634,0.28603541957899153,-1.2990599847275115,-1.5313188662842279,-1.2507453348442794,2.537183269950507,2.8812821208607375,2.9359240150244896
/multi_agv/path_reference,1789710655.0288866,1789710655.0278616,world,s_curve,1,2.8533143583128417,0.09086129733390798,0.0,0.15109203077014752,-1.3600528711908113,-3.504734797589774,-0.010817534173827748,0.17876483144022126,0.2853287950440491,-1.2985281381182279,-1.531033034084272,-1.2505974413699341,2.5358866354943275,2.879985486404558,2.93462738056831
/multi_agv/path_reference,1789710655.0386963,1789710655.0378594,world,s_curve,1,2.854222884241058,0.09086129733390798,0.0,0.1502429638638542,-1.3597295994265428,-3.50603269177294,-0.011586612138679536,0.17769382712955653,0.28462167660068566,-1.2979947767505187,-1.5307455346664136,-1.2504484868626962,2.534588741311161,2.8786875922213917,2.933329486385144
/multi_agv/path_reference,1789710655.0486405,1789710655.0478723,world,s_curve,1,2.8551327809936673,0.09086129733390798,0.0,0.14939303704375292,-1.3594047357901815,-3.507332544276667,-0.012356156102611565,0.1766215816897426,0.2839136855441279,-1.2974596107479308,-1.5304562086176943,-1.2502983880049192,2.533288888807434,2.8773877397176646,2.9320296338814167
/multi_agv/path_reference,1789710655.0586088,1789710655.0578349,world,s_curve,1,2.856038044624203,0.09086306522805554,0.0001774469622193288,0.14854785775227836,-1.3590804302409603,-3.5086257780345753,-0.013121090630586058,0.17555517015169306,0.2832094937357281,-1.2969261775402905,-1.5301669728939709,-1.2501481402886194,2.531995655049526,2.8760945059597565,2.9307364001235086
/multi_agv/path_reference,1789710655.0688233,1789710655.067919,world,s_curve,1,2.856954323856725,0.09086306522805554,0.0,0.14769282172591183,-1.3587510658487976,-3.50993474836675,-0.013894630105344613,0.1744761638435052,0.28249693143957494,-1.2963852465991368,-1.5298728136922903,-1.2499951372549656,2.5306866847173515,2.8747855356275824,2.929427429791334
/multi_agv/path_reference,1789710655.0784729,1789710655.0778008,world,s_curve,1,2.85785222648862,0.09086306522805554,0.0,0.14685535295919747,-1.3584272216148694,-3.5112174664123144,-0.014651968197020776,0.17341917214884503,0.2817988549257683,-1.2958541825889265,-1.529583184146298,-1.2498442981093838,2.529403966671787,2.8735028175820174,2.9281447117457695
/multi_agv/path_reference,1789710655.0887618,1789710655.0878506,world,s_curve,1,2.858765185766465,0.09086306522805554,0.0,0.1460042675565218,-1.3580968458295721,-3.5125216939520927,-0.015421306779365263,0.17234483789687274,0.281089271552058,-1.2953132177858775,-1.5292873080467908,-1.2496900116560479,2.5280997391320086,2.872198590042239,2.926840484205991
/multi_agv/path_reference,1789710655.0985482,1789710655.0978265,world,s_curve,1,2.8596718291830814,0.0908644251257796,0.00013628988272718567,0.14515949703473158,-1.3577676575351116,-3.513816898832973,-0.0161846242622338,0.17127831862096807,0.2803847967454606,-1.294775003019604,-1.5289920925873155,-1.2495358769984157,2.526804534251128,2.8709033851613586,2.9255452793251107
/multi_agv/path_reference,1789710655.108875,1789710655.1078484,world,s_curve,1,2.8605823060789297,0.0908644251257796,0.0,0.14431158444840317,-1.3574359765057644,-3.5151175801127565,-0.01695046702647479,0.1702076755865814,0.279677544785103,-1.2942335180558449,-1.5286942389743625,-1.249380172487086,2.5255038529713447,2.8696027038815752,2.9242445980453273
/multi_agv/path_reference,1789710655.1187758,1789710655.1178076,world,s_curve,1,2.861487385355332,0.0908644251257796,0.0,0.14346912674307155,-1.3571051693165679,-3.516410550507617,-0.01771107105020947,0.1691437644335172,0.27897468684590704,-1.2936942566964298,-1.528396771502619,-1.249224479750655,2.5242108825764844,2.8683097334867154,2.922951627650467
/multi_agv/path_reference,1789710655.1285613,1789710655.1278174,world,s_curve,1,2.8623967814188434,0.0908644251257796,0.0,0.14262308273738833,-1.3567716867472626,-3.5177096877412044,-0.018474599584935997,0.16807516752595092,0.2782686802711502,-1.2931514325008713,-1.5280964992523864,-1.24906712848853,2.522911745342897,2.8670105962531274,2.9216524904168795
/multi_agv/path_reference,1789710655.138794,1789710655.1378534,world,s_curve,1,2.8633087864508497,0.09086068424155934,-0.0003726945444292992,0.14177504730998816,-1.3564361439428543,-3.5190125520726423,-0.0192396097477201,0.16700389757250939,0.2775608541051753,-1.292606055327934,-1.5277939716439293,-1.2489084048566998,2.521608881011459,2.8657077319216895,2.9203496260854416
/multi_agv/path_reference,1789710655.1488037,1789710655.1478682,world,s_curve,1,2.864218703867775,0.09086068424155934,0.0,0.14092938947068093,-1.3561002683613077,-3.5203124340968213,-0.020002159992928537,0.1659354735214933,0.27685485488347816,-1.292060933673619,-1.5274907458110298,-1.2487491255992744,2.52030899898728,2.8644078498975105,2.9190497440612626
/multi_agv/path_reference,1789710655.1586764,1789710655.157868,world,s_curve,1,2.8651272237565157,0.09086068424155934,0.0,0.14008546676120334,-1.3557638122265234,-3.521610319652165,-0.020762831453141062,0.16486908458800414,0.276150147148747,-1.291515660801371,-1.527186600348217,-1.2485891755299823,2.519011113431936,2.8631099643421667,2.917751858505919
/multi_agv/path_reference,1789710655.168875,1789710655.1678753,world,s_curve,1,2.8660365609371112,0.09086068424155934,0.0,0.1392412228171526,-1.3554259570030143,-3.5229093727673018,-0.021523477940546626,0.16380213248801292,0.27544501390399156,-1.2909689093643935,-1.5268807957102954,-1.2484281659343537,2.5177120603167995,2.86181091122703,2.916452805390782
/multi_agv/path_reference,1789710655.1787097,1789710655.1778338,world,s_curve,1,2.8669414471874615,0.09086259731304461,0.0001920977845886413,0.13840154754717646,-1.3550886671422098,-3.524202067410659,-0.02227969562985324,0.16274079800682364,0.27474354026455905,-1.29042385374973,-1.5265751123414224,-1.2482670353354768,2.516419365673442,2.8605182165836727,2.9151601107474248
/multi_agv/path_reference,1789710655.1885762,1789710655.1878595,world,s_curve,1,2.8678524336800075,0.09086259731304461,0.0,0.137556652756722,-1.3547480073960911,-3.5255034766857247,-0.0230402989859754,0.16167270861775712,0.27403754863838437,-1.2898741367627329,-1.5262659826922897,-1.2481039027332508,2.5151179563983765,2.859216807308607,2.913858701472359
/multi_agv/path_reference,1789710655.1984031,1789710655.1978772,world,s_curve,1,2.868762538078459,0.09086259731304461,0.0,0.13671301945127637,-1.3544065798890188,-3.5268036258263695,-0.023799450872485695,0.16060605604421052,0.2733324531821044,-1.2893239641566792,-1.5259557646797623,-1.247940010830615,2.5138178072577317,2.8579166581679623,2.9125585523317143
/multi_agv/path_reference,1789710655.2083135,1789710655.207836,world,s_curve,1,2.869667549174018,0.09086259731304461,0.0,0.13587454826064757,-1.3540659759706417,-3.5280964988200254,-0.024553644380389095,0.15954577363842182,0.2726315155239101,-1.2887758924515464,-1.525645908040551,-1.2477761274198278,2.512524934264076,2.8566237851743064,2.9112656793380585
/multi_agv/path_reference,1789710655.218428,1789710655.2178833,world,s_curve,1,2.8705803073214913,0.09086378383314296,0.00011811639921148721,0.13502934641752004,-1.3537213585591101,-3.5294004390307014,-0.025313575497576818,0.15847682176230626,0.2719247929878308,-1.2882221418330366,-1.5253320106176453,-1.2476099232266484,2.5112209940534,2.8553198449636303,2.9099617391273824
/multi_agv/path_reference,1789710655.2284012,1789710655.2278876,world,s_curve,1,2.8714893094327323,0.09086378383314296,0.0,0.1341880698409548,-1.3533770644368144,-3.5306990134753318,-0.026069661296301172,0.15741267627149874,0.27122119454766697,-1.2876696857739962,-1.5250180200859436,-1.2474434874505034,2.5099224196087695,2.854021270519,2.908663164682752
/multi_agv/path_reference,1789710655.2385921,1789710655.237842,world,s_curve,1,2.8723937478195665,0.09086378383314296,0.0,0.13335146150877134,-1.3530334146447687,-3.5319910683136664,-0.026821238348023718,0.1563542790881738,0.27052134378616405,-1.2871190291087946,-1.5247042344814803,-1.2472769803440311,2.508630364770435,2.8527292156806654,2.9073711098444175
/multi_agv/path_reference,1789710655.2484887,1789710655.2478402,world,s_curve,1,2.8733024526245066,0.09086378383314296,0.0,0.13251135474242445,-1.3526870551110943,-3.533289218035009,-0.02757564343627411,0.15529129857539792,0.2698184090881497,-1.286564797027047,-1.5243875913914642,-1.247108776914772,2.507332215049092,2.8514310659593227,2.906072960123075
/multi_agv/path_reference,1789710655.2585049,1789710655.257858,world,s_curve,1,2.8742125665320946,0.09086305681853689,-7.2582968910481e-05,0.13167039658120835,-1.3523390657759746,-3.534589380760135,-0.028330496619087292,0.1542270825860515,0.26911460377666097,-1.2860087244900473,-1.5240690745585952,-1.2469393982792814,2.5060320523239663,2.850130903234197,2.904772797397949
/multi_agv/path_reference,1789710655.2684433,1789710655.267844,world,s_curve,1,2.875120050953681,0.09086305681853689,0.0,0.1308323192928622,-1.3519909934896868,-3.5358857870766873,-0.0290824484038196,0.1531663545367771,0.2684130517456292,-1.2854532818329407,-1.5237501005836736,-1.2467695980524462,2.504735646007414,2.848834496917645,2.9034763910813965
/multi_agv/path_reference,1789710655.2787101,1789710655.2778578,world,s_curve,1,2.8760298535644364,0.09086305681853689,0.0,0.12999255474873606,-1.3516409418053734,-3.5371855050920518,-0.029835597640407913,0.15210333278563873,0.26770992910097746,-1.2848954423026162,-1.5234289317656813,-1.246598451347823,2.5034359279920495,2.84753477890228,2.902176673066032
/multi_agv/path_reference,1789710655.2886677,1789710655.2878067,world,s_curve,1,2.876933945522934,0.09086305681853689,0.0,0.12915851260369113,-1.3512920064915575,-3.5384770650327626,-0.030583300689223325,0.15104739777436038,0.2670114407259364,-1.2843401350771477,-1.5231084105570172,-1.2464274738405077,2.5021443680513387,2.846243218961569,2.9008851131253213
/multi_agv/path_reference,1789710655.298552,1789710655.297805,world,s_curve,1,2.877842447428276,0.09086441990234338,0.00013632972988507477,0.1283208568294135,-1.3509402844461746,-3.5397749248975368,-0.03133392780336597,0.14998673001248283,0.2663097682791237,-1.2837811469899745,-1.5227849525019952,-1.2462547538465545,2.5008465081865645,2.844945359096795,2.899587253260547
/multi_agv/path_reference,1789710655.3087707,1789710655.3078136,world,s_curve,1,2.8787518546158335,0.09086441990234338,0.0,0.12748282421946433,-1.3505871234932372,-3.541074078022619,-0.03208457570199308,0.14892542664398584,0.26560762171640034,-1.2832206267585422,-1.522459793808398,-1.2460809499127714,2.499547355061482,2.8436462059717127,2.898288100135465
/multi_agv/path_reference,1789710655.3186204,1789710655.3178098,world,s_curve,1,2.8796601628890968,0.09086441990234338,0.0,0.12664626291587455,-1.3502333029356806,-3.542371661270138,-0.032833589058931245,0.14786582825358122,0.2649065495529737,-1.2826598109873284,-1.5221336521118203,-1.245906445707893,2.4982497718139633,2.842348622724194,2.896990516887946
/multi_agv/path_reference,1789710655.3286653,1789710655.3278131,world,s_curve,1,2.8805691083945364,0.09086441990234338,0.0,0.12580957499142234,-1.349878147854512,-3.5436701548493375,-0.033582398814301584,0.14680591100318827,0.26420521278538045,-1.2820976293678894,-1.5218059055729243,-1.2457309086227228,2.496951278234764,2.8410501291449943,2.8956920233087464
/multi_agv/path_reference,1789710655.338666,1789710655.3378096,world,s_curve,1,2.8814773406425545,0.09086067757311979,-0.0003743872447816844,0.12497400500027604,-1.3495221864942357,-3.5449676294893635,-0.03432989116286973,0.1457472514960357,0.2635046546676622,-1.2815349180740259,-1.5214770417034633,-1.2455545997052182,2.4956538035947378,2.8397526545049683,2.8943945486687204
/multi_agv/path_reference,1789710655.3490305,1789710655.3479261,world,s_curve,1,2.882396577754119,0.09086067757311979,0.0,0.12412878163480323,-1.3491608082877964,-3.546280825363027,-0.03508569659520924,0.14467619987758995,0.26279584162202907,-1.2809644013300623,-1.5211427945641387,-1.2453752289691882,2.494340607721074,2.8384394586313046,2.8930813527950567
/multi_agv/path_reference,1789710655.3588274,1789710655.3578415,world,s_curve,1,2.883297492264887,0.09086067757311979,0.0,0.12330086705520507,-1.3488055558540044,-3.5475678460926954,-0.03582570914640207,0.1436269239600321,0.2621013863519853,-1.280404293099914,-1.5208138446388815,-1.2451985298232175,2.493053586991406,2.8371524379016364,2.8917943320653885
/multi_agv/path_reference,1789710655.3688037,1789710655.367813,world,s_curve,1,2.884203499425772,0.09086067757311979,0.0,0.12246873413346392,-1.3484472212903982,-3.548862142036817,-0.03656917733134578,0.1425721444447965,0.26140323528694115,-1.279840059004589,-1.5204816739266485,-1.2450199309399572,2.491759291047284,2.8358581419575146,2.8905000361212667
/multi_agv/path_reference,1789710655.3788695,1789710655.3778718,world,s_curve,1,2.8851172578066664,0.09086260972465178,0.0001921299265221765,0.12162995237593034,-1.3480847307101507,-3.5501675111523805,-0.037318265944190146,0.14150877716176788,0.2606993459102134,-1.279270023758371,-1.5201452791375398,-1.244838889234541,2.4904539219317208,2.8345527728419513,2.8891946670057034
/multi_agv/path_reference,1789710655.3887742,1789710655.3878617,world,s_curve,1,2.886025072773396,0.09086260972465178,0.0,0.12079709566477782,-1.34772351388571,-3.5514643896762794,-0.038061744697783964,0.14045276216606492,0.26000026952605265,-1.2787027283304724,-1.5198096980330442,-1.2446581152936136,2.489157043407822,2.8332558943180524,2.8878977884818045
/multi_agv/path_reference,1789710655.3988678,1789710655.3979113,world,s_curve,1,2.886938232551417,0.09086260972465178,0.0,0.11995980873117874,-1.3473590811074916,-3.552768903644881,-0.03880885790851131,0.1393909697405345,0.2592973143615131,-1.2781311207630255,-1.519470759914679,-1.24447536264477,2.48785252943922,2.8319513803494507,2.886593274513203
/multi_agv/path_reference,1789710655.4086256,1789710655.4078436,world,s_curve,1,2.8878407785771336,0.09086260972465178,0.0,0.1191327214748268,-1.3469978112869019,-3.5540582551101907,-0.039546554046827095,0.1383419539489581,0.2586027645223495,-1.2775651999293918,-1.5191344006215195,-1.2442938333097946,2.4865631779739106,2.830662028884141,2.885303923047893
/multi_agv/path_reference,1789710655.4186208,1789710655.4178617,world,s_curve,1,2.8887509569110317,0.09086408227619495,0.00014700640477993237,0.11829911243490018,-1.346632406786706,-3.555358509872902,-0.04028974889206016,0.13728450731381825,0.25790257888294255,-1.2769935306971385,-1.518793827497885,-1.2441098621650943,2.485262923211199,2.82936177412143,2.8840036682851817
/multi_agv/path_reference,1789710655.4284496,1789710655.4278388,world,s_curve,1,2.8896576550597146,0.09086408227619495,0.0,0.1174691638303693,-1.3462673222352823,-3.5566537929424493,-0.04102936242776774,0.136231545071718,0.2572053088471577,-1.27642308715465,-1.5184531899775402,-1.243925689573657,2.483967640141652,2.8280664910518825,2.8827083852156346
/multi_agv/path_reference,1789710655.4385445,1789710655.437815,world,s_curve,1,2.890564088703054,0.09086408227619495,0.0,0.11663993065830688,-1.3459012700802473,-3.55794869814722,-0.041768021078055745,0.1351793318554527,0.2565084811975238,-1.2758518530470542,-1.518111288961993,-1.2437406682316945,2.482672734936881,2.8267715858471116,2.8814134800108637
/multi_agv/path_reference,1789710655.4483967,1789710655.447874,world,s_curve,1,2.891478006093938,0.09086408227619495,0.0,0.11580433185408893,-1.3455311086064803,-3.5592542944199113,-0.04251202864085053,0.13411888055537902,0.2558061436477384,-1.2752749345031578,-1.5177651856814542,-1.2435532056348289,2.48136713866419,2.8254659895744205,2.8801078837381726
/multi_agv/path_reference,1789710655.4584873,1789710655.4578414,world,s_curve,1,2.8923837658075935,0.090858869541746,-0.0005229015511647605,0.1149766693669522,-1.3451631747113817,-3.5605482368679904,-0.04324865117394455,0.13306834181519428,0.25511031745960694,-1.2747022072206464,-1.5174208055671017,-1.243366511346397,2.480073196216111,2.8241720471263414,2.8788139412900935
/multi_agv/path_reference,1789710655.4684105,1789710655.4678767,world,s_curve,1,2.893295445885188,0.090858869541746,0.0,0.11414407840142926,-1.3447917548287522,-3.56185063697884,-0.04398933959902218,0.1320113872116134,0.2544101875916967,-1.274124774480824,-1.5170728021783708,-1.243177687827062,2.478770796105261,2.8228696470154917,2.877511541179244
/multi_agv/path_reference,1789710655.478638,1789710655.4778793,world,s_curve,1,2.894204250097844,0.090858869541746,0.0,0.11331459599432467,-1.3444204275938678,-3.5631489287112057,-0.04472694240378805,0.1309582187497056,0.25371251163705655,-1.2735482035511736,-1.5167245267211544,-1.2429885525092754,2.4774725043728956,2.821571355283126,2.876213249446878
/multi_agv/path_reference,1789710655.4884987,1789710655.4878073,world,s_curve,1,2.8951064375133257,0.090858869541746,0.0,0.11249163039430307,-1.3440507390240306,-3.5644377678761794,-0.045458433869156295,0.12991316628595895,0.2530201587661067,-1.272974883776492,-1.5163774348293404,-1.2427998984662594,2.476183665207922,2.820282516118153,2.8749244102819045
/multi_agv/path_reference,1789710655.4986157,1789710655.4978392,world,s_curve,1,2.8960179265416897,0.09086122710524354,0.00023501227738206046,0.11166066442143577,-1.3436761623556883,-3.5657398950595565,-0.04619671616004947,0.12885779433206093,0.2523209150922959,-1.2723946963497754,-1.5160253971170794,-1.2426083936002101,2.474881538024545,2.8189803889347758,2.8736222830985274
/multi_agv/path_reference,1789710655.5083585,1789710655.507824,world,s_curve,1,2.8969251026601865,0.09086122710524354,0.0,0.11083411530662456,-1.343302284096483,-3.5670358609431236,-0.04693075438975207,0.12780787210993802,0.2516252281996878,-1.2718163002277183,-1.5156736610126693,-1.2424168910490614,2.4735855721409776,2.817684423051208,2.8723263172149602
/multi_agv/path_reference,1789710655.5184927,1789710655.5179672,world,s_curve,1,2.8978467330735524,0.09086122710524354,0.0,0.1099948934718807,-1.3429213520746206,-3.5683524758193603,-0.04767572000119631,0.12674168890988946,0.250918711506949,-1.271227714651042,-1.5153149274843716,-1.2422214140884482,2.472268957264741,2.816367808174972,2.8710097023387235
/multi_agv/path_reference,1789710655.528523,1789710655.527982,world,s_curve,1,2.898756603227433,0.09086122710524354,0.0,0.1091668729958056,-1.3425441973733594,-3.569652290324904,-0.04841041888000239,0.12568957467992992,0.2502214631874894,-1.2706456780208275,-1.5149593948736304,-1.2420275192256205,2.470969142759197,2.8150679936694276,2.8697098878331797
/multi_agv/path_reference,1789710655.538378,1789710655.5378284,world,s_curve,1,2.899651266542108,0.0908629956600879,0.00017961638586518348,0.10835316984478828,-1.342172297497534,-3.5709303807744397,-0.04913210054268456,0.12465549587658656,0.24953611420046293,-1.270072438891677,-1.5146084716778752,-1.2418359819230498,2.4696910523096616,2.813789903219892,2.868431797383644
/multi_agv/path_reference,1789710655.5485477,1789710655.5478728,world,s_curve,1,2.900563890745135,0.0908629956600879,0.0,0.10752362173463095,-1.3417918599209147,-3.572234129635907,-0.049867514727253426,0.12360112050932627,0.2488372594218201,-1.269486741407517,-1.5142491416841086,-1.2416396966711185,2.4683873034481945,2.812486154358425,2.867128048522177
/multi_agv/path_reference,1789710655.5587204,1789710655.5578477,world,s_curve,1,2.9014701383648527,0.0908629956600879,0.0,0.10670036119717755,-1.3414130107155722,-3.5735287690926465,-0.050597034330564034,0.12255457655899409,0.24814354136310268,-1.2689041880786736,-1.5138909625101744,-1.2414438815578686,2.4670926639914548,2.8111915149016853,2.8658334090654374
/multi_agv/path_reference,1789710655.5684314,1789710655.5678785,world,s_curve,1,2.902381709556623,0.0908629956600879,0.0,0.10587276031175481,-1.3410308606219024,-3.574831013652318,-0.05133007764720875,0.12150235381955546,0.24744600476291786,-1.2683172598470278,-1.5135293122288107,-1.2412460097898685,2.4657904194317832,2.8098892703420137,2.864531164505766
/multi_agv/path_reference,1789710655.578336,1789710655.5778244,world,s_curve,1,2.9032854381622473,0.09085998821725975,-0.000302365354188256,0.10505277163239314,-1.3406509345193152,-3.576122054517496,-0.05205605911082735,0.12045964962625953,0.24675472438174734,-1.2677344391119103,-1.513169420805516,-1.241048943640519,2.464499378566605,2.8085982294768357,2.8632401236405878
/multi_agv/path_reference,1789710655.5884347,1789710655.5878673,world,s_curve,1,2.9041979203099966,0.09085998821725975,0.0,0.10422533869523772,-1.340266255062736,-3.577425600442852,-0.052788308592266034,0.11940731789301792,0.24605700678496137,-1.2671450230881902,-1.5128046783418367,-1.240849063758181,2.463195832641249,2.80729468355148,2.8619365777152317
/multi_agv/path_reference,1789710655.5983765,1789710655.5978048,world,s_curve,1,2.9051009950871456,0.09085998821725975,0.0,0.10340693075423339,-1.339884479762989,-3.5787157072673508,-0.053512251694227145,0.11836630438214313,0.24536673957478428,-1.266560744317318,-1.5124423458272764,-1.2406503491443723,2.4619057258167505,2.806004576726981,2.860646470890733
/multi_agv/path_reference,1789710655.6085324,1789710655.6078248,world,s_curve,1,2.9060112724264204,0.09085998821725975,0.0,0.10258249456496937,-1.33949859158678,-3.5800161034663147,-0.05424120532597165,0.11731746201461546,0.24467122700626442,-1.2659708610865392,-1.5120757648579224,-1.2404491488158789,2.4606053296177866,2.804704180528017,2.859346074691769
/multi_agv/path_reference,1789710655.618381,1789710655.6178484,world,s_curve,1,2.906922103453893,0.09086208073586795,0.00020874409081841032,0.10175805984480486,-1.3391113959865566,-3.581317290648418,-0.054969833974527385,0.11626845967823507,0.24397555383070701,-1.265379670800202,-1.5117075961089057,-1.240246921050562,2.459304142435683,2.803402993345914,2.858044887509666
/multi_agv/path_reference,1789710655.62834,1789710655.6278563,world,s_curve,1,2.907831436165654,0.09086208073586795,0.0,0.10093548455494858,-1.3387237676153432,-3.5826163373795055,-0.05569649609384372,0.11522166167856104,0.24328128808012853,-1.2647885078400753,-1.511338671789904,-1.2400441232160504,2.458005095704596,2.8021039466148263,2.8567458407785784
/multi_agv/path_reference,1789710655.6385398,1789710655.6379313,world,s_curve,1,2.908746932597524,0.09086208073586795,0.0,0.10010784303115497,-1.3383324325891028,-3.583924189425034,-0.05642730730679074,0.1141682532455253,0.2425825831547304,-1.264192384648218,-1.5109658733374225,-1.239839039781668,2.4566972436590673,2.800796094569298,2.85543798873305
/multi_agv/path_reference,1789710655.6488726,1789710655.6479673,world,s_curve,1,2.909658818624616,0.09086208073586795,0.0,0.09928397489032809,-1.3379415652294053,-3.585226883749451,-0.05715446083423495,0.11311948463449319,0.24188690087072612,-1.2635976628025636,-1.5105931759085967,-1.2396338569770555,2.4553945493346503,2.799493400244881,2.854135294408633
/multi_agv/path_reference,1789710655.658513,1789710655.6578288,world,s_curve,1,2.9105547088191814,0.09086365480617815,0.00015964655286420792,0.09847505482979102,-1.3375565100832632,-3.5865067268845445,-0.057868104264650305,0.11208958632431922,0.24120368242970425,-1.2630124519406438,-1.510225686638271,-1.2394313916708743,2.4541147061995567,2.7982135571097873,2.8528554512735393
/multi_agv/path_reference,1789710655.6685405,1789710655.6678421,world,s_curve,1,2.911464563667127,0.09086365480617815,0.0,0.09765403125710072,-1.3371643927278012,-3.5878065195244666,-0.058592103978690344,0.11104411718938903,0.24051008056060355,-1.2624171839245362,-1.5098511194867676,-1.2392248747720995,2.4528149135596347,2.796913764469865,2.8515556586336173
/multi_agv/path_reference,1789710655.6786315,1789710655.6779468,world,s_curve,1,2.912382870924833,0.09086365480617815,0.0,0.09682589791169423,-1.3367675511216328,-3.5891183870354757,-0.05932204446795934,0.10998943028040166,0.23981030792264046,-1.2618154324684527,-1.5094716952976717,-1.2390155255987743,2.4515030460486256,2.795601896958856,2.850243791122608
/multi_agv/path_reference,1789710655.6887057,1789710655.6879663,world,s_curve,1,2.9132932814040275,0.09086365480617815,0.0,0.09600540070132912,-1.3363730495995645,-3.590418973434325,-0.06004492793566729,0.10894430533920008,0.2391168247004547,-1.2612179105052523,-1.5090941680152699,-1.2388070702781713,2.4502024596497765,2.7943013105600074,2.848943204723759
/multi_agv/path_reference,1789710655.698551,1789710655.6978912,world,s_curve,1,2.91419489198054,0.09086098709312156,-0.00026884227838284074,0.09519334075807726,-1.3359813096779214,-3.591706988543628,-0.060760057508591925,0.1079097673145352,0.23843031246828858,-1.2606252377986251,-1.5087189503230172,-1.238599740912122,2.448914444540473,2.7930132954507036,2.8476551896144557
/multi_agv/path_reference,1789710655.7085576,1789710655.7079308,world,s_curve,1,2.915107276580319,0.09086098709312156,0.0,0.09437209103731246,-1.335583824541423,-3.5930103951147414,-0.061482955185752405,0.10686335947985633,0.23773586881783354,-1.26002454604562,-1.5083378931264968,-1.2383890344521524,2.44761103796936,2.7917098888795904,2.8463517830433425
/multi_agv/path_reference,1789710655.7186122,1789710655.7178898,world,s_curve,1,2.91601215569912,0.09086098709312156,0.0,0.09355810951973777,-1.3351885522404214,-3.5943030795701714,-0.062199132206302396,0.10582605108874427,0.23704740967677157,-1.2594278655361955,-1.507958623750679,-1.23817916743439,2.44631835351393,2.7904172044241604,2.8450590985879125
/multi_agv/path_reference,1789710655.7284186,1789710655.727877,world,s_curve,1,2.9169194653493262,0.09086098709312156,0.0,0.09274245525941431,-1.3347911622420252,-3.595599236213323,-0.0629164579389787,0.10478644950999348,0.23635737420722824,-1.2588286534505488,-1.5075769897930487,-1.2379678434824783,2.445022196870778,2.7891210477810087,2.8437629419447608
/multi_agv/path_reference,1789710655.7384822,1789710655.737855,world,s_curve,1,2.9178261597799695,0.09086283552344125,0.0001852372910197346,0.09192786925269009,-1.3343929860114827,-3.596894513971385,-0.0636325208472095,0.10374804782314462,0.23566808078213525,-1.2582289194711052,-1.5071942689308018,-1.2377557696325412,2.4437269191127164,2.7878257700229474,2.842467664186699
/multi_agv/path_reference,1789710655.748358,1789710655.74786,world,s_curve,1,2.9187352376336513,0.09086283552344125,0.0,0.09111166039634544,-1.3339927042002193,-3.5981931966195018,-0.0643496855974921,0.10270741503436519,0.23497725175216333,-1.2576266783655308,-1.5068091920547493,-1.2375422421803781,2.4424282364645995,2.78652708737483,2.841168981538582
/multi_agv/path_reference,1789710655.75834,1789710655.7578008,world,s_curve,1,2.9196385964896026,0.09086283552344125,0.0,0.09030110177019021,-1.333593891184454,-3.5994837092708605,-0.06506156347410347,0.10167382495025827,0.23429104383441596,-1.2570273041625062,-1.5064251995966442,-1.237329169794212,2.441137723813241,2.7852365747234717,2.8398784688872234
/multi_agv/path_reference,1789710655.7684345,1789710655.767802,world,s_curve,1,2.92054730825692,0.09086283552344125,0.0,0.08948626020195054,-1.3331916596860742,-3.6007818689384568,-0.06577687850510079,0.10063461122839612,0.23360104788255637,-1.2564234516906094,-1.50603758607542,-1.2371139412921932,2.4398395641456445,2.783938415055875,2.838580309219627
/multi_agv/path_reference,1789710655.7782722,1789710655.777833,world,s_curve,1,2.9214587146121076,0.0908576865114213,-0.0005133026748051656,0.0886695277972813,-1.3327871728438037,-3.6020838780172966,-0.06649352643107054,0.09959282247241669,0.23290928735049782,-1.2558168759590342,-1.5056474679767236,-1.2368971745956532,2.4385375550668047,2.782636405977035,2.8372783001407873
/multi_agv/path_reference,1789710655.7882738,1789710655.787834,world,s_curve,1,2.922367368161109,0.0908576865114213,0.0,0.08785578723130663,-1.3323828494012182,-3.60338195451587,-0.06720722296657364,0.09855468687991997,0.23221989778057361,-1.2552112039064378,-1.5052571781672583,-1.2366801661299587,2.437239478568231,2.7813383294784617,2.835980223642214
/multi_agv/path_reference,1789710655.798306,1789710655.797832,world,s_curve,1,2.9232757690348845,0.0908576865114213,0.0,0.08704279822224406,-1.3319775829446214,-3.6046796700498347,-0.0679199345924821,0.0975173472231385,0.23153098203607592,-1.2546047748102918,-1.5048656502691995,-1.236462323754373,2.4359417630342666,2.780040613944497,2.834682508108249
/multi_agv/path_reference,1789710655.8084533,1789710655.8078496,world,s_curve,1,2.924185852683872,0.0908576865114213,0.0,0.08622883120095971,-1.3315705082373779,-3.6059797895483885,-0.06863317677802726,0.09647859626516155,0.23084107411574495,-1.2539962954813584,-1.5044720476062587,-1.2362431816245163,2.4346416435357128,2.7787404944459433,2.8333823886096954
/multi_agv/path_reference,1789710655.8182616,1789710655.8178008,world,s_curve,1,2.9250901186710054,0.09086030219381017,0.0002628227708184592,0.08542059227170919,-1.331164987963844,-3.6072715981014363,-0.06934107548914785,0.09544699315839505,0.23015585914588044,-1.2533907879237403,-1.5040796237968452,-1.2360245521709468,2.433349834982665,2.777448685892896,2.8320905800566476
/multi_agv/path_reference,1789710655.8286152,1789710655.827866,world,s_curve,1,2.926004522305496,0.09086030219381017,0.0,0.08460382557766379,-1.3307538601827265,-3.6085778890078513,-0.07005611443949954,0.09440434115771053,0.22946325001478046,-1.25277756279764,-1.5036814458779106,-1.2358025718726287,2.43204354407625,2.7761423949864805,2.8307842891502326
/multi_agv/path_reference,1789710655.838373,1789710655.8378525,world,s_curve,1,2.926912004383886,0.09086030219381017,0.0,0.08379377300457162,-1.3303447899769767,-3.6098742919769795,-0.07076494837203588,0.09337009657620578,0.2287761708095451,-1.2521680565684479,-1.5032849357698244,-1.235581377592658,2.4307471411071218,2.7748459920173523,2.8294878861811044
/multi_agv/path_reference,1789710655.848306,1789710655.8478384,world,s_curve,1,2.92781933136374,0.09086030219381017,0.0,0.08298438968975207,-1.3299347402479837,-3.611170473376771,-0.07147287065151815,0.09233654347937727,0.22808949624139718,-1.251557736427545,-1.50288715341269,-1.2353593309037163,2.42945095970733,2.773549810617561,2.8281917047813128
/multi_agv/path_reference,1789710655.8585143,1789710655.8578537,world,s_curve,1,2.9287291657727907,0.09086232143060867,0.00020165487390342215,0.08217330399464796,-1.3295225042373677,-3.612470236818272,-0.07218195434221412,0.09130065272412406,0.22740121360203402,-1.2509448087776474,-1.5024869268946603,-1.2351357770397957,2.428151196265829,2.7722500471760596,2.8268919413398117
/multi_agv/path_reference,1789710655.8683834,1789710655.8678334,world,s_curve,1,2.929636127660412,0.09086232143060867,0.0,0.08136531291726778,-1.3291105210240794,-3.613765896657731,-0.07288800592307085,0.09026855099215708,0.22671539368271726,-1.25033289966661,-1.5020866244366082,-1.2349120389690202,2.42685553642637,2.7709543873366007,2.825596281500353
/multi_agv/path_reference,1789710655.8783174,1789710655.8778322,world,s_curve,1,2.9305446601941214,0.09086232143060867,0.0,0.08055645847228415,-1.3286967750449012,-3.615063800277316,-0.0735944847128693,0.089235182800494,0.22602867732922785,-1.2497190141553471,-1.501684288305353,-1.2346870226740037,2.425557632806785,2.7696564837170157,2.8242983778807678
/multi_agv/path_reference,1789710655.8882916,1789710655.8878493,world,s_curve,1,2.9314546900480254,0.09086232143060867,0.0,0.07974681030954443,-1.3282812945153393,-3.6163638429257503,-0.07430132818102127,0.0882006362222154,0.22534112288743924,-1.249103197622376,-1.5012799443003542,-1.2344607416232876,2.424257590158351,2.7683564410685815,2.8229983352323336
/multi_agv/path_reference,1789710655.8984482,1789710655.897802,world,s_curve,1,2.93235912670318,0.09085949307142747,-0.0002841362962931212,0.07894267429909116,-1.3278673249214956,-3.6176558952902567,-0.07500303338872039,0.087172969903038,0.22465808638295595,-1.248490255912248,-1.5008767530873377,-1.2342349657649012,2.4229655377938446,2.767064388704075,2.821706282867827
/multi_agv/path_reference,1789710655.908681,1789710655.907852,world,s_curve,1,2.9332721154172603,0.09085949307142747,0.0,0.0781314776263241,-1.3274483878978627,-3.6189601648818,-0.07571057005348693,0.0861361153576846,0.22396888757477468,-1.2478705997551733,-1.5004684034301405,-1.2340061605082742,2.421661268202301,2.7657601191125316,2.8204020132762837
/multi_agv/path_reference,1789710655.9185731,1789710655.9178007,world,s_curve,1,2.934176194812888,0.09085949307142747,0.0,0.07732873611445046,-1.3270324966830747,-3.620251706875554,-0.07641040522831877,0.08510990461592666,0.2232867089557436,-1.247256081501719,-1.500062706232597,-1.233778702314908,2.420369726208547,2.7644685771187776,2.8191104712825297
/multi_agv/path_reference,1789710655.9287243,1789710655.9278517,world,s_curve,1,2.935089315454952,0.09085949307142747,0.0,0.0765185125988906,-1.3266113945094136,-3.6215561649356456,-0.07711643298352767,0.0840739638926332,0.22259800688756637,-1.2466345009970536,-1.4996516070490076,-1.2335480754821795,2.4190652681484557,2.763164119058686,2.8178060132224383
/multi_agv/path_reference,1789710655.9386778,1789710655.937852,world,s_curve,1,2.9359978329241243,0.09086169627298421,0.00022034428337261048,0.0757129193702272,-1.3261913666258822,-3.6228540470344632,-0.0778180962640676,0.08304377856922124,0.22191307580552805,-1.2460151404843263,-1.4992412395047854,-1.233317719888535,2.417767386049638,2.7618662369598685,2.8165081311236206
/multi_agv/path_reference,1789710655.9487133,1789710655.947853,world,s_curve,1,2.9369064234461004,0.09086169627298421,0.0,0.07490780721565443,-1.325770259707782,-3.624152033494429,-0.07851901145980097,0.08201404391042323,0.22122838919634114,-1.2453948199818998,-1.4988295021654965,-1.23308645697595,2.416469399589672,2.7605682504999027,2.815210144663655
/multi_agv/path_reference,1789710655.9584017,1789710655.957801,world,s_curve,1,2.937810667144527,0.09086169627298421,0.0,0.07410709007294387,-1.3253501304330424,-3.625443810206467,-0.07921577349947291,0.0809897670016346,0.22054727671667,-1.2447765646316329,-1.4984184081684357,-1.2328554184990586,2.4151776228776343,2.759276473787865,2.813918367951617
/multi_agv/path_reference,1789710655.9684741,1789710655.9678743,world,s_curve,1,2.938725912468,0.09086169627298421,0.0,0.07329718434777859,-1.3249238364063471,-3.6267513035257144,-0.0799201987999895,0.07995356984092991,0.2198581820023954,-1.2441498709140548,-1.4980009652598343,-1.2326206730451525,2.413870129558387,2.7579689804686174,2.8126108746323695
/multi_agv/path_reference,1789710655.9784613,1789710655.977937,world,s_curve,1,2.9396402536890673,0.09086289434882253,0.00011905909501891057,0.07248863589269365,-1.3244969065015104,-3.628057505270096,-0.0806231094835536,0.07891894212407188,0.21917007503756272,-1.2435228771597564,-1.497582582285992,-1.2323852600587826,2.412563927814005,2.756662778724236,2.811304672887988
/multi_agv/path_reference,1789710655.9882457,1789710655.9878309,world,s_curve,1,2.9405392519835205,0.09086289434882253,0.0,0.0716941992581287,-1.3240761117118063,-3.6293417885478862,-0.08131342628490842,0.07790220920855923,0.21849381485073538,-1.242905510348494,-1.4971699030864694,-1.2321529217004554,2.411279644536215,2.7553784954464455,2.8100203896101976
/multi_agv/path_reference,1789710655.9983897,1789710655.9978554,world,s_curve,1,2.941449998850213,0.09086289434882253,0.0,0.07088993265832794,-1.323648776978903,-3.6306428555003043,-0.08201195502382286,0.07687273080628756,0.2178090221925192,-1.2422791712084746,-1.4967504988834548,-1.2319166608447796,2.409978577583797,2.7540774284940275,2.8087193226577796
/multi_agv/path_reference,1789710656.0082824,1789710656.007852,world,s_curve,1,2.9423583413938585,0.09086289434882253,0.0,0.07008834377016261,-1.323221528440268,-3.631940487705512,-0.0827078273887945,0.07584651457497567,0.21712634412430676,-1.2416535808188973,-1.4963308680756056,-1.2316801364263013,2.408680945378589,2.7527797962888196,2.8074216904525717
/multi_agv/path_reference,1789710656.0183415,1789710656.0178673,world,s_curve,1,2.9432683986554835,0.0908635701070833,6.747026884231088e-05,0.06928579828312945,-1.3227924307335037,-3.6332405695078336,-0.08340419877234972,0.07481890798280356,0.21644268563893465,-1.2410259045800847,-1.4959091101640294,-1.2314422774563971,2.4073808635762677,2.751479714486498,2.8061216086502503
/multi_agv/path_reference,1789710656.0283766,1789710656.0278409,world,s_curve,1,2.9441746837159957,0.0908635701070833,0.0,0.06848713443167304,-1.3223640751032042,-3.634535262451422,-0.08409687213720346,0.0737961066133063,0.21576216881891638,-1.240399930873004,-1.495487773118163,-1.2312045213184457,2.4060861706326793,2.7501850215429102,2.804826915706662
/multi_agv/path_reference,1789710656.0383766,1789710656.0378592,world,s_curve,1,2.945084851104268,0.0908635701070833,0.0,0.0676856080400552,-1.3219328443081106,-3.6358355015775254,-0.08479169659068007,0.07276947359156939,0.2150790471192764,-1.239770373723628,-1.4950632989111472,-1.2309648602895564,2.404785931506576,2.7488847824168063,2.8035266765805584
/multi_agv/path_reference,1789710656.048247,1789710656.0478525,world,s_curve,1,2.9459929193623435,0.0908635701070833,0.0,0.06688648962560624,-1.3215015699146324,-3.6371327419462047,-0.08548410226452087,0.07174575914770664,0.21439781199363306,-1.2391413688035842,-1.4946384738366778,-1.2307248671036353,2.4034886911378965,2.747587542048127,2.802229436211879
/multi_agv/path_reference,1789710656.0583198,1789710656.0578475,world,s_curve,1,2.946901107700906,0.09086481145083831,0.00012419721929392435,0.06608782574233771,-1.3210692020834893,-3.6384301538584367,-0.08617578283076244,0.07072246135611238,0.21371679870166327,-1.2385113829244434,-1.494212264759207,-1.2304839585668175,2.4021912792256646,2.746290130135895,2.800932024299647
/multi_agv/path_reference,1789710656.068564,1789710656.0679302,world,s_curve,1,2.947817378464447,0.09086481145083831,0.0,0.06528262335417626,-1.3206319365992725,-3.639739112092067,-0.08687279007058724,0.06969061802475844,0.21303004210835763,-1.2378748815191205,-1.4937809174885175,-1.2302400107901794,2.4008823209920345,2.744981171902265,2.799623066066017
/multi_agv/path_reference,1789710656.0783257,1789710656.0778546,world,s_curve,1,2.948719003274219,0.09086481145083831,0.0,0.0644908507369755,-1.32020063240756,-3.6410271475345986,-0.08755784248161544,0.06867581978849212,0.2123545749040499,-1.2372476644647623,-1.4933551473184852,-1.2299990854394323,2.3995942855495027,2.7436931364597337,2.7983350306234853
/multi_agv/path_reference,1789710656.0883021,1789710656.0878634,world,s_curve,1,2.9496285495873886,0.09086481145083831,0.0,0.0636926853685467,-1.3197645057942424,-3.642326499410555,-0.08824809443281152,0.06765266230681898,0.21167348823163273,-1.236614043177639,-1.492924312281338,-1.2297551619237503,2.3982949336735464,2.742393784583777,2.797035678747529
/multi_agv/path_reference,1789710656.0983384,1789710656.09787,world,s_curve,1,2.9505377389152234,0.09086119957725004,-0.0003609580061100929,0.06289540028116623,-1.3193275142535474,-3.643625341307462,-0.08893725208467317,0.06663046673092797,0.210992986197244,-1.2359797747787773,-1.4924923180637208,-1.2295104499181442,2.3969960917766393,2.74109494268687,2.795736836850622
/multi_agv/path_reference,1789710656.1084538,1789710656.107852,world,s_curve,1,2.9514446107373016,0.09086119957725004,0.0,0.06210071393551648,-1.3188906046541353,-3.644920872481859,-0.08962383144770156,0.06561143691192002,0.21031453634233105,-1.2353462312454144,-1.4920601020380078,-1.229265480678984,2.395700560602242,2.7397994115124726,2.7944413056762247
/multi_agv/path_reference,1789710656.1186478,1789710656.1178644,world,s_curve,1,2.952354343596832,0.09086119957725004,0.0,0.06130408975390725,-1.3184512828234176,-3.646220490852617,-0.09031175172545902,0.06458975556878993,0.20963426541839097,-1.234709796017273,-1.4916251965637755,-1.2290188558892043,2.3944009422314845,2.738499793141715,2.793141687305467
/multi_agv/path_reference,1789710656.1284056,1789710656.127858,world,s_curve,1,2.9532624015210094,0.09086119957725004,0.0,0.060509502295486205,-1.318011737778186,-3.6475177164585846,-0.09099758004426378,0.06357051977363519,0.2089555671570873,-1.2340736415352034,-1.4911897680591615,-1.2287718037401931,2.3931037166255167,2.737202567535747,2.7918444616994993
/multi_agv/path_reference,1789710656.1384432,1789710656.1378212,world,s_curve,1,2.954167706117988,0.09086299098598354,0.00017979888332254383,0.05971789233880837,-1.3175724998325289,-3.6488110087399828,-0.09168050683348897,0.06255493750958663,0.20827924634032752,-1.2334385309016285,-1.4907543440734856,-1.2285246245224726,2.3918104243441185,2.7359092752543495,2.790551169418101
/multi_agv/path_reference,1789710656.1485455,1789710656.147838,world,s_curve,1,2.9550779950952,0.09086299098598354,0.0,0.05892249733386454,-1.3171298118064283,-3.6501114215645716,-0.09236636496419445,0.06153433227805413,0.20759952468773404,-1.2327990336494652,-1.4903151989446748,-1.2282752028251451,2.3905100115195297,2.73460886242976,2.7892507565935123
/multi_agv/path_reference,1789710656.1585171,1789710656.1578298,world,s_curve,1,2.9559858531239516,0.09086299098598354,0.0,0.058129800453544864,-1.3166872762283102,-3.651408361605645,-0.09304956267432897,0.06051702220097133,0.20692194183399237,-1.2321603564674999,-1.4898759051054065,-1.228025567112024,2.3892130714784563,2.7333119223886873,2.787953816552439
/multi_agv/path_reference,1789710656.1686141,1789710656.1678686,world,s_curve,1,2.9568978371502608,0.09086299098598354,0.0,0.05733407948311481,-1.3162416947194038,-3.6527111959289438,-0.09373503079941625,0.05949566317825902,0.20624160607050177,-1.231517885088082,-1.4894332867668496,-1.2277739123032798,2.3879102371551575,2.732009088065388,2.78665098222914
/multi_agv/path_reference,1789710656.1786408,1789710656.177927,world,s_curve,1,2.957811979695527,0.0908643796467383,0.00013803076847762144,0.05653705844136103,-1.3157940185745238,-3.6540171138507525,-0.09442128071297226,0.05847246635362538,0.20555998968343006,-1.2308729973856258,-1.4889882857897327,-1.2275207725482131,2.386604319233349,2.7307031701435793,2.7853450643073314
/multi_agv/path_reference,1789710656.1885066,1789710656.1878629,world,s_curve,1,2.9587147502002225,0.0908643796467383,0.0,0.05575052667080503,-1.3153508907790747,-3.6553067860003177,-0.09509816669691588,0.05746256921255857,0.20488717749677252,-1.2302352535010086,-1.4885475100022432,-1.2272699088339722,2.3853146470837836,2.7294134979940146,2.784055392157766
/multi_agv/path_reference,1789710656.198533,1789710656.1978683,world,s_curve,1,2.959623875850495,0.0908643796467383,0.0,0.05495903627892623,-1.3149036187250955,-3.6566055369292783,-0.09577898588458872,0.05644613816990994,0.20420995655145757,-1.229592138406022,-1.4881023153944581,-1.2270164023748067,2.384015896154823,2.7281147470650535,2.7827566412288056
/multi_agv/path_reference,1789710656.2084165,1789710656.2078316,world,s_curve,1,2.960529256343632,0.0908643796467383,0.0,0.054171384581920556,-1.3144571676901462,-3.6578989376337594,-0.09645616959991493,0.055434469975200226,0.20353585337047647,-1.2289507941195275,-1.4876576429068422,-1.2267630660440692,2.382722495450342,2.7268213463605724,2.7814632405243245
/multi_agv/path_reference,1789710656.2182868,1789710656.217836,world,s_curve,1,2.961438237499807,0.09086043579479057,-0.00039422171102913124,0.05338118214596222,-1.314007916384892,-3.6591974821425817,-0.0971352112397916,0.05441935801151289,0.2028593996661655,-1.2283060183770589,-1.4872098857468832,-1.2265078450307334,2.3814239509415196,2.72552280185175,2.780164696015502
/multi_agv/path_reference,1789710656.228439,1789710656.227835,world,s_curve,1,2.962346690484269,0.09086043579479057,0.0,0.052592022363964895,-1.3135579013342915,-3.660495272120384,-0.09781302123443283,0.05340541763836151,0.20218367068796614,-1.22766073688654,-1.4867610721716857,-1.2262518949446488,2.380126160963717,2.7242250118739477,2.7788669060377
/multi_agv/path_reference,1789710656.2383564,1789710656.2378328,world,s_curve,1,2.963255189989274,0.09086043579479057,0.0,0.051803406860310916,-1.3131068394541527,-3.661793128556105,-0.0984900279082296,0.05239200866280279,0.20150823982635968,-1.2270145432513306,-1.4863109200871394,-1.2259950550239882,2.378828304527996,2.7229271554382266,2.7775690496019787
/multi_agv/path_reference,1789710656.2483273,1789710656.2478337,world,s_curve,1,2.9641638712151503,0.09086043579479057,0.0,0.05101521982461967,-1.312654663992291,-3.6630912445930717,-0.09916633055483812,0.051378982199592096,0.20083300782910513,-1.2263673420636183,-1.48585936276497,-1.2257372871482843,2.3775301884910296,2.72162903940126,2.776270933565012
/multi_agv/path_reference,1789710656.2589874,1789710656.257817,world,s_curve,1,2.9650709456860556,0.09086241293578726,0.00019805187714514876,0.05022901251925938,-1.3122022680918468,-3.6643870652657933,-0.09984059890719241,0.05036833242235576,0.2001593040426149,-1.2257204103047146,-1.4854072928167799,-1.2254791011540462,2.376234367818308,2.7203332187285385,2.7749751128922906
/multi_agv/path_reference,1789710656.2689314,1789710656.267904,world,s_curve,1,2.965987464759611,0.09086241293578726,0.0,0.04943521518111217,-1.3117441274200112,-3.6656963782280156,-0.10052103582811252,0.049347755445590794,0.19947892592585836,-1.2250658557294751,-1.484949186095544,-1.2252173404350148,2.3749250548560856,2.719023905766316,2.7736657999300682
/multi_agv/path_reference,1789710656.2788243,1789710656.2778316,world,s_curve,1,2.9668893251818123,0.09086241293578726,0.0,0.0486546997819393,-1.3112923002211148,-3.6669847502597315,-0.10118975294081632,0.04834408762739123,0.19880976465924308,-1.2244209010829759,-1.4844971024642668,-1.2249588971161016,2.37363668282437,2.7177355337346008,2.7723774278983524
/multi_agv/path_reference,1789710656.288722,1789710656.2878118,world,s_curve,1,2.967796306700469,0.09086241293578726,0.0,0.04787034003342717,-1.310836893652196,-3.668280438143527,-0.10186142872156331,0.04733530883871914,0.1981371399831258,-1.2237714158466844,-1.4840411480503506,-1.2246981170595528,2.3723409949405743,2.716439845850805,2.771081740014557
/multi_agv/path_reference,1789710656.2987611,1789710656.297933,world,s_curve,1,2.968715838072386,0.09086237975396387,-3.2788217232419223e-06,0.047075730404142764,-1.3103741481956297,-3.669594054389123,-0.10254153857003837,0.04631317581410792,0.19745555396835884,-1.2231120554823127,-1.4835775503287785,-1.224432838775798,2.3710273786949783,2.715126229605209,2.769768123768961
/multi_agv/path_reference,1789710656.3083928,1789710656.307843,world,s_curve,1,2.9696164397212796,0.09086237975396387,0.0,0.046298068284059295,-1.3099199182493748,-3.6708806281732564,-0.10320680777163233,0.04531267543011132,0.19678833719369904,-1.2224654041544907,-1.4831221959506897,-1.224172154642944,2.369740804910845,2.7138396558210753,2.7684815499848274
/multi_agv/path_reference,1789710656.3183997,1789710656.3178709,world,s_curve,1,2.9705274126747856,0.09086237975396387,0.0,0.045512046254875635,-1.3094594391790686,-3.6721820181068363,-0.10387889080676334,0.044301250598316896,0.19611377897307342,-1.2218104350555452,-1.482660287831372,-1.2239075946502889,2.368439414977265,2.7125382658874955,2.7671801600512476
/multi_agv/path_reference,1789710656.328397,1789710656.3278687,world,s_curve,1,2.971435941612001,0.09086237975396387,0.0,0.04472873065944946,-1.3089991768724347,-3.6734799165885725,-0.10454832109722872,0.043293138967319775,0.1954413741082574,-1.2211563523570879,-1.482198308153436,-1.2236428701067803,2.3671415164955287,2.7112403674057597,2.7658822615695113
/multi_agv/path_reference,1789710656.3384843,1789710656.3379304,world,s_curve,1,2.9723502466677743,0.09086135008042355,-0.00010232638157783172,0.04394103861037531,-1.308534962643365,-3.674786066668249,-0.10522114993128774,0.042279224148026845,0.1947650416143869,-1.220497234881562,-1.481732071085431,-1.2233755819631025,2.3658353664158525,2.709934217326083,2.764576111489835
/multi_agv/path_reference,1789710656.3484905,1789710656.3479338,world,s_curve,1,2.9732591500162853,0.09086135008042355,0.0,0.04315860196251637,-1.3080724714855565,-3.6760845000232645,-0.10588914975061578,0.04127190406161503,0.19409305157655,-1.2198411408299412,-1.481267276173892,-1.2231089974528362,2.364536933060837,2.7086357839710677,2.7632776781348194
/multi_agv/path_reference,1789710656.3585184,1789710656.3579726,world,s_curve,1,2.974171291845036,0.09086135008042355,0.0,0.04237398175971819,-1.3076073115850624,-3.6773875597786225,-0.10655867275091643,0.0402616023446304,0.19341901568544073,-1.2191818377643588,-1.4807995107546748,-1.2228405862361535,2.3632338733054787,2.7073327242157097,2.7619746183794613
/multi_agv/path_reference,1789710656.3683648,1789710656.3678083,world,s_curve,1,2.975064993726233,0.09086135008042355,0.0,0.04160581205462568,-1.3071505641214431,-3.6786642767517614,-0.10721382680283309,0.0392723170009088,0.19275894596580143,-1.2185350175715541,-1.4803399252289728,-1.2225767495638027,2.36195715633234,2.706056007242571,2.7606979014063224
/multi_agv/path_reference,1789710656.378436,1789710656.3778498,world,s_curve,1,2.975977416686179,0.0908631241774475,0.0001766724482688111,0.04082215302672002,-1.3066832376134048,-3.679967738123113,-0.10788185249849325,0.038262914377111754,0.1920853972015416,-1.2178737857473036,-1.4798694099757916,-1.2223065171171192,2.3606536949609884,2.704752545871219,2.759394440034971
/multi_agv/path_reference,1789710656.3883371,1789710656.3878503,world,s_curve,1,2.9768857016485875,0.0908631241774475,0.0,0.04004265363229319,-1.3062170164762668,-3.6812652880694103,-0.10854599204407527,0.03725869949150645,0.19141525344944846,-1.217214688551304,-1.479399722308408,-1.2220366385690884,2.359356145014691,2.7034549959249214,2.7580968900886735
/multi_agv/path_reference,1789710656.3982942,1789710656.397836,world,s_curve,1,2.9777934180804277,0.0908631241774475,0.0,0.039264247129937827,-1.305750077165183,-3.6825620258291822,-0.10920886097142034,0.03625572283874584,0.19074587952248806,-1.216555143616677,-1.4789290273340454,-1.2217660605448268,2.358059407254919,2.70215825816515,2.7568001523289016
/multi_agv/path_reference,1789710656.4083014,1789710656.4078271,world,s_curve,1,2.9787011276975335,0.0908631241774475,0.0,0.03848645256145949,-1.305282132465948,-3.683858753853619,-0.10987086917332964,0.03525336486469757,0.19007686199301063,-1.2158947447220372,-1.478457035797652,-1.2214946168781546,2.3567626792304823,2.700861530140713,2.755503424304465
/multi_agv/path_reference,1789710656.418318,1789710656.4178407,world,s_curve,1,2.979611082590768,0.09085972671976048,-0.00033923887797147206,0.037707343809633954,-1.3048120182845482,-3.6851586894153825,-0.11053365476428786,0.034249142692715534,0.18940654350047428,-1.215231851161426,-1.4779825724934983,-1.2212216311987203,2.3554627436687188,2.6995615945789493,2.7542034887427014
/multi_agv/path_reference,1789710656.4283707,1789710656.4278538,world,s_curve,1,2.9805208008852735,0.09085972671976048,0.0,0.03692904952613895,-1.3043410137551463,-3.686458286978962,-0.11119540572753212,0.03324579936260787,0.1887367549433412,-1.2145682686940578,-1.477506927457101,-1.22094784511428,2.3541631461051393,2.69826199701537,2.752903891179122
/multi_agv/path_reference,1789710656.4383624,1789710656.4378426,world,s_curve,1,2.9814284346759288,0.09085972671976048,0.0,0.036153149283163766,-1.3038700808574246,-3.6877549066798982,-0.11185478037819291,0.032245371943491696,0.1880688562841926,-1.2139053502272557,-1.4770310732207843,-1.220673819124234,2.352866526404203,2.6969653773144335,2.7516072714781856
/multi_agv/path_reference,1789710656.448288,1789710656.44785,world,s_curve,1,2.982337720932434,0.09085972671976048,0.0,0.03537644927789658,-1.3033972822959026,-3.689053887046334,-0.11251449312699255,0.031243742569062233,0.1874000983916201,-1.2132403682260777,-1.4765530524430701,-1.2203984262185597,2.351567546037767,2.6956663969479977,2.75030829111175
/multi_agv/path_reference,1789710656.4583569,1789710656.457836,world,s_curve,1,2.983245039935179,0.09086186909201924,0.00021454410977082882,0.03460204247006362,-1.302924501426018,-3.690350057050255,-0.11317191704731822,0.03024489998039405,0.18673314447711514,-1.2125759713408242,-1.476074769428481,-1.220122763508749,2.350271376033846,2.694370226944077,2.7490121211078287
/multi_agv/path_reference,1789710656.468382,1789710656.467849,world,s_curve,1,2.9841548569124288,0.09086186909201924,0.0,0.03382611954001741,-1.3024494115194312,-3.691649795589184,-0.11383028572518483,0.029243930717666858,0.18606471362757027,-1.2119088902918707,-1.475593870124367,-1.219845474142056,2.3489716374949174,2.693070488405148,2.7477123825689
/multi_agv/path_reference,1789710656.4783206,1789710656.4778328,world,s_curve,1,2.9850620133632897,0.09086186909201924,0.0,0.03305308099493882,-1.3019747072787795,-3.6929457333761277,-0.11448586542929007,0.02824651163667831,0.18539859677742832,-1.2112429086190566,-1.4751130822596146,-1.2195681309576676,2.3476756997079735,2.691774550618204,2.746416444781956
/multi_agv/path_reference,1789710656.4887128,1789710656.487833,world,s_curve,1,2.985970613790974,0.09086186909201924,0.0,0.0322794292168567,-1.3014982436969667,-3.6942437339871055,-0.11514162302314354,0.027248130254259664,0.1847317804194541,-1.2105750158811268,-1.4746302338973598,-1.2192894813124135,2.346377699096996,2.6904765500072263,2.7451184441709784
/multi_agv/path_reference,1789710656.4986308,1789710656.4978313,world,s_curve,1,2.9868789332707846,0.09086351396578154,0.00016454453900360954,0.031506635423880255,-1.301020924188893,-3.6955413332439777,-0.11579631082528223,0.026250684818261996,0.18406553227866107,-1.209906479525512,-1.474146240024652,-1.2190100530165153,2.3450800998401236,2.689178950750354,2.743820844914106
/multi_agv/path_reference,1789710656.5085902,1789710656.5078287,world,s_curve,1,2.9877873296211277,0.09086351396578154,0.0,0.03073439628146133,-1.3005425618590345,-3.6968390423158963,-0.11645018592680553,0.02525378387160053,0.18339959089958907,-1.2092370376002146,-1.4736609112262025,-1.2187297367506862,2.343782390768205,2.6878812416784355,2.7425231358421875
/multi_agv/path_reference,1789710656.5185952,1789710656.517825,world,s_curve,1,2.988695681630076,0.09086351396578154,0.0,0.02996281616467411,-1.3000632212924628,-3.698136688042965,-0.11710315993253623,0.024257562145884495,0.1827340462806742,-1.2085667805170166,-1.473174313012725,-1.2184485703476466,2.342484745041136,2.6865835959513666,2.7412254901151187
/multi_agv/path_reference,1789710656.5287204,1789710656.5278184,world,s_curve,1,2.989603835829154,0.09086351396578154,0.0,0.029192026727633803,-1.2995829842917495,-3.6994340511845056,-0.11775512152591794,0.023262189623458718,0.1820690120853607,-1.2078958225942213,-1.4726865285417674,-1.2181666017392596,2.3411873818995956,2.685286232809826,2.7399281269735782
/multi_agv/path_reference,1789710656.5385036,1789710656.5378113,world,s_curve,1,2.9905117636397773,0.09085916276665508,-0.0004354380436812112,0.028422053114019494,-1.2991018674378674,-3.7007310909139672,-0.11840604967601043,0.022267698886511797,0.18140451013155717,-1.2072241866275617,-1.4721975748486589,-1.2178838408373815,2.339890342170134,2.683989193080365,2.7386310872441166
/multi_agv/path_reference,1789710656.5485308,1789710656.5478117,world,s_curve,1,2.991420414598477,0.09085916276665508,0.0,0.0276520915872369,-1.2986193680137437,-3.70202916371211,-0.1190566236159253,0.02127305177858549,0.1807398465990506,-1.2065511710973413,-1.4717069407944596,-1.2175999921494303,2.338592269371991,2.6826911202822217,2.7373330144459738
/multi_agv/path_reference,1789710656.5585606,1789710656.5578113,world,s_curve,1,2.992328966248112,0.09085916276665508,0.0,0.026882841033178888,-1.2981359224978117,-3.7033270946401595,-0.11970625246872246,0.020279150946774363,0.18007562462148485,-1.2058773854061646,-1.471215069934014,-1.2173153121532563,2.3372943384439417,2.6813931893541727,2.7360350835179243
/multi_agv/path_reference,1789710656.568486,1789710656.5678077,world,s_curve,1,2.9932372375063703,0.09085916276665508,0.0,0.026114455671299098,-1.2976516286864337,-3.7046246250091004,-0.12035480621293519,0.019286195756817226,0.17941197747001533,-1.2052029655101195,-1.4707220619398935,-1.2170298586092883,2.335996808075001,2.680095658985232,2.7347375531489835
/multi_agv/path_reference,1789710656.5784295,1789710656.5778098,world,s_curve,1,2.9941460363074643,0.09086144432236014,0.00022810928713145793,0.025346253547342858,-1.2971660562009077,-3.7059229090106633,-0.1210028603102602,0.018293304876002822,0.178748316076286,-1.2045273122915998,-1.4702274785775873,-1.2167433777335361,2.334698524073438,2.6787973749836684,2.7334392691474205
/multi_agv/path_reference,1789710656.5885446,1789710656.58781,world,s_curve,1,2.9950546681960852,0.09086144432236014,0.0,0.02457882335305009,-1.2966795763070549,-3.7072209545658357,-0.12164991793513044,0.017301239076540464,0.17808514891774033,-1.2038509426788777,-1.4697316978401302,-1.216456088402157,2.3334004785182656,2.6774993294284966,2.732141223592248
/multi_agv/path_reference,1789710656.5987828,1789710656.597861,world,s_curve,1,2.9959677025034064,0.09086144432236014,0.0,0.02380831160562381,-1.2961897363612598,-3.7085252892905802,-0.12229922571793446,0.01630501569244619,0.17741914484235982,-1.203170450526305,-1.4692322182853217,-1.2161665402721527,2.332096143793521,2.676194994703752,2.7308368888675036
/multi_agv/path_reference,1789710656.6085527,1789710656.6078544,world,s_curve,1,2.9968757694155665,0.09086144432236014,0.0,0.02304262613280127,-1.2957015651253003,-3.7098225277365233,-0.12294412009392182,0.01531485923562556,0.17675713925670014,-1.202492821296546,-1.4687341678878516,-1.2158777061915034,2.330798905347578,2.6748977562578085,2.7295396504215605
/multi_agv/path_reference,1789710656.6185222,1789710656.6178064,world,s_curve,1,2.997780196738058,0.09086318345794846,0.00017472205017466841,0.022280639545688843,-1.2952143638246756,-3.711114566768654,-0.12358555552682315,0.014329314284345016,0.1760981598795448,-1.201817077273792,-1.4682368375862893,-1.2155891766139453,2.3295068663154472,2.673605717225678,2.72824761138943
/multi_agv/path_reference,1789710656.6286516,1789710656.6278362,world,s_curve,1,2.9986915259371014,0.09086318345794846,0.0,0.021513475543746947,-1.2947224490098237,-3.7124164656244303,-0.12423100212536806,0.013336899323933532,0.17543452943267543,-1.201135338631541,-1.4677344243217123,-1.2152975840762175,2.328204967459671,2.6723038183699015,2.7269457125336536
/multi_agv/path_reference,1789710656.63888,1789710656.6378558,world,s_curve,1,2.9996018183872217,0.09086318345794846,0.0,0.020747824366857962,-1.2942300969986429,-3.7137168834103167,-0.12487482776045697,0.01234626727423746,0.17477203358679347,-1.2004535370947576,-1.4672312930593043,-1.215005460841867,2.3269045496737846,2.671003400584015,2.725645294747767
/multi_agv/path_reference,1789710656.6485727,1789710656.647838,world,s_curve,1,3.0005088085058027,0.09086318345794846,0.0,0.019985588506871196,-1.2937385408441562,-3.715012583579718,-0.12551543511141705,0.011359880850358606,0.17411231978167213,-1.1997733764158942,-1.4667287057883645,-1.2147135403282099,2.325608849504383,2.6697077004146137,2.724349594578366
/multi_agv/path_reference,1789710656.6586802,1789710656.657842,world,s_curve,1,3.001417921254483,0.09086203673030899,-0.00011461065643227845,0.01922220847169307,-1.2932448437773274,-3.7163113160778325,-0.126156656859453,0.010371840203787216,0.17345144207074503,-1.1990907917401024,-1.4662236603460692,-1.2144200792458109,2.3243101170062688,2.6684089679164997,2.7230508620802514
/multi_agv/path_reference,1789710656.6685975,1789710656.667811,world,s_curve,1,3.002323731531576,0.09086203673030899,0.0,0.018462239839822207,-1.292751954520187,-3.717605330759394,-0.12679466708311346,0.009388041916000248,0.17279334468657992,-1.1984098589785805,-1.4657191737614044,-1.2141268308205762,2.3230161023247073,2.667114953234938,2.72175684739869
/multi_agv/path_reference,1789710656.6784205,1789710656.6778538,world,s_curve,1,3.0032361302149524,0.09086203673030899,0.0,0.0176973888955014,-1.2922544866621635,-3.718908757449932,-0.12743642666688554,0.008397748653541523,0.17213084469984835,-1.1977231395845773,-1.465209731426149,-1.2138305889757641,2.3217126756341693,2.6658115265444,2.720453420708152
/multi_agv/path_reference,1789710656.6883438,1789710656.6878648,world,s_curve,1,3.004145704088469,0.09086203673030899,0.0,0.016935551993539074,-1.2917575671043862,-3.7202081486978127,-0.12807530787514237,0.007411183134336419,0.17147078072142327,-1.1970377142743398,-1.4647005819903127,-1.2135344050485057,2.3204132843862886,2.664512135296519,2.719154029460271
/multi_agv/path_reference,1789710656.698266,1789710656.6978018,world,s_curve,1,3.0050488193332217,0.09086363006423119,0.0001603074523623954,0.016179764067414164,-1.2912631971618347,-3.7214983133331736,-0.1287087709437128,0.006432278235145417,0.17081578491081,-1.196356335332305,-1.4641937801133464,-1.2132394760398524,2.3191231197509277,2.6632219706611586,2.7178638648249103
/multi_agv/path_reference,1789710656.7083607,1789710656.7078574,world,s_curve,1,3.0059623100233,0.09086363006423119,0.0,0.015415942788578134,-1.2907621560719247,-3.7228033000332856,-0.1293486166933987,0.00544279320950361,0.17015365184962958,-1.1956662974975936,-1.4636798714381458,-1.2129402992800349,2.3178181330508156,2.661916983961046,2.7165588781247982
/multi_agv/path_reference,1789710656.718299,1789710656.7178004,world,s_curve,1,3.0068659538217886,0.09086363006423119,0.0,0.014660998825475348,-1.290265535883421,-3.724094219745412,-0.12998067894907364,0.004464634731052464,0.1694990406944473,-1.194982877174905,-1.4631702326364413,-1.2126434978389165,2.316527213338689,2.6606260642489197,2.7152679584126718
/multi_agv/path_reference,1789710656.728346,1789710656.7278361,world,s_curve,1,3.007777827139252,0.09086363006423119,0.0,0.013899830188656329,-1.2897634052884597,-3.7253968959132173,-0.13061760244636383,0.0034782359816117048,0.1688388570307212,-1.1942924062123925,-1.4626546727781269,-1.2123431368748594,2.315224537170884,2.6593233880811145,2.7139652822448666
/multi_agv/path_reference,1789710656.7383792,1789710656.7378154,world,s_curve,1,3.008684535200418,0.09086158819328878,-0.00020461672798472022,0.013143622178647504,-1.289263136522446,-3.726692193143454,-0.13125002593499197,0.0024980911969615244,0.16818280127397306,-1.1936050245588783,-1.4621407599157525,-1.2120436250927071,2.3139292399406473,2.6580280908508778,2.71266998501463
/multi_agv/path_reference,1789710656.7483437,1789710656.747864,world,s_curve,1,3.0095974331164177,0.09086158819328878,0.0,0.012382907408077752,-1.288758462841207,-3.727996333023454,-0.13188586639131034,0.0015119289401299002,0.1675226596754138,-1.1929121227628243,-1.4616220559634994,-1.2117412097972973,2.3126251000606475,2.6567239509708784,2.71136584513463
/multi_agv/path_reference,1789710656.758298,1789710656.7578013,world,s_curve,1,3.0105005177991693,0.09086158819328878,0.0,0.01163101842985407,-1.2882582380973056,-3.729286453998813,-0.13251398196875724,0.0005370341233009723,0.16687000313501857,-1.1922258536632808,-1.4611076624880335,-1.2114411981406024,2.3113349790852884,2.655433829995519,2.710075724159271
/multi_agv/path_reference,1789710656.7683713,1789710656.7678235,world,s_curve,1,3.011410982714422,0.09086158819328878,0.0,0.01087363851505052,-1.2877529442148914,-3.73058711816346,-0.1331463341107029,-0.00044515539630213263,0.16621240505215668,-1.1915331568274874,-1.4605877928548354,-1.2111378829623516,2.3100343149206415,2.6541331658308724,2.708775059994624
/multi_agv/path_reference,1789710656.7783084,1789710656.7778437,world,s_curve,1,3.0123228060958724,0.09100317110177611,0.014130470777865362,0.01011578783494272,-1.2872459095951592,-3.7318897229941035,-0.1337787262813609,-0.0014281319187378766,0.165554221704927,-1.190838602780619,-1.4600658676923668,-1.2108332583124917,2.308731710089998,2.6528305610002283,2.7074724551639804
/multi_agv/path_reference,1789710656.7887373,1789710656.7879357,world,s_curve,1,3.0132413832776663,0.09100317110177611,0.0,0.009352992202942736,-1.286734121808006,-3.733201976110952,-0.1344148872670634,-0.0024177010749562716,0.164891564950848,-1.1901380720300891,-1.459538782566209,-1.2105255108277198,2.3074194569731494,2.65151830788338,2.706160202047132
/multi_agv/path_reference,1789710656.7986128,1789710656.7978597,world,s_curve,1,3.0141442574072705,0.09100317110177611,0.0,0.008603891783703776,-1.2862301077802933,-3.7344917962961004,-0.13503927659733772,-0.0033896785808546215,0.16424063052930377,-1.1894487036912031,-1.459019442722906,-1.210222176926771,2.306129636788001,2.6502284876982314,2.7048703818619835
/multi_agv/path_reference,1789710656.8085203,1789710656.807838,world,s_curve,1,3.0150525563269075,0.09100317110177611,0.0,0.007850946977031498,-1.2857220911202771,-3.7357893661812964,-0.13566651987876252,-0.004366819465404473,0.16358618027526156,-1.1887543815087984,-1.4584957181099254,-1.2099161737421076,2.304832066902805,2.6489309178130354,2.7035728119767874
/multi_agv/path_reference,1789710656.818366,1789710656.8178601,world,s_curve,1,3.0159669513723766,0.0912373772613088,0.02336884461490946,0.00709361519298423,-1.2852096784484528,-3.7370956448176806,-0.1362970624048554,-0.005349831259157736,0.16292773924296594,-1.1880545778204754,-1.4579671982280349,-1.209607259296848,2.3035257882664206,2.647624639176651,2.7022665333404032
/multi_agv/path_reference,1789710656.8284616,1789710656.8279264,world,s_curve,1,3.0168853984522443,0.0912373772613088,0.0,0.006333601861571751,-1.2846939996233604,-3.7384077120746344,-0.1369294783214859,-0.006336503299807089,0.16226678720600832,-1.1873508444635712,-1.45743504406619,-1.2092961103403201,2.302213721009467,2.6463125719196974,2.7009544660834495
/multi_agv/path_reference,1789710656.838462,1789710656.8378646,world,s_curve,1,3.0177921402327965,0.0912373772613088,0.0,0.005583938926103196,-1.2841839152949661,-3.7397030574754235,-0.13755292809192624,-0.007309914860439054,0.16161465973067496,-1.1866552666820434,-1.456908402657156,-1.2089880765456988,2.3009183756086777,2.6450172265189082,2.6996591206826603
/multi_agv/path_reference,1789710656.848618,1789710656.8478808,world,s_curve,1,3.0187059831096583,0.0912373772613088,0.0,0.004829074246111524,-1.2836688541361456,-3.741008547299512,-0.1381803481754354,-0.008290258549482676,0.16095782946325274,-1.1859534249621633,-1.4563763615207361,-1.2086767759255372,2.2996128857845894,2.6437117366948204,2.698353630858572
/multi_agv/path_reference,1789710656.8584993,1789710656.857871,world,s_curve,1,3.0196204506594437,0.09153587430574779,0.02987879443816389,0.004074367310540299,-1.2831524548529956,-3.742314929513491,-0.13880727941622317,-0.009270576241794767,0.16030095758963891,-1.1852502841485195,-1.4558426760051644,-1.2083644044053026,2.2983065035706103,2.642405354480841,2.697047248644593
/multi_agv/path_reference,1789710656.868401,1789710656.8678424,world,s_curve,1,3.0205331972432563,0.09153587430574779,0.0,0.003321754002804489,-1.2826360447301404,-3.7436188532046515,-0.13943211433545086,-0.010248353011666655,0.15964572935553106,-1.1845476505417143,-1.4553087182937816,-1.2080517653549252,2.29700257987945,2.6411014307896807,2.6957433249534324
/multi_agv/path_reference,1789710656.878333,1789710656.8778217,world,s_curve,1,3.021446554554422,0.09153587430574779,0.0,0.0025693117922678233,-1.2821183071737519,-3.74492364936346,-0.14005644970362777,-0.011226086247966435,0.15899047132839778,-1.1838437318365065,-1.4547731275319207,-1.2077380621528284,2.2956977837206414,2.639796634630872,2.694438528794624
/multi_agv/path_reference,1789710656.88829,1789710656.8878045,world,s_curve,1,3.0223604584262933,0.09153587430574779,0.0,0.0018170961085731913,-1.2815992775678517,-3.746229226323276,-0.14068023884746356,-0.012203704265742812,0.15833523143892603,-1.1831385771314489,-1.4542359398295612,-1.2074233157425451,2.294392206760825,2.6384910576710556,2.6931329518348077
/multi_agv/path_reference,1789710656.8984263,1789710656.8978674,world,s_curve,1,3.0232848413868965,0.09188337560168491,0.03454151954059872,0.001056945495009109,-1.2810732977428254,-3.747549773409852,-0.14131024326112726,-0.013191817429387215,0.1576728971755419,-1.182424508770661,-1.453691294357096,-1.207104090100719,2.2930716596742493,2.63717051058448,2.691812404748232
/multi_agv/path_reference,1789710656.9085681,1789710656.9079292,world,s_curve,1,3.024209564040339,0.09188337560168491,0.0,0.0002972111185824356,-1.2805461207932876,-3.7488708057719125,-0.1419395352083883,-0.014179573266345613,0.15701074183048133,-1.1817093462894777,-1.4531451437159921,-1.2067838723743929,2.291750627312189,2.6358494782224193,2.6904913723861714
/multi_agv/path_reference,1789710656.9182997,1789710656.9178002,world,s_curve,1,3.0251165701088314,0.09188337560168491,0.0,-0.0004472907053481245,-1.2800280697100213,-3.750166528726902,-0.1425558525901558,-0.015147703391187317,0.15636168386529883,-1.1810070788089413,-1.4526081898480778,-1.2064689404730449,2.2904549043571993,2.63455375526743,2.689195649431182
/multi_agv/path_reference,1789710656.9288116,1789710656.9279401,world,s_curve,1,3.0260482423613877,0.09188337560168491,0.0,-0.0012113395582780096,-1.2794949258216384,-3.7514974890876966,-0.14318798259874374,-0.016141436454704325,0.15569540037861412,-1.1802848818192282,-1.452055327439922,-1.2061445682057652,2.2891239439964046,2.6332227949066356,2.6878646890703872
/multi_agv/path_reference,1789710656.9385216,1789710656.9379325,world,s_curve,1,3.0269701905086723,0.0922649453133946,0.038185996346792137,-0.0019667147978111007,-1.278966346113424,-3.7528145578695318,-0.14381256828294758,-0.017124072597087217,0.15503649648660156,-1.179569395209117,-1.4515069341051912,-1.2058227090259637,2.2878068752145695,2.6319057261248,2.686547620288552
/multi_agv/path_reference,1789710656.9483628,1789710656.9478686,world,s_curve,1,3.027886917844026,0.0922649453133946,0.0,-0.0027171215849141274,-1.278439773670003,-3.754124168348609,-0.1444326821803191,-0.018100427283664455,0.15438174470924124,-1.1788571452394876,-1.4509603634724344,-1.2055018122980872,2.2864972647354924,2.630596115645723,2.685238009809475
/multi_agv/path_reference,1789710656.9583647,1789710656.9578075,world,s_curve,1,3.0288039580498096,0.0922649453133946,0.0,-0.0034670938776818175,-1.2779120387215148,-3.755434225785442,-0.1450520739377661,-0.01907639819265977,0.15372719049738048,-1.1781438402743867,-1.4504123274714251,-1.2051799484187327,2.285187207298659,2.6292860582088897,2.683927952372642
/multi_agv/path_reference,1789710656.968428,1789710656.9678736,world,s_curve,1,3.0297325329422615,0.0922649453133946,0.0,-0.004225794403826752,-1.2773766652880854,-3.756760761346088,-0.14567830386637887,-0.020063912685124086,0.15306483334002277,-1.1774207371660044,-1.4498560959727547,-1.204853162725497,2.2838606717380134,2.627959522648244,2.682601416811996
/multi_agv/path_reference,1789710656.978474,1789710656.9778707,world,s_curve,1,3.030659142848348,0.09267394642634512,0.040905829930075834,-0.004982180899610841,-1.276841422110334,-3.7580844897833536,-0.14630225196572083,-0.021048601165246275,0.15240431043213465,-1.1766983369078616,-1.4492997363194435,-1.2045261931036966,2.2825369433007476,2.626635794210978,2.6812776883747302
/multi_agv/path_reference,1789710656.988339,1789710656.9878564,world,s_curve,1,3.0315844268682826,0.09267394642634512,0.0,-0.005736777475549203,-1.2763059462482242,-3.7594063240975464,-0.14692435255341413,-0.022031144956298127,0.1517451650830647,-1.1759761468682182,-1.448742872654381,-1.2041988192220736,2.281215108986555,2.625313959896786,2.6799558540605375
/multi_agv/path_reference,1789710656.9984102,1789710656.9978504,world,s_curve,1,3.032510790447019,0.09267394642634512,0.0,-0.006491544753150973,-1.2757688468991917,-3.7607297006385987,-0.14754622213422294,-0.02301409688214022,0.1510856847569103,-1.1752522911040308,-1.4481840587313988,-1.2038701908621454,2.2798917324455026,2.623990583355733,2.678632477519485
/multi_agv/path_reference,1789710657.0083249,1789710657.0078344,world,s_curve,1,3.0334360378607452,0.09267394642634512,0.0,-0.00724469198480173,-1.2752313974609846,-3.762051482658207,-0.1481663852095987,-0.023995124941001172,0.15042743419619478,-1.174528485990381,-1.4476246194732778,-1.2035410869192948,2.278569950425894,2.6226688013361246,2.6773106954998767
/multi_agv/path_reference,1789710657.0182865,1789710657.017821,world,s_curve,1,3.034365633598969,0.09310187072159803,0.04285793359099202,-0.008000662655733919,-1.2746904201487994,-3.7633794765699555,-0.14878849880404635,-0.024980017923641185,0.14976652876048585,-1.1738004543807612,-1.4470612456810983,-1.203209560384539,2.2772419565141457,2.6213408074243763,2.6759827015881283
/multi_agv/path_reference,1789710657.0284843,1789710657.027983,world,s_curve,1,3.0353117689776283,0.09310187072159803,0.0,-0.008769345584581863,-1.2741387875077443,-3.764731098539469,-0.1494206880788206,-0.025981665466607407,0.1490943167916825,-1.1730586220222825,-1.4464865059268717,-1.2028712345740789,2.2758903345446324,2.619989185454863,2.674631079618615
/multi_agv/path_reference,1789710657.0383778,1789710657.037875,world,s_curve,1,3.0362327755096667,0.09310187072159803,0.0,-0.009516896017942115,-1.273600808645121,-3.7660468221566665,-0.15003512324682702,-0.026955962899668354,0.14844039809266912,-1.172335672411314,-1.445925731236993,-1.2025410222870558,2.2745746109274347,2.6186734618376657,2.6733153560014173
/multi_agv/path_reference,1789710657.0483449,1789710657.0478234,world,s_curve,1,3.0371589949085487,0.09310187072159803,0.0,-0.010267963176807886,-1.2730587935434976,-3.767369992726498,-0.15065207638851838,-0.027935029992036405,0.1477832168501312,-1.1716078164276431,-1.4453604904305168,-1.202208073772333,2.2732514403576034,2.6173502912678344,2.671992185431586
/multi_agv/path_reference,1789710657.058401,1789710657.057838,world,s_curve,1,3.0380957574513263,0.09354185334287231,0.043935136123844615,-0.011026849668619469,-1.2725095984763377,-3.768708224930466,-0.15127507225164327,-0.028924480274930456,0.14711900352071539,-1.170870845717842,-1.4447874984480986,-1.2018704512630727,2.2719132081536353,2.616012059063866,2.670653953227618
/multi_agv/path_reference,1789710657.0682864,1789710657.0678372,world,s_curve,1,3.039031225094228,0.09354185334287231,0.0,-0.011783952335965044,-1.271960148633197,-3.7700446072774687,-0.15189622148858234,-0.029911796036202656,0.14645616051688992,-1.1701340614408449,-1.4442139766974227,-1.2015324077613239,2.2705768258066326,2.614675676716863,2.669317570880615
/multi_agv/path_reference,1789710657.0782883,1789710657.077807,world,s_curve,1,3.039963788169042,0.09354185334287231,0.0,-0.012537973022104566,-1.2714113986336788,-3.771376840241488,-0.1525144618061565,-0.030895282795334295,0.14579582553517717,-1.1693987396756447,-1.4436409233322325,-1.2011945328931593,2.2692445928426133,2.613343443752844,2.667985337916596
/multi_agv/path_reference,1789710657.0883386,1789710657.0878603,world,s_curve,1,3.0409040688209235,0.09354185334287231,0.0,-0.01329749323049091,-1.270857091298536,-3.7727200983156046,-0.15313682644521567,-0.03188613507236884,0.14513048182611188,-1.1686564998811613,-1.4430618020194521,-1.2008529719949947,2.2679013347684966,2.612000185678727,2.6666420798424793
/multi_agv/path_reference,1789710657.0984137,1789710657.0979779,world,s_curve,1,3.0418548836195494,0.09397480437384206,0.04279118130853188,-0.0140647645004286,-1.270295536814581,-3.7740784051707847,-0.15376514899232355,-0.03288729596145048,0.1444581514524883,-1.1679050950105887,-1.4424748396050118,-1.2005066758281424,2.2665430279133165,2.610641878823547,2.665283772987299
/multi_agv/path_reference,1789710657.1087065,1789710657.1079314,world,s_curve,1,3.042790381276861,0.09397480437384206,0.0,-0.01481892997350617,-1.269742011590793,-3.7754148303955155,-0.15438235258224892,-0.033871549320635144,0.1437971119823656,-1.167164962160945,-1.4418960057239916,-1.2001650668874422,2.2652066026885858,2.6093054535988163,2.6639473477625684
/multi_agv/path_reference,1789710657.1185217,1789710657.1178772,world,s_curve,1,3.0437248626906377,0.09397480437384206,0.0,-0.01557153727494637,-1.2691880823264234,-3.776749803843768,-0.1549978979252292,-0.03485396058764165,0.14313724668803185,-1.1664248108924269,-1.4413164883237777,-1.1998229477630658,2.263871629240333,2.6079704801505637,2.6626123743143157
/multi_agv/path_reference,1789710657.1283927,1789710657.1278603,world,s_curve,1,3.044663044268362,0.09397480437384206,0.0,-0.016326380415764043,-1.2686309500514925,-3.7780900632405174,-0.15561488644166457,-0.03583948305451808,0.1424752282488906,-1.165680903479999,-1.440733358010851,-1.1994785886636277,2.262531369843584,2.6066302207538143,2.6612721149175664
/multi_agv/path_reference,1789710657.1384168,1789710657.1378334,world,s_curve,1,3.045604555788453,0.09439040336447498,0.041665508628010633,-0.0170831507904102,-1.2680708229166013,-3.77943507969779,-0.15623306135988627,-0.03682771628013726,0.141811325268793,-1.1649335241905496,-1.4401468297671263,-1.1991321147921281,2.2611863533863112,2.6052852042965418,2.659927098460294
/multi_agv/path_reference,1789710657.1487799,1789710657.1478493,world,s_curve,1,3.046549916832364,0.09439040336447498,0.0,-0.017842256584552744,-1.2675073819185583,-3.7807855954748053,-0.15685275174999658,-0.037819195359751076,0.14114517735608956,-1.164182253155715,-1.439556566505908,-1.1987833260940515,2.259835837609296,2.6039346885195265,2.6585765826832786
/multi_agv/path_reference,1789710657.1584482,1789710657.1578646,world,s_curve,1,3.0474951998154114,0.09439040336447498,0.0,-0.018600538880028716,-1.266942963863857,-3.782135999736302,-0.15747137664450814,-0.03880979532177972,0.14047955532620182,-1.1634302090044115,-1.4389650146424462,-1.1984336679447132,2.2584854333477993,2.6025842842580302,2.657226178421782
/multi_agv/path_reference,1789710657.1684842,1789710657.1678767,world,s_curve,1,3.048440151204972,0.09439040336447498,0.0,-0.019357791983011543,-1.2663777199083392,-3.7834859302928168,-0.15808876822614426,-0.03979924776318643,0.13981464004029615,-1.1626775934348035,-1.4383723328634757,-1.1980832334267388,2.2571355027912845,2.6012343537015155,2.655876247865267
/multi_agv/path_reference,1789710657.178486,1789710657.1778784,world,s_curve,1,3.049388444180728,0.09479639374736443,0.04058495125236543,-0.020116955237128364,-1.265809450094481,-3.7848406345438974,-0.15870732121989747,-0.040791394022049884,0.13914784953056236,-1.1619214793916026,-1.4377762131067808,-1.1977306577850595,2.255780798540204,2.5998796494504344,2.6545215436141865
/multi_agv/path_reference,1789710657.1883557,1789710657.1878695,world,s_curve,1,3.0503355827260017,0.09479639374736443,0.0,-0.020874426010789156,-1.2652408471463987,-3.7861936896085737,-0.1593240990288384,-0.04178152629941922,0.13848234729589023,-1.1611654512009821,-1.4371794790983867,-1.1973776111398275,2.2544277434755275,2.598526594385758,2.65316848854951
/multi_agv/path_reference,1789710657.198468,1789710657.1978812,world,s_curve,1,3.051284658340785,0.09479639374736443,0.0,-0.021632672182343087,-1.264670051976192,-3.787549511915407,-0.15994111024738708,-0.0427728714158795,0.1378159651162374,-1.1604070385917329,-1.4365801795904962,-1.1970229377463466,2.2530719211686945,2.5971707720789254,2.651812666242677
/multi_agv/path_reference,1789710657.2085247,1789710657.2079349,world,s_curve,1,3.05223772422017,0.09479639374736443,0.0,-0.022393327773855144,-1.2640958242349278,-3.7889110346002424,-0.16055968123064507,-0.04376756687932109,0.1371472647884008,-1.1596445974711729,-1.4359770096586453,-1.1966658655749653,2.251710398483859,2.59580924939409,2.6504511435578415
/multi_agv/path_reference,1789710657.2184258,1789710657.2179387,world,s_curve,1,3.0531900031793215,0.09519183724721021,0.039529376256852405,-0.02315257333769801,-1.2635210362324858,-3.7902714331133165,-0.16117670369362067,-0.04476061950163717,0.13647960318216387,-1.1588819448780057,-1.4353729851332098,-1.196308178686242,2.2503499999707848,2.5944488508810157,2.6490907450447674
/multi_agv/path_reference,1789710657.2285185,1789710657.22794,world,s_curve,1,3.054142071669321,0.09519183724721021,0.0,-0.02391086877761041,-1.2629453433515305,-3.7916315309561726,-0.16179255211191895,-0.045752630348483425,0.13581257612757125,-1.1581186225171103,-1.4347677442528133,-1.195949663284668,2.2489899021279287,2.5930887530381597,2.6477306472019113
/multi_agv/path_reference,1789710657.2384596,1789710657.2379293,world,s_curve,1,3.0550929732025875,0.09519183724721021,0.0,-0.024667452961437734,-1.26236932776347,-3.792989961717982,-0.16240660927843223,-0.04674260314280582,0.13514685353692493,-1.1573554009866727,-1.434161899618222,-1.1955906826855156,2.247631471366119,2.5917303222763497,2.646372216440102
/multi_agv/path_reference,1789710657.2483413,1789710657.2478504,world,s_curve,1,3.0560372130207,0.09519183724721021,0.0,-0.02541796095295737,-1.2617963299873176,-3.794338875743857,-0.16301533724123501,-0.0477248243901387,0.1344862787725017,-1.1565967005270286,-1.4335589680771972,-1.195233321357727,2.246282557340244,2.5903814082504746,2.6450233024142267
/multi_agv/path_reference,1789710657.258335,1789710657.2578554,world,s_curve,1,3.0569934171831337,0.09557702427433588,0.03850122315725379,-0.02617719113630775,-1.261215041947956,-3.795704881690191,-0.16363073577345896,-0.04871866247351854,0.13381782483805438,-1.1558275518616907,-1.4329470484870799,-1.1948705254950973,2.2449165513939104,2.589015402304141,2.643657296467893
/multi_agv/path_reference,1789710657.2684937,1789710657.2678647,world,s_curve,1,3.0579502595133583,0.09557702427433588,0.0,-0.026936131489148935,-1.2606323270596316,-3.7970717993047973,-0.16424549174113887,-0.04971232519903024,0.13314942247272238,-1.1550570478168598,-1.4323333608366302,-1.194506572525405,2.243549633779304,2.5876484846895345,2.6422903788532865
/multi_agv/path_reference,1789710657.2783115,1789710657.2778502,world,s_curve,1,3.058904520594888,0.09557702427433588,0.0,-0.02769223129805766,-1.2600501525605572,-3.7984350294212685,-0.1648575406068195,-0.05070247179212016,0.1324833185047668,-1.1542877872209352,-1.431719977609706,-1.1941426928510304,2.2421864036628327,2.5862852545730632,2.6409271487368153
/multi_agv/path_reference,1789710657.2883205,1789710657.2878492,world,s_curve,1,3.0598602487837407,0.09557702427433588,0.0,-0.028448696737167226,-1.2594660496019792,-3.7998003554053437,-0.1654694781393184,-0.051693300984366364,0.13181668891218315,-1.1535165075362208,-1.4311042981755155,-1.1937773430942011,2.2408210776787576,2.5849199285889886,2.63956182275274
/multi_agv/path_reference,1789710657.298303,1789710657.2978559,world,s_curve,1,3.0608204069756644,0.09595227000396055,0.03749973688672617,-0.02920786538274539,-1.258878200493486,-3.8011720099652346,-0.1660831917600629,-0.052687876075811324,0.13114747168763816,-1.15274081297569,-1.4304844040464273,-1.1934093844583407,2.2394494231188666,2.5835482740290976,2.6381901681928492
/multi_agv/path_reference,1789710657.3084452,1789710657.3078601,world,s_curve,1,3.0617802091846666,0.09595227000396055,0.0,-0.029965945347558254,-1.2582895283431095,-3.802543155978095,-0.1666956132491465,-0.05368123105698734,0.1304790082634592,-1.1519645645974237,-1.4298633760697375,-1.1930406443621673,2.2380782771060064,2.5821771280162373,2.636819022179989
/multi_agv/path_reference,1789710657.3182325,1789710657.317801,world,s_curve,1,3.0627342837148155,0.09595227000396055,0.0,-0.030718701389755184,-1.2577033403129252,-3.803906119592593,-0.1673033252800445,-0.054667813910851,0.12981503502163,-1.1511921178208881,-1.4292447056142772,-1.1926731975036102,2.236715313491508,2.580814164401739,2.6354560585654907
/multi_agv/path_reference,1789710657.3283806,1789710657.3278344,world,s_curve,1,3.063697002584969,0.09595227000396055,0.0,-0.03147746660585281,-1.2571108010136733,-3.805281432264241,-0.16791547513449595,-0.05566247941629593,0.12914555473323358,-1.150411832749037,-1.4286190665735545,-1.1923015037184288,2.23534000081986,2.5794388517300906,2.6340807458938427
/multi_agv/path_reference,1789710657.338413,1789710657.3378308,world,s_curve,1,3.064659842592828,0.09631738439133394,0.03652409798970292,-0.03223551234931791,-1.2565171450665797,-3.8066569179897543,-0.16852662894879047,-0.05665640937791163,0.1284765012787485,-1.1496306092630981,-1.427991982253611,-1.1919288436830304,2.233964515094347,2.5780633660045775,2.6327052601683296
/multi_agv/path_reference,1789710657.3483691,1789710657.3478339,world,s_curve,1,3.065623303944134,0.09631738439133394,0.0,-0.032993228039682396,-1.2559220614090278,-3.8080332913487625,-0.16913709981011565,-0.05765011525988892,0.12780753095095748,-1.1488480394459213,-1.4273631239133475,-1.191555020867815,2.232588141735339,2.5766869926455698,2.6313288868093214
/multi_agv/path_reference,1789710657.3583882,1789710657.3578315,world,s_curve,1,3.0665862350682387,0.09631738439133394,0.0,-0.03374970880783668,-1.255326265261942,-3.809408907240341,-0.16974615908473353,-0.05864240967436803,0.1271394423355916,-1.1480650629934446,-1.4267332471604905,-1.1911804856318906,2.2312125258437603,2.575311376753991,2.629953270917743
/multi_agv/path_reference,1789710657.3684816,1789710657.3678703,world,s_curve,1,3.0675531094260604,0.09631738439133394,0.0,-0.03450846098662744,-1.2547269815190107,-3.8107901563229434,-0.17035662714307437,-0.059637893768621636,0.12646913795181378,-1.1472780366571351,-1.426099416898961,-1.1908034910009362,2.229831276761158,2.5739301276713884,2.6285720218351405
/multi_agv/path_reference,1789710657.3783715,1789710657.3778508,world,s_curve,1,3.0685178050997797,0.09667238603784303,0.035574800582531145,-0.035264678331682425,-1.2541280049586403,-3.812168292999685,-0.17096463619769037,-0.06063026181382852,0.1258008630164717,-1.1464919448525417,-1.4254656458161306,-1.1904264242072486,2.228453140084416,2.572551990994647,2.6271938851583987
/multi_agv/path_reference,1789710657.388559,1789710657.3879294,world,s_curve,1,3.069492329648332,0.09667238603784303,0.0,-0.036027761950896915,-1.253521868562352,-3.8135604709261886,-0.17157773981428262,-0.06163185325630385,0.1251263072178958,-1.1456969943392135,-1.4248240299860315,-1.190044581361811,2.2270609621579127,2.5711598130681432,2.6258017072318953
/multi_agv/path_reference,1789710657.3983622,1789710657.3978338,world,s_curve,1,3.0704498071816757,0.09667238603784303,0.0,-0.03677667359654738,-1.2529252996819884,-3.8149282959738224,-0.1721790391389209,-0.06261505226407528,0.12446407061335414,-1.1449151177289454,-1.4241922789507122,-1.1896685023663076,2.225693137110279,2.5697919880205093,2.6244338821842614
/multi_agv/path_reference,1789710657.408426,1789710657.4078703,world,s_curve,1,3.071419889440745,0.09667238603784303,0.0,-0.03753461253463488,-1.2523198345693218,-3.816314127772493,-0.17278716415807335,-0.06361031354043972,0.12379364009460853,-1.1441221114909266,-1.4235508417410836,-1.1892865504759556,2.2243073053116085,2.568406156221839,2.623048050385591
/multi_agv/path_reference,1789710657.4184597,1789710657.4179208,world,s_curve,1,3.0723951554027966,0.09702071081482187,0.0346517963016081,-0.03829575428404451,-1.2517100749620955,-3.8177073648611377,-0.17339742960556104,-0.06460999529469436,0.12312016204812196,-1.1433240180852098,-1.422904586322809,-1.1889016204782679,2.2229140682229636,2.567012919133194,2.621654813296946
/multi_agv/path_reference,1789710657.428673,1789710657.427919,world,s_curve,1,3.073365191948535,0.09702071081482187,0.0,-0.03905197127435995,-1.2511025335147146,-3.81909313135505,-0.17400331915677358,-0.06560342256060975,0.12245082789430362,-1.142529361392317,-1.4222604151170348,-1.1885178240347918,2.2215283017290512,2.5656271526392818,2.620269046803034
/multi_agv/path_reference,1789710657.438408,1789710657.4378538,world,s_curve,1,3.0743289053634877,0.09702071081482187,0.0,-0.03980242548917849,-1.250497916388574,-3.8204698648049824,-0.17460416920795113,-0.06658949031907177,0.12178638305948752,-1.141739055184632,-1.4216190815254417,-1.1881356124556488,2.220151568279119,2.5642504191893494,2.6188923133531015
/multi_agv/path_reference,1789710657.4484198,1789710657.4478078,world,s_curve,1,3.0752947978636054,0.09702071081482187,0.0,-0.04055373921392289,-1.249890894264486,-3.821849711233722,-0.17520528412445796,-0.06757689939652148,0.12112096587921087,-1.1409461309520341,-1.4209749344720566,-1.1877516173693674,2.2187717218503793,2.56287057276061,2.617512466924362
/multi_agv/path_reference,1789710657.4584498,1789710657.457833,world,s_curve,1,3.0762708605893265,0.09735902931716353,0.03374615188146287,-0.04131211295220395,-1.2492764290009182,-3.8232440865561808,-0.17581161712218835,-0.06857380215090635,0.12044908041648293,-1.140144016867637,-1.4203226224751762,-1.1873626476599413,2.2173773465279205,2.561476197438151,2.616118091601903
/multi_agv/path_reference,1789710657.4685411,1789710657.4678574,world,s_curve,1,3.0772466542146906,0.09735902931716353,0.0,-0.042069420940423645,-1.2486610773499274,-3.8246380774495576,-0.1764166648905813,-0.06956952041035622,0.11977792247966665,-1.1393412802270053,-1.4196691021006502,-1.1869728497221266,2.2159833556345436,2.560082206544774,2.6147241007085262
/multi_agv/path_reference,1789710657.478355,1789710657.4778016,world,s_curve,1,3.07821498400479,0.09735902931716353,0.0,-0.04282008643727206,-1.248049388096286,-3.8260214057211286,-0.17701597672642966,-0.07055671975500978,0.11911243716962334,-1.1385438492888798,-1.419019207573869,-1.1865851074261091,2.2146000273629727,2.5586988782732036,2.6133407724369553
/multi_agv/path_reference,1789710657.4885638,1789710657.487875,world,s_curve,1,3.07919572483187,0.09735902931716353,0.0,-0.04357951045653143,-1.247428801625038,-3.8274224640455285,-0.17762184543831122,-0.0715556551616939,0.11843896923041092,-1.1377353540876745,-1.4183595926705248,-1.186191458116915,2.2131989690385727,2.5572978199488032,2.6119397141125553
/multi_agv/path_reference,1789710657.4983854,1789710657.497837,world,s_curve,1,3.0801688698521668,0.09768644316202453,0.03286652377537466,-0.04433219314157678,-1.2468119711367547,-3.828812671217381,-0.17822190202482624,-0.07254593994739061,0.11777126254748663,-1.1369322830449209,-1.4177037043808687,-1.1857999259844747,2.2118087618667204,2.5559076127769513,2.610549506940703
/multi_agv/path_reference,1789710657.5091364,1789710657.5078187,world,s_curve,1,3.081143867398172,0.09768644316202453,0.0,-0.04508544738582881,-1.2461929169364399,-3.8302055248545313,-0.17882198011959824,-0.07353719391897495,0.11710283188108686,-1.136126846722457,-1.4170451868049248,-1.1854067172819378,2.21041590822957,2.5545147591398005,2.6091566533035526
/multi_agv/path_reference,1789710657.5189435,1789710657.5178123,world,s_curve,1,3.0821201635877524,0.09768644316202453,0.0,-0.04583884002852581,-1.2455719872958848,-3.831600233696789,-0.17942173261772004,-0.07452884798357783,0.11643406051572051,-1.135319500668581,-1.4163844091027868,-1.1850120521162866,2.2090211993873123,2.5531200502975433,2.607761944461295
/multi_agv/path_reference,1789710657.5288317,1789710657.5278661,world,s_curve,1,3.083102159683605,0.09768644316202453,0.0,-0.046595757253391365,-1.2449463736087085,-3.8330030852622925,-0.18002385057480585,-0.0755253613723303,0.11576194018696216,-1.134506598560894,-1.4157183795274817,-1.1846141427377501,2.2076183478218088,2.5517171987320397,2.6063590928957914
/multi_agv/path_reference,1789710657.5386322,1789710657.5378752,world,s_curve,1,3.0840831927849948,0.09800691054178905,0.03201524777873647,-0.04735105542476262,-1.2443203141397556,-3.834404561121421,-0.1806242390828829,-0.07651996389825139,0.1150910367068465,-1.1336936513607088,-1.4150516082204403,-1.1842156828381176,2.2062168719626802,2.5503157228729108,2.604957617036663
/multi_agv/path_reference,1789710657.5485725,1789710657.547848,world,s_curve,1,3.0850605001536806,0.09800691054178905,0.0,-0.04810261147423169,-1.2436955797636013,-3.835800714505258,-0.181221213501974,-0.07750985851557954,0.11442323759485856,-1.1328829550578416,-1.4143859831887768,-1.1838178010441855,2.2048207185788433,2.548919569489074,2.603561463652826
/multi_agv/path_reference,1789710657.5585823,1789710657.557844,world,s_curve,1,3.0860402437781485,0.09800691054178905,0.0,-0.048855164593330155,-1.243068235190541,-3.8372003482544974,-0.18181853919437008,-0.07850128680196125,0.11375433221634096,-1.1320694017971062,-1.4137173120646658,-1.1834179917098515,2.203421084829604,2.5475199357398344,2.6021618299035865
/multi_agv/path_reference,1789710657.5686698,1789710657.5678701,world,s_curve,1,3.087022856162895,0.09800691054178905,0.0,-0.049609038924839186,-1.2424379967998576,-3.838604080232707,-0.18241646996535682,-0.07949467741276554,0.11308403060360488,-1.1312526278864157,-1.4130452903490167,-1.1830160721641403,2.2020173528513944,2.546116203761625,2.600758097925377
/multi_agv/path_reference,1789710657.57872,1789710657.5778587,world,s_curve,1,3.088004962977626,0.09831838926853549,0.031182032591348295,-0.05036164090966339,-1.2418070262085574,-3.8400070899680365,-0.18301294713488284,-0.08048661359884551,0.1124146380047383,-1.1304354366682126,-1.4123722220149588,-1.1826134199425011,2.2006143431160647,2.5447131940262953,2.5993550881900473
/multi_agv/path_reference,1789710657.588813,1789710657.587867,world,s_curve,1,3.088988819269775,0.09831838926853549,0.0,-0.051114695354611585,-1.2411738737417937,-3.8414125989568215,-0.18360933683781855,-0.08147936912547701,0.11174461989946088,-1.1296159516643525,-1.411696560170283,-1.1822091093907456,2.1992088341272797,2.5433076850375107,2.5979495792012623
/multi_agv/path_reference,1789710657.5988731,1789710657.5978515,world,s_curve,1,3.0899706485316933,0.09831838926853549,0.0,-0.05186530940296536,-1.2405409700439343,-3.842815212188133,-0.18420334798999977,-0.08246913060306202,0.11107655038416578,-1.1287973190254688,-1.411020898856544,-1.18180469224979,2.197806220895968,2.5419050718061986,2.5965469659699507
/multi_agv/path_reference,1789710657.6083784,1789710657.6078534,world,s_curve,1,3.090953893775054,0.09831838926853549,0.0,-0.05261611589751575,-1.2399060994630111,-3.8442198482500767,-0.18479706482263306,-0.0834593690840145,0.11040808621410039,-1.1279766719595368,-1.4103428728802332,-1.1813987535492634,2.1964015848340246,2.540500435744255,2.595142329908007
/multi_agv/path_reference,1789710657.6183503,1789710657.6178193,world,s_curve,1,3.091936802389065,0.09862109413484167,0.030372187901807242,-0.053365773548965684,-1.2392703930944193,-3.84562400341295,-0.1853894259348464,-0.08444831592608755,0.10974042121403697,-1.127155473432975,-1.4096636897917203,-1.1809920160585627,2.1949974296711514,2.5390962805813824,2.593738174745134
/multi_agv/path_reference,1789710657.6283894,1789710657.6278453,world,s_curve,1,3.0929255217579428,0.09862109413484167,0.0,-0.054118961845933504,-1.2386298673617377,-3.8470364596542037,-0.1859841251707299,-0.08544214621308016,0.10906938584600961,-1.1263285819669357,-1.4089790913725966,-1.180581928745681,2.1935849734298976,2.537683824340128,2.59232571850388
/multi_agv/path_reference,1789710657.6384213,1789710657.6378698,world,s_curve,1,3.093914159764418,0.09862109413484167,0.0,-0.05487118292216582,-1.2379883313956206,-3.848448799663454,-0.18657760718525568,-0.08643492699370299,0.1083989854124613,-1.1255009196206536,-1.408293146536551,-1.180170928029657,2.1921726334206473,2.536271484330878,2.59091337849463
/multi_agv/path_reference,1789710657.6484444,1789710657.6478603,world,s_curve,1,3.094899447513704,0.09862109413484167,0.0,-0.055619952602725,-1.2373479129753118,-3.8498563535910058,-0.1871679143509593,-0.08742337853937426,0.10773143508215863,-1.1246752287972686,-1.407608131754368,-1.179760378374299,2.1907650794930955,2.534863930403326,2.589505824567078
/multi_agv/path_reference,1789710657.658336,1789710657.6578002,world,s_curve,1,3.09588280518644,0.09891521258894127,0.02958515524941116,-0.05636635538663942,-1.2367076981394427,-3.851261150266343,-0.18775590517291502,-0.0884089308526138,0.10706576986561063,-1.1238503270600142,-1.4069230715858718,-1.179349695772442,2.1893602828177583,2.533459133727989,2.588101027891741
/multi_agv/path_reference,1789710657.6684165,1789710657.6678662,world,s_curve,1,3.0968783579179058,0.09891521258894127,0.0,-0.05712109809306714,-1.236058476668464,-3.852683368454151,-0.1883500072465761,-0.08940572447106451,0.10639243743843929,-1.123014355183178,-1.4062281064489661,-1.178932968373248,2.18793806462995,2.5320369155401807,2.586678809703933
/multi_agv/path_reference,1789710657.6786094,1789710657.6779375,world,s_curve,1,3.097874695442668,0.09891521258894127,0.0,-0.0578755105967447,-1.2354076694259488,-3.8541067077752396,-0.18894338673349212,-0.09040231331565887,0.10571916825891697,-1.1221768792449993,-1.4055311748709192,-1.1785149541619282,2.1865147253088617,2.530613576219092,2.5852554703828443
/multi_agv/path_reference,1789710657.688664,1789710657.6879315,world,s_curve,1,3.098863250120673,0.09891521258894127,0.0,-0.0586231137587841,-1.2347608853060077,-3.8555189287438187,-0.1895309523537299,-0.09139013594427448,0.10505174702165218,-1.121345111295513,-1.404838286088991,-1.178099258533519,2.1851025043402825,2.529201355250513,2.583843249414265
/multi_agv/path_reference,1789710657.698744,1789710657.6979375,world,s_curve,1,3.0998558720887956,0.09920358733283126,0.028820447268752148,-0.059372873136306736,-1.2341103785198524,-3.8569369601268506,-0.1901197530427037,-0.09238103738865391,0.10438217102243749,-1.1205090871770944,-1.4041411436557243,-1.1776809047267385,2.1836844729572507,2.5277833238674816,2.5824252180312333
/multi_agv/path_reference,1789710657.7083666,1789710657.707822,world,s_curve,1,3.1008362558063665,0.09920358733283126,0.0,-0.0601124826348673,-1.233466849294912,-3.858337508294809,-0.19070013028053043,-0.09335875071263772,0.10372143308856635,-1.1196825521253457,-1.4034512181612904,-1.1772667775980996,2.1822839247892922,2.526382775699523,2.581024669863275
/multi_agv/path_reference,1789710657.7183275,1789710657.7178183,world,s_curve,1,3.101827986033442,0.09920358733283126,0.0,-0.06085973423622139,-1.2328148188346109,-3.85975426576206,-0.19128604612528838,-0.09434679549135695,0.10305363890798126,-1.118845624896004,-1.4027519152217587,-1.17684691638607,2.1808671673220412,2.5249660182322717,2.579607912396024
/multi_agv/path_reference,1789710657.7285748,1789710657.7278426,world,s_curve,1,3.1028224575532466,0.09920358733283126,0.0,-0.06160812295746227,-1.2321599236077354,-3.8611749393617805,-0.1918723902554151,-0.09533657548414842,0.10238459686717682,-1.1180055515262093,-1.4020492743338921,-1.1764249449631048,2.179446493722321,2.5235453446325513,2.5781872387963034
/multi_agv/path_reference,1789710657.7385178,1789710657.7378643,world,s_curve,1,3.1038193628479602,0.09948487433912855,0.028070672934638233,-0.062357408575828784,-1.2315023591164267,-3.8625990897828,-0.19245897083041655,-0.09632777480699922,0.1017145199099295,-1.1171625869506767,-1.4013435031838175,-1.176000987214786,2.178022343301301,2.5221211942115316,2.5767630883752837
/multi_agv/path_reference,1789710657.7484848,1789710657.7478561,world,s_curve,1,3.104813467245522,0.09948487433912855,0.0,-0.06310365557035705,-1.2308455799983888,-3.864019238922174,-0.19304270715456215,-0.09731518721891678,0.10104692766240787,-1.1163211595746325,-1.4006383098258453,-1.175577270594689,2.1766021941619274,2.520701045072158,2.57534293923591
/multi_agv/path_reference,1789710657.7584422,1789710657.7578638,world,s_curve,1,3.105809004722698,0.09948487433912855,0.0,-0.06385004275733548,-1.2301867925761742,-3.86544143531814,-0.19362608676836285,-0.09830301833406828,0.10037897683042478,-1.1154776891848224,-1.3999306951880472,-1.1751519933556531,2.1751799977659614,2.519278848676192,2.573920742839944
/multi_agv/path_reference,1789710657.7685084,1789710657.7678554,world,s_curve,1,3.1068031066331376,0.09948487433912855,0.0,-0.06459441797691125,-1.2295278965500636,-3.866861580904482,-0.19420742754878595,-0.09928841978411052,0.09971259340216282,-1.1146346080179603,-1.3992226997663144,-1.1747263818659162,2.1737598521796193,2.51785870308985,2.572500597253602
/multi_agv/path_reference,1789710657.7784953,1789710657.7778077,world,s_curve,1,3.107796045598327,0.09975699843274696,0.027339326718265923,-0.06533698756147654,-1.2288687167315335,-3.8682800651404667,-0.19478689247241515,-0.10027166378739305,0.09904759357537865,-1.113791689838461,-1.3985141363484226,-1.174300324007717,2.1723413679436345,2.516440218853865,2.571082113017617
/multi_agv/path_reference,1789710657.7885375,1789710657.7878072,world,s_curve,1,3.108793531786776,0.09975699843274696,0.0,-0.06608201568269177,-1.2282054583929296,-3.8697050454096797,-0.19536780672791965,-0.1012583977338874,0.09838015741373182,-1.1129440848378238,-1.3978009245640166,-1.1738713657769484,2.1709163876744215,2.515015238584652,2.569657132748404
/multi_agv/path_reference,1789710657.7985253,1789710657.7978053,world,s_curve,1,3.1097909677974545,0.09975699843274696,0.0,-0.06682606051463903,-1.2275411725265342,-3.8711299539963635,-0.19594748344593532,-0.10224406480963655,0.09771336671165484,-1.1120956956112504,-1.3970863434154732,-1.173441478552879,2.1694914790877378,2.5135903299979683,2.5682322241617204
/multi_agv/path_reference,1789710657.808462,1789710657.807804,world,s_curve,1,3.110788413983347,0.09975699843274696,0.0,-0.06756916562544973,-1.226875820351579,-3.872554877119067,-0.1965259565985175,-0.1032287227165793,0.09704718243874767,-1.1112464725979552,-1.3963703512015875,-1.1730106372551945,2.168066555965034,2.5121654068752646,2.5668073010390167
/multi_agv/path_reference,1789710657.8184733,1789710657.8178036,world,s_curve,1,3.111788591988791,0.1000233018260033,0.026631804074858084,-0.06831335327233636,-1.2262075834059134,-3.87398370284113,-0.19710479847993273,-0.10421505202623817,0.0963797906891619,-1.1103940969661266,-1.3956509899656968,-1.1725776632859168,2.166637730242971,2.5107365811532016,2.5653784753169537
/multi_agv/path_reference,1789710657.8284464,1789710657.8278039,world,s_curve,1,3.1127888646162787,0.1000233018260033,0.0,-0.06905665563589586,-1.2255382204607497,-3.875412663737541,-0.19768247646492682,-0.10520044565516681,0.09571295521240614,-1.1095408143860532,-1.3949301519186643,-1.1721436950775317,2.1652087693465605,2.509307620256791,2.563949514420543
/multi_agv/path_reference,1789710657.8387716,1789710657.8379214,world,s_curve,1,3.113800809462973,0.1000233018260033,0.0,-0.06980765779987345,-1.2248599668639097,-3.8768582992328184,-0.1982656543146476,-0.10619628895481992,0.09503896986984725,-1.108676736011044,-1.3941994705913898,-1.1717036939892953,2.163763133851283,2.5078619847615133,2.5625038789252654
/multi_agv/path_reference,1789710657.8484995,1789710657.847839,world,s_curve,1,3.1147928040619783,0.1000233018260033,0.0,-0.0705429012420061,-1.2241940312826756,-3.8782754343742547,-0.19883612148332472,-0.10717147273906641,0.09437889049637291,-1.107828874813428,-1.3934817973795934,-1.1712714216550055,2.1623459987098466,2.5064448496200775,2.561086743783829
/multi_agv/path_reference,1789710657.858678,1789710657.8578374,world,s_curve,1,3.1157954916704766,0.10028266002649767,0.02593941525239121,-0.07128511055562907,-1.223519859494041,-3.879707845243538,-0.19941151652296546,-0.10815613402869838,0.0937123188847767,-1.1069710538635529,-1.3927549847725964,-1.1708335398459737,2.160913587840563,2.5050124387507937,2.559654332914546
/multi_agv/path_reference,1789710657.868632,1789710657.8678741,world,s_curve,1,3.116801958431018,0.10028266002649767,0.0,-0.07202914546219959,-1.222842078392682,-3.881145654901454,-0.19998784405130005,-0.10914345863735014,0.09304386630205153,-1.1061091719121883,-1.3920240152462862,-1.1703930480195721,2.1594757781826472,2.5035746290928778,2.5582165232566294
/multi_agv/path_reference,1789710657.8784454,1789710657.8778274,world,s_curve,1,3.117799999141616,0.10028266002649767,0.0,-0.07276598807824772,-1.2221689156718178,-3.8825714273451655,-0.20055812210347215,-0.11012147839172948,0.09238163626045856,-1.1052536879156394,-1.3912977640195772,-1.169955295080237,2.158050005738936,2.5021488566491663,2.5567907508129184
/multi_agv/path_reference,1789710657.888854,1789710657.8878384,world,s_curve,1,3.1188040455801573,0.10028266002649767,0.0,-0.073506295622657,-1.2214906430009322,-3.8840057794002245,-0.2011306006506226,-0.11110433773720543,0.09171605151985712,-1.1043922366662224,-1.3905657364628394,-1.1695139558737349,2.1566156536838768,2.5007145045941073,2.5553563987578594
/multi_agv/path_reference,1789710657.8987072,1789710657.8978105,world,s_curve,1,3.119806169903977,0.10049935804923461,0.021731846696010974,-0.07424421504799861,-1.220812610620058,-3.8854373855771103,-0.2017007505486698,-0.11208426749950844,0.09105237290418249,-1.103531616600711,-1.389833705251666,-1.1690725100077974,2.155184047506991,2.499282898417222,2.5539247925809736
/multi_agv/path_reference,1789710657.9086041,1789710657.9078054,world,s_curve,1,3.1208107207847973,0.10049935804923461,0.0,-0.07498294641701744,-1.2201318769989646,-3.886872458263996,-0.20227104398013565,-0.11306551737715409,0.0903877221062375,-1.1026680944157272,-1.389098494379636,-1.1686290422015309,2.1537489748201053,2.497847825730336,2.552489719894088
/multi_agv/path_reference,1789710657.9185593,1789710657.9178681,world,s_curve,1,3.121821800003417,0.10049935804923461,0.0,-0.07572549086821616,-1.2194456490880774,-3.8883168571477382,-0.20284379115408507,-0.11405207721142449,0.08971939576086119,-1.1017981343143617,-1.3883570838083965,-1.1681817291414742,2.152304575936363,2.4964034268465936,2.5510453210103456
/multi_agv/path_reference,1789710657.928751,1789710657.9278824,world,s_curve,1,3.1228282355486985,0.10049935804923461,0.0,-0.07646364000771058,-1.2187615086213825,-3.8897546222124264,-0.20341265947772433,-0.1150330416133689,0.08905478106796157,-1.1009313492579917,-1.3876176641496354,-1.1677355124565207,2.150866810871675,2.4949656617819054,2.5496075559456575
/multi_agv/path_reference,1789710657.938656,1789710657.9378958,world,s_curve,1,3.123836554586899,0.1006734136649045,0.017378203061907887,-0.0772021834088917,-1.2180750242815594,-3.891195077981284,-0.20398134210074922,-0.11601477473970832,0.08838956661378251,-1.1000621227775933,-1.38687544713111,-1.1672875029359753,2.1494263551028174,2.493525206013048,2.5481671001768
/multi_agv/path_reference,1789710657.9483747,1789710657.9478745,world,s_curve,1,3.1248410644451465,0.1006734136649045,0.0,-0.07793695286657805,-1.2173900763105403,-3.8926300920644947,-0.20454663090495334,-0.1169917351355927,0.087727507440812,-1.0991953665007568,-1.3861346287616338,-1.1668402336692305,2.1479913410196065,2.492090191929837,2.546732086093589
/multi_agv/path_reference,1789710657.9583778,1789710657.9578722,world,s_curve,1,3.1258475357235125,0.1006734136649045,0.0,-0.07867217050954725,-1.2167027341296106,-3.894067908176446,-0.20511177547733303,-0.11796953596201855,0.08706479991070991,-1.0983261051203748,-1.3853909585808002,-1.1663911386876569,2.146553524907655,2.4906523758178856,2.5452942699816377
/multi_agv/path_reference,1789710657.968383,1789710657.967824,world,s_curve,1,3.12684937189724,0.1006734136649045,0.0,-0.07940302008712286,-1.2160175082988847,-3.895499102710343,-0.20567307563414292,-0.11894177087520243,0.08640578624797686,-1.097460040916385,-1.384649317831126,-1.165943166149143,2.1451223303737583,2.489221181283989,2.543863075447741
/multi_agv/path_reference,1789710657.978366,1789710657.9778464,world,s_curve,1,3.12785991351612,0.10081393236856286,0.01401846576376751,-0.080139226149073,-1.2153252693105385,-3.896942733594457,-0.20623799695628392,-0.11992137774012136,0.08574169624918636,-1.0965856381804457,-1.383899823780621,-1.1654903459705488,2.1436786994896444,2.487777550399875,2.542419444563627
/multi_agv/path_reference,1789710657.9883375,1789710657.9878504,world,s_curve,1,3.1288684910779696,0.10081393236856286,0.0,-0.08087300423371628,-1.2146333168254368,-3.8983835586828137,-0.20680056117155954,-0.12089800089465853,0.08507954936506933,-1.0957121227359634,-1.3831503772148572,-1.1650374505254901,2.1422378744012875,2.4863367253115185,2.54097861947527
/multi_agv/path_reference,1789710657.9985032,1789710657.9978495,world,s_curve,1,3.129876529486909,0.10081393236856286,0.0,-0.081605393185024,-1.2139406786227716,-3.899823613552727,-0.20736156656575386,-0.12187302207449711,0.08441840908517907,-1.0948382653112194,-1.38239992610898,-1.1645838444481154,2.1407978195313744,2.484896670441605,2.539538564605357
/multi_agv/path_reference,1789710658.0083675,1789710658.0078359,world,s_curve,1,3.130883029777682,0.10081393236856286,0.0,-0.08233566872469768,-1.2132480457508572,-3.901261471110974,-0.20792045986295649,-0.12284547630763046,0.08375892999649398,-1.0939649361554082,-1.3816492200032766,-1.1641299810938868,2.139359961973127,2.483458812883358,2.5381007070471098
/multi_agv/path_reference,1789710658.018693,1789710658.01786,world,s_curve,1,3.131894584628105,0.10092888959226355,0.011469971137867945,-0.08306860740574638,-1.2125508772445588,-3.9027065494687214,-0.20848089403758824,-0.12382172549898852,0.08309679731933771,-1.0930864123950785,-1.3808933358391697,-1.1636728834994283,2.13791488361538,2.4820137345256104,2.5366556286893625
/multi_agv/path_reference,1789710658.028375,1789710658.0278358,world,s_curve,1,3.1329018529276578,0.10092888959226355,0.0,-0.08379743796623036,-1.211855610917793,-3.904145504182368,-0.20903769086385482,-0.12479275095867269,0.0824381279238365,-1.0922108072105736,-1.380139253357133,-1.1632167721856723,2.136475928901733,2.4805747798119637,2.535216673975716
/multi_agv/path_reference,1789710658.0385883,1789710658.037842,world,s_curve,1,3.1339114928542586,0.10092888959226355,0.0,-0.08452697982484292,-1.2111576558483528,-3.905587846934655,-0.20959453369490422,-0.12576497278278204,0.0817785670031576,-1.0913323372843728,-1.3793819939709948,-1.162758636289691,2.1350335861494463,2.479132437059677,2.533774331223429
/multi_agv/path_reference,1789710658.0485387,1789710658.0478785,world,s_curve,1,3.1349245343872254,0.10092888959226355,0.0,-0.08525796712654048,-1.2104562925116857,-3.9070350491246075,-0.2101519786233407,-0.1267393714457337,0.08111744868945306,-1.090450101453736,-1.3786207747774355,-1.162298001303886,2.1335863839594937,2.4776852348697247,2.5323271290334763
/multi_agv/path_reference,1789710658.0584867,1789710658.0578647,world,s_curve,1,3.135933416307291,0.10102211702710139,0.009335119051109423,-0.08598494357627502,-1.2097567585307765,-3.9084763090104153,-0.21070586530695956,-0.12770867345086376,0.08045970802899832,-1.0895706874466093,-1.3778612806750437,-1.1618383074706766,2.132145124073686,2.4762439749839165,2.5308858691476686
/multi_agv/path_reference,1789710658.0684144,1789710658.0678728,world,s_curve,1,3.136944476668288,0.10102211702710139,0.0,-0.08671247763499354,-1.2090546637609074,-3.909920680954697,-0.21125967593985534,-0.12867896935842027,0.0798012123932951,-1.0886885747058526,-1.3770987459906234,-1.1613766705862465,2.130700752129404,2.4747996030396346,2.5294414972033867
/multi_agv/path_reference,1789710658.0784774,1789710658.0778596,world,s_curve,1,3.13795331545191,0.10102211702710139,0.0,-0.08743740167699147,-1.20835306512517,-3.911361879217014,-0.21181099929800862,-0.1296460345725876,0.0791448288396219,-1.0878076039297964,-1.3763364908227216,-1.160915100622992,2.129259553867087,2.473358404777318,2.5280002989410697
/multi_agv/path_reference,1789710658.0883894,1789710658.0878491,world,s_curve,1,3.138962475687908,0.10102211702710139,0.0,-0.08816154442152296,-1.2076501985026042,-3.912803536697011,-0.21236122758938086,-0.13061230793269987,0.07848890225751193,-1.086925558511409,-1.3755725992635452,-1.1604524377328584,2.12781789638709,2.4719167472973207,2.526558641461073
/multi_agv/path_reference,1789710658.0983834,1789710658.097853,world,s_curve,1,3.139973909398667,0.10109770524244217,0.00755540875594377,-0.0888863010308459,-1.2069447016354613,-3.9142484419980956,-0.21291141893810112,-0.131579652111316,0.07783216795687953,-1.0860407309475992,-1.3748055897944358,-1.1599877841643491,2.1263729910860056,2.470471841996236,2.5251137361599882
/multi_agv/path_reference,1789710658.1082969,1789710658.1078017,world,s_curve,1,3.140979831869122,0.10109770524244217,0.0,-0.08960609622787559,-1.2062420105825546,-3.915685474098746,-0.2134573432482436,-0.13254062462786587,0.07717967919248277,-1.0851599367173463,-1.3740413737251793,-1.1595247213051385,2.1249359589853554,2.469034809895586,2.523676704059338
/multi_agv/path_reference,1789710658.1184177,1789710658.1178305,world,s_curve,1,3.141993568787802,0.10109770524244217,0.0,-0.09033046063339714,-1.2055328148644775,-3.91713366969686,-0.21400622731391583,-0.13350795022486345,0.07652279563858791,-1.084271507202116,-1.3732698244735044,-1.159057112917812,2.1234877633872413,2.467586614297472,2.522228508461224
/multi_agv/path_reference,1789710658.1286151,1789710658.1278572,world,s_curve,1,3.1430072239184383,0.10109770524244217,0.0,-0.09105373910714665,-1.2048226284167767,-3.918581748454912,-0.21455378025541538,-0.13447407974415357,0.07586664267812909,-1.0833823557047315,-1.3724969377756235,-1.158588591769975,2.1220396846291893,2.46613853553942,2.520780429703172
/multi_agv/path_reference,1789710658.1386511,1789710658.1378324,world,s_curve,1,3.144016456161947,0.10115799181829566,0.006042681440435225,-0.09177283942409034,-1.204114501114989,-3.9200235088027813,-0.21509766450511464,-0.1354348810196005,0.07521402725244415,-1.0824962972196233,-1.3717260345001112,-1.1581211716252324,2.12059792428132,2.4646967751915505,2.5193386693553026
/multi_agv/path_reference,1789710658.1484337,1789710658.14785,world,s_curve,1,3.145029827487007,0.10115799181829566,0.0,-0.09249386109703311,-1.2034024273779125,-3.9214711821242956,-0.21564249358089066,-0.1363985036005187,0.0745594138903101,-1.0816058169268996,-1.3709505767757533,-1.1576508884310848,2.1191502509598057,2.463249101870036,2.5178909960337883
/multi_agv/path_reference,1789710658.1588943,1789710658.1579244,world,s_curve,1,3.1460488950185863,0.10115799181829566,0.0,-0.09321789573437442,-1.2026852995701598,-3.9229269928836947,-0.21618908496525424,-0.13736641002489985,0.07390180778703093,-1.080709537145229,-1.3701693545901505,-1.1571770069750997,2.1176944402004065,2.461793291110637,2.516435185274389
/multi_agv/path_reference,1789710658.168463,1789710658.1678412,world,s_curve,1,3.147052056265216,0.10115799181829566,0.0,-0.09392960832173841,-1.2019783359875083,-3.9243600803788796,-0.2167258693972151,-0.13831809650022767,0.07325514093222762,-1.0798264704025595,-1.3693989503610917,-1.1567095871988735,2.1162613527052216,2.4603602036154526,2.5150020977792042
/multi_agv/path_reference,1789710658.1783445,1789710658.1778343,world,s_curve,1,3.1480634527247595,0.10120588520622298,0.004792475467926003,-0.09464613658495977,-1.2012645363885222,-3.925804932463942,-0.2172657781695945,-0.13927647637040336,0.07260384478511864,-1.0789353759333973,-1.368620841231321,-1.1562373920008482,2.1148165006201594,2.45891535153039,2.513557245694142
/multi_agv/path_reference,1789710658.1884546,1789710658.187861,world,s_curve,1,3.149078192419515,0.10120588520622298,0.0,-0.09536399625545618,-1.2005473377000164,-3.9272545605993066,-0.21780617727166057,-0.1402368934704868,0.07195108197577894,-1.0780405529573132,-1.3678387693261738,-1.1557626908165624,2.1133668724847947,2.4574657233950252,2.5121076175587773
/multi_agv/path_reference,1789710658.1984572,1789710658.197826,world,s_curve,1,3.150086529323943,0.10120588520622298,0.0,-0.09607629603611921,-1.1998336345711385,-3.9286950418913467,-0.2183418813488768,-0.1411901267900709,0.07130312003059014,-1.0771506013182521,-1.3670602540870032,-1.1552900483081598,2.1119263911927546,2.456025242102985,2.510667136266737
/multi_agv/path_reference,1789710658.208267,1789710658.2078,world,s_curve,1,3.151096154984113,0.10120588520622298,0.0,-0.09678847549961334,-1.1991179920589798,-3.930137364263018,-0.21887698521608762,-0.1421434539394022,0.07065501265664986,-1.0762587400866097,-1.366279368969815,-1.1548158671205149,2.110484068821083,2.4545829197313136,2.5092248138950657
/multi_agv/path_reference,1789710658.2183309,1789710658.217866,world,s_curve,1,3.1521150821564583,0.10124329213710348,0.003716851345097015,-0.09750616917883297,-1.198394716054279,-3.931592974509226,-0.2194157144318306,-0.1431044212966157,0.07000162819194748,-1.0753578810161193,-1.3654898967262634,-1.1543363704204543,2.1090284585748753,2.453127309485106,2.507769203648858
/multi_agv/path_reference,1789710658.2284768,1789710658.2278755,world,s_curve,1,3.1531286167060912,0.10124329213710348,0.0,-0.09821901944467065,-1.1976742324662109,-3.9330408810087016,-0.21995029113919815,-0.14405916187920773,0.069352394684394,-1.0744610128360383,-1.3647032160037436,-1.1538584685588507,2.1075805520753996,2.45167940298563,2.5063212971493822
/multi_agv/path_reference,1789710658.2385738,1789710658.237936,world,s_curve,1,3.1541472234434167,0.10124329213710348,0.0,-0.09893438459876201,-1.1969491033762785,-3.934496033490595,-0.22048623345315865,-0.1450175310549399,0.0687006107118126,-1.0735588766965374,-1.363911205701023,-1.1533772277312753,2.1061253995935063,2.4502242505037373,2.504866144667489
/multi_agv/path_reference,1789710658.2484105,1789710658.2478693,world,s_curve,1,3.1551527418529077,0.10124329213710348,0.0,-0.09963952236095155,-1.1962322715745508,-3.9359324883612965,-0.22101400137901292,-0.14596245471572372,0.06805788901188206,-1.0726675685113614,-1.363128005306888,-1.1529012409054031,2.1046889447228048,2.4487877956330353,2.5034296897967874
/multi_agv/path_reference,1789710658.2583313,1789710658.257863,world,s_curve,1,3.1561649239290532,0.10127077727504712,0.0027499412888866994,-0.10034829239880713,-1.195509666975096,-3.93737846275579,-0.22154397319503416,-0.14691250320005372,0.06741159919866656,-1.0717695887613699,-1.3623382444804415,-1.1524211676834764,2.1032429703283113,2.447341821238542,2.501983715402294
/multi_agv/path_reference,1789710658.2684848,1789710658.267873,world,s_curve,1,3.157178677322579,0.10127077727504712,0.0,-0.10105711485801137,-1.1947849142716869,-3.9388266818893984,-0.22207346587384544,-0.14786288108232834,0.06676500238213975,-1.0708694479778766,-1.361545881671599,-1.1519394131655851,2.101794751194703,2.4458936021049333,2.5005354962686854
/multi_agv/path_reference,1789710658.2784052,1789710658.2778554,world,s_curve,1,3.1581894775589685,0.10127077727504712,0.0,-0.10176282684453386,-1.1940612516920686,-3.940270682227098,-0.22260011777956495,-0.14880934708019847,0.06612098432616195,-1.0699711669975909,-1.3607544577135355,-1.1514581303650795,2.1003507508570034,2.444449601767234,2.499091495930986
/multi_agv/path_reference,1789710658.2883885,1789710658.2878544,world,s_curve,1,3.159201947953017,0.10127077727504712,0.0,-0.10246865676530938,-1.193335372748582,-3.9417170685043095,-0.22312633916948682,-0.14975623047116798,0.06547659934472677,-1.0690706405159303,-1.3599603569886805,-1.1509751207411356,2.098904364579792,2.4430032154900223,2.4976451096537744
/multi_agv/path_reference,1789710658.2983027,1789710658.2978506,world,s_curve,1,3.1602146460234453,0.10129069318375057,0.001992001621079772,-0.10317359454102618,-1.1926083102104663,-3.943163780033493,-0.22365137552043352,-0.15070217696271845,0.0648327688600735,-1.068169151219906,-1.359164708625491,-1.150491070786002,2.097457653050608,2.4415565039608387,2.4961983981245908
/multi_agv/path_reference,1789710658.3084025,1789710658.307862,world,s_curve,1,3.161228614279166,0.10129069318375057,0.0,-0.10387836099587662,-1.1918793138546466,-3.944612306113094,-0.22417576227630515,-0.1516481547571395,0.06418883404581485,-1.0672657702681827,-1.3583666911659804,-1.1500054801297768,2.096009126971007,2.4401079778812376,2.4947498720449897
/multi_agv/path_reference,1789710658.3184378,1789710658.3178816,world,s_curve,1,3.162243464574243,0.10129069318375057,0.0,-0.10458268263010022,-1.1911486621087095,-3.9460620922489187,-0.22469929456067067,-0.1525937971950489,0.063545043865419,-1.0663608440401147,-1.357566608491398,-1.149518533794616,2.0945593408351826,2.438658191745413,2.493300085909165
/multi_agv/path_reference,1789710658.3284383,1789710658.3278575,world,s_curve,1,3.1632540025193485,0.10129069318375057,0.0,-0.10528295837763801,-1.1904201014488436,-3.947505717884783,-0.22521929831278403,-0.1535342680439129,0.06290469122378294,-1.065459010052517,-1.3567685643677696,-1.1490327299262444,2.093115715199318,2.4372145661095486,2.4918564602733007
/multi_agv/path_reference,1789710658.3383424,1789710658.3378003,world,s_curve,1,3.164261409998943,0.10130424267893452,0.0013625284466266146,-0.10598001727933626,-1.189692792340678,-3.948944871427061,-0.22573639487540287,-0.15447067787448063,0.0622670209118748,-1.0645592236028356,-1.3559716419729946,-1.1485475114462038,2.09167656165704,2.4357754125672706,2.4904173067310227
/multi_agv/path_reference,1789710658.3482392,1789710658.3478005,world,s_curve,1,3.1652744895030853,0.10130424267893452,0.0,-0.10667994471409739,-1.1889603775090947,-3.95039212786155,-0.22625509659294868,-0.15541120257720678,0.06162646502786338,-1.0636536216930188,-1.3551688746056003,-1.1480586362286647,2.090229305222551,2.4343281561327816,2.4889700502965337
/multi_agv/path_reference,1789710658.3583324,1789710658.3578372,world,s_curve,1,3.1662910750457622,0.10130424267893452,0.0,-0.10738122851598081,-1.1882244107901374,-3.951844392922517,-0.22677427573903677,-0.15635381369851092,0.06098440388960533,-1.062744132360445,-1.354361961935385,-1.147567138074582,2.088777040161584,2.4328758910718147,2.4875177852355668
/multi_agv/path_reference,1789710658.368643,1789710658.3679268,world,s_curve,1,3.1673133470994936,0.10130424267893452,0.0,-0.10808535559995211,-1.1874833001276566,-3.953304781570705,-0.22729502559711226,-0.15730051386720587,0.06033947266446186,-1.0618287953171717,-1.3535491551271994,-1.1470719499385986,2.087316651513396,2.431415502423627,2.4860573965873787
/multi_agv/path_reference,1789710658.3789794,1789710658.3779721,world,s_curve,1,3.1683310754974805,0.10131338360405813,0.000909965817378929,-0.10878527741143314,-1.1867444629572437,-3.954758679282115,-0.2278121326821988,-0.1582418263442048,0.05969812679210427,-1.0609167723468211,-1.3527385886595116,-1.146578027865398,2.0858627538019863,2.429961604712217,2.484603498875969
/multi_agv/path_reference,1789710658.3888414,1789710658.3878543,world,s_curve,1,3.169332110489251,0.10131338360405813,0.0,-0.10947267030777486,-1.18601675292809,-3.9561887292703584,-0.2283194640448972,-0.15916654848677164,0.05906800160834434,-1.060018976684198,-1.3519399835847135,-1.1460912985153588,2.084432703813743,2.4285315547239734,2.4831734488877255
/multi_agv/path_reference,1789710658.3988893,1789710658.3979683,world,s_curve,1,3.170356940246235,0.10131338360405813,0.0,-0.11017532408499678,-1.1852707277881682,-3.9576527717803356,-0.22883752441813096,-0.16011206758285976,0.058423619746000466,-1.0590990898813109,-1.3511210266990494,-1.1455920667841444,2.0829686613037657,2.427067512213996,2.4817094063777483
/multi_agv/path_reference,1789710658.4087334,1789710658.4079094,world,s_curve,1,3.1713639018683195,0.10131338360405813,0.0,-0.11086466236126556,-1.1845367085294893,-3.9590912883833136,-0.22934523998543768,-0.1610399325176456,0.05779118541928668,-1.0581945036815348,-1.3503150010310538,-1.1451006208758796,2.0815301447007877,2.425628995611018,2.4802708897747703
/multi_agv/path_reference,1789710658.4186492,1789710658.4179008,world,s_curve,1,3.172376422248305,0.10131732688400642,0.0003945822636399917,-0.11155674090950263,-1.1837976384223783,-3.960537746069007,-0.22985444599930005,-0.1619717497782355,0.05715597304902775,-1.0572841886611481,-1.3495031811201577,-1.144605545485829,2.0800836870150943,2.424182537925325,2.478824432089077
/multi_agv/path_reference,1789710658.4287348,1789710658.4278586,world,s_curve,1,3.1733851217492592,0.10131732688400642,0.0,-0.11224514327975366,-1.183060361891446,-3.9619787453560846,-0.2303604198204061,-0.16289888129189822,0.05652387127304341,-1.0563765766317483,-1.3486930845805238,-1.1441114244620656,2.0786426877280166,2.4227415386382476,2.4773834328019992
/multi_agv/path_reference,1789710658.4386785,1789710658.4378462,world,s_curve,1,3.1743971336175814,0.10131732688400642,0.0,-0.11293473786306593,-1.1823196681950998,-3.9634244765965447,-0.23086674032286958,-0.16382788325676412,0.055890409990435944,-1.0554652524429438,-1.3478789861205367,-1.143614766021819,2.0771969564875565,2.421295807397787,2.475937701561539
/multi_agv/path_reference,1789710658.4483745,1789710658.4478514,world,s_curve,1,3.175410867171239,0.10131732688400642,0.0,-0.11362443146581948,-1.1815767157946193,-3.964872667387484,-0.23137260092634343,-0.16475728488730224,0.0552565914161873,-1.0545516450853467,-1.3470621571511845,-1.143116345147327,2.075748765696617,2.4198476166068477,2.4744895107705998
/multi_agv/path_reference,1789710658.4585366,1789710658.457853,world,s_curve,1,3.176424135658768,0.1013172641397031,-6.273836827278759e-06,-0.11431273294625434,-1.1808331070822777,-3.96632019379824,-0.23187690696553673,-0.16568507726088127,0.05462378538765507,-1.053637725927285,-1.3462443589354072,-1.1426172363841411,2.074301239285861,2.418400090196092,2.4730419843598437
/multi_agv/path_reference,1789710658.4686208,1789710658.4678636,world,s_curve,1,3.177438256427123,0.1013172641397031,0.0,-0.11500053511162026,-1.1800878762917215,-3.967768937753033,-0.23238031228054395,-0.16661246398195084,0.05399117092763409,-1.0527223082924628,-1.3454245292101956,-1.1421167913725063,2.0728524953310683,2.4169513462412993,2.471593240405051
/multi_agv/path_reference,1789710658.478497,1789710658.477872,world,s_curve,1,3.1784523214709828,0.1013172641397031,0.0,-0.11568721942083897,-1.179341691066024,-3.969217602101404,-0.23288236352848335,-0.167538611364835,0.05335931663080149,-1.0518062128743126,-1.3446034021592779,-1.1416154581644815,2.0714038309826974,2.415502681892928,2.47014457605668
/multi_agv/path_reference,1789710658.4884698,1789710658.487877,world,s_curve,1,3.179466041124289,0.1013172641397031,0.0,-0.11637258813380486,-1.1785947659814122,-3.9706657730346984,-0.23338291624277346,-0.16846325282920435,0.05272840467056331,-1.050889702981422,-1.3437812141289265,-1.1411133808338882,2.069955660049403,2.4140545109596334,2.4686964051233855
/multi_agv/path_reference,1789710658.498411,1789710658.497867,world,s_curve,1,3.1804782393710305,0.10131402645593378,-0.0003240696969364212,-0.11705584805512524,-1.1778479721745096,-3.9721117705300433,-0.2338813926982661,-0.16938531739916818,0.05209916593205863,-1.0499738461019006,-1.3429589246827272,-1.1406111457389012,2.068509662554058,2.4126085134642885,2.4672504076280406
/multi_agv/path_reference,1789710658.5083916,1789710658.5078661,world,s_curve,1,3.181491300408021,0.10131402645593378,0.0,-0.11773860858337888,-1.177099553479215,-3.973559000582887,-0.2343789676688283,-0.17030697657516314,0.051470118493854855,-1.0490564879410242,-1.3421346003228487,-1.1401075721737721,2.0670624325012144,2.411161283411445,2.465803177575197
/multi_agv/path_reference,1789710658.5186386,1789710658.5178545,world,s_curve,1,3.1825032094032166,0.10131402645593378,0.0,-0.11841951086647277,-1.1763510003991977,-3.975004584861738,-0.23487465110136188,-0.17122639591792715,0.05084251441987077,-1.0481394552370231,-1.341309882824978,-1.1396036631355917,2.0656168482223634,2.409715699132594,2.464357593296346
/multi_agv/path_reference,1789710658.5284874,1789710658.527876,world,s_curve,1,3.1835186459501856,0.10131402645593378,0.0,-0.11910169855369528,-1.1755988493795317,-3.976455208500265,-0.23537072962689404,-0.1721478212144666,0.05021345518027488,-1.047218506595679,-1.3404809553542505,-1.1390970861886658,2.064166224583836,2.4082650754940667,2.4629069696578187
/multi_agv/path_reference,1789710658.5384858,1789710658.5378733,world,s_curve,1,3.1845314508042146,0.10130815265938381,-0.0005875401122014757,-0.11978103082674883,-1.1748476628818851,-3.977902072577449,-0.23586419135888148,-0.17306565987660832,0.04958675875524339,-1.0462992290490642,-1.3396528457707098,-1.1385909138258816,2.062719360506652,2.406818211416883,2.4614601055806347
/multi_agv/path_reference,1789710658.5486836,1789710658.5478778,world,s_curve,1,3.18554481467663,0.10130815265938381,0.0,-0.12045964922705982,-1.1740950785183855,-3.9793497352523284,-0.23635659341532073,-0.17398280467046623,0.048960450404607544,-1.0453787301867803,-1.3388229505722093,-1.1380835547961667,2.061271697831773,2.4053705487420034,2.4600124429057555
/multi_agv/path_reference,1789710658.5585954,1789710658.5578625,world,s_curve,1,3.1865563903588425,0.10130815265938381,0.0,-0.12113598241315501,-1.1733428427824772,-3.980794843369775,-0.23684679661039085,-0.17489713147158562,0.04833598084251148,-1.0444591452958953,-1.3379931961131555,-1.137576186938381,2.0598265897143264,2.403925440624557,2.458567334788309
/multi_agv/path_reference,1789710658.5685244,1789710658.5678802,world,s_curve,1,3.1875711474209734,0.10130815265938381,0.0,-0.12181334986286034,-1.1725872601927436,-3.9822444963156762,-0.23733720591104526,-0.17581312821809386,0.04771028454055819,-1.043535957666352,-1.3371595055368042,-1.1370663173750746,2.058376936768425,2.4024757876786555,2.4571176818424076
/multi_agv/path_reference,1789710658.578493,1789710658.5778594,world,s_curve,1,3.188582189708932,0.10129999102852126,-0.0008177433753277492,-0.12248714782929011,-1.1718334680282456,-3.9836888424413313,-0.23782448869426678,-0.17672456906140743,0.047087614267803946,-1.0426154437352075,-1.3363275473687795,-1.1365574129807499,2.05693259064277,2.4010314415530005,2.4556733357167526
/multi_agv/path_reference,1789710658.5883245,1789710658.5878546,world,s_curve,1,3.189594682106262,0.10129999102852126,0.0,-0.12316082058254647,-1.171077620362297,-3.985135260151803,-0.2383111376238448,-0.1776361121456268,0.04646478802183224,-1.041692905324977,-1.3354930776925535,-1.1360468780693604,2.0554861729322984,2.3995850238425294,2.454226918006281
/multi_agv/path_reference,1789710658.598342,1789710658.597801,world,s_curve,1,3.190602420798913,0.10129999102852126,0.0,-0.123830244168274,-1.1703243547003792,-3.98657488685559,-0.23879417625714527,-0.17854217608178896,0.04584561983411234,-1.0407740003254669,-1.334661217595747,-1.135537846179924,2.0540465462285113,2.398145397138742,2.452787291302494
/multi_agv/path_reference,1789710658.608275,1789710658.6078007,world,s_curve,1,3.1916153972076007,0.10129999102852126,0.0,-0.12450205375229226,-1.1695662037215262,-3.988021996010858,-0.23927839202831572,-0.17945174167484967,0.045223972446288674,-1.0398496196933156,-1.3338237204360242,-1.135025271035239,2.052599437073243,2.3966982879834737,2.451340182147226
/multi_agv/path_reference,1789710658.6186862,1789710658.6178339,world,s_curve,1,3.192631642290398,0.10128980624399804,-0.001015124076324252,-0.12517492724692825,-1.1688046295978811,-3.989473774700569,-0.23976282486190426,-0.18036302274045224,0.044601065861571795,-1.0389215524855038,-1.3329821984548893,-1.1345101378532503,2.0511476583835324,2.395246509293763,2.449888403457515
/multi_agv/path_reference,1789710658.6288686,1789710658.6278548,world,s_curve,1,3.1936463906137287,0.10128980624399804,0.0,-0.1258457057511557,-1.1680432031896761,-3.9909234151624693,-0.24024519926740295,-0.1812717416203664,0.04397982363430235,-1.0379941513545086,-1.3321405966724034,-1.1339948615421167,2.049698017921632,2.3937968688318625,2.4484387629956146
/multi_agv/path_reference,1789710658.638623,1789710658.6378472,world,s_curve,1,3.1946586135796102,0.10128980624399804,0.0,-0.1265137147861103,-1.1672827039589397,-3.9923694479708716,-0.24072503356696773,-0.18217698283916225,0.043360872047799176,-1.037068362727502,-1.331299778038604,-1.1334799711107133,2.0482519851132297,2.39235083602346,2.446992730187212
/multi_agv/path_reference,1789710658.648669,1789710658.6478238,world,s_curve,1,3.195669147132813,0.10128980624399804,0.0,-0.12717951140627745,-1.1665225113899955,-3.99381306733259,-0.24120273129797412,-0.18307949959873965,0.042743696677881485,-1.0361434282304267,-1.3304590580172886,-1.1329650479222715,2.0468083657515113,2.3909072166617418,2.445549110825494
/multi_agv/path_reference,1789710658.6586907,1789710658.6578054,world,s_curve,1,3.196680211001811,0.10127768798120908,-0.0012138794345719012,-0.12784455858090296,-1.1657609588823303,-3.995257444288301,-0.24167934305584235,-0.1839812745512205,0.04212694186435402,-1.0352173192688123,-1.3296165938787132,-1.1324489634994654,2.0453639887958004,2.389462839706031,2.444104733869783
/multi_agv/path_reference,1789710658.6684527,1789710658.6678412,world,s_curve,1,3.1976966217250675,0.10127768798120908,0.0,-0.12851201368372553,-1.1649944119099818,-3.996709459607239,-0.2421571268590862,-0.1848865912846791,0.04150767709258876,-1.0342856201193777,-1.3287683628311038,-1.1319292527794638,2.0439119734768623,2.3880108243870932,2.442652718550845
/multi_agv/path_reference,1789710658.6783462,1789710658.6778343,world,s_curve,1,3.198708517590272,0.10127768798120908,0.0,-0.12917539697072308,-1.1642303074163294,-3.9981550251289595,-0.24263144334930709,-0.18578666156420054,0.04089191400133846,-1.0333573707940444,-1.3279225941042712,-1.1314109573506728,2.042466407955142,2.3865652588653723,2.4412071530291244
/multi_agv/path_reference,1789710658.6884406,1789710658.6878235,world,s_curve,1,3.199720215558874,0.10127768798120908,0.0,-0.12983754538182765,-1.1634653942962934,-3.9996003079412485,-0.24310432492448797,-0.18668533241540103,0.040277021194406126,-1.03242861834376,-1.3270756907613555,-1.1308918737837645,2.0410211251428527,2.3851199760530832,2.4397618702168353
/multi_agv/path_reference,1789710658.6984093,1789710658.697824,world,s_curve,1,3.2007329222413077,0.10126434934794902,-0.0013337800981275897,-0.13049924627320583,-1.1626987610247337,-4.001047031773297,-0.24357633332112916,-0.18758367264779618,0.03966226714930794,-1.031498256510626,-1.3262266432512335,-1.1303713833123414,2.0395744013108046,2.3836732522210355,2.438315146384787
/multi_agv/path_reference,1789710658.7083848,1789710658.7078006,world,s_curve,1,3.2017433866272533,0.10126434934794902,0.0,-0.1311583761127896,-1.1619328720321076,-4.002490552324647,-0.24404595478961405,-0.1884787987892409,0.039049625240486205,-1.0305692751702533,-1.3253781813688794,-1.1298511595571903,2.038130880759454,2.382229731669685,2.4368716258334366
/multi_agv/path_reference,1789710658.7183018,1789710658.7178013,world,s_curve,1,3.2027560935122157,0.10126434934794902,0.0,-0.13181785895579154,-1.1611643296244238,-4.003937276446022,-0.2445152726772269,-0.18937468183518225,0.03843637764503459,-1.0296375531091468,-1.3245265411056304,-1.1293288946584943,2.036684156638079,2.3807830075483096,2.4354249017120617
/multi_agv/path_reference,1789710658.7283573,1789710658.7278214,world,s_curve,1,3.2037705808269683,0.10126434934794902,0.0,-0.1324773859759131,-1.1603934804569749,-4.005386544038526,-0.2449840639158444,-0.1902709038858739,0.03782280987397904,-1.0287035134172624,-1.3236721051682059,-1.1288048227854564,2.0352348890455754,2.379333739955806,2.433975634119558
/multi_agv/path_reference,1789710658.738298,1789710658.7378004,world,s_curve,1,3.20478113326827,0.10124985647928003,-0.0014520779058416983,-0.1331332435954624,-1.1596246717413536,-4.006830190383242,-0.24544969062348326,-0.1911624177891295,0.03721237762622563,-1.0277724221321727,-1.3228196929350196,-1.128281900156869,2.033791242700859,2.3778900936110894,2.4325319877748415
/multi_agv/path_reference,1789710658.7489731,1789710658.747832,world,s_curve,1,3.2057966040226,0.10124985647928003,0.0,-0.13379117357656403,-1.1588511675003503,-4.008280862889428,-0.2459162280560928,-0.19205702915782974,0.03659973648423055,-1.0268361223048776,-1.321961835678073,-1.1277555445181005,2.032340570194673,2.3764394211049034,2.4310813152686555
/multi_agv/path_reference,1789710658.7588475,1789710658.7578073,world,s_curve,1,3.2068067118757813,0.10124985647928003,0.0,-0.13444451529270524,-1.1580808024587417,-4.009723874108259,-0.2463789539091385,-0.19294568065343526,0.03599108868445812,-1.0259040970541058,-1.3211072225612408,-1.1272310877608784,2.0308975589758425,2.3749964098860734,2.429638304049825
/multi_agv/path_reference,1789710658.7689009,1789710658.7678144,world,s_curve,1,3.2078199903682183,0.10124985647928003,0.0,-0.13509879032823338,-1.1573070729850254,-4.0111714148117406,-0.24684178057811906,-0.19383588169448873,0.03538129128790772,-1.0249684764607538,-1.320248639498399,-1.1267041029959235,2.0294500182723607,2.3735488691825912,2.4281907633463433
/multi_agv/path_reference,1789710658.7788353,1789710658.7778652,world,s_curve,1,3.2088374052208324,0.10123446257901629,-0.001531718567102622,-0.1357546089171899,-1.156529233171757,-4.0126248646011895,-0.24730513370012142,-0.1947284655440827,0.03476977249263449,-1.0240283636627134,-1.319385256193783,-1.1261740796587745,2.0279965684829118,2.3720954193931423,2.4267373135568944
/multi_agv/path_reference,1789710658.788689,1789710658.7878568,world,s_curve,1,3.2098489179018093,0.10123446257901629,0.0,-0.13640550174107424,-1.1557549617368068,-4.01406988271687,-0.24776444397081232,-0.19561462661860723,0.034162565366196926,-1.0230930380907437,-1.3185255964693552,-1.1256462506503213,2.026551550367231,2.3706504012774614,2.4252922954412135
/multi_agv/path_reference,1789710658.7987325,1789710658.7978613,world,s_curve,1,3.2108616687814977,0.10123446257901629,0.0,-0.13705606996275074,-1.1549788012165585,-4.0155166696878535,-0.2482229621689379,-0.19650062722367917,0.033555379504364935,-1.0221559038034318,-1.317663602633446,-1.1251168972127974,2.025104763396248,2.3692036143064783,2.4238455084702304
/multi_agv/path_reference,1789710658.8087494,1789710658.807832,world,s_curve,1,3.2118711941287397,0.10123446257901629,0.0,-0.13770344712396582,-1.154204176106966,-4.016958848755342,-0.2486786693873187,-0.19738256309998986,0.032950891115411204,-1.0212210943123279,-1.316803078674973,-1.124588355333597,2.023662584328759,2.36776143523899,2.4224033294027416
/multi_agv/path_reference,1789710658.8187795,1789710658.8178494,world,s_curve,1,3.212885123298385,0.1012177697357536,-0.0016664007863487508,-0.13835252307837453,-1.1534252328583445,-4.018407318997693,-0.24913500695571505,-0.19826709603849885,0.03234453375909038,-1.020281546316448,-1.3159375214614097,-1.124056630797176,2.0222141140864083,2.3663129649966392,2.420954859160391
/multi_agv/path_reference,1789710658.828772,1789710658.8278575,world,s_curve,1,3.2138980079006463,0.1012177697357536,0.0,-0.13899980336030468,-1.152646154382258,-4.019854297000923,-0.24958951534404433,-0.19914946522231616,0.03173957048544654,-1.019342307463448,-1.3150715778167859,-1.12352457786654,2.0207671360831783,2.364865986993409,2.419507881157161
/multi_agv/path_reference,1789710658.8387158,1789710658.8378575,world,s_curve,1,3.21491019076011,0.1012177697357536,0.0,-0.13964550856841534,-1.1518666810067097,-4.021300272514443,-0.25004235090785887,-0.20002997065183803,0.03113579585445095,-1.0184030634868777,-1.3142049597301695,-1.122992019803082,2.019321160569658,2.3634200114798887,2.4180619056436408
/multi_agv/path_reference,1789710658.8483982,1789710658.8478534,world,s_curve,1,3.2159218823085194,0.1012177697357536,0.0,-0.14028977356266725,-1.1510866539398856,-4.022745546155027,-0.25049360922156527,-0.20090879573350484,0.030533084267068453,-1.0174636222198017,-1.3133374910750186,-1.1224588485248366,2.017875886929074,2.361974737839305,2.4166166320030564
/multi_agv/path_reference,1789710658.8583777,1789710658.8578453,world,s_curve,1,3.2169331519288122,0.10120033227016516,-0.0017450116923207275,-0.14093264269145872,-1.1503060225620474,-4.02419021704116,-0.2509433221121042,-0.2017860005832408,0.029931394620968887,-1.016523922064978,-1.312469115876447,-1.1219250297447172,2.016431216042941,2.3605300669531717,2.415171961116924
/multi_agv/path_reference,1789710658.868438,1789710658.8678577,world,s_curve,1,3.2179463219901447,0.10120033227016516,0.0,-0.141575588319622,-1.1495229936276485,-4.025637602843064,-0.2513925182629899,-0.20266359494668995,0.029329348250813944,-1.0155818054224761,-1.3115978388268075,-1.121389336633662,2.014983830241037,2.3590826811512677,2.41372457531502
/multi_agv/path_reference,1789710658.87847,1789710658.8778503,world,s_curve,1,3.218957705460811,0.10120033227016516,0.0,-0.14221626843962423,-1.1487404175423175,-4.027082436372587,-0.2518395611068076,-0.20353838239391686,0.028729138181851868,-1.0146407020138906,-1.3107268316028082,-1.1208537190102539,2.0135389967115143,2.3576378476217448,2.412279741785497
/multi_agv/path_reference,1789710658.8884025,1789710658.887828,world,s_curve,1,3.219967550888828,0.10120033227016516,0.0,-0.14285484565586248,-1.147958108940815,-4.028525072698326,-0.25228456719530223,-0.20441058320252908,0.028130613430243936,-1.0137003864672058,-1.3098558889598317,-1.1203180513954076,2.0120963603857756,2.356195211296006,2.410837105459758
/multi_agv/path_reference,1789710658.8983624,1789710658.8978496,world,s_curve,1,3.220981534259296,0.10118236329238343,-0.0017930704692557529,-0.14349490339736184,-1.147171668745982,-4.029973620370423,-0.25273003148581885,-0.20528509293348463,0.027530414227217984,-1.0127555730152311,-1.3089801125216083,-1.1197793207011066,2.0106478127136787,2.3547466636239096,2.4093885577876613
/multi_agv/path_reference,1789710658.9087782,1789710658.907848,world,s_curve,1,3.2219929772441693,0.10118236329238343,0.0,-0.14413222218088823,-1.1463862761700514,-4.031418538920242,-0.25317301599684816,-0.20615614715513886,0.0269324966093224,-1.011812484947595,-1.3081052692747221,-1.1192410742878371,2.009202894163859,2.3533017450740896,2.4079436392378417
/multi_agv/path_reference,1789710658.9188266,1789710658.9178507,world,s_curve,1,3.2230052079337406,0.10118236329238343,0.0,-0.14476890065679235,-1.1455993509476454,-4.032864582762486,-0.25361498093398377,-0.2070266134563672,0.026334892419973957,-1.0108680227114435,-1.3072284856881546,-1.1187015444433384,2.007756850321615,2.3518557012318455,2.4064975953955976
/multi_agv/path_reference,1789710658.9287777,1789710658.9278684,world,s_curve,1,3.2240187135210894,0.10118236329238343,0.0,-0.14540524050454823,-1.1448105131997701,-4.03431244788727,-0.2540561339707968,-0.2078969051538726,0.025737317611024782,-1.0099217317945477,-1.3063493377880293,-1.1181604700167334,2.006308985196831,2.350407836107062,2.4050497302708136
/multi_agv/path_reference,1789710658.9388618,1789710658.9379625,world,s_curve,1,3.225040064150525,0.10116372928047873,-0.0018456797121461502,-0.14604534906433106,-1.1440146376107545,-4.035771520215035,-0.25449931445914586,-0.2087726439398505,0.02513591120600328,-1.0089674703315394,-1.30546211042343,-1.117614332077294,2.004849912869066,2.348948763779297,2.403590657943049
/multi_agv/path_reference,1789710658.9487653,1789710658.9478586,world,s_curve,1,3.2260410441479412,0.10116372928047873,0.0,-0.14667156369082146,-1.1432337304307214,-4.037201491639916,-0.2549323046769232,-0.20962965962745414,0.024547273231913025,-1.0080316152063649,-1.3045913399693911,-1.1170782361164084,2.0034199414441853,2.3475187923544163,2.402160686518168
/multi_agv/path_reference,1789710658.9583704,1789710658.957846,world,s_curve,1,3.227051538088278,0.10116372928047873,0.0,-0.14730259676068094,-1.1424444934016178,-4.038645054411825,-0.25536805227352355,-0.21049355685616677,0.023953818847647593,-1.0070862379282193,-1.303711050883976,-1.1165361913926581,2.001976378672276,2.3460752295825067,2.400717123746259
/multi_agv/path_reference,1789710658.9687448,1789710658.9679346,world,s_curve,1,3.2280721341374563,0.10116372928047873,0.0,-0.14793878142416006,-1.141646442537543,-4.0401030487677945,-0.25580677057449064,-0.21136480000295665,0.023355226304967197,-1.0061307721644672,-1.3028206965834115,-1.1159878588647505,2.000518384316307,2.3446172352265378,2.3992591293902894
/multi_agv/path_reference,1789710658.978938,1789710658.9778485,world,s_curve,1,3.2290748179898996,0.10114428463485418,-0.0019614505278811264,-0.14856266694297396,-1.1408614956654117,-4.041535454271285,-0.25623643210666225,-0.2122194872630563,0.02276791854079674,-1.0051914536683855,-1.301944732616799,-1.115448300711051,1.9990859788128161,2.3431848297230466,2.3978267238867987
/multi_agv/path_reference,1789710658.9885726,1789710658.9878147,world,s_curve,1,3.2300828556116175,0.10114428463485418,0.0,-0.1491887497353842,-1.140071457688399,-4.042975508016596,-0.25666703117002,-0.2130774724896643,0.02217825445353179,-1.0042465004093437,-1.3010628584054147,-1.1149050142504389,1.9976459250675052,2.341744775977736,2.3963866701414878
/multi_agv/path_reference,1789710658.9984217,1789710658.99786,world,s_curve,1,3.2310987884550495,0.10114428463485418,0.0,-0.14981858477019322,-1.139274320819286,-4.044426840650071,-0.2570996258867921,-0.21394089222949855,0.021584763805711032,-1.0032935199062945,-1.3001728282271992,-1.1143566143243642,1.9961945924340303,2.340293443344261,2.394935337508013
/multi_agv/path_reference,1789710659.008515,1789710659.0078447,world,s_curve,1,3.2321086956277245,0.10114428463485418,0.0,-0.15044353650633885,-1.1384810064760826,-4.045869565182463,-0.25752828320332294,-0.21479790937517057,0.02099558305947706,-1.0023455701457769,-1.2992868356386456,-1.1138106136438257,1.994751867901638,2.3388507188118686,2.3934926129756207
/multi_agv/path_reference,1789710659.0186791,1789710659.0178158,world,s_curve,1,3.2331171479613134,0.10112529987691793,-0.0019037482243327987,-0.15106644477531006,-1.137687935722324,-4.047310211373305,-0.25795495741723484,-0.21565241508675656,0.020408038178061277,-1.0013983694848563,-1.2984008861616987,-1.113264551520417,1.9933112217107962,2.3374100726210267,2.392051966784779
/multi_agv/path_reference,1789710659.0285118,1789710659.0278134,world,s_curve,1,3.234128148045708,0.10112529987691793,0.0,-0.15168977927283703,-1.1368919614169692,-4.048754497208154,-0.2583813394105955,-0.21650779757946828,0.019819799171552743,-1.00044815981583,-1.297511463666233,-1.112716260768845,1.9918669358759469,2.3359657867861774,2.3906076809499295
/multi_agv/path_reference,1789710659.038487,1789710659.0378146,world,s_curve,1,3.2351395391816364,0.10112529987691793,0.0,-0.15231220408450644,-1.136094779378485,-4.050199341688052,-0.25880651285396805,-0.21736222485533846,0.01923212545578727,-0.999496967537612,-1.2966204620517394,-1.112166908546104,1.990422091396049,2.33452094230628,2.3891628364700317
/multi_agv/path_reference,1789710659.0485587,1789710659.0478103,world,s_curve,1,3.2361503142622383,0.10112529987691793,0.0,-0.15293309851818515,-1.135297185381047,-4.051643306088912,-0.25923005395659116,-0.21821484476395714,0.018645603165992897,-0.998545742008315,-1.295728770822015,-1.111617043312811,1.9889781269951894,2.33307697790542,2.387718872069172
/multi_agv/path_reference,1789710659.0585308,1789710659.0578108,world,s_curve,1,3.237161489047281,0.1011063062573941,-0.0018991520960763774,-0.15355308559965597,-1.134498379845499,-4.053087841496115,-0.2596523879008439,-0.21906651275930514,0.01805964386118117,-0.9975935294887599,-1.2948354961405022,-1.111066113907235,1.9875335915879861,2.331632442498217,2.3862743366619688
/multi_agv/path_reference,1789710659.0684268,1789710659.0678084,world,s_curve,1,3.2381722884246082,0.1011063062573941,0.0,-0.1541716887377515,-1.1336989767189953,-4.054531840606583,-0.26007319000992546,-0.2199165741681383,0.01747469796480934,-0.9966410618497703,-1.2939413245542206,-1.1105145437529953,1.986089592477518,2.3301884433877484,2.3848303375515005
/multi_agv/path_reference,1789710659.0785081,1789710659.0778067,world,s_curve,1,3.239183175764422,0.1011063062573941,0.0,-0.15478919072052702,-1.1328986115922055,-4.055975965377746,-0.2604926529029728,-0.22076541745903033,0.016890498200422113,-0.9956879047117136,-1.2930458485504173,-1.1099620815144857,1.9846454677063554,2.3287443186165864,2.383386212780338
/multi_agv/path_reference,1789710659.088483,1789710659.0878518,world,s_curve,1,3.240198665968828,0.1011063062573941,0.0,-0.15540833917886016,-1.1320937045418675,-4.057426665669754,-0.2609126385904813,-0.22161682205478747,0.016304443108688366,-0.9947297980537985,-1.2921450612848457,-1.1094062542869585,1.9831947674143469,2.3272936183245774,2.3819355124883295
/multi_agv/path_reference,1789710659.098895,1789710659.097825,world,s_curve,1,3.2412069548894884,0.10108730153493482,-0.0019053428739161898,-0.1560219411994441,-1.1312936177154813,-4.058867078413555,-0.26132827050848717,-0.22246089532526642,0.01572334223542131,-0.9937778840430925,-1.291249440912597,-1.1088535281907548,1.9817543546705463,2.325853205580777,2.380495099744529
/multi_agv/path_reference,1789710659.1086972,1789710659.1078327,world,s_curve,1,3.242218592630274,0.10108730153493482,0.0,-0.15663642237491548,-1.1304899861939917,-4.060312275186106,-0.2617439044876111,-0.2233064746777249,0.0151411120405896,-0.9928222078145561,-1.2903496250211224,-1.1082981257462965,1.9803091578979957,2.324408008808226,2.3790499029719783
/multi_agv/path_reference,1789710659.1187177,1789710659.1178415,world,s_curve,1,3.2432301157380596,0.10108730153493482,0.0,-0.15724967223420405,-1.1296855588037864,-4.061757308197228,-0.26215811019328683,-0.22415065730433514,0.01455975079500986,-0.9918660404292642,-1.289448690334957,-1.1077419456471382,1.9788641248868735,2.322962975797104,2.377604869960856
/multi_agv/path_reference,1789710659.1286325,1789710659.1278415,world,s_curve,1,3.2442411944660674,0.10108730153493482,0.0,-0.15786149053728357,-1.1288806001854859,-4.063201706380096,-0.2625707528691911,-0.22499316731676267,0.013979448574103132,-0.9909096960719455,-1.2885469334332171,-1.1071851710512952,1.9774197267040052,2.3215185776142357,2.376160471777988
/multi_agv/path_reference,1789710659.1386468,1789710659.1378384,world,s_curve,1,3.2452515882664863,0.10106837655913785,-0.001893040693072292,-0.15847173237291817,-1.1280753049886454,-4.06464512609498,-0.26298173577211564,-0.2258338046724973,0.013400343325858488,-0.9899534052424439,-1.2876445727550492,-1.106627936968443,1.975976306989121,2.3200751578993515,2.3747170520631036
/multi_agv/path_reference,1789710659.148655,1789710659.1478493,world,s_curve,1,3.2462632288463986,0.10106837655913785,0.0,-0.1590815622354057,-1.1272681346087479,-4.066090326923427,-0.26339184268008753,-0.22667417374629717,0.012821329720167654,-0.9889953412126795,-1.2867398840477557,-1.1060691785658086,1.9745311061606743,2.318629957070905,2.373271851234657
/multi_agv/path_reference,1789710659.15866,1789710659.1578403,world,s_curve,1,3.2472731531842087,0.10106837655913785,0.0,-0.15968919277509824,-1.1264614549216712,-4.067533075977441,-0.26379987178491954,-0.22751181157397862,0.012244105033603486,-0.9880383119284781,-1.2858355192460202,-1.1055105335905153,1.97308835710666,2.3171872080168905,2.3718291021806426
/multi_agv/path_reference,1789710659.1684766,1789710659.167863,world,s_curve,1,3.2482861487878454,0.10106837655913785,0.0,-0.1602975010743624,-1.1256514420050556,-4.068980212554065,-0.2642077539463292,-0.22835068481339527,0.011665935536637403,-0.9870777816359801,-1.2849271908903817,-1.104949353488805,1.9716412205300364,2.315740071440267,2.370381965604019
/multi_agv/path_reference,1789710659.1783774,1789710659.1778252,world,s_curve,1,3.2492926771806143,0.10104948883542914,-0.0018962155859106918,-0.1609007644459045,-1.1248457295671561,-4.070418110258021,-0.2646116552186663,-0.22918289998797498,0.011092261868927797,-0.9861228001894924,-1.2840234603143128,-1.1043909281976632,1.9702033228260805,2.314302173736311,2.3689440679000633
/multi_agv/path_reference,1789710659.1883814,1789710659.187871,world,s_curve,1,3.250307840353254,0.10104948883542914,0.0,-0.1615080289796181,-1.1240322273427137,-4.071868343361792,-0.265017630177352,-0.23002093745061972,0.010514480689117506,-0.9851590389300973,-1.2831107657218557,-1.1038268773761881,1.9687530897223096,2.31285194063254,2.367493834796292
/multi_agv/path_reference,1789710659.198333,1789710659.1978426,world,s_curve,1,3.251315583562978,0.10104948883542914,0.0,-0.1621096876116051,-1.12322380103908,-4.07330797651854,-0.26541925516771275,-0.23085153974389352,0.009941732076791027,-0.9842017407343571,-1.2822035411490156,-1.1032661212338677,1.9673134565655617,2.311412307475792,2.3660542016395443
/multi_agv/path_reference,1789710659.2083328,1789710659.2078266,world,s_curve,1,3.2523244747959446,0.10104948883542914,0.0,-0.16271086530123904,-1.1224135870389071,-4.074749249708492,-0.2658199568575556,-0.23168177919373845,0.009369140147577004,-0.9832427738687919,-1.2812940862728706,-1.102703900975059,1.9658721833756094,2.30997103428584,2.364612928449592
/multi_agv/path_reference,1789710659.2183332,1789710659.2178526,world,s_curve,1,3.2533374172287135,0.10103071476052568,-0.0018725232008287198,-0.16331328184026925,-1.121599248961511,-4.076196310326734,-0.2662208769095253,-0.23251403315398145,0.00879506454269903,-0.9822793764484268,-1.280379776790391,-1.1021385936457153,1.9644251227573677,2.308523973667598,2.3631658678313503
/multi_agv/path_reference,1789710659.2284381,1789710659.2278488,world,s_curve,1,3.2543473254060262,0.10103071476052568,0.0,-0.16391272016973862,-1.12078648328923,-4.077639036294324,-0.26661920781193654,-0.2333424761754045,0.00822352347812523,-0.9813182883622036,-1.279467008184359,-1.1015741533211274,1.9629823967897775,2.307081247700008,2.3617231418637603
/multi_agv/path_reference,1789710659.2383597,1789710659.237849,world,s_curve,1,3.255357464741614,0.10103071476052568,0.0,-0.16451112121325803,-1.11997266666952,-4.0790820924880205,-0.2670162415442435,-0.23416978976308198,0.007652667667551488,-0.9803564057758469,-1.2785528353409708,-1.1010087588917423,1.9615393405960808,2.3056381915063113,2.3602800856700634
/multi_agv/path_reference,1789710659.248609,1789710659.2478614,world,s_curve,1,3.256369207232584,0.10103071476052568,0.0,-0.16510929423852747,-1.119156693802663,-4.080527438903691,-0.26741251370959424,-0.2349970932275539,0.007081724221565819,-0.9793924233833073,-1.2776360159632194,-1.1004416420614622,1.96009399418041,2.3041928450906406,2.3588347392543927
/multi_agv/path_reference,1789710659.2587264,1789710659.2578673,world,s_curve,1,3.257379705052785,0.10101170060896396,-0.0019006985928024394,-0.1657055537447338,-1.1183408627751703,-4.0819710072182644,-0.2678069074193049,-0.23582205556307723,0.006512301748180738,-0.9784290563476206,-1.2767191320319033,-1.099874399945987,1.9586504258658368,2.3027492767760673,2.3573911709398194
/multi_agv/path_reference,1789710659.2689056,1789710659.2678313,world,s_curve,1,3.258386414631178,0.10101170060896396,0.0,-0.16629840636446452,-1.1175272352385612,-4.083409163758826,-0.2681984394410797,-0.23664260833733966,0.005945828685025828,-0.9774687358214079,-1.2758045022379612,-1.0993084676563145,1.9572122693252756,2.3013111202355065,2.355953014399258
/multi_agv/path_reference,1789710659.2786303,1789710659.2778468,world,s_curve,1,3.2593979669125215,0.10101170060896396,0.0,-0.1668929317631661,-1.116708835955417,-4.084854238446459,-0.26859046352203975,-0.2374657826807999,0.005377450913341381,-0.9765032296689603,-1.2748842851040045,-1.0987389930932858,1.9557671946376423,2.2998660455478728,2.354507939711625
/multi_agv/path_reference,1789710659.289119,1789710659.2878704,world,s_curve,1,3.2604103868843732,0.10101170060896396,0.0,-0.16748678253013682,-1.1158888754171106,-4.086300552691962,-0.26898142662734026,-0.23828833096039434,0.004809409997324182,-0.9755363292357819,-1.2739620886440133,-1.0981682083715365,1.9543208803921392,2.2984197313023698,2.353061625466122
/multi_agv/path_reference,1789710659.298477,1789710659.2978628,world,s_curve,1,3.2614196299734286,0.10099267084444807,-0.00190426544887083,-0.1680775889483313,-1.115070633881451,-4.087742328533469,-0.2693697707159315,-0.2391069698514512,0.004243973722388897,-0.9745719011015449,-1.2730416028868967,-1.0975983976559112,1.952879104550632,2.2969779554608625,2.3516198496246146
/multi_agv/path_reference,1789710659.308459,1789710659.3078618,world,s_curve,1,3.262429415494119,0.10099267084444807,0.0,-0.16866753159875728,-1.1142511009111897,-4.089184879277313,-0.26975693149307145,-0.23992471965731033,0.003679056354110047,-0.9736063952553868,-1.2721194421008915,-1.0970274653772911,1.9514365538067886,2.2955354047170196,2.350177298880771
/multi_agv/path_reference,1789710659.3183613,1789710659.3178563,world,s_curve,1,3.263438794115339,0.10099267084444807,0.0,-0.16925605371749317,-1.113431048023146,-4.090626848736199,-0.27014254321561976,-0.24074080894201383,0.0031151910051541165,-0.9726407208101432,-1.271196474433657,-1.0964559488256378,1.9499945843479023,2.294093435258133,2.348735329421885
/multi_agv/path_reference,1789710659.3285291,1789710659.327968,world,s_curve,1,3.264460131177721,0.10099267084444807,0.0,-0.16985034394724918,-1.1126004167390384,-4.0920859016824584,-0.2705313055911841,-0.24156521111069107,0.002545484860127678,-0.9716630407082193,-1.2702613752155423,-1.0958768342933536,1.9485355314016428,2.2926343823118733,2.3472762764756254
/multi_agv/path_reference,1789710659.338372,1789710659.3378193,world,s_curve,1,3.2654547259519595,0.10097426302550368,-0.0018688173314001118,-0.17042790871151314,-1.1117907022595108,-4.093506751359942,-0.2709085179695069,-0.2423667159321151,0.0019915077670825954,-0.9707104160280803,-1.2693496055803866,-1.0953120851700657,1.9471146817241594,2.29121353263439,2.345855426798142
/multi_agv/path_reference,1789710659.3486094,1789710659.3479574,world,s_curve,1,3.266478551159756,0.10097426302550368,0.0,-0.1710212452630208,-1.110956334473363,-4.094969358799651,-0.2712954020432742,-0.24319042227917684,0.0014220885333886824,-0.9697292355085781,-1.2684098510705186,-1.0947299168409925,1.94565207428445,2.289750925194681,2.3443928193584327
/multi_agv/path_reference,1789710659.3583305,1789710659.3578763,world,s_curve,1,3.267479911108643,0.10097426302550368,0.0,-0.171600381524719,-1.1101394362157178,-4.096399873012347,-0.2716724084025479,-0.24399472411494583,0.0008659879433368656,-0.9687690381949048,-1.2674895527105232,-1.0941597177417253,1.9442215600717545,2.288320410981985,2.342962305145737
/multi_agv/path_reference,1789710659.3683293,1789710659.36781,world,s_curve,1,3.268483154025587,0.10097426302550368,0.0,-0.17217943435919086,-1.1093201719177925,-4.09783307717941,-0.27204874588517464,-0.24479921736319957,0.00030966017080166774,-0.9678064954927699,-1.266566370970268,-1.09358764929034,1.9427883559046912,2.2868872068149217,2.341529100978674
/multi_agv/path_reference,1789710659.3783154,1789710659.377804,world,s_curve,1,3.26949215308275,0.1009567544647474,-0.001751842538160654,-0.17276062479413687,-1.1084953709740937,-4.099274504403929,-0.27242585097507804,-0.24560699123042287,-0.0002490321769096082,-0.9668378872667307,-1.265636730574392,-1.0930114950811582,1.9413469286801726,2.285445779590403,2.340087673754155
/multi_agv/path_reference,1789710659.388431,1789710659.3878663,world,s_curve,1,3.2705078260880804,0.1009567544647474,0.0,-0.17334445854139738,-1.1076642695199408,-4.100725465840115,-0.2728040403364138,-0.24641875426917337,-0.0008105810186048723,-0.9658623245785528,-1.2646997664748953,-1.092430717506374,1.9398959672439866,2.283994818154217,2.338636712317969
/multi_agv/path_reference,1789710659.3983626,1789710659.3978517,world,s_curve,1,3.2715158107317746,0.1009567544647474,0.0,-0.17392267904729203,-1.1068386219484947,-4.1021654439025355,-0.2731779661064161,-0.24722302660644885,-0.0013670444290110467,-0.9648936044564711,-1.2637687307476249,-1.0918535306413881,1.9384559891815658,2.2825548400917968,2.3371967342555484
/multi_agv/path_reference,1789710659.4083598,1789710659.4078233,world,s_curve,1,3.2725226717267915,0.1009567544647474,0.0,-0.17449906752620953,-1.10601306443494,-4.1036038167525595,-0.27355008212094795,-0.24802506318924578,-0.001922057268434793,-0.9639254277181837,-1.2628375777029848,-1.0912761878836514,1.9370176163315418,2.2811164672417723,2.3357583614055244
/multi_agv/path_reference,1789710659.4183252,1789710659.4178536,world,s_curve,1,3.273535238143636,0.10093909737801092,-0.0017601713505964946,-0.17507752391241455,-1.105181993573753,-4.105050340205194,-0.27392290185134593,-0.24883029290873984,-0.002479376977157749,-0.9629512259455433,-1.2618999857296465,-1.0906947690460695,1.9355710928789072,2.2796699437891377,2.3343118379528898
/multi_agv/path_reference,1789710659.4283862,1789710659.4278255,world,s_curve,1,3.2745416016510682,0.10093909737801092,0.0,-0.17565124520176364,-1.1043551857281981,-4.1064880023586685,-0.2742920412690778,-0.2496292454277956,-0.0030324489084174455,-0.9619824588764359,-1.2609669843978935,-1.090116113910265,1.9341334307254328,2.2782322816356633,2.3328741757994154
/multi_agv/path_reference,1789710659.4383557,1789710659.4378548,world,s_curve,1,3.2755540050512706,0.10093909737801092,0.0,-0.17622720987492638,-1.1035225842882326,-4.107934292930387,-0.2746619905152703,-0.25043163881786334,-0.0035880002916454518,-0.961007343137374,-1.2600272255141485,-1.0895331842131755,1.9326871401537145,2.276785991063945,2.331427885227697
/multi_agv/path_reference,1789710659.448341,1789710659.447851,world,s_curve,1,3.2765628524680115,0.10093909737801092,0.0,-0.17679995319681524,-1.1026920796115374,-4.1093755035257304,-0.27502923720388617,-0.25122986114427376,-0.004140761242285754,-0.9600351212693023,-1.2590896141283348,-1.088951503436975,1.9312459295583708,2.275344780468602,2.3299866746323534
/multi_agv/path_reference,1789710659.4583163,1789710659.4578443,world,s_curve,1,3.277571553699457,0.10092112868300579,-0.001797778097563507,-0.17737141635579715,-1.1018608709413338,-4.110816505284938,-0.2753950295202248,-0.252026616071314,-0.0046926034758525415,-0.9590625121895938,-1.258150989488337,-1.0883691111460705,1.9298049277991631,2.2739037787093936,2.3285456728731457
/multi_agv/path_reference,1789710659.4683788,1789710659.4678614,world,s_curve,1,3.2785825251516925,0.10092112868300579,0.0,-0.177942963443661,-1.101026966256006,-4.112260750216704,-0.27576023864295635,-0.25282380643278946,-0.005244845255237163,-0.9580871863744582,-1.2572091014483433,-1.0877846109452165,1.9283606828673974,2.2724595337776283,2.32710142794138
/multi_agv/path_reference,1789710659.4785268,1789710659.4778092,world,s_curve,1,3.2795865396059223,0.10092112868300579,0.0,-0.17850938468463884,-1.1001979838505311,-4.113695056579889,-0.276121539901862,-0.25361416360355893,-0.005792450548495531,-0.9571180511071561,-1.2562725563584838,-1.0872033440859536,1.9269263765042122,2.2710252274144427,2.3256671215781948
/multi_agv/path_reference,1789710659.4886026,1789710659.4878385,world,s_curve,1,3.2805987021293186,0.10092112868300579,0.0,-0.17907919803015382,-1.0993614519948691,-4.115141003041884,-0.27648436535510157,-0.2544095738332961,-0.006343654902063692,-0.9561405269231502,-1.2553272638940074,-1.08661656516745,1.9254804300422177,2.2695792809524487,2.3242211751162003
/multi_agv/path_reference,1789710659.4986515,1789710659.4979498,world,s_curve,1,3.2816189997549468,0.10090297899635466,-0.0017949247405358174,-0.17965236621894787,-1.0985173635602985,-4.116598571078495,-0.2768486759064099,-0.25520999270397426,-0.006898430046459417,-0.9551546160170857,-1.2543732106753467,-1.0860242639884632,1.924022862005606,2.2681217129158364,2.3227636070795885
/multi_agv/path_reference,1789710659.5084815,1789710659.507832,world,s_curve,1,3.2826161398441864,0.10090297899635466,0.0,-0.18021133650125112,-1.097691627276917,-4.118023056920267,-0.2772033294402546,-0.2559909006995259,-0.007439779363972748,-0.9541905704664522,-1.2534396855310075,-1.0854446258332915,1.9225983761638346,2.266697227074065,2.321339121237817
/multi_agv/path_reference,1789710659.5183933,1789710659.5179303,world,s_curve,1,3.2836350646847854,0.10090297899635466,0.0,-0.1807813029570903,-1.0968470292167238,-4.119478663835408,-0.27756431208634647,-0.256787494745388,-0.007992102039536347,-0.9532049422648617,-1.252484617253292,-1.0848515281320177,1.9211427692486933,2.265241620158924,2.319883514322676
/multi_agv/path_reference,1789710659.5285087,1789710659.5278718,world,s_curve,1,3.2846381769186426,0.10090297899635466,0.0,-0.1813412227432392,-1.096014728903625,-4.1209116813123465,-0.27791829094809084,-0.2575703677980984,-0.008535009483528325,-0.9522340977429732,-1.251543238972375,-1.0842668499955272,1.9197097517717547,2.2638086026819852,2.3184504968457373
/multi_agv/path_reference,1789710659.5383632,1789710659.537805,world,s_curve,1,3.285640304458523,0.10088408714599162,-0.0019018408361478434,-0.18189940137112234,-1.0951824452676289,-4.122343292083604,-0.2782705327782296,-0.25835112452401626,-0.009076546811121133,-0.9512637007229586,-1.2506016655299674,-1.0836819695499609,1.918278141000497,2.2623769919107275,2.3170188860744796
/multi_agv/path_reference,1789710659.5484073,1789710659.5478737,world,s_curve,1,3.2866560675925065,0.10088408714599162,0.0,-0.18246395877160873,-1.0943380226825223,-4.123794382275009,-0.278626149710906,-0.2591411286606753,-0.009624597943244856,-0.9502795865055524,-1.2496461410080084,-1.0830883405340062,1.916827050809092,2.2609259017193226,2.3155677958830747
/multi_agv/path_reference,1789710659.5583785,1789710659.5578575,world,s_curve,1,3.2876631547958794,0.10088408714599162,0.0,-0.18302248375710298,-1.0935000046043144,-4.125233078279828,-0.27897731895085487,-0.25992301538347834,-0.010167116936975695,-0.9493033694045293,-1.2486976470979452,-1.0824989973104688,1.9153883548042736,2.259487205714504,2.314129099878256
/multi_agv/path_reference,1789710659.5684214,1789710659.5678816,world,s_curve,1,3.288674319734055,0.10088408714599162,0.0,-0.18358205637595673,-1.092657785608057,-4.126677599620079,-0.27932849641373714,-0.2607066939989829,-0.01071097871515013,-0.9483226920926832,-1.2477441817603854,-1.0819064829711027,1.9139438334640224,2.2580426843742534,2.312684578538005
/multi_agv/path_reference,1789710659.5784152,1789710659.5778751,world,s_curve,1,3.289682420143886,0.10086607208613137,-0.0018025072788185705,-0.18413872112790952,-1.0918173151367794,-4.1281177430626945,-0.27967719870940627,-0.26148662535144745,-0.011252339322874783,-0.9473444827377091,-1.2467924799607808,-1.0813149827118484,1.9125036900214067,2.2566025409316373,2.3112444350953893
/multi_agv/path_reference,1789710659.5885034,1789710659.587936,world,s_curve,1,3.2906971645010192,0.10086607208613137,0.0,-0.18469783160072248,-1.0909704967344536,-4.129567377858599,-0.28002677602644105,-0.26227031186599037,-0.011796406909735963,-0.9463593202829834,-1.245833372548816,-1.0807187973715613,1.911054055225502,2.2551529061357325,2.3097948002994846
/multi_agv/path_reference,1789710659.598412,1789710659.59793,world,s_curve,1,3.291705325027029,0.10086607208613137,0.0,-0.18525209850983615,-1.0901283710546585,-4.13100760718147,-0.28037267088230167,-0.2630475363000174,-0.012336088347189328,-0.9453800490901724,-1.244879364133973,-1.08012569993983,1.9096138259026314,2.253712676812862,2.308354570976614
/multi_agv/path_reference,1789710659.6083844,1789710659.6078393,world,s_curve,1,3.2927049502660193,0.10086607208613137,0.0,-0.18580047490760987,-1.089292587726595,-4.13243564323717,-0.2807142445385077,-0.2638168232968554,-0.012870356887466461,-0.944408577792949,-1.2439323283627197,-1.0795368570241166,1.908185789846931,2.252284640757162,2.3069265349209136
/multi_agv/path_reference,1789710659.6183407,1789710659.6178608,world,s_curve,1,3.293715411225416,0.10084807066810984,-0.0017966139709590023,-0.18635358202951094,-1.0884469496944875,-4.133879158893452,-0.2810581105086867,-0.2645930739451451,-0.013409561634701056,-0.943426081246057,-1.242973911435096,-1.0789408564023097,1.9067422741906497,2.25084112510088,2.3054830192646323
/multi_agv/path_reference,1789710659.6287448,1789710659.627842,world,s_curve,1,3.294722183364084,0.10084807066810984,0.0,-0.18690345544399484,-1.0876036056429874,-4.135317404805835,-0.2813993103732515,-0.265365114132896,-0.013945941825836972,-0.942446678832074,-1.2420178799695094,-1.0783462581273788,1.9053040282782665,2.2494028791884975,2.304044773352249
/multi_agv/path_reference,1789710659.638796,1789710659.6379423,world,s_curve,1,3.2957406503492668,0.10084807066810984,0.0,-0.187458481991373,-1.0867496616481516,-4.13677235764181,-0.2817430404942764,-0.2661447230401077,-0.014487682439734778,-0.9414554015140617,-1.241049614563311,-1.0777439688670822,1.9038490754422912,2.2479479263525217,2.302589820516274
/multi_agv/path_reference,1789710659.648775,1789710659.6478798,world,s_curve,1,3.2967428244210004,0.10084807066810984,0.0,-0.18800341572979654,-1.0859085909507253,-4.138204034887144,-0.28207986319014877,-0.2669104837930403,-0.015019900206200476,-0.9404794947105315,-1.2400957324692794,-1.0771505456723653,1.9024173981969574,2.246516249107188,2.30115814327094
/multi_agv/path_reference,1789710659.6588783,1789710659.6578982,world,s_curve,1,3.2977531053144493,0.10083011948826721,-0.0017916003561236926,-0.18855153817714643,-1.0850599278324597,-4.139647293306356,-0.28241799596245737,-0.26768105587177116,-0.015555562697210729,-0.9394952064785602,-1.2391330255147484,-1.0765515515040707,1.900974139777745,2.2450729906879756,2.2997148848517277
/multi_agv/path_reference,1789710659.6686466,1789710659.667878,world,s_curve,1,3.2987592208148317,0.10083011948826721,0.0,-0.18909618253194355,-1.084213978217271,-4.141084601164045,-0.2827533221143108,-0.26844706888928166,-0.016088156592238112,-0.9385144922701718,-1.2381731833149359,-1.0759542590667057,1.8995368319200563,2.243635682830287,2.298277576994039
/multi_agv/path_reference,1789710659.678564,1789710659.6779697,world,s_curve,1,3.2997767404033884,0.10083011948826721,0.0,-0.18964576288688897,-1.0833576445429562,-4.142538200576269,-0.2830910149102376,-0.26922036034318975,-0.016625913407239512,-0.9375221726086808,-1.2372013426253532,-1.0753494183948349,1.8980832325078318,2.2421820834180624,2.2968239775818144
/multi_agv/path_reference,1789710659.6885629,1789710659.6879718,world,s_curve,1,3.3007853148478947,0.10083011948826721,0.0,-0.19018928321629275,-1.0825080517685848,-4.143979021211278,-0.2834243155605859,-0.2699854591736736,-0.01715807491461868,-0.9365380934081105,-1.2362369374816438,-1.0747491244160003,1.8966424118728233,2.240741262783054,2.295383156946806
/multi_agv/path_reference,1789710659.6985166,1789710659.697877,world,s_curve,1,3.3017838229065597,0.100812598380102,-0.0017689876664549818,-0.19072617247333534,-1.0816661681089588,-4.145405461295085,-0.2837528926344987,-0.2707415522190968,-0.01768407256641044,-0.935563364111032,-1.2352810729982358,-1.0741540672176086,1.8952159717890162,2.2393148226992468,2.293956716862999
/multi_agv/path_reference,1789710659.7084422,1789710659.70786,world,s_curve,1,3.3027902586663362,0.100812598380102,0.0,-0.19126610857603812,-1.0808168261486588,-4.146843226666195,-0.2840826711063917,-0.27150226773378994,-0.01821338688793267,-0.9345804226095641,-1.2343165289614393,-1.073553526874973,1.8937782064179065,2.237877057328137,2.292518951491889
/multi_agv/path_reference,1789710659.7184703,1789710659.717863,world,s_curve,1,3.3037988497994664,0.100812598380102,0.0,-0.1918059754411077,-1.079964887381857,-4.148284071142095,-0.2844117377850535,-0.27226322043474915,-0.018742968103520413,-0.9335949014534003,-1.2333488230727667,-1.072950937619404,1.892337361942006,2.2364362128522366,2.2910781070159887
/multi_agv/path_reference,1789710659.7284691,1789710659.727897,world,s_curve,1,3.304810396959606,0.100812598380102,0.0,-0.19234619126905983,-1.079109671423518,-4.149729138513723,-0.2847403425051974,-0.2730250023001699,-0.01927322900181208,-0.9326060168023662,-1.2323771808656905,-1.0723458166024975,1.890892294570378,2.234991145480609,2.289633039644361
/multi_agv/path_reference,1789710659.73839,1789710659.7378542,world,s_curve,1,3.3058136800555844,0.10079599292543455,-0.0016682861476409845,-0.19288077225664094,-1.0782606720337984,-4.151162400079406,-0.28506485060746367,-0.27377917277633823,-0.01979829338612088,-0.9316247429488386,-1.231412390252546,-1.0717448829000107,1.8894590330046948,2.2335578839149255,2.2881997780786776
/multi_agv/path_reference,1789710659.7484107,1789710659.7478495,world,s_curve,1,3.306821524472631,0.10079599292543455,0.0,-0.19341655815021425,-1.0774070423318303,-4.152602177818044,-0.2853894178806635,-0.2745353791786971,-0.02032487739128211,-0.9306385406940364,-1.230442126135999,-1.0711404601654553,1.8880192552660575,2.232118106176288,2.2867600003400397
/multi_agv/path_reference,1789710659.7584426,1789710659.7578554,world,s_curve,1,3.3078300813157555,0.10079599292543455,0.0,-0.19395149183581215,-1.0765520378399618,-4.154042973308222,-0.285712792781335,-0.2752907208496659,-0.02085096187643551,-0.9296511745042237,-1.2294700872109627,-1.0705348518046989,1.8865784597758792,2.2306773106861097,2.285319204849862
/multi_agv/path_reference,1789710659.7684772,1789710659.767882,world,s_curve,1,3.3088405477389657,0.10079599292543455,0.0,-0.19448620170227515,-1.0756946420312756,-4.155486496769951,-0.2860353522744229,-0.27604608668575537,-0.021377166146647114,-0.92866147220379,-1.228495117035385,-1.069927336854652,1.88513493631415,2.2292337872243806,2.2838756813881327
/multi_agv/path_reference,1789710659.7784896,1789710659.777944,world,s_curve,1,3.309854648545856,0.10077970364276541,-0.0016188026562989261,-0.19502158993343469,-1.0748333873035145,-4.156935212208366,-0.2863576352864215,-0.27680275365865137,-0.021904380855231137,-0.9276677431494623,-1.2275155449374349,-1.0693168738236463,1.883686220875735,2.227785071785966,2.2824269659497176
/multi_agv/path_reference,1789710659.7883227,1789710659.7878308,world,s_curve,1,3.310851176597382,0.10077970364276541,0.0,-0.19554648516786882,-1.073986302313888,-4.158358823710546,-0.2866729313338965,-0.2775449260237616,-0.02242159814594838,-0.9266907802870794,-1.2265518806636673,-1.0687162459909174,1.8822626093735555,2.226361460283786,2.281003354447538
/multi_agv/path_reference,1789710659.7982872,1789710659.7978048,world,s_curve,1,3.3118563422757474,0.10077970364276541,0.0,-0.19607470769857574,-1.0731311188117534,-4.159794774679639,-0.28698955084038497,-0.27829214063072183,-0.022942431624620424,-0.9257048955795881,-1.2255787941697203,-1.068109666685952,1.880826658404462,2.2249255093146925,2.2795674034784446
/multi_agv/path_reference,1789710659.808318,1789710659.807837,world,s_curve,1,3.3128673711157117,0.10077970364276541,0.0,-0.19660477205916949,-1.0722701827469165,-4.161239101593874,-0.28730658878512044,-0.27904230343922787,-0.02346542395316009,-0.9247128025769908,-1.2245989502859533,-1.0674987953778055,1.8793823314902274,2.2234811824004583,2.27812307656421
/multi_agv/path_reference,1789710659.8184423,1789710659.8178363,world,s_curve,1,3.3138749410823745,0.10076276029617111,-0.0016944315809164583,-0.19713178546736068,-1.0714114313704954,-4.162678487260535,-0.28762111632921905,-0.2797884912180175,-0.023985748854845473,-0.9237236492076736,-1.223621381749731,-1.0668892631540818,1.8779429458235666,2.222041796733797,2.276683690897549
/multi_agv/path_reference,1789710659.828339,1789710659.8278334,world,s_curve,1,3.3148822751634155,0.10076276029617111,0.0,-0.19765743938136332,-1.070552123663615,-4.164117535947736,-0.28793414671213535,-0.2805330970004285,-0.02450507443152608,-0.9227342759133718,-1.2226429694571983,-1.0662791256202755,1.8765038971363652,2.2206027480465957,2.275244642210348
/multi_agv/path_reference,1789710659.8383362,1789710659.837832,world,s_curve,1,3.3158897395307054,0.10076276029617111,0.0,-0.1981819239884404,-1.0696919491637282,-4.16555677075815,-0.2882457933011492,-0.28127639013737465,-0.025023588526797258,-0.9217443251732657,-1.2216633599468871,-1.065668162371032,1.8750646623259508,2.2191635132361816,2.2738054073999336
/multi_agv/path_reference,1789710659.8483312,1789710659.8478494,world,s_curve,1,3.316898955658583,0.10076276029617111,0.0,-0.19870607893229136,-1.0688295231615914,-4.16699850808369,-0.2885565531035066,-0.2820195615003275,-0.025542122193039973,-0.9207522045364631,-1.2206809756485055,-1.0650553892998056,1.873622925000411,2.2177217759106416,2.2723636700743937
/multi_agv/path_reference,1789710659.8583431,1789710659.857846,world,s_curve,1,3.317906127881212,0.10074608601656491,-0.0016679058156355404,-0.1992279321887972,-1.0679680912787453,-4.168437325544589,-0.28886525719790695,-0.2827598149651581,-0.02605872440332649,-0.9197616475416013,-1.2196995137324884,-1.064443112562146,1.8721841075395127,2.2162829584497437,2.2709248526134953
/multi_agv/path_reference,1789710659.868502,1789710659.8678503,world,s_curve,1,3.3189139644235324,0.10074608601656491,0.0,-0.1997488879268497,-1.0671053401913109,-4.169877092033618,-0.2891727374327058,-0.28349914186736236,-0.026574784480480895,-0.9187699932926232,-1.2187163390169227,-1.063829688264387,1.8707443410504836,2.214843191960714,2.269485086124466
/multi_agv/path_reference,1789710659.8787196,1789710659.8778481,world,s_curve,1,3.3199212389034387,0.10074608601656491,0.0,-0.200268311362659,-1.0662423216540606,-4.171316055576341,-0.28947861920467827,-0.28423664122057285,-0.0270896736627258,-0.9177784507132417,-1.217732649995089,-1.0632158642538514,1.8693053775077604,2.213404228417991,2.268046122581743
/multi_agv/path_reference,1789710659.8888936,1789710659.887818,world,s_curve,1,3.320925713951853,0.10074608601656491,0.0,-0.2007850541400239,-1.0653809582873162,-4.172751019931218,-0.28978222984489943,-0.2849706806940805,-0.02760225188109164,-0.9167892266312261,-1.2167506391408507,-1.0626030090898717,1.8678704131528827,2.2119692640631134,2.2666111582268655
/multi_agv/path_reference,1789710659.8985057,1789710659.8978074,world,s_curve,1,3.321932036574137,0.10072957707280532,-0.0016524908473673076,-0.20130150740223152,-1.0645172679082384,-4.174188623677338,-0.29008497518519877,-0.28570465650818344,-0.028114890513312313,-0.9157977471706069,-1.2157657668131812,-1.0619882897409272,1.866432809406763,2.210531660316994,2.2651735544807456
/multi_agv/path_reference,1789710659.9083703,1789710659.9078496,world,s_curve,1,3.3229435742688147,0.10072957707280532,0.0,-0.20181938524122342,-1.0636483542932667,-4.1756336775268785,-0.2903878526850987,-0.2864410083721938,-0.028629294666377786,-0.9148006919849752,-1.2147747282280634,-1.0613696426667616,1.8649877555572227,2.2090866064674533,2.2637285006312053
/multi_agv/path_reference,1789710659.9185057,1789710659.9178658,world,s_curve,1,3.3239524570340295,0.10072957707280532,0.0,-0.2023346527619553,-1.0627809768458445,-4.177074938620042,-0.2906884999469285,-0.2871740004909993,-0.029141457847938063,-0.9138058188911895,-1.2137852320074471,-1.060751879638897,1.863546494464059,2.2076453453742895,2.2622872395380416
/multi_agv/path_reference,1789710659.9284124,1789710659.927868,world,s_curve,1,3.324959949630351,0.10072957707280532,0.0,-0.20284796229497354,-1.0619140544292796,-4.178514213757644,-0.2909873017999577,-0.28790455874622034,-0.029652026338742504,-0.9128118853249196,-1.2127960460655571,-1.060134231897362,1.862107219326457,2.2062060702366875,2.2608479644004396
/multi_agv/path_reference,1789710659.9384382,1789710659.9378624,world,s_curve,1,3.325966409347863,0.1007135203092804,-0.0016067540024018354,-0.20335949928317804,-1.061047284047262,-4.1799520133540895,-0.2912843687196698,-0.2886329458090042,-0.030161183320860013,-0.9118185423968149,-1.2118068254289174,-1.0595164843160538,1.8606694197300118,2.2047682706402427,2.2594101648039944
/multi_agv/path_reference,1789710659.9483454,1789710659.947859,world,s_curve,1,3.326973220152707,0.1007135203092804,0.0,-0.2038699673585377,-1.0601794763706582,-4.181390314503867,-0.29158011005281564,-0.2893601632283017,-0.030669628794495668,-0.9108244266784922,-1.2108162129595441,-1.0588977894739386,1.8592311185802344,2.203329969490465,2.257971863654217
/multi_agv/path_reference,1789710659.9583776,1789710659.957856,world,s_curve,1,3.327980063185877,0.1007135203092804,0.0,-0.20437920308261023,-1.0593109076086646,-4.18282866169411,-0.2918744307056619,-0.29008597837161965,-0.031177200170549146,-0.9098298548187195,-1.2098245238351018,-1.0582783441721726,1.8577927713899913,2.201891622300222,2.2565335164639735
/multi_agv/path_reference,1789710659.9684134,1789710659.967856,world,s_curve,1,3.3289871231559705,0.1007135203092804,0.0,-0.20488729836914715,-1.0584414199505812,-4.184267318794244,-0.29216738354253136,-0.2908105223710028,-0.031683989193907275,-0.9088346462666106,-1.2088315777971868,-1.0576580357879461,1.8563541142898576,2.2004529652000886,2.2550948593638402
/multi_agv/path_reference,1789710659.9783273,1789710659.9778495,world,s_curve,1,3.329993560289843,0.100697677272507,-0.0015851531609180744,-0.20539382853644678,-1.0575717402859952,-4.185705086128347,-0.29245872384019034,-0.29153318971097764,-0.03218957205817227,-0.9078396328215367,-1.2078382051290988,-1.05703738290735,1.8549163469557544,2.199015197865985,2.253657092029737
/multi_agv/path_reference,1789710659.9887807,1789710659.987906,world,s_curve,1,3.331006305025522,0.100697677272507,0.0,-0.2059022703643279,-1.0566958757835858,-4.187151864322175,-0.2927504454749763,-0.29225894355558973,-0.0326974220624176,-0.906837961478234,-1.2068375588544027,-1.0564121070181207,1.8534695687619265,2.197568419672157,2.252210313835909
/multi_agv/path_reference,1789710659.9987116,1789710659.9978416,world,s_curve,1,3.332006817510855,0.100697677272507,0.0,-0.2064033266746408,-1.0558298690663988,-4.18858116787265,-0.29303722069780647,-0.2929745096241409,-0.03319824970197499,-0.9058479754712621,-1.2058479689167976,-1.0557936628111368,1.8520402652114512,2.1961391161216817,2.2507810102854338
/multi_agv/path_reference,1789710660.0087395,1789710660.0078483,world,s_curve,1,3.3330144560687147,0.100697677272507,0.0,-0.2069067000100172,-1.0549569712658136,-4.190020651526735,-0.2933246078659025,-0.29369374179486096,-0.0337017503692881,-0.9048505250291122,-1.2048502979292637,-1.0551700908390649,1.850600781557366,2.1946996324675965,2.2493415266313486
/multi_agv/path_reference,1789710660.018849,1789710660.0178695,world,s_curve,1,3.3340232376939922,0.10068203392567378,-0.0015612932840052124,-0.20740938526221867,-1.054082358365602,-4.191461768134275,-0.2936108825633321,-0.2944123506143167,-0.034204922609007093,-0.9038515297615964,-1.203850459174625,-1.054545086160585,1.8491596649498265,2.193258515860057,2.247900410023809
/multi_agv/path_reference,1789710660.028787,1789710660.0278528,world,s_curve,1,3.335028405035616,0.10068203392567378,0.0,-0.2079090154015339,-1.053210159459732,-4.192897721479452,-0.29389469944380964,-0.2951269509866926,-0.03470539577409937,-0.9028557044549603,-1.202853173704511,-1.053921600219725,1.8477237116046497,2.19182256251488,2.2464644566786323
/multi_agv/path_reference,1789710660.038608,1789710660.0378897,world,s_curve,1,3.3360391093856956,0.10068203392567378,0.0,-0.20841013455363142,-1.0523324335926356,-4.194341584836708,-0.2941786377542136,-0.29584404321525004,-0.035207722691430576,-0.9018539837776148,-1.2018493611164172,-1.053293955883875,1.8462798482473937,2.190378699157624,2.2450205933213763
/multi_agv/path_reference,1789710660.0486217,1789710660.0479305,world,s_curve,1,3.337049914820537,0.10068203392567378,0.0,-0.20891003595128343,-1.0514538972875693,-4.195785592600767,-0.29446115775708087,-0.2965597569853129,-0.03570919311145651,-0.9008517540167327,-1.200844413729065,-1.0526655241169103,1.8448358404833338,2.188934691393565,2.2435765855573164
/multi_agv/path_reference,1789710660.058964,1789710660.057932,world,s_curve,1,3.3380568320658184,0.10066662833769861,-0.0015401748319308665,-0.20940675259428784,-1.0505780235874616,-4.197224045808312,-0.294741151829807,-0.2972712741416717,-0.03620783181138476,-0.8998529748825,-1.1998423054945853,-1.0520387903852992,1.8433973872757892,2.1874962381860197,2.2421381323497718
/multi_agv/path_reference,1789710660.068392,1789710660.0678854,world,s_curve,1,3.339058658700371,0.10066662833769861,0.0,-0.20989970698649807,-1.049705869701894,-4.198655226714816,-0.29501830408951446,-0.29797776266574105,-0.03670305420423864,-0.8988588464392046,-1.1988442487589432,-1.051414513907534,1.841966206369285,2.186065057279516,2.2407069514432676
/multi_agv/path_reference,1789710660.0783887,1789710660.0778754,world,s_curve,1,3.340064358382783,0.10066662833769861,0.0,-0.2103933113516329,-1.048829635482615,-4.200091940546833,-0.2952950966757498,-0.29868554522624235,-0.03719929215290643,-0.8978604768813379,-1.1978413177005918,-1.0507871118659156,1.8405294925372684,2.184628343447499,2.239270237611251
/multi_agv/path_reference,1789710660.0883117,1789710660.087841,world,s_curve,1,3.3410677136400873,0.10066662833769861,0.0,-0.21088450985921833,-1.0479547379881513,-4.201525305200125,-0.2955698141849599,-0.2993902410392165,-0.0376934743534785,-0.8968640392960858,-1.1968397122074925,-1.0501604624608756,1.8390961278839764,2.183194978794207,2.237836872957959
/multi_agv/path_reference,1789710660.098337,1789710660.0978055,world,s_curve,1,3.342070628115236,0.10065123542100207,-0.0015448137609239067,-0.21137423861718285,-1.0470795220059081,-4.2029580401646225,-0.2958429831721626,-0.30009319159330833,-0.03818654108607755,-0.8958676468330052,-1.1958375382027506,-1.0495333809819687,1.8376633929194788,2.1817622438297093,2.2364041379934614
/multi_agv/path_reference,1789710660.1084356,1789710660.107857,world,s_curve,1,3.3430821528003185,0.10065123542100207,0.0,-0.21186690082527207,-1.0461960821620622,-4.204403075429027,-0.296117050773561,-0.30080072167765326,-0.03868293002460185,-0.8948623045917827,-1.1948257410750682,-1.0489002008193355,1.8362183576550746,2.180317208565305,2.234959102729057
/multi_agv/path_reference,1789710660.1187449,1789710660.1178672,world,s_curve,1,3.3440898412642146,0.10065123542100207,0.0,-0.21235642499520743,-1.0453152859601218,-4.205842630377449,-0.29638863443382013,-0.3015041141850773,-0.03917652636672489,-0.8938603825173309,-1.1938167657914904,-1.0482687095715442,1.8347788027066518,2.1788776536168823,2.2335195477806344
/multi_agv/path_reference,1789710660.12878,1789710660.1279483,world,s_curve,1,3.3451045401873087,0.10065123542100207,0.0,-0.21284807307002065,-1.044427650961106,-4.207292200267584,-0.2966606498313309,-0.302210931797405,-0.039672637581326026,-0.8928510961228676,-1.1927997490121531,-1.047632107748297,1.8333292328165176,2.177428083726748,2.2320699778905
/multi_agv/path_reference,1789710660.1386442,1789710660.137807,world,s_curve,1,3.3460966956840146,0.10063692547866732,-0.001451494856530253,-0.21332755388713276,-1.0435590483434076,-4.208709565262878,-0.29692520723092586,-0.3029006202006014,-0.040156834229870986,-0.891863852785305,-1.191804337614949,-1.047008954629969,1.8319118678212232,2.1760107187314537,2.2306526128952058
/multi_agv/path_reference,1789710660.1486409,1789710660.147893,world,s_curve,1,3.3471117052226753,0.10063692547866732,0.0,-0.21381680482215426,-1.0426697352926975,-4.210159578889536,-0.2971944102586992,-0.30360473458438897,-0.040651269623374536,-0.890853481513111,-1.1907849865972544,-1.0463707377677274,1.830461854194565,2.1745607051047955,2.2292025992685476
/multi_agv/path_reference,1789710660.1586518,1789710660.15786,world,s_curve,1,3.348114602906081,0.10063692547866732,0.0,-0.21429895069077637,-1.0417903383690847,-4.21159228986583,-0.2974589618156095,-0.30429899457465015,-0.04113889568206938,-0.8898547844334848,-1.1897767975499867,-1.0457394331237828,1.8290291432182717,2.173127994128502,2.2277698882922543
/multi_agv/path_reference,1789710660.1686273,1789710660.1678338,world,s_curve,1,3.349118524972751,0.10063692547866732,0.0,-0.21478032671572825,-1.0409093522951367,-4.213026464246787,-0.29772235031217353,-0.3049925163567744,-0.04162611347823683,-0.8888546886977097,-1.1887665835696604,-1.0451067846180404,1.8275949688373143,2.171693819747545,2.226335713911297
/multi_agv/path_reference,1789710660.1787586,1789710660.1779404,world,s_curve,1,3.35013545592906,0.10062358764257373,-0.001319756184821312,-0.21526665219404742,-1.0400162476458084,-4.2144792227558,-0.2979876896369606,-0.3056935474136653,-0.04211871953151633,-0.8878412498164403,-1.187742266413459,-1.0444652267075258,1.826142210328301,2.1702410612385314,2.2248829554022835
/multi_agv/path_reference,1789710660.188404,1789710660.1878507,world,s_curve,1,3.351132274544542,0.10062358764257373,0.0,-0.2157420990921868,-1.039140121268228,-4.215903249349346,-0.29824635149157225,-0.3063792683338371,-0.04260067745115101,-0.8868474808156491,-1.1867372199926287,-1.0438356629964065,1.8247181837347557,2.168817034644986,2.2234589288087383
/multi_agv/path_reference,1789710660.1984785,1789710660.1979072,world,s_curve,1,3.352144618876479,0.10062358764257373,0.0,-0.21622367442283302,-1.0382496573062852,-4.2173494555378275,-0.2985075940605945,-0.3070742046432905,-0.04308922456461403,-0.8858378579958432,-1.1857155216907649,-1.0431955922322476,1.8232719775462738,2.1673708284565043,2.2220127226202564
/multi_agv/path_reference,1789710660.2083337,1789710660.2078502,world,s_curve,1,3.3531449304385585,0.10062358764257373,0.0,-0.2166982598119224,-1.0373690939870266,-4.218778472055083,-0.29876429652967534,-0.30775942835421244,-0.043571054551879346,-0.8848398652554801,-1.1847049809382804,-1.0425624357673193,1.8218429610290179,2.1659418119392484,2.2205837061030005
/multi_agv/path_reference,1789710660.2185218,1789710660.2178304,world,s_curve,1,3.3541490028136387,0.1006092609039174,-0.0014355564630102857,-0.2171733633624896,-1.0364845388573716,-4.220212861162341,-0.2990205294667597,-0.3084457751457693,-0.044053785474939766,-0.8838377524493374,-1.1836896571354512,-1.041926206987326,1.8204085719217606,2.164507422831991,2.2191493169957432
/multi_agv/path_reference,1789710660.2285109,1789710660.2278614,world,s_curve,1,3.3551582430840146,0.1006092609039174,0.0,-0.21764963287959352,-1.035594745008945,-4.221654632977164,-0.2992766321577632,-0.30913418591563785,-0.044538080565379445,-0.8828301123584469,-1.1826681163437833,-1.0412860063246054,1.8189668001069372,2.163065651017168,2.21770754518092
/multi_agv/path_reference,1789710660.2386684,1789710660.2379248,world,s_curve,1,3.3561706632106905,0.1006092609039174,0.0,-0.21812611360027168,-1.034701458686135,-4.223100947443844,-0.29953208188256597,-0.30982328522193536,-0.04502297369631367,-0.8818189275453205,-1.1816423608086792,-1.040643087704405,1.8175204856402574,2.161619336550488,2.21626123071424
/multi_agv/path_reference,1789710660.2485971,1789710660.2478828,world,s_curve,1,3.3571727043854023,0.1006092609039174,0.0,-0.21859643726598105,-1.033816652497917,-4.224532434836289,-0.29978347280040873,-0.3105038589137339,-0.045501980083800464,-0.8808177464196985,-1.180626140767791,-1.0400060703062621,1.8160889982478126,2.160187849158043,2.214829743321795
/multi_agv/path_reference,1789710660.2587183,1789710660.2578142,world,s_curve,1,3.3581717607731516,0.10059556338687485,-0.0013792108841835463,-0.2190640986152468,-1.0329338125601493,-4.225959658247359,-0.30003268791555626,-0.31118095652433025,-0.04597865140585389,-0.8798191903102877,-1.179611978927737,-1.0393702684424233,1.814661774836742,2.1587606257469725,2.2134025199107246
/multi_agv/path_reference,1789710660.2685323,1789710660.2678049,world,s_curve,1,3.359176810342781,0.10059556338687485,0.0,-0.21953329345266145,-1.0320450039951985,-4.22739544334683,-0.30028195967786303,-0.31186065466661494,-0.04645726601350639,-0.8788142861124875,-1.1785907592092892,-1.038729966663819,1.8132259897372713,2.157324840647502,2.211966734811254
/multi_agv/path_reference,1789710660.2785254,1789710660.2778037,world,s_curve,1,3.3601826743340917,0.10059556338687485,0.0,-0.22000159035322772,-1.031154801656203,-4.228832391905845,-0.30052998862918145,-0.31253943488676983,-0.04693534754373188,-0.8778082103308353,-1.1775677359519339,-1.03808845868584,1.811789041178256,2.155887892088487,2.2105297862522386
/multi_agv/path_reference,1789710660.288521,1789710660.2878041,world,s_curve,1,3.3611886621585407,0.10059556338687485,0.0,-0.22046866506158297,-1.030263817626026,-4.230269517369344,-0.30077660196343337,-0.3132168277181998,-0.04741256550311565,-0.8768016552843972,-1.1765436122793607,-1.03744618531432,1.8103519157147576,2.154450766624988,2.2090926607887402
/multi_agv/path_reference,1789710660.298575,1789710660.2978039,world,s_curve,1,3.3621944544253033,0.10058244531450954,-0.0013118492157063618,-0.22093436845776235,-1.0293723366934302,-4.231706363464719,-0.30102172102781044,-0.3138926168533255,-0.04788876749215101,-0.8757949426592795,-1.1755187155580082,-1.036803351863003,1.8089150696193825,2.153013920529613,2.207655814693365
/multi_agv/path_reference,1789710660.3084848,1789710660.3078039,world,s_curve,1,3.3632002723405896,0.10058244531450954,0.0,-0.221398802328012,-1.0284801648032478,-4.233143246200842,-0.30126539959240717,-0.31456694989778167,-0.04836405749384717,-0.8747878532147793,-1.174492822742269,-1.0361598184526952,1.8074781868832592,2.1515770377934897,2.206218931957242
/multi_agv/path_reference,1789710660.3185015,1789710660.3178027,world,s_curve,1,3.364205991182167,0.10058244531450954,0.0,-0.22186190826091887,-1.027587414498602,-4.234579987403096,-0.3015076070934437,-0.3152397420002208,-0.048838375689091995,-0.8737805139463877,-1.1734660632658402,-1.035515666283578,1.806041445681005,2.1501402965912355,2.2047821907549876
/multi_agv/path_reference,1789710660.3288822,1789710660.3278549,world,s_curve,1,3.365216837314477,0.10058244531450954,0.0,-0.2223260824602013,-1.0266894434320042,-4.236024053306396,-0.3017495910255187,-0.31591447714738136,-0.04931417920770381,-0.8727676896504969,-1.1724330963980136,-1.0348675442475022,1.804597379777705,2.148696230687936,2.2033381248516877
/multi_agv/path_reference,1789710660.3387876,1789710660.3378685,world,s_curve,1,3.3662239691460623,0.1005695095571796,-0.001291730366991761,-0.22278726096310583,-1.0257941062111775,-4.237462813065803,-0.30198923097489416,-0.3165852488156592,-0.04978730309876406,-0.871758240432289,-1.1714029571606037,-1.0342211210406398,1.8031586200182983,2.147257470928529,2.201899365092281
/multi_agv/path_reference,1789710660.3486857,1789710660.3478115,world,s_curve,1,3.3672240537704043,0.1005695095571796,0.0,-0.22324393697348402,-1.0249043781025815,-4.238891505386292,-0.3022257563696186,-0.3172498592739974,-0.05025619527683603,-0.8707555143218959,-1.1703790720270915,-1.0335785479587574,1.8017299276978096,2.14582877860804,2.200470672771792
/multi_agv/path_reference,1789710660.358578,1789710660.3578053,world,s_curve,1,3.3682290891299935,0.1005695095571796,0.0,-0.22370159231153489,-1.0240095890259802,-4.240327270185705,-0.302462008863864,-0.317916285092176,-0.050726482978564635,-0.8697474848509638,-1.1693491626604497,-1.0329321195665269,1.8002941628983966,2.144393013808627,2.199034907972379
/multi_agv/path_reference,1789710660.3686092,1789710660.367842,world,s_curve,1,3.3692384551132335,0.1005695095571796,0.0,-0.22415992603453036,-1.023110283900656,-4.241769221590333,-0.3026978223258923,-0.3185840933981958,-0.05119786237950291,-0.8687347714444142,-1.168313853476884,-1.03228222678067,1.798852211493768,2.142951062403999,2.1975929565677506
/multi_agv/path_reference,1789710660.3785725,1789710660.3778374,world,s_curve,1,3.370243613274059,0.100556511302692,-0.0013003517010932162,-0.22461506015759394,-1.0222140720494184,-4.243205161820084,-0.30293120154672454,-0.3192476337489363,-0.05166634517712096,-0.8677259430623738,-1.1672819045123017,-1.0316343685735798,1.7974162712640172,2.141515122174248,2.1961570163379998
/multi_agv/path_reference,1789710660.3884892,1789710660.3878078,world,s_curve,1,3.371246183009727,0.100556511302692,0.0,-0.22506773993313517,-1.021319518014659,-4.24463740429961,-0.30316253661133347,-0.31990798870475023,-0.05213269448332175,-0.866719379813586,-1.166251664941896,-1.0309875092884953,1.7959840287844915,2.1400828796947224,2.194724773858474
/multi_agv/path_reference,1789710660.3983774,1789710660.3978317,world,s_curve,1,3.3722541686185377,0.100556511302692,0.0,-0.2255215729180024,-1.02041947888734,-4.246077383740768,-0.3033936676861674,-0.3205704226018859,-0.05260062846595387,-0.865707046108271,-1.1652149075920146,-1.0303364829617343,1.7945440493433336,2.1386429002535645,2.193284794417316
/multi_agv/path_reference,1789710660.4085,1789710660.4078085,world,s_curve,1,3.37325741731177,0.100556511302692,0.0,-0.225971985894938,-1.0195230214622646,-4.247510596159672,-0.3036222649805592,-0.32122826049459474,-0.05306543220965998,-0.8646991403653062,-1.1641820763098434,-1.0296878477116442,1.7931108369244293,2.13720968783466,2.191851581998412
/multi_agv/path_reference,1789710660.418447,1789710660.4178357,world,s_curve,1,3.374265400660099,0.1005435975741016,-0.0012881093053040446,-0.22642323014166066,-1.0186216841884261,-4.24895057237157,-0.30385048609337934,-0.3218877115087201,-0.05353149282288247,-0.8636861490914477,-1.1631434223364236,-1.029035481137407,1.791670860712531,2.135769711622762,2.1904116057865135
/multi_agv/path_reference,1789710660.4286382,1789710660.4279344,world,s_curve,1,3.375280972033737,0.1005435975741016,0.0,-0.2268765584782288,-1.017712905640025,-4.250401388619625,-0.30407895003003016,-0.3225506137875961,-0.054000111617060115,-0.8626652009208569,-1.162095990316382,-1.0283775256828358,1.7902200444644767,2.134318895374707,2.1889607895384593
/multi_agv/path_reference,1789710660.4384756,1789710660.4378617,world,s_curve,1,3.376278891772298,0.1005435975741016,0.0,-0.22732072252472751,-1.01681928271461,-4.2518269882461395,-0.3043019997509383,-0.323200513015149,-0.05445965480809517,-0.8616616758865165,-1.1610658278223278,-1.027730344434986,1.7887944448379618,2.1328932957481923,2.1875351899119444
/multi_agv/path_reference,1789710660.448378,1789710660.4478614,world,s_curve,1,3.3772843914926796,0.1005435975741016,0.0,-0.22776697156940146,-1.0159182326043574,-4.253263416418114,-0.3045252966959938,-0.32385386287406204,-0.05492175513814848,-0.8606502078092944,-1.1600269045134635,-1.0270775854903147,1.7873580166659875,2.131456867576218,2.18609876173997
/multi_agv/path_reference,1789710660.4583528,1789710660.4578025,world,s_curve,1,3.3782838899073577,0.10053083934765365,-0.0012832388671796242,-0.22820927385388123,-1.015021925961615,-4.254691271296226,-0.3047458206029329,-0.32450183340928956,-0.055380167549421155,-0.8596444597326593,-1.1589932528787068,-1.0264280652734785,1.7859301617878756,2.130029012698106,2.184670906861858
/multi_agv/path_reference,1789710660.4684055,1789710660.4678526,world,s_curve,1,3.3792941116450765,0.10053083934765365,0.0,-0.22865502091793,-1.0141153624861101,-4.256134445207252,-0.3049672513359285,-0.3251552557874648,-0.05584255563039664,-0.8586276025542419,-1.1579475726134827,-1.025770912290606,1.7844869878768495,2.12858583878708,2.183227732950832
/multi_agv/path_reference,1789710660.47832,1789710660.4778154,world,s_curve,1,3.380295676069034,0.10053083934765365,0.0,-0.22909565575688648,-1.0132159337442637,-4.257565251527192,-0.3051853352677668,-0.32580158781351654,-0.05630004418937598,-0.8576191449858465,-1.156909923545711,-1.0251187327012337,1.7830561815569097,2.12715503246714,2.1817969266308923
/multi_agv/path_reference,1789710660.4883928,1789710660.48786,world,s_curve,1,3.3813054141528847,0.10053083934765365,0.0,-0.22953858351407067,-1.0123085276487074,-4.259007734504121,-0.3054037382216801,-0.3264516910222327,-0.05676032129829914,-0.8566021427404754,-1.1558628713416497,-1.024460568863997,1.7816136985799802,2.1257125494902107,2.180354443653963
/multi_agv/path_reference,1789710660.4983606,1789710660.4978607,world,s_curve,1,3.3823107105286954,0.10051882175586603,-0.0012016298833867436,-0.2299782616886518,-1.0114044791260146,-4.260443872183851,-0.3056197224311851,-0.3270974329868018,-0.05721762964796845,-0.855589302019496,-1.1548194942616712,-1.0238046410968769,1.7801775609002504,2.124276411810481,2.178918305974233
/multi_agv/path_reference,1789710660.508383,1789710660.5078208,world,s_curve,1,3.3833118934732824,0.10051882175586603,0.0,-0.23041485017185576,-1.0105035032037148,-4.261874133533261,-0.30583337719703274,-0.32773904301736567,-0.05767213030116877,-0.8545802984478075,-1.153779465901475,-1.023150745261862,1.7787472995508407,2.122846150461071,2.1774880446248233
/multi_agv/path_reference,1789710660.5186546,1789710660.517927,world,s_curve,1,3.384327856504383,0.10051882175586603,0.0,-0.23085656565444493,-1.0095885889293459,-4.263325509291976,-0.3060487101652364,-0.3283886031797354,-0.058132383618362954,-0.8535560878154169,-1.1527231467976864,-1.0224865321749346,1.7772959237921255,2.121394774702356,2.176036668866108
/multi_agv/path_reference,1789710660.5286605,1789710660.527874,world,s_curve,1,3.3853276668644585,0.10051882175586603,0.0,-0.23128996200183613,-1.0086875960386044,-4.264753809806369,-0.3062591685892319,-0.3290263391355196,-0.05858437828075677,-0.8525478571389368,-1.1516827028946865,-1.0218322280821899,1.775867623277732,2.1199664741879625,2.1746083683517146
/multi_agv/path_reference,1789710660.5383067,1789710660.5378025,world,s_curve,1,3.386325616225491,0.10050699803220531,-0.0011908088898139352,-0.2317212679461571,-1.0077876638534466,-4.266179451750701,-0.30646779906224964,-0.32966140551057777,-0.05903459926564383,-0.8515412044180053,-1.1506432883624675,-1.0211784987798673,1.7744419813334003,2.1185408322436308,2.173182726407383
/multi_agv/path_reference,1789710660.5482717,1789710660.5478227,world,s_curve,1,3.3873325477964307,0.10050699803220531,0.0,-0.232155154973374,-1.0068790093216597,-4.2676179254234725,-0.30667685241562515,-0.33030068519262246,-0.0594879273118743,-0.8505251906592248,-1.1495936017710044,-1.02051823553475,1.7730035076606288,2.1171023585708597,2.1717442527346114
/multi_agv/path_reference,1789710660.5584452,1789710660.557927,world,s_curve,1,3.388348275840345,0.10050699803220531,0.0,-0.23259150778803359,-1.0059617855235417,-4.269068965486207,-0.30688625120171265,-0.3309440192022569,-0.0599442529601312,-0.8494999975333247,-1.1485338146825428,-1.0198515443547573,1.771552467597894,2.1156513185081245,2.1702932126718766
/multi_agv/path_reference,1789710660.568508,1789710660.5679445,world,s_curve,1,3.389355073435456,0.10050699803220531,0.0,-0.23302271036159783,-1.005052002274628,-4.270507247764937,-0.3070923407907824,-0.3315801787993691,-0.06039561149464201,-0.8484835193411717,-1.1474824253419549,-1.0191900621407577,1.7701141853191644,2.114213036229395,2.168854930393147
/multi_agv/path_reference,1789710660.578449,1789710660.577834,world,s_curve,1,3.3903489893985044,0.10049627141953821,-0.0010845832224073639,-0.23344711171782026,-1.0041532518859084,-4.271927127712149,-0.3072943591080576,-0.332206714840403,-0.06084026120500016,-0.8474797568304745,-1.146443591653125,-1.0185364071741259,1.7686943053719522,2.112793156282183,2.1674350504459348
/multi_agv/path_reference,1789710660.5885155,1789710660.5879607,world,s_curve,1,3.391366667302945,0.10049627141953821,0.0,-0.23388033719255877,-1.0032323915164967,-4.273380953289921,-0.3074997306864812,-0.33284670120812765,-0.06129457968306745,-0.8464517010549892,-1.14537900172419,-1.0178664717703108,1.76724047979418,2.1113393307044106,2.1659812248681627
/multi_agv/path_reference,1789710660.5982985,1789710660.5978024,world,s_curve,1,3.3923557303010465,0.10049627141953821,0.0,-0.23430009736323756,-1.0023368208336179,-4.274793900430066,-0.30769789461506253,-0.333467208169173,-0.06173518930547711,-0.8454522665952227,-1.1443434549547156,-1.0172147409509156,1.765827532654035,2.1099263835642654,2.1645682777280175
/multi_agv/path_reference,1789710660.6088035,1789710660.6079614,world,s_curve,1,3.3933766555415055,0.10049627141953821,0.0,-0.23473205330046465,-1.0014117790896173,-4.276252365059293,-0.30790096199726524,-0.3341061702158483,-0.0621890276882803,-0.844420343654052,-1.1432736305060136,-1.0165413631087865,1.7643690680248079,2.1084679189350384,2.1631098130987905
/multi_agv/path_reference,1789710660.618525,1789710660.617884,world,s_curve,1,3.3943737431447536,0.1004866576879555,-0.0009688734986856485,-0.23515261995974857,-1.0005077286459958,-4.277676775921076,-0.30809783419844594,-0.3347287055564745,-0.06263132012432521,-0.8434122299209511,-1.1422278866237285,-1.0158830693933079,1.762944657163025,2.1070435080732555,2.1616854022370076
/multi_agv/path_reference,1789710660.6288328,1789710660.6279476,world,s_curve,1,3.3953849876097966,0.1004866576879555,0.0,-0.23557784244466115,-0.999590231492005,-4.279121410871138,-0.3082960349971124,-0.3353585579573772,-0.0630789343794938,-0.842389517524464,-1.1411663905434866,-1.0152147864080643,1.7615000222129633,2.105598873123194,2.160240767286946
/multi_agv/path_reference,1789710660.638429,1789710660.6378322,world,s_curve,1,3.3963782734008374,0.1004866576879555,0.0,-0.23599422259755157,-0.9986884310346243,-4.280540390572625,-0.308489277393529,-0.33597573128437175,-0.0635176591147539,-0.841384689724609,-1.1401228607916936,-1.0145577425875707,1.7600810425114761,2.1041798934217066,2.1588217875854587
/multi_agv/path_reference,1789710660.648435,1789710660.647865,world,s_curve,1,3.3973862767692236,0.1004866576879555,0.0,-0.23641546332366525,-0.9977726653085496,-4.281980395384605,-0.30868392489013685,-0.33660053453802463,-0.06396193054283425,-0.8403646939004427,-1.139062974621587,-1.0138903274036193,1.7586410376994963,2.102739888609727,2.157381782773479
/multi_agv/path_reference,1789710660.6583548,1789710660.657835,world,s_curve,1,3.3983882255373845,0.10047733871069055,-0.0009345248627900427,-0.23683286667189254,-0.9968618000021742,-4.2834117507676925,-0.3088759475370694,-0.33722007183352987,-0.0644025806450784,-0.8393505480248834,-1.1380085641869593,-1.0132262877946798,1.7572096823164087,2.1013085332266392,2.1559504273903913
/multi_agv/path_reference,1789710660.6683245,1789710660.6678624,world,s_curve,1,3.3993955991775398,0.10047733871069055,0.0,-0.23725121497315532,-0.9959454015229243,-4.284850855967914,-0.309067546053306,-0.3378414411548861,-0.06484465771127382,-0.8383306351138529,-1.1369475518494645,-1.0125580176054556,1.7557705771161873,2.099869428026418,2.15451132219017
/multi_agv/path_reference,1789710660.6782742,1789710660.6778536,world,s_curve,1,3.4003994966032076,0.10047733871069055,0.0,-0.23766680741003,-0.9950315674064157,-4.286284995147439,-0.309257023201594,-0.33845914678590605,-0.06528425224258991,-0.8373139685059845,-1.1358893123945355,-1.0118914213187271,1.7543364379366617,2.0984352888468925,2.1530771830106445
/multi_agv/path_reference,1789710660.6884322,1789710660.6878579,world,s_curve,1,3.4014047104829674,0.10047733871069055,0.0,-0.2380816312545559,-0.9941159386904123,-4.287721014975667,-0.30944528770970514,-0.3390761411510822,-0.06572346490288028,-0.8362956974748083,-1.134828798695319,-1.0112233199011098,1.752900418108434,2.0969992690186645,2.1516411631824166
/multi_agv/path_reference,1789710660.698319,1789710660.6978624,world,s_curve,1,3.4024097713501265,0.10046806959837112,-0.0009265606214032455,-0.23849507700940603,-0.9931998547544422,-4.289156816214466,-0.30963206148559147,-0.3396915184338798,-0.06616165110874683,-0.835277312222874,-1.133767561725222,-1.0105546903152303,1.7514646168696353,2.095563467779866,2.150205361943618
/multi_agv/path_reference,1789710660.7083879,1789710660.7078366,world,s_curve,1,3.403412059700437,0.10046806959837112,0.0,-0.23890607201087813,-0.9922857076815295,-4.29058865671491,-0.30981686375065337,-0.3403036801676784,-0.06659767211430254,-0.834261470253095,-1.1327083734448598,-1.0098872793466336,1.7500327763691916,2.094131627279422,2.1487735214431742
/multi_agv/path_reference,1789710660.7184103,1789710660.7178707,world,s_curve,1,3.4044201729884866,0.10046806959837112,0.0,-0.23931813478974215,-0.9913656552435439,-4.29202881855498,-0.31000127259481336,-0.3409178690886949,-0.0670352626857181,-0.8332394587104289,-1.1316421464684894,-1.0092153605517133,1.7485926145291208,2.0926914654393514,2.1473333596031035
/multi_agv/path_reference,1789710660.7284253,1789710660.7278206,world,s_curve,1,3.405419684702758,0.10046806959837112,0.0,-0.23972537320781237,-0.9904528681026719,-4.293456692432511,-0.3101826547690031,-0.3415253010041941,-0.06746816385023988,-0.8322259061934982,-1.1305841447708427,-1.0085485533436747,1.74716474065159,2.0912635915618205,2.1459054857255726
/multi_agv/path_reference,1789710660.7384114,1789710660.7378604,world,s_curve,1,3.4064282272579938,0.10045846924646774,-0.0009562676869051244,-0.2401349697042783,-0.9895312452859145,-4.2948974675114195,-0.3103642087520536,-0.3421366894222104,-0.06790401093857082,-0.8312029345427931,-1.1295157057612988,-1.007875095553652,1.7457239655726817,2.0898228164829127,2.1444647106466643
/multi_agv/path_reference,1789710660.748336,1789710660.7478619,world,s_curve,1,3.407433135728105,0.10045846924646774,0.0,-0.24054176921988327,-0.9886123573652542,-4.29633305104015,-0.31054364246298627,-0.34274434314686836,-0.06833732204979509,-0.8301833898673356,-1.1284502416552389,-1.0072034405731882,1.7442883820439516,2.0883872329541826,2.1430291271179343
/multi_agv/path_reference,1789710660.7584276,1789710660.7578626,world,s_curve,1,3.4084377787869404,0.10045846924646774,0.0,-0.2409471422866946,-0.9876931293325029,-4.297768255409915,-0.31072156556608416,-0.3433503068283674,-0.06876955446563218,-0.8291638580415877,-1.12738418807232,-1.0065313418836008,1.7428531776741862,2.0869520285844168,2.141593922748169
/multi_agv/path_reference,1789710660.7684143,1789710660.7678616,world,s_curve,1,3.40944212097266,0.10045846924646774,0.0,-0.24135107487006,-0.9867735960168807,-4.299203029960943,-0.31089797264541236,-0.3439545591166204,-0.06920069284814717,-0.8281443773658873,-1.126317585570232,-1.0058588251145228,1.7414184031231579,2.0855172540333884,2.1401591481971405
/multi_agv/path_reference,1789710660.7789752,1789710660.777975,world,s_curve,1,3.4104580996847917,0.10044842978628789,-0.0009925877372494714,-0.24175834530111595,-0.9858428203419654,-4.300654428121131,-0.3110749357489737,-0.34456425529626566,-0.06963584485810842,-0.8271128285676194,-1.1252377444607051,-1.005177887997572,1.73996700496297,2.0840658558732006,2.1387077500369527
/multi_agv/path_reference,1789710660.7887292,1789710660.787977,world,s_curve,1,3.4114628115987964,0.10044842978628789,0.0,-0.24215976942192227,-0.9849217858520318,-4.302089730855423,-0.3112484629574642,-0.34516564736921296,-0.07006519793908958,-0.826092467319363,-1.1241690088344234,-1.0045038814023093,1.7385317022286784,2.082630553138909,2.137272447302661
/multi_agv/path_reference,1789710660.7983544,1789710660.7978213,world,s_curve,1,3.412451490436681,0.10044842978628789,0.0,-0.2425534968664007,-0.9840148876324718,-4.303502129195258,-0.31141779129927744,-0.34575594455326614,-0.0704867547466585,-0.8250881467980167,-1.1231164864422618,-1.0038400296571368,1.7371193038888433,2.0812181547990742,2.135860048962826
/multi_agv/path_reference,1789710660.8084092,1789710660.807835,world,s_curve,1,3.4134575300780305,0.10044842978628789,0.0,-0.2429528231856526,-0.9830914949338053,-4.3049393286829005,-0.31158863714561424,-0.3463550809657393,-0.07091475144560419,-0.8240659465396761,-1.1220446276296194,-1.0031639106321204,1.7356821044012007,2.0797809553114313,2.1344228494751833
/multi_agv/path_reference,1789710660.8183086,1789710660.8178325,world,s_curve,1,3.4144616540436967,0.1004372748796118,-0.0011157670431060417,-0.24335006485928135,-0.982169288981816,-4.306373791490995,-0.3117576920473861,-0.3469515392873871,-0.07134096324307085,-0.8230454487111223,-1.1209739520746766,-1.0024884661596491,1.734247641593106,2.0783464925033366,2.1329883866670887
/multi_agv/path_reference,1789710660.82831,1789710660.8278527,world,s_curve,1,3.415467898742422,0.1004372748796118,0.0,-0.24374681796414424,-0.9812445645947946,-4.307811283917745,-0.3119256352375044,-0.34754771593530487,-0.07176710271962342,-0.8220225533174409,-1.1199001579921786,-1.0018109824747643,1.732810149166356,2.0769090000765864,2.1315508942403385
/multi_agv/path_reference,1789710660.8383608,1789710660.837854,world,s_curve,1,3.4164721949580144,0.1004372748796118,0.0,-0.2441414770870961,-0.9803210631652284,-4.309245992797163,-0.31209178703617557,-0.3481411985697144,-0.07219144565539831,-0.8210013990373373,-1.1188275898401034,-1.0011342006182447,1.731375440286938,2.0754742911971684,2.1301161853609205
/multi_agv/path_reference,1789710660.848329,1789710660.8478208,world,s_curve,1,3.417473433662085,0.1004372748796118,0.0,-0.24453361550297475,-0.9793998106308122,-4.310676333802979,-0.31225597457220045,-0.3487313420974999,-0.07261352983922387,-0.8199831173954459,-1.1177574406066562,-1.0004588738903344,1.7299450992811223,2.0740439501913532,2.128685844355105
/multi_agv/path_reference,1789710660.858338,1789710660.8578553,world,s_curve,1,3.4184811499783154,0.10042638579393265,-0.0010851779431813684,-0.24492695980632934,-0.9784720325027305,-4.31211592854045,-0.31241975334716326,-0.34932375727667386,-0.07303736879515083,-0.8189580117394937,-1.1166795166630896,-0.9997785691056086,1.728505504543651,2.072604355453882,2.1272462496176336
/multi_agv/path_reference,1789710660.8683953,1789710660.8678658,world,s_curve,1,3.41948649653312,0.10042638579393265,0.0,-0.24531804790794712,-0.9775458728970887,-4.313552137904457,-0.3125816763886388,-0.34991323252349993,-0.0734592348117026,-0.8179350828996343,-1.1156032789108135,-0.9990992568808185,1.727069295179644,2.0711681460898745,2.1258100402536266
/multi_agv/path_reference,1789710660.8784015,1789710660.8778462,world,s_curve,1,3.4204888232665036,0.10042638579393265,0.0,-0.24570663677034818,-0.9766219370760226,-4.314984033237862,-0.31274165042766794,-0.3504993978467582,-0.07387886203661836,-0.8169149962626598,-1.1145294322529797,-0.9984213827124284,1.725637399846239,2.06973625075647,2.1243781449202217
/multi_agv/path_reference,1789710660.8884351,1789710660.8878646,world,s_curve,1,3.4214949524441325,0.10042638579393265,0.0,-0.24609536886413969,-0.9756939375590206,-4.316421360634475,-0.31290076219489565,-0.3510862398471254,-0.07429910455039793,-0.8158908104872296,-1.1134506688291623,-0.9977403333606699,1.724200072449626,2.068298923359857,2.1229408175236086
/multi_agv/path_reference,1789710660.8983452,1789710660.8978627,world,s_curve,1,3.422498870586231,0.10041552231469898,-0.0010866044706821763,-0.24648191689281876,-0.9747674214602604,-4.317855529408901,-0.31305805694324546,-0.3516702462358352,-0.07471744749937559,-0.8148686485569452,-1.1123734364814981,-0.9970601793423379,1.7227659036751999,2.066864754585431,2.1215066487491825
/multi_agv/path_reference,1789710660.9086316,1789710660.907862,world,s_curve,1,3.4235029216784816,0.10041552231469898,0.0,-0.24686718669624932,-0.9738402291403647,-4.319289888112117,-0.31321390614241246,-0.35225278415042527,-0.07513486979591022,-0.8138461266905178,-1.1112952248634245,-0.9963793358671519,1.7213315449719846,2.065430395882215,2.120072290045967
/multi_agv/path_reference,1789710660.9185395,1789710660.917936,world,s_curve,1,3.424514573623278,0.10041552231469898,0.0,-0.24725402777415897,-0.9729054599407493,-4.320735105176111,-0.31336945180621084,-0.35283816740761326,-0.0755544641086528,-0.8128156391991982,-1.110208007105262,-0.9956927335177878,1.71988632790799,2.0639851788182204,2.1186270729819725
/multi_agv/path_reference,1789710660.9284213,1789710660.9278622,world,s_curve,1,3.4255112283089857,0.10041552231469898,0.0,-0.24763381239930593,-0.9719840023832043,-4.3221588975842655,-0.31352123482289346,-0.35341333527171953,-0.07596686710330475,-0.811800209300459,-1.1091360805332802,-0.9950157173158736,1.7184625354998357,2.0625613864100663,2.1172032805738183
/multi_agv/path_reference,1789710660.9383986,1789710660.9379141,world,s_curve,1,3.4265205122504625,0.10040488308726192,-0.0010584042240818399,-0.24801707245676224,-0.9710503184839269,-4.3236007317863745,-0.3136734680026785,-0.3539942358660677,-0.07638351350154052,-0.8107716931968407,-1.1080497375911529,-0.9943295246637871,1.7170207012977268,2.0611195522079577,2.1157614463717094
/multi_agv/path_reference,1789710660.948338,1789710660.9479342,world,s_curve,1,3.4275266015093693,0.10040488308726192,0.0,-0.2483977791360295,-0.970119040950015,-4.325038002156242,-0.31382374322749934,-0.3545717382223761,-0.07679785595821306,-0.8097462152509531,-1.1069660007698474,-0.9936449068292447,1.7155834309278597,2.0596822818380907,2.1143241760018423
/multi_agv/path_reference,1789710660.9584687,1789710660.9578192,world,s_curve,1,3.428519168339027,0.10040488308726192,0.0,-0.24877205636712052,-0.9691997448612848,-4.326455954770038,-0.3139705536950391,-0.3551399511566986,-0.0772056642496238,-0.8087343094984585,-1.1058960175172474,-0.9929689075681487,1.714165478314063,2.0582643292242935,2.1129062233880456
/multi_agv/path_reference,1789710660.96875,1789710660.9679394,world,s_curve,1,3.429535360839294,0.10040488308726192,0.0,-0.24915389254830594,-0.9682580187090624,-4.327907658341848,-0.31411937301132237,-0.3557201176533189,-0.07762218698027654,-0.8076981035739035,-1.1047997327266756,-0.992276219826608,1.712713774742253,2.056812625652484,2.1114545198162356
/multi_agv/path_reference,1789710660.9784875,1789710660.9779315,world,s_curve,1,3.4305385155895727,0.10039420416275464,-0.0010687305492243383,-0.2495294875669916,-0.9673278318125667,-4.329340736556532,-0.31426480648201444,-0.3562912781325709,-0.07803237808638938,-0.8066749809664946,-1.1037166879380997,-0.9915918265331056,1.7112806965275689,2.0553795474377994,2.1100214416015515
/multi_agv/path_reference,1789710660.988555,1789710660.9878793,world,s_curve,1,3.4315370972834573,0.10039420416275464,0.0,-0.24990204629847598,-0.966401351795857,-4.33076728183351,-0.3144081208564292,-0.35685829304482153,-0.07843972499417715,-0.8056563165844273,-1.1026377686671724,-0.9909099701359713,1.7098541512505911,2.053953002160822,2.1085948963245738
/multi_agv/path_reference,1789710660.9983225,1789710660.9978592,world,s_curve,1,3.4325389727103923,0.10039420416275464,0.0,-0.25027450512130156,-0.9654712826454952,-4.332198532443417,-0.3145504472584806,-0.35742563070705713,-0.07884743739836689,-0.8046340877483633,-1.101554478837037,-0.9902252813510856,1.708422900640684,2.0525217515509144,2.1071636457146665
/multi_agv/path_reference,1789710661.0084643,1789710661.0078578,world,s_curve,1,3.4335427685780586,0.10039420416275464,0.0,-0.25064634243644607,-0.9645388970057116,-4.333632526540083,-0.3146915789781097,-0.35799250028581187,-0.07925494804541666,-0.803609696186462,-1.1004682992518005,-0.9895386955788723,1.706988906544018,2.0510877574542485,2.1057296516180006
/multi_agv/path_reference,1789710661.0184493,1789710661.0178595,world,s_curve,1,3.4345468542567117,0.10038368275033582,-0.0010518804807109082,-0.25101694912179234,-0.9636057096931397,-4.3350669346524455,-0.31483128170406544,-0.3585579747078159,-0.07966159095349562,-0.8025848074565698,-1.0993809939532224,-0.9888513276696274,1.7055544984316557,2.0496533493418863,2.1042952435056383
/multi_agv/path_reference,1789710661.028426,1789710661.0278428,world,s_curve,1,3.4355491235930087,0.10038368275033582,0.0,-0.25138555016241254,-0.9626736813021229,-4.336498747990012,-0.3149692655354784,-0.3591208703105857,-0.08006651464117345,-0.8015615739378502,-1.0982948477643335,-0.9881646222041852,1.7041226850940894,2.0482215360043203,2.102863430168072
/multi_agv/path_reference,1789710661.0386105,1789710661.0378644,world,s_curve,1,3.436554933261029,0.10038368275033582,0.0,-0.2517541111772688,-0.9617378310523209,-4.337935618944327,-0.31510626368513367,-0.3596841901582155,-0.08047187968845723,-0.8005345284415486,-1.097204055813944,-0.98747490890147,1.7026858141397745,2.0467846650500054,2.101426559213757
/multi_agv/path_reference,1789710661.0483892,1789710661.047841,world,s_curve,1,3.4375566064186343,0.10038368275033582,0.0,-0.25211981978771486,-0.9608053042951396,-4.339366580598049,-0.315241231768268,-0.36024363517395286,-0.08087459242092368,-0.7995115122584301,-1.0961169466113967,-0.9867874540155918,1.7012548524860525,2.045353703396283,2.099995597560035
/multi_agv/path_reference,1789710661.058682,1789710661.0578825,world,s_curve,1,3.4385645045758038,0.10037335662298245,-0.0010283460248452054,-0.2524864537804737,-0.9598664549824707,-4.340806435108291,-0.3153755608162894,-0.3608049860977687,-0.08127881442736293,-0.7984819445230165,-1.095022274526533,-0.9860951458978627,1.69981499797581,2.0439138488860404,2.0985557430497925
/multi_agv/path_reference,1789710661.0684621,1789710661.0678394,world,s_curve,1,3.439563902414521,0.10037335662298245,0.0,-0.2528486607123489,-0.9589350034241386,-4.342234146306459,-0.31550729325836135,-0.3613600460451264,-0.08167864283355897,-0.7974608699926079,-1.0939360376911451,-0.9854081025886628,1.6983872867776424,2.042486137687873,2.097128031851625
/multi_agv/path_reference,1789710661.0784104,1789710661.077873,world,s_curve,1,3.4405710116371075,0.10037335662298245,0.0,-0.25321231673308603,-0.9579958425719052,-4.3436728737672965,-0.315638567239572,-0.3619178193882673,-0.08208056357141871,-0.7964317275967615,-1.092840618861105,-0.984715181257849,1.6969485593168048,2.0410474102270353,2.0956893043907874
/multi_agv/path_reference,1789710661.0886788,1789710661.0878735,world,s_curve,1,3.4415747863564135,0.10037335662298245,0.0,-0.2535734238924715,-0.9570592716293925,-4.345106837652019,-0.3157679331903603,-0.36247217725767056,-0.08248016122938368,-0.795405805804515,-1.0917480295697104,-0.984023979513952,1.695514595432082,2.0396134463423126,2.0942553405060647
/multi_agv/path_reference,1789710661.098778,1789710661.0978463,world,s_curve,1,3.442575697113623,0.10036303948536589,-0.0010345170960836393,-0.253932163113217,-0.95612485826199,-4.346536710162319,-0.3158954650634647,-0.36302339284155694,-0.08287763143462923,-0.7943826275013677,-1.0906577672335818,-0.9833341800510209,1.6940847229217826,2.038183573832013,2.092825467995765
/multi_agv/path_reference,1789710661.1087642,1789710661.1078398,world,s_curve,1,3.443578669829479,0.10036303948536589,0.0,-0.2542903007925108,-0.9551880063548963,-4.347969528327827,-0.31602179201136593,-0.3635741796703515,-0.08327493069581493,-0.7933571595057978,-1.08956446938847,-0.982642390170421,1.6926519047562745,2.0367507556665054,2.091392649830257
/multi_agv/path_reference,1789710661.1187906,1789710661.1178765,world,s_curve,1,3.4445859728090364,0.10036303948536589,0.0,-0.2546486333761063,-0.9542465941849366,-4.349408532584338,-0.3161471854831665,-0.36412576734063024,-0.08367294730452218,-0.7923270830421,-1.0884656581770302,-0.9819470413356799,1.6912129004997634,2.0353117514099943,2.089953645573746
/multi_agv/path_reference,1789710661.1288652,1789710661.1278667,world,s_curve,1,3.44558865156155,0.10036303948536589,0.0,-0.2550039751705379,-0.9533089926091393,-4.350840930802214,-0.31627053104744285,-0.3646732519067476,-0.08406814255742326,-0.7913015571903226,-1.0873711041103262,-0.9812543165267692,1.6897805022818875,2.0338793531921184,2.08852124735587
/multi_agv/path_reference,1789710661.1385403,1789710661.137858,world,s_curve,1,3.4465911200269694,0.1003533214159922,-0.0009728391196752882,-0.25535789948718074,-0.9523710798052677,-4.3522730286099565,-0.31639238212438403,-0.36521905375318,-0.08446226258397818,-0.7902760708469135,-1.086275996755103,-0.9805611718137864,1.6883484044741448,2.0324472553843753,2.0870891495481274
/multi_agv/path_reference,1789710661.1484277,1789710661.1478252,world,s_curve,1,3.447591367974446,0.1003533214159922,0.0,-0.2557097007054902,-0.9514347402908264,-4.353701954249209,-0.31651249939625814,-0.36576208291662915,-0.0848545198035833,-0.7892526831101077,-1.0851825371685822,-0.9798690005937897,1.6869194788348927,2.031018329745123,2.0856602239088753
/multi_agv/path_reference,1789710661.1585736,1789710661.1578422,world,s_curve,1,3.4485967408656943,0.1003533214159922,0.0,-0.25606195598021186,-0.9504930977388323,-4.355138201236706,-0.3166317585478504,-0.3663063194873533,-0.0852477899054318,-0.7882238800266695,-1.0840826943206967,-0.9791727188691308,1.6854832318473956,2.029582082757626,2.084223976921378
/multi_agv/path_reference,1789710661.1684928,1789710661.167856,world,s_curve,1,3.449601597439104,0.1003533214159922,0.0,-0.2564126786211578,-0.9495514342176984,-4.356573710627291,-0.31674947987527197,-0.3668486975932589,-0.08563985839494251,-0.7871954352080482,-1.082982636391679,-0.9784762310533678,1.68404772245681,2.0281465733670405,2.0827884675307926
/multi_agv/path_reference,1789710661.1783464,1789710661.1778529,world,s_curve,1,3.4506047135678597,0.10034392361898463,-0.0009400824072916857,-0.2567614451352784,-0.9486109004793705,-4.358006733668371,-0.3168655246291237,-0.36738856063584835,-0.08603025014086305,-0.7861686041763525,-1.081883708343629,-0.9777803889181302,1.6826146994157303,2.026713550325961,2.081355444489713
/multi_agv/path_reference,1789710661.1886108,1789710661.187881,world,s_curve,1,3.45161109257998,0.10034392361898463,0.0,-0.2571099915118065,-0.9476668062232527,-4.3594444179714,-0.3169804682309246,-0.36792859684068513,-0.08642090946380979,-0.7851382671372648,-1.0807804295416878,-0.9770817219908058,1.6811770151127017,2.0252758660229326,2.0799177601866843
/multi_agv/path_reference,1789710661.1983423,1789710661.197808,world,s_curve,1,3.4526072004884223,0.10034392361898463,0.0,-0.25745364319396946,-0.9467318547170772,-4.360867429269175,-0.3170927794261282,-0.36846155844712275,-0.0868065917086574,-0.7841182838520292,-1.0796876471864116,-0.9763896331127909,1.6797540038149266,2.023852854725157,2.078494748888909
/multi_agv/path_reference,1789710661.2083488,1789710661.2078338,world,s_curve,1,3.4536132237813333,0.10034392361898463,0.0,-0.2577993650683785,-0.9457871012695167,-4.362304605401905,-0.31720473544651484,-0.36899824650536783,-0.08719511325325283,-0.7830879864279281,-1.0785832185590007,-0.9756900988216214,1.6783168276821967,2.022415678592427,2.0770575727561793
/multi_agv/path_reference,1789710661.2186966,1789710661.217969,world,s_curve,1,3.4546301279132994,0.10033461165621897,-0.0009187809730332782,-0.25814744521215977,-0.9448316254489885,-4.363757325590427,-0.3173163967002298,-0.3695391248450246,-0.08758681409122487,-0.7820463829366452,-1.0774660618091179,-0.9749824316012023,1.676864107493674,2.0209629584039046,2.0756048525676567
/multi_agv/path_reference,1789710661.2288191,1789710661.2278552,world,s_curve,1,3.4556218863855612,0.10033461165621897,0.0,-0.25848558176569064,-0.9438992905457652,-4.365174123407945,-0.31742384016922104,-0.37006506571651554,-0.08796783941133535,-0.7810303810008226,-1.0763757743505056,-0.9742917162859676,1.6754473096761564,2.019546160586387,2.074188054750139
/multi_agv/path_reference,1789710661.239225,1789710661.2378433,world,s_curve,1,3.456624191931866,0.10033461165621897,0.0,-0.2588259715139645,-0.9429565546051026,-4.366605988474094,-0.3175309632765382,-0.37059502946701267,-0.08835192179834267,-0.7800034204156795,-1.0752731358951595,-0.9735931075044694,1.6740154446100068,2.018114295520238,2.0727561896839894
/multi_agv/path_reference,1789710661.2493584,1789710661.2479637,world,s_curve,1,3.4576395730847618,0.10033461165621897,0.0,-0.25916942477426613,-0.9420010240927197,-4.368056532978231,-0.31763798408653016,-0.371130296164341,-0.08873999407192715,-0.7789629071631248,-1.0741553402446151,-0.9728848248704194,1.6725649001058707,2.016663751016101,2.0713056451798533
/multi_agv/path_reference,1789710661.2585967,1789710661.2578042,world,s_curve,1,3.4586268862180467,0.10032474109388001,-0.0010029863654426377,-0.25950205523826,-0.9410714306153533,-4.369466980311495,-0.31774059979197866,-0.3716492119040139,-0.0891163540187874,-0.7779510090604035,-1.0730677004557805,-0.972195582329876,1.671154452772606,2.015253303682837,2.0698951978465887
/multi_agv/path_reference,1789710661.268376,1789710661.2678185,world,s_curve,1,3.4596314705564852,0.10032474109388001,0.0,-0.25983915793908746,-0.9401250948999522,-4.370902100794979,-0.3178435451417222,-0.3721756296029236,-0.08949829907261656,-0.7769212620244746,-1.0719602841861218,-0.9714937384892604,1.6697193322891226,2.013818183199353,2.068460077363105
/multi_agv/path_reference,1789710661.2784035,1789710661.2778003,world,s_curve,1,3.460633021275403,0.10032474109388001,0.0,-0.2601738904533739,-0.9391811363137955,-4.37233288753629,-0.3179447084836201,-0.372698875108897,-0.08987808776760459,-0.7758944786098785,-1.0708554611773553,-0.9707934691541528,1.6682885455478114,2.0123873964580423,2.067029290621794
/multi_agv/path_reference,1789710661.2884262,1789710661.28785,world,s_curve,1,3.46164102197225,0.10032474109388001,0.0,-0.26050941452520665,-0.9382306160229835,-4.373772888531786,-0.3180450397902135,-0.37322389360803954,-0.09025931017736688,-0.7748609376081543,-1.0697427683325158,-0.9700881421282804,1.6668485445523156,2.010947395462546,2.065589289626298
/multi_agv/path_reference,1789710661.2983167,1789710661.2978487,world,s_curve,1,3.462644127283126,0.10031655008060665,-0.0008191504763645067,-0.2608419500818789,-0.9372842333347459,-4.375205896118751,-0.3181434063633595,-0.37374477128207234,-0.09063767260020478,-0.7738322737012757,-1.0686347299650867,-0.9693856963378755,1.6654155369653503,2.0095143878755812,2.064156282039333
/multi_agv/path_reference,1789710661.3083718,1789710661.3078496,world,s_curve,1,3.463647407646382,0.10031655008060665,0.0,-0.2611731868157131,-0.9363372098199326,-4.376639153780546,-0.3182403155488163,-0.3742641510931064,-0.09101509380521658,-0.7728032903470617,-1.0675257527602724,-0.968682586352464,1.6639822793035557,2.008081130213786,2.0627230243775383
/multi_agv/path_reference,1789710661.318341,1789710661.3178594,world,s_curve,1,3.464651605003222,0.10031655008060665,0.0,-0.2615033667896613,-0.93538884631378,-4.378073721433174,-0.3183358364106297,-0.3747824134729032,-0.09139185048545101,-0.771773228487175,-1.0664150176786487,-0.9679782927755166,1.662547711650927,2.0066465625611576,2.0612884567249097
/multi_agv/path_reference,1789710661.328341,1789710661.3278496,world,s_curve,1,3.4656537959287443,0.10031655008060665,0.0,-0.2618315303028607,-0.9344419064082187,-4.379505422755349,-0.31842969306078617,-0.37529805116689813,-0.0917668466808978,-0.7707450891745675,-1.065305761780934,-0.9672748682691544,1.6611160103287523,2.005214861238983,2.059856755402735
/multi_agv/path_reference,1789710661.3383274,1789710661.337859,world,s_curve,1,3.466657542636189,0.10030842705921772,-0.0008117660485946142,-0.2621588440490031,-0.9334930265484613,-4.380939346623127,-0.31852221992726004,-0.37581289700301035,-0.09214141521673885,-0.7697152201777375,-1.064194045087445,-0.9665698143802018,1.659682086460974,2.0037809373712046,2.0584228315349566
/multi_agv/path_reference,1789710661.3484406,1789710661.3478634,world,s_curve,1,3.46766130168157,0.10030842705921772,0.0,-0.2624848008588283,-0.9325436666570402,-4.382373288116528,-0.3186132710784695,-0.3763261545152792,-0.09251497698273628,-0.768685206909602,-1.063081577616527,-0.9658642154449919,1.658248144967573,2.002346995877804,2.0569888900415556
/multi_agv/path_reference,1789710661.3583136,1789710661.3578181,world,s_curve,1,3.4686599519184527,0.10030842705921772,0.0,-0.26280774728442496,-0.9315986757948966,-4.383799931312075,-0.31870239290730157,-0.376835216048885,-0.09288563289708829,-0.7676603075259247,-1.0619740429743225,-0.9651616768844429,1.656821501772026,2.0009203526822565,2.0555622468460086
/multi_agv/path_reference,1789710661.3683898,1789710661.367869,world,s_curve,1,3.4696678788792865,0.10030842705921772,0.0,-0.26313232651755236,-0.9306444405506485,-4.385239826970409,-0.31879086013413205,-0.3773474039357717,-0.09325871548275325,-0.7666257597985706,-1.0608554849760357,-0.9644520768773394,1.6553816061136923,1.999480457023923,2.054122351187675
/multi_agv/path_reference,1789710661.3784204,1789710661.3778574,world,s_curve,1,3.4706698909582596,0.10030044515773086,-0.0007989806601513045,-0.26345363861902704,-0.9296953427864847,-4.386671272797513,-0.3188773314364652,-0.3778549890143299,-0.09362859540628596,-0.765597157926084,-1.0597427611681316,-0.9637461092652385,1.653950160286588,1.9980490111968188,2.0526909053605706
/multi_agv/path_reference,1789710661.3887603,1789710661.3879683,world,s_curve,1,3.4716841033827808,0.10030044515773086,0.0,-0.2637774796796575,-0.9287342217597279,-4.388120147689687,-0.31896335666662173,-0.3783671323704857,-0.09400195000186498,-0.7645559071710477,-1.058615750454902,-0.9630310076532339,1.6525012853944143,1.996600136304645,2.051242030468397
/multi_agv/path_reference,1789710661.3983898,1789710661.397805,world,s_curve,1,3.4726707139271977,0.10030044515773086,0.0,-0.2640911696739998,-0.9277988080590671,-4.389529591324568,-0.3190455918428668,-0.3788637691801764,-0.09436414799895618,-0.7635428751857432,-1.0575187001442627,-0.9623348488471957,1.6510918417595328,1.9951906926697636,2.0498325868335154
/multi_agv/path_reference,1789710661.4083736,1789710661.4078312,world,s_curve,1,3.473676386571217,0.10030044515773086,0.0,-0.264409564029341,-0.9268448676387131,-4.3909662665303095,-0.319127947139299,-0.3793684103767091,-0.09473233457201494,-0.7625101526517942,-1.0563997349594056,-0.9616247153049398,1.6496551665537917,1.9937540174640225,2.0483959116277743
/multi_agv/path_reference,1789710661.4183538,1789710661.4178627,world,s_curve,1,3.4746822494279077,0.10029261885178693,-0.0007803456642530421,-0.2647266474451329,-0.9258902902354974,-4.392403213468439,-0.3192088338791259,-0.37987153851391053,-0.09509956994236227,-0.7614771175230544,-1.0552798340972767,-0.9609139190861611,1.648218219615662,1.9923170705258928,2.0469589646896447
/multi_agv/path_reference,1789710661.4286616,1789710661.4279346,world,s_curve,1,3.4756925821260354,0.10029261885178693,0.0,-0.2650437582964347,-0.9249310130645074,-4.393846545894336,-0.31928858520053227,-0.3803752814892128,-0.09546740819955896,-0.760439375726482,-1.0541542298563582,-0.960199433610682,1.6467748871897654,1.9908737380999961,2.045515632263748
/multi_agv/path_reference,1789710661.438733,1789710661.437995,world,s_curve,1,3.476701553050984,0.10029261885178693,0.0,-0.26535905942132376,-0.9239725730037389,-4.3952879329299765,-0.3193667339445655,-0.38087672341282497,-0.09583372090658074,-0.7594029187761396,-1.0530294182539877,-0.9594853819810897,1.6453335001541247,1.9894323510643555,2.0440742452281073
/multi_agv/path_reference,1789710661.4483979,1789710661.4478605,world,s_curve,1,3.4776907580057315,0.10029261885178693,0.0,-0.26566684306599336,-0.9230324690168287,-4.396701082865331,-0.3194419021439481,-0.3813667683253672,-0.09619185872866473,-0.7583866581950454,-1.0519259416792381,-0.9587848071762026,1.6439203502187705,1.9880192011290012,2.042661095292753
/multi_agv/path_reference,1789710661.4587688,1789710661.457934,world,s_curve,1,3.4787011874251914,0.10028468940938758,-0.0007869937799653818,-0.2659798577613945,-0.9220717457303103,-4.398144553464559,-0.31951719951162905,-0.3818657163577908,-0.0965566574147636,-0.7573484837473148,-1.0507980747286005,-0.9580686787150158,1.6424768796195424,1.986575730529773,2.041217624693525
/multi_agv/path_reference,1789710661.468483,1789710661.4678335,world,s_curve,1,3.479693980177464,0.10028468940938758,0.0,-0.26628605861372673,-0.9211273526342172,-4.399562828824948,-0.31958972365322397,-0.38235436997709576,-0.09691408221086045,-0.756328325654817,-1.0496891941629385,-0.9573645380848963,1.6410586042591535,1.9851574551693842,2.039799349333136
/multi_agv/path_reference,1789710661.478356,1789710661.4778473,world,s_curve,1,3.4806980366051965,0.10028468940938758,0.0,-0.26659437039959505,-0.9201718041120736,-4.40099719515028,-0.3196615985117503,-0.38284696707609955,-0.09727454561093524,-0.7552964897060277,-1.0485670289686466,-0.9566518936615462,1.639624237933821,1.9837230888440518,2.0383649830078037
/multi_agv/path_reference,1789710661.4885206,1789710661.4878342,world,s_curve,1,3.481699754093118,0.10028468940938758,0.0,-0.2669005979430183,-0.9192180418545386,-4.402428220133026,-0.3197318311053603,-0.3833368122983448,-0.09763315042534967,-0.7542669557637031,-1.0474467749318035,-0.9559403948681093,1.6381932129510752,1.982292063861306,2.036933958025058
/multi_agv/path_reference,1789710661.4985251,1789710661.4978323,world,s_curve,1,3.4827023280325267,0.10027618569808205,-0.0008505305199715836,-0.26720572036278667,-0.9182630263370035,-4.4038604686178955,-0.3198006484754805,-0.38382547063912753,-0.09799104197375191,-0.753236442003386,-1.0463248623596215,-0.9552277746480031,1.6367609644662058,1.9808598153764365,2.0355017095401884
/multi_agv/path_reference,1789710661.5087695,1789710661.5078108,world,s_curve,1,3.48370293565621,0.10027618569808205,0.0,-0.26750888031297054,-0.9173094491308261,-4.4052899080803,-0.31986785926048134,-0.3843115680246273,-0.09834721365380303,-0.7522078521561932,-1.0452044535029015,-0.9545160417333837,1.6353315250038016,1.9794303759140324,2.0340722700777842
/multi_agv/path_reference,1789710661.5186458,1789710661.5178087,world,s_curve,1,3.4847054500315644,0.10027618569808205,0.0,-0.267811250623119,-0.9163536211683643,-4.406722071473664,-0.31993372349155585,-0.3847969850291085,-0.09870304334869262,-0.751177206925655,-1.0440812139018503,-0.9538024426775874,1.6338993616104376,1.9779982125206683,2.03264010668442
/multi_agv/path_reference,1789710661.5286384,1789710661.5278096,world,s_curve,1,3.485708326805054,0.10027618569808205,0.0,-0.2681123602863314,-0.9153970153882564,-4.408154752578648,-0.3199981346154119,-0.3852809674774291,-0.09905797876615316,-0.750146095807542,-1.0429568738426238,-0.9530880765146034,1.6324666805054533,1.976565531415684,2.031207425579436
/multi_agv/path_reference,1789710661.5386217,1789710661.5378072,world,s_curve,1,3.4867107819769836,0.1002680273650977,-0.0008160164941385872,-0.2684119734314992,-0.9144403816233911,-4.409586831395691,-0.32006104229508675,-0.38576313618377117,-0.09941174181563966,-0.7491153270021258,-1.0418323146517026,-0.9523735032163452,1.6310346016884103,1.975133452598641,2.029775346762393
/multi_agv/path_reference,1789710661.548613,1789710661.5478086,world,s_curve,1,3.4877135824719994,0.1002680273650977,0.0,-0.2687103188029161,-0.9134829900123576,-4.411019403531427,-0.32012249468219833,-0.3862438592086401,-0.09976460251790992,-0.7480841140447206,-1.040706678371468,-0.9516581776208841,1.6296020295526739,1.9737008804629046,2.0283427746266565
/multi_agv/path_reference,1789710661.5585659,1789710661.5578053,world,s_curve,1,3.488715920931945,0.1002680273650977,0.0,-0.2690071558407598,-0.9125256133956736,-4.412451315617064,-0.3201824424444875,-0.38672274882743807,-0.10011627625035377,-0.7470532893018049,-1.0395808736873857,-0.9509426771978304,1.6281701174670373,1.972268968377268,2.02691086254102
/multi_agv/path_reference,1789710661.5686724,1789710661.5678325,world,s_curve,1,3.4897211181336187,0.1002680273650977,0.0,-0.269303462423712,-0.9115650803946763,-4.4138873116194555,-0.320241078749325,-0.38720138482381705,-0.10046792369799393,-0.7460194394280093,-1.0384511706242157,-0.9502246311318041,1.6267341214646458,1.9708329723748765,2.0254748665386284
/multi_agv/path_reference,1789710661.5786836,1789710661.5778048,world,s_curve,1,3.490721085557125,0.10026027648739631,-0.0007771304575461206,-0.26959685855319093,-0.91060912360397,-4.415315836510179,-0.3202979369168002,-0.3876759205336825,-0.1008167182090901,-0.7449908859223452,-1.0373266643069337,-0.9495098205826312,1.6253055965739223,1.969404447484153,2.024046341647905
/multi_agv/path_reference,1789710661.5888488,1789710661.5878727,world,s_curve,1,3.491730529180924,0.10026027648739631,0.0,-0.26989164972154867,-0.9096436835920577,-4.416757898829891,-0.3203538436303712,-0.388153323454135,-0.10116778208013974,-0.7439525040262511,-1.0361908152306978,-0.9487877315192244,1.6238635342542103,1.9679623851644408,2.022604279328193
/multi_agv/path_reference,1789710661.5990202,1789710661.5978382,world,s_curve,1,3.4927296854987935,0.10026027648739631,0.0,-0.2701820652810842,-0.90868766477559,-4.418185264998276,-0.32040770588092515,-0.3886242475751231,-0.10151424238720425,-0.7429246259933102,-1.0350658648475395,-0.9480725034859206,1.6224361680858252,1.9665350189960558,2.021176913159808
/multi_agv/path_reference,1789710661.6086648,1789710661.6078792,world,s_curve,1,3.4937361702413128,0.10026027648739631,0.0,-0.2704732311039849,-0.9077242158549327,-4.419623100344732,-0.3204604799121571,-0.38909700194658337,-0.10186221145321425,-0.7418891322429603,-1.0339319849940896,-0.9473515303277485,1.620998332739369,1.9650971836495996,2.0197390778133517
/multi_agv/path_reference,1789710661.6185658,1789710661.617837,world,s_curve,1,3.49473470596411,0.1002531915264613,-0.0007113315321218447,-0.2707607280155259,-0.9067679633028364,-4.421049579948728,-0.3205113656814063,-0.38956441091519345,-0.10220640744997792,-0.7408617426484008,-1.0328063897031816,-0.9466357575569269,1.619571853135373,1.9636707040456038,2.0183125982093557
/multi_agv/path_reference,1789710661.6285622,1789710661.6278646,world,s_curve,1,3.4957397153362435,0.1002531915264613,0.0,-0.27104871129166414,-0.905805098154299,-4.422485307623205,-0.3205611016111829,-0.39003322854017036,-0.10255180372363915,-0.7398276201494576,-1.0316728249755136,-0.9459148493379258,1.6181361254608961,1.9622349763711269,2.0168768705348787
/multi_agv/path_reference,1789710661.6388133,1789710661.6378062,world,s_curve,1,3.4967366907183677,0.1002531915264613,0.0,-0.2713330260850864,-0.9048495224953714,-4.423909558169097,-0.32060897275319494,-0.3904966897722124,-0.10289341572985183,-0.7388016948071968,-1.030547657949568,-0.9451992147293496,1.6167118749150045,1.9608107258252352,2.015452619988987
/multi_agv/path_reference,1789710661.6485317,1789710661.6478024,world,s_curve,1,3.4977388700431575,0.1002531915264613,0.0,-0.2716174531099143,-0.9038885518963674,-4.425341242918797,-0.32065562121564545,-0.39096095471303344,-0.10323578340106404,-0.7377703467867707,-1.0294159537857808,-0.9444793551165509,1.6152801901653047,1.9593790410755354,2.0140209352392873
/multi_agv/path_reference,1789710661.6586564,1789710661.657862,world,s_curve,1,3.4987470709830357,0.10024642380294757,-0.000672921490849057,-0.27190220080797045,-0.9029213974591102,-4.426781529975766,-0.3207010602326394,-0.39142637405616,-0.10357916813511198,-0.7367327356351114,-1.0282767803085784,-0.9437546764336405,1.6138399031083357,1.9579387540185664,2.0125806481823183
/multi_agv/path_reference,1789710661.6687315,1789710661.6678045,world,s_curve,1,3.499743996104918,0.10024642380294757,0.0,-0.27218239350055407,-0.9019646573775862,-4.428205708721311,-0.3207445211563211,-0.3918849739457571,-0.10391768539958396,-0.7357066658176465,-1.0271496893692733,-0.943037616945839,1.6124157243627901,1.9565145752730209,2.0111564694367727
/multi_agv/path_reference,1789710661.678621,1789710661.6778352,world,s_curve,1,3.5007495677815927,0.10024642380294757,0.0,-0.2724636360600198,-0.9009992161086036,-4.42964223968799,-0.32078687893768737,-0.39234592510802146,-0.10425810413435052,-0.734671635119202,-1.02601216252861,-0.9423138506779989,1.6109791933961115,1.9550780443063422,2.009719938470094
/multi_agv/path_reference,1789710661.6883821,1789710661.6878421,world,s_curve,1,3.5017527178054073,0.10024642380294757,0.0,-0.27274281908245623,-0.9000356982640889,-4.431075311150582,-0.32082765311138806,-0.3928041374543694,-0.10459666668161124,-0.7336390374309758,-1.024876716486459,-0.9415913408748321,1.6095461219335196,1.9536449728437504,2.0082868670075023
/multi_agv/path_reference,1789710661.6985028,1789710661.6978765,world,s_curve,1,3.502758457371493,0.10023930767991009,-0.0007092444910151892,-0.27302133651874194,-0.8990692925843579,-4.432512081959276,-0.3208670471339764,-0.39326189883776264,-0.10493506358448673,-0.7326037166362862,-1.0237376814133057,-0.9408664797034819,1.6081093511248254,1.9522082020350562,2.006850096198808
/multi_agv/path_reference,1789710661.708324,1789710661.7078297,world,s_curve,1,3.503756256982018,0.10023930767991009,0.0,-0.27329628235917164,-0.8981101217556099,-4.433937509974311,-0.3209046597517387,-0.39371442827696645,-0.10526975904880972,-0.7315765143304211,-1.0226069897231242,-0.9401468612132845,1.6066839231097902,1.950782774020021,2.005424668183773
/multi_agv/path_reference,1789710661.7184691,1789710661.7178507,world,s_curve,1,3.50476076931826,0.10023930767991009,0.0,-0.27357169670399323,-0.897144103226417,-4.435372527597514,-0.320941046497694,-0.39416837377298597,-0.10560566984129968,-0.7305423484333716,-1.0214680409050358,-0.9394219203408437,1.605248905486587,1.9493477563968178,2.0039896505605697
/multi_agv/path_reference,1789710661.7284052,1789710661.7278514,world,s_curve,1,3.5057632247439083,0.10023930767991009,0.0,-0.2738451646264884,-0.8961796697121428,-4.436804606777012,-0.3209758790237076,-0.3946197596944145,-0.10593985516134302,-0.7295102491203386,-1.020330775974546,-0.9386979840415441,1.603816826307089,1.9479156772173198,2.0025575713810717
/multi_agv/path_reference,1789710661.7383947,1789710661.7378356,world,s_curve,1,3.506763955834246,0.10023216746027841,-0.0007151568455658943,-0.2741167843841588,-0.8952165055252173,-4.438234222620351,-0.3210091774553605,-0.39506874436048134,-0.10627243133663453,-0.7284798764599278,-1.019194823701768,-0.9379748164139559,1.6023872104637502,1.946486061373981,2.001127955537733
/multi_agv/path_reference,1789710661.7485666,1789710661.747944,world,s_curve,1,3.5077771528994823,0.10023216746027841,0.0,-0.27439038411429884,-0.8942409486075331,-4.439681646999261,-0.32104138948735467,-0.3955216665687339,-0.10660809628680792,-0.7274366210327273,-1.0180440681600869,-0.9372421566297854,1.6009397860848407,1.9450386369950714,1.9996805311588233
/multi_agv/path_reference,1789710661.758467,1789710661.7578392,world,s_curve,1,3.50876892974914,0.10023216746027841,0.0,-0.2746568325682902,-0.8932856338037886,-4.4410984710702,-0.3210714588105863,-0.39596340062501023,-0.1069356382692741,-0.7264153774044292,-1.0169170074364566,-0.9365245165704801,1.5995229620139013,1.943621812924132,1.998263707087884
/multi_agv/path_reference,1789710661.7686365,1789710661.7678328,world,s_curve,1,3.50977041428468,0.10023216746027841,0.0,-0.2749245149849163,-0.8923205860195558,-4.442529163263829,-0.32110035383289787,-0.39640783727245654,-0.1072653538493945,-0.725384095381094,-1.0157782808221951,-0.9357993818553783,1.5980922698202726,1.9421911207305034,1.9968330148942552
/multi_agv/path_reference,1789710661.7784832,1789710661.7778563,world,s_curve,1,3.510775086084153,0.10022540619991434,-0.0006744989426079011,-0.27519166164790715,-0.8913520830977061,-4.443964408691647,-0.3211278581837451,-0.3968520508430936,-0.1075950759168827,-0.7243494907590814,-1.0146352924202888,-0.935071466113748,1.5966570243924543,1.940755875302685,1.9953977694664369
/multi_agv/path_reference,1789710661.7884436,1789710661.7878635,world,s_curve,1,3.5117780623704293,0.10022540619991434,0.0,-0.27545697074891123,-0.8903848332142499,-4.445397231957756,-0.32115383501372463,-0.3972938780509905,-0.10792319918201856,-0.7233165938736642,-1.0134935982111606,-0.9343443075579251,1.5952242011263453,1.939323052036576,1.993964946200328
/multi_agv/path_reference,1789710661.7983427,1789710661.7978084,world,s_curve,1,3.5127749515668856,0.10022540619991434,0.0,-0.27571929628480285,-0.8894230779373415,-4.446821359381265,-0.321178187829012,-0.3977314025448596,-0.10824829848053694,-0.7222899298799564,-1.012358206871201,-0.9336210970608675,1.5938000737028362,1.937898924613067,1.9925408187768188
/multi_agv/path_reference,1789710661.8083305,1789710661.807828,world,s_curve,1,3.513778986233451,0.10022540619991434,0.0,-0.2759821172119361,-0.8884540523461454,-4.448255694619216,-0.321201237112975,-0.3981704280901398,-0.1085746864326935,-0.7212558729440495,-1.0112140486182675,-0.9328922354761192,1.5923657384648853,1.936464589375116,1.9911064835388679
/multi_agv/path_reference,1789710661.8183827,1789710661.8178625,world,s_curve,1,3.5147846566683913,0.10021859346637448,-0.0006789128419261738,-0.2762439727462729,-0.8874830711280927,-4.44969236666913,-0.3212228371120765,-0.3986085233193587,-0.10890055780738336,-0.7202200992533749,-1.010067396239612,-0.932161717891291,1.590929066414971,1.9350279173252016,1.9896698114889535
/multi_agv/path_reference,1789710661.8284073,1789710661.8278778,world,s_curve,1,3.515788325938457,0.10021859346637448,0.0,-0.27650391619941095,-0.8865136479857413,-4.451126179912081,-0.32124291054903187,-0.399044103961248,-0.109224734087953,-0.7191863567730268,-1.0089223992386387,-0.9314321879455584,1.5894952531720201,1.9335941040822509,1.9882359982460027
/multi_agv/path_reference,1789710661.8384292,1789710661.83784,world,s_curve,1,3.5167867155928,0.10021859346637448,0.0,-0.27676111305221734,-0.8855489555433249,-4.452552450846857,-0.3212614079255859,-0.3994757641603434,-0.10954616707072279,-0.7181580246175927,-1.0077828068424266,-0.9307060351699554,1.5880689822372447,1.9321678331474754,1.9868097273112273
/multi_agv/path_reference,1789710661.848405,1789710661.847835,world,s_curve,1,3.5177884388182177,0.10021859346637448,0.0,-0.27701778555819795,-0.8845806743494731,-4.4539834840260255,-0.3212784929721884,-0.3999072316525052,-0.10986763204990027,-0.7171262334432579,-1.0066387918125668,-0.9299769977925947,1.5866379490580758,1.9307367999683065,1.9853786941320581
/multi_agv/path_reference,1789710661.8583837,1789710661.857845,world,s_curve,1,3.51879157889746,0.10021172181975053,-0.0006864639886008815,-0.27727343225631385,-0.8836106565101398,-4.455416541282085,-0.32129412250277894,-0.4003376683755187,-0.11018850589064383,-0.7160929594443528,-1.005492541088598,-0.9292464689974687,1.5852048918020158,1.9293037427122464,1.9839456368759982
/multi_agv/path_reference,1789710661.8684115,1789710661.8678353,world,s_curve,1,3.5197928736780564,0.10021172181975053,0.0,-0.27752722218774517,-0.8826420586917051,-4.456846962397223,-0.3213082466294231,-0.4007656747676237,-0.11050774516618869,-0.7150615649018932,-1.0043477849568117,-0.9285168262164106,1.5837744706868784,1.9278733215971091,1.982515215760861
/multi_agv/path_reference,1789710661.878304,1789710661.8778036,world,s_curve,1,3.5207918237047857,0.10021172181975053,0.0,-0.27777903692516026,-0.881675368296053,-4.4582740338639795,-0.321320867526196,-0.4011910467258161,-0.11082519652346862,-0.7140325665182531,-1.0032051006127285,-0.9277884377571773,1.5823473992201218,1.9264462501303525,1.9810881442941044
/multi_agv/path_reference,1789710661.8883922,1789710661.8878615,world,s_curve,1,3.5217996798478683,0.10021172181975053,0.0,-0.2780316984222625,-0.8806996962230605,-4.459713828354097,-0.32133211279310714,-0.40161855808440794,-0.11114442438927244,-0.7129943769415508,-1.0020516147033598,-0.9270530970242712,1.5809076047300041,1.9250064556402349,1.9796483498039867
/multi_agv/path_reference,1789710661.898429,1789710661.8978734,world,s_curve,1,3.52280283810948,0.10020512955454786,-0.0006584990763382662,-0.2782817869989535,-0.8797282117785238,-4.461146911584971,-0.32134182130765215,-0.40204242709413374,-0.11146111259507466,-0.7119610116310168,-1.0009028954514398,-0.9263207282531148,1.57947452149913,1.9235733724093607,1.9782152665731125
/multi_agv/path_reference,1789710661.9084175,1789710661.9078338,world,s_curve,1,3.523800867872561,0.10020512955454786,0.0,-0.2785292151686877,-0.8787613392240009,-4.462572668389373,-0.32135001056542534,-0.4024624950458951,-0.11177513989474269,-0.7109329164774627,-0.9997594472211006,-0.9255916539734396,1.5780487646947283,1.922147615604959,1.976789509768711
/multi_agv/path_reference,1789710661.9184659,1789710661.9178343,world,s_curve,1,3.5248031556522124,0.10020512955454786,0.0,-0.2787763114080072,-0.8777899875540449,-4.464004508074589,-0.3213567595960214,-0.4028827140770749,-0.11208946055092531,-0.7099004243521954,-0.998610518990317,-0.9248590193196223,1.5766169250095126,1.9207157759197433,1.9753576700834952
/multi_agv/path_reference,1789710661.9283671,1789710661.9278207,world,s_curve,1,3.5258036690996346,0.10020512955454786,0.0,-0.27902158281763273,-0.8768200035746144,-4.4654338129994775,-0.32136202221377086,-0.4033005480392684,-0.11240217819985895,-0.7088697514410081,-0.9974630257658688,-0.9241272335169666,1.5751876200846238,1.9192864709948545,1.9739283651586064
/multi_agv/path_reference,1789710661.938256,1789710661.9378002,world,s_curve,1,3.5268038219687314,0.10019860024883148,-0.000654127297528228,-0.27926537992505335,-0.8758500197817025,-4.466862602812474,-0.3213658105757658,-0.4037165917551323,-0.11271373744426194,-0.7078394435103721,-0.9963153503711497,-0.9233952654635857,1.5737588302716277,1.9178576811818582,1.97249957534561
/multi_agv/path_reference,1789710661.9483464,1789710661.9478538,world,s_curve,1,3.527810950564179,0.10019860024883148,0.0,-0.2795094768943638,-0.8748729197360122,-4.468301357948827,-0.32136813797461805,-0.404133879969786,-0.1130264127386873,-0.7068019451670272,-0.9951590708844079,-0.9226577431566015,1.572320075135274,1.9164189260455047,1.9710608202092565
/multi_agv/path_reference,1789710661.9583845,1789710661.9578474,world,s_curve,1,3.5288123712461648,0.10019860024883148,0.0,-0.2797507962063487,-0.8739010101732553,-4.469731958923092,-0.32136897203429327,-0.4045471531787738,-0.11333626340597897,-0.7057703245719817,-0.9940087505000595,-0.9219239554477247,1.5708894741610089,1.9149883250712396,1.9696302192349915
/multi_agv/path_reference,1789710661.9684215,1789710661.9678538,world,s_curve,1,3.529814924973922,0.10019860024883148,0.0,-0.27999099557407164,-0.8729276561439256,-4.471164178534174,-0.32136832873450005,-0.4049592451543961,-0.11364541283331878,-0.7047375366346902,-0.9928565375563266,-0.9211888942407601,1.5694572545499272,1.913556105460158,1.9681979996239098
/multi_agv/path_reference,1789710661.978396,1789710661.9778583,world,s_curve,1,3.5308171052958697,0.10019263336220395,-0.0005965374405119722,-0.28022971195298574,-0.8719543218158143,-4.472595864708385,-0.3213662073208586,-0.4053695339207907,-0.11395339461730786,-0.703705135342747,-0.9917041650635867,-0.9204536650411093,1.5680255683757163,1.912124419285947,1.9667663134496989
/multi_agv/path_reference,1789710661.9885416,1789710661.9879367,world,s_curve,1,3.531827272974549,0.10019263336220395,0.0,-0.28046892080396923,-0.8709728852737858,-4.474038961392213,-0.3213625735791138,-0.40578142300990216,-0.11426276582289172,-0.7026645100730671,-0.9905420150309604,-0.91971213071733,1.5665824716918881,1.9106813226021189,1.9653232167658707
/multi_agv/path_reference,1789710661.9983268,1789710661.9978356,world,s_curve,1,3.5328190499947967,0.10019263336220395,0.0,-0.280702395817814,-0.8700089812796284,-4.475455785706853,-0.32135754422962703,-0.4061841806418068,-0.11456546258200812,-0.7016428359070701,-0.9894004452851644,-0.918983662646651,1.5651656473772486,1.9092644982874794,1.9639063924512312
/multi_agv/path_reference,1789710662.0085223,1789710662.0078287,world,s_curve,1,3.53382031435569,0.10019263336220395,0.0,-0.2809367190994938,-0.8690355221138946,-4.476886163365271,-0.321350998830845,-0.4065891503813677,-0.11487000808626863,-0.7006113967820524,-0.9882473777028165,-0.918247791856815,1.5637352697188303,1.907834120629061,1.9624760147928129
/multi_agv/path_reference,1789710662.0185733,1789710662.0179331,world,s_curve,1,3.5348326294665555,0.10018671394022653,-0.0005858328399702055,-0.2811722131936473,-0.8680509794608324,-4.4783323278093645,-0.32134288176728054,-0.40699691296809903,-0.11517684484556234,-0.699568584575351,-0.9870809963753449,-0.9175033574318017,1.5622891052747367,1.9063879561849675,1.9610298503487193
/multi_agv/path_reference,1789710662.0284019,1789710662.0278046,world,s_curve,1,3.535821639244211,0.10018671394022653,0.0,-0.28140090963798553,-0.8670887746421109,-4.479745198920301,-0.3213334942879475,-0.40739365784280596,-0.11547557678320314,-0.6985497919610302,-0.9859408987282908,-0.9167756332370117,1.5608762341638003,1.904975085074031,1.9596169792377829
/multi_agv/path_reference,1789710662.0383465,1789710662.0378041,world,s_curve,1,3.5368234551882023,0.10018671394022653,0.0,-0.28163118164259926,-0.866113782428324,-4.481176364554575,-0.3213225182792009,-0.4077938978335449,-0.11577712881505195,-0.6975178222276124,-0.984785468366137,-0.916038056691223,1.5594450685295267,1.9035439194397574,1.9581858136035093
/multi_agv/path_reference,1789710662.0484812,1789710662.0478463,world,s_curve,1,3.537829539687328,0.10018671394022653,0.0,-0.2818610304868539,-0.8651343053467756,-4.482613628124755,-0.32131000937948895,-0.4081941788012722,-0.11607890327980053,-0.6964814723900523,-0.9836245396995154,-0.9152969039507592,1.5580078049593467,1.9021066558695774,1.9567485500333293
/multi_agv/path_reference,1789710662.0583727,1789710662.0578344,world,s_curve,1,3.538830147663205,0.10018003186160933,-0.0006690041104126065,-0.2820882313400534,-0.8641598332214038,-4.484043068090293,-0.32129609091204314,-0.40859062520514944,-0.11637797790296753,-0.6954507826408759,-0.9824693609290237,-0.9145593560943118,1.556578364993808,1.9006772159040388,1.9553191100677907
/multi_agv/path_reference,1789710662.0686498,1789710662.067931,world,s_curve,1,3.5398416140525555,0.10018003186160933,0.0,-0.2823164811758783,-0.8631744571052523,-4.4854880200750795,-0.3212805234244418,-0.4089896945070861,-0.11667922559610702,-0.6944089291925528,-0.9813010714829882,-0.9138133706402161,1.5551334130090217,1.8992322639192525,1.9538741580830044
/multi_agv/path_reference,1789710662.0784092,1789710662.0778735,world,s_curve,1,3.5408376138471467,0.10018003186160933,0.0,-0.28253984996011244,-0.8622038275115375,-4.486910876924495,-0.3212637236605984,-0.40938101227066565,-0.11697481394907322,-0.693383030197851,-0.9801500845259418,-0.9130783678108197,1.5537105561596065,1.8978094070698373,1.952451301233589
/multi_agv/path_reference,1789710662.0882964,1789710662.0878007,world,s_curve,1,3.541832199500408,0.10018003186160933,0.0,-0.28276152334158,-0.8612342598933075,-4.488331713572012,-0.32124549125966395,-0.4097701399281765,-0.11726893883689954,-0.6923586127049699,-0.9790001773429624,-0.9123439896319903,1.5522897195120895,1.8963885704223202,1.951030464586072
/multi_agv/path_reference,1789710662.0984604,1789710662.0978353,world,s_curve,1,3.542837177499438,0.10017376781620625,-0.0006243848426570585,-0.2829841129580939,-0.8602542423084042,-4.4897673964277685,-0.3212255894267575,-0.41016167310116114,-0.11756507634636304,-0.6913235184080532,-0.9778376943586673,-0.9116015141584923,1.5508540366563328,1.8949528875665635,1.9495947817303154
/multi_agv/path_reference,1789710662.1084065,1789710662.1078517,world,s_curve,1,3.5438405716510246,0.10017376781620625,0.0,-0.2832049479766644,-0.8592754514502277,-4.491200816644321,-0.3212042365261657,-0.4105509239038822,-0.1178596834999453,-0.6902900850135693,-0.9766764838781602,-0.9108597854589536,1.5494206164397801,1.8935194673500109,1.9481613615137625
/multi_agv/path_reference,1789710662.1185608,1789710662.1178436,world,s_curve,1,3.5448416641099483,0.10017376781620625,0.0,-0.28342387810500863,-0.8582985914103444,-4.492630948728498,-0.3211814564830498,-0.4109376227292586,-0.11815255510271752,-0.6892590538014581,-0.9755173822755532,-0.9101193381540218,1.5479904843556036,1.8920893352658343,1.9467312294295862
/multi_agv/path_reference,1789710662.1284697,1789710662.1278365,world,s_curve,1,3.5458426505850253,0.10017376781620625,0.0,-0.28364138802201555,-0.8573215227400305,-4.494060929407179,-0.32115720460553765,-0.411322622822372,-0.11844433663813705,-0.6882281653717662,-0.9743578516292103,-0.9093785512191149,1.5465605036769223,1.8906593545871528,1.9453012487509047
/multi_agv/path_reference,1789710662.138326,1789710662.1378002,world,s_curve,1,3.5468407735626264,0.10016762236692008,-0.0006167326643980967,-0.28385688440194995,-0.8563469404613909,-4.495486819375181,-0.3211315544073834,-0.4117048702747036,-0.11873422852376278,-0.6872002615818278,-0.9732010910435598,-0.9086394687587853,1.5451346137089206,1.8892334646191513,1.9438753587829032
/multi_agv/path_reference,1789710662.1484725,1789710662.147876,world,s_curve,1,3.5478497932750264,0.10016762236692008,0.0,-0.28407332033107074,-0.8553614070576546,-4.49692827610718,-0.32110413407737026,-0.4120896135264221,-0.11902621338941993,-0.6861611740989295,-0.9720311489641226,-0.9078918981099119,1.543693156976921,1.8877920078871517,1.9424339020509036
/multi_agv/path_reference,1789710662.158375,1789710662.157807,world,s_curve,1,3.548844778401689,0.10016762236692008,0.0,-0.2842853549418867,-0.8543892771502842,-4.498349683430985,-0.32107562891035524,-0.4124673539850485,-0.11931308193025639,-0.6851365792653612,-0.9708769379616289,-0.9071543142238627,1.5422717496531164,1.8863706005633472,1.9410124947270988
/multi_agv/path_reference,1789710662.1684594,1789710662.1678412,world,s_curve,1,3.549849651274691,0.10016762236692008,0.0,-0.28449809369893486,-0.8534071816681343,-4.499785216106702,-0.32104536206473905,-0.41284718245231034,-0.11960173657975517,-0.6841018445549828,-0.9697107130684239,-0.9064089873809964,1.5408362169773997,1.8849350678876304,1.9395769620513823
/multi_agv/path_reference,1789710662.1783388,1789710662.1778226,world,s_curve,1,3.5508494434683104,0.10016218562643416,-0.0005446689954459944,-0.2847083576140125,-0.8524297496532955,-4.501213490669015,-0.321013774278143,-0.41322342877230733,-0.11988786979158705,-0.6830723857128873,-0.9685498447496156,-0.9056670184973837,1.5394079424150866,1.8835067933253173,1.938148687489069
/multi_agv/path_reference,1789710662.1884909,1789710662.1878784,world,s_curve,1,3.5518567491279605,0.10016218562643416,0.0,-0.28491878948620164,-0.8514446694835137,-4.502652498754229,-0.32098046202883,-0.41360082528162595,-0.12017508114814895,-0.6820352371208845,-0.9673797101897004,-0.9049190611399565,1.537968934329872,1.8820677852401027,1.9367096794038545
/multi_agv/path_reference,1789710662.1985264,1789710662.1978714,world,s_curve,1,3.5528577831323576,0.10016218562643416,0.0,-0.2851265067636167,-0.8504654236326201,-4.504082547331939,-0.32094587879726144,-0.41397420366273663,-0.12045943783085208,-0.6810045945684516,-0.9662163242934466,-0.9041753520359622,1.536538885752162,1.8806377366623928,1.9352796308261446
/multi_agv/path_reference,1789710662.2085028,1789710662.2079358,world,s_curve,1,3.553865725122373,0.10016218562643416,0.0,-0.2853342423177123,-0.84947912103414,-4.505522464460532,-0.3209095677520378,-0.41434847728985524,-0.12074468191124388,-0.679966890737203,-0.9650443717566332,-0.9034261006085841,1.535098968623569,1.8791978195337997,1.9338397136975516
/multi_agv/path_reference,1789710662.2184832,1789710662.217879,world,s_curve,1,3.554861574193389,0.10015741691241538,-0.0004796129172741182,-0.28553809065655217,-0.8485043589830559,-4.506945105990556,-0.3208722250329531,-0.41471660294183404,-0.12102544399486931,-0.6789416893064126,-0.9638859518120738,-0.9026854358306814,1.5336763270935454,1.8777751780037761,1.932417072167528
/multi_agv/path_reference,1789710662.2283812,1789710662.2278616,world,s_curve,1,3.555861450794454,0.10015741691241538,0.0,-0.2857413680398297,-0.847525363911915,-4.508373501134934,-0.3208332639582229,-0.4150845589937586,-0.12130628116750755,-0.6779123961268643,-0.9627223211367284,-0.9019413744721525,1.532247931949167,1.8763467828593978,1.9309886770231497
/multi_agv/path_reference,1789710662.2383227,1789710662.2378535,world,s_curve,1,3.5568622120859823,0.10015741691241538,0.0,-0.28594342482307317,-0.8465452128802553,-4.509803160122832,-0.3207927962576208,-0.4154511759023171,-0.12158630230928152,-0.6768822490059409,-0.9615571357856506,-0.9011962538491746,1.5308182729612692,1.8749171238715,1.9295590180352518
/multi_agv/path_reference,1789710662.248385,1789710662.2478545,world,s_curve,1,3.5578640092055167,0.10015741691241538,0.0,-0.28614428707839296,-0.8455637590360715,-4.511234298865023,-0.3207508116666059,-0.4158165034939816,-0.1218655460745913,-0.6758510946414383,-0.9603902206634715,-0.9004499618033049,1.529387134219078,1.8734859851293086,1.9281278792930605
/multi_agv/path_reference,1789710662.2583594,1789710662.257817,world,s_curve,1,3.5588616633305223,0.10015314538760334,-0.0004288125862505285,-0.28634292256745897,-0.8445860793729779,-4.512659519043603,-0.3207075341764122,-0.41617866021930217,-0.12214257330666253,-0.6748242654425012,-0.9592276129827555,-0.8997063596936772,1.5279619140404983,1.872060764950729,1.926702659114481
/multi_agv/path_reference,1789710662.2683544,1789710662.2678678,world,s_curve,1,3.5598682285816388,0.10015314538760334,0.0,-0.2865419199466253,-0.8435993811061727,-4.514097469402341,-0.3206623870505926,-0.4165423721453049,-0.12242100064397846,-0.67378832809546,-0.9580540989125561,-0.8989557163105022,1.5265239636817607,1.8706228145919914,1.925264708755743
/multi_agv/path_reference,1789710662.2783322,1789710662.2778304,world,s_curve,1,3.560866200793034,0.10015314538760334,0.0,-0.2867378175656883,-0.8426208247790448,-4.515523143990048,-0.32061615477293975,-0.4169013127756516,-0.12269598514847341,-0.6727612996764714,-0.9568900879897868,-0.8982110866708761,1.525098289094053,1.8691971400042837,1.9238390341680356
/multi_agv/path_reference,1789710662.28829,1789710662.2878008,world,s_curve,1,3.5618647569974202,0.10015314538760334,0.0,-0.2869324332982317,-0.841641417286041,-4.516949652853457,-0.3205684299995944,-0.41725880213307814,-0.12297006776202252,-0.6717337372774378,-0.9557248849153324,-0.8974656296653529,1.5236717802306443,1.867770631140875,1.922412525304627
/multi_agv/path_reference,1789710662.298302,1789710662.297849,world,s_curve,1,3.5628709888381302,0.10014916804373282,-0.00039586073858994235,-0.28712713155085035,-0.8406542015396943,-4.518387126911614,-0.3205188557024751,-0.4176173577056732,-0.12324518124440267,-0.6706983462178437,-0.954550210592089,-0.8967140478091501,1.522234306172487,1.8663331570827177,1.9209750512464696
/multi_agv/path_reference,1789710662.3083453,1789710662.3078012,world,s_curve,1,3.5638677861264645,0.10014916804373282,0.0,-0.2873186048234411,-0.8396759670848833,-4.519811123037806,-0.3204682787219775,-0.4179708860973981,-0.12351664965094775,-0.6696727344084995,-0.9533860431463776,-0.8959691236997729,1.5208103100462949,1.8649091609565256,1.9195510551202775
/multi_agv/path_reference,1789710662.318382,1789710662.3178012,world,s_curve,1,3.5648692783076474,0.10014916804373282,0.0,-0.2875095769175753,-0.8386928515913249,-4.521241826153782,-0.32041599281715505,-0.41832440977937124,-0.12378832815619956,-0.6686423655801291,-0.952215886713455,-0.8952203024803905,1.5193796069303196,1.8634784578405503,1.9181203520043022
/multi_agv/path_reference,1789710662.3283606,1789710662.3278036,world,s_curve,1,3.5658710041368398,0.10014916804373282,0.0,-0.2876991863394324,-0.8377092344252732,-4.5226728630526285,-0.3203622201079515,-0.4186763408522683,-0.12405899805807746,-0.6676118322551149,-0.9510449525185589,-0.894470918502146,1.5179485700314728,1.8620474209417035,1.9166893151054554
/multi_agv/path_reference,1789710662.3384135,1789710662.3378165,world,s_curve,1,3.5668736429015624,0.10014475428704335,-0.0004408512763537522,-0.28788755887370276,-0.8367244501312968,-4.524105204145089,-0.32030692172092984,-0.41902691438089124,-0.12432884051928714,-0.6665804378576354,-0.9498724480683316,-0.8937204644679235,1.5165162289390124,1.8606150798492431,1.915256974012995
/multi_agv/path_reference,1789710662.3484116,1789710662.3478491,world,s_curve,1,3.5678783425451837,0.10014475428704335,0.0,-0.28807490356541254,-0.8357373720371356,-4.525540489350262,-0.3202500279202749,-0.41937652358790356,-0.1245981591880592,-0.6655470039996079,-0.9486970311171338,-0.8929680809946653,1.5150809437338393,1.85917979464407,1.9138216888078219
/multi_agv/path_reference,1789710662.3583257,1789710662.3578014,world,s_curve,1,3.5688751288504657,0.10014475428704335,0.0,-0.28825937227165144,-0.834757803732269,-4.526964469786379,-0.32019211633284445,-0.4197217114629257,-0.12486428901918423,-0.6645217915118157,-0.9475303774120355,-0.892221242272956,1.5136569632977221,1.8577558142079529,1.9123977083717045
/multi_agv/path_reference,1789710662.3686733,1789710662.3679326,world,s_curve,1,3.569889702065846,0.10014475428704335,0.0,-0.2884457005636024,-0.8337604871354725,-4.528413860094066,-0.3201316727439854,-0.42007135308934845,-0.12513407585747333,-0.6634783707315941,-0.9463424021892304,-0.8914606884855931,1.5122075729900355,1.8563064239002662,1.910948318064018
/multi_agv/path_reference,1789710662.3783958,1789710662.3778353,world,s_curve,1,3.5708813701232143,0.10014078502604822,-0.0004008245592592844,-0.28862642445120873,-0.8327854259856988,-4.529830528747449,-0.3200711315796644,-0.42041143611056636,-0.1253967056633954,-0.6624585919471198,-0.9451807581927926,-0.8907169278171841,1.5107909043366523,1.854889755246883,1.9095316494106347
/multi_agv/path_reference,1789710662.3882918,1789710662.3878262,world,s_curve,1,3.5718817080693275,0.10014078502604822,0.0,-0.2888073289733259,-0.8318015817971145,-4.531259582956182,-0.32000859779746466,-0.4207528250351624,-0.1256605640873506,-0.66142998550312,-0.9440084713761233,-0.8899662885121001,1.509361850127919,1.8534607010381496,1.9081025952019015
/multi_agv/path_reference,1789710662.3982906,1789710662.3978217,world,s_curve,1,3.5728826516669088,0.10014078502604822,0.0,-0.28898693561530947,-0.83081688419558,-4.532689502381298,-0.3199445549693022,-0.4210927435410632,-0.125923508335563,-0.6604008467931886,-0.9428349876980222,-0.8892148180955293,1.5079319307028034,1.8520307816130341,1.906672675776786
/multi_agv/path_reference,1789710662.4087307,1789710662.4078364,world,s_curve,1,3.5738856790940856,0.10014078502604822,0.0,-0.28916550362865023,-0.8298298799859394,-4.534122398705836,-0.3198789027716068,-0.4214316862090053,-0.12618592190533862,-0.6593696584881207,-0.9416585746292203,-0.8884614068404773,1.506499034378265,1.8505978852884957,1.9052397794522475
/multi_agv/path_reference,1789710662.4185562,1789710662.4178233,world,s_curve,1,3.5748857554886992,0.1001376481700021,-0.00031409339206189433,-0.28934213795011743,-0.8288455259138005,-4.53555107926957,-0.3198119726255908,-0.4217679529725346,-0.12644648825222687,-0.6583415987600563,-0.9404851403687445,-0.8877098386126007,1.505070353814531,1.8491692047247617,1.9038110988885135
/multi_agv/path_reference,1789710662.4285786,1789710662.4278393,world,s_curve,1,3.575888748993142,0.1001376481700021,0.0,-0.28951787494473297,-0.827858048164845,-4.53698392713306,-0.31974337223797566,-0.4221035165568823,-0.12670673603934088,-0.6573106374152937,-0.9393078020375867,-0.8869557050416548,1.503637505951041,1.8477363568612717,1.9023782510250236
/multi_agv/path_reference,1789710662.4387038,1789710662.437897,world,s_curve,1,3.576895937163529,0.1001376481700021,0.0,-0.2896929231478546,-0.826866188315392,-4.53842276737647,-0.31967299876043953,-0.4224387858522294,-0.12696698483089489,-0.6562754644577811,-0.9381250573320744,-0.8861980431563207,1.5021986657076316,1.8462975166178623,1.9009394107816142
/multi_agv/path_reference,1789710662.4483669,1789710662.447809,world,s_curve,1,3.577888479902458,0.1001376481700021,0.0,-0.2898640289666068,-0.8258885054827461,-4.53984068557494,-0.31960219083104835,-0.42276751415101405,-0.12722238191775798,-0.6552554438301922,-0.936959039945483,-0.8854510326725631,1.5007807475091615,1.8448795984193922,1.899521492583144
/multi_agv/path_reference,1789710662.458352,1789710662.4578054,world,s_curve,1,3.5788894616575435,0.10013450430671993,-0.00031450042897352874,-0.2900351858241494,-0.8249022653335654,-4.541270659510777,-0.31952931653632227,-0.42309736304155676,-0.1274788778945691,-0.6542268533565226,-0.9357826377813673,-0.8846973048628063,1.4993507735733247,1.8434496244835554,1.8980915186473073
/multi_agv/path_reference,1789710662.4688401,1789710662.467994,world,s_curve,1,3.5799096868611286,0.10013450430671993,0.0,-0.29020818157164835,-0.8238968143146354,-4.5427281240873265,-0.3194535276790889,-0.42343182162140725,-0.12773919541444886,-0.6531785969766606,-0.9345831356551346,-0.883928710312111,1.4978933089967748,1.8419921599070053,1.8966340540707574
/multi_agv/path_reference,1789710662.4788227,1789710662.477878,world,s_curve,1,3.5808991906986583,0.10013450430671993,0.0,-0.29037456852602306,-0.8229214000118745,-4.544141700998083,-0.31937856216454197,-0.42375453904816246,-0.12799060436536475,-0.6521620127061784,-0.9334192889668823,-0.883182898362563,1.496479732086018,1.8405785829962487,1.8952204771600005
/multi_agv/path_reference,1789710662.4886706,1789710662.4878492,world,s_curve,1,3.5818978224971967,0.10013450430671993,0.0,-0.2905410917546092,-0.821936750168441,-4.545568317853138,-0.31930144774069646,-0.4240785646442954,-0.1282432628788357,-0.6511361590583588,-0.9322442446293177,-0.8824298468176469,1.4950531152309634,1.8391519661411941,1.8937938603049458
/multi_agv/path_reference,1789710662.4985776,1789710662.4978385,world,s_curve,1,3.5828981168180043,0.10013149611473586,-0.0003011261362773397,-0.2907064837632471,-0.8209502239187181,-4.546997309740006,-0.3192227378088579,-0.42440144877100605,-0.12849526470987738,-0.6501087088961506,-0.9310667818542716,-0.8816751810057323,1.493624123344095,1.8377229742543257,1.8923648684180776
/multi_agv/path_reference,1789710662.5085685,1789710662.5078702,world,s_curve,1,3.5839023914659136,0.10013149611473586,0.0,-0.2908711153200677,-0.819959535347333,-4.548431987808448,-0.31914223752746435,-0.4247239244920462,-0.1287471839406925,-0.649077284516141,-0.929884170788029,-0.8809171507378293,1.492189445275653,1.8362882961858837,1.8909301903496354
/multi_agv/path_reference,1789710662.5183625,1789710662.5178032,world,s_curve,1,3.584897228520051,0.10013149611473586,0.0,-0.29103279876770555,-0.8189779249052246,-4.549853183600073,-0.3190610353701454,-0.4250416971386175,-0.1289956637943537,-0.648055667861393,-0.9287122183481342,-0.8801658885061467,1.4907682494840286,1.8348671003942594,1.8895089945580112
/multi_agv/path_reference,1789710662.5284996,1789710662.5278986,world,s_curve,1,3.5859080736966042,0.10013149611473586,0.0,-0.2911956539804372,-0.8179802847034657,-4.551297248138006,-0.31897703867457106,-0.4253628759721768,-0.12924704729456357,-0.6470177313051366,-0.9275209463000584,-0.8794021765052022,1.4893241849460952,1.833423035856326,1.8880649300200778
/multi_agv/path_reference,1789710662.5384762,1789710662.5378778,world,s_curve,1,3.5869071029600255,0.10012871659805696,-0.0002785798654869146,-0.29135519048015535,-0.816994076103127,-4.552724432800036,-0.31889255182979204,-0.4256786105312861,-0.12949440907938792,-0.6459920476651593,-0.9263431448040881,-0.8786470358401338,1.487897000284065,1.8319958511942958,1.8866377453580476
/multi_agv/path_reference,1789710662.5488088,1789710662.547951,world,s_curve,1,3.587915897677048,0.10012871659805696,0.0,-0.29151485770287,-0.8159979973006132,-4.554165568110069,-0.31880575348077217,-0.42599572501729444,-0.12974309461054337,-0.6449564613871408,-0.9251533742930462,-0.8778841562216526,1.4864558649740327,1.8305547158842632,1.8851966100480153
/multi_agv/path_reference,1789710662.5583134,1789710662.5578065,world,s_curve,1,3.588902719848114,0.10012871659805696,0.0,-0.2916696589715103,-0.8150233925594661,-4.555575314068734,-0.3187194025965268,-0.42630427395402865,-0.12998530036397543,-0.6439435533912553,-0.923989077288692,-0.8771375469984511,1.4850461190153674,1.8291449699255982,1.88378686408935
/multi_agv/path_reference,1789710662.5683455,1789710662.567832,world,s_curve,1,3.589906362642281,0.10012871659805696,0.0,-0.2918256887330134,-0.8140319524968042,-4.5570090894889725,-0.31863011457053714,-0.42661639759744774,-0.1302305540310553,-0.6429135059297532,-0.9228044894894812,-0.8763778620711781,1.4836123435951287,1.8277111945053595,1.8823530886691113
/multi_agv/path_reference,1789710662.57847,1789710662.5778656,world,s_curve,1,3.590910996143849,0.10012593576583372,-0.0002771492570429456,-0.29198044873155765,-0.8130393107486749,-4.5584442802054985,-0.31853925944194766,-0.42692712805863864,-0.13047495869408665,-0.6418825709642022,-0.9216182854104111,-0.8756170758714112,1.4821771528786027,1.8262760037888335,1.8809178979525853
/multi_agv/path_reference,1789710662.588345,1789710662.587873,world,s_curve,1,3.5919130831424924,0.10012593576583372,0.0,-0.2921333971876358,-0.8120489648753577,-4.559875833060703,-0.3184471608481288,-0.42723537472678685,-0.13071765598799182,-0.6408543801420207,-0.920434645041193,-0.8748578694428596,1.4807456000233983,1.824844450933629,1.8794863450973809
/multi_agv/path_reference,1789710662.598383,1789710662.5978804,world,s_curve,1,3.5929150755221264,0.10012593576583372,0.0,-0.2922849135252949,-0.811058494606107,-4.5613072507458945,-0.31835359935539953,-0.4275418977818559,-0.1309592434386292,-0.6398264192840714,-0.9192506764392709,-0.8740983880949789,1.4793141823382068,1.8234130332484375,1.8780549274121894
/multi_agv/path_reference,1789710662.6083863,1789710662.6078532,world,s_curve,1,3.5939136151589914,0.10012593576583372,0.0,-0.2924344972512732,-0.8100712226356626,-4.562733735941416,-0.318258896620713,-0.4278456783866578,-0.13119891674644873,-0.6388021349484572,-0.918070352370675,-0.8733411805878557,1.4778876971426853,1.821986548052916,1.876628442216668
/multi_agv/path_reference,1789710662.618366,1789710662.617819,world,s_curve,1,3.594911439134416,0.100122855299647,-0.0003090976744037181,-0.29258256682802936,-0.8090844461081222,-4.564159198763451,-0.31816280232622063,-0.4281475590815649,-0.1314373390763025,-0.6377787207167709,-0.9168904425800202,-0.8725841750275758,1.4764622343206502,1.820561085230881,1.8752029793946328
/multi_agv/path_reference,1789710662.6285365,1789710662.6278765,world,s_curve,1,3.595918398819773,0.100122855299647,0.0,-0.2927305656671744,-0.8080884220250992,-4.565597712599676,-0.3180643491272866,-0.42845049802098745,-0.13167684985324926,-0.6367460763670684,-0.9156992949045458,-0.8718198948036836,1.4750237204844256,1.8191225713946564,1.8737644655584083
/multi_agv/path_reference,1789710662.6384444,1789710662.6378381,world,s_curve,1,3.596915917620735,0.100122855299647,0.0,-0.2928757643233835,-0.8071015274323426,-4.567022739458193,-0.31796535469889786,-0.4287489072061025,-0.13191303106515032,-0.6357232544372255,-0.9145188865656422,-0.8710624412941603,1.4735986936259082,1.817697544536139,1.8723394386998906
/multi_agv/path_reference,1789710662.6486554,1789710662.6478891,world,s_curve,1,3.597921986412925,0.100122855299647,0.0,-0.29302078268977716,-0.8061059653244261,-4.568459980589893,-0.3178640353337596,-0.42904816983217525,-0.1321501429033966,-0.634691809555227,-0.9133279311113495,-0.8702981553067021,1.4721614524942086,1.8162603034044393,1.8709021975681912
/multi_agv/path_reference,1789710662.6588483,1789710662.6578095,world,s_curve,1,3.5989154554084215,0.10012029882194406,-0.00025763794613587035,-0.2931625809042822,-0.805122667941798,-4.56987922201203,-0.317762530539517,-0.42934200485450036,-0.13238320731882922,-0.6336734262463507,-0.9121514701054527,-0.8695431074735906,1.470742211072071,1.8148410619823017,1.8694829561460535
/multi_agv/path_reference,1789710662.6686118,1789710662.667868,world,s_curve,1,3.5999224821941826,0.10012029882194406,0.0,-0.2933048895621305,-0.8041257471750731,-4.571317831705975,-0.3176581652853229,-0.42963814521326504,-0.13261835818780354,-0.6326412931812777,-0.9109585296136224,-0.8687774187303194,1.4693036013781264,1.8134024522883572,1.868044346452109
/multi_agv/path_reference,1789710662.6783555,1789710662.6778028,world,s_curve,1,3.600917189477535,0.10012029882194406,0.0,-0.29344404941130015,-0.8031408223321055,-4.572738842110764,-0.31755361943519506,-0.4299289778599191,-0.13284955093878625,-0.6316219352284898,-0.9097797659989263,-0.8680207657689006,1.4678825909733368,1.8119814418835676,1.8666233360473194
/multi_agv/path_reference,1789710662.6887429,1789710662.6878593,world,s_curve,1,3.6019238672439347,0.10012029882194406,0.0,-0.29358345862107604,-0.80214384438867,-4.574176953205621,-0.31744634058421084,-0.4302216045283135,-0.13308243075070383,-0.6305904624213842,-0.9085863973598972,-0.8672546733847287,1.4664444798784806,1.8105433307887113,1.865185224952463
/multi_agv/path_reference,1789710662.698816,1789710662.6978624,world,s_curve,1,3.602925328519656,0.1001184047858295,-0.00018935118011403372,-0.29372072274718364,-0.8011518347758295,-4.575607612170937,-0.3173381459890107,-0.43051101176073703,-0.13331301049180314,-0.6295644887405918,-0.9073987962927996,-0.8664922192940971,1.4650138209131645,1.8091126718233952,1.863754565987147
/multi_agv/path_reference,1789710662.708421,1789710662.7078247,world,s_curve,1,3.6039227985751703,0.1001184047858295,0.0,-0.2938560289727382,-0.8001635845214778,-4.577032569393101,-0.3172289236917237,-0.4307975764336743,-0.13354158679281664,-0.6285427588841002,-0.9062155179267873,-0.8657324767535463,1.4635888636910006,1.8076877146012313,1.8623296087649832
/multi_agv/path_reference,1789710662.7184136,1789710662.7178385,world,s_curve,1,3.604925531755106,0.1001184047858295,0.0,-0.29399062956228356,-0.7991699264635571,-4.578465045364437,-0.31711765767600153,-0.4310839533164397,-0.13377027769440936,-0.6275157958094209,-0.905025585651142,-0.8649683979301086,1.4621563877196642,1.806255238629895,1.8608971327936468
/multi_agv/path_reference,1789710662.728703,1789710662.7278678,world,s_curve,1,3.6059296435654753,0.1001184047858295,0.0,-0.2941239887535658,-0.7981747100662738,-4.579899490807822,-0.3170047646726976,-0.4313690155797275,-0.13399818600827237,-0.6264875815640518,-0.9038336075216522,-0.8642029411131176,1.4607219422762792,1.80482079318651,1.8594626873502618
/multi_agv/path_reference,1789710662.7385292,1789710662.737864,world,s_curve,1,3.6069301813511685,0.10011633125308035,-0.00020748291023787261,-0.29425545318360125,-0.7971828467741504,-4.581328830501669,-0.31689080658575564,-0.4316513622178888,-0.1342241907471593,-0.6254631892612158,-0.902645466600522,-0.8634398844607135,1.459292602582432,1.8033914534926627,1.8580333476564146
/multi_agv/path_reference,1789710662.7486403,1789710662.747811,world,s_curve,1,3.60792625715221,0.10011633125308035,0.0,-0.2943849229776958,-0.7961952211350943,-4.5827517959317285,-0.3167759024096348,-0.4319307625218175,-0.1344481040016351,-0.6244435281592216,-0.9014622246267049,-0.8626799106193567,1.4578696371523727,1.8019684880626035,1.8566103822263553
/multi_agv/path_reference,1789710662.7584662,1789710662.7578094,world,s_curve,1,3.6089272770981546,0.10011633125308035,0.0,-0.29451361942191,-0.7952025086978075,-4.584181824425935,-0.31665896622811124,-0.4322098530898933,-0.13467203894772545,-0.6234189716087342,-0.9002727101521311,-0.8619158443325574,1.4564396086581666,1.8005384595683973,1.8551803537321492
/multi_agv/path_reference,1789710662.768447,1789710662.767812,world,s_curve,1,3.6099286887993034,0.10011633125308035,0.0,-0.2946409456624725,-0.7942092246251,-4.585612412570433,-0.31654051839978414,-0.4324873505604025,-0.13489496802723083,-0.6223941824607913,-0.8990823320297914,-0.8611511593847174,1.455009020513668,1.7991078714238988,1.8537497655876507
/multi_agv/path_reference,1789710662.778467,1789710662.7778099,world,s_curve,1,3.6109296426381112,0.10011408519191388,-0.00022464808090872173,-0.29476679355573976,-0.7932162136881394,-4.587042346625873,-0.3164206598076001,-0.43276301910230885,-0.13511670175731025,-0.6213700322457038,-0.897892102673619,-0.8603865061450958,1.453579086458228,1.7976779373684588,1.8523198315322107
/multi_agv/path_reference,1789710662.7884505,1789710662.7878082,world,s_curve,1,3.6119306237079503,0.10011408519191388,0.0,-0.29489122474890833,-0.7922229967903449,-4.588472319582786,-0.3162993335531503,-0.4330369928460745,-0.13533734784750012,-0.6203460266127621,-0.8967014479505914,-0.8596215158076815,1.452149113501315,1.7962479644115457,1.8508898585752975
/multi_agv/path_reference,1789710662.7985413,1789710662.7978072,world,s_curve,1,3.6129316448234237,0.10011408519191388,0.0,-0.295014240437531,-0.7912295632295673,-4.589902349747748,-0.3161765381838889,-0.4333092745674465,-0.13555690856125757,-0.6193221545640462,-0.895510355013124,-0.8588561801115318,1.4507190833363537,1.7948179342465844,1.8494598284103363
/multi_agv/path_reference,1789710662.8087673,1789710662.8079066,world,s_curve,1,3.6139427341121024,0.10011408519191388,0.0,-0.2951370512693904,-0.7902259602860933,-4.591346763017289,-0.31605102168411925,-0.43358256564184794,-0.135777566482204,-0.6182881638552566,-0.8943068881746631,-0.8580828288283603,1.4492746700668122,1.793373520977043,1.8480154151407948
/multi_agv/path_reference,1789710662.8188238,1789710662.817842,world,s_curve,1,3.614937375767265,0.10011208089259645,-0.00020173554401046589,-0.29525644952456565,-0.7892385110928787,-4.592767679667522,-0.3159260896310591,-0.4338497144096576,-0.13599354453298018,-0.6172711712347881,-0.8931226144412291,-0.857321747602619,1.4478537534165796,1.7919526043268104,1.8465944984905622
/multi_agv/path_reference,1789710662.8289561,1789710662.8278475,world,s_curve,1,3.6159390279711165,0.10011208089259645,0.0,-0.29537527137711,-0.78824393161877,-4.594198611387309,-0.31579881688499,-0.43411704538076035,-0.1362099518655796,-0.6162471909842815,-0.8919296111811861,-0.8565549926908427,1.446422821696792,1.7905216726070228,1.8451635667707746
/multi_agv/path_reference,1789710662.8389063,1789710662.8378444,world,s_curve,1,3.6169398542503006,0.10011208089259645,0.0,-0.29549257370765214,-0.7872500034370216,-4.595628363214715,-0.3156701857702811,-0.43438245064335657,-0.1364250847093187,-0.615224238007973,-0.89073721078549,-0.8557885615176019,1.4449930698693865,1.7890919207796172,1.843733814943369
/multi_agv/path_reference,1789710662.8488991,1789710662.847882,world,s_curve,1,3.6179447248573284,0.10011208089259645,0.0,-0.2956089203315538,-0.7862518911069246,-4.597063892653326,-0.3155395636380752,-0.4346472130406338,-0.13663998431595234,-0.6141973373822754,-0.8895396113864632,-0.8550187245520354,1.4435575404307754,1.7876563913410062,1.842298285504758
/multi_agv/path_reference,1789710662.8588045,1789710662.8578417,world,s_curve,1,3.6189418262843525,0.10011059509384103,-0.0001491765968468905,-0.29572295088444056,-0.7852613316096146,-4.598488323263361,-0.3154084942812589,-0.434908228679672,-0.13685212969239086,-0.6131785626256981,-0.8883508967705186,-0.8542545354326273,1.4421331098207406,1.7862319607309713,1.840873854894723
/multi_agv/path_reference,1789710662.8688114,1789710662.8678768,world,s_curve,1,3.6199464206890877,0.10011059509384103,0.0,-0.29583641148919776,-0.7842631650738751,-4.599923458127268,-0.31527497271725585,-0.43516949332889593,-0.1370647684214415,-0.612152321901857,-0.8871528744964017,-0.8534842988233666,1.4406979749568332,1.784796825867064,1.8394387200308158
/multi_agv/path_reference,1789710662.8788078,1789710662.8778172,world,s_curve,1,3.620941429404232,0.10011059509384103,0.0,-0.29594737704908386,-0.7832743633656538,-4.601344899148903,-0.3151412733090227,-0.4354265697323647,-0.13727428810586417,-0.6111360633090926,-0.8859659151526447,-0.8527211116352242,1.4392765339351983,1.783375384845429,1.8380172790091809
/multi_agv/path_reference,1789710662.8885958,1789710662.8878095,world,s_curve,1,3.6219419065605227,0.10011059509384103,0.0,-0.29605753535443385,-0.7822799693217214,-4.602774152229318,-0.31500538289822233,-0.43568335774293054,-0.13748386542214866,-0.6101144121581082,-0.8847720652234834,-0.8519534305835725,1.437847280854783,1.7819461317650138,1.8365880259287657
/multi_agv/path_reference,1789710662.8985922,1789710662.8978844,world,s_curve,1,3.6229503163358086,0.10010912973564522,-0.0001454723440103517,-0.296167129023922,-0.7812775326284687,-4.604214737622583,-0.3148669378055218,-0.43594045509587964,-0.13769399417036454,-0.6090848581282693,-0.8835683793293451,-0.8511793604277916,1.436406695461518,1.7805055463717487,1.8351474405355006
/multi_agv/path_reference,1789710662.908354,1789710662.9078593,world,s_curve,1,3.623948944748355,0.10010912973564522,0.0,-0.296274236102821,-0.780284664757821,-4.605641349640507,-0.31472837379977997,-0.4361933492416664,-0.13790098526701652,-0.6080654881198471,-0.8823760051273106,-0.8504125010263055,1.4349800834435942,1.779078934353825,1.8337208285175768
/multi_agv/path_reference,1789710662.9183397,1789710662.9179287,world,s_curve,1,3.624957068611966,0.10010912973564522,0.0,-0.296380925172097,-0.7792822022950233,-4.607081526588523,-0.31458701772864545,-0.43644692275134306,-0.1381088350363026,-0.6070366270432266,-0.8811719285785434,-0.8496380512633,1.4335399064955783,1.777638757405809,1.8322806515695609
/multi_agv/path_reference,1789710662.9285107,1789710662.9279406,world,s_curve,1,3.625959270720226,0.10010912973564522,0.0,-0.29648555619303024,-0.7782854770357441,-4.608513243886037,-0.3144450232047678,-0.43669728745137215,-0.13831435792295074,-0.6060140123509209,-0.8799745640487492,-0.8488678547075624,1.4321081891980643,1.776207040108295,1.8308489342720469
/multi_agv/path_reference,1789710662.9384847,1789710662.937947,world,s_curve,1,3.6269609781517347,0.10010707505113964,-0.0002053378556816417,-0.29658870947311716,-0.7772890950773358,-4.609944254502478,-0.3143016358855008,-0.4369458152827227,-0.13851867725112801,-0.6049921066013051,-0.8787774335638397,-0.8480977450668626,1.430677178581623,1.7747760294918538,1.8294179236556056
/multi_agv/path_reference,1789710662.9486585,1789710662.9478772,world,s_curve,1,3.6279549986612714,0.10010707505113964,0.0,-0.2966896612269068,-0.776300214220169,-4.611364283801816,-0.3141579030907882,-0.4371907418884196,-0.13872033870151262,-0.6039782465950722,-0.8775891392462896,-0.8473332568191454,1.4292571492822854,1.7733560001925162,1.8279978943562678
/multi_agv/path_reference,1789710662.9585063,1789710662.957975,world,s_curve,1,3.6289659768087863,0.10010707505113964,0.0,-0.29679089542631276,-0.7752943174694794,-4.612808538298266,-0.31401024238188846,-0.43743811648883624,-0.13892432740821356,-0.6029473009869668,-0.8763802176108426,-0.8465554338106289,1.4278128947858355,1.7719117456960662,1.8265536398598181
/multi_agv/path_reference,1789710662.9687395,1789710662.9678946,world,s_curve,1,3.6299590696260586,0.10010707505113964,0.0,-0.29688892347616774,-0.7743060747466385,-4.614227242322941,-0.31386374377897186,-0.43767941392216025,-0.13912361272737103,-0.6019348025587026,-0.8751923364475107,-0.8457910852337023,1.4263941907611604,1.770493041671391,1.825134935835143
/multi_agv/path_reference,1789710662.9785728,1789710662.977877,world,s_curve,1,3.6309583741358735,0.1001048235736582,-0.0002255406173451593,-0.29698614957645686,-0.7733115113156285,-4.615654820194105,-0.313714879251886,-0.43792051950426136,-0.1393230499732232,-0.6009161819025426,-0.8739966808941357,-0.8450216711502072,1.4249666128899965,1.7690654638002272,1.823707357963979
/multi_agv/path_reference,1789710662.988402,1789710662.9878247,world,s_curve,1,3.6319540223170073,0.1001048235736582,0.0,-0.29708160763102437,-0.7723204498179709,-4.617077174738582,-0.3135651131870152,-0.43815904495744656,-0.1395206647486113,-0.599901500614046,-0.8728050589748434,-0.8442547898650233,1.4235442583455193,1.76764310925575,1.822285003419502
/multi_agv/path_reference,1789710662.9989667,1789710662.9978356,world,s_curve,1,3.632956346088406,0.1001048235736582,0.0,-0.297176282084808,-0.7713226073867301,-4.61850906584058,-0.3134128856678204,-0.4383974577534365,-0.1397185028331671,-0.5988802323622364,-0.8716051060730431,-0.8434824837249107,1.4221123672435216,1.7662112181537524,1.8208531123175042
/multi_agv/path_reference,1789710663.0085366,1789710663.0078428,world,s_curve,1,3.6339580845469013,0.1001048235736582,0.0,-0.2972694735854215,-0.7703252132263035,-4.619940120781288,-0.3132592861142811,-0.4386340143655926,-0.13991512027639078,-0.5978597793118756,-0.8704055140352607,-0.8427103463317744,1.4206813123028135,1.7647801632130442,1.819422057376796
/multi_agv/path_reference,1789710663.0196517,1789710663.0178416,world,s_curve,1,3.634958789659162,0.10010262414790509,-0.00022001315553106635,-0.2973611436911917,-0.769328715789193,-4.621369699513089,-0.3131043870485863,-0.4388686126391359,-0.14011043138585286,-0.596840599420007,-0.8692068226592504,-0.8419387252883217,1.4192517335710124,1.7633505844812432,1.817992478644995
/multi_agv/path_reference,1789710663.028496,1789710663.0278726,world,s_curve,1,3.6359630752420835,0.10010262414790509,0.0,-0.29745170957357586,-0.768328522218124,-4.622804393202976,-0.3129474692012126,-0.439102327326406,-0.140305332193109,-0.5958179966448637,-0.8680035064932249,-0.8411640635162835,1.417817039881125,1.7619158907913557,1.8165577849551076
/multi_agv/path_reference,1789710663.0385377,1789710663.0378985,world,s_curve,1,3.636966760509568,0.10010262414790509,0.0,-0.2975407871571532,-0.767328797692469,-4.624238229299382,-0.312789179122213,-0.43933417684264275,-0.1404990055066039,-0.5947962310782791,-0.8668005758081684,-0.8403895861909597,1.416383203784719,1.7604820546949498,1.8151239488587017
/multi_agv/path_reference,1789710663.0485692,1789710663.047863,world,s_curve,1,3.6379642302049136,0.10010262414790509,0.0,-0.29762789320107047,-0.7663351387161162,-4.625663186007019,-0.3126304183303082,-0.43956288186020903,-0.1406903794126942,-0.5937810189746665,-0.8656047664696755,-0.8396196307040069,1.4149582470770823,1.759057097987313,1.813698992151065
/multi_agv/path_reference,1789710663.0585485,1789710663.057936,world,s_curve,1,3.6389725203165457,0.10010047987072927,-0.00021287838866922075,-0.29771450448148506,-0.765330575498373,-4.627103600452208,-0.3124684646864483,-0.4397923352540729,-0.14088271350393403,-0.5927550249175612,-0.8643956551327019,-0.8388410464448561,1.4135178326318933,1.757616683542124,1.812258577705876
/multi_agv/path_reference,1789710663.0685494,1789710663.0678802,world,s_curve,1,3.639967941310285,0.10010047987072927,0.0,-0.2977985914408326,-0.7643387125190759,-4.628525630443264,-0.3123071292023561,-0.4400171520275591,-0.14107149309258257,-0.5917423558598972,-0.8632016531219106,-0.8380721285754201,1.4120958026408377,1.7561946535510684,1.8108365477148203
/multi_agv/path_reference,1789710663.078444,1789710663.0778856,world,s_curve,1,3.640969521186249,0.10010047987072927,0.0,-0.29788177471402283,-0.7633405929778383,-4.629956458837499,-0.3121433419405173,-0.4402416455751712,-0.14126033662637996,-0.590723653773587,-0.8619999420958878,-0.8372981830640401,1.4106649742466026,1.7547638251568334,1.8094057193205852
/multi_agv/path_reference,1789710663.0884278,1789710663.0878305,world,s_curve,1,3.641965003941984,0.10010047987072927,0.0,-0.29796303669886554,-0.7623484325882297,-4.631378577059977,-0.31197910789191496,-0.44046306881520214,-0.14144693338947947,-0.5897113863081471,-0.8608052294427031,-0.8365286820138389,1.409242856024124,1.7533417069343546,1.8079836010981065
/multi_agv/path_reference,1789710663.0983765,1789710663.0978365,world,s_curve,1,3.642966380905443,0.10009746717386463,-0.000301148654820228,-0.2980433559288992,-0.7613502820623546,-4.632809115579204,-0.3118124489201072,-0.44068408842868645,-0.14163353043790392,-0.5886933619050685,-0.859603126458454,-0.8357543578235413,1.4078123175048973,1.751911168415128,1.80655306257888
/multi_agv/path_reference,1789710663.1084118,1789710663.1078336,world,s_curve,1,3.6439670510806867,0.10009746717386463,0.0,-0.29812219204338886,-0.7603527222921989,-4.634238644400981,-0.3116444530060861,-0.44090323402132525,-0.14181888910275522,-0.5876762952430596,-0.858401557327067,-0.8349803143064701,1.40638278868312,1.7504816395933507,1.8051235337571025
/multi_agv/path_reference,1789710663.1185622,1789710663.1178687,world,s_curve,1,3.644971516451398,0.10009746717386463,0.0,-0.29819989274563646,-0.7593512667978378,-4.6356735949305685,-0.31147435774119975,-0.44112148290406317,-0.1420038375916465,-0.5866556137573471,-0.8571951172258884,-0.8342030694102781,1.4049478381535327,1.7490466890637635,1.8036885832275154
/multi_agv/path_reference,1789710663.1284413,1789710663.1278818,world,s_curve,1,3.6459739842770547,0.10009746717386463,0.0,-0.29827600619753475,-0.7583516927334554,-4.637105691824364,-0.31130314075703597,-0.4413375716233127,-0.14218730621225556,-0.5856372064702335,-0.8559907653321126,-0.8334271063980201,1.4035157412597372,1.747614592169968,1.8022564863337198
/multi_agv/path_reference,1789710663.13839,1789710663.1378362,world,s_curve,1,3.6469704038998016,0.10009474083485857,-0.00027387276405358655,-0.2983502420378012,-0.7573580424252254,-4.638529148428288,-0.3111315119062883,-0.4415506474616342,-0.14236856674548115,-0.5846251875870422,-0.8547933742430516,-0.8326555654455827,1.4020922846558137,1.7461911355660444,1.8008330297297963
/multi_agv/path_reference,1789710663.1485202,1789710663.147859,world,s_curve,1,3.6479735097511417,0.10009474083485857,0.0,-0.29842354699047435,-0.7563576187356086,-4.6399621567873455,-0.31095727619556185,-0.44176343097956383,-0.14254993379629735,-0.5836066255916804,-0.8535876432033335,-0.8318785874118121,1.4006592762967558,1.7447581272069865,1.7994000213707384
/multi_agv/path_reference,1789710663.1586747,1789710663.1578841,world,s_curve,1,3.6489768657392387,0.10009474083485857,0.0,-0.29849543600508593,-0.7553568415207819,-4.641395522484626,-0.31078153707171446,-0.44197453887973276,-0.14273023206381058,-0.5825880604271463,-0.8523813077047632,-0.8311011564304364,1.3992259105994749,1.7433247615097056,1.7979666556734575
/multi_agv/path_reference,1789710663.1686158,1789710663.1678886,world,s_curve,1,3.6499784877861408,0.10009474083485857,0.0,-0.2985657700165044,-0.7543576920435302,-4.642826411123058,-0.31060464570401014,-0.4421835571675221,-0.142909107177981,-0.5815715077804915,-0.8511767563534325,-0.8303248119966669,1.3977950219610435,1.7418938728712743,1.7965357670350262
/multi_agv/path_reference,1789710663.178555,1789710663.177839,world,s_curve,1,3.6509744842513903,0.10009259253392531,-0.00021589334646781002,-0.2986342914542879,-0.753364055489509,-4.644249263216271,-0.310427305854392,-0.44238969238947884,-0.14308587611899287,-0.5805609165962617,-0.8499786749938185,-0.8295525748784469,1.39637216986783,1.7404710207780607,1.7951129149418126
/multi_agv/path_reference,1789710663.1884727,1789710663.1878357,world,s_curve,1,3.651975054347563,0.10009259253392531,0.0,-0.29870170377566646,-0.7523657589787371,-4.645678649067947,-0.31024770385061085,-0.44259505737755445,-0.143262350098834,-0.5795459398541085,-0.8487747979180504,-0.8287765391640527,1.3949427840161541,1.7390416349263849,1.7936835290901367
/multi_agv/path_reference,1789710663.198382,1789710663.1978407,world,s_curve,1,3.6529764746302167,0.10009259253392531,0.0,-0.2987677445136123,-0.7513665187524299,-4.647109249471738,-0.31006649675474596,-0.4427988736311863,-0.14343786315490467,-0.5785303587690703,-0.8475696052159978,-0.8279995922722216,1.3935121836123634,1.7376110345225941,1.792252928686346
/multi_agv/path_reference,1789710663.2084866,1789710663.2078876,world,s_curve,1,3.6539818586796273,0.10009259253392531,0.0,-0.29883260847591203,-0.750363229374138,-4.648545512399467,-0.30988311097941657,-0.44300176191523377,-0.1436129525330858,-0.5775110196849933,-0.8463593501113288,-0.827219318326092,1.392075920684634,1.7361747715948648,1.7908166657586166
/multi_agv/path_reference,1789710663.218662,1789710663.2178595,world,s_curve,1,3.6549801037723673,0.10009091124337473,-0.0001685777415756745,-0.29889558629885044,-0.7493669729377056,-4.649971576817667,-0.30969957926357994,-0.4432014897483648,-0.14378568988460647,-0.5764991802867376,-0.8451574016329537,-0.8264443368934256,1.390649856266434,1.7347487071766647,1.7893906013404166
/multi_agv/path_reference,1789710663.2288237,1789710663.2278755,world,s_curve,1,3.6559825392711973,0.10009091124337473,0.0,-0.29895739864511933,-0.7483664450828291,-4.651403627530282,-0.3095138251705617,-0.4434003308303932,-0.14395803993440304,-0.575483357827271,-0.8439501222548252,-0.8256658551663912,1.3892178055538191,1.7333166564640499,1.7879585506278017
/multi_agv/path_reference,1789710663.2385259,1789710663.2378032,world,s_curve,1,3.6569764019834796,0.10009091124337473,0.0,-0.2990172680368936,-0.7473743873335188,-4.652823431404971,-0.3093282239276028,-0.4435957646646628,-0.14412781551841522,-0.5744764862802676,-0.8427528875987994,-0.8248937881214894,1.3877980016791303,1.731896852589361,1.7865387467531129
/multi_agv/path_reference,1789710663.248604,1789710663.2478766,world,s_curve,1,3.6579845179417956,0.10009091124337473,0.0,-0.29907655666323035,-0.7463680163951919,-4.654263597059708,-0.3091385003282844,-0.44379226415034956,-0.1442989055110571,-0.5734554451642913,-0.8415382008360269,-0.8241104031852576,1.3863578360243936,1.7304566869346243,1.7850985810983762
/multi_agv/path_reference,1789710663.2584956,1789710663.2578351,world,s_curve,1,3.658981405157443,0.10008937935026214,-0.00015380499264384826,-0.2991337598764646,-0.7453727718312899,-4.65568772165349,-0.3089494443760246,-0.4439848547668561,-0.1444669804865132,-0.5724460464884294,-0.8403367666348723,-0.8233355023705681,1.384933711430611,1.7290325623408418,1.7836744565045937
/multi_agv/path_reference,1789710663.2686453,1789710663.2678626,world,s_curve,1,3.6599848837591673,0.10008937935026214,0.0,-0.2991899096977047,-0.7443708654853616,-4.657121262513096,-0.30875768666986697,-0.44417699047088366,-0.1446350519523635,-0.5714302466481117,-0.8391271128196228,-0.8225552369883503,1.3835001705710055,1.7275990214812362,1.782240915644988
/multi_agv/path_reference,1789710663.2784996,1789710663.277864,world,s_curve,1,3.6609860671112444,0.10008937935026214,0.0,-0.29924449972756,-0.7433711716027706,-4.6585515244446345,-0.3085649166143587,-0.44436695841154294,-0.1448016241567784,-0.5704170452309021,-0.837919952586534,-0.8217765169908757,1.3820699086394668,1.7261687595496975,1.7808106537134494
/multi_agv/path_reference,1789710663.2883072,1789710663.287872,world,s_curve,1,3.661987664533084,0.10008937935026214,0.0,-0.2992976815672635,-0.7423709871633856,-4.659982377904406,-0.30837061698736745,-0.44455527709787196,-0.14496715061655113,-0.5694037016933794,-0.8367120224590944,-0.8209972373376832,1.3806390551796954,1.7247379060899262,1.779379800253678
/multi_agv/path_reference,1789710663.2986586,1789710663.2978365,world,s_curve,1,3.662985097457265,0.10008815616897694,-0.00012274104506524797,-0.29934922007454645,-0.7413748867423501,-4.661407282081806,-0.3081756845598069,-0.44474109503296533,-0.14513088063086707,-0.5683948488053372,-0.8355088481806933,-0.8202209632410199,1.3792141510022948,1.7233130019125256,1.7779548960762774
/multi_agv/path_reference,1789710663.3086033,1789710663.3078637,world,s_curve,1,3.6639886488705202,0.10008815616897694,0.0,-0.29939964217829224,-0.7403726029130072,-4.662840926957886,-0.30797810573277073,-0.44492632234729246,-0.1452944984548136,-0.5673800887309061,-0.8342980273676752,-0.8194396926404406,1.3777805061262156,1.7218793570364463,1.7765212512001982
/multi_agv/path_reference,1789710663.318361,1789710663.3178525,world,s_curve,1,3.6649882901397786,0.10008815616897694,0.0,-0.29944843927946896,-0.7393741534466765,-4.664268985913969,-0.30777985066144886,-0.44510910205640974,-0.14545636512054824,-0.5663695651133487,-0.8330916615195139,-0.818661233707167,1.3763524471701323,1.720451298080363,1.7750931922441149
/multi_agv/path_reference,1789710663.3284674,1789710663.327869,world,s_curve,1,3.6659908521816105,0.10008815616897694,0.0,-0.2994959467915361,-0.7383727177229858,-4.665701217402301,-0.30757956709413475,-0.4452906852927687,-0.14561758798770494,-0.5653563743250184,-0.8318815099585677,-0.8178802688853717,1.3749202156818003,1.719019066592031,1.773660960755783
/multi_agv/path_reference,1789710663.338359,1789710663.3378234,world,s_curve,1,3.666987273716486,0.10008714091606309,-0.00010197868863463248,-0.29954174217800567,-0.7373773492049936,-4.667124676737838,-0.30737907264490305,-0.44546943889026613,-0.1457767149988478,-0.564349674392111,-0.8306785138936219,-0.8171038593292481,1.3734967563462637,1.7175956072564944,1.7722375014202463
/multi_agv/path_reference,1789710663.3483791,1789710663.3478584,world,s_curve,1,3.6679916666917,0.10008714091606309,0.0,-0.2995864699290316,-0.7363739527228674,-4.6685595238452855,-0.3071755241547112,-0.4456478892846912,-0.14593599634769233,-0.5633352106563588,-0.829465637506258,-0.8163210100059856,1.3720619092388158,1.7161607601490465,1.7708026543127984
/multi_agv/path_reference,1789710663.3585284,1789710663.357879,world,s_curve,1,3.668994578177054,0.10008714091606309,0.0,-0.29962969514954324,-0.7353719732559307,-4.6699922545386485,-0.30697082375405094,-0.4458243398622875,-0.14609392183229136,-0.5623225357219934,-0.8282542958868516,-0.8155390881589472,1.3706291785454527,1.7147280294556835,1.7693699236194353
/multi_agv/path_reference,1789710663.3684986,1789710663.3678784,world,s_curve,1,3.669995195865312,0.10008714091606309,0.0,-0.2996713908192878,-0.7343722247599748,-4.671421708379017,-0.30676514582477776,-0.4459986571170715,-0.14625036951601406,-0.5613124702243749,-0.827045474070752,-0.8147587299847974,1.369199724705084,1.7132985756153147,1.7679404697790666
/multi_agv/path_reference,1789710663.3783534,1789710663.377857,world,s_curve,1,3.6709939829407503,0.10008644697315411,-6.953862526891401e-05,-0.2997115849829998,-0.7333742468651767,-4.672848547058215,-0.3065584044997162,-0.4461709320610407,-0.14640541838824256,-0.5603045468524203,-0.8258386165081585,-0.8139795772349515,1.3677728860258864,1.7118717369361172,1.766513631099869
/multi_agv/path_reference,1789710663.3885388,1789710663.3879225,world,s_curve,1,3.672001553702861,0.10008644697315411,0.0,-0.2997506898714876,-0.7323674353288788,-4.67428793386123,-0.3063483881392877,-0.446342977177256,-0.14656070429791912,-0.5592880593837158,-0.8246208976078799,-0.8131933489950409,1.3663334992228715,1.7104323501331022,1.7650742442968541
/multi_agv/path_reference,1789710663.3985167,1789710663.3979454,world,s_curve,1,3.673004576336649,0.10008644697315411,0.0,-0.29978817879455383,-0.731365113619468,-4.67572082333807,-0.30613786675766536,-0.44651250458080677,-0.14671416504518936,-0.5582764615859764,-0.8234084307183727,-0.8124104485540549,1.3649006097460314,1.7089994606562622,1.763641354820014
/multi_agv/path_reference,1789710663.4084485,1789710663.407917,world,s_curve,1,3.674002734669027,0.10008644697315411,0.0,-0.29982406000076506,-0.730367600499987,-4.677146763812896,-0.3059269274774214,-0.4466794848661104,-0.14686576765876333,-0.5572700701635828,-0.8222016039389033,-0.8116311273974748,1.3634746692712052,1.707573520181436,1.7622154143451878
/multi_agv/path_reference,1789710663.4182944,1789710663.4178104,world,s_curve,1,3.674992937472381,0.10008586450906458,-5.8873214404769875e-05,-0.29985824968154945,-0.7293779882068808,-4.678561339246259,-0.30571625161988764,-0.44684343369821755,-0.14701506372654313,-0.556271998093048,-0.8210041617578167,-0.810857804769778,1.3620600938378424,1.7061589447480732,1.760800838911825
/multi_agv/path_reference,1789710663.4284964,1789710663.4278748,world,s_curve,1,3.676000041675589,0.10008586450906458,0.0,-0.2998915871467373,-0.7283714360169147,-4.680000059536556,-0.30550053200786076,-0.44700844342946655,-0.14716578600288455,-0.5552571970371448,-0.8197860442449588,-0.8100710667686405,1.3606213735475454,1.7047202244577762,1.759362118621528
/multi_agv/path_reference,1789710663.4383712,1789710663.4378374,world,s_curve,1,3.6769973622853693,0.10008586450906458,0.0,-0.2999231735057349,-0.7273746158079437,-4.681424803264814,-0.30528546933126044,-0.4471701228183076,-0.14731392836763657,-0.5542525612236721,-0.818579527507592,-0.8092917586925672,1.3591966298192877,1.7032954807295184,1.7579373748932703
/multi_agv/path_reference,1789710663.4483855,1789710663.4478664,world,s_curve,1,3.678001009022388,0.10008586450906458,0.0,-0.2999535265220188,-0.726371428242618,-4.682858584317697,-0.3050675977991802,-0.44733109231429224,-0.147461889452584,-0.5532418632487324,-0.817365126382347,-0.8085072950967748,1.3577628487664044,1.7018616996766351,1.756503593840387
/multi_agv/path_reference,1789710663.458404,1789710663.4578023,world,s_curve,1,3.6789955341313654,0.10008604555752972,1.8220178421043095e-05,-0.2999821847172799,-0.725377316211437,-4.684279334473379,-0.30485027705931916,-0.44748888103379103,-0.14760739605872938,-0.5522406601361004,-0.8161615358852798,-0.8077297526129308,1.3563420986107224,1.7004409495209531,1.755082843684705
/multi_agv/path_reference,1789710663.468418,1789710663.4678686,world,s_curve,1,3.6800029011807625,0.10008604555752972,0.0,-0.30000977326587347,-0.7243703271023824,-4.685718430258232,-0.3046287004210521,-0.44764696398224085,-0.14775365539432744,-0.551226844660983,-0.8149421765776965,-0.8069419600684675,1.354903002825869,1.6990018537360998,1.7536437478998517
/multi_agv/path_reference,1789710663.4784102,1789710663.4778695,world,s_curve,1,3.6810038664264275,0.10008604555752972,0.0,-0.3000357510038107,-0.723369699096394,-4.687148380609182,-0.30440708693759005,-0.4478023039828461,-0.14789786209099592,-0.5502197888389699,-0.8137303421922348,-0.8061589662579776,1.3534730524749192,1.69757190338515,1.7522137975489018
/multi_agv/path_reference,1789710663.4885426,1789710663.4878354,world,s_curve,1,3.6820014456610854,0.10008604555752972,0.0,-0.30006021717082537,-0.7223724200157992,-4.688573493801551,-0.3041847905277885,-0.4479553941977802,-0.1480404667869074,-0.5492164559411448,-0.8125223873600289,-0.8053784167462239,1.3520479392825506,1.6961467901927814,1.7507886843565332
/multi_agv/path_reference,1789710663.4984775,1789710663.4978342,world,s_curve,1,3.6830021861498743,0.10008643958009363,3.9407134994298005e-05,-0.30008333291305733,-0.721371946620515,-4.690003123071249,-0.30396035330489857,-0.44810723979108535,-0.14818240564318805,-0.5482102628885726,-0.811310386636811,-0.8045951903361614,1.3506183100128522,1.6947171609230829,1.7493590550868348
/multi_agv/path_reference,1789710663.5084686,1789710663.507863,world,s_curve,1,3.68400590000661,0.10008643958009363,0.0,-0.30010508070204883,-0.7203684684870664,-4.691437000009443,-0.3037338046485075,-0.44825779602210514,-0.14832364143553392,-0.5472014035973467,-0.8100945680528805,-0.8038094338109721,1.3491844330746585,1.6932832839848893,1.7479251781486411
/multi_agv/path_reference,1789710663.5183284,1789710663.517806,world,s_curve,1,3.685001100410709,0.10008643958009363,0.0,-0.30012522319181684,-0.7193734720274407,-4.692858714872441,-0.303507749363957,-0.4484053536697231,-0.14846256654177037,-0.5462014231376306,-0.808888850066385,-0.8030301428783068,1.3477627182116598,1.6918615691218906,1.7465034632856424
/multi_agv/path_reference,1789710663.5283527,1789710663.52786,world,s_curve,1,3.6860071380743986,0.10008643958009363,0.0,-0.30014414748205875,-0.7183676124572786,-4.694295911534855,-0.3032777879558291,-0.448552775979411,-0.14860187851093623,-0.545190881060185,-0.8076697904124377,-0.8022421658992134,1.3463255215492462,1.690424372459477,1.7450662666232288
/multi_agv/path_reference,1789710663.5384223,1789710663.5378597,world,s_curve,1,3.687007979676076,0.10008652220966581,8.263152228844871e-06,-0.30016153944948115,-0.7173669220666565,-4.695725685251538,-0.3030475732657434,-0.4486976981178565,-0.14873934696484364,-0.5441858872827883,-0.8064568180596547,-0.8014580608575266,1.3448957478325636,1.6889945987427943,1.7436364929065462
/multi_agv/path_reference,1789710663.548391,1789710663.5478594,world,s_curve,1,3.688008857909421,0.10008652220966581,0.0,-0.30017750120006875,-0.7163661712048773,-4.697155511299172,-0.3028159133961058,-0.44884089104508906,-0.14887569915901136,-0.5431811869219326,-0.8052435953337724,-0.8006737313589269,1.343465921784929,1.6875647726951597,1.7422066668589116
/multi_agv/path_reference,1789710663.5583267,1789710663.5578253,world,s_curve,1,3.689006360624717,0.10008652220966581,0.0,-0.3001919853255603,-0.715368773738343,-4.698580515178167,-0.3025836056519066,-0.4489818748612616,-0.14901047546351268,-0.5421802055468639,-0.8040342617929057,-0.7998918538752593,1.3420409179059338,1.6861397688161646,1.7407816629799164
/multi_agv/path_reference,1789710663.5683656,1789710663.5678074,world,s_curve,1,3.690005548096442,0.10008652220966581,0.0,-0.30020506905673605,-0.7143696720180555,-4.70000792585206,-0.30234947581973426,-0.4491213690337481,-0.14914436231672581,-0.5411778664392846,-0.8028226855402446,-0.7991084640746374,1.340613507232041,1.6847123581422718,1.7393542523060237
/multi_agv/path_reference,1789710663.5783417,1789710663.5778654,world,s_curve,1,3.6910120476886825,0.10008618375952222,-3.365543665005124e-05,-0.3002168069522367,-0.7133632409602536,-4.701445782412404,-0.30211218661048606,-0.44926013569410284,-0.14927809855212115,-0.5401685310642782,-0.8016020428421017,-0.7983191489743812,1.3391756506716974,1.6832745015819282,1.73791639574568
/multi_agv/path_reference,1789710663.588511,1789710663.5879424,world,s_curve,1,3.692020678015689,0.10008618375952222,0.0,-0.3002271181578236,-0.7123546634282064,-4.702886682879555,-0.30187293959644257,-0.4493974354651292,-0.1494109794118991,-0.5391574022726322,-0.8003786171819306,-0.7975279708300566,1.3377347502045462,1.681833601114777,1.7364754952785288
/multi_agv/path_reference,1789710663.598573,1789710663.5978699,world,s_curve,1,3.6930143981035557,0.10008618375952222,0.0,-0.3002358550406968,-0.7113609818328784,-4.70430628300508,-0.3016358040498387,-0.449530980813031,-0.14954078025922057,-0.5381615587888862,-0.7991730847607944,-0.7967483019489549,1.3363151500790216,1.6804140009892523,1.7350558951530042
/multi_agv/path_reference,1789710663.6088653,1789710663.60788,world,s_curve,1,3.694016291629533,0.10008618375952222,0.0,-0.30024323608440684,-0.7103591155819491,-4.705737559470761,-0.30139528748618016,-0.4496638922907402,-0.14967052847630014,-0.5371578662285807,-0.7979574460390344,-0.7959620344782321,1.33488387361334,1.6789827245235707,1.7336246186873225
/multi_agv/path_reference,1789710663.6186616,1789710663.6178675,world,s_curve,1,3.695015869071853,0.10008524282281124,-9.421368991733594e-05,-0.30024917097392195,-0.709359555844277,-4.707165527245504,-0.30115389548255767,-0.4497947623895545,-0.14979885504965362,-0.5361568379857993,-0.7967444291814209,-0.795177400365611,1.3334559058385973,1.677554756748828,1.73219665091258
/multi_agv/path_reference,1789710663.628712,1789710663.6278622,world,s_curve,1,3.696016015899119,0.10008524282281124,0.0,-0.30025368070657615,-0.7083594192701357,-4.708594308427313,-0.3009109355920361,-0.4499239732999972,-0.14992613322769507,-0.5351555855480857,-0.7955305355587304,-0.794392136703591,1.3320271246567885,1.6761259755670193,1.7307678697307711
/multi_agv/path_reference,1789710663.6387074,1789710663.6378913,world,s_curve,1,3.697019982579763,0.10008524282281124,0.0,-0.30025677068150386,-0.7073554574311471,-4.710028546542518,-0.3006656094361073,-0.4500519334308019,-0.1500527691776024,-0.5341508591928996,-0.7943118212978091,-0.7936036918027327,1.330592886541583,1.6746917374518138,1.7293336316155656
/multi_agv/path_reference,1789710663.6486301,1789710663.6479316,world,s_curve,1,3.698024835915573,0.10008524282281124,0.0,-0.3002584214825305,-0.7063506055378319,-4.711464051307961,-0.30041862387511775,-0.4501782561242067,-0.15017838444826714,-0.533145598868875,-0.793091848214038,-0.7928143695305828,1.3291573817761404,1.6732562326863711,1.727898126850123
/multi_agv/path_reference,1789710663.6586628,1789710663.6578677,world,s_curve,1,3.6990190779136616,0.10008448719622876,-7.606447843210034e-05,-0.3002586348436337,-0.705356363646418,-4.712884397019517,-0.30017282616890034,-0.4503015207731776,-0.1503015575888232,-0.5321513041450532,-0.7918845809049163,-0.7920332058892846,1.3277370360645846,1.6718358869748153,1.7264777811385672
/multi_agv/path_reference,1789710663.6687787,1789710663.6678805,world,s_curve,1,3.7000211877534577,0.10008448719622876,0.0,-0.30025742121561905,-0.7043542546273327,-4.71431598250494,-0.2999236548643271,-0.45042402589106334,-0.15042458289146673,-0.5311494954547779,-0.7906675840744629,-0.7912456843527574,1.3263054505791616,1.6704043014893923,1.7250461956531442
/multi_agv/path_reference,1789710663.6786375,1789710663.6778364,world,s_curve,1,3.7010178579012902,0.10008448719622876,0.0,-0.30025479093302987,-0.7033575880346934,-4.715739797001843,-0.2996744135563325,-0.45054413752426636,-0.15054582171849076,-0.5301534796477945,-0.7894570206761412,-0.7904622637801445,1.324881636082258,1.6689804869924887,1.7236223811562406
/multi_agv/path_reference,1789710663.6883287,1789710663.6878445,world,s_curve,1,3.702019408068634,0.10008448719622876,0.0,-0.30025071853497964,-0.7023560462324956,-4.717170582955191,-0.29942252383155277,-0.4506631011107246,-0.15066653066266159,-0.5291529455283419,-0.7882403589321252,-0.7896748342370199,1.3234508501289102,1.667549701039141,1.7221915952028928
/multi_agv/path_reference,1789710663.6984327,1789710663.6978333,world,s_curve,1,3.7030192353763183,0.10008402581093467,-4.618527352349045e-05,-0.3002452237573582,-0.7013562341090323,-4.718598907680454,-0.29916963971162525,-0.45078012354974273,-0.15078590801070657,-0.5281544930122392,-0.7870256215499188,-0.7888885877649389,1.3220225254036468,1.6661213763138776,1.7207632704776294
/multi_agv/path_reference,1789710663.70834,1789710663.7078547,world,s_curve,1,3.704022051193013,0.10008402581093467,0.0,-0.3002382781970001,-0.7003534424311971,-4.720031501704304,-0.2989145675606488,-0.45089575292658857,-0.1509045141037629,-0.5271534199423095,-0.7858070866373011,-0.788099820713981,1.3205899313797969,1.6646887822900276,1.7193306764537795
/multi_agv/path_reference,1789710663.7184687,1789710663.7178066,world,s_curve,1,3.7050182303378723,0.10008402581093467,0.0,-0.3002299560090553,-0.6993572981333729,-4.721454614768389,-0.2986597635816215,-0.4510088883354792,-0.15102121611006508,-0.5261593348204608,-0.7845964532588413,-0.7873161063208166,1.3191668183157126,1.6632656692259433,1.7179075633896952
/multi_agv/path_reference,1789710663.728538,1789710663.7278073,world,s_curve,1,3.7060191359508505,0.10008402581093467,0.0,-0.3002201668125484,-0.6983564404778261,-4.722884479929786,-0.29840232634087593,-0.4511208254609207,-0.15113734863584846,-0.5251608993804308,-0.783379914998028,-0.7865285070550195,1.317736953154315,1.6618358040645458,1.7164776982282977
/multi_agv/path_reference,1789710663.738616,1789710663.7378623,world,s_curve,1,3.7070253273782323,0.10008333658742898,-6.855533274046287e-05,-0.30020888322586353,-0.697350312407287,-4.724321896254618,-0.2981420906197392,-0.4512316000695644,-0.15125295898828708,-0.5241575632278734,-0.7821567920957362,-0.7857365818982514,1.3162995368294834,1.6603983877397142,1.715040281903466
/multi_agv/path_reference,1789710663.7484426,1789710663.7478628,world,s_curve,1,3.7080261866656907,0.10008333658742898,0.0,-0.30019622481841907,-0.6963495332575877,-4.725751695236701,-0.2978818035927845,-0.4513400434693967,-0.15136682739307603,-0.5231599162062462,-0.780939994206801,-0.7849486893597161,1.3148697378474004,1.658968588757631,1.713610482921383
/multi_agv/path_reference,1789710663.7583814,1789710663.75785,world,s_curve,1,3.7090257845027748,0.10008333658742898,0.0,-0.30018215423458716,-0.6953500345413243,-4.727179692146821,-0.2976204212147459,-0.4514466136570371,-0.15147942783197857,-0.5221638990571723,-0.7797245764105044,-0.7841616281562963,1.31344174093728,1.6575405918475108,1.7121824860112627
/multi_agv/path_reference,1789710663.768311,1789710663.767862,world,s_curve,1,3.710027941871109,0.10008333658742898,0.0,-0.3001666147439618,-0.6943479977443721,-4.7286113455301555,-0.29735694191731027,-0.45155171420531454,-0.15159118810926048,-0.5211657072565535,-0.7785058949440784,-0.7833723910324843,1.3120100875539458,1.6561089384641765,1.7107508326279284
/multi_agv/path_reference,1789710663.7784295,1789710663.7778525,world,s_curve,1,3.7110277328544266,0.10008206275793687,-0.00012751413575386034,-0.30014968258654684,-0.6933483502359382,-4.730039618363467,-0.2970926611490932,-0.45165482803531487,-0.15170155857523246,-0.5201702493688513,-0.7772899424447333,-0.7825848588942301,1.3105818147206345,1.6546806656308652,1.7093225597946171
/multi_agv/path_reference,1789710663.788377,1789710663.787862,world,s_curve,1,3.712029441810395,0.10008206275793687,0.0,-0.30013128599726785,-0.6923468103089959,-4.731470631157707,-0.2968264476964521,-0.45175639777154675,-0.1518110125238047,-0.5191732613940261,-0.7760715108425746,-0.7817956586903871,1.309150801926394,1.6532496528366247,1.7078915470003766
/multi_agv/path_reference,1789710663.7982633,1789710663.7978203,world,s_curve,1,3.7130260444794394,0.10008206275793687,0.0,-0.30011156116281607,-0.6913504029416524,-4.732894349256342,-0.2965601759789059,-0.4518557195982832,-0.15191878791125915,-0.5181817346922387,-0.7748591472784694,-0.7810103268542492,1.3077270838277593,1.65182593473799,1.7064678289017419
/multi_agv/path_reference,1789710663.8083324,1789710663.807821,world,s_curve,1,3.7140269990168187,0.10008206275793687,0.0,-0.3000903221046645,-0.6903496738492929,-4.734324284309741,-0.2962913206870427,-0.4519537374435346,-0.15202590818341621,-0.5171862608885035,-0.7736413485930141,-0.7802214120663612,1.3062971487743602,1.650395999684591,1.7050378938483428
/multi_agv/path_reference,1789710663.8182425,1789710663.8178308,world,s_curve,1,3.7150289318710463,0.10008074462544457,-0.0001316651917214158,-0.3000676291933809,-0.6893479981017396,-4.735755616958637,-0.2960207773053559,-0.4520501070227241,-0.15213200325206278,-0.5161902001549062,-0.7724222205347737,-0.779431573615539,1.304865816125464,1.6489646670356948,1.7036065611994466
/multi_agv/path_reference,1789710663.828334,1789710663.827831,world,s_curve,1,3.716029758833046,0.10008074462544457,0.0,-0.3000435300473537,-0.6883474614124337,-4.7371853697614945,-0.295749109532998,-0.4521446280978609,-0.15223685251120217,-0.5151956264454145,-0.7712043016359783,-0.7786424561559085,1.3034360633226068,1.6475349142328375,1.7021768083965894
/multi_agv/path_reference,1789710663.8383236,1789710663.837863,world,s_curve,1,3.7170335791100366,0.10008074462544457,0.0,-0.3000179217949443,-0.6873439679191009,-4.738619398728623,-0.29547520103424463,-0.4522376825204386,-0.15234088183014968,-0.5141984693114551,-0.7699826056418589,-0.7778508288039888,1.302002034355478,1.6461008852657086,1.7007427794294605
/multi_agv/path_reference,1789710663.8483613,1789710663.8478317,world,s_curve,1,3.7180314522889395,0.10008074462544457,0.0,-0.29999103923375836,-0.686346456997717,-4.740044931841342,-0.29520149853080463,-0.4523284493675569,-0.15244316980291361,-0.513207610115064,-0.768768016517826,-0.7770637443602612,1.3005765012427593,1.64467535215299,1.6993172463167419
/multi_agv/path_reference,1789710663.8583922,1789710663.8578207,world,s_curve,1,3.7190310272682523,0.10007928441248326,-0.0001461992059447189,-0.29996268516696223,-0.6853472843328076,-4.741472896097503,-0.2949259133464617,-0.45241763498749143,-0.15254450716693357,-0.5122154532628734,-0.7675512275181555,-0.7762751722173937,1.2991485369865985,1.6432473878968292,1.697889282060581
/multi_agv/path_reference,1789710663.8685062,1789710663.8678634,world,s_curve,1,3.7200360783858497,0.10007928441248326,0.0,-0.2999327370756576,-0.6843426795921699,-4.7429086834083565,-0.29464739004602386,-0.45250555709237805,-0.15264526408857096,-0.5112182587071419,-0.7663276452392045,-0.7754821348301635,1.2977127496757448,1.6418116005859755,1.6964534947497274
/multi_agv/path_reference,1789710663.8783267,1789710663.8778284,world,s_curve,1,3.72103349575587,0.10007928441248326,0.0,-0.29990159073105055,-0.6833457487297622,-4.744333565365529,-0.29436956728661334,-0.4525910747231497,-0.15274413018338856,-0.5102290345840443,-0.7651132329654075,-0.7746949786398348,1.2962878677185725,1.6403867186288033,1.6950286127925551
/multi_agv/path_reference,1789710663.8885014,1789710663.8879507,world,s_curve,1,3.7220465071797495,0.10007928441248326,0.0,-0.2998685030737049,-0.6823332779055792,-4.745780724542499,-0.29408595806792365,-0.45267615770324,-0.15284339344995104,-0.5092247507520733,-0.7638797106087988,-0.7738953723558656,1.2948407085416025,1.6389395594518332,1.693581453615585
/multi_agv/path_reference,1789710663.8984067,1789710663.8978624,world,s_curve,1,3.723038359593733,0.10007823952964413,-0.00010542902712169168,-0.29983468741226843,-0.6813420021898934,-4.747197656562475,-0.2938068652783043,-0.4527577343590926,-0.15293946259940838,-0.5082418422814713,-0.7626718350465973,-0.7731123292416116,1.2934237765216259,1.6375226274318566,1.6921645215956085
/multi_agv/path_reference,1789710663.9086244,1789710663.9078486,world,s_curve,1,3.7240378718960914,0.10007823952964413,0.0,-0.2997991895961633,-0.6803431205277283,-4.748625531280131,-0.29352420834907156,-0.45283820942392206,-0.15303515101549633,-0.5072517440517506,-0.7614545155974648,-0.7723231019339696,1.2919959018039706,1.6360947527142014,1.6907366468779532
/multi_agv/path_reference,1789710663.9185314,1789710663.9178565,world,s_curve,1,3.725039319111133,0.10007823952964413,0.0,-0.29976219262828224,-0.6793423570317473,-4.750056170158761,-0.29323958663450816,-0.45291709691717735,-0.1531298943331612,-0.5062601349202607,-0.7602347255980056,-0.7715322105769756,1.2905652629253406,1.6346641138355713,1.6893060079993232
/multi_agv/path_reference,1789710663.9285593,1789710663.9278548,world,s_curve,1,3.726039865221706,0.10007823952964413,0.0,-0.2997237992131629,-0.6783425479041679,-4.751485521745294,-0.29295380461784387,-0.45299417064680847,-0.15322342237483635,-0.5052698256941693,-0.7590159217061376,-0.7707418963121968,1.2891359113388074,1.6332347622490382,1.68787665641279
/multi_agv/path_reference,1789710663.938421,1789710663.9379346,world,s_curve,1,3.727048627553314,0.10007773294518411,-5.0257451845156665e-05,-0.2996836437111637,-0.6773345852074744,-4.752926610790449,-0.29266424302793037,-0.4530701134686447,-0.15331657463691603,-0.5042717988724329,-0.7577869990639733,-0.769944957686017,1.2876948222936524,1.6317936732038831,1.686435567367635
/multi_agv/path_reference,1789710663.9485233,1789710663.9478443,world,s_curve,1,3.7280405089730846,0.10007773294518411,0.0,-0.29964274416945186,-0.6763435474632374,-4.754343584247263,-0.2923781252405041,-0.45314305883804823,-0.1534070484298033,-0.5032908811682127,-0.7565785360694677,-0.7691612251520319,1.2862778488368378,1.6303766997470686,1.6850185939108204
/multi_agv/path_reference,1789710663.9585097,1789710663.9578476,world,s_curve,1,3.72904164327981,0.10007773294518411,0.0,-0.2996000390061581,-0.6753433244905419,-4.755773776114014,-0.2920879290754316,-0.4532149480752797,-0.15349723986776315,-0.5023012249760346,-0.7553586962117651,-0.7683700522838262,1.2848476569700868,1.6289465078803176,1.6835884020440695
/multi_agv/path_reference,1789710663.9685311,1789710663.9678445,world,s_curve,1,3.7300421129703105,0.10007773294518411,0.0,-0.29955593316476065,-0.674343827565715,-4.757203018529015,-0.29179651188264777,-0.4532850466609003,-0.15358624095073392,-0.501312641413141,-0.7541395646930266,-0.7675792765909774,1.283418414555086,1.6275172654653167,1.6821591596290686
/multi_agv/path_reference,1789710663.9784534,1789710663.9778497,world,s_curve,1,3.731043373492957,0.10007612428627484,-0.0001607856749542183,-0.2995103622764775,-0.673343604713484,-4.758633390704224,-0.29150345002239336,-0.4533534560736519,-0.15367418073338718,-0.5003236944252302,-0.7529193704397011,-0.7667877492755207,1.281988042379877,1.6260868932901078,1.6807287874538597
/multi_agv/path_reference,1789710663.9887686,1789710663.9878132,world,s_curve,1,3.7320405104789787,0.10007612428627484,0.0,-0.29946355731257535,-0.6723475669165807,-4.760057872112826,-0.29121018961992023,-0.4534198491851451,-0.15376063313266075,-0.49933923786352663,-0.7517041053544947,-0.7659993575317209,1.280563560971275,1.6246624118815058,1.6793043060452577
/multi_agv/path_reference,1789710663.9986494,1789710663.9978085,world,s_curve,1,3.733040782649822,0.10007612428627484,0.0,-0.29941517964545067,-0.6713484653984133,-4.761486832356889,-0.2909145984392092,-0.4534847116342061,-0.15384622886293675,-0.49835210671084995,-0.7504849254706574,-0.7652083640137328,1.2791346007272124,1.6232334516374431,1.677875345801195
/multi_agv/path_reference,1789710664.0087214,1789710664.007813,world,s_curve,1,3.7340419871298396,0.10007612428627484,0.0,-0.2993653272506685,-0.6703485029114336,-4.762917124471199,-0.29061731949612535,-0.45354788986289635,-0.15393077239298386,-0.49736447948635987,-0.7492645176760329,-0.7644165115719082,1.2777043086129019,1.6218031595231326,1.6764450536868845
/multi_agv/path_reference,1789710664.0186663,1789710664.017812,world,s_curve,1,3.73504262656036,0.1000744308524089,-0.0001693611356410382,-0.29931407402544336,-0.6693491770371697,-4.764346609371943,-0.2903187972435164,-0.45360928832039926,-0.15401413651241433,-0.4963778354929228,-0.7480447096020721,-0.7636249860165143,1.2762748237121584,1.6203736746223891,1.675015568786141
/multi_agv/path_reference,1789710664.0286565,1789710664.0278113,world,s_curve,1,3.736043345750202,0.1000744308524089,0.0,-0.2992613880761683,-0.6683498458039295,-4.765776208214574,-0.29001884094085073,-0.45366894770446275,-0.15409637558319145,-0.495391540647885,-0.7468247177670917,-0.762833278996812,1.274845224869527,1.6189440757797577,1.6735859699435096
/multi_agv/path_reference,1789710664.0386121,1789710664.0378067,world,s_curve,1,3.73704362511292,0.1000744308524089,0.0,-0.2992072976425456,-0.6673510300777793,-4.767205178732743,-0.28971760770883914,-0.453726837864377,-0.15417744735442068,-0.4944061088312677,-0.7456051781444079,-0.7620418032576625,1.2734162543513583,1.617515105261589,1.672156999425341
/multi_agv/path_reference,1789710664.0487578,1789710664.047911,world,s_curve,1,3.738054775561062,0.1000744308524089,0.0,-0.2991511687525155,-0.666341438776715,-4.768649679372945,-0.28941166975673355,-0.4537835858931918,-0.15425825060762122,-0.49341040582047796,-0.7443723017043534,-0.7612416088053139,1.271971753711156,1.6160706046213866,1.6707124987851385
/multi_agv/path_reference,1789710664.0586398,1789710664.0578396,world,s_curve,1,3.7390483246621953,0.10007304428644113,-0.00013965880230771676,-0.29909459649831593,-0.6653495016682217,-4.770069035231708,-0.2891096567206134,-0.45383761140529644,-0.154336521369038,-0.4924324667132016,-0.7431608076429836,-0.76045523064848,1.2705523978523936,1.6146512487626243,1.6692931429263762
/multi_agv/path_reference,1789710664.068643,1789710664.067847,world,s_curve,1,3.7400497779326587,0.10007304428644113,0.0,-0.2990361494875374,-0.6643497554878071,-4.771499682760941,-0.28880383668375065,-0.45389032654889483,-0.15441428522996667,-0.49144718241648044,-0.7419395991959223,-0.7596624848510185,1.2691217503231607,1.6132206012333914,1.6678624953971433
/multi_agv/path_reference,1789710664.0787218,1789710664.0778687,world,s_curve,1,3.74105270678016,0.10007304428644113,0.0,-0.29897618298107115,-0.6633486210734363,-4.772932438257372,-0.28849615365250886,-0.4539413683380396,-0.15449102695266498,-0.49046088586566494,-0.7407165170463812,-0.7588684603082629,1.2676889948267296,1.6117878457369603,1.6664297399007122
/multi_agv/path_reference,1789710664.088605,1789710664.087875,world,s_curve,1,3.7420539653084792,0.10007304428644113,0.0,-0.2989148856106779,-0.6623492407161801,-4.774362807583541,-0.2881875737739685,-0.45399057706916046,-0.15456650598890484,-0.48947667267614087,-0.7394954001712919,-0.7580756493011076,1.26625862550056,1.6103574764107906,1.6649993705745425
/multi_agv/path_reference,1789710664.0986028,1789710664.097808,world,s_curve,1,3.7430480976303726,0.10007225804468996,-7.914538706423677e-05,-0.29885261029248544,-0.6613570609499207,-4.775782996614818,-0.28787979763152083,-0.4540377074546865,-0.15464032579124895,-0.48849990205186594,-0.7382829058835854,-0.7572883749143111,1.2648384364692835,1.6089372873795142,1.6635791815432661
/multi_agv/path_reference,1789710664.1085677,1789710664.107841,world,s_curve,1,3.744052109385797,0.10007225804468996,0.0,-0.2987882860244087,-0.6603551119406362,-4.777217299122567,-0.2875675552787251,-0.454083558455877,-0.15471374433862406,-0.48751386917279205,-0.7370582954497712,-0.7564931711993456,1.2634041339615343,1.607502984871765,1.6621448790355169
/multi_agv/path_reference,1789710664.1186543,1789710664.117859,world,s_curve,1,3.7450544501346563,0.10007225804468996,0.0,-0.29872263537845983,-0.6593549235612098,-4.77864921447808,-0.287254422191155,-0.4541275810314223,-0.1547859029128022,-0.48652992511975024,-0.735835658825718,-0.7556991867381615,1.261972218606021,1.6060710695162517,1.6607129636800035
/multi_agv/path_reference,1789710664.1287546,1789710664.127936,world,s_curve,1,3.7460630884307147,0.10007225804468996,0.0,-0.2986551267335075,-0.6583485470830507,-4.7800901263295925,-0.2869378999491877,-0.45417011301824967,-0.15485736723308524,-0.4855402527321,-0.7346052782014016,-0.7549001103156505,1.2605313067545088,1.6046301576647395,1.6592720518284914
/multi_agv/path_reference,1789710664.1388948,1789710664.1378536,world,s_curve,1,3.747055449306976,0.10007215041401112,-1.0853746595474025e-05,-0.2985872921787371,-0.657358507480932,-4.781507784724251,-0.2866250941217008,-0.4542102281487776,-0.15492655426573282,-0.484566997800496,-0.7333946949186559,-0.7541138297236444,1.25911364835985,1.6032124992700807,1.6578543934338326
/multi_agv/path_reference,1789710664.1484573,1789710664.1478667,world,s_curve,1,3.7480575373964022,0.10007215041401112,0.0,-0.2985173686800898,-0.6563588620095646,-4.782939339137718,-0.2863078225166004,-0.45424899508990935,-0.15499528843375973,-0.4835846539156433,-0.7321721889102647,-0.7533197432027859,1.2576820939463835,1.6017809448566143,1.6564228390203661
/multi_agv/path_reference,1789710664.1586037,1789710664.1578517,world,s_curve,1,3.7490567008772326,0.10007215041401112,0.0,-0.2984462245003875,-0.655362234699945,-4.784366715538904,-0.28599007703115636,-0.4542859063831296,-0.15506269008687645,-0.48260563022351766,-0.7309531967965194,-0.7525278770797982,1.2562547175451972,1.600353568455428,1.6549954626191798
/multi_agv/path_reference,1789710664.1687117,1789710664.1678662,world,s_curve,1,3.750058851411681,0.10007215041401112,0.0,-0.29837343880210504,-0.6543627309425855,-4.785798359159544,-0.2856699782917178,-0.4543211802617949,-0.15512915785280237,-0.4816241362653651,-0.7297305087632279,-0.7517335477991635,1.2548230739245576,1.5989219248347883,1.6535638189985402
/multi_agv/path_reference,1789710664.1785774,1789710664.1778734,world,s_curve,1,3.751060417954503,0.10007244332116211,2.926608768642908e-05,-0.29829926590828665,-0.6533639147697154,-4.787229168506433,-0.2853486624897547,-0.4543546846228616,-0.15519445061224363,-0.4806436731328537,-0.7285084840333601,-0.7509395871429326,1.2533922645776685,1.5974911154878992,1.652133009651651
/multi_agv/path_reference,1789710664.18863,1789710664.1878538,world,s_curve,1,3.7520591377365298,0.10007244332116211,0.0,-0.2982238808310017,-0.6523680442355723,-4.788655911052185,-0.2850268633599031,-0.4543863526305212,-0.15525842650258082,-0.47966645556347143,-0.7272898861874644,-0.7501477909557812,1.2519655220319161,1.5960643729421469,1.6507062671058987
/multi_agv/path_reference,1789710664.198768,1789710664.1978624,world,s_curve,1,3.753060621419369,0.10007244332116211,0.0,-0.2981468605073651,-0.6513695267031708,-4.79008660202767,-0.284702774022524,-0.4544163624508317,-0.15532144504873957,-0.4786869956278241,-0.7260678718142968,-0.7493537126673917,1.2505348310564313,1.594633681966662,1.6492755761304139
/multi_agv/path_reference,1789710664.2083185,1789710664.2078187,world,s_curve,1,3.754057036432954,0.10007244332116211,0.0,-0.2980688122339555,-0.6503761732033964,-4.791510052047077,-0.28437893450018137,-0.45444448518492886,-0.15538301701675625,-0.4777129540522572,-0.7248520008868147,-0.7485635646711173,1.2491113810370247,1.5932102319472554,1.6478521261110073
/multi_agv/path_reference,1789710664.2183502,1789710664.2178538,world,s_curve,1,3.7550612767979885,0.10007218270904909,-2.596990112912795e-05,-0.29798872055183695,-0.6493751318170905,-4.792944681139984,-0.28405114931354525,-0.4544710777321731,-0.15544393460979258,-0.4767317302403794,-0.7236265418460301,-0.747767123364862,1.2476767519441174,1.5917756028543482,1.6464174970181
/multi_agv/path_reference,1789710664.228477,1789710664.227862,world,s_curve,1,3.7560627855927238,0.10007218270904909,0.0,-0.29790741649002767,-0.6483769287608814,-4.794375407989605,-0.283722854050917,-0.4544958469620244,-0.15550354845714165,-0.4757536447334624,-0.7224043793607545,-0.7469727621884273,1.246246025094496,1.5903448760047267,1.6449867701684786
/multi_agv/path_reference,1789710664.238666,1789710664.2378535,world,s_curve,1,3.7570628064141744,0.10007218270904909,0.0,-0.29782480829722907,-0.6473803258525582,-4.795804009163106,-0.2833936505905112,-0.45451883464531173,-0.1555619396558643,-0.4747774820543061,-0.7211839985716472,-0.7461794969317216,1.244817423920995,1.5889162748312258,1.6435581689949776
/multi_agv/path_reference,1789710664.2484503,1789710664.2478528,world,s_curve,1,3.7580632881680986,0.10007218270904909,0.0,-0.29774073739341866,-0.6463833826997866,-4.79723326881157,-0.28306290023070074,-0.4545400882709829,-0.15561922367857242,-0.4738013410609627,-0.7199630236636735,-0.7453857833747236,1.2433881642725315,1.5874870151827623,1.6421289093465141
/multi_agv/path_reference,1789710664.2585208,1789710664.2578406,world,s_curve,1,3.759062755415355,0.10007146380524172,-7.19801039368512e-05,-0.2976553290737828,-0.6453875714602506,-4.798661079164792,-0.28273109253038586,-0.45455957785993006,-0.15567531683103245,-0.47282666289867425,-0.718743257762369,-0.7445927937197087,1.2419603539193091,1.5860592048295399,1.6407010989932918
/multi_agv/path_reference,1789710664.2683775,1789710664.2678611,world,s_curve,1,3.7600655564433563,0.10007146380524172,0.0,-0.29756820710447923,-0.6443885622062535,-4.800093652061937,-0.282396779879168,-0.4545773822182001,-0.15573045921606968,-0.47184921076448216,-0.7175193965383528,-0.7437970793159256,1.240527781022164,1.5846266319323947,1.6392685260961466
/multi_agv/path_reference,1789710664.2783535,1789710664.2778542,world,s_curve,1,3.7610655916962408,0.10007146380524172,0.0,-0.29747990019270065,-0.6433924335881804,-4.801522273851773,-0.2820619950562999,-0.4545933913496056,-0.15578431417219646,-0.47087493244349965,-0.7162988866392593,-0.7430034816817824,1.2390991592323286,1.5831980101425593,1.6378399043063112
/multi_agv/path_reference,1789710664.2885075,1789710664.2878675,world,s_curve,1,3.7620677513662306,0.10007146380524172,0.0,-0.297389978222025,-0.6423943164260074,-4.802953930523186,-0.2817251031391282,-0.4546076853400884,-0.15583714618685846,-0.4698990652199605,-0.7150757622601324,-0.7422081217979294,1.2376675025609152,1.581766353471146,1.6364082476348978
/multi_agv/path_reference,1789710664.2983098,1789710664.2978032,world,s_curve,1,3.7630620587641994,0.10007083287224484,-6.349946768265192e-05,-0.29729934844614914,-0.6414041481187543,-4.804374369663142,-0.2813894702424706,-0.45462013649498867,-0.15588843860098822,-0.4689313219241793,-0.7138622025205399,-0.741418919911544,1.2362470634209592,1.58034591433119,1.6349878084949419
/multi_agv/path_reference,1789710664.3083975,1789710664.3078432,world,s_curve,1,3.7640667395047034,0.10007083287224484,0.0,-0.29720634502086674,-0.6404037813972849,-4.805809627863862,-0.28104894025088145,-0.45463096701307243,-0.15593912779864633,-0.4679539676220916,-0.7126359652948464,-0.7406214112749168,1.234811805220239,1.5789106561304698,1.6335525502942216
/multi_agv/path_reference,1789710664.3184168,1789710664.317865,world,s_curve,1,3.765069439243,0.10007083287224484,0.0,-0.29711209348712564,-0.6394055212911341,-4.807242056061429,-0.28070768340198604,-0.4546400213550644,-0.15598857570432645,-0.4669790287508097,-0.7114121316934678,-0.739825403429125,1.2333793770226724,1.5774782279329032,1.632120122096655
/multi_agv/path_reference,1789710664.3284302,1789710664.327862,world,s_curve,1,3.766069925214332,0.10007083287224484,0.0,-0.29701662485475655,-0.638409600738697,-4.80867132173476,-0.28036578834202647,-0.4546473083651298,-0.15603677785711334,-0.4660067305670368,-0.7101909884102415,-0.739031083238813,1.2319501113493412,1.576048962259572,1.6306908564233238
/multi_agv/path_reference,1789710664.3385465,1789710664.3379266,world,s_curve,1,3.767077249786661,0.10007071958547481,-1.125425598487922e-05,-0.29691906602651463,-0.6374070116441166,-4.810110356838087,-0.2800201530577761,-0.4546528822253437,-0.156084162796424,-0.465028281110228,-0.7089614889837911,-0.7382312648383308,1.2305110762460143,1.574609927156245,1.629251821319997
/multi_agv/path_reference,1789710664.3487377,1789710664.3478973,world,s_curve,1,3.7680750212078156,0.10007071958547481,0.0,-0.2968210097658454,-0.6364140702515327,-4.811535744582594,-0.27967640751740497,-0.4546566585689485,-0.15612996321118272,-0.4640596023264373,-0.7077436431291514,-0.7374389652990098,1.2290856885015073,1.573184539411738,1.62782643357549
/multi_agv/path_reference,1789710664.3586228,1789710664.3578591,world,s_curve,1,3.769071902099636,0.10007071958547481,0.0,-0.29672162765391147,-0.6354221556689819,-4.812959860142337,-0.27933159019439985,-0.45465869792366587,-0.15617459484366872,-0.4630922784069216,-0.706526880087312,-0.7366473085127122,1.2276615729417641,1.5717604238519949,1.6264023180157468
/multi_agv/path_reference,1789710664.3686712,1789710664.367946,world,s_curve,1,3.770081292231688,0.10007071958547481,0.0,-0.29661955990093497,-0.6344179393401208,-4.814401846045269,-0.27898104335362756,-0.4546589979443094,-0.15621863840486797,-0.4621133174229756,-0.7052948468836531,-0.7358456537137339,1.2262195870388326,1.5703184379490633,1.6249603321128152
/multi_agv/path_reference,1789710664.37829,1789710664.3778334,world,s_curve,1,3.7710705482755627,0.10006988349119171,-8.4576544177286e-05,-0.2965181221109066,-0.6334338978107711,-4.815815068965089,-0.27863611841758046,-0.45465756717308686,-0.15626068074205252,-0.4611543751044672,-0.7040873896949355,-0.7350599286329106,1.224806364119012,1.5689052150292426,1.6235471091929945
/multi_agv/path_reference,1789710664.3884332,1789710664.3878672,world,s_curve,1,3.7720747833800172,0.10006988349119171,0.0,-0.2964137268293627,-0.632435103739914,-4.817249690542882,-0.2782845857019526,-0.45465437014431975,-0.15630222464181573,-0.4601814122207409,-0.7028616527343702,-0.734262246264631,1.2233717425412194,1.5674705934514501,1.622112487615202
/multi_agv/path_reference,1789710664.3985038,1789710664.397923,world,s_curve,1,3.773081093633646,0.10006988349119171,0.0,-0.2963076786565864,-0.6314343970213172,-4.818687276619494,-0.27793092683922266,-0.45464940264864945,-0.15634270648188714,-0.45920694568836906,-0.7016333887749124,-0.7334628566006702,1.2219341564646071,1.5660330073748379,1.6206749015385897
/multi_agv/path_reference,1789710664.40859,1789710664.4078581,world,s_curve,1,3.7740752419940544,0.10006988349119171,0.0,-0.29620149913165666,-0.6304459352342717,-4.820107488562935,-0.2775801664461169,-0.4546427608489534,-0.15638157009989975,-0.4582447564664873,-0.7004199774601649,-0.7326730717761629,1.2205139445211661,1.5646127954313969,1.6192546895951487
/multi_agv/path_reference,1789710664.4184332,1789710664.4179337,world,s_curve,1,3.7750835489983126,0.10006994866211226,6.467921621154576e-06,-0.2960923738136565,-0.6294435508253382,-4.821547927140446,-0.27722301531125987,-0.4546342644339936,-0.15641984169571602,-0.4572693735811648,-0.6991892956312336,-0.7318719832636162,1.2190735059436553,1.563172356853886,1.6178142510176379
/multi_agv/path_reference,1789710664.4284086,1789710664.4278386,world,s_curve,1,3.7760744806572446,0.10006994866211226,0.0,-0.295983722225336,-0.6284585938616121,-4.822963543796064,-0.2768706500781866,-0.4546241871940917,-0.15645632940372964,-0.4563113009026525,-0.6979798343172957,-0.731084646364888,1.2176578892880374,1.5617567401982682,1.61639863436202
/multi_agv/path_reference,1789710664.43839,1789710664.4378555,world,s_curve,1,3.777077146818567,0.10006994866211226,0.0,-0.2958723651311826,-0.6274621306880767,-4.824395924026524,-0.27651273229645745,-0.454612248173978,-0.15649211492311238,-0.4553423915048423,-0.6967560664368826,-0.7302879341225053,1.2162255090575775,1.5603243599678083,1.6149662541315601
/multi_agv/path_reference,1789710664.4488285,1789710664.44793,world,s_curve,1,3.77808530762063,0.10006994866211226,0.0,-0.2957589584124918,-0.6264603687689724,-4.825836153743757,-0.27615145377863964,-0.45459847597227854,-0.15652694548655707,-0.4543686904052774,-0.695525610833083,-0.729486805068557,1.2147852793403442,1.558884130250575,1.6135260244143268
/multi_agv/path_reference,1789710664.4585996,1789710664.4579256,world,s_curve,1,3.7790855385075885,0.10006910046824519,-8.485840460172693e-05,-0.2956450182825066,-0.625466648837262,-4.827265055010841,-0.27579163173195925,-0.45458306106464136,-0.15656036205091922,-0.4534031633370707,-0.6943048544834314,-0.7286919286912841,1.2133563780732604,1.557455228983491,1.612097123147243
/multi_agv/path_reference,1789710664.4684818,1789710664.4679317,world,s_curve,1,3.7800868636501606,0.10006910046824519,0.0,-0.2955295313091554,-0.6244720058722237,-4.828695519500229,-0.27543003444890035,-0.4545658820546369,-0.15659267742392888,-0.452437095967389,-0.6930827859403748,-0.7278961357089075,1.211925913583872,1.5560247644941028,1.6106666586578546
/multi_agv/path_reference,1789710664.478339,1789710664.477858,world,s_curve,1,3.781079988830433,0.10006910046824519,0.0,-0.29541358522698097,-0.6234856722758072,-4.830114269757762,-0.2750700341045306,-0.45454711744338316,-0.1566236041330291,-0.45147945166815523,-0.6918707505044037,-0.7271068146548627,1.2105071633263393,1.55460601423657,1.609247908400322
/multi_agv/path_reference,1789710664.488525,1789710664.4878926,world,s_curve,1,3.7820843171467793,0.10006910046824519,0.0,-0.29529490760442934,-0.6224883805355922,-4.8315490244953985,-0.27470459076554005,-0.4545263918122981,-0.1566537402354498,-0.45051152496347124,-0.6906450708672041,-0.7263085457761014,1.2090724085887028,1.5531712594989335,1.6078131536626854
/multi_agv/path_reference,1789710664.4984376,1789710664.4978797,world,s_curve,1,3.7830835268437624,0.10006814993324453,-9.519351068095466e-05,-0.2951754152665073,-0.6214963415095918,-4.832976466919661,-0.2743396324286778,-0.45450402696825165,-0.1566825864025925,-0.44954905262856637,-0.6894256687048084,-0.7255143031954008,1.2076449661644406,1.5517438170746713,1.6063857112384232
/multi_agv/path_reference,1789710664.5085063,1789710664.5078635,world,s_curve,1,3.7840826399749807,0.10006814993324453,0.0,-0.2950545187305668,-0.6205045699098317,-4.83440377139283,-0.27397333606480134,-0.4544799239400148,-0.15671029618688437,-0.4485871951700672,-0.688206417549341,-0.7247200970100871,1.2062176616912716,1.5503165126015024,1.6049584067652543
/multi_agv/path_reference,1789710664.51844,1789710664.5178723,world,s_curve,1,3.785084162447045,0.10006814993324453,0.0,-0.29493190997645863,-0.6195105808841176,-4.8358345177814925,-0.2736047788085122,-0.4544540161521927,-0.15673693496867105,-0.4476235439204617,-0.6869842619846611,-0.7239239367472301,1.2047869153026087,1.5488857662128395,1.6035276603765913
/multi_agv/path_reference,1789710664.5285473,1789710664.5278676,world,s_curve,1,3.786084540539747,0.10006814993324453,0.0,-0.2948080217932191,-0.6185179037589703,-4.8372636293424955,-0.273235266736012,-0.4544263924531091,-0.15676240619053616,-0.44666152116221675,-0.6857635411481866,-0.7231286489665076,1.2033578037416057,1.5474566546518365,1.6020985488155883
/multi_agv/path_reference,1789710664.53836,1789710664.5378566,world,s_curve,1,3.7870839888671775,0.10006722496591196,-9.261000455402225e-05,-0.29468283225453246,-0.6175263270511022,-4.838691412667396,-0.27286472559207475,-0.4543970523853359,-0.15678671878618675,-0.44570092083401913,-0.6845439955274769,-0.7223340647918107,1.2019300204167052,1.546028871326936,1.6006707654906878
/multi_agv/path_reference,1789710664.548431,1789710664.547868,world,s_curve,1,3.7880858082875037,0.10006722496591196,0.0,-0.29455592493836363,-0.6165325783347411,-4.8401225832678625,-0.27249192923451976,-0.45436589518601883,-0.1568099503945523,-0.44473857351041446,-0.6833215999583849,-0.7215375615354239,1.2004988498162388,1.5445977007264695,1.5992395948902214
/multi_agv/path_reference,1789710664.5584016,1789710664.5578506,world,s_curve,1,3.7890846765252313,0.10006722496591196,0.0,-0.2944279757850519,-0.6155419388444808,-4.841549537893187,-0.2721188603779587,-0.4543330882012272,-0.15683197877596985,-0.44377959323359617,-0.6821028509714216,-0.7207433723284248,1.1990718951909138,1.5431707461011446,1.5978126402648964
/multi_agv/path_reference,1789710664.568453,1789710664.5678809,world,s_curve,1,3.7900883089635395,0.10006722496591196,0.0,-0.29429799256876427,-0.6145467593328363,-4.842983298519342,-0.2717426340879323,-0.45429837301128617,-0.15685297060707437,-0.4428165761855481,-0.6808783374706152,-0.7199453643423458,1.1976381345647593,1.54173698547499,1.596378879638742
/multi_agv/path_reference,1789710664.5785215,1789710664.5778804,world,s_curve,1,3.791089159515894,0.1000663728436663,-8.519631841271982e-05,-0.2941669489739879,-0.6135545248687522,-4.844413085022706,-0.2713660761335667,-0.45426200583584797,-0.15687276495254898,-0.44185676659068107,-0.6796572688995244,-0.7191495391160512,1.1962083480613956,1.5403071989716264,1.5949490931353782
/multi_agv/path_reference,1789710664.5883842,1789710664.587872,world,s_curve,1,3.792088870812594,0.1000663728436663,0.0,-0.2940346384601475,-0.6125636079031656,-4.845841244017992,-0.27098857725788894,-0.45422393725045385,-0.15689140087209974,-0.44089858798628867,-0.6784376434032772,-0.7183545923199309,1.1947801890661096,1.5388790399763403,1.5935209341400922
/multi_agv/path_reference,1789710664.5983639,1789710664.5978699,world,s_curve,1,3.7930893747350334,0.1000663728436663,0.0,-0.2939008062794174,-0.6115720954858777,-4.8472705353357615,-0.2706094093782584,-0.4541840946014507,-0.15690891485854308,-0.43994019043791555,-0.6772171066038288,-0.7175589894158887,1.1933508977483398,1.5374497486585705,1.5920916428223224
/multi_agv/path_reference,1789710664.608528,1789710664.6078217,world,s_curve,1,3.794085129407351,0.1000663728436663,0.0,-0.2937662026138852,-0.6105854805399672,-4.848693042010502,-0.2702306818298976,-0.4541427092022919,-0.15692521680946608,-0.4389868812991037,-0.6760024212701691,-0.7167671390506288,1.1919283910735996,1.5360272419838303,1.5906691361475822
/multi_agv/path_reference,1789710664.6184855,1789710664.6178615,world,s_curve,1,3.795089925018235,0.10006524095821163,-0.00011272182076804559,-0.2936289539695918,-0.6095901027956633,-4.850128464311764,-0.26984714106070207,-0.45409919623852646,-0.15694052460954697,-0.4380254637386404,-0.6747767681970276,-0.7159680764513221,1.1904929687723373,1.534591819682568,1.58923371384632
/multi_agv/path_reference,1789710664.6283953,1789710664.6278489,world,s_curve,1,3.796089214839431,0.10006524095821163,0.0,-0.29349104066250914,-0.6086003756137739,-4.851556021199187,-0.26946433378737866,-0.454054177060375,-0.1569546111397738,-0.43706986125339387,-0.6735578942708188,-0.7151733713171092,1.1890654118849144,1.5331642627951452,1.587806156958897
/multi_agv/path_reference,1789710664.63829,1789710664.637838,world,s_curve,1,3.797088871399735,0.10006524095821163,0.0,-0.29335166319997225,-0.6076104832007525,-4.852984101999621,-0.2690800214740636,-0.4540074004241569,-0.15696756770169626,-0.43611445581839847,-0.6723386385657383,-0.7143783552181208,1.1876373310844799,1.5317361819947106,1.5863780761584625
/multi_agv/path_reference,1789710664.6483645,1789710664.6478522,world,s_curve,1,3.7980908214553617,0.10006524095821163,0.0,-0.2932105475183379,-0.6066185204471459,-4.854415459221945,-0.2686934586625208,-0.453958769249172,-0.15697941464332085,-0.4351574101216964,-0.6711166538338927,-0.7135814973858486,1.186205973862156,1.5303048247723867,1.5849467189361386
/multi_agv/path_reference,1789710664.6583457,1789710664.6578014,world,s_curve,1,3.7990865215285865,0.10006373178148499,-0.0001516660079140455,-0.293068905849524,-0.6056329464499228,-4.85583788789798,-0.2683079506785492,-0.45390870892272106,-0.1569900579473017,-0.43420688338184393,-0.6699023617839305,-0.7127895941839942,1.184783545186121,1.5288823960963518,1.5835242902601037
/multi_agv/path_reference,1789710664.6685925,1789710664.6678655,world,s_curve,1,3.800093580536452,0.10006373178148499,0.0,-0.29292422211925495,-0.6046363350481779,-4.857276543623503,-0.2679166695704624,-0.45385632027542533,-0.15699967651187718,-0.43324607186056463,-0.668674290848256,-0.7119886424357132,1.183344889460598,1.5274437403708288,1.5820856345345806
/multi_agv/path_reference,1789710664.678355,1789710664.6778605,world,s_curve,1,3.8010935783469573,0.10006373178148499,0.0,-0.29277913450514303,-0.6036469185371226,-4.858705111924224,-0.26752676486038257,-0.4538025510082163,-0.15700808764683027,-0.43229255522143584,-0.6674549065768485,-0.7111932938130836,1.181916321159877,1.5260151720701078,1.5806570662338597
/multi_agv/path_reference,1789710664.688531,1789710664.6879425,world,s_curve,1,3.802102392272551,0.10006373178148499,0.0,-0.2926313355642773,-0.6026489902680261,-4.860146274675072,-0.26713204270334556,-0.4537465425123186,-0.15701542147716777,-0.43133119766144234,-0.6662248511752119,-0.7103909219674241,1.180475158409029,1.5245740093192597,1.5792159034830116
/multi_agv/path_reference,1789710664.6985886,1789710664.697856,world,s_curve,1,3.8030943942896585,0.10006302516414294,-7.127633579384022e-05,-0.2924845977375087,-0.6016679011567184,-4.861563420413797,-0.2667425482832168,-0.4536897391317909,-0.1570215057975184,-0.4303864167811655,-0.6650153745716028,-0.7096019121173871,1.1790580126703039,1.5231568635805346,1.5777987577442865
/multi_agv/path_reference,1789710664.7085822,1789710664.707824,world,s_curve,1,3.804091808415608,0.10006302516414294,0.0,-0.2923356576657722,-0.6006816701378901,-4.862988297736583,-0.266349579322884,-0.45363089776244847,-0.157026495911984,-0.4294370388866965,-0.6637993817738131,-0.7088085897531607,1.1776331353475187,1.5217319862577494,1.5763738804215013
/multi_agv/path_reference,1789710664.7185922,1789710664.7178638,world,s_curve,1,3.8050964786118273,0.10006302516414294,0.0,-0.2921842134210361,-0.5996884799911116,-4.864423540874039,-0.2659523842453527,-0.4535698766212408,-0.15703037939651485,-0.42848132144305984,-0.662574628811262,-0.7080094897190132,1.176197892210062,1.5202967431202927,1.5749386372840446
/multi_agv/path_reference,1789710664.7286677,1789710664.7278678,world,s_curve,1,3.8060975173207376,0.10006302516414294,0.0,-0.2920318990843334,-0.5986990970189409,-4.8658535961724825,-0.26555526111069105,-0.45350732790269954,-0.1570331082396097,-0.42752962648867177,-0.6613543911920975,-0.7072132733760536,1.1747678369116188,1.5188666878218495,1.5735085819856014
/multi_agv/path_reference,1789710664.7386713,1789710664.7378392,world,s_curve,1,3.807095362383432,0.10006287117073014,-1.544230021488806e-05,-0.2918786627885422,-0.5977130882791005,-4.867279089119188,-0.26515805092526235,-0.4534432421951361,-0.15703469524522806,-0.42658153390746534,-0.6601381367866541,-0.7064195941431823,1.1733423439649129,1.5174411948751436,1.5720830890388955
/multi_agv/path_reference,1789710664.7483833,1789710664.7478058,world,s_curve,1,3.808092652997757,0.10006287117073014,0.0,-0.2917241074341911,-0.596727846663754,-4.868703789996796,-0.2647597114960701,-0.4533774598624417,-0.15703515094406148,-0.42563453483745195,-0.6589226506967905,-0.7056263544570198,1.1719176430873053,1.516016493997536,1.5706583881612879
/multi_agv/path_reference,1789710664.758395,1789710664.7578332,world,s_curve,1,3.809096015126916,0.10006287117073014,0.0,-0.29156719465422537,-0.5957368301319742,-4.870137164467023,-0.2643575857148949,-0.4533095294328117,-0.15703446881496946,-0.4246823441300903,-0.657699860564416,-0.7048282857014165,1.1704842686170784,1.5145831195273092,1.569225013691061
/multi_agv/path_reference,1789710664.7684343,1789710664.7678852,world,s_curve,1,3.81010170441827,0.10006287117073014,0.0,-0.2914084926476494,-0.5947437417942396,-4.871573863454671,-0.2639531580677172,-0.4532396826922346,-0.1570326371829964,-0.4237285243336172,-0.6564743333089282,-0.7040283677401735,1.1690475696294302,1.513146420539661,1.5677883147034128
/multi_agv/path_reference,1789710664.7783442,1789710664.777903,world,s_curve,1,3.811104279907059,0.10006280664460994,-6.440078339238993e-06,-0.29124886208885586,-0.5937539562012388,-4.8730061141529415,-0.2635486190881788,-0.4531682998004797,-0.15702966737790916,-0.42277823705462014,-0.6552527016449597,-0.7032309299041367,1.1676153189311598,1.5117141698413905,1.5663560640051424
/multi_agv/path_reference,1789710664.788348,1789710664.7878592,world,s_curve,1,3.8121003755286154,0.10006280664460994,0.0,-0.2910888595658866,-0.5927707952230375,-4.874429107898022,-0.26314534731367384,-0.4530956456418593,-0.1570255857421266,-0.42183466644093826,-0.6540390681327093,-0.7024386510954652,1.166192325186079,1.5102911760963098,1.5649330702600617
/multi_agv/path_reference,1789710664.7982967,1789710664.7978475,world,s_curve,1,3.8130998592768046,0.10006280664460994,0.0,-0.29092690676650734,-0.5917845199670675,-4.875856941824006,-0.26273935467772414,-0.4530210085890255,-0.15702035703277237,-0.42088846411076014,-0.6528214117158379,-0.7016436840746046,1.1647644912600952,1.508863342170326,1.5635052363340778
/multi_agv/path_reference,1789710664.8084004,1789710664.8078523,world,s_curve,1,3.814100955537123,0.10006280664460994,0.0,-0.29076328118392714,-0.5907968863219862,-4.877287079338747,-0.2623313531437568,-0.45294450836039957,-0.15701398204762507,-0.4199413172938783,-0.6516018988746817,-0.700847442797399,1.1633343537453542,1.507433204655585,1.5620750988193368
/multi_agv/path_reference,1789710664.8183868,1789710664.8178642,world,s_curve,1,3.81510272527499,0.10006222242999356,-5.835454065059615e-05,-0.29059813181287236,-0.5898088235111361,-4.878718178964271,-0.2619217216302542,-0.45286621091304646,-0.15700646289531647,-0.4189941183507248,-0.6503816763838517,-0.7000506757988318,1.1619032541198302,1.506002105030061,1.5606439991938128
/multi_agv/path_reference,1789710664.82835,1789710664.827855,world,s_curve,1,3.816102468252541,0.10006222242999356,0.0,-0.290431907025163,-0.5888229963621284,-4.880146383217916,-0.2615115678835842,-0.4527863310075152,-0.15699782218438973,-0.41804942116989896,-0.6491640355755746,-0.699255532340912,1.1604750498661853,1.504573900776416,1.559215794940168
/multi_agv/path_reference,1789710664.838584,1789710664.8378367,world,s_curve,1,3.817101370207113,0.10006222242999356,0.0,-0.29026441606103315,-0.5878382366356115,-4.881573386010161,-0.26110041207929346,-0.45270478154147636,-0.15698805456232962,-0.4171061047103261,-0.6479475342739972,-0.6984610709225113,1.1590480470739402,1.503146897984171,1.5577887921479228
/multi_agv/path_reference,1789710664.8485043,1789710664.847837,world,s_curve,1,3.818102031555742,0.10006222242999356,0.0,-0.2900952212809922,-0.5868519830743874,-4.883002902222489,-0.260687182830383,-0.452621347972892,-0.15697713303970162,-0.41616171599835433,-0.6467290082387068,-0.697665224986101,1.1576185308616123,1.501717381771843,1.5563592759355949
/multi_agv/path_reference,1789710664.8586447,1789710664.8578389,world,s_curve,1,3.819102804853656,0.10006139001196414,-8.322854463511951e-05,-0.28992459764456835,-0.5858658620907357,-4.884432578362365,-0.26027255752956974,-0.4525361629619607,-0.15696507244217467,-0.41521781341446595,-0.6455104664152466,-0.6968693064424946,1.1561888547217358,1.5002877056319666,1.5549295997957184
/multi_agv/path_reference,1789710664.868404,1789710664.8678584,world,s_curve,1,3.820105235168189,0.10006139001196414,0.0,-0.2897522783385178,-0.5848783539049538,-4.885864621668841,-0.25985589331560094,-0.4524490905454615,-0.156951851154491,-0.41427294319778574,-0.6442900303473713,-0.6960720881697045,1.1547568114152607,1.4988556623254914,1.5534975564892433
/multi_agv/path_reference,1789710664.8784728,1789710664.877914,world,s_curve,1,3.8211114420997645,0.10006139001196414,0.0,-0.2895778878839671,-0.5838873745001946,-4.88730206014252,-0.25943629905072274,-0.4523599326065688,-0.15693743199460977,-0.4133251142472077,-0.6430651229866731,-0.6952718862667031,1.153319372941581,1.4974182238518117,1.5520601180155635
/multi_agv/path_reference,1789710664.888711,1789710664.8879263,world,s_curve,1,3.8221134141331308,0.10006139001196414,0.0,-0.28940281608254836,-0.5829008160147738,-4.888733448761616,-0.2590171173326438,-0.45226940037204133,-0.15692193054295997,-0.41238187480447885,-0.6418454995907631,-0.6944750736490798,1.1518879843224854,1.4959868352327164,1.5506287293964682
/multi_agv/path_reference,1789710664.8987143,1789710664.8978088,world,s_curve,1,3.823102266002719,0.10006073043822228,-6.674147303360608e-05,-0.2892286522965451,-0.5819274225539277,-4.890146094289598,-0.2586021011253696,-0.4521783419964005,-0.1569055137678652,-0.4114515756918008,-0.6406419746404491,-0.6936887173295333,1.1504753387945033,1.494574189704734,1.5492160838684859
/multi_agv/path_reference,1789710664.908414,1789710664.9078052,world,s_curve,1,3.824102511787682,0.10006073043822228,0.0,-0.28905108304362986,-0.5809430645819557,-4.891575016839545,-0.25818096644049016,-0.45208450490550955,-0.1568877777848898,-0.41051115471496935,-0.6394247143193421,-0.6928933247115556,1.149046416244556,1.4931452671547867,1.5477871613185386
/multi_agv/path_reference,1789710664.9183924,1789710664.917834,world,s_curve,1,3.8251060225542792,0.10006073043822228,0.0,-0.2888715208944978,-0.5799557494766023,-4.89300860364897,-0.2577571071588383,-0.4519886137185543,-0.15686884180610078,-0.40956826971976634,-0.6382036166360798,-0.6920953620739609,1.1476128294351313,1.491711680345362,1.546353574509114
/multi_agv/path_reference,1789710664.9283566,1789710664.9278338,world,s_curve,1,3.8261064241338,0.10006073043822228,0.0,-0.28869110643768464,-0.5789717506096244,-4.894437748762571,-0.2573332161257057,-0.45189127730843837,-0.1568488258789099,-0.408628911854419,-0.6369864403679674,-0.6912998996064869,1.1461836843215303,1.490282535231761,1.5449244293955129
/multi_agv/path_reference,1789710664.938371,1789710664.9378042,world,s_curve,1,3.827104245602142,0.10006094664985392,2.1681574535136776e-05,-0.2885097566166004,-0.5779905473926661,-4.8958632080030595,-0.25690908147187513,-0.45179245922898453,-0.15682772914894155,-0.407692581079508,-0.6357725430971737,-0.6905065180013168,1.1447582250810415,1.4888570759912725,1.5434989701550244
/multi_agv/path_reference,1789710664.9485679,1789710664.9479156,world,s_curve,1,3.8281158873883743,0.10006094664985392,0.0,-0.2883244674747217,-0.5769960189335372,-4.89730841055482,-0.25647771036093797,-0.451690506228728,-0.15680518583449912,-0.4067438998238602,-0.6345419777996864,-0.6897021791770652,1.1433130225292811,1.4874118734395119,1.5420537676032637
/multi_agv/path_reference,1789710664.9589653,1789710664.957853,world,s_curve,1,3.8291102856716703,0.10006094664985392,0.0,-0.28814093582812994,-0.5760187042907687,-4.898728979530958,-0.2560523560507926,-0.4515885577208788,-0.15678189371271845,-0.4058119974667618,-0.6333325324442344,-0.68891158296131,1.1418924535531434,1.4859913044633741,1.540633198627126
/multi_agv/path_reference,1789710664.9687252,1789710664.9678524,world,s_curve,1,3.8301108171906915,0.10006094664985392,0.0,-0.28795487126257086,-0.5750356258990944,-4.900158310272416,-0.2556230426678644,-0.4514842465833131,-0.1567573245365351,-0.40487495811795726,-0.632115774875843,-0.6881161447034829,1.1404631228116853,1.484561973721916,1.5392038678856679
/multi_agv/path_reference,1789710664.978933,1789710664.9779427,world,s_curve,1,3.831120486992342,0.10006120611505688,2.571375424997233e-05,-0.2877656832174087,-0.5740438392224045,-4.901600695703346,-0.25518845107246835,-0.4513772199754633,-0.15673137860429445,-0.4039299833911565,-0.6308880565155273,-0.6873134777605301,1.1390207373807555,1.4831195882909862,1.537761482454738
/multi_agv/path_reference,1789710664.9884632,1789710664.987877,world,s_curve,1,3.8321143848465007,0.10006120611505688,0.0,-0.2875780531310219,-0.5730678127236507,-4.903020549780715,-0.2547593170530283,-0.45127013543643313,-0.1567047069036044,-0.40300038326626464,-0.6296796682887045,-0.6865233866159832,1.1376008833033864,1.4816997342136171,1.536341628377369
/multi_agv/path_reference,1789710664.9984117,1789710664.9978251,world,s_curve,1,3.8331098521606775,0.10006120611505688,0.0,-0.2873887379145017,-0.5720905129988322,-4.904442645943825,-0.25432818286472825,-0.4511611621734356,-0.15667686870534128,-0.4020699268929112,-0.628469525515475,-0.6857320865881104,1.1361787871402762,1.480277638050507,1.5349195322142588
/multi_agv/path_reference,1789710665.0083427,1789710665.0078428,world,s_curve,1,3.8341123874982705,0.10006120611505688,0.0,-0.2871966741736606,-0.5711065473249092,-4.905874839283244,-0.2538926507626785,-0.45104967608805135,-0.15664769567025208,-0.40113348468073384,-0.6272509483248546,-0.6849352089691391,1.1347465938008576,1.4788454447110884,1.5334873388748402
/multi_agv/path_reference,1789710665.018398,1789710665.017941,world,s_curve,1,3.8351227094891667,0.10006020425940056,-9.922171596138418e-05,-0.2870016934088293,-0.5701152184962555,-4.907318156413095,-0.25345237973896584,-0.45093555880445846,-0.15661714168306365,-0.40019040114375365,-0.626023069254872,-0.6841321850901407,1.1333032766710063,1.477402127581237,1.5320440217449889
/multi_agv/path_reference,1789710665.0285275,1789710665.0279362,world,s_curve,1,3.836122745391125,0.10006020425940056,0.0,-0.28680728867224886,-0.5691342605812371,-4.908746779130178,-0.25301525086714216,-0.45082085797492844,-0.15658575717467602,-0.3992575459291747,-0.6248078547224017,-0.6833373810921349,1.1318746539539233,1.475973504864154,1.5306153990279059
/multi_agv/path_reference,1789710665.0383592,1789710665.0378675,world,s_curve,1,3.837116658709245,0.10006020425940056,0.0,-0.28661268559860287,-0.5681595846561016,-4.910166655298921,-0.2525794780389688,-0.45070513915465665,-0.1565534396021832,-0.39833102173689516,-0.6236002437967931,-0.6825474884346165,1.13045477778518,1.4745536286954108,1.5291955228591627
/multi_agv/path_reference,1789710665.0484912,1789710665.047919,world,s_curve,1,3.8381222648627142,0.10006020425940056,0.0,-0.2864143852277354,-0.5671737243606281,-4.911603235518163,-0.25213724051609276,-0.4505863143867421,-0.1565196007803713,-0.3973942281002813,-0.6223785944013236,-0.6817483505802795,1.1290181975659386,1.4731170484761693,1.5277589426399212
/multi_agv/path_reference,1789710665.0583875,1789710665.0578656,world,s_curve,1,3.839117343025343,0.10005842778514396,-0.00017863041094852991,-0.286216766716595,-0.5661984668026222,-4.91302477575049,-0.2516983083349,-0.45046700591558353,-0.15648498589930163,-0.3964678684093119,-0.6211699041412536,-0.6809576278573012,1.1275966573336116,1.4716955082438423,1.5263374024075942
/multi_agv/path_reference,1789710665.068334,1789710665.067832,world,s_curve,1,3.8401148980342934,0.10005842778514396,0.0,-0.2860172650496554,-0.5652210646799152,-4.914449854334705,-0.25125696235985606,-0.45034567605653664,-0.15644915673257356,-0.3955398301343311,-0.6199583767801046,-0.68016498712531,1.1261715787493967,1.4702704296596274,1.5249123238233793
/multi_agv/path_reference,1789710665.07831,1789710665.0778306,world,s_curve,1,3.84111532351942,0.10005842778514396,0.0,-0.28581579069659635,-0.5642411365891636,-4.915879033599171,-0.250813018687251,-0.4502222632835462,-0.15641209011899196,-0.39460975402195775,-0.6187435381097987,-0.6793701176357346,1.1247423994849304,1.4688412503951611,1.523483144558913
/multi_agv/path_reference,1789710665.088355,1789710665.0878599,world,s_curve,1,3.842118734347798,0.10005842778514396,0.0,-0.28561230865201115,-0.5632585745438705,-4.917312477639711,-0.25036641559268147,-0.45009673844681847,-0.1563737719165335,-0.3936775407504351,-0.6175252526721392,-0.6785729302090374,1.1233089554443905,1.4674078063546212,1.522049700518373
/multi_agv/path_reference,1789710665.0983996,1789710665.0978513,world,s_curve,1,3.84311839536894,0.10005722422829112,-0.00012046539311680245,-0.285408186576753,-0.5622799754619556,-4.918740564812771,-0.24992015304139778,-0.44996994616472163,-0.15633446052413955,-0.3927494487837391,-0.6163117002290922,-0.6777787773730356,1.1218808682713297,1.4659797191815607,1.5206216133453125
/multi_agv/path_reference,1789710665.1086154,1789710665.1079342,world,s_curve,1,3.844127414442092,0.10005722422829112,0.0,-0.2852007370107757,-0.5612925120504282,-4.92018202063156,-0.249468369664324,-0.44984020995307694,-0.15629363141492617,-0.3918133159117333,-0.615086972260391,-0.6769772479791604,1.1204394124525412,1.464538263362772,1.5191801575265238
/multi_agv/path_reference,1789710665.1185284,1789710665.1178625,world,s_curve,1,3.8451206379815415,0.10005722422829112,0.0,-0.28499514442494056,-0.5603207998911426,-4.921600911402202,-0.24902234066106682,-0.44971078007446846,-0.15625231253928645,-0.3908924746637302,-0.6138816005999816,-0.676188324409716,1.119020521681899,1.4631193725921297,1.5177612667558815
/multi_agv/path_reference,1789710665.1286266,1789710665.1279056,world,s_curve,1,3.8461256713752237,0.10005722422829112,0.0,-0.28478570447683027,-0.5593378315015406,-4.9230366733931765,-0.2485696791243639,-0.44957807088839585,-0.15620936341773103,-0.3899613292715397,-0.612662084637204,-0.6753900805958784,1.1175847596909247,1.4616836106011555,1.5163255047649074
/multi_agv/path_reference,1789710665.1386683,1789710665.1378622,world,s_curve,1,3.847121728248443,0.10005621042058938,-0.00010183932209026186,-0.2845767425706017,-0.5583639403130146,-4.924459611783489,-0.24811974163628595,-0.44944481925153784,-0.15616566682398142,-0.3890391427112596,-0.6114536501589817,-0.6745990280688027,1.116161821300612,1.4602606722108427,1.5149025663745945
/multi_agv/path_reference,1789710665.1486607,1789710665.1478717,world,s_curve,1,3.848123404678664,0.10005621042058938,0.0,-0.2843652046367268,-0.5573848554340994,-4.925890578112377,-0.24766594302693737,-0.44930908208170006,-0.156120588801543,-0.3881123999155,-0.6102385903391906,-0.6738035760476079,1.1147308549717239,1.4588297058819546,1.5134716000457065
/multi_agv/path_reference,1789710665.158678,1789710665.1578517,world,s_curve,1,3.849121970561416,0.10005621042058938,0.0,-0.28415292918014284,-0.5564091132644465,-4.927317100802022,-0.24721223399460832,-0.449172035823975,-0.15607451772184525,-0.3871891822893707,-0.6090274982878541,-0.6730106592161149,1.113304332282079,1.4574031831923098,1.5120450773560616
/multi_agv/path_reference,1789710665.1686893,1789710665.1678114,world,s_curve,1,3.850118488093428,0.10005621042058938,0.0,-0.2839397016703255,-0.5554356755156684,-4.928740697276326,-0.24675814310153968,-0.44903354842020515,-0.15602741348923166,-0.38626850463905904,-0.6078190866811056,-0.6722194352268406,1.1118807358077754,1.455979586718006,1.510621480881758
/multi_agv/path_reference,1789710665.1785307,1789710665.177836,world,s_curve,1,3.8511215077276133,0.10005535698016073,-8.51342125709753e-05,-0.2837236839642605,-0.5544561937328509,-4.930173582468019,-0.24629976651418908,-0.4488924206205947,-0.15597886475799777,-0.38534247340629013,-0.6066029906752378,-0.671423117117025,1.1104478506160826,1.4545467015263134,1.5091885956900652
/multi_agv/path_reference,1789710665.1885128,1789710665.1878579,world,s_curve,1,3.852124097023708,0.10005535698016073,0.0,-0.283506356576863,-0.5534774425235953,-4.931605852891011,-0.24584026101553808,-0.44874961210915,-0.155929196605901,-0.38441749680857645,-0.6053876197636251,-0.6706272109985846,1.1090155801930899,1.4531144311033206,1.5077563252670725
/multi_agv/path_reference,1789710665.1985347,1789710665.1978564,world,s_curve,1,3.8531245378311225,0.10005535698016073,0.0,-0.283288097714341,-0.5525011000088706,-4.933035054044461,-0.24538042003453142,-0.44860537454233335,-0.15587849856615826,-0.3834951593649878,-0.6041750584616248,-0.6698330821999996,1.1075863790396405,1.4516852299498713,1.5063271241136231
/multi_agv/path_reference,1789710665.2084234,1789710665.2078311,world,s_curve,1,3.8541224608455336,0.10005535698016073,0.0,-0.2830689981300186,-0.5515275264140699,-4.934460658350762,-0.2449204234558305,-0.448459773559692,-0.1558267973745333,-0.3825757988398072,-0.6029657554151867,-0.669041024987216,1.1061607747333393,1.45025962564357,1.504901519807322
/multi_agv/path_reference,1789710665.2185032,1789710665.2178557,world,s_curve,1,3.855125592123919,0.10005420756022493,-0.00011464531443533534,-0.28284735667522287,-0.5505491873862352,-4.93589370303417,-0.2444567058802259,-0.4483116755356301,-0.15577368860981264,-0.3816523018864232,-0.6017503512798565,-0.6682449089924258,1.1047277300499316,1.4488265809601624,1.5034684751239142
/multi_agv/path_reference,1789710665.2286217,1789710665.2278094,world,s_curve,1,3.856121610048418,0.10005420756022493,0.0,-0.2826258997066918,-0.5495781012170082,-4.937316585783454,-0.2439949673907606,-0.44816290429624905,-0.15571982743306564,-0.38073601206740687,-0.6005437770343354,-0.6674545145492825,1.1033048473006475,1.4474036982108782,1.50204559237463
/multi_agv/path_reference,1789710665.2387407,1789710665.2378066,world,s_curve,1,3.857121876174516,0.10005420756022493,0.0,-0.28240210799722004,-0.5486031912612905,-4.938745537392165,-0.24352994802878347,-0.4480117710412416,-0.15566460492163509,-0.37981647620531145,-0.5993322707566415,-0.6666608268219187,1.101875895691936,1.4459747466021666,1.5006166407659185
/multi_agv/path_reference,1789710665.2486246,1789710665.2478034,world,s_curve,1,3.858122081667764,0.10005420756022493,0.0,-0.28217693710768343,-0.547628661155389,-4.94017440238252,-0.24306364347509812,-0.4478589160738411,-0.15560825177411108,-0.37889766145109294,-0.598121055096038,-0.6658672669190361,1.1004470307015812,1.444545881611812,1.4991877757755638
/multi_agv/path_reference,1789710665.2586136,1789710665.257814,world,s_curve,1,3.859123671044132,0.10005272166747609,-0.00014843169979175983,-0.2819500596007637,-0.5466531060810882,-4.94160524434876,-0.24259537869366224,-0.4477041155774435,-0.1555506845311854,-0.3779782440218583,-0.5969083836873229,-0.6650726905340835,1.0990161887353413,1.443115039645572,1.497756933809324
/multi_agv/path_reference,1789710665.2684872,1789710665.2678134,world,s_curve,1,3.8601241466336025,0.10005272166747609,0.0,-0.281722041033906,-0.5456789609345497,-4.943034495190861,-0.24212632171627993,-0.4475477550862895,-0.15549204629914856,-0.3770605188479269,-0.5956972831676788,-0.6642790807880437,1.0975869378932406,1.4416857888034713,1.4963276829672232
/multi_agv/path_reference,1789710665.2784164,1789710665.2778094,world,s_curve,1,3.8611242883471406,0.10005272166747609,0.0,-0.28149270717840724,-0.544705467607182,-4.944463269067343,-0.24165611073284327,-0.44738971682078277,-0.15543229398159578,-0.376143770939068,-0.5944868114190717,-0.6634858204634063,1.096158164016758,1.4402570149269887,1.4948989090907405
/multi_agv/path_reference,1789710665.2890282,1789710665.2878876,world,s_curve,1,3.8621325818561765,0.10005272166747609,0.0,-0.2812600967663047,-0.5437243722906828,-4.945903688365966,-0.2411807422104442,-0.4472286402900508,-0.1553709077984191,-0.3752202318715655,-0.5932667032875828,-0.6626861817129003,1.0947177447181349,1.4388165956283656,1.4934584897921175
/multi_agv/path_reference,1789710665.2987652,1789710665.2978618,world,s_curve,1,3.8631303454638983,0.10005142214195172,-0.00013031080289635193,-0.2810285242337258,-0.5427538537641474,-4.947329064948426,-0.24070902861796734,-0.4470675156130197,-0.15530902847019043,-0.374307012673877,-0.5920595668382606,-0.6618949817803049,1.0932923681356752,1.437391219045906,1.4920331132096578
/multi_agv/path_reference,1789710665.308981,1789710665.3079078,world,s_curve,1,3.8641356669560487,0.10005142214195172,0.0,-0.2807937986049126,-0.5417763185946775,-4.948765238508641,-0.24023242575421963,-0.44690343028582313,-0.15524553977469502,-0.37338755699679926,-0.590843520092544,-0.6610978786946892,1.0918561945754601,1.4359550454856909,1.4905969396494427
/multi_agv/path_reference,1789710665.318918,1789710665.317832,world,s_curve,1,3.865128448503205,0.10005142214195172,0.0,-0.2805606235685809,-0.5408113085237071,-4.950183497861722,-0.23976047265563497,-0.4467396781822377,-0.15518171986787013,-0.37248024280652925,-0.589642874213446,-0.6603108085511461,1.0904379352223796,1.4345367861326104,1.4891786802963622
/multi_agv/path_reference,1789710665.329045,1789710665.3278303,world,s_curve,1,3.8661287246022398,0.10005142214195172,0.0,-0.28032430429542726,-0.5398393490056193,-4.951612463717486,-0.23928365577476107,-0.4465729678613064,-0.15511628925021437,-0.37156675715239107,-0.5884334007255483,-0.6595178891389186,1.0890089693666156,1.4331078202768464,1.4877497144405982
/multi_agv/path_reference,1789710665.338952,1789710665.337849,world,s_curve,1,3.86713098843321,0.10005026461619955,-0.00011554917400556358,-0.28008612265403376,-0.5388657977122967,-4.9530442691903,-0.2388045826657798,-0.4464041930149257,-0.15504959228139586,-0.37065214054915735,-0.5872217639566953,-0.6587234886310375,1.0875771638938017,1.4316760148040324,1.4863179089677843
/multi_agv/path_reference,1789710665.34907,1789710665.347907,world,s_curve,1,3.8681375831399842,0.10005026461619955,0.0,-0.279845508635542,-0.537888383970559,-4.954482261628549,-0.23832212144507758,-0.44623294252819923,-0.15498146193334916,-0.36973426324724534,-0.5860051361740964,-0.6579257524903356,1.0861391714555526,1.4302380223657833,1.4848799165295352
/multi_agv/path_reference,1789710665.3587399,1789710665.3578124,world,s_curve,1,3.8691286211311637,0.10005026461619955,0.0,-0.27960724109804247,-0.5369264147840185,-4.9558980301873765,-0.23784582828469542,-0.44606263039935573,-0.15491326461007632,-0.3688312500711892,-0.5848075527461456,-0.6571404415347206,1.0847234028967248,1.4288222538069555,1.4834641479707074
/multi_agv/path_reference,1789710665.3684864,1789710665.3678586,world,s_curve,1,3.8701336320422492,0.10005026461619955,0.0,-0.2793642230141876,-0.5359512281514421,-4.957333760060356,-0.23736151407608777,-0.4458881851131036,-0.1548429698533715,-0.36791619477488324,-0.5835933318715635,-0.6563441578078798,1.083287673023745,1.4273865239339758,1.4820284180977277
/multi_agv/path_reference,1789710665.3784966,1789710665.3779263,world,s_curve,1,3.8711408629205546,0.10004897782772543,-0.00012781763773272908,-0.27911926346316057,-0.5349742385484905,-4.958772661315078,-0.23687481227010176,-0.4457116054325999,-0.1547713726867801,-0.36699981685459904,-0.5823766814933155,-0.6555462172975569,1.0818487717690233,1.425947622679254,1.4805895168430059
/multi_agv/path_reference,1789710665.3883777,1789710665.3878849,world,s_curve,1,3.872137303916797,0.10004897782772543,0.0,-0.278875545474483,-0.5340080625646199,-4.960196148452567,-0.23639202773375623,-0.4455351954046469,-0.15469941328504588,-0.36609394546789287,-0.5811733155073872,-0.6547569267185797,1.0804252846315339,1.4245241355417646,1.4791660297055165
/multi_agv/path_reference,1789710665.398312,1789710665.39783,world,s_curve,1,3.873132155835125,0.10004897782772543,0.0,-0.27863084444723474,-0.5330437744442381,-4.96161736547875,-0.23590872729001683,-0.44535735810098775,-0.1546264479506997,-0.36519020520722445,-0.5799721203011393,-0.6539689978243507,1.0790040676053514,1.4231029185155821,1.477744812679334
/multi_agv/path_reference,1789710665.4083624,1789710665.407854,world,s_curve,1,3.8741351530408843,0.10004897782772543,0.0,-0.2783827524549295,-0.5320719444256145,-4.963050218629834,-0.2354201697201082,-0.44517633636349174,-0.15455175128118856,-0.3642797619952234,-0.5787613475802641,-0.653174723701356,1.077571214454267,1.4216700653644978,1.4763119595282497
/multi_agv/path_reference,1789710665.4182854,1789710665.4178317,world,s_curve,1,3.875133540646301,0.10004700838961895,-0.00019735460425597981,-0.27813441822505913,-0.5311049347302574,-4.964476486637572,-0.2349325626477307,-0.4449944240639669,-0.15447626796347985,-0.3633741991011675,-0.5775563981242096,-0.6523842069653953,1.076144946446529,1.4202437973567597,1.4748856915205115
/multi_agv/path_reference,1789710665.4283373,1789710665.427819,world,s_curve,1,3.8761326442881567,0.10004700838961895,0.0,-0.27788452541198544,-0.5301375870684654,-4.96590377755451,-0.23444331336501006,-0.4448106610199807,-0.1543996018509656,-0.3624686838815902,-0.5763508454580357,-0.6515932318657702,1.0747176555295916,1.4188165064398224,1.4734584006035742
/multi_agv/path_reference,1789710665.4383223,1789710665.4378505,world,s_curve,1,3.8771362112271506,0.10004700838961895,0.0,-0.27763212634529155,-0.5291662780864719,-4.967337444610215,-0.2339505776424502,-0.44462434480661756,-0.1543214565868069,-0.3615598274262384,-0.575140172563281,-0.6507988342698965,1.0732839884738863,1.417382839384117,1.472024733547869
/multi_agv/path_reference,1789710665.4483218,1789710665.447856,world,s_curve,1,3.8781373586292935,0.10004700838961895,0.0,-0.27737894867320123,-0.5281976723799021,-4.968767655184705,-0.23345773220934118,-0.44443674867068905,-0.15424236513957343,-0.360653866930895,-0.5739326858815876,-0.6500064643272239,1.071853777899396,1.4159526288096267,1.4705945229733786
/multi_agv/path_reference,1789710665.4582407,1789710665.4578009,world,s_curve,1,3.8791323411230403,0.10004545801180077,-0.0001558904401697985,-0.27712595802267753,-0.5272353908589044,-4.9701890587472,-0.23296663864601375,-0.4442485971486312,-0.15416263827338775,-0.35975418441415186,-0.5727329016872594,-0.6492190864753019,1.0704323743369009,1.4145312252471316,1.4691731194108835
/multi_agv/path_reference,1789710665.468507,1789710665.4678617,world,s_curve,1,3.880138687080044,0.10004545801180077,0.0,-0.27686868646403584,-0.5262624862621362,-4.971626695828634,-0.23246863561172462,-0.4440565617716009,-0.154080862008782,-0.35884493794562267,-0.5715196884529706,-0.6484228323878155,1.068994737255467,1.4130935881656976,1.4677354823294495
/multi_agv/path_reference,1789710665.478443,1789710665.4778252,world,s_curve,1,3.8811354564857163,0.10004545801180077,0.0,-0.27661248503551156,-0.5252992054585505,-4.973050652122452,-0.23197408400605116,-0.4438646350998518,-0.1539987360006318,-0.3579450505847229,-0.5703182936196342,-0.6476342721712945,1.0675707809616495,1.4116696318718802,1.466311526035632
/multi_agv/path_reference,1789710665.4884293,1789710665.4878228,world,s_curve,1,3.882135698869418,0.10004545801180077,0.0,-0.2763540122106882,-0.5243329361103864,-4.974479569813454,-0.23147652152150847,-0.4436703200764702,-0.153915195034086,-0.3570427366680923,-0.5691129888366043,-0.646843082826463,1.0661418632706474,1.4102407141808782,1.46488260834463
/multi_agv/path_reference,1789710665.4983654,1789710665.4978085,world,s_curve,1,3.8831348698602666,0.10004444565975934,-0.00010136423067245813,-0.27609443805282374,-0.5233680714802601,-4.975906956943238,-0.23097820528456214,-0.44347449391989346,-0.15383061495401562,-0.35614209999018315,-0.5679092535249322,-0.646052860925665,1.0647144761408636,1.4088133270510943,1.4634552212148462
/multi_agv/path_reference,1789710665.5085113,1789710665.5078332,world,s_curve,1,3.884137788115872,0.10004444565975934,0.0,-0.2758325055141043,-0.5223999618796521,-4.9773396973083885,-0.230476727734409,-0.44327620551451485,-0.15374458329338914,-0.35523880185137613,-0.5667012861281722,-0.6452597976594081,1.0632817357757127,1.4073805866859435,1.4620224808496953
/multi_agv/path_reference,1789710665.5184147,1789710665.5178823,world,s_curve,1,3.8851431602616406,0.10004444565975934,0.0,-0.27556854015328053,-0.5214298612334413,-4.978775943230915,-0.22997272470162533,-0.44307569502653116,-0.15365720073168515,-0.3543340156438558,-0.5654906495408336,-0.6444649185156346,1.061845489853186,1.4059443407634167,1.4605862349271685
/multi_agv/path_reference,1789710665.5283544,1789710665.5278344,world,s_curve,1,3.8861388143900912,0.10004444565975934,0.0,-0.27530575373812055,-0.5204695121958073,-4.980198306271559,-0.22947231353441122,-0.44287540958384375,-0.15356953809610674,-0.3534386894142231,-0.5642920000273522,-0.6436778471458467,1.0604231268125424,1.404521977722773,1.459163871886525
/multi_agv/path_reference,1789710665.5383613,1789710665.5378323,world,s_curve,1,3.887139049426282,0.10004355234695712,-8.93491857984835e-05,-0.2750403829744867,-0.5195051220708797,-4.981627213466117,-0.2289683180984066,-0.4426724859972445,-0.1534803448278089,-0.3525399615191818,-0.5630881237592386,-0.6428872809342189,1.058994219617984,1.4030930705282147,1.4577349646919666
/multi_agv/path_reference,1789710665.5483644,1789710665.5478575,world,s_curve,1,3.8881418018583807,0.10004355234695712,0.0,-0.2747729612841017,-0.518538686400336,-4.983059716940543,-0.22846176558868037,-0.4424673250907941,-0.15338979317283075,-0.3516396955308272,-0.5618815098832229,-0.6420948537869579,1.057561716143558,1.4016605670537887,1.4563024612175406
/multi_agv/path_reference,1789710665.5583649,1789710665.557866,world,s_curve,1,3.8891432917408486,0.10004355234695712,0.0,-0.27450449481372635,-0.5175738508882863,-4.9844904167726405,-0.22795456423878313,-0.44226069754260755,-0.1532982226597884,-0.35074128822899026,-0.5606767097956316,-0.6413035546402372,1.0561310163114608,1.4002298672216915,1.4548717613854434
/multi_agv/path_reference,1789710665.568545,1789710665.5678825,world,s_curve,1,3.8901453346640738,0.10004355234695712,0.0,-0.2742344988237051,-0.5166088679811106,-4.985921906662963,-0.22744579689769845,-0.4420522309583853,-0.15320546861503156,-0.34984311198762347,-0.5594715414998346,-0.6405119504558738,1.0546995264211385,1.3987983773313692,1.4534402714951211
/multi_agv/path_reference,1789710665.578453,1789710665.5778804,world,s_curve,1,3.891145528217057,0.10004276530543199,-7.872257359548613e-05,-0.27396362392388335,-0.5156460524437342,-4.987350754595796,-0.2269366869352869,-0.441842428971327,-0.15311175586503623,-0.3489473206025154,-0.558268896270049,-0.6397219404586383,1.0532706784883055,1.3973695293985362,1.452011423562288
/multi_agv/path_reference,1789710665.5884383,1789710665.587864,world,s_curve,1,3.892144189014833,0.10004276530543199,0.0,-0.27369179188711185,-0.5146850994996199,-4.988777412878333,-0.22642708071094164,-0.44163123430074036,-0.15301706064965362,-0.34805362865022366,-0.5570683943432204,-0.6389332755054158,1.0518440202057682,1.395942871115999,1.4505847652797508
/multi_agv/path_reference,1789710665.5984263,1789710665.5978367,world,s_curve,1,3.8931420470694604,0.10004276530543199,0.0,-0.27341880935572443,-0.5137253073015893,-4.990202924384944,-0.22591661120384468,-0.44141849898995944,-0.15292131787336927,-0.3471613821234777,-0.5558691595555151,-0.6381453802257752,1.0504185086991573,1.3945173596093883,1.4491592537731401
/multi_agv/path_reference,1789710665.6083393,1789710665.6078315,world,s_curve,1,3.894141985213264,0.10004276530543199,0.0,-0.2731438855235517,-0.5127639057178397,-4.99163140744752,-0.22540380217226474,-0.44120360550943044,-0.1528242488889599,-0.3462680065442799,-0.5546677303436186,-0.6373559802656207,1.0489900256365812,1.393088876546812,1.4477307707105638
/multi_agv/path_reference,1789710665.618352,1789710665.6178439,world,s_curve,1,3.895143520210124,0.10004182299897389,-9.412557343225608e-05,-0.27286714625354586,-0.5118013634837085,-4.993062171728749,-0.22488889546205532,-0.4409866486981341,-0.1527258946004482,-0.34537393950860507,-0.5534646914566886,-0.636565459485832,1.0475592613553526,1.3916581122655833,1.4463000064293352
/multi_agv/path_reference,1789710665.6285949,1789710665.6278994,world,s_curve,1,3.896149593704326,0.10004182299897389,0.0,-0.272587766583874,-0.5108348591129968,-4.9944994195776085,-0.22437036797151602,-0.4407669758957191,-0.15262595588438696,-0.3444765636448808,-0.5522565147443522,-0.6357714989497573,1.0461220135064928,1.3902208644167235,1.4448627585804754
/multi_agv/path_reference,1789710665.6385038,1789710665.63787,world,s_curve,1,3.8971470561986554,0.10004182299897389,0.0,-0.27230940726369357,-0.5098770243960729,-4.995924365998079,-0.22385500602595165,-0.440547469453902,-0.15252574631122703,-0.3435876050071896,-0.5510589916934658,-0.6349844764875632,1.0446970670860218,1.3887959179962526,1.4434378121600044
/multi_agv/path_reference,1789710665.6484623,1789710665.6478379,world,s_curve,1,3.8981442818939898,0.10004182299897389,0.0,-0.2720297499440835,-0.5089198145445764,-4.997348974134271,-0.2233385006959459,-0.44032630955987717,-0.15242443957642746,-0.34269959240943504,-0.5498620668212599,-0.6341977844030342,1.0432724589498306,1.3873713098600613,1.4420132040238132
/multi_agv/path_reference,1789710665.6584036,1789710665.657844,world,s_curve,1,3.899145154220094,0.10004078367456587,-0.00010388420736477736,-0.271747699050222,-0.5079595059833539,-4.998778791742991,-0.2228188350541901,-0.44010262656841936,-0.15232163552805653,-0.34180907333854316,-0.5486610831068819,-0.6334083615046369,1.0418426413411104,1.3859414922513411,1.440583386415093
/multi_agv/path_reference,1789710665.6684353,1789710665.667867,world,s_curve,1,3.9001479837440898,0.10004078367456587,0.0,-0.2714637197683179,-0.5069977250069917,-5.0002114053487,-0.2222968766936508,-0.43987678413547043,-0.1522174984758325,-0.34091755899650433,-0.5474580728856908,-0.6326175431387802,1.0404100277354016,1.3845088786456323,1.4391507728093842
/multi_agv/path_reference,1789710665.6783826,1789710665.6778386,world,s_curve,1,3.901145587937873,0.10004078367456587,0.0,-0.2711798534612824,-0.5060413600789563,-5.001636554196962,-0.22177637143955864,-0.4396504087995113,-0.15211278014477742,-0.3400314327729991,-0.5462616532657144,-0.6318309941981556,1.0389848788871396,1.3830837297973704,1.4377256239611222
/multi_agv/path_reference,1789710665.6885266,1789710665.6879241,world,s_curve,1,3.902154555764274,0.10004078367456587,0.0,-0.2708913674505971,-0.5050745138053666,-5.003077936806106,-0.2212486530094933,-0.439419720594066,-0.15200572874823207,-0.3391359682443096,-0.5450519347670827,-0.6310356384047077,1.0375434962779955,1.3816423471882262,1.436284241351978
/multi_agv/path_reference,1789710665.69838,1789710665.6978757,world,s_curve,1,3.9031500407267266,0.10003995251596343,-8.35261910102999e-05,-0.27060537115440325,-0.504120995971968,-5.004500058181038,-0.22072672223970494,-0.4391904066052701,-0.1518989846182348,-0.33825321615188286,-0.5438587088154367,-0.6302510629485845,1.036121374903063,1.380220225813294,1.434862119977046
/multi_agv/path_reference,1789710665.7084222,1789710665.70784,world,s_curve,1,3.9041469148439596,0.10003995251596343,0.0,-0.27031761719543806,-0.5031665560872898,-5.005924164062799,-0.22020280565862224,-0.4389590723860296,-0.15179097354166238,-0.3373699769168213,-0.542664145775772,-0.629465545569276,1.034697269021302,1.3787961199315328,1.4334380140952847
/multi_agv/path_reference,1789710665.7184217,1789710665.7178378,world,s_curve,1,3.9051470086470244,0.10003995251596343,0.0,-0.27002756828532826,-0.5022094463384721,-5.007352869495749,-0.21967593350281997,-0.43872528176232495,-0.1516814895908399,-0.33648463565905423,-0.5414660568344528,-0.6286776465219094,1.033268563588352,1.3773674144985828,1.4320093086623347
/multi_agv/path_reference,1789710665.7284927,1789710665.727832,world,s_curve,1,3.906146948388562,0.10003995251596343,0.0,-0.26973619724347614,-0.501252899303887,-5.008781354840803,-0.2191478784511316,-0.4384898160744417,-0.1515708972048552,-0.3356001842589348,-0.540268487617447,-0.6278900260352792,1.0318400782432984,1.3759389291535291,1.430580823317281
/multi_agv/path_reference,1789710665.738562,1789710665.737854,world,s_curve,1,3.9071493701542184,0.10003936675738996,-5.845734676743063e-05,-0.26944273172957894,-0.5002943967147704,-5.010213385934597,-0.21861724505065083,-0.4382520490444612,-0.15145890109362486,-0.33471429554361487,-0.539068284676689,-0.6271006099240075,1.0304080471495038,1.3745068980597346,1.4291487922234865
/multi_agv/path_reference,1789710665.748585,1789710665.7478592,world,s_curve,1,3.908150428283266,0.10003936675738996,0.0,-0.26914829594604056,-0.4993376183846988,-5.011643468976095,-0.21808606802567632,-0.438012890502546,-0.15134592930989943,-0.33383037117235237,-0.5378700554380057,-0.6263124285437386,1.0289779641080066,1.3730768150182373,1.4277187091819892
/multi_agv/path_reference,1789710665.7583542,1789710665.7578022,world,s_curve,1,3.909145119806974,0.10003936675738996,0.0,-0.2688543778670025,-0.49838734304546917,-5.013064456867106,-0.21755701778420716,-0.4377735560453231,-0.15123255977147732,-0.33295282171290075,-0.5366797867329748,-0.6255294206905321,1.0275569762169954,1.3716558271272261,1.426297721290978
/multi_agv/path_reference,1789710665.7685566,1789710665.767941,world,s_curve,1,3.910159395337237,0.10003936675738996,0.0,-0.26855328265588374,-0.49741878930834854,-5.014513421910339,-0.2170162676679982,-0.4375277679042619,-0.15111581239539112,-0.33205876969617487,-0.5354664348997071,-0.6247311633291637,1.0261080111737626,1.3702068620839933,1.4248487562477452
/multi_agv/path_reference,1789710665.7784455,1789710665.7779007,world,s_curve,1,3.91115575573861,0.10003878628703029,-5.828167215070212e-05,-0.26825613963835204,-0.49646776885355504,-5.015936793912299,-0.216483808114457,-0.43728460965182026,-0.15100000114877885,-0.3311812730694775,-0.5342748624327508,-0.6239471710584369,1.0246846391718019,1.3687834900820326,1.4234253842457845
/multi_agv/path_reference,1789710665.7885704,1789710665.7879348,world,s_curve,1,3.9121595531233946,0.10003878628703029,0.0,-0.26795541017028196,-0.4955100785066661,-5.017370790176278,-0.21594611174106482,-0.4370379216056949,-0.1508821971640862,-0.330297993970151,-0.5330747471022156,-0.6231574944476318,1.0232506429078234,1.3673494938180542,1.421991387981806
/multi_agv/path_reference,1789710665.7982905,1789710665.7978332,world,s_curve,1,3.9131498098583,0.10003878628703029,0.0,-0.2676573920166009,-0.49456573036423157,-5.018785442654714,-0.21541442802205882,-0.43679287519836696,-0.15076487282937692,-0.3294273862007243,-0.5318911684577161,-0.6223786364342545,1.0218359904293872,1.365934841339618,1.4205767355033698
/multi_agv/path_reference,1789710665.8086832,1789710665.807933,world,s_curve,1,3.914160144177536,0.10003878628703029,0.0,-0.2673519549664586,-0.49360267093497023,-5.02022877739648,-0.2148706955620016,-0.4365411350582995,-0.15064403427907466,-0.3285399028395512,-0.530683951115819,-0.6215841588495405,1.0203926556876213,1.364491506597852,1.4191334007616039
/multi_agv/path_reference,1789710665.8184092,1789710665.8178763,world,s_curve,1,3.9151548178369335,0.10003855608343264,-2.3152553902664466e-05,-0.26704989476996144,-0.49265497100544264,-5.021649739767048,-0.21433414044553,-0.4362915951400709,-0.1505239487242834,-0.32766694342160196,-0.529495802372746,-0.62080216722198,1.0189716933170536,1.3630705442272844,1.4177124383910362
/multi_agv/path_reference,1789710665.8283463,1789710665.8278592,world,s_curve,1,3.916153353184673,0.10003855608343264,0.0,-0.2667453076913393,-0.4917040244351157,-5.023076218835247,-0.21379425511299371,-0.4360393885283508,-0.15040227943267348,-0.3267913626081799,-0.5283033986586109,-0.6200173120385565,1.017545214248854,1.3616440651590846,1.4162859593228365
/multi_agv/path_reference,1789710665.8386579,1789710665.8378756,world,s_curve,1,3.9171554078888158,0.10003855608343264,0.0,-0.26643828371592926,-0.49075016399794397,-5.024507725555451,-0.21325121188850257,-0.4357845833255449,-0.15027905593374036,-0.3259134709031596,-0.527107155189877,-0.6192298659007954,1.0161137075286502,1.360212558438881,1.4148544526026328
/multi_agv/path_reference,1789710665.8484669,1789710665.8478222,world,s_curve,1,3.9181505142149686,0.10003855608343264,0.0,-0.26613203771436406,-0.4898033536596989,-5.025929306021384,-0.2127106910855192,-0.4355298505798708,-0.15015557147770223,-0.3250424368002665,-0.5259195688044613,-0.618448055374369,1.0146921270627174,1.3587909779729481,1.4134328721366998
/multi_agv/path_reference,1789710665.8584652,1789710665.8578386,world,s_curve,1,3.9191526562662773,0.10003850750014498,-4.849811042543802e-06,-0.26582226647891344,-0.4888502900219383,-5.0273609375232535,-0.21216509775714215,-0.43527161084188476,-0.1500300908377134,-0.32416602166347197,-0.5247239529929698,-0.6176608954093733,1.0132604955608477,1.3573593464710785,1.4120012406348303
/multi_agv/path_reference,1789710665.8684645,1789710665.8678613,world,s_curve,1,3.9201552943085063,0.10003850750014498,0.0,-0.26551097680705904,-0.4878971994656399,-5.02879327758358,-0.21161797933253068,-0.4350115306161024,-0.149903420472544,-0.32328995532611104,-0.5235281166363722,-0.6168735264344366,1.0118281555005209,1.3559270064107516,1.4105689005745035
/multi_agv/path_reference,1789710665.8784373,1789710665.8778687,world,s_curve,1,3.9211564256707736,0.10003850750014498,0.0,-0.26519879316298905,-0.4869459869749083,-5.030223465243962,-0.21107043163668804,-0.434750132501425,-0.14977581535085416,-0.32241598825589646,-0.5223344501874094,-0.6160875224814193,1.0103979678401394,1.35449681875037,1.409138712914122
/multi_agv/path_reference,1789710665.8883426,1789710665.887838,world,s_curve,1,3.9221537117528897,0.10003850750014498,0.0,-0.2648864563151779,-0.4859988729103205,-5.031648159646985,-0.2105237448334936,-0.43448804130829083,-0.1496475828037493,-0.3215461575166271,-0.5211457414454248,-0.6153047197689099,1.0089732734371162,1.353072124347347,1.4077140185110988
/multi_agv/path_reference,1789710665.8983738,1789710665.897857,world,s_curve,1,3.923155882038187,0.10003817028506812,-3.366132460395355e-05,-0.26457123085933876,-0.4850475695845406,-5.033079831483124,-0.2099731328502663,-0.4342229608022535,-0.1495175989254965,-0.32067285226526515,-0.519951588370009,-0.6145182681183476,1.0075416016009773,1.351640452511208,1.4062823466749599
/multi_agv/path_reference,1789710665.908416,1789710665.9079175,world,s_curve,1,3.9241623680701885,0.10003817028506812,0.0,-0.2642532775362454,-0.48409262474897014,-5.034517668671698,-0.20941889196456834,-0.4339550183911996,-0.14938592225296826,-0.3197965804905138,-0.5187526759722152,-0.6137286177841816,1.0061037644124036,1.3502026153226343,1.4048445094863862
/multi_agv/path_reference,1789710665.9183574,1789710665.9179454,world,s_curve,1,3.9251655122270734,0.10003817028506812,0.0,-0.2639350140209165,-0.4831413065273182,-5.035950731752962,-0.20886523824025421,-0.4336862506430327,-0.14925355317946268,-0.31892401208039467,-0.5175581289440134,-0.6129417785575466,1.0046707013311393,1.34876955224137,1.403411446405122
/multi_agv/path_reference,1789710665.9286675,1789710665.9278853,world,s_curve,1,3.926159996779824,0.10003817028506812,0.0,-0.2636181523896012,-0.4821986517322411,-5.0373714239711775,-0.20831513003058588,-0.43341811339698666,-0.14912121374123102,-0.3180597601862146,-0.5163742752362883,-0.6121619197742205,1.0032500091129237,1.3473488600231545,1.4019907541869063
/multi_agv/path_reference,1789710665.938417,1789710665.937855,world,s_curve,1,3.9271571891633172,0.10003770839396336,-4.633662311495631e-05,-0.2632990836721253,-0.48125388317240464,-5.038795984519025,-0.20776229171814667,-0.4331475576143078,-0.14898740168392144,-0.3171939406530301,-0.5151875817552553,-0.6113801271089286,1.0018254485650764,1.3459242994753071,1.400566193639059
/multi_agv/path_reference,1789710665.9484842,1789710665.9478817,world,s_curve,1,3.928160388210973,0.10003770839396336,0.0,-0.26297673534864724,-0.4803038833240347,-5.040229126015675,-0.20720487939693905,-0.43287366664035865,-0.14885166000864403,-0.3163237013394366,-0.5139941302459481,-0.6105938183867194,1.000392307068426,1.3444911579786567,1.3991330521424086
/multi_agv/path_reference,1789710665.9582975,1789710665.9578083,world,s_curve,1,3.929153416724929,0.10003770839396336,0.0,-0.2626563144005434,-0.47936397062767483,-5.04164773817847,-0.2066518903655574,-0.4326008681148751,-0.14871618472119771,-0.31546307225152354,-0.5128131658771368,-0.6098156737543642,0.9989736949056316,1.3430725458158623,1.3977144399796142
/multi_agv/path_reference,1789710665.968349,1789710665.9678068,world,s_curve,1,3.930153643552231,0.10003770839396336,0.0,-0.26233222325594074,-0.47841770509289683,-5.043076633646044,-0.2060936592231186,-0.43232439886603524,-0.14857861167866845,-0.31459699847884837,-0.5116240332751394,-0.609032083524703,0.997544799438057,1.3416436503482878,1.3962855445120397
/multi_agv/path_reference,1789710665.978386,1789710665.9778454,world,s_curve,1,3.9311578978883635,0.1000373287924678,-3.7813448502227726e-05,-0.2620054672056197,-0.47746809618457164,-5.044511282697662,-0.20553193590764024,-0.4320451072861671,-0.1484393584230518,-0.31372824073472666,-0.5104305111640284,-0.60824553665496,0.9961101503864395,1.3402090012966703,1.394850895460422
/multi_agv/path_reference,1789710665.9883938,1789710665.9878256,world,s_curve,1,3.932156116072114,0.1000373287924678,0.0,-0.26167932533023835,-0.47652466052315656,-5.045937308674449,-0.2049723542449576,-0.43176579776283974,-0.14829982398291777,-0.31286550425521925,-0.5092445611256026,-0.607463916188648,0.9946841244096523,1.338782975319883,1.3934248694836349
/multi_agv/path_reference,1789710665.9983552,1789710665.9978266,world,s_curve,1,3.933156764162581,0.1000373287924678,0.0,-0.2613510396251132,-0.47557939605072924,-5.047366805946544,-0.20441017624134528,-0.43148411126780883,-0.14815883136618546,-0.3120014694313009,-0.5080561251566813,-0.6066805935642057,0.9932546271375567,1.3373534780477876,1.3919953722115392
/multi_agv/path_reference,1789710666.0083046,1789710666.007823,world,s_curve,1,3.934156691784206,0.1000373287924678,0.0,-0.26102164082061713,-0.47463528191426724,-5.048795273977437,-0.20384716977208173,-0.43120093083679534,-0.1480168218529744,-0.3111388603622339,-0.5068689483143144,-0.6058980370662536,0.9918261591066639,1.3359250100168947,1.3905669041806465
/multi_agv/path_reference,1789710666.0183234,1789710666.0178692,world,s_curve,1,3.9351616708308064,0.10003650628208267,-8.187341376574829e-05,-0.2606892195055488,-0.47368687336484583,-5.050230958329723,-0.20328007820727462,-0.4309146114904388,-0.14787296881893303,-0.3102727047765781,-0.5056761828852239,-0.6051117324327355,0.9903904747543781,1.3344893256646089,1.3891312198283607
/multi_agv/path_reference,1789710666.0284348,1789710666.027854,world,s_curve,1,3.93616048932924,0.10003650628208267,0.0,-0.26035748706551215,-0.4727447524550873,-5.051657841898914,-0.20271523129663144,-0.4306283507659172,-0.14772887913398783,-0.30941266635479003,-0.5044911376779452,-0.6043304533325268,0.9889635911851874,1.3330624420954182,1.3877043362591701
/multi_agv/path_reference,1789710666.0383313,1789710666.0378027,world,s_curve,1,3.937155842363023,0.10003650628208267,0.0,-0.2600255685717194,-0.47180637214564985,-5.053079774804319,-0.2021511238865997,-0.430341401351968,-0.14758418047659044,-0.30855641455794014,-0.5033106116122739,-0.6035520902667357,0.9875416582797824,1.3316405091900132,1.386282403353765
/multi_agv/path_reference,1789710666.0487266,1789710666.0478592,world,s_curve,1,3.938161688826169,0.10003650628208267,0.0,-0.25968879587030896,-0.4708585794058267,-5.0545166983230985,-0.2015798333105121,-0.4300497219879008,-0.147436832312514,-0.30769195147528416,-0.5021180556067552,-0.602765731135441,0.9861047347610028,1.3302035856712335,1.3848454798349854
/multi_agv/path_reference,1789710666.0586457,1789710666.0578406,world,s_curve,1,3.939160332697895,0.10003532754027865,-0.0001180759485834835,-0.25935308761999853,-0.46991805328659964,-5.055943332425564,-0.20101140519750957,-0.4297584361907587,-0.1472894214717274,-0.3068344916008386,-0.5009344550520807,-0.6019852132068797,0.9846781006585377,1.3287769515687684,1.3834188457325203
/multi_agv/path_reference,1789710666.0687757,1789710666.0678837,world,s_curve,1,3.9401650133014963,0.10003532754027865,0.0,-0.2590139965360656,-0.46897232596026667,-5.057378590430709,-0.2004383072974386,-0.4294636861159238,-0.14713999619483445,-0.30597266758571734,-0.4997441202227076,-0.6012001900723751,0.9832428426533926,1.3273416935636233,1.3819835877273752
/multi_agv/path_reference,1789710666.0786545,1789710666.0778606,world,s_curve,1,3.9411628518888353,0.10003532754027865,0.0,-0.2586758713726362,-0.46803352190788566,-5.058804074126908,-0.1998678883702013,-0.4291692524514863,-0.14699047329622103,-0.3051175278029933,-0.4985623117348998,-0.6004207261857639,0.9818173589571936,1.3259162098674244,1.3805581040311763
/multi_agv/path_reference,1789710666.0887356,1789710666.0878794,world,s_curve,1,3.9421652833981677,0.10003532754027865,0.0,-0.2583348428194175,-0.4670908829090045,-5.06023611914024,-0.19929361716008492,-0.42887176766469004,-0.1468391436334775,-0.30425927150432747,-0.4973754873197915,-0.5996378899028948,0.9803853139438616,1.3244841648540924,1.3791260590178442
/multi_agv/path_reference,1789710666.098524,1789710666.0978682,world,s_curve,1,3.9431644848935754,0.10003447894675954,-8.495644863580582e-05,-0.25799357000439394,-0.4661517682611177,-5.061663549847965,-0.19871997373164904,-0.42857355026984895,-0.1466871860116839,-0.30340459997578123,-0.4961929122579263,-0.5988577925496457,0.9789578832361364,1.3230567341463673,1.3776986283101191
/multi_agv/path_reference,1789710666.108463,1789710666.1078367,world,s_curve,1,3.944161691701473,0.10003447894675954,0.0,-0.257651642255117,-0.46521501500600365,-5.063088131002104,-0.19814625965780325,-0.428274245463523,-0.14653442164402475,-0.3025524518823786,-0.49501312357663013,-0.5980794695590025,0.9775333020819974,1.3216321529922281,1.37627404715598
/multi_agv/path_reference,1789710666.1186376,1789710666.1178768,world,s_curve,1,3.9451660232650645,0.10003447894675954,0.0,-0.25730592324776724,-0.46427206215365,-5.064522890378663,-0.1975672203397974,-0.42797110394095583,-0.14637944546254858,-0.30169504232958844,-0.49382533775824766,-0.5972958063731141,0.9760985427054378,1.3201973936156686,1.3748392877794204
/multi_agv/path_reference,1789710666.1282988,1789710666.1278489,world,s_curve,1,3.9461634515492983,0.10003447894675954,0.0,-0.2569612417180814,-0.46333608263769177,-5.065947787927569,-0.19699094393616595,-0.4276683595334444,-0.1462244216846338,-0.3008443493588927,-0.49264614792543504,-0.5965177506287477,0.9746736451565323,1.318772496066763,1.373414390230515
/multi_agv/path_reference,1789710666.1383626,1789710666.1378677,world,s_curve,1,3.947165638255063,0.10003365832541476,-8.19106407479149e-05,-0.25661357307145616,-0.4623961334203757,-5.067379483221519,-0.19641069818126583,-0.4273624790014731,-0.14606754203162958,-0.29999042583915775,-0.49146176817522363,-0.595736206246746,0.9732419498625825,1.3173408007728133,1.3719826949365652
/multi_agv/path_reference,1789710666.1484241,1789710666.1478286,world,s_curve,1,3.9481620557196515,0.10003365832541476,0.0,-0.2562665719039537,-0.4614620896402598,-5.068802936742359,-0.19583258110769358,-0.4270566784127373,-0.14591045619143017,-0.2991422425591418,-0.4902846418991826,-0.594959384462455,0.9718184963417422,1.315917347251973,1.3705592414157246
/multi_agv/path_reference,1789710666.1585143,1789710666.1578357,world,s_curve,1,3.949163288004282,0.10003365832541476,0.0,-0.2559165552464788,-0.4605240308715231,-5.070233268577546,-0.19525045510402456,-0.42674771284990476,-0.14575149778550725,-0.29829079046282725,-0.4891022672039749,-0.5941790349477672,0.9703881645065553,1.314487015416786,1.369128909580538
/multi_agv/path_reference,1789710666.1684096,1789710666.1678371,world,s_curve,1,3.9501637249212957,0.10003365832541476,0.0,-0.25556547683968783,-0.4595872182946549,-5.071662464173279,-0.19466757570177287,-0.4264373038488734,-0.1455915509684173,-0.29744084726836045,-0.4879212743852145,-0.5933995332303897,0.968958968910822,1.3130578198210527,1.3676997139848046
/multi_agv/path_reference,1789710666.1784801,1789710666.1778748,world,s_curve,1,3.9511678774802257,0.10003261114884464,-0.00010431861743694554,-0.2552117486450707,-0.4586474318558326,-5.073096967828894,-0.19408131068280998,-0.42612404513730084,-0.14542989011510132,-0.2965885858938112,-0.48673634261705695,-0.5926173670566298,0.9675244652552073,1.311623316165438,1.36626521032919
/multi_agv/path_reference,1789710666.188565,1789710666.187915,world,s_curve,1,3.952172092459505,0.10003261114884464,0.0,-0.25485665060316237,-0.4577080954249789,-5.074531560656435,-0.1934937871675299,-0.4258090673579239,-0.14526709728403328,-0.29573711348383025,-0.48555178781134034,-0.5918353849797663,0.9660898724276659,1.3101887233378966,1.3648306175016485
/multi_agv/path_reference,1789710666.1987176,1789710666.1978397,world,s_curve,1,3.9531647896839366,0.10003261114884464,0.0,-0.2545043007969283,-0.45678003442145443,-5.075949699548481,-0.1929118017933804,-0.42549603185882057,-0.145105068738584,-0.29489623638564744,-0.4843812646197177,-0.5910626022589982,0.9646717335356202,1.308770584445851,1.363412478609603
/multi_agv/path_reference,1789710666.208727,1789710666.2078354,world,s_curve,1,3.9541646338383045,0.10003261114884464,0.0,-0.25414808449569165,-0.4558457977772532,-5.077378048340435,-0.1923244218732963,-0.4251790653010401,-0.14494076631273856,-0.2940501404191145,-0.4832027640703297,-0.5902844888423154,0.963243384743666,1.3073422356538968,1.3619841298176487
/multi_agv/path_reference,1789710666.2188256,1789710666.2178314,world,s_curve,1,3.955164626361634,0.10003121230529488,-0.00013992906231115844,-0.2537904809906391,-0.45491193236541644,-5.078806609088049,-0.1917357466060397,-0.42486036835214536,-0.14477532801373239,-0.2932047589300465,-0.48202454268094264,-0.5895064954852602,0.9618148239960527,1.3059136749062834,1.360555569070035
/multi_agv/path_reference,1789710666.2284663,1789710666.2278793,world,s_curve,1,3.9561698903297895,0.10003121230529488,0.0,-0.2534296482912776,-0.4539736598927511,-5.0802427004711275,-0.19114275169769016,-0.4245382954217629,-0.14460789775437988,-0.29235576944512853,-0.4808405703436213,-0.5887246398895036,0.9603787326129738,1.3044775835232045,1.3591194776869564
/multi_agv/path_reference,1789710666.2385466,1789710666.2379358,world,s_curve,1,3.9571758800243906,0.10003121230529488,0.0,-0.25306720664197363,-0.4530352297456796,-5.081679828606272,-0.19054810883254597,-0.42421428825357815,-0.14443922283979677,-0.2915070204164878,-0.4796562074856272,-0.587942461334924,0.9589416044778294,1.3030404553880601,1.357682349551812
/multi_agv/path_reference,1789710666.2485926,1789710666.247971,world,s_curve,1,3.958179706844119,0.10003121230529488,0.0,-0.25270420025191087,-0.4520993374060022,-5.08311386692017,-0.1899535291651071,-0.42388928137342624,-0.14426979021719927,-0.2906609489162884,-0.4784748563851654,-0.5871622069165529,0.957507566163931,1.3016064170741617,1.3562483112379133
/multi_agv/path_reference,1789710666.258327,1789710666.2578337,world,s_curve,1,3.959166311642864,0.10003035558203559,-8.686186441777584e-05,-0.2523461135408698,-0.4511800100573217,-5.084523302346948,-0.1893679678727724,-0.4235681992106687,-0.14410217353916832,-0.2898302249065261,-0.4773142286009104,-0.5863955766645288,0.9560981307371529,1.3001969816473837,1.3548388758111356
/multi_agv/path_reference,1789710666.268386,1789710666.2678661,world,s_curve,1,3.9601698135692738,0.10003035558203559,0.0,-0.2519805659406879,-0.4502454562097599,-5.085956876527534,-0.1887711781800656,-0.42323994099637346,-0.1439305786456247,-0.2889861206693724,-0.47613418842159366,-0.5856160595383137,0.9546645565565677,1.2987634074667984,1.3534053016305503
/multi_agv/path_reference,1789710666.2783284,1789710666.2778285,world,s_curve,1,3.9611663679873668,0.10003035558203559,0.0,-0.2516162233552739,-0.44931789218546836,-5.087380525696238,-0.18817732300886825,-0.42291228131835357,-0.14375906573859987,-0.288148708025348,-0.4749627849773919,-0.5848421835536654,0.9532409073878632,1.297339758298094,1.3519816524618458
/multi_agv/path_reference,1789710666.2883027,1789710666.2878292,world,s_curve,1,3.9621667507672287,0.10003035558203559,0.0,-0.25124915348781984,-0.4483872874109349,-5.088809643953184,-0.18757998817940508,-0.42258168609720514,-0.14358578618684936,-0.2873089294948892,-0.4737873517741198,-0.584065580963796,0.9518117891309176,1.2959106400411484,1.3505525342049003
/multi_agv/path_reference,1789710666.298328,1789710666.2978318,world,s_curve,1,3.9631673026636167,0.10003055211379981,1.9648337036972857e-05,-0.2508806916677028,-0.4474570509828188,-5.090239003805166,-0.1869813525401151,-0.4222493550748506,-0.14341136738814278,-0.28646986373160455,-0.47261219363889806,-0.5832890955779539,0.9503824292789348,1.2944812801891656,1.3491231743529175
/multi_agv/path_reference,1789710666.308555,1789710666.3078349,world,s_curve,1,3.9641679276823383,0.10003055211379981,0.0,-0.2505108735122046,-0.44652727424201993,-5.091668468117626,-0.18638147430897817,-0.42191532020119743,-0.1432358260264382,-0.28563159326259396,-0.47143742589230536,-0.5825128035711606,0.9489529649664754,1.2930518158767061,1.347693710040458
/multi_agv/path_reference,1789710666.3184652,1789710666.3178725,world,s_curve,1,3.9651720006541606,0.10003055211379981,0.0,-0.25013844561044524,-0.44559482595043204,-5.093102858077372,-0.1857783253092875,-0.4215784468284947,-0.14305856469355355,-0.2847912970251609,-0.4702590912416425,-0.5817340895844928,0.9475185750067294,1.2916174259169602,1.346259320080712
/multi_agv/path_reference,1789710666.3283255,1789710666.3278675,world,s_curve,1,3.9661715779528794,0.10003055211379981,0.0,-0.24976635689269855,-0.4446670842884516,-5.09453082564697,-0.18517668006326746,-0.4212414030788578,-0.14288098753597042,-0.2839556234430295,-0.46908651375464816,-0.5809591156676771,0.9460906074371312,1.2901894583473619,1.3448313525111135
/multi_agv/path_reference,1789710666.3385136,1789710666.3378744,world,s_curve,1,3.9671726981148585,0.10003059129660401,3.915093533431885e-06,-0.249392366449698,-0.44373844412377883,-5.095960997306941,-0.18457291077744692,-0.42090216123320073,-0.14270202733844645,-0.2831195219310525,-0.4679126099484932,-0.5801832004917907,0.9446604357771603,1.2887592866873911,1.343401180851143
/multi_agv/path_reference,1789710666.3482969,1789710666.347834,world,s_curve,1,3.968169051218979,0.10003059129660401,0.0,-0.24901883836213304,-0.4428147579718871,-5.097384358884256,-0.1839708296253806,-0.42056286797700937,-0.14252281748400916,-0.2822882599742562,-0.4667447789390828,-0.5794112350023222,0.9432370741998457,1.2873359251100764,1.3419778192738283
/multi_agv/path_reference,1789710666.3584938,1789710666.3578649,world,s_curve,1,3.9691724496777057,0.10003059129660401,0.0,-0.24864134099533353,-0.44188507844024694,-5.098817785253865,-0.1833632962495526,-0.42021949628485716,-0.1423412304515908,-0.2814519868594642,-0.46556917917141477,-0.5786340692898619,0.9418036478302363,1.285902498740467,1.3405443929042187
/multi_agv/path_reference,1789710666.3683991,1789710666.3678052,world,s_curve,1,3.9701667927671247,0.10003059129660401,0.0,-0.2482659357591633,-0.4409643239014432,-5.1002382753816065,-0.18276006332602296,-0.4198775609641431,-0.14216018298732394,-0.28062412096788963,-0.46440467574405764,-0.5778641749923823,0.9403831577024948,1.2844820086127255,1.3391239027764774
/multi_agv/path_reference,1789710666.3784163,1789710666.3778777,world,s_curve,1,3.9711742414017364,0.10003025730600133,-3.316215316147693e-05,-0.24788424974281614,-0.4400319782787827,-5.101677487716766,-0.1821476816336544,-0.4195294328473547,-0.1419756347474393,-0.27978621823119354,-0.4632253203624373,-0.5770843962427173,0.938943945367335,1.283042796277566,1.3376846904413178
/multi_agv/path_reference,1789710666.388608,1789710666.3878772,world,s_curve,1,3.9721746095946453,0.10003025730600133,0.0,-0.24750391858748994,-0.4391067298997055,-5.103106585135207,-0.18153841088180267,-0.4191820719489264,-0.14179127293174074,-0.27895507741640796,-0.46205475069469104,-0.5763103615880176,0.937514847948894,1.2816136988591247,1.3362555930228766
/multi_agv/path_reference,1789710666.398725,1789710666.3978815,world,s_curve,1,3.973175186550701,0.10003025730600133,0.0,-0.24712218577911105,-0.4381818330744861,-5.104535980786715,-0.1809278254651615,-0.4188329655465507,-0.14160576632562094,-0.2781246349775963,-0.4608844345037903,-0.5755364297420719,0.936085452297386,1.2801843032076168,1.3348261973713687
/multi_agv/path_reference,1789710666.4085183,1789710666.40784,world,s_curve,1,3.974171494915587,0.10003025730600133,0.0,-0.24674076806244172,-0.4372614251674268,-5.105959278450838,-0.18031866583669975,-0.4184836864547759,-0.1414199518958495,-0.27729860343714763,-0.45971960813230694,-0.5747660639328258,0.9346621546332634,1.2787610055434941,1.333402899707246
/multi_agv/path_reference,1789710666.418349,1789710666.4178355,world,s_curve,1,3.9751713225256737,0.1000292345910873,-0.00010231902882419678,-0.24635668667739433,-0.43633831273173523,-5.107387603608105,-0.17970617336111216,-0.4181315074591074,-0.14123237921196347,-0.276470526499874,-0.45855116814049246,-0.5739932435548393,0.9332338294759962,1.277332680386227,1.331974574549979
/multi_agv/path_reference,1789710666.4285529,1789710666.42784,world,s_curve,1,3.976172056900772,0.1000292345910873,0.0,-0.2459709371005061,-0.43541491336944005,-5.1088172241439604,-0.17909194170250123,-0.4177773382877171,-0.14104353131129999,-0.2756425754177357,-0.4573821733510375,-0.573219991339547,0.9318042089401407,1.2759030598503716,1.3305449540141234
/multi_agv/path_reference,1789710666.4384787,1789710666.437869,world,s_curve,1,3.977175278602818,0.1000292345910873,0.0,-0.2455829041736202,-0.4344897733484021,-5.110250398004026,-0.17847499599998118,-0.41742061180878254,-0.14085310471209686,-0.2748134486770269,-0.456210782410885,-0.5724450889572945,0.9303710350800753,1.274469885990306,1.329111780154058
/multi_agv/path_reference,1789710666.448422,1789710666.447858,world,s_curve,1,3.9781742652671297,0.1000292345910873,0.0,-0.2451951920994062,-0.433569092332225,-5.1116775218101855,-0.1778594744576358,-0.41706372330378905,-0.1406623785367939,-0.27398870152662586,-0.45504484567519543,-0.5716737297948538,0.9289439112739157,1.2730427621841465,1.3276846563478983
/multi_agv/path_reference,1789710666.4584835,1789710666.4578288,world,s_curve,1,3.979171617422226,0.10002841881081385,-8.181785183172023e-05,-0.24480680392764922,-0.43265047065773105,-5.113102310603179,-0.17724378635692434,-0.4167057590858485,-0.14047086634017494,-0.27316618097144907,-0.45388132592829,-0.5709039050734542,0.9275191224809222,1.2716179733911528,1.3262598675549047
/multi_agv/path_reference,1789710666.4687839,1789710666.4678178,world,s_curve,1,3.9801709795483693,0.10002841881081385,0.0,-0.2444163207373199,-0.4317305536140828,-5.1145299707833844,-0.17662568272810678,-0.41634541114852053,-0.14027786833533237,-0.2723428834563701,-0.45271597403820574,-0.5701328033476728,0.9260914623007167,1.2701903132109476,1.3248322073746994
/multi_agv/path_reference,1789710666.4787579,1789710666.477812,world,s_curve,1,3.9811706960752007,0.10002841881081385,0.0,-0.24402438546045008,-0.4308108690472559,-5.115958137250287,-0.17600618453775824,-0.4159832711968382,-0.14008370064675382,-0.27152017772086257,-0.4515507247916874,-0.569361704629218,0.9246632958338145,1.2687621467440453,1.3234040409077972
/multi_agv/path_reference,1789710666.488763,1789710666.4878156,world,s_curve,1,3.9821713451669805,0.10002841881081385,0.0,-0.2436307697232237,-0.42989088802276165,-5.117387635952829,-0.1753849325379523,-0.41561912735030737,-0.13988824928141155,-0.2706975913457928,-0.4503849076562644,-0.5685901650662278,0.9232337971312723,1.267332648041503,1.321974542205255
/multi_agv/path_reference,1789710666.4987118,1789710666.4978113,world,s_curve,1,3.9831711791525786,0.10002783092229366,-5.88149776328844e-05,-0.24323616147100535,-0.42897221933610924,-5.11881597021797,-0.17476301273810185,-0.4152536159585801,-0.13969185571633416,-0.26987656288188144,-0.44922056128341853,-0.5678195338430279,0.9218054628661316,1.2659043137763624,1.3205462079401142
/multi_agv/path_reference,1789710666.5086522,1789710666.5078104,world,s_curve,1,3.984171378539843,0.10002783092229366,0.0,-0.24284009654176386,-0.42805377978136594,-5.120244826485489,-0.1741396929587662,-0.4148863073918041,-0.13949428927472127,-0.26905612398879386,-0.4480563129245325,-0.5670489024307714,0.9203766065986119,1.2644754575088426,1.3191173516725945
/multi_agv/path_reference,1789710666.5189135,1789710666.5178154,world,s_curve,1,3.9851721195778116,0.10002783092229366,0.0,-0.2424425041484626,-0.42713541016993856,-5.121674456539731,-0.17351486302199642,-0.41451713539369056,-0.13929551402970092,-0.2682361329886339,-0.4468919605221342,-0.5662781369990477,0.9189469765443703,1.263045827454601,1.317687721618353
/multi_agv/path_reference,1789710666.5288694,1789710666.527833,world,s_curve,1,3.9861739472181075,0.10002783092229366,0.0,-0.2420431652442948,-0.4262166137349595,-5.12310563888301,-0.17288818094724384,-0.41414589547716607,-0.1390954193084746,-0.2674161472782308,-0.4457268737637638,-0.565506820162884,0.917515794201091,1.2616146451113217,1.3162565392750736
/multi_agv/path_reference,1789710666.5389655,1789710666.5379,world,s_curve,1,3.987181168419451,0.10002730049689595,-5.2676632080753604e-05,-0.24164035098606432,-0.4252934479612319,-5.124544526313501,-0.1722569423618438,-0.4137709761167089,-0.13889313447964036,-0.26659265209780714,-0.44455605142321314,-0.5647316403626756,0.9160769067705998,1.2601757576808306,1.3148176518445824
/multi_agv/path_reference,1789710666.5490394,1789710666.5479357,world,s_curve,1,3.988184996894816,0.10002730049689595,0.0,-0.24123757254338438,-0.4243739693265647,-5.125978566992594,-0.17162665194262405,-0.41339564403057816,-0.13869042165695103,-0.2657728352413551,-0.4433897107480895,-0.5639593619902494,0.9146428660915071,1.2587417170017379,1.3133836111654897
/multi_agv/path_reference,1789710666.558849,1789710666.5578408,world,s_curve,1,3.9891757365978564,0.10002730049689595,0.0,-0.24083875391080997,-0.4234670466770207,-5.127393909425509,-0.17100342819209957,-0.4130235667417488,-0.13848926679858165,-0.2649645947030477,-0.4422391065100433,-0.5631974388179712,0.9132275236585926,1.2573263745688232,1.311968268732575
/multi_agv/path_reference,1789710666.568788,1789710666.5678737,world,s_curve,1,3.990179056634453,0.10002730049689595,0.0,-0.24043356282198694,-0.4225491844303202,-5.128827223763504,-0.17037112507852703,-0.41264510503887764,-0.13828445834855618,-0.2641469912086233,-0.4410744301042667,-0.5624261319780707,0.9117942093205973,1.255893060230828,1.31053495439458
/multi_agv/path_reference,1789710666.5786586,1789710666.5778391,world,s_curve,1,3.991176139449412,0.10002612450909952,-0.00011797365272229228,-0.24002958798344645,-0.42163760431839914,-5.130251627784874,-0.1697415926710324,-0.4122673429235705,-0.1380798283557365,-0.2633353689742258,-0.43991753246885373,-0.561659911512118,0.910369805299227,1.2544686562094578,1.3091105503732097
/multi_agv/path_reference,1789710666.5888855,1789710666.5878415,world,s_curve,1,3.992176447406703,0.10002612450909952,0.0,-0.23962300196054326,-0.42072365484273483,-5.1316806391524326,-0.16910886279791768,-0.4118867032558552,-0.1378734398278569,-0.2625220234410522,-0.4387574347027513,-0.5608915063844011,0.9089407939316687,1.2530396448418994,1.3076815390056513
/multi_agv/path_reference,1789710666.5984557,1789710666.597807,world,s_curve,1,3.9931734539017287,0.10002612450909952,0.0,-0.23921645883352927,-0.4198133008082697,-5.133104934145327,-0.1684770654786652,-0.4115056708140742,-0.13766664020784847,-0.2617122627731391,-0.4376017081322226,-0.5601259315194475,0.9075164989387745,1.2516153498490052,1.3062572440127571
/multi_agv/path_reference,1789710666.608417,1789710666.607809,world,s_curve,1,3.9941739110979975,0.10002612450909952,0.0,-0.23880720553661264,-0.41890037903211796,-5.134534158711425,-0.1678419226202521,-0.4111216651711611,-0.13745802881842475,-0.26090060491645384,-0.436442528297632,-0.5593580038822682,0.9060872743726764,1.2501861252829072,1.304828019446659
/multi_agv/path_reference,1789710666.6183145,1789710666.6178017,world,s_curve,1,3.9951734652205504,0.10002524988475192,-8.752354369814291e-05,-0.2383970191134405,-0.41798886634895566,-5.135962093172215,-0.1672061953004749,-0.4107363521046409,-0.13724850993520576,-0.26009058705234245,-0.43528494405889195,-0.5585910679356327,0.9046593399118862,1.248758190822117,1.303400084985869
/multi_agv/path_reference,1789710666.6285872,1789710666.627857,world,s_curve,1,3.9961790601680196,0.10002524988475192,0.0,-0.23798304047742128,-0.4170724370215475,-5.137398657382885,-0.1665654591843454,-0.41034704255654664,-0.13703661969137182,-0.25927659080800836,-0.4341209204516731,-0.5578197998049612,0.9032227757012161,1.2473216266114469,1.3019635207751987
/multi_agv/path_reference,1789710666.638503,1789710666.6378593,world,s_curve,1,3.9971796277464042,0.10002524988475192,0.0,-0.23756982547707198,-0.4161611803780869,-5.13882803963772,-0.16592676663615546,-0.40995802026627143,-0.13682468952878907,-0.2584675783521424,-0.4329632724300022,-0.5570526903521162,0.9017933934463813,1.245892244356612,1.300534138520364
/multi_agv/path_reference,1789710666.6485236,1789710666.6478212,world,s_curve,1,3.9981759997656825,0.10002524988475192,0.0,-0.23715704939607568,-0.41525433257463734,-5.140251428236689,-0.1652896039313626,-0.40956898545122733,-0.13661255880563714,-0.25766286617376755,-0.43181103229753803,-0.5562890992526066,0.9003700048474124,1.244468855757643,1.299110749921395
/multi_agv/path_reference,1789710666.658992,1789710666.657851,world,s_curve,1,3.9991790786470682,0.10002450870298017,-7.390878619273512e-05,-0.23674019109498032,-0.414341975065021,-5.14168439806724,-0.16464699567703173,-0.4091756753776858,-0.13639790223022347,-0.256853654309387,-0.4306515967708987,-0.5555206741147775,0.898937035016861,1.2430358859270918,1.2976777800908437
/multi_agv/path_reference,1789710666.6687992,1789710666.6678143,world,s_curve,1,4.000175925101341,0.10002450870298017,0.0,-0.23632462831014692,-0.41343587890249334,-5.143108464430487,-0.16400723224903568,-0.4087831637221363,-0.13618348895926882,-0.2560503832971474,-0.4294999245807033,-0.5547573288296294,0.8975129686536144,1.2416118195638453,1.2962537137275971
/multi_agv/path_reference,1789710666.678598,1789710666.6778386,world,s_curve,1,4.00117862358952,0.10002450870298017,0.0,-0.23590532441126963,-0.41252506150858187,-5.144540890842171,-0.16336255947857953,-0.40838669344959977,-0.13596672030562965,-0.25524331668128014,-0.4283420566297602,-0.5539898112147054,0.8960805422419303,1.2401793931521612,1.294821287315913
/multi_agv/path_reference,1789710666.6884513,1789710666.6878378,world,s_curve,1,4.002178809061943,0.10002450870298017,0.0,-0.2354857721451771,-0.4116171261016083,-5.145969727231346,-0.16271835145926983,-0.40798956500735395,-0.13574939996890753,-0.25443919353243305,-0.42718765750433096,-0.5532245272680609,0.8946517058527549,1.2387505567629857,1.2933924509267376
/multi_agv/path_reference,1789710666.6983511,1789710666.6978385,world,s_curve,1,4.003179134385066,0.10002353019464134,-9.784202810027755e-05,-0.23506486407618765,-0.4107096642691608,-5.147398763407237,-0.16207290481581338,-0.407590731644647,-0.1355309557681026,-0.2536358794311686,-0.426033665696674,-0.5524594476796398,0.8932226696768643,1.237321520587095,1.291963414750847
/multi_agv/path_reference,1789710666.7085612,1789710666.7078912,world,s_curve,1,4.00418463232503,0.10002353019464134,0.0,-0.23464047291766144,-0.4097981171909844,-5.148835189035757,-0.16142296422758667,-0.40718817427904924,-0.13531028024634845,-0.25282934188449613,-0.424874282316816,-0.5516907273716413,0.8917862440483443,1.2358850949585751,1.290526989122327
/multi_agv/path_reference,1789710666.7186215,1789710666.7178376,world,s_curve,1,4.005179492962605,0.10002353019464134,0.0,-0.23421928355550375,-0.4088968142227619,-5.150256418518007,-0.16077876023503634,-0.4067882373360958,-0.13509085309537916,-0.252032256293267,-0.4237277343247612,-0.5509304520502577,0.8903650145660946,1.2344638654763254,1.289105759640077
/multi_agv/path_reference,1789710666.7287831,1789710666.7278554,world,s_curve,1,4.006181443167977,0.10002353019464134,0.0,-0.23379379823631652,-0.4079896944491867,-5.151687775954253,-0.1601288209729177,-0.4063838035791992,-0.13486877015683268,-0.2512304168137532,-0.42257359158759705,-0.5501650749462099,0.8889336571298486,1.2330325080400792,1.2876744022038311
/multi_agv/path_reference,1789710666.7384183,1789710666.737878,world,s_curve,1,4.00718395801565,0.10002266292141286,-8.652936960945674e-05,-0.23336677405504525,-0.40708267394546027,-5.153119940022357,-0.15947736741050228,-0.40597748892511754,-0.13464546582951595,-0.25042905737144894,-0.4214193790077331,-0.5493995854571989,0.8875014930617442,1.231600343971975,1.2862422381357268
/multi_agv/path_reference,1789710666.7486544,1789710666.7479258,world,s_curve,1,4.008188999035699,0.10002266292141286,0.0,-0.23293737032110895,-0.40617398273887156,-5.154555712908142,-0.158823120898121,-0.4055684915228973,-0.13442049854230861,-0.24962661600130193,-0.4202628433249327,-0.5486324888903802,0.8860657201759596,1.2301645710861904,1.284806465249942
/multi_agv/path_reference,1789710666.7585595,1789710666.7578807,world,s_curve,1,4.0091847204441295,0.10002266292141286,0.0,-0.23251066246623203,-0.40527432649352546,-5.155978172063042,-0.1581738058643528,-0.40516164983996794,-0.1341965316943754,-0.24883254259116885,-0.41911761218999544,-0.5478728246994121,0.8846432610210591,1.2287421119312898,1.2833840060950417
/multi_agv/path_reference,1789710666.7684338,1789710666.767839,world,s_curve,1,4.010180782429727,0.10002266292141286,0.0,-0.23208252872067814,-0.4043749707212385,-5.157401117756753,-0.15752313928887168,-0.404753039541911,-0.13397140733125182,-0.24803912247280824,-0.4179725695068523,-0.5471132201840551,0.8832203153273482,1.2273191662375789,1.281961060401331
/multi_agv/path_reference,1789710666.7783332,1789710666.7778091,world,s_curve,1,4.011178009519294,0.10002156338585864,-0.00011028307020712093,-0.23165261261297782,-0.4034751741675247,-5.158825727884706,-0.1568705812833795,-0.4043423194860227,-0.13374493706953128,-0.2472457025873553,-0.41682677107957355,-0.5463530488356454,0.8817957051993957,1.2258945561096264,1.2805364502733783
/multi_agv/path_reference,1789710666.7883487,1789710666.7878683,world,s_curve,1,4.0121839593893815,0.10002156338585864,0.0,-0.23121763746521684,-0.4025681286420122,-5.160262799127688,-0.15621117055091172,-0.40392635321053305,-0.13351538863420576,-0.24644628545204328,-0.41567154444109145,-0.545586556032902,0.8803586339564133,1.224457484866644,1.279099379030396
/multi_agv/path_reference,1789710666.7985342,1789710666.7978761,world,s_curve,1,4.013185007502712,0.10002156338585864,0.0,-0.23078348846875704,-0.40166612431801546,-5.161692867861017,-0.1555538333617374,-0.4035107663899482,-0.13328586565458553,-0.24565170513671392,-0.41452254146804557,-0.544824126349287,0.878928565223084,1.2230274161333148,1.2776693102970667
/multi_agv/path_reference,1789710666.8083801,1789710666.8078415,world,s_curve,1,4.0141818948190275,0.10002156338585864,0.0,-0.23034986263561885,-0.4007684869816725,-5.163116992598611,-0.15489809989771988,-0.40309527453555427,-0.1330562134735824,-0.24486136238582926,-0.41337890598825755,-0.5440651925709308,0.8775044404854904,1.221603291395721,1.276245185559473
/multi_agv/path_reference,1789710666.8183737,1789710666.8178384,world,s_curve,1,4.015181797434447,0.10002088793783188,-6.756549122942615e-05,-0.2299136414199908,-0.39986875584475723,-5.164545424906352,-0.15423925296063323,-0.40267689020725567,-0.13282478109208357,-0.24406956800572438,-0.41223240694261815,-0.5433042925859294,0.876076008177749,1.2201748590879797,1.2748167532517316
/multi_agv/path_reference,1789710666.8284032,1789710666.8278415,world,s_curve,1,4.016182279370849,0.10002088793783188,0.0,-0.229475881576324,-0.3989691280043289,-5.165974684815498,-0.15357889295292193,-0.4022566247694569,-0.13259212700659326,-0.2432782576300543,-0.41108584297286144,-0.542543283410071,0.8746467482686032,1.218745599178834,1.273387493342586
/multi_agv/path_reference,1789710666.8384514,1789710666.8378088,world,s_curve,1,4.017179243772664,0.10002088793783188,0.0,-0.22903838233793652,-0.39807328635296757,-5.167398919675234,-0.1529197304009875,-0.4018362073349968,-0.13235920927782532,-0.24249066898424737,-0.40994390875810427,-0.5417852813165511,0.8732225134088671,1.2173213643190979,1.2719632584828495
/multi_agv/path_reference,1789710666.848487,1789710666.8478272,world,s_curve,1,4.018181125601414,0.10002088793783188,0.0,-0.22859744014590747,-0.39717365475717914,-5.168830179430591,-0.15225618711079875,-0.40141207809275686,-0.13212405523416687,-0.24170014227023012,-0.4087969465155136,-0.5410238754857937,0.8717912536535101,1.215890104563741,1.2705319987274928
/multi_agv/path_reference,1789710666.858512,1789710666.8578541,world,s_curve,1,4.019184080756205,0.10002019987699523,-6.861720793881239e-05,-0.22815473632670324,-0.3962736924268069,-5.170262972508865,-0.15159080035557926,-0.4009858506546231,-0.13188755796990748,-0.24090972070681763,-0.40764936472208296,-0.5402619918515201,0.8703584605752366,1.2144573114854673,1.2690992056492192
/multi_agv/path_reference,1789710666.8683646,1789710666.8678405,world,s_curve,1,4.020183041604315,0.10002019987699523,0.0,-0.22771251437202034,-0.39537794561738104,-5.171690059434735,-0.1509269385475269,-0.400559686775721,-0.13165091779281318,-0.24012339545764835,-0.40650696138901987,-0.539503480005475,0.868931373649366,1.2130302245595967,1.2676721187233486
/multi_agv/path_reference,1789710666.8786612,1789710666.8778782,world,s_curve,1,4.021186847030826,0.10002019987699523,0.0,-0.2272668605420151,-0.3944784914371161,-5.173124067186894,-0.15025872751541858,-0.4001298143155855,-0.13141203979504124,-0.23933421198164276,-0.4053596316658088,-0.5387416306638968,0.8674973658972073,1.2115962168074381,1.26623811097119
/multi_agv/path_reference,1789710666.8887029,1789710666.887879,world,s_curve,1,4.02218717105424,0.10002019987699523,0.0,-0.22682146973721629,-0.39358279338008706,-5.174553101506056,-0.1495917089169612,-0.3996997965232456,-0.1311729037714421,-0.23854871956517956,-0.40421689548900386,-0.5379827650860779,0.8660683315780449,1.2101671824882756,1.2648090766520275
/multi_agv/path_reference,1789710666.8986542,1789710666.897914,world,s_curve,1,4.023190869052935,0.1000193819648193,-8.150566250463396e-05,-0.22637329062753445,-0.3926847148855559,-5.175986955789907,-0.14892131300235883,-0.39926668744766325,-0.1309318714325813,-0.23776153662629965,-0.40307092381843806,-0.5372216842119301,0.8646344772941945,1.2087333282044253,1.2633752223681771
/multi_agv/path_reference,1789710666.9084277,1789710666.9078243,world,s_curve,1,4.024182019120066,0.1000193819648193,0.0,-0.22592945150415458,-0.3917984953185689,-5.177402884457237,-0.14825819142288554,-0.398837381137363,-0.1306927819522152,-0.23698513879727953,-0.4019398892048865,-0.5364704579535409,0.8632185486268642,1.207317399537095,1.2619592937008468
/multi_agv/path_reference,1789710666.9183388,1789710666.9178233,world,s_curve,1,4.025182138225236,0.1000193819648193,0.0,-0.22548032441523702,-0.39090489422778124,-5.178831626036051,-0.14758795540505742,-0.398402566995964,-0.13045045084468965,-0.23620266783791313,-0.40079923709894805,-0.5357127777464826,0.86178980704805,1.2058886579582808,1.2605305521220327
/multi_agv/path_reference,1789710666.9285502,1789710666.9278848,world,s_curve,1,4.026188632765851,0.1000193819648193,0.0,-0.22502704568296958,-0.3900062455347573,-5.180269475379786,-0.14691231877249233,-0.397963336082579,-0.13020548219383749,-0.23541617651445593,-0.39965194213075084,-0.5349506179590653,0.8603519577043149,1.2044508086145458,1.2590927027782974
/multi_agv/path_reference,1789710666.938433,1789710666.9378755,world,s_curve,1,4.027187729341117,0.1000182773758761,-0.00011057898309579546,-0.2245758213314077,-0.38911484754367404,-5.181696756201595,-0.14624053062002346,-0.3975257026972375,-0.12996123067696216,-0.23463642759718797,-0.39851370574801914,-0.5341944092858151,0.8589246768825061,1.2030235277927368,1.2576654219564887
/multi_agv/path_reference,1789710666.948588,1789710666.9478812,world,s_curve,1,4.028188652950257,0.1000182773758761,0.0,-0.22412249650263694,-0.38822246618073114,-5.183126647071795,-0.14556639866587903,-0.3970856403998365,-0.12971545044219532,-0.23385621503540563,-0.39737401540458583,-0.5334371681022021,0.8574947860123062,1.201593636922537,1.256235531086289
/multi_agv/path_reference,1789710666.95849,1789710666.957871,world,s_curve,1,4.029187790633035,0.1000182773758761,0.0,-0.2236687084218367,-0.38733232444254967,-5.184553986618621,-0.14489235762602193,-0.3966447384940035,-0.12946902914548475,-0.23307835672925317,-0.3962369872925879,-0.5326816293058081,0.8560674464654805,1.2001662973757112,1.2548081915394629
/multi_agv/path_reference,1789710666.968451,1789710666.9678595,world,s_curve,1,4.030186683271034,0.1000182773758761,0.0,-0.2232137620343906,-0.3864430493927625,-5.185980976101477,-0.14421737272975269,-0.39620232284705303,-0.12922159052636617,-0.23230165171897058,-0.3951008682845968,-0.5319266281747204,0.8546404569826245,1.1987393078928552,1.253381202056607
/multi_agv/path_reference,1789710666.9784772,1789710666.9779744,world,s_curve,1,4.031198393664139,0.10001732941396684,-9.371517698809647e-05,-0.22275168466690579,-0.3855430259239969,-5.187426276663056,-0.14353259729872425,-0.395752577948391,-0.12896987875360208,-0.23151596272875058,-0.393950815396156,-0.5311622996470843,0.8531951564210449,1.1972940073312757,1.2519359014950275
/multi_agv/path_reference,1789710666.9884102,1789710666.9879289,world,s_curve,1,4.0321941384909845,0.10001732941396684,0.0,-0.22229562960385002,-0.3846578584997502,-5.188848769272835,-0.14285752009977198,-0.39530830786734433,-0.12872106084443385,-0.2307436396685516,-0.3928195470562079,-0.5304103887744912,0.8517726638112664,1.195871514721497,1.2505134088852488
/multi_agv/path_reference,1789710666.9984612,1789710666.9978576,world,s_curve,1,4.033186961511586,0.10001732941396684,0.0,-0.2218396596403029,-0.383775935161849,-5.190267087873694,-0.14218333070984493,-0.39486373975609534,-0.12847190845496845,-0.22997453965022602,-0.3916922284916746,-0.5296610373436464,0.8503543452104076,1.1944531961206384,1.2490950902843903
/multi_agv/path_reference,1789710667.0084448,1789710667.00795,world,s_curve,1,4.0341964515199775,0.10001732941396684,0.0,-0.22137475293589046,-0.3828798706255971,-5.19170921645711,-0.1414967055256845,-0.39441006943853785,-0.1282174838434491,-0.22919350967599011,-0.39054663283846447,-0.5288994693623368,0.8489122166269908,1.1930110675372216,1.2476529617009735
/multi_agv/path_reference,1789710667.018414,1789710667.0178518,world,s_curve,1,4.035186776447962,0.10001550519284551,-0.00018423286325247064,-0.22091741734393905,-0.38200147011766816,-5.193123966354232,-0.14082202218155393,-0.3939634072274617,-0.12796682262280157,-0.2284282703926466,-0.3894234230434003,-0.5281527169169578,0.8474974667298691,1.1915963176400999,1.2462382118038517
/multi_agv/path_reference,1789710667.0284894,1789710667.0278847,world,s_curve,1,4.036190238612585,0.10001550519284551,0.0,-0.22045274775946588,-0.3811120780122307,-5.194557483732265,-0.14013728511876122,-0.39350919933553474,-0.12771175882410182,-0.2276538541830414,-0.3882859589632751,-0.5273964208903756,0.8460639493518367,1.1901628002620674,1.2448046944258193
/multi_agv/path_reference,1789710667.0383255,1789710667.0378563,world,s_curve,1,4.037187661340927,0.10001550519284551,0.0,-0.21998961188655164,-0.3802286997860624,-5.195982373344181,-0.13945556982348717,-0.3930561097684782,-0.12745715606768954,-0.2268850723704291,-0.3871559871978207,-0.5266450397899374,0.84463905973992,1.1887379106501508,1.2433798048139026
/multi_agv/path_reference,1789710667.0484715,1789710667.0478253,world,s_curve,1,4.038184699409636,0.10001550519284551,0.0,-0.21952539711644656,-0.37934632266360135,-5.197406713442337,-0.1387730233414005,-0.39260158625442715,-0.1272015817535121,-0.22611755862207017,-0.3860270975792808,-0.5258943117894532,0.843214719641764,1.1873135705519948,1.2419554647157467
/multi_agv/path_reference,1789710667.058398,1789710667.0578277,world,s_curve,1,4.039184983902408,0.10001465725593994,-8.47819991188498e-05,-0.219058408319099,-0.37846173781406905,-5.198835691289155,-0.13808715655651976,-0.39214396742435653,-0.1269441009764207,-0.2253485235313005,-0.38489518395283423,-0.5251415059580725,0.8417857417949466,1.1858845927051773,1.240526486868929
/multi_agv/path_reference,1789710667.0683374,1789710667.067854,world,s_curve,1,4.040187788764543,0.10001465725593994,0.0,-0.21858897449511583,-0.377575594879202,-5.200268269663633,-0.13739845921579347,-0.39168357240297835,-0.12668489186657575,-0.22457853533661437,-0.3837610758722541,-0.5243871734287378,0.8403531634204682,1.184452014330699,1.2390939084944508
/multi_agv/path_reference,1789710667.0786142,1789710667.0779512,world,s_curve,1,4.0411976573618755,0.10001465725593994,0.0,-0.21811495158214728,-0.37668389051033974,-5.201710939088393,-0.13670379669020488,-0.3912182929607851,-0.12642276509545186,-0.22380412121708054,-0.3826196468691175,-0.5236279034448212,0.8389104939957082,1.183009344905939,1.2376512390696908
/multi_agv/path_reference,1789710667.088414,1789710667.0878825,world,s_curve,1,4.042190915524931,0.10001465725593994,0.0,-0.2176474710672199,-0.37580752096635384,-5.20312987932133,-0.1360194709488636,-0.390759060664183,-0.12616388158861316,-0.2230434231007964,-0.3814976481365169,-0.5228814916617484,0.8374915537627711,1.181590404673002,1.2362322988367538
/multi_agv/path_reference,1789710667.0984726,1789710667.0978763,world,s_curve,1,4.043190401345656,0.10001396119898093,-6.965122690856133e-05,-0.21717580473160214,-0.3749263271168335,-5.204557716208081,-0.13532976568168675,-0.39029534243642644,-0.12590230607669334,-0.22227893640267907,-0.38036927345755084,-0.5221307714902708,0.8360637168760205,1.1801625677862513,1.2348044619500032
/multi_agv/path_reference,1789710667.1083665,1789710667.107836,world,s_curve,1,4.04418668031873,0.10001396119898093,0.0,-0.21670440007944428,-0.3740486316827093,-5.2059809718839,-0.13464118773361922,-0.38983150914557807,-0.1256405033591356,-0.2215178833744288,-0.3792451792292083,-0.5213828324444909,0.8346404612002014,1.1787393121104321,1.2333812062741838
/multi_agv/path_reference,1789710667.1185095,1789710667.1178596,world,s_curve,1,4.0451890211379915,0.10001396119898093,0.0,-0.21622886701334953,-0.37316627390615936,-5.207412887339988,-0.13394732773657803,-0.3893632396053778,-0.12537603369809278,-0.2207531895129712,-0.3781149128265823,-0.5206307193789247,0.8332085457441134,1.1773073966543441,1.231949290818096
/multi_agv/path_reference,1789710667.1284676,1789710667.1278622,world,s_curve,1,4.04618945309079,0.10001396119898093,0.0,-0.215752980200342,-0.37228627637235695,-5.208842075843985,-0.13325369800294173,-0.3888942485074639,-0.12511099409062046,-0.2199909434270769,-0.3769874686680671,-0.519880417021927,0.8317793572401162,1.175878208150347,1.2305201023140988
/multi_agv/path_reference,1789710667.1384926,1789710667.137894,world,s_curve,1,4.047192714327079,0.10001330202287258,-6.571207660182492e-05,-0.21527448501668311,-0.37140447407500726,-5.210275306181542,-0.13255701333546813,-0.3884223133839506,-0.12484412833063063,-0.21922753798196,-0.3758575103087789,-0.519128373934283,0.8303461269025596,1.1744449778127903,1.2290868719765422
/multi_agv/path_reference,1789710667.1483052,1789710667.1478016,world,s_curve,1,4.048183787642344,0.10001330202287258,0.0,-0.21480056236381162,-0.37053405838821807,-5.211691125203348,-0.1318677186591487,-0.3879545218812292,-0.12457944655105707,-0.21847438774850525,-0.37474194425175206,-0.518385843164397,0.828930307880753,1.1730291587909838,1.2276710529547357
/multi_agv/path_reference,1789710667.1583138,1789710667.1578298,world,s_curve,1,4.049186746338395,0.10001330202287258,0.0,-0.21431970204695125,-0.3696538883330109,-5.213123923340564,-0.13116907273083325,-0.38747951287857224,-0.12431052053144825,-0.2177131997590363,-0.37361367529157696,-0.5176347899484195,0.8274975097435369,1.1715963606537676,1.2262382548175195
/multi_agv/path_reference,1789710667.1687124,1789710667.1679344,world,s_curve,1,4.050197308645745,0.10001330202287258,0.0,-0.2138339213025794,-0.36876774327460227,-5.214567583779636,-0.1304640279508795,-0.3869992682740424,-0.12403846768281634,-0.21694725426693842,-0.3724775422250628,-0.5168784333318057,0.8260538493044653,1.170152700214696,1.224794594378448
/multi_agv/path_reference,1789710667.1783328,1789710667.1778185,world,s_curve,1,4.051185724020428,0.100012554464726,-7.564147803182082e-05,-0.21335754956682157,-0.36790169780435383,-5.215979605743469,-0.12977336553300375,-0.3865279622251158,-0.12377132094234516,-0.21619908022838427,-0.3713669798644587,-0.5161390333202185,0.8246418273406326,1.1687406782508634,1.2233825724146152
/multi_agv/path_reference,1789710667.188612,1789710667.1879354,world,s_curve,1,4.052197681450319,0.100012554464726,0.0,-0.21286856525231215,-0.36701572263640936,-5.217425259214741,-0.12906515922104547,-0.3860438065503008,-0.12349672998559028,-0.21543409730682447,-0.3702306567544629,-0.5153824138479408,0.8231961738693606,1.1672950247795912,1.221936918943343
/multi_agv/path_reference,1789710667.1988218,1789710667.1978695,world,s_curve,1,4.053191097452725,0.100012554464726,0.0,-0.2123872948754162,-0.36614666912304944,-5.218844424932464,-0.1283688538615832,-0.3855669243060065,-0.12322610645865895,-0.2146841273194568,-0.36911583572050205,-0.5146400443291896,0.821777008151637,1.1658758590618679,1.2205177532256197
/multi_agv/path_reference,1789710667.2084565,1789710667.2079368,world,s_curve,1,4.054197949541748,0.100012554464726,0.0,-0.2118982573704788,-0.36526655931758883,-5.22028278505964,-0.12766204566289013,-0.3850819783865487,-0.12295074806199754,-0.21392502292670143,-0.36798662825569667,-0.5138880267703685,0.8203386480244617,1.1644374989346924,1.219079393098444
/multi_agv/path_reference,1789710667.2184732,1789710667.21794,world,s_curve,1,4.0551984364765055,0.10001310881163727,5.541497447981155e-05,-0.211411058006957,-0.36439271109676336,-5.221712052109293,-0.12695862494083962,-0.38459848983641454,-0.12267605924361691,-0.2131717252872106,-0.3668652515548772,-0.5131411564482024,0.8189093809748083,1.163008231885039,1.2176501260487909
/multi_agv/path_reference,1789710667.2284136,1789710667.2278504,world,s_curve,1,4.056189573085707,0.10001310881163727,0.0,-0.21092718081121992,-0.36352771718347526,-5.223127961551009,-0.1262607172501378,-0.3841179399298739,-0.12240288525364812,-0.2124264599151787,-0.365755037525137,-0.5124016541101102,0.8174934715330918,1.1615923224433227,1.2162342166070745
/multi_agv/path_reference,1789710667.2384217,1789710667.2378397,world,s_curve,1,4.057188750948883,0.10001310881163727,0.0,-0.21043813869390504,-0.3626563997690333,-5.224555358498404,-0.1255560799850295,-0.38363190064696673,-0.12212643544971888,-0.21167614904284396,-0.36463650596471964,-0.5116565442995364,0.8160660745856974,1.160164925495928,1.21480681965968
/multi_agv/path_reference,1789710667.2483337,1789710667.2478263,world,s_curve,1,4.058187371138964,0.10001310881163727,0.0,-0.20994812735015098,-0.36178626702377714,-5.225981958769949,-0.1248507666231241,-0.3831445378813589,-0.12184907754597002,-0.21092726266111322,-0.3635192930204957,-0.5109122453897227,0.8146394743141525,1.158738325224383,1.213380219388135
/multi_agv/path_reference,1789710667.2583346,1789710667.2578063,world,s_curve,1,4.0591856530377886,0.10001310411063134,-4.709713721450524e-07,-0.20945704180169908,-0.3609171286221453,-5.2274080757682695,-0.12414462509303124,-0.38265574770566224,-0.12157075260640379,-0.2101796364202163,-0.3624031545951595,-0.5101685948510603,0.8132133573158317,1.1573122082260625,1.2119541023898144
/multi_agv/path_reference,1789710667.2684379,1789710667.26786,world,s_curve,1,4.060191024165472,0.10001310411063134,0.0,-0.20896121663058756,-0.36004252681173393,-5.228844320236388,-0.12343239209817135,-0.38216187819344394,-0.12128937960014743,-0.20942771952472397,-0.36127979565434476,-0.5094200652561331,0.8117771128477131,1.1558759637579439,1.2105178579216958
/multi_agv/path_reference,1789710667.278581,1789710667.2779033,world,s_curve,1,4.061195625792332,0.10001310411063134,0.0,-0.20846451680146316,-0.3591693066036783,-5.230279465417618,-0.12271962630769846,-0.3816667756585062,-0.12100714843818489,-0.20867740066115828,-0.3601580061626233,-0.5086725129872534,0.8103419676664836,1.1544408185767143,1.209082712740466
/multi_agv/path_reference,1789710667.2885256,1789710667.287913,world,s_curve,1,4.062196602944299,0.10001310411063134,0.0,-0.20796836306209918,-0.3582999467520697,-5.23170943277757,-0.1220083617940858,-0.38117185864422326,-0.12072486874798855,-0.20793080702585087,-0.35904097180773703,-0.5079280614226214,0.8089120003065315,1.153010851216762,1.207652745380514
/multi_agv/path_reference,1789710667.2983887,1789710667.2978456,world,s_curve,1,4.063190111052555,0.1000134902103893,3.886750801705948e-05,-0.20747468265068475,-0.3574377763260633,-5.233128730075078,-0.12130134951978698,-0.3806790555163658,-0.12044364291590146,-0.20719079080851183,-0.3579329734647024,-0.5071895647049758,0.8074927030090229,1.1515915539192536,1.2062334480830055
/multi_agv/path_reference,1789710667.3084033,1789710667.3078437,world,s_curve,1,4.064190059529514,0.1000134902103893,0.0,-0.20697656694126462,-0.35657072527620104,-5.234557227899305,-0.12058869431435021,-0.3801814704738261,-0.12015953603561758,-0.20644699143309414,-0.3568184999239523,-0.5064466844715567,0.8060642051847958,1.1501630560950267,1.2048049502587785
/multi_agv/path_reference,1789710667.318554,1789710667.3178387,world,s_curve,1,4.065189702265232,0.1000134902103893,0.0,-0.20647736602832567,-0.35570465144893604,-5.2359852889503316,-0.11987519570504394,-0.3796824467846863,-0.11987445559524679,-0.20570443779809722,-0.3557050787515267,-0.5057044377971843,0.8046361441337698,1.1487349950440005,1.2033768892077523
/multi_agv/path_reference,1789710667.3284159,1789710667.3278306,world,s_curve,1,4.066188809028657,0.1000134902103893,0.0,-0.20597719746312534,-0.3548397551787699,-5.237412584326653,-0.11916102081289107,-0.3791821024051245,-0.11958846917136054,-0.20496330115134337,-0.35459296775394294,-0.5049629966310236,0.8032088487574485,1.1473076996676792,1.201949593831431
/multi_agv/path_reference,1789710667.3383393,1789710667.3378198,world,s_curve,1,4.067187971884206,0.10001422948982563,7.400041223718218e-05,-0.20547576676146537,-0.35397552518025405,-5.238839959834579,-0.1184457486438416,-0.37868014300137876,-0.11930140863917585,-0.20422314307417178,-0.35348150965161307,-0.5042219228149774,0.8017814732495219,1.1458803241597526,1.2005222183235045
/multi_agv/path_reference,1789710667.3482933,1789710667.347822,world,s_curve,1,4.068188253098869,0.10001422948982563,0.0,-0.2049725396754348,-0.35311104566371065,-5.240268932998385,-0.1177286183514729,-0.3781760331421089,-0.11901296753272267,-0.20348317997012288,-0.3523695263181827,-0.5034804307028264,0.8003525000857166,1.1444513509959473,1.1990932451596992
/multi_agv/path_reference,1789710667.35831,1789710667.3578017,world,s_curve,1,4.069186544530436,0.10001422948982563,0.0,-0.2044690824893991,-0.35224900362775535,-5.241695063614909,-0.11701186107786561,-0.37767134231818433,-0.1187240440721474,-0.20274571127947963,-0.35126047431510493,-0.5027408252886816,0.7989263694691923,1.1430252203794231,1.197667114543175
/multi_agv/path_reference,1789710667.3683715,1789710667.3678226,world,s_curve,1,4.070188604198128,0.10001422948982563,0.0,-0.2039624890909859,-0.3513844305936447,-5.243126577425897,-0.11629134133480641,-0.3771631563611326,-0.11843296957701879,-0.20200648760635448,-0.35014796095149936,-0.5019988432230804,0.7974948556582048,1.1415937065684354,1.1962356007321873
/multi_agv/path_reference,1789710667.378317,1789710667.3778007,world,s_curve,1,4.071186777699368,0.10001485946846077,6.312251786159857e-05,-0.20345663038973585,-0.35052393240036994,-5.244552539570526,-0.11557256454764069,-0.37665535841125675,-0.11814196821031023,-0.20127115697873074,-0.34904048650407093,-0.5012601537183082,0.7960688935135757,1.1401677444238063,1.1948096385875582
/multi_agv/path_reference,1789710667.388712,1789710667.3878193,world,s_curve,1,4.072188651750408,0.10001485946846077,0.0,-0.20294766297818223,-0.34966097028458565,-5.245983788214868,-0.11485006939057084,-0.3761440904240988,-0.11784882911987712,-0.20053413164018857,-0.3479296355476357,-0.5005191436659328,0.7946376448692328,1.1387364957794637,1.1933783899432155
/multi_agv/path_reference,1789710667.3985734,1789710667.3978598,world,s_curve,1,4.073192960763217,0.10001485946846077,0.0,-0.2024362195075293,-0.34879664280433953,-5.247418515376024,-0.11412476033933924,-0.37562998470395387,-0.11755391347929484,-0.19979635361138162,-0.3468168203158938,-0.4997767544857433,0.7932029177080769,1.1373017686183078,1.1919436627820597
/multi_agv/path_reference,1789710667.408465,1789710667.4078624,world,s_curve,1,4.074193380698215,0.10001485946846077,0.0,-0.2019255241515577,-0.34793639276738386,-5.248847686711736,-0.11340120830295031,-0.3751162829666335,-0.11725908118508938,-0.1990624679063257,-0.34570904882038156,-0.4990376615754444,0.7917737463723653,1.135872597282596,1.190514491446348
/multi_agv/path_reference,1789710667.4182463,1789710667.417843,world,s_curve,1,4.075191613338377,0.10001566414930813,8.062317954626732e-05,-0.2014147204429872,-0.34707875193170296,-5.2502737333405385,-0.11267819351957824,-0.37460212686170075,-0.11696384094768264,-0.19833121820569086,-0.34460443223543513,-0.498300605353983,0.7903476997435628,1.1344465506537935,1.1890884448175454
/multi_agv/path_reference,1789710667.4294972,1789710667.4279387,world,s_curve,1,4.076201248164314,0.10001566414930813,0.0,-0.2008968388079842,-0.34621205653303183,-5.251716068806163,-0.11194586041632945,-0.3740804962852984,-0.1166641597223248,-0.19759266532459174,-0.3434879451585982,-0.4975555591159056,0.7889053642779387,1.1330042151881694,1.187646109351921
/multi_agv/path_reference,1789710667.438831,1789710667.4378755,world,s_curve,1,4.077194917089721,0.10001566414930813,0.0,-0.2003859263612369,-0.34535979704416037,-5.253135595842458,-0.11122406841712754,-0.37356554240266193,-0.11636816826392124,-0.19686682385029355,-0.3423898496128757,-0.4968227176693119,0.7874858372416428,1.1315846881518736,1.1862265823156255
/multi_agv/path_reference,1789710667.4486895,1789710667.447877,world,s_curve,1,4.078195265361226,0.10001566414930813,0.0,-0.19987035823968066,-0.3445025421212166,-5.254564664801752,-0.11049638471399195,-0.3730455531858915,-0.11606913681915859,-0.19613713895649804,-0.34128511219317165,-0.4960853752139803,0.7860567682823495,1.1301556191925803,1.1847975133563322
/multi_agv/path_reference,1789710667.4585052,1789710667.4578068,world,s_curve,1,4.079188586002983,0.10001651720959087,8.589383413916e-05,-0.19935720029906512,-0.343652039530664,-5.255983694289976,-0.10977278194560884,-0.3725276552622375,-0.115771163689349,-0.19541361000487292,-0.3401888722162135,-0.49535363637090557,0.7846377387941249,1.1287365897043558,1.1833784838681076
/multi_agv/path_reference,1789710667.4683414,1789710667.4678264,world,s_curve,1,4.080190549272025,0.10001651720959087,0.0,-0.19883835546178844,-0.3427948754550219,-5.257415070388607,-0.10904184400780963,-0.3720036759327003,-0.11546954644485546,-0.1946848267388884,-0.33908383972272277,-0.4946159599034547,0.7832063626954944,1.127305213605725,1.181947107769477
/multi_agv/path_reference,1789710667.4783928,1789710667.4778335,world,s_curve,1,4.081191624994494,0.10001651720959087,0.0,-0.1983187454506053,-0.3419392132177375,-5.258845178563563,-0.10831051250368347,-0.37147858166114817,-0.11516714218698432,-0.19395773464094854,-0.33798053622435026,-0.4938793687879139,0.7817762545205381,1.125875105430769,1.1805169995945208
/multi_agv/path_reference,1789710667.4884493,1789710667.4878669,world,s_curve,1,4.082195116415902,0.10001651720959087,0.0,-0.1977966540248517,-0.34108223282100036,-5.2602787377370035,-0.10757637343205766,-0.37095063730996153,-0.11486295133253593,-0.19322993838578537,-0.3368753251086881,-0.4931414349685277,0.7803426953470978,1.1244415462573283,1.1790834404210804
/multi_agv/path_reference,1789710667.498402,1789710667.4978712,world,s_curve,1,4.083195671991262,0.1000178907982982,0.00013730716085640557,-0.19727486738625025,-0.34022850570434043,-5.2617081028446595,-0.10684334411848391,-0.3704226605822234,-0.11455859745804356,-0.1925053199836438,-0.3357741021118796,-0.49240609501749805,0.7789133302394418,1.1230121811496725,1.1776540753134244
/multi_agv/path_reference,1789710667.5083914,1789710667.5078337,world,s_curve,1,4.084192162939558,0.1000178907982982,0.0,-0.19675398802811023,-0.33937898893960633,-5.263131661342225,-0.10611226386562607,-0.3698952646785404,-0.11425443554016432,-0.19178468742070579,-0.3346781039315236,-0.4916741754665897,0.7774897717418762,1.121588622652107,1.1762305168158589
/multi_agv/path_reference,1789710667.518382,1789710667.517856,world,s_curve,1,4.085194362609006,0.1000178907982982,0.0,-0.19622890553544386,-0.3385253541355595,-5.264563375155723,-0.10537596154376172,-0.36936327441332273,-0.11394748064924717,-0.19106097685058857,-0.33357658527264356,-0.49093850028344654,0.776058057928378,1.1201569088386087,1.1747988030023606
/multi_agv/path_reference,1789710667.528544,1789710667.5278928,world,s_curve,1,4.086198412609435,0.1000178907982982,0.0,-0.19570162864426502,-0.33767089798823774,-5.265997732299192,-0.10463726160166308,-0.3688287211210087,-0.11363890321012338,-0.19033698792293655,-0.3324737977824447,-0.4902019082593321,0.7746237007849088,1.1187225516951396,1.1733644458588914
/multi_agv/path_reference,1789710667.5385075,1789710667.5379298,world,s_curve,1,4.087202209528492,0.10001899340977227,0.0001098649414684472,-0.19517326008519656,-0.33681741410125676,-5.267431727897845,-0.10389771056622601,-0.36829272194132906,-0.11332934774803466,-0.189614241377263,-0.3313720558354407,-0.48946594509106667,0.773189705186256,1.1172885560964865,1.1719304502602386
/multi_agv/path_reference,1789710667.5483558,1789710667.547882,world,s_curve,1,4.088197648260346,0.10001899340977227,0.0,-0.19464808268094516,-0.33597178605448,-5.268853783229066,-0.10316329446656328,-0.36775962589429634,-0.11302132768197595,-0.1888985610086897,-0.3302802479238813,-0.4887365492308691,0.7717676498550357,1.1158665007652664,1.170508394929018
/multi_agv/path_reference,1789710667.5586345,1789710667.5578287,world,s_curve,1,4.089192455672313,0.10001899340977227,0.0,-0.1941220375046172,-0.33512744128486577,-5.270274936674733,-0.10242832812490381,-0.3672253173569838,-0.112712467031964,-0.18818437863749662,-0.3291898909184911,-0.48800805429860966,0.7703464964093683,1.114445347319599,1.1690872414833509
/multi_agv/path_reference,1789710667.5684872,1789710667.5678854,world,s_curve,1,4.0901984159021785,0.10001899340977227,0.0,-0.19358887541831354,-0.3342743914640326,-5.271712022717398,-0.10168409097054346,-0.3666834437550318,-0.11239909152936545,-0.18746325225583452,-0.32808808300702974,-0.48727183912923355,0.7689094103667036,1.1130082612769343,1.1676501554406862
/multi_agv/path_reference,1789710667.578411,1789710667.577857,world,s_curve,1,4.091195802702533,0.10001947470876037,4.8265399090886904e-05,-0.19305904733812795,-0.33342936929625155,-5.273136861003618,-0.10094517412003261,-0.36614462548352555,-0.11208734241082571,-0.18674932852464335,-0.3269964354342061,-0.48654234392990536,0.7674845720804836,1.1115834229907142,1.166225317154466
/multi_agv/path_reference,1789710667.5884047,1789710667.5878558,world,s_curve,1,4.0921958721252185,0.10001947470876037,0.0,-0.19252658593252428,-0.3325828331015753,-5.274565531607455,-0.10020324933008008,-0.365602796895113,-0.11177371157237984,-0.18603454236233888,-0.3259026236113352,-0.48581133333105203,0.7660559014766464,1.110154752386877,1.164796646550629
/multi_agv/path_reference,1789710667.598448,1789710667.5978544,world,s_curve,1,4.093195788918186,0.10001947470876037,0.0,-0.19199299718624188,-0.3317371875079636,-5.275993984168837,-0.0994604175655099,-0.36505948921075926,-0.11145908478245656,-0.18532092574468512,-0.32480975376034277,-0.48508088301886304,0.7646274489152645,1.1087262998254952,1.1633681939892468
/multi_agv/path_reference,1789710667.6083252,1789710667.607839,world,s_curve,1,4.094194582292413,0.10001947470876037,0.0,-0.19145880251995046,-0.33089325380739937,-5.277420831846305,-0.09871740346032513,-0.36451523398255614,-0.1111437701169701,-0.18460917093963375,-0.32371888767313645,-0.484351702809428,0.7632006012377962,1.107299452148027,1.161941346311779
/multi_agv/path_reference,1789710667.6185234,1789710667.6178796,world,s_curve,1,4.0951988395267,0.10002005209936023,5.750582212201704e-05,-0.1909204721923685,-0.3300454726590628,-5.278855485038142,-0.09796930171987271,-0.36396643283631114,-0.11082568202092172,-0.18389459203293376,-0.32262283803144803,-0.4836189879128067,0.7617659480459592,1.1058647989561898,1.1605066931199417
/multi_agv/path_reference,1789710667.6286008,1789710667.6278563,world,s_curve,1,4.096196701878935,0.10002005209936023,0.0,-0.19038436552611887,-0.32920385591411233,-5.280281002684193,-0.09722494890791297,-0.3634195692536364,-0.11050857841680731,-0.18318562727345414,-0.3215345488413369,-0.482891391627546,0.7603404303999084,1.1044392813101394,1.159081175473891
/multi_agv/path_reference,1789710667.6383631,1789710667.637869,world,s_curve,1,4.097198183256716,0.10002005209936023,0.0,-0.1898451088971754,-0.3283599560002144,-5.281711690366738,-0.09647688121155656,-0.3628691631552582,-0.11018928232471151,-0.1824751587838957,-0.3204430975262983,-0.48216161169044924,0.7589097427173636,1.1030085936275944,1.157650487791346
/multi_agv/path_reference,1789710667.6484137,1789710667.6478631,world,s_curve,1,4.098197623925374,0.10002005209936023,0.0,-0.1893057479292623,-0.3275185457409281,-5.283139462750535,-0.09572932519686612,-0.36231832236161304,-0.10986959622930781,-0.18176720575186356,-0.3193546564539337,-0.48143377501698714,0.7574819703335661,1.101580821243797,1.1562227154075488
/multi_agv/path_reference,1789710667.6585467,1789710667.6578388,world,s_curve,1,4.099195348195383,0.10002011681811918,6.487942636063992e-06,-0.18876611548910466,-0.3266793494721475,-5.284564783136261,-0.09498204552293728,-0.36176687802677027,-0.1095494229176065,-0.18106153387054943,-0.3182688702119484,-0.48070764433394475,0.7560566499478399,1.1001555008580708,1.1547973950218227
/multi_agv/path_reference,1789710667.6690164,1789710667.6678522,world,s_curve,1,4.10019699345401,0.10002011681811918,0.0,-0.18822315980886292,-0.32583762969705216,-5.2859957049343,-0.09423081822044443,-0.36121171049981254,-0.10922695070633187,-0.18035416079860292,-0.3171796085695218,-0.4799791197230318,0.7546257281498012,1.098724579060032,1.1533664732237836
/multi_agv/path_reference,1789710667.6789634,1789710667.6778147,world,s_curve,1,4.101193498778855,0.10002011681811918,0.0,-0.18768179553019917,-0.32500100109961233,-5.287419283969792,-0.09348244203675472,-0.360657845560643,-0.10890509899319983,-0.1796514850996714,-0.31609672595418953,-0.4792547922449762,0.7532021491143088,1.0973010000245396,1.1519428941882912
/multi_agv/path_reference,1789710667.6888745,1789710667.6878402,world,s_curve,1,4.102196295569088,0.10002011681811918,0.0,-0.18713581175022428,-0.32415986915988826,-5.288851850812982,-0.09272833209089505,-0.36009892832087,-0.10858017483890789,-0.17894544913083837,-0.31500780348217144,-0.478526354866655,0.7517695822711192,1.09586843318135,1.1505103273451018
/multi_agv/path_reference,1789710667.69876,1789710667.69781,world,s_curve,1,4.103193455790496,0.10002035407215398,2.3797813086601875e-05,-0.1865917024256737,-0.32332424162353907,-5.290276365414995,-0.09197745856233999,-0.3595416062575644,-0.10825604245711673,-0.17824445371988376,-0.3139257968298638,-0.4778024743208697,0.7503450676691066,1.0944439185793373,1.1490858127430892
/multi_agv/path_reference,1789710667.7086723,1789710667.707805,world,s_curve,1,4.104193169831605,0.10002035407215398,0.0,-0.18604500527206713,-0.3224872528459662,-5.291704528330865,-0.09122366039616463,-0.3589813102196531,-0.10793004520038368,-0.1775427374066949,-0.3128418170820649,-0.47707720404913884,0.7489169047532367,1.0930157556634674,1.1476576498272193
/multi_agv/path_reference,1789710667.7186065,1789710667.7178035,world,s_curve,1,4.105193249147047,0.10002035407215398,0.0,-0.1854969129233567,-0.32165074029866925,-5.293133213067209,-0.09046858487288287,-0.35841926109519806,-0.10760289280198926,-0.17684184254742083,-0.3117582430034218,-0.4763521353451652,0.747488220016892,1.0915870709271227,1.1462289650908746
/multi_agv/path_reference,1789710667.7286131,1789710667.7278068,world,s_curve,1,4.106193776853736,0.10002035407215398,0.0,-0.18494737949051404,-0.3208146371201559,-5.29456253836248,-0.08971216956001256,-0.3578554114329285,-0.10727455747860115,-0.1761417136358587,-0.3106749877277462,-0.47562720999686287,0.7460588947216212,1.0901577456318519,1.1447996397956037
/multi_agv/path_reference,1789710667.7386208,1789710667.737805,world,s_curve,1,4.107193794052559,0.10002072381980298,3.6981791440206723e-05,-0.18439693284951647,-0.31997974627648595,-5.295991134360799,-0.08895514101187355,-0.35729030289150543,-0.10694535464517055,-0.1754430230162016,-0.30959309159252313,-0.4749031242207332,0.7446302987233023,1.0887291496335332,1.143371043797285
/multi_agv/path_reference,1789710667.748614,1789710667.7478032,world,s_curve,1,4.108193846658718,0.10002072381980298,0.0,-0.18384527449724944,-0.31914561313066353,-5.297419780941026,-0.08819708823425995,-0.35672362924525347,-0.10661510601223492,-0.1747453899154605,-0.30851196560861044,-0.4741794838679198,0.743201652143075,1.0873005030533058,1.1419423972170577
/multi_agv/path_reference,1789710667.7592223,1789710667.7578387,world,s_curve,1,4.10919756422424,0.10002072381980298,0.0,-0.1832903968875199,-0.3183092163260499,-5.298853663177486,-0.08743525610766441,-0.35615332652196086,-0.10628260803293454,-0.17404628974380537,-0.30742769261848363,-0.4734536666158608,0.7417677699066156,1.0858666208168464,1.1405085149805982
/multi_agv/path_reference,1789710667.768709,1789710667.7678397,world,s_curve,1,4.110197896688384,0.10002072381980298,0.0,-0.18273619786814746,-0.3174764328526629,-5.300282709554835,-0.08667499662224222,-0.3555834007978256,-0.10595019618437462,-0.1733506349704181,-0.3063478911967821,-0.47273077239078864,0.7403387235292667,1.0844375744394974,1.1390794686032493
/multi_agv/path_reference,1789710667.7788343,1789710667.7778356,world,s_curve,1,4.111197676371487,0.10002106738812115,3.437164255779547e-05,-0.18218111654482771,-0.3166449017543448,-5.301710966244981,-0.08591416471229055,-0.3550122487688793,-0.10561693615331331,-0.1726564508811169,-0.30526950135908865,-0.4720087530228289,0.7389104668391203,1.0830093177493512,1.1376512119131028
/multi_agv/path_reference,1789710667.7887895,1789710667.7878315,world,s_curve,1,4.112197507065333,0.10002106738812115,0.0,-0.18162481973780198,-0.31581412193570546,-5.303139295807618,-0.08515230321244113,-0.35443952784815064,-0.10528262815281425,-0.17196331882615043,-0.3041918734125064,-0.4712871735684596,0.737482137276483,1.0815809881867138,1.1362228823504656
/multi_agv/path_reference,1789710667.798597,1789710667.7978325,world,s_curve,1,4.113197803757332,0.10002106738812115,0.0,-0.18106707678119693,-0.3149837508774907,-5.304568291081903,-0.08438909670769981,-0.3538650003128191,-0.10494713332307191,-0.1712709533648527,-0.3031145629035955,-0.470565736364024,0.736053142002198,1.0801519929124288,1.1347938870761805
/multi_agv/path_reference,1789710667.8085287,1789710667.8078072,world,s_curve,1,4.114195448490751,0.10002106738812115,0.0,-0.1805096310916725,-0.3141563760247061,-5.30599349784393,-0.08362692882354157,-0.353290463087283,-0.10461150136419299,-0.17058151053208342,-0.3020409274195318,-0.46984669012250313,0.7346279352401716,1.0787267861504022,1.1333686803141543
/multi_agv/path_reference,1789710667.8186057,1789710667.8178585,world,s_curve,1,4.115200666948642,0.10002124943781665,1.8114309243573308e-05,-0.17994676169745735,-0.3133235242865011,-5.3074295242123455,-0.08285798210186715,-0.35271001744354225,-0.10427228554696273,-0.16988793289915088,-0.3009599704279669,-0.4691226695323856,0.7331919088717557,1.0772907597819865,1.1319326539457384
/multi_agv/path_reference,1789710667.8288226,1789710667.8278177,world,s_curve,1,4.116196909099523,0.10002124943781665,0.0,-0.17938773878183936,-0.31249890823403415,-5.308852727285033,-0.08209491960775182,-0.3521332237194623,-0.10393507301830401,-0.1692016391143531,-0.29988948978330915,-0.46840559580444024,0.7317687057990682,1.075867556709299,1.1305094508730509
/multi_agv/path_reference,1789710667.8387806,1789710667.8379467,world,s_curve,1,4.117210057742176,0.10002124943781665,0.0,-0.17881802659884213,-0.3116611146912122,-5.310300082488824,-0.08131790735530259,-0.351545080298633,-0.10359109214259084,-0.16850481288268002,-0.2988016854585611,-0.46767684573239565,0.7303213505952777,1.0744202015055084,1.1290620956692603
/multi_agv/path_reference,1789710667.848641,1789710667.8478549,world,s_curve,1,4.118200958058189,0.10002124943781665,0.0,-0.17825965204090738,-0.31084251764460175,-5.311715654368841,-0.08055698251724536,-0.35096832924137855,-0.1032536443640983,-0.1678243776484807,-0.29773859381761536,-0.46696458146770925,0.72890577871526,1.0730046296254907,1.1276465237892426
/multi_agv/path_reference,1789710667.8585021,1789710667.8578072,world,s_curve,1,4.119196524302742,0.10002094167071111,-3.092024853141411e-05,-0.1776974818926033,-0.3100208627880948,-5.31313789186106,-0.07979150549122895,-0.35038734753356754,-0.10291359265301342,-0.16714182379043946,-0.29667131954101267,-0.4662494450328325,0.7274835412230414,1.071582392133272,1.1262242862970238
/multi_agv/path_reference,1789710667.8682709,1789710667.8678336,world,s_curve,1,4.120199407879346,0.10002094167071111,0.0,-0.17712999919309205,-0.3091939778623106,-5.314570582684779,-0.07901942185470548,-0.3498005618406508,-0.10257001388391995,-0.1664553544475934,-0.2955970372146687,-0.4655295419246699,0.7260508503993219,1.0701497013095527,1.1247915954733045
/multi_agv/path_reference,1789710667.8783598,1789710667.8778448,world,s_curve,1,4.121200725628108,0.10002094167071111,0.0,-0.17656222114812717,-0.3083691959798938,-5.316001036611582,-0.07824756323184093,-0.34921315734608943,-0.10222594286645119,-0.16577106121367885,-0.2945252720431206,-0.4648112546828821,0.7246203964725191,1.0687192473827498,1.1233611415465017
/multi_agv/path_reference,1789710667.888366,1789710667.887851,world,s_curve,1,4.122201394441,0.10002094167071111,0.0,-0.17599363295975026,-0.3075457608739542,-5.317430563487143,-0.07747522770213898,-0.3486246024929932,-0.1018810686841187,-0.16508831520860098,-0.29345504201320904,-0.46409392540005256,0.7231908695969582,1.067289720507189,1.1219316146709406
/multi_agv/path_reference,1789710667.8983085,1789710667.89785,world,s_curve,1,4.123201532130124,0.10002113046758815,1.8881077350769938e-05,-0.1754241709333725,-0.30672357584200893,-5.318859331614463,-0.07670232764379832,-0.3480348319009329,-0.10153535325538635,-0.16440703549090024,-0.2923862218203657,-0.4633774702147609,0.7217621014696384,1.065860952379869,1.1205028465436209
/multi_agv/path_reference,1789710667.9083412,1789710667.907842,world,s_curve,1,4.124201074893564,0.10002113046758815,0.0,-0.17485387453941897,-0.30590269364067896,-5.320287249847948,-0.07592891558046677,-0.34744388697244377,-0.10118882106534643,-0.1637272650499073,-0.2913188804092792,-0.4626619354628505,0.7203341832361532,1.064433034146384,1.1190749283101358
/multi_agv/path_reference,1789710667.9182775,1789710667.917853,world,s_curve,1,4.125202287609798,0.10002113046758815,0.0,-0.17428145090727398,-0.3050812571446852,-5.321717553728282,-0.07515323913925545,-0.3468504275231212,-0.10084068605944536,-0.16304746668736175,-0.2902506027505194,-0.4619457019961746,0.718903879355819,1.0630027302660496,1.1176446244298015
/multi_agv/path_reference,1789710667.9283588,1789710667.9278283,world,s_curve,1,4.126199992284923,0.10002113046758815,0.0,-0.17370986462024113,-0.3042635141740318,-5.323142846121319,-0.07437931392707343,-0.34625752794103404,-0.10049275199261598,-0.1623711546228846,-0.2891869136774242,-0.4612324742217867,0.7174785869627828,1.0615774378730134,1.1162193320367653
/multi_agv/path_reference,1789710667.9382784,1789710667.9378498,world,s_curve,1,4.127202334976368,0.10002114409061406,1.3594059693282208e-06,-0.17313444833625657,-0.3034427908351954,-5.324574764251954,-0.07360082130342466,-0.3456603463118963,-0.10014217739344883,-0.16169280991918572,-0.28811913175196224,-0.4605164308344383,0.7160466688321468,1.0601455197423777,1.1147874139061296
/multi_agv/path_reference,1789710667.9483035,1789710667.9478688,world,s_curve,1,4.128204441917976,0.10002114409061406,0.0,-0.17255799318240317,-0.3026230850304822,-5.326006345597109,-0.07282154158387144,-0.34506177731162613,-0.09979066065171202,-0.1610157398024407,-0.2870524568768574,-0.4598010584121485,0.7146150874869925,1.0587139383972233,1.1133558325609751
/multi_agv/path_reference,1789710667.9584181,1789710667.9578564,world,s_curve,1,4.129203409195871,0.10002114409061406,0.0,-0.17198217657103232,-0.3018067697219528,-5.327433441708387,-0.07204373931116896,-0.3444635642640504,-0.09943922613787763,-0.16034190214679708,-0.28598997802797177,-0.4590884289910897,0.713187991375714,1.0572868422859447,1.1119287364496966
/multi_agv/path_reference,1789710667.9685798,1789710667.9678411,world,s_curve,1,4.130202215239682,0.10002114409061406,0.0,-0.1714052887980931,-0.3009914085497512,-5.328860307485259,-0.07126510196316092,-0.34386393247864,-0.09908683195247846,-0.15966928366951577,-0.2849285252510977,-0.45837641672864027,0.711761125598842,1.0558599765090728,1.1105018706728247
/multi_agv/path_reference,1789710667.978398,1789710667.977805,world,s_curve,1,4.131198842521106,0.10002090299603088,-2.4196104569117193e-05,-0.17082850031097993,-0.300178647323476,-5.330284060744437,-0.07048720720386727,-0.3432640996236748,-0.0987341941053978,-0.15899924054758502,-0.2838702418320816,-0.4576664595907615,0.7103373723396644,1.0544362232498952,1.109078117413647
/multi_agv/path_reference,1789710667.9883816,1789710667.98782,world,s_curve,1,4.132200426138336,0.10002090299603088,0.0,-0.17024767838725038,-0.2993626721624136,-5.331714894483337,-0.06970448380421562,-0.34265976657870856,-0.09837878477882708,-0.15832698156234595,-0.28280755677589736,-0.4569534781489975,0.7089065386007642,1.053005389510995,1.1076472836747466
/multi_agv/path_reference,1789710667.9983904,1789710667.9978542,world,s_curve,1,4.133204155103915,0.10002090299603088,0.0,-0.16966444166099923,-0.298545783807425,-5.333148793005592,-0.06891911964058033,-0.3420526142599062,-0.09802159108251123,-0.15765440688533625,-0.2817434640863429,-0.45623948045059604,0.7074726400785091,1.0515714909887397,1.1062133851524916
/multi_agv/path_reference,1789710668.00843,1789710668.0078723,world,s_curve,1,4.134206180313432,0.10002090299603088,0.0,-0.16908102701242853,-0.297731117190669,-5.334580257590616,-0.06813412726262905,-0.3414449710744385,-0.09766398270021809,-0.15698409792949986,-0.2806820472046463,-0.45552720643786104,0.706041175493485,1.0501400264037157,1.1047819205674676
/multi_agv/path_reference,1789710668.0185938,1789710668.0179377,world,s_curve,1,4.135212958308339,0.1000211108871553,2.065351181083776e-05,-0.16849367107588956,-0.2969134285219383,-5.336018511869055,-0.06734444580136772,-0.3408329159746287,-0.09730365145167229,-0.15631174209405785,-0.2796164730750277,-0.45481207039672955,0.7046029212150464,1.0487017721252772,1.103343666289029
/multi_agv/path_reference,1789710668.0288324,1789710668.027867,world,s_curve,1,4.136206115128301,0.1000211108871553,0.0,-0.1679131105959034,-0.2961076308851052,-5.3374373073261445,-0.06656450216003955,-0.34022764120332155,-0.09694718842434913,-0.15564959598459147,-0.2785661787917022,-0.45410711787902214,0.7031841257579566,1.0472829766681873,1.1019248708319394
/multi_agv/path_reference,1789710668.0385344,1789710668.0378358,world,s_curve,1,4.137203211779822,0.1000211108871553,0.0,-0.16732909741796062,-0.29529946619157893,-5.338861731114031,-0.06578052010093256,-0.3396184667605843,-0.09658830539236501,-0.15498593710443934,-0.27751258306043425,-0.4533998784098633,0.70175970197007,1.0458585528803008,1.1005004470440525
/multi_agv/path_reference,1789710668.0485876,1789710668.047938,world,s_curve,1,4.138213642445677,0.1000211108871553,0.0,-0.16673610002779052,-0.2944813439223801,-5.340305203493823,-0.06498508987127409,-0.3389996150126963,-0.09622359519940121,-0.1543145435303883,-0.27644578446210444,-0.4526837037746477,0.7003162295902777,1.0444150805005086,1.0990569746642604
/multi_agv/path_reference,1789710668.058471,1789710668.0578544,world,s_curve,1,4.139205351214733,0.10002067254372528,-4.4209959661870325e-05,-0.16615294306616515,-0.2936792129636321,-5.341721930306762,-0.06420345702464304,-0.338390733722643,-0.09586463845120946,-0.15365670657316113,-0.2753996213441424,-0.45198131097359284,0.6988995027773391,1.04299835368757,1.0976402478513219
/multi_agv/path_reference,1789710668.0685322,1789710668.0678656,world,s_curve,1,4.140206779792706,0.10002067254372528,0.0,-0.1655629175981797,-0.29287005971982005,-5.3431525425610085,-0.06341321803898774,-0.3377743810004749,-0.09550115375507656,-0.15299354675224996,-0.2743440813963968,-0.4512725510108135,0.6974688905230927,1.0415677414333235,1.0962096355970754
/multi_agv/path_reference,1789710668.0783193,1789710668.0778296,world,s_curve,1,4.14120343008309,0.10002067254372528,0.0,-0.16497455890531246,-0.2920656060659224,-5.344576328690128,-0.06262580871168358,-0.33715947073489083,-0.09513839726936299,-0.1523346741510377,-0.27329445431009475,-0.4505676897366349,0.6960451043939727,1.0401439553042036,1.0947858494679552
/multi_agv/path_reference,1789710668.0885615,1789710668.0878625,world,s_curve,1,4.142206897282411,0.10002067254372528,0.0,-0.16438101911556427,-0.2912564974423192,-5.346009853260587,-0.06183206642933642,-0.33653884512776355,-0.09477214578959292,-0.15167242849833906,-0.2722385337565475,-0.4498585300720711,0.6946115798235142,1.038710430733745,1.0933523248974968
/multi_agv/path_reference,1789710668.0983574,1789710668.0978632,world,s_curve,1,4.143207026520698,0.10002096551437219,2.9299420364300276e-05,-0.16378830034265357,-0.29045092759544733,-5.347438609315283,-0.06104002080945414,-0.3359187786167024,-0.09440610160180424,-0.15101351850818875,-0.2711870118681812,-0.4491522524099721,0.6931828237688181,1.0372816746790487,1.0919235688428008
/multi_agv/path_reference,1789710668.1083126,1789710668.1078503,world,s_curve,1,4.144206004017567,0.10002096551437219,0.0,-0.16319511581391233,-0.28964713161163846,-5.3488657200250955,-0.060247948359268194,-0.33529792707253836,-0.09403947200993053,-0.15035649763696862,-0.270137586335601,-0.44844731086234585,0.6917557130590057,1.0358545639692365,1.0904964581329883
/multi_agv/path_reference,1789710668.1184568,1789710668.117855,world,s_curve,1,4.145206606855126,0.10002096551437219,0.0,-0.16259981680740662,-0.28884287732366376,-5.35029515265018,-0.05945364801879968,-0.33467456466812934,-0.09367123773529092,-0.14969954164339414,-0.2690873426898274,-0.4477417476377698,0.6903262804339215,1.0344251313441524,1.089067025507904
/multi_agv/path_reference,1789710668.1285717,1789710668.1279414,world,s_curve,1,4.146215611753852,0.10002096551437219,0.0,-0.16199835527526502,-0.2880327324397742,-5.351736588219788,-0.05865172755804984,-0.3340444480525696,-0.09329889021517568,-0.14903821981614818,-0.26802918375302587,-0.44703079375014854,0.688884844864313,1.0329836957745437,1.0876255899382956
/multi_agv/path_reference,1789710668.138576,1789710668.1379447,world,s_curve,1,4.147216177205,0.10002131760677528,3.519684398096942e-05,-0.16140077218002274,-0.2872302204501649,-5.353165967435714,-0.05785557423800729,-0.33341809655452426,-0.0929286457475367,-0.14838357128948534,-0.26698077317283114,-0.4463263168881783,0.6874554656483868,1.0315543165586176,1.0861962107223693
/multi_agv/path_reference,1789710668.1485252,1789710668.1479702,world,s_curve,1,4.148218947626095,0.10002131760677528,0.0,-0.16080072184931687,-0.28642679780703395,-5.354598496608707,-0.057056728344429875,-0.3327888618080067,-0.0925565753955141,-0.14772862257874209,-0.26593095155589996,-0.4456208192864599,0.6860229364753939,1.0301217873856245,1.0847636815493766
/multi_agv/path_reference,1789710668.1584594,1789710668.1578643,world,s_curve,1,4.149208361800564,0.10002131760677528,0.0,-0.16020753673325,-0.28563491924209966,-5.356011945429378,-0.05626760415324093,-0.3321665350697186,-0.0921884709767905,-0.14708351933844238,-0.2648959971119987,-0.44492524127585803,0.6846094876547232,1.028708338564954,1.0833502327287057
/multi_agv/path_reference,1789710668.168324,1789710668.1678612,world,s_curve,1,4.150208227802639,0.10002131760677528,0.0,-0.15960694863831673,-0.2848355283548096,-5.357440325432341,-0.05546921810931463,-0.33153614850189067,-0.09181547930374495,-0.14643273546294291,-0.2638510046701688,-0.4442228449313171,0.6831811076517603,1.027279958561991,1.0819218527257428
/multi_agv/path_reference,1789710668.178228,1789710668.1778011,world,s_curve,1,4.151202679415201,0.10002127379110475,-4.4069506486652716e-06,-0.15900848102861675,-0.2840413178271589,-5.3588609705931445,-0.05467423439485648,-0.33090769584365903,-0.09144351284733483,-0.14578660731295737,-0.2628125650147123,-0.4435247811538072,0.6817604624909568,1.0258593134011875,1.0805012075649394
/multi_agv/path_reference,1789710668.1883485,1789710668.1878748,world,s_curve,1,4.152209983061296,0.10002127379110475,0.0,-0.1584011288710887,-0.28323771107284745,-5.360299975801852,-0.053868041081753165,-0.33026961743188765,-0.09106572809962536,-0.14513328117566038,-0.2617616164598475,-0.44281823558303457,0.6803214572822491,1.0244203081924799,1.0790622023562317
/multi_agv/path_reference,1789710668.1983545,1789710668.1978624,world,s_curve,1,4.153209071059984,0.10002127379110475,0.0,-0.15779758894871881,-0.2824415225148787,-5.361727244371406,-0.0530674955861245,-0.32963525030884816,-0.09069002095118382,-0.14448643002365433,-0.26072014736776816,-0.4421179901532136,0.6788941887126954,1.022993039622926,1.077634933786678
/multi_agv/path_reference,1789710668.2083788,1789710668.2078636,world,s_curve,1,4.154209544953441,0.10002127379110475,0.0,-0.1571920736524764,-0.28164509356942585,-5.363156492790631,-0.052264915227879474,-0.3289985142713318,-0.09031279145821798,-0.1438398272515542,-0.2596781419857464,-0.441417311470977,0.6774649402934707,1.0215637912037014,1.076205685367453
/multi_agv/path_reference,1789710668.2183723,1789710668.217874,world,s_curve,1,4.1552106569686975,0.10002181203219467,5.377604933672549e-05,-0.15658503336414603,-0.2808490237342242,-5.364586652812425,-0.051460898730819785,-0.32835988203497324,-0.08993431932664515,-0.143193960922883,-0.2586363839965788,-0.44071672628321096,0.6760347802716766,1.0201336311819071,1.0747755253456592
/multi_agv/path_reference,1789710668.2285657,1789710668.2278583,world,s_curve,1,4.156209353757259,0.10002181203219467,0.0,-0.1559783238873929,-0.2800557402319317,-5.366013362510369,-0.05065790249770863,-0.32772130675656974,-0.0895557624079004,-0.1425507990905337,-0.2575980503418822,-0.4400183712633793,0.6746080705737322,1.0187069214839628,1.073348815647715
/multi_agv/path_reference,1789710668.2385135,1789710668.2378666,world,s_curve,1,4.157210510682308,0.10002181203219467,0.0,-0.1553689844520124,-0.27926137226426206,-5.367443586689012,-0.049852007956484104,-0.3270796721474185,-0.08917527325213459,-0.1419072035206738,-0.25655807446040324,-0.4393188388117093,0.6731778463950895,1.0172766973053202,1.071918591469072
/multi_agv/path_reference,1789710668.2483323,1789710668.2478402,world,s_curve,1,4.158208080125026,0.10002181203219467,0.0,-0.15476069918560595,-0.2784707183215058,-5.368868685892894,-0.049048086587411485,-0.3264388580760849,-0.08879515289332153,-0.1412670611630173,-0.25552273889029076,-0.4386223549112094,0.6717527471912077,1.0158515981014382,1.0704934922651903
/multi_agv/path_reference,1789710668.2585652,1789710668.257862,world,s_curve,1,4.159210493456557,0.10002200490080436,1.924466127616774e-05,-0.15414832577413748,-0.27767709932079815,-5.3703007049379385,-0.048239343384269315,-0.3257934467039287,-0.08841218723421451,-0.1406249652653863,-0.2544832971099195,-0.4379230355870887,0.6703207281461627,1.0144195790563935,1.0690614732201453
/multi_agv/path_reference,1789710668.268365,1789710668.2678092,world,s_curve,1,4.160205422341506,0.10002200490080436,0.0,-0.15353940166673147,-0.2768902735784187,-5.371722031916438,-0.047435730423932856,-0.3251513832546405,-0.08803109132162114,-0.13998880920056736,-0.25345253103628845,-0.43722948049840044,0.6688994011676637,1.0129982520778944,1.0676401462416463
/multi_agv/path_reference,1789710668.278373,1789710668.2778552,world,s_curve,1,4.161210137079348,0.10002200490080436,0.0,-0.1529233537846505,-0.27609658816463745,-5.373157338684783,-0.04662329630326148,-0.3245015182642396,-0.08764524678645047,-0.1393475560676848,-0.2524125540104848,-0.43652965441574276,0.667464094399318,1.0115629453095487,1.0662048394733006
/multi_agv/path_reference,1789710668.2882764,1789710668.287842,world,s_curve,1,4.162209046440005,0.10002200490080436,0.0,-0.1523097369831538,-0.27530836601313896,-5.374584352057149,-0.04581464510348966,-0.3238539293427235,-0.08726063650324833,-0.13871116470380804,-0.2513795117216574,-0.4358344216139515,0.6660370810269519,1.0101359319371828,1.0647778261009344
/multi_agv/path_reference,1789710668.2984393,1789710668.2978783,world,s_curve,1,4.163212841538363,0.10002188159824442,-1.2286326234556951e-05,-0.15169198637207726,-0.27451717159526756,-5.3760183450548045,-0.04500112462419101,-0.3232016885576993,-0.08687314593434152,-0.13807282389448,-0.25034234882033846,-0.4351363420709843,0.6646030880292968,1.0087019389395275,1.0633438331032794
/multi_agv/path_reference,1789710668.3083866,1789710668.3078237,world,s_curve,1,4.1642076311666125,0.10002188159824442,0.0,-0.15107865937535866,-0.2737339498957285,-5.37743947309516,-0.04419400054095114,-0.3225538328631398,-0.08648814472198513,-0.13744136130099863,-0.24931541436766375,-0.4344450740185232,0.663181959988941,1.0072808108991718,1.0619227050629236
/multi_agv/path_reference,1789710668.318332,1789710668.3178525,world,s_curve,1,4.165210789025564,0.10002188159824442,0.0,-0.15045904629992693,-0.2729450233135075,-5.378872555750806,-0.04337917874344356,-0.3218990499384723,-0.08609891021786498,-0.13680574917086352,-0.2482807748470418,-0.43374854592261725,0.6617488773332956,1.0058477282435263,1.0604896224072782
/multi_agv/path_reference,1789710668.3285048,1789710668.327883,world,s_curve,1,4.166214087315237,0.10002188159824442,0.0,-0.14983821629911778,-0.27215687523532756,-5.380305839021767,-0.04256333265241015,-0.3212426930003992,-0.0857086232445441,-0.13617121665845655,-0.24724693009769444,-0.43305247894983173,0.6603155940623346,1.0044144449725652,1.0590563391363172
/multi_agv/path_reference,1789710668.3384547,1789710668.3378563,world,s_curve,1,4.167211532994408,0.10002146734732636,-4.154009139445237e-05,-0.14921988881741216,-0.2713742074659665,-5.381730761420583,-0.04175134513110171,-0.32058869678180046,-0.08531962453933438,-0.13554154527478524,-0.24622004962149463,-0.4323610275016198,0.6588906716635184,1.0029895225737493,1.0576314167375012
/multi_agv/path_reference,1789710668.3485956,1789710668.347936,world,s_curve,1,4.168219831502894,0.10002146734732636,0.0,-0.14859370047347548,-0.27058392026414374,-5.383171187861277,-0.04092961138606438,-0.3199260979559425,-0.08492539207841962,-0.13490619946600388,-0.24518294443820476,-0.4316626168882227,0.6574502452228247,1.0015490961330553,1.056190990296807
/multi_agv/path_reference,1789710668.3585668,1789710668.3579147,world,s_curve,1,4.169217941224587,0.10002146734732636,0.0,-0.1479727193816475,-0.26980250787100085,-5.3845970588922665,-0.0401152808745059,-0.3192687241921768,-0.08453415307825987,-0.13427844005026962,-0.24415726004706395,-0.4309718235156691,0.6560243741918347,1.0001232251020655,1.0547651192658174
/multi_agv/path_reference,1789710668.3684242,1789710668.367858,world,s_curve,1,4.170212338149412,0.10002146734732636,0.0,-0.14735294094902335,-0.2690248834312405,-5.386017625927731,-0.03930309031208948,-0.3186123421395742,-0.08414339039540648,-0.1336541710251359,-0.24313632410759384,-0.4302841551609918,0.6546038071563705,0.9987026580666011,1.053344552230353
/multi_agv/path_reference,1789710668.378286,1789710668.3778012,world,s_curve,1,4.17120700745102,0.10002129820613477,-1.700838815076469e-05,-0.14673188827975958,-0.2682479275557051,-5.387438582072885,-0.03848979094448232,-0.3179543300789288,-0.08375154381586772,-0.1330308858617664,-0.24211604235141648,-0.4295968544539325,0.6531828510112158,0.9972817019214465,1.0519235960851985
/multi_agv/path_reference,1789710668.3884058,1789710668.3878736,world,s_curve,1,4.172214274735201,0.10002129820613477,0.0,-0.14610184493873607,-0.26746203151141534,-5.388877535336001,-0.0376652887295235,-0.3172865069239887,-0.08335373916269612,-0.13240088507215889,-0.24108379235496635,-0.42890141710712093,0.6517438977480999,0.9958427486583307,1.0504846428220826
/multi_agv/path_reference,1789710668.3983624,1789710668.3978639,world,s_curve,1,4.173213521211458,0.10002129820613477,0.0,-0.1454757020168405,-0.2666832899694799,-5.390305030302082,-0.03684645724928899,-0.31662253479622393,-0.08295811400500866,-0.13177707372563374,-0.24006071252878558,-0.4282120836540204,0.6503164027820189,0.9944152536922497,1.0490571478560016
/multi_agv/path_reference,1789710668.4083445,1789710668.407834,world,s_curve,1,4.174210692645862,0.10002129820613477,0.0,-0.14484975183568874,-0.26590705735660475,-5.39172956092266,-0.03602843931715399,-0.31595848629810197,-0.08256232989181031,-0.13115572362760824,-0.2390407031068864,-0.4275247453353197,0.6488918721614412,0.9929907230716718,1.0476326172354236
/multi_agv/path_reference,1789710668.4183822,1789710668.4178452,world,s_curve,1,4.175212279570587,0.10002159287514577,2.942656610556748e-05,-0.1442199173677876,-0.2651282860571805,-5.393160399386553,-0.03520590891852894,-0.31529003527495686,-0.0821638079098771,-0.1305327959327898,-0.2380171304339464,-0.4268349318048053,0.6474610336975481,0.9915598846077788,1.0462017787715308
/multi_agv/path_reference,1789710668.4283931,1789710668.4278722,world,s_curve,1,4.1762151814791935,0.10002159287514577,0.0,-0.14358814012846932,-0.26434939608865793,-5.394593116398847,-0.034381406382014784,-0.31461923985913587,-0.0817637741442574,-0.12991023027589718,-0.23699317330628536,-0.42614478468379136,0.6460283166852538,0.9901271675954845,1.0447690617592362
/multi_agv/path_reference,1789710668.4384887,1789710668.437927,world,s_curve,1,4.1772208795914505,0.10002159287514577,0.0,-0.1429534814584229,-0.26356924425199235,-5.396029827987786,-0.033553710179870785,-0.3139451016842566,-0.08136163251114138,-0.1292871157158373,-0.2359673274246366,-0.42545328961550327,0.6445916050963147,0.9886904560065456,1.0433323501702974
/multi_agv/path_reference,1789710668.4484055,1789710668.447858,world,s_curve,1,4.1782140174921825,0.10002159287514577,0.0,-0.14232564991883417,-0.2627997312377487,-5.397448596417403,-0.03273547356516031,-0.31327793733479703,-0.08096353885654525,-0.12867295073970403,-0.23495524475927276,-0.42477099821426934,0.643172836666698,0.9872716875769287,1.0419135817406806
/multi_agv/path_reference,1789710668.458393,1789710668.4578564,world,s_curve,1,4.179214129691371,0.10002165217725478,5.930829487021301e-06,-0.14169230670545663,-0.26202571533884006,-5.3988773281305305,-0.03191061108388751,-0.31260463735385996,-0.08056167167862248,-0.12805564664268262,-0.2339370124081091,-0.4240844869657286,0.6417441049535706,0.9858429558638016,1.0404848500275532
/multi_agv/path_reference,1789710668.468446,1789710668.4678605,world,s_curve,1,4.180214876527944,0.10002165217725478,0.0,-0.14105745531867397,-0.2612521148128195,-5.4003069664684915,-0.03108434320550696,-0.31192945463328103,-0.08015856811723397,-0.12743913109246155,-0.23291909784976172,-0.4233981154962354,0.6403144666156096,0.9844133175258404,1.0390552116895924
/multi_agv/path_reference,1789710668.4783082,1789710668.4778636,world,s_curve,1,4.181215264886915,0.10002165217725478,0.0,-0.140421726621997,-0.2604796993032442,-5.401736092695593,-0.030257491233985648,-0.31125305999814507,-0.07975462863386033,-0.12682401763809834,-0.2319025137013107,-0.4227125665703237,0.6388853403885081,0.9829841912987388,1.0376260854624908
/multi_agv/path_reference,1789710668.4883306,1789710668.4878633,world,s_curve,1,4.182215482308882,0.10002165217725478,0.0,-0.13978500360846685,-0.25970832486642514,-5.403164974726974,-0.029429902544872155,-0.31057532917802916,-0.07934977910249928,-0.12621019128679867,-0.2308870706979663,-0.42202771261451055,0.6374564583571272,0.9815553092673578,1.0361972034311095
/multi_agv/path_reference,1789710668.498513,1789710668.4979596,world,s_curve,1,4.183225454056771,0.10002166350478285,1.1218117765747383e-06,-0.13914095336123636,-0.258930351839788,-5.404607791509672,-0.02859335388108729,-0.30988951738720333,-0.07893998881541854,-0.12559157934965093,-0.2298627086076601,-0.42133676756205307,0.6360136415744289,0.9801124924846596,1.0347543866484115
/multi_agv/path_reference,1789710668.5083342,1789710668.5078428,world,s_curve,1,4.184213964656431,0.10002166350478285,0.0,-0.1385095025492927,-0.2581698106429936,-5.4060199495091865,-0.027773717943961412,-0.3092168482314558,-0.07853794147246099,-0.12498728172931942,-0.2288610725236121,-0.42066107767604943,0.6346014835749147,0.9787003344851454,1.0333422286488974
/multi_agv/path_reference,1789710668.5183167,1789710668.5178506,world,s_curve,1,4.185214821630169,0.10002166350478285,0.0,-0.13786907133312631,-0.2574006797273964,-5.407449745185955,-0.026942976178045128,-0.30853433703269095,-0.07812990078864289,-0.12437661643941128,-0.22784789502447872,-0.41997752771829927,0.6331716878981458,0.9772705388083767,1.0319124329721285
/multi_agv/path_reference,1789710668.5284593,1789710668.5278618,world,s_curve,1,4.186216138003407,0.10002166350478285,0.0,-0.13722724635014774,-0.25663211288173626,-5.408880197147724,-0.026110980215737087,-0.3078500636182847,-0.07772069521642153,-0.12376686008648202,-0.22683523003329126,-0.41929424852543556,0.6317412359363774,0.9758400868466083,1.03048198101036
/multi_agv/path_reference,1789710668.5385163,1789710668.53782,world,s_curve,1,4.187212176296207,0.10002057500781548,-0.00010930512748079628,-0.13658771451001592,-0.25586850883804696,-5.410303108994581,-0.02528250538448093,-0.3071679607267419,-0.07731267741882498,-0.12316149914556346,-0.22582887500803595,-0.4186151523605416,0.6303183240895199,0.9744171749997507,1.0290590691635024
/multi_agv/path_reference,1789710668.5484443,1789710668.5478463,world,s_curve,1,4.188215033291667,0.10002057500781548,0.0,-0.1359427073955442,-0.25510059751482894,-5.411735761845238,-0.024447489485936946,-0.3064797422025007,-0.07690089049819508,-0.12255318568310294,-0.22481661232049033,-0.4179319945408936,0.6288856712388635,0.9729845221490941,1.027626416312846
/multi_agv/path_reference,1789710668.5584867,1789710668.5578434,world,s_curve,1,4.189214993491233,0.10002057500781548,0.0,-0.135298468719009,-0.2543358251598198,-5.4131642764160475,-0.02361401872623034,-0.3057920684230655,-0.07648931900773127,-0.1219478210589553,-0.223808256308813,-0.4172513981116912,0.6274571566680538,0.9715560075782845,1.0261979017420364
/multi_agv/path_reference,1789710668.5684502,1789710668.5678575,world,s_curve,1,4.190216523313683,0.10002057500781548,0.0,-0.13465212437388877,-0.2535707756200612,-5.414595033305262,-0.022778373709477828,-0.30510187205766837,-0.07607612735452016,-0.12134270026434407,-0.2227993032058937,-0.41657032338994593,0.6260263997788394,0.9701252506890701,1.024767144852822
/multi_agv/path_reference,1789710668.5783968,1789710668.5778499,world,s_curve,1,4.1912160152750095,0.10002009037269018,-4.849788783374624e-05,-0.134006004593579,-0.25280820546780536,-5.4160228789642995,-0.021943566750827703,-0.3044116416273745,-0.07566280540253491,-0.12074000329658063,-0.2217933885715805,-0.41589122453525507,0.6245985541198017,0.9686974050300325,1.0233392991937844
/multi_agv/path_reference,1789710668.5884104,1789710668.5878592,world,s_curve,1,4.192217168770077,0.10002009037269018,0.0,-0.1333577198171259,-0.2520452932874002,-5.417453098242968,-0.021106510163287656,-0.3037188245923428,-0.07524782469574734,-0.12013749999507789,-0.22078679076780444,-0.4152115890993184,0.6231683348411335,0.9672671857513644,1.021909079915116
/multi_agv/path_reference,1789710668.5984414,1789710668.5978522,world,s_curve,1,4.193216638626963,0.10002009037269018,0.0,-0.1327094375531615,-0.25128458971313977,-5.418880912324234,-0.020270002579241053,-0.3030257373599228,-0.07483257272032073,-0.11953720468123297,-0.21978287515450962,-0.4145336893036768,0.6217405207598675,0.9658393716700981,1.02048126583385
/multi_agv/path_reference,1789710668.6084225,1789710668.6079028,world,s_curve,1,4.194221967260663,0.10002009037269018,0.0,-0.1320562600668954,-0.25052036156923946,-5.420317096086662,-0.01942772766300309,-0.30232714198907534,-0.0744139105486078,-0.11893459604520806,-0.21877407407852562,-0.41385241458398475,0.6203043369974393,0.9644031879076699,1.0190450820714216
/multi_agv/path_reference,1789710668.6186726,1789710668.6179302,world,s_curve,1,4.195224972072872,0.10001978569428721,-3.0382574639065964e-05,-0.13140349933016027,-0.24975883553670875,-5.421749960104102,-0.018586538100918343,-0.30162871836338906,-0.07399524152617348,-0.1183345864081719,-0.21776860569868958,-0.4131733145032648,0.6188714729799991,0.9629703238902299,1.0176122180539817
/multi_agv/path_reference,1789710668.6284597,1789710668.627866,world,s_curve,1,4.196218701150174,0.10001978569428721,0.0,-0.13075569987342503,-0.24900527520495258,-5.423169573071678,-0.017752280818579685,-0.30093533364929737,-0.07357948515239808,-0.11774131487343201,-0.2167734237547183,-0.4125010869867075,0.6174518600124234,0.9615507109226541,1.016192605086406
/multi_agv/path_reference,1789710668.6385386,1789710668.637836,world,s_curve,1,4.19721593892156,0.10001978569428721,0.0,-0.13010453837408165,-0.24824997943323543,-5.4245941984593715,-0.01691423208556267,-0.30023808115697154,-0.07316130187971083,-0.11714713979079575,-0.21577571854645639,-0.41182707996245427,0.6160272346247296,0.9601260855349605,1.0147679796987124
/multi_agv/path_reference,1789710668.6485019,1789710668.647903,world,s_curve,1,4.198222847305964,0.10001978569428721,0.0,-0.12944597123155147,-0.24748830126300111,-5.42603263900852,-0.016067198469061503,-0.2995326257243067,-0.07273808950128621,-0.1165484147239039,-0.2147693470703303,-0.41114714199476926,0.6145887940755812,0.9586876449858119,1.0133295391495636
/multi_agv/path_reference,1789710668.6586506,1789710668.657851,world,s_curve,1,4.199217677562052,0.10001914824717657,-6.40882368308564e-05,-0.12879422846537195,-0.24673669070221885,-5.427453825088645,-0.015229480320938113,-0.298834211483604,-0.07231899359157379,-0.11595806867670849,-0.21377604484751267,-0.41047595858243546,0.6131676079954559,0.9572664589056866,1.0119083530694386
/multi_agv/path_reference,1789710668.6689625,1789710668.667897,world,s_curve,1,4.200222512333462,0.10001914824717657,0.0,-0.12813484776284487,-0.24597846261645478,-5.428889303333517,-0.014382486821686219,-0.2981273413152882,-0.07189471515156025,-0.1153629950013505,-0.21277376210850682,-0.40979863073950706,0.6117321297505839,0.9558309806608147,1.0104728748245664
/multi_agv/path_reference,1789710668.6790442,1789710668.6778564,world,s_curve,1,4.20121855322132,0.10001914824717657,0.0,-0.12748016417540933,-0.2452278051181757,-5.4303122188876,-0.01354206367303265,-0.29742523816806565,-0.07147319068512975,-0.11477432967995557,-0.21178125334328307,-0.4091278323312885,0.6103092141965009,0.9544080651067316,1.0090499592704836
/multi_agv/path_reference,1789710668.6887643,1789710668.6878257,world,s_curve,1,4.202215661813586,0.10001914824717657,0.0,-0.12682370963373135,-0.24447727676570186,-5.431736659733694,-0.012699901527256474,-0.29672096859604585,-0.0710502587778918,-0.11418623170397671,-0.21078868229973674,-0.40845691629339215,0.608884773350407,0.9529836242606378,1.0076255184243896
/multi_agv/path_reference,1789710668.6986701,1789710668.6978095,world,s_curve,1,4.203214425472622,0.10001891285820623,-2.357249255070859e-05,-0.12616509438380333,-0.243726440813941,-5.433163464960888,-0.011855502561325684,-0.2960141133636357,-0.07062566722644872,-0.11359836076440463,-0.2097954704242136,-0.4077854912532048,0.6074579681232133,0.951556819033444,1.006198713197196
/multi_agv/path_reference,1789710668.7085772,1789710668.7078357,world,s_curve,1,4.204217259301298,0.10001891285820623,0.0,-0.12550271794539977,-0.24297349130284512,-5.434596084716139,-0.01100681943294636,-0.29530295246438554,-0.07019838193886754,-0.11300930691412225,-0.208799226756297,-0.40711194023811614,0.6060253483679623,0.9501241992781929,1.004766093441945
/multi_agv/path_reference,1789710668.718602,1789710668.7178652,world,s_curve,1,4.205220216253255,0.10001891285820623,0.0,-0.12483918198582512,-0.2422213992192578,-5.436028880361793,-0.010157188944088583,-0.2945902774924221,-0.06977007952096477,-0.11242139740117196,-0.2078038807975267,-0.4064389194590749,0.6045925527223085,0.9486914036325392,1.003333297796291
/multi_agv/path_reference,1789710668.72871,1789710668.7278528,world,s_curve,1,4.206218971310665,0.10001891285820623,0.0,-0.124177355758291,-0.24147340353979538,-5.437455673300949,-0.009310281784524602,-0.2938791718249257,-0.06934261366542281,-0.11183716124349435,-0.2068137205682779,-0.405769328807614,0.6031657597831521,0.9472646106933827,1.0019065048571345
/multi_agv/path_reference,1789710668.7389169,1789710668.7378762,world,s_curve,1,4.207221871920449,0.1000188398903729,-7.277050156201995e-06,-0.12351170927467933,-0.24072325407710643,-5.4388883884577846,-0.008459021447475387,-0.2931636937340636,-0.0689124126424991,-0.11125171657277327,-0.20582047239723378,-0.40509757326131235,0.6017330446263167,0.9458318955365473,1.0004737897002993
/multi_agv/path_reference,1789710668.7487133,1789710668.7478383,world,s_curve,1,4.208218275006338,0.1000188398903729,0.0,-0.12284931166737831,-0.2399789098366722,-5.440311821437626,-0.007612446403615469,-0.2924514425018822,-0.06848404609663734,-0.11067127323240447,-0.2048346753679029,-0.4044307809097093,0.6003096116464754,0.9444084625567062,0.999050356720458
/multi_agv/path_reference,1789710668.7589097,1789710668.7578945,world,s_curve,1,4.209224097566512,0.1000188398903729,0.0,-0.12217957821879714,-0.23922848598789062,-5.441748710809303,-0.006757031212194509,-0.29173103560911406,-0.06805066783508296,-0.11008656544111928,-0.2038405883840549,-0.4037583041384977,0.5988727222747987,0.9429715731850294,0.9976134673487812
/multi_agv/path_reference,1789710668.768762,1789710668.7678907,world,s_curve,1,4.210223715958048,0.1000188398903729,0.0,-0.12151290819546334,-0.2384836451757529,-5.443176737082925,-0.005906060884189351,-0.2910136578757677,-0.06761900582643302,-0.10950668267954675,-0.202853659800864,-0.403090593046848,0.5974446960011766,0.9415435469114072,0.9961854410751592
/multi_agv/path_reference,1789710668.7785635,1789710668.7778358,world,s_curve,1,4.211218628018929,0.10001851369419355,-3.279250329114964e-05,-0.12084832143942476,-0.2377432572487283,-5.444598040027041,-0.0050582756221464464,-0.29029825892928907,-0.0671884297668388,-0.10893073732293623,-0.20187239602849727,-0.40242663839475146,0.5960233930570599,0.9401222439672907,0.9947641381310425
/multi_agv/path_reference,1789710668.7885015,1789710668.7878773,world,s_curve,1,4.2122227643872545,0.10001851369419355,0.0,-0.12017650671085277,-0.23699696331182854,-5.446032520553221,-0.00420180103814248,-0.2895748138250354,-0.06675290526938048,-0.10835067442587498,-0.20088306644581497,-0.40175714906379567,0.5945889125308805,0.9386877634411113,0.993329657604863
/multi_agv/path_reference,1789710668.798472,1789710668.797882,world,s_curve,1,4.213223491224467,0.10001851369419355,0.0,-0.11950590869710677,-0.2362541629802003,-5.447462130320666,-0.003347407609515074,-0.28885241394242284,-0.06631790453938247,-0.10777380407237364,-0.1998981296267369,-0.4010905552414904,0.5931593027634352,0.9372581536736659,0.9919000478374178
/multi_agv/path_reference,1789710668.8082986,1789710668.807843,world,s_curve,1,4.214219876658073,0.10001851369419355,0.0,-0.11883716554260182,-0.23551553834309805,-5.448885538082962,-0.0024959022503423522,-0.28813174978973866,-0.06588384458772455,-0.1072006504478848,-0.19891849277123402,-0.4004274718101754,0.5917358950011394,0.9358347459113701,0.9904766400751219
/multi_agv/path_reference,1789710668.8184829,1789710668.817828,world,s_curve,1,4.215218378351526,0.10001862070627465,1.0719261490121697e-05,-0.11816594800042901,-0.2347763005800265,-5.450311969073609,-0.0016417707976604384,-0.2874081568730283,-0.06544791633059836,-0.1066274959534605,-0.19793780528063237,-0.39976360050598664,0.5903094640104921,0.934408314920723,0.9890502090844747
/multi_agv/path_reference,1789710668.8283699,1789710668.8278852,world,s_curve,1,4.216224329731905,0.10001862070627465,0.0,-0.11748865703210802,-0.23403251637322034,-5.45174904247415,-0.0007804409759635117,-0.2866777515434394,-0.06500777857692126,-0.10605129780974407,-0.19695084571997445,-0.3990954055899426,0.5888723906099514,0.9329712415201821,0.987613135683934
/multi_agv/path_reference,1789710668.8385358,1789710668.8379874,world,s_curve,1,4.217234871766937,0.10001862070627465,0.0,-0.11680719988414244,-0.23328631855788234,-5.453192673952767,8.565220948483776e-05,-0.28594258584594956,-0.06456466601596265,-0.10547371695140001,-0.19596043992722534,-0.3984247987950218,0.5874287591313342,0.9315276100415648,0.9861695042053168
/multi_agv/path_reference,1789710668.8483407,1789710668.8478389,world,s_curve,1,4.218220219411469,0.10001862070627465,0.0,-0.1161416955539986,-0.23255967297452987,-5.454600313444955,0.0009309547372444021,-0.285224372585778,-0.06413166881346229,-0.10491174093572123,-0.1949957497533461,-0.39777152823452233,0.5860211196391458,0.9301199705493766,0.9847618647131284
/multi_agv/path_reference,1789710668.8583784,1789710668.8578634,world,s_curve,1,4.219222683513165,0.10001878741324582,1.6632844090612293e-05,-0.11546358200447883,-0.23182136672780101,-5.456032405018807,0.0017917517008463613,-0.28449229069207893,-0.06369020702220395,-0.10434122428336842,-0.19401534023198397,-0.3971075356680507,0.5845890280652938,0.9286878789755246,0.9833297731392764
/multi_agv/path_reference,1789710668.8683958,1789710668.8678558,world,s_curve,1,4.220222122146561,0.10001878741324582,0.0,-0.11478646315034417,-0.23108625621486645,-5.457460174495087,0.0026507632353715282,-0.28376102128098135,-0.06324913140542279,-0.10377365723569962,-0.19303893430443592,-0.3964461771044639,0.5831612585890142,0.927260109499245,0.9819020036629968
/multi_agv/path_reference,1789710668.878287,1789710668.8778303,world,s_curve,1,4.221219918771524,0.10001878741324582,0.0,-0.11410941044757712,-0.23035331858417762,-5.458885598245034,0.0035091709725487558,-0.28302956337630547,-0.06280783893897472,-0.10320824669888115,-0.1920651750599085,-0.3957865339937433,0.5817358348390669,0.9258346857492976,0.9804765799130495
/multi_agv/path_reference,1789710668.8883553,1789710668.8878489,world,s_curve,1,4.2222219617941255,0.10001878741324582,0.0,-0.11342842566463317,-0.22961823371175807,-5.460317088277322,0.004372042086546818,-0.2822935964437762,-0.06236372263667016,-0.10264166186638496,-0.19108832198423326,-0.3951247172846561,0.580304344806779,0.9244031957170097,0.9790450898807616
/multi_agv/path_reference,1789710668.898698,1789710668.8978379,world,s_curve,1,4.223220995359719,0.10001863804150297,-1.4954410738785514e-05,-0.11274843923498563,-0.22888632774246503,-5.461744279085313,0.005233128278530702,-0.2815584485184711,-0.06191999746501657,-0.10207800890236063,-0.19011545251750325,-0.39446552180753125,0.5788771539987887,0.9229760049090194,0.9776178990727712
/multi_agv/path_reference,1789710668.9086218,1789710668.907838,world,s_curve,1,4.2242212047444205,0.10001863804150297,0.0,-0.11206660678193302,-0.22815453327294885,-5.463173149634886,0.006096032902404139,-0.28082104519525436,-0.0614748080529489,-0.10151492421310732,-0.18914249005800646,-0.39380618554773295,0.5774482834492152,0.9215471343594459,0.9761890285231978
/multi_agv/path_reference,1789710668.918445,1789710668.9178352,world,s_curve,1,4.225221159281633,0.10001863804150297,0.0,-0.11138390350965216,-0.22742389988669895,-5.464601656116618,0.006959521052405479,-0.2800824408026087,-0.06102879077875334,-0.100953216078456,-0.18817082974923124,-0.3931476538324097,0.5760197769674832,0.920118627877714,0.9747605220414659
/multi_agv/path_reference,1789710668.9285436,1789710668.9278371,world,s_curve,1,4.226221506391999,0.10001863804150297,0.0,-0.11069988858660423,-0.22669395622270022,-5.466030723417141,0.007824150190217788,-0.2793421583588153,-0.06058165759121524,-0.100392522216469,-0.1871998446859561,-0.39248950176567565,0.57459070966696,0.9186895605771908,0.9733314547409425
/multi_agv/path_reference,1789710668.9385083,1789710668.9378364,world,s_curve,1,4.227221629967744,0.10001855872514771,-7.932127318042002e-06,-0.11001498441902742,-0.22596515359199792,-5.467459471382491,0.008689386240488858,-0.2786006549524818,-0.06013368454508937,-0.0998331894182479,-0.18623013514748768,-0.39183213621025825,0.57316196170161,0.9172608126118409,0.9719027067755927
/multi_agv/path_reference,1789710668.948513,1789710668.947809,world,s_curve,1,4.228219048141494,0.10001855872514771,0.0,-0.10933089657810455,-0.2252392977746596,-5.468884354487848,0.009553076823154677,-0.27785977823521607,-0.059685988322252304,-0.09927660143828912,-0.18526410487452086,-0.3911771870111689,0.5717370785962531,0.915835929506484,0.9704778236702358
/multi_agv/path_reference,1789710668.9586475,1789710668.9578106,world,s_curve,1,4.229219417762893,0.10001855872514771,0.0,-0.10864374633401999,-0.2245122738770022,-5.47031345394699,0.010420118827320857,-0.27711532738865763,-0.059236030440723314,-0.09871960313326597,-0.18429627734638418,-0.3905209411513565,0.5703079791371111,0.9144068300473418,0.9690487242110938
/multi_agv/path_reference,1789710668.9685903,1789710668.96781,world,s_curve,1,4.23021954954016,0.10001855872514771,0.0,-0.10795572154510737,-0.22378640523308882,-5.4717422136288,0.011287749525569768,-0.2763696716698293,-0.05878524249106262,-0.09816397647525682,-0.18332974442936367,-0.38986549479464605,0.5688792194553013,0.912978070365532,0.9676199645292838
/multi_agv/path_reference,1789710668.978528,1789710668.9778085,world,s_curve,1,4.231219563462825,0.10001836538309938,-1.9337486404408712e-05,-0.10726674162530783,-0.2230616057144559,-5.473170804946893,0.012156070815028147,-0.27562272387958003,-0.05833357181137165,-0.09760965527589027,-0.18236439156902354,-0.3892107702984541,0.5674506281372085,0.9115494790474392,0.9661913732111911
/multi_agv/path_reference,1789710668.9885445,1789710668.9878087,world,s_curve,1,4.232219793225123,0.10001836538309938,0.0,-0.10657657792703111,-0.22233763508424254,-5.474599704607318,0.013025370785689924,-0.2748742360948784,-0.057880868471904906,-0.09705645587475539,-0.1813998987616462,-0.3885565506163261,0.5660217284767834,0.9101205793870141,0.9647624735507658
/multi_agv/path_reference,1789710668.9986098,1789710668.9978077,world,s_curve,1,4.233219857657062,0.10001836538309938,0.0,-0.10588549478579164,-0.22161477079095943,-5.476028368081517,0.013895316452272127,-0.27412449497052843,-0.057427305839118634,-0.09650459031330474,-0.180436635611715,-0.38790308644785865,0.5645930650025844,0.9086919159128153,0.963333810076567
/multi_agv/path_reference,1789710669.0086122,1789710669.0078633,world,s_curve,1,4.234225372289767,0.10001836538309938,0.0,-0.10518960495061963,-0.22088896307752695,-5.47746481755681,0.014770797101672895,-0.27336928127396526,-0.05697033067956664,-0.0959509706994984,-0.17946920364106103,-0.38724671489202156,0.563156615527291,0.9072554664375219,0.9618973606012736
/multi_agv/path_reference,1789710669.0185285,1789710669.017862,world,s_curve,1,4.235225474780234,0.10001830051979693,-6.486852436757943e-06,-0.10449642716591527,-0.22016805436129652,-5.478893535400333,0.015642353531049175,-0.27261675471294755,-0.05651488031584748,-0.0954015790057481,-0.17850805597581199,-0.3865945281023295,0.561727897683768,0.9058267485939988,0.9604686427577507
/multi_agv/path_reference,1789710669.028663,1789710669.027832,world,s_curve,1,4.2362226530356475,0.10001830051979693,0.0,-0.10380425138105302,-0.21945024032914112,-5.480318075765211,0.016512142236416186,-0.27186506201431304,-0.05605983436526228,-0.0948550340534332,-0.17755079010253888,-0.38594489683145133,0.5603033573188907,0.9044022082291213,0.9590441023928733
/multi_agv/path_reference,1789710669.038646,1789710669.0378137,world,s_curve,1,4.237221166435355,0.10001830051979693,0.0,-0.10311012494562641,-0.21873245392020413,-5.481744523479079,0.017383874751665918,-0.27111099724307,-0.05560325234547528,-0.09430899939112868,-0.1765933164432923,-0.3852950459261915,0.5588769096050227,0.9029757605152534,0.9576176546790052
/multi_agv/path_reference,1789710669.0486884,1789710669.0478413,world,s_curve,1,4.238223847497627,0.10001830051979693,0.0,-0.1024120717908347,-0.21801266858363344,-5.48317692499661,0.01826002857738239,-0.2703524115945593,-0.05514383235532727,-0.09376193742794593,-0.17563292971457573,-0.3846431386083788,0.557444508087491,0.9015433589977218,0.9561852531614735
/multi_agv/path_reference,1789710669.0585294,1789710669.0578127,world,s_curve,1,4.239221434988811,0.10001812612479927,-1.748484321041149e-05,-0.10171654216263568,-0.21729753281512545,-5.484602049984016,0.019132508425951544,-0.26959631502017223,-0.054685819893686455,-0.09321890060217317,-0.17467850108865435,-0.38399519675454896,0.5560193831000855,0.9001182340103161,0.9547601281740681
/multi_agv/path_reference,1789710669.0685945,1789710669.0678477,world,s_curve,1,4.240225097180902,0.10001812612479927,0.0,-0.10101574951333868,-0.216579043230676,-5.486035853115574,0.020011081125519845,-0.2688342425277903,-0.0542240871377456,-0.09267381224540627,-0.17371934885054258,-0.3833439685960793,0.5545855799685272,0.8986844308787579,0.9533263250425099
/multi_agv/path_reference,1789710669.0783846,1789710669.077811,world,s_curve,1,4.241221576671284,0.10001812612479927,0.0,-0.10031895352873925,-0.21586669039676332,-5.4874593952446915,0.020884138738139116,-0.26807626394348033,-0.05376473538087663,-0.09213387169070392,-0.17276814282944714,-0.38269805667013895,0.5531620378394098,0.8972608887496404,0.9519027829133923
/multi_agv/path_reference,1789710669.088399,1789710669.08784,world,s_curve,1,4.242224740172999,0.10001812612479927,0.0,-0.09961646024099202,-0.2151505619050359,-5.4888924859614265,0.021763827858690576,-0.267311834282776,-0.05330137429889077,-0.09159156522394415,-0.1718116472325827,-0.38204847325858093,0.5517289471226747,0.8958277980329055,0.9504696921966573
/multi_agv/path_reference,1789710669.098558,1789710669.0978084,world,s_curve,1,4.243221751903575,0.10001820074852685,7.486101454395384e-06,-0.09891725865068418,-0.21443982330605332,-5.490316788433678,0.022638891655655233,-0.2665507348934898,-0.05283993271421804,-0.09105383413911991,-0.17086210373799052,-0.3814035320410496,0.550304644650423,0.8944034955606536,0.9490453897244056
/multi_agv/path_reference,1789710669.1084769,1789710669.1078088,world,s_curve,1,4.244221995222217,0.10001820074852685,0.0,-0.09821477429469302,-0.21372778239931947,-5.49174570746031,0.023517560441953425,-0.26578581038827076,-0.05237607293776181,-0.09051561303458078,-0.16991057273776214,-0.38075716142561555,0.5488757256237914,0.8929745765340221,0.9476164706977741
/multi_agv/path_reference,1789710669.1185327,1789710669.1178703,world,s_curve,1,4.245228232531612,0.10001820074852685,0.0,-0.09750705451727165,-0.21301248801069544,-5.493183189330874,0.024402269647037775,-0.26501493105751295,-0.05190850214133984,-0.08997543390990306,-0.1689544433766076,-0.38010758674557577,0.5474382437532275,0.8915370946634582,0.9461789888272101
/multi_agv/path_reference,1789710669.1283948,1789710669.1278381,world,s_curve,1,4.24622529637167,0.10001820074852685,0.0,-0.09680477306318978,-0.21230471905841886,-5.494607566245243,0.025279678513512593,-0.2642497244388673,-0.051444273264214746,-0.08944143453771346,-0.16800812484625616,-0.37946459779128705,0.5460138668388582,0.890112717749089,0.9447546119128408
/multi_agv/path_reference,1789710669.138428,1789710669.1378608,world,s_curve,1,4.247227736061365,0.10001851722983661,3.157695336503435e-05,-0.09609768967671517,-0.2115941430654528,-5.496039622944807,0.026162583845032714,-0.26347903414268087,-0.050976618732497425,-0.08890581632493773,-0.16705780369224274,-0.378818809179178,0.5445818101392939,0.8886806610495246,0.9433225552132765
/multi_agv/path_reference,1789710669.148386,1789710669.1478593,world,s_curve,1,4.248227732498721,0.10001851722983661,0.0,-0.09539131646813491,-0.210886308626844,-5.497468189283888,0.02704410065330687,-0.26270886704440227,-0.05050918301330937,-0.08837276392953898,-0.16611089942538376,-0.37817526252560935,0.5431532438002136,0.8872520947104442,0.9418939888741961
/multi_agv/path_reference,1789710669.1584005,1789710669.1578114,world,s_curve,1,4.249223164991117,0.10001851722983661,0.0,-0.09468716345540203,-0.21018270773708692,-5.498890235701596,0.027922349759269202,-0.2619408721667864,-0.05004296795868894,-0.08784339570182431,-0.16516941056516915,-0.3775353169442674,0.541731197382505,0.8858300482927357,0.9404719424564874
/multi_agv/path_reference,1789710669.1685674,1789710669.1678424,world,s_curve,1,4.250226403428691,0.10001851722983661,0.0,-0.0939764771856667,-0.20947460307409008,-5.500323433469559,0.028808246474550506,-0.2611655011879019,-0.04957217684364884,-0.0873111403052078,-0.16422164457213095,-0.3768910243449316,0.5402979996145424,0.8843968505247731,0.9390387446885249
/multi_agv/path_reference,1789710669.1784708,1789710669.1778526,world,s_curve,1,4.251227666343145,0.10001847153308802,-4.564754054474174e-06,-0.09326617919111078,-0.20876890908267812,-5.501753809061636,0.029693158437734027,-0.2603903034559108,-0.04910139255515568,-0.08678119949734431,-0.16327685385625756,-0.3762486738944325,0.5388676240224649,0.8829664749326956,0.9376083690964474
/multi_agv/path_reference,1789710669.1884837,1789710669.1878607,world,s_curve,1,4.252228654006766,0.10001847153308802,0.0,-0.09255506819059041,-0.2080644253889544,-5.503183791438237,0.030578583937017983,-0.25961396876849185,-0.04862981974029747,-0.08625267015278226,-0.16233343220377583,-0.3756071738103052,0.5374376416458646,0.8815364925560952,0.9361783867198471
/multi_agv/path_reference,1789710669.1987462,1789710669.1978605,world,s_curve,1,4.253228617681274,0.10001847153308802,0.0,-0.09184367948717537,-0.20736167842820477,-5.504612310973249,0.03146385741576484,-0.2588370820143225,-0.048157813862968524,-0.08572594624834723,-0.1613920850821002,-0.37496700395416693,0.5360091221108525,0.8801079730210832,0.934749867184835
/multi_agv/path_reference,1789710669.2088506,1789710669.2079177,world,s_curve,1,4.254234674881142,0.10001847153308802,0.0,-0.09112694359797643,-0.20665567518558423,-5.506049535544489,0.03235528375491484,-0.25805410504681753,-0.04768200950202668,-0.08519728919281358,-0.16044612237848008,-0.3743236139854591,0.5345718975396124,0.8786707484498432,0.933312642613595
/multi_agv/path_reference,1789710669.2187395,1789710669.2178724,world,s_curve,1,4.255230168182441,0.10001847679713805,5.288857946290694e-07,-0.09041673529344776,-0.2059581001655753,-5.507471668832059,0.03323809714589267,-0.25727801181920684,-0.0472102912070292,-0.08467544512208348,-0.15951120149414433,-0.3736876538804982,0.5331497642520424,0.8772486151622731,0.931890509326025
/multi_agv/path_reference,1789710669.2283895,1789710669.2278585,world,s_curve,1,4.256229010202362,0.10001847679713805,0.0,-0.08970314170861997,-0.20525919430260217,-5.508898586003374,0.03412462508873279,-0.25649797250712353,-0.04673607770746922,-0.08415310787429581,-0.15857424577635268,-0.37305022925715814,0.5317228470807271,0.8758216979909579,0.9304635921547098
/multi_agv/path_reference,1789710669.238325,1789710669.2378526,world,s_curve,1,4.257228449832681,0.10001847679713805,0.0,-0.08898812374740281,-0.20456089012950213,-5.51032635690383,0.03501242852400134,-0.25571612914947484,-0.046260670616735014,-0.08363172476238831,-0.15763784446272291,-0.3724131011633953,0.530295076180271,0.8743939270905019,0.9290358212542537
/multi_agv/path_reference,1789710669.2483685,1789710669.2478564,world,s_curve,1,4.258229246613712,0.10001847679713805,0.0,-0.08827113657462272,-0.20386266135718215,-5.511756066591016,0.03590218250419923,-0.2549318852647971,-0.0457837069632704,-0.0831109043142759,-0.1567012910841446,-0.37177578867312605,0.5288653664930848,0.8729642174033155,0.9276061115670674
/multi_agv/path_reference,1789710669.2584429,1789710669.2578082,world,s_curve,1,4.259224697964416,0.10001875387558327,2.7839673729952953e-05,-0.08755698925423036,-0.20316917968664072,-5.513178139949165,0.03678792206598146,-0.25415050252043647,-0.04530838730823615,-0.08259412825074604,-0.15577085336996144,-0.37114255743921476,0.5274432931349361,0.8715421440451668,0.9261840382089187
/multi_agv/path_reference,1789710669.2684224,1789710669.267855,world,s_curve,1,4.260229558579391,0.10001875387558327,0.0,-0.0868350924133085,-0.2024701735127123,-5.514613655113415,0.037682778043229975,-0.25336039303678337,-0.044827662246372205,-0.08207374525602068,-0.15483274860055596,-0.37050402668156035,0.5260077779706864,0.870106628880917,0.924748523044669
/multi_agv/path_reference,1789710669.278339,1789710669.2778053,world,s_curve,1,4.261224790588967,0.10001875387558327,0.0,-0.08611912421815043,-0.20177888766182214,-5.516035415127096,0.038569795157918446,-0.2525765275713274,-0.044350640241042405,-0.08155961555943342,-0.15390475196291115,-0.3698722954631219,0.5245860179570053,0.8686848688672362,0.9233267630309879
/multi_agv/path_reference,1789710669.2884295,1789710669.2878058,world,s_curve,1,4.262225028237118,0.10001875387558327,0.0,-0.08539856557507314,-0.20108515109634975,-5.517464326053026,0.03946200907990259,-0.25178739114075444,-0.043870314664367624,-0.08104417102358784,-0.15297321155039834,-0.3692380707150632,0.5231571070310753,0.8672559579413062,0.9218978521050579
/multi_agv/path_reference,1789710669.2983465,1789710669.2978697,world,s_curve,1,4.263231493056995,0.1000192810798387,5.239188650134524e-05,-0.08467252132233848,-0.2003881353142736,-5.518902132938564,0.040360519959463506,-0.2509919992470635,-0.0433860846794155,-0.08052680465328359,-0.15203701058229968,-0.3686005907072376,0.5217193001455372,0.8658181510557681,0.9204600452195199
/multi_agv/path_reference,1789710669.3084083,1789710669.3078349,world,s_curve,1,4.264228304715996,0.1000192810798387,0.0,-0.08395245331930822,-0.1996988346649551,-5.520326149594279,0.041251145663600594,-0.25020290982712357,-0.04290559579440181,-0.08001567460587686,-0.15111091733005572,-0.36796991205893287,0.5202952834898222,0.8643941344000529,0.919036028563805
/multi_agv/path_reference,1789710669.3183503,1789710669.317847,world,s_curve,1,4.265229606440563,0.1000192810798387,0.0,-0.08322815448205141,-0.19900746199739902,-5.521756580629376,0.042146514857419284,-0.2494089392634426,-0.04242203904013099,-0.07950351943474389,-0.15018178463967102,-0.36733708191778225,0.5188648524547257,0.8629637033649563,0.9176055975287082
/multi_agv/path_reference,1789710669.3283355,1789710669.32787,world,s_curve,1,4.266232109296677,0.1000192810798387,0.0,-0.08250199684273572,-0.19831629856786526,-5.523188727566682,0.04304369106905405,-0.24861268568164824,-0.04193699591561301,-0.07899203344649325,-0.14925267606134843,-0.3667041861957542,0.5174327055174195,0.8615315564276501,0.916173450591402
/multi_agv/path_reference,1789710669.3384683,1789710669.3378587,world,s_curve,1,4.267231174697671,0.10001914164905674,-1.3958793005353435e-05,-0.08177734496988028,-0.1976285404940563,-5.524615963853816,0.04393851893673199,-0.24781783926615503,-0.04145271458021786,-0.07848358020527978,-0.14832788883661113,-0.366074152440278,0.5160054692302851,0.8601043201405159,0.9147462143042677
/multi_agv/path_reference,1789710669.3484094,1789710669.3478506,world,s_curve,1,4.268230575062771,0.10001914164905674,0.0,-0.08105146880099823,-0.19694158728867606,-5.526043678661101,0.04483437194416823,-0.24702140662488858,-0.04096737172227438,-0.07797623477004322,-0.1474039274859162,-0.36544459961006887,0.514577754423,0.8586766053332308,0.9133184994969826
/multi_agv/path_reference,1789710669.3583212,1789710669.357827,world,s_curve,1,4.2692285043463345,0.10001914164905674,0.0,-0.08032568317730353,-0.19625668005884495,-5.527469291923335,0.04572962817123076,-0.24622483082392455,-0.04048184687921687,-0.07747091289449114,-0.1464824617312343,-0.36481666555080944,0.513152141160766,0.8572509920709968,0.9118928862347485
/multi_agv/path_reference,1789710669.3685274,1789710669.3678274,world,s_curve,1,4.2702286186480665,0.10001914164905674,0.0,-0.07959732959818484,-0.1955713119031948,-5.528898026640094,0.04662756638476191,-0.2454251937917586,-0.039994361387557895,-0.07696576551478063,-0.14556011858612167,-0.3641880516086821,0.5117234064440068,0.8558222573542376,0.9104641515179893
/multi_agv/path_reference,1789710669.3784523,1789710669.377857,world,s_curve,1,4.2712317641054,0.10001900956384192,-1.316960792462635e-05,-0.07886578570437965,-0.19488491248109385,-5.530331091579142,0.04752895005805392,-0.2446218103565314,-0.03950449681466149,-0.0764603762922424,-0.14463612850063062,-0.3635582326504086,0.5102903415049593,0.85438919241519,0.9090310865789419
/multi_agv/path_reference,1789710669.3885636,1789710669.3878691,world,s_curve,1,4.27223326274974,0.10001900956384192,0.0,-0.07813446221335599,-0.19420068641152985,-5.5317618039282,0.0484295755765711,-0.2438184256881586,-0.03901453652848051,-0.07595710587410744,-0.14371480474863052,-0.3629301486118517,0.5088596291559013,0.8529584800661321,0.9076003742298838
/multi_agv/path_reference,1789710669.398255,1789710669.397803,world,s_curve,1,4.273226883496811,0.10001900956384192,0.0,-0.07740792444592483,-0.19352287751903097,-5.533181262138301,0.049323827604335804,-0.2430200584304712,-0.03852754251163919,-0.07545906840602948,-0.14280186533389538,-0.36230769881716807,0.5074401709458001,0.8515390218560307,0.9061809160197825
/multi_agv/path_reference,1789710669.4085212,1789710669.4078388,world,s_curve,1,4.274230607464095,0.10001900956384192,0.0,-0.0766730234265814,-0.19283922400995424,-5.534615153520136,0.050227888961023134,-0.2422122587608707,-0.038034700479896724,-0.07495725577395342,-0.14188079423686573,-0.3616796220190436,0.5060062795639655,0.8501051304741962,0.9047470246379481
/multi_agv/path_reference,1789710669.4183137,1789710669.4178245,world,s_curve,1,4.275229276367324,0.10001856848199726,-4.4175176120572034e-05,-0.07594085128344581,-0.1921600602881726,-5.5360418233818915,0.051128110552229,-0.24140721731827136,-0.03754344708429515,-0.07445925766557443,-0.140965512617262,-0.36105541058168145,0.5045796097022096,0.8486784606124403,0.9033203547761922
/multi_agv/path_reference,1789710669.4283264,1789710669.4278495,world,s_curve,1,4.276231962816412,0.10001856848199726,0.0,-0.07520475978122272,-0.19147921578108662,-5.537474232594874,0.052032667351068804,-0.24059762454778927,-0.0370493221469478,-0.07396054859686947,-0.14004770516445936,-0.3604293935819311,0.5031472004892276,0.8472460513994582,0.9018879455632101
/multi_agv/path_reference,1789710669.4384494,1789710669.437871,world,s_curve,1,4.277234283897669,0.10001856848199726,0.0,-0.07446796253682997,-0.1907996738776152,-5.538906119853813,0.052937607582690754,-0.23978701365124283,-0.03655448154193791,-0.07346331675621876,-0.1391313921311689,-0.359804312745458,0.5017153132302883,0.845814164140519,0.9004560583042709
/multi_agv/path_reference,1789710669.4484086,1789710669.4478679,world,s_curve,1,4.278234239239725,0.10001856848199726,0.0,-0.07373193540290407,-0.1901227879388597,-5.540334627485322,0.05384112054716056,-0.2389770093298239,-0.036059917426048985,-0.07296855030503925,-0.13821839946460046,-0.3591814140469395,0.5002868055987791,0.84438565650901,0.8990275506727619
/multi_agv/path_reference,1789710669.4583995,1789710669.4578128,world,s_curve,1,4.279228740950526,0.10001839558902603,-1.7388082296276924e-05,-0.07299896396676127,-0.18945063739042395,-5.541755344215036,0.05474040616366983,-0.23817012971716006,-0.0355671683467937,-0.0724777631046276,-0.1373115349369457,-0.35856261412969864,0.498866088869065,0.8429649397792958,0.8976068339430476
/multi_agv/path_reference,1789710669.4685526,1789710669.467874,world,s_curve,1,4.280235248269422,0.10001839558902603,0.0,-0.07225617292994034,-0.18877143323592477,-5.54319321181346,0.055651256600163165,-0.23735219883751646,-0.03506757655246778,-0.07198235210673015,-0.13639489049468456,-0.35793705710635965,0.4974282212706415,0.8415270721808722,0.896168966344624
/multi_agv/path_reference,1789710669.4785924,1789710669.4778683,world,s_curve,1,4.2812347432986035,0.10001839558902603,0.0,-0.07151759106207776,-0.1880980188256949,-5.544621061855148,0.05655646531974086,-0.23653866285112224,-0.03457057565485201,-0.0714916893152145,-0.1354857971885597,-0.3573165699733106,0.4960003712289533,0.840099222139184,0.894741116302936
/multi_agv/path_reference,1789710669.488516,1789710669.4878905,world,s_curve,1,4.28223725648289,0.10001839558902603,0.0,-0.07077581366339888,-0.18742363110096208,-5.546053223546986,0.057465110433981476,-0.23572136703358232,-0.03407118439059592,-0.07100084386989669,-0.13457512664337143,-0.35669492278961823,0.49456820953711533,0.8386670604473461,0.8933089546110979
/multi_agv/path_reference,1789710669.4984941,1789710669.4978378,world,s_curve,1,4.283232173906728,0.10001883162458065,4.383455920568193e-05,-0.07003870259509302,-0.18675540375474062,-5.547474534152468,0.058367564857533985,-0.23490897524550292,-0.03357469739731023,-0.07051500424198769,-0.1336725138920032,-0.35607869313023105,0.49314689893163305,0.8372457498418637,0.8918876440056155
/multi_agv/path_reference,1789710669.5083516,1789710669.507835,world,s_curve,1,4.284232078669586,0.10001883162458065,0.0,-0.06929694025508099,-0.18608488306482024,-5.54890296952798,0.05927523803798235,-0.23409121925066206,-0.033074839552563365,-0.07002802213459897,-0.13276654090823592,-0.35546008615162594,0.49171846355612153,0.8358173144663522,0.890459208630104
/multi_agv/path_reference,1789710669.518372,1789710669.517871,world,s_curve,1,4.285235834657556,0.10001883162458065,0.0,-0.06855135825026097,-0.18541284632141952,-5.5503369066536505,0.06018710604387774,-0.23326901269878,-0.03257216809588073,-0.06954046906442715,-0.13185825442699572,-0.3548398154728358,0.49028452643045073,0.8343833773406814,0.8890252715044331
/multi_agv/path_reference,1789710669.5284965,1789710669.527864,world,s_curve,1,4.286235201419118,0.10001883162458065,0.0,-0.06780808006659776,-0.18474481092145287,-5.551764573455883,0.06109568011821147,-0.23244910856172563,-0.03207081175627925,-0.0690563473210697,-0.13095511175826263,-0.35422297368502637,0.48885685962821807,0.8329557105384487,0.8875976047022006
/multi_agv/path_reference,1789710669.538396,1789710669.53787,world,s_curve,1,4.287236123903955,0.10001957426098167,7.420971931926676e-05,-0.06706268955924836,-0.18407679996281218,-5.553194462719935,0.06200636048405224,-0.23162663645611486,-0.031567792705682565,-0.06857277266973483,-0.13005173742952753,-0.35360588978917423,0.4874269703641665,0.8315258212743971,0.886167715438149
/multi_agv/path_reference,1789710669.5484574,1789710669.5478687,world,s_curve,1,4.28823620322378,0.10001957426098167,0.0,-0.06631697377633652,-0.18341041685515827,-5.554623147462543,0.06291696332834568,-0.2308035679678943,-0.03106431668946104,-0.06809090636182054,-0.129150299538092,-0.3529900446655624,0.4859982856215583,0.830097136531789,0.8847390306955408
/multi_agv/path_reference,1789710669.5583923,1789710669.557838,world,s_curve,1,4.289233345868886,0.10001957426098167,0.0,-0.065572500744147,-0.18274705180460032,-5.556047636955551,0.0638255766172037,-0.22998163510920844,-0.03056144374043636,-0.06761175063599309,-0.1282526801931102,-0.35237672458469776,0.48457379612855034,0.8286726470387811,0.8833145412025328
/multi_agv/path_reference,1789710669.5684967,1789710669.5678358,world,s_curve,1,4.2902333137669055,0.10001957426098167,0.0,-0.06482497004185572,-0.1820828730065993,-5.557476162524151,0.06473744895476824,-0.22915609007657872,-0.030056269003756728,-0.06713253771459922,-0.1273536944257595,-0.3517623868794393,0.4831452705599504,0.827244121470181,0.8818860156339328
/multi_agv/path_reference,1789710669.5785587,1789710669.5778682,world,s_curve,1,4.291236636345098,0.10001995551019481,3.800625059752068e-05,-0.06407397860826271,-0.18141754009032288,-5.558909480492997,0.06565306762652633,-0.2283264855538345,-0.02954851789748003,-0.0666530269549599,-0.12645287906075864,-0.3511467142552501,0.48171195259110394,0.8258108035013347,0.8804526976650866
/multi_agv/path_reference,1789710669.5883942,1789710669.5878637,world,s_curve,1,4.292236305994476,0.10001995551019481,0.0,-0.06332477386939052,-0.1807557006110883,-5.560337579992108,0.06656603516634411,-0.22749861834290636,-0.0290417384316094,-0.06617656757176779,-0.12555652678768908,-0.35053400747380814,0.4802838530919929,0.8243827040022237,0.8790245981659756
/multi_agv/path_reference,1789710669.5983515,1789710669.5978725,world,s_curve,1,4.293237440536122,0.10001995551019481,0.0,-0.0625735247316724,-0.18009396431045327,-5.561767772194459,0.06748102158828463,-0.22666825589947817,-0.028533339883823755,-0.06570071721295132,-0.12466004686846151,-0.3499211288499471,0.478853660889642,0.8229525117998727,0.8775944059636245
/multi_agv/path_reference,1789710669.6083817,1789710669.6078398,world,s_curve,1,4.294234531370987,0.10001995551019481,0.0,-0.06182437019274357,-0.17943596929478986,-5.563192187672838,0.06839298764622181,-0.2258399739864692,-0.02802612423798341,-0.06522808989306542,-0.12376836909341937,-0.34931144889788485,0.4774292454112631,0.8215280963214939,0.8761699904852456
/multi_agv/path_reference,1789710669.6183379,1789710669.6178563,world,s_curve,1,4.295236248479072,0.10001991059023475,-4.485188834623394e-06,-0.061070796572024605,-0.178775996726783,-5.56462321211296,0.06930986214629326,-0.225006570758442,-0.027515681103925146,-0.06475457842224902,-0.12287374326683767,-0.3486996684912623,0.4759982209711411,0.8200970718813718,0.8747389660451237
/multi_agv/path_reference,1789710669.628517,1789710669.627921,world,s_curve,1,4.296243072503772,0.10001991059023475,0.0,-0.06031243008262478,-0.1781137469943819,-5.566061532148246,0.07023209300612877,-0.2241676293933687,-0.02700175386063447,-0.06427997568054955,-0.12197575933151333,-0.3480855059710829,0.4745599009358555,0.818658751846086,0.8733006460098379
/multi_agv/path_reference,1789710669.6382346,1789710669.6378007,world,s_curve,1,4.29723121690999,0.10001991059023475,0.0,-0.05956720870120873,-0.17746484461587192,-5.567473167014272,0.0711378759858318,-0.22334299843941302,-0.026496503650045064,-0.06381546786019607,-0.12109560925093636,-0.3474834567364834,0.4731482660698289,0.8172471169800596,0.8718890111438113
/multi_agv/path_reference,1789710669.6482897,1789710669.6478467,world,s_curve,1,4.298235910910675,0.10001991059023475,0.0,-0.05880856732573423,-0.17680615415425394,-5.568908444158107,0.07205950103061776,-0.2225032829258701,-0.02598192008195041,-0.0633444924148048,-0.12020191328317929,-0.3468720567647778,0.4717129889259941,0.8158118398362249,0.8704537339999767
/multi_agv/path_reference,1789710669.6583812,1789710669.65783,world,s_curve,1,4.29923454660881,0.10001970056611997,-2.1035247499357012e-05,-0.05805356465880624,-0.17615251506409102,-5.570335066584014,0.07297623741906059,-0.2216673608269728,-0.025469570568506558,-0.06287766804395581,-0.11931480132187895,-0.3462650758264384,0.4702863665000873,0.8143852174103181,0.8690271115740698
/multi_agv/path_reference,1789710669.6684155,1789710669.667836,world,s_curve,1,4.300235303024657,0.10001970056611997,0.0,-0.0572960238933021,-0.17549856917896958,-5.571764718606652,0.07389558783735006,-0.22082839473124377,-0.024955264786012663,-0.06241116487807585,-0.11842700280724713,-0.34565753985158587,0.4688567144774489,0.8129555653876797,0.8675974595514314
/multi_agv/path_reference,1789710669.6783557,1789710669.6778517,world,s_curve,1,4.301237000825925,0.10001970056611997,0.0,-0.056536835043858,-0.17484509339265816,-5.573195715465607,0.07481647002798517,-0.21998736924061718,-0.02443960591894205,-0.061945539599459795,-0.11753957122599384,-0.3450501693525209,0.46742571761849444,0.8115245685287251,0.866166462692477
/multi_agv/path_reference,1789710669.6883285,1789710669.6878662,world,s_curve,1,4.302238533994766,0.10001970056611997,0.0,-0.05577683686424025,-0.17419281179512613,-5.5746264771353795,0.07573786606132271,-0.21914521324634473,-0.023923163407698858,-0.06148130876903342,-0.11665348960347134,-0.3444436370128737,0.4659949559487218,0.8100938068589526,0.8647357010227045
/multi_agv/path_reference,1789710669.6983716,1789710669.6978493,world,s_curve,1,4.303237092715511,0.10001969433187237,-6.24447543057201e-07,-0.05501816754947015,-0.1735435505081218,-5.576052989593587,0.07665718587271486,-0.21830429717725602,-0.023407391343869363,-0.061019769460990886,-0.11577123991578087,-0.34383964214759377,0.464568443490514,0.8086672944007447,0.8633091885644965
/multi_agv/path_reference,1789710669.70847,1789710669.7078469,world,s_curve,1,4.304237027107132,0.10001969433187237,0.0,-0.05425752569113591,-0.17289447995786966,-5.577481467295903,0.07757843104363703,-0.21746096229288706,-0.022890045824157795,-0.06055890895817666,-0.11488897779317668,-0.34323555312225573,0.46313996578819827,0.8072388166984289,0.8618807108621809
/multi_agv/path_reference,1789710669.7183459,1789710669.7178485,world,s_curve,1,4.305237197245173,0.10001969433187237,0.0,-0.05349577776209896,-0.1722463439954872,-5.5789102817788185,0.07850055103660863,-0.21661616869970513,-0.02237171562320049,-0.06009925672317562,-0.11400771368567875,-0.3426320615776073,0.4617111513052827,0.8058100022155135,0.8604518963792652
/multi_agv/path_reference,1789710669.7284052,1789710669.7278202,world,s_curve,1,4.3062347561690535,0.10001969433187237,0.0,-0.05273509698611524,-0.17160098487558553,-5.580335365955791,0.07942091676472891,-0.21577232736355917,-0.02185388035951555,-0.05964211729696678,-0.11312995349377832,-0.3420308838360116,0.4602860671283104,0.8043849180385412,0.8590268122022929
/multi_agv/path_reference,1789710669.7384634,1789710669.7378552,world,s_curve,1,4.307238522249193,0.10001966782537479,-2.6412240218513164e-06,-0.051968755309850866,-0.17095270514857075,-5.581769317498847,0.08034766610619812,-0.2149219734704186,-0.021331958565332182,-0.05918345793069546,-0.11224794647336267,-0.34142671104165423,0.458852115585254,0.8029509664954847,0.8575928606592367
/multi_agv/path_reference,1789710669.7485154,1789710669.7478724,world,s_curve,1,4.308240548187151,0.10001966782537479,0.0,-0.051202815827751054,-0.17030664592796801,-5.583200783124502,0.08127346380469652,-0.2140718332197227,-0.020810078068227073,-0.058726919567192476,-0.11136868554780521,-0.34082433266890644,0.45742064995959936,0.80151950086983,0.8561613950335819
/multi_agv/path_reference,1789710669.7583544,1789710669.7578094,world,s_curve,1,4.3092344568289285,0.10001966782537479,0.0,-0.05044216850523198,-0.16966690389316408,-5.584620652612755,0.08219240618493767,-0.21322733753934509,-0.0202915741612886,-0.05827538897053723,-0.11049775025264605,-0.34022757245630897,0.4560007804713462,0.8000996313815769,0.8547415255453287
/multi_agv/path_reference,1789710669.7684774,1789710669.767809,world,s_curve,1,4.310234596095893,0.10001966782537479,0.0,-0.04967583653384899,-0.16902424248061526,-5.586049422994133,0.08311775562035073,-0.21237630030895532,-0.019768964912942444,-0.0578223455418307,-0.10962256668468069,-0.33962781521533447,0.4545720100899681,0.7986708610001988,0.8533127551639508
/multi_agv/path_reference,1789710669.7783456,1789710669.7778046,world,s_curve,1,4.311234382586314,0.10001917681259244,-4.912118213798875e-05,-0.04890885793081441,-0.16838290272873874,-5.58747768940902,0.0840434246582694,-0.21152431436627203,-0.01924568408444069,-0.05737078377611089,-0.10874890799177858,-0.33902901641832683,0.4531437436750809,0.7972425945853117,0.8518844887490635
/multi_agv/path_reference,1789710669.7886531,1789710669.7878857,world,s_curve,1,4.312242653703505,0.10001917681259244,0.0,-0.04813444330951945,-0.16773723062762366,-5.588918076719293,0.08497760175263509,-0.21066383503501546,-0.018717096646178058,-0.05691672954875772,-0.1078690685935319,-0.33842589374058146,0.45170335636480846,0.7958022072750393,0.850444101438791
/multi_agv/path_reference,1789710669.7984047,1789710669.7978065,world,s_curve,1,4.313234930254035,0.10001917681259244,0.0,-0.047371406648880204,-0.1671028903086981,-5.590335614648621,0.08589759688572379,-0.20981576971798288,-0.018196047114381594,-0.056471191881467486,-0.10700439692430823,-0.33783308212031865,0.4502858184354799,0.7943846693457105,0.8490265635094624
/multi_agv/path_reference,1789710669.8084607,1789710669.8078384,world,s_curve,1,4.314238315034362,0.10001917681259244,0.0,-0.04659891419163859,-0.16646254958184079,-5.59176902147766,0.08682853260979656,-0.20895696481586506,-0.017668310368847348,-0.0560219934439338,-0.1061312691586547,-0.3372343861429339,0.4488524116064414,0.792951262516672,0.8475931566804239
/multi_agv/path_reference,1789710669.81836,1789710669.8178627,world,s_curve,1,4.315240766359134,0.10001884983136507,-3.262431349036635e-05,-0.045826224624777014,-0.16582391093778812,-5.593201094798762,0.08775924427786269,-0.2080977099767366,-0.01714020817545718,-0.05557454586904101,-0.10526018382601958,-0.3366370031183038,0.44742033828533906,0.7915191891955697,0.8461610833593216
/multi_agv/path_reference,1789710669.8284824,1789710669.827871,world,s_curve,1,4.31624177641228,0.10001884983136507,0.0,-0.04505373420835405,-0.16518729526903128,-5.5946311091603995,0.08868925622877885,-0.2072384466724827,-0.016612012181358396,-0.05512907200092211,-0.10439157960642956,-0.3360412341997423,0.44599032392370164,0.7900891748339324,0.8447310689976842
/multi_agv/path_reference,1789710669.8384092,1789710669.8378625,world,s_curve,1,4.317241147956628,0.10001884983136507,0.0,-0.04428160093119037,-0.16455282421871,-5.5960587827951835,0.08961838037527989,-0.2063793516978154,-0.016083831471035703,-0.05468565439019889,-0.10352562375530089,-0.3354471945106303,0.44456265028891767,0.7886615011991484,0.8433033953629002
/multi_agv/path_reference,1789710669.8483186,1789710669.847855,world,s_curve,1,4.31824060701747,0.10001884983136507,0.0,-0.043508494886258124,-0.1639194007542766,-5.597486581453529,0.09054821807975977,-0.20551894590060504,-0.015554756837929187,-0.05424352506255177,-0.10266081962372882,-0.33485385757654934,0.44313485163057237,0.7872337025408032,0.8418755967045548
/multi_agv/path_reference,1789710669.8583617,1789710669.8578553,world,s_curve,1,4.3192407619953865,0.10001830830609497,-5.415404873856822e-05,-0.04273394596252451,-0.16328664189672534,-5.598915374279123,0.09147933421956136,-0.20465670581742243,-0.015024466289712518,-0.05380241735837045,-0.10179664400297793,-0.33426086432882773,0.44170605880497815,0.7858049097152089,0.8404468038789609
/multi_agv/path_reference,1789710669.8684268,1789710669.8678572,world,s_curve,1,4.3202411257115125,0.10001830830609497,0.0,-0.04195833180918602,-0.16265485864536233,-5.600344465302161,0.09241127419014944,-0.20379305154250715,-0.014493218075200445,-0.0533625488354615,-0.10093352125838237,-0.33366850584224317,0.4402769677819402,0.7843758186921709,0.8390177128559227
/multi_agv/path_reference,1789710669.8783653,1789710669.8778565,world,s_curve,1,4.321241323297228,0.10001830830609497,0.0,-0.041181944606699605,-0.16202428910172167,-5.60177331899604,0.09334368689407516,-0.20292830840640783,-0.01396121230776623,-0.05292408530118908,-0.10007177666217293,-0.33307700534180307,0.4388481140880612,0.7829469649982921,0.8375888591620438
/multi_agv/path_reference,1789710669.8883967,1789710669.887856,world,s_curve,1,4.3222413718556645,0.10001830830609497,0.0,-0.040404773089440765,-0.16139492324696175,-5.6032019597938065,0.09427658607614678,-0.20206246396915017,-0.013428441375318997,-0.05248701952409139,-0.09921139665478197,-0.33248635356201195,0.4374194732902947,0.7815183242005255,0.8361602183642773
/multi_agv/path_reference,1789710669.8982906,1789710669.8978581,world,s_curve,1,4.323241863658066,0.10001780465489264,-5.0349325649253164e-05,-0.039626358163586686,-0.1607663901319449,-5.604631233797237,0.09521052261941775,-0.2011950066564648,-0.012894590453713078,-0.05205109414876764,-0.09835187399839795,-0.3318962022486692,0.43599019928686417,0.780089050197095,0.8347309443608468
/multi_agv/path_reference,1789710669.9084249,1789710669.907827,world,s_curve,1,4.3242388964447125,0.10001780465489264,0.0,-0.03884974162138498,-0.16014113742043384,-5.606055566349589,0.09614184907093769,-0.2003293272282467,-0.012361746706846005,-0.0516180042074805,-0.09749655719008814,-0.33130885086373296,0.4345658667345122,0.7786647176447429,0.8333066118084947
/multi_agv/path_reference,1789710669.9186585,1789710669.9178598,world,s_curve,1,4.325242268659871,0.10001780465489264,0.0,-0.03806728873043616,-0.15951302668144196,-5.607488955228386,0.09707971908377297,-0.1994569144351805,-0.011824670839901047,-0.05118350033305395,-0.09663704784307686,-0.33071853186819516,0.433132477855715,0.7772313287659457,0.8318732229296976
/multi_agv/path_reference,1789710669.9286919,1789710669.9279373,world,s_curve,1,4.326250250995699,0.10001780465489264,0.0,-0.03728033499709623,-0.1588831600033429,-5.608928929993855,0.09802252443201828,-0.19857925358737805,-0.011284275835928989,-0.05074835418067883,-0.09577484944438694,-0.33012627638496306,0.43169250309024626,0.775791354000477,0.8304332481642289
/multi_agv/path_reference,1789710669.9385254,1789710669.9378893,world,s_curve,1,4.327245555052726,0.10001750093403335,-3.052072491199139e-05,-0.036502390455435324,-0.15826232807287277,-5.610350792932466,0.09895408502416433,-0.19771141465953201,-0.010749841730938361,-0.05032001361443339,-0.09492473642965528,-0.3295422341745297,0.4302706401516354,0.7743694910618661,0.829011385225618
/multi_agv/path_reference,1789710669.948483,1789710669.947855,world,s_curve,1,4.328242404780212,0.10001750093403335,0.0,-0.03572235378187996,-0.15764164135955167,-5.611774863971732,0.09988770181832043,-0.19684101732233122,-0.010213745841629193,-0.049892335932042994,-0.09407454091491228,-0.32895804723169975,0.4288465691123692,0.7729454200225999,0.8275873141863518
/multi_agv/path_reference,1789710669.9584954,1789710669.957822,world,s_curve,1,4.329239334221647,0.10001750093403335,0.0,-0.03494137152092602,-0.1570220165953613,-5.613199048888067,0.10082200143383818,-0.19596934038767244,-0.009676775608943908,-0.04946595417233661,-0.09322551792458664,-0.3283745776891607,0.42742238419603445,0.7715212351062651,0.8261631292700169
/multi_agv/path_reference,1789710669.9685028,1789710669.9678872,world,s_curve,1,4.330245886346847,0.10001750093403335,0.0,-0.03415195636098198,-0.1563975402480335,-5.614636980495495,0.10176593444685234,-0.19508802378296455,-0.009133779746833798,-0.049036807396820065,-0.0923695604052563,-0.32778625294202424,0.42598445258860584,0.7700833034988365,0.8247251976625883
/multi_agv/path_reference,1789710669.9784017,1789710669.9778643,world,s_curve,1,4.331243851928089,0.10001754689397667,4.606171668636671e-06,-0.033368389843570094,-0.15577951222095285,-5.616062645611555,0.10270242323611314,-0.19421301128621882,-0.008594581480604699,-0.04861266180612589,-0.09152215658775681,-0.32720371826897593,0.4245587874725465,0.7686576383827772,0.8232995325465291
/multi_agv/path_reference,1789710669.9884076,1789710669.9879246,world,s_curve,1,4.332250080659001,0.10001754689397667,0.0,-0.03257744405594839,-0.15515749868228243,-5.617500115227145,0.1036472774791303,-0.19332953135599484,-0.008050078290980742,-0.048186356579889913,-0.09066900026063947,-0.326617139206318,0.4231213178569564,0.7672201687671871,0.8218620629309391
/multi_agv/path_reference,1789710669.998494,1789710669.9979372,world,s_curve,1,4.333251519349559,0.10001754689397667,0.0,-0.03178937658664718,-0.1545395755962427,-5.618930741927941,0.10458824126328334,-0.19244904044539002,-0.007507330577834953,-0.047763429619820136,-0.08982116701880807,-0.32603413015009997,0.42169069115616015,0.7657895420663909,0.8204314362301428
/multi_agv/path_reference,1789710670.0083928,1789710670.007828,world,s_curve,1,4.334240757499676,0.10001754689397667,0.0,-0.03101004311789795,-0.1539302880647241,-5.620343939285251,0.10551833426745072,-0.19157808669428156,-0.006970376926863073,-0.047346977136024745,-0.08898490037589302,-0.32545898668225465,0.4202774937988507,0.7643763447090814,0.8190182388728333
/multi_agv/path_reference,1789710670.0182886,1789710670.0178196,world,s_curve,1,4.3352400605863854,0.10001757400432597,2.713402373451732e-06,-0.030221906847210833,-0.15331592033662975,-5.621771515123408,0.10645848712535456,-0.19069707237219893,-0.006427135294788222,-0.04692762256143128,-0.0881413758447219,-0.32487876260373616,0.41884991796069343,0.7629487688709242,0.817590663034676
/multi_agv/path_reference,1789710670.0284314,1789710670.027863,world,s_curve,1,4.336244493874519,0.10001757400432597,0.0,-0.029428841386829368,-0.1526995330966641,-5.623206419820741,0.10740406889244312,-0.18981032247860913,-0.005880270574322194,-0.04650746811766221,-0.08729478921055824,-0.32429634196177193,0.4174150132633597,0.7615138641735906,0.8161557583373423
/multi_agv/path_reference,1789710670.0382953,1789710670.037859,world,s_curve,1,4.337244272044705,0.10001757400432597,0.0,-0.02863857399186355,-0.1520871331776254,-5.624634674349578,0.10834586597012079,-0.18892647691179426,-0.0053351110339172475,-0.04609060866714204,-0.08645339050260441,-0.3237174003631298,0.4159867587345229,0.7600856096447537,0.8147275038085054
/multi_agv/path_reference,1789710670.0483756,1789710670.0478551,world,s_curve,1,4.338244206342325,0.10001757400432597,0.0,-0.02784730912437537,-0.15147576721870815,-5.626063151917607,0.10928840468201685,-0.18804129220950971,-0.004789039845633322,-0.04567502998681888,-0.08561312391220476,-0.32313914775710084,0.41455828116649446,0.7586571320767252,0.813299026240477
/multi_agv/path_reference,1789710670.058335,1789710670.0578303,world,s_curve,1,4.339242004557642,0.10001769361244923,1.1989326541998278e-05,-0.027056864874416463,-0.15086683455052546,-5.627488577939488,0.11022952068604386,-0.187156802921513,-0.004243312387780376,-0.04526168155246091,-0.08477591356045398,-0.32256290853866154,0.4131328551446133,0.757231706054844,0.8118736002185959
/multi_agv/path_reference,1789710670.0684166,1789710670.0678527,world,s_curve,1,4.3402442725636865,0.10001769361244923,0.0,-0.02626200664398112,-0.15025630906002177,-5.628920389376695,0.11117544480641886,-0.18626715087770962,-0.0036943138606526787,-0.04484783246151028,-0.08393622297184071,-0.32198487174671436,0.411701043707406,0.7557998946176369,0.8104417887813886
/multi_agv/path_reference,1789710670.0784767,1789710670.0778563,world,s_curve,1,4.341244765155652,0.10001769361244923,0.0,-0.02546768541750906,-0.14964800071551027,-5.630349664508074,0.1121202833153631,-0.1853778766023353,-0.003145462965555082,-0.044436067647239993,-0.0830992910718791,-0.3214086434274118,0.41027176857602704,0.7543706194862578,0.8090125136500096
/multi_agv/path_reference,1789710670.088344,1789710670.0878534,world,s_curve,1,4.342244704349719,0.10001769361244923,0.0,-0.02467293564702412,-0.14904116381753035,-5.631778149071027,0.11306518627817115,-0.1844878999059772,-0.0025960933132664066,-0.04402588031784145,-0.08226409291059734,-0.32083351822415235,0.4088432840130739,0.7529421349233048,0.8075840290870565
/multi_agv/path_reference,1789710670.0983849,1789710670.0978632,world,s_curve,1,4.343245801441212,0.10001797266474712,2.78796585651807e-05,-0.023876398023589113,-0.1484347621133538,-5.63320828777316,0.1140117694140189,-0.1835956984070954,-0.002045265077690969,-0.04361657055912897,-0.08142920200821546,-0.320258513772717,0.4074131453109415,0.7515119962211722,0.806153890384924
/multi_agv/path_reference,1789710670.1084027,1789710670.107853,world,s_curve,1,4.344244960984538,0.10001797266474712,0.0,-0.023080538141503154,-0.14783067050755408,-5.63463565854934,0.11495710320295865,-0.18270403407413824,-0.0014946835533299896,-0.04320940320468819,-0.08059720007619799,-0.31968540824177616,0.4059857745347614,0.7500846254449922,0.8047265196087441
/multi_agv/path_reference,1789710670.1183605,1789710670.1178515,world,s_curve,1,4.345245016588882,0.10001797266474712,0.0,-0.022283101904109662,-0.14722717528342177,-5.636064309412688,0.1159038657829873,-0.181810381814637,-0.0009427896806793595,-0.0428032222772019,-0.07976572729756642,-0.31911257627549705,0.40455712367141355,0.7486559745816443,0.8032978687453963
/multi_agv/path_reference,1789710670.1284082,1789710670.127858,world,s_curve,1,4.346245868836378,0.10001797266474712,0.0,-0.021484168026425186,-0.14662434055788312,-5.637494098337682,0.1168519625737797,-0.1809148292781304,-0.00038963737492499206,-0.042398072417058646,-0.07893487126727608,-0.3185400779893147,0.40312733474641904,0.7472261856566497,0.8018680798204015
/multi_agv/path_reference,1789710670.1388574,1789710670.137866,world,s_curve,1,4.3472467284566365,0.10001804977012634,7.705306019247286e-06,-0.02068436714563298,-0.14602264432520307,-5.638923897795195,0.11780064466335907,-0.18001808309970874,0.0001643369994506344,-0.04199427557771518,-0.07810529042897191,-0.31796836696892217,0.40169753528890645,0.7457963861991371,0.8004382803628891
/multi_agv/path_reference,1789710670.1487827,1789710670.14785,world,s_curve,1,4.348245373077165,0.10001804977012634,0.0,-0.01988547967573248,-0.14542342006340067,-5.640350532967378,0.1187478016842651,-0.17912214023184014,0.0007178995203775129,-0.04159272470138482,-0.077278824276655,-0.31739871121216223,0.40027090011672284,0.7443697510269536,0.7990116451907054
/multi_agv/path_reference,1789710670.1587327,1789710670.157833,world,s_curve,1,4.349244040401792,0.10001804977012634,0.0,-0.01908571995365434,-0.14482532254659075,-5.641777200573988,0.11969555216002513,-0.1782249988018012,0.0012722867808129534,-0.041192516396661355,-0.07645361840158815,-0.31682983284152283,0.3988442325101133,0.7429430834203441,0.7975849775840959
/multi_agv/path_reference,1789710670.1687493,1789710670.167838,world,s_curve,1,4.350244676281673,0.10001804977012634,0.0,-0.018283528754856428,-0.14422719106378296,-5.643206680402391,0.12064574252064844,-0.1773249090708058,0.001828580285587994,-0.040792875757608246,-0.07562807046302339,-0.3162606269707173,0.3974147526817106,0.7415136035919414,0.7961554977556933
/multi_agv/path_reference,1789710670.1786432,1789710670.1778405,world,s_curve,1,4.35124512337166,0.10001794419679137,-1.0554509109670526e-05,-0.017480634951737944,-0.14363031943023707,-5.644635890530942,0.12159632375318553,-0.17642381031085116,0.0023855817024517056,-0.040394668817723356,-0.0748039654169509,-0.31569232405603703,0.3959855425531588,0.7400843934633896,0.7947262876271415
/multi_agv/path_reference,1789710670.1885424,1789710670.1878104,world,s_curve,1,4.352242314677527,0.10001794419679137,0.0,-0.01667950596632353,-0.14303653270284528,-5.646060449539324,0.12254437684575806,-0.1755244728788764,0.0029415781341476654,-0.039999110109266364,-0.07398382467086442,-0.3151266633284051,0.3945609835447769,0.7386598344550077,0.7933017286187595
/multi_agv/path_reference,1789710670.1983957,1789710670.1978111,world,s_curve,1,4.353242570633222,0.10001794419679137,0.0,-0.015875065898954013,-0.14244206825374192,-5.647489386618889,0.12349590871885266,-0.1746211987004767,0.0035000922847619187,-0.03960369295501075,-0.07316245133389077,-0.3145600604723243,0.39313204646521205,0.7372308973754428,0.7918727915391947
/multi_agv/path_reference,1789710670.2084076,1789710670.2078164,world,s_curve,1,4.354243276169576,0.10001794419679137,0.0,-0.015069415058603965,-0.14184848749265352,-5.648918965956538,0.1244484327095684,-0.17371634497051605,0.004059667085135693,-0.03920945907686485,-0.07234200125198059,-0.3139940021491152,0.3917024671275633,0.735801318037794,0.7904432122015458
/multi_agv/path_reference,1789710670.2184186,1789710670.2178147,world,s_curve,1,4.355243284622216,0.10001772825650018,-2.1597674806505996e-05,-0.014263478570528938,-0.14125647135351496,-5.650347549460308,0.12540085520307348,-0.1728109508092357,0.004619659894575301,-0.03881686050119,-0.07152341572910884,-0.3134291378302462,0.3902738836237929,0.7343727345340236,0.7890146286977755
/multi_agv/path_reference,1789710670.2283552,1789710670.2278051,world,s_curve,1,4.3562425261389155,0.10001772825650018,0.0,-0.013457316232304768,-0.14066605986979375,-5.651775037341308,0.12635310649616632,-0.17190508387522851,0.0051800286821478,-0.03842592246531738,-0.07070675077533474,-0.31286550636872923,0.38884639574279367,0.7329452466530243,0.7875871408167763
/multi_agv/path_reference,1789710670.238351,1789710670.2378073,world,s_curve,1,4.357242891954899,0.10001772825650018,0.0,-0.012649403428195307,-0.1400761374232333,-5.653204131364141,0.12730698725173145,-0.17099703087500084,0.005741833338683375,-0.038035906593194016,-0.06989046308745676,-0.3123020425890492,0.38741730171996064,0.7315161526301913,0.7861580467939432
/multi_agv/path_reference,1789710670.2488725,1789710670.247931,world,s_curve,1,4.358255455833002,0.10001772825650018,0.0,-0.011830781581301531,-0.1394801980834174,-5.654650651190003,0.12827306584035944,-0.170076718429283,0.006311307845018904,-0.037642523632122435,-0.0690655442739676,-0.31173252634416226,0.38597078189409784,0.7300696328043286,0.7847115269680804
/multi_agv/path_reference,1789710670.25853,1789710670.2578251,world,s_curve,1,4.359244917212441,0.1000178188712632,9.15962072131996e-06,-0.011030005307169969,-0.13889900017069792,-5.656064167446344,0.1292176513092038,-0.1691762518405555,0.006868584609841716,-0.03725946645661746,-0.06826073357672179,-0.31117680047875457,0.38455726563775755,0.7286561165479883,0.7832980107117401
/multi_agv/path_reference,1789710670.2686574,1789710670.2678437,world,s_curve,1,4.360247031646109,0.1000178188712632,0.0,-0.010218152331139247,-0.13831152429168322,-5.6574957594944415,0.13017486686810897,-0.16826311166147656,0.00743378779994977,-0.03687287209184613,-0.06744692925105641,-0.3106147715321472,0.3831256735896597,0.7272245244998905,0.7818664186636421
/multi_agv/path_reference,1789710670.2786062,1789710670.2778642,world,s_curve,1,4.361249089869763,0.1000178188712632,0.0,-0.009405504775160963,-0.13772524410411252,-5.6589272712425185,0.13113258114834558,-0.1673488587049385,0.007999763231109958,-0.03648767002730502,-0.06663447853351939,-0.3100535837515132,0.3816941618415828,0.7257930127518135,0.7804349069155654
/multi_agv/path_reference,1789710670.2886899,1789710670.287875,world,s_curve,1,4.3622502848396225,0.1000178188712632,0.0,-0.008592719949872533,-0.13714063139381372,-5.66035754977089,0.13209002010360907,-0.16643423276668767,0.008566052813460887,-0.03610416940585359,-0.06582403562747616,-0.3094936891481115,0.3802638833132117,0.7243627342234424,0.7790046283871943
/multi_agv/path_reference,1789710670.2985528,1789710670.2978044,world,s_curve,1,4.363243672645647,0.10001878834062067,9.761057049397405e-05,-0.007785447502405299,-0.13656172694607072,-5.661776675208068,0.1330405342545813,-0.1655255942182191,0.009128717456421825,-0.03572501308558798,-0.06502120616187777,-0.3089389615907464,0.37884475787603344,0.7229436087862643,0.7775855029500159
/multi_agv/path_reference,1789710670.3086505,1789710670.3078573,world,s_curve,1,4.36424902909996,0.10001878834062067,0.0,-0.006967613176535668,-0.13597701467634515,-5.663212898714228,0.13400304734586813,-0.16460484906181383,0.009698962186338575,-0.03534266233144666,-0.06421001764812063,-0.3083783640494682,0.3774085343698732,0.7215073852801039,0.7761492794438557
/multi_agv/path_reference,1789710670.3184907,1789710670.3178325,world,s_curve,1,4.365246867041934,0.10001878834062067,0.0,-0.006155065432428123,-0.13539783719934056,-5.664638381488477,0.13495890435091126,-0.16368983857483504,0.010265737926639332,-0.03496453827917781,-0.0634062039981804,-0.30782276932066355,0.3759830515956239,0.7200819025058546,0.7747237966696063
/multi_agv/path_reference,1789710670.3283973,1789710670.327851,world,s_curve,1,4.366248757645193,0.10001878834062067,0.0,-0.005338387769332594,-0.13481747334742705,-5.666069653778847,0.13591918482389576,-0.16276995995903676,0.010835611827143113,-0.034586249743857225,-0.06260043880655175,-0.30726573149187225,0.37455177930525396,0.7186506302154847,0.7732925243792363
/multi_agv/path_reference,1789710670.3383965,1789710670.3378048,world,s_curve,1,4.367244436896131,0.10002013613328793,0.00013539139831646087,-0.004525951072676008,-0.134241866177545,-5.667492052708758,0.1368740473602169,-0.16185464260514104,0.011402742026896034,-0.034211668521147875,-0.061800974267778516,-0.30671295574370866,0.37312938037534277,0.7172282312855734,0.7718701254493253
/multi_agv/path_reference,1789710670.348313,1789710670.3478327,world,s_curve,1,4.368247520137646,0.10002013613328793,0.0,-0.003706645945263856,-0.13366314783337047,-5.668925028768066,0.13783654814022708,-0.1609313699184899,0.011974883942471176,-0.03383567562217482,-0.06099688212814186,-0.30615688574979477,0.37169640431603534,0.7157952552262661,0.770437149390018
/multi_agv/path_reference,1789710670.358394,1789710670.3578458,world,s_curve,1,4.369248816019328,0.10002013613328793,0.0,-0.002887974475185216,-0.1330866321854584,-5.670355451456183,0.1387978702363765,-0.16000859415929314,0.012546800497360941,-0.03346172863031707,-0.060195543086159625,-0.30560262483989864,0.3702659816279179,0.7143648325381486,0.7690067267019005
/multi_agv/path_reference,1789710670.3684337,1789710670.3678756,world,s_curve,1,4.370251982577617,0.10002013613328793,0.0,-0.002066947398601021,-0.13251021436175073,-5.671788546539453,0.13976152372910403,-0.15908294591294897,0.01312057998804178,-0.03308846232741103,-0.05939403140242022,-0.30504814935542096,0.3688328865446482,0.7129317374548788,0.7675736316186307
/multi_agv/path_reference,1789710670.378325,1789710670.3778293,world,s_curve,1,4.371247787986355,0.10002170661511166,0.00015774394358457848,-0.001251128748324635,-0.13193919056954315,-5.673211125694793,0.1407186341323625,-0.1581629548608786,0.013690934483542125,-0.0327193012952577,-0.0585997139827578,-0.30449855643061396,0.36741030738930863,0.7115091582995395,0.7661510524632913
/multi_agv/path_reference,1789710670.3883297,1789710670.387829,world,s_curve,1,4.3722479824476,0.10002170661511166,0.0,-0.00043089749496562623,-0.1313668187693799,-5.674639974925143,0.14168049067647873,-0.15723777241214226,0.014264589250766554,-0.03234988409664295,-0.05780321378220617,-0.3039473584292906,0.36598145815895794,0.7100803090691886,0.7647222032329405
/multi_agv/path_reference,1789710670.3982599,1789710670.3978024,world,s_curve,1,4.373245531534749,0.10002170661511166,0.0,0.0003879781288684542,-0.13079712874659608,-5.676065045049642,0.1426403280263285,-0.1563139043044506,0.014837510664727382,-0.03198281324195583,-0.05701013773968312,-0.30339843525814936,0.3645563880344595,0.7086552389446903,0.7632971331084422
/multi_agv/path_reference,1789710670.408722,1789710670.4078631,world,s_curve,1,4.37425168438908,0.10002170661511166,0.0,0.0012147379736405098,-0.13022370783000453,-5.677502406270114,0.1436089727401582,-0.1553809240631626,0.015416165243925861,-0.03161396234175248,-0.05621155591388097,-0.3028456052343802,0.3631190268139872,0.707217877724218,0.7618597718879698
/multi_agv/path_reference,1789710670.418421,1789710670.4178364,world,s_curve,1,4.375249161833152,0.10002337883226732,0.00016768380181894052,0.0020351819902646607,-0.12965640482871424,-5.67892737404736,0.14456978785098817,-0.15445485616430915,0.0159906142841149,-0.03124966658316422,-0.05542118435770038,-0.30229836354527817,0.3616940590367411,0.705792909946972,0.7604348041107238
/multi_agv/path_reference,1789710670.4283862,1789710670.4278045,world,s_curve,1,4.376246409623547,0.10002337883226732,0.0,0.0028562443859840355,-0.12909040171377026,-5.680352013747924,0.1455308997014214,-0.15352787655617223,0.01656571001270278,-0.03088682372080137,-0.05463231473089743,-0.301752066689612,0.3602694193361775,0.7043682702464082,0.7590101644101601
/multi_agv/path_reference,1789710670.4384716,1789710670.4378548,world,s_curve,1,4.377251478041885,0.10002337883226732,0.0,0.003684560695259873,-0.1285211439159742,-5.681787825774122,0.146500070774665,-0.152592491269594,0.017146102580708547,-0.030522521064633462,-0.053838595558447194,-0.30120231512484197,0.35883360730997943,0.7029324582202101,0.757574352383962
/multi_agv/path_reference,1789710670.4485366,1789710670.4478738,world,s_curve,1,4.378253516852102,0.10002337883226732,0.0,0.004511193003000949,-0.127954786581567,-5.683219309788718,0.14746684017163478,-0.15165879200696275,0.01772553084433072,-0.030160702186870267,-0.05304860671643356,-0.30065505084139726,0.3574021232953836,0.7015009742056143,0.7561428683693662
/multi_agv/path_reference,1789710670.458426,1789710670.4578075,world,s_curve,1,4.379247387958968,0.10002502025323934,0.00016519563234707388,0.0053318874408399405,-0.12739421522346653,-5.684639125655669,0.14842624006505745,-0.15073158721242946,0.018301009469891744,-0.029803200027106957,-0.05226637831098552,-0.3001130673323072,0.35598230742843245,0.7000811583386632,0.7547230525024151
/multi_agv/path_reference,1789710670.4683795,1789710670.4678516,world,s_curve,1,4.3802520796725,0.10002502025323934,0.0,0.006162325076179321,-0.12682872552736543,-5.686074399532143,0.14939660009904376,-0.14979315984617758,0.01888353497567169,-0.029443190365954414,-0.051476972245623434,-0.2995660139705185,0.3545470335519582,0.698645884462189,0.7532877786259409
/multi_agv/path_reference,1789710670.4783142,1789710670.4778306,world,s_curve,1,4.381250250554912,0.10002502025323934,0.0,0.006988175810443544,-0.12626808704928674,-5.687500357935588,0.1503611728852745,-0.14885970212593014,0.019463056671986154,-0.029086896946569338,-0.050694024417129835,-0.2990233397841611,0.3531210751485134,0.697219926058744,0.7518618202224959
/multi_agv/path_reference,1789710670.488657,1789710670.4878464,world,s_curve,1,4.382251964423565,0.10002502025323934,0.0,0.007817760714547458,-0.12570664302980025,-5.68893137774795,0.15132967914948425,-0.14792180970381558,0.020045412697973622,-0.028730721961093525,-0.04990963645365806,-0.29847957067464925,0.35169005533615083,0.6957889062463816,0.7504308004101333
/multi_agv/path_reference,1789710670.4985423,1789710670.4978538,world,s_curve,1,4.383252968470274,0.10002695487794298,0.00019332051511025724,0.008647559508538594,-0.1251467833249876,-5.6903613835289635,0.1522980072890368,-0.14698346155199443,0.02062813278857331,-0.028376184213158462,-0.04912714583798082,-0.2979370199238236,0.35026004955513773,0.6943589004653685,0.7490007946291202
/multi_agv/path_reference,1789710670.508757,1789710670.5078452,world,s_curve,1,4.3842523954920125,0.10002695487794298,0.0,0.00947684888408687,-0.12458899005634046,-5.69178913641716,0.1532653147058825,-0.14604547633113613,0.02121070827751413,-0.02802358684890649,-0.04834722748719193,-0.297396155832923,0.3488322966669411,0.6929311475771717,0.7475730417409236
/multi_agv/path_reference,1789710670.5185978,1789710670.5178447,world,s_curve,1,4.385252549309605,0.10002695487794298,0.0,0.0103075377343386,-0.12403197702275111,-5.693217927585151,0.1542338285363869,-0.14510569521590969,0.0217944798825385,-0.027672116001866393,-0.047568083426153054,-0.29685573164023393,0.3474035054989506,0.6915023564091815,0.7461442505729332
/multi_agv/path_reference,1789710670.5284007,1789710670.5278382,world,s_curve,1,4.386252319423799,0.10002695487794298,0.0,0.011138702449558875,-0.12347636445597064,-5.694646170605427,0.15520247170773413,-0.14416516300348559,0.022378798644427975,-0.027322163366641047,-0.04679058105811601,-0.2963163489431549,0.345975262478674,0.6900741133889048,0.7447160075526567
/multi_agv/path_reference,1789710670.5383925,1789710670.5378563,world,s_curve,1,4.3872542748968435,0.10002839984829413,0.00014425598336678178,0.011972479250491446,-0.12292072892640005,-5.6960775355669195,0.15617373263670223,-0.14322146180294246,0.022965166917714476,-0.02697283409881239,-0.046012727650178525,-0.2957766250302093,0.3445438975171817,0.6886427484274124,0.7432846425911643
/multi_agv/path_reference,1789710670.5484636,1789710670.5478113,world,s_curve,1,4.388250192055502,0.10002839984829413,0.0,0.012802018640602677,-0.12236962529115493,-5.697500274365003,0.15713963482829396,-0.1422823453817962,0.02354876647531018,-0.026626988220439615,-0.04524090148628393,-0.2952409861667413,0.3431211587190978,0.6872200096293285,0.7418619037930804
/multi_agv/path_reference,1789710670.558427,1789710670.5578575,world,s_curve,1,4.389254964528344,0.10002839984829413,0.0,0.013639727581074393,-0.121814817867966,-5.69893566361192,0.15811462298087517,-0.14133376697515382,0.02413832673750175,-0.02627946001959333,-0.04446356716682537,-0.2947014264174794,0.3416857694721815,0.6857846203824122,0.740426514546164
/multi_agv/path_reference,1789710670.568477,1789710670.5679355,world,s_curve,1,4.390263188481121,0.10002839984829413,0.0,0.01448111363939231,-0.12125931371716829,-5.700375983544459,0.15909346061367516,-0.14038080965926875,0.024730689963770425,-0.025932144963503836,-0.04368493191338188,-0.2941608642746192,0.34024544953964186,0.6843443004498726,0.7389861946136244
/multi_agv/path_reference,1789710670.5783074,1789710670.5778453,world,s_curve,1,4.39125446780512,0.10002963958292806,0.00012510117542810305,0.015309138513720937,-0.12071432808523237,-5.701792096864457,0.16005633451520618,-0.13944277542805505,0.025313856454011616,-0.025592042317345104,-0.042920722105324466,-0.2936302198330276,0.3388293362196441,0.6829281871298748,0.7375700812936268
/multi_agv/path_reference,1789710670.5884283,1789710670.5879014,world,s_curve,1,4.392260398970577,0.10002963958292806,0.0,0.016150190054211807,-0.12016248604342215,-5.703229141386538,0.16103393150986822,-0.1384897712618891,0.02590640991465623,-0.025248306587397226,-0.0421465750754996,-0.29309257646736975,0.33739229169756285,0.6814911426077936,0.7361330367715454
/multi_agv/path_reference,1789710670.5982542,1789710670.5978,world,s_curve,1,4.393250566065013,0.10002963958292806,0.0,0.01697883525903921,-0.11962047328224205,-5.704643665807161,0.161996690147209,-0.13755061597467594,0.02649043160458448,-0.02491133030420785,-0.041385898435778806,-0.2925641911067396,0.3359777672769399,0.6800766181871706,0.7347185123509226
/multi_agv/path_reference,1789710670.6084301,1789710670.6078105,world,s_curve,1,4.394251881962929,0.10002963958292806,0.0,0.01781758927933437,-0.11907355002724693,-5.706074117089899,0.16297077256928194,-0.13659979314625298,0.027081788414974065,-0.02457194485148881,-0.04061800844585253,-0.2920306967843995,0.33454731599420245,0.6786461669044332,0.733288061068185
/multi_agv/path_reference,1789710670.618727,1789710670.6179492,world,s_curve,1,4.395266057333387,0.10003128351262773,0.0001621459193873437,0.018667911410866656,-0.11852082607045265,-5.707522939047696,0.16395785830912724,-0.13563564087555097,0.027681516799023614,-0.024229621123752487,-0.03984164361541698,-0.29149121347218854,0.33309849403640573,0.6771973449466364,0.7318392391103882
/multi_agv/path_reference,1789710670.6282995,1789710670.6278536,world,s_curve,1,4.396256671435358,0.10003128351262773,0.0,0.01949925161321695,-0.11798213357821358,-5.708938102050512,0.1649224904065996,-0.13469280233148173,0.028268066764532897,-0.023896631938254184,-0.03908466530251323,-0.2909651034938734,0.3316833310335894,0.6757821819438201,0.730424076107572
/multi_agv/path_reference,1789710670.6384654,1789710670.6378088,world,s_curve,1,4.397252631809308,0.10003128351262773,0.0,0.02033584604602757,-0.11744172017029998,-5.710360902584726,0.16589280250167224,-0.13374379650634285,0.028858532142753197,-0.023563221953884383,-0.03832494729037417,-0.29043699126664146,0.3302605304993754,0.6743593814096064,0.729001275573358
/multi_agv/path_reference,1789710670.648375,1789710670.647852,world,s_curve,1,4.3982571432574975,0.10003128351262773,0.0,0.021180401107582444,-0.11689787292913455,-5.711795918939282,0.16687192482662017,-0.1327855489748369,0.029454827470963937,-0.023228347914725223,-0.03756007477958945,-0.289905196093089,0.3288255141448188,0.6729243650550497,0.7275662592188014
/multi_agv/path_reference,1789710670.6583645,1789710670.6578014,world,s_curve,1,4.399252550454747,0.100031182616471,-1.0139329821551129e-05,0.02201807080634094,-0.1163601510730088,-5.713217929221067,0.1678426462057937,-0.13183490448113078,0.03004647069435981,-0.022897895538652513,-0.03680349204818159,-0.2893790656321924,0.32740350386303385,0.6715023547732646,0.7261442489370165
/multi_agv/path_reference,1789710670.6683614,1789710670.6678026,world,s_curve,1,4.400252960111408,0.100031182616471,0.0,0.022860719730848904,-0.11582092746628796,-5.71464708587344,0.1688187183665733,-0.13087839954538386,0.030641840371357164,-0.0225671734707846,-0.03604446975996789,-0.28885113916811145,0.32597434721066104,0.6700731981208918,0.7247150922846436
/multi_agv/path_reference,1789710670.67832,1789710670.6778452,world,s_curve,1,4.401257538367543,0.100031182616471,0.0,0.023707654399881668,-0.11528066922864136,-5.716082197667918,0.16979933224833604,-0.12991681846391773,0.031240449415226593,-0.022236477236752775,-0.03528366092633187,-0.28832186952283956,0.3245392354161835,0.6686380863264142,0.7232799804901661
/multi_agv/path_reference,1789710670.6883254,1789710670.6878211,world,s_curve,1,4.402255390026802,0.100031182616471,0.0,0.024549684861750243,-0.11474523252445537,-5.717507700038289,0.17077384894823436,-0.12896059602889592,0.03183580166591221,-0.021909389030635787,-0.03452931352532576,-0.28779699501740463,0.3231137330458122,0.667212583956043,0.7218544781197948
/multi_agv/path_reference,1789710670.6983457,1789710670.6978524,world,s_curve,1,4.403258894973261,0.1000315640103443,3.801817398615151e-05,0.025397254604720792,-0.11420797324476507,-5.718941278533229,0.1717543558583392,-0.1279978727657925,0.032435280721615584,-0.021581848891869482,-0.03377206771132804,-0.28727000313109774,0.32168015455087184,0.6657790054611025,0.7204208996248543
/multi_agv/path_reference,1789710670.708312,1789710670.7078323,world,s_curve,1,4.404257208181516,0.1000315640103443,0.0,0.026241202831124303,-0.11367469987972371,-5.7203674402593085,0.17273025503279324,-0.12703905397039494,0.033032407430974534,-0.021257398550066253,-0.0330201099616024,-0.28674659112750256,0.32025399282479267,0.6643528437350233,0.7189947378987753
/multi_agv/path_reference,1789710670.7183268,1789710670.717838,world,s_curve,1,4.405258094301629,0.1000315640103443,0.0,0.027088088693047213,-0.11314126085839141,-5.721797277573755,0.17370913281200326,-0.12607668851980608,0.03363182178694436,-0.020933509440914932,-0.03226758763071477,-0.28622268550354457,0.3188241555103466,0.6629230064205773,0.7175649005843291
/multi_agv/path_reference,1789710670.7283456,1789710670.7278013,world,s_curve,1,4.406254710074274,0.1000315640103443,0.0,0.027932118340850434,-0.11261130163174342,-5.72322101439182,0.17468429338371153,-0.12511736085020903,0.034229422489048714,-0.02061239337632198,-0.03151964411171573,-0.2857018674071926,0.3174004186922814,0.661499269602512,0.7161411637662639
/multi_agv/path_reference,1789710670.738366,1789710670.7378316,world,s_curve,1,4.407258085029376,0.10003139942794927,-1.6408030928550664e-05,0.02878263352855477,-0.11207896241525193,-5.724654407184823,0.1756665283387393,-0.12415045227600306,0.034831824522928004,-0.020290502109009498,-0.030768008255952106,-0.2851783768807942,0.3159670258992784,0.6600658768095091,0.714707770973261
/multi_agv/path_reference,1789710670.748356,1789710670.7478504,world,s_curve,1,4.40826028141453,0.10003139942794927,0.0,0.02963291054853048,-0.11154846603422934,-5.726086116306472,0.17664806914908446,-0.12318360492063277,0.035434267417139675,-0.019970394741730735,-0.030018639591000623,-0.28465636376995673,0.3145353167776297,0.6586341676878604,0.7132760618516122
/multi_agv/path_reference,1789710670.758426,1789710670.7578695,world,s_curve,1,4.409262481500846,0.10003139942794927,0.0,0.03048394935276,-0.11101918558533892,-5.727517830715494,0.17763007087647872,-0.12221568210690766,0.03603745928870884,-0.01965169180047585,-0.029270653169877925,-0.2841352117856631,0.31310360236860685,0.6572024532788375,0.7118443474425894
/multi_agv/path_reference,1789710670.7685626,1789710670.767899,world,s_curve,1,4.410265750622727,0.10003139942794927,0.0,0.03133665403405431,-0.11049056144290258,-5.728951072318182,0.17861357607377187,-0.12124565523175848,0.03664204126014944,-0.019334057371569624,-0.02852325760099339,-0.2836143693561448,0.3116703607659191,0.6557692116761499,0.7104111058399017
/multi_agv/path_reference,1789710670.7785928,1789710670.777934,world,s_curve,1,4.411269546845965,0.10003113385956282,-2.646464112806919e-05,0.03219056405342554,-0.10996288316652326,-5.730385066922807,0.17959805255763206,-0.1202740477006401,0.037247687303284545,-0.019017667058790502,-0.02777686146768424,-0.28309412097309516,0.3102363661612943,0.654335217071525,0.7089771112352768
/multi_agv/path_reference,1789710670.7885046,1789710670.7878685,world,s_curve,1,4.41226317180348,0.10003113385956282,0.0,0.033036566225958075,-0.1094417586959471,-5.731804531147828,0.18057299966343662,-0.11931123185086268,0.037847930865300194,-0.01870587379615428,-0.02703940180523523,-0.2825800004864519,0.3088169019362729,0.6529157528465037,0.7075576470102555
/multi_agv/path_reference,1789710670.7984304,1789710670.7978728,world,s_curve,1,4.413264040015398,0.10003113385956282,0.0,0.03388948228187833,-0.10891804960928224,-5.73323434287914,0.18155550009895033,-0.11834034025155019,0.03845328699823474,-0.018393206709401075,-0.026297948353952938,-0.2820629937644928,0.3073870902049615,0.6514859411151922,0.7061278352789441
/multi_agv/path_reference,1789710670.8083637,1789710670.8078566,world,s_curve,1,4.414262588705384,0.10003113385956282,0.0,0.03474116709335677,-0.10839677012758346,-5.734660841007691,0.182536168143081,-0.11737064317425004,0.03905797631123924,-0.018082664558674702,-0.025559597450628885,-0.2815480483734468,0.3059605920764103,0.6500594429866411,0.7047013371503928
/multi_agv/path_reference,1789710670.8184488,1789710670.8178492,world,s_curve,1,4.4152621757139245,0.10003034258543168,-7.918412478361453e-05,0.03559448137888872,-0.10787616591435674,-5.736088822448464,0.18351829856471713,-0.11639888389580359,0.039664029467752535,-0.017773200873390377,-0.024821864927147386,-0.2810334319425325,0.3045326106356375,0.6486314615458684,0.7032733557096201
/multi_agv/path_reference,1789710670.828388,1789710670.827878,world,s_curve,1,4.416265287291586,0.10003034258543168,0.0,0.03645155085089143,-0.10735495138625388,-5.7375218389879805,0.1845043351482456,-0.11542264021561532,0.04027295762004395,-0.017464056064196293,-0.02408292674475615,-0.28051787134980927,0.30309959409612064,0.6471984450063514,0.7018403391701034
/multi_agv/path_reference,1789710670.8382907,1789710670.8378005,world,s_curve,1,4.417258053031006,0.10003034258543168,0.0,0.03730051552511973,-0.10684032275413204,-5.738940075758579,0.18548063745649415,-0.11445542339415955,0.040876332513024485,-0.017159491667422103,-0.023352988369041122,-0.28000848822593294,0.3016813573255219,0.6457802082357524,0.7004221023995044
/multi_agv/path_reference,1789710670.8483102,1789710670.8478398,world,s_curve,1,4.418262304554451,0.10003034258543168,0.0,0.038160043694889276,-0.10632096519576323,-5.740374720792073,0.18646867324843758,-0.11347596440334815,0.041487422239578325,-0.01685281220293358,-0.022616000898349697,-0.2794940824860065,0.300246712292028,0.6443455632022587,0.6989874573660104
/multi_agv/path_reference,1789710670.8583527,1789710670.8578033,world,s_curve,1,4.419258929291485,0.10002965254897589,-6.925787044447571e-05,0.03901378012404336,-0.10580677184005452,-5.7417984704164065,0.1874496395683285,-0.11250289941513908,0.04209460021894057,-0.01654986381027558,-0.021886000743616768,-0.2789844509662712,0.29882296266769476,0.6429218135779255,0.6975637077416773
/multi_agv/path_reference,1789710670.8683987,1789710670.8678405,world,s_curve,1,4.420262966125742,0.10002965254897589,0.0,0.039874605163828875,-0.1052899836421479,-5.74323280875106,0.18843833647855138,-0.1115215477779598,0.04270702679089497,-0.01624607459808733,-0.021151972764622773,-0.27847190356373364,0.2973886243330414,0.6414874752432721,0.696129369407024
/multi_agv/path_reference,1789710670.8783643,1789710670.8778627,world,s_curve,1,4.42126528715137,0.10002965254897589,0.0,0.04073469763543239,-0.10477531073001442,-5.7446646959305285,0.1894257774382061,-0.11054082400463609,0.04331913947272707,-0.01594421939885282,-0.02042060397025397,-0.27796110882093655,0.2959567371535726,0.6400555880638035,0.6946974822275553
/multi_agv/path_reference,1789710670.8885424,1789710670.8879366,world,s_curve,1,4.422273132914738,0.10002965254897589,0.0,0.04160027323860784,-0.10425904356878939,-5.746104475592482,0.19041909608013072,-0.10955363945779925,0.043935363093491976,-0.015642126628154257,-0.01968662089705228,-0.2774483831811617,0.29451695749161955,0.6386158084018504,0.6932577025656022
/multi_agv/path_reference,1789710670.8983092,1789710670.8978655,world,s_curve,1,4.423266349436492,0.10002961175262058,-4.108714960920748e-06,0.04245401076941213,-0.10375148951097403,-5.747523356337846,0.19139842060322487,-0.10857975163193236,0.04454336333694377,-0.015345817864539396,-0.018964682666428756,-0.276943968001954,0.2930980767462556,0.6371969276564864,0.6918388218202381
/multi_agv/path_reference,1789710670.9084089,1789710670.9078393,world,s_curve,1,4.424264017876147,0.10002961175262058,0.0,0.04331229938784396,-0.1032428808261731,-5.748948596965924,0.19238255725781034,-0.10760046805433776,0.04515480896005917,-0.0150495805217752,-0.018240900714284025,-0.2764381612424601,0.29167283611817707,0.6357716870284078,0.6904135811921596
/multi_agv/path_reference,1789710670.9183903,1789710670.9178584,world,s_curve,1,4.425266212155585,0.10002961175262058,0.0,0.04417521039090968,-0.1027331968037253,-5.750380303079408,0.19337158232418453,-0.10661570456912278,0.04576975341766718,-0.01475341161446772,-0.017515241151666444,-0.27593093764504173,0.29024113000469365,0.6343399809149244,0.6889818750786764
/multi_agv/path_reference,1789710670.9284763,1789710670.9278662,world,s_curve,1,4.4262672990071925,0.10002961175262058,0.0,0.04503789560431468,-0.1022253100682622,-5.751810427153132,0.19435993693122328,-0.10563099294446945,0.0463847428261901,-0.014458984100012909,-0.016791791918334215,-0.27542515418643954,0.288811005930969,0.6329098568411996,0.6875517510049515
/multi_agv/path_reference,1789710670.9382899,1789710670.937801,world,s_curve,1,4.427261057131167,0.10002998851636714,3.7924392598955615e-05,0.04589498284174252,-0.10172236224781461,-5.7532300816159525,0.19534147150994552,-0.10465246784203666,0.04699594485731858,-0.014168110353662403,-0.016075032501843695,-0.27492394388793784,0.28739135146814865,0.6314902023783795,0.6861320965421311
/multi_agv/path_reference,1789710670.9484415,1789710670.9478664,world,s_curve,1,4.4282676671080665,0.10002998851636714,0.0,0.046763881347386,-0.10121415081812,-5.7546680958686665,0.1963361197152571,-0.10366025164057906,0.04761577596747983,-0.013874895556669944,-0.015350420321367159,-0.27441713657632294,0.28595333721543464,0.6300521881256654,0.6846940822894173
/multi_agv/path_reference,1789710670.9582584,1789710670.9578354,world,s_curve,1,4.429265138645305,0.10002998851636714,0.0,0.04762561160742138,-0.10071178615184449,-5.756093055207579,0.197322152966742,-0.10267601637854382,0.048230698234065845,-0.013585753847732293,-0.014633794628061025,-0.2739158099797402,0.28452837787652235,0.6286272287867529,0.683269122950505
/multi_agv/path_reference,1789710670.9684525,1789710670.9678373,world,s_curve,1,4.430265588975572,0.10002998851636714,0.0,0.048490633554756433,-0.1002091553495475,-5.7575222699651025,0.19831154379366298,-0.101687817030161,0.04884817390076721,-0.01329716046284904,-0.013916438507895562,-0.27341386707789794,0.2830991631189987,0.6271980140292295,0.6818399081929812
/multi_agv/path_reference,1789710670.9784276,1789710670.9778647,world,s_curve,1,4.431268429750187,0.10003077952160305,7.890073115944951e-05,0.04935844247877229,-0.09970656494163771,-5.758954899643124,0.19930371163006344,-0.10069622852610276,0.049467844332356084,-0.013009297054195929,-0.013198786623045328,-0.27291161114767193,0.2816665334409775,0.6257653843512082,0.6804072785149602
/multi_agv/path_reference,1789710670.9883392,1789710670.987854,world,s_curve,1,4.432267748240993,0.10003077952160305,0.0,0.05022391864834264,-0.09920697683563358,-5.760382497487133,0.2002928037934379,-0.09970710117230866,0.0500860533238986,-0.012723858764485133,-0.012485069017946132,-0.2724120027244695,0.2802389355969681,0.6243377865071987,0.6789796806709506
/multi_agv/path_reference,1789710670.9984992,1789710670.9978628,world,s_curve,1,4.4332690200328315,0.10003077952160305,0.0,0.05109180097480131,-0.09870765199466955,-5.761812885761188,0.20128423699446601,-0.09871501950790096,0.05070618543783879,-0.012439279096608483,-0.011771373394401513,-0.27191230349299866,0.2788085473229134,0.622907398233144,0.6775492923968958
/multi_agv/path_reference,1789710671.0085948,1789710671.007836,world,s_curve,1,4.4342667160243945,0.10003077952160305,0.0,0.051957293301856104,-0.09821134548240887,-5.763238165749135,0.2022725333132137,-0.09772546652419453,0.051324813116549024,-0.0121571264090366,-0.011061638593304252,-0.27141527144488586,0.27738326733496643,0.6214821182451973,0.676124012408949
/multi_agv/path_reference,1789710671.0187755,1789710671.0178335,world,s_curve,1,4.435266778257608,0.100031031017072,2.5155785529842747e-05,0.052825547394777815,-0.09771510045256378,-5.764666826082297,0.203263576211641,-0.09673255238785303,0.05194561836054535,-0.011875718548354855,-0.010351636754009297,-0.27091794605532726,0.27595460700180435,0.620053457912035,0.674695352075787
/multi_agv/path_reference,1789710671.0287223,1789710671.0278342,world,s_curve,1,4.436267160790183,0.100031031017072,0.0,0.05369478799906767,-0.09721993804259219,-5.766095943985976,0.20425533774606014,-0.09573830640890449,0.05256733266004726,-0.011595637403793421,-0.009642827473345356,-0.2704213492506379,0.27452548909812563,0.6186243400083564,0.6732662341721083
/multi_agv/path_reference,1789710671.0386755,1789710671.037828,world,s_curve,1,4.43726664514413,0.100031031017072,0.0,0.05456395395174617,-0.096726461244783,-5.767523778777329,0.20524660753784665,-0.09474394252780793,0.05318919684519969,-0.011317223405710633,-0.008936074249105835,-0.2699260860795326,0.2730976543067727,0.6171965052170034,0.6718383993807553
/multi_agv/path_reference,1789710671.0483198,1789710671.0478315,world,s_curve,1,4.438267497622489,0.100031031017072,0.0,0.055435014841744526,-0.09623355310139013,-5.768953568032127,0.20623963157671482,-0.09374720731373605,0.05381262026225471,-0.011039846928817112,-0.008229777087216505,-0.26943103528813683,0.2716678650519743,0.615766715962205,0.670408610125957
/multi_agv/path_reference,1789710671.0582812,1789710671.0578346,world,s_curve,1,4.4392681338645446,0.10003118409257335,1.5302587505274475e-05,0.05630659116708973,-0.0957419969738995,-5.770383048377921,0.2072328365110329,-0.09274967894256728,0.05443661593280346,-0.010763950006580578,-0.007525057891901332,-0.2689369830232166,0.2702383847061802,0.6143372356164108,0.6689791297801628
/multi_agv/path_reference,1789710671.0685973,1789710671.0678551,world,s_curve,1,4.4402702987831555,0.10003118409257335,0.0,0.05718020242498598,-0.09525093921625956,-5.771814712547365,0.20822795307851055,-0.0917496179395115,0.055062272135958774,-0.010489054960949054,-0.006820692093465003,-0.2684430705943647,0.26880672053673615,0.6129055714469668,0.6675474656107186
/multi_agv/path_reference,1789710671.0783553,1789710671.0778527,world,s_curve,1,4.441270404059686,0.10003118409257335,0.0,0.05805271816747435,-0.09476213795640354,-5.773243434370981,0.20922141577085984,-0.09075060801489579,0.0556873467464589,-0.01021614535535717,-0.006119201875387115,-0.2679510666384664,0.26737799871312035,0.611476849623351,0.6661187437871029
/multi_agv/path_reference,1789710671.0883603,1789710671.0878503,world,s_curve,1,4.442270488529731,0.10003118409257335,0.0,0.058925913205791235,-0.0942745939064742,-5.774672126471044,0.21021524667999825,-0.08975061769140091,0.0563131106287763,-0.009944661041979524,-0.00541915422844283,-0.2674599664490003,0.26594930661305716,0.6100481575232879,0.6646900516870397
/multi_agv/path_reference,1789710671.098425,1789710671.0978496,world,s_curve,1,4.4432707702146095,0.10003123944689009,5.535601617111478e-06,0.059799976305202805,-0.0937882021143093,-5.776101100306585,0.2112096605421867,-0.08874943074055483,0.05693969911397646,-0.009674543774793334,-0.004720398355858968,-0.26696966421227564,0.26452033277751624,0.6086191836877468,0.6632610778514988
/multi_agv/path_reference,1789710671.1083949,1789710671.107848,world,s_curve,1,4.444270852637259,0.10003123944689009,0.0,0.06067455922267669,-0.09330315634248962,-5.7775297894817985,0.21220426116681512,-0.08774744605329046,0.057566862554505334,-0.00940590115067437,-0.00402321262688915,-0.2664803552499054,0.26309164360230275,0.6071904945125334,0.6618323886762854
/multi_agv/path_reference,1789710671.118552,1789710671.1178565,world,s_curve,1,4.445272009895576,0.10003123944689009,0.0,0.06155077531931392,-0.0928188413259718,-5.778960014136537,0.21320031416518342,-0.08674338782177154,0.058195399614529776,-0.009138393383605309,-0.003326712184437003,-0.26599141840987317,0.2616614189475643,0.6057602698577951,0.660402164021547
/multi_agv/path_reference,1789710671.128411,1789710671.1278324,world,s_curve,1,4.446270086691874,0.10003123944689009,0.0,0.06242498391856055,-0.09233726428564139,-5.780385838131249,0.21419368216480408,-0.08574142850162343,0.05882269809250089,-0.00887312688136059,-0.002633784807240108,-0.2655048811683235,0.2602355949528525,0.6043344458630832,0.658976340026835
/multi_agv/path_reference,1789710671.1383483,1789710671.1378453,world,s_curve,1,4.447271541802693,0.10003115546496177,-8.388602980510735e-06,0.06330284086721805,-0.0918553106117124,-5.781816488289562,0.21519079173710476,-0.08473508566911911,0.05945281653366841,-0.0086083864610456,-0.0019399487049611974,-0.2650175966691305,0.2588049447945395,0.6029037957047703,0.6575456898685221
/multi_agv/path_reference,1789710671.1483607,1789710671.1478245,world,s_curve,1,4.448269737998499,0.10003115546496177,0.0,0.06417852629931295,-0.09137617545470426,-5.783242482854998,0.21618503236134776,-0.08373103094843798,0.06008157748502896,-0.008345927262779898,-0.0012498037604310452,-0.2645327953409019,0.25737895022910307,0.6014778011393338,0.6561196953030856
/multi_agv/path_reference,1789710671.1588786,1789710671.1578217,world,s_curve,1,4.449269798675011,0.10003115546496177,0.0,0.06505653168307496,-0.09089739812553976,-5.784671140964301,0.2171815044146774,-0.08272411489028395,0.060712205524831336,-0.008084399922303545,-0.0005598062915751767,-0.26404798816274067,0.2559502921198002,0.6000491430300309,0.6546910371937829
/multi_agv/path_reference,1789710671.1686227,1789710671.1678777,world,s_curve,1,4.450275589536232,0.10003115546496177,0.0,0.06594025698793528,-0.09041714333286936,-5.78610798505176,0.2181840620128599,-0.08171043604729175,0.061347144998237596,-0.007822810406616296,0.00013269292439380131,-0.2635613125163856,0.25451344803234166,0.5986122989425724,0.6532541931063243
/multi_agv/path_reference,1789710671.1786163,1789710671.1779053,world,s_curve,1,4.451278906931559,0.10003098636905082,-1.685890311729179e-05,0.06682249555739195,-0.08993933507909586,-5.787541295616512,0.21918452748852985,-0.08069825982010073,0.06198121900374662,-0.007563299572312096,0.0008220373920934942,-0.2630767430570691,0.25308013746758945,0.5971789883778202,0.651820882541572
/multi_agv/path_reference,1789710671.1883526,1789710671.1878548,world,s_curve,1,4.452274076102829,0.10003098636905082,0.0,0.06769824473613457,-0.08946665666195372,-5.7889629658611845,0.22017723421342522,-0.07969332886172763,0.06261082885670603,-0.007307312896413107,0.001504349885989742,-0.26259700697543786,0.25165846722291674,0.5957573181331474,0.6503992122968992
/multi_agv/path_reference,1789710671.1983547,1789710671.1978602,world,s_curve,1,4.453274929734961,0.10003098636905082,0.0,0.06857967319293753,-0.08899253463608453,-5.790392756764231,0.2211759774559931,-0.07868168027521773,0.06324472239803715,-0.007051287847565618,0.002189117985081729,-0.26211543404576976,0.25022867631987067,0.5943275272301014,0.6489694213938533
/multi_agv/path_reference,1789710671.2084274,1789710671.207858,world,s_curve,1,4.4542749718157015,0.10003098636905082,0.0,0.06946106309377015,-0.08852005624148247,-5.791821388308145,0.22217427544332133,-0.07766987515422721,0.06387878899221622,-0.006796896893101451,0.0028718854725658105,-0.26163515730391185,0.24880004477595585,0.5928988956861866,0.6475407898499385
/multi_agv/path_reference,1789710671.2183638,1789710671.2178435,world,s_curve,1,4.45527391144906,0.10003038477466629,-6.0241595941600865e-05,0.07034215431691176,-0.08804935625659759,-5.793248444927229,0.22317183470287577,-0.07665821268463821,0.06451284093249762,-0.006544210448961141,0.0035524565060853774,-0.26115631482691704,0.24737298815687267,0.5914718390671034,0.6461137332308551
/multi_agv/path_reference,1789710671.2283208,1789710671.22785,world,s_curve,1,4.456274828383036,0.10003038477466629,0.0,0.07122566241153651,-0.0875789862083968,-5.794678326261479,0.22417172920967599,-0.07564357463683734,0.06514883266177081,-0.0062924519546899566,0.004232925920850228,-0.2606774325913507,0.2459431068226219,0.5900419577328526,0.6446838518966045
/multi_agv/path_reference,1789710671.238573,1789710671.2378738,world,s_curve,1,4.457277620586634,0.10003038477466629,0.0,0.07211149938527894,-0.08710900228860573,-5.796110886552334,0.22517385706459286,-0.07462606090391102,0.0657867019951549,-0.006041655831170931,0.004913214596102861,-0.26019856563074917,0.2445105465317669,0.5886093974419977,0.6432512916057495
/multi_agv/path_reference,1789710671.2483892,1789710671.2478514,world,s_curve,1,4.458275700458836,0.10003038477466629,0.0,0.07299384120402896,-0.08664248736423788,-5.797536714941194,0.22617163138133228,-0.07361236208265703,0.06642225431341153,-0.005793463892101711,0.0055888584888011406,-0.25972285668941314,0.24308471814290697,0.5871835690531376,0.6418254632168896
/multi_agv/path_reference,1789710671.2582884,1789710671.2578244,world,s_curve,1,4.459273141197456,0.10002993942287626,-4.466281639964269e-05,0.07387628162814296,-0.08617752849076762,-5.79896163028208,0.2271691192754829,-0.07259835100999965,0.0670580766189455,-0.005546852405134667,0.006262625087215867,-0.25924835815438413,0.24165980280202115,0.5857586537122518,0.6404005478760036
/multi_agv/path_reference,1789710671.2683094,1789710671.2678761,world,s_curve,1,4.460278636846948,0.10002993942287626,0.0,0.07476651803864234,-0.08571008816520584,-5.8003980526384975,0.22817501720666328,-0.07157518043073076,0.0676997173399944,-0.0052996884459200755,0.0069403694111013214,-0.2587709454607988,0.24022338044560373,0.5843222313558344,0.6389641255195863
/multi_agv/path_reference,1789710671.278456,1789710671.2778766,world,s_curve,1,4.461278937741626,0.10002993942287626,0.0,0.07565282043591386,-0.0852463320146159,-5.801827053916608,0.2291760694953236,-0.07055633103810945,0.06833872285052729,-0.005055235262903912,0.007613153366502368,-0.2582969141474462,0.23879437916749285,0.5828932300777236,0.6375351242414754
/multi_agv/path_reference,1789710671.2884014,1789710671.2878597,world,s_curve,1,4.462277541128231,0.10002993942287626,0.0,0.07653827888223597,-0.08478462659827578,-5.803253630183187,0.23017577039918125,-0.06953825272220078,0.06897731896972732,-0.004812623994986193,0.008283342727470236,-0.25782459852731143,0.237367802900914,0.5814666538111448,0.6361085479748966
/multi_agv/path_reference,1789710671.298298,1789710671.2978225,world,s_curve,1,4.463274090882908,0.10002977703922229,-1.629943776011352e-05,0.07742257208356336,-0.08432513037731111,-5.804677272689868,0.23117375941132062,-0.06852131601762329,0.06961527285699265,-0.004571933605614947,0.008950705324698632,-0.2573541628510171,0.23594416039423335,0.580043011304464,0.634684905468216
/multi_agv/path_reference,1789710671.3085296,1789710671.3078365,world,s_curve,1,4.464275973124968,0.10002977703922229,0.0,0.07831225567041736,-0.08386444505295806,-5.806108533035668,0.2321774330670911,-0.06749798098803493,0.0702573149321958,-0.00433138787111631,0.009620178739439711,-0.2568821260271976,0.23451290004843314,0.5786117509586639,0.6332536451224157
/multi_agv/path_reference,1789710671.3183622,1789710671.3178718,world,s_curve,1,4.465279698315641,0.10002977703922229,0.0,0.07920423609827279,-0.08340418969007939,-5.807542426165201,0.23318329718294703,-0.06647180374983425,0.07090121486170547,-0.004091840415315476,0.010289414222742405,-0.25641014287766517,0.23307900691890054,0.5771778578291313,0.6318197519928832
/multi_agv/path_reference,1789710671.3283195,1789710671.3278632,world,s_curve,1,4.466279089416134,0.10002977703922229,0.0,0.08009301968600312,-0.08294719282670954,-5.808970127737334,0.23418515816777824,-0.06544910523391664,0.07154300612414766,-0.003854760457275938,0.01095429743726059,-0.25594111546011333,0.23165130534676723,0.575750156256998,0.6303920504207499
/multi_agv/path_reference,1789710671.3383482,1789710671.337836,world,s_curve,1,4.46727660828902,0.1000299204525068,1.4381301278086405e-05,0.08098078795664244,-0.08249231786810891,-5.8103951546986,0.23518547879126167,-0.06442737707693137,0.07218426215559694,-0.0036195511827726706,0.0116164784347286,-0.25547388085628275,0.23022627838550083,0.5743251292957315,0.6289670234594835
/multi_agv/path_reference,1789710671.3483462,1789710671.347837,world,s_curve,1,4.468277231590488,0.1000299204525068,0.0,0.08187196945688137,-0.08203729880088444,-5.811824616557839,0.23618924831689847,-0.063401522126896,0.07282818218064151,-0.003385042347304537,0.01227925670798774,-0.25500611076333657,0.22879681652626216,0.572895667436493,0.6275375616002447
/multi_agv/path_reference,1789710671.358294,1789710671.3578339,world,s_curve,1,4.469277210499207,0.1000299204525068,0.0,0.08276322593202518,-0.0815838458923431,-5.8132531578560105,0.2371927052904232,-0.062375382370954316,0.07347235487660654,-0.0031521182236622924,0.012940142490893758,-0.2545395619442608,0.22736827522809075,0.5714671261383215,0.6261090203020734
/multi_agv/path_reference,1789710671.3683717,1789710671.367839,world,s_curve,1,4.470278044663747,0.1000299204525068,0.0,0.08365589237938986,-0.08113128046625101,-5.81468292094821,0.23819735264497857,-0.0613474207119378,0.0741177452051287,-0.0029204304582153423,0.013600125057674398,-0.25407353599821214,0.22593851213589164,0.5700373630461224,0.6246792572098743
/multi_agv/path_reference,1789710671.3783886,1789710671.377849,world,s_curve,1,4.471279209086929,0.10003014631102698,2.2566383998333684e-05,0.08454949986189948,-0.08067984310029397,-5.81611315583847,0.23920266191302758,-0.06031817680691448,0.07476401447958522,-0.00269010359830886,0.014258854260581905,-0.25360827996315505,0.22450827724563144,0.568607128155862,0.6232490223196139
/multi_agv/path_reference,1789710671.388542,1789710671.387849,world,s_curve,1,4.47227949054401,0.10003014631102698,0.0,0.08544296312434442,-0.08023008069799017,-5.817542129348586,0.24020741251118605,-0.05928890079966771,0.07541037766151483,-0.0024614160187780704,0.014915531734119594,-0.2531443578093121,0.2230793037355156,0.5671781546457462,0.6218200488094981
/multi_agv/path_reference,1789710671.3985043,1789710671.3978927,world,s_curve,1,4.473284295464338,0.10003014631102698,0.0,0.08634111296576474,-0.07977957030574069,-5.818977564949054,0.24121703478001186,-0.058254026497641345,0.07606033061492361,-0.0022331400707698013,0.015573697302444345,-0.2526792681488967,0.22164386813504716,0.5657427190452778,0.6203846132090297
/multi_agv/path_reference,1789710671.4087865,1789710671.407872,world,s_curve,1,4.474282304236494,0.10003014631102698,0.0,0.08723382722039923,-0.0793333835771935,-5.820403291766421,0.24222015161448662,-0.05722521761928592,0.07670654766599685,-0.00200784283669371,0.016225940217012166,-0.25221824811189897,0.22021814131768067,0.5643169922279115,0.6189588863916632
/multi_agv/path_reference,1789710671.4186642,1789710671.4178267,world,s_curve,1,4.475278148696596,0.1000302106378093,6.461472491613577e-06,0.0881252386607145,-0.07888943350993652,-5.821825926709423,0.2432214121963156,-0.056197714007071464,0.07735201779289927,-0.0017844599050211019,0.016875305999196066,-0.2517591466239846,0.21879550637467868,0.5628943572849093,0.6175362514486612
/multi_agv/path_reference,1789710671.4286869,1789710671.4278116,world,s_curve,1,4.476277065284527,0.1000302106378093,0.0,0.08902003367297762,-0.07844538839611699,-5.8232529504064665,0.24422607987709263,-0.05516611353920699,0.07800013468104709,-0.001561819139180784,0.017525205809119843,-0.2512995518582901,0.21736848267763473,0.5614673335878655,0.6161092277516171
/multi_agv/path_reference,1789710671.4385815,1789710671.4378092,world,s_curve,1,4.477277154926737,0.1000302106378093,0.0,0.08991651334177522,-0.07800210144331092,-5.824681649895338,0.24523224462273707,-0.05413237362309141,0.07864966902567992,-0.0013403533764944353,0.018174393419951182,-0.25084034437338953,0.21593978318876283,0.5600386340989935,0.6146805282627454
/multi_agv/path_reference,1789710671.448559,1789710671.4478116,world,s_curve,1,4.478277683101392,0.1000302106378093,0.0,0.09081401893821449,-0.07755990221338839,-5.826110975859131,0.24623916615593505,-0.053097253368297084,0.0793001440270054,-0.001120229187204641,0.018822387151001985,-0.25038186460396256,0.21451045722497006,0.5586093081352008,0.6132512022989527
/multi_agv/path_reference,1789710671.458571,1789710671.4578102,world,s_curve,1,4.479277860059208,0.10003048968119878,2.7907908369317718e-05,0.09171184027692805,-0.07711914080717107,-5.827539800084582,0.2472460476608946,-0.05206157182630454,0.079951044996194,-0.0009016209482746312,0.019468674015372944,-0.24992447548861157,0.2130816329995189,0.5571804839097496,0.6118223780735014
/multi_agv/path_reference,1789710671.4685607,1789710671.4678113,world,s_curve,1,4.480278279991083,0.10003048968119878,0.0,0.09261050880859074,-0.07667955607516536,-5.828968971415833,0.248253485208128,-0.051024715974962734,0.08060275719260689,-0.0006843990091188051,0.02011363687443246,-0.24946790609080977,0.2116524616682684,0.5557513125784993,0.610393206742251
/multi_agv/path_reference,1789710671.4784632,1789710671.4778085,world,s_curve,1,4.481278292098652,0.10003048968119878,0.0,0.09350943793307166,-0.0762414345497645,-5.830397560140931,0.2492608212970449,-0.049987362663322044,0.081254855165492,-0.0004687047572552172,0.020756855221750706,-0.24901245411378903,0.21022387294317063,0.5543227238534013,0.6089646180171532
/multi_agv/path_reference,1789710671.488848,1789710671.4879591,world,s_curve,1,4.482293674791234,0.10003048968119878,0.0,0.09442282342210333,-0.07579789337178047,-5.831848106844619,0.250283954773859,-0.04893312570938041,0.08191764120183129,-0.00025116787192341894,0.021408443091494644,-0.24855095533491267,0.20877332623948194,0.5528721771497126,0.6075140713134645
/multi_agv/path_reference,1789710671.4985075,1789710671.497809,world,s_curve,1,4.483278961906876,0.10003100724030937,5.2545048359435325e-05,0.09530975062522325,-0.07536876556683976,-5.833255659866966,0.25127706356723173,-0.04790923346998471,0.08256142177842266,-4.149763782490545e-05,0.022039255636429597,-0.248104054699124,0.20736577321713548,0.5514646241273663,0.6061065182911181
/multi_agv/path_reference,1789710671.5085611,1789710671.5078304,world,s_curve,1,4.484281200477068,0.10003100724030937,0.0,0.09621255584670567,-0.07493353607726363,-5.834687429252954,0.25228756016438864,-0.04686681567661853,0.08321692305234683,0.00017034549509746533,0.022679441771435188,-0.2476503954983236,0.2059340038311474,0.5500328547413782,0.60467474890513
/multi_agv/path_reference,1789710671.518778,1789710671.517869,world,s_curve,1,4.4852853691455445,0.10003100724030937,0.0,0.09711772369721197,-0.07449876521725675,-5.836121955922207,0.2533003059082684,-0.045821472235033286,0.08387433741840071,0.00038114539891982713,0.023319363298081375,-0.2471968043487715,0.20449947716189465,0.5485983280721254,0.6032402222358771
/multi_agv/path_reference,1789710671.5287523,1789710671.5278146,world,s_curve,1,4.486280412985541,0.10003100724030937,0.0,0.09801528061764928,-0.07406922633905726,-5.837543447122201,0.25430414613271274,-0.044784723338432725,0.0845264190586677,0.0005885965331266924,0.023951990089545433,-0.24674826563984395,0.20307798596190044,0.5471768368721313,0.6018187310358829
/multi_agv/path_reference,1789710671.5387053,1789710671.5378919,world,s_curve,1,4.487288504377867,0.1000325465606811,0.00015274620726690366,0.09892522852077412,-0.07363535667002721,-5.838983577682667,0.2553214489413166,-0.04373346405288274,0.08518770067388844,0.0007973124892142053,0.02459140869041243,-0.24629479118970832,0.20163785540143445,0.5457367063116653,0.600378600475417
/multi_agv/path_reference,1789710671.5486028,1789710671.5478144,world,s_curve,1,4.4882810422096915,0.1000325465606811,0.0,0.09982174661179345,-0.07320946173984873,-5.840401488870988,0.2563233486962541,-0.04269752577329562,0.08583941691242179,0.0010013767205617197,0.0252194821680526,-0.24584924410816056,0.20021994421311315,0.5443187951233438,0.5989606892870957
/multi_agv/path_reference,1789710671.5585957,1789710671.5578127,world,s_curve,1,4.489281222628105,0.1000325465606811,0.0,0.1007257778949686,-0.07278157374665316,-5.8418303180401505,0.2573332548008959,-0.041652710911543725,0.08649678979555352,0.00120557498310557,0.02585090531158532,-0.24540120153465042,0.19879111504395072,0.5428899659541815,0.5975318601179332
/multi_agv/path_reference,1789710671.5684338,1789710671.5678184,world,s_curve,1,4.4902820824675755,0.1000325465606811,0.0,0.10163103436381739,-0.07235468855167078,-5.843260117810822,0.25834413796353783,-0.040606284260709766,0.08715524938862403,0.0014084672928515035,0.026481262349328516,-0.2449537952971924,0.1973613152732789,0.5414601661835096,0.5961020603472615
/multi_agv/path_reference,1789710671.5784168,1789710671.5778406,world,s_curve,1,4.491284700544063,0.10003284247561821,2.95239164186658e-05,0.10253849216087327,-0.07192835162099198,-5.844692429348662,0.2593570867939339,-0.039557116738161674,0.08781550642684752,0.0016102666507148283,0.027111225981159087,-0.24450654749484993,0.1959290037354395,0.5400278546456702,0.594669748809422
/multi_agv/path_reference,1789710671.5884693,1789710671.587883,world,s_curve,1,4.492289092903078,0.10003284247561821,0.0,0.10344816716475791,-0.071502563855144,-5.846127275575825,0.2603721169428353,-0.0385051889467395,0.08847757349817782,0.0018109682248713121,0.02774079707485677,-0.24405945686516012,0.19449415750827592,0.5385930084185065,0.5932349025822585
/multi_agv/path_reference,1789710671.5982497,1789710671.5978348,world,s_curve,1,4.493284795609132,0.10003284247561821,0.0,0.10435057410807297,-0.07108174867380251,-5.847549708013046,0.26137864864391336,-0.03746147146717807,0.08913454514748356,0.002008495597006707,0.028363430846186935,-0.24361717246460124,0.1930717250710549,0.5371705759812856,0.5918124701450375
/multi_agv/path_reference,1789710671.6083765,1789710671.6078262,world,s_curve,1,4.494284055383033,0.10003284247561821,0.0,0.10525680569255844,-0.07066072107623038,-5.848977221975761,0.26238905754162434,-0.03641313605662405,0.08979449559267488,0.002205289030277488,0.028986795725661096,-0.24317424798462978,0.1916442111083403,0.535743062018571,0.5903849561823228
/multi_agv/path_reference,1789710671.6183925,1789710671.6178997,world,s_curve,1,4.495291925778143,0.10003283197110974,-1.0425901345613003e-06,0.10617145412237478,-0.0702373762945256,-5.8504170368259185,0.2634084566258157,-0.035354866856305664,0.09046077259761422,0.002402317012459923,0.02961401563487881,-0.2427284615309156,0.19020439625818272,0.5343032471684134,0.5889451413321654
/multi_agv/path_reference,1789710671.6283512,1789710671.627854,world,s_curve,1,4.496287553355014,0.10003283197110974,0.0,0.10707558971556785,-0.06982046751502428,-5.851839361935734,0.26441575039804666,-0.03430856701453991,0.09111958576319673,0.002595510255159472,0.030232119786435974,-0.24228903258666834,0.18878207114836743,0.532880922058598,0.5875228162223499
/multi_agv/path_reference,1789710671.6383338,1789710671.6378393,world,s_curve,1,4.497286554239045,0.10003283197110974,0.0,0.10798338369016382,-0.0694034391069953,-5.853266506055778,0.2654267321439335,-0.03325783964536903,0.09178125857192691,0.00278791790798856,0.030850821803362696,-0.24184905703233722,0.18735492702832296,0.5314537779385538,0.5860956721023055
/multi_agv/path_reference,1789710671.6484306,1789710671.6478593,world,s_curve,1,4.498288757574159,0.10003283197110974,0.0,0.10889468482100019,-0.06898637604366198,-5.854698225105941,0.266441229615364,-0.03220285786888661,0.09244568271652306,0.0029794924174182807,0.031469999796179954,-0.24140862034458424,0.18592320797816028,0.5300220588883909,0.5846639530521429
/multi_agv/path_reference,1789710671.6583025,1789710671.6578045,world,s_curve,1,4.499283705633516,0.10003205811346233,-7.780363249007828e-05,0.1097999784971714,-0.06857362329614182,-5.856119579476451,0.26744865311721977,-0.031154637605938743,0.09310591998023306,0.0031682430758874502,0.032083200611752516,-0.24097231357606547,0.18450185360764987,0.5286007045178807,0.5832425986816324
/multi_agv/path_reference,1789710671.6685178,1789710671.6678264,world,s_curve,1,4.500286076371681,0.10003205811346233,0.0,0.11071261829853862,-0.0681590928214074,-5.857551537673831,0.26846386260751187,-0.030097716975716088,0.09377170926381997,0.003356953762353232,0.032699468936888465,-0.24053370116346395,0.18306989541027047,0.5271687463205013,0.581810640484253
/multi_agv/path_reference,1789710671.6787572,1789710671.6778338,world,s_curve,1,4.5012870773708755,0.10003205811346233,0.0,0.11162460242054738,-0.06774643341298005,-5.858981539101251,0.2694779534503099,-0.029041361043790626,0.09443721485512277,0.003543955621409231,0.03331338413410212,-0.24009663999445152,0.18163989398285046,0.5257387448930813,0.580380639056833
/multi_agv/path_reference,1789710671.6887455,1789710671.6878526,world,s_curve,1,4.502289450109682,0.10003205811346233,0.0,0.11253842667015011,-0.06733451573524916,-5.860413500156689,0.27049370088564484,-0.027982678902015952,0.09510425802682132,0.0037297604343415197,0.03392662631231105,-0.23965993395240012,0.18020793292741238,0.5243067838376432,0.578948678001395
/multi_agv/path_reference,1789710671.6986187,1789710671.6978426,world,s_curve,1,4.503288738423425,0.10003191426193425,-1.4399991999583166e-05,0.11345002518293887,-0.06692516855679893,-5.861841054890607,0.2715065865583469,-0.026926381430798188,0.09576987042126779,0.003913545478549468,0.03453647181144451,-0.23922552296039082,0.17878037819349443,0.5228792291037252,0.5775211232674768
/multi_agv/path_reference,1789710671.7085295,1789710671.7078097,world,s_curve,1,4.504285806128703,0.10003191426193425,0.0,0.11436017945443826,-0.06651802848325257,-5.863265437326718,0.2725174818780845,-0.0258715646273001,0.09643462111253027,0.004095480777194849,0.03514345857941953,-0.23879302480637216,0.1773559957573831,0.5214548466676138,0.5760967408313656
/multi_agv/path_reference,1789710671.7185328,1789710671.7178373,world,s_curve,1,4.5052889081591765,0.10003191426193425,0.0,0.11527642628053955,-0.06610973292659068,-5.864698440227395,0.27353475564538093,-0.024809492662480004,0.09710401585871761,0.004277064035974484,0.03575260218256418,-0.23835886499831074,0.17592299285670648,0.5200218437669372,0.5746637379306889
/multi_agv/path_reference,1789710671.7284963,1789710671.7278752,world,s_curve,1,4.50629300930841,0.10003191426193425,0.0,0.11619417072058073,-0.06570234602875585,-5.866132870440586,0.27455330218361795,-0.023745489741808484,0.09777469971993263,0.004457368068954692,0.036360827690618686,-0.237925233845841,0.17448856264351548,0.5185874135537463,0.573229307717498
/multi_agv/path_reference,1789710671.7383997,1789710671.7378712,world,s_curve,1,4.507292782614903,0.10003182798917844,-8.631978283198525e-06,0.11710853921879943,-0.0652980234585291,-5.86756111802129,0.2755677145720235,-0.022685207081392426,0.09844311016576715,0.004635443110604862,0.036964914575528945,-0.23749442806172114,0.17306031506281136,0.5171591659730421,0.571801060136794
/multi_agv/path_reference,1789710671.748448,1789710671.7478704,world,s_curve,1,4.508293001063031,0.10003182798917844,0.0,0.11802389175383315,-0.06489482808746012,-5.868990001518615,0.2765828320856857,-0.021623590062552676,0.09911243323836638,0.004812147466210406,0.03756775446022989,-0.23706438618882072,0.1716314315654865,0.5157302824757172,0.5703721766394692
/multi_agv/path_reference,1789710671.7583103,1789710671.7578256,world,s_curve,1,4.509288886032338,0.10003182798917844,0.0,0.11893584998149502,-0.06449467949926962,-5.870412694331911,0.27759380142708123,-0.020565717777186826,0.09977946629459053,0.004986644920246086,0.038166474755248175,-0.2366371581733032,0.17020873875219023,0.514307589662421,0.5689494838261727
/multi_agv/path_reference,1789710671.7684097,1789710671.7678263,world,s_curve,1,4.510289228019773,0.10003182798917844,0.0,0.11985246177010317,-0.06409404656598697,-5.871841754313961,0.2786095441555281,-0.01950225464536382,0.10045009580014513,0.005160475253655955,0.03876635890066857,-0.23620897385228548,0.16877967877013983,0.5128785296803706,0.5675204238441225
/multi_agv/path_reference,1789710671.7784054,1789710671.777873,world,s_curve,1,4.511294328007567,0.10003155784137636,-2.6886186266983184e-05,0.12077400894059709,-0.06369282764653061,-5.873277611439382,0.2796303672369015,-0.018432871026719075,0.10112453061160871,0.00533367037297014,0.03936756518100151,-0.23577971849356352,0.1673438216447196,0.5114426725549504,0.5660845667187021
/multi_agv/path_reference,1789710671.7885995,1789710671.787874,world,s_curve,1,4.5122947785285525,0.10003155784137636,0.0,0.12169186434683743,-0.06329477925137408,-5.87470682646936,0.28064671407360475,-0.017367578032367374,0.10179645699927484,0.005504608451866538,0.039964464815124,-0.23535341102111285,0.165914606614741,0.5100134575249717,0.5646553516887236
/multi_agv/path_reference,1789710671.798627,1789710671.7978897,world,s_curve,1,4.513296439931546,0.10003155784137636,0.0,0.12261139964351345,-0.0628975636545005,-5.87613777133078,0.28166453472878494,-0.016300142132170334,0.10246980633392562,0.0056742980640379775,0.040560561021633385,-0.2349275500491729,0.16448366175332158,0.5085825126635524,0.5632244068273041
/multi_agv/path_reference,1789710671.8084831,1789710671.807809,world,s_curve,1,4.514288930541348,0.10003155784137636,0.0,0.12352307583522558,-0.06250528318842788,-5.877555615059068,0.28267327520128904,-0.015241638910810956,0.10313759121519853,0.00584099719128435,0.04114969229008504,-0.23450653904665308,0.16306581802503345,0.5071646689352642,0.5618065630990161
/multi_agv/path_reference,1789710671.8183432,1789710671.8178432,world,s_curve,1,4.515292663428042,0.10003068357816924,-8.712790762844217e-05,0.12444564352977339,-0.06210987405716283,-5.878989519182917,0.2836936812627143,-0.014170297314675215,0.10381354664128091,0.006008130010835229,0.04174397008838786,-0.2340817222707116,0.16163191390118437,0.5057307648114151,0.560372658975167
/multi_agv/path_reference,1789710671.8284948,1789710671.8278997,world,s_curve,1,4.516298557577685,0.10003068357816924,0.0,0.12537076554275225,-0.06171494099378984,-5.880426510825265,0.28471652382535473,-0.013095795129873584,0.1044915679327755,0.00617415472372887,0.04233798580547918,-0.2336569635105776,0.16019492225883658,0.5042937731690674,0.5589356673328192
/multi_agv/path_reference,1789710671.8384893,1789710671.8379278,world,s_curve,1,4.5173017240906495,0.10003068357816924,0.0,0.12629394322552573,-0.06132240329592417,-5.881859605843784,0.28573682937066014,-0.012023357578474003,0.10516835788439094,0.006338265173354923,0.04292885232383259,-0.23323432738496008,0.15876182724031682,0.5028606781505475,0.5575025723142994
/multi_agv/path_reference,1789710671.8484542,1789710671.8479276,world,s_curve,1,4.518301872577859,0.10003068357816924,0.0,0.1272149026358701,-0.06093236408157063,-5.883288389396942,0.2867542984533022,-0.010953304557386329,0.10584371401169432,0.006500426029833792,0.04351641054504418,-0.2328139288195899,0.15733304368715958,0.5014318945973902,0.5560737887611422
/multi_agv/path_reference,1789710671.8583794,1789710671.8578253,world,s_curve,1,4.519291961175484,0.10002984437809981,-8.478539450823863e-05,0.12812714677966894,-0.06054754478969224,-5.884702801679262,0.28776176074765614,-0.009893188626123983,0.10651286821747458,0.006659523464262268,0.04409655210292959,-0.23239870993626863,0.15591863140483883,0.5000174823150696,0.5546593764788214
/multi_agv/path_reference,1789710671.8683312,1789710671.8678033,world,s_curve,1,4.520290195603456,0.10002984437809981,0.0,0.12904744629155693,-0.06016086584044627,-5.886128850862081,0.28877773849407673,-0.008823521195777964,0.10718812157637196,0.00681848734318518,0.04467994836903155,-0.23198103323355557,0.15449258222202064,0.4985914331322513,0.5532333272960033
/multi_agv/path_reference,1789710671.8784044,1789710671.8779335,world,s_curve,1,4.52130336708797,0.10002984437809981,0.0,0.12998207939355688,-0.05976974279070416,-5.8875762386971005,0.2898091493512386,-0.00773699841256606,0.10787408724199804,0.006978348633263291,0.0452705142930971,-0.23155809129847293,0.15304519438700073,0.4971440452972315,0.5517859394609833
/multi_agv/path_reference,1789710671.8884149,1789710671.8878565,world,s_curve,1,4.522295994643105,0.10002984437809981,0.0,0.1308983094139224,-0.059387863430424445,-5.888994278061579,0.2908198700680684,-0.006671678757528415,0.10854673693122704,0.007133519883080711,0.04584757905216741,-0.23114468922652148,0.15162715502252183,0.49572600593275257,0.5503679000965044
/multi_agv/path_reference,1789710671.8985238,1789710671.8979318,world,s_curve,1,4.523303920283782,0.10002992590948916,8.091448919114614e-06,0.13182921302977305,-0.05900142795387883,-5.890434171833974,0.2918463915942018,-0.005589104724276109,0.10923035221939338,0.007289616420755388,0.046431991537510056,-0.230725891819902,0.15018726125012757,0.4942861121603583,0.5489280063241102
/multi_agv/path_reference,1789710671.9084713,1789710671.9078395,world,s_curve,1,4.52429499398287,0.10002992590948916,0.0,0.13274509433101694,-0.058622761407995085,-5.891849991404099,0.29285596864124364,-0.0045238110436607165,0.10990312539546783,0.007441661147679975,0.04700511188896095,-0.23031505726062623,0.14877144168000228,0.49287029259023296,0.5475121867539848
/multi_agv/path_reference,1789710671.9184015,1789710671.9179194,world,s_curve,1,4.525303184902909,0.10002992590948916,0.0,0.13367734306522505,-0.058238885059388054,-5.893290264147013,0.29388320206382323,-0.003439287040954156,0.11058811417280599,0.007594865726369818,0.047586583275626815,-0.22989810418016082,0.1473311689370882,0.4914300198473189,0.5460719140110707
/multi_agv/path_reference,1789710671.9285734,1789710671.9279003,world,s_curve,1,4.52630169362633,0.10002992590948916,0.0,0.13460118305808325,-0.05786001942669152,-5.894716705180471,0.2949007870002141,-0.002364353810957301,0.11126711598499282,0.0077451402484131,0.048160929966225646,-0.22948612849471337,0.14590472790363002,0.49000357881386086,0.5446454729776126
/multi_agv/path_reference,1789710671.938433,1789710671.93784,world,s_curve,1,4.527295933686036,0.10002914226969566,-7.884093547325471e-05,0.135521609696888,-0.05748408335403986,-5.896137048122908,0.29591423374111503,-0.0012932029602249553,0.1119437983097738,0.007893329811419922,0.04873129706517762,-0.22907687693871717,0.14448438496119334,0.48858323587142416,0.5432251300351759
/multi_agv/path_reference,1789710671.948386,1789710671.947873,world,s_curve,1,4.528299395832485,0.10002914226969566,0.0,0.13645111409416333,-0.0571059859059783,-5.897570565474978,0.2969372929613506,-0.00021129644893039257,0.11262734577006969,0.008041434554153272,0.049305411719233416,-0.2286648039913216,0.1430508676091233,0.487149718519354,0.5417916126831059
/multi_agv/path_reference,1789710671.9583452,1789710671.957823,world,s_curve,1,4.529294736612872,0.10002914226969566,0.0,0.13737363031308292,-0.056732265521344735,-5.898992480875531,0.2979522810305795,0.0008626658790535785,0.11330594402961554,0.008186891387446174,0.04987334685104017,-0.22825703480252058,0.14162895220857005,0.4857278031188008,0.5403696972825527
/multi_agv/path_reference,1789710671.968435,1789710671.9678843,world,s_curve,1,4.5303010438882145,0.10002914226969566,0.0,0.13830684975882213,-0.056355761043190775,-5.900430062697449,0.29897866111481686,0.0019492806220543085,0.11399260753959513,0.008332483913552652,0.050445986784789995,-0.227845753827915,0.1401913703866521,0.4842902212968829,0.5389321154606348
/multi_agv/path_reference,1789710671.978408,1789710671.9778697,world,s_curve,1,4.53130007271486,0.10002900924228281,-1.3319535887715974e-05,0.13923385394223248,-0.055983307463084206,-5.9018572467355135,0.29999782366503336,0.0030288493736827862,0.11467488878798121,0.008475563446716544,0.0510129388751933,-0.2274384247111625,0.13876418634858775,0.4828630372588185,0.5375049314225703
/multi_agv/path_reference,1789710671.9886158,1789710671.987929,world,s_curve,1,4.532306303029997,0.10002900924228281,0.0,0.14016807666138617,-0.05560950646993286,-5.903294718614281,0.3010245380712382,0.004117016857019387,0.11536267505590085,0.008618204237368449,0.05158242012021952,-0.2270291437673866,0.13732671446982045,0.48142556538005116,0.536067459543803
/multi_agv/path_reference,1789710671.9986103,1789710671.9979024,world,s_curve,1,4.533303930050106,0.10002900924228281,0.0,0.1410948414144081,-0.05524022799181734,-5.90471990007158,0.30204267557447306,0.00519668767397434,0.11604516099477676,0.008758167919206972,0.05214548711937163,-0.22662433901403067,0.13590153301252123,0.48000038392275196,0.5346422780865039
/multi_agv/path_reference,1789710672.008301,1789710672.0078351,world,s_curve,1,4.534297481988409,0.10002900924228281,0.0,0.14201834274074288,-0.05487377119058436,-5.906139259983441,0.30305685150656503,0.0062727448172698805,0.1167254318983936,0.008896117428419913,0.05270472407867849,-0.22622215507885152,0.13448217310066063,0.4785810240108913,0.5332229181746432
/multi_agv/path_reference,1789710672.0183477,1789710672.0178566,world,s_curve,1,4.535299773459168,0.10002876944499599,-2.3931788523130368e-05,0.14295049334248192,-0.05450541908367907,-5.907571104941669,0.3040801455916746,0.00735907024387062,0.1174122641919004,0.009033822067394011,0.05326733249153767,-0.22581741180996892,0.13305032814243267,0.4771491790526634,0.5317910732164153
/multi_agv/path_reference,1789710672.0283694,1789710672.0278523,world,s_curve,1,4.5362997789724595,0.10002876944499599,0.0,0.14388104266363622,-0.05413923768615223,-5.90899968424637,0.30510130130710156,0.008443719795264551,0.11809810688854246,0.009169752219975187,0.053827106950722736,-0.22541457222915467,0.13162174883773084,0.4757205997479616,0.5303624939117134
/multi_agv/path_reference,1789710672.0382943,1789710672.0378337,world,s_curve,1,4.5372982148343,0.10002876944499599,0.0,0.14481065232167337,-0.05377495773433557,-5.910426021191857,0.3061210468895965,0.009527463556643086,0.1187834465187804,0.009304013439431567,0.054384456269093634,-0.22501334291153194,0.1301954118922439,0.4742942628024746,0.5289361569662265
/multi_agv/path_reference,1789710672.0483086,1789710672.0478337,world,s_curve,1,4.538298505529613,0.10002876944499599,0.0,0.14574250900750596,-0.053411330974737804,-5.911855007899447,0.3071428778579599,0.010614016679101737,0.11947063248545615,0.009437065464132581,0.05494129041049868,-0.22461234879884473,0.12876642518465384,0.47286527609488455,0.5275071702586364
/multi_agv/path_reference,1789710672.0586152,1789710672.0579684,world,s_curve,1,4.539312251363076,0.10002824320405518,-5.1925201637012813e-05,0.14668742935679935,-0.053044171652923,-5.913303216232966,0.3081786464938464,0.01171599584576035,0.12016764573079114,0.009570417602258567,0.05550403024823787,-0.2242069628092655,0.1273182168511355,0.47141706776136627,0.5260589619251183
/multi_agv/path_reference,1789710672.068513,1789710672.0678601,world,s_curve,1,4.540301529988167,0.10002824320405518,0.0,0.1476100555188952,-0.05268719406339756,-5.9147164714116665,0.3091896017466267,0.012792163053803818,0.12084840175625497,0.009699104439081063,0.05605164845054067,-0.22381233507981446,0.12590496167243476,0.47000381258266555,0.5246457067464173
/multi_agv/path_reference,1789710672.0783358,1789710672.0778003,world,s_curve,1,4.541296011582327,0.10002824320405518,0.0,0.1485380416711118,-0.05232965361160894,-5.916137159403324,0.31020605627179065,0.01387476917695779,0.1215332995645868,0.009827027888248172,0.056600613262043936,-0.22341660198511895,0.12448427368077691,0.46858312459100765,0.5232250187547595
/multi_agv/path_reference,1789710672.088409,1789710672.0878515,world,s_curve,1,4.542301332036865,0.10002824320405518,0.0,0.1494766570991279,-0.0519695562366351,-5.917573331481235,0.3112337726321397,0.014969966036469495,0.12222623262877444,0.009954878152706417,0.05715399786317678,-0.22301754472578855,0.12304810160286593,0.4671469525130967,0.5217888466768486
/multi_agv/path_reference,1789710672.0987103,1789710672.097887,world,s_curve,1,4.543305230622832,0.1000263428615223,-0.0001893461315762443,0.15041446011517978,-0.051611313720263605,-5.919007472318332,0.31226021763017137,0.01606440586806159,0.12291875684730627,0.010081074581686056,0.0577050296314805,-0.2226200453739574,0.12161396076576952,0.4657128116760003,0.5203547058397521
/multi_agv/path_reference,1789710672.1083848,1789710672.1078584,world,s_curve,1,4.544302608091403,0.1000263428615223,0.0,0.1513466793050069,-0.05125673082713729,-5.9204322972734325,0.31328017336102454,0.017152518032952,0.12360734652104408,0.01020499305699811,0.05825092680688265,-0.22222611234529266,0.12018913581066881,0.46428798672089955,0.5189298808846514
/multi_agv/path_reference,1789710672.1187732,1789710672.117967,world,s_curve,1,4.545313707673819,0.1000263428615223,0.0,0.15229223886444132,-0.050898625666030074,-5.921876725248313,0.3143143409962126,0.018256393450992038,0.12430598214611926,0.01032913291455071,0.05880275146435027,-0.22182776137699123,0.11874470783578815,0.46284355874601885,0.5174854529097707
/multi_agv/path_reference,1789710672.128618,1789710672.1278505,world,s_curve,1,4.546302363845556,0.1000263428615223,0.0,0.15321730893624566,-0.05054979013906047,-5.923289091207938,0.31532572544226667,0.019336535647897037,0.12498966571857317,0.010449072947970935,0.059340785178906647,-0.22143922854405904,0.11733234187616354,0.4614311927863943,0.5160730869501462
/multi_agv/path_reference,1789710672.139028,1789710672.1379411,world,s_curve,1,4.547311671172066,0.10002435198302988,-0.00019729999560234613,0.15416220931232133,-0.05019501643467285,-5.924730958817237,0.31635840956252925,0.020440022798037714,0.12568819557639693,0.010570044450629083,0.059888482936664156,-0.2210435766913118,0.11589047426686377,0.45998932517709445,0.5146312193408463
/multi_agv/path_reference,1789710672.1487439,1789710672.1478903,world,s_curve,1,4.548306836655595,0.10002435198302988,0.0,0.15509437004921878,-0.04984654759406108,-5.9261526237937066,0.31737679391929885,0.02152882047278603,0.12637749575557133,0.010687863304630674,0.06042694861579656,-0.22065445470261053,0.11446880929039471,0.4585676602006254,0.5132095543643772
/multi_agv/path_reference,1789710672.1585178,1789710672.157936,world,s_curve,1,4.5493116305832695,0.10002435198302988,0.0,0.15603605148609886,-0.049496052608979366,-5.927588043690385,0.31840520043839604,0.02262892822707256,0.12707402579282784,0.01080535258614617,0.060969052577006716,-0.22026256299009103,0.11303338939371654,0.4571322403039472,0.5117741344676991
/multi_agv/path_reference,1789710672.1685257,1789710672.1679034,world,s_curve,1,4.550308572399265,0.10002435198302988,0.0,0.15697087013899846,-0.04914963248556241,-5.929012246284664,0.31942573580903055,0.023721206814518815,0.12776566779344595,0.010920465068310667,0.0615053593761373,-0.21987472190113524,0.1116091867994373,0.45570803770966795,0.5103499318734199
/multi_agv/path_reference,1789710672.1784673,1789710672.177865,world,s_curve,1,4.551304988475043,0.10002182052419722,-0.00025411183859730884,0.15790568783349368,-0.048804725677591074,-5.9304356978214905,0.3204458957631739,0.024813671470207285,0.12845749626709974,0.011034064468737191,0.0620398284527527,-0.21948806995426318,0.11018573526261075,0.4542845861728414,0.5089264803365933
/multi_agv/path_reference,1789710672.1883485,1789710672.1878426,world,s_curve,1,4.552302864369292,0.10002182052419722,0.0,0.1588423662742173,-0.04846064773549258,-5.931861234813274,0.32146771143042513,0.02590849810149158,0.1291508892907351,0.01114637460939779,0.06257352129655083,-0.2191018391124264,0.10876019827082706,0.45285904918105785,0.5075009433448097
/multi_agv/path_reference,1789710672.1983244,1789710672.1978436,world,s_curve,1,4.553303223505279,0.10002182052419722,0.0,0.15978186699922867,-0.0481170540537172,-5.933290319293255,0.3224922295335567,0.02700681172443358,0.12984655973969558,0.011257502146287596,0.06310697525998425,-0.21871563956742346,0.10733111379084585,0.45142996470107666,0.5060718588648284
/multi_agv/path_reference,1789710672.2083485,1789710672.2078183,world,s_curve,1,4.554300881752046,0.10002182052419722,0.0,0.16071931928433894,-0.047775725734168134,-5.934715545360065,0.3235141387009626,0.02810291819263818,0.13054090095941592,0.011366871191473234,0.06363742502230746,-0.21833147341628512,0.1059058877240359,0.4500047386342667,0.5046466327980185
/multi_agv/path_reference,1789710672.2183716,1789710672.2178602,world,s_curve,1,4.555305173661826,0.10001979993483796,-0.00020123525988388857,0.16166349522108117,-0.04743347748053832,-5.936150248088323,0.32454299910764717,0.029207075312812393,0.13124041124278388,0.011475496484946224,0.06416982365829174,-0.21794575258485296,0.10447118499577844,0.44857003590600913,0.5032119300697611
/multi_agv/path_reference,1789710672.2283998,1789710672.2278543,world,s_curve,1,4.556304877263304,0.10001979993483796,0.0,0.1626038442202912,-0.04709413859343145,-5.937578396090434,0.3255673127066967,0.030306945368870866,0.13193727458530596,0.011582159337507641,0.06469821603915095,-0.21756279115695298,0.10304303699366762,0.44714188790389836,0.5017837820676502
/multi_agv/path_reference,1789710672.2383735,1789710672.2378037,world,s_curve,1,4.557300114180555,0.10001979993483796,0.0,0.1635404721730019,-0.04675765020957777,-5.939000163115079,0.3265871999479285,0.03140264966533079,0.13263156690574632,0.011686892408950475,0.06522268673817036,-0.2171825297758542,0.10162126996902238,0.4457201208792531,0.5003620150430049
/multi_agv/path_reference,1789710672.2482977,1789710672.247852,world,s_curve,1,4.558305005008897,0.10001979993483796,0.0,0.16448666994591915,-0.046419249297147455,-5.940435721441282,0.3276171302362272,0.03250973784472946,0.1333331417568007,0.01179117009210124,0.06575066375068356,-0.2167995817342272,0.1001857116428195,0.44428456255305027,0.4989264567168019
/multi_agv/path_reference,1789710672.2584512,1789710672.257831,world,s_curve,1,4.559303226365734,0.10001765018626448,-0.00021539591328006183,0.16542706776735067,-0.046084439432460884,-5.941861751951048,0.3286403719955526,0.033610227521912256,0.13403060378458703,0.011893291834917899,0.06627356263107073,-0.2164201727633713,0.09875968113305285,0.44285853204328357,0.49750042620703533
/multi_agv/path_reference,1789710672.2683227,1789710672.267802,world,s_curve,1,4.560300501455583,0.10001765018626448,0.0,0.16636704997107407,-0.04575128647493677,-5.943286430650832,0.3296627881723715,0.03471041749869226,0.13472794424215834,0.011993859514083945,0.06679439814260947,-0.21604211708150378,0.09733500243326929,0.4414338533435,0.49607574750725186
/multi_agv/path_reference,1789710672.278337,1789710672.2778032,world,s_curve,1,4.561300793277796,0.10001765018626448,0.0,0.1673103514240882,-0.04541847131911278,-5.944715418968279,0.330688440010768,0.03581467978736909,0.13542793447412738,0.012093268089141872,0.06731523411456909,-0.21566391616104935,0.09590601411582204,0.4400048650260528,0.4946467591898046
/multi_agv/path_reference,1789710672.2883854,1789710672.287836,world,s_curve,1,4.562304251558796,0.10001765018626448,0.0,0.1682571158819504,-0.0450859575445485,-5.94614893079828,0.3317174803318229,0.03692318439915927,0.13613068291486885,0.012191518429125824,0.06783613259406669,-0.21528552365683806,0.09447250228582102,0.4385713531960518,0.4932132473598036
/multi_agv/path_reference,1789710672.298422,1789710672.2978516,world,s_curve,1,4.563305778254783,0.10001591783424828,-0.00017299866055125402,0.16920253217872813,-0.044755437383687736,-5.947579683221118,0.33274467918221984,0.03803029861857641,0.13683261873538807,0.01228810873231305,0.0683544434527848,-0.21490886433616108,0.09304174986298316,0.4371406007732139,0.49178249493696574
/multi_agv/path_reference,1789710672.3083591,1789710672.307832,world,s_curve,1,4.564304173552398,0.10001591783424828,0.0,0.17014546217454507,-0.0444272971338572,-5.949005962217711,0.33376880281760973,0.03913468822700434,0.13753289547902103,0.012382934310871209,0.06886955679274744,-0.2145343825051903,0.09161547086638987,0.43571432177662067,0.49035621594037243
/multi_agv/path_reference,1789710672.3183181,1789710672.317865,world,s_curve,1,4.565307442325642,0.10001591783424828,0.0,0.17109346546740278,-0.04409891044891054,-5.950439203322345,0.3347980607855882,0.04024520773217876,0.13823712788444126,0.012476751029406527,0.0693855970737306,-0.21415907944986878,0.09018222976175626,0.43428108067198706,0.4889229748357388
/multi_agv/path_reference,1789710672.3283312,1789710672.3278542,world,s_curve,1,4.566306500328729,0.10001591783424828,0.0,0.17203795660599888,-0.0437732523274539,-5.951866429041041,0.3358231314049728,0.041351800090775215,0.13893893832224857,0.01256870819993245,0.06989788954803913,-0.21378635473033333,0.08875500404306046,0.4328538549532911,0.4874957491170431
/multi_agv/path_reference,1789710672.3383627,1789710672.3378491,world,s_curve,1,4.567306171172131,0.10001425106102609,-0.0001667559643319787,0.17298349137436667,-0.04344874404404369,-5.953294530245901,0.3368489611500072,0.042459801964058505,0.13964171100903422,0.01265925730343475,0.07040891491099288,-0.21341440434655873,0.08732690283820017,0.4314257537484309,0.4860676479121827
/multi_agv/path_reference,1789710672.3483005,1789710672.3478389,world,s_curve,1,4.568305479063816,0.10001425106102609,0.0,0.17392914505518967,-0.04312570347748117,-5.954722112948308,0.3378745466375533,0.04356812981725176,0.14034475871076385,0.012748309265452555,0.07091817275502035,-0.21304359245291646,0.08589932013579334,0.42999817104602406,0.48464006520977587
/multi_agv/path_reference,1789710672.3584533,1789710672.3578563,world,s_curve,1,4.5693071957987375,0.10001425106102609,0.0,0.1748775401497985,-0.04280323954292651,-5.956153136855339,0.33890273088680944,0.044679857848037526,0.1410500317145485,0.012836106280754628,0.07142706958407236,-0.21267289449360655,0.08446829622876216,0.42856714713899297,0.4832090413027447
/multi_agv/path_reference,1789710672.3684022,1789710672.3678374,world,s_curve,1,4.570305610463146,0.10001425106102609,0.0,0.17582326710326104,-0.04248318923227442,-5.95757944351878,0.3399276497407101,0.045788644631183366,0.14175350693788952,0.012922149853247744,0.07193270546135735,-0.2123044230114284,0.08304198956532134,0.4271408404755521,0.4817827346393038
/multi_agv/path_reference,1789710672.3783212,1789710672.3778636,world,s_curve,1,4.571308310878122,0.10001276865143915,-0.0001478606020802997,0.17677351216858755,-0.04216312320048798,-5.959011872683031,0.3409570906434257,0.04690291571083814,0.14246053015149868,0.013007091219945852,0.07243891943274092,-0.21193538025415073,0.08160956040107023,0.42570841131130094,0.4803503054750528
/multi_agv/path_reference,1789710672.388371,1789710672.387862,world,s_curve,1,4.5723082824447046,0.10001276865143915,0.0,0.1777216267349814,-0.041845284040992275,-5.960440403492435,0.34198385000936693,0.048014875283731155,0.14316615491184598,0.013090332866037169,0.07294216574322238,-0.2115683507322364,0.08018102959166604,0.4242798805018969,0.47892177466564856
/multi_agv/path_reference,1789710672.3989196,1789710672.3978434,world,s_curve,1,4.573306543892956,0.10001276865143915,0.0,0.17866857175806877,-0.041529339628326965,-5.961866491275652,0.34300897098585537,0.04912564912513434,0.14387109516321653,0.01317196914625094,0.0734429665837238,-0.2112029546149557,0.07875494180844939,0.4228537927186802,0.47749568688243194
/multi_agv/path_reference,1789710672.4086294,1789710672.4078221,world,s_curve,1,4.574304527905787,0.10001276865143915,0.0,0.17961570301673294,-0.04121483319167498,-5.963292182722553,0.3440339223873552,0.05023682701606413,0.1445763596467794,0.013252121367891959,0.0739420443485031,-0.21083866529142004,0.07732925036154854,0.4214281012717793,0.4760699954355311
/multi_agv/path_reference,1789710672.4187427,1789710672.4178114,world,s_curve,1,4.575303585480143,0.10001112916130019,-0.00016412193276524168,0.18056430129662654,-0.04090134129441295,-5.964719407828776,0.3450600897882792,0.05134991179745909,0.14528290230414126,0.013330896060406557,0.07444007167750037,-0.2104749916211458,0.0759020252553255,0.4200008761655562,0.47464277032930796
/multi_agv/path_reference,1789710672.4286435,1789710672.4278917,world,s_curve,1,4.576311550445707,0.10001112916130019,0.0,0.18152180964345926,-0.04058642708339289,-5.966159357779581,0.3460955192782875,0.05247363990897475,0.14599626974311544,0.01340888842666995,0.07494092850038077,-0.21010909817722945,0.0744620753045199,0.41856092621475066,0.4732028203785025
/multi_agv/path_reference,1789710672.438454,1789710672.4378715,world,s_curve,1,4.577309835834135,0.10001112916130019,0.0,0.18247056880348123,-0.04027589592226616,-5.967585479763049,0.34712111496171605,0.05358728634524364,0.1467033051034839,0.013484662573670099,0.07543538054977936,-0.20974773089024798,0.07303595332105178,0.4171348042312825,0.4717766983950344
/multi_agv/path_reference,1789710672.4483476,1789710672.4478285,world,s_curve,1,4.57830567024982,0.10001112916130019,0.0,0.18341743881946412,-0.039967475450719,-5.969008100356886,0.34814429921563117,0.05469889997070137,0.14740911727205977,0.013558793464848964,0.07592703588023042,-0.2093882556972364,0.07161333272721519,0.41571218363744594,0.4703540778011978
/multi_agv/path_reference,1789710672.4583843,1789710672.4578414,world,s_curve,1,4.579307062399849,0.10000982229476486,-0.0001305177896160141,0.1843700348482419,-0.03965869256356916,-5.9704386605712125,0.34917329921208395,0.05581742173128341,0.1481193836013583,0.01363186996884913,0.07641983973591157,-0.2090277873954682,0.0701827725128887,0.41428162342311947,0.46892351758687123
/multi_agv/path_reference,1789710672.468236,1789710672.4678042,world,s_curve,1,4.58030343295669,0.10000982229476486,0.0,0.18531829136101088,-0.03935281071814563,-5.971862047080985,0.35019724181896517,0.05693103303085917,0.14882659923320818,0.013703119166113643,0.07690858398562908,-0.20867013530617964,0.06875938600311614,0.41285823691334683,0.4675001310770987
/multi_agv/path_reference,1789710672.4783835,1789710672.4778378,world,s_curve,1,4.5813068942099315,0.10000982229476486,0.0,0.18627373533230698,-0.03904611684730345,-5.973295563157045,0.35122857288214915,0.058053271439260194,0.1495393616755115,0.013773401977702632,0.07739920353549207,-0.20831095605510508,0.06732586992705646,0.41142472083728715,0.4660666150010391
/multi_agv/path_reference,1789710672.4882858,1789710672.4878476,world,s_curve,1,4.582307858217911,0.10000982229476486,0.0,0.18722723855501883,-0.038741550964616844,-5.974725511739873,0.35225743662929415,0.05917341651564834,0.15025086252011388,0.013842037003164928,0.07788699897539246,-0.20795368887240795,0.06589592134422825,0.4099947722544589,0.46463666641821083
/multi_agv/path_reference,1789710672.4982898,1789710672.4978645,world,s_curve,1,4.583309638330241,0.10000855673446955,-0.00012634195572127006,0.18818195426428358,-0.03843810223000292,-5.976156626186058,0.35328723644704296,0.060295172103357365,0.1509634542424503,0.013909254869963313,0.07837358788928184,-0.20759714944925395,0.06446480689804308,0.40856365780827386,0.4632055519720257
/multi_agv/path_reference,1789710672.508348,1789710672.5078018,world,s_curve,1,4.584303571771209,0.10000855673446955,0.0,0.1891296200710311,-0.0381383806326045,-5.977576531101727,0.3543090640616573,0.061408828265545244,0.15167096788589063,0.013974489974833491,0.07885477874254761,-0.20724441061519466,0.0630449019823742,0.407143752892605,0.4617856470563567
/multi_agv/path_reference,1789710672.5183403,1789710672.5178201,world,s_curve,1,4.585305287178003,0.10000855673446955,0.0,0.1900851353047649,-0.037837674428200414,-5.979007553111433,0.35533898480558135,0.0625318940030175,0.15238452710569578,0.014038767481027559,0.079338136358063,-0.20688992712369184,0.06161387997266796,0.40571273088289866,0.4603546250466505
/multi_agv/path_reference,1789710672.5282905,1789710672.5278513,world,s_curve,1,4.586308465109931,0.10000855673446955,0.0,0.1910424759032193,-0.03753789990062685,-5.980440664442758,0.3563705003954991,0.0636572915111025,0.15309963580305622,0.014101661653283797,0.079820588490228,-0.20653594984539236,0.060180768641342884,0.40427961955157365,0.45892151371532547
/multi_agv/path_reference,1789710672.5382733,1789710672.537804,world,s_curve,1,4.5873040266819505,0.10000726999546199,-0.0001292569530203437,0.1919929718240993,-0.037241757740445094,-5.981862895259929,0.35739427245962974,0.06477482706812288,0.15380981594454524,0.014162617054652674,0.08029778303136258,-0.20618567330735055,0.05875853782417231,0.40285738873440313,0.45749928289815495
/multi_agv/path_reference,1789710672.5483274,1789710672.5478287,world,s_curve,1,4.588306574261816,0.10000726999546199,0.0,0.19295056225263774,-0.03694490416151858,-5.983295106088309,0.35842531512735787,0.06590088931884533,0.15452548231170993,0.014222528459732826,0.08077671920231538,-0.205833960146604,0.057326326995792404,0.4014251779060231,0.456067072069775
/multi_agv/path_reference,1789710672.5583012,1789710672.5578003,world,s_curve,1,4.5893038192562114,0.10000726999546199,0.0,0.19390350863550598,-0.03665098138240546,-5.984719741794588,0.3594509885144126,0.06702167500218215,0.15523786238992313,0.014280658152789255,0.08125152195762352,-0.20548512425762916,0.05590169128951359,0.4000005421997443,0.4546424363634961
/multi_agv/path_reference,1789710672.5684447,1789710672.5678775,world,s_curve,1,4.590311397001743,0.10000726999546199,0.0,0.19486675316426924,-0.03635539262491087,-5.986159138573919,0.360487372359947,0.06815475939679722,0.1559581277360634,0.014337905721520314,0.08172962181583913,-0.20513370541209208,0.05446229451018197,0.39856114542041277,0.4532030395841646
/multi_agv/path_reference,1789710672.5783398,1789710672.5778441,world,s_curve,1,4.591308309148716,0.10000668578758914,-5.86056588349807e-05,0.19582021903317112,-0.03606429728802947,-5.98758329878388,0.36151286562434415,0.06927652568846743,0.15667126578670174,0.014393079433443472,0.08220105551946694,-0.20478702681699884,0.05303813430022107,0.39713698521045177,0.4517788793742036
/multi_agv/path_reference,1789710672.5883994,1789710672.5878484,world,s_curve,1,4.592308713529157,0.10000668578758914,0.0,0.1967774407469771,-0.03577354766677012,-5.989012447898795,0.3625420292180165,0.0704028953996765,0.15738739762323817,0.014446978107328798,0.08267253410997365,-0.20444015521761283,0.05160898518530606,0.39570783609553684,0.45034973025928865
/multi_agv/path_reference,1789710672.5984716,1789710672.5978358,world,s_curve,1,4.593307608408682,0.10000668578758914,0.0,0.1977336317132321,-0.035484601919845406,-5.990439440583831,0.36356971570900765,0.0715282366695695,0.15810294276111903,0.014499327947123435,0.0831416947511418,-0.20409482845780147,0.05018199250027016,0.39428084341050085,0.4489227375742528
/multi_agv/path_reference,1789710672.608292,1789710672.6078198,world,s_curve,1,4.594306102861437,0.10000668578758914,0.0,0.19868985046987547,-0.03519713593878883,-5.991865861230624,0.3645970638397331,0.07265379476116911,0.15881869280872407,0.014550191143663689,0.08360906196936692,-0.20375066092939714,0.048755571853476856,0.39285442276370763,0.4474963169274594
/multi_agv/path_reference,1789710672.618307,1789710672.6178153,world,s_curve,1,4.5953056032373505,0.1000062911301285,-3.948795804062456e-05,0.19964744226171818,-0.03491074671122858,-5.9932937189105004,0.3656255185865448,0.07378115331718824,0.1595356548814214,0.014599637851103624,0.08407529157617766,-0.20340716956096705,0.047327714173600786,0.3914265650838315,0.44606845924758337
/multi_agv/path_reference,1789710672.6283991,1789710672.6278088,world,s_curve,1,4.596305065810886,0.1000062911301285,0.0,0.20060540575947072,-0.03462573583261109,-5.994721522586979,0.3666540039860193,0.0749091337570893,0.16025307953530352,0.01464761423614571,0.08453989345999723,-0.20306471519397623,0.04589991049712201,0.3899987614073528,0.44464065557110466
/multi_agv/path_reference,1789710672.6384442,1789710672.6378546,world,s_curve,1,4.59730954590006,0.1000062911301285,0.0,0.20156858750715265,-0.03434067269071781,-5.9961564941429435,0.3676877206063459,0.0760434441478695,0.16097459776724243,0.014694351714012614,0.08500520442546672,-0.20272157421163278,0.04446493894115774,0.38856378985138845,0.4432056840151403
/multi_agv/path_reference,1789710672.6484847,1789710672.6478524,world,s_curve,1,4.598309387997471,0.1000062911301285,0.0,0.20252772715399733,-0.03405829849757341,-5.997584839991872,0.36871672974717407,0.07717317897132722,0.16169327274349063,0.014739400393717544,0.08546675013207009,-0.2023810460185079,0.04303662083954355,0.3871354341198544,0.4417773148942711
/multi_agv/path_reference,1789710672.6588235,1789710672.657848,world,s_curve,1,4.59930896414515,0.10000603769135315,-2.5356154985743812e-05,0.20348701386371412,-0.03377736912727221,-5.999012794712799,0.3697455279035091,0.07830326978286832,0.16241224390476483,0.014782969723268015,0.0859265582013719,-0.20204163530645658,0.041613721354311406,0.3857056788990009,0.44034512032609124
/multi_agv/path_reference,1789710672.6687942,1789710672.6678574,world,s_curve,1,4.600310014781849,0.10000603769135315,0.0,0.2044481166968621,-0.0334973985076927,-6.000442798086637,0.37077590216959033,0.07943567757231898,0.1631327703486769,0.014825140537126628,0.0863854195444886,-0.20170275560469336,0.040197488935286664,0.3842707707374601,0.438903567474454
/multi_agv/path_reference,1789710672.6785681,1789710672.6778064,world,s_curve,1,4.601305166262397,0.10000603769135315,0.0,0.2054039515786767,-0.0332204400656794,-6.0018642645085825,0.37180025785677717,0.08056204809514571,0.16384954878410712,0.014865620877223602,0.08683995779560015,-0.20136689886986198,0.03879830692813974,0.382841367140798,0.4374634123389738
/multi_agv/path_reference,1789710672.6884818,1789710672.687806,world,s_curve,1,4.602305188336998,0.10000603769135315,0.0,0.2063648602524828,-0.03294349512917077,-6.003292524886248,0.372829676204607,0.08169456155405087,0.16457034299879042,0.014904859597250207,0.08729508695845938,-0.2010304319432219,0.037401028985619304,0.3814020712411211,0.4360091704747228
/multi_agv/path_reference,1789710672.6985974,1789710672.6978076,world,s_curve,1,4.603305397864916,0.10000571192128023,-3.257204331235558e-05,0.20732634370093553,-0.03266787128126709,-6.00472083683445,0.37385933220625234,0.08282791031590053,0.16529178858065358,0.01494267103330861,0.08774865617519137,-0.20069494105230126,0.03601227435021135,0.3799596689736382,0.43454768926022186
/multi_agv/path_reference,1789710672.708486,1789710672.7078135,world,s_curve,1,4.60430605921864,0.10000571192128023,0.0,0.20828865441123948,-0.03239349732332141,-6.006149525254389,0.3748894935644622,0.08396238572602951,0.1660140839432266,0.014979072729843244,0.08820077664859231,-0.2003603413483998,0.03463169351447329,0.37851384380677155,0.4330786666154135
/multi_agv/path_reference,1789710672.7184458,1789710672.7178133,world,s_curve,1,4.605306087736219,0.10000571192128023,0.0,0.2092507471331537,-0.03212067053213903,-6.007576989486258,0.3759190391753183,0.08509674906909126,0.16673645315505137,0.015014034598451423,0.08865095181644413,-0.20002699801131268,0.033260789533775044,0.3770662306917209,0.4316037876738943
/multi_agv/path_reference,1789710672.7284744,1789710672.7278147,world,s_curve,1,4.606306287563583,0.10000571192128023,0.0,0.21021339318806134,-0.03184917081733542,-6.009004325767274,0.3769487925064116,0.08623190325251937,0.1674594838052529,0.015047594680407297,0.08909953795362714,-0.19969464508604073,0.031898462741057794,0.37561573405512,0.4301219621606687
/multi_agv/path_reference,1789710672.738533,1789710672.7378733,world,s_curve,1,4.607312168358478,0.10000541792306596,-2.9229521466436188e-05,0.21118189672828225,-0.0315775149880789,-6.01043934127699,0.3779844219328472,0.08737409766176714,0.16818717059023236,0.015079934421211347,0.08954898454982332,-0.1993614639352714,0.030537294894373044,0.37415440749655515,0.42862506053387484
/multi_agv/path_reference,1789710672.7485793,1789710672.7478669,world,s_curve,1,4.608311400293162,0.10000541792306596,0.0,0.2121443833553543,-0.03130903076147751,-6.011864395125572,0.3790132285458009,0.08850932172783352,0.16891059979242842,0.015110668772306317,0.08999377850673006,-0.19903153956346892,0.02919396650295271,0.3727002333601907,0.4271315324707781
/multi_agv/path_reference,1789710672.758614,1789710672.7578664,world,s_curve,1,4.609311486574131,0.10000541792306596,0.0,0.21310807496301848,-0.03104169037511872,-6.013290141063595,0.3800429332276801,0.08964608592414547,0.16963520573722968,0.015140049481206671,0.09043726773107025,-0.1987023883376331,0.02785832199844255,0.3712423796061189,0.4256303111074862
/multi_agv/path_reference,1789710672.768535,1789710672.7678185,world,s_curve,1,4.610306821797706,0.10000541792306596,0.0,0.21406756578559213,-0.030776984123492886,-6.01470854067557,0.3810677602656404,0.09077800658992528,0.1703569305012106,0.015167929018508438,0.09087697016217006,-0.19837585155115717,0.026537804056911356,0.3697890960935104,0.42412993857435266
/multi_agv/path_reference,1789710672.7785583,1789710672.7778585,world,s_curve,1,4.6113106658355605,0.10000453655335484,-8.780344970799167e-05,0.2150356382748083,-0.030511393586598372,-6.01613843602112,0.3821013584255948,0.0919201574818031,0.1710853989170269,0.015194679866489792,0.09131872743898042,-0.19804758806526537,0.025214878511793208,0.36832107367466,0.4226104828325171
/multi_agv/path_reference,1789710672.7885907,1789710672.7878697,world,s_curve,1,4.6123118117510185,0.10000453655335484,0.0,0.21600148593409602,-0.030247895445714216,-6.01756380785691,0.38313218450022773,0.09305978337145879,0.17181248993060141,0.015220000885618392,0.09175758709912901,-0.19772127432189007,0.023904399473581073,0.36685474581827054,0.4210889444674752
/multi_agv/path_reference,1789710672.7984498,1789710672.7978213,world,s_curve,1,4.6133071822044815,0.10000453655335484,0.0,0.21696213300698566,-0.029987281991900216,-6.01898023384397,0.3841570658075185,0.09419336544925229,0.17253596776418606,0.01524384054364258,0.09219221592962196,-0.1973979024489652,0.022610290040785404,0.36539471179718175,0.41957016934924346
/multi_agv/path_reference,1789710672.8086286,1789710672.8078382,world,s_curve,1,4.6143090203513415,0.10000453655335484,0.0,0.21792939385351257,-0.02972634913754346,-6.020405085746662,0.38518860456345044,0.09533483854969274,0.1732647384473944,0.015266499546315166,0.09262795201226769,-0.19707349897121323,0.02131664913850928,0.3639230743456914,0.4180355615443171
/multi_agv/path_reference,1789710672.8183596,1789710672.817854,world,s_curve,1,4.6153104887789596,0.10000346779007141,-0.00010672331912031912,0.21889666823486675,-0.029466889872485,-6.021828582501445,0.38621975663502656,0.09647640803213486,0.17399384003743879,0.015287820362665728,0.09306180020414734,-0.1967502901842681,0.020032394059328835,0.36244992122055053,0.4164956317616929
/multi_agv/path_reference,1789710672.828472,1789710672.8278844,world,s_curve,1,4.616313675466161,0.10000346779007141,0.0,0.21986597140708072,-0.029208365761123452,-6.023253640796877,0.38725266795763974,0.09762044597644062,0.17472480028716172,0.015307853955863645,0.09349465584872418,-0.1964276070879582,0.018754872325216384,0.3609722401756408,0.4149472496775327
/multi_agv/path_reference,1789710672.838419,1789710672.8378522,world,s_curve,1,4.617310556634709,0.10000346779007141,0.0,0.22082954586719084,-0.028952834637890026,-6.024668819897361,0.3882790732051884,0.0987577895428233,0.1754517748535607,0.015326458426489397,0.093923063356323,-0.1961080256964825,0.0174942475646449,0.3595019261368738,0.4134029307606017
/multi_agv/path_reference,1789710672.8483121,1789710672.8478372,world,s_curve,1,4.618309112361325,0.10000346779007141,0.0,0.2217951003860544,-0.028698241157279508,-6.026085406402927,0.38930718514019835,0.09989753082416228,0.1761805851938025,0.01534380081763912,0.09435045869324178,-0.19578898298271946,0.016240373291117053,0.35802728440362636,0.411850443299195
/multi_agv/path_reference,1789710672.8583448,1789710672.857852,world,s_curve,1,4.619310458390007,0.10000241966996802,-0.00010467365270476092,0.22276371406661782,-0.028444309600670663,-6.02750492829791,0.3903381486706995,0.101040937584017,0.17691205594513693,0.015359901008839872,0.09477730248652287,-0.19547013229737475,0.014991914492986343,0.3565467165588586,0.4102881067274785
/multi_agv/path_reference,1789710672.8683217,1789710672.8678045,world,s_curve,1,4.620305865674996,0.10000241966996802,0.0,0.22372693926743978,-0.02819324644470921,-6.028914968298619,0.3913629729534225,0.1021780311346306,0.17763981371426613,0.015374634041172366,0.09519987707407494,-0.19515425044937496,0.013759718594627154,0.3550731985899288,0.4087296571904146
/multi_agv/path_reference,1789710672.8783247,1789710672.877848,world,s_curve,1,4.621309916969135,0.10000241966996802,0.0,0.2246988865726237,-0.02794137889135484,-6.030336131215574,0.39239666800632245,0.10332546285852634,0.17837452885302224,0.015388219562997352,0.09562436076134255,-0.19483671699840444,0.012525776162936004,0.3535851976155348,0.40715233326674366
/multi_agv/path_reference,1789710672.8884635,1789710672.8878279,world,s_curve,1,4.622308243024746,0.10000241966996802,0.0,0.22566564544881043,-0.027692316610183797,-6.031748026050425,0.39342443655014364,0.104466804482055,0.1791056953142325,0.015400467103788975,0.09604466633475121,-0.1945220832690916,0.011307791375100141,0.3521040620682608,0.4055787765762641
/multi_agv/path_reference,1789710672.8982568,1789710672.8978002,world,s_curve,1,4.623305514510364,0.1000013622973298,-0.00010602800321006082,0.2266317330776517,-0.02744487986717167,-6.033157223181638,0.39445108381532956,0.10560738219509998,0.1798367332225254,0.015411455930283622,0.09646277321954048,-0.19420886875133914,0.01009998077751193,0.3506229389519369,0.4040017694306993
/multi_agv/path_reference,1789710672.9083526,1789710672.9078257,world,s_curve,1,4.624308066067911,0.1000013622973298,0.0,0.22760328603679533,-0.027197505045819872,-6.034572619038522,0.395483127334312,0.1067544347012715,0.18057229607480235,0.015421257089190635,0.09688132123362424,-0.1938950934602745,0.00889473445427587,0.34913247041675877,0.40241135379973275
/multi_agv/path_reference,1789710672.9183707,1789710672.9178572,world,s_curve,1,4.625311076431709,0.1000013622973298,0.0,0.22857563285340277,-0.026951392699329748,-6.035987349103969,0.39651560017248855,0.10790244044246732,0.1813088579452523,0.015429822206149229,0.09729827785698746,-0.19358227816112594,0.0076979307468641005,0.3476398712225224,0.40081522653740786
/multi_agv/path_reference,1789710672.928429,1789710672.9278586,world,s_curve,1,4.62631119925617,0.1000013622973298,0.0,0.22954552594506641,-0.026707358099510487,-6.03739665155919,0.39754505441904003,0.10904755867845231,0.18204396473770676,0.01543713658867529,0.09771225403866492,-0.19327146492587172,0.006513535004502593,0.34615018587732266,0.3992188225982667
/multi_agv/path_reference,1789710672.9388258,1789710672.9378679,world,s_curve,1,4.62731212606053,0.10000081968298541,-5.421163563021721e-05,0.23051654191698356,-0.026464495420416883,-6.0388056861517825,0.3985752866509136,0.11019400574687513,0.18278033335316188,0.015443240362559129,0.09812477895580277,-0.19296150557961259,0.005337152421640096,0.3446579792712423,0.397616356357533
/multi_agv/path_reference,1789710672.9489818,1789710672.9480007,world,s_curve,1,4.628325577967555,0.10000081968298541,0.0,0.23150005618362665,-0.026219987183505118,-6.040230877862244,0.3996183567769497,0.11135520575228844,0.1835266060216417,0.015448190189798216,0.09854064328472943,-0.192648795025043,0.004155191869899849,0.3431458107949386,0.3959890602508027
/multi_agv/path_reference,1789710672.9586792,1789710672.9578323,world,s_curve,1,4.629308770926555,0.10000081968298541,0.0,0.23245453725929346,-0.02598411833448504,-6.041612054200909,0.40063022857973085,0.1124821178009967,0.1842512653971527,0.015451818349665612,0.09894233430594855,-0.1923465076590693,0.0030173174794708383,0.34167760908710126,0.3944058463347417
/multi_agv/path_reference,1789710672.968648,1789710672.967947,world,s_curve,1,4.630320249117402,0.10000081968298541,0.0,0.2334368164045386,-0.02574283916785181,-6.043031415773473,0.4016711508792062,0.11364183354041438,0.18499746479399512,0.015454353744598696,0.09935377181975324,-0.1920366430679074,0.0018557522507668411,0.3401660122863097,0.3927725480305489
/multi_agv/path_reference,1789710672.9784117,1789710672.977874,world,s_curve,1,4.631312934546951,0.1000004562946553,-3.660676155926904e-05,0.23440117711477762,-0.025507397837036858,-6.044422833699512,0.402692671229172,0.11478037182565407,0.18573048828950664,0.01545567100240372,0.09975577688714776,-0.19173364140066207,0.0007246908933566126,0.3386814165411989,0.39116521161715384
/multi_agv/path_reference,1789710672.9884582,1789710672.987868,world,s_curve,1,4.632312342607176,0.1000004562946553,0.0,0.23537239843525995,-0.02527171701223396,-6.045822056116127,0.403721044232642,0.11592698122918027,0.1864691698439575,0.015455834573733025,0.10015871114802376,-0.19142969675845867,-0.0004050975161399273,0.3371857394687708,0.38954269365899336
/multi_agv/path_reference,1789710672.9985495,1789710672.997923,world,s_curve,1,4.633317844995209,0.1000004562946553,0.0,0.23634987383948436,-0.02503596986693662,-6.0472281272408726,0.40475561903662366,0.11708093875241819,0.1872130637294111,0.015454831367370709,0.10056228299988158,-0.1911250239680622,-0.001532726716519356,0.3356799588301334,0.3879060228437052
/multi_agv/path_reference,1789710673.008348,1789710673.0078325,world,s_curve,1,4.634308813016922,0.1000004562946553,0.0,0.2373135431800028,-0.024804974494337946,-6.048612177735744,0.4057751683740951,0.11821855659698824,0.18794690456892502,0.015452705977407652,0.10095823225068577,-0.19082586171110727,-0.0026351726512780583,0.33419503512655574,0.38628891992947256
/multi_agv/path_reference,1789710673.0184054,1789710673.0178308,world,s_curve,1,4.635308667461082,0.10000058450452916,1.2822928777059036e-05,0.23828617703592483,-0.024573258878728747,-6.050006889329856,0.4068037862180488,0.11936670963158563,0.18868803525813999,0.0154494271323441,0.10135592865247195,-0.19052513242100233,-0.0037385636676489525,0.33269593695371724,0.3846532910620017
/multi_agv/path_reference,1789710673.0284638,1789710673.0278745,world,s_curve,1,4.636312869730656,0.10000058450452916,0.0,0.2392633644813635,-0.024341900440552407,-6.0514058522427865,0.40783679899598346,0.1205201836510335,0.18943311079707348,0.015444996597858848,0.10175352773309533,-0.19022422565261143,-0.0048377102142841445,0.3311895081506864,0.38300657167006175
/multi_agv/path_reference,1789710673.0382934,1789710673.0378187,world,s_curve,1,4.6373072946430804,0.10000058450452916,0.0,0.24023135538526966,-0.02411414101611232,-6.052789360019472,0.40885967403113754,0.12166274214754189,0.19017164997712946,0.015439495361187314,0.10214544854001657,-0.18992736694954088,-0.00591722208750534,0.3296970000044721,0.38137204670509905
/multi_agv/path_reference,1789710673.0485256,1789710673.047936,world,s_curve,1,4.638319187057603,0.10000058450452916,0.0,0.24121667176337488,-0.02388375498867529,-6.054195252047985,0.4099004318833659,0.12282568299498589,0.19092390041177273,0.015432769168240244,0.10254240440265955,-0.18962643853692568,-0.007006568753963094,0.3281775689296724,0.379704981459999
/multi_agv/path_reference,1789710673.058308,1789710673.0578058,world,s_curve,1,4.639306200817044,0.10000092800386749,3.480220237417748e-05,0.24217807378617656,-0.023660367082908577,-6.055564672547833,0.41091551657614506,0.12396032654809633,0.1916583782342882,0.015425121281727502,0.10292780076050945,-0.18933402329096272,-0.008060260243123743,0.3266948625601593,0.3780752707677033
/multi_agv/path_reference,1789710673.068404,1789710673.0678604,world,s_curve,1,4.640311611947212,0.10000092800386749,0.0,0.2431577091716133,-0.023434168308493094,-6.056957640304881,0.4119494330634392,0.12511640980516428,0.19240728464623633,0.015416236395005261,0.10331855017864772,-0.1890372914991323,-0.00912458163996009,0.325183932005903,0.37641158555262527
/multi_agv/path_reference,1789710673.0783741,1789710673.077866,world,s_curve,1,4.641312114431828,0.10000092800386749,0.0,0.2441328733619793,-0.023210427698792977,-6.058341783172631,0.41297821005730306,0.1262671308855524,0.19315327914308236,0.015406308002749173,0.10370555533912318,-0.1887431464382513,-0.010174677988515953,0.32367984399045774,0.37475250860733017
/multi_agv/path_reference,1789710673.0883853,1789710673.0878625,world,s_curve,1,4.642311710508032,0.10000092800386749,0.0,0.2451074622065541,-0.022988236930456336,-6.059722613435368,0.4140059610742186,0.12741708147146874,0.19389934407397486,0.015395315279435936,0.10409037764505223,-0.1884504037158572,-0.011214826992831122,0.322176640480299,0.37309152384795097
/multi_agv/path_reference,1789710673.0985742,1789710673.0979395,world,s_curve,1,4.6433196125487095,0.10000237535444734,0.00014360373341226236,0.2460904586795095,-0.022765561626802145,-6.061112791538525,0.41504215429760605,0.12857685351879558,0.19465236822212675,0.01538315457400918,0.10447654069051981,-0.18815638014493546,-0.012254513287508075,0.3206605168623535,0.37141337651491485
/multi_agv/path_reference,1789710673.1084704,1789710673.1078355,world,s_curve,1,4.644309180153889,0.10000237535444734,0.0,0.24705587379259164,-0.022548265630732228,-6.062475563414961,0.41605940050809836,0.12971577965675596,0.1953924412129205,0.015370172598195307,0.1048538627195949,-0.1878688322099869,-0.013266390568951363,0.31917160560657093,0.3697625609780843
/multi_agv/path_reference,1789710673.1185703,1789710673.11784,world,s_curve,1,4.645309701619255,0.10000237535444734,0.0,0.24803227531827324,-0.022329901022385426,-6.063851245668959,0.41708780582019495,0.1308675570073933,0.19614146312723132,0.015356006246961408,0.10523352940786038,-0.1875792387219781,-0.014280506195782765,0.3176658961175619,0.36809034265943835
/multi_agv/path_reference,1789710673.1284485,1789710673.1278718,world,s_curve,1,4.646312764144979,0.10000237535444734,0.0,0.24901145702122737,-0.022112329285079887,-6.065228185679307,0.41811871847874016,0.13202249691607496,0.19689315566886686,0.01534076300835287,0.10561230895482691,-0.18729005981841945,-0.015288150657708497,0.31615609538245665,0.3664108082546384
/multi_agv/path_reference,1789710673.138447,1789710673.137835,world,s_curve,1,4.647309251216569,0.1000026866689659,3.1242039303202305e-05,0.24998451530140076,-0.021897517950019908,-6.066593841670516,0.4191427670890209,0.13317009215260817,0.19764068666257312,0.015324597145123568,0.10598676781025182,-0.18700391880543513,-0.016280219934439098,0.31465597924882605,0.3647393297415216
/multi_agv/path_reference,1789710673.1483414,1789710673.1478593,world,s_curve,1,4.648311542444093,0.1000026866689659,0.0,0.25096353603737126,-0.021682795006116036,-6.067965141502933,0.4201726714412749,0.13432459036584501,0.1983933463049938,0.015307318481995957,0.10636155806200934,-0.18671726156235344,-0.017269049072989286,0.3131469637852462,0.3630552344564392
/multi_agv/path_reference,1789710673.1583364,1789710673.1578493,world,s_curve,1,4.649310608284964,0.1000026866689659,0.0,0.2519396981366823,-0.0214700981510424,-6.069329682104188,0.42119915050539025,0.13547558271861118,0.19914436118604537,0.01528908823610537,0.106733294237327,-0.1864326769265596,-0.018245695151822193,0.3116426945986929,0.36137377176088054
/multi_agv/path_reference,1789710673.1685033,1789710673.1678843,world,s_curve,1,4.6503142273481615,0.1000026866689659,0.0,0.25292060012341727,-0.021257772090378105,-6.070698042656119,0.4222301938354298,0.13663202214967352,0.19989958438514832,0.015269771997244688,0.10710486512483544,-0.18614795339321447,-0.01921774465525763,0.31013151114744736,0.35968193354125694
/multi_agv/path_reference,1789710673.178628,1789710673.1778138,world,s_curve,1,4.651307200093397,0.1000034085919546,7.270568095323454e-05,0.2538913815570656,-0.021049018341586307,-6.072049482140808,0.4232501854068711,0.13777638406086318,0.20064757520346238,0.01524968078886577,0.10747065858166505,-0.18586739439528976,-0.020170558955381678,0.3086363510005114,0.3580054543046938
/multi_agv/path_reference,1789710673.1884313,1789710673.1878362,world,s_curve,1,4.652309312950171,0.1000034085919546,0.0,0.2548713837027999,-0.020839672183835693,-6.073410895984056,0.42427944814001356,0.1389314622263595,0.20140324074202648,0.015228425958939314,0.10783796615335497,-0.18558540866380138,-0.021123145489069788,0.30712747167047055,0.3563110217267871
/multi_agv/path_reference,1789710673.1983569,1789710673.197808,world,s_curve,1,4.653306721646605,0.1000034085919546,0.0,0.25584706732391327,-0.020632632515190694,-6.074763420761232,0.42530375979162355,0.14008129153431212,0.20215615064580403,0.015206304102737253,0.10820169969416958,-0.18530590134247893,-0.02206228559036951,0.3056257689444156,0.35462211526073245
/multi_agv/path_reference,1789710673.2083757,1789710673.2078528,world,s_curve,1,4.654311067879504,0.1000034085919546,0.0,0.2568298191597226,-0.020425485161276,-6.0761227954534665,0.4263350735864143,0.14123928440862565,0.20291509948412773,0.015183063275054712,0.10856609702901832,-0.18502561578790105,-0.022998912068360137,0.3041137658461073,0.3529191022225269
/multi_agv/path_reference,1789710673.2183638,1789710673.217847,world,s_curve,1,4.65531054139244,0.10000466396654567,0.00012560944588063978,0.25780808142419276,-0.020220667949948045,-6.077472988334977,0.4273612597391159,0.14239181549818616,0.20367116903527613,0.015158983310457095,0.10892686613296558,-0.18474785329326682,-0.02392198477114325,0.3026092926451006,0.35122208899580565
/multi_agv/path_reference,1789710673.2284327,1789710673.2278326,world,s_curve,1,4.656309325773237,0.10000466396654567,0.0,0.2587859442828882,-0.020017310346189292,-6.078819634230995,0.428386612707063,0.14354369895216668,0.20442752118943475,0.015133980811790761,0.1092855314289774,-0.18447144327933607,-0.024835444528682468,0.3011060998123704,0.3495240782935228
/multi_agv/path_reference,1789710673.2383244,1789710673.237847,world,s_curve,1,4.657310655972765,0.10000466396654567,0.0,0.2597665733708722,-0.019814755155078325,-6.080167049281247,0.42941445120215754,0.1446986571951871,0.20518661171527192,0.015107981669822492,0.10964324833248326,-0.18419549546754074,-0.025742227064820294,0.2995993686746132,0.3478196515810278
/multi_agv/path_reference,1789710673.2484226,1789710673.247913,world,s_curve,1,4.658317303920299,0.10000466396654567,0.0,0.2607526841892076,-0.019612454915748662,-6.081518893651201,0.430447617096974,0.14585988017570475,0.20595055529494397,0.015080912540130453,0.1100009841479334,-0.18391926143530984,-0.0266447387309833,0.2980849812828019,0.3461041539005317
/multi_agv/path_reference,1789710673.2586048,1789710673.2579677,world,s_curve,1,4.659322887375102,0.1000059028722559,0.00012320994695499244,0.2617380240922268,-0.0194116983363335,-6.082866541010373,0.4314795573148819,0.14701999756618184,0.20671451739561653,0.015052948756336074,0.11035645796547133,-0.18364450173080793,-0.027537202646825326,0.2965725906370105,0.34438853687872667
/multi_agv/path_reference,1789710673.2684128,1789710673.2678819,world,s_curve,1,4.6603142990934145,0.1000059028722559,0.0,0.26270974131244085,-0.019215070026274553,-6.084192451074565,0.4324968223381771,0.14816387647971466,0.20746852511943067,0.01502448483006167,0.1107050779482518,-0.18337477285713716,-0.028408194623567536,0.2950819489339965,0.3426952919941458
/multi_agv/path_reference,1789710673.2784922,1789710673.2778363,world,s_curve,1,4.661309958962476,0.1000059028722559,0.0,0.2636858835308516,-0.019018894606312967,-6.085521263114313,0.43351831257590684,0.14931275923332882,0.20822657878331902,0.014995014969862906,0.11105334854503508,-0.18310504733383692,-0.029274033821839365,0.29358540177702547,0.3409930717587518
/multi_agv/path_reference,1789710673.2883668,1789710673.2878804,world,s_curve,1,4.662314428351521,0.1000059028722559,0.0,0.26467092555989136,-0.018822296536498487,-6.0868589730047455,0.43454870337982376,0.15047190247010211,0.20899217082974808,0.014964396153992254,0.1114028282487663,-0.18283411401225402,-0.0301385149503868,0.29207615047264507,0.339274129930211
/multi_agv/path_reference,1789710673.2984695,1789710673.2978601,world,s_curve,1,4.66331233858174,0.10000625648710133,3.543775367676904e-05,0.2656497945720527,-0.018628285877779878,-6.088185067303284,0.43557222735216666,0.15162356263812005,0.2097535937258712,0.014933103218734561,0.11174816303439525,-0.18256612388646945,-0.03098838466756481,0.2905773362211274,0.3375648467326194
/multi_agv/path_reference,1789710673.3083673,1789710673.3078492,world,s_curve,1,4.6643112999777205,0.10000625648710133,0.0,0.26662995123108263,-0.018435369715890923,-6.089509646787516,0.43659668966030596,0.15277651324622077,0.210516650786721,0.014900914236162882,0.11209200158617441,-0.18229902497001008,-0.03183020251196346,0.28907757094543785,0.3358522848515613
/multi_agv/path_reference,1789710673.318347,1789710673.3178556,world,s_curve,1,4.6653119920819766,0.10000625648710133,0.0,0.2676120610680222,-0.018243419705586433,-6.090833564335632,0.43762278502043506,0.15393153028878415,0.21128186789484737,0.01486781314939007,0.11243456972549837,-0.18203264199164776,-0.0326645080371186,0.2875758839379195,0.33413535820359475
/multi_agv/path_reference,1789710673.3285806,1789710673.3278854,world,s_curve,1,4.666314989330444,0.10000625648710133,0.0,0.26859668709262463,-0.01805233092456316,-6.092157526079572,0.43865110003409846,0.15508926855547195,0.21204969268830337,0.014833785281682332,0.11277605260527965,-0.1817668306606515,-0.03349173045026775,0.28607146414314005,0.33241315804746246
/multi_agv/path_reference,1789710673.3389194,1789710673.337935,world,s_curve,1,4.667320076713279,0.10000684393659742,5.845160438716904e-05,0.26958361758750865,-0.017862150233789426,-6.093481192530381,0.43968141178944986,0.1562494715796337,0.21281996939344228,0.014798841907204104,0.1131163646022923,-0.1815016572108647,-0.03431163808511103,0.2845646857173237,0.3306861304576052
/multi_agv/path_reference,1789710673.348891,1789710673.3479567,world,s_curve,1,4.668322444910029,0.10000684393659742,0.0,0.27056812758987814,-0.017673783810793636,-6.094798197301705,0.4407087889444463,0.15740657915022926,0.21358901467495872,0.014763160463137689,0.11345387900198207,-0.1812383908975007,-0.03512032136943894,0.2830628043043659,0.3289626254573967
/multi_agv/path_reference,1789710673.3585079,1789710673.3578753,world,s_curve,1,4.669314371892237,0.10000684393659742,0.0,0.2715426255331796,-0.017488654787362574,-6.0960984203605,0.4417253183205866,0.15855166791063843,0.21435089036831365,0.014727041319148006,0.11378603239771934,-0.1809790380789551,-0.0359117324085929,0.281577419213732,0.3272560261583601
/multi_agv/path_reference,1789710673.3685439,1789710673.3678086,world,s_curve,1,4.670307764674757,0.10000684393659742,0.0,0.272518803638762,-0.017304520638113056,-6.097397476963585,0.4427432028314323,0.15969847455628494,0.2151147335285687,0.014690071397016991,0.11411683738911772,-0.18072047070047392,-0.03669549677969503,0.2800907330928948,0.3255459430593658
/multi_agv/path_reference,1789710673.3783822,1789710673.3778565,world,s_curve,1,4.671312459728422,0.10000659484033343,-2.4794855969748362e-05,0.27350633030122334,-0.017119579851937083,-6.098708136049789,0.443772517276614,0.1608583466693537,0.21588812695770224,0.014651878610986917,0.11444953424280034,-0.1804601524095985,-0.03747921055409193,0.2785880874314969,0.32381550790777025
/multi_agv/path_reference,1789710673.3884032,1789710673.3878665,world,s_curve,1,4.672313472639272,0.10000659484033343,0.0,0.27449047767474577,-0.016936602666502834,-6.1000107795136485,0.4447979070605129,0.16201397721596814,0.21665954874775614,0.014613032767395916,0.11477913991784656,-0.18020198068475102,-0.038251089305334,0.27709194920213087,0.32209060228854747
/multi_agv/path_reference,1789710673.3983057,1789710673.3978028,world,s_curve,1,4.673307426284605,0.10000659484033343,0.0,0.27546791946030325,-0.016756182975055253,-6.101301030599772,0.4458159140267163,0.16316145895679565,0.2174263853973977,0.014573686912981568,0.11510457285917353,-0.17994680869732088,-0.039008679260753354,0.2756073941094563,0.32037714064386763
/multi_agv/path_reference,1789710673.4083695,1789710673.4078581,world,s_curve,1,4.674312960993641,0.10000659484033343,0.0,0.2764569856428381,-0.01657494282503807,-6.102603030603485,0.4468456273011554,0.1643223029865778,0.21820302664078106,0.014533107480848018,0.11543192421444512,-0.17968986017040736,-0.03976613438966205,0.27410663286058135,0.3186430672040186
/multi_agv/path_reference,1789710673.4183238,1789710673.417821,world,s_curve,1,4.675309253993714,0.10000607288694201,-5.2392728748027177e-05,0.2774371931085293,-0.016396637114273586,-6.103889772866441,0.44786572174214856,0.16547246205121743,0.21897339553222187,0.014492141232880593,0.11575440903846718,-0.17943646161416854,-0.040507745033253176,0.27262079113344356,0.3169243710157104
/multi_agv/path_reference,1789710673.4283364,1789710673.4278529,world,s_curve,1,4.676312479614772,0.10000607288694201,0.0,0.2784244519651866,-0.016218363577663097,-6.105182125258164,0.4488927574515793,0.16663060008121638,0.21974999836276404,0.014450135319379387,0.11607727006511792,-0.1791824961174866,-0.041245589215985486,0.2711257870797508,0.3151932340826659
/multi_agv/path_reference,1789710673.4383273,1789710673.43782,world,s_curve,1,4.677309354950208,0.10000607288694201,0.0,0.27940568871750865,-0.016042480856156595,-6.106462941217105,0.4499131350702702,0.16778137484438585,0.2205225562378698,0.014407654418750238,0.11639623158229384,-0.17893132856951388,-0.04196989762377221,0.26964145919193194,0.31347265777904465
/multi_agv/path_reference,1789710673.4485304,1789710673.4478602,world,s_curve,1,4.678313264012768,0.10000607288694201,0.0,0.2803940753869911,-0.015866625643581506,-6.107749380770582,0.45094055289872914,0.16894022822998525,0.22130144503225888,0.014364136972307519,0.11671557509959057,-0.17867958900264264,-0.042690393689723494,0.268147923658922,0.31173962297828806
/multi_agv/path_reference,1789710673.4585934,1789710673.4578228,world,s_curve,1,4.679309579265345,0.10000604790709551,-2.5073747681921938e-06,0.28137520824441714,-0.0156933563103438,-6.109022670492537,0.4519600400144346,0.1700902669435101,0.2220753177753066,0.014320226781230273,0.1170306499569991,-0.1784309456692608,-0.0433965950572702,0.2666669838627836,0.3100194617933916
/multi_agv/path_reference,1789710673.468637,1789710673.4678185,world,s_curve,1,4.680309285422988,0.10000604790709551,0.0,0.282359900978089,-0.015520751316286304,-6.110296838553033,0.4529828366141344,0.1712441626568448,0.22285270366328766,0.014275453726267323,0.11734494289152941,-0.17818265056665566,-0.04409635233799447,0.265182346309245,0.3082932907252866
/multi_agv/path_reference,1789710673.4785306,1789710673.4778047,world,s_curve,1,4.681308070024899,0.10000604790709551,0.0,0.283343904525587,-0.015349556798674203,-6.111566344129552,0.4540045291082009,0.1723969294382779,0.2236302550302821,0.014230017523349181,0.11765709235457683,-0.17793578027394863,-0.04478662300236841,0.2637004625530689,0.30656863535818707
/multi_agv/path_reference,1789710673.4887125,1789710673.487854,world,s_curve,1,4.682312933494433,0.10000604790709551,0.0,0.2843341151811409,-0.015178579282890913,-6.112840026349413,0.4550322763029737,0.17355663824493986,0.2244134309955089,0.014183603701771127,0.11796927313557454,-0.17768861468601843,-0.04547218573055484,0.2622109993788666,0.30483348760478474
/multi_agv/path_reference,1789710673.4986575,1789710673.4978616,world,s_curve,1,4.6833137767571245,0.1000063613098728,3.13158638810715e-05,0.2853205796284374,-0.015009537883717068,-6.114105042205872,0.45605574778628133,0.17471162542853025,0.22519436567050044,0.014136685784414384,0.11827834322631806,-0.17744364266188364,-0.04614613261093033,0.2607289726978782,0.3031053660053109
/multi_agv/path_reference,1789710673.5083883,1789710673.5078683,world,s_curve,1,4.684314442808544,0.1000063613098728,0.0,0.28630708210426914,-0.01484177234345763,-6.115366240474342,0.4570788736317306,0.17586631827311644,0.22597605440796026,0.014089097303015552,0.1185855025458676,-0.17719991687925607,-0.046811116995167344,0.2592487243528564,0.30137771393323004
/multi_agv/path_reference,1789710673.5183501,1789710673.517836,world,s_curve,1,4.685311483829379,0.1000063613098728,0.0,0.28729022022960343,-0.014675850400201196,-6.1166192656152045,0.4580981287926059,0.17701673078457875,0.22675580111162547,0.014041015242360965,0.11888970476136747,-0.17695827120433205,-0.047464908002262794,0.25777538709673964,0.29965656160171406
/multi_agv/path_reference,1789710673.5286987,1789710673.5278275,world,s_curve,1,4.686310552879214,0.1000063613098728,0.0,0.2882755655632782,-0.014510824926733426,-6.117871200476758,0.4591192919050089,0.17816937786744613,0.2275380269173795,0.013992177891773762,0.11919268075314846,-0.1767173334251225,-0.048111243931458124,0.2563006445399997,0.2979322279520506
/multi_agv/path_reference,1789710673.5383348,1789710673.537832,world,s_curve,1,4.687311044709822,0.10000642031542567,5.898033288396157e-06,0.2892625200972218,-0.014346798958578981,-6.119121237666478,0.4601417427636292,0.17932355273792494,0.22832226479011114,0.013942620634695688,0.11949423905283016,-0.17647725656326282,-0.048749698309218735,0.2548254391285301,0.2962058373200479
/multi_agv/path_reference,1789710673.548576,1789710673.5479448,world,s_curve,1,4.688322531446292,0.10000642031542567,0.0,0.29026052805874525,-0.014182222565063372,-6.120381237545844,0.46117525973711293,0.18049028761609898,0.22911603682302373,0.013891866829101877,0.11979723225232135,-0.17623576677661335,-0.04938622616855957,0.2533357289666949,0.2944609594685394
/multi_agv/path_reference,1789710673.5584557,1789710673.5578737,world,s_curve,1,4.689315494393552,0.10000642031542567,0.0,0.2912404597902785,-0.01402188202345763,-6.121614441424027,0.4621896825729431,0.1816355267578618,0.22989617004003057,0.013841413366767008,0.1200928399684231,-0.17599989940556302,-0.05000236204914235,0.2518750101508422,0.2927485877467633
/multi_agv/path_reference,1789710673.568415,1789710673.567809,world,s_curve,1,4.690309094681729,0.10000642031542567,0.0,0.29222121736933215,-0.013862646421302877,-6.122844717691007,0.4632045903217679,0.18278136540270162,0.2306776963835268,0.01379031316367195,0.12038681838776816,-0.17576507081534876,-0.050610242216519455,0.2504150887169138,0.29103573975790853
/multi_agv/path_reference,1789710673.5784228,1789710673.577857,world,s_curve,1,4.69131380375345,0.10000636759393633,-5.24777250602018e-06,0.293213138252018,-0.013702855465454876,-6.1240849368208625,0.46423067542667207,0.18393986916422056,0.23146887016516127,0.013738026056752235,0.1206822354593416,-0.1755288279124585,-0.05121613092870353,0.24894064940325655,0.2893044517959424
/multi_agv/path_reference,1789710673.5886567,1789710673.5878456,world,s_curve,1,4.692312861065312,0.10000636759393633,0.0,0.29419967477945475,-0.013545181547185958,-6.125314349664106,0.4652508188750638,0.18509170298761693,0.23225650247568339,0.013685428133523919,0.12097414974564916,-0.17529512252073096,-0.05180986133425229,0.24747634300001978,0.28758368724752115
/multi_agv/path_reference,1789710673.598502,1789710673.5978081,world,s_curve,1,4.693309158201428,0.10000636759393633,0.0,0.295183677735039,-0.013389149367771818,-6.126536534470447,0.4662679749071974,0.1862401948743625,0.23304286342355707,0.013632383917898496,0.12126343152908839,-0.17506326355030236,-0.052393274580835016,0.24601794718391043,0.28586853123138284
/multi_agv/path_reference,1789710673.6085198,1789710673.6078253,world,s_curve,1,4.694310840180408,0.10000636759393633,0.0,0.29617319027452443,-0.013233484363806716,-6.127761439567161,0.4672904579054668,0.18739472573421104,0.23383438718389535,0.013578466675243607,0.12155244091124487,-0.17483136067790864,-0.05297111868790556,0.24455358550969702,0.2841450407150341
/multi_agv/path_reference,1789710673.618379,1789710673.6178534,world,s_curve,1,4.695313723853253,0.10000586072862677,-5.054374991660639e-05,0.2971640798745536,-0.013078844994956911,-6.12898388310299,0.46831399573747784,0.18855046475380494,0.23462777913237798,0.013523904865047245,0.12183995506790267,-0.17460039491782067,-0.05354090752885434,0.24308943121660864,0.2824204979837026
/multi_agv/path_reference,1789710673.6285186,1789710673.6278794,world,s_curve,1,4.696316472018158,0.10000586072862677,0.0,0.29815502354233864,-0.012925435728145319,-6.130202200931461,0.46933722298293434,0.18970586296793307,0.23542198467614844,0.013468779446398507,0.12212559007583293,-0.17437067670666742,-0.05410188093075228,0.24162747847498758,0.2806972794195526
/multi_agv/path_reference,1789710673.6383593,1789710673.6378515,world,s_curve,1,4.697313774563929,0.10000586072862677,0.0,0.29914077007316553,-0.01277405533993177,-6.131409946998272,0.4703547221680846,0.19085479589904564,0.23621279215236624,0.013413396006824927,0.12240785098322172,-0.17414341300984199,-0.054651154740928,0.2401754906139185,0.27898457554604217
/multi_agv/path_reference,1789710673.6487124,1789710673.6478748,world,s_curve,1,4.698315861990111,0.10000586072862677,0.0,0.30013142914279545,-0.012623145787155947,-6.132619487269605,0.4713769307650637,0.19200904209897335,0.23700831456434918,0.01335719628406611,0.12268963786592663,-0.1739162715114606,-0.05519438617335324,0.238718608959508,0.27726489013114125
/multi_agv/path_reference,1789710673.6586192,1789710673.657844,world,s_curve,1,4.699313104233292,0.10000527915466452,-5.8321302413525394e-05,0.3011174784983213,-0.01247415371059845,-6.133819171636746,0.4723940250914549,0.1931575018539451,0.23780090854956387,0.013300729162658991,0.12296824527489557,-0.17369143556934993,-0.05572636983705888,0.2372708715379148,0.27555482247867613
/multi_agv/path_reference,1789710673.6690564,1789710673.6679053,world,s_curve,1,4.700319195543605,0.10000527915466452,0.0,0.30211245766994343,-0.012325036145533756,-6.135025423237559,0.4734199706419153,0.19431593713973183,0.23860146522818304,0.013243225417538265,0.12324749116579017,-0.17346582501992971,-0.05625437376131291,0.23581244836478008,0.2738309714394859
/multi_agv/path_reference,1789710673.6784182,1789710673.6778033,world,s_curve,1,4.7013091543023,0.10000527915466452,0.0,0.30309165710934877,-0.012179479676354004,-6.1362083085256645,0.47442929454648297,0.1954555787051528,0.23939009807641043,0.013186126909358411,0.1235204636757557,-0.17324502961417615,-0.05676539628219772,0.23437956596208787,0.27213619752781126
/multi_agv/path_reference,1789710673.6883442,1789710673.6878054,world,s_curve,1,4.702309420805128,0.10000527915466452,0.0,0.30408122610477745,-0.012033581905344284,-6.137399430173866,0.47544895551348887,0.1966068591579998,0.2401878636428436,0.013127922765534563,0.12379447281601802,-0.17302314129758545,-0.057273176441081916,0.232933971956245,0.270425295132383
/multi_agv/path_reference,1789710673.6985724,1789710673.6979368,world,s_curve,1,4.703322495522696,0.10000489796037876,-3.76293031398508e-05,0.30508364239010366,-0.011887015029741033,-6.138601597097153,0.47648149628942327,0.19777264105988926,0.24099678982099834,0.013068458892977721,0.12407014363984406,-0.1727996476220449,-0.057778700891337506,0.23147216716037952,0.268694113692875
/multi_agv/path_reference,1789710673.708418,1789710673.7078593,world,s_curve,1,4.7043146974179715,0.10000489796037876,0.0,0.3060655753409042,-0.011744634670235671,-6.139774866152264,0.47749259074909045,0.1989141621612031,0.24178997311241884,0.013009726324172235,0.12433833507099606,-0.17258196540587534,-0.05826528273213713,0.23004276029887596,0.2670002605831788
/multi_agv/path_reference,1789710673.7185261,1789710673.7178884,world,s_curve,1,4.70531764233941,0.10000489796037876,0.0,0.307058308869581,-0.011601881254148308,-6.1409566606396195,0.47851445912757273,0.20006779258177837,0.24259267489939185,0.012949870999182978,0.12460762437768871,-0.17236313913931664,-0.058748573459663396,0.2286002057397568,0.2652898082018427
/multi_agv/path_reference,1789710673.728454,1789710673.727891,world,s_curve,1,4.706318020335128,0.10000489796037876,0.0,0.3080486686894683,-0.011460659991692521,-6.142131220945215,0.47953353818471345,0.20121821244505655,0.2433942554386347,0.012889689784003032,0.1248744184680012,-0.1721460882270818,-0.05922207119003708,0.22716371197941992,0.26358554775270415
/multi_agv/path_reference,1789710673.738417,1789710673.7378583,world,s_curve,1,4.707314811533995,0.10000340091487257,-0.00015019157684475798,0.30903564165774877,-0.011321100183982875,-6.143297363759962,0.48054879053179944,0.20236424418822324,0.24419389025322352,0.012829257231751795,0.12513846511614005,-0.1719310228998405,-0.05968538882196763,0.2257347572916177,0.26188926991611305
/multi_agv/path_reference,1789710673.7483814,1789710673.747851,world,s_curve,1,4.7083140677166915,0.10000340091487257,0.0,0.310025217702893,-0.011182348409081935,-6.1444621517546665,0.4815663802683724,0.2035128390230419,0.2449964338172645,0.012768216212315818,0.12540137385664057,-0.17171663529620218,-0.060141370734911215,0.22430469747967477,0.26019074253273394
/multi_agv/path_reference,1789710673.7583103,1789710673.7578187,world,s_curve,1,4.709310899816949,0.10000340091487257,0.0,0.31101255322640536,-0.011045079740220395,-6.145619861667262,0.4825813286341335,0.2046583702192478,0.24579796082583463,0.012706873970843507,0.12566186140352711,-0.17150397459503183,-0.06058780281414262,0.2228805645855378,0.25849834499356544
/multi_agv/path_reference,1789710673.768476,1789710673.7678666,world,s_curve,1,4.710315663586948,0.10000340091487257,0.0,0.3120079046789615,-0.010907873311555957,-6.146782461142647,0.4836041781400071,0.20581272893020036,0.24660680696667697,0.012644598624146405,0.12592262273259983,-0.17129084129141411,-0.061029270705132165,0.22144761945068941,0.2567945816138024
/multi_agv/path_reference,1789710673.7783108,1789710673.777821,world,s_curve,1,4.71131123219763,0.10000247208388711,-9.329883816870596e-05,0.3129943035263059,-0.010773062102086634,-6.1479301175218986,0.48461749412006744,0.2069562320703645,0.2474091843884857,0.012582460808295733,0.1261792193754582,-0.17108086649001383,-0.061458283418625276,0.22003031741997153,0.25510855833478474
/multi_agv/path_reference,1789710673.788344,1789710673.7878263,world,s_curve,1,4.712311712229725,0.10000247208388711,0.0,0.31398572345700193,-0.010638724081158481,-6.149079096765619,0.48563563577146085,0.2081050772884836,0.24821645731106123,0.01251959197244408,0.12643530251373303,-0.17087106672965258,-0.06188099258016745,0.21860859443137276,0.25341643942286046
/multi_agv/path_reference,1789710673.79855,1789710673.7979016,world,s_curve,1,4.713319437140914,0.10000247208388711,0.0,0.3149844777018115,-0.010504562457479992,-6.150231975896193,0.48666097467709735,0.20926193164747026,0.24903052678086673,0.012455846648079706,0.12669144060306003,-0.1706609746235797,-0.06229824919466074,0.2171792163575283,0.25171438746915686
/multi_agv/path_reference,1789710673.808526,1789710673.8078775,world,s_curve,1,4.714317070002625,0.10000247208388711,0.0,0.3159733811939423,-0.010372876840611354,-6.15136891651037,0.4876758718278113,0.2104068871442478,0.2498373846097677,0.01239233148538742,0.12694323777837946,-0.17045419978560095,-0.06270292995289767,0.2157667972885619,0.2500317421932233
/multi_agv/path_reference,1789710673.8184881,1789710673.8179781,world,s_curve,1,4.715326968912597,0.10000214976356803,-3.191678345523032e-05,0.3169745948866599,-0.010240714677378327,-6.152515361322776,0.48870307173245553,0.21156559552464385,0.2506551174028802,0.012327631301515212,0.1271963358348417,-0.17024611116849186,-0.06310409653444175,0.21433972647783814,0.24833086936621582
/multi_agv/path_reference,1789710673.8283865,1789710673.8278599,world,s_curve,1,4.716315167456073,0.10000214976356803,0.0,0.3179544407008865,-0.010112502200192712,-6.15363279175708,0.4897080288836459,0.2126990834594608,0.25145620975955274,0.01226393510218167,0.1274422497060205,-0.1700436914087803,-0.06348839417381558,0.2129459966220634,0.2466690063620629
/multi_agv/path_reference,1789710673.8384569,1789710673.8379197,world,s_curve,1,4.717321232783633,0.10000214976356803,0.0,0.3189521484504606,-0.009983093620786834,-6.1547659527389795,0.4907309824630456,0.213852730430176,0.2522727324581601,0.012198704892335783,0.12769084121002083,-0.16983882696471714,-0.06387127834788651,0.21152982119043715,0.24497966456451759
/multi_agv/path_reference,1789710673.8484972,1789710673.8478773,world,s_curve,1,4.718316962889016,0.10000214976356803,0.0,0.31993975035879496,-0.009856125871252296,-6.155883007656691,0.49174325547953224,0.21499418722460473,0.2530818083722478,0.012133772451131935,0.12793512486132397,-0.16963727492621278,-0.06424194251222448,0.2101309622609316,0.24331029341308755
/multi_agv/path_reference,1789710673.8586278,1789710673.857888,world,s_curve,1,4.719318214441075,0.10000076425520843,-0.0001383787066864581,0.32093297072178684,-0.009729564125554108,-6.157001756064735,0.492760969486683,0.2161416269726614,0.253896315706016,0.0120681155778187,0.12817900803460072,-0.16943581598908178,-0.06460637025705027,0.20872715638537645,0.24163435481364504
/multi_agv/path_reference,1789710673.8687606,1789710673.8678489,world,s_curve,1,4.72031421325299,0.10000076425520843,0.0,0.3219211200828244,-0.009604766805846631,-6.158110136507987,0.49377317341870863,0.21728269583519466,0.25470749099456985,0.012002448753785222,0.12841986929573146,-0.16923661846705662,-0.06496065768086161,0.20733354313988184,0.2399699482136715
/multi_agv/path_reference,1789710673.8787143,1789710673.8778236,world,s_curve,1,4.721311609575585,0.10000076425520843,0.0,0.32291079366024455,-0.009480889721889598,-6.159215554872674,0.4947866270068767,0.21842500828050979,0.25552074569334704,0.011936344259199675,0.12865933126236975,-0.16903834468723825,-0.06530723936852116,0.2059408332644286,0.23830600814090033
/multi_agv/path_reference,1789710673.888412,1789710673.8878512,world,s_curve,1,4.722314460039863,0.10000076425520843,0.0,0.3239060162964083,-0.009357435867102158,-6.160322439724287,0.4958054507594412,0.21957320021113244,0.2563393979186511,0.011869538276412756,0.1288983542023051,-0.16884020008002437,-0.06564746204028363,0.20454342416098928,0.23663585967849277
/multi_agv/path_reference,1789710673.8985033,1789710673.8978539,world,s_curve,1,4.723314642918597,0.09999944797738829,-0.00013160298801136833,0.3248987268651358,-0.009235405478208177,-6.161421787209236,0.49682139326830566,0.22071796495082022,0.2571568223762814,0.011802578665344239,0.12913499904151812,-0.16864379414148692,-0.0659785580774165,0.20315267722458322,0.2349731041259452
/multi_agv/path_reference,1789710673.908374,1789710673.9078357,world,s_curve,1,4.724312987807477,0.09999944797738829,0.0,0.3258897460923386,-0.009114685520474442,-6.162514520015986,0.49783529874298693,0.22186024822772799,0.25797369130630077,0.011735420562303797,0.12936947810135266,-0.16844895522507977,-0.06630087997434153,0.2017674508077294,0.23331640502776368
/multi_agv/path_reference,1789710673.91867,1789710673.9178095,world,s_curve,1,4.725310337201853,0.09999944797738829,0.0,0.32687990798529076,-0.008995165057559934,-6.163601560030347,0.4988480239408547,0.2230010093817789,0.25879069063323856,0.011668017047181215,0.12960200094853597,-0.168255513168397,-0.06661475708333855,0.2003865947379076,0.23166441344189753
/multi_agv/path_reference,1789710673.9286382,1789710673.927808,world,s_curve,1,4.7263101814824555,0.09999944797738829,0.0,0.327872676324854,-0.0088764236997393,-6.164686681526463,0.49986311309385434,0.22414423361406807,0.2596106822666396,0.011600139977022894,0.1298333819118151,-0.16806279298805588,-0.06692129254187712,0.19900531453938552,0.23001141649658513
/multi_agv/path_reference,1789710673.9385154,1789710673.937805,world,s_curve,1,4.727309857374318,0.09999820863776665,-0.0001239719223662756,0.3288654054262602,-0.008758777103700884,-6.165766958517596,0.500877862195285,0.2252868682232323,0.2604314858602632,0.011531977349605371,0.13006300299899398,-0.16787131165970204,-0.06721966482888976,0.19762733122143422,0.22836188944702687
/multi_agv/path_reference,1789710673.9485042,1789710673.9478073,world,s_curve,1,4.728310091656178,0.09999820863776665,0.0,0.32985881538046485,-0.008642135842926274,-6.166843154519882,0.5018930093618825,0.22642973757558776,0.26125369920392416,0.011463487777442926,0.1302910346543768,-0.16768092996059858,-0.06751010985847657,0.1962516757261845,0.2267146958395237
/multi_agv/path_reference,1789710673.958473,1789710673.9578059,world,s_curve,1,4.72930992274526,0.09999820863776665,0.0,0.33085194950122804,-0.008526607802509651,-6.167914214975743,0.5029075791406619,0.22757173681821477,0.26207653254480734,0.011394745298571606,0.13051726177882628,-0.16749183048492683,-0.06779237058983802,0.19487970200570903,0.22507148039753938
/multi_agv/path_reference,1789710673.9684606,1789710673.9678066,world,s_curve,1,4.73030999123009,0.09999820863776665,0.0,0.33184544236885166,-0.00841211413298812,-6.168980808683893,0.5039222221269949,0.22871359172109443,0.26290051325846553,0.011325714219377678,0.1307418343628009,-0.16730389098114296,-0.06806665427641655,0.19351056078940373,0.22343124946942583
/multi_agv/path_reference,1789710673.9785876,1789710673.977877,world,s_curve,1,4.731316931184904,0.0999971751659382,-0.00010263200200213011,0.33284588403390203,-0.008297901830881296,-6.170049942005426,0.5049436678121781,0.22986286642318415,0.2637311178663436,0.011255942256808765,0.13096622881226233,-0.167115876561715,-0.06833471949218108,0.1921352341638379,0.22178321871703283
/multi_agv/path_reference,1789710673.9884264,1789710673.9878354,world,s_curve,1,4.732312812452116,0.0999971751659382,0.0,0.3338354576994386,-0.00818599398248487,-6.171102589100639,0.505953729423258,0.23099909310021666,0.26455355057484103,0.011186681073001348,0.13118646425807245,-0.16693112727852844,-0.0685918683508255,0.19077822198801947,0.2201567712741087
/multi_agv/path_reference,1789710673.9986458,1789710673.9978926,world,s_curve,1,4.733318498942339,0.0999971751659382,0.0,0.3348348931638313,-0.008074038750034792,-6.172160794150034,0.5069735687775558,0.23214607075410915,0.2653850399598289,0.01111648906847317,0.13140716339600547,-0.16674576871458305,-0.06884352888279184,0.18941111867597363,0.21851788526766766
/multi_agv/path_reference,1789710674.008576,1789710674.007803,world,s_curve,1,4.734309470248253,0.0999971751659382,0.0,0.335819820046506,-0.007964754368515596,-6.173198774041725,0.5079783223073498,0.2332758316124624,0.2662053062197057,0.011047086660249268,0.13162296155247344,-0.1665643113182695,-0.06908364909868013,0.18806726202327875,0.2169065508589693
/multi_agv/path_reference,1789710674.018822,1789710674.017874,world,s_curve,1,4.735316504749287,0.09999553173638466,-0.0001631876682566899,0.3368208274820908,-0.00785474297725455,-6.174248740102952,0.5089991966308778,0.23442345790911356,0.267039827906281,0.01097632702059851,0.13184056368884328,-0.16638111964120544,-0.06931969702010482,0.18670494976091143,0.21527278728507557
/multi_agv/path_reference,1789710674.0288453,1789710674.0278172,world,s_curve,1,4.736310831618156,0.09999553173638466,0.0,0.33780931592113883,-0.007747149113150924,-6.175280653951203,0.5100070254366532,0.2355561543627821,0.26786476796398107,0.0109062376466449,0.13205374842087997,-0.16620143340697763,-0.06954491524765267,0.18536314857963881,0.2136633460633315
/multi_agv/path_reference,1789710674.038811,1789710674.037862,world,s_curve,1,4.737315068644193,0.09999553173638466,0.0,0.3388077681865833,-0.007639515536072535,-6.176317991844479,0.5110247349151731,0.2366996823865138,0.26869888725806296,0.010835234010370369,0.13226737784036421,-0.16602115845895218,-0.06976448683241059,0.18401135191179166,0.2120416588227156
/multi_agv/path_reference,1789710674.0485759,1789710674.0478637,world,s_curve,1,4.738315209053286,0.09999553173638466,0.0,0.3398022576267412,-0.007533348202901989,-6.1773462266263905,0.5120381296924246,0.23783808291305947,0.2695305602747395,0.010764312133150076,0.13247846228092036,-0.16584281902277642,-0.06997530783546226,0.18266847240150302,0.21043043360303426
/multi_agv/path_reference,1789710674.058551,1789710674.0578375,world,s_curve,1,4.739312734697001,0.09999360896532587,-0.0001927417290909152,0.3407942550449988,-0.00742847473125805,-6.178366914598541,0.5130487135912659,0.23897304179075787,0.2703610097529725,0.010693377021041903,0.13268733640879282,-0.16566613762360888,-0.07017779687887674,0.1813325147144769,0.20882730004235675
/multi_agv/path_reference,1789710674.0685625,1789710674.0678928,world,s_curve,1,4.740318003245833,0.09999360896532587,0.0,0.34179405993932443,-0.007323808882834988,-6.179390600351325,0.5140669793082878,0.24011633457051132,0.2711988659391741,0.01062169896995743,0.13289616174839938,-0.16548928736686178,-0.07037402429893291,0.17998966210581838,0.20721569787335445
/multi_agv/path_reference,1789710674.0784316,1789710674.0778663,world,s_curve,1,4.741315271206019,0.09999360896532587,0.0,0.3427860128609633,-0.00722098524413226,-6.180401238226398,0.5150769806579452,0.2412500510074344,0.2720310069175102,0.010550407936464012,0.13310167312036256,-0.16531503678922335,-0.07056094801804888,0.1786609717976526,0.20562091953556885
/multi_agv/path_reference,1789710674.0883534,1789710674.0878472,world,s_curve,1,4.742313333915408,0.09999360896532587,0.0,0.34377885957763205,-0.007119080953297498,-6.181407779219322,0.516087627731215,0.24238418964242867,0.2728647613592524,0.010478885332464395,0.1333057064196274,-0.16514183461198428,-0.07074032870639595,0.17733471575843468,0.20402891077860347
/multi_agv/path_reference,1789710674.0985641,1789710674.0978882,world,s_curve,1,4.743317310242391,0.0999922242243475,-0.00013791493552232307,0.344777691708768,-0.007017578474048856,-6.182415320969605,0.5171041030863173,0.2435245570505873,0.27370441498939924,0.010406770631028895,0.13350929696937772,-0.1649688030225532,-0.07091303753261143,0.17600415510171089,0.2024316013932467
/multi_agv/path_reference,1789710674.1083767,1789710674.107872,world,s_curve,1,4.7443156650065275,0.0999922242243475,0.0,0.34577103176435586,-0.00691764006190052,-6.183412270330267,0.5181147286944332,0.24465804557974438,0.27454032101889,0.010334899706888735,0.13371010977727799,-0.16479792966986828,-0.07107711584938765,0.17468460643002343,0.2008473987732756
/multi_agv/path_reference,1789710674.1185062,1789710674.117853,world,s_curve,1,4.745313812686768,0.0999922242243475,0.0,0.3467642646414628,-0.006818709978643759,-6.184404062945965,0.5191249877471245,0.24579080172785978,0.2753770044494041,0.010262892126938691,0.13390925379272345,-0.16462827585559342,-0.0712335498687042,0.17336890943803376,0.199267727403251
/multi_agv/path_reference,1789710674.1284337,1789710674.127844,world,s_curve,1,4.746312869296326,0.0999922242243475,0.0,0.3477584994886537,-0.006720673780479766,-6.185391788249261,0.5201360104445287,0.24692408637806307,0.27621540164336933,0.010190674972863,0.134106955371767,-0.16445965168606932,-0.07138253609483866,0.17205562392765017,0.19769087768390886
/multi_agv/path_reference,1789710674.138403,1789710674.1378484,world,s_curve,1,4.747313217614747,0.09999060599699074,-0.00016175119312400116,0.3487541160982688,-0.006623492281984053,-6.186375794216677,0.5211481844657636,0.24805832701012895,0.27705583681891366,0.010118227811946618,0.13430329033905244,-0.1642919949969512,-0.07152413656824082,0.17074428562922125,0.1961163113951718
/multi_agv/path_reference,1789710674.148369,1789710674.1478608,world,s_curve,1,4.748314369457677,0.09999060599699074,0.0,0.3497506274473765,-0.006527211114722044,-6.187355571133178,0.5221610162171972,0.24919296347777636,0.2778979026471558,0.010045593241790997,0.1344981632580375,-0.16412538984399463,-0.07165828883654374,0.16943557280081167,0.19454486205067287
/multi_agv/path_reference,1789710674.158408,1789710674.1578827,world,s_curve,1,4.749316462912144,0.09999060599699074,0.0,0.350748169787955,-0.0064318146243509365,-6.188331227436789,0.5231746458570812,0.25032814595268055,0.2787417175541031,0.009972768588369107,0.13469160233018188,-0.1639598147916038,-0.07178502251584633,0.16812934128231902,0.19297637554243294
/multi_agv/path_reference,1789710674.1685607,1789710674.1678162,world,s_curve,1,4.7503096918994165,0.09999060599699074,0.0,0.35173697909387297,-0.0063382202800382976,-6.189293262281036,0.5241791571499231,0.2514527673520227,0.2795790127796729,0.009900475088909011,0.134881738915947,-0.1637968748449709,-0.07190321742615571,0.16683835554858625,0.1914261978487996
/multi_agv/path_reference,1789710674.1787138,1789710674.1778545,world,s_curve,1,4.7513133696491145,0.09998913610920712,-0.00014643426110150622,0.35273628139566465,-0.006244604811575842,-6.190260357371614,0.5251940831715927,0.2525886896583055,0.28042607135709574,0.009827315005755056,0.13507227269853345,-0.16363340213901606,-0.07201518553745433,0.16553754761920902,0.18986424661348622
/multi_agv/path_reference,1789710674.1888793,1789710674.1878448,world,s_curve,1,4.752312313513153,0.09998913610920712,0.0,0.3537309596636246,-0.006152388163328511,-6.191217827533226,0.5262040707706042,0.2537187205042441,0.2812700877160255,0.009754401112935709,0.1352603128869197,-0.16347187848984096,-0.07211920100155556,0.16424665292156468,0.18831423765020203
/multi_agv/path_reference,1789710674.1986094,1789710674.197843,world,s_curve,1,4.753312064689476,0.09998913610920712,0.0,0.35472652950790806,-0.006061048009397974,-6.192171001314722,0.5272147241977012,0.25484912663969794,0.2821157376863249,0.009681337218260911,0.13544691783104953,-0.1633113990775044,-0.0722159166246384,0.16295851433550046,0.18676759499739423
/multi_agv/path_reference,1789710674.2085466,1789710674.2078602,world,s_curve,1,4.75431352298032,0.09998913610920712,0.0,0.3557238859234464,-0.005970500712086515,-6.193120705265391,0.528226953429648,0.255980918750833,0.2829637855898581,0.00960806472093242,0.13563225526251654,-0.16315182211970852,-0.0723054240567962,0.16167201251845928,0.18522299268475656
/multi_agv/path_reference,1789710674.2184057,1789710674.2178771,world,s_curve,1,4.755315064683449,0.09998762093272558,-0.00015126568490317674,0.3567214107345377,-0.005880890669984613,-6.194065373974929,0.5292391178510802,0.25711225574003954,0.2838128586124932,0.009534709585951819,0.13581602616761648,-0.16299340776352214,-0.0723875912698982,0.16038926914273363,0.1836829958067895
/multi_agv/path_reference,1789710674.228407,1789710674.2278633,world,s_curve,1,4.756313624755722,0.09998762093272558,0.0,0.3577160494898047,-0.005792483139434765,-6.195002127008608,0.5302481215218637,0.258239673196429,0.28466035375112114,0.009461503890989867,0.13599768069268275,-0.16283663400197695,-0.07246223171690434,0.15911421826937172,0.18215234422259638
/multi_agv/path_reference,1789710674.2383492,1789710674.2378561,world,s_curve,1,4.7573127310603684,0.09998762093272558,0.0,0.35871131455439526,-0.005704957218896905,-6.195934281197491,0.5312575306947633,0.2593671517551146,0.2855092612133078,0.00938819671397556,0.13617787231910614,-0.16268094068977243,-0.07252966906438289,0.15784236602504778,0.18062565974911
/multi_agv/path_reference,1789710674.2482903,1789710674.2478242,world,s_curve,1,4.75830943566236,0.09998762093272558,0.0,0.35970426780055714,-0.005618563680285714,-6.196859089368489,0.5322643684242097,0.2604913618656992,0.2863570731117624,0.009315011670409983,0.13635607946404849,-0.16252678217531563,-0.07258975799726768,0.15657747892934168,0.17910747983543165
/multi_agv/path_reference,1789710674.258361,1789710674.2578335,world,s_curve,1,4.75931038847733,0.09998609667934429,-0.000152259071223316,0.36070153301816366,-0.00553272340993474,-6.197782696737473,0.5332753527988533,0.26161979820808956,0.287209448047548,0.009241467813344874,0.13653349293662018,-0.16237313097976927,-0.07264291346370863,0.15531115328304174,0.17758773480628343
/multi_agv/path_reference,1789710674.2687237,1789710674.2678843,world,s_curve,1,4.760315311840184,0.09998609667934429,0.0,0.36170283325712776,-0.005447466592488776,-6.198704772977549,0.5342902026033327,0.2627521364319624,0.28806616073608804,0.00916759215377089,0.1367100502605226,-0.1622200421917598,-0.07268906669713501,0.1540438138395216,0.1760669527811424
/multi_agv/path_reference,1789710674.2785954,1789710674.2778041,world,s_curve,1,4.761307165820369,0.09998609667934429,0.0,0.3626911877151786,-0.005364221677420725,-6.1996097430617825,0.5352917125785152,0.26386917969131984,0.2889126708757007,0.009094644699329572,0.13688278437238124,-0.16207009410397302,-0.07272756708043228,0.15279691995657138,0.17457089791958608
/multi_agv/path_reference,1789710674.2886891,1789710674.2878778,world,s_curve,1,4.762314250882634,0.09998609667934429,0.0,0.36369479592926757,-0.005280610646795006,-6.200523401536719,0.5363084592155482,0.265002794316849,0.28977313425540546,0.00902055178464911,0.1370566255836952,-0.16191900930872932,-0.07275952536460273,0.15153493143066726,0.17305694464975832
/multi_agv/path_reference,1789710674.2986658,1789710674.29786,world,s_curve,1,4.763312376344497,0.09998487010999146,-0.00012286869948574747,0.36468955024098976,-0.005198645839815462,-6.201423743489743,0.5373160195003825,0.26612574079715023,0.2906268904254363,0.008947099493530841,0.13722738923775907,-0.1617704262507363,-0.07278414268738458,0.15028822360563776,0.17156155039756316
/multi_agv/path_reference,1789710674.308806,1789710674.307913,world,s_curve,1,4.764317491948599,0.09998487010999146,0.0,0.36569134505109413,-0.0051170096501221745,-6.202325161897321,0.5383304954097343,0.2672559610838678,0.29148757865968017,0.008873121280173157,0.13739781478307397,-0.16162196501361367,-0.07280186942883596,0.149036886437683,0.17006084824009476
/multi_agv/path_reference,1789710674.318659,1789710674.3178706,world,s_curve,1,4.765313156082915,0.09998487010999146,0.0,0.36668379154224395,-0.005037028619359185,-6.203212921409045,0.5393352937411405,0.2683749652386459,0.2923411156469453,0.008799834770311519,0.13756512659159476,-0.16147604721998382,-0.07281247741894185,0.14780139762668545,0.16857941061112527
/multi_agv/path_reference,1789710674.3287647,1789710674.32797,world,s_curve,1,4.766322926382661,0.09998487010999146,0.0,0.36769037055545645,-0.0049568121623495345,-6.204107981063075,0.5403541884125593,0.26950922104968317,0.2932077022041267,0.008725512311553706,0.13773327817935918,-0.1613292269779615,-0.0728162057240282,0.14655257768642366,0.16708226598430517
/multi_agv/path_reference,1789710674.3388312,1789710674.337897,world,s_curve,1,4.76731554368657,0.09998427676543291,-5.976636345770543e-05,0.36867992012979944,-0.0048788333915223,-6.204982647944153,0.5413556394139046,0.270623614460749,0.2940605065147446,0.008652462544820237,0.13789707815709207,-0.1611860408764792,-0.07281300711532036,0.14532909017141257,0.1656157791113009
/multi_agv/path_reference,1789710674.348752,1789710674.3478863,world,s_curve,1,4.768314154347983,0.09998427676543291,0.0,0.36967551279296695,-0.004801254796981162,-6.2058573970305835,0.5423630024998071,0.2717441377218322,0.2949193981572615,0.008578988053953598,0.13806037677943875,-0.16104312922433586,-0.0728029595091874,0.14410235866156296,0.1641457071459836
/multi_agv/path_reference,1789710674.358872,1789710674.3579257,world,s_curve,1,4.769318085572698,0.09998427676543291,0.0,0.3706764777703022,-0.004724138303152104,-6.206731542202191,0.5433755977725132,0.27287002190485143,0.295783813633542,0.00850514551956241,0.13822304491862258,-0.16090060534764133,-0.0727859908056858,0.14287330315910457,0.16267317169969428
/multi_agv/path_reference,1789710674.3685627,1789710674.3678088,world,s_curve,1,4.770306252876402,0.09998427676543291,0.0,0.3716617906533392,-0.004649084437160672,-6.207586798787821,0.5443721619247075,0.27397762706377177,0.2966355829715382,0.00843249250547496,0.1383816961095686,-0.1607614419265256,-0.07276260107810856,0.14166769297502999,0.16122905541767668
/multi_agv/path_reference,1789710674.3784807,1789710674.377855,world,s_curve,1,4.771310599232152,0.09998409723441776,-1.7872565945736534e-05,0.3726633010571426,-0.0045736626201366625,-6.208450802489518,0.5453849103936582,0.2751027530367777,0.2975022397409918,0.008358687058250786,0.13854146400862358,-0.16062113892728438,-0.07273206803652899,0.14044658126699955,0.15976672015018772
/multi_agv/path_reference,1789710674.3887231,1789710674.3879213,world,s_curve,1,4.772317195130105,0.09998409723441776,0.0,0.3736671194868144,-0.004498937796573557,-6.209311417653788,0.5463997946343422,0.27622977462897885,0.2983717891971221,0.008284760274744526,0.13870009790917145,-0.16048167157363666,-0.07269466726378096,0.1392270435040588,0.15830663744791165
/multi_agv/path_reference,1789710674.3986247,1789710674.3978856,world,s_curve,1,4.7733133404902475,0.09998409723441776,0.0,0.3746605789458953,-0.004425836345561574,-6.2101578438035485,0.5474040126724136,0.27734447638589715,0.29923324777937493,0.008211651710692994,0.13885562157042958,-0.1603447823178073,-0.07265099217047509,0.13802443603715805,0.15686720091764436
/multi_agv/path_reference,1789710674.4084249,1789710674.4078412,world,s_curve,1,4.77430885285107,0.09998409723441776,0.0,0.37565346838331604,-0.004353618846758434,-6.210998503687307,0.5484074648981538,0.27845785116996974,0.3000950890818244,0.00813864628617083,0.13900959817391487,-0.16020910100036098,-0.07260076196139587,0.1368268571606106,0.15543417120523428
/multi_agv/path_reference,1789710674.4182985,1789710674.417804,world,s_curve,1,4.775304990916994,0.09998355578004677,-5.434641557864701e-05,0.37664704212438965,-0.004282189094246095,-6.211834453812964,0.5494114211872865,0.2795713033571279,0.30095840182875455,0.008065657965532609,0.13916222851337762,-0.16007445376164853,-0.07254395207653576,0.13563281413415834,0.15400577423138792
/multi_agv/path_reference,1789710674.42856,1789710674.4278097,world,s_curve,1,4.776305360286999,0.09998355578004677,0.0,0.37764489582286176,-0.004211289061326902,-6.2126686753497715,0.5504195156089431,0.28068885524296605,0.301826316616676,0.007992429952769862,0.13931406129556867,-0.15994035843231924,-0.07248034844131748,0.13443803794063264,0.15257691803658638
/multi_agv/path_reference,1789710674.4384298,1789710674.4379306,world,s_curve,1,4.777317171475176,0.09998355578004677,0.0,0.3786542221999866,-0.004140422393146693,-6.213507050478142,0.5514390125600728,0.28181854376390747,0.30270511027597957,0.00791844240504518,0.13946616304716059,-0.15980587263164586,-0.07240937875954796,0.13323404109724674,0.15113747418278814
/multi_agv/path_reference,1789710674.4487576,1789710674.4480064,world,s_curve,1,4.778324705266854,0.09998355578004677,0.0,0.37965934018232117,-0.004070693459863753,-6.214336491310083,0.5524540732205574,0.28294280820840434,0.30358113911800166,0.007844852446416839,0.13961616203825872,-0.15967309486426684,-0.07233211634952802,0.1320395975415204,0.14970990439521537
/multi_agv/path_reference,1789710674.4585567,1789710674.458,world,s_curve,1,4.779323920801644,0.09998398347824095,4.279654157859315e-05,0.3806562164399259,-0.004002360776136569,-6.21515376646453,0.5534606300485593,0.28405714845031,0.3044508708209083,0.007771960324306893,0.13976349074479158,-0.1595425333975082,-0.07224903529882214,0.13085943560532087,0.14829986269914286
/multi_agv/path_reference,1789710674.4687274,1789710674.4679444,world,s_curve,1,4.7803181735314295,0.09998398347824095,0.0,0.38164819642870174,-0.0039351734398819565,-6.21596172096842,0.5544620667495285,0.2851653162231644,0.30531720631341225,0.007699525728402385,0.13990867880012148,-0.15941372484816974,-0.07216002557569447,0.1296895250581023,0.14690253553716542
/multi_agv/path_reference,1789710674.4784355,1789710674.477903,world,s_curve,1,4.7813138953258845,0.09998398347824095,0.0,0.38264169603076525,-0.0038686875103998556,-6.216765604374664,0.5554648634535588,0.2862744806736728,0.30618574396506393,0.007627085710790351,0.14005267922963557,-0.15928582747162548,-0.07206458555955966,0.1285222950198248,0.14550888843235976
/multi_agv/path_reference,1789710674.4883323,1789710674.4878707,world,s_curve,1,4.782310449287034,0.09998398347824095,0.0,0.38363607896258084,-0.003802943086734371,-6.217564879621044,0.5564683794681172,0.28738392716075956,0.3070559302588657,0.007554693197456346,0.14019540160347085,-0.15915892406113033,-0.07196279558744315,0.12735852769883016,0.1441198672970349
/multi_agv/path_reference,1789710674.498395,1789710674.4978774,world,s_curve,1,4.783310823852886,0.09998403511521196,5.160939611816346e-06,0.3846343265404838,-0.003737743454792358,-6.218361902140534,0.5574756244415329,0.2884969752218412,0.3079303799580772,0.007482138000944466,0.14033727062272175,-0.1590326389880433,-0.07185434823708317,0.1261947846628773,0.14273138175793354
/multi_agv/path_reference,1789710674.5084224,1789710674.5078285,world,s_curve,1,4.784305982451594,0.09998403511521196,0.0,0.38562742030815944,-0.0036736704193823977,-6.21914947930068,0.5584775011258634,0.2896035689841515,0.30880119081446333,0.0074100817121487556,0.1404770145491769,-0.15890810751947285,-0.07174027809173988,0.12504158887077593,0.1413559957101545
/multi_agv/path_reference,1789710674.518424,1789710674.5178063,world,s_curve,1,4.785303593058779,0.09998403511521196,0.0,0.3866230111795379,-0.00361022209913451,-6.219933697809103,0.5594817309286331,0.29071223500636595,0.3096750676036146,0.007337974405484789,0.14061572221692714,-0.15878436291981546,-0.07161977422612838,0.12389005585214444,0.1399831202773269
/multi_agv/path_reference,1789710674.5283558,1789710674.527817,world,s_curve,1,4.786304387057658,0.09998403511521196,0.0,0.38762182851357013,-0.0035473531050370477,-6.220715084047826,0.5604890502611901,0.29182377777693935,0.3105526575025809,0.007265770646182206,0.14075349053442998,-0.15866132049572335,-0.0714927389018324,0.12273939944304471,0.13861183202022812
/multi_agv/path_reference,1789710674.5383556,1789710674.537876,world,s_curve,1,4.787310137093173,0.09998393850062974,-9.60467920077977e-06,0.38862564112254805,-0.003484956562053426,-6.221494953452904,0.5615012431251014,0.2929401553195993,0.3114355249229433,0.00719335005719883,0.14089055315705962,-0.15853877290041873,-0.07135891563723425,0.12158765712540054,0.13723980796479673
/multi_agv/path_reference,1789710674.5483286,1789710674.547824,world,s_curve,1,4.788304800909587,0.09998393850062974,0.0,0.3896184362490196,-0.0034240148191871057,-6.222260912745874,0.5625021666864558,0.29404356426763567,0.3123095777929671,0.007121873006684313,0.141024743727718,-0.15841866119196363,-0.07122053847647446,0.12045317722476644,0.13588890940756265
/multi_agv/path_reference,1789710674.5582488,1789710674.5578208,world,s_curve,1,4.78930441783033,0.09998393850062974,0.0,0.39061622175663463,-0.0033635332489879645,-6.223025359658974,0.5635079634498646,0.2951518010980449,0.3131889007219942,0.007050191074299243,0.14115824500024285,-0.15829903582150598,-0.07107547551445322,0.11931764292697955,0.13453732865649656
/multi_agv/path_reference,1789710674.568621,1789710674.5679376,world,s_curve,1,4.790315909043577,0.09998393850062974,0.0,0.3916259064200063,-0.0033031072244525776,-6.2237934493829465,0.5645255957873296,0.29627251960344564,0.31407960386924344,0.006977817669888132,0.14129195362691732,-0.1581790929701632,-0.07092261523978845,0.1181733281478235,0.13317589272432323
/multi_agv/path_reference,1789710674.5784383,1789710674.5778768,world,s_curve,1,4.791309634176154,0.09998362316081415,-3.1727905691684454e-05,0.3926179014601698,-0.0032444946590841728,-6.224542719169446,0.5655252454797818,0.2973728821097879,0.3149555767909395,0.0069068788481576725,0.14142197100917425,-0.15806233383458446,-0.07076653429041764,0.11705374351946565,0.13184447332268967
/multi_agv/path_reference,1789710674.588376,1789710674.5878415,world,s_curve,1,4.7923059599827535,0.09998362316081415,0.0,0.3936125363054414,-0.0031864723252158383,-6.225288645337019,0.5665274043961607,0.2984754539448064,0.315834750575357,0.00683592225737507,0.1415509988420868,-0.1579463380751094,-0.07060421309486022,0.11593585570373047,0.13051567308504794
/multi_agv/path_reference,1789710674.5984402,1789710674.5978363,world,s_curve,1,4.793305301895328,0.09998362316081415,0.0,0.3946102251883167,-0.0031290170804412418,-6.226031492279895,0.5675324906744514,0.29958068685511585,0.3167174980353826,0.006764925467537566,0.14167908643651914,-0.15783106314538045,-0.07043557943635748,0.11481925638190195,0.12918901921687212
/multi_agv/path_reference,1789710674.608613,1789710674.6079245,world,s_curve,1,4.794313950483515,0.09998362316081415,0.0,0.39561724820900457,-0.0030717758105971577,-6.22677583545569,0.5685468302795681,0.30069552311490616,0.31760939123253934,0.006693450500156215,0.14180702217296018,-0.15771580010490785,-0.0702595098527503,0.11369702245866571,0.12785630504336537
/multi_agv/path_reference,1789710674.618352,1789710674.617876,world,s_curve,1,4.795308775852874,0.09998403686799094,4.15792709868166e-05,0.396610511585295,-0.0030160502629241275,-6.227504641031988,0.5695471646801915,0.3017944001669021,0.31848996990879125,0.006623141421829713,0.14193188872033607,-0.15760318093093817,-0.07008012682574682,0.11259487498497013,0.1265480784013763
/multi_agv/path_reference,1789710674.628343,1789710674.6278355,world,s_curve,1,4.796304722343238,0.09998403686799094,0.0,0.3976049345948068,-0.0029609844273992365,-6.228228958282427,0.5705485241575603,0.30289383633180195,0.31937244329505793,0.006552943738706614,0.14205559347256175,-0.15749149049346606,-0.06989489078755957,0.11149618554531057,0.12524459617323971
/multi_agv/path_reference,1789710674.6384263,1789710674.6378472,world,s_curve,1,4.797305604445598,0.09998403686799094,0.0,0.39860432544645985,-0.0029063688187950915,-6.228951512183098,0.5715547441889718,0.3039980341919411,0.32026019795846655,0.00648259580941416,0.14217860509327196,-0.15738030735907138,-0.06970308687252712,0.11039680712656273,0.12394095063715242
/multi_agv/path_reference,1789710674.6484005,1789710674.647863,world,s_curve,1,4.798307157440846,0.09998403686799094,0.0,0.39960442528885287,-0.0028524367851516653,-6.2296691785546985,0.5725615376363401,0.30510228099544595,0.32114945723477245,0.006412404736356861,0.14230039551221724,-0.15727011060402912,-0.06950553163913148,0.10930148211416574,0.12264277703375508
/multi_agv/path_reference,1789710674.6583853,1789710674.6578605,world,s_curve,1,4.7993065584209935,0.0999847612076586,7.246633747921297e-05,0.4006024144177421,-0.0027993333442230014,-6.230379946427748,0.5735660682281934,0.30620346395634146,0.3220377110686913,0.006342573488507227,0.1424206313706399,-0.15716120489181615,-0.06930284141023478,0.10821330488177029,0.1213537472253297
/multi_agv/path_reference,1789710674.668504,1789710674.667859,world,s_curve,1,4.800306329744697,0.0999847612076586,0.0,0.40160081074043064,-0.002746917308355429,-6.231085624163129,0.5745708727241468,0.3073043622708008,0.3229271972263442,0.006272930658732672,0.14253962648016769,-0.15705330906396667,-0.06909456679669297,0.10712953380580657,0.1200706173808083
/multi_agv/path_reference,1789710674.6786716,1789710674.6778295,world,s_curve,1,4.801303195811195,0.0999847612076586,0.0,0.402596342241219,-0.0026953523503018707,-6.231783920475457,0.5755726605793627,0.30840136981141203,0.3238149963328821,0.0062037090710572035,0.1426570028729552,-0.15694676899491802,-0.0688814584621629,0.1060537187800611,0.11879759314097657
/multi_agv/path_reference,1789710674.6887605,1789710674.687879,world,s_curve,1,4.802307932778079,0.0999847612076586,0.0,0.40359977016606663,-0.002644081198684776,-6.232482344750588,0.5765822616356109,0.30950633831532826,0.32471071054726064,0.006134167202280666,0.1427740266233828,-0.15684043742171777,-0.06866122021006942,0.10497428360706677,0.11752098656349885
/multi_agv/path_reference,1789710674.6984563,1789710674.6978667,world,s_curve,1,4.803306724964054,0.09998547315986532,7.127096032120484e-05,0.4045972961635582,-0.002593805207006944,-6.233171278756354,0.5775857942151146,0.3106040701142125,0.3256020241613475,0.006065267599400107,0.14288909226495225,-0.15673577548537318,-0.06843691307557484,0.10390610227637531,0.1162583954246112
/multi_agv/path_reference,1789710674.7084594,1789710674.7078195,world,s_curve,1,4.804301794590878,0.09998547315986532,0.0,0.4055911383940598,-0.002544397266077064,-6.233852334138512,0.5785854936341172,0.31169701604613026,0.3264909055019319,0.005996858793591596,0.14300248105328792,-0.15663253164511073,-0.06820816397224888,0.1028467445259577,0.11500694143011116
/multi_agv/path_reference,1789710674.7186167,1789710674.7178466,world,s_curve,1,4.805304355029366,0.09998547315986532,0.0,0.40659249587087254,-0.0024952994305735745,-6.234533156931887,0.579592626099148,0.3127974869084379,0.32738737460503164,0.005928176158501211,0.14311547041059175,-0.15652954486081366,-0.06797241398833737,0.10178431692630761,0.11375258285628422
/multi_agv/path_reference,1789710674.7287388,1789710674.7279325,world,s_curve,1,4.8063129014981465,0.09998547315986532,0.0,0.40759986556090577,-0.0024465937039576395,-6.2352126186352335,0.5806056792834843,0.3139038151836463,0.32829010221558663,0.005859332986572327,0.1432278726369288,-0.15642698673537406,-0.06772996016324073,0.10072053029211131,0.11249735838538719
/multi_agv/path_reference,1789710674.73849,1789710674.73787,world,s_curve,1,4.807306337891899,0.09998637177025697,9.044242113685846e-05,0.40859217479434007,-0.0023992839053714843,-6.235876582078031,0.5816034652136096,0.31499286758300526,0.3291801915864052,0.005791771427071938,0.14333736107302153,-0.15632698421620794,-0.06748599485277933,0.09967758529992055,0.11126745766231055
/multi_agv/path_reference,1789710674.7486207,1789710674.7479212,world,s_curve,1,4.808311528483544,0.09998637177025697,0.0,0.40959625652159193,-0.0023520824990299603,-6.2365430313042465,0.5826129674410693,0.3160940961636236,0.3300817059600828,0.005723667782275196,0.14344690929581336,-0.15622682457517842,-0.06723399704261866,0.09862727048159499,0.11002961194127785
/multi_agv/path_reference,1789710674.7587886,1789710674.7579346,world,s_curve,1,4.809312720820154,0.09998637177025697,0.0,0.41059637532511967,-0.0023057312633164148,-6.237201462699777,0.5836183660676099,0.31719023386193335,0.3309805260458156,0.0056560976412516105,0.1435547936807521,-0.15612808511195295,-0.0669779065376548,0.09758611928826977,0.10880331865540799
/multi_agv/path_reference,1789710674.768695,1789710674.76787,world,s_curve,1,4.810306057127549,0.09998637177025697,0.0,0.41158867634427376,-0.0022603917433276074,-6.237849437023298,0.5846157898236685,0.318277068358704,0.3318731708504487,0.005589321690210927,0.14366062735655177,-0.15603112427674554,-0.06671885021716589,0.09655807111894153,0.1075932073352697
/multi_agv/path_reference,1789710674.7783387,1789710674.7778351,world,s_curve,1,4.811302292074945,0.09998767986597872,0.00013128776158818353,0.41258390216421853,-0.002215563146239541,-6.23849401242902,0.585616039431053,0.31936637065665935,0.3327692964049432,0.005522619642460721,0.1437655720036051,-0.15593488108478445,-0.06645411065240404,0.09553197429208393,0.10638614848622599
/multi_agv/path_reference,1789710674.7883987,1789710674.787857,world,s_curve,1,4.81230442729533,0.09998767986597872,0.0,0.4135850511112604,-0.002171113726365378,-6.239137064119004,0.5866221286535396,0.3204614122863407,0.3336716123939009,0.0054557988617833335,0.14386993492779182,-0.15583907496867128,-0.06618287568108218,0.0945048187010545,0.10517861373162853
/multi_agv/path_reference,1789710674.798463,1789710674.797843,world,s_curve,1,4.8133030453490875,0.09998767986597872,0.0,0.414582714461282,-0.0021274579878735986,-6.2397725336756755,0.5876246037359462,0.32155189907322607,0.33457164057467353,0.005389493272766433,0.14397273841251962,-0.15574460564890685,-0.0659077278284563,0.09348629039116732,0.10398199509630414
/multi_agv/path_reference,1789710674.8085198,1789710674.8078072,world,s_curve,1,4.814299348688056,0.09998767986597872,0.0,0.4155780926388481,-0.0020845325410539057,-6.240401236738598,0.5886246736445624,0.3226391492717418,0.3354704550002399,0.005323625275348884,0.14407412373973505,-0.15565134663824565,-0.06562842957536635,0.09247513435274826,0.10279481331515575
/multi_agv/path_reference,1789710674.8183599,1789710674.8178358,world,s_curve,1,4.815302113572141,0.0999890299463188,0.0001346210120603274,0.4165799533054477,-0.0020419580850909685,-6.241028682511637,0.5896311484649678,0.32373273485788245,0.33637597659349283,0.005257620934393163,0.14417498356857003,-0.1555584787582361,-0.06534254266899882,0.09146249017006132,0.10160667214193397
/multi_agv/path_reference,1789710674.8284688,1789710674.8278425,world,s_curve,1,4.8163026489008365,0.0999890299463188,0.0,0.41757961274145244,-0.002000102098674547,-6.241649403501608,0.5906353055647571,0.32482317209959577,0.33728036056000443,0.005192059012288323,0.14427444360034214,-0.1554668089086541,-0.06505256698756898,0.09045718186655,0.10042793136229769
/multi_agv/path_reference,1789710674.838399,1789710674.8378708,world,s_curve,1,4.817305256602166,0.0999890299463188,0.0,0.4185813684957774,-0.001958779232011924,-6.242266074569102,0.5916414636113849,0.3259151487653047,0.33818749311064233,0.005126662079356565,0.14437293886377126,-0.15537593863916357,-0.0647573096815229,0.0894549008980985,0.0992535401945046
/multi_agv/path_reference,1789710674.8483684,1789710674.8478587,world,s_curve,1,4.818303905537823,0.0999890299463188,0.0,0.41957919388081444,-0.0019182309083316522,-6.242875006177158,0.592643571460185,0.3270020973334549,0.3390919128488033,0.0050618273339076425,0.14446988744442565,-0.15528640750332826,-0.06445861284597457,0.08846167689135341,0.09809056238233166
/multi_agv/path_reference,1789710674.858391,1789710674.857838,world,s_curve,1,4.819301904215202,0.0999900287745747,0.00010007314469762148,0.420576393920399,-0.0018783133603054447,-6.243478257619178,0.5936449507395871,0.32808762305614597,0.3399966079654639,0.004997342282864461,0.14456562561983705,-0.15519790798361782,-0.06415557164316456,0.08747419869442084,0.09693511602030207
/multi_agv/path_reference,1789710674.8683593,1789710674.8678417,world,s_curve,1,4.820302181165386,0.0999900287745747,0.0,0.4215758942878775,-0.0018389057178163377,-6.244077591643242,0.5946485408379616,0.3291749088646603,0.3409042331610105,0.00493302282209387,0.1446604386248066,-0.15511017860034948,-0.06384733901741746,0.08648959567302648,0.09578384464564371
/multi_agv/path_reference,1789710674.8784063,1789710674.87784,world,s_curve,1,4.821301898071419,0.0999900287745747,0.0,0.4225748583624141,-0.0018001160234343337,-6.244671299748599,0.5956514949579967,0.3302608670674323,0.3418122130618132,0.0048690566959239895,0.14475406171022848,-0.15502346647645548,-0.06353483162419975,0.08551068928941571,0.09464004965731906
/multi_agv/path_reference,1789710674.8886187,1789710674.8878152,world,s_curve,1,4.822299297108595,0.0999900287745747,0.0,0.4235715289862325,-0.001762004631576142,-6.245258366845723,0.5966520510082206,0.3313435907299077,0.3427189452205691,0.004805559345734647,0.14484634235108218,-0.15493791559154524,-0.06321867185141468,0.0845391927746076,0.09350572931552296
/multi_agv/path_reference,1789710674.898446,1789710674.897811,world,s_curve,1,4.823298787753164,0.09999103069254622,0.00010023386530514033,0.42457031186456157,-0.0017243976899992582,-6.245841396429,0.5976546335533545,0.33242786628206145,0.3436284357582686,0.004742254112166084,0.14493769598821063,-0.1548531431703745,-0.06289751755019293,0.08357082349077946,0.09237588266819752
/multi_agv/path_reference,1789710674.9088585,1789710674.907872,world,s_curve,1,4.824304533036686,0.09999103069254622,0.0,0.425575366818476,-0.0016871406611530446,-6.246422757394123,0.5986634187164218,0.3335182004186785,0.34454448132032767,0.004678885585574509,0.14502849625066355,-0.1547688038196972,-0.06257003174249141,0.0826016269788914,0.09124590571107556
/multi_agv/path_reference,1789710674.9184294,1789710674.9178076,world,s_curve,1,4.825298279596506,0.09999103069254622,0.0,0.4265684522898498,-0.0016508991821419245,-6.246991950787316,0.5996600996490509,0.3345948103691428,0.3454504468513557,0.004616605463088413,0.14511711229120866,-0.15468641530072286,-0.06224224938974765,0.08164916230766837,0.09013626247736352
/multi_agv/path_reference,1789710674.9284434,1789710674.9278574,world,s_curve,1,4.8263031748562755,0.09999103069254622,0.0,0.4275726997691271,-0.0016148234857945507,-6.247562248761057,0.6006678933251901,0.3356827743001793,0.34636743168201173,0.004553966329805329,0.14520561649894062,-0.1546040532861296,-0.06190659628801402,0.08069125074550187,0.08902111216413704
/multi_agv/path_reference,1789710674.93834,1789710674.9378257,world,s_curve,1,4.827299927093069,0.09999207857797328,0.0001051216521969958,0.4285688295412944,-0.0015796031465074687,-6.248122686562635,0.6016674531363994,0.3367612022235281,0.34727783326395556,0.004492176615651317,0.1452923123658945,-0.15452329842106824,-0.061569552634784724,0.07974631899231695,0.08792190871156491
/multi_agv/path_reference,1789710674.948346,1789710674.9478173,world,s_curve,1,4.828299026843892,0.09999207857797328,0.0,0.4295673249237268,-0.0015448575370479829,-6.248679215939069,0.6026693008359819,0.3378414503548528,0.3481912235803455,0.004430586820741774,0.14537812886935206,-0.1544432883012378,-0.06122766253812276,0.07880438977304137,0.08682703712237928
/multi_agv/path_reference,1789710674.958345,1789710674.9578054,world,s_curve,1,4.829297744125014,0.09999207857797328,0.0,0.43056545714987715,-0.0015106779921202178,-6.249230308663863,0.603670699800068,0.33892056469453846,0.34910510695502495,0.0043693702235447635,0.14546283556338205,-0.15436423976328748,-0.06088190400805749,0.07786806546298529,0.0857395230971128
/multi_agv/path_reference,1789710674.9684498,1789710674.9678695,world,s_curve,1,4.830304052104797,0.09999207857797328,0.0,0.431571194440638,-0.0014767925030008777,-6.249780315916198,0.6046796449769707,0.3400071523412356,0.3500267860037076,0.0043080456892087785,0.14554710417512035,-0.1542855273733318,-0.060529530179084245,0.07692994114009333,0.08465077324219543
/multi_agv/path_reference,1789710674.9784882,1789710674.9778728,world,s_curve,1,4.8313041708903794,0.09999336978549324,0.0001290968561679269,0.43257076427258967,-0.0014436607720626161,-6.2503217036541265,0.6056823212801307,0.3410863325228842,0.35094363901475406,0.004247457784503117,0.14562978600686305,-0.15420822610755403,-0.06017541483139614,0.07600288712702066,0.08357572392492504
/multi_agv/path_reference,1789710674.9884603,1789710674.987804,world,s_curve,1,4.832297409432167,0.09999336978549324,0.0,0.43356347515840454,-0.0014112898819885252,-6.250854208741668,0.6066780381714871,0.34215737373438854,0.35185501356933796,0.004187645087223559,0.1457108519677769,-0.15413236670096603,-0.0598199353003571,0.07508745309734899,0.08251499339923235
/multi_agv/path_reference,1789710674.9986365,1789710674.9978404,world,s_curve,1,4.83330095909026,0.09999336978549324,0.0,0.4345665089678545,-0.0013791173889295184,-6.2513870301973204,0.6076840306399769,0.343238810348945,0.3527766859146415,0.004127577636422533,0.14579170670665556,-0.15405663650986665,-0.05945697627481676,0.07416783424576634,0.08145027007148863
/multi_agv/path_reference,1789710675.0083354,1789710675.007823,world,s_curve,1,4.834299168502446,0.09999336978549324,0.0,0.43556422205697937,-0.0013476436020567572,-6.251911828652446,0.6086846097945675,0.34431377103208605,0.3536942853442844,0.004068198861228068,0.14587108886006422,-0.15398221852746258,-0.05909222759954943,0.07325842493277741,0.08039822305061774
/multi_agv/path_reference,1789710675.0185647,1789710675.0178657,world,s_curve,1,4.835303210361679,0.09999433912552219,9.653832127786648e-05,0.4365677811384242,-0.001316511593851661,-6.252434483791461,0.6096909758482704,0.3453942872004777,0.3546180803665244,0.00400884787351482,0.14594989327551167,-0.15390827593058148,-0.05872166211250016,0.0723490627601646,0.07934709347401082
/multi_agv/path_reference,1789710675.0286596,1789710675.027941,world,s_curve,1,4.836310847417381,0.09999433912552219,0.0,0.43757494982880546,-0.0012857928375312943,-6.252953767437949,0.6107008865687997,0.3464779412158649,0.3555460217017517,0.003949665872028672,0.14602793707850142,-0.15383498146312397,-0.05834611247973348,0.07144186209021983,0.07829933414792661
/multi_agv/path_reference,1789710675.0385878,1789710675.0379567,world,s_curve,1,4.837312356220015,0.09999433912552219,0.0,0.43857600870697583,-0.0012557764754427632,-6.25346469854531,0.6117045978082556,0.34755427914837983,0.3564691491642919,0.003891226128034605,0.1461044785058846,-0.1537630340602475,-0.05796927532871452,0.07054556897470753,0.07726503926213257
/multi_agv/path_reference,1789710675.0486581,1789710675.0479393,world,s_curve,1,4.838310579208666,0.09999433912552219,0.0,0.43957379830212606,-0.0012263649571449481,-6.253968810640776,0.6127049600710662,0.3486263663929413,0.35739006844237053,0.00383336078019067,0.14617975645280265,-0.15369221210442816,-0.05759018998371206,0.06965757567447937,0.0762411834565951
/multi_agv/path_reference,1789710675.058468,1789710675.057852,world,s_curve,1,4.839301622861447,0.09999507137639209,7.388320160808282e-05,0.4405644261456843,-0.0011976599594959627,-6.254464228511683,0.6136980733465165,0.34969003302135687,0.3583051720691795,0.0037762928888704656,0.14625350034209406,-0.15362277310945244,-0.057210447509671115,0.06878127330135886,0.07523165910154943
/multi_agv/path_reference,1789710675.0688047,1789710675.0678563,world,s_curve,1,4.840302153646619,0.09999507137639209,0.0,0.4415645513735135,-0.001169175577299327,-6.254959276696415,0.6147006397054084,0.3507631648108649,0.3592298496042672,0.0037190671673151708,0.14632695385768096,-0.15355354775689412,-0.056823708605044654,0.06790195510618012,0.07421952235949353
/multi_agv/path_reference,1789710675.078502,1789710675.0778062,world,s_curve,1,4.841297115006302,0.09999507137639209,0.0,0.4425591232231685,-0.0011413381326774987,-6.255446486414271,0.6156975726053948,0.3518296089821963,0.3601501880819141,0.0036625504503581567,0.1463990131126589,-0.15348557796104956,-0.056435832102048326,0.06703289646122859,0.07322005444266712
/multi_agv/path_reference,1789710675.0885825,1789710675.087808,world,s_curve,1,4.84229723261184,0.09999507137639209,0.0,0.4435588627811985,-0.0011138422922956383,-6.255931124307966,0.6166996199769281,0.3529008628374866,0.3610761055291806,0.0036061362764444422,0.1464704625853096,-0.15341812573864094,-0.05604269819536448,0.06616473686787068,0.07222248497773139
/multi_agv/path_reference,1789710675.098588,1789710675.09787,world,s_curve,1,4.8433032896542505,0.09999634650469659,0.00012674049919609272,0.44456455278891277,-0.0010866694915764798,-6.256413496620104,0.6177075666280705,0.3539777539721088,0.3620083377665589,0.003549790223899111,0.14654134912319694,-0.15335114782182552,-0.055644005351617315,0.06529689792925324,0.0712261588638141
/multi_agv/path_reference,1789710675.108698,1789710675.1078603,world,s_curve,1,4.844302221856976,0.09999634650469659,0.0,0.445563133339726,-0.0010601664683463,-6.256887360500398,0.6187083247902233,0.3550463002765406,0.362934774952414,0.0034942465092647266,0.14661076138209905,-0.15328550729640267,-0.05524499695097685,0.06444065047986404,0.07024400888269484
/multi_agv/path_reference,1789710675.1188009,1789710675.117829,world,s_curve,1,4.845299058236275,0.09999634650469659,0.0,0.4465596311465696,-0.0010341882142642224,-6.257355184089021,0.6197069343116288,0.35611189192947407,0.3638600671986058,0.003439222863097406,0.14667906938476202,-0.1532208568906521,-0.05484376782905991,0.06359161941840379,0.0692709991703075
/multi_agv/path_reference,1789710675.1284866,1789710675.1278405,world,s_curve,1,4.846300318853929,0.09999634650469659,0.0,0.44756056375001857,-0.0010085614795100337,-6.2578200220711135,0.6207099276200361,0.35718149703475904,0.36479026659526054,0.003384363674447355,0.14674672370406186,-0.15315677181703932,-0.05443774365309325,0.06274428118829667,0.06830079703743405
/multi_agv/path_reference,1789710675.1387053,1789710675.137841,world,s_curve,1,4.847300318245192,0.09999684922362845,5.0270339832292906e-05,0.4485602472584785,-0.0009834288785907457,-6.2582792237023765,0.6217116101111533,0.3582490395377606,0.3657200921265214,0.003329985344660151,0.14681334294009735,-0.15309361492052975,-0.05402927671345702,0.06190348371736233,0.06733895167250945
/multi_agv/path_reference,1789710675.1486223,1789710675.147809,world,s_curve,1,4.848297120337198,0.09999684922362845,0.0,0.44955674579618754,-0.0009588309562601784,-6.2587319466092115,0.6227100436858404,0.3593124583123461,0.36664773539037615,0.0032761932393209495,0.14687881166744302,-0.1530314977755445,-0.05361923855206128,0.061070828685221845,0.06638728350591203
/multi_agv/path_reference,1789710675.1586602,1789710675.1578112,world,s_curve,1,4.849297306322581,0.09999684922362845,0.0,0.45055663822718667,-0.0009346005051582299,-6.259181191645714,0.6237118212073803,0.3603787751748688,0.3675793182993108,0.0032226350060498153,0.14694356899702832,-0.15297000551855283,-0.05320498261261716,0.06024083045790849,0.06543951683740344
/multi_agv/path_reference,1789710675.168598,1789710675.1678119,world,s_curve,1,4.8502973396127755,0.09999684922362845,0.0,0.4515563887304226,-0.0009108203425482953,-6.259625359532583,0.6247134011405981,0.36144421730538157,0.3685115477452878,0.0031695047893836033,0.14700738868211516,-0.15290935449914367,-0.05278802178583893,0.059416460582384034,0.06449904261228095
/multi_agv/path_reference,1789710675.1786382,1789710675.177796,world,s_curve,1,4.851295712070434,0.09999726138348268,4.128204495155783e-05,0.4525544892502236,-0.0008875201188612616,-6.26006380781504,0.6257132740283048,0.3625071809692377,0.36944301275312824,0.003116884228621892,0.14707018421365767,-0.15284962879886335,-0.052369054364285926,0.058598957299666125,0.0635672644471167
/multi_agv/path_reference,1789710675.1887767,1789710675.1878073,world,s_curve,1,4.852296834252786,0.09999726138348268,0.0,0.4535553488512383,-0.0008645926880606735,-6.260498479381615,0.62671585787172,0.36357236208209703,0.3703778265998979,0.003064544083252101,0.1471322386702645,-0.15279056081769862,-0.051946287484643874,0.0577847279502748,0.06264008202264973
/multi_agv/path_reference,1789710675.198584,1789710675.1978061,world,s_curve,1,4.853296697169625,0.09999726138348268,0.0,0.4545549593138354,-0.0008421258235780518,-6.2609276368106155,0.627717138606487,0.36463549476874796,0.37131224456627115,0.0030126974693337302,0.14719330877207804,-0.15273238371214592,-0.05152147088778773,0.056977055162013006,0.0617212282077742
/multi_agv/path_reference,1789710675.2086082,1789710675.207805,world,s_curve,1,4.854296555386593,0.09999726138348268,0.0,0.455554574573055,-0.0008200855787818171,-6.261351842615312,0.6287183735237587,0.3656979156072695,0.3722474345881366,0.002961280967884387,0.14725348005501568,-0.1526750177592455,-0.051094139374151006,0.05617492458794504,0.060809540095832885
/multi_agv/path_reference,1789710675.2186422,1789710675.2178395,world,s_curve,1,4.855299957516881,0.09999780056012837,5.373366973727751e-05,0.45655774214033934,-0.0007983910643304304,-6.261772591014942,0.6297231167673936,0.36676339284211046,0.37318671681151394,0.0029101167584968573,0.14731296850713413,-0.15261825845862229,-0.05066282650696995,0.05537552828106187,0.05990182329883496
/multi_agv/path_reference,1789710675.2286053,1789710675.227856,world,s_curve,1,4.856301448689201,0.09999780056012837,0.0,0.4575590081570099,-0.0007771562467633692,-6.262187597789413,0.6307259069276996,0.36782613380728296,0.374124983736047,0.0028594864551936146,0.1473714558322437,-0.15256241102772744,-0.050229934869459425,0.05458323498497654,0.059003032935508605
/multi_agv/path_reference,1789710675.2385962,1789710675.237851,world,s_curve,1,4.857300937005572,0.09999780056012837,0.0,0.4585582804171165,-0.0007563757131165278,-6.262596869231501,0.6317266530587705,0.3688860465770737,0.3750621416155052,0.002809394419862621,0.14742894906007648,-0.15250747061928865,-0.049795582072706325,0.053798093842072923,0.05811321178557029
/multi_agv/path_reference,1789710675.2489538,1789710675.247945,world,s_curve,1,4.858310429701899,0.09999780056012837,0.0,0.45956756339261234,-0.000735799880141901,-6.263005278958192,0.6327373778873187,0.3699558573574745,0.3760094549330437,0.002759246309678688,0.14748613554600223,-0.1524527814961066,-0.049354587175378786,0.053010748825251204,0.057221758579468
/multi_agv/path_reference,1789710675.258603,1789710675.2578092,world,s_curve,1,4.859296818894904,0.09999826572532187,4.715756514357364e-05,0.46055375565101525,-0.0007160905746968772,-6.263399544148949,0.6337249346615443,0.371000495328856,0.37693583696264527,0.002710680515303729,0.14754116410672363,-0.152400116346118,-0.048921520850132946,0.05224692138688561,0.056357770843492035
/multi_agv/path_reference,1789710675.2685757,1789710675.267857,world,s_curve,1,4.86030140497232,0.09999826572532187,0.0,0.4615581490233582,-0.0006964150290151951,-6.263796224900773,0.6347306737432552,0.37206370654476123,0.37788006678205804,0.0026616621196919677,0.1475963520415507,-0.15234725924828824,-0.0484783312227602,0.05147459740180197,0.05548502168287175
/multi_agv/path_reference,1789710675.278744,1789710675.2778955,world,s_curve,1,4.861305439359304,0.09999826572532187,0.0,0.4625619984834763,-0.0006771459199784607,-6.2641878062145535,0.6357358248868168,0.37312563154130546,0.37882453902230645,0.0026131198482642146,0.1476506541317495,-0.1522952117399491,-0.048033298378504244,0.05070834712035222,0.05461998981224264
/multi_agv/path_reference,1789710675.2888486,1789710675.2879183,world,s_curve,1,4.86230769197719,0.09999826572532187,0.0,0.46356407390545773,-0.0006583006019420661,-6.264573842268441,0.6367391575664665,0.37418497350455365,0.37976809064535294,0.0025651135822156376,0.1477040140589081,-0.15224402944694992,-0.04758704046220909,0.049949098046650896,0.05376371039483105
/multi_agv/path_reference,1789710675.2987602,1789710675.29785,world,s_curve,1,4.863300854807075,0.10000003321558922,0.0001779658683589397,0.4645570682050897,-0.0006400053670823342,-6.264951613771738,0.6377333572230702,0.3752340212351987,0.380703826157,0.002517987976934368,0.1477560635835966,-0.15219406766177795,-0.047142908795568005,0.04920230295100563,0.052922310252601655
/multi_agv/path_reference,1789710675.308558,1789710675.3078709,world,s_curve,1,4.864302752339861,0.10000003321558922,0.0,0.465558802614006,-0.0006219269781151574,-6.265327920494232,0.638736267744618,0.37629160440550796,0.381648535691892,0.0024708987421089928,0.14780774432787652,-0.15214442400433098,-0.04669299897927793,0.0484545639930766,0.052080684648978054
/multi_agv/path_reference,1789710675.31846,1789710675.3178787,world,s_curve,1,4.865303560472285,0.10000003321558922,0.0,0.4665594544787764,-0.0006042421892508341,-6.265699035284031,0.6397380554771932,0.377347346862496,0.3825929610966399,0.002424314600897089,0.1478585472721533,-0.1520955884408029,-0.046241767047941584,0.04771328546367585,0.05124716784811146
/multi_agv/path_reference,1789710675.3283424,1789710675.327804,world,s_curve,1,4.866296295202028,0.10000003321558922,0.0,0.46755204057632965,-0.000587064542390555,-6.266062451479227,0.6407317307653437,0.37839389263211665,0.3835304983315284,0.0023785561408857783,0.14790813623917626,-0.15204788600723368,-0.045792451978746644,0.04698357057993607,0.05042747707066453
/multi_agv/path_reference,1789710675.3383086,1789710675.337852,world,s_curve,1,4.867300980126423,0.10000188365036095,0.0001841840742824174,0.468556581329126,-0.0005700450825691514,-6.266425489752185,0.6417373367396643,0.37945234870034183,0.3844800585473718,0.002332704551020909,0.14795751373274135,-0.15200035353146973,-0.045336047453730786,0.04625074128474043,0.049605119525040736
/multi_agv/path_reference,1789710675.3483295,1789710675.3478572,world,s_curve,1,4.868301485872098,0.10000188365036095,0.0,0.4695569495378281,-0.0005534564316092281,-6.266782285066003,0.6427387296126051,0.380505716516491,0.3854264024843881,0.0022875029365537723,0.14800588490167593,-0.15195375713305737,-0.04487992793617283,0.04552663579539274,0.04879337947611743
/multi_agv/path_reference,1789710675.358357,1789710675.3578017,world,s_curve,1,4.8692961225072215,0.10000188365036095,0.0,0.47055145520850816,-0.0005373165232058704,-6.267132324364821,0.643734219120924,0.38155222924939525,0.38636791725520514,0.002243022243281724,0.14805318713930538,-0.15190815895220472,-0.04442495444702898,0.044812399115311534,0.04799351796311856
/multi_agv/path_reference,1789710675.3683448,1789710675.3678343,world,s_curve,1,4.87029941190533,0.10000188365036095,0.0,0.4715546181280794,-0.0005213865889261021,-6.267480717607851,0.6447383401814394,0.3826071654966411,0.38731834870615767,0.002198616305289957,0.14810011478411897,-0.15186289085618723,-0.043964545112877035,0.04409763402080984,0.04719388450183048
/multi_agv/path_reference,1789710675.3783038,1789710675.3778567,world,s_curve,1,4.871301580992238,0.1000030022690243,0.00011162310451454902,0.47255666632101123,-0.0005058209935748319,-6.267824037463453,0.6457413119988991,0.3836602436430136,0.3882684433211209,0.002154724331059995,0.14814620904656553,-0.15181839635835,-0.04350323586411491,0.04338937413376887,0.0464023467072492
/multi_agv/path_reference,1789710675.3883376,1789710675.3878086,world,s_curve,1,4.872296800670513,0.1000030022690243,0.0,0.47355177113853963,-0.0004907014479993474,-6.2681603627806854,0.6467373018302948,0.38470534892850683,0.3892126626568172,0.002111597346362719,0.14819121830176915,-0.15177491999212991,-0.04304379419028666,0.04269167702179154,0.04562341878655536
/multi_agv/path_reference,1789710675.3984425,1789710675.3978524,world,s_curve,1,4.873301140822601,0.1000030022690243,0.0,0.47455600044142127,-0.0004757803639893504,-6.268495128901019,0.6477423925903227,0.3857593568783334,0.3901662518556076,0.00206854163743029,0.1482358738260234,-0.15173175655542173,-0.042578865317787824,0.0419933021059078,0.04484454332209092
/multi_agv/path_reference,1789710675.4083571,1789710675.4078453,world,s_curve,1,4.874300518025692,0.1000030022690243,0.0,0.47555527221170746,-0.00046126437205306275,-6.268823632721277,0.6487424908354075,0.38680748578549345,0.39111584001422134,0.0020261651016672596,0.14827955182998043,-0.1516895100478069,-0.042115029038986194,0.041304084351720144,0.04407668309407315
/multi_agv/path_reference,1789710675.4185348,1789710675.4178505,world,s_curve,1,4.875301170684975,0.10000379359636323,7.908412088426472e-05,0.4765558239948807,-0.00044705645949549773,-6.269147970637442,0.6497438402770368,0.38785628452211185,0.3920673471854934,0.0019842017027822565,0.14832253619074576,-0.1516479072720145,-0.041649465183029095,0.04061969620790357,0.04331500120191015
/multi_agv/path_reference,1789710675.4290593,1789710675.4278271,world,s_curve,1,4.87629871752644,0.10000379359636323,0.0,0.477553274776196,-0.0004332133677353941,-6.269466755558003,0.6507420573067648,0.38890116531239205,0.3930166017094311,0.0019428349439278808,0.14836464779840414,-0.15160712284553818,-0.04118428368467963,0.039943124673685125,0.042562808620767334
/multi_agv/path_reference,1789710675.4383883,1789710675.4378223,world,s_curve,1,4.877298312645606,0.10000379359636323,0.0,0.47855277798316936,-0.00041965854919460906,-6.269781662526592,0.6517423001606429,0.38994753039763846,0.39396850339122663,0.0019018512910577328,0.14840611240565976,-0.15156693934430132,-0.04071715149952499,0.039270870966756265,0.0418162029037244
/multi_agv/path_reference,1789710675.448511,1789710675.4479373,world,s_curve,1,4.878309836317276,0.10000379359636323,0.0,0.479564212910098,-0.0004062601026413221,-6.2700957301648375,0.6527544556570966,0.39100571105213605,0.39493247202106124,0.0018608563998109664,0.14844733155262696,-0.15152696826036188,-0.040243500965806596,0.038596416488840414,0.04106794944887222
/multi_agv/path_reference,1789710675.4585416,1789710675.4579244,world,s_curve,1,4.879308603503908,0.100004674644439,8.821768210162061e-05,0.48056289652168815,-0.00039333999770265333,-6.27040132112372,0.6537538239922243,0.39204988710988004,0.39588497846296006,0.001820851027364914,0.14848730738423604,-0.1514881784047089,-0.03977496205738086,0.037936219057330765,0.04033629416240731
/multi_agv/path_reference,1789710675.4683735,1789710675.4678044,world,s_curve,1,4.880296793196103,0.100004674644439,0.0,0.4815510073362612,-0.00038085486585645497,-6.270699280649405,0.6547425868581604,0.3930823622599613,0.3968280728906618,0.0017817321750849,0.14852615920119036,-0.15145045597384463,-0.039310610980388044,0.037288643288415205,0.03961938561046056
/multi_agv/path_reference,1789710675.4784741,1789710675.477894,world,s_curve,1,4.881305790760947,0.100004674644439,0.0,0.4825599281283041,-0.00036840844144211157,-6.270999025456286,0.6557521480940611,0.39413592112982954,0.39779171516102163,0.0017422652265684693,0.14856511695272065,-0.15141260750361543,-0.03883575801783841,0.03663321509579736,0.03889455757418597
/multi_agv/path_reference,1789710675.4883802,1789710675.4878755,world,s_curve,1,4.882303935118466,0.100004674644439,0.0,0.4835580001381983,-0.00035639119189398807,-6.2712911056311595,0.6567508292022948,0.3951774974410095,0.39874567377129055,0.001703696372909808,0.14860295474850752,-0.1513758246970993,-0.038365362947977516,0.03599059171033357,0.03818465403057064
/multi_agv/path_reference,1789710675.4983385,1789710675.497852,world,s_curve,1,4.883301333100139,0.10000539248874458,7.197558331226907e-05,0.48455532926423805,-0.0003446719251878578,-6.271578578224279,0.6577487433906704,0.39621765194781045,0.39969959245423325,0.0016656273634976177,0.1486400748321185,-0.15133971797117968,-0.03789474424302525,0.03535417101643978,0.03748235605989938
/multi_agv/path_reference,1789710675.5083692,1789710675.5078042,world,s_curve,1,4.884296963986527,0.10000539248874458,0.0,0.4855508947110865,-0.0003332571869774867,-6.271861188030257,0.6587448700514713,0.39725532547216325,0.4006524886096249,0.001628095864917064,0.1486764487142641,-0.15130431614011364,-0.03742445563348509,0.03472458744946676,0.03678834867495988
/multi_agv/path_reference,1789710675.5183334,1789710675.517873,world,s_curve,1,4.885303859680336,0.10000539248874458,0.0,0.4865577274409098,-0.0003219972779398666,-6.27214259475155,0.6597522478616258,0.3983040940302633,0.40161684043084017,0.0015906177481901321,0.14871254968959796,-0.15126915927160767,-0.03694840575963713,0.034093686980868086,0.03609364168160026
/multi_agv/path_reference,1789710675.5283687,1789710675.5278723,world,s_curve,1,4.886303833300894,0.10000539248874458,0.0,0.4875576416031116,-0.00031109298496817523,-6.272417710357428,0.6607526816596376,0.39934501326153043,0.4025752298881666,0.0015538734539610295,0.14874772829398222,-0.15123488070284777,-0.036475261840994026,0.03347290716287778,0.03541082161675163
/multi_agv/path_reference,1789710675.5383713,1789710675.5378618,world,s_curve,1,4.887302747396295,0.10000627674956104,8.852776463629279e-05,0.4885564992377348,-0.00030047274304505363,-6.272688223313627,0.6617520374548701,0.4003841964656327,0.4035332637927015,0.0015176421259343275,0.14878220574062306,-0.15120126609569257,-0.036002325825240274,0.032858543688816126,0.034735792263809344
/multi_agv/path_reference,1789710675.5483973,1789710675.5478601,world,s_curve,1,4.888302648653654,0.10000627674956104,0.0,0.4895563467969402,-0.000290110466141958,-6.272954712045025,0.6627523633713466,0.4014237760090633,0.4044929010104107,0.0014818496795625303,0.1488160596487124,-0.1511682407267008,-0.03552870035680512,0.03224934125415525,0.03406716143425014
/multi_agv/path_reference,1789710675.5583596,1789710675.5578356,world,s_curve,1,4.889300206463929,0.10000627674956104,0.0,0.4905538537298961,-0.0002800358566200792,-6.273216321495301,0.663750327939092,0.40246029354064555,0.40545093970995066,0.0014466145142791624,0.1488491854689903,-0.1511359075531297,-0.03505603509500434,0.031647321251523836,0.03340713329899362
/multi_agv/path_reference,1789710675.5683937,1789710675.567819,world,s_curve,1,4.890298606827086,0.10000627674956104,0.0,0.49155220575683317,-0.00027021191431719424,-6.27347392093295,0.6647491190037488,0.40349706409354114,0.40641043417320943,0.0014118230854282777,0.14888169731468862,-0.15110415614306846,-0.03458289261200527,0.03105055169161273,0.03275357503942488
/multi_agv/path_reference,1789710675.5784638,1789710675.5779257,world,s_curve,1,4.891309546579759,0.10000698929987095,7.048888030197859e-05,0.49256309909026386,-0.00026052448714392756,-6.273730467821762,0.6657604381584303,0.4045462247825572,0.4073826343298039,0.0013770773284909753,0.14891397010593782,-0.1510726208958606,-0.03410380194083184,0.03045216098978302,0.03209896226796651
/multi_agv/path_reference,1789710675.5885148,1789710675.5879347,world,s_curve,1,4.892310515635598,0.10000698929987095,0.0,0.4935640245808841,-0.00025118598314621707,-6.273980258493409,0.6667617673033469,0.40558441541591006,0.40834589102339525,0.001343152702195964,0.14894528974995686,-0.1510420004015915,-0.03362950417584181,0.029865498990422148,0.03145788843129365
/multi_agv/path_reference,1789710675.5987067,1789710675.5979342,world,s_curve,1,4.893310513923593,0.10000698929987095,0.0,0.4945639816251421,-0.00024210410506943415,-6.274225633199979,0.6677621103439786,0.406620984149826,0.4093088503816216,0.0013097361874034852,0.14897595510713366,-0.15101200360974545,-0.03315580695879928,0.02928519875328323,0.030824463621566132
/multi_agv/path_reference,1789710675.6083143,1789710675.6078207,world,s_curve,1,4.894299081312703,0.10000698929987095,0.0,0.49555251038511283,-0.00023336518098991942,-6.2744641274324815,0.6687510042831939,0.40764510305704343,0.41026142381510095,0.001277168312960978,0.14900566368497697,-0.1509829275409077,-0.032687734314110414,0.028717225927395257,0.0302051733201403
/multi_agv/path_reference,1789710675.6183853,1789710675.6178539,world,s_curve,1,4.895302468478553,0.10000643520337175,-5.52261554954861e-05,0.496555860427498,-0.00022473429505641073,-6.274702078723051,0.66975470885565,0.40868396720731004,0.4112289052195338,0.0012445863513718851,0.14903520802671957,-0.15095399726326067,-0.032212931190098076,0.028146530605410617,0.029583597776645636
/multi_agv/path_reference,1789710675.6285317,1789710675.6278503,world,s_curve,1,4.896302343718418,0.10000643520337175,0.0,0.4975557006714427,-0.00021636905346045235,-6.274935095873076,0.6707548867744129,0.40971858996290256,0.41219362527701264,0.0012125932513948623,0.14906404487407277,-0.150925745285849,-0.03174015059362051,0.027583639969457445,0.028971200688634745
/multi_agv/path_reference,1789710675.6382916,1789710675.6378324,world,s_curve,1,4.897300631356123,0.10000643520337175,0.0,0.49855395526990737,-0.0002082474888428621,-6.275163684759909,0.6717534634926993,0.41075097069958666,0.4131574316174361,0.0011811233698718181,0.14909224112570935,-0.15089810696210976,-0.03126855364226606,0.02702742877447877,0.02836673881334532
/multi_agv/path_reference,1789710675.6486144,1789710675.6478531,world,s_curve,1,4.898302594430336,0.10000643520337175,0.0,0.49955588700778136,-0.00020032345006022514,-6.275389064235323,0.6727557039673328,0.4117865539329949,0.41412540312301627,0.0011500117593925164,0.14911995036299977,-0.15087093247257297,-0.030795729736759866,0.0264749850766471,0.027767035770922575
/multi_agv/path_reference,1789710675.6585786,1789710675.6578526,world,s_curve,1,4.8993024457421415,0.100005782374627,-6.529635817367676e-05,0.5005557087888239,-0.00019263919846109308,-6.275609949748974,0.6737558197926142,0.41281936054029983,0.41509194603355765,0.0011194386478277569,0.14914701794596155,-0.1508443741891726,-0.030324485513236674,0.025929515401160064,0.027175559944968692
/multi_agv/path_reference,1789710675.6684122,1789710675.6678722,world,s_curve,1,4.900304736795014,0.100005782374627,0.0,0.5015579719030193,-0.00018515584681776624,-6.275827371899951,0.6747583640878032,0.4138540954774755,0.41606145614377915,0.0010892644280712765,0.14917357359318834,-0.15081830556171288,-0.02985275109033358,0.025388541420752173,0.026589610147239248
/multi_agv/path_reference,1789710675.678391,1789710675.67782,world,s_curve,1,4.901299443709368,0.100005782374627,0.0,0.502552652661215,-0.00017794259779186213,-6.276039213999062,0.6757533109354995,0.41488041867014624,0.417024228377999,0.0010597865141282773,0.14919936286396593,-0.1507929771714698,-0.02938531352630896,0.02485743030573335,0.026014980646318877
/multi_agv/path_reference,1789710675.688686,1789710675.6879356,world,s_curve,1,4.902311233611467,0.100005782374627,0.0,0.5035644174884024,-0.00017081963734438192,-6.276250700746412,0.6767653336526469,0.41592377677820064,0.4180041420343596,0.0010302798033117403,0.14922502399930213,-0.150767762714647,-0.028910668104291482,0.024323095880594992,0.025437507766107585
/multi_agv/path_reference,1789710675.6985703,1789710675.697942,world,s_curve,1,4.90331192474769,0.10000549012948219,-2.9205933665621063e-05,0.5045650852709416,-0.00016398329932042788,-6.276455934128419,0.6777662442932092,0.4169551074205163,0.4189739040990991,0.0010015695064984884,0.1492498439759622,-0.150743363380422,-0.028442118674413926,0.02380047473842668,0.02487332528471704
/multi_agv/path_reference,1789710675.708322,1789710675.70782,world,s_curve,1,4.904299635471311,0.10000549012948219,0.0,0.5055527742867361,-0.0001574351427339284,-6.276654696846199,0.6787541615561495,0.4179724960650853,0.41993166523897324,0.0009736917071982711,0.14927380277831875,-0.1507197999137188,-0.027980588660126027,0.02329034073531066,0.02432323154989211
/multi_agv/path_reference,1789710675.718349,1789710675.7178113,world,s_curve,1,4.905298972133176,0.10000549012948219,0.0,0.5065520902776458,-0.00015100779851488406,-6.276851976387645,0.6797536973248129,0.41900129348617654,0.4209012800219478,0.000945949939369349,0.1492975050116796,-0.1506964783465936,-0.02751465329805406,0.02277997426917338,0.02377349503319714
/multi_agv/path_reference,1789710675.7282858,1789710675.7278008,world,s_curve,1,4.906297986577352,0.10000549012948219,0.0,0.5075510852936325,-0.0001447776676125243,-6.277045377444447,0.6807529012543703,0.42002919363967156,0.42187116098685545,0.0009186826761226157,0.14932066476411593,-0.1506736804430761,-0.02704997646136941,0.022275576119637916,0.02323079085495393
/multi_agv/path_reference,1789710675.738277,1789710675.7378016,world,s_curve,1,4.9072980901179175,0.10000478379010798,-7.063000333005287e-05,0.5085511705615864,-0.0001387323711450826,-6.277235197630052,0.6817531852681846,0.4210576520422605,0.42284267437431394,0.0008918507527754866,0.14934332078945467,-0.15065136865566542,-0.02658597929516926,0.021776440882871336,0.022694346158614338
/multi_agv/path_reference,1789710675.7483835,1789710675.7478635,world,s_curve,1,4.908304168044271,0.10000478379010798,0.0,0.5095572312346364,-0.0001328405952206414,-6.277422353317085,0.6827594357873309,0.4220916906638343,0.4238205672527438,0.0008653267687819333,0.1493655848568803,-0.15062943341132415,-0.026120485337429653,0.021280192379907463,0.022161598745279898
/multi_agv/path_reference,1789710675.7583363,1789710675.7578015,world,s_curve,1,4.909298179693428,0.10000478379010798,0.0,0.5105512268926822,-0.00012720253833013333,-6.2776035520627484,0.6837536094686774,0.4231127766847798,0.42478729452458935,0.0008395807872467538,0.14938706910568442,-0.1506082575079216,-0.025661906553518445,0.020795676098245886,0.02164202461178003
/multi_agv/path_reference,1789710675.7684395,1789710675.7678206,world,s_curve,1,4.910299978315079,0.10000478379010798,0.0,0.5115530104048998,-0.00012170069693127471,-6.277782466536717,0.6847555631802863,0.424141311863586,0.42576215617082686,0.0008140942001686968,0.1494082125583184,-0.15058740884928093,-0.02520115235459595,0.020313177363832705,0.02112518761860005
/multi_agv/path_reference,1789710675.7782876,1789710675.777835,world,s_curve,1,4.911301514806546,0.10000423282240933,-5.501457259162855e-05,0.5125545327490605,-0.00011637760871544945,-6.277957647397141,0.6857572468001525,0.4251690303277357,0.4267373211192932,0.0007890755019578921,0.14942884620860555,-0.1505670545367098,-0.024742018271582088,0.01983663809730732,0.020615301928448557
/multi_agv/path_reference,1789710675.7883942,1789710675.787803,world,s_curve,1,4.912298457403569,0.10000423282240933,0.0,0.5135514621652646,-0.0001112513624076539,-6.278128393777775,0.6867543282943931,0.4261914953233564,0.4277085628780441,0.0007646279986701692,0.1494488910331541,-0.15054727311904723,-0.024286556547758794,0.01936807645283523,0.020114507947740487
/multi_agv/path_reference,1789710675.7982855,1789710675.797801,world,s_curve,1,4.9132983367248935,0.10000423282240933,0.0,0.5145513291225615,-0.00010627918703799724,-6.278296034855006,0.687754339651243,0.42721643593147957,0.4286832117849619,0.0007405642468108512,0.14946850622581934,-0.1505279080337442,-0.02383140053055146,0.018903937810645588,0.019618990271529184
/multi_agv/path_reference,1789710675.8082848,1789710675.80782,world,s_curve,1,4.914300158628441,0.10000423282240933,0.0,0.5155531394513195,-0.0001014636585517611,-6.2784604082640945,0.6887562868386896,0.4282428335573529,0.429660297957916,0.000716909794680053,0.14948767526771514,-0.1505089760380505,-0.023377093111957886,0.01844472515481902,0.019129274999985083
/multi_agv/path_reference,1789710675.8183818,1789710675.817863,world,s_curve,1,4.915304426424757,0.10000358446281703,-6.45627426164205e-05,0.5165573964171201,-9.679984792301753e-05,-6.278621604192758,0.689760673472692,0.4292712048175573,0.4306403109611108,0.0006936539526067449,0.1495064112006518,-0.15049046469702762,-0.02292349652757189,0.017990244865396136,0.018645144169836366
/multi_agv/path_reference,1789710675.828434,1789710675.8278968,world,s_curve,1,4.9163079952960205,0.10000358446281703,0.0,0.5175609551954228,-9.229921064428097e-05,-6.278779140084063,0.6907643546265971,0.43029833255407207,0.431620178405599,0.0006708688475619828,0.14952466068947276,-0.1504724271689676,-0.022472115381150515,0.01754193392435767,0.018168114781179676
/multi_agv/path_reference,1789710675.8384683,1789710675.8379319,world,s_curve,1,4.917311410461775,0.10000358446281703,0.0,0.5185643609585591,-8.795555532003756e-05,-6.27893313787532,0.6917678758621413,0.4313247800332071,0.4326004269803287,0.0006485395529915413,0.149542440821783,-0.15045484704073467,-0.022022781707548525,0.01709953960800503,0.017697902059803462
/multi_agv/path_reference,1789710675.8485231,1789710675.8479567,world,s_curve,1,4.91831406010009,0.10000358446281703,0.0,0.5195670018504516,-8.376781269126385e-05,-6.279083540541124,0.6927706255658459,0.43234992672223677,0.43358045326327194,0.0006266770170203865,0.14955974793750532,-0.1504377283925995,-0.021575846555872892,0.016663321692790264,0.017234766219516747
/multi_agv/path_reference,1789710675.858482,1789710675.8579586,world,s_curve,1,4.919314270238056,0.10000294326476349,-6.41082209986114e-05,0.5205672038726801,-7.973879356218397e-05,-6.279230145786484,0.6937709298816714,0.4333720682060124,0.4345586135303563,0.0006053134688534781,0.149576561829136,-0.15042109167867604,-0.021132125885966295,0.016233978338824086,0.016779430904081797
/multi_agv/path_reference,1789710675.868424,1789710675.8678544,world,s_curve,1,4.920303719859321,0.10000294326476349,0.0,0.5215566460298449,-7.589575092031663e-05,-6.279371833332376,0.6947604673636462,0.4343827156723055,0.4355267550535828,0.000584615693823643,0.14959275783432074,-0.15040506078090532,-0.02069534731842017,0.015814964411898388,0.01633553531073795
/multi_agv/path_reference,1789710675.8783212,1789710675.8778617,world,s_curve,1,4.921304493113861,0.10000294326476349,0.0,0.5225574122723033,-7.214964771834406e-05,-6.279511795063436,0.6957613243559599,0.43540443065237433,0.43650648180857565,0.0005641198839752007,0.149608703485728,-0.15038927231285823,-0.02025584321052144,0.015396929964031237,0.015893159729338257
/multi_agv/path_reference,1789710675.8883023,1789710675.8878007,world,s_curve,1,4.922298590471917,0.10000294326476349,0.0,0.5235515031685829,-6.856556071425331e-05,-6.279647522755525,0.6967555000162525,0.4364188381881036,0.43748017130139244,0.0005441953979428846,0.1496241152670389,-0.15037400734712453,-0.01982161312072781,0.01498743100700266,0.015460288666691302
/multi_agv/path_reference,1789710675.8983822,1789710675.897846,world,s_curve,1,4.923302959274839,0.10000195180337024,-9.871680021737395e-05,0.5245558659218957,-6.507980345149013e-05,-6.2797813455534595,0.6977599432200355,0.4374432340149449,0.43846442053070667,0.0005245025063163899,0.14963926002089728,-0.15035900193756813,-0.019385347623573558,0.014579514565233109,0.015029559773335489
/multi_agv/path_reference,1789710675.908284,1789710675.9078197,world,s_curve,1,4.924300345741481,0.10000195180337024,0.0,0.5255532468283514,-6.174965968123686e-05,-6.27991098157878,0.6987573991022078,0.4384600227289198,0.43944231865392636,0.0005053791570451546,0.14965388184206344,-0.15034450997815232,-0.018954633545074744,0.014180213343633282,0.014608386353828495
/multi_agv/path_reference,1789710675.9183724,1789710675.9178267,world,s_curve,1,4.925301264877073,0.10000195180337024,0.0,0.5265541608044609,-5.853608666483045e-05,-6.280037848089212,0.699758383634101,0.4394799313055918,0.44042416747368984,0.00048661891916516355,0.1496681434236291,-0.15033037060278875,-0.01852499787010328,0.013785284121570311,0.014192275255684356
/multi_agv/path_reference,1789710675.9285858,1789710675.927863,world,s_curve,1,4.9263046956616865,0.10000195180337024,0.0,0.5275575868128287,-5.54402951441778e-05,-6.280161820496308,0.7007618758956454,0.4405019199599062,0.44140896458293444,0.00046824216212821765,0.1496820328663626,-0.15031659591392338,-0.01809698403359796,0.01339517840015645,0.013781691186089318
/multi_agv/path_reference,1789710675.938744,1789710675.9378552,world,s_curve,1,4.927304039460705,0.10000083045372554,-0.0001122095277006473,0.5285569262242099,-5.247916881989443e-05,-6.2802821253447325,0.70176127705515,0.4415192741452456,0.442390227472234,0.0004503659689684666,0.14969546612787243,-0.1503032696033006,-0.017673481788005225,0.013012443782758632,0.013379299340233975
/multi_agv/path_reference,1789710675.9487576,1789710675.947825,world,s_curve,1,4.928300916239237,0.10000083045372554,0.0,0.5295537989692773,-4.964358035531859e-05,-6.280399022980317,0.7027582073982014,0.4425336526656992,0.4433695368439313,0.00043295437495832246,0.1497084751888916,-0.1502903603049159,-0.017253858555330164,0.0126363987465234,0.012984363907866428
/multi_agv/path_reference,1789710675.9585927,1789710675.957802,world,s_curve,1,4.9292988287263695,0.10000083045372554,0.0,0.5305517077397514,-4.6920220869867715e-05,-6.280512965321335,0.703756170032672,0.4435486257916603,0.44435032739492164,0.000415942415582789,0.149721112855397,-0.15027781593358938,-0.016836715046883357,0.012265705061158313,0.01259546359879298
/multi_agv/path_reference,1789710675.9686592,1789710675.9678211,world,s_curve,1,4.930300536845023,0.10000083045372554,0.0,0.5315534124291688,-4.429932077650715e-05,-6.28062428010831,0.7047579251724584,0.4445670024167678,0.44533530969828,0.0003992830950249506,0.14973341755711714,-0.1502655986144716,-0.016421000837852643,0.01189937442372609,0.012211549647647276
/multi_agv/path_reference,1789710675.978601,1789710675.977819,world,s_curve,1,4.931300410517055,0.09999984718415618,-9.833922967215297e-05,0.5325532829592414,-4.179290445535498e-05,-6.280732367969081,0.7057578426366324,0.4455830626079479,0.44631894363314384,0.00038306820353304987,0.14974532527346893,-0.15025377219036803,-0.016009143619581896,0.01153947764519296,0.011834778524606945
/multi_agv/path_reference,1789710675.9887068,1789710675.9879313,world,s_curve,1,4.9323117655715425,0.09999984718415618,0.0,0.5335646351016206,-3.9366103885673713e-05,-6.280838660731681,0.7067692389602267,0.4466103365281914,0.4473143298164435,0.0003670846105943586,0.1497569955328475,-0.15024217845509885,-0.015595787734374261,0.011181300021511666,0.011460205141344241
/multi_agv/path_reference,1789710675.998717,1789710675.9978569,world,s_curve,1,4.933304213054924,0.09999984718415618,0.0,0.5345570799693258,-3.708773250197317e-05,-6.280940033452495,0.7077617241409844,0.4476179671074076,0.44829154865958537,0.00035180475796902234,0.14976808792836313,-0.1502311558838381,-0.015193400581433446,0.010835534219642139,0.01109899238541037
/multi_agv/path_reference,1789710676.0084145,1789710676.007864,world,s_curve,1,4.93430489532572,0.09999984718415618,0.0,0.5355577598282103,-3.489085509714557e-05,-6.281039341857493,0.7087624417660758,0.44863352430802667,0.4492773134105283,0.0003368009565335196,0.1497789178516828,-0.15022039137350773,-0.014791007971358352,0.010492625878692005,0.010741138011156153
/multi_agv/path_reference,1789710676.0184445,1789710676.0179245,world,s_curve,1,4.935310986528645,0.09999912562615017,-7.171831885613668e-05,0.5365638488180788,-3.278081708135435e-05,-6.281136282547318,0.7097685659741597,0.44965413676026894,0.45026884371980785,0.0003221204114811812,0.14978945368110178,-0.150209916543827,-0.01438989866361112,0.010153654618672535,0.010387761567521851
/multi_agv/path_reference,1789710676.0284176,1789710676.027856,world,s_curve,1,4.936304049445487,0.09999912562615017,0.0,0.537556909743755,-3.079235556688213e-05,-6.281229148219629,0.7107616591111154,0.450661111403215,0.4512479587169345,0.00030802409898227095,0.14979951242540931,-0.15019991359109222,-0.013997466974633894,0.009824760350139811,0.010045245025871464
/multi_agv/path_reference,1789710676.0385354,1789710676.0379202,world,s_curve,1,4.937310450245704,0.09999912562615017,0.0,0.538563308707337,-2.8869840824308245e-05,-6.281320440314868,0.7117680882841959,0.4516811890513373,0.4522406487864778,0.00029413438785983544,0.14980936721527746,-0.15019011112561023,-0.013603379777120967,0.009497206718802798,0.009704475573782905
/multi_agv/path_reference,1789710676.0483546,1789710676.0478454,world,s_curve,1,4.938303099866159,0.09999912562615017,0.0,0.5395559566816654,-2.7062241944689692e-05,-6.281407740009672,0.7127607637966775,0.4526869181890886,0.4532201880592301,0.00028082126113219345,0.149818759025701,-0.15018076701266728,-0.013218325547336715,0.0091797999599233,0.009374600083961203
/multi_agv/path_reference,1789710676.0583444,1789710676.0578058,world,s_curve,1,4.9392991477215995,0.0999978069246128,-0.00013239048807227194,0.5405520030378184,-2.5334204420997706e-05,-6.281492635390331,0.7137568356665545,0.4536956860763053,0.4542034873705951,0.00026784500953210965,0.1498278613033198,-0.1501717089261149,-0.012835678247182226,0.008866960620601962,0.009049800183482271
/multi_agv/path_reference,1789710676.068446,1789710676.067858,world,s_curve,1,4.940304093081907,0.0999978069246128,0.0,0.5415569470282259,-2.3675060974394034e-05,-6.281575582718595,0.7147618033795474,0.4547130602876948,0.4551959774174353,0.0002551372738775361,0.14983672443067858,-0.1501628868874793,-0.012453479264675469,0.008557058977644208,0.008728375551979941
/multi_agv/path_reference,1789710676.0783381,1789710676.0778384,world,s_curve,1,4.941302330189335,0.0999978069246128,0.0,0.5425551829056772,-2.2108192356952492e-05,-6.281655322976337,0.7157600609389039,0.455723246348113,0.4561822414300146,0.00024289274173562846,0.14984521577675633,-0.15015443309556284,-0.012077761106322445,0.00825491836565447,0.008415315573230301
/multi_agv/path_reference,1789710676.088576,1789710676.0879216,world,s_curve,1,4.942310646975702,0.0999978069246128,0.0,0.5435634985712613,-2.060496759732942e-05,-6.281733222510831,0.7167683967224046,0.45674323687192114,0.4571788621194581,0.00023090338633394305,0.14985348271422344,-0.15014620100334936,-0.011702311386997007,0.0079554781604669,0.008105363838886047
/multi_agv/path_reference,1789710676.0983644,1789710676.0978014,world,s_curve,1,4.943298616838118,0.09999734436355445,-4.681810569346387e-05,0.5445514674444167,-1.920701694132198e-05,-6.281807008716343,0.7177563836819083,0.4577422646216434,0.4581557540296984,0.000219521204106261,0.1498612863945584,-0.15013842864948865,-0.011338481741006887,0.007667678476656428,0.007807755499862923
/multi_agv/path_reference,1789710676.1083813,1789710676.107836,world,s_curve,1,4.944302043790039,0.09999734436355445,0.0,0.5455548934926953,-1.7860529206723797e-05,-6.281879413191557,0.718759826561173,0.4587565429159275,0.4591483110009853,0.00020832688016131335,0.14986891786419435,-0.1501308263319758,-0.01097314234427521,0.00738103911750737,0.007511636838453083
/multi_agv/path_reference,1789710676.1184468,1789710676.1178327,world,s_curve,1,4.945301691542324,0.09999734436355445,0.0,0.5465545404374974,-1.6590102398334558e-05,-6.281949042490431,0.7197594888353763,0.4597666265824207,0.4601375058946951,0.00019753716838018207,0.14987623163594838,-0.15012353911152354,-0.010613455691534884,0.007101145122425833,0.00722276875907
/multi_agv/path_reference,1789710676.1286607,1789710676.12787,world,s_curve,1,4.946305318688927,0.09999734436355445,0.0,0.547558166858465,-1.538339292754334e-05,-6.2820164758320205,0.7207631293018577,0.46078036097455416,0.461131010298983,0.0001870640889226281,0.14988329040365508,-0.15011650467136037,-0.010256718086542604,0.006825816460664279,0.00693888739085857
/multi_agv/path_reference,1789710676.1386309,1789710676.1378741,world,s_curve,1,4.947305684350153,0.09999802688295722,6.822564611325206e-05,0.5485585318737558,-1.4246737975654917e-05,-6.282081263722003,0.7217635070697823,0.4617904377907483,0.4621216507607367,0.00017697915940625104,0.14989004889494598,-0.15010976826827918,-0.009905594564995655,0.006557035985820672,0.006662023615365646
/multi_agv/path_reference,1789710676.14869,1789710676.147879,world,s_curve,1,4.948306006912228,0.09999802688295722,0.0,0.5495588538601938,-1.3173744547477348e-05,-6.282143666493145,0.7227638406520069,0.46280011438957575,0.4631126065389985,0.00016724368204137991,0.14989653616601648,-0.1501033010817003,-0.009559020131424317,0.006293901028066106,0.0063912325353212085
/multi_agv/path_reference,1789710676.1584747,1789710676.1578074,world,s_curve,1,4.949299055817824,0.09999802688295722,0.0,0.5505519022574993,-1.2169146449355813e-05,-6.282203298729929,0.7237568995000484,0.4638021023924508,0.46409670487999855,0.0001579196790402895,0.14990271411526698,-0.15009714123365533,-0.009219535986135707,0.006038241810548123,0.0061283813251831135
/multi_agv/path_reference,1789710676.1683693,1789710676.167873,world,s_curve,1,4.950305409660893,0.09999802688295722,0.0,0.5515582556436599,-1.1210328271264061e-05,-6.282261415567781,0.7247632624787279,0.46481716850407034,0.46509433594818134,0.00014881237019683476,0.14990871430432096,-0.15009115765933156,-0.008880236437780447,0.005784800622711607,0.005868053122948485
/multi_agv/path_reference,1789710676.1783338,1789710676.1778352,world,s_curve,1,4.95130183929369,0.09999846783261562,4.4252287145823675e-05,0.5525546848762982,-1.0317466806800005e-05,-6.282316704331238,0.7257597002940928,0.46582188675653197,0.4660824675782698,0.00014012894076922768,0.14991440274409062,-0.15008548408528027,-0.008549064155074157,0.005539445092656192,0.005616262957528844
/multi_agv/path_reference,1789710676.188671,1789710676.1878605,world,s_curve,1,4.952304136536583,0.09999846783261562,0.0,0.5535569817640044,-9.473806522242448e-06,-6.282370096038363,0.7267620049675139,0.46683218850461017,0.46707675181988895,0.00013172488938785197,0.14991987700283513,-0.15008002331178968,-0.008220829205510186,0.005298241375021029,0.005368959107324742
/multi_agv/path_reference,1789710676.1984057,1789710676.197835,world,s_curve,1,4.953301767250976,0.09999846783261562,0.0,0.554554612167334,-8.686130273617053e-06,-6.282421066536764,0.7277596423428188,0.4678374609943274,0.46806673316485586,0.00012368421909870664,0.14992508489026032,-0.1500748275001799,-0.00789907758592638,0.005063723101968029,0.005128726669968674
/multi_agv/path_reference,1789710676.2084022,1789710676.2078483,world,s_curve,1,4.954303071309087,0.09999846783261562,0.0,0.5555559159515142,-7.945609256571437e-06,-6.2824700866217,0.7287609524077017,0.4688461146488841,0.46906068079795676,0.0001159342146695455,0.1499300761132485,-0.15006984715568777,-0.007581200297975504,0.0048339096121050905,0.004893523446454491
/multi_agv/path_reference,1789710676.2183914,1789710676.2178745,world,s_curve,1,4.955305698906853,0.09999915201197475,6.823805357951599e-05,0.5565585433094304,-7.252231656761816e-06,-6.28251706711894,0.7297635853944073,0.46985578626530494,0.47005625826857894,0.00010849033339844294,0.1499348429949585,-0.1500650900233272,-0.007268069975554561,0.0046093697121903435,0.004663920345411543
/multi_agv/path_reference,1789710676.22836,1789710676.2278779,world,s_curve,1,4.95630582992579,0.09999915201197475,0.0,0.5575586741198105,-6.60647842282345e-06,-6.282561874778386,0.7307637212170668,0.47086263571706,0.4710496654253047,0.00010137517397872826,0.14993937354528042,-0.15006056815452762,-0.006960959420512091,0.004390936602059081,0.004440756324116917
/multi_agv/path_reference,1789710676.2384255,1789710676.237937,world,s_curve,1,4.957311927694129,0.09999915201197475,0.0,0.5585647717059163,-6.0010600673558946e-06,-6.282604920779119,0.73176982329088,0.4718751879582519,0.4720493038686171,9.452480765218354e-05,0.14994371074244553,-0.1500562387302998,-0.006657387001853029,0.004176777773929815,0.004222147602582032
/multi_agv/path_reference,1789710676.2484114,1789710676.247862,world,s_curve,1,4.9583042396793715,0.09999915201197475,0.0,0.5595570835355126,-5.445396483686449e-06,-6.282645425670263,0.7327621390501815,0.47287357355571363,0.47303553800064263,8.806481939522171e-05,0.14994777763517408,-0.15005217864402037,-0.006363338585442801,0.003971019920680889,0.004012292177550325
/multi_agv/path_reference,1789710676.2584243,1789710676.257927,world,s_curve,1,4.959310750132805,0.09999946880454315,3.14741773949305e-05,0.5605635938527204,-4.921856187271572e-06,-6.282684573580224,0.7337686528953953,0.4738859542946172,0.4740361743681485,8.180774370366198e-05,0.14995169453880733,-0.1500482678510728,-0.006070615043018548,0.003767850244396434,0.0038052493770349208
/multi_agv/path_reference,1789710676.2684104,1789710676.267883,world,s_curve,1,4.960306325244328,0.09999946880454315,0.0,0.5615591688484638,-4.441835599274305e-06,-6.282721420318283,0.7347642309692628,0.4748870547613643,0.4750262208147642,7.59057227932014e-05,0.14995536824587824,-0.15004459947546928,-0.005786642017522329,0.003572355214228159,0.0036061915993543516
/multi_agv/path_reference,1789710676.2783234,1789710676.27786,world,s_curve,1,4.9613039509449575,0.09999946880454315,0.0,0.5625567944497358,-3.996706272114672e-06,-6.282756514608245,0.7357618592836149,0.47588994314906596,0.4760185809165265,7.027234339916511e-05,0.14995885497916228,-0.15004111744137777,-0.005507730290214629,0.0033818976215719836,0.0034124196067823343
/multi_agv/path_reference,1789710676.288374,1789710676.2878516,world,s_curve,1,4.962303270036592,0.09999946880454315,0.0,0.5635561134565233,-3.585021990491009e-06,-6.282789876925725,0.7367611806717975,0.4768942653123528,0.4770128943854196,6.49055052783636e-05,0.1499621579869938,-0.15003781855824366,-0.005234101204110712,0.003196561806850367,0.00322400857349539
/multi_agv/path_reference,1789710676.2984812,1789710676.2978537,world,s_curve,1,4.963303422817235,0.09999904821883247,-4.2051746069151047e-05,0.5645562661651153,-3.2054957801422554e-06,-6.282821515537377,0.7377613354606455,0.4778991627722225,0.4780083002624779,5.9805063597505443e-05,0.14996527929870423,-0.15003470084964216,-0.004966102253880547,0.0030165129651241445,0.003041115630079121
/multi_agv/path_reference,1789710676.3084044,1789710676.307857,world,s_curve,1,4.964303690596784,0.09999904821883247,0.0,0.5655565338838194,-2.856716701101632e-06,-6.282851449315297,0.7387616049878951,0.4789039196530684,0.4790040770104947,5.496916057026861e-05,0.14996822198508275,-0.15003176129575635,-0.004704024994789649,0.002841872924865264,0.0028638535288337363
/multi_agv/path_reference,1789710676.3184352,1789710676.317847,world,s_curve,1,4.965302712588191,0.09999904821883247,0.0,0.5665555558241683,-2.5374248615870785e-06,-6.282879684715572,0.7397606284919379,0.47990717612139483,0.479998862859172,5.039793787514318e-05,0.1499709878883883,-0.1500289981008482,-0.004448306597478167,0.002672854438529295,0.002692426991464791
/multi_agv/path_reference,1789710676.3288665,1789710676.3279524,world,s_curve,1,4.966313218770291,0.09999904821883247,0.0,0.5675660619631474,-2.2423203037136403e-06,-6.282906601348289,0.7407711359930148,0.4809217190740603,0.481005330822367,4.603094508862047e-05,0.14997361522122962,-0.15002637312722936,-0.004195874476247285,0.002507370854616784,0.002524710706777006
/multi_agv/path_reference,1789710676.3386528,1789710676.3378754,world,s_curve,1,4.96730551839572,0.09999900488992945,-4.366470644597877e-06,0.5685583615534072,-1.9782293115358573e-06,-6.282931469308749,0.7417634367301759,0.4819177482848061,0.4819938996452396,4.1987779133912704e-05,0.1499760339339409,-0.15002395640100943,-0.0039541745965768465,0.0023502136875546303,0.002365549035683912
/multi_agv/path_reference,1789710676.3485453,1789710676.3478367,world,s_curve,1,4.968301821181312,0.09999900488992945,0.0,0.5695546643098056,-1.7371384884026127e-06,-6.2829549234275,0.7427597404701186,0.4829175686671418,0.4829866837921563,3.8166497543827176e-05,0.149978307062745,-0.15002168497575402,-0.0037177554206865274,0.002197734270947654,0.0022112339497731446
/multi_agv/path_reference,1789710676.3587556,1789710676.3578577,world,s_curve,1,4.96930370661135,0.09999900488992945,0.0,0.5705565497157509,-1.517512050140572e-06,-6.282977024301831,0.7437616267156681,0.4839227687843547,0.48398525364722966,3.455814035100865e-05,0.1499804414081175,-0.15001955208461892,-0.003486424355367215,0.002049750622052485,0.002061572803207783
/multi_agv/path_reference,1789710676.3688018,1789710676.3678813,world,s_curve,1,4.970306231035029,0.09999900488992945,0.0,0.5715590741197939,-1.3191813346550344e-06,-6.28299769494988,0.7447641518284152,0.4849283934311923,0.4849846770997741,3.117620987203768e-05,0.14998243048318585,-0.15001756423706183,-0.003261475291715605,0.0019070252269410366,0.0019173277854339845
/multi_agv/path_reference,1789710676.37848,1789710676.3778102,world,s_curve,1,4.971299094429931,0.09999958654114545,5.858296459470089e-05,0.5725519374989596,-1.1424999528273063e-06,-6.28301678791839,0.7457570157964442,0.48592412046115746,0.4859746762392771,2.8045892153643354e-05,0.1499842611740883,-0.15001573456610046,-0.0030452229750756216,0.0017709347061602742,0.0017798792448245715
/multi_agv/path_reference,1789710676.3885446,1789710676.3878405,world,s_curve,1,4.972302134582756,0.09999958654114545,0.0,0.5735549776390217,-9.825757191085532e-07,-6.2830347298623845,0.7467600564323242,0.4869298516448755,0.4869750248398654,2.5098180568451717e-05,0.1499859753456225,-0.15001402125334826,-0.0028334444244028645,0.0016387457213736022,0.0016464572257523671
/multi_agv/path_reference,1789710676.398892,1789710676.3978121,world,s_curve,1,4.973299301459864,0.09999958654114545,0.0,0.5745521445060365,-8.407776822130134e-07,-6.283051271279555,0.7477572237070557,0.48792949952058234,0.4879697102904715,2.237492113758832e-05,0.14998755002548617,-0.15001244727967042,-0.0026296639124194173,0.0015125889645974282,0.0015192037573188376
/multi_agv/path_reference,1789710676.4085498,1789710676.40781,world,s_curve,1,4.97429905442628,0.09999958654114545,0.0,0.5755518974644726,-7.145416037812299e-07,-6.283066605578122,0.7487569770011244,0.48893155245596864,0.4889671629363245,1.984517881561806e-05,0.14998900454143124,-0.1500109933450582,-0.0024322123131701678,0.0013913491533373474,0.001396984563544782
/multi_agv/path_reference,1789710676.4185205,1789710676.4178102,world,s_curve,1,4.975299121732646,0.10000060059975914,0.00010139964557081253,0.5765519647646096,-6.029969996750216e-07,-6.28308073945059,0.7497570445745496,0.48993373970031856,0.4899651100189604,1.7508664912778563e-05,0.14999034035196335,-0.15000965800787514,-0.002241661528146106,0.001275305155308001,0.0012800724754030988
/multi_agv/path_reference,1789710676.4285638,1789710676.4278114,world,s_curve,1,4.976299218239187,0.10000060059975914,0.0,0.577552061266342,-5.050015252703214e-07,-6.283093715548543,0.7507571412967187,0.49093578250651626,0.4909632599957908,1.535913430406802e-05,0.14999156230138305,-0.1500084364402629,-0.002058163220596809,0.0011644728687992992,0.0011684751799492788
/multi_agv/path_reference,1789710676.43839,1789710676.4378092,world,s_curve,1,4.977299018543949,0.10000060059975914,0.0,0.5785518615674378,-4.1944779069113494e-07,-6.28310557766442,0.7517569417738108,0.4919373620369889,0.4919612808915135,1.3390109307753994e-05,0.1499926752969004,-0.15000732374958026,-0.001881868238743007,0.0010588659838938882,0.0010621983483416883
/multi_agv/path_reference,1789710676.4486058,1789710676.4478118,world,s_curve,1,4.978299257851348,0.10000060059975914,0.0,0.5795521008720756,-3.4518851730765275e-07,-6.283116382128844,0.7527571812175439,0.4929392219417383,0.4929598994569447,1.1592980453293715e-05,0.1499936853706977,-0.1500063139167029,-0.001712742762039592,0.0009583872502375778,0.0009611363196676785
/multi_agv/path_reference,1789710676.4584682,1789710676.4578342,world,s_curve,1,4.979301373418643,0.10000141375863812,8.11453690197121e-05,0.5805542164373182,-2.81113390706725e-07,-6.283126189066284,0.7537592968915342,0.49394280849321986,0.4939605439272004,9.958444192126136e-06,0.14999459884569652,-0.15000540063006076,-0.001550663852431532,0.0008628890703358967,0.0008651332936004204
/multi_agv/path_reference,1789710676.4687622,1789710676.46784,world,s_curve,1,4.980302120766595,0.10000141375863812,0.0,0.5815549637837734,-2.2644496888235182e-07,-6.283135014474352,0.7547600443216124,0.4949448796090718,0.4949599674206358,8.484507099052259e-06,0.1499954178892954,-0.15000458173130113,-0.0013962569512932029,0.0007726629631089449,0.0007744751308074994
/multi_agv/path_reference,1789710676.4789295,1789710676.4779217,world,s_curve,1,4.9813102328186645,0.10000141375863812,0.0,0.5825630758347624,-1.7983127829499645e-07,-6.283142976073764,0.7557681564364651,0.4959541858680396,0.49596688519978255,7.152131322057103e-06,0.14999615405302733,-0.15000384567818428,-0.0012483383568045363,0.0006869455862159165,0.000688388238093069
/multi_agv/path_reference,1789710676.4885445,1789710676.4878483,world,s_curve,1,4.982302897852354,0.10000141375863812,0.0,0.583555740867704,-1.41343607864101e-07,-6.283149953422402,0.7567608215163482,0.49694789747980533,0.4969585036069584,5.982106759016474e-06,0.14999679683746706,-0.15000320297504968,-0.0011102585617067551,0.0006075923697124715,0.0006087289670821957
/multi_agv/path_reference,1789710676.498831,1789710676.4978626,world,s_curve,1,4.98330438394047,0.10000197591433764,5.6133261750129864e-05,0.5845572269552999,-1.0911845397504365e-07,-6.283156174872695,0.7577623076386888,0.49795031676757223,0.4979590564596385,4.936745113091794e-06,0.14999736788611062,-0.15000263198658564,-0.0009786615460882398,0.0005325899559633876,0.0005334695343647244
/multi_agv/path_reference,1789710676.5087838,1789710676.5078568,world,s_curve,1,4.9843036605849305,0.10000197591433764,0.0,0.5855565035994122,-8.278600577111044e-08,-6.283161613110086,0.7587615843076805,0.49895040913485333,0.4989575173557028,4.021147215129098e-06,0.14999786520527808,-0.15000213471051055,-0.0008551687446980502,0.00046279135677098086,0.00046346027526243726
/multi_agv/path_reference,1789710676.5186868,1789710676.5178277,world,s_curve,1,4.985300854588241,0.10000197591433764,0.0,0.5865536976024959,-6.15642529890189e-08,-6.2831663232235035,0.7597587783281728,0.49994830964624504,0.4999540048330696,3.226553393242644e-06,0.1499982943498946,-0.1500017055960468,-0.0007398098051647316,0.00039813174013872215,0.0003986303701641978
/multi_agv/path_reference,1789710676.5287812,1789710676.5278199,world,s_curve,1,4.986300144732968,0.10000197591433764,0.0,0.5875529877470792,-4.4671402928324776e-08,-6.283170374717391,0.7607580684846564,0.5009482075089612,0.5009526872476199,2.5417069175126592e-06,0.14999866212271346,-0.15000133784383973,-0.0006321974751458847,0.0003383162304521199,0.00033867890228476245
/multi_agv/path_reference,1789710676.5385253,1789710676.5378656,world,s_curve,1,4.987304811248292,0.10000224112458267,2.6398430193084596e-05,0.5885576542623153,-3.1451421817955894e-08,-6.28317382397271,0.7617627350077832,0.5019533914085499,0.5019568363706126,1.9574983524951554e-06,0.14999897406380122,-0.15000102591641915,-0.00053216563876065,0.00028317973132421337,0.00028343568874299846
/multi_agv/path_reference,1789710676.5485635,1789710676.5479329,world,s_curve,1,4.98831157381059,0.10000224112458267,0.0,0.5895644168245627,-2.138573987937757e-08,-6.2831767040801445,0.7627694975750408,0.5029605859844074,0.5029631669142399,1.4687147937087925e-06,0.14999923355844233,-0.15000076643045565,-0.00044023055937948534,0.0002329327429166596,0.00023310720520704732
/multi_agv/path_reference,1789710676.5586517,1789710676.5579307,world,s_curve,1,4.98931138761716,0.10000224112458267,0.0,0.5905642306311059,-1.3995132916920176e-08,-6.283179044451591,0.7637693113845969,0.5039607508451611,0.5039626296635595,1.0707411752275492e-06,0.14999944363377138,-0.15000055636034537,-0.00035725609842062963,0.00018796494434363716,0.000188079386099867
/multi_agv/path_reference,1789710676.5687308,1789710676.5679007,world,s_curve,1,4.990308409961172,0.10000224112458267,0.0,0.5915612529751039,-8.719223746419378e-09,-6.283180913275833,0.7647663337303197,0.5049580535119329,0.5049593716830589,7.523272306425047e-07,0.14999961075610108,-0.15000038924100295,-0.00028287294429287353,0.00014799160644661112,0.00014806307281142896
/multi_agv/path_reference,1789710676.5784397,1789710676.5778816,world,s_curve,1,4.991306514973515,0.10000221548155448,-2.569228286244799e-06,0.59255935798744,-5.092927644524493e-09,-6.283182370017732,0.7657644387435806,0.5059563770350914,0.5059572581836478,5.036384285460071e-07,0.14999974054074725,-0.15000025945795872,-0.00021686770280102098,0.00011281867883782742,0.00011286052014615251
/multi_agv/path_reference,1789710676.5884042,1789710676.5878582,world,s_curve,1,4.9923039911719265,0.10000221548155448,0.0,0.5935568341858485,-2.736302578240139e-09,-6.283183463109833,0.7667619149424416,0.5069540171970889,0.5069545704180148,3.166659479361633e-07,0.1499998375623171,-0.1500001624371728,-0.00015945659999582043,8.248314064183546e-05,8.25056728101219e-05
/multi_agv/path_reference,1789710676.5983973,1789710676.5978642,world,s_curve,1,4.993304651240875,0.10000221548155448,0.0,0.5945574942547956,-1.3070754740261479e-09,-6.283184247106932,0.7677625750115861,0.5079547948655022,0.5079551128872987,1.823028943072085e-07,0.14999990688785533,-0.15000009311197607,-0.00011055118062597862,5.686030591992911e-05,5.687109406077247e-05
/multi_agv/path_reference,1789710676.6082826,1789710676.607853,world,s_curve,1,4.9943035674711895,0.10000221548155448,0.0,0.5955564104851104,-5.284484411408636e-10,-6.28318476947319,0.7687614912419731,0.5089537894507196,0.5089539507626385,9.260503131855682e-08,0.14999995290478998,-0.15000004709516665,-7.050932145290878e-05,3.60590347902733e-05,3.606340620955313e-05
/multi_agv/path_reference,1789710676.6182957,1789710676.617835,world,s_curve,1,4.9953019829493766,0.10000229150208821,7.6142925868166915e-06,0.5965548259632975,-1.6360694213621426e-10,-6.2831850839335885,0.7697599067201808,0.509952252097956,0.5099523190717554,3.850373415850266e-08,0.1499999805027188,-0.15000001949727376,-3.9350045186902e-05,2.0009213503796878e-05,2.0010569738877753e-05
/multi_agv/path_reference,1789710676.628441,1789710676.6278582,world,s_curve,1,4.996304087012086,0.10000229150208821,0.0,0.5975569300260067,-3.065392182595828e-11,-6.283185243580256,0.7707620107828941,0.5109543801076635,0.5109543991874625,1.0985073252058717e-08,0.14999999446148218,-0.1500000055385172,-1.7084365833159784e-05,8.637454586280352e-06,8.637709243396705e-06
/multi_agv/path_reference,1789710676.638334,1789710676.6378686,world,s_curve,1,4.997305214052407,0.10000229150208821,0.0,0.5985580570663277,-1.6225063979132675e-12,-6.283185300132624,0.7717631378232154,0.5119555156308394,0.5119555177449281,1.2189471799670663e-09,0.14999999938809264,-0.15000000061190735,-3.952166455482744e-06,1.9866468836925164e-06,1.9866604589619197e-06
/multi_agv/path_reference,1789710676.6483703,1789710676.6478038,world,s_curve,1,4.998298895822123,0.10000229150208821,0.0,0.5995517388360442,1.3953668152694445e-14,-6.283185307179586,0.7727568195929319,0.5129491984576002,0.5129491984576002,1.3996091162243442e-14,0.15000000000001393,-0.14999999999998606,2.4492935982947064e-16,2.4492935982947064e-16,2.4492935982947064e-16
/multi_agv/path_reference,1789710676.6583927,1789710676.6578104,world,s_curve,1,4.999299585695772,0.10000239576946317,1.0419798951506138e-05,0.6005524287096925,1.3953913251024584e-14,-6.283185307179586,0.7737575094665802,0.5139498883312485,0.5139498883312485,1.3996336260573581e-14,0.15000000000001393,-0.14999999999998606,2.4492935982947064e-16,2.4492935982947064e-16,2.4492935982947064e-16
/multi_agv/path_reference,1789710676.6688771,1789710676.667869,world,s_curve,1,5.000305238388314,0.10000239576946317,0.0,0.6015580814022353,1.395415956489478e-14,-6.283185307179586,0.774763162159123,0.5149555410237914,0.5149555410237914,1.3996582574443777e-14,0.15000000000001393,-0.14999999999998606,2.4492935982947064e-16,2.4492935982947064e-16,2.4492935982947064e-16
/multi_agv/path_reference,1789710676.6784568,1789710676.6778555,world,s_curve,1,5.00130397051506,0.10000239576946317,0.0,0.6025568135289813,1.3954404183715225e-14,-6.283185307179586,0.775761894285869,0.5159542731505373,0.5159542731505373,1.3996827193264222e-14,0.15000000000001393,-0.14999999999998606,2.4492935982947064e-16,2.4492935982947064e-16,2.4492935982947064e-16
/multi_agv/path_reference,1789710676.6883857,1789710676.6878567,world,s_curve,1,5.002304167176892,0.10000239576946317,0.0,0.6035570101908133,1.3954649161243312e-14,-6.283185307179586,0.776762090947701,0.5169544698123694,0.5169544698123694,1.3997072170792309e-14,0.15000000000001393,-0.14999999999998606,2.4492935982947064e-16,2.4492935982947064e-16,2.4492935982947064e-16
/multi_agv/path_reference,1789710676.6983442,1789710676.6978602,world,s_curve,1,5.003304495603561,0.1000025418966282,1.4608290191564561e-05,0.6045573386174817,1.3954894171044475e-14,-6.283185307179586,0.7777624193743694,0.5179547982390378,0.5179547982390378,1.3997317180593472e-14,0.15000000000001393,-0.14999999999998606,2.4492935982947064e-16,2.4492935982947064e-16,2.4492935982947064e-16
/multi_agv/path_reference,1789710676.7083535,1789710676.707868,world,s_curve,1,5.004305373144186,0.1000025418966282,0.0,0.6055582161581071,1.3955139315339767e-14,-6.283185307179586,0.7787632969149948,0.5189556757796632,0.5189556757796632,1.3997562324888764e-14,0.15000000000001393,-0.14999999999998606,2.4492935982947064e-16,2.4492935982947064e-16,2.4492935982947064e-16
/multi_agv/path_reference,1789710676.7182884,1789710676.7178578,world,s_curve,1,5.005304351536539,0.1000025418966282,0.0,0.6065571945504601,1.395538399447789e-14,-6.283185307179586,0.7797622753073478,0.5199546541720161,0.5199546541720161,1.3997807004026886e-14,0.15000000000001393,-0.14999999999998606,2.4492935982947064e-16,2.4492935982947064e-16,2.4492935982947064e-16
/multi_agv/path_reference,1789710676.7283556,1789710676.727876,world,s_curve,1,5.006306102499366,0.1000025418966282,0.0,0.6075589455132867,1.3955629352699923e-14,-6.283185307179586,0.7807640262701744,0.5209564051348428,0.5209564051348428,1.399805236224892e-14,0.15000000000001393,-0.14999999999998606,2.4492935982947064e-16,2.4492935982947064e-16,2.4492935982947064e-16
/multi_agv/path_reference,1789710676.738702,1789710676.737914,world,s_curve,1,5.007310164822102,0.10000267149279259,1.290752810864146e-05,0.608563007836023,1.395587527704186e-14,-6.283185307179586,0.7817680885929107,0.5219604674575791,0.5219604674575791,1.3998298286590858e-14,0.15000000000001393,-0.14999999999998606,2.4492935982947064e-16,2.4492935982947064e-16,2.4492935982947064e-16
/multi_agv/path_reference,1789710676.7486265,1789710676.747867,world,s_curve,1,5.008305330107161,0.10000267149279259,0.0,0.6095581731210821,1.3956119022238055e-14,-6.283185307179586,0.7827632538779697,0.5229556327426381,0.5229556327426381,1.3998542031787052e-14,0.15000000000001393,-0.14999999999998606,2.4492935982947064e-16,2.4492935982947064e-16,2.4492935982947064e-16
/multi_agv/path_reference,1789710676.7586095,1789710676.7579293,world,s_curve,1,5.00931172499221,0.10000267149279259,0.0,0.6105645680061306,1.3956365517892985e-14,-6.283185307179586,0.7837696487630182,0.5239620276276866,0.5239620276276866,1.3998788527441982e-14,0.15000000000001393,-0.14999999999998606,2.4492935982947064e-16,2.4492935982947064e-16,2.4492935982947064e-16
/multi_agv/path_reference,1789710676.768372,1789710676.7678053,world,s_curve,1,5.010299297274427,0.10000267149279259,0.0,0.611552140288348,1.3956607403339854e-14,-6.283185307179586,0.7847572210452357,0.5249495999099041,0.5249495999099041,1.3999030412888851e-14,0.15000000000001393,-0.14999999999998606,2.4492935982947064e-16,2.4492935982947064e-16,2.4492935982947064e-16
/multi_agv/path_reference,1789710676.7784424,1789710676.7778585,world,s_curve,1,5.011304699607512,0.10000216167742487,-5.0708693574707015e-05,0.6125575426214332,1.3956853655889667e-14,-6.283185307179586,0.7857626233783209,0.5259550022429893,0.5259550022429893,1.3999276665438664e-14,0.15000000000001393,-0.14999999999998606,2.4492935982947064e-16,2.4492935982947064e-16,2.4492935982947064e-16
/multi_agv/path_reference,1789710676.7884378,1789710676.7878554,world,s_curve,1,5.0123042720145765,0.10000216167742487,0.0,0.6135571150284974,1.3957098480519433e-14,-6.283185307179586,0.7867621957853851,0.5269545746500535,0.5269545746500535,1.399952149006843e-14,0.15000000000001393,-0.14999999999998606,2.4492935982947064e-16,2.4492935982947064e-16,2.4492935982947064e-16
/multi_agv/path_reference,1789710676.7983248,1789710676.7978535,world,s_curve,1,5.013304061026322,0.10000216167742487,0.0,0.6145569040402433,1.3957343358202044e-14,-6.283185307179586,0.787761984797131,0.5279543636617994,0.5279543636617994,1.3999766367751041e-14,0.15000000000001393,-0.14999999999998606,2.4492935982947064e-16,2.4492935982947064e-16,2.4492935982947064e-16
/multi_agv/path_reference,1789710676.8083284,1789710676.8078372,world,s_curve,1,5.014302649912127,0.10000216167742487,0.0,0.6155554929260475,1.3957587941938577e-14,-6.283185307179586,0.7887605736829352,0.5289529525476035,0.5289529525476035,1.4000010951487574e-14,0.15000000000001393,-0.14999999999998606,2.4492935982947064e-16,2.4492935982947064e-16,2.4492935982947064e-16
/multi_agv/path_reference,1789710676.8184774,1789710676.8178768,world,s_curve,1,5.01530659883574,0.10000128729454422,-8.709548025528184e-05,0.6165594418496608,1.395783383850574e-14,-6.283185307179586,0.7897645226065485,0.5299569014712169,0.5299569014712169,1.4000256848054737e-14,0.15000000000001393,-0.14999999999998606,2.4492935982947064e-16,2.4492935982947064e-16,2.4492935982947064e-16
/multi_agv/path_reference,1789710676.8284492,1789710676.827884,world,s_curve,1,5.016307288017392,0.10000128729454422,0.0,0.6175601310313125,1.3958078936666389e-14,-6.283185307179586,0.7907652117882001,0.5309575906528685,0.5309575906528685,1.4000501946215386e-14,0.15000000000001393,-0.14999999999998606,2.4492935982947064e-16,2.4492935982947064e-16,2.4492935982947064e-16
/multi_agv/path_reference,1789710676.838334,1789710676.8378315,world,s_curve,1,5.017302107323482,0.10000128729454422,0.0,0.6185549503374025,1.3958322597122176e-14,-6.283185307179586,0.7917600310942902,0.5319524099589585,0.5319524099589585,1.4000745606671173e-14,0.15000000000001393,-0.14999999999998606,2.4492935982947064e-16,2.4492935982947064e-16,2.4492935982947064e-16
/multi_agv/path_reference,1789710676.8483734,1789710676.8478427,world,s_curve,1,5.018303216210536,0.10000128729454422,0.0,0.619556059224457,1.3958567798081002e-14,-6.283185307179586,0.7927611399813447,0.532953518846013,0.532953518846013,1.4000990807629999e-14,0.15000000000001393,-0.14999999999998606,2.4492935982947064e-16,2.4492935982947064e-16,2.4492935982947064e-16
/multi_agv/path_reference,1789710676.8583658,1789710676.8578305,world,s_curve,1,5.0193020249451505,0.1000001836806211,-0.000110493221775197,0.6205548679590714,1.3958812435664964e-14,-6.283185307179586,0.7937599487159591,0.5339523275806275,0.5339523275806275,1.400123544521396e-14,0.15000000000001393,-0.14999999999998606,2.4492935982947064e-16,2.4492935982947064e-16,2.4492935982947064e-16
/multi_agv/path_reference,1789710676.8683715,1789710676.8678772,world,s_curve,1,5.020306606290369,0.1000001836806211,0.0,0.6215594493042896,1.3959058487130744e-14,-6.283185307179586,0.7947645300611773,0.5349569089258457,0.5349569089258457,1.4001481496679741e-14,0.15000000000001393,-0.14999999999998606,2.4492935982947064e-16,2.4492935982947064e-16,2.4492935982947064e-16
/multi_agv/path_reference,1789710676.8783045,1789710676.8778572,world,s_curve,1,5.021304561323415,0.1000001836806211,0.0,0.622557404337336,1.3959302915618127e-14,-6.283185307179586,0.7957624850942236,0.535954863958892,0.535954863958892,1.4001725925167124e-14,0.15000000000001393,-0.14999999999998606,2.4492935982947064e-16,2.4492935982947064e-16,2.4492935982947064e-16
/multi_agv/path_reference,1789710676.8882794,1789710676.8878088,world,s_curve,1,5.022299832151531,0.1000001836806211,0.0,0.623552675165452,1.3959546686664915e-14,-6.283185307179586,0.7967577559223397,0.536950134787008,0.536950134787008,1.4001969696213912e-14,0.15000000000001393,-0.14999999999998606,2.4492935982947064e-16,2.4492935982947064e-16,2.4492935982947064e-16
/multi_agv/path_reference,1789710676.8983266,1789710676.897871,world,s_curve,1,5.023305965831531,0.09999930228441861,-8.76016845836504e-05,0.6245588088454518,1.395979311834306e-14,-6.283185307179586,0.7977638896023395,0.5379562684670078,0.5379562684670078,1.4002216127892057e-14,0.15000000000001393,-0.14999999999998606,2.4492935982947064e-16,2.4492935982947064e-16,2.4492935982947064e-16
/multi_agv/path_reference,1789710676.9083102,1789710676.90785,world,s_curve,1,5.02430393006853,0.09999930228441861,0.0,0.6255567730824513,1.396003754908476e-14,-6.283185307179586,0.798761853839339,0.5389542327040073,0.5389542327040073,1.4002460558633757e-14,0.15000000000001393,-0.14999999999998606,2.4492935982947064e-16,2.4492935982947064e-16,2.4492935982947064e-16
/multi_agv/path_reference,1789710676.9183397,1789710676.9178264,world,s_curve,1,5.025301472408474,0.09999930228441861,0.0,0.6265543154223948,1.3960281876491485e-14,-6.283185307179586,0.7997593961792825,0.5399517750439509,0.5399517750439509,1.4002704886040482e-14,0.15000000000001393,-0.14999999999998606,2.4492935982947064e-16,2.4492935982947064e-16,2.4492935982947064e-16
/multi_agv/path_reference,1789710676.9283252,1789710676.927873,world,s_curve,1,5.0263061268987945,0.09999930228441861,0.0,0.6275589699127154,1.3960527945872649e-14,-6.283185307179586,0.8007640506696031,0.5409564295342715,0.5409564295342715,1.4002950955421646e-14,0.15000000000001393,-0.14999999999998606,2.4492935982947064e-16,2.4492935982947064e-16,2.4492935982947064e-16
/multi_agv/path_reference,1789710676.93829,1789710676.93784,world,s_curve,1,5.027302957466416,0.09999807068438511,-0.00012354920806518943,0.628555800480337,1.3960772098945436e-14,-6.283185307179586,0.8017608812372247,0.541953260101893,0.541953260101893,1.4003195108494433e-14,0.15000000000001393,-0.14999999999998606,2.4492935982947064e-16,2.4492935982947064e-16,2.4492935982947064e-16
/multi_agv/path_reference,1789710676.9483247,1789710676.9478543,world,s_curve,1,5.028304291847143,0.09999807068438511,0.0,0.6295571348610641,1.3961017355134282e-14,-6.283185307179586,0.8027622156179518,0.5429545944826202,0.5429545944826202,1.4003440364683279e-14,0.15000000000001393,-0.14999999999998606,2.4492935982947064e-16,2.4492935982947064e-16,2.4492935982947064e-16
/multi_agv/path_reference,1789710676.9583051,1789710676.9578555,world,s_curve,1,5.02930438795176,0.09999807068438511,0.0,0.6305572309656812,1.3961262308032954e-14,-6.283185307179586,0.8037623117225688,0.5439546905872372,0.5439546905872372,1.4003685317581951e-14,0.15000000000001393,-0.14999999999998606,2.4492935982947064e-16,2.4492935982947064e-16,2.4492935982947064e-16
/multi_agv/path_reference,1789710676.9685907,1789710676.9679492,world,s_curve,1,5.030313789276847,0.09999807068438511,0.0,0.6315666322907679,1.3961509540053318e-14,-6.283185307179586,0.8047717130476556,0.544964091912324,0.544964091912324,1.4003932549602315e-14,0.15000000000001393,-0.14999999999998606,2.4492935982947064e-16,2.4492935982947064e-16,2.4492935982947064e-16
/multi_agv/path_reference,1789710676.9783788,1789710676.9778345,world,s_curve,1,5.031302307338819,0.09999758856669662,-4.8770587113599595e-05,0.6325551503527395,1.3961751657149418e-14,-6.283185307179586,0.8057602311096271,0.5459526099742955,0.5459526099742955,1.4004174666698415e-14,0.15000000000001393,-0.14999999999998606,2.4492935982947064e-16,2.4492935982947064e-16,2.4492935982947064e-16
/multi_agv/path_reference,1789710676.9884167,1789710676.9878547,world,s_curve,1,5.03230409268085,0.09999758856669662,0.0,0.6335569356947713,1.3961997023791928e-14,-6.283185307179586,0.806762016451659,0.5469543953163274,0.5469543953163274,1.4004420033340925e-14,0.15000000000001393,-0.14999999999998606,2.4492935982947064e-16,2.4492935982947064e-16,2.4492935982947064e-16
/multi_agv/path_reference,1789710676.99839,1789710676.9978664,world,s_curve,1,5.033305299536833,0.09999758856669662,0.0,0.6345581425507539,1.396224224874622e-14,-6.283185307179586,0.8077632233076416,0.54795560217231,0.54795560217231,1.4004665258295218e-14,0.15000000000001393,-0.14999999999998606,2.4492935982947064e-16,2.4492935982947064e-16,2.4492935982947064e-16
/multi_agv/path_reference,1789710677.0084093,1789710677.007851,world,s_curve,1,5.034303634662066,0.09999758856669662,0.0,0.6355564776759873,1.3962486770329338e-14,-6.283185307179586,0.808761558432875,0.5489539372975434,0.5489539372975434,1.4004909779878335e-14,0.15000000000001393,-0.14999999999998606,2.4492935982947064e-16,2.4492935982947064e-16,2.4492935982947064e-16
/multi_agv/path_reference,1789710677.018357,1789710677.0178285,world,s_curve,1,5.035301617108352,0.09999807077338041,4.831722068120479e-05,0.6365544601222725,1.3962731205531029e-14,-6.283185307179586,0.8097595408791601,0.5499519197438285,0.5499519197438285,1.4005154215080026e-14,0.15000000000001393,-0.14999999999998606,2.4492935982947064e-16,2.4492935982947064e-16,2.4492935982947064e-16
/multi_agv/path_reference,1789710677.0284863,1789710677.0278542,world,s_curve,1,5.0363040291691785,0.09999807077338041,0.0,0.6375568721830994,1.3962976725675372e-14,-6.283185307179586,0.8107619529399871,0.5509543318046555,0.5509543318046555,1.4005399735224369e-14,0.15000000000001393,-0.14999999999998606,2.4492935982947064e-16,2.4492935982947064e-16,2.4492935982947064e-16
/multi_agv/path_reference,1789710677.0382822,1789710677.0378015,world,s_curve,1,5.037298884175801,0.09999807077338041,0.0,0.6385517271897218,1.3963220394875268e-14,-6.283185307179586,0.8117568079466094,0.5519491868112778,0.5519491868112778,1.4005643404424265e-14,0.15000000000001393,-0.14999999999998606,2.4492935982947064e-16,2.4492935982947064e-16,2.4492935982947064e-16
/multi_agv/path_reference,1789710677.0483186,1789710677.047848,world,s_curve,1,5.038303411295822,0.09999807077338041,0.0,0.6395562543097432,1.3963466433059706e-14,-6.283185307179586,0.8127613350666308,0.5529537139312992,0.5529537139312992,1.4005889442608703e-14,0.15000000000001393,-0.14999999999998606,2.4492935982947064e-16,2.4492935982947064e-16,2.4492935982947064e-16
/multi_agv/path_reference,1789710677.058396,1789710677.0577998,world,s_curve,1,5.039298667660547,0.09999859985019509,5.315910810146053e-05,0.6405515106744678,1.3963710200563984e-14,-6.283185307179586,0.8137565914313555,0.5539489702960239,0.5539489702960239,1.4006133210112981e-14,0.15000000000001393,-0.14999999999998606,2.4492935982947064e-16,2.4492935982947064e-16,2.4492935982947064e-16
/multi_agv/path_reference,1789710677.0684676,1789710677.067874,world,s_curve,1,5.04030590485752,0.09999859985019509,0.0,0.6415587478714405,1.3963956902525835e-14,-6.283185307179586,0.8147638286283282,0.5549562074929966,0.5549562074929966,1.4006379912074832e-14,0.15000000000001393,-0.14999999999998606,2.4492935982947064e-16,2.4492935982947064e-16,2.4492935982947064e-16
/multi_agv/path_reference,1789710677.0782754,1789710677.0778334,world,s_curve,1,5.041302023810167,0.09999859985019509,0.0,0.642554866824088,1.3964200881303221e-14,-6.283185307179586,0.8157599475809757,0.5559523264456441,0.5559523264456441,1.4006623890852218e-14,0.15000000000001393,-0.14999999999998606,2.4492935982947064e-16,2.4492935982947064e-16,2.4492935982947064e-16
/multi_agv/path_reference,1789710677.0882535,1789710677.0878003,world,s_curve,1,5.042298691055137,0.09999859985019509,0.0,0.6435515340690582,1.3964444994373495e-14,-6.283185307179586,0.8167566148259459,0.5569489936906142,0.5569489936906142,1.4006868003922492e-14,0.15000000000001393,-0.14999999999998606,2.4492935982947064e-16,2.4492935982947064e-16,2.4492935982947064e-16
/multi_agv/path_reference,1789710677.0982964,1789710677.0978584,world,s_curve,1,5.043304343576017,0.0999994054522398,8.010691946741863e-05,0.6445571865899383,1.3964691308201644e-14,-6.283185307179586,0.817762267346826,0.5579546462114944,0.5579546462114944,1.4007114317750641e-14,0.15000000000001393,-0.14999999999998606,2.4492935982947064e-16,2.4492935982947064e-16,2.4492935982947064e-16
/multi_agv/path_reference,1789710677.1082926,1789710677.107854,world,s_curve,1,5.044303894833172,0.0999994054522398,0.0,0.6455567378470931,1.3964936127651175e-14,-6.283185307179586,0.8187618186039808,0.5589541974686492,0.5589541974686492,1.4007359137200172e-14,0.15000000000001393,-0.14999999999998606,2.4492935982947064e-16,2.4492935982947064e-16,2.4492935982947064e-16
/multi_agv/path_reference,1789710677.1183472,1789710677.1178393,world,s_curve,1,5.045302538195725,0.0999994054522398,0.0,0.6465553812096457,1.3965180724730664e-14,-6.283185307179586,0.8197604619665334,0.5599528408312018,0.5599528408312018,1.4007603734279661e-14,0.15000000000001393,-0.14999999999998606,2.4492935982947064e-16,2.4492935982947064e-16,2.4492935982947064e-16
/multi_agv/path_reference,1789710677.1283965,1789710677.1278584,world,s_curve,1,5.046304308839685,0.0999994054522398,0.0,0.6475571518536055,1.3965426087773185e-14,-6.283185307179586,0.8207622326104932,0.5609546114751616,0.5609546114751616,1.4007849097322182e-14,0.15000000000001393,-0.14999999999998606,2.4492935982947064e-16,2.4492935982947064e-16,2.4492935982947064e-16
/multi_agv/path_reference,1789710677.1382902,1789710677.1378562,world,s_curve,1,5.047304139839858,0.09999960995295398,2.0453448282521315e-05,0.6485569828537793,1.3965670975739996e-14,-6.283185307179586,0.821762063610667,0.5619544424753353,0.5619544424753353,1.4008093985288993e-14,0.15000000000001393,-0.14999999999998606,2.4492935982947064e-16,2.4492935982947064e-16,2.4492935982947064e-16
/multi_agv/path_reference,1789710677.1484563,1789710677.1478395,world,s_curve,1,5.04830256644551,0.09999960995295398,0.0,0.6495554094594306,1.3965915519729354e-14,-6.283185307179586,0.8227604902163183,0.5629528690809866,0.5629528690809866,1.4008338529278351e-14,0.15000000000001393,-0.14999999999998606,2.4492935982947064e-16,2.4492935982947064e-16,2.4492935982947064e-16
/multi_agv/path_reference,1789710677.1583133,1789710677.1578443,world,s_curve,1,5.0493029145436665,0.09999960995295398,0.0,0.6505557575575874,1.3966160534348643e-14,-6.283185307179586,0.8237608383144751,0.5639532171791435,0.5639532171791435,1.400858354389764e-14,0.15000000000001393,-0.14999999999998606,2.4492935982947064e-16,2.4492935982947064e-16,2.4492935982947064e-16
/multi_agv/path_reference,1789710677.1683235,1789710677.1678343,world,s_curve,1,5.050302026646644,0.09999960995295398,0.0,0.6515548696605652,1.3966405246236423e-14,-6.283185307179586,0.8247599504174529,0.5649523292821212,0.5649523292821212,1.400882825578542e-14,0.15000000000001393,-0.14999999999998606,2.4492935982947064e-16,2.4492935982947064e-16,2.4492935982947064e-16
/multi_agv/path_reference,1789710677.178513,1789710677.1778665,world,s_curve,1,5.0513050154586265,0.0999997818506988,1.7138513188671196e-05,0.6525578584725474,1.3966650907644057e-14,-6.283185307179586,0.8257629392294351,0.5659553180941035,0.5659553180941035,1.4009073917193054e-14,0.15000000000001393,-0.14999999999998606,2.4492935982947064e-16,2.4492935982947064e-16,2.4492935982947064e-16
/multi_agv/path_reference,1789710677.1884,1789710677.1878526,world,s_curve,1,5.052303667780069,0.0999997818506988,0.0,0.6535565107939897,1.396689550691784e-14,-6.283185307179586,0.8267615915508774,0.5669539704155457,0.5669539704155457,1.4009318516466837e-14,0.15000000000001393,-0.14999999999998606,2.4492935982947064e-16,2.4492935982947064e-16,2.4492935982947064e-16
/multi_agv/path_reference,1789710677.1983328,1789710677.1978455,world,s_curve,1,5.053303045999927,0.0999997818506988,0.0,0.654555889013848,1.3967140283985458e-14,-6.283185307179586,0.8277609697707357,0.567953348635404,0.567953348635404,1.4009563293534455e-14,0.15000000000001393,-0.14999999999998606,2.4492935982947064e-16,2.4492935982947064e-16,2.4492935982947064e-16
/multi_agv/path_reference,1789710677.2083576,1789710677.2078562,world,s_curve,1,5.054304090016152,0.0999997818506988,0.0,0.6555569330300729,1.3967385469055513e-14,-6.283185307179586,0.8287620137869606,0.568954392651629,0.568954392651629,1.400980847860451e-14,0.15000000000001393,-0.14999999999998606,2.4492935982947064e-16,2.4492935982947064e-16,2.4492935982947064e-16
/multi_agv/path_reference,1789710677.2183588,1789710677.2178545,world,s_curve,1,5.055303933346191,0.09999968295520556,-9.891067602781872e-06,0.6565567763601118,1.3967630360042269e-14,-6.283185307179586,0.8297618571169995,0.5699542359816678,0.5699542359816678,1.4010053369591266e-14,0.15000000000001393,-0.14999999999998606,2.4492935982947064e-16,2.4492935982947064e-16,2.4492935982947064e-16
/multi_agv/path_reference,1789710677.228345,1789710677.2278636,world,s_curve,1,5.0563047468731535,0.09999968295520556,0.0,0.6575575898870744,1.3967875488658736e-14,-6.283185307179586,0.830762670643962,0.5709550495086304,0.5709550495086304,1.4010298498207733e-14,0.15000000000001393,-0.14999999999998606,2.4492935982947064e-16,2.4492935982947064e-16,2.4492935982947064e-16
/multi_agv/path_reference,1789710677.238401,1789710677.2378745,world,s_curve,1,5.057305856899176,0.09999968295520556,0.0,0.6585586999130969,1.396812068989653e-14,-6.283185307179586,0.8317637806699846,0.571956159534653,0.571956159534653,1.4010543699445527e-14,0.15000000000001393,-0.14999999999998606,2.4492935982947064e-16,2.4492935982947064e-16,2.4492935982947064e-16
/multi_agv/path_reference,1789710677.248296,1789710677.2478285,world,s_curve,1,5.0583014461427025,0.09999968295520556,0.0,0.6595542891566234,1.3968364538932599e-14,-6.283185307179586,0.8327593699135111,0.5729517487781794,0.5729517487781794,1.4010787548481596e-14,0.15000000000001393,-0.14999999999998606,2.4492935982947064e-16,2.4492935982947064e-16,2.4492935982947064e-16
/multi_agv/path_reference,1789710677.2583494,1789710677.2578306,world,s_curve,1,5.059301641470053,0.09999957282030075,-1.1011292626707467e-05,0.6605544844839736,1.3968609516133831e-14,-6.283185307179586,0.8337595652408613,0.5739519441055296,0.5739519441055296,1.4011032525682828e-14,0.15000000000001396,-0.14999999999998603,2.4492935982947064e-16,2.4492935982947064e-16,2.4492935982947064e-16
/multi_agv/path_reference,1789710677.268683,1789710677.2678692,world,s_curve,1,5.060305236782879,0.09999957282030075,0.0,0.6615580797968,1.396885532609133e-14,-6.283185307179586,0.8347631605536877,0.5749555394183561,0.5749555394183561,1.4011278335640327e-14,0.15000000000001396,-0.14999999999998603,2.4492935982947064e-16,2.4492935982947064e-16,2.4492935982947064e-16
/multi_agv/path_reference,1789710677.27856,1789710677.2778056,world,s_curve,1,5.061299122337184,0.09999957282030075,0.0,0.6625519653511048,1.396909875784389e-14,-6.283185307179586,0.8357570461079925,0.5759494249726609,0.5759494249726609,1.4011521767392886e-14,0.15000000000001396,-0.14999999999998603,2.4492935982947064e-16,2.4492935982947064e-16,2.4492935982947064e-16
/multi_agv/path_reference,1789710677.2884746,1789710677.287834,world,s_curve,1,5.0623019666532185,0.09999957282030075,0.0,0.6635548096671394,1.3969344383860225e-14,-6.283185307179586,0.8367598904240271,0.5769522692886955,0.5769522692886955,1.4011767393409222e-14,0.15000000000001396,-0.14999999999998603,2.4492935982947064e-16,2.4492935982947064e-16,2.4492935982947064e-16
/multi_agv/path_reference,1789710677.2983334,1789710677.2978377,world,s_curve,1,5.063302340078784,0.09999948275239096,-9.003382299165784e-06,0.6645551830927049,1.396958940468294e-14,-6.283185307179586,0.8377602638495926,0.577952642714261,0.577952642714261,1.4012012414231936e-14,0.15000000000001396,-0.14999999999998603,2.4492935982947064e-16,2.4492935982947064e-16,2.4492935982947064e-16
/multi_agv/path_reference,1789710677.3082707,1789710677.3078437,world,s_curve,1,5.064302939003183,0.09999948275239096,0.0,0.6655557820171042,1.3969834480736939e-14,-6.283185307179586,0.8387608627739919,0.5789532416386602,0.5789532416386602,1.4012257490285936e-14,0.15000000000001396,-0.14999999999998603,2.4492935982947064e-16,2.4492935982947064e-16,2.4492935982947064e-16
/multi_agv/path_reference,1789710677.3183084,1789710677.3178365,world,s_curve,1,5.065302209434454,0.09999948275239096,0.0,0.6665550524483747,1.3970079231403965e-14,-6.283185307179586,0.8397601332052623,0.5799525120699307,0.5799525120699307,1.4012502240952962e-14,0.15000000000001396,-0.14999999999998603,2.4492935982947064e-16,2.4492935982947064e-16,2.4492935982947064e-16
/multi_agv/path_reference,1789710677.328437,1789710677.327855,world,s_curve,1,5.06630387615333,0.09999948275239096,0.0,0.6675567191672508,1.3970324568992182e-14,-6.283185307179586,0.8407617999241385,0.5809541787888068,0.5809541787888068,1.401274757854118e-14,0.15000000000001396,-0.14999999999998603,2.4492935982947064e-16,2.4492935982947064e-16,2.4492935982947064e-16
/multi_agv/path_reference,1789710677.338347,1789710677.3378363,world,s_curve,1,5.067302092764405,0.0999994200766443,-6.2787357468713915e-06,0.6685549357783257,1.3970569061547704e-14,-6.283185307179586,0.8417600165352134,0.5819523953998818,0.5819523953998818,1.40129920710967e-14,0.15000000000001396,-0.14999999999998603,2.4492935982947064e-16,2.4492935982947064e-16,2.4492935982947064e-16
/multi_agv/path_reference,1789710677.3483722,1789710677.3478453,world,s_curve,1,5.0683029632600896,0.0999994200766443,0.0,0.6695558062740105,1.3970814204117484e-14,-6.283185307179586,0.8427608870308981,0.5829532658955665,0.5829532658955665,1.4013237213666481e-14,0.15000000000001396,-0.14999999999998603,2.4492935982947064e-16,2.4492935982947064e-16,2.4492935982947064e-16
/multi_agv/path_reference,1789710677.3583274,1789710677.3578374,world,s_curve,1,5.06930226186489,0.0999994200766443,0.0,0.6705551048788111,1.3971058961685037e-14,-6.283185307179586,0.8437601856356988,0.5839525645003671,0.5839525645003671,1.4013481971234034e-14,0.15000000000001396,-0.14999999999998603,2.4492935982947064e-16,2.4492935982947064e-16,2.4492935982947064e-16
/multi_agv/path_reference,1789710677.3686311,1789710677.367846,world,s_curve,1,5.070303057461009,0.0999994200766443,0.0,0.6715559004749302,1.3971304085909715e-14,-6.283185307179586,0.8447609812318179,0.5849533600964862,0.5849533600964862,1.4013727095458712e-14,0.15000000000001396,-0.14999999999998603,2.4492935982947064e-16,2.4492935982947064e-16,2.4492935982947064e-16
/multi_agv/path_reference,1789710677.3786218,1789710677.3778393,world,s_curve,1,5.0713024227961885,0.09999953322385524,1.1321853862712998e-05,0.6725552658101094,1.3971548859821496e-14,-6.283185307179586,0.8457603465669971,0.5859527254316654,0.5859527254316654,1.4013971869370493e-14,0.15000000000001396,-0.14999999999998603,2.4492935982947064e-16,2.4492935982947064e-16,2.4492935982947064e-16
/multi_agv/path_reference,1789710677.3886917,1789710677.3878558,world,s_curve,1,5.072304031520896,0.09999953322385524,0.0,0.6735568745348169,1.3971794183205238e-14,-6.283185307179586,0.8467619552917046,0.586954334156373,0.586954334156373,1.4014217192754235e-14,0.15000000000001396,-0.14999999999998603,2.4492935982947064e-16,2.4492935982947064e-16,2.4492935982947064e-16
/multi_agv/path_reference,1789710677.3985136,1789710677.3978636,world,s_curve,1,5.073304661750171,0.09999953322385524,0.0,0.6745575047640923,1.3972039266926721e-14,-6.283185307179586,0.8477625855209799,0.5879549643856483,0.5879549643856483,1.4014462276475718e-14,0.15000000000001396,-0.14999999999998603,2.4492935982947064e-16,2.4492935982947064e-16,2.4492935982947064e-16
/multi_agv/path_reference,1789710677.4083686,1789710677.4078352,world,s_curve,1,5.074302014994743,0.09999953322385524,0.0,0.6755548580086636,1.3972283548018437e-14,-6.283185307179586,0.8487599387655512,0.5889523176302196,0.5889523176302196,1.4014706557567434e-14,0.15000000000001396,-0.14999999999998603,2.4492935982947064e-16,2.4492935982947064e-16,2.4492935982947064e-16
/multi_agv/path_reference,1789710677.4183373,1789710677.4178574,world,s_curve,1,5.075304153753922,0.09999965665339428,1.231656934854079e-05,0.6765569967678425,1.3972529001223183e-14,-6.283185307179586,0.8497620775247302,0.5899544563893986,0.5899544563893986,1.401495201077218e-14,0.15000000000001396,-0.14999999999998603,2.4492935982947064e-16,2.4492935982947064e-16,2.4492935982947064e-16
/multi_agv/path_reference,1789710677.4283936,1789710677.427937,world,s_curve,1,5.07631209739317,0.09999965665339428,0.0,0.6775649404070906,1.3972775876213488e-14,-6.283185307179586,0.8507700211639783,0.5909624000286466,0.5909624000286466,1.4015198885762485e-14,0.15000000000001396,-0.14999999999998603,2.4492935982947064e-16,2.4492935982947064e-16,2.4492935982947064e-16
/multi_agv/path_reference,1789710677.438394,1789710677.4378629,world,s_curve,1,5.077304601485429,0.09999965665339428,0.0,0.6785574444993502,1.3973018969605434e-14,-6.283185307179586,0.8517625252562379,0.5919549041209062,0.5919549041209062,1.4015441979154431e-14,0.15000000000001396,-0.14999999999998603,2.4492935982947064e-16,2.4492935982947064e-16,2.4492935982947064e-16
/multi_agv/path_reference,1789710677.448297,1789710677.447846,world,s_curve,1,5.07830296205758,0.09999965665339428,0.0,0.679555805071501,1.3973263497421249e-14,-6.283185307179586,0.8527608858283887,0.5929532646930571,0.5929532646930571,1.4015686506970246e-14,0.15000000000001396,-0.14999999999998603,2.4492935982947064e-16,2.4492935982947064e-16,2.4492935982947064e-16
/multi_agv/path_reference,1789710677.4583046,1789710677.4578426,world,s_curve,1,5.079302619926013,0.09999955669355498,-9.999360713591292e-06,0.6805554629399339,1.3973508342983013e-14,-6.283185307179586,0.8537605436968215,0.5939529225614899,0.5939529225614899,1.401593135253201e-14,0.15000000000001396,-0.14999999999998603,2.4492935982947064e-16,2.4492935982947064e-16,2.4492935982947064e-16
/multi_agv/path_reference,1789710677.468676,1789710677.4678762,world,s_curve,1,5.08030606197767,0.09999955669355498,0.0,0.6815589049915912,1.3973754115402352e-14,-6.283185307179586,0.8547639857484789,0.5949563646131473,0.5949563646131473,1.4016177124951349e-14,0.15000000000001396,-0.14999999999998603,2.4492935982947064e-16,2.4492935982947064e-16,2.4492935982947064e-16
/multi_agv/path_reference,1789710677.4784434,1789710677.4778533,world,s_curve,1,5.081303628455374,0.09999955669355498,0.0,0.682556471469295,1.3973998448721123e-14,-6.283185307179586,0.8557615522261827,0.595953931090851,0.595953931090851,1.401642145827012e-14,0.15000000000001396,-0.14999999999998603,2.4492935982947064e-16,2.4492935982947064e-16,2.4492935982947064e-16
/multi_agv/path_reference,1789710677.4883585,1789710677.4878502,world,s_curve,1,5.082303308823707,0.09999955669355498,0.0,0.6835561518376275,1.3974243299793772e-14,-6.283185307179586,0.8567612325945152,0.5969536114591836,0.5969536114591836,1.4016666309342769e-14,0.15000000000001396,-0.14999999999998603,2.4492935982947064e-16,2.4492935982947064e-16,2.4492935982947064e-16
/multi_agv/path_reference,1789710677.4984016,1789710677.4978445,world,s_curve,1,5.0833028993667115,0.09999953411191474,-2.259078498803596e-06,0.6845557423806324,1.3974488128865562e-14,-6.283185307179586,0.8577608231375201,0.5979532020021885,0.5979532020021885,1.4016911138414559e-14,0.15000000000001396,-0.14999999999998603,2.4492935982947064e-16,2.4492935982947064e-16,2.4492935982947064e-16
/multi_agv/path_reference,1789710677.508394,1789710677.5078623,world,s_curve,1,5.084304462500526,0.09999953411191474,0.0,0.6855573055144472,1.3974733441082757e-14,-6.283185307179586,0.8587623862713348,0.5989547651360032,0.5989547651360032,1.4017156450631754e-14,0.15000000000001396,-0.14999999999998603,2.4492935982947064e-16,2.4492935982947064e-16,2.4492935982947064e-16
/multi_agv/path_reference,1789710677.5184574,1789710677.5178661,world,s_curve,1,5.085304890939628,0.09999953411191474,0.0,0.6865577339535486,1.3974978475379901e-14,-6.283185307179586,0.8597628147104363,0.5999551935751046,0.5999551935751046,1.4017401484928898e-14,0.15000000000001396,-0.14999999999998603,2.4492935982947064e-16,2.4492935982947064e-16,2.4492935982947064e-16
/multi_agv/path_reference,1789710677.5283253,1789710677.5278056,world,s_curve,1,5.086299010908119,0.09999953411191474,0.0,0.6875518539220401,1.3975221964547377e-14,-6.283185307179586,0.8607569346789278,0.6009493135435962,0.6009493135435962,1.4017644974096374e-14,0.15000000000001396,-0.14999999999998603,2.4492935982947064e-16,2.4492935982947064e-16,2.4492935982947064e-16
/multi_agv/path_reference,1789710677.5383422,1789710677.5378673,world,s_curve,1,5.087305129519946,0.09999944458411288,-8.898285307762228e-06,0.6885579725338665,1.3975468392534884e-14,-6.283185307179586,0.8617630532907542,0.6019554321554226,0.6019554321554226,1.4017891402083881e-14,0.15000000000001396,-0.14999999999998603,2.4492935982947064e-16,2.4492935982947064e-16,2.4492935982947064e-16
/multi_agv/path_reference,1789710677.5483704,1789710677.5478702,world,s_curve,1,5.088305252165075,0.09999944458411288,0.0,0.6895580951789956,1.3975713351934107e-14,-6.283185307179586,0.8627631759358833,0.6029555548005516,0.6029555548005516,1.4018136361483104e-14,0.15000000000001396,-0.14999999999998603,2.4492935982947064e-16,2.4492935982947064e-16,2.4492935982947064e-16
/multi_agv/path_reference,1789710677.5583725,1789710677.5578592,world,s_curve,1,5.089304173516876,0.09999944458411288,0.0,0.6905570165307967,1.3975958017101324e-14,-6.283185307179586,0.8637620972876844,0.6039544761523528,0.6039544761523528,1.4018381026650321e-14,0.15000000000001396,-0.14999999999998603,2.4492935982947064e-16,2.4492935982947064e-16,2.4492935982947064e-16
/multi_agv/path_reference,1789710677.568395,1789710677.567839,world,s_curve,1,5.090302262173302,0.09999944458411288,0.0,0.691555105187223,1.3976202478316995e-14,-6.283185307179586,0.8647601859441106,0.604952564808779,0.604952564808779,1.4018625487865992e-14,0.15000000000001396,-0.14999999999998603,2.4492935982947064e-16,2.4492935982947064e-16,2.4492935982947064e-16
/multi_agv/path_reference,1789710677.578381,1789710677.57786,world,s_curve,1,5.091304339187218,0.09999881386925373,-6.294001052656752e-05,0.6925571822011388,1.3976447916398514e-14,-6.283185307179586,0.8657622629580265,0.6059546418226949,0.6059546418226949,1.401887092594751e-14,0.15000000000001396,-0.14999999999998603,2.4492935982947064e-16,2.4492935982947064e-16,2.4492935982947064e-16
/multi_agv/path_reference,1789710677.588302,1789710677.5878341,world,s_curve,1,5.0923018185556685,0.09999881386925373,0.0,0.6935546615695894,1.397669222838167e-14,-6.283185307179586,0.8667597423264771,0.6069521211911455,0.6069521211911455,1.4019115237930668e-14,0.15000000000001396,-0.14999999999998603,2.4492935982947064e-16,2.4492935982947064e-16,2.4492935982947064e-16
/multi_agv/path_reference,1789710677.5986989,1789710677.597845,world,s_curve,1,5.093302893181474,0.09999881386925373,0.0,0.694555736195395,1.3976937420948911e-14,-6.283185307179586,0.8677608169522827,0.6079531958169511,0.6079531958169511,1.4019360430497908e-14,0.15000000000001396,-0.14999999999998603,2.4492935982947064e-16,2.4492935982947064e-16,2.4492935982947064e-16
/multi_agv/path_reference,1789710677.608542,1789710677.6078413,world,s_curve,1,5.094302486224853,0.09999881386925373,0.0,0.6955553292387741,1.3977182250633116e-14,-6.283185307179586,0.8687604099956617,0.6089527888603301,0.6089527888603301,1.4019605260182113e-14,0.15000000000001396,-0.14999999999998603,2.4492935982947064e-16,2.4492935982947064e-16,2.4492935982947064e-16
/multi_agv/path_reference,1789710677.6185148,1789710677.6178415,world,s_curve,1,5.095302482739229,0.09999811146672848,-7.023917084221322e-05,0.6965553257531502,1.3977427179139214e-14,-6.283185307179586,0.8697604065100378,0.6099527853747062,0.6099527853747062,1.4019850188688211e-14,0.15000000000001396,-0.14999999999998603,2.4492935982947064e-16,2.4492935982947064e-16,2.4492935982947064e-16
/multi_agv/path_reference,1789710677.6285636,1789710677.6278625,world,s_curve,1,5.096304389517529,0.09999811146672848,0.0,0.6975572325314502,1.3977672575525032e-14,-6.283185307179586,0.8707623132883379,0.6109546921530062,0.6109546921530062,1.4020095585074029e-14,0.15000000000001396,-0.14999999999998603,2.4492935982947064e-16,2.4492935982947064e-16,2.4492935982947064e-16
/multi_agv/path_reference,1789710677.638838,1789710677.637808,world,s_curve,1,5.097299105031641,0.09999811146672848,0.0,0.6985519480455616,1.3977916210559115e-14,-6.283185307179586,0.8717570288024493,0.6119494076671177,0.6119494076671177,1.4020339220108112e-14,0.15000000000001396,-0.14999999999998603,2.4492935982947064e-16,2.4492935982947064e-16,2.4492935982947064e-16
/multi_agv/path_reference,1789710677.6487432,1789710677.6478074,world,s_curve,1,5.098299011747713,0.09999811146672848,0.0,0.6995518547616338,1.3978161117070973e-14,-6.283185307179586,0.8727569355185215,0.6129493143831899,0.6129493143831899,1.402058412661997e-14,0.15000000000001396,-0.14999999999998603,2.4492935982947064e-16,2.4492935982947064e-16,2.4492935982947064e-16
/multi_agv/path_reference,1789710677.658659,1789710677.6578066,world,s_curve,1,5.099298931209529,0.09999744604111627,-6.654622126307532e-05,0.70055177422345,1.3978406026704635e-14,-6.283185307179586,0.8737568549803377,0.6139492338450061,0.6139492338450061,1.4020829036253632e-14,0.15000000000001396,-0.14999999999998603,2.4492935982947064e-16,2.4492935982947064e-16,2.4492935982947064e-16
/multi_agv/path_reference,1789710677.6687045,1789710677.6677716,world,s_curve,1,5.10029538065997,0.09999744604111627,0.0,0.7015482236738911,1.3978650086430634e-14,-6.283185307179586,0.8747533044307788,0.6149456832954472,0.6149456832954472,1.4021073095979631e-14,0.15000000000001396,-0.14999999999998603,2.4492935982947064e-16,2.4492935982947064e-16,2.4492935982947064e-16
/multi_agv/path_reference,1789710677.6785765,1789710677.677805,world,s_curve,1,5.101298727534249,0.09999744604111627,0.0,0.7025515705481696,1.3978895835538238e-14,-6.283185307179586,0.8757566513050573,0.6159490301697257,0.6159490301697257,1.4021318845087235e-14,0.15000000000001396,-0.14999999999998603,2.4492935982947064e-16,2.4492935982947064e-16,2.4492935982947064e-16
/multi_agv/path_reference,1789710677.6891127,1789710677.6882396,world,s_curve,1,5.1023421376853015,0.09999744604111627,0.0,0.7035949806992224,1.3979151397318576e-14,-6.283185307179586,0.8768000614561101,0.6169924403207785,0.6169924403207785,1.4021574406867573e-14,0.15000000000001396,-0.14999999999998603,2.4492935982947064e-16,2.4492935982947064e-16,2.4492935982947064e-16
/multi_agv/path_reference,1789710677.6985757,1789710677.697805,world,s_curve,1,5.103298673152979,0.0999980103253386,5.8991330063752424e-05,0.7045515161669001,1.3979385680938327e-14,-6.283185307179586,0.8777565969237878,0.6179489757884562,0.6179489757884562,1.4021808690487324e-14,0.15000000000001396,-0.14999999999998603,2.4492935982947064e-16,2.4492935982947064e-16,2.4492935982947064e-16
/multi_agv/path_reference,1789710677.7085958,1789710677.707807,world,s_curve,1,5.104298855652205,0.0999980103253386,0.0,0.705551698666126,1.3979630654997575e-14,-6.283185307179586,0.8787567794230137,0.618949158287682,0.618949158287682,1.4022053664546572e-14,0.15000000000001396,-0.14999999999998603,2.4492935982947064e-16,2.4492935982947064e-16,2.4492935982947064e-16
/multi_agv/path_reference,1789710677.7185302,1789710677.7178056,world,s_curve,1,5.105298688358391,0.0999980103253386,0.0,0.706551531372312,1.3979875543382239e-14,-6.283185307179586,0.8797566121291996,0.619948990993868,0.619948990993868,1.4022298552931236e-14,0.15000000000001396,-0.14999999999998603,2.4492935982947064e-16,2.4492935982947064e-16,2.4492935982947064e-16
/multi_agv/path_reference,1789710677.7285225,1789710677.7278402,world,s_curve,1,5.106302142492521,0.0999980103253386,0.0,0.7075549855064421,1.398012131876093e-14,-6.283185307179586,0.8807600662633298,0.6209524451279982,0.6209524451279982,1.4022544328309926e-14,0.15000000000001396,-0.14999999999998603,2.4492935982947064e-16,2.4492935982947064e-16,2.4492935982947064e-16
/multi_agv/path_reference,1789710677.7388015,1789710677.7378087,world,s_curve,1,5.1072989640355635,0.10000195054185601,0.00039528573599604736,0.7085518070494844,1.3980365469623331e-14,-6.283185307179586,0.8817568878063721,0.6219492666710404,0.6219492666710404,1.4022788479172328e-14,0.15000000000001396,-0.14999999999998603,2.4492935982947064e-16,2.4492935982947064e-16,2.4492935982947064e-16
/multi_agv/path_reference,1789710677.7485883,1789710677.7478468,world,s_curve,1,5.1083027937153,0.10000195054185601,0.0,0.7095556367292207,1.3980611336984167e-14,-6.283185307179586,0.8827607174861084,0.6229530963507768,0.6229530963507768,1.4023034346533164e-14,0.15000000000001396,-0.14999999999998603,2.4492935982947064e-16,2.4492935982947064e-16,2.4492935982947064e-16
/multi_agv/path_reference,1789710677.7585633,1789710677.7578366,world,s_curve,1,5.109301793100821,0.10000195054185601,0.0,0.7105546361147418,1.3980856021264132e-14,-6.283185307179586,0.8837597168716295,0.6239520957362978,0.6239520957362978,1.4023279030813129e-14,0.15000000000001396,-0.14999999999998603,2.4492935982947064e-16,2.4492935982947064e-16,2.4492935982947064e-16
/multi_agv/path_reference,1789710677.7687948,1789710677.7678375,world,s_curve,1,5.110301925408439,0.10000195054185601,0.0,0.7115547684223603,1.3981100983029981e-14,-6.283185307179586,0.884759849179248,0.6249522280439164,0.6249522280439164,1.4023523992578978e-14,0.15000000000001396,-0.14999999999998603,2.4492935982947064e-16,2.4492935982947064e-16,2.4492935982947064e-16
/multi_agv/path_reference,1789710677.778759,1789710677.7778404,world,s_curve,1,5.111302261643362,0.10000535197932704,0.00034004761564223,0.7125551046572832,1.3981345994743616e-14,-6.283185307179586,0.8857601854141709,0.6259525642788393,0.6259525642788393,1.4023769004292613e-14,0.15000000000001396,-0.14999999999998603,2.4492935982947064e-16,2.4492935982947064e-16,2.4492935982947064e-16
/multi_agv/path_reference,1789710677.7888005,1789710677.7878716,world,s_curve,1,5.1123054097287675,0.10000535197932704,0.0,0.7135582527426884,1.3981591695161988e-14,-6.283185307179586,0.886763333499576,0.6269557123642444,0.6269557123642444,1.4024014704710985e-14,0.15000000000001396,-0.14999999999998603,2.4492935982947064e-16,2.4492935982947064e-16,2.4492935982947064e-16
/multi_agv/path_reference,1789710677.7983975,1789710677.7978053,world,s_curve,1,5.11329887129578,0.10000535197932704,0.0,0.7145517143097008,1.3981835023067612e-14,-6.283185307179586,0.8877567950665884,0.6279491739312568,0.6279491739312568,1.4024258032616609e-14,0.15000000000001396,-0.14999999999998603,2.4492935982947064e-16,2.4492935982947064e-16,2.4492935982947064e-16
/multi_agv/path_reference,1789710677.8085878,1789710677.807806,world,s_curve,1,5.114299001219662,0.10000535197932704,0.0,0.7155518442335825,1.3982079984249614e-14,-6.283185307179586,0.8887569249904702,0.6289493038551386,0.6289493038551386,1.4024502993798611e-14,0.15000000000001396,-0.14999999999998603,2.4492935982947064e-16,2.4492935982947064e-16,2.4492935982947064e-16
/multi_agv/path_reference,1789710677.8185208,1789710677.8178225,world,s_curve,1,5.115300627130618,0.10000807861421444,0.0002722428735005519,0.716553470144539,1.3982325311842773e-14,-6.283185307179586,0.8897585509014266,0.629950929766095,0.629950929766095,1.402474832139177e-14,0.15000000000001396,-0.14999999999998603,2.4492935982947064e-16,2.4492935982947064e-16,2.4492935982947064e-16
/multi_agv/path_reference,1789710677.8285086,1789710677.8278272,world,s_curve,1,5.116301137551466,0.10000807861421444,0.0,0.7175539805653871,1.3982570366219654e-14,-6.283185307179586,0.8907590613222748,0.6309514401869432,0.6309514401869432,1.4024993375768651e-14,0.15000000000001396,-0.14999999999998603,2.4492935982947064e-16,2.4492935982947064e-16,2.4492935982947064e-16
/multi_agv/path_reference,1789710677.8385882,1789710677.8378558,world,s_curve,1,5.117304208479151,0.10000807861421444,0.0,0.718557051493072,1.3982816047739836e-14,-6.283185307179586,0.8917621322499597,0.6319545111146281,0.6319545111146281,1.4025239057288833e-14,0.15000000000001396,-0.14999999999998603,2.4492935982947064e-16,2.4492935982947064e-16,2.4492935982947064e-16
/multi_agv/path_reference,1789710677.8486805,1789710677.8478715,world,s_curve,1,5.1183058101881524,0.10000807861421444,0.0,0.7195586532020734,1.3983061369405226e-14,-6.283185307179586,0.892763733958961,0.6329561128236294,0.6329561128236294,1.4025484378954223e-14,0.15000000000001396,-0.14999999999998603,2.4492935982947064e-16,2.4492935982947064e-16,2.4492935982947064e-16
/multi_agv/path_reference,1789710677.8585577,1789710677.8578062,world,s_curve,1,5.119299478716177,0.10001040978833604,0.00023462721482470875,0.7205523217300976,1.3983304748001677e-14,-6.283185307179586,0.8937574024869853,0.6339497813516537,0.6339497813516537,1.4025727757550674e-14,0.15000000000001396,-0.14999999999998603,2.4492935982947064e-16,2.4492935982947064e-16,2.4492935982947064e-16
/multi_agv/path_reference,1789710677.8684664,1789710677.867876,world,s_curve,1,5.1203063593194065,0.10001040978833604,0.0,0.7215592023333274,1.3983551362623252e-14,-6.283185307179586,0.894764283090215,0.6349566619548834,0.6349566619548834,1.4025974372172249e-14,0.15000000000001396,-0.14999999999998603,2.4492935982947064e-16,2.4492935982947064e-16,2.4492935982947064e-16
/multi_agv/path_reference,1789710677.8784583,1789710677.8778505,world,s_curve,1,5.121304007261636,0.10001040978833604,0.0,0.7225568502755569,1.3983795715895078e-14,-6.283185307179586,0.8957619310324446,0.635954309897113,0.635954309897113,1.4026218725444075e-14,0.15000000000001396,-0.14999999999998603,2.4492935982947064e-16,2.4492935982947064e-16,2.4492935982947064e-16
/multi_agv/path_reference,1789710677.8887403,1789710677.8879707,world,s_curve,1,5.122316212719114,0.10001040978833604,0.0,0.7235690557330349,1.3984043634729792e-14,-6.283185307179586,0.8967741364899225,0.6369665153545909,0.6369665153545909,1.402646664427879e-14,0.15000000000001396,-0.14999999999998603,2.4492935982947064e-16,2.4492935982947064e-16,2.4492935982947064e-16
/multi_agv/path_reference,1789710677.8983948,1789710677.8979247,world,s_curve,1,5.123311762971048,0.10001335640182059,0.0002960179097293782,0.7245646059849692,1.3984287474215678e-14,-6.283185307179586,0.8977696867418569,0.6379620656065252,0.6379620656065252,1.4026710483764675e-14,0.15000000000001396,-0.14999999999998603,2.4492935982947064e-16,2.4492935982947064e-16,2.4492935982947064e-16
/multi_agv/path_reference,1789710677.9086308,1789710677.9078648,world,s_curve,1,5.124305891133068,0.10001335640182059,0.0,0.7255587341469892,1.3984530965389989e-14,-6.283185307179586,0.8987638149038769,0.6389561937685453,0.6389561937685453,1.4026953974938986e-14,0.15000000000001396,-0.14999999999998603,2.4492935982947064e-16,2.4492935982947064e-16,2.4492935982947064e-16
/multi_agv/path_reference,1789710677.9186227,1789710677.9179277,world,s_curve,1,5.125312303835641,0.10001335640182059,0.0,0.7265651468495621,1.3984777465408955e-14,-6.283185307179586,0.8997702276064498,0.6399626064711181,0.6399626064711181,1.4027200474957952e-14,0.15000000000001396,-0.14999999999998603,2.4492935982947064e-16,2.4492935982947064e-16,2.4492935982947064e-16
/multi_agv/path_reference,1789710677.9285831,1789710677.9278421,world,s_curve,1,5.126303876856432,0.10001335640182059,0.0,0.7275567198703529,1.3985020330754161e-14,-6.283185307179586,0.9007618006272405,0.6409541794919089,0.6409541794919089,1.4027443340303158e-14,0.15000000000001396,-0.14999999999998603,2.4492935982947064e-16,2.4492935982947064e-16,2.4492935982947064e-16
/multi_agv/path_reference,1789710677.9384573,1789710677.937822,world,s_curve,1,5.127301878107758,0.10001594955012065,0.0002598756155970823,0.7285547211216791,1.3985264770561757e-14,-6.283185307179586,0.9017598018785667,0.6419521807432351,0.6419521807432351,1.4027687780110754e-14,0.15000000000001396,-0.14999999999998603,2.4492935982947064e-16,2.4492935982947064e-16,2.4492935982947064e-16
/multi_agv/path_reference,1789710677.9487746,1789710677.9478362,world,s_curve,1,5.1283035900508285,0.10001594955012065,0.0,0.7295564330647494,1.3985510119226708e-14,-6.283185307179586,0.902761513821637,0.6429538926863054,0.6429538926863054,1.4027933128775705e-14,0.15000000000001396,-0.14999999999998603,2.4492935982947064e-16,2.4492935982947064e-16,2.4492935982947064e-16
/multi_agv/path_reference,1789710677.9583528,1789710677.957801,world,s_curve,1,5.129300289294523,0.10001594955012065,0.0,0.7305531323084441,1.3985754240134407e-14,-6.283185307179586,0.9037582130653318,0.6439505919300001,0.6439505919300001,1.4028177249683404e-14,0.15000000000001396,-0.14999999999998603,2.4492935982947064e-16,2.4492935982947064e-16,2.4492935982947064e-16
/multi_agv/path_reference,1789710677.968481,1789710677.967841,world,s_curve,1,5.13030439922,0.10001594955012065,0.0,0.7315572422339208,1.3986000176135654e-14,-6.283185307179586,0.9047623229908085,0.6449547018554769,0.6449547018554769,1.4028423185684651e-14,0.15000000000001396,-0.14999999999998603,2.4492935982947064e-16,2.4492935982947064e-16,2.4492935982947064e-16
/multi_agv/path_reference,1789710677.978729,1789710677.9778411,world,s_curve,1,5.131304632459462,0.10001836303534277,0.00024133655191893973,0.7325574754733827,1.3986245162622675e-14,-6.283185307179586,0.9057625562302704,0.6459549350949387,0.6459549350949387,1.4028668172171672e-14,0.15000000000001396,-0.14999999999998603,2.4492935982947064e-16,2.4492935982947064e-16,2.4492935982947064e-16
/multi_agv/path_reference,1789710677.9886959,1789710677.9878345,world,s_curve,1,5.132304128563588,0.10001836303534277,0.0,0.7335569715775087,1.398648996856361e-14,-6.283185307179586,0.9067620523343963,0.6469544311990647,0.6469544311990647,1.4028912978112607e-14,0.15000000000001396,-0.14999999999998603,2.4492935982947064e-16,2.4492935982947064e-16,2.4492935982947064e-16
/multi_agv/path_reference,1789710677.9986362,1789710677.9978387,world,s_curve,1,5.133304575242236,0.10001836303534277,0.0,0.7345574182561568,1.3986735007328155e-14,-6.283185307179586,0.9077624990130445,0.6479548778777129,0.6479548778777129,1.4029158016877152e-14,0.15000000000001396,-0.14999999999998603,2.4492935982947064e-16,2.4492935982947064e-16,2.4492935982947064e-16
/multi_agv/path_reference,1789710678.0085404,1789710678.007891,world,s_curve,1,5.134310146661769,0.10001836303534277,0.0,0.73556298967569,1.3986981301292204e-14,-6.283185307179586,0.9087680704325777,0.6489604492972461,0.6489604492972461,1.4029404310841201e-14,0.15000000000001396,-0.14999999999998603,2.4492935982947064e-16,2.4492935982947064e-16,2.4492935982947064e-16
/multi_agv/path_reference,1789710678.0183,1789710678.017803,world,s_curve,1,5.135301560813545,0.1000204953108561,0.00021511822541681633,0.736554403827466,1.3987224127725725e-14,-6.283185307179586,0.9097594845843536,0.649951863449022,0.649951863449022,1.4029647137274722e-14,0.15000000000001396,-0.14999999999998603,2.4492935982947064e-16,2.4492935982947064e-16,2.4492935982947064e-16
/multi_agv/path_reference,1789710678.0284207,1789710678.0278664,world,s_curve,1,5.136307911425967,0.1000204953108561,0.0,0.737560754439888,1.398747061253699e-14,-6.283185307179586,0.9107658351967757,0.650958214061444,0.650958214061444,1.4029893622085986e-14,0.15000000000001396,-0.14999999999998603,2.4492935982947064e-16,2.4492935982947064e-16,2.4492935982947064e-16
/multi_agv/path_reference,1789710678.0385187,1789710678.0379372,world,s_curve,1,5.137315404672528,0.1000204953108561,0.0,0.7385682476864485,1.3987717377212902e-14,-6.283185307179586,0.9117733284433361,0.6519657073080045,0.6519657073080045,1.4030140386761899e-14,0.15000000000001396,-0.14999999999998603,2.4492935982947064e-16,2.4492935982947064e-16,2.4492935982947064e-16
/multi_agv/path_reference,1789710678.0483618,1789710678.047862,world,s_curve,1,5.138308072781253,0.1000204953108561,0.0,0.7395609157951742,1.3987960510777295e-14,-6.283185307179586,0.9127659965520619,0.6529583754167303,0.6529583754167303,1.4030383520326292e-14,0.15000000000001396,-0.14999999999998603,2.4492935982947064e-16,2.4492935982947064e-16,2.4492935982947064e-16
/multi_agv/path_reference,1789710678.0584917,1789710678.0578914,world,s_curve,1,5.139311246240093,0.10002315777239829,0.0002654653674791675,0.7405640892540143,1.3988206217410367e-14,-6.283185307179586,0.913769170010902,0.6539615488755703,0.6539615488755703,1.4030629226959364e-14,0.15000000000001396,-0.14999999999998603,2.4492935982947064e-16,2.4492935982947064e-16,2.4492935982947064e-16
/multi_agv/path_reference,1789710678.068388,1789710678.0678415,world,s_curve,1,5.140306293817597,0.10002315777239829,0.0,0.7415591368315176,1.3988449933776525e-14,-6.283185307179586,0.9147642175884053,0.6549565964530737,0.6549565964530737,1.4030872943325522e-14,0.15000000000001396,-0.14999999999998603,2.4492935982947064e-16,2.4492935982947064e-16,2.4492935982947064e-16
/multi_agv/path_reference,1789710678.078425,1789710678.07794,world,s_curve,1,5.141316584824321,0.10002315777239829,0.0,0.7425694278382421,1.3988697383706043e-14,-6.283185307179586,0.9157745085951298,0.6559668874597981,0.6559668874597981,1.403112039325504e-14,0.15000000000001396,-0.14999999999998603,2.4492935982947064e-16,2.4492935982947064e-16,2.4492935982947064e-16
/multi_agv/path_reference,1789710678.0886028,1789710678.0879457,world,s_curve,1,5.142317369730154,0.10002315777239829,0.0,0.7435702127440752,1.3988942505312355e-14,-6.283185307179586,0.9167752935009629,0.6569676723656313,0.6569676723656313,1.4031365514861352e-14,0.15000000000001396,-0.14999999999998603,2.4492935982947064e-16,2.4492935982947064e-16,2.4492935982947064e-16
/multi_agv/path_reference,1789710678.0984807,1789710678.0978758,world,s_curve,1,5.143310654917963,0.10002521440426203,0.0002071057191290944,0.7445634979318839,1.3989185790017534e-14,-6.283185307179586,0.9177685786887716,0.65796095755344,0.65796095755344,1.403160879956653e-14,0.15000000000001396,-0.14999999999998603,2.4492935982947064e-16,2.4492935982947064e-16,2.4492935982947064e-16
/multi_agv/path_reference,1789710678.108488,1789710678.1079485,world,s_curve,1,5.144317978244513,0.10002521440426203,0.0,0.7455708212584339,1.3989432513075046e-14,-6.283185307179586,0.9187759020153216,0.6589682808799899,0.6589682808799899,1.4031855522624043e-14,0.15000000000001396,-0.14999999999998603,2.4492935982947064e-16,2.4492935982947064e-16,2.4492935982947064e-16
/multi_agv/path_reference,1789710678.1183722,1789710678.1178348,world,s_curve,1,5.145306857221602,0.10002521440426203,0.0,0.7465597002355228,1.3989674718569854e-14,-6.283185307179586,0.9197647809924104,0.6599571598570788,0.6599571598570788,1.4032097728118851e-14,0.15000000000001396,-0.14999999999998603,2.4492935982947064e-16,2.4492935982947064e-16,2.4492935982947064e-16
/multi_agv/path_reference,1789710678.128403,1789710678.1278567,world,s_curve,1,5.146309478162772,0.10002521440426203,0.0,0.747562321176693,1.3989920289875127e-14,-6.283185307179586,0.9207674019335806,0.660959780798249,0.660959780798249,1.4032343299424124e-14,0.15000000000001396,-0.14999999999998603,2.4492935982947064e-16,2.4492935982947064e-16,2.4492935982947064e-16
/multi_agv/path_reference,1789710678.1383193,1789710678.137807,world,s_curve,1,5.147304770405242,0.10002743087194865,0.0002227562507204501,0.7485576134191628,1.3990164066166918e-14,-6.283185307179586,0.9217626941760505,0.6619550730407189,0.6619550730407189,1.4032587075715915e-14,0.15000000000001396,-0.14999999999998603,2.4492935982947064e-16,2.4492935982947064e-16,2.4492935982947064e-16
/multi_agv/path_reference,1789710678.1486435,1789710678.1478038,world,s_curve,1,5.14830476793806,0.10002743087194865,0.0,0.7495576109519811,1.3990408994922462e-14,-6.283185307179586,0.9227626917088688,0.6629550705735372,0.6629550705735372,1.4032832004471459e-14,0.15000000000001396,-0.14999999999998603,2.4492935982947064e-16,2.4492935982947064e-16,2.4492935982947064e-16
/multi_agv/path_reference,1789710678.1588,1789710678.1578345,world,s_curve,1,5.149308100085341,0.10002743087194865,0.0,0.7505609430992622,1.3990654740422991e-14,-6.283185307179586,0.9237660238561499,0.6639584027208183,0.6639584027208183,1.4033077749971988e-14,0.15000000000001396,-0.14999999999998603,2.4492935982947064e-16,2.4492935982947064e-16,2.4492935982947064e-16
/multi_agv/path_reference,1789710678.1684756,1789710678.1678922,world,s_curve,1,5.150314102164807,0.10002743087194865,0.0,0.751566945178728,1.3990901139868302e-14,-6.283185307179586,0.9247720259356157,0.6649644048002841,0.6649644048002841,1.4033324149417299e-14,0.15000000000001396,-0.14999999999998603,2.4492935982947064e-16,2.4492935982947064e-16,2.4492935982947064e-16
/multi_agv/path_reference,1789710678.1783712,1789710678.1778054,world,s_curve,1,5.151305749927002,0.1000298443161129,0.0002434497945939992,0.752558592940923,1.3991144023519873e-14,-6.283185307179586,0.9257636736978107,0.665956052562479,0.665956052562479,1.403356703306887e-14,0.15000000000001396,-0.14999999999998603,2.4492935982947064e-16,2.4492935982947064e-16,2.4492935982947064e-16
/multi_agv/path_reference,1789710678.1884084,1789710678.1878614,world,s_curve,1,5.152311507498917,0.1000298443161129,0.0,0.7535643505128377,1.3991390363078106e-14,-6.283185307179586,0.9267694312697253,0.6669618101343937,0.6669618101343937,1.4033813372627103e-14,0.15000000000001396,-0.14999999999998603,2.4492935982947064e-16,2.4492935982947064e-16,2.4492935982947064e-16
/multi_agv/path_reference,1789710678.198354,1789710678.1978436,world,s_curve,1,5.153310051718698,0.1000298443161129,0.0,0.754562894732619,1.3991634935874618e-14,-6.283185307179586,0.9277679754895066,0.667960354354175,0.667960354354175,1.4034057945423615e-14,0.15000000000001396,-0.14999999999998603,2.4492935982947064e-16,2.4492935982947064e-16,2.4492935982947064e-16
/multi_agv/path_reference,1789710678.2083755,1789710678.2078226,world,s_curve,1,5.154308149805374,0.1000298443161129,0.0,0.7555609928192947,1.3991879399400035e-14,-6.283185307179586,0.9287660735761823,0.6689584524408507,0.6689584524408507,1.4034302408949032e-14,0.15000000000001396,-0.14999999999998603,2.4492935982947064e-16,2.4492935982947064e-16,2.4492935982947064e-16
/multi_agv/path_reference,1789710678.2183063,1789710678.217847,world,s_curve,1,5.155311019289847,0.10003254567719531,0.0002694508408623006,0.7565638623037682,1.399212503158086e-14,-6.283185307179586,0.9297689430606558,0.6699613219253242,0.6699613219253242,1.4034548041129857e-14,0.15000000000001396,-0.14999999999998603,2.4492935982947064e-16,2.4492935982947064e-16,2.4492935982947064e-16
/multi_agv/path_reference,1789710678.2282996,1789710678.227817,world,s_curve,1,5.1563083826829095,0.10003254567719531,0.0,0.7575612256968304,1.399236931515824e-14,-6.283185307179586,0.930766306453718,0.6709586853183864,0.6709586853183864,1.4034792324707237e-14,0.15000000000001396,-0.14999999999998603,2.4492935982947064e-16,2.4492935982947064e-16,2.4492935982947064e-16
/multi_agv/path_reference,1789710678.2384148,1789710678.2378387,world,s_curve,1,5.1573107729114565,0.10003254567719531,0.0,0.7585636159253774,1.3992614829955218e-14,-6.283185307179586,0.931768696682265,0.6719610755469334,0.6719610755469334,1.4035037839504215e-14,0.15000000000001396,-0.14999999999998603,2.4492935982947064e-16,2.4492935982947064e-16,2.4492935982947064e-16
/multi_agv/path_reference,1789710678.2484033,1789710678.2478485,world,s_curve,1,5.158312121401073,0.10003254567719531,0.0,0.7595649644149937,1.3992860089599745e-14,-6.283185307179586,0.9327700451718813,0.6729624240365497,0.6729624240365497,1.4035283099148742e-14,0.15000000000001396,-0.14999999999998603,2.4492935982947064e-16,2.4492935982947064e-16,2.4492935982947064e-16
/multi_agv/path_reference,1789710678.2583447,1789710678.257815,world,s_curve,1,5.15930914514703,0.10003450917304524,0.0001970036765994735,0.7605619881609508,1.3993104289987577e-14,-6.283185307179586,0.9337670689178384,0.6739594477825068,0.6739594477825068,1.4035527299536574e-14,0.15000000000001396,-0.14999999999998603,2.4492935982947064e-16,2.4492935982947064e-16,2.4492935982947064e-16
/multi_agv/path_reference,1789710678.2682955,1789710678.2678545,world,s_curve,1,5.160313418393867,0.10003450917304524,0.0,0.7615662614077875,1.3993350265991018e-14,-6.283185307179586,0.9347713421646752,0.6749637210293435,0.6749637210293435,1.4035773275540015e-14,0.15000000000001396,-0.14999999999998603,2.4492935982947064e-16,2.4492935982947064e-16,2.4492935982947064e-16
/multi_agv/path_reference,1789710678.278299,1789710678.2778022,world,s_curve,1,5.161308659324801,0.10003450917304524,0.0,0.7625615023387219,1.3993594029715108e-14,-6.283185307179586,0.9357665830956096,0.6759589619602779,0.6759589619602779,1.4036017039264105e-14,0.15000000000001396,-0.14999999999998603,2.4492935982947064e-16,2.4492935982947064e-16,2.4492935982947064e-16
/multi_agv/path_reference,1789710678.2883341,1789710678.2878659,world,s_curve,1,5.16231515463819,0.10003450917304524,0.0,0.7635679976521107,1.3993840549967889e-14,-6.283185307179586,0.9367730784089984,0.6769654572736667,0.6769654572736667,1.4036263559516886e-14,0.15000000000001396,-0.14999999999998603,2.4492935982947064e-16,2.4492935982947064e-16,2.4492935982947064e-16
/multi_agv/path_reference,1789710678.2983656,1789710678.2978563,world,s_curve,1,5.163314325522123,0.10003652199689143,0.00020152298290882257,0.7645671685360437,1.3994085276252851e-14,-6.283185307179586,0.9377722492929313,0.6779646281575997,0.6779646281575997,1.4036508285801848e-14,0.15000000000001396,-0.14999999999998603,2.4492935982947064e-16,2.4492935982947064e-16,2.4492935982947064e-16
/multi_agv/path_reference,1789710678.3083835,1789710678.3078032,world,s_curve,1,5.164309832668474,0.10003652199689143,0.0,0.7655626756823949,1.3994329105180912e-14,-6.283185307179586,0.9387677564392826,0.6789601353039509,0.6789601353039509,1.403675211472991e-14,0.15000000000001396,-0.14999999999998603,2.4492935982947064e-16,2.4492935982947064e-16,2.4492935982947064e-16
/multi_agv/path_reference,1789710678.3183348,1789710678.3178432,world,s_curve,1,5.165314214254765,0.10003652199689143,0.0,0.7665670572686855,1.3994575107719866e-14,-6.283185307179586,0.9397721380255731,0.6799645168902415,0.6799645168902415,1.4036998117268863e-14,0.15000000000001396,-0.14999999999998603,2.4492935982947064e-16,2.4492935982947064e-16,2.4492935982947064e-16
/multi_agv/path_reference,1789710678.3289442,1789710678.3278782,world,s_curve,1,5.166318037737299,0.10003652199689143,0.0,0.7675708807512199,1.3994820973562826e-14,-6.283185307179586,0.9407759615081076,0.680968340372776,0.680968340372776,1.4037243983111823e-14,0.15000000000001396,-0.14999999999998603,2.4492935982947064e-16,2.4492935982947064e-16,2.4492935982947064e-16
/multi_agv/path_reference,1789710678.3387113,1789710678.3378372,world,s_curve,1,5.16731435221215,0.10003829321980943,0.00017784557195670434,0.7685671952260712,1.399506500022934e-14,-6.283185307179586,0.9417722759829589,0.6819646548476272,0.6819646548476272,1.4037488009778337e-14,0.15000000000001396,-0.14999999999998603,2.4492935982947064e-16,2.4492935982947064e-16,2.4492935982947064e-16
/multi_agv/path_reference,1789710678.3486998,1789710678.347832,world,s_curve,1,5.1683142322518485,0.10003829321980943,0.0,0.7695670752657694,1.3995309900207368e-14,-6.283185307179586,0.9427721560226571,0.6829645348873254,0.6829645348873254,1.4037732909756366e-14,0.15000000000001396,-0.14999999999998603,2.4492935982947064e-16,2.4492935982947064e-16,2.4492935982947064e-16
/multi_agv/path_reference,1789710678.3588257,1789710678.3579404,world,s_curve,1,5.169325435826033,0.10003829321980943,0.0,0.7705782788399537,1.3995557573651451e-14,-6.283185307179586,0.9437833595968413,0.6839757384615097,0.6839757384615097,1.4037980583200448e-14,0.15000000000001396,-0.14999999999998603,2.4492935982947064e-16,2.4492935982947064e-16,2.4492935982947064e-16
/multi_agv/path_reference,1789710678.3684049,1789710678.3678548,world,s_curve,1,5.170317077112054,0.10003829321980943,0.0,0.7715699201259753,1.3995800455716817e-14,-6.283185307179586,0.9447750008828629,0.6849673797475313,0.6849673797475313,1.4038223465265814e-14,0.15000000000001396,-0.14999999999998603,2.4492935982947064e-16,2.4492935982947064e-16,2.4492935982947064e-16
/multi_agv/path_reference,1789710678.378351,1789710678.377819,world,s_curve,1,5.1713139987056325,0.10004006870477611,0.0001781681119101356,0.7725668417195534,1.3996044631084532e-14,-6.283185307179586,0.945771922476441,0.6859643013411094,0.6859643013411094,1.4038467640633529e-14,0.15000000000001396,-0.14999999999998603,2.4492935982947064e-16,2.4492935982947064e-16,2.4492935982947064e-16
/multi_agv/path_reference,1789710678.3882594,1789710678.3878195,world,s_curve,1,5.1723144116976085,0.10004006870477611,0.0,0.7735672547115294,1.3996289661598222e-14,-6.283185307179586,0.9467723354684171,0.6869647143330855,0.6869647143330855,1.4038712671147219e-14,0.15000000000001398,-0.149999999999986,2.4492935982947064e-16,2.4492935982947064e-16,2.4492935982947064e-16
/multi_agv/path_reference,1789710678.3983529,1789710678.3978531,world,s_curve,1,5.1733183247914685,0.10004006870477611,0.0,0.7745711678053894,1.3996535549389626e-14,-6.283185307179586,0.947776248562277,0.6879686274269454,0.6879686274269454,1.4038958558938623e-14,0.15000000000001398,-0.149999999999986,2.4492935982947064e-16,2.4492935982947064e-16,2.4492935982947064e-16
/multi_agv/path_reference,1789710678.4084141,1789710678.407839,world,s_curve,1,5.17431724658618,0.10004006870477611,0.0,0.7755700896001011,1.3996780214665324e-14,-6.283185307179586,0.9487751703569888,0.6889675492216571,0.6889675492216571,1.4039203224214321e-14,0.15000000000001398,-0.149999999999986,2.4492935982947064e-16,2.4492935982947064e-16,2.4492935982947064e-16
/multi_agv/path_reference,1789710678.418313,1789710678.4178011,world,s_curve,1,5.1753139244276,0.1000417903752873,0.0001728131129425672,0.7765667674415212,1.3997024330330979e-14,-6.283185307179586,0.9497718481984089,0.6899642270630773,0.6899642270630773,1.4039447339879976e-14,0.15000000000001398,-0.149999999999986,2.4492935982947064e-16,2.4492935982947064e-16,2.4492935982947064e-16
/multi_agv/path_reference,1789710678.428381,1789710678.4278324,world,s_curve,1,5.176317232738761,0.1000417903752873,0.0,0.7775700757526817,1.3997270069993343e-14,-6.283185307179586,0.9507751565095693,0.6909675353742377,0.6909675353742377,1.403969307954234e-14,0.15000000000001398,-0.149999999999986,2.4492935982947064e-16,2.4492935982947064e-16,2.4492935982947064e-16
/multi_agv/path_reference,1789710678.4384508,1789710678.4378774,world,s_curve,1,5.177322237658644,0.1000417903752873,0.0,0.778575080672565,1.3997516225204995e-14,-6.283185307179586,0.9517801614294527,0.691972540294121,0.691972540294121,1.4039939234753992e-14,0.15000000000001398,-0.149999999999986,2.4492935982947064e-16,2.4492935982947064e-16,2.4492935982947064e-16
/multi_agv/path_reference,1789710678.4485447,1789710678.4478781,world,s_curve,1,5.17822971502571,0.0,0.0,0.7794825580396306,1.3997738493055571e-14,-6.283185307179586,0.9526876387965183,0.6928800176611867,0.6928800176611867,1.4040161502604568e-14,0.15000000000001398,-0.149999999999986,2.4492935982947064e-16,2.4492935982947064e-16,2.4492935982947064e-16
/multi_agv/path_reference,1789710678.4587045,1789710678.457891,world,s_curve,1,5.17822971502571,0.0,0.0,0.7794825580396306,1.3997738493055571e-14,-6.283185307179586,0.9526876387965183,0.6928800176611867,0.6928800176611867,1.4040161502604568e-14,0.15000000000001398,-0.149999999999986,2.4492935982947064e-16,2.4492935982947064e-16,2.4492935982947064e-16
/multi_agv/path_reference,1789710678.4687486,1789710678.4678392,world,s_curve,1,5.17822971502571,0.0,0.0,0.7794825580396306,1.3997738493055571e-14,-6.283185307179586,0.9526876387965183,0.6928800176611867,0.6928800176611867,1.4040161502604568e-14,0.15000000000001398,-0.149999999999986,2.4492935982947064e-16,2.4492935982947064e-16,2.4492935982947064e-16
/multi_agv/path_reference,1789710678.4784107,1789710678.4778652,world,s_curve,1,5.17822971502571,0.0,0.0,0.7794825580396306,1.3997738493055571e-14,-6.283185307179586,0.9526876387965183,0.6928800176611867,0.6928800176611867,1.4040161502604568e-14,0.15000000000001398,-0.149999999999986,2.4492935982947064e-16,2.4492935982947064e-16,2.4492935982947064e-16
/multi_agv/path_reference,1789710678.488409,1789710678.4878345,world,s_curve,1,5.17822971502571,0.0,0.0,0.7794825580396306,1.3997738493055571e-14,-6.283185307179586,0.9526876387965183,0.6928800176611867,0.6928800176611867,1.4040161502604568e-14,0.15000000000001398,-0.149999999999986,2.4492935982947064e-16,2.4492935982947064e-16,2.4492935982947064e-16
/multi_agv/path_reference,1789710678.4983346,1789710678.4978058,world,s_curve,1,5.17822971502571,0.0,0.0,0.7794825580396306,1.3997738493055571e-14,-6.283185307179586,0.9526876387965183,0.6928800176611867,0.6928800176611867,1.4040161502604568e-14,0.15000000000001398,-0.149999999999986,2.4492935982947064e-16,2.4492935982947064e-16,2.4492935982947064e-16
/multi_agv/path_reference,1789710678.5085318,1789710678.507914,world,s_curve,1,5.17822971502571,0.0,0.0,0.7794825580396306,1.3997738493055571e-14,-6.283185307179586,0.9526876387965183,0.6928800176611867,0.6928800176611867,1.4040161502604568e-14,0.15000000000001398,-0.149999999999986,2.4492935982947064e-16,2.4492935982947064e-16,2.4492935982947064e-16
/multi_agv/path_reference,1789710678.518294,1789710678.517821,world,s_curve,1,5.17822971502571,0.0,0.0,0.7794825580396306,1.3997738493055571e-14,-6.283185307179586,0.9526876387965183,0.6928800176611867,0.6928800176611867,1.4040161502604568e-14,0.15000000000001398,-0.149999999999986,2.4492935982947064e-16,2.4492935982947064e-16,2.4492935982947064e-16
/multi_agv/path_reference,1789710678.5284832,1789710678.5278373,world,s_curve,1,5.17822971502571,0.0,0.0,0.7794825580396306,1.3997738493055571e-14,-6.283185307179586,0.9526876387965183,0.6928800176611867,0.6928800176611867,1.4040161502604568e-14,0.15000000000001398,-0.149999999999986,2.4492935982947064e-16,2.4492935982947064e-16,2.4492935982947064e-16
/multi_agv/path_reference,1789710678.5383325,1789710678.5378475,world,s_curve,1,5.17822971502571,0.0,0.0,0.7794825580396306,1.3997738493055571e-14,-6.283185307179586,0.9526876387965183,0.6928800176611867,0.6928800176611867,1.4040161502604568e-14,0.15000000000001398,-0.149999999999986,2.4492935982947064e-16,2.4492935982947064e-16,2.4492935982947064e-16
/multi_agv/path_reference,1789710678.5483186,1789710678.5478342,world,s_curve,1,5.17822971502571,0.0,0.0,0.7794825580396306,1.3997738493055571e-14,-6.283185307179586,0.9526876387965183,0.6928800176611867,0.6928800176611867,1.4040161502604568e-14,0.15000000000001398,-0.149999999999986,2.4492935982947064e-16,2.4492935982947064e-16,2.4492935982947064e-16
/multi_agv/path_reference,1789710678.5583134,1789710678.5578215,world,s_curve,1,5.17822971502571,0.0,0.0,0.7794825580396306,1.3997738493055571e-14,-6.283185307179586,0.9526876387965183,0.6928800176611867,0.6928800176611867,1.4040161502604568e-14,0.15000000000001398,-0.149999999999986,2.4492935982947064e-16,2.4492935982947064e-16,2.4492935982947064e-16
/multi_agv/path_reference,1789710678.5684218,1789710678.5678592,world,s_curve,1,5.17822971502571,0.0,0.0,0.7794825580396306,1.3997738493055571e-14,-6.283185307179586,0.9526876387965183,0.6928800176611867,0.6928800176611867,1.4040161502604568e-14,0.15000000000001398,-0.149999999999986,2.4492935982947064e-16,2.4492935982947064e-16,2.4492935982947064e-16
/multi_agv/path_reference,1789710678.5783434,1789710678.5778475,world,s_curve,1,5.17822971502571,0.0,0.0,0.7794825580396306,1.3997738493055571e-14,-6.283185307179586,0.9526876387965183,0.6928800176611867,0.6928800176611867,1.4040161502604568e-14,0.15000000000001398,-0.149999999999986,2.4492935982947064e-16,2.4492935982947064e-16,2.4492935982947064e-16
/multi_agv/path_reference,1789710678.5884252,1789710678.5878468,world,s_curve,1,5.17822971502571,0.0,0.0,0.7794825580396306,1.3997738493055571e-14,-6.283185307179586,0.9526876387965183,0.6928800176611867,0.6928800176611867,1.4040161502604568e-14,0.15000000000001398,-0.149999999999986,2.4492935982947064e-16,2.4492935982947064e-16,2.4492935982947064e-16
/multi_agv/path_reference,1789710678.598419,1789710678.5978222,world,s_curve,1,5.17822971502571,0.0,0.0,0.7794825580396306,1.3997738493055571e-14,-6.283185307179586,0.9526876387965183,0.6928800176611867,0.6928800176611867,1.4040161502604568e-14,0.15000000000001398,-0.149999999999986,2.4492935982947064e-16,2.4492935982947064e-16,2.4492935982947064e-16
/multi_agv/path_reference,1789710678.6082785,1789710678.6078207,world,s_curve,1,5.17822971502571,0.0,0.0,0.7794825580396306,1.3997738493055571e-14,-6.283185307179586,0.9526876387965183,0.6928800176611867,0.6928800176611867,1.4040161502604568e-14,0.15000000000001398,-0.149999999999986,2.4492935982947064e-16,2.4492935982947064e-16,2.4492935982947064e-16
/multi_agv/path_reference,1789710678.6182904,1789710678.6178455,world,s_curve,1,5.17822971502571,0.0,0.0,0.7794825580396306,1.3997738493055571e-14,-6.283185307179586,0.9526876387965183,0.6928800176611867,0.6928800176611867,1.4040161502604568e-14,0.15000000000001398,-0.149999999999986,2.4492935982947064e-16,2.4492935982947064e-16,2.4492935982947064e-16
/multi_agv/path_reference,1789710678.6286225,1789710678.6278415,world,s_curve,1,5.17822971502571,0.0,0.0,0.7794825580396306,1.3997738493055571e-14,-6.283185307179586,0.9526876387965183,0.6928800176611867,0.6928800176611867,1.4040161502604568e-14,0.15000000000001398,-0.149999999999986,2.4492935982947064e-16,2.4492935982947064e-16,2.4492935982947064e-16
/multi_agv/path_reference,1789710678.6386333,1789710678.637833,world,s_curve,1,5.17822971502571,0.0,0.0,0.7794825580396306,1.3997738493055571e-14,-6.283185307179586,0.9526876387965183,0.6928800176611867,0.6928800176611867,1.4040161502604568e-14,0.15000000000001398,-0.149999999999986,2.4492935982947064e-16,2.4492935982947064e-16,2.4492935982947064e-16
/multi_agv/path_reference,1789710678.6490781,1789710678.6478271,world,s_curve,1,5.17822971502571,0.0,0.0,0.7794825580396306,1.3997738493055571e-14,-6.283185307179586,0.9526876387965183,0.6928800176611867,0.6928800176611867,1.4040161502604568e-14,0.15000000000001398,-0.149999999999986,2.4492935982947064e-16,2.4492935982947064e-16,2.4492935982947064e-16
/multi_agv/path_reference,1789710678.6586196,1789710678.6578367,world,s_curve,1,5.17822971502571,0.0,0.0,0.7794825580396306,1.3997738493055571e-14,-6.283185307179586,0.9526876387965183,0.6928800176611867,0.6928800176611867,1.4040161502604568e-14,0.15000000000001398,-0.149999999999986,2.4492935982947064e-16,2.4492935982947064e-16,2.4492935982947064e-16
/multi_agv/path_reference,1789710678.6684299,1789710678.66787,world,s_curve,1,5.17822971502571,0.0,0.0,0.7794825580396306,1.3997738493055571e-14,-6.283185307179586,0.9526876387965183,0.6928800176611867,0.6928800176611867,1.4040161502604568e-14,0.15000000000001398,-0.149999999999986,2.4492935982947064e-16,2.4492935982947064e-16,2.4492935982947064e-16
/multi_agv/path_reference,1789710678.678355,1789710678.6778498,world,s_curve,1,5.17822971502571,0.0,0.0,0.7794825580396306,1.3997738493055571e-14,-6.283185307179586,0.9526876387965183,0.6928800176611867,0.6928800176611867,1.4040161502604568e-14,0.15000000000001398,-0.149999999999986,2.4492935982947064e-16,2.4492935982947064e-16,2.4492935982947064e-16
/multi_agv/path_reference,1789710678.6884654,1789710678.6878521,world,s_curve,1,5.17822971502571,0.0,0.0,0.7794825580396306,1.3997738493055571e-14,-6.283185307179586,0.9526876387965183,0.6928800176611867,0.6928800176611867,1.4040161502604568e-14,0.15000000000001398,-0.149999999999986,2.4492935982947064e-16,2.4492935982947064e-16,2.4492935982947064e-16
/multi_agv/path_reference,1789710678.6985435,1789710678.6978428,world,s_curve,1,5.17822971502571,0.0,0.0,0.7794825580396306,1.3997738493055571e-14,-6.283185307179586,0.9526876387965183,0.6928800176611867,0.6928800176611867,1.4040161502604568e-14,0.15000000000001398,-0.149999999999986,2.4492935982947064e-16,2.4492935982947064e-16,2.4492935982947064e-16
/multi_agv/path_reference,1789710678.708484,1789710678.7078853,world,s_curve,1,5.17822971502571,0.0,0.0,0.7794825580396306,1.3997738493055571e-14,-6.283185307179586,0.9526876387965183,0.6928800176611867,0.6928800176611867,1.4040161502604568e-14,0.15000000000001398,-0.149999999999986,2.4492935982947064e-16,2.4492935982947064e-16,2.4492935982947064e-16
/multi_agv/path_reference,1789710678.7183325,1789710678.7178335,world,s_curve,1,5.17822971502571,0.0,0.0,0.7794825580396306,1.3997738493055571e-14,-6.283185307179586,0.9526876387965183,0.6928800176611867,0.6928800176611867,1.4040161502604568e-14,0.15000000000001398,-0.149999999999986,2.4492935982947064e-16,2.4492935982947064e-16,2.4492935982947064e-16
/multi_agv/path_reference,1789710678.728409,1789710678.7278695,world,s_curve,1,5.17822971502571,0.0,0.0,0.7794825580396306,1.3997738493055571e-14,-6.283185307179586,0.9526876387965183,0.6928800176611867,0.6928800176611867,1.4040161502604568e-14,0.15000000000001398,-0.149999999999986,2.4492935982947064e-16,2.4492935982947064e-16,2.4492935982947064e-16
/multi_agv/path_reference,1789710678.7383833,1789710678.7378488,world,s_curve,1,5.17822971502571,0.0,0.0,0.7794825580396306,1.3997738493055571e-14,-6.283185307179586,0.9526876387965183,0.6928800176611867,0.6928800176611867,1.4040161502604568e-14,0.15000000000001398,-0.149999999999986,2.4492935982947064e-16,2.4492935982947064e-16,2.4492935982947064e-16
/multi_agv/path_reference,1789710678.7484305,1789710678.74787,world,s_curve,1,5.17822971502571,0.0,0.0,0.7794825580396306,1.3997738493055571e-14,-6.283185307179586,0.9526876387965183,0.6928800176611867,0.6928800176611867,1.4040161502604568e-14,0.15000000000001398,-0.149999999999986,2.4492935982947064e-16,2.4492935982947064e-16,2.4492935982947064e-16
/multi_agv/path_reference,1789710678.7584996,1789710678.7578576,world,s_curve,1,5.17822971502571,0.0,0.0,0.7794825580396306,1.3997738493055571e-14,-6.283185307179586,0.9526876387965183,0.6928800176611867,0.6928800176611867,1.4040161502604568e-14,0.15000000000001398,-0.149999999999986,2.4492935982947064e-16,2.4492935982947064e-16,2.4492935982947064e-16
/multi_agv/path_reference,1789710678.7684388,1789710678.7678416,world,s_curve,1,5.17822971502571,0.0,0.0,0.7794825580396306,1.3997738493055571e-14,-6.283185307179586,0.9526876387965183,0.6928800176611867,0.6928800176611867,1.4040161502604568e-14,0.15000000000001398,-0.149999999999986,2.4492935982947064e-16,2.4492935982947064e-16,2.4492935982947064e-16
/multi_agv/path_reference,1789710678.7782857,1789710678.7778068,world,s_curve,1,5.17822971502571,0.0,0.0,0.7794825580396306,1.3997738493055571e-14,-6.283185307179586,0.9526876387965183,0.6928800176611867,0.6928800176611867,1.4040161502604568e-14,0.15000000000001398,-0.149999999999986,2.4492935982947064e-16,2.4492935982947064e-16,2.4492935982947064e-16
/multi_agv/path_reference,1789710678.7883897,1789710678.7879364,world,s_curve,1,5.17822971502571,0.0,0.0,0.7794825580396306,1.3997738493055571e-14,-6.283185307179586,0.9526876387965183,0.6928800176611867,0.6928800176611867,1.4040161502604568e-14,0.15000000000001398,-0.149999999999986,2.4492935982947064e-16,2.4492935982947064e-16,2.4492935982947064e-16
/multi_agv/path_reference,1789710678.7985957,1789710678.7978458,world,s_curve,1,5.17822971502571,0.0,0.0,0.7794825580396306,1.3997738493055571e-14,-6.283185307179586,0.9526876387965183,0.6928800176611867,0.6928800176611867,1.4040161502604568e-14,0.15000000000001398,-0.149999999999986,2.4492935982947064e-16,2.4492935982947064e-16,2.4492935982947064e-16
/multi_agv/path_reference,1789710678.8084412,1789710678.807901,world,s_curve,1,5.17822971502571,0.0,0.0,0.7794825580396306,1.3997738493055571e-14,-6.283185307179586,0.9526876387965183,0.6928800176611867,0.6928800176611867,1.4040161502604568e-14,0.15000000000001398,-0.149999999999986,2.4492935982947064e-16,2.4492935982947064e-16,2.4492935982947064e-16
/multi_agv/path_reference,1789710678.8183978,1789710678.8178074,world,s_curve,1,5.17822971502571,0.0,0.0,0.7794825580396306,1.3997738493055571e-14,-6.283185307179586,0.9526876387965183,0.6928800176611867,0.6928800176611867,1.4040161502604568e-14,0.15000000000001398,-0.149999999999986,2.4492935982947064e-16,2.4492935982947064e-16,2.4492935982947064e-16
/multi_agv/path_reference,1789710678.8283484,1789710678.8278077,world,s_curve,1,5.17822971502571,0.0,0.0,0.7794825580396306,1.3997738493055571e-14,-6.283185307179586,0.9526876387965183,0.6928800176611867,0.6928800176611867,1.4040161502604568e-14,0.15000000000001398,-0.149999999999986,2.4492935982947064e-16,2.4492935982947064e-16,2.4492935982947064e-16
/multi_agv/path_reference,1789710678.8384697,1789710678.8378575,world,s_curve,1,5.17822971502571,0.0,0.0,0.7794825580396306,1.3997738493055571e-14,-6.283185307179586,0.9526876387965183,0.6928800176611867,0.6928800176611867,1.4040161502604568e-14,0.15000000000001398,-0.149999999999986,2.4492935982947064e-16,2.4492935982947064e-16,2.4492935982947064e-16
/multi_agv/path_reference,1789710678.8483524,1789710678.8478541,world,s_curve,1,5.17822971502571,0.0,0.0,0.7794825580396306,1.3997738493055571e-14,-6.283185307179586,0.9526876387965183,0.6928800176611867,0.6928800176611867,1.4040161502604568e-14,0.15000000000001398,-0.149999999999986,2.4492935982947064e-16,2.4492935982947064e-16,2.4492935982947064e-16
/multi_agv/path_reference,1789710678.8583875,1789710678.857807,world,s_curve,1,5.17822971502571,0.0,0.0,0.7794825580396306,1.3997738493055571e-14,-6.283185307179586,0.9526876387965183,0.6928800176611867,0.6928800176611867,1.4040161502604568e-14,0.15000000000001398,-0.149999999999986,2.4492935982947064e-16,2.4492935982947064e-16,2.4492935982947064e-16
/multi_agv/path_reference,1789710678.8684134,1789710678.8678517,world,s_curve,1,5.17822971502571,0.0,0.0,0.7794825580396306,1.3997738493055571e-14,-6.283185307179586,0.9526876387965183,0.6928800176611867,0.6928800176611867,1.4040161502604568e-14,0.15000000000001398,-0.149999999999986,2.4492935982947064e-16,2.4492935982947064e-16,2.4492935982947064e-16
/multi_agv/path_reference,1789710678.8785012,1789710678.8778334,world,s_curve,1,5.17822971502571,0.0,0.0,0.7794825580396306,1.3997738493055571e-14,-6.283185307179586,0.9526876387965183,0.6928800176611867,0.6928800176611867,1.4040161502604568e-14,0.15000000000001398,-0.149999999999986,2.4492935982947064e-16,2.4492935982947064e-16,2.4492935982947064e-16
/multi_agv/path_reference,1789710678.888462,1789710678.8878515,world,s_curve,1,5.17822971502571,0.0,0.0,0.7794825580396306,1.3997738493055571e-14,-6.283185307179586,0.9526876387965183,0.6928800176611867,0.6928800176611867,1.4040161502604568e-14,0.15000000000001398,-0.149999999999986,2.4492935982947064e-16,2.4492935982947064e-16,2.4492935982947064e-16
/multi_agv/path_reference,1789710678.8986769,1789710678.8978055,world,s_curve,1,5.17822971502571,0.0,0.0,0.7794825580396306,1.3997738493055571e-14,-6.283185307179586,0.9526876387965183,0.6928800176611867,0.6928800176611867,1.4040161502604568e-14,0.15000000000001398,-0.149999999999986,2.4492935982947064e-16,2.4492935982947064e-16,2.4492935982947064e-16
/multi_agv/path_reference,1789710678.9084656,1789710678.9078043,world,s_curve,1,5.17822971502571,0.0,0.0,0.7794825580396306,1.3997738493055571e-14,-6.283185307179586,0.9526876387965183,0.6928800176611867,0.6928800176611867,1.4040161502604568e-14,0.15000000000001398,-0.149999999999986,2.4492935982947064e-16,2.4492935982947064e-16,2.4492935982947064e-16
/multi_agv/path_reference,1789710678.918412,1789710678.917806,world,s_curve,1,5.17822971502571,0.0,0.0,0.7794825580396306,1.3997738493055571e-14,-6.283185307179586,0.9526876387965183,0.6928800176611867,0.6928800176611867,1.4040161502604568e-14,0.15000000000001398,-0.149999999999986,2.4492935982947064e-16,2.4492935982947064e-16,2.4492935982947064e-16
/multi_agv/path_reference,1789710678.9285564,1789710678.9278102,world,s_curve,1,5.17822971502571,0.0,0.0,0.7794825580396306,1.3997738493055571e-14,-6.283185307179586,0.9526876387965183,0.6928800176611867,0.6928800176611867,1.4040161502604568e-14,0.15000000000001398,-0.149999999999986,2.4492935982947064e-16,2.4492935982947064e-16,2.4492935982947064e-16
/multi_agv/path_reference,1789710678.938492,1789710678.9378042,world,s_curve,1,5.17822971502571,0.0,0.0,0.7794825580396306,1.3997738493055571e-14,-6.283185307179586,0.9526876387965183,0.6928800176611867,0.6928800176611867,1.4040161502604568e-14,0.15000000000001398,-0.149999999999986,2.4492935982947064e-16,2.4492935982947064e-16,2.4492935982947064e-16
/multi_agv/path_reference,1789710678.9483645,1789710678.9478023,world,s_curve,1,5.17822971502571,0.0,0.0,0.7794825580396306,1.3997738493055571e-14,-6.283185307179586,0.9526876387965183,0.6928800176611867,0.6928800176611867,1.4040161502604568e-14,0.15000000000001398,-0.149999999999986,2.4492935982947064e-16,2.4492935982947064e-16,2.4492935982947064e-16
/multi_agv/path_reference,1789710678.9586349,1789710678.9578602,world,s_curve,1,5.17822971502571,0.0,0.0,0.7794825580396306,1.3997738493055571e-14,-6.283185307179586,0.9526876387965183,0.6928800176611867,0.6928800176611867,1.4040161502604568e-14,0.15000000000001398,-0.149999999999986,2.4492935982947064e-16,2.4492935982947064e-16,2.4492935982947064e-16
/multi_agv/path_reference,1789710678.9684932,1789710678.9678802,world,s_curve,1,5.17822971502571,0.0,0.0,0.7794825580396306,1.3997738493055571e-14,-6.283185307179586,0.9526876387965183,0.6928800176611867,0.6928800176611867,1.4040161502604568e-14,0.15000000000001398,-0.149999999999986,2.4492935982947064e-16,2.4492935982947064e-16,2.4492935982947064e-16
/multi_agv/path_reference,1789710678.9785008,1789710678.977873,world,s_curve,1,5.17822971502571,0.0,0.0,0.7794825580396306,1.3997738493055571e-14,-6.283185307179586,0.9526876387965183,0.6928800176611867,0.6928800176611867,1.4040161502604568e-14,0.15000000000001398,-0.149999999999986,2.4492935982947064e-16,2.4492935982947064e-16,2.4492935982947064e-16
/multi_agv/path_reference,1789710678.988469,1789710678.9878423,world,s_curve,1,5.17822971502571,0.0,0.0,0.7794825580396306,1.3997738493055571e-14,-6.283185307179586,0.9526876387965183,0.6928800176611867,0.6928800176611867,1.4040161502604568e-14,0.15000000000001398,-0.149999999999986,2.4492935982947064e-16,2.4492935982947064e-16,2.4492935982947064e-16
/multi_agv/path_reference,1789710678.9985154,1789710678.997849,world,s_curve,1,5.17822971502571,0.0,0.0,0.7794825580396306,1.3997738493055571e-14,-6.283185307179586,0.9526876387965183,0.6928800176611867,0.6928800176611867,1.4040161502604568e-14,0.15000000000001398,-0.149999999999986,2.4492935982947064e-16,2.4492935982947064e-16,2.4492935982947064e-16
/multi_agv/path_reference,1789710679.0088484,1789710679.0078545,world,s_curve,1,5.17822971502571,0.0,0.0,0.7794825580396306,1.3997738493055571e-14,-6.283185307179586,0.9526876387965183,0.6928800176611867,0.6928800176611867,1.4040161502604568e-14,0.15000000000001398,-0.149999999999986,2.4492935982947064e-16,2.4492935982947064e-16,2.4492935982947064e-16
/multi_agv/path_reference,1789710679.0187104,1789710679.0178428,world,s_curve,1,5.17822971502571,0.0,0.0,0.7794825580396306,1.3997738493055571e-14,-6.283185307179586,0.9526876387965183,0.6928800176611867,0.6928800176611867,1.4040161502604568e-14,0.15000000000001398,-0.149999999999986,2.4492935982947064e-16,2.4492935982947064e-16,2.4492935982947064e-16
/multi_agv/path_reference,1789710679.0287757,1789710679.0278273,world,s_curve,1,5.17822971502571,0.0,0.0,0.7794825580396306,1.3997738493055571e-14,-6.283185307179586,0.9526876387965183,0.6928800176611867,0.6928800176611867,1.4040161502604568e-14,0.15000000000001398,-0.149999999999986,2.4492935982947064e-16,2.4492935982947064e-16,2.4492935982947064e-16
/multi_agv/path_reference,1789710679.0385354,1789710679.0378568,world,s_curve,1,5.17822971502571,0.0,0.0,0.7794825580396306,1.3997738493055571e-14,-6.283185307179586,0.9526876387965183,0.6928800176611867,0.6928800176611867,1.4040161502604568e-14,0.15000000000001398,-0.149999999999986,2.4492935982947064e-16,2.4492935982947064e-16,2.4492935982947064e-16
/multi_agv/path_reference,1789710679.0486453,1789710679.0478785,world,s_curve,1,5.17822971502571,0.0,0.0,0.7794825580396306,1.3997738493055571e-14,-6.283185307179586,0.9526876387965183,0.6928800176611867,0.6928800176611867,1.4040161502604568e-14,0.15000000000001398,-0.149999999999986,2.4492935982947064e-16,2.4492935982947064e-16,2.4492935982947064e-16
/multi_agv/path_reference,1789710679.0584116,1789710679.0578523,world,s_curve,1,5.17822971502571,0.0,0.0,0.7794825580396306,1.3997738493055571e-14,-6.283185307179586,0.9526876387965183,0.6928800176611867,0.6928800176611867,1.4040161502604568e-14,0.15000000000001398,-0.149999999999986,2.4492935982947064e-16,2.4492935982947064e-16,2.4492935982947064e-16
/multi_agv/path_reference,1789710679.0682964,1789710679.0678196,world,s_curve,1,5.17822971502571,0.0,0.0,0.7794825580396306,1.3997738493055571e-14,-6.283185307179586,0.9526876387965183,0.6928800176611867,0.6928800176611867,1.4040161502604568e-14,0.15000000000001398,-0.149999999999986,2.4492935982947064e-16,2.4492935982947064e-16,2.4492935982947064e-16
/multi_agv/path_reference,1789710679.0784383,1789710679.0778606,world,s_curve,1,5.17822971502571,0.0,0.0,0.7794825580396306,1.3997738493055571e-14,-6.283185307179586,0.9526876387965183,0.6928800176611867,0.6928800176611867,1.4040161502604568e-14,0.15000000000001398,-0.149999999999986,2.4492935982947064e-16,2.4492935982947064e-16,2.4492935982947064e-16
/multi_agv/path_reference,1789710679.0884125,1789710679.0878325,world,s_curve,1,5.17822971502571,0.0,0.0,0.7794825580396306,1.3997738493055571e-14,-6.283185307179586,0.9526876387965183,0.6928800176611867,0.6928800176611867,1.4040161502604568e-14,0.15000000000001398,-0.149999999999986,2.4492935982947064e-16,2.4492935982947064e-16,2.4492935982947064e-16
/multi_agv/path_reference,1789710679.0983357,1789710679.0978613,world,s_curve,1,5.17822971502571,0.0,0.0,0.7794825580396306,1.3997738493055571e-14,-6.283185307179586,0.9526876387965183,0.6928800176611867,0.6928800176611867,1.4040161502604568e-14,0.15000000000001398,-0.149999999999986,2.4492935982947064e-16,2.4492935982947064e-16,2.4492935982947064e-16
/multi_agv/path_reference,1789710679.108297,1789710679.107861,world,s_curve,1,5.17822971502571,0.0,0.0,0.7794825580396306,1.3997738493055571e-14,-6.283185307179586,0.9526876387965183,0.6928800176611867,0.6928800176611867,1.4040161502604568e-14,0.15000000000001398,-0.149999999999986,2.4492935982947064e-16,2.4492935982947064e-16,2.4492935982947064e-16
/multi_agv/path_reference,1789710679.1183183,1789710679.117821,world,s_curve,1,5.17822971502571,0.0,0.0,0.7794825580396306,1.3997738493055571e-14,-6.283185307179586,0.9526876387965183,0.6928800176611867,0.6928800176611867,1.4040161502604568e-14,0.15000000000001398,-0.149999999999986,2.4492935982947064e-16,2.4492935982947064e-16,2.4492935982947064e-16
/multi_agv/path_reference,1789710679.1282966,1789710679.1278522,world,s_curve,1,5.17822971502571,0.0,0.0,0.7794825580396306,1.3997738493055571e-14,-6.283185307179586,0.9526876387965183,0.6928800176611867,0.6928800176611867,1.4040161502604568e-14,0.15000000000001398,-0.149999999999986,2.4492935982947064e-16,2.4492935982947064e-16,2.4492935982947064e-16
/multi_agv/path_reference,1789710679.1384513,1789710679.137908,world,s_curve,1,5.17822971502571,0.0,0.0,0.7794825580396306,1.3997738493055571e-14,-6.283185307179586,0.9526876387965183,0.6928800176611867,0.6928800176611867,1.4040161502604568e-14,0.15000000000001398,-0.149999999999986,2.4492935982947064e-16,2.4492935982947064e-16,2.4492935982947064e-16
/multi_agv/path_reference,1789710679.1484323,1789710679.1478248,world,s_curve,1,5.17822971502571,0.0,0.0,0.7794825580396306,1.3997738493055571e-14,-6.283185307179586,0.9526876387965183,0.6928800176611867,0.6928800176611867,1.4040161502604568e-14,0.15000000000001398,-0.149999999999986,2.4492935982947064e-16,2.4492935982947064e-16,2.4492935982947064e-16
/multi_agv/path_reference,1789710679.1588194,1789710679.1579118,world,s_curve,1,5.17822971502571,0.0,0.0,0.7794825580396306,1.3997738493055571e-14,-6.283185307179586,0.9526876387965183,0.6928800176611867,0.6928800176611867,1.4040161502604568e-14,0.15000000000001398,-0.149999999999986,2.4492935982947064e-16,2.4492935982947064e-16,2.4492935982947064e-16
/multi_agv/path_reference,1789710679.1684945,1789710679.167834,world,s_curve,1,5.17822971502571,0.0,0.0,0.7794825580396306,1.3997738493055571e-14,-6.283185307179586,0.9526876387965183,0.6928800176611867,0.6928800176611867,1.4040161502604568e-14,0.15000000000001398,-0.149999999999986,2.4492935982947064e-16,2.4492935982947064e-16,2.4492935982947064e-16
/multi_agv/path_reference,1789710679.1784713,1789710679.1778681,world,s_curve,1,5.17822971502571,0.0,0.0,0.7794825580396306,1.3997738493055571e-14,-6.283185307179586,0.9526876387965183,0.6928800176611867,0.6928800176611867,1.4040161502604568e-14,0.15000000000001398,-0.149999999999986,2.4492935982947064e-16,2.4492935982947064e-16,2.4492935982947064e-16
/multi_agv/path_reference,1789710679.1887944,1789710679.1878505,world,s_curve,1,5.17822971502571,0.0,0.0,0.7794825580396306,1.3997738493055571e-14,-6.283185307179586,0.9526876387965183,0.6928800176611867,0.6928800176611867,1.4040161502604568e-14,0.15000000000001398,-0.149999999999986,2.4492935982947064e-16,2.4492935982947064e-16,2.4492935982947064e-16
/multi_agv/path_reference,1789710679.1986213,1789710679.1978562,world,s_curve,1,5.17822971502571,0.0,0.0,0.7794825580396306,1.3997738493055571e-14,-6.283185307179586,0.9526876387965183,0.6928800176611867,0.6928800176611867,1.4040161502604568e-14,0.15000000000001398,-0.149999999999986,2.4492935982947064e-16,2.4492935982947064e-16,2.4492935982947064e-16
/multi_agv/path_reference,1789710679.2083886,1789710679.2079382,world,s_curve,1,5.17822971502571,0.0,0.0,0.7794825580396306,1.3997738493055571e-14,-6.283185307179586,0.9526876387965183,0.6928800176611867,0.6928800176611867,1.4040161502604568e-14,0.15000000000001398,-0.149999999999986,2.4492935982947064e-16,2.4492935982947064e-16,2.4492935982947064e-16
/multi_agv/path_reference,1789710679.2183447,1789710679.2179215,world,s_curve,1,5.17822971502571,0.0,0.0,0.7794825580396306,1.3997738493055571e-14,-6.283185307179586,0.9526876387965183,0.6928800176611867,0.6928800176611867,1.4040161502604568e-14,0.15000000000001398,-0.149999999999986,2.4492935982947064e-16,2.4492935982947064e-16,2.4492935982947064e-16
/multi_agv/path_reference,1789710679.22844,1789710679.2278795,world,s_curve,1,5.17822971502571,0.0,0.0,0.7794825580396306,1.3997738493055571e-14,-6.283185307179586,0.9526876387965183,0.6928800176611867,0.6928800176611867,1.4040161502604568e-14,0.15000000000001398,-0.149999999999986,2.4492935982947064e-16,2.4492935982947064e-16,2.4492935982947064e-16
/multi_agv/path_reference,1789710679.238404,1789710679.237889,world,s_curve,1,5.17822971502571,0.0,0.0,0.7794825580396306,1.3997738493055571e-14,-6.283185307179586,0.9526876387965183,0.6928800176611867,0.6928800176611867,1.4040161502604568e-14,0.15000000000001398,-0.149999999999986,2.4492935982947064e-16,2.4492935982947064e-16,2.4492935982947064e-16
/multi_agv/path_reference,1789710679.248678,1789710679.2478766,world,s_curve,1,5.17822971502571,0.0,0.0,0.7794825580396306,1.3997738493055571e-14,-6.283185307179586,0.9526876387965183,0.6928800176611867,0.6928800176611867,1.4040161502604568e-14,0.15000000000001398,-0.149999999999986,2.4492935982947064e-16,2.4492935982947064e-16,2.4492935982947064e-16
/multi_agv/path_reference,1789710679.2587147,1789710679.257861,world,s_curve,1,5.17822971502571,0.0,0.0,0.7794825580396306,1.3997738493055571e-14,-6.283185307179586,0.9526876387965183,0.6928800176611867,0.6928800176611867,1.4040161502604568e-14,0.15000000000001398,-0.149999999999986,2.4492935982947064e-16,2.4492935982947064e-16,2.4492935982947064e-16
/multi_agv/path_reference,1789710679.2685306,1789710679.2678292,world,s_curve,1,5.17822971502571,0.0,0.0,0.7794825580396306,1.3997738493055571e-14,-6.283185307179586,0.9526876387965183,0.6928800176611867,0.6928800176611867,1.4040161502604568e-14,0.15000000000001398,-0.149999999999986,2.4492935982947064e-16,2.4492935982947064e-16,2.4492935982947064e-16
/multi_agv/path_reference,1789710679.2783785,1789710679.2778528,world,s_curve,1,5.17822971502571,0.0,0.0,0.7794825580396306,1.3997738493055571e-14,-6.283185307179586,0.9526876387965183,0.6928800176611867,0.6928800176611867,1.4040161502604568e-14,0.15000000000001398,-0.149999999999986,2.4492935982947064e-16,2.4492935982947064e-16,2.4492935982947064e-16
/multi_agv/path_reference,1789710679.2884014,1789710679.2878644,world,s_curve,1,5.17822971502571,0.0,0.0,0.7794825580396306,1.3997738493055571e-14,-6.283185307179586,0.9526876387965183,0.6928800176611867,0.6928800176611867,1.4040161502604568e-14,0.15000000000001398,-0.149999999999986,2.4492935982947064e-16,2.4492935982947064e-16,2.4492935982947064e-16
/multi_agv/path_reference,1789710679.2983334,1789710679.2978506,world,s_curve,1,5.17822971502571,0.0,0.0,0.7794825580396306,1.3997738493055571e-14,-6.283185307179586,0.9526876387965183,0.6928800176611867,0.6928800176611867,1.4040161502604568e-14,0.15000000000001398,-0.149999999999986,2.4492935982947064e-16,2.4492935982947064e-16,2.4492935982947064e-16
/multi_agv/path_reference,1789710679.3082616,1789710679.3078012,world,s_curve,1,5.17822971502571,0.0,0.0,0.7794825580396306,1.3997738493055571e-14,-6.283185307179586,0.9526876387965183,0.6928800176611867,0.6928800176611867,1.4040161502604568e-14,0.15000000000001398,-0.149999999999986,2.4492935982947064e-16,2.4492935982947064e-16,2.4492935982947064e-16
/multi_agv/path_reference,1789710679.3183405,1789710679.3178527,world,s_curve,1,5.17822971502571,0.0,0.0,0.7794825580396306,1.3997738493055571e-14,-6.283185307179586,0.9526876387965183,0.6928800176611867,0.6928800176611867,1.4040161502604568e-14,0.15000000000001398,-0.149999999999986,2.4492935982947064e-16,2.4492935982947064e-16,2.4492935982947064e-16
/multi_agv/path_reference,1789710679.3283021,1789710679.32785,world,s_curve,1,5.17822971502571,0.0,0.0,0.7794825580396306,1.3997738493055571e-14,-6.283185307179586,0.9526876387965183,0.6928800176611867,0.6928800176611867,1.4040161502604568e-14,0.15000000000001398,-0.149999999999986,2.4492935982947064e-16,2.4492935982947064e-16,2.4492935982947064e-16
/multi_agv/path_reference,1789710679.3382936,1789710679.3378344,world,s_curve,1,5.17822971502571,0.0,0.0,0.7794825580396306,1.3997738493055571e-14,-6.283185307179586,0.9526876387965183,0.6928800176611867,0.6928800176611867,1.4040161502604568e-14,0.15000000000001398,-0.149999999999986,2.4492935982947064e-16,2.4492935982947064e-16,2.4492935982947064e-16
/multi_agv/path_reference,1789710679.348291,1789710679.3478522,world,s_curve,1,5.17822971502571,0.0,0.0,0.7794825580396306,1.3997738493055571e-14,-6.283185307179586,0.9526876387965183,0.6928800176611867,0.6928800176611867,1.4040161502604568e-14,0.15000000000001398,-0.149999999999986,2.4492935982947064e-16,2.4492935982947064e-16,2.4492935982947064e-16
/multi_agv/path_reference,1789710679.35824,1789710679.3578327,world,s_curve,1,5.17822971502571,0.0,0.0,0.7794825580396306,1.3997738493055571e-14,-6.283185307179586,0.9526876387965183,0.6928800176611867,0.6928800176611867,1.4040161502604568e-14,0.15000000000001398,-0.149999999999986,2.4492935982947064e-16,2.4492935982947064e-16,2.4492935982947064e-16
/multi_agv/path_reference,1789710679.3683772,1789710679.3678544,world,s_curve,1,5.17822971502571,0.0,0.0,0.7794825580396306,1.3997738493055571e-14,-6.283185307179586,0.9526876387965183,0.6928800176611867,0.6928800176611867,1.4040161502604568e-14,0.15000000000001398,-0.149999999999986,2.4492935982947064e-16,2.4492935982947064e-16,2.4492935982947064e-16
/multi_agv/path_reference,1789710679.3782687,1789710679.3778548,world,s_curve,1,5.17822971502571,0.0,0.0,0.7794825580396306,1.3997738493055571e-14,-6.283185307179586,0.9526876387965183,0.6928800176611867,0.6928800176611867,1.4040161502604568e-14,0.15000000000001398,-0.149999999999986,2.4492935982947064e-16,2.4492935982947064e-16,2.4492935982947064e-16
/multi_agv/path_reference,1789710679.3882813,1789710679.3878534,world,s_curve,1,5.17822971502571,0.0,0.0,0.7794825580396306,1.3997738493055571e-14,-6.283185307179586,0.9526876387965183,0.6928800176611867,0.6928800176611867,1.4040161502604568e-14,0.15000000000001398,-0.149999999999986,2.4492935982947064e-16,2.4492935982947064e-16,2.4492935982947064e-16
/multi_agv/path_reference,1789710679.3983386,1789710679.397833,world,s_curve,1,5.17822971502571,0.0,0.0,0.7794825580396306,1.3997738493055571e-14,-6.283185307179586,0.9526876387965183,0.6928800176611867,0.6928800176611867,1.4040161502604568e-14,0.15000000000001398,-0.149999999999986,2.4492935982947064e-16,2.4492935982947064e-16,2.4492935982947064e-16
/multi_agv/path_reference,1789710679.4083436,1789710679.407831,world,s_curve,1,5.17822971502571,0.0,0.0,0.7794825580396306,1.3997738493055571e-14,-6.283185307179586,0.9526876387965183,0.6928800176611867,0.6928800176611867,1.4040161502604568e-14,0.15000000000001398,-0.149999999999986,2.4492935982947064e-16,2.4492935982947064e-16,2.4492935982947064e-16
/multi_agv/path_reference,1789710679.418282,1789710679.4178438,world,s_curve,1,5.17822971502571,0.0,0.0,0.7794825580396306,1.3997738493055571e-14,-6.283185307179586,0.9526876387965183,0.6928800176611867,0.6928800176611867,1.4040161502604568e-14,0.15000000000001398,-0.149999999999986,2.4492935982947064e-16,2.4492935982947064e-16,2.4492935982947064e-16
/multi_agv/path_reference,1789710679.428709,1789710679.4279916,world,s_curve,1,5.17822971502571,0.0,0.0,0.7794825580396306,1.3997738493055571e-14,-6.283185307179586,0.9526876387965183,0.6928800176611867,0.6928800176611867,1.4040161502604568e-14,0.15000000000001398,-0.149999999999986,2.4492935982947064e-16,2.4492935982947064e-16,2.4492935982947064e-16
/multi_agv/path_reference,1789710679.4383702,1789710679.4378629,world,s_curve,1,5.17822971502571,0.0,0.0,0.7794825580396306,1.3997738493055571e-14,-6.283185307179586,0.9526876387965183,0.6928800176611867,0.6928800176611867,1.4040161502604568e-14,0.15000000000001398,-0.149999999999986,2.4492935982947064e-16,2.4492935982947064e-16,2.4492935982947064e-16
/multi_agv/path_reference,1789710679.448453,1789710679.4478705,world,s_curve,1,5.17822971502571,0.0,0.0,0.7794825580396306,1.3997738493055571e-14,-6.283185307179586,0.9526876387965183,0.6928800176611867,0.6928800176611867,1.4040161502604568e-14,0.15000000000001398,-0.149999999999986,2.4492935982947064e-16,2.4492935982947064e-16,2.4492935982947064e-16
/multi_agv/path_reference,1789710679.4587228,1789710679.4578426,world,s_curve,1,5.17822971502571,0.0,0.0,0.7794825580396306,1.3997738493055571e-14,-6.283185307179586,0.9526876387965183,0.6928800176611867,0.6928800176611867,1.4040161502604568e-14,0.15000000000001398,-0.149999999999986,2.4492935982947064e-16,2.4492935982947064e-16,2.4492935982947064e-16
/multi_agv/path_reference,1789710679.4685724,1789710679.467876,world,s_curve,1,5.17822971502571,0.0,0.0,0.7794825580396306,1.3997738493055571e-14,-6.283185307179586,0.9526876387965183,0.6928800176611867,0.6928800176611867,1.4040161502604568e-14,0.15000000000001398,-0.149999999999986,2.4492935982947064e-16,2.4492935982947064e-16,2.4492935982947064e-16
/multi_agv/path_reference,1789710679.4783652,1789710679.4778523,world,s_curve,1,5.17822971502571,0.0,0.0,0.7794825580396306,1.3997738493055571e-14,-6.283185307179586,0.9526876387965183,0.6928800176611867,0.6928800176611867,1.4040161502604568e-14,0.15000000000001398,-0.149999999999986,2.4492935982947064e-16,2.4492935982947064e-16,2.4492935982947064e-16
/multi_agv/path_reference,1789710679.4883137,1789710679.4878595,world,s_curve,1,5.17822971502571,0.0,0.0,0.7794825580396306,1.3997738493055571e-14,-6.283185307179586,0.9526876387965183,0.6928800176611867,0.6928800176611867,1.4040161502604568e-14,0.15000000000001398,-0.149999999999986,2.4492935982947064e-16,2.4492935982947064e-16,2.4492935982947064e-16
/multi_agv/path_reference,1789710679.4984803,1789710679.4978678,world,s_curve,1,5.17822971502571,0.0,0.0,0.7794825580396306,1.3997738493055571e-14,-6.283185307179586,0.9526876387965183,0.6928800176611867,0.6928800176611867,1.4040161502604568e-14,0.15000000000001398,-0.149999999999986,2.4492935982947064e-16,2.4492935982947064e-16,2.4492935982947064e-16
/multi_agv/path_reference,1789710679.50848,1789710679.5079257,world,s_curve,1,5.17822971502571,0.0,0.0,0.7794825580396306,1.3997738493055571e-14,-6.283185307179586,0.9526876387965183,0.6928800176611867,0.6928800176611867,1.4040161502604568e-14,0.15000000000001398,-0.149999999999986,2.4492935982947064e-16,2.4492935982947064e-16,2.4492935982947064e-16
/multi_agv/path_reference,1789710679.5184762,1789710679.5179315,world,s_curve,1,5.17822971502571,0.0,0.0,0.7794825580396306,1.3997738493055571e-14,-6.283185307179586,0.9526876387965183,0.6928800176611867,0.6928800176611867,1.4040161502604568e-14,0.15000000000001398,-0.149999999999986,2.4492935982947064e-16,2.4492935982947064e-16,2.4492935982947064e-16
/multi_agv/path_reference,1789710679.5285347,1789710679.5279393,world,s_curve,1,5.17822971502571,0.0,0.0,0.7794825580396306,1.3997738493055571e-14,-6.283185307179586,0.9526876387965183,0.6928800176611867,0.6928800176611867,1.4040161502604568e-14,0.15000000000001398,-0.149999999999986,2.4492935982947064e-16,2.4492935982947064e-16,2.4492935982947064e-16
/multi_agv/path_reference,1789710679.538327,1789710679.5378535,world,s_curve,1,5.17822971502571,0.0,0.0,0.7794825580396306,1.3997738493055571e-14,-6.283185307179586,0.9526876387965183,0.6928800176611867,0.6928800176611867,1.4040161502604568e-14,0.15000000000001398,-0.149999999999986,2.4492935982947064e-16,2.4492935982947064e-16,2.4492935982947064e-16
/multi_agv/path_reference,1789710679.5486197,1789710679.5479681,world,s_curve,1,5.17822971502571,0.0,0.0,0.7794825580396306,1.3997738493055571e-14,-6.283185307179586,0.9526876387965183,0.6928800176611867,0.6928800176611867,1.4040161502604568e-14,0.15000000000001398,-0.149999999999986,2.4492935982947064e-16,2.4492935982947064e-16,2.4492935982947064e-16
/multi_agv/path_reference,1789710679.5583644,1789710679.557847,world,s_curve,1,5.17822971502571,0.0,0.0,0.7794825580396306,1.3997738493055571e-14,-6.283185307179586,0.9526876387965183,0.6928800176611867,0.6928800176611867,1.4040161502604568e-14,0.15000000000001398,-0.149999999999986,2.4492935982947064e-16,2.4492935982947064e-16,2.4492935982947064e-16
/multi_agv/path_reference,1789710679.5684087,1789710679.567879,world,s_curve,1,5.17822971502571,0.0,0.0,0.7794825580396306,1.3997738493055571e-14,-6.283185307179586,0.9526876387965183,0.6928800176611867,0.6928800176611867,1.4040161502604568e-14,0.15000000000001398,-0.149999999999986,2.4492935982947064e-16,2.4492935982947064e-16,2.4492935982947064e-16
/multi_agv/path_reference,1789710679.578362,1789710679.577878,world,s_curve,1,5.17822971502571,0.0,0.0,0.7794825580396306,1.3997738493055571e-14,-6.283185307179586,0.9526876387965183,0.6928800176611867,0.6928800176611867,1.4040161502604568e-14,0.15000000000001398,-0.149999999999986,2.4492935982947064e-16,2.4492935982947064e-16,2.4492935982947064e-16
/multi_agv/path_reference,1789710679.5884082,1789710679.5878732,world,s_curve,1,5.17822971502571,0.0,0.0,0.7794825580396306,1.3997738493055571e-14,-6.283185307179586,0.9526876387965183,0.6928800176611867,0.6928800176611867,1.4040161502604568e-14,0.15000000000001398,-0.149999999999986,2.4492935982947064e-16,2.4492935982947064e-16,2.4492935982947064e-16
/multi_agv/path_reference,1789710679.5985265,1789710679.5979667,world,s_curve,1,5.17822971502571,0.0,0.0,0.7794825580396306,1.3997738493055571e-14,-6.283185307179586,0.9526876387965183,0.6928800176611867,0.6928800176611867,1.4040161502604568e-14,0.15000000000001398,-0.149999999999986,2.4492935982947064e-16,2.4492935982947064e-16,2.4492935982947064e-16
/multi_agv/path_reference,1789710679.6083674,1789710679.6078274,world,s_curve,1,5.17822971502571,0.0,0.0,0.7794825580396306,1.3997738493055571e-14,-6.283185307179586,0.9526876387965183,0.6928800176611867,0.6928800176611867,1.4040161502604568e-14,0.15000000000001398,-0.149999999999986,2.4492935982947064e-16,2.4492935982947064e-16,2.4492935982947064e-16
/multi_agv/path_reference,1789710679.6182969,1789710679.6178553,world,s_curve,1,5.17822971502571,0.0,0.0,0.7794825580396306,1.3997738493055571e-14,-6.283185307179586,0.9526876387965183,0.6928800176611867,0.6928800176611867,1.4040161502604568e-14,0.15000000000001398,-0.149999999999986,2.4492935982947064e-16,2.4492935982947064e-16,2.4492935982947064e-16
/multi_agv/path_reference,1789710679.6284823,1789710679.627928,world,s_curve,1,5.17822971502571,0.0,0.0,0.7794825580396306,1.3997738493055571e-14,-6.283185307179586,0.9526876387965183,0.6928800176611867,0.6928800176611867,1.4040161502604568e-14,0.15000000000001398,-0.149999999999986,2.4492935982947064e-16,2.4492935982947064e-16,2.4492935982947064e-16
/multi_agv/path_reference,1789710679.6383913,1789710679.6378796,world,s_curve,1,5.17822971502571,0.0,0.0,0.7794825580396306,1.3997738493055571e-14,-6.283185307179586,0.9526876387965183,0.6928800176611867,0.6928800176611867,1.4040161502604568e-14,0.15000000000001398,-0.149999999999986,2.4492935982947064e-16,2.4492935982947064e-16,2.4492935982947064e-16
/multi_agv/path_reference,1789710679.6483426,1789710679.6478736,world,s_curve,1,5.17822971502571,0.0,0.0,0.7794825580396306,1.3997738493055571e-14,-6.283185307179586,0.9526876387965183,0.6928800176611867,0.6928800176611867,1.4040161502604568e-14,0.15000000000001398,-0.149999999999986,2.4492935982947064e-16,2.4492935982947064e-16,2.4492935982947064e-16
/multi_agv/path_reference,1789710679.6583543,1789710679.6578636,world,s_curve,1,5.17822971502571,0.0,0.0,0.7794825580396306,1.3997738493055571e-14,-6.283185307179586,0.9526876387965183,0.6928800176611867,0.6928800176611867,1.4040161502604568e-14,0.15000000000001398,-0.149999999999986,2.4492935982947064e-16,2.4492935982947064e-16,2.4492935982947064e-16
/multi_agv/path_reference,1789710679.6683464,1789710679.6678348,world,s_curve,1,5.17822971502571,0.0,0.0,0.7794825580396306,1.3997738493055571e-14,-6.283185307179586,0.9526876387965183,0.6928800176611867,0.6928800176611867,1.4040161502604568e-14,0.15000000000001398,-0.149999999999986,2.4492935982947064e-16,2.4492935982947064e-16,2.4492935982947064e-16
/multi_agv/path_reference,1789710679.6783404,1789710679.6778312,world,s_curve,1,5.17822971502571,0.0,0.0,0.7794825580396306,1.3997738493055571e-14,-6.283185307179586,0.9526876387965183,0.6928800176611867,0.6928800176611867,1.4040161502604568e-14,0.15000000000001398,-0.149999999999986,2.4492935982947064e-16,2.4492935982947064e-16,2.4492935982947064e-16
/multi_agv/path_reference,1789710679.6883297,1789710679.6878328,world,s_curve,1,5.17822971502571,0.0,0.0,0.7794825580396306,1.3997738493055571e-14,-6.283185307179586,0.9526876387965183,0.6928800176611867,0.6928800176611867,1.4040161502604568e-14,0.15000000000001398,-0.149999999999986,2.4492935982947064e-16,2.4492935982947064e-16,2.4492935982947064e-16
/multi_agv/path_reference,1789710679.6983762,1789710679.697836,world,s_curve,1,5.17822971502571,0.0,0.0,0.7794825580396306,1.3997738493055571e-14,-6.283185307179586,0.9526876387965183,0.6928800176611867,0.6928800176611867,1.4040161502604568e-14,0.15000000000001398,-0.149999999999986,2.4492935982947064e-16,2.4492935982947064e-16,2.4492935982947064e-16
/multi_agv/path_reference,1789710679.7084827,1789710679.7078047,world,s_curve,1,5.17822971502571,0.0,0.0,0.7794825580396306,1.3997738493055571e-14,-6.283185307179586,0.9526876387965183,0.6928800176611867,0.6928800176611867,1.4040161502604568e-14,0.15000000000001398,-0.149999999999986,2.4492935982947064e-16,2.4492935982947064e-16,2.4492935982947064e-16
/multi_agv/path_reference,1789710679.7183418,1789710679.7178347,world,s_curve,1,5.17822971502571,0.0,0.0,0.7794825580396306,1.3997738493055571e-14,-6.283185307179586,0.9526876387965183,0.6928800176611867,0.6928800176611867,1.4040161502604568e-14,0.15000000000001398,-0.149999999999986,2.4492935982947064e-16,2.4492935982947064e-16,2.4492935982947064e-16
/multi_agv/path_reference,1789710679.7283442,1789710679.727837,world,s_curve,1,5.17822971502571,0.0,0.0,0.7794825580396306,1.3997738493055571e-14,-6.283185307179586,0.9526876387965183,0.6928800176611867,0.6928800176611867,1.4040161502604568e-14,0.15000000000001398,-0.149999999999986,2.4492935982947064e-16,2.4492935982947064e-16,2.4492935982947064e-16
/multi_agv/path_reference,1789710679.7383258,1789710679.7378364,world,s_curve,1,5.17822971502571,0.0,0.0,0.7794825580396306,1.3997738493055571e-14,-6.283185307179586,0.9526876387965183,0.6928800176611867,0.6928800176611867,1.4040161502604568e-14,0.15000000000001398,-0.149999999999986,2.4492935982947064e-16,2.4492935982947064e-16,2.4492935982947064e-16
/multi_agv/path_reference,1789710679.7483728,1789710679.7478356,world,s_curve,1,5.17822971502571,0.0,0.0,0.7794825580396306,1.3997738493055571e-14,-6.283185307179586,0.9526876387965183,0.6928800176611867,0.6928800176611867,1.4040161502604568e-14,0.15000000000001398,-0.149999999999986,2.4492935982947064e-16,2.4492935982947064e-16,2.4492935982947064e-16
/multi_agv/path_reference,1789710679.758297,1789710679.7578022,world,s_curve,1,5.17822971502571,0.0,0.0,0.7794825580396306,1.3997738493055571e-14,-6.283185307179586,0.9526876387965183,0.6928800176611867,0.6928800176611867,1.4040161502604568e-14,0.15000000000001398,-0.149999999999986,2.4492935982947064e-16,2.4492935982947064e-16,2.4492935982947064e-16
/multi_agv/path_reference,1789710679.768328,1789710679.7678344,world,s_curve,1,5.17822971502571,0.0,0.0,0.7794825580396306,1.3997738493055571e-14,-6.283185307179586,0.9526876387965183,0.6928800176611867,0.6928800176611867,1.4040161502604568e-14,0.15000000000001398,-0.149999999999986,2.4492935982947064e-16,2.4492935982947064e-16,2.4492935982947064e-16
/multi_agv/path_reference,1789710679.7782776,1789710679.7778416,world,s_curve,1,5.17822971502571,0.0,0.0,0.7794825580396306,1.3997738493055571e-14,-6.283185307179586,0.9526876387965183,0.6928800176611867,0.6928800176611867,1.4040161502604568e-14,0.15000000000001398,-0.149999999999986,2.4492935982947064e-16,2.4492935982947064e-16,2.4492935982947064e-16
/multi_agv/path_reference,1789710679.7883053,1789710679.7878327,world,s_curve,1,5.17822971502571,0.0,0.0,0.7794825580396306,1.3997738493055571e-14,-6.283185307179586,0.9526876387965183,0.6928800176611867,0.6928800176611867,1.4040161502604568e-14,0.15000000000001398,-0.149999999999986,2.4492935982947064e-16,2.4492935982947064e-16,2.4492935982947064e-16
/multi_agv/path_reference,1789710679.7983468,1789710679.7978368,world,s_curve,1,5.17822971502571,0.0,0.0,0.7794825580396306,1.3997738493055571e-14,-6.283185307179586,0.9526876387965183,0.6928800176611867,0.6928800176611867,1.4040161502604568e-14,0.15000000000001398,-0.149999999999986,2.4492935982947064e-16,2.4492935982947064e-16,2.4492935982947064e-16
/multi_agv/path_reference,1789710679.8083181,1789710679.8078024,world,s_curve,1,5.17822971502571,0.0,0.0,0.7794825580396306,1.3997738493055571e-14,-6.283185307179586,0.9526876387965183,0.6928800176611867,0.6928800176611867,1.4040161502604568e-14,0.15000000000001398,-0.149999999999986,2.4492935982947064e-16,2.4492935982947064e-16,2.4492935982947064e-16
/multi_agv/path_reference,1789710679.8183496,1789710679.8178205,world,s_curve,1,5.17822971502571,0.0,0.0,0.7794825580396306,1.3997738493055571e-14,-6.283185307179586,0.9526876387965183,0.6928800176611867,0.6928800176611867,1.4040161502604568e-14,0.15000000000001398,-0.149999999999986,2.4492935982947064e-16,2.4492935982947064e-16,2.4492935982947064e-16
/multi_agv/path_reference,1789710679.8283305,1789710679.8278217,world,s_curve,1,5.17822971502571,0.0,0.0,0.7794825580396306,1.3997738493055571e-14,-6.283185307179586,0.9526876387965183,0.6928800176611867,0.6928800176611867,1.4040161502604568e-14,0.15000000000001398,-0.149999999999986,2.4492935982947064e-16,2.4492935982947064e-16,2.4492935982947064e-16
/multi_agv/path_reference,1789710679.8384387,1789710679.8378341,world,s_curve,1,5.17822971502571,0.0,0.0,0.7794825580396306,1.3997738493055571e-14,-6.283185307179586,0.9526876387965183,0.6928800176611867,0.6928800176611867,1.4040161502604568e-14,0.15000000000001398,-0.149999999999986,2.4492935982947064e-16,2.4492935982947064e-16,2.4492935982947064e-16
/multi_agv/path_reference,1789710679.8484724,1789710679.8478954,world,s_curve,1,5.17822971502571,0.0,0.0,0.7794825580396306,1.3997738493055571e-14,-6.283185307179586,0.9526876387965183,0.6928800176611867,0.6928800176611867,1.4040161502604568e-14,0.15000000000001398,-0.149999999999986,2.4492935982947064e-16,2.4492935982947064e-16,2.4492935982947064e-16
/multi_agv/path_reference,1789710679.8582423,1789710679.8578327,world,s_curve,1,5.17822971502571,0.0,0.0,0.7794825580396306,1.3997738493055571e-14,-6.283185307179586,0.9526876387965183,0.6928800176611867,0.6928800176611867,1.4040161502604568e-14,0.15000000000001398,-0.149999999999986,2.4492935982947064e-16,2.4492935982947064e-16,2.4492935982947064e-16
/multi_agv/path_reference,1789710679.8684921,1789710679.8678443,world,s_curve,1,5.17822971502571,0.0,0.0,0.7794825580396306,1.3997738493055571e-14,-6.283185307179586,0.9526876387965183,0.6928800176611867,0.6928800176611867,1.4040161502604568e-14,0.15000000000001398,-0.149999999999986,2.4492935982947064e-16,2.4492935982947064e-16,2.4492935982947064e-16
/multi_agv/path_reference,1789710679.8785927,1789710679.877854,world,s_curve,1,5.17822971502571,0.0,0.0,0.7794825580396306,1.3997738493055571e-14,-6.283185307179586,0.9526876387965183,0.6928800176611867,0.6928800176611867,1.4040161502604568e-14,0.15000000000001398,-0.149999999999986,2.4492935982947064e-16,2.4492935982947064e-16,2.4492935982947064e-16
/multi_agv/path_reference,1789710679.8889875,1789710679.8878372,world,s_curve,1,5.17822971502571,0.0,0.0,0.7794825580396306,1.3997738493055571e-14,-6.283185307179586,0.9526876387965183,0.6928800176611867,0.6928800176611867,1.4040161502604568e-14,0.15000000000001398,-0.149999999999986,2.4492935982947064e-16,2.4492935982947064e-16,2.4492935982947064e-16
/multi_agv/path_reference,1789710679.898707,1789710679.8978076,world,s_curve,1,5.17822971502571,0.0,0.0,0.7794825580396306,1.3997738493055571e-14,-6.283185307179586,0.9526876387965183,0.6928800176611867,0.6928800176611867,1.4040161502604568e-14,0.15000000000001398,-0.149999999999986,2.4492935982947064e-16,2.4492935982947064e-16,2.4492935982947064e-16
/multi_agv/path_reference,1789710679.9087574,1789710679.9078922,world,s_curve,1,5.17822971502571,0.0,0.0,0.7794825580396306,1.3997738493055571e-14,-6.283185307179586,0.9526876387965183,0.6928800176611867,0.6928800176611867,1.4040161502604568e-14,0.15000000000001398,-0.149999999999986,2.4492935982947064e-16,2.4492935982947064e-16,2.4492935982947064e-16
/multi_agv/path_reference,1789710679.918768,1789710679.9178405,world,s_curve,1,5.17822971502571,0.0,0.0,0.7794825580396306,1.3997738493055571e-14,-6.283185307179586,0.9526876387965183,0.6928800176611867,0.6928800176611867,1.4040161502604568e-14,0.15000000000001398,-0.149999999999986,2.4492935982947064e-16,2.4492935982947064e-16,2.4492935982947064e-16
/multi_agv/path_reference,1789710679.9286923,1789710679.9278126,world,s_curve,1,5.17822971502571,0.0,0.0,0.7794825580396306,1.3997738493055571e-14,-6.283185307179586,0.9526876387965183,0.6928800176611867,0.6928800176611867,1.4040161502604568e-14,0.15000000000001398,-0.149999999999986,2.4492935982947064e-16,2.4492935982947064e-16,2.4492935982947064e-16
/multi_agv/path_reference,1789710679.9386015,1789710679.9378076,world,s_curve,1,5.17822971502571,0.0,0.0,0.7794825580396306,1.3997738493055571e-14,-6.283185307179586,0.9526876387965183,0.6928800176611867,0.6928800176611867,1.4040161502604568e-14,0.15000000000001398,-0.149999999999986,2.4492935982947064e-16,2.4492935982947064e-16,2.4492935982947064e-16
/multi_agv/path_reference,1789710679.9485664,1789710679.9478078,world,s_curve,1,5.17822971502571,0.0,0.0,0.7794825580396306,1.3997738493055571e-14,-6.283185307179586,0.9526876387965183,0.6928800176611867,0.6928800176611867,1.4040161502604568e-14,0.15000000000001398,-0.149999999999986,2.4492935982947064e-16,2.4492935982947064e-16,2.4492935982947064e-16
/multi_agv/path_reference,1789710679.958577,1789710679.957809,world,s_curve,1,5.17822971502571,0.0,0.0,0.7794825580396306,1.3997738493055571e-14,-6.283185307179586,0.9526876387965183,0.6928800176611867,0.6928800176611867,1.4040161502604568e-14,0.15000000000001398,-0.149999999999986,2.4492935982947064e-16,2.4492935982947064e-16,2.4492935982947064e-16
/multi_agv/path_reference,1789710679.96853,1789710679.9678063,world,s_curve,1,5.17822971502571,0.0,0.0,0.7794825580396306,1.3997738493055571e-14,-6.283185307179586,0.9526876387965183,0.6928800176611867,0.6928800176611867,1.4040161502604568e-14,0.15000000000001398,-0.149999999999986,2.4492935982947064e-16,2.4492935982947064e-16,2.4492935982947064e-16
/multi_agv/path_reference,1789710679.9784925,1789710679.9778059,world,s_curve,1,5.17822971502571,0.0,0.0,0.7794825580396306,1.3997738493055571e-14,-6.283185307179586,0.9526876387965183,0.6928800176611867,0.6928800176611867,1.4040161502604568e-14,0.15000000000001398,-0.149999999999986,2.4492935982947064e-16,2.4492935982947064e-16,2.4492935982947064e-16
/multi_agv/path_reference,1789710679.9885228,1789710679.9878066,world,s_curve,1,5.17822971502571,0.0,0.0,0.7794825580396306,1.3997738493055571e-14,-6.283185307179586,0.9526876387965183,0.6928800176611867,0.6928800176611867,1.4040161502604568e-14,0.15000000000001398,-0.149999999999986,2.4492935982947064e-16,2.4492935982947064e-16,2.4492935982947064e-16
/multi_agv/path_reference,1789710679.9986463,1789710679.9978437,world,s_curve,1,5.17822971502571,0.0,0.0,0.7794825580396306,1.3997738493055571e-14,-6.283185307179586,0.9526876387965183,0.6928800176611867,0.6928800176611867,1.4040161502604568e-14,0.15000000000001398,-0.149999999999986,2.4492935982947064e-16,2.4492935982947064e-16,2.4492935982947064e-16
/multi_agv/path_reference,1789710680.0084286,1789710680.0078263,world,s_curve,1,5.17822971502571,0.0,0.0,0.7794825580396306,1.3997738493055571e-14,-6.283185307179586,0.9526876387965183,0.6928800176611867,0.6928800176611867,1.4040161502604568e-14,0.15000000000001398,-0.149999999999986,2.4492935982947064e-16,2.4492935982947064e-16,2.4492935982947064e-16
/multi_agv/path_reference,1789710680.0184834,1789710680.0178733,world,s_curve,1,5.17822971502571,0.0,0.0,0.7794825580396306,1.3997738493055571e-14,-6.283185307179586,0.9526876387965183,0.6928800176611867,0.6928800176611867,1.4040161502604568e-14,0.15000000000001398,-0.149999999999986,2.4492935982947064e-16,2.4492935982947064e-16,2.4492935982947064e-16
/multi_agv/path_reference,1789710680.0284083,1789710680.0278971,world,s_curve,1,5.17822971502571,0.0,0.0,0.7794825580396306,1.3997738493055571e-14,-6.283185307179586,0.9526876387965183,0.6928800176611867,0.6928800176611867,1.4040161502604568e-14,0.15000000000001398,-0.149999999999986,2.4492935982947064e-16,2.4492935982947064e-16,2.4492935982947064e-16
/multi_agv/path_reference,1789710680.0384781,1789710680.0378702,world,s_curve,1,5.17822971502571,0.0,0.0,0.7794825580396306,1.3997738493055571e-14,-6.283185307179586,0.9526876387965183,0.6928800176611867,0.6928800176611867,1.4040161502604568e-14,0.15000000000001398,-0.149999999999986,2.4492935982947064e-16,2.4492935982947064e-16,2.4492935982947064e-16
/multi_agv/path_reference,1789710680.048511,1789710680.047962,world,s_curve,1,5.17822971502571,0.0,0.0,0.7794825580396306,1.3997738493055571e-14,-6.283185307179586,0.9526876387965183,0.6928800176611867,0.6928800176611867,1.4040161502604568e-14,0.15000000000001398,-0.149999999999986,2.4492935982947064e-16,2.4492935982947064e-16,2.4492935982947064e-16
/multi_agv/path_reference,1789710680.0583818,1789710680.0578218,world,s_curve,1,5.17822971502571,0.0,0.0,0.7794825580396306,1.3997738493055571e-14,-6.283185307179586,0.9526876387965183,0.6928800176611867,0.6928800176611867,1.4040161502604568e-14,0.15000000000001398,-0.149999999999986,2.4492935982947064e-16,2.4492935982947064e-16,2.4492935982947064e-16
/multi_agv/path_reference,1789710680.0684268,1789710680.0678394,world,s_curve,1,5.17822971502571,0.0,0.0,0.7794825580396306,1.3997738493055571e-14,-6.283185307179586,0.9526876387965183,0.6928800176611867,0.6928800176611867,1.4040161502604568e-14,0.15000000000001398,-0.149999999999986,2.4492935982947064e-16,2.4492935982947064e-16,2.4492935982947064e-16
/multi_agv/path_reference,1789710680.0783646,1789710680.0778491,world,s_curve,1,5.17822971502571,0.0,0.0,0.7794825580396306,1.3997738493055571e-14,-6.283185307179586,0.9526876387965183,0.6928800176611867,0.6928800176611867,1.4040161502604568e-14,0.15000000000001398,-0.149999999999986,2.4492935982947064e-16,2.4492935982947064e-16,2.4492935982947064e-16
/multi_agv/path_reference,1789710680.088421,1789710680.0878184,world,s_curve,1,5.17822971502571,0.0,0.0,0.7794825580396306,1.3997738493055571e-14,-6.283185307179586,0.9526876387965183,0.6928800176611867,0.6928800176611867,1.4040161502604568e-14,0.15000000000001398,-0.149999999999986,2.4492935982947064e-16,2.4492935982947064e-16,2.4492935982947064e-16
/multi_agv/path_reference,1789710680.0984137,1789710680.0978742,world,s_curve,1,5.17822971502571,0.0,0.0,0.7794825580396306,1.3997738493055571e-14,-6.283185307179586,0.9526876387965183,0.6928800176611867,0.6928800176611867,1.4040161502604568e-14,0.15000000000001398,-0.149999999999986,2.4492935982947064e-16,2.4492935982947064e-16,2.4492935982947064e-16
/multi_agv/path_reference,1789710680.1082885,1789710680.107819,world,s_curve,1,5.17822971502571,0.0,0.0,0.7794825580396306,1.3997738493055571e-14,-6.283185307179586,0.9526876387965183,0.6928800176611867,0.6928800176611867,1.4040161502604568e-14,0.15000000000001398,-0.149999999999986,2.4492935982947064e-16,2.4492935982947064e-16,2.4492935982947064e-16
/multi_agv/path_reference,1789710680.1185057,1789710680.1178305,world,s_curve,1,5.17822971502571,0.0,0.0,0.7794825580396306,1.3997738493055571e-14,-6.283185307179586,0.9526876387965183,0.6928800176611867,0.6928800176611867,1.4040161502604568e-14,0.15000000000001398,-0.149999999999986,2.4492935982947064e-16,2.4492935982947064e-16,2.4492935982947064e-16
/multi_agv/path_reference,1789710680.1286302,1789710680.1278422,world,s_curve,1,5.17822971502571,0.0,0.0,0.7794825580396306,1.3997738493055571e-14,-6.283185307179586,0.9526876387965183,0.6928800176611867,0.6928800176611867,1.4040161502604568e-14,0.15000000000001398,-0.149999999999986,2.4492935982947064e-16,2.4492935982947064e-16,2.4492935982947064e-16
/multi_agv/path_reference,1789710680.138588,1789710680.1378622,world,s_curve,1,5.17822971502571,0.0,0.0,0.7794825580396306,1.3997738493055571e-14,-6.283185307179586,0.9526876387965183,0.6928800176611867,0.6928800176611867,1.4040161502604568e-14,0.15000000000001398,-0.149999999999986,2.4492935982947064e-16,2.4492935982947064e-16,2.4492935982947064e-16
/multi_agv/path_reference,1789710680.1487658,1789710680.1478467,world,s_curve,1,5.17822971502571,0.0,0.0,0.7794825580396306,1.3997738493055571e-14,-6.283185307179586,0.9526876387965183,0.6928800176611867,0.6928800176611867,1.4040161502604568e-14,0.15000000000001398,-0.149999999999986,2.4492935982947064e-16,2.4492935982947064e-16,2.4492935982947064e-16
/multi_agv/path_reference,1789710680.1587687,1789710680.157805,world,s_curve,1,5.17822971502571,0.0,0.0,0.7794825580396306,1.3997738493055571e-14,-6.283185307179586,0.9526876387965183,0.6928800176611867,0.6928800176611867,1.4040161502604568e-14,0.15000000000001398,-0.149999999999986,2.4492935982947064e-16,2.4492935982947064e-16,2.4492935982947064e-16
/multi_agv/path_reference,1789710680.1686544,1789710680.1678798,world,s_curve,1,5.17822971502571,0.0,0.0,0.7794825580396306,1.3997738493055571e-14,-6.283185307179586,0.9526876387965183,0.6928800176611867,0.6928800176611867,1.4040161502604568e-14,0.15000000000001398,-0.149999999999986,2.4492935982947064e-16,2.4492935982947064e-16,2.4492935982947064e-16
/multi_agv/path_reference,1789710680.1786098,1789710680.1778617,world,s_curve,1,5.17822971502571,0.0,0.0,0.7794825580396306,1.3997738493055571e-14,-6.283185307179586,0.9526876387965183,0.6928800176611867,0.6928800176611867,1.4040161502604568e-14,0.15000000000001398,-0.149999999999986,2.4492935982947064e-16,2.4492935982947064e-16,2.4492935982947064e-16
/multi_agv/path_reference,1789710680.1883965,1789710680.1878562,world,s_curve,1,5.17822971502571,0.0,0.0,0.7794825580396306,1.3997738493055571e-14,-6.283185307179586,0.9526876387965183,0.6928800176611867,0.6928800176611867,1.4040161502604568e-14,0.15000000000001398,-0.149999999999986,2.4492935982947064e-16,2.4492935982947064e-16,2.4492935982947064e-16
/multi_agv/path_reference,1789710680.1984544,1789710680.1978576,world,s_curve,1,5.17822971502571,0.0,0.0,0.7794825580396306,1.3997738493055571e-14,-6.283185307179586,0.9526876387965183,0.6928800176611867,0.6928800176611867,1.4040161502604568e-14,0.15000000000001398,-0.149999999999986,2.4492935982947064e-16,2.4492935982947064e-16,2.4492935982947064e-16
/multi_agv/path_reference,1789710680.2084212,1789710680.2078195,world,s_curve,1,5.17822971502571,0.0,0.0,0.7794825580396306,1.3997738493055571e-14,-6.283185307179586,0.9526876387965183,0.6928800176611867,0.6928800176611867,1.4040161502604568e-14,0.15000000000001398,-0.149999999999986,2.4492935982947064e-16,2.4492935982947064e-16,2.4492935982947064e-16
/multi_agv/path_reference,1789710680.218321,1789710680.217801,world,s_curve,1,5.17822971502571,0.0,0.0,0.7794825580396306,1.3997738493055571e-14,-6.283185307179586,0.9526876387965183,0.6928800176611867,0.6928800176611867,1.4040161502604568e-14,0.15000000000001398,-0.149999999999986,2.4492935982947064e-16,2.4492935982947064e-16,2.4492935982947064e-16
/multi_agv/path_reference,1789710680.2284522,1789710680.227887,world,s_curve,1,5.17822971502571,0.0,0.0,0.7794825580396306,1.3997738493055571e-14,-6.283185307179586,0.9526876387965183,0.6928800176611867,0.6928800176611867,1.4040161502604568e-14,0.15000000000001398,-0.149999999999986,2.4492935982947064e-16,2.4492935982947064e-16,2.4492935982947064e-16
/multi_agv/path_reference,1789710680.2384553,1789710680.23792,world,s_curve,1,5.17822971502571,0.0,0.0,0.7794825580396306,1.3997738493055571e-14,-6.283185307179586,0.9526876387965183,0.6928800176611867,0.6928800176611867,1.4040161502604568e-14,0.15000000000001398,-0.149999999999986,2.4492935982947064e-16,2.4492935982947064e-16,2.4492935982947064e-16
/multi_agv/path_reference,1789710680.2483163,1789710680.247801,world,s_curve,1,5.17822971502571,0.0,0.0,0.7794825580396306,1.3997738493055571e-14,-6.283185307179586,0.9526876387965183,0.6928800176611867,0.6928800176611867,1.4040161502604568e-14,0.15000000000001398,-0.149999999999986,2.4492935982947064e-16,2.4492935982947064e-16,2.4492935982947064e-16
/multi_agv/path_reference,1789710680.2583745,1789710680.257822,world,s_curve,1,5.17822971502571,0.0,0.0,0.7794825580396306,1.3997738493055571e-14,-6.283185307179586,0.9526876387965183,0.6928800176611867,0.6928800176611867,1.4040161502604568e-14,0.15000000000001398,-0.149999999999986,2.4492935982947064e-16,2.4492935982947064e-16,2.4492935982947064e-16
/multi_agv/path_reference,1789710680.2682865,1789710680.267802,world,s_curve,1,5.17822971502571,0.0,0.0,0.7794825580396306,1.3997738493055571e-14,-6.283185307179586,0.9526876387965183,0.6928800176611867,0.6928800176611867,1.4040161502604568e-14,0.15000000000001398,-0.149999999999986,2.4492935982947064e-16,2.4492935982947064e-16,2.4492935982947064e-16
/multi_agv/path_reference,1789710680.278344,1789710680.277835,world,s_curve,1,5.17822971502571,0.0,0.0,0.7794825580396306,1.3997738493055571e-14,-6.283185307179586,0.9526876387965183,0.6928800176611867,0.6928800176611867,1.4040161502604568e-14,0.15000000000001398,-0.149999999999986,2.4492935982947064e-16,2.4492935982947064e-16,2.4492935982947064e-16
/multi_agv/path_reference,1789710680.2883568,1789710680.2878351,world,s_curve,1,5.17822971502571,0.0,0.0,0.7794825580396306,1.3997738493055571e-14,-6.283185307179586,0.9526876387965183,0.6928800176611867,0.6928800176611867,1.4040161502604568e-14,0.15000000000001398,-0.149999999999986,2.4492935982947064e-16,2.4492935982947064e-16,2.4492935982947064e-16
/multi_agv/path_reference,1789710680.2984197,1789710680.2978454,world,s_curve,1,5.17822971502571,0.0,0.0,0.7794825580396306,1.3997738493055571e-14,-6.283185307179586,0.9526876387965183,0.6928800176611867,0.6928800176611867,1.4040161502604568e-14,0.15000000000001398,-0.149999999999986,2.4492935982947064e-16,2.4492935982947064e-16,2.4492935982947064e-16
/multi_agv/path_reference,1789710680.3083415,1789710680.3078206,world,s_curve,1,5.17822971502571,0.0,0.0,0.7794825580396306,1.3997738493055571e-14,-6.283185307179586,0.9526876387965183,0.6928800176611867,0.6928800176611867,1.4040161502604568e-14,0.15000000000001398,-0.149999999999986,2.4492935982947064e-16,2.4492935982947064e-16,2.4492935982947064e-16
/multi_agv/path_reference,1789710680.3183517,1789710680.3179085,world,s_curve,1,5.17822971502571,0.0,0.0,0.7794825580396306,1.3997738493055571e-14,-6.283185307179586,0.9526876387965183,0.6928800176611867,0.6928800176611867,1.4040161502604568e-14,0.15000000000001398,-0.149999999999986,2.4492935982947064e-16,2.4492935982947064e-16,2.4492935982947064e-16
/multi_agv/path_reference,1789710680.328489,1789710680.3279057,world,s_curve,1,5.17822971502571,0.0,0.0,0.7794825580396306,1.3997738493055571e-14,-6.283185307179586,0.9526876387965183,0.6928800176611867,0.6928800176611867,1.4040161502604568e-14,0.15000000000001398,-0.149999999999986,2.4492935982947064e-16,2.4492935982947064e-16,2.4492935982947064e-16
/multi_agv/path_reference,1789710680.3383925,1789710680.3378742,world,s_curve,1,5.17822971502571,0.0,0.0,0.7794825580396306,1.3997738493055571e-14,-6.283185307179586,0.9526876387965183,0.6928800176611867,0.6928800176611867,1.4040161502604568e-14,0.15000000000001398,-0.149999999999986,2.4492935982947064e-16,2.4492935982947064e-16,2.4492935982947064e-16
/multi_agv/path_reference,1789710680.3484547,1789710680.347892,world,s_curve,1,5.17822971502571,0.0,0.0,0.7794825580396306,1.3997738493055571e-14,-6.283185307179586,0.9526876387965183,0.6928800176611867,0.6928800176611867,1.4040161502604568e-14,0.15000000000001398,-0.149999999999986,2.4492935982947064e-16,2.4492935982947064e-16,2.4492935982947064e-16
/multi_agv/path_reference,1789710680.3583617,1789710680.357879,world,s_curve,1,5.17822971502571,0.0,0.0,0.7794825580396306,1.3997738493055571e-14,-6.283185307179586,0.9526876387965183,0.6928800176611867,0.6928800176611867,1.4040161502604568e-14,0.15000000000001398,-0.149999999999986,2.4492935982947064e-16,2.4492935982947064e-16,2.4492935982947064e-16
/multi_agv/path_reference,1789710680.368458,1789710680.3678677,world,s_curve,1,5.17822971502571,0.0,0.0,0.7794825580396306,1.3997738493055571e-14,-6.283185307179586,0.9526876387965183,0.6928800176611867,0.6928800176611867,1.4040161502604568e-14,0.15000000000001398,-0.149999999999986,2.4492935982947064e-16,2.4492935982947064e-16,2.4492935982947064e-16
/multi_agv/path_reference,1789710680.3782864,1789710680.377807,world,s_curve,1,5.17822971502571,0.0,0.0,0.7794825580396306,1.3997738493055571e-14,-6.283185307179586,0.9526876387965183,0.6928800176611867,0.6928800176611867,1.4040161502604568e-14,0.15000000000001398,-0.149999999999986,2.4492935982947064e-16,2.4492935982947064e-16,2.4492935982947064e-16
/multi_agv/path_reference,1789710680.3883176,1789710680.3878398,world,s_curve,1,5.17822971502571,0.0,0.0,0.7794825580396306,1.3997738493055571e-14,-6.283185307179586,0.9526876387965183,0.6928800176611867,0.6928800176611867,1.4040161502604568e-14,0.15000000000001398,-0.149999999999986,2.4492935982947064e-16,2.4492935982947064e-16,2.4492935982947064e-16
/multi_agv/path_reference,1789710680.3984048,1789710680.3978531,world,s_curve,1,5.17822971502571,0.0,0.0,0.7794825580396306,1.3997738493055571e-14,-6.283185307179586,0.9526876387965183,0.6928800176611867,0.6928800176611867,1.4040161502604568e-14,0.15000000000001398,-0.149999999999986,2.4492935982947064e-16,2.4492935982947064e-16,2.4492935982947064e-16
/multi_agv/path_reference,1789710680.4083738,1789710680.4078894,world,s_curve,1,5.17822971502571,0.0,0.0,0.7794825580396306,1.3997738493055571e-14,-6.283185307179586,0.9526876387965183,0.6928800176611867,0.6928800176611867,1.4040161502604568e-14,0.15000000000001398,-0.149999999999986,2.4492935982947064e-16,2.4492935982947064e-16,2.4492935982947064e-16
/multi_agv/path_reference,1789710680.4182975,1789710680.417836,world,s_curve,1,5.17822971502571,0.0,0.0,0.7794825580396306,1.3997738493055571e-14,-6.283185307179586,0.9526876387965183,0.6928800176611867,0.6928800176611867,1.4040161502604568e-14,0.15000000000001398,-0.149999999999986,2.4492935982947064e-16,2.4492935982947064e-16,2.4492935982947064e-16
/multi_agv/path_reference,1789710680.4284592,1789710680.4278579,world,s_curve,1,5.17822971502571,0.0,0.0,0.7794825580396306,1.3997738493055571e-14,-6.283185307179586,0.9526876387965183,0.6928800176611867,0.6928800176611867,1.4040161502604568e-14,0.15000000000001398,-0.149999999999986,2.4492935982947064e-16,2.4492935982947064e-16,2.4492935982947064e-16
/multi_agv/path_reference,1789710680.4381795,1789710680.4378037,world,s_curve,1,5.17822971502571,0.0,0.0,0.7794825580396306,1.3997738493055571e-14,-6.283185307179586,0.9526876387965183,0.6928800176611867,0.6928800176611867,1.4040161502604568e-14,0.15000000000001398,-0.149999999999986,2.4492935982947064e-16,2.4492935982947064e-16,2.4492935982947064e-16
/multi_agv/path_reference,1789710680.4483469,1789710680.4478273,world,s_curve,1,5.17822971502571,0.0,0.0,0.7794825580396306,1.3997738493055571e-14,-6.283185307179586,0.9526876387965183,0.6928800176611867,0.6928800176611867,1.4040161502604568e-14,0.15000000000001398,-0.149999999999986,2.4492935982947064e-16,2.4492935982947064e-16,2.4492935982947064e-16
/multi_agv/path_reference,1789710680.4583263,1789710680.457833,world,s_curve,1,5.17822971502571,0.0,0.0,0.7794825580396306,1.3997738493055571e-14,-6.283185307179586,0.9526876387965183,0.6928800176611867,0.6928800176611867,1.4040161502604568e-14,0.15000000000001398,-0.149999999999986,2.4492935982947064e-16,2.4492935982947064e-16,2.4492935982947064e-16
/multi_agv/path_reference,1789710680.4683743,1789710680.4678717,world,s_curve,1,5.17822971502571,0.0,0.0,0.7794825580396306,1.3997738493055571e-14,-6.283185307179586,0.9526876387965183,0.6928800176611867,0.6928800176611867,1.4040161502604568e-14,0.15000000000001398,-0.149999999999986,2.4492935982947064e-16,2.4492935982947064e-16,2.4492935982947064e-16
/multi_agv/path_reference,1789710680.4785347,1789710680.4778898,world,s_curve,1,5.17822971502571,0.0,0.0,0.7794825580396306,1.3997738493055571e-14,-6.283185307179586,0.9526876387965183,0.6928800176611867,0.6928800176611867,1.4040161502604568e-14,0.15000000000001398,-0.149999999999986,2.4492935982947064e-16,2.4492935982947064e-16,2.4492935982947064e-16
/multi_agv/path_reference,1789710680.4884307,1789710680.487926,world,s_curve,1,5.17822971502571,0.0,0.0,0.7794825580396306,1.3997738493055571e-14,-6.283185307179586,0.9526876387965183,0.6928800176611867,0.6928800176611867,1.4040161502604568e-14,0.15000000000001398,-0.149999999999986,2.4492935982947064e-16,2.4492935982947064e-16,2.4492935982947064e-16
/multi_agv/path_reference,1789710680.498324,1789710680.4978602,world,s_curve,1,5.17822971502571,0.0,0.0,0.7794825580396306,1.3997738493055571e-14,-6.283185307179586,0.9526876387965183,0.6928800176611867,0.6928800176611867,1.4040161502604568e-14,0.15000000000001398,-0.149999999999986,2.4492935982947064e-16,2.4492935982947064e-16,2.4492935982947064e-16
/multi_agv/path_reference,1789710680.5083025,1789710680.5078504,world,s_curve,1,5.17822971502571,0.0,0.0,0.7794825580396306,1.3997738493055571e-14,-6.283185307179586,0.9526876387965183,0.6928800176611867,0.6928800176611867,1.4040161502604568e-14,0.15000000000001398,-0.149999999999986,2.4492935982947064e-16,2.4492935982947064e-16,2.4492935982947064e-16
/multi_agv/path_reference,1789710680.518338,1789710680.5178306,world,s_curve,1,5.17822971502571,0.0,0.0,0.7794825580396306,1.3997738493055571e-14,-6.283185307179586,0.9526876387965183,0.6928800176611867,0.6928800176611867,1.4040161502604568e-14,0.15000000000001398,-0.149999999999986,2.4492935982947064e-16,2.4492935982947064e-16,2.4492935982947064e-16
/multi_agv/path_reference,1789710680.5283074,1789710680.5278506,world,s_curve,1,5.17822971502571,0.0,0.0,0.7794825580396306,1.3997738493055571e-14,-6.283185307179586,0.9526876387965183,0.6928800176611867,0.6928800176611867,1.4040161502604568e-14,0.15000000000001398,-0.149999999999986,2.4492935982947064e-16,2.4492935982947064e-16,2.4492935982947064e-16
/multi_agv/path_reference,1789710680.5383596,1789710680.5378373,world,s_curve,1,5.17822971502571,0.0,0.0,0.7794825580396306,1.3997738493055571e-14,-6.283185307179586,0.9526876387965183,0.6928800176611867,0.6928800176611867,1.4040161502604568e-14,0.15000000000001398,-0.149999999999986,2.4492935982947064e-16,2.4492935982947064e-16,2.4492935982947064e-16
/multi_agv/path_reference,1789710680.5485203,1789710680.5479374,world,s_curve,1,5.17822971502571,0.0,0.0,0.7794825580396306,1.3997738493055571e-14,-6.283185307179586,0.9526876387965183,0.6928800176611867,0.6928800176611867,1.4040161502604568e-14,0.15000000000001398,-0.149999999999986,2.4492935982947064e-16,2.4492935982947064e-16,2.4492935982947064e-16
/multi_agv/path_reference,1789710680.5582747,1789710680.5578454,world,s_curve,1,5.17822971502571,0.0,0.0,0.7794825580396306,1.3997738493055571e-14,-6.283185307179586,0.9526876387965183,0.6928800176611867,0.6928800176611867,1.4040161502604568e-14,0.15000000000001398,-0.149999999999986,2.4492935982947064e-16,2.4492935982947064e-16,2.4492935982947064e-16
/multi_agv/path_reference,1789710680.5685532,1789710680.5679097,world,s_curve,1,5.17822971502571,0.0,0.0,0.7794825580396306,1.3997738493055571e-14,-6.283185307179586,0.9526876387965183,0.6928800176611867,0.6928800176611867,1.4040161502604568e-14,0.15000000000001398,-0.149999999999986,2.4492935982947064e-16,2.4492935982947064e-16,2.4492935982947064e-16
/multi_agv/path_reference,1789710680.5783906,1789710680.5778954,world,s_curve,1,5.17822971502571,0.0,0.0,0.7794825580396306,1.3997738493055571e-14,-6.283185307179586,0.9526876387965183,0.6928800176611867,0.6928800176611867,1.4040161502604568e-14,0.15000000000001398,-0.149999999999986,2.4492935982947064e-16,2.4492935982947064e-16,2.4492935982947064e-16
/multi_agv/path_reference,1789710680.5882633,1789710680.5878506,world,s_curve,1,5.17822971502571,0.0,0.0,0.7794825580396306,1.3997738493055571e-14,-6.283185307179586,0.9526876387965183,0.6928800176611867,0.6928800176611867,1.4040161502604568e-14,0.15000000000001398,-0.149999999999986,2.4492935982947064e-16,2.4492935982947064e-16,2.4492935982947064e-16
/multi_agv/path_reference,1789710680.5982685,1789710680.59785,world,s_curve,1,5.17822971502571,0.0,0.0,0.7794825580396306,1.3997738493055571e-14,-6.283185307179586,0.9526876387965183,0.6928800176611867,0.6928800176611867,1.4040161502604568e-14,0.15000000000001398,-0.149999999999986,2.4492935982947064e-16,2.4492935982947064e-16,2.4492935982947064e-16
/multi_agv/path_reference,1789710680.6083546,1789710680.6078205,world,s_curve,1,5.17822971502571,0.0,0.0,0.7794825580396306,1.3997738493055571e-14,-6.283185307179586,0.9526876387965183,0.6928800176611867,0.6928800176611867,1.4040161502604568e-14,0.15000000000001398,-0.149999999999986,2.4492935982947064e-16,2.4492935982947064e-16,2.4492935982947064e-16
/multi_agv/path_reference,1789710680.6184597,1789710680.6179285,world,s_curve,1,5.17822971502571,0.0,0.0,0.7794825580396306,1.3997738493055571e-14,-6.283185307179586,0.9526876387965183,0.6928800176611867,0.6928800176611867,1.4040161502604568e-14,0.15000000000001398,-0.149999999999986,2.4492935982947064e-16,2.4492935982947064e-16,2.4492935982947064e-16
/multi_agv/path_reference,1789710680.6284218,1789710680.6278791,world,s_curve,1,5.17822971502571,0.0,0.0,0.7794825580396306,1.3997738493055571e-14,-6.283185307179586,0.9526876387965183,0.6928800176611867,0.6928800176611867,1.4040161502604568e-14,0.15000000000001398,-0.149999999999986,2.4492935982947064e-16,2.4492935982947064e-16,2.4492935982947064e-16
/multi_agv/path_reference,1789710680.6383445,1789710680.637803,world,s_curve,1,5.17822971502571,0.0,0.0,0.7794825580396306,1.3997738493055571e-14,-6.283185307179586,0.9526876387965183,0.6928800176611867,0.6928800176611867,1.4040161502604568e-14,0.15000000000001398,-0.149999999999986,2.4492935982947064e-16,2.4492935982947064e-16,2.4492935982947064e-16
/multi_agv/path_reference,1789710680.6483142,1789710680.647852,world,s_curve,1,5.17822971502571,0.0,0.0,0.7794825580396306,1.3997738493055571e-14,-6.283185307179586,0.9526876387965183,0.6928800176611867,0.6928800176611867,1.4040161502604568e-14,0.15000000000001398,-0.149999999999986,2.4492935982947064e-16,2.4492935982947064e-16,2.4492935982947064e-16
/multi_agv/path_reference,1789710680.658488,1789710680.6578228,world,s_curve,1,5.17822971502571,0.0,0.0,0.7794825580396306,1.3997738493055571e-14,-6.283185307179586,0.9526876387965183,0.6928800176611867,0.6928800176611867,1.4040161502604568e-14,0.15000000000001398,-0.149999999999986,2.4492935982947064e-16,2.4492935982947064e-16,2.4492935982947064e-16
/multi_agv/path_reference,1789710680.668779,1789710680.667853,world,s_curve,1,5.17822971502571,0.0,0.0,0.7794825580396306,1.3997738493055571e-14,-6.283185307179586,0.9526876387965183,0.6928800176611867,0.6928800176611867,1.4040161502604568e-14,0.15000000000001398,-0.149999999999986,2.4492935982947064e-16,2.4492935982947064e-16,2.4492935982947064e-16
/multi_agv/path_reference,1789710680.678677,1789710680.6778593,world,s_curve,1,5.17822971502571,0.0,0.0,0.7794825580396306,1.3997738493055571e-14,-6.283185307179586,0.9526876387965183,0.6928800176611867,0.6928800176611867,1.4040161502604568e-14,0.15000000000001398,-0.149999999999986,2.4492935982947064e-16,2.4492935982947064e-16,2.4492935982947064e-16
/multi_agv/path_reference,1789710680.68843,1789710680.6878452,world,s_curve,1,5.17822971502571,0.0,0.0,0.7794825580396306,1.3997738493055571e-14,-6.283185307179586,0.9526876387965183,0.6928800176611867,0.6928800176611867,1.4040161502604568e-14,0.15000000000001398,-0.149999999999986,2.4492935982947064e-16,2.4492935982947064e-16,2.4492935982947064e-16
/multi_agv/path_reference,1789710680.6984634,1789710680.6978443,world,s_curve,1,5.17822971502571,0.0,0.0,0.7794825580396306,1.3997738493055571e-14,-6.283185307179586,0.9526876387965183,0.6928800176611867,0.6928800176611867,1.4040161502604568e-14,0.15000000000001398,-0.149999999999986,2.4492935982947064e-16,2.4492935982947064e-16,2.4492935982947064e-16
/multi_agv/path_reference,1789710680.7085068,1789710680.7078483,world,s_curve,1,5.17822971502571,0.0,0.0,0.7794825580396306,1.3997738493055571e-14,-6.283185307179586,0.9526876387965183,0.6928800176611867,0.6928800176611867,1.4040161502604568e-14,0.15000000000001398,-0.149999999999986,2.4492935982947064e-16,2.4492935982947064e-16,2.4492935982947064e-16
/multi_agv/path_reference,1789710680.7184224,1789710680.7179065,world,s_curve,1,5.17822971502571,0.0,0.0,0.7794825580396306,1.3997738493055571e-14,-6.283185307179586,0.9526876387965183,0.6928800176611867,0.6928800176611867,1.4040161502604568e-14,0.15000000000001398,-0.149999999999986,2.4492935982947064e-16,2.4492935982947064e-16,2.4492935982947064e-16
/multi_agv/path_reference,1789710680.728657,1789710680.7278614,world,s_curve,1,5.17822971502571,0.0,0.0,0.7794825580396306,1.3997738493055571e-14,-6.283185307179586,0.9526876387965183,0.6928800176611867,0.6928800176611867,1.4040161502604568e-14,0.15000000000001398,-0.149999999999986,2.4492935982947064e-16,2.4492935982947064e-16,2.4492935982947064e-16
/multi_agv/path_reference,1789710680.7386343,1789710680.737916,world,s_curve,1,5.17822971502571,0.0,0.0,0.7794825580396306,1.3997738493055571e-14,-6.283185307179586,0.9526876387965183,0.6928800176611867,0.6928800176611867,1.4040161502604568e-14,0.15000000000001398,-0.149999999999986,2.4492935982947064e-16,2.4492935982947064e-16,2.4492935982947064e-16
/multi_agv/path_reference,1789710680.7487454,1789710680.747929,world,s_curve,1,5.17822971502571,0.0,0.0,0.7794825580396306,1.3997738493055571e-14,-6.283185307179586,0.9526876387965183,0.6928800176611867,0.6928800176611867,1.4040161502604568e-14,0.15000000000001398,-0.149999999999986,2.4492935982947064e-16,2.4492935982947064e-16,2.4492935982947064e-16
/multi_agv/path_reference,1789710680.7586193,1789710680.757922,world,s_curve,1,5.17822971502571,0.0,0.0,0.7794825580396306,1.3997738493055571e-14,-6.283185307179586,0.9526876387965183,0.6928800176611867,0.6928800176611867,1.4040161502604568e-14,0.15000000000001398,-0.149999999999986,2.4492935982947064e-16,2.4492935982947064e-16,2.4492935982947064e-16
/multi_agv/path_reference,1789710680.768304,1789710680.76781,world,s_curve,1,5.17822971502571,0.0,0.0,0.7794825580396306,1.3997738493055571e-14,-6.283185307179586,0.9526876387965183,0.6928800176611867,0.6928800176611867,1.4040161502604568e-14,0.15000000000001398,-0.149999999999986,2.4492935982947064e-16,2.4492935982947064e-16,2.4492935982947064e-16
/multi_agv/path_reference,1789710680.7782815,1789710680.7778053,world,s_curve,1,5.17822971502571,0.0,0.0,0.7794825580396306,1.3997738493055571e-14,-6.283185307179586,0.9526876387965183,0.6928800176611867,0.6928800176611867,1.4040161502604568e-14,0.15000000000001398,-0.149999999999986,2.4492935982947064e-16,2.4492935982947064e-16,2.4492935982947064e-16
/multi_agv/path_reference,1789710680.7884371,1789710680.7878656,world,s_curve,1,5.17822971502571,0.0,0.0,0.7794825580396306,1.3997738493055571e-14,-6.283185307179586,0.9526876387965183,0.6928800176611867,0.6928800176611867,1.4040161502604568e-14,0.15000000000001398,-0.149999999999986,2.4492935982947064e-16,2.4492935982947064e-16,2.4492935982947064e-16
/multi_agv/path_reference,1789710680.7983837,1789710680.797843,world,s_curve,1,5.17822971502571,0.0,0.0,0.7794825580396306,1.3997738493055571e-14,-6.283185307179586,0.9526876387965183,0.6928800176611867,0.6928800176611867,1.4040161502604568e-14,0.15000000000001398,-0.149999999999986,2.4492935982947064e-16,2.4492935982947064e-16,2.4492935982947064e-16
/multi_agv/path_reference,1789710680.8083909,1789710680.8078585,world,s_curve,1,5.17822971502571,0.0,0.0,0.7794825580396306,1.3997738493055571e-14,-6.283185307179586,0.9526876387965183,0.6928800176611867,0.6928800176611867,1.4040161502604568e-14,0.15000000000001398,-0.149999999999986,2.4492935982947064e-16,2.4492935982947064e-16,2.4492935982947064e-16
/multi_agv/path_reference,1789710680.8184073,1789710680.81786,world,s_curve,1,5.17822971502571,0.0,0.0,0.7794825580396306,1.3997738493055571e-14,-6.283185307179586,0.9526876387965183,0.6928800176611867,0.6928800176611867,1.4040161502604568e-14,0.15000000000001398,-0.149999999999986,2.4492935982947064e-16,2.4492935982947064e-16,2.4492935982947064e-16
/multi_agv/path_reference,1789710680.8282807,1789710680.8278346,world,s_curve,1,5.17822971502571,0.0,0.0,0.7794825580396306,1.3997738493055571e-14,-6.283185307179586,0.9526876387965183,0.6928800176611867,0.6928800176611867,1.4040161502604568e-14,0.15000000000001398,-0.149999999999986,2.4492935982947064e-16,2.4492935982947064e-16,2.4492935982947064e-16
/multi_agv/path_reference,1789710680.8383555,1789710680.8378606,world,s_curve,1,5.17822971502571,0.0,0.0,0.7794825580396306,1.3997738493055571e-14,-6.283185307179586,0.9526876387965183,0.6928800176611867,0.6928800176611867,1.4040161502604568e-14,0.15000000000001398,-0.149999999999986,2.4492935982947064e-16,2.4492935982947064e-16,2.4492935982947064e-16
/multi_agv/path_reference,1789710680.848321,1789710680.8478587,world,s_curve,1,5.17822971502571,0.0,0.0,0.7794825580396306,1.3997738493055571e-14,-6.283185307179586,0.9526876387965183,0.6928800176611867,0.6928800176611867,1.4040161502604568e-14,0.15000000000001398,-0.149999999999986,2.4492935982947064e-16,2.4492935982947064e-16,2.4492935982947064e-16
/multi_agv/path_reference,1789710680.858415,1789710680.857865,world,s_curve,1,5.17822971502571,0.0,0.0,0.7794825580396306,1.3997738493055571e-14,-6.283185307179586,0.9526876387965183,0.6928800176611867,0.6928800176611867,1.4040161502604568e-14,0.15000000000001398,-0.149999999999986,2.4492935982947064e-16,2.4492935982947064e-16,2.4492935982947064e-16
/multi_agv/path_reference,1789710680.8683927,1789710680.8678424,world,s_curve,1,5.17822971502571,0.0,0.0,0.7794825580396306,1.3997738493055571e-14,-6.283185307179586,0.9526876387965183,0.6928800176611867,0.6928800176611867,1.4040161502604568e-14,0.15000000000001398,-0.149999999999986,2.4492935982947064e-16,2.4492935982947064e-16,2.4492935982947064e-16
/multi_agv/path_reference,1789710680.878519,1789710680.8778656,world,s_curve,1,5.17822971502571,0.0,0.0,0.7794825580396306,1.3997738493055571e-14,-6.283185307179586,0.9526876387965183,0.6928800176611867,0.6928800176611867,1.4040161502604568e-14,0.15000000000001398,-0.149999999999986,2.4492935982947064e-16,2.4492935982947064e-16,2.4492935982947064e-16
/multi_agv/path_reference,1789710680.8886025,1789710680.8878608,world,s_curve,1,5.17822971502571,0.0,0.0,0.7794825580396306,1.3997738493055571e-14,-6.283185307179586,0.9526876387965183,0.6928800176611867,0.6928800176611867,1.4040161502604568e-14,0.15000000000001398,-0.149999999999986,2.4492935982947064e-16,2.4492935982947064e-16,2.4492935982947064e-16
/multi_agv/path_reference,1789710680.8985913,1789710680.8978605,world,s_curve,1,5.17822971502571,0.0,0.0,0.7794825580396306,1.3997738493055571e-14,-6.283185307179586,0.9526876387965183,0.6928800176611867,0.6928800176611867,1.4040161502604568e-14,0.15000000000001398,-0.149999999999986,2.4492935982947064e-16,2.4492935982947064e-16,2.4492935982947064e-16
/multi_agv/path_reference,1789710680.908456,1789710680.9078655,world,s_curve,1,5.17822971502571,0.0,0.0,0.7794825580396306,1.3997738493055571e-14,-6.283185307179586,0.9526876387965183,0.6928800176611867,0.6928800176611867,1.4040161502604568e-14,0.15000000000001398,-0.149999999999986,2.4492935982947064e-16,2.4492935982947064e-16,2.4492935982947064e-16
/multi_agv/path_reference,1789710680.9183815,1789710680.9178069,world,s_curve,1,5.17822971502571,0.0,0.0,0.7794825580396306,1.3997738493055571e-14,-6.283185307179586,0.9526876387965183,0.6928800176611867,0.6928800176611867,1.4040161502604568e-14,0.15000000000001398,-0.149999999999986,2.4492935982947064e-16,2.4492935982947064e-16,2.4492935982947064e-16
/multi_agv/path_reference,1789710680.9283707,1789710680.9278128,world,s_curve,1,5.17822971502571,0.0,0.0,0.7794825580396306,1.3997738493055571e-14,-6.283185307179586,0.9526876387965183,0.6928800176611867,0.6928800176611867,1.4040161502604568e-14,0.15000000000001398,-0.149999999999986,2.4492935982947064e-16,2.4492935982947064e-16,2.4492935982947064e-16
/multi_agv/path_reference,1789710680.9385283,1789710680.937807,world,s_curve,1,5.17822971502571,0.0,0.0,0.7794825580396306,1.3997738493055571e-14,-6.283185307179586,0.9526876387965183,0.6928800176611867,0.6928800176611867,1.4040161502604568e-14,0.15000000000001398,-0.149999999999986,2.4492935982947064e-16,2.4492935982947064e-16,2.4492935982947064e-16
/multi_agv/path_reference,1789710680.9484663,1789710680.9478037,world,s_curve,1,5.17822971502571,0.0,0.0,0.7794825580396306,1.3997738493055571e-14,-6.283185307179586,0.9526876387965183,0.6928800176611867,0.6928800176611867,1.4040161502604568e-14,0.15000000000001398,-0.149999999999986,2.4492935982947064e-16,2.4492935982947064e-16,2.4492935982947064e-16
/multi_agv/path_reference,1789710680.9584997,1789710680.9578042,world,s_curve,1,5.17822971502571,0.0,0.0,0.7794825580396306,1.3997738493055571e-14,-6.283185307179586,0.9526876387965183,0.6928800176611867,0.6928800176611867,1.4040161502604568e-14,0.15000000000001398,-0.149999999999986,2.4492935982947064e-16,2.4492935982947064e-16,2.4492935982947064e-16
/multi_agv/path_reference,1789710680.9685273,1789710680.9678075,world,s_curve,1,5.17822971502571,0.0,0.0,0.7794825580396306,1.3997738493055571e-14,-6.283185307179586,0.9526876387965183,0.6928800176611867,0.6928800176611867,1.4040161502604568e-14,0.15000000000001398,-0.149999999999986,2.4492935982947064e-16,2.4492935982947064e-16,2.4492935982947064e-16
/multi_agv/path_reference,1789710680.9784813,1789710680.9778035,world,s_curve,1,5.17822971502571,0.0,0.0,0.7794825580396306,1.3997738493055571e-14,-6.283185307179586,0.9526876387965183,0.6928800176611867,0.6928800176611867,1.4040161502604568e-14,0.15000000000001398,-0.149999999999986,2.4492935982947064e-16,2.4492935982947064e-16,2.4492935982947064e-16
/multi_agv/path_reference,1789710680.9885423,1789710680.9878037,world,s_curve,1,5.17822971502571,0.0,0.0,0.7794825580396306,1.3997738493055571e-14,-6.283185307179586,0.9526876387965183,0.6928800176611867,0.6928800176611867,1.4040161502604568e-14,0.15000000000001398,-0.149999999999986,2.4492935982947064e-16,2.4492935982947064e-16,2.4492935982947064e-16
/multi_agv/path_reference,1789710680.9984872,1789710680.997804,world,s_curve,1,5.17822971502571,0.0,0.0,0.7794825580396306,1.3997738493055571e-14,-6.283185307179586,0.9526876387965183,0.6928800176611867,0.6928800176611867,1.4040161502604568e-14,0.15000000000001398,-0.149999999999986,2.4492935982947064e-16,2.4492935982947064e-16,2.4492935982947064e-16
/multi_agv/path_reference,1789710681.0084918,1789710681.0078056,world,s_curve,1,5.17822971502571,0.0,0.0,0.7794825580396306,1.3997738493055571e-14,-6.283185307179586,0.9526876387965183,0.6928800176611867,0.6928800176611867,1.4040161502604568e-14,0.15000000000001398,-0.149999999999986,2.4492935982947064e-16,2.4492935982947064e-16,2.4492935982947064e-16
/multi_agv/path_reference,1789710681.0184965,1789710681.0178432,world,s_curve,1,5.17822971502571,0.0,0.0,0.7794825580396306,1.3997738493055571e-14,-6.283185307179586,0.9526876387965183,0.6928800176611867,0.6928800176611867,1.4040161502604568e-14,0.15000000000001398,-0.149999999999986,2.4492935982947064e-16,2.4492935982947064e-16,2.4492935982947064e-16
/multi_agv/path_reference,1789710681.0288157,1789710681.0278287,world,s_curve,1,5.17822971502571,0.0,0.0,0.7794825580396306,1.3997738493055571e-14,-6.283185307179586,0.9526876387965183,0.6928800176611867,0.6928800176611867,1.4040161502604568e-14,0.15000000000001398,-0.149999999999986,2.4492935982947064e-16,2.4492935982947064e-16,2.4492935982947064e-16
/multi_agv/path_reference,1789710681.0386295,1789710681.037827,world,s_curve,1,5.17822971502571,0.0,0.0,0.7794825580396306,1.3997738493055571e-14,-6.283185307179586,0.9526876387965183,0.6928800176611867,0.6928800176611867,1.4040161502604568e-14,0.15000000000001398,-0.149999999999986,2.4492935982947064e-16,2.4492935982947064e-16,2.4492935982947064e-16
/multi_agv/path_reference,1789710681.0488617,1789710681.0478728,world,s_curve,1,5.17822971502571,0.0,0.0,0.7794825580396306,1.3997738493055571e-14,-6.283185307179586,0.9526876387965183,0.6928800176611867,0.6928800176611867,1.4040161502604568e-14,0.15000000000001398,-0.149999999999986,2.4492935982947064e-16,2.4492935982947064e-16,2.4492935982947064e-16
/multi_agv/path_reference,1789710681.0585718,1789710681.0578513,world,s_curve,1,5.17822971502571,0.0,0.0,0.7794825580396306,1.3997738493055571e-14,-6.283185307179586,0.9526876387965183,0.6928800176611867,0.6928800176611867,1.4040161502604568e-14,0.15000000000001398,-0.149999999999986,2.4492935982947064e-16,2.4492935982947064e-16,2.4492935982947064e-16
/multi_agv/path_reference,1789710681.0684075,1789710681.0678875,world,s_curve,1,5.17822971502571,0.0,0.0,0.7794825580396306,1.3997738493055571e-14,-6.283185307179586,0.9526876387965183,0.6928800176611867,0.6928800176611867,1.4040161502604568e-14,0.15000000000001398,-0.149999999999986,2.4492935982947064e-16,2.4492935982947064e-16,2.4492935982947064e-16
/multi_agv/path_reference,1789710681.0782907,1789710681.0778382,world,s_curve,1,5.17822971502571,0.0,0.0,0.7794825580396306,1.3997738493055571e-14,-6.283185307179586,0.9526876387965183,0.6928800176611867,0.6928800176611867,1.4040161502604568e-14,0.15000000000001398,-0.149999999999986,2.4492935982947064e-16,2.4492935982947064e-16,2.4492935982947064e-16
/multi_agv/path_reference,1789710681.0884123,1789710681.0879085,world,s_curve,1,5.17822971502571,0.0,0.0,0.7794825580396306,1.3997738493055571e-14,-6.283185307179586,0.9526876387965183,0.6928800176611867,0.6928800176611867,1.4040161502604568e-14,0.15000000000001398,-0.149999999999986,2.4492935982947064e-16,2.4492935982947064e-16,2.4492935982947064e-16
/multi_agv/path_reference,1789710681.098381,1789710681.0978408,world,s_curve,1,5.17822971502571,0.0,0.0,0.7794825580396306,1.3997738493055571e-14,-6.283185307179586,0.9526876387965183,0.6928800176611867,0.6928800176611867,1.4040161502604568e-14,0.15000000000001398,-0.149999999999986,2.4492935982947064e-16,2.4492935982947064e-16,2.4492935982947064e-16
/multi_agv/path_reference,1789710681.1084826,1789710681.1078393,world,s_curve,1,5.17822971502571,0.0,0.0,0.7794825580396306,1.3997738493055571e-14,-6.283185307179586,0.9526876387965183,0.6928800176611867,0.6928800176611867,1.4040161502604568e-14,0.15000000000001398,-0.149999999999986,2.4492935982947064e-16,2.4492935982947064e-16,2.4492935982947064e-16
/multi_agv/path_reference,1789710681.1187353,1789710681.1178355,world,s_curve,1,5.17822971502571,0.0,0.0,0.7794825580396306,1.3997738493055571e-14,-6.283185307179586,0.9526876387965183,0.6928800176611867,0.6928800176611867,1.4040161502604568e-14,0.15000000000001398,-0.149999999999986,2.4492935982947064e-16,2.4492935982947064e-16,2.4492935982947064e-16
/multi_agv/path_reference,1789710681.1283722,1789710681.127807,world,s_curve,1,5.17822971502571,0.0,0.0,0.7794825580396306,1.3997738493055571e-14,-6.283185307179586,0.9526876387965183,0.6928800176611867,0.6928800176611867,1.4040161502604568e-14,0.15000000000001398,-0.149999999999986,2.4492935982947064e-16,2.4492935982947064e-16,2.4492935982947064e-16
/multi_agv/path_reference,1789710681.1385062,1789710681.1378708,world,s_curve,1,5.17822971502571,0.0,0.0,0.7794825580396306,1.3997738493055571e-14,-6.283185307179586,0.9526876387965183,0.6928800176611867,0.6928800176611867,1.4040161502604568e-14,0.15000000000001398,-0.149999999999986,2.4492935982947064e-16,2.4492935982947064e-16,2.4492935982947064e-16
/multi_agv/path_reference,1789710681.148466,1789710681.1478956,world,s_curve,1,5.17822971502571,0.0,0.0,0.7794825580396306,1.3997738493055571e-14,-6.283185307179586,0.9526876387965183,0.6928800176611867,0.6928800176611867,1.4040161502604568e-14,0.15000000000001398,-0.149999999999986,2.4492935982947064e-16,2.4492935982947064e-16,2.4492935982947064e-16
