topic,bag_stamp,header_stamp,layout_label,data_json
/multi_agv/m2b_algorithm_state,1789558476.5873623,1789558476.5873623,m2b_algorithm_state_v1:header6+3x20,"[1.0,-0.15,0.52,2.3626828384059666e-08,6.244195128875157e-06,1789558476.5871658,0.0,0.0,0.0,1.5264772433723045e-07,0.0,-6.560067492178498e-08,-1.9329375660511945e-05,-0.0018731924261616642,0.0,-0.0018731924261616642,0.0,0.0,1.0,0.0,-0.0023414905327020803,0.008312444038816723,0.008312444038816723,0.1599999999999905,1.0,0.0,0.0,0.0,0.0,0.0,0.0,0.0,0.0,0.00043889977780179126,0.0,0.00043889977780179126,0.0,0.0,1.0,0.0,0.0005486247222522391,-0.0019476177639954487,-0.0019476177639954487,0.16000000000000766,1.0,0.0,0.0,0.0,0.0,9.922102081919981e-08,0.0,-4.264043869916024e-08,-1.2564094179332773e-05,0.0014265428602965417,0.0,0.0014265428602965417,0.0,0.0,1.0,0.0,0.0017831785753706772,-0.006330184721545085,-0.006330184721545085,0.16000000000000766,1.0,0.0]"
/multi_agv/m2b_algorithm_state,1789558476.5972512,1789558476.5972512,m2b_algorithm_state_v1:header6+3x20,"[1.0,-0.15,0.52,1.0705875626784191e-07,1.2174043262827786e-05,1789558476.597105,2.323324082519105e-08,9.358930562662909e-06,0.0,-4.2390030962867326e-05,2.141392774707915e-08,1.8206186890923488e-05,-0.0010029625006006254,-0.0018718310971271995,0.0,-0.0018718543303680247,-9.358930562662909e-06,-9.359346041192752e-06,1.0000887907019724,-1.7873214037734302e-13,-0.0023491772590012233,0.008300576552135638,0.008300576552135638,0.15999999999999096,0.9999556081666376,-1.7874801012955215e-13,2.4283448606029082e-08,-3.135246342460953e-09,0.0009287601583333336,0.000972368966179745,1.9698606659082514e-09,-1.8741991125652855e-05,0.0018575203166666672,0.00043889977780179126,0.0,0.00043887549435318526,3.135246342460953e-09,3.1352462958325586e-09,0.9999999702553556,4.601554925732195e-19,0.0005485975031877774,-0.0009751536454532223,-0.0009751536454532223,0.1600000000000081,1.0000000148723227,4.601554788860581e-19,2.3363795720958863e-08,9.376790070305023e-06,0.0,-3.530164168003699e-05,1.3939228352738556e-08,1.5163787249949228e-05,-0.0009769916808070732,0.0014265428602965417,0.0,0.0014265194965008207,-9.376790070305023e-06,-9.377207136030686e-06,1.000088960141566,-1.4941344432790118e-13,0.0017737721634899953,-0.006327350411840655,-0.006327350411840655,0.1600000000000081,0.9999555234602786,-1.4942673616906045e-13]"
/multi_agv/m2b_algorithm_state,1789558476.6073337,1789558476.6073337,m2b_algorithm_state_v1:header6+3x20,"[1.0,-0.15,0.52,2.4972101676608145e-07,1.8097095101996492e-05,1789558476.6072206,1.3467552488175346e-07,1.7907450842470696e-05,0.0,-7.812519625502773e-05,2.1209404183381265e-07,3.346518104474793e-05,-0.0010923799589412264,-0.0018718310971272065,0.0,-0.0018719657726520883,-1.7907450842470696e-05,-1.790897192800782e-05,1.0001698943044646,-1.2058831331369459e-12,-0.002357866187743118,0.008298774725809258,0.008298774725809258,0.1599999999999963,0.9999150657255347,-1.2060880058131158e-12,5.0861071316548515e-08,6.05935212805465e-07,0.0009287601583333336,0.0010097167550598548,-1.6859305485388014e-07,-3.470432415006696e-05,0.0018575203166666672,0.00041491881286417204,0.0,0.0004148679517928555,-6.05935212805465e-07,-6.059369544470793e-07,1.000005748619676,1.7847577772629904e-14,0.0005179790027866223,-0.0008288242738720007,-0.0008288242738720007,0.1600000000000049,0.9999971257049078,1.784768037156666e-14,1.3563967260522372e-07,1.80087437332072e-05,0.0,-6.561075815790269e-05,1.7005970467850665e-07,2.8108738034956407e-05,-0.001035113028728464,0.0014265452785227062,0.0,0.0014264096388501009,-1.80087437332072e-05,-1.8010282074929134e-05,1.0001708553235147,-1.024207574893679e-12,0.001765001766487697,-0.0063220735379231835,-0.0063220735379231835,0.1600000000000049,0.9999145853620987,-1.0243825662102336e-12]"
/multi_agv/m2b_algorithm_state,1789558476.6173227,1789558476.6173227,m2b_algorithm_state_v1:header6+3x20,"[1.0,-0.15,0.52,4.4982785135465935e-07,2.3927784317685942e-05,1789558476.6171887,3.2898196689674246e-07,2.628100376867518e-05,0.0,-0.00011002391247928142,5.451678925116366e-07,4.7002052943239875e-05,-0.0012137621942709149,-0.0018718310971272065,0.0,-0.0018721600790941031,-2.628100376867518e-05,-2.628427989145474e-05,1.000249339285424,-3.657450493454047e-12,-0.002366484378759084,0.00830048904567731,0.00830048904567731,0.15999999999999426,0.9998753580926284,-3.6583624395465575e-12,8.786926091107558e-08,1.4923999677198597e-06,0.0009287601583333336,0.0010452563424074128,-4.855552675650175e-07,-4.98140854028299e-05,0.0018575203166666674,0.00041491881286417204,0.0,0.00041483094360326094,-1.4923999677198597e-06,-1.4924105328738544e-06,1.0000141586879225,1.120769933955402e-13,0.0005170462689712024,-0.0007895574257697155,-0.0007895574257697155,0.1600000000000028,0.9999929207454906,1.1207858025871298e-13,3.323118224904262e-07,2.651788156959444e-05,0.0,-9.345404902549153e-05,4.486382483407879e-07,3.99308728121705e-05,-0.0011140114816927615,0.0014265452785227097,0.0,0.0014262129667002193,-2.651788156959444e-05,-2.65212170135504e-05,1.0002515867086885,-3.162875847889996e-12,0.0017562449913617237,-0.006314448899385247,-0.006314448899385247,0.1600000000000028,0.9998742348831784,-3.163671585414557e-12]"
/multi_agv/m2b_algorithm_state,1789558476.627222,1789558476.627222,m2b_algorithm_state_v1:header6+3x20,"[1.0,-0.15,0.52,7.067875632285537e-07,2.9707833870943163e-05,1789558476.6270857,6.014071436058243e-07,3.432055909219431e-05,0.0,-0.00013643347542790653,9.96699389522147e-07,5.811888031657967e-05,-0.0013654374551890155,-0.0018751963074216497,0.0,-0.0018757977145652555,-3.432055909219431e-05,-3.4326146051951427e-05,1.0003256167051608,-7.733918602556805e-12,-0.0023790732892585206,0.008321657088802857,0.008321657088802857,0.15999999999998996,0.9998372389446617,-7.736436895650152e-12,1.3884579877159382e-07,2.7321018299819922e-06,0.0009287601583333336,0.001077841798467991,-9.329461577491965e-07,-6.358704746311185e-05,0.0018575203166666672,0.000430644154562676,0.0,0.00043050530876390444,-2.7321018299819922e-06,-2.73213723767889e-06,1.0000259200127009,3.873166763912425e-13,0.0005353994987172016,-0.0008215421935883925,-0.0008215421935883925,0.16000000000000708,0.9999870402934341,3.8732671564441385e-13,6.0923061168656e-07,3.473069203088153e-05,0.0,-0.0001174645379981809,8.329867740811616e-07,5.0051327075452143e-05,-0.001212600401289527,0.0014082282342025784,0.0,0.0014076190035908918,-3.473069203088153e-05,-3.473641331121e-05,1.0003295079840464,-6.8187015344508e-12,0.0017247873411774049,-0.006222591827108926,-0.006222591827108926,0.16000000000000708,0.9998352944422555,-6.820948351047231e-12]"
/multi_agv/m2b_algorithm_state,1789558476.637399,1789558476.637399,m2b_algorithm_state_v1:header6+3x20,"[1.0,-0.15,0.52,1.0227594829130943e-06,3.55295104858834e-05,1789558476.6372504,9.485479657926923e-07,4.211954732764072e-05,0.0,-0.00015709313725107525,1.541170268926202e-06,6.671675549598844e-05,-0.001547131901298686,-0.0018751963074216463,0.0,-0.001876144855387439,-4.211954732764072e-05,-4.212796176477372e-05,1.0003996128757424,-1.3410906860487646e-11,-0.0023873090309990725,0.008333033504857068,0.008333033504857068,0.15999999999999986,0.9998002647937256,-1.341626603154448e-11,2.0841145757741666e-07,4.278663536052875e-06,0.0009287601583333336,0.0011080693630515373,-1.495128316953411e-06,-7.628751100467087e-05,0.001857520316666667,0.00043064415456268296,0.0,0.00043043574310510556,-4.278663536052875e-06,-4.278750375764195e-06,1.0000405926261593,9.76547582649524e-13,0.0005337659285056178,-0.000784788782975314,-0.000784788782975314,0.15999999999999986,0.9999797044221576,9.765872232804733e-13,9.63403266315552e-07,4.27252907491359e-05,0.0,-0.0001374788553047879,1.304928695230271e-06,5.8409258361288936e-05,-0.0013307017912608126,0.0014082282342025784,0.0,0.0014072648309362628,-4.27252907491359e-05,-4.273394893735192e-05,1.0004053601696608,-1.2076377407142352e-11,0.0017163470897329765,-0.006208545467487104,-0.006208545467487104,0.15999999999999986,0.9997973932100516,-1.2081272689536999e-11]"
/multi_agv/m2b_algorithm_state,1789558476.6472127,1789558476.6472127,m2b_algorithm_state_v1:header6+3x20,"[1.0,-0.15,0.52,1.387639371098383e-06,4.1162547910996376e-05,1789558476.6470656,1.371112457876783e-06,4.9862816177849946e-05,0.0,-0.00017283904482357,2.1567952528961896e-06,7.316624384322141e-05,-0.0017513746027717503,-0.0018751963074216463,0.0,-0.001876567419879523,-4.9862816177849946e-05,-4.9874608577693763e-05,1.0004730815494762,-2.0677254148626983e-11,-0.0023955838834270977,0.008349437166370863,0.008349437166370863,0.15999999999999992,0.9997635590497829,-2.068703617605853e-11,3.0135532932081774e-07,6.054115729495564e-06,0.0009287601583333336,0.0011371179467333562,-2.1642124607768294e-06,-8.842618426916352e-05,0.0018575203166666672,0.00043064415456268296,0.0,0.0004303427992333621,-6.054115729495564e-06,-6.054289590206988e-06,1.0000574368373842,2.0063599600874945e-12,0.0005318742094514956,-0.0007481906415421958,-0.0007481906415421958,0.15999999999999992,0.9999712830533073,2.0064751990582563e-12,1.395810661541682e-06,5.06715995503047e-05,0.0,-0.0001541506471051016,1.8496855742618617e-06,6.529319027120858e-05,-0.0014634595472183048,0.0014082282342025784,0.0,0.0014068324235410367,-5.06715995503047e-05,-5.068377757550224e-05,1.0004807554093018,-1.9044440007553096e-11,0.0017078567518507936,-0.006191009341151561,-0.006191009341151561,0.15999999999999992,0.9997597253839375,-1.9053595725103852e-11]"
/multi_agv/m2b_algorithm_state,1789558476.6570656,1789558476.6570656,m2b_algorithm_state_v1:header6+3x20,"[1.0,-0.15,0.52,1.8142654982888928e-06,4.6966698580138104e-05,1789558476.6569657,1.8542612530397304e-06,5.7118146325320666e-05,0.0,-0.0001799991674061834,2.8009676531828188e-06,7.591122776587587e-05,-0.0019839866208054974,-0.0018671448896459795,0.0,-0.0018689991508990193,-5.7118146325320666e-05,-5.71336198154451e-05,1.0005419216793516,-2.8254149914317957e-11,-0.0023933825584392192,0.008337077960862204,0.008337077960862204,0.15999999999999762,0.9997291701423012,-2.8269461450688176e-11,4.174267740770511e-07,8.253390101486186e-06,0.0009287601583333336,0.001161983862621166,-2.910637791063996e-06,-9.872747342853057e-05,0.0018575203166666672,0.00043064415456268296,0.0,0.0004302267277886059,-8.253390101486186e-06,-8.253713220250466e-06,1.0000783020527002,3.810276356018972e-12,0.0005295296965155069,-0.000713969063162948,-0.000713969063162948,0.1600000000000062,0.9999608517093267,3.8105747084790034e-12,1.8912300861783676e-06,5.811610730618226e-05,0.0,-0.0001644276979866318,2.4333184766275224e-06,6.940890683932033e-05,-0.0016146573589402406,0.0014082282342025784,0.0,0.0014063370041164,-5.811610730618226e-05,-5.81321261783286e-05,1.0005513906270174,-2.671941174846104e-11,0.0016997891289671715,-0.006168841338669038,-0.006168841338669038,0.1600000000000062,0.999724440284582,-2.673414458165856e-11]"
/multi_agv/m2b_algorithm_state,1789558476.667064,1789558476.667064,m2b_algorithm_state_v1:header6+3x20,"[1.0,-0.15,0.52,2.292917075856059e-06,5.27356857015382e-05,1789558476.6669662,2.4123957403566836e-06,6.457968194233804e-05,0.0,-0.00018247831157095694,3.4624284258099754e-06,7.663562420546257e-05,-0.0022374306479429123,-0.001867144889645997,0.0,-0.0018695572853863536,-6.457968194233804e-05,-6.459946179793385e-05,1.0006127193929308,-3.6612701409952617e-11,-0.002401546068530876,0.008366244888866867,0.008366244888866867,0.15999999999999365,0.9996938077339146,-3.663513472213408e-11,5.661634767886216e-07,1.058037656286515e-05,0.0009287601583333336,0.0011872574213740814,-3.744306064500813e-06,-0.00010915896605181885,0.0018575203166666672,0.00044666031203244305,0.0,0.00044609414855565445,-1.058037656286515e-05,-1.0580907565837265e-05,1.00010037901517,6.397759530797067e-12,0.0005470367781287307,-0.0007497455810364852,-0.0007497455810364852,0.16000000000000217,0.9999498149880991,6.398401731598062e-12,2.4642372777213727e-06,6.57400372352111e-05,0.0,-0.0001715679777057694,3.0507291349984336e-06,7.215916783619916e-05,-0.0017793959765795599,0.0014024653411439415,0.0,0.0014000011038662202,-6.57400372352111e-05,-6.576053421356025e-05,1.0006237293549172,-3.5671340067607716e-11,0.0016842408456192149,-0.006116911671407677,-0.006116911671407677,0.16000000000000217,0.999688308822392,-3.5693589329537116e-11]"
/multi_agv/m2b_algorithm_state,1789558476.6771028,1789558476.6771028,m2b_algorithm_state_v1:header6+3x20,"[1.0,-0.15,0.52,2.831014482976161e-06,5.863836107946483e-05,1789558476.6769903,3.0324504321451916e-06,7.185589730027515e-05,0.0,-0.0001771253645185183,4.101913357808707e-06,7.400545791705797e-05,-0.0025137864834844387,-0.001867144889645997,0.0,-0.001870177340078142,-7.185589730027515e-05,-7.188038497822424e-05,1.000681759758629,-4.39946990076467e-11,-0.0024096020600759016,0.008402790996526067,0.008402790996526067,0.16000000000000197,0.9996593273956934,-4.4024692823023113e-11,7.454359504862703e-07,1.3219006486922266e-05,0.0009287601583333336,0.0012101873369780112,-4.642443376109365e-06,-0.00011855003764384778,0.0018575203166666672,0.00044666031203244305,0.0,0.00044591487608195676,-1.3219006486922266e-05,-1.3219835362295447e-05,1.000125412778745,1.0179318124261616e-11,0.0005441737597401505,-0.0007154121770928626,-0.0007154121770928626,0.16000000000000197,0.9999373006281496,1.0180594740833307e-11,3.100864844936714e-06,7.313215331741717e-05,0.0,-0.0001729105844371485,3.669889557147104e-06,7.2416939801673e-05,-0.001959027269681552,0.0014024653411439311,0.0,0.0013993644762989943,-7.313215331741717e-05,-7.315751850011602e-05,1.0006938696187264,-4.4486383840204926e-11,0.001676048076873627,-0.0060854043483788475,-0.0060854043483788475,0.16000000000000197,0.9996532798922259,-4.4517251590398645e-11]"
/multi_agv/m2b_algorithm_state,1789558476.6880398,1789558476.6880398,m2b_algorithm_state_v1:header6+3x20,"[1.0,-0.15,0.52,3.430539349086633e-06,6.470514401582338e-05,1789558476.6878822,3.7226287412053353e-06,7.926803681844578e-05,0.0,-0.00016516801914661348,4.697217213353466e-06,6.855978263401237e-05,-0.0028116265723027905,-0.001867144889645997,0.0,-0.0018708675183872023,-7.926803681844578e-05,-7.929783640742129e-05,1.00075209089323,-4.992089186146424e-11,-0.0024178822343914243,0.00844678071226296,0.00844678071226296,0.1599999999999982,0.9996242067838723,-4.995843690961517e-11,9.616025321648723e-07,1.605030485174265e-05,0.0009287601583333336,0.001232786685692227,-5.6082358524338655e-06,-0.00012776416868316655,0.0018575203166666672,0.0004385504798082064,0.0,0.00043758887727604156,-1.605030485174265e-05,-1.6051526805729864e-05,1.0001522746166795,1.5286559120730853e-11,0.0005309345697893221,-0.0006444902187953576,-0.0006444902187953576,0.1599999999999982,0.999923873037001,1.5288886875661312e-11,3.808812175558275e-06,8.059674156820605e-05,0.0,-0.00016949382053200055,4.275515161872146e-06,7.063631800724215e-05,-0.0021526233274134815,0.0014024653411439311,0.0,0.0013986565289683729,-8.059674156820605e-05,-8.062754843121769e-05,1.000764698608526,-5.295936968457507e-11,0.0016676931127792482,-0.006048530328002358,-0.006048530328002358,0.1599999999999982,0.9996179114507255,-5.2999867640881275e-11]"
/multi_agv/m2b_algorithm_state,1789558476.697082,1789558476.697082,m2b_algorithm_state_v1:header6+3x20,"[1.0,-0.15,0.52,4.089147708657209e-06,7.090446078772244e-05,1789558476.6969802,4.485059017068179e-06,8.686849554359983e-05,0.0,-0.00014668096706912215,5.220232790703814e-06,6.034518316156238e-05,-0.0031272850657602432,-0.0018737097683207068,0.0,-0.001878194827337775,-8.686849554359983e-05,-8.690428291052576e-05,1.0008242100242628,-5.323816389174329e-11,-0.0024346478170827446,0.008527458272854584,0.008527458272854584,0.15999999999998898,0.9995881978916646,-5.328204332009621e-11,1.2173450870501405e-06,1.9078930155421408e-05,0.0009287601583333336,0.00125523277473173,-6.639582786109479e-06,-0.00013687864158120591,0.0018575203166666674,0.0004385504798082064,0.0,0.00043733313472115625,-1.9078930155421408e-05,-1.9080656759501374e-05,1.0001810087583713,2.19924392938746e-11,0.000527585761641944,-0.0006087355950355913,-0.0006087355950355913,0.16000000000000603,0.9999095102384721,2.1996420118004743e-11,4.589213943141581e-06,8.816800634844891e-05,0.0,-0.00016127562674029462,4.846191319901798e-06,6.681026403127976e-05,-0.0023578013481608253,0.001397721872537512,0.0,0.0013931326585943705,-8.816800634844891e-05,-8.820487231812198e-05,1.0008365409167856,-6.029890419196929e-11,0.001653210950924841,-0.005985074214748727,-0.005985074214748727,0.16000000000000603,0.9995820415731672,-6.034934669256321e-11]"
/multi_agv/m2b_algorithm_state,1789558476.7070875,1789558476.7070875,m2b_algorithm_state_v1:header6+3x20,"[1.0,-0.15,0.52,4.808122401839744e-06,7.726884694713789e-05,1789558476.706974,5.3166564692973024e-06,9.459519941984932e-05,0.0,-0.00012095270586655874,5.640588313269906e-06,4.90715372726595e-05,-0.0034589840222107493,-0.0018737097683207068,0.0,-0.0018790264247900042,-9.459519941984932e-05,-9.463763540301667e-05,1.0008975282132395,-5.2052600694656745e-11,-0.0024434206663905217,0.008587066345361478,0.008587066345361478,0.15999999999998868,0.9995515950606052,-5.209931937235269e-11,1.5131600797031474e-06,2.2350767586592236e-05,0.0009287601583333336,0.001276974653579604,-7.727962886862182e-06,-0.0001456610796033906,0.0018575203166666674,0.00043855047980820294,0.0,0.0004370373197284998,-2.2350767586592236e-05,-2.2353137136013446e-05,1.000212050579366,3.070386047386171e-11,0.0005239435125246113,-0.000572530379963641,-0.000572530379963641,0.1600000000000057,0.9998939947709894,3.071037124526396e-11,5.437626576971175e-06,9.576741535672576e-05,0.0,-0.00014758551831613629,5.356887359774795e-06,6.066353170139165e-05,-0.0025734056698536547,0.001397721872537512,0.0,0.001392284245960541,-9.576741535672576e-05,-9.581090944494693e-05,1.0009086513945995,-6.509722244525718e-11,0.0016445443980057292,-0.00593676514032141,-0.00593676514032141,0.1600000000000057,0.9995460424238414,-6.515637312721662e-11]"
/multi_agv/m2b_algorithm_state,1789558476.7171266,1789558476.7171266,m2b_algorithm_state_v1:header6+3x20,"[1.0,-0.15,0.52,5.599217932264839e-06,8.395482634769504e-05,1789558476.716944,6.218864978090545e-06,0.00010250672531225947,0.0,-8.71799812678587e-05,5.930644795856491e-06,3.440788151180016e-05,-0.0038094100583903087,-0.0018737097683207068,0.0,-0.0018799286332987974,-0.00010250672531225947,-0.00010255655538314481,1.0009726013619047,-4.405277051790475e-11,-0.002452467347006642,0.008655750503198755,0.008655750503198755,0.15999999999999248,0.9995141210554588,-4.409561630250614e-11,1.851430175935042e-06,2.5862202830169006e-05,0.0009287601583333336,0.00129826071477781,-8.870076677714106e-06,-0.00015421993235090664,0.0018575203166666674,0.00043855047980820294,0.0,0.0004366990496322679,-2.5862202830169006e-05,-2.5865375375169117e-05,1.0002453658343902,4.179288695438465e-11,0.0005200084366651657,-0.0005356302859692524,-0.0005356302859692524,0.16000000000000947,0.9998773439413079,4.180314150096379e-11,6.354072051493646e-06,0.00010343761269898517,0.0,-0.00012783645963813779,5.7850863060683555e-06,5.1955441389977085e-05,-0.0028011825933703686,0.001397721872537512,0.0,0.0013913678004860185,-0.00010343761269898517,-0.00010348835178850521,1.0009814347118033,-6.577473461636707e-11,0.001635721398819018,-0.005881811703293149,-0.005881811703293149,0.16000000000000947,0.999509712072488,-6.583928822407923e-11]"
/multi_agv/m2b_algorithm_state,1789558476.7269979,1789558476.7269979,m2b_algorithm_state_v1:header6+3x20,"[1.0,-0.15,0.52,6.454635171166767e-06,9.085716380234991e-05,1789558476.7268412,7.206395565137725e-06,0.00011088251048647743,0.0,-4.74016835177851e-05,6.06276950524659e-06,1.7244685763474712e-05,-0.004172112543376412,-0.0018855347737317951,0.0,-0.001892741169296933,-0.00011088251048647743,-0.00011094081511757908,1.0010520812249017,-2.802415486502039e-11,-0.0024768672767387454,0.00878504049163034,0.00878504049163034,0.15999999999999495,0.9994744528328925,-2.805363855219762e-11,2.239482247416683e-06,2.9545568131004273e-05,0.0009287601583333336,0.001320671923067159,-1.0079207054544469e-05,-0.00016322777465007228,0.0018575203166666674,0.0004381786078901037,0.0,0.00043593912564268705,-2.9545568131004273e-05,-2.9549708672402514e-05,1.0002803125573934,5.5484524901441036e-11,0.0005153741983809564,-0.0004950442910793772,-0.0004950442910793772,0.16000000000000345,0.9998598787743006,5.5500077910511913e-11,7.35177598424011e-06,0.00011143640042560342,0.0,-0.00010348470291372716,6.110999684346732e-06,4.132202868987835e-05,-0.0030369392086113355,0.0013921148730451915,0.0,0.0013847630970609515,-0.00011143640042560342,-0.0001114952889200978,1.0010573372690583,-6.179315660160117e-11,0.0016194585824060917,-0.00579571334304615,-0.00579571334304615,0.16000000000000345,0.9994718297511515,-6.18584928090488e-11]"
/multi_agv/m2b_algorithm_state,1789558476.7369313,1789558476.7369313,m2b_algorithm_state_v1:header6+3x20,"[1.0,-0.15,0.52,7.385864290287626e-06,9.811439232763452e-05,1789558476.7368171,8.270427957431513e-06,0.00011952258281174695,0.0,4.807996092736733e-07,6.012437160518363e-06,-3.3073153088501565e-06,-0.004549198047051109,-0.0018855347737317882,0.0,-0.0018938052016892197,-0.00011952258281174695,-0.00011959032617365997,1.0011340703932923,3.302451080330149e-13,-0.0024868468282851844,0.008871385008971793,0.008871385008971793,0.16000000000000278,0.9994335381123166,3.3061962923256475e-13,2.67359345818718e-06,3.34934814925554e-05,0.0009287601583333336,0.0013428124342477767,-1.134312513893876e-05,-0.00017209104692938353,0.0018575203166666674,0.0004381786078901037,0.0,0.00043550501443191653,-3.34934814925554e-05,-3.349880243292065e-05,1.000317769528707,7.249528256960789e-11,0.000510882465606975,-0.00045511208013624413,-0.00045511208013624413,0.16000000000000278,0.999841160281001,7.251831936138352e-11,8.419884097881608e-06,0.00011955542710274739,0.0,-7.286056685422117e-05,6.310860966209233e-06,2.805797805523571e-05,-0.003282044785999888,0.0013921148730451985,0.0,0.0013836949889473168,-0.00011955542710274739,-0.00011962320769492535,1.00113438206891,-5.007296764343932e-11,0.0016099955284892206,-0.005727400490769527,-0.005727400490769527,0.16000000000000278,0.9994333825895154,-5.012976952007115e-11]"
/multi_agv/m2b_algorithm_state,1789558476.7470915,1789558476.7470915,m2b_algorithm_state_v1:header6+3x20,"[1.0,-0.15,0.52,8.400503312263133e-06,0.00010579739853483102,1789558476.746978,9.425545838744179e-06,0.00012867048460418463,0.0,5.5770298821251065e-05,5.750531906431133e-06,-2.6933507630232237e-05,-0.004940433920466766,-0.0018855347737317882,0.0,-0.0018949603195705324,-0.00012867048460418463,-0.0001287489926087292,1.0012208801342972,4.439054906071539e-11,-0.0024974493920718946,0.008967518830438037,0.008967518830438037,0.15999999999999392,0.9993902243197883,4.4444744600214165e-11,3.161002762854388e-06,3.7655447561679284e-05,0.0009287601583333336,0.001366017109732126,-1.2674584582299713e-05,-0.0001813768342978657,0.0018575203166666674,0.0004381786078901037,0.0,0.0004350176051272493,-3.7655447561679284e-05,-3.7662172968315235e-05,1.0003572577136328,9.321078101143783e-11,0.0005061098334407464,-0.0004130200644657273,-0.0004130200644657273,0.1600000000000024,0.9998214280774077,9.32440812819479e-11,9.57104426926431e-06,0.00012801724481703962,0.0,-3.65078014922825e-05,6.362566154386453e-06,1.2408360837405197e-05,-0.0035363481037200654,0.0013921148730451985,0.0,0.0013825438287759341,-0.00012801724481703962,-0.00012809495783677516,1.0012146811098326,-2.8764402158007192e-11,0.0016000848281331425,-0.005651604005833199,-0.005651604005833199,0.1600000000000024,0.9993933171059352,-2.879934173394415e-11]"
/multi_agv/m2b_algorithm_state,1789558476.75704,1789558476.75704,m2b_algorithm_state_v1:header6+3x20,"[1.0,-0.15,0.52,9.48554356334149e-06,0.00011375623420609478,1789558476.7568233,1.0682169587885642e-05,0.00013844016295981368,0.0,0.00011655835994715934,5.248572787951327e-06,-5.279904305458887e-05,-0.00533780175297424,-0.001880432097271529,0.0,-0.0018911142668594145,-0.00013844016295981368,-0.00013853104306015777,1.001313592058316,1.0738700489311224e-10,-0.002502423876634426,0.0090494136340156,0.0090494136340156,0.15999999999999628,0.9993439730306178,1.0752806760990617e-10,3.7059983415064346e-06,4.20344489829889e-05,0.0009287601583333336,0.0013907718794497147,-1.4083514912270098e-05,-0.00019128884865552632,0.0018575203166666674,0.0004381786078901037,0.0,0.0004344726095485973,-4.20344489829889e-05,-4.2042829455335425e-05,1.0003988054631703,1.1824983923463197e-10,0.0005010479324804112,-0.0003682514891571527,-0.0003682514891571527,0.16000000000000472,0.9998006682125088,1.1829699791653774e-10,1.0813342007397325e-05,0.00013691758366169048,0.0,4.374369668689475e-06,6.242814334350783e-06,-5.0994386090200345e-06,-0.0037946371948499244,0.0013921148730451985,0.0,0.0013813015310378011,-0.00013691758366169048,-0.0001370064761030963,1.0012991430216438,3.942077282252664e-12,0.0015896204376941551,-0.005569099434751858,-0.005569099434751858,0.16000000000000472,0.9993511807329537,3.947198604444683e-12]"
/multi_agv/m2b_algorithm_state,1789558476.7669816,1789558476.7669816,m2b_algorithm_state_v1:header6+3x20,"[1.0,-0.15,0.52,1.0678966210942133e-05,0.00012237487777035224,1789558476.7669044,1.2025556216617414e-05,0.00014855622954851373,0.0,0.00018753491308575362,4.49864135957582e-06,-8.291540629399582e-05,-0.005752039265860925,-0.0018804320972715463,0.0,-0.0018924576534881637,-0.00014855622954851373,-0.0001486608735774168,1.001409593066708,1.989302274370776e-10,-0.0025142329404376214,0.009165840361571968,0.009165840361571968,0.15999999999999215,0.9992960889682344,1.9921063810643154e-10,4.3010919049654715e-06,4.6725123188567214e-05,0.0009287601583333336,0.0014153494742303303,-1.5553354975128053e-05,-0.00020109333305258273,0.0018575203166666674,0.00043176484614471794,0.0,0.00042746375423975246,-4.6725123188567214e-05,-4.6735478262011577e-05,1.0004433107602508,1.4868824819834682e-10,0.000487594214537679,-0.000293739744945238,-0.000293739744945238,0.160000000000009,0.9997784322782295,1.48754163298696e-10,1.2129982568441583e-05,0.0001459873498812034,0.0,5.310260952450351e-05,5.9378256577202435e-06,-2.5883699477027768e-05,-0.004063891578226269,0.0013852295883788057,0.0,0.0013730996058103641,-0.0001459873498812034,-0.00014608840683009124,1.0013852143291901,5.439953740997412e-11,0.001570286100432864,-0.005447230654736041,-0.005447230654736041,0.160000000000009,0.9993082479911948,5.4474892428695736e-11]"
/multi_agv/m2b_algorithm_state,1789558476.7771215,1789558476.7771215,m2b_algorithm_state_v1:header6+3x20,"[1.0,-0.15,0.52,1.1961061239321873e-05,0.00013142185140970644,1789558476.7770095,1.350312558020555e-05,0.0001596837801885291,0.0,0.00026307293315957375,3.441758654493067e-06,-0.00011483393211636874,-0.0061724605348966125,-0.0018804320972715463,0.0,-0.0018939352228517518,-0.0001596837801885291,-0.00015980468435276214,1.001515195294495,3.2239090921773176e-10,-0.002527223712917452,0.009291365239597666,0.009291365239597666,0.15999999999999417,0.9992434254056901,3.228793944063664e-10,4.96871253431401e-06,5.160055571496661e-05,0.0009287601583333336,0.001443372285092243,-1.713076102988437e-05,-0.0002123229661661569,0.0018575203166666665,0.00043176484614471794,0.0,0.00042679613361040395,-5.160055571496661e-05,-5.161318431787686e-05,1.0004895695024976,1.8491681768216979e-10,0.00048188198269512805,-0.00024316868471001263,-0.00024316868471001263,0.16000000000000256,0.9997553221511682,1.8500734731660588e-10,1.356506051830684e-05,0.00015584029740756103,0.0,0.00010573051110982168,5.4081344576433595e-06,-4.822807116936802e-05,-0.0043371654030994675,0.0013852295883788057,0.0,0.0013716645278604989,-0.00015584029740756103,-0.00015595545264603775,1.0014787197605328,1.2341353851739256e-10,0.0015586252071795859,-0.005348275324985305,-0.005348275324985305,0.16000000000000256,0.999261614541057,1.235960325555155e-10]"
/multi_agv/m2b_algorithm_state,1789558476.7870703,1789558476.7870703,m2b_algorithm_state_v1:header6+3x20,"[1.0,-0.15,0.52,1.3346706832147314e-05,0.00014102749771978577,1789558476.7869246,1.5092836789324688e-05,0.00017139754100307036,0.0,0.00034640836082807665,2.086247746029219e-06,-0.00014994961702999586,-0.0066009600634329745,-0.0018804320972715463,0.0,-0.001895524934060871,-0.00017139754100307036,-0.00017153682944085594,1.001626363332656,4.890214595614731e-10,-0.0025409429970169443,0.0094274647039361,0.0094274647039361,0.1599999999999985,0.9991879968969951,4.898167861321859e-10,5.695860264028855e-06,5.6796727654931355e-05,0.0009287601583333336,0.0014722510118181918,-1.8795602925879055e-05,-0.00022387537126432528,0.0018575203166666665,0.00042651477397378026,0.0,0.0004208189137097514,-5.6796727654931355e-05,-5.681202750162357e-05,1.000538871968457,2.2850385442055961e-10,0.0004692116146355657,-0.00016690753534777392,-0.00016690753534777392,0.1599999999999985,0.999730693528025,2.2862698874239122e-10,1.5094486664612075e-05,0.00016607128557111754,0.0,0.00016469048279066796,4.649902948376072e-06,-7.317594503054858e-05,-0.004615690096648101,0.0013852295883788057,0.0,0.0013701351017141937,-0.00016607128557111754,-0.0001662020534994277,1.0015758148177463,2.1827943279592063e-10,0.0015464668236433144,-0.005241043037064598,-0.005241043037064598,0.1599999999999985,0.9992131990817392,2.186234007605297e-10]"
/multi_agv/m2b_algorithm_state,1789558476.7969866,1789558476.7969866,m2b_algorithm_state_v1:header6+3x20,"[1.0,-0.15,0.52,1.4843121103932099e-05,0.0001512343916685151,1789558476.796852,1.6814064007657097e-05,0.00018391392189933878,0.0,0.0004366035161872302,3.991129697597666e-07,-0.0001878424966839291,-0.007036460092702295,-0.001881916624555821,0.0,-0.001898730688563478,-0.00018391392189933878,-0.0001840742908939798,1.0017451514667033,7.09558893994414e-10,-0.002557487651598327,0.009580704886311433,0.009580704886311433,0.1599999999999996,0.9991287811358004,7.107971817389808e-10,6.491447379742514e-06,6.229362648354621e-05,0.0009287601583333336,0.0015030567116357703,-2.05657783572144e-05,-0.00023620161370871878,0.0018575203166666665,0.00042651477397378026,0.0,0.00042002332659403773,-6.229362648354621e-05,-6.231203086499509e-05,1.0005910283682442,2.806092489945488e-10,0.0004627171273775521,-0.0001104942511088473,-0.0001104942511088473,0.1599999999999996,0.9997046416046246,2.8077509702109625e-10,1.673460910904233e-05,0.00017687494477647232,0.0,0.00022933739770366075,3.6363582012280923e-06,-0.00010043628150394003,-0.004898765115673161,0.0013760794598041415,0.0,0.0013593448506950992,-0.00017687494477647232,-0.00017702327583500366,1.001678346883079,3.4475640900259026e-10,0.0015221577875338705,-0.005084790063762109,-0.005084790063762109,0.1599999999999996,0.9991620816085812,3.4533502984706124e-10]"
/multi_agv/m2b_algorithm_state,1789558476.807006,1789558476.807006,m2b_algorithm_state_v1:header6+3x20,"[1.0,-0.15,0.52,1.6457701649794125e-05,0.00016208207805017691,1789558476.8068416,1.8677237899331407e-05,0.0001972912925742398,0.0,0.000533500159567391,-1.6404488474639888e-06,-0.00022843386918524212,-0.007477851762453523,-0.001881916624555821,0.0,-0.0019005938624551526,-0.0001972912925742398,-0.00019747583291640627,1.0018721142638125,9.976082161363973e-10,-0.002573218160985347,0.00973804901672987,0.00973804901672987,0.16000000000000303,0.9990655041711126,9.994758527075229e-10,7.359183120198968e-06,6.811230549421314e-05,0.0009287601583333336,0.0015359522421297645,-2.2451813951199395e-05,-0.000249366258522906,0.0018575203166666665,0.0004265147739737768,0.0,0.0004191555908535778,-6.811230549421314e-05,-6.813430831327246e-05,1.0006462385618287,3.4280022935959334e-10,0.00045581018025369984,-5.038079680618466e-05,-5.038079680618466e-05,0.16000000000000303,0.9996770669637071,3.430217600868092e-10,1.8492942292265922e-05,0.00018829957693709235,0.0,0.00029961515866251556,2.347669468860268e-06,-0.00012997476493472617,-0.005185669701011454,0.0013760794598041484,0.0,0.0013575865175118826,-0.00018829957693709235,-0.0001884676835250699,1.0017867747389784,5.104039503490895e-10,0.0015085154633647832,-0.0049604055314167944,-0.0049604055314167944,0.16000000000000303,0.9991080349435335,5.11315927234248e-10]"
/multi_agv/m2b_algorithm_state,1789558476.8170576,1789558476.8170576,m2b_algorithm_state_v1:header6+3x20,"[1.0,-0.15,0.52,1.8211825391262617e-05,0.00017372542833089027,1789558476.8169463,2.0693044162660453e-05,0.0002115819089885769,0.0,0.0006381637303621432,-4.051435758603482e-06,-0.0002721718622972357,-0.007927473664845443,-0.001881916624555821,0.0,-0.0019026096687184816,-0.0002115819089885769,-0.00021179414338205264,1.0020077483650374,1.3722466344420047e-09,-0.0025900562292801546,0.00990738720798663,0.00990738720798663,0.15999999999999998,0.998997921330181,1.3750017603787336e-09,8.302852292819017e-06,7.427539644805527e-05,0.0009287601583333336,0.001571068661817375,-2.4464548070925315e-05,-0.000263420044806365,0.0018575203166666665,0.0004265147739737768,0.0,0.0004182119216809578,-7.427539644805527e-05,-7.430156079429129e-05,1.0007047174018608,4.1693522828783204e-10,0.00044846334130690593,1.367117297553888e-05,1.367117297553888e-05,0.15999999999999998,0.9996478627641692,4.172290497986553e-10,2.03772084939029e-05,0.00020038892871389858,0.0,0.00037625864816069284,7.651019751422962e-07,-0.0001620975825198153,-0.005477923937566208,0.0013760794598041484,0.0,0.0013557022513102455,-0.00020038892871389858,-0.00020057930782486842,1.0019015139973924,7.258203179053848e-10,0.0014940485063129384,-0.0048264118512431715,-0.0048264118512431715,0.15999999999999998,0.9990508536845882,7.272004753994736e-10]"
/multi_agv/m2b_algorithm_state,1789558476.8269567,1789558476.8269567,m2b_algorithm_state_v1:header6+3x20,"[1.0,-0.15,0.52,2.014982737447003e-05,0.00019826311079233552,1789558476.8268933,2.288963834106465e-05,0.0002270299988402145,0.0,0.0007485343693710723,-6.877061347490776e-06,-0.0003181489815833452,-0.008381373583679515,-0.001887213679085037,0.0,-0.0019101033174261015,-0.0002270299988402145,-0.0002272743458635108,1.0021543726271798,1.8528881797121153e-09,-0.002614903492646138,0.010111183708951378,0.010111183708951378,0.15999999999999592,0.9989248807542799,1.856879991287712e-09,9.33455637193934e-06,8.078779886114405e-05,0.0009287601583333336,0.001609486256863162,-2.6631807057969834e-05,-0.0002788128884092388,0.0018575203166666665,0.0004508875534910417,0.0,0.00044155299711910235,-8.078779886114405e-05,-8.081875193870059e-05,1.0007665115016346,5.052797602778761e-10,0.00047112249446017726,-2.524720307100223e-05,-2.524720307100223e-05,0.16000000000000422,0.9996170062415712,5.056670630256723e-10,2.2411281460783865e-05,0.00021335848729131225,0.0,0.0004579411882487855,-1.1465311211090873e-06,-0.00019621645733673915,-0.005772958884808353,0.0013692438654535344,0.0,0.0013468325839927505,-0.00021335848729131225,-0.0002135742997252215,1.002024610376308,1.0013001119262887e-09,0.0014699664302657168,-0.0046528935774851,-0.0046528935774851,0.16000000000000422,0.998989520582828,1.003327354522693e-09]"
/multi_agv/m2b_algorithm_state,1789558476.8369246,1789558476.8369246,m2b_algorithm_state_v1:header6+3x20,"[1.0,-0.15,0.52,2.2481558889161364e-05,0.0002536956512017024,1789558476.836834,2.5380195653987387e-05,0.0002612066389868907,0.0036712778666666674,0.004460195663851305,-9.818276878942689e-06,-0.0003339893974373339,-0.0014956703119297136,-0.0018872136790850265,0.0,-0.0019125938747390138,-0.0002612066389868907,-0.00026153006045110864,1.0024787737164589,1.460945411030371e-08,-0.002652272403874876,0.013967101622179314,0.013967101622179314,0.1599999999999904,0.9987633487956984,1.4645667641164143e-08,1.0452558085690983e-05,9.720997917513394e-05,0.0009287601583333336,0.0016690881740218891,-2.9091807866337134e-05,-0.00030315939485160476,-0.005485035416666669,0.0004508875534910417,0.0,0.0004404349954053507,-9.720997917513394e-05,-9.725479327777539e-05,1.0009223399490708,7.58538153267108e-10,0.000453288950978913,0.00010526560252905725,0.00010526560252905725,0.16000000000000694,0.9995392093167742,7.592377833087606e-10,2.4616728383731713e-05,0.0002363727142149819,0.0036712778666666674,0.004218590010628654,-3.4247046150683656e-06,-0.00023345103397272153,-1.2304504837648556e-05,0.0013692438654535344,0.0,0.0013446271370698027,-0.0002363727142149819,-0.0002366375790300961,1.0022430504671878,1.1318514206284084e-08,0.0014441463423071573,-0.0007892471668541866,-0.0007892471668541866,0.16000000000000694,0.998880715327634,1.134390220486236e-08]"
/multi_agv/m2b_algorithm_state,1789558476.8472984,1789558476.8472984,m2b_algorithm_state_v1:header6+3x20,"[1.0,-0.15,0.52,2.5618214025974516e-05,0.0003406447692668416,1789558476.847163,2.8321437540928397e-05,0.0003231569294091858,0.007332893700000002,0.008128038819559109,-1.288987507852988e-05,-0.00033508485716281114,-0.0019609068840904607,-0.0018872136790850265,0.0,-0.0019155351166259549,-0.0003231569294091858,-0.0003236518717293342,1.0030668567438488,4.0722616643455795e-08,-0.0027180707675117776,0.017889308128052818,0.017889308128052818,0.16000000000000308,0.9984707571209032,4.084750707493595e-08,1.1872790815801897e-05,0.0001417083607205539,0.008251991825,0.009071923468029704,-3.182630422007838e-05,-0.00033596187144344547,0.0018381962499999984,0.00045088755349103823,0.0,0.00043901476267523633,-0.0001417083607205539,-0.00014180358149404023,1.0013446068892293,8.757077217000582e-09,0.00040696487185000517,0.007693030855708511,0.007693030855708511,0.16000000000000308,0.9993285023376485,8.768852043356074e-09,2.7250448310753787e-05,0.0002962216634753675,0.007332893700000002,0.007885019639291306,-5.802230460868755e-06,-0.00023429589793824636,-0.0015962738184087995,0.0013692438654535344,0.0,0.0013419934171427807,-0.0002962216634753675,-0.00029663756730490654,1.0028111560014719,3.320357758733731e-08,0.0013808542041235693,0.0031311663225393836,0.0031311663225393836,0.16000000000000308,0.998597939454137,3.329691802374229e-08]"
/multi_agv/m2b_algorithm_state,1789558476.8570027,1789558476.8570027,m2b_algorithm_state_v1:header6+3x20,"[1.0,-0.15,0.52,2.955150569476631e-05,0.00042548319114400047,1789558476.856881,3.2108718649869836e-05,0.00041348380564321753,0.007332893700000002,0.00809617559327533,-1.5910805927732904e-05,-0.00031983740304319713,-0.0024180189650480736,-0.0018872136790850265,0.0,-0.0019193223977348962,-0.00041348380564321753,-0.00041429390544362707,1.0039244459518541,6.63436197039084e-08,-0.0028134469026122474,0.018225759128804336,0.018225759128804336,0.15999999999999268,0.9980446253498657,6.660398165368675e-08,1.4044482119818602e-05,0.00022390537596046552,0.008251991825,0.009108559459074872,-3.4721195718467754e-05,-0.00035021817991912844,0.0018381962499999984,0.00045088755349103823,0.0,0.0004368430713712196,-0.00022390537596046552,-0.0002241430453610505,1.0021247151573274,2.1931295070697904e-08,0.00032191079385297404,0.008068993433587319,0.008068993433587319,0.16000000000000905,0.9989396530229072,2.1977892825754436e-08,3.0701441308235116e-05,0.0003845451261968418,0.007332893700000002,0.007872051980877218,-8.199154772163585e-06,-0.0002274897395448509,-0.0018933966710312478,0.0013692438654535344,0.0,0.0013385424241452993,-0.0003845451261968418,-0.0003852458552791158,1.003649676771693,5.5810970582528466e-08,0.0012879321749025084,0.0034907465111999906,0.0034907465111999906,0.16000000000000905,0.9981810859930828,5.601466258546916e-08]"
/multi_agv/m2b_algorithm_state,1789558476.8670325,1789558476.8670325,m2b_algorithm_state_v1:header6+3x20,"[1.0,-0.15,0.52,3.443688109352727e-05,0.0005119743354143986,1789558476.8669183,3.6709403954245945e-05,0.0005012144904140365,0.007332893700000002,0.008087720521425017,-1.8704665898813245e-05,-0.0003147669911591635,-0.002885471474761943,-0.0019029109496243367,2.4175860309121544e-06,-0.0019396203535785826,-0.0004987969043831243,-0.000499975481730625,1.0047344605165933,9.635320341269099e-08,-0.002924500923703853,0.01863859283845537,0.01863859283845537,0.16000000000000314,0.9976427297126228,9.680938384989566e-08,1.6994119196318895e-05,0.0003047457684429174,0.008251991825,0.00913999831531301,-3.7672159495342255e-05,-0.000362212268103249,0.0018381962499999984,0.0004751238835226379,0.0,0.000458129764326319,-0.0003047457684429174,-0.00030518594270083506,1.002892075168459,4.073148372316567e-08,0.0002674762627070637,0.008330202946315373,0.008330202946315373,0.16000000000000314,0.9985576850164781,4.0849282235815926e-08,3.4950993933734087e-05,0.00047048931457504737,0.007332893700000002,0.007873847964873077,-1.0480160929874374e-05,-0.00022708826380536218,-0.0021972408023452636,0.0013748017001739554,0.0,0.0013398507062402213,-0.00047048931457504737,-0.0004715380213005776,1.0044657532574213,8.348787210900149e-08,0.0012032753614996988,0.003834038435077687,0.003834038435077687,0.16000000000000314,0.9977759869233074,8.386070834582743e-08]"
/multi_agv/m2b_algorithm_state,1789558476.8773022,1789558476.8773022,m2b_algorithm_state_v1:header6+3x20,"[1.0,-0.15,0.52,4.0217840172843045e-05,0.0005986512816033334,1789558476.877129,4.230113762880886e-05,0.0005905841408260246,0.007332893700000002,0.008086588558380122,-2.1476976255393504e-05,-0.0003128550396546866,-0.0033547772553711164,-0.0019023347214932095,2.26573614192462e-06,-0.0019446358591220184,-0.0005883184046840999,-0.0005899576007258183,1.0055846920818934,1.3389582355519816e-07,-0.0030207524246283414,0.019007165719754224,0.019007165719754224,0.15999999999999825,0.9972215019525105,1.3464359050080547e-07,2.084446966167981e-05,0.00038718976722754725,0.008251991825,0.009171964042796594,-4.077723429554239e-05,-0.0003743537045605541,0.0018381962499999984,0.0004751238835226379,0.0,0.00045427941386095807,-0.00038718976722754725,-0.00038790016265003905,1.0036747866428062,6.592266684808289e-08,0.00017994910467615852,0.008709277869699352,0.008709277869699352,0.15999999999999825,0.9981686127233396,6.61649185836744e-08,4.016503599009314e-05,0.000558149098189624,0.007332893700000002,0.007879902170795929,-1.2794422644496318e-05,-0.00022849982164618908,-0.002502289559741226,0.0013748017001739624,0.0,0.0013346366641838693,-0.000558149098189624,-0.000559624641438714,1.0052982660672651,1.174762830715054e-07,0.0011086711887911228,0.004216914485902742,0.004216914485902742,0.15999999999999825,0.9973633340281505,1.1809870367581159e-07]"
/multi_agv/m2b_algorithm_state,1789558476.8871534,1789558476.8871534,m2b_algorithm_state_v1:header6+3x20,"[1.0,-0.15,0.52,4.685896615708276e-05,0.0006850742207023828,1789558476.887044,4.881534135027603e-05,0.0006800127295581126,0.007332893700000002,0.008095970134983655,-2.421936613223657e-05,-0.0003154771586089544,-0.0038227529161744974,-0.0018990305224078732,6.731509127288754e-05,-0.0019478458637581491,-0.0006126976382852251,-0.0006144742103435524,1.0058124132077968,1.4524031233823544e-07,-0.0030492815400412388,0.019125327390076857,0.019125327390076857,0.15999999999999517,0.9971087931300907,1.4608450904797472e-07,2.5556108859558047e-05,0.00047000251175466107,0.008251991825,0.009202775473046218,-4.3985193939855e-05,-0.0003859463095460167,0.0018381962499999984,0.00047143424849938054,0.0,0.00044587813963982247,-0.00047000251175466107,-0.00047104905084345675,1.0044611304589774,9.737742552360748e-08,8.62986237063213e-05,0.009108393114455523,0.009108393114455523,0.1600000000000031,0.9977782800179266,9.781183892262764e-08,4.628207030869505e-05,0.0006459386034972262,0.007332893700000002,0.007892596917808048,-1.5125671607697991e-05,-0.0002327567312654451,-0.002806473739263424,0.0013748017001739624,0.0,0.0013285196298652674,-0.0006459386034972262,-0.0006479143478835399,1.0061321584016847,1.5744287969366059e-07,0.0010127351894480443,0.004610497890337482,0.004610497890337482,0.1600000000000031,0.9969506086834354,1.584083443711595e-07]"
/multi_agv/m2b_algorithm_state,1789558476.8971064,1789558476.8971064,m2b_algorithm_state_v1:header6+3x20,"[1.0,-0.15,0.52,5.435956480582726e-05,0.0007714097387105809,1789558476.896979,5.621098660581066e-05,0.0007690646202662084,0.007332893700000002,0.008117065196830517,-2.696463367184901e-05,-0.00032313233996589296,-0.004289411603344714,-0.001917568495401494,6.138947079564819e-05,-0.001973779482007305,-0.0007076751494705602,-0.0007100447368347128,1.0067144743551688,1.9408064233337515e-07,-0.003177269089343844,0.019628850669886573,0.019628850669886573,0.1599999999999916,0.9966627632862742,1.9538379182915728e-07,3.110170294639173e-05,0.0005527664041692367,0.008251991825,0.009232248576189641,-4.72717896320731e-05,-0.00039692344959943817,0.0018381962499999984,0.00047143424849938054,0.0,0.00044033254555298884,-0.0005527664041692367,-0.0005542136459633846,1.005247141895532,1.3500340646868556e-07,-3.7979640221485035e-06,0.009492964570510595,0.009492964570510595,0.16000000000000733,0.9973886572359073,1.3571178849880695e-07,5.32642089190459e-05,0.0007333916376717033,0.007332893700000002,0.007912932595430007,-1.749069233559659e-05,-0.00024028040364957042,-0.0031098018859240656,0.0013738527935013428,0.0,0.001320588584582297,-0.0007333916376717033,-0.0007359379832411177,1.0069630012364554,2.0329349918744008e-07,0.0009147977474867534,0.005017912309911476,0.005017912309911476,0.16000000000000733,0.9965399997997113,2.047090320736456e-07]"
/multi_agv/m2b_algorithm_state,1789558476.9072528,1789558476.9072528,m2b_algorithm_state_v1:header6+3x20,"[1.0,-0.15,0.52,6.287159978550944e-05,0.0008593396585362662,1789558476.9070992,6.448685747348793e-05,0.0008579716319070617,0.007332893700000002,0.00815350030815405,-2.9765012414701012e-05,-0.0003373525940101161,-0.00476261980743488,-0.0019155440841935108,7.701909400934598e-05,-0.0019800309416669985,-0.0007809525378977157,-0.0007838372265384189,1.0074091050615188,2.3718509809255315e-07,-0.003258875903622167,0.019976506879542118,0.019976506879542118,0.15999999999999429,0.996319786120082,2.389424274033475e-07,3.748148724328446e-05,0.0006355579034633237,0.008251991825,0.009261009145064152,-5.063423268762839e-05,-0.0004075555057417717,0.0018381962499999984,0.00047143424849938054,0.0,0.00043395276125609606,-0.0006355579034633237,-0.0006374707085998909,1.006033546828394,1.7886997580300479e-07,-9.502975702977085e-05,0.009880221723506643,0.009880221723506643,0.16000000000000203,0.9969993834841943,1.7994919617820593e-07,6.111034970070938e-05,0.0008206996807613574,0.007332893700000002,0.007943418928007701,-1.9923606574136763e-05,-0.0002521320760540092,-0.0034173872185826737,0.0013738527935013428,0.0,0.0013127424438006334,-0.0008206996807613574,-0.0008238876290539213,1.007792612264944,2.553198094562779e-07,0.0008170404256968705,0.0054340665369242425,0.0054340665369242425,0.16000000000000203,0.9961306030335416,2.5730941773493006e-07]"
/multi_agv/m2b_algorithm_state,1789558476.9171803,1789558476.9171803,m2b_algorithm_state_v1:header6+3x20,"[1.0,-0.15,0.52,7.213976919005762e-05,0.0009461372997778897,1789558476.917116,7.380845818757818e-05,0.0009486296152263989,0.007332893700000002,0.008191691285082386,-3.27296829244379e-05,-0.00035224328883158996,-0.005227531474200419,-0.00190678512205984,0.000142684959931758,-0.001980593580247418,-0.0008059446552946409,-0.0008090146737195731,1.007641298580788,2.535257247055883e-07,-0.0032847566490288456,0.02011392378604731,0.02011392378604731,0.15999999999998896,0.9962052376493773,2.554629904659744e-07,4.4828159081770894e-05,0.0007197014343708714,0.008251991825,0.009291621004647055,-5.413032211121564e-05,-0.00041891467249618433,0.0018381962499999984,0.00047143424849938054,0.0,0.00042660608941760966,-0.0007197014343708714,-0.0007221536930035878,1.0068329285509476,2.2991852329618098e-07,-0.00018889608123157575,0.010278579277396803,0.010278579277396803,0.16000000000000425,0.9966042427581904,2.3148954013840316e-07,6.997818208717925e-05,0.0009096879260115284,0.007332893700000002,0.007975263125464382,-2.2507109232036915e-05,-0.0002644900914092645,-0.0037195798019802728,0.0013738527935013428,0.0,0.0013038746114141637,-0.0009096879260115284,-0.0009136037476708886,1.0086383382966637,3.1464817847264654e-07,0.0007162395165968161,0.005862362903742424,0.005862362903742424,0.16000000000000425,0.995713873033749,3.173662158827223e-07]"
/multi_agv/m2b_algorithm_state,1789558476.9269962,1789558476.9269962,m2b_algorithm_state_v1:header6+3x20,"[1.0,-0.15,0.52,8.233845171939593e-05,0.0010336861770169705,1789558476.926901,8.389808709854557e-05,0.001038061416970785,0.007332893700000002,0.008245323469345443,-3.5783790211956775e-05,-0.0003737251576286794,-0.005693106970769201,-0.0019025348375727516,0.0001510808600710444,-0.001986432924671297,-0.0008869805568997406,-0.0008906978455859994,1.0084095798099486,3.0878392695372616e-07,-0.003373739001425121,0.020506550901391536,0.020506550901391536,0.16000000000000295,0.9958265435302439,3.1138067003147285e-07,5.291864508421052e-05,0.0008029378307324185,0.008251991825,0.00932070520183469,-5.7663372317541265e-05,-0.0004295984071364138,0.0018381962499999984,0.0004586067971346676,0.0,0.00040568815205045705,-0.0008029378307324185,-0.0008059894298072069,1.0076238253492267,2.868161653145831e-07,-0.0002988792397441356,0.010731101625985348,0.010731101625985348,0.16000000000000295,0.9962138472764857,2.890028016662764e-07,7.960257538741675e-05,0.0009974126516304658,0.007332893700000002,0.008017692531906416,-2.517432871480726e-05,-0.00028135493033596185,-0.004022203874749981,0.0013738527935013428,0.0,0.001294250218113926,-0.0009974126516304658,-0.0010021190052343547,1.0094722036031072,3.799158434776617e-07,0.000615693767408053,0.006299024644815554,0.006299024644815554,0.16000000000000295,0.9953035980963274,3.835144836991283e-07]"
/multi_agv/m2b_algorithm_state,1789558476.9370072,1789558476.9370072,m2b_algorithm_state_v1:header6+3x20,"[1.0,-0.15,0.52,9.346564206334031e-05,0.0011219012902317178,1789558476.9368584,9.494566511732043e-05,0.0011283847562819412,0.007332893700000002,0.008307641678140684,-3.904323206777316e-05,-0.00039883524930670543,-0.006158168360048845,-0.0019069098171157217,0.00015801108561125496,-0.002001855482233042,-0.0009703736706706863,-0.0009748214917360154,1.0092003615265306,3.720079616355293e-07,-0.003477140844527318,0.020958697976691823,0.020958697976691823,0.15999999999999096,0.9954372968763664,3.754305693733239e-07,6.190579739002652e-05,0.0008867530079434899,0.008251991825,0.009351114233745485,-6.129796298810826e-05,-0.00044079950722044183,0.0018381962499999984,0.0004586067971346676,0.0,0.00039670099974464107,-0.0008867530079434899,-0.0008904740996183309,1.0084203551141124,3.5064730744702916e-07,-0.00039459784993752954,0.011134287751687847,0.011134287751687847,0.16000000000000572,0.9958212241361811,3.5359988229554053e-07,9.016389265084087e-05,0.0010859207668254805,0.007332893700000002,0.008066309525228191,-2.801601136494399e-05,-0.00030078984881658937,-0.004324493777781751,0.0013852027194785899,0.0,0.001295038826827749,-0.0010859207668254805,-0.0010914981040516328,1.0103136635681118,4.526358412139965e-07,0.0005273004294830534,0.006698858986136436,0.006698858986136436,0.16000000000000572,0.9948901998038758,4.5730417499914693e-07]"
/multi_agv/m2b_algorithm_state,1789558476.947104,1789558476.947104,m2b_algorithm_state_v1:header6+3x20,"[1.0,-0.15,0.52,0.00010550470238382098,0.0012106219389775104,1789558476.946895,0.00010694994745581997,0.0012195336443133983,0.007332893700000002,0.008378031929532008,-4.2537225905049986e-05,-0.00042729473964393317,-0.006621205291500673,-0.00190409031113173,0.00017153851292756023,-0.0020110402585875498,-0.001047995131385838,-0.0010531811813381965,1.0099357148280654,4.371471009425845e-07,-0.0035669815045726336,0.021368847988663085,0.021368847988663085,0.16000000000000092,0.9950758235674428,4.4149046987546554e-07,7.178690459638684e-05,0.0009710460600372915,0.008251991825,0.009382961625371456,-6.503621240086037e-05,-0.00045256569058327897,0.0018381962499999984,0.00045860679713467106,0.0,0.0003868198925382842,-0.0009710460600372915,-0.0009755071964201775,1.0092215612107507,4.215316523574187e-07,-0.0004919823307473222,0.011544313246000729,0.011544313246000729,0.16000000000000092,0.9954268544617026,4.254188322919015e-07,0.00010166007413781409,0.0011751241663444636,0.007332893700000002,0.008120841675857231,-3.105305559195838e-05,-0.0003226670758396553,-0.004625467783225437,0.001385202719478583,0.0,0.0012835426453407688,-0.0011751241663444636,-0.0011816538646730545,1.011161884034233,5.331296867349249e-07,0.0004227744420029066,0.007160843555516412,0.007160843555516412,0.16000000000000092,0.9944741023375762,5.39080418473467e-07]"
/multi_agv/m2b_algorithm_state,1789558476.9569864,1789558476.9569864,m2b_algorithm_state_v1:header6+3x20,"[1.0,-0.15,0.52,0.00011846592485586419,0.0012999250917313148,1789558476.9568365,0.00011989454197009662,0.001311355730980036,0.007332893700000002,0.008456852498610973,-4.628815692417808e-05,-0.00045924622246082457,-0.00708194707808746,-0.0018941910725636653,0.0002305200220052507,-0.002014085614533762,-0.0010808357089747852,-0.0010863480815155129,1.0102412523241435,4.688551454102953e-07,-0.003603955099682716,0.021587689482135183,0.021587689482135183,0.15999999999999848,0.9949257768900024,4.736568092579151e-07,8.254544665343642e-05,0.0010556567768884304,0.008251991825,0.009416243501288028,-6.887776719115372e-05,-0.0004648954862672397,0.0018381962499999984,0.00045860679713467106,0.0,0.00037606135048123465,-0.0010556567768884304,-0.001060928004062157,1.0100259225348862,4.995066479196438e-07,-0.0005908513159606136,0.011960450170253666,0.011960450170253666,0.15999999999999848,0.9950314939811716,5.045146628773468e-07,0.00011407411852792991,0.0012648533090640645,0.007332893700000002,0.008181636348769707,-3.430177626311985e-05,-0.0003471276037579096,-0.004924949944506851,0.001385202719478583,0.0,0.001271128600950653,-0.0012648533090640645,-0.0012724164162446472,1.0120152556983428,6.216831994911347e-07,0.000316494334943669,0.007634712690319815,0.007634712690319815,0.15999999999999848,0.994056106881343,6.291528820963846e-07]"
/multi_agv/m2b_algorithm_state,1789558476.9670799,1789558476.9670799,m2b_algorithm_state_v1:header6+3x20,"[1.0,-0.15,0.52,0.00013237573288919137,0.0013899823834351895,1789558476.9669306,0.0001337923412088232,0.001403959234261738,0.007332893700000002,0.008544038024031236,-5.032720773789036e-05,-0.0004946456822140057,-0.0075406045073865375,-0.001890359608074789,0.00021809350333417213,-0.0020241519492836123,-0.0011858657309275658,-0.001192500430435534,1.011239043516152,5.6966962387063e-07,-0.0037226903670400492,0.02212346307657212,0.02212346307657212,0.1599999999999907,0.9944363126933674,5.760721655631419e-07,9.418859254759716e-05,0.0011406205472248403,0.008251991825,0.00945126125199581,-7.283199692480107e-05,-0.00047791363351942307,0.0018381962499999984,0.0004582619850481834,0.0,0.0003640733925005862,-0.0011406205472248403,-0.0011467730045506264,1.010833776909284,5.847851816532995e-07,-0.0006916812639248936,0.01238466927079623,0.01238466927079623,0.16000000000000464,0.9946349824233987,5.911206138511865e-07,0.0001274168408111722,0.0013551954937073656,0.007332893700000002,0.0082487412765136,-3.778660917922317e-05,-0.000374179462422676,-0.005223077273551254,0.001384838204763917,0.0,0.0012574213639527448,-0.0013551954937073656,-0.0013638754474875785,1.0128746114540508,7.188229672033569e-07,0.0002079012574533524,0.008122485696151488,0.008122485696151488,0.16000000000000464,0.9936358163817655,7.28077533610348e-07]"
/multi_agv/m2b_algorithm_state,1789558476.9769797,1789558476.9769797,m2b_algorithm_state_v1:header6+3x20,"[1.0,-0.15,0.52,0.00014710617736593881,0.0014799736517168251,1789558476.9768753,0.00014867372704796975,0.0014975547248196515,0.007332893700000002,0.00863576627687486,-5.468898734413401e-05,-0.0005318324494060243,-0.007992640572462082,-0.001876846737892766,0.00035154939808691667,-0.0020255204649407355,-0.001146005326732735,-0.0011521937725029372,1.010846090146572,5.371051708663276e-07,-0.0036840943536788563,0.022067944235875693,0.022067944235875693,0.1600000000000011,0.9946289887014761,5.429306619677337e-07,0.00010673777042070231,0.0012260530507963528,0.008251991825,0.009488423309707861,-7.691388740546724e-05,-0.0004917879979165101,0.0018381962499999984,0.0004582619850481834,0.0,0.0003515242146274811,-0.0012260530507963528,-0.0012331600154173953,1.0116462260053296,6.777053686616646e-07,-0.0007937547471330439,0.012814890485730372,0.012814890485730372,0.1600000000000011,0.9942367863600923,6.855980785501236e-07,0.0001417157011989021,0.0014463393746895641,0.007332893700000002,0.008319752779133745,-4.153559372587444e-05,-0.00040277509609212077,-0.005516900715850355,0.0013848382047639135,0.0,0.0012431225035650115,-0.0014463393746895641,-0.0014562236889621293,1.0137417491790304,8.250104826711661e-07,9.767944049413513e-05,0.008619419600009047,0.008619419600009047,0.1600000000000011,0.993212365416463,8.36347569794104e-07]"
/multi_agv/m2b_algorithm_state,1789558476.9869869,1789558476.9869869,m2b_algorithm_state_v1:header6+3x20,"[1.0,-0.15,0.52,0.00016302842804721463,0.001584212473557016,1789558476.9869113,0.00016440495926131146,0.0015912474992283135,0.007332893700000002,0.008741493403275227,-5.934672661453915e-05,-0.0005748851463380614,-0.008447198554726464,-0.0018515888268182705,0.000591657339805738,-0.002015993786079582,-0.0009995901594225755,-0.0010042887328732594,1.0094359287688368,4.130989561112816e-07,-0.0035242809654727368,0.02156786992729206,0.02156786992729206,0.16000000000000011,0.9953214914228489,4.169969284356285e-07,0.00012007366858014769,0.0013112700089073206,0.008251991825,0.009526750240515643,-8.109752635737338e-05,-0.0005061109284285135,0.0018381962499999984,0.0004773197382861166,0.0,0.00035724606970596894,-0.0013112700089073206,-0.0013193973692623008,1.0124567628318781,7.776116161328212e-07,-0.0008728397821298397,0.013164993650659705,0.013164993650659705,0.16000000000000011,0.9938400965893057,7.872981396103012e-07,0.00015683990425635727,0.0015374034470148413,0.007332893700000002,0.008400893093987057,-4.552763392575709e-05,-0.0004356000585814053,-0.005812363404322203,0.0013848382047639135,0.0,0.0012279983005075562,-0.0015374034470148413,-0.0015485688526765682,1.0146082838657298,9.403481203740448e-07,-1.3570977042122847e-05,0.009129229504646317,0.009129229504646317,0.16000000000000011,0.9927898551992517,9.540849926490742e-07]"
/multi_agv/m2b_algorithm_state,1789558476.9969323,1789558476.9969323,m2b_algorithm_state_v1:header6+3x20,"[1.0,-0.15,0.52,0.00018000374365379445,0.0017183418981623455,1789558476.9968467,0.000181448765371241,0.0017051855464600466,0.011024217600000002,0.012461015326555828,-6.414489998777222e-05,-0.0005845414481122654,-0.00151107719074811,-0.001828842331637524,0.0008337625245749279,-0.002010291097008765,-0.0008714230218851187,-0.0008749864201672762,1.0082048015499367,4.4686997542582235e-07,-0.0033878502914282327,0.02476756323508904,0.02476756323508904,0.15999999999999193,0.9959274816156847,4.5053645489281636e-07,0.00013448981712137052,0.0014075023990816145,0.008251991825,0.009588033635523656,-8.561583277753236e-05,-0.0005301302234262048,-0.005544451550000003,0.0004773197382861166,0.0,0.0003428299211647461,-0.0014075023990816145,-0.0014168640011371983,1.013372237244584,9.007746142639697e-07,-0.0009883265996812657,0.013669257123244894,0.013669257123244894,0.16000000000000497,0.9933927306727603,9.128199861098061e-07,0.00017314670164903239,0.0016399494751293871,0.011024217600000002,0.01217636175023612,-4.991568235955692e-05,-0.0004695139715425803,-1.1921152736271354e-05,0.0013730421270413892,0.0,0.0011998954253923568,-0.0016399494751293871,-0.0016526505026630291,1.0155842635577208,1.5491449297106525e-06,-0.00015278122092258302,0.013434591153321398,0.013434591153321398,0.16000000000000497,0.9923147528692994,1.5732872125843702e-06]"
/multi_agv/m2b_algorithm_state,1789558477.00712,1789558477.00712,m2b_algorithm_state_v1:header6+3x20,"[1.0,-0.15,0.52,0.00019862858913931452,0.0018836276749053572,1789558477.0069094,0.00019959048022167138,0.0018457762365270054,0.014680380000000003,0.016113613705489804,-6.89745223110752e-05,-0.0005805305614179818,-0.0019555590345872033,-0.0018156464951095974,0.0007569522371821639,-0.002015236975331269,-0.0010888239993448415,-0.001094388206071399,1.0102619180019734,9.008895305366424e-07,-0.0036134344252354853,0.029280551097655372,0.029280551097655372,0.15999999999999415,0.9949156919859985,9.101343850278458e-07,0.00014988315497652997,0.0015308689467900902,0.015564316625000001,0.01698114553319881,-9.036176603179343e-05,-0.0005624188541167657,0.001767873249999996,0.00047731973828611315,0.0,0.0003274365833095832,-0.0015308689467900902,-0.0015419398367658857,1.0145460985920955,1.8847802555350917e-06,-0.0011326441076289066,0.02161509922967809,0.02161509922967809,0.16000000000000686,0.9928201543848716,1.91219645495654e-06,0.000190537595763182,0.0017783805111699408,0.014680380000000003,0.01583262224336,-5.432294250811294e-05,-0.0004672926178242499,-0.0015804911912316818,0.0013730421270413823,0.0,0.0011825045312782003,-0.0017783805111699408,-0.0017933106574172788,1.016902090963266,2.3652470808501284e-06,-0.0003151799933195285,0.017715454211610686,0.017715454211610686,0.16000000000000686,0.9916745343671574,2.4052247021612568e-06]"
/multi_agv/m2b_algorithm_state,1789558477.017046,1789558477.017046,m2b_algorithm_state_v1:header6+3x20,"[1.0,-0.15,0.52,0.00021879761681207552,0.0020476736407934195,1789558477.0168543,0.00021941706739353462,0.002014280430696622,0.014680380000000003,0.01607518049189439,-7.369070330411626e-05,-0.0005615906752943336,-0.0023926878506405243,-0.0018173728064670304,0.0008177656649038398,-0.002036789873860565,-0.0011965147657927821,-0.0012032279500683587,1.0112710962511127,1.0832969632988027e-06,-0.003749215292394065,0.029751351049062225,0.029751351049062225,0.16000000000000278,0.9944206878877812,1.0955069076406816e-06,0.00016688042533421156,0.001691718963870703,0.015564316625000001,0.01701792947604757,-9.524449141530889e-05,-0.0005757261331039633,0.001767873249999996,0.00047731973828611315,0.0,0.0003104393129519016,-0.001691718963870703,-0.001705232634087653,1.0160770535665629,2.302701184074026e-06,-0.001317183492897776,0.022358650864944818,0.022358650864944818,0.16000000000000278,0.9920751749955923,2.3397218343581717e-06,0.0002095882746901974,0.0019448836301487473,0.014680380000000003,0.015816805636774255,-5.8702646755824075e-05,-0.000458245923179433,-0.0018646249216663405,0.0013730421270413823,0.0,0.001163453852351185,-0.0019448836301487473,-0.0019627322852881035,1.018487632261241,2.821058704898068e-06,-0.0005084149698491225,0.018441775000597484,0.018441775000597484,0.16000000000000278,0.9909062202353613,2.8732134008215963e-06]"
/multi_agv/m2b_algorithm_state,1789558477.026951,1789558477.026951,m2b_algorithm_state_v1:header6+3x20,"[1.0,-0.15,0.52,0.00024088207236223035,0.0022135690900063243,1789558477.0268502,0.00024080676555840967,0.0021811702836894904,0.014680380000000003,0.01605699791279871,-7.817179767811053e-05,-0.0005514766060393145,-0.002830075327074885,-0.0017614758551674492,0.0013439741502309095,-0.002002282620725859,-0.0008371961334585809,-0.0008404684405102795,1.0078415425130367,5.284783998364486e-07,-0.003343321716417603,0.02819639048307252,0.02819639048307252,0.16000000000000136,0.9961065676068551,5.326224856759878e-07,0.00018539763144923634,0.0018518507545780716,0.015564316625000001,0.017051159393248364,-0.00010019995608851753,-0.0005874686586460434,0.001767873249999996,0.0004538584335490488,0.0,0.00026846080209981245,-0.0018518507545780716,-0.0018680367712926394,1.0176016542737814,2.759949279398772e-06,-0.0015324607686678737,0.02320301394022218,0.02320301394022218,0.16000000000000136,0.9913352793888702,2.808528952427921e-06,0.00023018845342858053,0.0021099998841126962,0.014680380000000003,0.01581334010566279,-6.295485857815372e-05,-0.0004545740454796367,-0.0021489267813486757,0.0013686395513526142,0.0,0.0011384510979240336,-0.0021099998841126962,-0.00213099838269733,1.0200604776821638,3.31385574561941e-06,-0.0007079345102922877,0.01919912605451841,0.01919912605451841,0.16000000000000136,0.9901461686901637,3.3803332748463183e-06]"
/multi_agv/m2b_algorithm_state,1789558477.0371315,1789558477.0371315,m2b_algorithm_state_v1:header6+3x20,"[1.0,-0.15,0.52,0.0002644107838072963,0.0023777247890435296,1789558477.0368254,0.00026414763587333186,0.0023497782269164087,0.014680380000000003,0.01604151893165286,-8.257898015580673e-05,-0.0005425625586215949,-0.003258111701756386,-0.0016319202147614218,0.0019024441305551226,-0.0018960678506347536,-0.0004473340963612861,-0.0004482640673369586,1.0041647061594579,1.5036456862176555e-07,-0.0028183488806304002,0.0262008187429129,0.0262008187429129,0.15999999999999465,0.9979253947763487,1.5099079286686884e-07,0.00020578319227187856,0.002013959931553425,0.015564316625000001,0.01708366451501566,-0.00010529664027105542,-0.0005988274753586987,0.001767873249999996,0.0004538584335490488,0.0,0.0002480752412771702,-0.002013959931553425,-0.002033095368899665,1.0191455695713043,3.264903410337357e-06,-0.0017230013173032024,0.023958674298118,0.023958674298118,0.16000000000000633,0.9905880276749653,3.3274118457235595e-06,0.0002527153889414807,0.0022769691115491404,0.014680380000000003,0.01581096300780815,-6.720255522836381e-05,-0.0004513723323677798,-0.002427150424891651,0.0013686395513526073,0.0,0.0011159241624111266,-0.0022769691115491404,-0.0023014113235547344,1.0216514893929936,3.851669533256357e-06,-0.0009065061205408261,0.019952390634068454,0.019952390634068454,0.16000000000000633,0.98937946826131,3.935063915300974e-06]"
/multi_agv/m2b_algorithm_state,1789558477.0469732,1789558477.0469732,m2b_algorithm_state_v1:header6+3x20,"[1.0,-0.15,0.52,0.0002898403644127512,0.0025435009352385986,1789558477.0468726,0.0002889406359785472,0.0025163639423217894,0.014680380000000003,0.016045929741694543,-8.684441381704293e-05,-0.0005422719776326058,-0.0036850062610533575,-0.0016277554050194755,0.0012044802356964445,-0.0019166960409980225,-0.0013118837066253448,-0.0013199197450463537,1.0123107411720917,1.2924157686660732e-06,-0.003715789796293882,0.029640564619657354,0.029640564619657354,0.1599999999999951,0.9939117219428165,1.3083263646808512e-06,0.00022760323757718822,0.0021747566609487765,0.015564316625000001,0.01711322197501067,-0.00011042263869032409,-0.0006089043842842598,0.001767873249999996,0.00045955978279623084,6.000118280160806e-05,0.00023195654521904262,-0.0021147554781471684,-0.0021358355857872867,1.020093466801579,3.5997123091180058e-06,-0.0018458899042634834,0.02445206158813322,0.02445206158813322,0.16000000000000644,0.9901302760472792,3.672043008896504e-06,0.00027668847786615336,0.0024420537638600234,0.014680380000000003,0.01582115495147154,-7.136968913441192e-05,-0.0004536154670120845,-0.0027046318884346816,0.0013686395513526073,0.0,0.001091951073486454,-0.0024420537638600234,-0.002470156050269204,1.0232250513415673,4.4255353406714075e-06,-0.0011052172084111366,0.020715345097123573,0.020715345097123573,0.16000000000000644,0.9886232748711895,4.528318626172421e-06]"
/multi_agv/m2b_algorithm_state,1789558477.056964,1789558477.056964,m2b_algorithm_state_v1:header6+3x20,"[1.0,-0.15,0.52,0.00031687629008670656,0.0027088728294791128,1789558477.0568533,0.0003156630823870037,0.0026845319610503283,0.014680380000000003,0.016055402322925582,-9.112854858378002e-05,-0.000544148034360307,-0.004105298301141999,-0.0017909208028330983,0.0002116673679673246,-0.002106583885220102,-0.0024728645930830037,-0.0025016160171059377,1.0234679488443383,4.592154441217369e-06,-0.005134845873631066,0.034902675081853685,0.034902675081853685,0.1600000000000025,0.9885068596353985,4.69992288672916e-06,0.0002512866508788548,0.0023371966766445895,0.015564316625000001,0.01714275364037718,-0.00011566114060168923,-0.0006189127757820273,0.001767873249999996,0.00046016235067463426,6.000118280160806e-05,0.00020887569979577945,-0.0022771954938429814,-0.0023016276204568913,1.0216403732758903,4.173971481468413e-06,-0.002040532995712167,0.025215102356152583,0.025215102356152583,0.1600000000000025,0.9893848481844946,4.264297782370311e-06,0.00030257135997239517,0.002608774168020878,0.014680380000000003,0.015834359452585867,-7.558422112299222e-05,-0.000457129518089659,-0.0029778217144923007,0.0013686395513526073,0.0,0.0010660681913802121,-0.002608774168020878,-0.002640830007031228,1.0248147159244816,5.0457381731373906e-06,-0.0013082447678059628,0.021494253004107913,0.021494253004107913,0.1600000000000025,0.987861453056425,5.170946732533108e-06]"
/multi_agv/m2b_algorithm_state,1789558477.067028,1789558477.067028,m2b_algorithm_state_v1:header6+3x20,"[1.0,-0.15,0.52,0.00034563696667218763,0.00287465971332154,1789558477.0668461,0.0003440048140801225,0.002852188303695622,0.014680380000000003,0.01607697450066406,-9.540741596995308e-05,-0.0005512289324161718,-0.004520727769933768,-0.0017914473256754131,0.00018228451290725332,-0.0021354521397555356,-0.0026699037907883688,-0.002703411652142151,1.0253503905341161,5.351020904242724e-06,-0.005372726826836571,0.035793040315375765,0.035793040315375765,0.15999999999999567,0.9876053425577157,5.486671373921496e-06,0.0002765598464954813,0.0024994050291756217,0.015564316625000001,0.017171139582705858,-0.00012094933077367567,-0.0006284034009104724,0.001767873249999996,0.0004655370197512594,0.00034202047323384784,0.0001889771732557781,-0.002157384555941774,-0.0021792576803423788,1.0204404177464441,3.744819574160275e-06,-0.0019430362137726562,0.024863091375591905,0.024863091375591905,0.16000000000000633,0.9899630389751942,3.821365250641172e-06,0.00033006420968451577,0.002775025155566094,0.014680380000000003,0.01585538538119592,-7.981267678079711e-05,-0.00046399920993321023,-0.0032478508692069495,0.0013721026518653326,0.0,0.0010420384421808168,-0.002775025155566094,-0.002811280451613121,1.0264004142313117,5.706882190014442e-06,-0.0015087323988870998,0.022269391035089722,0.022269391035089722,0.16000000000000633,0.98710363598686,5.857546243800119e-06]"
/multi_agv/m2b_algorithm_state,1789558477.0770288,1789558477.0770288,m2b_algorithm_state_v1:header6+3x20,"[1.0,-0.15,0.52,0.000376023368513339,0.0030403250295378895,1789558477.0768666,0.0003740888277681162,0.0030202417091353792,0.014680380000000003,0.016106410419131075,-9.974934850990575e-05,-0.0005616586734310531,-0.004929704889942633,-0.001611341033744143,0.0016714018782463984,-0.001985429861512259,-0.0013488398308889808,-0.0013572940110568074,1.0125980563897237,1.3633820284162197e-06,-0.0038390813379471315,0.030144760611959205,0.030144760611959205,0.15999999999999773,0.9937712978183378,1.380557992090943e-06,0.00030353526330379485,0.002662065605471426,0.015564316625000001,0.01719934571711586,-0.00012630511010517823,-0.0006377823235503423,0.001767873249999996,0.0004689271044506226,0.00034202047323384784,0.00016539184114682773,-0.0023200451322375783,-0.0023453297337056,1.0219850666466812,4.330471066542469e-06,-0.0021385899322720653,0.025627202985855677,0.025627202985855677,0.16000000000000286,0.9892191698656921,4.42567676155193e-06,0.0003592868089446517,0.002941671825357815,0.014680380000000003,0.015881604821172027,-8.410532487461588e-05,-0.00047306905626716715,-0.0035136859972127116,0.0013721026518653326,0.0,0.001012815842920681,-0.002941671825357815,-0.00298239380865234,1.027990395531483,6.4122004310741965e-06,-0.0017163740050014885,0.023071885897891335,0.023071885897891335,0.16000000000000286,0.9863458731786577,6.59168045736711e-06]"
/multi_agv/m2b_algorithm_state,1789558477.087098,1789558477.087098,m2b_algorithm_state_v1:header6+3x20,"[1.0,-0.15,0.52,0.00040819153988277246,0.003206767930039664,1789558477.0869966,0.0004058117271140286,0.0031881643719219956,0.014680380000000003,0.016146937633452825,-0.00010417302075565164,-0.0005768155562664328,-0.005334121825910674,-0.0015314892891006553,0.0018552822281243074,-0.0019373010162146839,-0.0013328821437976882,-0.00134112245641231,1.0124255926611707,1.33201729786351e-06,-0.003762748726680665,0.029913589514301966,0.029913589514301966,0.1599999999999954,0.9938556598055439,1.3485684022243952e-06,0.00033211994504004874,0.0028246476321674725,0.015564316625000001,0.017227309974659433,-0.00013171027041987063,-0.000647032192111251,0.001767873249999996,0.0004743513500920097,0.0008275399923146072,0.00014223140505196098,-0.0019971076398528653,-0.002015767322534141,1.0188254155132892,3.206668856795901e-06,-0.0018379780662191895,0.02449709564651352,0.02449709564651352,0.1600000000000053,0.9907431366345312,3.267035730438608e-06,0.0003901384333859395,0.0031081630845242003,0.014680380000000003,0.015915269039115717,-8.84700221377053e-05,-0.0004853030762305508,-0.003776557005591938,0.0013721026518653326,0.0,0.000981964218479393,-0.0031081630845242003,-0.0031536044154115653,1.0295794012463617,7.161159793032267e-06,-0.001926149142312324,0.023886413599467773,0.023886413599467773,0.1600000000000053,0.985590668675724,7.3729826119396815e-06]"
/multi_agv/m2b_algorithm_state,1789558477.0972626,1789558477.0972626,m2b_algorithm_state_v1:header6+3x20,"[1.0,-0.15,0.52,0.00044186738270919927,0.0033725948289186525,1789558477.0970132,0.00043933615285994635,0.0033569398258930195,0.014680380000000003,0.01619187883446336,-0.00010874329695783914,-0.0005937954922474343,-0.005730455980446541,-0.001712368350026248,0.0012041724968622444,-0.0021517045028861944,-0.002152767329030775,-0.002174357132933727,1.0202179712779298,3.4809666788539717e-06,-0.004863987761541471,0.03402504223316032,0.03402504223316032,0.15999999999999825,0.9900707185696667,3.551344763186472e-06,0.0003624613250196688,0.0029879193556143872,0.015564316625000001,0.017255976607691948,-0.000137190644589311,-0.0006565457232758304,0.001767873249999996,0.0004825694850752276,0.0008275399923146072,0.00012010816005555882,-0.00216037936329978,-0.002182205041679008,1.0203676825382004,3.752206789688127e-06,-0.0020320698416095594,0.02525890623686146,0.02525890623686146,0.16000000000000308,0.9899983374786657,3.828630546398175e-06,0.00042277714176870224,0.0032754446086115854,0.014680380000000003,0.015952133889865588,-9.295721621949344e-05,-0.0004988507006891706,-0.004034174206040254,0.001365236346245774,0.0,0.0009424592044770717,-0.0032754446086115854,-0.003325885866331811,1.03117645818391,7.957118029356747e-06,-0.0021478118607354715,0.0247424990035843,0.0247424990035843,0.16000000000000308,0.9848337376123316,8.205192786863424e-06]"
/multi_agv/m2b_algorithm_state,1789558477.1069613,1789558477.1069613,m2b_algorithm_state_v1:header6+3x20,"[1.0,-0.15,0.52,0.00047737947758755517,0.0035395141993511854,1789558477.106841,0.0004743782570364467,0.003525127609476213,0.014680380000000003,0.016249108514403365,-0.00011344065536706256,-0.0006159944665997044,-0.006122476178796482,-0.0017721275832080178,0.0004085349292540614,-0.0022465058402444645,-0.0031165926802221517,-0.003162089956394314,1.0295360208880755,7.315421074187409e-06,-0.005970222256699895,0.03812352808216814,0.03812352808216814,0.1599999999999977,0.9856116439444872,7.531489503839676e-06,0.00039429867470175596,0.0031505864612206462,0.015564316625000001,0.017284605083361364,-0.00014270612402233,-0.0006660251030940188,0.001767873249999996,0.0004825358777515691,0.0008481071488221374,8.823720304981314e-05,-0.0023024793123985086,-0.002327255803592057,1.021705793607338,4.261715983960652e-06,-0.0022169592997797905,0.025978972131796153,0.025978972131796153,0.16000000000000233,0.989353774022045,4.354219911521595e-06,0.0004569252163893952,0.0034420704160590984,0.014680380000000003,0.01599746284782353,-9.754410289319204e-05,-0.00051598686584919,-0.004288987334967713,0.0013652363462457705,0.0,0.0009083111298563753,-0.0034420704160590984,-0.0034977489148731644,1.0327677603037924,8.79681829209232e-06,-0.002362360002552695,0.025579617761682064,0.025579617761682064,0.16000000000000233,0.9840816193016859,9.085070325323617e-06]"
/multi_agv/m2b_algorithm_state,1789558477.1171548,1789558477.1171548,m2b_algorithm_state_v1:header6+3x20,"[1.0,-0.15,0.52,0.0005148139549822902,0.0037078475573674237,1789558477.1170473,0.0005112800719151797,0.003694559739747691,0.014680380000000003,0.01631434763569612,-0.00011835518552557052,-0.0006415265894971363,-0.006510604691561669,-0.0016484158516873572,0.0022739245156213014,-0.002159695923602537,-0.0014206352241263897,-0.0014299544226075483,1.013188562609716,1.5200263147616844e-06,-0.00412957432711072,0.031391703248729655,0.031391703248729655,0.1599999999999999,0.9934828702692741,1.5400732769823347e-06,0.0004279428944063201,0.0033141538059244897,0.015564316625000001,0.017314679388982,-0.0001483097495437052,-0.000676081180280088,0.001767873249999996,0.0004910145906538096,0.0008481071488221374,6.30716962474895e-05,-0.002466046657102352,-0.002494455711328883,1.0232514211777752,4.888823018367937e-06,-0.002415616091019521,0.026753363270927564,0.026753363270927564,0.1599999999999999,0.9886111210162971,5.002495101431612e-06,0.0004929154664411658,0.0036098290523813763,0.014680380000000003,0.016048528170102327,-0.0001023057367213414,-0.0005355003478129733,-0.004541270868265085,0.0013652363462457705,0.0,0.0008723208798046047,-0.0036098290523813763,-0.0036710390670409545,1.0343703889538316,9.688970567225582e-06,-0.0025806379672851983,0.026432857461474557,0.026432857461474557,0.1599999999999999,0.9833262426409108,1.0021984254183352e-05]"
/multi_agv/m2b_algorithm_state,1789558477.127185,1789558477.127185,m2b_algorithm_state_v1:header6+3x20,"[1.0,-0.15,0.52,0.0005538486492558322,0.003876095480434824,1789558477.127099,0.0005501320637027921,0.0038655990512065303,0.014680380000000003,0.016382199896997723,-0.00012352552941311307,-0.0006680517793966635,-0.006891247644488248,-0.0015568666433162406,0.003955576895494974,-0.002106998707019033,8.997784428844361e-05,8.994093703663535e-05,0.9991799070066703,6.099408104685815e-09,-0.0025438074467371554,0.025380434678719407,0.025380434678719407,0.1599999999999995,1.0004103498698622,6.094406022835703e-09,0.00046347446180030293,0.0034788841211365797,0.015564316625000001,0.017346629853224594,-0.00015401847954596177,-0.0006868903086925319,0.001767873249999996,0.0006781229909299081,0.002890877125294498,0.00021464852912960516,-0.0005880069958420818,-0.0005895972304677143,1.0054205960458946,2.7729723514275894e-07,-0.0003212865690557079,0.018743257718141476,0.018743257718141476,0.1599999999999995,0.9973028458353324,2.788003514391113e-07,0.0005308353394437755,0.003779059499759161,0.014680380000000003,0.016101912002611254,-0.00010727270450193167,-0.0005559058988820354,-0.004788688787667361,0.0013768144432394433,2.74937545877462e-07,0.0008459791037956678,-0.0037787845622132836,-0.003845827331231517,1.035984863264067,1.0633567210988977e-05,-0.0027883534514869324,0.02724995614942459,0.02724995614942459,0.1599999999999995,0.9825674001342216,1.1016214673085681e-05]"
/multi_agv/m2b_algorithm_state,1789558477.1372125,1789558477.1372125,m2b_algorithm_state_v1:header6+3x20,"[1.0,-0.15,0.52,0.0005944564839222836,0.004044229032338983,1789558477.1370034,0.0005906026869244011,0.004036680116763863,0.014680380000000003,0.016456297235172886,-0.00012891562652868829,-0.0006971503637735598,-0.007264236912878156,-0.0013897758251423616,0.004712734019501468,-0.0019803785120667628,0.0006760539027376045,0.0006739828281607228,0.9938881493611058,3.4494984832354764e-07,-0.0018014903119227305,0.02258893111112153,0.02258893111112153,0.15999999999999912,1.0030728892344833,3.428415663726849e-07,0.000500584031153668,0.003643404315607625,0.015564316625000001,0.017379529120938902,-0.00015979385430649271,-0.0006980734944815976,0.001767873249999996,0.0006941510233193731,0.002230270433124353,0.0001935669921657051,-0.0014131338824832718,-0.0014223591936098528,1.013124647202176,1.6031554945315099e-06,-0.0011804004534027215,0.02213568907146158,0.02213568907146158,0.15999999999999912,0.9935140777603667,1.6241963448074658e-06,0.0005703592296894275,0.003948202008932984,0.014680380000000003,0.016160080646450786,-0.00011241169571176248,-0.0005782811863058418,-0.005031131812120802,0.00137682582797435,2.508380823597349e-07,0.0008064665982849225,-0.003947951170850624,-0.0040210971861508,1.0376019754605266,1.162823551062882e-05,-0.003013013938294647,0.028126967361486017,0.028126967361486017,0.15999999999999912,0.9818094385900196,1.2065480136948709e-05]"
/multi_agv/m2b_algorithm_state,1789558477.1471012,1789558477.1471012,m2b_algorithm_state_v1:header6+3x20,"[1.0,-0.15,0.52,0.0006369210214146509,0.004213474134863736,1789558477.1470103,0.0006326661519412046,0.004207791463625742,0.014680380000000003,0.016539746626883935,-0.00013454322593515341,-0.0007301494572595824,-0.007632066402271615,-0.001368918265826518,0.004416222311932115,-0.0020015844177677226,0.00020843084830637296,0.00020823365547886834,0.9981092747538783,3.290851510192282e-08,-0.002293746866730785,0.024605709498845246,0.024605709498845246,0.15999999999999912,1.0009469786574658,3.284629414160724e-08,0.0005392432676626987,0.003807662957958298,0.015564316625000001,0.0174135386195213,-0.00016563964877875487,-0.000709698223142056,0.001767873249999996,0.0006472153745134944,0.0016887137842381997,0.0001079721068507957,-0.0021189491737200984,-0.002139765255928321,1.0198017277790776,3.6077560889564005e-06,-0.0020048001223648263,0.02530849080164213,0.02530849080164213,0.15999999999999912,0.9902717916600661,3.679195892923225e-06,0.0006114600321629476,0.00411723267543291,0.014680380000000003,0.016225110578558403,-0.0001177372631017958,-0.0006035117711678329,-0.005270220980226552,0.0013841217110690108,8.133511878491263e-05,0.0007726616789060632,-0.004035897556647998,-0.004112257144608412,1.0384108669976966,1.217826361140781e-05,-0.0031464300459758334,0.02867354948235979,0.02867354948235979,0.15999999999999912,0.9814312224952834,1.2646041275248482e-05]"
/multi_agv/m2b_algorithm_state,1789558477.1571307,1789558477.1571307,m2b_algorithm_state_v1:header6+3x20,"[1.0,-0.15,0.52,0.0006810931382216866,0.004383204605854445,1789558477.1570399,0.0006766176147250403,0.004380247738416186,0.014680380000000003,0.016626949681500438,-0.00014047842668736378,-0.0007646058026609844,-0.007993231773297723,-0.0013384804049803379,0.004685201706793248,-0.0020150980197053783,0.00030495396837706187,0.0003045328776738744,0.9972414044455735,7.066703977799667e-08,-0.0022143396469578485,0.02437437717949469,0.02437437717949469,0.15999999999999912,1.001382742994464,7.04720979962206e-08,0.0005797206300205719,0.003972740355990061,0.015564316625000001,0.017449728268753247,-0.00017160117418223684,-0.0007222013366210232,0.001767873249999996,0.0006639398368683269,0.0016887137842381997,8.421920684775503e-05,-0.0022840265717518613,-0.0023082014051751623,1.021347692084445,4.193259986342065e-06,-0.0022029273966154683,0.02609072653626506,0.02609072653626506,0.15999999999999912,0.9895265493864188,4.28277640936052e-06,0.0006544248194983403,0.004287434310184959,0.014680380000000003,0.01629340943656854,-0.00012330963452352156,-0.0006300220697272405,-0.00550497847139352,0.0014103106204749632,0.0003573772606351753,0.0007558858009766229,-0.003930057049549783,-0.004002281372776375,1.0372938923110229,1.1572230468042915e-05,-0.003057424121555596,0.028407853269417076,0.028407853269417076,0.15999999999999912,0.9819542114860131,1.2003803984916445e-05]"
/multi_agv/m2b_algorithm_state,1789558477.1671257,1789558477.1671257,m2b_algorithm_state_v1:header6+3x20,"[1.0,-0.15,0.52,0.0007271027744636342,0.004565901648030228,1789558477.1670125,0.0007223057057773347,0.004553398049046796,0.014680380000000003,0.016720294317236328,-0.00014671015359509187,-0.0008015520847994941,-0.008348293831567877,-0.0013599335812088471,0.005575553727582117,-0.002082239286986182,0.001022155678535321,0.0010174576240835709,0.9908416760138041,7.960690220758362e-07,-0.0015853414846491562,0.02194116839178245,0.02194116839178245,0.15999999999999912,1.004617444835584,7.887783640562915e-07,0.0006218702688984668,0.004138059250988867,0.015564316625000001,0.01748774496492127,-0.0001776686079696596,-0.0007354360645967332,0.001767873249999996,0.0007318095661012123,0.0030540348329071414,0.00010993929720274547,-0.0010840244180817258,-0.001089412881503878,1.009981225232215,9.434355792886053e-07,-0.0009519887600004462,0.02131222323182516,0.02131222323182516,0.1600000000000034,0.9950537913461114,9.5285222229757e-07,0.0006991034399892585,0.004458156517527671,0.014680380000000003,0.016366583842125183,-0.00012911992631979227,-0.0006585076244111972,-0.005735768809269123,0.0014631819003571227,0.001227735749611916,0.0007640784603678641,-0.0032304207679157556,-0.0032788810544740715,1.0303625112223551,7.832039804943328e-06,-0.002323782979014241,0.025749275330645797,0.025749275330645797,0.1600000000000034,0.9852204804769631,8.069840201414853e-06]"
/multi_agv/m2b_algorithm_state,1789558477.177157,1789558477.177157,m2b_algorithm_state_v1:header6+3x20,"[1.0,-0.15,0.52,0.0007750302421203696,0.004770086811016926,1789558477.177054,0.0007699328443245588,0.004745282641255174,0.018350268933333337,0.020411100638642016,-0.00015297175266106125,-0.0008073389328383284,-0.0013565455723444217,-0.0011877061070027616,0.006535308091667095,-0.0019576389513273206,0.001790025450411921,0.0017757249778197048,0.9841254161269329,2.9707632615830336e-06,-0.0006713237113394458,0.02201566160019349,0.02201566160019349,0.1599999999999991,1.0080533149957573,2.9236036310200073e-06,0.0006657701208930189,0.004313407626303123,0.015564316625000001,0.017546561710104772,-0.00018399796071184567,-0.0007574820651813164,-0.005571904616666672,0.0007753082629238751,0.002644008883779514,0.00010953814203085621,-0.001669398742523609,-0.0016822104934542598,1.0154433986995772,2.2420106113689243e-06,-0.0015452878159156896,0.02367719331183732,0.02367719331183732,0.1599999999999991,0.9923839787110452,2.2766348751289776e-06,0.0007456053581733246,0.004639014676532389,0.018350268933333337,0.020115199135715845,-0.00013522731989781649,-0.0006892299063383685,9.332868589279064e-05,0.0014890359412818637,0.0008804981208895887,0.0007434305831085391,-0.0037585165556428,-0.0038242530839779705,1.03546945127242,1.3011038344008478e-05,-0.0028949648550922968,0.03162222623748426,0.03162222623748426,0.1599999999999991,0.982810622913379,1.3472532734554876e-05]"
/multi_agv/m2b_algorithm_state,1789558477.187059,1789558477.187059,m2b_algorithm_state_v1:header6+3x20,"[1.0,-0.15,0.52,0.000825056663073847,0.004977554349549468,1789558477.186971,0.000819514749777173,0.004955526710985136,0.018350268933333337,0.020418929502222086,-0.00015931341178476667,-0.0008074578640415917,-0.005361932935750685,-0.0010559608366171348,0.0072678063262559284,-0.0018754755863943078,0.002312279615270792,0.0022885570145666457,0.9796520813125393,4.943682951422976e-06,-5.5787468426239054e-05,0.019554478952456558,0.019554478952456558,0.15999999999999912,1.0103657459932842,4.843089292710836e-06,0.0007115707003070614,0.0045161975762756015,0.01922828719166667,0.021227869544852618,-0.00019037862543992451,-0.0007616677042239731,0.0017560365166666633,0.0006223410297873007,0.0021065407338091017,-8.922967051976072e-05,-0.0024096568424665,-0.002436441113498984,1.022428856659248,5.6429511601641845e-06,-0.002547978201648685,0.03110776512596676,0.03110776512596676,0.15999999999999912,0.9890068055065695,5.769516102870645e-06,0.0007940052762768743,0.00483853614579004,0.018350268933333337,0.020190885890501803,-0.00014153643664144657,-0.0007185443931081344,-0.0037925627986546123,0.001389247424321117,-0.00018542216707762395,0.0005952421480442427,-0.0050239583128676634,-0.005142285682990993,1.0479914663790333,2.331425699543622e-05,-0.004398232997935689,0.03714628183381048,0.03714628183381048,0.15999999999999912,0.9769893433741502,2.443314237618484e-05]"
/multi_agv/m2b_algorithm_state,1789558477.1970768,1789558477.1970768,m2b_algorithm_state_v1:header6+3x20,"[1.0,-0.15,0.52,0.000877251477611354,0.005185511284855976,1789558477.1969986,0.0008712272897749933,0.005165899716658574,0.018350268933333337,0.020452358638823026,-0.00016568089430900513,-0.0008185737716605564,-0.005697087987016824,-0.0011877536133767326,0.006733092479555712,-0.002058980903151726,0.001567192762897138,0.0015562595850896405,0.9861264235897291,2.27140342003099e-06,-0.0010174665438500167,0.023403550216661347,0.023403550216661347,0.15999999999999912,1.0070252918679166,2.2398909311246394e-06,0.0007594617356011917,0.0047190999819692854,0.01922828719166667,0.021267349612716216,-0.000196784782417966,-0.000775363102740549,0.0017560365166666633,0.0006433981289287376,0.0021065407338091017,-0.00011606360667245415,-0.002612559248160184,-0.0026440265249196584,1.0243219964499366,6.631637308596706e-06,-0.002789106033260226,0.03204875434695475,0.03204875434695475,0.15999999999999912,0.9880987287900106,6.7929319676736625e-06,0.0008444809638453562,0.0050476633500205455,0.018350268933333337,0.020217928174176242,-0.0001480112253510452,-0.0007268550533530566,-0.004010413581977602,0.001418141374380491,-0.0002803086441123385,0.0005736604105351348,-0.0053279719941328844,-0.005461071714522361,1.0509602142682235,2.6201938494818868e-05,-0.004743996201353443,0.03840961439929916,0.03840961439929916,0.15999999999999912,0.9756275457735646,2.753719489475765e-05]"
/multi_agv/m2b_algorithm_state,1789558477.207052,1789558477.207052,m2b_algorithm_state_v1:header6+3x20,"[1.0,-0.15,0.52,0.0009316156387145733,0.005393965714650572,1789558477.206956,0.0009251333460559058,0.005376761501587291,0.018350268933333337,0.020492841813742124,-0.00017212995356054333,-0.0008326821847482915,-0.006025892345462402,-0.0011397691700915406,0.0067250316282083215,-0.0020649025161474464,0.0013482701266210309,0.0013401824291892142,0.9880612981190707,1.6808656087864951e-06,-0.0012409457159950938,0.02434175888484061,0.02434175888484061,0.1599999999999991,1.0060347735171469,1.6607982553812866e-06,0.0008094800733166725,0.004922548854644455,0.01922828719166667,0.021306577631952883,-0.0002033142128840446,-0.0007888872906345636,0.0017560365166666633,0.0008249279017378004,0.0033796314033013846,1.5447828421127842e-05,-0.0015429174513430701,-0.001553784010750428,1.0141655868554516,2.3088847993409867e-06,-0.0015344742252240181,0.027351714273507563,0.027351714273507563,0.1599999999999991,0.9930063899923196,2.3415915075052835e-06,0.0008971410134614838,0.005257223498336182,0.018350268933333337,0.020249992863545237,-0.00015454305216105481,-0.0007372968633121892,-0.004224136414967227,0.001604338306149905,0.0012119862711753126,0.0007071972926884211,-0.00404523722716087,-0.004121069319562153,1.0380559596767067,1.50700446550934e-05,-0.003237072703701627,0.033012954909497016,0.033012954909497016,0.1599999999999991,0.9815989282098899,1.5643549666813804e-05]"
/multi_agv/m2b_algorithm_state,1789558477.2172995,1789558477.2172995,m2b_algorithm_state_v1:header6+3x20,"[1.0,-0.15,0.52,0.0009881166055932845,0.00560280252065318,1789558477.2171762,0.0009812337417205229,0.005588148701513781,0.018350268933333337,0.02053959938631419,-0.00017868850899335753,-0.0008494336370209925,-0.006348086619577291,-0.0010281134602965422,0.0072357916923623975,-0.0020093472020170653,0.0016476429908486162,0.0016356164852641358,0.9854882676453905,2.508861865836286e-06,-0.0008760675172571955,0.02294579869450616,0.02294579869450616,0.15999999999999912,1.0073528884630545,2.472453933924584e-06,0.0008616276176719776,0.005126514513143598,0.01922828719166667,0.02134581374456286,-0.0002099640631277875,-0.0008023536045209216,0.0017560365166666633,0.0008585639536496696,0.0033796314033013846,-3.0636640223080398e-06,-0.0017468831098422137,-0.00176080471765072,1.016041126750908,2.958899094399679e-06,-0.001764634297678605,0.028271105545251567,0.028271105545251567,0.15999999999999912,0.9920936105696715,3.006363169816091e-06,0.0009519855567512198,0.005467233929294337,0.018350268933333337,0.020286655353599355,-0.00016115249678752162,-0.0007496767716258313,-0.004433562693141907,0.001672317775391765,0.0012540226621720156,0.0007203322186405453,-0.004213211267122321,-0.004295398580652359,1.0396252713247167,1.6340807201045005e-05,-0.003394983307351678,0.03363683134729227,0.03363683134729227,0.15999999999999912,0.9808661962360764,1.69883161200513e-05]"
/multi_agv/m2b_algorithm_state,1789558477.2270017,1789558477.2270017,m2b_algorithm_state_v1:header6+3x20,"[1.0,-0.15,0.52,0.001046626272140521,0.005811581395748649,1789558477.2268672,0.0010394952389113567,0.00579996591172292,0.018350268933333337,0.020591340528283725,-0.00018537693715132985,-0.0008682626205545824,-0.006662966325136162,-0.0009480163101953108,0.007798276604409802,-0.0019875115491066677,0.0019983106926868823,0.0019807021842290634,0.9825032228749934,3.689104024529636e-06,-0.000503687252154271,0.02149597635371795,0.02149597635371795,0.1599999999999991,1.0088900333417226,3.6245565936214757e-06,0.000915873487673829,0.00533085807698542,0.01922828719166667,0.021385217772440512,-0.00021672935375836627,-0.0008158333310032823,0.0017560365166666633,0.0006900094365943267,0.002512780746117424,-0.00022586405107950238,-0.0028180773308679958,-0.0028545188155868276,1.0261318018053638,7.706186400103034e-06,-0.0031368488794362055,0.033434356209391655,0.033434356209391655,0.1599999999999991,0.9872337556439121,7.907562935785716e-06,0.0010089810901946676,0.005677583573251202,0.018350268933333337,0.020327151283856225,-0.00016785441790379636,-0.0007636585064633573,-0.004638234501755174,0.0014926596051968559,0.0003245665678108939,0.0004836785150021882,-0.005353017005440308,-0.005486533191208101,1.0508825303382918,2.640065900825976e-05,-0.004881935047455366,0.03899426202626871,0.03899426202626871,0.1599999999999991,0.975664744727737,2.7743991341198437e-05]"
/multi_agv/m2b_algorithm_state,1789558477.2372532,1789558477.2372532,m2b_algorithm_state_v1:header6+3x20,"[1.0,-0.15,0.52,0.0011074128807339971,0.0060212985481386955,1789558477.237136,0.0010997867548504195,0.006011774436947898,0.018350268933333337,0.02065143740908595,-0.0001921995863468498,-0.0008906175286981172,-0.006971949595479495,-0.0008782623065897545,0.007367514584481952,-0.001978049061440174,0.0013557401475340538,0.0013476148688430355,0.9880720826399525,1.7002872968304073e-06,-0.0011249464579571823,0.02407955069545167,0.02407955069545167,0.15999999999999912,1.0060293774422318,1.6800064104654757e-06,0.0009720941942160459,0.005535145701743522,0.01922828719166667,0.021424728139117433,-0.00022359623377342548,-0.0008293070820153802,0.0017560365166666633,0.000782975604740888,0.0032979315716763734,-0.00018911858947515787,-0.0022372141300671484,-0.0022600357559156084,1.0205697170177253,4.85104927053553e-06,-0.0024964339927595557,0.031070290840531756,0.031070290840531756,0.15999999999999912,0.9899020952262702,4.950833981269488e-06,0.0010679978673550977,0.005887824048554526,0.018350268933333337,0.020373741842086936,-0.00017465033076452757,-0.0007802139898605608,-0.004839073627478339,0.0014688620474113936,3.0301392227598484e-05,0.00040086418005629595,-0.005857522656326927,-0.00601765165772299,1.0558738189363543,3.162522612832162e-05,-0.00551657143265262,0.04127480490914795,0.04127480490914795,0.15999999999999912,0.9733901178559323,3.339224828683672e-05]"
/multi_agv/m2b_algorithm_state,1789558477.2471724,1789558477.2471724,m2b_algorithm_state_v1:header6+3x20,"[1.0,-0.15,0.52,0.001170534861550246,0.0062321188492493506,1789558477.2470374,0.0011623848241976852,0.006224638820931297,0.018350268933333337,0.0207172594571617,-0.00019921813306015602,-0.0009153354323248675,-0.007275175066214404,-0.0008485029831632214,0.006798254716260143,-0.0020108878073609067,0.0005736158953288462,0.0005721562297362887,0.9949212054430595,3.0490901012476976e-07,-0.0019414535294648447,0.027388834910909675,0.027388834910909675,0.15999999999999912,1.0025511661268292,3.0336043990378594e-07,0.0010305481098848556,0.005740260659841529,0.01922828719166667,0.021465167833889742,-0.00023059431254742434,-0.000843113664891499,0.0017560365166666633,0.0009602265371279699,0.003801473389156858,-7.032157275688568e-05,-0.0019387872706846713,-0.001955853518666745,1.0177303227466392,3.640203958612471e-06,-0.002043755484612852,0.029433698111112183,0.029433698111112183,0.15999999999999912,0.9912742708903336,3.7047459496622637e-06,0.0011293057081194504,0.00609899616364326,0.018350268933333337,0.020424749694985585,-0.00018159391123196843,-0.0007985943667752158,-0.005036170183456031,0.0016177190786850898,0.001428081203032136,0.0004884133705656394,-0.0046709149606111245,-0.004771622984847459,1.0438700148899032,2.0085361090578792e-05,-0.00416110627164041,0.036502052515094335,0.036502052515094335,0.15999999999999912,0.9788943878097373,2.0966506180691565e-05]"
/multi_agv/m2b_algorithm_state,1789558477.2570934,1789558477.2570934,m2b_algorithm_state_v1:header6+3x20,"[1.0,-0.15,0.52,0.0012353863555368693,0.006442021195750641,1789558477.256935,0.0012273505517455862,0.0064387484732538235,0.018350268933333337,0.020782573246554657,-0.00020645818163767915,-0.0009397219493427421,-0.007569803081635132,-0.0008204049886372403,0.006583101463568411,-0.0020477555403828262,0.00014435299031458765,0.0001442604612536781,0.9987186866124611,1.9333985615240295e-08,-0.0024154339642248547,0.029304544393264985,0.029304544393264985,0.1599999999999991,1.0006414027801203,1.9309212720637003e-08,0.0010912907662904436,0.005946332010665514,0.01922828719166667,0.021506796956659656,-0.00023773228577940778,-0.0008573605157515115,0.0017560365166666633,0.000998098518090829,0.003801473389156858,-9.31922481996147e-05,-0.002144858621508656,-0.0021657336328658127,1.0196183956682205,4.454378932912881e-06,-0.002282223943115331,0.030377705309827228,0.030377705309827228,0.1599999999999991,0.9903612286200064,4.541766701274952e-06,0.0011929632666147088,0.006311276063828716,0.018350268933333337,0.02047617184577219,-0.00018870712999389746,-0.000817066561159444,-0.005227678393479505,0.0017272006612806617,0.0022853645097804564,0.0005342373946659528,-0.00402591155404826,-0.004100208683521922,1.037459419977167,1.491177936720839e-05,-0.0034324119401894816,0.03390464413724252,0.03390464413724252,0.1599999999999991,0.981879671204968,1.5470365973131502e-05]"
/multi_agv/m2b_algorithm_state,1789558477.2672117,1789558477.2672117,m2b_algorithm_state_v1:header6+3x20,"[1.0,-0.15,0.52,0.0013027948601539048,0.006653765833649249,1789558477.267085,0.001294063504113781,0.006651997283644095,0.018350268933333337,0.02085995337121159,-0.0002138470839042215,-0.0009692235996477093,-0.007859610063495427,-0.0007578016204818011,0.006738469285449728,-0.002051865124595582,8.647200180563266e-05,8.643885591759142e-05,0.9992336127859375,6.947270696224777e-09,-0.002478392549826886,0.029626806677162387,0.029626806677162387,0.16000000000000764,1.000383460513092,6.941946396790559e-09,0.0011537357695525087,0.006151492129748499,0.01922828719166667,0.02154847546894449,-0.00024495175795308157,-0.000871587198006429,0.0017560365166666633,0.0007920313899555117,0.0028678861084991993,-0.000361704379596997,-0.0032836060212492997,-0.0033328403710612764,1.0303512316057306,1.0449452442793847e-05,-0.003784970845557523,0.035969549948464984,0.035969549948464984,0.1599999999999991,0.9852275103723916,1.076660619403815e-05,0.001258359792944318,0.006522574173859332,0.018350268933333337,0.02053624167232057,-0.00019592591961460366,-0.000839205171968299,-0.005416052931688696,0.001645302442341542,0.0022664329547856074,0.0003869426493972241,-0.004256141219073724,-0.004339142065388009,1.0396174348464686,1.6679131801342332e-05,-0.003855463753641479,0.035470409140296484,0.035470409140296484,0.1599999999999991,0.9808715997163685,1.7339916218777674e-05]"
/multi_agv/m2b_algorithm_state,1789558477.2769463,1789558477.2769463,m2b_algorithm_state_v1:header6+3x20,"[1.0,-0.15,0.52,0.001371976501213986,0.006864836618663587,1789558477.2768486,0.0013633741419674492,0.006867296837995313,0.018350268933333337,0.020934698768248453,-0.00022152236470220185,-0.0009974459631627802,-0.008141203851825686,-0.0006089591607679114,0.007356297007031571,-0.001972333302735361,0.0004890001690362579,0.00048794555048090494,0.9956942423302931,2.223089324424099e-07,-0.001977471077938296,0.02776728833948037,0.02776728833948037,0.15999999999999912,1.0021613447531463,2.2135172405150163e-07,0.0012186817119529728,0.006358241952707511,0.01922828719166667,0.021592115179133224,-0.0002523394446027954,-0.000886571642825215,0.0017560365166666633,0.0009371076689485896,0.004206559496943242,-0.0002815740430043832,-0.0021516824557642686,-0.0021726042197781534,1.0196002068114733,4.479494832875267e-06,-0.0025245717735336323,0.031308149587120304,0.031308149587120304,0.15999999999999912,0.9903701908412839,4.567293858010549e-06,0.0013263287265412919,0.006735758710244923,0.018350268933333337,0.020595407244021348,-0.00020337207036705187,-0.000860838905623734,-0.005599088894103363,0.0016445877263991816,0.00201400441634528,0.0003182589998578897,-0.004721754293899643,-0.0048240396097738855,1.0440836757166176,2.0548101094213486e-05,-0.004426215859951523,0.03758764846290159,0.03758764846290159,0.15999999999999912,0.978796750410796,2.145393691944307e-05]"
/multi_agv/m2b_algorithm_state,1789558477.2870302,1789558477.2870302,m2b_algorithm_state_v1:header6+3x20,"[1.0,-0.15,0.52,0.0014443882032935187,0.007091938097182111,1789558477.2869487,0.0014344803969388274,0.007082013938926497,0.018350268933333337,0.021025301718183304,-0.0002293811579053778,-0.0010323971445817205,-0.008420147842599575,-0.0005019360012631038,0.007573645018127253,-0.0019364163982019313,0.0004916310792007555,0.0004905673942288413,0.9956805006810199,2.2513165360021013e-07,-0.0019299531035235728,0.027687301328746357,0.027687301328746357,0.15999999999999912,1.0021682749086622,2.2415919757580317e-07,0.0012853687317930494,0.006564270937913532,0.01922828719166667,0.021636196309090437,-0.00025982330826280976,-0.0009016970422501634,0.0017560365166666633,0.0010034053803102225,0.004782863564755369,-0.0002819633514828269,-0.0017814073731581628,-0.0017956794645965727,1.0161276884269606,3.0681482775711484e-06,-0.0021481336539501063,0.02991343501843311,0.02991343501843311,0.15999999999999912,0.9920519827063812,3.1176304170395316e-06,0.0013960803749100811,0.00694822497915073,0.018350268933333337,0.02066572822409666,-0.00021095673526284994,-0.0008872013041576086,-0.005780402488106391,0.0017599258003370966,0.003160192365102053,0.00036384542542701546,-0.0037880326140486776,-0.003853270104903257,1.034924985291109,1.3224203960700941e-05,-0.0033984633231194878,0.03391252743490242,0.03391252743490242,0.15999999999999912,0.9830695775072801,1.3686059089515049e-05]"
/multi_agv/m2b_algorithm_state,1789558477.297007,1789558477.297007,m2b_algorithm_state_v1:header6+3x20,"[1.0,-0.15,0.52,0.001517895100092235,0.007336438798838239,1789558477.2968867,0.001508945381324034,0.007318709608151966,0.022054270333333337,0.02472679673266815,-0.00023733516976865446,-0.0010272469933326777,-0.0012795689264514924,-0.0004560136206813635,0.008315092975181605,-0.0019649590020053976,0.0009963833670296393,0.0009920404623306495,0.9913138631819554,1.0839280475049628e-06,-0.0014641582901760977,0.02952189024770699,0.02952189024770699,0.1599999999999991,1.0043777495615318,1.0745129001834187e-06,0.0013551596158678494,0.006783199821851621,0.01922828719166667,0.021702559192331432,-0.0002676857622770077,-0.0009262148259914678,-0.005651966283333337,0.001037415878044144,0.004069135689858616,-0.00031774373782370545,-0.0027140641319930046,-0.0027473458780308247,1.0247695727643684,7.133752778589867e-06,-0.0031445255503104565,0.03375074041066828,0.03375074041066828,0.16000000000000336,0.9878858551069386,7.310452787122164e-06,0.0014690596126886726,0.0071739048615427434,0.022054270333333337,0.024433012847797773,-0.0002189035752869844,-0.0009103522178905109,0.0001573742973898628,0.0017728703647040688,0.004566909574126884,0.0003038107520153962,-0.0026069952874158593,-0.0026375577965534226,1.023670283135741,7.376465982990903e-06,-0.002257794356534177,0.03338104748804944,0.03338104748804944,0.16000000000000336,0.9884125727301595,7.551069021349459e-06]"
/multi_agv/m2b_algorithm_state,1789558477.307113,1789558477.307113,m2b_algorithm_state_v1:header6+3x20,"[1.0,-0.15,0.52,0.0015946961412550982,0.007586742330791118,1789558477.3070261,0.0015845121138996039,0.007569468266843746,0.022054270333333337,0.024726621171394982,-0.00024512459199131946,-0.001023186178529689,-0.005179764429224472,-0.0003129985414889656,0.008965962142900796,-0.0018975106553885694,0.0013964938760570502,0.001388008521609902,0.9879084113849466,2.1221469342407943e-06,-0.0009838797976258096,0.02762877924919031,0.02762877924919031,0.15999999999999912,1.0061133302245915,2.0964868065312577e-06,0.0014260611359133543,0.007025524626829443,0.022864784525000004,0.02536353541008932,-0.0002755018925366423,-0.0009327425160263894,0.0016210283833333339,0.0010419330883710155,0.003937499984032958,-0.00038412804754233885,-0.0030880246427964853,-0.003131122329561149,1.0282292799162014,1.0767972168235676e-05,-0.0036112823889890722,0.03913364145730353,0.03913364145730353,0.15999999999999912,0.9862357064884449,1.1071944268702666e-05,0.001543112050463747,0.00741432350284153,0.022054270333333337,0.024500838771157107,-0.0002268313309036653,-0.0009354706911258734,-0.003650526846079241,0.0019807170250045183,0.005804029842309953,0.0004376049745407713,-0.001610293660531577,-0.0016218416217529958,1.0144267046098332,2.8112008209385433e-06,-0.0010748354035770317,0.028967719967914,0.028967719967914,0.15999999999999912,0.9928797232315835,2.8517571847811444e-06]"
/multi_agv/m2b_algorithm_state,1789558477.3170693,1789558477.3170693,m2b_algorithm_state_v1:header6+3x20,"[1.0,-0.15,0.52,0.0016736116043154228,0.007835838426868361,1789558477.317011,0.001663425203978745,0.007822949843576812,0.022054270333333337,0.024739825500135766,-0.00025296780381753233,-0.0010248542697905586,-0.005435580122062389,-0.0001537687002284175,0.009929042251272056,-0.0018171939042071624,0.0021060924076952443,0.0020869390262525872,0.9819480380092035,4.811186514843788e-06,-0.00018455335400636595,0.024438438385492794,0.024438438385492794,0.15999999999999912,1.0091777388805891,4.724335158747195e-06,0.001500216438899338,0.007270465186760068,0.022864784525000004,0.025410382192968102,-0.0002834391070672801,-0.0009488314320931527,0.0016210283833333339,0.001185210820494514,0.005064177219945197,-0.000315005618404824,-0.0022062879668148707,-0.0022280919925341705,1.0199245807074158,5.485906552646704e-06,-0.0026218490155402005,0.03548394323831236,0.03548394323831236,0.15999999999999912,0.990214037036011,5.595210940508254e-06,0.0016204467808872112,0.0076668119620364765,0.022054270333333337,0.024512933930568987,-0.00023495192128545912,-0.000936515153652799,-0.0038168070464238875,0.002089105347046453,0.0063585708042597205,0.00046865856615924194,-0.001308241157776756,-0.0013158271590289763,1.0116523102398698,1.8504577878841832e-06,-0.0007300039513299238,0.027651347794302557,0.027651347794302557,0.15999999999999912,0.9942348041684909,1.8720198961143929e-06]"
/multi_agv/m2b_algorithm_state,1789558477.3271906,1789558477.3271906,m2b_algorithm_state_v1:header6+3x20,"[1.0,-0.15,0.52,0.0017561997146139626,0.008088675904370084,1789558477.326988,0.001744466065073123,0.008075068174825731,0.022054270333333337,0.02477155874063242,-0.00026074636036140615,-0.0010345278904602118,-0.0056884415793078,-0.00011860347874769184,0.010987674074279696,-0.0018630695438208147,0.002912605899453965,0.002876275346914907,0.9753107108074859,9.177719465195501e-06,0.0005474384171388889,0.02142025547726536,0.02142025547726536,0.15999999999999912,1.012631110779441,8.951128095191524e-06,0.0015764545767247,0.007514516154708566,0.022864784525000004,0.025455124334477816,-0.0002914710827721684,-0.000963966816479386,0.0016210283833333339,0.0014662852128133608,0.006480592125287868,-0.00011016936391133924,-0.001033924029420698,-0.0010386600750780823,1.0091956496244596,1.2018830141918012e-06,-0.0011763717799672564,0.030048764344543802,0.030048764344543802,0.15999999999999912,0.9954402351924154,1.2129351092798985e-06,0.0016999141711484455,0.007917930951070786,0.022054270333333337,0.024537465330615106,-0.00024300023826925822,-0.0009429474763103171,-0.003981166993633404,0.0019040233851795709,0.0060136421549350045,0.00020410921403112535,-0.001904288796135782,-0.0019203909852355569,1.0170286033308664,3.916388756783685e-06,-0.0016652544676966502,0.031177819289991433,0.031177819289991433,0.15999999999999912,0.9916151506523553,3.983079387412419e-06]"
/multi_agv/m2b_algorithm_state,1789558477.337053,1789558477.337053,m2b_algorithm_state_v1:header6+3x20,"[1.0,-0.15,0.52,0.0018397801109659333,0.008336959978212183,1789558477.3368514,0.0018292291764791706,0.008331002349134954,0.022054270333333337,0.024787934087242544,-0.0002686847141134336,-0.0010375118926667468,-0.005930272671216078,6.356683731343288e-05,0.011385466295073922,-0.0017656623391657377,0.003054463945938968,0.003014649879360024,0.9742126549179454,1.0069414841784357e-05,0.0008075719554028519,0.02041544791529245,0.02041544791529245,0.1599999999999991,1.0132068625453103,9.809751366484901e-06,0.0016562893224679434,0.007762219447793438,0.022864784525000004,0.025500757875384028,-0.00029973117643805765,-0.0009793693697299401,0.0016210283833333339,0.001530783746620553,0.006480592125287868,-0.00012550557584739054,-0.0012816273225055696,-0.001288899422738835,1.01140098184353,1.8454609076599383e-06,-0.0014457813925480732,0.03113735903038186,0.03113735903038186,0.1599999999999991,0.9943578993791363,1.8665009739611135e-06,0.001783080644894774,0.008172805916181861,0.022054270333333337,0.02455232363995787,-0.00025117725407546075,-0.0009451521206345409,-0.004138357203373785,0.0019616677861463857,0.006207499403960198,0.00017858714125161177,-0.0019653065122216635,-0.001982420718020201,1.0175406984540012,4.162295616348325e-06,-0.0017591867914556862,0.03154282153456939,0.03154282153456939,0.1599999999999991,0.9913670162731,4.235305188631102e-06]"
/multi_agv/m2b_algorithm_state,1789558477.347063,1789558477.347063,m2b_algorithm_state_v1:header6+3x20,"[1.0,-0.15,0.52,0.0019267185758387196,0.00858799335596148,1789558477.3469467,0.0019149700336159184,0.00858214413223976,0.022054270333333337,0.024828456369388997,-0.0002764709295351015,-0.0010509641701001258,-0.006168180493782766,0.0001900825048922123,0.01151670909538577,-0.0017248875287237061,0.0029345649631460097,0.002897875726296439,0.9752549663161669,9.28499817558755e-06,0.0007417663153918065,0.020757323100432587,0.020757323100432587,0.15999999999999912,1.012660735074537,9.055240582978307e-06,0.001737122431180848,0.008005859549484295,0.022864784525000004,0.025542950642017108,-0.00030797303935525626,-0.0009933012861836604,0.0016210283833333339,0.001533932232563898,0.005197913416253038,-0.00020319019861694994,-0.002807946133231257,-0.0028431565869235413,1.0253363153056918,8.864819667820495e-06,-0.0030971443351947288,0.037459688416970234,0.037459688416970234,0.15999999999999912,0.9876157177363263,9.089421534052493e-06,0.0018672478681010338,0.00842287625291249,0.022054270333333337,0.02458348254840527,-0.0002591942749247489,-0.000954452708202662,-0.004292997288042133,0.002117325697052288,0.00715078127390136,0.00025007782895125424,-0.0012720949790111305,-0.0012792113540423906,1.0112399196449702,1.73975557727832e-06,-0.0009666140678533228,0.028536907843747582,0.028536907843747582,0.15999999999999912,0.9944369044186702,1.759310290168817e-06]"
/multi_agv/m2b_algorithm_state,1789558477.3569715,1789558477.3569715,m2b_algorithm_state_v1:header6+3x20,"[1.0,-0.15,0.52,0.0020162252269314853,0.008839359754704118,1789558477.3568718,0.0020041088324531144,0.008836120106173377,0.022054270333333337,0.02486741302707334,-0.00028442439135234455,-0.0010636576004042237,-0.006399854974333967,0.0002345236699418716,0.011034982829069815,-0.0017695851625112427,0.0021988627228964382,0.002178208159216352,0.9813600834712434,5.2114343959647935e-06,-3.3773293922701245e-05,0.023976352610256303,0.023976352610256303,0.1599999999999991,1.0094823644804989,5.1142936938289185e-06,0.0018212523283917532,0.008252160762839142,0.022864784525000004,0.02558597612179494,-0.0003163987423408991,-0.0010074977793670132,0.0016210283833333339,0.0015855707110748675,0.005197913416253038,-0.00023568161731688572,-0.003054247346586104,-0.0030958769797941603,1.0275642856623537,1.047986042320297e-05,-0.0033904790014402672,0.038590875520807616,0.038590875520807616,0.1599999999999991,0.9865532017325753,1.076873028960973e-05,0.001954794566671291,0.008675699198871921,0.022054270333333337,0.024614069179501846,-0.0002673394473295624,-0.0009634417647810872,-0.004443585700400415,0.002206118061993033,0.007344151723228561,0.00025132349532174187,-0.0013315474756433595,-0.001339328122379649,1.0117428762778484,1.9032982716274511e-06,-0.0010251737532274716,0.028796824651702566,0.028796824651702566,0.1599999999999991,0.9941906343887821,1.925648467751015e-06]"
/multi_agv/m2b_algorithm_state,1789558477.3669686,1789558477.3669686,m2b_algorithm_state_v1:header6+3x20,"[1.0,-0.15,0.52,0.002108307469528005,0.009091095222189698,1789558477.3668556,0.0020958374452150937,0.009090432851895747,0.022054270333333337,0.024910954479101494,-0.00029246392959110165,-0.0010782803427248607,-0.006625366890395213,0.00020399659965871154,0.011406180592422252,-0.0018918408455563822,0.0023157477405265046,0.0022929158093188953,0.9804430494744915,5.773113133507982e-06,-7.188524762658226e-05,0.02410317536354635,0.02410317536354635,0.1599999999999991,1.0099575968357912,5.660208645577802e-06,0.0019079129591387058,0.008498861197135043,0.022864784525000004,0.025628672775022367,-0.0003249368033783379,-0.0010214956727072292,0.0016210283833333339,0.0018364431806396349,0.007248787912560917,-7.146977849907098e-05,-0.0012500732845741255,-0.0012569390614662838,1.0110342518606077,1.7499371807095705e-06,-0.0013462762845901225,0.03090461819556582,0.03090461819556582,0.1599999999999991,0.9945377010686987,1.7692464283017616e-06,0.002044925276440656,0.008928785215081567,0.022054270333333337,0.024648191287781458,-0.0002755371253675607,-0.0009739256249430292,-0.004590168445840223,0.00209046244876615,0.00700385497482327,4.553717232549416e-05,-0.0019249302402582968,-0.001941219129322484,1.0170421353527301,3.974713489630049e-06,-0.0018842976639156163,0.032060651003886054,0.032060651003886054,0.1599999999999991,0.991608938517996,4.042451094908647e-06]"
/multi_agv/m2b_algorithm_state,1789558477.3770356,1789558477.3770356,m2b_algorithm_state_v1:header6+3x20,"[1.0,-0.15,0.52,0.0022029903413707044,0.009343279948745264,1789558477.3769355,0.0021901635023881282,0.009345137673678465,0.022054270333333337,0.024958842747702794,-0.00030060789605238305,-0.001094720715924582,-0.0068448271388225,0.00041076610797616676,0.012306494989359098,-0.0017793973944119615,0.002961357315680632,0.0029242843015057436,0.9752239635720436,9.424378288351849e-06,0.000700037558490792,0.021027402376082773,0.021027402376082773,0.1599999999999991,1.0126776367659598,9.190879548568802e-06,0.0019971124043289662,0.008745968269421485,0.022864784525000004,0.025671237828091793,-0.00033358519559711485,-0.001035380858304638,0.0016210283833333339,0.0019088900678695985,0.007248787912560917,-8.822233645936774e-05,-0.0014971803568605679,-0.0015070219166213213,1.0132179854104972,2.5081330040527994e-06,-0.001617299837195531,0.03199184702408233,0.03199184702408233,0.1599999999999991,0.9934695310982484,2.5412854695079557e-06,0.002137646501866919,0.009182179723469143,0.022054270333333337,0.02468572758414757,-0.0002838027396613336,-0.000985844285982724,-0.004732817607317962,0.002160793760441125,0.007249339440966984,2.314725857420572e-05,-0.0019328402825021587,-0.0019492224144893276,1.017069919648655,4.002288755700978e-06,-0.0019202883412715705,0.03222682167928242,0.03222682167928242,0.1599999999999991,0.9915955553017478,4.070607503171509e-06]"
/multi_agv/m2b_algorithm_state,1789558477.3872669,1789558477.3872669,m2b_algorithm_state_v1:header6+3x20,"[1.0,-0.15,0.52,0.0023003469653202924,0.00959611243944661,1789558477.387156,0.0022871128788819013,0.009600333550890624,0.022054270333333337,0.02501105137367561,-0.00030887464921065897,-0.0011129580543226471,-0.007058441599992619,0.0005775026724533198,0.012788222468250253,-0.0017096102064285816,0.003187888917359629,0.003145104254395495,0.9734595496262303,1.0910130768922408e-05,0.001008091496359768,0.019838914209088933,0.019838914209088933,0.1599999999999991,1.0136035754313517,1.0620570984678484e-05,0.0020888755241870046,0.008993533380770328,0.022864784525000004,0.025713872641780922,-0.00034234445155109953,-0.0010492397039248095,0.0016210283833333339,0.0018684975558232804,0.006748990848946442,-0.00022037796836372418,-0.0022445425318238866,-0.002266726546139541,1.019927994022306,5.6359081913861575e-06,-0.002542199006594196,0.03552750501862491,0.03552750501862491,0.1599999999999991,0.9902131934028673,5.748220536134367e-06,0.0022329826210432074,0.009435972914574842,0.022054270333333337,0.02472668767245293,-0.0002921523136246353,-0.0009991937656254899,-0.004871667007078539,0.0023231760255476124,0.008145083555344015,9.019340450440493e-05,-0.0012908893592308273,-0.0012981443140583943,1.0112925302943057,1.7818063989712928e-06,-0.001185402558427888,0.029455267509078446,0.029455267509078446,0.1599999999999991,0.9944112879061298,1.8019275017102638e-06]"
/multi_agv/m2b_algorithm_state,1789558477.3971257,1789558477.3971257,m2b_algorithm_state_v1:header6+3x20,"[1.0,-0.15,0.52,0.002400202123156083,0.009849137932396028,1789558477.3970172,0.0023867607417610826,0.009856240403173362,0.022054270333333337,0.025065594060710922,-0.00031728595203764387,-0.001132126492090508,-0.007265884312525557,0.0005078764862511281,0.011587690441151039,-0.0018788842555099545,0.0017314500379776773,0.0017187305904811374,0.9853979403528794,3.222391168989574e-06,-0.0006298747289063059,0.026544647829975402,0.026544647829975402,0.1599999999999991,1.0074004893884965,3.175337620933634e-06,0.00218327362710527,0.009241720788984662,0.022864784525000004,0.02575682245304307,-0.0003512200146450666,-0.0010631749513858417,0.0016210283833333339,0.0019357981078764958,0.006748990848946442,-0.00024747551922877416,-0.002492729940038221,-0.002520071957200681,1.022135803190712,6.945612986406369e-06,-0.002829416356236649,0.036650187595974014,0.036650187595974014,0.1599999999999991,0.9891503029965731,7.099359708512313e-06,0.002331006527094524,0.009690376126181805,0.022054270333333337,0.024769800793001853,-0.00030060539625461355,-0.0010134172575577086,-0.005006504770224948,0.0023851192693132277,0.008480467343392917,5.4112742218703856e-05,-0.0012099087827888884,-0.0012162620792396308,1.0105478344547816,1.5634310194844591e-06,-0.0011486211514662508,0.02933730763260366,0.02933730763260366,0.1599999999999991,0.9947763754546107,1.5799218310594515e-06]"
/multi_agv/m2b_algorithm_state,1789558477.4074297,1789558477.4074297,m2b_algorithm_state_v1:header6+3x20,"[1.0,-0.15,0.52,0.0025029911120450494,0.010103468361037024,1789558477.40719,0.002488928879735507,0.010112396548678454,0.022054270333333337,0.025126251110179545,-0.00032583385658033215,-0.0011538571470161496,-0.007468084018651266,0.0005399735302576714,0.010777213940538082,-0.0019489553494778356,0.0006648173918596279,0.0006629327224100079,0.994343683965209,4.755193655369296e-07,-0.0017732614644372867,0.031159849595336412,0.031159849595336412,0.1599999999999991,1.0028429271718078,4.7282967772478944e-07,0.002280136149038361,0.009490090809832364,0.022864784525000004,0.025799965536030745,-0.00036019792235316697,-0.001077141367690989,0.0016210283833333339,0.0020827424164227854,0.0076624392495485616,-0.00019739373261557554,-0.0018276515602838024,-0.0018422427052780478,1.0160725168776097,3.726820920093552e-06,-0.0020889848710475174,0.033891234909694874,0.033891234909694874,0.1599999999999991,0.9920796836635903,3.7867203122315844e-06,0.0024315413406943817,0.009944926438677263,0.022054270333333337,0.024817549071877817,-0.0003091555419853574,-0.0010295863636679047,-0.005137934579206657,0.0024465506450059987,0.008161872943156566,1.5009304311616994e-05,-0.0017830534955206971,-0.0017968734046972452,1.0156010467510217,3.394784924065005e-06,-0.001778111774307724,0.03180876147549679,0.03180876147549679,0.1599999999999991,0.9923089132821371,3.447747122375007e-06]"
/multi_agv/m2b_algorithm_state,1789558477.417369,1789558477.417369,m2b_algorithm_state_v1:header6+3x20,"[1.0,-0.15,0.52,0.0026080446775335643,0.010357420008774472,1789558477.4172308,0.0025940623401123283,0.010369969390092621,0.022054270333333337,0.025185475281711774,-0.0003345775874911203,-0.0011748715357631694,-0.007663784558948717,0.000708573443776051,0.011799709774009336,-0.0018854888963362774,0.001429740383916715,0.001421093310249443,0.9879652826658946,2.1961091667260237e-06,-0.000935767810170904,0.027899111166928586,0.027899111166928586,0.1599999999999991,1.006084803583907,2.169679613669638e-06,0.002379886478633019,0.009739659824424048,0.022864784525000004,0.0258440104911629,-0.00036931390023609055,-0.0010914256098389294,0.0016210283833333339,0.0022337978715906816,0.008366017267759844,-0.00014608860704233735,-0.0013736425566642039,-0.001381837356638196,1.0119905048983469,2.101872673857822e-06,-0.0015644481154411178,0.031933376603343784,0.031933376603343784,0.1599999999999991,0.9940696349431968,2.1270751884494155e-06,0.0025350245173898,0.010200775868594403,0.022054270333333337,0.024865027849484956,-0.00031785621383737883,-0.0010455629091117667,-0.005265139930400002,0.002512596800714292,0.008086197927640666,-2.2427716675508212e-05,-0.002114577940953738,-0.002134011173808577,1.018520466654259,4.7720447855333304e-06,-0.0021620458196529623,0.03331474660022389,0.03331474660022389,0.1599999999999991,0.9908935655570368,4.860425281856431e-06]"
/multi_agv/m2b_algorithm_state,1789558477.4269526,1789558477.4269526,m2b_algorithm_state_v1:header6+3x20,"[1.0,-0.15,0.52,0.0027158439765174428,0.010612203871728764,1789558477.426826,0.0027014792807626897,0.01062721380166723,0.022054270333333337,0.02525060322983199,-0.0003434510173567824,-0.0011983612750191615,-0.007853983377808746,0.00101149157314172,0.014254654923372943,-0.0016899877076209696,0.003627441121705712,0.0035727749149260884,0.9702427530035698,1.409308921651995e-05,0.0014602902803998764,0.01819265041432285,0.01819265041432285,0.1599999999999991,1.0153007698725276,1.3673717679761239e-05,0.0024818723573885484,0.009988853184092292,0.022864784525000004,0.02588813633699525,-0.00037851696043504765,-0.0011057004740465375,0.0016210283833333339,0.0022585154705443964,0.00818429457420954,-0.000223356886844152,-0.0018045586098827532,-0.0018187098335813235,1.0157858949730894,3.625499265493536e-06,-0.0020979059421365135,0.03400291316078982,0.03400291316078982,0.1599999999999991,0.9922190866089373,3.6827310161236297e-06,0.002640782394449455,0.010456193040563892,0.022054270333333337,0.02491703316821859,-0.000326650490451267,-0.0010634402730881447,-0.0053887691626590215,0.002611664234957612,0.00899496616120127,-2.9118159491842762e-05,-0.0014612268793626221,-0.0014704393324083199,1.0126753965909698,2.2753333046895616e-06,-0.0015068370317731232,0.030838937673799006,0.030838937673799006,0.1599999999999991,0.9937348975624792,2.304174056703144e-06]"
/multi_agv/m2b_algorithm_state,1789558477.4370337,1789558477.4370337,m2b_algorithm_state_v1:header6+3x20,"[1.0,-0.15,0.52,0.002826190574581964,0.010867339237086526,1789558477.436914,0.0028116714772887215,0.01088539886273003,0.022054270333333337,0.025316935396414844,-0.00035251663238853323,-0.001222271708317854,-0.008038386758038231,0.00120765952858911,0.013601281864949313,-0.0016040119486996115,0.0027158830022192826,0.0026851214952011036,0.9775632701386117,7.907807593962503e-06,0.0006801065593265892,0.02158266128446277,0.02158266128446277,0.1599999999999991,1.0114562812420802,7.730382251180931e-06,0.0025865618930589326,0.010238780731657272,0.022864784525000004,0.02593309475148019,-0.0003878462503755309,-0.0011202694202144762,0.0016210283833333339,0.0023399057347692977,0.00818429457420954,-0.0002466561582896349,-0.002054486157447733,-0.00207281562423776,1.0179755552682628,4.695875711528569e-06,-0.0023811358220998035,0.035123812448905556,0.035123812448905556,0.1599999999999991,0.9911572131280285,4.780286684914044e-06,0.0027492985592046746,0.01071243202079899,0.022054270333333337,0.024970503420955248,-0.0003355950232817402,-0.0010818717850663313,-0.005508631359808187,0.002864416856000849,0.010770312925134456,0.00011511829679617443,5.7880904335465624e-05,5.786664250303373e-05,0.9995073023980168,3.5611897836986885e-09,0.0002017645134982518,0.02422778371387107,0.02422778371387107,0.1599999999999991,1.000246460340794,3.559435194032053e-09]"
/multi_agv/m2b_algorithm_state,1789558477.4470792,1789558477.4470792,m2b_algorithm_state_v1:header6+3x20,"[1.0,-0.15,0.52,0.0029393621395304684,0.011123474241214766,1789558477.4469688,0.002924437733477136,0.011144029241643436,0.022054270333333337,0.025387225199377722,-0.0003617589079311323,-0.0012477960127721729,-0.00821751239440951,0.001253720053347106,0.012270019853940953,-0.00167071768013003,0.0011259906122975168,0.0011206571479505437,0.990564379212223,1.3619395490838497e-06,-0.0009677399522119939,0.028346262072299788,0.028346262072299788,0.1599999999999991,1.0047592293117722,1.3490888039628184e-06,0.0026937608328703056,0.010488987308090026,0.022864784525000004,0.025978692663495232,-0.00039728922513497565,-0.0011350557869894973,0.0016210283833333339,0.002521811305028505,0.009432671104469714,-0.00017194952784180045,-0.0010563162036203114,-0.0010611148945969791,1.0091201165753512,1.2386616772661573e-06,-0.0012760518043992298,0.030932968764807042,0.030932968764807042,0.16000000000000336,0.9954776895498293,1.2499584161602447e-06,0.002860373157398451,0.010969001161526113,0.022054270333333337,0.025027233730571002,-0.0003446781658965406,-0.0011016361295066697,-0.005625063023449518,0.0030759382414245902,0.010908746662103001,0.00021556508402613937,-6.025449942311141e-05,-6.026992834081465e-05,1.000512234897918,3.8577277672122966e-09,0.00020918642669185957,0.02431214171680556,0.02431214171680556,0.16000000000000336,0.9997440030521357,3.859703830001331e-09]"
/multi_agv/m2b_algorithm_state,1789558477.4570618,1789558477.4570618,m2b_algorithm_state_v1:header6+3x20,"[1.0,-0.15,0.52,0.0030547157666014715,0.011391100392567721,1789558477.4569404,0.003040062288617988,0.01140378485892098,0.022054270333333337,0.025455426318430948,-0.00037121384270478335,-0.0012723131659686637,-0.008390375568189279,0.0013004590259531957,0.011660013100170397,-0.0017396032626647924,0.000256228241249417,0.00025595107092635006,0.9978385039140497,7.05902258984369e-08,-0.0019185530074046404,0.032167085660195716,0.032167085660195716,0.1599999999999991,1.0010829035489626,7.043764540145107e-08,0.002803738846089656,0.010740065779804814,0.022864784525000004,0.02602534383756245,-0.0004068698803224389,-0.0011502253842298575,0.0016210283833333339,0.0027104164494856447,0.01051325149674698,-9.33223966040112e-05,-0.00022681428305783465,-0.0002270336681434142,1.0019360561596566,5.699723297752096e-08,-0.0003436866638984282,0.027344620933139666,0.027344620933139666,0.1599999999999991,0.9990336891996081,5.710758282151047e-08,0.0029742852838837625,0.011226572084918507,0.022054270333333337,0.025083292460259254,-0.0003539334969338431,-0.0011210238189763178,-0.005737424086406366,0.0029860610065728984,0.010654825392452511,1.1775722689135858e-05,-0.0005717466924659957,-0.000573137376864977,1.0048746080378288,3.4735904260501533e-07,-0.0005584177235035572,0.027310670767410207,0.027310670767410207,0.1599999999999991,0.9975735583559596,3.4905228178611024e-07]"
/multi_agv/m2b_algorithm_state,1789558477.4670432,1789558477.4670432,m2b_algorithm_state_v1:header6+3x20,"[1.0,-0.15,0.52,0.0031743543226879305,0.011683907337858637,1789558477.466914,0.0031579567737603626,0.01168058495407496,0.02571121006666667,0.029118176238026865,-0.00038051773722949504,-0.0012700549575030554,-0.0012459344676722232,0.001504109581023729,0.012612560580272967,-0.0016538471927366337,0.0009319756261980065,0.0009283362805975729,0.9922157762596576,1.064175039568072e-06,-0.001138972710323219,0.03277310731876842,0.03277310731876842,0.1599999999999991,1.0039202880211586,1.0558912629611865e-06,0.002915824358006081,0.01099998791245947,0.022864784525000004,0.026090710230337415,-0.00041667422578617243,-0.0011733374403247506,-0.005692851083333332,0.0029336506170690004,0.011449610362345932,1.782625906291942e-05,0.00044962244988646163,0.00044876670802491395,0.9961995890570848,2.237190449919895e-07,0.0004710495318535632,0.024208057982853793,0.024208057982853793,0.1599999999999991,1.0019068746550162,2.228688206852634e-07,0.0030903661680379718,0.01149272831116873,0.02571121006666667,0.02880772532630756,-0.0003633342826806743,-0.001145260987243068,0.00018639153559638771,0.0030943105141578928,0.010767126148431349,3.9443461199210016e-06,-0.0007256021627373814,-0.0007278385050869527,1.0061800504901144,6.407856513152813e-07,-0.0007229080724370514,0.03168039501268971,0.03168039501268971,0.1599999999999991,0.996927419566372,6.447457389937506e-07]"
/multi_agv/m2b_algorithm_state,1789558477.4770412,1789558477.4770412,m2b_algorithm_state_v1:header6+3x20,"[1.0,-0.15,0.52,0.003294658285115354,0.01197418646987698,1789558477.4769087,0.0032801987559336935,0.011979388498144969,0.02571121006666667,0.02908541744698797,-0.00038992928818494825,-0.001251140763051795,-0.00510731716300743,0.0017681089787580386,0.013231985292172793,-0.0015120897771756549,0.0012525967940278243,0.0012460570452728142,0.9896042211092189,1.9131794910349223e-06,-0.0006440551761967544,0.030827061403919387,0.030827061403919387,0.1599999999999991,1.0052483542224813,1.8932905000677461e-06,0.0030321416581754863,0.011291338092789734,0.02656527949166667,0.02981320839620616,-0.0004266379935373315,-0.0011777077352067098,0.0017081388499999989,0.003047772318433611,0.011449610362345932,1.5630660258124634e-05,0.00015827226955619778,0.00015816632168323954,0.9986619477399643,3.158734313931007e-08,0.00017770464700589533,0.029110066764195294,0.029110066764195294,0.16000000000000336,1.0006698510266328,3.1545077623433994e-08,0.0032107225539546105,0.01178099542264121,0.02571121006666667,0.028857270770306465,-0.0003729783729827204,-0.0011616512883555006,-0.003618680454704831,0.003238892047770228,0.011176010372932532,2.81694938156175e-05,-0.000604985049708677,-0.0006065338826846001,1.0051312641098993,4.4476062777809714e-07,-0.0005713220154150783,0.031144357375855403,0.031144357375855403,0.16000000000000336,0.997446419697004,4.470428120249112e-07]"
/multi_agv/m2b_algorithm_state,1789558477.4870124,1789558477.4870124,m2b_algorithm_state_v1:header6+3x20,"[1.0,-0.15,0.52,0.0034199382280030335,0.0122694306271148,1789558477.4869442,0.003403086946642089,0.01227213023852656,0.02571121006666667,0.029101322855675113,-0.000398994177989134,-0.001253353418627925,-0.005265555845133338,0.001887789774034856,0.01253506259542536,-0.001515297172607233,0.00026293235689879915,0.00026264302474296686,0.9978012375696201,8.418083771460728e-08,-0.0016314784410160744,0.03478861057167307,0.03478861057167307,0.1599999999999991,1.001101617513412,8.39957440512825e-08,0.0031491781398354794,0.011577445827539399,0.02656527949166667,0.02985393814528364,-0.0004364404358396241,-0.001190221927012746,0.0017081388499999989,0.0029733988964636645,0.011398020564231733,-0.00017577924337181493,-0.00017942526330766602,-0.00017956136111034495,1.00151800953011,4.054045022324578e-08,-0.0003992854153251136,0.03134958961359852,0.03134958961359852,0.1599999999999991,0.9992420540708906,4.060199101303961e-08,0.003331709768868494,0.012072983343564983,0.02571121006666667,0.028871702565360906,-0.000382468351298201,-0.0011630064562985314,-0.0037215355980866702,0.003347939409046826,0.010999662360599485,1.622964017833177e-05,-0.001073320982965498,-0.001078198005338657,1.0091224922177555,1.3969484959231513e-06,-0.0010579109551157424,0.033066773498045626,0.033066773498045626,0.1599999999999991,0.9954766913414692,1.4096921477058156e-06]"
/multi_agv/m2b_algorithm_state,1789558477.4969883,1789558477.4969883,m2b_algorithm_state_v1:header6+3x20,"[1.0,-0.15,0.52,0.0035465161309426404,0.012560801356369646,1789558477.4968772,0.0035310031498880035,0.012569859450003447,0.02571121006666667,0.029099703540076568,-0.0004081877075891052,-0.0012479555340166862,-0.005416534170973891,0.0017512127091095396,0.011762063080593918,-0.001779790440778464,-0.0008077963694095285,-0.0008105399600425959,1.0068122773079549,7.929933422416017e-07,-0.003035278011015676,0.04015412539103187,0.04015412539103187,0.1599999999999991,0.9966151074983112,7.983954327923135e-07,0.003271112879433185,0.01186846913872834,0.02656527949166667,0.029895288699318796,-0.00044647604570954456,-0.0012028844651593758,0.0017081388499999989,0.0030867100838909436,0.011398020564231733,-0.00018440279554224163,-0.0004704485744966083,-0.0004713834286890937,1.0039809601277772,2.783081479213062e-07,-0.0007018869231168957,0.03258658219318358,0.03258658219318358,0.1599999999999991,0.9980167860480689,2.794160815614164e-07,0.0034576986546879115,0.01236996329261261,0.02571121006666667,0.028874692095365747,-0.0003920747660180054,-0.0011593760756153431,-0.003819671509883031,0.0033184022405376022,0.01060576235718864,-0.00013929641415030922,-0.0017642009354239714,-0.0017774029679902712,1.0150609139706837,3.765473379561179e-06,-0.0019515234856781578,0.036466729405498916,0.036466729405498916,0.1599999999999991,0.992572290693749,3.822184850189649e-06]"
/multi_agv/m2b_algorithm_state,1789558477.507068,1789558477.507068,m2b_algorithm_state_v1:header6+3x20,"[1.0,-0.15,0.52,0.0036784280178950024,0.012857730218488026,1789558477.5069425,0.00366019932213281,0.012863465824564255,0.02571121006666667,0.02912523053593365,-0.0004171665426922248,-0.0012543549520843966,-0.005565107844461586,0.001977359626757188,0.012962168145143707,-0.0016828396953756219,9.870232057945273e-05,9.866174113574736e-05,0.9991780277207581,1.1799199658231703e-08,-0.00200488787808378,0.03620463342848769,0.03620463342848769,0.1599999999999991,1.0004112986780715,1.1789501043195396e-08,0.0033943573141680524,0.012156077992511486,0.02656527949166667,0.029933398084307387,-0.00045647645032376475,-0.0012141700915744812,0.0017081388499999989,0.0033479378334795936,0.01313422613378322,-4.641948068845889e-05,0.0009781481412717338,0.0009741595024341594,0.9918726615334421,1.1987824626989781e-06,0.0009161351515735858,0.02620647175212124,0.02620647175212124,0.1599999999999991,1.0040944412363764,1.1890395518768497e-06,0.00358499175652706,0.012662860252033198,0.02571121006666667,0.028895554832979675,-0.0004014800198113588,-0.0011635435280536281,-0.003916244397650033,0.003421028656715245,0.01072415218336663,-0.00016396309981181467,-0.001938708068666568,-0.0019546241241071016,1.0165329325070953,4.537078921270807e-06,-0.00215957799887187,0.03727722177761475,0.03727722177761475,0.1599999999999991,0.9918572296104223,4.612090140855542e-06]"
/multi_agv/m2b_algorithm_state,1789558477.5171516,1789558477.5171516,m2b_algorithm_state_v1:header6+3x20,"[1.0,-0.15,0.52,0.003811522978786287,0.01315067518379869,1789558477.5170403,0.0037947831837505945,0.013162710272226746,0.02571121006666667,0.029130771814512322,-0.00042633437930429793,-0.0012520528715440928,-0.005706622940474564,0.0023949984395586084,0.014698319629434577,-0.001399784744191986,0.0015356093572078313,0.0015259148858315168,0.9874417906103503,2.8423358244525263e-06,-0.00022381604440846578,0.029233920849288504,0.029233920849288504,0.15999999999999912,1.0063532189549562,2.806641176013349e-06,0.0035228572108755483,0.01244910865359285,0.02656527949166667,0.029972736533922215,-0.00046671242105836286,-0.0012258646946855245,0.0017081388499999989,0.003479240350649145,0.01313422613378322,-4.361686022640336e-05,0.0006851174801903691,0.0006831623476658391,0.9943063668774373,5.87236652496318e-07,0.0006286412723828349,0.027416177871099706,0.027416177871099706,0.15999999999999912,1.0028618856575016,5.838931424408822e-07,0.003717643659058865,0.01296137172964448,0.02571121006666667,0.028903460151164486,-0.0004110476443759648,-0.0011620492714511281,-0.0040082292100584675,0.0036260107316894584,0.011787229066580696,-9.163292736940644e-05,-0.001174142663063784,-0.0011799314474453503,1.009901601293321,1.6577746948389568e-06,-0.0012944726066571083,0.03397027772461106,0.03397027772461106,0.15999999999999912,0.9950939655061322,1.6741893189014093e-06]"
/multi_agv/m2b_algorithm_state,1789558477.5271394,1789558477.5271394,m2b_algorithm_state_v1:header6+3x20,"[1.0,-0.15,0.52,0.003949136256014528,0.013447154636682982,1789558477.5270114,0.003930528777496333,0.013457756394577181,0.02571121006666667,0.029158417318654973,-0.00043531518812651483,-0.0012593639337352023,-0.0058447598375785835,0.0023373587513501955,0.014393152975949362,-0.0015931700261461374,0.0009353965813721811,0.0009317948586554751,0.9923243590552381,1.053096534129441e-06,-0.0010596676740271967,0.03252739998555246,0.03252739998555246,0.1599999999999991,1.003865360152237,1.0450133432532903e-06,0.003652558034712182,0.012738566329888965,0.02656527949166667,0.03000914716565662,-0.0004768948322223139,-0.0012363265617291747,0.0017081388499999989,0.0033743900701641884,0.012520590547017024,-0.00027816796454799373,-0.00021797578287194135,-0.00021817438432155834,1.001823640823997,5.9394943854196075e-08,-0.0005658843400065505,0.03211181955847329,0.03211181955847329,0.1599999999999991,0.9990897123407287,5.95032588985476e-08,0.003851482124150345,0.013255702826929923,0.02571121006666667,0.02892604667732406,-0.0004204336727453657,-0.001166969130199363,-0.0040980181931760794,0.003700318835523114,0.012577093288391492,-0.00015116328862723122,-0.000678609538538431,-0.0006805307712822625,1.0056758760888334,5.521202154369077e-07,-0.0008694848820663015,0.03229644335200237,0.03229644335200237,0.1599999999999991,0.9971768613192737,5.552539813658676e-07]"
/multi_agv/m2b_algorithm_state,1789558477.5371296,1789558477.5371296,m2b_algorithm_state_v1:header6+3x20,"[1.0,-0.15,0.52,0.004087641003878287,0.013739264128094883,1789558477.5370245,0.0040708285161951754,0.01375638439376708,0.02571121006666667,0.029169701739568833,-0.00044443317848985077,-0.0012595600778221609,-0.005976004498440406,0.0023635387004879204,0.013191480507510681,-0.001707289815707255,-0.0005649038862563984,-0.000566227520098088,1.004695584340559,3.837059162309793e-07,-0.002700339789732157,0.03895871417157973,0.03895871417157973,0.15999999999999912,0.9976623639884896,3.855076397226133e-07,0.0037867228940387954,0.01303149643726674,0.02656527949166667,0.030046182904129845,-0.00048724008592719754,-0.001246974598248728,0.0017081388499999989,0.0035546732712975135,0.01374216361713389,-0.00023204962274128195,0.0007106671798671506,0.0007085760507738705,0.9941297584328721,6.294196904594926e-07,0.00041851402234726806,0.028228373101188517,0.028228373101188517,0.16000000000000342,1.002951171001329,6.257248448293885e-07,0.003989857357809613,0.013553583079015129,0.02571121006666667,0.02893815877596384,-0.0004299289386687909,-0.0011673231706225808,-0.004183327222736266,0.003892918870344563,0.013316923135795657,-9.693848746505007e-05,-0.00023665994321947145,-0.0002368921847971249,1.0019643011456845,6.692810426535571e-08,-0.0003580652941284375,0.030312739565699378,0.030312739565699378,0.16000000000000342,0.9990196317457566,6.705957121724264e-08]"
/multi_agv/m2b_algorithm_state,1789558477.547001,1789558477.547001,m2b_algorithm_state_v1:header6+3x20,"[1.0,-0.15,0.52,0.004229835103920782,0.014033120546999886,1789558477.5468698,0.004211993110499251,0.014050453103799055,0.02571121006666667,0.029199222245867594,-0.00045337674891586164,-0.0012676980620096373,-0.006103221845230022,0.002389063749551665,0.012006564115282541,-0.001822929360947586,-0.002043888988516514,-0.0020613476260743138,1.0172079008747994,5.021058733977475e-06,-0.004340009327258796,0.0452158786482553,0.0452158786482553,0.15999999999999912,0.9915304738817643,5.107460614958305e-06,0.003921805929358422,0.013320432845869595,0.02656527949166667,0.03008050096905781,-0.0004975052235595941,-0.0012564938466758675,0.0017081388499999989,0.0038709447003174888,0.015330846285412937,-5.086122904093349e-05,0.002010413439543342,0.0019938782800646435,0.9836661773786183,5.01907914279856e-06,0.0019303017437634767,0.02217639604746334,0.02217639604746334,0.15999999999999912,1.0082929633388464,4.937098394357411e-06,0.0041291239717771875,0.013846906434616002,0.02571121006666667,0.02896249629238967,-0.0004392507154005491,-0.001173030257504623,-0.004266018498149516,0.004092378851627956,0.013748312054788589,-3.6745120149231196e-05,-9.859437982741304e-05,-9.8634531239512e-05,1.0008147598444683,1.1587629676622849e-08,-0.000144565931426051,0.02951956027038344,0.02951956027038344,0.15999999999999912,0.9995929274302378,1.1597070811975931e-08]"
/multi_agv/m2b_algorithm_state,1789558477.556921,1789558477.556921,m2b_algorithm_state_v1:header6+3x20,"[1.0,-0.15,0.52,0.004375526677820252,0.014328250779818641,1789558477.556807,0.004356867014200141,0.014346290603606517,0.02571121006666667,0.02922990197712119,-0.0004624110406602432,-0.0012762890622206376,-0.006226233203064274,0.0028670000652020276,0.014390922340975483,-0.001489866948998113,4.463173736896607e-05,4.462355867751718e-05,0.9996335608765475,2.3833291813555298e-09,-0.0018177101275701241,0.03566531097407486,0.03566531097407486,0.15999999999999912,1.0001832819185936,2.3824558362994154e-09,0.004060546197125843,0.013611111113172822,0.02656527949166667,0.0301149681106213,-0.0005078667203848178,-0.0012660283014811965,0.0017081388499999989,0.00402319849293226,0.015330846285412937,-3.734770419358373e-05,0.0017197351722401145,0.001707646160677923,0.9860254565333105,3.6667544963840103e-06,0.0016609615304359433,0.02333693155829949,0.02333693155829949,0.16000000000000342,1.0070793422200488,3.615513276292613e-06,0.004272092100436364,0.014141959924220324,0.02571121006666667,0.028987837835890345,-0.0004486363843315708,-0.0011791371865686132,-0.004345975880741778,0.004204093405501958,0.014192359491523622,-6.79986949344057e-05,5.039956730329767e-05,5.0389117294792993e-05,0.9995853871329904,3.0205045534100664e-09,-3.460925137321413e-05,0.029088065151246553,0.029088065151246553,0.16000000000000342,1.0002073862188048,3.0192522133573615e-09]"
/multi_agv/m2b_algorithm_state,1789558477.567012,1789558477.567012,m2b_algorithm_state_v1:header6+3x20,"[1.0,-0.15,0.52,0.00452507279423645,0.014625317684297456,1789558477.566868,0.004505254748985154,0.014643417511606771,0.02571121006666667,0.029264372374126508,-0.00047152531045151463,-0.0012864718125628286,-0.006345332870259698,0.0032259087263069486,0.01694015873688949,-0.001279346022678205,0.0022967412252827193,0.0022754845620651834,0.9816376070217483,6.281361487099931e-06,0.000676302033717427,0.02575429293060469,0.02575429293060469,0.15999999999999912,1.0093415985201164,6.166020659035346e-06,0.004202756856323217,0.013903073528464167,0.02656527949166667,0.03014945905414188,-0.000518309464491106,-0.0012755317540634244,0.0017081388499999989,0.004063234278744435,0.014896413873300039,-0.0001395225775787821,0.0009933403448358722,0.0009892981786763753,0.9918898254751789,1.2220551675238763e-06,0.0008148949567028977,0.026778362821141013,0.026778362821141013,0.15999999999999912,1.0040858926526126,1.2121440868362981e-06,0.004418568428152387,0.014438261299384986,0.02571121006666667,0.02901592721796075,-0.00045807556223512354,-0.001186400234364629,-0.004423390664418806,0.004397202085572379,0.014370898196623629,-2.1366342580007858e-05,-6.736310276135755e-05,-6.738173154670961e-05,1.0005532168179663,5.384979171420279e-09,-9.408965977171944e-05,0.029380031279839923,0.029380031279839923,0.15999999999999912,0.999723533591013,5.387958232462306e-09]"
/multi_agv/m2b_algorithm_state,1789558477.5769992,1789558477.5769992,m2b_algorithm_state_v1:header6+3x20,"[1.0,-0.15,0.52,0.00467626463118103,0.014919892650169292,1789558477.5769122,0.004657518776251162,0.014942525177748321,0.02571121006666667,0.029290054034187708,-0.0004807551417447467,-0.001292810787043674,-0.006458883430828765,0.0035486187364913717,0.01764671036715786,-0.00110890003975979,0.002704185189409538,0.002674887895558079,0.9785351537506229,8.683300353102737e-06,0.0012887628458583414,0.023350787881488103,0.023350787881488103,0.1599999999999992,1.0109527183924643,8.496914646086225e-06,0.00434878838273454,0.014196934536341972,0.02656527949166667,0.0301843345919561,-0.0005288532345057283,-0.0012851494438664481,0.0017081388499999989,0.004142744820862088,0.01452915974482051,-0.00020604356187245258,0.0003322252084785385,0.00033177228038286393,0.997276551068086,1.3653822120029111e-07,7.42178280422982e-05,0.029770014355804737,0.029770014355804737,0.1599999999999992,1.0013651776307286,1.3616636632759776e-07,0.004568911223723647,0.014736493338802071,0.02571121006666667,0.029038594030079513,-0.00046759963540998544,-0.0011912848487565294,-0.0044971985287886995,0.0045284627705517826,0.01401895757318635,-4.044845317186484e-05,-0.0007175357656157219,-0.0007196527835480987,1.0059157281233324,6.100000286024384e-07,-0.0007702133500129297,0.03207535167351183,0.03207535167351183,0.1599999999999992,0.9970582786855361,6.136086229268754e-07]"
/multi_agv/m2b_algorithm_state,1789558477.586957,1789558477.586957,m2b_algorithm_state_v1:header6+3x20,"[1.0,-0.15,0.52,0.004831238012789319,0.01521625552713747,1789558477.5868773,0.0048114155631021685,0.01523905504589527,0.02571121006666667,0.02932841927131604,-0.0004899230015436204,-0.001304644139332295,-0.00656862533759646,0.003600413598286866,0.016255271148686076,-0.0012110019648153025,0.0010162161027908057,0.0010120421055379463,0.9918143679294132,1.2266225318221326e-06,-0.0005017103504811817,0.030663561546734303,0.030663561546734303,0.1599999999999992,1.004124331616263,1.2165818510871451e-06,0.004496477583155071,0.014488503493036571,0.02656527949166667,0.03021777424959419,-0.000539361144077875,-0.0012941674713981624,0.0017081388499999989,0.004422026933313618,0.015962244629711145,-7.445064984145256e-05,0.0014737411366745733,0.0014649251115041513,0.9880974503389612,2.677669235710088e-06,0.0013718617992023356,0.024608465708557813,0.024608465708557813,0.1599999999999992,1.006018072255837,2.645798144656213e-06,0.004720900747285848,0.015032119411576035,0.02571121006666667,0.029069892823572925,-0.0004770506609963418,-0.0011999244809935746,-0.004568530768187699,0.004649243640317216,0.013936118343081673,-7.165710696863201e-05,-0.0010960010684943622,-0.0011009389060021827,1.009045485872871,1.4209144877067342e-06,-0.0011905102897129727,0.03374144296435844,0.03374144296435844,0.1599999999999992,0.9955148850849943,1.4337673496318431e-06]"
/multi_agv/m2b_algorithm_state,1789558477.597028,1789558477.597028,m2b_algorithm_state_v1:header6+3x20,"[1.0,-0.15,0.52,0.004988396131151851,0.015511305047472015,1789558477.5967515,0.0049691140908048,0.015537431029878281,0.02571121006666667,0.029360786845572612,-0.0004992167172062848,-0.0013138302931499151,-0.0066735162553322154,0.003511887483565675,0.016124085822084265,-0.0014572266072391247,0.0005866547922059838,0.0005852636855131642,0.9952672195010195,4.081751327604709e-07,-0.0012362695735357416,0.033507117384350416,0.033507117384350416,0.1599999999999992,1.0023768887891957,4.0624332945197336e-07,0.0046479179874454254,0.014781801069474989,0.02656527949166667,0.030251734408170698,-0.0005499600760316805,-0.0013033633729874414,0.0017081388499999989,0.004703616899364233,0.017376221802091668,5.5698911918807686e-05,0.002594420732616679,0.0025673900115015724,0.979350150331883,8.27030295860676e-06,0.002637013651400082,0.019469892680844193,0.019469892680844193,0.1599999999999992,1.0105284826200978,8.099522445801747e-06,0.004876681960117732,0.015329534482059138,0.02571121006666667,0.029097605825476484,-0.0004865956581488963,-0.0012069719514291493,-0.0046367098647159405,0.0048571554308235575,0.015083150934801563,-1.9526529294174207e-05,-0.0002463835472575754,-0.0002466308632798367,1.002009305894738,7.157836369268945e-08,-0.00027103902489755444,0.03016822659971622,0.03016822659971622,0.1599999999999992,0.9989972219252191,7.172218652079286e-08]"
/multi_agv/m2b_algorithm_state,1789558477.6070068,1789558477.6070068,m2b_algorithm_state_v1:header6+3x20,"[1.0,-0.15,0.52,0.005150510029394901,0.01581028652395007,1789558477.6068907,0.005128993561138406,0.015834460892418117,0.02571121006666667,0.02940768082462327,-0.0005085103892516591,-0.001329273354999215,-0.006775437262982312,0.0037295392221288657,0.01732164081773603,-0.0013994543390095401,0.0014871799253179142,0.0014783223794456802,0.9881497437111076,2.6161708231977316e-06,-0.0002709955443162451,0.029702693813399347,0.029702693813399347,0.1599999999999992,1.0059916199574517,2.585168528447316e-06,0.00480154445722346,0.015073891371925581,0.02656527949166667,0.030284950155887076,-0.0005605550217851708,-0.0013122410266393006,0.0017081388499999989,0.004761299624025095,0.015641332521156785,-4.024483319836538e-05,0.0005674411492312039,0.0005661334802513373,0.9954001530370237,3.958349776838071e-07,0.0005158274387533806,0.028187418716658294,0.028187418716658294,0.1599999999999992,1.0023098244945452,3.9401419736386846e-07,0.005034650375093685,0.015625562878072347,0.02571121006666667,0.029135133653743997,-0.0004961238291961681,-0.0012182554511840403,-0.004702958519688504,0.005163209916858504,0.015619089494567273,0.00012855954176481908,-6.47338350507308e-06,-6.473553438884954e-06,1.0000525035063728,4.930629048856096e-11,0.0001542258737671389,0.02859057660509471,0.02859057660509471,0.1599999999999992,0.9999737495313079,4.9308879241697846e-11]"
/multi_agv/m2b_algorithm_state,1789558477.6171167,1789558477.6171167,m2b_algorithm_state_v1:header6+3x20,"[1.0,-0.15,0.52,0.005313527444624742,0.016105604450044237,1789558477.6169603,0.005293866436962573,0.016135559224175797,0.02571121006666667,0.029437029065386647,-0.0005180329898299007,-0.0013370423565165945,-0.006871932548647282,0.004096495030791004,0.0190343164660296,-0.0011973714061715695,0.0028987572418538027,0.002865532213660227,0.9773058292502002,9.900485744244185e-06,0.0013688179559457653,0.023107263128711045,0.023107263128711045,0.1599999999999992,1.0115947145996784,9.675802430258348e-06,0.004960074507143538,0.015369716094925802,0.02656527949166667,0.030319727292687025,-0.0005713065667540887,-0.0013217112870728097,0.0017081388499999989,0.004818055850421827,0.014860167466358078,-0.00014201865672171157,-0.0005095486285677242,-0.000510607953272041,1.0041653407101647,3.1897022345218835e-07,-0.0006881312741741805,0.03297934957054947,0.03297934957054947,0.1599999999999992,0.997925365835905,3.202988431092641e-07,0.005197589144078592,0.015925584252748617,0.02571121006666667,0.02916154949276387,-0.0005058378278181984,-0.001224658101637013,-0.004765680455370734,0.0053157372632044435,0.015185899034434836,0.00011814811912585176,-0.0007396852183137806,-0.0007419087651613256,1.0060277610081496,6.428923056969227e-07,-0.0005942236162540109,0.03158720887595565,0.03158720887595565,0.1599999999999992,0.9970029376225775,6.46767506869642e-07]"
/multi_agv/m2b_algorithm_state,1789558477.6271136,1789558477.6271136,m2b_algorithm_state_v1:header6+3x20,"[1.0,-0.15,0.52,0.005481152907938224,0.016404123742970383,1789558477.6269703,0.005459621604948159,0.016432895235020322,0.02571121006666667,0.029484864734015497,-0.0005274610572991703,-0.0013528232248728044,-0.0069653229803521115,0.004211241332059173,0.019621457374961092,-0.001248380272888986,0.0031885621399407697,0.0031485597361558077,0.9751844897007707,1.1956902930407486e-05,0.0015880843950445752,0.02220382807150482,0.02220382807150482,0.1599999999999992,1.012704984862,1.1660186282591073e-05,0.005119532961462668,0.015662102503084852,0.02656527949166667,0.03035284613876991,-0.0005819834494862211,-0.0013305058408781545,0.0017081388499999989,0.0051304412027434075,0.01563486655596143,1.0908241280739757e-05,-2.723594712342181e-05,-2.7238954634454985e-05,1.0002208697207975,9.089731141340454e-10,-1.3603653033530288e-05,0.03041337980241056,0.03041337980241056,0.1599999999999992,0.9998895878687883,9.091738787719766e-10,0.005361427767463398,0.016221815612027537,0.02571121006666667,0.029200393788807334,-0.0005154543593542797,-0.0012364641202784812,-0.004826384235978875,0.005374791805860313,0.015215693278960501,1.3364038396915072e-05,-0.0010061223330670357,-0.0010102317790691864,1.008197749552744,1.1877153042966103e-06,-0.0009935267310730426,0.033143414194102584,0.033143414194102584,0.1599999999999992,0.9959321750836851,1.1974518969011952e-06]"
/multi_agv/m2b_algorithm_state,1789558477.6371634,1789558477.6371634,m2b_algorithm_state_v1:header6+3x20,"[1.0,-0.15,0.52,0.005650853826127319,0.01670122529004124,1789558477.63696,0.005630017251298164,0.01673355589179347,0.02571121006666667,0.02952217859826755,-0.0005370967704363362,-0.0013639659563794279,-0.0070542497740847315,0.004240556196073232,0.017958977967758815,-0.001389461055224932,0.0012254220759653454,0.0012194507305315903,0.9902956893555699,1.7670872867453744e-06,-0.0005173755884995748,0.030820296167633796,0.030820296167633796,0.1599999999999992,1.004896750056603,1.7499389227789742e-06,0.005283554965026193,0.015957517611792187,0.02656527949166667,0.030387325623902353,-0.000592793828736094,-0.001339818393534583,0.0017081388499999989,0.005286753626682345,0.01563486655596143,3.198661656152006e-06,-0.00032265105583075687,-0.00032307276154994354,1.0026169609234303,1.2735967438581597e-07,-0.00031907443447975353,0.03166143765768143,0.03166143765768143,0.1599999999999992,0.9986947035795789,1.2769296967690447e-07,0.005529886507490316,0.016521297725325488,0.02571121006666667,0.029232707548495575,-0.0005252394096977378,-0.0012453712280560856,-0.004884186651905077,0.005574283133726057,0.015729290960902243,4.439662623574158e-05,-0.0007920067644232448,-0.000794541830989293,1.0064194035699345,7.343112197078633e-07,-0.000739046048194616,0.032191107474174016,0.032191107474174016,0.1599999999999992,0.9968093982378603,7.390250597730989e-07]"
/multi_agv/m2b_algorithm_state,1789558477.6471467,1789558477.6471467,m2b_algorithm_state_v1:header6+3x20,"[1.0,-0.15,0.52,0.005823697665602756,0.016998852687827703,1789558477.6469836,0.005802485421799644,0.017032777832146878,0.02571121006666667,0.029565421049851853,-0.0005467403171444413,-0.0013776588744049988,-0.00713940486884011,0.004341461512864871,0.017595207615458047,-0.0014610239089347735,0.0005624297833111691,0.000561169848511172,0.9955284392895369,3.7192779399355547e-07,-0.0012651100376572949,0.033824414698306514,0.033824414698306514,0.1599999999999992,1.0022451933284366,3.702646962828047e-07,0.005449654343033058,0.0162515998145835,0.02656527949166667,0.030421206693142428,-0.0006035984492827858,-0.0013488764263732168,0.0017081388499999989,0.005764999641711069,0.017406494314260692,0.000315345298678011,0.001154894499677192,0.0011495626679778935,0.990803640982624,1.6256251377999961e-06,0.0015437442913254073,0.024358114808290723,0.024358114808290723,0.1599999999999992,1.0046381392226988,1.610675305405116e-06,0.005700421713549257,0.01681929822339334,0.02571121006666667,0.029269244738298582,-0.0005350195420792329,-0.0012561004002140802,-0.004939537463496072,0.005813181488622899,0.016191580822816933,0.00011275977507364202,-0.0006277174005764052,-0.0006293032785835183,1.005063941385788,4.6032006962192295e-07,-0.0004883535597414658,0.031273774690626054,0.031273774690626054,0.1599999999999992,0.9974799463770749,4.6265110347319025e-07]"
/multi_agv/m2b_algorithm_state,1789558477.657438,1789558477.657438,m2b_algorithm_state_v1:header6+3x20,"[1.0,-0.15,0.52,0.005999812448974958,0.017297216085150408,1789558477.6572804,0.005978108930032555,0.01733257017670804,0.02571121006666667,0.02960999763437783,-0.0005564801396415671,-0.0013918776439413028,-0.007220923974297255,0.004625941823654486,0.018979063828157804,-0.0013521671063780683,0.0016464936514497645,0.0016358087034618013,0.9870948934385044,3.1781193379280235e-06,-5.440017951078408e-05,0.029052144133716387,0.029052144133716387,0.1599999999999992,1.0065319055738922,3.1371053692069127e-06,0.005618879020450859,0.016546175011571622,0.02656527949166667,0.030455378776470247,-0.0006144559354556928,-0.0013580330287682393,0.0017081388499999989,0.005601865737390602,0.015777324426151502,-1.7013283060257275e-05,-0.0007688505854201201,-0.0007712386014547743,1.0062286526908895,7.207366967086021e-07,-0.0007925052052800959,0.033592526497427694,0.033592526497427694,0.1599999999999992,0.9969036611625122,7.252259152739789e-07,0.005874105046324856,0.017117812875203444,0.02571121006666667,0.02930698692281508,-0.0005448731570252894,-0.0012673113462327492,-0.004992524882043218,0.006010802688910985,0.01656087546164825,0.00013669764258612827,-0.000556937413555194,-0.0005581814904286819,1.0044762614914893,3.6167603728940275e-07,-0.00038730943719602153,0.030924264021458137,0.030924264021458137,0.1599999999999992,0.9977711964749449,3.6329499380751576e-07]"
/multi_agv/m2b_algorithm_state,1789558477.6673841,1789558477.6673841,m2b_algorithm_state_v1:header6+3x20,"[1.0,-0.15,0.52,0.006178905784654072,0.017595804422224665,1789558477.6672122,0.006157018054752534,0.017633150929421616,0.02571121006666667,0.029654007370917414,-0.0005663270928456252,-0.0014057977972408045,-0.0072987520675006495,0.004815868845488734,0.018979063828157804,-0.0013411492092638005,0.0013459128987361874,0.0013387795275914957,0.989449324761255,2.12099475448962e-06,-0.000337656983988255,0.030252686007199738,0.030252686007199738,0.1599999999999992,1.0053282642867454,2.0986168276519183e-06,0.005791354363184883,0.016841438640344344,0.02656527949166667,0.03048995379728172,-0.0006253742573702264,-0.0013673323344181969,0.0017081388499999989,0.005759752357505443,0.015777324426151502,-3.1602005679439923e-05,-0.001064114214192842,-0.001068684568997192,1.0086220220452524,1.3784023350372708e-06,-0.0011081870760964918,0.03486000888205641,0.03486000888205641,0.1599999999999992,0.9957233828044897,1.3902869503571895e-06,0.006051064928987457,0.017417058685685268,0.02571121006666667,0.029344691478129084,-0.0005548111018232574,-0.0012784632309264321,-0.005043113142625424,0.006176530449978535,0.01656087546164825,0.0001254655209910775,-0.000856183224037018,-0.0008591207469798899,1.0068824460678072,8.535006048589775e-07,-0.0007022888457410431,0.032200662863398725,0.032200662863398725,0.1599999999999992,0.9965807798808278,8.593747767407602e-07]"
/multi_agv/m2b_algorithm_state,1789558477.67732,1789558477.67732,m2b_algorithm_state_v1:header6+3x20,"[1.0,-0.15,0.52,0.006361201373266927,0.01789499360650074,1789558477.677192,0.0063389169837003035,0.017933993665511846,0.02571121006666667,0.02969957828919735,-0.0005762593462635231,-0.0014203472883520594,-0.007373070940252536,0.005149668403053233,0.019304352201112724,-0.0011892485806470707,0.0013703585356008782,0.0013629869696701999,0.9892923758219596,2.1952295661151906e-06,-0.00012357375613863855,0.02951802269766872,0.02951802269766872,0.1599999999999992,1.0054083906117328,2.1717238729367063e-06,0.005966792740477709,0.01713690584351456,0.02656527949166667,0.03052473229797608,-0.0006363391325290898,-0.0013766957361303102,0.0017081388499999989,0.005805335342849967,0.015212424038250395,-0.00016145739762774176,-0.0019244818052641666,-0.001939476715637697,1.015688788115642,4.504230961750589e-06,-0.002141298462672374,0.03884401999070013,0.03884401999070013,0.1599999999999992,0.9922685793272851,4.574896886933408e-06,0.006231007629784204,0.017716513757647587,0.02571121006666667,0.029383740259357537,-0.0005648158710741973,-0.0012901603260866389,-0.005091420409914149,0.006342239867127852,0.01764382922044315,0.00011123223734364751,-7.268453720443713e-05,-7.270552960728822e-05,1.0005777766655835,6.13457492301563e-09,6.633476707227117e-05,0.02918108615105718,0.02918108615105718,0.1599999999999992,0.9997112681392396,6.138119337259422e-09]"
/multi_agv/m2b_algorithm_state,1789558477.687345,1789558477.687345,m2b_algorithm_state_v1:header6+3x20,"[1.0,-0.15,0.52,0.00654658863718308,0.018194590623060204,1789558477.6872041,0.006524032913517484,0.018235486858987633,0.02571121006666667,0.029745175346206718,-0.0005862946212095175,-0.0014348557379655039,-0.00744391529334943,0.005254070846879003,0.01837012816963262,-0.0012699620666384807,0.00013464131064498674,0.00013456975127486775,0.9989375339323472,2.1190255672028143e-08,-0.001452882832023233,0.034848339654081545,0.034848339654081545,0.1599999999999992,1.000531764155325,2.1167741744411728e-08,0.006145413561766657,0.017432929076690404,0.02656527949166667,0.030559892895166682,-0.0006473634345008101,-0.0013861935894310118,0.0017081388499999989,0.006311220813966738,0.017841884819361976,0.00016580725220008072,0.0004089557426715726,0.0004082915406694503,0.9967563358902577,2.024514067310742e-07,0.0006155506059195512,0.02818194199711661,0.02818194199711661,0.1599999999999992,1.0016267836483537,2.0179472236909377e-07,0.006414157644516641,0.018016564883824186,0.02571121006666667,0.029423124073109617,-0.0005749042796059011,-0.0013019592721089856,-0.00513746923942713,0.006628794205796244,0.017910509107205864,0.00021463656127960334,-0.00010605577661832247,-0.00010610034746952351,1.0008408272709794,1.3038381285700371e-08,0.00016219535412998067,0.028895540730829183,0.028895540730829183,0.1599999999999992,0.9995799179525415,1.3049344312254817e-08]"
/multi_agv/m2b_algorithm_state,1789558477.697288,1789558477.697288,m2b_algorithm_state_v1:header6+3x20,"[1.0,-0.15,0.52,0.006735020221560345,0.01849451552888312,1789558477.6971662,0.006712254344298086,0.018537431268672834,0.02571121006666667,0.029791005226340858,-0.0005964243892856974,-0.0014494165625874153,-0.0075113531510586405,0.005410583840123203,0.018208042101010853,-0.0013016705041748828,-0.0003293891676619809,-0.0003298175427733269,1.0026040057527548,1.2669493885856178e-07,-0.0019569056729919305,0.036865662675704444,0.036865662675704444,0.1599999999999992,0.998701175481013,1.2702485320819438e-07,0.006327107699915165,0.017729324959349254,0.02656527949166667,0.03059536332049409,-0.0006584428118037453,-0.001395796991132854,0.0017081388499999989,0.006473364156927541,0.01659138436393397,0.00014625645701237585,-0.0011379405954152835,-0.0011431237068898563,1.0091458918918415,1.5673845675821478e-06,-0.0009603031356243865,0.03447595617916369,0.03447595617916369,0.1599999999999992,0.9954658350243869,1.5817196973901949e-06,0.00660040386733599,0.018317015641158528,0.02571121006666667,0.029462970306895122,-0.000585070444079106,-0.0013139179711360565,-0.0051813038469381185,0.006715017289757475,0.01684940751304479,0.00011461342242148533,-0.001467608128113737,-0.0014761987887224883,1.0117670926740872,2.4963906542480008e-06,-0.0013329320106956317,0.03478395873094778,0.03478395873094778,0.1599999999999992,0.9941805530024953,2.525765914427262e-06]"
/multi_agv/m2b_algorithm_state,1789558477.7072804,1789558477.7072804,m2b_algorithm_state_v1:header6+3x20,"[1.0,-0.15,0.52,0.006926642340743926,0.018794999382919435,1789558477.7071557,0.006903533826634951,0.018839744183251517,0.02571121006666667,0.029837756091584965,-0.0006066449556069078,-0.0014643281650561337,-0.007575519556631089,0.00563073978490677,0.01862966908090176,-0.0012727940417281815,-0.00021007510234975768,-0.0002102486777390298,1.0016537130687937,5.144751178389363e-08,-0.0018012412298992566,0.03631474399840591,0.03631474399840591,0.16000000000000777,0.999174428152706,5.153259120648757e-08,0.006511828166692472,0.01802601688913224,0.02656527949166667,0.030631119001819734,-0.0006695761646036188,-0.0014054959192526459,0.0017081388499999989,0.006474915162032241,0.015182588002973571,-3.691300466023093e-05,-0.0028434288861586676,-0.0028760836943290615,1.0231985738799143,9.786880957971119e-06,-0.0029222249501543503,0.04198461869591829,0.04198461869591829,0.1599999999999992,0.9886460855660141,1.0013922638928539e-05,0.006789698671353612,0.018617785514265607,0.02571121006666667,0.029503716907532472,-0.000595312651350201,-0.001326226001232892,-0.005223012010560208,0.006783502337832142,0.016162306741497146,-6.19633352146997e-06,-0.002455478772768461,-0.0024796210928072853,1.0198334390537631,6.984133508326661e-06,-0.0024873665097091225,0.03921963652687347,0.03921963652687347,0.1599999999999992,0.9902637059715071,7.122652894607403e-06]"
/multi_agv/m2b_algorithm_state,1789558477.7175722,1789558477.7175722,m2b_algorithm_state_v1:header6+3x20,"[1.0,-0.15,0.52,0.007122015296981843,0.019096905601716275,1789558477.717434,0.0070980199441965175,0.019142663421969932,0.02571121006666667,0.029886889582360958,-0.0006169666648945906,-0.001480215065917037,-0.007636662089388068,0.005921303174629551,0.019784247736501535,-0.001176716769566966,0.0006415843145316028,0.0006399796782871148,0.9950089843221045,4.786872262769514e-07,-0.0008309162836715928,0.03256247373311235,0.03256247373311235,0.1599999999999992,1.0025073237462518,4.7629809082579487e-07,0.0066997182887387945,0.01832322244571762,0.02656527949166667,0.030667264089459842,-0.0006807721560153964,-0.0014153308116054523,0.0017081388499999989,0.006640451496381862,0.015340394775437709,-5.926679235693233e-05,-0.00298282767027991,-0.0030186911695000793,1.024299117303659,1.075142683680011e-05,-0.0030927746599462447,0.04265713569302465,0.04265713569302465,0.1599999999999992,0.9881195202800066,1.1012677018689224e-05,0.006982188789296468,0.01891911228107076,0.02571121006666667,0.029546302145646717,-0.0006056412828244285,-0.0013392823396283096,-0.005262754656852248,0.006993904858159302,0.01669116737257651,1.1716068862833995e-05,-0.0022279449084942476,-0.0022477289344590015,1.0178984313070767,5.7388224572577645e-06,-0.002233083848380459,0.03829811564662625,0.03829811564662625,0.1599999999999992,0.9911982153802207,5.841538376792502e-06]"
/multi_agv/m2b_algorithm_state,1789558477.7273273,1789558477.7273273,m2b_algorithm_state_v1:header6+3x20,"[1.0,-0.15,0.52,0.007320008903179224,0.019398446901640717,1789558477.7271657,0.00729628054488807,0.019447078472582358,0.02571121006666667,0.02993171733314588,-0.0006274290559467569,-0.0014941750846905666,-0.007694504912426741,0.0061353189032034025,0.020861186279946948,-0.0011609616416846675,0.0014141078073645896,0.0014063772939063534,0.9891197898301533,2.3195666697742105e-06,-4.482475819948101e-05,0.029447127050646126,0.029447127050646126,0.1599999999999992,1.005496756447741,2.2943292969040956e-06,0.0068913286180455795,0.01862175785469321,0.02656527949166667,0.030704161917630063,-0.0006920600368087917,-0.0014254432410691978,0.0017081388499999989,0.007124701103113354,0.018307169799007046,0.00023337248506777406,-0.0003145880556861651,-0.00031497842966595005,1.0024845239073155,1.1900193387112825e-07,-2.3262823331232478e-05,0.03092761203581013,0.03092761203581013,0.1599999999999992,0.9987606326560234,1.1929759702084784e-07,0.007178436728011881,0.019221880477873262,0.02571121006666667,0.029586364738104755,-0.000616091848092803,-0.001351189633073683,-0.005300352491827384,0.007344884697670231,0.01807456137512929,0.00016644796965835026,-0.0011473191027439704,-0.001152510505232867,1.0090857708931755,1.5173640854900197e-06,-0.0009444505431599293,0.03341573050321954,0.03341573050321954,0.1599999999999992,0.9954955703524389,1.5311505079323147e-06]"
/multi_agv/m2b_algorithm_state,1789558477.7373066,1789558477.7373066,m2b_algorithm_state_v1:header6+3x20,"[1.0,-0.15,0.52,0.007520562333738827,0.01969955959584198,1789558477.7371488,0.007497171877648872,0.01975114265106981,0.02571121006666667,0.02997659009889627,-0.0006379469260476677,-0.0015081265335614457,-0.007749145062537856,0.006436187847450678,0.02147317617412143,-0.0010609840301981947,0.0017220335230516207,0.0017106284475078238,0.9868322690886296,3.432973277766987e-06,0.00038439840976008046,0.02780300137452211,0.02780300137452211,0.1599999999999992,1.0066671845428576,3.3877688094194264e-06,0.00708554688906066,0.018919938045738324,0.02656527949166667,0.03074103689907255,-0.000703386042355693,-0.0014355265677071724,0.0017081388499999989,0.007307152242968747,0.018307169799007046,0.00022160535390808658,-0.0006127682467312774,-0.0006142480362071129,1.0048401398313183,4.5082684670280766e-07,-0.00033724134382200467,0.03220579676868224,0.03220579676868224,0.1599999999999992,0.9975908926221843,4.530089116805615e-07,0.007377307942828141,0.01952426000811401,0.02571121006666667,0.029626730271769094,-0.000626592642342683,-0.0013632020845276392,-0.005335868589399606,0.007599274912133459,0.018549798713220485,0.00022196696930531796,-0.0009744612948935256,-0.0009781904833824982,1.0076797696394837,1.0924900310016414e-06,-0.0007007317717508507,0.032527321751058255,0.032527321751058255,0.1599999999999992,0.9961876663570911,1.1008801027731663e-06]"
/multi_agv/m2b_algorithm_state,1789558477.7473757,1789558477.7473757,m2b_algorithm_state_v1:header6+3x20,"[1.0,-0.15,0.52,0.007724988245125222,0.020002237154438194,1789558477.7472272,0.007700632756056657,0.020054790284018787,0.02571121006666667,0.030026517771501716,-0.0006485165678287383,-0.0015242302135243,-0.007801017672334894,0.00666033177711411,0.021566435765630623,-0.001040300978942547,0.0015116454816118362,0.0015028707191486327,0.9884507110272198,2.6423206772028267e-06,0.00020249449547044907,0.02860747527178237,0.02860747527178237,0.1599999999999992,1.00583866752569,2.611803752143059e-06,0.007282313018974227,0.019217700661197382,0.02656527949166667,0.03077787714673947,-0.000714747944293802,-0.0014455768039337916,0.0017081388499999989,0.007695827345457882,0.01931391433368684,0.0004135143264836546,9.621367248945772e-05,9.617747674412582e-05,0.9992478473226789,1.1084771897320868e-08,0.0006130703848486941,0.028556314517265508,0.028556314517265508,0.16000000000000347,1.000376343262032,1.1076434456460805e-08,0.007578741226185599,0.01982618784230977,0.02571121006666667,0.02967064025489751,-0.0006371417048268726,-0.001376717522679087,-0.005369585785767683,0.007789833185287424,0.01840617527174268,0.00021109195910182493,-0.0014200125705670884,-0.0014279322609551488,1.0112095042211908,2.3174294436220735e-06,-0.0011640673120778676,0.034381767086331685,0.034381767086331685,0.16000000000000347,0.9944537352333767,2.343406678752667e-06]"
/multi_agv/m2b_algorithm_state,1789558477.7574053,1789558477.7574053,m2b_algorithm_state_v1:header6+3x20,"[1.0,-0.15,0.52,0.00793101195723647,0.020303070803883733,1789558477.7572408,0.007907992194141646,0.02036007766310979,0.02571121006666667,0.03006791273022199,-0.0006592318871129277,-0.0015365826630262657,-0.007849645112412719,0.0067877886013202205,0.020906024965935053,-0.0011202035928214258,0.0005459473028252629,0.0005447986038390908,0.9957998192375085,3.4447025284209334e-07,-0.0008554558871876914,0.03287198239134693,0.03287198239134693,0.1599999999999992,1.0021084837187126,3.430234155128554e-07,0.0074829183827766115,0.01951692783392728,0.02656527949166667,0.030815533683739342,-0.0007262095870458314,-0.001455927961532745,0.0017081388499999989,0.007888227055584484,0.01931391433368684,0.00040530867280787284,-0.00020301350024044124,-0.00020317450605091843,1.0015872741916207,4.927927490421814e-08,0.0003034613349589226,0.029831307281969793,0.029831307281969793,0.1599999999999992,0.9992075491477418,4.935749462545539e-08,0.007784054158457408,0.020129705966277518,0.02571121006666667,0.029709244342557412,-0.0006478208586278285,-0.0013878802303450453,-0.005401193621818267,0.00797734256404601,0.018450104414945698,0.00019328840558860156,-0.0016796015513318198,-0.0016906679437602955,1.0132544238137406,3.2373662681201535e-06,-0.0014490574367745435,0.035521315086293616,0.035521315086293616,0.1599999999999992,0.9934544258265983,3.2802756926781258e-06]"
/multi_agv/m2b_algorithm_state,1789558477.7675107,1789558477.7675107,m2b_algorithm_state_v1:header6+3x20,"[1.0,-0.15,0.52,0.008141908831787482,0.020606914016802112,1789558477.7673652,0.008116948570693625,0.020663484205323907,0.02571121006666667,0.030121437790921086,-0.0006699274296287935,-0.0015541732276807907,-0.007895877775102922,0.006865925876369343,0.02119941531220767,-0.0012510226943242822,0.0005359311068837622,0.0005348274246897897,0.9958888510382875,3.3152551448050123e-07,-0.001028950943215563,0.033548502345054,0.033548502345054,0.1599999999999991,1.0020636230361832,3.3016256370586354e-07,0.007685123744490109,0.01981440333068466,0.02656527949166667,0.03085253968566274,-0.0007376646382390873,-0.001466002419597219,0.0017081388499999989,0.007818835706351581,0.019425023345850053,0.00013371196186147231,-0.0003893799848346084,-0.0003899712935686035,1.0030412774952522,1.8099454467002958e-07,-0.00022283134124176309,0.03181543167235366,0.03181543167235366,0.1599999999999991,0.9984837121507482,1.8154499930549797e-07,0.00799096355652568,0.020431324875642635,0.02571121006666667,0.029755967562101884,-0.0006584896321662819,-0.001402547501022154,-0.005431244852566901,0.008091727141800353,0.019224442873508957,0.00010076358527467272,-0.001206882002133678,-0.001212559933445905,1.0094486590637155,1.668135625085606e-06,-0.001086605451852564,0.03410962320240509,0.03410962320240509,0.1599999999999991,0.9953174015109577,1.6838972698790777e-06]"
/multi_agv/m2b_algorithm_state,1789558477.7773886,1789558477.7773886,m2b_algorithm_state_v1:header6+3x20,"[1.0,-0.15,0.52,0.008354703821824032,0.020909383565390034,1789558477.7772462,0.008330816522229653,0.02097001900283322,0.02571121006666667,0.030163782235563697,-0.0006808367149366025,-0.0015668362845852003,-0.007939127796607243,0.007193078478852511,0.022374239904033724,-0.0011377380433771423,0.0014042209012005043,0.001396711834821579,0.9893564674641199,2.2697981375684694e-06,-2.5460719399848872e-05,0.02961428364476828,0.02961428364476828,0.1599999999999991,1.0053762459740914,2.2456394672413793e-06,0.007892153172372629,0.020114708303911173,0.02656527949166667,0.03089097384398825,-0.0007492669782445602,-0.0014766171386728158,0.0017081388499999989,0.008169453841182239,0.02139937171502511,0.00027730066880960955,0.0012846634111139364,0.0012783198457094371,0.9901677588315483,1.9626719604264453e-06,0.001624945681721449,0.024472818982032567,0.024472818982032567,0.1599999999999991,1.0049624242522643,1.9433744963769747e-06,0.008202756800760165,0.02073601474366194,0.02571121006666667,0.02979563675258486,-0.0006693490650232134,-0.00141407749009636,-0.005459357366544709,0.008369956694349782,0.020329384577824815,0.00016719989358961705,-0.00040663016583712686,-0.0004072692166021654,1.0031475704307695,1.8886075005568551e-07,-0.00019826934961514407,0.030679256921073175,0.030679256921073175,0.1599999999999991,0.9984308886137526,1.8945520256809374e-07]"
/multi_agv/m2b_algorithm_state,1789558477.7874186,1789558477.7874186,m2b_algorithm_state_v1:header6+3x20,"[1.0,-0.15,0.52,0.008571807687993085,0.02121396146855262,1789558477.7873185,0.00854658642387397,0.021275152816040963,0.02571121006666667,0.03021473817993632,-0.0006917435366254588,-0.0015832124934823492,-0.007979967956947071,0.007556056812729212,0.02392351510952158,-0.0009905296111447585,0.002648362293480616,0.002621958541276884,0.9802401963506522,8.050294218845927e-06,0.001383796527345936,0.023968024283058408,0.023968024283058408,0.15999999999999895,1.0100702401613388,7.891221985762052e-06,0.00810107689469754,0.020413711221735267,0.02656527949166667,0.030928922544694155,-0.0007608807813794752,-0.0014870170309642973,0.0017081388499999989,0.008399523005709671,0.022447868381998668,0.00029844611101213087,0.0020341571602634015,0.0020183808972421783,0.9845966503574571,4.907511399954382e-06,0.002391438536007342,0.021356715291661426,0.021356715291661426,0.15999999999999895,1.007816296241596,4.83191928598612e-06,0.008416448146900585,0.021039286658393868,0.02571121006666667,0.0298411111021768,-0.0006802156462057522,-0.001428106050968405,-0.0054859034707656,0.00870714207552781,0.02137601215367635,0.0002906939286272253,0.0003367254952824812,0.00033629083254437713,0.9974212877001964,1.2919687843572314e-07,0.0006996582433284088,0.027198130056031878,0.027198130056031878,0.15999999999999895,1.0012925203307372,1.288637168562047e-07]"
/multi_agv/m2b_algorithm_state,1789558477.7972054,1789558477.7972054,m2b_algorithm_state_v1:header6+3x20,"[1.0,-0.15,0.52,0.008791124721994717,0.02151764268203162,1789558477.7970142,0.008766697344901837,0.021582479363133247,0.02571121006666667,0.03025791568892497,-0.0007028172675962736,-0.0015961511617395329,-0.008018075552036728,0.007661071826755337,0.022624373645560743,-0.0011056255181464995,0.0010418942824274961,0.0010377751795449025,0.9921212735079816,1.2463576472441323e-06,-0.0003442567181382219,0.031017011914725272,0.031017011914725272,0.15999999999999895,1.0039691668906554,1.2365379362302603e-06,0.008314268745014633,0.020714698481913783,0.02656527949166667,0.030967879209349108,-0.0007726168289353581,-0.0014977889599165142,0.0017081388499999989,0.008624347678525029,0.022447868381998668,0.0003100789335103958,0.0017331699000848848,0.0017217274863877083,0.9868743349424178,3.5576632891125537e-06,0.002109326153275703,0.022574956570336226,0.022574956570336226,0.15999999999999895,1.006645891285144,3.5109665923920063e-06,0.008634456974062787,0.021344706560610834,0.02571121006666667,0.029881721084688433,-0.0006912351153690326,-0.0014399601701954538,-0.005510673407573875,0.008844886171800794,0.021359695197625764,0.00021042919773800635,1.4988637014930889e-05,1.4987776480228208e-05,0.999885180981303,2.55652437943663e-10,0.00027802427365273614,0.028887862886736566,0.028887862886736566,0.15999999999999895,1.0000574157683642,2.556230841816108e-10]"
/multi_agv/m2b_algorithm_state,1789558477.8070302,1789558477.8070302,m2b_algorithm_state_v1:header6+3x20,"[1.0,-0.15,0.52,0.009014675200853016,0.021823262167613173,1789558477.8069327,0.00898902972942271,0.02188889245007055,0.02571121006666667,0.030307979116877066,-0.0007139068928690461,-0.0016120500889054883,-0.008053877857508822,0.007752595978816998,0.02083742108529779,-0.0012364337506057125,-0.0010514713647727589,-0.0010557144422458401,1.0081000442610926,1.2707157840461223e-06,-0.0026012566305029807,0.03992803450827343,0.03992803450827343,0.15999999999999895,0.995980847373789,1.2810086381401648e-06,0.008529664246984803,0.021014838421965994,0.02656527949166667,0.031006525567736754,-0.0007843814250297412,-0.001508412780196887,0.0017081388499999989,0.008567747398050529,0.02071427520034985,3.808315106572542e-05,-0.0003005632216161458,-0.0003009111461501992,1.0023175514952791,1.0706383641678531e-07,-0.00025330720731804243,0.03203828682514845,0.03203828682514845,0.15999999999999895,0.9988437632221183,1.0731196237096336e-07,0.008854680189576638,0.021649197174058325,0.02571121006666667,0.029926987234319902,-0.0007022796948544497,-0.001453808617708282,-0.005533944906130735,0.00903853293628005,0.02152061064666054,0.00018385274670341262,-0.00012858652739778514,-0.00012864973212841737,1.000983504340082,1.8789897386128223e-08,0.0001011662012508484,0.02962602810524909,0.02962602810524909,0.15999999999999895,0.9995087068617512,1.8808377331757176e-08]"
/multi_agv/m2b_algorithm_state,1789558477.8170276,1789558477.8170276,m2b_algorithm_state_v1:header6+3x20,"[1.0,-0.15,0.52,0.009239246785571363,0.022126373413490618,1789558477.8168983,0.009215627107226364,0.022197317362793685,0.02571121006666667,0.030346647408081816,-0.0007251515299356677,-0.0016229583872877954,-0.008086955679403134,0.007834757839197263,0.020167495783503332,-0.0013808692680291005,-0.002029821579290353,-0.0020456926112075837,1.015747814677574,4.7322873850559955e-06,-0.0037717791962439593,0.044400351349994024,0.044400351349994024,0.1600000000000075,0.9922417318074672,4.806810569796878e-06,0.008749253335679046,0.021316807813560806,0.02656527949166667,0.031046070916731904,-0.0007962655955219139,-0.0015193630621571051,0.0017081388499999989,0.008772043822213022,0.02071427520034985,2.2790486533976265e-05,-0.0006025326132109571,-0.0006039295437627542,1.0046465072099315,4.296580954853224e-07,-0.0005754414355952839,0.03334783603782508,0.03334783603782508,0.15999999999999895,0.9976869312551037,4.3165450492380045e-07,0.009079145159653641,0.02195566132648503,0.02571121006666667,0.02996501425559139,-0.0007134690587076091,-0.0014644630373422621,-0.005555445490362038,0.009293009641313228,0.02220766480031277,0.0002138644816595866,0.0002520034738277381,0.0002517620876843857,0.998085920987557,7.200714587937222e-08,0.0005190926897588689,0.028004611248818118,0.028004611248818118,0.15999999999999895,1.0009587867084064,7.186931851269858e-08]"
/multi_agv/m2b_algorithm_state,1789558477.826962,1789558477.826962,m2b_algorithm_state_v1:header6+3x20,"[1.0,-0.15,0.52,0.009468607802135398,0.022432155846775343,1789558477.8268156,0.009443240944794666,0.0225031607739306,0.02571121006666667,0.030398052335645107,-0.0007363264736002775,-0.0016393929151143727,-0.00811795103407013,0.008233758830695437,0.021429627887307713,-0.0012094821140992296,-0.0010735328866228883,-0.0010779295729861644,1.0082213729898315,1.3204742466940855e-06,-0.0025897822156102012,0.03998625883248885,0.03998625883248885,0.15999999999999895,0.995921174746977,1.3313303579996244e-06,0.008969871107353996,0.021616411961454796,0.02656527949166667,0.031084593375321462,-0.0008081270346521011,-0.0015298843561074513,0.0017081388499999989,0.009205159607662473,0.023524513534562672,0.0002352885003084771,0.001908101573107876,0.0018943725594742988,0.9857034935271667,4.288457738767016e-06,0.0021884831848598954,0.022314535617659944,0.022314535617659944,0.15999999999999895,1.007247261667149,4.227147774946261e-06,0.009304628304565427,0.022259547505086442,0.02571121006666667,0.030011470479151106,-0.0007246123062167866,-0.0014787747189249634,-0.005575592470895587,0.009519599119747079,0.022469085325075508,0.00021497081518165144,0.00020953781998906545,0.00020937138702562444,0.9984125700955251,4.971285385489986e-08,0.0004780849060026887,0.028216774425305787,0.028216774425305787,0.15999999999999895,1.0007949174230797,4.96339381840538e-08]"
/multi_agv/m2b_algorithm_state,1789558477.8371143,1789558477.8371143,m2b_algorithm_state_v1:header6+3x20,"[1.0,-0.15,0.52,0.00970035581756455,0.022737321474536054,1789558477.8370376,0.0096756819084219,0.022811769392571103,0.02571121006666667,0.030440783142577466,-0.0007476905584938543,-0.0016519919164374088,-0.00814659700114182,0.008694147021808585,0.022819151942271937,-0.000981534886613315,7.382549700833685e-06,7.382343947942923e-06,0.9999442610776649,6.226592045412364e-11,-0.0012195362643187008,0.034767083006274145,0.034767083006274145,0.15999999999999895,1.0000278709434582,6.226244981881931e-11,0.009195230648021442,0.021918539406696875,0.02656527949166667,0.031124314545205818,-0.0008201314623418696,-0.001540849320235408,0.0017081388499999989,0.009439055659205919,0.023524513534562672,0.00024382501118447655,0.0016059741278657974,0.001596257639096327,0.9879659316586407,3.033760477856635e-06,0.0019010389030769228,0.023549527966056517,0.023549527966056517,0.16000000000000322,1.0060870429255837,2.997251996934793e-06,0.009534910849962854,0.022566158741058055,0.02571121006666667,0.0300524308061823,-0.0007359309655042123,-0.0014906278856220917,-0.005594212349492185,0.009702872812875185,0.022034201318720022,0.00016796196291233093,-0.0005319574223380322,-0.0005330322937266475,1.0040485860317123,3.201433135180761e-07,-0.00032307984008623386,0.031432315857650134,0.031432315857650134,0.16000000000000322,0.9979834779219465,3.214394412653315e-07]"
/multi_agv/m2b_algorithm_state,1789558477.8472455,1789558477.8472455,m2b_algorithm_state_v1:header6+3x20,"[1.0,-0.15,0.52,0.009936999920531342,0.023045199560930086,1789558477.8471384,0.009910521079746458,0.023119743940086014,0.02571121006666667,0.030491449322885084,-0.0007590743142962433,-0.0016680020472519272,-0.008173263480803567,0.008959056303416401,0.02252478457067853,-0.0009514647763300566,-0.0005949593694074828,-0.0005962971130698757,1.0045061136019962,4.0412634623841287e-07,-0.0017856280834824465,0.037064929212838604,0.037064929212838604,0.1600000000000075,0.9977565820241762,4.059473854641228e-07,0.009422964071014563,0.02222009263133989,0.02656527949166667,0.031163785529600047,-0.000832175239649964,-0.0015516865295885016,0.0017081388499999989,0.009569449434616956,0.02274978236921759,0.000146485363602393,0.0005296897378776998,0.0005286281052872708,0.9959987694456428,3.2987985332421005e-07,0.0007117348097902621,0.028386180685988253,0.028386180685988253,0.15999999999999895,1.0020082787498634,3.2855992797582237e-07,0.009767582301932632,0.022872127852182268,0.02571121006666667,0.030098675909442856,-0.0007472815213434587,-0.0015047431537267356,-0.005611545561272323,0.009967416715471593,0.0232731924404806,0.00019983441353896118,0.00040106458829833325,0.0004004593452122074,0.9969859607828687,1.8150877715498977e-07,0.0006502523621359089,0.02760130660978629,0.02760130660978629,0.15999999999999895,1.0015113721114566,1.809617025823911e-07]"
/multi_agv/m2b_algorithm_state,1789558477.8572326,1789558477.8572326,m2b_algorithm_state_v1:header6+3x20,"[1.0,-0.15,0.52,0.010175216138054548,0.023351381050886147,1789558477.857047,0.010150295288269221,0.02343051903873272,0.02571121006666667,0.030530639190404944,-0.0007706448011074551,-0.0016789695911944486,-0.008197646157730155,0.009011122063405175,0.0215518740901005,-0.001139173224864046,-0.0018786449486322201,-0.001892059645772477,1.014373804914377,4.028039818310275e-06,-0.0033160261768525345,0.04294656383593704,0.04294656383593704,0.15999999999999895,0.9929100030381021,4.0859380768460095e-06,0.009655544194362849,0.0225242173858141,0.02656527949166667,0.031204412848074507,-0.0008443671785054799,-0.0015629465253479656,0.0017081388499999989,0.00986259727244463,0.023129474722956258,0.00020705307808178107,0.0006052573371421593,0.0006038760790415264,0.9954452557593267,4.299406889253055e-07,0.0008626924266437527,0.02785221393745564,0.02785221393745564,0.16000000000000322,1.0022873204430043,4.279824190485919e-07,0.010005160278961957,0.023180862258243444,0.02571121006666667,0.03013758191437465,-0.0007588072154951914,-0.001515605293808021,-0.005627394301274603,0.010332006071591444,0.02454708336883618,0.0003268457926294873,0.0013662211105927372,0.0013592652696059972,0.9898647960074005,2.1001441975861414e-06,0.0017678225103928563,0.023167048608639954,0.023167048608639954,0.16000000000000322,1.005117353574962,2.078858807729732e-06]"
/multi_agv/m2b_algorithm_state,1789558477.8670993,1789558477.8670993,m2b_algorithm_state_v1:header6+3x20,"[1.0,-0.15,0.52,0.010416833468033288,0.023658282057814797,1789558477.866974,0.010391644353011808,0.023739538231761982,0.02571121006666667,0.030575571221641017,-0.0007821732298811024,-0.001692434586868236,-0.008220026479978264,0.009160491862684165,0.020795608712113577,-0.0012311524903276423,-0.0029439295196484055,-0.0029770124381686765,1.0227044226443052,9.887583520498971e-06,-0.00451595305107823,0.04749751003489098,0.04749751003489098,0.15999999999999895,0.9888872084993297,1.0112075395679247e-05,0.009889694322088092,0.022826757281652763,0.02656527949166667,0.031244269495646015,-0.0008565654478993705,-0.001573871307700151,0.0017081388499999989,0.010210012338172647,0.024319725271470912,0.00032031801608455555,0.0014929679898181489,0.0014846396517622256,0.9889000167370028,2.608684526503807e-06,0.00188503717186792,0.023786734145645683,0.023786734145645683,0.15999999999999895,1.0056096696905796,2.579728171921175e-06,0.010244309739063746,0.023487847639243695,0.02571121006666667,0.030180321619382274,-0.0007703138920251585,-0.0015281302087054392,-0.005641941510735871,0.010552518798217057,0.023740085506263033,0.000308209059153311,0.0002522378670193372,0.0002519996859249257,0.9981130853575828,7.156580451268007e-08,0.0006372610098665645,0.027799492288645967,0.027799492288645967,0.15999999999999895,1.0009451642510476,7.143076594824873e-08]"
/multi_agv/m2b_algorithm_state,1789558477.8770738,1789558477.8770738,m2b_algorithm_state_v1:header6+3x20,"[1.0,-0.15,0.52,0.010660636147463017,0.023976301234833717,1789558477.8769486,0.010636416915509568,0.024049295988324833,0.02571121006666667,0.030616041957489848,-0.000793782467485399,-0.0017039352233084986,-0.008240369452995484,0.009463340359553322,0.02233382953847906,-0.0011730765559562466,-0.001715466449845774,-0.0017265706417274411,1.0130224082657349,3.3470544814010985e-06,-0.003192916336672749,0.042547658010978325,0.042547658010978325,0.15999999999999895,0.9935686431743347,3.3906411913455613e-06,0.010127217937445594,0.023129991390886034,0.02656527949166667,0.03128440017601765,-0.0008688465917630877,-0.0015848720007862888,0.0017081388499999989,0.010452283471429295,0.024319725271470912,0.0003250655339837004,0.0011897338805848777,0.0011844500496050226,0.9911536582446814,1.6543828982715209e-06,0.0015907819670846481,0.025039179661996612,0.025039179661996612,0.15999999999999895,1.0044609994162415,1.6397476617592566e-06,0.010486865551144708,0.023795558794233524,0.02571121006666667,0.03022025306647452,-0.0007819065137067548,-0.0015394007524981348,-0.005655164443197065,0.010642141107444996,0.022144967049733143,0.00015527555630028868,-0.0016505917445003813,-0.0016608933953985707,1.0125533131780926,3.0660251096106323e-06,-0.00146679895002321,0.036086136609165126,0.036086136609165126,0.15999999999999895,0.9937975243162928,3.10451388302347e-06]"
/multi_agv/m2b_algorithm_state,1789558477.8870559,1789558477.8870559,m2b_algorithm_state_v1:header6+3x20,"[1.0,-0.15,0.52,0.010910138540849277,0.024318934979534468,1789558477.8869784,0.0108834497026858,0.02437560997824148,0.029361745600000003,0.03424190436337759,-0.0008050946822457008,-0.0016875070187274514,-0.0009579361818642159,0.009828074832527676,0.023981663804964953,-0.001055374870158124,-0.00039394617327652773,-0.00039452459726513085,1.002940520395404,1.964904748887577e-07,-0.0017137431849627857,0.04048241098771583,0.04048241098771583,0.15999999999999895,0.9985338709104254,1.9706825913767071e-07,0.010366872558403671,0.02344179125410721,0.02656527949166667,0.0313424839605832,-0.000881290767178038,-0.0016035299421795247,-0.005592932216666666,0.010585950612896218,0.024686590403905993,0.00021907805449254691,0.0012447991497987823,0.0012390349158926087,0.9907779609255929,1.808749624129371e-06,0.0015128824840082923,0.025348895769905025,0.025348895769905025,0.15999999999999895,1.0046521965057145,1.7920692644198307e-06,0.01073158618129958,0.024111502472152466,0.029361745600000003,0.03391951635438938,-0.0007935442014780324,-0.0015544423018102214,0.000356104619704924,0.010912935244846645,0.023004463866846746,0.00018134906354706423,-0.00110703860530572,-0.0011116407715779208,1.0083459683570781,1.542272804137677e-06,-0.0008849544421440905,0.03752469717455626,0.03752469717455626,0.15999999999999895,0.9958600238585453,1.5551445641589921e-06]"
/multi_agv/m2b_algorithm_state,1789558477.8970592,1789558477.8970592,m2b_algorithm_state_v1:header6+3x20,"[1.0,-0.15,0.52,0.011160705596291018,0.02466118196860183,1789558477.896968,0.011136230032694117,0.02472324238788059,0.029361745600000003,0.03418336698928145,-0.0008163745778332605,-0.0016564971721847385,-0.004659262413167674,0.009968724554871761,0.024238889114481573,-0.0011675054778223556,-0.00048435327339901857,-0.0004852251664007587,1.003606196988583,2.955442321771178e-07,-0.0019446070136787032,0.04127601139245413,0.04127601139245413,0.15999999999999895,0.9982031166927974,2.9661002289718797e-07,0.010612195422178125,0.023784524798883835,0.030249957925000005,0.03504137090802944,-0.0008938293560134519,-0.0016032305419518902,0.0017764246500000039,0.010829025644112856,0.024686590403905993,0.00021683022193473046,0.0009020656050221579,0.0008990417804772618,0.9933163865206801,1.0588141991608461e-06,0.0011700795578956748,0.030446750205515388,0.030446750205515388,0.16000000000000322,1.0033633860078126,1.0517374943072395e-06,0.010981990167675586,0.02444903775183897,0.029361745600000003,0.033952343964150596,-0.0008053237610160602,-0.0015625597748148336,-0.0033393948823089896,0.011173518448879831,0.024220911668954903,0.0001915282812042455,-0.0002281260828840663,-0.00022831968617822114,1.001698659146333,6.52732119414652e-08,1.109066532708572e-05,0.034015463759878885,0.034015463759878885,0.16000000000000322,0.9991520516807135,6.53840888799401e-08]"
/multi_agv/m2b_algorithm_state,1789558477.9072359,1789558477.9072359,m2b_algorithm_state_v1:header6+3x20,"[1.0,-0.15,0.52,0.011417476312989465,0.025007050079880595,1789558477.9069755,0.011390060268228214,0.025066972789673264,0.029361745600000003,0.03416177818194844,-0.000827243266066772,-0.0016416279765022346,-0.004674329695799544,0.01016562867879502,0.023688458620543865,-0.0012244315894331947,-0.0013785141691293988,-0.0013855957941512303,1.0103228347106865,2.3869143635041892e-06,-0.0029161352809427238,0.04500809033095548,0.04500809033095548,0.15999999999999895,0.9948891119244704,2.4115540859472066e-06,0.010858633710096335,0.02412411169739436,0.030249957925000005,0.0350746033205825,-0.000906215658584052,-0.0016112108136224212,0.0017764246500000039,0.011067331909352707,0.02471353509996679,0.00020869819925637204,0.0005894234025724289,0.0005881339767279232,0.995633580818214,4.5115562265713184e-07,0.0008490067257983882,0.031779060916653674,0.031779060916653674,0.16000000000000322,1.0021924015539443,4.491856880923911e-07,0.011233422810548508,0.02479246141873788,0.029361745600000003,0.03394245714852574,-0.0008169220769059715,-0.0015523555741069305,-0.003349188616019705,0.011531269621769208,0.024975574441184072,0.00029784681122069917,0.00018311302244619285,0.00018298905744615012,0.998646872640311,4.188288869193344e-08,0.0005552975714720241,0.031885623979450786,0.031885623979450786,0.16000000000000322,1.0006774448798896,4.182621580934158e-08]"
/multi_agv/m2b_algorithm_state,1789558477.9172835,1789558477.9172835,m2b_algorithm_state_v1:header6+3x20,"[1.0,-0.15,0.52,0.011675571564869302,0.025349859052883936,1789558477.9170804,0.011650122595882289,0.025414154178396722,0.029361745600000003,0.03412691142493915,-0.0008380505080640523,-0.0016210644414295008,-0.004687591711808272,0.010449144706193481,0.02483525440782255,-0.0012009778896888076,-0.0005788997705741712,-0.0005801375389569447,1.0042847296724784,4.1871782338335237e-07,-0.0020813599010679543,0.04173965232766396,0.04173965232766396,0.15999999999999895,0.997866422529735,4.205119160655986e-07,0.011111229945494589,0.02446752294842143,0.030249957925000005,0.0351065838432695,-0.0009187391024846302,-0.0016185813943775003,0.0017764246500000039,0.011310541540015281,0.02471353509996679,0.00019931159452069198,0.0002460121515453599,0.0002457877684630166,0.9981773680669075,7.843305204451615e-08,0.0004949272616138816,0.033235035702040096,0.033235035702040096,0.15999999999999895,1.0009129139490807,7.829009745924991e-08,0.01149107639759152,0.02513947311282364,0.029361745600000003,0.03392330693764778,-0.0008284876115295225,-0.0015381737211898842,-0.0033578089264253794,0.011787191108082124,0.02508555472322376,0.00029611471049060395,-5.391838959987669e-05,-5.392911807129074e-05,1.0003980253680116,3.6181190748434482e-09,0.0003162142700419642,0.032825493217724204,0.032825493217724204,0.15999999999999895,0.9998010634737272,3.6195591780197225e-09]"
/multi_agv/m2b_algorithm_state,1789558477.927758,1789558477.927758,m2b_algorithm_state_v1:header6+3x20,"[1.0,-0.15,0.52,0.011940797330941277,0.025697406639449197,1789558477.9275348,0.01191148318131645,0.025757961948443306,0.029361745600000003,0.03411244191023706,-0.0008485161776245283,-0.0016094706406058886,-0.004699401612508184,0.010699738370513774,0.026508744727533107,-0.0012117448108026757,0.0007507827790898015,0.0007487266724213123,0.9945367189775243,7.005619030326625e-07,-0.0007659543410820323,0.036507800083780365,0.036507800083780365,0.1600000000000075,1.0027461378687632,6.967345364827547e-07,0.01136517504135988,0.024808362917374767,0.030249957925000005,0.03513508276063581,-0.0009311895705282642,-0.0016244884065275064,0.0017764246500000039,0.011555342085133067,0.02551900878021313,0.00019016704377318623,0.0007106458628383626,0.0007087857548533112,0.9947776760892512,6.524789390823283e-07,0.000946494559569794,0.03143326813647502,0.03143326813647502,0.15999999999999895,1.0026243585911745,6.490714827174986e-07,0.011750056471931575,0.025483252292833734,0.029361745600000003,0.03391701605304255,-0.0008397649933442226,-0.0015296839326802668,-0.0033654853618803222,0.011885584568412096,0.024348647319316456,0.00013552809648052083,-0.001134604973517278,-0.0011393744701571839,1.0084399557122081,1.5984864165233625e-06,-0.0009699643495565328,0.037833050330841805,0.037833050330841805,0.15999999999999895,0.9958139340797694,1.6119775710853858e-06]"
/multi_agv/m2b_algorithm_state,1789558477.9370668,1789558477.9370668,m2b_algorithm_state_v1:header6+3x20,"[1.0,-0.15,0.52,0.012203528245557177,0.02603696048895809,1789558477.936978,0.012180004818364365,0.02610639657958182,0.029361745600000003,0.034070657314213534,-0.0008589934993869638,-0.0015860915554612273,-0.004709418754555316,0.011115075287525396,0.027537276499112296,-0.0010649295308389692,0.0014308799195304756,0.0014234715952100166,0.989695181432342,2.530961616600247e-06,9.230968166130515e-05,0.03308602632262671,0.03308602632262671,0.15999999999999895,1.0052044061471883,2.504880516339475e-06,0.011626203114925637,0.025154052123273804,0.030249957925000005,0.03516298073676519,-0.0009437826480469189,-0.0016300635485261873,0.0017764246500000039,0.011809646357102419,0.02551900878021313,0.00018344324217678225,0.00036495665693932547,0.00036446660244239857,0.9973177866068336,1.7171410078161754e-07,0.0005937706551633764,0.03288394159476697,0.03288394159476697,0.15999999999999895,1.0013445799797371,1.7125352692070555e-07,0.012016184059533827,0.025831771215491975,0.029361745600000003,0.03389238806636939,-0.0008510628321246718,-0.0015132762826888342,-0.003371996504210958,0.012170127930329459,0.025663394534253543,0.00015394387079563192,-0.00016837668123843158,-0.000168480667478891,1.0012358701056316,3.502086300202516e-08,2.3949171015648905e-05,0.03388312622325148,0.03388312622325148,0.15999999999999895,0.9993828001632742,3.5064144239682784e-08]"
/multi_agv/m2b_algorithm_state,1789558477.9469955,1789558477.9469955,m2b_algorithm_state_v1:header6+3x20,"[1.0,-0.15,0.52,0.012474428701445356,0.026382556092137282,1789558477.9468553,0.012445961893262455,0.02644645391999359,0.029361745600000003,0.03406395088515349,-0.0008689495042309822,-0.0015781058610646365,-0.004718129473668621,0.011343222358355507,0.027014335259236032,-0.0011027395349069487,0.0005678813392424424,0.0005667115705827189,0.9958881666055659,3.9767936809634124e-07,-0.000811712848050967,0.036701775531683446,0.036701775531683446,0.15999999999999895,1.0020641340682717,3.9604417679032526e-07,0.011884817635039836,0.0254923923961706,0.030249957925000005,0.035186102619076835,-0.0009561318315520241,-0.0016337042783624682,0.0017764246500000039,0.012061832843991144,0.02536275851626763,0.0001770152089513085,-0.00012963387990297046,-0.00012969571010969336,1.0009543418044977,2.1620850892813007e-08,9.157330107944226e-05,0.034919620244787855,0.034919620244787855,0.15999999999999895,0.9995232671406742,2.1641484574668832e-08,0.01227980520836924,0.026172035150710076,0.029361745600000003,0.033890411566389826,-0.0008619020415050723,-0.0015068710211260036,-0.0033776584716346068,0.01270355970521678,0.028181468823161665,0.0004237544968475407,0.002009433672451589,0.0019948897717562163,0.9856225073996117,4.958474380403609e-06,0.002524582892815642,0.023860074324843585,0.023860074324843585,0.15999999999999895,1.0072905786080444,4.887183951690142e-06]"
/multi_agv/m2b_algorithm_state,1789558477.9570398,1789558477.9570398,m2b_algorithm_state_v1:header6+3x20,"[1.0,-0.15,0.52,0.01274695183538411,0.026725647695997456,1789558477.9569125,0.012720122800618398,0.02679250396228667,0.029361745600000003,0.03403848653282839,-0.0008789983901261093,-0.001561982799782819,-0.004725361488546281,0.011541626811749889,0.0270906450863182,-0.0011784959888685095,0.00029814112403152987,0.0002978192182807663,0.9978427643421064,1.0920290848526937e-07,-0.0011753007678048707,0.03808628011388514,0.03808628011388514,0.15999999999999895,1.0010808763538561,1.0896733207713925e-07,0.012151550666104594,0.025836782034719945,0.030249957925000005,0.035209352768404825,-0.0009686341060222842,-0.001637322172252001,0.0017764246500000039,0.012315415105904353,0.02536275851626763,0.0001638644397997588,-0.0004740235184523163,-0.00047484935583457275,1.003490003211804,2.8843647030176927e-07,-0.00027001880608487427,0.036376491667701086,0.036376491667701086,0.15999999999999895,0.9982608434188459,2.894431145095238e-07,0.012551612637613074,0.02651838227940522,0.029361745600000003,0.03387569118510964,-0.0008728238906279546,-0.0014949275433683807,-0.003382359281305083,0.01288759290548387,0.0290161637780655,0.00033598026787079634,0.0024977814986602773,0.0024754600493177574,0.9822771890750427,7.628200490103653e-06,0.002895435384156253,0.022238266284217115,0.022238266284217115,0.15999999999999895,1.0090170913275984,7.493007335119879e-06]"
/multi_agv/m2b_algorithm_state,1789558477.967028,1789558477.967028,m2b_algorithm_state_v1:header6+3x20,"[1.0,-0.15,0.52,0.013023724598208544,0.027069626659202,1789558477.9668512,0.012995874204408708,0.027135822819254002,0.029361745600000003,0.03402277252478823,-0.0008887844395175635,-0.0015501988801547863,-0.004731257565141155,0.011878801455534313,0.028328665551161654,-0.001117072748874395,0.001192842731907652,0.001187738386980926,0.9914761833197026,1.739716310139934e-06,-0.00020860254911206767,0.034227267718103034,0.034227267718103034,0.15999999999999895,1.0042975330112052,1.7248872872365777e-06,0.012419940752569619,0.026179028895910988,0.030249957925000005,0.03522996709976129,-0.0009810332484434803,-0.001639856400259404,0.0017764246500000039,0.012573658135846573,0.025475711253685588,0.0001537173832769547,-0.0007033176422253998,-0.0007051323085178644,1.005172675833734,6.33417423914592e-07,-0.000512985579421671,0.03735487455484143,0.03735487455484143,0.16000000000000322,0.9974264882341318,6.366938869159411e-07,0.01282504054917401,0.026862091372827378,0.029361745600000003,0.03386706659111114,-0.0008835091335897896,-0.0014857337948176305,-0.0033861917310917516,0.01304302053831399,0.028054710766589983,0.00021797998913998008,0.0011926193937626048,0.0011875030619200417,0.9914545814179322,1.735633263485915e-06,0.0014599780483450168,0.02809135690622666,0.02809135690622666,0.16000000000000322,1.0043084788634487,1.7208015507444676e-06]"
/multi_agv/m2b_algorithm_state,1789558477.97725,1789558477.97725,m2b_algorithm_state_v1:header6+3x20,"[1.0,-0.15,0.52,0.013304063255843407,0.027413614594616637,1789558477.9770966,0.013275866255505813,0.027479891033081617,0.029361745600000003,0.03400633104866857,-0.0008984622012519232,-0.0015381562464415028,-0.004735858846918616,0.012348360177475847,0.029948920402601234,-0.000927506078029966,0.0024690293695196174,0.002447421554148176,0.9826420288417614,7.4143169173161616e-06,0.0012880389566107186,0.028205658531676902,0.028205658531676902,0.15999999999999895,1.008828808153143,7.285619418107347e-06,0.012692585665768166,0.026522358332647333,0.030249957925000005,0.03524920444617763,-0.0009934167973211332,-0.0016418049796640168,0.0017764246500000039,0.01282739334117791,0.025475711253685588,0.00013480767540974443,-0.0010466470789617446,-0.0010506615252298074,1.0076984436730312,1.399464013854795e-06,-0.0008821519309676268,0.03882023688311755,0.03882023688311755,0.15999999999999895,0.9961791250829474,1.4102377087378903e-06,0.013102721873351651,0.027206630611877065,0.029361745600000003,0.03385764400168627,-0.0008940910394034367,-0.001476248566012495,-0.003389182564247103,0.013323987720940154,0.028749002753149455,0.00022126584758850286,0.0015423721412723898,0.0015338642431773305,0.9890251446443363,2.8913773260674273e-06,0.001810446552662959,0.026646456273349953,0.026646456273349953,0.15999999999999895,1.0055467086692336,2.8596448781351916e-06]"
/multi_agv/m2b_algorithm_state,1789558477.9871283,1789558477.9871283,m2b_algorithm_state_v1:header6+3x20,"[1.0,-0.15,0.52,0.01358743129092737,0.027756957057979603,1789558477.9870267,0.013559406916634112,0.027823822982732265,0.029361745600000003,0.03398975377279013,-0.0009080028321705343,-0.0015261248461323576,-0.0047392202997865686,0.01272062372872861,0.03072725988523963,-0.0008387831879055011,0.0029034369025073663,0.0028737450751778453,0.9797460568813128,1.0209080872377348e-05,0.001825266090295969,0.0260169423009516,0.0260169423009516,0.15999999999999895,1.0103321020315914,1.0002306729094138e-05,0.012968812736348293,0.026865913086509766,0.030249957925000005,0.035266878501614106,-0.001005751558485344,-0.0016431045243206037,0.0017764246500000039,0.013274814550941448,0.02843303016764661,0.00030600181459315527,0.0015671170811368436,0.0015583057170698072,0.9888141391544197,3.1191613836855935e-06,0.0019408079853112513,0.027573891146662984,0.027573891146662984,0.15999999999999895,1.0056544514792676,3.0842708784927787e-06,0.013383970114547818,0.02755110771460787,0.029361745600000003,0.03384786542200116,-0.0009045411800071047,-0.0014666770326376083,-0.0033913675086112713,0.013793608205474765,0.030468377584455607,0.0004096380909269469,0.0029172698698477356,0.00288721610956652,0.9795974396923067,1.0289952676137921e-05,0.0033992637232252037,0.020149846051140983,0.020149846051140983,0.15999999999999895,1.0104092520756016,1.0080011296099708e-05]"
/multi_agv/m2b_algorithm_state,1789558477.9972062,1789558477.9972062,m2b_algorithm_state_v1:header6+3x20,"[1.0,-0.15,0.52,0.013873211885469037,0.028098935102275565,1789558477.9970872,0.013845953173115218,0.028166963233076308,0.029361745600000003,0.03397292514790022,-0.0009173879394622324,-0.001514064265209533,-0.004741404152239992,0.012682143263584146,0.03028401711621372,-0.001163809909531072,0.002117053883137411,0.002101238172603239,0.9851649505629704,5.412704133299792e-06,0.000646475785689399,0.030666993046238003,0.030666993046238003,0.15999999999999895,1.0075268528529433,5.332406399894275e-06,0.013248094312487297,0.027209047713932972,0.030249957925000005,0.03528289516990411,-0.001018010935320222,-0.001643728032139885,0.0017764246500000039,0.013556395378600702,0.02843303016764661,0.0003083010661134051,0.001223982453713638,0.0012186131638592713,0.9912627735156252,1.8981828512826666e-06,0.0016039894965010277,0.028975293988375783,0.028975293988375783,0.15999999999999895,1.0044060658571607,1.8815979978022537e-06,0.013668246387179598,0.02789486022692952,0.029361745600000003,0.03383770402115626,-0.000914840713659471,-0.0014570172689419882,-0.0033927870127059964,0.014110086168681462,0.0313493945175154,0.0004418397815018644,0.0034545342905858804,0.003412685430636717,0.9760514244121377,1.436841238174042e-05,0.003964985157514048,0.01776973986523019,0.01776973986523019,0.15999999999999895,1.0122627358424172,1.4024309371738732e-05]"
/multi_agv/m2b_algorithm_state,1789558478.0073273,1789558478.0073273,m2b_algorithm_state_v1:header6+3x20,"[1.0,-0.15,0.52,0.01416601936977833,0.02844510093059141,1789558478.007259,0.014134881412705217,0.02850859177632094,0.029361745600000003,0.0339697690048557,-0.0009265973403140208,-0.0015079906714147466,-0.004742489683784755,0.012970818204195145,0.03027626022191915,-0.001164063208510072,0.0017676684455982077,0.0017566537462089637,0.987611595630657,3.762649577035287e-06,0.00030157473557137376,0.03207502625246091,0.03207502625246091,0.15999999999999895,1.0062702734747897,3.7160363525748366e-06,0.013529822920629554,0.0275510524427851,0.030249957925000005,0.03529715744829511,-0.0010301668945184514,-0.0016436479784713923,0.0017764246500000039,0.013587484287520721,0.02691671277259723,5.766136689116727e-05,-0.0006343396701878681,-0.000635795123683746,1.0045987651502004,5.0948061176582e-07,-0.0005637184150697869,0.03757180591052216,0.03757180591052216,0.16000000000000322,0.9977108136856334,5.118235934479114e-07,0.013954931323072342,0.02823716108772065,0.029361745600000003,0.03383625917365796,-0.0009249695651872723,-0.001451204314824906,-0.003393492608210093,0.01428539583248763,0.02984270867572953,0.00033046450941528853,0.00160554758800888,0.0015964261887469456,0.988698999329502,3.100437788396727e-06,0.002009506825516056,0.025877824580500898,0.025877824580500898,0.16000000000000322,1.0057136367006694,3.065399738871218e-06]"
/multi_agv/m2b_algorithm_state,1789558478.0172236,1789558478.0172236,m2b_algorithm_state_v1:header6+3x20,"[1.0,-0.15,0.52,0.014459408998175912,0.028787711314059754,1789558478.0171409,0.014430844691151305,0.028854376396023656,0.029361745600000003,0.03394944611187765,-0.0009358618885336708,-0.0014944836221025136,-0.0047425067712887434,0.013358035397789358,0.031264188312118316,-0.0010728092933619468,0.0024098119160946598,0.0023894988406943213,0.9832774123180187,6.960715544821832e-06,0.0010484872239918878,0.029046943731303357,0.029046943731303357,0.15999999999999895,1.0085009772988365,6.844314368794218e-06,0.013818562892703426,0.027897252680373102,0.030249957925000005,0.035311420850843524,-0.0010423694312247066,-0.0016435447506549204,0.0017764246500000039,0.013855166635536731,0.02691671277259723,3.660374283330492e-05,-0.0009805399077758709,-0.000984013736248503,1.0071091540426322,1.2143185876060243e-06,-0.0009382590577068719,0.03905301112928776,0.03905301112928776,0.15999999999999895,0.9964697357926363,1.222951365502147e-06,0.014248650525480255,0.02858367371537747,0.029361745600000003,0.03382329697066286,-0.0009351282701331471,-0.0014404080154081147,-0.003393503715087686,0.014497325157720177,0.02925765343380398,0.0002486746322399227,0.0006739797184265109,0.0006723678194517329,0.995227644237168,5.44953862204894e-07,0.0009832111097516363,0.030008975326159308,0.030008975326159308,0.15999999999999895,1.0023973469998793,5.42353148500123e-07]"
/multi_agv/m2b_algorithm_state,1789558478.0270195,1789558478.0270195,m2b_algorithm_state_v1:header6+3x20,"[1.0,-0.15,0.52,0.014757445545534353,0.029131625875999916,1789558478.0268922,0.014727342047163396,0.0291964311796049,0.029361745600000003,0.03394160111470648,-0.0009448712647048996,-0.0014864893845139338,-0.004741521933671939,0.013594483271983308,0.032592713299032836,-0.0011328587751800873,0.0033962821194279368,0.003356335504004101,0.9767426929952854,1.3762069891949593e-05,0.0019402620350289917,0.025292267556965276,0.025292267556965276,0.15999999999999895,1.0119018540834728,1.3442001207452183e-05,0.014107942704155036,0.02824019700815372,0.030249957925000005,0.035323395160589195,-0.0010543988820626276,-0.0016425429177181032,0.0017764246500000039,0.014495255289225305,0.0307150351919691,0.00038731258507026904,0.0024748381838153796,0.002453292496182993,0.9827326633116786,7.682219681158434e-06,0.002937433227520829,0.023550353307399578,0.023550353307399578,0.15999999999999895,1.0087823558201516,7.549568207410222e-06,0.014542942243209305,0.028926505754420642,0.029361745600000003,0.033818399468058244,-0.0009450439697489092,-0.001433214652723387,-0.003392863570636763,0.01487733291664253,0.0305155989159325,0.0003343906734332245,0.0015890931615118592,0.0015802177663289231,0.9888892236559049,3.0160409026027016e-06,0.0019982061081204538,0.025909844705058117,0.025909844705058117,0.15999999999999895,1.0056165646103037,2.9825303466892404e-06]"
/multi_agv/m2b_algorithm_state,1789558478.036978,1789558478.036978,m2b_algorithm_state_v1:header6+3x20,"[1.0,-0.15,0.52,0.015056666766092908,0.029472816556830636,1789558478.0367856,0.015028471241530974,0.029539719868103734,0.029361745600000003,0.03392530255743712,-0.0009538300624123447,-0.0014748740001163025,-0.004739606819409877,0.013996098536044225,0.0327401169168794,-0.001032372705486749,0.0032003970487756647,0.0031649998315101233,0.9781155714560351,1.2178303866605581e-05,0.001874533949651687,0.025620089980989705,0.025620089980989705,0.15999999999999895,1.0111839554976065,1.191178864585016e-05,0.014401984799623263,0.0285845406066516,0.030249957925000005,0.03533465302798296,-0.0010663822377332682,-0.0016412558080449481,0.0017764246500000039,0.014800228068010027,0.0307150351919691,0.0003982432683867637,0.0021304945853174995,0.0021145451042090414,0.9851344320806649,5.678885132903769e-06,0.002612349189692496,0.024926002440087976,0.024926002440087976,0.15999999999999895,1.0075427481195414,5.594465280254485e-06,0.01484188059544882,0.029270617153244412,0.029361745600000003,0.033807788631101475,-0.0009548935047643215,-0.0014235904216995344,-0.003391618746366421,0.015331939483105971,0.0321646781387897,0.0004900588876571507,0.0028940609855452847,0.0028649789907934046,0.9800965746951807,9.952683385498334e-06,0.003477552600364843,0.019844232148009962,0.019844232148009962,0.15999999999999895,1.0101508579453236,9.754590895152553e-06]"
/multi_agv/m2b_algorithm_state,1789558478.0470793,1789558478.0470793,m2b_algorithm_state_v1:header6+3x20,"[1.0,-0.15,0.52,0.015362818811356987,0.02981791151482331,1789558478.046919,0.015330741084868454,0.029880148202083075,0.029361745600000003,0.03392498052270768,-0.0009625822349851156,-0.0014702562845417223,-0.004736773751095715,0.014296556899716676,0.03206239026581666,-0.001034184185151778,0.0021822420637335888,0.0021657280347185987,0.9849755482247025,5.651137296698926e-06,0.0008729978032788761,0.029770519257038285,0.029770519257038285,0.15999999999999895,1.007625162878374,5.566232056909087e-06,0.014697265002942167,0.028926394586862348,0.030249957925000005,0.035344091113952904,-0.0010782052894522214,-0.0016392659099048572,0.0017764246500000039,0.015044220353835838,0.030225742621933047,0.00034695535089367124,0.0012993480350706986,0.0012934025663959897,0.990888511977533,2.108151819447973e-06,0.0017270967550130788,0.028557918698343343,0.028557918698343343,0.15999999999999895,1.0045967657937125,2.088943419395531e-06,0.0151419942104681,0.02961190688154648,0.029361745600000003,0.033807515699739325,-0.0009645400410351768,-0.0014185295416185573,-0.003389777251962217,0.015560076017345116,0.031020448396813054,0.00041808180687701556,0.0014085415152665752,0.001401607323301351,0.9902006214964264,2.354211130236469e-06,0.0019242095818976204,0.026258808485930357,0.026258808485930357,0.15999999999999895,1.0049473143083267,2.331141324293956e-06]"
/multi_agv/m2b_algorithm_state,1789558478.057187,1789558478.057187,m2b_algorithm_state_v1:header6+3x20,"[1.0,-0.15,0.52,0.01567386277282082,0.03016448329321378,1789558478.0570445,0.01563994236313538,0.030224471798521318,0.029361745600000003,0.03391901282406107,-0.0009713963211877442,-0.0014631709384132288,-0.004733075233717337,0.014475583121528475,0.03212141650694387,-0.0011643592416069048,0.0018969447084225509,0.0018844852462838976,0.986947026000616,4.257166430588962e-06,0.0004290361942752665,0.031504319394829894,0.031504319394829894,0.1599999999999992,1.0066115997263565,4.2015977478594345e-06,0.01499947151233961,0.029272131156473872,0.030249957925000005,0.03535369571986844,-0.0010900418970521339,-0.0016373410750483187,0.0017764246500000039,0.01534647584560764,0.030225742621933047,0.0003470043332680292,0.0009536114654591747,0.0009504126091813646,0.993312590095098,1.1326096130365247e-06,0.001384168025766401,0.02996991849169479,0.02996991849169479,0.16000000000000347,1.0033657553013375,1.125035388291917e-06,0.015449042558595975,0.029957131589474745,0.029361745600000003,0.033803275431098095,-0.000974215230475548,-0.0014117423061203154,-0.0033873732156662704,0.01580112038191595,0.030490152671143977,0.00035207782331997395,0.000533021081669232,0.0005320256568935932,0.996271667630281,3.363452391490983e-07,0.0009721229360435607,0.030096770266390252,0.030096770266390252,0.16000000000000347,1.0018710089687233,3.3509123230657785e-07]"
/multi_agv/m2b_algorithm_state,1789558478.067002,1789558478.067002,m2b_algorithm_state_v1:header6+3x20,"[1.0,-0.15,0.52,0.01598325675324096,0.03050521269554633,1789558478.066879,0.015954019027052735,0.03057021952621792,0.029361745600000003,0.03389708703885294,-0.0009801744997647932,-0.0014492189091688161,-0.004728655624000567,0.014893117198674068,0.03315044945809807,-0.0010609018283786673,0.0025802299318801528,0.002557361744320683,0.982426855381311,7.839774466593621e-06,0.001231234458847349,0.028249342749944603,0.028249342749944603,0.15999999999999895,1.0089421012143687,7.702004976114266e-06,0.015306587663744623,0.029619413871482748,0.030249957925000005,0.03536275475394921,-0.0011018253272285956,-0.0016352082651930958,0.0017764246500000039,0.015862325988274768,0.03336545601533589,0.0005557383245301441,0.0037460421438531392,0.003697760211922273,0.9745437861711643,1.7367381028118174e-05,0.004392433117584953,0.017568106720728068,0.017568106720728068,0.15999999999999895,1.013057074867969,1.6925273263019534e-05,0.015760981627665108,0.030303816481940672,0.029361745600000003,0.03378847301879451,-0.0009838335238705302,-0.0014004273533058447,-0.0033845004693503706,0.01607107804004298,0.030876431602003342,0.0003100964123778707,0.0005726151200626702,0.0005714705823126561,0.9960101126168647,3.867347074764796e-07,0.0009590910977849945,0.030109421937079155,0.030109421937079155,0.15999999999999895,1.0020027938190315,3.8519167954649864e-07]"
/multi_agv/m2b_algorithm_state,1789558478.0769563,1789558478.0769563,m2b_algorithm_state_v1:header6+3x20,"[1.0,-0.15,0.52,0.01629836166307946,0.030848384432035855,1789558478.0768557,0.016266379743872263,0.030909950955133207,0.029361745600000003,0.033895292201979954,-0.0009886329317371583,-0.0014441156439249868,-0.0047234705810471934,0.01532370534157788,0.03313839721751484,-0.0009426744022943828,0.0022284462623816323,0.0022114061599770476,0.9848204819367757,5.831599364187796e-06,0.001033063157109069,0.029140835479503278,0.029140835479503278,0.15999999999999895,1.0077055507545305,5.74307849630162e-06,0.015612136753035901,0.029961177067472897,0.030249957925000005,0.03536927324840053,-0.0011133600006151857,-0.001632106884220292,0.0017764246500000039,0.01619257894018736,0.03336545601533589,0.0005804421871514597,0.0034042789478629897,0.0033644493535990683,0.976865519298841,1.4306063053483192e-05,0.004090002087538393,0.01888374593343453,0.01888374593343453,0.15999999999999895,1.0118383693965594,1.3975099713862822e-05,0.016071253762814725,0.03064451006403288,0.029361745600000003,0.03378687613352617,-0.0009931505225773147,-0.0013949637544381065,-0.0033811301914306764,0.016459614038441893,0.031778899302357756,0.0003883602756271677,0.0011343892383248767,0.001129929417004187,0.9921669521896871,1.511954273975842e-06,0.0016153797615381467,0.027485845727735804,0.027485845727735804,0.15999999999999895,1.0039469910718088,1.5001110638607822e-06]"
/multi_agv/m2b_algorithm_state,1789558478.0869725,1789558478.0869725,m2b_algorithm_state_v1:header6+3x20,"[1.0,-0.15,0.52,0.016617148637594562,0.031191711810232114,1789558478.0868537,0.016584439205310008,0.03125210667538588,0.029361745600000003,0.03388829634808079,-0.000997105702015447,-0.0014367607140307079,-0.004717595252949309,0.015604875852085373,0.032135791343088575,-0.0009795633532246346,0.0008836846677026944,0.0008809900964186905,0.9939195687891422,9.153825523827493e-07,-0.0003434640951121027,0.03471489243690813,0.03471489243690813,0.15999999999999895,1.0030585715945703,9.098166317413666e-07,0.01592340981848286,0.030305389012501797,0.030249957925000005,0.035375700338490766,-0.001124855533789798,-0.0016289862586021699,0.0017764246500000039,0.01630627686593754,0.03296024870702928,0.0003828670474546776,0.002654859694527483,0.0026305978157484798,0.9818845556778251,8.682372975794322e-06,0.0031091816250668268,0.022885690880487697,0.022885690880487697,0.15999999999999895,1.0092229525295564,8.525087931566964e-06,0.01638723596544551,0.030987657608219882,0.029361745600000003,0.03378168458158176,-0.001002452043318094,-0.0013879570115935469,-0.003377311228167052,0.016733746841333746,0.03126614565872277,0.00034651087588823473,0.0002784880505028904,0.00027821863864878213,0.9980669924135188,9.091008243207597e-08,0.0007113572335090755,0.031125270104368944,0.031125270104368944,0.15999999999999895,1.0009683458139855,9.073435255304714e-08]"
/multi_agv/m2b_algorithm_state,1789558478.0970116,1789558478.0970116,m2b_algorithm_state_v1:header6+3x20,"[1.0,-0.15,0.52,0.01693960550823093,0.03153517586021808,1789558478.0968952,0.016906153261610348,0.03159436209033641,0.029361745600000003,0.03388159083064081,-0.001005503013700222,-0.0014295694003392998,-0.004711077461992768,0.01579539509061073,0.03188946100293369,-0.0011107581709996171,0.0002950989125972761,0.0002947982614277,0.9979643880470317,1.0180849946255194e-07,-0.0010936494523218214,0.03763969260150866,0.03763969260150866,0.15999999999999895,1.0010198539439144,1.016012568641322e-07,0.01623839804858492,0.03064984310523343,0.030249957925000005,0.03538140777644931,-0.0011362517670289382,-0.001625606114996049,0.0017764246500000039,0.016602662371040917,0.0332325340243337,0.00036426432245599896,0.0025826909191002737,0.0025597975836522302,0.9824244149377596,8.192631624574479e-06,0.003015127986722229,0.023273060138954384,0.023273060138954384,0.16000000000000322,1.0089434163053548,8.04864133057317e-06,0.016706894602588427,0.031330930235126495,0.029361745600000003,0.03377657067405215,-0.0010116608516413505,-0.001381031075407958,-0.0033730746640453,0.017001207312019873,0.03117993822170673,0.0002943127094314456,-0.0001509920134197644,-0.00015107116846358755,1.001048999010581,2.6648891298560285e-08,0.00021681971832571942,0.0330756065974632,0.0330756065974632,0.16000000000000322,0.9994760413609813,2.667684595916556e-08]"
/multi_agv/m2b_algorithm_state,1789558478.107193,1789558478.107193,m2b_algorithm_state_v1:header6+3x20,"[1.0,-0.15,0.52,0.01726646789802348,0.031879553084131505,1789558478.1070619,0.017231509180445297,0.03193670197168612,0.029361745600000003,0.03387689478693416,-0.0010138261819203761,-0.001423282825309011,-0.00470394730233455,0.016262426690364516,0.03350713805937953,-0.0009690824900807811,0.0015704360876934095,0.0015620225530658836,0.9893412775363011,2.8696536033406895e-06,0.00035066944046490724,0.0318998996739385,0.0318998996739385,0.15999999999999895,1.0053863080344212,2.8390667620157277e-06,0.016557090207570027,0.030994515058209052,0.030249957925000005,0.035386429246841225,-0.0011475459019827036,-0.0016219824060270949,0.0017764246500000039,0.017059865009401102,0.034573994053555615,0.0005027748018310747,0.0035794789953465626,0.0035359442847568813,0.9759645783125109,1.5670266926977934e-05,0.004164412787045725,0.01853054852313111,0.01853054852313111,0.16000000000000322,1.0123120465379942,1.5293625453432506e-05,0.01703021713667746,0.03167431055075908,0.029361745600000003,0.033772659378210015,-0.0010207777477323722,-0.0013746709368871847,-0.003368440060267458,0.017338848762676894,0.03148492729709263,0.00030863162599943303,-0.00018938325366645026,-0.00018950738392791257,1.0013117239381912,4.178812087077903e-08,0.0001962821485713787,0.03316194231845242,0.03316194231845242,0.16000000000000322,0.9993449845653005,4.1842935349257256e-08]"
/multi_agv/m2b_algorithm_state,1789558478.1170225,1789558478.1170225,m2b_algorithm_state_v1:header6+3x20,"[1.0,-0.15,0.52,0.017594431291001324,0.032221338392686545,1789558478.116853,0.017561247045371018,0.03227991917003561,0.029361745600000003,0.0338645236594698,-0.0010221068433454187,-0.0014137059186714969,-0.004696326776815227,0.016673935644654355,0.03291495933250393,-0.000887311400716663,0.00063504016246832,0.0006336605070568065,0.995664139928503,4.681015495295508e-07,-0.00047547874383902227,0.03527317496975667,0.03527317496975667,0.1600000000000075,1.0021772785208307,4.6607192671153975e-07,0.016880216192984788,0.03134014941087522,0.030249957925000005,0.03539100737312315,-0.0011587551151160669,-0.0016182110197688476,0.0017764246500000039,0.017404129677610396,0.034573994053555615,0.0005239134846256079,0.0032338446426803946,0.0031983517843380133,0.9782850249033829,1.2756545648054624e-05,0.003853243640120023,0.019873103653860833,0.019873103653860833,0.15999999999999895,1.0110972340554238,1.2479537576988258e-05,0.017357940455714625,0.03201859067148368,0.029361745600000003,0.03376362846212724,-0.001029829221118831,-0.001366135072129561,-0.003363486718679899,0.017744981445057685,0.032490389612566055,0.00038704098934306055,0.0004717989410823742,0.0004710345964995857,0.9967649941373855,2.5826947093113483e-07,0.0009548358331784114,0.03014845968028207,0.03014845968028207,0.15999999999999895,1.0016226930855368,2.574339676785383e-07]"
/multi_agv/m2b_algorithm_state,1789558478.1269746,1789558478.1269746,m2b_algorithm_state_v1:header6+3x20,"[1.0,-0.15,0.52,0.017927365583901733,0.03256463994031402,1789558478.126854,0.017892040428298252,0.032620454443491244,0.029361745600000003,0.03386203214289276,-0.0010302112992731235,-0.0014084822075619082,-0.004688172955264784,0.01676846064943731,0.031997932638726925,-0.001123579778860944,-0.0006225218047643186,-0.0006238542945962763,1.0042898961931048,4.490372139980146e-07,-0.0020283290181724563,0.041306880534325144,0.041306880534325144,0.15999999999999895,0.9978641008910261,4.509635370329071e-07,0.017204500596022073,0.03168335642911741,0.030249957925000005,0.0353942366331306,-0.0011697920849377576,-0.0016139458907073953,0.0017764246500000039,0.01764648235444426,0.034575496995286226,0.0004419817584221872,0.0028921405661688146,0.002863784454301548,0.9805794871264532,1.0176184717799064e-05,0.003416261652329282,0.021661304136342388,0.021661304136342388,0.16000000000000322,1.0099016222483763,9.978557991483456e-06,0.01768675284868365,0.032360204305450974,0.029361745600000003,0.03376104415044409,-0.0010387025146862345,-0.0013604720398640024,-0.0033581867346721113,0.01800501439709508,0.03202426121013719,0.0003182615484114276,-0.0003359430953137829,-0.0003363314060132659,1.0023143728480957,1.306467284941693e-07,6.149552950101861e-05,0.03369399045139815,0.03369399045139815,0.16000000000000322,0.9988454521565919,1.3094909373528874e-07]"
/multi_agv/m2b_algorithm_state,1789558478.137147,1789558478.137147,m2b_algorithm_state_v1:header6+3x20,"[1.0,-0.15,0.52,0.01826422109805934,0.03290832769383723,1789558478.1368659,0.01822778381778061,0.032962489349979404,0.029361745600000003,0.03385690065035328,-0.0010383019678045897,-0.001402126041785323,-0.004679552396674594,0.01710425178556913,0.032569507371928624,-0.00112353203221148,-0.00039298197805077983,-0.00039351035758753463,1.0026926232365587,1.7831666029328908e-07,-0.0017979253978518846,0.04039665849439922,0.04039665849439922,0.15999999999999895,0.99865726650756,1.7879679987626034e-07,0.017533781197605635,0.03202809330284677,0.030249957925000005,0.03539728085633517,-0.0011807531588883015,-0.0016096399124017405,0.0017764246500000039,0.017991372522066278,0.034575496995286226,0.00045759132446064263,0.0025474036924394566,0.002525429635577271,0.9828940912188012,7.87387772294981e-06,0.0030974187911530743,0.02301398496756847,0.02301398496756847,0.15999999999999895,1.008701116258645,7.739187888866717e-06,0.01802053173631896,0.032703337168115874,0.029361745600000003,0.03375659445725121,-0.0010475340439528467,-0.001354025290798721,-0.0033525833715884884,0.01827890845906254,0.03147199495984163,0.0002583767227435814,-0.0012313422082742415,-0.0012365725608751155,1.0085305859270781,1.7512187616852982e-06,-0.0009136016574456387,0.03751704788460115,0.03751704788460115,0.15999999999999895,0.9957702824999024,1.766157683808966e-06]"
/multi_agv/m2b_algorithm_state,1789558478.1470828,1789558478.1470828,m2b_algorithm_state_v1:header6+3x20,"[1.0,-0.15,0.52,0.018603591791299518,0.03325095598678621,1789558478.1468995,0.01856742056783959,0.033304876257217196,0.029361745600000003,0.033848653199214325,-0.0010463347127806894,-0.0013944545943545441,-0.004670545242481472,0.01758360317846481,0.03424055803055811,-0.0009838173893747804,0.0009356817733409128,0.0009327230116097589,0.99369546010923,1.0060024049159103e-06,-0.0002970487251087165,0.03448589103942266,0.03448589103942266,0.15999999999999895,1.0031721761919945,9.996600226239075e-07,0.017867017528925517,0.032373267911851605,0.030249957925000005,0.03539984372139153,-0.0011916107074014665,-0.0016051793459568794,0.0017764246500000039,0.018317260379570592,0.03449862293901787,0.0004502428506450752,0.0021253550271662647,0.0021100686141783064,0.9857169879326627,5.466850853271696e-06,0.0026728721774846504,0.024782206197271877,0.024782206197271877,0.15999999999999895,1.0072445099108356,5.388767756564083e-06,0.01835822519741291,0.033046838912442894,0.029361745600000003,0.03375002378122279,-0.0010562867498547564,-0.0013467034794321748,-0.003346728721362959,0.018651553234362656,0.03231019037539232,0.0002933280369497443,-0.0007366485370505771,-0.0007385078701369909,1.0050605768857541,6.243491780207468e-07,-0.0003718478239498105,0.035391890140506234,0.035391890140506234,0.15999999999999895,0.9974823110739917,6.275087450396782e-07]"
/multi_agv/m2b_algorithm_state,1789558478.1568692,1789558478.1568692,m2b_algorithm_state_v1:header6+3x20,"[1.0,-0.15,0.52,0.018944864168430647,0.03359193835464452,1789558478.1567373,0.018909535990206453,0.033646149068526844,0.029361745600000003,0.03383946259052002,-0.0010542552914728023,-0.001386433319441356,-0.004661213053645365,0.017949351392507744,0.034010380911526465,-0.0009601845976987093,0.0003642318429996211,0.00036378331754106127,0.9975401411598944,1.520282979884046e-07,-0.0008364474295823254,0.03665253979078754,0.03665253979078754,0.15999999999999895,1.0012329467486072,1.5165432983565162e-07,0.018202815147390233,0.032717479199528596,0.030249957925000005,0.035401573884123794,-0.001202329931727853,-0.00160043036177282,0.0017764246500000039,0.018660246585794505,0.03449862293901787,0.0004574314384042724,0.0017811437394892743,0.0017704199786968203,0.9880300207909272,3.829209001202349e-06,0.002342209276702161,0.026159455171433123,0.026159455171433123,0.15999999999999895,1.0060571846914808,3.783373449070762e-06,0.018698424236301865,0.03338923969230317,0.029361745600000003,0.0337428114013234,-0.0010649155535682716,-0.0013391680508718145,-0.0033406627986194894,0.019120590240450725,0.03392150546982647,0.00042216600414885994,0.0005322657775232997,0.0005313065642683657,0.9964021466962518,3.244203081839766e-07,0.0010590140694544405,0.029727492530461863,0.029727492530461863,0.15999999999999895,1.0018053856651574,3.232530915063739e-07]"
/multi_agv/m2b_algorithm_state,1789558478.1668963,1789558478.1668963,m2b_algorithm_state_v1:header6+3x20,"[1.0,-0.15,0.52,0.01929323867346548,0.0339365134040398,1789558478.1667857,0.019253513050709593,0.03398571706876306,0.029361745600000003,0.03384229117492122,-0.0010620445110908032,-0.0013836662659389063,-0.004651452017122701,0.018088388265932145,0.03457402523048169,-0.001165124784777448,0.0005883081617186273,0.0005871437209440868,0.9960491646616866,3.9534565874020825e-07,-0.0008692622600277231,0.036675612886352606,0.036675612886352606,0.1600000000000075,1.0019832295450048,3.9378371314080863e-07,0.018540565538247494,0.033060151909301415,0.030249957925000005,0.035402375761086145,-0.0012128958905494557,-0.0015953593360293061,0.0017764246500000039,0.018840932370013806,0.03390212957474001,0.0003003668317663119,0.0008419776654385938,0.0008395744796135996,0.9943076229423109,8.539711925180661e-07,0.0012150330193214896,0.030679603367431748,0.030679603367431748,0.15999999999999895,1.002862385509979,8.491100664938488e-07,0.01904051391633485,0.03372994608586907,0.029361745600000003,0.033743410374069194,-0.0010734047319402732,-0.0013350750862438652,-0.0033343181248797586,0.019184163019776986,0.03269701150824296,0.00014364910344213597,-0.0010329345776261128,-0.0010365727084885113,1.0070686939177576,1.2201867758812562e-06,-0.0008570113291858413,0.037222394139817656,0.037222394139817656,0.15999999999999895,0.9964902308997665,1.2288119027224562e-06]"
/multi_agv/m2b_algorithm_state,1789558478.1769376,1789558478.1769376,m2b_algorithm_state_v1:header6+3x20,"[1.0,-0.15,0.52,0.019642499237947888,0.034278429201443514,1789558478.1768525,0.019604581569688757,0.03432890418884546,0.029361745600000003,0.03383061022184012,-0.001069903074328654,-0.0013746012430082316,-0.00464147559582299,0.018530518123668148,0.03545273349155896,-0.0010740634460206094,0.0011238293027135,0.0011196097290984862,0.9925188210510701,1.4368644226842138e-06,-0.00022296957842727564,0.03411782388119575,0.03411782388119575,0.1600000000000075,1.0037687896999712,1.4261149828127623e-06,0.018885430329153432,0.033406345520662295,0.030249957925000005,0.035403632545101565,-0.0012234250329361436,-0.0015905036501325173,0.0017764246500000039,0.0191792270075159,0.03390212957474001,0.0002937966783624693,0.0004957840540777136,0.0004949517636624312,0.9966480916725101,2.952932026490567e-07,0.0008621976116155179,0.0321072247707795,0.0321072247707795,0.15999999999999895,1.0016815586414396,2.9430340690404615e-07,0.01938970412155425,0.03407429050261165,0.029361745600000003,0.03373434564469011,-0.0010819200850857484,-0.0013267979222056688,-0.003327833451034945,0.019512891063527115,0.033590232248556104,0.00012318694197286512,-0.000484058254055543,-0.0004848515450300963,1.0032829813320516,2.669012386374619e-07,-0.0003308678675640149,0.03512149793613921,0.03512149793613921,0.15999999999999895,0.9983638476917628,2.6777747042141013e-07]"
/multi_agv/m2b_algorithm_state,1789558478.1869724,1789558478.1869724,m2b_algorithm_state_v1:header6+3x20,"[1.0,-0.15,0.52,0.019998368266662438,0.03462336105326665,1789558478.1868017,0.019956490882668175,0.03466935873431809,0.029361745600000003,0.033832099048991524,-0.0010775906385330303,-0.001371307720316072,-0.0046311588678854786,0.018821305542217465,0.03470809632284517,-0.0011351853404507097,3.873758852707826e-05,3.8732555865440606e-05,0.9997402001152632,1.7041523253782685e-09,-0.0013802491196979465,0.038715962105055804,0.038715962105055804,0.15999999999999895,1.000129933631417,1.7037095868005613e-09,0.01923123926839992,0.03375001949367434,0.030249957925000005,0.03540371194991378,-0.0012337799086439005,-0.0015852291233075244,0.0017764246500000039,0.019886657785832155,0.03718306519319233,0.0006554185174322338,0.0034330456995179948,0.0033940444526840063,0.9775369136575272,1.4066779255955616e-05,0.004213317599474299,0.018468667274139376,0.018468667274139376,0.16000000000000322,1.0114910830950214,1.375079597896858e-05,0.019739767562775568,0.03441590937633811,0.029361745600000003,0.03373389436684996,-0.0010902641101336258,-0.0013223258771806806,-0.0033211275778755617,0.02005012422194154,0.03542919262446162,0.000310356659165973,0.0010132832481235116,0.0010098534243510864,0.9932531218309262,1.1639915598749164e-06,0.0013977992483085527,0.028273937832558074,0.028273937832558074,0.16000000000000322,1.0033963580156489,1.1561382506306102e-06]"
/multi_agv/m2b_algorithm_state,1789558478.1970594,1789558478.1970594,m2b_algorithm_state_v1:header6+3x20,"[1.0,-0.15,0.52,0.020358027389774835,0.034968487425213655,1789558478.1969788,0.02031499395814789,0.03501284904245123,0.029361745600000003,0.03382675896223553,-0.0010853253184733172,-0.0013650422956435304,-0.004620620141681197,0.019157775588432034,0.03544533685359379,-0.0011572183697158567,0.00043248781114255813,0.000431864296717325,0.9971207720757898,2.1164089121687838e-07,-0.001014658665427496,0.037244980466974095,0.037244980466974095,0.15999999999999895,1.001443773958562,2.11031528852982e-07,0.01958367439090884,0.03409665342306515,0.030249957925000005,0.03540411785178764,-0.0012440816272608,-0.0015801228906044962,0.0017764246500000039,0.020097759305067533,0.035374108093176655,0.0005140849141586946,0.0012774546701115053,0.0012719955576671236,0.9914894906122752,1.946606693899142e-06,0.0019146017003654919,0.02796057521013512,0.02796057521013512,0.15999999999999895,1.0042917700549159,1.9300400793565055e-06,0.020096436450930587,0.03476058069428357,0.029361745600000003,0.03372880011302325,-0.001098615404909382,-0.0013158460194411222,-0.0033142774058427787,0.020342987823677952,0.03606139382188738,0.00024655137274736533,0.0013008131276038143,0.0012951908410792513,0.9913931273119841,1.9114875089469937e-06,0.001603380057013458,0.027389409557528256,0.027389409557528256,0.15999999999999895,1.0043408942885035,1.8950355793127543e-06]"
/multi_agv/m2b_algorithm_state,1789558478.2069707,1789558478.2069707,m2b_algorithm_state_v1:header6+3x20,"[1.0,-0.15,0.52,0.020716127170704493,0.0353086731018315,1789558478.2068644,0.02067725739431928,0.035356507432546556,0.029361745600000003,0.03381007234370513,-0.001092996998582647,-0.0013539113816668099,-0.0046100554004509554,0.019684344486501797,0.03825048729853417,-0.000992912907817483,0.002893979865987613,0.0028666081788174197,0.9812646382684193,9.416087745472884e-06,0.001625467044045566,0.02658026408803797,0.02658026408803797,0.15999999999999895,1.0095484577810299,9.239673935465145e-06,0.019939937159539595,0.034443523543489486,0.030249957925000005,0.03540410020544029,-0.00125427069070572,-0.0015748916451725145,0.0017764246500000039,0.020241603686468743,0.03518215587328675,0.00030166652692914867,0.0007386323297972619,0.0007368069985219374,0.9950697063767685,6.491723871581737e-07,0.0011138901571833733,0.03109329850954466,0.03109329850954466,0.15999999999999895,1.0024773533353863,6.459717766773899e-07,0.02045688761546563,0.03510543129960493,0.029361745600000003,0.03371625922649552,-0.0011068842101011715,-0.0013061941517500805,-0.0033074103240431224,0.020595387105457715,0.03538853384467875,0.00013849948999208536,0.00028310254507381977,0.0002828353573073579,0.998114213176022,9.033020295853496e-08,0.0004559597197974646,0.031966471602271646,0.031966471602271646,0.15999999999999895,1.0009446759733491,9.015985945198849e-08]"
/multi_agv/m2b_algorithm_state,1789558478.2170477,1789558478.2170477,m2b_algorithm_state_v1:header6+3x20,"[1.0,-0.15,0.52,0.021080192376235974,0.03565120533116203,1789558478.2169182,0.021037905029393254,0.03569512368486673,0.029361745600000003,0.033810519387427664,-0.0011004145024598748,-0.0013503062043253972,-0.0045992784768893145,0.020304759536971067,0.03984360391222929,-0.0007331454924221874,0.004148480227362562,0.004092886275691968,0.9735637755804247,1.9262416099684933e-05,0.0031764544101642337,0.020255681403137684,0.020255681403137684,0.15999999999999895,1.0135830677731683,1.8753190544810424e-05,0.020294713997194246,0.034785656270109495,0.030249957925000005,0.03540240823459468,-0.0012642395205307404,-0.0015690504951660009,0.0017764246500000039,0.02072666706063753,0.038241851394455205,0.00043195306344328416,0.0034561951243457095,0.003417077950021923,0.9776223502602321,1.4124635341439028e-05,0.0039570192793260284,0.019391365374531535,0.019391365374531535,0.15999999999999895,1.0114475510643637,1.380855919906636e-05,0.02081576248552598,0.035445239350518264,0.029361745600000003,0.03371502022241206,-0.0011149159206150748,-0.0013015419106614167,-0.003300405323728056,0.02096990972165803,0.03630463457310545,0.00015414723613205172,0.0008593952225871837,0.0008569508302068656,0.9943276287492427,8.293192236413598e-07,0.0010496348753719301,0.029575387206223373,0.029575387206223373,0.15999999999999895,1.002852430144362,8.246150171194762e-07]"
/multi_agv/m2b_algorithm_state,1789558478.2269344,1789558478.2269344,m2b_algorithm_state_v1:header6+3x20,"[1.0,-0.15,0.52,0.021447890638147147,0.035993821026540924,1789558478.226835,0.021404498735238822,0.03603610298147859,0.029361745600000003,0.033805448269361,-0.0011078571125097843,-0.0013443059273836942,-0.004588392893333928,0.020303263239554746,0.03895608669651037,-0.0011012354956840761,0.002919983715031778,0.0028923111916630832,0.981228837357272,9.527015694534516e-06,0.001515766822057988,0.026961056179504894,0.026961056179504894,0.15999999999999895,1.0095676161847518,9.348182533432585e-06,0.020655480645704626,0.03513008946696476,0.030249957925000005,0.03540094941438703,-0.0012741351915940419,-0.0015633475925917809,0.0017764246500000039,0.021348962276170856,0.040440719328803755,0.0006934816304662306,0.005310629861838993,0.0052197074768848255,0.9663549870158518,3.316992386527791e-05,0.006086559514967614,0.010447447165518174,0.010447447165518174,0.15999999999999895,1.0174190575538595,3.2053921346147426e-05,0.02118059774776447,0.03578742354504271,0.029361745600000003,0.03371002106210498,-0.001122936724593215,-0.0012952720489341311,-0.0032933296944170545,0.02127836028718505,0.036693559395147825,9.776253942057889e-05,0.0009061358501051137,0.0009034284687222167,0.9940423364853896,9.190055404894869e-07,0.0010256316429979404,0.029633609298393045,0.029633609298393045,0.15999999999999895,1.0029967855526252,9.135304147111879e-07]"
/multi_agv/m2b_algorithm_state,1789558478.2371676,1789558478.2371676,m2b_algorithm_state_v1:header6+3x20,"[1.0,-0.15,0.52,0.021819733243846312,0.036336992045167264,1789558478.2370806,0.021774694850953916,0.03637714635101531,0.029361745600000003,0.03380137658637515,-0.001115237383829766,-0.0013387687922677134,-0.0045774173368382624,0.020604363997108438,0.0390159069105335,-0.0011703308538454776,0.0026387605595181857,0.0026161966742166043,0.9830471718887855,7.75858276541285e-06,0.0011532831069097573,0.028412844018394175,0.028412844018394175,0.15999999999999895,1.0086246900028408,7.6270528454041755e-06,0.0210199196645447,0.035474636531736284,0.030249957925000005,0.035399139152102646,-0.0012839129208073556,-0.0015575534844139288,0.0017764246500000039,0.021752103958028936,0.040440719328803755,0.0007321842934842372,0.004966082797067471,0.004886668600431159,0.9685388115366916,2.8927851986238988e-05,0.005801898967286456,0.01171921399822283,0.01171921399822283,0.15999999999999895,1.0162511934263978,2.8017747383061234e-05,0.021549057398942837,0.03612968019687118,0.029361745600000003,0.033705605791384846,-0.0011308762167190258,-0.0012892957560344193,-0.003286195582694872,0.021646660254408534,0.03672013298650296,9.7602855465697e-05,0.0005904527896317749,0.0005893047509694066,0.9961189642673747,3.8912208678884345e-07,0.0007113083203015278,0.03090238190162323,0.03090238190162323,0.15999999999999895,1.0019481238874788,3.876118900656622e-07]"
/multi_agv/m2b_algorithm_state,1789558478.2471287,1789558478.2471287,m2b_algorithm_state_v1:header6+3x20,"[1.0,-0.15,0.52,0.022194406139689912,0.03667948847703295,1789558478.246994,0.02214900696784407,0.03671873373741655,0.029361745600000003,0.03379444182154191,-0.0011225728663254774,-0.0013320184164456461,-0.004566423482448132,0.02103796235444876,0.03979784770543351,-0.0011110446133953122,0.0030791139680169596,0.003048584466630318,0.9803712448793768,1.0524899452891648e-05,0.0016597786998861779,0.02634682311426721,0.02634682311426721,0.15999999999999895,1.0100143203249956,1.0318308778861656e-05,0.021388539310867753,0.035819752542061836,0.030249957925000005,0.03539710483255666,-0.001293581798935673,-0.001551718509316291,0.0017764246500000039,0.021792788332704056,0.03807166884246742,0.0004042490218363025,0.002251916300405582,0.002235349080287332,0.9853957765802912,5.949089164944319e-06,0.00274066035758271,0.024472744364489846,0.024472744364489846,0.15999999999999895,1.007411468868263,5.8622073376357035e-06,0.02192165345282711,0.036472489856023416,0.029361745600000003,0.03369924272014034,-0.0011387486227702288,-0.0012825128800531245,-0.0032790495773412885,0.022109193105900586,0.03810766394943087,0.0001875396530734777,0.0016351740934074516,0.001626460221855042,0.9893997025727682,2.9712283429904476e-06,0.0018608847881968892,0.026267579958191428,0.026267579958191428,0.15999999999999895,1.0053575681933806,2.939732438830528e-06]"
/multi_agv/m2b_algorithm_state,1789558478.2572722,1789558478.2572722,m2b_algorithm_state_v1:header6+3x20,"[1.0,-0.15,0.52,0.02257596260744295,0.037025031448683104,1789558478.2571735,0.022526115207068605,0.03705961751757075,0.029361745600000003,0.03379582559707966,-0.0011298173720843668,-0.0013289055767215876,-0.00455532505451225,0.021538253638304646,0.04068673732074449,-0.0009878615687639591,0.003627119803173734,0.003585052584068127,0.9770808483916847,1.4552274828053135e-05,0.002350225623113178,0.023549195762719893,0.023549195762719893,0.1600000000000075,1.0117340591578916,1.4218749035023116e-05,0.021760033365489848,0.0361642461159066,0.030249957925000005,0.03539455089924681,-0.001303118322600185,-0.0015457270833790573,0.0017764246500000039,0.02234201681252072,0.03956328978626146,0.0005819834470308718,0.0033990436703548593,0.003361712406522478,0.9782803443904547,1.349344424770129e-05,0.004089191715311068,0.01894146713220627,0.01894146713220627,0.15999999999999895,1.0111048356664745,1.3200371285654618e-05,0.022297069846511277,0.036814601797621506,0.029361745600000003,0.03369825926443068,-0.001146517368157538,-0.0012781053225358434,-0.0032718355991829644,0.022541913511642375,0.03816152235358846,0.00024484366513109757,0.0013469205559669545,0.0013410170659942714,0.9912732260727598,2.010561801494779e-06,0.0016470716474081433,0.02718036682146799,0.02718036682146799,0.15999999999999895,1.0044022482057722,1.9930160831863894e-06]"
/multi_agv/m2b_algorithm_state,1789558478.267118,1789558478.267118,m2b_algorithm_state_v1:header6+3x20,"[1.0,-0.15,0.52,0.02295351667829404,0.037363678965067815,1789558478.266984,0.022910090099950303,0.03740357568256587,0.029361745600000003,0.033774588930616356,-0.0011371096981350004,-0.0013160023643290241,-0.004544468301905375,0.022001768910741532,0.04129777015406905,-0.0009083211892087703,0.0038941944715031734,0.0038459554609029506,0.9755421626860499,1.6708140863027507e-05,0.0027105539743919878,0.02206996725387527,0.02206996725387527,0.15999999999999895,1.012542789715224,1.6299495871981017e-05,0.022138432036450155,0.03651171660557617,0.030249957925000005,0.035392405507875764,-0.0013125917129784039,-0.0015399445293208039,0.0017764246500000039,0.02291760146000897,0.04105344704371304,0.0007791694235588162,0.004541730438136868,0.004475808512396594,0.9714033980815814,2.3983012799751683e-05,0.0054497702918451145,0.013282153485147427,0.013282153485147427,0.15999999999999895,1.0147284955461544,2.3297180129912845e-05,0.02267936568592841,0.037159802057907275,0.029361745600000003,0.03368236787719568,-0.0011542924912077163,-0.0012672585251035078,-0.0032647787099884945,0.022740297746225376,0.03647621963448964,6.093206029696499e-05,-0.0006835824234176363,-0.0006851183338716229,1.0045039521286903,5.172219514526248e-07,-0.0006089532585004167,0.03613908740697222,0.03613908740697222,0.15999999999999895,0.9977581822321014,5.195514943618751e-07]"
/multi_agv/m2b_algorithm_state,1789558478.2770517,1789558478.2770517,m2b_algorithm_state_v1:header6+3x20,"[1.0,-0.15,0.52,0.023339192065312053,0.03770649492185994,1789558478.276992,0.02329000061707369,0.03774051836735147,0.029361745600000003,0.03377913932628121,-0.0011440794334900211,-0.00131439741921997,-0.004533531880315392,0.022388743529171425,0.04059559769411746,-0.0009012570879022644,0.0028550793267659927,0.0028290595161948174,0.9819444231574732,8.966990809184781e-06,0.001702488156316987,0.02629404113786599,0.02629404113786599,0.15999999999999895,1.0091973358715947,8.805086617583314e-06,0.02251290977541694,0.03685254087063578,0.030249957925000005,0.0353882384902328,-0.0013218207086313077,-0.0015334142832960918,0.0017764246500000039,0.023326880680249296,0.04105344704371304,0.0008139709048323555,0.004200906173077258,0.004144572679175405,0.9735504117055567,2.046338713747767e-05,0.00516203631021585,0.014545261123526079,0.014545261123526079,0.15999999999999895,1.0135921114823014,1.992213897258158e-05,0.0230576396423915,0.037497977657216186,0.029361745600000003,0.03368351093628971,-0.0011617819319947572,-0.001263912107744282,-0.003257670035955007,0.023077819787360655,0.036190089795949204,2.0180144969156322e-05,-0.001307887861266982,-0.0013135146270471978,1.0086419348373643,1.8891199722598164e-06,-0.0012882894458357524,0.03879499448721682,0.03879499448721682,0.15999999999999895,0.9957162519058773,1.9054456239600492e-06]"
/multi_agv/m2b_algorithm_state,1789558478.287069,1789558478.287069,m2b_algorithm_state_v1:header6+3x20,"[1.0,-0.15,0.52,0.0237291701182835,0.038049968536441305,1789558478.2869632,0.02367801971907611,0.03808168005367876,0.029361745600000003,0.03377500460820461,-0.001151142754469746,-0.0013089944842094867,-0.0045226564754932246,0.022745233421010324,0.040065291291864556,-0.0009327862980657853,0.0019836112381857937,0.0019710222058203167,0.9873900954178716,4.319380562648932e-06,0.0008050393332380851,0.029968106921784927,0.029968106921784927,0.15999999999999895,1.006387057603056,4.264913585900029e-06,0.022895524734097696,0.03719741733599658,0.030249957925000005,0.035384822135773264,-0.0013310019936430655,-0.0015272327575900912,0.0017764246500000039,0.023382521744014343,0.04064663229283253,0.0004869970099166468,0.00344921495683595,0.0034111811027071936,0.9781967091662558,1.3764819103195814e-05,0.004019927365103002,0.019158831583672983,0.019158831583672983,0.15999999999999895,1.0111497610310316,1.3464700749014957e-05,0.02344403174276235,0.03784038737590449,0.029361745600000003,0.03367874737786722,-0.0011693138353147592,-0.0012579937165369901,-0.0032506010228205966,0.023817340824767753,0.03933474445218017,0.0003733090820054047,0.001494357076275682,0.0014871717966031806,0.9904309894606002,2.4509204853715855e-06,0.0019538081491099367,0.02598668298247085,0.02598668298247085,0.15999999999999895,1.0048315061440198,2.4274676014158336e-06]"
/multi_agv/m2b_algorithm_state,1789558478.2970128,1789558478.2970128,m2b_algorithm_state_v1:header6+3x20,"[1.0,-0.15,0.52,0.024119785852037657,0.03839085228114215,1789558478.2968934,0.024070313548723035,0.03842349431372855,0.029361745600000003,0.033763512070787545,-0.001158164966195119,-0.0013004356145064348,-0.004511970765850979,0.02307970192645377,0.04060937927515042,-0.0009906116222692662,0.0021858849614218648,0.0021706702146157913,0.986179470684173,5.226723940672366e-06,0.0009324056867792085,0.029399122626361525,0.029399122626361525,0.1600000000000075,1.0070092392218901,5.1544878492245686e-06,0.023282478338343036,0.03754295416721466,0.030249957925000005,0.03538125867008117,-0.001340075339821386,-0.0015210431076799202,0.0017764246500000039,0.023786917080380714,0.04064663229283253,0.0005044387420376772,0.003103678125617869,0.003072919337821701,0.9803817168406639,1.1114971978139834e-05,0.0037034677653687976,0.02050489096132626,0.02050489096132626,0.15999999999999895,1.01000963071747,1.0896915310564601e-05,0.023834718467784424,0.03818345712838069,0.029361745600000003,0.03366911250188018,-0.0011767822947815051,-0.0012500045386324675,-0.003243655311553139,0.024086634919609873,0.037964122437306055,0.0002519164518254499,-0.0002193346910746366,-0.00021949071442585054,1.0014237338755283,5.272854917643114e-08,9.540485035596186e-05,0.03342946853398055,0.03342946853398055,0.15999999999999895,0.9992891573950082,5.280362059810109e-08]"
/multi_agv/m2b_algorithm_state,1789558478.3070128,1789558478.3070128,m2b_algorithm_state_v1:header6+3x20,"[1.0,-0.15,0.52,0.02451425318662472,0.038732019839641064,1789558478.3069067,0.024463203509486855,0.03876266714020274,0.029361745600000003,0.03375882500326274,-0.001165026559328881,-0.0012948973203798964,-0.004501411195933123,0.023611587356829517,0.041964548319291486,-0.0008516161526573376,0.0032018811790887475,0.0031695637457364416,0.9800259371275327,1.1167176349948668e-05,0.0021050435549147695,0.024634713434580638,0.024634713434580638,0.15999999999999895,1.0101961771224124,1.0944122467426864e-05,0.023670123981532284,0.03788600503531676,0.030249957925000005,0.03537677975344274,-0.0013489856115161299,-0.0015145417374761924,0.0017764246500000039,0.02424371722815276,0.041291152306668036,0.0005735932466204748,0.003405147271351279,0.0033683230157010658,0.9786136172385193,1.3332855927668562e-05,0.004085314573976659,0.018941323855011443,0.018941323855011443,0.15999999999999895,1.0109325190839955,1.3047714367495765e-05,0.024226030065093843,0.03852388466790697,0.029361745600000003,0.0336639712493921,-0.00118409455862692,-0.001244035464255282,-0.003236791591106532,0.024172699451552586,0.035228799722370585,-5.333061354125673e-05,-0.003295084945536382,-0.0033309063269695172,1.021982725053108,1.190218838449505e-05,-0.003397569593896088,0.04687629420386422,0.04687629420386422,0.15999999999999895,0.989245755384023,1.2163830919281699e-05]"
/multi_agv/m2b_algorithm_state,1789558478.3172104,1789558478.3172104,m2b_algorithm_state_v1:header6+3x20,"[1.0,-0.15,0.52,0.024913460405124387,0.0390742299587325,1789558478.3170211,0.024859915428291583,0.039102118020333386,0.029361745600000003,0.033755671140377065,-0.0011718363793936147,-0.0012900473697355984,-0.004490981062440227,0.02408907761617761,0.04194751558823363,-0.0007708378121139732,0.002845397567900247,0.00281990279859365,0.9822477184414713,8.796110119581985e-06,0.0018563555334511835,0.02572047032155568,0.02572047032155568,0.15999999999999895,1.0090410099664826,8.639959096119342e-06,0.024061659800184428,0.03822934583777294,0.030249957925000005,0.0353721208153626,-0.0013577801593208823,-0.0015080220056043689,0.0017764246500000039,0.024539668643441193,0.04073734931751263,0.000478008843256765,0.002508003479739694,0.002487977690917164,0.9841625097176152,7.217934123246149e-06,0.00308548874498812,0.023068199210689824,0.023068199210689824,0.15999999999999895,1.0080490226643262,7.1036201617103445e-06,0.024621184331398156,0.03886459566081686,0.029361745600000003,0.03365975438557682,-0.0011913355345418222,-0.0012385019341960611,-0.0032300120043361495,0.024517740610470063,0.03517412791673884,-0.0001034437209280932,-0.0036904677440780242,-0.003735366222566155,1.0246336970791465,1.4890046242366845e-05,-0.0038646708737262716,0.04861912291706008,0.04861912291706008,0.15999999999999895,0.9879801669199422,1.5256843130995794e-05]"
/multi_agv/m2b_algorithm_state,1789558478.3271797,1789558478.3271797,m2b_algorithm_state_v1:header6+3x20,"[1.0,-0.15,0.52,0.025316252375188076,0.03941646238223155,1789558478.327047,0.025261340737219775,0.039442616590326815,0.029361745600000003,0.033749979379355824,-0.0011786214011121829,-0.00128411405451826,-0.0044807367370716215,0.024267283084298038,0.04054997879155809,-0.000994057652921737,0.0011073622012312753,0.0011034696330337655,0.9929953882896291,1.3307635299897802e-06,-0.00013910243311840583,0.03374451284843737,0.03374451284843737,0.15999999999999895,1.0035275716530667,1.3214420481838792e-06,0.024457969801390624,0.03857371177623884,0.030249957925000005,0.035367460609503645,-0.0013664718112012843,-0.0015015545474809586,0.0017764246500000039,0.02495047273112838,0.04153582863706217,0.0004925029297377578,0.00296211686082333,0.002934362012898111,0.981442767453628,1.0031888207370535e-05,0.003549990675070308,0.021131146562818705,0.021131146562818705,0.15999999999999895,1.0094585629868509,9.845724125027154e-06,0.025021070676762756,0.039206361509631825,0.029361745600000003,0.03365377959672297,-0.001198526162740062,-0.0012322350401701996,-0.0032233531928465547,0.025381547345509414,0.0372043481330062,0.0003604766687466572,-0.0020020133766256235,-0.0020150328937515298,1.0130933498891683,4.360709391888962e-06,-0.0015644370578182082,0.040012673636949506,0.040012673636949506,0.15999999999999895,0.9935388066535893,4.417805685721947e-06]"
/multi_agv/m2b_algorithm_state,1789558478.337032,1789558478.337032,m2b_algorithm_state_v1:header6+3x20,"[1.0,-0.15,0.52,0.025723803224736035,0.03975971246162265,1789558478.336891,0.025666320433797147,0.0397831272542393,0.029361745600000003,0.0337464136510078,-0.001185342949487531,-0.0012791311248979845,-0.0044706736792535255,0.024474188805467114,0.038907787491737386,-0.0011921316283300329,-0.0008753397625019116,-0.0008777957669816262,1.0056278725011047,8.308133486735212e-07,-0.0023679603023941675,0.04249122514899021,0.04249122514899021,0.15999999999999895,0.997202077553689,8.354890602720716e-07,0.024857904015159808,0.03891811589804751,0.030249957925000005,0.035362549458098885,-0.0013750450800848156,-0.0014950394525521382,0.0017764246500000039,0.02536324470605726,0.04153582863706217,0.0005053406908974538,0.002617712739014663,0.002596062525752186,0.9836012374222656,7.813521154720612e-06,0.003227738389374003,0.022485723515400815,0.022485723515400815,0.15999999999999895,1.0083396347536755,7.685389076408243e-06,0.025424532676607284,0.039548143994407856,0.029361745600000003,0.03364913068030158,-0.001205636809497721,-0.0012265815382159475,-0.0032168122052647933,0.02582487812425835,0.037206621029002636,0.0004003454476510654,-0.0023415229654052197,-0.002359311709891397,1.015313004335451,5.9489182615437985e-06,-0.0018588799003275655,0.041169428818869216,0.041169428818869216,0.15999999999999895,0.9924601974331757,6.040014072674062e-06]"
/multi_agv/m2b_algorithm_state,1789558478.3471029,1789558478.3471029,m2b_algorithm_state_v1:header6+3x20,"[1.0,-0.15,0.52,0.02613450275439909,0.040102594786812024,1789558478.346969,0.02607603249868834,0.0401246601015323,0.029361745600000003,0.03373952606382858,-0.0011920370650136685,-0.0012727275873142727,-0.004460855803230548,0.02487491048631409,0.03902527429862748,-0.0012011220123742498,-0.0010993858029048204,-0.0011032523854151823,1.007059787965741,1.3067667377185546e-06,-0.0026046549008829946,0.043403927105435815,0.043403927105435815,0.1600000000000075,0.9964952874233697,1.3159922338075308e-06,0.025262631359449273,0.039263521752770626,0.030249957925000005,0.035357626770122996,-0.0013835155958602796,-0.0014885721265560578,0.0017764246500000039,0.025690076747085643,0.04010853633357903,0.00042744538763636944,0.0008450145808084064,0.0008427398965134354,0.9946312767270077,8.133055319626505e-07,0.0013770466310588972,0.030056612562909178,0.030056612562909178,0.15999999999999895,1.0026991534450687,8.089391196251492e-07,0.025832745816070486,0.03989095553056501,0.029361745600000003,0.03364221771195864,-0.0012126951409002365,-0.0012199770854605585,-0.0032104305858498567,0.026199118031860043,0.03722470064576289,0.0003663722157895566,-0.0026662548848021203,-0.002689290048272312,1.0174330109571228,7.691745803238824e-06,-0.002231324778535366,0.04258423331896255,0.04258423331896255,0.15999999999999895,0.9914344815707066,7.82583609210609e-06]"
/multi_agv/m2b_algorithm_state,1789558478.3569758,1789558478.3569758,m2b_algorithm_state_v1:header6+3x20,"[1.0,-0.15,0.52,0.026547014933021956,0.04044400141523417,1789558478.3568878,0.026488861752678262,0.04046580932428861,0.029361745600000003,0.03373021844683106,-0.0011986520803466132,-0.0012653193674357628,-0.004451334667243675,0.02549675392652914,0.041261965612183246,-0.0009921078261491238,0.0007961562878946379,0.0007941606905744539,0.995000108660592,6.817441570465881e-07,-0.0004459740921119509,0.034961530765149906,0.034961530765149906,0.1600000000000075,1.0025128381999624,6.783355103400788e-07,0.0256705483349993,0.039608588420106124,0.030249957925000005,0.03535235973414226,-0.0013918632581993613,-0.0014820191001177,0.0017764246500000039,0.026090822471335758,0.04010853633357903,0.00042027413633645774,0.000499947913472909,0.0004991526220593475,0.9968237687539945,2.8391673755199675e-07,0.0010244952924799197,0.0314765254751558,0.0314765254751558,0.15999999999999895,1.0015932830529475,2.830149523389201e-07,0.0262440981755197,0.04023338661604134,0.029361745600000003,0.03363369830457667,-0.0012196619801985937,-0.0012127257158637671,-0.00320424184745839,0.026669890018009405,0.03829422514492762,0.00042579184248970475,-0.0019391614711137192,-0.0019512453541577469,1.0125435462833645,4.0526803669742746e-06,-0.001419005551045616,0.03945957972745972,0.03945957972745972,0.15999999999999895,0.9938070919588462,4.1035153507290995e-06]"
/multi_agv/m2b_algorithm_state,1789558478.3671834,1789558478.3671834,m2b_algorithm_state_v1:header6+3x20,"[1.0,-0.15,0.52,0.026966979782796118,0.04078863918428599,1789558478.36701,0.026903468304441094,0.04080545291386483,0.029361745600000003,0.03373153262230892,-0.0012051489081176714,-0.0012625586114330257,-0.004442003769465307,0.026040415204997513,0.042210659666742936,-0.0008630530994435809,0.0014052067528781062,0.0013990362004727482,0.9912582775482084,2.1162996384090705e-06,0.0003202198261682721,0.03194355148367974,0.03194355148367974,0.1600000000000075,1.0044105737959268,2.0977995343452712e-06,0.026080324251755074,0.03995223948919569,0.030249957925000005,0.03534651039810839,-0.0014000720438006459,-0.001475285778115433,0.0017764246500000039,0.02648028690106063,0.04143200240188372,0.00039996264930555747,0.0014797629126880318,0.0014728645484668977,0.9907219151407395,2.4768800618668983e-06,0.0019728178600988446,0.02759535190685006,0.02759535190685006,0.15999999999999895,1.00468363790025,2.4538993584666867e-06,0.0266572522428697,0.040574311842641986,0.029361745600000003,0.033632105627783036,-0.0012265080747034208,-0.0012085273803291163,-0.0031981767639024505,0.02680623685825087,0.03825773821015931,0.00014898461538117094,-0.0023165736324826727,-0.0023338029550695042,1.0149897610794063,5.768926620891144e-06,-0.0021475721858430405,0.0421521919841085,0.0421521919841085,0.15999999999999895,0.9926174904571933,5.855401452622929e-06]"
/multi_agv/m2b_algorithm_state,1789558478.3773253,1789558478.3773253,m2b_algorithm_state_v1:header6+3x20,"[1.0,-0.15,0.52,0.027381860575449262,0.041126130572719195,1789558478.37721,0.027325508528076758,0.041148366539174246,0.029361745600000003,0.033709250410434835,-0.0012116993386663113,-0.00124957970489631,-0.004433156184245012,0.02647919008414821,0.04204052705742248,-0.0008463184439285489,0.000892160518248232,0.0008896733910196103,0.994440903955577,8.505177962614997e-07,-0.00016822466389107582,0.03390559768217734,0.03390559768217734,0.15999999999999895,1.0027955508771274,8.457896861445911e-07,0.02649757697602363,0.04029903204122174,0.030249957925000005,0.0353411975303277,-0.001408208420317466,-0.001468821429192746,0.0017764246500000039,0.026893740043293216,0.04143200240188372,0.0003961630672695872,0.0011329703606619834,0.0011289313333382965,0.9928966917189307,1.4480303788265252e-06,0.0016241351674252805,0.02901465530743228,0.02901465530743228,0.15999999999999895,1.0035777440172056,1.4377445726453668e-06,0.027077853844287965,0.04091851897246198,0.029361745600000003,0.033614958096573756,-0.0012333629377672232,-0.001197607007034654,-0.0031924258335092586,0.027241104259818693,0.03929837833736131,0.00016325041553072808,-0.0016201406351006725,-0.0016284996674684493,1.0103745118072887,2.8099801824600567e-06,-0.0014244366480550392,0.03933276364229582,0.03933276364229582,0.15999999999999895,0.9948670346486645,2.839132355041236e-06]"
/multi_agv/m2b_algorithm_state,1789558478.3871098,1789558478.3871098,m2b_algorithm_state_v1:header6+3x20,"[1.0,-0.15,0.52,0.0278081438735962,0.04147007746677598,1789558478.3869934,0.027742410961617205,0.0414840247248188,0.029361745600000003,0.03371834642324463,-0.0012179268345876453,-0.0012503178863836604,-0.004424457614677262,0.026901674679190694,0.04204052705742248,-0.0008407362824265109,0.0005565023326036811,0.0005555357534534085,0.996532619983482,3.3020150620276417e-07,-0.0004953845995797301,0.035232145098294004,0.035232145098294004,0.1600000000000075,1.0017399044872701,3.2905657209873256e-07,0.026909816975424293,0.040638912454665756,0.030249957925000005,0.03533400411291536,-0.0014161308000749002,-0.0014616543541603258,0.0017764246500000039,0.027434808165760303,0.041744047997241726,0.0005249911903360098,0.0011051355425759704,0.00110130497234176,0.9930929779051619,1.3735444356192097e-06,0.0017575439602617723,0.02854426060816495,0.02854426060816495,0.15999999999999895,1.00347821024186,1.3640573338541458e-06,0.02749335378930628,0.04125545453867304,0.029361745600000003,0.033618520755045324,-0.0012399443490778922,-0.0011957707844487105,-0.0031867717632902224,0.027636031740984873,0.03929837833736131,0.00014267795167859088,-0.001957076201311733,-0.0019692593850459154,1.0125314992719447,4.090468881937235e-06,-0.0017909119454476768,0.04075451220797155,0.04075451220797155,0.15999999999999895,0.9938133169115769,4.141728589753144e-06]"
/multi_agv/m2b_algorithm_state,1789558478.3973293,1789558478.3973293,m2b_algorithm_state_v1:header6+3x20,"[1.0,-0.15,0.52,0.02823499235526218,0.041811565288340964,1789558478.397188,0.028170706699308268,0.04182622757844319,0.029361745600000003,0.033706414433647344,-0.0012243277871180282,-0.0012418850179947575,-0.004416154807361027,0.02705367408414845,0.041244154382125385,-0.0011170326151598194,-0.0005820731963178047,-0.000583134961117704,1.0036552520224786,3.6052041237866435e-07,-0.001979425730067478,0.04096552968903537,0.04096552968903537,0.15999999999999895,0.9981792125825141,3.618382053451563e-07,0.027333470591504636,0.04098505046375803,0.030249957925000005,0.03532814512230329,-0.0014240198462746878,-0.0014550810090538727,0.0017764246500000039,0.02759882816810726,0.03901707488856607,0.0002653575766026241,-0.0019679755751919603,-0.0019803294593855655,1.0126371899902664,4.356503120277715e-06,-0.0016486324886322854,0.041969808222394676,0.041969808222394676,0.15999999999999895,0.9937617025616343,4.411557077901853e-06,0.02792025432997569,0.04159895435812674,0.029361745600000003,0.03360803007004594,-0.0012466239608132004,-0.0011878147358966506,-0.003181374938534669,0.02793222381206121,0.03906269147722088,1.1969482085517902e-05,-0.0025362628809058596,-0.0025567320509274276,1.0162776557062032,6.851885969557996e-06,-0.00254177019832053,0.043586956120839626,0.043586956120839626,0.15999999999999895,0.9919940104735877,6.963418610308625e-06]"
/multi_agv/m2b_algorithm_state,1789558478.4070225,1789558478.4070225,m2b_algorithm_state_v1:header6+3x20,"[1.0,-0.15,0.52,0.028665724385790802,0.042153311354622996,1789558478.4069111,0.028599530498694452,0.042165928611662906,0.029361745600000003,0.03370093971864154,-0.0012305742590777735,-0.0012363201709598946,-0.004408196606408186,0.027560618462069815,0.04264113768091013,-0.0010389120366246368,0.0004752090692472233,0.0004745087207881889,0.9970570858064856,2.392993934249891e-07,-0.0008241313249926071,0.03642150272710945,0.03642150272710945,0.15999999999999895,1.0014759443364307,2.385951558435793e-07,0.027757738136522506,0.04132881894547007,0.030249957925000005,0.03532149074108668,-0.0014317626562190232,-0.0014482390286126925,0.0017764246500000039,0.02797127086291119,0.03976170253828739,0.00021353272638868423,-0.0015671164071826768,-0.0015749021301513044,1.009988133792435,2.7528025029823423e-06,-0.0013079862221654491,0.04060927585694127,0.04060927585694127,0.15999999999999895,0.9950563766347312,2.78029786268628e-06,0.028347708430569583,0.04193994830788992,0.029361745600000003,0.03360181761499255,-0.0012531574839712333,-0.0011817812301622085,-0.003176202107915323,0.028245613509796777,0.03993866609522664,-0.00010209492077280571,-0.002001282212663283,-0.002013937792684387,1.012731663521476,4.250822106111805e-06,-0.002141556443650394,0.041983140828249055,0.041983140828249055,0.15999999999999895,0.993716002516525,4.304942142856473e-06]"
/multi_agv/m2b_algorithm_state,1789558478.4169362,1789558478.4169362,m2b_algorithm_state_v1:header6+3x20,"[1.0,-0.15,0.52,0.029099081500754936,0.04249430828501043,1789558478.4168177,0.02903220905085205,0.04250588728713825,0.029361745600000003,0.03369314652721089,-0.0012367674196100847,-0.001229781101966612,-0.004400621834055924,0.02814580532158395,0.043942996758242224,-0.0008864037292681017,0.0014371094711039742,0.0014307667151212738,0.991214647654873,2.179508962543911e-06,0.00032276205353614675,0.03188142028707053,0.03188142028707053,0.15999999999999895,1.0044331168146883,2.1603612083686004e-06,0.02818592681113233,0.04167284419956354,0.030249957925000005,0.03531471265338451,-0.001439392723975405,-0.001441401465178363,0.0017764246500000039,0.028363242084388948,0.03976170253828739,0.00017731527325661606,-0.00191114166127615,-0.0019227071699176026,1.0121801898087546,4.082914774807088e-06,-0.0017010630783468325,0.0421183127270097,0.0421183127270097,0.15999999999999895,0.9939847789500112,4.1326454517372065e-06,0.028779037295388016,0.04228120257716719,0.029361745600000003,0.03359403600408613,-0.0012596201525728375,-0.0011751062242411894,-0.0031712785058863532,0.02880532157098447,0.04252405487203465,2.6284275596453327e-05,0.00024285229486745857,0.0002426693208424683,0.998494333768012,6.225399238508236e-08,0.00027552466533803496,0.03250477148266871,0.03250477148266871,0.15999999999999895,1.000754005592281,6.21602586509417e-08]"
/multi_agv/m2b_algorithm_state,1789558478.4270642,1789558478.4270642,m2b_algorithm_state_v1:header6+3x20,"[1.0,-0.15,0.52,0.029536165482161175,0.042835440775523,1789558478.426937,0.029467481083895204,0.04284508259444536,0.029361745600000003,0.033687413539609315,-0.001242871242566927,-0.0012241775615718024,-0.004393425507503964,0.028537859159392033,0.04414426184285416,-0.0009296219245031705,0.001299179248408798,0.001294008646909906,0.9920742399341969,1.7761601298131465e-06,0.0001319812412809429,0.03262363423235726,0.03262363423235726,0.15999999999999895,1.0039958013505084,1.7620827107858018e-06,0.02861678200925639,0.04201614922233363,0.030249957925000005,0.03530758624529312,-0.0014468984744956392,-0.0014344771880303933,0.0017764246500000039,0.028701822698086153,0.03844333338639965,8.50406888297621e-05,-0.0035728158359339818,-0.0036135447124066144,1.0230715378198483,1.4249404336328105e-05,-0.0035072438513694118,0.0490038719178085,0.0490038719178085,0.15999999999999895,0.9887288300784559,1.4578160007384009e-05,0.029212981409113218,0.0426216930382523,0.029361745600000003,0.03358758514892854,-0.0012659856656474164,-0.0011690557166759595,-0.0031666008936275785,0.029490046473856394,0.04317126131963629,0.00027706506474317605,0.0005495682813839928,0.0005486363729968269,0.99661472900645,3.177335257511147e-07,0.000894967703925797,0.03014997402350361,0.03014997402350361,0.15999999999999895,1.001698590237602,3.1665791166271103e-07]"
/multi_agv/m2b_algorithm_state,1789558478.437047,1789558478.437047,m2b_algorithm_state_v1:header6+3x20,"[1.0,-0.15,0.52,0.029976392100613067,0.04317624751906158,1789558478.4369264,0.02990645104126377,0.04318441298076161,0.029361745600000003,0.03368059666262253,-0.00124891837518468,-0.0012181347518260832,-0.004386631430411608,0.02903384575212852,0.04504662108299411,-0.0008726052891352525,0.0018622081022324974,0.0018516603439414547,0.9887410769620913,3.635945994509549e-06,0.0007609037325223892,0.03009395046695484,0.03009395046695484,0.15999999999999895,1.005696378564003,3.595009158387374e-06,0.029051401927974875,0.04235958914547732,0.030249957925000005,0.03530032952961256,-0.0014542906625589075,-0.001427554890137045,0.0017764246500000039,0.029085777066459487,0.03844333338639965,3.437513848461235e-05,-0.003916255759077669,-0.003965133127518996,1.0252881612381715,1.7073563208961738e-05,-0.003922164204413231,0.05054464339797191,0.05054464339797191,0.15999999999999895,0.9876732087247952,1.7505322228300075e-05,0.029650643477244887,0.04296232020033008,0.029361745600000003,0.033580375564974826,-0.001272278219355015,-0.001162714804219104,-0.0031621847435175463,0.02984327553986846,0.042326640987126185,0.0001926320626235746,-0.0006356792132038921,-0.000636931517467863,1.003948339188389,4.243481784115128e-07,-0.00039614143918839477,0.03526503259952824,0.03526503259952824,0.15999999999999895,0.9980338478633473,4.260236489538565e-07]"
/multi_agv/m2b_algorithm_state,1789558478.4471452,1789558478.4471452,m2b_algorithm_state_v1:header6+3x20,"[1.0,-0.15,0.52,0.030422024741716448,0.04351848894950733,1789558478.4470463,0.030348533601694094,0.043523411163278396,0.029361745600000003,0.033677694404042655,-0.0012548924465829977,-0.001213820191558774,-0.004380220468105699,0.02951775909284387,0.04506145895038007,-0.0008307745088502252,0.0015380477871016762,0.0015308619359102147,0.9907031240025177,2.474003996045654e-06,0.0004923937998474331,0.031210336149763984,0.031210336149763984,0.15999999999999895,1.0046939903742456,2.451003487677142e-06,0.02948920384542506,0.042702716228650295,0.030249957925000005,0.03529284296885642,-0.0014615647655640308,-0.0014205938712338606,0.0017764246500000039,0.029494884698676643,0.03773668479380561,5.680853251584933e-06,-0.004966031434844684,-0.005044903828860162,1.032293720856457,2.7397132052710843e-05,-0.005037802762295681,0.05469393256134887,0.05469393256134887,0.15999999999999895,0.9843659271432933,2.828188738748858e-05,0.030091438854720053,0.043302615165256055,0.029361745600000003,0.0335756820021562,-0.0012784860740976886,-0.0011575040115197211,-0.0031580176180187065,0.03030044880242282,0.042797736173138944,0.00020900994770276654,-0.000504878992117111,-0.0005056655578641507,1.0031210605267145,2.668530630531714e-07,-0.0002444031232356925,0.034666532204266,0.034666532204266,0.15999999999999895,0.9984444941230286,2.676859276146995e-07]"
/multi_agv/m2b_algorithm_state,1789558478.4570227,1789558478.4570227,m2b_algorithm_state_v1:header6+3x20,"[1.0,-0.15,0.52,0.030869149495617084,0.04385911983405457,1789558478.4568837,0.0307959969393895,0.043863862541789256,0.029361745600000003,0.03366776817751503,-0.001260856163624701,-0.0012064766288053805,-0.004374261440403735,0.02997401426118748,0.04513910947591844,-0.0008219826782020177,0.0012752469341291844,0.0012703154279529744,0.9922982385658844,1.696001021442607e-06,0.00024283708020045227,0.03221823434333339,0.03221823434333339,0.15999999999999895,1.0038821115352088,1.6829388261834396e-06,0.02993244453609943,0.043047236218902274,0.030249957925000005,0.035285529702348356,-0.001468740616851056,-0.001413758191815162,0.0017764246500000039,0.02987104367080782,0.03773668479380561,-6.140086529161232e-05,-0.005310551425096663,-0.005400639705994025,1.034532585836675,3.1244173721311114e-05,-0.00547739078760854,0.056289283246717725,0.056289283246717725,0.15999999999999895,0.9833189611228137,3.232311583223827e-05,0.03053763274966042,0.043644368087830454,0.029361745600000003,0.033566302654870164,-0.001284654808699901,-0.0011502891239706953,-0.0031541442500124285,0.03073908505035119,0.042705470955001004,0.00020145230069077216,-0.0009388971328294499,-0.0009416156905545085,1.0058089554377008,9.204099668787892e-07,-0.0006898003146910433,0.03641851014980816,0.03641851014980816,0.15999999999999895,0.9971128797530362,9.257565873608038e-07]"
/multi_agv/m2b_algorithm_state,1789558478.4669957,1789558478.4669957,m2b_algorithm_state_v1:header6+3x20,"[1.0,-0.15,0.52,0.031320548944923775,0.044200299815370936,1789558478.4668446,0.031244919654414807,0.044202678857485134,0.029361745600000003,0.03366291413897525,-0.0012667002878465898,-0.0012013853764247665,-0.004368726809455585,0.03026084915418213,0.046394573853348844,-0.0009840705002326748,0.0021918949958637107,0.002177463079335321,0.9869262267189809,4.990714832216143e-06,0.0009473749540444775,0.0292456816875339,0.0292456816875339,0.15999999999999895,1.006627858201295,4.92546735798953e-06,0.030377220388695888,0.04339019891844262,0.030249957925000005,0.035277693416490355,-0.001475787320763585,-0.0014067627468358629,0.0017764246500000039,0.030334194675919707,0.03964525538284245,-4.302571277618045e-05,-0.003744943535600169,-0.0037891224179413883,1.023888820770321,1.54662908949739e-05,-0.003842904558911614,0.050197140668175703,0.050197140668175703,0.15999999999999895,0.9883406030557278,1.583576234614558e-05,0.030985308443740554,0.043984481726235966,0.029361745600000003,0.033560264821201384,-0.0012907057398011913,-0.0011445779958212457,-0.003150546739896132,0.030976973545092847,0.04274174606519299,-8.334898647707062e-06,-0.001242735661042979,-0.0012474915822463263,1.007685453802891,1.6082074690786712e-06,-0.0012579102055559602,0.03854133820888588,0.03854133820888588,0.15999999999999895,0.9961876125891099,1.6205672732877396e-06]"
/multi_agv/m2b_algorithm_state,1789558478.4769874,1789558478.4769874,m2b_algorithm_state_v1:header6+3x20,"[1.0,-0.15,0.52,0.03177442703127146,0.0445406553267516,1789558478.4768684,0.03169808969945912,0.04454205202636779,0.029361745600000003,0.033654906905104504,-0.0012725034892869178,-0.0011949527945895287,-0.0043636489330469656,0.03084460508479689,0.0470896598316978,-0.0008534846146622324,0.0025476078053300114,0.002528223856689475,0.9849096238399467,6.718978164405752e-06,0.0014613680883616845,0.027207755682297274,0.027207755682297274,0.15999999999999948,1.0076670222809772,6.617586256493685e-06,0.030826306668267293,0.04373369371970589,0.030249957925000005,0.03526984777757666,-0.001482726829969451,-0.00139981828699514,0.0017764246500000039,0.030968844578590265,0.0424025437398965,0.0001425379103229714,-0.00133114997980939,-0.0013366238074745572,1.0082604807529474,1.9433730819435138e-06,-0.001158451419570843,0.039937059636234284,0.039937059636234284,0.16000000000000375,0.9959047357719076,1.9594262778827042e-06,0.03143725046704492,0.04432515370003913,0.029361745600000003,0.03355210631572889,-0.0012966957273895458,-0.0011379819383476458,-0.0031472461202305298,0.031551375896390864,0.044359382399236764,0.00011412542934594733,3.422869919763455e-05,3.4225133947943366e-05,0.9997917042002097,1.2146682016843043e-09,0.00017688192063037753,0.03290862259277616,0.03290862259277616,0.16000000000000375,1.0001041705109643,1.2144151913997545e-09]"
/multi_agv/m2b_algorithm_state,1789558478.4869459,1789558478.4869459,m2b_algorithm_state_v1:header6+3x20,"[1.0,-0.15,0.52,0.03223255776991618,0.04488153655520624,1789558478.486866,0.032153708017409646,0.04488058962895704,0.029361745600000003,0.033650034488945844,-0.0012782170698136773,-0.0011899203117478538,-0.004359017241227887,0.03139134040301673,0.04804892680530883,-0.0007623676143929184,0.0031683371763517945,0.003138580557800218,0.9814108510492014,1.0354563520059996e-05,0.00218562103980907,0.02426411233068172,0.02426411233068172,0.16,1.009480915975734,1.0162080996465096e-05,0.03127791147297068,0.04407638908635496,0.030249957925000005,0.03526168627915531,-0.0014895466749023228,-0.0013927987211899279,0.0017764246500000039,0.031230772204716192,0.04078894590719936,-4.7139268254489664e-05,-0.003287443179155601,-0.0033211475708821428,1.0207294573946653,1.1839986249828987e-05,-0.003380071656200255,0.048427835632131155,0.048427835632131155,0.16,0.9898515826210067,1.208542274034824e-05,0.03189166160343404,0.04466498726494281,0.029361745600000003,0.03354599002930653,-0.0013025901543328028,-0.0011323170338476424,-0.0031442355205481285,0.031938818364462704,0.0430268433448452,4.7156761028663285e-05,-0.001638143920097604,-0.0016463723298013307,1.0101005395376783,2.778753741974275e-06,-0.0015874263785155016,0.03984573376293638,0.03984573376293638,0.16,0.995002096697823,2.8068206540105576e-06]"
/multi_agv/m2b_algorithm_state,1789558478.4969351,1789558478.4969351,m2b_algorithm_state_v1:header6+3x20,"[1.0,-0.15,0.52,0.03269501870836669,0.045222987650606394,1789558478.4968534,0.032613551801082545,0.045219661765754496,0.029361745600000003,0.033645153389045133,-0.00128388972960635,-0.001184904903754045,-0.004354842369351812,0.03170857954788422,0.04773448598578234,-0.0009049722531983273,0.002514824220027842,0.002496061393275624,0.9852011043165851,6.5093956970218135e-06,0.0013648460767777147,0.027563658841055504,0.027563658841055504,0.16,1.007516973261461,6.413063829139518e-06,0.03173380444646777,0.0444195918436368,0.030249957925000005,0.035253525435375646,-0.0014962599703452484,-0.0013858341347083372,0.0017764246500000039,0.031637346587383194,0.04078894590719936,-9.645785908457549e-05,-0.0036306459364374433,-0.0036717055375406244,1.0228920471003926,1.440192717160759e-05,-0.0037922778613963437,0.0499644806769822,0.0499644806769822,0.16,0.9888172946650063,1.4731616766756455e-05,0.03235031706219824,0.04500535605622744,0.029361745600000003,0.03353980087474616,-0.0013084239246153343,-0.0011266516719942842,-0.003141521853828681,0.03232298714516679,0.04343677723769139,-2.7329917031450324e-05,-0.0015685788185360525,-0.001576093676669642,1.0096315117749264,2.5400181244680195e-06,-0.0016102560729589549,0.03989218070233917,0.03989218070233917,0.16,0.9952319724107588,2.5644823389423596e-06]"
/multi_agv/m2b_algorithm_state,1789558478.5068965,1789558478.5068965,m2b_algorithm_state_v1:header6+3x20,"[1.0,-0.15,0.52,0.033160209768243305,0.04556381111457846,1789558478.506812,0.03307769889280606,0.04555931294096941,0.029361745600000003,0.03363752936685184,-0.0012895224396720245,-0.0011787248084657817,-0.004351146831858204,0.03209591610561043,0.04671207971169535,-0.0009817827871956286,0.001152766770725941,0.0011488026482440624,0.9931484701863175,1.365720899270738e-06,-7.84258357504734e-05,0.03339439029516888,0.03339439029516888,0.16,1.0034506557657554,1.3563636218122151e-06,0.03219406267282572,0.04476334555196595,0.030249957925000005,0.03524537098060729,-0.0015028681066229232,-0.0013789262959213386,0.0017764246500000039,0.03207465119372107,0.04185490688024183,-0.00011941147910465161,-0.00290843867172412,-0.0029345698552945172,1.0181429811547167,9.207359154926858e-06,-0.0030838342041753317,0.04725259038538999,0.04725259038538999,0.16,0.9910953956256139,9.374408098559405e-06,0.032813294559468305,0.045346304458883824,0.029361745600000003,0.03353176174920498,-0.0013141977788068328,-0.001120217731145741,-0.003139119754457834,0.033044332289594434,0.04642695634013114,0.0002310377301261296,0.0010806518812473132,0.0010771590111638884,0.9935585844288906,1.1985858804613107e-06,0.0013659561738215505,0.028156968367565195,0.028156968367565195,0.16,1.003242668953445,1.1908652907075954e-06]"
/multi_agv/m2b_algorithm_state,1789558478.5172222,1789558478.5172222,m2b_algorithm_state_v1:header6+3x20,"[1.0,-0.15,0.52,0.03362953226733898,0.04590504851774543,1789558478.5171359,0.03354454700398883,0.045898329216386285,0.029361745600000003,0.03363234789159168,-0.0012950729441007537,-0.0011736420442283178,-0.004347926256257498,0.03274021823489919,0.04908396262923894,-0.0008043287690896392,0.003185633412852655,0.0031558638472892414,0.9815046745977504,1.0376066676576038e-05,0.0021504528859271925,0.024366925610512333,0.024366925610512333,0.16,1.0094330956606332,1.0184157946997325e-05,0.032657089167760875,0.04510648948963222,0.030249957925000005,0.035236956684823593,-0.0015093618014472981,-0.0013719648748386978,0.0017764246500000039,0.03249109039852256,0.04185490688024183,-0.00016599876923831247,-0.003251582609390395,-0.003284204012937913,1.020282000103938,1.147700122418312e-05,-0.0034917024744858037,0.048781545554307776,0.048781545554307776,0.16,0.9900671811437389,1.17097777642049e-05,0.03327899313298022,0.04568661463771686,0.029361745600000003,0.033525310756684655,-0.0013198821678812901,-0.0011145157230326823,-0.003137026380317376,0.033605132889282165,0.047502751690334556,0.00032613975630194775,0.0018161370526176973,0.0018063532524672612,0.9892898785364961,3.3725745101290838e-06,0.002214027947844696,0.024741241445327383,0.024741241445327383,0.16,1.0054163271425856,3.336453827480884e-06]"
/multi_agv/m2b_algorithm_state,1789558478.5270438,1789558478.5270438,m2b_algorithm_state_v1:header6+3x20,"[1.0,-0.15,0.52,0.03410144113461511,0.04624556422657228,1789558478.5269458,0.03401549962171249,0.04623776769374275,0.029361745600000003,0.03362460346942877,-0.0013005788257292477,-0.0011674746935198884,-0.004345196915327764,0.033369595433542946,0.050095608730662336,-0.0006459041881695451,0.003857841036919586,0.0038145235323698724,0.9778257226693906,1.5160305450099781e-05,0.003007143297157941,0.020888662725423755,0.020888662725423755,0.16,1.0113559410977868,1.482413663263252e-05,0.033124282241504266,0.04545003149714385,0.030249957925000005,0.03522852732940287,-0.0015157500775041452,-0.001365051061804727,0.0017764246500000039,0.03280187159932805,0.04301078757263357,-0.0003224106421762171,-0.0024392439245102815,-0.0024574392222548275,1.0150395540089518,6.433923155157877e-06,-0.002860452524975099,0.046290945613946866,0.046290945613946866,0.16,0.9925958300088289,6.53068648993932e-06,0.033748814938800185,0.046027346362349675,0.029361745600000003,0.033517138510466,-0.0013255036619006823,-0.0011081022362157454,-0.003135252308713048,0.033960897056472414,0.046750551379010116,0.00021208211767222845,0.0007232050166604415,0.0007216478157895496,0.9957038528451618,5.338239327486398e-07,0.0009867504628798352,0.02966996917352191,0.02966996917352191,0.16,1.0021578404823246,5.315305465787772e-07]"
/multi_agv/m2b_algorithm_state,1789558478.5369499,1789558478.5369499,m2b_algorithm_state_v1:header6+3x20,"[1.0,-0.15,0.52,0.03457458822171703,0.046584399594855865,1789558478.5368168,0.0344890098224433,0.04657647741204746,0.029361745600000003,0.03361491466489719,-0.0013060004562043767,-0.0011605103612477444,-0.0043429666963326775,0.033497630953003045,0.05005414693509829,-0.000991378869440257,0.0034776695230508345,0.0034425028649047625,0.9800053291394447,1.2287813319099141e-05,0.002203279278104441,0.024006149766319217,0.024006149766319217,0.16,1.0102154332258035,1.2042122536187807e-05,0.03359409945521017,0.04579287038355565,0.030249957925000005,0.03521983454864666,-0.0015220250382148165,-0.0013580815290498982,0.0017764246500000039,0.03323091603333165,0.04301078757263357,-0.00036318342187852126,-0.0027820828109220846,-0.00280572347286858,1.0171519307440389,8.347094505768255e-06,-0.003259702750216732,0.047797522023108455,0.047797522023108455,0.16,0.991574129747603,8.49026329264514e-06,0.034221214126191855,0.046367344884113745,0.029361745600000003,0.03350771157820795,-0.0013310348858680456,-0.001101192882802025,-0.003133802666366243,0.03405749281427534,0.047262839249007337,-0.00016372131191651207,0.0008954943648935912,0.0008931177911127301,0.9947077722020082,8.158406891830021e-07,0.0006884661512170901,0.030643247760131713,0.030643247760131713,0.16,1.0026609858234938,8.115230744089751e-07]"
/multi_agv/m2b_algorithm_state,1789558478.5470314,1789558478.5470314,m2b_algorithm_state_v1:header6+3x20,"[1.0,-0.15,0.52,0.03505393228192453,0.046925148487769595,1789558478.5468752,0.03496372796478465,0.046913488625595266,0.029361745600000003,0.03361351322952298,-0.0013113064946410746,-0.0011571860383231183,-0.00434121715144291,0.033904924702926414,0.04899156732290557,-0.0010588032618582335,0.002078078697310304,0.0020654499099699046,0.9879284344909751,4.382345777973233e-06,0.0007419458326471126,0.029992803849843746,0.029992803849843746,0.16,1.0061143033677264,4.329444003831231e-06,0.03406519490555431,0.046134073168418666,0.030249957925000005,0.03521069228657291,-0.0015281799484881675,-0.0013509792793116038,0.0017764246500000039,0.03365285954541917,0.04323467296917265,-0.0004123353601351437,-0.002899400199246019,-0.0029250074317910425,1.0178338709070969,9.039549591735045e-06,-0.003440426631959972,0.04845936542166665,0.04845936542166665,0.16,0.9912454128264064,9.200759752212348e-06,0.034694841794812144,0.04670563699055367,0.029361745600000003,0.033503733310983254,-0.00133645457560442,-0.0010966948709717622,-0.0031326654621878936,0.034648544107827195,0.048338248541029895,-4.6297686984948794e-05,0.0016326115504762262,0.0016247773987522508,0.990454301764276,2.701868633919973e-06,0.0015669052900210648,0.02713704972713995,0.02713704972713995,0.16,1.0048216769447873,2.676077411268005e-06]"
/multi_agv/m2b_algorithm_state,1789558478.556889,1789558478.556889,m2b_algorithm_state_v1:header6+3x20,"[1.0,-0.15,0.52,0.03553300486089745,0.04726316161556366,1789558478.55676,0.035444618868988746,0.04725244593183669,0.029361745600000003,0.033601502923438824,-0.0013166236321182877,-0.0011492718502597694,-0.004339973662257464,0.03442349226420051,0.04667119215931268,-0.0010211266047882375,-0.0005812537725240069,-0.0005822557480293629,1.003454242421895,3.4277732381625503e-07,-0.0018586640040146598,0.04043481766096621,0.04043481766096621,0.16,0.9982791487954438,3.439613597894448e-07,0.034542518749493975,0.046477121825737586,0.030249957925000005,0.03520190751016913,-0.0015342405972916806,-0.0013440799860960154,0.0017764246500000039,0.034082718335854884,0.04323467296917265,-0.0004598004136390915,-0.003242448856564939,-0.00327443496253984,1.0199421564828621,1.127481901474171e-05,-0.0038491854795887044,0.04998914839785409,0.04998914839785409,0.16,0.9902315647307619,1.1499663219849639e-05,0.035174659227290885,0.0470458777057345,0.029361745600000003,0.03349272373241677,-0.0013418504548963674,-0.001089170897057669,-0.003131857194217353,0.03524580791102522,0.04961043926434361,7.114868373433308e-05,0.0025645615586091103,0.0025454148392036156,0.9851934945566242,6.639745498822781e-06,0.002634350693871532,0.02280610053014223,0.02280610053014223,0.16,1.0075220428162055,6.541434070951832e-06]"
/multi_agv/m2b_algorithm_state,1789558478.5670462,1789558478.5670462,m2b_algorithm_state_v1:header6+3x20,"[1.0,-0.15,0.52,0.036023881368442166,0.047607034148328904,1789558478.5668862,0.03592520721333283,0.04758863588285744,0.029361745600000003,0.03360904757675595,-0.0013217895325903658,-0.0011498849382358504,-0.004339214405872756,0.03483606772500525,0.04723909975953735,-0.0010891394883275826,-0.00034953612332008777,-0.0003498966639601345,1.0020653419512067,1.2362028175828722e-07,-0.0017113210243696127,0.03982715137852766,0.03982715137852766,0.16,0.9989695796582736,1.238755999122226e-07,0.03501961236518732,0.04681750983007216,0.030249957925000005,0.03519245468807204,-0.0015401774871303953,-0.0013369553564745174,0.0017764246500000039,0.03488342126160556,0.044543947810345444,-0.000136191103581762,-0.002273562019726713,-0.002289133385134818,1.0138009442393419,5.521421685571976e-06,-0.0024593722646120207,0.044794826215116504,0.044794826215116504,0.16,0.9931977028908746,5.597622518376448e-06,0.03565419500417221,0.047383339133761394,0.029361745600000003,0.03349455001062068,-0.0013471112605398525,-0.0010872624361937021,-0.003131363677567293,0.03556411611847408,0.04795523488365684,-9.007888569813327e-05,0.0005718957498954472,0.0005709344005570093,0.9966443458975568,3.3002674489427377e-07,0.0004583357934343427,0.03160281051070679,0.03160281051070679,0.16,1.0016838175060043,3.2891928929385333e-07]"
/multi_agv/m2b_algorithm_state,1789558478.5770226,1789558478.5770226,m2b_algorithm_state_v1:header6+3x20,"[1.0,-0.15,0.52,0.03651218316821444,0.04794654588080346,1789558478.5768993,0.036417580827679354,0.04793077324082897,0.029361745600000003,0.03359293373179677,-0.0013271044385691124,-0.0011401980895222909,-0.0043389667294766055,0.03555606288179115,0.049830285174053225,-0.0008615179458882002,0.0018995119332242544,0.0018890570703588932,0.9890605391143656,3.6304256621384735e-06,0.0008121596379986429,0.02980637717328547,0.02980637717328547,0.16,1.0055344346284758,3.5907107626093064e-06,0.03550853318547505,0.04716356736196077,0.030249957925000005,0.03518423628864471,-0.0015460445489013513,-0.0013304003591044083,0.0017764246500000039,0.03532771916741453,0.044543947810345444,-0.00018081401806051972,-0.0026196195516153264,-0.0026402662122878328,1.0158999926854482,7.310610751856515e-06,-0.0028662837348634824,0.04633570593145783,0.04633570593145783,0.16,0.9921800837444283,7.4268494093371926e-06,0.03614553009217209,0.04772676184219698,0.029361745600000003,0.03348064515098016,-0.0013524418947549856,-0.0010785205545226374,-0.0031312026879097964,0.03591858474536339,0.04673822641061317,-0.00022694534680869904,-0.000988535431583809,-0.00099142725049255,1.0058697974270723,9.845445367250524e-07,-0.0012751089340034237,0.03841916893828457,0.03841916893828457,0.16,0.9970831758887966,9.903236137135593e-07]"
/multi_agv/m2b_algorithm_state,1789558478.58704,1789558478.58704,m2b_algorithm_state_v1:header6+3x20,"[1.0,-0.15,0.52,0.03700523555865736,0.0482868952731006,1789558478.5868685,0.03690734806482035,0.04826849210715083,0.029361745600000003,0.033589238905452914,-0.0013322076769223873,-0.001135986468517233,-0.004339219984645742,0.036232798940864924,0.05177304839619367,-0.0006745491239554258,0.0035045562890428372,0.0034694614336659843,0.9802008500970992,1.2301476115929901e-05,0.002626275028721702,0.022434752378943795,0.022434752378943795,0.16,1.0101153611440408,1.2057917346283652e-05,0.03599492136387626,0.04750539683427296,0.030249957925000005,0.0351749471717728,-0.0015517854130145392,-0.0013234471395914826,0.0017764246500000039,0.03566586007679442,0.04391915870092931,-0.00032906128708184296,-0.003586238133343654,-0.003625045989997077,1.0219005714917746,1.3672927600241265e-05,-0.0040363725988493806,0.05072869957441703,0.05072869957441703,0.16,0.9892945201907759,1.3972372528652207e-05,0.03663428007594671,0.04806574870098657,0.029361745600000003,0.03347504219554506,-0.0013575975716238258,-0.0010734557753368,-0.003131367303769733,0.03636871120804845,0.04701253148377464,-0.00026556886789826095,-0.0010532172172119311,-0.0010564898815654006,1.0062362010402495,1.1144735287695157e-06,-0.0013884509664382268,0.03883997189233703,0.03883997189233703,0.16,0.9969023230505337,1.1214236097489586e-06]"
/multi_agv/m2b_algorithm_state,1789558478.5969486,1789558478.5969486,m2b_algorithm_state_v1:header6+3x20,"[1.0,-0.15,0.52,0.03750105328201155,0.04862669049681142,1789558478.5968113,0.03740184057092499,0.04860706807952425,0.029361745600000003,0.033582369904988266,-0.0013372857110431498,-0.0011304159527950133,-0.004339973672599794,0.03627184787663007,0.049508919092335894,-0.0011299926942949165,0.0009018510128116428,0.0008994952066396099,0.9947910857051552,8.145990744118758e-07,-0.0005129956612290357,0.03500534820407935,0.03500534820407935,0.16,1.0026190313796488,8.103558976486045e-07,0.036486093146316415,0.04784802736463488,0.030249957925000005,0.035165794409007314,-0.0015574272370228529,-0.0013166037253971793,0.0017764246500000039,0.03610332590438172,0.04391915870092931,-0.00038276724193469364,-0.003928868663705572,-0.00397538890379575,1.0239906185868772,1.6366597687503004e-05,-0.004453847956214117,0.052276006382974215,0.052276006382974215,0.16,0.9882979398453924,1.6759242490188756e-05,0.037127772958730695,0.048405590375142686,0.029361745600000003,0.03346730835211116,-0.0013627049217820918,-0.0010674949011187287,-0.003131857200939869,0.03704358910988794,0.04888223786888145,-8.41838488427546e-05,0.00047664749373876186,0.0004759862315762505,0.9972297078924435,2.2723043766806614e-07,0.00037075642052280725,0.03193173905299945,0.03193173905299945,0.16,1.001389246408077,2.2660094297999767e-07]"
/multi_agv/m2b_algorithm_state,1789558478.6069684,1789558478.6069684,m2b_algorithm_state_v1:header6+3x20,"[1.0,-0.15,0.52,0.0380012729212924,0.048967066737285514,1789558478.6068618,0.03789907177549829,0.048945090048211556,0.029361745600000003,0.033578191187422536,-0.0013422901352372432,-0.001126045716552641,-0.004341229331560222,0.036610162041662966,0.047983608064983495,-0.0012889097338353236,-0.0009614819832280616,-0.0009641832784265155,1.0056368374807412,9.25092407421824e-07,-0.0025753204457206703,0.04309291033145164,0.04309291033145164,0.16,0.9971983592135487,9.303070029771284e-07,0.0369800652209412,0.04819011031293859,0.030249957925000005,0.035156471468799425,-0.0015629641832110436,-0.0013097405516184768,0.0017764246500000039,0.03668406513174819,0.04574800156470009,-0.00029600008919301174,-0.0024421087482385043,-0.0024598436973314068,1.0146417389834377,6.295424790625995e-06,-0.0028298438088226715,0.04611815811451799,0.04611815811451799,0.16,0.9927902130073782,6.387600757200204e-06,0.03762402284959516,0.048744871129284106,0.029361745600000003,0.03346133700405559,-0.0013677316037415295,-0.0010623369976282071,-0.003132673379264145,0.03776534061204103,0.04992295309210956,0.00014131776244587224,0.0011780819628254557,0.0011740749511596484,0.9932236840172421,1.3831094633538392e-06,0.0013507221542169887,0.028094708854050826,0.028094708854050826,0.16,1.003412909594783,1.373737076591411e-06]"
/multi_agv/m2b_algorithm_state,1789558478.6169891,1789558478.6169891,m2b_algorithm_state_v1:header6+3x20,"[1.0,-0.15,0.52,0.038503618620448016,0.04930645942536688,1789558478.6168234,0.03840067967523094,0.04928370969156003,0.029361745600000003,0.033570520754733574,-0.0013472611215651067,-0.0011201835241099376,-0.004342978443176913,0.037045657279670983,0.04813257630301475,-0.0013550223955599572,-0.0011511333885452849,-0.0011549968387891676,1.0067379136211352,1.3224503967009239e-06,-0.002848774833239114,0.04412163429153647,0.04412163429153647,0.16,0.9966550122787065,1.3313609532421307e-06,0.03747847209960994,0.04853274482791839,0.030249957925000005,0.03514723570890647,-0.001568402465047386,-0.0013029657281013532,0.0017764246500000039,0.037298551059868214,0.0479147738590108,-0.00017992103974172335,-0.0006179709689075885,-0.0006190890625578428,1.0036259643032925,4.011770862818474e-07,-0.000843990362234997,0.03840804281117367,0.03840804281117367,0.16,0.9981939696275127,4.0263174007600433e-07,0.03812466698903632,0.0490847456923781,0.029361745600000003,0.03345304743019577,-0.0013727047555479937,-0.0010562046659672317,-0.003133810301814994,0.03820264857457032,0.04804592707603585,7.798158553400103e-05,-0.001038818616342245,-0.0010419690367654048,1.006086168552326,1.0747720160172411e-06,-0.0009444920548479035,0.037247006060305836,0.037247006060305836,0.16,0.9969764740486534,1.0813132596620452e-06]"
/multi_agv/m2b_algorithm_state,1789558478.6278372,1789558478.6278372,m2b_algorithm_state_v1:header6+3x20,"[1.0,-0.15,0.52,0.0390137495876682,0.04964872034950666,1789558478.6276388,0.038904387196792685,0.049621341209218885,0.029361745600000003,0.03357164647422992,-0.001352144999427866,-0.0011181674072646194,-0.004345241878444034,0.03791459055801884,0.04995242584767173,-0.0009897966387738474,0.00033108463845284847,0.0003307692408506506,0.9980968341570509,1.089448493716086e-07,-0.0009064765576166587,0.03664708598071396,0.03664708598071396,0.16,1.0009535276054895,1.0873750925551932e-07,0.03797903982578654,0.04887441402418418,0.030249957925000005,0.03513774961011933,-0.0015737363839844268,-0.0012961362035480845,0.0017764246500000039,0.037842252384801364,0.04830478418547592,-0.00013678744098517825,-0.0005696298387082577,-0.0005705762246471793,1.0033290451918584,3.398388675341861e-07,-0.0007415605258786521,0.03801571705933729,0.03801571705933729,0.16,0.9983413505539829,3.409702064821574e-07,0.03862742883876483,0.04942362304269756,0.029361745600000003,0.033450518066873755,-0.0013775889931187026,-0.001052607254528189,-0.003135281534738625,0.0384478816476148,0.046451807676990156,-0.00017954719115002848,-0.0029718153657074045,-0.0029978392067508304,1.0176862157691295,8.788663743689996e-06,-0.003222273195688366,0.04597408845807245,0.04597408845807245,0.16,0.9913191337998307,8.944101946983224e-06]"
/multi_agv/m2b_algorithm_state,1789558478.637609,1789558478.637609,m2b_algorithm_state_v1:header6+3x20,"[1.0,-0.15,0.52,0.0395200660973604,0.04998599049185636,1789558478.6374161,0.03941585703696385,0.04996189015191665,0.029361745600000003,0.03355493198731752,-0.0013570752490956383,-0.0011084170305000998,-0.004347959852875597,0.03861640538758034,0.051058217251856136,-0.0007994516493835049,0.0010963270999394883,0.0010928981641127517,0.9937671750234414,1.1898322119992739e-06,9.358360238337056e-05,0.03272275890588222,0.03272275890588222,0.16,1.0031374705707556,1.1824161960704109e-06,0.038487422197485466,0.04921885069802274,0.030249957925000005,0.035128857787848466,-0.0015789821705482071,-0.0012896089544517791,0.0017764246500000039,0.038194586765026864,0.0468084243949899,-0.0002928354324586019,-0.002410426303032835,-0.002427519148102164,1.0142955415130144,6.078410779405476e-06,-0.0027935634386754165,0.04595404638094284,0.04595404638094284,0.16,0.9929587187467945,6.165304953035621e-06,0.03913796952855529,0.04976542019858061,0.029361745600000003,0.03343621789286415,-0.0013824726180681436,-0.0010439230223702354,-0.0031370482181191407,0.039013941224067164,0.04758515509130411,-0.0001240283044881274,-0.002180265107276501,-0.002194150090078365,1.0128287754511835,4.7120416583983995e-06,-0.0023491854706885243,0.042622432377805025,0.042622432377805025,0.16,0.9936718172267931,4.772491382750615e-06]"
/multi_agv/m2b_algorithm_state,1789558478.647444,1789558478.647444,m2b_algorithm_state_v1:header6+3x20,"[1.0,-0.15,0.52,0.04003384558350529,0.0503259031343797,1789558478.647343,0.039923483850486004,0.05029738855141778,0.029361745600000003,0.033556159829634176,-0.0013617807102161475,-0.0011065367063298852,-0.004351183528604568,0.03917543589457848,0.05106879159333085,-0.0007480479559075215,0.0007714030419130741,0.0007697076520700206,0.9956155269953012,5.877550414924413e-07,-0.00016535229281438126,0.03379679032957795,0.03379679032957795,0.16,1.0022026412735978,5.851780453796421e-07,0.03899202846234608,0.04955843832939476,0.030249957925000005,0.03511884633960051,-0.001584112905042942,-0.0012826564873848062,0.0017764246500000039,0.03857683929465639,0.04731356063396851,-0.00041518916768969183,-0.0022448776954262506,-0.0022596354919819416,1.0132455788360912,5.255721456648583e-06,-0.0027786219515940564,0.04583141190323629,0.04583141190323629,0.16,0.9934689481520107,5.325336529543158e-06,0.039644685979249104,0.050102144594756544,0.029361745600000003,0.033433858113580496,-0.0013871777533651158,-0.0010404908326902343,-0.00313914360734297,0.039786372001707815,0.04941446143084141,0.00014168602245871048,-0.0006876831639151329,-0.0006890462464847826,1.0039732532380627,4.6681173587095043e-07,-0.0005119387184113945,0.03555100717141053,0.03555100717141053,0.16,0.9980217836225019,4.686664971120654e-07]"
/multi_agv/m2b_algorithm_state,1789558478.6575985,1789558478.6575985,m2b_algorithm_state_v1:header6+3x20,"[1.0,-0.15,0.52,0.040551813590639085,0.05066623194086469,1789558478.65747,0.040438550314620715,0.05063557898907619,0.029361745600000003,0.03355204967523842,-0.0013665285216918946,-0.0011023273101153745,-0.004354892853925959,0.03955469362753383,0.049652725616858094,-0.0008838566870868828,-0.0009828533722180954,-0.0009856278635225237,1.0056640734984787,9.532341282698639e-07,-0.002090448722381127,0.04136550443805362,0.04136550443805362,0.16,0.9971850518769706,9.586333164336427e-07,0.03950412784809024,0.04990056875988704,0.030249957925000005,0.035109419084713336,-0.0015891532062451627,-0.0012760031234779617,0.0017764246500000039,0.03904445473324979,0.04731356063396851,-0.00045967311484045037,-0.0025870081259185343,-0.002606582477307756,1.015262360765384,6.961551533713921e-06,-0.003181173870858319,0.04735368435263973,0.04735368435263973,0.16,0.9924904154924578,7.067801244708274e-06,0.04015885858780492,0.050441561654175855,0.029361745600000003,0.033427867263076186,-0.0013918801044569716,-0.001035490656012785,-0.0031415546688018754,0.04035660350941779,0.049714576360315565,0.00019774492161286905,-0.0007269852938602897,-0.000728503715951289,1.0041873129871277,5.202428327160061e-07,-0.00048132256393520264,0.035453897127422494,0.035453897127422494,0.16,0.9979156975348896,5.22421252285898e-07]"
/multi_agv/m2b_algorithm_state,1789558478.6669617,1789558478.6669617,m2b_algorithm_state_v1:header6+3x20,"[1.0,-0.15,0.52,0.04107045870906481,0.05100465610321119,1789558478.6668332,0.04095778105023299,0.05097420244543504,0.029361745600000003,0.0335428323966071,-0.001371239948003864,-0.001095929082408389,-0.004359053130123082,0.03955338695992954,0.048284121948871286,-0.0014043940903034485,-0.002690080496563753,-0.002711027274594608,1.0157119494947153,7.1322176181110226e-06,-0.0044665198874739185,0.05031119774573237,0.05031119774573237,0.16,0.9922734904856362,7.244278661112102e-06,0.04002044734833186,0.05024308808379023,0.030249957925000005,0.03510006849399503,-0.0015940987269216847,-0.0012694315712233756,0.0017764246500000039,0.03999771058077529,0.05302053970678437,-2.2736767556569282e-05,0.0027774516229941426,0.002755747737485048,0.984513163389296,7.95630029094099e-06,0.0027273267780393365,0.023970831406065617,0.023970831406065617,0.16,1.007875860774144,7.833082368309489e-06,0.04067721237335241,0.050781405293368796,0.029361745600000003,0.03341852879717122,-0.0013965281408724424,-0.0010290714186265114,-0.0031442588483300057,0.040386599463804115,0.04833893854444325,-0.00029061290954829344,-0.002442466748925544,-0.002459740859725273,1.0142590476695077,5.865224982186013e-06,-0.0028230069966606397,0.04436146872633849,0.04436146872633849,0.16,0.9929772639538709,5.948857504799391e-06]"
/multi_agv/m2b_algorithm_state,1789558478.6771111,1789558478.6771111,m2b_algorithm_state_v1:header6+3x20,"[1.0,-0.15,0.52,0.04159329920021957,0.05134351573500057,1789558478.6770048,0.041477663778788275,0.0513109069240505,0.029361745600000003,0.03353926808362332,-0.0013758365176415356,-0.001092033169156085,-0.004363682346104321,0.040279021113613665,0.05130351129911935,-0.0011986426651746096,-7.395624931148814e-06,-7.395779935785861e-06,1.0000419189470913,5.3616960669531375e-11,-0.0015056991114040478,0.03888757846538187,0.03888757846538187,0.16,0.9999790414752207,5.3619208236068874e-11,0.04053747722320223,0.05058374545643764,0.030249957925000005,0.0350903034252001,-0.0015989444575877435,-0.0012627319403206438,0.0017764246500000039,0.0405236941113279,0.05302053970678437,-1.3783111874332565e-05,0.0024367942503467355,0.0024201092123390037,0.9864148342103157,6.108671367085662e-06,0.002402880322496088,0.025311394073800394,0.025311394073800394,0.16,1.006894332670056,6.025684053809106e-06,0.04119623512520393,0.05111931592914542,0.029361745600000003,0.03341297188103795,-0.0014010715431573926,-0.0010243403011550422,-0.003147267838717811,0.04076830138194584,0.047278173906564525,-0.0004279337432580854,-0.0038411420225808943,-0.0038841124640643003,1.0226589114803721,1.4485024461061572e-05,-0.004419029643136907,0.050390426503671655,0.050390426503671655,0.16,0.9889368699076126,1.481323934811579e-05]"
/multi_agv/m2b_algorithm_state,1789558478.6869504,1789558478.6869504,m2b_algorithm_state_v1:header6+3x20,"[1.0,-0.15,0.52,0.04211946732604314,0.051682238231224774,1789558478.686819,0.04200171790294968,0.05164806693545769,0.029361745600000003,0.03353446031748602,-0.001380400881766703,-0.0010876161979258732,-0.00436876499303575,0.041006822971260154,0.05336309707072532,-0.0009948949316895273,0.0017150301352676298,0.0017068167941516044,0.9904757094089277,2.87027219913514e-06,0.00046319812953969533,0.03109043974205355,0.03109043974205355,0.16,1.0048120812638874,2.842934892635101e-06,0.0410587338503161,0.05092480550986699,0.030249957925000005,0.035080654065166104,-0.001603696049710411,-0.0012561306754007226,0.0017764246500000039,0.04094960640563518,0.05128984086843662,-0.00010912744468092456,0.00036503535856962505,0.00036465715078473225,0.997930313676672,1.3698292921525665e-07,0.00022824784493357655,0.03410376035771735,0.03410376035771735,0.16,1.0010371599297558,1.3669941752013043e-07,0.041719445847392934,0.05145767475967702,0.029361745600000003,0.03340657884430343,-0.001405564159730143,-0.0010192737917636705,-0.00315057155922324,0.04143114997995236,0.0496403265689768,-0.0002882958674405717,-0.001817348190700216,-0.0018268060307358295,1.0104708350289164,3.2270549751888043e-06,-0.002187175865036544,0.04188773536215826,0.04188773536215826,0.16,0.9948227453399616,3.26084493546325e-06]"
/multi_agv/m2b_algorithm_state,1789558478.6970103,1789558478.6970103,m2b_algorithm_state_v1:header6+3x20,"[1.0,-0.15,0.52,0.04265009762985869,0.05202155843890682,1789558478.696863,0.04252907582587783,0.05198510203443825,0.029361745600000003,0.03353142335587589,-0.0013849136612202975,-0.0010839910483069466,-0.004374303571244058,0.04145560220727827,0.05345625334900997,-0.0010734736185995589,0.0014711513145717198,0.001465119149329293,0.9918389150834852,2.106896806480593e-06,0.00012327712607984446,0.032420206989670096,0.032420206989670096,0.16,1.0041171840837575,2.0897022427325712e-06,0.041583349387207896,0.05126571344156917,0.030249957925000005,0.035070997328516984,-0.001608353816505717,-0.0012495743689668187,0.0017764246500000039,0.041424822348583155,0.05193301530642406,-0.00015852703862474088,0.0006673018648548912,0.0006660449170834852,0.9962409964675014,4.5628892488222e-07,0.0004678861188025591,0.03310115014242634,0.03310115014242634,0.16,1.0018871816887516,4.5457373320174775e-07,0.04224597676504368,0.051795899217666905,0.029361745600000003,0.03340134489052427,-0.0014099938369361489,-0.0010147405397062303,-0.0031541716350586392,0.04226040794280208,0.05130150556643621,1.4431177758400526e-05,-0.0004943936512306971,-0.000495085096779752,1.0028016960034947,2.3784884456656466e-07,-0.00047704612458175134,0.03531121338810814,0.03531121338810814,0.16,0.9986033804015666,2.385152247238226e-07]"
/multi_agv/m2b_algorithm_state,1789558478.7069569,1789558478.7069569,m2b_algorithm_state_v1:header6+3x20,"[1.0,-0.15,0.52,0.04318470829017493,0.0523611555237343,1789558478.7068105,0.043060872563278105,0.052322757551989556,0.029361745600000003,0.03352768823434839,-0.001389400444392671,-0.001080077333025658,-0.004380284299308308,0.041791236753417525,0.05123369413333073,-0.0012696358098605795,-0.0010890634186588241,-0.0010924134931347522,1.0061742863294425,1.1545290005781835e-06,-0.0026794582554604766,0.04346077856154884,0.04346077856154884,0.16,0.9969333274469955,1.1616573932033982e-06,0.04211245757325156,0.05160718126323568,0.030249957925000005,0.03506149442550762,-0.001612920169821376,-0.0012431315270134413,0.0017764246500000039,0.04217682819602137,0.054393704138735545,6.437062276980904e-05,0.0027865228754998667,0.0027649830918284163,0.9846807397454351,7.915525664023023e-06,0.0028454463702906776,0.02350363917146204,0.02350363917146204,0.16,1.007790204480855,7.794265666324167e-06,0.0427769627530464,0.05213473650149524,0.029361745600000003,0.03339562527774377,-0.0014143771787341174,-0.0010100210853709332,-0.003158059108300402,0.04290730682226289,0.05209523069880341,0.00013034406921649117,-3.950580269183185e-05,-3.951018915264791e-05,1.0002220954943923,1.5138107264441475e-09,0.00012341989736796606,0.032975365038818025,0.032975365038818025,0.16,0.9998889789973134,1.5141469369858535e-09]"
/multi_agv/m2b_algorithm_state,1789558478.7169278,1789558478.7169278,m2b_algorithm_state_v1:header6+3x20,"[1.0,-0.15,0.52,0.04371953772618369,0.05269862916975381,1789558478.7167976,0.04359662658742296,0.0526607080099925,0.029361745600000003,0.03351870631191521,-0.0013938501762170755,-0.0010739144811937479,-0.004386650638490539,0.04213270121072069,0.05144027935414143,-0.0014639253767022645,-0.0012204286558510705,-0.0012246246053286437,1.0069038446891083,1.4459101927812821e-06,-0.0030545313262064742,0.04482360959719452,0.04482360959719452,0.16,0.9965736851445612,1.4558925321866428e-06,0.042645576209167445,0.051948898763949876,0.030249957925000005,0.03505207302962409,-0.0016173962430224634,-0.0012367702793532748,0.0017764246500000039,0.0427185767067227,0.054393704138735545,7.300049755525756e-05,0.002444805374785669,0.0024282460667399276,0.986561733261731,6.0778230430425044e-06,0.0025194966886839996,0.02485086945396326,0.02485086945396326,0.16,1.006819452226262,5.996147635802101e-06,0.043311922073934396,0.052473859797260526,0.029361745600000003,0.03338648536895149,-0.0014187073872126968,-0.001003850368474982,-0.003162197228768853,0.04333818643927964,0.05114064299520916,2.6264365345245178e-05,-0.001333216802051368,-0.0013382375649390315,1.0075649033243639,1.72135456922169e-06,-0.001305407108257475,0.03857571965961553,0.03857571965961553,0.16,0.996248227505187,1.734376450124804e-06]"
/multi_agv/m2b_algorithm_state,1789558478.727156,1789558478.727156,m2b_algorithm_state_v1:header6+3x20,"[1.0,-0.15,0.52,0.04426755348840489,0.053042224824934335,1789558478.7270432,0.04413257646107756,0.05299652086667614,0.029361745600000003,0.033528554460188306,-0.0013981825132731202,-0.0010759518594878079,-0.004393551637525009,0.042801692848725356,0.05428641272076504,-0.0013308836123522017,0.0012898918540888982,0.0012852973727151985,0.9929062890955934,1.6074145427040617e-06,-0.0003783071427250536,0.03429602352507021,0.03429602352507021,0.16,1.0035746446474048,1.5960120086345801e-06,0.043178944111093645,0.052288537801407596,0.030249957925000005,0.03504223129821045,-0.0016217808452701349,-0.001230274105038627,0.0017764246500000039,0.04289762175857604,0.053249121403690626,-0.0002813223525176059,0.00096058360228303,0.0009580113097680573,0.9946611843824174,9.370488573878879e-07,0.0006063583691210499,0.0324412759254573,0.0324412759254573,0.16,1.0026850335572715,9.320461263136275e-07,0.04384709260637987,0.05281082884117768,0.029361745600000003,0.03338971561144443,-0.0014229343595852997,-0.0010030799515535083,-0.003166682878141258,0.0437251163747704,0.05119283557611659,-0.00012197623160947052,-0.0016179932650610893,-0.0016253760857603335,1.009174600433163,2.529696720961788e-06,-0.0017778463752721717,0.04035623893950875,0.04035623893950875,0.16,0.9954577769637907,2.552905677593695e-06]"
/multi_agv/m2b_algorithm_state,1789558478.7371128,1789558478.7371128,m2b_algorithm_state_v1:header6+3x20,"[1.0,-0.15,0.52,0.04480623117425842,0.05337766601354125,1789558478.7370403,0.044681689563949994,0.05333855724405274,0.029361745600000003,0.033505712641190136,-0.0014026796107708705,-0.0010637725238202193,-0.004400686660589969,0.04359627034529533,0.056123440216280504,-0.001085419218654661,0.002784882972227766,0.0027637502634222507,0.9849613493515849,7.456296633743137e-06,0.0014069762401039245,0.0271461597635303,0.0271461597635303,0.16,1.0076463887078377,7.34416399353732e-06,0.04372552711313441,0.0526340878396007,0.030249957925000005,0.03503375022882708,-0.0016260791258114193,-0.0012244109560009125,0.0017764246500000039,0.04333581190424279,0.0529381725241565,-0.00038971520889162503,0.000304084684555804,0.0003038267212181362,0.998305039796376,9.369675630711588e-08,-0.0001833172898963951,0.03554859211455141,0.03554859211455141,0.16,1.000849047564459,9.353794403396667e-08,0.04439544378813025,0.05315402939114957,0.029361745600000003,0.03337134888119006,-0.0014272348434002588,-0.0009929355720473395,-0.0031713206431334805,0.044408805411589355,0.054551791528439614,1.3361623459107186e-05,0.0013977621372900442,0.0013923796805709475,0.9923337354929019,1.876196404250752e-06,0.0014090817098948315,0.027690344336011804,0.027690344336011804,0.16,1.0038656530213725,1.8618129863484994e-06]"
/multi_agv/m2b_algorithm_state,1789558478.7470753,1789558478.7470753,m2b_algorithm_state_v1:header6+3x20,"[1.0,-0.15,0.52,0.045356209533831925,0.05371799933382316,1789558478.7469122,0.04522144404322624,0.05367233816210971,0.029361745600000003,0.0335135041195206,-0.001406851460944076,-0.0010650034844773418,-0.004408310596853215,0.044120850102306694,0.05569033791025878,-0.0011005939409195475,0.00201799974814907,0.0020068860854844666,0.9890582022361168,3.909424246114541e-06,0.0006311436593350321,0.03032327464840691,0.03032327464840691,0.16,1.0055377645721832,3.866648116640335e-06,0.04426280057350056,0.052971720821127,0.030249957925000005,0.035023521595637076,-0.0016302918022735938,-0.001217835577242754,0.0017764246500000039,0.043938669185832946,0.05392331307011731,-0.0003241313876676116,0.0009515922489903086,0.0009490855246455555,0.994747957443565,9.143304279786973e-07,0.000543921290061041,0.032649859115416534,0.032649859115416534,0.16,1.002641199638662,9.095283256603097e-07,0.04493444890604847,0.053488939057387046,0.029361745600000003,0.033373388076203936,-0.001431303792627651,-0.0009917315365926306,-0.003176276201704591,0.04525163865557895,0.05649067721531741,0.0003171897495304818,0.003001738157930367,0.002977259134698336,0.9838499790872078,8.616697601505133e-06,0.0033737463216114384,0.01979586041746707,0.01979586041746707,0.16,1.0082219995386834,8.47753775504162e-06]"
/multi_agv/m2b_algorithm_state,1789558478.7569616,1789558478.7569616,m2b_algorithm_state_v1:header6+3x20,"[1.0,-0.15,0.52,0.045903768616374345,0.054054618935736064,1789558478.7568574,0.04577247581483446,0.054011098400694846,0.029361745600000003,0.033501407254601316,-0.0014111494472316241,-0.001057571267739922,-0.004416219649117824,0.04447785033830062,0.05469782275039589,-0.0012946254765338339,0.0006867243497010456,0.0006854306270931476,0.9962406834473273,4.520354867031769e-07,-0.0009328512185741447,0.03651629528067283,0.03651629528067283,0.16,1.0018874595863692,4.503361422156182e-07,0.04481140440254387,0.05331406829075877,0.030249957925000005,0.035014418956970335,-0.001634415393864136,-0.0012117931291931658,0.0017764246500000039,0.04447681376661317,0.05392331307011731,-0.00033459063593069965,0.0006092447793585379,0.0006082186007538542,0.9966380451071344,3.738498752194131e-07,0.00018998030584047964,0.03406199770436232,0.03406199770436232,0.16,1.001687187145233,3.72593008802222e-07,0.045484748384117424,0.05382883131001586,0.029361745600000003,0.03336222433983674,-0.0014354226156284402,-0.0009847940448699088,-0.003181417085676587,0.04561482779365339,0.05613515604384943,0.00013007940953596586,0.002306324733833569,0.0022918593192263323,0.9875504918754515,5.075760901782561e-06,0.0024544585811462896,0.02347049719143455,0.02347049719143455,0.16,1.0063116503207186,5.0125701751975535e-06]"
/multi_agv/m2b_algorithm_state,1789558478.7672296,1789558478.7672296,m2b_algorithm_state_v1:header6+3x20,"[1.0,-0.15,0.52,0.0464617225506343,0.05439549568949109,1789558478.767071,0.046321067896821055,0.05434610969519247,0.029361745600000003,0.03350785500544604,-0.0014152786884271654,-0.0010582431697658138,-0.004424584029475586,0.045015632260600534,0.05514861935948355,-0.0013054356362205213,0.0008025096642910803,0.0008007503868509853,0.9956271050878251,6.158087871194144e-07,-0.0008310441584246664,0.03610915518246961,0.03610915518246961,0.16,1.0021970360164465,6.131159200073473e-07,0.045357616491169275,0.053652795252850764,0.030249957925000005,0.03500457216405872,-0.001638456375615202,-0.0012054710486558914,0.0017764246500000039,0.045382356575013036,0.055637125540559856,2.4740083843760585e-05,0.001984330287709092,0.0019735798356035564,0.9892350175761604,3.948962338800028e-06,0.002004504940408257,0.026895697525886324,0.026895697525886324,0.16,1.0054471837984946,3.906451828630441e-06,0.0460326214611327,0.05416495185916495,0.029361745600000003,0.03336334841142955,-0.0014394090694939592,-0.0009832367785299143,-0.0031868539329091335,0.04591292402146967,0.05418423276319687,-0.00011969743966303015,1.928090403192223e-05,1.9279881350206988e-05,0.9998939243810346,3.5470027842173684e-10,-0.0001303419182285807,0.03381743915870476,0.03381743915870476,0.16,1.0000530439838642,3.546626533701561e-10]"
/multi_agv/m2b_algorithm_state,1789558478.7770684,1789558478.7770684,m2b_algorithm_state_v1:header6+3x20,"[1.0,-0.15,0.52,0.04701894504588672,0.054733733140884006,1789558478.7769382,0.04688003163228494,0.054685456620303025,0.029361745600000003,0.03349833882090785,-0.0014195127273231851,-0.0010519591199182714,-0.0044332216907670315,0.04567932151121699,0.056265021117741294,-0.001200710121067955,0.0015795644974382697,0.0015728073704228322,0.9914885890740239,2.3770734630326735e-06,7.191971908788856e-05,0.03252129978599983,0.03252129978599983,0.16,1.0042962203398251,2.3568412139875696e-06,0.04591425288199451,0.053995621799992545,0.030249957925000005,0.03499571297120514,-0.0016424090059193527,-0.0011996216684956318,0.0017764246500000039,0.04595052536266258,0.05516901980509044,3.6272480668071705e-05,0.0011733980050978934,0.0011696322653242607,0.9936061694102716,1.3781053406310108e-06,0.0012149728661593503,0.03011884968799346,0.03011884968799346,0.16,1.003219592931278,1.3692939685482161e-06,0.046590883137623426,0.0545054086481777,0.029361745600000003,0.03335386231208233,-0.0014434317393031216,-0.000977073718050431,-0.003192468412748572,0.04638316162546539,0.05417147086671208,-0.0002077215121580392,-0.00033393778146561387,-0.0003342441807949119,1.0018370838018622,1.0613477463481155e-07,-0.0005938960709924608,0.035607782858747744,0.035607782858747744,0.16,0.9990833069148151,1.0632975311010746e-07]"
/multi_agv/m2b_algorithm_state,1789558478.786953,1789558478.786953,m2b_algorithm_state_v1:header6+3x20,"[1.0,-0.15,0.52,0.047577138767626655,0.055070419135927216,1789558478.7868176,0.047438244486220166,0.05502214316971389,0.029361745600000003,0.03349187616772425,-0.0014236143019763828,-0.001047063347740537,-0.0044421361640097235,0.04631998080399107,0.05709022184817117,-0.001118263682229094,0.0020680786784572774,0.0020565730939737354,0.9889484837269574,4.0616633475308946e-06,0.000658743491187368,0.030179125379160187,0.030179125379160187,0.16,1.0055945419675365,4.016775808950036e-06,0.04647018375489276,0.05433587129360761,0.030249957925000005,0.03498633006001206,-0.0016462838729818727,-0.0011935855418291827,0.0017764246500000039,0.046175587457343806,0.05337284464522464,-0.0002945962975489519,-0.0009630266483829711,-0.0009655899369279202,1.0053402844101997,9.276424339284859e-07,-0.00133383530886411,0.04012360760238562,0.04012360760238562,0.16,0.9973453653078612,9.325963083566339e-07,0.04714840689654722,0.054843184959330514,0.029361745600000003,0.033346539893208425,-0.0014473456816486993,-0.0009719019042327822,-0.003198262820356323,0.047162784625590884,0.05681714631770878,1.4377729043661691e-05,0.001973961358378268,0.00196345313305855,0.9894219583238683,3.6896171067969528e-06,0.001981425294363127,0.0253272348269878,0.0253272348269878,0.16,1.0053519104392112,3.6505881832722858e-06]"
/multi_agv/m2b_algorithm_state,1789558478.7972405,1789558478.7972405,m2b_algorithm_state_v1:header6+3x20,"[1.0,-0.15,0.52,0.04814011238663237,0.05540788712526886,1789558478.7970557,0.04799740853827157,0.055357276280151635,0.029361745600000003,0.033491022940260545,-0.0014276252530103137,-0.0010446394117222665,-0.0044513688647489945,0.04645638533694197,0.056336205151051026,-0.0015410232013296013,0.0009789288708993912,0.0009763414980539669,0.994730845568008,9.088008116974758e-07,-0.0009499375036080347,0.036439428599048404,0.036439428599048404,0.16,1.0026500695203282,9.04012199872722e-07,0.047027112536051845,0.054674590575397725,0.030249957925000005,0.03497670501802924,-0.001650078694724437,-0.0011874856815884544,0.0017764246500000039,0.04670516963435979,0.05337284464522464,-0.00032194290169205303,-0.0013017459301730844,-0.001306423412333971,1.0072173065337735,1.6907415728489635e-06,-0.0017088520394490372,0.04157469808285454,0.04157469808285454,0.16,0.9964196277280963,1.7029441730496089e-06,0.047706895228556555,0.05517939055223227,0.029361745600000003,0.033342973490255265,-0.0014511773435334002,-0.0009683962328761236,-0.003204264075836848,0.04755405679550682,0.0583489101247154,-0.00015283843304973732,0.003169519572483133,0.0031427327483035962,0.983272220551819,9.475543799791015e-06,0.0029516847069914246,0.021205736150977518,0.021205736150977518,0.16,1.0085234177783637,9.31703899295653e-06]"
/multi_agv/m2b_algorithm_state,1789558478.8071237,1789558478.8071237,m2b_algorithm_state_v1:header6+3x20,"[1.0,-0.15,0.52,0.048713567612701236,0.055749550294646184,1789558478.8070028,0.048561331343415344,0.055693223291798204,0.029361745600000003,0.033497779903272996,-0.0014316263283038594,-0.001045510860110696,-0.004460998712675949,0.046954418068529076,0.055565668413334164,-0.001606913274886268,-0.00012755487846403957,-0.00012759897299020382,1.000691671238345,1.5411714388972747e-08,-0.0021362405665980386,0.041132946583919035,0.041132946583919035,0.16,0.9996544288317458,1.5422374228549187e-08,0.047588848876206416,0.05501403877863638,0.030249957925000005,0.03496734953025671,-0.0016537905312778364,-0.0011815450398974525,0.0017764246500000039,0.04734070297092852,0.05499872139446442,-0.0002481459052778995,-1.5317384171958937e-05,-1.5318024077607565e-05,1.0000835570694093,2.331416092624816e-10,-0.00032550040567498194,0.036129660562673735,0.036129660562673735,0.16,0.9999582253138273,2.3316108989210897e-10,0.048270156940275324,0.055516399305372006,0.029361745600000003,0.03334432739553097,-0.0014549762272002423,-0.00096703471915112,-0.003210523476989369,0.048038406079803746,0.05632699937900935,-0.00023175086047157872,0.0008106000736373409,0.0008088269923664414,0.9956369002951545,6.197754969164355e-07,0.000519138416776968,0.031125407111881952,0.031125407111881952,0.16,1.0021921638219713,6.170713546287689e-07]"
/multi_agv/m2b_algorithm_state,1789558478.816975,1789558478.816975,m2b_algorithm_state_v1:header6+3x20,"[1.0,-0.15,0.52,0.049281304523793874,0.05608565294615651,1789558478.8168826,0.049135712659190534,0.05603344428845352,0.029361745600000003,0.03348220601615762,-0.0014357319585945553,-0.0010366728438722418,-0.004470730947708248,0.04751896977204895,0.055977538557487744,-0.0016167428871415868,-5.5905730965775946e-05,-5.591416732397178e-05,1.0003018620379875,2.9514911077661957e-09,-0.002076842776250955,0.04087766940466954,0.04087766940466954,0.16,0.9998491194879652,2.9523820508870883e-09,0.04816109599242067,0.055357525625946286,0.030249957925000005,0.03495897536962522,-0.0016574148608417272,-0.0011760740060997033,0.0017764246500000039,0.04802827152879968,0.05706571727019232,-0.0001328244636209855,0.0017081916442460363,0.0017003509898265343,0.9908713046139619,2.8863004257170307e-06,0.0015343204103003025,0.02867759083113921,0.02867759083113921,0.16,1.004611197609443,2.859952268338068e-06,0.04884389418649253,0.055857680969538755,0.029361745600000003,0.03333094430006101,-0.001458810803630084,-0.0009592828738162777,-0.0032168494297603618,0.04840198468619355,0.05386318165571955,-0.0004419095002989801,-0.0019944993138192035,-0.002005395008771632,1.0109976777322085,3.75162926842013e-06,-0.002557781884145357,0.04318530912801737,0.04318530912801737,0.16,0.9945668085814664,3.792888478084936e-06]"
/multi_agv/m2b_algorithm_state,1789558478.8270617,1789558478.8270617,m2b_algorithm_state_v1:header6+3x20,"[1.0,-0.15,0.52,0.04986038751927493,0.05642643080604808,1789558478.8269372,0.0497043607516397,0.05636804326850633,0.029361745600000003,0.03349060723542829,-0.0014396090460536627,-0.0010383191078901924,-0.004480836016595078,0.04830612778410026,0.05657540222777959,-0.0013982329675394367,0.00020735895927326276,0.00020724350324795844,0.9988871728348113,4.05037769353299e-08,-0.0015405477061763374,0.03887287573185519,0.03887287573185519,0.16,1.0005571032311986,4.045870323206352e-08,0.04872764549146957,0.05569560450803376,0.030249957925000005,0.03494947024559826,-0.0016609770969729168,-0.001170145314368272,0.0017764246500000039,0.04854290744347597,0.05549150222690502,-0.00018473804799360588,-0.00020410228112873602,-0.0002042152331727563,1.0011075609729088,4.1172063658061905e-08,-0.0004351377931647636,0.03658401132547716,0.03658401132547716,0.16,0.9994468970690118,4.121766422894369e-08,0.049411907328272366,0.05619331106192946,0.029361745600000003,0.03333350454237888,-0.0014624822062763148,-0.0009585085074965312,-0.0032234177245368013,0.04919936957376077,0.05379059502182893,-0.0002125377545115978,-0.0024027160401005263,-0.002418515416924482,1.0132556658525598,5.4334916987234e-06,-0.002684187610063979,0.04378551101296208,0.04378551101296208,0.16,0.9934673243290517,5.505516249094335e-06]"
/multi_agv/m2b_algorithm_state,1789558478.8372116,1789558478.8372116,m2b_algorithm_state_v1:header6+3x20,"[1.0,-0.15,0.52,0.05044202452491542,0.05676660962224219,1789558478.8370955,0.05028433126686284,0.056707405185431624,0.029361745600000003,0.033486579387249395,-0.0014436098270300475,-0.0010345271406780275,-0.004491140131643128,0.04892070668389095,0.05689274633073725,-0.0013636245829718868,0.00018534114530562723,0.0001852492201019031,0.9990086475501572,3.227496550363111e-08,-0.0015192815086129555,0.0388024660254895,0.0388024660254895,0.16,1.0004962245113558,3.224296963751049e-08,0.04930557099631352,0.056038183600651735,0.030249957925000005,0.03494107168533469,-0.001664449568884216,-0.0011647416161890412,0.0017764246500000039,0.049092575744209464,0.05549150222690502,-0.00021299525210405346,-0.0005466813737467144,-0.0005474906404917244,1.002965979328649,2.946566249551475e-07,-0.0008137347056217912,0.03806531229505993,0.03806531229505993,0.16,0.9985218619549675,2.955305704138139e-07,0.04999126029464841,0.05653370363206089,0.029361745600000003,0.03332773681925689,-0.001466201080354116,-0.0009541087002788448,-0.003230115399318034,0.05006349671983281,0.057370951334470774,7.223642518439793e-05,0.0008372477024098865,0.0008353764654173267,0.995542313393677,6.558950804519212e-07,0.0009256719968978241,0.029646116484581424,0.029646116484581424,0.16,1.0022399924704903,6.529713057366376e-07]"
/multi_agv/m2b_algorithm_state,1789558478.8471587,1789558478.8471587,m2b_algorithm_state_v1:header6+3x20,"[1.0,-0.15,0.52,0.05101937063423623,0.057102187343844174,1789558478.847028,0.05086683776957667,0.05704617695815025,0.029361745600000003,0.03347389454683014,-0.0014475511837619115,-0.0010270222551607274,-0.004501494640967368,0.04949216300661189,0.056659840242459764,-0.001374674762964781,-0.00038633671569048705,-0.0003867362134459603,1.0020707621355431,1.3991236865309292e-07,-0.0021050796671519363,0.04110310077923814,0.04110310077923814,0.16,0.998967001947106,1.402020938883939e-07,0.04988607401118546,0.05638016160585597,0.030249957925000005,0.03493260375400269,-0.0016678515411898895,-0.0011593440491586698,0.0017764246500000039,0.0495138228753278,0.05575127661691294,-0.0003722511358576555,-0.0006288849889430279,-0.0006299526849005717,1.0034025504536455,3.8888624282064603e-07,-0.001095266604722641,0.039087784943896045,0.039087784943896045,0.16,0.9983051172204904,3.902094478825719e-07,0.050573161793984134,0.056873490302720354,0.029361745600000003,0.03331641439329187,-0.0014698586015181548,-0.0009473384591782664,-0.0032368458303787904,0.05077299021091714,0.05698368256201531,0.00019982841693300807,0.00011019225929495557,0.00011015980651030749,0.9994111922652656,1.1337427024992569e-08,0.0003599453276765676,0.03198814370540561,0.03198814370540561,0.16,1.0002945973279742,1.1330751460268266e-08]"
/multi_agv/m2b_algorithm_state,1789558478.857506,1789558478.857506,m2b_algorithm_state_v1:header6+3x20,"[1.0,-0.15,0.52,0.051603615868624685,0.05743977202093526,1789558478.8574033,0.05144503939325283,0.05738030234774619,0.029361745600000003,0.03347691390764085,-0.0014513014184588313,-0.0010264066121534513,-0.004512074700778707,0.04982021428268845,0.05601759786356483,-0.0016248251105643804,-0.001362704484181354,-0.0013676893990729347,1.0073490876690636,1.738270662890667e-06,-0.00339872078727841,0.04605151676853314,0.04605151676853314,0.16,0.9963552288297622,1.7510453663848118e-06,0.050462305550792126,0.056717656406028945,0.030249957925000005,0.03492324978593948,-0.0016711952503322969,-0.0011535928134456946,0.0017764246500000039,0.05006886268212004,0.05575127661691294,-0.00039344286867208644,-0.000966379789116005,-0.0009688976518354195,1.0052275084039881,9.160586428299737e-07,-0.0014607012376755277,0.04051044539997115,0.04051044539997115,0.16,0.9974013119810489,9.208473470839134e-07,0.05115076695866372,0.0572086032777574,0.029361745600000003,0.033315603582644314,-0.0014733782078666597,-0.0009451844561654153,-0.003243722869256161,0.05120609950704837,0.05468969441984843,5.5332548384648406e-05,-0.0025189088579089663,-0.0025361028660196316,1.0137656152199286,5.924680814936937e-06,-0.002466937180538821,0.04305330776443729,0.04305330776443729,0.16,0.9932203033476906,6.006237691336252e-06]"
/multi_agv/m2b_algorithm_state,1789558478.867338,1789558478.867338,m2b_algorithm_state_v1:header6+3x20,"[1.0,-0.15,0.52,0.05219182470720623,0.05777762704825403,1789558478.86724,0.052030119181198736,0.05771648679870205,0.029361745600000003,0.033475842659998964,-0.0014550886065510535,-0.001024002882764317,-0.0045228023798626095,0.05049004664691911,0.05720122393722357,-0.001540072534279624,-0.0005152628614784813,-0.0005159691033621108,1.0027459388863447,2.4770469911559276e-07,-0.0024410597712116408,0.042346194311878964,0.042346194311878964,0.16,0.9986312322210233,2.4838488108122456e-07,0.051045463398631044,0.05705706289972998,0.030249957925000005,0.034914459440235454,-0.0016744574099809006,-0.0011481273636158446,0.0017764246500000039,0.050805205063168365,0.058402706982817784,-0.0002402583354626786,0.0013456440830878075,0.0013408528176066263,0.9929102856650142,1.7672285045564435e-06,0.001040529898278278,0.030579576182654784,0.030579576182654784,0.16,1.0035732970973903,1.754699359294494e-06,0.05173526502604425,0.057545766364373745,0.029361745600000003,0.033312043900870426,-0.0014768949111683104,-0.0009418431991116572,-0.003250695860660697,0.05129572243195495,0.0530887310780159,-0.0004395425940892997,-0.004457035286357845,-0.004511370849726483,1.0247425987384915,1.8534663716302552e-05,-0.005060799092338108,0.05273521129948537,0.05273521129948537,0.16,0.9879558641533687,1.8993259463387905e-05]"
/multi_agv/m2b_algorithm_state,1789558478.8773353,1789558478.8773353,m2b_algorithm_state_v1:header6+3x20,"[1.0,-0.15,0.52,0.05278023140923858,0.05811357927006792,1789558478.8771996,0.05261914410816128,0.05805296739808713,0.029361745600000003,0.03347000831466005,-0.0014588525658076673,-0.001019551223015936,-0.004533581835714099,0.05128095146080633,0.05853164941138902,-0.0013381926473549494,0.0004786820133018885,0.0004780786022039696,0.9974828316882538,2.1301246540238485e-07,-0.001194662206989717,0.037506807352529724,0.037506807352529724,0.16,1.001262158764557,2.1247627717446703e-07,0.05163260901856439,0.05739670213210016,0.030249957925000005,0.034905843890920815,-0.0016776470659255194,-0.0011427747484616183,0.0017764246500000039,0.05138752140090361,0.058402706982817784,-0.00024508761766078163,0.0010060048507176261,0.0010033305508906955,0.994700885398228,9.853654675480887e-07,0.0006969710288147184,0.03196082222678913,0.03196082222678913,0.16,1.0026654225016436,9.801439030109228e-07,0.05232372099489302,0.057883211614574805,0.029361745600000003,0.03330540557397366,-0.0014803735328228025,-0.0009371901288965246,-0.0032577025069641663,0.05193685894669799,0.054304419990317765,-0.00038686204819502606,-0.0035787916242570397,-0.0036134969955194376,1.0196249840580154,1.1908671803463304e-05,-0.00409707455576322,0.049106753042156254,0.049106753042156254,0.16,0.9903956274751492,1.2142379297758408e-05]"
/multi_agv/m2b_algorithm_state,1789558478.8873963,1789558478.8873963,m2b_algorithm_state_v1:header6+3x20,"[1.0,-0.15,0.52,0.05337555797717423,0.0584515129415275,1789558478.8873324,0.0532083513551604,0.05838754051825323,0.029361745600000003,0.033473323863966696,-0.0014625210401729514,-0.0010191055825851444,-0.0045445089083707025,0.0519049569607431,0.05828786243173623,-0.0013033943944173038,-9.967808651699384e-05,-9.970425879295092e-05,1.0005253082869994,9.220385752036127e-09,-0.0017289472518145807,0.03965232356421697,0.03965232356421697,0.16,0.9997375009224889,9.225229297081002e-09,0.05221997342488105,0.05773446804436204,0.030249957925000005,0.034896949711975725,-0.0016807739530725896,-0.0011373336771176648,0.0017764246500000039,0.05184543689157353,0.057899793507863825,-0.0003745365333075179,0.00016532546350178645,0.00016525309528166773,0.9991250122997704,2.6562155841925087e-08,-0.00030291757135272965,0.03589886688177566,0.03589886688177566,0.16,1.0004379235378034,2.653891428227182e-08,0.05291236944767429,0.058218729247588516,0.029361745600000003,0.03330486014948132,-0.0014837726657484073,-0.0009352127366926192,-0.0032648051041909588,0.05283740702161353,0.05626599713476221,-7.496242606075398e-05,-0.0019527321128263025,-0.001962918158525096,1.0104998919054746,3.531443667345209e-06,-0.0020566211911010384,0.04138762036240041,0.04138762036240041,0.16,0.9948107639360538,3.5685234441226065e-06]"
/multi_agv/m2b_algorithm_state,1789558478.8973515,1789558478.8973515,m2b_algorithm_state_v1:header6+3x20,"[1.0,-0.15,0.52,0.053974188193406235,0.058789334870341624,1789558478.897192,0.05380445825817361,0.05872414697042606,0.029361745600000003,0.03347175554642978,-0.0014662269802069821,-0.0010165284095329363,-0.0045554885045535985,0.0522502491700991,0.05696389155458808,-0.0015542090880745069,-0.0017602554158379774,-0.0017684780075213151,1.0093968026780489,2.8728963704620216e-06,-0.0037112393676144487,0.047292197960642844,0.047292197960642844,0.16,0.9953504699247787,2.899892410769736e-06,0.05281428381077585,0.0580741212940587,0.030249957925000005,0.0348886149454606,-0.001683822499195138,-0.0011321749424064026,0.0017764246500000039,0.05242192683919658,0.057899793507863825,-0.00039235697157927185,-0.000174327786194875,-0.0001744081427526914,1.0009224308438476,2.9463659209063364e-08,-0.0006648543572267812,0.03732477367937409,0.03732477367937409,0.16,0.9995392614327052,2.949083739709042e-08,0.05350793186257324,0.058556270560097747,0.029361745600000003,0.03330105694113912,-0.001487169875478425,-0.0009318274181429166,-0.003271941841709841,0.053293435540130024,0.05636130871832625,-0.00021449632244321254,-0.002194961841771495,-0.00220780661775302,1.0117887670071966,4.451510763245471e-06,-0.0024759270208070355,0.042948570676797804,0.042948570676797804,0.16,0.9941821100280072,4.503988586463399e-06]"
/multi_agv/m2b_algorithm_state,1789558478.9074426,1789558478.9074426,m2b_algorithm_state_v1:header6+3x20,"[1.0,-0.15,0.52,0.05457615499926379,0.05912706659805032,1789558478.9072034,0.05440385196298462,0.059060661919715186,0.029361745600000003,0.03347039868641484,-0.0014698981363222567,-0.0010140605024043024,-0.00456649145906644,0.05275260809378595,0.056206117998215004,-0.001651243869198668,-0.0028545439215001828,-0.002876247556798803,1.0153500345566258,7.544202952537907e-06,-0.0049403023932971385,0.05197154087767954,0.05197154087767954,0.16,0.9924541838384817,7.660006728561562e-06,0.05341191992906229,0.05841363781491051,0.030249957925000005,0.03488037489466268,-0.001686804793031814,-0.0011270911662933439,0.0017764246500000039,0.053201118205631774,0.05936135435722729,-0.00021080172343051345,0.000947716542316776,0.0009453675144061754,0.99505819636088,8.674684924082301e-07,0.0006818653601180336,0.03201691113800125,0.03201691113800125,0.16,1.0024847774805083,8.631816334556252e-07,0.05410679268817177,0.05889370487639918,0.029361745600000003,0.03329743622215702,-0.0014905236229308116,-0.0009285433085296983,-0.0032790937621431874,0.053669369990591964,0.05424826017566869,-0.00043742269757980623,-0.004645444700730493,-0.004703713342279403,1.0254733850719628,1.9932867517870523e-05,-0.0052504917142541605,0.05344151968654692,0.05344151968654692,0.16,0.987612203952745,2.044062512774166e-05]"
/multi_agv/m2b_algorithm_state,1789558478.9174502,1789558478.9174502,m2b_algorithm_state_v1:header6+3x20,"[1.0,-0.15,0.52,0.05518182126541748,0.059464914833035974,1789558478.9172583,0.05500656571274376,0.05939710745122757,0.029361745600000003,0.03346966085863872,-0.0014735360403924794,-0.0010118773475942364,-0.00457749359640237,0.053473683490533316,0.058475383948823734,-0.0015328822222104438,-0.0009217235024038331,-0.000923949742001319,1.0048452866053081,7.832319676821129e-07,-0.002840052519764374,0.0439097760599093,0.0439097760599093,0.16,0.9975905187303112,7.870269510439721e-07,0.054012914329798704,0.05875303812312867,0.030249957925000005,0.03487223805878052,-0.0016897220083952613,-0.0011220854247649542,0.0017764246500000039,0.05367707415384466,0.05796808437478095,-0.0003358401759540469,-0.0007849537483477151,-0.0007865778695667644,1.0041488389575632,5.945136981733868e-07,-0.001206378089509323,0.039486376428296666,0.039486376428296666,0.16,0.9979352060591993,5.969802397651735e-07,0.05470898495524891,0.05923105421979472,0.029361745600000003,0.03329426253199333,-0.0014938352919840487,-0.0009254741084571876,-0.0032862451514115414,0.05409277835704436,0.05291545325153319,-0.0006162065982045495,-0.006315600968261531,-0.006424116464769408,1.035087564554577,3.680200520657374e-05,-0.007194374712525095,0.060583486207911375,0.060583486207911375,0.16,0.983108105666672,3.8093297939997275e-05]"
/multi_agv/m2b_algorithm_state,1789558478.9273806,1789558478.9273806,m2b_algorithm_state_v1:header6+3x20,"[1.0,-0.15,0.52,0.05579040855969672,0.05980244292078873,1789558478.9271681,0.055612962411633285,0.05973369339032797,0.029361745600000003,0.033468061785243024,-0.0014771483808915216,-0.0010093347752579635,-0.00458844899166733,0.05408362619295772,0.06131995945739649,-0.001529336218675563,0.0015862660670685202,0.0015798034642556203,0.9918942570848945,2.308332890198035e-06,-0.00033186680908883336,0.033934950153253055,0.033934950153253055,0.16,1.0040907637938021,2.2896221372276073e-06,0.054617629786718115,0.05909252224438498,0.030249957925000005,0.03486425108839032,-0.0016925744360980835,-0.0011171777659529647,0.0017764246500000039,0.05416474075320158,0.059149130416847856,-0.00045288903351653476,5.660817246287697e-05,5.659980245873003e-05,0.9997043379381219,3.0811540089117303e-09,-0.0005095114894369384,0.03664812782014265,0.03664812782014265,0.16,1.0001478804480466,3.0802430285644915e-09,0.05531487159790103,0.059568528864394954,0.029361745600000003,0.033290562489463896,-0.0014971097456439814,-0.0009221963448586847,-0.003293366158333765,0.054897892635466516,0.05658252109687391,-0.00041697896243451243,-0.0029860077675210456,-0.0030096501508355667,1.0159920100268334,8.181778278207436e-06,-0.0035308738538787072,0.04692039758967518,0.04692039758967518,0.16,0.9921444745636109,8.312621358469857e-06]"
/multi_agv/m2b_algorithm_state,1789558478.9373262,1789558478.9373262,m2b_algorithm_state_v1:header6+3x20,"[1.0,-0.15,0.52,0.056402612932321405,0.06014004458533992,1789558478.9371533,0.05622226465642428,0.060069976775784815,0.029361745600000003,0.03346753146145482,-0.001480720941608493,-0.0010072748451379811,-0.004599337471788848,0.05485660811250152,0.06200620567712264,-0.0013656565439227539,0.001936228901337822,0.0019266564430976065,0.9901751273460025,3.4297105201388804e-06,0.00021958576319416412,0.03179600767689446,0.03179600767689446,0.16,1.0049684302951414,3.3960140510384405e-06,0.05522528663434689,0.05943166736566656,0.030249957925000005,0.03485632246577361,-0.0016953657760494928,-0.0011123266653665018,0.0017764246500000039,0.05475613789195443,0.059149130416847856,-0.00046914874239246257,-0.00028253694881870406,-0.0002827451736270643,1.001475337103431,7.657613128745006e-08,-0.0008691811016176426,0.03806373621819472,0.03806373621819472,0.16,0.9992635601673084,7.668910689517565e-08,0.055923674388319,0.059905684620914806,0.029361745600000003,0.033287617346360945,-0.0015003394005911044,-0.0009192680557622264,-0.003300443670412753,0.05565525087555096,0.057830398903012524,-0.0002684235127680401,-0.0020752857179022824,-0.00208659670431577,1.0109754429670859,3.9388428249025574e-06,-0.00242212609527582,0.04270222810627481,0.04270222810627481,0.16,0.9945792177328314,3.982073369683591e-06]"
/multi_agv/m2b_algorithm_state,1789558478.947262,1789558478.947262,m2b_algorithm_state_v1:header6+3x20,"[1.0,-0.15,0.52,0.057018216455508273,0.060477598920516296,1789558478.9471622,0.05683516816945965,0.06040635734720079,0.029361745600000003,0.033466844501347265,-0.001484267995985395,-0.001005160211694641,-0.004610121260230419,0.055337072906794536,0.06046304757162198,-0.0014980952626651167,5.6690224421188096e-05,5.668194600753475e-05,0.9997079966591906,2.9385116238635764e-09,-0.0018159371323238612,0.03988999553850548,0.03988999553850548,0.16,1.0001460502723787,2.9376535686524013e-09,0.05583658126834683,0.05977085420149681,0.030249957925000005,0.03484854110339794,-0.0016980949919237279,-0.0011075711515293324,0.0017764246500000039,0.05552777971518388,0.06064243036975079,-0.0003088015531629504,0.0008715761682539791,0.0008696167126643585,0.9955165378135967,7.259522461957526e-07,0.00048361477121067057,0.03272839935676008,0.03272839935676008,0.16,1.002253240492144,7.226974667507994e-07,0.05653608935915773,0.060242922207322164,0.029361745600000003,0.03328460763061035,-0.001503532848597733,-0.000916330402044644,-0.003307453132899773,0.056142070161563924,0.056304427204104064,-0.0003940191975938048,-0.0039384950032181,-0.003979592553715773,1.0211424011610888,1.417509558627512e-05,-0.0044721165507080295,0.05051718419303047,0.05051718419303047,0.16,0.989672925068849,1.4474791143656928e-05]"
/multi_agv/m2b_algorithm_state,1789558478.957197,1789558478.957197,m2b_algorithm_state_v1:header6+3x20,"[1.0,-0.15,0.52,0.0576372307666785,0.06081511405280594,1789558478.9570997,0.057451455579742,0.06074271236091021,0.029361745600000003,0.033466305842121,-0.0014877859298936163,-0.0010031246330876084,-0.004620765706870847,0.05588136355807788,0.0609502261576909,-0.001570092021664124,0.00020751379678068949,0.0002074033779228769,0.9989365201965622,3.927335301561693e-08,-0.001755211649157278,0.03961116925608903,0.03961116925608903,0.16,1.0005323869790281,3.923158659787154e-08,0.05645129505677986,0.060109965866674935,0.030249957925000005,0.03484088164614378,-0.001700764196185242,-0.0011028991615240832,0.0017764246500000039,0.0560765912381053,0.05997463744721288,-0.00037470381867455577,-0.00013532841946205243,-0.00013537580244694678,1.000700578838136,1.7472721922151142e-08,-0.0006037555757901415,0.03704338216199233,0.03704338216199233,0.16,0.9996499892592481,1.7484962941374437e-08,0.057151898730002954,0.060580118533963744,0.029361745600000003,0.033281739599347576,-0.0015066885151190776,-0.0009134734045556014,-0.0033143720232160535,0.056517940393835814,0.05427801452788995,-0.0006339583361671397,-0.00630210400607379,-0.006408617466201332,1.0345126835683849,3.6277883200325515e-05,-0.007201065386410257,0.060605185764998105,0.060605185764998105,0.16,0.9833796508077931,3.7529930303749176e-05]"
/multi_agv/m2b_algorithm_state,1789558478.9677215,1789558478.9677215,m2b_algorithm_state_v1:header6+3x20,"[1.0,-0.15,0.52,0.05826820275021136,0.0611572667944468,1789558478.9675384,0.05807113884573756,0.06107905007002037,0.029361745600000003,0.033476400847238394,-0.0014912756241239424,-0.0010057029696495252,-0.00463137724768636,0.05624094849201573,0.061660923924915866,-0.001830190353721825,0.0005818738548954983,0.0005810109080899993,0.9970395884690639,3.080354791036402e-07,-0.001706727034062282,0.03929237707687746,0.03929237707687746,0.16,1.0014852506097274,3.071235673193644e-07,0.057069439217035736,0.06044901022038907,0.030249957925000005,0.034833347440194305,-0.0017033746489282797,-0.0010983114972505995,0.0017764246500000039,0.056427499825555096,0.06056952606646664,-0.0006419393914806407,0.00012051584607757071,0.00012047846601657383,0.9993799119145222,1.3817235694044655e-08,-0.0006819457733342269,0.037201646816617015,0.037201646816617015,0.16,1.000310263420782,1.380866779081654e-08,0.057771114237262194,0.06091728186800838,0.029361745600000003,0.0332858288727449,-0.0015098073728067544,-0.0009136445428768493,-0.0033212695247461354,0.057143632277300856,0.0571986376625408,-0.0006274819599613388,-0.0037186442054675806,-0.0037549677692275143,1.019776946893302,1.257423804063112e-05,-0.004539320219179188,0.05068181436575739,0.05068181436575739,0.16,0.9903265311469222,1.282291807858442e-05]"
/multi_agv/m2b_algorithm_state,1789558478.977235,1789558478.977235,m2b_algorithm_state_v1:header6+3x20,"[1.0,-0.15,0.52,0.058885364911144565,0.06148996393778308,1789558478.9771035,0.05870275663354033,0.06142011578230521,0.029361745600000003,0.03345418814852168,-0.0014948964799864429,-0.0009942389557151539,-0.004641489906527909,0.05699744475442448,0.06300651113507455,-0.0017053118791158506,0.001586395352769339,0.0015800464124889075,0.992037532417907,2.2803477274233234e-06,-0.0005515934364059057,0.0347079610037777,0.0347079610037777,0.16,1.004018198598629,2.262190532567816e-06,0.05769956996928906,0.06079251531399661,0.030249957925000005,0.03482693586909018,-0.0017058983427669164,-0.00109425444135057,0.0017764246500000039,0.057029838625932784,0.06056952606646664,-0.0006697313433562738,-0.00022298924752996857,-0.00022311704432350084,1.0011470575848507,4.719631984478528e-08,-0.0010602812235188431,0.0386863193428354,0.0386863193428354,0.16,0.9994272208386421,4.725045674144028e-08,0.0584022816478047,0.06125916928703858,0.029361745600000003,0.033268688500793335,-0.0015129780871380753,-0.0009046062482487272,-0.003327842752993143,0.0579299817349442,0.05935798322096916,-0.00047229991286049794,-0.00190118606606942,-0.0019105328617632568,1.0098944283033677,3.271663658539615e-06,-0.002500907752838879,0.0428941145862573,0.0428941145862573,0.16,0.9951077545532451,3.304034900041769e-06]"
/multi_agv/m2b_algorithm_state,1789558478.9873326,1789558478.9873326,m2b_algorithm_state_v1:header6+3x20,"[1.0,-0.15,0.52,0.05951873393328591,0.06182960099426054,1789558478.9872284,0.05932056866577646,0.06175160619940037,0.029361745600000003,0.033470477210368325,-0.0014981664344157338,-0.0009996100168168202,-0.004651561507455559,0.05768263579588641,0.0635712781651559,-0.0016379328698900505,0.001819671965755526,0.0018113607654655945,0.990919840601408,2.994084016621303e-06,-0.0002360553218969687,0.03348767698600514,0.03348767698600514,0.16,1.00458837380625,2.9668972564976053e-06,0.0583158879801357,0.06112684338132436,0.030249957925000005,0.03481860498552471,-0.0017084307930265927,-0.0010893616693761626,0.0017764246500000039,0.0578603879528428,0.06132134494445283,-0.0004555000272929016,0.00019450156312846717,0.00019440494460319622,0.9990071381600243,3.579976642359301e-08,-0.0003749700895129308,0.03606357250338387,0.03606357250338387,0.16,1.0004969962336512,3.5764222201630985e-08,0.05901963808752153,0.06159144223262451,0.029361745600000003,0.03327718210167875,-0.0015159337598130975,-0.0009067665059286304,-0.0033343892935961145,0.05866755456221908,0.06005550995063624,-0.0003520835253024504,-0.0015359322819882698,-0.0015419964905941566,1.0079365556814093,2.130147289427789e-06,-0.00198210089722222,0.040935644938116945,0.040935644938116945,0.16,0.9960673006437584,2.1470533219999357e-06]"
/multi_agv/m2b_algorithm_state,1789558478.9972682,1789558478.9972682,m2b_algorithm_state_v1:header6+3x20,"[1.0,-0.15,0.52,0.06014728591638785,0.06216475377454777,1789558478.997125,0.05995455943963355,0.06209016424170709,0.029361745600000003,0.033460035301171406,-0.0015016509135902128,-0.000993307409328168,-0.004661214934810561,0.05824835335133009,0.0640078829037929,-0.0017062060883034566,0.0019177186620858155,0.0019085269172222372,0.9904743546064803,3.3162024046448508e-06,-0.00022423069315708356,0.033389992994588655,0.033389992994588655,0.16,1.0048161463066794,3.2846134364850664e-06,0.05894844812112128,0.06146785421005604,0.030249957925000005,0.034811930273996455,-0.0017108574364938928,-0.001085240352613516,0.0017764246500000039,0.05847032071033279,0.06132134494445283,-0.00047812741078848836,-0.0001465092656032091,-0.00014656401076301587,1.0007476880880075,2.0266618154060377e-08,-0.0007442232742486263,0.03751758641032643,0.03751758641032643,0.16,0.9996264761074579,2.0281771263038365e-08,0.059653194239102904,0.0619307845310185,0.029361745600000003,0.03326792891249504,-0.0015189887779303623,-0.000901199045730541,-0.0033406640213768674,0.0590557696905079,0.05847261260809381,-0.0005974245485950019,-0.003458171922924691,-0.003489195033752421,1.0181477996358859,1.0788585561072028e-05,-0.004235975719496174,0.0495256632948926,0.0495256632948926,0.16,0.9911088057481365,1.0984374650188975e-05]"
/multi_agv/m2b_algorithm_state,1789558479.007383,1789558479.007383,m2b_algorithm_state_v1:header6+3x20,"[1.0,-0.15,0.52,0.060786642416153315,0.06250385503215632,1789558479.0072458,0.060583728773532776,0.06242419234360479,0.029361745600000003,0.03346938100475376,-0.0015049560692271752,-0.0009956568578562263,-0.0046706510925862525,0.058876018468059156,0.06345477957310178,-0.0017077103054736198,0.0010305872294969903,0.0010279265962161097,0.9948542012318125,9.566085013761528e-07,-0.001106711285625915,0.03695371143718597,0.03695371143718597,0.16,1.0025883494898125,9.516859865281336e-07,0.05957619815268993,0.061804498445315235,0.030249957925000005,0.034804415876841154,-0.0017132632910937529,-0.0010807659876976086,0.0017764246500000039,0.05912133017638904,0.06228835815548527,-0.00045486797630088505,0.00048385971017003704,0.0004832672052926444,0.9975548288708699,2.2034523605743372e-07,-8.531776508346193e-05,0.034889629310672424,0.034889629310672424,0.16,1.0012260399027777,2.1980645424778473e-07,0.06028193082294083,0.06226557053472329,0.029361745600000003,0.033271849413536655,-0.001521925640960744,-0.000901390865583242,-0.0033467975239310655,0.05955536760762615,0.0594063843474937,-0.0007265632153146823,-0.0028591861872295926,-0.0028802337983850723,1.0148623699885067,7.354525176821875e-06,-0.003788437817528425,0.047762461258591446,0.047762461258591446,0.16,0.9926923949134681,7.463830851089589e-06]"
/multi_agv/m2b_algorithm_state,1789558479.0173724,1789558479.0173724,m2b_algorithm_state_v1:header6+3x20,"[1.0,-0.15,0.52,0.06142319101059335,0.06283959730222909,1789558479.0172222,0.06122368076457954,0.06276225106145998,0.029361745600000003,0.03346171965618884,-0.0015083734244827158,-0.0009905913166242753,-0.004679626604743757,0.059526247590027864,0.06386534848234622,-0.0016974331745516769,0.0011030974208862399,0.0011000616738865527,0.994515971445654,1.0930528508050483e-06,-0.0010217297943030433,0.036610905417605186,0.036610905417605186,0.16,1.002759615275898,1.087058517759824e-06,0.06021478038249716,0.06214493254635427,0.030249957925000005,0.03479790193623989,-0.001715586100968454,-0.0010767674574061609,0.0017764246500000039,0.059787983778593845,0.06257318466546788,-0.00042679660390331636,0.00042825211911361183,0.0004277894884517264,0.9978424982576031,1.7217554200390305e-07,-0.00010570626642741903,0.0349807598931264,0.0349807598931264,0.16,1.001081444669339,1.718040729720315e-07,0.060921466101383236,0.06260438148865471,0.029361745600000003,0.03326452301216743,-0.00152490514187796,-0.0008966955067504206,-0.0033526316068334438,0.06031964353910853,0.062037592942093975,-0.0006018225622747078,-0.0005667885465607397,-0.0005676002543332302,1.0028695988726044,2.876516578382952e-07,-0.001319878457176615,0.03818921599629196,0.03818921599629196,0.16,0.998569930569457,2.884771027113308e-07]"
/multi_agv/m2b_algorithm_state,1789558479.0273693,1789558479.0273693,m2b_algorithm_state_v1:header6+3x20,"[1.0,-0.15,0.52,0.06206802442276679,0.06317790690245641,1789558479.027241,0.06186081917804743,0.06309692134798094,0.029361745600000003,0.033468014364506436,-0.00151165069602929,-0.0009916352808218853,-0.004688257280348887,0.06015944845566678,0.06538994055310537,-0.001701370722380649,0.0022930192051244386,0.002280050647160285,0.9887740417248654,4.707481166010892e-06,0.00015333724418447377,0.03186850006347974,0.03186850006347974,0.16,1.0056878376716347,4.654635178860272e-06,0.06085056301806187,0.062482089711236095,0.030249957925000005,0.034790790266155155,-0.0017178839775944185,-0.001072522772978965,0.0017764246500000039,0.06034002873571991,0.06227752806623837,-0.0005105342823419554,-0.00020456164499772778,-0.000204667262074437,1.001033316035605,3.920811562986965e-08,-0.0008428351150018812,0.03787133728617042,0.03787133728617042,0.16,0.9994839571525084,3.924863000447585e-08,0.061558190835670726,0.06293978084747022,0.029361745600000003,0.0332665127925924,-0.0015277894732828989,-0.0008960791461903594,-0.003358241545976778,0.06105200169064675,0.06379502832867599,-0.0005061891450239761,0.0008552474812057731,0.0008534231404450072,0.9957458046704547,6.525696898065288e-07,0.00022068670916503702,0.03209219061400066,0.03209219061400066,0.16,1.0021376743543826,6.497935308799511e-07]"
/multi_agv/m2b_algorithm_state,1789558479.0372567,1789558479.0372567,m2b_algorithm_state_v1:header6+3x20,"[1.0,-0.15,0.52,0.0627144086276583,0.06351519792369464,1789558479.0370805,0.06250622380720303,0.06343421995224731,0.029361745600000003,0.03346588115279532,-0.001514993560317474,-0.0009889993471868467,-0.004696406193891511,0.06106814528715457,0.06646696037983861,-0.001438078520048458,0.0030327404275913017,0.0030102467763723313,0.9853141227963033,8.208790749866602e-06,0.0012126486263117587,0.027696174822003032,0.027696174822003032,0.16,1.0074723612015881,8.08823745692322e-06,0.061494654233896946,0.06282170103489942,0.030249957925000005,0.03478437818403378,-0.001720110566609541,-0.0010686176026709487,0.0017764246500000039,0.060962774559111525,0.06227752806623837,-0.000531879674785421,-0.0005441729686610566,-0.0005449193449347838,1.0027480912889801,2.7684447976255256e-07,-0.0012097689384165601,0.03930989599311652,0.03930989599311652,0.16,0.9986302995467768,2.7760527366579025e-07,0.06220319522720041,0.06327779972022249,0.029361745600000003,0.033262913884263334,-0.00153069134615701,-0.0008930360437134077,-0.0033635383397794833,0.06162699448006576,0.063110851235316,-0.0005762007471346448,-0.00016694848490649006,-0.00016701821914672868,1.0008358591441577,2.4829841743490426e-08,-0.0008872691530650346,0.03648483191014723,0.03648483191014723,0.16,0.9995824752497369,2.4850595993759712e-08]"
/multi_agv/m2b_algorithm_state,1789558479.0471735,1789558479.0471735,m2b_algorithm_state_v1:header6+3x20,"[1.0,-0.15,0.52,0.06336214917210818,0.06385138592617874,1789558479.0470319,0.06315316926215774,0.06377050498135862,0.029361745600000003,0.03346377496776742,-0.0015182771446893388,-0.0009864055970659972,-0.0047040312905580915,0.06177612195488767,0.06648166471125211,-0.0013770473072700629,0.0027111597298934836,0.002693210371590699,0.9868771111834759,6.5468069289560455e-06,0.0009719012375031203,0.02871960364872559,0.02871960364872559,0.16,1.0066646699760715,6.460893909524106e-06,0.06214030953460459,0.06316030090096802,0.030249957925000005,0.03477786969334677,-0.0017222972791610947,-0.001064691068179871,0.0017764246500000039,0.06201041332178373,0.06416684270923387,-0.00012989621282085556,0.0010065418082658428,0.0010040233967730191,0.9950125248545078,9.433549931479793e-07,0.0008416531307469497,0.03131716955151149,0.03131716955151149,0.16,1.0025083195281286,9.386500335662778e-07,0.06284974708621253,0.0636147878887573,0.029361745600000003,0.03325943819030013,-0.0015335431019617152,-0.0008900719749821359,-0.0033684946526127612,0.06209314220981747,0.06258809145288617,-0.0007566048763950617,-0.0010266964358711245,-0.0010293392479361874,1.0051656799835835,9.375391709763404e-07,-0.0019750953434300145,0.04068965871142296,0.04068965871142296,0.16,0.9974325159850247,9.423821983056784e-07]"
/multi_agv/m2b_algorithm_state,1789558479.0571923,1789558479.0571923,m2b_algorithm_state_v1:header6+3x20,"[1.0,-0.15,0.52,0.06402007460564085,0.06419108692391663,1789558479.0570862,0.06380146135809986,0.06410569172048573,0.029361745600000003,0.03347228734850452,-0.0015215005275027275,-0.0009884366759900032,-0.004711184958867503,0.06243399732947946,0.06603334318970935,-0.0013674640286203965,0.0019276514692236207,0.001918563395074202,0.9906307702422796,3.305446845243556e-06,0.00020923335929870631,0.03184273069709684,0.03184273069709684,0.16,1.0047369162638837,3.274477354298537e-06,0.06278733425302027,0.06349780531169259,0.030249957925000005,0.03477126250843553,-0.0017244447572637434,-0.001060741843458446,0.0017764246500000039,0.0626611463403,0.06345488110014952,-0.0001261879127202742,-4.2924211543074464e-05,-4.2928806756467166e-05,1.000214138595256,1.7130195092064635e-09,-0.00020066369765680989,0.03550275899163616,0.03550275899163616,0.16,0.9998929573463627,1.7133863327978112e-09,0.06349765190520443,0.0639506607463579,0.029361745600000003,0.033262971059764807,-0.0015363449311983505,-0.0008901655894755721,-0.0033731445370138776,0.06319891013459399,0.06431532912418828,-0.0002987417706104417,0.00036466837783037664,0.00036433921081310047,0.9981968801373672,1.1786116495483643e-07,-9.088002449951678e-06,0.033130783267897784,0.033130783267897784,0.16,1.000903463057247,1.1764864714727333e-07]"
/multi_agv/m2b_algorithm_state,1789558479.067152,1789558479.067152,m2b_algorithm_state_v1:header6+3x20,"[1.0,-0.15,0.52,0.06467257436300085,0.06452615833083951,1789558479.0669942,0.06445991808106355,0.06444446541371862,0.029361745600000003,0.03346191540194367,-0.0015248224613407576,-0.0009822467983531587,-0.004717653564235102,0.06303260983745769,0.06532575655586885,-0.0014273082436058598,0.0008812911421502284,0.0008793853772873134,0.9956876540094627,6.897905003470356e-07,-0.0009047499272200114,0.03629027526707584,0.03629027526707584,0.16,1.0021671555067175,6.868158850485534e-07,0.06344456941988934,0.06383868091018703,0.030249957925000005,0.03476554678799897,-0.0017265155572545182,-0.001057218041188815,0.0017764246500000039,0.06318438901750774,0.06242294276130137,-0.000260180402381599,-0.0014157381488856605,-0.0014207641678333292,1.0071335068097682,1.8611961280914495e-06,-0.001745989670810328,0.0415457102557585,0.0415457102557585,0.16,0.9964624537544936,1.874472983345504e-06,0.06415573631596964,0.06429011444784426,0.029361745600000003,0.03325406234080939,-0.001539182410789419,-0.0008848582113403585,-0.003377349130502817,0.06408113319961173,0.0662636080312061,-7.460311635791583e-05,0.0019734935833618378,0.001963989888811851,0.9904313491305569,3.437447467899229e-06,0.0018707359933644563,0.02564138791924182,0.02564138791924182,0.16,1.004838973257513,3.40455573319685e-06]"
/multi_agv/m2b_algorithm_state,1789558479.0772026,1789558479.0772026,m2b_algorithm_state_v1:header6+3x20,"[1.0,-0.15,0.52,0.06533130184816933,0.06486267951402118,1789558479.0770524,0.06511294906420462,0.06477855810296881,0.029361745600000003,0.0334660046091602,-0.0015279608961459123,-0.000982408053544581,-0.004723514271898901,0.0638355911532182,0.06702979155824947,-0.001277357910986418,0.0022512334552806518,0.0022389540139412453,0.9891719449946519,4.485368855848063e-06,0.0006422566252082228,0.03012955654886742,0.03012955654886742,0.16,1.00548445446532,4.436801035157664e-06,0.06409638023595232,0.06417505426258947,0.030249957925000005,0.03475894457693669,-0.0017285823811455797,-0.0010533122047501065,0.0017764246500000039,0.06380938699639203,0.06242294276130137,-0.00028699323956028755,-0.001752111501288102,-0.001759798945316541,1.008826034898369,2.844442089498526e-06,-0.0021185404947669005,0.04298533391588032,0.04298533391588032,0.16,0.9956316350518916,2.8695472346468298e-06,0.0648083937888456,0.06462486262696024,0.029361745600000003,0.0332548716179578,-0.0015419046604228043,-0.0008838144544166772,-0.003381158590484287,0.06478962248450369,0.06675361486474857,-1.877130434191354e-05,0.0021287522377883283,0.0021177454865987135,0.989731586692435,3.989938157919321e-06,0.0020942813561713215,0.02476237300379213,0.02476237300379213,0.16,1.0051973909326057,3.948967823842181e-06]"
/multi_agv/m2b_algorithm_state,1789558479.0872107,1789558479.0872107,m2b_algorithm_state_v1:header6+3x20,"[1.0,-0.15,0.52,0.0659972186629187,0.06520112073682734,1789558479.0870678,0.0657721924846033,0.06511414412924356,0.029361745600000003,0.03347092195399535,-0.0015311293454924398,-0.00098291203017857,-0.004728716727451749,0.06468766188765233,0.06940397429022775,-0.001084530596950961,0.004289830160984193,0.00424599669151085,0.9798526561848159,1.6218514163440143e-05,0.0028903334453221482,0.020988565934402542,0.020988565934402542,0.16,1.010323481777784,1.589175418241788e-05,0.06475443860305158,0.06451280049279087,0.030249957925000005,0.034752804654647564,-0.0017305897353532551,-0.0010496370636909197,0.0017764246500000039,0.0647419878557343,0.06585034771326576,-1.245074731727469e-05,0.0013375472204748828,0.0013331738112845367,0.9934894351511997,1.648693479779536e-06,0.0013176103771379434,0.029433665120859584,0.029433665120859584,0.16,1.003280449370763,1.6379595539636371e-06,0.06546727445685312,0.0649610939200291,0.029361745600000003,0.033256168445000095,-0.0015446267584450155,-0.0008829816682245565,-0.0033845401865936382,0.06528886144239981,0.06519473146269068,-0.00017841301445330193,0.0002336375426615772,0.000233503773097175,0.9988557818984339,4.8042514512265277e-08,1.0487505030547597e-05,0.03311358496734169,0.03311358496734169,0.16,1.0005728796696853,4.7987543397515595e-08]"
/multi_agv/m2b_algorithm_state,1789558479.0973778,1789558479.0973778,m2b_algorithm_state_v1:header6+3x20,"[1.0,-0.15,0.52,0.06666427330606237,0.06553836589458477,1789558479.0971167,0.06643860930908807,0.0654516987485676,0.029361745600000003,0.03346850116928275,-0.0015343421148588878,-0.0009802181089459204,-0.004733161169896806,0.06534254499269287,0.07043241052887458,-0.0010960643163951955,0.0049807117803069845,0.0049221056197369046,0.9768525904779815,2.179608880304726e-05,0.00355202522424291,0.018209150935886445,0.018209150935886445,0.16,1.0119067255150067,2.1291565809544843e-05,0.06541970662566557,0.06485237854968132,0.030249957925000005,0.034747203560598586,-0.001732536111759414,-0.0010462265614380878,0.0017764246500000039,0.06540102116476466,0.06585034771326576,-1.868546090090517e-05,0.000997969163584439,0.0009955379659946847,0.9951437797863351,9.158503106422111e-07,0.0009721811398685533,0.030825016657979813,0.030825016657979813,0.16,1.0024420942975543,9.114027398509791e-07,0.06613334005400248,0.06529928491223312,0.029361745600000003,0.03325262010820346,-0.0015473561230646,-0.0008800487951180491,-0.0033874290741829263,0.06567722584949742,0.06508157929020068,-0.00045611420450505924,-0.00021770562203243804,-0.0002178216931181608,1.0010670811609275,4.16314230821155e-08,-0.0007879644487494849,0.036144398086163355,0.036144398086163355,0.16,0.99946712797949,4.1675847189389026e-08]"
/multi_agv/m2b_algorithm_state,1789558479.1073287,1789558479.1073287,m2b_algorithm_state_v1:header6+3x20,"[1.0,-0.15,0.52,0.06733471844813,0.06587557689995925,1789558479.107215,0.06710615653962008,0.06578805649557957,0.029361745600000003,0.03346887652675301,-0.0015374900215920002,-0.00097876739029917,-0.004736815651084222,0.06601222967729997,0.07000098649361414,-0.0010939268623201132,0.004212929998034562,0.004170940613916264,0.9803432523365894,1.5571589724088038e-05,0.0028035320360161224,0.02134434615492046,0.02134434615492046,0.16,1.0100671258608194,1.526550291416348e-05,0.0660861224672454,0.06519077767632962,0.030249957925000005,0.034741448463713485,-0.0017344525164508934,-0.001042764654765438,0.0017764246500000039,0.06600291300329097,0.06407415639115485,-8.320946395443118e-05,-0.0011166212851747709,-0.0011196966221352308,1.0055286853316892,1.1460396254925486e-06,-0.0012237084520782698,0.0395576247370216,0.0395576247370216,0.16,0.9972534194533913,1.1523757179595438e-06,0.06680054091132162,0.06563626351184511,0.029361745600000003,0.03325100056835283,-0.0015500350047501004,-0.0008779763786483435,-0.0033898044869547462,0.06649423865391471,0.06691655446271347,-0.00030630225740690964,0.0012802909508683596,0.00127633078405785,0.9938398398028166,1.434384516523338e-06,0.0008934529622992128,0.02947621504572556,0.02947621504572556,0.16,1.0031027746568324,1.4255484781171949e-06]"
/multi_agv/m2b_algorithm_state,1789558479.1172936,1789558479.1172936,m2b_algorithm_state_v1:header6+3x20,"[1.0,-0.15,0.52,0.0680023258660165,0.0662096114878742,1789558479.1171877,0.06777708384752601,0.0661243975704821,0.029361745600000003,0.03346212285634904,-0.0015406146743554383,-0.0009742439848927273,-0.004739606260065577,0.06648519741793976,0.0687463808840495,-0.0012918864295862476,0.0026219833135674026,0.00260560742484534,0.9876169963286626,6.026376796356092e-06,0.0009907493878625307,0.028695106930210407,0.028695106930210407,0.16,1.0062848641610063,5.951752150361952e-06,0.066755942480361,0.06552912015582155,0.030249957925000005,0.034735800716707774,-0.0017363279033070084,-0.0010393702324131282,0.0017764246500000039,0.06663687039552384,0.06407415639115485,-0.00011907208483716292,-0.0014549637646666946,-0.0014601778057337343,1.0072018546477737,1.9415978108728887e-06,-0.001609017911780188,0.04105051831982613,0.04105051831982613,0.16,0.996429173867343,1.9555809160912307e-06,0.067471129016503,0.06597321297357413,0.029361745600000003,0.03324478508221625,-0.0015526859079616259,-0.0008739297478657414,-0.0033916183827926265,0.06738091327908673,0.06940183659689622,-9.021573741627154e-05,0.003428623623322094,0.003400724911932629,0.9839101503500891,1.0239876296286566e-05,0.0032879552401622898,0.019781385291129792,0.019781385291129792,0.16,1.008203754232391,1.007511822624563e-05]"
/multi_agv/m2b_algorithm_state,1789558479.1273863,1789558479.1273863,m2b_algorithm_state_v1:header6+3x20,"[1.0,-0.15,0.52,0.06868291594464286,0.0665484621117476,1789558479.1271873,0.06844517134626853,0.06645753255026841,0.029361745600000003,0.03347384775088673,-0.0015436093525532232,-0.0009777830918746315,-0.004741539767300896,0.06715751850149251,0.07040116258186516,-0.0012876528447760133,0.003943630031596743,0.003907039182062785,0.9816846425785287,1.3589153874980001e-05,0.0022974731260927686,0.02332678393455958,0.02332678393455958,0.16,1.0093653653902284,1.3340263664704371e-05,0.06742292853901538,0.06586436441315204,0.030249957925000005,0.034729598278929824,-0.0017381919810033064,-0.0010357412241664976,0.0017764246500000039,0.06741456408635906,0.06653827424551798,-8.364452656325905e-06,0.0006739098323659404,0.0006728109027161428,0.9967459215975244,4.1469834330255043e-07,0.0006623553368957354,0.03206502785672398,0.03206502785672398,0.16,1.0016333410254816,4.133488823800672e-07,0.06813887771276554,0.06630693750020215,0.029361745600000003,0.033250798672963926,-0.0015552531881248615,-0.000875217460424571,-0.003392875162495583,0.06765404381821626,0.06800287162236919,-0.0004848338945492858,0.0016959341221670365,0.0016890545477211533,0.9919325050791814,2.5045382861117767e-06,0.001083012179534546,0.028599396670436445,0.028599396670436445,0.16,1.004073032724233,2.4843329362095743e-06]"
/multi_agv/m2b_algorithm_state,1789558479.1375809,1789558479.1375809,m2b_algorithm_state_v1:header6+3x20,"[1.0,-0.15,0.52,0.0693672608013331,0.06688744414053967,1789558479.13735,0.06912621794175848,0.06679557576533152,0.029361745600000003,0.03347417482047889,-0.0015467508136401396,-0.000976314502833658,-0.004742515167412978,0.0681279647238937,0.07283205264054782,-0.0009982532178647863,0.006036476875216301,0.005952230902557924,0.9726430665413176,3.169890713448061e-05,0.004704414380226942,0.013424491788691748,0.013424491788691748,0.16,1.0141536801978184,3.083172224128967e-05,0.06810292687184004,0.06620424114918345,0.030249957925000005,0.034724561803619505,-0.001739967218408467,-0.001032662887692437,0.0017764246500000039,0.06807323850654307,0.06653827424551798,-2.9688365296973163e-05,0.00033403309633452116,0.0003337634940223251,0.9983875616934434,1.0166971512913669e-07,0.00029665303740110865,0.03351889135185325,0.03351889135185325,0.16,1.0008077645309468,1.0150577898584578e-07,0.06881960302033006,0.06664556942072783,0.029361745600000003,0.03324914621812976,-0.0015578824710370332,-0.0008731561546630067,-0.0033935091725684373,0.06818879038031359,0.06631411100912205,-0.0006308126400164787,-0.00033145841160578393,-0.00033172377449738774,1.001602944959266,9.563124439034153e-08,-0.0011202395745179862,0.037367738421986776,0.037367738421986776,0.16,0.9992000486187466,9.578453601148537e-08]"
/multi_agv/m2b_algorithm_state,1789558479.1475646,1789558479.1475646,m2b_algorithm_state_v1:header6+3x20,"[1.0,-0.15,0.52,0.07004470199397558,0.06722125843846992,1789558479.1474054,0.06981100962008,0.06713376620892632,0.029361745600000003,0.03346244221583204,-0.0015498718398826768,-0.0009696380366410735,-0.004742483573055333,0.06895924584146618,0.07387672012990229,-0.0008517637786138177,0.006742953920975972,0.006638709659645345,0.9697677372079672,3.942051737359483e-05,0.005574004936378073,0.00981729992768451,0.00981729992768451,0.16,1.0157024883863044,3.8228745932958414e-05,0.06878669244044866,0.06654422832643717,0.030249957925000005,0.034719626355755456,-0.001741705082653311,-0.0010296474423075186,0.0017764246500000039,0.06891411848616717,0.06707199077385133,0.00012742604571851224,0.0005277624474141623,0.0005270927761289332,0.997466664037292,2.531379515633885e-07,0.0006863753332770735,0.03203775661575948,0.03203775661575948,0.16,1.0012704998352422,2.5249666808716673e-07,0.06950408034347064,0.06698433788625553,0.029361745600000003,0.03323968323156993,-0.0015604856345825665,-0.0008677285832777294,-0.0033934886362359685,0.06881243591701902,0.06647657965944802,-0.0006916444264516153,-0.0005077582268075143,-0.0005083793907080678,1.0024508174645228,2.2388203379359529e-07,-0.0013729349237725868,0.038328056291137495,0.038328056291137495,0.16,0.9987781489338339,2.2443072779200952e-07]"
/multi_agv/m2b_algorithm_state,1789558479.157148,1789558479.157148,m2b_algorithm_state_v1:header6+3x20,"[1.0,-0.15,0.52,0.07073038781047512,0.0675574744438463,1789558479.1570325,0.07048890268037658,0.06746672462988285,0.029361745600000003,0.03346850507464957,-0.0015527909399706582,-0.0009707661608336579,-0.004741400517013468,0.06949806920139719,0.0723873838679196,-0.0009908334789793943,0.004920659238036751,0.004864678664583961,0.977616618293052,2.0990713222974364e-05,0.0036261368158597177,0.01798085344834357,0.01798085344834357,0.16,1.011507558322473,2.0520870076603447e-05,0.06946354924917668,0.06687919785543064,0.030249957925000005,0.034713669996690275,-0.0017434582343967275,-0.0010261817491178105,0.0017764246500000039,0.06917360711646982,0.06516262505311597,-0.00028994213270686076,-0.0017165728023146726,-0.0017237375699342803,1.00839541481958,2.677056258706132e-06,-0.002086165235817856,0.04281436911680088,0.04281436911680088,0.16,0.9958434695950379,2.6995312564933226e-06,0.0701816540523735,0.06731785283009625,0.029361745600000003,0.03324212225853482,-0.0015629688352300983,-0.0008675128788497889,-0.0033927846498087565,0.06967052138218097,0.06866697076977525,-0.0005111326701925378,0.0013491179396789982,0.0013448021174037894,0.9936306259790583,1.5743872652022143e-06,0.0007058862796631171,0.030105769631340495,0.030105769631340495,0.16,1.003209261957098,1.5643594038563338e-06]"
/multi_agv/m2b_algorithm_state,1789558479.1673703,1789558479.1673703,m2b_algorithm_state_v1:header6+3x20,"[1.0,-0.15,0.52,0.07142324606524654,0.06789552766902271,1789558479.1671174,0.07117502347917913,0.06780213868864374,0.029361745600000003,0.03347278907771335,-0.00155577400163486,-0.000971091417615613,-0.004739190318776319,0.06977633707136494,0.07201076020893622,-0.0013986864078141953,0.004208621520292485,0.004167627631375605,0.9807903210365966,1.5334587758051508e-05,0.0024192696216078606,0.022750452313371222,0.022750452313371222,0.16,1.0098362647872525,1.5040015250183201e-05,0.07014867234147572,0.06721646567703464,0.030249957925000005,0.03470835286101694,-0.0017451464069981881,-0.0010230263004350065,0.0017764246500000039,0.06986351660050712,0.06677377296983543,-0.0002851557409686012,-0.0004426927071992104,-0.0004431634816993156,1.0021299958450944,1.7741434906520714e-07,-0.000799608157910067,0.0377388612355623,0.0377388612355623,0.16,0.9989376956370591,1.7779224089157617e-07,0.0708674676107705,0.06765381896586055,0.029361745600000003,0.03324328135210452,-0.0015654711320401199,-0.0008667334440530345,-0.0033913480209546085,0.07018078404334675,0.06863904352710873,-0.0006866835674237404,0.0009852245612481797,0.0009829258166146537,0.9953488190315058,8.380707373006346e-07,0.0001245713573349782,0.032352491517965494,0.032352491517965494,0.16,1.0023386756097659,8.3417271863705e-07]"
/multi_agv/m2b_algorithm_state,1789558479.1769726,1789558479.1769726,m2b_algorithm_state_v1:header6+3x20,"[1.0,-0.15,0.52,0.072112835191161,0.0682302777632074,1789558479.1768398,0.07186830205779614,0.0681394321117414,0.029361745600000003,0.03346503766167062,-0.0015587984317895257,-0.0009661870553095446,-0.004735835319628868,0.07062083701617933,0.0735501877900411,-0.0012474650416168104,0.005410755678299711,0.005343783593078997,0.9756877428184757,2.5252566213151003e-05,0.003784452291057984,0.01713580940519579,0.01713580940519579,0.16,1.0125327090916356,2.4638619328883405e-05,0.07084098651272604,0.06755549153926327,0.030249957925000005,0.03470351783365814,-0.0017467786575615374,-0.0010201083892783236,0.0017764246500000039,0.07066058947282879,0.06824169387035453,-0.00018039703989725098,0.0006862023310912624,0.0006850837882618463,0.9967473289617612,4.2480590191699015e-07,0.00045958748839028255,0.03275583229810296,0.03275583229810296,0.16,1.0016327095292301,4.2342414806295183e-07,0.07156044962521747,0.06799165935606347,0.029361745600000003,0.03323653031432943,-0.0015679802646472911,-0.0008625274699473051,-0.003389167271508766,0.07077365985051952,0.06680971117147766,-0.0007867897746979546,-0.001181948184585807,-0.0011852922313081533,1.0056807964851764,1.2056499529662423e-06,-0.0021687794496805966,0.041415006291911534,0.041415006291911534,0.16,0.9971787153969148,1.212499004981406e-06]"
/multi_agv/m2b_algorithm_state,1789558479.1870365,1789558479.1870365,m2b_algorithm_state_v1:header6+3x20,"[1.0,-0.15,0.52,0.0728141600991758,0.06856908334720074,1789558479.1869013,0.07255831229666115,0.06847338410603668,0.029361745600000003,0.03347426799651073,-0.0015616845313910633,-0.000968702818168404,-0.00473119823918869,0.07152718389434864,0.07541341382245328,-0.001031128402312509,0.006940029716416607,0.006831359015366395,0.9694011964526098,4.139803775358344e-05,0.005542448512475759,0.009841771214800368,0.009841771214800368,0.16,1.0159076255260147,4.01313073291141e-05,0.07153003148710228,0.06789130633985917,0.030249957925000005,0.03469804574732628,-0.0017484111121761348,-0.0010169142700447165,0.0017764246500000039,0.07163447363399413,0.06828495329055231,0.00010444214689184217,0.0003936469506931467,0.0003932794873437528,0.998135472352301,1.3950358486039463e-07,0.0005238321709585556,0.03265696395880303,0.03265696395880303,0.16,1.0009343567646403,1.392434765694693e-07,0.07225016178971955,0.06832614284372637,0.029361745600000003,0.03324103444655457,-0.0015704036676751597,-0.0008632361627089399,-0.003386153169222651,0.0712964060379024,0.06590329827206871,-0.0009537557518171508,-0.002422844571657659,-0.002436961267502998,1.0117471649956231,5.0612055552639124e-06,-0.0036291559572744366,0.04703088759080942,0.04703088759080942,0.16,0.99420725473417,5.120660371998362e-06]"
/multi_agv/m2b_algorithm_state,1789558479.197264,1789558479.197264,m2b_algorithm_state_v1:header6+3x20,"[1.0,-0.15,0.52,0.07351100391837584,0.06890402161856832,1789558479.1969848,0.07326003692528954,0.0688114669797869,0.029361745600000003,0.033464791048435874,-0.001564689776492675,-0.0009630612957800737,-0.004725325048195986,0.07231956780340514,0.07458670497273309,-0.0009404691218844047,0.005775237992946186,0.005699684253981675,0.9743354881202305,2.8631999313615772e-05,0.004524097851626169,0.014236015935023317,0.014236015935023317,0.16,1.0132557762145737,2.7897173027089927e-05,0.07223083908509938,0.06823102479227833,0.030249957925000005,0.03469352962058796,-0.001749963042229255,-0.0010141756647672334,0.0017764246500000039,0.07220673558680361,0.06706583539618419,-2.4103498295763304e-05,-0.0011651893960941406,-0.0011684304435664386,1.005584710226381,1.2211153594486576e-06,-0.0011985598164361427,0.03944234381365829,0.03944234381365829,0.16,0.9972261528359316,1.2279349348841616e-06,0.07295160428713847,0.06866475826953698,0.029361745600000003,0.033233151128404886,-0.0015728740459623634,-0.0008585599460713194,-0.003382335595077394,0.07246248741154708,0.06780316673373979,-0.0004891168755913888,-0.0008615915357971932,-0.0008633517182180467,1.00409761228901,6.375727045810657e-07,-0.0014747478127072828,0.03883024181519002,0.03883024181519002,0.16,0.9979612220793553,6.401852303304944e-07]"
/multi_agv/m2b_algorithm_state,1789558479.207042,1789558479.207042,m2b_algorithm_state_v1:header6+3x20,"[1.0,-0.15,0.52,0.07421832633885861,0.06924236518842514,1789558479.206879,0.07395728381774087,0.06914563255205544,0.029361745600000003,0.033472154177381336,-0.0015675346405449753,-0.0009647902868694601,-0.004718029494312113,0.07297576609775878,0.0732622117014402,-0.000981517719982089,0.004116579149384764,0.00407791020495652,0.9814696146573263,1.4543711325238801e-05,0.002851013054978909,0.021235953617698554,0.021235953617698554,0.16,1.0094825394588738,1.4274210750069518e-05,0.07292716227346224,0.06856699115332203,0.030249957925000005,0.03468822772293564,-0.001751524934740789,-0.0010110913957388779,0.0017764246500000039,0.07291129215908747,0.06801918705702052,-1.5870114374774702e-05,-0.0005478040963015074,-0.0005485149208299162,1.0025999108788832,2.691181625833639e-07,-0.0005683525637983845,0.036945662993570355,0.036945662993570355,0.16,0.9987040926300905,2.6981784582196944e-07,0.0736485656639244,0.0689994411503275,0.029361745600000003,0.03323646173305027,-0.0015752478926916386,-0.0008587776600404561,-0.0033775934850528754,0.07340908343091107,0.06903003823558339,-0.00023948223301333005,3.0597085255892886e-05,3.059488667921806e-05,0.9998563031295489,8.017196460543881e-10,-0.0002687579045874445,0.03417693339775309,0.03417693339775309,0.16,1.0000718609190444,8.016044414502709e-10]"
/multi_agv/m2b_algorithm_state,1789558479.2171113,1789558479.2171113,m2b_algorithm_state_v1:header6+3x20,"[1.0,-0.15,0.52,0.07492542209571082,0.06957892366020867,1789558479.2169824,0.07466498985590582,0.06948326669699721,0.029361745600000003,0.033467044464217756,-0.0015704751138367404,-0.0009610719019506799,-0.004709349562927522,0.07362213527433656,0.07289461380964858,-0.0010428545815692608,0.0034113471126513695,0.003384767000351775,0.9845932208250997,9.971055981115514e-06,0.002081198773390199,0.024380800737795787,0.024380800737795787,0.16,1.0078528632242136,9.817434123473898e-06,0.0736339885381801,0.06890623504196305,0.030249957925000005,0.034683723502470856,-0.0017530134020355553,-0.0010083904393862614,0.0017764246500000039,0.073586652626801,0.06801918705702052,-4.7335911379092765e-05,-0.0008870479849425322,-0.0008889091051253988,1.0042086147194935,7.04201641261591e-07,-0.0009480789943492648,0.03843051156893309,0.03843051156893309,0.16,0.9979062874121375,7.07165354654496e-07,0.07435600062248993,0.06933759382631516,0.029361745600000003,0.033231469042890094,-0.0015776563860350817,-0.0008553840829316874,-0.0033719515296528908,0.07407702063204627,0.0678052193391826,-0.0002789799904436563,-0.0015323744871325595,-0.0015379261827085304,1.0072829268290138,2.0090092095225147e-06,-0.0018866511707631007,0.040557819865972684,0.040557819865972684,0.16,0.9963901417126578,2.023640676594282e-06]"
/multi_agv/m2b_algorithm_state,1789558479.2269845,1789558479.2269845,m2b_algorithm_state_v1:header6+3x20,"[1.0,-0.15,0.52,0.07563667539301906,0.06991581633576699,1789558479.2268798,0.0753724666737459,0.06981909540662273,0.029361745600000003,0.03346676955905173,-0.0015733262003869894,-0.0009594920081607392,-0.004699175704178552,0.07435309053069164,0.0728857259218473,-0.0010193761430542653,0.003066630515224572,0.0030451812540014437,0.9861538155779177,8.042871546137277e-06,0.001770961075183612,0.02567406400693272,0.02567406400693272,0.16,1.0070436730801962,7.931508463426342e-06,0.0743405918883947,0.06924374368410567,0.030249957925000005,0.034678860937901956,-0.0017544906219483375,-0.001005539928308971,0.0017764246500000039,0.07415188349779321,0.06866506796870576,-0.00018870839060149136,-0.0005786757153999067,-0.000579463215847325,1.002726982819816,2.9890405977223683e-07,-0.0008153487040991892,0.03782399001895102,0.03782399001895102,0.16,0.9986409828512292,2.99719166008009e-07,0.07506320772499184,0.06967393188989758,0.029361745600000003,0.03322973674062704,-0.0015800049331782052,-0.0008534323470972124,-0.0033653385214660603,0.07459860650449059,0.06654762443762817,-0.0004646012205012512,-0.003126307452269411,-0.003149576720698269,1.0150417791055801,8.354921134326818e-06,-0.003730328246324833,0.04763207506548663,0.04763207506548663,0.16,0.9926119378912291,8.480594012473905e-06]"
/multi_agv/m2b_algorithm_state,1789558479.2370486,1789558479.2370486,m2b_algorithm_state_v1:header6+3x20,"[1.0,-0.15,0.52,0.0763452541502112,0.07024978977626262,1789558479.2369478,0.07608409150051515,0.07015527110949608,0.029361745600000003,0.03345883237210003,-0.0015761633467165984,-0.0009546030550285937,-0.00468755775053051,0.07491232841960413,0.07391237589762699,-0.0011717630809110202,0.003757104788130905,0.0037251756814129797,0.9832156872256088,1.2035174606124497e-05,0.0022604718302742044,0.023549811026836478,0.023549811026836478,0.16,1.008571168033024,1.1833172471240894e-05,0.07505136511797741,0.0695815646413409,0.030249957925000005,0.03467410613189276,-0.0017559308251249295,-0.0010027550832782672,0.0017764246500000039,0.0748630336730876,0.06897846110437454,-0.00018833144488981934,-0.000603103536966354,-0.0006039558977134401,1.002832267276622,3.239204762318074e-07,-0.0008393702038257143,0.037914815872974336,0.037914815872974336,0.16,0.9985887036614542,3.248379055968665e-07,0.07577456956056461,0.07001061325646397,0.029361745600000003,0.033223006539130226,-0.0015823321031306894,-0.0008493285454196364,-0.0033577868515948335,0.07495589807932597,0.06744088671454732,-0.0008186714812386392,-0.0025697265419166587,-0.0025853317957712156,1.012249849676148,5.6286723391791065e-06,-0.0036086711473195146,0.04699829742596947,0.04699829742596947,0.16,0.9939639260693417,5.697622729210343e-06]"
/multi_agv/m2b_algorithm_state,1789558479.2470644,1789558479.2470644,m2b_algorithm_state_v1:header6+3x20,"[1.0,-0.15,0.52,0.07706701290648797,0.07058838395357805,1789558479.246934,0.07679304264229471,0.07048849005639392,0.029361745600000003,0.03346808021123447,-0.001578873394548326,-0.0009572173288589752,-0.004674157085139328,0.07568630244630999,0.0736898678345218,-0.0011067401959847234,0.003201377778127887,0.003178195487082433,0.9856716549734209,8.7266291417577e-06,0.0017947702421015287,0.025523112944217212,0.025523112944217212,0.16,1.007294167756413,8.601590988495596e-06,0.07575946361686274,0.0699165512201418,0.030249957925000005,0.03466876468020763,-0.001757371600045396,-0.000999715668362433,0.0017764246500000039,0.07566644198872728,0.06919524633254344,-9.3021628135459e-05,-0.0007213048875983619,-0.000722520569284485,1.0033788992124173,4.623025357044177e-07,-0.0008387976044538088,0.03795837518897658,0.03795837518897658,0.16,0.9983174434918483,4.6386460937820785e-07,0.07648325619147617,0.07034432805225212,0.029361745600000003,0.03322761823300643,-0.0015845808064862922,-0.0008501738233712428,-0.0033490764190905638,0.07592074963571004,0.06933654812342102,-0.0005625065557661318,-0.0010077799288310957,-0.0010101463828246112,1.0047121833336154,8.627583418718421e-07,-0.001713279577532276,0.039728550354976445,0.039728550354976445,0.16,0.9976573157774439,8.668238173513483e-07]"
/multi_agv/m2b_algorithm_state,1789558479.2569072,1789558479.2569072,m2b_algorithm_state_v1:header6+3x20,"[1.0,-0.15,0.52,0.0777823447758833,0.07092230015682746,1789558479.2568023,0.07751514996700652,0.07082640738766224,0.029361745600000003,0.03345530127497353,-0.0015817197169153384,-0.0009502277401410657,-0.0046592722402044335,0.07657275474544681,0.07247603621777284,-0.0009423952215597137,0.0016496288301105916,0.001643432710668359,0.9925291998131611,2.314653954261695e-06,0.00046543868371871694,0.031038907367790938,0.031038907367790938,0.16,1.003770230081226,2.2973616370677295e-06,0.07648077190011077,0.07025599564198484,0.030249957925000005,0.034664445008505754,-0.001758723019131589,-0.0009971649347796374,0.0017764246500000039,0.0763505665322256,0.06919524633254344,-0.00013020536788516113,-0.0010607493094414028,-0.001063374547453807,1.0049673204631042,9.977849620615745e-07,-0.0012261312573102585,0.03946726662697782,0.03946726662697782,0.16,0.9975312198146079,1.0027412797214007e-06,0.0772051168523466,0.07068274883108708,0.029361745600000003,0.03321762461615119,-0.0015868838431214241,-0.000844669833132845,-0.003339401269882884,0.07675521969277103,0.06940294877391559,-0.00044989715957556575,-0.0012798000571714874,-0.0012836091313779682,1.0059780833378107,1.388250454208533e-06,-0.0018459805808474254,0.04029865584295742,0.04029865584295742,0.16,0.997032527960913,1.396549531117545e-06]"
/multi_agv/m2b_algorithm_state,1789558479.2671459,1789558479.2671459,m2b_algorithm_state_v1:header6+3x20,"[1.0,-0.15,0.52,0.07851185896010404,0.07126125872506744,1789558479.2670403,0.07823083793095774,0.07115957780048293,0.029361745600000003,0.033464859056302684,-0.0015843731063514945,-0.0009530054325951026,-0.004642401382682704,0.07726456135139358,0.07210313283918318,-0.0009662765795641626,0.00094355503870025,0.0009415258393366154,0.9957123767630829,7.563666867454789e-07,-0.0002663198851185878,0.03398764243883541,0.03398764243883541,0.16,1.0021552242953464,7.53123671363759e-07,0.07719564477619234,0.07059091186430286,0.030249957925000005,0.03465911892452442,-0.0017600999990728672,-0.000994164877573811,0.0017764246500000039,0.07710482162834406,0.06690555321815966,-9.082314784827905e-05,-0.003685358646143194,-0.0037174900474503977,1.0176527441334748,1.2043383367380043e-05,-0.0038310189822607465,0.04961489116624254,0.04961489116624254,0.16,0.9913566947329852,1.225598213246575e-05,0.07792055162049981,0.0710164108056966,0.029361745600000003,0.03322242525563128,-0.0015890752570206345,-0.0008456264280392112,-0.00332843521249376,0.0774183075402261,0.06902103850357894,-0.0005022440802737033,-0.0019953723021176595,-0.002004641942372417,1.0093532164665857,3.370032704581798e-06,-0.002632447042714546,0.04335759368274243,0.04335759368274243,0.16,0.9953759122470585,3.401553349967225e-06]"
/multi_agv/m2b_algorithm_state,1789558479.2770035,1789558479.2770035,m2b_algorithm_state_v1:header6+3x20,"[1.0,-0.15,0.52,0.07923393219524173,0.0715951032944987,1789558479.276898,0.07896068264532496,0.07149787178317402,0.029361745600000003,0.0334503486931671,-0.0015871758115917974,-0.000945288571771649,-0.004623977281394522,0.07815002888005318,0.07366108517829204,-0.0008106537652717849,0.002163213395118019,0.0021526739162490414,0.9903261042804744,3.960698456661932e-06,0.0011393567096593103,0.02837470004020822,0.02837470004020822,0.16,1.0048959941352114,3.922383072815698e-06,0.07792473184417038,0.07093069729745714,0.030249957925000005,0.034654878106183645,-0.0017613813478010026,-0.0009916842828309042,0.0017764246500000039,0.0777715994278719,0.06690555321815966,-0.00015313241629848207,-0.00402514407929748,-0.00406341755115341,1.0192740299328642,1.43373451817903e-05,-0.0042548330715265125,0.0512051844257208,0.0512051844257208,0.16,0.9905809650684148,1.4613683601981932e-05,0.0786501623908168,0.07135520709457117,0.029361745600000003,0.033211257528915336,-0.0015913266530197985,-0.0008396406268011075,-0.0033164595466564414,0.0780839995897608,0.06878094929269182,-0.0005661628010560082,-0.002574257801879351,-0.002589688224099428,1.012091709796535,5.597787395133242e-06,-0.0032973917254194383,0.045900595135499,0.045900595135499,0.16,0.9940415907689262,5.6654742158178946e-06]"
/multi_agv/m2b_algorithm_state,1789558479.2872047,1789558479.2872047,m2b_algorithm_state_v1:header6+3x20,"[1.0,-0.15,0.52,0.07996842859956073,0.07193312161632538,1789558479.2870936,0.07968309599739098,0.07183097304514047,0.029361745600000003,0.033457208935293144,-0.0015897675076146384,-0.0009469305587912168,-0.004603427779193428,0.07899721694259536,0.07461173639710414,-0.0006858790547956267,0.002780763351963672,0.0027634832744685327,0.987687133508487,6.528500648517688e-06,0.0019061344559739993,0.02532294867537106,0.02532294867537106,0.16,1.0062530059996337,6.448116091642734e-06,0.07864636684624261,0.07126553714530873,0.030249957925000005,0.034649511110364656,-0.0017626960469974001,-0.0009886984475699218,0.0017764246500000039,0.07862915930859697,0.06983387279551924,-1.7207537645641535e-05,-0.0014316643497894882,-0.001436405261954221,1.0066546841500916,1.8056192773655166e-06,-0.001457914684011273,0.04042525429042346,0.04042525429042346,0.16,0.9966994605977127,1.8176351033517007e-06,0.07937233374209164,0.07168879969304691,0.029361745600000003,0.03321427624932001,-0.0015934575752866355,-0.0008398571539910502,-0.00330310237022573,0.07901646497634121,0.07129919313608718,-0.0003558687657504306,-0.000389606556959729,-0.0003899535850755487,1.0017837519295634,1.2771650792801106e-07,-0.000834789542263587,0.0363467921815349,0.0363467921815349,0.16,0.9991100784065046,1.2794432249546475e-07]"
/multi_agv/m2b_algorithm_state,1789558479.2969215,1789558479.2969215,m2b_algorithm_state_v1:header6+3x20,"[1.0,-0.15,0.52,0.08069821856527987,0.07226734111039151,1789558479.2968287,0.0804179094878576,0.07216831294368271,0.029361745600000003,0.03344501870440761,-0.0015924761653691708,-0.000940266145147084,-0.004581159079776029,0.0797361950079575,0.07461173639710414,-0.0006817144799000918,0.0024434234534214255,0.0024301017650514693,0.9891849615942062,5.02963882326756e-06,0.0015779586651763545,0.02665843222423095,0.02665843222423095,0.16,1.0054819467075586,4.97524308622665e-06,0.07938045384272463,0.07160440976147935,0.030249957925000005,0.034645017459395105,-0.0017639242705083102,-0.0009861355645381376,0.0017764246500000039,0.07932081591259985,0.06983387279551924,-5.963793012478402e-05,-0.0017705369659601067,-0.0017777770909480051,1.008226979280272,2.756032739456874e-06,-0.0018523245036039851,0.04194861088378613,0.04194861088378613,0.16,0.9959274281209025,2.778706563700137e-06,0.08010692246809997,0.07202664214381412,0.029361745600000003,0.03320462897302992,-0.0015956314803735692,-0.0008345691561841631,-0.0032886277156044218,0.0795595932456275,0.07322932213548643,-0.0005473292224724702,0.0012026799916723119,0.0011994204807212394,0.9946013964251911,1.2122824323544158e-06,0.0005152589526306517,0.030819048953870807,0.030819048953870807,0.16,1.002717571530138,1.2057378000814292e-06]"
/multi_agv/m2b_algorithm_state,1789558479.3070247,1789558479.3070247,m2b_algorithm_state_v1:header6+3x20,"[1.0,-0.15,0.52,0.08143957509299744,0.072605291712377,1789558479.3068984,0.08114802176953126,0.0725017933332741,0.029361745600000003,0.03344995852632679,-0.001595018406385853,-0.0009411023824900749,-0.004556600460294237,0.0800662754151905,0.07293817091754941,-0.0010817463543407596,0.00043637758427531037,0.0004359485368382762,0.9980364708560601,1.6040764469407375e-07,-0.0009162344060876733,0.03651279601728558,0.03651279601728558,0.16,1.0009841699209403,1.6009267960880618e-07,0.08010982859733495,0.07193961084136369,0.030249957925000005,0.03463966338549437,-0.0017651699038347402,-0.0009831908070834783,0.0017764246500000039,0.0797931202768577,0.06654240092771133,-0.0003167083204772547,-0.005397209913652362,-0.005465892039164181,1.0259133475035929,2.5628532072878987e-05,-0.00586177743976075,0.0572076867474003,0.0572076867474003,0.16,0.987434416007543,2.6292653130490475e-05,0.08083680532897339,0.07236061915653676,0.029361745600000003,0.03320632121874852,-0.0015977071823389758,-0.0008342399813598082,-0.0032726646129412557,0.08035160005814942,0.07300754827468825,-0.0004852052708239629,0.000646929118151493,0.0006459860025139295,0.9970906485012101,3.5022160743660665e-07,3.947941398397582e-05,0.03277339635185145,0.03277339635185145,0.16,1.0014599629618803,3.4920268967810233e-07]"
/multi_agv/m2b_algorithm_state,1789558479.316968,1789558479.316968,m2b_algorithm_state_v1:header6+3x20,"[1.0,-0.15,0.52,0.08217819502609067,0.072940374609206,1789558479.3168724,0.08188967876811751,0.0728390592331016,0.029361745600000003,0.033438968942130116,-0.0015976592882941502,-0.0009349923333328315,-0.004530145739487439,0.08083632719627663,0.07401192503067414,-0.0010533515718408742,0.001172865797572531,0.0011697932597718877,0.9947812276071345,1.1551474194319994e-06,-0.00014689620502920508,0.0334317829057411,0.0334317829057411,0.16,1.002626564801068,1.1491189679697778e-06,0.08085079724256723,0.07227842140061075,0.030249957925000005,0.034635053910888836,-0.0017663335512906192,-0.0009806109352987341,0.0017764246500000039,0.08044993689349002,0.06654240092771133,-0.00040086034907721446,-0.005736020472899422,-0.0058134827872085145,1.0275310511458566,2.8888543772541337e-05,-0.006314558223555033,0.05886877010751842,0.05886877010751842,0.16,0.9866754031714805,2.968387574867249e-05,0.08157824926830758,0.07269839450341863,0.029361745600000003,0.033197391288768016,-0.0015998156178840981,-0.0008292960224529898,-0.003255469044416837,0.08094515275964798,0.07162978790659129,-0.0006330965086596002,-0.0010686065968273373,-0.0010711998692732399,1.0048709672327794,9.54748506022298e-07,-0.0018625705050977401,0.04025146271653833,0.04025146271653833,0.16,0.9975790956288466,9.593990547106776e-07]"
/multi_agv/m2b_algorithm_state,1789558479.3270059,1789558479.3270059,m2b_algorithm_state_v1:header6+3x20,"[1.0,-0.15,0.52,0.08292594840979196,0.07327803075691847,1789558479.3269036,0.08262860138352023,0.07317340742119628,0.029361745600000003,0.03344019159263214,-0.0016001630361992107,-0.0009342393294297061,-0.004501295520831202,0.08155971119482695,0.074468677669637,-0.0010688901886932722,0.0012952702484407136,0.0012915399860357016,0.9942652004835124,1.405776436966287e-06,-4.457274983088867e-05,0.03301180178751913,0.03301180178751913,0.15999999999999145,1.0028882283516918,1.397714590935283e-06,0.08158902708757568,0.07261446579821132,0.030249957925000005,0.03462974941812992,-0.0017675038155449824,-0.000977726432984008,0.0017764246500000039,0.08161079032161546,0.070558880104312,2.1763234039781643e-05,-0.0020555856938993256,-0.0020652543899462943,1.0094721924817802,3.6903876319123667e-06,-0.0020380503473965673,0.04270202118791038,0.04270202118791038,0.16,0.9953183994698008,3.7253436938942217e-06,0.08231695660717611,0.07303325060821036,0.029361745600000003,0.03319653868757713,-0.0016018399556909143,-0.0008278917306527465,-0.0032367164022902833,0.08168823544726649,0.07327083252173108,-0.000628721159909626,0.000237581913520718,0.00023745532086581693,0.9989351736696175,4.703788728132676e-08,-0.0005484461290212155,0.035038759152532,0.035038759152532,0.16,1.0005331219971803,4.698780010042404e-08]"
/multi_agv/m2b_algorithm_state,1789558479.3369308,1789558479.3369308,m2b_algorithm_state_v1:header6+3x20,"[1.0,-0.15,0.52,0.083671925369053,0.07361327674976308,1789558479.336853,0.08337663944971285,0.07351036140736106,0.029361745600000003,0.03342925991159366,-0.0016027212333788836,-0.0009281967370732827,-0.004470394139311173,0.08232986015912953,0.07472610631477092,-0.001046779290583319,0.0012157449074098603,0.0012124692815716886,0.9946333175229484,1.2355324589658658e-06,-9.600483165746014e-05,0.033220851989264964,0.033220851989264964,0.16,1.0027016155278803,1.2289017485685052e-06,0.08233641294758275,0.0729530054779275,0.030249957925000005,0.034624904199206476,-0.0017686063866276386,-0.0009750758369728857,0.0017764246500000039,0.08230467657959888,0.070558880104312,-3.173636798387003e-05,-0.0023941253736155105,-0.002407221469407487,1.0110282528225547,4.996091198806721e-06,-0.0024468919293873246,0.04426669414692986,0.04426669414692986,0.16,0.9945596630977207,5.051189355671702e-06,0.08306479283208028,0.07337072538546684,0.029361745600000003,0.03318757721921318,-0.0016038739803194858,-0.0008229722888217278,-0.003216630504302263,0.08260020060649309,0.07580507466886512,-0.0004645922255871876,0.0024343492833982794,0.0024213024487587274,0.9893685393508892,4.916648106461224e-06,0.001840562166774743,0.025463204528019694,0.025463204528019694,0.16,1.0053883539605886,4.8643769555918566e-06]"
/multi_agv/m2b_algorithm_state,1789558479.3469853,1789558479.3469853,m2b_algorithm_state_v1:header6+3x20,"[1.0,-0.15,0.52,0.08442091002221035,0.07394830033735601,1789558479.3468478,0.08412290161697977,0.0738448590920888,0.029361745600000003,0.03342308482036829,-0.0016051555752670602,-0.0009242770925756974,-0.004437190609804529,0.08313915514292315,0.07530499519705085,-0.000983746474056621,0.0014601361049620537,0.001455436608809073,0.9935945037009222,1.7777540238812513e-06,0.00022575351623829688,0.03195283136781322,0.03195283136781322,0.16,1.0032289253441453,1.7663666270606093e-06,0.08308202222212678,0.07328922529820076,0.030249957925000005,0.034619434521090266,-0.0017697094407786856,-0.0009721543546869493,0.0017764246500000039,0.0829893727861359,0.06904346921213769,-9.264943599088249e-05,-0.004245756086063063,-0.004287303668595201,1.0198513846115718,1.5700852948371836e-05,-0.004403115463583804,0.051770464509073244,0.051770464509073244,0.16,0.9903091579827953,1.6012536618979695e-05,0.08381085226805247,0.07370574585899967,0.029361745600000003,0.03318180726448337,-0.00160582990203912,-0.0008194745845880999,-0.0031950482101229458,0.08355157532094241,0.07685034580992772,-0.0002592769471100598,0.0031445999509280564,0.003123014333491669,0.9864161200559104,8.180075686337434e-06,0.0027989181496040944,0.02165039109786973,0.02165039109786973,0.16,1.00691178942245,8.06895852028066e-06]"
/multi_agv/m2b_algorithm_state,1789558479.356968,1789558479.356968,m2b_algorithm_state_v1:header6+3x20,"[1.0,-0.15,0.52,0.08517468778683486,0.07428390159175312,1789558479.3568316,0.08487216327632877,0.0741791217375326,0.029361745600000003,0.03341814345320317,-0.001607544116155363,-0.0009209150675341499,-0.004401524124166946,0.08391339200617029,0.07556466296927537,-0.0009587712701584761,0.0013855412317427679,0.0013813234176392381,0.9939400311337312,1.5973020097325047e-06,0.00018285932994114304,0.03213569336487102,0.03213569336487102,0.16,1.0030534587698066,1.5876224092834972e-06,0.08383064988689368,0.07362523919923493,0.030249957925000005,0.03461381257314707,-0.0017707804059499815,-0.0009691834143632921,0.0017764246500000039,0.08367405767622822,0.06904346921213769,-0.00015659221066545437,-0.004581769987097237,-0.004630082629961793,1.0214150229323828,1.824772166537652e-05,-0.0048258228932936105,0.05334718222356713,0.05334718222356713,0.16,0.9895654901379255,1.8638497043304295e-05,0.08455991690340857,0.07404054007530055,0.029361745600000003,0.033176790261935915,-0.0016077457167716896,-0.0008163234423222286,-0.003171864994458517,0.0842554632941609,0.07622104899491595,-0.0003044536092476624,0.0021805089196154093,0.0021701020047098776,0.990524513113979,3.9279802376756635e-06,0.0017895349931502996,0.025761694117557115,0.025761694117557115,0.16,1.0047955878953825,3.890760712445018e-06]"
/multi_agv/m2b_algorithm_state,1789558479.3670244,1789558479.3670244,m2b_algorithm_state_v1:header6+3x20,"[1.0,-0.15,0.52,0.08593522674035531,0.07462094673586082,1789558479.3668587,0.08562620670971251,0.07451395931552292,0.029361745600000003,0.0334144171526654,-0.001609912882830741,-0.0009180891410762056,-0.004363201359585091,0.08431566539126067,0.07530421848279766,-0.0013105413184518327,0.0007902591672747372,0.0007888867435606371,0.9965358874064246,5.187679934305268e-07,-0.0008492899045041538,0.036083691389476404,0.036083691389476404,0.16,1.0017396967629417,5.169709226913403e-07,0.08458408515685625,0.0739618239712809,0.030249957925000005,0.03460818593533946,-0.0017718078899358197,-0.0009662328614166299,0.0017764246500000039,0.08434977374929391,0.07154148228021115,-0.00023431140756234592,-0.0024203416910697495,-0.0024335785816388972,1.0110272297269323,5.071542613448994e-06,-0.0027264678410918296,0.04524204703980829,0.04524204703980829,0.16,0.9945607301654367,5.1274676789174225e-06,0.08531377149393582,0.07437592148845551,0.029361745600000003,0.03317245743816073,-0.0016096334211970573,-0.0008134829176050296,-0.0031469551974803106,0.0844880434880585,0.07653693526443232,-0.0008257280058773242,0.002161013775976814,0.002150829375032839,0.990642899848655,3.849610897413572e-06,0.0011186693676861837,0.028173901795514652,0.028173901795514652,0.16,1.0047351040776162,3.813589702702764e-06]"
/multi_agv/m2b_algorithm_state,1789558479.377321,1789558479.377321,m2b_algorithm_state_v1:header6+3x20,"[1.0,-0.15,0.52,0.08669873443671217,0.07495772410540882,1789558479.3771327,0.08638699667964908,0.07485024788117763,0.029361745600000003,0.03340595333491536,-0.0016122889983758463,-0.000913208362421097,-0.004322320628353195,0.08505827322009572,0.07531861252980938,-0.0013287234595533576,0.0004683646486317583,0.0004678833535690047,0.9979480279544366,1.8185093047515752e-07,-0.0011930209708726923,0.03743949069254692,0.03743949069254692,0.16,1.0010286646427626,1.814777774493628e-07,0.08534430002660975,0.07429982233707466,0.030249957925000005,0.03460270325177557,-0.0017727801412366628,-0.0009633731963585024,0.0017764246500000039,0.08506435554307634,0.07154148228021115,-0.00027994448353341195,-0.002758340056863512,-0.002775506245030362,1.0125625401377978,6.573869379034602e-06,-0.003125436849447127,0.04676435502538259,0.04676435502538259,0.16,0.9938151145587991,6.656453876969364e-06,0.08607438351480709,0.0747127699893302,0.029361745600000003,0.0331648796674678,-0.0016115051199612485,-0.0008092458339245315,-0.0031203827221795797,0.0853569991918238,0.07831341930961568,-0.0007173843229832944,0.003600649320285476,0.0035727545155599377,0.9846932664095446,1.0648012900434002e-05,0.0026760241118308197,0.021844219764031947,0.021844219764031947,0.16,1.0078076466222496,1.0485026603699326e-05]"
/multi_agv/m2b_algorithm_state,1789558479.3870585,1789558479.3870585,m2b_algorithm_state_v1:header6+3x20,"[1.0,-0.15,0.52,0.08746142195174245,0.07529255578218226,1789558479.3869364,0.08715074738259748,0.07518624693334011,0.029361745600000003,0.033393094311322424,-0.0016146089110414675,-0.0009064537309620667,-0.004279027207076036,0.08585098015836165,0.07572851327715596,-0.0012997672242358316,0.0005422663438158504,0.00054162394673646,0.9976350274768023,2.4315200014997375e-07,-0.0010830850835583294,0.037003349762073263,0.037003349762073263,0.16,1.0011860573803302,2.425769523506585e-07,0.08610749381693174,0.07463758329123317,0.030249957925000005,0.03459697399984172,-0.0017737218593413262,-0.0009604224425269481,0.0017764246500000039,0.08609110179668694,0.07315053677367007,-1.6392020244795913e-05,-0.0014870465175630954,-0.0014919743644530728,1.006660928448743,1.9042569618698513e-06,-0.0015124643897590677,0.04058956394370189,0.04058956394370189,0.16,0.9966970968085072,1.9169410812408873e-06,0.08683796211060732,0.07504934209165318,0.029361745600000003,0.03315438410439099,-0.001613329302004727,-0.0008037700301981128,-0.0030922419983494265,0.08651543403143294,0.0803789228205756,-0.00032252807917437787,0.005329580728922423,0.005269402783837769,0.9778221641816441,2.323395884384084e-05,0.004866242684869797,0.012965998870169568,0.012965998870169568,0.16,1.0114202590982853,2.27186799191917e-05]"
/multi_agv/m2b_algorithm_state,1789558479.397076,1789558479.397076,m2b_algorithm_state_v1:header6+3x20,"[1.0,-0.15,0.52,0.08822955927410853,0.0756282252597239,1789558479.3969438,0.08791367603109866,0.07552025280831354,0.029361745600000003,0.03338606717268115,-0.0016168133733212848,-0.0009022834213383011,-0.004232893794111385,0.08711329573079152,0.07668724589749329,-0.0008003803003071436,0.001166993089179752,0.0011640415933164248,0.9949616222444625,1.1229575602152784e-06,0.00016356621793249537,0.0322732040992541,0.0322732040992541,0.16,1.0025355587637708,1.117299675823477e-06,0.08686987021583961,0.07497348353002169,0.030249957925000005,0.03459064652275569,-0.001774655207708517,-0.0009572167564816936,0.0017764246500000039,0.08684743582751504,0.07348178162645314,-2.2434388324568677e-05,-0.0014917019035685514,-0.0014966420999461061,1.0066569111581134,1.911879166718736e-06,-0.001524685085351817,0.040628400822285304,0.040628400822285304,0.16,0.9966991464574378,1.9246063764766305e-06,0.08760071960828908,0.07538393100821153,0.029361745600000003,0.03314771658794404,-0.0016150772330626277,-0.00079999072277071,-0.003062255279922402,0.08731896806767432,0.08042777944279302,-0.00028175154061475804,0.0050438484345814855,0.0049900518499313385,0.9790306822087756,2.0768640494247698e-05,0.004637862424162891,0.013950691766094397,0.013950691766094397,0.16,1.010780766666961,2.0333136271632128e-05]"
/multi_agv/m2b_algorithm_state,1789558479.407033,1789558479.407033,m2b_algorithm_state_v1:header6+3x20,"[1.0,-0.15,0.52,0.08900058846522185,0.07596359348112312,1789558479.4069293,0.08868204107681853,0.07585508914171303,0.029361745600000003,0.0333755812066822,-0.0016189991286063707,-0.000896625188831701,-0.004183984917533284,0.08790152671255039,0.07641628234965614,-0.0007805143642681395,0.0005611932079431087,0.0005605104651922008,0.9975714295140312,2.5921622671312787e-07,-0.00041513249014297354,0.03459988385107529,0.03459988385107529,0.16,1.0012180731552867,2.5858670183544817e-07,0.08763771343422533,0.07531021687194343,0.030249957925000005,0.03458429072621837,-0.001775537519649581,-0.0009540251633414071,0.0017764246500000039,0.0876551115277549,0.07386474757500877,1.7398093529574776e-05,-0.0014454692969346622,-0.0014500889972195623,1.0064231742708334,1.7910826506788137e-06,-0.0014283413803075939,0.04026344270666282,0.04026344270666282,0.16,0.9968141953399011,1.80258708667759e-06,0.08836892331128171,0.07571936976551524,0.029361745600000003,0.03313864792169808,-0.0016167945223308665,-0.0007951876256286766,-0.003030464510146635,0.08793194915593322,0.07852273311215235,-0.0004369741553484907,0.002803363346637111,0.0027865564423314015,0.9881228445527894,6.4146262015170366e-06,0.002240338748145788,0.023795817221668465,0.023795817221668465,0.16,1.0060314243237247,6.338438688985869e-06]"
/multi_agv/m2b_algorithm_state,1789558479.4169326,1789558479.4169326,m2b_algorithm_state_v1:header6+3x20,"[1.0,-0.15,0.52,0.08977195593434999,0.07629754442585703,1789558479.4168365,0.0894532889795978,0.07618959729793519,0.029361745600000003,0.03336185768441874,-0.001621123349318568,-0.0008895969397934823,-0.004132398756136783,0.08852909910831044,0.07499925810444123,-0.0009241898712873536,-0.0011903391934939556,-0.0011934356792309235,1.005223649979719,1.1651363456648454e-06,-0.002348673018340116,0.04218317375675403,0.04218317375675403,0.16,0.9974054020749878,1.1712226101132472e-06,0.08840846008150859,0.07564668499514078,0.030249957925000005,0.034577644097274936,-0.0017763851511397866,-0.0009507254579469993,0.0017764246500000039,0.08839419598735165,0.07386474757500877,-1.4264094156932194e-05,-0.0017819374201320098,-0.0017889474314726694,1.007915247498382,2.7165979708801867e-06,-0.0018067775491688346,0.041728572861265675,0.041728572861265675,0.16,0.9960814883560392,2.7381005161733053e-06,0.08914001633455916,0.07605449815029337,0.029361745600000003,0.033127389339117665,-0.0016184598184905974,-0.0007894631733839125,-0.002996933505238911,0.08866148039506533,0.07875392504922732,-0.0004785359394938321,0.002699426898933946,0.0026838916219666144,0.9885948419596793,5.934224153992624e-06,0.0020857216975993242,0.0243931955108632,0.0243931955108632,0.16,1.0057883399017238,5.86654338966965e-06]"
/multi_agv/m2b_algorithm_state,1789558479.4270155,1789558479.4270155,m2b_algorithm_state_v1:header6+3x20,"[1.0,-0.15,0.52,0.09055671501180595,0.07663576039576425,1789558479.426911,0.0902248702097718,0.07652264377042041,0.029361745600000003,0.03336019738808693,-0.0016231461251690798,-0.0008878437780221707,-0.0040771398538800175,0.08911198735869005,0.07473476819393289,-0.0011128828510817423,-0.0017878755764875187,-0.0017948630291431055,1.0078638294343885,2.6243807877486553e-06,-0.0031859665929952832,0.0453679285875095,0.0453679285875095,0.16,0.9961069716506875,2.6450184706343967e-06,0.08917955167577855,0.07598180855692063,0.030249957925000005,0.034570470232836284,-0.0017772127757143263,-0.0009472076068091639,0.0017764246500000039,0.08910733375332343,0.07590536472438966,-7.22179224551256e-05,-7.64438325309702e-05,-7.645653722000645e-05,1.0003324786599972,4.980896219040977e-09,-0.00016672894028891346,0.035196522399848176,0.035196522399848176,0.16,0.9998338312262339,4.982552260741469e-09,0.08991144591749964,0.07638818095023002,0.029361745600000003,0.03312394970130943,-0.0016200536425105758,-0.0007871607069549471,-0.0029610152187720135,0.08947688213321217,0.08096273526606358,-0.0004345637842874672,0.004574554315833562,0.004530669144851372,0.9811097823664491,1.697536856506361e-05,0.003987464414492038,0.01654924832584714,0.01654924832584714,0.16,1.0096862449186035,1.665470015845982e-05]"
/multi_agv/m2b_algorithm_state,1789558479.437088,1789558479.437088,m2b_algorithm_state_v1:header6+3x20,"[1.0,-0.15,0.52,0.09132986808758542,0.07696736888080447,1789558479.4369185,0.09100981438039914,0.07685998972918895,0.029361745600000003,0.03333270174189622,-0.001625261754336126,-0.0008748567782861337,-0.0040199157378770535,0.08999432763812372,0.07651128397590462,-0.0010154867422754177,-0.0003487057532843285,-0.0003489679708949912,1.0015057245383314,9.942404409526248e-08,-0.0016183263987392632,0.0392247338755034,0.0392247338755034,0.16,0.9992485911816198,9.957374931815686e-08,0.08996407048548917,0.0763210927265051,0.030249957925000005,0.03456389170306565,-0.001777933578950383,-0.0009440030077774303,0.0017764246500000039,0.08986036301948525,0.07590536472438966,-0.00010370746600392444,-0.0004157280021154369,-0.0004161031664983137,1.001807393663135,1.4702429224183437e-07,-0.0005457374990032193,0.03668396469337271,0.03668396469337271,0.16,0.9990983861381446,1.4729002301595918e-07,0.09069626016952959,0.07672619873159868,0.029361745600000003,0.03310331077895145,-0.0016216657833825615,-0.0007774022177897393,-0.002923819543370086,0.09042711196780975,0.0825555192677329,-0.0002691482017198321,0.005829320536134219,0.005758934177624354,0.9763267137273076,2.7457821740297113e-05,0.005422498925474564,0.010618119654599946,0.010618119654599946,0.16,1.0122221154711828,2.6807804865814502e-05]"
/multi_agv/m2b_algorithm_state,1789558479.4470925,1789558479.4470925,m2b_algorithm_state_v1:header6+3x20,"[1.0,-0.15,0.52,0.09211706274841851,0.07730349008807415,1789558479.446913,0.09178316908921025,0.07719060382752156,0.029361745600000003,0.03333020189716024,-0.0016270893125710367,-0.0008728409415770823,-0.003958761929288328,0.09088056970523699,0.07754519111807395,-0.0009025993839732599,0.00035458729055239113,0.00035431845817748256,0.9984855113049419,1.0253066977531885e-07,-0.0007739307717890923,0.03592238507717057,0.03592238507717057,0.16,1.0007587309345705,1.0237538823504739e-07,0.09073696348770974,0.07665401531389052,0.030249957925000005,0.03455568182490426,-0.0017787137996270325,-0.000940060700741846,0.0017764246500000039,0.09081951973875048,0.07668764360177206,8.255625104074127e-05,3.3628287881545815e-05,3.3625849805529945e-05,0.9998550150131987,9.59464424903273e-10,0.00013682116360645653,0.0340547524417046,0.0340547524417046,0.16,1.000072506004457,9.593253169662922e-10,0.09146947168583626,0.07705748750100132,0.029361745600000003,0.03309923141691188,-0.0016231173806667415,-0.0007748961220193627,-0.0028840695677874147,0.0911370347317095,0.08123830848416701,-0.0003324369541267552,0.0041808209831656895,0.004144348600104597,0.9827994064105996,1.4116706164804381e-05,0.003728802407446153,0.017675184483235892,0.017675184483235892,0.16,1.0088005104252504,1.3873890439242598e-05]"
/multi_agv/m2b_algorithm_state,1789558479.4570873,1789558479.4570873,m2b_algorithm_state_v1:header6+3x20,"[1.0,-0.15,0.52,0.09290322046401678,0.07763759575537067,1789558479.4568963,0.092570534089509,0.07752576468075238,0.029361745600000003,0.0333114200474321,-0.0016290146489230679,-0.0008637246615417953,-0.0038947329373526054,0.09169979670180245,0.07770540623181661,-0.0008707373877065439,0.0001796415510642302,0.00017957273340934668,0.9992343007161838,2.6252286706664756e-08,-0.0009088490012238331,0.03645965831394545,0.03645965831394545,0.16,1.0003832299791675,2.6232185349534924e-08,0.09152393718669646,0.0769913419297001,0.030249957925000005,0.03454808427510976,-0.0017793766851661313,-0.0009364444751221723,0.0017764246500000039,0.09126398743607203,0.07570150087647522,-0.00025994975062443304,-0.0012898410532248827,-0.0012934463176930734,1.0056146958388965,1.4099494682042956e-06,-0.0016183835059736147,0.04083345709488026,0.04083345709488026,0.16,0.9972126678789262,1.4178659056164766e-06,0.09225671696905006,0.07739336365376999,0.029361745600000003,0.0330841205270627,-0.0016245874535786263,-0.0007676041172715751,-0.0028424507230291945,0.0918347086546766,0.08004356483536611,-0.0004220083143734593,0.002650201181596118,0.0026354500363218827,0.9889678964675823,5.666558208216156e-06,0.0021079396433550585,0.024296353814502222,0.024296353814502222,0.16,1.0055972016433377,5.604044151390645e-06]"
/multi_agv/m2b_algorithm_state,1789558479.4669821,1789558479.4669821,m2b_algorithm_state_v1:header6+3x20,"[1.0,-0.15,0.52,0.09369711065692969,0.07797344413521623,1789558479.466823,0.09335685875626606,0.07785884677405834,0.029361745600000003,0.033300341115728396,-0.0016308061383687165,-0.0008580126568772716,-0.0038270265079316263,0.09185781890003493,0.07622829389417825,-0.0014990398562311352,-0.0016305528798800928,-0.0016362708483341557,1.0070524063337032,2.1611293168032418e-06,-0.003510070668623075,0.04639053426588572,0.04639053426588572,0.16,0.9965054877926326,2.1763704788850167e-06,0.09230987856040446,0.07732675851958172,0.030249957925000005,0.03453973972548392,-0.0017800257108369355,-0.0009325117073668426,0.0017764246500000039,0.09208372531183662,0.07679387062078114,-0.0002261532485678397,-0.0005328878988005853,-0.0005334977807628509,1.0022931072654975,2.39959929734126e-07,-0.0008161893414726505,0.037668849109944794,0.037668849109944794,0.16,0.9988568238064767,2.4051018359242755e-07,0.09304292407537978,0.07772718197247194,0.029361745600000003,0.03307400531686394,-0.001625966923620355,-0.0007625217986150122,-0.002798441543905559,0.09243790941605848,0.08113312003559642,-0.0006050146593213068,0.003405938063124475,0.0033817918850469328,0.9859849395673617,9.33102496488105e-06,0.0026255235608952992,0.02204191173405904,0.02204191173405904,0.16,1.0071400544144387,9.200250086099785e-06]"
/multi_agv/m2b_algorithm_state,1789558479.4770577,1789558479.4770577,m2b_algorithm_state_v1:header6+3x20,"[1.0,-0.15,0.52,0.09449356435856061,0.07830880910458056,1789558479.47694,0.0941508955511647,0.07819365905935009,0.029361745600000003,0.033282963521372444,-0.0016325915632007678,-0.0008495763360647029,-0.0037559768374768555,0.09250211878495482,0.07596886842365479,-0.001648776766209878,-0.0022247906356953062,-0.0022354380244586722,1.0096440576711536,4.015178162608413e-06,-0.00429640898222102,0.04936088981229588,0.04936088981229588,0.16,0.9952370011394326,4.053900772368565e-06,0.093103577902989,0.07766390694066137,0.030249957925000005,0.03453137911428117,-0.0017805982618220445,-0.0009286115836645847,0.0017764246500000039,0.09284650316276323,0.07679387062078114,-0.0002570747402257656,-0.000870036319880238,-0.0008716595124687092,1.003742346923884,6.383828572871782e-07,-0.0011930029377509163,0.039138396781754486,0.039138396781754486,0.16,0.9981378134865139,6.407719074094072e-07,0.09383685851663534,0.07806276640563724,0.029361745600000003,0.033059516033774994,-0.0016273133317711887,-0.0007555625584281852,-0.002752259258109958,0.09345734648618516,0.08344738924138644,-0.00037951203045018256,0.005384622835749198,0.005325307106889932,0.9783711888490039,2.3221295954030678e-05,0.004850917068827204,0.012914012420325655,0.012914012420325655,0.16,1.011138461626471,2.2719046929159557e-05]"
/multi_agv/m2b_algorithm_state,1789558479.4869876,1789558479.4869876,m2b_algorithm_state_v1:header6+3x20,"[1.0,-0.15,0.52,0.09528582900365966,0.07864083759488573,1789558479.4869244,0.09494748502126898,0.07852794042285077,0.029361745600000003,0.0332583067349273,-0.001634289400611534,-0.0008380332356312326,-0.0036821501284992025,0.09367674646397023,0.0772189469786811,-0.0012707385572987562,-0.0013089934441696677,-0.0013126423992011443,1.0056000567550225,1.3851113723157178e-06,-0.0029010655958245897,0.04407770291676462,0.04407770291676462,0.16,0.997220145384838,1.392868074612713e-06,0.09389985445234496,0.0780006368457312,0.030249957925000005,0.034522520126362255,-0.0017811297186469954,-0.0009245167765480761,0.0017764246500000039,0.09412681540616182,0.07911479497647268,0.0002269609538168571,0.0011141581307414772,0.0011115420015359453,0.9953216193439781,1.0427122871239728e-06,0.0013952431938070167,0.029038715389959353,0.029038715389959353,0.16,1.0023536035542668,1.0378340821300956e-06,0.09463335360206793,0.07839785004515971,0.029361745600000003,0.03304016152791048,-0.0016285877263012317,-0.0007465337729108969,-0.0027042718972744833,0.09436989315510005,0.08265012169195665,-0.0002634604469678725,0.004252271646796937,0.004215138966503505,0.9827875452520008,1.4460189036098324e-05,0.0038858134077936644,0.017014565319876017,0.017014565319876017,0.16,1.008809360874817,1.4211293686666969e-05]"
/multi_agv/m2b_algorithm_state,1789558479.497624,1789558479.497624,m2b_algorithm_state_v1:header6+3x20,"[1.0,-0.15,0.52,0.09609312718913952,0.0789776461869227,1789558479.49746,0.09573988641555935,0.07885879880779068,0.029361745600000003,0.03325104619311918,-0.0016358023522814067,-0.0008341182620391933,-0.0036036375068629503,0.09468637549796713,0.07944796030907914,-0.001053510917592218,0.0005891615012884599,0.0005884345684395137,0.9975372658434621,2.795292354023822e-07,-0.0007284540785507589,0.03557810751567199,0.03557810751567199,0.16,1.0012353673423267,2.7884082920660586e-07,0.09469194135087863,0.07833418205890007,0.030249957925000005,0.034512612520177295,-0.0017816629583430887,-0.0009199666079569707,0.0017764246500000039,0.0948319243215876,0.07731682660097092,0.00013998297070896837,-0.0010173554579291505,-0.0010195601212855284,1.0043491101131472,8.690166340289153e-07,-0.0008445814078993179,0.03795139698978938,0.03795139698978938,0.16,0.9978376328081583,8.727960830604637e-07,0.09542565924454101,0.07872953191796643,0.029361745600000003,0.03303216624248566,-0.0016297454542691311,-0.0007424836709917708,-0.002653238693210919,0.09510163330568577,0.08143200800740855,-0.00032402593885523523,0.0027024760894421157,0.0026873770800625663,0.9889285652180438,5.836142434838608e-06,0.0022823446564935223,0.023593195322747243,0.023593195322747243,0.16,1.0056184930248782,5.771527964493086e-06]"
/multi_agv/m2b_algorithm_state,1789558479.5073795,1789558479.5073795,m2b_algorithm_state_v1:header6+3x20,"[1.0,-0.15,0.52,0.09690103573026287,0.07931312370065373,1789558479.507245,0.09654728504511237,0.0791944573687861,0.029361745600000003,0.03322821509647267,-0.0016374038967874299,-0.0008234149755139918,-0.0035217014384843304,0.09559126783043322,0.0806028654937068,-0.0009560172146791529,0.0014084081249206987,0.001404293091501967,0.994184531887037,1.5920012672725214e-06,0.00020927157315302593,0.031841378924221536,0.031841378924221536,0.16,1.0029303237647709,1.5827430346669014e-06,0.09549910697302491,0.07867241255649438,0.030249957925000005,0.03450319920274673,-0.001782060648343839,-0.0009157008912849263,0.0017764246500000039,0.09549665150803172,0.07674840514477313,-2.4554649931951555e-06,-0.0019240074117212458,-0.001931910676268692,1.008269276099267,3.1033462595028536e-06,-0.001934980007510186,0.042165359381249164,0.042165359381249164,0.16,0.9959090942223525,3.1290086865543106e-06,0.09623298954928129,0.07906606863548758,0.029361745600000003,0.033013518706310786,-0.0016309078302995193,-0.0007338185876785749,-0.0025999802487648156,0.09580054473220663,0.08059616832289629,-0.000432444817074662,0.0015300996874087064,0.001525239636960166,0.9936805281847545,1.8680674294260487e-06,0.0009846836156168386,0.02879834297449808,0.02879834297449808,0.16,1.0031864176164649,1.8562622299568127e-06]"
/multi_agv/m2b_algorithm_state,1789558479.517416,1789558479.517416,m2b_algorithm_state_v1:header6+3x20,"[1.0,-0.15,0.52,0.09771031022519311,0.07964759350255428,1789558479.5172818,0.09735528572604883,0.07952871630664454,0.029361745600000003,0.03320515296167503,-0.0016388773496920721,-0.0008126776879133987,-0.0034362053175066814,0.09624945657502973,0.07929716319119451,-0.0011058291510191026,-0.00023155311545003388,-0.00023166516172518507,1.00096854532281,4.297833022173358e-08,-0.0016139516004990634,0.039032568431379575,0.039032568431379575,0.16,0.9995163438718331,4.301995668245203e-08,0.0963068934364997,0.0790094160208521,0.030249957925000005,0.034493027967997,-0.001782426881289545,-0.0009111230394048958,0.0017764246500000039,0.09626133662189222,0.07674840514477313,-4.5556814607480844e-05,-0.002261010876078967,-0.0022719080963927063,1.0097135841995808,4.2770495640889805e-06,-0.0023288541146520574,0.043675465702336734,0.043675465702336734,0.16,0.9952034942209848,4.318595045155539e-06,0.09704092802824012,0.07940123877446455,0.029361745600000003,0.03299462013498426,-0.0016319753384495348,-0.0007250936676909399,-0.002544407770129344,0.09675255934146751,0.08222030746539588,-0.0002883686867726082,0.002819068690931334,0.002802779169704023,0.9885544416691985,6.317628855781303e-06,0.0024423183112382628,0.02292293216498007,0.02292293216498007,0.16,1.0058119174722677,6.245320066200103e-06]"
/multi_agv/m2b_algorithm_state,1789558479.5271187,1789558479.5271187,m2b_algorithm_state_v1:header6+3x20,"[1.0,-0.15,0.52,0.09851979793843929,0.07998058168806593,1789558479.526978,0.09816464160370778,0.07986190237846455,0.029361745600000003,0.03317999941740965,-0.0016402328694305264,-0.0008010955411022363,-0.003347214600041097,0.09648350052627605,0.07921963085453794,-0.0016811410774317248,-0.0006422715239266102,-0.0006431326721050318,1.0026874565050334,3.2988077919448364e-07,-0.0027445590188946876,0.043182055313218275,0.043182055313218275,0.16,0.9986610100593973,3.3076731944041537e-07,0.09711605952636086,0.07934550573655348,0.030249957925000005,0.03448215718844285,-0.0017827520964967675,-0.0009062632980023633,0.0017764246500000039,0.09713517593463794,0.07930991569590624,1.911640827707839e-05,-3.5590040647237586e-05,-3.55926897082824e-05,1.0001488833758025,1.0553347026446095e-09,-1.169717936193441e-05,0.03453968737621878,0.03453968737621878,0.16,0.9999255728896431,1.0554918244377407e-09,0.09785022954551072,0.07973537239264478,0.029361745600000003,0.03297422398864958,-0.0016329514509036873,-0.0007157673349323067,-0.002486563803776715,0.09739121827948649,0.08346569892829668,-0.0004590112660242257,0.003730326535651904,0.0037020907077080652,0.9850542690156552,1.10243481902235e-05,0.003128326625177783,0.019965647476287703,0.019965647476287703,0.16,1.0076269951692565,1.0859581247894671e-05]"
/multi_agv/m2b_algorithm_state,1789558479.5374653,1789558479.5374653,m2b_algorithm_state_v1:header6+3x20,"[1.0,-0.15,0.52,0.0993332232588522,0.08031363423478527,1789558479.5372536,0.0989742012598537,0.08019353447909791,0.029361745600000003,0.03315721821125712,-0.0016414533977055956,-0.000790610313189674,-0.0032542459292281586,0.09735296527346043,0.08017020597249894,-0.0016212359863932713,-2.332850659897412e-05,-2.3329633553848604e-05,1.0000966238278042,4.338353520651056e-10,-0.0020498746165454377,0.04044398720202905,0.04044398720202905,0.16,0.9999516942744994,4.338772708974589e-10,0.09792545104434282,0.07968022227056518,0.030249957925000005,0.034470491951605814,-0.0017830406822893913,-0.0009010782525022826,0.0017764246500000039,0.09788342039936122,0.07811083820510416,-4.203064498159437e-05,-0.0015693840654610186,-0.0015745692340614539,1.0066433337833856,2.049969296876695e-06,-0.0016271075402884468,0.04090385742220148,0.04090385742220148,0.16,0.9967069287978778,2.0635879271615393e-06,0.09865974151112132,0.08006798831453472,0.029361745600000003,0.032955252746245625,-0.0016338275868150107,-0.0007071095393394958,-0.0024261341677483043,0.09819654015679596,0.08211022288257915,-0.00046320135432535714,0.002042234568044421,0.0020337066454495984,0.9917067402501031,3.3009979080633084e-06,0.001454704952542902,0.026812951285473077,0.026812951285473077,0.16,1.0041932904206727,3.273621874977873e-06]"
/multi_agv/m2b_algorithm_state,1789558479.5470612,1789558479.5470612,m2b_algorithm_state_v1:header6+3x20,"[1.0,-0.15,0.52,0.10014542524729712,0.0806446204354598,1789558479.5468655,0.09978768084155232,0.08052517643055203,0.029361745600000003,0.03312841846960557,-0.0016425885413428338,-0.0007775627215047094,-0.0031578276711377957,0.0983071506415487,0.08184801312692702,-0.0014805302000036186,0.0013228366963749932,0.0013192601180805784,0.9946170521431403,1.3894481820492353e-06,-0.0005314026319239449,0.03442637870969305,0.03442637870969305,0.16,1.0027110485986785,1.381968854935456e-06,0.09873880260758158,0.080015066933231,0.030249957925000005,0.034458304750901,-0.001783261953811871,-0.0008957019046628018,0.0017764246500000039,0.09853571591427024,0.07708572929106156,-0.000203086693311344,-0.0029293376421694467,-0.0029475013030792136,1.0125254990450585,7.133388636625953e-06,-0.0032013596697183936,0.04696171687416697,0.04696171687416697,0.16,0.9938376071655027,7.222737889182043e-06,0.09947318632742272,0.08040065934057278,0.029361745600000003,0.03293212563013993,-0.0016346238769479942,-0.0006966932021540773,-0.002363462299989569,0.0988646520270787,0.08093735597034385,-0.0006085343003440213,0.0005366966297710718,0.0005361038677195003,0.997795129684118,2.2767622519288603e-07,-0.00022456400771052635,0.03348901370352846,0.03348901370352846,0.16,1.0011056850869084,2.2717422864232615e-07]"
/multi_agv/m2b_algorithm_state,1789558479.557113,1789558479.557113,m2b_algorithm_state_v1:header6+3x20,"[1.0,-0.15,0.52,0.10096325640978154,0.0809763570756671,1789558479.5568383,0.10059992885786367,0.08085466900319056,0.029361745600000003,0.033104775154061926,-0.0016435652846453924,-0.0007668298464079705,-0.0030570702513049537,0.09919327404256771,0.08140806049283385,-0.001406654815295963,0.0005533914896432846,0.000552764673396231,0.9977389341010531,2.426853730775741e-07,-0.0012055538457237227,0.03714545288350466,0.03714545288350466,0.16,1.001133965821662,2.4213664545633516e-07,0.09955094174177653,0.08034797376324879,0.030249957925000005,0.034445188815643506,-0.0017834505165617853,-0.0008899400166330201,0.0017764246500000039,0.09930542609444327,0.07708572929106156,-0.00024551564733325815,-0.0032622444721872312,-0.003284735945158902,1.0139430286814681,8.828579050252296e-06,-0.0035916305043254748,0.04843973479607788,0.04843973479607788,0.16,0.9931527302811604,8.951676181166572e-06,0.10028540514225118,0.08073121853994003,0.029361745600000003,0.03291225209586896,-0.0016353073797581233,-0.0006877439420396405,-0.0022979699770982213,0.09963865110496417,0.08056803614476235,-0.0006467540372870062,-0.00016318239517768007,-0.0001632372455856816,1.0006726347807422,2.100719711400776e-08,-0.0009716797921944393,0.036432497374895824,0.036432497374895824,0.16,0.9996639834995702,2.102132728543255e-08]"
/multi_agv/m2b_algorithm_state,1789558479.5670621,1789558479.5670621,m2b_algorithm_state_v1:header6+3x20,"[1.0,-0.15,0.52,0.10179193180964378,0.08131094140830857,1789558479.5668716,0.10141778315313545,0.08118486136778261,0.029361745600000003,0.03308403974942645,-0.001644473905157597,-0.0007573912706440836,-0.002951172834136896,0.09960385831843618,0.07999502036743894,-0.0018139248346992626,-0.0011898410003436666,-0.001192762286985407,1.0049304333369546,1.1206977194382798e-06,-0.003460168330359485,0.045832305421718,0.045832305421718,0.16,0.9975508224282277,1.1262232448348475e-06,0.1003687390762045,0.08068167918024495,0.030249957925000005,0.03443163538811099,-0.0017835520007310895,-0.0008840336862664527,0.0017764246500000039,0.10043280543953935,0.07976942456769624,6.406636333484983e-05,-0.0009122546125487074,-0.0009139786435638295,1.0037915290014763,6.874653556348527e-07,-0.0008338956893952672,0.037787806193354034,0.037787806193354034,0.16,0.9981137075496649,6.900719004682524e-07,0.10110324700000464,0.08106253067897375,0.029361745600000003,0.032893946301810625,-0.001635914986225096,-0.0006795127060427917,-0.002229136655938984,0.10074765538836976,0.08305634785556902,-0.00035559161163488395,0.001993817176595275,0.001985780049787213,0.991993079583302,3.12253313570458e-06,0.001541290535243608,0.026465587784576892,0.026465587784576892,0.16,1.0040473398898955,3.097531261388491e-06]"
/multi_agv/m2b_algorithm_state,1789558479.5770125,1789558479.5770125,m2b_algorithm_state_v1:header6+3x20,"[1.0,-0.15,0.52,0.10262101380578532,0.08164409540142133,1789558479.5769207,0.10224644765433376,0.0815178699661983,0.029361745600000003,0.03305189532936964,-0.0016453757790638388,-0.0007430150399477444,-0.002841350325767672,0.1002811602381078,0.07927132198360948,-0.0019652874162259526,-0.0022465479825888174,-0.002256997457526075,1.0093745091010569,3.987073817427964e-06,-0.004713606727808515,0.0506100636537182,0.0506100636537182,0.16,0.9953701875461077,4.024450677216028e-06,0.10119742315033117,0.08101822844952435,0.030249957925000005,0.034417955896755704,-0.0017835259779378082,-0.0008781388763526299,0.0017764246500000039,0.10122529656496004,0.07976942456769624,2.7873414628870608e-05,-0.0012488038818281033,-0.0012520294286653714,1.005187946898022,1.2856003436097419e-06,-0.0012171876603792832,0.03927195067236443,0.03927195067236443,0.16,0.9974237451904733,1.2922699699244682e-06,0.1019319246242664,0.08139672580920303,0.029361745600000003,0.03286773027782478,-0.0016364690792906571,-0.000667883391406097,-0.002157752025498988,0.10172245606314254,0.08418943027647983,-0.00020946856112386003,0.0027927044672768075,0.002777083957053536,0.9889206193362756,6.105117744708209e-06,0.002515248255648711,0.022550214607762617,0.022550214607762617,0.16,1.0056247886145455,6.037476821217728e-06]"
/multi_agv/m2b_algorithm_state,1789558479.586948,1789558479.586948,m2b_algorithm_state_v1:header6+3x20,"[1.0,-0.15,0.52,0.10344995763947935,0.0819756067375393,1789558479.5868301,0.10307550587580802,0.08184936015934068,0.029361745600000003,0.033018063986354686,-0.001646123350107076,-0.0007279878171293991,-0.002727629652725507,0.10116183896562986,0.08016140169463294,-0.0019136669101781634,-0.001687958464707734,-0.0016938122736468706,1.0069762325202225,2.243249682827717e-06,-0.004085895911369574,0.04816336308075077,0.04816336308075077,0.16,0.9965440037067786,2.2588991142160388e-06,0.10202653013923875,0.08135347584496869,0.030249957925000005,0.03440332851339749,-0.001783450999639738,-0.0008718586693579472,0.0017764246500000039,0.10237734115571516,0.08039634765230667,0.00035081101647641,-0.0009571281926620129,-0.0009590117927997276,1.003948876787015,7.532276237622818e-07,-0.0005204980222042151,0.036671274288133375,0.036671274288133375,0.16,0.9980358947075972,7.562020268410951e-07,0.10276100540230922,0.08172945019995465,0.029361745600000003,0.03284024474701448,-0.0016369050760618054,-0.0006557651504804241,-0.0020838335880215813,0.10249975987032475,0.0829696057700625,-0.00026124553198446365,0.0012401555701078565,0.0012370543515361277,0.9950199833193603,1.2022592252407023e-06,0.0009104974365555481,0.02902790098470703,0.02902790098470703,0.16,1.0025069380079201,1.1962719542445507e-06]"
/multi_agv/m2b_algorithm_state,1789558479.5971043,1789558479.5971043,m2b_algorithm_state_v1:header6+3x20,"[1.0,-0.15,0.52,0.10428696181807624,0.08230877080742068,1789558479.5969224,0.10390441297905197,0.08217911643835087,0.029361745600000003,0.03299008030033665,-0.0016467088828855682,-0.0007155766897823683,-0.002608783764805902,0.10269138946242796,0.08203546927846778,-0.001213023516624001,-0.00014364715988308963,-0.00014368894439757774,1.000582053688631,1.6181119967433158e-08,-0.0016599683401775792,0.038943741416058955,0.038943741416058955,0.16,0.9997092016044568,1.6190538247996382e-08,0.10285551558282248,0.08168721451276963,0.030249957925000005,0.034387714374345055,-0.0017833261699706365,-0.0008651766743090344,0.0017764246500000039,0.10317704129431857,0.08039634765230667,0.00032152571149608733,-0.0012908668604629525,-0.0012942875593548416,1.0053233656883573,1.3672073391727374e-06,-0.0008923804199847324,0.038113460167420114,0.038113460167420114,0.16,0.9973570796789595,1.3744854838109598e-06,0.10358994435656363,0.08206048926149742,0.029361745600000003,0.03281638857227488,-0.0016372184939856607,-0.0006452818896598364,-0.0020065837608738376,0.10341277086360845,0.08176737720033574,-0.00017717349295517937,-0.000293112061161685,-0.0002932864586933601,1.0011911721138407,6.707155172768244e-08,-0.0005147533248873343,0.03477302059513473,0.03477302059513473,0.16,0.999405367938049,6.715144548973247e-08]"
/multi_agv/m2b_algorithm_state,1789558479.607264,1789558479.607264,m2b_algorithm_state_v1:header6+3x20,"[1.0,-0.15,0.52,0.10511939963713383,0.082638512689544,1789558479.6071453,0.10474134915673212,0.0825104683490304,0.029361745600000003,0.03294915664293321,-0.0016472344094450682,-0.0006975921454281993,-0.0024865430590893097,0.10358219005290967,0.0819622292554369,-0.0011591591038224575,-0.0005482390935935,-0.0005488470615495534,1.002222084613491,2.3503850406289671e-07,-0.0019977959413276253,0.04026976685450796,0.04026976685450796,0.16,0.9988922816597815,2.3556077950635282e-07,0.10369260057276382,0.08202265054261391,0.030249957925000005,0.034371650485265914,-0.001783083735937288,-0.0008583607944203098,0.0017764246500000039,0.10403320314576342,0.0807810714644699,0.0003406025729996015,-0.0012415790781440117,-0.0012447300860110155,1.005097494356491,1.261718359571888e-06,-0.0008189768697615136,0.037817238365260054,0.037817238365260054,0.16,0.9974685211658202,1.2681499617892867e-06,0.1044269357247328,0.08239319353061773,0.029361745600000003,0.032783673051620985,-0.0016374482547883828,-0.0006310048729681926,-0.0019271273021580528,0.10435487473036285,0.08439278884237511,-7.206099436994629e-05,0.0019995953117573767,0.0019916374099724268,0.9920953304667037,3.1063184725199803e-06,0.001901561167009994,0.025063124478965252,0.025063124478965252,0.16,1.0039956579170002,3.0817640515295362e-06]"
/multi_agv/m2b_algorithm_state,1789558479.6173935,1789558479.6173935,m2b_algorithm_state_v1:header6+3x20,"[1.0,-0.15,0.52,0.1059668456224133,0.08297263652725846,1789558479.617246,0.10557371378119096,0.0828382817324471,0.029361745600000003,0.03292400509672346,-0.0016475337752938379,-0.0006865552200165379,-0.0023579075423425036,0.10435025921606904,0.08149806821376358,-0.0012234545651219203,-0.0013402135186835196,-0.0013438525571444957,1.005455650222548,1.4017951790464732e-06,-0.0028731707635468963,0.04366064833605677,0.04366064833605677,0.16,0.9972920850270147,1.4094428832270049e-06,0.10452512632604416,0.0823548543075496,0.030249957925000005,0.03435424639037821,-0.0017828199332689948,-0.0008509751459832154,0.0017764246500000039,0.10483552632144247,0.0807810714644699,0.0003103999953983083,-0.001573782843079699,-0.0015788375205972181,1.0064584311878861,2.0228950270664997e-06,-0.0011908375263493328,0.039253196406289215,0.039253196406289215,0.16,0.9967984815083396,2.0359597553991256e-06,0.10525935880416636,0.08272240202863532,0.029361745600000003,0.032761157613825295,-0.0016375256264026875,-0.0006212240146176288,-0.0018435142162726282,0.10540331596369952,0.08660890822516029,0.00014395715953316457,0.0038865061965249748,0.0038569473643299914,0.9849930202342567,1.1685229206257827e-05,0.004036893813746447,0.016399456882468206,0.016399456882468206,0.16,1.0076637893657432,1.1509869208001444e-05]"
/multi_agv/m2b_algorithm_state,1789558479.6273098,1789558479.6273098,m2b_algorithm_state_v1:header6+3x20,"[1.0,-0.15,0.52,0.10681522101353585,0.0833055007109925,1789558479.627245,0.10642103789539416,0.08317044140413553,0.029361745600000003,0.03288395751106678,-0.001647849626472288,-0.0006690578985142301,-0.0022248599394804644,0.10489030331728733,0.08137035605352629,-0.0015307345781068321,-0.001800085350609243,-0.0018066453847415166,1.0073339070681622,2.5219381392973025e-06,-0.0037200636073750565,0.04678492666200947,0.04678492666200947,0.16,0.9963689420249938,2.540433799242563e-06,0.10537272096754181,0.08269141886758608,0.030249957925000005,0.034336770575188955,-0.0017823739646144754,-0.0008436529790171315,0.0017764246500000039,0.10580965987465668,0.08398710741244626,0.00043693890711486716,0.001295688544860188,0.0012923427968569666,0.9948586483262362,1.3645633772403198e-06,0.0018385164307505506,0.02718504251399637,0.02718504251399637,0.16,1.002588901343636,1.3575476770367885e-06,0.10610677800430394,0.08305604931005375,0.029361745600000003,0.03272825266998713,-0.0016375432089965995,-0.0006069742656648128,-0.001757033274412303,0.10601558410656477,0.08661249029875921,-9.119389773917796e-05,0.0035564409887054588,0.0035317313546465033,0.986275050721759,9.759431901919508e-06,0.003417738982472531,0.01877461267963076,0.01877461267963076,0.16,1.0069964647867247,9.625484194081216e-06]"
/multi_agv/m2b_algorithm_state,1789558479.6374052,1789558479.6374052,m2b_algorithm_state_v1:header6+3x20,"[1.0,-0.15,0.52,0.10765828015959066,0.0836346524692605,1789558479.637341,0.10726927317214757,0.08350123801554894,0.029361745600000003,0.03283719597182951,-0.001647993398525868,-0.0006487414240356449,-0.002088376020376998,0.1058342287842107,0.08273678278109592,-0.0014350443879368735,-0.0007644552344530237,-0.0007656253245278173,1.003069332984773,4.52960164199511e-07,-0.002559430809448909,0.042234752398431726,0.042234752398431726,0.16,0.9984717197337808,4.543504497722768e-07,0.10622126795966497,0.08302686941927147,0.030249957925000005,0.034318204155469635,-0.0017818591616126506,-0.0008358938751631129,0.0017764246500000039,0.10664497028087444,0.08398710741244626,0.0004237023212094737,0.0009602379931747951,0.0009584034301078229,0.9961916116223555,7.478487307322725e-07,0.001488031331619665,0.028578703888762262,0.028578703888762262,0.16,1.001914186666429,7.450006323179155e-07,0.10695512190879501,0.0833883946981571,0.029361745600000003,0.03269073477088802,-0.001637423136830008,-0.0005907975695798075,-0.0016683187269950495,0.10672683050719482,0.0849828411790083,-0.00022829140160018913,0.0015944464808511916,0.0015894319553691621,0.9937446937774294,1.9590845007905648e-06,0.0013040677033689257,0.02730486503321267,0.02730486503321267,0.16,1.0031549167393359,1.946829827322228e-06]"
/multi_agv/m2b_algorithm_state,1789558479.6474242,1789558479.6474242,m2b_algorithm_state_v1:header6+3x20,"[1.0,-0.15,0.52,0.10851558319237602,0.08396777991373783,1789558479.6473947,0.10811218632104888,0.0838281944168505,0.029361745600000003,0.03280574827639621,-0.001647889585603442,-0.0006351855057307257,-0.0019451741896496857,0.10681399304958936,0.08476736649650429,-0.0012981932714595246,0.0009391720796537995,0.0009374334775320585,0.9963096289675857,6.807965734464851e-07,-0.0006853081117923472,0.03482375032971406,0.03482375032971406,0.16,1.0018546405301398,6.782841814928712e-07,0.10706450671622142,0.08335881605303185,0.030249957925000005,0.034298165750498544,-0.0017813203301076802,-0.0008275092486859648,0.0017764246500000039,0.10763751721629101,0.08320769333561918,0.0005730105000695956,-0.0001511227174126606,-0.00015116832783626223,1.0006039363696062,1.849486830464198e-08,0.0005650947972507324,0.032361372037289705,0.032361372037289705,0.16,0.9996982805574787,1.850603802826223e-08,0.10779814744150164,0.08371694693789916,0.029361745600000003,0.03266311275785266,-0.001637135841207938,-0.0005789931638739004,-0.0015752375370222966,0.10747761953646316,0.0852070471841884,-0.0003205279050384757,0.0014901002462892332,0.0014857345009725664,0.9941705656337352,1.7066059317452743e-06,0.0010850746196744718,0.028109761886288283,0.028109761886288283,0.16,1.0029384424429864,1.696657384477087e-06]"
/multi_agv/m2b_algorithm_state,1789558479.6571946,1789558479.6571946,m2b_algorithm_state_v1:header6+3x20,"[1.0,-0.15,0.52,0.10935806844291034,0.08429349596165463,1789558479.657102,0.10896929216601293,0.08415907157179499,0.029361745600000003,0.03274731284884931,-0.001647770651601473,-0.0006099479558590467,-0.0018000887784012892,0.10775659050767507,0.085295049460256,-0.001212701658337867,0.0011359778884610094,0.001133447739316984,0.9955629743843035,9.922360854146556e-07,-0.0003824293336053496,0.03359721307402092,0.03359721307402092,0.16,1.0022322592001907,9.878335084868524e-07,0.10792205330588313,0.08369474648836887,0.030249957925000005,0.03427784134767484,-0.001780589659478679,-0.000819100276106835,0.0017764246500000039,0.10841658414237118,0.08319425042728974,0.0004945308364880524,-0.0005004960610791309,-0.0005009955531450813,1.001999445653499,2.0241250783491502e-07,0.00011716799246498416,0.03408738963563409,0.03408738963563409,0.16,0.9990030009990812,2.0281722064391938e-07,0.108655404105232,0.0840495216810496,0.029361745600000003,0.032617213414895964,-0.0016367648630149006,-0.0005593155676230622,-0.0014809320197108392,0.10874529232636213,0.08756801318344712,8.98882211301244e-05,0.003518491502397525,0.003494585304028732,0.9865769605410087,9.467244068888358e-06,0.0036069455804413875,0.018004001668136777,0.018004001668136777,0.16,1.0068409256861557,9.340164878183769e-06]"
/multi_agv/m2b_algorithm_state,1789558479.6672208,1789558479.6672208,m2b_algorithm_state_v1:header6+3x20,"[1.0,-0.15,0.52,0.11022346269539052,0.08462650239558799,1789558479.6671014,0.10981159405770617,0.08448237128306019,0.029361745600000003,0.03271970870378216,-0.0016472869308160913,-0.0005982529792164014,-0.0016465068829957762,0.10851161114910064,0.08415529853212098,-0.0012999829086055292,-0.0003270727509392113,-0.0003272838232163282,1.0012921401483856,8.213745091984121e-08,-0.0019522624589732398,0.0397872014919323,0.0397872014919323,0.16,0.9993550787966157,8.224358401786079e-08,0.10876476592481372,0.08402357300860666,0.030249957925000005,0.034255446957985214,-0.0017799075542898057,-0.0008097688591438834,0.0017764246500000039,0.10942254956220346,0.08521874241241932,0.0006577836373897333,0.0011951694038126598,0.0011923653368958633,0.9953271053131219,1.149729534199572e-06,0.0020145948836330302,0.026524749644976076,0.026524749644976076,0.16,1.002351684362191,1.1443569691678638e-06,0.10949784534621108,0.08437454359329702,0.029361745600000003,0.03259159708860484,-0.0016361803316585141,-0.0005485332790285363,-0.0013811037876972554,0.10986876656499993,0.08933769979274975,0.00037092121878884443,0.0049631561994527285,0.0049162466642474105,0.9814229500550085,1.8764141514896266e-05,0.005379898187733466,0.01079514197697308,0.01079514197697308,0.16,1.0095417375101334,1.8415559120799148e-05]"
/multi_agv/m2b_algorithm_state,1789558479.6773038,1789558479.6773038,m2b_algorithm_state_v1:header6+3x20,"[1.0,-0.15,0.52,0.11107821765923491,0.08495374361458767,1789558479.6771662,0.11067673048615484,0.08481292765511796,0.029361745600000003,0.0326607303497267,-0.0016468757182730247,-0.0005729306401089787,-0.0014902658373529346,0.10923921039811169,0.08418573426612679,-0.0014375200880431538,-0.0006271933889911707,-0.0006279681005119642,1.0024757919135352,3.010075729028016e-07,-0.0024248682105659065,0.04152660450132561,0.04152660450132561,0.16,0.9987663202634627,3.017528050177072e-07,0.10963048046639445,0.084359623416157,0.030249957925000005,0.03423317882963347,-0.001778946686988206,-0.000800636938292909,0.0017764246500000039,0.11027408813082293,0.08521874241241932,0.000643607664428475,0.0008591189962623147,0.000857672529346461,0.9966427135750991,5.927454588000166e-07,0.0016621821098820547,0.027921806331073728,0.027921806331073728,0.16,1.001686502559381,5.907554425177657e-07,0.11036317713362227,0.08470695611548897,0.029361745600000003,0.03254451327187013,-0.0016355351669830546,-0.0005284839051326062,-0.0012795471080294081,0.11069592374082732,0.08863355788805094,0.000332746607205045,0.0039266017725619745,0.0038971459779091433,0.9852017317123254,1.1717318739347853e-05,0.00431307923691545,0.015171395569623436,0.015171395569623436,0.16,1.0075582990269802,1.1543922713030787e-05]"
/multi_agv/m2b_algorithm_state,1789558479.687365,1789558479.687365,m2b_algorithm_state_v1:header6+3x20,"[1.0,-0.15,0.52,0.11195399949420608,0.08528742777575847,1789558479.687305,0.11153123091130762,0.08513756123898746,0.029361745600000003,0.03262664411126747,-0.001646138067851681,-0.0005585589137245328,-0.0013254451767041456,0.11016598878150904,0.08580491668404777,-0.0013652421297985773,0.0006673554450603164,0.0006664895699566641,0.9974110833653481,3.394630733345196e-07,-0.0010400630922915576,0.036028106622108466,0.036028106622108466,0.16,1.0012991577703287,3.385842317371138e-07,0.11048555240323277,0.08469018415722142,0.030249957925000005,0.03420901549618867,-0.001777995768006413,-0.0007906783720987715,0.0017764246500000039,0.11074061050562482,0.08473219759971828,0.0002550581023920556,4.2013442496866005e-05,4.200997728495176e-05,0.9998350667824532,1.4149003761509758e-09,0.0003608326052750213,0.03290891404300384,0.03290891404300384,0.16,1.0000824854507953,1.414667012079429e-09,0.11121786966316433,0.08503348544755415,0.029361745600000003,0.03251369712010758,-0.0016346851732629824,-0.0005155864158597431,-0.0011724136786076956,0.1113793581691376,0.08725417977943249,0.00016148850597327846,0.0022206943318783395,0.0022111978098770355,0.9915133637469535,3.7430750112340817e-06,0.0024130584423436336,0.02285404718731937,0.02285404718731937,0.16,1.0042947410488943,3.71130889514587e-06]"
/multi_agv/m2b_algorithm_state,1789558479.6971493,1789558479.6971493,m2b_algorithm_state_v1:header6+3x20,"[1.0,-0.15,0.52,0.11281605694281889,0.08561417967312997,1789558479.697081,0.11240668439429047,0.08546858153218717,0.029361745600000003,0.03256077336504331,-0.0016454291211989284,-0.0005304043050790657,-0.001158510326989749,0.11093831972309774,0.08799944562857084,-0.0014683646711927262,0.0025308640963836726,0.0025186204546288637,0.990409937111478,4.855767662590949e-06,0.000683164615637956,0.02895460068606091,0.02895460068606091,0.16,1.004861249233606,4.809200545334649e-06,0.11136174319292212,0.08502716170330903,0.030249957925000005,0.03418470237900954,-0.0017767689038518386,-0.0007807982173483191,0.0017764246500000039,0.11158284355056637,0.08473219759971828,0.0002211003576442494,-0.0002949641035907419,-0.0002951346181049028,1.001157357513841,6.958007472864628e-08,-1.8759171049591023e-05,0.0343837226141694,0.0343837226141694,0.16,0.9994222483446511,6.966060375094711e-08,0.11209357089540561,0.0853665400917792,0.029361745600000003,0.03246116639147102,-0.0016337465999883994,-0.0004933289362057166,-0.0010639060262933376,0.11195366892984822,0.08817677749814726,-0.00013990196555739576,0.0028102374063680574,0.0027951523333292565,0.98936938815586,5.970547969955214e-06,0.002620274876382512,0.021763642419266663,0.021763642419266663,0.16,1.0053968697372686,5.907077391989802e-06]"
/multi_agv/m2b_algorithm_state,1789558479.7071848,1789558479.7071848,m2b_algorithm_state_v1:header6+3x20,"[1.0,-0.15,0.52,0.11369061406211299,0.08594403641222614,1789558479.706936,0.11326842294546699,0.08579249669163808,0.029361745600000003,0.032515401520170725,-0.0016443499345216374,-0.0005113203595868834,-0.0009843500364813546,0.11186970837104553,0.08848760020248443,-0.001398714574421464,0.0026951035108463556,0.0026812892768482604,0.9898451355433682,5.488213635028088e-06,0.0009328960588214303,0.027935033343031664,0.027935033343031664,0.16,1.0051520863926824,5.432481569455339e-06,0.11222419860768566,0.0853575195059103,0.030249957925000005,0.034158265806766314,-0.00177557500539971,-0.0007699805016589956,0.0017764246500000039,0.11242226772083214,0.08562948071105964,0.00019806911314647346,0.0002719612051493292,0.00027181738974988627,0.9989433848812325,5.89696990954602e-08,0.0005194037811829781,0.03218964100676283,0.03218964100676283,0.16,1.0005290882955475,5.890739081984677e-08,0.11295554927530405,0.08569252282184153,0.029361745600000003,0.032422144542227534,-0.0016325837395995456,-0.0004770386120224895,-0.0009507018374628811,0.11307146058709339,0.09035814423066163,0.00011591131178934067,0.004665621408820098,0.004624738493767334,0.9827605529199394,1.6380613623128847e-05,0.00476962763350401,0.013005881963476906,0.013005881963476906,0.16,1.008840049033661,1.6098220901433997e-05]"
/multi_agv/m2b_algorithm_state,1789558479.7171135,1789558479.7171135,m2b_algorithm_state_v1:header6+3x20,"[1.0,-0.15,0.52,0.11455539508121015,0.08626851835525229,1789558479.7169216,0.11414260440873938,0.08611942310503402,0.029361745600000003,0.03244936070080688,-0.0016431888571106679,-0.0004833252447143106,-0.0008073608621064002,0.11267446768105208,0.08799765185660671,-0.001468136727687308,0.0018782287515726886,0.0018715077380437107,0.992890236238655,2.657179881330291e-06,3.633682843457559e-05,0.03146542377952194,0.03146542377952194,0.16,1.0035912293560716,2.638287960102634e-06,0.11309922487184126,0.08569104935253846,0.030249957925000005,0.03413110823499561,-0.0017741675708151522,-0.0007589611790630585,0.0017764246500000039,0.11347157963268453,0.08791995012470571,0.0003723547608432687,0.0022289007721672527,0.002219409956146297,0.9915501115433568,3.944021757758877e-06,0.002684853407200383,0.023493894380552535,0.023493894380552535,0.16,1.004276278924798,3.9106952138352405e-06,0.1138300129057583,0.08602163677910596,0.029361745600000003,0.032368898225910284,-0.001631286683061426,-0.0004546559836972083,-0.0008356588741191607,0.1140820271078108,0.09158417319756554,0.00025201420205250846,0.005562536418459579,0.005505018428306746,0.9797222981649865,2.3184931190722523e-05,0.005820036180872382,0.008652348979451125,0.008652348979451125,0.16,1.0104482829443542,2.2714794068971747e-05]"
/multi_agv/m2b_algorithm_state,1789558479.727098,1789558479.727098,m2b_algorithm_state_v1:header6+3x20,"[1.0,-0.15,0.52,0.11543970092430521,0.0865986913737546,1789558479.7269802,0.1150070068725826,0.08644081574387048,0.029361745600000003,0.03240519845864434,-0.0016417034493244821,-0.00046497494129265043,-0.0006214227117454543,0.11353676549787753,0.08801657166524743,-0.0014702413747050697,0.001575755921376945,0.0015710337143108996,0.994039480819096,1.8649157356337392e-06,-0.0002667680040704375,0.03264334184702782,0.03264334184702782,0.16,1.0030057961347552,1.8537998696207246e-06,0.11396447967312504,0.08601947377924303,0.030249957925000005,0.03410206974371634,-0.0017727462242553144,-0.0007471337280277879,0.0017764246500000039,0.11392234211478625,0.0862176589920961,-4.2137558338789516e-05,0.000198185212853072,0.00019810940695180182,0.9992355288982252,3.115198554804471e-08,0.00014543745902831492,0.03349604448048509,0.03349604448048509,0.16,1.0003826466518504,3.112817075533032e-08,0.11469469869792279,0.08634526554264337,0.029361745600000003,0.032329885527751734,-0.0016297780009904084,-0.0004385481218651551,-0.0007147990763845457,0.11480912594456712,0.08960511629913158,0.00011442724664433024,0.003259850756488214,0.0032398546684508575,0.9878719404340738,7.955459390595469e-06,0.0033828887267562703,0.018663387525434318,0.018663387525434318,0.16,1.0061719089538415,7.85897510523202e-06]"
/multi_agv/m2b_algorithm_state,1789558479.737033,1789558479.737033,m2b_algorithm_state_v1:header6+3x20,"[1.0,-0.15,0.52,0.11631280533968563,0.08692296240697046,1789558479.736911,0.11589085595009999,0.08676781236455411,0.029361745600000003,0.03233321091577976,-0.0016401919904139414,-0.00043458424803314276,-0.00043291780065939095,0.1140897624556554,0.0886171402428861,-0.001801093494444586,0.0018493278783319883,0.0018428618183660077,0.9930524581073784,2.5578240573129874e-06,-0.00040850504968972497,0.03295412674140413,0.03295412674140413,0.16,1.003508705808292,2.54005346752085e-06,0.11484935712950957,0.08635361081412582,0.030249957925000005,0.03407253046677063,-0.0017710313843869036,-0.0007352416788863475,0.0017764246500000039,0.11478445455876891,0.0862176589920961,-6.490257074065475e-05,-0.00013595182202971734,-0.0001359874340152012,1.0005241402989478,1.4623783127871136e-08,-0.00021711564744101964,0.034903973424810074,0.034903973424810074,0.16,0.9997381229689216,1.4631448041931525e-08,0.11557888969330606,0.08667465094258388,0.029361745600000003,0.03227169280011582,-0.00162813998924039,-0.000414198641823228,-0.0005922708841786047,0.11523273571098842,0.08826566724797062,-0.00034615398231763184,0.0015910163053867443,0.0015862163332250262,0.993999791204447,1.8909462722512117e-06,0.0011535238553279864,0.0274269844162355,0.0274269844162355,0.16,1.0030260514036942,1.879600199796532e-06]"
/multi_agv/m2b_algorithm_state,1789558479.7468548,1789558479.7468548,m2b_algorithm_state_v1:header6+3x20,"[1.0,-0.15,0.52,0.11719505661620776,0.08724896320813025,1789558479.746787,0.11676350280082486,0.0870887382529024,0.029361745600000003,0.03227605925088913,-0.0016383309001215887,-0.0004108009370873602,-0.00023743690973272052,0.11507247214527486,0.08961327848167633,-0.0016910306555499993,0.002524540228773922,0.002512594238166409,0.990620005754439,4.74717278730679e-06,0.0003988059187289097,0.029693814167515816,0.029693814167515816,0.16,1.0047544447989467,4.702644333879169e-06,0.11572303511067032,0.08668213632236327,0.030249957925000005,0.03404097406699536,-0.001769310687045944,-0.0007224782538215874,0.0017764246500000039,0.11611055388135688,0.08580506543351035,0.0003875187706865596,-0.0008770708888529155,-0.0008785548644251209,1.0033943240837535,6.073431913411524e-07,-0.0003941564010669214,0.03582770442543835,0.03582770442543835,0.16,0.9983108902673069,6.094047109626254e-07,0.11645187810756173,0.08699801264564572,0.029361745600000003,0.032223194854223335,-0.0016262767325164254,-0.0003941649869704531,-0.00046520830507626866,0.11620991045210134,0.08981169111093168,-0.00024196765546039,0.0028136784652859625,0.0027988531039672185,0.9895660344240995,5.8886103344449755e-06,0.002496393534641731,0.02197147058949245,0.02197147058949245,0.16,1.0052969415571436,5.827168776925484e-06]"
/multi_agv/m2b_algorithm_state,1789558479.7568312,1789558479.7568312,m2b_algorithm_state_v1:header6+3x20,"[1.0,-0.15,0.52,0.1180816750587957,0.08757487449521395,1789558479.7567534,0.1176452410573907,0.0874112715134534,0.029361745600000003,0.03221208889400452,-0.0016363228368123923,-0.0003841394588369238,-3.590586765055137e-05,0.11635693842300227,0.0901172045322814,-0.0012883026343884357,0.0027059330188280023,0.0026922800459898014,0.9900048960904676,5.432750746207451e-06,0.0010819017530042567,0.027092731660744995,0.027092731660744995,0.16,1.0050711562708854,5.378449837984518e-06,0.11660592985612545,0.0870125127395582,0.030249957925000005,0.034008327982578794,-0.001767380280246908,-0.0007093514057161382,0.0017764246500000039,0.11696550088067019,0.08580506543351035,0.0003595710245447442,-0.001207447306047854,-0.0012102551093953297,1.0046704891564264,1.1481952523073305e-06,-0.0007607913287143995,0.03723485344269006,0.03723485344269006,0.16,0.9976799905030944,1.1535578857826922e-06,0.1173339989351071,0.08732310537137915,0.029361745600000003,0.032169520587825316,-0.001624240026667518,-0.0003719785193412215,-0.00033421312772285907,0.11779566930040392,0.09181644146774119,0.00046167036529681793,0.004493336096362044,0.004456119389077193,0.9836966916812475,1.4944334797855134e-05,0.005033207345698215,0.01190085715168128,0.01190085715168128,0.16,1.0083518200558264,1.470069270002704e-05]"
/multi_agv/m2b_algorithm_state,1789558479.766976,1789558479.766976,m2b_algorithm_state_v1:header6+3x20,"[1.0,-0.15,0.52,0.11897663003289498,0.08789599586905365,1789558479.7668493,0.1185313020725373,0.0877335752886101,0.029361745600000003,0.03214836815240527,-0.0016341097925957546,-0.0003576918146135557,0.00017271162848630334,0.11728755614412818,0.09028185075148536,-0.001243745928409118,0.0025482754628752546,0.0025362013727215286,0.9906087596022123,4.800919377560484e-06,0.0009815189622101313,0.027464773105760395,0.027464773105760395,0.16,1.0047606985326916,4.755832789555416e-06,0.11749324784576831,0.08734296984237953,0.030249957925000005,0.03397430241835671,-0.0017652816390821835,-0.0006957139585032218,0.0017764246500000039,0.11810867847014452,0.0880497752697973,0.0006154306243762037,0.0007068054274177726,0.000705859936638368,0.9973312494259391,3.917446241117607e-07,0.0014751482171086227,0.028402622928849923,0.028402622928849923,0.16,1.0013394878081727,3.9069915542127716e-07,0.1182204752580815,0.08764807835465219,0.029361745600000003,0.032115432693218295,-0.001622008024751806,-0.0003497136671731212,-0.0001986117552339032,0.11867146066418814,0.09038787321402175,0.0004509854061066354,0.0027397948593695653,0.0027258418814675987,0.9899128329161072,5.545631651211752e-06,0.003289573639100893,0.019053823384029507,0.019053823384029507,0.16,1.0051187774304995,5.489691938160255e-06]"
/multi_agv/m2b_algorithm_state,1789558479.7769597,1789558479.7769597,m2b_algorithm_state_v1:header6+3x20,"[1.0,-0.15,0.52,0.11986518696255828,0.08821331379727815,1789558479.776859,0.11942561354730391,0.08803885221060356,0.029361745600000003,0.032188308793449846,-0.0016318420003480546,-0.00037617860832994936,0.0003850159880827255,0.11819138485192576,0.09027678719470439,-0.0012342286953781478,0.0022379349841008256,0.0022286371673831034,0.9917562831406583,3.7022814634987757e-06,0.0006858512981604186,0.028711846124188645,0.028711846124188645,0.16,1.0041719741794668,3.6717609033801025e-06,0.11838898830721216,0.08767482496405837,0.030249957925000005,0.03389711595451588,-0.0017629251770484577,-0.0006635127149857978,0.0017764246500000039,0.11898613515970421,0.0880497752697973,0.0005971468524920559,0.00037495030573893307,0.00037468468391451423,0.9985850306455303,1.0982531547634941e-07,0.001121118249529584,0.029741793379708795,0.029741793379708795,0.16,1.0007089209562658,1.096699160206054e-07,0.11911528824416887,0.08797431043249898,0.029361745600000003,0.032018010490789894,-0.0016195446165052068,-0.0003087956400942599,-6.0613921496228875e-05,0.1194136346272777,0.0883321171276567,0.0002983463831088412,0.00035780669515772523,0.0003575656603150061,0.9986544065259271,9.431705732243871e-08,0.0007304986392010575,0.029259527378756263,0.029259527378756263,0.16,1.0006740995276415,9.419014490561188e-08]"
/multi_agv/m2b_algorithm_state,1789558479.7870512,1789558479.7870512,m2b_algorithm_state_v1:header6+3x20,"[1.0,-0.15,0.52,0.12076862402196124,0.08852814070955768,1789558479.7869442,0.12031339719751119,0.08834140436297278,0.029361745600000003,0.03223158487363995,-0.0016297275888084374,-0.00039603109372226544,0.0006061999037508944,0.11906583617186614,0.08990863283668042,-0.0012475610256450498,0.0015672284737076464,0.0015626639726305188,0.9942072837479763,1.816199220989564e-06,3.2126905742065927e-06,0.03150892767499067,0.03150892767499067,0.16,1.0029209741550795,1.805678494245225e-06,0.11927840976348295,0.0880024762996445,0.030249957925000005,0.03382242010485168,-0.0017603315972260225,-0.0006325124929009163,0.0017764246500000039,0.11968654855190373,0.0880628876718276,0.0004081387884207893,6.041137218310011e-05,6.040448913883567e-05,0.9997721760000914,2.840396346609671e-09,0.0005705779746648223,0.031769160542222584,0.031769160542222584,0.16,1.0001139492173938,2.8397492361526607e-09,0.12000375392668072,0.08829606072921714,0.029361745600000003,0.03193305514082336,-0.0016167178451820885,-0.00027346598100881116,8.315562368808134e-05,0.12031344753533822,0.08763082027273725,0.0003096936086574992,-0.000665240456479893,-0.0006660763774021914,1.0025190307907026,3.248628699657706e-07,-0.0002789593665803174,0.03321887432472257,0.03321887432472257,0.16,0.9987450074035678,3.256812095379704e-07]"
/multi_agv/m2b_algorithm_state,1789558479.7969615,1789558479.7969615,m2b_algorithm_state_v1:header6+3x20,"[1.0,-0.15,0.52,0.12166155583080966,0.08883791221715927,1789558479.796872,0.1212159108859214,0.08864792849527156,0.029361745600000003,0.03221506071073735,-0.0016278284673458894,-0.00038986550357896464,0.0026775946117780156,0.11987232288202396,0.09079077844877682,-0.0013435880038974446,0.002142849953505263,0.002134383348089636,0.992157673872396,3.3864358855380895e-06,0.00045489834321783005,0.029610661102523098,0.029610661102523098,0.16,1.0039667688670855,3.3598783509134783e-06,0.12018284455199418,0.08833370171823844,0.028402454025000003,0.03185774236467638,-0.0017573384099011935,-0.000583316973957762,-0.00191858315,0.12056402424886603,0.0880628876718276,0.0003811796968718473,-0.0002708140464108416,-0.00027095213034709155,1.0010207429580649,5.3683094163100226e-08,0.00020552249074271754,0.03125065357863036,0.03125065357863036,0.16,0.9994903751593571,5.373789080343434e-08,0.12090711662796816,0.08860279191516308,0.029361745600000003,0.031938631575021324,-0.0016136342330214356,-0.00027748884828691033,0.0020761885489057105,0.12134733734202739,0.08937604628099385,0.00044022071405923346,0.0007732543658307695,0.0007721405459104041,0.9971270040601249,4.377789772140767e-07,0.0013224164384844459,0.026879591552682353,0.026879591552682353,0.16,1.0014425093025676,4.36521239989978e-07]"
/multi_agv/m2b_algorithm_state,1789558479.8070447,1789558479.8070447,m2b_algorithm_state_v1:header6+3x20,"[1.0,-0.15,0.52,0.12257301046308955,0.08915254895022053,1789558479.8069217,0.12210788156846665,0.0889499143426688,0.029361745600000003,0.032210863019543234,-0.0016258022406848618,-0.00038910588111363555,0.0029115689879251573,0.12089274760034269,0.09233108435930472,-0.0012151339681239631,0.0033811700166359177,0.003360352312275258,0.9878336337868524,8.407866502208296e-06,0.0018414348521203043,0.024035344570076955,0.024035344570076955,0.16,1.006195095759636,8.305573319271173e-06,0.12107688608289173,0.08865866929704937,0.028402454025000003,0.031748496071995626,-0.0017540092437537541,-0.0005377287603297309,-0.00191858315,0.12155607873719462,0.08942965969612056,0.00047919265430289293,0.0007709903990711919,0.0007698838332083565,0.9971373127809786,4.3250037950311305e-07,0.0013688746510869727,0.026525087129112973,0.026525087129112973,0.16,1.0014373153651297,4.312622661944876e-07,0.12179989984107056,0.08890515301175966,0.029361745600000003,0.03194987034665628,-0.001610628766860316,-0.0002839242095572,0.0022282718934013533,0.1223672768947369,0.08921084122500668,0.0005673770536663431,0.00030568821324701567,0.00030551421272968267,0.9988628120533523,6.835728890518472e-08,0.0010147355298126114,0.028205210517746028,0.028205210517746028,0.16,1.0005695332985605,6.827955382017623e-08]"
/multi_agv/m2b_algorithm_state,1789558479.817193,1789558479.817193,m2b_algorithm_state_v1:header6+3x20,"[1.0,-0.15,0.52,0.12347131172105501,0.08946121635605582,1789558479.81707,0.12301825114579963,0.08925674656970564,0.029361745600000003,0.03217883007656905,-0.0016238901608712714,-0.0003762277713919097,0.0031475292549438946,0.12194619036512648,0.0932042886175282,-0.0010720607806731508,0.003947542047822564,0.003919387162159559,0.985935411895101,1.142503999478445e-05,0.0025793111863181206,0.02106346123910361,0.02106346123910361,0.16,1.0071834918312819,1.126435151317581e-05,0.1219896594411711,0.0889883247591331,0.028402454025000003,0.031639728483996016,-0.0017500530657553193,-0.0004926725732622983,-0.00191858315,0.12244921856150766,0.08942965969612056,0.00045955912033655844,0.0004413349369874614,0.0004409729697224386,0.9983622314021229,1.4102265734169476e-07,0.0010154218701431367,0.02782933198662852,0.02782933198662852,0.16,1.0008208377607604,1.4079169486191136e-07,0.12271112080229789,0.08921257552182285,0.029361745600000003,0.031941414853298745,-0.0016076986281465203,-0.00028178842991623894,0.0023816460669635322,0.12317541487542961,0.08772268758778726,0.0004642940731317269,-0.0014898879340355942,-0.0014940583280565862,1.0056277620021246,1.6229969255495462e-06,-0.0009136907366419276,0.035829910557403304,0.035829910557403304,0.16,0.9972086805831626,1.6321307659767189e-06]"
/multi_agv/m2b_algorithm_state,1789558479.827273,1789558479.827273,m2b_algorithm_state_v1:header6+3x20,"[1.0,-0.15,0.52,0.12439005881224167,0.08977529179979586,1789558479.8271992,0.12391544706670608,0.08955808802902729,0.029361745600000003,0.03216227584223243,-0.0016217629542766591,-0.00037016701955365754,0.0033943909153548507,0.12284583412802727,0.09284266297531255,-0.0010696129386788128,0.003284574946285257,0.0032650640783069987,0.9882583704327916,7.897660599989116e-06,0.0019280479049584827,0.023723540555032546,0.023723540555032546,0.16,1.0059756462692073,7.804929194776508e-06,0.1228893576788564,0.08931088816326238,0.028402454025000003,0.03153845734082923,-0.001745862126595818,-0.00045098457838031736,-0.00191858315,0.12353938293212743,0.09099966759855103,0.0006500252532710277,0.0016887794352886537,0.001683546866390432,0.9938402349615292,2.0526985684459334e-06,0.0024960784329792164,0.021849500028696615,0.021849500028696615,0.16,1.0031080625093858,2.040054427569501e-06,0.12360913041760255,0.08951467287587779,0.029361745600000003,0.03194076691207934,-0.0016047750823699435,-0.00028303161454616916,0.002542106146230654,0.12384987860056945,0.08607595752288956,0.00024074818296690448,-0.003438715352988231,-0.0034611564546757965,1.0132108007058638,8.64417154009405e-06,-0.003160221225967166,0.04451569894195732,0.04451569894195732,0.16,0.9935162995428163,8.758367967577532e-06]"
/multi_agv/m2b_algorithm_state,1789558479.83699,1789558479.83699,m2b_algorithm_state_v1:header6+3x20,"[1.0,-0.15,0.52,0.125295273663143,0.09008326630223583,1789558479.8368993,0.12483296207720229,0.0898647241311807,0.029361745600000003,0.0321171638766558,-0.001619704423259179,-0.0003516979190498091,0.0036430633542494225,0.12255297836595613,0.09222224434828111,-0.0022799837112461585,0.002357520217100409,0.0023474407974083656,0.991520822781936,4.059585601202161e-06,-0.0005025388416493325,0.03284415805294017,0.03284415805294017,0.16,1.004293790796842,4.025163655457667e-06,0.12380970613780316,0.08963885291643112,0.028402454025000003,0.03143649945899651,-0.001741058023315506,-0.0004093166500941936,-0.00191858315,0.12444895645965862,0.09099966759855103,0.0006392503218554529,0.001360814682119918,0.0013574229969030458,0.9950392922133868,1.326590558098578e-06,0.002156485899222362,0.023121730167033925,0.023121730167033925,0.16,1.002498620713374,1.320009729987371e-06,0.12452750822171954,0.08982229835177573,0.029361745600000003,0.0319200057803115,-0.0016018662471125426,-0.000275553287052783,0.002703743231512126,0.12388772504209275,0.0868031426961788,-0.0006397831796267905,-0.0030191556555969334,-0.0030363386000150814,1.0115043708461857,6.64631946490241e-06,-0.0038360675745485696,0.04670251254131133,0.04670251254131133,0.16,0.9943408997869795,6.72278118878887e-06]"
/multi_agv/m2b_algorithm_state,1789558479.8471107,1789558479.8471107,m2b_algorithm_state_v1:header6+3x20,"[1.0,-0.15,0.52,0.12621077741216633,0.09039314199567072,1789558479.8469684,0.1257369329798088,0.09016567133064685,0.029361745600000003,0.032081009679697285,-0.00161737317580021,-0.0003372509462942929,0.0039000722693524263,0.1234928303085098,0.09298465752749732,-0.002244102671299014,0.002818986196850476,0.0028046756607077055,0.9899490039301706,5.7865094318535945e-06,-4.526784160622209e-07,0.030795424991385434,0.030795424991385434,0.16000000000000858,1.005102385399943,5.728349248296003e-06,0.12471657942489799,0.08995972825279189,0.028402454025000003,0.0313411840486906,-0.0017360827147349933,-0.00037061414833182427,-0.00191858315,0.12412146674643645,0.0905452263513162,-0.0005951126784615318,0.0005854980985243174,0.0005848692664866805,0.9978564442156103,2.4457370647851943e-07,-0.00015902158159023427,0.03164277572792379,0.03164277572792379,0.16,1.0010751668341444,2.4404944909528774e-07,0.12543230858472215,0.09012439932326875,0.029361745600000003,0.03190295633065164,-0.001598903273458731,-0.0002697108997549915,0.002870799026329078,0.12499433694874583,0.08832585312085812,-0.0004379716359763225,-0.001798546202410628,-0.0018045689905409922,1.0067401575584964,2.3514749510715473e-06,-0.0023520335355113955,0.04099211154001945,0.04099211154001945,0.16,0.9966624783192364,2.367324262736627e-06]"
/multi_agv/m2b_algorithm_state,1789558479.8568807,1789558479.8568807,m2b_algorithm_state_v1:header6+3x20,"[1.0,-0.15,0.52,0.1271232768815441,0.09070044244236698,1789558479.856779,0.1266511030053983,0.09046850961636992,0.029361745600000003,0.032030362745991824,-0.0016149608139747911,-0.00031656664641819816,0.004161734262062752,0.1250534695879391,0.09463365059664891,-0.001597633417459221,0.004165140980278995,0.004134315353019907,0.9854185350096821,1.2578296791056674e-05,0.0021372735811958808,0.022403206685181754,0.022403206685181754,0.15999999999999145,1.0074560415998675,1.2394886796760053e-05,0.12563389181541232,0.09028230313909669,0.028402454025000003,0.031246726786146824,-0.001730656790261964,-0.00033251656972210775,-0.00191858315,0.12502733560853604,0.0905452263513162,-0.0006065562068762742,0.000262923212219518,0.0002627966215731257,0.9990379530128691,4.9100132678939397e-08,-0.0004953986370222171,0.03288879810805043,0.03288879810805043,0.16,1.000481705760274,4.9052896044227894e-08,0.1263473374156883,0.09042861323154557,0.029361745600000003,0.03187480703165632,-0.0015958844140272618,-0.0002590883160545198,0.0030408793215907903,0.12590845252775337,0.0878576480801796,-0.00043888488793492053,-0.00257096515136597,-0.0025832934079605945,1.0096779800979663,4.795792240337395e-06,-0.003131899517879245,0.04401568614939221,0.04401568614939221,0.16,0.9952276978849424,4.842205822193362e-06]"
/multi_agv/m2b_algorithm_state,1789558479.8672643,1789558479.8672643,m2b_algorithm_state_v1:header6+3x20,"[1.0,-0.15,0.52,0.12804974510291547,0.09101077336227865,1789558479.8671222,0.1275622258091873,0.09076894778424097,0.029361745600000003,0.03198472828587987,-0.0016123257091422982,-0.00029816925385150176,0.004433015462750845,0.12616288235047152,0.09642496228783244,-0.001399343458715785,0.005656014503591475,0.0055999875986741735,0.9805901269353005,2.309515027513956e-05,0.0038508082752794423,0.015393653515106197,0.015393653515106197,0.15999999999999145,1.0100048266054316,2.264687633988894e-05,0.12654828704196427,0.09060176210874844,0.028402454025000003,0.031155702398125058,-0.001724969518739461,-0.0002960410008556319,-0.00191858315,0.12685566459930486,0.09365880362136493,0.0003073775573405879,0.0030570415126164874,0.0030403318614416817,0.989187437901744,6.5925023290099055e-06,0.0034245538081174166,0.01745312949097072,0.01745312949097072,0.16,1.0054959958110896,6.521220488194589e-06,0.1272593177934807,0.09073061743411155,0.029361745600000003,0.03184809119603678,-0.0015927699490630174,-0.00024913616846545476,0.0032172121020380504,0.1269198208006078,0.08647295698665089,-0.00033949699287291746,-0.004257660447460662,-0.004291751730660646,1.0162564459889671,1.3136504748389633e-05,-0.004716122971751792,0.05016518425410135,0.05016518425410135,0.16,0.9920565574759528,1.3350057628315639e-05]"
/multi_agv/m2b_algorithm_state,1789558479.8774195,1789558479.8774195,m2b_algorithm_state_v1:header6+3x20,"[1.0,-0.15,0.52,0.12898156295943558,0.09132122018256827,1789558479.8773212,0.12848721531674495,0.0910722979202445,0.029361745600000003,0.031928044578986445,-0.0016095899401826208,-0.00027503639611232137,0.004711545481304892,0.12709708702675535,0.09514124475043162,-0.0013901282899896061,0.004068946830187117,0.004039731111323109,0.9858490444270527,1.1929332402983836e-05,0.0023020707488361014,0.021755638524596655,0.021755638524596655,0.16000000000000858,1.007232094923872,1.176052095013429e-05,0.12747681077908377,0.09092424647827962,0.028402454025000003,0.03106414044365866,-0.0017188029714951258,-0.00025958065199710445,-0.00191858315,0.1277938511103199,0.09365880362136493,0.0003170403312361403,0.002734557143085306,0.0027212101316715087,0.990333720057961,5.252119213072935e-06,0.003117510545716684,0.018628789729160634,0.018628789729160634,0.16,1.004904807334963,5.201350758470411e-06,0.1281852092129177,0.09103577568831185,0.029361745600000003,0.031812577322839146,-0.0015895500013042097,-0.00023542668162527484,0.00339825661409818,0.12771273237276445,0.08567971143741913,-0.000472476840153252,-0.005356064250892717,-0.0054102339344316444,1.0206128014933724,2.0748022870046784e-05,-0.006000829984623209,0.05497898600354173,0.05497898600354173,0.16,0.989987552443124,2.1175697746847008e-05]"
/multi_agv/m2b_algorithm_state,1789558479.8873425,1789558479.8873425,m2b_algorithm_state_v1:header6+3x20,"[1.0,-0.15,0.52,0.12990044124328326,0.0916257712727727,1789558479.887178,0.1294174825247383,0.09137576302934686,0.029361745600000003,0.0318540943931456,-0.0016066541587223086,-0.0002445257112741822,0.004991753896044367,0.1279187190802845,0.09337005555991797,-0.0014987634444538211,0.0019942925305711096,0.0019871963073430097,0.9929342983674373,2.8595392116791903e-06,0.00011374200177573322,0.030540432434435598,0.030540432434435598,0.16,1.0035709724307953,2.8393345608028518e-06,0.12841080278974096,0.09124662753665813,0.028402454025000003,0.03097367174375458,-0.0017122805090838689,-0.00022377793773045718,-0.00191858315,0.128461566775,0.0925323442078931,5.076398525905024e-05,0.0012857166712349627,0.0012827474240954227,0.9954024209851405,1.1571082746720387e-06,0.0013462024056692355,0.025587673456550906,0.025587673456550906,0.16,1.0023147558777081,1.1517883779504864e-06,0.12911640356382748,0.09134126998169986,0.029361745600000003,0.03176413857842786,-0.001586191809825604,-0.00021618864139873683,0.00358039208367884,0.1288557158321191,0.0881842930674423,-0.00026068773170837,-0.0031569769142575643,-0.003175434205131576,1.011824665918053,7.1749016826045466e-06,-0.0035012938697670387,0.04542924527690374,0.04542924527690374,0.16,0.9941874749462029,7.259742497996221e-06]"
/multi_agv/m2b_algorithm_state,1789558479.8972661,1789558479.8972661,m2b_algorithm_state_v1:header6+3x20,"[1.0,-0.15,0.52,0.13082988891506767,0.09193211396460921,1789558479.8970342,0.13033480634291442,0.09167358904614142,0.029361745600000003,0.03178911482127544,-0.0016033518692812154,-0.00021809148777610906,0.005280779898236634,0.128398496118792,0.09240834403350251,-0.0019363102241224117,0.0007347549873610859,0.000733786642852795,0.9973711087846598,3.871579628604835e-07,-0.0016866011373002196,0.03746221752808647,0.03746221752808647,0.16,1.0013196540407525,3.861401666929706e-07,0.12933188162736414,0.09156243942173602,0.028402454025000003,0.030887773465370236,-0.0017056788477573248,-0.00018999555311001448,-0.00191858315,0.12938003060933811,0.0925323442078931,4.8148981973972216e-05,0.0009699047861570775,0.0009682179346372059,0.9965336969247149,6.557485696242797e-07,0.0010284041621046712,0.026784170361043365,0.026784170361043365,0.16,1.0017422229639896,6.534755463407773e-07,0.1300346357595712,0.09164128535044062,0.029361745600000003,0.03171976111996611,-0.0015826616971195678,-0.00019879907474395424,0.003768258985103813,0.12951766235665188,0.08918878992271317,-0.0005169734029193129,-0.0024524954277274497,-0.0024635372483245454,1.0090834627513534,4.315071787538514e-06,-0.0031097540019736866,0.0437383356448187,0.0437383356448187,0.16,0.9955178998796932,4.354267581390036e-06]"
/multi_agv/m2b_algorithm_state,1789558479.907034,1789558479.907034,m2b_algorithm_state_v1:header6+3x20,"[1.0,-0.15,0.52,0.13176189389657508,0.09223759315109159,1789558479.9068933,0.13126260958118938,0.09197306847328782,0.029361745600000003,0.03171391155977556,-0.0015998519846168002,-0.00018732948507701178,0.005576214529340987,0.12942170264030292,0.09351265813349664,-0.0018409069408864553,0.001539589660208826,0.001535378398305175,0.9945596140413216,1.6921528889670934e-06,-0.0007657552778028941,0.033750605162483654,0.033750605162483654,0.16000000000000858,1.0027428169552857,1.6829469241500199e-06,0.13026366530698855,0.09188007543313956,0.028402454025000003,0.030801164589503386,-0.0016986708242373583,-0.00015611559440895095,-0.00191858315,0.13040869910011751,0.0960085243515861,0.00014503379312896802,0.004128448918446548,0.004098690922294743,0.9857981173101387,1.1797725225390465e-05,0.004279983163705953,0.013466751472810071,0.013466751472810071,0.16,1.007260365984158,1.1630175315732252e-05,0.13096339185702507,0.09194319798740025,0.029361745600000003,0.03166714077498687,-0.001578949934798608,-0.00017793194433424273,0.0039602914953216425,0.13040553409907768,0.08874164179719896,-0.0005578577579473942,-0.0032015561902012935,-0.003220403177981216,1.0119084359480675,7.333788412522355e-06,-0.003917725375415459,0.046809678698306954,0.046809678698306954,0.16,0.9941476309833549,7.421122362089556e-06]"
/multi_agv/m2b_algorithm_state,1789558479.9170408,1789558479.9170408,m2b_algorithm_state_v1:header6+3x20,"[1.0,-0.15,0.52,0.1326955740677298,0.09254189917193063,1789558479.9169023,0.13219290910349793,0.09227165369895492,0.029361745600000003,0.03163286922260859,-0.0015960722394645563,-0.00015418211062295792,0.0058777802972592675,0.13061888408174868,0.09544604144721477,-0.001574025021749248,0.0031743877482598576,0.0031567608648022144,0.9890213079329131,7.1547962034859584e-06,0.0011892295876156545,0.02590738271565987,0.02590738271565987,0.15999999999999145,1.0055838513630166,7.076245899165124e-06,0.13119810174803612,0.09219669210061644,0.028402454025000003,0.030715293350087065,-0.001691376445616899,-0.00012270315142547117,-0.00191858315,0.13136840799021793,0.0960085243515861,0.00017030624218181134,0.003811832250969663,0.0037865077033247875,0.9868951799385733,1.0016014426214613e-05,0.003999390506052051,0.014559125447520728,0.014559125447520728,0.16,1.0066881014457303,9.884756359426417e-06,0.1318946708381912,0.09224443365370344,0.029361745600000003,0.03160910593221944,-0.0015750320292013077,-0.0001548253468833451,0.004156309244468524,0.1311403604410254,0.08708457466849297,-0.0007543103971658083,-0.005159858985210472,-0.0052093189647008835,1.0195248270586585,1.9010517100843084e-05,-0.006152206961158144,0.055243802335437076,0.055243802335437076,0.16,0.9905054806922824,1.9381694159532718e-05]"
/multi_agv/m2b_algorithm_state,1789558479.9270244,1789558479.9270244,m2b_algorithm_state_v1:header6+3x20,"[1.0,-0.15,0.52,0.13363596677023293,0.09284661698554736,1789558479.9268425,0.13312482566500358,0.09256902848799888,0.029361745600000003,0.03154961781962823,-0.0015919888338463903,-0.00012023453495478006,0.006187142888315884,0.13181219249713208,0.09551520211932238,-0.001312633167871502,0.0029461736313235037,0.0029310224500571705,0.9898239773397747,6.138679741043574e-06,0.001290230990217793,0.025571272056975097,0.025571272056975097,0.16,1.0051692477708718,6.076212396894849e-06,0.13213430261637346,0.09251199476498748,0.028402454025000003,0.03063007818633468,-0.0016838143540690298,-8.971322082948485e-05,-0.00191858315,0.1322941034174075,0.09440984784754267,0.00015980080103403238,0.0018978530825551898,0.0018915136345946041,0.9933650171526375,2.4759039770048037e-06,0.002091264635887145,0.02228864295155005,0.02228864295155005,0.16,1.0033515211546145,2.45947639658566e-06,0.13282759392181237,0.09254467426280556,0.029361745600000003,0.03154804081731411,-0.0015708879522575115,-0.00013052269349075613,0.004357394928655327,0.13271185911484237,0.08880905766765196,-0.00011573480696999705,-0.003735616595153604,-0.003761181983011819,1.013870656203912,9.920043548248124e-06,-0.003905850491724315,0.04685127501012055,0.04685127501012055,0.16,0.9932028314573221,1.0057641061833707e-05]"
/multi_agv/m2b_algorithm_state,1789558479.936944,1789558479.936944,m2b_algorithm_state_v1:header6+3x20,"[1.0,-0.15,0.52,0.1345763620376249,0.0931495690815865,1789558479.9367464,0.13406337594899198,0.0928666806321735,0.029361745600000003,0.0314572346380116,-0.0015876183054703398,-8.247849242429273e-05,0.006502103453940157,0.13263655307112612,0.09406866765257473,-0.0014268228778658576,0.001201987020401224,0.001199442813475692,0.9957850136179832,1.0186821109941505e-06,-0.00058408578385663,0.032996308950688405,0.032996308950688405,0.16,1.0021211573381807,1.014388379768706e-06,0.1330773303678374,0.09282773867900636,0.028402454025000003,0.030544249569655645,-0.0016759092071865767,-5.663491962298872e-05,-0.00191858315,0.13323238908155094,0.09440984784754267,0.00015505871371354618,0.0015821091685363081,0.001577711226427134,0.9944721303575146,1.7134683980045123e-06,0.0017715346185690668,0.023498751368770728,0.023498751368770728,0.16,1.002787545677249,1.703996568063825e-06,0.13376719399386938,0.0928454316454622,0.029361745600000003,0.03147945846588569,-0.0015664963518657333,-0.00010309082699984379,0.004562119296311104,0.13378347187815548,0.09124594482035016,1.6277884286097777e-05,-0.0015994868251120453,-0.0016040850754049415,1.0057827266498323,1.8091640710193593e-06,-0.0015837377200473193,0.037779612808711456,0.037779612808711456,0.16,0.9971334124583539,1.819625972306762e-06]"
/multi_agv/m2b_algorithm_state,1789558479.947018,1789558479.947018,m2b_algorithm_state_v1:header6+3x20,"[1.0,-0.15,0.52,0.135525359623249,0.09345345228126417,1789558479.9469092,0.1350018752449628,0.09316252120919645,0.029361745600000003,0.031364745098135235,-0.0015828988820838657,-4.485677102251949e-05,0.006825573563581501,0.1335027797538269,0.09316361543090802,-0.0014990954911358878,1.094221711572807e-06,1.0942195927336419e-06,0.999996127236775,8.412476173944503e-13,-0.0018727751443271261,0.03801263310672424,0.03801263310672424,0.16,1.0000019363930048,8.412443594416145e-13,0.13402043972436714,0.09314159727448672,0.028402454025000003,0.03045896661764929,-0.001667766939773302,-2.3915421299355866e-05,-0.00191858315,0.13442441078324655,0.09726426778126072,0.0004039710588794043,0.004122670506774007,0.004093468070630367,0.986044867622557,1.155989563954198e-05,0.004598431894229623,0.011983866783020318,0.011983866783020318,0.16,1.007133910815907,1.1398575765622747e-05,0.1347067711435448,0.09314458876107634,0.029361745600000003,0.03140925498948206,-0.0015618410223575052,-7.509289493295437e-05,0.004772374867577978,0.13488365568903582,0.09225882220856123,0.0001768845454910295,-0.0008857665525151132,-0.0008871642126019761,1.0031658935972523,5.52454945628721e-07,-0.0006660585307381893,0.03416224837429238,0.03416224837429238,0.16,0.9984245756681689,5.542039592038574e-07]"
/multi_agv/m2b_algorithm_state,1789558479.956994,1789558479.956994,m2b_algorithm_state_v1:header6+3x20,"[1.0,-0.15,0.52,0.13647402190189545,0.09375540600267358,1789558479.956908,0.13594888723234322,0.09345909415512625,0.029361745600000003,0.031262005497970445,-0.0015778671391785005,-2.954933337412364e-06,0.007154514134210729,0.13414325368751953,0.09474075177983124,-0.001805633544823687,0.0012816576247049877,0.001278788309622892,0.9955432531212463,1.1474989997095208e-06,-0.0009782536214067168,0.03417164103299213,0.03417164103299213,0.16000000000000858,1.002243776440951,1.1423848871241924e-06,0.1349722762876475,0.09345652965180838,0.028402454025000003,0.03037224836410773,-0.0016592500068045024,9.232111632617723e-06,-0.00191858315,0.13538354024454352,0.09726426778126072,0.0004112639568960297,0.0038077381294523427,0.0037828705371810477,0.9871188458100048,9.820193450579817e-06,0.004296950483301085,0.013150464220631746,0.013150464220631746,0.16,1.0065737360099631,9.693698024567318e-06,0.13565491534975627,0.0934447330368579,0.029361745600000003,0.031330814945458293,-0.0015568963011057691,-4.367565176508631e-05,0.004986186238486977,0.13566795844867366,0.09089712252174215,1.3043098917392415e-05,-0.0025476105151157474,-0.002559267521431952,1.0092353367870983,4.557242609660671e-06,-0.0025429636477852114,0.04139792197664542,0.04139792197664542,0.16,0.9954451786620251,4.5993302799814024e-06]"
/multi_agv/m2b_algorithm_state,1789558479.9669316,1789558479.9669316,m2b_algorithm_state_v1:header6+3x20,"[1.0,-0.15,0.52,0.13742548591949746,0.09405639473091826,1789558479.966829,0.13689550895196426,0.0937536664696934,0.029361745600000003,0.031156066343823712,-0.00157245284411499,4.013551558889605e-05,0.0074899719320198664,0.1351979027495695,0.09574662389880935,-0.001697606202394758,0.0019929574291159546,0.0019860810520308182,0.9931491933852072,2.759581595834693e-06,-0.00013592670096262928,0.030736536991941312,0.030736536991941312,0.16,1.0034622842195213,2.7406762359838882e-06,0.1359238549052942,0.09376946231704002,0.028402454025000003,0.03028573997226206,-0.0016505009898037104,4.216894309930219e-05,-0.00191858315,0.13564514966666313,0.09568193031386246,-0.0002787052386310773,0.001912467996822445,0.0019061334178709765,0.9934214328432219,2.470156923706758e-06,0.0015577518695821298,0.023846151612461886,0.023846151612461886,0.16,1.0033232610540683,2.453906830496373e-06,0.13660270184842788,0.09374308922128734,0.029361745600000003,0.031248778999903658,-0.0015516525298432775,-1.08548892045257e-05,0.005204233807062916,0.13606545431539493,0.09111709217027113,-0.0005372475330329418,-0.00262599705101621,-0.0026383429172108495,1.0094919034837895,4.822309104051757e-06,-0.0033099023335020268,0.044041940728469314,0.044041940728469314,0.16,0.9953205983520553,4.868081996636415e-06]"
/multi_agv/m2b_algorithm_state,1789558479.9769692,1789558479.9769692,m2b_algorithm_state_v1:header6+3x20,"[1.0,-0.15,0.52,0.13837469963175417,0.09435482670031443,1789558479.976837,0.13784486304950241,0.09404713590731383,0.029361745600000003,0.031042423641884472,-0.0015666602645615585,8.636853438226675e-05,0.007830094824625024,0.136222806029439,0.09613257977126874,-0.0016220570200634055,0.002085443863954914,0.002077947743653598,0.9928654646481925,3.0059900006275526e-06,5.03764685743412e-05,0.029913956421720792,0.029913956421720792,0.16000000000000858,1.003607463336944,2.9845436587008954e-06,0.13687832991863114,0.09408147552123722,0.028402454025000003,0.03019857766801615,-0.0016414680025990669,7.524237095686559e-05,-0.00191858315,0.13660204982103288,0.09568193031386246,-0.00027628009759825267,0.0016004547926252444,0.0015960262069348813,0.9944980006430371,1.7226631604692779e-06,0.0012506760849370655,0.02500541066494891,0.02500541066494891,0.16,1.00277475750155,1.7131850688681122e-06,0.13755326479035893,0.09404057276420374,0.029361745600000003,0.031160218036058566,-0.0015460894058162275,2.4628147438347103e-05,0.005425313687256267,0.13708521988927244,0.09304999930536899,-0.000468044901086484,-0.0009905734588347564,-0.0009923030235772783,1.0035045683761048,6.824108167190814e-07,-0.0015773591499353833,0.037181614432149894,0.037181614432149894,0.16,0.998257019578267,6.84802372086867e-07]"
/multi_agv/m2b_algorithm_state,1789558479.9869611,1789558479.9869611,m2b_algorithm_state_v1:header6+3x20,"[1.0,-0.15,0.52,0.13933555382769255,0.09465496830270466,1789558479.9868243,0.13879191726962897,0.09433797698561629,0.029361745600000003,0.030931543937079073,-0.0015604524397338608,0.00013118949280300495,0.008179874342335587,0.13718850789711867,0.0961490219293076,-0.0016034093725103005,0.0018110449436913173,0.0018054015147692928,0.9938088145762245,2.2561059720844568e-06,-0.00019886020086858276,0.03082009255836177,0.03082009255836177,0.15999999999999145,1.003125858085228,2.2421380016755945e-06,0.13783062141089533,0.09439087195808742,0.028402454025000003,0.030111592426641326,-0.0016322346625764206,0.00010813577331890423,-0.00191858315,0.1377289671133894,0.0962171372163181,-0.00010165429750594313,0.0018262652582306804,0.0018205311076095758,0.9937620754413322,2.23275628845053e-06,0.0016934632357271469,0.023228556749164696,0.023228556749164696,0.16,1.0031497130684208,2.2188285231652846e-06,0.1385015602147381,0.09433563115723964,0.029361745600000003,0.031072003520844417,-0.0015402009882960928,5.9792819678419784e-05,0.005652670373768133,0.13823029325349442,0.09465918732127965,-0.000271266961243688,0.0003235561640400064,0.00032337407165767114,0.9988757532387611,7.242242383393424e-08,-1.5709629896938843e-05,0.03098200598961566,0.03098200598961566,0.16,1.0005631013686467,7.234100315849787e-08]"
/multi_agv/m2b_algorithm_state,1789558479.9969797,1789558479.9969797,m2b_algorithm_state_v1:header6+3x20,"[1.0,-0.15,0.52,0.14029702066636948,0.09494122045940645,1789558479.996833,0.139750500718217,0.09463021652543796,0.029361745600000003,0.03080964860866685,-0.0015538779992310342,0.00018059445211714986,0.008535321702124794,0.13804614367937532,0.09633966273069214,-0.0017043570388416973,0.0017094462052541781,0.0017044333538451374,0.9941716336656878,1.999405397664044e-06,-0.0004260129447069842,0.03155610900837962,0.03155610900837962,0.15999999999999145,1.0029410662480478,1.987752130555657e-06,0.13879470057250512,0.09470231486398605,0.028402454025000003,0.030021747474266194,-0.0016225597655622759,0.00014203968384413068,-0.00191858315,0.13869096770013403,0.0962171372163181,-0.0001037328723710873,0.0015148223523320514,0.0015108840399914879,0.9948289919867246,1.5295841935738194e-06,0.0013812179495276287,0.024403298719776995,0.024403298719776995,0.16,1.0026066277995669,1.5216747014518698e-06,0.1394614601923555,0.09463237351869,0.029361745600000003,0.030975035914830848,-0.0015339410103096997,9.855824534287449e-05,0.00588371115763112,0.13908428138918158,0.09520826200915027,-0.00037717880317392205,0.0005758884904602662,0.0005753148728464303,0.9980120594182855,2.28332568054693e-07,0.00010384136887902772,0.030345687420516913,0.030345687420516913,0.16,1.00099704986071,2.2787865647652998e-07]"
/multi_agv/m2b_algorithm_state,1789558480.0070686,1789558480.0070686,m2b_algorithm_state_v1:header6+3x20,"[1.0,-0.15,0.52,0.14126035466480535,0.09519590191685216,1789558480.006961,0.14070956291465644,0.09490288400698213,0.02568858196666667,0.02708624541573072,-0.001547169537702813,0.000198879132804397,0.001550578753107326,0.13900080646048668,0.0960102309963138,-0.001708756454169763,0.0011073469893316673,0.0011052416471344173,0.9962128506651093,7.369462771661352e-07,-0.0010307039205777865,0.030259793419427763,0.030259793419427763,0.15999999999999145,1.001904870489371,7.341553515627152e-07,0.13975952460580568,0.09500258008666893,0.028402454025000003,0.029912655219851383,-0.0016124881816914072,0.0001840788817874528,0.005427744116666668,0.13975096687809038,0.09690105931858503,-8.557727715297059e-06,0.001898479231916106,0.001892334515357238,0.9935715624925483,2.3894876702599422e-06,0.0018816373557131168,0.022322471821141145,0.022322471821141145,0.16,1.0032471619098,2.37412699809685e-06,0.14042197447864632,0.09491819728456827,0.02568858196666667,0.02719858205711883,-0.0015272844463591244,0.00013985824286330832,5.802096910309702e-05,0.13984596486739748,0.0938801837247968,-0.0005760096112488455,-0.0010380135597714696,-0.001039892270358284,1.003633481573833,6.512339651273445e-07,-0.001759904284419341,0.03388585308218357,0.03388585308218357,0.16,0.9981933603697551,6.536002117398889e-07]"
/multi_agv/m2b_algorithm_state,1789558480.0169556,1789558480.0169556,m2b_algorithm_state_v1:header6+3x20,"[1.0,-0.15,0.52,0.14222105603920002,0.0954185322412729,1789558480.0168762,0.1416704061588896,0.095147241440893,0.0220184283,0.023401741458448918,-0.0015403203944886136,0.0002015382312565732,0.0019166393022011265,0.1399634518253772,0.09620954379964444,-0.001706954333512395,0.0010623023587514463,0.0010603702713818568,0.9963765566257056,5.852674926207581e-07,-0.0010733226455086368,0.02674710392339806,0.02674710392339806,0.16,1.001822087455424,5.831468090024315e-07,0.14072634854371374,0.095273862927784,0.02106214669166667,0.022444861217946012,-0.0016020183632748375,0.00023388303279554823,-0.0019125632166666628,0.140719730373575,0.09690105931858503,-6.618170138750212e-06,0.0016271963908010278,0.0016226891780257568,0.9944930976093604,1.3156670012355001e-06,0.001614416465352319,0.01594073097046131,0.01594073097046131,0.16,1.0027776192978342,1.3084217514811108e-06,0.14138430929181273,0.09516660138187946,0.0220184283,0.023510309416236705,-0.0015204957863243496,0.00014418135463472388,0.0015805141093473982,0.14071512935704367,0.09345840770907735,-0.0006691799347690597,-0.0017081936728021163,-0.001713290095700547,1.0060041157192003,1.523322451192561e-06,-0.0025497650141618716,0.033264496921723466,0.033264496921723466,0.16,0.9970253590380169,1.532468655467177e-06]"
/multi_agv/m2b_algorithm_state,1789558480.0269854,1789558480.0269854,m2b_algorithm_state_v1:header6+3x20,"[1.0,-0.15,0.52,0.143188091110311,0.09564188806724112,1789558480.0268657,0.14262857612856822,0.09536301893333567,0.0220184283,0.02342307983438226,-0.0015335463245944804,0.0001887703727927513,0.002290570311144178,0.14122831092479898,0.0971653155088054,-0.0014002652037692354,0.0018022965754697362,0.0017967805862465808,0.993919285502279,1.683432695948957e-06,4.644908153503659e-05,0.02243938328556932,0.02243938328556932,0.16000000000000858,1.0030699292197263,1.6731962223487626e-06,0.14169059330417721,0.09550634432895336,0.02106214669166667,0.022363914183475643,-0.001591388205068378,0.00026343626304135837,-0.0019125632166666628,0.14181560157646053,0.09632768818991888,0.0001250082722833168,0.0008213438609655233,0.0008201921819126864,0.9972040438168666,3.3382534580155863e-07,0.0009764525222668324,0.018515713825872512,0.018515713825872512,0.16,1.0014041575599406,3.328919847618781e-07,0.1423439986848546,0.09538623346152969,0.0220184283,0.023508389338985358,-0.001513706130279041,0.0001414840025853473,0.0018235692651603825,0.14221532254248917,0.09575526431726063,-0.00012867614236541924,0.00036903085573093686,0.00036879723269754653,0.9987355625134431,7.090471142307036e-08,0.00020795205474077248,0.02260277436541456,0.02260277436541456,0.16,1.0006334728481596,7.081505684797353e-08]"
/multi_agv/m2b_algorithm_state,1789558480.0370326,1789558480.0370326,m2b_algorithm_state_v1:header6+3x20,"[1.0,-0.15,0.52,0.14415706358466984,0.09586492215778601,1789558480.0369427,0.14359300196156674,0.09557984968301823,0.0220184283,0.02343120799964001,-0.001526946177850974,0.00018181746428135026,0.002670622913488504,0.14232757398132934,0.09796219850702109,-0.0012654279802374047,0.0023823488240028584,0.002372778754183136,0.9920360067211362,2.937948901974386e-06,0.0007909937788863801,0.019514463398512844,0.019514463398512844,0.16,1.0040332752486303,2.914551096665417e-06,0.14266127423614658,0.09573908714424915,0.02106214669166667,0.022285812299999243,-0.0015804506224932624,0.00029159723102406554,-0.0019125632166666628,0.14277556083645077,0.09632768818991888,0.00011428660030418647,0.000588601045669726,0.0005880103608707929,0.9979972431020393,1.7067585165776886e-07,0.000730868611251026,0.01941986076702807,0.01941986076702807,0.16,1.0010045482839085,1.7033402941854595e-07,0.14330999713321968,0.09560672737445601,0.0220184283,0.023498441410877927,-0.0015069346518968478,0.0001422749839222519,0.0020706034566841942,0.14340083407482712,0.0982706501141366,9.083694160744171e-05,0.0026639227396805937,0.002651985629956426,0.9911254991552877,3.6827049885370305e-06,0.002765531806965728,0.012369667363038048,0.012369667363038048,0.16,1.0045011969858841,3.6500228200054324e-06]"
/multi_agv/m2b_algorithm_state,1789558480.0470123,1789558480.0470123,m2b_algorithm_state_v1:header6+3x20,"[1.0,-0.15,0.52,0.14512860244212997,0.09608772851111909,1789558480.046913,0.1445593126365884,0.09579669323956876,0.0220184283,0.023428548652858802,-0.0015204478566717351,0.00017959226283619217,0.0030569569269055024,0.14329489782499447,0.09713404795188106,-0.0012644148115939224,0.0013373547123123053,0.0013343243043889947,0.9954902667107874,9.254861754381376e-07,-0.00024619421010340834,0.023701485346276262,0.023701485346276262,0.16,1.002271117983344,9.213124796240582e-07,0.1436339613840779,0.09597101083889352,0.02106214669166667,0.022210907123561236,-0.0015693066017757606,0.0003182660433225515,-0.0019125632166666628,0.1438669621835976,0.09764831928358997,0.00023300079951968367,0.0016773084446964487,0.0016725641982273383,0.9943778464361887,1.3786034814689253e-06,0.001963815197626943,0.01443503003757295,0.01443503003757295,0.16,1.0028365108341664,1.370852760992502e-06,0.1442779167333432,0.09582706239489573,0.0220184283,0.02348190822840719,-0.0015001640010961787,0.00014592020240097587,0.0023217205654052437,0.14432039001077127,0.09683408321323306,4.2473277428067835e-05,0.0010070208183373258,0.0010052990885705882,0.9965931630833618,5.260012848026425e-07,0.001058390685355673,0.019255087503118707,0.019255087503118707,0.16,1.0017126542601225,5.242092842073777e-07]"
/multi_agv/m2b_algorithm_state,1789558480.0572398,1789558480.0572398,m2b_algorithm_state_v1:header6+3x20,"[1.0,-0.15,0.52,0.14611139883105737,0.09631220011210329,1789558480.0571058,0.14552813833145464,0.09601357527115009,0.0220184283,0.023419314405825117,-0.0015140027553958704,0.0001802440243150738,0.0034530125572836234,0.1436587605610666,0.09598894406384323,-0.0018693777703880365,-2.46312073068633e-05,-2.463224266949242e-05,1.0000840767580939,3.1380656602431727e-10,-0.002361354455654538,0.03181242138411884,0.03181242138411884,0.15999999999999145,0.999957967179724,3.1383294986305715e-10,0.14460928167093107,0.09620230193417233,0.02106214669166667,0.022138565458584912,-0.0015579623135966447,0.0003437202691597141,-0.0019125632166666628,0.14484302382863914,0.09764831928358997,0.00023374215770807782,0.0014460173494176415,0.0014424959238623501,0.9951553566033933,1.0203076001892446e-06,0.0017346736209974474,0.015292194956056751,0.015292194956056751,0.16,1.0024412031237238,1.0153645737114801e-06,0.14524838732400414,0.09604730832803485,0.0220184283,0.023461355239328286,-0.001493362451952072,0.000151291462694738,0.002579156725151022,0.14516439405798284,0.09544363807664591,-8.399326602129276e-05,-0.000603670251388938,-0.0006042945216748422,1.0020728194603448,1.888782936569063e-07,-0.0007092861042014582,0.02624442825864565,0.02624442825864565,0.16,0.9989669436615545,1.8926980425963506e-07]"
/multi_agv/m2b_algorithm_state,1789558480.067009,1789558480.067009,m2b_algorithm_state_v1:header6+3x20,"[1.0,-0.15,0.52,0.1470797480841829,0.09653254779505399,1789558480.0668936,0.1465081313077257,0.09623221448524873,0.0220184283,0.023388633294407442,-0.0015076018531400277,0.00019021320152184934,0.0038482356857439466,0.14463264858009467,0.09608892087914894,-0.0018754827276310226,-0.00014329360609978414,-0.00014332857826856744,1.0004883754818796,1.059616777035517e-08,-0.0024876819878073457,0.032279548172223824,0.032279548172223824,0.15999999999999145,0.9997560000301003,1.0601342678896095e-08,0.14559597717909276,0.09643512412607586,0.02106214669166667,0.02206672994446292,-0.0015462649558938557,0.0003687720419176671,-0.0019125632166666628,0.1455479997441963,0.09818317415537682,-4.797743489645678e-05,0.0017480500293009654,0.0017429309039789485,0.994180723820451,1.4841831299151725e-06,0.0016829591103583775,0.015260565707073058,0.015260565707073058,0.16,1.002937078750701,1.4755462583811686e-06,0.14623008800635368,0.09626926172498532,0.0220184283,0.023426883649831438,-0.0014864758645943797,0.00016265050871737971,0.002836051758650231,0.1458116667462171,0.09611013080819865,-0.0004184212601365811,-0.0001591309167866678,-0.00015917403094896747,1.0005421865472583,1.3087013074610241e-08,-0.0006822006061196938,0.025918792714770034,0.025918792714770034,0.16,0.9997291382140503,1.3094108677043089e-08]"
/multi_agv/m2b_algorithm_state,1789558480.0769649,1789558480.0769649,m2b_algorithm_state_v1:header6+3x20,"[1.0,-0.15,0.52,0.14805161330031266,0.09675274781120469,1789558480.0768495,0.14747371396315134,0.09644713070632774,0.0220184283,0.02335519849332154,-0.00150108629806952,0.00020131627656747844,0.004249735974521931,0.1458639181908195,0.09866638031732111,-0.0016097957723318346,0.0022192496109933735,0.0022110285972021656,0.9926517332313718,2.530774292986799e-06,0.0001987838817873724,0.02163511025104247,0.02163511025104247,0.16,1.0037181851929056,2.5121774883507457e-06,0.14656817523915222,0.09666315616016384,0.02106214669166667,0.02199968844415588,-0.0015347185350920445,0.00039182509532954823,-0.0019125632166666628,0.1464208476316756,0.09693685135996329,-0.0001473276074766272,0.00027369519979944523,0.00027356871398546094,0.9990766479857867,3.627407886238841e-08,8.940920463967693e-05,0.021558646379089528,0.021558646379089528,0.16,1.000462354821725,3.6240585118607096e-08,0.14719735505024514,0.0964873565186704,0.0220184283,0.02339073637473317,-0.001479553511676909,0.00017471733358391463,0.0030970269463559234,0.14698770520841625,0.098454998659267,-0.00020964984182889057,0.0019676421405966094,0.0019611709881781994,0.9934700899042979,1.9924800899257173e-06,0.0016991086858920861,0.01642148839085141,0.01642148839085141,0.16,1.0032996370318639,1.9794693740710258e-06]"
/multi_agv/m2b_algorithm_state,1789558480.086963,1789558480.086963,m2b_algorithm_state_v1:header6+3x20,"[1.0,-0.15,0.52,0.14903687730331525,0.09697492830645853,1789558480.0868387,0.14844276491302635,0.09666199092382737,0.0220184283,0.0233167762216616,-0.001494492996571944,0.00021454057014449172,0.004661564642321962,0.1470046921564004,0.09983945083174281,-0.001438072756625941,0.0031774599079154447,0.003160772851257893,0.98961986101966,5.170179647674701e-06,0.0013631819054754665,0.016970878232066097,0.016970878232066097,0.15999999999999145,1.0052794229268678,5.116512464378512e-06,0.14754394931981107,0.09689087235549727,0.02106214669166667,0.021933595855503318,-0.0015229919415047366,0.0004143736328777736,-0.0019125632166666628,0.1472975838330734,0.09793284819800888,-0.00024636548673767633,0.0010419758425116027,0.0010401583401848074,0.9965248306780636,5.232894083965153e-07,0.000732201481762712,0.01885314137484336,0.01885314137484336,0.16,1.0017473323594872,5.214708890979615e-07,0.14816812566810053,0.09670538015428941,0.0220184283,0.0233511609756062,-0.0014725135475761103,0.0001882088839817199,0.0033647155804259416,0.14815862698868776,0.0990510972956697,-9.498679412772715e-06,0.0023457171413802935,0.002336572007158112,0.9922701761665207,2.8231312603181185e-06,0.002324698657892146,0.013960237603822758,0.013960237603822758,0.16,1.0039139107179942,2.801308953017071e-06]"
/multi_agv/m2b_algorithm_state,1789558480.097176,1789558480.097176,m2b_algorithm_state_v1:header6+3x20,"[1.0,-0.15,0.52,0.15001431015627106,0.09719435376536122,1789558480.0970354,0.14942511913564496,0.09687874912181009,0.0220184283,0.023260602076700634,-0.0014878228391046904,0.0002354184704084882,0.0050746876944114516,0.1474867492303912,0.09964217136687409,-0.0019383699052537562,0.0027634222450639984,0.002750798026170863,0.9909566522568475,3.898348512507781e-06,0.0003278356446036676,0.02082616333040912,0.02082616333040912,0.15999999999999145,1.0045892932789067,3.863094391285172e-06,0.1485332449909536,0.09712067483768647,0.02106214669166667,0.02186632979903771,-0.0015108969370848935,0.0004372395936838025,-0.0019125632166666628,0.1482738091168926,0.09793284819800888,-0.00025943587406099256,0.0008121733603224102,0.0008110705849501756,0.9972925228649274,3.166527488669217e-07,0.00048677574237393495,0.019766266756103816,0.019766266756103816,0.16,1.0013596540087844,3.157954187896066e-07,0.14915226778334714,0.09692536095987904,0.0220184283,0.023299642088345073,-0.0014652974111006014,0.00020678516427356602,0.003633245564284111,0.14866651069395417,0.09749292835004315,-0.0004857570893929686,0.0005675673901641143,0.000567026489681051,0.9980979550528603,1.6496166415150004e-07,-4.016987206015971e-05,0.023186490596683526,0.023186490596683526,0.16,1.0009539245395176,1.6464789965172892e-07]"
/multi_agv/m2b_algorithm_state,1789558480.1071022,1789558480.1071022,m2b_algorithm_state_v1:header6+3x20,"[1.0,-0.15,0.52,0.15100070532836957,0.09741467224623934,1789558480.1069548,0.1503996517616579,0.09709292278010802,0.0220184283,0.02320224456514021,-0.0014809517461236597,0.0002571384554441113,0.005496034697971856,0.14839293474734136,0.09849486229668268,-0.002006717014316539,0.0014019395165746629,0.0013986667489854477,0.9953552563380826,1.0008368748041434e-06,-0.0011097295189102263,0.026527437397085678,0.026527437397085678,0.15999999999999145,1.0023399194923233,9.961882440732836e-07,0.14951469366575937,0.09734739522859,0.02106214669166667,0.021801385567678605,-0.0014988494715351408,0.0004591243896863578,-0.0019125632166666628,0.1494768625688215,0.09988209171422761,-3.7831096937862574e-05,0.0025346964856376164,0.0025241230720313233,0.9917354024911538,3.0676103593726395e-06,0.002476834200858995,0.011773794213283123,0.011773794213283123,0.16,1.0041889453503485,3.0422577944384574e-06,0.15012858504139598,0.09714274328738562,0.0220184283,0.023246398870822933,-0.0014579514605937956,0.0002260415456844544,0.0039071211165983746,0.1494562607333151,0.09593683959226486,-0.0006723243080808683,-0.0012059036951207608,-0.0012083705810790523,1.0041095049878883,7.43161480252066e-07,-0.0020487759661801377,0.031026147026804743,0.031026147026804743,0.16,0.9979585021375738,7.462155060619683e-07]"
/multi_agv/m2b_algorithm_state,1789558480.1172686,1789558480.1172686,m2b_algorithm_state_v1:header6+3x20,"[1.0,-0.15,0.52,0.15198562066736968,0.0976335501186922,1789558480.116962,0.1513830732742444,0.09730788852747202,0.0220184283,0.023131268119256098,-0.001473910958441637,0.000284239484127835,0.005920979243364626,0.14928034530358264,0.09862552797667201,-0.002102727970661772,0.001317639449199992,0.0013147547891289278,0.9956428015785409,8.80533078651613e-07,-0.001313655174198287,0.027221055351525057,0.027221055351525057,0.16,1.0021940669810951,8.766964213112697e-07,0.15050519732951653,0.09757511824464654,0.02106214669166667,0.02173535000710897,-0.0014865239965591026,0.00048133799522157017,-0.0019125632166666628,0.1504626279976379,0.09988209171422761,-4.256933187862799e-05,0.0023069734695810723,0.0022982261359866356,0.9924814966628962,2.5311569222760703e-06,0.0022450144711383506,0.012649752509015922,0.012649752509015922,0.16,1.0038061239742544,2.5121264105092044e-06,0.15111384538134776,0.0973610099665995,0.0220184283,0.02318436795606777,-0.0014503923842353762,0.0002489959378806073,0.004183335071103675,0.15047205550879963,0.09668650858665491,-0.0006417898725481208,-0.0006745013799445837,-0.0006752679530399904,1.0022786600485094,2.3154794557941677e-07,-0.0014775052937251415,0.02871885225911922,0.02871885225911922,0.16,0.9988647867976621,2.32075564632323e-07]"
/multi_agv/m2b_algorithm_state,1789558480.1271658,1789558480.1271658,m2b_algorithm_state_v1:header6+3x20,"[1.0,-0.15,0.52,0.15297393695266537,0.09785200642007132,1789558480.1269307,0.15236499299346662,0.09752142229109718,0.0220184283,0.023053873286817544,-0.0014666281692757351,0.0003139967960124776,0.006351424807784402,0.15060895461513882,0.1002123799697303,-0.001756038378327801,0.0026909576786331157,0.0026790815366058048,0.9912614111120788,3.6526378956517532e-06,0.0004840335636960534,0.020093415695603644,0.020093415695603644,0.16000000000000858,1.004432915484296,3.620718994725211e-06,0.15149424579979595,0.0978013183814061,0.02106214669166667,0.021669796088625282,-0.0014741246027211163,0.0005033047881417008,-0.0019125632166666628,0.1512868779916557,0.09808717081141548,-0.000207367808140263,0.00028585243000937843,0.00028571650974104195,0.9990500242974716,3.8761222020767855e-08,2.650674956571319e-05,0.021446802883862512,0.021446802883862512,0.16,1.0004757172361503,3.872439980164782e-08,0.1520976232088464,0.09757790968357331,0.0220184283,0.02311759718577877,-0.001442635052566546,0.00027390184145409326,0.004463124687976527,0.15189460220842996,0.09870747325381263,-0.00020302100041644233,0.0011295635702393142,0.0011274482061494884,0.9962702077269345,6.459749561169906e-07,0.0008736719556289355,0.019492281521703514,0.019492281521703514,0.16,1.0018762405920625,6.435656037170716e-07]"
/multi_agv/m2b_algorithm_state,1789558480.1371646,1789558480.1371646,m2b_algorithm_state_v1:header6+3x20,"[1.0,-0.15,0.52,0.1539627529379565,0.09806936884465228,1789558480.1370554,0.15335026639962696,0.09773444159168293,0.0220184283,0.022967362132170637,-0.0014590900138804759,0.0003475727926889993,0.006785895303583365,0.15184011971348965,0.10223719293846097,-0.0015101466861373036,0.004502751346778036,0.004470036988009162,0.985712962948993,1.0163546371556057e-05,0.002582353630337532,0.011586025373353043,0.011586025373353043,0.16,1.0073185879348718,1.0018339407976008e-05,0.15248675254602415,0.09802717175239328,0.02106214669166667,0.02160351887851107,-0.001461553219923667,0.0005254959969658857,-0.0019125632166666628,0.15233601293223936,0.09995900330818312,-0.00015073961378478384,0.0019318315557898397,0.001925717331020336,0.9937154724991587,1.7608338603813657e-06,0.001737292813789356,0.014516101576772331,0.014516101576772331,0.16,1.0031750375151185,1.7497678515613865e-06,0.153084791912345,0.09779440591613775,0.0220184283,0.023044187353569563,-0.0014346378874887248,0.00030156080263004097,0.0047455305102458555,0.15293418944360018,0.09842911490213199,-0.00015060246874482042,0.0006347089859942423,0.0006340405386746871,0.9978986404890107,2.0317594765222414e-07,0.0004457874527436616,0.021171508950248077,0.021171508950248077,0.16,1.0010542659006512,2.0274900194222088e-07]"
/multi_agv/m2b_algorithm_state,1789558480.1472366,1789558480.1472366,m2b_algorithm_state_v1:header6+3x20,"[1.0,-0.15,0.52,0.15495502023572896,0.09828622689327864,1789558480.1471152,0.15433600559966196,0.09794628366017284,0.0220184283,0.022874181853612008,-0.001451258296713014,0.0003838870789087702,0.007225465026575932,0.15288781144886268,0.10250629669905534,-0.0014481941507992757,0.004560013038882496,0.00452657034825488,0.985581781537754,1.0370467321769688e-05,0.0027163276597557857,0.010981465295178235,0.010981465295178235,0.16000000000000858,1.0073880859137667,1.022094365836883e-05,0.15347979834796419,0.09825198168667429,0.02106214669166667,0.021536751708476985,-0.001448863769976938,0.0005478385260660329,-0.0019125632166666628,0.15349418375006382,0.10104607046526107,1.4385402099637012e-05,0.0027940887785867785,0.0027814181201733356,0.9910248370580537,3.6657517805826986e-06,0.002799399872797882,0.010226193194032793,0.010226193194032793,0.16,1.0045554669833865,3.632851061047239e-06,0.15407245486624335,0.0980098411871097,0.0220184283,0.02296568347041269,-0.001426391033022497,0.00033129814701767174,0.0050312508301910246,0.1537280724996079,0.09640969138870342,-0.0003443823666354484,-0.0016001497984062807,-0.0016044569849665514,1.0054153217968267,1.2876883440976187e-06,-0.002034934943260862,0.030861347457006482,0.030861347457006482,0.16,0.9973154864227409,1.2946615908549301e-06]"
/multi_agv/m2b_algorithm_state,1789558480.1571505,1789558480.1571505,m2b_algorithm_state_v1:header6+3x20,"[1.0,-0.15,0.52,0.1559489874730788,0.09850215937284997,1789558480.1570356,0.15532514547860682,0.0981574681855493,0.0220184283,0.022772813086748653,-0.0014431140661952603,0.000423588369947436,0.007669120158104829,0.15356632852008165,0.10131682114318669,-0.0017588169585251723,0.00315935295763739,0.0031431766613837222,0.9898803323731051,4.956623218838273e-06,0.0009446554632272569,0.01793987383819749,0.01793987383819749,0.16000000000000858,1.0051464801366101,4.90646383931188e-06,0.15447635630019585,0.09847644359055915,0.02106214669166667,0.02146868421698841,-0.001435991806599396,0.0005706500918415958,-0.0019125632166666628,0.15418439002195622,0.09919231603739079,-0.0002919662782396304,0.0007158724468316335,0.0007150302434122362,0.9976533227678042,2.399942977606992e-07,0.0003500723956126982,0.01989953302080074,0.01989953302080074,0.16,1.0011778570587144,2.3943110860628735e-07,0.15506355892838428,0.09822476890372742,0.0220184283,0.022880982192958428,-0.0014178599847440316,0.0003635741817014011,0.005319626665684807,0.15460787799052852,0.09550352329565194,-0.00045568093785575137,-0.002721245608075476,-0.0027337708543910036,1.009298093273151,3.709419946452307e-06,-0.003303372026710693,0.035697492414986196,0.035697492414986196,0.16,0.9954183261938689,3.743910479103707e-06]"
/multi_agv/m2b_algorithm_state,1789558480.167242,1789558480.167242,m2b_algorithm_state_v1:header6+3x20,"[1.0,-0.15,0.52,0.15694601377755746,0.0987174086735065,1789558480.1670725,0.15631594151259995,0.09836757255599594,0.0220184283,0.02266458973518661,-0.0014346264919642073,0.00046608258113482444,0.0081172120373993,0.15455118996135966,0.10159522206415789,-0.0017647515512402845,0.003227649508161942,0.0032108220828851925,0.9896985818677021,5.1432517374821745e-06,0.001004882643834837,0.01758316477022763,0.01758316477022763,0.15999999999999145,1.0052408463759004,5.090268950774703e-06,0.15547466565962925,0.09870013150452743,0.02106214669166667,0.021399383128115734,-0.001422965440348728,0.0005939163950324094,-0.0019125632166666628,0.1550738599247432,0.09937767676516936,-0.000400805734886045,0.0006775452606419263,0.0006767928435192974,0.9977845956760694,2.1406911639740709e-07,0.0001757856749117412,0.020468015321499458,0.020468015321499458,0.16,1.0011117391825781,2.1359486675132025e-07,0.15605635524700728,0.0984387740580265,0.0220184283,0.02279090437669288,-0.0014090318800472068,0.00039802650678238786,0.005610886387226214,0.15570431963744016,0.09831245009534154,-0.00035203560956711955,-0.00012632396268497104,-0.00012635036563063805,1.000418215707921,7.93965180076981e-09,-0.0005663948775895375,0.024857485069992094,0.024857485069992094,0.16,0.9997910338799952,7.942972287868318e-09]"
/multi_agv/m2b_algorithm_state,1789558480.1771877,1789558480.1771877,m2b_algorithm_state_v1:header6+3x20,"[1.0,-0.15,0.52,0.1579440455659669,0.09891939329252177,1789558480.1770551,0.15730974337258524,0.09857679538354272,0.0220184283,0.022548532166465872,-0.0014257736916844337,0.0005117829833162389,0.008568557745450922,0.15571242627062143,0.10312861140708592,-0.0015973171019638133,0.004551816023543195,0.0045187717477174,0.9857284624940338,1.0155850696127375e-05,0.002522125370262633,0.011362258890115799,0.011362258890115799,0.16,1.0073126676164796,1.00109110920126e-05,0.15647609753390052,0.09892335226971029,0.02106214669166667,0.021328359238353696,-0.0014097487309708279,0.0006178307886113704,-0.0019125632166666628,0.15606696957005078,0.09937767676516936,-0.0004091279638497314,0.0004543244954590686,0.00045398662509033325,0.9985151667582477,9.584702133292059e-08,-5.742332972183097e-05,0.021327703546534016,0.021327703546534016,0.16,1.0007442297857743,9.570470448952253e-08,0.15705220042618662,0.09865207836726649,0.0220184283,0.022694726650037654,-0.0013998794068591468,0.0004349544906564894,0.005904261097459769,0.15688423883633143,0.10016022229836763,-0.00016796158985518672,0.001508143931101144,0.001504436643323837,0.9951112876345088,1.1243912802458171e-06,0.0012944846560048536,0.017391042337557533,0.017391042337557533,0.16,1.002464236559086,1.118894454690429e-06]"
/multi_agv/m2b_algorithm_state,1789558480.187135,1789558480.187135,m2b_algorithm_state_v1:header6+3x20,"[1.0,-0.15,0.52,0.15894413384249642,0.09909024080479685,1789558480.1870196,0.15830443832498672,0.09876704369456077,0.018353313,0.018836225058943973,-0.001416824328174892,0.0005275860534826091,0.0016931943324525298,0.15688407133735743,0.10468060281014953,-0.0014203669876292901,0.00591355911558876,0.005858494758224119,0.9817911541004776,1.4290414076910552e-05,0.004083036023687506,0.0013166018840496188,0.0013166018840496188,0.16000000000000858,1.00939906232524,1.4030202129143722e-05,0.15747863290214945,0.09913614927338214,0.02106214669166667,0.021237318934851805,-0.0013962379914523315,0.0006502679425811064,0.005417667383333338,0.15722914746560882,0.10265846202496705,-0.0002494854365406307,0.003522312751584905,0.0035025216360259196,0.9889110014584066,5.717421564400706e-06,0.0031906648403501312,0.00816033011571661,0.00816033011571661,0.16,1.0056505334200994,5.654021085011392e-06,0.1580490654707645,0.09885498690962241,0.018353313,0.018925952149536622,-0.0013903612923606397,0.0004749353309092927,0.00015248452401081178,0.15789213717593908,0.09949129199386522,-0.0001569282948254147,0.0006363050842428108,0.0006356426334510748,0.9979227592930894,1.6686292752266523e-07,0.00043948226491930637,0.017075075173948632,0.017075075173948632,0.16,1.00104217489022,1.6651631305714087e-07]"
/multi_agv/m2b_algorithm_state,1789558480.1974745,1789558480.1974745,m2b_algorithm_state_v1:header6+3x20,"[1.0,-0.15,0.52,0.15995174808515739,0.09923109678710719,1789558480.1973815,0.15930112370006344,0.09892935565215505,0.014687202933333332,0.015160656284597701,-0.0014077588765814822,0.0005269741655017838,0.0021539452142828666,0.15761281621591156,0.10369691406900595,-0.0016883074841518853,0.004767558416850906,0.004731537519563992,0.985159834439204,7.477270069409928e-06,0.002621153164374135,0.003513992803826081,0.003513992803826081,0.16000000000000858,1.0076129370501608,7.366306143637099e-06,0.1584833255046794,0.09932050702847328,0.013729926558333334,0.013795021706276,-0.0013824250134511218,0.0006907986710293079,-0.001914552749999996,0.158220222889279,0.10224721329444915,-0.0002631026154003846,0.0029267062659758675,0.0029130151809115133,0.9907468206955448,2.5630220387946e-06,0.0025841369116610326,0.0031939688074122674,0.0031939688074122674,0.16,1.004699970379169,2.539305936308363e-06,0.15904795232274646,0.0990208597337622,0.014687202933333332,0.015242614957161218,-0.0013807328920249764,0.000477397348238037,0.0017351111205338627,0.1584882507741982,0.09775382490934972,-0.0005597015485482582,-0.001267034824412483,-0.001269693114498923,1.0042158603634928,5.331593921114045e-07,-0.0019693200501842457,0.02276830568798656,0.02276830568798656,0.16,0.9979063522861671,5.354071176600309e-07]"
/multi_agv/m2b_algorithm_state,1789558480.2071447,1789558480.2071447,m2b_algorithm_state_v1:header6+3x20,"[1.0,-0.15,0.52,0.1609492230292711,0.09937023483285544,1789558480.2070563,0.1603052626066097,0.0990649426525998,0.014687202933333332,0.0151762985833402,-0.0013988123260929076,0.0005155442476734826,0.0026121723081738027,0.15855636468344111,0.10249979012735122,-0.0017488979231685964,0.0034348474747514235,0.0034159966557279235,0.9891652034432961,3.886872645645223e-06,0.001229874251767178,0.00919043369287021,0.00919043369287021,0.16,1.0055183950464035,3.844759171287839e-06,0.1594956343045055,0.09946850278921077,0.013729926558333334,0.013728712321284805,-0.0013683413419556256,0.0007122180063107025,-0.001914552749999996,0.15903920756020862,0.10067537655346992,-0.0004564267442968839,0.0012068737642591532,0.0012045201089979686,0.9961172163993635,4.3399961624202816e-07,0.0006339866786268637,0.010922647704429227,0.010922647704429227,0.16,1.001954019068343,4.3231448964940107e-07,0.16005434734435692,0.09915984491951103,0.014687202933333332,0.015234909337668271,-0.001371076435114713,0.00047571744590029896,0.002032958731562972,0.15952081103124974,0.09995333123986005,-0.0005335363131071802,0.0007934863203490211,0.0007924615395211233,0.9974246740704417,2.0855277735640985e-07,0.000125541148137148,0.01442975799882519,0.01442975799882519,0.16,1.001293161594337,2.0801568598120249e-07]"
/multi_agv/m2b_algorithm_state,1789558480.2172961,1789558480.2172961,m2b_algorithm_state_v1:header6+3x20,"[1.0,-0.15,0.52,0.16195652606552294,0.09951027844431383,1789558480.2172177,0.16129928906812388,0.09919931024823618,0.014687202933333332,0.015183537154819352,-0.0013900083961609628,0.0005078307158209807,0.003076693026936887,0.15953362029564136,0.10244962331860653,-0.0017656687724825204,0.003250313070370353,0.0032334404453999307,0.9897444961502057,3.4804240238093694e-06,0.0010263544797967802,0.010016619243401872,0.010016619243401872,0.16000000000000858,1.0052181647552614,3.4447305218342757e-06,0.16049776549605668,0.09961407086429121,0.013729926558333334,0.013667453808981454,-0.0013543725996432443,0.0007315080943073177,-0.001914552749999996,0.1605986735993885,0.10109845569195318,0.00010090810333182598,0.001484384827661972,0.0014808386390279754,0.9952486140406864,6.530273816378214e-07,0.001606973768192758,0.007260553581869765,0.007260553581869765,0.16,1.002394716440087,6.499245965056601e-07,0.16105061452363273,0.09929732338603892,0.014687202933333332,0.015222762017972916,-0.0013615356044198255,0.0004760227689385027,0.002334897198758976,0.16072647091337458,0.10238231127013907,-0.00032414361025814853,0.0030849878841001516,0.003069789206877767,0.9902608091749151,3.1424318141112635e-06,0.0026646096940550813,0.004254666765677397,0.004254666765677397,0.16,1.004951049143157,3.111827071018816e-06]"
/multi_agv/m2b_algorithm_state,1789558480.2272532,1789558480.2272532,m2b_algorithm_state_v1:header6+3x20,"[1.0,-0.15,0.52,0.16296006023661758,0.09964934910477287,1789558480.2271044,0.16230306620597332,0.09933474439654284,0.014687202933333332,0.015175220206368634,-0.0013813217054991275,0.0005069202430588584,0.0035408425266063334,0.16112903771723353,0.1042433309093113,-0.0011740284887397923,0.004908586512768459,0.004870651988172094,0.9848295109002808,7.917862114903421e-06,0.0034031163772473534,0.0006357202353115647,0.0006357202353115647,0.16000000000000858,1.0077883874044966,7.797744273996199e-06,0.16150982190418686,0.09976036004345257,0.013729926558333334,0.01360712295024823,-0.0013401124840082268,0.0007502447974161719,-0.001914552749999996,0.16181726564749468,0.10334550198361799,0.00030744374330782254,0.0035851419401654178,0.003564820030373426,0.9888164661588406,3.7838778508149107e-06,0.003949124709508204,-0.002224387603567985,-0.002224387603567985,0.16,1.0057006832375388,3.7415607248195083e-06,0.16205669008640863,0.09943573089294612,0.014687202933333332,0.01520103475827208,-0.0013519606780562866,0.00048046257588758726,0.002636594373544117,0.16207299530914163,0.10313589995377576,1.6305222732992952e-05,0.003700169060829636,0.003678445853627888,0.988421713994031,4.509119759829108e-06,0.003698827382044129,0.0002096147574575085,0.0002096147574575085,0.16,1.0059055394767666,4.45691188161464e-06]"
/multi_agv/m2b_algorithm_state,1789558480.2371888,1789558480.2371888,m2b_algorithm_state_v1:header6+3x20,"[1.0,-0.15,0.52,0.1639658676010651,0.09978819836405321,1789558480.237076,0.16330307449473472,0.09946948324431647,0.014687202933333332,0.015156257609112642,-0.0013726708106363947,0.0005106424728656603,0.0040070010300293085,0.16239583519799344,0.10512914983307674,-0.0009072392967412746,0.00565966658876027,0.0056096115517919876,0.9826898363376216,1.0500111891133827e-05,0.004475562430865394,-0.0036465863008540954,-0.0036465863008540954,0.16,1.0089230843359007,1.0318353235825015e-05,0.1625181060962547,0.09990527538592481,0.013729926558333334,0.013549579255777135,-0.0013258624210886194,0.0007677788434558158,-0.001914552749999996,0.16284844262243064,0.10334550198361799,0.00033033652617595055,0.0034402265976931773,0.0034215306000885994,0.9892719951000508,3.467487092616745e-06,0.0038344512578085375,-0.001795640387500937,-0.001795640387500937,0.16,1.0054642204877822,3.430287874096642e-06,0.1630590001188633,0.09957328868407733,0.014687202933333332,0.015172884899116185,-0.00134239798378379,0.00048769251388952996,0.002939597400769051,0.16303045840525154,0.10236375112574642,-2.8541713611746067e-05,0.0027904624416690837,0.002778045941143492,0.9911941082673855,2.5599113851412092e-06,0.0027423687991288094,0.004071668451252036,0.004071668451252036,0.16,1.0044695087081537,2.5373690826385687e-06]"
/multi_agv/m2b_algorithm_state,1789558480.2473378,1789558480.2473378,m2b_algorithm_state_v1:header6+3x20,"[1.0,-0.15,0.52,0.1649771532283916,0.09992719198025035,1789558480.2472162,0.16430532533500816,0.09960413913070218,0.014687202933333332,0.015126876168790819,-0.001364014834081606,0.0005188779281373705,0.004476224639390235,0.16342417687001953,0.10406656110440778,-0.0008811484649886292,0.0044624219737055965,0.004431079109287203,0.9861889801525104,6.517215520588488e-06,0.003329643528051416,0.0010792712372209561,0.0010792712372209561,0.15999999999999145,1.0070734156726522,6.427206127683273e-06,0.16352869977014992,0.10004977428006306,0.013729926558333334,0.013493255343256433,-0.0013115034927455582,0.0007847277480295678,-0.001914552749999996,0.16387263543491337,0.10242901070479557,0.00034393566476345616,0.002379236424732506,0.0023702398864864334,0.9925052563540998,1.6518470109530328e-06,0.0028001594674407536,0.0023886646343217483,0.0023886646343217483,0.16,1.003795623513622,1.6394668410636933e-06,0.16406357769803723,0.09971068168139438,0.014687202933333332,0.015138193409797412,-0.001332781176256335,0.0004977297265688196,0.0032445927468536537,0.16387431940436067,0.10145593458356944,-0.000189258293676553,0.0017452529021750596,0.0017403666937956639,0.9944372710710021,9.992201239168115e-07,0.0015037938266999726,0.008975710022660316,0.008975710022660316,0.16,1.0028075740571312,9.936617332270625e-07]"
/multi_agv/m2b_algorithm_state,1789558480.2572186,1789558480.2572186,m2b_algorithm_state_v1:header6+3x20,"[1.0,-0.15,0.52,0.16598302423201938,0.10006483806027089,1789558480.2570896,0.16531300750303077,0.09973898596719209,0.014687202933333332,0.015084177197958747,-0.0013553113007056853,0.0005328609797821984,0.00494298276433226,0.16420694216226772,0.10265821907898343,-0.001106065340763046,0.0029192331117913334,0.0029056876594070052,0.990821829654634,2.7828203772044026e-06,0.0015231059834531976,0.008292725462315489,0.008292725462315489,0.16000000000000858,1.0046617028297848,2.757279177741865e-06,0.16454482913305382,0.10019435295225691,0.013729926558333334,0.013437172107160514,-0.0012969722860133037,0.0008014829160196829,-0.001914552749999996,0.16489654686190874,0.10242901070479557,0.00035171772885492225,0.0022346577525386574,0.002226728225412376,0.9929629381382471,1.4503208592523492e-06,0.002666375386481029,0.0028826343345234214,0.0028826343345234214,0.16,1.0035610664273196,1.4401148616463999e-06,0.16507362304909018,0.09984823702130205,0.014687202933333332,0.015094865881526955,-0.0013230617441703134,0.0005114568227923152,0.0035479855280659703,0.16507313941811685,0.10263225089290934,-4.836309733247113e-07,0.002784013871607288,0.0027716998330129475,0.9912464989598118,2.5317596134527535e-06,0.0027710952942962917,0.0038942682212166433,0.0038942682212166433,0.16,1.004442774952638,2.509597853042888e-06]"
/multi_agv/m2b_algorithm_state,1789558480.2671561,1789558480.2671561,m2b_algorithm_state_v1:header6+3x20,"[1.0,-0.15,0.52,0.16699372349461747,0.10020243225786325,1789558480.267015,0.16631528931657474,0.09987261835729035,0.014687202933333332,0.015033341923339107,-0.0013464950119177858,0.0005503120575109845,0.0054115493866235525,0.1652138678389658,0.10241696500221682,-0.0011014214776089437,0.0025443466449264762,0.002534046313225375,0.9919809158276326,2.1061479643379183e-06,0.0011572694662141956,0.009731712624567478,0.009731712624567478,0.16,1.0040647764199664,2.089258586532432e-06,0.16555552177040228,0.10033735764471456,0.013729926558333334,0.013382736034687946,-0.0012825073848513335,0.0008175587533310463,-0.001914552749999996,0.16558257614070393,0.09982165268364675,2.7054370301649033e-05,-0.0005157049610678144,-0.0005161352710143749,1.0016720541713107,7.703024323146821e-08,-0.00048231730813731364,0.015323385987853806,0.015323385987853806,0.16,0.9991662845561496,7.715904197098046e-08,0.16607826160908115,0.09998453817880773,0.014687202933333332,0.015046239496647885,-0.001313275407842169,0.0005274459566902952,0.0038525538325553093,0.1663544607936489,0.10498283160634743,0.0002761991845677547,0.004998293427539699,0.0049593318695783945,0.9847050610307385,8.115014792496778e-06,0.005304580850288088,-0.006403659481635793,-0.006403659481635793,0.16,1.0078562110755893,7.990896136510885e-06]"
/multi_agv/m2b_algorithm_state,1789558480.2771342,1789558480.2771342,m2b_algorithm_state_v1:header6+3x20,"[1.0,-0.15,0.52,0.1680056375577413,0.10033944575561378,1789558480.2769976,0.16732235711401894,0.10000615612353103,0.014687202933333332,0.014972019440277344,-0.0013375422225395998,0.0005722378577108472,0.00587972458878275,0.16647904172880357,0.1044842673702806,-0.0008433153852153707,0.004478111246749572,0.004446723186817301,0.9862190079753858,6.4837498217353725e-06,0.0033925789552980874,0.0006908533117122827,0.0006908533117122827,0.15999999999999145,1.0070586943719195,6.3943973171524435e-06,0.16657109361430417,0.1004803563479354,0.013729926558333334,0.013327799310197995,-0.001267889640939851,0.0008337722702163874,-0.001914552749999996,0.16658046984431563,0.09982165268364675,9.376230011459707e-06,-0.0006587036642886485,-0.0006594051084650499,1.0021350434625003,1.2508561197704994e-07,-0.0006476848209507253,0.015917291860339276,0.015917291860339276,0.16,0.9989362469786831,1.253526751951544e-07,0.16708771975552925,0.10012078430212337,0.014687202933333332,0.014990516265708883,-0.0013033331744649558,0.000546430219389776,0.004156867713958788,0.16749229556513115,0.10593773708416554,0.00040457580960190365,0.005816952782042167,0.005764607210298911,0.9823998072096584,1.093608380275931e-05,0.00627032697230129,-0.010389764898015593,-0.010389764898015593,0.16,1.0090805097092717,1.0743606619459414e-05]"
/multi_agv/m2b_algorithm_state,1789558480.2870178,1789558480.2870178,m2b_algorithm_state_v1:header6+3x20,"[1.0,-0.15,0.52,0.16901863578881515,0.1004758097767724,1789558480.2869434,0.1683306169939088,0.10013907553079816,0.014687202933333332,0.014901312972097415,-0.001328407895597105,0.000598136833959889,0.0063469002356097886,0.16763980855539135,0.10527289407184613,-0.0006908084385174595,0.005133818541047969,0.005092844183468118,0.9843481380106127,8.471604398844011e-06,0.004229333635321294,-0.0027346358244861504,-0.0027346358244861504,0.15999999999999145,1.0080454763789666,8.339008015964619e-06,0.16758790577592333,0.10062279623250103,0.013729926558333334,0.013272619637329643,-0.0012531953454539557,0.0008500514306617329,-0.001914552749999996,0.16751119467724163,0.101520284390549,-7.671109868170878e-05,0.0008974881580479654,0.0008962036131898856,0.997147156914295,2.3084303916520685e-07,0.0008003147398377497,0.010017197562466102,0.010017197562466102,0.16,1.0014333180977788,2.3018448019704126e-07,0.16809838990339182,0.10025646550354217,0.014687202933333332,0.014928324773155833,-0.0012932306646786474,0.0005681349155276217,0.004460531884396364,0.16835524206503485,0.10388354252404983,0.00025685216164303415,0.0036270770205076575,0.0036064229453201383,0.9887674180425426,4.2390648202300335e-06,0.003927488147373931,-0.0008458128106044616,-0.0008458128106044616,0.16,1.0057270252271218,4.191449177213825e-06]"
/multi_agv/m2b_algorithm_state,1789558480.2970881,1789558480.2970881,m2b_algorithm_state_v1:header6+3x20,"[1.0,-0.15,0.52,0.17003628793358097,0.10061193049630311,1789558480.2969308,0.1693399380971549,0.10027127112422489,0.014687202933333332,0.014822417463356,-0.0013190559195532135,0.0006274723234985567,0.006814137876649911,0.16811313447523385,0.10433069245094903,-0.001226803621921041,0.004059421326724141,0.004033639607421147,0.9874930582964877,5.270061540473882e-06,0.0025001350800198455,0.003966434999645309,0.003966434999645309,0.16,1.0063916764540792,5.2041491880132535e-06,0.16860582772254495,0.10076465483430005,0.013729926558333334,0.013216876113963272,-0.0012384241988106226,0.0008665351725829634,-0.001914552749999996,0.1685241551411055,0.101520284390549,-8.167258143945699e-05,0.0007556295562489435,0.0007547197634178252,0.9975988284732193,1.6285817920748533e-07,0.000652629036618504,0.010552821032988761,0.010552821032988761,0.16,1.001205471057228,1.6246712878466896e-07,0.16911014154674564,0.10039150337179226,0.014687202933333332,0.014860322321662473,-0.0012829434713115852,0.0005922624870228353,0.004764236351072442,0.16886875612872096,0.10361154726881225,-0.00024138541802468105,0.003220043897019992,0.0032037450835177565,0.9899999623424325,3.3247857490646093e-06,0.0029020133109869052,0.002975201095869953,0.002975201095869953,0.16,1.005087425209355,3.2915377663706194e-06]"
/multi_agv/m2b_algorithm_state,1789558480.3070483,1789558480.3070483,m2b_algorithm_state_v1:header6+3x20,"[1.0,-0.15,0.52,0.17105452913768435,0.10074723276985535,1789558480.306873,0.17035386857910195,0.1004030694697531,0.014687202933333332,0.01473423430885442,-0.0013094561204296355,0.0006607048748917847,0.007278944156453197,0.16902045254769818,0.10276608921541641,-0.0013334160314037724,0.0023630197456633167,0.002354186656109049,0.9925906184536073,1.7763764053356018e-06,0.0006874166168543334,0.011200537317590745,0.011200537317590745,0.16000000000000858,1.0037520769779857,1.7632145547784607e-06,0.16962845698880244,0.10090645595976927,0.013729926558333334,0.01315965459815786,-0.0012234928343355655,0.0008835763903984606,-0.001914552749999996,0.1692338274225811,0.09836740823180214,-0.0003946295662213273,-0.0025390477279671336,-0.0025495579758893407,1.0083578414745007,1.8337878938885045e-06,-0.003042844933666,0.024993535761522162,0.024993535761522162,0.16,0.995877619563234,1.849114402403483e-06,0.1701265382328385,0.10052626605938698,0.014687202933333332,0.014785635033871631,-0.001272423550076911,0.0006191667683866503,0.005066360432944578,0.1700269112713945,0.10501736279866394,-9.96269614439993e-05,0.004491096739276959,0.0044597526362366085,0.9862796417222978,6.424725357498126e-06,0.004335218934431609,-0.0028987332432031682,-0.0028987332432031682,0.16,1.0070282155978052,6.336575823757413e-06]"
/multi_agv/m2b_algorithm_state,1789558480.3170736,1789558480.3170736,m2b_algorithm_state_v1:header6+3x20,"[1.0,-0.15,0.52,0.17206925116756064,0.10088115097828776,1789558480.3168802,0.17136836448573653,0.10053391645788322,0.014687202933333332,0.014637193730560103,-0.001299572751587285,0.0006976294607159369,0.007738818865563277,0.16998704617311128,0.10331140122098365,-0.0013813183126252515,0.002777484763100427,0.002765341103087106,0.9913475252645992,2.4357637210938225e-06,0.0010386932123055415,0.009650755931873242,0.009650755931873242,0.15999999999999145,1.0043913786981884,2.4146883370356523e-06,0.17065170154659454,0.10104757905367473,0.013729926558333334,0.013101367179599673,-0.0012084827732694037,0.0009010388514581608,-0.001914552749999996,0.17063320340546057,0.09933290256273464,-1.8498141133971302e-05,-0.0017146764909400924,-0.0017194311794981275,1.0055816708516425,8.316170578468506e-07,-0.0017425538559155916,0.020015752802295346,0.020015752802295346,0.16,0.9972347316864273,8.36258870538363e-07,0.17114352138072195,0.10066020279800808,0.014687202933333332,0.014704497945545235,-0.0012616742817253487,0.0006487476711091707,0.005365278993866131,0.1712290183627473,0.1066909141940728,8.54969820253404e-05,0.006030711396064717,0.005974953968752382,0.9819339589644437,1.1499756481229488e-05,0.0060818251962840575,-0.010104701432546612,-0.010104701432546612,0.16,1.0093318588902833,1.1292001408740691e-05]"
/multi_agv/m2b_algorithm_state,1789558480.326938,1789558480.326938,m2b_algorithm_state_v1:header6+3x20,"[1.0,-0.15,0.52,0.17308494556491927,0.10101421203931014,1789558480.326849,0.17237933870856723,0.10066327004123649,0.014687202933333332,0.014533333305240592,-0.0012893770955754945,0.0007373479970126657,0.008195154301073596,0.17153046736918184,0.10541081367781407,-0.000848871339385382,0.004747543636577589,0.0047126514408977254,0.9855662524836223,7.051002667937255e-06,0.003651562266665998,-0.0008162371960474986,-0.0008162371960474986,0.15999999999999145,1.0074039415215517,6.949230275690943e-06,0.171671425559131,0.10118741150136212,0.013729926558333334,0.013042438451444519,-0.0011934768252889194,0.0009187815692231205,-0.001914552749999996,0.17175402502390674,0.09976595542438983,8.259946477573443e-05,-0.0014214560769722911,-0.001424710312184424,1.004603270605024,5.684634639605715e-07,-0.001321460981214756,0.01834588118750798,0.01834588118750798,0.16,0.997715861825171,5.710802551142514e-07,0.1721569892349837,0.10079277139226464,0.014687202933333332,0.014618211244601727,-0.001250703446364439,0.0006804456995678806,0.005661897026947839,0.17225762508574285,0.10498189396626353,0.00010063585075914538,0.0041891225739988935,0.004161888669840242,0.9872048190339898,5.52106179943491e-06,0.004287683483289174,-0.0027381440533136396,-0.0027381440533136396,0.16,1.006543640716775,5.450418814586615e-06]"
/multi_agv/m2b_algorithm_state,1789558480.3369577,1789558480.3369577,m2b_algorithm_state_v1:header6+3x20,"[1.0,-0.15,0.52,0.17410744079892515,0.10113490040761913,1789558480.3368747,0.17339125489440618,0.10079157166337635,0.014687202933333332,0.014423209214715238,-0.00127884677386198,0.0007796078154044428,0.00864985069097875,0.17276662715294308,0.10671560718651257,-0.0006246277414631018,0.005924035523136223,0.005870286792848249,0.9822641089550226,1.0878667689826649e-05,0.005089502116019371,-0.006733538633823664,-0.006733538633823664,0.16,1.0091560654844762,1.0685724824965368e-05,0.17269215630026,0.10132661100991834,0.013729926558333334,0.012981834635938501,-0.0011783677939778137,0.0009371969118245893,-0.001914552749999996,0.17274569413135718,0.09976595542438983,5.3537831097183464e-05,-0.0015606555855285087,-0.0015645751555820385,1.0050525502117609,6.816944156968445e-07,-0.0014976528667105591,0.018966870957809943,0.018966870957809943,0.16,0.9974948023177119,6.851387109612299e-07,0.17317142550009162,0.10092445344463574,0.014687202933333332,0.014526991165780863,-0.0012394591961733597,0.0007141401990635849,0.00595744968038619,0.17311918140514382,0.10266092661451731,-5.224409494780646e-05,0.0017364731698815694,0.0017317143364886955,0.9945549952862702,9.43940084115258e-07,0.0016664092178039374,0.007788532277941138,0.007788532277941138,0.16,1.0027480475807131,9.388003259077719e-07]"
/multi_agv/m2b_algorithm_state,1789558480.3469884,1789558480.3469884,m2b_algorithm_state_v1:header6+3x20,"[1.0,-0.15,0.52,0.17512799429626746,0.10122407431036369,1789558480.3468587,0.17440983721456618,0.10090165008106138,0.011009183166666665,0.010702628997125398,-0.0012682537354687601,0.000792549240410048,0.001742293399449864,0.17375318299973508,0.10577101646435741,-0.0006566542148311039,0.004869366383296034,0.004832814314246532,0.9852653945858345,5.4559029640188845e-06,0.004011996545707652,-0.006007034601093697,-0.006007034601093697,0.16,1.0075633092175198,5.37551238666609e-06,0.1737198150468902,0.10145647447537358,0.013729926558333334,0.012899755905955509,-0.0011628772561047274,0.000964722203263324,0.005441486783333338,0.17372998854599006,0.09943112233242622,1.0173499099846994e-05,-0.0020253521429473564,-0.0020319649945428958,1.0065799673248552,1.1405057962059908e-06,-0.002019248120668087,0.02092031499908935,0.02092031499908935,0.16,0.9967455878357653,1.1480102870788342e-06,0.17419267013531897,0.10104657666642246,0.011009183166666665,0.010749079298582046,-0.0012278433947323208,0.000751400426779676,0.00018023052255907931,0.17395052206735773,0.10141255483555846,-0.00024214806796124533,0.0003659781691359998,0.00036576493439490724,0.9988363247939103,3.103858213643508e-08,6.307984944335058e-05,0.01035994240594569,0.01035994240594569,0.16,1.000582983006409,3.100246330797073e-08]"
/multi_agv/m2b_algorithm_state,1789558480.3569303,1789558480.3569303,m2b_algorithm_state_v1:header6+3x20,"[1.0,-0.15,0.52,0.17614824583342245,0.10128243188246029,1789558480.3568256,0.17542644533715815,0.10098344894412441,0.007341614866666665,0.007029080522181637,-0.0012575758843226257,0.0007895899089954356,0.0021846853178588053,0.17426131480700618,0.1046865029945569,-0.0011651305301519643,0.003703054050432489,0.0036817503469344405,0.988655972909363,2.0734169932476826e-06,0.002225337184244485,-0.002659499384317366,-0.002659499384317366,0.16,1.0057862976819671,2.049896094706094e-06,0.1747455906764736,0.10155753904462486,0.006394789958333334,0.005463533129211982,-0.00114721085938152,0.0010003942027834584,-0.001893649816666662,0.17472688388475263,0.09943112233242622,-1.870679172097378e-05,-0.0021264167121986394,-0.0021337016328026627,1.0069068155315852,5.322464705683626e-07,-0.00215708512245388,0.014012598290247685,0.014012598290247685,0.16,0.9965857828985889,5.359225987579156e-07,0.17521194687517058,0.10113123494234186,0.007341614866666665,0.007067929135507509,-0.0012161856256731902,0.0007512263203777025,0.0017514341745248898,0.17509633295359697,0.10281412427849977,-0.00011561392157360961,0.001682889336157914,0.0016784304005122992,0.9947346582745368,4.309639616125042e-07,0.0015339129985452872,0.0008286974000491672,0.0008286974000491672,0.16,1.0026566103928132,4.2869478908325494e-07]"
/multi_agv/m2b_algorithm_state,1789558480.3671076,1789558480.3671076,m2b_algorithm_state_v1:header6+3x20,"[1.0,-0.15,0.52,0.1771785127969241,0.10134116824009749,1789558480.367022,0.1764427325290864,0.10103778346030624,0.007341614866666665,0.007054621669840985,-0.001247039439951885,0.0007730401976545449,0.0026246017041701934,0.17531529728631295,0.1055071975022322,-0.0011274352427734502,0.004469414041925954,0.004438583631469682,0.9864387240192589,3.0288248408304434e-06,0.0030292895780028696,-0.00590617855076647,-0.00590617855076647,0.15999999999999145,1.0069460019267593,2.9877501112666176e-06,0.17577108640721056,0.10162128547456067,0.006394789958333334,0.00540736359350001,-0.0011314782786355781,0.001016560776301148,-0.001893649816666662,0.17546174492415742,0.10053419104041,-0.0003093414830531438,-0.0010870944341506705,-0.001088981895857856,1.0034867683214486,1.3754157267985e-07,-0.0014756587496742857,0.011113066035636714,0.011113066035636714,0.16,0.9982667648430477,1.380211482783523e-07,0.1762309185639703,0.10118822671251396,0.007341614866666665,0.007068224672674797,-0.0012045869697070088,0.0007450668825433123,0.002037379825627292,0.17615321454324237,0.10356501137352128,-7.770402072793114e-05,0.002376784661007325,0.002367944175997508,0.992628105487427,8.589948071364493e-07,0.002270814150087594,-0.002138222565597518,-0.002138222565597518,0.16,1.0037334009388517,8.526623880313914e-07]"
/multi_agv/m2b_algorithm_state,1789558480.3772106,1789558480.3772106,m2b_algorithm_state_v1:header6+3x20,"[1.0,-0.15,0.52,0.1781962040511733,0.10139907198994269,1789558480.3771076,0.17746895840639154,0.10109272044005838,0.007341614866666665,0.0070658594484274174,-0.00123670361388159,0.0007627946549665474,0.0030515359955597386,0.17654237975548412,0.10723191605300443,-0.0009265786509074225,0.006139195612946055,0.0060818056655056515,0.9817427960375129,5.714694673947157e-06,0.004923582351871373,-0.013595493270246596,-0.013595493270246596,0.16,1.009436333647736,5.610360327701565e-06,0.17680669466533583,0.10168516174552082,0.006394789958333334,0.005352567623277527,-0.0011154543947647921,0.0010319805162699591,-0.001893649816666662,0.17652383929199583,0.10149158384472062,-0.00028285537333999633,-0.00019357790080019865,-0.00019363729451498621,1.0006140917561637,4.313146869647243e-09,-0.0005472065111899816,0.007380876635475899,0.007380876635475899,0.16,0.999693273370007,4.315795537583016e-09,0.1772598853190449,0.10124562253471331,0.007341614866666665,0.007060073057872329,-0.0011930121090730373,0.0007425812899415516,0.0023148871150304967,0.17711218342515875,0.1016686273735109,-0.00014770189388615962,0.00042300483879759154,0.0004227208634973785,0.9986594916642277,2.7208560289058852e-08,0.00023809349613967897,0.006022943559187967,0.006022943559187967,0.16,1.0006717797126539,2.7172086987187007e-08]"
/multi_agv/m2b_algorithm_state,1789558480.3869617,1789558480.3869617,m2b_algorithm_state_v1:header6+3x20,"[1.0,-0.15,0.52,0.17921258200282897,0.10145666796607271,1789558480.3868682,0.17848266910020202,0.1011472588980507,0.007341614866666665,0.00706538026532879,-0.0012265058252492961,0.0007576996454072941,0.0034694856400758157,0.17771265482972431,0.10820984344501611,-0.0007700142704777091,0.007062584546965414,0.006987224685123159,0.9792373734384879,7.554862895268825e-06,0.006024706847026023,-0.018081998725056628,-0.018081998725056628,0.16,1.0107853783495337,7.398004098250934e-06,0.1778296479707452,0.10174758103081274,0.006394789958333334,0.0053023782519010096,-0.001099668241284324,0.001045527122610121,-0.001893649816666662,0.17745366401821003,0.1024044286194778,-0.000375983952535186,0.0006568475886650493,0.000656168718725868,0.9979381026003199,4.915152977012549e-08,0.00018618877805688552,0.004343646714426813,0.004343646714426813,0.16,1.001034596620972,4.9050184358702166e-08,0.17827629508257273,0.10130237604096468,0.007341614866666665,0.007045211558170977,-0.0011816022234611683,0.0007430899375025519,0.002586554383965947,0.1779180952891281,0.10001972838193428,-0.00035819979344461905,-0.0012826476590303976,-0.0012852904922110435,1.004140848496146,2.4987066772828405e-07,-0.0017330402340168174,0.013743856055936397,0.013743856055936397,0.16,0.997943785318057,2.509053443069777e-07]"
/multi_agv/m2b_algorithm_state,1789558480.3973272,1789558480.3973272,m2b_algorithm_state_v1:header6+3x20,"[1.0,-0.15,0.52,0.18023762665603857,0.101514410420485,1789558480.3972194,0.17949506406269958,0.10120171521097437,0.007341614866666665,0.007055032520248898,-0.0012163928439352487,0.0007569263221480597,0.003881527523973892,0.17831192969247806,0.10600607197261284,-0.0011831343702215225,0.00480435676163847,0.00476890319854023,0.9855117115664875,3.496459818751345e-06,0.003289985235763327,-0.007013213262522861,-0.007013213262522861,0.16,1.0074343222376778,3.445802100401089e-06,0.17885128923577912,0.10180938604808976,0.006394789958333334,0.005254305651351914,-0.0010838783011495046,0.0010581542460511295,-0.001893649816666662,0.17847209869220948,0.1024044286194778,-0.0003791905435696352,0.0005950425713880381,0.0005944856529976136,0.9981323714177299,3.996183031929406e-08,0.0001204974735355696,0.004557338594069892,0.004557338594069892,0.16,1.0009368071165659,3.988719646278992e-08,0.17929139271000816,0.10135890263915401,0.007341614866666665,0.0070244865226963835,-0.0011702380766292686,0.0007461639780993682,0.0028543816084996964,0.17896982208832965,0.10043968508983431,-0.0003215706216785075,-0.0009192175493197008,-0.0009205701471937276,1.0029531516793309,1.2789029149032774e-07,-0.001322533424291862,0.012116408028144923,0.012116408028144923,0.16,0.9985306954845862,1.282679709194125e-07]"
/multi_agv/m2b_algorithm_state,1789558480.4078681,1789558480.4078681,m2b_algorithm_state_v1:header6+3x20,"[1.0,-0.15,0.52,0.1812564541345595,0.10157149919715096,1789558480.4076688,0.18051606663747705,0.10125637558061382,0.007341614866666665,0.007033878964387327,-0.001206319664995275,0.0007608575704217432,0.0042806470535642046,0.1792144435441917,0.10443414506354486,-0.0013016230932853534,0.0031777694829310393,0.0031620769824735637,0.9902429953963888,1.5266577989993275e-06,0.0015350481158668719,7.899689687448832e-05,7.899689687448832e-05,0.15999999999999145,1.004962719296353,1.5117621918263523e-06,0.1798816713463593,0.10187128794225524,0.006394789958333334,0.00520630956385311,-0.0010678659290377646,0.0010706325653107307,-0.001893649816666662,0.17933509726033886,0.10142087978671815,-0.0005465740860204349,-0.0004504081555370826,-0.0004507295138902198,1.0014294031790842,2.2697162324780685e-08,-0.0011339471214157635,0.009427801791146408,0.009427801791146408,0.16,0.9992870261581862,2.2729605720763918e-08,0.1803151419842793,0.10141556773858593,0.007341614866666665,0.006996999440741331,-0.001158815650352996,0.0007521388033768037,0.0031138093027333986,0.1802922942067758,0.10263075645744635,-2.2847777503498534e-05,0.0012151887188604216,0.0012128645500444572,0.9961924380306554,2.2223894615846504e-07,0.001184304828165084,0.0022256783310330474,0.0022256783310330474,0.16,1.0019162641169446,2.2139275759896484e-07]"
/multi_agv/m2b_algorithm_state,1789558480.417294,1789558480.417294,m2b_algorithm_state_v1:header6+3x20,"[1.0,-0.15,0.52,0.18228643402903685,0.10162875547130897,1789558480.4171743,0.18153088238494208,0.10131056690074301,0.007341614866666665,0.007004394585492082,-0.0011962390933079267,0.0007683960457717902,0.004672542935361916,0.18018551553140386,0.10425221261986327,-0.0013453668535382268,0.002941645719120256,0.0029281844448487263,0.9909502224840266,1.302638984512439e-06,0.0012464758779259428,0.0011972361233355058,0.0011972361233355058,0.16000000000000858,1.0045971401477838,1.290850391518968e-06,0.18090579558023814,0.10193225504856403,0.006394789958333334,0.005160405580927848,-0.0010519756629642218,0.0010822675542392357,-0.001893649816666662,0.18034917360253705,0.10142087978671815,-0.0005566219777010939,-0.0005113752618458728,-0.0005117893546423522,1.0016226686989422,2.899278765197027e-08,-0.0012075668267687197,0.009669259626164824,0.009669259626164824,0.16,0.9991908921263735,2.90398333409882e-08,0.18133268443849843,0.1014716756421458,0.007341614866666665,0.006964366689768742,-0.001147422929941435,0.0007603595399806058,0.003368541625901913,0.18141219928634464,0.10291787057785975,7.951484784621266e-05,0.0014461949357139486,0.0014429114107604017,0.995484020634042,3.1316408300023634e-07,0.0015423049705681675,0.0008074723998478129,0.0008074723998478129,0.16,1.0022756247743696,3.117498404632481e-07]"
/multi_agv/m2b_algorithm_state,1789558480.427379,1789558480.427379,m2b_algorithm_state_v1:header6+3x20,"[1.0,-0.15,0.52,0.18330372626791977,0.10168495200618766,1789558480.42725,0.18255677896456843,0.10136486513541079,0.007341614866666665,0.006965111867219757,-0.0011861158905210163,0.0007801595688387642,0.005047072809652185,0.181674971755028,0.105992104591597,-0.000881807209540425,0.004627239456186205,0.004594381222656427,0.9860489278226746,3.200144939992002e-06,0.0034921222107308957,-0.0077425022736359525,-0.0077425022736359525,0.15999999999999145,1.007151830015268,3.1554994869562707e-06,0.18194116233851843,0.10199349853634526,0.006394789958333334,0.005113423783387277,-0.0010358150715552572,0.0010942291951088617,-0.001893649816666662,0.1818078655164807,0.10439886138992337,-0.00013329682203772064,0.002405362853578105,0.0023964097648612164,0.9926241006688975,6.341216072071017e-07,0.0022297887373140656,-0.003958950349256282,-0.003958950349256282,0.16,1.0037360424949726,6.294443900686652e-07,0.18236136078402368,0.10152790274217087,0.007341614866666665,0.006925296587074598,-0.001135901505939064,0.0007713037214955635,0.0036119860441905863,0.1822122404800829,0.10172222421767281,-0.0001491203039407918,0.00019432147550194068,0.00019426167280632198,0.9993849505458926,5.625933846485664e-09,7.861292880332249e-06,0.006809865779189955,0.006809865779189955,0.16,1.000307846085925,5.622473618944539e-09]"
/multi_agv/m2b_algorithm_state,1789558480.4371037,1789558480.4371037,m2b_algorithm_state_v1:header6+3x20,"[1.0,-0.15,0.52,0.18432801247478384,0.10174101987647177,1789558480.4370496,0.18357005796257972,0.10141828029270408,0.007341614866666665,0.006918562420460425,-0.0011759098101087162,0.0007950298470613174,0.005410475580659111,0.18282569980275987,0.10593940429270854,-0.0007443581598198523,0.004521124000004456,0.004489753219214378,0.9863622638960761,3.0341515495998446e-06,0.003559305519439563,-0.007977515170406214,-0.007977515170406214,0.15999999999999145,1.0069871948987805,2.99277259146709e-06,0.18296374961953454,0.10205338027492208,0.006394789958333334,0.005068862705321692,-0.001019929945155651,0.0011052848062033105,-0.001893649816666662,0.1828466812711969,0.10439886138992337,-0.00011706834833763446,0.0023454811150012828,0.0023369713692453363,0.9928087166824205,5.975518298730397e-07,0.0021906359338232932,-0.003834361734574328,-0.003834361734574328,0.16,1.0036413564444713,5.932546653674846e-07,0.18337737122164502,0.10158319545093678,0.007341614866666665,0.0068815724779869745,-0.0011244130770809132,0.000784282426764653,0.0038481978453450884,0.1831141779700962,0.10052744746757256,-0.0002631932515488322,-0.0010557479833642192,-0.0010575286590338827,1.003386765760036,1.6511576442267029e-07,-0.001386520223469923,0.012258561877704157,0.012258561877704157,0.16,0.998316191571309,1.6567497284005915e-07]"
/multi_agv/m2b_algorithm_state,1789558480.447253,1789558480.447253,m2b_algorithm_state_v1:header6+3x20,"[1.0,-0.15,0.52,0.18535630832541664,0.10179676723331758,1789558480.4471352,0.1845902843314793,0.10147147753615228,0.007341614866666665,0.006864964895245191,-0.0011655914300429168,0.0008128968392118816,0.005760277967887785,0.18383378655195595,0.10492926378260045,-0.0007564977795233574,0.003457786246448172,0.0034393005503349124,0.9894487560549816,1.7620479043153041e-06,0.0024936783259307156,-0.003667190268272666,-0.003667190268272666,0.16000000000000858,1.0053748417280541,1.743456107034065e-06,0.18399338844221177,0.10211325958881656,0.006394789958333334,0.005023220787460282,-0.0010038720977161575,0.001116719137034386,-0.001893649816666662,0.18369744714936212,0.10304200359342801,-0.0002959412928496552,0.0009287440046114454,0.0009273963388119242,0.9971081436487788,9.291924837107522e-08,0.0005574697227498552,0.0026185738463263123,0.0026185738463263123,0.16,1.0014531713606372,9.265053925252262e-08,0.1844003646506604,0.10163832250444646,0.007341614866666665,0.006832999913250839,-0.0011127823203164276,0.0007992887828889399,0.004075569397043727,0.18429587862194155,0.10281439955469933,-0.0001044860287188476,0.001176077050252869,0.0011739060369809916,0.9963245400389689,2.0308348673698175e-07,0.001043298501082432,0.0025826877978134656,0.0025826877978134656,0.16,1.0018493927141399,2.0233706151273337e-07]"
/multi_agv/m2b_algorithm_state,1789558480.4571726,1789558480.4571726,m2b_algorithm_state_v1:header6+3x20,"[1.0,-0.15,0.52,0.18638356357715524,0.10185191185647818,1789558480.457106,0.1856144905659231,0.10152427284685346,0.007341614866666665,0.006804676094925967,-0.0011551320232916322,0.0008335909540416039,0.006093446013870394,0.18451809893064852,0.1040937980305953,-0.001096391635274585,0.0025695251837418442,0.002559255185517879,0.9920845081388904,9.649056590193007e-07,0.0011887656414246478,0.0013805636448780915,0.0013805636448780915,0.16000000000000858,1.0040128855778352,9.572679561285948e-07,0.1850270729942444,0.10217291966393509,0.006394789958333334,0.004976748151341436,-0.0009877059935167187,0.0011284572918525276,-0.001893649816666662,0.18473042437869958,0.10304200359342801,-0.00029664861554482,0.0008690839294929198,0.0008679042707455583,0.9972942738138926,8.059378865772777e-08,0.0004970935013145333,0.002814507124427399,0.002814507124427399,0.16,1.001359203759129,8.037572393331894e-08,0.1854273614160824,0.10169310918916419,0.007341614866666665,0.0067797477855993625,-0.0011010132400789017,0.0008162516708113332,0.004292128626932422,0.18547826029783318,0.1041303767988986,5.089888175077717e-05,0.0024372676097344087,0.002428039692629554,0.9924979833517881,8.643726593575039e-07,0.0024916632948180253,-0.003246074890207966,-0.003246074890207966,0.16,1.003800562706148,8.578881212767447e-07]"
/multi_agv/m2b_algorithm_state,1789558480.467112,1789558480.467112,m2b_algorithm_state_v1:header6+3x20,"[1.0,-0.15,0.52,0.18740624486540355,0.10190625554145355,1789558480.4670143,0.18663765545604696,0.10157641740938822,0.007341614866666665,0.006738281847794165,-0.0011445071887268617,0.0008568455720578065,0.006407673893580823,0.18554406212806088,0.10388789950135155,-0.0010935933279860865,0.0023114820919633294,0.0023031608372290255,0.9928634217568504,7.731834662425218e-07,0.0009361691772464173,0.002339851033820055,0.002339851033820055,0.16,1.0036129716170041,7.676655819393724e-07,0.18605971570782365,0.10223201280453115,0.006394789958333334,0.004930032280197553,-0.0009715436079948125,0.0011403028441588775,-0.001893649816666662,0.18578348974216274,0.10656425311457778,-0.0002762259656609034,0.004332240310046628,0.00430371725731622,0.98705131348823,1.978197114492144e-06,0.003958434800240091,-0.011305083146279316,-0.011305083146279316,0.16,1.0066275387124746,1.952582060198097e-06,0.18645331956759514,0.1017473053555152,0.007341614866666665,0.006722172226576813,-0.0010891283494962054,0.0008350284335346715,0.004496376748744202,0.18623927761256442,0.10375657623513644,-0.00021404195503071932,0.0020092708796212444,0.0020029835251866653,0.9937895497603326,5.825036441212995e-07,0.0017354310813982661,-0.0003918984834070209,-0.0003918984834070209,0.16,1.0031389945825906,5.788860342250592e-07]"
/multi_agv/m2b_algorithm_state,1789558480.477072,1789558480.477072,m2b_algorithm_state_v1:header6+3x20,"[1.0,-0.15,0.52,0.18843748547735584,0.1019603820645757,1789558480.4770188,0.18765626545672126,0.10162773002349355,0.007341614866666665,0.006667047850448955,-0.0011336984794024117,0.0008821024710189496,0.006705542659047446,0.18659762184703174,0.104437409933876,-0.001058643609689519,0.0028096799103824455,0.0027974402999178865,0.9913808539524417,1.129629440398257e-06,0.0014741357878059877,0.00010668541272132546,0.00010668541272132546,0.15999999999999145,1.0043752892474302,1.1198929992718427e-06,0.187087757523237,0.10229030485055332,0.006394789958333334,0.004883414493539262,-0.0009554620264995983,0.001152147927299299,-0.001893649816666662,0.1869000704644653,0.10721875630330199,-0.00018768705877170166,0.004928451452748672,0.004891735999471089,0.9853831760917253,2.5340910448520433e-06,0.004657127176006462,-0.014176242492739315,-0.014176242492739315,0.16,1.007505608087099,2.497050682281905e-06,0.18747471161625234,0.10180073175031379,0.007341614866666665,0.0066610704084019085,-0.001077141141084763,0.0008552805453474976,0.004689991446297507,0.18711250482795963,0.10204439027564516,-0.0003622067882927127,0.00024365852533136945,0.00024356488366698183,0.9992320807483807,8.497009987529403e-09,-0.00020919360169890903,0.007294603711714097,0.007294603711714097,0.16,1.0003844629118033,8.490484969978778e-09]"
/multi_agv/m2b_algorithm_state,1789558480.4869413,1789558480.4869413,m2b_algorithm_state_v1:header6+3x20,"[1.0,-0.15,0.52,0.18946062924890603,0.10201348944256855,1789558480.4868662,0.18868337393865264,0.10167862054375941,0.007341614866666665,0.0065909727190019115,-0.0011226802660514617,0.0009093489436333892,0.006980810008662806,0.18772052296633465,0.10538075546350091,-0.0009628509723179912,0.003702134919741501,0.003681043965188816,0.9887672159640635,1.9370762084993845e-06,0.002477480249791327,-0.004002306214510839,-0.004002306214510839,0.16,1.005729612238305,1.91531744978816e-06,0.1881244340477477,0.10234865951397036,0.006394789958333334,0.004834589151166,-0.0009391542888244064,0.0011648323481839723,-0.001893649816666662,0.18756482716341114,0.10508574974307806,-0.0005596068843365665,0.0027370902291077026,0.0027255832239805496,0.9916799576634561,7.748780060623639e-07,0.0020260746185598415,-0.003668019873312915,-0.003668019873312915,0.16,1.0042218505844587,7.684309882462683e-07,0.18850464844566717,0.10185386613599734,0.007341614866666665,0.006596214191249386,-0.001064927925283586,0.0008770425827345227,0.004868915223547493,0.18812010547825472,0.10308221241791869,-0.0003845429674124434,0.0012283462819213525,0.0012259859029172752,0.9961747830749007,2.1364149142560778e-07,0.0007453071936517209,0.0033839695237011733,0.0033839695237011733,0.16,1.001925290493521,2.128242663767031e-07]"
/multi_agv/m2b_algorithm_state,1789558480.496953,1789558480.496953,m2b_algorithm_state_v1:header6+3x20,"[1.0,-0.15,0.52,0.190486435802785,0.1020660500975567,1789558480.4968455,0.18970242241485835,0.10172847191659608,0.007341614866666665,0.006511117621369231,-0.0011114502619948112,0.000938123807863622,0.0072350712793679516,0.18871923592364062,0.1059620175870173,-0.0009831864912177302,0.004233545670421224,0.004206096023792478,0.9872423762806709,2.5008027970776756e-06,0.002977112909770315,-0.006142166786849394,-0.006142166786849394,0.15999999999999145,1.0065261578607507,2.468898495996313e-06,0.18915296386756797,0.10240596617420489,0.006394789958333334,0.004786143056956706,-0.000922996144014171,0.0011774301949089988,-0.001893649816666662,0.18860701193391563,0.10508574974307806,-0.0005459519336523388,0.002679783568873176,0.0026687572538571175,0.9918552439047502,7.351689431598901e-07,0.001986317336791694,-0.003546346754135723,-0.003546346754135723,0.16,1.0041316290569784,7.291811714290503e-07,0.18952650146429176,0.1019060302369047,0.007341614866666665,0.006528470485848713,-0.0010526174019277771,0.0009000056962648762,0.005034185049505837,0.1893352692022122,0.10505416220829988,-0.0001912322620795659,0.003148131971395185,0.0031328641986824507,0.9904171347004557,1.3865850633779568e-06,0.0028938238710829933,-0.0052871466713267186,-0.0052871466713267186,0.16,1.004873423086502,1.3732976054892457e-06]"
/multi_agv/m2b_algorithm_state,1789558480.5069885,1789558480.5069885,m2b_algorithm_state_v1:header6+3x20,"[1.0,-0.15,0.52,0.1915154599116223,0.10211806177311189,1789558480.506889,0.19072410437872087,0.10177761309741724,0.007341614866666665,0.006428154997895693,-0.0010999882025861049,0.0009681250599533973,0.0074667387080658894,0.18970842461573928,0.10507909438960619,-0.0010156797629815861,0.0033014812921889486,0.0032846798438587775,0.9899502330664586,1.5022258567332434e-06,0.002015080140131795,-0.0023085812333095545,-0.0023085812333095545,0.15999999999999145,1.0051150946603165,1.4871288369915348e-06,0.1901841910211891,0.1024629292210381,0.006394789958333334,0.004736166992237575,-0.000906734344787552,0.0011906373704441836,-0.001893649816666662,0.1897046140793059,0.10649264724392825,-0.00047957694188321964,0.00402971802289015,0.004005061215063263,0.9879521223826535,1.642942130226829e-06,0.0034055900377092385,-0.009355218156742706,-0.009355218156742706,0.16,1.0061564122251494,1.6231481645094736e-06,0.1905510120084449,0.10195760797421477,0.007341614866666665,0.006458095639664077,-0.0010401069962644623,0.0009240054297910624,0.005184768878159496,0.19054491606712434,0.10595357643587493,-6.095941320560794e-06,0.003995968461660157,0.003971546141930835,0.9879636252265616,2.207974783794137e-06,0.003963926215280134,-0.009627320093117354,-0.009627320093117354,0.16,1.0061493229227467,2.181398771806089e-06]"
/multi_agv/m2b_algorithm_state,1789558480.5172248,1789558480.5172248,m2b_algorithm_state_v1:header6+3x20,"[1.0,-0.15,0.52,0.19254164590828948,0.10216923636587272,1789558480.517087,0.19174896902728777,0.10182602796120034,0.007341614866666665,0.006342631992093914,-0.0010882835798572848,0.0009991100688136099,0.007672832798497883,0.1906310533524272,0.10453813001568611,-0.0011179156748605812,0.002712102054485771,0.0027007203718877673,0.9916936193431987,1.0004863463451232e-06,0.0013033257783120408,0.00044097184410122735,0.00044097184410122735,0.15999999999999145,1.0042143136018364,9.921759259104482e-07,0.19121867741380705,0.10251956664400858,0.006394789958333334,0.004684495172572405,-0.0008903474934457145,0.001204514612690069,-0.001893649816666662,0.1907644851327952,0.10649264724392825,-0.00045419228101184483,0.003973080599919673,0.003949120450463331,0.9881230578542796,1.5793271002803293e-06,0.003381380099198525,-0.009291252605759722,-0.009291252605759722,0.16,1.0060672116125329,1.5605695236811314e-06,0.19157873329377204,0.10200859071412674,0.007341614866666665,0.006385412530407182,-0.0010273823907307258,0.0009488943819373702,0.005318730036940292,0.19152215128239508,0.10511349158403716,-5.65820113769544e-05,0.0031049008699104153,0.003090065617241518,0.9905574528521724,1.318640330771774e-06,0.003019338103020325,-0.005858963972898496,-0.005858963972898496,0.16,1.0048009506937723,1.3061890072774345e-06]"
/multi_agv/m2b_algorithm_state,1789558480.5270572,1789558480.5270572,m2b_algorithm_state_v1:header6+3x20,"[1.0,-0.15,0.52,0.19358515417101593,0.10222042476165157,1789558480.5269704,0.19277099495725777,0.10187349850946302,0.007341614866666665,0.006255414884533041,-0.0010763397327529561,0.0010307050598867213,0.007855163627412922,0.1920190770312583,0.10548675168044691,-0.0007519179259994624,0.0036132531709838905,0.0035932030645557497,0.9890552959753891,1.7498138418523736e-06,0.0026533056570564218,-0.00492573352373217,-0.00492573352373217,0.16,1.0055800092752674,1.730662647255132e-06,0.19225032343059636,0.10257547565912305,0.006394789958333334,0.004632079448223299,-0.0008739674330793257,0.0012187178797509746,-0.001893649816666662,0.19210565255288847,0.10595135125124741,-0.000144670877707892,0.003375875592124364,0.0033585110055229716,0.9898459868444106,1.1276976762364895e-06,0.0031776724083881066,-0.008313511237275889,-0.008313511237275889,0.16,1.0051703229713516,1.1162470191964566e-06,0.19260361933701428,0.1020587349290321,0.007341614866666665,0.006311064700804953,-0.0010144913840811022,0.0009744184526655261,0.005437245075735068,0.19264434908151634,0.10422090639336806,4.072974450206046e-05,0.002162171464335963,0.002154930289405306,0.9933572387989162,6.323135330173281e-07,0.0022058424700328815,-0.002558127066343543,-0.002558127066343543,0.16,1.0033602826811885,6.281132252132804e-07]"
/multi_agv/m2b_algorithm_state,1789558480.536972,1789558480.536972,m2b_algorithm_state_v1:header6+3x20,"[1.0,-0.15,0.52,0.19459865660361952,0.10226959369708238,1789558480.536867,0.19381021795855258,0.10192062136200909,0.007341614866666665,0.006166951711481785,-0.001064117542827375,0.0010626954997188512,0.0080042195396782,0.19323738110522903,0.10706912061866225,-0.000572836853323544,0.005148499256653158,0.0051082935609169005,0.9846903288627743,3.4974888357137894e-06,0.0043922474942624705,-0.01205238347860737,-0.01205238347860737,0.15999999999999145,1.0078706705589255,3.443943431832893e-06,0.1932994489531139,0.10263191881491612,0.006394789958333334,0.004575496748464325,-0.0008571156537059976,0.0012344821597936317,-0.001893649816666662,0.19307031235242572,0.10518035347371707,-0.00022913660068818453,0.0025484346588009466,0.002538483848587479,0.9922670097083511,6.350216651053237e-07,0.0022520630977272485,-0.0046451183196724675,-0.0046451183196724675,0.16,1.0039199816926172,6.301110487340775e-07,0.19364579560138123,0.10210873410802952,0.007341614866666665,0.006235017101816423,-0.0010012416517331548,0.001000492821980471,0.005534131418707495,0.19368807568772084,0.10499216972471909,4.228008633960778e-05,0.002883435616689564,0.0028706372055748272,0.9912207232310968,1.1101357816227027e-06,0.002923487313499337,-0.005555952695303518,-0.005555952695303518,0.16,1.0044583868312869,1.1003895923447742e-06]"
/multi_agv/m2b_algorithm_state,1789558480.5473533,1789558480.5473533,m2b_algorithm_state_v1:header6+3x20,"[1.0,-0.15,0.52,0.19563767531614784,0.10231908791045312,1789558480.5472562,0.19481959491498116,0.10196596491124223,0.007341614866666665,0.006077759104790547,-0.001051711244824138,0.0010949064010919464,0.008126536737384095,0.19434827829909807,0.10742688061177716,-0.0004713166158830939,0.005460915700534932,0.005415819390282439,0.9838306374175978,3.876158284840475e-06,0.0048266736204285714,-0.013872899733484174,-0.013872899733484174,0.16,1.008326775138294,3.8134832761061073e-06,0.19431836121931434,0.1026858933613035,0.006394789958333334,0.004522769086704366,-0.0008408861529155265,0.0012488989926633665,-0.001893649816666662,0.19414019951376563,0.10565089149494014,-0.0001781617055487128,0.00296499813363664,0.002951581414138548,0.9910530227487525,8.492127467382072e-07,0.002728879282202657,-0.006609365619166848,-0.006609365619166848,0.16,1.0045456037342637,8.416148596116711e-07,0.19465801367656305,0.10215692281870141,0.007341614866666665,0.0061583977943237105,-0.000988076793754098,0.0010268591883420925,0.00561363759721633,0.1949389224323802,0.10684844845578635,0.00028090875581715524,0.004691525637084942,0.00465813280604866,0.9860212184898468,2.8981122615006047e-06,0.005009268750820104,-0.01404976390498874,-0.01404976390498874,0.16,1.0071687159698242,2.8576001834051917e-06]"
/multi_agv/m2b_algorithm_state,1789558480.5575466,1789558480.5575466,m2b_algorithm_state_v1:header6+3x20,"[1.0,-0.15,0.52,0.19666787054412027,0.10236746015776989,1789558480.5572937,0.19585430945210341,0.1020111644170384,0.007341614866666665,0.005989185952491661,-0.0010390023097440304,0.001126691471779664,0.00821542269230742,0.1954151913718466,0.10742688061177716,-0.0004391180802568173,0.005415716194738754,0.0053713757934190365,0.9839662156078633,3.7560727149738713e-06,0.004822478193098015,-0.01392248666117534,-0.01392248666117534,0.16,1.008254943058358,3.695848654900793e-06,0.19536301476900894,0.1027408895312775,0.006394789958333334,0.004464412472234269,-0.0008239816414167545,0.0012654048624731323,-0.001893649816666662,0.19518947430087258,0.10565089149494014,-0.0001735404681363628,0.002910001963662645,0.002897082743839925,0.9912201137756013,8.072813931702766e-07,0.0026801571586694715,-0.006465975573020232,-0.006465975573020232,0.16,1.0044593893116067,8.001935543871675e-07,0.19569570172733122,0.10220520978304345,0.007341614866666665,0.006081159968621632,-0.0009744633048239639,0.0010532604037080968,0.00567141346791649,0.1960000907899754,0.10684844845578635,0.00030438906264418364,0.004643238672742897,0.004610539498083884,0.9861666907778496,2.802656326712674e-06,0.004991025826389114,-0.014035805354097515,-0.014035805354097515,0.16,1.0070922664630901,2.7638863151018412e-06]"
/multi_agv/m2b_algorithm_state,1789558480.567374,1789558480.567374,m2b_algorithm_state_v1:header6+3x20,"[1.0,-0.15,0.52,0.19769324963071977,0.1024028674107081,1789558480.5672395,0.1968802281836398,0.10205522926564241,0.007341614866666665,0.005901366637957069,-0.0010260758774104483,0.0011580366997546547,0.008269903364856649,0.19649524253724016,0.10742688061177716,-0.0003849856463996326,0.005371651346134751,0.005328041530289183,0.9840983625741027,3.6404225555515994e-06,0.004846809472289642,-0.014075026752994569,-0.014075026752994569,0.16,1.0081849616970235,3.582533875996159e-06,0.19639880648095312,0.10279472932313109,0.006394789958333334,0.004406432108275444,-0.0008071921895014822,0.0012818074960835868,-0.001893649816666662,0.1962516699807076,0.10565089149494014,-0.0001471365002455316,0.0028561621718090485,0.002843720729209748,0.9913836500176417,7.674314703695658e-07,0.0026598001039028333,-0.006424524795617909,-0.006424524795617909,0.16,1.0043750578147517,7.608190122333859e-07,0.19672457696776793,0.10225242188453619,0.007341614866666665,0.006004017810556199,-0.0009607358355158665,0.0010795609128340196,0.005706825905073489,0.19707432649911985,0.10684844845578635,0.0003497495313519172,0.004596026571250161,0.004563998379354059,0.986308893033258,2.710642953029953e-06,0.005001185293543956,-0.014124737356327292,-0.014124737356327292,0.16,1.007017573021276,2.6735312504113742e-06]"
/multi_agv/m2b_algorithm_state,1789558480.577308,1789558480.577308,m2b_algorithm_state_v1:header6+3x20,"[1.0,-0.15,0.52,0.1987283840936387,0.10242586450085206,1789558480.5772395,0.1979012661318201,0.10208079017860024,0.0036904376666666654,0.002238761563162708,-0.001013227031336255,0.0011563079755101758,0.0009860853749999966,0.19674727579144805,0.10418907984058805,-0.0011539903403720575,0.002108289661987811,0.0021014041476767943,0.9935207344821184,2.1325140509825582e-07,0.0006589162222117224,-0.00107251510131888,-0.00107251510131888,0.16,1.0032766254500018,2.118696926225629e-07,0.19742982134496154,0.10283827440875602,0.006394789958333334,0.004329829105633173,-0.0007902848572746701,0.0013062209941437364,0.005408704583333337,0.19716683466780138,0.10535518722026312,-0.0002629866771601541,0.002516912811507094,0.002507232006144721,0.9923817905461231,5.856237346505718e-07,0.0021784986596945282,-0.004611882105271116,-0.004611882105271116,0.16,1.0038611525932373,5.81162330378842e-07,0.19774866141537764,0.10228953764476807,0.0036904376666666654,0.002274098672812477,-0.0009468279028021793,0.0011064606780455625,-0.0003055678083333374,0.19746829149332956,0.10428213444373108,-0.0002803699220480793,0.001992596798963006,0.0019864584488324933,0.9938857778763923,1.93329838589292e-07,0.0016359960462723941,-0.004475863073941641,-0.004475863073941641,0.16,1.003090097421429,1.9214777701303586e-07]"
/multi_agv/m2b_algorithm_state,1789558480.5873535,1789558480.5873535,m2b_algorithm_state_v1:header6+3x20,"[1.0,-0.15,0.52,0.19974692210707287,0.10244822576708461,1789558480.5871997,0.19893192718339117,0.10208809546058611,0.0036904376666666654,0.0023056907069492908,-0.0010004870486680023,0.0011206694613818066,0.0009860853749999966,0.1978858089853222,0.10517092244323187,-0.0010461181980689627,0.0030828269826457533,0.00306821548066809,0.9906325347509503,4.692372401754397e-07,0.0017605677330818866,-0.005411055442491168,-0.005411055442491168,0.16,1.0047622150627054,4.6484167663453627e-07,0.19847075580487256,0.10287199697341634,0.006394789958333334,0.004234725780415612,-0.0007728848662983401,0.0013383974176928576,0.005408704583333337,0.19807901358870802,0.1058509419676137,-0.0003917422161645312,0.0029789449941973606,0.0029654381506067236,0.9910357215742343,8.019495076159862e-07,0.0024757603804010596,-0.005996278332591046,-0.005996278332591046,0.16,1.0045547547797864,7.947606089463108e-07,0.19878246929265228,0.10231750106855371,0.0036904376666666654,0.0021904928787201995,-0.0009327965346471925,0.0011354042760713529,-0.0003055678083333374,0.1985527360255728,0.10520715488000987,-0.00022973326707947939,0.002889653811456158,0.0028768377377845727,0.9912278832048246,3.913274754997042e-07,0.0025896711539352235,-0.0084057527481134,-0.0084057527481134,0.16,1.0044549171137664,3.878947051794597e-07]"
/multi_agv/m2b_algorithm_state,1789558480.5972714,1789558480.5972714,m2b_algorithm_state_v1:header6+3x20,"[1.0,-0.15,0.52,0.20078227681064242,0.1024704766696471,1789558480.5971386,0.1999459668874605,0.10209614588575366,0.0036904376666666654,0.002362821701000873,-0.0009881770413043055,0.001089501844781243,0.0009860853749999966,0.19880512398852054,0.10520486762880198,-0.0011408428989399533,0.003108721743048312,0.003093868340741506,0.9905577317805885,4.889488998462916e-07,0.0016678147170665642,-0.005033574044367336,-0.005033574044367336,0.15976480810262447,1.0048009160930378,4.843321131883567e-07,0.19949503828009155,0.10290440751464452,0.006394789958333334,0.0041445021462695394,-0.0007556514809439474,0.0013685452426797778,0.005408704583333337,0.19913522371422276,0.1058509419676137,-0.00035981456586878235,0.0029465344529691767,0.0029333225716375454,0.9911339319306173,7.677852424504215e-07,0.0024835543643015674,-0.0060985820870573405,-0.0060985820870573405,0.15933491452322332,1.0045040669783056,7.609780062281886e-07,0.19979976115366654,0.10234412390085561,0.0036904376666666654,0.002112759643189542,-0.000918721093636706,0.0011617793338487793,-0.0003055678083333374,0.19963973080031866,0.10727476180382169,-0.00016003035334788418,0.0049306379029660785,0.004893918024533348,0.9853881357204941,1.0970546855984816e-06,0.004693880082848493,-0.017078985069425696,-0.017078985069425696,0.1593467231199752,1.0075031658169697,1.0810246714253206e-06]"
/multi_agv/m2b_algorithm_state,1789558480.6072223,1789558480.6072223,m2b_algorithm_state_v1:header6+3x20,"[1.0,-0.15,0.52,0.20181313951441804,0.10249228337260896,1789558480.6071126,0.20097659790533973,0.10210462739516389,0.0036904376666666654,0.0024159001190997087,-0.000976180523680597,0.001060253973797625,0.0009860853749999966,0.19979247747108744,0.10371694055298372,-0.0011841204342522837,0.0016123131578198308,0.0016082722709067521,0.9950182988943681,1.3462079837315513e-07,0.00012812172809139742,0.0012292239158174987,0.0012292239158174987,0.1581487196482322,1.0025125639396868,1.3395015779305854e-07,0.2005363460709644,0.10293630320819644,0.006394789958333334,0.0040563268523170475,-0.0007377922190340558,0.0013974796156479563,0.005408704583333337,0.19996634229859622,0.10501503348966935,-0.0005700037723681828,0.0020787302814729153,0.0020721135487699223,0.9936847045597451,3.7418816342133123e-07,0.0013596088333096938,-0.001746202880904709,-0.001746202880904709,0.15513646038029896,1.003193228820361,3.7182505461907914e-07,0.20083388645562314,0.10237049940558103,0.0036904376666666654,0.0020355961237906732,-0.0009042822040192895,0.0011877184193459702,-0.0003055678083333374,0.20067327646176047,0.1056757153527326,-0.00016060999386266483,0.0033052159471515657,0.003288514238133703,0.9900218654570903,4.755085754120999e-07,0.003087751745805372,-0.01055188576277968,-0.01055188576277968,0.1552211442090744,1.0050788008834473,4.707638868703306e-07]"
/multi_agv/m2b_algorithm_state,1789558480.6173906,1789558480.6173906,m2b_algorithm_state_v1:header6+3x20,"[1.0,-0.15,0.52,0.20283772980955642,0.10251362411440634,1789558480.617151,0.20200266019543722,0.10211363697607871,0.0036904376666666654,0.002462068902346402,-0.0009645010888965349,0.0010341661787766406,0.0009860853749999966,0.20061380382460475,0.10205422515034643,-0.0013888563708324697,-5.941182573228343e-05,-5.941738222277609e-05,1.0001870922396416,1.865000436196307e-10,-0.0017954878457633633,0.008861454288681181,0.008861454288681181,0.15804606488125292,0.9999064837546725,1.8653493633048474e-10,0.2015731896734917,0.1029672342042261,0.006394789958333334,0.003971653646835374,-0.0007198495227790092,0.001424852494851428,0.005408704583333337,0.2015327794303763,0.10733084367043785,-4.041024311537966e-05,0.004363609466211754,0.004334973750665447,0.9870964117126885,1.6114520861313638e-06,0.0042844609467712225,-0.013450852106566191,-0.013450852106566191,0.1552661718821153,1.0066057413939153,1.5906585718671953e-06,0.20186356867432517,0.10239597893752206,0.0036904376666666654,0.0019620891628948705,-0.0008897128428046021,0.001212004611839972,-0.0003055678083333374,0.2015585639811142,0.1037249957260214,-0.00030500469321095847,0.0013290167884993376,0.0013262762196391046,0.9958967358762578,7.420465675854601e-08,0.0009450203531254065,-0.0020087200291025523,-0.0020087200291025523,0.15535098575238596,1.002066363567145,7.390017545265407e-08]"
/multi_agv/m2b_algorithm_state,1789558480.627198,1789558480.627198,m2b_algorithm_state_v1:header6+3x20,"[1.0,-0.15,0.52,0.2038710781711647,0.10253471804482552,1789558480.6270812,0.20302239784718074,0.10212311286974843,0.0036904376666666654,0.002501675738852292,-0.0009530993236060879,0.0010110672441039075,0.0009860853749999966,0.2020501875693023,0.10193989172713668,-0.0009722102778784436,-0.00018322114261175304,-0.00018327403080480338,1.0005777175336186,1.8023276305322499e-09,-0.0013985368781528579,0.0075456924846376535,0.0075456924846376535,0.15794413306644484,0.9997114256023175,1.8033688668057336e-09,0.20260376753676188,0.10299720606207591,0.006394789958333334,0.0038903695447409735,-0.0007018868183836513,0.0014507458430086662,0.005408704583333337,0.20266612519947316,0.10693404542840457,6.235766271128762e-05,0.003936839366328659,0.003913463867752467,0.9883051609317542,1.2850654455339032e-06,0.0039914109461415765,-0.01225993514721471,-0.01225993514721471,0.1553932164553714,1.0059730968180927,1.2700368119562207e-06,0.20288702404472667,0.10242055341139472,0.0036904376666666654,0.0018922383009456602,-0.0008750541449859435,0.0012346595000424137,-0.0003055678083333374,0.20294779874551713,0.1031693338087884,6.0774700790466873e-05,0.000748780397393678,0.0007479068897721958,0.997673520001817,2.272312160384726e-08,0.0008238752657602794,-0.0013778703710822131,-0.0013778703710822131,0.15548002229422464,1.0011679363212556,2.267025671593963e-08]"
/multi_agv/m2b_algorithm_state,1789558480.6374876,1789558480.6374876,m2b_algorithm_state_v1:header6+3x20,"[1.0,-0.15,0.52,0.20491319359522872,0.10255555636531215,1789558480.6374092,0.20405075041773557,0.10213291367567685,0.0036904376666666654,0.002537199285534941,-0.0009419238300582106,0.0009898560000382662,0.0009860853749999966,0.20324637494201547,0.10385028232716173,-0.0008043754757200983,0.0017173686514848768,0.0017127894668779785,0.9947021625649484,1.6037150335835497e-07,0.0007073201222278557,-0.0007657740091329829,-0.0007657740091329829,0.15784145270848948,1.0026735245022527,1.5952188120434755e-07,0.20364322949971023,0.10302654962408582,0.006394789958333334,0.00381127188078172,-0.0006835460143634342,0.0014754947377809136,0.005408704583333337,0.20372645421481492,0.10693404542840457,8.322471510469054e-05,0.0039074958043187474,0.0038844716910887487,0.9883931491424529,1.2401063213141272e-06,0.003988502584969612,-0.012313582481752947,-0.012313582481752947,0.1555194610430729,1.0059272186956125,1.2257125921951328e-06,0.20391925459604832,0.10244469083471387,0.0036904376666666654,0.0018237262612861445,-0.0008601607586401147,0.0012566119804216817,-0.0003055678083333374,0.20412130343129228,0.1048026171597752,0.00020204883524396755,0.0023579263250613214,0.0023493730950470974,0.992810646511417,2.168953521924432e-07,0.002601934139102057,-0.008556628325077777,-0.008556628325077777,0.15561017539171235,1.0036406435539147,2.1533601483550103e-07]"
/multi_agv/m2b_algorithm_state,1789558480.6474686,1789558480.6474686,m2b_algorithm_state_v1:header6+3x20,"[1.0,-0.15,0.52,0.20593245250743372,0.10257570834650594,1789558480.6473138,0.20508773387624651,0.10214300326610055,0.0036904376666666654,0.0025688657461836843,-0.0009309509865270457,0.0009704221060293861,0.0009860853749999966,0.2044167644708067,0.10486816344381833,-0.0006709694054398141,0.0027251601777177753,0.002713719801966194,0.9916914076469765,4.085335872977226e-07,0.0018750080451664262,-0.005386562098824226,-0.005386562098824226,0.15773800982047992,1.0042157542364147,4.051392482583475e-07,0.20469157994648318,0.10305527187591719,0.006394789958333334,0.0037342680092591913,-0.0006648409462366167,0.0014991465318151126,0.005408704583333337,0.2045080726879433,0.10586698641815159,-0.00018350725853988337,0.002811714542234403,0.002799696772468886,0.9915442012744219,6.295688604434488e-07,0.002570312699294032,-0.006753748929081213,-0.006753748929081213,0.15564482911060798,1.0042925254919373,6.242453528756475e-07,0.20496026696295647,0.10246839395391871,0.0036904376666666654,0.001756496932127377,-0.0008450409982968549,0.0012778906983032098,-0.0003055678083333374,0.20533257895415646,0.10496439488277629,0.00037231199119999725,0.0024960009288575724,0.0024864299237374334,0.9924042802911507,2.3403255147627337e-07,0.00295181991273743,-0.009943858998332321,-0.009943858998332321,0.15574143639989557,1.0038492961449532,2.3225490581251274e-07]"
/multi_agv/m2b_algorithm_state,1789558480.657108,1789558480.657108,m2b_algorithm_state_v1:header6+3x20,"[1.0,-0.15,0.52,0.20695705214004564,0.10259556545126759,1789558480.6568456,0.20610195239276274,0.10215349043422867,0.0036904376666666654,0.0025931205534220573,-0.0009201702255221317,0.0009543008809434453,0.0009860853749999966,0.2048418177694756,0.10398314872476445,-0.0012601346232871402,0.0018296582905357878,0.00182446663334254,0.9943646423942097,1.8600824724748384e-07,0.0002492983542336147,0.000874326669146891,0.000874326669146891,0.15763691741687658,1.0028455753031429,1.8496002425661802e-07,0.20571692349229076,0.10308282325332756,0.006394789958333334,0.003661158769627657,-0.0006465870454288869,0.0015213447204648761,0.005408704583333337,0.20555477344237436,0.10586698641815159,-0.00016215004991640414,0.0027841631648240356,0.002772381775647608,0.9916276045381591,6.051439906826255e-07,0.002569694213252103,-0.0068111434907597935,-0.0068111434907597935,0.155765518864484,1.0042495551225716,6.00077485881274e-07,0.20597848163724766,0.10249081135196157,0.0036904376666666654,0.0016947319275042705,-0.0008300586753039836,0.0012968722115953577,-0.0003055678083333374,0.206312415123809,0.10376178694447602,0.0003339334865613275,0.0012709755925144478,0.0012684713253089265,0.996078444921412,5.8594828599063464e-08,0.0016858881835105858,-0.0048906561463911945,-0.0048906561463911945,0.1558698039231479,1.0019742402966116,5.836504575139181e-08]"
/multi_agv/m2b_algorithm_state,1789558480.6669433,1789558480.6669433,m2b_algorithm_state_v1:header6+3x20,"[1.0,-0.15,0.52,0.20799303630768043,0.10261519992457739,1789558480.6668055,0.20712141751008364,0.10216417651891987,0.0036904376666666654,0.002613977391261229,-0.0009095339883313232,0.0009397277564509197,0.0009860853749999966,0.2057523067594955,0.10254829304585272,-0.001369110750588154,0.00038411652693284837,0.0003838852057528136,0.9987973290082454,8.272305318028512e-09,-0.0013275032324823787,0.007159860309116942,0.007159860309116942,0.15753548522833705,1.0006025790433397,8.262356456387581e-09,0.20674769132677023,0.10310975314309195,0.006394789958333334,0.003590009046818025,-0.0006280824398261498,0.001542563075473069,0.005408704583333337,0.2066229417271335,0.10746528437962473,-0.00012474959963673649,0.004355531236532775,0.004327056520025807,0.9871449834913071,1.4503045398317823e-06,0.004171119520479887,-0.013419502361578536,-0.013419502361578536,0.1558850152308573,1.0065806204229564,1.4316608510296124e-06,0.20700204758328297,0.10251276669179096,0.0036904376666666654,0.0016343261675574473,-0.0008149216108536629,0.0013151840366600036,-0.0003055678083333374,0.20685864637170037,0.1027003302776979,-0.0001434012115826,0.00018756358590693578,0.00018750861082370536,0.9994142173315218,1.2314291082291539e-09,8.257096345455362e-06,0.0015205400405255633,0.0015205400405255633,0.1559989419943879,1.0002931869794616,1.2307077584000937e-09]"
/multi_agv/m2b_algorithm_state,1789558480.6773307,1789558480.6773307,m2b_algorithm_state_v1:header6+3x20,"[1.0,-0.15,0.52,0.2090277082856844,0.10263444577335758,1789558480.6772952,0.20815213633739937,0.10217500525511823,0.0036904376666666654,0.002632329362948234,-0.0008990216765930421,0.0009263048807058856,0.0009860853749999966,0.20676703333758847,0.1036898781319099,-0.0013851029998109,0.0015148728767916675,0.0015113064461896627,0.9953186657879556,1.2945517107382003e-07,-0.00022007230357396217,0.0027326494960843335,0.0027326494960843335,0.15743301251466182,1.0023598328525605,1.288491481525461e-07,0.20778997464814436,0.10313617109367013,0.006394789958333334,0.0035203901028561836,-0.0006091849786081793,0.0015629135072782324,0.005408704583333337,0.20769389206948702,0.10746528437962473,-9.60825786573416e-05,0.004329113285954603,0.00430098760324468,0.9872237733776121,1.4048434351911908e-06,0.004180884379923003,-0.01351070264812378,-0.01351070264812378,0.15600385827600974,1.0065393545167869,1.3868948370942142e-06,0.20803699793749753,0.10253442342494379,0.0036904376666666654,0.0015744312172775482,-0.000799568546254713,0.0013331620933475664,-0.0003055678083333374,0.20791779038352287,0.10308736340921744,-0.00011920755397465399,0.000552939984273651,0.0005524636797275374,0.9982808297419343,1.0306228644231986e-08,0.0004034542372592199,-0.00010983842197577064,-0.00010983842197577064,0.15612951434373773,1.0008621463520435,1.0288510482473998e-08]"
/multi_agv/m2b_algorithm_state,1789558480.6870637,1789558480.6870637,m2b_algorithm_state_v1:header6+3x20,"[1.0,-0.15,0.52,0.21005559968263246,0.10265324042218164,1789558480.686965,0.20918150746214564,0.10218600555100876,0.0036904376666666654,0.002646907463469306,-0.0008886181109904853,0.0009145744407225644,0.0009860853749999966,0.2079694285955819,0.10603173758658425,-0.0012120788665637428,0.0038457320355754915,0.00382315701891565,0.988432882799923,8.374236118202948e-07,0.0023080584357109716,-0.00740528494165841,-0.00740528494165841,0.15733078635198972,1.005904810225724,8.277370347562577e-07,0.20883096432951678,0.1031618784342539,0.006394789958333334,0.00345293269786594,-0.0005902318685028218,0.0015822979826889405,0.005408704583333337,0.20863534869073277,0.10621546329000366,-0.000195615638784008,0.003053584855749761,0.0030394579450023157,0.9908562742328751,6.861492965389883e-07,0.0027949383965223057,-0.007958628192195304,-0.007958628192195304,0.15612058024863631,1.0046478388591207,6.798753355361302e-07,0.20907065306539074,0.10255545333481009,0.0036904376666666654,0.0015166768298495088,-0.0007841492340857686,0.0013501777952238045,-0.0003055678083333374,0.20909993050606646,0.1039361265353486,2.9277440675712363e-05,0.0013806732005385153,0.0013777230959450496,0.9957491403099209,6.185829948186015e-08,0.00141431989678969,-0.004152043047328706,-0.004152043047328706,0.15625995541432752,1.0021412899312994,6.159534853009587e-08]"
/multi_agv/m2b_algorithm_state,1789558480.6971347,1789558480.6971347,m2b_algorithm_state_v1:header6+3x20,"[1.0,-0.15,0.52,0.21108922167839686,0.10267173736910933,1789558480.6970258,0.21020410797544437,0.10219716136855594,0.0036904376666666654,0.0026574475958865413,-0.0008783036816953636,0.0009046407166296284,0.0009860853749999966,0.2091266646710866,0.10660302069955366,-0.0010774433043577725,0.004405859330997713,0.004376361048018047,0.9868361142935528,1.1029703906120406e-06,0.003029556917570831,-0.010267685853173022,-0.010267685853173022,0.1572293725121484,1.0067403677749636,1.0884510144524283e-06,0.2098651416590416,0.10318681598467905,0.006394789958333334,0.003387794469726438,-0.0005713740707725123,0.0016007266874921988,0.005408704583333337,0.20969156014359988,0.10621546329000366,-0.00017358151544172307,0.0030286473053246082,0.003014752348992658,0.9909314869401429,6.621933662459735e-07,0.002797775454690504,-0.00802163839098625,-0.00802163839098625,0.15623460251590615,1.0046089876458983,6.561882570560211e-07,0.21009754941341136,0.10257574391330995,0.0036904376666666654,0.0014616220736884305,-0.00076873811159906,0.0013660275080855768,-0.0003055678083333374,0.2102419856883052,0.10375903945224607,0.00014443627489385547,0.0011832955389361188,0.0011811259547468776,0.9963495737103557,4.3789149205280275e-08,0.001361671298364197,-0.003926507606719104,-0.003926507606719104,0.1563896072181711,1.0018368779218862,4.362930014382016e-08]"
/multi_agv/m2b_algorithm_state,1789558480.7069702,1789558480.7069702,m2b_algorithm_state_v1:header6+3x20,"[1.0,-0.15,0.52,0.2121106650233411,0.10268973098823579,1789558480.7068791,0.21123236569698095,0.10220838613038236,0.0036904376666666654,0.0026655934373070096,-0.0008680595431746427,0.0008957814129410126,0.0009860853749999966,0.2100581676436075,0.1049587771327129,-0.0011741980533734597,0.0027503910023305433,0.0027387505551487038,0.9916245205555647,4.3166682670551966e-07,0.0012710029884318791,-0.003137496526115872,-0.003137496526115872,0.15712735203949801,1.0042502765211516,4.28051410071603e-07,0.21090512200492334,0.10321119485286552,0.006394789958333334,0.0033242016681536654,-0.000552299020420588,0.0016183724512686126,0.005408704583333337,0.21084683044786454,0.10697008756619285,-5.8291557058803845e-05,0.0037588927133273276,0.0037376170345756587,0.9888442228786855,1.000210493361369e-06,0.003664752588252154,-0.011560904449104943,-0.011560904449104943,0.15634711666847023,1.0056923110513607,9.890523680230295e-07,0.21113017733328632,0.10259563112408007,0.0036904376666666654,0.0014075365723430259,-0.0007532028510164146,0.0013813924968247683,-0.0003055678083333374,0.21120487034460328,0.10286557780802338,7.469301131696193e-05,0.0002699466839433118,0.0002698330106211249,0.9991586769771865,2.1958466103847995e-09,0.0003631992747673273,-4.609530678436344e-06,-4.609530678436344e-06,0.15651986802891316,1.000421272852885,2.193999194076916e-09]"
/multi_agv/m2b_algorithm_state,1789558480.7170472,1789558480.7170472,m2b_algorithm_state_v1:header6+3x20,"[1.0,-0.15,0.52,0.21314677706641327,0.10270752856133969,1789558480.716977,0.21224850470401946,0.10221972208401175,0.0036904376666666654,0.002669727850776052,-0.000857871270678656,0.0008886900167294869,0.0009860853749999966,0.21090508418518408,0.10390340062113318,-0.0013434205188353754,0.0016836785371214247,0.0016792813662012559,0.9948102924353883,1.6213286585500702e-07,5.717657036632268e-09,0.0019079374385027395,0.0019079374385027395,0.15702697276960106,1.0026184837208763,1.6129144369460712e-07,0.21193283912980548,0.10323477556973457,0.006394789958333334,0.003262953620294833,-0.0005334776806069363,0.0016351337444963088,0.005408704583333337,0.21190241458804046,0.10697008756619285,-3.042454176502285e-05,0.003735311996458282,0.003714305518362332,0.988914836891876,9.69418044690911e-07,0.0036762748411560534,-0.011651634897161724,-0.011651634897161724,0.1564566698729371,1.005655560101909,9.586718875455536e-07,0.21215065123619845,0.10261469531096107,0.0036904376666666654,0.0013565753348021218,-0.0007377581743946444,0.001395450274910644,-0.0003055678083333374,0.2122024114588315,0.10267647640075284,5.176022263306268e-05,6.178108979176811e-05,6.177512781430939e-05,0.9998070421946568,1.1085796693421537e-10,0.00012647540610563775,0.000879684257017259,0.000879684257017259,0.15664896752046045,1.0000965109692146,1.1083657602421093e-10]"
/multi_agv/m2b_algorithm_state,1789558480.7269933,1789558480.7269933,m2b_algorithm_state_v1:header6+3x20,"[1.0,-0.15,0.52,0.2141770800064252,0.10272490208153186,1789558480.7268252,0.21327918451700756,0.10223103416534379,0.0036904376666666654,0.002672837468183918,-0.00084772410216789,0.0008820642175759647,0.0009860853749999966,0.2119466239820415,0.10482334204601441,-0.001332560534966054,0.002592307880670622,0.0025819578002208706,0.9920939812712113,3.845196229102433e-07,0.000916257131513303,-0.0017849772807665351,-0.0017849772807665351,0.15692515122231487,1.0040086172008178,3.8147960356992817e-07,0.2129753689041721,0.10325795115223203,0.006394789958333334,0.003202634362609032,-0.0005142244867234469,0.0016512677726770036,0.005408704583333337,0.21282538749170163,0.10597743475557994,-0.00014998141247046792,0.002719483603347908,0.002708265029340862,0.9918359946469422,5.046762549008154e-07,0.002520788263752777,-0.007062591090973163,-0.007062591090973163,0.1565656698950008,1.0041423471800235,5.00556075254244e-07,0.21318577777806008,0.10263360036644327,0.0036904376666666654,0.001305282521006884,-0.0007221032165907236,0.0014095424132789412,-0.0003055678083333374,0.213444415360662,0.10345239758363879,0.00025863758260191716,0.0008187972171955216,0.0008177563202671539,0.9974654559096321,1.8724133387606534e-08,0.0011410532985195504,-0.003126328155187569,-0.003126328155187569,0.15677985734017746,1.001272869316409,1.8676676245981715e-08]"
/multi_agv/m2b_algorithm_state,1789558480.7369525,1789558480.7369525,m2b_algorithm_state_v1:header6+3x20,"[1.0,-0.15,0.52,0.2152029510104573,0.10274187302582766,1789558480.7368004,0.21430407862775402,0.10224238696424935,0.0036904376666666654,0.002672985914555172,-0.000837605986146439,0.0008767371193520576,0.0009860853749999966,0.2131100432595511,0.10583875006936949,-0.0011940353682029226,0.00359636310512014,0.0035765984734466706,0.9891601421882272,7.395115523300152e-07,0.0020840542631930174,-0.006452635399469931,-0.006452635399469931,0.15682375622604242,1.0055260974415232,7.314953522525945e-07,0.21401205353735753,0.10328045478134572,0.006394789958333334,0.003144160413388034,-0.0004950794072030862,0.0016666580994415814,0.005408704583333337,0.21387840376422051,0.10597743475557994,-0.00013364977313701232,0.002696979974234223,0.0026859478431087657,0.9919039845712428,4.872552027852868e-07,0.0025188856266875003,-0.007103247793425121,-0.007103247793425121,0.15667177585136616,1.0041073512107699,4.833103771457949e-07,0.21421510785416412,0.1026518644990005,0.0036904376666666654,0.0012561731840749091,-0.000706478306918439,0.00142270366980603,-0.0003055678083333374,0.21449126244872074,0.10327559917615586,0.00027615459455662683,0.0006237346771553604,0.0006231299027697041,0.9980654185877761,1.0457259413116216e-08,0.0009683231459654876,-0.0024700254999901676,-0.0024700254999901676,0.15690980785818426,1.00097054303279,1.0437028993432798e-08]"
/multi_agv/m2b_algorithm_state,1789558480.7470396,1789558480.7470396,m2b_algorithm_state_v1:header6+3x20,"[1.0,-0.15,0.52,0.2162369796183986,0.1027585724141983,1789558480.7468817,0.21532455844891837,0.10225374641931773,0.0036904376666666654,0.002670580290255316,-0.0008275056687463422,0.0008725264008192374,0.0009860853749999966,0.21418674573760466,0.10595034360891846,-0.0011378127113137182,0.003696597189600734,0.0036757348192188316,0.9888727281121524,7.805047712351544e-07,0.002253468930076684,-0.007112566715367749,-0.007112566715367749,0.1567234499116832,1.005675700617145,7.718198824358586e-07,0.21504428018293023,0.10330232723369102,0.006394789958333334,0.003087362256677726,-0.0004760124825812506,0.0016813626235901158,0.005408704583333337,0.2148452898711949,0.10491189995902056,-0.00019899031173534198,0.001609572725329536,0.0016056114854446422,0.9951083798338742,1.7053248087628992e-07,0.0013568735957754647,-0.0024839472212927166,-0.0024839472212927166,0.15677596824590054,1.0024671222900456,1.69698300753856e-07,0.21524001439952334,0.1026695454244742,0.0036904376666666654,0.0012089447341348905,-0.0006908771182925284,0.0014350619208165988,-0.0003055678083333374,0.2154624131709378,0.10258348419634,0.00022239877141447262,-8.606122813420436e-05,-8.607280145355893e-05,1.0002690438202904,1.916771805350333e-10,0.00019192566281453185,0.0005665294749375142,0.0005665294749375142,0.1570398049214919,0.9998655403430686,1.9172875009594694e-10]"
/multi_agv/m2b_algorithm_state,1789558480.757256,1789558480.757256,m2b_algorithm_state_v1:header6+3x20,"[1.0,-0.15,0.52,0.21727089762561524,0.10277491640631242,1789558480.757152,0.21635312604447302,0.1022650423625829,0.0036904376666666654,0.0026669952038182775,-0.000817414365833907,0.0008688316330762607,0.0009860853749999966,0.21512375017238483,0.10461611559192652,-0.0012293758720881842,0.0023510732293436226,0.0023425481012920007,0.9928131059457798,3.156011262223736e-07,0.0008058282611817704,-0.0012827237120250192,-0.0012827237120250192,0.15662225389604276,1.003639254215066,3.133329343648208e-07,0.21608474509305617,0.1033237353907312,0.006394789958333334,0.003031607566334072,-0.00045670357602731193,0.0016954889295986986,0.005408704583333337,0.21586888367769738,0.10444306322181986,-0.00021586141535878678,0.0011193278310886595,0.001117405477861257,0.9965799434539758,8.100211437995613e-08,0.0008475787086627735,-0.0004943004238154498,-0.0004943004238154498,0.1568787373881575,1.0017203721169166,8.072508256842916e-08,0.21627306771766663,0.1026869394892808,0.0036904376666666654,0.0011620092663806492,-0.0006751592354110967,0.0014472324679404465,-0.0003055678083333374,0.2164467174916199,0.10221090242106036,0.00017364977395326053,-0.0004760370682204418,-0.0004763921376929947,1.0014944809242197,5.637962713347835e-09,-0.00025932992025141905,0.0022949936648647973,0.0022949936648647973,0.15717069204956535,0.9992546697469182,5.646388541074395e-09]"
/multi_agv/m2b_algorithm_state,1789558480.7669864,1789558480.7669864,m2b_algorithm_state_v1:header6+3x20,"[1.0,-0.15,0.52,0.2183015127995868,0.10279087843244152,1789558480.7668762,0.21738157616625142,0.10227629353010978,0.0036904376666666654,0.0026615587123851436,-0.0008073230912683858,0.000865939413851951,0.0009860853749999966,0.21583969357407373,0.10404466993044181,-0.0015418825921776902,0.0017683764003320335,0.0017635326059443433,0.9945587758448168,1.7825157731195816e-07,-0.00016382063427776948,0.0024463643469030726,0.0024463643469030726,0.15652108179201235,1.0027466429434666,1.7728167052378882e-07,0.21712510582564018,0.10334458959696707,0.006394789958333334,0.002977203822791058,-0.0004373753999251939,0.0017090195719639267,0.005408704583333337,0.21696166435970218,0.10489108520951543,-0.0001634414659379968,0.0015464956125483542,0.0015428391306458835,0.9952994082109241,1.5178963340055521e-07,0.0013385372982233875,-0.002498956717160203,-0.002498956717160203,0.15697933202886577,1.002369969642227,1.5107613229612573e-07,0.21730601088495413,0.10270386609186044,0.0036904376666666654,0.001116334789907848,-0.0006594242755634696,0.0014588475040031787,-0.0003055678083333374,0.21752574064657249,0.10290436017684482,0.00021972976161835356,0.00020049408498437615,0.00020043143928765483,0.9993755654195107,9.602694222298075e-10,0.00047509364131059675,-0.0006616999950892217,-0.0006616999950892217,0.1573015307696647,1.0003125542427076,9.596697967959808e-10]"
/multi_agv/m2b_algorithm_state,1789558480.7770972,1789558480.7770972,m2b_algorithm_state_v1:header6+3x20,"[1.0,-0.15,0.52,0.21933248025044394,0.10280649646520203,1789558480.77699,0.21840674283161457,0.10228749449474057,0.0036904376666666654,0.002654149598665453,-0.0007972235646459932,0.0008638979815468869,0.0009860853749999966,0.2168734332418204,0.10404466993044181,-0.0015333095897941684,0.0017571754357012387,0.0017523931358300172,0.9945933798137679,1.7550323766559787e-07,-0.00016424385141269328,0.0024455424899529786,0.0024455424899529786,0.1564205911286896,1.0027290108443367,1.7455435831808598e-07,0.2181621405814065,0.10336486980829764,0.006394789958333334,0.0029242122974112313,-0.0004181166545408066,0.0017219741275683459,0.005408704583333337,0.21800381361777146,0.10489108520951543,-0.00015832696363504706,0.0015262154012177925,0.0015226546366735882,0.995361270353643,1.4519236821708433e-07,0.0013247459321297794,-0.002493185414647866,-0.002493185414647866,0.15707779855013387,1.0023385240871057,1.4451886007421096e-07,0.21833565498573926,0.10272027099428635,0.0036904376666666654,0.0010722234167969262,-0.0006437154316967508,0.0014697985319114598,-0.0003055678083333374,0.21854815072457084,0.10290436017684482,0.00021249573883158623,0.00018408918255846674,0.0001840363743648438,0.9994266794359622,7.775175666570759e-10,0.0004496560479043266,-0.0006079629688945873,-0.0006079629688945873,0.1574322738561753,1.0002869443272024,7.770717998472107e-10]"
/multi_agv/m2b_algorithm_state,1789558480.7871134,1789558480.7871134,m2b_algorithm_state_v1:header6+3x20,"[1.0,-0.15,0.52,0.22036510231185727,0.10282178402420833,1789558480.7869847,0.21943225740720598,0.1022986124882049,0.0036904376666666654,0.002645267318025491,-0.0007871093819055983,0.0008624875031639973,0.0009860853749999966,0.21799506742369062,0.10511279292992962,-0.0014371899835153579,0.002814180441724712,0.0028020148937193323,0.9914472979891863,4.4827225538247455e-07,0.001005527414325135,-0.002236424868668988,-0.002236424868668988,0.15631975778326213,1.0043417142544988,4.444383163624729e-07,0.21919953461806416,0.10338462968944377,0.006394789958333334,0.0028724158646996453,-0.0003988368971393208,0.0017343996727251926,0.005408704583333337,0.21922403997456108,0.10263156113610414,2.4505356496923314e-05,-0.0007530685533396336,-0.0007539505415605394,1.0023491414439114,3.4775094923687214e-08,-0.0007233188459393853,0.00577155634528396,0.00577155634528396,0.15717379432136133,0.9988301776147275,3.48567865403884e-08,0.21936564872606165,0.10273624721795745,0.0036904376666666654,0.0010291685739225215,-0.0006279959050376639,0.001480286003988046,-0.0003055678083333374,0.21958080465632027,0.10262084083741048,0.0002151559302586148,-0.00011540638054696739,-0.00011542717764522418,1.0003605738647583,2.9334136801292863e-10,0.0001535177351780443,0.0005363130307207308,0.0005363130307207308,0.15756270527064287,0.9998198249434745,2.934471392436865e-10]"
/multi_agv/m2b_algorithm_state,1789558480.797033,1789558480.797033,m2b_algorithm_state_v1:header6+3x20,"[1.0,-0.15,0.52,0.2213922849212374,0.1028366843220131,1789558480.7969062,0.22045941524105894,0.10230962809490303,0.0036904376666666654,0.002635152104929807,-0.0007769748684880006,0.0008616008912716798,0.0009860853749999966,0.21921308583472482,0.10414091824716158,-0.0012463294063341235,0.0018312901522585523,0.001826100447726533,0.9943718603969975,1.8922678764608478e-07,0.00026818868980887857,0.0008481462622095771,0.0008481462622095771,0.1562196101282107,1.002841960056732,1.881617928685849e-07,0.22023859982336913,0.10340389296139621,0.006394789958333334,0.0028217095304753,-0.00037950746546447367,0.001746326811563656,0.005408704583333337,0.22020419445535214,0.10209574802446947,-3.440536801699312e-05,-0.0013081449369267417,-0.0013108169357884797,1.004105620956149,1.0310963499679147e-07,-0.0013538236458097211,0.008192088688769016,0.008192088688769016,0.15726862347737772,0.9979615774035366,1.0353296407501516e-07,0.2203972918711438,0.10275183101632573,0.0036904376666666654,0.0009869710301398681,-0.0006122546769737657,0.001490390552679412,-0.0003055678083333374,0.22083390959596896,0.10197676283484966,0.00043661772482517236,-0.000775068181476074,-0.0007760107580078993,1.0024394306763678,1.269335555087578e-08,-0.00023023860197643388,0.0021500251084206295,0.0021500251084206295,0.15769418026463874,0.9987853563599491,1.272432011179263e-08]"
/multi_agv/m2b_algorithm_state,1789558480.8070958,1789558480.8070958,m2b_algorithm_state_v1:header6+3x20,"[1.0,-0.15,0.52,0.22242756401428207,0.10285131145373504,1789558480.806987,0.2214811759882503,0.10232055829605027,0.0036904376666666654,0.002623316755834688,-0.0007668146870025703,0.0008614465618883922,0.0009860853749999966,0.2201370543748052,0.1024330029203602,-0.0013441216134450762,0.00011244462430992641,0.00011242480277854779,0.9996475946859007,7.110527343205493e-10,-0.0015677272140277975,0.008140312916489787,0.008140312916489787,0.15611982183692644,1.000176309238609,7.108021555583699e-10,0.22127217905282506,0.10342260465530591,0.006394789958333334,0.0027723077914591464,-0.00036031760523697054,0.0017577609998784688,0.005408704583333337,0.2213909394771479,0.10377600878090236,0.00011876042432285017,0.0003534041255964515,0.0003532116287330409,0.9989120918271818,7.384737273434552e-09,0.0005016621591366036,0.0008300361593662194,0.0008300361593662194,0.15736058478580794,1.000544990163832,7.376703357400668e-09,0.2214234997226368,0.10276689001468307,0.0036904376666666654,0.0009463883204237624,-0.000596579128024884,0.0014998292438274004,-0.0003055678083333374,0.22192060358510268,0.10299882811457514,0.0004971038624658752,0.00023193809989206782,0.00023185435617748812,0.9992785188409331,1.089121592291558e-09,0.0008532341842598321,-0.002189475277919105,-0.002189475277919105,0.1578247578486364,1.0003611910337178,1.0883358115827867e-09]"
/multi_agv/m2b_algorithm_state,1789558480.8170516,1789558480.8170516,m2b_algorithm_state_v1:header6+3x20,"[1.0,-0.15,0.52,0.22345292250153306,0.10286552549097906,1789558480.8169346,0.22251097949284293,0.10233133061583506,0.0036904376666666654,0.0026110518230985967,-0.0007566248733997526,0.0008614630276125496,0.0009860853749999966,0.22107016362640583,0.10215841031082601,-0.0014408158664371007,-0.00017292030500905275,-0.00017296727622265748,1.0005436277348692,1.6739634292703019e-09,-0.0019739871092690335,0.00969224014625521,0.00969224014625521,0.15601888194041805,0.999728438727657,1.6748734422176099e-09,0.2223139244509425,0.1034408985021479,0.006394789958333334,0.0027236564227557866,-0.00034091869001864894,0.0017687611452385787,0.005408704583333337,0.22242340771494118,0.10377600878090236,0.00010948326399867758,0.00033511027875446353,0.0003349372146014425,0.9989684505083293,6.5230132675819936e-09,0.0004717912945997895,0.0008959107530766256,0.0008959107530766256,0.15745066539639851,1.0005167062526241,6.516284456561658e-09,0.22245778809906072,0.10278170524322215,0.0036904376666666654,0.0009058221777909492,-0.0005808153425778508,0.0015092148510783233,-0.0003055678083333374,0.2230185628404653,0.1036998449446328,0.0005607747414045905,0.0009181397014106502,0.0009168345601452794,0.9971669785761959,1.632619895004041e-08,0.0016178029869010175,-0.005269895905461725,-0.005269895905461725,0.15795595599877266,1.0014235297425569,1.6279946478645656e-08]"
/multi_agv/m2b_algorithm_state,1789558480.8272889,1789558480.8272889,m2b_algorithm_state_v1:header6+3x20,"[1.0,-0.15,0.52,0.22448387344618762,0.10287945010907495,1789558480.8271818,0.2235309410500668,0.10234201762859985,0.0036904376666666654,0.002596908316718682,-0.0007464019239207197,0.0008622765716857824,0.0009860853749999966,0.22200712693271646,0.10316138547731352,-0.0015238141173503361,0.0008193678487136702,0.0008183213243403563,0.9974535174304662,3.7353390440854234e-08,-0.0010864463223475638,0.006095059488374946,0.006095059488374946,0.15592004206406007,1.0012788672886626,3.725827068318361e-08,0.22334566088656446,0.10345862856461954,0.006394789958333334,0.002676365933026119,-0.0003217848449058869,0.0017793092209214406,0.005408704583333337,0.22312586197576298,0.10157206930669099,-0.00021979891080148306,-0.0018865592579285495,-0.001892137032407942,1.0059558241260207,2.0343225480218624e-07,-0.002166885670909796,0.011161908529389294,0.011161908529389294,0.1575388567007868,0.9970521297433231,2.046438615333479e-07,0.22348216556796802,0.1027959302797178,0.0036904376666666654,0.0008672834324193897,-0.0005651763751560236,0.0015177865178091837,-0.0003055678083333374,0.22388869718575707,0.10367926799144667,0.00040653161778905766,0.0008833377117288682,0.0008821295525419788,0.9972738075826157,1.4468454542750286e-08,0.001390294074778301,-0.004481883100115028,-0.004481883100115028,0.15808704521374217,1.001369593823728,1.442901075168457e-08]"
/multi_agv/m2b_algorithm_state,1789558480.8371878,1789558480.8371878,m2b_algorithm_state_v1:header6+3x20,"[1.0,-0.15,0.52,0.2255200323859193,0.10289308055192624,1789558480.837068,0.22455646316660224,0.1023525347094681,0.0036904376666666654,0.002582334275628696,-0.0007361419578316207,0.0008632574824607906,0.0009860853749999966,0.22320754980957808,0.10390760552641382,-0.0013489133570241674,0.0015550708169457111,0.0015513229059468988,0.9952083981609221,1.3371451386514853e-07,-0.0001348187903333104,0.0023602223397573203,0.0023602223397573203,0.15582036222469992,1.0024159451165484,1.3307380715460088e-07,0.22438303531790252,0.10347593604922249,0.006394789958333334,0.002629832994497429,-0.00030251438485534576,0.0017894578204426248,0.005408704583333337,0.22413323161643564,0.10157206930669099,-0.00024980370146687747,-0.0019038667425314987,-0.0019095467326194705,1.0060102313362653,2.035663198411644e-07,-0.0022218013594530674,0.01131626853893586,0.01131626853893586,0.15762498908415543,0.997025477307811,2.0478980051568196e-07,0.22451212185405814,0.10280987956853425,0.0036904376666666654,0.0008289532909433804,-0.0005494862238016418,0.001526241126111944,-0.0003055678083333374,0.22482351623197208,0.10266434072672188,0.00031139437791394275,-0.00014553884181237042,-0.00014557189111798154,1.0004544172348415,3.7564714839757715e-10,0.0002436710812744469,2.9820451827881596e-05,2.9820451827881596e-05,0.15821851481408652,0.9997729691813625,3.7581784893602807e-10]"
/multi_agv/m2b_algorithm_state,1789558480.8471143,1789558480.8471143,m2b_algorithm_state_v1:header6+3x20,"[1.0,-0.15,0.52,0.22655009808469465,0.10290634147696105,1789558480.8470001,0.22558716561854603,0.10236287708451378,0.0036904376666666654,0.0025673402206782326,-0.0007258429712054369,0.0008644001570331425,0.0009860853749999966,0.22424681659215995,0.10336621645738102,-0.0013403490263860784,0.001003339372867243,0.001001772790712682,0.9968892232293181,5.536010364691538e-08,-0.0006736634922699161,0.004514186702649869,0.004514186702649869,0.15572020004845025,1.001563809846988,5.518789072246801e-08,0.22542565824297972,0.10349282011296747,0.006394789958333334,0.0025840486662724997,-0.0002831224288187273,0.0017992186831237156,0.005408704583333337,0.2252543385782796,0.102764993942907,-0.00017131966470013138,-0.0007278261700604666,-0.0007286486366263591,1.0022663687684126,2.9207252671196477e-08,-0.0009427982175015233,0.006249316641253841,0.006249316641253841,0.15770932102799823,0.998871243937681,2.927344707646161e-08,0.22554727329623214,0.10282354445829744,0.0036904376666666654,0.0007908766829235235,-0.0005337505471075619,0.001534562142250247,-0.0003055678083333374,0.22581592093536704,0.10327807412571945,0.00026864763913489464,0.00045452966742200174,0.0004542088520361746,0.9985908174760817,3.49396031045838e-09,0.0007900184009547929,-0.0022229238775978884,-0.0022229238775978884,0.15835064971355178,1.0007063168945056,3.4890366826496178e-09]"
/multi_agv/m2b_algorithm_state,1789558480.8570404,1789558480.8570404,m2b_algorithm_state_v1:header6+3x20,"[1.0,-0.15,0.52,0.22758359419212618,0.10291930052601005,1789558480.8569624,0.22661183028377882,0.10237309447041479,0.0036904376666666654,0.0025510607721694876,-0.0007155036065967453,0.0008660790133775825,0.0009860853749999966,0.22528832312490052,0.10202986687597163,-0.001323507158878301,-0.00034322759444316286,-0.0003434127853675928,1.001080524474927,6.443065547845916e-09,-0.001997796733965469,0.009789002496557701,0.009789002496557701,0.1556210026888414,0.9994607337515646,6.450027437863922e-09,0.22646212900882218,0.10350920767704562,0.006394789958333334,0.002539355168646079,-0.0002639072276174603,0.0018085986002537024,0.005408704583333337,0.22666360126448618,0.10289296366470034,0.00020147225566399807,-0.0006162440123452795,-0.0006168329898369726,1.001916024450272,2.0573074330808604e-08,-0.000364992670256975,0.004109081898323806,0.004109081898323806,0.15779130035424757,0.9990451588981181,2.06124928442437e-08,0.226576334961483,0.10283672228342275,0.0036904376666666654,0.0007542825795327432,-0.0005181030052716614,0.0015422863410082819,-0.0003055678083333374,0.22692892313362542,0.1044118280000572,0.0003525881721424262,0.0015751057166344534,0.0015712867681144048,0.9951801535865831,3.9982211885626446e-08,0.0020120219832924376,-0.007139190259913232,-0.007139190259913232,0.15848238336197584,1.0024304592882376,3.9789503765069035e-08]"
/multi_agv/m2b_algorithm_state,1789558480.8671184,1789558480.8671184,m2b_algorithm_state_v1:header6+3x20,"[1.0,-0.15,0.52,0.22861293907827715,0.10293191290363064,1789558480.8670309,0.22763991333080152,0.10238312860538816,0.0036904376666666654,0.0025343861976589686,-0.0007051212435526255,0.0008679067763552673,0.0009860853749999966,0.22625406841022766,0.10131797403789553,-0.0013858449205738643,-0.001065154567492635,-0.0010669476768238246,1.0033804873475438,6.167355360613673e-08,-0.002799253827541155,0.0129121495265056,0.0129121495265056,0.15552057641521466,0.9983194027503507,6.188204027378034e-08,0.22750205325083178,0.10352517470308996,0.006394789958333334,0.002495399785074046,-0.00024462282388326706,0.0018176225312397376,0.005408704583333337,0.22755926721358097,0.10117986911892025,5.721396274918633e-05,-0.0023453055841697046,-0.002353948217714574,1.0074362142087938,2.931375962866517e-07,-0.002282430764278091,0.01157887051655547,0.01157887051655547,0.1578703391262598,0.9963284521384839,2.953174302452901e-07,0.2276088159947453,0.10284959826955202,0.0036904376666666654,0.0007180637686009755,-0.0005024368684067651,0.0015498381730019595,-0.0003055678083333374,0.22841673996478676,0.10500413285479678,0.000807923970041452,0.002154534585244755,0.0021474220749393724,0.9934522542258007,7.118284114511951e-08,0.0031573270374911874,-0.011548744381722044,-0.011548744381722044,0.15861359441000614,1.0033121156704061,7.071675399781606e-08]"
/multi_agv/m2b_algorithm_state,1789558480.8770401,1789558480.8770401,m2b_algorithm_state_v1:header6+3x20,"[1.0,-0.15,0.52,0.22964457077332276,0.10294422147507754,1789558480.8769329,0.22866388883918146,0.1023930138607416,0.0036904376666666654,0.002516764682220849,-0.0006946961086531975,0.0008701227644130139,0.0009860853749999966,0.22745492656576247,0.1035366672417574,-0.0012089622734189898,0.0011436533810158106,0.001141621017868728,0.996461363851258,7.049308905347776e-08,-0.0003695818239050092,0.003317425495731605,0.003317425495731605,0.1554226223140231,1.0017802432815024,7.024363966031663e-08,0.22853778259336224,0.10354068082771571,0.006394789958333334,0.0024523921192629913,-0.0002254694547446645,0.001826303772255164,0.005408704583333337,0.22856324065369252,0.10117986911892025,2.5458060330274535e-05,-0.002360811708795457,-0.0023695681811730825,1.0074851215447262,2.918900576806369e-07,-0.0023377456057602393,0.011737052303293638,0.011737052303293638,0.1579489830004379,0.9963046126095051,2.9407489024007364e-07,0.2286371458022877,0.10286204402243466,0.0036904376666666654,0.0006830241782528859,-0.00048684210416232603,0.0015569159386559393,-0.0003055678083333374,0.22932904709559443,0.10359930752666258,0.0006919012933067348,0.0007372635042279113,0.0007364217091731248,0.9977228788452686,7.936060111625211e-09,0.0016012983258065433,-0.005348560362336783,-0.005348560362336783,0.15874644522170012,1.0011430883205925,7.917988741259809e-09]"
/multi_agv/m2b_algorithm_state,1789558480.8870258,1789558480.8870258,m2b_algorithm_state_v1:header6+3x20,"[1.0,-0.15,0.52,0.23067098670267516,0.10295618733168,1789558480.8869216,0.229690149572159,0.10240270831464503,0.0036904376666666654,0.0024988013385316777,-0.0006842260516204231,0.0008724635552675719,0.0009860853749999966,0.22861717208272697,0.10442505093526973,-0.0010729774894320254,0.002022342620624701,0.0020160309181829258,0.9938063296132141,2.1870603525823323e-07,0.000674809056392894,-0.0008293459199202871,-0.0008293459199202871,0.1553237044847455,1.0031307567680876,2.1735144216424296e-07,0.22957581016124684,0.10355577418634207,0.006394789958333334,0.0024100973637754914,-0.0002062818362277008,0.0018346581337935763,0.005408704583333337,0.22955361605535302,0.10180479730821058,-2.2194105893824645e-05,-0.0017509768781314855,-0.0017557703659262511,1.005511904679573,1.5772548211775703e-07,-0.001783512998293532,0.00948644994401382,0.00948644994401382,0.15802474085341484,0.9972698663288824,1.585948499407298e-07,0.22966775258656238,0.10287418192424554,0.0036904376666666654,0.0006484199809407335,-0.0004712471869559587,0.0015638048763434694,-0.0003055678083333374,0.2302405459103667,0.10342670674973706,0.0005727933238043048,0.000552524825491521,0.0005520514496280989,0.9982901224939913,4.231711993809817e-09,0.0012680431043834799,-0.0041107809485851805,-0.0041107809485851805,0.1588787964035262,1.0008574850473466,4.224476284659695e-09]"
/multi_agv/m2b_algorithm_state,1789558480.8970292,1789558480.8970292,m2b_algorithm_state_v1:header6+3x20,"[1.0,-0.15,0.52,0.23170206546063965,0.10296786784219036,1789558480.896902,0.230711247560572,0.10241224901138277,0.0036904376666666654,0.0024799601098480705,-0.0006737130485751084,0.0008751625468379951,0.0009860853749999966,0.22906973531444827,0.10355308065020696,-0.0016415122461237441,0.0011408316388241968,0.001138809782834896,0.9964709148545161,6.91140074742425e-08,-0.0009130805248197841,0.0052189157479800964,0.0052189157479800964,0.15522424222806497,1.0017754115039894,6.887009825712028e-08,0.23060856778522568,0.10357042149053987,0.006394789958333334,0.0023687127572105914,-0.0001872567523484303,0.0018427024765796246,0.005408704583333337,0.23056980741434663,0.10180479730821058,-3.876037087904849e-05,-0.001765624182329284,-0.0017704977690811811,1.005557830580078,1.5761266284366754e-07,-0.0018189482326799917,0.009576287334524328,0.009576287334524328,0.15809674003777827,0.9972473352765497,1.584886473210276e-07,0.23069314476222777,0.10288589149311735,0.0036904376666666654,0.0006150301837441201,-0.0004557408712850071,0.0015702134584914115,-0.0003055678083333374,0.2311225684439101,0.10457374454583875,0.0004294236816823338,0.0016878530527213997,0.0016834745770263984,0.9948453782326265,3.742380324952342e-08,0.0022202541791293156,-0.008075861164412298,-0.008075861164412298,0.15900935999963242,1.002600856439861,3.7230897698675525e-08]"
/multi_agv/m2b_algorithm_state,1789558480.9069455,1789558480.9069455,m2b_algorithm_state_v1:header6+3x20,"[1.0,-0.15,0.52,0.23272974895436863,0.10297922409305003,1789558480.9068558,0.2317369915832235,0.10242157381094615,0.0036904376666666654,0.002461098088816449,-0.0006631535792035458,0.0008778463754992361,0.0009860853749999966,0.22998976557977158,0.10219445170650412,-0.0017472260034519238,-0.00022712210444202074,-0.00022720307040787117,1.000713589836249,2.720978513648205e-09,-0.0024112355747227757,0.011116322909392634,0.011116322909392634,0.15512684227173945,0.9996436405295708,2.722920176260196e-09,0.2316460187505205,0.10358468261324988,0.006394789958333334,0.002327916089744496,-0.00016814013035754138,0.0018504443131785037,0.005408704583333337,0.2314711695795074,0.10148873416563284,-0.00017484917101309727,-0.002095948447617041,-0.002102832214689526,1.0066213038079197,2.1831114596496495e-07,-0.0023213936784558975,0.011445371853926347,0.011445371853926347,0.15816945551180647,0.9967264306565223,2.197566503870541e-07,0.23172318604817502,0.10289734710237511,0.0036904376666666654,0.0005817590560694033,-0.00044021177413024627,0.0015765587388122176,-0.0003055678083333374,0.23229338027197946,0.10543323901748139,0.0005701942238044433,0.002535891915106281,0.0025260740411306997,0.9923323491651908,7.985374081198093e-08,0.0032388168208862538,-0.01216507999628821,-0.01216507999628821,0.1591431850772201,1.0038866137000428,7.92414502095813e-08]"
/multi_agv/m2b_algorithm_state,1789558480.9170654,1789558480.9170654,m2b_algorithm_state_v1:header6+3x20,"[1.0,-0.15,0.52,0.23376851901201987,0.10299032610800878,1789558480.9169545,0.2327593817419181,0.10243072785295462,0.0036904376666666654,0.002441613857267756,-0.0006525510494288174,0.0008807775159351628,0.0009860853749999966,0.23106622953214936,0.10341368720465713,-0.0016931522097687335,0.000982959351702506,0.0009814569304584556,0.9969545400094084,5.051718277681726e-08,-0.0011349833317524612,0.006040773663016473,0.006040773663016473,0.1550288143819073,1.0015308071066842,5.036333471783306e-08,0.23268003453340177,0.10359852465690712,0.006394789958333334,0.002287919271890088,-0.00014914326290063618,0.0018579016915713092,0.005408704583333337,0.2324794077852561,0.10148873416563284,-0.00020062674814566583,-0.0021097904912742854,-0.0021167648966076273,1.006664826384276,2.1739209982944895e-07,-0.0023675483317897096,0.011573773565489573,0.011573773565489573,0.15823864106784719,0.9967051582608352,2.188409804321254e-07,0.2327498305877861,0.10290841976928831,0.0036904376666666654,0.0005494554152564541,-0.00042475358692008604,0.0015825214954855466,-0.0003055678083333374,0.23326218026059367,0.10458049613720437,0.0005123496728075827,0.0016720763679160533,0.001667780180744642,0.9948942248624851,3.2808623502342453e-08,0.0023082172717541205,-0.00844787802554595,-0.00844787802554595,0.15927555876326466,1.0025759912613263,3.2641110048168106e-08]"
/multi_agv/m2b_algorithm_state,1789558480.926869,1789558480.926869,m2b_algorithm_state_v1:header6+3x20,"[1.0,-0.15,0.52,0.234793334885381,0.10300106494018317,1789558480.9268181,0.23379279743324152,0.10243961789112303,0.0036904376666666654,0.0024226941936948054,-0.0006419002746013424,0.0008834388256798078,0.0009860853749999966,0.23253552187081547,0.10528293401097762,-0.0012572755624260523,0.002843316119854583,0.0028309243090513677,0.9913785736170593,4.18824499026933e-07,0.0012593298560188023,-0.003382291493230864,-0.003382291493230864,0.15492982344695191,1.0043773020577043,4.1521363444120027e-07,0.2337252209112718,0.10361201461571033,0.006394789958333334,0.0022482970613575655,-0.00012989430224416565,0.0018650655231046975,0.005408704583333337,0.23372396364406553,0.10034140330022112,-1.2572672062616252e-06,-0.003270611315489211,-0.0032875180216233838,1.0104676271331894,5.137226316392201e-07,-0.003289089605631211,0.015246231788355654,0.015246231788355654,0.15830635136584684,0.9948573038921853,5.191000885971002e-07,0.23378753869154623,0.10291934581719293,0.0036904376666666654,0.0005165687481187881,-0.0004092018586364975,0.0015886883235139261,-0.0003055678083333374,0.23452945204980624,0.10388392859862589,0.0007419133582600157,0.0009645827814329516,0.0009631455035208277,0.9970309113812666,1.0269495000322656e-08,0.0018905372013458474,-0.006652453229922603,-0.006652453229922603,0.15940946059938418,1.0014922749541684,1.0239003959597059e-08]"
/multi_agv/m2b_algorithm_state,1789558480.937006,1789558480.937006,m2b_algorithm_state_v1:header6+3x20,"[1.0,-0.15,0.52,0.23582793969262517,0.10301154623883191,1789558480.936929,0.2348123765101136,0.1024484032968149,0.0036904376666666654,0.00240238273243751,-0.0006312123122718504,0.0008866841037745202,0.0009860853749999966,0.23374158101637654,0.10634676742722916,-0.0010707954937370645,0.003898364130414264,0.0038752605874421762,0.9883246491092891,7.800549980410238e-07,0.0025367662202708456,-0.00849753144026117,-0.00849753144026117,0.15483241961115607,1.005961803716363,7.709475822248421e-07,0.23475632050298795,0.10362505954159762,0.006394789958333334,0.002209718600751227,-0.00011104314717919062,0.001871983804243374,0.005408704583333337,0.23472129718871057,0.10034140330022112,-3.502331427737704e-05,-0.003283656241376498,-0.003300696743382902,1.0105090767868912,5.089177955576605e-07,-0.0033444758862296235,0.015407232139839806,0.015407232139839806,0.15837113254483606,0.994837301536239,5.142660517493913e-07,0.23481130764304148,0.10292973198213697,0.0036904376666666654,0.0004857449845993016,-0.0003938429356869458,0.0015940611771860227,-0.0003055678083333374,0.23556578558005317,0.10440411154175598,0.0007544779370116939,0.0014743795596190157,0.0014710351424864455,0.9954889476029134,2.255229043275809e-08,0.0024141325637510626,-0.008794171909356049,-0.008794171909356049,0.15954184128441573,1.002273512736696,2.2450555868941604e-08]"
/multi_agv/m2b_algorithm_state,1789558480.9469573,1789558480.9469573,m2b_algorithm_state_v1:header6+3x20,"[1.0,-0.15,0.52,0.23685806647009566,0.10302171469330383,1789558480.946873,0.23584169427431392,0.10245692267874697,0.0036904376666666654,0.0023826363449439224,-0.0006204765347901318,0.0008896595553743135,0.0009860853749999966,0.23480991894720993,0.10634676742722916,-0.0010317753271039953,0.0038898447484821963,0.0038668432905646353,0.9883504000907607,7.702412141810151e-07,0.002577124131684641,-0.008658231190382995,-0.008658231190382995,0.15473293651558498,1.0059483811960226,7.612682122021996e-07,0.23579728068425537,0.10363775557459097,0.006394789958333334,0.0021715143853169167,-9.197702510932437e-05,0.0018786280072772,0.005408704583333337,0.23581192542284388,0.10109331600731492,1.4644738588504014e-05,-0.002544439567276055,-0.0025546119583943813,1.0080735610085616,3.0013453918743413e-07,-0.0025363060351587512,0.012230802185981564,0.012230802185981564,0.15843298265247463,0.9960180288497827,3.025576937003404e-07,0.23584484411930615,0.10293996046315777,0.0036904376666666654,0.00045442774031722666,-0.0003784099514661909,0.0015996094171479968,-0.0003055678083333374,0.2366146079861629,0.10440411154175598,0.0007697638668567597,0.0014641510785982081,0.0014608531115576676,0.9955203491473009,2.080576240307985e-08,0.002423057945128617,-0.008852384093974482,-0.008852384093974482,0.15967424783658038,1.0022575623890235,2.0712559851789838e-08]"
/multi_agv/m2b_algorithm_state,1789558480.9569623,1789558480.9569623,m2b_algorithm_state_v1:header6+3x20,"[1.0,-0.15,0.52,0.23788701675617108,0.10303158763975101,1789558480.956859,0.23686658514634326,0.10246527260334995,0.0036904376666666654,0.0023623368987023717,-0.0006097014878934602,0.000892854315240609,0.0009860853749999966,0.235628245907287,0.10467925504327075,-0.001238339239056252,0.0022139824399207975,0.0022064354545995074,0.9932402377904239,2.477001082018772e-07,0.0006585114057791924,-0.0009964230543462742,-0.0009964230543462742,0.15463663153624108,1.003420442372587,2.460257143711463e-07,0.23683371081665394,0.10365005896444998,0.006394789958333334,0.00213404963232826,-7.306696032516324e-05,0.0018850328134384364,0.005408704583333337,0.23687575103974556,0.10142355244782462,4.20402230916217e-05,-0.0022265065166253567,-0.002234275377501661,1.0070379649916323,2.2579246020155913e-07,-0.002181725098637134,0.010813718170605032,0.010813718170605032,0.1584951931969931,0.9965228722678797,2.2738157963183224e-07,0.23687390344728979,0.10294981251211158,0.0036904376666666654,0.00042412463267590007,-0.00036306459792831143,0.0016047636075434196,-0.0003055678083333374,0.23775279936736332,0.10520103293002514,0.0008788959200735358,0.002251220417913563,0.0022434717619457074,0.9931755979499436,4.5878506667244776e-08,0.003342091662037627,-0.012551178723374027,-0.012551178723374027,0.15980905471350706,1.0034538682854361,4.5565413292291304e-08]"
/multi_agv/m2b_algorithm_state,1789558480.967136,1789558480.967136,m2b_algorithm_state_v1:header6+3x20,"[1.0,-0.15,0.52,0.2389214166074141,0.10304118912998389,1789558480.9670312,0.23789032766094412,0.10247342673420788,0.0036904376666666654,0.0023418070570663174,-0.0005988867048842103,0.00089612827214639,0.0009860853749999966,0.23668062361937256,0.10467925504327075,-0.0012097040415715576,0.0022058283090628655,0.002198337187789477,0.9932652615169828,2.4373461217336237e-07,0.0006862071358250299,-0.001112225787632844,-0.001112225787632844,0.15453938004103393,1.003407630692415,2.4209312330111515e-07,0.2378689407315181,0.10366198817799788,0.006394789958333334,0.0020972146640573213,-5.422807395893958e-05,0.0018912016147406285,0.005408704583333337,0.23752478399066992,0.1010283094887517,-0.0003441567408481727,-0.0026336786892461744,-0.0026445809494361947,1.0083624712703794,3.1053817369024817e-07,-0.0030747768754964106,0.01408710910827332,0.01408710910827332,0.15855388458591346,0.9958775093678472,3.13135040246089e-07,0.23790178187605102,0.10295934800704724,0.0036904376666666654,0.0003944492908060722,-0.00034777191400814107,0.0016096730519015619,-0.0003055678083333374,0.23881042269777555,0.10520103293002514,0.0009086408217245379,0.0022416849229778962,0.0022340022226187404,0.9932046560439259,4.230625388960704e-08,0.0033698032497744127,-0.01267523645256085,-0.01267523645256085,0.15994257374345464,1.0034389851009862,4.2018768342934166e-08]"
/multi_agv/m2b_algorithm_state,1789558480.9770672,1789558480.9770672,m2b_algorithm_state_v1:header6+3x20,"[1.0,-0.15,0.52,0.2399530729045446,0.10305049608968604,1789558480.9769685,0.23891950172301582,0.10248133650381747,0.0036904376666666654,0.002321589722970925,-0.000588029476539492,0.000899244678188387,0.0009860853749999966,0.23765821248855898,0.10709664101643909,-0.0012612892344568416,0.004615304512621626,0.0045831145931705215,0.9862986961284578,1.0558411342004538e-06,0.0030065030500994695,-0.010623684806990701,-0.010623684806990701,0.15444031169107691,1.007023590354706,1.0413747339806996e-06,0.23890965249216883,0.1036735641179658,0.006394789958333334,0.0020608296513337492,-3.529234573579343e-05,0.0018971249639457427,0.005408704583333337,0.23855936470089187,0.10120576742912696,-0.0003502877912769653,-0.0024677966888388414,-0.0024773551921328353,1.0078197035765752,2.6787931307958254e-07,-0.002915214931229042,0.01342223999649454,0.01342223999649454,0.15860914600855702,0.9961416500450365,2.6997404990216145e-07,0.23893509560705764,0.10296866676816839,0.0036904376666666654,0.00036470758097827865,-0.0003324580933500188,0.001614600260992781,-0.0003055678083333374,0.23941566155949473,0.10459741185179086,0.00048056595243708977,0.001628745083622471,0.001624670720034125,0.9950282072118061,2.065811807728195e-08,0.0022253781605804874,-0.0083159638903534,-0.0083159638903534,0.16007538739554333,1.0025078088366488,2.055541019480766e-08]"
/multi_agv/m2b_algorithm_state,1789558480.9871294,1789558480.9871294,m2b_algorithm_state_v1:header6+3x20,"[1.0,-0.15,0.52,0.24097859193629026,0.1030595050706783,1789558480.9869912,0.23994597207824503,0.10248906261266448,0.0036904376666666654,0.002301054483880224,-0.0005771362296036974,0.0009024801488759105,0.0009860853749999966,0.23883660732146952,0.10829042096261848,-0.001109364756775505,0.005801358349954003,0.005750966634639669,0.9830168059602736,1.6518644157049097e-06,0.0043642606886702875,-0.01614822652972131,-0.01614822652972131,0.15434456705786523,1.0087623035422968,1.623810481805674e-06,0.23994758208604985,0.10368477320734834,0.006394789958333334,0.002025084080911989,-1.647245548416776e-05,0.0019028313529868418,0.005408704583333337,0.23974558527213985,0.10162137368901329,-0.0002019968139100048,-0.002063399518335049,-0.00207006032796223,1.006507145799986,1.8397289326735643e-07,-0.002322556345349736,0.011133256901052796,0.011133256901052796,0.15866522210586198,0.9967823113475451,1.8517003170709237e-07,0.23996566454933885,0.10297765244904536,0.0036904376666666654,0.00033574849219184053,-0.0003172154128254516,0.0016192252026812019,-0.0003055678083333374,0.24052067253200873,0.10516635365107357,0.0005550079826698862,0.002188701202028215,0.002181376257192927,0.9933628880116421,3.43267411502564e-08,0.002875136235530285,-0.01093848678890606,-0.01093848678890606,0.16021119792146882,1.0033579465308353,3.4098910725046774e-08]"
/multi_agv/m2b_algorithm_state,1789558480.997029,1789558480.997029,m2b_algorithm_state_v1:header6+3x20,"[1.0,-0.15,0.52,0.24201260122767188,0.10306825605222303,1789558480.996936,0.24096636875844576,0.10249662797924984,0.0036904376666666654,0.0022799984773157647,-0.0005662112647162764,0.0009059248587845897,0.0009860853749999966,0.23960441363040694,0.10616551652821617,-0.0013619551280388276,0.003668888548966326,0.0036484025109126254,0.9889900094537574,6.556985372251543e-07,0.001945958600864091,-0.006383934053450141,-0.006383934053450141,0.154248191499299,1.0056150707035272,6.484793025291202e-07,0.24097930712427773,0.10369561848443454,0.006394789958333334,0.001990036302384409,2.1455639623857437e-06,0.0019083402412687078,0.005408704583333337,0.24075861399193582,0.10162137368901329,-0.00022069313234190924,-0.0020742447954212456,-0.0020809753645622893,1.0065411888696079,1.8268679517226826e-07,-0.002356841779989676,0.01122355446070921,0.01122355446070921,0.15871735128931855,0.9967656661123141,1.8388178400347343e-07,0.2409900999261473,0.10298626874835053,0.0036904376666666654,0.00030787486386834413,-0.00030208418203317585,0.0016234375656243756,-0.0003055678083333374,0.2416586258976261,0.10484399471675553,0.0006685259714787894,0.0018577259684049996,0.0018524360693267235,0.9943456087165535,2.2681465367322365e-08,0.0026880935336752103,-0.010136051457483069,-0.010136051457483069,0.16034490277740443,1.002855644610828,2.2553215487253585e-08]"
/multi_agv/m2b_algorithm_state,1789558481.0069928,1789558481.0069928,m2b_algorithm_state_v1:header6+3x20,"[1.0,-0.15,0.52,0.2430428578663909,0.10307672260942284,1789558481.006905,0.24199521768861612,0.1025039186256349,0.0036904376666666654,0.0022595910415478954,-0.0005552453361561847,0.000909067110767119,0.0009860853749999966,0.24052145975285213,0.10468044114781047,-0.0014737579357639863,0.002176522522175567,0.002169230558865647,0.9933552978098119,2.2894366050495485e-07,0.00032703313916066434,0.00010375649265192315,0.00010375649265192315,0.15415070075238577,1.003361543695813,2.274223980625679e-07,0.24201957922796424,0.10370612708091631,0.006394789958333334,0.001955328483993074,2.0934000877048664e-05,0.0019136130860798461,0.005408704583333337,0.24197290969984367,0.10249513248676226,-4.666952812057423e-05,-0.0012109945941540523,-0.001213273258795325,1.0037807726302903,6.114562467419772e-08,-0.0012716101689460428,0.006993472116391243,0.006993472116391243,0.15876722320332365,0.9981218867021473,6.137680237842793e-08,0.24202300676643532,0.10299472245011787,0.0036904376666666654,0.00027957591245183133,-0.0002869024461503515,0.0016278080213645452,-0.0003055678083333374,0.24257583112459666,0.1042493224162187,0.0005528243581613412,0.0012545999661008334,0.0012521764011614363,0.9961551072797928,9.397578033981485e-09,0.0019432068488631129,-0.007215213241028449,-0.007215213241028449,0.16047937672448187,1.0019354820432242,9.361445354611051e-09]"
/multi_agv/m2b_algorithm_state,1789558481.0170455,1789558481.0170455,m2b_algorithm_state_v1:header6+3x20,"[1.0,-0.15,0.52,0.24407342139022392,0.10308491722802832,1789558481.016958,0.24302036134546032,0.10251103366059094,0.0036904376666666654,0.0022388705679353737,-0.000544249343785985,0.0009123294153018041,0.0009860853749999966,0.2415415710601661,0.10507220773692902,-0.0014787902852942125,0.002561174076338074,0.002551107695261974,0.992216427889123,3.140091169747101e-07,0.0007026198386442081,-0.0014391155955686373,-0.0014391155955686373,0.15405467063049497,1.003945886367242,3.1156500436926466e-07,0.2430560504246807,0.10371628750105402,0.006394789958333334,0.0019212355230610783,3.957767486942321e-05,0.001918694674893584,0.005408704583333337,0.2429001340318142,0.10091569694824784,-0.00015591639286649528,-0.0028005905528061814,-0.002812925052207574,1.0089028129983793,3.216375796407248e-07,-0.0030078205432906933,0.013743140209642051,0.013743140209642051,0.1588157669058451,0.9956150629069507,3.245010588655175e-07,0.24305216182903167,0.10300284666662352,0.0036904376666666654,0.0002521139533521897,-0.0002718058149811214,0.0016318599037008314,-0.0003055678083333374,0.2435963999599848,0.10436470573061443,0.0005442381309531397,0.0013618590639909167,0.0013590060607864627,0.995832029063133,9.984303265181904e-09,0.0020393037244778875,-0.007636565515188174,-0.007636565515188174,0.16061459564889477,1.0020993307438253,9.942688979347759e-09]"
/multi_agv/m2b_algorithm_state,1789558481.0270336,1789558481.0270336,m2b_algorithm_state_v1:header6+3x20,"[1.0,-0.15,0.52,0.24510597274109655,0.10309284522789386,1789558481.0269186,0.24404583123095705,0.10251793875545694,0.0036904376666666654,0.0022181943568742235,-0.0005332219641403068,0.0009155562003853525,0.0009860853749999966,0.24276140119756193,0.10679445320385612,-0.001284430033395123,0.004276514448399188,0.004248818866659455,0.9872607728564563,8.662341578719846e-07,0.002643281324915551,-0.009250629005465978,-0.009250629005465978,0.15395667930437165,1.0065184190262995,8.551990041753571e-07,0.24409281467939725,0.10372610985995814,0.006394789958333334,0.0018876498882768626,5.8179867519991824e-05,0.0019235778957894523,0.005408704583333337,0.2438748214516816,0.10068243973756624,-0.00021799322771565155,-0.0030436701223919005,-0.0030582638457493866,1.0097010999013463,3.732937429101032e-07,-0.003330755380393951,0.014941751762099015,0.014941751762099015,0.1588134914680111,0.9952281019252902,3.7691510280262156e-07,0.24408161826031746,0.1030107030686699,0.0036904376666666654,0.0002250484837260148,-0.0002567510064448456,0.001635761653917555,-0.0003055678083333374,0.24469534918734706,0.10426000610758956,0.0006137309270295987,0.0012493030389196663,0.001246900328309757,0.9961719538818358,7.500459882164729e-09,0.0020140639870967554,-0.007519825038089862,-0.007519825038089862,0.16074772899060635,1.0019269468099077,7.471747775828361e-09]"
/multi_agv/m2b_algorithm_state,1789558481.036921,1789558481.036921,m2b_algorithm_state_v1:header6+3x20,"[1.0,-0.15,0.52,0.2461311459377837,0.10310049753044193,1789558481.036807,0.24507329687610288,0.10252462031156008,0.0036904376666666654,0.00219770763906239,-0.0005221636777820392,0.0009186847608640466,0.0009860853749999966,0.24387663697458078,0.10639699904584012,-0.0011966599015220958,0.0038723787342800353,0.0038496017464945144,0.9884113459243161,7.038885618286739e-07,0.0023537768695918947,-0.008031146357731394,-0.008031146357731394,0.15386202166087648,1.005916712762888,6.957314407778107e-07,0.24513156664975905,0.10373559906903504,0.006394789958333334,0.0018545250295892374,7.678172598743482e-05,0.0019282615234235828,0.005408704583333337,0.24501516665785178,0.10228220200040389,-0.0001163999919072678,-0.0014533970686311515,-0.001456684038119505,1.0045483588819817,8.353620818958198e-08,-0.0016021840280035897,0.00816463024150585,0.00816463024150585,0.15866357064595898,0.9977435261166198,8.391616084406813e-08,0.24511305469742778,0.10301831630308642,0.0036904376666666654,0.000198204914282539,-0.00024172008200303583,0.0016395796242786127,-0.0003055678083333374,0.2456573535390786,0.10343816243362298,0.000544298841650831,0.00041984613053656916,0.00041957306797331655,0.9987013171140011,7.464663860685333e-10,0.0010999466200368553,-0.0039014339073216104,-0.0039014339073216104,0.16088504064586265,1.0006508105121512,7.454969629479727e-10]"
/multi_agv/m2b_algorithm_state,1789558481.0470753,1789558481.0470753,m2b_algorithm_state_v1:header6+3x20,"[1.0,-0.15,0.52,0.24716673172362477,0.10310789829272364,1789558481.0469956,0.24609345677534608,0.1025311584750784,0.0036904376666666654,0.002176708837745263,-0.0005110844125585212,0.0009220243829407854,0.0009860853749999966,0.24485315017046536,0.10466328282108923,-0.0012403066048807254,0.0021321243460108302,0.002125127092182589,0.9934899633507008,2.1162101207459732e-07,0.0005747438360816821,-0.0008444799635261287,-0.0008444799635261287,0.15376663350117079,1.0032926284051344,2.102433515302299e-07,0.24616286114977357,0.10374476027140427,0.006394789958333334,0.0018220476640571186,9.514563596960124e-05,0.001932788222887033,0.005408704583333337,0.2462317540382056,0.10236087503795321,6.889288843203722e-05,-0.0013838852334510515,-0.0013868633450627246,1.0043268274993633,7.440392438019866e-08,-0.001300747234522678,0.007037572747827278,0.007037572747827278,0.15851681887333174,0.9978526279303038,7.472585732626746e-08,0.24613711988823145,0.1030255738448431,0.0036904376666666654,0.0001725036692271087,-0.0002268169539431181,0.0016429688683985873,-0.0003055678083333374,0.246689715080885,0.10383863324081023,0.0005525951926535488,0.0008130593959671389,0.0008120385168447041,0.9974966222360782,2.4357041882842823e-09,0.0015027825076616402,-0.005544075563389861,-0.005544075563389861,0.16101982869767206,1.0012571806647812,2.42960670057984e-09]"
/multi_agv/m2b_algorithm_state,1789558481.0571518,1789558481.0571518,m2b_algorithm_state_v1:header6+3x20,"[1.0,-0.15,0.52,0.24819694644479584,0.10311503383842707,1789558481.0570238,0.24712397974191377,0.10253739744568843,0.0036904376666666654,0.0021566098983919783,-0.0004999704205681909,0.000924955859982817,0.0009860853749999966,0.24567988429327794,0.10299765293872305,-0.0014440954486358293,0.00046025549303461977,0.00045992526318594745,0.9985675363269607,9.781649630877738e-09,-0.0013451940476088393,0.00673225115545473,0.00673225115545473,0.1536680725469578,1.000718007631033,9.767637773119107e-09,0.24720463865794773,0.1037535952097941,0.006394789958333334,0.0017898338610613275,0.00011372080296892517,0.001937090751211415,0.005408704583333337,0.24692015828389377,0.10059619425264708,-0.0002844803740539581,-0.003157400957147019,-0.0031731134331196417,1.0100728809180946,3.808761385492518e-07,-0.0035287139006870893,0.015584285401358242,0.015584285401358242,0.15837154984372556,0.9950482463662905,3.8471265853740213e-07,0.24717157677101276,0.10303270222268836,0.0036904376666666654,0.00014614888472906174,-0.00021184821755722706,0.0016466072792416233,-0.0003055678083333374,0.24777416031326877,0.10461950983314082,0.0006025835422560077,0.001586807610452462,0.0015829425423306064,0.9951581803572618,7.855474804269973e-09,0.002336171970150616,-0.008909743229481324,-0.008909743229481324,0.1611535345250817,1.0024416983045796,7.817440012059624e-09]"
/multi_agv/m2b_algorithm_state,1789558481.0670075,1789558481.0670075,m2b_algorithm_state_v1:header6+3x20,"[1.0,-0.15,0.52,0.24922637783709278,0.10312191240687991,1789558481.066888,0.2481491904233394,0.10254348213165267,0.0036904376666666654,0.0021361550406195813,-0.0004888374792750394,0.0009280317594037792,0.0009860853749999966,0.2465261906031643,0.10232678389998498,-0.0016229998201751084,-0.00021669823166768631,-0.00021677180764460044,1.0006796249325705,2.1487134489308376e-09,-0.002245521582863486,0.010199179147582284,0.010199179147582284,0.15357490992638617,0.9996605832755027,2.1501737681636804e-09,0.2482409815630903,0.10376211351160414,0.006394789958333334,0.0017582045965705015,0.0001321053548833384,0.0019412390195311796,0.005408704583333337,0.24774334175666732,0.09909220713064099,-0.0004976398064229781,-0.004669906380963151,-0.004704673155072112,1.0151546864857213,8.191812949082575e-07,-0.005326722913100834,0.022424022328075735,0.022424022328075735,0.15822233764041552,0.9926101616492787,8.315957306075593e-07,0.24820066734795784,0.10303950587202443,0.0036904376666666654,0.00012074057212436073,-0.0001969847943248421,0.0016498901695335758,-0.0003055678083333374,0.24860346758928972,0.10471874502738233,0.00040280024133187986,0.0016792391553579061,0.0016749141715124277,0.9948820993574918,7.267157370211332e-09,0.002178414473177278,-0.008416488450212282,-0.008416488450212282,0.1612920375377739,1.0025822122225958,7.22996478083712e-09]"
/multi_agv/m2b_algorithm_state,1789558481.0770152,1789558481.0770152,m2b_algorithm_state_v1:header6+3x20,"[1.0,-0.15,0.52,0.2502565310621312,0.10312853784858877,1789558481.0769064,0.24917364514722598,0.10254936932505244,0.0036904376666666654,0.002115747838815816,-0.00047768349946908915,0.0009310760515142307,0.0009860853749999966,0.24777224476028742,0.10429461148362835,-0.0014014003869385616,0.0017452421585759104,0.0017405411431128193,0.9946487552357485,1.3784652957859673e-07,-1.1209340560382718e-05,0.0013660573605040224,0.0013660573605040224,0.15347972640450802,1.002700893042197,1.3710887905891903e-07,0.24927651648645544,0.10377031871081367,0.006394789958333334,0.0017270524458126695,0.00015041594808792857,0.0019452189118012303,0.005408704583333337,0.24885352430370855,0.10058614589346021,-0.0004229921827468841,-0.0031841728173534617,-0.0032001524916733456,1.010159078522252,3.7375339642604297e-07,-0.0037288927201069508,0.016234840152156284,0.016234840152156284,0.15807611030611057,0.9950065897292513,3.7755038652829356e-07,0.24922897187759696,0.10304604918477367,0.0036904376666666654,9.578582441057727e-05,-0.0001821788541834055,0.0016530063318398588,-0.0003055678083333374,0.2495734467362552,0.10401155729520146,0.0003444748586582391,0.0009655081104277957,0.0009640705993435364,0.997033296095518,1.90681323204427e-09,0.0013946641726663353,-0.00530744597840718,-0.00530744597840718,0.16141976550244755,1.001491084869965,1.9011562817836463e-09]"
/multi_agv/m2b_algorithm_state,1789558481.0869694,1789558481.0869694,m2b_algorithm_state_v1:header6+3x20,"[1.0,-0.15,0.52,0.251287587938825,0.10313491279274567,1789558481.0868866,0.2501988388958065,0.10255504592875314,0.0036904376666666654,0.002095520424258179,-0.0004665090333596965,0.0009340317467193349,0.0009860853749999966,0.2489114906874255,0.1045083714961197,-0.0012873482083810284,0.0019533255673665623,0.001947446566522337,0.9940255527416314,1.7099553258435178e-07,0.00033826130604605164,2.2029724258318915e-06,2.2029724258318915e-06,0.15338338714282593,1.0030188252377694,1.6997392879350993e-07,0.25031276092989757,0.10377821380089448,0.006394789958333334,0.0016963389147997615,0.00016868960329918803,0.0019490278569171127,0.005408704583333337,0.25028195128384895,0.10192933933036948,-3.080964604862402e-05,-0.0018488744705250082,-0.0018542066408143243,1.005808884117115,1.236603377965997e-07,-0.0018927186983751043,0.009199420559307031,0.009199420559307031,0.15793157140702782,0.9971242847631187,1.2437866636874344e-07,0.25025799336068943,0.10305235381611871,0.0036904376666666654,7.112629878539304e-05,-0.00016741482291341152,0.0016560163055938477,-0.0003055678083333374,0.2505859194412045,0.10425579575977799,0.000327926080515073,0.0012034419436592753,0.001201212897707346,0.9963126552326439,2.199327620338817e-09,0.0016111204983511873,-0.006215475160172923,-0.006215475160172923,0.16140133998346184,1.00185566268576,2.191217941146259e-09]"
/multi_agv/m2b_algorithm_state,1789558481.096893,1789558481.096893,m2b_algorithm_state_v1:header6+3x20,"[1.0,-0.15,0.52,0.25231271971983255,0.10314104186481184,1789558481.096817,0.25122495233851944,0.10256051169656452,0.0036904376666666654,0.002075493241037713,-0.00045531591970854313,0.0009368909392533284,0.0009860853749999966,0.24973099957672992,0.10322714824891,-0.0014939527617895132,0.0006666365523454731,0.0006659450807420562,0.9979307738480688,1.9743937897843507e-08,-0.0012014958714948354,0.006050019667819706,0.006050019667819706,0.1532896190053349,1.001038331272973,1.9703083225203185e-08,0.2513498978101482,0.10378580232894656,0.006394789958333334,0.0016660536990519238,0.00018692961396959973,0.0019526686086026451,0.005408704583333337,0.2512900210337403,0.10192933933036948,-5.987677640789668e-05,-0.0018564629985770853,-0.0018618387811423134,1.0058326266411297,1.2244808282617968e-07,-0.0019366847516521842,0.009327410409902724,0.009327410409902724,0.15778466596957055,0.9971126487321692,1.2316227677622692e-07,0.2512879136678074,0.10305842435272596,0.0036904376666666654,4.67418981380625e-05,-0.0001526911148953897,0.0016589279779804086,-0.0003055678083333374,0.2518022117492058,0.1051432464009325,0.0005142980813984122,0.00208482204820655,0.002078178045913105,0.993677400917766,4.334769619638749e-09,0.00272105064766112,-0.01062559848905362,-0.01062559848905362,0.16138219811501298,1.003197032278592,4.307362609219925e-09]"
/multi_agv/m2b_algorithm_state,1789558481.1073143,1789558481.1073143,m2b_algorithm_state_v1:header6+3x20,"[1.0,-0.15,0.52,0.2533455634631839,0.10314692426981394,1789558481.107158,0.2522452027546751,0.10256583388003084,0.0036904376666666654,0.00205515189406545,-0.00044411292315097437,0.0009398811707087861,0.0009860853749999966,0.2506440698512614,0.10185668454502361,-0.0016011329034136823,-0.0007091493350072225,-0.0007099400100527322,1.0022359490899777,2.2144031748524368e-08,-0.002711356139319835,0.011974965242972707,0.011974965242972707,0.15319471014494782,0.9988862790738461,2.2193544676160918e-08,0.25238104144607126,0.10379310160926904,0.006394789958333334,0.0016363139506746843,0.00020496517871598785,0.001956179233371602,0.005408704583333337,0.25207021696328163,0.09861808978689456,-0.00031082448278962893,-0.005175011822374481,-0.005217852772422932,1.0168831309676605,9.363804053578981e-07,-0.0056063833759099685,0.023461476222022187,0.023461476222022187,0.1576410498866383,0.991789544106175,9.521894383771066e-07,0.25231191495875144,0.10306419010513564,0.0036904376666666654,2.328494891419867e-05,-0.00013808169593007292,0.001661497044288601,-0.0003055678083333374,0.252912756880492,0.10539867449083754,0.0006008419217405359,0.0023344843857018988,0.002326170481827356,0.992941277689975,2.707000843486835e-09,0.003077222884003026,-0.012045364773992463,-0.012045364773992463,0.16136732624784178,1.003574073327597,2.687892876239658e-09]"
/multi_agv/m2b_algorithm_state,1789558481.117195,1789558481.117195,m2b_algorithm_state_v1:header6+3x20,"[1.0,-0.15,0.52,0.2543730895803353,0.10315256876094984,1789558481.1170192,0.25327313545979435,0.10257087805668161,0.0036904376666666654,0.002035583789516411,-0.00043288821810438805,0.0009425249156122489,0.0009860853749999966,0.25174256022161373,0.10360596445675378,-0.0015305752381806204,0.0010350864000721743,0.001033424271811538,0.9968011341757927,4.6670519137094966e-08,-0.0008797947759142375,0.00470268356526601,0.00470268356526601,0.153100613361657,1.0016083696754314,4.6521226408429304e-08,0.2534199421927693,0.10380008920444021,0.006394789958333334,0.0016068615703456806,0.00022313618875624552,0.001959494803878775,0.005408704583333337,0.25354158432822593,0.0985189260431141,0.00012164213545662328,-0.005281163161326111,-0.00532581151401004,1.017248525261551,9.576655427052317e-07,-0.005173758844689261,0.02196343492917215,0.02196343492917215,0.1574953546688251,0.9916166104327053,9.741838610106999e-07,0.253343612736988,0.10306980554832004,0.0036904376666666654,-5.906845643912501e-07,-0.0001234421850438872,0.0016642319435986016,-0.0003055678083333374,0.25387052498860824,0.10444308532069253,0.0005269122516202152,0.0013732797723724904,0.0013703816561881845,0.995801529798497,-2.3779160880769128e-11,0.0020290219707134534,-0.007858016542498408,-0.007858016542498408,0.16135288103692266,1.0021148241230602,-2.3679324782394472e-11]"
/multi_agv/m2b_algorithm_state,1789558481.127294,1789558481.127294,m2b_algorithm_state_v1:header6+3x20,"[1.0,-0.15,0.52,0.2554081918960771,0.1031579681146901,1789558481.1271067,0.2542958084133442,0.10257577938036888,0.0036904376666666654,0.0020157480623344166,-0.0004216570313167133,0.0009452812938515955,0.0009860853749999966,0.2532300258760095,0.10521884077666624,-0.0010657825373346919,0.002643061396297358,0.002632357349363101,0.9919823910173543,3.0097679388779874e-07,0.0013001291776947362,-0.0038405697857474518,-0.0038405697857474518,0.15300661794947595,1.0040663350425605,2.9856367964155604e-07,0.2544534615169117,0.10380679724598366,0.006394789958333334,0.0015779269767847975,0.0002411158097293531,0.0019626854551014206,0.005408704583333337,0.25479502712401364,0.10042879210847419,0.0003415656071019124,-0.0033780051375094655,-0.0033960071877126327,1.0107959705420382,3.843043399203533e-07,-0.002969050178835242,0.013496505330070291,0.013496505330070291,0.15735147866188193,0.9946990541515042,3.8845327825331086e-07,0.2543699988107499,0.10307512965649701,0.0036904376666666654,-2.359930942580444e-05,-0.0001089101763095873,0.001666646908138912,-0.0003055678083333374,0.25498602603743076,0.10401421947354819,0.0006160272266808597,0.0009390898170511808,0.0009377301667375294,0.9971147533073349,-4.443858207237666e-10,0.0017077642000886042,-0.0065295042563869015,-0.0065295042563869015,0.16134118480184523,1.0014499376919714,-4.431036580042561e-10]"
/multi_agv/m2b_algorithm_state,1789558481.1372344,1789558481.1372344,m2b_algorithm_state_v1:header6+3x20,"[1.0,-0.15,0.52,0.2564374625536294,0.10316313809851974,1789558481.1370327,0.25532602915804015,0.1025804050674855,0.0036904376666666654,0.0019966809501517553,-0.0004104085020153913,0.0009476954622374737,0.0009860853749999966,0.2543293745931576,0.10517208078871634,-0.0009966545648825709,0.0025916757212308406,0.0025813804394206573,0.9921340981506421,2.86655195844017e-07,0.0013355622333174437,-0.003962236999433027,-0.003962236999433027,0.1529082645731668,1.003988285358083,2.8440039420889953e-07,0.25549459998603,0.10381319652727058,0.006394789958333334,0.0015492780225165636,0.0002592242698587488,0.001965685237741488,0.005408704583333337,0.2558727013003492,0.10058728295301465,0.00037810131431920135,-0.0032259135742559314,-0.0032423105558487438,1.0102911459918036,3.4407195694587834e-07,-0.002769683912949742,0.012706938837712053,0.012706938837712053,0.15721114985488457,0.9949428096691002,3.4761285168649394e-07,0.25540394654416115,0.10308030274931418,0.0036904376666666654,-4.7008381936579444e-05,-9.435067932707096e-05,0.0016692211545607473,-0.0003055678083333374,0.256052380630988,0.10491642361624912,0.0006484340868268545,0.0018361208669349371,0.0018309591645983417,0.9944172756921322,-3.3817039342508993e-09,0.00264150177313191,-0.010313865112954578,-0.010313865112954578,0.161335814593063,1.002819124771539,-3.362824813495145e-09]"
/multi_agv/m2b_algorithm_state,1789558481.1473978,1789558481.1473978,m2b_algorithm_state_v1:header6+3x20,"[1.0,-0.15,0.52,0.25746245529274475,0.10316808242988051,1789558481.147353,0.2563504794580885,0.10258490011935051,0.0036904376666666654,0.0019773028121315367,-0.000399157819301521,0.000950243330197738,0.0009860853749999966,0.2552972622918985,0.10422972803015362,-0.0010532171661900014,0.001644827910803115,0.0016406511231856014,0.9949532861027098,1.144186607705858e-07,0.00032412966544809966,7.610113951928661e-05,7.610113951928661e-05,0.15281827468839332,1.0025458109640053,1.1384122252516555e-07,0.2565298380827031,0.1038193283150836,0.006394789958333334,0.001521140227091624,0.00027712658722101047,0.001968570649691595,0.005408704583333337,0.2568248943958233,0.09986097214121416,0.0002950563131202122,-0.003958356173869443,-0.003983180757858136,1.0127324005483,5.088581547354098e-07,-0.0036143603664578706,0.01593136691846113,0.01593136691846113,0.15706389255361047,0.9937676481440821,5.153371405837699e-07,0.25643207012009667,0.1030851858611251,0.0036904376666666654,-6.950154953460535e-05,-7.990383499677234e-05,0.001671456949192479,-0.0003055678083333374,0.2572246335520339,0.10591157374054433,0.0007925634319372321,0.0028263878794192315,0.0028142507740817266,0.9915050791744107,-1.1838334277661973e-08,0.0038049550640032667,-0.014988821069620557,-0.014988821069620557,0.1613238147857646,1.0043127305673267,-1.1737768565266375e-08]"
/multi_agv/m2b_algorithm_state,1789558481.1574364,1789558481.1574364,m2b_algorithm_state_v1:header6+3x20,"[1.0,-0.15,0.52,0.25850108796877175,0.10317277580572176,1789558481.1572952,0.25737070239413135,0.10258924662286246,0.0036904376666666654,0.0019577846613056784,-0.00038790543451655557,0.0009528510010392505,0.0009860853749999966,0.25600911475549765,0.10424135525510628,-0.001361587638633699,0.0016521086322438122,0.0016478952735886814,0.9949316770593836,1.1429153905969377e-07,-5.408927470344229e-05,0.0014035405384095127,0.0014035405384095127,0.1527251314403981,1.0025568121485993,1.1371227263035917e-07,0.2575607431381654,0.10382519504776203,0.006394789958333334,0.0014934735131178593,0.0002948635362618468,0.0019713378536445614,0.005408704583333337,0.2578239177413821,0.09986097214121416,0.00026317460321667596,-0.003964222906547868,-0.003989120252508572,1.0127511082082385,5.010736475853569e-07,-0.003660151998487727,0.016066310805747816,0.016066310805747816,0.15692171809942104,0.9937586875339126,5.074628918860145e-07,0.2574559203459376,0.10308980561901702,0.0036904376666666654,-9.127373462850582e-05,-6.555547598305622e-05,0.0016734314205397094,-0.0003055678083333374,0.25818918727692436,0.10488441301177352,0.0007332669309867423,0.0017946073927564976,0.0017896755330859787,0.9945415970049624,-6.272448177218714e-09,0.0027062591968194066,-0.010569219997363127,-0.010569219997363127,0.1613180596633332,1.0027557283872652,-6.238210627301965e-09]"
/multi_agv/m2b_algorithm_state,1789558481.167393,1789558481.167393,m2b_algorithm_state_v1:header6+3x20,"[1.0,-0.15,0.52,0.2595278088710013,0.10317726351876376,1789558481.167288,0.2584044971817594,0.10259325090949199,0.0036904376666666654,0.0019395481800203375,-0.0003766353696037616,0.0009548938842814177,0.0009860853749999966,0.25713679154989827,0.10587478353086513,-0.0012677056318611268,0.003281532621373137,0.0032651171724052373,0.9901213936467874,4.46163698313826e-07,0.0016804851325788288,-0.005584390445387988,-0.005584390445387988,0.15262867249780987,1.0050275221687703,4.417562227690902e-07,0.2586053798785828,0.10383073728078755,0.006394789958333334,0.0014659854075105005,0.00031287572943311526,0.0019738844251973586,0.005408704583333337,0.25859853629347773,0.09970811622658804,-6.8435851050541174e-06,-0.004122621054199513,-0.00414957833319314,1.0132834970959972,5.319799072038099e-07,-0.0041581328145744575,0.017842845077518325,0.017842845077518325,0.1567805743967943,0.9935036100468351,5.390464607562806e-07,0.25849338684597306,0.10309433922688575,0.0036904376666666654,-0.00011404414390626299,-5.1119631416046696e-05,0.0016757930974889458,-0.0003055678083333374,0.2586591824801359,0.10406456487374172,0.00016579563416285747,0.0009702256468559628,0.0009687750741568538,0.9970209539200292,-2.29201905277131e-09,0.0011760196168604255,-0.004740704783270379,-0.004740704783270379,0.1613168090334282,1.0014973266115166,-2.2851910223969333e-09]"
/multi_agv/m2b_algorithm_state,1789558481.1773841,1789558481.1773841,m2b_algorithm_state_v1:header6+3x20,"[1.0,-0.15,0.52,0.2605511926973079,0.1031815360394543,1789558481.1773179,0.25942648124988893,0.10259720270169352,0.0036904376666666654,0.00192051526880607,-0.00036537483376580804,0.0009572869601011131,0.0009860853749999966,0.25834505056440366,0.10694698467294947,-0.001081430685485274,0.004349781971255948,0.004321177026739833,0.9870679889630396,7.755853707345383e-07,0.0029693886698832408,-0.010758674571443859,-0.010758674571443859,0.15253796517091395,1.0066197113284423,7.655554921600942e-07,0.25963798559897056,0.10383605160481278,0.006394789958333334,0.0014390805038868712,0.00033053018390794,0.0019763642581470953,0.005408704583333337,0.25959125442799375,0.09970811622658804,-4.673117097681034e-05,-0.0041279353782247424,-0.004154961338510378,1.0133004665063174,5.235530481962288e-07,-0.004213375302231391,0.01801126077059693,0.01801126077059693,0.15663677149306834,0.9934954965681281,5.305165479780431e-07,0.25951895976414424,0.10309853624978495,0.0036904376666666654,-0.00013532469042980668,-3.685897678806782e-05,0.0016776000458055187,-0.0003055678083333374,0.2597390015956746,0.10547386906225327,0.00022004183153034873,0.0023753328124683226,0.002366732221104448,0.9928246070843892,-1.6284615015039622e-08,0.002641784510517384,-0.010665783575242874,-0.010665783575242874,0.16131243727790612,1.0036339520319124,-1.616776650382726e-08]"
/multi_agv/m2b_algorithm_state,1789558481.1872478,1789558481.1872478,m2b_algorithm_state_v1:header6+3x20,"[1.0,-0.15,0.52,0.26158054023953614,0.10318557662844292,1789558481.187204,0.2604451722633452,0.10260100163941763,0.0036904376666666654,0.0019014469977823498,-0.0003541170966468332,0.0009596968146156808,0.0009860853749999966,0.2593698168799431,0.10691986625081444,-0.001075355383402088,0.004318864611396814,0.004290659634353936,0.9871559638139885,7.570129524810688e-07,0.0029464654051013263,-0.010679830996464038,-0.010679830996464038,0.15244560030551305,1.0065735759641825,7.472898507261225e-07,0.26066720673990806,0.10384111296298719,0.006394789958333334,0.0014126079789560809,0.00034804212780042976,0.0019787307705986523,0.005408704583333337,0.26094757817219416,0.10139678203183687,0.0002803714322860973,-0.002444330931150318,-0.002453685312309365,1.007725578065359,1.8000675505091477e-07,-0.0021032210219517435,0.009906773169763046,0.009906773169763046,0.15649622971368302,0.9961876198581295,1.8139741128935254e-07,0.2605411990886705,0.1031024935159581,0.0036904376666666654,-0.00015600763635102667,-2.268850840120572e-05,0.0016791948395760486,-0.0003055678083333374,0.2611018673837707,0.10685478446578979,0.0005606682951002084,0.003752290949831691,0.0037310566202654067,0.9888458915864653,-4.6798865922927054e-08,0.004431891989140667,-0.01779463031812771,-0.01779463031812771,0.16131244378484824,1.0056912375574651,-4.627686629879225e-08]"
/multi_agv/m2b_algorithm_state,1789558481.1972399,1789558481.1972399,m2b_algorithm_state_v1:header6+3x20,"[1.0,-0.15,0.52,0.2626147170241934,0.10318938759045791,1789558481.197152,0.2614698101016587,0.10260454409693201,0.0036904376666666654,0.0018830851815863532,-0.0003428538622940014,0.0009617975660843625,0.0009860853749999966,0.26021213563116663,0.10500821401283451,-0.0012576744704920761,0.002403669915902504,0.0023948043208396365,0.9926912820925669,2.3255348325826822e-07,0.0008227112327245413,-0.002151345072889871,-0.002151345072889871,0.15234962520474657,1.003702012304604,2.3085381545074255e-07,0.26170241965104896,0.10384588637303903,0.006394789958333334,0.0013864220664192729,0.0003656382345385012,0.001980929233788259,0.005408704583333337,0.2619547071851516,0.10139678203183687,0.0002522875341026687,-0.0024491043412021574,-0.002458495021359216,1.0077405825152623,1.773573767980843e-07,-0.00214313560373088,0.010023070111285714,0.010023070111285714,0.15635886354543257,0.9961803135351209,1.7873022620788035e-07,0.2615693909659007,0.10310629941535779,0.0036904376666666654,-0.00017697852011481618,-8.51318597895056e-06,0.0016809119170419417,-0.0003055678083333374,0.26206877413520746,0.10583221430004239,0.0004993831693067552,0.0027259148846845993,0.002714619923605287,0.9917999092697228,-2.803943277001682e-08,0.003338848885238731,-0.013375871871259826,-0.013375871871259826,0.16131811309908406,1.00416078913335,-2.7809506877277175e-08]"
/multi_agv/m2b_algorithm_state,1789558481.2073245,1789558481.2073245,m2b_algorithm_state_v1:header6+3x20,"[1.0,-0.15,0.52,0.2636444875691676,0.1031929951486995,1789558481.2072272,0.262499267829384,0.10260784692393464,0.0036904376666666654,0.0018653096651942802,-0.0003315892117229047,0.0009636434227147262,0.0009860853749999966,0.26115371545104366,0.10408856550404769,-0.0013455523783403311,0.0014807185801130468,0.0014773304912237787,0.995449658691529,8.747529373071941e-08,-0.00020460998170163526,0.0019259158404300698,0.0019259158404300698,0.15225988259905796,1.0022933858804075,8.707725128818589e-08,0.2627424795813608,0.10385037643175485,0.006394789958333334,0.0013605439039125434,0.0003832876715021971,0.0019829665238907945,0.005408704583333337,0.2629986722041503,0.10135438692789314,0.0002561926227894751,-0.0024959895038617064,-0.002505746073522764,1.0078925121345845,1.8077631459052583e-07,-0.00218550529503592,0.010165797480218182,0.010165797480218182,0.15621444090015751,0.9961063214807951,1.8220309384707702e-07,0.26260240366183546,0.10310993941568426,0.0036904376666666654,-0.00019810070722182027,5.656321569094691e-06,0.0016826975975238797,-0.0003055678083333374,0.2628954466622525,0.1051718179044634,0.0002930430004170481,0.0020618784887791314,0.002055383413515928,0.9937498060956794,-1.7965577142769006e-08,0.0024216871640372383,-0.009788984575275434,-0.009788984575275434,0.1613182794923856,1.0031600309803477,-1.7853288802023668e-08]"
/multi_agv/m2b_algorithm_state,1789558481.2173364,1789558481.2173364,m2b_algorithm_state_v1:header6+3x20,"[1.0,-0.15,0.52,0.26466810769441945,0.10319640926150286,1789558481.217181,0.26352437029848114,0.10261102278735429,0.0036904376666666654,0.0018473646076082994,-0.0003203340011768363,0.0009655676784620644,0.0009860853749999966,0.26223676168700255,0.1050233736558699,-0.0012876086114785856,0.002412350868515614,0.0024034225153949334,0.9926662827199616,2.2978483820416706e-07,0.0007939117510467014,-0.0020880285702404473,-0.0020880285702404473,0.15216584410256165,1.003714849579502,2.2809966116553832e-07,0.26377807543268933,0.10385462999567277,0.006394789958333334,0.0013351029262410356,0.00040076359056523403,0.0019849045409197907,0.005408704583333337,0.2639211567267981,0.10070546019145353,0.00014308129410878223,-0.00314916980421924,-0.003164777882774098,1.0100318785332305,2.825012303746336e-07,-0.00298592626513812,0.013220963917111094,0.013220963917111094,0.15607636258192698,0.9950681914709361,2.8533524840324005e-07,0.2636310169763323,0.10311333266307146,0.0036904376666666654,-0.00021848928730175627,1.9726735480110646e-05,0.0016842167989688734,-0.0003055678083333374,0.26394369878247315,0.10568244945882611,0.0003126818061408576,0.002569116795754653,0.00255907272302263,0.9922582613357034,-3.075096082492515e-08,0.002949924980698702,-0.011946855458958173,-0.011946855458958173,0.1613259435695902,1.0039248875741833,-3.0512894922542556e-08]"
/multi_agv/m2b_algorithm_state,1789558481.2272925,1789558481.2272925,m2b_algorithm_state_v1:header6+3x20,"[1.0,-0.15,0.52,0.2657015593924652,0.10319958541664259,1789558481.2272077,0.26454338430592034,0.10261409159269974,0.0036904376666666654,0.00182915098031478,-0.0003090917287077555,0.0009676150806651068,0.0009860853749999966,0.26325580615726946,0.10637482466837501,-0.0012875781486508808,0.003760733075675274,0.003739258803561178,0.9887449568048851,5.523773498028651e-07,0.002129786117747577,-0.007539697533426222,-0.007539697533426222,0.15207407979116286,1.0057429221250063,5.461603188708308e-07,0.2648074497012268,0.1038586621272353,0.006394789958333334,0.0013101117789552164,0.0004180260204220687,0.001986758597197269,0.005408704583333337,0.26495284648946993,0.10287251000613412,0.00014539678824310176,-0.0009861521211011748,-0.0009876574128106642,1.0030644228144459,2.714550453073716e-08,-0.000805911427506787,0.0046037627994059875,0.0046037627994059875,0.15593801105806712,0.9984758969153023,2.7228689834130794e-08,0.26465348907611125,0.10311647406457358,0.0036904376666666654,-0.0002380207143568157,3.367865544969266e-05,0.0016854260568101844,-0.0003055678083333374,0.2649474426676276,0.10615979056444627,0.00029395359151634937,0.003043316499872689,0.0030292744466813206,0.9908801286637752,-4.69905723054804e-08,0.0033967164360767573,-0.013802108914542458,-0.013802108914542458,0.16133367668016588,1.0046354509763062,-4.6562024332038846e-08]"
/multi_agv/m2b_algorithm_state,1789558481.237291,1789558481.237291,m2b_algorithm_state_v1:header6+3x20,"[1.0,-0.15,0.52,0.26673031381845375,0.10320257062108572,1789558481.237119,0.2655721884471381,0.1026168610613125,0.0036904376666666654,0.0018119647154826906,-0.0002978475179401641,0.0009692161216544475,0.0009860853749999966,0.264286582863605,0.10559754200371485,-0.0012856055835330782,0.00298068094240235,0.0029671105676348486,0.9909986712361775,3.4393258928285205e-07,0.001360103588218501,-0.004419114733222035,-0.004419114733222035,0.15198375998891955,1.0045735992839386,3.4083673897412436e-07,0.2658467133127601,0.10386239349564169,0.006394789958333334,0.0012853472463543545,0.00043546176088482547,0.001988424236997313,0.005408704583333337,0.2659744638191974,0.10287251000613412,0.00012775050643731856,-0.0009898834895075703,-0.0009914001594469415,1.0030759917035978,2.6833927657994672e-08,-0.0008317120264002933,0.004671910653062874,0.004671910653062874,0.15579660350766059,0.9984701737992283,2.6916468596845608e-08,0.2656857764174973,0.10311950169297357,0.0036904376666666654,-0.0002582047034741784,4.767168233803525e-05,0.0016868968030935502,-0.0003055678083333374,0.2659514439104875,0.10561584429642791,0.00026566749299017367,0.0024963426034543407,0.0024868549971516604,0.9924718482124826,-3.4311897252069633e-08,0.0028189393633893775,-0.011481856549893516,-0.011481856549893516,0.1613408907941312,1.0038151023334883,-3.405359208143835e-08]"
/multi_agv/m2b_algorithm_state,1789558481.2470806,1789558481.2470806,m2b_algorithm_state_v1:header6+3x20,"[1.0,-0.15,0.52,0.2677561341817882,0.10320536348738037,1789558481.246922,0.2665963478033696,0.10261951528156345,0.0036904376666666654,0.0017945942816326565,-0.000286618051033738,0.0009709046618951106,0.0009860853749999966,0.26524611177713425,0.10412044592019845,-0.0013502360262353519,0.0015009306386350035,0.0014974505206895718,0.9953893629043841,8.646648677186254e-08,-0.0001903445121046181,0.0017951689870381773,0.0017951689870381773,0.15188914729180394,1.0023240286722992,8.606782118042461e-08,0.26688121927853264,0.10386590430563791,0.006394789958333334,0.0012610049186592576,0.00045271638023680616,0.001990001053656598,0.005408704583333337,0.2671746267211637,0.10323962736286091,0.0002934074426310662,-0.0006262769427770043,-0.0006268823130609902,1.0019378893757636,1.0534964994447348e-08,-0.0002601230097721574,0.0024637239784073366,0.0024637239784073366,0.15566159619289754,0.9990343158973014,1.0555380591184129e-08,0.2667133743734589,0.10312229227605578,0.0036904376666666654,-0.0002776474247634217,6.15621636861492e-05,0.0016880995454479865,-0.0003055678083333374,0.2668926013562615,0.10507638920726844,0.00017922698280264937,0.001954096931212665,0.0019482593107908006,0.9940701454662119,-2.261647737415253e-08,0.0021722930392941123,-0.008925094070478277,-0.008925094070478277,0.16135559038365693,1.0029963262023345,-2.2482364953257095e-08]"
/multi_agv/m2b_algorithm_state,1789558481.2570283,1789558481.2570283,m2b_algorithm_state_v1:header6+3x20,"[1.0,-0.15,0.52,0.26878702825028333,0.10320793816822303,1789558481.2569263,0.2676176139949519,0.10262203188485837,0.0036904376666666654,0.00177721535870845,-0.0002754029939242786,0.0009726043728241671,0.0009860853749999966,0.2661911989557781,0.1037236782984816,-0.0014264150391737895,0.0011016464136232307,0.001099765931814724,0.9966004366784663,4.614283751344371e-08,-0.0006832528671525129,0.0037144967069188926,0.0037144967069188926,0.15180089242749248,1.001709892763639,4.5985972015481516e-08,0.2679127455814527,0.10386919021476522,0.006394789958333334,0.0012370520601168652,0.0004698341989937127,0.0019914801821545175,0.005408704583333337,0.26820129835745504,0.10323962736286091,0.00028855277600231544,-0.0006295628519043112,-0.0006301745789479136,1.0019480422945983,1.044345628293157e-08,-0.00026948360894501935,0.0024743920249802685,0.0024743920249802685,0.15552125303151526,0.9990292736901196,1.0463800577472508e-08,0.26773804296895987,0.10312486836251755,0.0036904376666666654,-0.0002965467568517657,7.536605147765449e-05,0.0016891117655160838,-0.0003055678083333374,0.26785325557534145,0.10382823148174807,0.00011521260638158726,0.0007033631192305129,0.0007025995310606841,0.9978346079228669,-3.1323800381399695e-09,0.0008466152890376681,-0.0036264880235164993,-0.0036264880235164993,0.16136524686832193,1.0010868042691063,-3.1255972072228112e-09]"
/multi_agv/m2b_algorithm_state,1789558481.2670147,1789558481.2670147,m2b_algorithm_state_v1:header6+3x20,"[1.0,-0.15,0.52,0.2698146078430616,0.10321032818670668,1789558481.2668965,0.2686439434825371,0.10262431153106413,0.0036904376666666654,0.0017604819150797914,-0.00026419598168363483,0.0009740284567632423,0.0009860853749999966,0.26708665198632137,0.10476043956013427,-0.0015572914962157514,0.002136128029070136,0.0021291137165258484,0.9934864604369414,1.7172611438763727e-07,0.0001824993462561592,0.00014014590081453705,0.00014014590081453705,0.15170974372425408,1.0032944752973239,1.7060756954756309e-07,0.26894936397484165,0.10387220725666182,0.006394789958333334,0.0012133837059492792,0.00048700717367489155,0.001992807265316393,0.005408704583333337,0.2687437788326936,0.10239807435089568,-0.0002055851421480237,-0.0014741329057661456,-0.0014775085157788068,1.0046056983972615,5.619357852464249e-08,-0.0017344899434638364,0.007999700451380386,0.007999700451380386,0.15538359716631805,0.9977153363404596,5.6452389199189826e-08,0.2687677772934713,0.10312729571694312,0.0036904376666666654,-0.0003156533490253047,8.916185807353869e-05,0.0016902180249975182,-0.0003055678083333374,0.26860283640640786,0.10386135213252495,-0.00016494088706342502,0.0007340564155818297,0.0007332249541924812,0.9977409896034051,-3.6314267013617154e-09,0.0005270488453631999,-0.0025224618468724113,-0.0025224618468724113,0.1613798472693909,1.0011339785758713,-3.623223270688867e-09]"
/multi_agv/m2b_algorithm_state,1789558481.277402,1789558481.277402,m2b_algorithm_state_v1:header6+3x20,"[1.0,-0.15,0.52,0.2708435432804532,0.10321251846324096,1789558481.2772822,0.2696670017218092,0.10262646538292818,0.0036904376666666654,0.001743693226385301,-0.0002530069798568846,0.000975485852535984,0.0009860853749999966,0.26828403334051876,0.10542574356114372,-0.001382968381290428,0.002799278178215542,0.002787294223780141,0.991529835062108,2.919409719163145e-07,0.001058583747167106,-0.0033207817623847587,-0.0033207817623847587,0.15161492109982266,1.004299493872286,2.894681837320548e-07,0.2699826186592666,0.10387500938954697,0.006394789958333334,0.0011901018732127164,0.0005040324486150771,0.0019940436085208457,0.005408704583333337,0.26976175055000545,0.10239807435089568,-0.00022086810926114087,-0.0014769350386512892,-0.0014803234360515757,1.0046144239452757,5.532450778156745e-08,-0.0017564085726280018,0.00805502355899657,0.00805502355899657,0.15525135867490417,0.9977110425210018,5.557979851503531e-08,0.2697942031481089,0.10312950978764492,0.0036904376666666654,-0.0003341745787692513,0.00010286777109315697,0.0016911172838405307,-0.0003055678083333374,0.26972671394312275,0.10485356415583541,-6.748920498617084e-05,0.0017240543681904946,0.0017195027033330187,0.9947548025386846,-2.1192040647339618e-08,0.0016351411971003052,-0.006952908461855853,-0.006952908461855853,0.1614010553595596,1.002647082117785,-2.10808842095361e-08]"
/multi_agv/m2b_algorithm_state,1789558481.2872725,1789558481.2872725,m2b_algorithm_state_v1:header6+3x20,"[1.0,-0.15,0.52,0.2718769983058793,0.10321449727629976,1789558481.2871656,0.27069142921827744,0.1026284338765851,0.0036904376666666654,0.0017272449247058307,-0.00024183287250085784,0.0009768034379236588,0.0009860853749999966,0.2693165354123261,0.10438475936914926,-0.0013748938059513494,0.0017563254925641592,0.001751570170804234,0.9946213476242236,1.1392696230114777e-07,3.295291336504738e-05,0.0008148231258920383,0.0008148231258920383,0.15152816843141256,1.0027148908100791,1.1331418877470172e-07,0.2710172173102157,0.10387757103002189,0.006394789958333334,0.0011671447691357466,0.0005210220892876705,0.0019951577003427673,0.005408704583333337,0.27094918364865345,0.10390474864772273,-6.803366156227231e-05,2.7177617700838153e-05,2.717648358510703e-05,0.9999165491927466,1.8353391687066385e-11,-5.7865593367733355e-05,0.0013603557347399422,0.0013603557347399422,0.15511103220098968,1.0000417315112742,1.8351860081714262e-11,0.27082198331286633,0.10313155048311591,0.0036904376666666654,-0.00035255854239947147,0.00011652846162506789,0.0016919805523440074,-0.0003055678083333374,0.2707534429269101,0.10325932565205548,-6.854038595621725e-05,0.0001277751689395673,0.00012774986028196402,0.9996040502931931,-1.2294400746817987e-10,4.207437783669245e-05,-0.0005595098974945605,-0.0005595098974945605,0.16141476582458564,1.000198111039397,-1.2289532782446917e-10]"
/multi_agv/m2b_algorithm_state,1789558481.2973082,1789558481.2973082,m2b_algorithm_state_v1:header6+3x20,"[1.0,-0.15,0.52,0.27290413848967193,0.10321631446109449,1789558481.2971578,0.27172036970832847,0.10263017827125222,0.0036904376666666654,0.0017113838869461046,-0.0002306727598172965,0.0009778737268160884,0.0009860853749999966,0.2699523316827863,0.10261485058069789,-0.0017680380255421513,-1.5327690554331475e-05,-1.532805766423835e-05,1.0000479043309205,8.608066705128736e-12,-0.0022253755895919273,0.009617943285164441,0.009617943285164441,0.15143735977663703,0.99997604980912,8.608479068804765e-12,0.27205634826260294,0.10387987293286245,0.006394789958333334,0.0011444759277162994,0.0005380498701709202,0.0019961269696881084,0.005408704583333337,0.27198166113396893,0.10390474864772273,-7.468712863401006e-05,2.4875714860275733e-05,2.4874764737822824e-05,0.9999236177560671,1.507727598903155e-11,-6.848414605468975e-05,0.0013764203685534934,0.0013764203685534934,0.15497477619873146,1.0000381962387555,1.507612435285911e-11,0.2718542769467065,0.10313344062478458,0.0036904376666666654,-0.00037108704705377275,0.0001301747101054351,0.0016929139808579867,-0.0003055678083333374,0.2715116430230845,0.10078640233667913,-0.0003426339236219933,-0.002347038288105452,-0.002355740281502204,1.007481634620109,-4.373331112126347e-08,-0.002784032686029696,0.010479036351399386,0.010479036351399386,0.16143484151571563,0.9963060472051685,-4.4060507775800314e-08]"
/multi_agv/m2b_algorithm_state,1789558481.307127,1789558481.307127,m2b_algorithm_state_v1:header6+3x20,"[1.0,-0.15,0.52,0.27392899104119,0.10321795635944003,1789558481.306968,0.27274305737176496,0.10263184641096995,0.0036904376666666654,0.0016952071821320796,-0.0002195376170865738,0.0009790938375772817,0.0009860853749999966,0.2709242648736353,0.10194396912662913,-0.0018187924981296621,-0.0006878772843408182,-0.0006886204446016145,1.0021663994962768,1.7180917358486376e-08,-0.002962111067263692,0.012494276560355067,0.012494276560355067,0.15134075459834917,0.9989207984360293,1.7218138089197374e-08,0.2730890907852944,0.1038819926764388,0.006394789958333334,0.0011222140543344751,0.0005548568868674053,0.0019970346460329302,0.005408704583333337,0.27282836747376504,0.10223299443585085,-0.0002607233115293761,-0.001648998240587951,-0.001653227298098967,1.0051616929149625,6.503722256437496e-08,-0.001979131437510687,0.008846195480296875,0.008846195480296875,0.15484685253162372,0.9974419382526051,6.537292473529433e-08,0.27288026731195647,0.10313510429587472,0.0036904376666666654,-0.00038875426242578016,0.00014370237652719397,0.0016935357196782965,-0.0003055678083333374,0.2725098067228649,0.10159720130728486,-0.0003704605890915702,-0.0015379029885898565,-0.0015416161639808152,1.004857232581487,-1.9660627657480556e-08,-0.002004691900345278,0.0073783884252744,0.0073783884252744,0.16146423657813413,0.9975913748975163,-1.9756123898710958e-08]"
/multi_agv/m2b_algorithm_state,1789558481.3170319,1789558481.3170319,m2b_algorithm_state_v1:header6+3x20,"[1.0,-0.15,0.52,0.27495527288853244,0.10321940862529481,1789558481.316885,0.2737634937455272,0.10263338307163512,0.0036904376666666654,0.0016790842109215016,-0.00020842488094386942,0.0009803023064156413,0.0009860853749999966,0.2721499836572534,0.10401915464233275,-0.0016135100882738174,0.001385771570697622,0.0013828029419606133,0.995738282205679,6.896440413713476e-08,-0.0006340846683816584,0.003314477503478146,0.003314477503478146,0.1512575334521833,1.0021468198012362,6.867049730884879e-08,0.27411950471408464,0.10388390744407364,0.006394789958333334,0.0011003050700331253,0.000571541018683841,0.001997853253900825,0.005408704583333337,0.2745667343988256,0.10364858062555697,0.00044722968474097957,-0.00023532681851666515,-0.00023541201406265943,1.00072471715306,1.2974486977454046e-09,0.00032362509186356506,5.8180705132378826e-05,5.8180705132378826e-05,0.1547060814755382,0.9996381002629221,1.298388981071876e-09,0.2739039746639582,0.10313657856261133,0.0036904376666666654,-0.0004059684507987768,0.00015714831613144738,0.0016940035770160082,-0.0003055678083333374,0.27371109059735776,0.10368843429589866,-0.00019288406660045165,0.0005518557332873375,0.0005513852051919824,0.9982983504836073,-2.6399081888468278e-09,0.0003102801219414178,-0.001758308360430364,-0.001758308360430364,0.1614801062608835,1.000853356402973,-2.6354159903539552e-09]"
/multi_agv/m2b_algorithm_state,1789558481.3270094,1789558481.3270094,m2b_algorithm_state_v1:header6+3x20,"[1.0,-0.15,0.52,0.27598503559219006,0.10322066290576992,1789558481.3268497,0.27478537237678985,0.10263473959949136,0.0036904376666666654,0.001663326379324964,-0.00019733244532349486,0.000981363047218616,0.0009860853749999966,0.2736811621826539,0.10434325316455956,-0.001104210194135924,0.0017085135650681954,0.0017040123678404467,0.9947653407775383,1.0381967826952873e-07,0.00032374962517054177,-0.0002657011272448797,-0.0002657011272448797,0.15116802699825144,1.0026415284963297,1.0327621763320214e-07,0.2751513362306014,0.10388559405121368,0.006394789958333334,0.0010787048238522041,0.000588190026206914,0.001998556277756622,0.005408704583333337,0.27571558969107207,0.10373983640940801,0.0005642534604706761,-0.0001457576418056744,-0.00014579030263237256,1.0004484039127368,4.879438569912538e-10,0.0005595265229559727,-0.0008410627718733943,-0.0008410627718733943,0.15457243216469455,0.9997759739426533,4.881626529259246e-10,0.274929110058206,0.10313789222517938,0.0036904376666666654,-0.00042307759030094485,0.00017054747551173714,0.0016944502208827142,-0.0003055678083333374,0.2750103508050737,0.10193732859839219,8.124074686766125e-05,-0.0012005636267871933,-0.0012028205789955824,1.0037770655940028,-1.303623952276299e-08,-0.0011012696454110059,0.004008305620379566,0.004008305620379566,0.16150519173143912,0.998123616898645,-1.3085478254539597e-08]"
/multi_agv/m2b_algorithm_state,1789558481.337384,1789558481.337384,m2b_algorithm_state_v1:header6+3x20,"[1.0,-0.15,0.52,0.2770113626145225,0.10322175643478249,1789558481.337251,0.27581073204928197,0.10263589095957174,0.0036904376666666654,0.0016480892301110558,-0.00018626036282221042,0.0009822086614481554,0.0009860853749999966,0.2746244244197223,0.10310436601488562,-0.0011863076295596797,0.00046847505531388833,0.0004681334087181082,0.9985440625890926,7.741067821341605e-09,-0.0010147511282314913,0.005045172628665598,0.005045172628665598,0.15107130029438767,1.0007298060540386,7.729797311100142e-09,0.27618665247906143,0.10388703909581119,0.006394789958333334,0.0010573921540543672,0.0006048506606141091,0.0019991285701237704,0.005408704583333337,0.27675130446136104,0.10373983640940801,0.0005646519822996021,-0.00014720268640318335,-0.0001472359977439557,1.0004528478881816,4.878314149694434e-10,0.0005585789801305469,-0.0008583538626858861,-0.0008583538626858861,0.1544464216557826,0.9997737554587005,4.880523283955009e-10,0.2759577222482268,0.10313905866192688,0.0036904376666666654,-0.00044025798905380055,0.00018391950460886213,0.0016949418582522715,-0.0003055678083333374,0.2758917177065123,0.10052212855204082,-6.600454171451497e-05,-0.002616930109886062,-0.002627769945523185,1.0083669855502104,-6.451367272122766e-08,-0.002710275622666329,0.010260427449483321,0.010260427449483321,0.16154048262986245,0.9958748916907317,-6.505345768867718e-08]"
/multi_agv/m2b_algorithm_state,1789558481.3473067,1789558481.3473067,m2b_algorithm_state_v1:header6+3x20,"[1.0,-0.15,0.52,0.2780425042371033,0.1032226487361651,1789558481.347247,0.27683269938633914,0.10263693660107479,0.0036904376666666654,0.0016327874941275385,-0.0001752158805795046,0.000983096625955675,0.0009860853749999966,0.2755390976995802,0.10183544077585144,-0.0012936016867589606,-0.0008014958252233473,-0.0008025055637711898,1.0025273301487998,2.2467630870598116e-08,-0.0024195076722198904,0.010557698687841507,0.010557698687841507,0.15098922982565388,0.9987417675422741,2.2524413991469485e-08,0.277218482366887,0.10388829847217795,0.006394789958333334,0.001036434331046449,0.0006213592570933346,0.0019996261121864173,0.005408704583333337,0.2777900668294877,0.10375796112425767,0.0005715844626006938,-0.00013033734792028406,-0.0001303634595778587,1.0004008790555246,3.7486453141898285e-10,0.0005841171186730086,-0.0009776290144685455,-0.0009776290144685455,0.15430653083562837,0.999799701099839,3.7501480675828776e-10,0.27698290609034154,0.1031400342310947,0.0036904376666666654,-0.0004568726966200404,0.00019719954531869093,0.0016952361131442406,-0.0003055678083333374,0.27691608325886485,0.10132729219945377,-6.682283147668722e-05,-0.001812742031640932,-0.0018179114470804152,1.005742871231215,-3.210703533817486e-08,-0.0019014399864262742,0.0070615028483855,0.0070615028483855,0.16156069978857104,0.9971563986530888,-3.229142190773807e-08]"
/multi_agv/m2b_algorithm_state,1789558481.3572898,1789558481.3572898,m2b_algorithm_state_v1:header6+3x20,"[1.0,-0.15,0.52,0.2790699913676519,0.10322338760174445,1789558481.357179,0.27785947336060773,0.1026377617384866,0.0036904376666666654,0.001618115310071311,-0.00016419361319048881,0.0009837232387429388,0.0009860853749999966,0.2764081381496966,0.10353569036353884,-0.00145133521091112,0.0008979286250522384,0.0008966776431682885,0.9972231936881685,2.7912908586450325e-08,-0.0009174913704706114,0.004480085110165325,0.004480085110165325,0.15090001049554846,1.0013951300040556,2.7835399845705894e-08,0.27825514059580736,0.10388931026506279,0.006394789958333334,0.0010157477980334683,0.0006379090761120532,0.0019999845866930516,0.005408704583333337,0.2788272971914332,0.10375796112425767,0.0005721565956258168,-0.0001313491408051204,-0.00013137565927418378,1.000403990086359,3.7310709867711163e-10,0.0005838200852580871,-0.0009967994390898283,-0.0009967994390898283,0.1541739308496633,0.9997981477755477,3.7325783024612735e-10,0.27801289875489493,0.10314087420494593,0.0036904376666666654,-0.00047368048879147277,0.00021046404013929385,0.0016956221462654528,-0.0003055678083333374,0.27797959823109547,0.10188165039874209,-3.3300523799462134e-05,-0.0012592238062038436,-0.0012617077098612682,1.0039641112643343,-1.6057000009977753e-08,-0.0013033333646105959,0.0046972688892118995,0.0046972688892118995,0.16159093238280614,0.9980313160980067,-1.612065174458872e-08]"
/multi_agv/m2b_algorithm_state,1789558481.3674173,1789558481.3674173,m2b_algorithm_state_v1:header6+3x20,"[1.0,-0.15,0.52,0.28009609826914,0.10322396392740989,1789558481.3673615,0.278882637444069,0.10263849069291313,0.0036904376666666654,0.0016033471592304342,-0.00015320151943245543,0.000984407143399456,0.0009860853749999966,0.27758090591497586,0.10491967366993954,-0.0013017315290931308,0.002281182977026411,0.002273194157149457,0.9930571690471733,1.783298555902267e-07,0.0006460297457830436,-0.0017418090278753743,-0.0017418090278753743,0.15080435277333598,1.0035143587941346,1.7709174154902176e-07,0.27928809156273626,0.1038901455345057,0.006394789958333334,0.0009954109813743737,0.0006543005852528982,0.002000273798283797,0.005408704583333337,0.27967843928421776,0.10415889651396848,0.00039034772148149877,0.00026875097946277293,0.0002686403041133482,0.9991772251915629,1.5302952038987912e-09,0.0007565749559652217,-0.0018139303944750646,-0.0018139303944750646,0.15404971355968664,1.0004119834132483,1.5290361155555511e-09,0.27903924509615063,0.10314152657781449,0.0036904376666666654,-0.0004899002591156796,0.00022363479751783552,0.0016958020268092828,-0.0003055678083333374,0.27886219122731504,0.10194525097322121,-0.00017705386883559715,-0.0011962756045932749,-0.0011985162783767881,1.0037632036041695,-1.4987313264381036e-08,-0.0014198336144212846,0.005065817293276927,0.005065817293276927,0.16163100237408465,0.9981304602833198,-1.5043713575674372e-08]"
/multi_agv/m2b_algorithm_state,1789558481.3774111,1789558481.3774111,m2b_algorithm_state_v1:header6+3x20,"[1.0,-0.15,0.52,0.2811210850701646,0.10322437922525891,1789558481.377208,0.27990445170679557,0.10263909106760363,0.0036904376666666654,0.0015886939479117027,-0.00014223874372325544,0.000985056469654438,0.0009860853749999966,0.278716708266458,0.10538276103291433,-0.001187743440337563,0.0027436699653106966,0.0027321545068292163,0.9916942090101106,2.555231412848506e-07,0.0012474752064072624,-0.004126422762100486,-0.004126422762100486,0.150722825941366,1.0042147903614882,2.534008194802586e-07,0.2803196275954124,0.10389078973967453,0.006394789958333334,0.0009753964695218926,0.0006705879788173053,0.002000477436793921,0.005408704583333337,0.28077088647397763,0.10507199187664625,0.0004512588785652305,0.001181202136971718,0.0011790791898178077,0.9964218359427714,2.8948425702329804e-08,0.0017431527880243458,-0.00577101636145493,-0.00577101636145493,0.15391176884194124,1.001800512783402,2.8844843485968376e-08,0.28006421550521193,0.1031420109749515,0.0036904376666666654,-0.0005057601575063435,0.00023673173686060422,0.0016958642948737392,-0.0003055678083333374,0.2798488763835101,0.10133247892382999,-0.00021533912170185188,-0.0018095320511215124,-0.001814682909497073,1.0057323375001177,-3.541648020977081e-08,-0.0020838568116243877,0.007654745878823551,0.007654745878823551,0.16165631172912306,0.9971615656109374,-3.561949942739946e-08]"
/multi_agv/m2b_algorithm_state,1789558481.3872743,1789558481.3872743,m2b_algorithm_state_v1:header6+3x20,"[1.0,-0.15,0.52,0.28214760015735707,0.10322462048571394,1789558481.3871572,0.28092517459553923,0.10263956062944979,0.0036904376666666654,0.001574184259113418,-0.00013130613187014597,0.0009856592671799547,0.0009860853749999966,0.2797173863936569,0.1047720925218263,-0.0012077882018823316,0.002132531892376513,0.00212554245696275,0.993498531564733,1.530270632412638e-07,0.0006158072046098355,-0.0015939401320566662,-0.0015939401320566662,0.15063483180329823,1.0032883066583156,1.5203216261985913e-07,0.28135001092123785,0.10389124429108948,0.006394789958333334,0.0009556974099540153,0.0006867775532198861,0.0020005951974917113,0.005408704583333337,0.28194733671785854,0.10616506697541417,0.0005973257966206957,0.002273822684324689,0.0022660219902818583,0.993199069817929,1.0502391100900574e-07,0.003012679236057728,-0.010851233333746005,-0.010851233333746005,0.15378168778061696,1.0034424617573374,1.0430965072278546e-07,0.2810880696937166,0.10314233275523746,0.0036904376666666654,-0.0005212935982756716,0.0002497567418766225,0.001695822455682461,-0.0003055678083333374,0.2807373254933497,0.10018561570225067,-0.0003507442003669037,-0.002956717052986793,-0.00297058980624317,1.0094895283419283,-9.753250608657262e-08,-0.0034090200567017995,0.012772461083387476,0.012772461083387476,0.16169126854084817,0.9953299667200025,-9.845804356734044e-08]"
/multi_agv/m2b_algorithm_state,1789558481.3971806,1789558481.3971806,m2b_algorithm_state_v1:header6+3x20,"[1.0,-0.15,0.52,0.28317455931983315,0.10322469632008942,1789558481.3970785,0.2819474382553456,0.10263986278228573,0.0036904376666666654,0.0015600399041301653,-0.00012040292728290349,0.0009861189899154346,0.0009860853749999966,0.2801092441877054,0.10440326282295122,-0.0018381940676401864,0.0017634000406654832,0.0017586073480856564,0.9946009771075623,1.0372308772951826e-07,-0.0005391352364645767,0.0026875999691907742,0.0026875999691907742,0.1505396511081964,1.0027252772399955,1.0316308440439228e-07,0.2823819102285058,0.10389148930299874,0.006394789958333334,0.0009362882989398776,0.0007029302134461957,0.002000606451854403,0.005408704583333337,0.2830081624850423,0.10616506697541417,0.0006262522565365081,0.0022735776724154277,0.0022657786713301776,0.9931998066275636,1.0286873107006063e-07,0.0030485939920008127,-0.010998989505375648,-0.010998989505375648,0.153659629306465,1.0034420842529477,1.0216920380680706e-07,0.2821134519882198,0.10314250937185734,0.0036904376666666654,-0.0005367412890600162,0.00026273369329649077,0.0016957684322231612,-0.0003055678083333374,0.2814109501452512,0.10030845589897036,-0.0007025018429686058,-0.0028340534728869826,-0.002846787109739126,1.0090831526548147,-9.225598034326404e-08,-0.0037249144134498834,0.013818402879686921,0.013818402879686921,0.16173659368910884,0.9955270147147357,-9.30939554960415e-08]"
/multi_agv/m2b_algorithm_state,1789558481.4072452,1789558481.4072452,m2b_algorithm_state_v1:header6+3x20,"[1.0,-0.15,0.52,0.2842019976138411,0.10322460880844665,1789558481.4071383,0.2829701651255835,0.10264001645585735,0.0036904376666666654,0.0015461594592300486,-0.00010953126155252015,0.0009864807126865683,0.0009860853749999966,0.2811807281059449,0.10518387924318676,-0.0017894370196385734,0.002543862787329404,0.0025339484117370007,0.9922813437803504,2.1381128101623613e-07,0.00029715213718878395,-0.0006717302860726171,-0.0006717302860726171,0.15045907499154906,1.0039126193518704,2.121609452421889e-07,0.28341423261442306,0.10389153680092623,0.006394789958333334,0.0009171768018164436,0.0007190198837697115,0.0020005214425103945,0.005408704583333337,0.28345987292492436,0.10472657505236221,4.564031050130479e-05,0.0008350382514359794,0.0008339744535166687,0.9974603041099745,1.3607090242273487e-08,0.0008910248416432997,-0.0026316644051503405,-0.0026316644051503405,0.15352300529510318,1.001275576146038,1.357253237110998e-08,0.2831392802194929,0.10314253570348472,0.0036904376666666654,-0.0005519999661248031,0.0002756528878080284,0.0016956625079254505,-0.0003055678083333374,0.2825552946797262,0.1009767597852729,-0.0005839855397667404,-0.002165775918211821,-0.00217317454793773,1.006888737832178,-5.538521037717141e-08,-0.0029031564726461553,0.010643828218667684,0.010643828218667684,0.16176632301307164,0.9965954737814638,-5.5766744571239764e-08]"
/multi_agv/m2b_algorithm_state,1789558481.4172084,1789558481.4172084,m2b_algorithm_state_v1:header6+3x20,"[1.0,-0.15,0.52,0.2852285247441535,0.10322436926878868,1789558481.4171045,0.2839933900648912,0.10264002356386254,0.0036904376666666654,0.0015325410575694454,-9.869229820912433e-05,0.0009867458500429959,0.0009860853749999966,0.282373680097068,0.10647429544940078,-0.0016197099678232352,0.00383427188553824,0.003811970243141318,0.988538850804055,4.809991304410765e-07,0.001787332783362274,-0.006640425066067001,-0.006640425066067001,0.15037159284255672,1.0058504240522466,4.7548632764397146e-07,0.28444701317715027,0.10389138919795082,0.006394789958333334,0.0008983604635150501,0.0007350466899275765,0.002000341168512512,0.005408704583333337,0.28447460402939034,0.10515267941126522,2.7590852240078068e-05,0.0012612902133143922,0.0012588711423170604,0.9961828116568812,3.039836904067114e-08,0.001293359707617158,-0.004282441750579875,-0.004282441750579875,0.1533943532281567,1.0019216192317182,3.028233274071927e-08,0.28416558959948174,0.1031424136635266,0.0036904376666666654,-0.0005670715960798818,0.000288514534607254,0.001695505426599307,-0.0003055678083333374,0.2835295004411466,0.09984832167435782,-0.0006360891583351291,-0.0032940919891687737,-0.0033113555138674917,1.0106128832440235,-1.3171905248392646e-07,-0.004106466961786404,0.015307755912562605,0.015307755912562605,0.16180614166939428,0.9947865686343793,-1.3311697140895178e-07]"
/multi_agv/m2b_algorithm_state,1789558481.4272397,1789558481.4272397,m2b_algorithm_state_v1:header6+3x20,"[1.0,-0.15,0.52,0.28625528883285206,0.10322397280258694,1789558481.4271302,0.2850157312077891,0.10263990727523163,0.0036904376666666654,0.0015190645132722408,-8.788793112405322e-05,0.0009869674863673093,0.0009860853749999966,0.2836670249855587,0.10683373924251034,-0.0013487062222304336,0.0041938319672787105,0.004167225239425362,0.9875164403070119,5.702228318194953e-07,0.0024813424616373196,-0.009325542229269516,-0.009325542229269516,0.1502773112534087,1.0063847587602484,5.631044210601718e-07,0.2854788508501381,0.1038910622968686,0.006394789958333334,0.0008798470270930531,0.0007509783179537322,0.0020000790842397698,0.005408704583333337,0.2862585906110367,0.10671716251524409,0.0007797397608986234,0.0028261002183754824,0.002814101392519508,0.9916015484271976,1.4930062054573586e-07,0.0037887760936427873,-0.013979924049903496,-0.013979924049903496,0.15327383574484615,1.004263821441498,1.4804672651429314e-07,0.2851909921745333,0.10314213823426581,0.0036904376666666654,-0.0005818334967069645,0.00030130604117748773,0.0016952505568973196,-0.0003055678083333374,0.2846332065774692,0.09885611303643937,-0.0005577855970640977,-0.004286025197826435,-0.004315472426414613,1.0139647307728539,-2.2893530004630478e-07,-0.005012704422744735,0.01884357614876224,0.01884357614876224,0.16185605544315768,0.9931763603892046,-2.3213231987585395e-07]"
/multi_agv/m2b_algorithm_state,1789558481.437742,1789558481.437742,m2b_algorithm_state_v1:header6+3x20,"[1.0,-0.15,0.52,0.28728240302820685,0.10322342096216253,1789558481.4374907,0.28603832971526766,0.1026396519415051,0.0036904376666666654,0.0015058294315030652,-7.711843965586558e-05,0.0009871025893801086,0.0009860853749999966,0.28459372567970564,0.10541390757001692,-0.0014446040355620138,0.002774255628511829,0.0027624848527090197,0.9916046583633034,2.476190156221312e-07,0.0009567298082565024,-0.0031818377814114163,-0.0031818377814114163,0.15019729003701454,1.004260937681257,2.455401693902409e-07,0.2865109024630282,0.10389054836914786,0.006394789958333334,0.0008616247287020953,0.0007668408905283641,0.0019997266996827773,0.005408704583333337,0.2873252291839624,0.10671716251524409,0.0008143267209342331,0.0028266141460962235,0.0028146109171566865,0.9916000107502847,1.4626194904535493e-07,0.003832519318324478,-0.014155156422915816,-0.014155156422915816,0.1531392135334149,1.004264613935223,1.4503335024573154e-07,0.28621663432026034,0.10314171809710786,0.0036904376666666654,-0.0005963932261424721,0.00031403722933577853,0.0016949394155623054,-0.0003055678083333374,0.2857032447654676,0.09974557486980846,-0.0005133895547927425,-0.003396143227299392,-0.0034145074001857637,1.0109544469811818,-1.4725598063571372e-07,-0.004056244343676692,0.015141831476711292,0.015141831476711292,0.16189065216564869,0.9946217211638281,-1.488690884682496e-07]"
/multi_agv/m2b_algorithm_state,1789558481.4473152,1789558481.4473152,m2b_algorithm_state_v1:header6+3x20,"[1.0,-0.15,0.52,0.28831213387472215,0.10322270021398544,1789558481.4472258,0.2870612980665106,0.10263925812543795,0.0036904376666666654,0.0014928416896162412,-6.638481898271233e-05,0.0009871491290482943,0.0009860853749999966,0.2855649185766336,0.10478545029610749,-0.00149637948987702,0.002146192170669539,0.0021391136163849975,0.9934578902214435,1.4698357749447035e-07,0.00026863925403872255,-0.0004401169533292308,-0.0004401169533292308,0.1501105617380979,1.0033091062720192,1.4602199479485655e-07,0.2875432818377779,0.1038898490666912,0.006394789958333334,0.0008436904542430445,0.0007826364287131238,0.0019992843135860083,0.005408704583333337,0.28830488287961253,0.10511466794862688,0.0007616010418346475,0.0012248188819356798,0.0012225369960254056,0.9962915391890599,2.6922205728973882e-08,0.002174538298318715,-0.007461161090429745,-0.007461161090429745,0.15301237306309848,1.0018665168560892,2.6822365784083914e-08,0.28724262918033205,0.10314115569435844,0.0036904376666666654,-0.0006107607661969649,0.00032670895576741854,0.0016945758841366253,-0.0003055678083333374,0.2868120481459259,0.09977360790268447,-0.00043058103440613005,-0.003367547791673975,-0.0033856002246611563,1.0108587712160055,-1.4827238715281488e-07,-0.003923826517668819,0.014651898181623064,0.014651898181623064,0.1619351338291318,0.9946678781340793,-1.498824430825583e-07]"
/multi_agv/m2b_algorithm_state,1789558481.4572546,1789558481.4572546,m2b_algorithm_state_v1:header6+3x20,"[1.0,-0.15,0.52,0.28933522621593516,0.10322187775331466,1789558481.4571106,0.2880868892503035,0.10263869329911016,0.0036904376666666654,0.0014802874477750651,-5.568719440073315e-05,0.000987026472327381,0.0009860853749999966,0.28664045094602236,0.10535804340011826,-0.0014464383042811502,0.0027193501010081,0.0027080357089399394,0.9917654671426506,2.338897605256394e-07,0.0008999878285885017,-0.002978331676140942,-0.002978331676140942,0.15001557282281913,1.0041780808247132,2.3196378760759346e-07,0.2885782723649569,0.10388894445452058,0.006394789958333334,0.0008260278548973361,0.0007984154707043056,0.0019987327216054313,0.005408704583333337,0.28935623453270126,0.10511466794862688,0.0007779621677443394,0.0012257234941062956,0.0012234382234543898,0.996288792327521,2.6397629735768403e-08,0.002195890933134814,-0.007555373328784954,-0.007555373328784954,0.15289443328152783,1.001867908495987,2.6299662649757758e-08,0.288271240008906,0.10314046288832558,0.0036904376666666654,-0.0006251328948791482,0.0003393409865602966,0.0016942349825889626,-0.0003055678083333374,0.2877530863680383,0.09864878416778115,-0.0005181536408677134,-0.004491678720544429,-0.0045240709270613,1.0146691723760708,-2.7017892550571823e-07,-0.005171762978145942,0.019432305493768922,0.019432305493768922,0.16199130414882576,0.992840031237549,-2.7414222673634323e-07]"
/multi_agv/m2b_algorithm_state,1789558481.4673362,1789558481.4673362,m2b_algorithm_state_v1:header6+3x20,"[1.0,-0.15,0.52,0.29036530146149464,0.10322085950842391,1789558481.4672024,0.28910590343830606,0.10263810397893817,0.0036904376666666654,0.001467371994007927,-4.503056060913848e-05,0.0009870817158623502,0.0009860853749999966,0.287576797321605,0.10613490468597651,-0.00152910611670104,0.003496800707038339,0.0034782033192846487,0.9895062193674644,3.831457064193026e-07,0.0015668206734083486,-0.005751233328908608,-0.005751233328908608,0.14993775552729566,1.0053468374463845,3.791250594258406e-07,0.2896065489854883,0.1038879300017994,0.006394789958333334,0.0008086929305861305,0.0008139683086594296,0.0019981567454541993,0.005408704583333337,0.2902418708845712,0.10533946921131132,0.0006353218990828857,0.0014515392095119234,0.00144833988030979,0.9956165254191681,3.623755243871261e-08,0.0022424922541633974,-0.007847289439298586,-0.007847289439298586,0.15276085587802943,1.00220896299662,3.607870604872595e-08,0.28929322622401116,0.10313959927920642,0.0036904376666666654,-0.0006386941134104182,0.00035185286763441976,0.0016936050491057888,-0.0003055678083333374,0.28841513402881086,0.09856243209593116,-0.0008780921952002974,-0.004577167183275263,-0.004610826375432685,1.014962979506694,-2.866633631779379e-07,-0.005708441619433057,0.021324320230076646,0.021324320230076646,0.1620288681081605,0.9926999653821786,-2.909527012064893e-07]"
/multi_agv/m2b_algorithm_state,1789558481.4773278,1789558481.4773278,m2b_algorithm_state_v1:header6+3x20,"[1.0,-0.15,0.52,0.2913877523416694,0.10321975332240091,1789558481.4771981,0.29013188081054525,0.10263727642796963,0.0036904376666666654,0.0014552811108901175,-3.4409679155844846e-05,0.0009867981118023444,0.0009860853749999966,0.28868515819686397,0.10621466131930188,-0.0014467226136812839,0.003577384891332247,0.0035579323051394963,0.989274313451961,3.9768131575686804e-07,0.0017495290380378915,-0.006458294400810463,-0.006458294400810463,0.1498515233313562,1.0054673851339586,3.9341591061804815e-07,0.29064183583181363,0.10388667104335461,0.006394789958333334,0.0007915967779322441,0.0008296031109569224,0.001997434604792084,0.005408704583333337,0.2912891436680916,0.10533946921131132,0.0006473078362779772,0.0014527981679567092,0.001449593261525372,0.9956127104577552,3.5533196930765146e-08,0.0022587280568728435,-0.00792291050185195,-0.00792291050185195,0.15263543961434609,1.0022109004756028,3.5377302507468275e-08,0.2903221877421251,0.10313863105394751,0.0036904376666666654,-0.0006526633166839039,0.00036436103789689884,0.0016931538964410735,-0.0003055678083333374,0.2894877442808996,0.09957944972931938,-0.0008344434612255203,-0.0035591813246281245,-0.0035793769111841173,1.0115020545765123,-1.7701402267827466e-07,-0.004622431237716018,0.017133338092197945,0.017133338092197945,0.16207805182893015,0.9943577926948989,-1.7905004762792817e-07]"
/multi_agv/m2b_algorithm_state,1789558481.488133,1789558481.488133,m2b_algorithm_state_v1:header6+3x20,"[1.0,-0.15,0.52,0.2924193918953391,0.10321843747892973,1789558481.4879675,0.2911503008938613,0.10263644596123289,0.0036904376666666654,0.0014427363647855703,-2.383144526157976e-05,0.0009867334331514844,0.0009860853749999966,0.28970304939878083,0.10517898086251397,-0.0014472514950804594,0.0025425349012810766,0.002532630283157095,0.9922848711756969,1.9930453614134318e-07,0.0007235659143065209,-0.002301411465303464,-0.002301411465303464,0.14976110319536085,1.0039108030058121,1.9776687596974472e-07,0.2916694155999345,0.1038853202676238,0.006394789958333334,0.0007748252000565788,0.0008449897747953017,0.001996700835668705,0.005408704583333337,0.2926369049715683,0.10531202744717921,0.0009674893716338229,0.0014267071795554115,0.0014236156728887036,0.9956901144054804,3.354314485771285e-08,0.002632977387430982,-0.009262128470350281,-0.009262128470350281,0.15251681490127406,1.0021715879682855,3.339857774089571e-08,0.29134354053121236,0.103137493738346,0.0036904376666666654,-0.0006657403838697877,0.00037674113638704347,0.0016923826223375965,-0.0003055678083333374,0.29054639722438275,0.09955529138750376,-0.0007971433068296174,-0.0035822023508422507,-0.0036026639336168703,1.0115796490991675,-1.82907614464942e-07,-0.004599093067153892,0.017047209644582603,0.017047209644582603,0.16213455104699193,0.9943204297842799,-1.8502562045801187e-07]"
/multi_agv/m2b_algorithm_state,1789558481.497401,1789558481.497401,m2b_algorithm_state_v1:header6+3x20,"[1.0,-0.15,0.52,0.2934442060657112,0.10321703420839921,1789558481.497252,0.29217787718299587,0.10263534421325055,0.0036904376666666654,0.001431206560116261,-1.3290663683984834e-05,0.0009862482677725761,0.0009860853749999966,0.2907740684831161,0.10429921397161683,-0.0014038086998797716,0.0016638697583662848,0.0016595992977144868,0.9948995417857456,8.472648500463201e-08,-9.51615771352277e-05,0.0010182943266341627,0.0010182943266341627,0.14968009390533135,1.0025731877915827,8.429434110822523e-08,0.29270622725243206,0.10388370475249015,0.006394789958333334,0.0007582792052409255,0.0008605060712788548,0.0019958018206812506,0.005408704583333337,0.2936849751130759,0.10531202744717921,0.000978747860643836,0.001428322694689066,0.001425224151666446,0.9956852176851254,3.2901429976377286e-08,0.002648658977471241,-0.009335396856689994,-0.009335396856689994,0.15238737150121384,1.0021740741756284,3.2759467468181125e-08,0.2923740712505894,0.1031362634710485,0.0036904376666666654,-0.0006794199108298197,0.0003891349250555124,0.0016918653809782332,-0.0003055678083333374,0.29170775836139934,0.09956020598708554,-0.0006663128891900572,-0.0035760574839629605,-0.0035964483155818045,1.011559172438981,-1.8602643495392015e-07,-0.0044293394270693755,0.01643621604390503,0.01643621604390503,0.16218088641038875,0.9943302864855587,-1.881767465937614e-07]"
/multi_agv/m2b_algorithm_state,1789558481.5072782,1789558481.5072782,m2b_algorithm_state_v1:header6+3x20,"[1.0,-0.15,0.52,0.2944651866472902,0.10321552416822843,1789558481.5071747,0.29319869025972234,0.10263423433678588,0.0036904376666666654,0.0014192696758033277,-2.7933512304458355e-06,0.0009859621752586084,0.0009860853749999966,0.29182426913690124,0.10435231040320468,-0.0013744211228211012,0.0017180760664188,0.0017135246437196155,0.9947365860570071,8.958040352511171e-08,-4.501759806760982e-06,0.0006580304330522207,0.0006580304330522207,0.1495950348570513,1.0026561758045711,8.91089047801787e-08,0.2937361365267758,0.1038819966850624,0.006394789958333334,0.0007420458446336046,0.0008757913831939357,0.0019948874299896002,0.005408704583333337,0.2945354745711751,0.10390242301409969,0.0007993380443993003,2.0426329037287472e-05,2.042568840152442e-05,0.9999372784622992,6.591339699308148e-12,0.00101959824390065,-0.002886972976634266,-0.002886972976634266,0.15226441356891815,1.0000313642189411,6.590926280346698e-12,0.2933977914106354,0.10313487160334932,0.0036904376666666654,-0.0006922704331003581,0.00040140854644321643,0.00169105127371472,-0.0003055678083333374,0.29276401291776455,0.10021026485334278,-0.000633778492870829,-0.0029246067500065392,-0.0029381778800132053,1.0093839959149513,-1.2672549105800238e-07,-0.0037304009961017415,0.01371784532859025,0.01371784532859025,0.16223428929027683,0.9953811067400028,-1.2791468254841088e-07]"
/multi_agv/m2b_algorithm_state,1789558481.5172098,1789558481.5172098,m2b_algorithm_state_v1:header6+3x20,"[1.0,-0.15,0.52,0.29549562269624535,0.10321380577485434,1789558481.517086,0.2942157139894789,0.10263306534521702,0.0036904376666666654,0.0014072283330374058,7.661179727857766e-06,0.0009857436152990338,0.0009860853749999966,0.29296316130600186,0.1054267393725182,-0.001252552683477015,0.002793674027301185,0.0027817385862465944,0.991547020828009,2.346593348591125e-07,0.0012160477319003256,-0.004218858396406601,-0.004218858396406601,0.1495080550582321,1.0042906407933518,2.3267576438903517e-07,0.2947621585286533,0.10388016811867001,0.006394789958333334,0.0007261007367363997,0.000890915644089163,0.001993931851324765,0.005408704583333337,0.29557235363189055,0.10390242301409969,0.0008101951032372656,2.2254895429674182e-05,2.225413495186858e-05,0.9999316633366447,7.656200257746643e-12,0.0010349980139984507,-0.0029584370072879567,-0.0029584370072879567,0.15214509000666587,1.0000341724271578,7.65567705856705e-12,0.2944176874237385,0.10313333904079824,0.0036904376666666654,-0.0007045965985521042,0.0004135852778632265,0.001690060255112068,-0.0003055678083333374,0.29382506085391447,0.10087960819457217,-0.0005926265698240618,-0.0022537308462260708,-0.002261748995867951,1.0071765807467843,-7.656229964330949e-08,-0.0030025322081480284,0.010877016902198947,0.010877016902198947,0.16229200000493416,0.9964548897085712,-7.711175516885919e-08]"
/multi_agv/m2b_algorithm_state,1789558481.5272295,1789558481.5272295,m2b_algorithm_state_v1:header6+3x20,"[1.0,-0.15,0.52,0.29652392161550917,0.10321197184429491,1789558481.5270905,0.2952421597512777,0.10263162290497875,0.0036904376666666654,0.001396231412297532,1.807514602383245e-05,0.0009850934083013817,0.0009860853749999966,0.2938950951870121,0.10560238569295287,-0.0013470645642655876,0.0029707627879741183,0.0029572843046795586,0.9910294383943786,2.632451814867237e-07,0.001273453599347574,-0.004519342260982412,-0.004519342260982412,0.1494246867073537,1.004557723203424,2.6088372436881403e-07,0.295797680322091,0.10387807594985855,0.006394789958333334,0.0007103783619928162,0.0009061728775368594,0.001992810525012656,0.005408704583333337,0.296898266389724,0.10506256766715318,0.0011005860676330248,0.0011844917172946223,0.0011823566052368488,0.9964113709918972,2.120179078159184e-08,0.0025580891897781298,-0.008942215779148586,-0.008942215779148586,0.15202095418537373,1.0018058105721377,2.1125705420169293e-08,0.2954470280153674,0.1031317184697257,0.0036904376666666654,-0.0007175541659901878,0.00042577538947715103,0.0016893359769864086,-0.0003055678083333374,0.29475290108218943,0.10057869317425008,-0.0006941269331779409,-0.0025530252954756166,-0.0025633381921098815,1.0081575471947877,-1.0007413157482008e-07,-0.0034309968585823076,0.012492641214228438,0.012492641214228438,0.16234658688834294,0.9959767709676356,-1.0089049102611906e-07]"
/multi_agv/m2b_algorithm_state,1789558481.5373683,1789558481.5373683,m2b_algorithm_state_v1:header6+3x20,"[1.0,-0.15,0.52,0.29754187658358416,0.1032100917237236,1789558481.5372167,0.29626650281142825,0.10263010361471767,0.0036904376666666654,0.001385224554174985,2.8444688999062638e-05,0.0009844706141467867,0.0009860853749999966,0.29492137691791376,0.10519663959535519,-0.0013451258935144872,0.0025665359806375243,0.0025564444571545717,0.9922135172640048,1.9499159351620518e-07,0.0008750370902614628,-0.0029125194461984134,-0.0029125194461984134,0.149340733461729,1.0039474839575373,1.9347329483962706e-07,0.29683102265875866,0.10387584986264514,0.006394789958333334,0.000694935546937914,0.0009213031297484742,0.001991634055050706,0.005408704583333337,0.2979501796081623,0.10506256766715318,0.0011191569494036213,0.0011867178045080334,0.0011845746299960105,0.9964046078202372,2.0819093036690836e-08,0.002583520816750537,-0.009049381106818822,-0.009049381106818822,0.15189874129419115,1.0018092355329526,2.0744240232396963e-08,0.2964742393763406,0.10312996205552191,0.0036904376666666654,-0.0007300977886814919,0.0004378846990734349,0.0016884742816094065,-0.0003055678083333374,0.2957948114025893,0.10146320374191009,-0.000679427973751312,-0.0016667583136118214,-0.0016711243828606683,1.0052723218694652,-4.3374795313302645e-08,-0.002520409350049808,0.008911339522426454,0.008911339522426454,0.1624037485872401,0.9973873463318313,-4.360348119521655e-08]"
/multi_agv/m2b_algorithm_state,1789558481.5470622,1789558481.5470622,m2b_algorithm_state_v1:header6+3x20,"[1.0,-0.15,0.52,0.2985723229671982,0.1032079816611823,1789558481.5469532,0.2972805836709134,0.10262864127353521,0.0036904376666666654,0.0013735266284594884,3.876841092723647e-05,0.000984171222205476,0.0009860853749999966,0.295930194388779,0.1046813439322439,-0.0013503892821344343,0.0020527026587086883,0.0020462217722139217,0.9937351869701448,1.237250091982896e-07,0.0003582351695458788,-0.0008368023625598417,-0.0008368023625598417,0.14925722704538907,1.0031672453996785,1.2294989514854522e-07,0.29785391940295114,0.10387358612792316,0.006394789958333334,0.0006797995170148667,0.0009361284581009821,0.001990483212598662,0.005408704583333337,0.2987269511676517,0.10239959030455172,0.0008730317647005492,-0.0014739958233714462,-0.0014773707379142995,1.0046051755849477,3.147646151875683e-08,-0.000386081032038613,0.0027036280215820586,0.0027036280215820586,0.15177903069848622,0.9977155940237331,3.1621416150843554e-08,0.2974911266768879,0.10312804776971245,0.0036904376666666654,-0.0007415517393463953,0.0004498446886336215,0.0016872178890441581,-0.0003055678083333374,0.29697489514680864,0.1029257418005918,-0.0005162315300792364,-0.0002023059691206447,-0.0002023695772111044,1.000629317545467,-6.484066252519017e-10,-0.0008476589898101499,0.0023565131962347903,0.0023565131962347903,0.1624625485517188,0.9996856835333832,-6.488146789177698e-10]"
/multi_agv/m2b_algorithm_state,1789558481.5572,1789558481.5572,m2b_algorithm_state_v1:header6+3x20,"[1.0,-0.15,0.52,0.2996051893607485,0.10320572486687762,1789558481.557009,0.2983071055941312,0.10262685645841055,0.0036904376666666654,0.0013631496196723405,4.904903379706574e-05,0.000983321644442502,0.0009860853749999966,0.2972358748092024,0.1054018578464363,-0.0010712307849288227,0.0027750013880257496,0.0027632222628998335,0.991600977256433,2.2428999157384296e-07,0.001424183781738805,-0.004999976712834143,-0.004999976712834143,0.14916861822963046,1.0042628221710816,2.224061748334598e-07,0.2988893733031534,0.10387102809498974,0.006394789958333334,0.0006648721407368661,0.0009511510078655805,0.0019891393014223324,0.005408704583333337,0.2997472674438192,0.10239959030455172,0.0008578941406657825,-0.0014714377904380266,-0.0014748010537605704,1.0045972102031178,3.0678824076182557e-08,-0.00040243337792834227,0.0027453283288197,0.0027453283288197,0.151662926243444,0.9977195138869965,3.081986107924524e-08,0.29852049000431,0.1031260604301466,0.0036904376666666654,-0.0007539090740472944,0.00046183987204141425,0.0016863347921409963,-0.0003055678083333374,0.2982107172823728,0.10320924468345316,-0.00030977272193721817,8.318425330655632e-05,8.317352232088141e-05,0.9997420769828143,-1.1143162474765825e-10,-0.0003040423801006413,0.0002883087665514071,0.0002883087665514071,0.16252887138070293,1.0001290192524674,-1.1140288396679342e-10]"
/multi_agv/m2b_algorithm_state,1789558481.5670607,1789558481.5670607,m2b_algorithm_state_v1:header6+3x20,"[1.0,-0.15,0.52,0.30062456960339295,0.1032034588325176,1789558481.5669544,0.29933605554726855,0.10262492530957058,0.0036904376666666654,0.001353149187919327,5.928282123107687e-05,0.0009823331849036607,0.0009860853749999966,0.2983547582669646,0.10605735025211752,-0.0009812972803039388,0.0034324249425469328,0.0034144938495374,0.9896898024720255,3.404682714990178e-07,0.0021878722491574763,-0.00806502029305432,-0.00806502029305432,0.14908859176942146,1.0052514644335828,3.369579763678549e-07,0.29992723779985253,0.10386829124522073,0.006394789958333334,0.0006502006634909203,0.0009661453173122059,0.0019876991350293444,0.005408704583333337,0.30169100928545417,0.10392284455565443,0.0017637714856016395,5.455331043369149e-05,5.454874122329067e-05,0.99983252159291,4.119724906019908e-11,0.0022592630982253403,-0.007396231365301582,-0.007396231365301582,0.15153837497203415,1.0000837638100963,4.1190349410549994e-11,0.2995522747351243,0.10312395804584154,0.0036904376666666654,-0.0007662459508771184,0.0004737910333273811,0.0016854657194345698,-0.0003055678083333374,0.2990732489200224,0.10207382118432717,-0.0004790258151018967,-0.001050136861514367,-0.0010518620142256018,1.003298760877275,-1.8063652236652423e-08,-0.0016506442831029726,0.0055431420332236105,0.0055431420332236105,0.1625861837724582,0.9983599058736757,-1.8123239905951394e-08]"
/multi_agv/m2b_algorithm_state,1789558481.5772643,1789558481.5772643,m2b_algorithm_state_v1:header6+3x20,"[1.0,-0.15,0.52,0.3016505276110568,0.10320101561809591,1789558481.5772097,0.30035161873517063,0.10262311717088834,0.0036904376666666654,0.001342136833271972,6.947038909103063e-05,0.0009818074221343972,0.0009860853749999966,0.29944178947812344,0.10620557498797223,-0.00090982925704719,0.003582457817083884,0.0035629469446296722,0.9892576081733664,3.6782547744305666e-07,0.0024256603733206848,-0.009003187337944744,-0.009003187337944744,0.1490057353842221,1.0054760491125527,3.638741520405448e-07,0.30095149143105643,0.103865565975107,0.006394789958333334,0.0006358340809979593,0.0009807654829904755,0.001986321427768209,0.005408704583333337,0.30272129953499616,0.10392284455565443,0.0017698081039397295,5.727858054742352e-05,5.7273543329645515e-05,0.9998241539169166,4.441312457290465e-11,0.0022695336732543076,-0.007448367124518252,-0.007448367124518252,0.15142031734933814,1.0000879501683528,4.440531469891101e-11,0.30057059864395175,0.10312169335155745,0.0036904376666666654,-0.0007772059126308502,0.0004855706384290508,0.0016840889994980722,-0.0003055678083333374,0.30008060372724304,0.10277008038942873,-0.0004899949167087025,-0.00035161296212872506,-0.0003518053417185654,1.001095741313554,-2.053104730634689e-09,-0.0009642989876044436,0.0027999419028277264,0.0027999419028277264,0.16264926341684574,0.999453164670836,-2.0553544023090988e-09]"
/multi_agv/m2b_algorithm_state,1789558481.5872133,1789558481.5872133,m2b_algorithm_state_v1:header6+3x20,"[1.0,-0.15,0.52,0.3026726359185378,0.10319848683328153,1789558481.5871036,0.3013737439740913,0.10262108845920986,0.0036904376666666654,0.0013319284651402427,7.961179229027944e-05,0.0009809571518654267,0.0009860853749999966,0.30049089108702953,0.10598357827032488,-0.0008828528870617469,0.0033624898111150187,0.0033452717892902737,0.9898911231106211,3.216342002968422e-07,0.00224170568046309,-0.008245614094937456,-0.008245614094937456,0.1489153521565283,1.0051469724761581,3.183828397626276e-07,0.30198234462366536,0.10386261908929935,0.006394789958333334,0.0006216965055559718,0.000995451037825612,0.0019848104136102884,0.005408704583333337,0.3036486772701574,0.10223876272737242,0.0016663326464920192,-0.0016238563619269258,-0.0016279577469969055,1.0050828799306162,3.494217031035734e-08,0.0004549580611181185,-0.0002573194790418791,-0.0002573194790418791,0.15130955769679655,0.9974806563146092,3.511977716656003e-08,0.3015954942354138,0.10311933930577855,0.0036904376666666654,-0.0007885617553609913,0.0004973357137656982,0.0016828914424901935,-0.0003055678083333374,0.30127039580853926,0.10422764929348348,-0.00032509842687455937,0.0011083099877049335,0.0011064197944218091,0.9966035628920312,-2.0676015990320486e-08,0.0007000467608286099,-0.0037835757824329313,-0.0037835757824329313,0.16272320263692544,1.001708387081155,-2.0605791202366007e-08]"
/multi_agv/m2b_algorithm_state,1789558481.5972247,1789558481.5972247,m2b_algorithm_state_v1:header6+3x20,"[1.0,-0.15,0.52,0.3036985122554874,0.10319580795119561,1789558481.5971115,0.302392063287848,0.10261902111214073,0.0036904376666666654,0.0013215795879431306,8.970619726246206e-05,0.0009801922357173306,0.0009860853749999966,0.3013450634231007,0.10565288211453672,-0.0010469998647473222,0.003033861002395985,0.0030198082362435205,0.9908439954438696,2.5986975985967236e-07,0.0017110584053093678,-0.006193349384645256,-0.006193349384645256,0.14883984293452068,1.00465352931481,2.574903911543967e-07,0.30300929405665367,0.10385957684056821,0.006394789958333334,0.000607821296454928,0.0010099744143475253,0.0019832700218600507,0.005408704583333337,0.3046655044378426,0.10223876272737242,0.0016562103811889606,-0.0016208141131957843,-0.0016249002208485182,1.0050733921654211,3.4034829433310234e-08,0.00044536275563768256,-0.00023869368352163502,-0.00023869368352163502,0.151185146403932,0.9974853178057911,3.420750147030863e-08,0.3026165504111118,0.10311686254713563,0.0036904376666666654,-0.0007994004276076871,0.0005090050152320585,0.001681519510201502,-0.0003055678083333374,0.3023613327900126,0.1046668634949547,-0.0002552176210992019,0.001550000947819069,0.0015463163564726826,0.9952740024272464,-4.098309433343152e-08,0.0012272943300986802,-0.005880105873962947,-0.005880105873962947,0.16278036764803883,1.002382818581051,-4.078940832908779e-08]"
/multi_agv/m2b_algorithm_state,1789558481.6072748,1789558481.6072748,m2b_algorithm_state_v1:header6+3x20,"[1.0,-0.15,0.52,0.3047294221637928,0.10319296854041797,1789558481.6071873,0.30341415110458075,0.10261678534502029,0.0036904376666666654,0.0013117709757589943,9.975236564910826e-05,0.0009792182102197973,0.0009860853749999966,0.3023956338716922,0.10551663913597017,-0.0010185172328885383,0.002899853790949883,0.0028870014246514444,0.9912345445592612,2.356835578585304e-07,0.0016138548835407714,-0.005790584720108124,-0.005790584720108124,0.14875725015627603,1.004451804626314,2.3361768413400666e-07,0.30404001237251527,0.10385634974491893,0.006394789958333334,0.0005941834649955654,0.0010245003510837014,0.0019816253811699713,0.005408704583333337,0.3057536675191658,0.10259874015698654,0.0017136551466505057,-0.00125760958793239,-0.001260062849052891,1.0039203021061198,2.0026100820855694e-08,0.000882006084260241,-0.0019596483646866216,-0.0019596483646866216,0.15106815616543018,0.9980530644782163,2.0104609186081063e-08,0.3036413732893661,0.1031142887636476,0.0036904376666666654,-0.0008103837804269523,0.0005206374827072566,0.0016802294500014546,-0.0003055678083333374,0.30332800917548747,0.10413987155427148,-0.0003133641138786114,0.001025582790623883,0.0010239631030310983,0.9968538605289723,-1.819600875398653e-08,0.0006322579606828341,-0.0035257366125891823,-0.0035257366125891823,0.1628479461478229,1.0015817831599496,-1.8138761572630448e-08]"
/multi_agv/m2b_algorithm_state,1789558481.617266,1789558481.617266,m2b_algorithm_state_v1:header6+3x20,"[1.0,-0.15,0.52,0.30574801640505783,0.10319012755403983,1789558481.6171749,0.30444126592320786,0.10261436335578845,0.0036904376666666654,0.0013025885234923744,0.00010974812665595038,0.0009779989701548973,0.0009860853749999966,0.3034287680830875,0.10544830141723481,-0.0010124978401203633,0.002833938061446356,0.0028216567151193527,0.9914269563843785,2.2352862896621815e-07,0.0015560344149688986,-0.00556108813853504,-0.00556108813853504,0.1486645627537544,1.004352530292291,2.2161230828075068e-07,0.30507577340310443,0.10385292306840208,0.006394789958333334,0.0005807829400936264,0.0010390537179350567,0.0019798635839523293,0.005408704583333337,0.3067698144703697,0.10259874015698654,0.001694041067265284,-0.0012541829114155328,-0.0012566228728068136,1.0039096506693874,1.9468182328407814e-08,0.0008609284612747913,-0.00190011357377835,-0.00190011357377835,0.15096141005139296,0.9980583184946882,1.954429612047983e-08,0.30467122716506595,0.10311161919706337,0.0036904376666666654,-0.0008215981982714463,0.0005322435526810944,0.0016790532797724073,-0.0003055678083333374,0.304365981635552,0.10462481743061985,-0.00030524552951394224,0.001513198233556487,0.0015096852882801493,0.9953839154407292,-4.0146642430216286e-08,0.0011281283763877215,-0.005531193135249407,-0.005531193135249407,0.16292977458668154,1.0023269388021523,-3.99613221339876e-08]"
/multi_agv/m2b_algorithm_state,1789558481.6275744,1789558481.6275744,m2b_algorithm_state_v1:header6+3x20,"[1.0,-0.15,0.52,0.3067687262172525,0.10318715698114922,1789558481.6274583,0.3054561563563105,0.10261205894037562,0.0036904376666666654,0.0012924850928103223,0.00011969758932707216,0.000977203044777524,0.0009860853749999966,0.30427701004664903,0.10515911360339662,-0.001179146309661483,0.002547054663021006,0.002537111789338199,0.9922689385613391,1.7920269396164632e-07,0.0010631789022613452,-0.0036698497976537913,-0.0036698497976537913,0.14859280156093863,1.0039189734266305,1.7781726692465528e-07,0.3060991039904151,0.10384951505439544,0.006394789958333334,0.0005676555582608163,0.00105326275607176,0.0019781625010668047,0.005408704583333337,0.30768470808036147,0.10328194745667536,0.0015856040899463464,-0.0005675675977200728,-0.0005680646771967376,1.0017554350400408,3.89509502196553e-09,0.0014139404352361954,-0.004187095010159389,-0.004187095010159389,0.15083649690440837,0.9991249597156477,3.901932608251376e-09,0.30568878886844797,0.10310880866734845,0.0036904376666666654,-0.0008315647457321483,0.0005436903221742234,0.0016774190283077714,-0.0003055678083333374,0.30526157621396294,0.1052988894004214,-0.0004272126544850319,0.0021900807330729466,0.002182759962564749,0.9933709374097647,-8.507596548040955e-08,0.0016487441444584592,-0.007720146904299565,-0.007720146904299565,0.16298728697215678,1.0033539054379554,-8.451199158031522e-08]"
/multi_agv/m2b_algorithm_state,1789558481.6370795,1789558481.6370795,m2b_algorithm_state_v1:header6+3x20,"[1.0,-0.15,0.52,0.3077893093291088,0.10318407910639378,1789558481.6369483,0.3064731722849976,0.10260961658240655,0.0036904376666666654,0.0012827959224418106,0.0001295980128312999,0.0009762530494228918,0.0009860853749999966,0.3053483809500701,0.1050193091659214,-0.0011247913349274885,0.0024096925835148525,0.0024007835418147364,0.9926739957937825,1.5921069947696508e-07,0.0009947943731553758,-0.0033702855610333927,-0.0033702855610333927,0.14851139261809798,1.0037108891930264,1.5804432122292198e-07,0.30712453934292605,0.10384594946241285,0.006394789958333334,0.0005547607627438573,0.0010674393770206958,0.0019763774437908943,0.005408704583333337,0.30871060208722345,0.10328194745667536,0.0015860627442974007,-0.0005640020057374878,-0.0005644928700397633,1.0017444212524456,3.758987207861501e-09,0.0014180855603319875,-0.004216336539679474,-0.004216336539679474,0.15072194164706165,0.9991304331226701,3.765544465034566e-09,0.3067084670238338,0.10310590489862825,0.0036904376666666654,-0.0008415606439645634,0.0005550856124089346,0.0016758242733011233,-0.0003055678083333374,0.30631426687409447,0.10537565003055767,-0.00039420014973934325,0.0022697451319294154,0.0022618865891277755,0.9931358695012644,-9.24720489597485e-08,0.0017691364019535964,-0.00819870600121193,-0.00819870600121193,0.16305854860028254,1.0034743310471064,-9.183730874820332e-08]"
/multi_agv/m2b_algorithm_state,1789558481.6472173,1789558481.6472173,m2b_algorithm_state_v1:header6+3x20,"[1.0,-0.15,0.52,0.3088161968250202,0.10318083545383323,1789558481.647065,0.30749008396261174,0.10260707850917854,0.0036904376666666654,0.0012733081422794342,0.00013944895308523023,0.0009752414918795188,0.0009860853749999966,0.30638583740299485,0.10474734255721747,-0.0011042465596168838,0.0021402640480389368,0.0021332210933785395,0.993472600079882,1.2469549451175193e-07,0.0007529128938574348,-0.002388667140147313,-0.002388667140147313,0.14843025546650077,1.0033015587002483,1.2388155715083685e-07,0.3081498209964345,0.10384225642909056,0.006394789958333334,0.0005421025146060271,0.0010815350019769965,0.001974531968090318,0.005408704583333337,0.3096298963742431,0.10237092400827227,0.0014800753778085873,-0.0014713324208182887,-0.00147469653334535,1.004598693297232,2.5013551555994244e-08,0.00037539768891538413,-0.0001247331546815418,-0.0001247331546815418,0.15060800980154046,0.9977187764051837,2.512858120787476e-08,0.3077280230282803,0.10310290238091227,0.0036904376666666654,-0.0008513874523966391,0.0005664128827030132,0.0016741915968016673,-0.0003055678083333374,0.30724138166936277,0.10462467500282317,-0.0004866413589175167,0.0015217726219109023,0.0015182195575773455,0.995357657012201,-4.2076453510554656e-08,0.0009099178589304497,-0.004786322541331947,-0.004786322541331947,0.16313111145809966,1.0023402836011588,-4.188112018164848e-08]"
/multi_agv/m2b_algorithm_state,1789558481.657121,1789558481.657121,m2b_algorithm_state_v1:header6+3x20,"[1.0,-0.15,0.52,0.30984398349439457,0.1031774780822154,1789558481.6569726,0.3085132867249338,0.1026043344390794,0.0036904376666666654,0.0012645808351936859,0.0001492470112002375,0.0009739277842984225,0.0009860853749999966,0.30751852841916505,0.10493303766601329,-0.0009947583057687281,0.0023287032269338898,0.0023203772064254173,0.9929130704884285,1.4658939772827093e-07,0.0010769293242145071,-0.003644461713139069,-0.003644461713139069,0.14834191630179888,1.0035882185385276,1.4555052899942695e-07,0.3091814249767202,0.10383835553593831,0.006394789958333334,0.0005296708622089617,0.0010956844551000544,0.001972560246315244,0.005408704583333337,0.3109211747080329,0.10297678410350114,0.0017397497313126897,-0.0008615714324371748,-0.0008627196430177922,1.0026742085497722,8.377098559820576e-09,0.0013119675211230699,-0.003727334074932074,-0.003727334074932074,0.15050109701534314,0.9986690802859188,8.399500668411533e-09,0.30875387877340654,0.10309981638648198,0.0036904376666666654,-0.0008615786269080103,0.000577720553119024,0.0016727270596790167,-0.0003055678083333374,0.3085108046869654,0.10490100391122109,-0.0002430740864411418,0.001801187524739109,0.0017962203727724844,0.994522762972744,-5.964082431031296e-08,0.0014923777647210571,-0.007006955992267387,-0.007006955992267387,0.16321431725865676,1.0027653355022124,-5.931415737906445e-08]"
/multi_agv/m2b_algorithm_state,1789558481.6669943,1789558481.6669943,m2b_algorithm_state_v1:header6+3x20,"[1.0,-0.15,0.52,0.3108653805486726,0.10317407891532515,1789558481.666887,0.3095374055611676,0.10260148528114178,0.0036904376666666654,0.0012560960435134593,0.00015899288441372232,0.0009725360926476465,0.0009860853749999966,0.3085526794218505,0.1047233709736921,-0.0009847261393171047,0.0021218856925503127,0.0021149616634566696,0.9935267748618937,1.209110865935736e-07,0.0008840539893102887,-0.002866264672971449,-0.002866264672971449,0.1482675143975591,1.0032738319626684,1.2012840190836033e-07,0.31021390713036867,0.10383431761072898,0.006394789958333334,0.000517476123065002,0.0011097709079223028,0.0019705185855407176,0.005408704583333337,0.31215852402661737,0.1051335841178898,0.0019446168962486965,0.0012992665071608206,0.0012966982823993535,0.9960664786422024,1.8584654495238518e-08,0.0037274694027102243,-0.013360222986428472,-0.013360222986428472,0.1503806731873312,1.0019805877715169,1.8511551359854208e-08,0.30978063779164744,0.10309663135477545,0.0036904376666666654,-0.0008716497197016324,0.0005889695501736683,0.0016712409835574534,-0.0003055678083333374,0.3095879157705828,0.1050648292226294,-0.00019272202106462855,0.0019681978678539463,0.0019622742281121455,0.994026196266676,-7.203838116000404e-08,0.0017213717017813598,-0.007914365625889248,-0.007914365625889248,0.16328137404958137,1.003018762442546,-7.160803800968779e-08]"
/multi_agv/m2b_algorithm_state,1789558481.6770191,1789558481.6770191,m2b_algorithm_state_v1:header6+3x20,"[1.0,-0.15,0.52,0.3118856000307192,0.10317059036515254,1789558481.6768973,0.31055519196813913,0.10259866203290575,0.0036904376666666654,0.0012472048760314674,0.00016869019253370468,0.0009713458208325779,0.0009860853749999966,0.30961951358491624,0.10524754768718911,-0.0009356783832228932,0.0026488856542833533,0.0026381382648380473,0.9919678223683093,1.8702512810316e-07,0.0014685402858094308,-0.005214988788000783,-0.005214988788000783,0.1481871099797278,1.0040738537432061,1.855229090526457e-07,0.3112399277639198,0.10383024050423874,0.006394789958333334,0.0005055221467327922,0.0011236416457415244,0.001968484766740733,0.005408704583333337,0.3133101174237164,0.10633990737811108,0.0020701896597966063,0.0025096668738723432,0.0025001732896790334,0.9925078699763669,6.768140000842551e-08,0.005087910364424792,-0.018846419911051293,-0.018846419911051293,0.15026848606245377,1.003797170473143,6.717432215938086e-08,0.3108010219139589,0.10309333420883099,0.0036904376666666654,-0.0008809947352028534,0.0006001060357084453,0.001669498681072577,-0.0003055678083333374,0.3106326019570252,0.10506175794086176,-0.0001684199569337297,0.0019684237320307663,0.0019624984720129903,0.9940252520859797,-7.28284823163356e-08,0.0017519735258458282,-0.00803318326875771,-0.00803318326875771,0.16335788389661313,1.003019243124148,-7.23933504935348e-08]"
/multi_agv/m2b_algorithm_state,1789558481.6870956,1789558481.6870956,m2b_algorithm_state_v1:header6+3x20,"[1.0,-0.15,0.52,0.312913402598437,0.10316692865045447,1789558481.6869726,0.3115718290323529,0.10259576933953878,0.0036904376666666654,0.0012384083552726358,0.00017833668395301734,0.0009701409528144345,0.0009860853749999966,0.3107041137755275,0.10544426246346957,-0.0008677152568254409,0.00284849312393079,0.0028360834905576844,0.9913821459010832,2.1471923389201156e-07,0.0017514394195258833,-0.006332613229514836,-0.006332613229514836,0.14809593844519087,1.004375623430841,2.1286881486209903e-07,0.31226473617811235,0.10382605896579528,0.006394789958333334,0.0004937970263088351,0.0011374084421794661,0.001966405801928209,0.005408704583333337,0.31388834392173,0.10381468344993815,0.0016236077436176388,-1.1375515857128815e-05,-1.1375714748416915e-05,1.0000349698417177,1.360724615234975e-12,0.0020181339647736317,-0.006665180991733567,-0.006665180991733567,0.15016836369886383,0.9999825161501937,1.3607721995593911e-12,0.3118202348816923,0.10308994279012357,0.0036904376666666654,-0.0008900850557505258,0.0006111667160916328,0.0016676853983764416,-0.0003055678083333374,0.31161673377522847,0.10494783855828578,-0.00020350110646383257,0.0018578957681622127,0.0018526125031694438,0.9943532498634111,-6.555508511647408e-08,0.0015982361200896531,-0.007440445711984401,-0.007440445711984401,0.16344988321951903,1.0028517917177662,-6.518491193063853e-08]"
/multi_agv/m2b_algorithm_state,1789558481.6971152,1789558481.6971152,m2b_algorithm_state_v1:header6+3x20,"[1.0,-0.15,0.52,0.31393853628319107,0.10316319595822977,1789558481.6970336,0.31259602941157916,0.10259265228949455,0.0036904376666666654,0.0012304834760193287,0.00018792640633454863,0.0009685877668223148,0.0009860853749999966,0.31164405498677084,0.1058163484886032,-0.0009519744248083217,0.0032236961991086582,0.003207847116366571,0.9902889068155435,2.7317714058809134e-07,0.002017879085356169,-0.0074764507652935255,-0.0074764507652935255,0.14802647696349328,1.0049407225990368,2.70524291919977e-07,0.3132971535796631,0.10382165857133654,0.006394789958333334,0.00048229482704582795,0.0011512529436782382,0.001964189762646215,0.005408704583333337,0.3148135600481688,0.10336589292559019,0.0015164064685057044,-0.00045576564574635603,-0.00045608602752544413,1.0014083691080926,2.13410026466439e-09,0.0014394220581066862,-0.004414855172879914,-0.004414855172879914,0.15004558644323496,0.999297540902916,2.1371058655507153e-09,0.3128470248040688,0.10308647509053233,0.0036904376666666654,-0.0008996483295923403,0.0006222150209822756,0.0016660835688720203,-0.0003055678083333374,0.3126010831148562,0.10520162270066624,-0.0002459416892126032,0.0021151476101339134,0.002108313171201126,0.9935901916768267,-8.586413441357787e-08,0.001800886059685372,-0.00829660833940086,-0.00829660833940086,0.16351539652683486,1.0032416621145965,-8.531376177015164e-08]"
/multi_agv/m2b_algorithm_state,1789558481.707025,1789558481.707025,m2b_algorithm_state_v1:header6+3x20,"[1.0,-0.15,0.52,0.3149585467823357,0.10315941898971971,1789558481.7069178,0.3136175974122762,0.10258950177125538,0.0036904376666666654,0.0012224683098432648,0.00019746467631145373,0.000967100481934179,0.0009860853749999966,0.3126852084706253,0.10554341503816701,-0.0009323889416508746,0.002953913266911634,0.0029405777368997263,0.9910733347633057,2.2792278834273144e-07,0.001775091559836133,-0.0064838251245843016,-0.0064838251245843016,0.14794659523719128,1.0045350033922134,2.2588819791138195e-07,0.314326856025276,0.10381717797416856,0.006394789958333334,0.0004710223203489416,0.0011649592262547026,0.001961946047816354,0.005408704583333337,0.3160117746302957,0.10543764721849593,0.0016849186050197362,0.0016204692443273633,0.001616483175760139,0.9951111398784547,2.6310219815891975e-08,0.0037226314320348095,-0.013549444383080403,-0.013549444383080403,0.14993481984955123,1.0024658893003016,2.6181592831444968e-08,0.3138711554120211,0.10308290812926539,0.0036904376666666654,-0.000908795940346548,0.0006331787842949049,0.0016643455255273398,-0.0003055678083333374,0.31367768775062327,0.10531658881040301,-0.00019346766139782812,0.0022336806811376203,0.0022260653430517447,0.9932399420360463,-9.672427878132585e-08,0.0019842307663044596,-0.00901812535404024,-0.00901812535404024,0.1635959845683817,1.0034209858707182,-9.607041705024246e-08]"
/multi_agv/m2b_algorithm_state,1789558481.7170768,1789558481.7170768,m2b_algorithm_state_v1:header6+3x20,"[1.0,-0.15,0.52,0.3159825283577602,0.10315550884804257,1789558481.7169747,0.314634091900515,0.10258636115530374,0.0036904376666666654,0.0012141647404293574,0.00020695345332305526,0.0009657639600760323,0.0009860853749999966,0.31371063279063305,0.10544618544637069,-0.0009234591098819522,0.0028598242910669452,0.002847315189528704,0.991347866041136,2.122011374743011e-07,0.0016929913021762636,-0.0061527756848577045,-0.0061527756848577045,0.1478634251578988,1.0043932970906224,2.1036514480665013e-07,0.3153513729387818,0.10381265311845059,0.006394789958333334,0.00045997413243722453,0.0011784784693383843,0.0019597023861926133,0.005408704583333337,0.31706095186665867,0.10543764721849593,0.0017095789278768758,0.0016249941000453377,0.0016209856268721908,0.9950974361615965,2.5837214308441516e-08,0.0037579592867182854,-0.013688854256079267,-0.013688854256079267,0.14982923207978005,1.002472861638435,2.571054571588787e-08,0.3148901755077102,0.10307924269540482,0.0036904376666666654,-0.0009173474156357665,0.0006440396946363561,0.0016624025610482212,-0.0003055678083333374,0.31470588132046945,0.10510521250043436,-0.0001842941872407522,0.0020259698050295455,0.0020196945863418096,0.993853473708923,-8.0334056995652e-08,0.0017893268522908693,-0.008230462135536824,-0.008230462135536824,0.16368254447338287,1.0031070136693796,-7.984028160225934e-08]"
/multi_agv/m2b_algorithm_state,1789558481.7270548,1789558481.7270548,m2b_algorithm_state_v1:header6+3x20,"[1.0,-0.15,0.52,0.3170061923076864,0.103151510298982,1789558481.7269115,0.31565455775097495,0.10258306461721074,0.0036904376666666654,0.001206409608524031,0.0002163863352762749,0.0009642187710390097,0.0009860853749999966,0.3147318477481938,0.1058403823808178,-0.0009227100027811574,0.003257317763607062,0.0032411383883579293,0.9901901383436726,2.7345322544013696e-07,0.0020877508848814825,-0.007767540447885705,-0.007767540447885705,0.14778219335912374,1.0049918804168463,2.7077068712909273e-07,0.3163798614322003,0.10380796307808746,0.006394789958333334,0.00044914563721527596,0.0011919992233203058,0.001957362690134662,0.005408704583333337,0.3179170752750718,0.10450495893814724,0.0015372138428714766,0.0006969958600597792,0.0006962530571165126,0.997874283463459,4.6446156788568155e-09,0.002617770360705858,-0.009180295608350698,-0.009180295608350698,0.1497218121738935,1.0010668577116817,4.6347425425023916e-09,0.3159131658901054,0.10307549884882951,0.0036904376666666654,-0.000926077015716602,0.0006548610027180576,0.0016605574077762416,-0.0003055678083333374,0.31562836597777855,0.10503386546442749,-0.00028479991232682744,0.0019583666155979784,0.001952499843553955,0.994053609892698,-7.578157822983446e-08,0.0015964999531454208,-0.007517876572494368,-0.007517876572494368,0.16376811896112423,1.0030047490469165,-7.533095140273284e-08]"
/multi_agv/m2b_algorithm_state,1789558481.7369576,1789558481.7369576,m2b_algorithm_state_v1:header6+3x20,"[1.0,-0.15,0.52,0.31802395504253883,0.10314748232226205,1789558481.7368448,0.3166747295161656,0.10257969443333884,0.0036904376666666654,0.0011987925593758696,0.00022576561739673351,0.0009626416048494702,0.0009860853749999966,0.3158139981239056,0.10599451101846467,-0.0008607313922600057,0.0034148165851258377,0.0033970554407606194,0.9897341066917821,2.9860809205764786e-07,0.002321141200435612,-0.008689441941103715,-0.008689441941103715,0.14770892512771594,1.005228394023867,2.955426132436135e-07,0.3174080028959154,0.10380316818806785,0.006394789958333334,0.00043853676824233585,0.0012054317646870705,0.001954973667257609,0.005408704583333337,0.31883679092849143,0.1034831187303793,0.0014287880325760116,-0.0003200494576885565,-0.0003202073193601495,1.000987696927508,9.568747632145466e-10,0.001465777721359865,-0.004615383002648303,-0.004615383002648303,0.14960726909749336,0.9995070016765749,9.578198654781836e-10,0.31693584451097817,0.10307166827553926,0.0036904376666666654,-0.0009346116809129178,0.0006656135029887798,0.0016586635403322688,-0.0003055678083333374,0.31671025510091283,0.10571863607857644,-0.00022558941006534106,0.0026469678030371785,0.002636305998933403,0.9920262317554451,-1.3965134478131705e-07,0.0023543192363517265,-0.010567872442131986,-0.010567872442131986,0.16384491221202555,1.004044221007762,-1.385377973229904e-07]"
/multi_agv/m2b_algorithm_state,1789558481.7469594,1789558481.7469594,m2b_algorithm_state_v1:header6+3x20,"[1.0,-0.15,0.52,0.319046012638121,0.10314332242926609,1789558481.7468464,0.31768905348675053,0.10257635329551076,0.0036904376666666654,0.0011908184601249349,0.0002350959154109654,0.0009612446947653724,0.0009860853749999966,0.31682789820494167,0.105413457046106,-0.0008611552818088564,0.0028371037505952323,0.0028247887683620107,0.9914131492286937,2.0483977057356215e-07,0.0017483446661009402,-0.006363671837102422,-0.006363671837102422,0.14763067928902923,1.0043596117242999,2.0308084203161836e-07,0.31843017605814333,0.10379834797822232,0.006394789958333334,0.00042814098011353854,0.0012186630468133952,0.001952596967880832,0.005408704583333337,0.31992033141108434,0.10443101799330262,0.0014901553529410028,0.0006326700150803,0.0006320576068602285,0.9980687706670942,3.648223873667176e-09,0.002494751798036482,-0.008732558217908328,-0.008732558217908328,0.14949974649618097,1.0009689120317904,3.6411783167093428e-09,0.31795263558272274,0.10306774569305305,0.0036904376666666654,-0.0009425018642116793,0.0006762582700671235,0.0016565463333490307,-0.0003055678083333374,0.3178377216038976,0.10618841732182795,-0.00011491397882512633,0.0031206716287748987,0.0031059054424958164,0.9906503493721924,-1.9568129888817187e-07,0.0029622629689644085,-0.012986517747533918,-0.012986517747533918,0.1639298493010811,1.0047542291780838,-1.9385174710917187e-07]"
/multi_agv/m2b_algorithm_state,1789558481.7570534,1789558481.7570534,m2b_algorithm_state_v1:header6+3x20,"[1.0,-0.15,0.52,0.32007197203170284,0.1031390356580872,1789558481.7568648,0.3187076710612502,0.10257285303920798,0.0036904376666666654,0.0011834285228336265,0.00024436884278488074,0.0009596243992421919,0.0009860853749999966,0.3180196800685338,0.10445962886759325,-0.0006879909927163808,0.0018867758283852704,0.001881289149460399,0.9942260947713775,9.009745945844566e-08,0.0010213004085649232,-0.0033197101779818133,-0.0033197101779818133,0.14754333937991906,1.0029164463774456,8.957724526619294e-08,0.3194566466152818,0.10379336355833954,0.006394789958333334,0.00041795952882290894,0.0012319019314822044,0.001950123387220365,0.005408704583333337,0.3212966095512544,0.10481740789054483,0.0018399629359726055,0.0010240443322052928,0.0010224446127282143,0.9968880201948808,9.328302751501477e-09,0.0033223982826939714,-0.011879812628442666,-0.011879812628442666,0.1494015169629826,1.0015646025781386,9.299273261722767e-09,0.31897372023783116,0.10306375069025074,0.0036904376666666654,-0.0009506087979208118,0.0006868643583445772,0.0016545432014083905,-0.0003055678083333374,0.3189192460553851,0.10564192789235495,-5.447418244608482e-05,0.0025781772021042093,0.002568055892322294,0.9922263920658965,-1.3476633074987113e-07,0.002499963164264688,-0.01107208680736946,-0.01107208680736946,0.1640282073913201,1.0039412342278744,-1.337187101319039e-07]"
/multi_agv/m2b_algorithm_state,1789558481.7669954,1789558481.7669954,m2b_algorithm_state_v1:header6+3x20,"[1.0,-0.15,0.52,0.3210942406286732,0.10313470316567873,1789558481.7668817,0.31973019138076364,0.10256920532791035,0.0036904376666666654,0.0011765583669744051,0.00025358305574761913,0.0009578093255209795,0.0009860853749999966,0.3190248287950655,0.10419275386876264,-0.0007053625856981438,0.001623548540852296,0.0016194775820300648,0.9950162733495448,6.633826978952565e-08,0.000737774349907385,-0.0021914724342446024,-0.0021914724342446024,0.14747384929438048,1.002513748178674,6.60076579864305e-08,0.3204870180787282,0.10378822137773483,0.006394789958333334,0.0004079949826035342,0.0012451381410760187,0.0019475571589428614,0.005408704583333337,0.3223168599221507,0.10430853942161776,0.0018298418434224972,0.0005203180438829308,0.0005199034133643157,0.9984094359675284,2.351723097891054e-09,0.0028072057176424373,-0.00980977382816487,-0.00980977382816487,0.14928540435940427,1.0007975145151136,2.347982531717216e-09,0.31999870663561675,0.10305968026861645,0.0036904376666666654,-0.0009588769501545015,0.0006974299488620855,0.0016526310180471895,-0.0003055678083333374,0.31984494391040574,0.10511103934115384,-0.0001537627252110041,0.0020513590725373954,0.0020449250979010835,0.9937765806420489,-8.609463799357266e-08,0.0018527216913873283,-0.008510726700341545,-0.008510726700341545,0.16410464911515088,1.0031463131059988,-8.555883495686767e-08]"
/multi_agv/m2b_algorithm_state,1789558481.7770174,1789558481.7770174,m2b_algorithm_state_v1:header6+3x20,"[1.0,-0.15,0.52,0.3221115641697676,0.10313034023534302,1789558481.7768764,0.3207490623269301,0.10256555486693443,0.0036904376666666654,0.0011694973140054122,0.0002627457900739147,0.0009561037803019136,0.0009860853749999966,0.32008466343552583,0.10460881778608294,-0.0006643988914042942,0.0020432629191485113,0.0020368354418169123,0.9937578603319865,1.0441003248318778e-07,0.0012063368275615446,-0.004068311018780806,-0.004068311018780806,0.1473960958641104,1.00315561934933,1.037582904776859e-07,0.3215136462744497,0.10378303071516545,0.006394789958333334,0.0003982384318046428,0.001258216937329637,0.0019449826484601862,0.005408704583333337,0.3233375793066159,0.10434795631829402,0.0018239330321661584,0.0005649256031285688,0.000564436964201482,0.99827384117164,2.705925489479825e-09,0.00284435325440918,-0.009973307688772517,-0.009973307688772517,0.14917921737415368,1.0008657103593102,2.701254632307275e-09,0.3210200132846397,0.10305552391493629,0.0036904376666666654,-0.0009666673811119446,0.0007079047263136079,0.0016505589828809085,-0.0003055678083333374,0.3208995748968746,0.10568621238102172,-0.0001204383877650983,0.0026306884660854263,0.0026201537187277553,0.9920719851601054,-1.4268195102095368e-07,0.0024696057340213825,-0.011004963311032633,-0.011004963311032633,0.1641935411623763,1.0040206600408108,-1.4155076639587445e-07]"
/multi_agv/m2b_algorithm_state,1789558481.787086,1789558481.787086,m2b_algorithm_state_v1:header6+3x20,"[1.0,-0.15,0.52,0.32313651043214975,0.1031258154008633,1789558481.786922,0.32176303601648876,0.10256192305665332,0.0036904376666666654,0.0011621595851266822,0.00027185875775421727,0.0009545440572032958,0.0009860853749999966,0.3211380252819298,0.10462735166303304,-0.0006250107345589506,0.0020654286063797184,0.0020588617058509527,0.9936914407650032,1.060182620872443e-07,0.0012775982876522644,-0.00434083854781547,-0.00434083854781547,0.1473189805053137,1.0031895782558409,1.053494396008755e-07,0.3225352693549706,0.10377781190962697,0.006394789958333334,0.0003886822100137655,0.0012711155556091036,0.0019424150228518344,0.005408704583333337,0.32423040555411503,0.10419176537275802,0.0016951361991444092,0.00041395346313105597,0.0004136907722226269,0.9987328420496286,1.4182191777340838e-09,0.0025326110211531384,-0.008801299100811552,-0.008801299100811552,0.1490741589730462,1.000634993396197,1.416422070027649e-09,0.3220363871378434,0.10305128573974878,0.0036904376666666654,-0.0009739057049609882,0.0007182793544948276,0.001648299707434889,-0.0003055678083333374,0.32207981715599393,0.10678911054138286,4.343001815054759e-05,0.0037378248016340793,0.003716736456180863,0.988879005957112,-2.899713662574965e-07,0.0037710239788690475,-0.01622955026982185,-0.01622955026982185,0.1642831914258553,1.0056738877512144,-2.8674659642073877e-07]"
/multi_agv/m2b_algorithm_state,1789558481.7971306,1789558481.7971306,m2b_algorithm_state_v1:header6+3x20,"[1.0,-0.15,0.52,0.32416393967176244,0.1031211844315525,1789558481.7969186,0.3227846139759882,0.10255807520730831,0.0036904376666666654,0.0011557008780825047,0.00028090831229040606,0.000952636274080106,0.0009860853749999966,0.3219816823106466,0.10378184311554708,-0.0008029316653415663,0.0012237679082387765,0.0012214475271618628,0.996225554933979,3.7034842064856594e-08,0.0002177829454849049,-0.00017350903937831557,-0.00017350903937831557,0.14722584918859652,1.0018996977154682,3.689505608795403e-08,0.3235645392046934,0.10377238755078937,0.006394789958333334,0.0003793414532528988,0.0012840863176309947,0.001939716449778195,0.005408704583333337,0.3251779665881196,0.10309078919397556,0.0016134273834261803,-0.0006815983568138062,-0.0006823166326236177,1.0021131399554104,3.7554976951523835e-09,0.0013344675966591077,-0.004040838721479302,-0.004040838721479302,0.1489847565113969,0.9989472984015504,3.763433587384461e-09,0.32306037811576765,0.10304698344449223,0.0036904376666666654,-0.0009816330265297918,0.00072863606808698,0.0016462617223699464,-0.0003055678083333374,0.32293347454614446,0.10650432355688366,-0.0001269035696231935,0.0034573401123914327,0.003439257768232381,0.9896792000330525,-2.501119643398223e-07,0.0032806283062033893,-0.014335035492586365,-0.014335035492586365,0.1643955565596046,1.0052576298078246,-2.475306087865307e-07]"
/multi_agv/m2b_algorithm_state,1789558481.8072283,1789558481.8072283,m2b_algorithm_state_v1:header6+3x20,"[1.0,-0.15,0.52,0.32518993116873823,0.10311649136337986,1789558481.8070858,0.3238086836522338,0.10255411397515116,0.0036904376666666654,0.0011496072086314407,0.0002898983661961947,0.0009506012016348145,0.0009860853749999966,0.3229715938992082,0.10334778853163525,-0.0008370897530255994,0.0007936745564840891,0.0007926952973007828,0.9975398232383937,1.5500372218722736e-08,-0.00025366689398121647,0.0016945470125486577,0.0016945470125486577,0.1471640553110298,1.0012353538448389,1.5462238563193986e-08,0.3245962807322337,0.10376683236591658,0.006394789958333334,0.00037021222803175144,0.0012970231814137811,0.0019369438030922004,0.005408704583333337,0.3261955078501217,0.10395489446474918,0.0015992271178880135,0.0001880620988325976,0.0001880077780609832,0.999422728342385,2.788609992681231e-10,0.002187041675421,-0.0074834531599474174,-0.0074834531599474174,0.1488642187714327,1.0002889283208103,2.7870002071683143e-10,0.32408685463081977,0.1030426069535898,0.0036904376666666654,-0.0009893920438705226,0.0007389427664278637,0.001644263490257502,-0.0003055678083333374,0.32386594792946083,0.10552717584365368,-0.00022090670135893609,0.0024845688900638763,0.0024751596670584738,0.9924982784582922,-1.302853433776904e-07,0.0021990262903598037,-0.009988055142197756,-0.009988055142197756,0.16446782502223187,1.0038014610251729,-1.2930797901070519e-07]"
/multi_agv/m2b_algorithm_state,1789558481.817036,1789558481.817036,m2b_algorithm_state_v1:header6+3x20,"[1.0,-0.15,0.52,0.32620183900582345,0.10311187521452576,1789558481.8169203,0.3248313449831082,0.10255011638515278,0.0036904376666666654,0.0011435042730694733,0.0002988336401974819,0.0009485986403388069,0.0009860853749999966,0.3239678995960917,0.10321846453055777,-0.0008634453870164926,0.0006683481454049928,0.000667653028422771,0.9979252053827486,1.09344595644177e-08,-0.0004116537053478448,0.002306863951936247,0.002306863951936247,0.1470871518974061,1.0010411350696091,1.0911772806570894e-08,0.32562654685425574,0.10376120537049775,0.006394789958333334,0.00036128578853121627,0.00130984705655246,0.0019341420213536964,0.005408704583333337,0.3273159539419712,0.10514638015057443,0.0016894070877154777,0.0013851747800766728,0.001382254665130596,0.9958062924951556,1.4751696406227053e-08,0.003494013524774943,-0.012726597408325255,-0.012726597408325255,0.14876006549546403,1.0021125737678742,1.4689832106299074e-08,0.32511190166885084,0.10303815233448903,0.0036904376666666654,-0.0009968523833835444,0.000749174567882452,0.0016421747408781363,-0.0003055678083333374,0.32487407760560505,0.10543604571743222,-0.00023782406324579508,0.002397893382943189,0.0023891228108294635,0.9927522467315619,-1.2227903940067577e-07,0.0020918427317722196,-0.009570104925213332,-0.009570104925213332,0.16456170898894312,1.0036710428086704,-1.2139279109319805e-07]"
/multi_agv/m2b_algorithm_state,1789558481.8270204,1789558481.8270204,m2b_algorithm_state_v1:header6+3x20,"[1.0,-0.15,0.52,0.3272197665882597,0.10310711970491976,1789558481.826885,0.3258400174906485,0.102546318449776,0.0036904376666666654,0.0011362681141221021,0.00030773056141237794,0.0009471072667637127,0.0009860853749999966,0.3250376782454819,0.10372196419244545,-0.0008023392451665945,0.0011756457426694428,0.0011735031273459374,0.9963713821656464,3.36076904729392e-08,0.00017057907088769428,-2.743855104590364e-06,-2.743855104590364e-06,0.14700957813964216,1.0018258283881623,3.3485741007917653e-08,0.3266426093388851,0.10375569318784023,0.006394789958333334,0.00035252905173010184,0.0013223109991850612,0.0019314539199433572,0.005408704583333337,0.3283134403034802,0.10439407031951034,0.0016708309645950825,0.0006383771316701148,0.0006377532829892659,0.99805032254276,3.058934831166235e-09,0.0027262919887331193,-0.009634685599414225,-0.009634685599414225,0.14865994783849173,1.0009781975216572,3.0529708948827443e-09,0.32612289018793666,0.10303361400596109,0.0036904376666666654,-0.0010030182142088799,0.0007592496289810713,0.0016396063669436335,-0.0003055678083333374,0.32599426613677474,0.10625894430958152,-0.00012862405116192965,0.003225330303620433,0.003209562299285219,0.9903439310089114,-2.224642242153e-07,0.003048782235332807,-0.013409150435373104,-0.013409150435373104,0.16465811568787128,1.0049128207727034,-2.2031609431822805e-07]"
/multi_agv/m2b_algorithm_state,1789558481.8369403,1789558481.8369403,m2b_algorithm_state_v1:header6+3x20,"[1.0,-0.15,0.52,0.32824096668351294,0.10310225573067984,1789558481.836835,0.32685470020787527,0.102542335113475,0.0036904376666666654,0.0011297933381758428,0.00031656552335482756,0.0009453180723518907,0.0009860853749999966,0.32611210036247734,0.10381560319806848,-0.0007425998453979288,0.001273268084593479,0.0012707565998841452,0.9960742652684883,3.9194129796878854e-08,0.00034250679313673426,-0.0006667095857244934,-0.0006667095857244934,0.14692051772585277,1.001976369597107,3.904026404026387e-08,0.32766470495001965,0.10375000522175362,0.006394789958333334,0.0003439761757583204,0.0013348150852798835,0.0019286565505016173,0.005408704583333337,0.3293548664667035,0.10439407031951034,0.0016901615166838302,0.0006440650977567186,0.0006434300601986664,0.9980329247731842,3.038210154172255e-09,0.002756131956053454,-0.009752160601141978,-0.009752160601141978,0.14857117409536993,1.0009869566209826,3.0322337662441223e-09,0.32713989460688414,0.10302901877953062,0.0036904376666666654,-0.0010095724663673482,0.0007692932954864512,0.001637222697316391,-0.0003055678083333374,0.32703675852893643,0.10607249089521091,-0.00010313607794770752,0.00304347211568029,0.0030294115301230046,0.9908684958035846,-1.9941015053867108e-07,0.00290049143268837,-0.012794061806002063,-0.012794061806002063,0.16477142817139445,1.0046413586987024,-1.9758923591221937e-07]"
/multi_agv/m2b_algorithm_state,1789558481.8472626,1789558481.8472626,m2b_algorithm_state_v1:header6+3x20,"[1.0,-0.15,0.52,0.32926939741718736,0.103097240244298,1789558481.8471444,0.3278726601375524,0.10253822376528438,0.0036904376666666654,0.0011237915561193947,0.0003253400131588921,0.0009433552966558226,0.0009860853749999966,0.3271287676700254,0.10317273216032338,-0.0007438924675269853,0.0006345083950390074,0.0006338816220132847,0.998029169304855,9.686083373138428e-09,-0.00029598396239544696,0.0018907418387666608,0.0018907418387666608,0.14685982103091885,1.0009887856091046,9.666993742710913e-09,0.3286900675921478,0.10374418252368137,0.006394789958333334,0.0003356247954299811,0.0013473027259044423,0.001925780379004538,0.005408704583333337,0.33009411288911417,0.10293238771549322,0.0014040452969663608,-0.000811794808188146,-0.0008128151134370894,1.0025215369985805,4.714319892921071e-09,0.0009422415077708616,-0.0026355913715686834,-0.0026355913715686834,0.14845422899130928,0.9987447265287318,4.7262072249542155e-09,0.32816017232083877,0.10302436090307382,0.0036904376666666654,-0.001016262839023402,0.0007792895838054231,0.0016349226766219872,-0.0003055678083333374,0.32801713723164366,0.10521010478319341,-0.00014303508919510932,0.002185743880119592,0.0021784432809452666,0.9933759398835474,-1.0360014859522299e-07,0.00199964941945138,-0.009157791210621227,-0.009157791210621227,0.16484808784983834,1.003351291832192,-1.0291389498285482e-07]"
/multi_agv/m2b_algorithm_state,1789558481.8572352,1789558481.8572352,m2b_algorithm_state_v1:header6+3x20,"[1.0,-0.15,0.52,0.3302860238593535,0.10309228733927168,1789558481.8569314,0.32889783511417514,0.10253391261763817,0.0036904376666666654,0.001118602976026816,0.00033404638933465214,0.0009410754387858735,0.0009860853749999966,0.32804635905736546,0.10245348586316108,-0.0008514760568096857,-8.042675447708647e-05,-8.043688033815528e-05,1.0002518805225227,1.549851151323142e-10,-0.0011447819513502626,0.0052176230350626344,0.0052176230350626344,0.1467838805054382,0.9998741141995284,1.5502415286409698e-10,0.32972268048638625,0.10373816699198161,0.006394789958333334,0.00032748873827596545,0.0013598492075967417,0.0019227802430508423,0.005408704583333337,0.33148064438843633,0.10499399354920841,0.0017579639020500748,0.001255826557226794,0.0012534231754686893,0.9961909675248458,1.0993142366737774e-08,0.0034508780530312826,-0.012542577272389062,-0.012542577272389062,0.14835223229653105,1.0019174543802465,1.0951269130458876e-08,0.3291876766510006,0.10301964112327422,0.0036904376666666654,-0.0010233902407109385,0.0007892636371653276,0.001632823665929685,-0.0003055678083333374,0.32901291907810126,0.10476259793030265,-0.00017475757289936444,0.001742956807028434,0.0017382983776274474,0.9946903508143492,-6.636198258387725e-08,0.0015198514115032419,-0.007239390500164856,-0.007239390500164856,0.16494671392187527,1.002679879047776,-6.60096237370926e-08]"
/multi_agv/m2b_algorithm_state,1789558481.86691,1789558481.86691,m2b_algorithm_state_v1:header6+3x20,"[1.0,-0.15,0.52,0.3313039490462639,0.1030872522634128,1789558481.8668554,0.32991128795603625,0.10252977169095608,0.0036904376666666654,0.001112437626384577,0.00034271355811722444,0.0009392393923123342,0.0009860853749999966,0.32904390033907965,0.10211595709255905,-0.0008673876169565942,-0.00041381459839702484,-0.0004140833622822297,1.0013010062301018,4.081388737555351e-09,-0.0014983178834779725,0.006609748564042284,0.006609748564042284,0.1467046790974512,0.999350942564503,4.0866986497303775e-09,0.33074338448997925,0.10373224540438739,0.006394789958333334,0.00031951221339831127,0.0013720818918772082,0.0019198741953470877,0.005408704583333337,0.3326200885683365,0.10519883632780012,0.001876704078357272,0.0014665909234127389,0.001463318186672876,0.995562199915647,1.4625744962081119e-08,0.0038091982846194658,-0.01393318827974089,-0.01393318827974089,0.14825642109871776,1.0022365175049892,1.456083882985467e-08,0.33020339913204505,0.10301484492247161,0.0036904376666666654,-0.0010293899077947464,0.0007991002186422879,0.0016303073029031888,-0.0003055678083333374,0.3302043899004445,0.1054532590866553,9.907683994336836e-07,0.0024384141641836943,0.002429344561075436,0.9926308373306114,-1.305835740430177e-07,0.002430583021574728,-0.010834632193779158,-0.010834632193779158,0.1650512990533233,1.0037333539480473,-1.2962128244394456e-07]"
/multi_agv/m2b_algorithm_state,1789558481.876998,1789558481.876998,m2b_algorithm_state_v1:header6+3x20,"[1.0,-0.15,0.52,0.33232786553739646,0.10308208337229502,1789558481.876907,0.3309260544368706,0.10252554291461206,0.0036904376666666654,0.0011065703142360385,0.0003513227400598006,0.000937304313396824,0.0009860853749999966,0.3301854120815091,0.10365298570004632,-0.0007406423553615316,0.0011274427854342517,0.0011254709783946393,0.9965172343351754,3.010430221101302e-08,0.0001996680341927249,-0.0001141618362148543,-0.0001141618362148543,0.14662071198357526,1.0017519839049291,2.9999455980909e-08,0.3317653689923601,0.10372622373507945,0.006394789958333334,0.0003117253109816767,0.001384259838288493,0.0019169144149999567,0.005408704583333337,0.333668416222508,0.10519883632780012,0.0019030472301478918,0.0014726125927206762,0.0014693128024163642,0.9955439155310616,1.4387037235418246e-08,0.003848121840101229,-0.014082854379598242,-0.014082854379598242,0.14816601899759546,1.0022458051810925,1.432292738223946e-08,0.33122042370956106,0.10300999014054688,0.0036904376666666654,-0.0010353790439792507,0.0008088764265081708,0.0016278177775707423,-0.0003055678083333374,0.33122531824192547,0.10513180457952129,4.894532364407844e-06,0.002121814438974412,0.0021149299013406802,0.9935636312468097,-9.947596529623217e-08,0.00212104806679619,-0.00958033942174559,-0.00958033942174559,0.16516387779164043,1.0032552084252853,-9.883570130150606e-08]"
/multi_agv/m2b_algorithm_state,1789558481.887102,1789558481.887102,m2b_algorithm_state_v1:header6+3x20,"[1.0,-0.15,0.52,0.3333482081238743,0.10307689050420872,1789558481.887002,0.3319468033406343,0.10252113910385646,0.0036904376666666654,0.0011014174091478405,0.00035986535758452125,0.000935094173118922,0.0009860853749999966,0.33131633721052517,0.10433706003427122,-0.0006304661301091419,0.0018159209304147578,0.0018108322149396284,0.9944344011095136,7.769609675967628e-08,0.001022749552303201,-0.003373791668695098,-0.003373791668695098,0.14655943071574734,1.002810152941364,7.726367144975551e-08,0.33279335627889256,0.1037200325362814,0.006394789958333334,0.00030414421311535794,0.0013964722244882988,0.0019138474919591225,0.005408704583333337,0.3342417713677515,0.10234507282601185,0.0014484150888589564,-0.0013749597102695466,-0.0013779003303071556,1.0042999409561666,1.2261419890935344e-08,0.00043261853076653994,-0.0006082700763044059,-0.0006082700763044059,0.148052782781769,0.9978658688346831,1.2314143272505133e-08,0.3322434369926625,0.10300507847674721,0.0036904376666666654,-0.0010417227268862427,0.0008186209005633053,0.0016254984486640959,-0.0003055678083333374,0.3322170281578192,0.10434729313594776,-2.640883484328338e-05,0.0013422146592005496,0.0013394430374722335,0.9958913463335068,-4.0073235630618454e-08,0.0013064319939181293,-0.0063073101196053985,-0.0063073101196053985,0.1652470385591348,1.0020692344883488,-3.990858858411647e-08]"
/multi_agv/m2b_algorithm_state,1789558481.897,1789558481.897,m2b_algorithm_state_v1:header6+3x20,"[1.0,-0.15,0.52,0.33437074764791547,0.10307160944108511,1789558481.8969126,0.33296401799775605,0.1025167500749696,0.0036904376666666654,0.0010960601550776636,0.0003683565505316008,0.0009329993649983795,0.0009860853749999966,0.3320237776423632,0.10329355887110095,-0.0009402403553928629,0.0007768087961313452,0.0007758701113098602,0.9975903984983996,1.4159526831639503e-08,-0.0003994303329312184,0.0021674279226561047,0.0021674279226561047,0.14648521286778282,1.0012098478956746,1.4125408014524033e-08,0.33381771910461494,0.10371381847395618,0.006394789958333334,0.00029673741132113345,0.001408532942222096,0.0019107839092423473,0.005408704583333337,0.33526361558540346,0.10234507282601185,0.0014458964807885222,-0.0013687456479443277,-0.0013716598585330041,1.0042805677102797,1.185521192593682e-08,0.0004357107424526486,-0.0006294071002046255,-0.0006294071002046255,0.14795398599510584,0.9978754130839746,1.1905958963305508e-08,0.33326288726925174,0.10300010296370041,0.0036904376666666654,-0.0010476262934994087,0.0008282781067871399,0.0016230337271341318,-0.0003055678083333374,0.33305851888773697,0.10404869550114973,-0.00020436838151477454,0.0010485925374493221,0.0010468969834229334,0.9967790414387033,-2.4602473660718104e-08,0.0007914365065294653,-0.004340700313513272,-0.004340700313513272,0.16534927484051376,1.0016195996867285,-2.452323011255154e-08]"
/multi_agv/m2b_algorithm_state,1789558481.907054,1789558481.907054,m2b_algorithm_state_v1:header6+3x20,"[1.0,-0.15,0.52,0.3353857283014285,0.10306635345653246,1789558481.906863,0.3339834400603257,0.10251226310568658,0.0036904376666666654,0.0010910510686143221,0.0003767866235786842,0.0009307854236369284,0.0009860853749999966,0.33292150075332894,0.10169341676708857,-0.001061939306996773,-0.0008188463385980088,-0.0008199022024338378,1.0025869453389789,1.5679229940481372e-08,-0.0021473263361798042,0.009059697992162186,0.009059697992162186,0.14640352978559115,0.9987122075868381,1.5719791251294678e-08,0.33484426557713853,0.10370749549115242,0.006394789958333334,0.0002895218702505557,0.0014205537876691432,0.0019076581502019407,0.005408704583333337,0.3365394117322425,0.10513329746795017,0.001695146155103966,0.0014258019767977442,0.00142270671188082,0.9956820893971379,1.2527737236370717e-08,0.0035416394057607775,-0.012988418543837185,-0.012988418543837185,0.1478631455357986,1.002175617006004,1.2473643586927921e-08,0.3342845373062822,0.10299506972641632,0.0036904376666666654,-0.0010535706909949477,0.0008378811949324777,0.0016206148540183095,-0.0003055678083333374,0.33415062924735284,0.1046595075273058,-0.0001339080589293773,0.0016644378008894706,0.0016601856269554285,0.9949232101476325,-6.231262352876793e-08,0.001492800553293707,-0.007135885066448716,-0.007135885066448716,0.16546323397478796,1.002561264153238,-6.199627543396269e-08]"
/multi_agv/m2b_algorithm_state,1789558481.9169674,1789558481.9169674,m2b_algorithm_state_v1:header6+3x20,"[1.0,-0.15,0.52,0.3364108842986646,0.10306092002613527,1789558481.9168694,0.33499536256512763,0.10250786915264722,0.0036904376666666654,0.001085480513721608,0.00038517279238446927,0.0009288377092110936,0.0009860853749999966,0.33388001997452443,0.10212927847031558,-0.0011153425906031966,-0.00037859068233163373,-0.0003788156460973881,1.0011901417001992,3.3336119794880597e-09,-0.0017729938843513838,0.007541445430311659,0.007541445430311659,0.14632335885665543,0.9994061391917891,3.337579450117132e-09,0.3358631779773885,0.10370121472320482,0.006394789958333334,0.00028245847539548445,0.001432349027880142,0.001904583800017054,0.005408704583333337,0.337646340940296,0.10372483238387117,0.0017831629629074808,2.361766066635851e-05,2.361680208541731e-05,0.9999272999146704,3.356900578021265e-12,0.0022525705057197683,-0.0077254424588053296,-0.0077254424588053296,0.14777292767996128,1.000036354665551,3.3566565310628e-12,0.33529864436176926,0.10298997649374536,0.0036904376666666654,-0.0010587744536880842,0.0008473738567842367,0.0016179323643535437,-0.0003055678083333374,0.3351405409112443,0.10409132144478771,-0.0001581034505249712,0.0011013449510423462,0.0010994750016318237,0.9966185850221942,-2.7429157868166566e-08,0.0009018456884756097,-0.004769679712557611,-0.004769679712557611,0.16557661420166908,1.001700765736144,-2.733640850292255e-08]"
/multi_agv/m2b_algorithm_state,1789558481.9270523,1789558481.9270523,m2b_algorithm_state_v1:header6+3x20,"[1.0,-0.15,0.52,0.33743047847326085,0.10305549267963077,1789558481.9269056,0.3360174310582349,0.10250322118584558,0.0036904376666666654,0.0010810225496122572,0.00039348321671222003,0.000926447101733798,0.0009860853749999966,0.33547933690276893,0.10369389935258505,-0.0005380941554659624,0.00119067816673947,0.00118847935770273,0.9963234364039298,3.280258741774083e-08,0.000515861663370277,-0.001295625628246362,-0.001295625628246362,0.14626393727160544,1.0018501028414917,3.2681986618983855e-08,0.3368923032648467,0.10369470552292813,0.006394789958333334,0.000275612737736991,0.00144425689854627,0.001901356490378564,0.005408704583333337,0.3384646298068316,0.10257757126717376,0.0015723265419849142,-0.0011171342557543679,-0.001119072294242049,1.0034845279672142,7.334430715424913e-09,0.0008463358832390938,-0.002216320815316612,-0.002216320815316612,0.1476612094389951,0.9982681740065832,7.3599877443764064e-09,0.33632291857291224,0.10298483336963211,0.0036904376666666654,-0.0010646802512762287,0.0008568567371405379,0.0016155592839940834,-0.0003055678083333374,0.3364119694661506,0.1034962477454767,8.905089323835158e-05,0.0005114143758445794,0.0005110093120588963,0.9984190102496562,-5.950014473409033e-09,0.0006223229286068358,-0.0035083151774795,-0.0035083151774795,0.16566285517711324,1.000792673980932,-5.940607561512175e-09]"
/multi_agv/m2b_algorithm_state,1789558481.937086,1789558481.937086,m2b_algorithm_state_v1:header6+3x20,"[1.0,-0.15,0.52,0.3384508912990471,0.10304999868197813,1789558481.9369068,0.3370339869248367,0.10249863423842032,0.0036904376666666654,0.0010761556958510674,0.0004017464011794364,0.0009242583154157762,0.0009860853749999966,0.3366972962577806,0.10519327231820362,-0.0003366906670561054,0.002694638079783304,0.0026835047249812788,0.9918220416282192,1.670675676401126e-07,0.002262641391161147,-0.008252775508802452,-0.008252775508802452,0.14619093780819928,1.004148811328105,1.657012960266771e-07,0.33791580384618863,0.10368821255891764,0.006394789958333334,0.00026892312803582404,0.0014559761187833975,0.001898159637860622,0.005408704583333337,0.33948233615228207,0.10257757126717376,0.0015665323060934377,-0.0011106412917438746,-0.0011125569432840546,1.0034643263378449,7.073638641365749e-09,0.0008456084393327426,-0.0022234063000781353,-0.0022234063000781353,0.14756483908227735,0.998278154163934,7.098144034015429e-09,0.33734164464875716,0.10297963124155433,0.0036904376666666654,-0.001069986181062119,0.00086624267833717,0.0016129765921542262,-0.0003055678083333374,0.3374159994185681,0.10351905153045968,7.435476981093592e-05,0.0005394202889053429,0.0005389697108158393,0.9983328500377071,-6.652537100046915e-09,0.0006319131730795092,-0.0035605852591925943,-0.0035605852591925943,0.1657692287973974,1.0008359989076594,-6.6414463230714194e-09]"
/multi_agv/m2b_algorithm_state,1789558481.9469976,1789558481.9469976,m2b_algorithm_state_v1:header6+3x20,"[1.0,-0.15,0.52,0.33946745913408893,0.10304449398322046,1789558481.9469233,0.33805137881011915,0.10249398061743385,0.0036904376666666654,0.00107150701435842,0.00040995056340613605,0.0009220056562611735,0.0009860853749999966,0.3377342099479303,0.10496061521237744,-0.00031716886218885465,0.0024666345949435897,0.0024572886778924615,0.9924937663322096,1.394130742407424e-07,0.0020608276001563932,-0.007424599089185429,-0.007424599089185429,0.1461121481616802,1.0038033451808943,1.383666071291464e-07,0.33894010106070444,0.10368163864876588,0.006394789958333334,0.0002624117008629785,0.0014676292849721828,0.001894919900363251,0.005408704583333337,0.34055254822113956,0.10345519122504744,0.0016124471604351265,-0.00022644742371843996,-0.00022652652704274918,1.0006992541735442,2.867741423422016e-10,0.001789032423501159,-0.005981886211743984,-0.005981886211743984,0.14747496453300774,0.9996507988475261,2.869746703580989e-10,0.33836119402631754,0.10297437677973466,0.0036904376666666654,-0.0010752312938330957,0.0008755662706183389,0.0016103999676369456,-0.0003055678083333374,0.33847943343180453,0.10370360441971405,0.0001182394054869973,0.0007292276399793879,0.000728405318386508,0.997750978848945,-1.221617081670716e-08,0.0008762045752452546,-0.0045224419767556714,-0.0045224419767556714,0.1658851005007907,1.001128934086727,-1.2188696390155485e-08]"
/multi_agv/m2b_algorithm_state,1789558481.956983,1789558481.956983,m2b_algorithm_state_v1:header6+3x20,"[1.0,-0.15,0.52,0.3404896705208742,0.10303886869072554,1789558481.956888,0.3390649659964366,0.10248935306904024,0.0036904376666666654,0.0010666392088298205,0.00041810499867545037,0.0009198738512092484,0.0009860853749999966,0.33814821993630684,0.10296388342435386,-0.0009167460601297583,0.00047453035531362653,0.00047417913052877835,0.99852237592931,5.143726738263042e-09,-0.0006717534446334196,0.003241431721591096,0.003241431721591096,0.14603061327262412,1.0007407006387155,5.1361262438215326e-09,0.3399605022175696,0.10367505818803248,0.006394789958333334,0.00025605539365172736,0.0014791292504421905,0.001891692614436058,0.005408704583333337,0.3415794219994629,0.10345519122504744,0.0016189197818932688,-0.00021986696298503805,-0.00021994153870748108,1.0006789444214406,2.638072239047944e-10,0.0018037081886591048,-0.0060434025572781245,-0.0060434025572781245,0.14738930814107024,0.9996609293411272,2.639863343478003e-10,0.33937690918826047,0.10296907069258866,0.0036904376666666654,-0.001080046014115797,0.0008848018514593797,0.0016076825535775519,-0.0003055678083333374,0.3394508065103645,0.10307577155910681,7.389732210405509e-05,0.00010670086651815014,0.00010668317548188451,0.9996685347625306,-2.6283553377920933e-10,0.00019905482811195335,-0.0018349824233334895,-0.0018349824233334895,0.16600626357146786,1.000165827799798,-2.627484129365898e-10]"
/multi_agv/m2b_algorithm_state,1789558481.9669929,1789558481.9669929,m2b_algorithm_state_v1:header6+3x20,"[1.0,-0.15,0.52,0.3415095173711639,0.10303321858973415,1789558481.966839,0.34008419036999443,0.10248456480313636,0.0036904376666666654,0.0010624505713706686,0.0004261904311382064,0.0009174835296829826,0.0009860853749999966,0.33910830910875794,0.10288759487559498,-0.0009758812612364887,0.0004030300724586211,0.00040277656102339417,0.998743907205064,3.696129365505914e-09,-0.0008170750155222167,0.003785531514622999,0.003785531514622999,0.1459734247769455,1.0006294096026411,3.691486684040751e-09,0.3409865551378733,0.10366832451933308,0.006394789958333334,0.000249895207379878,0.001490653850997281,0.0018883674858226202,0.005408704583333337,0.3422480944936563,0.1025359849320702,0.0012615393557829924,-0.0011323395872628872,-0.0011343316982731337,1.0035338538866942,6.833184272664758e-09,0.0004425924964556068,-0.0008074040330406248,-0.0008074040330406248,0.14727942483783693,0.9982438020437239,6.857331747465212e-09,0.34039826605475487,0.10296371674970718,0.0036904376666666654,-0.001085196456811543,0.0008940008952207394,0.001605129674940419,-0.0003055678083333374,0.3401690884075148,0.10270727111655534,-0.00022917764724006418,-0.00025644563315184443,-0.00025654811484814954,1.0008000305450568,-1.5258923093405426e-09,-0.0005430201738982298,0.0009561205730414177,0.0009561205730414177,0.16609488893033886,0.9996005361553104,-1.5271130697964823e-09]"
/multi_agv/m2b_algorithm_state,1789558481.9770224,1789558481.9770224,m2b_algorithm_state_v1:header6+3x20,"[1.0,-0.15,0.52,0.3425253384384947,0.10302756476382645,1789558481.976903,0.3411010831300367,0.1024797786300495,0.0036904376666666654,0.001058158733770729,0.00043422297023187895,0.0009151654579675449,0.0009860853749999966,0.34029507886543925,0.10474699366511062,-0.0008060042645974264,0.0022672150350611098,0.002259305580262536,0.9930833501063394,1.163394139063158e-07,0.001251800249515753,-0.004447682303694941,-0.004447682303694941,0.1459015919791938,1.003500834445624,1.1553473491149215e-07,0.3420102014196888,0.10366156497424354,0.006394789958333334,0.00024389397810983728,0.0015020521455746394,0.0018850391535281813,0.005408704583333337,0.3432730988507172,0.1025359849320702,0.0012628974310284202,-0.0011255800421733492,-0.001127548521437501,1.0035128122121129,6.589869450866772e-09,0.00045107326734802433,-0.0008464515473527604,-0.0008464515473527604,0.1471853561739688,0.9982541955164446,6.613018424750007e-09,0.3414172675637663,0.1029583121649094,0.0036904376666666654,-0.0010900221455787747,0.0009031212974494052,0.001602476925744882,-0.0003055678083333374,0.34119461234676945,0.10293604853029538,-0.00022265521699682544,-2.2263634614022587e-05,-2.226440569902082e-05,1.0000692744622879,-1.1550293742041198e-11,-0.00030058342694505265,-1.3015269973108224e-05,-1.3015269973108224e-05,0.1662053545907031,0.9999653669175517,-1.1551093882429444e-11]"
/multi_agv/m2b_algorithm_state,1789558481.9870098,1789558481.9870098,m2b_algorithm_state_v1:header6+3x20,"[1.0,-0.15,0.52,0.34354272784842094,0.10302184224475919,1789558481.9868457,0.34211399092670863,0.10247502611197322,0.0036904376666666654,0.0010536262607686096,0.0004422067284315821,0.000912977073197698,0.0009860853749999966,0.34151215711144883,0.10656663824491583,-0.0006018338152598002,0.00409161213294261,0.004066208449891911,0.987777951633683,3.7677068874903956e-07,0.003313916180817161,-0.01273749251028798,-0.01273749251028798,0.1458303279318408,1.0062475112537268,3.7216577916813823e-07,0.3430297701608163,0.1036548074836121,0.006394789958333334,0.00023803908500089586,0.001513295166964912,0.0018817281593569574,0.005408704583333337,0.34435981469352506,0.1014199372787569,0.0013300445327087407,-0.002234870204855202,-0.002242697532683594,1.0070646196175608,2.5374820551305578e-08,-0.0005801418667976681,0.003280097940607773,0.003280097940607773,0.14709224438599589,0.9965098602400363,2.5554084006364416e-08,0.3424322542279591,0.10295286069589402,0.0036904376666666654,-0.0010944103423346208,0.0009121536462566894,0.0015996803317496642,-0.0003055678083333374,0.34217886140502934,0.10231991174326785,-0.0002533928229297433,-0.0006329489526261667,-0.0006335751445529655,1.0019834329762076,-9.377239424310804e-09,-0.0009503161732151446,0.002556056646983122,0.002556056646983122,0.16631639002842513,0.9990116532629438,-9.395838550210776e-09]"
/multi_agv/m2b_algorithm_state,1789558481.996968,1789558481.996968,m2b_algorithm_state_v1:header6+3x20,"[1.0,-0.15,0.52,0.34456446765287657,0.1030160190047437,1789558481.9968076,0.3431284806496549,0.10247019566633082,0.0036904376666666654,0.001049394299980326,0.00045012991986191826,0.0009106899261231141,0.0009860853749999966,0.3422748421853285,0.10472055815854842,-0.0008536384643264006,0.002250362492217592,0.002242568147722102,0.9931325145696178,1.1367328627297031e-07,0.0011755200673141011,-0.00417562926768102,-0.00417562926768102,0.14574081492313648,1.0034756332838346,1.1289263663566703e-07,0.3440508902975816,0.10364796542622914,0.006394789958333334,0.00023235504313227733,0.0015244873474818954,0.0018783695444099108,0.005408704583333337,0.3453674946913244,0.1014199372787569,0.0013166043937427596,-0.0022280281474722496,-0.0022358079446582486,1.0070430986972503,2.461812163435041e-08,-0.000590052452479799,0.003306336237272774,0.003306336237272774,0.1470178070971504,0.9965203642805787,2.4791509494762053e-08,0.34344881259802645,0.10294736564171755,0.0036904376666666654,-0.001098820261672058,0.0009211269577994122,0.0015969238629141994,-0.0003055678083333374,0.3432661296563587,0.1014235661753587,-0.00018268294166773336,-0.0015237994663588467,-0.001527453827272878,1.0048242481093619,-5.460208438887594e-08,-0.0017558075043575447,0.005783498442148156,0.005783498442148156,0.16645464649951386,0.9976075473780075,-5.4865498391256193e-08]"
/multi_agv/m2b_algorithm_state,1789558482.0070078,1789558482.0070078,m2b_algorithm_state_v1:header6+3x20,"[1.0,-0.15,0.52,0.34558526476883333,0.10301015986546781,1789558482.0068483,0.34414732095696726,0.1024652350573154,0.0036904376666666654,0.0010457081713711432,0.00045798535595904517,0.0009082014133378106,0.0009860853749999966,0.3431768025789462,0.10305198787778393,-0.0009705183780210347,0.0005867528204685224,0.0005862161111438172,0.9981746745005998,7.71021003554059e-09,-0.0006269318613824761,0.003011316878884799,0.003011316878884799,0.14568793724446705,1.0009155485741563,7.696136392556986e-09,0.3450763604952515,0.10364099590806378,0.006394789958333334,0.0002268572368565305,0.001535678527124662,0.0018749307099602264,0.005408704583333337,0.346440374986715,0.10200834419512064,0.0013640144914635055,-0.001632651712943134,-0.0016368105893644935,1.0051264859874987,1.2901713495515932e-08,6.820752496488843e-05,0.0007170266233233918,0.0007170266233233918,0.14690727838746226,0.9974591584094198,1.2967853948965417e-08,0.34446972150641103,0.10294182604885192,0.0036904376666666654,-0.0011034599183394563,0.0009300562748218973,0.0015942898657711072,-0.0003055678083333374,0.344285345500588,0.10217362153163906,-0.00018437600582305036,-0.0007682045172128643,-0.0007691280199196776,1.0024113675207913,-1.3929290131899476e-08,-0.0009995980271984904,0.0027804932503175213,0.0027804932503175213,0.16654255962929537,0.9987992860968584,-1.3962878769711217e-08]"
/multi_agv/m2b_algorithm_state,1789558482.0170183,1789558482.0170183,m2b_algorithm_state_v1:header6+3x20,"[1.0,-0.15,0.52,0.3466048129626084,0.10300426987273976,1789558482.0169392,0.3451652443243546,0.10246025381627648,0.0036904376666666654,0.0010420426412257682,0.0004657848283494909,0.0009057330826570255,0.0009860853749999966,0.3440694606363909,0.1022320017563237,-0.0010957836879637028,-0.0002282520599527771,-0.0002283337910361641,1.000716770419717,1.1633667987228698e-09,-0.0015980634009907927,0.006813285705355179,0.006813285705355179,0.14561724348791108,0.9996420543669156,1.1642006656314754e-09,0.34610085485478986,0.10363398489407764,0.006394789958333334,0.00022151749723304387,0.0015467702578695341,0.0018714750858294799,0.005408704583333337,0.3474654696830143,0.10172320631627088,0.0013646148282244197,-0.0019107785778067626,-0.001916487793733314,1.006019508176372,1.7259513712054347e-08,-0.0002107192584527894,0.0018192839073461588,0.0018192839073461588,0.14681541990783142,0.9970210006318746,1.7363407495964262e-08,0.3454896951273556,0.10293624088604933,0.0036904376666666654,-0.0011078915217143542,0.0009389153376878814,0.001591602223722028,-0.0003055678083333374,0.34537082114606493,0.10297788507487368,-0.00011887398129067916,4.164418882435239e-05,4.1641491467756835e-05,0.999870477632053,-4.107669795903902e-11,-0.00010695098514559212,-0.0007469030700084094,-0.0007469030700084094,0.16665705286121313,1.000064775696078,-4.107137760785192e-11]"
/multi_agv/m2b_algorithm_state,1789558482.0268953,1789558482.0268953,m2b_algorithm_state_v1:header6+3x20,"[1.0,-0.15,0.52,0.34761779864696596,0.10299841441104418,1789558482.0267854,0.3461819459197221,0.10245525829248503,0.0036904376666666654,0.001038374697442843,0.00047352937640066095,0.0009032943688941355,0.0009860853749999966,0.34539723004404216,0.1033566043490089,-0.0007847158756799644,0.0009013460565238662,0.0009000824025419365,0.9972057247326914,1.8063645471585456e-08,-8.081244205801897e-05,0.0009193934258202333,0.0009193934258202333,0.1455469364804655,1.001403931438234,1.8013170673806774e-08,0.34712406550584884,0.10362693894738254,0.006394789958333334,0.00021633121697487052,0.001557757629721268,0.0018680072239282836,0.005408704583333337,0.3484095434962385,0.10000579061490102,0.0012854779903896385,-0.003621148332481519,-0.003641924581928556,1.011633467745134,6.060298303066342e-08,-0.002035077093941508,0.008959311487124075,0.008959311487124075,0.14672424819787433,0.9942952554399039,6.130800587900954e-08,0.3465084274622543,0.10293061237835176,0.0036904376666666654,-0.0011120987184154584,0.000947702420836638,0.001588854745591243,-0.0003055678083333374,0.34642483291825477,0.10160237290871585,-8.359454399953226e-05,-0.0013282394696359084,-0.0013310125359104726,1.0041967045048872,-4.198552158298001e-08,-0.001435505715909888,0.00455551856506211,0.00455551856506211,0.1667723715744785,0.9979165738866108,-4.2161722410547335e-08]"
/multi_agv/m2b_algorithm_state,1789558482.0369177,1789558482.0369177,m2b_algorithm_state_v1:header6+3x20,"[1.0,-0.15,0.52,0.34863842205447276,0.1029924229580203,1789558482.036764,0.3471921372451875,0.10245035339867309,0.0036904376666666654,0.0010342189798590745,0.000481232428859257,0.0009010886835254576,0.0009860853749999966,0.3466234850763043,0.10442390761156736,-0.000568652168883188,0.001973554212894274,0.001967545075414583,0.9939563358736127,8.618912649603692e-08,0.0012567298643105978,-0.004350973972547556,-0.004350973972547556,0.14546645610773257,1.0030541295113278,8.566822836414816e-08,0.3481406473896424,0.10361994482595821,0.006394789958333334,0.0002112637936585223,0.0015685462280293772,0.0018645912447421142,0.005408704583333337,0.34940332053870793,0.10000579061490102,0.0012626731490655296,-0.003614154211057194,-0.0036348511508800217,1.011611175416826,5.895658888525237e-08,-0.0020565097145481097,0.00902646038307907,0.00902646038307907,0.14664500068572128,0.9943059732121858,5.964114418077673e-08,0.34752061130606793,0.10292494500850122,0.0036904376666666654,-0.0011156806443836692,0.0009563904890141925,0.001585887725931298,-0.0003055678083333374,0.3473303472909878,0.10047520767727189,-0.0001902640150801549,-0.002449737331229329,-0.0024592519471877084,1.0078402835844078,-1.4338761026216827e-07,-0.002697081966037902,0.009470142980261885,0.009470142980261885,0.16690354305167523,0.9961310934533326,-1.445118097891142e-07]"
/multi_agv/m2b_algorithm_state,1789558482.0469217,1789558482.0469217,m2b_algorithm_state_v1:header6+3x20,"[1.0,-0.15,0.52,0.3496602195232837,0.10298637519268676,1789558482.046881,0.3482099511157783,0.10244525387299065,0.0036904376666666654,0.0010309374071452602,0.0004888593604325136,0.000898543665517689,0.0009860853749999966,0.347680446785914,0.1037677870225153,-0.0005295043298643165,0.0013225331495246434,0.0013198209585129784,0.995919221588401,3.8601342077521996e-08,0.0006579405461825828,-0.0019130251898014463,-0.0019130251898014463,0.14539988730988815,1.002054968891175,3.8443818554113295e-08,0.3491648865123284,0.10361277588999969,0.006394789958333334,0.00020639476339549996,0.0015793933735668841,0.0018610587959381752,0.005408704583333337,0.3505161664674678,0.10101938702522553,0.001351279955139395,-0.002593388864774157,-0.0026039639807071773,1.0082362793901483,2.9639095078176865e-08,-0.0009148640367829335,0.004582144970834914,0.004582144970834914,0.14655169137503182,0.9959388393958705,2.98832109461119e-08,0.34854042853531164,0.10291923911107055,0.0036904376666666654,-0.001119771979408417,0.0009650491315026377,0.0015831568337306362,-0.0003055678083333374,0.348481169188876,0.10218749595146537,-5.925934643563613e-05,-0.0007317431596051832,-0.0007325811041486864,1.0022966684558547,-1.282623134892964e-08,-0.0008066552871932315,0.0020650988373443592,0.0020650988373443592,0.16701632158631624,0.9988561750518027,-1.2855688949876223e-08]"
/multi_agv/m2b_algorithm_state,1789558482.0571258,1789558482.0571258,m2b_algorithm_state_v1:header6+3x20,"[1.0,-0.15,0.52,0.3506785590795937,0.10298032907662402,1789558482.0569065,0.349228954548089,0.10244009565164049,0.0036904376666666654,0.0010278730662335697,0.0004964249965029753,0.0008959363655364617,0.0009860853749999966,0.3486241993452747,0.10142851125789022,-0.0006047552028142777,-0.0010115843937502644,-0.0010131997628888213,1.0032060296920764,2.2553653750123137e-08,-0.0017691437664066685,0.007739748843863501,0.007739748843863501,0.1453377957635333,0.9984056755659404,2.262596143371084e-08,0.35019027948783826,0.10360553758960529,0.006394789958333334,0.00020168880333007542,0.001590179893663779,0.0018574871907555968,0.005408704583333337,0.351526491359865,0.10101938702522553,0.0013362118720267602,-0.0025861505643797605,-0.002596667191457832,1.0082134231684576,2.880264988753705e-08,-0.000926402351424382,0.004614906660561551,0.004614906660561551,0.1464546751747799,0.9959499518795987,2.9039218239436322e-08,0.34956142453392375,0.1029134923368145,0.0036904376666666654,-0.0011238293493415282,0.0009736483767438971,0.0015804421142778455,-0.0003055678083333374,0.34953642943953533,0.10164455708367053,-2.499509438841363e-05,-0.0012689352531439768,-0.0012714656672668558,1.0040075497171335,-3.872568398104616e-08,-0.0013027095352523728,0.004049044620565793,0.004049044620565793,0.1671240178565348,0.9980098447106964,-3.88808790849302e-08]"
/multi_agv/m2b_algorithm_state,1789558482.067008,1789558482.067008,m2b_algorithm_state_v1:header6+3x20,"[1.0,-0.15,0.52,0.35169076805401756,0.10297431834487213,1789558482.0668092,0.3502445373638901,0.10243497335365613,0.0036904376666666654,0.0010245815007124985,0.0005039418488322006,0.0008934529407307961,0.0009860853749999966,0.3495060425041286,0.09988680439617897,-0.0007384948597615182,-0.0025481689574771565,-0.002558540024867112,1.0082186831950612,1.4279925608736746e-07,-0.0034816585995690098,0.014409703162546108,0.014409703162546108,0.14526879256793393,0.9959464900727929,1.4397287793363997e-07,0.35121216673489203,0.10359830674266803,0.006394789958333334,0.0001971148186923951,0.0016008229658950324,0.0018539329981319963,0.005408704583333337,0.3526810181652908,0.09937954925298742,0.0014688514303987654,-0.004218757489680605,-0.004247096974864683,1.0136509309034927,7.498670847196665e-08,-0.002411032686866226,0.010501116083487246,0.010501116083487246,0.1463658752314244,0.9933273279720719,7.601034684799781e-08,0.3505789731399989,0.10290770713354792,0.0036904376666666654,-0.0011274883017524284,0.000982166176933424,0.00157759705159948,-0.0003055678083333374,0.3505482948173993,0.09972013924851782,-3.067832259961989e-05,-0.003187567885030107,-0.0032037714263698446,1.0102898554611435,-2.454714299908582e-07,-0.0032421193296193695,0.011671867351127954,0.011671867351127954,0.16724295330498326,0.9949423541247766,-2.4799729552530435e-07]"
/multi_agv/m2b_algorithm_state,1789558482.0768354,1789558482.0768354,m2b_algorithm_state_v1:header6+3x20,"[1.0,-0.15,0.52,0.35270865197740336,0.1029681995987774,1789558482.076752,0.35125403908954395,0.10242993774112501,0.0036904376666666654,0.0010208391522646427,0.0005114177357870558,0.0008911862334714526,0.0009860853749999966,0.3506511623445298,0.102121639402007,-0.0006028767450141359,-0.00030829833911800997,-0.00030844759965408767,1.000969423334541,2.079624437336764e-09,-0.0010620435309217574,0.004925629317450558,0.004925629317450558,0.14520048725972073,0.9995160911083598,2.0816404737934e-09,0.3522278606688006,0.10359112803442744,0.006394789958333334,0.00019265073138071027,0.0016112778443491127,0.0018504290686659625,0.005408704583333337,0.3536657957587624,0.09937954925298742,0.001437935089961817,-0.004211578781440017,-0.0042398231167036365,1.0136279138730693,7.304130344235118e-08,-0.002442404254251365,0.01060342865597359,0.01060342865597359,0.14627818758001693,0.9933383222634112,7.403670403484025e-08,0.3515904044037081,0.1029018892590639,0.0036904376666666654,-0.0011305683245156867,0.0009905889585892754,0.0015745504573791225,-0.0003055678083333374,0.35147581772316766,0.09906941563381334,-0.00011458668054042942,-0.0038324736252505626,-0.003856013867085757,1.0124633054468255,-3.559678514328012e-07,-0.003999247217761294,0.014576439869832033,0.014576439869832033,0.16736211427579561,0.9938951874535179,-3.604043874944584e-07]"
/multi_agv/m2b_algorithm_state,1789558482.0870223,1789558482.0870223,m2b_algorithm_state_v1:header6+3x20,"[1.0,-0.15,0.52,0.35373173948854103,0.10296197951012583,1789558482.0869231,0.3522692101708298,0.1024247498925202,0.0036904376666666654,0.0010177857934611854,0.0005188215516831677,0.0008886583495070293,0.0009860853749999966,0.3518347096772986,0.10350933376136749,-0.0004345004935312202,0.0010845838688472859,0.001082755998350116,0.9966433233166441,2.563621505058575e-08,0.0005396303814360908,-0.001394817468883233,-0.001394817468883233,0.14510929803872166,1.0016881647388285,2.555016256527595e-08,0.3532492369718356,0.10358381113249986,0.006394789958333334,0.00018836876834749713,0.001621754983296697,0.0018468346011673992,0.005408704583333337,0.3546319603127185,0.09999669170275213,0.0013827233408829076,-0.0035871194297477232,-0.0036075137345303945,1.0115264218933468,5.1791389603995946e-08,-0.00187910955842676,0.008370549277109396,0.008370549277109396,0.14621296456481225,0.9943467145842131,5.2388359011014305e-08,0.35260750878954467,0.10289603777131211,0.0036904376666666654,-0.0011340098628960936,0.000998971525825204,0.0015716814931986383,-0.0003055678083333374,0.3527073490286048,0.10030742199930191,9.984023906012274e-05,-0.0025886157720101943,-0.002599255173739512,1.008301089076281,-1.627721162853987e-07,-0.0024744548749143585,0.008725399478269929,0.008725399478269929,0.1675160737190008,0.9959067498117121,-1.6412330212181854e-07]"
/multi_agv/m2b_algorithm_state,1789558482.0971036,1789558482.0971036,m2b_algorithm_state_v1:header6+3x20,"[1.0,-0.15,0.52,0.3547490797147601,0.10295579503212353,1789558482.096858,0.35328958150360884,0.10241942459095708,0.0036904376666666654,0.0010153403378184121,0.0005261525925316472,0.0008859048049338291,0.0009860853749999966,0.35243743188281595,0.1028075847013843,-0.0008521496207928858,0.00038816011042722143,0.00038792472404923126,0.9987889640597254,3.2773986173113436e-09,-0.000677262301941876,0.003247978753303522,0.003247978753303522,0.1450634929540251,1.0006067836448607,3.2734295697951734e-09,0.35427582062396457,0.10357636449104843,0.006394789958333334,0.00018426976814244975,0.001632243406270828,0.0018431549427678079,0.005408704583333337,0.35561857037164524,0.09999669170275213,0.0013427497476806716,-0.0035796727882962953,-0.0035999834150824634,1.0115026806812526,5.045570089871388e-08,-0.001921546230481624,0.00851209539974633,0.00851209539974633,0.1461032373621054,0.9943581332344269,5.103607671470057e-08,0.35362981633804946,0.10289014944837196,0.0036904376666666654,-0.0011377468098910525,0.0010073129513097166,0.001568961984697215,-0.0003055678083333374,0.3534718008786326,0.09921051900667555,-0.00015801545941684925,-0.0036796304416964187,-0.003701308786968381,1.0119474776179491,-3.3021114981861296e-07,-0.0038988281112394426,0.014158244166914106,0.014158244166914106,0.16760539295955842,0.9941430595176799,-3.3415634014026805e-07]"
/multi_agv/m2b_algorithm_state,1789558482.107085,1789558482.107085,m2b_algorithm_state_v1:header6+3x20,"[1.0,-0.15,0.52,0.3557630359575022,0.10294961776495846,1789558482.106864,0.3543042529918885,0.10241418787055769,0.0036904376666666654,0.0010124298394825178,0.0005334423114995764,0.0008833743447000052,0.0009860853749999966,0.35334633462267473,0.10146294446686496,-0.0009579183692137727,-0.0009512434036927225,-0.0009526716556393108,1.003013780697508,1.964512087232845e-08,-0.0021500696171565265,0.009046425387602964,0.009046425387602964,0.14499579629662218,0.9985007930716383,1.9704326958413684e-08,0.3552965961035289,0.10356896956105588,0.006394789958333334,0.00018027855138719358,0.0016425491663064617,0.0018395235867970372,0.005408704583333337,0.35665816652984395,0.0996256555858888,0.0013615704263150175,-0.003943313975167076,-0.003968031634072343,1.0127248927757604,5.991662362621167e-08,-0.002266068601178571,0.009864726499694165,0.009864726499694165,0.14601675502772213,0.9937708009449764,6.06790562373408e-08,0.3546463900488629,0.10288422766475704,0.0036904376666666654,-0.0011409039894549546,0.0010155644726145144,0.0015660379211527072,-0.0003055678083333374,0.35431634935772177,0.09798866560754255,-0.0003300406911411202,-0.004895562057214489,-0.004934293385613182,1.0161164475687,-5.865756678305602e-07,-0.0053468442495395825,0.019674938920616995,0.019674938920616995,0.1677278230241356,0.9921505825916997,-5.960291838262266e-07]"
/multi_agv/m2b_algorithm_state,1789558482.1170027,1789558482.1170027,m2b_algorithm_state_v1:header6+3x20,"[1.0,-0.15,0.52,0.35678386347876295,0.10294332150884995,1789558482.1169138,0.355315576728743,0.10240898757414174,0.0036904376666666654,0.0010093199433071492,0.0005406847812205017,0.00088095489901665,0.0009860853749999966,0.35427013093657767,0.10176558651755221,-0.0010454457921653115,-0.0006434010565895265,-0.0006440529829309871,1.0020314627479068,8.958151332090475e-09,-0.0019508602231376264,0.00820819122858546,0.00820819122858546,0.14492862627369257,0.9989877752937439,8.976349482811729e-09,0.35631394160539914,0.10356158865996659,0.006394789958333334,0.00017640573644682987,0.0016527169436906797,0.0018359126850244073,0.005408704583333337,0.3576525561009171,0.0996256555858888,0.0013386144955179757,-0.003935933074077788,-0.0039605593786152925,1.012701278421908,5.8411867839929e-08,-0.002287291259217823,0.009932112792674122,0.009932112792674122,0.1459311194202658,0.9937821145491539,5.915377323650764e-08,0.35565958953836463,0.10287827706076703,0.0036904376666666654,-0.0011437020394894928,0.0010237354455399751,0.0015630000795992475,-0.0003055678083333374,0.35532041915763724,0.09827382693293218,-0.0003391703807273938,-0.00460445012783485,-0.004638639388275453,1.0151096527791847,-5.200850547837532e-07,-0.005062602364184696,0.01857329854557574,0.01857329854557574,0.16785073695177363,0.9926294636036981,-5.27943359377179e-07]"
/multi_agv/m2b_algorithm_state,1789558482.1269293,1789558482.1269293,m2b_algorithm_state_v1:header6+3x20,"[1.0,-0.15,0.52,0.35780020811070673,0.10293704905932849,1789558482.1268213,0.35633376095897795,0.10240361590740862,0.0036904376666666654,0.0010069966552848798,0.0005478497775971199,0.0008782347710308857,0.0009860853749999966,0.35538266542849295,0.10328172290538325,-0.0009510955304850022,0.0008781069979746231,0.0008769066012783035,0.9972751086109386,1.6630277562429387e-08,-0.0003119628118279492,0.0017215887255034755,0.0017215887255034755,0.14484587600603327,1.0013688991445266,1.658496186230182e-08,0.3573381720126171,0.10355405437200134,0.006394789958333334,0.00017272189461970365,0.0016629256015623928,0.0018321985894541593,0.005408704583333337,0.3585348557564241,0.099312195571428,0.0011966837438069922,-0.004241858800573345,-0.004270531800144505,1.013737481275046,6.644280559389039e-08,-0.0027746771203857644,0.01175754480574771,0.01175754480574771,0.14586056685821028,0.9932858480130765,6.735556239159798e-08,0.3566796574646938,0.1028722942471399,0.0036904376666666654,-0.001146945785141369,0.0010318711086405672,0.0015601738075645011,-0.0003055678083333374,0.35636252026589194,0.09949916893141139,-0.00031713719880188673,-0.0033731253157285035,-0.003391304606852478,1.010916981046285,-2.7970345895540117e-07,-0.0037877261053548363,0.013639998778571728,0.013639998778571728,0.16799815334872864,0.9946394402062141,-2.8275697631539766e-07]"
/multi_agv/m2b_algorithm_state,1789558482.1369784,1789558482.1369784,m2b_algorithm_state_v1:header6+3x20,"[1.0,-0.15,0.52,0.35881788622965355,0.10293072878802649,1789558482.1368837,0.3573475034124921,0.10239830894771942,0.0036904376666666654,0.0010043368210373468,0.0005549709258015566,0.0008756833401938218,0.0009860853749999966,0.3563597124823072,0.10444093508849091,-0.0009877909301849175,0.0020426261407714835,0.0020361878033042014,0.9937452904584918,8.967654664859057e-08,0.0008014491405730546,-0.002785812105565895,-0.002785812105565895,0.1447840560020372,1.0031619566018588,8.911564589661812e-08,0.35835786685152476,0.10354655564603857,0.006394789958333334,0.00016914635463327783,0.0016729762224542144,0.0018285197601302233,0.005408704583333337,0.35952179741489576,0.099312195571428,0.0011639305633709962,-0.004234360074610574,-0.004262933069879227,1.0137134184189893,6.483940455189527e-08,-0.002808019865665482,0.011867531369992607,0.011867531369992607,0.1457710358090475,0.9932973389916577,6.572857443655354e-08,0.3576952540681032,0.10286628258422749,0.0036904376666666654,-0.0011497249131802198,0.001039923345274552,0.0015571895271432375,-0.0003055678083333374,0.3574306997579228,0.1001782686231554,-0.0002645543101804093,-0.002688013961072086,-0.002699499440795154,1.0086330443263614,-1.779798726120747e-07,-0.0030301923285206657,0.01070459084343755,0.01070459084343755,0.16811594146324915,0.995745329838007,-1.795163807415349e-07]"
/multi_agv/m2b_algorithm_state,1789558482.1469622,1789558482.1469622,m2b_algorithm_state_v1:header6+3x20,"[1.0,-0.15,0.52,0.3598319137747899,0.10292442419959802,1789558482.1468287,0.35836259388086994,0.10239294625838787,0.0036904376666666654,0.001001920949593974,0.0005620309826159795,0.0008730579342320485,0.0009860853749999966,0.3573761247707467,0.103970660558079,-0.0009864691101232337,0.0015777142996911409,0.001573859257689338,0.9951426018239892,5.339119139497675e-08,0.0003407728700352958,-0.0009278889173165996,-0.0009278889173165996,0.14472792341388996,1.0024494197832292,5.313184911927974e-08,0.3593788765708915,0.10353899752350347,0.006394789958333334,0.00016571789642435067,0.0016829710237139528,0.001824806206430954,0.005408704583333337,0.36067911745041187,0.10025615782283201,0.0013002408795203535,-0.003282839700671461,-0.003299891645796233,1.0105186427884867,3.816200903664886e-08,-0.0016745905463957911,0.007503645936277827,0.007503645936277827,0.1456766208269095,0.9948325742311888,3.856342157779637e-08,0.35871218823719914,0.10286024258218812,0.0036904376666666654,-0.0011525127678288136,0.001047916435490551,0.0015542397961471324,-0.0003055678083333374,0.35848099455295823,0.10030307065721739,-0.00023119368424090458,-0.002557171924970736,-0.002567556995316906,1.0082013017524825,-1.614563087493664e-07,-0.002856549100618037,0.010038105873879257,0.010038105873879257,0.1682265916374684,0.9959552717368643,-1.6278046065726192e-07]"
/multi_agv/m2b_algorithm_state,1789558482.1570156,1789558482.1570156,m2b_algorithm_state_v1:header6+3x20,"[1.0,-0.15,0.52,0.3608497576926259,0.10291804276217263,1789558482.1569176,0.3593740707468982,0.10238763068122,0.0036904376666666654,0.0009992665298785967,0.0005690455782249469,0.0008705595838716905,0.0009860853749999966,0.35823965282236087,0.10271258562252689,-0.0011344179245373343,0.00032495494130688196,0.00032478981958112635,0.998984984445178,2.261023581970983e-09,-0.0010932325860905415,0.004738249990292516,0.004738249990292516,0.14466201165664147,1.0005083956325003,2.2587286078654632e-09,0.36039618863971884,0.10353146394742542,0.006394789958333334,0.00016239758294064877,0.0016928245947868126,0.0018211192434822165,0.005408704583333337,0.36166937278577976,0.10025615782283201,0.001273184146060924,-0.0032753061245934106,-0.0032922806660818397,1.0104946773850916,3.722703498339844e-08,-0.0017008004835056848,0.007589132973082365,0.007589132973082365,0.14559316158232177,0.9948441389996586,3.7617720705552726e-08,0.35972548193775267,0.10285417797014862,0.0036904376666666654,-0.0011549220480341726,0.001055829600196759,0.0015511675344626902,-0.0003055678083333374,0.35939660316987726,0.09949377947012321,-0.0003288787678754068,-0.0033603985000254105,-0.003378443557374444,1.0108768797747352,-2.795479705831256e-07,-0.0037895420172187025,0.013633370878140273,0.013633370878140273,0.1683529411241327,0.9946587660730207,-2.825885802504295e-07]"
/multi_agv/m2b_algorithm_state,1789558482.1672301,1789558482.1672301,m2b_algorithm_state_v1:header6+3x20,"[1.0,-0.15,0.52,0.36187627339505846,0.10291152403943797,1789558482.167079,0.36038936727179355,0.10238220937036484,0.0036904376666666654,0.000997101983910596,0.0005759914194029541,0.0008678846460444612,0.0009860853749999966,0.3591987194185029,0.10294373449589389,-0.0011906478532906495,0.0005615251255290526,0.0005610329216933864,0.9982506582832074,6.735872939157009e-09,-0.0009272768949199255,0.004042219694522531,0.004042219694522531,0.1445961840614517,1.0008773172065923,6.7240895956255264e-09,0.3614173128679134,0.10352383229027327,0.006394789958333334,0.00015923936263584782,0.0017026655258625678,0.0018173685843019538,0.005408704583333337,0.3623916291336895,0.09928884323476651,0.0009743162657760984,-0.00423498905550676,-0.004263579510106952,1.0137197596626966,6.10661127645884e-08,-0.0030456841778868293,0.012688859140798404,0.012688859140798404,0.1455099194026376,0.993294260249535,6.190392515525369e-08,0.3607425929381707,0.10284808662587976,0.0036904376666666654,-0.0011575427496102338,0.0010636936931100573,0.001548212446840255,-0.0003055678083333374,0.36057292571999894,0.1014940413384272,-0.0001696672181717429,-0.00135404528745256,-0.0013569309737204,1.004284317208022,-4.543345240916225e-08,-0.0015690149964350786,0.004992807077662132,0.004992807077662132,0.16848058558729867,0.997873372836403,-4.562810373113867e-08]"
/multi_agv/m2b_algorithm_state,1789558482.177012,1789558482.177012,m2b_algorithm_state_v1:header6+3x20,"[1.0,-0.15,0.52,0.3628832486161519,0.10290522542410797,1789558482.1768775,0.36141331710216323,0.10237658706039791,0.0036904376666666654,0.0009958683797345728,0.0005828504916832837,0.0008648512954338825,0.0009860853749999966,0.3604062617596492,0.10496704275587952,-0.0010070553425140516,0.0025904556954816083,0.002580140991170998,0.9921153949147178,1.429692643876207e-07,0.0013213218130284335,-0.004911473851247369,-0.004911473851247369,0.144511092945965,1.0039977289403588,1.4184200819859101e-07,0.3624471315239754,0.1035160221367373,0.006394789958333334,0.0001562848033825788,0.0017125743867508758,0.0018134942918979768,0.005408704583333337,0.3635003118611122,0.1012997910150959,0.0010531803371368054,-0.0022162311216414043,-0.0022239419895432647,1.0070174894682997,1.6393104414744677e-08,-0.000907466568122258,0.0043431800239294065,0.0043431800239294065,0.14544505735505006,0.9965327926995776,1.6508142852327886e-08,0.3617683715590367,0.10284196292117871,0.0036904376666666654,-0.001160729339252891,0.0010715295088740227,0.001545517371832208,-0.0003055678083333374,0.3616976917437163,0.10238197379159308,-7.06798153203847e-05,-0.0004599891295856279,-0.0004603199190669233,1.0014407752169108,-5.2547144639304475e-09,-0.0005486696882174042,0.000990633371789935,0.000990633371789935,0.16863873304587648,0.9992813922066073,-5.262285326302021e-09]"
/multi_agv/m2b_algorithm_state,1789558482.1869633,1789558482.1869633,m2b_algorithm_state_v1:header6+3x20,"[1.0,-0.15,0.52,0.363896115524525,0.10289882677037858,1789558482.1867979,0.36241783394583826,0.102371345594887,0.0036904376666666654,0.00099281731658517,0.0005897171754290604,0.0008626018262591511,0.0009860853749999966,0.3616012355892532,0.10650388771828628,-0.000816598356585041,0.00413254212339928,0.0041065984482888,0.9876436225777238,3.623213741199078e-07,0.0030858505025574984,-0.011998070107847925,-0.011998070107847925,0.14445664797800467,1.0063175582996897,3.578443944731245e-07,0.3634572726382756,0.10350850648737459,0.006394789958333334,0.00015330885219855088,0.0017220720663710942,0.001809843189799834,0.005408704583333337,0.36482882836249214,0.10204810322669126,0.0013715557242165444,-0.0014604032606833212,-0.0014637325556620976,1.0045849077864357,6.979566559415314e-09,0.0002507120996085828,-7.802778793814368e-05,-7.802778793814368e-05,0.14535397184343646,0.9977254758966057,7.011567228479524e-09,0.36277463926434184,0.10283582419006233,0.0036904376666666654,-0.0011622796729700955,0.001079224417631434,0.0015421863023685253,-0.0003055678083333374,0.3626570799732951,0.1012679126362017,-0.00011755929104673157,-0.0015679115538606292,-0.0015717877562991664,1.0049739494541838,-6.118029834181802e-08,-0.0017187368701075808,0.005607793024194313,0.005607793024194313,0.16875161751654624,0.9975338894052312,-6.148460605336211e-08]"
/multi_agv/m2b_algorithm_state,1789558482.1969519,1789558482.1969519,m2b_algorithm_state_v1:header6+3x20,"[1.0,-0.15,0.52,0.3649169992655065,0.10289230196636878,1789558482.196853,0.3634282366491927,0.10236595356886923,0.0036904376666666654,0.0009904922637848975,0.0005965097336447121,0.0008600762022794748,0.0009860853749999966,0.36252877043337467,0.1047713342759647,-0.0008994662158180455,0.002405380707095478,0.002396473297565676,0.9926619665229722,1.2262743217967293e-07,0.0012721405277931193,-0.004653347054957852,-0.004653347054957852,0.14440079705185724,1.0037168824450704,1.2172758797713655e-07,0.3644733136071,0.10350086198370564,0.006394789958333334,0.00015050290316210874,0.0017315942477249546,0.0018061056399811815,0.005408704583333337,0.3658457547531794,0.10204810322669126,0.0013724411460793728,-0.0014527587570143802,-0.0014560534418766311,1.0045609863765812,6.7804758073203065e-09,0.00025949799072258494,-0.00011529827583799015,-0.00011529827583799015,0.14526427497184385,0.9977372500435117,6.811401465104233e-09,0.36378679631728233,0.10282966475856088,0.0036904376666666654,-0.0011642368584416861,0.0010868766058276837,0.0015390538196731335,-0.0003055678083333374,0.3638049023077957,0.1000971826758208,1.8105990513384018e-05,-0.002732482082740087,-0.0027443606408161497,1.0087846404538034,-1.8627477334270465e-07,-0.0027217281526744196,0.00962351195987511,0.00962351195987511,0.16886799636669478,0.995671648288714,-1.8791113025213404e-07]"
/multi_agv/m2b_algorithm_state,1789558482.2069933,1789558482.2069933,m2b_algorithm_state_v1:header6+3x20,"[1.0,-0.15,0.52,0.36593346704467117,0.1028858101017508,1789558482.206869,0.3644466409773293,0.10236037317739374,0.0036904376666666654,0.0009890582238967546,0.0006032183577121201,0.000857207999837472,0.0009860853749999966,0.363435938037766,0.10312814947206514,-0.0010107029395632905,0.0007677762946713962,0.0007668572797005907,0.9976130469337826,1.2490697866989378e-08,-0.0004965213947535224,0.0024100652907943707,0.0024100652907943707,0.14433607978416443,1.001198417221995,1.2460883157416572e-08,0.3654973905014434,0.1034930535974746,0.006394789958333334,0.00014788932426218308,0.0017411737078106282,0.001802254893317451,0.005408704583333337,0.366599696352921,0.10019446592319037,0.0011023058514775808,-0.0032985876742842313,-0.003315816474935838,1.010577582722097,3.439133556128531e-08,-0.0019379341605888622,0.008416369242607032,0.008416369242607032,0.1451829335479758,0.994804054813697,3.4755112758108204e-08,0.3648069663177469,0.102823479124238,0.0036904376666666654,-0.0011667321172677196,0.0010944958601131483,0.0015361717149935134,-0.0003055678083333374,0.3649122431532242,0.10180147517562257,0.00010527683547728595,-0.0010220039486154298,-0.0010236442904385957,1.0032225608188643,-2.608558134336464e-08,-0.0008920482460919883,0.002447177487103627,0.002447177487103627,0.1689992887654609,0.9983975470400338,-2.6169643715739063e-08]"
/multi_agv/m2b_algorithm_state,1789558482.2171926,1789558482.2171926,m2b_algorithm_state_v1:header6+3x20,"[1.0,-0.15,0.52,0.3669573996373643,0.10287920074379094,1789558482.2170415,0.3654606690194232,0.10235486596689859,0.0036904376666666654,0.000987269867315684,0.0006098855674016022,0.0008545149316897447,0.0009860853749999966,0.36437009384564006,0.1027608028883225,-0.001090575173783137,0.00040593692142390503,0.000405679288319218,0.9987326385089157,3.4863431049795846e-09,-0.0009575396789097033,0.0042084294852166495,0.0042084294852166495,0.14427195542933524,1.0006350659550662,3.4819246479836262e-09,0.36651700036071044,0.10348529152471635,0.006394789958333334,0.0001453670663898194,0.0017505999481178258,0.0017984442688966512,0.005408704583333337,0.3675961167902742,0.10019446592319037,0.0010791164295637645,-0.003290825601525979,-0.003307974213978314,1.0105528712535545,3.364689041108426e-08,-0.001959078677023608,0.008484804156401078,0.008484804156401078,0.14510249040624607,0.9948159775913998,3.4001961713674895e-08,0.36582273175387986,0.10281727281363745,0.0036904376666666654,-0.0011687736474273298,0.0011020359706967828,0.0015331340951765292,-0.0003055678083333374,0.36603854335142716,0.10280638655929333,0.00021581159754729962,-1.088625434411683e-05,-1.0886439045679141e-05,1.0000339343983002,-2.962953393610665e-12,0.0002588780578884454,-0.0020828574028884973,-0.0020828574028884973,0.1691308319460871,0.9999830337944725,-2.963053939651269e-12]"
/multi_agv/m2b_algorithm_state,1789558482.2273726,1789558482.2273726,m2b_algorithm_state_v1:header6+3x20,"[1.0,-0.15,0.52,0.3679638067363819,0.10287279313106786,1789558482.2272067,0.3664821492952273,0.10234918568228353,0.0036904376666666654,0.0009862983296299514,0.0006164690437914892,0.0008515113427645933,0.0009860853749999966,0.3658936779315332,0.10443015655383253,-0.0005884713636941097,0.002080970871549001,0.0020742859776866785,0.9936263603746519,9.14210019074786e-08,0.0013386967730690414,-0.004742568097548611,-0.004742568097548611,0.14418720485866157,1.0032227445657123,9.083831738713206e-08,0.3675440903309179,0.10347737664178927,0.006394789958333334,0.00014303412850143193,0.0017600720806608683,0.0017945276939949906,0.005408704583333337,0.36922536777856835,0.10272956146646274,0.0016812774476504533,-0.00074781517532653,-0.0007486837564513975,1.002329641554923,1.7068630784670682e-09,0.001352913053111669,-0.004311658595307987,-0.004311658595307987,0.14504187359499135,0.9988398557904016,1.7108394576232288e-09,0.3668459592859476,0.10281103990730002,0.0036904376666666654,-0.0011712949167784867,0.0011095411884119886,0.0015303225852689503,-0.0003055678083333374,0.3671768219621713,0.10231257839980351,0.0003308626762236755,-0.0004984615074965087,-0.0004988502225884705,1.0015626270047722,-6.2276524756189016e-09,-8.527187730887609e-05,-0.0006451411752013056,-0.0006451411752013056,0.16929543428457422,0.9992207779522584,-6.23738397355364e-09]"
/multi_agv/m2b_algorithm_state,1789558482.2369993,1789558482.2369993,m2b_algorithm_state_v1:header6+3x20,"[1.0,-0.15,0.52,0.3689758297100369,0.10286629344795946,1789558482.2368994,0.36748620046213254,0.10234384951160624,0.0036904376666666654,0.0009837025846023803,0.0006230588697432196,0.0008492085193986224,0.0009860853749999966,0.367046926239791,0.10415547657062972,-0.0004392742223415236,0.0018116270590234768,0.0018065498307943677,0.9944336623698425,6.911991231293386e-08,0.0012574570528674632,-0.004327964619694388,-0.004327964619694388,0.14413403933856134,1.0028104556777582,6.873516754403319e-08,0.3685535320172419,0.10346973103910488,0.006394789958333334,0.00014067590761525361,0.001769175842580073,0.0017908137241110511,0.005408704583333337,0.3702959510288376,0.10323471225144068,0.0017424190115957194,-0.00023501878766420126,-0.00023510424803147817,1.0007279198981092,1.6575229851084053e-10,0.001942919516463171,-0.006645425348300641,-0.006645425348300641,0.14495386884834427,0.999636500114343,1.658729529070839e-10,0.36785168772977117,0.10280479884249247,0.0036904376666666654,-0.0011723614076621486,0.001116919405931555,0.001526946515716666,-0.0003055678083333374,0.36809544151361134,0.10119647799643652,0.00024375378384017266,-0.001608320846055944,-0.0016124024067445094,1.005106645907449,-6.49437061988098e-08,-0.0013077101769442935,0.004163920652099688,0.004163920652099688,0.16941250374860087,0.9974686463679955,-6.527535071028451e-08]"
/multi_agv/m2b_algorithm_state,1789558482.2471287,1789558482.2471287,m2b_algorithm_state_v1:header6+3x20,"[1.0,-0.15,0.52,0.3699947162854646,0.10285968664927676,1789558482.2469354,0.36849586314337934,0.10233837227277949,0.0036904376666666654,0.0009818027817652072,0.0006295745195428522,0.0008466426021200503,0.0009860853749999966,0.3680074883982437,0.10257716244430376,-0.0004883747451356335,0.00023879017152426962,0.00023870088851565805,0.9992528857605051,1.1999344961471426e-09,-0.0003717675429038838,0.0021951385271711914,0.0021951385271711914,0.14408169137902055,1.0003740371858973,1.1990380079986099e-09,0.369568595846826,0.10346196652391682,0.006394789958333334,0.00013848086655283975,0.0017782984103673627,0.0017870192278720137,0.005408704583333337,0.37112762863811044,0.10130062504353164,0.0015590327912844426,-0.0021613414803851733,-0.0021686774795055476,1.006844443741772,1.3817855475801209e-08,-0.00021988649039999435,0.001879158640970507,0.001879158640970507,0.14486514953388618,0.9966172936318557,1.3912431010237268e-08,0.3688630301399053,0.10279854154718213,0.0036904376666666654,-0.0011738172423942784,0.001124252971178589,0.0015237624484557982,-0.0003055678083333374,0.3690910068831309,0.10204947552275861,0.0002279767432256108,-0.0007490660244235114,-0.0007499456813325542,1.002355388239367,-1.409723220070134e-08,-0.0004649747523005407,0.0008088307462075046,0.0008088307462075046,0.16952968056148332,0.9988270391697173,-1.4130436655634497e-08]"
/multi_agv/m2b_algorithm_state,1789558482.256933,1789558482.256933,m2b_algorithm_state_v1:header6+3x20,"[1.0,-0.15,0.52,0.3710066907753918,0.10285314996018778,1789558482.2568054,0.3695123796804714,0.10233273386193138,0.0036904376666666654,0.0009806814128925086,0.0006360091458052939,0.0008437813940607853,0.0009860853749999966,0.3686213304299968,0.10128100799098035,-0.0008910492504746181,-0.0010517258709510369,-0.0010534750740731347,1.003339644535691,2.3271760664351715e-08,-0.0021672866371664073,0.009117748483939678,0.009117748483939678,0.1440187425934077,0.99833958755632,2.3349480072690326e-08,0.37059053547803833,0.10345406275313966,0.006394789958333334,0.0001364643140318901,0.001787457577721252,0.0017831283115886665,0.005408704583333337,0.37213311595095255,0.10130062504353164,0.0015425804729142234,-0.0021534377096080193,-0.00216072050140451,1.0068195342085038,1.3517643188671071e-08,-0.00023249491026173076,0.001918077923550437,0.001918077923550437,0.14478662144393042,0.9966294614265209,1.3609827218814562e-08,0.369881233697884,0.10279226333275927,0.0036904376666666654,-0.001175727109470648,0.0011315478473404418,0.0015207953225754491,-0.0003055678083333374,0.37021712007267943,0.10363415965330158,0.0003358863747954244,0.0008418963205423097,0.0008407984590868497,0.9974003354121556,-1.7817681741793923e-08,0.0012606564275811302,-0.006043865395327419,-0.006043865395327419,0.16966463114847835,1.001305736759618,-1.7771361745532298e-08]"
/multi_agv/m2b_algorithm_state,1789558482.26704,1789558482.26704,m2b_algorithm_state_v1:header6+3x20,"[1.0,-0.15,0.52,0.37202198936656167,0.10284655318130646,1789558482.2668312,0.3705220336652436,0.10232722290784922,0.0036904376666666654,0.0009789694365762462,0.0006424137706787843,0.0008411918115732607,0.0009860853749999966,0.3696583579635637,0.10150287936615268,-0.000863675701679889,-0.00082434354169654,-0.0008254163778402483,1.002611044445416,1.4270062668691475e-08,-0.0019050110049401096,0.008092145139974253,0.008092145139974253,0.14395652992744634,0.9987002485381798,1.43073224365583e-08,0.37160549970044393,0.10344625376116645,0.006394789958333334,0.00013450502228543396,0.0017964267751564011,0.0017793114029360513,0.005408704583333337,0.373026694652291,0.10195951445606902,0.0014211949518470601,-0.0014867393050974342,-0.0014901934070415202,1.004672978799423,6.348223078483751e-09,0.000286300282767305,-0.00021069069021363807,-0.00021069069021363807,0.14470916654994362,0.9976821116455323,6.3778881903435134e-09,0.37089253896048785,0.10278597321154763,0.0036904376666666654,-0.0011770124222046986,0.0011387565654964885,0.0015176022808458603,-0.0003055678083333374,0.3711623919494463,0.1038172769872166,0.00026985298895843,0.0010313037756689708,0.0010296586033219763,0.9968221263805045,-2.6763052367808962e-08,0.0013669748395200138,-0.0065125360480715305,-0.0065125360480715305,0.1697994514822484,1.0015977842963548,-2.6678002769712127e-08]"
/multi_agv/m2b_algorithm_state,1789558482.2772267,1789558482.2772267,m2b_algorithm_state_v1:header6+3x20,"[1.0,-0.15,0.52,0.3730405592785863,0.10283989802546194,1789558482.2770898,0.3715350172712988,0.10232162492530285,0.0036904376666666654,0.0009776931308982774,0.0006487506780717299,0.0008384485991999834,0.0009860853749999966,0.37082970150661115,0.10263718471484796,-0.0007053157646876307,0.00031555978954511676,0.00031540392596896976,0.9990133334081021,2.0867760387827213e-09,-0.0005662407798905685,0.002847913048975452,0.002847913048975452,0.14388667790377285,1.000494171325446,2.084717086580481e-09,0.37262378097843424,0.10343836748377376,0.006394789958333334,0.00013269009025984515,0.001805374835617768,0.0017754429074018918,0.005408704583333337,0.37404276627995114,0.10195951445606902,0.0014189853015169063,-0.0014788530277047435,-0.001482270746625345,1.0046482736432238,6.196488120219028e-09,0.0002914608802707878,-0.0002342750187655767,-0.0002342750187655767,0.14463948554858913,0.9976942681164134,6.225291092628791e-09,0.3719071698499519,0.10277966713484278,0.0036904376666666654,-0.0011784846780409004,0.0011459138018490413,0.001514517056348771,-0.0003055678083333374,0.37208280703196,0.10257958082367782,0.00017563718200808154,-0.000200086311164957,-0.00020014882845845384,1.0006253807184282,-1.0095463116338823e-09,1.9397649051648084e-05,-0.0011573148740125017,-0.0011573148740125017,0.16994753101939025,0.9996876459683609,-1.0101776624315384e-09]"
/multi_agv/m2b_algorithm_state,1789558482.2871041,1789558482.2871041,m2b_algorithm_state_v1:header6+3x20,"[1.0,-0.15,0.52,0.37405783657125385,0.10283324425798167,1789558482.2869933,0.3725512779650954,0.10231594475585587,0.0036904376666666654,0.0009768235672096468,0.0006550191349062868,0.0008355646784285018,0.0009860853749999966,0.37190387090227206,0.10273355838913291,-0.0006474070628233464,0.00041761363327703915,0.0004173408444403232,0.9986956620674267,3.651367057184951e-09,-0.00039191798408885975,0.0021819794969797964,0.0021819794969797964,0.1438139768873261,1.0006536356082802,3.646604440626516e-09,0.3736453257383054,0.10343040590771999,0.006394789958333334,0.00013102047865618145,0.0018142993791573914,0.001771523646774173,0.005408704583333337,0.3751007671375552,0.10174172602435996,0.0014554413992498016,-0.0016886798833600225,-0.0016931438974276622,1.0053211292652562,7.979324690822993e-09,0.0001261578516345899,0.000441671113433577,0.000441671113433577,0.144572944630229,0.9973634762677751,8.021783708952312e-09,0.372925074132358,0.10277334341280993,0.0036904376666666654,-0.0011801217411417232,0.0011530203338354396,0.0015115296489796393,-0.0003055678083333374,0.3730011769164233,0.10285941715963964,7.6102784065335e-05,8.607374682971514e-05,8.606220179875657e-05,0.9997318291663415,-1.8705201793194757e-10,0.0001811906818804253,-0.0018622840419461792,-0.0018622840419461792,0.17010153421492105,1.00013414752025,-1.8700185603636127e-10]"
/multi_agv/m2b_algorithm_state,1789558482.2972689,1789558482.2972689,m2b_algorithm_state_v1:header6+3x20,"[1.0,-0.15,0.52,0.37507318636286396,0.10282660086106075,1789558482.2971377,0.37356627123359004,0.10231027995197078,0.0036904376666666654,0.0009758965208072593,0.0006612369119477265,0.0008327320389508977,0.0009860853749999966,0.3724097667973243,0.10122436086836674,-0.0011565044362657484,-0.001085919083604045,-0.001087784928946319,1.003450615452764,2.4691592945667882e-08,-0.0025334154742785043,0.010422088694483175,0.010422088694483175,0.14377074182513233,0.998284729552117,2.4776794137839562e-08,0.37466554517399125,0.10342244784493963,0.006394789958333334,0.0001294539048692896,0.001823125808212367,0.0017676107608739083,0.005408704583333337,0.3761216130939658,0.10174172602435996,0.0014560679199745463,-0.0016807218205796698,-0.001685144073114931,1.0052961471974384,7.810023458008955e-09,0.00013494082685325194,0.0004055519770012598,0.0004055519770012598,0.14447896007657107,0.9973757421660173,7.851386491858018e-09,0.3739416933061801,0.10276700497703457,0.0036904376666666654,-0.001181560944528251,0.0011600616692180746,0.0015084903872184417,-0.0003055678083333374,0.3740062357831287,0.10468925246012728,6.45424769485925e-05,0.0019222474830927067,0.0019165693565337226,0.9941357555425884,-9.328559845475045e-08,0.0019972474527194632,-0.009188395785458318,-0.009188395785458318,0.17021074334645128,1.0029626512286796,-9.273854890105584e-08]"
/multi_agv/m2b_algorithm_state,1789558482.3069723,1789558482.3069723,m2b_algorithm_state_v1:header6+3x20,"[1.0,-0.15,0.52,0.3760818486353288,0.10282002947874846,1789558482.3068368,0.37457936476800546,0.10230464299971924,0.0036904376666666654,0.0009748597752697406,0.0006674070979277966,0.0008299717090215755,0.0009860853749999966,0.3733321164997068,0.10020166230452923,-0.0012472482682986397,-0.002102980695190007,-0.0021100331145560585,1.0067605629811462,9.25693715814792e-08,-0.003669093449929358,0.014842823749993505,0.014842823749993505,0.14370967855810915,0.996657673608343,9.319519264818092e-08,0.375683801364246,0.1034145051171094,0.006394789958333334,0.00012798166243252994,0.0018318450041460155,0.0017637127681459364,0.005408704583333337,0.3766963719402439,0.10157867299743485,0.0010125705759979065,-0.0018358321196745436,-0.001841115114595133,1.0057958128775764,9.213370844209325e-09,-0.00057540189459775,0.0029789291458385686,0.0029789291458385686,0.1444033085722373,0.9971305461137604,9.26676981759408e-09,0.37495639295634053,0.10276065446635362,0.0036904376666666654,-0.0011827641471878277,0.0011670355243240402,0.0015053839256815678,-0.0003055678083333374,0.3751792934020277,0.10534193934316959,0.0002229004456871797,0.00258128487681597,0.0025710966290005033,0.9921843252104333,-1.6831077638302826e-07,0.002849722186109478,-0.0125586330643544,-0.0125586330643544,0.17034893271805807,1.0039626079006714,-1.6699531409123902e-07]"
/multi_agv/m2b_algorithm_state,1789558482.3170445,1789558482.3170445,m2b_algorithm_state_v1:header6+3x20,"[1.0,-0.15,0.52,0.37709978726630555,0.10281332577081426,1789558482.3169332,0.37558581826956405,0.10229912986194219,0.0036904376666666654,0.0009732716171802105,0.0006735493733842743,0.0008274649264973753,0.0009860853749999966,0.3744126545026699,0.10196320991254158,-0.0011731637668941364,-0.00033591994940060377,-0.00033609750777452603,1.0010584982217436,2.3553545382393396e-09,-0.0018025522163921965,0.007515806520846376,0.007515806520846376,0.14364933196019253,0.9994717057704534,2.3578476768296418e-09,0.37669530974544113,0.10340665913749082,0.006394789958333334,0.00012655531486242648,0.001840383330337092,0.0017598889762270586,0.005408704583333337,0.3777068737350196,0.10157867299743485,0.0010115639895784678,-0.0018279861400559705,-0.0018332243236040405,1.0057711437418952,9.03325152157853e-09,-0.0005687693366309558,0.0029506726072832342,0.0029506726072832342,0.1443286827344489,0.9971426390755213,9.085383714566253e-09,0.3759644178909811,0.1027542994368124,0.0036904376666666654,-0.0011833900045037566,0.0011739259517514816,0.0015020705931458028,-0.0003055678083333374,0.37612467655005055,0.1042284010383855,0.00016025865906943437,0.0014741016015731023,0.001470750329828254,0.995478812826556,-5.496526397166475e-08,0.001671073653665047,-0.007812007886071077,-0.007812007886071077,0.1704869520342123,1.0022786136279431,-5.47167557252111e-08]"
/multi_agv/m2b_algorithm_state,1789558482.3274324,1789558482.3274324,m2b_algorithm_state_v1:header6+3x20,"[1.0,-0.15,0.52,0.3781212638876781,0.10280656478134247,1789558482.32729,0.37660152878797637,0.10229340900206578,0.0036904376666666654,0.0009727061564233971,0.0006795998628571268,0.0008245625683259649,0.0009860853749999966,0.37598062008260413,0.10370507641525917,-0.0006209087053722362,0.0014116674131933876,0.0014085729710586758,0.9956395369305944,4.152151495099583e-08,0.0006324370893433806,-0.0019214686316422476,-0.0019214686316422476,0.14358664570312984,1.002196863207155,4.1340461918466236e-08,0.37771611905777736,0.10339863994578316,0.006394789958333334,0.00012532343939400913,0.001848995374415463,0.0017559425249067256,0.005408704583333337,0.37916675004821515,0.10221188631609328,0.0014506309904377956,-0.0011867536296898823,-0.0011889508495323293,1.0037197267164817,3.76880750145909e-09,0.0006243378885149153,-0.0015498863542941904,-0.0015498863542941904,0.14425593108578602,0.9981519674734147,3.782826435411544e-09,0.3769817139531629,0.10274792836459382,0.0036904376666666654,-0.0011846683784370328,0.0011807832570307182,0.0014990573458190607,-0.0003055678083333374,0.37740728368729165,0.10294884490813709,0.0004255697341287723,0.00020091654354327526,0.00020085367180613651,0.9993746311780275,-1.023145563902089e-09,0.0007328158394671019,-0.0038784441443427205,-0.0038784441443427205,0.17063030849298055,1.0003130225928827,-1.0225057205660852e-09]"
/multi_agv/m2b_algorithm_state,1789558482.3370588,1789558482.3370588,m2b_algorithm_state_v1:header6+3x20,"[1.0,-0.15,0.52,0.3791261710873363,0.10280000650365535,1789558482.3369484,0.37762078196650345,0.10228760687765526,0.0036904376666666654,0.0009725485516977866,0.0006855799324042115,0.0008215200435777695,0.0009860853749999966,0.3770921132891953,0.1039292080423408,-0.0005286686773081639,0.0016416011646855494,0.0016374235851411357,0.9949422778824841,5.613224215690767e-08,0.0009765877385059308,-0.0032564968936717757,-0.0032564968936717757,0.14350778780602869,1.0025513126733505,5.584834087424492e-08,0.3787404594670589,0.10339054620379622,0.006394789958333334,0.00012423588279935477,0.0018575867381425137,0.0017519442673612634,0.005408704583333337,0.380228233767669,0.10260094430471192,0.0014877743006100896,-0.000789601899084294,-0.0007905717306565365,1.0024639368701798,1.6535394714107757e-09,0.0010691461451060756,-0.003306411579042907,-0.003306411579042907,0.14419911541102098,0.9987732529071877,1.6576136882806823e-09,0.3780025502294719,0.10274154126257591,0.0036904376666666654,-0.0011861193185604062,0.0011875915718845588,0.0014961443873905576,-0.0003055678083333374,0.37842419749428985,0.10373724367965104,0.0004216472648179703,0.0009957024170751255,0.000994167512237734,0.9969286890451771,-2.51458655454808e-08,0.001521226593260197,-0.007054417019859394,-0.007054417019859394,0.17080076471731495,1.0015439096716576,-2.506863477316246e-08]"
/multi_agv/m2b_algorithm_state,1789558482.3473177,1789558482.3473177,m2b_algorithm_state_v1:header6+3x20,"[1.0,-0.15,0.52,0.3801434205608609,0.10279327875510634,1789558482.3472097,0.37862355359649624,0.10228214001641062,0.0036904376666666654,0.0009708356180413691,0.0006915745054597686,0.0008191441835415582,0.0009860853749999966,0.3780607393419295,0.10310913638133282,-0.0005628142545667236,0.0008269963649222001,0.0008259294498531393,0.9974279204695699,1.4229305224343772e-08,0.00012241163164473478,0.00016190463131398464,0.00016190463131398464,0.1434569330313198,1.0012917750653527,1.4192706319643995e-08,0.3797481185457529,0.10338272133381904,0.006394789958333334,0.0001230933822699877,0.0018658423752498376,0.0017481444904910576,0.005408704583333337,0.3812278617818239,0.1020985498564978,0.001479743236070974,-0.0012841714773212387,-0.0012867467140555454,1.00403044258533,4.335011143246896e-09,0.0005629323310331719,-0.0012908434873482525,-0.0012908434873482525,0.1441183252131923,0.9979986451830988,4.352483156766518e-09,0.37900684111975974,0.1027351581607364,0.0036904376666666654,-0.0011862215748980735,0.0011942896404016053,0.0014927041468566528,-0.0003055678083333374,0.37959282297662406,0.10484992004586324,0.0005859818568643149,0.0021147618851268396,0.0021078965894142346,0.9935599354072334,-1.1335211446589747e-07,0.0028403739104946282,-0.012300053725415533,-0.012300053725415533,0.17092730949644172,1.003256941420695,-1.1262211952701042e-07]"
/multi_agv/m2b_algorithm_state,1789558482.3573675,1789558482.3573675,m2b_algorithm_state_v1:header6+3x20,"[1.0,-0.15,0.52,0.38115787410210816,0.10278657816190963,1789558482.357202,0.3796386359136048,0.10227640193883283,0.0036904376666666654,0.0009704598600996962,0.0006974643559403688,0.0008162431566910593,0.0009860853749999966,0.37906785683522887,0.1035599784909324,-0.0005707790783759381,0.001283576552099569,0.0012810150937259067,0.9960284274411008,3.425479360855929e-08,0.0005675412457559841,-0.0016332036313262094,-0.0016332036313262094,0.14340956763393606,1.0019995536244715,3.411874821025278e-08,0.38076816031900884,0.1033746740542596,0.006394789958333334,0.00012217170144723961,0.0018742192744438113,0.0017441858974597685,0.005408704583333337,0.3822513750362862,0.1020985498564978,0.001483214717277359,-0.0012761241977617965,-0.0012786673844969404,1.004005258190682,4.248927417469356e-09,0.0005753510120997585,-0.001339303713320424,-0.001339303713320424,0.14403344254004768,0.9980110646709391,4.2659454688097885e-09,0.38002346544996907,0.10272876027222659,0.0036904376666666654,-0.0011872230308119926,0.001200962012471685,0.0014896670616292807,-0.0003055678083333374,0.3806347291193687,0.10475309745373415,0.0006112636693996198,0.00202433718150756,0.002018041515523315,0.9938283121678446,-1.0396330453868639e-07,0.0027821211022728397,-0.012048577731092674,-0.012048577731092674,0.1710499760097638,1.0031196910151834,-1.0332167547707432e-07]"
/multi_agv/m2b_algorithm_state,1789558482.3673792,1789558482.3673792,m2b_algorithm_state_v1:header6+3x20,"[1.0,-0.15,0.52,0.3821720945336115,0.10277987221789812,1789558482.3672373,0.3806509529694229,0.10227071524052687,0.0036904376666666654,0.0009698754912936588,0.0007033118961521255,0.000813454568947982,0.0009860853749999966,0.37979382052943816,0.10475530923514438,-0.0008571324399847535,0.0024845939946175066,0.0024750835287777138,0.992417234974216,1.2816124238152644e-07,0.0014036679787967719,-0.005182305720997933,-0.005182305720997933,0.14335061285391162,1.0038424827805668,1.2718942579513478e-07,0.38178536662770907,0.10336666354182826,0.006394789958333334,0.0001213258294364139,0.0018824775768027102,0.0017402561397558969,0.005408704583333337,0.38285663188961144,0.10180541033997215,0.0010712652619023766,-0.0015612532018561137,-0.001565068548582102,1.0049167198704203,6.317131851278927e-09,-0.0002259869712041313,0.0016183360584721114,0.0016183360584721114,0.14396090475635254,0.9975621855480741,6.348191418976176e-09,0.3810373027091925,0.10272235570337375,0.0036904376666666654,-0.001187925841989706,0.0012075666792144037,0.0014865357390159229,-0.0003055678083333374,0.3810859737491501,0.10283137971173782,4.867103995759292e-05,0.00010902400836407256,0.00010900547621881483,0.9996601770871617,-3.021485829758622e-10,0.00016984427616580599,-0.0018401782747530368,-0.0018401782747530368,0.17119219707410585,1.000170011139812,-3.020459059642854e-10]"
/multi_agv/m2b_algorithm_state,1789558482.377215,1789558482.377215,m2b_algorithm_state_v1:header6+3x20,"[1.0,-0.15,0.52,0.38318610586590157,0.10277316143755029,1789558482.3769412,0.38166305695155334,0.10226502518369635,0.0036904376666666654,0.000969349925421558,0.0007091066134260575,0.0008106679696197575,0.0009860853749999966,0.38096466101757814,0.10568450935447533,-0.0006983959339751933,0.0034194841707789886,0.0034015972373841645,0.9896753906902913,2.4245845996080306e-07,0.002528602319915173,-0.009666645749033337,-0.009666645749033337,0.14329201915675452,1.0052583924981604,2.399551710878741e-07,0.38280231404164655,0.1033586468436579,0.006394789958333334,0.00012057856604273838,0.0018906585241050822,0.0017363238772793443,0.005408704583333337,0.3839819736499312,0.10331548134225008,0.0011796596082846444,-4.316550140782971e-05,-4.3168384506245824e-05,1.0001336055701455,4.794428092736516e-12,0.0014314061258495598,-0.004940736010302751,-0.004940736010302751,0.14388888546667003,0.9999332127331358,4.795068655035367e-12,0.3820509126076347,0.10271594462634012,0.0036904376666666654,-0.0011885394588145256,0.0012141106157559176,0.001483397343918314,-0.0003055678083333374,0.38204754540170005,0.10292294791449313,-3.367205934634576e-06,0.0002070032881530126,0.00020693652312789692,0.999355447645023,-1.0897779523937826e-09,0.0002027275157096037,-0.0020019491409437483,-0.0020019491409437483,0.17133504963747864,1.0003226352898296,-1.0890755334481653e-09]"
/multi_agv/m2b_algorithm_state,1789558482.387184,1789558482.387184,m2b_algorithm_state_v1:header6+3x20,"[1.0,-0.15,0.52,0.3841983176800081,0.10276646715698666,1789558482.3870735,0.3826749716928655,0.10225933187392942,0.0036904376666666654,0.0009688852540832194,0.0007148486306346562,0.0008078823881384556,0.0009860853749999966,0.38203698783496,0.10585141723303267,-0.000637983857905533,0.003592085359103242,0.003572371697218705,0.9891750576691336,2.6739614635374517e-07,0.0027748918748367888,-0.010636562416299306,-0.010636562416299306,0.14322295823394937,1.0055183680634032,2.6450159848996996e-07,0.3838190268117426,0.10335062453943374,0.006394789958333334,0.00011992859469546046,0.0018987628375232712,0.0017323893056503115,0.005408704583333337,0.38502043621390936,0.10277172513931106,0.001201409402166731,-0.0005788994001226788,-0.0005794201434369819,1.0018030701768463,8.580172181777394e-10,0.0009223416092714318,-0.0028877939626885496,-0.0028877939626885496,0.14382775677658532,0.9991012681899284,8.595642834350564e-10,0.38306431909309646,0.10270952789928774,0.0036904376666666654,-0.0011890675291355156,0.0012205940969914428,0.0014802533146776762,-0.0003055678083333374,0.3832214186972619,0.10449352893082353,0.00015709960416543378,0.0017840010315357951,0.0017791011913810455,0.9945444675431724,-8.088953104363327e-08,0.0019754756965878377,-0.009051975157443682,-0.009051975157443682,0.17149601728170294,1.0027541098721575,-8.044823558160717e-08]"
/multi_agv/m2b_algorithm_state,1789558482.3970785,1789558482.3970785,m2b_algorithm_state_v1:header6+3x20,"[1.0,-0.15,0.52,0.3852114567448595,0.10275975483072043,1789558482.396945,0.38368511311076275,0.10225366860724043,0.0036904376666666654,0.0009683271899799629,0.0007205453296280527,0.0008051608654205452,0.0009860853749999966,0.3826368732040308,0.10452513646485546,-0.0010482399067319736,0.0022714678576150338,0.0022635041682471362,0.9930489792649208,1.0697127860800287e-07,0.0009532042848321692,-0.0034713580568297943,-0.0034713580568297943,0.14314753422520043,1.0035183011719677,1.062277190323407e-07,0.38483390656964667,0.10334262471938513,0.006394789958333334,0.00011935779547423038,0.0019067666689155938,0.0017284726871954204,0.005408704583333337,0.38604808913020255,0.10277172513931106,0.0012141825605558876,-0.0005708995800740718,-0.0005714060552346737,1.001778185798417,8.305207453164345e-10,0.0009463221454601858,-0.002977004903130566,-0.002977004903130566,0.14377376677507114,0.9991136335431484,8.319975655110468e-10,0.384075933359615,0.1027031081443344,0.0036904376666666654,-0.001189393546633138,0.0012270128927399909,0.001477055348441821,-0.0003055678083333374,0.3842747573685029,0.10458986225006052,0.00019882400888793228,0.0018867541057261128,0.001881277408562908,0.9942365708978571,-9.049651364069577e-08,0.0021298074196728235,-0.009652898234309096,-0.009652898234309096,0.1716685597230258,1.0029111587362272,-8.997494340033652e-08]"
/multi_agv/m2b_algorithm_state,1789558482.4070292,1789558482.4070292,m2b_algorithm_state_v1:header6+3x20,"[1.0,-0.15,0.52,0.3862224292394843,0.10275306529088761,1789558482.4068882,0.3846961968682371,0.10224797850578188,0.0036904376666666654,0.0009679499676635041,0.0007261848648610568,0.0008023906875324585,0.0009860853749999966,0.38364471890147556,0.10457516101633604,-0.001051477966761527,0.0023271825105541655,0.00231882626921423,0.99288249576145,1.1223774261169942e-07,0.001004478810762321,-0.0036812801272000824,-0.0036812801272000824,0.14311245696584352,1.0036036513174258,1.1143889000293537e-07,0.385849694249803,0.10333460169776636,0.006394789958333334,0.00011889226198400979,0.0019147125148303856,0.001724540601137789,0.005408704583333337,0.3865212785795531,0.10171988919167131,0.000671584329750119,-0.0016147125060950451,-0.0016187970744402415,1.0050904142111639,6.622799326762879e-09,-0.0007793166622525928,0.003592823530137695,0.003592823530137695,0.14368183512639418,0.9974767879126488,6.656512118573519e-09,0.3850884791165385,0.10269668428861305,0.0036904376666666654,-0.0011897306327961015,0.001233374356066786,0.0014738920047101022,-0.0003055678083333374,0.3848535129139137,0.10285992025428689,-0.00023496620262480894,0.00016323596567384413,0.00016319442378640082,0.9994913377319349,-6.784239259936844e-10,-0.00013051332949461035,-0.0007996388163642679,-0.0007996388163642679,0.17177690440293586,1.0002545545765562,-6.780788373407788e-10]"
/multi_agv/m2b_algorithm_state,1789558482.4169176,1789558482.4169176,m2b_algorithm_state_v1:header6+3x20,"[1.0,-0.15,0.52,0.38723563528229415,0.10274634231876179,1789558482.4168432,0.3857051414606001,0.10224232687728355,0.0036904376666666654,0.0009674451332197845,0.0007317813794368243,0.0007996982067404535,0.0009860853749999966,0.3847822775154165,0.10565816835402203,-0.000922863945183594,0.003415841476738485,0.0033979865263166595,0.9896826917387944,2.414921068584939e-07,0.002244406594837167,-0.008646187463767833,-0.008646187463767833,0.14306121990255574,1.0052545677516795,2.390005583493868e-07,0.3868632804039607,0.10332660926675026,0.006394789958333334,0.00011849857033001832,0.0019225534934291244,0.001720631927587965,0.005408704583333337,0.3875346778267289,0.10171988919167131,0.0006713974227682273,-0.001606720075078949,-0.0016107645042358584,1.0050653083591412,6.535885206222239e-09,-0.0007715177257755742,0.003561414781388954,0.003561414781388954,0.14360650224019642,0.9974891244832664,6.568991480191704e-09,0.38609886585389214,0.10269025972862901,0.0036904376666666654,-0.0011898440372555981,0.0012396707145351186,0.001470665566563975,-0.0003055678083333374,0.3857978589721683,0.10251234855715673,-0.00030100688172385315,-0.00017791117147228364,-0.00017796065156638476,1.0005566113750342,-8.061805347075367e-10,-0.0005542192537212012,0.0008564328903479575,0.0008564328903479575,0.17191248164346906,0.9997219604802207,-8.06629263963486e-10]"
/multi_agv/m2b_algorithm_state,1789558482.4270084,1789558482.4270084,m2b_algorithm_state_v1:header6+3x20,"[1.0,-0.15,0.52,0.38824855868227703,0.10273961942616762,1789558482.4268525,0.3867163293319623,0.10223662215112045,0.0036904376666666654,0.0009672513880146279,0.0007373150733989359,0.0007969035535193981,0.0009860853749999966,0.3863641004551704,0.10693691307726613,-0.0003522288767919268,0.004700290926145684,0.00466681257144811,0.9860121867943841,4.5671934747581905e-07,0.004226526475458202,-0.01641996386290929,-0.01641996386290929,0.14300444157698644,1.0071737088612462,4.503308425559365e-07,0.38787908760495216,0.1033185731274298,0.006394789958333334,0.0001182209977340521,0.0019303569679740562,0.001716692426004085,0.005408704583333337,0.3892344503350619,0.1039080590331649,0.0013553627301097215,0.0005894859057350987,0.0005889505229395699,0.9981876713243675,8.764399024622972e-10,0.0022831539355767216,-0.008269105991775398,-0.008269105991775398,0.1435370319121356,1.0009090454540335,8.748515052945962e-10,0.38711148890996794,0.10268383167773507,0.0036904376666666654,-0.001190072062734414,0.0012459133488395618,0.001467516762124749,-0.0003055678083333374,0.38751579793217933,0.10374925176976775,0.000404309022211391,0.0010654200920326845,0.0010636622597565727,0.9967136594299413,-2.889250956936667e-08,0.0015690485375208115,-0.007261632265450188,-0.007261632265450188,0.1720583863902675,1.0016526225876567,-2.8797558942998053e-08]"
/multi_agv/m2b_algorithm_state,1789558482.4370227,1789558482.4370227,m2b_algorithm_state_v1:header6+3x20,"[1.0,-0.15,0.52,0.38926185173270733,0.10273288892376294,1789558482.4369385,0.3877272542580797,0.10223091903965724,0.0036904376666666654,0.00096710647676022,0.0007427974057184644,0.0007941144500535346,0.0009860853749999966,0.38732508560416784,0.10549732638737976,-0.00040216865391184964,0.0032664073477225164,0.0032500591484171783,0.9901153948531912,2.2078411132166188e-07,0.0027473483310273663,-0.010379292279550964,-0.010379292279550964,0.14294803504638987,1.005030123625073,2.1860174755855817e-07,0.38889458681367234,0.10331053734955101,0.006394789958333334,0.00011803273764596917,0.0019380843941858572,0.0017127537701501216,0.005408704583333337,0.39026739411542705,0.1039080590331649,0.0013728073017547082,0.0005975216836138914,0.0005969715776676993,0.998162931898811,8.990909691339805e-10,0.0023129807048610845,-0.008379249625004385,-0.008379249625004385,0.14346807154169305,1.0009214943671878,8.974392777945173e-10,0.38812383497507913,0.10267740188929465,0.0036904376666666654,-0.0011902152494312796,0.0012520966487479107,0.0014643620474950993,-0.0003055678083333374,0.3886331783310808,0.10467644524763148,0.000509343356001668,0.0019990433583368244,0.0019928984857671725,0.993899300191359,-1.016623551141444e-07,0.0026295776807692575,-0.011494031373862134,-0.011494031373862134,0.17220486559647277,1.0030833846347604,-1.0104214360375355e-07]"
/multi_agv/m2b_algorithm_state,1789558482.447114,1789558482.447114,m2b_algorithm_state_v1:header6+3x20,"[1.0,-0.15,0.52,0.3902810703887305,0.10272607951173858,1789558482.4470284,0.38873856587145406,0.10222520461299454,0.0036904376666666654,0.0009670739094899054,0.0007482255180840439,0.000791304852763991,0.0009860853749999966,0.38825296158416017,0.10396463889173832,-0.0004856042872938837,0.001739434278743776,0.001734743408957914,0.994642273461181,6.268058339231023e-08,0.0011277380498405593,-0.0038474383650559736,-0.0038474383650559736,0.14289011921042938,1.002704071254365,6.234475796720058e-08,0.38991043368742,0.10330249168492647,0.006394789958333334,0.00011793938661138446,0.0019457458641381487,0.0017088082834905843,0.005408704583333337,0.39096805922181826,0.102012740762823,0.0010576255343982544,-0.0012897509221034692,-0.0012923515581839998,1.0040526618420045,4.1911928922704864e-09,2.968035981381809e-05,0.0005910880856732058,0.0005910880856732058,0.14340133636701607,0.9979876713390705,4.2081783797774715e-09,0.3891365556392478,0.10267097047336782,0.0036904376666666654,-0.0011903239400185895,0.0012582224615140135,0.0014612222844290418,-0.0003055678083333374,0.3895762350231952,0.10340159875728612,0.0004396793839474,0.0007306282839183026,0.0007297993543264741,0.9977372510797199,-1.3594292950116175e-08,0.0012793985842607242,-0.006073169277055972,-0.006073169277055972,0.1723550512715563,1.0011358321803305,-1.3563532478421328e-08]"
/multi_agv/m2b_algorithm_state,1789558482.457071,1789558482.457071,m2b_algorithm_state_v1:header6+3x20,"[1.0,-0.15,0.52,0.39129097218186226,0.10271939018043252,1789558482.4569902,0.3897557981685029,0.10221936497770699,0.0036904376666666654,0.0009676937847817083,0.000753572312440054,0.0007882547348178779,0.0009860853749999966,0.38930621069385674,0.10393083357659387,-0.00044958747464618476,0.0017114685988868783,0.0017069260164336302,0.9947262923453458,6.072303225289113e-08,0.0011449416731258992,-0.0038951532553248972,-0.0038951532553248972,0.14280895025463058,1.0026612649930424,6.040279673288524e-08,0.3909322116902411,0.10329434178377342,0.006394789958333334,0.00011800141664459335,0.001953423904531848,0.0017047868161045032,0.005408704583333337,0.39198383966253714,0.102012740762823,0.001051627972296021,-0.0012816010209504153,-0.0012841690212535065,1.0040271268085814,4.1406975942634e-09,3.0365944116519635e-05,0.0005850861866084612,0.0005850861866084612,0.14335689046498404,0.9980002630023076,4.157372708551487e-09,0.39015520130744746,0.10266453177373534,0.0036904376666666654,-0.0011908105823652403,0.00126430459314296,0.001458269079712575,-0.0003055678083333374,0.39052915401657323,0.1028130070553823,0.00037395270912576883,0.0001484752816469509,0.00014844089393031422,0.999537051274136,-5.61874299061125e-10,0.0006158817803375253,-0.003445162006613749,-0.003445162006613749,0.17254528865335825,1.0002316593205967,-5.616141800702788e-10]"
/multi_agv/m2b_algorithm_state,1789558482.466994,1789558482.466994,m2b_algorithm_state_v1:header6+3x20,"[1.0,-0.15,0.52,0.39229996597072875,0.1027127116371331,1789558482.4668992,0.39076376859422385,0.10221372136866405,0.0036904376666666654,0.0009674323841790651,0.0007589118051413821,0.0007855904328230687,0.0009860853749999966,0.39043073954503027,0.10481447716168489,-0.00033302904919357834,0.0026007557930208397,0.002590336330543033,0.9920670866652395,1.4009536428059e-07,0.00217405001905106,-0.007999050588549928,-0.007999050588549928,0.14277155019998536,1.0040224361427315,1.3898399989715037e-07,0.3919446023721305,0.1032863503066472,0.006394789958333334,0.00011805176860340931,0.0019608905708048963,0.0017008803786440346,0.005408704583333337,0.39322815204337136,0.10389843343773808,0.0012835496712408356,0.0006120831310908736,0.0006115057581326675,0.9981178491712869,9.436905940122669e-10,0.002215942847183712,-0.008041014085705135,-0.008041014085705135,0.14327263877803809,1.0009441823736367,9.419144259786978e-10,0.3911645455792323,0.10265809886598633,0.0036904376666666654,-0.0011905088426882892,0.001270308496549675,0.0014550148200880514,-0.0003055678083333374,0.3916283419924097,0.10369992554915594,0.0004637964131773975,0.0010418266831696138,0.0010401449432302452,0.9967844213284387,-2.7640850028728553e-08,0.001619890459701992,-0.007432079966041536,-0.007432079966041536,0.17266375925612013,1.0016168322985313,-2.755196870091235e-08]"
/multi_agv/m2b_algorithm_state,1789558482.477035,1789558482.477035,m2b_algorithm_state_v1:header6+3x20,"[1.0,-0.15,0.52,0.3933194956503634,0.102705896312757,1789558482.4769757,0.391770852781287,0.10220809166743137,0.0036904376666666654,0.0009671779054301697,0.0007642045490402032,0.0007829474492409608,0.0009860853749999966,0.3915207229000189,0.10432333739251218,-0.00025012988126810187,0.0021152457250808027,0.0021083271913691568,0.9935112943430066,9.268283864648565e-08,0.0017956648397840294,-0.006411980136948854,-0.006411980136948854,0.14272573831810562,1.0032815275256937,9.208144698705398e-08,0.3929560575533743,0.10327837312196278,0.006394789958333334,0.0001181768624292142,0.001968274747936649,0.001696984454489056,0.005408704583333337,0.39426125603811146,0.10389843343773808,0.0013051984847371467,0.0006200603157753004,0.0006194677660918866,0.9980932843198691,9.695041883568473e-10,0.00225096587201332,-0.00816930448631363,-0.00816930448631363,0.14319736156997157,1.00095654643526,9.676556195189548e-10,0.392172987577525,0.10265167012200513,0.0036904376666666654,-0.001190099071462294,0.001276251631472481,0.001451745343004682,-0.0003055678083333374,0.39277768316904077,0.10498848062539956,0.0006046955915157692,0.002336810503394432,0.002328432415373253,0.9928937384343359,-1.3888739994394184e-07,0.0030843019047679643,-0.013285629931522071,-0.013285629931522071,0.17279718961656643,1.0035981667176008,-1.379004297517652e-07]"
/multi_agv/m2b_algorithm_state,1789558482.4872437,1789558482.4872437,m2b_algorithm_state_v1:header6+3x20,"[1.0,-0.15,0.52,0.39433697193799794,0.10269910933134958,1789558482.487097,0.392788450095736,0.10220223980154923,0.0036904376666666654,0.0009680522590663492,0.0007693935445650772,0.0007798691070665131,0.0009860853749999966,0.39250791816046565,0.10341150168373807,-0.00028053193527033393,0.001209261882188839,0.0012069848318060654,0.9962513545003455,3.0339514624614877e-08,0.0008563199127181479,-0.00263086496844689,-0.00263086496844689,0.14267080781929867,1.0018865608935337,3.0225782539655615e-08,0.3939780770802165,0.10327021513946942,0.006394789958333334,0.00011850411692956603,0.001975744289559267,0.001692956480137231,0.005408704583333337,0.3951370311157392,0.10261294325656388,0.0011589540355227412,-0.0006572718829055413,-0.000657944315385377,1.00205128002414,1.0933767531852939e-09,0.0007907482290180495,-0.0023870946311104688,-0.0023870946311104688,0.14313037369302345,0.9989779796494755,1.0956195750779618e-09,0.3931919597751377,0.10264523399725238,0.0036904376666666654,-0.0011904330838773277,0.0012821601072222528,0.0014488163125595237,-0.0003055678083333374,0.39372419326595937,0.10347190894954146,0.0005322334908216542,0.0008266749522890804,0.0008256141634223841,0.9974417121885536,-1.7405794974156163e-08,0.001490906026949452,-0.0068712013573785265,-0.0068712013573785265,0.17294755970428902,1.0012848481938572,-1.7361265941025243e-08]"
/multi_agv/m2b_algorithm_state,1789558482.4971192,1789558482.4971192,m2b_algorithm_state_v1:header6+3x20,"[1.0,-0.15,0.52,0.39534226678008016,0.10269248180659014,1789558482.4969504,0.39380402025202765,0.1021964368424504,0.0036904376666666654,0.0009687447556659457,0.0007745405786920394,0.0007768914250749158,0.0009860853749999966,0.3934372423747582,0.10253945700870742,-0.0003667778772694641,0.0003430201662570215,0.00034283571858882505,0.9989259712385212,2.4445360767542105e-09,-0.00011563662799800507,0.001225218499067891,0.001225218499067891,0.14261635160419578,1.0005380059841944,2.4419105746993042e-09,0.39499800877121694,0.10326209406253775,0.006394789958333334,0.00011889612257065443,0.001983110499656937,0.001688954193564532,0.005408704583333337,0.39615705569385873,0.10261294325656388,0.0011590469226417932,-0.0006491508059738721,-0.0006498067567727123,1.0020259721790539,1.070085781275218e-09,0.0007990018965295292,-0.0024196555393477337,-0.0024196555393477337,0.14306401167884505,0.9989905448165883,1.0722537452972826e-09,0.3942088867907493,0.10263879708906057,0.0036904376666666654,-0.001190515786796392,0.001288009014436809,0.0014458093317003158,-0.0003055678083333374,0.39469790947727934,0.10247212419295597,0.0004890226865300606,-0.0001666728961045999,-0.00016671634942271862,1.0005217518975877,-7.081061296258962e-10,0.00044456200873985716,-0.0026928308730528763,-0.0026928308730528763,0.17309820990011682,0.9997393577878283,-7.08475585342722e-10]"
/multi_agv/m2b_algorithm_state,1789558482.5069802,1789558482.5069802,m2b_algorithm_state_v1:header6+3x20,"[1.0,-0.15,0.52,0.396351820876921,0.10268580085548373,1789558482.5068536,0.39480747385894627,0.10219088888384648,0.0036904376666666654,0.0009682874341623198,0.0007796975146610588,0.0007744070176810358,0.0009860853749999966,0.39450783202342565,0.10296198189586885,-0.0002996418355206143,0.0007710930120223697,0.0007701639086853029,0.997597246515881,1.2343696462698569e-08,0.00039561161428453505,-0.00078773906826757,-0.00078773906826757,0.14256233275363298,1.0012063709122034,1.2314037603015913e-08,0.3960056764109198,0.10325418314174946,0.006394789958333334,0.00011923467740004509,0.001990228892518875,0.0016851040054779026,0.005408704583333337,0.39714959078172984,0.10235806210711929,0.0011439143708100175,-0.0008961210346301735,-0.0008973735455505043,1.0028049891614736,2.0454230044284316e-09,0.0005325194179620175,-0.0013632040054700988,-0.0013632040054700988,0.14299946532325505,0.9986042480006889,2.051160393786482e-09,0.3952136500703745,0.10263237339417454,0.0036904376666666654,-0.0011896192468826825,0.0012937758392808285,0.001442420566900979,-0.0003055678083333374,0.3957532262244026,0.10316309994201751,0.0005395761540281097,0.0005307265478429746,0.0005302882592300293,0.9983516938187152,-7.171082581666657e-09,0.0012047584517651663,-0.005713585014697277,-0.005713585014697277,0.1732485853096507,1.000826510120329,-7.159262441920792e-09]"
/multi_agv/m2b_algorithm_state,1789558482.5174212,1789558482.5174212,m2b_algorithm_state_v1:header6+3x20,"[1.0,-0.15,0.52,0.39736728888645234,0.10267904600495202,1789558482.517315,0.3958151883823919,0.10218524737436492,0.0036904376666666654,0.0009683637470213912,0.0007847835249109366,0.0007717281853105826,0.0009860853749999966,0.3956651579068154,0.10359319895942651,-0.0001500304755764903,0.001407951585061587,0.0014048687507607104,0.9956443490265876,4.113904930521244e-08,0.0012173306562900975,-0.004010602938638591,-0.004010602938638591,0.14249087678412956,1.0021943931055532,4.095986196506093e-08,0.3970176016196021,0.10324620154621073,0.006394789958333334,0.00011969866421825213,0.0019973422280433195,0.0016812020721809484,0.005408704583333337,0.3981688735924893,0.10235806210711929,0.0011512719728872245,-0.0008881394390914399,-0.0008893697973130978,1.0027800556200557,2.0170284948970264e-09,0.0005497201687959328,-0.001427238251081939,-0.001427238251081939,0.1429517978174703,0.9986165954528982,2.0226359463000773e-09,0.396222672628769,0.10262595364587558,0.0036904376666666654,-0.0011890209456706644,0.0012994928699085204,0.0014391869866925084,-0.0003055678083333374,0.39686729426079037,0.1041131345110441,0.0006446216320213916,0.0014871808651685248,0.0014837641602122344,0.9954312831976546,-5.62430805527055e-08,0.002289541200238974,-0.010030680399939457,-0.010030680399939457,0.17342987346301228,1.002302727783775,-5.5986121845568683e-08]"
/multi_agv/m2b_algorithm_state,1789558482.5272877,1789558482.5272877,m2b_algorithm_state_v1:header6+3x20,"[1.0,-0.15,0.52,0.3983816135802591,0.10267230991997217,1789558482.5272205,0.3968288121333694,0.1021794826638572,0.0036904376666666654,0.0009691058840284776,0.0007897886552308939,0.0007688028042939382,0.0009860853749999966,0.3969328138837874,0.10316491655121184,0.00010400175041802573,0.000985433887354642,0.000983918709174345,0.9969364027600838,2.0174822517806186e-08,0.0011139208971968771,-0.0034436699304042865,-0.0034436699304042865,0.14243780498158157,1.0015399424425708,2.0113014987224835e-08,0.3980354463712213,0.10323812186853557,0.006394789958333334,0.00012030973069651792,0.0020044724543067938,0.0016772275907506462,0.005408704583333337,0.3995241700159555,0.10213478839080867,0.0014887236447342356,-0.0011033334777268977,-0.0011052356327321902,1.0034625611107617,3.129341352930182e-09,0.0007556689231856043,-0.0020572377014531724,-0.0020572377014531724,0.14288681550577506,0.9982789597539574,3.1401768886011365e-09,0.3972376081547664,0.10261953348246329,0.0036904376666666654,-0.0011888198421792337,0.0013051648262009637,0.0014361490324137386,-0.0003055678083333374,0.398186337319045,0.10331693303361487,0.0009487291642786277,0.000697399551151584,0.0006966435798403851,0.9978378059377074,-1.2373388314511814e-08,0.0018825550351886699,-0.008202506923162805,-0.008202506923162805,0.17358170437831533,1.001085162245193,-1.2346634647767737e-08]"
/multi_agv/m2b_algorithm_state,1789558482.5372689,1789558482.5372689,m2b_algorithm_state_v1:header6+3x20,"[1.0,-0.15,0.52,0.39938776401090176,0.10266568372806373,1789558482.5371504,0.39784131475780704,0.10217374668823292,0.0036904376666666654,0.0009697783223172429,0.0007947488274498648,0.0007659310237722755,0.0009860853749999966,0.3978318885003042,0.10188238847195365,-9.426257502831437e-06,-0.0002913582162792777,-0.0002914919741899146,1.0009191852761796,1.7664901185037677e-09,-0.0003032747960684539,0.00217629293531706,0.00217629293531706,0.14240319977856772,0.9995411266090307,1.7681138502112131e-09,0.3990521189243234,0.10323006622966513,0.006394789958333334,0.00012098829045145698,0.002011516032193017,0.001673268929078861,0.005408704583333337,0.40054260879468584,0.10213478839080867,0.0014904898703624325,-0.0010952778388564621,-0.0010971524110227632,1.0034373425229013,3.101300754711927e-09,0.0007659599269302774,-0.0020966278655438915,-0.0020966278655438915,0.14280529248982768,0.9982914204558384,3.111960987672404e-09,0.39825140705864676,0.10261311684201847,0.0036904376666666654,-0.0011884613168590776,0.001310779413055638,0.0014330726826937866,-0.0003055678083333374,0.3991272700490004,0.10214797524129847,0.0008758629903536375,-0.00046514160072000377,-0.00046548091699147504,1.0014615676811702,-5.507162470458338e-09,0.0006293478209505718,-0.0032100052077257773,-0.0032100052077257773,0.17370318681965422,0.9992710414990491,-5.515211561140113e-09]"
/multi_agv/m2b_algorithm_state,1789558482.547211,1789558482.547211,m2b_algorithm_state_v1:header6+3x20,"[1.0,-0.15,0.52,0.40039749623603144,0.10265901560363151,1789558482.547164,0.3988456916262928,0.10216818305893341,0.0036904376666666654,0.0009697036286081735,0.0007997014051368762,0.000763387062058792,0.0009860853749999966,0.39878672640132456,0.10112767834688943,-5.8965224968232643e-05,-0.001040504712043977,-0.0010422204787602848,1.0033109792598116,2.2539504926983983e-08,-0.0011159270099705756,0.0053833657909002665,0.0053833657909002665,0.14235115574528306,0.9983537392027177,2.261413276032365e-08,0.4000605555009196,0.10322215501374248,0.006394789958333334,0.00012165007901833707,0.0020183744700535966,0.0016694138570362005,0.005408704583333337,0.40133305062026425,0.09971478949225224,0.0012724951193446299,-0.0035073655214902383,-0.0035269473888609694,1.0113151775951288,3.2026936300953194e-08,-0.001936328489680182,0.008470825402347282,0.008470825402347282,0.1427420608287518,0.994447927566888,3.238932677302636e-08,0.39925704490549285,0.10260671311151534,0.0036904376666666654,-0.0011874390685853308,0.0013163227964437451,0.001429745662323379,-0.0003055678083333374,0.4000697270219685,0.10169382643127962,0.0008126821164756715,-0.0009128866802357166,-0.0009141982397362702,1.0028834241345257,-2.120128160514318e-08,0.00010165440585831913,-0.0011375192097490504,-0.0011375192097490504,0.17385491753883112,0.998565344535194,-2.1262413892206324e-08]"
/multi_agv/m2b_algorithm_state,1789558482.5572062,1789558482.5572062,m2b_algorithm_state_v1:header6+3x20,"[1.0,-0.15,0.52,0.40141098841869177,0.10265230418278208,1789558482.557086,0.3998536544171656,0.10216254341614636,0.0036904376666666654,0.0009700835459398108,0.0008045862396061079,0.0007606812752076583,0.0009860853749999966,0.3998844753759584,0.10254261857298261,3.082095879280988e-05,0.00038007515683624593,0.00037984866558340053,0.9988099010148095,3.005739201440807e-09,0.0004183748640744129,-0.0006883573235837888,-0.0006883573235837888,0.14229931302576546,1.0005962670751984,3.002162074267425e-09,0.4010725688627278,0.10321418787101788,0.006394789958333334,0.00012242674621094386,0.0020252178800891363,0.0016655168021590672,0.005408704583333337,0.402330264725807,0.09971478949225224,0.0012576958630792223,-0.0034993983787656446,-0.0035188923145559967,1.0112896696783413,3.208613846739384e-08,-0.0019467724857069688,0.008504902733931213,0.008504902733931213,0.1426790611287399,0.9944602067787881,3.244838037194423e-08,0.4002662654282009,0.10260031552373033,0.0036904376666666654,-0.0011866602640352455,0.0013218157025720106,0.0014265504292043452,-0.0003055678083333374,0.40111600934011127,0.10201541674898011,0.0008497439119103944,-0.0005848987747502227,-0.00058543589094244,1.0018407064266213,-8.696026780562113e-09,0.0004767439989455531,-0.002612913070654175,-0.002612913070654175,0.17400768318130014,0.9990825362767687,-8.712033612943164e-09]"
/multi_agv/m2b_algorithm_state,1789558482.5675035,1789558482.5675035,m2b_algorithm_state_v1:header6+3x20,"[1.0,-0.15,0.52,0.4024349006832671,0.10264546374006234,1789558482.5674345,0.40086538058930227,0.1021568280697417,0.0036904376666666654,0.0009709093093368923,0.0008094013905692306,0.0007578184720176879,0.0009860853749999966,0.40101636320308814,0.10343310463250692,0.00015098261378587718,0.0012762765627652162,0.0012737398581574232,0.9960441845022725,3.3900465765579644e-08,0.0014624681253897697,-0.004820450357413063,-0.004820450357413063,0.14224766900695027,1.001991540573648,3.3766361777723985e-08,0.40208833751444856,0.10320616270187723,0.006394789958333334,0.00012332215349983994,0.0020320472872704665,0.0016615755572854385,0.005408704583333337,0.40354258849562846,0.10126875668505103,0.0014542509811799054,-0.0019374060168261958,-0.0019433111709740672,1.0061410128273789,9.897412348306875e-09,-0.00012549744449918553,0.0014323171954909915,0.0014323171954909915,0.14261628548090188,0.9969612925422996,9.958192484495685e-09,0.4012792471523244,0.10259392177672731,0.0036904376666666654,-0.00118611801407045,0.001327259672244477,0.0014234831953113215,-0.0003055678083333374,0.40215744111821033,0.10166261304677865,0.0008781939658859539,-0.0009313087299486628,-0.0009326741880589124,1.0029427426746953,-2.2042598072330465e-08,0.00016506826929852997,-0.0013523169222923418,-0.0013523169222923418,0.17416150730258056,0.9985359752336542,-2.210746376633907e-08]"
/multi_agv/m2b_algorithm_state,1789558482.5774248,1789558482.5774248,m2b_algorithm_state_v1:header6+3x20,"[1.0,-0.15,0.52,0.40343415991589476,0.10263894946014908,1789558482.5772765,0.4018875052817211,0.1021509020934524,0.0036904376666666654,0.0009728203274137781,0.0008141085750583803,0.0007545413956633932,0.0009860853749999966,0.40200511184189824,0.10267266484309823,0.00011760656017711923,0.0005217627496458266,0.0005213363084712682,0.9983686304448277,5.680172686822225e-09,0.0006683445086926673,-0.0016393002731297799,-0.0016393002731297799,0.14217287634560952,1.0008179771246104,5.670906226032822e-09,0.40311455238063765,0.10319796582307827,0.006394789958333334,0.00012441888742674954,0.002038955092111605,0.001657506249047841,0.005408704583333337,0.40454853723433415,0.10126875668505103,0.0014339848536965016,-0.0019292091380272436,-0.0019350647201642134,1.006115142271674,9.90142906655725e-09,-0.00014258365304358638,0.0014900289351320794,0.0014900289351320794,0.14257508092092833,0.9969739605730226,9.961977713992137e-09,0.40230264438744257,0.10258752330365631,0.0036904376666666654,-0.0011862902008276783,0.001332667233159843,0.0014207445961177565,-0.0003055678083333374,0.4030905408025577,0.10043457656431198,0.0007878964151151191,-0.0021529467393443247,-0.0021603127371784625,1.0068986827642448,-1.1791500332096612e-07,-0.0011754422182845637,0.003917061714014739,0.003917061714014739,0.17435716915991217,0.9965903094920606,-1.1872846152202234e-07]"
/multi_agv/m2b_algorithm_state,1789558482.5874157,1789558482.5874157,m2b_algorithm_state_v1:header6+3x20,"[1.0,-0.15,0.52,0.40444535030823925,0.10263228811795848,1789558482.5872784,0.4028850857502955,0.10214549986277029,0.0036904376666666654,0.0009722850675512947,0.000818899657516236,0.000752281091049075,0.0009860853749999966,0.40290172257924034,0.10124200363235725,1.6636828944815996e-05,-0.0009034962304130395,-0.0009047889517001214,1.002871414658044,1.7039939487430992e-08,-0.0008839929155191014,0.004505859368333769,0.004505859368333769,0.14212325827253647,0.9985712454991268,1.7088868219447383e-08,0.4041159756111561,0.1031901985528308,0.006394789958333334,0.00012529876018892855,0.0020454470857840246,0.0016537472780451812,0.005408704583333337,0.4051660496629148,0.09794304096778143,0.0010500740517587204,-0.005247157585049372,-0.005291586877573933,1.017271639085931,7.391864302793094e-08,-0.003978994312875532,0.016305685697164063,0.016305685697164063,0.14251357675006238,0.9916037866234694,7.519533915203114e-08,0.4033014183862326,0.10258114996484614,0.0036904376666666654,-0.001184534536954824,0.001337981254817544,0.0014172189708260147,-0.0003055678083333374,0.4040754874815531,0.10075001788176577,0.0007740690953204621,-0.0018311320830803751,-0.0018364480186771628,1.0058465895447455,-8.515688880852466e-08,-0.0008688616495265851,0.00269930016016735,0.00269930016016735,0.1745090127914226,0.9971053165988238,-8.565476618429564e-08]"
/multi_agv/m2b_algorithm_state,1789558482.597315,1789558482.597315,m2b_algorithm_state_v1:header6+3x20,"[1.0,-0.15,0.52,0.40545487763345217,0.10262565606034575,1789558482.5971735,0.4038945708128641,0.10213984741518682,0.0036904376666666654,0.0009730572235303529,0.0008235794930110387,0.0007495119175237146,0.0009860853749999966,0.40381032633767205,0.10176572205225856,-8.424447519206346e-05,-0.0003741253629282598,-0.00037434614974988633,1.0011819609018258,2.923132348045763e-09,-0.00047965174373996566,0.002841739375018852,0.002841739375018852,0.14207067848789742,0.9994102067784749,2.926587376192015e-09,0.4051293643517831,0.1031822364702426,0.006394789958333334,0.00012638540569169694,0.0020520421306316483,0.0016498450568524226,0.005408704583333337,0.40617952867514134,0.09836207967323225,0.0010501643233582492,-0.004820156797010353,-0.00485753195613861,1.0157915734834881,6.290489030543065e-08,-0.0035448265519407987,0.014628692201864293,0.014628692201864293,0.14245439237279087,0.9923057306743961,6.389825750315962e-08,0.4043121157600704,0.10257478046844597,0.0036904376666666654,-0.0011836663605006028,0.0013432574250382611,0.0014140977453005535,-0.0003055678083333374,0.4051348547333332,0.10167768556545836,0.0008227389732627932,-0.0008970949029876024,-0.0008983618781780981,1.0028342673855413,-2.0411792860457444e-08,0.00013006183840039338,-0.0012413624419541926,-0.0012413624419541926,0.17466793238878475,0.9985896828201736,-2.0469645339242264e-08]"
/multi_agv/m2b_algorithm_state,1789558482.6075852,1789558482.6075852,m2b_algorithm_state_v1:header6+3x20,"[1.0,-0.15,0.52,0.4064766732377802,0.10261887368306687,1789558482.6073196,0.4049024160478162,0.10213423471079246,0.0036904376666666654,0.0009737262362169699,0.0008282197731122481,0.0007468080316247786,0.0009860853749999966,0.404946603350289,0.10370030304995409,4.4187302472797896e-05,0.0015660683391616331,0.0015622561351646812,0.9951605880338263,5.118575033879996e-08,0.0016174902632556786,-0.005507669622353671,-0.005507669622353671,0.14203960291080858,1.0024401914072496,5.09380414061128e-08,0.4061410602778583,0.10317431191199117,0.006394789958333334,0.00012752212887613516,0.0020585479332182466,0.0016459675549362202,0.005408704583333337,0.4074194181008001,0.1000774810512281,0.0012783578229418335,-0.003096830860763067,-0.003112059194783577,1.0099507409160564,2.617241356723777e-08,-0.0015141119161062853,0.00682360862373133,0.00682360862373133,0.1423759229057953,0.995106669549848,2.6432848473793233e-08,0.40532115657468215,0.10256842155825366,0.0036904376666666654,-0.001182629869180493,0.00134847673680015,0.0014109331370963261,-0.0003055678083333374,0.4061470903318422,0.10138450964454881,0.0008259337571600578,-0.0011839119137048437,-0.0011861235626243027,1.0037530054413317,-3.552703176025114e-08,-0.00015370636617423046,-0.00010843698050162906,-0.00010843698050162906,0.17479036544576584,0.9981353975343296,-3.566036490376172e-08]"
/multi_agv/m2b_algorithm_state,1789558482.6172965,1789558482.6172965,m2b_algorithm_state_v1:header6+3x20,"[1.0,-0.15,0.52,0.4074769680101113,0.10261237826896526,1789558482.6171508,0.4059225016225431,0.10212837272493135,0.0036904376666666654,0.0009756830615076455,0.0008327416340812577,0.0007436075055568528,0.0009860853749999966,0.40616000455005047,0.10493386521577235,0.00023750292750734925,0.0028054924908409995,0.002793372699670063,0.9914526788612977,1.6444922282246624e-07,0.0030902513590542495,-0.011373623721168803,-0.011373623721168803,0.1419949972682682,1.0043387662421017,1.6304362250399262e-07,0.40716505906616285,0.1031661873241776,0.006394789958333334,0.0001288783500011572,0.002065157485148128,0.0016419409233321969,0.005408704583333337,0.40841750112730457,0.1000774810512281,0.001252442061141723,-0.003088706272949493,-0.00310385554629621,1.009924810691464,2.63129838976458e-08,-0.0015383029698690562,0.006906472295402661,0.006906472295402661,0.14230977428380065,0.9951192079912371,2.6574135281557474e-08,0.40634245902463445,0.10256206100009164,0.0036904376666666654,-0.0011824628376567287,0.0013536604410971662,0.0014081639461018562,-0.0003055678083333374,0.4071445514061363,0.10133312996635656,0.0008020923815018621,-0.0012289310337350867,-0.0012313151031363126,1.003898051621298,-3.827713253615613e-08,-0.00022869962625898495,0.00017682540520138246,0.00017682540520138246,0.17493827439434015,0.9980638023563967,-3.842633877469733e-08]"
/multi_agv/m2b_algorithm_state,1789558482.627184,1789558482.627184,m2b_algorithm_state_v1:header6+3x20,"[1.0,-0.15,0.52,0.408487763658886,0.10260575682781774,1789558482.627044,0.4069211816353344,0.10212296967991243,0.0036904376666666654,0.0009755051704706066,0.0008373354132912621,0.0007412949261742545,0.0009860853749999966,0.40712421629402235,0.10399091163592614,0.00020303465868792836,0.0018679419560137106,0.0018625300788776649,0.9942468394579127,7.29413237895121e-08,0.0021163234022375755,-0.0074313748911881625,-0.0074313748911881625,0.14194626300737323,1.002905658919241,7.252168064359867e-08,0.4081674356323823,0.10315844037996934,0.006394789958333334,0.00013004407513961432,0.0020714028668129547,0.0016381863330122565,0.005408704583333337,0.40890755782363375,0.0980259117875164,0.0007401221912514688,-0.005132528592452931,-0.005175019168244552,1.016879683853421,7.340833438696378e-08,-0.004249866429180216,0.017210406467807186,0.017210406467807186,0.14225060941820686,0.9917892911291314,7.464744386362195e-08,0.4073422867626172,0.102555724747014,0.0036904376666666654,-0.0011806156348207748,0.0013587613477024042,0.0014047095062850023,-0.0003055678083333374,0.40821295508851946,0.1019660296136942,0.0008706683259022685,-0.000589695133319787,-0.0005902414474426029,1.0018570324671958,-8.796006558242014e-09,0.0004980939599352328,-0.0026803237440104245,-0.0026803237440104245,0.17509304492761588,0.9990744226363923,-8.812341028002336e-09]"
/multi_agv/m2b_algorithm_state,1789558482.6371157,1789558482.6371157,m2b_algorithm_state_v1:header6+3x20,"[1.0,-0.15,0.52,0.40949832066383585,0.10259914860841422,1789558482.6370003,0.40793034152337804,0.10211734910000068,0.0036904376666666654,0.0009764849306060672,0.0008418241374988584,0.0007385351774390086,0.0009860853749999966,0.4075245966209575,0.10250716561956605,-0.00040574490242051287,0.0003898165195653641,0.00038957814007994245,0.9987787802241017,3.1832829364585967e-09,-0.00011760298794569863,0.0012189085453246336,0.0012189085453246336,0.14189744219897232,1.0006118913278164,3.179395448384314e-09,0.4091803402108326,0.1031505259790044,0.006394789958333334,0.000131398809705573,0.0020777296558396885,0.0016343074535599827,0.005408704583333337,0.4098958828076085,0.0980259117875164,0.0007155425967759199,-0.005124614191487992,-0.005166975812585,1.0168539373366503,7.394679013233209e-08,-0.0042725475666151,0.01728776858577394,0.01728776858577394,0.14219124920642115,0.9918014671185745,7.519308469946884e-08,0.4083526092424475,0.10254939540444813,0.0036904376666666654,-0.0011795460840709469,0.0013638212744014177,0.0014016134818929677,-0.0003055678083333374,0.40898465799207623,0.1018252615135704,0.0006320487496287441,-0.0007241338908777345,-0.0007249586126328533,1.0022840978751963,-1.3253381707487118e-08,6.510232440307682e-05,-0.001084942635730221,-0.001084942635730221,0.17524983126752366,0.998862387809804,-1.3283653728484355e-08]"
/multi_agv/m2b_algorithm_state,1789558482.6471174,1789558482.6471174,m2b_algorithm_state_v1:header6+3x20,"[1.0,-0.15,0.52,0.4105087968438174,0.10259255210715833,1789558482.6470034,0.4089392804080889,0.10211174110831173,0.0036904376666666654,0.0009774965189931367,0.0008462663731828904,0.0007357858153826335,0.0009860853749999966,0.4085076760587066,0.10285116951398279,-0.0004316043493823307,0.0007394284056710665,0.0007385729099941351,0.9976925784157312,1.1463055653345636e-08,0.00019906747326622171,-6.45361041484091e-05,-6.45361041484091e-05,0.1418490244169766,1.0011583090380856,1.1436605551309433e-08,0.4101929833978104,0.10314262757172726,0.006394789958333334,0.00013281625993055192,0.0020839882019236255,0.0016304368899391353,0.005408704583333337,0.4109616681507958,0.09915716866944255,0.0007686847529854157,-0.0039854589022847164,-0.0040108626001921525,1.0129412696060434,4.517854060607744e-08,-0.003050006658960383,0.012577249554669774,0.012577249554669774,0.142132361377951,0.9936662757018356,4.576320828046827e-08,0.4093626981856083,0.10254307714520366,0.0036904376666666654,-0.0011784150759243171,0.0013688278953988666,0.0013985185473723311,-0.0003055678083333374,0.40990175506173687,0.1011332913277808,0.0005390568761285963,-0.0014097858174228622,-0.0014129283522580083,1.0044820784691242,-5.021010412541757e-08,-0.0007391072570972629,0.002064021787437382,0.002064021787437382,0.17540703039925523,0.9977758710623056,-5.043514975205059e-08]"
/multi_agv/m2b_algorithm_state,1789558482.657094,1789558482.657094,m2b_algorithm_state_v1:header6+3x20,"[1.0,-0.15,0.52,0.41151912003464997,0.10258596878322267,1789558482.6569774,0.4099481554485956,0.10210614279535138,0.0036904376666666654,0.0009785555795687327,0.0008506614945687492,0.000733040384201552,0.0009860853749999966,0.40998888939396677,0.10447556633220935,4.073394537118524e-05,0.0023694235368579702,0.002360747060160231,0.9927426057703114,1.1769572865406279e-07,0.0024116644918742124,-0.008726736824047553,-0.008726736824047553,0.141789941461844,1.0036753097543412,1.168415643520698e-07,0.4112055238602224,0.10313474310941705,0.006394789958333334,0.00013429714508561563,0.002090181049214934,0.0016265730067761414,0.005408704583333337,0.41195106839465356,0.09915716866944255,0.0007455445344311529,-0.003977574439974499,-0.004002878914303548,1.0129158867086265,4.550310596617412e-08,-0.0030709482462646072,0.012648858600114473,0.012648858600114473,0.14208432663307893,0.9936784312314249,4.6090818927723854e-08,0.4103727112226343,0.10253677041670657,0.0036904376666666654,-0.0011772357936579527,0.001373781676295282,0.0013954301752329475,-0.0003055678083333374,0.4109017754739586,0.10144234462565427,0.0005290642513243182,-0.001094425791052303,-0.0010963152682503328,1.0034672918403216,-3.022341219427861e-08,-0.000434984954094935,0.0008518475532076583,0.0008518475532076583,0.1755843115015399,0.9982765202193661,-3.032820558476651e-08]"
/multi_agv/m2b_algorithm_state,1789558482.6671398,1789558482.6671398,m2b_algorithm_state_v1:header6+3x20,"[1.0,-0.15,0.52,0.412529669813207,0.10257939429003217,1789558482.6669655,0.4109568946477295,0.10210055612457142,0.0036904376666666654,0.000979653929821645,0.0008550101805780519,0.0007303020776868062,0.0009860853749999966,0.4111286068824328,0.10551627914313495,0.00017171223470330288,0.003415723018563535,0.00339783425839705,0.9896626527257213,2.446791004515801e-07,0.0036124745517761786,-0.01354733378469932,-0.01354733378469932,0.14172077485549703,1.0052647536065884,2.42149767619454e-07,0.4122178892245955,0.10312687445517957,0.006394789958333334,0.00013583942341083722,0.0020963075698365308,0.001622717015870731,0.005408704583333337,0.41324042812089234,0.09902616592236713,0.0010225388962968318,-0.0041007085328124415,-0.004127632013046236,1.0133357005263004,4.892482625482788e-08,-0.002849458392675196,0.011924605499534911,0.011924605499534911,0.14204659395216213,0.9934772576264801,4.957727308606354e-08,0.411382576231625,0.10253047576991699,0.0036904376666666654,-0.001176003672643719,0.0013786828196422603,0.0013923462814599136,-0.0003055678083333374,0.4122507091120612,0.10166644636980596,0.0008681328804361899,-0.0008640294001110299,-0.000865205113901929,1.0027304193652362,-1.8815599403587048e-08,0.00021996098664330834,-0.0015667271180870802,-0.0015667271180870802,0.17578085725790246,0.9986411155320191,-1.8866973880567128e-08]"
/multi_agv/m2b_algorithm_state,1789558482.6772163,1789558482.6772163,m2b_algorithm_state_v1:header6+3x20,"[1.0,-0.15,0.52,0.4135431278539845,0.10257279481820397,1789558482.6771245,0.41196587614266333,0.10209497371249417,0.0036904376666666654,0.0009808285042573442,0.0008593104626780086,0.0007275559094991001,0.0009860853749999966,0.4120480937514128,0.10359806058535086,8.22176087494908e-05,0.0015030868728566904,0.0014995715479773776,0.9953493405218456,4.750606671248588e-08,0.001602343558914241,-0.005416685161397636,-0.005416685161397636,0.14168801590020944,1.0023442195099355,4.728513217305963e-08,0.4132304608802209,0.10311901579701338,0.006394789958333334,0.00013744671094626047,0.002102373201041785,0.0016188645209436192,0.005408704583333337,0.41423058194062135,0.09902616592236713,0.0010001210604004274,-0.004092849874646254,-0.004119671516393772,1.0133103682001616,4.931567228933173e-08,-0.0028695201908932374,0.011993225184431591,0.011993225184431591,0.14197545581662707,0.9934893736938045,4.997208204554124e-08,0.4123926724167367,0.10252419336058897,0.0036904376666666654,-0.0011747475287983366,0.0013835320765934961,0.0013892789664342719,-0.0003055678083333374,0.41327777142912303,0.10178532939900706,0.0008850990123863145,-0.0007388639615819176,-0.0007397229688372902,1.0023317529524869,-1.3743627174777035e-08,0.00036665079664560294,-0.002141261007686964,-0.002141261007686964,0.1759136485036882,0.9988387446496046,-1.37756739180197e-08]"
/multi_agv/m2b_algorithm_state,1789558482.6873453,1789558482.6873453,m2b_algorithm_state_v1:header6+3x20,"[1.0,-0.15,0.52,0.4145541823770909,0.10256623933321603,1789558482.687198,0.41297777203843933,0.10208934119185893,0.0036904376666666654,0.0009823419892441678,0.0008635464769812021,0.0007246962627176297,0.0009860853749999966,0.4129456591756177,0.1021369550833799,-3.2112862821620514e-05,4.7613891520970064e-05,4.761032444360634e-05,0.9998501936557027,4.7794569512827014e-11,7.4692459165806975e-06,0.0009343922364005148,0.0009343922364005148,0.14165891366393366,1.000074922349415,4.7787409583091034e-11,0.4142459324433426,0.10311112232142493,0.006394789958333334,0.00013915216587965726,0.0021084137680743575,0.0016149825096628684,0.005408704583333337,0.41519335074725905,0.09916572425610493,0.0009474183039164252,-0.003945398065320002,-0.003970296684878943,1.0128108144783503,4.639241415813288e-08,-0.002786023804983412,0.011643560551403087,0.011643560551403087,0.14190145489666914,0.9937287760751561,4.6986738769115516e-08,0.41340567908017156,0.10251792094132806,0.0036904376666666654,-0.0011736626198141698,0.0013883329822663637,0.0013863110313416596,-0.0003055678083333374,0.41417893128237243,0.10097776814261734,0.0007732522022008692,-0.0015401527987107116,-0.001543908411265824,1.0049054917860947,-5.969589916672157e-08,-0.0005773431585147375,0.0015545276995241088,0.0015545276995241088,0.17604106112054418,0.9975674641528554,-5.998873690974746e-08]"
/multi_agv/m2b_algorithm_state,1789558482.6971273,1789558482.6971273,m2b_algorithm_state_v1:header6+3x20,"[1.0,-0.15,0.52,0.41555995752705965,0.10255976451674247,1789558482.6969607,0.4139872892913407,0.10208377104961616,0.0036904376666666654,0.0009836459620782556,0.0008677499599320398,0.0007219443583397983,0.0009860853749999966,0.4139071517200044,0.1014966200370251,-8.013757133629174e-05,-0.0005871510125910612,-0.0005876961086007743,1.0018608892899643,7.280955702542606e-09,-0.000687868072771139,0.003684252346601462,0.003684252346601462,0.14161246652207404,0.9990724866104509,7.294504755030172e-09,0.41525896830353576,0.10310328510279956,0.006394789958333334,0.0001408885845588584,0.002114357779334386,0.001611137308750607,0.005408704583333337,0.4162982811942663,0.10052779685615669,0.0010393128907305593,-0.0025754882466428736,-0.0025859892846550538,1.0082346005516614,1.999924739754365e-08,-0.0012868481712418546,0.005817226317880217,0.005817226317880217,0.14184481014096953,0.9959392569511049,2.0163933211196273e-08,0.4144162895363964,0.10251166184723236,0.0036904376666666654,-0.0011723441091414893,0.00139308054750302,0.0013832695832267806,-0.0003055678083333374,0.41516521032494624,0.10016083857713023,0.0007489207885498228,-0.002350823270102123,-0.002359627776499961,1.0075574154268552,-1.389989900747812e-07,-0.0014234767908126826,0.004888952137171018,0.004888952137171018,0.17620046784982832,0.9962686884408108,-1.4004946318668966e-07]"
/multi_agv/m2b_algorithm_state,1789558482.7072532,1789558482.7072532,m2b_algorithm_state_v1:header6+3x20,"[1.0,-0.15,0.52,0.41657340420642736,0.10255320504486538,1789558482.7071538,0.41499156190233444,0.10207831974342126,0.0036904376666666654,0.0009844755398108057,0.000871938838545582,0.0007194056921892202,0.0009860853749999966,0.41506786806192725,0.10304130608965222,7.63061595928094e-05,0.0009629863462309596,0.0009615371580977634,0.9970012616051145,1.9580993364848536e-08,0.001056919857588775,-0.00321482027823208,-0.00321482027823208,0.14156664504981475,1.0015071577015944,1.9522275088235365e-08,0.41626668060873095,0.103095552719727,0.006394789958333334,0.0001426168278511027,0.0021201692450139586,0.0016073646089536098,0.005408704583333337,0.4173967267181078,0.10098439751524191,0.0011300461093768366,-0.002111155204485085,-0.002118186935912398,1.0067151164620467,1.3599258259768699e-08,-0.0007056292991913524,0.0035726996076740117,0.0035726996076740117,0.14178892439338034,0.9966803064884904,1.3690578862780497e-08,0.4154216300701135,0.10250542108707912,0.0036904376666666654,-0.0011705997048295385,0.0013977711561196987,0.0013800731488798458,-0.0003055678083333374,0.4162616195040966,0.10147388860444097,0.0008399894339831127,-0.0010315324826381533,-0.0010332109487456676,1.0032670896404312,-2.6700835158592353e-08,1.6775843733223168e-05,-0.0007672335760464468,-0.0007672335760464468,0.17635947509429484,0.9983754855583442,-2.6788069180529853e-08]"
/multi_agv/m2b_algorithm_state,1789558482.7172801,1789558482.7172801,m2b_algorithm_state_v1:header6+3x20,"[1.0,-0.15,0.52,0.4175830541711454,0.10254670873527795,1789558482.717145,0.41600349542816467,0.10207271787034126,0.0036904376666666654,0.0009861446902899116,0.0008760357868701101,0.000716550910673219,0.0009860853749999966,0.4162422012387274,0.1032201097644952,0.00023870581056273377,0.001147391894153929,0.001145337276016081,0.9964342873947594,2.7842443685982415e-08,0.0014437195392194983,-0.004677681253398726,-0.004677681253398726,0.14152090776108175,1.0017938979031529,2.7743165533570606e-08,0.41728207767964004,0.10308770657439204,0.006394789958333334,0.00014449884599718882,0.0021260204196381083,0.0016035045885799543,0.005408704583333337,0.41840046881202475,0.10098439751524191,0.0011183911323847107,-0.002103309059150127,-0.002110288950651423,1.0066902754627425,1.367690430003181e-08,-0.0007123000351705348,0.003594671895159052,0.003594671895159052,0.14173304104339032,0.9966924474967555,1.376840655727659e-08,0.4164346395114773,0.10249919068986285,0.0036904376666666654,-0.0011694009459823494,0.001402417400887701,0.0013771363194989361,-0.0003055678083333374,0.41734415166560035,0.10228158744032204,0.0009095121541230489,-0.00021760324954081534,-0.0002176774868379586,1.0006828837780677,-1.1863595964012987e-09,0.0009192127058158525,-0.004332272735771629,-0.004332272735771629,0.17652004500707585,0.9996589573950819,-1.1871697421246362e-09]"
/multi_agv/m2b_algorithm_state,1789558482.7271128,1789558482.7271128,m2b_algorithm_state_v1:header6+3x20,"[1.0,-0.15,0.52,0.41859147471423297,0.1025402427138858,1789558482.7269933,0.4170116615607222,0.10206720842707813,0.0036904376666666654,0.0009874609899973722,0.0008801098332446569,0.0007138609966721552,0.0009860853749999966,0.41720416197528015,0.10168614994856591,0.00019250041455792788,-0.0003810584785122195,-0.0003812877629493308,1.001205150198349,3.078395167388457e-09,-0.00014066224475192094,0.0016574101338291496,0.0016574101338291496,0.141475737021966,0.9993986577609056,3.0821050959350317e-09,0.4182936402571872,0.10307994188070996,0.006394789958333334,0.00014639031098163079,0.0021317582581255046,0.0015996994362959815,0.005408704583333337,0.4189793837290036,0.10058672209935696,0.0006857434718164357,-0.002493219781353001,-0.0025030576313253214,1.0079666313448978,1.9474887122466387e-08,-0.0016458782915547768,0.007051005910721043,0.007051005910721043,0.14167782712986549,0.9960696670147736,1.9630036368654576e-08,0.41744386069552664,0.1024929758980458,0.0036904376666666654,-0.0011678678575161657,0.0014070102782153962,0.0013740823278397566,-0.0003055678083333374,0.4179723582339017,0.10027300232494044,0.0005284975383750834,-0.002219973573105369,-0.0022278194110756638,1.007127978361443,-1.234826159846949e-07,-0.0015671974881068095,0.005343964068275711,0.005343964068275711,0.17668042527528902,0.9964782432852101,-1.2436279739944818e-07]"
/multi_agv/m2b_algorithm_state,1789558482.7372286,1789558482.7372286,m2b_algorithm_state_v1:header6+3x20,"[1.0,-0.15,0.52,0.41960186931536114,0.10253376656747991,1789558482.7370656,0.41801861850353167,0.10206173525528173,0.0036904376666666654,0.000988706686267226,0.0008841460695522716,0.0007112213569319152,0.0009860853749999966,0.41762619936091905,0.09997921612701406,-0.0003924191426126211,-0.0020825191282676653,-0.0020894566877743977,1.0067152014464875,9.216674990177758e-08,-0.002579980616040174,0.011010527166921578,0.011010527166921578,0.14141481047839755,0.9966797304067968,9.278566819403605e-08,0.41930394752916766,0.10307221524378186,0.006394789958333334,0.00014832120553585904,0.0021374184448040845,0.0015959175896881894,0.005408704583333337,0.4199865864399065,0.10058672209935696,0.0006826389107388309,-0.002485493144424908,-0.0024952705668798403,1.0079420769126182,1.961023648623054e-08,-0.0016419719284563017,0.007035924725497502,0.007035924725497502,0.14163827817964242,0.996081618328405,1.9765982492678812e-08,0.4184518581099996,0.10248677764259381,0.0036904376666666654,-0.001166211406672037,0.0014115514174460582,0.0013710017763475923,-0.0003055678083333374,0.4188994503039608,0.1001770920231889,0.0004475921939612326,-0.002309685619404908,-0.0023181848926111933,1.0074241994667348,-1.334864020333608e-07,-0.0017586946501596526,0.006057856298263869,0.006057856298263869,0.17687062485826208,0.9963336517145914,-1.3447743170815324e-07]"
/multi_agv/m2b_algorithm_state,1789558482.747311,1789558482.747311,m2b_algorithm_state_v1:header6+3x20,"[1.0,-0.15,0.52,0.42060849280102725,0.10252735394476836,1789558482.7471912,0.41902755859686563,0.10205623225044937,0.0036904376666666654,0.0009902056554310038,0.0008881250583042777,0.0007085017090779993,0.0009860853749999966,0.4185858100560208,0.09953863734848326,-0.00044174854084483295,-0.002517594901966111,-0.002527768231825802,1.0081587673820303,1.349459709035464e-07,-0.0030799539078818433,0.012949335391754104,0.012949335391754104,0.1413497258836894,0.9959753707908803,1.3604696368929066e-07,0.42031621705188027,0.10306447315293972,0.006394789958333334,0.00015033148843334766,0.002143043209557216,0.0015921197563794481,0.005408704583333337,0.421067396759198,0.10133163540708211,0.0007511797073177506,-0.0017328377458576127,-0.0017375634772571192,1.005490378075241,9.656584687423074e-09,-0.0007985888431099309,0.0037436230611580185,0.0037436230611580185,0.1416032419693435,0.9972802539525253,9.709602988272612e-09,0.4194618322973377,0.10248059429905063,0.0036904376666666654,-0.00116467133564651,0.0014160437190446603,0.0013679970793748168,-0.0003055678083333374,0.4200120772324464,0.10146909716064965,0.0005502449351086902,-0.0010114971384009713,-0.0010131113365723014,1.0032039843069154,-2.554619650374257e-08,-0.00032530516768643864,0.0004398059808213284,0.0004398059808213284,0.17706996194139246,0.9984066922231949,-2.5628046116441938e-08]"
/multi_agv/m2b_algorithm_state,1789558482.7571023,1789558482.7571023,m2b_algorithm_state_v1:header6+3x20,"[1.0,-0.15,0.52,0.4216208136727356,0.10252088471419422,1789558482.7569773,0.42003275626777675,0.10205081912723689,0.0036904376666666654,0.0009913734576154562,0.0008920825471599439,0.0007059367998479026,0.0009860853749999966,0.4200435961521907,0.10142032539671372,1.0839884413971212e-05,-0.0006304937305231656,-0.0006311227622081778,1.0020001386699022,8.463046378954663e-09,-0.0006175729066907138,0.0034620368842902542,0.0034620368842902542,0.14132037717272716,0.9990033132653758,8.479973645282387e-09,0.4213246788560095,0.10305681295380416,0.006394789958333334,0.00015234644146576264,0.0021485581649467456,0.0015883770271074016,0.005408704583333337,0.422080056585603,0.10133163540708211,0.0007553777295934982,-0.001725177546722051,-0.0017298618059096258,1.005466200117237,9.699972129124315e-09,-0.000785639643917753,0.003696611722443469,0.003696611722443469,0.14153599808778583,0.9972921194215789,9.752994117913729e-09,0.4204680432792955,0.10247442975326403,0.0036904376666666654,-0.001162819289976,0.0014204831739831536,0.0013648846399031923,-0.0003055678083333374,0.4210950525503579,0.10221459178789802,0.0006270092710624064,-0.00025983796536600823,-0.0002599438866980593,1.0008160947472946,-1.6822898359307622e-09,0.0005238177021299488,-0.002903851761786878,-0.002903851761786878,0.17720459023328758,0.9995925223193489,-1.6836627438292924e-09]"
/multi_agv/m2b_algorithm_state,1789558482.7670896,1789558482.7670896,m2b_algorithm_state_v1:header6+3x20,"[1.0,-0.15,0.52,0.4226269904630559,0.10251451015964981,1789558482.7669654,0.4210436475757666,0.10204529947982573,0.0036904376666666654,0.000993173204459848,0.0008959598360091517,0.0007031396760500291,0.0009860853749999966,0.42117078808450614,0.10217734339275127,0.00012714050873952054,0.00013204391292553908,0.0001320164805175377,0.9995847042858675,3.716819856810553e-10,0.0002909421164419384,-9.959362776536555e-05,-9.959362776536555e-05,0.14129891223916027,1.000207795328991,3.715276277453817e-10,0.42233884249508136,0.10304907568628233,0.006394789958333334,0.00015448697173761974,0.0021540864670374082,0.0015845729162643346,0.005408704583333337,0.423277115656932,0.10178798395210435,0.0009382731618506335,-0.0012610917341779743,-0.0012635861821891753,1.0039750589140255,5.254578531185615e-09,-9.07447298758835e-05,0.001040451694261233,0.001040451694261233,0.14146172466986695,0.9980258979985998,5.275465790415451e-09,0.4214799509473587,0.10246827897647459,0.0036904376666666654,-0.0011613643132366287,0.0014248766852742152,0.0013619682222198379,-0.0003055678083333374,0.42210897208398995,0.10061483629526709,0.0006290211366312692,-0.0018534426812075039,-0.0018588982338400754,1.0059283841467463,-8.558307267115668e-08,-0.001072621813050989,0.0034507178540601085,0.0034507178540601085,0.17732607608448087,0.9970651687471338,-8.60904420024102e-08]"
/multi_agv/m2b_algorithm_state,1789558482.77701,1789558482.77701,m2b_algorithm_state_v1:header6+3x20,"[1.0,-0.15,0.52,0.4236359322718763,0.1025081171415969,1789558482.7768865,0.4220484312720263,0.10203992109077434,0.0036904376666666654,0.0009943877689728114,0.0008998312573434745,0.0007005992692021039,0.0009860853749999966,0.4220940994783279,0.10083153122352645,4.5668206301585634e-05,-0.0012083898672478888,-0.001210710968327518,1.003859247088744,3.1195334870189766e-08,-0.001153625710450536,0.005613905974851499,0.005613905974851499,0.14125594580403542,0.9980828611119005,3.131572537546994e-08,0.42334681543724034,0.1030414613721297,0.006394789958333334,0.00015659964388822258,0.0021594749225534726,0.0015808536374396498,0.005408704583333337,0.42424817566995526,0.10095015639383884,0.0009013602327149206,-0.002091304978290867,-0.0020982091503567806,1.006655366170936,1.4656482285703868e-08,-0.0009715088594631298,0.004514964660668635,0.004514964660668635,0.14140892961174828,0.9967094929193595,1.4754026542093065e-08,0.4224857246799009,0.10246214801604542,0.0036904376666666654,-0.00115941349241756,0.0014292172808359873,0.0013588643945620978,-0.0003055678083333374,0.4230444377873926,0.10047336389526007,0.0005587131074916707,-0.0019887841207853474,-0.0019950724944979826,1.0063715945540357,-9.838419640841491e-08,-0.0012966811101333942,0.004300796408500522,0.004300796408500522,0.17748775222750682,0.9968480475120693,-9.901106061845394e-08]"
/multi_agv/m2b_algorithm_state,1789558482.7870328,1789558482.7870328,m2b_algorithm_state_v1:header6+3x20,"[1.0,-0.15,0.52,0.42464797254463743,0.10250170222535944,1789558482.7868645,0.42305598613598205,0.1020344967490235,0.0036904376666666654,0.0009959429640666677,0.0009036414131308283,0.0006979430767880906,0.0009860853749999966,0.4229498166550365,0.09908019936709699,-0.00010616948094555045,-0.002954297381926513,-0.002968356617830913,1.009624111007882,1.8696950077995966e-07,-0.003101068469012851,0.013204732093468062,0.013204732093468062,0.14121329004842414,0.9952636297741496,1.887689160105543e-07,0.4243575455036621,0.10303382039931973,0.006394789958333334,0.0001587974518506563,0.002164839695357468,0.0015771097731684947,0.005408704583333337,0.42518750757785595,0.10043855891043643,0.0008299620741938352,-0.0025952614888832964,-0.0026059360924961003,1.0083075083329471,2.2896326252720337e-08,-0.0015684834997538063,0.006834162866950043,0.006834162866950043,0.14135642336327037,0.9959037354586162,2.3086537673858687e-08,0.4234942651759847,0.10245603427644746,0.0036904376666666654,-0.0011576487189773953,0.0014335098886549,0.0013558661787577558,-0.0003055678083333374,0.4241846445305313,0.10200835726759616,0.0006903793545465775,-0.00044767700885130213,-0.0004479919565719789,1.0014094298972132,-4.972581135615799e-09,0.00041498223661124296,-0.002427353073139808,-0.002427353073139808,0.17765019911221636,0.9992969790728236,-4.979589640134654e-09]"
/multi_agv/m2b_algorithm_state,1789558482.7969866,1789558482.7969866,m2b_algorithm_state_v1:header6+3x20,"[1.0,-0.15,0.52,0.42565566459927134,0.10249536033391572,1789558482.7968228,0.4240666444370509,0.10202902275839704,0.0036904376666666654,0.0009978515105494527,0.0009073876015163848,0.0006951669901023331,0.0009860853749999966,0.42376315268904124,0.09991540815288412,-0.0003034917480096433,-0.0021136146055129174,-0.0021207657363893784,1.006820874444791,9.583407132401994e-08,-0.0025001304214014326,0.010751074813851813,0.010751074813851813,0.1411709378965694,0.9966280429970373,9.648774349205423e-08,0.42537136720783947,0.10302614799632158,0.006394789958333334,0.00016108580189695253,0.002170183989606056,0.0015733373128863914,0.005408704583333337,0.4260648319687384,0.10098573495527728,0.0006934647608989319,-0.0020404130410442978,-0.002046984099528257,1.0064909964458784,1.43520279045767e-08,-0.0011801531484045922,0.005232849359032575,0.005232849359032575,0.14130419072744316,0.9967898829866466,1.4445186866696454e-08,0.424505905989022,0.10244993592135973,0.0036904376666666654,-0.0011560789696878578,0.001437755780563826,0.0013529768042921282,-0.0003055678083333374,0.4250284461046702,0.10288528693087164,0.000522540115648229,0.00043535100951190564,0.0004350551396351649,0.9986430329638245,-4.693406778154248e-09,0.0010882302841954512,-0.005221308189943928,-0.005221308189943928,0.17781346402227557,1.000680074431459,-4.68703797986893e-09]"
/multi_agv/m2b_algorithm_state,1789558482.8072011,1789558482.8072011,m2b_algorithm_state_v1:header6+3x20,"[1.0,-0.15,0.52,0.42667953768182815,0.10248883125239278,1789558482.8069882,0.42507298443694363,0.10202365446098553,0.0036904376666666654,0.0009993490408041362,0.0009111179545131069,0.0006925773081427021,0.0009860853749999966,0.42489098190547525,0.10160013753332517,-0.00018200253146838374,-0.000423516927660364,-0.00042380041284137686,1.001340872545523,3.849271930114865e-09,-0.0006513035771768565,0.0034983561209891187,0.0034983561209891187,0.1411291765829775,0.9993310880017501,3.854433313166209e-09,0.42638080228531844,0.10301856975003733,0.006394789958333334,0.00016336619508194004,0.0021754130581412845,0.0015696282483648044,0.005408704583333337,0.4272252403260151,0.10165959299388894,0.0008444380406966712,-0.0013589767561483918,-0.0013618768428099585,1.0042901780920128,6.453966279852616e-09,-0.0003063292919391195,0.001854590728465992,0.001854590728465992,0.14125263576060315,0.9978705220836394,6.4816549445930295e-09,0.42551320707555196,0.10244385679072432,0.0036904376666666654,-0.0011541455832118365,0.0014419516601690587,0.0013499558184488242,-0.0003055678083333374,0.42594356340984174,0.10189421184192185,0.00043035633428978315,-0.0005496449488024691,-0.0005501201558082214,1.0017327602163706,-7.474028987348675e-09,-1.2174737945992503e-05,-0.0008640885622939727,-0.0008640885622939727,0.17797638462675186,0.999136175977675,-7.486979687433953e-09]"
/multi_agv/m2b_algorithm_state,1789558482.8170235,1789558482.8170235,m2b_algorithm_state_v1:header6+3x20,"[1.0,-0.15,0.52,0.42767174020876414,0.10248272073086212,1789558482.8169506,0.42609546638140106,0.1020179668050548,0.0036904376666666654,0.001002528017138906,0.0009146972570360451,0.0006893373316449454,0.0009860853749999966,0.42605515139449535,0.10274093204414954,-4.031498690570956e-05,0.0007229652390947361,0.000722146262393205,0.9977406292357479,1.124382544181675e-08,0.0006717525287610681,-0.001714286788578844,-0.001714286788578844,0.14105367710881564,1.0011340870183514,1.1218421471335155e-08,0.427406466782256,0.10301074080404837,0.006394789958333334,0.00016591187433839978,0.002180787301283682,0.0015657286549667915,0.005408704583333337,0.4282313720274088,0.10165959299388894,0.0008249052451527739,-0.0013511478101594365,-0.0013540147145373138,1.0042655371443117,6.479428018159833e-09,-0.0003228831580963465,0.0019121614787743276,0.0019121614787743276,0.1412318419634319,0.9978826637944943,6.507066259045187e-09,0.4265366798818273,0.10243778614807515,0.0036904376666666654,-0.0011533794586893694,0.0014461071730401598,0.0013474618146919054,-0.0003055678083333374,0.4268877749373342,0.10135307871951893,0.00035109505550690034,-0.0010847074285562225,-0.001086565866259219,1.0034407515108337,-2.9100238037675138e-08,-0.0006476970468755935,0.0016236512830999244,0.0016236512830999244,0.17820520756157576,0.9982896225984029,-2.920036472566889e-08]"
/multi_agv/m2b_algorithm_state,1789558482.8270407,1789558482.8270407,m2b_algorithm_state_v1:header6+3x20,"[1.0,-0.15,0.52,0.42868924671951003,0.10247631023260378,1789558482.8269076,0.4270863980231479,0.10201295148838531,0.0036904376666666654,0.0010025002297047911,0.0009184389691309519,0.000687402933794142,0.0009860853749999966,0.42700275269610366,0.10172568747634671,-8.36453270442461e-05,-0.00028726401203860163,-0.0002873943182281141,1.0009082123752053,1.7764258743233377e-09,-0.00039195097703342174,0.002521671325352236,0.002521671325352236,0.1410295516417467,0.9995465944131537,1.778039246286033e-09,0.42840030794999273,0.10300346335161932,0.006394789958333334,0.00016808763804142864,0.0021857032236857754,0.0015622278622715868,0.005408704583333337,0.42889142585735796,0.09987373816867584,0.0004911179073652239,-0.0031297251829434797,-0.003145318828706568,1.0100834618732333,3.526263132488384e-08,-0.002531421444500038,0.010449264538884253,0.010449264538884253,0.1411669188678081,0.995042268649916,3.561820072339819e-08,0.4275285146531518,0.10243174735258175,0.0036904376666666654,-0.0011502089194507918,0.001450203246650939,0.001343956471497705,-0.0003055678083333374,0.4279874330727104,0.10241501928909835,0.00045891841955864043,-1.672806348339273e-05,-1.672850193165561e-05,1.0000524240256072,-6.897033056078882e-12,0.000556919522516645,-0.003119630666569057,-0.003119630666569057,0.1783360043349638,0.9999737903450845,-6.897394626316428e-12]"
/multi_agv/m2b_algorithm_state,1789558482.8369453,1789558482.8369453,m2b_algorithm_state_v1:header6+3x20,"[1.0,-0.15,0.52,0.42969047222591744,0.10247012453642008,1789558482.8368418,0.428102565421136,0.10200742351559798,0.0036904376666666654,0.0010051314367427364,0.0009219752697773079,0.0006844227741428007,0.0009860853749999966,0.42748466065498947,0.10091928884154618,-0.0006179047661465376,-0.001088134674051805,-0.0010900158984283495,1.0034719733188615,2.5570364664619677e-08,-0.0018623968561115214,0.00807914303855101,0.00807914303855101,0.1409832545689981,0.9982741312495929,2.5659144288488795e-08,0.4294195399815954,0.10299578661880426,0.006394789958333334,0.00017063782535895258,0.0021908797862558727,0.0015584291586014515,0.005408704583333337,0.4298763965431018,0.09987373816867584,0.0004568565615064024,-0.003122048450128423,-0.0031375664048770256,1.0100588962795092,3.5623292844566197e-08,-0.0025664957029940226,0.010571804320383543,0.010571804320383543,0.14112120797237063,0.9950541430057125,3.598162385242427e-08,0.4285456347557989,0.1024257205634091,0.0036904376666666654,-0.0011489247890180952,0.001454258753143198,0.0013412899490696318,-0.0003055678083333374,0.42889461306005144,0.10284644877851547,0.00034897830425256737,0.00042072821510637237,0.00042045176456072047,0.998687956240513,-4.356807981235022e-09,0.0008566746448764297,-0.004384138482558118,-0.004384138482558118,0.17851184371883672,1.0006575083492413,-4.35109165851196e-09]"
/multi_agv/m2b_algorithm_state,1789558482.8472812,1789558482.8472812,m2b_algorithm_state_v1:header6+3x20,"[1.0,-0.15,0.52,0.4307063258215565,0.10246377430067495,1789558482.8471615,0.42910252040891805,0.10200225053149566,0.0036904376666666654,0.0010061175621592223,0.0009255762950878153,0.0006821220525432574,0.0009860853749999966,0.428518966631177,0.10198491419267297,-0.0005835537777410527,-1.7336338822684927e-05,-1.733681250802349e-05,1.000054650125189,6.492373020274557e-12,-0.0007467790346843393,0.003664822859583015,0.003664822859583015,0.140946815133223,0.9999726774839178,6.492727829272889e-12,0.4304224035582316,0.10298840486716436,0.006394789958333334,0.00017301719780198933,0.002195793996942419,0.0015548409922327977,0.005408704583333337,0.431047277999843,0.10114783879963764,0.0006248744416114116,-0.0018405660675267221,-0.0018459075783539135,1.005844924257372,1.2543801036270843e-08,-0.001064814526339649,0.004752121355846786,0.004752121355846786,0.14099116642364776,0.997106295629408,1.261711860322739e-08,0.4295464927106027,0.10241971821060027,0.0036904376666666654,-0.001146381881228183,0.0014582632255507157,0.0013381043236097645,-0.0003055678083333374,0.42978394576438006,0.10081461212035979,0.00023745305377737003,-0.0016051060902404768,-0.0016091926247165536,1.0051229671701694,-6.336104044286897e-08,-0.001312376307494841,0.004204835110599025,0.004204835110599025,0.17866874840227984,0.9974605063350965,-6.368563697292557e-08]"
/multi_agv/m2b_algorithm_state,1789558482.8570406,1789558482.8570406,m2b_algorithm_state_v1:header6+3x20,"[1.0,-0.15,0.52,0.4317110446846652,0.1024575845469858,1789558482.856915,0.43011707043291286,0.10199678906445134,0.0036904376666666654,0.0010086536230591472,0.0009290382823239117,0.0006792217952928444,0.0009860853749999966,0.42997565684165656,0.10397870977690647,-0.00014141359125630082,0.0019819207124551347,0.001975822979383814,0.9938931700900622,8.494615045065577e-08,0.001799055990313438,-0.006319135210116974,-0.006319135210116974,0.1409260667482231,1.0030861737792027,8.442739875834962e-08,0.43143993690628896,0.10298080257556025,0.006394789958333334,0.0001756340461629459,0.0022008332541973985,0.0015510848246558517,0.005408704583333337,0.43205877449330254,0.10114783879963764,0.0006188375870135876,-0.0018329637759226108,-0.0018382614954306558,1.0058208801529616,1.2628920745811097e-08,-0.0010647145116636713,0.004751103563380633,0.004751103563380633,0.14084646658881547,0.9971180816650876,1.2702432179933712e-08,0.43056197012546765,0.10241373126201331,0.0036904376666666654,-0.0011449144157729238,0.001462223704716637,0.0013354077648112823,-0.0003055678083333374,0.4306961289618418,0.10038576801202902,0.00013415883637413195,-0.002027963249984291,-0.0020345080726762014,1.0065042624922997,-1.0104419875465796e-07,-0.0018668095272085365,0.006341447028092742,0.006341447028092742,0.178798135915033,0.9967830932794967,-1.0170141674668237e-07]"
/multi_agv/m2b_algorithm_state,1789558482.8670695,1789558482.8670695,m2b_algorithm_state_v1:header6+3x20,"[1.0,-0.15,0.52,0.4327173829711826,0.10245139441884006,1789558482.866865,0.4311205369180672,0.10199157715476273,0.0036904376666666654,0.0010100636022326334,0.0009325326321929501,0.000676792835292658,0.0009860853749999966,0.4311117144706587,0.10496621005535609,-8.822447408463052e-06,0.0029746329005933547,0.002960999608786533,0.9909378712445893,1.914844801877991e-07,0.0029499715495259543,-0.010920088540227439,-0.010920088540227439,0.1408870007692651,1.0046042869328202,1.897492231736744e-07,0.4324462700324169,0.10297341004543618,0.006394789958333334,0.00017814564575110124,0.002205676043255167,0.001547476495351141,0.005408704583333337,0.43317083054123434,0.09952751516190368,0.0007245605088174178,-0.003445894883532502,-0.003464851483248495,1.011146485120101,4.53200722129961e-08,-0.002559150847226723,0.010685417747472227,0.010685417747472227,0.14068591959196244,0.994528885348292,4.5825231723560166e-08,0.4315663271035115,0.1024077664407585,0.0036904376666666654,-0.0011425702813918398,0.00146613647167266,0.0013323560106119452,-0.0003055678083333374,0.4321029486908304,0.10124110460622848,0.0005366215873188751,-0.001166661834530014,-0.0011688139273302834,1.003705680903247,-3.3354540850215365e-08,-0.0004980369431816895,0.0011412952803430444,0.0011412952803430444,0.17896242351406888,0.9981587378880872,-3.347814213528058e-08]"
/multi_agv/m2b_algorithm_state,1789558482.877309,1789558482.877309,m2b_algorithm_state_v1:header6+3x20,"[1.0,-0.15,0.52,0.4337277550240028,0.10244517443546429,1789558482.8771684,0.43212563223915645,0.10198634495095182,0.0036904376666666654,0.0010117009333551062,0.0009359750534611464,0.000674292336783208,0.0009860853749999966,0.43197675398037894,0.10277121902686592,-0.00014887825877751837,0.0007848740759140993,0.0007839088706621,0.9975478300689927,1.3374516130305855e-08,0.000597811047190202,-0.0014704103732930407,-0.0014704103732930407,0.14084831496631087,1.0012312722666143,1.3341719544009347e-08,0.4334542107674739,0.10296601440713603,0.006394789958333334,0.00018071870068902748,0.0022104833888739184,0.0015438599648879003,0.005408704583333337,0.4341433495878957,0.09930485095722062,0.0006891388204217641,-0.0036611634499154055,-0.003682599684899212,1.0118728995830337,5.190691066623429e-08,-0.002821176159372007,0.011693537015770321,0.011693537015770321,0.14052529760774995,0.99417904827622,5.252319620423999e-08,0.4325723059069175,0.10240182389843233,0.0036904376666666654,-0.0011403401102060028,0.0014700020930888654,0.0013293781832617218,-0.0003055678083333374,0.43320652237044144,0.10228159065805542,0.0006342164635239622,-0.00012023324037691019,-0.00012025591793844243,1.0003773989331137,-3.533195208298317e-10,0.0006725146614665104,-0.003472680167228383,-0.003472680167228383,0.17912724547899986,0.9998114224902941,-3.534528632400411e-10]"
/multi_agv/m2b_algorithm_state,1789558482.8870182,1789558482.8870182,m2b_algorithm_state_v1:header6+3x20,"[1.0,-0.15,0.52,0.43473765787084756,0.1024389816524311,1789558482.8868878,0.4331347628570607,0.10198104569923137,0.0036904376666666654,0.0010137926543201154,0.0009393487991708241,0.0006716305955456019,0.0009860853749999966,0.4328768393966823,0.10174009640853258,-0.0002579234603783953,-0.00024094929069878868,-0.00024104097388760092,1.000761712844155,1.2640076754820889e-09,-0.000563445299360595,0.003120673093780824,0.003120673093780824,0.1408099310037809,0.9996196364985854,1.264970486363614e-09,0.43446618302736006,0.10295857638286532,0.006394789958333334,0.00018338654433622,0.0022152840100718163,0.0015402058422031156,0.005408704583333337,0.4354654833348056,0.10117675364802212,0.0009993003074455498,-0.0017818227348432025,-0.0017868285252187939,1.0056568872275091,1.2461638666477511e-08,-0.0005377031409118567,0.002877594464811288,0.002877594464811288,0.1403642321450297,0.9971985054497726,1.2532132751083742e-08,0.4335823191875876,0.10239590122429615,0.0036904376666666654,-0.0011383888452097062,0.001473821961521152,0.0013265450572751431,-0.0003055678083333374,0.43415007917634624,0.10161369486972271,0.0005677599887586315,-0.0007822063545734337,-0.0007831711026592214,1.0024740759210498,-1.4935715490387304e-08,-7.347111671093202e-05,-0.0005271432209643182,-0.0005271432209643182,0.17929297712488876,0.9987681515795054,-1.497266758444572e-08]"
/multi_agv/m2b_algorithm_state,1789558482.8970323,1789558482.8970323,m2b_algorithm_state_v1:header6+3x20,"[1.0,-0.15,0.52,0.43574308584554805,0.10243286600127997,1789558482.8969374,0.4341434402826567,0.1019757749935661,0.0036904376666666654,0.0010158591016090597,0.0009426842620215859,0.0006689997249098828,0.0009860853749999966,0.43417859446666757,0.10245274995615691,3.51541840108438e-05,0.0004769749625908176,0.0004766176149251132,0.9985043262324407,4.96096642420866e-09,0.0005205603449386679,-0.00105017615962681,-0.00105017615962681,0.14077200903620743,1.0007497575719282,4.953546436866228e-09,0.43547766521169656,0.1029511714304671,0.006394789958333334,0.0001860888929692047,0.002220022022546786,0.0015365693341080067,0.005408704583333337,0.4364754293861899,0.10117675364802212,0.0009977641744933208,-0.0017744177824449842,-0.0017793822744750225,1.0056334704059595,1.2540743532394754e-08,-0.0005321770563583715,0.002857555383441029,0.002857555383441029,0.14020344385599878,0.9972099912979615,1.2611391439953228e-08,0.4345918681181896,0.1023899985332601,0.0036904376666666654,-0.0011363674055838552,0.0014775967166827837,0.0013237049811672614,-0.0003055678083333374,0.4351561837562627,0.10110344630035165,0.0005643156380730763,-0.0012865522329084528,-0.001289172386324019,1.0040930552890923,-4.0348326558520525e-08,-0.0005837778387326738,0.0015032795289958447,0.0015032795289958447,0.17945890346440044,0.997967569393076,-4.0513474489946904e-08]"
/multi_agv/m2b_algorithm_state,1789558482.9069726,1789558482.9069726,m2b_algorithm_state_v1:header6+3x20,"[1.0,-0.15,0.52,0.43674697881971825,0.1024267905667523,1789558482.9067745,0.43514767155253603,0.10197061341938289,0.0036904376666666654,0.0010175044175562936,0.0009460094601600345,0.0006665567454326282,0.0009860853749999966,0.4353755808802755,0.1042972268026321,0.0002279093277394728,0.0023266133832492153,0.0023182292554689535,0.992856855909118,1.1807412477020009e-07,0.0026031159151432945,-0.00935225457811351,-0.00935225457811351,0.14073468467934616,1.0036166085646976,1.1723070428356176e-07,0.4364846358824264,0.10294386580636924,0.006394789958333334,0.00018876955580472005,0.002224650110634996,0.0015329994152678272,0.005408704583333337,0.43753254842758527,0.10078487986673434,0.0010479125451588467,-0.0021589859396349,-0.0021663578239952625,1.0068851716669232,1.8838475995201372e-08,-0.0008564671425467041,0.0041710026847993865,0.0041710026847993865,0.1400435719414915,0.9965971067758477,1.8968182136371543e-08,0.4355969501016818,0.10238411877808777,0.0036904376666666654,-0.0011339903867543803,0.0014813259246053596,0.0013207344644394778,-0.0003055678083333374,0.43624017900608564,0.10207253693395799,0.0006432289044038253,-0.0003115818441297852,-0.00031173440022650665,1.000980397836245,-2.3600972106217436e-09,0.000492301730278275,-0.002739680384488296,-0.002739680384488296,0.17962438380938175,0.9995106215528006,-2.3624110448203652e-09]"
/multi_agv/m2b_algorithm_state,1789558482.9169984,1789558482.9169984,m2b_algorithm_state_v1:header6+3x20,"[1.0,-0.15,0.52,0.4377583719272815,0.10242064376393455,1789558482.9169068,0.4361503869456698,0.10196549739442212,0.0036904376666666654,0.001019052979626752,0.0009493050217982964,0.0006641711238736829,0.0009860853749999966,0.43645393099096125,0.1037935098038015,0.0003035440452914262,0.0018280124093793815,0.0018228166326463386,0.9943550052172476,7.302890643548074e-08,0.0022022466892606214,-0.007675704676431047,-0.007675704676431047,0.14069093267168256,1.0028504110835876,7.261665863966234e-08,0.43749004746060166,0.10293661067920214,0.006394789958333334,0.00019146581505008475,0.0022292059226503014,0.0015294603373495058,0.005408704583333337,0.4385354754974292,0.10078487986673434,0.001045428036827556,-0.002151730812467792,-0.0021590535541398622,1.0068621439569359,1.897988019504625e-08,-0.0008522685081054173,0.004155762724928862,0.004155762724928862,0.13987785552716245,0.9966083557038085,1.9110122865230053e-08,0.4366005020528832,0.10237826362663265,0.0036904376666666654,-0.0011314964495715567,0.0014850089523664812,0.001317737290510144,-0.0003055678083333374,0.4372709975065759,0.10224230695373301,0.0006704954536926877,-0.00013595667289963143,-0.00013598568239401917,1.0004269671423154,-4.4832131810161677e-10,0.0007021336347218405,-0.0035617324430328233,-0.0035617324430328233,0.17980332882204603,0.9997866724358253,-4.485127365736457e-10]"
/multi_agv/m2b_algorithm_state,1789558482.9269993,1789558482.9269993,m2b_algorithm_state_v1:header6+3x20,"[1.0,-0.15,0.52,0.43876619540865586,0.10241456397066746,1789558482.926852,0.43716059282968117,0.10196024395697052,0.0036904376666666654,0.0010214131667715593,0.0009525084136294375,0.0006614816279332354,0.0009860853749999966,0.43738883596332145,0.1020341043677002,0.00022824313364028237,7.386041072968141e-05,7.385181374501383e-05,0.9997672752705685,1.1965205576017174e-10,0.0003591557307953668,-0.00028716496754331187,-0.00028716496754331187,0.1406270863845184,1.0001164085786338,1.1962420976786904e-10,0.43850297112289083,0.10292925791858865,0.006394789958333334,0.00019430081446536115,0.002233797586827957,0.0015258424639622986,0.005408704583333337,0.43940414479631346,0.1015528528846931,0.0009011736734226283,-0.0013764050338955502,-0.0013793840138817794,1.0043513597747808,7.877476291076938e-09,-0.000252916922103494,0.0017045217581244988,0.0017045217581244988,0.13969277888320458,0.9978403548567699,7.911754024536719e-09,0.4376115518292725,0.10237242941624447,0.0036904376666666654,-0.0011295448768055363,0.0014886462950220811,0.0013149989856338857,-0.0003055678083333374,0.43799115145289036,0.10173783219583328,0.0003795996236178323,-0.0006345972204111899,-0.0006352317016448039,1.0020044626304792,-9.754277376971818e-09,-0.00016073217212251353,-0.00027520806279906986,-0.00027520806279906986,0.18002340445120943,0.9990011814083412,-9.773829461461285e-09]"
/multi_agv/m2b_algorithm_state,1789558482.9369974,1789558482.9369974,m2b_algorithm_state_v1:header6+3x20,"[1.0,-0.15,0.52,0.43977466580153785,0.10240849880965712,1789558482.9368577,0.43816725449037514,0.1019550843612772,0.0036904376666666654,0.0010234231733647213,0.0009556962869571297,0.000658952000427526,0.0009860853749999966,0.4379116477467097,0.10047297227129501,-0.00025560674366542635,-0.001482112089982196,-0.0014856151097783076,1.004753604864751,4.8326422001563776e-08,-0.0018051235393600905,0.008061651539730414,0.008061651539730414,0.1405947039930762,0.9976420408132264,4.855614671628642e-08,0.43951229237225226,0.10292199085284234,0.006394789958333334,0.00019712454802395425,0.002238290890789363,0.0015222806465246125,0.005408704583333337,0.44054613834852974,0.10299027997473248,0.001033845976277481,6.828912189013603e-05,6.828186869857284e-05,0.9997876295071694,1.9654094465002246e-11,0.001360589339045424,-0.004664845891232052,-0.004664845891232052,0.13953666042108448,1.0001062242686298,1.9649920515274576e-11,0.43861903936334,0.10236661669788287,0.0036904376666666654,-0.0011272920057624658,0.0014922404005708297,0.0013121525679489219,-0.0003055678083333374,0.4389727147998018,0.1014660433710161,0.0003536754364618089,-0.0009005733268667715,-0.0009018538097568479,1.0028534446147914,-1.9609194306518413e-08,-0.00045975951417958683,0.0009038140573266805,0.0009038140573266805,0.1801830382501435,0.9985801657915914,-1.9665148056412747e-08]"
/multi_agv/m2b_algorithm_state,1789558482.947035,1789558482.947035,m2b_algorithm_state_v1:header6+3x20,"[1.0,-0.15,0.52,0.44077956329023005,0.10240250056563095,1789558482.9469383,0.43917457502324997,0.10194993005983863,0.0036904376666666654,0.001025531049680175,0.0009588397342712653,0.0006564030592905109,0.0009860853749999966,0.43890706427321863,0.10031132826008812,-0.00026751075003134117,-0.0016386017997505054,-0.001642888987313588,1.0052652097255348,5.919956117266517e-08,-0.0019772774248527645,0.008737444534107935,0.008737444534107935,0.14057941977406163,0.9973904581525664,5.951125927789887e-08,0.4405222450128436,0.10291474006475723,0.006394789958333334,0.00019999277399725818,0.0022427376339171357,0.0015187237653003227,0.005408704583333337,0.44160621614086715,0.102656396444794,0.0010839711280235531,-0.00025834361996322774,-0.0002584476956959535,1.0008065110275497,2.854505087631827e-10,0.0010965162143334879,-0.003572989242235436,-0.003572989242235436,0.13939577763680178,0.9995973044664007,2.856807277463199e-10,0.4396271773685201,0.10236082630437551,0.0036904376666666654,-0.0011250649348503194,0.0014957902963707945,0.0013093403330918692,-0.0003055678083333374,0.4399943028550513,0.10159370414331005,0.0003671254865312279,-0.0007671221610654616,-0.0007680503964264617,1.0024271069130066,-1.4199201272424609e-08,-0.0003091435382624268,0.00031382260330203946,0.00031382260330203946,0.18031023827299758,0.9987914395131897,-1.4233664251992084e-08]"
/multi_agv/m2b_algorithm_state,1789558482.9574466,1789558482.9574466,m2b_algorithm_state_v1:header6+3x20,"[1.0,-0.15,0.52,0.44179703086627486,0.1023963701877475,1789558482.957071,0.44017834772153275,0.10194486680758802,0.0036904376666666654,0.001027310019129,0.0009619688196700993,0.0006540041632429961,0.0009860853749999966,0.44039922749262694,0.10194297736754734,0.00022087977109419565,-1.889440040675483e-06,-1.8894456709537959e-06,1.0000059597749609,7.876193170217694e-14,0.0002742102681967908,5.472026507195437e-05,5.472026507195437e-05,0.1405542269322715,0.9999970201427862,7.876240110556537e-14,0.4415285927906332,0.10290757493279785,0.006394789958333334,0.0002028463800864645,0.002247088501209471,0.0015152231015006928,0.005408704583333337,0.4425907316411086,0.1008108491041348,0.0010621388504754026,-0.0020967258286630486,-0.002103678810095859,1.0066851773537675,1.909493771324472e-08,-0.000776005247001606,0.003874574401053326,0.003874574401053326,0.13924614570809887,0.9966948464758772,1.9222590758416907e-08,0.4406317493585242,0.102355059956507,0.0036904376666666654,-0.0011225560798235894,0.0014992968204650932,0.0013064285145738697,-0.0003055678083333374,0.44102045069935286,0.10176431060046404,0.0003887013408286344,-0.0005907493560429605,-0.000591299133505952,1.0018654718826447,-8.40100055842574e-09,-0.00010542245747015907,-0.0004837308550694632,-0.0004837308550694632,0.1804574948398722,0.9990702210914267,-8.416672388753566e-09]"
/multi_agv/m2b_algorithm_state,1789558482.9670067,1789558482.9670067,m2b_algorithm_state_v1:header6+3x20,"[1.0,-0.15,0.52,0.44279511486018924,0.10239050242986518,1789558482.9668198,0.441194664952618,0.1019395657373465,0.0036904376666666654,0.0010304055685958651,0.0009649682722781654,0.000651101994747066,0.0009860853749999966,0.44146833850254386,0.10160420216964966,0.0002736735499258569,-0.00033536356769683917,-0.00033554140653719076,1.0010619235569218,2.489427848588263e-09,6.550530870130377e-06,0.0011579296540233418,0.0011579296540233418,0.14051925366499562,0.9994699943527481,2.492071430663936e-09,0.4425475422745897,0.10290023104553175,0.006394789958333334,0.0002059087891673854,0.0022515342249444514,0.0015115825733527932,0.005408704583333337,0.4436384559003066,0.10226995615219352,0.0010909136257168939,-0.0006302748933382368,-0.0006308962408124639,1.0019764165664526,1.7498238717876752e-09,0.0007327457913336535,-0.0021065690773763262,-0.0021065690773763262,0.13908589124501833,0.9990151352408965,1.7532822526762507e-09,0.44164888537161695,0.10234931378036422,0.0036904376666666654,-0.0011209568459174262,0.0015027569587176002,0.0013039351264833706,-0.0003055678083333374,0.44211457422583206,0.10067712805417563,0.0004656888542151072,-0.001672185726188588,-0.0016766274695695167,1.0053462278567717,-6.726689499326132e-08,-0.0010945164018006327,0.0034901558389795755,0.0034901558389795755,0.18062632152546274,0.9973507869448967,-6.762651914111283e-08]"
/multi_agv/m2b_algorithm_state,1789558482.9771385,1789558482.9771385,m2b_algorithm_state_v1:header6+3x20,"[1.0,-0.15,0.52,0.4438027632617416,0.10238454049197582,1789558482.9769166,0.44219167256340136,0.10193468286944767,0.0036904376666666654,0.0010315226237005625,0.0009680666244140314,0.000649006011372041,0.0009860853749999966,0.4423618525973137,0.10045912222052308,0.00017018003391233716,-0.0014755606489245815,-0.0014790335551703327,1.0047335451113046,4.828349284161687e-08,-0.0012663085127799113,0.006164197150933146,0.006164197150933146,0.1404853390165341,0.9976519084143757,4.851204493311401e-08,0.4435470140810387,0.10289323243481553,0.006394789958333334,0.0002087379558824527,0.0022556976625483505,0.0015081900148510435,0.005408704583333337,0.44465440390613326,0.10226995615219352,0.0011073898250945624,-0.0006232762826220151,-0.0006238839335477949,1.0019545010380126,1.7347371430831838e-09,0.0007603533478204081,-0.002204734250291752,-0.002204734250291752,0.13892893639773338,0.9990260192752128,1.738127688630019e-09,0.4426466579361277,0.10234359198533236,0.0036904376666666654,-0.0011178829503155634,0.0015061803316932052,0.0013008216336906023,-0.0003055678083333374,0.44306097427366425,0.10041522154192864,0.0004143163375365799,-0.0019283704434037152,-0.001934289380492121,1.0061837181931141,-8.92288612909504e-08,-0.001416393958571396,0.004738490580030117,0.004738490580030117,0.18079227230476574,0.9969399940111856,-8.978062742386611e-08]"
/multi_agv/m2b_algorithm_state,1789558482.9870284,1789558482.9870284,m2b_algorithm_state_v1:header6+3x20,"[1.0,-0.15,0.52,0.44480858973786197,0.10237862483058002,1789558482.986861,0.44319822876063775,0.10192961920278439,0.0036904376666666654,0.0010336872465871484,0.0009710595460701073,0.0006465107765398458,0.0009860853749999966,0.44328782364558833,0.09956745344552281,8.959488495058343e-05,-0.0023621657572615723,-0.0023711264980276424,1.0076546561541078,1.240737295254802e-07,-0.002259132891839413,0.010040683119569127,0.010040683119569127,0.14045159692836723,0.996220892991781,1.2502347126275553e-07,0.44455607070438485,0.10288610586370993,0.006394789958333334,0.0002117274183416687,0.0022599223279297087,0.0015046961152023475,0.005408704583333337,0.4456234333415937,0.10368026481737172,0.0010673626372088574,0.0007941589536617916,0.0007931829698430191,0.9975495692583547,2.8539807339876535e-09,0.002127386266354091,-0.00771939701381077,-0.00771939701381077,0.1387707869488534,1.0012304649190409,2.8469872518610268e-09,0.44365399032020225,0.10233789640943312,0.0036904376666666654,-0.0011155286886187468,0.0015095558565406631,0.0012980449771737134,-0.0003055678083333374,0.4441329510980322,0.10127150778406832,0.00047896077782993984,-0.001066388625364803,-0.0010681870159728055,1.0033865320955075,-2.721460656391769e-08,-0.0004694860436853807,0.0010231738317405953,0.0010231738317405953,0.1809599581578325,0.9983164084742553,-2.7306769702513006e-08]"
/multi_agv/m2b_algorithm_state,1789558482.9970686,1789558482.9970686,m2b_algorithm_state_v1:header6+3x20,"[1.0,-0.15,0.52,0.44581775921596173,0.10237269246842828,1789558482.9968526,0.4442029821314811,0.10192461193015258,0.0036904376666666654,0.0010356970102450166,0.0009740270902089281,0.0006440958713062044,0.0009860853749999966,0.44432702014658865,0.10145648349428021,0.00012403801510757484,-0.0004681284358723642,-0.0004684753730678024,1.001484863825493,4.876314096993462e-09,-0.00031342785418333384,0.0023568713498494046,0.0023568713498494046,0.14041837697200968,0.9992594334400839,4.8835547593978285e-09,0.44556328094542647,0.10287903741925503,0.006394789958333334,0.0002147229268276568,0.0022640736226934854,0.001501237766024996,0.005408704583333337,0.4465145083352608,0.10196104478622293,0.0009512273898343304,-0.0009179926330320914,-0.000919314028752048,1.0028889650907136,3.8720595475287556e-09,0.000269720208540865,-0.0003278134926001571,-0.0003278134926001571,0.13861322255944064,0.9985626285701846,3.8832457923907305e-09,0.4446595061366784,0.10233222514233248,0.0036904376666666654,-0.001113023167695505,0.0015128893191908993,0.001295224635337479,-0.0003055678083333374,0.4450560934462774,0.10183023529471937,0.0003965873095990169,-0.0005019898476131129,-0.0005023866846643973,1.0015840758365981,-6.014909453242684e-09,-6.652547665626177e-06,-0.000863903995177809,-0.000863903995177809,0.18112755574309392,0.9992100963990528,-6.024437525966891e-09]"
/multi_agv/m2b_algorithm_state,1789558483.007009,1789558483.007009,m2b_algorithm_state_v1:header6+3x20,"[1.0,-0.15,0.52,0.44682444179278696,0.10236681520263002,1789558483.006834,0.4452110816572521,0.10191955613397441,0.0036904376666666654,0.0010380804746362542,0.0009769321576415958,0.0006415514760415707,0.0009860853749999966,0.4454708186271812,0.10260330930755554,0.0002597369699290919,0.0006837531735811309,0.0006830194226509958,0.9978593359423199,1.0418823996647855e-08,0.0010076906350623607,-0.0028561228152520876,-0.0028561228152520876,0.1403855302542299,1.0010742753511859,1.0396520794594935e-08,0.44657382983494426,0.10287194341019192,0.006394789958333334,0.00021779545236802565,0.002268211856947533,0.0014977528252908545,0.005408704583333337,0.44751678441654313,0.10314098616447602,0.000942954581598876,0.0002690427542841045,0.0002689302677479212,0.9991646622471801,3.3708378930549545e-10,0.0014476234947465162,-0.005047219998992259,-0.005047219998992259,0.13845545335278928,1.0004182739902254,3.36802210490425e-10,0.4456683661556889,0.10232657786111857,0.0036904376666666654,-0.0011107491997348188,0.0015161790006320598,0.0012925274423690432,-0.0003055678083333374,0.4459125541690197,0.10070221980740612,0.00024418801333081497,-0.0016243580537124436,-0.0016285491183990817,1.0051920943829138,-6.290049443723906e-08,-0.001323314101735563,0.004287288655781327,0.004287288655781327,0.18129588565458937,0.9974265039725922,-6.322707974108915e-08]"
/multi_agv/m2b_algorithm_state,1789558483.0169938,1789558483.0169938,m2b_algorithm_state_v1:header6+3x20,"[1.0,-0.15,0.52,0.4478322936827726,0.10236094843963062,1789558483.0168867,0.44621671519919415,0.10191457222244492,0.0036904376666666654,0.0010402281742031131,0.0009798172144399814,0.0006391196891768756,0.0009860853749999966,0.4464993987211813,0.10226129135976451,0.000282683521987126,0.00034671913731959547,0.0003465299691609047,0.9989102482252852,2.6852616000650065e-09,0.0006998843716448122,-0.0016035743771676994,-0.0016035743771676994,0.1403515264050271,1.0005458926370752,2.682335331470762e-09,0.44758186488400686,0.10286491912656373,0.006394789958333334,0.00022086372970833539,0.002272269273659755,0.0014943117718010934,0.005408704583333337,0.4485428061930707,0.10314098616447602,0.000960941309063823,0.00027606703791228926,0.0002759485959330108,0.9991428391975188,3.5992462192760544e-10,0.0014771252322627897,-0.005152274221193376,-0.005152274221193376,0.13829687462855744,1.0004292175463985,3.596161086498412e-10,0.4466747452951598,0.10232095425888145,0.0036904376666666654,-0.0011082669445171551,0.0015194281847196022,0.0012897610297398828,-0.0003055678083333374,0.446876262976216,0.100752880568914,0.00020151768105619583,-0.0015680736899674474,-0.0015719779733683779,1.0050093662104504,-5.848529757809307e-08,-0.001320080872048133,0.0042542264745088505,0.0042542264745088505,0.1814674286374905,0.9975163243588175,-5.877827185158891e-08]"
/multi_agv/m2b_algorithm_state,1789558483.027046,1789558483.027046,m2b_algorithm_state_v1:header6+3x20,"[1.0,-0.15,0.52,0.44883721084018435,0.10235514232069794,1789558483.026868,0.4472235277251945,0.10190958475054866,0.0036904376666666654,0.0010425239456628038,0.0009826560172550005,0.0006366477781616694,0.0009860853749999966,0.44736034310283673,0.10036459864354581,0.00013681537764220764,-0.0015449861070028492,-0.001548796800622702,1.0049618404767473,5.350702992771366e-08,-0.0013777775785699426,0.006598544307155027,0.006598544307155027,0.14029975972547074,0.9975395780658117,5.3772523274599517e-08,0.4485910566581103,0.10285790534350026,0.006394789958333334,0.00022397734531087038,0.0022762889260128927,0.0014908707116089437,0.005408704583333337,0.4494602016705146,0.10459258920859749,0.0008691450124043154,0.0017346838650972307,0.0017300589226516324,0.9947031676975813,1.4396826042738727e-08,0.002816490188157027,-0.010618639834655113,-0.010618639834655113,0.13812228692877654,1.0026732860858343,1.4320568469503245e-08,0.44768229666501314,0.1023153552248429,0.0036904376666666654,-0.0011058550901291765,0.0015226350359565108,0.0012870471569259283,-0.0003055678083333374,0.44800792578766113,0.10205194011201657,0.0003256291226479968,-0.00026341511282633456,-0.00026352421040486335,1.0008291624393326,-1.6454194553610923e-09,0.00014351219290513267,-0.00149641356036396,-0.00149641356036396,0.18167606390609084,0.9995860054817689,-1.6467837753704249e-09]"
/multi_agv/m2b_algorithm_state,1789558483.0368397,1789558483.0368397,m2b_algorithm_state_v1:header6+3x20,"[1.0,-0.15,0.52,0.44983902041923224,0.10234939851552571,1789558483.0367641,0.4482274275157802,0.10190467706340554,0.0036904376666666654,0.0010445474448800168,0.000985478997811472,0.0006343021218458171,0.0009860853749999966,0.44788192789170167,0.1003492196149047,-0.00034549962407853796,-0.0015554574485008438,-0.0015593205350059958,1.0049963934567265,5.4341653428380464e-08,-0.001991195065104168,0.008770642139986868,0.008770642139986868,0.14025552882047995,0.9975225834468107,5.4613165709997724e-08,0.4495972855969294,0.10285096868369527,0.006394789958333334,0.00022707809822726868,0.0022802242702351094,0.0014874790889919526,0.005408704583333337,0.4504986088197327,0.10459258920859749,0.0009013232228032853,0.0017416205249022182,0.0017369583210832622,0.9946819010120918,1.4713487572808984e-08,0.002863612349587369,-0.010787213730837214,-0.010787213730837214,0.13795475236224422,1.0026841195683087,1.4635239789439428e-08,0.4486869194078435,0.10230978121499304,0.0036904376666666654,-0.001103211564820497,0.0015258019396032114,0.0012842536423132407,-0.0003055678083333374,0.4486976541261634,0.10252513399075013,1.0734718319915793e-05,0.00021535277575708556,0.00021528011762172983,0.9993257711602062,-1.0967898919564379e-09,0.00022869851552162457,-0.0020126738832166678,-0.0020126738832166678,0.181870577201143,1.0003375050894545,-1.0960504045800865e-09]"
/multi_agv/m2b_algorithm_state,1789558483.0470073,1789558483.0470073,m2b_algorithm_state_v1:header6+3x20,"[1.0,-0.15,0.52,0.4508513689878951,0.10234355225382412,1789558483.0468578,0.4492282420391335,0.1018998496324984,0.0036904376666666654,0.001046302807309274,0.0009882880436499868,0.0006320799457268675,0.0009860853749999966,0.44899546066955087,0.10244656370557992,-0.00023278136958260198,0.0005467140730815168,0.0005462443522462166,0.998285229451478,6.715030622659453e-09,0.0002552676402679641,-0.00010808046017614435,-0.00010808046017614435,0.14021935075593697,1.0008599097333797,6.703515885915293e-09,0.4506003788395205,0.10284411147002835,0.006394789958333334,0.00023016152268538065,0.0022840752608645487,0.0014841388635079278,0.005408704583333337,0.4512856133666767,0.10262336265664276,0.0006852345271562421,-0.00022074881338558783,-0.00022082485421985045,1.000689516364157,2.3992596019988557e-10,0.0006357183047254522,-0.00192564014542172,-0.00192564014542172,0.13779471479219058,0.9996556509251132,2.4009139307562945e-10,0.44968844037904293,0.10230423444405037,0.0036904376666666654,-0.0011003420834539645,0.001528928417768127,0.0012813832118963395,-0.0003055678083333374,0.4495986219063944,0.1010768415130147,-8.98184726485507e-05,-0.001227392931035673,-0.0012297793711199293,1.0039067635603212,-3.5571204138922966e-08,-0.0013420524619306177,0.004193541286196888,0.004193541286196888,0.1820497322062614,0.9980594567283373,-3.5710172423049655e-08]"
/multi_agv/m2b_algorithm_state,1789558483.0572631,1789558483.0572631,m2b_algorithm_state_v1:header6+3x20,"[1.0,-0.15,0.52,0.4518554680042263,0.10233783201307341,1789558483.0571957,0.45023957683098215,0.10189482820315708,0.0036904376666666654,0.001049175775447793,0.000990981914250232,0.000629433228115289,0.0009860853749999966,0.45028310200776966,0.1041282587556531,4.352517678751777e-05,0.0022334305524960157,0.002225691010868872,0.9931284127205885,1.1223862467301642e-07,0.002280097481853269,-0.008119673032214753,-0.008119673032214753,0.1402115446244219,1.0034773657211844,1.1146736716745468e-07,0.4516140344158415,0.10283711447036167,0.006394789958333334,0.0002334192384375721,0.0022879962838392442,0.001480686649612692,0.005408704583333337,0.45230852825631823,0.10262336265664276,0.0006944938404767065,-0.00021375181371890983,-0.00021382311350108795,1.0006676715423974,2.2814744685892232e-10,0.0006542941870947951,-0.0019914769973181988,-0.0019914769973181988,0.13765836141998394,0.9996665478253932,2.2829977441666066e-10,0.45070049571686166,0.10229871408795357,0.0036904376666666654,-0.0010982451445885493,0.0015320071806240237,0.0012788724825989143,-0.0003055678083333374,0.45053791542669125,0.10079003094368395,-0.00016258029017041098,-0.0015086831442696208,-0.0015122967421936208,1.0048178387300117,-5.365268434416638e-08,-0.0017155221049066345,0.005635100122152353,0.005635100122152353,0.18217343194501676,0.9976105232371536,-5.39111743247688e-08]"
/multi_agv/m2b_algorithm_state,1789558483.0669467,1789558483.0669467,m2b_algorithm_state_v1:header6+3x20,"[1.0,-0.15,0.52,0.452861733761098,0.102332111273133,1789558483.0668116,0.45124269959534297,0.10188999825638408,0.0036904376666666654,0.0010512021203127496,0.0009937005429567426,0.0006271406228418512,0.0009860853749999966,0.4513063296814338,0.10385837794980377,6.363008609083787e-05,0.001968379693419689,0.001962355557426895,0.9939250219042681,8.736705232810116e-08,0.002041893165040442,-0.00713814103779765,-0.00713814103779765,0.14019256140203717,1.003069849380758,8.683629939891928e-08,0.4526193923348299,0.10283028134382304,0.006394789958333334,0.00023658819580190098,0.002291772991810881,0.0014773479922488425,0.005408704583333337,0.4540040592483206,0.1053643524896605,0.0013846669134907064,0.002534071145837466,0.0025242581047029817,0.9923305260346704,3.2437866747215745e-08,0.004255091746566365,-0.016148248103459762,-0.016148248103459762,0.13751304441676818,1.00388749514806,3.2189085372707145e-08,0.45170431208250594,0.10229321643901315,0.0036904376666666654,-0.0010955043515934126,0.0015350519809754996,0.0012761003266519222,-0.0003055678083333374,0.4518228241289052,0.10100464934039965,0.00011851204639923285,-0.0012885670986134967,-0.0012911989676000532,1.0041049463177802,-3.903653911444486e-08,-0.001143058909601012,0.0035214329584171817,0.0035214329584171817,0.18231996778051315,0.9979616859580918,-3.919678201194158e-08]"
/multi_agv/m2b_algorithm_state,1789558483.0769017,1789558483.0769017,m2b_algorithm_state_v1:header6+3x20,"[1.0,-0.15,0.52,0.45386947810318395,0.10232639886762236,1789558483.0768077,0.45224799539120925,0.10188514403789838,0.0036904376666666654,0.0010534880869986847,0.0009963668779320307,0.0006247626811058801,0.0009860853749999966,0.45215597941490027,0.10259525726266054,-9.201597630897895e-05,0.0007101132247621655,0.0007093215951069692,0.9977764329922677,1.1406006038285074e-08,0.0005943016247207455,-0.0013817906283769233,-0.0013817906283769233,0.14016929174626586,1.0011160377192196,1.1380644019568347e-08,0.4536269089030855,0.10282344399904526,0.006394789958333334,0.00023981202343147622,0.0022955254259624525,0.0014739981777367739,0.005408704583333337,0.45508944323788825,0.10578767157304048,0.0014625343348027564,0.0029642275739952123,0.002950843322890827,0.9910724295566753,4.4976942576670646e-08,0.004779011241394272,-0.018241963291165834,-0.018241963291165834,0.13736357326232443,1.0045357376315303,4.457540775349205e-08,0.4527102969889993,0.10228774578245538,0.0036904376666666654,-0.0010929198860797312,0.001538054486935548,0.0012734179376517078,-0.0003055678083333374,0.4529426683466928,0.10224002983628391,0.00023237135769349493,-4.771594617146435e-05,-4.7719521462108135e-05,1.0001498844895513,-5.3358297601456804e-11,0.00024274467565476053,-0.0019330507831887259,-0.0019330507831887259,0.18247653793258276,0.9999250769803587,-5.336629518265613e-11]"
/multi_agv/m2b_algorithm_state,1789558483.0869694,1789558483.0869694,m2b_algorithm_state_v1:header6+3x20,"[1.0,-0.15,0.52,0.45487603614718447,0.10232072716571239,1789558483.0868819,0.4532547780272449,0.10188028169559384,0.0036904376666666654,0.0010559478693612108,0.0009989858860226515,0.0006223340140696664,0.0009860853749999966,0.4531448425909155,0.10262199405503267,-0.00010993543632942249,0.0007417123594388314,0.0007408488594441534,0.9976781710137452,1.2472746899576542e-08,0.0006034295640323753,-0.0014263361917865487,-0.0014263361917865487,0.14014035104440734,1.0011655548681357,1.2443787314286885e-08,0.4546358932062424,0.10281661403887239,0.006394789958333334,0.0002430814905355124,0.0022992453091753573,0.0014706455137501045,0.005408704583333337,0.45592970553770706,0.10378422990666701,0.0012938123314646388,0.0009676158677946189,0.0009661675208431432,0.9970174507134965,4.8651822111397276e-09,0.002583432935173942,-0.009395382800358988,-0.009395382800358988,0.13720885582033202,1.0014990640031158,4.850671565407183e-09,0.4537177630760646,0.10228230086840084,0.0036904376666666654,-0.0010904298070113084,0.001541016108260091,0.0012707977322346034,-0.0003055678083333374,0.45399232113991017,0.10190975448641153,0.0002745580638455758,-0.00037254638198931656,-0.0003727648817754432,1.001174669704374,-3.2460343389096396e-09,-2.956730196847343e-05,-0.000818150466503992,-0.000818150466503992,0.18264600528061278,0.999413840206497,-3.2498473571069144e-09]"
/multi_agv/m2b_algorithm_state,1789558483.0971723,1789558483.0971723,m2b_algorithm_state_v1:header6+3x20,"[1.0,-0.15,0.52,0.45588279939837717,0.10231507953908454,1789558483.0970287,0.4542603904184458,0.10187546587605388,0.0036904376666666654,0.0010583022534903304,0.001001577937906205,0.0006199650575080423,0.0009860853749999966,0.45415038396450313,0.10423155163882808,-0.00011000645394265707,0.002356085762774199,0.002347478569173608,0.9927593209958058,1.259910446217126e-07,0.0022099705017452867,-0.007918940440989881,-0.007918940440989881,0.14011193558186702,1.00366656961798,1.2507878391020367e-07,0.45564367046043464,0.10280983449288106,0.006394789958333334,0.0002463584676535534,0.0023029029397504397,0.0014673219815060368,0.005408704583333337,0.45696237761779246,0.10378422990666701,0.0013187071573578235,0.0009743954137859528,0.0009729266392743817,0.9969965069187385,5.000234206653276e-09,0.002621310585971661,-0.009530306981189996,-0.009530306981189996,0.13705471208061443,1.001509645694013,4.985216037808906e-09,0.45472404756267304,0.1022768811282022,0.0036904376666666654,-0.0010878338031913523,0.0015439393632978651,0.001268151570371221,-0.0003055678083333374,0.45471767307401323,0.09964505244703542,-6.3744886598104955e-06,-0.0026318286811667785,-0.0026429226552594494,1.0085146722137144,-1.6185873782561264e-07,-0.0026508907660842125,0.009409035223879847,0.009409035223879847,0.18281542607898335,0.9958023841255462,-1.6323691192312326e-07]"
/multi_agv/m2b_algorithm_state,1789558483.1070516,1789558483.1070516,m2b_algorithm_state_v1:header6+3x20,"[1.0,-0.15,0.52,0.45688955747107096,0.1023094587339397,1789558483.1069422,0.4552662198745054,0.10187066794497934,0.0036904376666666654,0.0010606989866778068,0.0010041328575456357,0.0006175970600653189,0.0009860853749999966,0.455336316225494,0.10574843284049301,7.009635098859102e-05,0.003877764895513669,0.0038547175586092597,0.9882894967988595,3.416733244103872e-07,0.003942337997344999,-0.014885528097606262,-0.014885528097606262,0.14008401304538018,1.0059789949727795,3.3767215785113504e-07,0.45665163755699795,0.1028030832402869,0.006394789958333334,0.00024966157353588717,0.0023065144758623313,0.0014640111036070547,0.005408704583333337,0.45788268766138984,0.10464373129357765,0.0012310501043918953,0.001840648053290747,0.001835441105327493,0.9943822107673493,1.8071266112228483e-08,0.003374253735817362,-0.012637302947281224,-0.012637302947281224,0.13690093914781126,1.0028368918774568,1.796974554804284e-08,0.4557305407636282,0.10227148743198741,0.0036904376666666654,-0.0010852394183143003,0.001546823209226964,0.0012655266120987774,-0.0003055678083333374,0.45560249420588644,0.09924155727505403,-0.00012804655774173446,-0.003029930156933383,-0.0030446796883229345,1.0098475528162,-2.140772025638979e-07,-0.0032047378855001025,0.011518726680296482,0.011518726680296482,0.18298501946319373,0.9951556377355164,-2.1618533912289025e-07]"
/multi_agv/m2b_algorithm_state,1789558483.1172268,1789558483.1172268,m2b_algorithm_state_v1:header6+3x20,"[1.0,-0.15,0.52,0.4579032650929256,0.10230378202347663,1789558483.1170888,0.45627205653863395,0.10186589250278599,0.0036904376666666654,0.0010631145128489187,0.0010066525005534952,0.00061523926744372,0.0009860853749999966,0.45633291083272987,0.10456788092465036,6.0854294095913364e-05,0.0027019884218643653,0.0026906967844558603,0.9917281891002402,1.6641842582704494e-07,0.002766764652075752,-0.010076392416413338,-0.010076392416413338,0.14005659158459832,1.0041965477023411,1.650418440783679e-07,0.4576595834239475,0.10279636390565271,0.006394789958333334,0.0002529872004117693,0.0023100778586297444,0.0014607155151389883,0.005408704583333337,0.4589260403910583,0.10464373129357765,0.0012664569671107517,0.0018473673879249447,0.001842122137558404,0.9943616148342989,1.844639181829001e-08,0.0034251933464468434,-0.012819291694043541,-0.012819291694043541,0.13674757741904287,1.0028473955443002,1.8342383956301054e-08,0.45673703245063135,0.10226611979338043,0.0036904376666666654,-0.0010826305111993882,0.0015496681741323012,0.0012629155859005562,-0.0003055678083333374,0.4567537642385798,0.10100590729885474,1.6731787948420784e-05,-0.0012602124945256948,-0.0012627301957427969,1.0040147994620914,-3.690252730255554e-08,-0.0012418154608072709,0.0038710781010042913,0.0038710781010042913,0.18315474611298443,0.9980061447603057,-3.705068354931965e-08]"
/multi_agv/m2b_algorithm_state,1789558483.1269567,1789558483.1269567,m2b_algorithm_state_v1:header6+3x20,"[1.0,-0.15,0.52,0.45890052196516473,0.10229832834051618,1789558483.1268392,0.4572848347163226,0.10186100147173094,0.0036904376666666654,0.0010662514963726342,0.001009082794584214,0.0006126152198955845,0.0009860853749999966,0.45752296245263563,0.10281629378021459,0.00023812773631304296,0.0009552923084836518,0.0009538618585379194,0.9970160916661417,2.08906825437664e-08,0.0012515215289292231,-0.003822641773834654,-0.003822641773834654,0.14002921166967428,1.0014996405747105,2.0828346662024065e-08,0.45867448818993284,0.1027895661099594,0.006394789958333334,0.00025643526228279635,0.0023136692910215584,0.001457352259448319,0.005408704583333337,0.46048227061499725,0.10425024129593964,0.0018077824250644081,0.0014606751859802397,0.0014573859468157886,0.9955214854420029,1.1693002997571325e-08,0.0037171139781462985,-0.013665696761301947,-0.013665696761301947,0.13659332830717263,1.0022569444776366,1.1640635713419999e-08,0.45775047237252153,0.10226077848873955,0.0036904376666666654,-0.0010805117285795506,0.001552468939627026,0.0012605400100677306,-0.0003055678083333374,0.4583872417348548,0.09995575662599804,0.000636769362333256,-0.0023050218627415076,-0.002313512515427463,1.0074314505414412,-1.2330422577094175e-07,-0.001517550812510893,0.005292362453738316,0.005292362453738316,0.18332635592760185,0.9963299733071094,-1.242205550263092e-07]"
/multi_agv/m2b_algorithm_state,1789558483.1369843,1789558483.1369843,m2b_algorithm_state_v1:header6+3x20,"[1.0,-0.15,0.52,0.45990667539581936,0.10229279574718292,1789558483.1368017,0.45828122202178445,0.10185646451397151,0.0036904376666666654,0.0010677077347151231,0.0010116049957598176,0.00061067192500398,0.0009860853749999966,0.45844391625054576,0.10239197615225373,0.00016269422876130646,0.0005355116382822211,0.0005350606647312397,0.9983191559731127,6.57581315019941e-09,0.0007384284506828728,-0.0018000181721204967,-0.0018000181721204967,0.1400033206568363,1.0008428456448166,6.56476023394397e-09,0.4596728662154995,0.1027830615402732,0.006394789958333334,0.0002596711119924747,0.0023170327510043665,0.0014541995992710666,0.005408704583333337,0.46143624165568,0.10346687119283896,0.001763375440180459,0.0006838096525657589,0.000683084413502165,0.9978843767355174,2.596497750926751e-09,0.002887303713727739,-0.010322814948595906,-0.010322814948595906,0.1364425009485336,1.0010617122119294,2.5910045398787136e-09,0.4587474776582102,0.10225545896730381,0.0036904376666666654,-0.0010771589231589013,0.0015552470196281507,0.0012576413184439356,-0.0003055678083333374,0.4592445431232322,0.09806590592231042,0.0004970654650219841,-0.0041895530449933965,-0.004218007537896878,1.0137985093483945,-4.0657538665832075e-07,-0.003596675706619398,0.013358154668951733,0.013358154668951733,0.18349416698588344,0.9932540440841249,-4.121855209319527e-07]"
/multi_agv/m2b_algorithm_state,1789558483.147204,1789558483.147204,m2b_algorithm_state_v1:header6+3x20,"[1.0,-0.15,0.52,0.4609186085581601,0.10228722219723572,1789558483.1470737,0.45928649242334685,0.10185176653073535,0.0036904376666666654,0.001070136282217549,0.0010140255145293588,0.0006083600531117672,0.0009860853749999966,0.45957379336567344,0.10351398503009807,0.000287300942326596,0.001662218499362711,0.0016579103171510637,0.9948491646353392,6.345003487709568e-08,0.0020170364950593085,-0.006883566049407527,-0.006883566049407527,0.13996661243740377,1.0025985616755497,6.312321419356177e-08,0.4606801581819197,0.10277644832148244,0.006394789958333334,0.00026305018655879697,0.0023204483583011415,0.0014509577228985632,0.005408704583333337,0.4624539980805253,0.10353582181700177,0.0017738398986055781,0.0007593734955193276,0.0007584795521355705,0.9976524172182991,3.243643497974948e-09,0.0029757794253925433,-0.010671162853832242,-0.010671162853832242,0.136281168162817,1.001178599187335,3.2360287763491263e-09,0.4597533755821914,0.10225017238933097,0.0036904376666666654,-0.0010744818764564699,0.0015579765507119795,0.001255060807790146,-0.0003055678083333374,0.4600886992631236,0.0972456816875285,0.000335323680932198,-0.005004490701802464,-0.005045345018333952,1.0166352708504784,-5.789879934327877e-07,-0.004626190417168705,0.01726603586577784,0.01726603586577784,0.18368681686610133,0.9919025722952483,-5.886196155227172e-07]"
/multi_agv/m2b_algorithm_state,1789558483.157073,1789558483.157073,m2b_algorithm_state_v1:header6+3x20,"[1.0,-0.15,0.52,0.4619155771459214,0.10228185296485197,1789558483.1569731,0.46029753787235284,0.10184697692905713,0.0036904376666666654,0.0010731677549451666,0.0010163661580933508,0.0006058283790177608,0.0009860853749999966,0.46071111367903095,0.10364490713099539,0.00041357580667811256,0.001797930201938261,0.0017928946978114596,0.9944369221574262,7.443824909110482e-08,0.0023098644561591,-0.007991611721002328,-0.007991611721002328,0.13990958106703216,1.0028085888886549,7.402414331694611e-08,0.4616932350981184,0.10276977646111078,0.006394789958333334,0.0002665328640991411,0.002323879619874847,0.0014476627916251705,0.005408704583333337,0.46325067018646354,0.10357202991943838,0.0015574350883451604,0.0008022534583276009,0.0008012559426962781,0.9975208493136233,3.6682376690027915e-09,0.0027480498031277286,-0.009877948275632495,-0.009877948275632495,0.13610162006727378,1.0012449400724144,3.65914355506789e-09,0.4607650527040091,0.10224491320153926,0.0036904376666666654,-0.0010722123329759826,0.001560663023761788,0.0012526793394147095,-0.0003055678083333374,0.4613213574301684,0.10006296614188728,0.0005563047261593068,-0.0021819470596519813,-0.0021895497538195535,1.0070263606544734,-1.0963876009969065e-07,-0.00149416884612042,0.005166090572016531,0.005166090572016531,0.18392420722548994,0.9965277362826264,-1.1040912156986036e-07]"
/multi_agv/m2b_algorithm_state,1789558483.1669197,1789558483.1669197,m2b_algorithm_state_v1:header6+3x20,"[1.0,-0.15,0.52,0.46292405331499403,0.10227637534698865,1789558483.166802,0.46129367342309313,0.10184250977199309,0.0036904376666666654,0.00107467726260682,0.0010187894242761676,0.0006039134596576368,0.0009860853749999966,0.46118301880836365,0.10247125386315013,-0.00011065461472947735,0.0006287440911570408,0.0006281227416645125,0.9980282448751713,9.123973120118266e-09,0.0004898044732526658,-0.0009514552197528873,-0.0009514552197528873,0.1398916325087721,1.000989216679023,9.105982879359873e-09,0.46269127812739425,0.10276337301936393,0.006394789958333334,0.00026982148152282417,0.002327102944418624,0.0014445601635359184,0.005408704583333337,0.4642899031231469,0.1038031003235433,0.00159862499575264,0.0010397273041793664,0.0010380547342411321,0.9967954810201348,6.236462284045356e-09,0.0030363359789319323,-0.011017137869525594,-0.011017137869525594,0.1359577474231405,1.0016112540919693,6.216477422288919e-09,0.46176177988727674,0.10223967610319885,0.0036904376666666654,-0.001068827138239079,0.0015633276778994239,0.0012498256158787833,-0.0003055678083333374,0.46206698160693,0.09973955613396135,0.0003052017196532586,-0.002500119969237505,-0.0025101263911918464,1.0080805654868639,-1.4352387680325448e-07,-0.002128624241625273,0.007536661896775191,0.007536661896775191,0.18407904177088974,0.9960135784439164,-1.4468363088869176e-07]"
/multi_agv/m2b_algorithm_state,1789558483.1770165,1789558483.1770165,m2b_algorithm_state_v1:header6+3x20,"[1.0,-0.15,0.52,0.4639239344986461,0.10227102651624338,1789558483.1769292,0.462301295657584,0.1018378313149729,0.0036904376666666654,0.001077420232984216,0.0010210901215745752,0.0006015276249631907,0.0009860853749999966,0.4620519112527567,0.10128379450376623,-0.00024938440482730195,-0.0005540368112066651,-0.0005545236588261958,1.001761147963669,7.108674749833354e-09,-0.0008662541648603232,0.004395479941247808,0.004395479941247808,0.13986838035764756,0.9991220435561556,7.1211941778934075e-09,0.4637008553328658,0.10275682138083224,0.006394789958333334,0.0002732898631216821,0.002330406053615397,0.0014413381015307286,0.005408704583333337,0.4653300818044143,0.10379246816094788,0.001629226471548506,0.00103564678011564,0.0010339871111744235,0.9968076189587152,6.2673473965383375e-09,0.003070520200610056,-0.011133461676928972,-0.011133461676928972,0.13580784749283784,1.0016051156956214,6.247339635530482e-09,0.46277000895453224,0.10223447334516085,0.0036904376666666654,-0.0010663064976027298,0.001565941184611147,0.0012473732628335236,-0.0003055678083333374,0.4629319178958764,0.09753433245269565,0.00016190894134415768,-0.004700140892465204,-0.004736102080839153,1.0155735791686358,-5.067645781579801e-07,-0.004533715904158956,0.016837595606349266,0.016837595606349266,0.18424755271087348,0.992407007332161,-5.146567164357838e-07]"
/multi_agv/m2b_algorithm_state,1789558483.1869552,1789558483.1869552,m2b_algorithm_state_v1:header6+3x20,"[1.0,-0.15,0.52,0.464932272327728,0.10226560610643458,1789558483.186869,0.46330035894345206,0.10183334707617293,0.0036904376666666654,0.0010792997656585293,0.0010234249153390205,0.0005994983325833779,0.0009860853749999966,0.4630469831073124,0.10100056430436762,-0.00025337583613965764,-0.0008327827718053182,-0.0008338851319654114,1.0026557687902153,1.6092501927806582e-08,-0.0011506049271399834,0.005525658029521081,0.005525658029521081,0.13984515324428604,0.9986780431526641,1.6135239892182932e-08,0.4647017918058435,0.10275043751327535,0.006394789958333334,0.0002766531644292185,0.0023335719215920037,0.0014382329910959252,0.005408704583333337,0.4663365703675025,0.10336945691769432,0.0016347785616590005,0.000619019404418969,0.0006184245243809389,0.9980825422879211,2.267365509120235e-09,0.0026618977264546897,-0.009472386574682252,-0.009472386574682252,0.13565907465163726,1.0009619282783546,2.263017931638671e-09,0.4637696527466429,0.10222929495928185,0.0036904376666666654,-0.0010631452428692613,0.0015685272886101307,0.001244657476026821,-0.0003055678083333374,0.4638048254788379,0.09721821259546724,3.517273219499906e-05,-0.0050110823638146035,-0.005052057878743443,1.0166630370200231,-5.744463886458336e-07,-0.005008091963499694,0.018610829010435103,0.018610829010435103,0.18441617907178623,0.9918893417470049,-5.840184100858577e-07]"
/multi_agv/m2b_algorithm_state,1789558483.197104,1789558483.197104,m2b_algorithm_state_v1:header6+3x20,"[1.0,-0.15,0.52,0.4659405553530532,0.10226021495885478,1789558483.197027,0.4643078665764727,0.10182871481860419,0.0036904376666666654,0.0010820858527011384,0.001025660191495836,0.0005971278404753389,0.0009860853749999966,0.46418717165594003,0.10195254391079295,-0.00012069492053268238,0.00012382909218876248,0.00012380489410171897,0.9996093533347515,3.564898307960152e-10,-2.706375656413401e-05,0.0011224587439661528,0.0011224587439661528,0.1398441665566475,1.0001954533964033,3.5635056923241974e-10,0.465711200370449,0.10274395425528383,0.006394789958333334,0.00028015332387311236,0.0023367841281630164,0.001435044446547809,0.005408704583333337,0.4673651187916362,0.10336945691769432,0.0016539184211872282,0.0006255026624104876,0.0006248952322168912,0.9980624312814927,2.344456373766619e-09,0.0026922932587009262,-0.009580164964412519,-0.009580164964412519,0.13552826475564964,1.000972051253202,2.339913828434904e-09,0.46477775003626226,0.10222414924541567,0.0036904376666666654,-0.0010606144440575582,0.0015710661721555427,0.0012422395411012168,-0.0003055678083333374,0.4648733115231866,0.0985750246941176,9.556148692435595e-05,-0.0036491245512980802,-0.003670632653500116,1.011950693650024,-3.036530220447549e-07,-0.003551180794844671,0.013003765078120646,0.013003765078120646,0.1845396901782018,0.9941404917810213,-3.0728188628711574e-07]"
/multi_agv/m2b_algorithm_state,1789558483.2069018,1789558483.2069018,m2b_algorithm_state_v1:header6+3x20,"[1.0,-0.15,0.52,0.4669470672019196,0.10225487319133081,1789558483.206834,0.4653153310645064,0.10182410998150004,0.0036904376666666654,0.0010848618229712483,0.0010278625307003075,0.0005947788676781607,0.0009860853749999966,0.46526472405408253,0.10228301261947564,-5.0607010423864285e-05,0.00045890263797560005,0.00045857112639595513,0.9985577173980599,4.907522229381121e-09,0.00039531236336612477,-0.0005275623501392907,-0.0005275623501392907,0.1398327281894219,1.0007229229241936,4.90044419545105e-09,0.46672053865513036,0.1027375058223527,0.006394789958333334,0.00028367070693432767,0.002339949906231431,0.0014318725904938073,0.005408704583333337,0.4681908946186305,0.10263136255316588,0.0014703559635001473,-0.00010614326918682859,-0.00010616086015759099,1.0003315914470616,6.83945240147611e-11,0.001731784094217593,-0.005814146873849311,-0.005814146873849311,0.13538847559860173,0.9998342989051119,6.841720305395025e-11,0.4657857963395229,0.10221902907271156,0.0036904376666666654,-0.0010580548129452733,0.0015735698550357752,0.0012398274205905812,-0.0003055678083333374,0.466011898799936,0.09873624801528229,0.00022610246041310234,-0.003482781057429274,-0.0035023497042358342,1.0113853485539595,-2.7591044489221915e-07,-0.0032197216287194563,0.011778942194107628,0.011778942194107628,0.18468645014820526,0.9944127090499005,-2.7905178147699507e-07]"
/multi_agv/m2b_algorithm_state,1789558483.2169642,1789558483.2169642,m2b_algorithm_state_v1:header6+3x20,"[1.0,-0.15,0.52,0.46795044309535355,0.10224959635020257,1789558483.2168818,0.4663210407923393,0.1018195661498866,0.0036904376666666654,0.0010874554787634757,0.0010300461597298246,0.0005925186568792149,0.0009860853749999966,0.4662283974619478,0.10158504900154128,-9.264333039155082e-05,-0.00023451714834532567,-0.0002346041885998299,1.0007429537132346,1.2853675277229635e-09,-0.0003504083515892684,0.002435830773197782,0.002435830773197782,0.13981048054838555,0.9996289910464783,1.2863224963005564e-09,0.46772808442457897,0.10273111911759306,0.006394789958333334,0.0002871794635300271,0.0023430516679781577,0.0014287377787867428,0.005408704583333337,0.46921059190811243,0.10263136255316588,0.0014825074835334573,-9.975656442717806e-05,-9.97721027701338e-05,1.000311643878129,6.116019323188609e-11,0.001753362251646688,-0.0058902225348878325,-0.0058902225348878325,0.13523969804125957,0.9998442616470504,6.1179253431692e-11,0.46679207638884046,0.10221393430651277,0.0036904376666666654,-0.0010553440819167834,0.0015760404541488807,0.0012373670134539346,-0.0003055678083333374,0.4669633160887574,0.09806266089848789,0.00017123969991694743,-0.004151273408024875,-0.004179217824985718,1.0136741264356002,-3.9116027376150867e-07,-0.003965168200089533,0.014653457890576144,0.014653457890576144,0.1848571987489649,0.993313481581703,-3.965090488015075e-07]"
/multi_agv/m2b_algorithm_state,1789558483.2269058,1789558483.2269058,m2b_algorithm_state_v1:header6+3x20,"[1.0,-0.15,0.52,0.4689517034122454,0.1022443720880577,1789558483.2267702,0.4673236346632338,0.10181510801821604,0.0036904376666666654,0.0010897435904212798,0.0010322226177211461,0.0005903946224436265,0.0009860853749999966,0.467350138426394,0.10169337267957246,2.6503763160212745e-05,-0.00012173533864358321,-0.00012175877331816867,1.0003851880584693,3.470556234819049e-10,-8.862906936790273e-05,0.0014590014615433336,0.0014590014615433336,0.1397888231401519,0.9998075319424891,3.471893051636947e-10,0.4687324685895158,0.10272481501323981,0.006394789958333334,0.00029065825443387507,0.0023460764824868585,0.0014256559891117349,0.005408704583333337,0.4705311450624399,0.10421066086636138,0.0017986764729241433,0.001485845853121573,0.001482439890394663,0.9954415499995,1.3717962207787046e-08,0.003730785481549842,-0.013692875030344255,-0.013692875030344255,0.13509187517993396,1.0022975385032327,1.36554295629541e-08,0.4677952260333109,0.10220886601915184,0.0036904376666666654,-0.0010523960580152768,0.0015784791964491198,0.0012348203191093685,-0.0003055678083333374,0.46795839637252995,0.09762518134547851,0.000163170339219032,-0.00458368467367333,-0.004617867605700308,1.0151730378755923,-4.7569799157679727e-07,-0.004413904681676518,0.016389324192274915,0.016389324192274915,0.18502751667988487,0.9925976803698785,-4.829157752203352e-07]"
/multi_agv/m2b_algorithm_state,1789558483.2369506,1789558483.2369506,m2b_algorithm_state_v1:header6+3x20,"[1.0,-0.15,0.52,0.46995495876013144,0.1022391528535701,1789558483.236728,0.46832413004563395,0.10181071247540041,0.0036904376666666654,0.0010918512849367092,0.001034384316937009,0.0005883564720999932,0.0009860853749999966,0.4684375604462906,0.10213621165767678,0.00011343040065664445,0.00032549918227636754,0.0003253321975428586,0.9989752458296948,2.4852919766642593e-09,0.00046712019836366416,-0.0007149458656621397,-0.0007149458656621397,0.13976773649999685,1.0005132745383645,2.4827451633467466e-09,0.4697347156739365,0.102718577140015,0.006394789958333334,0.0002941199891284517,0.002349036785073255,0.0014226151558719147,0.005408704583333337,0.4714192039405027,0.10250343852658798,0.0016844882665661975,-0.00021513861342702112,-0.00021521095962574022,1.0006731065726935,2.9137534700685714e-10,0.0018903993735820068,-0.006315028653701172,-0.006315028653701172,0.13494486165702704,0.9996638358992269,2.915714736680483e-10,0.4687962645171658,0.10220382664875768,0.0036904376666666654,-0.0010493026984741516,0.0015808842165526919,0.001232228169120989,-0.0003055678083333374,0.468925765521496,0.09758695856265229,0.0001295010043302347,-0.004616868086105397,-0.004651558774452177,1.0152896035746135,-4.812127055699453e-07,-0.004489682519039384,0.016669449998623683,0.016669449998623683,0.18519756515769897,0.9925421369418543,-4.885702570731769e-07]"
/multi_agv/m2b_algorithm_state,1789558483.2470896,1789558483.2470896,m2b_algorithm_state_v1:header6+3x20,"[1.0,-0.15,0.52,0.47096683642838677,0.10223386256139654,1789558483.246966,0.4693266260601542,0.10180629796058213,0.0036904376666666654,0.00109420252115438,0.0010364986121714761,0.0005862374123030225,0.0009860853749999966,0.46948959282715347,0.10228596846270994,0.00016296676699928403,0.00047967050212781304,0.00047930827539929263,0.998492437119228,5.408281812631254e-09,0.0006830167341483977,-0.0015507644050639971,-0.0015507644050639971,0.13974715134337917,1.0007557280921524,5.400128487721777e-09,0.4707389507844964,0.10271234198612188,0.006394789958333334,0.00029762292014470434,0.002351976073095008,0.0014195673976552942,0.005408704583333337,0.47228004062825407,0.10212924741838889,0.0015410898437576703,-0.0005830945677329918,-0.0005836275508874796,1.001832184644627,2.1664933591624355e-09,0.0013427347538096084,-0.00419747824059604,-0.00419747824059604,0.13479806643737854,0.999086775198194,2.1704627750277792e-09,0.4697992994357436,0.10219881861400633,0.0036904376666666654,-0.001046368542948773,0.001583250369892284,0.0012297252497279199,-0.0003055678083333374,0.4699861275502533,0.09920506462213644,0.00018682811450970727,-0.0029937539918698935,-0.0030081636082419294,1.009735500002652,-2.0157201886429652e-07,-0.0027746284651047953,0.010032464604216782,0.010032464604216782,0.18536800946342152,0.9952098295675954,-2.0353442325448446e-07]"
/multi_agv/m2b_algorithm_state,1789558483.257106,1789558483.257106,m2b_algorithm_state_v1:header6+3x20,"[1.0,-0.15,0.52,0.4719716555438113,0.1022286836370015,1789558483.2569005,0.4703377315359526,0.10180173708149642,0.0036904376666666654,0.001097452724948537,0.0010385107139164063,0.0005837818337872946,0.0009860853749999966,0.4703510936730274,0.10223487626828567,1.3362137074812708e-05,0.0004331391867892498,0.0004328437055408255,0.998637873674762,4.423231432780653e-09,0.0004495463768843414,-0.0006960424379048073,-0.0006960424379048073,0.13972696626737316,1.0006826511386022,4.4172064328034416e-09,0.47175182382107883,0.10270600756124071,0.006394789958333334,0.00030126491721400167,0.002354962178076181,0.0014164349995325204,0.005408704583333337,0.47329597213398245,0.10212924741838889,0.0015441483129036149,-0.0005767601428518232,-0.0005772816288232806,1.001812306477422,2.1456682353451636e-09,0.001352903762306238,-0.004232808679409649,-0.004232808679409649,0.13465054334624998,0.9990966524042686,2.1495568437864786e-09,0.4708109539281289,0.10219384304145247,0.0036904376666666654,-0.0010440613690628178,0.001585570169015056,0.0012275182251207072,-0.0003055678083333374,0.47113689539223164,0.1011904847875871,0.0003259414641027525,-0.001003358253865369,-0.0010049526938634814,1.0031903167956138,-2.2562842435718868e-08,-0.0005975258637350407,0.001519751501905928,0.001519751501905928,0.1855399262776311,0.9984134178575287,-2.263482505089833e-08]"
/multi_agv/m2b_algorithm_state,1789558483.2670755,1789558483.2670755,m2b_algorithm_state_v1:header6+3x20,"[1.0,-0.15,0.52,0.47297617605587455,0.10222353706050646,1789558483.2669318,0.47134180893264244,0.10179734513148314,0.0036904376666666654,0.0010999520118316762,0.0010405488305352028,0.0005816382260205167,0.0009860853749999966,0.47143261619479915,0.10284837813244754,9.080726215671131e-05,0.001051033000964402,0.0010493012157464722,0.9967177743686242,2.6092923852263587e-08,0.0011628102934423614,-0.0035177068840688236,-0.0035177068840688236,0.13970744519422965,1.001650417622644,2.600728098879815e-08,0.4727575989933071,0.10269981759257606,0.006394789958333334,0.00030481946238248864,0.0023578303484872998,0.0014134018667237014,0.005408704583333337,0.47466589320329006,0.1047932425462207,0.0019082942099829525,0.002093424953644646,0.0020866931043201768,0.9936202108934296,2.854789020503298e-08,0.004472060866798867,-0.016632665591077952,-0.016632665591077952,0.1345045673990976,1.0032260850004882,2.836576068608734e-08,0.4718155587054845,0.10218888818694527,0.0036904376666666654,-0.0010411987603767855,0.0015878670439560955,0.00122508236025334,-0.0003055678083333374,0.4720649523514252,0.10042604836643916,0.000249393645940732,-0.0017628398205061097,-0.0017677903811725037,1.0056541200005007,-6.949368504867334e-08,-0.0014560483237465887,0.004884354763214433,0.004884354763214433,0.18571075540917484,0.9971995770996839,-6.988661068321554e-08]"
/multi_agv/m2b_algorithm_state,1789558483.277083,1789558483.277083,m2b_algorithm_state_v1:header6+3x20,"[1.0,-0.15,0.52,0.4739814321527631,0.10221841107476042,1789558483.276955,0.4723455994295064,0.10179298259735123,0.0036904376666666654,0.0011024382810567875,0.0010425584801517446,0.0005795150697930876,0.0009860853749999966,0.4724383891313497,0.10220247795271704,9.278970184334323e-05,0.00040949535536581594,0.0004092311736750238,0.9987117272882265,3.971693292114843e-09,0.0005252183009792029,-0.0009492779802954847,-0.0009492779802954847,0.1396884773150683,1.0006455561252083,3.966576668027077e-09,0.47376306054401685,0.10269366667727896,0.006394789958333334,0.0003083816745687029,0.002360653464426876,0.0014103888503174539,0.005408704583333337,0.4757093728590832,0.1047932425462207,0.0019463123150663675,0.0020995758689417443,0.0020928041460696206,0.9936013741500364,2.9052149866730674e-08,0.0045256945399025795,-0.01682401081381069,-0.01682401081381069,0.13435916639912968,1.0032357174391313,2.8866256029596394e-08,0.47281986819410043,0.10218396190688923,0.0036904376666666654,-0.0010383123878041048,0.0015901298528643148,0.00122265391671868,-0.0003055678083333374,0.4728290106939868,0.09785754759757716,9.142499886372057e-06,-0.004326414309312077,-0.004356818811754188,1.014284828017592,-4.1810780355856894e-07,-0.004345390686896223,0.016066535460400898,0.016066535460400898,0.18588159451268976,0.9930213984662195,-4.2408040162521624e-07]"
/multi_agv/m2b_algorithm_state,1789558483.2870405,1789558483.2870405,m2b_algorithm_state_v1:header6+3x20,"[1.0,-0.15,0.52,0.47498578238951167,0.10221332463536008,1789558483.2869065,0.4733501342973584,0.1017886293048777,0.0036904376666666654,0.001105016611981134,0.0010445314185231307,0.0005773711045078951,0.0009860853749999966,0.473751100502159,0.10216954476129195,0.0004009662048006235,0.0003809154564142492,0.00038068680074962555,0.9988011779996705,3.444822349434129e-09,0.0008818945567504049,-0.0022015121608140076,-0.0022015121608140076,0.13966830531240396,1.0006006398545297,3.4406926206144005e-09,0.4747692463108335,0.10268753906813419,0.006394789958333334,0.0003119660277891177,0.0023634424742112192,0.0014073839801213434,0.005408704583333337,0.4766641610132754,0.10187188727135467,0.0018949147024419077,-0.0008156517967795179,-0.0008166969081126162,1.0025706079310388,4.444746086305435e-09,0.0015519464699397683,-0.0048156352387846825,-0.0048156352387846825,0.13421274132653516,0.9987203192240391,4.4561717858463455e-09,0.4738249158500974,0.10217906485126933,0.0036904376666666654,-0.0010354780854909006,0.0015923574289585813,0.001220266373573517,-0.0003055678083333374,0.47445687172765066,0.10082878645309054,0.0006319558775532697,-0.001350278398178792,-0.0013531742335306084,1.0043112196518837,-4.053906853465923e-08,-0.0005632293865890214,0.0015595004446277232,0.0015595004446277232,0.1860564182818882,0.9978599685982337,-4.0713841363594917e-08]"
/multi_agv/m2b_algorithm_state,1789558483.297026,1789558483.297026,m2b_algorithm_state_v1:header6+3x20,"[1.0,-0.15,0.52,0.4759885354384609,0.1022082854953657,1789558483.2968676,0.47435377646767835,0.10178431797982436,0.0036904376666666654,0.0011075153941110978,0.0010464813626679045,0.0005752735833650822,0.0009860853749999966,0.4748307983001954,0.10292343495663708,0.0004770218325170772,0.0011391169768127235,0.0011370837572807276,0.9964456477725513,3.086035594670914e-08,0.001733361047927074,-0.00558481615821479,-0.00558481615821479,0.1396377179733635,1.0017881000576934,3.0750667371810093e-08,0.4757745093148854,0.10268146009569215,0.006394789958333334,0.0003155483281000841,0.0023661807761211073,0.0014044063809962315,0.005408704583333337,0.4776155649866753,0.10225691320005481,0.0018410556717898818,-0.00042454689563733994,-0.0004248292178905104,1.0013321470150234,1.2177096427322768e-09,0.001876490371846842,-0.006145343126589541,-0.006145343126589541,0.1340578432215248,0.9993354453006495,1.2193318109980078e-09,0.47482906138597136,0.10217419583056371,0.0036904376666666654,-0.0010325736861955333,0.0015945525965419295,0.0012178653053294486,-0.0003055678083333374,0.4756649416984586,0.10271225453333871,0.0008358803124872138,0.0005380587027749989,0.0005376054086385359,0.9983185283107763,-6.410800936567759e-09,0.001582455799247553,-0.006903350761862435,-0.006903350761862435,0.18625522545314893,1.0008431725744926,-6.400021356287671e-09]"
/multi_agv/m2b_algorithm_state,1789558483.3069844,1789558483.3069844,m2b_algorithm_state_v1:header6+3x20,"[1.0,-0.15,0.52,0.4769882456293811,0.10220330971477677,1789558483.306889,0.475355836368017,0.10178006114804156,0.0036904376666666654,0.0011098710090944115,0.0010484144160714409,0.0005732469082798972,0.0009860853749999966,0.4759749570450804,0.10410449997444016,0.0006191206770634339,0.0023244388263986004,0.0023160483020268387,0.9928445732412268,1.2866332185619606e-07,0.003089949148356131,-0.011001188838916041,-0.011001188838916041,0.1396119553696628,1.0036227760726832,1.277426808801136e-07,0.47677815616657243,0.10267544017896006,0.006394789958333334,0.0003191175494832799,0.0023688621843345192,0.0014014640507830772,0.005408704583333337,0.4788148499572465,0.10412370342155378,0.00203669379067406,0.0014482632425937142,0.0014450242637876333,0.9955518894660333,1.4312425979779158e-08,0.003990891502130209,-0.014573681177361717,-0.014573681177361717,0.1339073032957805,1.002241470186522,1.4248762727011884e-08,0.47583161378079336,0.10216935515909549,0.0036904376666666654,-0.0010295550147398536,0.0015967163568978773,0.0012154310423906408,-0.0003055678083333374,0.47666946940107474,0.10162986351059906,0.0008378556202813803,-0.0005394916484964263,-0.0005399511422949982,1.0017069249470048,-6.431110168335343e-09,0.0005073683830567272,-0.0025849347612692665,-0.0025849347612692665,0.1864446630155493,0.9991490085628509,-6.4420875907186105e-09]"
/multi_agv/m2b_algorithm_state,1789558483.317029,1789558483.317029,m2b_algorithm_state_v1:header6+3x20,"[1.0,-0.15,0.52,0.4779937644237493,0.10219829699896725,1789558483.3168948,0.4763548720600915,0.1017758850581697,0.0036904376666666654,0.0011119495107370816,0.0010503429313524874,0.0005713427157006731,0.0009860853749999966,0.47700739628732014,0.10334168485161908,0.0006525242272286125,0.0015657997934493822,0.0015619701341909118,0.9951375184495362,5.8526747563338856e-08,0.0023776254182266776,-0.008082661092636091,-0.008082661092636091,0.13959501930054424,1.002451813369949,5.8242162333103474e-08,0.477778736756467,0.10266950089122992,0.006394789958333334,0.0003226515197750808,0.0023714733812576494,0.0013985735293594315,0.005408704583333337,0.4798987843032745,0.10463046697556726,0.002120047546807502,0.001960966084337337,0.0019550507022918426,0.9940122171895425,2.6521103961562492e-08,0.00460511013580122,-0.01702295922983566,-0.01702295922983566,0.13376460873340995,1.0030256923969083,2.6362301351147092e-08,0.4768311280715848,0.10216454319493071,0.0036904376666666654,-0.0010263281699930521,0.0015988506157826893,0.001212921889814548,-0.0003055678083333374,0.4774790295375773,0.09944462134840923,0.0006479014659925286,-0.002719921846521478,-0.0027317968560474143,1.0088217653657976,-1.6319399542288245e-07,-0.0019219200235567535,0.006943624717502105,0.006943624717502105,0.18661562292477538,0.9956530407816935,-1.6463365455961016e-07]"
/multi_agv/m2b_algorithm_state,1789558483.3270588,1789558483.3270588,m2b_algorithm_state_v1:header6+3x20,"[1.0,-0.15,0.52,0.47900260986501914,0.10219327634071872,1789558483.3268528,0.4773597111774085,0.10177161675726253,0.0036904376666666654,0.0011146576206885767,0.0010521939079229598,0.0005692059398712114,0.0009860853749999966,0.47749171049961614,0.10200971076273689,0.0001319993222076432,0.0002380940054743652,0.00023800455281348772,0.999249272871766,1.357865021927295e-09,0.0004030037055730417,-0.0004244257984052178,-0.0004244257984052178,0.13956269735757307,1.0003758443265898,1.356845635818854e-09,0.4787851324529015,0.10266350794376249,0.006394789958333334,0.00032627782069377057,0.0023741040874565855,0.001395632834385735,0.005408704583333337,0.4803265858937194,0.10231048997266261,0.0015414534408179081,-0.0003530179710998782,-0.0003532131159669317,1.0011070690963162,8.706059019052361e-10,0.0015736036850554536,-0.005094461399302507,-0.005094461399302507,0.13360852057847006,0.9994475152302335,8.715697227943059e-10,0.4778364496409379,0.10215976629587671,0.0036904376666666654,-0.0010235418257140412,0.0016009418304097339,0.0012106260753254328,-0.0003055678083333374,0.4782920065206922,0.1008361006535313,0.00045555687975429304,-0.0013236656423454146,-0.0013264486211526344,1.0042260769662374,-3.851046475709328e-08,-0.000757002521459768,0.002244424068405209,0.002244424068405209,0.18682267222932755,0.9979019324511783,-3.8673212945162336e-08]"
/multi_agv/m2b_algorithm_state,1789558483.337044,1789558483.337044,m2b_algorithm_state_v1:header6+3x20,"[1.0,-0.15,0.52,0.4800015388686891,0.1021883974606793,1789558483.3369055,0.4783678783045073,0.10176730981501587,0.0036904376666666654,0.0011177051134282842,0.0010539870204495875,0.0005669521512786516,0.0009860853749999966,0.47845421948495004,0.10196356201862247,8.634118044276162e-05,0.00019625220360659779,0.0001961914056720543,0.9993808716913498,9.25115175233724e-10,0.0003041178812255063,-5.102677077756354e-05,-5.102677077756354e-05,0.13955227076049773,1.0003098909166548,9.24542410239975e-10,0.47979485238280767,0.10265749982526796,0.006394789958333334,0.0003299628380768324,0.002376727553365432,0.0013926704536477708,0.005408704583333337,0.48134602326931203,0.10231048997266261,0.0015511708865043605,-0.00034700985260535666,-0.00034719841840449985,1.0010882422266736,8.507442980539776e-10,0.0015917651897259509,-0.005157986186866162,-0.005157986186866162,0.13347029019819828,0.9994568932657881,8.516701139232217e-10,0.47884509890774263,0.10215501938187228,0.0036904376666666654,-0.0010209866048548565,0.0016029958274960867,0.0012084498083064273,-0.0003055678083333374,0.47940606025867766,0.10194202027486554,0.0005609613509350297,-0.00021299910700674218,-0.00021307056858044628,1.000671546954362,-9.939698540236902e-10,0.0004881311200883409,-0.00265677201053492,-0.00265677201053492,0.18698311512883264,0.9996646107710688,-9.946373514518874e-10]"
/multi_agv/m2b_algorithm_state,1789558483.347045,1789558483.347045,m2b_algorithm_state_v1:header6+3x20,"[1.0,-0.15,0.52,0.4810105280818797,0.10218343449557217,1789558483.3468919,0.4793661656206475,0.10176322267893574,0.0036904376666666654,0.001119733320641326,0.00105583375970969,0.0005651123002090167,0.0009860853749999966,0.47959212496510634,0.10319114410805207,0.00022595934445884813,0.0014279214291163245,0.0014247326296287237,0.9955579131705276,4.902173358975529e-08,0.0017071818102022838,-0.005616354616073174,-0.005616354616073174,0.13953521888888884,1.0022381739712325,4.880397479261833e-08,0.4807946093329913,0.10265167719164663,0.006394789958333334,0.0003335129520854307,0.0023792113929063663,0.001389839192901976,0.005408704583333337,0.48228941050914825,0.1023905069505448,0.001494801176156968,-0.0002611702411018241,-0.00026127699331787,1.0008183059093394,4.870755378706774e-10,0.00160722447687834,-0.005249513853825056,-0.005249513853825056,0.1333279299807625,0.9995914212932019,4.874741146616116e-10,0.4798438416524287,0.10215029251145553,0.0036904376666666654,-0.0010176926591905816,0.0016050344588812143,0.001205961318270837,-0.0003055678083333374,0.4805111548216047,0.10239870919175165,0.0006673131691760092,0.0002484166802961124,0.0002483198119382239,0.9992208512087081,-1.3472419255447414e-09,0.0010824612734082356,-0.004975637978369101,-0.004975637978369101,0.18715818533545442,1.0003900951645075,-1.3461922236268754e-09]"
/multi_agv/m2b_algorithm_state,1789558483.3570662,1789558483.3570662,m2b_algorithm_state_v1:header6+3x20,"[1.0,-0.15,0.52,0.4820147860554149,0.10217855511129026,1789558483.356891,0.48037449658081577,0.10175896135047233,0.0036904376666666654,0.001122824593874128,0.0010575672299427785,0.0005628705601862793,0.0009860853749999966,0.48071820052320924,0.10315502288299948,0.0003437039423934696,0.0013960615325271514,0.001393012526477853,0.99565518776259,4.6989945765606285e-08,0.00182264245446969,-0.006010012933842589,-0.006010012933842589,0.13954623962605608,1.0021887858087017,4.6785783274208646e-08,0.48180444720656807,0.10264573756070436,0.006394789958333334,0.00033721626071256394,0.0023817573740649856,0.0013869091953965518,0.005408704583333337,0.4831419572142888,0.10329167262669132,0.0013375100077207547,0.0006459350659869662,0.0006452865298278249,0.9979969033516667,3.010648182229853e-09,0.0023171740394787683,-0.008198386074744103,-0.008198386074744103,0.13320753423522963,1.0010050359478515,3.0046175629467174e-09,0.4808526404582554,0.10214560457553984,0.0036904376666666654,-0.0010151504021392748,0.0016070232964451366,0.0012038245689903818,-0.0003055678083333374,0.48152396799623987,0.10234329487117279,0.0006713275379844896,0.00019769029563294904,0.00019762892132602885,0.9993795533805183,-8.511246889432466e-10,0.001036788343806641,-0.004787306809186805,-0.004787306809186805,0.18727337902519173,1.0003105532657284,-8.505966115072344e-10]"
/multi_agv/m2b_algorithm_state,1789558483.3670673,1789558483.3670673,m2b_algorithm_state_v1:header6+3x20,"[1.0,-0.15,0.52,0.4830189570910847,0.10217370645351957,1789558483.3668752,0.4813781189110272,0.1017548207488384,0.0036904376666666654,0.001125412374085825,0.0010593116945300843,0.0005608413521499627,0.0009860853749999966,0.48125511440248464,0.10164307658235074,-0.00012300450854257905,-0.00011174416648766783,-0.00011176392700236427,1.0003538241076861,3.020780514033091e-10,-0.0002655195626805881,0.002117902671015846,0.002117902671015846,0.13954273957635882,0.9998231941626745,3.021849339002985e-10,0.4828095246450151,0.10263990538285843,0.006394789958333334,0.0003408594762227086,0.002384215768800435,0.0013840508147045377,0.005408704583333337,0.4840860764744914,0.10187449245468347,0.0012765518294763356,-0.0007654129281749605,-0.0007663335069355498,1.0024124595821136,4.27735816805893e-09,0.0008293562799098698,-0.0022518718985558555,-0.0022518718985558555,0.1330758216824212,0.9987987230725818,4.287677121757596e-09,0.4818567146102025,0.10214093920217392,0.0036904376666666654,-0.0010122381923389104,0.001608989821099441,0.0012015390633969402,-0.0003055678083333374,0.48199214311702376,0.10116859565408104,0.00013542850682124463,-0.0009723435480928772,-0.0009738416648325071,1.003092830714535,-2.0548172025370528e-08,-0.0008045560313059513,0.002270368225293747,0.002270368225293747,0.1874214102531148,0.9984616423863036,-2.0611724042938142e-08]"
/multi_agv/m2b_algorithm_state,1789558483.37697,1789558483.37697,m2b_algorithm_state_v1:header6+3x20,"[1.0,-0.15,0.52,0.48401809516244976,0.10216894344569882,1789558483.3768659,0.48238166450676534,0.10175070642912841,0.0036904376666666654,0.0011280021797738181,0.001061028483940761,0.0005588256628781402,0.0009860853749999966,0.4821047014093568,0.10046923200528957,-0.00027696309740854463,-0.0012814744238388437,-0.0012840964802673914,1.0041120958747236,3.9851417021977065e-08,-0.0016303003520280722,0.007463476637533887,0.007463476637533887,0.13952944602564082,0.9979580534104403,4.001528986951503e-08,0.4838145019932106,0.10263410996768584,0.006394789958333334,0.00034450827319860555,0.002386634706377566,0.0013812105424988036,0.005408704583333337,0.4850994506776705,0.10187449245468347,0.0012849486844599411,-0.0007596175130023669,-0.0007605242357486004,1.0023942242883062,4.258022085874982e-09,0.0008456616198263261,-0.002308608127689106,-0.002308608127689106,0.1329361602699182,0.9988077661386543,4.268216745773128e-09,0.48286070477327825,0.10213630296374446,0.0036904376666666654,-0.0010093197025714561,0.0016109249858490028,0.0011992671501853541,-0.0003055678083333374,0.4829964390158097,0.10194706541602266,0.00013573424253143784,-0.00018923754772179335,-0.00018929395874337017,1.0005966216517592,-7.756588093756706e-10,-1.9626155579072864e-05,-0.0008545861740361602,-0.0008545861740361602,0.18759257694845302,0.9997019924885543,-7.761215842157219e-10]"
/multi_agv/m2b_algorithm_state,1789558483.3870447,1789558483.3870447,m2b_algorithm_state_v1:header6+3x20,"[1.0,-0.15,0.52,0.48502352288785744,0.1021641397973199,1789558483.3868861,0.4833802001732277,0.10174671275350197,0.0036904376666666654,0.0011300977482245089,0.0010627598439072673,0.0005570166331396002,0.0009860853749999966,0.48313398656410517,0.1006445003268835,-0.0002462136091225253,-0.001102212426618468,-0.0011041496819566663,1.0035298799882935,2.9533566638182286e-08,-0.001411916693359823,0.006617018002251226,0.006617018002251226,0.1395167839511842,0.9982454776106394,2.9637816584041335e-08,0.48481441733331965,0.10262842504895148,0.006394789958333334,0.00034808968877125465,0.0023889665126095583,0.0013784448097579338,0.005408704583333337,0.48628500526680996,0.10098506149138481,0.0014705879334903083,-0.0016433635575666683,-0.0016476363131048715,1.0052325190199691,2.0148587473362915e-08,0.0001905986037580138,0.0004110241047525922,0.0004110241047525922,0.132797793568883,0.9974067362413545,2.02540153405428e-08,0.48385966798080204,0.10213169253464305,0.0036904376666666654,-0.0010060420742253585,0.0016128372810033662,0.0011968514581224094,-0.0003055678083333374,0.4841949888188229,0.10357110788054835,0.0003353208380208472,0.0014394153459053038,0.0014361915926303897,0.9955453397330734,-4.4681121368352577e-08,0.0018553426401564487,-0.008275917376909393,-0.008275917376909393,0.18776294104750876,1.0022446540499585,-4.448208215231125e-08]"
/multi_agv/m2b_algorithm_state,1789558483.3971665,1789558483.3971665,m2b_algorithm_state_v1:header6+3x20,"[1.0,-0.15,0.52,0.48604000115790874,0.10215924304951833,1789558483.396996,0.4843850188579451,0.10174261892190481,0.0036904376666666654,0.0011328701510693495,0.0010644101998193546,0.0005549563518460639,0.0009860853749999966,0.48463081819318504,0.10159558390910482,0.0002457993352399379,-0.00014703501279998699,-0.00014706924054708407,1.0004658323525668,5.265192630702338e-10,0.00016017992850283832,0.0006306604026493445,0.0006306604026493445,0.13950465311472293,0.9997672678054925,5.267645327772215e-10,0.4858206306737811,0.1026226812672173,0.006394789958333334,0.0003517671654861736,0.0023913233577710913,0.001375624409692161,0.005408704583333337,0.48727473753247774,0.10082052744821995,0.0014541068586966244,-0.001802153818997343,-0.0018072987905157405,1.0057489317080268,2.448960933941891e-08,1.033478285503999e-05,0.0011216209741642265,0.0011216209741642265,0.13265917227707458,0.9971532258277398,2.4630398431067485e-08,0.48486491913184604,0.10212711920283762,0.0036904376666666654,-0.0010032428305504063,0.0016147063078257532,0.001194665642211031,-0.0003055678083333374,0.4852491202519696,0.10311312782987715,0.0003842011201235507,0.000986008627039528,0.000984490599425546,0.996932433092103,-2.091480515271787e-08,0.0014647419995799844,-0.006665937493353442,-0.006665937493353442,0.18793435086380847,1.0015419422134326,-2.0850647588546278e-08]"
/multi_agv/m2b_algorithm_state,1789558483.4070816,1789558483.4070816,m2b_algorithm_state_v1:header6+3x20,"[1.0,-0.15,0.52,0.487035079316163,0.10215461510583933,1789558483.4069538,0.48540086869143406,0.10173833820496127,0.0036904376666666654,0.0011367687063383665,0.0010659360201437304,0.0005524726963662932,0.0009860853749999966,0.4856693219847057,0.10102681071834307,0.00026845329327163103,-0.0007115274866181936,-0.0007123325013167217,1.0022688780851712,1.2377296927835449e-08,-0.00037676588472718294,0.00279037011095439,0.00279037011095439,0.13949303108178043,0.9988698891359864,1.2405379505588672e-08,0.4868379178343447,0.10261680761325147,0.006394789958333334,0.0003556153316987224,0.0023937500293079172,0.0013726936911994392,0.005408704583333337,0.4882815433960895,0.10094428676387304,0.0014436255617447658,-0.0016725208493784255,-0.001676948250324977,1.0053279634456964,2.1322634883696342e-08,0.00012758370185598014,0.0006539859010573472,0.0006539859010573472,0.13251966621784916,0.9973598464080846,2.1436241102922608e-08,0.48588121694794745,0.10212258333034223,0.0036904376666666654,-0.0010012400592044703,0.001616525534919453,0.0011928509821179751,-0.0003055678083333374,0.4861140302953655,0.10219230429554226,0.00023281334741803716,6.972096520002635e-05,6.971332152872013e-05,0.9997807935039338,-1.0443384499539459e-10,0.00036073000580126656,-0.0023135252127618375,-0.0023135252127618375,0.18810758238906583,1.0001096443425532,-1.0441095241816243e-10]"
/multi_agv/m2b_algorithm_state,1789558483.4170156,1789558483.4170156,m2b_algorithm_state_v1:header6+3x20,"[1.0,-0.15,0.52,0.4880389106505582,0.10214991976801524,1789558483.4169192,0.48639538377817443,0.10173450434029398,0.0036904376666666654,0.0011384210555925658,0.0010676182577212135,0.0005508813439757836,0.0009860853749999966,0.4868913268144731,0.10012418934247719,0.000495943036298685,-0.001610314997816789,-0.0016144666364376285,1.0051877081195162,6.352818782296864e-08,-0.0009945378410642722,0.005369612116603776,0.005369612116603776,0.1394821754015381,0.997428476670165,6.3857753518756e-08,0.4878337218087326,0.10261129013534065,0.006394789958333334,0.0003591579355638943,0.0023959274777086703,0.001370025088503951,0.005408704583333337,0.4895861617269175,0.10121988468361023,0.0017524399181849115,-0.0013914054517304153,-0.001394463306722099,1.0044186194564213,1.4901848306146537e-08,0.0007960865910090404,-0.001829763404925439,-0.001829763404925439,0.132383695002699,0.9978071456043747,1.4967693903008716e-08,0.48687613236158206,0.10211805084188337,0.0036904376666666654,-0.000997624544726345,0.0016183568495440996,0.0011903309550384232,-0.0003055678083333374,0.4871326855836708,0.10304489127906903,0.000256553222088729,0.0009268404371856609,0.000925498358658025,0.9971141975142752,-1.8378057546940175e-08,0.0012461898862689363,-0.005854119091078585,-0.005854119091078585,0.18827732633631342,1.0014501144330303,-1.832502210278842e-08]"
/multi_agv/m2b_algorithm_state,1789558483.4270606,1789558483.4270606,m2b_algorithm_state_v1:header6+3x20,"[1.0,-0.15,0.52,0.4890387999416766,0.10214529762868259,1789558483.426841,0.48739863911810805,0.10173052044370647,0.0036904376666666654,0.0011410235809092176,0.0010691997009705245,0.0005489305487316491,0.0009860853749999966,0.4878133481599906,0.09917379562619266,0.0004147090418825661,-0.002556724817513803,-0.0025672661461701093,1.0083255580646422,1.606138230611113e-07,-0.0020488798438169017,0.009488682081789098,0.009488682081789098,0.13947185209871693,0.99589394785888,1.6195102277099074e-07,0.48883829569854875,0.10260567802687522,0.006394789958333334,0.00036282876459589955,0.0023981551439716253,0.001367274776579927,0.005408704583333337,0.49059176631980955,0.10096826482952871,0.0017534706212607998,-0.0016374131973465045,-0.001641656188964565,1.0052148300995258,2.085198438068979e-08,0.0005501820876114348,-0.0008460609223563244,-0.0008460609223563244,0.1322471616080941,0.9974154200821205,2.0960723936473055e-08,0.48787979713501783,0.10211356083346404,0.0036904376666666654,-0.0009946857012962103,0.0016201393126986652,0.0011881296601465065,-0.0003055678083333374,0.4888341674810189,0.1043076411418104,0.0009543703460010433,0.0021940803083463634,0.002186631263292327,0.993266780012783,-1.0259413570804319e-07,0.003379594195793631,-0.014076774335743907,-0.014076774335743907,0.18844851094979587,1.0034066306373122,-1.0190334682292255e-07]"
/multi_agv/m2b_algorithm_state,1789558483.4370341,1789558483.4370341,m2b_algorithm_state_v1:header6+3x20,"[1.0,-0.15,0.52,0.4900455272057626,0.10214063006524192,1789558483.4369082,0.4883979719819842,0.10172663614052548,0.0036904376666666654,0.0011432389882847682,0.0010707882850003341,0.0005471438444007879,0.0009860853749999966,0.48893199059043524,0.10084748029095948,0.0005340186084510368,-0.0008791558495659935,-0.0008803866071354576,1.0028091832521897,1.9006933584194284e-08,-0.00021286334657166165,0.0022910424882864014,0.0022910424882864014,0.13946215707709123,0.9986020260196045,1.9060327543694486e-08,0.48983890283475,0.10260015976326348,0.006394789958333334,0.0003664456772122515,0.0024003086792203088,0.0013645864037426514,0.005408704583333337,0.4915967642425533,0.10096826482952871,0.0017578614078032628,-0.001631894933734765,-0.0016361095145810828,1.0051973186241414,2.091858745862396e-08,0.0005612172451729958,-0.0008838889167344928,-0.0008838889167344928,0.13211179123671904,0.9974240227755187,2.1027308022813396e-08,0.4888795250082955,0.10210909698225883,0.0036904376666666654,-0.0009914671524492388,0.0016218990749267762,0.001185818930850264,-0.0003055678083333374,0.48989939447208,0.10460468695882709,0.0010198694637844619,0.002495589976568263,0.002485974562212216,0.9923675804930543,-1.322720460897839e-07,0.0037608113919427935,-0.015588277852572763,-0.015588277852572763,0.188619057611974,1.0038678651431938,-1.312624903449846e-07]"
/multi_agv/m2b_algorithm_state,1789558483.4470966,1789558483.4470966,m2b_algorithm_state_v1:header6+3x20,"[1.0,-0.15,0.52,0.4910480813652101,0.10213603873015407,1789558483.4468908,0.4894041346183911,0.10172264303526106,0.0036904376666666654,0.0011461790858917848,0.0010722911889849084,0.0005450875769204026,0.0009860853749999966,0.49007560031586733,0.10205084584797827,0.0006714656974762256,0.00032820281271721263,0.00032803284232476627,0.9989655258088987,2.6535339672697507e-09,0.0011673649641700482,-0.003150589245991783,-0.003150589245991783,0.13945302854558492,1.00051815053408,2.6507889548653996e-09,0.49084635810111915,0.10259457596719405,0.006394789958333334,0.0003701651828563225,0.0024024926860696794,0.0013618377058564196,0.005408704583333337,0.4924643940479954,0.10013708773407046,0.0016180359468762617,-0.0024574882331235975,-0.002467106814605215,1.0079010259266068,4.7947039198641616e-08,-0.0004445618810098879,0.003031765286924194,0.003031765286924194,0.13197614271091054,0.9961012707578465,4.8325869998454116e-08,0.4898860888977775,0.10210467119327063,0.0036904376666666654,-0.0009887634194256857,0.0016236152636630117,0.0011837540281101379,-0.0003055678083333374,0.4908388958601743,0.1038653381888518,0.0009528069623968016,0.0017606669955811671,0.0017558537235549964,0.994569181937048,-6.569528197456452e-08,0.0029468624265509983,-0.012310307610212907,-0.012310307610212907,0.18879072704328123,1.002741271645582,-6.533850285056634e-08]"
/multi_agv/m2b_algorithm_state,1789558483.457079,1789558483.457079,m2b_algorithm_state_v1:header6+3x20,"[1.0,-0.15,0.52,0.4920526825207898,0.1021314550370761,1789558483.4568782,0.490406144099758,0.10171875741112286,0.0036904376666666654,0.0011486821577897225,0.0010738037283706697,0.0005432157362112574,0.0009860853749999966,0.49067480900683974,0.10184541225231629,0.0002686649070817171,0.0001266548411934243,0.00012662948876842963,0.9995998535403099,3.960958533153424e-10,0.000462460622620576,-0.0005508022408563741,-0.0005508022408563741,0.1394445358197891,1.0002002094870732,3.9593735696194036e-10,0.49184961465542454,0.10258908995730635,0.006394789958333334,0.0003738276939476686,0.0024045998706432314,0.0013591536814568372,0.005408704583333337,0.49345504404844914,0.10013708773407046,0.0016054293930246044,-0.0024520022232358968,-0.002461578222348521,1.0078834819229319,4.820651977610775e-08,-0.00045479148106776545,0.00306902693211277,0.00306902693211277,0.13184169824936967,0.9961098131980188,4.858655500333015e-08,0.4908884853404478,0.102100268822033,0.0036904376666666654,-0.0009857438028740401,0.0016253112138063588,0.001181562727776214,-0.0003055678083333374,0.4916794214945925,0.10365397339516566,0.0007909361541446613,0.0015537045731326554,0.0015499502214225734,0.995195867598843,-5.10108318210938e-08,0.0025386204141034,-0.010748784825496273,-0.010748784825496273,0.1889617160192311,1.0024222401843565,-5.0765769031132116e-08]"
/multi_agv/m2b_algorithm_state,1789558483.4670236,1789558483.4670236,m2b_algorithm_state_v1:header6+3x20,"[1.0,-0.15,0.52,0.4930534722931521,0.1021269429940554,1789558483.4668114,0.4914102045399625,0.10171485688506121,0.0036904376666666654,0.001151406717245512,0.0010752722799677195,0.0005412707690846195,0.0009860853749999966,0.4915691899988585,0.10045879437899782,0.00015898545889603266,-0.0012560625060633879,-0.0012585823389658103,1.0040313423298857,3.9086692581743855e-08,-0.0010598505153457695,0.005459997965554423,0.005459997965554423,0.13943664901154001,0.9979978799762176,3.924426442008387e-08,0.4928549129541628,0.10258360964076556,0.006394789958333334,0.0003775226005690432,0.0024066913001187795,0.0013564638110683952,0.005408704583333337,0.49434254813721135,0.10179031340309946,0.0014876351830485635,-0.000793296237666094,-0.0007942860808531135,1.0025030604156333,5.090272266299538e-09,0.0010652578979575907,-0.003037554565105019,-0.003037554565105019,0.1317076328234477,0.998753795123847,5.103013525314109e-09,0.4918929300682443,0.10209589858540151,0.0036904376666666654,-0.000982880205667893,0.0016269738560059322,0.0011794563854191677,-0.0003055678083333374,0.49272322402976415,0.10381787269009164,0.0008302939615198457,0.0017219741046901327,0.0017173681491635606,0.9946855275775932,-6.246988082694562e-08,0.0027552356010633675,-0.011601134820319329,-0.011601134820319329,0.18913303971122586,1.0026819849481985,-6.213788636805978e-08]"
/multi_agv/m2b_algorithm_state,1789558483.4770172,1789558483.4770172,m2b_algorithm_state_v1:header6+3x20,"[1.0,-0.15,0.52,0.49405708496161416,0.10212243011786006,1789558483.476876,0.49241047235505836,0.10171105446482408,0.0036904376666666654,0.0011537467721923125,0.001076748144606553,0.0005394886702596823,0.0009860853749999966,0.4924325481688451,0.10022842764557208,2.207581378671497e-05,-0.0014826268192520003,-0.001486143878869694,1.0047709668306346,5.457899833688144e-08,-0.0014585491116363002,0.00696822127896877,0.00696822127896877,0.13942939686526684,0.9976334326254006,5.483939292759596e-08,0.49385637603434746,0.10257822108686997,0.006394789958333334,0.00038116413429694837,0.0024087112235860464,0.0013538342784436552,0.005408704583333337,0.49536038622723205,0.10179031340309946,0.0015040101928845973,-0.0007879076837705029,-0.0007888841571541704,1.0024860879120265,5.069894890382985e-09,0.0010911285839515761,-0.003127984440727626,-0.003127984440727626,0.13157472729586334,0.9987622094133694,5.082499094785212e-09,0.4928935684900505,0.1020915534304722,0.0036904376666666654,-0.0009797404491450157,0.0016286155271697479,0.001177241245927661,-0.0003055678083333374,0.4937860941415239,0.10409352748767316,0.0008925256514734081,0.002001974057200956,0.001995761347502794,0.9938408542809315,-8.41519664816014e-08,0.003111418411844554,-0.013007912324040975,-0.013007912324040975,0.18930373779347587,1.003112952210411,-8.363366225749505e-08]"
/multi_agv/m2b_algorithm_state,1789558483.4870205,1789558483.4870205,m2b_algorithm_state_v1:header6+3x20,"[1.0,-0.15,0.52,0.49506034468911553,0.10211795125364327,1789558483.4868362,0.49341356493577365,0.10170722110375692,0.0036904376666666654,0.0011563967913569098,0.0010781738250662631,0.0005375983161649775,0.0009860853749999966,0.4935164062409669,0.10177881664780987,0.00010284130519322421,7.159554405294921e-05,7.158743822413332e-05,0.9997736276009497,1.2743106372193146e-10,0.00020013906971566358,0.00041349867065054106,0.00041349867065054106,0.13942253264609433,1.0001132297651232,1.2740221684632318e-10,0.49486065956337955,0.10257282687247882,0.006394789958333334,0.00038484788849659987,0.0024107238052961666,0.0013511902638562445,0.005408704583333337,0.49602742099239816,0.1002078970311155,0.0011667614290186146,-0.002364929841363314,-0.0023738338912499255,1.0075976990314914,4.616637731472673e-08,-0.0009153821049766573,0.004663372513639204,0.004663372513639204,0.13144193225139764,0.9962490846897788,4.651713555493829e-08,0.4938970303856893,0.10208724237734447,0.0036904376666666654,-0.0009768216590639238,0.001630222252880403,0.0011751400690095948,-0.0003055678083333374,0.4947658215221106,0.10268086996839021,0.0008687911364213541,0.0005936275910457395,0.0005930754101665128,0.9981438427465856,-7.384642973476827e-09,0.0016790643306932055,-0.007217459312694586,-0.007217459312694586,0.18947540964914875,1.0009310466590946,-7.370935914857732e-09]"
/multi_agv/m2b_algorithm_state,1789558483.4972093,1789558483.4972093,m2b_algorithm_state_v1:header6+3x20,"[1.0,-0.15,0.52,0.4960659031342645,0.10211347777120915,1789558483.4969335,0.4944163143730109,0.10170341976625134,0.0036904376666666654,0.0011590150652067825,0.0010795770656568562,0.0005357333961077118,0.0009860853749999966,0.49466582035038964,0.10336052629896633,0.0002495059773787167,0.0016571065327149886,0.0016528159419634757,0.994854237603505,6.834409436543634e-08,0.0019646984136868716,-0.0066054645749649785,-0.0066054645749649785,0.13940606692547222,1.0025959277391867,6.799241189462818e-08,0.4958645775006815,0.10256747376826617,0.006394789958333334,0.00038852806816227874,0.0024126984346981017,0.0013485675438686395,0.005408704583333337,0.4970162112932761,0.1002078970311155,0.0011516337925945863,-0.002359576737150662,-0.002368440807132048,1.0075805896115988,4.639805809844883e-08,-0.0009288985663888152,0.004712322669474118,0.004712322669474118,0.13130171554469106,0.9962574238905639,4.6749782735668286e-08,0.494900142193654,0.10208296022641235,0.0036904376666666654,-0.0009738794558890964,0.0016318016253022566,0.0011730429734430085,-0.0003055678083333374,0.49563489002500205,0.1025282899617586,0.000734747831348026,0.0004453297353462504,0.0004450186122409369,0.9986050971955959,-4.143893502158312e-09,0.0013634534014259694,-0.0060223379608539546,-0.0060223379608539546,0.1896706747643624,1.000699123804613,-4.138113173490999e-09]"
/multi_agv/m2b_algorithm_state,1789558483.507111,1789558483.507111,m2b_algorithm_state_v1:header6+3x20,"[1.0,-0.15,0.52,0.497067119404617,0.10210908148445019,1789558483.5069168,0.49542136557021005,0.10169960008537844,0.0036904376666666654,0.0011618714664694907,0.001080934626143626,0.0005337890170613114,0.0009860853749999966,0.49571907747552946,0.10352506817457816,0.00029771190531940883,0.0018254680891997138,0.0018202677591042805,0.9943420551397898,8.313264247226274e-08,0.0021924076407535418,-0.00749671958977689,-0.00749671958977689,0.13938349754486598,1.00285690391945,8.26622825650711e-08,0.4968707899060432,0.10256212319699566,0.006394789958333334,0.000392243265153365,0.0024146603153359925,0.001345936277359558,0.005408704583333337,0.49825289733753714,0.10297524094208073,0.0013821074314939175,0.0004131177450850676,0.00041285168784090955,0.9987139858735817,1.4332160541358953e-09,0.0021404859772083066,-0.0074035153544119575,-0.0074035153544119575,0.1311565709610058,1.0006444378259647,1.431372918044067e-09,0.4959055539265404,0.10207871003125332,0.0036904376666666654,-0.0009711067654540871,0.0016333484077528885,0.0011710363112722218,-0.0003055678083333374,0.4967060033093581,0.10304552286916506,0.0008004493828177028,0.0009668128379117374,0.0009653521603863616,0.9969894939199919,-1.946880841165845e-08,0.00196591388890849,-0.008409921740262958,-0.008409921740262958,0.18988205495042856,1.0015131032853246,-1.9410197445564642e-08]"
/multi_agv/m2b_algorithm_state,1789558483.5170867,1789558483.5170867,m2b_algorithm_state_v1:header6+3x20,"[1.0,-0.15,0.52,0.49807297127735967,0.10210466538518286,1789558483.5169163,0.49642209421918804,0.10169588957168735,0.0036904376666666654,0.0011642784808157361,0.0010823054777634893,0.0005320325211472792,0.0009860853749999966,0.4965393960871901,0.102100539358654,0.0001173018680020732,0.00040464978696665155,0.0004043914697232186,0.9987252160095502,4.097628770892866e-09,0.0005510188047258101,-0.00097694595503135,-0.00097694595503135,0.13937410188265123,1.0006387801493681,4.092405179336925e-09,0.49787263508531837,0.10255687187123347,0.006394789958333334,0.0003958960601131035,0.002416547042104089,0.0013433711603498127,0.005408704583333337,0.49923365991502117,0.10221564312155637,0.001361024829702795,-0.00034122874967709715,-0.0003414113280481842,1.0010715149202112,9.874572847263352e-10,0.0013598697090803093,-0.004272505416579628,-0.004272505416579628,0.13102265154669201,0.9994652246247047,9.885153599399908e-10,0.4969066289093446,0.10207448301042978,0.0036904376666666654,-0.0009680131399096921,0.0016348772871656939,0.0011688998469696005,-0.0003055678083333374,0.49771959301824176,0.10292044258385039,0.0008129641088971407,0.0008459595734206099,0.0008448401518216837,0.9973620129717636,-1.4859829931302497e-08,0.0018610452879431094,-0.00797585020559673,-0.00797585020559673,0.19006378313577107,1.0013250099400608,-1.4820629892701923e-08]"
/multi_agv/m2b_algorithm_state,1789558483.527001,1789558483.527001,m2b_algorithm_state_v1:header6+3x20,"[1.0,-0.15,0.52,0.4990758735329217,0.10210031146753035,1789558483.5269058,0.49742745556907014,0.10169211487555367,0.0036904376666666654,0.0011671733579703865,0.0010836105100274877,0.0005300987891857512,0.0009860853749999966,0.497690729152657,0.10141418025544388,0.0002632735835868538,-0.0002779346201097904,-0.00027805712430688457,1.0008824611009663,1.938888569580381e-09,5.103485517668271e-05,0.0011111356992216273,0.0011111356992216273,0.139351788707158,0.9995594279506431,1.940599563322144e-09,0.49887911924896494,0.1025515891918432,0.006394789958333334,0.00039961655156312177,0.0024184439148159376,0.001340771419981096,0.005408704583333337,0.5000212364977967,0.1005349648655714,0.0011421172488317866,-0.0020166243262718098,-0.0020230835037252054,1.0064550110148538,3.485275264604514e-08,-0.0005954369426854722,0.003399975358281403,0.003399975358281403,0.13087813049652,0.996807261073751,3.5077727548273336e-08,0.4979123390140438,0.10207029208815165,0.0036904376666666654,-0.0009652689737595014,0.0016363683751264594,0.0011669345236853847,-0.0003055678083333374,0.49884587305045497,0.10288480006390371,0.0009335340364111655,0.0008145079757520685,0.0008134699357981406,0.9974590295221729,-1.373695206529771e-08,0.0019803874813120975,-0.008383029411173075,-0.008383029411173075,0.19027793435993282,1.001276064311964,-1.3702046875644464e-08]"
/multi_agv/m2b_algorithm_state,1789558483.5370371,1789558483.5370371,m2b_algorithm_state_v1:header6+3x20,"[1.0,-0.15,0.52,0.5000789782526742,0.10209598553160563,1789558483.536881,0.49842988324312365,0.1016884234808654,0.0036904376666666654,0.001169755259002492,0.0010849171199707177,0.0005282999032218847,0.0009860853749999966,0.49878708242150993,0.10267519892262289,0.00035719917838628046,0.000986775441757487,0.0009852459202868253,0.9969115828649255,2.447278475000218e-08,0.0014317448932696759,-0.004375917952771073,-0.004375917952771073,0.13935403611503708,1.0015524260889264,2.4397202582237284e-08,0.4998826332654666,0.10254638552910364,0.006394789958333334,0.0004032944518664854,0.002420279197634656,0.0013382221847198783,0.005408704583333337,0.5009836152132052,0.10096893152904396,0.0011009819477386107,-0.0015774540000596804,-0.0015813933222705847,1.0050244891586726,2.1516124102014126e-08,-0.00020516588759732137,0.001833869259026862,0.001833869259026862,0.13075361391475238,0.9975089548214049,2.162423163430135e-08,0.4989151040901749,0.102066125392622,0.0036904376666666654,-0.0009623017955777955,0.001637839535903205,0.0011648828981279296,-0.0003055678083333374,0.49991127656570683,0.10368343245960665,0.000996172475531909,0.0016173070669846523,0.0016132391159539277,0.9950005069783883,-5.396408257084791e-08,0.002858454710368814,-0.011897989712499593,-0.011897989712499593,0.19043585694782597,1.0025216045101406,-5.369428951661727e-08]"
/multi_agv/m2b_algorithm_state,1789558483.5472238,1789558483.5472238,m2b_algorithm_state_v1:header6+3x20,"[1.0,-0.15,0.52,0.5010872684520722,0.10209163455695613,1789558483.5470858,0.49943252139748806,0.10168475304058755,0.0036904376666666654,0.001172364518239938,0.001086197717037407,0.000526502690187377,0.0009860853749999966,0.4999693766439207,0.10431962535719293,0.0005368552464326548,0.0026348723166053772,0.002624102408282073,0.9919072111413232,1.746687123645853e-07,0.0032951714663228917,-0.011827383502495096,-0.011827383502495096,0.13936118849485976,1.004104225616086,1.7325515535520176e-07,0.5008863394216626,0.10254121490037148,0.006394789958333334,0.00040697456109986454,0.002422083506965156,0.0013356881062975556,0.005408704583333337,0.5021693089459673,0.10280982945178628,0.0012829695243047334,0.00026861455141480306,0.00026850191209259154,0.9991621908690695,6.288103098534151e-10,0.0018722138174735083,-0.006366564930995827,-0.006366564930995827,0.1306330990309626,1.0004195103168303,6.282834868341966e-10,0.499918073938872,0.10206198865385785,0.0036904376666666654,-0.0009593561195346376,0.001639283255523519,0.0011628548691102096,-0.0003055678083333374,0.5009051057795794,0.10283762874920604,0.0009870318407073642,0.0007756400953481957,0.0007746983754526398,0.9975789317471812,-1.2381694294400746e-08,0.002008488176336845,-0.008458624284219519,-0.008458624284219519,0.1905837514693674,1.0012155955471131,-1.2351717367428464e-08]"
/multi_agv/m2b_algorithm_state,1789558483.5570216,1789558483.5570216,m2b_algorithm_state_v1:header6+3x20,"[1.0,-0.15,0.52,0.5020866082496706,0.10208740948190205,1789558483.5569432,0.5004403406088334,0.10168101013891592,0.0036904376666666654,0.0011755041532484425,0.001087407469784718,0.0005245124269121935,0.0009860853749999966,0.5009631532082199,0.10282480786590245,0.0005228125993865795,0.0011437977269865285,0.0011417449440528984,0.9964261866690469,3.303999093060382e-08,0.0017952606932861229,-0.005739709097573219,-0.005739709097573219,0.1393842555808504,1.001797934770215,3.292191217056146e-08,0.5018952360693664,0.10253600568245211,0.006394789958333334,0.00041073040453309517,0.0024239028518826533,0.0013331133764879488,0.005408704583333337,0.5031920351184669,0.10280982945178628,0.0012967990491005166,0.0002738237693341722,0.0002737067151381629,0.9991459332636681,6.594791809825e-10,0.0018947055265138087,-0.006445199227296628,-0.006445199227296628,0.13052460356379172,1.0004276628578521,6.589159417507193e-10,0.5009262286780167,0.10205788784950034,0.0036904376666666654,-0.0009567907381026375,0.001640689009648125,0.0011610114376909954,-0.0003055678083333374,0.5018053682615223,0.10150920456686963,0.000879139583505606,-0.0005486832826307186,-0.0005491593219909857,1.0017388218226237,-6.185146842130363e-09,0.0005497651573910218,-0.0026582036681996064,-0.0026582036681996064,0.19069653483895935,0.9991331489037806,-6.195901710435591e-09]"
/multi_agv/m2b_algorithm_state,1789558483.5670168,1789558483.5670168,m2b_algorithm_state_v1:header6+3x20,"[1.0,-0.15,0.52,0.5030868753733432,0.10208320416672838,1789558483.5668993,0.5014392398508137,0.10167746504922706,0.0036904376666666654,0.001177706479619929,0.0010886736200815912,0.0005228991233912426,0.0009860853749999966,0.5012954206720321,0.10120511963361421,-0.00014381917878159012,-0.0004723454156128487,-0.00047269982993949065,1.0015033427559878,5.651661355103459e-09,-0.0006524738034164783,0.0037023514896174724,0.0037023514896174724,0.1393818179963707,0.9992502338604875,5.66015773926095e-09,0.5028951436023468,0.10253096148630632,0.006394789958333334,0.0004143548819849751,0.002425606058028329,0.0013306560132128192,0.005408704583333337,0.503602964268157,0.10153002910709667,0.0007078206658102104,-0.0010009323792096458,-0.0010025118217474138,1.003167965764317,8.897611508239895e-09,-0.00011773598948465079,0.0012798380753277555,0.0012798380753277555,0.13039731075060362,0.9984245148002197,8.925798836882192e-09,0.5019254412958515,0.10205380191017276,0.0036904376666666654,-0.0009535576804461945,0.0016420898317785846,0.0011588811542352813,-0.0003055678083333374,0.5024771912992305,0.10187465321777892,0.0005517500033790368,-0.00017914869239384068,-0.00017919930183596405,1.000565383928293,-6.569938267969884e-10,0.0005104882023878319,-0.0026840794831594727,-0.0026840794831594727,0.19086913737032526,0.9997175801378417,-6.573652805476472e-10]"
/multi_agv/m2b_algorithm_state,1789558483.5772593,1789558483.5772593,m2b_algorithm_state_v1:header6+3x20,"[1.0,-0.15,0.52,0.5040967215944873,0.10207892745145179,1789558483.5771215,0.502439072446827,0.10167392379222706,0.0036904376666666654,0.0011800341593368423,0.0010899084698883007,0.0005212477652809875,0.0009860853749999966,0.5022125996809856,0.1008039155049591,-0.00022647276584131237,-0.0008700082872679649,-0.0008712143433833507,1.0027816474586186,1.9217042081336603e-08,-0.0011543053006849912,0.0056555746995660145,0.0056555746995660145,0.1393827664960941,0.9986156608594137,1.927049711760432e-08,0.503895971097481,0.10252593943294148,0.006394789958333334,0.0004179893828933157,0.0024272871724133616,0.0013282057986392926,0.005408704583333337,0.5046189968953279,0.10153002910709667,0.0007230257978468879,-0.000995910325844812,-0.000997474006154196,1.0031521059775916,8.885985865714708e-09,-9.369175884558611e-05,0.0011961754345537893,0.0011961754345537893,0.13027274788177903,0.9984323598412226,8.913995434878823e-09,0.5029255825757216,0.10204974927501662,0.0036904376666666654,-0.0009504191864192998,0.0016434610605156556,0.0011568072570675714,-0.0003055678083333374,0.5035344510862901,0.10235626899814951,0.0006088685105685165,0.000306519723132892,0.0003063721044475108,0.999037930871495,-1.9163724523107874e-09,0.0010674577426581565,-0.004882020070471688,-0.004882020070471688,0.1910354462212738,1.0004818280882568,-1.9145287695357016e-09]"
/multi_agv/m2b_algorithm_state,1789558483.5876281,1789558483.5876281,m2b_algorithm_state_v1:header6+3x20,"[1.0,-0.15,0.52,0.505097446497523,0.10207477807128251,1789558483.587521,0.5034484688259355,0.10167022557493445,0.0036904376666666654,0.0011833555201196428,0.0010910332207157971,0.0005192229471620976,0.0009860853749999966,0.5032299806372968,0.1008039155049591,-0.00021848818863867692,-0.000866310069975354,-0.0008675059209141391,1.002769845615069,1.9107919127444536e-08,-0.0011406161567124851,0.005608847452454789,0.005608847452454789,0.1393912912494278,0.9986215068854805,1.9160845113452783e-08,0.5049063965135691,0.10252081619558807,0.006394789958333334,0.00042176223605469836,0.0024290247572453794,0.0013256662324088453,0.005408704583333337,0.5055099097452482,0.10053586214361515,0.0006035132316791758,-0.001984954051972923,-0.0019912130559795907,1.00635400007492,3.564213885885225e-08,-0.001236821516380621,0.005669219556986652,0.005669219556986652,0.13015308046739738,0.9968566879431249,3.586860901183171e-08,0.5039352994439572,0.10204574058383285,0.0036904376666666654,-0.0009479940259840146,0.001644783838317932,0.0011550677748548522,-0.0003055678083333374,0.5045674994387885,0.10235626899814951,0.0006321999948313284,0.0003105284143166548,0.0003103769055758754,0.9990253401111302,-1.9618366726330505e-09,0.0011006268991150358,-0.004999333834632377,-0.004999333834632377,0.1911870064350891,1.0004881443756206,-1.9599245491197212e-09]"
/multi_agv/m2b_algorithm_state,1789558483.5975394,1789558483.5975394,m2b_algorithm_state_v1:header6+3x20,"[1.0,-0.15,0.52,0.5061027939513458,0.1020706100266343,1789558483.5973856,0.5044487743238623,0.10166672996387977,0.0036904376666666654,0.0011857050908900793,0.0010922173137230418,0.0005175885034997686,0.0009860853749999966,0.5044860605053506,0.10209366110845439,3.728618148834961e-05,0.00042693114457462156,0.00042664353105297806,0.9986548295901587,4.645798619916385e-09,0.00047325125791341507,-0.0006892378736850771,-0.0006892378736850771,0.13939177392834334,1.0006741307454812,4.639549229082792e-09,0.5059076616747855,0.10251585997694658,0.006394789958333334,0.00042540064347199383,0.002430645531787623,0.0013232457169921608,0.005408704583333337,0.5067934972475829,0.10155602075870236,0.0008858355727974221,-0.0009598392182442184,-0.0009612914801072292,1.0030371072003097,8.400483080180638e-09,0.0001460029858895484,0.00033944677497661454,0.00033944677497661454,0.1300284640941569,0.9984892596126528,8.425996247829534e-09,0.5049359034939211,0.10204174427302123,0.0036904376666666654,-0.0009448768494790768,0.0016461043161717327,0.0011530295208516286,-0.0003055678083333374,0.505619373533905,0.10184801717075041,0.0006834700399838134,-0.00019372710227082146,-0.00019378629992132426,1.0006115946065843,-7.613269267102897e-10,0.0006605512500584425,-0.003201114498951589,-0.003201114498951589,0.19135754100878025,0.9996945209721904,-7.617925501525132e-10]"
/multi_agv/m2b_algorithm_state,1789558483.6071231,1789558483.6071231,m2b_algorithm_state_v1:header6+3x20,"[1.0,-0.15,0.52,0.5070953046577076,0.10206660580479003,1789558483.6070123,0.505453699202245,0.10166317089848578,0.0036904376666666654,0.0011885419473559957,0.001093336881613104,0.0005157764009280778,0.0009860853749999966,0.5054995480610085,0.10158187587042757,4.584885876346423e-05,-8.129502805821753e-05,-8.130549733964548e-05,1.0002576420251141,1.6891672437707423e-10,-2.3994423885315196e-05,0.0013102709116093027,0.0013102709116093027,0.13939294868596921,0.9998712352575102,1.6896024442401838e-10,0.5069135532003508,0.10251087384849204,0.006394789958333334,0.0004291031467275729,0.0024322777470149326,0.0013207914655732206,0.005408704583333337,0.5078489799591122,0.10121869172992778,0.0009354267587613485,-0.0012921821185642585,-0.0012948210204677274,1.0041044858938604,1.536119312351097e-08,-0.00012553757201604174,0.0014518256256550023,0.0014518256256550023,0.129904000805571,0.9979619562381559,1.5424242923999285e-08,0.5059411294514417,0.10203778533292508,0.0036904376666666654,-0.0009421127422227786,0.0016473879138254556,0.001151163498385779,-0.0003055678083333374,0.5064758355841292,0.10093060991321928,0.000534706132687579,-0.0011071754197057998,-0.0011091225362298066,1.00353203880681,-2.4810189015740568e-08,-0.00044073987037033277,0.0011128902922365063,0.0011128902922365063,0.19152881115068013,0.9982444531957437,-2.489781956614846e-08]"
/multi_agv/m2b_algorithm_state,1789558483.617064,1789558483.617064,m2b_algorithm_state_v1:header6+3x20,"[1.0,-0.15,0.52,0.5080974217592845,0.1020625305791155,1789558483.6167948,0.5064458261795908,0.10165987606865169,0.0036904376666666654,0.0011900794231136619,0.0010945496853598455,0.0005144790428826594,0.0009860853749999966,0.506364788172544,0.10016104441411695,-8.103800704672981e-05,-0.001498831654534738,-0.001502428943039863,1.0048273247392547,5.754921601467144e-08,-0.0016037264518482754,0.007524076621975627,0.007524076621975627,0.13939473459631813,0.9976056847667971,5.782702476886378e-08,0.5079065592974984,0.10250610436383698,0.006394789958333334,0.00043261536831074466,0.0024337639193722227,0.0013184956771408879,0.005408704583333337,0.5088552109661527,0.10121869172992778,0.0009486516686543212,-0.0012874126339091907,-0.0012900321663646163,1.004089379136056,1.537309332051634e-08,-0.00010421758054671485,0.001377873211915375,0.001377873211915375,0.12978183807412869,0.9979694053189329,1.5435959727597897e-08,0.5069335284960338,0.10203383698188137,0.0036904376666666654,-0.0009384271172491426,0.0016486765840519942,0.0011488953868510265,-0.0003055678083333374,0.507495697356172,0.10188858721998612,0.0005621688601381569,-0.0001452497618952553,-0.00014528303101746644,1.0004583482084255,-4.250574529579372e-10,0.0005574280441552297,-0.0028509551334113493,-0.0028509551334113493,0.19169796214571716,0.9997710047623722,-4.252522772799784e-10]"
/multi_agv/m2b_algorithm_state,1789558483.6269875,1789558483.6269875,m2b_algorithm_state_v1:header6+3x20,"[1.0,-0.15,0.52,0.5090998169701509,0.10205848241105009,1789558483.6267993,0.5074475444390876,0.10165641919237807,0.0036904376666666654,0.001192652811793086,0.0010956545628958863,0.0005127887886315621,0.0009860853749999966,0.5074856822766475,0.0995276226504391,3.8137837559903964e-05,-0.002128796541938968,-0.002136088190202499,1.0069055617696454,1.1639347650824053e-07,-0.002088415893252619,0.009501291528477365,0.009501291528477365,0.13939724692829203,0.9965864479299238,1.1719723884985196e-07,0.5089091913618389,0.10250123457026142,0.006394789958333334,0.00043625993404611436,0.0024353088076631835,0.0013161119734377558,0.005408704583333337,0.5098114882862003,0.10044490617656081,0.0009022969243613899,-0.00205632839370061,-0.002063051039911385,1.0065895566860086,3.957165548077403e-08,-0.0009351798844596478,0.004651243696773958,0.004651243696773958,0.12965922765135168,0.9967414057719755,3.9832415147723796e-08,0.507935529476927,0.10202993797470701,0.0036904376666666654,-0.0009354900766132368,0.0016499146053024563,0.0011469781138682992,-0.0003055678083333374,0.5088072872413447,0.10339622359290507,0.0008717577644177243,0.001366285618198057,0.0013633754341780113,0.9957621887351192,-3.7452518057765585e-08,0.0024530726397001667,-0.010302574067983385,-0.010302574067983385,0.19186866216581372,1.0021345433892173,-3.7293801354842234e-08]"
/multi_agv/m2b_algorithm_state,1789558483.636929,1789558483.636929,m2b_algorithm_state_v1:header6+3x20,"[1.0,-0.15,0.52,0.5101060949562017,0.10205442395663293,1789558483.6367958,0.5084495478724509,0.10165298191332274,0.0036904376666666654,0.0011952577079305505,0.0010967346121955705,0.0005110977924513143,0.0009860853749999966,0.5086458980942046,0.10168883176306624,0.00019635022175368277,3.584984974350225e-05,3.584781533610576e-05,0.9998865194198332,3.3033230202141007e-11,0.0002812855925282092,0.00018043345555509736,0.00018043345555509736,0.13940044642318036,1.0000567512239564,3.3029481572012886e-11,0.5099120923854842,0.10249639654495182,0.006394789958333334,0.00043990484419840006,0.0024368262460000567,0.0013137424017052451,0.005408704583333337,0.5108701259374091,0.10112167581672092,0.0009580335519249195,-0.001374720728230902,-0.001377709983651376,1.0043716246802699,1.7826080974837404e-08,-0.0001801680437452267,0.0016923200017090923,0.0016923200017090923,0.1295373210408732,0.9978302723679541,1.7904009910379493e-08,0.5089378106525174,0.10202606877487566,0.0036904376666666654,-0.0009325817464191943,0.0016511273751630582,0.001145086422835351,-0.0003055678083333374,0.5097780795060972,0.10277832247664323,0.0008402688535797953,0.000752253701767569,0.0007513673206956042,0.9976501462928559,-1.1323307649595184e-08,0.0018017033876703483,-0.007684698490551891,-0.007684698490551891,0.19203938581083546,1.0011796907418655,-1.129669953313765e-08]"
/multi_agv/m2b_algorithm_state,1789558483.6470852,1789558483.6470852,m2b_algorithm_state_v1:header6+3x20,"[1.0,-0.15,0.52,0.5111080596586979,0.10205044068922065,1789558483.6468875,0.5094554324022723,0.10164949765740866,0.0036904376666666654,0.0011982565793381395,0.001097756772875269,0.0005092661325727631,0.0009860853749999966,0.5098352890455328,0.10337420489915226,0.00037985664326045665,0.0017247072417436032,0.0017200584105991493,0.994644504118874,7.655556085801217e-08,0.00219487921467472,-0.007420663337153197,-0.007420663337153197,0.1394043650330994,1.0027027170215892,7.614556786715979e-08,0.510918877786261,0.10249153969089682,0.006394789958333334,0.0004436031069126028,0.0024383484901778774,0.001311347202791649,0.005408704583333337,0.5118905922595335,0.10079348619419078,0.0009717144732724892,-0.0016980534967060423,-0.0017026257793734693,1.005420072302841,2.7432675824940337e-08,-0.0004879826877828579,0.0029255375219631335,0.0029255375219631335,0.12941569098265224,0.9973145698116296,2.7581362911371912e-08,0.5099439746800718,0.10202223452159333,0.0036904376666666654,-0.0009299607926279451,0.0016523065830373607,0.0011433367610799014,-0.0003055678083333374,0.5105642411252528,0.1012472663828544,0.0006202664451809836,-0.000774968138738924,-0.0007759198906231468,1.0024634584817687,-1.199663747057533e-08,-5.868341469172401e-07,-0.0005799925508704739,-0.0005799925508704739,0.19221072181850515,0.998773388985481,-1.2026190688904921e-08]"
/multi_agv/m2b_algorithm_state,1789558483.6569715,1789558483.6569715,m2b_algorithm_state_v1:header6+3x20,"[1.0,-0.15,0.52,0.5121104156112515,0.10204648322128941,1789558483.6568937,0.5104570215782228,0.10164612226153538,0.0036904376666666654,0.0012007912051697502,0.001098796515113464,0.0005076265642796945,0.0009860853749999966,0.5106154105045807,0.1033802178923639,0.0001583889263578886,0.0017340956308285194,0.0017293961692382768,0.9946156812257768,7.755564568494685e-08,0.0019273823271856376,-0.006467313724992622,-0.006467313724992622,0.13940894863685535,1.0027174002543977,7.713806136583838e-08,0.5119213268122247,0.10248677961559063,0.006394789958333334,0.0004472350803886166,0.0024398014605803153,0.0013090167791099672,0.005408704583333337,0.5128363595751879,0.10027146528355607,0.0009150327629632304,-0.0022153143320345625,-0.002223127651817385,1.007113238176317,4.709057212834377e-08,-0.0010793366981133468,0.005238607492882185,0.005238607492882185,0.12929532822895407,0.9964854380824982,4.742553858375172e-08,0.5109458305856462,0.10201842019053592,0.0036904376666666654,-0.0009270137007710969,0.0016534736549706835,0.0011414520419940578,-0.0003055678083333374,0.5116084543140806,0.10310608553539165,0.0006626237284343972,0.0010876653448557289,0.001085816848706326,0.9966150643833441,-2.3525856759520718e-08,0.0019140965092493225,-0.008238839174535299,-0.008238839174535299,0.1923813304070314,1.001702401423965,-2.3446223249063072e-08]"
/multi_agv/m2b_algorithm_state,1789558483.6670036,1789558483.6670036,m2b_algorithm_state_v1:header6+3x20,"[1.0,-0.15,0.52,0.5131097587182154,0.10204258644782739,1789558483.6669075,0.5114590086069719,0.10164276405092737,0.0036904376666666654,0.0012033699416262719,0.001099811179715647,0.0005059809206810198,0.0009860853749999966,0.5115436475196875,0.10213777616778802,8.463891271559554e-05,0.0004950121168606492,0.0004946255340880097,0.998441021450167,6.339067518833141e-09,0.0006004241749825041,-0.0011549496481492597,-0.0011549496481492597,0.13941423446897214,1.00078156655085,6.329185048545337e-09,0.5129241585760552,0.10248204965781454,0.006394789958333334,0.00045086781904535647,0.0024412288944113403,0.0013066993095753876,0.005408704583333337,0.5137982415620317,0.09994361840207183,0.0008740829859764654,-0.0025384312557427124,-0.0025487158856954155,1.008181175860013,6.23458496020646e-08,-0.0014561121532248337,0.006706418822706317,0.006706418822706317,0.12917567027746224,0.995964779750295,6.285591196180101e-08,0.5119480796507272,0.10201463595512633,0.0036904376666666654,-0.0009241055710227622,0.0016546157775892082,0.0011395971915030686,-0.0003055678083333374,0.5131152112906534,0.10495012928731183,0.001167131639926211,0.0029354933321854987,0.002922216693078439,0.9910559284545886,-1.7059622443107894e-07,0.004381131242986202,-0.017966274786649434,-0.017966274786649434,0.1925519802832987,1.004543345173035,-1.690703995943903e-07]"
/multi_agv/m2b_algorithm_state,1789558483.6771812,1789558483.6771812,m2b_algorithm_state_v1:header6+3x20,"[1.0,-0.15,0.52,0.5141154729541751,0.1020386538236489,1789558483.6770108,0.5124579973785366,0.10163948605181741,0.0036904376666666654,0.0012056465273821287,0.0011008323014161988,0.0005044628920423035,0.0009860853749999966,0.5123952518637435,0.10171286472655867,-6.274551479312773e-05,7.337867474126181e-05,7.337015239845563e-05,0.9997677807110963,1.3960143441003074e-10,-5.0617410929540375e-06,0.0011905921394993195,0.0011905921394993195,0.1394201955643106,1.000116155446426,1.395690162642021e-10,0.5139239590721494,0.10247739709857324,0.006394789958333334,0.0004544512836181982,0.002442601061801941,0.0013044319522375752,0.005408704583333337,0.5147914196764426,0.09994361840207183,0.0008674606042932131,-0.0025337786965014125,-0.002544025945170212,1.0081662632631,6.26123575110976e-08,-0.0014597001898036957,0.006720649128349682,0.006720649128349682,0.12905712360288754,0.9959720345272995,6.312366650605657e-08,0.5129473197039602,0.1020108761930915,0.0036904376666666654,-0.0009209897426065987,0.0016557417096642827,0.0011376607330470011,-0.0003055678083333374,0.514029208724998,0.10357078828039641,0.0010818890210377852,0.00155991208730491,0.0015561232139727984,0.9951710840258712,-4.8060737835964604e-08,0.0029084844902700297,-0.012007222077218365,-0.012007222077218365,0.19272211512491588,1.0024348157640026,-4.78286565713001e-08]"
/multi_agv/m2b_algorithm_state,1789558483.6869638,1789558483.6869638,m2b_algorithm_state_v1:header6+3x20,"[1.0,-0.15,0.52,0.5151188750841271,0.10203477521376891,1789558483.6868827,0.5134633495591765,0.10163611266215852,0.0036904376666666654,0.001208588056614702,0.001101773565356122,0.0005026981710555068,0.0009860853749999966,0.5134748171441845,0.10308287439638919,1.1467585008029246e-05,0.0014467617342306671,0.0014434830129497823,0.9954924316332064,5.434794259572948e-08,0.0014578174942098188,-0.004646803533555878,-0.004646803533555878,0.13942692623280398,1.002271395819328,5.4102965528884656e-08,0.5149301401724515,0.10247269117978898,0.006394789958333334,0.000458121807373469,0.0024440016548292753,0.001302112068420222,0.005408704583333337,0.515729423304426,0.09978979006541622,0.0007992831319744154,-0.0026829011143727627,-0.002694403773840357,1.0086620430977309,7.077445676799953e-08,-0.0016952998588723378,0.00761587969919345,0.00761587969919345,0.12893858748890455,0.9957309073052553,7.138750816274243e-08,0.5139529291308973,0.10200715762899921,0.0036904376666666654,-0.0009183576566096211,0.0016568274308459922,0.001135954881532274,-0.0003055678083333374,0.5148279362336727,0.10344275047648575,0.000875007102775438,0.0014355928474865387,0.0014323806212070765,0.9955493626664754,-4.059348441463153e-08,0.0025261394996763742,-0.010579660256372659,-0.010579660256372659,0.1928932682632472,1.0022425787056204,-4.041281753739792e-08]"
/multi_agv/m2b_algorithm_state,1789558483.6970725,1789558483.6970725,m2b_algorithm_state_v1:header6+3x20,"[1.0,-0.15,0.52,0.5161207145448757,0.10203094241949444,1789558483.6969452,0.5144664023992531,0.10163281035250868,0.0036904376666666654,0.0012112694542067578,0.0011027151072511504,0.000501046065193105,0.0009860853749999966,0.5147173936642065,0.10491935350513512,0.0002509912649534263,0.003286543152626442,0.003269858292873477,0.9899738952496453,2.8069907220905185e-07,0.0035835973740652597,-0.013148322906375496,-0.013148322906375496,0.13943434972659233,1.005102624719037,2.778847539077565e-07,0.5159339925249308,0.10246805345396365,0.006394789958333334,0.0004617541244189881,0.002445352322410721,0.0012998347205841893,0.005408704583333337,0.5167200738717869,0.09978979006541622,0.0007860813468560934,-0.0026782633885474305,-0.002689726631787512,1.0086471563098145,7.109048037363026e-08,-0.0017071249482173952,0.007659137189330365,0.007659137189330365,0.12882109068743022,0.99573813817932,7.170521086956085e-08,0.5149562303281977,0.10200346183483443,0.0036904376666666654,-0.0009155466497504359,0.0016578972246914913,0.001134179759373753,-0.0003055678083333374,0.515950603606418,0.10540787164271277,0.000994373278220273,0.0034044098078783447,0.0033866139632619543,0.9896816213353278,-2.2725699231874658e-07,0.004629580561037296,-0.019089302708606187,-0.019089302708606187,0.19306402096767777,1.0052547603031936,-2.2491206861780725e-07]"
/multi_agv/m2b_algorithm_state,1789558483.7069757,1789558483.7069757,m2b_algorithm_state_v1:header6+3x20,"[1.0,-0.15,0.52,0.5171190346010213,0.10202717480959768,1789558483.7068555,0.5154679034830513,0.1016295626156014,0.0036904376666666654,0.0012137851112044907,0.001103650469189654,0.0004994690180370185,0.0009860853749999966,0.5158454098752191,0.10567926680891628,0.00037750639216782567,0.004049704193314879,0.004024517079266913,0.987753545196865,4.268357628247377e-07,0.0044964000694766955,-0.016814518723461565,-0.016814518723461565,0.13944247465210766,1.006258418973477,4.2160853794694293e-07,0.516936268194623,0.10246347295670669,0.006394789958333334,0.00046535791248136955,0.002446660949241952,0.001297591611636728,0.005408704583333337,0.517736932391435,0.09997106123756738,0.0008006641968120176,-0.0024924117191393036,-0.002502325861260916,1.008030684475582,6.204087161405889e-08,-0.001501495615245894,0.006861069037583822,0.006861069037583822,0.12870454587508556,0.9960380291491624,6.253910227858149e-08,0.5159579719569528,0.10199979168617525,0.0036904376666666654,-0.0009126256529591926,0.001658948523410737,0.0011323665819415515,-0.0003055678083333374,0.5170712631338571,0.10530718792511566,0.0011132911769042853,0.0033073962389404132,0.0032905868537816975,0.9899639008236428,-2.1382454435353957e-07,0.0046822008249120545,-0.019225479387244445,-0.019225479387244445,0.19323449591185352,1.0051083244131354,-2.1167858002006807e-07]"
/multi_agv/m2b_algorithm_state,1789558483.7170384,1789558483.7170384,m2b_algorithm_state_v1:header6+3x20,"[1.0,-0.15,0.52,0.5181243482178927,0.10202336551680628,1789558483.7168407,0.516465900547958,0.10162640340387906,0.0036904376666666654,0.0012159502318839686,0.00110459817841355,0.0004980374955078073,0.0009860853749999966,0.5167311062325494,0.1039871338411775,0.00026520568459131866,0.002360730437298439,0.002352060012619084,0.9927204956644643,1.454943673921391e-07,0.0026835671183582325,-0.009458807082839736,-0.009458807082839736,0.13945127830971096,1.0036863109924223,1.44435240513912e-07,0.5179350051430782,0.1024589760771118,0.006394789958333334,0.00046890367956547996,0.002447911626170751,0.0012954038025423387,0.005408704583333337,0.5187369628462752,0.10004352486358327,0.0008019577031970204,-0.002415451213528527,-0.002424757683338779,1.0077764023276736,5.871089223675791e-08,-0.0014223105543425033,0.006553317992930445,0.006553317992930445,0.12858917859803887,0.9961618969704894,5.916745175580763e-08,0.5169561981120276,0.1019961449478022,0.0036904376666666654,-0.0009094640678323873,0.001659985972963452,0.0011304563219003303,-0.0003055678083333374,0.5178866568483965,0.10283194923491165,0.0009304587363688777,0.0008358042871094568,0.0008347103247589337,0.9973905800151006,-1.3632817076348145e-08,0.001997783745220031,-0.00839933352944353,-0.00839933352944353,0.19340437374696323,1.0013105892164913,-1.3597243331018645e-08]"
/multi_agv/m2b_algorithm_state,1789558483.727023,1789558483.727023,m2b_algorithm_state_v1:header6+3x20,"[1.0,-0.15,0.52,0.5191279862935041,0.1020196032871319,1789558483.7268562,0.5174708818996281,0.1016231370921537,0.0036904376666666654,0.0012188479108252077,0.001105460758026821,0.0004963327141050242,0.0009860853749999966,0.5178091522651493,0.10241443132999627,0.0003382703655212538,0.000791294237842563,0.0007903083531287044,0.9975156569438501,1.6404664137607225e-08,0.0012131463100302717,-0.0034567467311729942,-0.0034567467311729942,0.1394608953890068,1.0012474684216048,1.636390932416849e-08,0.5189407471726168,0.10245441788656606,0.006394789958333334,0.00047254380907434893,0.0024491968641726647,0.0012931571092793248,0.005408704583333337,0.5198211796566008,0.09948886722240734,0.0008804324839839506,-0.0029655506641587254,-0.002979638292863203,1.0096076432069916,8.921819162859356e-08,-0.0018790976878832648,0.008394529266729366,0.008394529266729366,0.1284737861410919,0.9952720339451201,9.007536818133409e-08,0.5179614155814329,0.1019925415716991,0.0036904376666666654,-0.0009068365769922611,0.0016609816821317753,0.0011287992903737587,-0.0003055678083333374,0.518982710830088,0.10326310828863067,0.0010212952486550186,0.0012705667169315704,0.0012680468848673284,0.9960527287952928,-3.140411105267396e-08,0.0025446659456861017,-0.010554250745633549,-0.010554250745633549,0.19357537234305072,1.0019871757853067,-3.128015050940632e-08]"
/multi_agv/m2b_algorithm_state,1789558483.7370265,1789558483.7370265,m2b_algorithm_state_v1:header6+3x20,"[1.0,-0.15,0.52,0.5201303530461074,0.10201588362318981,1789558483.7369316,0.5184741986179814,0.10161992956407558,0.0036904376666666654,0.0012215506500521324,0.0011063187245726287,0.0004947148332096222,0.0009860853749999966,0.5188072292204979,0.10283830592921922,0.0003330306025165486,0.0012183763651436447,0.0012160465405940627,0.9961932293739159,3.896630136087152e-08,0.0016323347937397484,-0.005148296510306991,-0.005148296510306991,0.13947122630300166,1.0019159008079115,3.881796558944381e-08,0.5199447993629095,0.10244991854172929,0.006394789958333334,0.00047615387539220837,0.002450439208216193,0.0012909457637921284,0.005408704583333337,0.5207843695580899,0.09930953466288063,0.0008395701951804391,-0.003140383878848657,-0.0031562034458575017,1.0101948047833658,1.0082551833903636e-07,-0.002106740701881953,0.009270054609724833,0.009270054609724833,0.12835937094708164,0.9949877860283031,1.0185341481568451e-07,0.5189649608996214,0.10198896175559087,0.0036904376666666654,-0.0009040781955430345,0.0016619608867182393,0.0011270941082078823,-0.0003055678083333374,0.5201270893507159,0.1051842499691097,0.0011621284510945351,0.003195288213518832,0.003179583253769435,0.990290061493163,-1.977319153797564e-07,0.004632243817637604,-0.018980048275221626,-0.018980048275221626,0.19374607586827083,1.0049393138961777,-1.9581195064057987e-07]"
/multi_agv/m2b_algorithm_state,1789558483.7472043,1789558483.7472043,m2b_algorithm_state_v1:header6+3x20,"[1.0,-0.15,0.52,0.5211306768742848,0.10201221390783982,1789558483.7470772,0.5194762539077317,0.10161677140242203,0.0036904376666666654,0.0012241129978788562,0.0011071687458463091,0.0004931619411196627,0.0009860853749999966,0.5199983880817207,0.10458298842309088,0.0005221341739890528,0.0029662170206688487,0.002952589817774469,0.9909156469252842,2.3114597684490903e-07,0.003605257535260785,-0.013052584103497179,-0.013052584103497179,0.1394822782305229,1.0046153389855728,2.290461651794498e-07,0.5209475674408061,0.10244547205972054,0.006394789958333334,0.0004797387275682456,0.002451643184095853,0.0012887653095921964,0.005408704583333337,0.5218222177800195,0.09987769359625502,0.000874650339213412,-0.0025677784634655226,-0.002578309835144904,1.0082825967620652,6.789341650275247e-08,-0.0014849969111281392,0.0068493006042244925,0.0068493006042244925,0.1282458880001834,0.9959153971583132,6.845575029444372e-08,0.5199672377897846,0.10198540740742686,0.0036904376666666654,-0.0009012290789490195,0.0016629220779212708,0.0011253589665376229,-0.0003055678083333374,0.5212075927039904,0.1046928657279207,0.0012403549142058212,0.0027074583204938496,0.0026961400165863634,0.9917256534923918,-1.415716409720397e-07,0.00424658365934364,-0.01734514115082193,-0.01734514115082193,0.1939165509278818,1.0041979659208562,-1.4040022815898633e-07]"
/multi_agv/m2b_algorithm_state,1789558483.7569563,1789558483.7569563,m2b_algorithm_state_v1:header6+3x20,"[1.0,-0.15,0.52,0.5221335439738962,0.10200854790029008,1789558483.7568457,0.5204762778707299,0.10161367518603548,0.0036904376666666654,0.001226466898716114,0.0011080184357399984,0.0004916995772887948,0.0009860853749999966,0.5207165805492094,0.10419234292764896,0.00024030267847952036,0.0025786677416134857,0.002568337914255582,0.9920669521638944,1.7508081484842125e-07,0.0028687162623549822,-0.010218070426991795,-0.010218070426991795,0.13949404159437484,1.0040219892018758,1.7369189036904438e-07,0.5219482778871771,0.1024410885681167,0.006394789958333334,0.000483286274922853,0.0024528030386767874,0.0012866239808306396,0.005408704583333337,0.5228164479837365,0.09987769359625502,0.000868170096559373,-0.002563394971861685,-0.0025738906920966015,1.0082685357978793,6.816331663568274e-08,-0.0014886780713973852,0.0068639374135010395,0.0068639374135010395,0.1281334248528167,0.9959222354441295,6.872692745938707e-08,0.5209674748649475,0.1019818779693673,0.0036904376666666654,-0.0008982416487104219,0.001663867050300821,0.001123572308004776,-0.0003055678083333374,0.5220318372195369,0.10232901997727357,0.0010643623545893988,0.00034714200790628147,0.0003469525525952965,0.9989099259156614,-2.3236830263508473e-09,0.001677405495832045,-0.007016645019321897,-0.007016645019321897,0.19408667212058167,1.0005460553887493,-2.321150039703605e-09]"
/multi_agv/m2b_algorithm_state,1789558483.7670908,1789558483.7670908,m2b_algorithm_state_v1:header6+3x20,"[1.0,-0.15,0.52,0.523136132622937,0.10200491415008213,1789558483.766894,0.521478846021382,0.10161055542205198,0.0036904376666666654,0.0012290886871612256,0.0011088250530201008,0.0004901434981953194,0.0009860853749999966,0.5216552999352949,0.10216674197759654,0.00017645391391296616,0.000556186555544555,0.0005556985323091181,0.9982488128511077,8.174547547869017e-09,0.0007762659247003258,-0.0017827671622150034,-0.0017827671622150034,0.13949677115175715,1.0008782158077851,8.16023238525518e-09,0.5229515303171777,0.10243670530247805,0.006394789958333334,0.00048686255700003227,0.002453959029844577,0.0012844722065638858,0.005408704583333337,0.5235223434811899,0.09912727750701335,0.0005708131640121961,-0.003309427795464698,-0.003327021962982228,1.0107660303152874,1.1450969025070529e-07,-0.002613505507966983,0.011128310995434832,0.011128310995434832,0.12801413331656744,0.9947117368886381,1.1574250504733855e-07,0.5219702555831288,0.10197838297634022,0.0036904376666666654,-0.0008954572246332886,0.0016647831793227654,0.0011218886519139132,-0.0003055678083333374,0.5228328540102857,0.1033558933712443,0.0008625984271568576,0.0013775103949040801,0.0013745503607475696,0.9957248970427992,-3.644949109267806e-08,0.0024527983946936414,-0.010267024921969932,-0.010267024921969932,0.19428131843625812,1.0021534563163625,-3.629366576551929e-08]"
/multi_agv/m2b_algorithm_state,1789558483.7770228,1789558483.7770228,m2b_algorithm_state_v1:header6+3x20,"[1.0,-0.15,0.52,0.524135929030234,0.10200133747122075,1789558483.7768521,0.5224811430716363,0.10160746608304906,0.0036904376666666654,0.0012316742453947664,0.0011096150926798373,0.0004886117475230399,0.0009860853749999966,0.5224404208153222,0.10046848671088277,-4.0722256314129623e-05,-0.001138979372166296,-0.0011410525040447441,1.0036560137442174,3.4394118815101315e-08,-0.0011919553244374062,0.005956614904653603,0.005956614904653603,0.13950083856919876,0.9981831406783654,3.451986418620957e-08,0.5239544947349667,0.10243236095628232,0.006394789958333334,0.0004904271602431554,0.0024550863360890407,0.0012823404186005638,0.005408704583333337,0.5244571777767335,0.09920268622103356,0.000502683041766816,-0.0032296747352487526,-0.0032464219884773956,1.0104977350289766,1.0985223159406972e-07,-0.0026180681862688756,0.011115468358292128,0.011115468358292128,0.12789614551938572,0.9948413196780689,1.1100543121368603e-07,0.522972760062208,0.10197491541091501,0.0036904376666666654,-0.000892657740109153,0.0016656791900743935,0.0011202089340202042,-0.0003055678083333374,0.5238821242317098,0.10320513545127759,0.0009093641695017141,0.0012302200403625785,0.0012278564048758555,0.9961753822858606,-2.8984143134514297e-08,0.002364561616752998,-0.009878430212262188,-0.009878430212262188,0.19447455297884522,1.0019250096976624,-2.887328986725288e-08]"
/multi_agv/m2b_algorithm_state,1789558483.7870004,1789558483.7870004,m2b_algorithm_state_v1:header6+3x20,"[1.0,-0.15,0.52,0.5251347581401595,0.10199779916955588,1789558483.786842,0.5234806609287799,0.101604452377279,0.0036904376666666654,0.0012339722784563494,0.0011104125724373344,0.0004872007604784286,0.0009860853749999966,0.5234398130040928,0.10031773800309915,-4.084792468705967e-05,-0.0012867143741798481,-0.0012893632551617695,1.0041373092058459,4.39820722352943e-08,-0.001340423161020594,0.006547266042041911,0.006547266042041911,0.1395143258318216,0.9979455898317896,4.416403966764556e-08,0.5249546503772,0.10242808933398084,0.006394789958333334,0.000493942967497581,0.002456164040898101,0.0012802555882802935,0.005408704583333337,0.5255666357459051,0.10051008447808016,0.0006119853687051036,-0.0019180048559006846,-0.001923853159244912,1.0061427305805837,3.8988348040900544e-08,-0.0011588714483635326,0.005437812434301298,0.005437812434301298,0.1277857795200453,0.9969601092910215,3.9227842958697825e-08,0.5239724757847221,0.1019714707024024,0.0036904376666666654,-0.000889664226839088,0.001666561987285509,0.0011184519850818224,-0.0003055678083333374,0.5248522226053516,0.10251453855220001,0.0008797468206295234,0.0005430678497976155,0.0005426048133772857,0.9982982603946763,-5.6320196465393154e-09,0.0016422883391641898,-0.006975640656521337,-0.006975640656521337,0.19464590453803698,1.0008533584828483,-5.622435415648838e-09]"
/multi_agv/m2b_algorithm_state,1789558483.7968678,1789558483.7968678,m2b_algorithm_state_v1:header6+3x20,"[1.0,-0.15,0.52,0.5261364550860628,0.10199426122563308,1789558483.7967896,0.5244792202605185,0.10160147832326202,0.0036904376666666654,0.001236186578972388,0.0011112007153875935,0.00048583092616950787,0.0009860853749999966,0.524127508292036,0.10132467038531763,-0.0003517119684824932,-0.00027680793794439273,-0.00027692959941772187,1.0008799533637645,2.0377587309182848e-09,-0.0007165695600208383,0.0039019724380876092,0.0039019724380876092,0.13953159319748695,0.9995606772494348,2.0395518635680966e-09,0.5259538278146376,0.1024238651531982,0.006394789958333334,0.0004974353163728846,0.0024572090234342703,0.0012781979509269153,0.005408704583333337,0.5265724427745395,0.10051008447808016,0.0006186149599018975,-0.0019137806751180347,-0.0019196033936492542,1.006129258436304,3.909189142217042e-08,-0.0011463346937718823,0.00539528353930884,0.00539528353930884,0.12767858010362643,0.9969667075238129,3.933149572746083e-08,0.5249712263453225,0.10196805403220745,0.0036904376666666654,-0.000886623888106165,0.0016674258929279262,0.0011166845671004315,-0.0003055678083333374,0.525913534076195,0.10290163909925609,0.0009423077308725603,0.0009335850670486451,0.0009322206584316031,0.9970874420534657,-1.658300196379374e-08,0.0021101053220223035,-0.008823180908033832,-0.008823180908033832,0.19480957069726376,1.00146361122198,-1.6534703009646696e-08]"
/multi_agv/m2b_algorithm_state,1789558483.8072295,1789558483.8072295,m2b_algorithm_state_v1:header6+3x20,"[1.0,-0.15,0.52,0.5271410372903026,0.1019907238769948,1789558483.807017,0.5254806473669671,0.10159847384514116,0.0036904376666666654,0.0012387080350988815,0.0011119434612218305,0.00048435156432270147,0.0009860853749999966,0.5251780416149573,0.10138049447336812,-0.0003026057520097991,-0.00021797937177303606,-0.00021805478558931677,1.0006925067211623,1.2661921427712171e-09,-0.0005963119756015657,0.00345200728745132,0.00345200728745132,0.139540653375011,0.9996541519780138,1.267068989340369e-09,0.5269558731507008,0.10241963668333028,0.006394789958333334,0.0005009596003662485,0.002458254193913878,0.00127612637309156,0.005408704583333337,0.5268776258029656,0.10004985344749857,-7.824734773520525e-05,-0.0023697832358317017,-0.00237874279856217,1.0076294804850825,6.038417590805783e-08,-0.0024765519832311766,0.010277012179968183,0.010277012179968183,0.12756518528795036,0.996233488237617,6.084487579975614e-08,0.5259728447405206,0.10196467314842783,0.0036904376666666654,-0.000883816607986062,0.0016682604249414305,0.0011150334542049788,-0.0003055678083333374,0.5262078565030912,0.1022307215578028,0.00023501176257056944,0.0002660484093749693,0.0002659370354717438,0.9991636012833464,-1.343109938631733e-09,0.0005597017386849556,-0.0029924293851533953,-0.0029924293851533953,0.19499602518946155,1.0004187980174628,-1.3419865632027366e-09]"
/multi_agv/m2b_algorithm_state,1789558483.817122,1789558483.817122,m2b_algorithm_state_v1:header6+3x20,"[1.0,-0.15,0.52,0.5281409443225741,0.10198726190746688,1789558483.816978,0.5264849595257308,0.10159544147003048,0.0036904376666666654,0.001241517701911461,0.0011126402561754565,0.00048277117501546924,0.0009860853749999966,0.5260811958054338,0.10016827574644889,-0.00040376372029704566,-0.0014271657235815915,-0.0014304283022280452,1.0045967722449278,5.44460901579674e-08,-0.0019351329525993523,0.008715522282551336,0.008715522282551336,0.13954139962399595,0.9977191596101869,5.469636643405039e-08,0.5279608035828036,0.10241540406153367,0.006394789958333334,0.0005045173240594072,0.002459298877503291,0.001274040553616601,0.005408704583333337,0.5278754201900017,0.10004985344749857,-8.538339280195206e-05,-0.0023655506140350946,-0.002374478425914089,1.007615923493593,6.05969715435199e-08,-0.002481207666916529,0.010295212788948377,0.010295212788948377,0.12744556119441267,0.9962400956009707,6.105847344273879e-08,0.5269773487623731,0.10196132609942025,0.0036904376666666654,-0.0008812278108502936,0.0016690667793661969,0.001113491706021567,-0.0003055678083333374,0.5270945599033234,0.10015207569988469,0.00011721114095031293,-0.0018092503995355697,-0.001814482996228731,1.0058238923528597,-6.202045867667652e-08,-0.00166796907004084,0.005811461880459938,0.005811461880459938,0.19520570992231584,0.9971162051647565,-6.238165915168447e-08]"
/multi_agv/m2b_algorithm_state,1789558483.827431,1789558483.827431,m2b_algorithm_state_v1:header6+3x20,"[1.0,-0.15,0.52,0.529147569987111,0.10198376265431808,1789558483.827256,0.5274846134644391,0.10159252083212249,0.0036904376666666654,0.0012438303638909877,0.001113363236370013,0.00048139260140394875,0.0009860853749999966,0.5276780324469658,0.09902106952448887,0.0001934189825266719,-0.0025714513076336154,-0.0025821354266767275,1.0083903975665565,1.7722172801998936e-07,-0.0023403616985183877,0.010622649765676213,0.010622649765676213,0.13955755875500916,0.9958622933047077,1.7870868877550922e-07,0.5289610371913213,0.10241126908158239,0.006394789958333334,0.0005079989308984937,0.0024602786062416504,0.0012720215223465253,0.005408704583333337,0.5296202750354514,0.10093177048793996,0.0006592378441301339,-0.0014794985936424365,-0.0014829676566024974,1.0047158739470607,2.385381462555674e-08,-0.00065892035143983,0.0034975849539854885,0.0034975849539854885,0.1273381685224543,0.9976607291840682,2.3966306208487422e-08,0.5279771823119618,0.10195799580869577,0.0036904376666666654,-0.0008782952258451879,0.0016698672763741373,0.0011118039840242568,-0.0003055678083333374,0.5286976149246574,0.09993005403724867,0.0007204326126956095,-0.002027941771447106,-0.0020345269787920774,1.0065443171005803,-7.767301572336931e-08,-0.0011339862129225655,0.004024982879199975,0.004024982879199975,0.19537811810937192,0.9967632735207663,-7.818133256842141e-08]"
/multi_agv/m2b_algorithm_state,1789558483.8372436,1789558483.8372436,m2b_algorithm_state_v1:header6+3x20,"[1.0,-0.15,0.52,0.5301439512674894,0.10198039299310363,1789558483.8371303,0.5284909770358783,0.10158950107920145,0.0036904376666666654,0.0012468326441132872,0.0011140040650925434,0.0004797578333058431,0.0009860853749999966,0.5287388153540623,0.10040952303566461,0.0002478383181839794,-0.001179978043536839,-0.0011822043410083434,1.0037902921963804,3.7373209548246784e-08,-0.0008724064432783691,0.004859819531381855,0.004859819531381855,0.13956377221297062,0.9981168251593413,3.751486493275119e-08,0.5299680003591717,0.10240707840727992,0.006394789958333334,0.0005115686119203586,0.002461291116182096,0.0012699472588855176,0.005408704583333337,0.5307711775696995,0.10260913418955268,0.0008031772105278057,0.000202055782272767,0.00020199189831048467,0.9993681471970981,4.4753091776303155e-10,0.0012059634114702418,-0.0038635966364602165,-0.0038635966364602165,0.1272229103335976,1.0003162699237775,4.4724814409825773e-10,0.528983732566283,0.10195470847647287,0.0036904376666666654,-0.0008758696057947581,0.0016706284044592018,0.0011103564967174422,-0.0003055678083333374,0.529857754495907,0.10173042725905104,0.000874021929624047,-0.0002242812174218234,-0.00022436067309100844,1.0007091395143062,-9.462841184333957e-10,0.0008681667389390503,-0.0038545757521516255,-0.0038545757521516255,0.19557871926982517,0.9996458574130199,-9.469551658935373e-10]"
/multi_agv/m2b_algorithm_state,1789558483.8472292,1789558483.8472292,m2b_algorithm_state_v1:header6+3x20,"[1.0,-0.15,0.52,0.5311480967456775,0.10197697577945787,1789558483.8470953,0.5294871255587322,0.10158669491094283,0.0036904376666666654,0.0012487619364853924,0.0011147247439999824,0.00047854663636957536,0.0009860853749999966,0.5298694348376366,0.10180113601433582,0.00038230927890436917,0.00021444110339299827,0.00021436834514196963,0.9993219667292095,1.2350585239361674e-09,0.0006922549437724311,-0.001307163812635695,-0.001307163812635695,0.13958212766863845,1.000339407625601,1.2342211131655653e-09,0.5309646820114652,0.1024030592978794,0.006394789958333334,0.0005149815014995002,0.0024621922319276734,0.0012679989143273285,0.005408704583333337,0.5316658059335491,0.10079019916698649,0.0007011239220838794,-0.0016128601308929152,-0.0016169874212597797,1.0051493314869082,2.8741244854868185e-08,-0.0007405825186549305,0.0038511165035272207,0.0038511165035272207,0.12711805997379952,0.9974475433063981,2.8889243051972297e-08,0.5299800462322705,0.10195142477048866,0.0036904376666666654,-0.0008726879318096512,0.001671400725552009,0.0011085754610635412,-0.0003055678083333374,0.5307963083314335,0.0988607842154856,0.0008162620991630787,-0.003090640555003063,-0.003106060537076252,1.0100949909602828,-1.7938512821528743e-07,-0.0020857329131224035,0.007826531150505458,0.007826531150505458,0.1957488393910119,0.9950355178564215,-1.8119601946302992e-07]"
/multi_agv/m2b_algorithm_state,1789558483.8572931,1789558483.8572931,m2b_algorithm_state_v1:header6+3x20,"[1.0,-0.15,0.52,0.532147668161897,0.10197363204116383,1789558483.857161,0.5304910269727703,0.10158376803587976,0.0036904376666666654,0.0012515077430160395,0.0011153542674995783,0.0004770289232398472,0.0009860853749999966,0.5309494723347159,0.1019614262634537,0.00045844536194561414,0.00037765822757393486,0.00037743283280948395,0.9988080653419033,3.838654685554731e-09,0.0009504895352415016,-0.002297364256627164,-0.002297364256627164,0.13960555504828187,1.0005971784774874,3.834079259994553e-09,0.5319691421083949,0.10239897067614195,0.006394789958333334,0.0005184950755790464,0.0024631360881522957,0.0012659846900522354,0.005408704583333337,0.5326719916697075,0.10079019916698649,0.0007028495613126129,-0.0016087715091554627,-0.0016128780012265925,1.0051363238711442,2.8791266943920505e-08,-0.0007343160495858264,0.0038307269031208815,0.0038307269031208815,0.12701628112099497,0.9974539350973807,2.8939148215605046e-08,0.5309841211558671,0.10194818862635191,0.0036904376666666654,-0.0008701061946430493,0.0016721297002037505,0.0011070770297164122,-0.0003055678083333374,0.5315346908271994,0.09607856512809176,0.0005505696713322683,-0.005869623498260146,-0.0059264200823051835,1.019779809705147,-6.461983062767867e-07,-0.005238207993139848,0.01991621151218886,0.01991621151218886,0.19590991179402897,0.9904163756101904,-6.589799858067298e-07]"
/multi_agv/m2b_algorithm_state,1789558483.867229,1789558483.867229,m2b_algorithm_state_v1:header6+3x20,"[1.0,-0.15,0.52,0.5331487405267908,0.10197030204468606,1789558483.8671153,0.5314903706554239,0.10158094999995546,0.0036904376666666654,0.001253768706520574,0.0011160101818965527,0.0004757076469335923,0.0009860853749999966,0.5314951117174326,0.101319511186287,4.741062008650765e-06,-0.0002614388136684548,-0.0002615473578256093,1.0008311821492237,1.8437639900853384e-09,-0.00025562103031479585,0.0022779328502895643,0.0022779328502895643,0.1396254361718061,0.9995849923392196,1.8452964938012788e-09,0.5329690073295416,0.10239497727056429,0.006394789958333334,0.0005219331283130898,0.0024640175029339018,0.0012640356882013953,0.005408704583333337,0.5332209301135244,0.1012265027902042,0.00025192278398289414,-0.0011684744803600877,-0.0011706336714459374,1.0037121598707368,1.528484652711637e-08,-0.0008557301914673197,0.004071135585177003,0.004071135585177003,0.12691267048190832,0.998155536494023,1.5341586321024703e-08,0.5319836265007253,0.10194496885297173,0.0036904376666666654,-0.0008671904142505652,0.001672853642836614,0.001105436419252084,-0.0003055678083333374,0.5323047154112693,0.09793013233721078,0.000321088910544054,-0.004014836515760956,-0.004041041864912614,1.0132518994080977,-3.009854926037145e-07,-0.0036396807267325467,0.013649403053594928,0.013649403053594928,0.19608084003076634,0.9935151997856806,-3.0497412207499564e-07]"
/multi_agv/m2b_algorithm_state,1789558483.877256,1789558483.877256,m2b_algorithm_state_v1:header6+3x20,"[1.0,-0.15,0.52,0.5341507509301079,0.10196699141782388,1789558483.8771396,0.5324912179219227,0.10157812697932848,0.0036904376666666654,0.0012561911420060135,0.0011166348012066063,0.0004743326569302149,0.0009860853749999966,0.5322973642827876,0.09992157190106148,-0.00019385363913504428,-0.001656555078267008,-0.0016609593927118902,1.0053507145794358,7.42392593581845e-08,-0.0019032764416306955,0.00871425420452852,0.00871425420452852,0.13965094162955563,0.997348331052398,7.463649244559885e-08,0.5339703701512404,0.10239099780702873,0.006394789958333334,0.000525381851501203,0.002464888873348392,0.0012620872870279798,0.005408704583333337,0.5342329924859679,0.1012265027902042,0.0002626223347275136,-0.0011644950168245294,-0.0011666395771697186,1.0036995498574828,1.5281456951623212e-08,-0.0008383616587603266,0.004011443415005577,0.004011443415005577,0.1268132476760444,0.9981617627353325,1.5337991463510718e-08,0.5329846335072097,0.101941781347701,0.0036904376666666654,-0.0008644052990603242,0.001673553628825597,0.0011038649113759313,-0.0003055678083333374,0.5335276920550995,0.10058041063284195,0.0005430585478898298,-0.0013613707148590476,-0.001364324060308723,1.0043611608701448,-3.443727319841156e-08,-0.0006855008754464357,0.002167365059420913,0.002167365059420913,0.1962399790420424,0.9978353050161654,-3.458745968675896e-08]"
/multi_agv/m2b_algorithm_state,1789558483.8871753,1789558483.8871753,m2b_algorithm_state_v1:header6+3x20,"[1.0,-0.15,0.52,0.5351518280057981,0.10196371825746121,1789558483.8870442,0.5334930070382841,0.10157531062942576,0.0036904376666666654,0.0012587064860251442,0.0011172334825668472,0.0004729308866736584,0.0009860853749999966,0.5332446146422786,0.09989033312066355,-0.00024839239600549234,-0.001684977508762217,-0.0016895354060283867,1.005444473902181,7.696489351003496e-08,-0.0020000259010352524,0.00907011550566203,0.00907011550566203,0.139680301169126,0.997302277744576,7.738392686413449e-08,0.5349726659991407,0.10238703988240887,0.006394789958333334,0.0005288336092209266,0.002465745207098524,0.0012601453937549634,0.005408704583333337,0.5351480126682769,0.10096079111152997,0.00017534666913621155,-0.0014262487708788935,-0.00142947236979343,1.0045448834726796,2.3078514505709244e-08,-0.0012102890333731656,0.005442632343157046,0.005442632343157046,0.12671676405803414,0.9977449029567445,2.3183403664860237e-08,0.5339865797528989,0.10193862374163701,0.0036904376666666654,-0.0008617013414378778,0.0016742320897746021,0.0011023397810611879,-0.0003055678083333374,0.5343012207920471,0.0971292943384999,0.0003146410391482446,-0.004809329403137108,-0.004847161533784584,1.0160177588955757,-4.29382899578027e-07,-0.0044538602348492785,0.01680337216706476,0.01680337216706476,0.19639162504050828,0.992194992804802,-4.3626065133735104e-07]"
/multi_agv/m2b_algorithm_state,1789558483.8970585,1789558483.8970585,m2b_algorithm_state_v1:header6+3x20,"[1.0,-0.15,0.52,0.5361529074068004,0.10196047332428455,1789558483.8969646,0.5344938707476308,0.10157253537746784,0.0036904376666666654,0.0012611186108413704,0.0011178243885430644,0.00047157790365928644,0.0009860853749999966,0.534690432091452,0.10167975538011169,0.00019656134382117774,0.00010722000264384857,0.00010720179497535519,0.9996605060766665,3.1186038658462613e-10,0.0003529034747518274,-4.042785564704822e-05,-4.042785564704822e-05,0.13970749803998672,1.0001698448099452,3.117545118784522e-10,0.5359740183292173,0.10238312818659004,0.006394789958333334,0.000532261416234618,0.0024665709702574867,0.0012582297873864612,0.005408704583333337,0.5361576176515293,0.10096079111152997,0.00018359932231193365,-0.001422337075060065,-0.0014255430910905592,1.004532457399779,2.310121665998197e-08,-0.001196043938200642,0.005394058086546003,0.005394058086546003,0.1266190426668872,0.9977510213121363,2.32059219403764e-08,0.5349875949405464,0.10193549120832578,0.0036904376666666654,-0.0008589379973082388,0.0016748950519570385,0.0011007969718338376,-0.0003055678083333374,0.5350919089110739,0.09680475676259773,0.00010431397052756974,-0.00513073444572805,-0.005173898286520128,1.0171505320477432,-4.872253523125366e-07,-0.0050435058233606654,0.018980909004546676,0.018980909004546676,0.19638695498444136,0.991657385127857,-4.955815263318457e-07]"
/multi_agv/m2b_algorithm_state,1789558483.9071229,1789558483.9071229,m2b_algorithm_state_v1:header6+3x20,"[1.0,-0.15,0.52,0.5371538512424286,0.10195725785195979,1789558483.9070256,0.5354947425532361,0.10156978347375946,0.0036904376666666654,0.001263528468110554,0.0011183987791065315,0.00047023449486003287,0.0009860853749999966,0.5358208449768981,0.10293499188159905,0.00032610242366193365,0.0013652084078395882,0.0013622844526940507,0.9957386878726135,5.061168251571502e-08,0.0017699124822714678,-0.005666625671232045,-0.005666625671232045,0.13973554481558365,1.0021463616792772,5.039601033922337e-08,0.5369753655652695,0.10237925016195537,0.006394789958333334,0.0005356782612328439,0.0024673744754072358,0.001256330513012438,0.005408704583333337,0.5371130736268259,0.1008341850023979,0.00013770806155644078,-0.0015450651595574766,-0.0015488520442574288,1.0049306771832576,2.7437561784857542e-08,-0.0013767169673118778,0.0060882047119085805,0.0060882047119085805,0.12652217680095396,0.9975550378010654,2.757284754471436e-08,0.5359886141018956,0.10193238633713884,0.0036904376666666654,-0.000856188193706833,0.0016755396517260882,0.0010992695850272271,-0.0003055678083333374,0.5362546794636153,0.0990760195912848,0.00026606536171969175,-0.0028563667458540443,-0.0028695177057655166,1.0093075493426407,-1.5031432854332103e-07,-0.002536936003615902,0.009331329153699908,0.009331329153699908,0.19637701679764266,0.9954170138469439,-1.517133865731439e-07]"
/multi_agv/m2b_algorithm_state,1789558483.9176404,1789558483.9176404,m2b_algorithm_state_v1:header6+3x20,"[1.0,-0.15,0.52,0.5381614036995384,0.10195400722129672,1789558483.917402,0.5364954848005589,0.10156705736164567,0.0036904376666666654,0.0012659215581836635,0.001118958172617911,0.0004689061555973621,0.0009860853749999966,0.5367386169599128,0.10152268499149408,0.0002431321593538982,-4.437237015159079e-05,-4.437549234067418e-05,1.000140750379392,5.362183835753006e-11,0.0002595397068516986,0.0003646645727024816,0.0003646645727024816,0.13976399927361435,0.9999296415900151,5.362938565162258e-11,0.5379765695219821,0.10237540750811792,0.006394789958333334,0.0005390819803191386,0.0024681548386603636,0.0012544489684744309,0.005408704583333337,0.5381212038258956,0.1008341850023979,0.0001446343039134268,-0.0015412225057200302,-0.0015449906643164662,1.0049184557699582,2.7475136194335054e-08,-0.0013641977844246827,0.006045760506854064,0.006045760506854064,0.12642586146702464,0.997561047659726,2.761027143648047e-08,0.536989499404745,0.10192930868611574,0.0036904376666666654,-0.0008534417764516004,0.0016761665341364744,0.0010977528835491059,-0.0003055678083333374,0.5373377026634487,0.10008278742288947,0.000348203258703661,-0.0018465212632262779,-0.001851975564951979,1.005948940554073,-6.257575440375388e-08,-0.0014167214915724027,0.0049689420807998,0.0049689420807998,0.1963634735307982,0.9970548738174941,-6.294801384682808e-08]"
/multi_agv/m2b_algorithm_state,1789558483.9270384,1789558483.9270384,m2b_algorithm_state_v1:header6+3x20,"[1.0,-0.15,0.52,0.5391608316896623,0.10195086309143704,1789558483.926973,0.5375028266058224,0.10156423612895611,0.0036904376666666654,0.0012689823099915403,0.001119436893239966,0.0004673303704399775,0.0009860853749999966,0.5376033363235354,0.10048232463202028,0.00010050971771302653,-0.0010819114969358307,-0.0010837823730250312,1.0034726129592029,3.197899281630452e-08,-0.000958145225883748,0.005142451689222182,0.005142451689222182,0.1398126592645048,0.9982737529823644,3.209004348118067e-08,0.5389843929282981,0.10237151181344939,0.006394789958333334,0.000542570474336113,0.002468967686279133,0.0012525137764579919,0.005408704583333337,0.5393289631127515,0.10146760546568663,0.00034457018445333,-0.000903906347762759,-0.0009051962729969674,1.0028639232472543,9.507789087889542e-09,-0.00047448354243030493,0.002627224163421793,0.002627224163421793,0.1263436340506952,0.9985749773030574,9.53501866608834e-09,0.5379969915644948,0.10192627372148468,0.0036904376666666654,-0.0008511892702638296,0.00167675569499644,0.0010964699010231728,-0.0003055678083333374,0.5380770878634853,0.0986642803723474,8.00962989905285e-05,-0.0032619933491372793,-0.003279198642435772,1.0106788605857444,-1.949485366589655e-07,-0.0031790782686976116,0.01175467239626217,0.01175467239626217,0.19639548014391317,0.9947532018719936,-1.9703036490334148e-07]"
/multi_agv/m2b_algorithm_state,1789558483.9371305,1789558483.9371305,m2b_algorithm_state_v1:header6+3x20,"[1.0,-0.15,0.52,0.540159216609695,0.10194775641301546,1789558483.9370086,0.5385020675216341,0.10156158979746072,0.0036904376666666654,0.0012711695833311312,0.00111997845451932,0.00046610052278383803,0.0009860853749999966,0.5386198666588955,0.10110213342711104,0.00011779913726139846,-0.00045945637034967846,-0.00045979220082594614,1.0014644027824846,5.774812189311914e-09,-0.00031254327924919807,0.0025853407078640757,0.0025853407078640757,0.13983862766232755,0.9992696038000113,5.783268840350268e-09,0.5399840617250252,0.10236775664312923,0.006394789958333334,0.0005459320291594343,0.0024696901060886622,0.0012506806550765942,0.005408704583333337,0.5403389682076584,0.10146760546568663,0.00035490648263314384,-0.0009001511774426041,-0.0009014304361707459,1.0028520491139952,9.487510687924346e-09,-0.00045779733287931615,0.0025698789362590944,0.0025698789362590944,0.12624615664955008,0.9985808569615464,9.51456953437586e-09,0.5389963658223277,0.10192324283372116,0.0036904376666666654,-0.0008483237732810349,0.0016773539773106139,0.0010949164615190283,-0.0003055678083333374,0.5390352125047847,0.09917999076930775,3.884668245701661e-05,-0.0027432520644134067,-0.0027553731974341153,1.0089286607872217,-1.3736713680275854e-07,-0.0027068148443628445,0.009890065495266845,0.009890065495266845,0.19636640710209735,0.9956009106018756,-1.3859364137058223e-07]"
/multi_agv/m2b_algorithm_state,1789558483.947253,1789558483.947253,m2b_algorithm_state_v1:header6+3x20,"[1.0,-0.15,0.52,0.541162566407485,0.10194463020924699,1789558483.9470875,0.539500273209672,0.10155898314303351,0.0036904376666666654,0.001273262508250593,0.0011205147146980945,0.00046491433008135556,0.0009860853749999966,0.5397320582324927,0.10221803623728079,0.00023178502282072966,0.0006590530942472833,0.0006583679120893991,0.9979259059029867,1.1892378823933225e-08,0.0009480991906153112,-0.0023974782111889485,-0.0023974782111889485,0.13986278543284722,1.0010407283606968,1.1867712911215059e-08,0.5409826777684204,0.10236404796801102,0.006394789958333334,0.0005492658601019013,0.002470383476175897,0.0012488746649867294,0.005408704583333337,0.5413002850737751,0.10100496118451484,0.00031760730535479453,-0.00135908678349618,-0.001362013353850639,1.0043289096452446,2.1767123529082827e-08,-0.0009650042221571458,0.004567544464366922,0.004567544464366922,0.1261477522553812,0.9978512909978563,2.1861351440077105e-08,0.5399946988509928,0.1019202381280018,0.0036904376666666654,-0.0008454076026683404,0.0016779371237147572,0.0010933489311665823,-0.0003055678083333374,0.5401377382193131,0.10019497669663889,0.00014303936832027464,-0.0017252614313629094,-0.001730019108313266,1.0055513330733985,-5.4110634646272483e-08,-0.0015512198979129228,0.00539976329330112,0.00539976329330112,0.19632817838260846,0.9972499280918375,-5.4411020802006916e-08]"
/multi_agv/m2b_algorithm_state,1789558483.9571695,1789558483.9571695,m2b_algorithm_state_v1:header6+3x20,"[1.0,-0.15,0.52,0.5421646958813301,0.10194154361716135,1789558483.9570482,0.540503438348472,0.10155630871734243,0.0036904376666666654,0.0012758719743880729,0.0011209873702502367,0.00046353731906609275,0.0009860853749999966,0.5403599007734337,0.10238573851799528,-0.00014353757503837716,0.0008294298006528422,0.0008283459266053111,0.9973946860402966,1.887247123195653e-08,0.0006489239578073397,-0.0014087438597304765,-0.0014087438597304765,0.139893182066509,1.0013084799631635,1.8823302519201815e-08,0.5419862654155817,0.10236030780586933,0.006394789958333334,0.0005526582592707899,0.0024710970242902697,0.0012470327898669864,0.005408704583333337,0.5423095214946778,0.10100496118451484,0.00032325607909611254,-0.001355346621354489,-0.0013582571715501255,1.0043170321037225,2.1781498687676518e-08,-0.0009541870726799849,0.004531095680524567,0.004531095680524567,0.12605351462491401,0.9978571435096384,2.1875530116778407e-08,0.5409979954584011,0.10191727410452923,0.0036904376666666654,-0.0008428790789236644,0.001678486933663615,0.0010919667763533477,-0.0003055678083333374,0.5411151951303314,0.09994198150536392,0.00011719967193024594,-0.001975292599165318,-0.001981541265731874,1.0063741143384126,-7.073143856992869e-08,-0.0018350416758190664,0.006508980775424724,0.006508980775424724,0.19630035009007485,0.996846562484154,-7.118228884669382e-08]"
/multi_agv/m2b_algorithm_state,1789558483.9671156,1789558483.9671156,m2b_algorithm_state_v1:header6+3x20,"[1.0,-0.15,0.52,0.5431657536417548,0.10193849488070576,1789558483.9669938,0.5415053912250393,0.101553681356008,0.0036904376666666654,0.0012783369277848153,0.0011214564278358755,0.00046222482165155713,0.0009860853749999966,0.5413272993494812,0.10110180669577949,-0.00017809187555806183,-0.00045187466022850176,-0.00045219951490692105,1.0014402682384478,5.6174674338518116e-09,-0.0006748143593544983,0.003873140838581775,0.003873140838581775,0.13992177905363445,0.9992816120590351,5.625558093777303e-09,0.5429886222197225,0.10235661689394993,0.006394789958333334,0.0005560218275246741,0.0024717790151774777,0.0012452198303657402,0.005408704583333337,0.542994205629729,0.1012619068026481,5.583410006448908e-06,-0.001094710091301826,-0.0010966051998658498,1.003476708916794,1.4293935407281786e-08,-0.0010896259373577887,0.004900189259125059,0.004900189259125059,0.12595837895051373,0.9982718406184323,1.434363125996836e-08,0.5420000741992284,0.10191433260152612,0.0036904376666666654,-0.0008402623837064677,0.0016790242632957588,0.0010905528949826625,-0.0003055678083333374,0.5416826842747183,0.09987590209703033,-0.00031738992451002535,-0.0020384305044957862,-0.0020450884625766975,1.0065828144231255,-7.509568257628923e-08,-0.002441825868214229,0.008676581492222135,0.008676581492222135,0.19626332791044168,0.9967444156070773,-7.559002351866687e-08]"
/multi_agv/m2b_algorithm_state,1789558483.9772267,1789558483.9772267,m2b_algorithm_state_v1:header6+3x20,"[1.0,-0.15,0.52,0.5441627637513079,0.10193551143753439,1789558483.9771085,0.5425062800659008,0.10155109694067029,0.0036904376666666654,0.0012806821105411552,0.0011219207842667832,0.00046096668677656416,0.0009860853749999966,0.5421316444001333,0.09928494092636604,-0.00037463566576756424,-0.0022661560143042436,-0.002274439313692368,1.0073729462473604,1.4171510262912395e-07,-0.0027427338959018235,0.011950356920372562,0.011950356920372562,0.13995120412402684,0.9963580917115447,1.4275996046324764e-07,0.5439898974479812,0.10235297292971307,0.006394789958333334,0.0005593579828662596,0.002472431418679588,0.0012434341470219101,0.005408704583333337,0.5440065157476779,0.1012619068026481,1.661829969668016e-05,-0.0010910661270649713,-0.001092948681351407,1.0034651638329393,1.4284328417290761e-08,-0.0010721758067305568,0.004840236156726347,0.004840236156726347,0.12586422053555796,0.9982775455805409,1.4333825955500183e-08,0.543001083411382,0.10191141477173395,0.0036904376666666654,-0.0008375760443098041,0.001679548362124245,0.0010891157084988662,-0.0003055678083333374,0.5427468330008779,0.10117822154125723,-0.0002542504105040866,-0.0007331932304767141,-0.0007340461517738176,1.0023330627460478,-9.675982785266608e-09,-0.0010518591649039258,0.003216035551125642,0.003216035551125642,0.19622369306481938,0.9988380549437629,-9.698557460234314e-09]"
/multi_agv/m2b_algorithm_state,1789558483.9871907,1789558483.9871907,m2b_algorithm_state_v1:header6+3x20,"[1.0,-0.15,0.52,0.5451636363430089,0.10193251878127589,1789558483.9870481,0.5435031353224313,0.10154860661344073,0.0036904376666666654,0.001282616927454142,0.001122409742241203,0.0004598736356809291,0.0009860853749999966,0.543082336483337,0.09874965025100327,-0.00042079883909429405,-0.0027989563624374603,-0.0028116438551331474,1.0091615237793443,2.1659077571837927e-07,-0.003337642404001015,0.014259621274363681,0.014259621274363681,0.13998136064791106,0.9954875178545376,2.1857507726050983e-07,0.54498710746102,0.10234941361311575,0.006394789958333334,0.0005626234329978042,0.002473031129136438,0.001241706526744088,0.005408704583333337,0.5450771869977588,0.10174415883132425,9.007953673878522e-05,-0.000605254781791506,-0.0006058319976480686,1.0019117403337396,4.420039346191341e-09,-0.0004932325767245871,0.0025817233609110417,0.0025817233609110417,0.12577131659352664,0.9990472344498089,4.428489313686172e-09,0.5439980484704722,0.10190851408604669,0.0036904376666666654,-0.0008346124833255174,0.0016800681336320627,0.0010875606069460494,-0.0003055678083333374,0.543815007200007,0.10120975479672031,-0.0001830412704652007,-0.0006987592893263755,-0.0006995338062794691,1.0022227096417056,-8.75728591378287e-09,-0.00092833539436097,0.002766601894626262,0.002766601894626262,0.19618157008743473,0.998892809831146,-8.776750817618606e-09]"
/multi_agv/m2b_algorithm_state,1789558483.9970691,1789558483.9970691,m2b_algorithm_state_v1:header6+3x20,"[1.0,-0.15,0.52,0.5461671696947987,0.10192952861749464,1789558483.9969609,0.544503849901479,0.10154606710368216,0.0036904376666666654,0.001284963758131813,0.0011228465872077584,0.0004586290980297279,0.0009860853749999966,0.5437690011208357,0.10117016438800584,-0.0007348487806433379,-0.00037590271567632116,-0.0003761274136049259,1.0011972123971027,3.907449286520218e-09,-0.0012946883894090983,0.006043943584959785,0.006043943584959785,0.1400125167048165,0.9994026015640521,3.91212733324709e-09,0.5459881840586324,0.10234583700081959,0.006394789958333334,0.0005659300516078552,0.0024736431468702635,0.0012399546586310956,0.005408704583333337,0.546087507919372,0.10174415883132425,9.932386073963073e-05,-0.0006016781694953427,-0.0006022485959593699,1.0019004584441757,4.393686862137556e-09,-0.00047809377003483144,0.0025298191543682664,0.0025298191543682664,0.12567893247067616,0.9990528388644586,4.40203688143577e-09,0.5449988750689154,0.10190565223932592,0.0036904376666666654,-0.000831963311764545,0.0016805580739674315,0.001086157302583179,-0.0003055678083333374,0.5447584191499323,0.10053569449949548,-0.00024045591898314012,-0.001369957739830438,-0.0013729501187168458,1.0043912398939758,-3.3569980828802643e-08,-0.001673520017445771,0.005693972517968032,0.005693972517968032,0.19613661255255158,0.9978204751610318,-3.3717394667858086e-08]"
/multi_agv/m2b_algorithm_state,1789558484.0071104,1789558484.0071104,m2b_algorithm_state_v1:header6+3x20,"[1.0,-0.15,0.52,0.5471717729553964,0.10192655612577871,1789558484.0069838,0.5455072245627028,0.1015435033940019,0.0036904376666666654,0.001287573747633094,0.0011232425496694007,0.00045729175583024634,0.0009860853749999966,0.5449097939259017,0.10187588097218431,-0.0005974306368011773,0.0003323775781824134,0.00033220283666673923,0.9989498609130818,3.059686553688749e-09,-0.00041458545933473233,0.002611343764633126,0.002611343764633126,0.14004464600298303,1.0005260084995888,3.0564734572450026e-09,0.5469919219268747,0.1023422589029471,0.006394789958333334,0.0005692623644751888,0.0024742566962279167,0.0012381908563573601,0.005408704583333337,0.5463893064379799,0.10130573472974796,-0.0006026154888948421,-0.0010365241731991326,-0.0010382227590469795,1.0032903779661395,1.3120316804401715e-08,-0.001791492120165532,0.007370757836057125,0.007370757836057125,0.12558719126727672,0.9983639485524224,1.3163487605723688e-08,0.5460023625948187,0.10190282355553494,0.0036904376666666654,-0.0008295202906679982,0.0016810235352090874,0.0010848560929119892,-0.0003055678083333374,0.545131670258958,0.10163181534820427,-0.0008706923358606788,-0.00027100820733066966,-0.00027112434271531525,1.0008579433457816,-1.308894967612882e-09,-0.0013594897625411639,0.004113916314096213,0.004113916314096213,0.19608883425315174,0.9995716526834791,-1.3100179253406726e-09]"
/multi_agv/m2b_algorithm_state,1789558484.0170355,1789558484.0170355,m2b_algorithm_state_v1:header6+3x20,"[1.0,-0.15,0.52,0.5481658486281897,0.10192370852947959,1789558484.0169165,0.5465116718473886,0.10154094616270676,0.0036904376666666654,0.0012902670305572762,0.0011236131929363668,0.00045593147931683375,0.0009860853749999966,0.5458910783603905,0.10122851540317439,-0.0006205934869980556,-0.00031243075953237,-0.0003125859185866092,1.000994412924902,2.710377424513516e-09,-0.0010883277773341788,0.005290012197735219,0.005290012197735219,0.14007770415329912,0.9995036274988304,2.7130726588558147e-09,0.5479967257077112,0.10233870002279294,0.006394789958333334,0.0005725983697984372,0.002474858256944268,0.0012364316910426915,0.005408704583333337,0.5474637648081454,0.1024394361484394,-0.000532960899565782,0.00010073612564645562,0.00010072021963365595,0.9996843255835788,1.2455528547966251e-10,-0.0005654809048235715,0.0025354152537736007,0.0025354152537736007,0.12549624709501542,1.0001579227374358,1.2451596656260654e-10,0.5470069213110895,0.10190002219183643,0.0036904376666666654,-0.0008271533524866416,0.0016814706314875246,0.0010835974170409013,-0.0003055678083333374,0.5461759888912128,0.1015006402521931,-0.0008309324198767509,-0.0003993819396433257,-0.0003996344133876978,1.0012662383309716,-2.834783138649566e-09,-0.0014382999382336365,0.004451125649928627,0.004451125649928627,0.19603828255054767,0.9993682382299566,-2.838372649719716e-09]"
/multi_agv/m2b_algorithm_state,1789558484.0270128,1789558484.0270128,m2b_algorithm_state_v1:header6+3x20,"[1.0,-0.15,0.52,0.5491697369800446,0.10192079649066184,1789558484.0268369,0.5475056192184159,0.10153859977932647,0.0036904376666666654,0.0012918708398946734,0.0011240727238091427,0.00045499721790281597,0.0009860853749999966,0.54728844861543,0.10026824298783521,-0.0002171706029858722,-0.0012703567914912617,-0.0012729407300129294,1.004087583083905,4.489548646796629e-08,-0.0015444039837452697,0.007318976180759972,0.007318976180759972,0.14011127037619764,0.9979701030372078,4.507900049899644e-08,0.5489909671583186,0.10233530758460722,0.006394789958333334,0.0005757719322713982,0.0024753555903865854,0.0012347971653828838,0.005408704583333337,0.5490727319220299,0.10327665894242755,8.176476371124508e-05,0.000941351357820322,0.0009399711937670692,0.9970782293221544,1.093062639688369e-08,0.0010421771484061255,-0.0035608865084389386,-0.0035608865084389386,0.12540714298092406,1.0014683046272106,1.089868961318679e-08,0.5480009595078348,0.10189721822450509,0.0036904376666666654,-0.0008240206935694904,0.0016819361510840847,0.0010819972419690727,-0.0003055678083333374,0.54743952605448,0.09969100557235613,-0.0005614334533547982,-0.002206212652148959,-0.002214023453915063,1.0071398109486946,-8.628252443502263e-08,-0.0029158152706085607,0.010431415115884553,0.010431415115884553,0.19598557030567965,0.9964721232955812,-8.689856534766482e-08]"
/multi_agv/m2b_algorithm_state,1789558484.0370069,1789558484.0370069,m2b_algorithm_state_v1:header6+3x20,"[1.0,-0.15,0.52,0.5501677076699596,0.10191796628296172,1789558484.0368674,0.5485093631747031,0.10153609715977294,0.0036904376666666654,0.0012945043020685218,0.0011244224219285831,0.00045367376765947866,0.0009860853749999966,0.5483041307150688,0.10096112943206911,-0.00020523245963433023,-0.0005749677277038234,-0.0005754942880728279,1.0018356023040227,9.211312720399754e-09,-0.0008320348626157407,0.004500460423190302,0.004500460423190302,0.14014609506300416,0.9990850293740224,9.228221027252393e-09,0.5499950416586333,0.10233182214967321,0.006394789958333334,0.0005790697690502278,0.0024759140357661913,0.0012330769770340644,0.005408704583333337,0.550051653518024,0.10264853901815227,5.661185939065394e-05,0.0003167168684790611,0.0003165598830687856,0.9990098668813536,1.244981379815396e-09,0.000387324707307103,-0.0009401146339959737,-0.0009401146339959737,0.1253180544675514,1.0004959106275682,1.2437486825191427e-09,0.5490048061067974,0.10189447016253941,0.0036904376666666654,-0.0008216480273135975,0.0016823526131979193,0.0010807520207300027,-0.0003055678083333374,0.5484449052883492,0.09977024496475963,-0.0005599008184481447,-0.002124225197779786,-0.002131462034445657,1.0068683681681867,-7.975520327849228e-08,-0.002831338057505838,0.010102859707634084,0.010102859707634084,0.1959296043618457,0.9966047546008703,-8.030299137793753e-08]"
/multi_agv/m2b_algorithm_state,1789558484.0469885,1789558484.0469885,m2b_algorithm_state_v1:header6+3x20,"[1.0,-0.15,0.52,0.5511743830612513,0.10191508236370218,1789558484.046858,0.5495072070415182,0.10153372401694055,0.0036904376666666654,0.0012965119742459927,0.0011248163780912517,0.0004525985556441481,0.0009860853749999966,0.5493924655153568,0.10188876364093646,-0.00011474152616142153,0.00035503962399591193,0.00035484024959828934,0.9988784008740935,3.515475037540037e-09,0.00021141334189651243,0.0003851060064486443,0.0003851060064486443,0.14018159964444354,1.0005618708639967,3.511532083810786e-09,0.550993176201512,0.10232844413116855,0.006394789958333334,0.0005822708118198901,0.002476405594657227,0.0012314335446205055,0.005408704583333337,0.5509471949748853,0.10251476043393665,-4.598122662669013e-05,0.0001863163027680942,0.00018626191887819802,0.999416634129508,4.332739188686861e-10,0.00012878538559483535,4.089402122176217e-05,4.089402122176217e-05,0.1252303893460462,1.0002919753550468,4.3302116165184377e-10,0.5500027397668485,0.10189173070077605,0.0036904376666666654,-0.000818842673369066,0.0016827736339925358,0.0010793168721803196,-0.0003055678083333374,0.5495901641235981,0.10052581568897233,-0.000412575643250479,-0.00136591501180372,-0.0013688902255906213,1.0043789042458302,-3.284783887505274e-08,-0.00188460977965372,0.006451105501103336,0.006451105501103336,0.19587123910244408,0.9978265504923028,-3.2991676416169056e-08]"
/multi_agv/m2b_algorithm_state,1789558484.056913,1789558484.056913,m2b_algorithm_state_v1:header6+3x20,"[1.0,-0.15,0.52,0.5521742652457643,0.10191228842596912,1789558484.0568135,0.5505137417006843,0.10153121749090101,0.0036904376666666654,0.0012994136524604942,0.0011251104343608983,0.0004511877865381456,0.0009860853749999966,0.550505140990292,0.10264424960383843,-8.600710392325794e-06,0.0011130321129374232,0.0011110838464842108,0.9965139653156673,3.460878768696365e-08,0.0011003329584938035,-0.0031246332018985373,-0.0031246332018985373,0.14021835582827288,1.0017534828351409,3.448814025270419e-08,0.552000032589652,0.10232498753910106,0.006394789958333334,0.0005855821937621585,0.0024769485852018658,0.0012297155261966064,0.005408704583333337,0.5520946376063935,0.10368056872821403,9.460501674152244e-05,0.0013555811891129699,0.0013527277650646197,0.9958119033872964,2.3047365967747485e-08,0.0014709840359915227,-0.005273466178259798,-0.005273466178259798,0.1251428670810158,1.0021093852895184,2.295084137240622e-08,0.5510093748934178,0.10188904206110451,0.0036904376666666654,-0.0008166990786156671,0.0016831505536143657,0.0010781915178841774,-0.0003055678083333374,0.55060394727848,0.10025715352105972,-0.0004054276149377811,-0.0016318885400447847,-0.0016361439594564805,1.005247548925935,-4.6771852127583196e-08,-0.002142928478128707,0.007477112889545286,0.007477112889545286,0.19580958978989,0.9973991167543048,-4.7017289709979284e-08]"
/multi_agv/m2b_algorithm_state,1789558484.067019,1789558484.067019,m2b_algorithm_state_v1:header6+3x20,"[1.0,-0.15,0.52,0.5531728034540732,0.10190953309784774,1789558484.0668085,0.5515135024862687,0.10152885864080219,0.0036904376666666654,0.0013015775239229965,0.0011254580442488157,0.0004500689758920229,0.0009860853749999966,0.551525427849282,0.10308368571501436,1.192536301330982e-05,0.0015548270742121728,0.0015510378202409176,0.995154614358938,6.762746701965341e-08,0.001565944524007555,-0.004990814623409886,-0.004990814623409886,0.14025576365640502,1.0024430442132395,6.729978586201499e-08,0.553000070966578,0.10232164954334975,0.006394789958333334,0.0005887848486170674,0.002477417162441431,0.00122808335214189,0.005408704583333337,0.5532584017492339,0.10469207996946923,0.00025833078265591336,0.0023704304261194797,0.002361772381997047,0.9927612285362715,7.080728257693488e-08,0.002684685860316939,-0.010093816302963306,-0.010093816302963306,0.12505684484601642,1.0036659096314404,7.02947248403928e-08,0.5520092222844458,0.10188635709375543,0.0036904376666666654,-0.0008140409993283213,0.0016835365612394345,0.001076838423709296,-0.0003055678083333374,0.5513888447683362,0.09950727886847874,-0.0006203775161096603,-0.002379078225276693,-0.0023881742096375715,1.007715417993118,-9.91343759350937e-08,-0.003163646104774647,0.011383836393455499,0.011383836393455499,0.19574559438983827,0.9961912391800518,-9.989923908291985e-08]"
/multi_agv/m2b_algorithm_state,1789558484.0769923,1789558484.0769923,m2b_algorithm_state_v1:header6+3x20,"[1.0,-0.15,0.52,0.554176505223787,0.10190675685289967,1789558484.0768547,0.5525119268789335,0.10152654427445472,0.0036904376666666654,0.0013036079019856386,0.0011258057653058752,0.0004490079728268308,0.0009860853749999966,0.5525046333822101,0.10273175891433577,-7.293496723348447e-06,0.001205214639881047,0.0012029317475637318,0.9962289775273412,4.07079915156351e-08,0.0011938148766595462,-0.0034967367325233075,-0.0034967367325233075,0.14029403766915682,1.0018977737697412,4.0554480764812837e-08,0.5539987559295501,0.10231835990187799,0.006394789958333334,0.0005919540447641841,0.0024778574264306963,0.0012264804120907663,0.005408704583333337,0.5543052257087546,0.10469207996946923,0.00030646977920456564,0.002373720067591248,0.002365037800597135,0.9927511274103906,7.138702034350476e-08,0.002748125024602842,-0.01031929987377082,-0.01031929987377082,0.12497184503132087,1.003671090158441,7.086954492848284e-08,0.553007727553736,0.10188369511721049,0.0036904376666666654,-0.0008113060309521141,0.0016839115838963867,0.001075457715723929,-0.0003055678083333374,0.5523783554488597,0.09945166954467799,-0.0006293721048762357,-0.002432025572532498,-0.002441535078995149,1.0078921262149527,-1.032527865903081e-07,-0.0032282502100904435,0.01163520938038607,0.01163520938038607,0.1956789251161543,0.9961051116797531,-1.0406767061412439e-07]"
/multi_agv/m2b_algorithm_state,1789558484.0869184,1789558484.0869184,m2b_algorithm_state_v1:header6+3x20,"[1.0,-0.15,0.52,0.555176635576445,0.10190403984712987,1789558484.0868418,0.5535155084714961,0.10152415949435144,0.0036904376666666654,0.0013061689756429192,0.001126089180942924,0.0004477503807615577,0.0009860853749999966,0.5535208132332019,0.10256894482025439,5.304761705793304e-06,0.00104478532590295,0.0010430676000179099,0.9967248504305534,3.065578465216193e-08,0.0010496985521501515,-0.0029056219985250657,-0.0029056219985250657,0.14033345720247561,1.0016468020720906,3.0555382372257356e-08,0.5550026122809258,0.10231503675972214,0.006394789958333334,0.0005951821512977179,0.002478321171416442,0.001224839720467455,0.005408704583333337,0.5553371978147447,0.10319259596168308,0.00033458553381882083,0.0008775592019609341,0.0008763588401412822,0.9972734755514824,9.820945945700695e-09,0.0012945907574148084,-0.0044105934183195986,-0.0044105934183195986,0.1248873204472848,1.001369714966826,9.794168896472171e-09,0.5540113949189391,0.1018810743046254,0.0036904376666666654,-0.0008089722910501695,0.0016842543832182866,0.0010742676911289235,-0.0003055678083333374,0.5534246662872059,0.10007503379514078,-0.0005867286317332576,-0.001806040509484616,-0.0018112600908716625,1.005819640752998,-5.675395983090674e-08,-0.0025446708805382345,0.008974581415800377,0.008974581415800377,0.19560911652344673,0.9971182595954319,-5.7084247488432694e-08]"
/multi_agv/m2b_algorithm_state,1789558484.0969996,1789558484.0969996,m2b_algorithm_state_v1:header6+3x20,"[1.0,-0.15,0.52,0.55617733600215,0.10190134378385059,1789558484.0968492,0.5545155308242244,0.10152186206789089,0.0036904376666666654,0.0013083410854495148,0.0011263949387328768,0.00044664977038599233,0.0009860853749999966,0.5548070333421664,0.10236158123548067,0.00029150251794196613,0.000839719167589778,0.0008386078009128226,0.9973614369841907,1.9838855798302285e-08,0.0012029859483402802,-0.0033537290164721454,-0.0033537290164721454,0.1403736640178002,1.0013252520138087,1.978650972711691e-08,0.5560028816091898,0.1023117902045477,0.006394789958333334,0.0005983463883173301,0.002478738098234068,0.0012232510722535034,0.005408704583333337,0.5563620221630999,0.10319259596168308,0.0003591405539101755,0.0008808057571353806,0.0008795964734747887,0.9972633685475218,9.94646838993658e-09,0.0013285221658625081,-0.004529774767354109,-0.004529774767354109,0.12480401487004267,1.0013748164039524,9.9192485716996e-09,0.555011494295921,0.101878467268951,0.0036904376666666654,-0.0008063764322011739,0.0016845954463772907,0.0010729649500695374,-0.0003055678083333374,0.5545574385064465,0.0999461146769472,-0.00045405578947455005,-0.0019323525920038054,-0.001938333730622472,1.006235780720751,-6.476786307981485e-08,-0.0025059034674656594,0.008892538413188827,0.008892538413188827,0.1955367663352491,0.9969142885334066,-6.517174127173219e-08]"
/multi_agv/m2b_algorithm_state,1789558484.1070204,1789558484.1070204,m2b_algorithm_state_v1:header6+3x20,"[1.0,-0.15,0.52,0.5571745699895475,0.10189870496786159,1789558484.1068342,0.5555161265752476,0.10151957588445566,0.0036904376666666654,0.0013105689710440423,0.0011266822911346168,0.00044553455734088116,0.0009860853749999966,0.5558988848446104,0.103010980542562,0.0003827582693627374,0.001491404658106335,0.001487916109260403,0.9953482991789496,6.265825006922351e-08,0.0019663639459638247,-0.006380683153038096,-0.006380683153038096,0.1404148385154118,1.0023445870531411,6.236678263593093e-08,0.557003716757138,0.10230856772729033,0.006394789958333334,0.0006015042413181695,0.0024791422649637074,0.001221671830319196,0.005408704583333337,0.5575754700322272,0.10545813415801904,0.0005717532750891818,0.003149566430728709,0.0031343695865835054,0.9904663838134263,1.2763787195478205e-07,0.0038490611804449827,-0.01464033369123068,-0.01464033369123068,0.12472158142745632,1.0048484531659103,1.2642102147269414e-07,0.5560121646740647,0.1018758877398058,0.0036904376666666654,-0.0008038400257083865,0.001684920079062487,0.0010716965276693444,-0.0003055678083333374,0.5555592018360249,0.09992611779067287,-0.0004529628380397499,-0.001949769949132929,-0.001955860411087236,1.0062934452519479,-6.573481943816204e-08,-0.0025220639586369235,0.008959223471859378,0.008959223471859378,0.19546157509597406,0.9968860446687391,-6.614851792544279e-08]"
/multi_agv/m2b_algorithm_state,1789558484.1175632,1789558484.1175632,m2b_algorithm_state_v1:header6+3x20,"[1.0,-0.15,0.52,0.5581850362873159,0.10189597207910572,1789558484.1174808,0.5565132676727725,0.10151737150234222,0.0036904376666666654,0.0013124424372596114,0.001126991473274018,0.00044456161861763845,0.0009860853749999966,0.5569991290549993,0.10370681884451549,0.0004858613822267266,0.002189447342173273,0.0021819685575522993,0.9932252362106935,1.3516300177718267e-07,0.0027892952853357075,-0.009656904448079208,-0.009656904448079208,0.1404568063100063,1.0034275400509727,1.3424730436708864e-07,0.5580010707531191,0.10230541933473258,0.006394789958333334,0.0006045985441244552,0.002479502290714475,0.0012201431006129693,0.005408704583333337,0.5585663902520102,0.10482075510648142,0.0005653194988910482,0.002515335771748839,0.0025055954613163243,0.9923298267456782,8.186739918409002e-08,0.0032122448349301345,-0.012037812322924802,-0.012037812322924802,0.12464035347361058,1.0038874234020994,8.123946204846732e-08,0.5570093715427512,0.10187332406650998,0.0036904376666666654,-0.0008010679475653633,0.0016852418733434623,0.0010703274263430878,-0.0003055678083333374,0.5565586197795874,0.10002335730277313,-0.0004507517631637814,-0.001849966763736846,-0.0018554457273870706,1.0059647711263935,-5.897022087670213e-08,-0.0024188854313417973,0.008556986844158291,0.008556986844158291,0.19538385365505573,0.9970470903194026,-5.932196474750453e-08]"
/multi_agv/m2b_algorithm_state,1789558484.1272476,1789558484.1272476,m2b_algorithm_state_v1:header6+3x20,"[1.0,-0.15,0.52,0.5591832845425845,0.10189337674570116,1789558484.127078,0.5575236173546303,0.10151495429917387,0.0036904376666666654,0.0013156748755624556,0.0011271553965364264,0.0004430751699737497,0.0009860853749999966,0.5580529210127176,0.10354931959658974,0.0005293036580873434,0.002034365297415866,0.0020279006240113517,0.9936936989506895,1.1699565783388904e-07,0.002689530196620531,-0.009221044777655781,-0.009221044777655781,0.14050033620184335,1.0031878649910007,1.1625784799412642e-07,0.5590116863370275,0.10230213658599227,0.006394789958333334,0.0006078662274278095,0.002479950149134713,0.0012184935206596553,0.005408704583333337,0.5589552134803436,0.10374509271617341,-5.647285668386459e-05,0.0014429561301811389,0.0014397241551497393,0.9955450274597174,2.7109036219325864e-08,0.0013691330842949085,-0.004929039036104296,-0.004929039036104296,0.12455898172142056,1.002244857127554,2.698826620737524e-08,0.5580198051702899,0.10187082535215101,0.0036904376666666654,-0.0007992949601182621,0.001685504676418776,0.0010694220874386167,-0.0003055678083333374,0.5576244133852303,0.100255633376276,-0.0003953917850596511,-0.0016151919758750216,-0.0016193612630529025,1.0051941533292972,-4.484646020937557e-08,-0.0021136009943774664,0.007384011266299725,0.007384011266299725,0.1953022324805124,0.9974253508015741,-4.507939959997929e-08]"
/multi_agv/m2b_algorithm_state,1789558484.1370902,1789558484.1370902,m2b_algorithm_state_v1:header6+3x20,"[1.0,-0.15,0.52,0.5601797405648474,0.10189082266183201,1789558484.136923,0.5585217792492871,0.1015127819552699,0.0036904376666666654,0.0013175885349070186,0.0011274292281184361,0.0004421031977468535,0.0009860853749999966,0.5585762027783808,0.10240371362168109,5.442352909368342e-05,0.0008909316664111877,0.0008896809382673255,0.9972018050104338,2.249045089487067e-08,0.0009577103496344298,-0.002494970258622296,-0.002494970258622296,0.14054427222430838,1.0014058165012483,2.242751822786356e-08,0.5600100452197171,0.10229903825771004,0.006394789958333334,0.0006109487590257381,0.002480282031397718,0.001216984536026658,0.005408704583333337,0.5599925144958463,0.10374509271617341,-1.753072387078447e-05,0.0014460544584633667,0.0014428085277402294,0.995535430079126,2.7363963238418285e-08,0.0014208951229017488,-0.0051120888822580035,-0.0051120888822580035,0.12447952978726541,1.0022497307582603,2.7241794911228142e-08,0.5590180291587493,0.10186831002412353,0.0036904376666666654,-0.0007965875045635282,0.0016857981397291662,0.001068095737176672,-0.0003055678083333374,0.5581236782003043,0.10054560869132781,-0.0008943509584450338,-0.0013227013327957171,-0.0013254912414717621,1.004239633013581,-2.996745437603631e-08,-0.0024434299395280543,0.008429604440301294,0.008429604440301294,0.19521878297572587,0.997895188901477,-3.0094505384941935e-08]"
/multi_agv/m2b_algorithm_state,1789558484.1472619,1789558484.1472619,m2b_algorithm_state_v1:header6+3x20,"[1.0,-0.15,0.52,0.5611851867540044,0.1018882133391155,1789558484.1471145,0.5595181570094033,0.10151065912925833,0.0036904376666666654,0.0013193361697712565,0.001127709140544097,0.0004412000289447152,0.0009860853749999966,0.5595676099653528,0.10201030479214505,4.945295594949162e-05,0.0004996456628867246,0.0004992511148181576,0.9984236801495987,7.0849178513671944e-09,0.0005610673097550221,-0.0009011553268583709,-0.0009011553268583709,0.1405890882109537,1.0007902797947896,7.073749754719622e-09,0.5610066020725255,0.10229599223994218,0.006394789958333334,0.0006139900150291039,0.002480584523034346,0.0012155087343305032,0.005408704583333337,0.561132482715655,0.10531141947643861,0.00012588064312946123,0.0030154272364964346,0.003001480532167221,0.9908566427641032,1.1944470168469394e-07,0.0031588313360790474,-0.012084773449363661,-0.012084773449363661,0.12440114802126867,1.0046466082920562,1.1835257610725568e-07,0.5600144626126133,0.10186581661629553,0.0036904376666666654,-0.0007937813223430367,0.0016860828107946382,0.0010667311665751933,-0.0003055678083333374,0.5591504001496803,0.1006390553997176,-0.000864062462933024,-0.001226761216577929,-0.0012291594172873408,1.0039279761628488,-2.5685654240390308e-08,-0.0023092374959536206,0.007918255026947504,0.007918255026947504,0.19513267485828625,0.9980489099496107,-2.5786546877973736e-08]"
/multi_agv/m2b_algorithm_state,1789558484.1571357,1789558484.1571357,m2b_algorithm_state_v1:header6+3x20,"[1.0,-0.15,0.52,0.5621804794918246,0.10188572048677665,1789558484.1568735,0.5605235103056838,0.10150839770670377,0.0036904376666666654,0.001322013864727938,0.0011278872979402208,0.0004399466401496263,0.0009860853749999966,0.5610176861764828,0.10323048336266401,0.0004941758707990296,0.0017220856559602427,0.0017174419120958425,0.9946421327423186,8.426005444556245e-08,0.0023351617505946295,-0.007796740965211769,-0.007796740965211769,0.14063531525983639,1.002703872446395,8.380860025871813e-08,0.5620121673487097,0.1022928654505335,0.006394789958333334,0.0006171422471583738,0.002480941784116064,0.00121395633425396,0.005408704583333337,0.5621834873120645,0.10531141947643861,0.00017131996335473243,0.003018554025905118,0.0030045781139510725,0.9908470947860599,1.2030845644812634e-07,0.003218728068144488,-0.01229799961401222,-0.01229799961401222,0.12432299718752274,1.004651538892982,1.192072845498212e-07,0.5610198826076196,0.10186337686010927,0.0036904376666666654,-0.0007916665468806496,0.0016863225153513298,0.0010656896913711928,-0.0003055678083333374,0.5602338426086765,0.101504708872606,-0.000786039998943111,-0.00035866798750326667,-0.00035887164796264873,1.0011371942732947,-2.188491055995963e-09,-0.0013414216466415376,0.004125582209110076,0.004125582209110076,0.19504292406192825,0.9994324977731223,-2.1909797954919986e-09]"
/multi_agv/m2b_algorithm_state,1789558484.1673193,1789558484.1673193,m2b_algorithm_state_v1:header6+3x20,"[1.0,-0.15,0.52,0.5631810981939062,0.10188320510849795,1789558484.166894,0.5615187355854698,0.10150633780502245,0.0036904376666666654,0.0013236270977308377,0.001128155081646519,0.00043910803973183014,0.0009860853749999966,0.5620502087231989,0.10323048336266401,0.0005314731377290549,0.0017241455576415543,0.0017194906397277505,0.9946356988951464,8.456548718761778e-08,0.002383832061889069,-0.007969942552181305,-0.007969942552181305,0.1406820281340957,1.0027071493186732,8.411185245126476e-08,0.5630075471124834,0.10228989445042518,0.006394789958333334,0.0006201377983331875,0.002481202861976173,0.0012125218909455754,0.005408704583333337,0.5632766323634552,0.10468224246142203,0.00026908525097180114,0.0023923480109968587,0.0023835267355655438,0.9926929301497537,7.597294049946973e-08,0.002719883299280295,-0.010199190410952012,-0.010199190410952012,0.1242465751192755,1.0037009341240815,7.54178009165115e-08,0.5620151557775207,0.10186092920488232,0.0036904376666666654,-0.0007888028242968941,0.0016865847390065969,0.0010643118575185476,-0.0003055678083333374,0.5612491037708336,0.101504708872606,-0.0007660520066871124,-0.0003562203322763219,-0.00035642122549418777,1.0011294398255641,-2.1509346959910307e-09,-0.0013139862338530782,0.004030114439658139,0.004030114439658139,0.19495126406524596,0.9994363601169169,-2.153364047298871e-09]"
/multi_agv/m2b_algorithm_state,1789558484.1769865,1789558484.1769865,m2b_algorithm_state_v1:header6+3x20,"[1.0,-0.15,0.52,0.5641765141130518,0.10188076078451785,1789558484.1768224,0.5625192799008415,0.10150420212864188,0.0036904376666666654,0.0013258057763023876,0.0011283584943927879,0.00043805782162961954,0.0009860853749999966,0.5631177201342022,0.1030559818546609,0.000598440233360753,0.0015517797260190258,0.0015480039534219705,0.9951623104929388,6.862443185608202e-08,0.002296054245122912,-0.007571076605210928,-0.007571076605210928,0.14072999436386172,1.002439123355408,6.829244816216382e-08,0.5640082618004647,0.10228688790543035,0.006394789958333334,0.0006231911921870271,0.002481490819675858,0.0012110483907972203,0.005408704583333337,0.5641387986833617,0.10337932477768108,0.00013053688289699217,0.0010924368722507322,0.0010905790354054702,0.9966129073473436,1.5935042945625746e-08,0.0012537501390267104,-0.004337746072399698,-0.004337746072399698,0.124170683102778,1.001703532513415,1.5881069478744855e-08,0.5630157528804121,0.1018585252914216,0.0036904376666666654,-0.0007863687501448173,0.001686814105811757,0.0010631373556390677,-0.0003055678083333374,0.5624262055140271,0.10255681816661928,-0.000589547366384946,0.0006982928751976814,0.0006975270337906053,0.997812355202806,-8.233916518826264e-09,-3.94071741905772e-05,-0.0009610443746187812,-0.0009610443746187812,0.19485626198650052,1.001097937957923,-8.215903634193325e-09]"
/multi_agv/m2b_algorithm_state,1789558484.1870244,1789558484.1870244,m2b_algorithm_state_v1:header6+3x20,"[1.0,-0.15,0.52,0.565176889677587,0.10187829721670716,1789558484.1867888,0.5635146362913889,0.10150217701089848,0.0036904376666666654,0.001327454153508077,0.0011286024118771758,0.00043721640253789607,0.0009860853749999966,0.5640204744600141,0.1015403053072213,0.0005058381686252611,3.812829632282577e-05,3.8125990427643496e-05,0.9998790629326061,4.152672948334043e-11,0.0006704237012092199,-0.0010700301436483328,-0.0010700301436483328,0.14077868898890883,1.0000604809253848,4.152170736245825e-11,0.565003755213147,0.1022839747692688,0.006394789958333334,0.0006261564580388457,0.002481723300285732,0.0012096419542528408,0.005408704583333337,0.5653144869698137,0.10436484267292526,0.0003107317566666268,0.0020808679036564554,0.0020741776598435274,0.993620917878947,5.8050420264780185e-08,0.002462592355676811,-0.009121027184173992,-0.009121027184173992,0.12409612804075007,1.0032254921757437,5.7680111866749515e-08,0.5640111508346195,0.10185613057338629,0.0036904376666666654,-0.0007835727106189536,0.001687048138499776,0.0010618035268088154,-0.0003055678083333374,0.5634916109228745,0.1027205902678632,-0.0005195399117450261,0.0008644596944769184,0.0008632874490666745,0.9972968275193941,-1.2572656817346083e-08,0.00021386255938539184,-0.0019351242834777516,-0.0019351242834777516,0.19475892754167845,1.0013578853851186,-1.253867075742933e-08]"
/multi_agv/m2b_algorithm_state,1789558484.197063,1789558484.197063,m2b_algorithm_state_v1:header6+3x20,"[1.0,-0.15,0.52,0.566182488257225,0.10187581258434443,1789558484.196846,0.5645149460435999,0.10150008294433477,0.0036904376666666654,0.0013296271094553674,0.0011287856370708607,0.0004361791666684931,0.0009860853749999966,0.5652088555581404,0.10197940956472538,0.0006939095145405139,0.000479326620390616,0.00047896340177761633,0.9984872167895191,6.5716636004983825e-09,0.0013463502949532587,-0.003674006187384245,-0.003674006187384245,0.1408286425616805,1.0007583431461602,6.5617220981386205e-09,0.5660042163525553,0.10228103056419732,0.006394789958333334,0.0006291744675251884,0.0024819800249050727,0.0012082000424704642,0.005408704583333337,0.5663538952617148,0.10436484267292526,0.00034967890915948985,0.0020838121087279338,0.0020771027986407732,0.9936118487751202,5.849604679713162e-08,0.0025142014350901356,-0.00930396555501138,-0.00930396555501138,0.1240221469866433,1.0032301290487649,5.81223652041339e-08,0.5650115066366056,0.10185377814158941,0.0036904376666666654,-0.0007811772127860142,0.0016872510171887017,0.0010606595272289205,-0.0003055678083333374,0.5643340740962933,0.10166568322335981,-0.0006774325403122727,-0.00018809491822960323,-0.00018815086436669044,1.0005952959500486,-5.938662303581476e-10,-0.0010349415397570313,0.0029750263184303064,0.0029750263184303064,0.19465824663756245,0.9997026527766666,-5.942197565199505e-10]"
/multi_agv/m2b_algorithm_state,1789558484.2069514,1789558484.2069514,m2b_algorithm_state_v1:header6+3x20,"[1.0,-0.15,0.52,0.5671830416795695,0.10187339803865918,1789558484.2068746,0.5655204717835474,0.10149791985762921,0.0036904376666666654,0.0013323182210661548,0.0011289045185124847,0.0004349507975637066,0.0009860853749999966,0.5663298847665293,0.10367584519232881,0.0008094129829819829,0.0021779253346995986,0.0021705224397430864,0.9932581978732806,1.3578278604827488e-07,0.003182288668470565,-0.011037082815523486,-0.011037082815523486,0.14087989138141152,1.0034106511966714,1.3486736537252275e-07,0.5670099088087446,0.10227805243737405,0.006394789958333334,0.00063225157025441,0.0024822616545586706,0.0012067195590888535,0.005408704583333337,0.5673038788401675,0.10299010102978341,0.0002939700314229521,0.0007120485924093645,0.0007112569173956431,0.9977823821983608,6.870422316676462e-09,0.0010787194566743332,-0.0035278172129947737,-0.0035278172129947737,0.1239487379889468,1.0011130647651487,6.855186345842221e-09,0.5660170841793831,0.10185146545803003,0.0036904376666666654,-0.0007791758874438125,0.0016874237938462981,0.0010597020486961609,-0.0003055678083333374,0.5652786709338578,0.10205766349146625,-0.0007384132455253711,0.0002061980334362168,0.00020613099891246875,0.9993503135907297,-7.116632119995535e-10,-0.0007168855579942452,0.0016747602354966694,0.0016747602354966694,0.19455414279335587,1.0003252035070014,-7.112008540827398e-10]"
/multi_agv/m2b_algorithm_state,1789558484.2174144,1789558484.2174144,m2b_algorithm_state_v1:header6+3x20,"[1.0,-0.15,0.52,0.5681813476757923,0.10187102784920088,1789558484.2173266,0.5665209667259633,0.10149587014737645,0.0036904376666666654,0.0013344507327746158,0.0011290629523326365,0.0004339439892055092,0.0009860853749999966,0.5674827550199845,0.10439474040372278,0.0009617882940211597,0.002898870256346331,0.002885826525667207,0.9911001884987171,2.4081309358339854e-07,0.004088061893193657,-0.014639849735592063,-0.014639849735592063,0.14093189359635852,1.0045199288880013,2.386699024434655e-07,0.5680105375349983,0.10227516624283822,0.006394789958333334,0.0006352443559044345,0.002482487566286773,0.0012053046125371086,0.005408704583333337,0.5681948703389006,0.10177420190788306,0.00018433280390228735,-0.0005009643349551673,-0.000501359856805139,1.0015820505448403,3.4198057937518212e-09,-0.00027094385192727986,0.0018204794562467685,0.0018204794562467685,0.12387665949590176,0.9992111018770189,3.425216099371074e-09,0.5670176207777465,0.10184915772576289,0.0036904376666666654,-0.0007767897347021346,0.0016876036696501558,0.001058574067379697,-0.0003055678083333374,0.5663843762297547,0.10352119965944499,-0.0006332445479918514,0.001672041933682103,0.0016676828502195488,0.9948191218591924,-4.660327002397056e-08,0.0008761271652297346,-0.004661371279679428,-0.004661371279679428,0.19444769233563236,1.002613856382813,-4.636182416101322e-08]"
/multi_agv/m2b_algorithm_state,1789558484.227353,1789558484.227353,m2b_algorithm_state_v1:header6+3x20,"[1.0,-0.15,0.52,0.5691893441501549,0.10186859717212467,1789558484.2272632,0.5675192227277274,0.10149387975139482,0.0036904376666666654,0.00133634826783981,0.0011292331387099618,0.00043303292236258027,0.0009860853749999966,0.568496691911861,0.10394772373656001,0.0009774691841336614,0.0024538439851651966,0.0024444657371479237,0.9924276593261052,1.7285540467746225e-07,0.0036663022173150004,-0.01290250003460574,-0.01290250003460574,0.14098479818414075,1.0038365225884553,1.7154648466592055e-07,0.5690089081801897,0.1022723367228831,0.006394789958333334,0.0006381902531893569,0.0024826815131920865,0.0012039266210466526,0.005408704583333337,0.5692659353641609,0.10227309748202623,0.0002570271839712479,7.607591431257887e-07,7.607582344483774e-07,0.9999976111367499,7.920393884099527e-15,0.00032204473819850824,-0.0005054139486813196,-0.0005054139486813196,0.12380570159360361,1.000001194436511,7.92037496336165e-15,0.5680159121194599,0.10184686707332474,0.0036904376666666654,-0.000774254596301011,0.0016877791252452815,0.0010573838056466569,-0.0003055678083333374,0.5675062667635402,0.10383060551210964,-0.0005096453559196856,0.001983738438784896,0.0019776170241268417,0.99387506508942,-6.536968788764782e-08,0.0013405603292272346,-0.006464030199976741,-0.006464030199976741,0.1943386212332615,1.0030953488887755,-6.496930280421105e-08]"
/multi_agv/m2b_algorithm_state,1789558484.2372587,1789558484.2372587,m2b_algorithm_state_v1:header6+3x20,"[1.0,-0.15,0.52,0.5701789169544792,0.10186635187462852,1789558484.2371173,0.5685271528352405,0.10149174104219363,0.0036904376666666654,0.0013392329096289755,0.0011292941453366675,0.0004317507700726667,0.0009860853749999966,0.5691309393085642,0.102478452262175,0.0006037864733237086,0.0009867112199813677,0.000985177793416901,0.9969034799172773,2.803997656462671e-08,0.0017399108850715368,-0.005304236905478584,-0.005304236905478584,0.14103928696743057,1.0015564972888278,2.7953150214075273e-08,0.5700169893899397,0.10226941884362604,0.006394789958333334,0.0006412567251622833,0.0024829357193542068,0.0012024650145041338,0.005408704583333337,0.5702813365283578,0.10227309748202623,0.0002643471384180529,3.6786384001868955e-06,3.6786171532058782e-06,0.999988448615409,1.8608580431872542e-13,0.000334112540175772,-0.0005465134441334225,-0.0005465134441334225,0.12373502320085832,1.0000057758065415,1.8608365477003281e-13,0.5690238902252848,0.10184463163055432,0.0036904376666666654,-0.000772453710067338,0.0016879084487556664,0.0010565358174771337,-0.0003055678083333374,0.5681578811076866,0.10263104014004697,-0.0008660091175981544,0.0007864085094926448,0.0007854376611685699,0.9975383134098114,-1.025826814924937e-08,-0.000297073735829123,-6.969180372444136e-05,-6.969180372444136e-05,0.19422556578817798,1.0012360603165253,-1.0233015508107804e-08]"
/multi_agv/m2b_algorithm_state,1789558484.2473187,1789558484.2473187,m2b_algorithm_state_v1:header6+3x20,"[1.0,-0.15,0.52,0.5711810273006539,0.10186402129771265,1789558484.2472396,0.5695167008982314,0.10148994491633277,0.0036904376666666654,0.0013402051781661885,0.0011295298786122552,0.00043120668032110496,0.0009860853749999966,0.5700816132236289,0.10198999219347582,0.0005649123253975707,0.0005000472771430481,0.0004996519845040149,0.9984219758104589,7.209240691122929e-09,0.0012057923912509785,-0.0031732718157798287,-0.0031732718157798287,0.141093764233434,1.0007911359331947,7.197864334924113e-09,0.5710065947055082,0.10226675259684215,0.006394789958333334,0.0006440527081278246,0.0024830332530871857,0.001201202166640894,0.005408704583333337,0.5714504803403408,0.10278115618887008,0.00044388563483266363,0.0005144035920279372,0.0005139897284578707,0.9983940536526854,3.6533099304069517e-09,0.0010688467719987002,-0.003389003975713744,-0.003389003975713744,0.12366660233267181,1.000805198133644,3.6474429106686067e-09,0.5700134552596978,0.10184235811071063,0.0036904376666666654,-0.0007692899612958995,0.0016880920421064542,0.001055068841332672,-0.0003055678083333374,0.5691308421805125,0.1034951505028318,-0.000882613079185357,0.001652792392121169,0.001648532078462985,0.9948771586221533,-4.5098778255028625e-08,0.0005452657294812888,-0.003463624967932439,-0.003463624967932439,0.1941117722156247,1.002584307405262,-4.486774436769343e-08]"
/multi_agv/m2b_algorithm_state,1789558484.257231,1789558484.257231,m2b_algorithm_state_v1:header6+3x20,"[1.0,-0.15,0.52,0.5721838474053271,0.10186170909522996,1789558484.257096,0.5705187646355654,0.10148794568199106,0.0036904376666666654,0.0013424982095345084,0.001129630235553701,0.00043016050318729604,0.0009860853749999966,0.5711648753922706,0.10290627732347492,0.000646110756705176,0.001418331641483861,0.0014151734547620607,0.9955706036073454,5.806073161530031e-08,0.002222811900643531,-0.0072287248738233684,-0.0072287248738233684,0.14115001110023576,1.0022316605156583,5.780355762012861e-08,0.572008765538717,0.10226396418735083,0.006394789958333334,0.0006470032279908538,0.0024832147141896632,0.0011998286689145626,0.005408704583333337,0.5724783477123974,0.10278115618887008,0.0004695821736803163,0.0005171920015192566,0.0005167736318847857,0.9983853382094194,3.7099819465309623e-09,0.001103751348985181,-0.0035114835754077494,-0.0035114835754077494,0.12359827509467022,1.0008095800727004,3.7039915804381552e-09,0.571015551727679,0.10184015402379604,0.0036904376666666654,-0.0007671049638179974,0.001688217000584363,0.0010540566253566131,-0.0003055678083333374,0.5702758560319088,0.1050033307746383,-0.0007396956957702594,0.003163176750842267,0.0031477504826836283,0.990364215743584,-1.6453395708552784e-07,0.002223130862970804,-0.010181921222280186,-0.010181921222280186,0.19399363818688578,1.0049007277557422,-1.6294854337219728e-07]"
/multi_agv/m2b_algorithm_state,1789558484.2672014,1789558484.2672014,m2b_algorithm_state_v1:header6+3x20,"[1.0,-0.15,0.52,0.573181431172666,0.10185946649624374,1789558484.26708,0.5715215402347228,0.10148595670322848,0.0036904376666666654,0.0013448387556793443,0.0011297127437995369,0.00042910301461462344,0.0009860853749999966,0.5724628995582265,0.10372315742599408,0.0009413593235036988,0.002237200722765606,0.0022293916273153605,0.9930782757319712,1.4462235618392233e-07,0.003406090781694984,-0.011854574829631176,-0.011854574829631176,0.1412073626321803,1.0035027921315238,1.4362132011142457e-07,0.5730116430262417,0.10226119644228002,0.006394789958333334,0.000649949077227362,0.0024833868627439637,0.0011984620411501917,0.005408704583333337,0.5731756061104817,0.09999300351001124,0.00016396308423993755,-0.0022681929322687783,-0.002276412088991748,1.0073096232519159,7.181686889301843e-08,-0.002071458233691826,0.008957531661351948,0.008957531661351948,0.12353087730982783,0.9963894249364094,7.234182314775863e-08,0.5720183589550167,0.10183797414018136,0.0036904376666666654,-0.0007649744990410423,0.0016883289057110836,0.0010530748385815403,-0.0003055678083333374,0.5713853194776469,0.1047949909081715,-0.0006330394773698123,0.0029570167679901366,0.002943514132892089,0.9909705194721103,-1.4341034633070278e-07,0.002152214786179824,-0.009825563025580299,-0.009825563025580299,0.19387252381595885,1.004587249963288,-1.421154254010118e-07]"
/multi_agv/m2b_algorithm_state,1789558484.2771745,1789558484.2771745,m2b_algorithm_state_v1:header6+3x20,"[1.0,-0.15,0.52,0.5741846523374982,0.10185719898738994,1789558484.2771106,0.5725190937892587,0.10148407989611231,0.0036904376666666654,0.0013466241098967881,0.0011298379873851735,0.0004282639537385466,0.0009860853749999966,0.5734612569582596,0.10263206773495404,0.0009421631690008647,0.0011479878388417214,0.001145914495946199,0.9964036041654886,3.8161639748094697e-08,0.00232361845719728,-0.007453867378819131,-0.007453867378819131,0.14126546487199304,1.0018093347303458,3.802439538586652e-08,0.5740092660818934,0.10225852040640411,0.006394789958333334,0.0006528070878940237,0.0024835047276823286,0.001197161730481136,0.005408704583333337,0.5741665776724043,0.09999300351001124,0.00015731159051091126,-0.002265516896392872,-0.0022737168012862807,1.007301041556611,7.196331318404262e-08,-0.0020770773131476416,0.008979058757485172,0.008979058757485172,0.12346480916123045,0.9963936120414073,7.248872032415073e-08,0.5730159336468458,0.10183579918621477,0.0036904376666666654,-0.0007624628502914542,0.0016884487664118545,0.0010519236829322227,-0.0003055678083333374,0.5723487247226788,0.103992347026469,-0.0006672089241669399,0.002156547840254236,0.002149321890380034,0.993353689613042,-7.607239541428032e-08,0.0013153107351713592,-0.006443482365809997,-0.006443482365809997,0.19374918003079836,1.00336196728212,-7.556679466247761e-08]"
/multi_agv/m2b_algorithm_state,1789558484.2875013,1789558484.2875013,m2b_algorithm_state_v1:header6+3x20,"[1.0,-0.15,0.52,0.5751859400711309,0.10185497240346324,1789558484.2873998,0.5735222766985989,0.10148212448867637,0.0036904376666666654,0.001348986893162448,0.0011298960827345272,0.0004272095255633153,0.0009860853749999966,0.5743484111698335,0.10068438506527336,0.0008261344712345853,-0.0007977394234030127,-0.0007987555139668838,1.0025551089335596,1.8485650325141473e-08,0.00023391257507634784,0.0008790003727141406,0.0008790003727141406,0.14132498625259268,0.9987279079191268,1.85328831754299e-08,0.5750125364952837,0.10225580531967857,0.006394789958333334,0.0006557271052049906,0.00248365247335669,0.0011958189968658273,0.005408704583333337,0.5754296665661887,0.10114838681900568,0.00041713007090493637,-0.001107418500672891,-0.0011093607144598875,1.0035223965100069,1.7258805030342633e-08,-0.000587948125828717,0.003231368048568537,0.003231368048568537,0.1233993476107604,0.9982492495347266,1.73195973849484e-08,0.5740191438186119,0.10183366715381494,0.0036904376666666654,-0.000760390839282686,0.0016885368713762342,0.0010509796162269263,-0.0003055678083333374,0.5733727228229551,0.10425054148732903,-0.0006464209956567046,0.0024168743335140908,0.00240781627013139,0.9925734154768956,-9.526984795119764e-08,0.0015997900255605092,-0.0075826248683272535,-0.0075826248683272535,0.1936222345066304,1.0037619412639844,-9.456231837288476e-08]"
/multi_agv/m2b_algorithm_state,1789558484.2973588,1789558484.2973588,m2b_algorithm_state_v1:header6+3x20,"[1.0,-0.15,0.52,0.5761932192463745,0.10185271819306509,1789558484.2972744,0.5745235335826954,0.1014802252124217,0.0036904376666666654,0.0013511225927187328,0.0011299637500073556,0.0004262485517627474,0.0009860853749999966,0.5754126586426431,0.09912421000068672,0.0008891250599477596,-0.0023560152117349797,-0.002364983061755087,1.0076803569564692,1.6166387482383338e-07,-0.0012535767368203874,0.00681559209176715,0.00681559209176715,0.14138547311600413,0.9962080700850973,1.6290551108944638e-07,0.5760138637690648,0.10225314222321813,0.006394789958333334,0.0006586054978402426,0.002483771093802156,0.0011945094592647199,0.005408704583333337,0.5764395480416347,0.10114838681900568,0.0004256842725698373,-0.001104755404212454,-0.0011066883189402444,1.003513946515017,1.725147087278351e-08,-0.0005745829782279478,0.0031858143714872966,0.0031858143714872966,0.12333500034708988,0.9982534244785006,1.7312091618735845e-08,0.5750204228616321,0.10183154977474984,0.0036904376666666654,-0.0007581745788628491,0.0016886220307176566,0.0010499745549816188,-0.0003055678083333374,0.5745801573808117,0.10471042183574573,-0.00044026548082043426,0.0028788720609958934,0.0028660648891007164,0.9912004396264729,-1.3473429913014224e-07,0.0023157330380751736,-0.010367219500191356,-0.010367219500191356,0.1934926474400787,1.0044685561530309,-1.3354869653056167e-07]"
/multi_agv/m2b_algorithm_state,1789558484.3070116,1789558484.3070116,m2b_algorithm_state_v1:header6+3x20,"[1.0,-0.15,0.52,0.5771807441963052,0.1018506562392217,1789558484.306912,0.5755307729742036,0.1014782443074526,0.0036904376666666654,0.00135384901798779,0.0011299600786172522,0.0004250686267419418,0.0009860853749999966,0.57641940130038,0.09922008634343998,0.0008886283261764216,-0.0022581579640126165,-0.0022663904658328207,1.0073534371483215,1.4880482156086123e-07,-0.0011556050581122937,0.006431571324801646,0.006431571324801646,0.1414474377778268,0.9963675712793917,1.498990484635762e-07,0.5770211930702397,0.10225043608365603,0.006394789958333334,0.0006615524733145535,0.002483921471595707,0.0011931536717728203,0.005408704583333337,0.5773611342239183,0.09995855862594552,0.00033994115367863564,-0.002291877457710506,-0.0023002718896125867,1.0073890034779893,7.463837502543437e-08,-0.0018753454475142922,0.008288468180469858,0.008288468180469858,0.12327126217055832,0.9963506783958941,7.518987823808878e-08,0.57602769169468,0.10182947418808663,0.0036904376666666654,-0.0007564065930529781,0.0016886756173035422,0.0010491802311941396,-0.0003055678083333374,0.5756311689603745,0.10451047985130738,-0.00039652273430557106,0.0026810056632207424,0.0026698813710261567,0.9917863100231178,-1.1659601693049416e-07,0.002174227953144193,-0.00976247306212608,-0.00976247306212608,0.1933593558411508,1.0041665866938163,-1.1563833339488778e-07]"
/multi_agv/m2b_algorithm_state,1789558484.3171859,1789558484.3171859,m2b_algorithm_state_v1:header6+3x20,"[1.0,-0.15,0.52,0.5781849421490589,0.10184847496037817,1789558484.3170006,0.5765183015868144,0.10147662361178195,0.0036904376666666654,0.0013545409316666865,0.001130146645344587,0.00042467163800921854,0.0009860853749999966,0.577687028136278,0.10127589225039872,0.00116872654946365,-0.00020073136138322456,-0.00020079541022254956,1.0006386396754583,1.1747874043219815e-09,0.001260112776607013,-0.003025412719827309,-0.003025412719827309,0.1415092214345957,0.9996810243856968,1.1755376701686102e-09,0.5780087138644289,0.10224799195136856,0.006394789958333334,0.0006642121595440819,0.002483909004371343,0.0011920071364406037,0.005408704583333337,0.578355534260032,0.09995855862594552,0.00034682039560307576,-0.002289433325423043,-0.002297809984701328,1.0073811626125353,7.477941297935593e-08,-0.0018642844901974832,0.008251154316292506,0.008251154316292506,0.12320976313520164,0.9963545030554938,7.533137198662649e-08,0.577015217137672,0.10182735315451458,0.0036904376666666654,-0.0007531857066005042,0.0016887902083560571,0.0010477243877665895,-0.0003055678083333374,0.5765902069205321,0.10363988718690269,-0.0004250102171399206,0.0018125340323881106,0.0018074155872514267,0.9943911622144911,-5.30996112404067e-08,0.001276152815826526,-0.006132176767698566,-0.006132176767698566,0.19322589575864074,1.0028319137960229,-5.2801784134485674e-08]"
/multi_agv/m2b_algorithm_state,1789558484.3272305,1789558484.3272305,m2b_algorithm_state_v1:header6+3x20,"[1.0,-0.15,0.52,0.579186550090759,0.1018463396734539,1789558484.327136,0.577522472947282,0.10147472923359903,0.0036904376666666654,0.00135697921264773,0.00113015629561215,0.0004236096849618671,0.0009860853749999966,0.5788294205191052,0.1008617469797979,0.0013069475718232582,-0.0006129822538011309,-0.0006135814135795394,1.0019594333823256,1.0978259329476393e-08,0.0010201030511995334,-0.0019812177289306714,-0.0019812177289306714,0.14157319342143407,0.9990235040287269,1.0999770497286396e-08,0.5790129461684624,0.10224537825543512,0.006394789958333334,0.0006670808953439895,0.002484012058210694,0.0011907098851708375,0.005408704583333337,0.5795487216231269,0.10015942557138031,0.0005357754546644333,-0.002085952684054801,-0.002092896036229179,1.0067098949504594,6.233818405148816e-08,-0.0014231767178986372,0.0066142918313550954,0.0066142918313550954,0.12314820770564605,0.9966824189762965,6.275646671787605e-08,0.5780194073314322,0.10182531739210036,0.0036904376666666654,-0.0007512545980541178,0.0016888310856608812,0.0010468659683315518,-0.0003055678083333374,0.577605925908471,0.10368574998849804,-0.0004134814229611594,0.0018604325963976764,0.0018550418709527867,0.9942459423490478,-5.579826628627923e-08,0.0013381900922513374,-0.006374435734353303,-0.006374435734353303,0.19308726040819835,1.002905985859026,-5.5477199845244796e-08]"
/multi_agv/m2b_algorithm_state,1789558484.337351,1789558484.337351,m2b_algorithm_state_v1:header6+3x20,"[1.0,-0.15,0.52,0.5801808199935299,0.1018442895743118,1789558484.337245,0.5785240628009507,0.10147290281042169,0.0036904376666666654,0.0013591148192064126,0.0011301827904037767,0.00042267016926320587,0.0009860853749999966,0.5796743831509991,0.09922275598639348,0.0011503203500483616,-0.002250146824028215,-0.0022583211107951346,1.007327212662057,1.4832841710669207e-07,-0.0008204206732346825,0.005253116987355462,0.005253116987355462,0.14163811272108343,0.9963803700333645,1.4941525096265908e-07,0.5800145772601395,0.10224282365982779,0.006394789958333334,0.0006698992418380338,0.002484081508141389,0.0011894519591217068,0.005408704583333337,0.5805820293324482,0.10061458677551083,0.0005674520723086829,-0.0016282368843169581,-0.0016324529040745155,1.0052106258882942,3.813163909473248e-08,-0.0009231378136886619,0.00465702403459593,0.00465702403459593,0.12308781450864925,0.9974173712778883,3.833032880056258e-08,0.5790210102111869,0.10182329255011217,0.0036904376666666654,-0.0007491241700654416,0.0016888725614479022,0.0010459208396096835,-0.0003055678083333374,0.5786821483133979,0.10444657299806887,-0.0003388618977889779,0.0026232804479566912,0.0026126244387033536,0.9919571329060767,-1.1056232771217063e-07,0.0021890470664671312,-0.009780387741727275,-0.009780387741727275,0.19294610245244764,1.0040786609416492,-1.0967308960478684e-07]"
/multi_agv/m2b_algorithm_state,1789558484.347278,1789558484.347278,m2b_algorithm_state_v1:header6+3x20,"[1.0,-0.15,0.52,0.5811832443736916,0.10184219304424695,1789558484.3471928,0.5795183326617592,0.101471220918662,0.0036904376666666654,0.0013604957318932784,0.0011302747100313745,0.0004220237560689339,0.0009860853749999966,0.5805748501759034,0.09820546155979389,0.0010565175141441507,-0.003265759358868109,-0.00328311058549575,1.0107567936805375,3.129685973681109e-07,-0.0019624636928155617,0.009698529419302021,0.009698529419302021,0.1417036524848102,0.9947150039038295,3.163351359984869e-07,0.5810088478233049,0.10224038286382964,0.006394789958333334,0.0006726005462637866,0.0024840834893249397,0.0011882798685535212,0.005408704583333337,0.5816285915806519,0.10094605361597862,0.0006197437573470799,-0.0012943292478510143,-0.0012969867313999692,1.0041265276960405,2.418776318508026e-08,-0.0005223070347161194,0.003098348325992284,0.003098348325992284,0.12302886216602683,0.997951032586057,2.4287574659768765e-08,0.5800152794955256,0.10182126494044376,0.0036904376666666654,-0.0007464683981240942,0.0016889303512654281,0.0010447395053279737,-0.0003055678083333374,0.5797630637420261,0.1045655592749472,-0.0002522157534994296,0.002744294334503447,0.002732642950712116,0.9915975849912249,-1.2055945599373212e-07,0.002417373258837829,-0.010654453085270845,-0.010654453085270845,0.19280315156515743,1.0042637783279715,-1.195464654112406e-07]"
/multi_agv/m2b_algorithm_state,1789558484.3573709,1789558484.3573709,m2b_algorithm_state_v1:header6+3x20,"[1.0,-0.15,0.52,0.5821848881685404,0.10184012637190143,1789558484.3572752,0.5805207437177525,0.10146941519494444,0.0036904376666666654,0.001362726311192546,0.0011302749311347996,0.0004210567402669922,0.0009860853749999966,0.5816110693527159,0.09971359523334798,0.0010903256349633628,-0.001755819961596461,-0.0017607788985452388,1.0056860052864884,9.052739117996814e-08,-0.00039787185484103536,0.003551855505089806,0.003551855505089806,0.14177087954029136,0.997183668572542,9.104213040478945e-08,0.5820112896637262,0.10223787327670157,0.006394789958333334,0.0006753961152933868,0.0024841358701036542,0.0011870406973638614,0.005408704583333337,0.5826377243449756,0.10094605361597862,0.0006264346812494548,-0.0012918196607229482,-0.0012944668888477673,1.0041185494040556,2.419443695773228e-08,-0.0005114235372859488,0.0030615799074612364,0.0030615799074612364,0.12297042502510554,0.997954966521256,2.429408294164601e-08,0.5810176997395962,0.10181929066109484,0.0036904376666666654,-0.0007444519317212754,0.0016889470090224292,0.001043856687025225,-0.0003055678083333374,0.5807185700394077,0.10359592209179665,-0.00029912970018841634,0.0017766314307018083,0.001771711860833818,0.9944993884547112,-5.042844897340468e-08,0.0013977997355982977,-0.006541064955109751,-0.006541064955109751,0.19265613461523134,1.002776732479329,-5.015106166477056e-08]"
/multi_agv/m2b_algorithm_state,1789558484.3672893,1789558484.3672893,m2b_algorithm_state_v1:header6+3x20,"[1.0,-0.15,0.52,0.5831857947749522,0.101838088901117,1789558484.3671772,0.5815223788418958,0.1014676445363814,0.0036904376666666654,0.00136484940661054,0.0011302739712087716,0.0004201369296490615,0.0009860853749999966,0.5827279664612754,0.10092642553530805,0.0012055876193796111,-0.0005412190010733453,-0.0005416858740900372,1.0017287967697854,8.607715365764608e-09,0.0009652986501344767,-0.0018122627082017956,-0.0018122627082017956,0.14183919499079725,0.9991381111470256,8.622596356284174e-09,0.5830129446597495,0.10223540054380265,0.006394789958333334,0.0006781657999099184,0.0024841694736270625,0.0011858225157036634,0.005408704583333337,0.5832900012551019,0.09981907122388764,0.00027705659535237626,-0.002416329319915006,-0.002425670866113534,1.0078027976343862,8.506051641320366e-08,-0.002079350121923064,0.009075194626656697,0.009075194626656697,0.12291304522655774,0.9961488813964708,8.572422640945228e-08,0.5820193410039761,0.10181733403552023,0.0036904376666666654,-0.0007423783062387068,0.0016889576664153583,0.0010429522141168122,-0.0003055678083333374,0.5815440626527597,0.10371116442096256,-0.0004752783512164127,0.00189383038544233,0.001888245188705172,0.9941442485649306,-5.713710148296147e-08,0.001294147249684656,-0.0062239288535872635,-0.0062239288535872635,0.19250636043136843,1.0029578768533698,-5.680252081895691e-08]"
/multi_agv/m2b_algorithm_state,1789558484.3772619,1789558484.3772619,m2b_algorithm_state_v1:header6+3x20,"[1.0,-0.15,0.52,0.5841886295099572,0.1018360580278469,1789558484.3771708,0.5825232813172734,0.10146590712526357,0.0036904376666666654,0.0013668763060885824,0.0011302716623306165,0.00041925951862671574,0.0009860853749999966,0.5837471491089173,0.10059593035063236,0.0012238677916439622,-0.0008699767746312148,-0.0008711861414818854,1.002789371590402,2.2279383592671667e-08,0.0006586485980730674,-0.0005737145206250946,-0.0005737145206250946,0.14190860788246343,0.9986118157841521,2.2341529072316733e-08,0.5840138564839952,0.1022329638482068,0.006394789958333334,0.0006809097199660177,0.0024841851271287796,0.0011846248412694521,0.005408704583333337,0.5842912426587582,0.10055086144676517,0.00027738617476302796,-0.0016821024014416347,-0.0016866044268190076,1.005387014008051,4.1368537668652096e-08,-0.0013398717083652227,0.006161971021947117,0.006161971021947117,0.12285672150624281,0.9973307164941669,4.1591390560565707e-08,0.5830202465235882,0.10181539572988059,0.0036904376666666654,-0.0007402560599377044,0.0016889619349172722,0.0010420299897897774,-0.0003055678083333374,0.5826192685411063,0.10447725433244363,-0.0004009779824818427,0.002661858602563044,0.002650888912172775,0.9918415864066098,-1.1249127837491846e-07,0.0021496664340704716,-0.0096490951506686,-0.0096490951506686,0.19235383386918786,1.004138117723416,-1.1157352800028668e-07]"
/multi_agv/m2b_algorithm_state,1789558484.3872695,1789558484.3872695,m2b_algorithm_state_v1:header6+3x20,"[1.0,-0.15,0.52,0.5851835815672858,0.10183411566744106,1789558484.3872216,0.5835261110296666,0.10146415700136796,0.0036904376666666654,0.0013690817019841798,0.0011302408164993276,0.0004183195797648554,0.0009860853749999966,0.5846290692289531,0.09906191012882457,0.001102958199286519,-0.0024022468725433954,-0.0024115753902619356,1.0078368311217696,1.7032244383132922e-07,-0.001032877641153787,0.0060765488157048,0.0060765488157048,0.14197931963599428,0.9961317743761158,1.7165723205988243e-07,0.5850166972161702,0.10223053179163637,0.006394789958333334,0.0006836643897640835,0.0024842031186392832,0.0011834212913684472,0.005408704583333337,0.585352170178949,0.10149727491261025,0.00033547296277880445,-0.0007332568790261174,-0.0007341062557268723,1.0023231795132268,7.887857851750353e-09,-0.0003147650522533667,0.0021273926228494305,0.0021273926228494305,0.12280130703408274,0.9988429785277965,7.906182761514785e-09,0.5840230802840346,0.10181348529053633,0.0036904376666666654,-0.0007382846909920597,0.0016889500509213616,0.00104118156908326,-0.0003055678083333374,0.5836409002948149,0.10374776254524717,-0.00038217998921974417,0.0019342772547108478,0.001928452430543448,0.9940216444726446,-5.927434418910197e-08,0.001450727444018768,-0.006798468392461371,-0.006798468392461371,0.19219814039357713,1.003020465568735,-5.891998108588868e-08]"
/multi_agv/m2b_algorithm_state,1789558484.3974411,1789558484.3974411,m2b_algorithm_state_v1:header6+3x20,"[1.0,-0.15,0.52,0.5861907335913015,0.10183209327109356,1789558484.397321,0.584521076887803,0.10146256077241954,0.0036904376666666654,0.0013704672878850428,0.0011302820718014574,0.00041769749607222786,0.0009860853749999966,0.585391253158114,0.0984390631454706,0.0008701762703110516,-0.003023497626948937,-0.003038344643331601,1.0099329137765978,2.701924287159841e-07,-0.0019506243054427867,0.00956644919139258,0.00956644919139258,0.14205061522294318,0.9951134521834942,2.728762268135095e-07,0.5860116316981712,0.10222821841389765,0.006394789958333334,0.000686295160376665,0.002484150392656148,0.0011823082393697254,0.005408704583333337,0.5863646522506696,0.10162213989264818,0.00035302055249841757,-0.0006060785212494701,-0.0006066582697713652,1.0019175212246219,5.409279632729907e-09,-0.00016538257914834327,0.0015443614336542394,0.0015443614336542394,0.12274734658455805,0.99904435734122,5.419652041235581e-09,0.5850180361158832,0.10181156781600603,0.0036904376666666654,-0.0007357396279530372,0.0016889580704403948,0.001040074117381497,-0.0003055678083333374,0.5845392954957536,0.10353298229816989,-0.00047874062012964735,0.001721414482163855,0.0017167935250646323,0.9946664042679842,-4.6792054882989936e-08,0.001118367749902573,-0.005508398726278887,-0.005508398726278887,0.19204086700886674,1.0026916207638008,-4.654248497877378e-08]"
/multi_agv/m2b_algorithm_state,1789558484.4071856,1789558484.4071856,m2b_algorithm_state_v1:header6+3x20,"[1.0,-0.15,0.52,0.5871853070126044,0.10183019864768039,1789558484.4070542,0.5855282210786594,0.10146077279021312,0.0036904376666666654,0.0013731090900828387,0.0011301898209403966,0.00041660033149667174,0.0009860853749999966,0.5864282658066794,0.09984962281344097,0.0009000447280199664,-0.0016111499767721554,-0.0016153213284187853,1.0052095999013502,7.680042726778833e-08,-0.0004902654183938273,0.003824706934528377,0.003824706934528377,0.14212399429944172,0.997417633523905,7.720052676610625e-08,0.5870187930997042,0.10222578931322988,0.006394789958333334,0.0006890758722245607,0.002484178525208103,0.0011810881264089218,0.005408704583333337,0.5872434782818187,0.1005329219665439,0.0002246851821144924,-0.0016928673466859862,-0.0016974279959814903,1.0054226775797115,4.2403912561511884e-08,-0.0014165715183383748,0.006445392947611358,0.006445392947611358,0.12269374408544308,0.9973132001438051,4.263385530745124e-08,0.5860251865955408,0.10180971770983772,0.0036904376666666654,-0.0007341298029547969,0.0016889107613833176,0.0010394008437020394,-0.0003055678083333374,0.585609281325326,0.10389946750882492,-0.0004159052702148447,0.0020897497989871977,0.002082958672708655,0.99355229892568,-6.878987570430666e-08,0.0015630770849400992,-0.007269588113130197,-0.007269588113130197,0.19187875951496425,1.0032603269414422,-6.834633914882566e-08]"
/multi_agv/m2b_algorithm_state,1789558484.4171107,1789558484.4171107,m2b_algorithm_state_v1:header6+3x20,"[1.0,-0.15,0.52,0.5881839677050985,0.1018282916162871,1789558484.416972,0.5865228148290941,0.10145922208907164,0.0036904376666666654,0.001374422687121324,0.0011302183670137455,0.0004160160639003043,0.0009860853749999966,0.587754917328561,0.10120685975357481,0.001232102499466925,-0.00025236233549683074,-0.0002524636337607074,1.0008035669086082,1.884327084030616e-09,0.0012876644905729488,-0.003079232949985638,-0.003079232949985638,0.14219760608771984,0.999598760968589,1.885841266920337e-09,0.5880133403215267,0.10222353351162333,0.006394789958333334,0.0006916696018715385,0.002484099926767236,0.0011800045918288343,0.005408704583333337,0.588550410764824,0.1008372240687207,0.0005370704432972051,-0.0013863094429026335,-0.0013893608777914633,1.0044254059716518,2.8538291848162503e-08,-0.0007180228236699569,0.0038492261537881422,0.0038492261537881422,0.12264184235996162,0.9978037132485835,2.8664585375328103e-08,0.5870197658871922,0.10180784034234619,0.0036904376666666654,-0.0007315752255691878,0.001688902658758873,0.0010382976558675162,-0.0003055678083333374,0.5866614535407989,0.10381813281747827,-0.0003583123463932747,0.0020102924751320833,0.0020040039921578718,0.9937916361269914,-6.344095972659422e-08,0.0015561135591662784,-0.007204439239239066,-0.007204439239239066,0.19171589876432762,1.0031379593048815,-6.304709516415863e-08]"
/multi_agv/m2b_algorithm_state,1789558484.4271035,1789558484.4271035,m2b_algorithm_state_v1:header6+3x20,"[1.0,-0.15,0.52,0.5891835365386112,0.10182639884196049,1789558484.4269576,0.5875214906066843,0.10145761619106428,0.0036904376666666654,0.001376175296506279,0.0011301976109930438,0.00041526714516093837,0.0009860853749999966,0.5887882482203048,0.10146094853111878,0.001266757613620495,3.3323400545071102e-06,3.3323224258070405e-06,0.9999894197606752,3.2891594015101804e-13,0.0015867793394514257,-0.004258457243182823,-0.004258457243182823,0.14227271425334825,1.000005290214396,3.289124601416535e-13,0.5890119817883261,0.10222125631790709,0.006394789958333334,0.000694300401627464,0.002484042249683127,0.0011788941048599677,0.005408704583333337,0.5896762839234627,0.10210219111483017,0.0006643021351365741,-0.00011906520307691792,-0.00011908749687425248,1.000374650128543,2.1113295097981873e-10,0.0007112901720464651,-0.0017761684917077239,-0.0017761684917077239,0.12259074774456406,0.9998127948112125,2.1121205196704301e-10,0.5880184307202848,0.10180600233988993,0.0036904376666666654,-0.0007293632983923306,0.0016888686709642274,0.0010373564619718147,-0.0003055678083333374,0.5878785505578704,0.1032028891999017,-0.00013988016241439638,0.00139688686001177,0.0013938362292323682,0.9956554621869216,-3.0553228615094325e-08,0.0012189860262143727,-0.005709101373125058,-0.005709101373125058,0.19154954191249074,1.0021886579753219,-3.0420488958064415e-08]"
/multi_agv/m2b_algorithm_state,1789558484.4371252,1789558484.4371252,m2b_algorithm_state_v1:header6+3x20,"[1.0,-0.15,0.52,0.5901806056006157,0.10182454832641376,1789558484.4369972,0.5885210754993857,0.10145601228960431,0.0036904376666666654,0.0013780180835791266,0.00113015964655727,0.0004144880890098457,0.0009860853749999966,0.5895913703528994,0.10001229672465105,0.0010702948535137313,-0.001443715564953263,-0.001447060956160074,1.0046596843780007,6.188217060523038e-08,-0.00010919238926790993,0.0024102490792009554,0.0024102490792009554,0.14234909055826034,0.9976881476951126,6.217052198887635e-08,0.5900115301769759,0.10221899466430262,0.006394789958333334,0.0006969267127429025,0.002483980915094164,0.001177787467026431,0.005408704583333337,0.5906920671753894,0.10210219111483017,0.0006805369984134169,-0.0001168035494724523,-0.00011682500466143276,1.0003675354718213,2.0395851993401116e-10,0.0007338462433553383,-0.0018546204557655325,-0.0018546204557655325,0.12254063687207188,0.9998163476300076,2.0403348192486708e-10,0.589018003939472,0.1018041895719745,0.0036904376666666654,-0.0007272393615144093,0.0016888221001619807,0.0010364599553514499,-0.0003055678083333374,0.5888141619323183,0.10221284164974173,-0.00020384200715373169,0.00040865207776723256,0.0004083890214905263,0.9987145642531446,-2.609073723263042e-09,0.0001535865125483617,-0.0014573800031591404,-0.0014573800031591404,0.19138021638360464,1.0006441316070305,-2.6057199266329786e-09]"
/multi_agv/m2b_algorithm_state,1789558484.4473557,1789558484.4473557,m2b_algorithm_state_v1:header6+3x20,"[1.0,-0.15,0.52,0.5911878485025062,0.10182263528463997,1789558484.4472058,0.589518168340256,0.10145446814631444,0.0036904376666666654,0.0013796023248689605,0.0011301395216744216,0.0004138118242670904,0.0009860853749999966,0.590532584704754,0.09987023972417922,0.0010144163644979498,-0.0015842284221352226,-0.0015882610587810303,1.005121426850809,7.460722861331847e-08,-0.000320240603158593,0.0032192123590362707,0.0032192123590362707,0.14242647358877228,0.9974609736708506,7.498932407720317e-08,0.5910085691930028,0.10221678759535932,0.006394789958333334,0.0006995022888087541,0.0024838907771613794,0.0011767178068366885,0.005408704583333337,0.5915996429820765,0.10089435162331553,0.0005910737890736373,-0.0013224359720437895,-0.001325211606436745,1.0042188318083254,2.6262866550199865e-08,-0.0005863693700946984,0.0033639599546758923,0.0033639599546758923,0.12249168483466998,0.9979055160855264,2.6373665166979652e-08,0.5900150792685882,0.10180238923756751,0.0036904376666666654,-0.0007249498664058684,0.0016887758477734946,0.0010354915196295346,-0.0003055678083333374,0.5897420760668479,0.10182563592731397,-0.00027300320174028503,2.3246689746458937e-05,2.3245835968249667e-05,0.9999265527355118,-8.418852611069754e-12,-0.0003180081662071066,0.0003936096206956425,0.0003936096206956425,0.1912085274877108,1.0000367282213656,-8.418234269375342e-12]"
/multi_agv/m2b_algorithm_state,1789558484.4572935,1789558484.4572935,m2b_algorithm_state_v1:header6+3x20,"[1.0,-0.15,0.52,0.5921872822141391,0.10182080917534943,1789558484.457184,0.5905254172854607,0.10145276884350364,0.0036904376666666654,0.00138222231878531,0.0011300064194366792,0.000412745363794728,0.0009860853749999966,0.5913477698935201,0.1010039180276934,0.0008223526080594068,-0.00044885081581023945,-0.00044917176824490465,1.001432535701563,5.995713818728504e-09,0.0005787689918293538,-0.00046745017336206245,-0.00046745017336206245,0.14250589635679392,0.999285457240736,6.004302892830187e-09,0.5920158038951898,0.10221448894841213,0.006394789958333334,0.0007022002713060905,0.002483866178051075,0.0011755609913164655,0.005408704583333337,0.5922767094897434,0.10102391851461894,0.0002609055945536065,-0.0011905704337931977,-0.0011928179450986995,1.0037925865783253,2.1366873538806963e-08,-0.0008666859519066913,0.004299720331669789,0.004299720331669789,0.12244327306327057,0.9981157968701454,2.1447909256611016e-08,0.5910223243268679,0.10180064806200416,0.0036904376666666654,-0.000723436177437854,0.0016886827722078796,0.0010348837286951419,-0.0003055678083333374,0.5907978945782477,0.10287781008713526,-0.00022442974862013632,0.0010771620251310982,0.001075343507569011,0.9966373337742532,-1.8024528380114094e-08,0.0007948063217938406,-0.0040419378607619814,-0.0040419378607619814,0.19103222189543767,1.001691103865218,-1.796391790729527e-08]"
/multi_agv/m2b_algorithm_state,1789558484.4671934,1789558484.4671934,m2b_algorithm_state_v1:header6+3x20,"[1.0,-0.15,0.52,0.5931826948166093,0.10181903705958029,1789558484.46708,0.5915248753204482,0.10145122638705875,0.0036904376666666654,0.0013839873151757043,0.00112994624103444,0.0004120115828850463,0.0009860853749999966,0.5924371460402633,0.10182203316435225,0.0009122707198151447,0.00037080677729349476,0.00037058908366744504,0.9988274875216827,4.094871115951572e-09,0.001510927483436376,-0.0041538756506555655,-0.0041538756506555655,0.1425859175005757,1.0005874259001246,4.090069828471017e-09,0.5930152058773792,0.10221230694843914,0.006394789958333334,0.0007047773248107254,0.002483770989720191,0.0011744933192691237,0.005408704583333337,0.5934425952480078,0.10277849586121579,0.0004273893706285836,0.0005661889127766551,0.0005656873514262802,0.9982321113920262,4.8442099188492195e-09,0.0010999240647120096,-0.0034628911146997766,-0.0034628911146997766,0.12239628998923764,1.000886640560568,4.835645895319052e-09,0.5920217654445901,0.1017988941905504,0.0036904376666666654,-0.0007213201565631909,0.0016886130304479387,0.0010340027087623297,-0.0003055678083333374,0.5917487749310091,0.1035703917719395,-0.00027299051358098403,0.0017714975813891004,0.00176660484466412,0.9945134231916896,-4.8584231959418587e-08,0.00142536670268789,-0.006613986232990705,-0.006613986232990705,0.1908545148041163,1.002769570535119,-4.831767083910047e-08]"
/multi_agv/m2b_algorithm_state,1789558484.4773574,1789558484.4773574,m2b_algorithm_state_v1:header6+3x20,"[1.0,-0.15,0.52,0.5941909184472767,0.10181718090647895,1789558484.4773073,0.5925203228660402,0.10144976797928967,0.0036904376666666654,0.0013853452090279873,0.0011299200968372326,0.00041143656366072427,0.0009860853749999966,0.5933609064286995,0.10079499286744101,0.0008405835626593694,-0.0006547751118486655,-0.0006554592047697342,1.0020947245135394,1.2789953921370884e-08,0.00039527024855447754,0.00027941845222808227,0.00027941845222808227,0.1426668358938869,0.998956315029081,1.281674535137702e-08,0.5940105736893788,0.10221019609394698,0.006394789958333334,0.0007072827001780614,0.0024836366183084158,0.0011734771031000624,0.005408704583333337,0.5945436085017877,0.1036514755219761,0.0005330348124088502,0.0014412794280291158,0.001438050845004982,0.9955444812908961,3.148257313142151e-08,0.0021043443605160447,-0.007451879753997444,-0.007451879753997444,0.12235053931272238,1.0022451104808625,3.1342301937823726e-08,0.593017187894409,0.10179714710550422,0.0036904376666666654,-0.0007189305867072626,0.0016885494090312378,0.0010329999311066203,-0.0003055678083333374,0.5926529056863492,0.10217850198075522,-0.0003642822080598407,0.0003813548752509971,0.0003811257190814407,0.9987999403766663,-2.246308579151133e-09,-7.422704099336013e-05,-0.0006268858784114339,-0.0006268858784114339,0.1906747793456381,1.000601261363596,-2.2436128749237455e-09]"
/multi_agv/m2b_algorithm_state,1789558484.4874592,1789558484.4874592,m2b_algorithm_state_v1:header6+3x20,"[1.0,-0.15,0.52,0.5951857248191387,0.10181545638466434,1789558484.4874296,0.5935285584367302,0.10144810880096926,0.0036904376666666654,0.0013880170175415737,0.0011297540606129749,0.0004103647752935447,0.0009860853749999966,0.5943037050862837,0.10016972342032757,0.0007751466495534709,-0.0012783853806416917,-0.0012810054403221173,1.0041188064005335,4.886895500648106e-08,-0.0003120721283802787,0.0030636850435013987,0.0030636850435013987,0.14274036596298886,0.9979546849701382,4.907023677114914e-08,0.5950187810749145,0.10220796366323144,0.006394789958333334,0.0007099451000747731,0.002483587882913585,0.001172348270257459,0.005408704583333337,0.5953942873561762,0.10191934127340595,0.00037550628126170604,-0.0002886223898254936,-0.000288753583636856,1.0009101014004547,1.2688222034560241e-09,0.00018062926794027654,0.0001991205608958211,0.0001991205608958211,0.12229903306712049,0.9995456547769555,1.2699769603203175e-09,0.5940254158301851,0.10179547025523616,0.0036904376666666654,-0.0007175204608153361,0.0016884286745948388,0.0010324514213217524,-0.0003055678083333374,0.5935586219602047,0.10252641477680602,-0.0004667938699803864,0.000730944521569854,0.0007301048718238322,0.9977089440029504,-8.234222879501898e-09,0.00014661253434834916,-0.001568997446769054,-0.001568997446769054,0.19046804387892297,1.0011500399167648,-8.215357813792773e-09]"
/multi_agv/m2b_algorithm_state,1789558484.4972873,1789558484.4972873,m2b_algorithm_state_v1:header6+3x20,"[1.0,-0.15,0.52,0.5961926613197918,0.10181365366473517,1789558484.4971673,0.594523405987606,0.1014466996824453,0.0036904376666666654,0.0013892658987602405,0.0011297194279553877,0.0004098414250987552,0.0009860853749999966,0.5949592276796366,0.10064464518815443,0.0004358216920306024,-0.0008020544942908686,-0.000803082132427345,1.002570284184997,1.924729952806662e-08,-0.000258305017389092,0.0026636140738469432,0.0026636140738469432,0.1428334390048123,0.9987203822685353,1.9296770557647513e-08,0.5960135341916213,0.10220591054254938,0.006394789958333334,0.000712410778963766,0.002483428117447839,0.0011713624736550965,0.005408704583333337,0.5959709856130062,0.10164519771421714,-4.254857861507588e-05,-0.000560712828332241,-0.0005612090149279167,1.0017736142640943,4.806319758928892e-09,-0.0006143947381967615,0.0031410859564093697,0.0031410859564093697,0.12226162348470425,0.9991158613235401,4.814844316211127e-09,0.5950202342781887,0.10179375892899836,0.0036904376666666654,-0.000715094113252861,0.00168835277979636,0.0010314390875403702,-0.0003055678083333374,0.5943717754711834,0.10338727887478012,-0.0006484588070053698,0.00159351994578176,0.0015895552958308978,0.9950542195178665,-3.8979027728657234e-08,0.0007789817870741855,-0.004216395657261875,-0.004216395657261875,0.19030475479113435,1.0024941881300138,-3.87862460141043e-08]"
/multi_agv/m2b_algorithm_state,1789558484.5070632,1789558484.5070632,m2b_algorithm_state_v1:header6+3x20,"[1.0,-0.15,0.52,0.5971822175664551,0.10181201289164932,1789558484.5069425,0.5955303620821778,0.1014451009179243,0.0036904376666666654,0.0013917633790435876,0.001129552431172253,0.00040884570212567934,0.0009860853749999966,0.5960272030098239,0.10130608122898871,0.000496840927646125,-0.00013901968893559324,-0.00013905040856912462,1.0004421790611588,5.790268409776219e-10,0.00048200075098853157,-0.00025596722565924797,-0.00025596722565924797,0.14290056252504585,0.9997790755608162,5.792828745225512e-10,0.5970204443699916,0.10220374403518688,0.006394789958333334,0.0007150230219678672,0.0024833491505993344,0.0011702711113551062,0.005408704583333337,0.5971080031069662,0.1031263823136551,8.755873697463556e-05,0.0009226382784682241,0.0009213098588942198,0.9971305177960946,1.3047828459327568e-08,0.0010307582801125142,-0.003372286555199555,-0.003372286555199555,0.12220669907883244,1.0014418814269488,1.3010387947763917e-08,0.596027177507206,0.10179211604109435,0.0036904376666666654,-0.0007136004157501379,0.0016882220918609542,0.0010308595311548365,-0.0003055678083333374,0.5954692337372862,0.10369252745493683,-0.0005579437699197998,0.0019004114138424788,0.0018947856717088933,0.9941223060259731,-5.531065175739664e-08,0.0011973559593091436,-0.005852392491486776,-0.005852392491486776,0.19007314682919108,1.0029690651653027,-5.498555267286269e-08]"
/multi_agv/m2b_algorithm_state,1789558484.5170755,1789558484.5170755,m2b_algorithm_state_v1:header6+3x20,"[1.0,-0.15,0.52,0.5981849852358608,0.10181028541187158,1789558484.5169637,0.5965199747034097,0.10144381427451109,0.0036904376666666654,0.0013924612497997922,0.0011295574929144781,0.00040854054859517925,0.0009860853749999966,0.5970099158006914,0.10073591808902707,0.000489941097281732,-0.0007078961854840166,-0.0007086961658790722,1.0022662123927342,1.5027149976711025e-08,-9.626979427690722e-05,0.0020511775148553367,0.0020511775148553367,0.14300453390502854,0.9988711941258165,1.5061204690215723e-08,0.5980099282834945,0.10220179949843179,0.006394789958333334,0.0007173855136548123,0.0024831321511182836,0.0011693598203474098,0.005408704583333337,0.5981320616960233,0.1031263823136551,0.00012213341252875765,0.0009245828152233126,0.0009232487744864612,0.9971244574643345,1.3146275618837109e-08,0.0010759155401474083,-0.0035316520256329868,-0.0035316520256329868,0.12217722850423123,1.0014449417900322,1.3108472944109561e-08,0.5970167497124611,0.10179042490200509,0.0036904376666666654,-0.0007108166632345402,0.001688150394247463,0.0010296900918717955,-0.0003055678083333374,0.5963779254971717,0.10237359719509766,-0.0006388242152893797,0.0005831722930925709,0.0005826371860644884,0.9981689064179525,-5.193097497314268e-09,-0.00021589308304723628,-0.00020573509026294856,-0.00020573509026294856,0.18992500877237542,1.0009184223748178,-5.183588449815989e-09]"
/multi_agv/m2b_algorithm_state,1789558484.5270224,1789558484.5270224,m2b_algorithm_state_v1:header6+3x20,"[1.0,-0.15,0.52,0.5991831922898272,0.10180861564698773,1789558484.5268533,0.597522775281042,0.10144231693124689,0.0036904376666666654,0.0013945414717836482,0.001129420718023398,0.0004077099727498835,0.0009860853749999966,0.5981865702194735,0.10009798355138252,0.0006637949384314945,-0.0013443333798643653,-0.0013472324040326323,1.004334850740988,5.429888990045343e-08,-0.0005174887309932642,0.0038250950256012617,0.0038250950256012617,0.14309240307950433,0.9978481632719126,5.4534267483573233e-08,0.5990126535224626,0.10219972995623557,0.006394789958333334,0.0007199054018380306,0.002483004859805016,0.0011683336330919475,0.005408704583333337,0.5994236827847824,0.1027021361438027,0.0004110292623198397,0.0005024061875671393,0.000502011005663694,0.9984298534490048,3.896529695852315e-09,0.0010157975835634937,-0.003118929935502033,-0.003118929935502033,0.12213643552254914,1.000787197688869,3.890411573189522e-09,0.5980195269040781,0.1017888093481323,0.0036904376666666654,-0.0007090650149661243,0.0016880184026351885,0.0010289994016910412,-0.0003055678083333374,0.5976327765172095,0.10236686812417373,-0.0003867503868686395,0.0005780587760414319,0.0005775329799863207,0.9981848163655483,-5.089908069698918e-09,9.40949964005213e-05,-0.0013043727461639122,-0.0013043727461639122,0.1897301623887739,1.0009104173672014,-5.080668951869937e-09]"
/multi_agv/m2b_algorithm_state,1789558484.5372093,1789558484.5372093,m2b_algorithm_state_v1:header6+3x20,"[1.0,-0.15,0.52,0.600178223505028,0.10180699138642178,1789558484.5370724,0.5985210265964639,0.10144091565400214,0.0036904376666666654,0.0013961302388590079,0.0011293242897446806,0.00040707143878883096,0.0009860853749999966,0.5991497147059979,0.10007139676573953,0.0006286881095339814,-0.0013695188882626025,-0.0013725281831363644,1.0044174026674346,5.641800279720637e-08,-0.0005866680462188877,0.004082134448342364,0.004082134448342364,0.14318115588987132,0.997807480450503,5.6667223833254086e-08,0.6000108036938552,0.10219773681424166,0.006394789958333334,0.0007223480082483346,0.002482834212084173,0.0011673635017618172,0.005408704583333337,0.6004408609680881,0.1027021361438027,0.00043005727423295337,0.0005043993295610477,0.0005040010011039727,0.998423617306241,3.940863487629712e-09,0.0010415725938951645,-0.003209074310217456,-0.003209074310217456,0.12209690081143453,1.0007903326703766,3.934651178629346e-09,0.5990177465791623,0.10178719447271936,0.0036904376666666654,-0.0007069765397631207,0.0016878971528613458,0.0010281571207190641,-0.0003055678083333374,0.5987006585553367,0.10340730271349029,-0.00031708802382557355,0.001620108240770926,0.0016160106461422265,0.9949727764148655,-3.983367628182977e-08,0.0012196506163602596,-0.005793791920869377,-0.005793791920869377,0.18953352131874385,1.0025356235359473,-3.9633423484943145e-08]"
/multi_agv/m2b_algorithm_state,1789558484.5472808,1789558484.5472808,m2b_algorithm_state_v1:header6+3x20,"[1.0,-0.15,0.52,0.6011826747830488,0.10180531137923343,1789558484.5472174,0.5995161106371937,0.10143958224407199,0.0036904376666666654,0.001397403274745827,0.0011292541378935522,0.0004065560954500803,0.0009860853749999966,0.6001938890150159,0.10047847427519778,0.0006777783778222357,-0.0009611079688742058,-0.0009625855140172962,1.0030858380032475,2.7803802176936112e-08,-0.0001153625417395016,0.00223667946102685,0.00223667946102685,0.14222839829501563,0.9984650245390417,2.7889600206328476e-08,0.601005767603837,0.10219580327898391,0.006394789958333334,0.0007247305423179178,0.0024826322964269787,0.0011664356776863727,0.005408704583333337,0.6014363329013135,0.10260060888196348,0.00043056529747653727,0.00040480560297957713,0.0004045488436099846,0.9987333991208585,2.5468288896499274e-09,0.0009427554654556562,-0.0028091711469881322,-0.0028091711469881322,0.12080960278736366,1.000634680765124,2.543603073939274e-09,0.6000127922740532,0.10178558863620946,0.0036904376666666654,-0.0007046809575392749,0.001687779712778571,0.0010272230844716695,-0.0003055678083333374,0.5997499703502421,0.10311642879311969,-0.00026282192381110736,0.0013308401569102346,0.0013280690170511373,0.9958565887203166,-2.6797616912415456e-08,0.000999541612287253,-0.004870835667034104,-0.004870835667034104,0.1792880886102511,1.0020865932594758,-2.668658336423192e-08]"
/multi_agv/m2b_algorithm_state,1789558484.557089,1789558484.557089,m2b_algorithm_state_v1:header6+3x20,"[1.0,-0.15,0.52,0.6021774267585218,0.10180372959143476,1789558484.5570114,0.600520598429067,0.10143810559387585,0.0036904376666666654,0.0013996442459999169,0.0011290799542993824,0.0004056752998742139,0.0009860853749999966,0.6012369291484788,0.10072653000825307,0.0007163307194117952,-0.0007115755856227785,-0.0007123839885559676,1.0022782619360224,1.5262531020985197e-08,0.00018302941070877637,0.00107099845468683,0.00107099845468683,0.14195256898079348,0.9988652146227658,1.5297303064457667e-08,0.6020101719392773,0.10219378763959322,0.006394789958333334,0.0007272221784793437,0.0024824914686853994,0.0011654287810794056,0.005408704583333337,0.6024561558670395,0.10260060888196348,0.00044598392776218354,0.0004068212423702644,0.0004065619165185506,0.9987270865995942,2.581118140222156e-09,0.0009640418262212801,-0.0028832862379462366,-0.0028832862379462366,0.12046877237325936,1.000637850819709,2.577832600353437e-09,0.6010172539808022,0.10178404090423118,0.0036904376666666654,-0.0007031147061100384,0.001687618230374454,0.001026628100672492,-0.0003055678083333374,0.600768635282821,0.1030549040036386,-0.0002486186979812066,0.0012708630994074238,0.0012683348986331732,0.9960405199933124,-2.4383580340377053e-08,0.0009575615261566649,-0.004691641707904504,-0.004691641707904504,0.17670396847618378,1.00199332272334,-2.428703404152787e-08]"
/multi_agv/m2b_algorithm_state,1789558484.567363,1789558484.567363,m2b_algorithm_state_v1:header6+3x20,"[1.0,-0.15,0.52,0.6031815065445673,0.10180209288964481,1789558484.5672,0.6015154082013064,0.10143681110122905,0.0036904376666666654,0.0014008649912075357,0.0011289996545701393,0.0004051879017199973,0.0009860853749999966,0.6017782649071867,0.10107226724468184,0.00026285670588022114,-0.000364543856547217,-0.00036475547473165836,1.0011626037857533,4.0083088462543296e-09,-3.6184592381381935e-05,0.0016930045796339963,0.0016930045796339963,0.14195256021934882,0.9994198354812985,4.012968921293453e-09,0.603004850132558,0.10219190521630571,0.006394789958333334,0.0007295682451739912,0.002482270122108665,0.0011645268746128118,0.005408704583333337,0.6031671553005682,0.10275489425748897,0.00016230516801019057,0.000562989041183265,0.0005624929825555534,0.9982415472503926,4.958556096100042e-09,0.0007653744425682916,-0.0022466345389766124,-0.0022466345389766124,0.12046877749389458,1.0008818930068388,4.949836709498772e-09,0.6020120219417009,0.10178247245676955,0.0036904376666666654,-0.000700825249077787,0.0016874879085040546,0.0010257034217964452,-0.0003055678083333374,0.6012525518807574,0.10274659614381254,-0.0007594700609434568,0.0009641236870429892,0.0009626652018860592,0.9969855746249372,-1.3990976894156151e-08,1.3327625706738202e-05,-0.001183451023692648,-0.001183451023692648,0.17670398572979584,1.0015150492134468,-1.394880213838449e-08]"
/multi_agv/m2b_algorithm_state,1789558484.5776718,1789558484.5776718,m2b_algorithm_state_v1:header6+3x20,"[1.0,-0.15,0.52,0.6041827655950511,0.10180049923315625,1789558484.577379,0.6025195296347234,0.10143537478937885,0.0036904376666666654,0.001403045622898975,0.0011288164865754565,0.0004043379350853521,0.0009860853749999966,0.6027591219149274,0.1006810991584416,0.00023959228020398182,-0.0007542756309372456,-0.0007551842926032401,1.0024162326134103,1.7191625258653808e-08,-0.00045569394234826286,0.0033550108725856212,0.0033550108725856212,0.14195256815805463,0.9987967683188135,1.7233164224281297e-08,0.6040088763414917,0.10218994185765479,0.006394789958333334,0.0007320216549579171,0.0024821093907733127,0.0011635469040299357,0.005408704583333337,0.6042165712501815,0.10289746881190608,0.00020769490868977059,0.0007075269542512891,0.0007067443314766987,0.9977936870581274,7.857036457056621e-09,0.0009663629673389119,-0.003026109553683296,-0.003026109553683296,0.1204687728571834,1.0011073633557912,7.839701375836653e-09,0.6030161136574866,0.10178096202190079,0.0036904376666666654,-0.0006992597309323739,0.0016873139165118692,0.0010251152644990642,-0.0003055678083333374,0.6022905395549074,0.10325145389388589,-0.0007255741025792295,0.0014704918719850996,0.0014671120188422728,0.9954288222730926,-3.246240888068261e-08,0.0005601443906182359,-0.0033626686055554544,-0.0033626686055554544,0.1767039701035303,1.0023037457940627,-3.231401744024547e-08]"
/multi_agv/m2b_algorithm_state,1789558484.5870793,1789558484.5870793,m2b_algorithm_state_v1:header6+3x20,"[1.0,-0.15,0.52,0.6051794124769693,0.10179896200482341,1789558484.5869834,0.603520837999745,0.10143400664015287,0.0036904376666666654,0.0014048968322203227,0.0011286562138781643,0.0004036188523708873,0.0009860853749999966,0.6038063561261426,0.10103880241309851,0.0002855181263976547,-0.00039520422705435765,-0.00039545300610825256,1.0012608720487208,4.724629291694377e-09,-3.855534811118415e-05,0.0017191898022801016,0.0017191898022801016,0.14195257104733733,0.9993709010930447,4.7305864447088424e-09,0.6050100716695602,0.1021880344630222,0.006394789958333334,0.0007344221857373944,0.0024819182235273907,0.001162605689597862,0.005408704583333337,0.6054399763141716,0.10222902240016005,0.00042990464461134525,4.0987937137845765e-05,4.098529719577225e-05,0.9998712045289156,2.6467561840625488e-11,0.0005783661029599538,-0.001337518737495211,-0.001337518737495211,0.12046877116697309,1.0000644119295,2.646415293852977e-11,0.6040173871158481,0.10177945659629367,0.0036904376666666654,-0.0006974744631306983,0.0016871456294116358,0.0010244288857749963,-0.0003055678083333374,0.6033611841428737,0.10339461240064167,-0.0006562029729744179,0.001615155804347998,0.0016110826382196917,0.9949873272885886,-3.90599180503959e-08,0.0007908289220016694,-0.004251111111069311,-0.004251111111069311,0.17670396441531558,1.0025282167603813,-3.8864123465074715e-08]"
/multi_agv/m2b_algorithm_state,1789558484.5971286,1789558484.5971286,m2b_algorithm_state_v1:header6+3x20,"[1.0,-0.15,0.52,0.6061823353480141,0.10179739434237024,1789558484.5969021,0.6045175453521613,0.10143273250874651,0.0036904376666666654,0.0014062640873334026,0.0011285377303417153,0.0004030878098027098,0.0009860853749999966,0.6049343538424193,0.10102087866876094,0.0004168084902580471,-0.0004118538399855709,-0.00041212406097747626,1.0013142622569207,5.136186853355597e-09,0.00010888655184508264,0.0012053670603988913,0.0012053670603988913,0.14195256567570924,0.9993443212433062,5.142937149881454e-09,0.6060066408477177,0.1021862020505428,0.006394789958333334,0.000736744648379261,0.0024816851122453354,0.0011617201371581648,0.005408704583333337,0.6064558828468694,0.10222902240016005,0.0004492419991516394,4.2820349617250786e-05,4.281746832375793e-05,0.9998654460296019,2.8978539117285797e-11,0.0006043699672633072,-0.0014283617810158817,-0.0014283617810158817,0.12046877430565288,1.000067292476778,2.897463993979123e-11,0.6050140512310288,0.10177795145518091,0.0036904376666666654,-0.0006953577659602147,0.0016869885615138861,0.0010235930076532237,-0.0003055678083333374,0.6044836176342488,0.10294124007364151,-0.0005304335967799556,0.0011632886184606006,0.0011611684005663084,0.9963709126352198,-2.0207044127673026e-08,0.0004981264045913639,-0.0029962440011245747,-0.0029962440011245747,0.1767039749871723,1.0018259348887364,-2.0133710999149732e-08]"
/multi_agv/m2b_algorithm_state,1789558484.6070158,1789558484.6070158,m2b_algorithm_state_v1:header6+3x20,"[1.0,-0.15,0.52,0.607176154866912,0.10179591817817579,1789558484.6068797,0.6055205184686223,0.10143136857800458,0.0036904376666666654,0.0014082723815333873,0.0011283481764881014,0.00040231586779641837,0.0009860853749999966,0.6059844447693921,0.10163304443350997,0.00046392630076974584,0.00020167585550538714,0.0002016113596662598,0.9993608894861854,1.2328170628825991e-09,0.0007815192356284422,-0.0014589087250796184,-0.0014589087250796184,0.14195257155376786,1.0003199018112576,1.2320291565361009e-09,0.6070094987607463,0.1021843229566574,0.006394789958333334,0.0007391336665132486,0.0024814902381965487,0.0011607858428614587,0.005408704583333337,0.6074533890615301,0.10226484230624835,0.0004438903007838446,8.051934959095453e-05,8.05091642836897e-05,0.9997470872154847,1.0279568274584808e-10,0.0006353720402634955,-0.0015533149813986,-0.0015533149813986,0.12046877087849857,1.0001265111537978,1.0276968440348867e-10,0.6060169888146737,0.10177649149244876,0.0036904376666666654,-0.0006937322185740021,0.0016868001402464815,0.0010229863374383898,-0.0003055678083333374,0.6054322902236104,0.10258967010065925,-0.0005846985910632485,0.0008131786082104936,0.0008121397837219464,0.9974529232776226,-9.853608271296658e-09,8.126654489288578e-05,-0.0013499034764150406,-0.0013499034764150406,0.17670396343548606,1.0012791203058498,-9.828510375037412e-09]"
/multi_agv/m2b_algorithm_state,1789558484.6170661,1789558484.6170661,m2b_algorithm_state_v1:header6+3x20,"[1.0,-0.15,0.52,0.6081801948399849,0.10179438023632263,1789558484.616842,0.6065144080476976,0.10143017360113207,0.0036904376666666654,0.0014093351646157705,0.0011282471612245044,0.00040190771720436964,0.0009860853749999966,0.6070408519386139,0.10196019180535419,0.0005264438909162727,0.0005300182042221185,0.0005295738471316812,0.9983266060850817,8.519250959303964e-09,0.0011876287107770221,-0.0030535288014070868,-0.0030535288014070868,0.14195256110638646,1.0008390842803965,8.504994896589002e-09,0.6080032285336461,0.10218256809624582,0.006394789958333334,0.0007413853796433452,0.002481221000202427,0.001159949754210049,0.005408704583333337,0.6084681994980189,0.10226484230624835,0.0004649709643728128,8.227421000253643e-05,8.226357578196306e-05,0.9997415741523247,1.0765290616724355e-10,0.0006634772812479791,-0.0016516695123711977,-0.0016516695123711977,0.12046877697233119,1.0001292700988533,1.0762508587371257e-10,0.6070108280193921,0.10177501283714951,0.0036904376666666654,-0.0006914374955304847,0.0016866408006465557,0.0010220744738648297,-0.0003055678083333374,0.6064643926361455,0.10310134789382894,-0.0005464353832466129,0.001326335056679423,0.001323582154369519,0.9958698035616657,-2.611761866292938e-08,0.0006405379253112528,-0.0035751479845219903,-0.0035751479845219903,0.17670398397550105,1.0020798877506893,-2.6009747767349975e-08]"
/multi_agv/m2b_algorithm_state,1789558484.6270175,1789558484.6270175,m2b_algorithm_state_v1:header6+3x20,"[1.0,-0.15,0.52,0.6091794737133432,0.10179289959106513,1789558484.626862,0.6075185001267038,0.10142882153682381,0.0036904376666666654,0.0014114527831371225,0.0011280344553640906,0.0004011004302771205,0.0009860853749999966,0.6077512092054809,0.10214310345293416,0.00023270907877703806,0.0007142819161103514,0.0007134759974130033,0.997749525672088,1.5493760191073122e-08,0.0010043623458843008,-0.002485152671810125,-0.002485152671810125,0.14195256897989467,1.001129566657141,1.5458891881520285e-08,0.6090072013081836,0.10218072267557142,0.006394789958333334,0.000743755112369673,0.0024810194045961076,0.0011590273177463778,0.005408704583333337,0.6093974539583294,0.10199476239787282,0.0003902526501458059,-0.00018596027769859913,-0.0001860147174169789,1.000585912450742,5.51834907187075e-10,0.0003018010952652785,-0.00024330820939399544,-0.00024330820939399544,0.12046877237625714,0.9997073364993063,5.521582341299499e-10,0.6080148830850673,0.10177359649657265,0.0036904376666666654,-0.0006899373040545865,0.0016864343688083715,0.001021531511572526,-0.0003055678083333374,0.6073783422851368,0.10332705646368498,-0.000636540799930585,0.0015534599671123278,0.0015496899598202653,0.9951750056204647,-3.57449787885077e-08,0.0007540139599070341,-0.004083549897702302,-0.004083549897702302,0.17670396848862244,1.0024327493820118,-3.557250946675654e-08]"
/multi_agv/m2b_algorithm_state,1789558484.6370459,1789558484.6370459,m2b_algorithm_state_v1:header6+3x20,"[1.0,-0.15,0.52,0.6101807242283591,0.10179142249650208,1789558484.6369328,0.6085178423643728,0.10142756865172593,0.0036904376666666654,0.0014130465066265392,0.0011278655816124848,0.00040049743368462086,0.0009860853749999966,0.6087466602199948,0.10154795101569475,0.00022881785562200996,0.00012038236396881563,0.00012035936865286395,0.9996181361853097,4.4077683719790224e-10,0.0004063816881803764,-8.441493030104225e-05,-8.441493030104225e-05,0.1419525683227158,1.0001910554717015,4.406085204734227e-10,0.6100063984746839,0.10217895346986194,0.006394789958333334,0.0007460461523724655,0.002480774284021936,0.0011581616363904035,0.005408704583333337,0.6104099586165169,0.10199476239787282,0.0004035601418330703,-0.0001841910719891232,-0.00018424448133785845,1.000580340429931,5.430560204715016e-10,0.00032020569595347947,-0.00030711318054020597,-0.00030711318054020597,0.12046877275998397,0.999710116968783,5.433711778358986e-10,0.609014180300973,0.10177217665160755,0.0036904376666666654,-0.0006880749044758491,0.0016862416611418355,0.0010208244051958084,-0.0003055678083333374,0.6083606155455076,0.10285804895987763,-0.0006535647554654078,0.0010858723082700777,0.0010840236654893155,0.9966091591231466,-1.7424021124511773e-08,0.0002670677211575557,-0.002130044332995462,-0.002130044332995462,0.17670396978333025,1.0017053527885185,-1.7364939041443622e-08]"
/multi_agv/m2b_algorithm_state,1789558484.647197,1789558484.647197,m2b_algorithm_state_v1:header6+3x20,"[1.0,-0.15,0.52,0.6111835210042554,0.10178995243977251,1789558484.6470838,0.6095191543125439,0.10142629910207251,0.0036904376666666654,0.0014148300206788542,0.0011276706427168822,0.00039982572794083297,0.0009860853749999966,0.6097400633794189,0.10140345133179947,0.0002209090668749969,-2.2847770273046186e-05,-2.2848599512121945e-05,1.0000725944618414,1.589917828069096e-11,0.0002532877340816242,0.0005260119226948713,0.0005260119226948713,0.14195257119988205,0.9999637072252364,1.5900332472981967e-11,0.6110075695560517,0.10217718523957608,0.006394789958333334,0.0007483468322112396,0.0024805359830780693,0.0011572882292220088,0.005408704583333337,0.6117981790759208,0.10128928636194692,0.0007906095198690899,-0.0008878988776291619,-0.0008891466651884361,1.002820130590287,1.2664398722356447e-08,9.91152346479263e-05,0.0007960064128005904,0.0007960064128005904,0.12046877108172806,0.9985966459661525,1.2700113980600956e-08,0.6100154488164815,0.10177078314785765,0.0036904376666666654,-0.0006863734580626695,0.0016860352592329656,0.001020194191017133,-0.0003055678083333374,0.6093283124075234,0.1027173921632593,-0.0006871364089581222,0.0009466090154016532,0.0009452026282699143,0.9970392705357785,-1.3210008788138736e-08,8.628211707226152e-05,-0.0014209133383691333,-0.0014209133383691333,0.1767039641211133,1.0014879213088024,-1.3170897525897068e-08]"
/multi_agv/m2b_algorithm_state,1789558484.6571662,1789558484.6571662,m2b_algorithm_state_v1:header6+3x20,"[1.0,-0.15,0.52,0.6121823745695684,0.10178853235868042,1789558484.6570578,0.6105220113623188,0.10142502167105205,0.0036904376666666654,0.0014167467029424863,0.0011274539760400592,0.00039910760068489993,0.0009860853749999966,0.6110087555193301,0.10151446745424172,0.0004867441570113318,8.944578318967333e-05,8.943308475680231e-05,0.9997161602909586,2.4398494943478417e-10,0.0006978632810209671,-0.0011017129004934488,-0.0011017129004934488,0.14194785551934333,1.0001419880898166,2.439156968177261e-10,0.6120102879746276,0.10217542279824213,0.006394789958333334,0.000750652281444714,0.0024803009111168395,0.0011564110754088142,0.005408704583333337,0.6128746150649946,0.1021663957721536,0.0008643270903669897,-9.0270260885289e-06,-9.027154206988497e-06,1.0000283865047639,1.3122729625324074e-12,0.0010713817087517486,-0.0030485706130152983,-0.0030485706130152983,0.12046580617762088,0.9999858074364678,1.3123102133751098e-12,0.6110182636758197,0.10176941285002339,0.0036904376666666654,-0.0006847909030159205,0.00168581764121567,0.0010196213474735305,-0.0003055678083333374,0.6106787212488897,0.1030809851525244,-0.00033954242693001735,0.0013115723025010073,0.0013088798330423562,0.995914771374055,-2.5294861981351433e-08,0.0008844517993798345,-0.004431538967769901,-0.004431538967769901,0.1766947401219557,1.002057079183803,-2.5191526687095888e-08]"
/multi_agv/m2b_algorithm_state,1789558484.6669934,1789558484.6669934,m2b_algorithm_state_v1:header6+3x20,"[1.0,-0.15,0.52,0.6131733038481872,0.10178719180104108,1789558484.6668956,0.6115209347654245,0.10142382769360206,0.0036904376666666654,0.001418234498080693,0.001127273167168985,0.00039855672910242015,0.0009860853749999966,0.6120738594074634,0.10205253379265405,0.0005529246420389322,0.0006287060990519955,0.0006280812739421846,0.9980170820908236,1.2062324801415328e-08,0.00131923707649085,-0.0035589060858423416,-0.0035589060858423416,0.14195066544294446,1.000994815696206,1.2038406201540298e-08,0.6130090509911295,0.10217372653515984,0.006394789958333334,0.0007528894915432485,0.00248002926468327,0.0011555825294382455,0.005408704583333337,0.6139029885162426,0.10185244856278375,0.000893937525113131,-0.0003212779723760911,-0.0003214406492310195,1.0010139230310753,1.6675786910305513e-09,0.0007959812571603942,-0.0019252328746724007,-0.0019252328746724007,0.12046757052683188,0.9994939132455166,1.6692694874715175e-09,0.6120171379521512,0.10176804284727937,0.0036904376666666654,-0.0006829157082667817,0.001685610344241445,0.0010189162857929777,-0.0003055678083333374,0.6117195589559953,0.10300052318362835,-0.00029757899615590055,0.0012324803363489706,0.0012301013292353733,0.9961575767577228,-2.2276374502603497e-08,0.0008581275840404976,-0.004299085135699302,-0.004299085135699302,0.17670022876704455,1.001933992799663,-2.219077924346102e-08]"
/multi_agv/m2b_algorithm_state,1789558484.6771398,1789558484.6771398,m2b_algorithm_state_v1:header6+3x20,"[1.0,-0.15,0.52,0.6141751825406914,0.10178578408058166,1789558484.6769764,0.6125119510497198,0.1014227766761055,0.0036904376666666654,0.0014189326116947443,0.0011271694633087515,0.00039830804952977134,0.0009860853749999966,0.6130758374847683,0.10152074669066588,0.0005638864350485662,9.797001456038346e-05,9.795478098251231e-05,0.9996891308544108,2.931575348780416e-10,0.00080281282479322,-0.0014761395850277563,-0.0014761395850277563,0.1419525598059903,1.0001555164303197,2.93066401245651e-10,0.6139998687843197,0.10217213830975694,0.006394789958333334,0.0007550047426107785,0.0024796948083972703,0.001154839526147533,0.005408704583333337,0.6148158967148223,0.1006347083812007,0.0008160279305026163,-0.0015374299285562387,-0.0015411898212847764,1.0049196644114518,3.832608659929429e-08,-0.000521154908156506,0.003283453371796171,0.003283453371796171,0.12046877773094758,0.9975603960806051,3.8514638083567054e-08,0.6130080917105223,0.10176666041726085,0.0036904376666666654,-0.0006804855797394502,0.0016854267066241614,0.0010179583716477328,-0.0003055678083333374,0.612634601569887,0.10174699766132864,-0.00037349014063525754,-1.966275593220934e-05,-1.966336724575761e-05,1.0000621844825548,-5.654759466664865e-12,-0.00048652604303982955,0.0010554100726344567,0.0010554100726344567,0.17670398653172492,0.9999689110445517,-5.6551111049562715e-12]"
/multi_agv/m2b_algorithm_state,1789558484.6871955,1789558484.6871955,m2b_algorithm_state_v1:header6+3x20,"[1.0,-0.15,0.52,0.6151756594512143,0.10178440592984239,1789558484.6870415,0.6135138974165909,0.10142155494074878,0.0036904376666666654,0.001420773316097996,0.0011269475580285558,0.00039762558163131687,0.0009860853749999966,0.6140161741297068,0.10034632298975578,0.0005022767131158679,-0.0010752319509930025,-0.001077083268873482,1.0034575573568676,3.5386438641175404e-08,-0.0004492373774786472,0.0034916071202251465,0.0034916071202251465,0.14195256381013469,0.9982811747856637,3.550878928243254e-08,0.6150016606043514,0.10217045205834141,0.006394789958333334,0.0007572449762054106,0.0024794341909799567,0.0011540039332792185,0.005408704583333337,0.6155454274346598,0.10129777269636292,0.0005437668303084342,-0.00087267936197849,-0.0008738847104238494,1.0027715641748793,1.2379675066730878e-08,-0.00019417617253830667,0.0018360594225247848,0.0018360594225247848,0.12046877539891246,0.9986207008419054,1.2413986130642476e-08,0.6140099896011318,0.10176534524265482,0.0036904376666666654,-0.0006789162173718899,0.0016851925850890018,0.0010173998335638703,-0.0003055678083333374,0.613710708417552,0.10299085549253612,-0.0002992811835798026,0.0012255102498812953,0.001223157863452223,0.996178861237663,-2.189651535794945e-08,0.0008490563839774698,-0.004259512464518575,-0.004259512464518575,0.17670397866706025,1.0019232075428375,-2.1812845734355084e-08]"
/multi_agv/m2b_algorithm_state,1789558484.6971104,1789558484.6971104,m2b_algorithm_state_v1:header6+3x20,"[1.0,-0.15,0.52,0.6161736086808451,0.10178306560374757,1789558484.6969013,0.6145144464232825,0.10142037423088021,0.0036904376666666654,0.0014224430462352138,0.0011267350663728627,0.00039701232858012077,0.0009860853749999966,0.6145404533010385,0.09963590543410328,2.6006877756001856e-05,-0.0017844687967769335,-0.0017895953716660573,1.0057844569184222,9.762707229540941e-08,-0.001757086774471055,0.00841851860553814,0.00841851860553814,0.14195256529289732,0.99713534412846,9.81917918891739e-08,0.6160020447568031,0.10216880335483458,0.006394789958333334,0.000759451186342585,0.0024791559167665067,0.0011531922749765944,0.005408704583333337,0.6165533558728455,0.10129777269636292,0.0005513111160424522,-0.0008710306584716609,-0.0008722314687147945,1.0027663380673733,1.2368953260336277e-08,-0.00018309257366172927,0.0017983057407052535,0.0017983057407052535,0.1204687745282422,0.9986232894750943,1.2403169966593906e-08,0.6150104871735572,0.10176404020381236,0.0036904376666666654,-0.0006772429333710959,0.0016849594047261838,0.0010167957598015186,-0.0003055678083333374,0.6143604325444864,0.1032105466145633,-0.000650054629070862,0.0014465064107509473,0.0014432345633299632,0.9955011051612569,-3.042588149390239e-08,0.0006306662769913858,-0.0035812142626334975,-0.0035812142626334975,0.17670397573623067,1.0022670240195988,-3.028899865268527e-08]"
/multi_agv/m2b_algorithm_state,1789558484.7070107,1789558484.7070107,m2b_algorithm_state_v1:header6+3x20,"[1.0,-0.15,0.52,0.617171222877016,0.10178174568372232,1789558484.7068827,0.61551247434531,0.1014192510993204,0.0036904376666666654,0.001423841044173786,0.0011265440052106155,0.00039650571463747345,0.0009860853749999966,0.6156139280488663,0.10043200529034463,0.0001014537035562979,-0.000987245808975773,-0.000988805548369095,1.0031715658708138,2.9894990132842785e-08,-0.0008619884189237227,0.004915967288478042,0.004915967288478042,0.14195256225158534,0.9984226025067369,2.9989804063256423e-08,0.616999892903539,0.1021672039696089,0.006394789958333334,0.0007616078255863051,0.002478852668081455,0.0011524150975839864,0.005408704583333337,0.6176800870292202,0.10220522110442462,0.0006801941256812105,3.801713481571545e-05,3.801486299357624e-05,0.9998805015919182,2.3615008860808482e-11,0.0008882575200950893,-0.0024092354825816886,-0.0024092354825816886,0.12046877630363531,1.0000597614185693,2.361218690484278e-11,0.6160084587936865,0.10176274174231342,0.0036904376666666654,-0.0006753924167786098,0.001684730919684985,0.001016112419602656,-0.0003055678083333374,0.6152612848792094,0.10159061736450002,-0.000747173914477095,-0.00017212437781340129,-0.00017217127917761358,1.0005453263842061,-4.3013152114745584e-10,-0.0011061386722739824,0.0033264329096958077,0.0033264329096958077,0.17670398171554913,0.9997275889193813,-4.303660832146163e-10]"
/multi_agv/m2b_algorithm_state,1789558484.7170544,1789558484.7170544,m2b_algorithm_state_v1:header6+3x20,"[1.0,-0.15,0.52,0.618170688715482,0.10178042924007215,1789558484.716833,0.6165101695577646,0.10141814717595811,0.0036904376666666654,0.001425205465706408,0.0011263517311177695,0.00039601428600726483,0.0009860853749999966,0.616700112487859,0.10071505538125,0.0001899429300944444,-0.0007030917947081078,-0.0007038811984522316,1.0022514895713022,1.5174191343441177e-08,-0.0004664525358341761,0.0033926399073182668,0.0033926399073182668,0.1419525586169624,0.9988784986076349,1.5208355877003878e-08,0.6179974032441364,0.10216562953254187,0.006394789958333334,0.0007637430142040293,0.0024785411013613645,0.0011516515464586596,0.005408704583333337,0.6186972996186347,0.10220522110442462,0.0006998963744982989,3.959157188275497e-05,3.958910797083079e-05,0.9998755522615995,2.568344724733793e-11,0.0009144595760937044,-0.0025008565166462337,-0.0025008565166462337,0.12046877842875972,1.0000622371164816,2.568025100041367e-11,0.6170060958291469,0.10176146034266696,0.0036904376666666654,-0.0006735398401688142,0.0016844978610017994,0.0010154305662257008,-0.0003055678083333374,0.6161005382646876,0.0997227458711398,-0.0009055575644593139,-0.0020387144715271616,-0.0020453880601800567,1.0065973066818557,-6.025426727700838e-08,-0.003177335015754199,0.011435302405555155,0.011435302405555155,0.1767039888773524,0.9967372506064656,-6.06517831571253e-08]"
/multi_agv/m2b_algorithm_state,1789558484.727197,1789558484.727197,m2b_algorithm_state_v1:header6+3x20,"[1.0,-0.15,0.52,0.6191715339938865,0.10177912003148364,1789558484.7271047,0.6175097144545793,0.1014170266382663,0.0036904376666666654,0.001426756435029462,0.0011261354547399613,0.0003954544808503456,0.0009860853749999966,0.6175266171417045,0.10045759904610091,1.690268712528642e-05,-0.000959427592165385,-0.0009609004051365272,1.0030813211552438,2.8291550331436612e-08,-0.0009397720462299192,0.005181937973669072,0.005181937973669072,0.14195255829153353,0.9984672574147444,2.8378725683987513e-08,0.6189967677070973,0.10216405620367565,0.006394789958333334,0.0007658856646511761,0.0024782369748461708,0.001150880890810474,0.005408704583333337,0.6195485202523051,0.10148492034104238,0.0005517525452077843,-0.0006791358626332678,-0.0006798648428569709,1.0021523266568473,7.582215477778587e-09,9.825838652759416e-06,0.0010360344571847565,0.0010360344571847565,0.12046877861529486,0.9989277571397281,7.59853488226937e-09,0.6180055839847692,0.10176020487827453,0.0036904376666666654,-0.0006718464878686524,0.001684251911863905,0.0010148244374839095,-0.0003055678083333374,0.6172446747312164,0.10149629286063741,-0.0007609092535528772,-0.000263912017637119,-0.0002640223584949086,1.0008370310868322,-1.0059616188873954e-09,-0.0012151589254360052,0.0037566160776274457,0.0037566160776274457,0.17670398950572602,0.9995820775997207,-1.0068036400345643e-09]"
/multi_agv/m2b_algorithm_state,1789558484.7373655,1789558484.7373655,m2b_algorithm_state_v1:header6+3x20,"[1.0,-0.15,0.52,0.6201698459113114,0.10177784804303198,1789558484.737258,0.6185106376809761,0.10141589892639749,0.0036904376666666654,0.0014284329954930585,0.0011258999829469422,0.00039485022133842434,0.0009860853749999966,0.6184250963486224,0.09938403757894593,-8.554133235372241e-05,-0.0020318613474515634,-0.0020385207344973443,1.0066051910255303,1.2712932285294498e-07,-0.0021454473999394973,0.009897434575505102,0.009897434575505102,0.14195256044247323,0.9967332257489042,1.2796903631533498e-07,0.6199975128003528,0.102162489190659,0.006394789958333334,0.0007680303923982973,0.002477936419398974,0.0011501074775260717,0.005408704583333337,0.6205618213032557,0.10148492034104238,0.0005643085029028994,-0.0006775688496166166,-0.0006782944765125265,1.0021473678934005,7.568446547140858e-09,2.7091152116097742e-05,0.0009763310870820104,0.0009763310870820104,0.12046877736149728,0.9989302184802672,7.584698786259107e-09,0.6190064515003304,0.10175897197739443,0.0036904376666666654,-0.0006702670682214727,0.0016839957406158566,0.0010142730128393667,-0.0003055678083333374,0.6183410686925147,0.10182349044106356,-0.0006653828078156954,6.451846366913039e-05,6.451188540581216e-05,0.9997961311366713,-5.99669577663607e-11,-0.000767216624363807,0.002024930752823498,0.002024930752823498,0.17670398528473757,1.0001019697886189,-5.99547323708436e-11]"
/multi_agv/m2b_algorithm_state,1789558484.7473795,1789558484.7473795,m2b_algorithm_state_v1:header6+3x20,"[1.0,-0.15,0.52,0.621170786064403,0.10177657338313291,1789558484.7472794,0.6195090339900283,0.10141482883767876,0.0036904376666666654,0.0014298332326986444,0.0011256863878190688,0.0003943543588761115,0.0009860853749999966,0.6194399701840416,0.09952219996700644,-6.906380598670214e-05,-0.0018926288706723193,-0.0018984008817563571,1.0061430104453213,1.1040178167525624e-07,-0.0019847306392397346,0.009274183394266541,0.009274183394266541,0.141952558048836,0.9969595404534907,1.1107998097326942e-07,0.6209957163298314,0.1021609707674533,0.006394789958333334,0.0007701259677519133,0.0024776112555598973,0.0011493681732639566,0.005408704583333337,0.6217820447329706,0.10350951417260068,0.0007863284031391915,0.0013485434051473816,0.001345713016427722,0.9958238952591826,3.0019140971372226e-08,0.0023286235203517115,-0.00814450856974656,-0.00814450856974656,0.12046877875478858,1.002103263240459,2.989377789444641e-08,0.6200047874140746,0.10175774452396388,0.0036904376666666654,-0.0006685065130539775,0.0016837450025687824,0.0010136402461152052,-0.0003055678083333374,0.6191631987370533,0.09942681938159789,-0.0008415886770213321,-0.0023309251423659916,-0.0023396686175981107,1.0075682081217028,-7.819241779289541e-08,-0.003391654463874776,0.012312479284687145,0.012312479284687145,0.17670398998930592,0.996262942894411,-7.878419428429118e-08]"
/multi_agv/m2b_algorithm_state,1789558484.7572262,1789558484.7572262,m2b_algorithm_state_v1:header6+3x20,"[1.0,-0.15,0.52,0.6221719681656198,0.10177531449387757,1789558484.7571676,0.6205100549710242,0.10141372991197414,0.0036904376666666654,0.001431493055822534,0.0011254408270105366,0.0003937626027226827,0.0009860853749999966,0.6206043140979881,0.10024696080285604,9.42591269639248e-05,-0.0011667691091181015,-0.0011689507975287687,1.00375618955398,4.198647613067975e-08,-0.0010511268888238627,0.005670505502963073,0.005670505502963073,0.14195256037104545,0.9981336353803091,4.2144185293730234e-08,0.6219965524547003,0.10215944480432633,0.006394789958333334,0.0007722395414453062,0.002477299170891789,0.0011486142635802887,0.005408704583333337,0.6228095152603732,0.10350951417260068,0.0008129628056728899,0.0013500693682743509,0.0013472325440562817,0.9958191552076533,3.016986434980919e-08,0.002363436051147394,-0.008267293874784346,-0.008267293874784346,0.1204687774035315,1.002105667822964,3.004372882955648e-08,0.6210057507674847,0.10175654543309823,0.0036904376666666654,-0.0006669584821000084,0.001683478933757805,0.0010131075771850104,-0.0003055678083333374,0.6201695294907679,0.09832668887646369,-0.0008362212767167865,-0.003429856556634539,-0.003448945796521068,1.0112751635501585,-1.6902933718077354e-07,-0.004494222392417051,0.016616365380402835,0.016616365380402835,0.176703985424046,0.9944651957401638,-1.7093517060226162e-07]"
/multi_agv/m2b_algorithm_state,1789558484.7672691,1789558484.7672691,m2b_algorithm_state_v1:header6+3x20,"[1.0,-0.15,0.52,0.6231705141449685,0.10177409311784809,1789558484.7672162,0.6215113189004097,0.10141264339115011,0.0036904376666666654,0.0014331540987641894,0.0011251882266615659,0.00039317397970631014,0.0009860853749999966,0.6216690316255779,0.10094732802396598,0.0001577127251681798,-0.00046531536718412425,-0.00046566052787304574,1.0014861666433068,6.682383975219206e-09,-0.000268519621412821,0.002593899688879516,0.002593899688879516,0.1419525631225069,0.9992587718557592,6.692315111380944e-09,0.6229976289707844,0.1021579372156395,0.006394789958333334,0.0007743407016491816,0.002476982415493989,0.0011478681652857675,0.005408704583333337,0.6236466189677955,0.10198582640359521,0.000648989997011129,-0.00017211081204428214,-0.0001721574544553754,1.000542359168063,4.921845327111809e-10,0.0006390800418085359,-0.0014156178135775084,-0.0014156178135775084,0.12046877579518375,0.9997290712084422,4.924514735048755e-10,0.6220069566256651,0.10175536287484312,0.0036904376666666654,-0.0006654326119384601,0.0016832078667074271,0.001012587114806048,-0.0003055678083333374,0.6213908902000794,0.09988588350621112,-0.0006160664255856485,-0.0018694793686319933,-0.0018750842710749587,1.0060385973793375,-5.005191601023603e-08,-0.002645167303057019,0.00949852589571402,0.00949852589571402,0.17670398000960869,0.9970108530430197,-5.0354159379086264e-08]"
/multi_agv/m2b_algorithm_state,1789558484.777317,1789558484.777317,m2b_algorithm_state_v1:header6+3x20,"[1.0,-0.15,0.52,0.6241693654664028,0.10177288641276205,1789558484.7772279,0.622509953263526,0.10141161591910255,0.0036904376666666654,0.001434527084557258,0.0011249589734805936,0.0003926980750361571,0.0009860853749999966,0.6227565364931503,0.10155619230580872,0.000246583229624342,0.00014457638670616058,0.00014454321844111187,0.9995414173800439,6.45452641704904e-10,0.00045277225547153937,-0.00023872488376355957,-0.00023872488376355957,0.14195256114645222,1.0002294695344853,6.451566483414134e-10,0.6239960610205981,0.10215647875448805,0.006394789958333334,0.0007763915261720109,0.002476640626889126,0.001147156909919872,0.005408704583333337,0.6246664706027527,0.10198582640359521,0.0006704095821545852,-0.00017065235089283592,-0.00017069820656405972,1.000537764980763,4.851626279030928e-10,0.0006673137711291718,-0.0015144039676999723,-0.0015144039676999723,0.12046877694658455,0.9997313640714404,4.85423531374354e-10,0.6230055281507811,0.10175418467995367,0.0036904376666666654,-0.0006637165674378497,0.0016829430329349544,0.0010119809761164043,-0.0003055678083333374,0.6223734874812915,0.09847463490112598,-0.0006320406694896308,-0.0032795497788276895,-0.003296983361615914,1.0107631855464887,-1.5377503967635459e-07,-0.004087034198477953,0.015133886206510296,0.015133886206510296,0.1767039838864214,0.9947122624301993,-1.5543014896080984e-07]"
/multi_agv/m2b_algorithm_state,1789558484.787202,1789558484.787202,m2b_algorithm_state_v1:header6+3x20,"[1.0,-0.15,0.52,0.625166638415794,0.10177170848842826,1789558484.787106,0.6235088938337999,0.10141059705352186,0.0036904376666666654,0.0014359263688989358,0.001124722484470174,0.00039221453488498537,0.0009860853749999966,0.623801343358416,0.10183250149274115,0.00029244952461604523,0.00042190443921928666,0.00042162256850727497,0.9986659527991643,5.5009559473134555e-09,0.0007871844742773315,-0.0015528491839040168,-0.0015528491839040168,0.14195255972580206,1.0006685380078435,5.4936174124300215e-09,0.6249947973733676,0.10215503733582391,0.006394789958333334,0.0007784296804193569,0.0024762957208941394,0.0011464527691855964,0.005408704583333337,0.6257714790617432,0.10367997323864182,0.0007766816883756356,0.0015249359028179088,0.001521321219656252,0.995286817785995,3.8795864013750536e-08,0.0024921733301257964,-0.008804950783605336,-0.008804950783605336,0.1204687777778832,1.0023760157387889,3.861301203750397e-08,0.6240044051920411,0.10175302484894037,0.0036904376666666654,-0.0006620418080887252,0.001682672110033345,0.0010113959012625108,-0.0003055678083333374,0.6231947332889278,0.09719020220323209,-0.0008096719031133182,-0.0045628226457082866,-0.004596897276264804,1.015192225752735,-2.9715048056253335e-07,-0.005608987155156452,0.0209419601529527,0.0209419601529527,0.17670398668704548,0.9925874718296499,-3.016648577457731e-07]"
/multi_agv/m2b_algorithm_state,1789558484.797256,1789558484.797256,m2b_algorithm_state_v1:header6+3x20,"[1.0,-0.15,0.52,0.6261678556510373,0.10177051739152164,1789558484.797205,0.6245062604849065,0.10140961741960015,0.0036904376666666654,0.0014371611870744832,0.0011244985474222024,0.00039179575606758366,0.0009860853749999966,0.6244095538543226,0.10139603752364429,-9.670663058392037e-05,-1.357989595586473e-05,-1.3580188945803075e-05,1.0000431527603553,5.705733536700661e-12,-0.00013446347717570355,0.0019205942962305642,0.0019205942962305642,0.14195255547334676,0.9999784251942654,5.705979754852621e-12,0.6259919498858341,0.10215363291132577,0.006394789958333334,0.0007804306806497617,0.002475934410120395,0.001145773268692557,0.005408704583333337,0.6268053579219236,0.10367997323864182,0.0008134080360895357,0.0015263403273160503,0.0015227189520582137,0.9952824619551862,3.896747561531943e-08,0.0025394789971701333,-0.008972452860654699,-0.008972452860654699,0.12046878025837877,1.0023782295826433,3.878364506659381e-08,0.6250017048766412,0.10175187513435884,0.0036904376666666654,-0.0006602681827263261,0.001682402608951727,0.0010107672321732469,-0.0003055678083333374,0.623952427423496,0.09788581585377447,-0.0010492774531452032,-0.0038660592805843663,-0.003890394143997262,1.0127723373470603,-2.1266545653637874e-07,-0.005201990960428766,0.01926620293150176,0.01926620293150176,0.17670399504764808,0.9937448848337274,-2.1538169148932795e-07]"
/multi_agv/m2b_algorithm_state,1789558484.8073483,1789558484.8073483,m2b_algorithm_state_v1:header6+3x20,"[1.0,-0.15,0.52,0.6271672497897076,0.1017693569999072,1789558484.807282,0.625507565198939,0.10140858631777348,0.0036904376666666654,0.0014387945896527487,0.001124229342478732,0.0003912277520213142,0.0009860853749999966,0.6254442694695261,0.10204925181419708,-6.32957294128822e-05,0.0006406654964235953,0.000640016598553094,0.9979792187703383,1.2707954958791886e-08,0.0005608969367869913,-0.0008457732476458788,-0.0008457732476458788,0.14195255829028114,1.0010138766275254,1.2682274961943773e-08,0.6269930544402162,0.10215220626155642,0.006394789958333334,0.0007824664092247607,0.002475596367537025,0.001145066610104356,0.005408704583333337,0.6275714577194325,0.10158247356964212,0.0005784032792162108,-0.000569732691914307,-0.0005702453805647407,1.0018036476682595,5.451521523333904e-09,0.00015275871845552285,0.0004971716521636482,0.0004971716521636482,0.12046877861558133,0.9991009332685413,5.461354147417931e-09,0.6260029473139564,0.10175075959523501,0.0036904376666666654,-0.0006588095135778567,0.0016821127197659096,0.0010102856925505608,-0.0003055678083333374,0.625048167999634,0.09709008305192574,-0.0009547793143224181,-0.004660676543309275,-0.0046962556370748094,1.0155355152832999,-3.0854039115453234e-07,-0.005889729779977832,0.021960253449035398,0.021960253449035398,0.17670398951235905,0.9924239444112342,-3.133337251168289e-07]"
/multi_agv/m2b_algorithm_state,1789558484.8170803,1789558484.8170803,m2b_algorithm_state_v1:header6+3x20,"[1.0,-0.15,0.52,0.6281672460177051,0.10176820866438156,1789558484.8169508,0.6265070516500629,0.10140760075288685,0.0036904376666666654,0.001440219907988195,0.0011239752949792283,0.0003907420608812045,0.0009860853749999966,0.6268873642375404,0.10361573224199196,0.00038031258747750485,0.0022081314891051057,0.002200514174635519,0.9931585824798933,1.5093799851580724e-07,0.0026759049089824,-0.009132796357234787,-0.009132796357234787,0.14195255784152455,1.0034616066360256,1.4990536864831137e-07,0.6279923296338991,0.10215081924867081,0.006394789958333334,0.00078446287876813,0.002475239532574225,0.001144386746290818,0.005408704583333337,0.6285838251972233,0.10158247356964212,0.0005914955633242736,-0.0005683456790286923,-0.0005688558786952488,1.0017992622143386,5.438881451060734e-09,0.00017051357546009316,0.0004356397622144459,0.0004356397622144459,0.12046877887896887,0.9991031126060845,5.448667424943894e-09,0.627002368085161,0.10174965099816395,0.0036904376666666654,-0.000657218951822964,0.0016818264596350227,0.0010097450945213866,-0.0003055678083333374,0.6259561559782848,0.09649702192462008,-0.0010462121068761654,-0.005252629073543874,-0.005298022240120051,1.0176252402812023,-3.910882702833384e-07,-0.006605787373715258,0.024665804494640352,0.024665804494640352,0.17670399039776297,0.9914320543555988,-3.97981295018242e-07]"
/multi_agv/m2b_algorithm_state,1789558484.827294,1789558484.827294,m2b_algorithm_state_v1:header6+3x20,"[1.0,-0.15,0.52,0.6291678905509089,0.10176707199833944,1789558484.827146,0.6275071403402327,0.10140661953057467,0.0036904376666666654,0.0014416942308981893,0.001123711133339532,0.00039024038918561974,0.0009860853749999966,0.6280046768560754,0.10437348459728203,0.0004975365158427225,0.002966865066707361,0.0029531926188111715,0.9908873462372726,2.7261071928835094e-07,0.0035751132636145746,-0.01272767926808492,-0.01272767926808492,0.1419525584657085,1.0046297176178414,2.7012651219146814e-07,0.6289922066291845,0.10214944563183737,0.006394789958333334,0.0007864511119828454,0.002474881834438447,0.0011437109023674508,0.005408704583333337,0.6302476365059662,0.1031060358757858,0.0012554298767816219,0.0009565902439484381,0.0009551615646280303,0.9970238650650795,1.5430328036267613e-08,0.002524448910605058,-0.008636889395711915,-0.008636889395711915,0.12046877851193193,1.0014957462415943,1.5384405297941593e-08,0.6280023910836979,0.10174856083073261,0.0036904376666666654,-0.000655685888501146,0.0016815337436293046,0.0010092327789977878,-0.0003055678083333374,0.6272039167458832,0.09731997861441098,-0.0007984743378147696,-0.004428582216321628,-0.004460650853642238,1.0147239810037056,-2.7721861014853366e-07,-0.0054587437759107,0.02037494783805569,0.02037494783805569,0.17670398916115246,0.9928107717073564,-2.8130037169823433e-07]"
/multi_agv/m2b_algorithm_state,1789558484.837299,1789558484.837299,m2b_algorithm_state_v1:header6+3x20,"[1.0,-0.15,0.52,0.6301683229424885,0.10176595340689643,1789558484.8371367,0.6285078773609001,0.10140564238263042,0.0036904376666666654,0.0014432179274750916,0.00112343640992687,0.0003897228097824775,0.0009860853749999966,0.6288478529530336,0.102378838171536,0.00033997559213350126,0.0009731957889055759,0.0009717021810839273,0.9969418366973319,2.940687444265791e-08,0.001396671671250804,-0.003971209595250275,-0.003971209595250275,0.14195256025443279,1.0015371045272148,2.9316943418391205e-08,0.6299927317198137,0.10214808485836194,0.006394789958333334,0.0007884319779820851,0.002474523506714288,0.0011430385800675208,0.005408704583333337,0.6312668711179392,0.1031060358757858,0.0012741393981254845,0.0009579510174238665,0.0009565182587141506,0.9970196222625959,1.5513315494666436e-08,0.0025491925063710064,-0.008723699315964357,-0.008723699315964357,0.12046877746821127,1.0014978895558584,1.5467079954532808e-08,0.6290030625720131,0.10174748875402594,0.0036904376666666654,-0.0006542103534312861,0.0016812347178383705,0.001008748682897268,-0.0003055678083333374,0.6283788400890941,0.09961803770807487,-0.0006242224829190457,-0.002129451045951067,-0.0021367382619786753,1.0068992920938835,-6.385841478242953e-08,-0.0029170163656274824,0.010574089051230333,0.010574089051230333,0.17670398565044929,0.9965895607537536,-6.429899263866588e-08]"
/multi_agv/m2b_algorithm_state,1789558484.847279,1789558484.847279,m2b_algorithm_state_v1:header6+3x20,"[1.0,-0.15,0.52,0.631168550186657,0.1017648526652391,1789558484.847102,0.6295084038966638,0.10140468366937194,0.0036904376666666654,0.0014447004145205521,0.001123160263604882,0.00038922383354287314,0.0009860853749999966,0.6298722369748294,0.102378838171536,0.0003638330781655652,0.0009741545021640513,0.0009726579414993192,0.9969388175054698,2.949521699656882e-08,0.0014274492892062756,-0.004079812087034821,-0.004079812087034821,0.1419525616671712,1.001538629975534,2.940492675462655e-08,0.6309930423962185,0.10214674599822351,0.006394789958333334,0.0007903944604448609,0.0024741583611901374,0.0011423777739812818,0.005408704583333337,0.6323299266697201,0.10342213760724507,0.0013368842735016484,0.0012753916090215561,0.0012728580537735047,0.996046339515193,2.7560589962116914e-08,0.0029439633956505652,-0.010283097939309583,-0.010283097939309583,0.12046877664597004,1.0019904460207016,2.745162474664572e-08,0.6300035225345829,0.1017464305530938,0.0036904376666666654,-0.0006527254987731116,0.0016809330511186934,0.0010082619213587522,-0.0003055678083333374,0.6293756000439182,0.09961803770807487,-0.0006279224906646785,-0.0021283928450189366,-0.00213567286596849,1.0068958792348273,-6.365043260510738e-08,-0.002920575979299338,0.010587683135768114,0.010587683135768114,0.1767039828732927,0.996591228429429,-6.408935830159671e-08]"
/multi_agv/m2b_algorithm_state,1789558484.8570492,1789558484.8570492,m2b_algorithm_state_v1:header6+3x20,"[1.0,-0.15,0.52,0.6321675901843928,0.10176377690628646,1789558484.856948,0.6305087269103821,0.10140374287280805,0.0036904376666666654,0.0014461445494396144,0.0011228827590081584,0.00038874218826314365,0.0009860853749999966,0.6305282209052774,0.10213840665688956,1.9493994895314337e-05,0.0007346637840815046,0.0007338110569427282,0.9976850562158985,1.6795139594477726e-08,0.0007581785505618711,-0.0015837235732897768,-0.0015837235732897768,0.14195256270951823,1.0011620527255736,1.6756259790470374e-08,0.6319931457361067,0.10214542878636003,0.006394789958333334,0.0007923385373112988,0.0024737866483488524,0.0011417283633627928,0.005408704583333337,0.6331907899071868,0.10183254426516652,0.0011976441710801478,-0.0003128845211935044,-0.0003130388588087096,1.0009877202217277,1.6646594528219297e-09,0.0011840163550414751,-0.003265647994826755,-0.003265647994826755,0.1204687760372149,0.9995069697870974,1.666303670625772e-09,0.6310037779134824,0.10174538633654921,0.0036904376666666654,-0.0006512334340090637,0.0016806286835596542,0.0010077734399390947,-0.0003055678083333374,0.6302417641391345,0.09874505061399254,-0.0007620137743479249,-0.003000335722556674,-0.003014898172494006,1.0098170974292415,-1.2626742879277836e-07,-0.003967415390428912,0.014618138263759144,0.014618138263759144,0.17670398082317013,0.9951698368886253,-1.275070084433769e-07]"
/multi_agv/m2b_algorithm_state,1789558484.8669815,1789558484.8669815,m2b_algorithm_state_v1:header6+3x20,"[1.0,-0.15,0.52,0.6331641927313862,0.10176273502642878,1789558484.866851,0.6315078661717758,0.10140283538965408,0.0036904376666666654,0.0014474540689962431,0.0011226143725588263,0.00038831415116076734,0.0009860853749999966,0.6316820870958908,0.10352399248157926,0.00017422092411500945,0.0021211570919251743,0.002114122917864499,0.99342107499242,1.399935088460128e-07,0.002331899073008261,-0.007852840356027244,-0.007852840356027244,0.14195256162029188,1.0033272304089964,1.390725020497669e-07,0.6329920574006103,0.10214414338253197,0.006394789958333334,0.0007942513247634168,0.0024734016486521737,0.0011410994287364973,0.005408704583333337,0.6337977255652445,0.10174926562718273,0.0008056681646342323,-0.0003948777553492433,-0.0003951237395871244,1.0012477452414597,2.6580112503542186e-09,0.0006119614662056659,-0.0011977292861276028,-0.0011977292861276028,0.12046877667288995,0.9993774501169226,2.6613277712435942e-09,0.6320028469807926,0.10174435194667336,0.0036904376666666654,-0.0006496633648864444,0.0016803254148509972,0.001007250575094494,-0.0003055678083333374,0.6309783085332193,0.10025941373854029,-0.00102453844757322,-0.0014849382081330714,-0.0014884647165387243,1.0047763852743843,-3.08241461139749e-08,-0.0027691377760052493,0.009793897863669541,0.009793897863669541,0.17670398296100162,0.9976307746052233,-3.097137411156916e-08]"
/multi_agv/m2b_algorithm_state,1789558484.8769493,1789558484.8769493,m2b_algorithm_state_v1:header6+3x20,"[1.0,-0.15,0.52,0.634161334006271,0.10176170454036253,1789558484.876825,0.6325045738468779,0.10140197982775048,0.0036904376666666654,0.0014485136255892933,0.0011223683795563485,0.00038798281597367213,0.0009860853749999966,0.6327461182295832,0.10294552011330735,0.00024154438270529432,0.0015435402855568658,0.0015397990577840925,0.9951808115450024,7.421685252347866e-08,0.0018417295361657104,-0.005822915461750252,-0.005822915461750252,0.14195255616356425,1.0024296857137691,7.385918752463125e-08,0.6339885244535406,0.10214290250249485,0.006394789958333334,0.0007961162256236286,0.0024729951664632654,0.001140502428198173,0.005408704583333337,0.6348103334427722,0.10174926562718273,0.000821808989231565,-0.0003936368753121172,-0.0003938813178232476,1.0012438276990523,2.6475467099176133e-09,0.0006333799187162087,-0.0012723612530253481,-0.0012723612530253481,0.1204687798537424,0.9993794005958919,2.6508398018499434e-09,0.6329994798937401,0.10174332274904103,0.0036904376666666654,-0.0006479307583900445,0.001680027693560399,0.0010066543704553006,-0.0003055678083333374,0.6319807188467395,0.10030894809321209,-0.0010187610470006048,-0.0014343746558289489,-0.0014376638783645318,1.0046111690915285,-2.8683162999679145e-08,-0.0027111151871152877,0.009569947008979169,0.009569947008979169,0.17670399368625503,0.9977121060179067,-2.881542591435054e-08]"
/multi_agv/m2b_algorithm_state,1789558484.8870156,1789558484.8870156,m2b_algorithm_state_v1:header6+3x20,"[1.0,-0.15,0.52,0.6351658226431119,0.10176063496179903,1789558484.886909,0.6335018204017857,0.10140112616332371,0.0036904376666666654,0.0014496367924425432,0.0011221137395701405,0.00038762840604641383,0.0009860853749999966,0.6336819373863632,0.1013547471649005,0.00018011698457753855,-4.637899842320492e-05,-4.638241711809957e-05,1.0001474501420922,6.713390740117396e-11,0.0001787638136038236,0.0008359967584784026,0.0008359967584784026,0.14195255166697932,0.9999262933001971,6.714380630535946e-11,0.6349855303431952,0.1021416744252443,0.006394789958333334,0.00079797098468843,0.002472589010772519,0.0011399096546453047,0.005408704583333337,0.6358635838825852,0.10131973297575822,0.0008780535393900779,-0.0008219414494860799,-0.000823010719953211,1.0026099379042048,1.1573750270327369e-08,0.0002745562042843864,0.00019501754554944158,0.00019501754554944158,0.12046878247112563,0.9987007818474202,1.1603957039851696e-08,0.6339966512738321,0.10174231303251959,0.0036904376666666654,-0.0006462670243470021,0.0016797231412050365,0.001006091573769713,-0.0003055678083333374,0.632936431432202,0.10035359538686979,-0.0010602198416300723,-0.0013887176456497952,-0.0013917997820019636,1.0044621466911305,-2.6816484107811977e-08,-0.002717074584039554,0.00957388026658984,0.00957388026658984,0.1767040025096378,0.9977855030644314,-2.6936143193641406e-08]"
/multi_agv/m2b_algorithm_state,1789558484.897066,1789558484.897066,m2b_algorithm_state_v1:header6+3x20,"[1.0,-0.15,0.52,0.6361643507919347,0.10175962574819135,1789558484.8969345,0.6345064012952406,0.10140016556758283,0.0036904376666666654,0.0014515013276607835,0.0011217783609414485,0.00038699463695495936,0.0009860853749999966,0.6343866254302581,0.10005579938618218,-0.00011977586498246318,-0.0013443661814006441,-0.0013472669963534635,1.004337417200458,5.6530413283157383e-08,-0.0014969868275815424,0.007342581954500304,0.007342581954500304,0.14195256035510712,0.9978468893243354,5.677560927008075e-08,0.6359898996764355,0.10214038749012776,0.006394789958333334,0.0007999046370413612,0.0024722310999707453,0.0011392575849861891,0.005408704583333337,0.6365655948706471,0.09988435802868972,0.000575695194211634,-0.0022560294614380333,-0.0022641732580360734,1.0072812712814767,8.748834657801694e-08,-0.001544554265271531,0.00724681136206783,0.00724681136206783,0.12046877741100072,0.996403191951351,8.812537296341934e-08,0.6350011669576596,0.1017413518276865,0.0036904376666666654,-0.0006451709300982493,0.0016793855185782136,0.0010057920336378934,-0.0003055678083333374,0.6337738343823173,0.10083651413275553,-0.0012273325753423547,-0.0009048376949309656,-0.0009061414020666697,1.0028915116667292,-1.1361557227178209e-08,-0.0024403071212446134,0.008396155820371114,0.008396155820371114,0.1767039854490155,0.9985612542008004,-1.1394409302452806e-08]"
/multi_agv/m2b_algorithm_state,1789558484.9070492,1789558484.9070492,m2b_algorithm_state_v1:header6+3x20,"[1.0,-0.15,0.52,0.6371638854165516,0.10175862438340717,1789558484.9069123,0.6355050342048681,0.10139931911558296,0.0036904376666666654,0.0014527183278411318,0.0011215026143190253,0.0003866105328191147,0.0009860853749999966,0.6354535727755007,0.10076946543156882,-5.146142936740539e-05,-0.0006298536840141367,-0.0006304870059440802,1.0020158012643543,1.2413103576072671e-08,-0.0006948137926533369,0.0041966394613859506,0.0041966394613859506,0.1419525583569302,0.9989955035964696,1.243812592595588e-08,0.6369882924969698,0.10213918243810141,0.006394789958333334,0.0008017470631122387,0.0024718251151051307,0.0011386700697301605,0.005408704583333337,0.6374619361549884,0.09925698720013933,0.00047364365801860764,-0.0028821952379620847,-0.0028955504250270697,1.00936842008394,1.4318074762097454e-07,-0.00230349585250381,0.0101796450303064,0.0101796450303064,0.12046877857837694,0.9953876862410848,1.445221250126204e-07,0.6359997256739662,0.1017403756908897,0.0036904376666666654,-0.000643617352056093,0.0016790699602931176,0.0010052827121119828,-0.0003055678083333374,0.63477488004241,0.10052118027433503,-0.0012248456315562262,-0.001219195416554672,-0.0012215680178668685,1.0039100363923934,-2.0582143067274064e-08,-0.0027526250573121514,0.009632403537488331,0.009632403537488331,0.1767039893876273,0.9980577411347592,-2.0662619995700553e-08]"
/multi_agv/m2b_algorithm_state,1789558484.9169743,1789558484.9169743,m2b_algorithm_state_v1:header6+3x20,"[1.0,-0.15,0.52,0.6381582217468521,0.10175767628634798,1789558484.9167738,0.6365046727460622,0.10139846860465467,0.0036904376666666654,0.0014540322496766288,0.0011212133861267402,0.00038619142940460836,0.0009860853749999966,0.6366613642575152,0.10190863395188648,0.00015669151145303317,0.0005101653472318196,0.0005097534159667375,0.9983882280123977,8.144616421642181e-09,0.0007056178052830289,-0.0012853649477652415,-0.0012853649477652415,0.1419525581534976,1.0008080990772783,8.131489157044012e-09,0.6379876928840214,0.1021379851358746,0.006394789958333334,0.0008035862488233909,0.0024714224024093845,0.001138082257402237,0.005408704583333337,0.6385352515329799,0.1002115885934256,0.0005475586489585016,-0.0019263965424489993,-0.0019323197667192246,1.0061944315376263,6.407038137225053e-08,-0.0012478714555210976,0.006064694195826683,0.006064694195826683,0.12046877869390085,0.9969346562757145,6.446726096325055e-08,0.6369992906195712,0.1017394194096923,0.0036904376666666654,-0.0006421564126317413,0.0016787467370184446,0.0010048175341478087,-0.0003055678083333374,0.6358246410045042,0.1010330855565986,-0.0011746496150669694,-0.0007063338530937102,-0.0007071271157957194,1.0022521511961076,-6.890131565873063e-09,-0.0021754391346294312,0.007378493593774304,0.007378493593774304,0.1767039897801119,0.9988781893887401,-6.905649183920482e-09]"
/multi_agv/m2b_algorithm_state,1789558484.927005,1789558484.927005,m2b_algorithm_state_v1:header6+3x20,"[1.0,-0.15,0.52,0.6391628225670029,0.10175666736611405,1789558484.9268687,0.6374991239437678,0.10139771375750693,0.0036904376666666654,0.0014548178537651065,0.001120975874214624,0.00038597443201859047,0.0009860853749999966,0.6379140700365808,0.10128364014215607,0.00041494609281300665,-0.0001140736153508598,-0.00011409430869160648,1.0003629633895894,4.076114587172537e-10,0.00040458830732465183,7.04232707652928e-05,7.04232707652928e-05,0.1419525486306412,0.9998186295093596,4.0775940675394517e-10,0.6389818815386785,0.10213686003885596,0.006394789958333334,0.0008053427557121141,0.002470979375479465,0.0011375512575239055,0.005408704583333337,0.6400883383737136,0.10015932452504567,0.0011064568350350745,-0.0019775355138102885,-0.0019837799081136322,1.006362652701034,6.766741802361994e-08,-0.0006007088643197891,0.0038070704631784046,0.0038070704631784046,0.12046878424349698,0.9968522746511322,6.809796230367992e-08,0.6379936597581097,0.10173845506268107,0.0036904376666666654,-0.0006403271707049745,0.0016784405286161836,0.0010041838587071259,-0.0003055678083333374,0.6372663983474552,0.10258280590104098,-0.0007272614106544895,0.000844350838359903,0.000843230527513807,0.9973548515054546,-9.807196691436281e-09,-6.584623580430484e-05,-0.0007868386880056514,-0.0007868386880056514,0.17670400848452558,1.001328593794391,-9.781255199872217e-09]"
/multi_agv/m2b_algorithm_state,1789558484.9370217,1789558484.9370217,m2b_algorithm_state_v1:header6+3x20,"[1.0,-0.15,0.52,0.6401621838912984,0.10175571268514098,1789558484.9369097,0.6385038210208823,0.10139680277280215,0.0036904376666666654,0.0014566551727553988,0.0011206274980942728,0.0003853592216657095,0.0009860853749999966,0.6387690526468136,0.09985055349704307,0.0002652316259312837,-0.0015462492757590818,-0.0015500927634288972,1.0050003798635871,7.506043181282785e-08,-0.0012185532310147926,0.006450865788260223,0.006450865788260223,0.1419525575204513,0.9975204789284265,7.543576248461688e-08,0.6399863579655318,0.10213564540874145,0.006394789958333334,0.0008072141340630017,0.002470606195587144,0.001136934127882197,0.005408704583333337,0.6410339062538716,0.09914401367139558,0.0010475482883397502,-0.0029916317373458734,-0.003006032972516034,1.009736618690293,1.5532552586519388e-07,-0.0016965976120913461,0.008098716109158776,0.008098716109158776,0.1204687790658036,0.9952092224863033,1.568378712834125e-07,0.6389982887145942,0.10173755391679856,0.0036904376666666654,-0.0006392954675945761,0.0016780889934581884,0.0010039194691732999,-0.0003055678083333374,0.6382902001986206,0.10162017272824701,-0.0007080885159735928,-0.00011738118855154911,-0.00011740299907027265,1.0003717840699522,-1.893617691100847e-10,-0.0010025136440372636,0.0029709584646998395,0.0029709584646998395,0.17670399102907697,0.9998142251995583,-1.8943217079929779e-10]"
/multi_agv/m2b_algorithm_state,1789558484.946956,1789558484.946956,m2b_algorithm_state_v1:header6+3x20,"[1.0,-0.15,0.52,0.6411599736009207,0.10175478430670148,1789558484.9468281,0.6395032895887709,0.10139599389344543,0.0036904376666666654,0.0014579157774207677,0.001120331516010386,0.00038496674290742984,0.0009860853749999966,0.6396994079792322,0.09901572493196252,0.0001961183904612973,-0.002380268961482912,-0.002389434442420219,1.0077702952838812,1.7812363587773378e-07,-0.0021442864543435975,0.01006759436380319,0.01006759436380319,0.14195255700623868,0.9961641630443632,1.795077091255423e-07,0.6409855807063983,0.10213450414578891,0.006394789958333334,0.0008090042232385851,0.0024701904452998358,0.0011363743819438055,0.005408704583333337,0.6419477954564762,0.09859722305736802,0.00096221475007785,-0.003537281088420885,-0.003557498289978681,1.011583715329629,2.177107308587027e-07,-0.0023547298523813685,0.010635320692254771,0.010635320692254771,0.12046877936296513,0.9943170172098897,2.2023262998917536e-07,0.6399976813787259,0.10173664001618858,0.0036904376666666654,-0.0006378576757445557,0.0016777572104035871,0.0010034687791167654,-0.0003055678083333374,0.639158107674329,0.10027806634410275,-0.000839573704396912,-0.001458573672085836,-0.0014619757444500577,1.0046906702796363,-2.9199410116367617e-08,-0.002511442874946198,0.00888480895241675,0.00888480895241675,0.17670399203301643,0.9976729625117676,-2.9336374921583373e-08]"
/multi_agv/m2b_algorithm_state,1789558484.9570339,1789558484.9570339,m2b_algorithm_state_v1:header6+3x20,"[1.0,-0.15,0.52,0.642160392581952,0.1017538512893062,1789558484.9568732,0.6405011905096717,0.10139522248597697,0.0036904376666666654,0.0014590097716236775,0.0011200494799399768,0.0003846392297436963,0.0009860853749999966,0.640902482976682,0.10132086808156776,0.00040129246701026133,-7.435440440921315e-05,-7.436319377829433e-05,1.0002364847711314,1.7367281368048612e-10,0.00042725238998453233,-2.388582299649362e-05,-2.388582299649362e-05,0.14195255368279813,0.9998818048467984,1.737138846560811e-10,0.6419832269474975,0.1021333969184492,0.006394789958333334,0.0008107583828784182,0.0024697600397306507,0.001135837835243167,0.005408704583333337,0.6426357113582973,0.09903080038790729,0.0006524844107997918,-0.003102596530541915,-0.003118099388427404,1.0101107216466318,1.6780890014209623e-07,-0.0023024938749276642,0.010275754428296039,0.010275754428296039,0.1204687813031513,0.9950281065629188,1.6950556922126042e-07,0.6409955033455927,0.10173573351567827,0.0036904376666666654,-0.000636317756938161,0.0016774285314074613,0.001002972206180978,-0.0003055678083333374,0.6402561167805948,0.10134857771323023,-0.0007393865649979459,-0.0003871558024480387,-0.0003873935629456438,1.0012300443974675,-2.0508040158285866e-09,-0.0013116267691930762,0.004187601800390772,0.004187601800390772,0.17670399856344332,0.9993862559413811,-2.0533265958185604e-09]"
/multi_agv/m2b_algorithm_state,1789558484.9670615,1789558484.9670615,m2b_algorithm_state_v1:header6+3x20,"[1.0,-0.15,0.52,0.6431595323238173,0.10175294232671282,1789558484.9668698,0.6415017166261942,0.1013944200414583,0.0036904376666666654,0.0014603675804262524,0.001119737217659832,0.00038421308516057,0.0009860853749999966,0.6417230268985147,0.10222371930389047,0.00022131027232052958,0.0008292992624321788,0.000828213339935805,0.9973893410448905,2.1610681564735456e-08,0.0011048511803364671,-0.0028474655269917627,-0.0028474655269917627,0.14195255506655188,1.0013111627693148,2.155426344538246e-08,0.6429835075839254,0.10213227984877211,0.006394789958333334,0.0008125301073150263,0.0024693450059199984,0.0011352856783977683,0.005408704583333337,0.643634796520075,0.09899947000667542,0.0006512889361496299,-0.003132809842096698,-0.0031486199562945558,1.010212813410788,1.7147113239419806e-07,-0.0023345087861075184,0.010402311076109012,0.010402311076109012,0.12046878049674319,0.9949787162574986,1.7322233507467653e-07,0.6419959535357367,0.10173485397768817,0.0036904376666666654,-0.0006349935687518632,0.0016770859776142726,0.0010025763633972548,-0.0003055678083333374,0.6410089922383929,0.101803905421852,-0.0009869612973437691,6.905144416383124e-05,6.904390685648689e-05,0.9997817472776629,-6.50814678297085e-11,-0.0011646577148232246,0.0034694657571174886,0.0034694657571174886,0.1767039958487125,1.0001091668720314,-6.506726362218098e-11]"
/multi_agv/m2b_algorithm_state,1789558484.9769816,1789558484.9769816,m2b_algorithm_state_v1:header6+3x20,"[1.0,-0.15,0.52,0.6441539011729631,0.10175208224632122,1789558484.9768665,0.6425009668393407,0.10139365137819041,0.0036904376666666654,0.0014615791342988565,0.001119435878943564,0.00038384465492879386,0.0009860853749999966,0.6427163507757572,0.10155150359064227,0.00021538393641651332,0.00015785221245186165,0.00015781266745974783,0.9994992612455157,7.840003236675155e-10,0.0004270425879803895,-0.00012633707072693605,-0.00012633707072693605,0.14195255415969396,1.000250581862346,7.83607744321927e-10,0.6439825047117614,0.10213119361222958,0.006394789958333334,0.0008142702931274214,0.0024689171638324625,0.0011347538565502913,0.005408704583333337,0.6446357311067802,0.09925145593358214,0.0006532263950187467,-0.002879737678647437,-0.002893071290015198,1.0093611763583388,1.4517439939772278e-07,-0.002076538296241765,0.009393746384249196,0.009393746384249196,0.12046878102537134,0.9953911915638654,1.4653340255320077e-07,0.6429951254203498,0.10173398198971846,0.0036904376666666654,-0.0006335817288518676,0.001676746051563061,0.0010021411600283163,-0.0003055678083333374,0.641931036126086,0.099647602245641,-0.0010640892942637148,-0.0020863797440774656,-0.0020933741493328072,1.0067576831344152,-5.937030767386616e-08,-0.0034234857671624507,0.012361754167387204,0.012361754167387204,0.17670399762861874,0.9966587887513703,-5.977151340071888e-08]"
/multi_agv/m2b_algorithm_state,1789558484.987022,1789558484.987022,m2b_algorithm_state_v1:header6+3x20,"[1.0,-0.15,0.52,0.6451560291184609,0.10175117974323424,1789558484.986832,0.6434954561090467,0.10139297020753832,0.0036904376666666654,0.0014623079635562954,0.0011191822968086287,0.00038366062737677214,0.0009860853749999966,0.6436325573256462,0.10040228722935886,0.00013710121659948893,-0.0009906829781794607,-0.0009922541954170995,1.0031838592476128,3.092060120634461e-08,-0.0008208776746677384,0.004810499981239851,0.004810499981239851,0.14195254468939225,0.9984165174157028,3.101904804843718e-08,0.6449767187873943,0.10213017364295125,0.006394789958333334,0.000815933940564343,0.002468452843293445,0.0011342741898901082,0.005408704583333337,0.6460591074292781,0.09959928606023781,0.0010823886418838136,-0.0025308875827134425,-0.002541159393613397,1.0081949241829078,1.1233649598299021e-07,-0.00118817359125863,0.006125383563116601,0.006125383563116601,0.1204687865355932,0.995957825028304,1.1325708505054435e-07,0.6439895286224484,0.10173310288847408,0.0036904376666666654,-0.0006318342854036564,0.0016764219203070701,0.00100155226777958,-0.0003055678083333374,0.642801676389913,0.09908298742306784,-0.001187852232535369,-0.002650115465406236,-0.002661448549327801,1.008638459472723,-9.555958524260841e-08,-0.004146263839997012,0.015129770084714094,0.015129770084714094,0.17670401621609771,0.995741761032943,-9.63850728469569e-08]"
/multi_agv/m2b_algorithm_state,1789558484.997107,1789558484.997107,m2b_algorithm_state_v1:header6+3x20,"[1.0,-0.15,0.52,0.6461568625180445,0.10175030125499994,1789558484.9968925,0.6444976905838903,0.1013921732223635,0.0036904376666666654,0.0014638352274850943,0.0011188447989524779,0.00038317415719352167,0.0009860853749999966,0.6451205782376199,0.10109483012464658,0.0006228876537296424,-0.00029734309771692335,-0.00029748390033814765,1.0009481369133386,2.7870309537473407e-09,0.00048112566682390534,-0.00010868614194364606,-0.00010868614194364606,0.14195254913956792,0.9995266882642583,2.789673440673206e-09,0.6459787094778863,0.10212909029776451,0.006394789958333334,0.0008176795290060195,0.0024680410782760287,0.0011337316635908062,0.005408704583333337,0.6470414869696336,0.09953526814566865,0.0010627774917473243,-0.0025938221520958593,-0.0026046164639133796,1.0084048023154788,1.1825063428649291e-07,-0.0012761445992292243,0.006463411339636773,0.006463411339636773,0.1204687839442162,0.9958557000744355,1.1924450749135086e-07,0.6449916872936062,0.10173227570957472,0.0036904376666666654,-0.0006306981954924923,0.001676062734276884,0.0010012466128027325,-0.0003055678083333374,0.6444760119068546,0.10090762551113083,-0.0005156753867516795,-0.0008246501984438825,-0.0008257325487390184,1.002633190834124,-9.225227360000551e-09,-0.0014703267821786178,0.00494384307399842,0.00494384307399842,0.17670400746675544,0.998689224135843,-9.249519144127615e-09]"
/multi_agv/m2b_algorithm_state,1789558485.0069573,1789558485.0069573,m2b_algorithm_state_v1:header6+3x20,"[1.0,-0.15,0.52,0.6471562438225532,0.10174944755490874,1789558485.006859,0.6454986337566516,0.10139141194008659,0.0036904376666666654,0.0014651997826160782,0.0011185184183232443,0.0003827524327544847,0.0009860853749999966,0.6462494778611728,0.10276538996207074,0.0007508441045211978,0.0013739780219841485,0.0013710093699075849,0.9957012787985643,5.9494269462693e-08,0.002309564500559082,-0.007394188309611785,-0.007394188309611785,0.141952551267637,1.0021653040028193,5.923852018518979e-08,0.6469794011957337,0.10212803769778706,0.006394789958333334,0.0008193944771311681,0.0024676160330676655,0.0011332093283613759,0.005408704583333337,0.6479584928189801,0.0991628155507489,0.0009790916232463864,-0.002965222147038149,-0.002979368867213849,1.0096487748350866,1.549005869682358e-07,-0.001755504338155866,0.008306716537185871,0.008306716537185871,0.12046878270330016,0.9952517728397526,1.5639518785371507e-07,0.6459925526017481,0.10173145412712614,0.0036904376666666654,-0.0006294614631464604,0.0016757073381680702,0.0010008953616027147,-0.0003055678083333374,0.6455667727134634,0.100078054607026,-0.00042577988828473856,-0.0016533995201001433,-0.0016577778945376992,1.0053293222989883,-3.703268247086162e-08,-0.0021900027548936224,0.00783935504689856,0.00783935504689856,0.17670400328906613,0.9973588896003606,-3.723004157134494e-08]"
/multi_agv/m2b_algorithm_state,1789558485.0171442,1789558485.0171442,m2b_algorithm_state_v1:header6+3x20,"[1.0,-0.15,0.52,0.6481508787168004,0.1017486418376477,1789558485.0168493,0.6464981283852236,0.1013906872050553,0.0036904376666666654,0.0014663972006456372,0.0011182050443736533,0.00038239639075562893,0.0009860853749999966,0.6474048791752673,0.10359105184575199,0.0009067507900437644,0.0022003646406966865,0.0021927986231850393,0.9931804575089279,1.5261488220320735e-07,0.0033262371107397447,-0.011429183627105795,-0.011429183627105795,0.1419525507938265,1.0034503932242795,1.515741185292526e-07,0.6479786362256718,0.10212701707831243,0.006394789958333334,0.0008210761855777194,0.00246717720935552,0.0011327085702110828,0.005408704583333337,0.6489458594524893,0.0991628155507489,0.0009672232268175263,-0.0029642015275635203,-0.00297833859643115,1.0096454747818835,1.5511228963455651e-07,-0.0017693095629092424,0.008356458269912197,0.008356458269912197,0.12046878298058528,0.9952533708274237,1.5660842131258683e-07,0.6469919668567644,0.10173063838135847,0.0036904376666666654,-0.0006281211138386201,0.0016753557951622814,0.001000497191971584,-0.0003055678083333374,0.6465596218301339,0.10060387504343664,-0.00043234502663047625,-0.0011267633379218323,-0.00112878867304098,1.0036102932517676,-1.7156046051056158e-08,-0.0016692199563290754,0.005779142345674905,0.005779142345674905,0.17670400422353946,0.9982057446468773,-1.72179844083413e-08]"
/multi_agv/m2b_algorithm_state,1789558485.0269578,1789558485.0269578,m2b_algorithm_state_v1:header6+3x20,"[1.0,-0.15,0.52,0.6491534430175467,0.10174779241061106,1789558485.0267868,0.6474928863911125,0.1013900492507846,0.0036904376666666654,0.001467112229685077,0.0011179394941454699,0.00038222457099459906,0.0009860853749999966,0.6481471448812576,0.1032720268949611,0.0006542584901451098,0.0018819776441764968,0.0018764293239276351,0.9941458841712995,1.1172540803278956e-07,0.0026942524366090227,-0.00901220527044869,-0.00901220527044869,0.14195254180346725,1.0029568501078678,1.1107135455315677e-07,0.6489731128518466,0.10212606160737736,0.006394789958333334,0.0008226822760659183,0.0024667024051384656,0.0011322593091889904,0.005408704583333337,0.6499174362318864,0.101142364997202,0.0009443233800398021,-0.0009836966101753608,-0.000985230357372956,1.0031299780516636,1.709378327866531e-08,0.0001951738676767966,0.0005734844248350846,0.0005734844248350846,0.12046878821360925,0.9984432603135729,1.714728644514743e-08,0.6479866369074422,0.10172981465478113,0.0036904376666666654,-0.0006264446280725721,0.001675020443436882,0.0009999448962087357,-0.0003055678083333374,0.6473222555346276,0.10129229866355875,-0.0006643813728145487,-0.0004375159912223814,-0.00043781976948535796,1.0013909524963993,-2.578552406484563e-09,-0.0012682964855035438,0.00406566217688277,0.00406566217688277,0.17670402187121087,0.9993061568157745,-2.582139050391459e-09]"
/multi_agv/m2b_algorithm_state,1789558485.0369422,1789558485.0369422,m2b_algorithm_state_v1:header6+3x20,"[1.0,-0.15,0.52,0.6501531670740727,0.10174697759353617,1789558485.036804,0.6484955594991909,0.10138929293279773,0.0036904376666666654,0.0014686408972904813,0.001117588356964626,0.0003817445876120231,0.0009860853749999966,0.6490131344931831,0.10248214501924466,0.000517574993992187,0.0010928520864469243,0.0010909699055829973,0.9965697464119608,3.7735479940172965e-08,0.001737938648073231,-0.0052181985872924615,-0.0052181985872924615,0.1419525470342057,1.0017252362822247,3.7606037674711805e-08,0.6499755368742065,0.10212504092496626,0.006394789958333334,0.0008243724071504673,0.0024662815699791896,0.0011317455430655682,0.005408704583333337,0.6509214601041504,0.101142364997202,0.0009459232299439124,-0.0009826759277642566,-0.0009842065031543145,1.0031267374053783,1.7093441094006523e-08,0.00019819753427557604,0.0005640188177499859,0.0005640188177499859,0.12046878516600061,0.9984448635676023,1.7146887795661784e-08,0.6489892326792429,0.10172904337406921,0.0036904376666666654,-0.0006253909845878093,0.001674649695525993,0.0009996809952651205,-0.0003055678083333374,0.6483823689825796,0.10188657568280284,-0.0006068636966632956,0.0001575323087336239,0.00015749310271904747,0.9995025454687406,-3.3359377871817633e-10,-0.0006010865181100721,0.0014387234588936434,0.0014387234588936434,0.1767040115920542,1.0002489379782324,-3.33427830981353e-10]"
/multi_agv/m2b_algorithm_state,1789558485.0472634,1789558485.0472634,m2b_algorithm_state_v1:header6+3x20,"[1.0,-0.15,0.52,0.6511520762854762,0.10174618224891652,1789558485.0470433,0.6494953984593163,0.10138859682255405,0.0036904376666666654,0.0014698490109380405,0.0011172650130902182,0.0003813890958541562,0.0009860853749999966,0.6500420896660275,0.10295770641530508,0.0005466912067112473,0.001569109592751028,0.0015652434340985546,0.9951015145567395,7.782904825063582e-08,0.002248607442487614,-0.007266120450450879,-0.007266120450450879,0.1419525471810386,1.0024700047086923,7.744780379071725e-08,0.6509751126975246,0.10212406620426814,0.006394789958333334,0.0008260126165932444,0.002465836870355953,0.0011312658321959435,0.005408704583333337,0.6518132566272068,0.10007195272255404,0.000838143929682178,-0.0020521134817141073,-0.0020588427081031156,1.0066093236453655,7.474570761311455e-08,-0.0010111627960003931,0.0053067577260444585,0.0053067577260444585,0.12046878508451499,0.9967315490578644,7.523972618583149e-08,0.649988990065377,0.1017282697537863,0.0036904376666666654,-0.0006241194431097223,0.0016742893451362102,0.000999317234465032,-0.0003055678083333374,0.6493738659395153,0.10195800495251663,-0.0006151241258617324,0.00022973519873033255,0.00022965186226045665,0.9992751322547919,-7.079936201615336e-10,-0.0005392532950667089,0.001188319949428575,0.001188319949428575,0.1767040113186375,1.000362881750906,-7.074804184224655e-10]"
/multi_agv/m2b_algorithm_state,1789558485.0573869,1789558485.0573869,m2b_algorithm_state_v1:header6+3x20,"[1.0,-0.15,0.52,0.6521593680683057,0.10174534003256634,1789558485.0570805,0.6504944248208714,0.10138792554864631,0.0036904376666666654,0.0014709620858650188,0.001116948281545271,0.0003810713605901569,0.0009860853749999966,0.6511448314202066,0.10374202132103087,0.0006504065993352404,0.0023540957723845596,0.002345445394761447,0.9927165630968576,1.7521099935860738e-07,0.0031584536439304973,-0.010900491187467568,-0.010900491187467568,0.1419525458604417,1.0036881598874283,1.7393486110004245e-07,0.6519738708263982,0.10212311608568467,0.006394789958333334,0.0008276275845749467,0.0024653836227659376,0.001130801510304466,0.005408704583333337,0.6526831534145622,0.10004986132742116,0.0007092825881639397,-0.002073254758263504,-0.00208012453913485,1.006679098199818,7.644428590780605e-08,-0.0011935213039299254,0.005960082369241201,0.005960082369241201,0.12046878585559753,0.996697418475625,7.695486480019924e-08,0.6509879332091592,0.10172750511241856,0.0036904376666666654,-0.0006227974957094796,0.0016739301942846965,0.0009989310008237428,-0.0003055678083333374,0.6504042657699144,0.10232079336687125,-0.0005836674392447616,0.0005932882544526924,0.0005927339896330283,0.9981357592352899,-4.7105847278142665e-09,-0.0001368503094229237,-0.0004034426047852561,-0.0004034426047852561,0.17670401391345014,1.0009350987616,-4.7018030637390545e-09]"
/multi_agv/m2b_algorithm_state,1789558485.0670817,1789558485.0670817,m2b_algorithm_state_v1:header6+3x20,"[1.0,-0.15,0.52,0.6531492348617199,0.10174463632427677,1789558485.0669198,0.6515018183369294,0.10138713178129186,0.0036904376666666654,0.0014729102391943423,0.0011165402601246415,0.00038043913475272156,0.0009860853749999966,0.6521891256834916,0.10374202132103087,0.0006873073465621937,0.0023548895397390163,0.0023462332858903406,0.9927140940825084,1.7556191563118924e-07,0.0032053674690930827,-0.011066843087325782,-0.011066843087325782,0.14195255957149194,1.0036894258984101,1.742827880312058e-07,0.6529810303285931,0.10212209599869378,0.006394789958333334,0.0008293347073354005,0.002464986780862266,0.001130267898382331,0.005408704583333337,0.6536902814316977,0.10004986132742116,0.0007092511031046023,-0.002072234671272613,-0.002079097735354987,1.0066758266681313,7.652690839814038e-08,-0.0011925338564742344,0.005957872009828924,0.005957872009828924,0.12046877786488973,0.996699018056887,7.703778877405433e-08,0.6519952555393945,0.10172679231771337,0.0036904376666666654,-0.0006221133792113378,0.0016735354633200372,0.000998839754670482,-0.0003055678083333374,0.6514342535816724,0.10232079336687125,-0.0005610019577221292,0.0005940010491578829,0.0005934454493302671,0.9981335165115913,-4.71673652373088e-09,-0.00010780699782239448,-0.0005063975740071681,-0.0005063975740071681,0.17670398698238035,1.0009362272947628,-4.707932812890162e-09]"
/multi_agv/m2b_algorithm_state,1789558485.0772512,1789558485.0772512,m2b_algorithm_state_v1:header6+3x20,"[1.0,-0.15,0.52,0.6541506229357771,0.10174386305488951,1789558485.077103,0.6524918205762483,0.10138663207037477,0.0036904376666666654,0.001473054346268736,0.001116314149844387,0.00038049427439756337,0.0009860853749999966,0.65309058648152,0.10350139145317443,0.0005987659052716365,0.002114759382799661,0.002107765689307274,0.9934389798045894,1.4162251958377246e-07,0.00285622307089682,-0.009699203073693773,-0.009699203073693773,0.14195254203302618,1.0033180602226641,1.406933313726584e-07,0.6539707226667625,0.10212127000343668,0.006394789958333334,0.00083080899222014,0.0024644634151274047,0.0011299010374797303,0.005408704583333337,0.6547560757182076,0.10082509671308937,0.0007853530514451146,-0.0012961732903473133,-0.0012988427035262606,1.0041391676855869,2.997863916792669e-08,-0.0003171513892198674,0.002532379761327303,0.002532379761327303,0.1204687880814417,0.9979447756285654,3.0102725782428444e-08,0.6529851613421492,0.10172600689901887,0.0036904376666666654,-0.0006201120860450898,0.0016732105404445915,0.0009981412428597264,-0.0003055678083333374,0.6521541787626789,0.10155848460565475,-0.0008309825794703407,-0.00016752229336411406,-0.00016756674087909084,1.0005309830445495,-3.7415118176535535e-10,-0.0012062949652170167,0.003735051950271391,0.003735051950271391,0.17670402142439892,0.999734747392331,-3.743498496989709e-10]"
/multi_agv/m2b_algorithm_state,1789558485.0873861,1789558485.0873861,m2b_algorithm_state_v1:header6+3x20,"[1.0,-0.15,0.52,0.6551515717757783,0.10174310630138987,1789558485.0872393,0.6534933231154514,0.10138595334048596,0.0036904376666666654,0.0014743996840399921,0.001115965926533135,0.0003800922428501578,0.0009860853749999966,0.6540716823097967,0.10305363045567816,0.0005783591943453459,0.0016676771151921954,0.0016633130856806258,0.994799475558036,8.818109329872138e-08,0.002386262078612308,-0.0078006167318238635,-0.0078006167318238635,0.14195254515909045,1.002623696975115,8.772250536770228e-08,0.6549719631002898,0.1021203422558223,0.006394789958333334,0.0008324095247437512,0.0024640204935384435,0.00112943760279835,0.005408704583333337,0.6558685158501922,0.10014475319576685,0.0008965527499024128,-0.0019755890600554465,-0.001981822469981916,1.006357666624001,6.980919577548685e-08,-0.0008611315326039,0.004751289548815106,0.004751289548815106,0.1204687862622783,0.9968547082188818,7.025301936951701e-08,0.6539865825915898,0.10172529356836028,0.0036904376666666654,-0.0006190220335322281,0.0016728345016842226,0.0009978643142716272,-0.0003055678083333374,0.6532496555488299,0.10266042355459379,-0.0007369270427599606,0.0009351299862335044,0.0009337565295579154,0.9970729712354703,-1.1629069086016042e-08,1.2597726107964704e-05,-0.0010859223144762287,-0.0010859223144762287,0.17670401528896199,1.0014708937845278,-1.1595030466296571e-08]"
/multi_agv/m2b_algorithm_state,1789558485.0973232,1789558485.0973232,m2b_algorithm_state_v1:header6+3x20,"[1.0,-0.15,0.52,0.6561452214889201,0.10174241430147533,1789558485.0971253,0.6544943878302898,0.10138529484676356,0.0036904376666666654,0.0014756745102528432,0.0011156204556859602,0.00037971934389060256,0.0009860853749999966,0.6552595331673121,0.10262413901845605,0.0007651453370223216,0.0012388441716924825,0.0012364280734146317,0.9961177623545656,4.871889815655686e-08,0.0021928597446925335,-0.006902459944930991,-0.006902459944930991,0.14195254749387803,1.0019540952925619,4.8529759816089395e-08,0.6559727622416018,0.10211943490561264,0.006394789958333334,0.0008339906053848444,0.0024635713974706652,0.0011289858126682928,0.005408704583333337,0.6568669283952596,0.10014475319576685,0.0008941661536577827,-0.0019746817098457853,-0.001980909429003815,1.0063547591599826,6.987780742926861e-08,-0.0008632017369315866,0.004759774771826367,0.004759774771826367,0.12046878490203683,0.9968561312966431,7.032186406610925e-08,0.6549875652554432,0.10172458915179342,0.0036904376666666654,-0.0006178988499230286,0.0016724592049423281,0.000997572638870378,-0.0003055678083333374,0.6543948086201413,0.1015085824772491,-0.0005927566353018943,-0.000216006674544314,-0.00021608060181039815,1.0006850511525258,-6.198703744306947e-10,-0.000957026395937766,0.0028740943449631676,0.0028740943449631676,0.1767040107020108,0.9996578718058688,-6.20295017345115e-10]"
/multi_agv/m2b_algorithm_state,1789558485.1071408,1789558485.1071408,m2b_algorithm_state_v1:header6+3x20,"[1.0,-0.15,0.52,0.6571446195194551,0.1017416938784727,1789558485.1070104,0.6554881678184717,0.10138476359779251,0.0036904376666666654,0.0014762019689770838,0.0011153502610260712,0.00037963124593034473,0.0009860853749999966,0.6562936170726793,0.10273615536097597,0.0008054492542075575,0.0013513917631834543,0.0013485191574308922,0.995770469728866,5.798923394083703e-08,0.0023553307251903393,-0.007535535405645272,-0.007535535405645272,0.141952536727174,1.0021301927649549,5.7743966720484385e-08,0.6569662444444757,0.10211861691290958,0.006394789958333334,0.0008354655367707482,0.0024630688666671396,0.0011286078343027556,0.005408704583333337,0.6577805982195838,0.09985586403450364,0.0008143537751080787,-0.002262752878405938,-0.0022709481178049052,1.0073056687706679,9.193274327813313e-08,-0.0012530058989198068,0.006258546030705687,0.006258546030705687,0.12046879116083385,0.9963912696486927,9.260437344970201e-08,0.6559812522038125,0.10172386239372389,0.0036904376666666654,-0.000616241483857942,0.0016721114750277103,0.0009970350734799286,-0.0003055678083333374,0.6552577465896119,0.10029066743079335,-0.000723505614200648,-0.0014331949629305396,-0.001436479612048318,1.004608524326556,-2.72378614538754e-08,-0.002340861629799128,0.008293439830923316,0.008293439830923316,0.17670403180453623,0.997713403594295,-2.7363387800988944e-08]"
/multi_agv/m2b_algorithm_state,1789558485.117107,1789558485.117107,m2b_algorithm_state_v1:header6+3x20,"[1.0,-0.15,0.52,0.6581438486685818,0.1017409873961933,1789558485.1169848,0.6564876858862766,0.10138414756509317,0.0036904376666666654,0.0014773303631873068,0.001115018293148928,0.00037931479649605483,0.0009860853749999966,0.6573139095697511,0.10251043020378925,0.000826223683474514,0.0011262826386960745,0.0011242839109695908,0.9964659136650613,4.031657336766406e-08,0.0021570635153127333,-0.006719147362455758,-0.006719147362455758,0.14195253628211552,1.0017777784659037,4.0174091116653846e-08,0.6579654881379263,0.10211775564752443,0.006394789958333334,0.0008369958121904504,0.002462605855413358,0.00112818530715518,0.005408704583333337,0.6587786818455836,0.09985586403450364,0.0008131937076573115,-0.002261891613020789,-0.00227008065691953,1.0073029016016075,9.203134167590162e-08,-0.0012535885223478906,0.006261759338422669,0.006261759338422669,0.12046879141962225,0.9963926198508501,9.270343750842465e-08,0.6569806845341627,0.1017231784228005,0.0036904376666666654,-0.0006150502669335926,0.0016717370866911174,0.0009967134362622553,-0.0003055678083333374,0.6564081110490454,0.10190436005528283,-0.0005725734851173003,0.00018118163248233288,0.00018112977654893375,0.9994279741929113,-4.339806861510955e-10,-0.0005345870798476916,0.0012023646120861075,0.0012023646120861075,0.17670403267695253,1.0002862915992454,-4.33732437998839e-10]"
/multi_agv/m2b_algorithm_state,1789558485.1272075,1789558485.1272075,m2b_algorithm_state_v1:header6+3x20,"[1.0,-0.15,0.52,0.6591431032489079,0.10174029333636804,1789558485.1270297,0.6574870359020971,0.10138354535391186,0.0036904376666666654,0.00147842879896739,0.001114686453507029,0.0003790112663719478,0.0009860853749999966,0.6582984782513256,0.10188487635903867,0.000811442349228475,0.0005013310051268094,0.0005009331096323938,0.998415658055951,7.997543658967666e-09,0.0015152360461679875,-0.004136124326182241,-0.004136124326182241,0.14195253553436699,1.0007943086347548,7.9848728150994e-09,0.6589645618313866,0.10211691128423422,0.006394789958333334,0.0008385096210657434,0.002462139488414672,0.0011277716641227842,0.005408704583333337,0.6595624393985143,0.09988720763387657,0.0005978775671277026,-0.002229703650357656,-0.0022376594345422025,1.0071964380579126,8.959087549564768e-08,-0.0014903124756325743,0.0070832167378372494,0.0070832167378372494,0.12046879185263426,0.9964445956065812,9.023561068170627e-08,0.6579799482722615,0.1017225055504338,0.0036904376666666654,-0.00061385627023914,0.0016713618589163752,0.000996391031199093,-0.0003055678083333374,0.6576182218670668,0.10138107050908168,-0.00036172640519471777,-0.0003414350413521172,-0.00034161993065212354,1.0010844146717255,-1.5387707838780136e-09,-0.0007937779371455208,0.0023541404938044064,0.0023541404938044064,0.17670403414801938,0.999458786553661,-1.5404394494924733e-09]"
/multi_agv/m2b_algorithm_state,1789558485.1370935,1789558485.1370935,m2b_algorithm_state_v1:header6+3x20,"[1.0,-0.15,0.52,0.6601421961165346,0.10173961289881849,1789558485.1369808,0.6584864117938924,0.1013829536122053,0.0036904376666666654,0.0014795180939408893,0.001114352770448533,0.0003787126574523508,0.0009860853749999966,0.6589637556089983,0.10180998815508137,0.00047734381510589063,0.00042703454287607023,0.00042674567860516454,0.9986493033305636,5.807342900346968e-09,0.0010234254474875278,-0.0023515423946559462,-0.0023515423946559462,0.1419525348366378,1.0006769002836768,5.7994989416331936e-09,0.6599636603350807,0.10211608169601699,0.006394789958333334,0.0008400093848492307,0.002461671258518261,0.0011273650789468265,0.005408704583333337,0.6605618252946492,0.09988720763387657,0.0005981649595685479,-0.0022288740621404235,-0.002236823966592383,1.0071937734150196,8.968463512565518e-08,-0.0014891177671316983,0.0070801562703188495,0.0070801562703188495,0.12046879226413662,0.9964458962481206,9.032980606955784e-08,0.6589792376177507,0.10172184470088186,0.0036904376666666654,-0.0006126748710439723,0.001670985008234616,0.0009960749313793196,-0.0003055678083333374,0.6580958584615548,0.10013666354854425,-0.0008833791561958515,-0.0015851811523376058,-0.0015892041278662697,1.0051061573128988,-3.3131995497298804e-08,-0.0026934280731110843,0.009604733312604209,0.009604733312604209,0.17670403552645492,0.9974685596028088,-3.3301172678398266e-08]"
/multi_agv/m2b_algorithm_state,1789558485.147168,1789558485.147168,m2b_algorithm_state_v1:header6+3x20,"[1.0,-0.15,0.52,0.6611413916474813,0.10173894408112127,1789558485.1470444,0.659485626754879,0.10138237519418183,0.0036904376666666654,0.0014805795297783376,0.0011140192956639481,0.0003784260162402295,0.0009860853749999966,0.6599293596763206,0.10124583263550531,0.0004437329214416197,-0.0001365425586765251,-0.00013657221793789023,1.0004346569097238,5.943913832472988e-10,0.0004180939338641344,5.848038419145997e-05,5.848038419145997e-05,0.1419525338431753,0.9997828309314076,5.946497395691075e-10,0.660962596095241,0.10211526862825007,0.006394789958333334,0.0008414928035295893,0.0024611999361191517,0.0011269671882947752,0.005408704583333337,0.6614090480218348,0.09882848362403515,0.00044645192659376054,-0.0032867850042149205,-0.0033042116873194852,1.0107358310641354,1.9550260313952905e-07,-0.0027461467790772845,0.011938447763437185,0.011938447763437185,0.1204687928389856,0.9947259180846545,1.9760148605943375e-07,0.6599783654994839,0.10172119487402353,0.0036904376666666654,-0.0006114920942482953,0.0016706073445313281,0.0009957586577621176,-0.0003055678083333374,0.6591596977398387,0.10133814224171878,-0.0008186677596451197,-0.00038305263230475894,-0.00038328541850905784,1.001217191318545,-1.9293628214321633e-09,-0.0014066201180654575,0.004547422113406075,0.004547422113406075,0.1767040374685301,0.9993926557258442,-1.9317112251087343e-09]"
/multi_agv/m2b_algorithm_state,1789558485.1575222,1789558485.1575222,m2b_algorithm_state_v1:header6+3x20,"[1.0,-0.15,0.52,0.6621467608393684,0.10173824395549234,1789558485.1573775,0.6604849446423418,0.10138180567216332,0.0036904376666666654,0.0014816407571430767,0.0011136833061977432,0.00037814077355540995,0.0009860853749999966,0.6611073697063011,0.10130199586184661,0.0006224250639593754,-7.980981031670276e-05,-7.981993901691913e-05,1.0002538975821713,2.032095283478724e-10,0.0006982113909323001,-0.00096040456061241,-0.00096040456061241,0.14195253303268654,0.9998731056382514,2.0326112275579412e-10,0.6619616341455412,0.10211446925770738,0.006394789958333334,0.0008429631899171076,0.002460727494179582,0.001126575529758339,0.005408704583333337,0.662881585847941,0.10068098508636475,0.0009199517023997794,-0.0014334841713426333,-0.0014367528176878325,1.0045852146835204,3.7207659838200715e-08,-0.00028681318968810823,0.002498069489058772,0.002498069489058772,0.12046879330904142,0.9977249765547985,3.737826494643026e-08,0.6609775961545611,0.10172055731349311,0.0036904376666666654,-0.0006103283893922188,0.001670227814200143,0.0009954516226200793,-0.0003055678083333374,0.6604337992888837,0.10417353442097876,-0.0005437968656774039,0.0024529771074856543,0.0024436344860289893,0.9924538461638253,-7.880837070552682e-08,0.0017638884039322344,-0.008037334062107288,-0.008037334062107288,0.1767040390568217,1.0038232483254266,-7.821367061660463e-08]"
/multi_agv/m2b_algorithm_state,1789558485.1671417,1789558485.1671417,m2b_algorithm_state_v1:header6+3x20,"[1.0,-0.15,0.52,0.6631430190653095,0.10173762077844324,1789558485.1670117,0.661490424825238,0.10138114912582133,0.0036904376666666654,0.0014833100416855082,0.0011132801024705814,0.00037762692260593896,0.0009860853749999966,0.662115586921112,0.10111954328927689,0.0006251620958740434,-0.0002616058365444429,-0.00026171481415039393,1.0008339679551128,2.186108992375134e-09,0.0005197378056921603,-0.0002424263867739228,-0.0002424263867739228,0.14195254330169732,0.9995836016913876,2.1879321372211586e-09,0.6629668596536644,0.10211362218584608,0.006394789958333334,0.000844497358959452,0.0024602964428879215,0.0011261346910611952,0.005408704583333337,0.6639343464868581,0.09958898333736022,0.0009674868331936981,-0.0025246388484858606,-0.0025348618026577916,1.008175933755939,1.1570389613391932e-07,-0.001325503261165669,0.006634390442030589,0.006634390442030589,0.12046878733740489,0.9959670566019764,1.166498835240143e-07,0.6619829980392029,0.10171996055480963,0.0036904376666666654,-0.0006096348008588427,0.0016698223221323812,0.0009953618727804436,-0.0003055678083333374,0.6614801860996811,0.1027309086982048,-0.0005028119395218411,0.0010109481433951684,0.0010093437528727513,0.9968381632688661,-1.3384720188284208e-08,0.00038082882847044995,-0.0024227073771223486,-0.0024227073771223486,0.17670401891611395,1.0015895382696438,-1.3342399888356941e-08]"
/multi_agv/m2b_algorithm_state,1789558485.1772006,1789558485.1772006,m2b_algorithm_state_v1:header6+3x20,"[1.0,-0.15,0.52,0.6641423328649351,0.10173698787276257,1789558485.1770787,0.6624868117641493,0.10138065242774169,0.0036904376666666654,0.0014840128598157284,0.001112972122249944,0.00037748246812557514,0.0009860853749999966,0.6631083820155692,0.10092607655182878,0.0006215702514199561,-0.0004545758759129104,-0.00045490540364581623,1.0014523169773097,6.604723389971454e-09,0.00032205741062912895,0.0005468093339781394,0.0005468093339781394,0.14195253722716927,0.9992756126212948,6.614315541881144e-09,0.6639629517438771,0.10211288201740375,0.006394789958333334,0.0008459050529337772,0.0024597980357027316,0.0011257837168815454,0.005408704583333337,0.6649345752130578,0.09958898333736022,0.0009716234691806713,-0.002523898680043532,-0.0025341156857386447,1.008173549751184,1.1582915162570693e-07,-0.0013195863492628055,0.006614666733224344,0.006614666733224344,0.12046879087332305,0.9959682165448833,1.1677588695915708e-07,0.6629792936879022,0.10171932789018426,0.0036904376666666654,-0.0006082414762479779,0.001669454200103988,0.0009949493713543285,-0.0003055678083333374,0.662452678794433,0.1026203719167973,-0.0005266148934691683,0.0009010440266130487,0.0008997684373650851,0.9971783349626178,-1.0609266096751757e-08,0.0002414998205286247,-0.0018748729783547035,-0.0018748729783547035,0.17670403084023473,1.0014176861456698,-1.0579330301534269e-08]"
/multi_agv/m2b_algorithm_state,1789558485.1872692,1789558485.1872692,m2b_algorithm_state_v1:header6+3x20,"[1.0,-0.15,0.52,0.6651386499926372,0.10173638770925823,1789558485.1871886,0.6634862489746405,0.10138011497150734,0.0036904376666666654,0.0014850324996208302,0.001112630956218896,0.00037721794511326153,0.0009860853749999966,0.6641236550022858,0.10099768717729342,0.000637406027645282,-0.0003824277942139215,-0.0003826608952951635,1.0012208223165657,4.6775496334487456e-09,0.00041409663926143895,0.00018886144926509975,0.00018886144926509975,0.14195253663266527,0.9993908416456764,4.683260090428104e-09,0.664962106267368,0.10211212528841504,0.006394789958333334,0.0008473353334147952,0.0024593202072986653,0.001125412246957433,0.005408704583333337,0.6657130788876972,0.09763229217968505,0.0007509726203291933,-0.004479833108729986,-0.004512501447216971,1.0148310782604806,3.659874626883742e-07,-0.0035737856718054796,0.015314565340866317,0.015314565340866317,0.12046879122042167,0.9927604813274612,3.714154513898602e-07,0.6639786433527968,0.1017187233583653,0.0036904376666666654,-0.0006071029396376962,0.001669071372211851,0.000994654962374086,-0.0003055678083333374,0.6635959580061953,0.10394289198858017,-0.00038268534660146347,0.002224168630214865,0.002216474041186221,0.9931395581925332,-6.446101522668277e-08,0.0017381173579343917,-0.007832628887290709,-0.007832628887290709,0.17670403200354173,1.0034715448435956,-6.401878418286988e-08]"
/multi_agv/m2b_algorithm_state,1789558485.1972692,1789558485.1972692,m2b_algorithm_state_v1:header6+3x20,"[1.0,-0.15,0.52,0.6661404420034294,0.10173576077507417,1789558485.1971335,0.6644826955892725,0.10137963446045029,0.0036904376666666654,0.001485744111448559,0.001112320379977993,0.00037707102949386664,0.0009860853749999966,0.6651057812082042,0.1012887955681189,0.0006230856189316514,-9.08388923313852e-05,-9.085201535282463e-05,1.00028902888523,2.639878530710805e-10,0.0006880050083117395,-0.0009150230370070038,-0.0009150230370070038,0.14195253064902288,0.999855556077777,2.640641531859679e-10,0.6659582566795238,0.10211141262953714,0.006394789958333334,0.0008487140013147057,0.002458820060659783,0.0011250747608367723,0.005408704583333337,0.6670296973874178,0.09953913204836333,0.0010714407078940003,-0.0025722805811738136,-0.002582897149306763,1.0083349532639594,1.2071658987456536e-07,-0.0012435962644392626,0.006370769924704566,0.006370769924704566,0.12046879469166916,0.9958896667117393,1.2172275700935442e-07,0.6649749977091153,0.10171811603778723,0.0036904376666666654,-0.0006057546147653901,0.0016686991613307119,0.0009942640946813356,-0.0003055678083333374,0.6646323812197281,0.10416509775570229,-0.0003426164893871597,0.0024469817179150616,0.002437683973526331,0.9924715180523692,-7.783711466137738e-08,0.0020094133617923815,-0.00890887788220948,-0.00890887788220948,0.17670404371857032,1.00381417135679,-7.725111934879353e-08]"
/multi_agv/m2b_algorithm_state,1789558485.207124,1789558485.207124,m2b_algorithm_state_v1:header6+3x20,"[1.0,-0.15,0.52,0.6671372375408452,0.10173518059639104,1789558485.2069726,0.6654846071141509,0.10137907532060275,0.0036904376666666654,0.0014870123320489528,0.0011119508829199316,0.00037671349273358753,0.0009860853749999966,0.66615322570285,0.10165203418946522,0.0006686185886990437,0.0002729588688624718,0.0002728407030422293,0.9991350807023721,2.385037809373219e-09,0.001108613938916034,-0.002575298703993957,-0.002575298703993957,0.14195253451261297,1.0004330945453699,2.38297494414632e-09,0.6669598944831189,0.10211065900629163,0.006394789958333334,0.0008501458674840222,0.002458357439068415,0.001124694693652395,0.005408704583333337,0.6681382546346056,0.09945425661232815,0.001178360151486757,-0.002656402393963475,-0.002667732034314373,1.0086158048637475,1.289659753700731e-07,-0.0011947818449559266,0.0062364061369801155,0.0062364061369801155,0.12046879245267318,0.9957530815669762,1.300771210479245e-07,0.6659768244130184,0.1017175479983281,0.0036904376666666654,-0.0006048390347317815,0.0016683028723956557,0.000994073333130029,-0.0003055678083333374,0.665576622194052,0.1034757033374944,-0.0004002022189664167,0.0017581553391662896,0.001753330167123336,0.99454782643713,-4.01425820676088e-08,0.001253077393415315,-0.00587589123113039,-0.00587589123113039,0.176704036170184,1.002752004233675,-3.992371774291444e-08]"
/multi_agv/m2b_algorithm_state,1789558485.2176123,1789558485.2176123,m2b_algorithm_state_v1:header6+3x20,"[1.0,-0.15,0.52,0.6681487697818348,0.10173450835950272,1789558485.2174606,0.6664815319655433,0.10137860693081804,0.0036904376666666654,0.0014877531600077055,0.001111633158115642,0.00037655763161914503,0.0009860853749999966,0.6671879342035392,0.10174435779665539,0.0007064022379958956,0.0003657508658373443,0.00036553885124785904,0.9988422669392812,4.284106905643938e-09,0.0012485416487427285,-0.003115070031326465,-0.003115070031326465,0.14195252938364597,1.0005800056239207,4.279147053443621e-09,0.6679565234832121,0.10210996943993658,0.006394789958333334,0.0008515023882505503,0.002457857827100507,0.0011243665306366335,0.005408704583333337,0.6691304898619754,0.09945425661232815,0.0011739663787633248,-0.0026557128276084307,-0.0026670366330370935,1.0086135810533206,1.2910505241294963e-07,-0.0011995786595829375,0.006254334876226247,0.006254334876226247,0.12046879542527453,0.9957541620207265,1.3021710924630175e-07,0.6669736571737804,0.10171696541841849,0.0036904376666666654,-0.0006035497739304298,0.0016679263900554412,0.000993710290534272,-0.0003055678083333374,0.666603007652661,0.10381465258180866,-0.00037064952111942606,0.0020976871633901772,0.002090836062152549,0.9935201345133717,-5.700829993899784e-08,0.0016275241607532666,-0.007373296540961218,-0.007373296540961218,0.17670404619787985,1.0032767280810024,-5.663889382377177e-08]"
/multi_agv/m2b_algorithm_state,1789558485.2272196,1789558485.2272196,m2b_algorithm_state_v1:header6+3x20,"[1.0,-0.15,0.52,0.6691375884514233,0.10173400694697925,1789558485.2270734,0.6674931656359875,0.10137791318085937,0.0036904376666666654,0.00148998422487856,0.00111115679526792,0.0003758383246746375,0.0009860853749999966,0.6683133331082227,0.10215134650772477,0.0008201674722352337,0.0007734333268653998,0.0007724881711267196,0.9975631117495884,1.9180562941745284e-08,0.0017976975114207617,-0.005258110040174356,-0.005258110040174356,0.14195255073078206,1.0012235213094611,1.9133822053276265e-08,0.6689679234735725,0.10210914531806273,0.006394789958333334,0.0008530295810404501,0.002457461075213163,0.0011239108756800065,0.005408704583333337,0.6700586947083685,0.09780834338878171,0.0010907712347960619,-0.00430080192928102,-0.00433087189773212,1.0142103404997846,3.395538367384209e-07,-0.0029674078542370422,0.01313138181915265,0.01313138181915265,0.12046878302197826,0.9930568326283571,3.4437901237648214e-07,0.6679852202359443,0.10171646657958608,0.0036904376666666654,-0.000603386873318255,0.0016674888356411743,0.0009938672572356675,-0.0003055678083333374,0.6679014302778417,0.10347443209086035,-8.378995810265355e-05,0.0017579655112742731,0.0017531413027849763,0.9945483223295638,-4.003775893392061e-08,0.0016484038551566594,-0.007286327254242353,-0.007286327254242353,0.17670400435991476,1.002751751089107,-3.981948597756624e-08]"
/multi_agv/m2b_algorithm_state,1789558485.2373881,1789558485.2373881,m2b_algorithm_state_v1:header6+3x20,"[1.0,-0.15,0.52,0.6701344819394924,0.10173346017117509,1789558485.2372754,0.6684821290963693,0.10137759700648308,0.0036904376666666654,0.0014898490055783248,0.0011109201575498322,0.00037602001984431686,0.0009860853749999966,0.6693534827128864,0.10197396095318324,0.0008713536165171343,0.0005963639467001652,0.0005958012621117201,0.9981172125398524,1.1403929572787104e-08,0.001684993282758138,-0.004773317586677743,-0.004773317586677743,0.14195253128938926,1.0009444165768477,1.1382458397191055e-08,0.6699565554139715,0.10210856265372283,0.006394789958333334,0.000854264079276852,0.0024569008876441645,0.001123667120230737,0.005408704583333337,0.6711060018946025,0.09864628913191081,0.0011494464806309779,-0.003462273521812012,-0.0034816381949679663,1.011332442505752,2.202600671448972e-07,-0.002044830094179244,0.009563416688332733,0.009563416688332733,0.12046879432316975,0.994438057008927,2.2275615169212982e-07,0.6689740808439295,0.10171586118073184,0.0036904376666666654,-0.0006014809644933985,0.0016671455815004971,0.0009932196338837086,-0.0003055678083333374,0.6689500389226132,0.1036735446240044,-2.4041921316331205e-05,0.0019576834432725593,0.0019517098791214395,0.9939428025371213,-4.948772155289061e-08,0.0019216574774760255,-0.008355948981675486,-0.008355948981675486,0.1767040424672159,1.003060682438011,-4.91879646514568e-08]"
/multi_agv/m2b_algorithm_state,1789558485.2473102,1789558485.2473102,m2b_algorithm_state_v1:header6+3x20,"[1.0,-0.15,0.52,0.6711348794980938,0.10173290007421947,1789558485.2471588,0.6694791527635042,0.10137715517567283,0.0036904376666666654,0.001490576713653784,0.0011105989919012902,0.0003758716358541218,0.0009860853749999966,0.670362657571016,0.1018106561795736,0.0008835048075117591,0.0004335010039007714,0.0004332033161745859,0.9986288429733149,6.029416136259131e-09,0.0015375843255642848,-0.004171538038552696,-0.004171538038552696,0.1419525263446508,1.0006871778563797,6.021148859957091e-09,0.6709532813938153,0.10210791292873934,0.006394789958333334,0.0008555795395673582,0.002456398362968626,0.001123358272692776,0.005408704583333337,0.6721679904999686,0.09919084828743929,0.0012147091061532889,-0.0029170646413000517,-0.002930754315517212,1.0094894766425095,1.565397214210409e-07,-0.001412367932825601,0.007117308451166418,0.007117308451166418,0.1204687971914198,0.9953289587787421,1.580252014510908e-07,0.6699710116611577,0.10171531240911308,0.0036904376666666654,-0.0006002372397076916,0.0016667652501577597,0.0009928783330494283,-0.0003055678083333374,0.6701182920097379,0.1047259089855028,0.00014728034858024763,0.003010596576389718,0.0029965822886988853,0.990796979697887,-1.1670193331623797e-07,0.003180682724424195,-0.01337578761693644,-0.01337578761693644,0.17670405215166096,1.00467675716555,-1.156279230546328e-07]"
/multi_agv/m2b_algorithm_state,1789558485.2575037,1789558485.2575037,m2b_algorithm_state_v1:header6+3x20,"[1.0,-0.15,0.52,0.6721395493367082,0.10173232155884016,1789558485.2572978,0.6704796741691108,0.10137666594234894,0.0036904376666666654,0.0014916597484895462,0.00111024000400417,0.0003755889044834283,0.0009860853749999966,0.671360783935286,0.10169471160785201,0.0008811097661751699,0.00031804566550307223,0.00031788528841420274,0.9989926984330618,3.2480743035719045e-09,0.001419272496133165,-0.0036956794544962895,-0.0036956794544962895,0.14195252768954622,1.0005045124600436,3.2448025132363847e-09,0.671953519431002,0.10210724154923011,0.006394789958333334,0.0008569239192536887,0.002455919798724504,0.0011230244250319127,0.005408704583333337,0.6731576552858547,0.09919084828743929,0.0012041358548526837,-0.0029163932617908145,-0.0029300766896714235,1.0094873061898848,1.5671394427833115e-07,-0.0014249068711055688,0.007162416499660554,0.007162416499660554,0.1204687964061713,0.9953300103274283,1.5820073745192424e-07,0.6709714448941687,0.10171479273107936,0.0036904376666666654,-0.000599276549518852,0.001666369214362768,0.000992667888035175,-0.0003055678083333374,0.6711195147543785,0.10314764600964284,0.0001480698602097652,0.0014328532785634757,0.0014296404085250803,0.9955398634952769,-2.6423497928143013e-08,0.0016147277337872868,-0.007007803637259514,-0.007007803637259514,0.17670404951186902,1.0022473273833314,-2.630564552045123e-08]"
/multi_agv/m2b_algorithm_state,1789558485.2671292,1789558485.2671292,m2b_algorithm_state_v1:header6+3x20,"[1.0,-0.15,0.52,0.6731335707635466,0.1017318280977948,1789558485.2669613,0.6714844599298629,0.10137612031933348,0.0036904376666666654,0.0014931515233390174,0.0011098344750847915,0.0003751532081789988,0.0009860853749999966,0.6721041615833863,0.10178658753089419,0.0006197016535233191,0.0004104672115607111,0.0004102002679529048,0.9987013401652038,5.4151525057475626e-09,0.0011848273348570536,-0.002904028444210618,-0.002904028444210618,0.14195253672216798,1.0006507640990545,5.408120064689052e-09,0.6729580392057651,0.1021065410010258,0.006394789958333334,0.0008583086498648931,0.0024554696071708015,0.0011226583265569606,0.005408704583333337,0.673998569842247,0.10051298355867841,0.0010405306364819067,-0.0015935574423473903,-0.0015976021904517592,1.0051070443835006,4.682511804009337e-08,-0.00029693889484937587,0.0026198975757237616,0.0026198975757237616,0.12046879116866162,0.9974682382582205,4.706425599618678e-08,0.6719761488744965,0.10171430335616116,0.0036904376666666654,-0.0005986376763908491,0.001665955827801091,0.000992605966102263,-0.0003055678083333374,0.6716993381652937,0.10177089111691176,-0.0002768107092028238,5.658776075059824e-05,5.658269693248086e-05,0.999821066212122,-4.120937615821126e-11,-0.0002894306895710489,0.00040357687236971715,0.00040357687236971715,0.17670403183455774,1.0000894941102476,-4.1202002408439184e-11]"
/multi_agv/m2b_algorithm_state,1789558485.2772,1789558485.2772,m2b_algorithm_state_v1:header6+3x20,"[1.0,-0.15,0.52,0.6741371801030428,0.10173127887815743,1789558485.2770586,0.6724786176575872,0.10137575549948559,0.0036904376666666654,0.0014935332180683247,0.0011095409123190497,0.0003751404506595554,0.0009860853749999966,0.6730800108539547,0.101183241062191,0.000601393196367539,-0.00019251443729459417,-0.00019257342665874506,1.0006132768466867,1.1920002103373875e-09,0.0005591680688006787,-0.00040358263677116855,-0.00040358263677116855,0.1419525266124192,0.999693678587049,1.192731236467633e-09,0.6739518849965694,0.10210595956390531,0.006394789958333334,0.0008595497505924643,0.0024549426990684298,0.001122394398331547,0.005408704583333337,0.6749608039891163,0.10005837345712504,0.0010089189925468478,-0.002047586106780269,-0.0020542870861224847,1.0065960144752186,7.744381112668152e-08,-0.000793138345438925,0.004569982858477443,0.004569982858477443,0.12046879703424103,0.9967380511772268,7.795463162588921e-08,0.6729702096364832,0.10171376922999348,0.0036904376666666654,-0.0005971899045287984,0.0016655862016848218,0.0009921706499902393,-0.0003055678083333374,0.672816400923359,0.1028937796839501,-0.00015380871312420386,0.0011800104539566175,0.0011778272084288857,0.9963162158141113,-1.786180384860164e-08,0.0009855663170236309,-0.004643303741731154,-0.004643303741731154,0.17670405161791808,1.0018536212375702,-1.7796004818052718e-08]"
/multi_agv/m2b_algorithm_state,1789558485.2870958,1789558485.2870958,m2b_algorithm_state_v1:header6+3x20,"[1.0,-0.15,0.52,0.6751331689823895,0.10173079336180559,1789558485.2869658,0.6734823454592488,0.10137524524964994,0.0036904376666666654,0.0014948983093727138,0.0011091454550303352,0.00037475442839337257,0.0009860853749999966,0.6740744626118141,0.1010977588561163,0.0005921171525653524,-0.00027748639353364357,-0.00027760902803382304,1.000884823262652,2.4788862851869335e-09,0.0004625374126728674,-2.0738577159813178e-05,-2.0738577159813178e-05,0.14195253374081576,0.9995582474350778,2.4810796614375357e-09,0.6749553411389677,0.1021052958138428,0.006394789958333334,0.0008608938416626135,0.002454483107774852,0.0011220508070560742,0.005408704583333337,0.6760049129375413,0.10015561205266277,0.0010495717985735675,-0.0019496837611800294,-0.0019557548143209623,1.0062737334353118,7.032061712166277e-08,-0.0006437900661040029,0.0040023282229130035,0.0040023282229130035,0.12046879290129248,0.9968958004876286,7.07617899284907e-08,0.6739738537109118,0.10171329557097958,0.0036904376666666654,-0.0005964929811459918,0.0016651755653071974,0.0009920821353372128,-0.0003055678083333374,0.6740407824491852,0.10250958858279981,6.69287382734085e-05,0.0007962930118202288,0.0007952958950772014,0.9975031787039504,-8.12667545231117e-09,0.000878956817918962,-0.004084704480972222,-0.004084704480972222,0.17670403768138268,1.0012537682505336,-8.106384595975756e-09]"
/multi_agv/m2b_algorithm_state,1789558485.2970123,1789558485.2970123,m2b_algorithm_state_v1:header6+3x20,"[1.0,-0.15,0.52,0.6761283237506568,0.10173032369541936,1789558485.2968788,0.6744784674239657,0.10137486730341137,0.0036904376666666654,0.0014954621166671455,0.0011088300645607715,0.00037467408586930296,0.0009860853749999966,0.6751371738540318,0.10125194661529592,0.0006587064300661583,-0.0001229206881154521,-0.00012294472474734546,1.0003912736009195,4.865650147381732e-10,0.0007004383128353523,-0.0009347196522019748,-0.0009347196522019748,0.14195252715799686,0.9998044923688856,4.867553947835712e-10,0.6759511584040586,0.10210472069039098,0.006394789958333334,0.0008621317527671094,0.0024539682650074335,0.0011217819857561317,0.005408704583333337,0.677073168443055,0.1015216799359778,0.0011220100389963683,-0.0005830407544131777,-0.0005835780754566998,1.001847249942948,6.2918570268295255e-09,0.0008189344732887606,-0.0017772447856168883,-0.0017772447856168883,0.1204687967151954,0.9990792645129762,6.303479659363374e-09,0.6749698811191441,0.10171279209161445,0.0036904376666666654,-0.0005952166074668689,0.001664796373612016,0.0009917260913353204,-0.0003055678083333374,0.674923850277025,0.1005068058296121,-4.60308421191824e-05,-0.0012059862620023426,-0.0012083083651294715,1.0038685354174837,-1.8626310657564674e-08,-0.0012658469177784495,0.004419905147120238,0.004419905147120238,0.17670405054889043,0.9980782197705963,-1.8698367200040516e-08]"
/multi_agv/m2b_algorithm_state,1789558485.3070946,1789558485.3070946,m2b_algorithm_state_v1:header6+3x20,"[1.0,-0.15,0.52,0.6771306546062025,0.10172981490994742,1789558485.3068411,0.675473757104506,0.1013745079320295,0.0036904376666666654,0.0014959586015599927,0.0011085231988309675,0.00037461849103885515,0.0009860853749999966,0.676177267799981,0.10150693394614438,0.0007035106954750292,0.00013242601411488086,0.00013239817002254375,0.9995796877881234,5.648128968635634e-10,0.0010117865393663302,-0.0021571815711404433,-0.0021571815711404433,0.14195251909435974,1.0002103057189715,5.645754991055863e-10,0.6769461397632255,0.10210416597630435,0.006394789958333334,0.0008633445724532552,0.002453448037706085,0.0011215268426549851,0.005408704583333337,0.6782406696722734,0.10271139422984907,0.0012945299090478812,0.0006072282535447143,0.000606650674104136,0.9981020509210012,6.828678321922892e-09,0.0022248130604139876,-0.007325237391877293,-0.007325237391877293,0.12046880139430981,1.0009520791210382,6.81571783819102e-09,0.6759650743842389,0.10171229717792422,0.0036904376666666654,-0.0005939088265958744,0.0016644184694951615,0.0009913557639863939,-0.0003055678083333374,0.6758506285079322,0.10039779400987726,-0.00011444587630671244,-0.0013145031680469599,-0.0013172642519640584,1.0042218467233421,-2.2082228532099833e-08,-0.001460321597347449,0.005155061419659561,0.005155061419659561,0.17670406633480712,0.997903925569238,-2.217545631627217e-08]"
/multi_agv/m2b_algorithm_state,1789558485.3170307,1789558485.3170307,m2b_algorithm_state_v1:header6+3x20,"[1.0,-0.15,0.52,0.6781322552507231,0.10172932196902425,1789558485.3169217,0.6764762095081158,0.1013740419903909,0.0036904376666666654,0.0014971882440051932,0.0011081399513424676,0.000374284830184368,0.0009860853749999966,0.6771401037173931,0.10057662634892388,0.0006638942092772604,-0.000797415641467028,-0.0007984323889430402,1.0025577904446286,2.0510011149642836e-08,3.143537265353532e-05,0.001743810364159906,0.001743810364159906,0.14195252391965946,0.9987265703519892,2.0562471460180616e-08,0.6779483139990988,0.1021035527567454,0.006394789958333334,0.0008646311146924754,0.002452978178689502,0.0011212135403939477,0.005408704583333337,0.6792632185039439,0.10271139422984907,0.0013149045048450603,0.0006078414731036652,0.0006072627243691306,0.9981001316254663,6.852690027086354e-09,0.002250893355425456,-0.007417026020334342,-0.007417026020334342,0.1204687985970962,1.0009530450516881,6.83967081802341e-09,0.6769674403113923,0.10171184998270595,0.0036904376666666654,-0.0005931655883206076,0.0016640098822597888,0.0009912461085714499,-0.0003055678083333374,0.6771095776035001,0.10322038204911094,0.00014213729210776904,0.0015085320664049856,0.0015049727529242872,0.9953081689531909,-2.8988552162731042e-08,0.0016826443680589985,-0.007279920406606789,-0.007279920406606789,0.17670405689984983,1.0023650351634488,-2.8852542773691895e-08]"
/multi_agv/m2b_algorithm_state,1789558485.3270469,1789558485.3270469,m2b_algorithm_state_v1:header6+3x20,"[1.0,-0.15,0.52,0.6791321685250816,0.10172885118247986,1789558485.3269606,0.6774779331909292,0.10137359960915228,0.0036904376666666654,0.0014983107767915617,0.0011077637138593886,0.00037399395118861115,0.0009860853749999966,0.6780738471797494,0.09973855010648681,0.0005959139888201959,-0.0016350495026654643,-0.0016393513508423086,1.0052945011961127,8.634379505198946e-08,-0.0008944588648170638,0.0053868595648554115,0.0053868595648554115,0.1419525274333789,0.997375883958839,8.680094237816913e-08,0.6789497557429051,0.10210295958050686,0.006394789958333334,0.0008658968116460886,0.002452501476545743,0.0011209128344478042,0.005408704583333337,0.6794703006035697,0.1009799898627314,0.0005205448606646623,-0.0011229697177754516,-0.0011249712515914315,1.0035799049253307,2.345159609467056e-08,-0.0004742901757606036,0.0030464584889624024,0.0030464584889624024,0.12046879656030006,0.9982208133646538,2.3535550579036737e-08,0.6779690768183352,0.10171140671741363,0.0036904376666666654,-0.0005923593986220444,0.001663605094212834,0.0009911071898347154,-0.0003055678083333374,0.6781431081273384,0.10144935202086695,0.00017403130900317532,-0.0002620546965466791,-0.00026216356036474353,1.0008316734150398,-8.746984171520953e-10,-4.4624424110774384e-05,-0.00031626165160116617,-0.00031626165160116617,0.17670405002181147,0.9995847484756732,-8.754258805718181e-10]"
/multi_agv/m2b_algorithm_state,1789558485.33722,1789558485.33722,m2b_algorithm_state_v1:header6+3x20,"[1.0,-0.15,0.52,0.6801268566494719,0.10172842613353224,1789558485.3371143,0.6784779728311088,0.1013731946304907,0.0036904376666666654,0.0014992379553730437,0.0011074048613217693,0.0003737787081987405,0.0009860853749999966,0.678437772800344,0.09995668466365286,-4.0200030764769856e-05,-0.0014165099668378422,-0.0014197333994219814,1.0045755645589862,6.483571603841627e-08,-0.0014699834378779438,0.007325714076700546,0.007325714076700546,0.14195252791010274,0.997729550783653,6.513237604287814e-08,0.6799495057365234,0.10210239561808052,0.006394789958333334,0.0008671294223480354,0.0024520116343250686,0.0011206333068019547,0.005408704583333337,0.6804755012675788,0.1009799898627314,0.0005259955310554787,-0.0011224057553491096,-0.0011244052860600485,1.0035781114991384,2.3461448189028714e-08,-0.0004669108722407001,0.0030213497763474616,0.0030213497763474616,0.12046879628214854,0.9982216992967496,2.354539586658032e-08,0.6789690270076129,0.10171096329886838,0.0036904376666666654,-0.0005914246062734435,0.0016632075471811674,0.0009909087597544412,-0.0003055678083333374,0.6784134020242468,0.10010494366789904,-0.0005556249833660321,-0.0016060196309693325,-0.001610150330248418,1.0051752598969035,-3.2831329645665575e-08,-0.0023046815594559584,0.00826238602733817,0.00826238602733817,0.17670404908096557,0.9974345878136432,-3.300124030934281e-08]"
/multi_agv/m2b_algorithm_state,1789558485.3471076,1789558485.3471076,m2b_algorithm_state_v1:header6+3x20,"[1.0,-0.15,0.52,0.681129183552646,0.1017279586318507,1789558485.3469903,0.6794727973221197,0.10137287971267737,0.0036904376666666654,0.001499633700124747,0.0011071009152521672,0.00037376526220620713,0.0009860853749999966,0.6795539774625413,0.10118770625257123,8.118014042157728e-05,-0.00018517346010614444,-0.00018522803556269462,1.0005898651532328,1.1073400598719569e-09,-8.375286003572301e-05,0.0018800391728671663,0.0018800391728671663,0.14195251900266284,0.9997053607118144,1.1079932411860541e-09,0.6809440183123847,0.10210189491477488,0.006394789958333334,0.000868284939554374,0.0024514849887381507,0.0011204063437279393,0.005408704583333337,0.6816862918738485,0.10355066849664356,0.0007422735614638354,0.0014487735818686787,0.0014455066728370231,0.9955150221130926,3.9071008421799275e-08,0.0023733486246668174,-0.008254295354834773,-0.008254295354834773,0.12046880144920998,1.002260044241265,3.889577581300833e-08,0.6799637543139115,0.10171050377314445,0.0036904376666666654,-0.0005901112389542118,0.0016628305139428194,0.0009905355592871082,-0.0003055678083333374,0.6795108608307737,0.10164241419467598,-0.0004528934831378173,-6.808957846846098e-05,-6.809691731005096e-05,1.0002156199725967,-5.882033870032427e-11,-0.0006342137712323226,0.0016914413901002352,0.0016914413901002352,0.17670406651796203,0.999892229459425,-5.883302154014297e-11]"
/multi_agv/m2b_algorithm_state,1789558485.3570387,1789558485.3570387,m2b_algorithm_state_v1:header6+3x20,"[1.0,-0.15,0.52,0.6821296940090266,0.10172751390464152,1789558485.3569489,0.6804752463253511,0.10137245038504321,0.0036904376666666654,0.0015008125954330993,0.0011067159917715007,0.0003734544705577905,0.0009860853749999966,0.6808972589498633,0.10078299531327127,0.00042201262451224686,-0.0005894550717719382,-0.0005900097890546698,1.0018863295884568,1.1232822849636455e-08,-6.249400841436118e-05,0.001986945841411271,0.001986945841411271,0.14195252382282572,0.9990598168148698,1.1254011655739618e-08,0.6819461876498629,0.10210133099578021,0.006394789958333334,0.0008695194096259625,0.0024510122916505672,0.0011201170917884973,0.005408704583333337,0.6827152410056311,0.10355066849664356,0.0007690533557681567,0.0014493375008633458,0.0014460680369024123,0.9955132706248534,3.915710608663373e-08,0.0024073847316126084,-0.00837476821104595,-0.00837476821104595,0.12046879865522182,1.0022609337026334,3.89814187485091e-08,0.6809661166827242,0.10171009451472872,0.0036904376666666654,-0.0005893998692560981,0.0016624208924706178,0.0009904402572705785,-0.0003055678083333374,0.6806716729582014,0.10327087804888684,-0.0002944437245228082,0.0015607835341581167,0.0015569748034656005,0.995148442399525,-3.083356909665618e-08,0.0011889201478120903,-0.005538726950973452,-0.005538726950973452,0.17670405708836615,1.0024462378479333,-3.068397826015553e-08]"
/multi_agv/m2b_algorithm_state,1789558485.3669496,1789558485.3669496,m2b_algorithm_state_v1:header6+3x20,"[1.0,-0.15,0.52,0.6831264663879985,0.10172710452852307,1789558485.3668451,0.6814758823895833,0.1013720610107909,0.0036904376666666654,0.0015017770870935608,0.0011063498918127733,0.00037322682384434945,0.0009860853749999966,0.6818547272398086,0.09990846656666275,0.00037884485022521286,-0.0014635944441281495,-0.0014670370064774503,1.004730241760481,6.933738886273761e-08,-0.0009934809436959343,0.005665621233119873,0.005665621233119873,0.14195252537630634,0.9976533909273585,6.966537147509885e-08,0.6829465358292723,0.10210079721931616,0.006394789958333334,0.0008707198500818598,0.0024505254607375404,0.0011198499440239207,0.005408704583333337,0.6839144439577339,0.10200878851984659,0.000967908128461592,-9.200869946957013e-05,-9.202203149823129e-05,1.0002899006807964,1.581992116023052e-10,0.0011178631290787587,-0.0030550228625362587,-0.0030550228625362587,0.12046879775376353,0.9998551213394868,1.5824507366145016e-10,0.6819666638082238,0.1017096834838175,0.0036904376666666654,-0.0005885451271841007,0.0016620195391492953,0.0009902785074039884,-0.0003055678083333374,0.6821042808333257,0.10292765817626721,0.00013761702510195484,0.0012179746924497192,0.0012156492464408537,0.9961991354822232,-1.875398723354614e-08,0.0013876705278182972,-0.006085863600438017,-0.006085863600438017,0.1767040540493556,1.0019129251432302,-1.8682705868903316e-08]"
/multi_agv/m2b_algorithm_state,1789558485.376984,1789558485.376984,m2b_algorithm_state_v1:header6+3x20,"[1.0,-0.15,0.52,0.6841261858831774,0.10172668463353729,1789558485.3768756,0.6824727875311561,0.10137173910008936,0.0036904376666666654,0.0015023521151106803,0.0011060231476903697,0.0003731475240651978,0.0009860853749999966,0.6828255117652094,0.10000483738470446,0.0003527242340533032,-0.001366901715384894,-0.0013699022578613571,1.004412934745786,6.049774097434222e-08,-0.0009289969652947281,0.005396523773339755,0.005396523773339755,0.14195252020865393,0.9978096667413721,6.076471355752945e-08,0.6839431370505313,0.10210031183900553,0.006394789958333334,0.0008718619831061926,0.0024500119875986437,0.0011196219314473788,0.005408704583333337,0.6849443332307196,0.10294323683261906,0.0010011961801882352,0.0008429249936135336,0.0008418139555759916,0.9973723145519069,1.3286452819728998e-08,0.0020933091808112854,-0.006961508965687442,-0.006961508965687442,0.12046880074845405,1.0013198142299529,1.325154020099782e-08,0.6829634745823079,0.10170926264647433,0.0036904376666666654,-0.0005874168839444219,0.0016616332561380908,0.0009899903647850828,-0.0003055678083333374,0.6831269048083262,0.1030905664254596,0.0001634302260182796,0.0013813037789852795,0.0013783165314443842,0.9956974625519669,-2.4071968141381123e-08,0.0015826043139672338,-0.006856943808030872,-0.006856943808030872,0.17670406415070594,1.002167316050229,-2.3968397597004972e-08]"
/multi_agv/m2b_algorithm_state,1789558485.3870451,1789558485.3870451,m2b_algorithm_state_v1:header6+3x20,"[1.0,-0.15,0.52,0.6851313767327055,0.1017262372027619,1789558485.3868935,0.683472634333408,0.10137137736601474,0.0036904376666666654,0.0015032290994130672,0.0011056651837626271,0.00037295357674404193,0.0009860853749999966,0.6839208274922355,0.10091061381609594,0.00044819315882749233,-0.00046076354991880786,-0.00046110216806984506,1.001472373645382,6.873943147565983e-09,9.913928046452036e-05,0.001358892128796545,0.001358892128796545,0.14195252033911734,0.99926563314058,6.8840641602963145e-09,0.6849426923685554,0.10209980910209758,0.006394789958333334,0.0008730263073367227,0.0024495194561339195,0.001119373405680843,0.005408704583333337,0.6864654968301626,0.10396441806235972,0.0015228044616071301,0.0018646089602621374,0.0018592145258547919,0.9942550509561524,6.505291342159111e-08,0.0037627201028637043,-0.013414584265817254,-0.013414584265817254,0.12046880067210067,1.0029014588323881,6.467918774883025e-08,0.683963230947569,0.10170886743249957,0.0036904376666666654,-0.0005865314374149454,0.00166123400120214,0.0009898142147145724,-0.0003055678083333374,0.6841930292020879,0.10329437774943362,0.00022979825451896474,0.0015855103169340468,0.0015815806238091187,0.995072893418972,-3.166302789033713e-08,0.0018688284419578246,-0.00797443626191424,-0.00797443626191424,0.17670406389190696,1.0024846619045342,-3.150702077724338e-08]"
/multi_agv/m2b_algorithm_state,1789558485.3970497,1789558485.3970497,m2b_algorithm_state_v1:header6+3x20,"[1.0,-0.15,0.52,0.6861220449995254,0.10172589796274746,1789558485.3969016,0.6844779421024878,0.10137093903334946,0.0036904376666666654,0.0015046407921578127,0.001105248561291172,0.00037255836488941344,0.0009860853749999966,0.6852179671083133,0.1015449697913493,0.0007400250058254843,0.00017403075799984902,0.00017398268262331198,0.9994478710935492,9.811098619297248e-10,0.0010990139399051674,-0.002477615180868835,-0.002477615180868835,0.14195253030971508,1.0002763227685203,9.805681628145494e-10,0.6859477316300123,0.10209926434270022,0.006394789958333334,0.0008742455670218766,0.0024490646919204107,0.0011190814198149546,0.005408704583333337,0.6874878522628098,0.10387095287045947,0.0015401206327975148,0.0017716885277592465,0.0017668148544906016,0.9945354706803683,5.88169717787923e-08,0.0036919656454874952,-0.013114138026641135,-0.013114138026641135,0.1204687948926739,1.0027584516036063,5.849556471201514e-08,0.6849684564656164,0.10170850823223604,0.0036904376666666654,-0.0005860616271904863,0.0016608128886977276,0.0009898295995985039,-0.0003055678083333374,0.6855565149839703,0.1030488629345098,0.0005880585183538622,0.001340354702273755,0.0013375410396119407,0.9958230131438692,-2.261434115135748e-08,0.0020726141875542685,-0.008583873820569889,-0.008583873820569889,0.17670404439378767,1.002103608471431,-2.2519881345608204e-08]"
/multi_agv/m2b_algorithm_state,1789558485.40698,1789558485.40698,m2b_algorithm_state_v1:header6+3x20,"[1.0,-0.15,0.52,0.6871244775641255,0.10172548804234392,1789558485.4068997,0.6854687547035384,0.101370738880221,0.0036904376666666654,0.0015045600082288471,0.0011049852846905174,0.0003727303224578117,0.0009860853749999966,0.6862378428703076,0.10113280401813768,0.0007690881667692384,-0.0002379348620833166,-0.00023802500715502896,1.000758410926035,1.8343586388702766e-09,0.0007233352013065191,-0.0009541272551455353,-0.0009541272551455353,0.14195251416069365,0.9996212789874904,1.8357498365042627e-09,0.686938214130088,0.10209887267871913,0.006394789958333334,0.000875277106695241,0.002448507391687893,0.0011189241479149653,0.005408704583333337,0.6883998022300736,0.10265295109173263,0.0014615880999855335,0.0005540784130134979,0.0005535972885792537,0.9982669974922531,5.7645224450525035e-09,0.0023805824135611706,-0.007841893527770587,-0.007841893527770587,0.12046880424548535,1.0008690874109571,5.754532513199265e-09,0.6859591661649498,0.1017080823293023,0.0036904376666666654,-0.0005844939207604962,0.0016604516761482566,0.0009893379238947032,-0.0003055678083333374,0.6866760513822346,0.1035233840936096,0.0007168852172848572,0.0018153017643073033,0.0018101593946699517,0.9943735649007217,-4.135510722974972e-08,0.002706265916276023,-0.011073750165045209,-0.011073750165045209,0.17670407596632032,1.0028408380237086,-4.112242540289784e-08]"
/multi_agv/m2b_algorithm_state,1789558485.417189,1789558485.417189,m2b_algorithm_state_v1:header6+3x20,"[1.0,-0.15,0.52,0.6881315212777768,0.10172505649097659,1789558485.4170728,0.6864713096133273,0.10137035702482101,0.0036904376666666654,0.0015056975590743895,0.0011045983550930002,0.00037243849620855135,0.0009860853749999966,0.6871671722886563,0.10045976912353327,0.000695862675329062,-0.0009105879012877433,-0.0009119149301264769,1.0029246902115767,2.689939341429664e-08,-4.208658596514944e-05,0.0020631631068358056,0.0020631631068358056,0.14195251917559784,0.9985447887792015,2.6978065806912784e-08,0.687940488879072,0.10209837745760851,0.006394789958333334,0.0008764355470969997,0.0024480339448390565,0.0011186682457937913,0.005408704583333337,0.6894197102150337,0.10265295109173263,0.001479221335961678,0.000554573634124117,0.0005540916478276853,0.9982654466488774,5.782485442295687e-09,0.0024031183177797826,-0.007921130552140767,-0.007921130552140767,0.12046880134462329,1.0008698674638417,5.7724554127939355e-09,0.6869616341999777,0.10170772964460222,0.0036904376666666654,-0.0005838539944572709,0.0016600402101515869,0.0009892745518101029,-0.0003055678083333374,0.6876783044667536,0.10266045480895707,0.0007166702667759095,0.0009527251643548507,0.0009512993853241543,0.9970177806269095,-1.1385803046841933e-08,0.001847137218794041,-0.007593023722197742,-0.007593023722197742,0.17670406616429488,1.0014987700535627,-1.1351848084417448e-08]"
/multi_agv/m2b_algorithm_state,1789558485.4268909,1789558485.4268909,m2b_algorithm_state_v1:header6+3x20,"[1.0,-0.15,0.52,0.6891172820701379,0.10172477760284719,1789558485.4267745,0.6874784667903427,0.10136991431544466,0.0036904376666666654,0.0015072649828949377,0.0011041616241074907,0.0003719862405930361,0.0009860853749999966,0.6881624061050811,0.10027133940766117,0.0006839393147383133,-0.0010985749077834922,-0.0011005091697400965,1.0035360112598473,3.919823411860876e-08,-0.0002455850263172049,0.0028682534141161566,0.0028682534141161566,0.14195253248026957,0.99824239360308,3.933683951581829e-08,0.6889473851564644,0.10209784858331977,0.006394789958333334,0.0008776398224679032,0.0024475916360626737,0.001118376277029584,0.005408704583333337,0.6900562413447512,0.10274712592291034,0.001108856188286822,0.0006492773395905677,0.0006486171529641936,0.9979714228003822,7.936424165885207e-09,0.002034687388322721,-0.006654619683423084,-0.006654619683423084,0.12046879363594422,1.0010178371376042,7.920324516775797e-09,0.6879687118865233,0.1017074065741653,0.0036904376666666654,-0.0005835507805533979,0.001659611563183577,0.0009893660710294768,-0.0003055678083333374,0.6885627974480714,0.10135784336691879,0.0005940855615480523,-0.0003495632072465088,-0.000349757055896771,1.0011105600837173,-1.5333931332708187e-09,0.0003928498960382943,-0.001819316355340415,-0.001819316355340415,0.17670404014887267,0.9994457620025273,-1.5350960584772755e-09]"
/multi_agv/m2b_algorithm_state,1789558485.4370313,1789558485.4370313,m2b_algorithm_state_v1:header6+3x20,"[1.0,-0.15,0.52,0.6901209266765025,0.10172438692878229,1789558485.4369118,0.6884643810394353,0.10136981418366801,0.0036904376666666654,0.00150666356436998,0.001103949195005381,0.0003723574255105244,0.0009860853749999966,0.688754046820989,0.1007954223200463,0.00028966578155364964,-0.0005743918636217094,-0.0005749185509359175,1.0018378772562606,1.0707660845554921e-08,-0.0002128363239938555,0.0025186821750532006,0.0025186821750532006,0.141952507514351,0.9990838922950899,1.0727340211890718e-08,0.6899329487773082,0.10209753694430547,0.006394789958333334,0.0008785762728329548,0.0024470001215107784,0.0011182780243748774,0.005408704583333337,0.6910798576345628,0.10274712592291034,0.0011469088572546582,0.0006495889786048703,0.0006489281568289988,0.9979704477043073,7.952530473305074e-09,0.0020825642283973213,-0.006824179447231159,-0.006824179447231159,0.120468808099019,1.0010183280982914,7.936390396826412e-09,0.6889545163936702,0.10170698168056805,0.0036904376666666654,-0.0005816434678704197,0.001659270270575719,0.0009887168261518342,-0.0003055678083333374,0.6893330752088228,0.10267450951397387,0.0003785588151525854,0.0009675278334058263,0.0009660575553981566,0.9969719263146378,-1.1697816229031522e-08,0.0014392560743388882,-0.006144976942897867,-0.006144976942897867,0.17670408897093726,1.0015219362443304,-1.1662394379532189e-08]"
/multi_agv/m2b_algorithm_state,1789558485.4470046,1789558485.4470046,m2b_algorithm_state_v1:header6+3x20,"[1.0,-0.15,0.52,0.6911162967865282,0.10172406142161222,1789558485.4468908,0.6894681457505057,0.1013694345188079,0.0036904376666666654,0.0015079143841001193,0.0011035496245619166,0.0003720230769309299,0.0009860853749999966,0.6898165760642305,0.10144896803762415,0.00034843031372477906,7.953351881626047e-05,7.952347056257776e-05,0.9997473963367317,2.053722437418064e-10,0.0005150613627185516,-0.00035686685771378385,-0.00035686685771378385,0.141952514697396,1.000126355824408,2.0532036596070358e-10,0.6909364386524177,0.10209706280849991,0.006394789958333334,0.0008797108844848019,0.0024465359277455745,0.0011180276391528493,0.005408704583333337,0.6927652405061862,0.10291276763367002,0.0018288018537684358,0.0008157048251701132,0.0008146641229484144,0.9974562635988253,1.2554640774206614e-08,0.003100666440158959,-0.010526918917670106,-0.010526918917670106,0.12046880393711652,1.001277461707694,1.2522705077465593e-08,0.6899581956265841,0.10170666345903907,0.0036904376666666654,-0.0005811385232243047,0.001658852872248812,0.0009887150510995034,-0.0003055678083333374,0.6905427429780616,0.10216291401036413,0.0005845473514775046,0.0004562505513250603,0.00045592232925852815,0.9985637118668224,-2.5999583475572886e-09,0.0011866065186054088,-0.0050059405046069694,-0.0050059405046069694,0.17670407491111612,1.000719907855941,-2.596224058235936e-09]"
/multi_agv/m2b_algorithm_state,1789558485.4570622,1789558485.4570622,m2b_algorithm_state_v1:header6+3x20,"[1.0,-0.15,0.52,0.6921229645446093,0.101723668355582,1789558485.4569352,0.6904636515263224,0.10136919508695244,0.0036904376666666654,0.0015082984793723278,0.0011032375993417654,0.00037201888403655924,0.0009860853749999966,0.6914141623118973,0.10163662172588445,0.0009505107855749539,0.0002674266389320057,0.0002673131945042637,0.9991524436829072,2.3222247671845405e-09,0.0014554516764729562,-0.0037838788388137204,-0.0037838788388137204,0.14195250700678277,1.0004243876848369,2.320256550913404e-09,0.69193163442291,0.10209668008561433,0.006394789958333334,0.0008807344501646506,0.0024460129091452565,0.0011178559920062975,0.005408704583333337,0.693788550142002,0.10295009717933425,0.0018569157190920782,0.0008534170937199159,0.0008522782592473288,0.9973397941767682,1.375799060147022e-08,0.003173422908112427,-0.010803442926406132,-0.010803442926406132,0.12046880838739094,1.0013362237746073,1.372139151475622e-08,0.6909536044103523,0.10170630909226992,0.0036904376666666654,-0.0005800016045338714,0.0016584704913352004,0.0009884211208850248,-0.0003055678083333374,0.6918998591495754,0.0994407594789002,0.0009462547392231624,-0.0022655496133697217,-0.0022738111562126337,1.007355594362827,-6.410064327236485e-08,-0.0010909927321836807,0.004273711385636602,0.004273711385636602,0.17670408994217235,0.9963666539235947,-6.457214160267264e-08]"
/multi_agv/m2b_algorithm_state,1789558485.466867,1789558485.466867,m2b_algorithm_state_v1:header6+3x20,"[1.0,-0.15,0.52,0.6931140185895476,0.10172338951175815,1789558485.4667578,0.6914704334616293,0.1013687845003183,0.0036904376666666654,0.0015098281884712112,0.0011028055274340254,0.0003715805533149926,0.0009860853749999966,0.6923723306055802,0.1009362761855459,0.0009018971439509471,-0.0004325083147724007,-0.00043280662308942775,1.0013816897173573,6.083277722512544e-09,0.0006945648068492562,-0.0007577381744008362,-0.0007577381744008362,0.14195251964714525,0.9993107584285615,6.091682924789568e-09,0.6929381545209993,0.10209619797217062,0.006394789958333334,0.000881882262142494,0.0024455699291697774,0.0011175888497658992,0.005408704583333337,0.6947963627297841,0.10262455824516571,0.001858208208784795,0.0005283602729950904,0.0005279226741470177,0.9983468902438207,5.281525548926633e-09,0.0028506829351280117,-0.009494853797861615,-0.009494853797861615,0.12046880107710346,1.000828907090948,5.272794607514192e-09,0.6919603056511995,0.10170602259425704,0.0036904376666666654,-0.0005797376738101074,0.001658041625076101,0.0009885297835044793,-0.0003055678083333374,0.6927407628498179,0.09877701067500577,0.0007804571986184117,-0.0029290119192512676,-0.0029428901191846757,1.0095810771193636,-1.0713891305012423e-07,-0.001967318620911661,0.007636266739206804,0.007636266739206804,0.17670406526040697,0.9952841596623209,-1.0816541923854227e-07]"
/multi_agv/m2b_algorithm_state,1789558485.4769945,1789558485.4769945,m2b_algorithm_state_v1:header6+3x20,"[1.0,-0.15,0.52,0.6941138849082044,0.1017230598299716,1789558485.4769132,0.6924616310686981,0.10136862972415421,0.0036904376666666654,0.0015097422613655378,0.0011025386937604672,0.0003717565911198089,0.0009860853749999966,0.693324563568574,0.10043122359022943,0.0008629324998759014,-0.0009374061339247758,-0.0009388127977387248,1.0030118106533945,2.8584512236359565e-08,0.0001398528271061519,0.0014354601764073535,0.0014354601764073535,0.14195250418760388,0.9985016567548535,2.867060337483512e-08,0.6939290240773461,0.1020958779380789,0.006394789958333334,0.0008828314609230104,0.0024450164633956772,0.0011174652789622264,0.005408704583333337,0.6957459451816166,0.10178862964499936,0.0018169211042704525,-0.00030724829307952894,-0.00030739721449145785,1.000970519906571,1.78895431929127e-09,0.001963754165846608,-0.005942850339539243,-0.005942850339539243,0.12046881001985242,0.9995155407892187,1.7906905350700884e-09,0.6929514006225985,0.10170566087304135,0.0036904376666666654,-0.0005782810402533835,0.0016576781730018308,0.0009880874215490443,-0.0003055678083333374,0.6939675360494102,0.10142217606072623,0.0010161354268116707,-0.00028348481231511846,-0.00028361223997034284,1.0008999747142584,-9.993222434962992e-10,0.0009865570435442456,-0.003949600666710163,-0.003949600666710163,0.17670409544956678,0.999550697617149,-1.0002216082468418e-09]"
/multi_agv/m2b_algorithm_state,1789558485.4870014,1789558485.4870014,m2b_algorithm_state_v1:header6+3x20,"[1.0,-0.15,0.52,0.6951162457834209,0.10172272214496053,1789558485.4869435,0.6934616244386225,0.10136833939053821,0.0036904376666666654,0.0015105766145749582,0.001102179754876675,0.00037158163088617485,0.0009860853749999966,0.694333733271524,0.10079837234237027,0.0008721088329015636,-0.0005699670481679464,-0.0005704856450797314,1.0018236641174452,1.057074573635547e-08,0.0005196503960472231,-7.443926483413849e-05,-7.443926483413849e-05,0.14195250457902578,0.999090955370643,1.0590023226049499e-08,0.6949287271065224,0.10209548291559775,0.006394789958333334,0.0008838714770280573,0.0024445265949540884,0.0011172692568784531,0.005408704583333337,0.6966311197684062,0.10227072084443566,0.001702392661883767,0.00017523792883790412,0.00017518966260389584,0.9994495020357852,5.824290398026148e-10,0.0023031804899586047,-0.0073763317740505804,-0.0073763317740505804,0.12046880979022244,1.0002755084591801,5.821084138019039e-10,0.6939513031794683,0.10170535718377884,0.0036904376666666654,-0.000577530041195744,0.0016572767672169489,0.0009879706722298203,-0.0003055678083333374,0.6950185100416368,0.0997005312536524,0.001067206862168546,-0.002004825930126436,-0.002011282731642129,1.0064900526869602,-4.9973689593108674e-08,-0.0006772741539314464,0.0027059657140535076,0.0027059657140535076,0.1767040946793181,0.996789709664329,-5.0298021471529744e-08]"
/multi_agv/m2b_algorithm_state,1789558485.496993,1789558485.496993,m2b_algorithm_state_v1:header6+3x20,"[1.0,-0.15,0.52,0.6961186862675385,0.10172239285901354,1789558485.4969072,0.6944641074931174,0.10136801872579909,0.0036904376666666654,0.001511644066606772,0.0011017942735949567,0.0003713194372660653,0.0009860853749999966,0.695118779839659,0.10142939534545611,0.000654672346541596,6.137661965702201e-05,6.137063465715539e-05,0.9998050199012118,1.2261073723045302e-10,0.0008797110678341504,-0.001639632895023615,-0.001639632895023615,0.1419525094631379,1.0000975222091162,1.2258683057679535e-10,0.6959309304912408,0.10209507413852698,0.006394789958333334,0.0008849304198038106,0.0024440541234594937,0.0011170559806993469,0.005408704583333337,0.6976476940062629,0.10227072084443566,0.001716763515022146,0.00017564670590868026,0.0001755982141113144,0.9994482173866218,5.858514418857733e-10,0.002321552607888997,-0.007440729777040394,-0.007440729777040394,0.12046880696553194,1.000276151996256,5.855281792461181e-10,0.6949536993659047,0.10170507357055551,0.0036904376666666654,-0.0005769690980518536,0.0016568660906718102,0.0009879411286947536,-0.0003055678083333374,0.6955813664365208,0.09779265179041499,0.0006276670706161225,-0.003912421780140521,-0.003937368146845624,1.012940291112474,-1.9036595751508193e-07,-0.0031527843085754712,0.01219494521651277,0.01219494521651277,0.17670408514357233,0.9936642026412773,-1.9282934842323195e-07]"
/multi_agv/m2b_algorithm_state,1789558485.5070634,1789558485.5070634,m2b_algorithm_state_v1:header6+3x20,"[1.0,-0.15,0.52,0.697117057000403,0.10172209956051413,1789558485.5069344,0.6954666698485421,0.1013677073749033,0.0036904376666666654,0.0015126862568880768,0.0011014079061921521,0.00037106865466599004,0.0009860853749999966,0.6961538827130858,0.10158928483521658,0.0006872128645436515,0.0002215774603132742,0.0002214995518705928,0.9992973735457592,1.5989124028694814e-09,0.0010805156325501572,-0.00242592710893123,-0.00242592710893123,0.14195251449417326,1.0003517318298094,1.5977889647172115e-09,0.6969332134164903,0.10209467516676707,0.006394789958333334,0.0008859798772757653,0.002443581446855636,0.0011168469232605976,0.005408704583333337,0.6986697040953688,0.10195532268567162,0.0017364906788784884,-0.0001393524810954505,-0.0001393830767985341,1.0004393450392952,3.692731177166989e-10,0.0020312302717995765,-0.006258683671001133,-0.006258683671001133,0.12046880405727495,0.9997804919809039,3.6943535602911283e-10,0.6959561755375828,0.10170479603537023,0.0036904376666666654,-0.0005764043449776016,0.0016564567866939606,0.0009879092199673598,-0.0003055678083333374,0.6965534863897014,0.09840863285145976,0.0005973108521185599,-0.003296163183910475,-0.003313787735060279,1.0108268678016454,-1.3493428713875452e-07,-0.002567149169912079,0.009896078041503836,0.009896078041503836,0.17670407532935714,0.9946814483730101,-1.3639520282751507e-07]"
/multi_agv/m2b_algorithm_state,1789558485.5170407,1789558485.5170407,m2b_algorithm_state_v1:header6+3x20,"[1.0,-0.15,0.52,0.698115178877937,0.10172181610277443,1789558485.516938,0.6964651700442772,0.1013674691461519,0.0036904376666666654,0.0015132912361548244,0.0011010649492956713,0.0003709848065845561,0.0009860853749999966,0.6970877489293904,0.10073037893383112,0.0006225788851131897,-0.0006370902123207789,-0.0006377384850840078,1.0020400054355159,1.3231515684844031e-08,0.00014048512130747934,0.0013017920964877986,0.0013017920964877986,0.14195251220058397,0.9989834818214812,1.3258508048761227e-08,0.6979314169298277,0.10209432587164177,0.006394789958333334,0.0008869693772110918,0.0024430797882737387,0.0011166789333829225,0.005408704583333337,0.6996839814401424,0.10195532268567162,0.0017525645103146914,-0.0001390031859701546,-0.0001390336285497118,1.0004382441357604,3.678350778920046e-10,0.0020516720093436526,-0.006330392838960599,-0.006330392838960599,0.12046880538681665,0.9997810416093231,3.6799627945781774e-10,0.6969545840271045,0.10170450366374872,0.0036904376666666654,-0.0005755276031457874,0.0016560653360966245,0.000987732787621081,-0.0003055678083333374,0.6977379105071667,0.10062480195021266,0.0007833264800621853,-0.001079701713536066,-0.0010815613923983486,1.0034588781935885,-1.4435112035908556e-08,-0.00010240329232061697,0.00027081608004150435,0.00027081608004150435,0.17670407980289946,0.9982805609784584,-1.4485041330151567e-08]"
/multi_agv/m2b_algorithm_state,1789558485.5271,1789558485.5271,m2b_algorithm_state_v1:header6+3x20,"[1.0,-0.15,0.52,0.6991200560775069,0.10172149564798483,1789558485.526988,0.6974634217747488,0.10136724079454101,0.0036904376666666654,0.0015138705714904306,0.0011007251057975937,0.00037091045482778536,0.0009860853749999966,0.6976194606733809,0.10054550786585649,0.00015603889863202713,-0.0008217329286845237,-0.0008228129309986245,1.0026367579724051,2.202373171727291e-08,-0.0006277643077085905,0.0041047010177731194,0.0041047010177731194,0.14195250945914384,0.9986874266635674,2.208180296746054e-08,0.6989293712654012,0.10209398879430602,0.006394789958333334,0.0008879435880563358,0.0024425771623926007,0.001116518074594744,0.005408704583333337,0.7003336813771246,0.10142425975890546,0.0014043101117233725,-0.0006697290354005653,-0.0006704385864676339,1.0021243088363085,8.551414088665392e-09,0.0010849490531865819,-0.002653813673348099,-0.002653813673348099,0.1204688069708699,0.9989416613521502,8.569579933176878e-09,0.697952743593661,0.10170421871947628,0.0036904376666666654,-0.0005746475219199124,0.0016556747992091843,0.000987554432778059,-0.0003055678083333374,0.6983666544061462,0.10022301848147434,0.00041391081248520756,-0.0014812002380019396,-0.0014847108190692044,1.0047667384252486,-2.7132736960282686e-08,-0.0009673223034626949,0.0035046393533867946,0.0035046393533867946,0.17670408516087246,0.9976355118975522,-2.7262071620133426e-08]"
/multi_agv/m2b_algorithm_state,1789558485.5370674,1789558485.5370674,m2b_algorithm_state_v1:header6+3x20,"[1.0,-0.15,0.52,0.7001146785558414,0.10172125213080056,1789558485.5369384,0.6984684158645729,0.10136691383424956,0.0036904376666666654,0.0015151243189259716,0.0011003137237877813,0.0003705809818378618,0.0009860853749999966,0.6986507732456221,0.10099187766923773,0.00018235738104921406,-0.0003750361650118328,-0.0003752603698457444,1.0011973394056672,4.589888884286707e-09,-0.00014731364353422682,0.002205951865534694,0.002205951865534694,0.14195251886923385,0.999402535274365,4.595384539115498e-09,0.699934096897443,0.10209359633148489,0.006394789958333334,0.0008889875491372044,0.002442122459808016,0.0011163020505002008,0.005408704583333337,0.7014464596442751,0.10279875126226878,0.0015123627468320855,0.0007051549307838939,0.0007043765075813859,0.9977981204541108,9.482088250407857e-09,0.0025948299411214927,-0.008663315028109155,-0.008663315028109155,0.12046880152563863,1.0011051237429551,9.461209834236968e-09,0.6989576554705051,0.10170397677822002,0.0036904376666666654,-0.0005742877712919107,0.0016552571885763753,0.0009876157077545007,-0.0003055678083333374,0.6993309585008187,0.09986623002471604,0.0003733030303135765,-0.0018377467535039826,-0.001843165453266851,1.0059380732995746,-4.175121610198029e-08,-0.0013765366653748804,0.005102498763694056,0.005102498763694056,0.17670406677832162,0.9970601121276096,-4.199913788354023e-08]"
/multi_agv/m2b_algorithm_state,1789558485.5470126,1789558485.5470126,m2b_algorithm_state_v1:header6+3x20,"[1.0,-0.15,0.52,0.7011078036885842,0.10172102583752175,1789558485.5469203,0.6994631744951126,0.10136675708448767,0.0036904376666666654,0.0015153097461295577,0.001100011399588107,0.00037065785882558176,0.0009860853749999966,0.6997217850153143,0.10160389348481215,0.0002586105202017075,0.0002371364003244808,0.0002370471757996218,0.9992481590720189,1.8345080942278395e-09,0.0005603103260517562,-0.0005822508771391819,-0.0005822508771391819,0.14195250983697258,1.0003763998645334,1.8331288359598864e-09,0.7009285436281443,0.10209331265704351,0.006394789958333334,0.0008898981348509005,0.0024415952169085653,0.0011161815787288781,0.005408704583333337,0.7024691369317011,0.10212817734364658,0.0015405933035568253,3.486468660307551e-05,3.4862773954014185e-05,0.9998902961321627,2.321434030264927e-11,0.001960604403400046,-0.006086788049344533,-0.006086788049344533,0.12046880675814836,1.0000548622167544,2.321179359972878e-11,0.6999523175442673,0.10170368665087047,0.0036904376666666654,-0.0005731427486774091,0.0016548830691606748,0.0009873139699990057,-0.0003055678083333374,0.70031352430935,0.09976769510552308,0.0003612067650826667,-0.0019359915453473903,-0.0019420095825949785,1.0062624908663675,-4.624521261765024e-08,-0.0014905011262416452,0.005547354326065722,0.005547354326065722,0.17670408443119584,0.9969011289637683,-4.65348228392815e-08]"
/multi_agv/m2b_algorithm_state,1789558485.556983,1789558485.556983,m2b_algorithm_state_v1:header6+3x20,"[1.0,-0.15,0.52,0.7021066471221967,0.10172076907513433,1789558485.5568666,0.7004564385360972,0.10136662511865566,0.0036904376666666654,0.0015153754642086123,0.0010997256902252278,0.0003707779830542737,0.0009860853749999966,0.700837656453155,0.10122130535099626,0.00038121791705780783,-0.00014531976765939925,-0.00014535337197912063,1.0004627421846293,6.891414002981717e-10,0.00033116902434313913,0.00040569338099597104,0.00040569338099597104,0.14195249809115837,0.9997688094932796,6.894602950952642e-10,0.7019214903197672,0.10209305217026944,0.006394789958333334,0.0008907771451011383,0.0024410598935491468,0.001116078998243078,0.005408704583333337,0.7034863609483953,0.10212817734364658,0.00156487062862809,3.512517337714294e-05,3.512323203806893e-05,0.9998894764304127,2.3585819588071584e-11,0.0019912115178231816,-0.006194701254086838,-0.006194701254086838,0.12046881353867751,1.0000552722218703,2.358321279909907e-11,0.7009454822098882,0.10170340022364015,0.0036904376666666654,-0.0005719246075409517,0.0016545132855211152,0.000986978282724392,-0.0003055678083333374,0.7012535530275672,0.09919076186700232,0.0003080708176790292,-0.002512638356637828,-0.0025228196128761356,1.0081809055337188,-7.776077712638996e-08,-0.002137731090777349,0.008070184410447923,0.008070184410447923,0.17670410733345715,0.995964334435033,-7.839693069828951e-08]"
/multi_agv/m2b_algorithm_state,1789558485.5669816,1789558485.5669816,m2b_algorithm_state_v1:header6+3x20,"[1.0,-0.15,0.52,0.7031112381326309,0.1017204819345835,1789558485.5668492,0.7014554100272866,0.10136640665356302,0.0036904376666666654,0.0015160411720875006,0.0010993805154070769,0.0003706689654966926,0.0009860853749999966,0.7018134800041035,0.10057104166589845,0.00035806997681686603,-0.000795364987664568,-0.0007963766011294367,1.0025514162955238,2.0662293395784728e-08,-0.00034878913010835417,0.0031077206313494784,0.0031077206313494784,0.1419524966553815,0.9987297297994013,2.0715011507857626e-08,0.7029201693319178,0.10209274603503875,0.006394789958333334,0.0008917107341150938,0.0024405666291633654,0.001115930879713234,0.005408704583333337,0.704441243558386,0.10078595111102231,0.0015210742264681887,-0.0013067949240164328,-0.001309509535350561,1.0041752018443622,3.2710178003094605e-08,0.000591833247734675,-0.0006140042666775405,-0.0006140042666775405,0.12046881437320799,0.9979270014758607,3.284674959862254e-08,0.7019443620073856,0.10170315453680125,0.0036904376666666654,-0.0005711722337500198,0.001654118959287766,0.0009868572572738895,-0.0003055678083333374,0.7028207313566265,0.10165523755508675,0.0008763693492408464,-4.791698171449643e-05,-4.7920616025139484e-05,1.0001517195320202,-2.819595368218355e-11,0.0010475410705259186,-0.00426775596358535,-0.00426775596358535,0.1767041101563273,0.9999241597678722,-2.8200231559081076e-11]"
/multi_agv/m2b_algorithm_state,1789558485.5771456,1789558485.5771456,m2b_algorithm_state_v1:header6+3x20,"[1.0,-0.15,0.52,0.7041113447309671,0.10172023302730944,1789558485.5770388,0.7024601179310537,0.10136610607448218,0.0036904376666666654,0.0015172726111553469,0.0010989744044595392,0.0003703464209364707,0.0009860853749999966,0.7028052314165768,0.10079152029538367,0.0003451134855231297,-0.0005745857790985104,-0.0005751128492856696,1.0018385938282177,1.079052488178526e-08,-0.00014372099238175746,0.0022845188979675624,0.0022845188979675624,0.14195250554910485,0.999083536061116,1.081036427423614e-08,0.7039246095292525,0.10209239402099494,0.006394789958333334,0.0008927026062215343,0.002440114189865006,0.0011157362592343484,0.005408704583333337,0.7055333907900836,0.10204371130465908,0.0016087812608310825,-4.8682716335859966e-05,-4.868644793284687e-05,1.0001533311185724,4.540754173916192e-11,0.0019622901281060065,-0.006050335267293407,-0.006050335267293407,0.12046880923044838,0.999923354503248,4.54145041283284e-11,0.7029489869375863,0.10170294570827336,0.0036904376666666654,-0.0005708587186653989,0.0016537022529311274,0.0009869381046890375,-0.0003055678083333374,0.703910559057326,0.10139096581907635,0.0009615721197396843,-0.0003119798891970116,-0.0003121342606937802,1.0009907948628833,-1.1948208875169335e-09,0.0008898308889808251,-0.0035860267501754335,-0.0035860267501754335,0.17670409278604884,0.9995054323853283,-1.196004709914351e-09]"
/multi_agv/m2b_algorithm_state,1789558485.587021,1789558485.587021,m2b_algorithm_state_v1:header6+3x20,"[1.0,-0.15,0.52,0.7051075170567654,0.10172001775887417,1789558485.586909,0.7034603496976842,0.1013658869152016,0.0036904376666666654,0.0015180064495490457,0.0010986162363690647,0.0003702146299966566,0.0009860853749999966,0.7038950429171659,0.10152864815384198,0.0004346932194816411,0.0001627612386403826,0.0001627191815293605,0.9994835232140067,8.65808559671707e-10,0.0007060857058814119,-0.0010633204228848864,-0.0010633204228848864,0.1419525063777463,1.000258464371728,8.653613896495223e-10,0.7049245544890173,0.10209209499593222,0.006394789958333334,0.0008936313332200182,0.002439629274149868,0.0011155859058683548,0.005408704583333337,0.7065014730316476,0.10156718572597313,0.0015769185426303123,-0.0005249092699590868,-0.000525344668865031,1.001662256908718,5.2861790113883035e-09,0.0014458035094228592,-0.0039936846632501535,-0.0039936846632501535,0.12046880875193343,0.9991712128593885,5.294965998970703e-09,0.7039491300062004,0.10170271717079449,0.0036904376666666654,-0.000570186311206844,0.0016533063929663862,0.000986852540352994,-0.0003055678083333374,0.7047000079907931,0.09883179960547381,0.0007508779845927238,-0.0028709175653206798,-0.0028842454505957215,1.0093853198987848,-1.0123298338227679e-07,-0.0019456479698548167,0.007545518031308198,0.007545518031308198,0.1767040911623383,0.9953790738328844,-1.0218308731562782e-07]"
/multi_agv/m2b_algorithm_state,1789558485.5969393,1789558485.5969393,m2b_algorithm_state_v1:header6+3x20,"[1.0,-0.15,0.52,0.7061061383684454,0.10171979356637177,1789558485.5968077,0.7044566544382856,0.10136573530221349,0.0036904376666666654,0.0015183364519199554,0.0010983002674398888,0.0003702359368357802,0.0009860853749999966,0.7047297180623081,0.10130478575482241,0.00027306362402246265,-6.094954739108149e-05,-6.095545503992388e-05,1.0001938984432637,1.2145735770952844e-10,0.0002803740749881544,0.0005506450329349022,0.0005506450329349022,0.14195250012796753,0.9999030825241396,1.2148090810211124e-10,0.7059205562549098,0.10209184264917397,0.006394789958333334,0.0008945019374182392,0.002439117594432716,0.0011154746708994245,0.005408704583333337,0.7075062194083059,0.10156718572597313,0.001585663153396144,-0.0005246569232008336,-0.0005250919042368385,1.0016614587165351,5.286247800574178e-09,0.0014569870375083416,-0.004032560052103047,-0.004032560052103047,0.12046881236433919,0.9991716097077575,5.2950306830602066e-09,0.7049453404771012,0.10170247532523502,0.0036904376666666654,-0.0005692261854195004,0.0016529270732997432,0.0009866336558810376,-0.0003055678083333374,0.7054709907916633,0.09788556419337938,0.0005256503145620872,-0.0038169111318556437,-0.0038406381263220105,1.0126113040368931,-1.7874490611456307e-07,-0.0031835752331194015,0.012272570901196458,0.012272570901196458,0.17670410336708633,0.9938221218229979,-1.8099911247061974e-07]"
/multi_agv/m2b_algorithm_state,1789558485.6071184,1789558485.6071184,m2b_algorithm_state_v1:header6+3x20,"[1.0,-0.15,0.52,0.7071097005892097,0.1017195441295124,1789558485.6069884,0.7054554033823055,0.10136554963431754,0.0036904376666666654,0.0015189232336156604,0.0010979592174020772,0.00037015898559606374,0.0009860853749999966,0.7056854733757653,0.10035183549469925,0.00023006999345975832,-0.001013714139618288,-0.0010153601559972079,1.0032599298446332,3.3633183884453436e-08,-0.00072777266417251,0.004547835925544887,0.004547835925544887,0.14195249827868786,0.9983788842124662,3.37428257043684e-08,0.7069190132572968,0.10209157569327426,0.006394789958333334,0.0008953893835420236,0.002438624666553757,0.0011153463807074965,0.005408704583333337,0.7083030881084321,0.10053518733069997,0.0013840748511353418,-0.0015563883625742958,-0.0015602463223848367,1.004986831448913,4.659793547616653e-08,0.00016984724153434059,0.0009926107619978287,0.0009926107619978287,0.12046881342799107,0.997527339269966,4.683031152625349e-08,0.7059439984657343,0.10170225537152348,0.0036904376666666654,-0.0005684739625628787,0.0016525374328479397,0.0009865102595042379,-0.0003055678083333374,0.7067656610513211,0.10015557347355056,0.000821662585586802,-0.0015466818979729263,-0.0015505117331219929,1.0049812894096004,-2.9268471521062878e-08,-0.0005234335011384903,0.001972061767288343,0.001972061767288343,0.17670410696642205,0.9975299541001504,-2.941426624828594e-08]"
/multi_agv/m2b_algorithm_state,1789558485.6170907,1789558485.6170907,m2b_algorithm_state_v1:header6+3x20,"[1.0,-0.15,0.52,0.7081066947820496,0.10171934587235422,1789558485.6168473,0.7064590836077147,0.10136529377425034,0.0036904376666666654,0.0015199979201732145,0.0010975661545496776,0.0003698976006558021,0.0009860853749999966,0.7068920863761969,0.09954412683781,0.00043300276848223795,-0.001821166936440341,-0.0018265119787834938,1.005910226533414,1.0868771971256698e-07,-0.0012852585181806963,0.006867467783407017,0.006867467783407017,0.14195250532726222,0.9970736341150563,1.0933008875746847e-07,0.707922422979755,0.10209127037907832,0.006394789958333334,0.0008963250659842934,0.002438167171636252,0.0011151787486977788,0.005408704583333337,0.7098701567457002,0.10199467020165229,0.0019477337659451477,-9.660017742603444e-05,-9.661487568391673e-05,1.0003044229528586,1.7951868000150023e-10,0.0023380523317475177,-0.007357493604692682,-0.007357493604692682,0.12046880935468564,0.9998478675485711,1.7957332960815956e-10,0.7069475951801591,0.10170206823520853,0.0036904376666666654,-0.0005681022202936275,0.0016521285904031848,0.0009865617777822912,-0.0003055678083333374,0.7078046348974742,0.09929261689061503,0.0008570397173151001,-0.0024094513445934995,-0.0024188064165839435,1.0078359567106407,-7.102285401774347e-08,-0.0013475067699400683,0.005250110894681918,0.005250110894681918,0.17670409321475328,0.9961323601895946,-7.157938602729266e-08]"
/multi_agv/m2b_algorithm_state,1789558485.6270163,1789558485.6270163,m2b_algorithm_state_v1:header6+3x20,"[1.0,-0.15,0.52,0.7091003896305161,0.10171917608822961,1789558485.626785,0.7074562080024064,0.10136514940122553,0.0036904376666666654,0.00152037904144354,0.0010972432599402494,0.0003699003520089808,0.0009860853749999966,0.7079125217191752,0.09980230057554623,0.00045631371676879695,-0.0015628488256792944,-0.0015667774456274409,1.0050571579379153,8.004773976906131e-08,-0.0009963852996664447,0.005737423403878823,0.005737423403878823,0.14195250056477476,0.9974925475477641,8.04525538316466e-08,0.7089192492431733,0.10209103699376386,0.006394789958333334,0.0008971727055272251,0.002437663383371147,0.0011150733642289051,0.005408704583333337,0.7109645687952675,0.10221968284512666,0.0020453195520941936,0.00012864585136279638,0.00012861982826274326,0.9995956283510687,3.1863113562221064e-10,0.002685269268380485,-0.00869773869822681,-0.00869773869822681,0.12046881211550817,1.0002023257253925,3.1850229022449827e-10,0.707944627100569,0.10170185122207329,0.0036904376666666654,-0.0005672243048830098,0.0016517484062358546,0.0009863789793352678,-0.0003055678083333374,0.7086247129802692,0.09655690571182109,0.000680085879700143,-0.0051449455102522,-0.005188489070516094,1.017254049359882,-3.238882306134907e-07,-0.004338381720890915,0.016820450622243962,0.016820450622243962,0.17670410252356875,0.9916076607906273,-3.2947661413158075e-07]"
/multi_agv/m2b_algorithm_state,1789558485.6370766,1789558485.6370766,m2b_algorithm_state_v1:header6+3x20,"[1.0,-0.15,0.52,0.7101045927082383,0.1017189439063763,1789558485.636852,0.7084500390706183,0.10136505907779353,0.0036904376666666654,0.001520444403743518,0.001096955986901271,0.0003700214444045944,0.0009860853749999966,0.709037011769441,0.10065721866667345,0.0005869726988226853,-0.0007078404111200837,-0.0007086411169796388,1.0022684426539439,1.6411656442111194e-08,2.5074756548717808e-05,0.0017494439477020451,0.0017494439477020451,0.14195248984675635,0.9988700826971938,1.6448885343606353e-08,0.7099127691545853,0.10209084311950517,0.006394789958333334,0.0008979691839246708,0.002437138572207842,0.001115001093826673,0.005408704583333337,0.7118796678804258,0.10102115307756052,0.001966898725840438,-0.0010696900419446542,-0.001071505719011812,1.0034085515103548,2.206763705250009e-08,0.0013871176882887355,-0.0035279937231859114,-0.0035279937231859114,0.12046881829974788,0.9983054900828412,2.214285573010535e-08,0.7089383606663445,0.10170162606739014,0.0036904376666666654,-0.000566124803499097,0.0016513810014041966,0.0009860934833658425,-0.0003055678083333374,0.7095513118713818,0.09617859903498942,0.0006129512050372377,-0.005523027032400721,-0.005573348341259864,1.018600405159792,-3.7260052876261245e-07,-0.004807159334963317,0.018593925080023162,0.018593925080023162,0.17670412342171285,0.9909710813360417,-3.7953104956034983e-07]"
/multi_agv/m2b_algorithm_state,1789558485.647087,1789558485.647087,m2b_algorithm_state_v1:header6+3x20,"[1.0,-0.15,0.52,0.7111039253911465,0.10171875153517007,1789558485.646906,0.7094543582618885,0.10136480867041492,0.0036904376666666654,0.0015215839402236441,0.0010965583145256409,0.00036973434735442217,0.0009860853749999966,0.7100599402000195,0.10023374595740756,0.0006055819381309835,-0.0011310627130073636,-0.00113311371360407,1.0036421683459633,4.1947549816912904e-08,-0.0003761362909403406,0.0033585686235686977,0.0033585686235686977,0.14195249804511542,0.9981899428344374,4.210032985504678e-08,0.7109168225266604,0.10209055745418091,0.006394789958333334,0.0008988782471766928,0.0024366894552664276,0.0011148406434138697,0.005408704583333337,0.7126930076301172,0.09987176467808818,0.0017761851034567844,-0.002218792776092729,-0.0022266730462031843,1.0071628814145321,9.511408805714978e-08,-6.441666882203798e-06,0.0019128260924758526,0.0019128260924758526,0.12046881356313094,0.9964609666767682,9.57953789907545e-08,0.7099425973361659,0.10170146559453304,0.0036904376666666654,-0.0005658463348695475,0.0016509704623754277,0.0009861863160930927,-0.0003055678083333374,0.710846646707094,0.09828647795802092,0.0009040493709280284,-0.003414987636512115,-0.00343392359956023,1.0112326602956385,-1.421980946499602e-07,-0.0023038618859001947,0.00903178120430687,0.00903178120430687,0.17670410741770057,0.9944856190013837,-1.4379535754185025e-07]"
/multi_agv/m2b_algorithm_state,1789558485.6569173,1789558485.6569173,m2b_algorithm_state_v1:header6+3x20,"[1.0,-0.15,0.52,0.7120978647388322,0.10171860129076278,1789558485.6568148,0.7104538159958649,0.10136464444470862,0.0036904376666666654,0.0015221911206678433,0.00109621283921517,0.0003696508562052612,0.0009860853749999966,0.7106006687042873,0.09968596042496344,0.00014685270842240694,-0.0016786840197451774,-0.0016832205784342957,1.0054391262609452,9.247089550944778e-08,-0.001499654692906287,0.007565178091844,0.007565178091844,0.14195249748149863,0.997304834109539,9.297385638558634e-08,0.7119159939198887,0.10209032730168782,0.006394789958333334,0.0008997203459246558,0.002436205586226481,0.0011147272995532115,0.005408704583333337,0.713688053791085,0.09987176467808818,0.0017720598711963298,-0.0022185626235996375,-0.0022264412697654713,1.007162141974027,9.518353000065628e-08,-1.1366430770059013e-05,0.0019309107805755672,0.0019309107805755672,0.12046881388915305,0.9964613276474779,9.586524795611005e-08,0.710941966257686,0.10170128285911381,0.0036904376666666654,-0.00056518182574355,0.001650582349690316,0.0009861001473741166,-0.0003055678083333374,0.711864617045952,0.0975972656743764,0.0009226507882660329,-0.004104017184737407,-0.004131507706965275,1.0136038768909066,-2.0521596989944387e-07,-0.002978194221632734,0.011672095766236817,0.011672095766236817,0.17670410852449728,0.9933461282956046,-2.080077026900039e-07]"
/multi_agv/m2b_algorithm_state,1789558485.667208,1789558485.667208,m2b_algorithm_state_v1:header6+3x20,"[1.0,-0.15,0.52,0.7131066548971159,0.10171835980550063,1789558485.667073,0.7114478903097394,0.10136456840391221,0.0036904376666666654,0.0015222572640492139,0.001095925039844724,0.00036977188401165454,0.0009860853749999966,0.7115220930938779,0.09874858601548378,7.420278413849957e-05,-0.002615982388428431,-0.002627077390608305,1.0085660479453151,2.2471099758723356e-07,-0.0025343239104351806,0.011601173486153986,0.011601173486153986,0.141948020151024,0.9957766747871464,2.266358827664054e-07,0.7129097598942551,0.10209015636120797,0.006394789958333334,0.000900487707361358,0.002435685466268711,0.0011146652113355193,0.005408704583333337,0.7148181373640378,0.10188882687226576,0.0019083774697826739,-0.00020132948894220626,-0.0002013933854575973,1.0006352314345708,7.834558992527114e-10,0.002184078451770745,-0.006756974691690567,-0.006756974691690567,0.12046600496660695,0.9996827278351478,7.839535750675166e-10,0.711935944012502,0.1017010791071682,0.0036904376666666654,-0.0005641257938314198,0.0016502164185235547,0.0009858327282243617,-0.0003055678083333374,0.7123352896248809,0.09600197707376376,0.00039934561237886523,-0.0056991020334044434,-0.00575275429208968,1.019231272164481,-3.953775070641578e-07,-0.005253572276616099,0.020212300215200544,0.020212300215200544,0.1766953704867263,0.990673639797373,-4.0298111951022264e-07]"
/multi_agv/m2b_algorithm_state,1789558485.6770504,1789558485.6770504,m2b_algorithm_state_v1:header6+3x20,"[1.0,-0.15,0.52,0.7140993304049359,0.10171823192229563,1789558485.6769605,0.7124567869076384,0.10136426497724063,0.0036904376666666654,0.0015238335849464203,0.0010954801608292312,0.0003693200122529324,0.0009860853749999966,0.712568716413592,0.09969496199599873,0.00011192950595362294,-0.0016693029812419047,-0.0016737886834578422,1.0054081857444404,9.153851821592022e-08,-0.0015338768010158136,0.00768358884182864,0.00768358884182864,0.14195250367949666,0.9973200307420703,9.203357552520275e-08,0.7139184121521096,0.10208985186305924,0.006394789958333334,0.0009014202216934605,0.0024352717649812616,0.0011144761726758767,0.005408704583333337,0.7158937186612999,0.10260098935168215,0.001975306509190311,0.0005111374886229009,0.0005107278641241417,0.998400322426558,5.052531344460335e-09,0.0029798610006120307,-0.00992633613950959,-0.00992633613950959,0.12046881031535388,1.000802040631681,5.0444489233794894e-09,0.7129447656315996,0.10170096257620198,0.0036904376666666654,-0.0005642180246473211,0.0016497900791389037,0.0009860944668431,-0.0003055678083333374,0.7132897106281312,0.09601791937395082,0.00034494499653159316,-0.005683043202251159,-0.005736387174671169,1.01917367711528,-3.9321324516147214e-07,-0.0053052059290066775,0.02038587543366908,0.02038587543366908,0.17670409645145016,0.990700771967494,-4.0075258896164964e-07]"
/multi_agv/m2b_algorithm_state,1789558485.6869652,1789558485.6869652,m2b_algorithm_state_v1:header6+3x20,"[1.0,-0.15,0.52,0.7151005580420572,0.10171805439602771,1789558485.6869175,0.713449599113585,0.10136422418196508,0.0036904376666666654,0.0015237267206683063,0.0010952067940481745,0.0003695085253304529,0.0009860853749999966,0.7136545227405566,0.10062043624554685,0.00020492362697166477,-0.0007437879364182304,-0.0007446722849298756,1.002384642167669,1.8160546129422446e-08,-0.0004885177512152947,0.0035872661836050205,0.0035872661836050205,0.1419524911204637,0.9988124326236628,1.8203852533510565e-08,0.7149109115992127,0.10208970958117167,0.006394789958333334,0.0009021536772919319,0.0024347435828303565,0.0011144329766281103,0.005408704583333337,0.7164494928685923,0.1001196628503574,0.0015385812693795575,-0.0019700467308142733,-0.0019762475259416934,1.0063420530125518,7.52445327266821e-08,-5.302093921724649e-05,0.0019699184087166024,0.0019699184087166024,0.12046881756188045,0.9968623388285001,7.572173754213941e-08,0.7139374805020101,0.10170076200375014,0.0036904376666666654,-0.0005630591457024361,0.0016494327697842929,0.0009857779824441028,-0.0003055678083333374,0.7145302334474707,0.09771508886970573,0.0005927529454605729,-0.00398567313404441,-0.004011578158529121,1.0131941628948775,-1.92810713558739e-07,-0.003270636976703405,0.01265021600267906,0.01265021600267906,0.17670412092304857,0.993542435555036,-1.9535468952131056e-07]"
/multi_agv/m2b_algorithm_state,1789558485.6970966,1789558485.6970966,m2b_algorithm_state_v1:header6+3x20,"[1.0,-0.15,0.52,0.716109132414596,0.10171783537631852,1789558485.6969848,0.714450947116114,0.10136405239198021,0.0036904376666666654,0.0015245058777668802,0.001094844494734802,0.0003693592401129205,0.0009860853749999966,0.7144627128529842,0.10119845578695813,1.1765736870228416e-05,-0.00016559660502207807,-0.00016564024960300734,1.0005274494661596,9.002889774389295e-10,-0.00015093307851522182,0.00213448233072904,0.00213448233072904,0.1419524939673378,0.9997365098094582,9.00763834379469e-10,0.7159119839958478,0.10208949410274651,0.006394789958333334,0.0009029751829941384,0.0024342778613718474,0.0011143191201563735,0.005408704583333337,0.7174442571091166,0.1001196628503574,0.0015322731132688672,-0.001969831252389115,-0.0019760306990994347,1.0063413622941344,7.529663982937005e-08,-6.0689307513350776e-05,0.001997676296184082,0.001997676296184082,0.12046881591718671,0.9968626769244298,7.577412310205904e-08,0.7149387430142097,0.10170061669335644,0.0036904376666666654,-0.0005625804803158709,0.0016490398310149371,0.0009857748823925887,-0.0003055678083333374,0.7152644232445208,0.09790202055187654,0.0003256802303110984,-0.0037985961414798985,-0.0038220933231483023,1.012548521146132,-1.7496627559471268e-07,-0.0034149930352594293,0.013082173187840272,0.013082173187840272,0.1767041153729825,0.9938522742168291,-1.771618436038729e-07]"
/multi_agv/m2b_algorithm_state,1789558485.7070205,1789558485.7070205,m2b_algorithm_state_v1:header6+3x20,"[1.0,-0.15,0.52,0.7170975014494245,0.1017177554360647,1789558485.706924,0.7154596273985241,0.10136377480601665,0.0036904376666666654,0.0015259990740457514,0.0010944041172383338,0.0003689410584653771,0.0009860853749999966,0.7154809151451759,0.10119845578695813,2.1287746651776907e-05,-0.00016531901905851576,-0.00016536251751328505,1.0005265656341313,8.981530518411883e-10,-0.00013875283419856392,0.0020926367244452197,0.0020926367244452197,0.14195251004275602,0.9997369509401318,8.98625988372478e-10,0.7169204204962468,0.10208921670015042,0.006394789958333334,0.0009038755546416782,0.0024338642449528436,0.0011141439714956874,0.005408704583333337,0.7182874427025505,0.09879267730746147,0.0013670222063036919,-0.003296539392688952,-0.00331407711298444,1.0107726348479686,2.1127058641950817e-07,-0.001605299355104825,0.008002648902572178,0.008002648902572178,0.12046880663169908,0.9947081133909722,2.1354652730112173e-07,0.7159473493490167,0.10170051462278851,0.0036904376666666654,-0.0005626511933016225,0.001648619284965058,0.0009860242808681016,-0.0003055678083333374,0.7162494586480843,0.09790202055187654,0.00030210929906759887,-0.0037984940709119702,-0.0038219900039048772,1.0125481866374375,-1.7497893467625013e-07,-0.0034443533800703786,0.013184857004040654,0.013184857004040654,0.17670408401583848,0.9938524347345489,-1.771746030061877e-07]"
/multi_agv/m2b_algorithm_state,1789558485.717083,1789558485.717083,m2b_algorithm_state_v1:header6+3x20,"[1.0,-0.15,0.52,0.7180987867885688,0.10171759731542439,1789558485.7169123,0.7164481402459045,0.10136381996147467,0.0036904376666666654,0.0015254167219391282,0.0010941780252411428,0.00036931108766568546,0.0009860853749999966,0.7162823900036133,0.0999564998446337,-0.00016575024229126267,-0.001407320116840971,-0.0014105020412416979,1.004545980901116,6.511705869080676e-08,-0.0016176898441057762,0.007869683938115914,0.007869683938115914,0.1419524897388348,0.9977441192513797,6.541307959595201e-08,0.7179086042911375,0.10208913863543922,0.006394789958333334,0.0009045294302579155,0.0024333085251388997,0.0011141495981235733,0.005408704583333337,0.7193150250443765,0.09975095459549939,0.001406420753239046,-0.0023381840399398363,-0.002346943270318147,1.007558653732976,1.0629851084116162e-07,-0.0005889173287693394,0.004021939877740199,0.004021939877740199,0.12046881835935604,0.9962678133344384,1.0710198447694094e-07,0.7169357598112315,0.1017003077112802,0.0036904376666666654,-0.0005611754285409216,0.0016482834095962523,0.0009855592880175373,-0.0003055678083333374,0.7172685091843276,0.09838014347011095,0.0003327493730961306,-0.0033201642411692517,-0.0033380507076141534,1.0109093003539686,-1.3329412333338258e-07,-0.00292211399124399,0.011166075609948976,0.011166075609948976,0.1767041236185712,0.9946416432787847,-1.347482689602454e-07]"
/multi_agv/m2b_algorithm_state,1789558485.7269843,1789558485.7269843,m2b_algorithm_state_v1:header6+3x20,"[1.0,-0.15,0.52,0.7190947522561862,0.10171748037482232,1789558485.7268174,0.7174495449788421,0.10136366420151074,0.0036904376666666654,0.0015261781791713796,0.0010938179758690266,0.00036916830455684915,0.0009860853749999966,0.7175871589114774,0.1011620694663378,0.00013761393263533872,-0.00020159473517294968,-0.00020165943548836924,1.0006423744294526,1.3357502623124727e-09,-2.9642019694195844e-05,0.001721990250372799,0.001721990250372799,0.14195249268659102,0.999679160485286,1.3366083141251167e-09,0.7189097356611421,0.10208894631931648,0.006394789958333334,0.0009053203620245894,0.0024328466177200303,0.001114047011676264,0.005408704583333337,0.7205085968538076,0.10008452451729911,0.0015988611926655016,-0.0020044218020173615,-0.0020108426169211688,1.006455292922062,7.816875933492459e-08,-1.2266126089291712e-05,0.001844681065148386,0.001844681065148386,0.12046881665349088,0.9968069033101962,7.86733615737857e-08,0.7179370797257222,0.10170018142544594,0.0036904376666666654,-0.0005607244780541421,0.001647893143743813,0.000985566811817485,-0.0003055678083333374,0.7184554873842922,0.09925789016844931,0.0005184076585700303,-0.0024422912569966315,-0.0024519057071669863,1.0079459007714222,-7.202657869603598e-08,-0.0018038961339544484,0.006877448703908407,0.006877448703908407,0.17670411785886156,0.9960787847011197,-7.259889474325971e-08]"
/multi_agv/m2b_algorithm_state,1789558485.7369602,1789558485.7369602,m2b_algorithm_state_v1:header6+3x20,"[1.0,-0.15,0.52,0.7200937995524369,0.10171734939481068,1789558485.736817,0.718445639569756,0.10136359710025217,0.0036904376666666654,0.001526389547873844,0.0010935150061659898,0.000369234274001767,0.0009860853749999966,0.7187786884277357,0.10277342754328452,0.00033304885797968975,0.0014098304430323477,0.0014067045087553713,0.9955892382683301,6.526220524698993e-08,0.0018230155812299835,-0.005614542225864649,-0.005614542225864649,0.14194577465907485,1.002222168378306,6.497434920956212e-08,0.7199055350347009,0.1020888119366622,0.006394789958333334,0.0009060390011791219,0.0024323483355442876,0.0011139946855195926,0.005408704583333337,0.7213885313110745,0.09848958558629511,0.0014829962763736049,-0.0035992263503670796,-0.0036201805271427437,1.0118020063073272,2.5250068566783695e-07,-0.0017664351816757376,0.008696161671500778,0.008696161671500778,0.12046459136439938,0.9942118420287172,2.554807003526932e-07,0.7189330821641015,0.10170003208755263,0.0036904376666666654,-0.000559873519515908,0.001647525846483068,0.0009853889976400064,-0.0003055678083333374,0.7195128883843391,0.09995355833687086,0.0005798062202376775,-0.0017464737506817651,-0.0017513644543554231,1.0056376355895285,-3.675900942065039e-08,-0.0010266066790583263,0.0038434127737078344,0.0038434127737078344,0.17669097258820282,0.9972074894739953,-3.696624332039606e-08]"
/multi_agv/m2b_algorithm_state,1789558485.7470376,1789558485.7470376,m2b_algorithm_state_v1:header6+3x20,"[1.0,-0.15,0.52,0.7210935796236173,0.10171721987223019,1789558485.746939,0.7194448098615254,0.10136348534643244,0.0036904376666666654,0.0015269216840054665,0.0010931806227131072,0.0003691775428760146,0.0009860853749999966,0.7198396098431831,0.10314339020618511,0.0003947999816577008,0.0017799048597526707,0.0017749364174735273,0.9944549123923683,1.0402923531202332e-07,0.0022684363945456535,-0.007381566389611017,-0.007381566389611017,0.14194365472181522,1.0027992226821374,1.0345238408846322e-07,0.720904424148804,0.10208865578367565,0.006394789958333334,0.0009067826598989958,0.0024318737891011466,0.0011139191665949094,0.005408704583333337,0.7223159283655529,0.09852693891708547,0.00141150421674896,-0.003561716866590181,-0.0035822307988633553,1.0116741046110749,2.474625289173512e-07,-0.0018178505279271553,0.00886148222411419,0.00886148222411419,0.12046325679332556,0.9942734197138602,2.503514323672535e-07,0.7199321646469814,0.10169990705432395,0.0036904376666666654,-0.0005592776472516836,0.0016471461170204206,0.000985328222272078,-0.0003055678083333374,0.7205760478228251,0.10043607639140999,0.0006438831758437402,-0.0012638306629139673,-0.001266382426038818,1.004057449576297,-1.9222720704077694e-08,-0.0004615284562341428,0.0016382312054325503,0.0016382312054325503,0.1766868206854151,0.9979849979971432,-1.930071592405373e-08]"
/multi_agv/m2b_algorithm_state,1789558485.7569573,1789558485.7569573,m2b_algorithm_state_v1:header6+3x20,"[1.0,-0.15,0.52,0.7220902400602935,0.10171711673994155,1789558485.7568781,0.7204447111718291,0.10136336772773884,0.0036904376666666654,0.0015275190908582313,0.0010928393608352618,0.0003690960972460521,0.0009860853749999966,0.7205109909073149,0.10109764719893488,6.62797354857858e-05,-0.000265720528803956,-0.0002658329920600663,1.0008473284196553,2.322835848189636e-09,-0.00018298332270283402,0.0022959687400718283,0.0022959687400718283,0.1419441296946204,0.9995769401862473,2.3248040530180013e-09,0.7219040481894954,0.10208850014630658,0.006394789958333334,0.000907525090859531,0.0024314056976343368,0.0011138408222291785,0.005408704583333337,0.7233006842323182,0.09852693891708547,0.0013966360428228075,-0.003561561229221105,-0.003582073387574419,1.011673598327403,2.4764364731716017e-07,-0.0018362783340459096,0.008926739983342414,0.008926739983342414,0.12046355580512343,0.9942736632854964,2.5053453978427374e-07,0.7209319795095274,0.10169979174264514,0.0036904376666666654,-0.0005587442006338831,0.0016467645913236578,0.0009852954409829365,-0.0003055678083333374,0.721670153302886,0.1014096586928723,0.0007381737933586097,-0.0002901330497728366,-0.00029026654169594034,1.0009212237088658,-1.0114119482515002e-09,0.0006324507000023217,-0.0026712045639609044,-0.0026712045639609044,0.1766877509138075,0.9995401057168912,-1.0123436849176596e-09]"
/multi_agv/m2b_algorithm_state,1789558485.766998,1789558485.766998,m2b_algorithm_state_v1:header6+3x20,"[1.0,-0.15,0.52,0.7230922496849255,0.10171698472126965,1789558485.766897,0.7214414983861162,0.1013633035436248,0.0036904376666666654,0.0015277950953823637,0.0010925319702709034,0.00036913634921001393,0.0009860853749999966,0.7213961753014169,0.09998015101223506,-4.532308469928914e-05,-0.0013831525313897364,-0.0013862255699642857,1.004466725513958,6.299697512702501e-08,-0.001442879425838397,0.0072442795460920485,0.0072442795460920485,0.14193355824492435,0.9977831612393152,6.327836532312707e-08,0.7229005457593688,0.10208838115989766,0.006394789958333334,0.0009082211235840751,0.002430917097225538,0.0011137932598683092,0.005408704583333337,0.724508919604506,0.09935459636641822,0.0016083738451372342,-0.002733784793479438,-0.0027457947648479547,1.0088771973172568,1.459418887803751e-07,-0.0007353274584264119,0.004712346519922623,0.004712346519922623,0.12045690060160522,0.9956260491416655,1.4723744372393164e-07,0.7219286760353959,0.1016996655163022,0.0036904376666666654,-0.0005579823956828414,0.00164639681839851,0.0009851565201429002,-0.0003055678083333374,0.7225433354717373,0.101040811237107,0.0006146594363414248,-0.000658854279195209,-0.0006595446041082794,1.0021007607996,-5.209914470284292e-09,0.00010877969131850161,-0.0006473817616154963,-0.0006473817616154963,0.17666704771129593,0.9989533309668968,-5.220859254372734e-09]"
/multi_agv/m2b_algorithm_state,1789558485.777096,1789558485.777096,m2b_algorithm_state_v1:header6+3x20,"[1.0,-0.15,0.52,0.7240921923445734,0.10171687245691509,1789558485.777022,0.7224436242728826,0.10136316061978907,0.0036904376666666654,0.001528611843917361,0.0010921689824681768,0.00036897112815443243,0.0009860853749999966,0.7224125026333822,0.10067555484020202,-3.1121639500364395e-05,-0.0006876057795870555,-0.0006883612649566484,1.002203147618421,1.556987622812257e-08,-0.0007272633143321039,0.00441281074579326,0.00441281074579326,0.14194192772853767,0.9989024870979041,1.5604178963853666e-08,0.7239024056645952,0.1020882188601954,0.006394789958333334,0.0009089696679503529,0.00243046793900914,0.0011137024167772458,0.005408704583333337,0.7254991004279913,0.09935459636641822,0.0015966947633960782,-0.002733622493777177,-0.002745631050731596,1.008876673379013,1.460449227352406e-07,-0.0007497625964864984,0.004763768489041241,0.004763768489041241,0.1204621695910657,0.9956263034863261,1.4734131581302455e-07,0.7229307191172987,0.10169957468382447,0.0036904376666666654,-0.0005576406751639337,0.001646008039420754,0.000985210619343293,-0.0003055678083333374,0.7235357612209715,0.10104315449884237,0.0006050421036728482,-0.0006564201849821039,-0.0006571054068051891,1.0020929444325497,-5.168316579110419e-09,9.919722278587111e-05,-0.0006141954343480766,-0.0006141954343480766,0.1766834384212933,0.9989572117106497,-5.179133578520323e-09]"
/multi_agv/m2b_algorithm_state,1789558485.787017,1789558485.787017,m2b_algorithm_state_v1:header6+3x20,"[1.0,-0.15,0.52,0.7250907596778958,0.10171677506726728,1789558485.7869158,0.7234436867087862,0.10136305738332445,0.0036904376666666654,0.0015291935233155318,0.0010918287145136084,0.0003688959829659412,0.0009860853749999966,0.7235855772434566,0.10242804056943748,0.00014189053467039692,0.0010649831861130332,0.0010631947605889195,0.9966549634737424,3.731816629301312e-08,0.0012405579289269156,-0.003372131279861693,-0.003372131279861693,0.14194297843746084,1.0016821240946703,3.719333566367003e-08,0.7249021939348569,0.10208808350202926,0.006394789958333334,0.0009096852852191958,0.0024300047708499806,0.0011136331353425177,0.005408704583333337,0.7264372206786259,0.09902500412412815,0.0015350267437690412,-0.0030630793779011095,-0.003078194555050576,1.0099835600520146,1.835521468297176e-07,-0.0011594111253392745,0.006344977013105021,0.006344977013105021,0.12046283104813038,0.9950895965543614,1.853846507102683e-07,0.7239306963900776,0.10169947648539156,0.0036904376666666654,-0.0005571346755924409,0.0016456298887443932,0.0009851879805204918,-0.0003055678083333374,0.7246940402736529,0.10263601198276283,0.0007633438835753514,0.0009365354973712714,0.0009351574385999573,0.9970675849135612,-1.0499151115689486e-08,0.0018893372930691467,-0.007708911870136849,-0.007708911870136849,0.17668549618745796,1.0014736115165561,-1.0468363246563037e-08]"
/multi_agv/m2b_algorithm_state,1789558485.7970378,1789558485.7970378,m2b_algorithm_state_v1:header6+3x20,"[1.0,-0.15,0.52,0.7260897326393856,0.10171668079524887,1789558485.7969103,0.7244423760465825,0.10136298089522497,0.0036904376666666654,0.0015296259861763257,0.0010915040011752353,0.0003688774267989051,0.0009860853749999966,0.724565797079157,0.1017912783021884,0.0001234210325745666,0.00042829740696342933,0.00042800675567915844,0.998644960921791,6.040134986434437e-09,0.0005822830463973667,-0.000733601789611208,-0.000733601789611208,0.1419391590451971,1.0006790810668624,6.031950367490161e-09,0.7259006040820133,0.10208796817284747,0.006394789958333334,0.0009103753008716242,0.002429533212352286,0.0011135793167405678,0.005408704583333337,0.7274098150005115,0.0988816155286075,0.001509210918498205,-0.0032063526442399765,-0.0032229328690059618,1.0104674465303527,2.0129573910446755e-07,-0.0013364192208832055,0.007027785046639848,0.007027785046639848,0.12046042658532315,0.9948555475897645,2.0340279149033138e-07,0.7249292989050918,0.10169937613372941,0.0036904376666666654,-0.0005565292608468394,0.0016452586781359572,0.0009851186386096037,-0.0003055678083333374,0.7256249844738878,0.1035442527024527,0.0006956855687959562,0.001844876568723286,0.001839565838781274,0.9942831536079222,-4.067072275094099e-08,0.0027091727997762194,-0.0110706111002385,-0.0110706111002385,0.17667801612260436,1.002886947468828,-4.0438214476319075e-08]"
/multi_agv/m2b_algorithm_state,1789558485.807046,1789558485.807046,m2b_algorithm_state_v1:header6+3x20,"[1.0,-0.15,0.52,0.7270903637473923,0.10171658152427947,1789558485.8068936,0.7254414698694004,0.10136290258446436,0.0036904376666666654,0.0015300960916586302,0.0010911761007593055,0.00036884421180025323,0.0009860853749999966,0.7254745421372575,0.10000428098235369,3.307226785709272e-05,-0.0013586216021106712,-0.0013615860704440463,1.004386313992574,6.087287041651243e-08,-0.0013202457356226804,0.006802859469245325,0.006802859469245325,0.14193677610278502,0.9978227830045233,6.113987793978853e-08,0.7268994213569392,0.10208785591837068,0.006394789958333334,0.0009110602153381588,0.002429066152660919,0.0011135253693654174,0.005408704583333337,0.728422260073423,0.0991660043031021,0.001522838716483843,-0.0029218516152685753,-0.0029355904707998788,1.00950812160617,1.6725400137467298e-07,-0.001032042075195075,0.005838756779022553,0.005838756779022553,0.12045892640956761,0.9953199004874955,1.688442727588619e-07,0.7259283066918171,0.10169928388291158,0.0036904376666666654,-0.0005559651107872239,0.0016448868074325114,0.000985067527191203,-0.0003055678083333374,0.7265327853189472,0.10135750648042623,0.0006044786271300895,-0.00034177740248535204,-0.0003419627216272866,1.001085848183083,-1.3965980157894809e-09,0.00041363556228532527,-0.0018689650805121397,-0.0018689650805121397,0.17667334937789597,0.9994580720932017,-1.3981145092074233e-09]"
/multi_agv/m2b_algorithm_state,1789558485.8173265,1789558485.8173265,m2b_algorithm_state_v1:header6+3x20,"[1.0,-0.15,0.52,0.7280897087438404,0.10171649638704734,1789558485.817062,0.7264422182911302,0.10136280371170867,0.0036904376666666654,0.001530725070332342,0.0010908317007919384,0.00036875071360787347,0.0009860853749999966,0.7262725176857726,0.09849012935512051,-0.00016970060535759224,-0.0028726743565881535,-0.00288607977491054,1.009433989489748,2.7252879779722354e-07,-0.0030982055316075303,0.013695508064120988,0.013695508064120988,0.1419402644816413,0.9953551462995156,2.750998316112962e-07,0.7278999011518307,0.10208773495136303,0.006394789958333334,0.0009117550856810302,0.002428612213314918,0.0011134602812507,0.005408704583333337,0.7294404138534457,0.09958116839117752,0.0015405127016150377,-0.002506566560185511,-0.002516645825133092,1.0081185758833024,1.231498850865341e-07,-0.000591004948114295,0.004109796315140586,0.004109796315140586,0.12046112250550703,0.9959949608932165,1.241496867736291e-07,0.7269289717992162,0.1016992059097667,0.0036904376666666654,-0.0005555332111587086,0.0016445095232850877,0.0009850765581984342,-0.0003055678083333374,0.727472124926678,0.10154179358644012,0.0005431531274617818,-0.00015741232332656951,-0.00015745157918680943,1.0004990624202017,-2.959846917858265e-10,0.0005214898301404178,-0.0023349941900633227,-0.0023349941900633227,0.1766801810293538,0.9997506797934789,-2.961324066224518e-10]"
/multi_agv/m2b_algorithm_state,1789558485.8270218,1789558485.8270218,m2b_algorithm_state_v1:header6+3x20,"[1.0,-0.15,0.52,0.7290860300835492,0.10171643625047323,1789558485.826893,0.7274416826371729,0.10136273069170969,0.0036904376666666654,0.0015312087752774347,0.0010905019477621004,0.00036871256750441975,0.0009860853749999966,0.727551679958784,0.09892611638096341,0.00010999732161109943,-0.0024366143107462795,-0.002446227227813874,1.0079628195840864,1.9607737854285369e-07,-0.0023087305758,0.010742872228179424,0.010742872228179424,0.14193919883918504,0.9960703090218705,1.9763870733271103e-07,0.7288990921883725,0.10208763296868409,0.006394789958333334,0.0009124259161121537,0.002428150333596224,0.0011134097449102265,0.005408704583333337,0.7304561697661915,0.09979867428005623,0.0015570775778190882,-0.002288958688627857,-0.002297350031166358,1.007395554758754,1.0275658836453442e-07,-0.000351003058892498,0.0031706879042108335,0.0031706879042108335,0.12046045163571784,0.9963473817987408,1.0351653034060709e-07,0.7279283514059758,0.10169912550074826,0.0036904376666666654,-0.0005550043464922741,0.0016441391664700723,0.0009850399547814033,-0.0003055678083333374,0.7286477147862633,0.10392520926419242,0.0007193633802875521,0.002226083763444159,0.0022183739600206685,0.9931319497553992,-5.903598901614794e-08,0.0031175781853801086,-0.012716278146929716,-0.012716278146929716,0.17667809405133408,1.0034754300052362,-5.8630526877345337e-08]"
/multi_agv/m2b_algorithm_state,1789558485.837098,1789558485.837098,m2b_algorithm_state_v1:header6+3x20,"[1.0,-0.15,0.52,0.7300883563040393,0.10171634261852526,1789558485.8369043,0.7284381286694485,0.10136270838917394,0.0036904376666666654,0.0015313860789779431,0.0010902052720846095,0.0003687900295623462,0.0009860853749999966,0.728783520871931,0.10087334752938297,0.00034539220248253066,-0.0004893608597909688,-0.0004897429424127755,1.0015644466462434,7.899389854608603e-09,-5.8002689309612134e-05,0.00195679836480692,0.00195679836480692,0.14192742757514926,0.9992198302645785,7.911748028574015e-09,0.7298952530712138,0.10208756585164035,0.006394789958333334,0.0009130518649762883,0.0024276689629938453,0.0011133888035013417,0.005408704583333337,0.7314180825848081,0.09956819472834791,0.0015228295135942815,-0.002519371123292438,-0.002529554639388715,1.0081612482660585,1.2458937577127595e-07,-0.0006260177473958631,0.004239839344252613,0.004239839344252613,0.12045304095904781,0.9959741861520975,1.256061805982586e-07,0.7289247085099854,0.10169903451060541,0.0036904376666666654,-0.0005542574823149391,0.0016437820126317237,0.0009849019880037602,-0.0003055678083333374,0.7297820753720169,0.10514734573419643,0.0008573668620315278,0.0034483112235910163,0.0034299828175670378,0.9895096259280519,-1.413389010615891e-07,0.004501691395106448,-0.01829218374899884,-0.01829218374899884,0.1766550422089453,1.005343585376028,-1.3985620311853496e-07]"
/multi_agv/m2b_algorithm_state,1789558485.8472178,1789558485.8472178,m2b_algorithm_state_v1:header6+3x20,"[1.0,-0.15,0.52,0.7310891128065288,0.10171626493732833,1789558485.8470695,0.7294405677810735,0.10136259660652368,0.0036904376666666654,0.0015321727802081304,0.0010898463331873599,0.00036863572722140264,0.0009860853749999966,0.7298729106224996,0.10099170004781177,0.00043234284142612545,-0.00037089655871190563,-0.00037111584730886547,1.0011841368513699,4.53971201456366e-09,0.00016931270447379134,0.00109860502534532,0.00109860502534532,0.14193691735751243,0.9994091101241027,4.5450876548547116e-09,0.7308974336290698,0.10208744885901598,0.006394789958333334,0.0009137379147111865,0.002427231975091537,0.001113318721472148,0.005408704583333337,0.732775917198171,0.09909941420544022,0.0018784835691012525,-0.0029880346535757635,-0.0030024102298564495,1.0097308073620004,1.7543861479246665e-07,-0.0006543057684798839,0.004543138583294873,0.004543138583294873,0.12045901533455072,0.9952119879762823,1.7714577415686832e-07,0.7299270675019746,0.10169898239003614,0.0036904376666666654,-0.0005539821746022174,0.001643401240849312,0.0009849807113536061,-0.0003055678083333374,0.7306278342897362,0.10337531598486045,0.000700766787761653,0.0016763335948243169,0.0016719432368045072,0.9947953616625324,-3.342954010061991e-08,0.0025479017215065732,-0.01040999958501611,-0.01040999958501611,0.1766736259982879,1.0026259013602643,-3.325555143460831e-08]"
/multi_agv/m2b_algorithm_state,1789558485.8571105,1789558485.8571105,m2b_algorithm_state_v1:header6+3x20,"[1.0,-0.15,0.52,0.7320851532293265,0.10171622301890791,1789558485.856948,0.730441439712912,0.10136251657827815,0.0036904376666666654,0.0015327728881486292,0.0010895050119776413,0.0003685531421892287,0.0009860853749999966,0.7308782591210896,0.09980172771447834,0.00043681940817763554,-0.001560788863799803,-0.0015647072121334332,1.0050505533665512,8.04885373822666e-08,-0.0010186829519113888,0.0058276392163792165,0.0058276392163792165,0.1419408497569651,0.9974957945465801,8.08950490357114e-08,0.7318980409783379,0.1020873534501205,0.006394789958333334,0.0009143975476744951,0.002426784515427438,0.0011132655383765122,0.005408704583333337,0.733761931693761,0.09909941420544022,0.0018638907154231443,-0.002987939244680285,-0.0030023139110663868,1.009730498634416,1.7555411919772062e-07,-0.0006724505167874564,0.004607481055472923,0.004607481055472923,0.12046149096233716,0.9952121374340248,1.7726234831484014e-07,0.7309278577283363,0.10169892478358634,0.0036904376666666654,-0.000553578083466955,0.0016430293206967875,0.000984999007043521,-0.0003055678083333374,0.7319634670600834,0.10410278072095515,0.0010356093317470672,0.002403855937368804,0.0023948777207110725,0.9925985786799646,-6.86556305784858e-08,0.0036893893853949065,-0.014849452208400208,-0.014849452208400208,0.17668132726611455,1.0037489248741542,-6.814748133058172e-08]"
/multi_agv/m2b_algorithm_state,1789558485.867118,1789558485.867118,m2b_algorithm_state_v1:header6+3x20,"[1.0,-0.15,0.52,0.7330842555502852,0.10171616638609744,1789558485.8669941,0.7314376041056371,0.10136251407564664,0.0036904376666666654,0.0015328892644348594,0.001089214670346682,0.0003686537194620527,0.0009860853749999966,0.7317823741936108,0.09868891464612063,0.00034477008797373365,-0.0026735994295260107,-0.002685193899079876,1.008760629242325,2.3636897550722337e-07,-0.002254231289112709,0.010650627635173097,0.010650627635173097,0.14192808367243492,0.9956820736268477,2.3843971646603037e-07,0.7328939216819703,0.10208730853743445,0.006394789958333334,0.0009149932550757004,0.002426305357931202,0.0011132565555796309,0.005408704583333337,0.7348453547463794,0.10027367568619301,0.001951433064409036,-0.001813632851241434,-0.0018188820433818762,1.0058283740777434,6.4672250096751e-08,0.0006204092871294189,-0.0004619323694596625,-0.0004619323694596625,0.12045345401578621,0.997114055768739,6.504918416276423e-08,0.7319239339003724,0.10169884644364262,0.0036904376666666654,-0.0005528217999336261,0.0016426778743725053,0.0009848539889726515,-0.0003055678083333374,0.7331709301369544,0.10560102492187946,0.0012469962365820875,0.003902178478236845,0.0038787889807446606,0.9881909063466063,-1.8046173117347557e-07,0.0054375342764722695,-0.021890075203602137,-0.021890075203602137,0.17665632698349454,1.0060301031090622,-1.7833064168919445e-07]"
/multi_agv/m2b_algorithm_state,1789558485.8771873,1789558485.8771873,m2b_algorithm_state_v1:header6+3x20,"[1.0,-0.15,0.52,0.7340861440537839,0.101716097026473,1789558485.8771539,0.7324368242169961,0.10136246648681219,0.0036904376666666654,0.001533325243503308,0.001088893480916741,0.00036863180661148823,0.0009860853749999966,0.7329334410857148,0.10102261700984932,0.0004966168687187134,-0.0003398494769628613,-0.00034003354672202296,1.0010846349759266,3.814286789580996e-09,0.00028073753917636873,0.0006906709748538962,0.0006906709748538962,0.1419261590624449,0.9994586717665473,3.81842389844119e-09,0.7338928722820788,0.10208724109639235,0.006394789958333334,0.0009156142456451556,0.0024258501953807743,0.0011132241308846602,0.005408704583333337,0.7358454302398886,0.10027367568619301,0.0019525579578097974,-0.001813565410199336,-0.0018188142140698122,1.0058281581989796,6.471134612851879e-08,0.0006218832331924345,-0.0004665407445507421,-0.0004665407445507421,0.12045224234114947,0.9971141616170178,6.508849409102473e-08,0.7329230701517807,0.10169879157508785,0.0036904376666666654,-0.0005523188864035894,0.0016423143661273027,0.0009848250731231308,-0.0003055678083333374,0.734269242211258,0.10609170544313185,0.0013461720594772908,0.004392913868043996,0.004363382604596733,0.9867810696818355,-2.284098735305506e-07,0.006046097678943346,-0.024339731516046872,-0.024339731516046872,0.1766525581837242,1.0067679747854685,-2.253905393283695e-07]"
/multi_agv/m2b_algorithm_state,1789558485.887125,1789558485.887125,m2b_algorithm_state_v1:header6+3x20,"[1.0,-0.15,0.52,0.7350885545636648,0.10171602975488159,1789558485.887043,0.7334388247517076,0.10136238083676055,0.0036904376666666654,0.0015340317513188526,0.0010885439293033521,0.0003685073824721272,0.0009860853749999966,0.7341001444728991,0.10239067413696226,0.0006613197211914335,0.0010282933002017103,0.0010266254993412432,0.9967688231396636,3.490226020929135e-08,0.001853275150830535,-0.005533105564595131,-0.005533105564595131,0.14193409883953648,1.001624546498735,3.478948483372965e-08,0.7348946161229707,0.10208715383165343,0.006394789958333334,0.0009162589410803609,0.00242541620756076,0.0011131704155413202,0.005408704583333337,0.7363752854213607,0.09887213566759727,0.0014806692983899694,-0.0032150181640561576,-0.003231689404634777,1.0104968758056452,2.0369512285183802e-07,-0.0013808527816473151,0.007193251150444063,0.007193251150444063,0.12045724092711849,0.9948413233788155,2.058332852586294e-07,0.733924991286673,0.10169875641100498,0.0036904376666666654,-0.0005520317116759136,0.001641941182952229,0.000984894705900333,-0.0003055678083333374,0.7350612756620838,0.10447806649088279,0.001136284375410801,0.002779310079877806,0.002767342535691738,0.991479396910011,-9.149482783043028e-08,0.0041876980049552395,-0.01682207701577173,-0.01682207701577173,0.17666810634672225,1.0043245619332326,-9.071523671770029e-08]"
/multi_agv/m2b_algorithm_state,1789558485.8972,1789558485.8972,m2b_algorithm_state_v1:header6+3x20,"[1.0,-0.15,0.52,0.7360829494565692,0.10171601913000572,1789558485.8969994,0.7344413458183373,0.10136229420967768,0.0036904376666666654,0.001534764053740873,0.0010881898801130552,0.00036837411681356043,0.0009860853749999966,0.7346984795443378,0.10204561797073326,0.00025713372600044693,0.0006833237610555792,0.0006825853479738532,0.9978443561161318,1.5423666660668612e-08,0.0010040025054744118,-0.002346190774938601,-0.002346190774938601,0.14194388796901566,1.0010817886494603,1.539041872796472e-08,0.7358968834496843,0.10208706813155143,0.006394789958333334,0.0009169019330417692,0.00242498665805857,0.001113115130009515,0.005408704583333337,0.7373582050599877,0.09887213566759727,0.0014613216103034343,-0.0032149324639541565,-0.0032316028242129705,1.0104965979113991,2.0382726923042924e-07,-0.0014049508113336776,0.007278418673276159,0.007278418673276159,0.1204634036276178,0.994841457578292,2.0596676211891955e-07,0.7349274344229727,0.10169872692341565,0.0036904376666666654,-0.0005517753027777521,0.0016415684068691594,0.0009849774630747736,-0.0003055678083333374,0.735672107104903,0.10542011654133754,0.0007446726819303473,0.003721389617921886,0.003700087744295614,0.9887144555568879,-1.638397186526626e-07,0.004630928596708548,-0.018894369999933228,-0.018894369999933228,0.17668727748928434,1.0057571266138519,-1.6199069822626098e-07]"
/multi_agv/m2b_algorithm_state,1789558485.9071398,1789558485.9071398,m2b_algorithm_state_v1:header6+3x20,"[1.0,-0.15,0.52,0.7370794571004883,0.10171599945465197,1789558485.9070444,0.7354358660597277,0.10136233629415392,0.0036904376666666654,0.0015346753595993044,0.0010879216411361792,0.00036855208781378605,0.0009860853749999966,0.7355739663537679,0.10037430189757385,0.00013810029404026647,-0.000988034396580073,-0.0009895978388929408,1.0031765630590335,3.2282012040224226e-08,-0.0008169724713426077,0.004867889987863647,0.004867889987863647,0.14192529550444838,0.9984201235578517,3.2384557887142475e-08,0.7368911167747423,0.1020870632956331,0.006394789958333334,0.0009174435122512575,0.0024245019545193758,0.0011131324968821493,0.005408704583333337,0.7384385626619288,0.10033525274076335,0.0015474458871864716,-0.00175181055486974,-0.0017567057043711325,1.0056257756869578,6.049753337172753e-08,0.00017760165461195698,0.001074722649854148,0.001074722649854148,0.12045169867248712,0.9972134493050189,6.083787892409111e-08,0.7359218655352375,0.10169865780023012,0.0036904376666666654,-0.0005509117243513791,0.001641229758747708,0.0009847792796075518,-0.0003055678083333374,0.7368893525607841,0.10679576801329933,0.0009674870255466095,0.005097110213069217,0.005057565999630917,0.9847868102734407,-3.065546227140314e-07,0.006266924781564179,-0.025510812084138534,-0.025510812084138534,0.1766508671929766,1.0078188230150997,-3.0189094907712903e-07]"
/multi_agv/m2b_algorithm_state,1789558485.9171295,1789558485.9171295,m2b_algorithm_state_v1:header6+3x20,"[1.0,-0.15,0.52,0.7380820735267939,0.10171594527522032,1789558485.917043,0.7364324947038043,0.10136234586791266,0.0036904376666666654,0.0015348246499890228,0.0010876328985770056,0.00036863756655411114,0.0009860853749999966,0.7364546389109529,0.10030059900677307,2.2144207148522277e-05,-0.0010617468611395925,-0.0010635532924767159,1.003416397314602,3.728399864110338e-08,-0.001035873033541063,0.005674372720860134,0.005674372720860134,0.14191418596542643,0.9983015130977435,3.741137559393847e-08,0.7378874688538883,0.10208704433383374,0.006394789958333334,0.0009179986051334422,0.0024240352602000748,0.00111313463754531,0.005408704583333337,0.7394377207744308,0.10033525274076335,0.001550251920542478,-0.001751791593070387,-0.0017566866371549138,1.0056257150245878,6.053283100449867e-08,0.00018112826352318376,0.001062827620526535,0.001062827620526535,0.12044470428348195,0.9972134790684953,6.087337146136151e-08,0.7369184077437723,0.1016986081622095,0.0036904376666666654,-0.0005502401259232701,0.001640882160250384,0.0009846689692494135,-0.0003055678083333374,0.7378483788033594,0.1056560590379827,0.0009299710595871424,0.003957450875773191,0.003933404170067137,0.9880312469703303,-1.8473571850811008e-07,0.005095867994551065,-0.02068717862432256,-0.02068717862432256,0.17662911376559876,1.006113459147943,-1.8252466231752792e-07]"
/multi_agv/m2b_algorithm_state,1789558485.927155,1789558485.927155,m2b_algorithm_state_v1:header6+3x20,"[1.0,-0.15,0.52,0.7390813540360762,0.10171591772388416,1789558485.9270291,0.7374352200463156,0.10136226427064592,0.0036904376666666654,0.0015355923273391203,0.001087280914176268,0.00036848789334849004,0.0009860853749999966,0.7376687971595106,0.10182693580437248,0.00023357711319504926,0.0004646715337265628,0.0004643295085587442,0.9985304747874524,7.1372149417755784e-09,0.0007563009000525558,-0.0013630905453775669,-0.0013630905453775669,0.1419247013935297,1.0007366001115892,7.126726624471268e-09,0.7388899448254278,0.10208697410224021,0.006394789958333334,0.0009186153300213395,0.002423613895901955,0.0011130864810596913,0.005408704583333337,0.740249535232779,0.09965057836564548,0.00135959040735123,-0.0024363957365947375,-0.0024459136080009092,1.0078851227207106,1.1722181488348407e-07,-0.0007464255988118718,0.00463307350839305,0.00463307350839305,0.12045132463454639,0.996108664110197,1.1814612327938477e-07,0.7379210557086381,0.10169859745277482,0.0036904376666666654,-0.0005500466284481032,0.0016405108386231774,0.000984778240541358,-0.0003055678083333374,0.7386136261084312,0.10532323220501842,0.000692570399793091,0.0036246347522436023,0.0036044111786555128,0.9889955678058152,-1.5495560700678466e-07,0.004470124178396876,-0.018264926769178888,-0.018264926769178888,0.1766497038235438,1.0056107842822841,-1.5325040853636974e-07]"
/multi_agv/m2b_algorithm_state,1789558485.937268,1789558485.937268,m2b_algorithm_state_v1:header6+3x20,"[1.0,-0.15,0.52,0.7400803581375243,0.1017158966905905,1789558485.937013,0.7384346153363671,0.10136224103418964,0.0036904376666666654,0.0015359962338572998,0.0010869653431234468,0.0003684769606077552,0.0009860853749999966,0.7388275457647753,0.10287416402512879,0.00039293042840815584,0.001511922990939149,0.0015083306549518907,0.9952752561396928,7.552355253525326e-08,0.0019994936904620857,-0.006283401226901294,-0.006283401226901294,0.14192340768062273,1.0023816634472453,7.516672309410373e-08,0.7398890772902306,0.10208694112576486,0.006394789958333334,0.0009191858334775893,0.002423169762462929,0.0011130702056420944,0.005408704583333337,0.7412405692031774,0.09965057836564548,0.0013514919129468117,-0.0024363627601193816,-0.002445880375744903,1.0078850165551219,1.1729145515236882e-07,-0.0007565154845613885,0.004669137346271867,0.004669137346271867,0.1204505101462974,0.9961087158145978,1.1821630021801959e-07,0.7389203694816311,0.10169857101169798,0.0036904376666666654,-0.0005495898583451737,0.0016401556006120314,0.0009847650255434695,-0.0003055678083333374,0.7397178907364622,0.10665880027043645,0.0007975212548311239,0.004960229258738472,0.0049227410621621994,0.9851717774624007,-2.896460204132257e-07,0.005919642630701104,-0.024182639053810948,-0.024182639053810948,0.17664717053507248,1.0076153094592804,-2.853510847654083e-07]"
/multi_agv/m2b_algorithm_state,1789558485.947149,1789558485.947149,m2b_algorithm_state_v1:header6+3x20,"[1.0,-0.15,0.52,0.7410783577282624,0.10171588670218956,1789558485.946982,0.7394337342875589,0.10136222604470664,0.0036904376666666654,0.0015363664452624289,0.0010866540223172672,0.0003684784226949645,0.0009860853749999966,0.7398279699341463,0.10254179506252709,0.0003942356465874708,0.0011795690178204449,0.0011773769218281248,0.9962998523956704,4.599170625633711e-08,0.0016701714800624633,-0.004950082691092211,-0.004950082691092211,0.14192113549252205,1.0018618472569654,4.5821530154613696e-08,0.7408879332983379,0.10208691640415872,0.006394789958333334,0.0009197444933251551,0.002422725482441157,0.0011130591407046697,0.005408704583333337,0.7423658101222521,0.10158506276922126,0.0014778768239142037,-0.0005018536349374603,-0.0005022515840452447,1.0015889402451954,4.973243078839723e-09,0.00134509444584751,-0.003621443351547281,-0.003621443351547281,0.12044907962520121,0.9992076697805925,4.981145264916831e-09,0.7399194068266758,0.10169854762290613,0.0036904376666666654,-0.0005491191226091583,0.0016398029019107875,0.0009847444361959817,-0.0003055678083333374,0.740806411157749,0.10636554660876114,0.0008870043310732489,0.004666998985855014,0.004633737457366175,0.9860008033272649,-2.5625264002800326e-07,0.005742492871207736,-0.023387561791616548,-0.023387561791616548,0.17664272130245953,1.0071781210728639,-2.526653089223437e-07]"
/multi_agv/m2b_algorithm_state,1789558485.9572299,1789558485.9572299,m2b_algorithm_state_v1:header6+3x20,"[1.0,-0.15,0.52,0.7420749864504916,0.10171588987170639,1789558485.9570804,0.7404318501818417,0.10136222999210014,0.0036904376666666654,0.0015366330408245399,0.001086354665022892,0.0003685185755323225,0.0009860853749999966,0.7407417588644937,0.10150830645671663,0.0003099086826520159,0.00014607646461649304,0.00014604258220263876,0.9995363567880168,7.05975017030955e-10,0.0005334284355176586,-0.0004237809585120279,-0.0004237809585120279,0.1419153075570897,1.000232003661831,7.056476965064789e-10,0.741885783093042,0.10208690655386601,0.006394789958333334,0.000920282802237566,0.002422276094338871,0.0011130595550293415,0.005408704583333337,0.7434421712611863,0.10228205767511897,0.001556388168144296,0.00019515112125295664,0.00019509126433861547,0.9993870136892286,7.520936820324081e-10,0.0021405764745189852,-0.006771823002732905,-0.006771823002732905,0.12044541042919568,1.000306814938865,7.516326589009045e-10,0.7409174399099034,0.10169852356060255,0.0036904376666666654,-0.0005485816854879683,0.0016394555056882696,0.00098469217593012,-0.0003055678083333374,0.7417399336498286,0.1049651534625412,0.0008224937399251564,0.0032666299019386558,0.003250159004976538,0.9900414192610273,-1.2555665312025375e-07,0.004278276179882984,-0.017391396692619323,-0.017391396692619323,0.17663130983995204,1.0050677203598033,-1.2430628705284052e-07]"
/multi_agv/m2b_algorithm_state,1789558485.967547,1789558485.967547,m2b_algorithm_state_v1:header6+3x20,"[1.0,-0.15,0.52,0.7430771003349644,0.10171586232858704,1789558485.9673624,0.7414285973575045,0.10136225736851033,0.0036904376666666654,0.001536767190491681,0.0010860711646404116,0.00036860789069874064,0.0009860853749999966,0.7413645036978571,0.10162534982391257,-6.409365964743508e-05,0.00026309245540223625,0.00026298264443100724,0.9991660604747477,2.2900640323842487e-09,0.0001828655698717134,0.0007684987490990359,0.0007684987490990359,0.14190462807895518,1.000417559765081,2.2881542574722847e-09,0.742882259590135,0.1020869147192153,0.006394789958333334,0.0009207962380941813,0.002421819418930049,0.001113074542526668,0.005408704583333337,0.7439273471974448,0.10023164583879678,0.0010450876073098136,-0.001855268880418523,-0.001860763615852729,1.0059650220339962,6.81069306725602e-08,-0.0005544041067154619,0.0037058109254177523,0.0037058109254177523,0.12043868658891213,0.99704705348525,6.851319001468987e-08,0.7419141024038354,0.1016984975273936,0.0036904376666666654,-0.0005479559309994977,0.0016391144631981661,0.0009845983280907526,-0.0003055678083333374,0.7423294466238215,0.1058089602614844,0.0004153442199861246,0.004110462734090797,0.0040845508846423795,0.9875904454585612,-1.9844636816863882e-07,0.004603731159625035,-0.01899297260292092,-0.01899297260292092,0.17661040027457367,1.0063438674606418,-1.9598373713929967e-07]"
/multi_agv/m2b_algorithm_state,1789558485.9773953,1789558485.9773953,m2b_algorithm_state_v1:header6+3x20,"[1.0,-0.15,0.52,0.744075931651019,0.10171586055892323,1789558485.9772573,0.7424308187624753,0.10136220303265298,0.0036904376666666654,0.0015374566778935117,0.0010857311305035415,0.00036848589414771853,0.0009860853749999966,0.7424481522126275,0.10232131376680106,1.7333450152201557e-05,0.0009591107341480887,0.000957659035257825,0.9969838294531064,3.0433198226374156e-08,0.0009793258479480768,-0.002383795052663686,-0.002383795052663686,0.14191336326248627,1.001515882831798,3.034140651023599e-08,0.7438842349366193,0.10208687717397044,0.006394789958333334,0.0009213641944004064,0.0024214038049644726,0.0011130445361502012,0.005408704583333337,0.7449330884709394,0.10023164583879678,0.00104885353432016,-0.0018552313351736655,-0.0018607258494454677,1.0059649018049504,6.814619142549142e-08,-0.0005496589315452678,0.0036896280625629448,0.0036896280625629448,0.12044418630941854,0.9970471124086121,6.855267676572583e-08,0.7429162473057987,0.1016985067791377,0.0036904376666666654,-0.0005477605815066536,0.0016387523475475691,0.0009847020087945559,-0.0003055678083333374,0.7434664423372805,0.10666040024574111,0.0005501950314817927,0.004961893466603404,0.004924380555509139,0.9851670757813735,-2.8887539648618426e-07,0.0056121243448613795,-0.023071666464947398,-0.023071666464947398,0.17662750292181753,1.007617792871897,-2.8459052962147903e-07]"
/multi_agv/m2b_algorithm_state,1789558485.9872983,1789558485.9872983,m2b_algorithm_state_v1:header6+3x20,"[1.0,-0.15,0.52,0.7450831078672663,0.10171580968103604,1789558485.9872172,0.743429763340925,0.10136220536947647,0.0036904376666666654,0.001537791814259267,0.0010854269747224026,0.0003684988332093987,0.0009860853749999966,0.7435469501737145,0.10308124210053096,0.00011718683278949538,0.001719036731054488,0.001714400070586238,0.99464071929729,9.773157779901177e-08,0.0018608836115731073,-0.00588582022901409,-0.00588582022901409,0.14191047980880603,1.0027045381925728,9.720780684006813e-08,0.7448829203349652,0.10208687577745067,0.006394789958333334,0.0009218869155352451,0.0024209660518385023,0.0011130456555822899,0.005408704583333337,0.7465347301290155,0.10147643292223182,0.0016518097940503296,-0.0006104428552188429,-0.0006110321354800169,1.0019351406340549,7.3759578109419765e-09,0.001453730107082895,-0.0039536067206378854,-0.0039536067206378854,0.1204423708857301,0.9990355985766426,7.390231326617005e-09,0.7439151112771668,0.10169850052984257,0.0036904376666666654,-0.0005473084997269528,0.0016384059562935885,0.0009846862250824468,-0.0003055678083333374,0.7445365386207818,0.10642352037756758,0.000621427343615033,0.004725019847725012,0.0046909412781046475,0.9858362891929491,-2.617857527159706e-07,0.005467725457623439,-0.022425386880206975,-0.022425386880206975,0.17662185725087323,1.0072647615052077,-2.5807789502109544e-07]"
/multi_agv/m2b_algorithm_state,1789558485.9973364,1789558485.9973364,m2b_algorithm_state_v1:header6+3x20,"[1.0,-0.15,0.52,0.7460846392996837,0.10171580035042739,1789558485.9971287,0.7444370362653563,0.10136208375048557,0.0036904376666666654,0.0015389559850893931,0.0010850353688966578,0.00036819790453695967,0.0009860853749999966,0.7448325132576786,0.10245676607568606,0.0003954769923223411,0.0010946823252004911,0.0010927931618695322,0.9965627987706759,3.967960756482595e-08,0.0015871394022724586,-0.0046113704024435005,-0.0046113704024435005,0.14193713836818492,1.0017287473941794,3.954322076892503e-08,0.7458899709088891,0.10208680181362301,0.006394789958333334,0.0009224989950438944,0.002420589124868422,0.001112976397760923,0.005408704583333337,0.7475431567476197,0.10147643292223182,0.001653185838730642,-0.0006103688913911831,-0.0006109580291234616,1.0019349064803094,7.379068644131673e-09,0.001455524269289841,-0.003959384732387306,-0.003959384732387306,0.12045915447336616,0.9990357148867923,7.393346451869851e-09,0.7449223164275535,0.10169854347899952,0.0036904376666666654,-0.0005474927301255639,0.0016380279462719655,0.0009849627095373662,-0.0003055678083333374,0.7458252789465658,0.10527755574685015,0.0009029625190123403,0.003579012267850623,0.003559287700666381,0.9891283457545789,-1.5038321553289806e-07,0.0046879908494318065,-0.01902189798112191,-0.01902189798112191,0.1766740588280715,1.0055417175690937,-1.4874830120930974e-07]"
/multi_agv/m2b_algorithm_state,1789558486.0073712,1789558486.0073712,m2b_algorithm_state_v1:header6+3x20,"[1.0,-0.15,0.52,0.7470852547254606,0.10171580137467716,1789558486.007236,0.7454386747234498,0.10136205988926608,0.0036904376666666654,0.0015394920621923736,0.0010847049357801896,0.00036813741166178077,0.0009860853749999966,0.7458238351503597,0.10196006410831289,0.0003851604269098363,0.0005980042190468077,0.000597438322594893,0.9981116705161569,1.1849658652246462e-08,0.0010788888562321885,-0.0025682514193838017,-0.0025682514193838017,0.14194381489135335,1.0009472048084507,1.1827282592439948e-08,0.7468913631311442,0.1020867867433518,0.006394789958333334,0.0009230398735168045,0.002420171494381229,0.0011129591787732013,0.005408704583333337,0.7485811109296064,0.10117486236810307,0.0016897477984622045,-0.0009119243752487294,-0.0009132424627371563,1.0029007881535643,1.6484593398642095e-08,0.0011989422853405994,-0.0029103515948370622,-0.0029103515948370622,0.12046335762552016,0.998556694917058,1.6532411711889202e-08,0.7459238800444574,0.10169855441866431,0.0036904376666666654,-0.0005472123136346465,0.0016376770689566448,0.000985023670962891,-0.0003055678083333374,0.7468909239700148,0.10544693318067408,0.0009670439255573537,0.0037483787620097714,0.0037267711930228974,0.9886361238076937,-1.6484688467246485e-07,0.00493557609996959,-0.019999056194315308,-0.019999056194315308,0.17668713436875663,1.0057979328130815,-1.6297358508435958e-07]"
/multi_agv/m2b_algorithm_state,1789558486.0171475,1789558486.0171475,m2b_algorithm_state_v1:header6+3x20,"[1.0,-0.15,0.52,0.748070282670585,0.10171590434972448,1789558486.0169995,0.7464393984742861,0.10136205526775408,0.0036904376666666654,0.0015399186363910197,0.0010843857216217053,0.0003681185486272107,0.0009860853749999966,0.7468084453917194,0.10191242831934955,0.0003690469174333355,0.0005503730515954708,0.0005498935395278458,0.9982611342744936,1.0040301159893793e-08,0.001011202186319515,-0.002304918097776244,-0.002304918097776244,0.14194724806401104,1.0008720089129193,1.0022842424333092e-08,0.747891837607667,0.10208678558031142,0.006394789958333334,0.0009235624286408634,0.002419748646618869,0.001112952616902807,0.005408704583333337,0.7495798815501669,0.10117486236810307,0.0016880439424998839,-0.000911923212208357,-0.0009132412963438835,1.002900784461406,1.6493883726905965e-08,0.0011968136317809714,-0.00290229717432075,-0.00290229717432075,0.12046551891861472,0.9985566967450953,1.654172892852921e-08,0.746924528094429,0.10169856327596596,0.0036904376666666654,-0.0005468594982018572,0.0016373319941952406,0.0009850502316019255,-0.0003055678083333374,0.7478711980670858,0.10416980049609567,0.0009466699726567995,0.0024712372201297073,0.0024617534461071574,0.9923969627300016,-7.167437232748508e-08,0.003645090911928157,-0.014717894779435524,-0.014717894779435524,0.17669385832499301,1.0038524467336674,-7.112942940337546e-08]"
/multi_agv/m2b_algorithm_state,1789558486.0271997,1789558486.0271997,m2b_algorithm_state_v1:header6+3x20,"[1.0,-0.15,0.52,0.7490803349548001,0.10171585157838003,1789558486.0270793,0.7474245636995751,0.10136228770006088,0.0036904376666666654,0.0015388118033551703,0.0010842307302613144,0.0003686789388645164,0.0009860853749999966,0.747830721057202,0.1018888754470452,0.00040615735762694616,0.0005265877469843167,0.0005261487074776574,0.9983358373713603,9.184775459955826e-09,0.00103384540451134,-0.0023755172639783463,-0.0023755172639783463,0.14189549939840512,1.0008344399604514,9.169490499882921e-09,0.7488766892781787,0.1020869317100795,0.006394789958333334,0.0009238983641162253,0.002419219822781038,0.0011130820810650727,0.005408704583333337,0.7502804982592162,0.10057272262142679,0.0014038089810374244,-0.0015142090886527126,-0.001517859836987273,1.0048496688804842,4.5510505135767577e-08,0.00023690138930950746,0.0007654709464227995,0.0007654709464227995,0.1204329389501116,0.9975948053663461,4.573121601625963e-08,0.7479095950340013,0.10169849363903305,0.0036904376666666654,-0.0005453603231859627,0.0016370490854044966,0.0009845475455027642,-0.0003055678083333374,0.7487898353877108,0.10325455811740297,0.0008802403537094827,0.001556064478369923,0.0015522780081362673,0.995162080557266,-2.8359041845956196e-08,0.002652578450273121,-0.01071659859208125,-0.01071659859208125,0.1765925285526808,1.002439299026211,-2.8221843086032335e-08]"
/multi_agv/m2b_algorithm_state,1789558486.0370612,1789558486.0370612,m2b_algorithm_state_v1:header6+3x20,"[1.0,-0.15,0.52,0.7500720933668358,0.10171592053467117,1789558486.0369835,0.7484347053172163,0.10136213227106781,0.0036904376666666654,0.0015402723462096288,0.0010838147870068536,0.0003682622034540501,0.0009860853749999966,0.7485416689773752,0.10237472091559582,0.00010696366015883196,0.0010125886445280091,0.001010971199717029,0.9968175911477888,3.39824142019565e-08,0.001144675774915569,-0.0029949233521445015,-0.0029949233521445015,0.14193233472932001,1.0015998920754943,3.387426826618069e-08,0.7498866257014123,0.10208685092139014,0.006394789958333334,0.0009245093596644809,0.0024188722398365003,0.0011129980290303515,0.005408704583333337,0.7513717442135179,0.10161613558365079,0.0014851185121056432,-0.00047071533773934693,-0.0004710653536076513,1.0014898250116577,4.3978174343313195e-09,0.0013853327865244027,-0.0037737814282794184,-0.0037737814282794184,0.12045613032252492,0.9992569696208312,4.40436941274169e-09,0.7489196738457717,0.10169857154268211,0.0036904376666666654,-0.0005458117795549317,0.0016366640068954004,0.0009849435413267745,-0.0003055678083333374,0.7497567428858418,0.10334115349644275,0.000837069040070082,0.001642581953760644,0.001638365502201448,0.994898152676263,-3.162439639769112e-08,0.0026847018022890506,-0.010873853102481791,-0.010873853102481791,0.17666465166978434,1.0025735719859399,-3.146305355556476e-08]"
/multi_agv/m2b_algorithm_state,1789558486.047011,1789558486.047011,m2b_algorithm_state_v1:header6+3x20,"[1.0,-0.15,0.52,0.7510684853498112,0.10171596352919376,1789558486.0469148,0.7494265874989435,0.101362268762341,0.0036904376666666654,0.0015398300102501586,0.0010835933256903678,0.00036856913389943756,0.0009860853749999966,0.7496157976452444,0.10301562632163166,0.00018921014630091104,0.0016533575592906635,0.0016490663001043598,0.9948416159423397,9.053035542595009e-08,0.0018855789829804986,-0.005940588593190337,-0.005940588593190337,0.1419044135005452,1.0026022356930295,9.006336508378654e-08,0.7508782248346555,0.10208694563658671,0.006394789958333334,0.0009249044990321791,0.0024183944034589233,0.0011130753057466136,0.005408704583333337,0.7523868099313856,0.10113914217792389,0.0015085850967301306,-0.000947803458662827,-0.0009492276899125196,1.0030161410767213,1.7843656364011126e-08,0.0009365036810001437,-0.0019633544012760975,-0.0019633544012760975,0.12043855148816816,0.9984995894401018,1.789747534892952e-08,0.7499114677669085,0.10169854720508581,0.0036904376666666654,-0.0005448353887517366,0.001636356990055615,0.0009846800060007168,-0.0003055678083333374,0.7508036382795537,0.10285371110091392,0.0008921705126451185,0.0011551638958281069,0.0011530707940787513,0.9963920070052812,-1.5618220970111694e-08,0.0022682839348851496,-0.0091513979524624,-0.0091513979524624,0.17660998016972224,1.0018152413191836,-1.556187053826156e-08]"
/multi_agv/m2b_algorithm_state,1789558486.0570886,1789558486.0570886,m2b_algorithm_state_v1:header6+3x20,"[1.0,-0.15,0.52,0.7520729598594779,0.10171595883631711,1789558486.056974,0.7504230941051953,0.10136233180201974,0.0036904376666666654,0.0015398919303156516,0.0010833254664591725,0.0003686816224480554,0.0009860853749999966,0.7506527549535729,0.1028480592921045,0.0002296608483776108,0.0014857274900847567,0.0014822578715253496,0.995355733733338,7.311552654957336e-08,0.001769333931997363,-0.005445649667078028,-0.005445649667078028,0.14189289789065368,1.0023407658181884,7.277595857604995e-08,0.7518744697476379,0.10208700197378999,0.006394789958333334,0.0009253416138252698,0.002417953193480149,0.0011131153337887029,0.005408704583333337,0.753397662989511,0.10113914217792389,0.001523193241873111,-0.0009478597958661045,-0.0009492841959515649,1.0030163199819806,1.7854207789303667e-08,0.0009547073563898237,-0.002027298364288799,-0.002027298364288799,0.1204313009525224,0.9984995008960066,1.790806179302098e-08,0.7509078921966005,0.10169855681177153,0.0036904376666666654,-0.0005442514751054996,0.0016360304098170415,0.0009845967734344718,-0.0003055678083333374,0.7517508266638233,0.10166251688502657,0.0008429344672228334,-3.603992674496015e-05,-3.604198263055208e-05,1.0001141049246145,-1.5198954575876247e-11,0.0010176261013979896,-0.004140149405706122,-0.004140149405706122,0.1765874357184732,0.9999429585876836,-1.5200688851442346e-11]"
/multi_agv/m2b_algorithm_state,1789558486.0669062,1789558486.0669062,m2b_algorithm_state_v1:header6+3x20,"[1.0,-0.15,0.52,0.753066568873029,0.101716027366276,1789558486.06681,0.7514276672298374,0.10136227304713277,0.0036904376666666654,0.0015407696801585063,0.001082973622727712,0.00036848416438426106,0.0009860853749999966,0.7511935274689872,0.10113749771872231,-0.00023413976085029375,-0.000224775328410462,-0.00022485577907612521,1.0007164403926316,1.6765111721895517e-09,-0.0005175304801389924,0.0034776143380830862,0.0034776143380830862,0.14190998662716348,0.9996422121504115,1.6777122925120065e-09,0.7528788170938544,0.10208698799066328,0.006394789958333334,0.0009258636973553547,0.0024175717031295063,0.001113087463038509,0.005408704583333337,0.7540932192799381,0.10049922215957918,0.0012144021860837073,-0.0015877658310840953,-0.0015917821202997167,1.0050894941354864,5.014837712778894e-08,-7.377938769508258e-05,0.0018971325523301113,0.0018971325523301113,0.12044206037935373,0.9974768599518726,5.040360699908498e-08,0.7519123952547418,0.10169861547115527,0.0036904376666666654,-0.0005442943879270848,0.0016356726363331523,0.0009848014759609213,-0.0003055678083333374,0.7526854182563014,0.10061203368502059,0.0007730230015595696,-0.0010865817861346883,-0.0010884654891787553,1.0034814670929588,-1.3826709293717468e-08,-0.00012218673722929328,0.00037507429053048377,0.00037507429053048377,0.1766208916370316,0.9982693957109396,-1.3874846527127454e-08]"
/multi_agv/m2b_algorithm_state,1789558486.077067,1789558486.077067,m2b_algorithm_state_v1:header6+3x20,"[1.0,-0.15,0.52,0.7540708500133767,0.101716031593529,1789558486.0769672,0.7524213950291899,0.10136238712000342,0.0036904376666666654,0.0015405272470378627,0.0010827374566696464,0.0003687120933289958,0.0009860853749999966,0.7521574001750317,0.10168172480471525,-0.00026399485415817825,0.00031933768471183177,0.00031917597222166737,0.9989884252542719,3.3820105085286413e-09,-1.0817595476055443e-05,0.0014351221337591074,0.0014351221337591074,0.1418889160747828,1.0005066562155,3.3785893521084265e-09,0.7538722736498763,0.10208707929810464,0.006394789958333334,0.0009262549138423747,0.002417114330542036,0.0011131557954859178,0.005408704583333337,0.7550908462150394,0.10049922215957918,0.0012185725651631119,-0.001587857138525453,-0.0015918738874920553,1.005089785804622,5.017531948152047e-08,-6.865818103816545e-05,0.001879486398843146,0.001879486398843146,0.12042879359790748,0.9974767165928385,5.043070111035989e-08,0.7529060379400206,0.10169861568071993,0.0036904376666666654,-0.0005435007615964605,0.0016353612747622877,0.000984619423656454,-0.0003055678083333374,0.7537433193201827,0.1012537406519046,0.000837281380162036,-0.00044487502881533636,-0.00044518926264295656,1.001415064945928,-2.313373141857341e-09,0.0006014124625595885,-0.0024752457770808355,-0.0024752457770808355,0.176579640165412,0.9992941567688433,-2.3166467150972345e-09]"
/multi_agv/m2b_algorithm_state,1789558486.0870442,1789558486.0870442,m2b_algorithm_state_v1:header6+3x20,"[1.0,-0.15,0.52,0.7550699337226577,0.1017160731904073,1789558486.0869665,0.7534257740818598,0.10136233776363152,0.0036904376666666654,0.0015413754928904747,0.0010823905271938761,0.00036852486803978465,0.0009860853749999966,0.7532903380580122,0.10351377960922631,-0.00013543602384769038,0.0021514418455947926,0.002144203040101452,0.9933257521312432,1.5338950053433788e-07,0.001974908010291839,-0.006496831942641626,-0.006496831942641626,0.1419050253465269,1.0033759888210017,1.523657409873069e-07,0.754876428561141,0.10208707628282042,0.006394789958333334,0.0009267594628143199,0.002416735643292922,0.0011131340678742774,0.005408704583333337,0.7566097562369763,0.10037728151764287,0.0017333276758353389,-0.001709794765177547,-0.0017144564324044465,1.0054882311417643,5.82139324931982e-08,0.0004522031623897271,9.632858883906455e-05,9.632858883906455e-05,0.12043893671816806,0.9972809648943008,5.853342401039194e-08,0.7539103473971293,0.10169868073413504,0.0036904376666666654,-0.0005435419891953509,0.0016350075212777605,0.0009848213049052233,-0.0003055678083333374,0.7547908872114295,0.10098742100858056,0.0008805398143002519,-0.0007112597255544834,-0.0007120645653401363,1.002269235176793,-5.914778006174886e-09,0.00038861020253517847,-0.0016002860088694729,-0.0016002860088694729,0.17661117806074758,0.9988697095392347,-5.928200028489419e-09]"
/multi_agv/m2b_algorithm_state,1789558486.0972064,1789558486.0972064,m2b_algorithm_state_v1:header6+3x20,"[1.0,-0.15,0.52,0.7560734926647044,0.10171609006941155,1789558486.0970845,0.7544249650850091,0.10136237567467862,0.0036904376666666654,0.001541662993155972,0.0010820997616731707,0.0003685514909890048,0.0009860853749999966,0.7548841666094441,0.10377770376040821,0.0004592015244350156,0.0024153280857295845,0.0024062229055403957,0.9925297349719914,1.9332325299382556e-07,0.002980224811084165,-0.010222124986754464,-0.010222124986754464,0.14190303548898417,1.0037840135958411,1.9187907705788492e-07,0.7558753739340583,0.10208712640438261,0.006394789958333334,0.0009271984805960184,0.0024163206342017185,0.0011131596419259454,0.005408704583333337,0.7576846605913786,0.1014225449888585,0.0018092866573202748,-0.0006645814155241125,-0.0006652801390145236,1.0021080541870229,8.792966545744177e-09,0.0015963281826358198,-0.004428083258245105,-0.004428083258245105,0.12043768386568172,0.9989497304226667,8.811502595687285e-09,0.7549094621489059,0.10169871749216065,0.0036904376666666654,-0.0005431687563137257,0.001634678027693676,0.0009848309116680882,-0.0003055678083333374,0.7563363196238926,0.09987343921921897,0.0014268574749867202,-0.0018252782729416828,-0.0018306235697186338,1.005897371794669,-3.895543358882647e-08,-4.705172598523351e-05,0.00043937494314441215,0.00043937494314441215,0.1766072822585676,0.9970800677619525,-3.918516826412232e-08]"
/multi_agv/m2b_algorithm_state,1789558486.107219,1789558486.107219,m2b_algorithm_state_v1:header6+3x20,"[1.0,-0.15,0.52,0.7570773873277644,0.1017161089506739,1789558486.1071603,0.7554286221874024,0.10136234860951243,0.0036904376666666654,0.001542391297395529,0.0010817631054112595,0.0003684109122785938,0.0009860853749999966,0.7558475761503679,0.10288502756665664,0.00041895396296554033,0.0015226789571442106,0.0015190356296800457,0.9952422352117369,7.692022512235268e-08,0.002042728083386971,-0.006436456465664856,-0.006436456465664856,0.14191688557692828,1.002398447668362,7.655425678376027e-08,0.7568788057538881,0.10208713957689222,0.006394789958333334,0.0009276817740151329,0.002415939267551348,0.0011131485224420284,0.005408704583333337,0.7587102670168014,0.10106036321019862,0.0018314612629133364,-0.0010267763666935992,-0.001028448823207044,1.003270377099476,2.1005061970464304e-08,0.0012608777554346266,-0.0030716861804558904,-0.0030716861804558904,0.12044640393508806,0.998373806770249,2.1073756444105584e-08,0.7559130500528225,0.10169878202182998,0.0036904376666666654,-0.0005431384458146533,0.0016343325305451083,0.000984997488981289,-0.0003055678083333374,0.7573145779056467,0.10004119998836361,0.0014015278528242137,-0.0016575820334663732,-0.0016619846689748614,1.0053454076080715,-3.2120857561726745e-08,8.992514705540564e-05,-0.00011850776330404449,-0.00011850776330404449,0.17663439963851346,0.9973509770633421,-3.229255663811498e-08]"
/multi_agv/m2b_algorithm_state,1789558486.1170764,1789558486.1170764,m2b_algorithm_state_v1:header6+3x20,"[1.0,-0.15,0.52,0.7580656436866674,0.10171622991572699,1789558486.116937,0.7564326137829741,0.1013623236143818,0.0036904376666666654,0.001543117058384199,0.0010814241502942177,0.0003682726317499022,0.0009860853749999966,0.7567579847024987,0.10240219213592522,0.0003253709195245591,0.001039868521543419,0.00103816310974414,0.996732879128252,3.5903551655451155e-08,0.0014448767591498388,-0.004074424066310757,-0.004074424066310757,0.14193192695429088,1.0016427204774203,3.578625041246775e-08,0.7578825742930435,0.10208715449203605,0.006394789958333334,0.0009281632705046899,0.0024155608958372765,0.0011131366240864499,0.005408704583333337,0.7597158828146772,0.10106036321019862,0.0018333085216336586,-0.0010267912818374275,-0.0010284637867905447,1.0032704244985127,2.1016573623285348e-08,0.0012631718652515286,-0.0030793123602241576,-0.0030793123602241576,0.12045587360311562,0.9983737833314128,2.1085306740537736e-08,0.7569169739072756,0.10169884874560385,0.0036904376666666654,-0.0005431151617227071,0.0016339890883424971,0.000985166043187941,-0.0003055678083333374,0.7582859815822894,0.09977126707032508,0.0013690076750138003,-0.001927581675278775,-0.001933547552064631,1.0062351000752994,-4.34431963677977e-08,-0.00022228795829738073,0.0011026523452174555,0.0011026523452174555,0.17666385312278615,0.9969145435396789,-4.37140690447418e-08]"
/multi_agv/m2b_algorithm_state,1789558486.1270158,1789558486.1270158,m2b_algorithm_state_v1:header6+3x20,"[1.0,-0.15,0.52,0.7590708875020636,0.10171624650611483,1789558486.1268885,0.7574209963015922,0.10136254032929098,0.0036904376666666654,0.0015422702764680178,0.0010812505351503118,0.00036872998721264295,0.0009860853749999966,0.7575329573288759,0.1031464937298422,0.00011196102728372459,0.001783953400551222,0.001778962419429466,0.9944424849557639,1.0555362353914337e-07,0.0019189137035341218,-0.00611964547839149,-0.00611964547839149,0.14189161243143047,1.002805557367174,1.0496700768835095e-07,0.7588706683970518,0.10208731700245065,0.006394789958333334,0.0009284598747847121,0.002415074131152717,0.0011132612601709863,0.005408704583333337,0.7603662490832614,0.10042475173592022,0.0014955806862096965,-0.0016625652665304275,-0.0016669713610831408,1.0053337568948917,5.514147849730101e-08,0.0002025044966789799,0.0009579388160350525,0.0009579388160350525,0.12043049157732025,0.9973568264844993,5.543558973843051e-08,0.7579052663613586,0.10169883241543932,0.0036904376666666654,-0.0005419127110229288,0.0016337096919429757,0.0009847901519429072,-0.0003055678083333374,0.7591209889723753,0.09929236751816296,0.0012157226110167674,-0.0024064648972763614,-0.002415796989184504,1.0078263203010362,-6.758172973900718e-08,-0.0008961437254135446,0.003686512415766559,0.003686512415766559,0.17658491926740766,0.9961370545828467,-6.811064600244272e-08]"
/multi_agv/m2b_algorithm_state,1789558486.137119,1789558486.137119,m2b_algorithm_state_v1:header6+3x20,"[1.0,-0.15,0.52,0.7600620835066373,0.10171635557760096,1789558486.1369917,0.7584263335361375,0.1013624938582313,0.0036904376666666654,0.0015431722096288574,0.0010809010165241163,0.0003685208374165079,0.0009860853749999966,0.7586746439973099,0.1041887152656124,0.0002483104611723519,0.002826221407381091,0.002813793714553581,0.9913000113739555,2.6487111484369276e-07,0.003124181791019021,-0.010939372211002583,-0.010939372211002583,0.14191142382970875,1.0044167035995677,2.625667391571849e-07,0.7598757914272467,0.10208732718770308,0.006394789958333334,0.0009289390315590437,0.0024147117755496383,0.0011132420447647895,0.005408704583333337,0.761363762618893,0.10042475173592022,0.0014879711916463423,-0.0016625754517828606,-0.001666981600053265,1.005333789452558,5.517060952927133e-08,0.00019298238950466286,0.0009920266125888312,0.0009920266125888312,0.12044296524446917,0.9973568104949305,5.546487794446976e-08,0.7589105375428062,0.10169891847241007,0.0036904376666666654,-0.000542043305024859,0.0016333612986585318,0.0009850279831165416,-0.0003055678083333374,0.7600769576629371,0.09905394475058986,0.0011664201201309066,-0.0026449737218202096,-0.002656267628232219,1.0086251483331967,-8.167417421162354e-08,-0.001198242478068586,0.004851442683420941,0.004851442683420941,0.17662370557442056,0.995748204626683,-8.237862607919014e-08]"
/multi_agv/m2b_algorithm_state,1789558486.1471066,1789558486.1471066,m2b_algorithm_state_v1:header6+3x20,"[1.0,-0.15,0.52,0.7610644355254066,0.10171639716025781,1789558486.146998,0.7594176492080924,0.1013626678401103,0.0036904376666666654,0.001542638161893609,0.0010807004364183025,0.0003688566603921857,0.0009860853749999966,0.7597489451512485,0.10452565016892176,0.0003312959431560625,0.003162982328811459,0.00314745641198136,0.9903009717327232,3.3155376066636263e-07,0.003561576340926438,-0.012676595953226294,-0.012676595953226294,0.14189602739659063,1.004932845700737,3.283380113695377e-07,0.7608668338680783,0.10208747088881293,0.006394789958333334,0.0009292522086563355,0.002414251084323138,0.0011133459336358786,0.005408704583333337,0.7625369424269884,0.1018133618950235,0.0016701085589101439,-0.0002741089937894209,-0.00027422750654672074,1.0008656133972078,1.498750399575913e-09,0.001813408192090959,-0.005378911934982722,-0.005378911934982722,0.12043325981916472,0.9995678305258571,1.5000477380008563e-09,0.759901767443741,0.10169892800387967,0.0036904376666666654,-0.0005410971779314035,0.001633071812553311,0.000984768448604015,-0.0003055678083333374,0.7610669729437376,0.09914953333525153,0.0011652054999965467,-0.0025493946686281355,-0.0025598795182984395,1.0083045181109427,-7.57409109319668e-08,-0.0011033726433027562,0.004477884068178055,0.004477884068178055,0.17659352484020868,0.9959041628344785,-7.636990269854061e-08]"
/multi_agv/m2b_algorithm_state,1789558486.156958,1789558486.156958,m2b_algorithm_state_v1:header6+3x20,"[1.0,-0.15,0.52,0.7620607141022573,0.10171648067582999,1789558486.1568549,0.7604200991788319,0.10136266926004515,0.0036904376666666654,0.0015432560080464847,0.0010803848765743584,0.00036875298790877125,0.0009860853749999966,0.7606057681259086,0.10276701552598247,0.00018566894707672255,0.0014043462659373146,0.0014012444355761464,0.9956060652506826,6.54715398441484e-08,0.0016333306194220496,-0.004918373137071387,-0.004918373137071387,0.14189109582273654,1.0022136254620648,6.518386217013588e-08,0.7618690599153768,0.10208751581817527,0.006394789958333334,0.0009296825483615205,0.0024138731699104854,0.0011133559737523946,0.005408704583333337,0.7635552503504143,0.1018133618950235,0.0016861904350374823,-0.00027415392315176257,-0.00027427247473116653,1.0008657551940707,1.4999358060654937e-09,0.0018334655690656863,-0.005449595566509067,-0.005449595566509067,0.12043016630083185,0.9995677598361987,1.5012343832803676e-09,0.7609041474820112,0.10169900640255299,0.0036904376666666654,-0.0005410326894049922,0.0016327373724250704,0.00098491446004342,-0.0003055678083333374,0.7620764411999278,0.09933607266595973,0.001172293717916606,-0.0023629337365932562,-0.0023719282826233736,1.0076809582238153,-6.505112501815007e-08,-0.0009065611352276162,0.0037052791260675133,0.0037052791260675133,0.1765839079657227,0.9962079182174219,-6.555077999182667e-08]"
/multi_agv/m2b_algorithm_state,1789558486.1670887,1789558486.1670887,m2b_algorithm_state_v1:header6+3x20,"[1.0,-0.15,0.52,0.7630708514639616,0.1017164792253241,1789558486.1669877,0.7614164867385802,0.10136276844714742,0.0036904376666666654,0.0015432434591536345,0.0010801345610202953,0.00036888863091824836,0.0009860853749999966,0.7615334894821234,0.10198551447612302,0.00011700274354320417,0.0006227460289755932,0.0006221324579839008,0.9980341152648766,1.2881522424606285e-08,0.000768385887412906,-0.001471307519557769,-0.001471307519557769,0.14189837073292147,1.0009862385153168,1.2856198836306601e-08,0.7628651986464082,0.10208762078410265,0.006394789958333334,0.0009300375489209659,0.002413453632452822,0.0011134203248180236,0.005408704583333337,0.7643127205672993,0.1006284443278968,0.0014475219208910373,-0.0014591764562058435,-0.001462565214034237,1.0046704519844665,4.254167270678257e-08,0.00034683718707955954,0.0003586636702997308,0.0003586636702997308,0.12043473150160969,0.9976830039468488,4.274036154649848e-08,0.7619004569217834,0.10169905279623985,0.0036904376666666654,-0.0005405005364574667,0.0016324297410369787,0.0009848438089670435,-0.0003055678083333374,0.7631527202645702,0.09907998293193605,0.0012522633427867191,-0.002619069864303797,-0.0026301414525465422,1.008538169012412,-7.985291709573148e-08,-0.0010648122740631433,0.004372709329548955,0.004372709329548955,0.17659810028238535,0.9957904970350451,-8.053471479802895e-08]"
/multi_agv/m2b_algorithm_state,1789558486.1771183,1789558486.1771183,m2b_algorithm_state_v1:header6+3x20,"[1.0,-0.15,0.52,0.7640669194038422,0.10171657144607964,1789558486.1769938,0.7624267057296505,0.10136265686900692,0.0036904376666666654,0.0015446281029568346,0.0010797387015892388,0.0003684943486940925,0.0009860853749999966,0.7626088430821218,0.10299163178489651,0.00018213735247130103,0.0016289749158895916,0.0016248085437022288,0.9949162995561062,8.815513163217798e-08,0.001852480234291355,-0.005805971533160375,-0.005805971533160375,0.1419163092794997,1.0025642234609806,8.770697735036795e-08,0.7638752299423782,0.10208760119476487,0.006394789958333334,0.0009305449198922398,0.0024131354352499024,0.0011133659083223252,0.005408704583333337,0.7653155707630303,0.1006284443278968,0.0014403408206520307,-0.0014591568668680666,-0.0014625455341062373,1.0046703894835407,4.2563741197340085e-08,0.0003378804917088011,0.00039079413417679454,0.00039079413417679454,0.1204460411051985,0.9976830347095884,4.276253044660829e-08,0.762910618719856,0.1016991796122005,0.0036904376666666654,-0.0005410346498049977,0.0016320682624885018,0.0009852633599208155,-0.0003055678083333374,0.7641561851989151,0.09957715697597701,0.001245566479059157,-0.0021220226362234917,-0.0021292634084023074,1.0068791107052035,-5.245470059033957e-08,-0.0005723053095783612,0.002423660787976824,0.002423660787976824,0.1766332712328823,0.9965994004545221,-5.281554228270882e-08]"
/multi_agv/m2b_algorithm_state,1789558486.1873124,1789558486.1873124,m2b_algorithm_state_v1:header6+3x20,"[1.0,-0.15,0.52,0.7650638644118603,0.10171666092369687,1789558486.1872113,0.7634228818193195,0.10136277264876778,0.0036904376666666654,0.0015445252136885453,0.001079493045743085,0.00036866672712375327,0.0009860853749999966,0.7637885863418042,0.10464013732945253,0.0003657045224847444,0.0032773646806847495,0.003260710077362242,0.9899634501950746,3.5637130003759213e-07,0.0037178407304681725,-0.013293086284700679,-0.013293086284700679,0.1419036449075697,1.0051076614992953,3.5279456173571884e-07,0.7648711580570817,0.1020877166892457,0.006394789958333334,0.0009308872279062269,0.002412715959718259,0.0011134357294982078,0.005408704583333337,0.7664195196933875,0.10230664724099085,0.001548361636305784,0.00021893055174515563,0.00021885523325599246,0.9993125147283951,9.574354842260646e-10,0.0021543072786382226,-0.006821345982108552,-0.006821345982108552,0.12043806756998542,1.0003441475355312,9.567772614321473e-10,0.7639067183351257,0.10169922500022541,0.0036904376666666654,-0.0005404510411675324,0.0016317682484606136,0.0009851664422923234,-0.0003055678083333374,0.7652516942914618,0.10048686071114103,0.001344975956336092,-0.001212364289084375,-0.001214711562720678,1.003889987942415,-1.709300877022673e-08,0.00046650838269943684,-0.0016459531464130162,-0.0016459531464130162,0.17660847539994343,0.9980676288031326,-1.7159500368242507e-08]"
/multi_agv/m2b_algorithm_state,1789558486.1972778,1789558486.1972778,m2b_algorithm_state_v1:header6+3x20,"[1.0,-0.15,0.52,0.7660614043534268,0.10171674947741799,1789558486.197211,0.7644199328432879,0.10136287441829211,0.0036904376666666654,0.0015445300686390173,0.0010792401482214485,0.00036879616931680907,0.0009860853749999966,0.7646518030101742,0.10362348553927331,0.00023187016688630546,0.002260611120981193,0.0022526257357548653,0.9929958969762503,1.6968352725068054e-07,0.002542463444362747,-0.008576759483205439,-0.008576759483205439,0.14189408640130943,1.0035449231976619,1.6849504634438354e-07,0.7658679663799071,0.10208782759831156,0.006394789958333334,0.0009312309816545423,0.0024123059041406547,0.001113500023844069,0.005408704583333337,0.7674421660947038,0.10230664724099085,0.0015741997147967757,0.00021881964267929377,0.00021874440053309288,0.9993128631751751,9.568184582949001e-10,0.0021864940440290623,-0.006935299728710863,-0.006935299728710863,0.12043204928276939,1.0003439729017864,9.561609930975335e-10,0.7649036940123856,0.10169928075448693,0.0036904376666666654,-0.0005399586140474905,0.0016314650307472645,0.0009851107155477348,-0.0003055678083333374,0.7661199640033972,0.09944268853999004,0.0012162699910116537,-0.002256592214496894,-0.002264788780199666,1.0073264628745322,-5.92057807962103e-08,-0.0007444512914350989,0.0030896222045211598,0.0030896222045211598,0.17658976239132207,0.9963808696976815,-5.963954975117142e-08]"
/multi_agv/m2b_algorithm_state,1789558486.207304,1789558486.207304,m2b_algorithm_state_v1:header6+3x20,"[1.0,-0.15,0.52,0.7670662042722961,0.10171679510181263,1789558486.2072535,0.7654175771584381,0.10136296742879485,0.0036904376666666654,0.0015446069769198302,0.0010789827954087662,0.0003688966965771144,0.0009860853749999966,0.7655791521274236,0.10208806175576202,0.0001615749689855006,0.0007250943269671711,0.0007242631492128136,0.9977136930126425,1.7477755498338855e-08,0.0009262318604446894,-0.0020789609699253886,-0.0020789609699253886,0.14189090656551634,1.0011476184523,1.7437795983819677e-08,0.7668653720178724,0.1020879365064058,0.006394789958333334,0.0009315736157627782,0.002411902993336601,0.0011135610869634355,0.005408704583333337,0.7681747113600315,0.10034543840847948,0.0013093393421590438,-0.001742498097926315,-0.0017473409423492683,1.0055952131404076,6.077730758710527e-08,-0.00011066676465046354,0.0021017111134062367,0.0021017111134062367,0.120430043724533,0.9972284490647587,6.111736957715523e-08,0.7659012638839702,0.10169934449705331,0.0036904376666666654,-0.0005395301724662447,0.001631160191044063,0.0009850835683389387,-0.0003055678083333374,0.7670658939437196,0.09974776045451277,0.0011646300597494275,-0.0019515840425405467,-0.001957700487811338,1.0063144096227825,-4.423850355563518e-08,-0.0005019129131245536,0.0021025801377978935,0.0021025801377978935,0.1765835264654271,0.9968756991639567,-4.451784358818438e-08]"
/multi_agv/m2b_algorithm_state,1789558486.2172837,1789558486.2172837,m2b_algorithm_state_v1:header6+3x20,"[1.0,-0.15,0.52,0.7680598945462312,0.10171691406763977,1789558486.2171617,0.7664224669072498,0.1013629514332611,0.0036904376666666654,0.0015454124085009925,0.0010786503593982464,0.00036872049123523815,0.0009860853749999966,0.7669497045790588,0.10175453232002783,0.0005272376718089555,0.00039158088676673197,0.00039133786494661423,0.9987606061752827,5.101163457430167e-09,0.0010503849547078086,-0.00236503909745182,-0.00236503909745182,0.1419048731542017,1.0006210025706326,5.094841106942155e-09,0.7678700556501051,0.10208798212077201,0.006394789958333334,0.0009319923216131332,0.002411554133426974,0.0011135610568781401,0.005408704583333337,0.7691736384589716,0.10034543840847948,0.0013035828088664436,-0.0017425437122925297,-0.0017473868089482312,1.0055953590551,6.080779729001068e-08,-0.00011790829786517665,0.0021276984585306908,0.0021276984585306908,0.12043884089649438,0.9972283774657675,6.114803874919801e-08,0.7669060902595335,0.10169945175140478,0.0036904376666666654,-0.0005396620734072623,0.0016308280298920567,0.0009853135235608212,-0.0003055678083333374,0.7681428813885751,0.10112143697359226,0.0012367911290416256,-0.0005780147778125244,-0.0005785457698067247,1.0018413185838688,-3.877996752657518e-09,0.0009674431414953072,-0.003707431478840622,-0.003707431478840622,0.17661088009525175,0.9990821953561638,-3.885137380146369e-09]"
/multi_agv/m2b_algorithm_state,1789558486.2273884,1789558486.2273884,m2b_algorithm_state_v1:header6+3x20,"[1.0,-0.15,0.52,0.769056889870304,0.10171701471423084,1789558486.22729,0.7674162677300327,0.10136311076992818,0.0036904376666666654,0.001545074709742792,0.0010784361572855105,0.0003689782900952868,0.0009860853749999966,0.7680602281200292,0.10273345206257478,0.0006439603899964785,0.0013703412926465985,0.001367387115224746,0.9957108220098362,6.241414528519785e-08,0.002172337602720344,-0.006823086630437905,-0.006823086630437905,0.14189374721715345,1.0021604543358351,6.214643990696569e-08,0.7688636036835408,0.10208813359655348,0.006394789958333334,0.0009322794057532871,0.0024111274119289483,0.0011136585867411175,0.005408704583333337,0.7708476978411933,0.10257386636945232,0.0019840941576525495,0.0004857327728988309,0.00048536277483978297,0.9984793529251333,4.719090735251086e-09,0.00296548047190547,-0.00983193780265677,-0.00983193780265677,0.12043182777833254,1.0007623123944147,4.711914663728496e-09,0.7678998122251199,0.10169949783643767,0.0036904376666666654,-0.0005389370713359911,0.0016305430689168843,0.0009851474867762543,-0.0003055678083333374,0.7695532919056651,0.10130547550139218,0.001653479680545189,-0.00039402233504548523,-0.00039426873804234976,1.0012525732338193,-1.7994186004385285e-09,0.0016725808626391365,-0.00629124585360335,-0.00629124585360335,0.1765890727539283,0.9993750379548529,-1.8016725040138745e-09]"
/multi_agv/m2b_algorithm_state,1789558486.237359,1789558486.237359,m2b_algorithm_state_v1:header6+3x20,"[1.0,-0.15,0.52,0.7700555214242512,0.10171710773198277,1789558486.2372186,0.7684133668365754,0.1013632175704149,0.0036904376666666654,0.001545098405643102,0.0010781894351763023,0.00036909635341336993,0.0009860853749999966,0.7691279006167697,0.10257919449922392,0.0007145337801943707,0.0012159769288090233,0.0012136480991174127,0.9961872806651451,4.915088902291206e-08,0.002106815324360376,-0.006515300776381423,-0.006515300776381423,0.1419031400089098,1.0019188673333763,4.896349047800909e-08,0.7698604658229801,0.10208825792963132,0.006394789958333334,0.0009325949520354298,0.0024107278580280944,0.0011137296462014473,0.005408704583333337,0.7718705735657037,0.10257386636945232,0.002010107742723588,0.00048560843982099755,0.00048523863143269853,0.9984797425895401,4.71826934575421e-09,0.0029978733098371835,-0.009946750996275766,-0.009946750996275766,0.12043772671389863,1.0007621165429619,4.7110963618167805e-09,0.7688968369513567,0.10169956864264629,0.0036904376666666654,-0.0005384953169466377,0.001630244728523517,0.0009851111885201616,-0.0003055678083333374,0.7704413200550544,0.09996651826461456,0.0015444831036977025,-0.0017330503780317308,-0.0017378657322856606,1.005593490891086,-3.481377323950609e-08,0.00019273814733646749,-0.00044291544867604575,-0.00044291544867604575,0.17660741275248282,0.9972291563355724,-3.50085037630056e-08]"
/multi_agv/m2b_algorithm_state,1789558486.2473314,1789558486.2473314,m2b_algorithm_state_v1:header6+3x20,"[1.0,-0.15,0.52,0.7710548397267978,0.10171719919495022,1789558486.2471607,0.7694120984817988,0.10136330013266445,0.0036904376666666654,0.0015452943611463953,0.0010779271916730119,0.0003691478222193978,0.0009860853749999966,0.7701060381346987,0.10171281132399845,0.0006939396528998776,0.000349511191334001,0.0003493175220341232,0.9988932371627943,4.063755052178136e-09,0.0012167420881589702,-0.002936924571330129,-0.002936924571330129,0.14190673495920123,1.0005544219446822,4.059257439106878e-09,0.7708589690071532,0.10208837049306997,0.006394789958333334,0.000932921821538233,0.002410342748706218,0.001113788283261627,0.005408704583333337,0.7726822731255654,0.10076000927412047,0.001823304118412139,-0.0013283612189494975,-0.0013311667946201465,1.0042453964490952,3.5361981194330805e-08,0.0009479633533950272,-0.0018213298095860544,-0.0018213298095860544,0.12043998437872784,0.9978923935888516,3.551210682372619e-08,0.7698954967838014,0.10169965257021386,0.0036904376666666654,-0.0005381930825818951,0.0016299409476611734,0.0009851381978224299,-0.0003055678083333374,0.7713527296433712,0.10054370835461096,0.0014572328595697792,-0.0011559442156029026,-0.0011580771782724241,1.0037065678143826,-1.547356338111881e-08,0.0006634638961897999,-0.00236554868701584,-0.00236554868701584,0.17661443243461988,0.9981581860781479,-1.5530917193121075e-08]"
/multi_agv/m2b_algorithm_state,1789558486.257225,1789558486.257225,m2b_algorithm_state_v1:header6+3x20,"[1.0,-0.15,0.52,0.7720539626241966,0.10171729465710473,1789558486.2571075,0.7704115149628812,0.10136337436022055,0.0036904376666666654,0.001545556406562907,0.0010776592288363794,0.00036917361849440585,0.0009860853749999966,0.7707989720481256,0.10140004189008278,0.0003874570852444581,3.6667529862227655e-05,3.6665393228548406e-05,0.9998834752591547,4.474432661645917e-11,0.000520986749784121,-0.0003206887400034771,-0.0003206887400034771,0.1419078961387757,1.0000582738514743,4.473911279539589e-11,0.7718581613502601,0.10208848005209537,0.006394789958333334,0.0009332500462138557,0.002409964870387027,0.0011138425714354583,0.005408704583333337,0.7736895006077923,0.10076000927412047,0.0018313392575322052,-0.001328470777974891,-0.0013312768146154033,1.004245745579408,3.538024274471869e-08,0.0009578972572998532,-0.0018560510067635043,-0.0018560510067635043,0.12044071360527868,0.99789222150517,3.553045825395046e-08,0.770894842867252,0.10169974317253472,0.0036904376666666654,-0.0005379496545114561,0.0016296361391422431,0.0009851912324382473,-0.0003055678083333374,0.7722617945581025,0.10242241766210754,0.0013669516908505486,0.0007226744895728193,0.0007218526089893891,0.9977316898583488,-6.037240716352444e-09,0.002430542222552575,-0.00951414671644247,-0.00951414671644247,0.17661669986586875,1.0011385711891807,-6.023546382007952e-09]"
/multi_agv/m2b_algorithm_state,1789558486.2673495,1789558486.2673495,m2b_algorithm_state_v1:header6+3x20,"[1.0,-0.15,0.52,0.7730533951559665,0.10171739087872393,1789558486.267144,0.7714107358105805,0.10136345417635445,0.0036904376666666654,0.0015457922955860646,0.0010773947866100858,0.0003692089213481683,0.0009860853749999966,0.7718181243152258,0.1014503863445156,0.00040738850464527854,8.693216816114957e-05,8.692016316315845e-05,0.9997238985608922,2.515280767410283e-10,0.0005961557939697566,-0.0006103416823857828,-0.0006103416823857828,0.14190974988310845,1.0001381152261366,2.514586294770641e-10,0.7728571585511922,0.10208859468238235,0.006394789958333334,0.0009335699050190965,0.002409587780986544,0.0011139000758328271,0.005408704583333337,0.7744366763420955,0.10182028760693594,0.001579517790903262,-0.0002683070754464084,-0.00026842061756236974,1.000847222445406,1.442634371950343e-09,0.0017059766210667077,-0.0049963091295781,-0.0049963091295781,0.12044187776329669,0.999576999274525,1.4438566041707734e-09,0.7718939935108173,0.10169983511257742,0.0036904376666666654,-0.0005376950031189876,0.0016293340217858453,0.0009852380023487699,-0.0003055678083333374,0.7733373283289127,0.1022376844327297,0.001443334818095332,0.0005378493201522727,0.0005373934370068551,0.9983082536898036,-3.342916845840093e-09,0.00234156195962602,-0.00910835732341332,-0.00910835732341332,0.17662031970489103,1.0008483228748695,-3.3372614786008497e-09]"
/multi_agv/m2b_algorithm_state,1789558486.2772892,1789558486.2772892,m2b_algorithm_state_v1:header6+3x20,"[1.0,-0.15,0.52,0.7740528756384336,0.10171748948206316,1789558486.2771878,0.772410265096645,0.10136353171901967,0.0036904376666666654,0.0015460535629573074,0.0010771285783963908,0.0003692341422524806,0.0009860853749999966,0.7728176923752529,0.10159598632084216,0.00040742727860787475,0.00023245460182248767,0.00023236885886088461,0.9992629312632968,1.798582873501152e-09,0.000741652957120728,-0.001193659092467879,-0.001193659092467879,0.14191050626270943,1.0003689950625199,1.7972571942947244e-09,0.7738564668601846,0.1020887096864045,0.006394789958333334,0.0009338871281597185,0.0024092151126544614,0.001113956423041726,0.005408704583333337,0.7754548248461313,0.10182028760693594,0.0015983579859466523,-0.000268422079468561,-0.0002685357188614391,1.0008475853726246,1.444361326696709e-09,0.0017294117635718764,-0.005079054176967466,-0.005079054176967466,0.12044235276467105,0.999576818334038,1.4455855462300017e-09,0.7728934535110698,0.10169993123074761,0.0036904376666666654,-0.000537468074476462,0.001629032549560273,0.0009852964537114001,-0.0003055678083333374,0.7741385196623528,0.09984827479039615,0.0012450661512830585,-0.0018516564403514568,-0.0018571583563374379,1.0059842839750108,-3.966923004230626e-08,-0.0003008256672336147,0.0013517298841510083,0.0013517298841510083,0.17662179670473124,0.9970374545782775,-3.990662197994945e-08]"
/multi_agv/m2b_algorithm_state,1789558486.2877479,1789558486.2877479,m2b_algorithm_state_v1:header6+3x20,"[1.0,-0.15,0.52,0.7750616996848013,0.1017175316931469,1789558486.2875729,0.7734098416377896,0.1013636111740624,0.0036904376666666654,0.0015463122211356556,0.0010768633515118916,0.00036925998372508645,0.0009860853749999966,0.7738265335324512,0.10134948000642152,0.00041669189466164713,-1.4131167640873965e-05,-1.4131485100446577e-05,1.000044932811669,6.649027114636836e-12,0.0005067333832266123,-0.00024614262360306044,-0.00024614262360306044,0.14191109269425697,0.9999775353000513,6.649325874119959e-12,0.7748558239456034,0.10208882742973972,0.006394789958333334,0.0009341989041004358,0.002408844921509168,0.0011140138430296848,0.005408704583333337,0.7763720460810157,0.10083658811143065,0.0015162221354123595,-0.0012522393183090758,-0.0012547311047005293,1.0039986321759584,3.146660579950339e-08,0.0006405465645649201,-0.0007684394192833735,-0.0007684394192833735,0.1204427210441467,0.9980140873354311,3.1592429181921485e-08,0.773892961331908,0.10170002984238737,0.0036904376666666654,-0.0005372475319072125,0.0016287328622795697,0.000985356744859403,-0.0003055678083333374,0.7750931682416169,0.10067947069280836,0.0012002069097089008,-0.0010205591495790062,-0.0010222200308864077,1.003267418965827,-1.2038951399632626e-08,0.00047803860624971825,-0.0017703703939222876,-0.0017703703939222876,0.17662294185514735,0.9983752213249418,-1.2078287697764456e-08]"
/multi_agv/m2b_algorithm_state,1789558486.2974162,1789558486.2974162,m2b_algorithm_state_v1:header6+3x20,"[1.0,-0.15,0.52,0.7760517816568742,0.10171769482450373,1789558486.297186,0.7744187429577617,0.10136355116859999,0.0036904376666666654,0.001547495889676022,0.0010765003815120357,0.00036893570946636926,0.0009860853749999966,0.7745060017897412,0.10138069113792733,8.725883197946427e-05,1.7139969327339966e-05,1.7139502399267085e-05,0.999945519413747,9.789150268089109e-12,0.00012621304237359743,0.0010916990104650854,0.0010916990104650854,0.1418989553064784,1.000027242802154,9.788616949443584e-12,0.775864547498689,0.10208886216970516,0.006394789958333334,0.0009346123899324332,0.0024085434416633023,0.0011139914296747627,0.005408704583333337,0.7773799391393684,0.10083658811143065,0.0015153916406793755,-0.0012522740582745079,-0.001254765982405369,1.0039987428031831,3.1482275701965124e-08,0.0006394735684438504,-0.0007642178957616196,-0.0007642178957616196,0.12043511489421098,0.9980140327632374,3.1608165225356183e-08,0.7749018085979531,0.10170018174113556,0.0036904376666666654,-0.0005377355664022893,0.0016283986100267215,0.0009857421611969615,-0.0003055678083333374,0.7759860841055273,0.10220419676590772,0.0010842755075741728,0.000504015024772167,0.0005036145927799886,0.9984140716688544,-2.935849495273998e-09,0.0018589589772477046,-0.007375871028684646,-0.007375871028684646,0.1765992942005659,1.0007951159436583,-2.9311934483834636e-09]"
/multi_agv/m2b_algorithm_state,1789558486.3073766,1789558486.3073766,m2b_algorithm_state_v1:header6+3x20,"[1.0,-0.15,0.52,0.7770523024589551,0.10171779464038315,1789558486.307253,0.7754089376256723,0.10136378491025083,0.0036904376666666654,0.001546752413856125,0.0010763356436877419,0.0003693436685882536,0.0009860853749999966,0.7755338087581214,0.10149632989186172,0.0001248711324490781,0.00013254498161088812,0.00013251708343838702,0.99957924960122,5.850690065477706e-10,0.00028860599899973465,0.00046205029496435707,0.00046205029496435707,0.14191246033002797,1.0002105251019509,5.848228385299518e-10,0.7768544845453269,0.10208907214752895,0.006394789958333334,0.0009348099247319473,0.002408108665358233,0.0011141319690756712,0.005408704583333337,0.777935967635576,0.10068168546380854,0.0010814830902491357,-0.0014073866837204102,-0.0014105378597182895,1.004501951763621,3.977688250527619e-08,-5.86839969068699e-05,0.0017725458376141052,0.0017725458376141052,0.1204435799086555,0.9977659755984792,3.9955956111622164e-08,0.7758919227996233,0.1017002274157314,0.0036904376666666654,-0.0005367708368776551,0.0016281427131522655,0.000985457092812306,-0.0003055678083333374,0.7769690613545861,0.10110798804218787,0.001077138554962831,-0.0005922393735435239,-0.0005927968761218455,1.001886917176627,-4.049429434239892e-09,0.0007536263175816932,-0.0029405297899031463,-0.0029405297899031463,0.1766256125030688,0.9990595386028872,-4.057070372194898e-09]"
/multi_agv/m2b_algorithm_state,1789558486.317481,1789558486.317481,m2b_algorithm_state_v1:header6+3x20,"[1.0,-0.15,0.52,0.7780540741620617,0.10171788921368467,1789558486.3173938,0.7764095507615045,0.10136385576002797,0.0036904376666666654,0.0015470964673896669,0.0010760643059870333,0.0003693356730194047,0.0009860853749999966,0.776480887308141,0.10110906765080602,7.133654663649125e-05,-0.0002547881092219567,-0.00025489149956276044,1.0008123610822086,2.162982895012074e-09,-0.00016572081626714638,0.002249433521865701,0.002249433521865701,0.14190935959794784,0.999594375093006,2.164740018137465e-09,0.7778548865538392,0.10208918963080874,0.006394789958333334,0.0009351153197480633,0.002407752284652176,0.0011141849712767715,0.005408704583333337,0.7790486423941592,0.10193504360363449,0.0011937558403199988,-0.00015414602717424286,-0.00015418347072359133,1.0004861038504647,4.769134173692496e-10,0.0013380113296764071,-0.0037429257022764508,-0.0037429257022764508,0.12044163266464612,0.9997571493936883,4.77145246817771e-10,0.7768924700615216,0.10170033853031273,0.0036904376666666654,-0.0005366393231553703,0.001627844592625216,0.0009855551604350601,-0.0003055678083333374,0.7778369203549343,0.09956307358642616,0.0009444502934127241,-0.002137264943886566,-0.002144610840457632,1.0069296071226492,-5.27789291266903e-08,-0.0009640479736917266,0.003814758168994828,0.003814758168994828,0.17661955759354395,0.9965747181574918,-5.3144666369892416e-08]"
/multi_agv/m2b_algorithm_state,1789558486.3274379,1789558486.3274379,m2b_algorithm_state_v1:header6+3x20,"[1.0,-0.15,0.52,0.7790558720430942,0.10171798631868367,1789558486.3272457,0.7774114117646382,0.10136391114304445,0.0036904376666666654,0.0015475501584065756,0.0010757812366800623,0.00036928625598118495,0.0009860853749999966,0.7778059907526236,0.10186828046922489,0.00039457898798533897,0.0005043693261804344,0.000503966495107649,0.9984056860158445,8.473976227802514e-09,0.0009971902300893228,-0.0022261038652232534,-0.0022261038652232534,0.1419018259421683,1.0007993211387978,8.460466049001126e-09,0.7788565430195007,0.10208929873067805,0.006394789958333334,0.0009354296491385578,0.0024074065723167504,0.0011142285509801314,0.005408704583333337,0.7801110090683206,0.10060467866716365,0.0012544660488199577,-0.001484620063514408,-0.0014881286280523467,1.0047531542957624,4.429393794986885e-08,7.995393297260045e-05,0.0013179602901021105,0.0013179602901021105,0.12043690145446881,0.9976422975327537,4.45044738713115e-08,0.7778942677020464,0.10170045776733153,0.0036904376666666654,-0.0005365986353918083,0.0016275439987424034,0.0009856938848486186,-0.0003055678083333374,0.7790974441610732,0.09993303275021692,0.001203176459026789,-0.0017674250171146044,-0.001772434530182512,1.0057065850761013,-3.6081660031232595e-08,-0.00026846395639902577,0.0012013014627237034,0.0012013014627237034,0.1766048468724525,0.9971736540997136,-3.628756309388779e-08]"
/multi_agv/m2b_algorithm_state,1789558486.3376946,1789558486.3376946,m2b_algorithm_state_v1:header6+3x20,"[1.0,-0.15,0.52,0.7800493718235623,0.10171813769033589,1789558486.3374934,0.77841329827946,0.10136397062180583,0.0036904376666666654,0.0015479837898922386,0.0010754993414189497,0.0003692449233242603,0.0009860853749999966,0.778962226172982,0.10313490782979307,0.000548927893522011,0.0017709372079872387,0.0017660184019442425,0.9944823211625453,1.0440461684143097e-07,0.0024521782688467562,-0.008012490208985482,-0.008012490208985482,0.1418942003304861,1.0027852518623708,1.0382854569655245e-07,0.7798582261902093,0.10208941075167947,0.006394789958333334,0.0009357393859633825,0.0024070624413451425,0.0011142732989874032,0.005408704583333337,0.7811115440264622,0.10060467866716365,0.0012533178362529318,-0.0014847320845158274,-0.0014882411761969238,1.0047535117807491,4.431527195610932e-08,7.8406119119241e-05,0.0013237858892462208,0.0013237858892462208,0.12043211235039704,0.9976421216283886,4.4525925123419785e-08,0.7788960916596134,0.10170057758256572,0.0036904376666666654,-0.0005365502024622126,0.0016272461422154891,0.0009858278281618714,-0.0003055678083333374,0.7801419256893994,0.10062965642802713,0.0012458340297860637,-0.0010709211545385927,-0.0010727506847231284,1.0034305898225386,-1.3239664666747887e-08,0.0004845418525094513,-0.0017698539228101894,-0.0017698539228101894,0.17658995745707126,0.998294542981338,-1.3285084525607457e-08]"
/multi_agv/m2b_algorithm_state,1789558486.3475444,1789558486.3475444,m2b_algorithm_state_v1:header6+3x20,"[1.0,-0.15,0.52,0.7810528592274334,0.10171822844283811,1789558486.347353,0.7794069020524959,0.1013641588152809,0.0036904376666666654,0.0015475788992951813,0.0010753059368223679,0.00036952102972172794,0.0009860853749999966,0.7800375743713185,0.10362587640565954,0.0006306723188226337,0.002261717590378645,0.002253724593732138,0.9929926810668706,1.7018381014154853e-07,0.00304206499226043,-0.010361777510966825,-0.010361777510966825,0.1419159820873183,1.0035465720473284,1.6899127790663154e-07,0.7808515922622201,0.10208960124241691,0.006394789958333334,0.0009359500178170773,0.0024066613159734462,0.0011143906562430944,0.005408704583333337,0.7818968809031948,0.09869728352156486,0.0010452886409746398,-0.0033923177208520505,-0.0034109026864746705,1.011097538080605,2.3167813194576185e-07,-0.0021042918852563707,0.00982467940840981,0.00982467940840981,0.12044579152510085,0.9945513058181592,2.342491888374734e-07,0.7798896211559709,0.10170065301330983,0.0036904376666666654,-0.0005358740083426902,0.0016269830228520417,0.0009856715879674504,-0.0003055678083333374,0.7810942345425138,0.09972810041798487,0.0012046133865428743,-0.0019725525953249584,-0.001978802061409477,1.0063836534701238,-4.488833193226956e-08,-0.000473035328230884,0.0020136249769081575,0.0020136249769081575,0.17663248975723744,0.9968417932210627,-4.517488348817707e-08]"
/multi_agv/m2b_algorithm_state,1789558486.3573906,1789558486.3573906,m2b_algorithm_state_v1:header6+3x20,"[1.0,-0.15,0.52,0.7820498140563711,0.10171836277944456,1789558486.3572302,0.7804104737260984,0.10136419320405594,0.0036904376666666654,0.0015481981148929022,0.0010750097752101118,0.0003694066740821118,0.0009860853749999966,0.7810219344373204,0.10249850461269946,0.0006114607112219783,0.0011343114086435208,0.0011322836563167483,0.996440078208627,4.2858745386717996e-08,0.0018966095453442212,-0.0057238537845974895,-0.0057238537845974895,0.14190236730467187,1.0017908518907432,4.2706171605064913e-08,0.7818549708486758,0.10208970298853912,0.006394789958333334,0.0009362656853975169,0.002406334863727766,0.0011144236371030264,0.005408704583333337,0.7832751811278049,0.09956922130450253,0.001420210279129086,-0.0025204816840365823,-0.0025306739714898788,1.0081647136241194,1.2786849292663152e-07,-0.0007554111225785212,0.004718746211414188,0.004718746211414188,0.12043724144325656,0.9959725007772156,1.2891250255292522e-07,0.7808931331075255,0.10170078913591926,0.0036904376666666654,-0.0005359824240363498,0.0016266807238229826,0.0009858758312183166,-0.0003055678083333374,0.7820346027948096,0.09812752151188717,0.0011414696872841246,-0.003573267624032095,-0.003594024513236518,1.0117743039766254,-1.47483473048177e-07,-0.002167187404131362,0.00864751019771123,0.00864751019771123,0.17660590394701453,0.994224611121049,-1.4921998829137467e-07]"
/multi_agv/m2b_algorithm_state,1789558486.3673985,1789558486.3673985,m2b_algorithm_state_v1:header6+3x20,"[1.0,-0.15,0.52,0.7830488192340995,0.10171848628498707,1789558486.3672478,0.7814075248109084,0.10136433212081333,0.0036904376666666654,0.0015481353629708582,0.0010747837183588283,0.0003695514604713983,0.0009860853749999966,0.7820002115854106,0.10228459921233195,0.0005926867745021935,0.0009202670915186145,0.0009189302431450515,0.9971047862515241,2.8213166560225337e-08,0.0016597887112727934,-0.004778511592062009,-0.004778511592062009,0.14191190478608345,1.001454787655032,2.8131483412512133e-08,0.7828518017122581,0.10208986751894834,0.006394789958333334,0.0009365030101055292,0.002405962967661157,0.0011145142185113727,0.005408704583333337,0.7843506469092671,0.09975954774356946,0.0014988451970090466,-0.0023303197753788835,-0.002339019579385488,1.0075324871097995,1.093159790889957e-07,-0.0004654630831241796,0.003615863463238161,0.003615863463238161,0.12044323102920118,0.9962805766641379,1.1013940029237867e-07,0.7818901156459467,0.10170088869857198,0.0036904376666666654,-0.0005355810714501676,0.0016264072815246437,0.0009858440959023404,-0.0003055678083333374,0.7829835133597196,0.0982728151480928,0.0010933977137729256,-0.00342807355047918,-0.003447156943351886,1.011277447870826,-1.3562733375241486e-07,-0.002080409801135729,0.008283968282960064,0.008283968282960064,0.17662452765790965,0.9944640197164477,-1.3715686393866682e-07]"
/multi_agv/m2b_algorithm_state,1789558486.377424,1789558486.377424,m2b_algorithm_state_v1:header6+3x20,"[1.0,-0.15,0.52,0.7840481337482853,0.1017186099851941,1789558486.3773074,0.782406621759477,0.1013644397841029,0.0036904376666666654,0.0015482883104589325,0.0010745379963372327,0.0003696129782183085,0.0009860853749999966,0.7830627654624471,0.10285372500641389,0.00065614370297018,0.001489285222310996,0.001485799161348824,0.995344935681255,7.386578749923242e-08,0.002305978790061549,-0.007353957119293274,-0.007353957119293274,0.14191417589861682,1.002346253149724,7.352193750746875e-08,0.7838506887638592,0.10209001580291571,0.006394789958333334,0.0009367567910305644,0.0024056085892790735,0.0011145885537859335,0.005408704583333337,0.7853449996028439,0.09975954774356946,0.0014943108389846582,-0.0023304680593462523,-0.002339168962894932,1.0075329640147759,1.0935945533912591e-07,-0.0004712804141641094,0.003636662015101812,0.003636662015101812,0.12044465726387178,0.9962803441364441,1.1018325618087104e-07,0.7828891471789624,0.1017010032679426,0.0036904376666666654,-0.0005353511819933409,0.0016261267419572182,0.0009858903762613317,-0.0003055678083333374,0.7839750789152048,0.0984032532959068,0.0010859317362423848,-0.0032977499720358017,-0.003315392605784283,1.0108328215829552,-1.2544688274127283e-07,-0.001957977935481302,0.007800943790166447,0.007800943790166447,0.17662896262119404,0.9946785687711012,-1.2680582644014694e-07]"
/multi_agv/m2b_algorithm_state,1789558486.387363,1789558486.387363,m2b_algorithm_state_v1:header6+3x20,"[1.0,-0.15,0.52,0.7850522973625561,0.1017187054294237,1789558486.3872461,0.7834060268644881,0.10136454437501917,0.0036904376666666654,0.001548469664951551,0.0010742906597608335,0.000369663022434599,0.0009860853749999966,0.7841461897755856,0.1033693982049656,0.0007401629110974639,0.002004853829946432,0.0019985610322532225,0.9937702466209762,1.3382552505460654e-07,0.0029237646711250524,-0.00981134574393103,-0.00981134574393103,0.14191535062333224,1.0031486642597622,1.3299182503769797e-07,0.7848498866667117,0.10209016381584289,0.006394789958333334,0.0009370083417479507,0.0024052587552789717,0.0011146614919463893,0.005408704583333337,0.7861930917437943,0.09792541247262969,0.001343205077082521,-0.004164751343213202,-0.004192927193560313,1.0137432742377859,3.497588375313083e-07,-0.0025139208472071614,0.011575488792893825,0.011575488792893825,0.12044539498150875,0.9932801479619335,3.545656691525903e-07,0.7838884877136564,0.10170112176472022,0.0036904376666666654,-0.0005351504072345138,0.0016258467200959918,0.0009859490077063172,-0.0003055678083333374,0.7848947819921048,0.0975445879873526,0.0010062942784484497,-0.004156533777367619,-0.0041847435728998555,1.0137861012739016,-1.993230587713711e-07,-0.0029268757248392934,0.01154359754309805,0.01154359754309805,0.1766312566327699,0.99325889506948,-2.0207094664581707e-07]"
/multi_agv/m2b_algorithm_state,1789558486.3971076,1789558486.3971076,m2b_algorithm_state_v1:header6+3x20,"[1.0,-0.15,0.52,0.7860447755455562,0.10171887615986352,1789558486.3969913,0.7844102710635564,0.10136457754719617,0.0036904376666666654,0.001549127909644761,0.0010739937523849942,0.00036953213713410106,0.0009860853749999966,0.7845103734640391,0.10305283114018614,0.00010010240048263785,0.0016882535929899634,0.0016837806041930879,0.9947350081146266,9.495871113239828e-08,0.0018089086047963852,-0.005674181191372203,-0.005674181191372203,0.1418993396632727,1.0026565152168498,9.445875428884069e-08,0.7858539459155726,0.1020902700107763,0.006394789958333334,0.0009373096637457666,0.0024049456590494733,0.0011146937440578014,0.005408704583333337,0.7871652380503817,0.09792541247262969,0.0013112921348091833,-0.004164857538146605,-0.004193034807792872,1.013743621610491,3.498890081882623e-07,-0.0025539196392813926,0.011715691664927294,0.011715691664927294,0.1204353400166825,0.9932799819372119,3.5469775032247175e-07,0.7848926751085392,0.10170126873029861,0.0036904376666666654,-0.0005353184897472153,0.0016255497544434786,0.0009861763406983598,-0.0003055678083333374,0.7858679813735072,0.09759858210708834,0.0009753062649680011,-0.004102686623210269,-0.004130159052908664,1.0135992660585014,-1.9424651262832823e-07,-0.0029110262216986626,0.011466523686576394,0.011466523686576394,0.17659999218745967,0.9933483361423946,-1.968881226344969e-07]"
/multi_agv/m2b_algorithm_state,1789558486.4072068,1789558486.4072068,m2b_algorithm_state_v1:header6+3x20,"[1.0,-0.15,0.52,0.7870501254811252,0.10171896800047092,1789558486.4070945,0.7854028517238649,0.1013647924890604,0.0036904376666666654,0.0015485951000326278,0.001073820687180537,0.0003698531121310105,0.0009860853749999966,0.7854924510777171,0.10223907182447597,8.959935385222106e-05,0.0008742793354155759,0.0008730723459376658,0.997248042438809,2.547222433355133e-08,0.0009850715382529421,-0.0023536883415494025,-0.0023536883415494025,0.1419247444442552,1.0013824621562304,2.540212585319626e-08,0.7868462924311465,0.1020904853240699,0.006394789958333334,0.0009374751364213361,0.0024045506567708097,0.0011148274926191665,0.005408704583333337,0.7875904909739082,0.09851909943392656,0.0007441985427617537,-0.0035713858901433443,-0.003592012351101767,1.0117067843602128,2.572289073566567e-07,-0.002661764172649575,0.011853581113494436,0.011853581113494436,0.1204512940360403,0.994257686516001,2.6024023070629423e-07,0.7858851824816572,0.10170135066646024,0.0036904376666666654,-0.0005345903301863472,0.0016253015497617934,0.0009859898175093706,-0.0003055678083333374,0.7862124028193836,0.09814205489406388,0.00032722033772647485,-0.003559295772396359,-0.0035798883321664136,1.0117263370089455,-1.4595065084297262e-07,-0.00317086291000832,0.012160346866975973,0.012160346866975973,0.1766496015860483,0.9942477089061623,-1.4766211736143226e-07]"
/multi_agv/m2b_algorithm_state,1789558486.4171376,1789558486.4171376,m2b_algorithm_state_v1:header6+3x20,"[1.0,-0.15,0.52,0.7880471651421382,0.10171911447337152,1789558486.417015,0.7864082788029382,0.10136480905351813,0.0036904376666666654,0.0015493793580899362,0.001073514697380061,0.0003696723290752403,0.0009860853749999966,0.7864119620815592,0.10147899899654289,3.6832786209917145e-06,0.00011418994302475616,0.00011416923402118906,0.9996374452434386,4.349874863719417e-10,0.0001187733322974287,0.0010761593157580956,0.0010761593157580956,0.14190452695783537,1.0001813886529471,4.348297795897128e-10,0.7878515425766403,0.10209058531229918,0.006394789958333334,0.0009377780021551322,0.0024042512865454224,0.0011148519354848008,0.005408704583333337,0.7885714762864117,0.09851909943392656,0.0007199337097714142,-0.003571485878372624,-0.0035921134821307456,1.0117071096397325,2.573263158830904e-07,-0.0026921963449164778,0.01196057040847016,0.01196057040847016,0.12043859773710623,0.9942575300416496,2.603388632763222e-07,0.7868905550637969,0.10170150963559543,0.0036904376666666654,-0.0005348689987597047,0.001625002727251735,0.0009862660520951155,-0.0003055678083333374,0.7872169364336274,0.09828039347384171,0.0003263813698305418,-0.0034211161617537234,-0.003440121017354744,1.0112535868049661,-1.34896804518538e-07,-0.0030321443050665667,0.011618709818262145,0.011618709818262145,0.17661012095698805,0.9944755270221178,-1.3641487741789993e-07]"
/multi_agv/m2b_algorithm_state,1789558486.4271517,1789558486.4271517,m2b_algorithm_state_v1:header6+3x20,"[1.0,-0.15,0.52,0.7890460437653788,0.10171925118254799,1789558486.427016,0.787405411062315,0.10136495867157869,0.0036904376666666654,0.001549290927826413,0.0010732974960209855,0.0003698236399570921,0.0009860853749999966,0.7880231724800955,0.10142835565960248,0.0006177614177804713,6.339698802379501e-05,6.339060234852779e-05,0.9997985979014595,1.3407528496401302e-10,0.000835592374574117,-0.0014462614300620462,-0.0014462614300620462,0.1419137640548366,1.0001007353618776,1.3404828192025885e-10,0.788848462820062,0.1020907642081726,0.006394789958333334,0.0009379835285928707,0.0024038930337717535,0.0011149492044032483,0.005408704583333337,0.789945379692569,0.09846833017234508,0.0010969168725069034,-0.003622434035827529,-0.0036436624711655733,1.0118808987290382,2.647865794188145e-07,-0.002272516380531944,0.01051091703681352,0.01051091703681352,0.1204443986359279,0.9941738743623929,2.6793248195369784e-07,0.7878876215440374,0.10170162054036327,0.0036904376666666654,-0.000534492184544415,0.001624740387917602,0.0009862391784544655,-0.0003055678083333374,0.7884501747188378,0.09742973353275251,0.0005625531748004731,-0.004271887007610761,-0.0043017099897937165,1.0141869330007531,-2.1029543227340413e-07,-0.003598518521293125,0.013937538956471032,0.013937538956471032,0.17662815838533338,0.9930671797369619,-2.1327887948143132e-07]"
/multi_agv/m2b_algorithm_state,1789558486.4372187,1789558486.4372187,m2b_algorithm_state_v1:header6+3x20,"[1.0,-0.15,0.52,0.79004237477071,0.10171940551574121,1789558486.4371057,0.7884043782065107,0.10136507997714081,0.0036904376666666654,0.0015493977000070962,0.0010730629081899812,0.00036989938158272476,0.0009860853749999966,0.789025787509599,0.10132658245125761,0.0006214093030882939,-3.849752588319655e-05,-3.849988239386369e-05,1.0001224418384675,4.944676230768292e-11,0.0007382617464665037,-0.0010537527780527032,-0.0010537527780527032,0.14191648379652136,0.9999387917437504,4.9452816660166144e-11,0.7898472273758519,0.10209092849004507,0.006394789958333334,0.0009382033611409716,0.00240355083141941,0.0011150319224912525,0.005408704583333337,0.7909271918961791,0.0985013141658984,0.0010799645203272146,-0.0035896143241466727,-0.003610454623725094,1.0117688813514298,2.6006571479390417e-07,-0.002260498973316076,0.010455590576500487,0.010455590576500487,0.12044610659030655,0.994227790749266,2.631263973348884e-07,0.7888865257137737,0.10170174508045808,0.0036904376666666654,-0.0005342708800386725,0.0016244717776253258,0.0009862829753645753,-0.0003055678083333374,0.78933453826078,0.09651692975671078,0.00044801254700632676,-0.005184815323747302,-0.005229049681848117,1.0173955285761431,-3.098256990422096e-07,-0.004669033998090209,0.018019924299863335,0.018019924299863335,0.17663346951897502,0.9915406506359332,-3.1521528084352185e-07]"
/multi_agv/m2b_algorithm_state,1789558486.447322,1789558486.447322,m2b_algorithm_state_v1:header6+3x20,"[1.0,-0.15,0.52,0.7910494864287975,0.1017194939508244,1789558486.4472656,0.7894008020709656,0.10136524056359573,0.0036904376666666654,0.0015492534737328281,0.0010728566573374068,0.0003700691820388176,0.0009860853749999966,0.7900503401274876,0.10146218940558042,0.0006495380565220144,9.694884198468978e-05,9.693391256659801e-05,0.9996921275197741,3.135273454224565e-10,0.000908856483219116,-0.0017219334255296585,-0.0017219334255296585,0.14192823470594765,1.000154016460251,3.1343081898100267e-10,0.7908434391263296,0.10209111804563462,0.006394789958333334,0.0009383889283838612,0.0024031930668588775,0.0011151375896802235,0.005408704583333337,0.7919133633721255,0.09856031455818753,0.0010699242457958835,-0.0035308034874470817,-0.003550957494297909,1.0115683724443845,2.516541640210566e-07,-0.0022135521870530546,0.010267137077915631,0.010267137077915631,0.1204534857665935,0.9943243457903423,2.545653931176324e-07,0.7898828831148347,0.10170185793799327,0.0036904376666666654,-0.0005338664118050272,0.0016242145581829848,0.0009862414515723118,-0.0003055678083333374,0.7904331116684564,0.09824790292874365,0.0005502285536217455,-0.0034539550092496235,-0.003473331171399722,1.0113657490905574,-1.3724384126431747e-07,-0.0027855454793725403,0.010768349002729164,0.010768349002729164,0.17665641797480527,0.9944214469643301,-1.38803720328352e-07]"
/multi_agv/m2b_algorithm_state,1789558486.457332,1789558486.457332,m2b_algorithm_state_v1:header6+3x20,"[1.0,-0.15,0.52,0.7920473316091236,0.10171964310419275,1789558486.4571965,0.7904079850674315,0.10136523706831635,0.0036904376666666654,0.0015501967921647398,0.0010725385454612543,0.0003698257576974363,0.0009860853749999966,0.7909299811800315,0.10088897620563111,0.000521996112600065,-0.00047626086268523493,-0.0004766227144924241,1.001522289025781,7.573873387716004e-09,0.0001758724262576571,0.0011408893837616567,0.0011408893837616567,0.14190177275829546,0.999240800330772,7.58540301205678e-09,0.7918504582250442,0.10209121103131434,0.006394789958333334,0.0009386906573928648,0.0024029153887398236,0.001115151241469839,0.005408704583333337,0.7928955652998122,0.09856031455818753,0.0010451070747680147,-0.003530896473126807,-0.0035510515304589246,1.0115686748273858,2.5174824788911567e-07,-0.0022446676869989062,0.01037653412890219,0.01037653412890219,0.12043686805456183,0.9943242002659667,2.5466064150730897e-07,0.7908900159939171,0.1017020337528425,0.0036904376666666654,-0.0005342941481374145,0.0016239163010475354,0.0009865820084966857,-0.0003055678083333374,0.7915241965696117,0.09917054605622695,0.0006341805756946428,-0.002531487696615542,-0.002541823942542734,1.0082441796741552,-7.373979693182686e-08,-0.0017490982229244304,0.00674851742562152,0.00674851742562152,0.1766047430286207,0.9959335319200542,-7.434772106686856e-08]"
/multi_agv/m2b_algorithm_state,1789558486.467112,1789558486.467112,m2b_algorithm_state_v1:header6+3x20,"[1.0,-0.15,0.52,0.7930433902689694,0.1017198048704772,1789558486.4669974,0.7914059189467428,0.10136538287750621,0.0036904376666666654,0.0015501580391545358,0.001072319389319198,0.00036995655220831104,0.0009860853749999966,0.7919103565108203,0.10049621063390055,0.0005044375640774756,-0.0008691722436056648,-0.0008703810077707246,1.0027905477228298,2.5231685969096208e-08,-0.0002398340526738801,0.002788947771205961,0.002788947771205961,0.14190815457323613,0.9986112241026998,2.5302096192920427e-08,0.7928481886694474,0.10209139178375704,0.006394789958333334,0.0009388850321036014,0.0024025711809715355,0.0011152460386928131,0.005408704583333337,0.7939117071768159,0.09973572006551865,0.0010635185073685216,-0.002355671718238389,-0.0023645633685575687,1.007616461176664,1.119926514395893e-07,-0.0010351652343469167,0.00563478084401677,0.00563478084401677,0.12044087590661733,0.9962396227407498,1.128456391213506e-07,0.7918878872111804,0.10170215465131505,0.0036904376666666654,-0.0005339825457042935,0.0016236589454905036,0.000986580809959857,-0.0003055678083333374,0.7922678975905972,0.0980269765729055,0.0003800103794168175,-0.003675178078409544,-0.0036971523010215623,1.0121237568083121,-1.5544281298554473e-07,-0.0032221393267505404,0.012386632367825428,0.012386632367825428,0.17661720452005486,0.9940564464693687,-1.5732736384778142e-07]"
/multi_agv/m2b_algorithm_state,1789558486.4774513,1789558486.4774513,m2b_algorithm_state_v1:header6+3x20,"[1.0,-0.15,0.52,0.794046299801835,0.10171992536591558,1789558486.4773493,0.7924020692243487,0.10136555511634097,0.0036904376666666654,0.0015499533159831127,0.0010721207730971954,0.00037014860465423255,0.0009860853749999966,0.7928398617912316,0.10008063477980791,0.0004377925668828109,-0.0012849203365330603,-0.0012875703312817215,1.0041447689489424,5.515084206159681e-08,-0.0007403296226782079,0.004741833682677048,0.004741833682677048,0.14192086947877258,0.9979418640797484,5.5379429559281744e-08,0.7938441293293134,0.10209159062514005,0.006394789958333334,0.0009390532604501775,0.0024022171810318405,0.0011153572639885645,0.005408704583333337,0.7949021854053868,0.09973572006551865,0.0010580560760734548,-0.002355870559621401,-0.0023647637005708645,1.0076171008185406,1.120315418172542e-07,-0.001042193605479046,0.005659775715097377,0.005659775715097377,0.12044886069138432,0.9962393109521611,1.1288489736613278e-07,0.7928839722532461,0.10170226886995055,0.0036904376666666654,-0.0005335521253896085,0.0016234094616008124,0.0009865240131660285,-0.0003055678083333374,0.7932233932710305,0.09782348323306199,0.0003394210177843915,-0.0038787856368885654,-0.0039032996159839286,1.0128246778849945,-1.730255745016423e-07,-0.0034790233437534393,0.013366861686565274,0.013366861686565274,0.17664203411019844,0.9937196778348812,-1.75244571760492e-07]"
/multi_agv/m2b_algorithm_state,1789558486.4874277,1789558486.4874277,m2b_algorithm_state_v1:header6+3x20,"[1.0,-0.15,0.52,0.795042324029337,0.10172009073934712,1789558486.4873137,0.7934050565778942,0.10136562253989173,0.0036904376666666654,0.0015504466246214921,0.001071852192244726,0.00037007447893517816,0.0009860853749999966,0.7938207764775518,0.09993072426073282,0.00041571989965760725,-0.0014348982791589082,-0.0014382067411597085,1.0046363963604317,6.880563471189077e-08,-0.0009185568665876994,0.005437247408673351,0.005437247408673351,0.14190930179110622,0.9976995922031818,6.912464490624617e-08,0.7948469382030051,0.10209172893238824,0.006394789958333334,0.0009392923743145685,0.0024019152035100744,0.001115410699417979,0.005408704583333337,0.7959749885793842,0.09924872575180818,0.0011280503763790861,-0.0028430031805800615,-0.002856002099344012,1.0092428280177401,1.6324467332690825e-07,-0.0014459391288701544,0.007287621561906674,0.007287621561906674,0.12044159635897173,0.9954485612013605,1.6475351576728102e-07,0.793886904624606,0.10170242462546678,0.0036904376666666654,-0.0005336584629182357,0.0016231340549043138,0.0009867133680919685,-0.0003055678083333374,0.7942674123444065,0.09908366027146406,0.0003805077198004714,-0.0026187643540027117,-0.0026298328316218924,1.0085367580588827,-7.882245121742843e-08,-0.002154198181871303,0.008210369589598912,0.008210369589598912,0.17661944469944957,0.9957911858555838,-7.94953394130797e-08]"
/multi_agv/m2b_algorithm_state,1789558486.4976737,1789558486.4976737,m2b_algorithm_state_v1:header6+3x20,"[1.0,-0.15,0.52,0.7960436016546094,0.10172022475895968,1789558486.4975488,0.7944011713427316,0.10136579824841986,0.0036904376666666654,0.0015502306458616572,0.0010716572732721186,0.00037026948715005977,0.0009860853749999966,0.7950303653486489,0.10068739084621661,0.0006291940059173218,-0.0006784074022032488,-0.0006791427325761311,1.0021733714829149,1.5370159452593688e-08,0.00010734977482052108,0.00147466409180016,0.00147466409180016,0.14192213896712175,0.9989172668165159,1.5403564518835808e-08,0.7958428458349182,0.10209193216364179,0.006394789958333334,0.0009394501301818433,0.002401565416743301,0.0011155242728840276,0.005408704583333337,0.7969397051082456,0.09935160602451668,0.0010968592733274773,-0.0027403261391251155,-0.0027523936724866476,1.0088986713167218,1.5168154652390943e-07,-0.001381319580827301,0.007017199498061943,0.007017199498061943,0.12044965788843756,0.9956156223282443,1.5303131075123776e-07,0.7948829549103614,0.1017025418059797,0.0036904376666666654,-0.0005332327884660574,0.0016228883512222174,0.0009866566622725647,-0.0003055678083333374,0.7954869475483556,0.09962074295761301,0.0006039926379941551,-0.0020817988483666783,-0.002088765285354613,1.0067453458622286,-4.9754859155450076e-08,-0.001333774487861919,0.005096989700610684,0.005096989700610684,0.17664451328250996,0.996664806219837,-5.0090472888780063e-08]"
/multi_agv/m2b_algorithm_state,1789558486.507309,1789558486.507309,m2b_algorithm_state_v1:header6+3x20,"[1.0,-0.15,0.52,0.797043656919494,0.10172036820380607,1789558486.507183,0.7954025288162037,0.10136589318291853,0.0036904376666666654,0.0015505543875905135,0.001071409260739941,0.00037025816365500973,0.0009860853749999966,0.7960847025236257,0.10115419156458473,0.0006821737074220735,-0.00021170161833379553,-0.00021177297203150476,1.0006746366449748,1.4965651955180032e-09,0.0006409441622460871,-0.0006278907336521207,-0.0006278907336521207,0.14191635516694356,0.9996630651351551,1.4975748332404935e-09,0.7968440204168075,0.10209208936674212,0.006394789958333334,0.0009396606524777976,0.0024012562865939335,0.0011155938233472912,0.005408704583333337,0.7979871868496111,0.09987820105530136,0.001143166432803655,-0.0022138883114407593,-0.00222173332871722,1.0071465044352195,9.898936197672068e-08,-0.0007927752877126513,0.004720900863693393,0.004720900863693393,0.12044602581649039,0.9964689653906437,9.969678989112686e-08,0.7958842557308173,0.10170269172721842,0.0036904376666666654,-0.0005332237254346574,0.0016226228956722558,0.0009867908186081903,-0.0003055678083333374,0.7964600089388691,0.09907943621786673,0.0005757532080518102,-0.0026232555093516907,-0.0026343623207995526,1.0085518007156937,-7.90287437281869e-08,-0.00191467081073479,0.007370354511098633,0.007370354511098633,0.1766332183272254,0.9957838709731883,-7.970458179536198e-08]"
/multi_agv/m2b_algorithm_state,1789558486.517251,1789558486.517251,m2b_algorithm_state_v1:header6+3x20,"[1.0,-0.15,0.52,0.7980438190325221,0.10172051260750453,1789558486.5171487,0.7964026656947246,0.10136600973495667,0.0036904376666666654,0.001550739646433473,0.0010711756155438387,0.00037029939407154876,0.0009860853749999966,0.7970142329329475,0.10029639061104144,0.0006115672382228654,-0.001069619123915233,-0.001071452460299532,1.0034418645371257,3.8230852175466176e-08,-0.0003069934125209503,0.003116048691314775,0.003116048691314775,0.1419149043386784,0.9982889241919456,3.8362437589793005e-08,0.7978439702775515,0.10209225981318942,0.006394789958333334,0.0009398532502115694,0.002400940074172575,0.0011156748281500456,0.005408704583333337,0.7990371199990115,0.10053800591687634,0.0011931497214600073,-0.0015542538963130847,-0.0015581011836455659,1.0049798258005478,4.8777640985712304e-08,-6.666403182055674e-05,0.0018711066300827572,0.0018711066300827572,0.12044511471695357,0.9975307846673478,4.9020545140782815e-08,0.7968843347862058,0.10170283506327213,0.0036904376666666654,-0.0005331157626207472,0.001622364747813177,0.0009868783038619522,-0.0003055678083333374,0.7973791779505475,0.0983667706933386,0.000494843164341674,-0.003336064369933528,-0.0033541241138315718,1.0109631341626557,-1.278447598435764e-07,-0.0027355701584044793,0.01054626834671105,0.01054626834671105,0.1766303851137469,0.9946156602185441,-1.2924633909773403e-07]"
/multi_agv/m2b_algorithm_state,1789558486.527116,1789558486.527116,m2b_algorithm_state_v1:header6+3x20,"[1.0,-0.15,0.52,0.7990392106951208,0.10172068811690445,1789558486.5270145,0.7974029086332962,0.10136612655536535,0.0036904376666666654,0.0015509278040206245,0.0010709424938910358,0.0003703390956804884,0.0009860853749999966,0.7977597879949595,0.0995683994958029,0.00035687936166328704,-0.0017977270595624512,-0.001802934418239694,1.0058325500581768,1.0806090941886427e-07,-0.0013568352161605851,0.007140822840866081,0.007140822840866081,0.1419130748177306,0.9971117315058377,1.086911800823819e-07,0.7988440279237669,0.10209243122811942,0.006394789958333334,0.0009400424070127823,0.0024006266737343074,0.0011157558618446611,0.005408704583333337,0.7998653905090617,0.09953947286992182,0.0010213625852948383,-0.0025529583581976045,-0.0025634171803636053,1.0082726487774638,1.3171522455877035e-07,-0.0012867139487450574,0.006605507115214412,0.006605507115214412,0.12044396579856008,0.9959199687643051,1.3280485835018983e-07,0.7978845205405032,0.10170298003902883,0.0036904376666666654,-0.000533016298453821,0.0016221082337691487,0.0009869686232089354,-0.0003055678083333374,0.7982874860569178,0.09953119016518973,0.00040296551641461065,-0.0021717898738391056,-0.0021793767239358616,1.0070440412533372,-5.41305016996082e-08,-0.0016756698284175983,0.0063398918233047215,0.0063398918233047215,0.17662681245307557,0.9965187982355551,-5.451179918664408e-08]"
/multi_agv/m2b_algorithm_state,1789558486.5374312,1789558486.5374312,m2b_algorithm_state_v1:header6+3x20,"[1.0,-0.15,0.52,0.8000438919187082,0.10172080689883982,1789558486.537314,0.7983983897694229,0.1013663166684068,0.0036904376666666654,0.001550638452014259,0.0010707608722734232,0.0003705589918346127,0.0009860853749999966,0.7987173150958535,0.09950969938443505,0.0003189253264306302,-0.0018566172839717537,-0.0018621738510745675,1.0060275997379389,1.1523953677941943e-07,-0.0014635171930362798,0.007541879917584095,0.007541879917584095,0.14192815516134197,0.9970160857432256,1.1593415458111126e-07,0.7998393045309513,0.10209264766929571,0.006394789958333334,0.0009401733451877142,0.0024002815074917194,0.0011158786571737328,0.005408704583333337,0.8008022797085439,0.0991529954021594,0.0009629751775925843,-0.002939652267136314,-0.002953560007108753,1.0095673539190853,1.7470624276868672e-07,-0.0017498410351180224,0.008396843827738368,0.008396843827738368,0.12045343581646356,0.9952911943759513,1.7637771922512837e-07,0.798879937784988,0.10170310001301089,0.0036904376666666654,-0.000532560724726521,0.0016218720066711384,0.0009868940278555229,-0.0003055678083333374,0.7993223326239443,0.09957359891683201,0.0004423948389562504,-0.0021295010961788763,-0.002136793020922369,1.0069035734528635,-5.1997027780829604e-08,-0.001583799472227056,0.005998841393816897,0.005998841393816897,0.17665626262345918,0.996587444515171,-5.2355993081445146e-08]"
/multi_agv/m2b_algorithm_state,1789558486.5472806,1789558486.5472806,m2b_algorithm_state_v1:header6+3x20,"[1.0,-0.15,0.52,0.8010397032183422,0.10172098286375014,1789558486.5471752,0.799403141894887,0.10136636442324636,0.0036904376666666654,0.0015512936682705392,0.0010704837034022584,0.0003704191524211305,0.0009860853749999966,0.7998033903895229,0.10042237991921223,0.00040024849463582424,-0.0009439845040341288,-0.0009454110945396391,1.0030332647459232,2.9785343184116827e-08,-0.0004451004762448588,0.003549564912173998,0.003549564912173998,0.14191030672268998,0.9984910368476214,2.9875690015542435e-08,0.8008438939506132,0.10209278107025099,0.006394789958333334,0.0009404026765197047,0.0024000060957152236,0.00111592251423355,0.005408704583333337,0.8018431721997238,0.09981802346238586,0.0009992782491106134,-0.0022747576078651355,-0.002283043682929481,1.0073479817489097,1.0459382757992334e-07,-0.0010339458715412143,0.005597225749516718,0.005597225749516718,0.12044222745193921,0.9963706016112169,1.0536238111602923e-07,0.7998846399106241,0.10170327520302208,0.0036904376666666654,-0.0005328289590758183,0.0016216002944463518,0.0009871516385560179,-0.0003055678083333374,0.8002916509102791,0.0991862090174891,0.00040701099965501086,-0.0025170661855329762,-0.002527283715441446,1.0081957449290553,-7.270100741767704e-08,-0.0020185199658726825,0.0076917350481020205,0.0076917350481020205,0.1766214070531816,0.9959571100600847,-7.329684633055767e-08]"
/multi_agv/m2b_algorithm_state,1789558486.5571268,1789558486.5571268,m2b_algorithm_state_v1:header6+3x20,"[1.0,-0.15,0.52,0.8020403319568833,0.10172112998380524,1789558486.5570526,0.8003990406883021,0.10136655196702052,0.0036904376666666654,0.0015510294926777686,0.0010703009231010524,0.00037062873826281223,0.0009860853749999966,0.8010943681724049,0.10068053792316196,0.0006953274841027257,-0.0006860140438585544,-0.0006867659920313551,1.002197907351647,1.5724894489176204e-08,0.00018239336309705209,0.0012131260581192543,0.0012131260581192543,0.14192389887617124,0.9989050882228798,1.5759456350377838e-08,0.8018395925379813,0.10209299735005348,0.006394789958333334,0.0009405294487191997,0.0023996679589172176,0.0011160434589099905,0.005408704583333337,0.8031504878598679,0.10083264926385015,0.0013108953218865516,-0.0012603480862033306,-0.0012628722602008968,1.0040246682236995,3.2091011894338096e-08,0.00037574689215729264,0.0001774244657618332,0.0001774244657618332,0.12045076305079208,0.9980012436117928,3.22201675701756e-08,0.8008804764287433,0.10170339927417645,0.0036904376666666654,-0.0005324046980571457,0.0016213666017381237,0.000987089298062396,-0.0003055678083333374,0.8014854152561758,0.09915108738983434,0.0006049388274325107,-0.002552311884342101,-0.002562820341826128,1.0083137960096904,-7.469342932365406e-08,-0.0018066468075354897,0.006961577386956205,0.006961577386956205,0.1766479502520597,0.9958996511333529,-7.531441525831514e-08]"
/multi_agv/m2b_algorithm_state,1789558486.567275,1789558486.567275,m2b_algorithm_state_v1:header6+3x20,"[1.0,-0.15,0.52,0.8030487916787422,0.10172122952580213,1789558486.5672204,0.8013997470770468,0.10136666491157965,0.0036904376666666654,0.0015512637486705533,0.0010700697330902065,0.00037064745325313944,0.0009860853749999966,0.802081443810695,0.09991552250768627,0.0006816967336482627,-0.0014511424038933796,-0.0014545265658276647,1.0046896782912804,7.040983664150787e-08,-0.0006024056487673364,0.004328601059409952,0.004328601059409952,0.14192041504217193,0.9976733584564271,7.074003612389815e-08,0.8028401211229446,0.10209317133650518,0.006394789958333334,0.0009407040805248443,0.00239936749818348,0.0011161240580998266,0.005408704583333337,0.804071520435255,0.09925046790483606,0.0012313993123104217,-0.002842703431669119,-0.0028556993271104886,1.009241643276686,1.634544416316355e-07,-0.0013164501867224615,0.006833898237253866,0.006833898237253866,0.12044857532058832,0.9954491373380967,1.6496502927318495e-07,0.8018811276706589,0.10170355370333088,0.0036904376666666654,-0.0005323655084628876,0.001621114773472444,0.0009872033073917517,-0.0003055678083333374,0.8025632547356418,0.0997865411624064,0.0006821270649829403,-0.0019170125409244815,-0.0019229123281567452,1.0061997798340583,-4.211644403259596e-08,-0.0010702534969280698,0.004098395765945976,0.004098395765945976,0.17664114664377273,0.9969318480380648,-4.2377556712991494e-08]"
/multi_agv/m2b_algorithm_state,1789558486.5771542,1789558486.5771542,m2b_algorithm_state_v1:header6+3x20,"[1.0,-0.15,0.52,0.804037097481798,0.10172145612566112,1789558486.5769987,0.8024082684739353,0.10136666145395255,0.0036904376666666654,0.0015522666076834813,0.0010697572382358566,0.00037037529873024935,0.0009860853749999966,0.8029333588514795,0.09865614362700177,0.0005250903775442239,-0.0027105178269507813,-0.002722437362522862,1.008884795474868,2.4601408858690725e-07,-0.002066074390592582,0.010023810931025768,0.010023810931025768,0.14188917949156138,0.9956217411147212,2.48199873447938e-07,0.8038485000789033,0.10209327536786918,0.006394789958333334,0.0009409637779073084,0.00239912520048291,0.0011161375262011553,0.005408704583333337,0.8050570398663722,0.09925046790483606,0.0012085397874689319,-0.0028428074630331146,-0.002855804301668769,1.0092419794278296,1.6351146638468024e-07,-0.001345129567332604,0.006934978144863851,0.006934978144863851,0.12042895903617304,0.9954489743474159,1.6502263599322168e-07,0.8028896064833884,0.10170375175558465,0.0036904376666666654,-0.0005329155972792622,0.0016208350311900654,0.0009875872701511582,-0.0003055678083333374,0.803562507839471,0.09948717887465466,0.0006729013560826669,-0.0022165728809299817,-0.0022244784353531435,1.0071928516169446,-5.637669947874506e-08,-0.00138335174024981,0.005329397882935259,0.005329397882935259,0.17658015445035355,0.9964461087608131,-5.6782208712748756e-08]"
/multi_agv/m2b_algorithm_state,1789558486.5873296,1789558486.5873296,m2b_algorithm_state_v1:header6+3x20,"[1.0,-0.15,0.52,0.805037830986938,0.10172160644062711,1789558486.5871964,0.8033966743537468,0.10136696951887823,0.0036904376666666654,0.0015512168079236293,0.0010696565652852596,0.0003708827147120145,0.0009860853749999966,0.8039317652403218,0.09865614362700177,0.0005350908865749959,-0.0027108258918764616,-0.0027227481154333787,1.0088857995063036,2.459032964882943e-07,-0.0020538845072146338,0.009980038797717708,0.009980038797717708,0.14192937089548538,0.9956212535822399,2.480883438788284e-07,0.804836677143595,0.10209356425831474,0.006394789958333334,0.0009409961607053279,0.0023987389853906693,0.0011163243979608883,0.005408704583333337,0.805971467097589,0.09867181955014569,0.0011347899539940753,-0.0034217447081690555,-0.003440656702518061,1.0111969221949604,2.3698594805053954e-07,-0.0020221692600254667,0.009553912278966781,0.009553912278966781,0.12045419923718884,0.9945033765399597,2.3963946127216037e-07,0.8038779409480524,0.10170383459979036,0.0036904376666666654,-0.0005319118610028419,0.001620637576076162,0.0009872548960690574,-0.0003055678083333374,0.8045693243573748,0.09948717887465466,0.0006913834093223992,-0.0022166557251356994,-0.0022245618666286355,1.0071931191740828,-5.6274703049365365e-08,-0.0013603326049756365,0.005249367489670292,0.005249367489670292,0.17665863695840126,0.9964459781444884,-5.667949369488557e-08]"
/multi_agv/m2b_algorithm_state,1789558486.5970984,1789558486.5970984,m2b_algorithm_state_v1:header6+3x20,"[1.0,-0.15,0.52,0.8060338672584608,0.10172178720866394,1789558486.5969963,0.8043974836535978,0.10136708294414087,0.0036904376666666654,0.0015514614964335662,0.001069429539690735,0.00037089474150160066,0.0009860853749999966,0.8042801914889123,0.09954898913167551,-0.00011729216468547854,-0.0018180938124653656,-0.0018234205793334708,1.0058999072716837,1.1056230626302514e-07,-0.001970035785190319,0.009312724741765421,0.009312724741765421,0.1419255153881834,0.9970786954318283,1.1121461361772047e-07,0.8058373131072046,0.10209374199950254,0.006394789958333334,0.0009411575150537381,0.0023984463607997775,0.0011164066766263248,0.005408704583333337,0.8063759662714004,0.10195093498992364,0.0005386531641957681,-0.0001428070095789019,-0.00014283914226312572,1.0004502597989542,4.1196343334900994e-10,0.0005304773129815845,-0.0008768601558730464,-0.0008768601558730464,0.12045177816012025,0.9997750428648988,4.1214892392168615e-10,0.8048786962000117,0.10170399437823788,0.0036904376666666654,-0.0005318986449460452,0.001620390154886086,0.0009873778718675597,-0.0003055678083333374,0.8054334664816396,0.09835482622949696,0.0005547702816278699,-0.003349168148740922,-0.003367371560586028,1.0110076474310203,-1.2855727285743667e-07,-0.002673908708551191,0.010336533302734935,0.010336533302734935,0.17665110722230656,0.9945941778275462,-1.299723859917448e-07]"
/multi_agv/m2b_algorithm_state,1789558486.6072273,1789558486.6072273,m2b_algorithm_state_v1:header6+3x20,"[1.0,-0.15,0.52,0.8070409959086309,0.1017218997501849,1789558486.6071494,0.805393604219904,0.10136726915963319,0.0036904376666666654,0.0015512299153129685,0.0010692530865468383,0.0003710869078476452,0.0009860853749999966,0.8053666146713189,0.10037741464077696,-2.6989548585154566e-05,-0.000989854518856234,-0.000991423643811099,1.00318226882169,3.274986888797787e-08,-0.0010251605795425422,0.005621700304787973,0.005621700304787973,0.14193831283376102,0.9984173012569751,3.2854087774654513e-08,0.8068332413081628,0.1020939638301919,0.006394789958333334,0.0009412624025613384,0.0023981221491057303,0.0011165298645838678,0.005408704583333337,0.8072923262700142,0.10007134650650648,0.00045908496185143033,-0.002022617323685416,-0.00202915569729817,1.0065147932273883,8.275345166283823e-08,-0.0014552994949838822,0.006974612654516348,0.006974612654516348,0.12045981420582434,0.9967777861395948,8.32925732892743e-08,0.8058747562473159,0.10170412863616674,0.0036904376666666654,-0.0005315295070387571,0.0016201630467780233,0.0009873360007100467,-0.0003055678083333374,0.8057016423955551,0.09858640275819668,-0.00017311385176077554,-0.0031177258779700595,-0.0031334728122493277,1.0102203180976603,-1.1130967140731569e-07,-0.003349865126950297,0.012615743956429809,0.012615743956429809,0.17667610124597263,0.9949746063799529,-1.1244729165644451e-07]"
/multi_agv/m2b_algorithm_state,1789558486.6172986,1789558486.6172986,m2b_algorithm_state_v1:header6+3x20,"[1.0,-0.15,0.52,0.8080391087151687,0.1017220706003848,1789558486.6172,0.8064007949482417,0.10136728602235914,0.0036904376666666654,0.001552118797236933,0.0010689618136500378,0.00037085311948449563,0.0009860853749999966,0.8063257298019689,0.09957018833498718,-7.506514627275696e-05,-0.0017970976873719624,-0.0018023012946602381,1.0058303760485452,1.0806756310754758e-07,-0.0018961327275011843,0.009043915634658924,0.009043915634658924,0.14191178684610684,0.9971127983408252,1.0869763763911447e-07,0.8078402894806852,0.10209408580282338,0.006394789958333334,0.0009414868629377716,0.002397880716163092,0.001116558157915462,0.005408704583333337,0.8082898110331556,0.10007134650650648,0.0004495215524703555,-0.002022739296316897,-0.0020292784537859375,1.0065151843784752,8.278312976810485e-08,-0.001467376513197993,0.0070174540140083555,0.0070174540140083555,0.12044315696459154,0.9967775947865409,8.33224771219713e-08,0.8068819032969656,0.10170432742537215,0.0036904376666666654,-0.0005320175682742389,0.0016198938882274142,0.0009876875714510745,-0.0003055678083333374,0.8066658572688197,0.09804895301943557,-0.0002160460281459553,-0.003655374405936579,-0.0036771085738802546,1.012055397924553,-1.5320283051156877e-07,-0.003947166109062698,0.014920544555270305,0.014920544555270305,0.17662429735260837,0.994089332009922,-1.5504975159655358e-07]"
/multi_agv/m2b_algorithm_state,1789558486.6272495,1789558486.6272495,m2b_algorithm_state_v1:header6+3x20,"[1.0,-0.15,0.52,0.8090325792953323,0.10172227095810782,1789558486.6271975,0.8073989867889165,0.10136744769898053,0.0036904376666666654,0.0015520515403418538,0.0010687665773122523,0.0003709838276028635,0.0009860853749999966,0.807510343073761,0.09841717642697545,0.00011135628484448823,-0.0029502712720050756,-0.0029644180702391642,1.0096966702906316,2.9146398173858285e-07,-0.002825222714183554,0.012789171288630767,0.012789171288630767,0.14191722094627443,0.9952277992176228,2.9429021187109657e-07,0.8088383001160667,0.10209429223901763,0.006394789958333334,0.0009416084142057279,0.0023975742026940416,0.0011166649158985131,0.005408704583333337,0.8097076894215485,0.09996714458291235,0.0008693893054817492,-0.002127147656105277,-0.0021343850051157584,1.006859563286435,9.156777977623858e-08,-0.001047648373263572,0.005583203152925678,0.005583203152925678,0.12044656950940247,0.9966091642355365,9.219589475661203e-08,0.8078800392405229,0.10170447186315622,0.0036904376666666654,-0.0005317839050799499,0.0016196643920212417,0.0009877056665306815,-0.0003055678083333374,0.8080149789371374,0.09783662747090467,0.0001349396966144889,-0.003867844392251546,-0.0038922175404505783,1.0127865572960881,-1.714777233275524e-07,-0.003723542919682467,0.014220216287605867,0.014220216287605867,0.17663490904720297,0.9937379789424076,-1.7367033306188289e-07]"
/multi_agv/m2b_algorithm_state,1789558486.6372907,1789558486.6372907,m2b_algorithm_state_v1:header6+3x20,"[1.0,-0.15,0.52,0.8100321761694395,0.10172243400712906,1789558486.6371894,0.808392544841153,0.10136767794430239,0.0036904376666666654,0.0015515379252608887,0.0010686213992449054,0.0003712819772564045,0.0009860853749999966,0.8084551707087011,0.09928513157073733,6.262586754812727e-05,-0.0020825463735650585,-0.002089549357355738,1.0067782045425584,1.4509761711859298e-07,-0.002011267022920579,0.009568800497369839,0.009568800497369839,0.14193911342216267,0.9966485674214742,1.4608111844606063e-07,0.8098316584846955,0.10209454161386697,0.006394789958333334,0.0009416731602041473,0.0023972375680895164,0.0011168119672774063,0.005408704583333337,0.8107019460470241,0.09996714458291235,0.0008702875623285422,-0.002127397030954617,-0.0021346360662475184,1.006860363767352,9.159545948908199e-08,-0.0010467766133368406,0.005580303997093778,0.005580303997093778,0.12046031691107972,0.9966087730797001,9.222383766061485e-08,0.8088735345601485,0.10170459331615414,0.0036904376666666654,-0.0005312171672263969,0.0016194535996861496,0.000987569655268761,-0.0003055678083333374,0.808940911887308,0.09731464554048719,6.737732715944578e-05,-0.0043899477756669525,-0.004421468698080295,1.0145977332687879,-2.2073203084656377e-07,-0.004337247039130988,0.016567373212501908,0.016567373212501908,0.17667766489881495,0.9928709384673403,-2.2395421815673976e-07]"
/multi_agv/m2b_algorithm_state,1789558486.6472776,1789558486.6472776,m2b_algorithm_state_v1:header6+3x20,"[1.0,-0.15,0.52,0.8110394227531619,0.10172255039403172,1789558486.6472342,0.8093922168450896,0.10136781194616881,0.0036904376666666654,0.001551665982462249,0.0010684145044558054,0.0003713340882825068,0.0009860853749999966,0.8095740618927355,0.1010418502896615,0.00018184504764595655,-0.00032596165650730646,-0.00032613095973527747,1.0010400728087607,3.55076788042702e-09,-9.882465017783178e-05,0.0020486147766358848,0.0020486147766358848,0.1419392873993002,0.9994808734868089,3.5544609375496733e-09,0.8108311590402152,0.10209473650407726,0.006394789958333334,0.0009417995583358915,0.002396948612327421,0.0011169074908445736,0.005408704583333337,0.8118244319328477,0.10049396192666014,0.000993272892632513,-0.0016007745774171134,-0.0016048569219249138,1.005131412429245,5.1849455844025424e-08,-0.0003632658061342726,0.002940693222587377,0.002940693222587377,0.1204604261569696,0.9974562564101329,5.2115516786193045e-08,0.8098731526230134,0.10170475357114113,0.0036904376666666654,-0.0005311443958772523,0.0016192189200361432,0.0009876601882834561,-0.0003055678083333374,0.8100102322207787,0.09853607687261011,0.00013707959776532164,-0.00316867669853102,-0.003184948635687121,1.0103932098339388,-1.148976108665257e-07,-0.003013599138480469,0.011456248454010737,0.011456248454010737,0.176678004718195,0.99489098914382,-1.1609176584567975e-07]"
/multi_agv/m2b_algorithm_state,1789558486.6573114,1789558486.6573114,m2b_algorithm_state_v1:header6+3x20,"[1.0,-0.15,0.52,0.8120382897425867,0.10172272099917175,1789558486.6571808,0.8103995229293847,0.1013678315600072,0.0036904376666666654,0.0015525490789555195,0.001068128441715709,0.00037110009763396934,0.0009860853749999966,0.8107324606060072,0.10205350461108827,0.0003329376766225689,0.0006856730510810677,0.0006849296210381284,0.9978371656377397,1.570944092630504e-08,0.0011011017168163395,-0.002675030236206296,-0.002675030236206296,0.14191234304814973,1.001085410851136,1.567546400765773e-08,0.8118383283665573,0.10209486286357902,0.006394789958333334,0.0009420086786310969,0.002396716840186275,0.0011169374086418965,0.005408704583333337,0.812824040447928,0.10049396192666014,0.00098571208137066,-0.0016009009369188781,-0.0016049839228621048,1.005131816073195,5.186913096115909e-08,-0.0003728438211487799,0.0029747669937820365,0.0029747669937820365,0.1204435062520475,0.997456058042036,5.213531380112822e-08,0.8108804169635437,0.10170495675850895,0.0036904376666666654,-0.0005316506426383577,0.0016189568655572244,0.000988015946762141,-0.0003055678083333374,0.8110757611209514,0.09927591667513073,0.00019534415740762867,-0.0024290400833782144,-0.002438548922970406,1.0079011018807424,-6.755084996145916e-08,-0.00219436872621087,0.008275066339677728,0.008275066339677728,0.17662538346448192,0.9961006156150402,-6.808457610913539e-08]"
/multi_agv/m2b_algorithm_state,1789558486.6670365,1789558486.6670365,m2b_algorithm_state_v1:header6+3x20,"[1.0,-0.15,0.52,0.8130345644570744,0.10172290850159667,1789558486.666907,0.8113984651713367,0.10136798639155284,0.0036904376666666654,0.0015525383641703445,0.0010679317376209637,0.000371207060366918,0.0009860853749999966,0.8113599323034162,0.10172918922103064,-3.8532867920548775e-05,0.0003612028294777969,0.000360996017904634,0.998856439139609,4.360395074466208e-09,0.000312829933003948,0.00027784541025793644,0.00027784541025793644,0.14191510395645673,1.0005728915636338,4.355408697323207e-09,0.8128370978690702,0.10209506775605556,0.006394789958333334,0.0009421223543030375,0.0023964243794503126,0.0011170402706514593,0.005408704583333337,0.813518452236844,0.09961635555047071,0.0006813543677738343,-0.0024787122055848487,-0.0024885656483659216,1.0080250393217531,1.2443269334673525e-07,-0.0016368726886486287,0.007808031330123238,0.007808031330123238,0.12044524007893515,0.9960405132219265,1.2543127060375445e-07,0.8118793061873534,0.10170510884990683,0.0036904376666666654,-0.000531481992585132,0.001618732002816337,0.0009880598129738908,-0.0003055678083333374,0.8117557343682374,0.09796397384638937,-0.00012357181911593074,-0.0037411350035174568,-0.003763915444850251,1.0123499930791262,-1.603223947645616e-07,-0.003918380218745164,0.014853464603992755,0.014853464603992755,0.1766307749429055,0.9939476745249519,-1.6230237523033288e-07]"
/multi_agv/m2b_algorithm_state,1789558486.6770885,1789558486.6770885,m2b_algorithm_state_v1:header6+3x20,"[1.0,-0.15,0.52,0.814034661101967,0.1017230729972783,1789558486.6770184,0.8123948196432944,0.10136817992534235,0.0036904376666666654,0.0015522765180815698,0.001067763840708967,0.0003714078949421935,0.0009860853749999966,0.8122266110998835,0.10089623964288388,-0.0001682085434109304,-0.0004719402824584634,-0.00047229557294793775,1.0015083451767848,7.4469329344715325e-09,-0.0006825562522116007,0.004183337564677312,0.004183337564677312,0.1419270542010153,0.9992477369896637,7.458165479845082e-09,0.8138332697750166,0.10209529716229113,0.006394789958333334,0.0009422024777774648,0.0023961159538264942,0.0011171659820833485,0.005408704583333337,0.8146393975528254,0.1010968078607577,0.0008061277778088627,-0.0009984893015334284,-0.0010000703623373858,1.0031789065125492,2.0173435666189115e-08,7.5893599236925326e-06,0.0013632313853532167,0.0013632313853532167,0.12045274446429052,0.9984190504353493,2.0237565132208856e-08,0.8128756039529123,0.10170524841715656,0.0036904376666666654,-0.0005311280261077853,0.0016185183499230656,0.0009880175194685583,-0.0003055678083333374,0.8126557096613191,0.09713397080032617,-0.0002198942915931923,-0.004571277616830391,-0.00460550267604951,1.015231468343532,-2.393292769192723e-07,-0.004880370540541,0.01853212973118327,0.01853212973118327,0.17665411245220772,0.9925686593567509,-2.429746132243486e-07]"
/multi_agv/m2b_algorithm_state,1789558486.6871977,1789558486.6871977,m2b_algorithm_state_v1:header6+3x20,"[1.0,-0.15,0.52,0.8150431161829479,0.10172318626098283,1789558486.6871228,0.8133949881117702,0.10136831383664013,0.0036904376666666654,0.0015524124850857073,0.0010675579763355977,0.00037145604141206566,0.0009860853749999966,0.813233636713037,0.10127034294350241,-0.0001613513987333004,-9.797089313771934e-05,-9.798616086287603e-05,1.0003117943252837,3.208649092413751e-10,-0.0002996754092795015,0.0026599640855037303,0.0026599640855037303,0.14192545644599514,0.9998441848826175,3.2096495309925925e-10,0.8148332737907377,0.1020954928851224,0.006394789958333334,0.0009423198437861872,0.0023958380663120504,0.001117259663532294,0.005408704583333337,0.8158753668266684,0.10051303612668609,0.0010420930359307246,-0.0015824567584363097,-0.0015864456132510612,1.0050715878242715,5.0696808105320446e-08,-0.0002838293183376555,0.002652723137281739,0.002652723137281739,0.12045174114233648,0.997485665577544,5.095392142003682e-08,0.813875721403393,0.10170541227007238,0.0036904376666666654,-0.000531082120044097,0.0016182905730992361,0.00098811610724281,-0.0003055678083333374,0.8139150107563272,0.0997398940712141,3.928935293417979e-05,-0.0019655181988582765,-0.0019717224433023015,1.0063599762134152,-4.416903700150796e-08,-0.0019226107521345768,0.007125180275524556,0.007125180275524556,0.1766509921014544,0.9968533885359471,-4.4449951026207006e-08]"
/multi_agv/m2b_algorithm_state,1789558486.6971624,1789558486.6971624,m2b_algorithm_state_v1:header6+3x20,"[1.0,-0.15,0.52,0.8160327007097606,0.10172341810830197,1789558486.6970475,0.8144034979804031,0.1013683225648976,0.0036904376666666654,0.0015533737529330252,0.0010672654651042945,0.00037119152063556904,0.0009860853749999966,0.81465314430229,0.10217161348421465,0.00024964632188684277,0.0008032909193170512,0.0008022714794035913,0.9974695683321011,2.157075556140199e-08,0.0011143293817621447,-0.0027760861601597176,-0.0027760861601597176,0.1418942350874106,1.0012706919535739,2.151617223842891e-08,0.815841657010516,0.10209561343318486,0.006394789958333334,0.0009425281421949067,0.00239562248270464,0.001117281516606089,0.005408704583333337,0.8168732099928161,0.10051303612668609,0.0010315529823000658,-0.0015825773064987725,-0.0015865667661879418,1.00507197283523,5.071571674350994e-08,-0.00029712553831285965,0.00269992146363788,0.00269992146363788,0.12043213417925606,0.9974854763290202,5.097294548115224e-08,0.8148841935579243,0.10170562278486604,0.0036904376666666654,-0.0005316683649064942,0.0016180327570161582,0.0009885043378188582,-0.0003055678083333374,0.8152063142683712,0.09959086891009715,0.0003221207104469048,-0.002114753874768893,-0.0021219441073685444,1.0068543913206065,-5.119233028865239e-08,-0.0017192932193099133,0.006470854641337408,0.006470854641337408,0.17659002532419654,0.9966114882222002,-5.154322255306455e-08]"
/multi_agv/m2b_algorithm_state,1789558486.7070405,1789558486.7070405,m2b_algorithm_state_v1:header6+3x20,"[1.0,-0.15,0.52,0.8170312720936598,0.10172359468910837,1789558486.7069387,0.815393173393169,0.1013686233050442,0.0036904376666666654,0.0015524081574213437,0.00106717118639592,0.00037165911139475636,0.0009860853749999966,0.8157189375636426,0.10255861907866475,0.00032576417047358586,0.0011899957736205419,0.001187765123057372,0.9962679144921767,4.729538456537017e-08,0.0015949703361493543,-0.004670903999172001,-0.004670903999172001,0.14192989590546673,1.0018780232891735,4.711887414604682e-08,0.81683112451209,0.10209590663419821,0.006394789958333334,0.0009425248423386746,0.002395271406988142,0.0011174655776887144,0.005408704583333337,0.8177857165734633,0.09966813276629335,0.0009545920613733827,-0.0024277738679048533,-0.0024372227377513645,1.007855509102333,1.1941757547649522e-07,-0.0012439826610346361,0.006404278084085144,0.006404278084085144,0.1204545289132227,0.9961230995837379,1.2035566132762936e-07,0.8158738042240228,0.1017057243856635,0.0036904376666666654,-0.0005307941899181817,0.001617851947170828,0.000988219466641997,-0.0003055678083333374,0.8160391376391151,0.09777045488386088,0.0001653334150922836,-0.0039352695018026185,-0.00396051220592887,1.0130190837277626,-1.7718436569626596e-07,-0.003753845437063515,0.014353487770606474,0.014353487770606474,0.17665966230261015,0.9936264041584159,-1.7949114378851614e-07]"
/multi_agv/m2b_algorithm_state,1789558486.7170029,1789558486.7170029,m2b_algorithm_state_v1:header6+3x20,"[1.0,-0.15,0.52,0.8180335416714005,0.10172374908263875,1789558486.7169003,0.8163918179531613,0.10136878156913293,0.0036904376666666654,0.0015523913542355326,0.0010669864046165545,0.00037176251184581864,0.0009860853749999966,0.8166682138548624,0.10172525744197344,0.00027639590170114303,0.00035647587284051707,0.0003562744337761859,0.9988713561253035,4.246612002104991e-09,0.0007017693109026147,-0.0011026220753682023,-0.0011026220753682023,0.1419337055580648,1.0005654042087615,4.241819089480603e-09,0.8178296018940578,0.10209611941586302,0.006394789958333334,0.0009426127296802448,0.002394989401194203,0.0011175741802639388,0.005408704583333337,0.8188294575818862,0.10027614665573029,0.0009998556878283438,-0.0018199727601327376,-0.0018252583387718974,1.0058484727528167,6.708861130550091e-08,-0.0005754387289864677,0.0037863757250183173,0.0037863757250183173,0.12045692115244254,0.9971042024425342,6.748097722074544e-08,0.8168723964337602,0.10170588308232918,0.0036904376666666654,-0.0005306476816673094,0.0016176348710657106,0.0009882688805371276,-0.0003055678083333374,0.8169981179922737,0.0976385926790679,0.00012572155851353628,-0.004067290403261287,-0.004094281974075649,1.0134757608556448,-1.8923532278787613e-07,-0.003937130025933729,0.015045965229981383,0.015045965229981383,0.17666710272491618,0.9934074958722264,-1.917854127432063e-07]"
/multi_agv/m2b_algorithm_state,1789558486.7269368,1789558486.7269368,m2b_algorithm_state_v1:header6+3x20,"[1.0,-0.15,0.52,0.8190329953405026,0.10172392207422694,1789558486.726847,0.8173941529100951,0.1013688841699799,0.0036904376666666654,0.0015527434792991074,0.0010667645143867632,0.0003717252978538558,0.0009860853749999966,0.8173520570137681,0.1012038220267215,-4.2095896326976856e-05,-0.00016506214325839874,-0.00016510550355707605,1.000525709560005,9.110345896453558e-10,-0.00021772537396579712,0.002399454742087511,0.002399454742087511,0.14192440430970762,0.9997373782354727,9.115135292386277e-10,0.818831787137126,0.10209629957870407,0.006394789958333334,0.0009427380068646437,0.0023947363971763558,0.0011176514881960226,0.005408704583333337,0.8197616479184382,0.10076726527012247,0.0009298607813121862,-0.0013290343085815975,-0.001331842440393875,1.0042471242352886,3.576900751076515e-08,-0.00016951646375364224,0.0021371920419803823,0.0021371920419803823,0.12045108044418415,0.9978915435286423,3.592092292943634e-08,0.8178746849669806,0.10170606349923222,0.0036904376666666654,-0.0005307867621891465,0.0016174051638404349,0.0009884486584309559,-0.0003055678083333374,0.8179476333949952,0.09946466515550288,7.294842801464085e-05,-0.002241398343729342,-0.002249483237298611,1.0072752231777424,-5.7416647653414226e-08,-0.00215829770228031,0.00807107100488063,0.00807107100488063,0.17664893733159662,0.9964058885013172,-5.7834366579210617e-08]"
/multi_agv/m2b_algorithm_state,1789558486.7372448,1789558486.7372448,m2b_algorithm_state_v1:header6+3x20,"[1.0,-0.15,0.52,0.8200435245885571,0.10172402656294648,1789558486.7371778,0.8183936768550383,0.10136903258002054,0.0036904376666666654,0.0015527934358101673,0.001066573506425205,0.0003718029990602942,0.0009860853749999966,0.8183612159592273,0.10139551496298026,-3.2460895810992874e-05,2.6482382959713835e-05,2.6481268457154533e-05,0.9999158390791292,2.3448197549339317e-11,-1.4094851306586559e-05,0.0015909167452250758,0.0015909167452250758,0.14192508590624928,1.000042086449186,2.3446224127440804e-11,0.8198311501566865,0.10209650655434496,0.006394789958333334,0.0009428291672213271,0.0023944644485517363,0.0011177534403540579,0.005408704583333337,0.820771056388051,0.10076726527012247,0.000939906231364529,-0.0013292412842224877,-0.001332050287266704,1.0042477837346944,3.578358038562281e-08,-0.00015716749806104265,0.002093742451394543,0.002093742451394543,0.12045150846069451,0.9978912184689512,3.5935581296353985e-08,0.818874159009783,0.10170622708831532,0.0036904376666666654,-0.0005307007295166752,0.0016171891231913258,0.0009885237480111424,-0.0003055678083333374,0.8190373907648053,0.0999527450423082,0.00016323175502230836,-0.0017534820460071293,-0.001758411928412679,1.005660234937287,-3.512301526051868e-08,-0.0015543722346347936,0.005737457428665847,0.005737457428665847,0.17665026845528997,0.9971964007261938,-3.532181977859913e-08]"
/multi_agv/m2b_algorithm_state,1789558486.7474313,1789558486.7474313,m2b_algorithm_state_v1:header6+3x20,"[1.0,-0.15,0.52,0.8210406150759733,0.1017242169053364,1789558486.7472503,0.8194042539514236,0.10136901364271479,0.0036904376666666654,0.0015539460788841788,0.0010662671485607068,0.0003714627267059731,0.0009860853749999966,0.8193836392524222,0.10148317182671714,-2.0614699001386683e-05,0.00011415818400234423,0.0001141374876909035,0.9996375666050247,4.360185612127407e-10,8.836911393917014e-05,0.001188718916189038,0.001188718916189038,0.14189101948897942,1.0001813279042622,4.3586053352532814e-10,0.8208416162042896,0.10209661317997859,0.006394789958333334,0.0009430419102548649,0.002394274847197453,0.0011177598510963282,0.005408704583333337,0.821772662764651,0.10054462133487035,0.0009310465603613594,-0.001551991845108236,-0.001555827649764639,1.0049721580026219,4.8799730109753824e-08,-0.0003920194493129399,0.0030219483904126336,0.0030219483904126336,0.12043011823549359,0.9975345568276901,4.9042370078344826e-08,0.8198847036099582,0.10170645286614606,0.0036904376666666654,-0.0005314576637697201,0.0016169323439092949,0.0009889854279074208,-0.0003055678083333374,0.8199725096400309,0.09904529479885125,8.780603007263466e-05,-0.0026611580672948054,-0.0026725908467723197,1.008678631618494,-8.10601900771284e-08,-0.0025628333091815263,0.009666924864798445,0.009666924864798445,0.17658375852256714,0.9957222110929095,-8.176368160573289e-08]"
/multi_agv/m2b_algorithm_state,1789558486.756987,1789558486.756987,m2b_algorithm_state_v1:header6+3x20,"[1.0,-0.15,0.52,0.8220261997161331,0.10172447757631015,1789558486.7568269,0.8204014180836036,0.10136920908752611,0.0036904376666666654,0.0015536800544329724,0.001066103367358906,0.00037166323167717695,0.0009860853749999966,0.8204145152544124,0.10173627620288765,1.3097170808884506e-05,0.00036706711536153847,0.00036685354695000253,0.9988379696850471,4.506397779714519e-09,0.00038322501046110817,2.6092982323489824e-05,2.6092982323489824e-05,0.14189557013266224,1.0005821625913434,4.501161208883254e-09,0.8218386106405453,0.10209684455304738,0.006394789958333334,0.0009431037502058981,0.0023939866937161547,0.0011178829431329473,0.005408704583333337,0.8227754521869255,0.10054462133487035,0.0009368415463801849,-0.0015522232181770235,-0.0015560601613081248,1.0049728967520595,4.881743856443994e-08,-0.00038500822833289366,0.002997359263586257,0.002997359263586257,0.12043297264040644,0.9975341935829295,4.90602026461209e-08,0.8208818165037709,0.1017065970754357,0.0036904376666666654,-0.0005311391626909331,0.0016167331017506725,0.0009889510117491811,-0.0003055678083333374,0.8208810125697931,0.09817942125966743,-8.039339778331822e-07,-0.003527175815768266,-0.00354739207021999,1.0116155111314447,-1.423967500482452e-07,-0.0035483969876922814,0.013474186707819384,0.013474186707819384,0.17659263201055744,0.9943010938595037,-1.4405076108351213e-07]"
/multi_agv/m2b_algorithm_state,1789558486.767128,1789558486.767128,m2b_algorithm_state_v1:header6+3x20,"[1.0,-0.15,0.52,0.8230305737558082,0.10172462225608586,1789558486.7668707,0.8213870980274569,0.10136957166356374,0.0036904376666666654,0.0015523184571179416,0.0010660599003863066,0.0003722760445094976,0.0009860853749999966,0.8214374374477696,0.10157268545248616,5.0339420312739414e-05,0.00020311378892241827,0.00020304831597203816,0.9993558033740926,1.3787522556417166e-09,0.00026597259136296246,0.0005159769568909703,0.0005159769568909703,0.1419454138145713,1.0003224501029062,1.37786406809067e-09,0.8228240732828498,0.102097178805878,0.006394789958333334,0.0009430337265708758,0.0023936207001499232,0.0011181036887035617,0.005408704583333337,0.823888677932682,0.10089024919393012,0.001064604649832157,-0.0012069296119478767,-0.001209243282409102,1.0038515321289816,2.9505111378848377e-08,0.00012151252988109435,0.0010545095932080104,0.0010545095932080104,0.1204642730240142,0.9980866790869278,2.9618751263293192e-08,0.8218674278380927,0.1017066822594887,0.0036904376666666654,-0.0005299931799814428,0.00161657713345203,0.000988535399018324,-0.0003055678083333374,0.8220418943002181,0.0996312364243716,0.00017446646212537775,-0.0020754458351170957,-0.002082369099195136,1.0067239047569578,-4.915007294832913e-08,-0.001864286021538414,0.006966855643718649,0.006966855643718649,0.17668997083307875,0.9966752944611421,-4.9480553357631225e-08]"
/multi_agv/m2b_algorithm_state,1789558486.7770736,1789558486.7770736,m2b_algorithm_state_v1:header6+3x20,"[1.0,-0.15,0.52,0.824031104650003,0.10172479207414041,1789558486.776898,0.8223915306667602,0.10136964209224045,0.0036904376666666654,0.0015528932734179932,0.0010658245566728345,0.0003721493001412801,0.0009860853749999966,0.8224491810777684,0.10169130235557099,5.765041100824764e-05,0.0003216602633305393,0.0003214962090087439,0.9989811951656045,3.458808484363681e-09,0.00039355922276905345,9.274150648883647e-06,9.274150648883647e-06,0.14192864996778715,1.0005102838453406,3.455284633558563e-09,0.8238283720327753,0.10209734408659134,0.006394789958333334,0.0009431622101199865,0.0023933948309010633,0.001118165491516443,0.005408704583333337,0.824908377723963,0.10120643806741197,0.0010800056911877132,-0.0008909060191793633,-0.0008921636662115748,1.002832846939366,1.607545467532434e-08,0.00045784344777306666,-0.00027731668921229477,-0.00027731668921229477,0.12045374652649019,0.99859034045003,1.612099397790025e-08,0.8228718185678893,0.10170688058942579,0.0036904376666666654,-0.0005303261635986344,0.0016163465500854454,0.0009887996837094756,-0.0003055678083333374,0.8231140571008347,0.10013811938965289,0.00024223853294547126,-0.0015687611997728945,-0.0015727015709812154,1.0050533457888724,-2.8089332303697328e-08,-0.0012699034047993763,0.004655052808282883,0.004655052808282883,0.17665722896436553,0.9974945207145292,-2.8231277412806455e-08]"
/multi_agv/m2b_algorithm_state,1789558486.786996,1789558486.786996,m2b_algorithm_state_v1:header6+3x20,"[1.0,-0.15,0.52,0.8250278017206057,0.10172498628812145,1789558486.7867894,0.8233921270475794,0.10136977610644823,0.0036904376666666654,0.0015530461629674717,0.0010656306744662772,0.0003721838788216742,0.0009860853749999966,0.8234440897052832,0.10136771382264587,5.196265770379682e-05,-2.062283802367615e-06,-2.0622905624697365e-06,1.000006555988917,1.4222308695996813e-13,6.289103156727629e-05,0.0013307126510118572,0.0013307126510118572,0.1419255127489876,0.9999967220418672,1.4222401937295e-13,0.8248288185682163,0.10209754563227494,0.006394789958333334,0.000943246339496627,0.0023931417546401157,0.0011182606744035983,0.005408704583333337,0.8257141927967305,0.10156276333555604,0.0008853742285142019,-0.000534782296718897,-0.0005352342288843529,1.0016935871740618,5.7914371807022386e-09,0.0005714835567583995,-0.0008414654578927751,-0.0008414654578927751,0.12045177649991576,0.999155636652017,5.80124548443086e-09,0.8238723683342132,0.10170705448369805,0.0036904376666666654,-0.00053034229343667,0.001616134527482588,0.0009889169676266813,-0.0003055678083333374,0.8241673979424617,0.1004561395862916,0.00029502960824856483,-0.0012509148974064466,-0.0012534142854213025,1.0040150097351637,-1.7856791778944434e-08,-0.0008846272751105964,0.0031567990545595735,0.0031567990545595735,0.1766511020590161,0.9980059362304015,-1.7928486971775687e-08]"
/multi_agv/m2b_algorithm_state,1789558486.7971342,1789558486.7971342,m2b_algorithm_state_v1:header6+3x20,"[1.0,-0.15,0.52,0.8260301562868465,0.10172514580782664,1789558486.7968543,0.8243888965084133,0.10136996903114884,0.0036904376666666654,0.0015528114962979765,0.0010654782273390438,0.0003723648959773503,0.0009860853749999966,0.8241885173461517,0.10175335241742277,-0.00020037916226156582,0.00038338338627393054,0.0003831504406833462,0.9987865546247656,4.9131017437018105e-09,0.00013267648785638894,0.0009084360879779758,0.0009084360879779758,0.14193596726093283,1.0006079742206972,4.90713996311286e-09,0.8258254227516302,0.10209778262333488,0.006394789958333334,0.0009432847031515552,0.002392863093073405,0.0011183890056402912,0.005408704583333337,0.8267294702416781,0.10156276333555604,0.0009040474900479101,-0.0005350192877788401,-0.0005354716199399322,1.0016943368065223,5.796801775891109e-09,0.0005945877426199554,-0.0009231846667775252,-0.0009231846667775252,0.12045834136226723,0.9991552639873934,5.806623510500115e-09,0.8248690859017737,0.10170720720988063,0.0036904376666666654,-0.0005300682712638277,0.0016159391609247512,0.0009888998159535995,-0.0003055678083333374,0.8247952243701615,0.10017592492396736,-7.386153161215159e-05,-0.001531282285913274,-0.001535035548532036,1.0049305049311423,-2.6749488095710237e-08,-0.0016273624630472254,0.005901279384873575,0.005901279384873575,0.17667152006606,0.9975549343972189,-2.688137657867167e-08]"
/multi_agv/m2b_algorithm_state,1789558486.8070197,1789558486.8070197,m2b_algorithm_state_v1:header6+3x20,"[1.0,-0.15,0.52,0.8270245088368515,0.10172535556186117,1789558486.8069289,0.8253913118771898,0.10137007493375935,0.0036904376666666654,0.0015531528591026626,0.0010652684490328954,0.0003723260470013866,0.0009860853749999966,0.8252463106468287,0.1019738874305739,-0.00014500123036109702,0.0006038124968145431,0.0006032356422963506,0.9980936632912555,1.2187666207008674e-08,0.0004219841043449793,-0.00022032216353834715,-0.00022032216353834715,0.14192636443724033,1.0009562672987897,1.2164432411524328e-08,0.8268276989862496,0.10209796887874178,0.006394789958333334,0.0009433816817336731,0.002392628098209504,0.001118469212745457,0.005408704583333337,0.8277574802709653,0.10136370087425761,0.0009297812847156584,-0.0007342680044841732,-0.0007351212695600654,1.0023306042323155,1.0920995427038672e-08,0.00042710533633450755,-0.0002392796935825304,-0.0002392796935825304,0.1204523113222084,0.9988392866439535,1.0946447945202027e-08,0.8258714579970999,0.10170739361097876,0.0036904376666666654,-0.0005302372567877645,0.00161572297983344,0.0009890855211486934,-0.0003055678083333374,0.825806784099393,0.10050509310531608,-6.467389770692389e-05,-0.0012023005056626818,-0.001204608540951028,1.0038568323708197,-1.649198822047054e-08,-0.0012854509130846828,0.004552591306363915,0.004552591306363915,0.17665276536787936,0.9980839955804032,-1.6555595054498427e-08]"
/multi_agv/m2b_algorithm_state,1789558486.8172367,1789558486.8172367,m2b_algorithm_state_v1:header6+3x20,"[1.0,-0.15,0.52,0.828028324326089,0.1017255068422606,1789558486.8170946,0.8263857402345657,0.10137030387193542,0.0036904376666666654,0.0015526827008356552,0.0010651433079349225,0.00037259493761107273,0.0009860853749999966,0.826262797358418,0.10201757171036965,-0.0001229428761476692,0.0006472678384342317,0.0006466051859794902,0.9979574841517486,1.4000353564726707e-08,0.0004929265907949038,-0.0004930738135669396,-0.0004930738135669396,0.14194513224192845,1.001024817723566,1.397175762068963e-08,0.8278219545244425,0.10209822826444818,0.006394789958333334,0.0009433874566410457,0.0023923370627726426,0.0011186181077610519,0.005408704583333337,0.8287259129014841,0.10120163519296817,0.0009039583770416026,-0.0008965930714800174,-0.0008978668656977191,1.0028510803957993,1.62852290963821e-08,0.0002320811056042842,0.0005244080270962693,0.0005244080270962693,0.12046409622141264,0.9985813105858273,1.6331659593799895e-08,0.8268658317515467,0.1017075345491999,0.0036904376666666654,-0.0005297932874985824,0.001615539954134465,0.0009889882835432203,-0.0003055678083333374,0.8268157566212465,0.10061876983696912,-5.0075130300197834e-05,-0.0010887647122307803,-0.0010906557945164425,1.0034881273768033,-1.3511936528228223e-08,-0.0011532497073916898,0.004036672747291633,0.004036672747291633,0.17668942085021933,0.9982661053146463,-1.3559067883945964e-08]"
/multi_agv/m2b_algorithm_state,1789558486.8275037,1789558486.8275037,m2b_algorithm_state_v1:header6+3x20,"[1.0,-0.15,0.52,0.8290263673631335,0.10172569491633993,1789558486.8273187,0.8273896125395406,0.10137038659182483,0.0036904376666666654,0.0015531799427582057,0.001064921356820059,0.0003724948526293121,0.0009860853749999966,0.8272301416909271,0.10192152219821733,-0.00015947084861345218,0.0005511356063924999,0.000550654821806766,0.9982589372501788,1.015445350965821e-08,0.0003513162610399508,5.5132470369994094e-05,5.5132470369994094e-05,0.14193034863843673,1.0008731142753937,1.0136773968907754e-08,0.8288256968987154,0.10209840228257333,0.006394789958333334,0.0009434933234519025,0.002392117717879061,0.001118686320938228,0.005408704583333337,0.8299041223018928,0.10195908675338897,0.0010784254031773743,-0.00013931552918436396,-0.00013934610710167154,1.0004392060488132,3.9302932165625025e-10,0.0012086856468700464,-0.003282580824829744,-0.003282580824829744,0.1204548132015363,0.9997805613809845,3.9320194251168265e-10,0.8278696635400112,0.1017077316523836,0.0036904376666666654,-0.0005300902440370223,0.0016153208276196984,0.0009892309923066234,-0.0003055678083333374,0.8277753902691514,0.10045646478865164,-9.427327085986814e-05,-0.0012512668637319618,-0.0012537676421917581,1.004016118734237,-1.785829941739832e-08,-0.0013716092307665933,0.004878301140671481,0.004878301140671481,0.17666054647910262,0.9980053892159599,-1.7930020468250145e-08]"
/multi_agv/m2b_algorithm_state,1789558486.8372734,1789558486.8372734,m2b_algorithm_state_v1:header6+3x20,"[1.0,-0.15,0.52,0.8300226227939573,0.10172589429709898,1789558486.8372266,0.8283877230813104,0.10137056095300326,0.0036904376666666654,0.0015530705767984316,0.001064760958656174,0.00037262569240897577,0.0009860853749999966,0.8281859247491706,0.10145303625244988,-0.00020179833213973541,8.24752994466188e-05,8.246449452306967e-05,0.999738065798156,2.274576373148223e-10,-0.0001697834206515996,0.0021188536026076747,0.0021188536026076747,0.14193603155136314,1.000131025159514,2.2739805838013896e-10,0.8298236531968584,0.10209862969593451,0.006394789958333334,0.0009435333448259003,0.0023918575011746546,0.0011188043387837382,0.005408704583333337,0.8309102944359782,0.10195908675338897,0.0010866412391198343,-0.000139542942545548,-0.00013957362033074577,1.0004399227695144,3.943298821844755e-10,0.0012187279285690471,-0.0033180677989240173,-0.0033180677989240173,0.12045838172087263,0.9997802035576272,3.945033568783484e-10,0.8288677258112317,0.10170789410008203,0.0036904376666666654,-0.0005299295998004929,0.0016151271905510533,0.0009892620868638567,-0.0003055678083333374,0.8288128614592224,0.10095810584303622,-5.48643520092984e-05,-0.0007497882570458164,-0.0007506828032754364,1.0023929059289154,-6.408221891919137e-09,-0.0008192632432870594,0.0027073385591959557,0.0027073385591959557,0.17667164560345663,0.9988083565712218,-6.423556164078115e-09]"
/multi_agv/m2b_algorithm_state,1789558486.84743,1789558486.84743,m2b_algorithm_state_v1:header6+3x20,"[1.0,-0.15,0.52,0.8310304812873981,0.10172602171019211,1789558486.8473978,0.8293840489653652,0.10137076099281375,0.0036904376666666654,0.00155279393332188,0.001064620744104028,0.0003728185421492719,0.0009860853749999966,0.8291974089719502,0.10157581708102986,-0.00018663999341506088,0.0002050560882161101,0.00020498935915043426,0.9993496680096022,1.4056681368912854e-09,-2.831063261839184e-05,0.001561032765286325,0.001561032765286325,0.141948053750492,1.0003255245343095,1.4047539859339822e-09,0.8308198185127204,0.10209887359471337,0.006394789958333334,0.0009435496803798966,0.0023915871562891766,0.001118937892843161,0.005408704583333337,0.8318995676033675,0.10129169501545661,0.0010797490906471197,-0.0008071785792567593,-0.000808210269035016,1.0025641201454398,1.3200469736067991e-08,0.0005414760942738836,-0.0006109344833746511,-0.0006109344833746511,0.1204659306477429,0.9987234884066885,1.3234317326447512e-08,0.8298640009037863,0.10170804830376982,0.0036904376666666654,-0.0005296463511902847,0.0016149413992039788,0.0009892359552716957,-0.0003055678083333374,0.8298303765002805,0.10076895096159633,-3.362440350584972e-05,-0.0009390973421734977,-0.0009405026402876787,1.003003510522031,-1.0048589624426754e-08,-0.0009825331446699909,0.003368068886367261,0.003368068886367261,0.17669512731579534,0.9985058009898291,-1.007877066909529e-08]"
/multi_agv/m2b_algorithm_state,1789558486.8572822,1789558486.8572822,m2b_algorithm_state_v1:header6+3x20,"[1.0,-0.15,0.52,0.83203155952668,0.10172619284614182,1789558486.8572195,0.8303919545445667,0.1013707835840927,0.0036904376666666654,0.0015536879750161167,0.0010643605732105314,0.0003725663395108907,0.0009860853749999966,0.8302092610691347,0.1015500952438441,-0.0001826934754319831,0.00017931165975140773,0.00017926062437951566,0.9994311498647771,1.0755047773828788e-09,-4.9106219910463226e-05,0.001647388219718645,0.001647388219718645,0.14191893695725874,1.0002846992866878,1.0748929763448316e-09,0.8318276158715252,0.10209901229380881,0.006394789958333334,0.0009436916701926522,0.002391403752381338,0.0011189717508501285,0.005408704583333337,0.8326569301355582,0.10125574417645476,0.0008293142640329876,-0.0008432681173540513,-0.0008443944311966195,1.0026798583461483,1.4409775836099521e-08,0.000192248398844615,0.0006416805534835155,0.0006416805534835155,0.12044764712176408,0.9986661282915236,1.4448391994140018e-08,0.8308718734461024,0.1017082692526748,0.0036904376666666654,-0.0005302582653036601,0.0016147120457122464,0.0009896205079702892,-0.0003055678083333374,0.8308119506913568,0.10050178896701724,-5.992275474553388e-05,-0.001206480285657563,-0.0012088044425299137,1.0038703780759295,-1.6607494245114904e-08,-0.001283707885961831,0.004548207409559064,0.004548207409559064,0.17663826014059458,0.9980773094550459,-1.667177152673732e-08]"
/multi_agv/m2b_algorithm_state,1789558486.8669777,1789558486.8669777,m2b_algorithm_state_v1:header6+3x20,"[1.0,-0.15,0.52,0.8330215691612312,0.10172643235276953,1789558486.8668785,0.8313930926052158,0.10137091751561632,0.0036904376666666654,0.0015538418332827772,0.001064172724637945,0.0003725973598858951,0.0009860853749999966,0.8309974266368411,0.10170182315813572,-0.00039566596837470325,0.00033090564251940513,0.00033073203710115904,0.9989520402536768,3.662687419864998e-09,-0.00016385042336722002,0.001987122504679363,0.001987122504679363,0.14191386014562113,1.000524912614356,3.658849070885615e-09,0.832828616334689,0.10209921432796254,0.006394789958333334,0.0009437578424889995,0.0023911704240270337,0.0011190644454621979,0.005408704583333337,0.8337630047457855,0.10239206581659979,0.0009343884110964984,0.0002928514886372524,0.0002927168184971379,0.9990813084944176,1.7366407267403042e-09,0.0014607023323677608,-0.004378947886800856,-0.004378947886800856,0.12044445897382378,1.0004600697042485,1.7350452896563993e-09,0.8318729696401351,0.10170844669484656,0.0036904376666666654,-0.0005303099572104828,0.0016145137594095523,0.0009897460619184822,-0.0003055678083333374,0.8314876773655889,0.10144044710269179,-0.00038529227454620063,-0.00026799959215477454,-0.0002681134610108857,1.000850632150761,-8.190206814472229e-10,-0.0007497288041936364,0.002249208855547754,0.002249208855547754,0.17662834602287306,0.9995752960120621,-8.197173667710001e-10]"
/multi_agv/m2b_algorithm_state,1789558486.877078,1789558486.877078,m2b_algorithm_state_v1:header6+3x20,"[1.0,-0.15,0.52,0.8340267220422763,0.1017265779905999,1789558486.8769703,0.8323831830437891,0.10137121751679233,0.0036904376666666654,0.001552901772927372,0.0010641009547684094,0.0003730421742055316,0.0009860853749999966,0.8319858181523925,0.1010289401776665,-0.00039736489139663433,-0.0003422773391258266,-0.00034246402956699485,1.001092284355398,3.918225577356904e-09,-0.0008391701438127878,0.004682192616745993,0.004682192616745993,0.14194802346328605,0.9994548611677427,3.922505393855971e-09,0.8338185224637427,0.10209951619799999,0.006394789958333334,0.0009436988844434262,0.002390859907534626,0.0011192515356914096,0.005408704583333337,0.8347870427452588,0.10239206581659979,0.000968520281516172,0.00029254961859979944,0.00029241522619649656,0.9990822560977263,1.7329520548837983e-09,0.0015030655780917115,-0.004529408528898605,-0.004529408528898605,0.12046591163255135,1.0004595944098087,1.731361648702496e-09,0.8328630019761616,0.10170856334351625,0.0036904376666666654,-0.0005295335216351144,0.0016143590527619833,0.0009894899801809395,-0.0003055678083333374,0.8325524570755879,0.10199954172995068,-0.0003105449005736949,0.0002909783864344373,0.00029084472194747506,0.9990822899342107,-9.636998067153757e-10,-9.733640376964354e-05,-0.000314695653884485,-0.000314695653884485,0.1766950681732226,1.000459573362952,-9.628154097023538e-10]"
/multi_agv/m2b_algorithm_state,1789558486.887201,1789558486.887201,m2b_algorithm_state_v1:header6+3x20,"[1.0,-0.15,0.52,0.835026784093484,0.10172675628750211,1789558486.8871226,0.8333883867757684,0.10137128245472815,0.0036904376666666654,0.0015535171741124076,0.001063874122590124,0.0003728934105281991,0.0009860853749999966,0.8329998630019334,0.1010289401776665,-0.00038852377383502557,-0.0003423422770616469,-0.00034252903827617097,1.0010924914321087,3.921264831435818e-09,-0.0008281837555699529,0.004643882159798454,0.004643882159798454,0.14192849783262967,0.9994547580098203,3.925548779667191e-09,0.8348236097277175,0.10209968124526687,0.006394789958333334,0.000943800792560007,0.0023906630563231834,0.001119309764000917,0.005408704583333337,0.8358994051763259,0.10325741114934622,0.0010757954486083632,0.0011577299040793493,0.001155639031913548,0.996403917515137,2.7125746556066035e-08,0.002500383342674002,-0.008491113399307469,-0.008491113399307469,0.12045365099312226,1.0018092779043117,2.7028200133986934e-08,0.8338681696233434,0.10170877027180468,0.0036904376666666654,-0.0005299458568124777,0.0016141452037991338,0.0009897799568720682,-0.0003055678083333374,0.8335762440198526,0.10199954172995068,-0.00029192560349078356,0.00029077145814600247,0.0002906379838676228,0.9990829429818531,-9.630782052926579e-10,-7.426902049585666e-05,-0.0003969878117249115,-0.0003969878117249115,0.1766569318462998,1.0004592458170936,-9.621950076654698e-10]"
/multi_agv/m2b_algorithm_state,1789558486.896973,1789558486.896973,m2b_algorithm_state_v1:header6+3x20,"[1.0,-0.15,0.52,0.8360252085419031,0.10172694507631985,1789558486.8968887,0.8343885090762156,0.1013714301666181,0.0036904376666666654,0.0015535824455665025,0.0010637017379019334,0.0003729547863856092,0.0009860853749999966,0.8337905059477486,0.10137940782978334,-0.0005980031284670284,7.977663165237292e-06,7.977562015431133e-06,0.9999746425111056,2.128963522913957e-12,-0.0007395263485683544,0.004175385016094492,0.004175385016094492,0.1419270226832459,1.0000126792879784,2.1289095377450682e-12,0.8358235939447174,0.10209989361717267,0.006394789958333334,0.0009438451888587746,0.0023904295537000575,0.0011194119890117205,0.005408704583333337,0.8365194591279518,0.10117777697525332,0.0006958651832343898,-0.0009221166419193516,-0.000923464221927826,1.0029330275631996,1.7234144730868444e-08,-5.363274288483868e-05,0.0015473439402448707,0.0015473439402448707,0.12045272467069239,0.998540733927232,1.7284692952392252e-08,0.8348682492595191,0.10170894507871552,0.0036904376666666654,-0.0005299427952768138,0.0016139547700718465,0.0009898776923858528,-0.0003055678083333374,0.8341913939558983,0.10219972091801446,-0.0006768553036208269,0.0004907758392989486,0.0004903961747956345,0.9984556812877157,-2.7432167587441583e-09,-0.00035567295473039914,0.0005136817837543023,0.0005136817837543023,0.1766540508969302,1.0007741995611452,-2.7389803577717776e-09]"
/multi_agv/m2b_algorithm_state,1789558486.9070826,1789558486.9070826,m2b_algorithm_state_v1:header6+3x20,"[1.0,-0.15,0.52,0.8370238366305324,0.10172713278229789,1789558486.9069402,0.8353869964494397,0.10137160308740704,0.0036904376666666654,0.0015534811752604253,0.0010635479377336444,0.0003730786850479112,0.0009860853749999966,0.8348553452681204,0.10188266905303861,-0.0005316511813192593,0.0005110659656315658,0.0005106524307195468,0.9983848097347117,8.733487971870763e-09,-0.00015391154592952724,0.0018704905018959014,0.0018704905018959014,0.14193135310582544,1.0008098167895456,8.719381727116585e-09,0.8368219372825638,0.10210012123224904,0.006394789958333334,0.0009438684988581662,0.0023901862219823933,0.001119528467787581,0.005408704583333337,0.8376388347917737,0.10259283489929785,0.0008168975092098796,0.0004927136670488108,0.0004923330399972519,0.9984578742265758,4.915779308217675e-09,0.0015134549265096013,-0.004660200780663766,-0.004660200780663766,0.1204554439537879,1.0007731088930392,4.908198558250008e-09,0.8358666918937055,0.10170911090930346,0.0036904376666666654,-0.0005298169095079631,0.0016137723374029973,0.0009899180256187903,-0.0003055678083333374,0.8352710082777338,0.10266336430663504,-0.0005956836159717316,0.0009542533973315864,0.0009528230841012831,0.9970131054469011,-1.03651161780771e-08,0.00020821856413661864,-0.001702148187585589,-0.001702148187585589,0.1766625082469432,1.0015011320088372,-1.0334156669022565e-08]"
/multi_agv/m2b_algorithm_state,1789558486.9170253,1789558486.9170253,m2b_algorithm_state_v1:header6+3x20,"[1.0,-0.15,0.52,0.8380206428463565,0.10172733187169027,1789558486.916822,0.836385686553754,0.10137177204115458,0.0036904376666666654,0.001553406718738453,0.0010633936421721828,0.000373191218627161,0.0009860853749999966,0.8358650138924756,0.1017421537240126,-0.0005206726612784207,0.0003703816828580231,0.0003701642530614153,0.9988275616769539,4.5872777805922435e-09,-0.0002806765735366106,0.002384238206977767,0.002384238206977767,0.1419349617906818,1.0005873873417261,4.581899480323819e-09,0.8378204855744761,0.10210034726007194,0.006394789958333334,0.0009438905697977326,0.0023899468318310246,0.0011196434333221733,0.005408704583333337,0.8386606166461587,0.10259283489929785,0.0008401310716825705,0.0004924876392259081,0.0004921073618324671,0.9984585824446158,4.91138079697438e-09,0.0015422712014356802,-0.004762545973868992,-0.004762545973868992,0.12045770998594113,1.0007727529050268,4.903810308392747e-09,0.8368653377633671,0.10170927904566714,0.0036904376666666654,-0.0005297155169210204,0.00161359030271019,0.0009899687688888735,-0.0003055678083333374,0.8362630332755799,0.10235569695605502,-0.0006023044877871975,0.0006464179103878864,0.0006457600327122643,0.9979695401939317,-4.756479010740676e-09,-0.00010712057702173252,-0.00044005141744735224,-0.00044005141744735224,0.1766695562564232,1.0010187649317022,-4.746821171290959e-09]"
/multi_agv/m2b_algorithm_state,1789558486.9271202,1789558486.9271202,m2b_algorithm_state_v1:header6+3x20,"[1.0,-0.15,0.52,0.8390236666472507,0.10172749248520592,1789558486.9269514,0.8373825578246258,0.10137196753625301,0.0036904376666666654,0.0015531579551370232,0.001063259826095053,0.00037336865531930274,0.0009860853749999966,0.8370996109130548,0.10129128439258664,-0.000282946911570936,-8.068314366636853e-05,-8.069349669751243e-05,1.000256712645041,2.177156686244179e-10,-0.00043437713616118243,0.003131054334725984,0.003131054334725984,0.14194503069500022,0.999871699311994,2.1777155898957733e-10,0.8388172084406652,0.10210058991567435,0.006394789958333334,0.0009438891374255135,0.0023896967829263316,0.0011197741319522309,0.005408704583333337,0.8399298189446226,0.10201022447743753,0.0011126105039573897,-9.036543823681686e-05,-9.037829817773936e-05,1.000284718568194,1.654221667258274e-10,0.0013003848317689978,-0.0036303623337333325,-0.0036303623337333325,0.12046403246159598,0.9998577098575455,1.654692654882851e-10,0.8378621622737783,0.10170943816314346,0.0036904376666666654,-0.0005294855456012483,0.0016134163853309576,0.0009899595550247114,-0.0003055678083333374,0.8375017856102741,0.102603432554163,-0.0003603766635041916,0.0008939943910195453,0.0008927384471211074,0.9971998076962817,-9.092069407486058e-09,0.0004422676177408679,-0.0025078615926140842,-0.0025078615926140842,0.17668922250598923,1.001406844191026,-9.066609864706343e-09]"
/multi_agv/m2b_algorithm_state,1789558486.936965,1789558486.936965,m2b_algorithm_state_v1:header6+3x20,"[1.0,-0.15,0.52,0.8400210484647167,0.10172768862651084,1789558486.9368641,0.8383856339604748,0.10137206742568332,0.0036904376666666654,0.0015535400845934893,0.0010630628190182,0.0003733054925552032,0.0009860853749999966,0.8381319643529913,0.10176174454055965,-0.00025366960748351985,0.0003896771148763356,0.0003894364766303294,0.9987667577483929,5.078045605822585e-09,7.234946727592957e-05,0.0011207702276153629,0.0011207702276153629,0.1419330538859051,1.000617913987124,5.0717831454258966e-09,0.8398201648106021,0.10210077637705259,0.006394789958333334,0.000943953018286133,0.0023894944900543225,0.00111985167553999,0.005408704583333337,0.8409447504951386,0.10201022447743753,0.0011245856845365498,-9.055189961505727e-05,-9.056481266700245e-05,1.0002853059422736,1.6611666274043293e-10,0.0013151672930036848,-0.0036826726624440463,-0.0036826726624440463,0.12045651194414134,0.9998574164560726,1.6616405681142343e-10,0.838865201170675,0.10170963365288187,0.0036904376666666654,-0.000529739856856178,0.0016132196491117409,0.0009901721319613296,-0.0003055678083333374,0.8385531798418493,0.10310356013533149,-0.00031202132882568456,0.0013939264824496256,0.0013908846964668933,0.9956587938536425,-2.2106727073937678e-08,0.0010008580354347876,-0.004730016109909295,-0.004730016109909295,0.1766658299712476,1.0021869433105843,-2.2010757214488452e-08]"
/multi_agv/m2b_algorithm_state,1789558486.9469943,1789558486.9469943,m2b_algorithm_state_v1:header6+3x20,"[1.0,-0.15,0.52,0.8410184228132219,0.10172788477673649,1789558486.946864,0.8393830786052175,0.1013722557183592,0.0036904376666666654,0.0015533365136276016,0.00106292585354264,0.0003734649781048814,0.0009860853749999966,0.8391749489993745,0.10196676365157387,-0.00020812960584304374,0.0005945079332146663,0.0005939486971495147,0.9981228962678075,1.1816301476204642e-08,0.00033378668984571005,9.786991568866811e-05,9.786991568866811e-05,0.14194108152933166,1.0009415561778912,1.1794121052602946e-08,0.8408174659337565,0.10210101452181097,0.006394789958333334,0.0009439528419173809,0.002389252407119624,0.0011199776859003724,0.005408704583333337,0.8418529096304367,0.10146911657539526,0.0010354436966801828,-0.000631897946415716,-0.0006325293586503458,1.002003258807052,8.09232650414731e-09,0.0006617752621998827,-0.0011163475714054205,-0.0011163475714054205,0.12046155272811114,0.999001766122007,8.108537528486284e-09,0.8398626008551758,0.10170979563936237,0.0036904376666666654,-0.0005295517089468952,0.0016130473221901923,0.00099018021993948,-0.0003055678083333374,0.8396298533822829,0.10333515710088072,-0.00023274747289292463,0.0016253614615183432,0.0016212330478873095,0.994951421037508,-3.0041168508566157e-08,0.0013302987067711537,-0.006013893064104516,-0.006013893064104516,0.17668150895381532,1.0025464652576714,-2.9889503297225134e-08]"
/multi_agv/m2b_algorithm_state,1789558486.95713,1789558486.95713,m2b_algorithm_state_v1:header6+3x20,"[1.0,-0.15,0.52,0.8420230705874534,0.10172803582796897,1789558486.956936,0.8403805152947703,0.10137244221608314,0.0036904376666666654,0.0015531458981736927,0.0010627905864058805,0.00037361796453786963,0.0009860853749999966,0.8402340762549366,0.10208050244683185,-0.0001464390398336901,0.0007080602307487083,0.000707267646432649,0.9977672583008328,1.6757829674037977e-08,0.0005242188466405363,-0.0006318232671017913,-0.0006318232671017913,0.14194913658394917,1.0011206285485514,1.672041376893721e-08,0.8418147604993256,0.10210125274596946,0.006394789958333334,0.0009439488968333073,0.0023890130583107405,0.0011201039076989272,0.005408704583333337,0.8428619616500369,0.10146911657539526,0.00104720115071133,-0.000632136170574199,-0.0006327680580761907,1.002004012977024,8.098387939641716e-09,0.0006762333803129717,-0.0011674549266041342,-0.0011674549266041342,0.12046661055592464,0.9990013915937653,8.114617214165733e-09,0.8408599926455701,0.10170995936815684,0.0036904376666666654,-0.0005293774936254701,0.00161287579144484,0.000990193933148285,-0.0003055678083333374,0.8406652221763746,0.1034392250093185,-0.00019477046919547103,0.0017292656411616592,0.0017245962278101127,0.9946350817005819,-3.3991011680424534e-08,0.001481133141315774,-0.006601319529946132,-0.006601319529946132,0.17669724241307824,1.0027075400469103,-3.380865267984449e-08]"
/multi_agv/m2b_algorithm_state,1789558486.9670014,1789558486.9670014,m2b_algorithm_state_v1:header6+3x20,"[1.0,-0.15,0.52,0.8430219378571788,0.10172822349347073,1789558486.9669108,0.8413852105623517,0.10137251758902563,0.0036904376666666654,0.001553687380719503,0.001062580906776711,0.0003734923198562693,0.0009860853749999966,0.8407631980583734,0.10197401983240112,-0.0006220125039783087,0.0006015022433754902,0.0006009298035956894,0.9981009702783445,1.2098628948042798e-08,-0.00017658582637719643,0.0019106915117694646,0.0019106915117694646,0.14193140136361268,1.0009525900968392,1.2075653292079184e-08,0.8428193469231604,0.1021014250675523,0.006394789958333334,0.0009440225665612798,0.0023888290071211182,0.0011201677187500092,0.005408704583333337,0.8437043834439544,0.10197957687743084,0.0008850365207939692,-0.00012184819012146797,-0.00012187157695579506,1.0003840462098343,3.0081284861197904e-10,0.0009844240740366664,-0.00249437987950765,-0.00249437987950765,0.12045547425818302,0.9998081026363056,3.009283746463579e-10,0.841864654276848,0.10171016482732897,0.0036904376666666654,-0.0005297643880127884,0.0016126776951757241,0.0009904646881831753,-0.0003055678083333374,0.8412478589218159,0.10407482832086434,-0.0006167953550321181,0.0023646634935353683,0.002355974395630193,0.9927171008784832,-6.35758764644324e-08,0.0015849802018400453,-0.007274275626602657,-0.007274275626602657,0.1766626025033442,1.003688112197353,-6.311285976957992e-08]"
/multi_agv/m2b_algorithm_state,1789558486.9770243,1789558486.9770243,m2b_algorithm_state_v1:header6+3x20,"[1.0,-0.15,0.52,0.8440219794899279,0.10172840396925244,1789558486.9769201,0.842384136119402,0.10137268524713365,0.0036904376666666654,0.0015536158606146606,0.0010624327502086516,0.00037360038739267217,0.0009860853749999966,0.8418116597228632,0.10248399368365144,-0.0005724763965387902,0.0011113084365177855,0.0011093619781046506,0.9965117597406199,4.128112715194695e-08,0.00039376648243116276,-0.00035158359316740336,-0.00035158359316740336,0.14193416204304649,1.0017545746578231,4.113712866226294e-08,0.8438181389961998,0.10210165058979363,0.006394789958333334,0.0009440312962902091,0.002388603417062929,0.0011202812889687247,0.005408704583333337,0.8445863739934417,0.10005772307640204,0.0007682349972418789,-0.002043927513391594,-0.002050604772051702,1.0065843386778648,8.475321907459519e-08,-0.0010903110254993531,0.0057001612855476546,0.0057001612855476546,0.12045720779660751,0.9967437612790557,8.53112629730216e-08,0.8428635384559348,0.10171033464348489,0.0036904376666666654,-0.0005296875189649826,0.0016125052202586865,0.0009905210890374236,-0.0003055678083333374,0.8423065241120866,0.10423214485219293,-0.000557014343848139,0.0025218102087080363,0.002511939699227207,0.9922471348259091,-7.228765762195205e-08,0.0018156717694170332,-0.008175046257258995,-0.008175046257258995,0.1766679942811175,1.0039294372726646,-7.172722115865822e-08]"
/multi_agv/m2b_algorithm_state,1789558486.986982,1789558486.986982,m2b_algorithm_state_v1:header6+3x20,"[1.0,-0.15,0.52,0.8450211008040122,0.101728590300397,1789558486.986852,0.8433842332309104,0.10137283467003975,0.0036904376666666654,0.0015536639321277698,0.0010622739302089223,0.0003736621630693602,0.0009860853749999966,0.8428626074650835,0.10274381499701729,-0.0005216257658269274,0.0013709803269775361,0.0013680237994674323,0.9957094227095141,6.281683850270383e-08,0.000715991592183773,-0.0016199645144857173,-0.0016199645144857173,0.1419327591609183,1.002161166721847,6.254731800196402e-08,0.8448181090103626,0.10210186561433934,0.006394789958333334,0.0009440500378271096,0.002388388561304411,0.0011203849352606765,0.005408704583333337,0.8460390953188496,0.09918118410120572,0.0012209863084869932,-0.0029206815131336272,-0.00293440665129075,1.009502401704502,1.7316035204665675e-07,-0.0014081737656820087,0.007192553812712212,0.007192553812712212,0.12045632687557528,0.9953226870750564,1.7480579127109707e-07,0.8438635962285104,0.10171051162337826,0.0036904376666666654,-0.0005297052795259585,0.0016123296346994883,0.0009906201269055748,-0.0003055678083333374,0.8432882925874778,0.10349116257075366,-0.0005753036410325318,0.001780650947375409,0.0017757018802790298,0.9944789556983703,-3.606198526230846e-08,0.001056572328988365,-0.005109434822748032,-0.005109434822748032,0.17666525435515898,1.0027871047225572,-3.5862885444070543e-08]"
/multi_agv/m2b_algorithm_state,1789558486.9968572,1789558486.9968572,m2b_algorithm_state_v1:header6+3x20,"[1.0,-0.15,0.52,0.8460163468857455,0.10172880048423129,1789558486.996759,0.8443834113134994,0.10137299839348617,0.0036904376666666654,0.0015536163337324066,0.0010621261522269386,0.0003737596645202231,0.0009860853749999966,0.844243721664469,0.10308721121000974,-0.00013968964903032788,0.0017142128165235776,0.0017096026516323862,0.9946562527072138,9.817941244060606e-08,0.0015349905903444764,-0.004703843408438331,-0.004703843408438331,0.14193461920242703,1.0026966294693034,9.765476647116923e-08,0.8458171571178623,0.10210208915538571,0.006394789958333334,0.0009440560796704703,0.0023881689415505836,0.0011204965649661003,0.005408704583333337,0.8470302840044819,0.09918118410120572,0.0012131268866195644,-0.0029209050541799952,-0.0029346322751993958,1.0095031244556008,1.731878160570169e-07,-0.0014182236669249403,0.007227958651805643,0.007227958651805643,0.12045749485891771,0.9953223369294307,1.7483364142720044e-07,0.8448627339806747,0.10171068335231916,0.0036904376666666654,-0.0005296536089261865,0.001612159288931176,0.0009906863430072846,-0.0003055678083333374,0.8446915010546419,0.10399304936581465,-0.00017123292603282714,0.0022823660134954904,0.00227426618429766,0.9929639718678456,-5.921871750215554e-08,0.002060225026756626,-0.008935471947254213,-0.008935471947254213,0.17666888713228326,1.0035615132712936,-5.8802052939860263e-08]"
/multi_agv/m2b_algorithm_state,1789558487.0068862,1789558487.0068862,m2b_algorithm_state_v1:header6+3x20,"[1.0,-0.15,0.52,0.8470162480769675,0.10172898163503497,1789558487.0067835,0.8453787212427548,0.1013732194986089,0.0036904376666666654,0.001553190344671919,0.0010620200345393457,0.0003739995143987344,0.0009860853749999966,0.8452600687438749,0.10259319301841102,-0.00011865249887987872,0.0012199735198021172,0.0012176297465689185,0.9961754454236125,4.9731199121731874e-08,0.00106931412296907,-0.002810247250512205,-0.002810247250512205,0.1419502204576071,1.001924865288322,4.9540999436541613e-08,0.8468123214520986,0.10210234759219113,0.006394789958333334,0.000944016444834838,0.002387923699059491,0.001120641323879512,0.005408704583333337,0.8482888582849377,0.10080567087858475,0.0014765368328391038,-0.001296676713606379,-0.0012993488971294047,1.004141860013726,3.4092990704050295e-08,0.000546322143919475,-0.00040546866714791545,-0.00040546866714791545,0.12046729112010712,0.9979434441904486,3.423419909899573e-08,0.8458579979623829,0.10171083436189383,0.0036904376666666654,-0.0005293174608101878,0.0016120048064757267,0.0009906209955616412,-0.0003055678083333374,0.8457738429216715,0.1047124903674732,-8.41550407114644e-05,0.0030016560055793617,0.002987723022638124,0.99082279692221,-1.0230569682021027e-07,0.0028825292217487934,-0.012231083453333716,-0.012231083453333716,0.1766993595554823,1.0046634118476403,-1.0136681666447639e-07]"
/multi_agv/m2b_algorithm_state,1789558487.0170126,1789558487.0170126,m2b_algorithm_state_v1:header6+3x20,"[1.0,-0.15,0.52,0.8480208971291804,0.10172913341831637,1789558487.01693,0.8463786767002855,0.10137336706725646,0.0036904376666666654,0.0015532506999496724,0.0010618673750187432,0.0003740527611425038,0.0009860853749999966,0.846216538701308,0.10202751405026768,-0.00016213799897757397,0.0006541469830112223,0.0006534702338351078,0.9979360239113128,1.4304485889103966e-08,0.00045079773511314035,-0.0003457546640901071,-0.0003457546640901071,0.141949315299169,1.001035623569482,1.4274961772267891e-08,0.8478121531905891,0.10210256378448414,0.006394789958333334,0.0009440239793455747,0.0023877153408645713,0.0011207464483475316,0.005408704583333337,0.8492853855172888,0.1001015800160947,0.0014732323266997138,-0.0020009837683894333,-0.0020073812299800705,1.0064427865017016,8.122597529957532e-08,-0.00016584082160542822,0.002423167214816293,0.002423167214816293,0.12046672276728988,0.9968130310799507,8.174929691682297e-08,0.8468579143400281,0.10171101405336429,0.0036904376666666654,-0.0005293555850264032,0.0016118328121913338,0.0009907269924531985,-0.0003055678083333374,0.8468373256921738,0.10453206779004319,-2.058864785425829e-05,0.0028210537366789024,0.002808730001423128,0.9913570381263254,-9.038386146799424e-08,0.002782994191605305,-0.011785423966262795,-0.011785423966262795,0.17669759148376207,1.0043876539395138,-8.960267719933087e-08]"
/multi_agv/m2b_algorithm_state,1789558487.0270298,1789558487.0270298,m2b_algorithm_state_v1:header6+3x20,"[1.0,-0.15,0.52,0.8490200255337689,0.10172932007579787,1789558487.0268526,0.8473833700754343,0.10137344371569351,0.0036904376666666654,0.0015537756391761615,0.001061666361074676,0.00037392977987108747,0.0009860853749999966,0.8471765466955488,0.10182272700297805,-0.00020682337988553456,0.00044928328728453815,0.0004489635515366154,0.9985791072544102,6.751061432392368e-09,0.0001904343266796972,0.0006741912672621651,0.0006741912672621651,0.14193157550281538,1.0007121641541465,6.741468898178051e-09,0.8488167448864329,0.10210273696333123,0.006394789958333334,0.0009440824040808553,0.0023875432717573863,0.0011208106350445723,0.005408704583333337,0.8500062056589751,0.09891738652227611,0.001189460772542228,-0.0031853504410551264,-0.0032017083160051614,1.0103943635148034,2.0600645720656343e-07,-0.0017148823503273765,0.008380805083665245,0.008380805083665245,0.1204555836039697,0.9948908915692717,2.0814776320916524e-07,0.8478625764256741,0.10171121957592438,0.0036904376666666654,-0.0005297506200795418,0.0016116448110612136,0.0009909960251286917,-0.0003055678083333374,0.8477236169413754,0.10419193501516202,-0.0001389594842986508,0.0024807154392376407,0.0024711611264370326,0.9923699641079761,-6.996109310594961e-08,0.002297461771063719,-0.009880444747200203,-0.009880444747200203,0.17666294258841173,1.003866325306915,-6.9427287454506e-08]"
/multi_agv/m2b_algorithm_state,1789558487.0369782,1789558487.0369782,m2b_algorithm_state_v1:header6+3x20,"[1.0,-0.15,0.52,0.850019957580173,0.10172950173154409,1789558487.03688,0.8483825531231253,0.1013736085860125,0.0036904376666666654,0.0015537138528074691,0.0010615241038796743,0.0003740305596145962,0.0009860853749999966,0.848268612678759,0.10248667209938764,-0.00011394044436630058,0.0011130635133751315,0.001111110952584778,0.9965063646845821,4.141400428351519e-08,0.0009686853971269023,-0.0024012180676822163,-0.0024012180676822163,0.14193341034570722,1.0017573049620394,4.1269318855597436e-08,0.8498158026757847,0.1021029608405776,0.006394789958333334,0.0009440790488612575,0.002387331426047634,0.0011209222943391745,0.005408704583333337,0.8509848932143009,0.09886664024826829,0.0011690905385162154,-0.0032363205923093136,-0.003253212611251509,1.0105667266817147,2.1265789271755039e-07,-0.00179184943810624,0.00867217007418611,0.00867217007418611,0.12045673578047263,0.9948075883870076,2.1490499054660613e-07,0.8488617208023965,0.10171139080080352,0.0036904376666666654,-0.0005297014477147134,0.0016114813315266045,0.0009910597525810139,-0.0003055678083333374,0.8488422973254951,0.1050934424926832,-1.942347690142565e-05,0.0033820516918796756,0.003364414957220511,0.9897050952324934,-1.2993512221606879e-07,0.0033401356110937287,-0.014062301931366322,-0.014062301931366322,0.1766665261678251,1.0052421401293896,-1.2859745250690003e-07]"
/multi_agv/m2b_algorithm_state,1789558487.0472183,1789558487.0472183,m2b_algorithm_state_v1:header6+3x20,"[1.0,-0.15,0.52,0.8510210412351302,0.10172967629646551,1789558487.0470831,0.849382537745472,0.10137376086384318,0.0036904376666666654,0.0015537337964507893,0.001061375017120936,0.000374099464882371,0.0009860853749999966,0.8493324355231472,0.10248743788092449,-5.010222232482153e-05,0.001113677017081302,0.0011117223163987508,0.996504470752176,4.1460155318422484e-08,0.001049094538492724,-0.0026880507376582925,-0.0026880507376582925,0.14193239602098798,1.0017582634203863,4.131523013288761e-08,0.8508156667549689,0.10210317744623659,0.006394789958333334,0.0009440818693707883,0.0023871275243874113,0.001121027144077566,0.005408704583333337,0.8521250947389325,0.10017717606113383,0.001309427983963607,-0.0019260013851027658,-0.0019319249533573625,1.0061960428756125,7.525320297529307e-08,-0.0002951399734028538,0.002845945694644149,0.002845945694644149,0.12045609884016222,0.9969338517811976,7.571947504745515e-08,0.8498616682400784,0.10171156688455243,0.0036904376666666654,-0.0005297177435814216,0.00161131617678556,0.0009911527298423206,-0.0003055678083333374,0.8499459289464271,0.10492721717079447,8.426070634870442e-05,0.0032156502862420305,0.0031996861245269614,0.9901928434309181,-1.174821456361713e-07,0.003305012007462842,-0.013853294805676323,-0.013853294805676323,0.17666454510230967,1.0049892899158754,-1.1632997983984567e-07]"
/multi_agv/m2b_algorithm_state,1789558487.0570612,1789558487.0570612,m2b_algorithm_state_v1:header6+3x20,"[1.0,-0.15,0.52,0.8520208766415885,0.10172985872342215,1789558487.0569527,0.8503836712065089,0.10137389608851848,0.0036904376666666654,0.001553863975569563,0.0010612153879974158,0.00037412607084684425,0.0009860853749999966,0.8502411198800034,0.1013394496584453,-0.0001425513265055356,-3.4446430073178935e-05,-3.444831644384648e-05,1.0001095391620582,3.970013412508521e-11,-0.00021263747457576598,0.0023241341742618908,0.0023241341742618908,0.14192729901277015,0.9999452405556417,3.970448284451087e-11,0.8518166858397641,0.10210338368151219,0.006394789958333334,0.0009440951567796785,0.002386933813901315,0.001121122155140028,0.005408704583333337,0.8530516735709328,0.10044467601244504,0.0012349877311687019,-0.0016587076690671443,-0.0016630922576547993,1.005319993470347,5.580594409299978e-08,-0.00011935759369392199,0.002107734667855056,0.002107734667855056,0.1204528981933207,0.9973635926885752,5.610283135118109e-08,0.850862766659118,0.10171174911936587,0.0036904376666666654,-0.0005298210262018985,0.0016111483748078755,0.0009912847901194085,-0.0003055678083333374,0.8509046835556265,0.10355557321165129,4.191689650856478e-05,0.0018438240922854232,0.0018385202755016922,0.9942873167301648,-3.8672594587771397e-08,0.0018909163961373981,-0.008119980777483958,-0.008119980777483958,0.17665459055776475,1.0028848290956616,-3.8451670303668716e-08]"
/multi_agv/m2b_algorithm_state,1789558487.0670755,1789558487.0670755,m2b_algorithm_state_v1:header6+3x20,"[1.0,-0.15,0.52,0.8530196975612129,0.1017300473856831,1789558487.0669696,0.8513835583745863,0.1013740513439804,0.0036904376666666654,0.001553859331447182,0.0010610701541023944,0.00037420362990129,0.0009860853749999966,0.8509264728711909,0.09998214031019947,-0.00045708550339540466,-0.001391911033780932,-0.0013950228691765945,1.004494805171914,6.488289497648209e-08,-0.0019663797484208503,0.009123270127070558,0.009123270127070558,0.14192662735371908,0.9977693301920568,6.517453094839114e-08,0.8528164541571349,0.10210360136107512,0.006394789958333334,0.0009440927212294517,0.0023867325466393474,0.0011212279129589192,0.005408704583333337,0.8539991855758889,0.09965325359634963,0.0011827314187540239,-0.002450347764725483,-0.0024599738102066056,1.00792975356174,1.2184850572116414e-07,-0.0009815595367640758,0.005492026038126896,0.005492026038126896,0.120452476421496,0.996086931722125,1.2281473434339925e-07,0.8518626173930441,0.10171192346521091,0.0036904376666666654,-0.000529824495648428,0.0016109873610942078,0.0009913700535072777,-0.0003055678083333374,0.851815735682364,0.1043928615372382,-4.688171068012448e-05,0.0026809380720272946,0.0026697963602455837,0.9917731687585737,-8.170907092761881e-08,0.002611194221895428,-0.011101594971155484,-0.011101594971155484,0.17665327882759022,1.0041732440524738,-8.103686419020356e-08]"
/multi_agv/m2b_algorithm_state,1789558487.0770495,1789558487.0770495,m2b_algorithm_state_v1:header6+3x20,"[1.0,-0.15,0.52,0.8540170095974758,0.1017302451755115,1789558487.076962,0.852382432573379,0.10137422178677152,0.0036904376666666654,0.0015537528525400184,0.0010609369582058829,0.000374319068911957,0.0009860853749999966,0.8520785358994559,0.1015021356705782,-0.0003038966739230542,0.000127913883806674,0.0001278879038549131,0.99959398663618,5.473406118905343e-10,-0.00025198293854890465,0.002391111419842889,0.002391111419842889,0.1419295521613863,1.0002031462787162,5.471183842875454e-10,0.8538152061793921,0.10210382818913018,0.006394789958333334,0.0009440766346634974,0.002386525854537691,0.001121342410341175,0.005408704583333337,0.8549278760348106,0.09888034849404172,0.0011126698554184689,-0.0032234796950884603,-0.003240236110893466,1.0105231548688594,2.1097060587812847e-07,-0.0018493987916203799,0.008868751317800372,0.008868751317800372,0.12045431306036604,0.9948286435828947,2.131906822365611e-07,0.8528614539308675,0.10171209218114766,0.0036904376666666654,-0.0005297534237853016,0.00161083169247026,0.0009914202252643586,-0.0003055678083333374,0.8529765717757449,0.10566851206498598,0.00011511784487738819,0.003956419883838325,0.0039323899867359765,0.9880364657470254,-1.7775420282354362e-07,0.004076287292832712,-0.016997729201092857,-0.016997729201092857,0.1766589909570891,1.006110761441109,-1.7562763432945395e-07]"
/multi_agv/m2b_algorithm_state,1789558487.08713,1789558487.08713,m2b_algorithm_state_v1:header6+3x20,"[1.0,-0.15,0.52,0.8550202333683498,0.10173040607317614,1789558487.0870404,0.8533798003857479,0.10137441378430204,0.0036904376666666654,0.0015535034766885566,0.0010608209435071236,0.00037448751153794043,0.0009860853749999966,0.8532056133857124,0.10240752682435743,-0.00017418700003546395,0.0010331130400553917,0.0010314299051350584,0.9967543886858227,3.567530477243439e-08,0.0008136961550907285,-0.0018120398083400677,-0.0018120398083400677,0.14193782682816652,1.0016318461506242,3.555951659962825e-08,0.8548124464403711,0.10210406845360892,0.006394789958333334,0.0009440410889886737,0.0023863105286858755,0.0011214698342922602,0.005408704583333337,0.8562456008576073,0.09979987208791567,0.0014331544172361266,-0.002304196365693248,-0.002312698894566552,1.0074444226950372,1.0773028573882818e-07,-0.0005212558730213939,0.0038084225062812197,0.0038084225062812197,0.12045950902572827,0.9963235469635585,1.0853227552292516e-07,0.8538587819663085,0.10171225328862354,0.0036904376666666654,-0.0005295766873457887,0.0016106827884264496,0.0009914210760771304,-0.0003055678083333374,0.8540234394269798,0.10473742676971949,0.0001646574606712914,0.003025173481095947,0.0030110241333876817,0.9907535811373186,-1.0396344199476721e-07,0.003216845959226796,-0.013442092671698285,-0.013442092671698285,0.17667515198979442,1.004699181102991,-1.030021524636775e-07]"
/multi_agv/m2b_algorithm_state,1789558487.097207,1789558487.097207,m2b_algorithm_state_v1:header6+3x20,"[1.0,-0.15,0.52,0.8560188003475216,0.10173059611406661,1789558487.0970194,0.8543830678081531,0.10137451471515826,0.0036904376666666654,0.0015538532804658524,0.0010606449819304804,0.00037442741381855634,0.0009860853749999966,0.8541010067957248,0.10187454928196052,-0.00028206101242833626,0.0005000345668022543,0.0004996386741457067,0.9984195379573315,8.362487748695053e-09,0.00014706240861028634,0.0008054818320487234,0.0008054818320487234,0.14192514235190498,1.000792357911894,8.34927115422596e-09,0.8558156136010598,0.10210425492564226,0.006394789958333334,0.00094406790793365,0.002386140698130035,0.0011215465573983646,0.005408704583333337,0.8572343338589622,0.09979987208791567,0.0014187202579023506,-0.00230438283772659,-0.002312886733392815,1.0074450221589795,1.0775070555577127e-07,-0.0005394864110148767,0.0038727176852677036,0.0038727176852677036,0.12045154390461198,0.9963232545963241,1.0855291194627965e-07,0.8548620186958366,0.1017124485787279,0.0036904376666666654,-0.0005298594774991289,0.0016105123471573286,0.0009916323201144672,-0.0003055678083333374,0.8549894116990332,0.10371220553475777,0.00012739300319664082,0.0019997569560298717,0.0019935255769703876,0.9938153188762939,-4.5488230052435764e-08,0.0021527668309661886,-0.009130603318195329,-0.009130603318195329,0.1766503786855248,1.0031258084327939,-4.520689985467966e-08]"
/multi_agv/m2b_algorithm_state,1789558487.1070783,1789558487.1070783,m2b_algorithm_state_v1:header6+3x20,"[1.0,-0.15,0.52,0.8570157802084722,0.10173079567295575,1789558487.1068935,0.8553816871014537,0.10137468901458119,0.0036904376666666654,0.001553715055034759,0.0010605187169092645,0.0003745530086334181,0.0009860853749999966,0.8550150314087835,0.1006626392349097,-0.000366655692670137,-0.0007120497796714864,-0.0007128599574393153,1.0022817448057109,1.6970136106060244e-08,-0.0011711795732769865,0.006020550899875344,0.006020550899875344,0.14192896735955507,0.9988634825685271,1.7008857625972453e-08,0.8568141129555149,0.10210448385049493,0.006394789958333334,0.000944042269713328,0.002385937823979778,0.0011216632092849732,0.005408704583333337,0.8582789662331599,0.09988725139566532,0.0014648532776450063,-0.002217232454829618,-0.0022251000705502113,1.0071563752594164,9.974620621279107e-08,-0.0003940334734939535,0.003322380371326206,0.003322380371326206,0.12045394583323434,0.9964641519611979,1.0046002749515293e-07,0.8558606009855964,0.10171261547712371,0.0036904376666666654,-0.0005297729871251307,0.0016103623529733335,0.000991672856793197,-0.0003055678083333374,0.8560608939109856,0.10446621918726601,0.00020029292538925603,0.0027536037101422994,0.002741856454645878,0.991557324320584,-8.618511544700281e-08,0.002992222611382448,-0.012502537580810087,-0.012502537580810087,0.17665784883825308,1.0042844166683185,-8.545748246889074e-08]"
/multi_agv/m2b_algorithm_state,1789558487.117022,1789558487.117022,m2b_algorithm_state_v1:header6+3x20,"[1.0,-0.15,0.52,0.8580184382974938,0.10173095972225704,1789558487.1169598,0.856378721937997,0.1013748857163163,0.0036904376666666654,0.0015534283829700467,0.001060410423908564,0.0003747336012985736,0.0009860853749999966,0.8560074165795122,0.10125589018304157,-0.00037130535848484136,-0.00011899553327472667,-0.00011901805864606434,1.0003787623235145,4.736601238821494e-10,-0.0005831497567521161,0.003676265191380646,0.003676265191380646,0.14193841971340299,0.9998107398860817,4.738395284912272e-10,0.8578110221468919,0.10210472681173137,0.006394789958333334,0.0009439963233119665,0.0023857258152589766,0.001121793416326844,0.005408704583333337,0.8592744691505779,0.09988725139566532,0.001463447003686058,-0.002217475416066053,-0.0022253447447457436,1.0071571556926586,9.976311721229498e-08,-0.000396035990138171,0.0033294937924328817,0.0033294937924328817,0.12045988131615798,0.9964637709737914,1.0047713737456833e-07,0.8568575965405277,0.1017127744908196,0.0036904376666666654,-0.0005295765007848484,0.0016102192719435818,0.0009916621177236086,-0.0003055678083333374,0.8572081734104654,0.10560504262123564,0.0003505768699376688,0.0038922681304160434,0.0038689999934082104,0.988221828873906,-1.7198707895195135e-07,0.004307221080830296,-0.017795647652006957,-0.017795647652006957,0.17667630998867448,1.006013992516794,-1.6996138570457822e-07]"
/multi_agv/m2b_algorithm_state,1789558487.127084,1789558487.127084,m2b_algorithm_state_v1:header6+3x20,"[1.0,-0.15,0.52,0.8590180235731141,0.10173114300178303,1789558487.1269534,0.8573814233503207,0.10137499457030326,0.0036904376666666654,0.001553719758077463,0.0010602446848843915,0.000374693512914409,0.0009860853749999966,0.8574919833759012,0.10250004627776929,0.00011056002558040845,0.0011250517074660321,0.0011230570792436644,0.996469286003517,4.231042903888288e-08,0.001261257111219175,-0.0034495154737598068,-0.0034495154737598068,0.1419277405085504,1.001776070209816,4.21610430148781e-08,0.858813624195581,0.1021049180338022,0.006394789958333334,0.0009440100289756599,0.002385557694261853,0.0011218749346355028,0.005408704583333337,0.8606310658968886,0.09963411495897648,0.0018174417013075983,-0.0024708030748257226,-0.0024805918476055048,1.0079976579074794,1.2388140800199338e-07,-0.00020878972097100688,0.0027815945461274966,0.0027815945461274966,0.12045317543148437,0.9960538559419878,1.248721691242902e-07,0.8578602673465795,0.10171296656266564,0.0036904376666666654,-0.0005298234251819227,0.0016100554182222337,0.0009918543884860024,-0.0003055678083333374,0.858432863652652,0.10441198555435088,0.000572596306072537,0.0026990189916852453,0.0026877282068538135,0.9917195262481138,-8.281323573375181e-08,0.0034034735894444847,-0.013949187808973553,-0.013949187808973553,0.17665545280714862,1.0042008655498125,-8.212750290894972e-08]"
/multi_agv/m2b_algorithm_state,1789558487.1370184,1789558487.1370184,m2b_algorithm_state_v1:header6+3x20,"[1.0,-0.15,0.52,0.8600149585035307,0.10173134242087854,1789558487.1368837,0.8583810574970742,0.10137515245504836,0.0036904376666666654,0.0015536834882714564,0.0010601121332414632,0.0003747781837874745,0.0009860853749999966,0.8586168184913545,0.10316047813908163,0.00023576099428035402,0.0017853256840332787,0.0017803279332262833,0.9944392569228862,1.0649216084228523e-07,0.002075029176076726,-0.006666543143730939,-0.006666543143730939,0.14192795558727506,1.002807207994506,1.0589998529611459e-07,0.8598131462879133,0.10210513725053656,0.006394789958333334,0.0009439887947009194,0.002385368144397604,0.0011219827462605747,0.005408704583333337,0.8616223579880687,0.09963411495897648,0.0018092117001554664,-0.002471022291560085,-0.002480812788637461,1.007998363713,1.239004979686017e-07,-0.0002192981634431281,0.002818645859586603,0.002818645859586603,0.12045331048846493,0.996053512331838,1.2489149921557638e-07,0.8588598669343548,0.1017131392997642,0.0036904376666666654,-0.0005298231239553382,0.0016099058385367175,0.000991932069847024,-0.0003055678083333374,0.8594228709892671,0.10431662943840278,0.000563004054912275,0.0026034901386385867,0.0025929768285686346,0.9920038447544741,-7.706022982102161e-08,0.0032967318972089783,-0.01351927451382285,-0.01351927451382285,0.1766558728319257,1.0040545329808273,-7.644404426011682e-08]"
/multi_agv/m2b_algorithm_state,1789558487.1470585,1789558487.1470585,m2b_algorithm_state_v1:header6+3x20,"[1.0,-0.15,0.52,0.8610117317149472,0.10173154233965272,1789558487.1469166,0.8593780460445882,0.10137534963170554,0.0036904376666666654,0.001553386510136299,0.0010600084684634567,0.0003749608363555531,0.0009860853749999966,0.8596335416760253,0.1029698522506754,0.0002554956314371193,0.0015945026189698591,0.001590510363962006,0.9950227844022751,8.493968712408288e-08,0.001909879903258405,-0.0059856563937520655,-0.0059856563937520655,0.14193756711023214,1.002510046522368,8.451692398846302e-08,0.8608100123020568,0.10210538013837933,0.006394789958333334,0.0009439360768803825,0.002385161395578206,0.001122113152502352,0.005408704583333337,0.862696538836653,0.10037577654545127,0.0018865265345962001,-0.001729603592928064,-0.0017343734345983,1.0055516888983909,6.067044715216201e-08,0.0006237847336469501,-0.00048294510065736073,-0.00048294510065736073,0.12045934594576783,0.9972498185367209,6.100727060007708e-08,0.8598568171639471,0.10171329749255077,0.0036904376666666654,-0.000529627028268856,0.0016097675388831896,0.000991919013005626,-0.0003055678083333374,0.8605212978034609,0.10494167198503383,0.0006644806395137426,0.0032283744924830604,0.0032122856878171653,0.9901557167243028,-1.1839137402026948e-07,0.004042886487209343,-0.01650802029304017,-0.01650802029304017,0.1766746447436927,1.005008522351207,-1.1722589579701493e-07]"
/multi_agv/m2b_algorithm_state,1789558487.1569903,1789558487.1569903,m2b_algorithm_state_v1:header6+3x20,"[1.0,-0.15,0.52,0.8620128960868031,0.10173171465998547,1789558487.1568918,0.8603748727508675,0.10137554640191716,0.0036904376666666654,0.0015530922296689222,0.001059908035639467,0.0003751406384807502,0.0009860853749999966,0.8601819968186901,0.10189834827643973,-0.0001928759321774276,0.0005228018745225688,0.0005223691906834938,0.9983480282310548,9.136668414412538e-09,0.0002812742754617093,0.0003170703274529543,0.0003170703274529543,0.14194775342885863,1.0008283104110884,9.121574896129715e-09,0.8618067171422086,0.10210562396627239,0.006394789958333334,0.0009438783493816907,0.0023849562817845893,0.0011222448798589718,0.005408704583333337,0.863356199640124,0.1008456771096257,0.001549482497915422,-0.001259946856646682,-0.001262468983821681,1.0040226807988688,3.218291791261229e-08,0.0006743841385725966,-0.0008748476020273089,-0.0008748476020273089,0.12046574208157963,0.9980022264251087,3.231237951855093e-08,0.860853605251765,0.10171345665076864,0.0036904376666666654,-0.0005294361402334957,0.001609630213861785,0.0009919077065770488,-0.0003055678083333374,0.8616420479605363,0.10572346429014096,0.0007884427087713197,0.004010007639372315,0.003985332966628954,0.987882167514063,-1.824839107576745e-07,0.004970886352593104,-0.020243923997535492,-0.020243923997535492,0.1766945407151823,1.006191370445073,-1.8027260129573432e-07]"
/multi_agv/m2b_algorithm_state,1789558487.1670537,1789558487.1670537,m2b_algorithm_state_v1:header6+3x20,"[1.0,-0.15,0.52,0.8630140041504962,0.10173188729921566,1789558487.1669588,0.8613760815002149,0.10137567464596985,0.0036904376666666654,0.001553248614728765,0.001059763536089919,0.0003751480154355136,0.0009860853749999966,0.8611988024275188,0.10249327948843684,-0.00017727907269615706,0.0011176048424669932,0.0011156364393000678,0.9964923909758505,4.1739600468543845e-08,0.0008940375984298715,-0.0021377571726417504,-0.0021377571726417504,0.14194236909538624,1.0017643769041464,4.1593194269275986e-08,0.8628078246659369,0.10210582763045399,0.006394789958333334,0.0009438660969463683,0.002384785737401307,0.0011223389114055626,0.005408704583333337,0.8643820983627123,0.10062050329511116,0.00157427369677543,-0.001485324335342833,-0.001488835461095103,1.004754384159836,4.473248526007698e-08,0.0004790066598741845,-8.247321406706161e-05,-8.247321406706161e-05,0.1204623612160192,0.9976416965850025,4.494516067942759e-08,0.8618547820942575,0.10171364170353257,0.0036904376666666654,-0.000529591616245289,0.0016094769547621082,0.0009920548264249329,-0.0003055678083333374,0.8622030770378768,0.10433249358590554,0.00034829494361932056,0.0026188518823729717,0.0026082154592560183,0.991958140100568,-7.793714579196057e-08,0.003043584138780169,-0.012619879246222121,-0.012619879246222121,0.17668402382611217,1.0040780461902434,-7.731038618454003e-08]"
/multi_agv/m2b_algorithm_state,1789558487.1769688,1789558487.1769688,m2b_algorithm_state_v1:header6+3x20,"[1.0,-0.15,0.52,0.8640136322680765,0.10173206903258741,1789558487.176858,0.8623772335230733,0.10137580527837281,0.0036904376666666654,0.0015533850482422821,0.0010596207622421746,0.0003751631429991572,0.0009860853749999966,0.862373307838171,0.10370412236499142,-3.92568490226175e-06,0.0023283170866186115,0.0023198520638042564,0.992792993641679,1.8101200972217983e-07,0.0023149449576764292,-0.007786663430340492,-0.007786663430340492,0.14193718482836665,1.0036489494077796,1.797074550171796e-07,0.8638088761823068,0.10210603170512697,0.006394789958333334,0.0009438521277513462,0.002384616095431502,0.0011224332177339619,0.005408704583333337,0.8653823188906095,0.10062050329511116,0.0015734427083026192,-0.0014855284100158128,-0.001489040496364919,1.0047550352672134,4.474408037626983e-08,0.00047776288901335497,-7.800285376850097e-05,-7.800285376850097e-05,0.12045910590035314,0.9976413762032126,4.495684005645803e-08,0.8628559027461089,0.10171382491414717,0.0036904376666666654,-0.0005297342792380676,0.0016093261571414955,0.0009921951118353417,-0.0003055678083333374,0.8632173039355668,0.1048780562770912,0.00036140118945793276,0.0031642313629440255,0.003148768071038314,0.9903442431573217,-1.1376189311155364e-07,0.0036005195578607298,-0.014888157037737692,-0.014888157037737692,0.17667389809728007,1.0049109021550173,-1.1266343593370572e-07]"
/multi_agv/m2b_algorithm_state,1789558487.1870577,1789558487.1870577,m2b_algorithm_state_v1:header6+3x20,"[1.0,-0.15,0.52,0.8650163559027796,0.1017322313397988,1789558487.186922,0.8633769080171234,0.10137595947167553,0.0036904376666666654,0.0015533623786436945,0.0010594945712180553,0.0003752386101845721,0.0009860853749999966,0.8635220448291067,0.10488580209272926,0.00014513681198324857,0.0035098426210537215,0.0034907787027403303,0.989282180091371,4.109629307942812e-07,0.003672199717719391,-0.013237350311003628,-0.013237350311003628,0.14193724802292237,1.005461222247754,4.0655830411290573e-07,0.8648084446193681,0.1021062490481877,0.006394789958333334,0.0009438205500539101,0.0023844370538749216,0.0011225400468008462,0.005408704583333337,0.8663638420010529,0.09995651388623071,0.0015553973816847533,-0.0021497351619569893,-0.0021571270981711223,1.006933057781582,9.37387573252293e-08,-0.00021288037106518068,0.0026543892396751925,0.0026543892396751925,0.12045914558677163,0.9965732495686509,9.438865354613881e-08,0.8638555441677379,0.10171399857789902,0.0036904376666666654,-0.0005297580913450656,0.0016091830278311473,0.000992279890324469,-0.0003055678083333374,0.8643505919653911,0.1055405507345975,0.000495047797653192,0.0038265521566984845,0.0038040521700816615,0.9884120868860456,-1.6629307772750154e-07,0.004422861917148151,-0.018178137963433233,-0.018178137963433233,0.17667402153893433,1.0059147418623178,-1.643660879913432e-07]"
/multi_agv/m2b_algorithm_state,1789558487.1975656,1789558487.1975656,m2b_algorithm_state_v1:header6+3x20,"[1.0,-0.15,0.52,0.8660170353749517,0.10173240641186619,1789558487.1973505,0.8643796714155608,0.10137606694430952,0.0036904376666666654,0.001553644191356153,0.0010593374691219449,0.0003751981741806408,0.0009860853749999966,0.8642245057089893,0.10291755336657826,-0.00015516570657148065,0.0015414864222687424,0.0015377537681191503,0.9951854063029755,7.94011984554419e-08,0.0013437966349047995,-0.003939639182095594,-0.003939639182095594,0.14192633664306725,1.0024273418976288,7.901891394582214e-08,0.8658111166852847,0.10210643804908262,0.006394789958333334,0.0009438214736366048,0.0023842823475151986,0.0011226201278514841,0.005408704583333337,0.8674264385099711,0.10069494237425819,0.0016153218246864887,-0.0014114956748244312,-0.0014146646301563704,1.004514245342569,4.039209565255576e-08,0.0006044876507017404,-0.0005591093304398078,-0.0005591093304398078,0.12045229387050255,0.9977599246744517,4.057443548223191e-08,0.8648582796074933,0.10171418902600424,0.0036904376666666654,-0.0005300163116625949,0.001609029840565334,0.0009924715091801399,-0.0003055678083333374,0.8654418180226018,0.10479800859624944,0.0005835384151084977,0.0030838195702452,0.003069123276660445,0.9905809470643921,-1.0811731305091023e-07,0.003798546295546067,-0.015558573413326376,-0.015558573413326376,0.176652711095221,1.0047884337838477,-1.0709895035602801e-07]"
/multi_agv/m2b_algorithm_state,1789558487.2073562,1789558487.2073562,m2b_algorithm_state_v1:header6+3x20,"[1.0,-0.15,0.52,0.8670165560635041,0.10173258847507542,1789558487.2072177,0.865380394198927,0.1013762079267122,0.0036904376666666654,0.001553700007811081,0.001059202814722781,0.00037524402283481374,0.0009860853749999966,0.8651048386734537,0.10119327360565905,-0.0002755555254733144,-0.000182934321053152,-0.00018298758132193865,1.0005826913856668,1.119666249381267e-09,-0.0005274319881635816,0.00350714182496703,0.00350714182496703,0.1419226728452065,0.9997089405280846,1.1203186692596032e-09,0.8668117398918057,0.10210664562425137,0.006394789958333334,0.0009437991016759718,0.002384113550562006,0.0011227176371555597,0.005408704583333337,0.8685360100230323,0.10104925452694434,0.0017242701312265574,-0.0010573910973070283,-0.0010591647159644382,1.003368168739531,2.266180692413628e-08,0.0010961729480687586,-0.0024588823306079173,-0.0024588823306079173,0.12044999314627819,0.9983254553039046,2.2738135713799444e-08,0.8658589720341224,0.10171436568463497,0.0036904376666666654,-0.0005301043227887718,0.001608887007592737,0.000992583961734554,-0.0003055678083333374,0.8662819923132551,0.10382729760254897,0.0004230202791326576,0.0021129319179139933,0.0021059814349335647,0.9934739508591293,-5.080145418657968e-08,0.0026347567838493867,-0.010908949152779082,-0.010908949152779082,0.17664555589531178,1.003300353395873,-5.046992140013036e-08]"
/multi_agv/m2b_algorithm_state,1789558487.2171664,1789558487.2171664,m2b_algorithm_state_v1:header6+3x20,"[1.0,-0.15,0.52,0.8680093399565196,0.10173281152552442,1789558487.216975,0.8663799600338908,0.10137636685718099,0.0036904376666666654,0.0015536341491677488,0.001059081544200069,0.00037533565141426267,0.0009860853749999966,0.8661216837025508,0.10288816761928518,-0.0002582763313400127,0.001511800762104193,0.0015082096947329076,0.9952765431980122,7.637351773369115e-08,0.0011853642805578918,-0.003360263882122626,-0.003360263882122626,0.1419231168565085,1.0023810133191864,7.601277072186021e-08,0.867811202011139,0.10210686347128149,0.006394789958333334,0.0009437623182199772,0.002383937842904582,0.0011228249886182373,0.005408704583333337,0.8695394183082146,0.10104925452694434,0.0017282162970755355,-0.0010576089443371517,-0.001059383291566046,1.0033688610494043,2.2670242897128985e-08,0.0011008870797783734,-0.002475491456691943,-0.002475491456691943,0.12045027197013289,0.9983251130700095,2.2746615795405655e-08,0.8668585061454827,0.10171453509676376,0.0036904376666666654,-0.0005301018608920116,0.001608750263120868,0.0009926540300449222,-0.0003055678083333374,0.8673037278658752,0.10434700440846276,0.00044522172039251906,0.0026324693116989983,0.002621723234784823,0.9919176894714778,-7.882451146698033e-08,0.0031782503852754718,-0.013109516227739856,-0.013109516227739856,0.1766464230104768,1.0040988601586915,-7.818742728804515e-08]"
/multi_agv/m2b_algorithm_state,1789558487.2271252,1789558487.2271252,m2b_algorithm_state_v1:header6+3x20,"[1.0,-0.15,0.52,0.8690127236975704,0.1017329682246501,1789558487.2269812,0.8673728018619665,0.10137662542778449,0.0036904376666666654,0.0015529103874595642,0.0010590311240628245,0.0003756756032799759,0.0009860853749999966,0.8674238300743702,0.10441362014229558,5.1028212403658735e-05,0.0030369947145110904,0.0030226700202887523,0.9906756035588181,3.07712316072659e-07,0.0030864552857933257,-0.010898764275114183,-0.010898764275114183,0.14194744619285543,1.0047390863462395,3.0484308444776325e-07,0.8688039118010034,0.10210714137742789,0.006394789958333334,0.0009436494693147238,0.0023837155334515137,0.0011229895557104408,0.005408704583333337,0.8704231320652489,0.09909064786418269,0.0016192202642455467,-0.0030164935132452053,-0.003031143489610082,1.0098240451631366,1.8463610977820915e-07,-0.0010071181593031488,0.005824312666255538,0.005824312666255538,0.12046554916194867,0.9951668482818142,1.8644998325941612e-07,0.8678513062065887,0.10171466777136086,0.0036904376666666654,-0.0005296006714146941,0.0016086396555057454,0.0009924943201786184,-0.0003055678083333374,0.8685759509481801,0.10523581967045056,0.0007246447415913959,0.0035211518990897056,0.0035020557340318752,0.9892993512091258,-1.4079921178307205e-07,0.0044078616610211206,-0.01796771608576472,-0.01796771608576472,0.1766939405939085,1.0054528444171404,-1.392925688677495e-07]"
/multi_agv/m2b_algorithm_state,1789558487.2370365,1789558487.2370365,m2b_algorithm_state_v1:header6+3x20,"[1.0,-0.15,0.52,0.87001532235907,0.10173312992076834,1789558487.2369282,0.8683762222803688,0.10137671869855963,0.0036904376666666654,0.0015532769856006477,0.0010588728412248552,0.000375599030122589,0.0009860853749999966,0.8685320346375384,0.1039038289262274,0.0001558123571695491,0.0025271102276677726,0.0025171531867692423,0.9921955552799616,2.1319393333502265e-07,0.0027119186332311787,-0.009304768284798703,-0.009304768284798703,0.14193419281373293,1.0039556753839485,2.115300730676619e-07,0.8698072483538243,0.10210732272765917,0.006394789958333334,0.0009436487585187184,0.002383573968761765,0.0011230635090272029,0.005408704583333337,0.8714133653220292,0.09909064786418269,0.001606116968204896,-0.0030166748634764817,-0.0030313265856533847,1.0098246319800068,1.8465804042085335e-07,-0.0010236803753972648,0.005882550104765159,0.005882550104765159,0.12045722711673185,0.9951665642869869,1.8647223771013746e-07,0.868854700458518,0.1017148632477315,0.0036904376666666654,-0.0005299335027177964,0.0016084884101897684,0.0009927172704353084,-0.0003055678083333374,0.8695974181083977,0.1049006421953475,0.000742717649879765,0.0031857789476159998,0.0031701071388401236,0.990281043461117,-1.1535747955473877e-07,0.00409850420118983,-0.01668634230372615,-0.01668634230372615,0.1766680543637613,1.0049436211741443,-1.1423632522451118e-07]"
/multi_agv/m2b_algorithm_state,1789558487.2471018,1789558487.2471018,m2b_algorithm_state_v1:header6+3x20,"[1.0,-0.15,0.52,0.8710140691475964,0.10173331545594631,1789558487.2469237,0.8693788586437573,0.10137682738611523,0.0036904376666666654,0.001553535525726703,0.0010587237164269674,0.0003755645324675426,0.0009860853749999966,0.869479739866694,0.10241673786298539,0.00010088122293672175,0.0010399104768701595,0.001038205264366367,0.9967333945060387,3.61464746718975e-08,0.0011643067930372693,-0.003064364052237162,-0.003064364052237162,0.14192372492286515,1.001642461815904,3.602839839914695e-08,0.8708097980808127,0.10210751123851616,0.006394789958333334,0.0009436393608711693,0.0023834271652286576,0.0011231439532434495,0.005408704583333337,0.8726123081905699,0.10003900995504923,0.0018025101097571827,-0.002068501283466931,-0.0020753407970194584,1.0066648282379835,8.676645950809612e-08,0.00017779684017702,0.0012416811727884857,0.0012416811727884857,0.12045065381321593,0.9967043901597509,8.734474305753553e-08,0.8698573103526395,0.10171505113767365,0.0036904376666666654,-0.0005301857106689589,0.00160834318808817,0.0009929021398920974,-0.0003055678083333374,0.8704660067602313,0.10392945532424497,0.0006086964075918688,0.002214404186571317,0.002206776058779772,0.9931685657144117,-5.580223394738017e-08,0.002967646568269608,-0.012149339550316496,-0.012149339550316496,0.17664761052431957,1.0034566841348473,-5.5421024653179615e-08]"
/multi_agv/m2b_algorithm_state,1789558487.25748,1789558487.25748,m2b_algorithm_state_v1:header6+3x20,"[1.0,-0.15,0.52,0.8720130827822311,0.10173349888021059,1789558487.2573736,0.8703776502790189,0.10137699643754153,0.0036904376666666654,0.0015533913839812833,0.0010586157543209349,0.0003756831714081888,0.0009860853749999966,0.8703415102401632,0.10118041409939084,-3.6140038855769774e-05,-0.0001965823381506887,-0.000196643847646765,1.0006262539949755,1.2927170722206191e-09,-0.0002418188962164772,0.0024996561100534744,0.0024996561100534744,0.14192691241387856,0.9996872035570277,1.2935266414514703e-09,0.8718084868637318,0.10210773454735077,0.006394789958333334,0.0009435867776194928,0.0023832531484059283,0.0011232572742133629,0.005408704583333337,0.8736125860463512,0.10003900995504923,0.0018040991826193675,-0.002068724592301535,-0.0020755655735770198,1.0066655445325439,8.678028302103734e-08,0.00017955840469718962,0.001235520704039422,0.001235520704039422,0.12045265542491718,0.9967040399192519,8.735872086206083e-08,0.8708560703000388,0.10171521538294664,0.0036904376666666654,-0.0005301329114874025,0.0016082148980880017,0.0009929459908352856,-0.0003055678083333374,0.8715923807751713,0.1048322485163464,0.0007363104751325622,0.0031170331333997547,0.0031020225869509725,0.990483278796873,-1.104797584983869e-07,0.004022410680866675,-0.01637864357785264,-0.01637864357785264,0.17665383554060224,1.0048389545943106,-1.0942835343816895e-07]"
/multi_agv/m2b_algorithm_state,1789558487.2671907,1789558487.2671907,m2b_algorithm_state_v1:header6+3x20,"[1.0,-0.15,0.52,0.8730124742290771,0.10173367952745667,1789558487.267053,0.8713767078113701,0.10137716013779839,0.0036904376666666654,0.0015532802594800102,0.0010585064526062783,0.00037578819540984255,0.0009860853749999966,0.8714215698950264,0.10181573794164675,4.486208365628297e-05,0.00043857780384835843,0.00043827311449404693,0.9986128653098045,6.431055481690205e-09,0.0004943507190644006,-0.00040201842950326637,-0.00040201842950326637,0.14192915401425324,1.000695204301234,6.422134741536981e-09,0.8728074438390113,0.10210795494079483,0.006394789958333334,0.0009435349152355707,0.0023830831703406385,0.0011233681817527513,0.005408704583333337,0.8743401718698597,0.09745655178376468,0.0015327280308483626,-0.004651403157030151,-0.004686669276912118,1.0154296184764908,4.3940670975825353e-07,-0.002770759238351665,0.012674728143437166,0.012674728143437166,0.12045406304839866,0.9924752275447091,4.461865876458335e-07,0.8718550966963119,0.10171538156203852,0.0036904376666666654,-0.0005301076017760115,0.0016080865727967526,0.0009930017759608267,-0.0003055678083333374,0.8727424713668276,0.10547697912143722,0.0008873746705156949,0.0037615975593986994,0.0037398445667802473,0.9886004544096435,-1.6080852513846142e-07,0.004849062904924865,-0.019677678298878072,-0.019677678298878072,0.17665821338170376,1.005816549920731,-1.5897538102482755e-07]"
/multi_agv/m2b_algorithm_state,1789558487.277227,1789558487.277227,m2b_algorithm_state_v1:header6+3x20,"[1.0,-0.15,0.52,0.8740132798952037,0.10173385101559845,1789558487.2771094,0.8723761419762347,0.10137731713925631,0.0036904376666666654,0.00155321065036237,0.0010583946003241296,0.00037587655072981964,0.0009860853749999966,0.8726144273384276,0.10275255424577044,0.00023828536219294705,0.0013752371065141322,0.0013722624686253566,0.9956965732748161,6.318759469527209e-08,0.0016701191713665404,-0.005025840725916086,-0.005025840725916086,0.14193005626069885,1.002167688730681,6.291567151156036e-08,0.8738067802058326,0.10210817142348447,0.006394789958333334,0.0009434852132944871,0.0023829179302663483,0.0011234756880834085,0.005408704583333337,0.8753051398664776,0.09745655178376468,0.0014983596606450433,-0.004651619639719787,-0.004686888997547158,1.0154303296349536,4.3942408596186425e-07,-0.0028139394217408537,0.012825469692397408,0.012825469692397408,0.12045462960979875,0.9924748894531471,4.46204544457794e-07,0.8728545005051641,0.10171555001962922,0.0036904376666666654,-0.0005301161874040699,0.0016079579407717827,0.000993072413202063,-0.0003055678083333374,0.8737839340539193,0.10543716132365316,0.0009294335487551875,0.0037216113040239446,0.0037003118678205485,0.9887164482693893,-1.5741515397029052e-07,0.004862103803764533,-0.019703891908104256,-0.019703891908104256,0.17665997548227771,1.0057561192040663,-1.556389519372847e-07]"
/multi_agv/m2b_algorithm_state,1789558487.2871635,1789558487.2871635,m2b_algorithm_state_v1:header6+3x20,"[1.0,-0.15,0.52,0.8750121981134047,0.10173403390440998,1789558487.2870948,0.8733769871165579,0.10137745228280012,0.0036904376666666654,0.00155328178304711,0.0010582693807299915,0.0003759108527919743,0.0009860853749999966,0.8736387172171974,0.10186914266230357,0.0002617301006395678,0.0004916903795034455,0.0004913075803665998,0.9984458259983788,8.082688420895957e-09,0.0008184702061660596,-0.0015789343632791946,-0.0015789343632791946,0.1419259449056646,1.0007791435592346,8.070126516688997e-09,0.8748075348361006,0.10210837463926094,0.006394789958333334,0.0009434493805629846,0.0023827648226906195,0.001123570870987467,0.005408704583333337,0.8759364908176177,0.09773960896594179,0.0011289559815170769,-0.004368765673319147,-0.004399809754403383,1.0144460712278998,3.8752645517747625e-07,-0.0029886147775070367,0.01332287953717847,0.01332287953717847,0.1204520478722371,0.99294422195115,3.931246899516656e-07,0.8738553177329528,0.10171572612473428,0.0036904376666666654,-0.0005302341653901786,0.0016078253263273994,0.0009931925400979576,-0.0003055678083333374,0.874679021330038,0.10473206300821124,0.0008237035970852791,0.0030163368834769527,0.003002269799007471,0.9907800945842166,-1.0348435101593897e-07,0.00403189929536407,-0.01636180442854868,-0.01636180442854868,0.1766519460167027,1.0046854831215144,-1.0253023508755828e-07]"
/multi_agv/m2b_algorithm_state,1789558487.2971656,1789558487.2971656,m2b_algorithm_state_v1:header6+3x20,"[1.0,-0.15,0.52,0.8760123251129772,0.10173420883012728,1789558487.2970572,0.8743759480904502,0.10137761643794606,0.0036904376666666654,0.0015531578612257113,0.0010581649495311485,0.0003760188905231245,0.0009860853749999966,0.8740647244741913,0.10009636484203224,-0.0003112236162589044,-0.0012812515959138154,-0.00128388597813094,1.0041320928582083,5.4946550756994216e-08,-0.0016729154984545704,0.008038969848080705,0.008038969848080705,0.14192852474393816,0.9979481182425876,5.517359500696037e-08,0.8758063979037447,0.10210859457749365,0.006394789958333334,0.0009433915311332719,0.0023825993710199223,0.0011236820192510044,0.005408704583333337,0.8769065676766598,0.09773960896594179,0.0011001697729150495,-0.004368985611551857,-0.004400032778308332,1.014446791846228,3.8754137302435717e-07,-0.00302482056216452,0.013449408289381584,0.013449408289381584,0.12045366789465013,0.9929438783025585,3.9314010257224147e-07,0.8748542483460193,0.10171589069779023,0.0036904376666666654,-0.0005302054375987742,0.0016077015415825735,0.0009932444817355702,-0.0003055678083333374,0.8755543618630891,0.10530783985215474,0.0007001135170697781,0.0035919491543645043,0.0035720884449485604,0.9890933031599981,-1.466765494787908e-07,0.0044472303412857826,-0.018146016683312078,-0.018146016683312078,0.1766569844188687,1.0055599713506618,-1.4507679282008807e-07]"
/multi_agv/m2b_algorithm_state,1789558487.307251,1789558487.307251,m2b_algorithm_state_v1:header6+3x20,"[1.0,-0.15,0.52,0.8770103344694459,0.10173439645615201,1789558487.3070598,0.8753761150269904,0.10137776131411096,0.0036904376666666654,0.0015531580903779055,0.0010580493335721189,0.0003760789312392929,0.0009860853749999966,0.8749463847651945,0.09868778174834801,-0.0004297302617959353,-0.0026899795657629455,-0.0027017155875549547,1.0088141310055512,2.424235368592913e-07,-0.003238878414799874,0.014139231875044657,0.014139231875044657,0.1419268193454778,0.9956560853977119,2.4456028967199815e-07,0.8768064733463948,0.10210880303627343,0.006394789958333334,0.0009433450796672033,0.0023824447002528393,0.001123782618438457,0.005408704583333337,0.877765582065593,0.09639355729609589,0.0009591087191981318,-0.005715245740177538,-0.005768916291929121,1.0191856152613574,6.636734211641401e-07,-0.004570030392931457,0.019350962224141337,0.019350962224141337,0.12045259699037376,0.9906965972401661,6.764064040817841e-07,0.8758543869655464,0.10171606213999744,0.0036904376666666654,-0.0005302734652872531,0.0016075743125416103,0.0009933401554315336,-0.0003055678083333374,0.8766208994588073,0.10515711866473941,0.0007665124932608736,0.00344105652474197,0.003422808424837382,0.98953329066602,-1.346448072582704e-07,0.004380949041413474,-0.017830748815951418,-0.017830748815951418,0.1766536537998147,1.0053313237668142,-1.3323551919736833e-07]"
/multi_agv/m2b_algorithm_state,1789558487.3173406,1789558487.3173406,m2b_algorithm_state_v1:header6+3x20,"[1.0,-0.15,0.52,0.8780119394570597,0.10173456123244624,1789558487.317191,0.8763741680668716,0.10137793792058161,0.0036904376666666654,0.0015529459287563561,0.0010579568807600683,0.0003762189870162437,0.0009860853749999966,0.8761559265622991,0.10105386865350716,-0.0002182415045725028,-0.00032406926707445605,-0.0003242365848872772,1.0010338708369444,3.5123865781603687e-09,-0.0005970384656029057,0.0038156742921799935,0.0038156742921799935,0.1419326213882654,0.9994839638072326,3.5160179322116035e-09,0.877804426550693,0.10210903016156365,0.006394789958333334,0.0009432738817675822,0.0023822762437414324,0.001123901116234935,0.005408704583333337,0.8787235388281626,0.09639355729609589,0.000919112277469547,-0.005715472865467766,-0.0057691476119813255,1.019186368765997,6.636754749548454e-07,-0.004620257265144392,0.01952555839031822,0.01952555839031822,0.12045624036221478,0.9906962431673462,6.764089973582773e-07,0.876852408790773,0.10171622128631076,0.0036904376666666654,-0.0005301816153471775,0.0016074564531435584,0.00099336165343242,-0.0003055678083333374,0.877560182762881,0.10400237455943728,0.0007077739721079723,0.0022861532731265205,0.002278027391980902,0.9929531403509,-5.947297676426014e-08,0.0031627448571158673,-0.012882707678203686,-0.012882707678203686,0.1766649852865833,1.0035670691117338,-5.905387904408821e-08]"
/multi_agv/m2b_algorithm_state,1789558487.327351,1789558487.327351,m2b_algorithm_state_v1:header6+3x20,"[1.0,-0.15,0.52,0.8790116930818991,0.10173473725164135,1789558487.3272564,0.8773758091961154,0.10137805859745376,0.0036904376666666654,0.001553099539764657,0.0010578285137668787,0.0003762191749202002,0.0009860853749999966,0.8777049977645237,0.10315545025427257,0.0003291885684083562,0.0017773916568188108,0.0017724381253928475,0.9944636870418523,1.0550730254754897e-07,0.0021839238359032927,-0.007052286181665968,-0.007052286181665968,0.14192567621604996,1.0027947556278534,1.0492318110127576e-07,0.87880598486068,0.10210922409021167,0.006394789958333334,0.000943240181620386,0.002382136210860697,0.001123988573296264,0.005408704583333337,0.8801749651446656,0.09821801827386023,0.001368980283985688,-0.0038912058163514396,-0.00391574494832001,1.0127979184324196,3.0727454314215133e-07,-0.0022045195933379,0.01038808953628879,0.01038808953628879,0.12045187915482129,0.9937332149329341,3.112070176816436e-07,0.8778540243143839,0.10171640100967332,0.0036904376666666654,-0.0005303707053038119,0.0016073259526083357,0.000993511505524942,-0.0003055678083333374,0.8787898820276213,0.10321751407034388,0.0009358577132374535,0.0015011130606705642,0.0014975886909904693,0.9953311382842838,-2.5664994268016206e-08,0.002667410832537286,-0.010727786726782509,-0.010727786726782509,0.17665142130996947,1.0023533629101886,-2.554516795884419e-08]"
/multi_agv/m2b_algorithm_state,1789558487.3374674,1789558487.3374674,m2b_algorithm_state_v1:header6+3x20,"[1.0,-0.15,0.52,0.8800112940304526,0.10173491376311022,1789558487.337355,0.8783756021724113,0.10137820858643179,0.0036904376666666654,0.0015530551618275325,0.0010577204683038573,0.0003762946133029823,0.0009860853749999966,0.8787774191600229,0.10281656035552497,0.0004018169876116584,0.0014383517690931824,0.0014350994295984794,0.9955023694500499,6.911012163941382e-08,0.0019373706641130524,-0.0060094637091232025,-0.0060094637091232025,0.14192529450792152,1.002266281644062,6.879928984501763e-08,0.8798056876632508,0.10210943446956082,0.006394789958333334,0.0009431853614261607,0.002381983744055627,0.0011240916537583467,0.005408704583333337,0.8811527755095533,0.09821801827386023,0.0013470878463024416,-0.0038914161957005894,-0.003915957950744047,1.012798604685622,3.0728965422343687e-07,-0.002232098142865995,0.010484651332168403,0.010484651332168403,0.12045163944750571,0.9937328859624771,3.1122253303182417e-07,0.8788537894100348,0.1017165686989315,0.0036904376666666654,-0.0005304105600731327,0.0016072044783454423,0.000993591973675928,-0.0003055678083333374,0.879758431974205,0.10264388015595713,0.0009046425641702216,0.0009273114570256258,0.0009259606300421669,0.9970968386445055,-9.798914812700607e-09,0.002056763835254944,-0.0082740840831001,-0.0082740840831001,0.17665067581135463,1.00145883846422,-9.770466981890592e-09]"
/multi_agv/m2b_algorithm_state,1789558487.3473275,1789558487.3473275,m2b_algorithm_state_v1:header6+3x20,"[1.0,-0.15,0.52,0.8810091607112444,0.10173510049351024,1789558487.347199,0.8793752423479756,0.10137836046055275,0.0036904376666666654,0.0015529948404544333,0.0010576152603238628,0.0003763754866368649,0.0009860853749999966,0.8796407119739427,0.10084038068632677,0.00026546962596707413,-0.0005379797742259829,-0.0005384416215767245,1.0017204612323594,9.681345748404282e-09,-0.00020660458911788185,0.002526705329297498,0.002526705329297498,0.14192545398582643,0.999142251764659,9.698002128441478e-09,0.8808052379806636,0.10210964569944245,0.006394789958333334,0.0009431273738071773,0.0023818318506325653,0.0011241958089966697,0.005408704583333337,0.8823468373871344,0.10012815333092559,0.001541599406470806,-0.0019814923685168573,-0.0019877642752476384,1.0063780106999736,7.957201673276162e-08,-6.076501715913084e-05,0.0020432646006361206,0.0020432646006361206,0.12045173960501555,0.9968447432077931,8.007952790690165e-08,0.879853401762719,0.10171673512933548,0.0036904376666666654,-0.0005304401449676278,0.0016070849095575716,0.0009936669989872643,-0.0003055678083333374,0.8807332810198725,0.1021272585802627,0.000879879257153493,0.0004105234509272221,0.00041025766734959055,0.998707165620806,-1.921260945999749e-09,0.0015101067387914568,-0.006084015207251955,-0.006084015207251955,0.17665098731275425,1.0006478454853718,-1.9187770737973577e-09]"
/multi_agv/m2b_algorithm_state,1789558487.3573782,1789558487.3573782,m2b_algorithm_state_v1:header6+3x20,"[1.0,-0.15,0.52,0.8820106735650164,0.10173526399666583,1789558487.3573167,0.88037315126466,0.10137853772516262,0.0036904376666666654,0.0015527641592370956,0.0010575292406636901,0.00037652022371872343,0.0009860853749999966,0.8804894209581909,0.10060454483421793,0.00011626969353095706,-0.0007739928909446803,-0.0007749505574394589,1.002481850956505,2.0039343667800784e-08,-0.0006296134405257626,0.004129151924790279,0.004129151924790279,0.1419317617600101,0.9987642224583424,2.008907833205045e-08,0.8818030504097852,0.10210987201221058,0.006394789958333334,0.0009430487588995362,0.0023816690956229847,0.0011243145561010415,0.005408704583333337,0.8831604263378539,0.10033609811549063,0.001357375928068616,-0.0017737738967199546,-0.0017787918464177773,1.005695972149391,6.374937583894968e-08,-8.207193633200734e-05,0.0020261835491820084,0.0020261835491820084,0.12045570056529534,0.9971790124246812,6.41124905082694e-08,0.8808512804592875,0.10171689174315751,0.0036904376666666654,-0.0005303417973634111,0.0016069730136813246,0.0009936825783952233,-0.0003055678083333374,0.8816978364583475,0.10164801974528907,0.000846555999060028,-6.887199786843878e-05,-6.887950573375123e-05,1.0002180806852201,-5.4083045840692326e-11,0.0009893154930912837,-0.0040105741049538055,-0.0040105741049538055,0.17666330636674712,0.9998910000117965,-5.4094840308388054e-11]"
/multi_agv/m2b_algorithm_state,1789558487.3672538,1789558487.3672538,m2b_algorithm_state_v1:header6+3x20,"[1.0,-0.15,0.52,0.8830099750499825,0.10173544091100493,1789558487.367165,0.88137469871921,0.1013786581304742,0.0036904376666666654,0.0015529052617090575,0.0010574067862706192,0.0003765227581208142,0.0009860853749999966,0.8812193773585248,0.10221880811355888,-0.00015532136068518998,0.0008401499830846815,0.0008390353107376621,0.9973549420474508,2.3586867294180156e-08,0.0006448836098811746,-0.001122283991715223,-0.001122283991715223,0.14192514327545022,1.0013285166103907,2.352447866326796e-08,0.8828045186183866,0.10211006459794143,0.006394789958333334,0.000943008224715082,0.002381535160110859,0.0011244018038267939,0.005408704583333337,0.8841810601936748,0.10028115186057637,0.0013765415752882149,-0.0018289127373650599,-0.0018342497241300125,1.0058766901913923,6.777385140607707e-08,-0.00011357275501974393,0.002161707781288006,0.002161707781288006,0.12045154448705575,0.9970903706868574,6.817213733386803e-08,0.8818528033574523,0.10171706926158187,0.0036904376666666654,-0.0005305288747749072,0.001606848221943652,0.0009938285885547986,-0.0003055678083333374,0.8821899431214603,0.10073275464977957,0.0003371397640079543,-0.0009843146118023033,-0.0009858588373945166,1.003149358898345,-1.1057838678330585e-08,-0.0005644341323845737,0.0019077785650834628,0.0019077785650834628,0.17665038050173812,0.9984336240305005,-1.1092663780968648e-08]"
/multi_agv/m2b_algorithm_state,1789558487.3772733,1789558487.3772733,m2b_algorithm_state_v1:header6+3x20,"[1.0,-0.15,0.52,0.8840096991347498,0.10173561466542695,1789558487.377164,0.8823740387406065,0.1013788131172015,0.0036904376666666654,0.0015528136682419307,0.0010573083360230877,0.00037661367166316956,0.0009860853749999966,0.8824336972682423,0.10384034772123932,5.9658527635786385e-05,0.002461534604037821,0.002452083164181401,0.9923925734263863,2.0222088678822075e-07,0.002526656323726134,-0.008609810051944982,-0.008609810051944982,0.14192636438780382,1.00385445322348,2.0068250624032832e-07,0.883803770435166,0.10211027681925185,0.006394789958333334,0.00094294269724585,0.0023813861555503912,0.0011245077247407365,0.005408704583333337,0.88517824844669,0.10028115186057637,0.0013744780115240163,-0.0018291249586754738,-0.0018344631773276666,1.0058773693969634,6.778481431714776e-08,-0.00011636566292264625,0.0021715867580597674,0.0021715867580597674,0.1204523112942109,0.9970900377188442,6.818321071039421e-08,0.8828521159741751,0.10171723279656146,0.0036904376666666654,-0.0005305401298791152,0.0016067337090180118,0.0009938930385625308,-0.0003055678083333374,0.8831777487860422,0.10110860497637847,0.0003256328118670382,-0.0006086278201829914,-0.0006092165414450501,1.0019390461139237,-4.226718970555884e-09,-0.0002021755266112524,0.00045899469079367693,0.00045899469079367693,0.17665276527581286,0.9990336420270826,-4.234914773550388e-09]"
/multi_agv/m2b_algorithm_state,1789558487.387305,1789558487.387305,m2b_algorithm_state_v1:header6+3x20,"[1.0,-0.15,0.52,0.8850082134317168,0.10173579538187655,1789558487.3872504,0.8833738001093261,0.10137896091092057,0.0036904376666666654,0.0015527660230121552,0.001057206751990768,0.00037668716533143464,0.0009860853749999966,0.8834768891354092,0.10384034772123932,0.0001030890260831363,0.0024613868103187525,0.0024519365138576704,0.9923930327447964,2.0219028631980617e-07,0.002580797796461591,-0.008803629195299555,-0.008803629195299555,0.14192608739058687,1.0038542174349425,2.0065223143245117e-07,0.8848034464750739,0.10211048458478972,0.006394789958333334,0.0009428802937761372,0.0023812420209725627,0.0011246097580883407,0.005408704583333337,0.886157767748065,0.09979380639368815,0.0013543212729910659,-0.0023166781911015677,-0.002325273152542319,1.007485159112603,1.0876439606560497e-07,-0.0006323715613034868,0.004203915615814497,0.004203915615814497,0.12045213734121189,0.9963036766534914,1.095785148759422e-07,0.8838518508198492,0.10171739850057053,0.0036904376666666654,-0.0005305866890652571,0.001606618771035846,0.0009939730128716252,-0.0003055678083333374,0.8841934972569072,0.10110860497637847,0.00034164643705802966,-0.0006087935241920611,-0.0006093825654824613,1.001939573331187,-4.2293892150603775e-09,-0.00018232451915992424,0.0003887026575300145,0.0003887026575300145,0.17665222428024657,0.9990333801395618,-4.237592425589119e-09]"
/multi_agv/m2b_algorithm_state,1789558487.3971412,1789558487.3971412,m2b_algorithm_state_v1:header6+3x20,"[1.0,-0.15,0.52,0.8860093980028919,0.10173595892342892,1789558487.3970704,0.8843723536678892,0.10137912638395952,0.0036904376666666654,0.00155259840554753,0.0010571188766898216,0.0003768055318296821,0.0009860853749999966,0.8836279931803694,0.1015731857253154,-0.0007443604875198018,0.00019405934135588443,0.00019399957927406568,0.9993845369444203,1.258747465703906e-09,-0.0007364510301256865,0.004081409483248697,0.004081409483248697,0.14193009921128377,1.0003080526362087,1.2579727531424608e-09,0.8858019103421105,0.10211070266960423,0.006394789958333334,0.0009428032425829336,0.0023810907311812013,0.0011247218631830341,0.005408704583333337,0.8871044193499104,0.09949043075029108,0.0013025090077998236,-0.002620271919313147,-0.0026312924399824354,1.0084951457188711,1.3915459907601727e-07,-0.001003156180232656,0.00563972747539367,0.00563972747539367,0.12045465657740889,0.9958117461587195,1.4033673767261912e-07,0.8848503762851506,0.10171755709206591,0.0036904376666666654,-0.00053054354185525,0.0016065096071372197,0.000994011098789633,-0.0003055678083333374,0.8851180969755151,0.10004054246315017,0.0002677206903645146,-0.0016770146289157434,-0.00168152061731264,1.005407895463817,-3.211364358874649e-08,-0.0013468697543569967,0.004972883620864668,0.004972883620864668,0.1766600593498179,0.997320289534066,-3.228731081623671e-08]"
/multi_agv/m2b_algorithm_state,1789558487.4072597,1789558487.4072597,m2b_algorithm_state_v1:header6+3x20,"[1.0,-0.15,0.52,0.8870109953732745,0.10173611954074774,1789558487.4071414,0.8853735717936515,0.10137925021594883,0.0036904376666666654,0.001552701725239805,0.0010570045980829988,0.00037682019096325014,0.0009860853749999966,0.8845501148354439,0.10102033900825438,-0.0008234569582076245,-0.0003589112076944484,-0.00035911648799098235,1.0011454583971853,4.307648489584256e-09,-0.001388437685750513,0.006636702795229962,0.006636702795229962,0.1419246446250537,0.9994283740696999,4.312582721718772e-09,0.8868030516447637,0.10211089585111552,0.006394789958333334,0.0009427538949665307,0.0023809609256153497,0.0011248107830597598,0.005408704583333337,0.8880985445514198,0.10050796598848558,0.0012954929066560927,-0.0016029298626299426,-0.0016070223777968178,1.0051373247573452,5.20380986409687e-08,1.2343755523298167e-05,0.0016167622439576734,0.0016167622439576734,0.12045123135308598,0.9974533552093496,5.230543525344212e-08,0.8858515705702605,0.10171773070322244,0.0036904376666666654,-0.000530708746971136,0.0016063914073935152,0.0009941441990204023,-0.0003055678083333374,0.8856314282510556,0.09988579706025884,-0.0002201423192049745,-0.0018319336429636068,-0.0018373168803240416,1.0059178062372294,-3.8336719663603874e-08,-0.0021124947793302595,0.007739165315495662,0.007739165315495662,0.17664940665219633,0.9970700550253011,-3.856358894234406e-08]"
/multi_agv/m2b_algorithm_state,1789558487.4172642,1789558487.4172642,m2b_algorithm_state_v1:header6+3x20,"[1.0,-0.15,0.52,0.8880077926686128,0.10173630948361873,1789558487.4171548,0.8863752014538877,0.10137936885443256,0.0036904376666666654,0.0015528339163146665,0.001056887090134229,0.0003768240151727298,0.0009860853749999966,0.8856568897374255,0.1023883864237404,-0.0007183117164621944,0.001009017569307838,0.0010074118457043396,0.9968294300472748,3.4015741806531655e-08,0.00010952220012659664,0.0007071172330741938,0.0007071172330741938,0.14191772725737112,1.0015939097900677,3.3907892517640204e-08,0.8878046071241668,0.10211108481494961,0.006394789958333334,0.0009427085395073819,0.0023808352526764054,0.0011248958226056233,0.005408704583333337,0.8891736232583316,0.10122605721081615,0.0013690161341648466,-0.000885027604133462,-0.0008862684222471372,1.0028134424216497,1.585533055510313e-08,0.0008250017454589211,-0.0015797802245809509,-0.0015797802245809509,0.12044688745769226,0.9985999522463758,1.5899938614696135e-08,0.8868531775417694,0.10171790495286104,0.0036904376666666654,-0.0005308973528157916,0.0016062736049982096,0.0009942872360138764,-0.0003055678083333374,0.8866589453870204,0.10058023250898199,-0.0001942321547490078,-0.0011376724438790509,-0.0011397377130437285,1.0036463250390537,-1.4783658132564157e-08,-0.0013825279064799882,0.004867356190459922,0.004867356190459922,0.17663589777521568,0.9981879434706411,-1.4837564155381736e-08]"
/multi_agv/m2b_algorithm_state,1789558487.427403,1789558487.427403,m2b_algorithm_state_v1:header6+3x20,"[1.0,-0.15,0.52,0.8890080266172361,0.10173647733389096,1789558487.4272141,0.887372040130751,0.10137956067647352,0.0036904376666666654,0.0015524796173954723,0.0010568202999676978,0.0003770123335750271,0.0009860853749999966,0.887336430118189,0.10309356659922245,-3.561001256202623e-05,0.0017140059227489235,0.0017093972757566888,0.9946573646418801,9.808097250919135e-08,0.001664884760054156,-0.0051687615543983744,-0.0051687615543983744,0.14192782529717726,1.0026960654831947,9.755696163750496e-08,0.8888013512144795,0.1021113167052235,0.006394789958333334,0.0009426097892164713,0.002380675637599694,0.0011250216648143047,0.005408704583333337,0.8909200081438577,0.10002190201521685,0.002118656929378293,-0.002089414690006647,-0.0020963939496240983,1.0067334608757124,8.843290653746591e-08,0.000551927212098768,-6.830729173371453e-05,-6.830729173371453e-05,0.12045322867836657,0.9966708262925951,8.902836605376146e-08,0.8878499866606082,0.10171805106915917,0.0036904376666666654,-0.0005307164989391652,0.0016061755093499889,0.0009942598730376417,-0.0003055678083333374,0.8883873637344502,0.1009851323501677,0.0005373770738419381,-0.0007329187189914627,-0.0007337732382910601,1.0023382986672642,-6.131844722022569e-09,-6.205189598863748e-05,1.8046319904518318e-05,1.8046319904518318e-05,0.17665561841090874,0.9988354449917147,-6.146182806363945e-09]"
/multi_agv/m2b_algorithm_state,1789558487.4373105,1789558487.4373105,m2b_algorithm_state_v1:header6+3x20,"[1.0,-0.15,0.52,0.8900073636079532,0.10173665023271843,1789558487.4372082,0.8883723082914319,0.10137969770598242,0.0036904376666666654,0.0015524842209991762,0.0010567194145082882,0.00037706281593068115,0.0009860853749999966,0.8883475454180708,0.10169325880445806,-2.4762873361061644e-05,0.00031356109847564817,0.00031340521337468305,0.999006892015388,3.285822664095385e-09,0.000282451621673356,0.00040742562911767104,0.00040742562911767104,0.14192574079157572,1.000497391537577,3.2825594873716525e-09,0.8898015411505534,0.10211151662133856,0.006394789958333334,0.0009425463316043142,0.0023805435999518787,0.001125117862342817,0.005408704583333337,0.89182455894851,0.09894042371606278,0.00202301779795655,-0.0031710929052757852,-0.003187301007488371,1.0103449578312722,2.0382422891260462e-07,-0.0006585287600426835,0.004665912234266476,0.004665912234266476,0.12045191970506385,0.9949147877233729,2.059327819656971e-07,0.8888502304097231,0.1017182176743519,0.0036904376666666654,-0.0005308112128745725,0.0016060648100627954,0.0009943585160376396,-0.0003055678083333374,0.8893556173990578,0.1005544842052966,0.0005053869893346663,-0.0011637334690552947,-0.0011658948586938868,1.0037309382487385,-1.5466464432418846e-08,-0.000534161122025554,0.0018793719091525205,0.0018793719091525205,0.17665154740991232,0.9981461538984625,-1.552416885614251e-08]"
/multi_agv/m2b_algorithm_state,1789558487.4473557,1789558487.4473557,m2b_algorithm_state_v1:header6+3x20,"[1.0,-0.15,0.52,0.8910071201890316,0.10173681992284789,1789558487.447213,0.8893716808544995,0.10137984825060777,0.0036904376666666654,0.0015523955344322895,0.0010566289098495442,0.00037714833647196607,0.0009860853749999966,0.8892357781142762,0.10008695202448623,-0.00013590274022323712,-0.0012928962261215399,-0.0012955788661378697,1.0041700707516745,5.59222566085412e-08,-0.001465457291416916,0.007310078605748371,0.007310078605748371,0.14192683604482326,0.9979293888728465,5.6155456375192114e-08,0.8908008324204599,0.10211172403595886,0.006394789958333334,0.0009424720687515129,0.002380406437520355,0.001125221409721322,0.005408704583333337,0.8929655575206256,0.10092563905898949,0.002164725100165632,-0.0011860849769693704,-0.0011883186251815002,1.0037833717024494,2.8475504360470263e-08,0.0015175877500255399,-0.003890687097115253,-0.003890687097115253,0.1204526074674787,0.9981203288707282,2.858323777788064e-08,0.8898495775489,0.10171837841158864,0.0036904376666666654,-0.0005308362965676934,0.0016059589256857357,0.000994424471947082,-0.0003055678083333374,0.8902731421377165,0.1003125183539189,0.00042356458881642745,-0.0014058600576697389,-0.001409020188064682,1.0045195630601658,-2.2576636750575268e-08,-0.0008795644520441478,0.0032058110597599256,0.0032058110597599256,0.17665368639013246,0.9977572142530592,-2.267867328405595e-08]"
/multi_agv/m2b_algorithm_state,1789558487.4573865,1789558487.4573865,m2b_algorithm_state_v1:header6+3x20,"[1.0,-0.15,0.52,0.8920090526614146,0.10173697554367554,1789558487.4572802,0.8903714717699679,0.10137999167005461,0.0036904376666666654,0.001552349994355585,0.0010565352211435067,0.00037721681080892227,0.0009860853749999966,0.8901130643465893,0.09935533481137016,-0.0002584074233785705,-0.0020246568586844566,-0.0020312719392285394,1.0065844041336494,1.3720180148907643e-07,-0.0023542812184517525,0.010754282956457546,0.010754282956457546,0.14192644381791983,0.9967433801371788,1.3810519359794524e-07,0.8918005448694801,0.10211192693276389,0.006394789958333334,0.0009424011461451939,0.0023802740413455536,0.001125321029748036,0.005408704583333337,0.8939340789320779,0.1010807527327159,0.002133534062597753,-0.0010311742000479879,-0.0010328605024014302,1.0032834450606511,2.151916605831663e-08,0.0016340570758457608,-0.004374901324388656,-0.004374901324388656,0.12045236117087192,0.9983673474302469,2.158982305782014e-08,0.8908493439276468,0.10171854116572512,0.0036904376666666654,-0.0005308958436076217,0.0016058526172203769,0.0009945055872189745,-0.0003055678083333374,0.8913054107150085,0.1010672739312979,0.00045606678736165307,-0.0006512672344272247,-0.0006519415406687992,1.00207586008455,-4.843055408481734e-09,-8.185805646673285e-05,5.149866299847868e-05,5.149866299847868e-05,0.17665292038656616,0.998965695235676,-4.853108913891466e-09]"
/multi_agv/m2b_algorithm_state,1789558487.4673703,1789558487.4673703,m2b_algorithm_state_v1:header6+3x20,"[1.0,-0.15,0.52,0.8930036656616561,0.10173717598298432,1789558487.4672174,0.8913734338324267,0.10138010196525411,0.0036904376666666654,0.0015525179805231976,0.0010564200806762783,0.0003772038876949822,0.0009860853749999966,0.8912298589045461,0.1019044702094064,-0.00014357492788064086,0.0005243682441522929,0.0005239329957772715,0.9983432108275293,9.187898919355236e-09,0.0003444643359264704,9.104442559317721e-05,9.104442559317721e-05,0.14191833844791016,1.0008307328962471,9.172676507907893e-09,0.8928024390274784,0.10211210941199275,0.006394789958333334,0.000942353213323666,0.0023801590981910037,0.0011254016049516702,0.005408704583333337,0.8948384172361266,0.0997217122397688,0.0020359782086482037,-0.002390397172223946,-0.0023995527452129748,1.007729616520079,1.1573646732021465e-07,0.00014542001559727982,0.0014978245578168995,0.0014978245578168995,0.12044727127038238,0.9961844668731312,1.1663106582998857e-07,0.891851285124339,0.10171871525377972,0.0036904376666666654,-0.0005311196019143235,0.0016057395711508828,0.0009946613875642697,-0.0003055678083333374,0.8921410755701462,0.10114859500989024,0.00028979044580723645,-0.0005701202438894853,-0.0005706366645365387,1.001815533276342,-3.712721324970463e-09,-0.0002083986072774931,0.00046329700771287753,0.00046329700771287753,0.17663709133339778,0.9990950096985572,-3.7194618940817317e-09]"
/multi_agv/m2b_algorithm_state,1789558487.4772654,1789558487.4772654,m2b_algorithm_state_v1:header6+3x20,"[1.0,-0.15,0.52,0.8940032951335835,0.1017373443683719,1789558487.47715,0.8923680904999937,0.10138032333573925,0.0036904376666666654,0.0015519500629630817,0.0010563814395790003,0.00037747015993488107,0.0009860853749999966,0.8924660845077785,0.10261232226642603,9.799400778487399e-05,0.0012319989306867757,0.0012296091731754622,0.9961386503126783,5.067385573097631e-08,0.0013521016829065547,-0.0038253267126728925,-0.0038253267126728925,0.1419361806549431,1.0019435098269005,5.047818625399412e-08,0.8937969962462721,0.10211235744782031,0.006394789958333334,0.0009422246431105633,0.002379991753847732,0.001125544394507988,0.005408704583333337,0.8957550971128211,0.09878814816129279,0.0019581008665490174,-0.0033242092865275186,-0.0033420408225711307,1.0108630768968716,2.2392715127947858e-07,-0.000894414739384859,0.005559093647745345,0.005559093647745345,0.12045847535071516,0.994664476889934,2.2635968914312496e-07,0.8928459102387027,0.10171884716539338,0.0036904376666666654,-0.0005307835685445764,0.0016056555484948894,0.0009945594388020692,-0.0003055678083333374,0.8930733969196912,0.10028629415734328,0.0002274866809884868,-0.0014325530080501053,-0.0014358349218736713,1.0046067381158912,-2.3440138467841378e-08,-0.0011514765706380629,0.004177833731532838,0.004177833731532838,0.17667193682035498,0.997714281932018,-2.354812104716295e-08]"
/multi_agv/m2b_algorithm_state,1789558487.4907324,1789558487.4907324,m2b_algorithm_state_v1:header6+3x20,"[1.0,-0.15,0.52,0.8950027442328846,0.1017375132638333,1789558487.4870474,0.893367753389857,0.10138046442532843,0.0036904376666666654,0.0015519102090944506,0.0010562926277817289,0.0003775336327595329,0.0009860853749999966,0.8934523314154302,0.10137535226953599,8.457802557326755e-05,-5.112155792436068e-06,-5.112197327195143e-06,1.0000162497248875,8.732594359337941e-13,0.00010061033463938929,0.0011970504106701785,0.0011970504106701785,0.14193623904898411,0.999991875360747,8.732736261593834e-13,0.8947965831596713,0.10211255907165133,0.006394789958333334,0.0009421478358176173,0.002379864078263627,0.001125644109838314,0.005408704583333337,0.8972044073634344,0.10022378902956056,0.002407824203763176,-0.0018887700420907733,-0.0018944644775307406,1.0060729370267236,7.221878250171345e-08,0.0011153157771732292,-0.0021459137496094858,-0.0021459137496094858,0.12045851201725245,0.9969941714360412,7.265736261999301e-08,0.8938455488512219,0.10171900960813592,0.0036904376666666654,-0.0005308522748815581,0.0016055523088770235,0.0009946429280189174,-0.0003055678083333374,0.8939489207152649,0.10004978604218415,0.00010337186404296705,-0.001669223565951769,-0.0016736874332425487,1.0053821920229313,-3.183408754576311e-08,-0.0015444726031888399,0.005666557037333885,0.005666557037333885,0.1766720508775144,0.9973329146158842,-3.2005424717809214e-08]"
/multi_agv/m2b_algorithm_state,1789558487.497192,1789558487.497192,m2b_algorithm_state_v1:header6+3x20,"[1.0,-0.15,0.52,0.8960025219765088,0.10173767949004454,1789558487.4970865,0.8943672358406072,0.1013806078525312,0.0036904376666666654,0.0015518507249169802,0.001056206688939776,0.0003776041202043386,0.0009860853749999966,0.8941204060697333,0.09958662796376466,-0.0002468297708738687,-0.0017939798887665337,-0.0017991644045275577,1.0058190161166618,1.0766749934496205e-07,-0.002107701618119894,0.009788585549218121,0.009788585549218121,0.14193693696937165,0.9971183757593373,1.0829401825889106e-07,0.8957959897757694,0.10211276157854016,0.006394789958333334,0.0009420681760811565,0.0023797366286540944,0.0011257449441205575,0.005408704583333337,0.8982058969829211,0.10022378902956056,0.002409907207151729,-0.0018889725489796005,-0.0018946681986780362,1.006073585477116,7.222810494322759e-08,0.0011177158102616252,-0.002154363513800443,-0.002154363513800443,0.12045895026475635,0.9969938537510634,7.266678851245038e-08,0.8948450070822774,0.10171917036042856,0.0036904376666666654,-0.0005309074620816691,0.0016054510582647515,0.0009947195224848542,-0.0003055678083333374,0.8952170429191204,0.10043947299661722,0.0003720358368429766,-0.0012796973638113385,-0.0012823132336375017,1.0041080589135896,-1.8707226204204764e-08,-0.000817268437583781,0.002930723747168198,0.002930723747168198,0.17667341400216718,0.9979600383451218,-1.8784076591561483e-08]"
/multi_agv/m2b_algorithm_state,1789558487.507172,1789558487.507172,m2b_algorithm_state_v1:header6+3x20,"[1.0,-0.15,0.52,0.8970023113881043,0.10173784503727717,1789558487.507041,0.8953670458638742,0.101380745794479,0.0036904376666666654,0.0015518231435732778,0.001056118369987469,0.00037766201697712865,0.0009860853749999966,0.8950509057942445,0.09886497163450433,-0.0003161400696296557,-0.002515774159974671,-0.002526025459072877,1.0082268571152357,2.118319658103033e-07,-0.0029212005461099464,0.012950708853804465,0.012950708853804465,0.14193646967316403,0.9959417277203656,2.1357467712546416e-07,0.8967957263658493,0.10211296033520177,0.006394789958333334,0.0009419912104785683,0.0023796131680219323,0.001125842535471655,0.005408704583333337,0.8992509089837368,0.10010374289194235,0.0024551826178875746,-0.002009217443259423,-0.0020156671565416564,1.0064689933472908,8.171603665192555e-08,0.0010533111158178119,-0.0018722957420925675,-0.0018722957420925675,0.12045865682812848,0.9968002091707941,8.224465714939383e-08,0.8958447936998024,0.10171933234045288,0.0036904376666666654,-0.0005309883995218818,0.0016053498375074582,0.0009948072633245864,-0.0003055678083333374,0.8962565024260141,0.10067934961679656,0.000411708726211657,-0.0010399827236563242,-0.0010417072302898178,1.0033294700528472,-1.2354994935168175e-08,-0.0005270713225252466,0.0017996615508097612,0.0017996615508097612,0.17667250129800405,0.9983445380973177,-1.2396130520807896e-08]"
/multi_agv/m2b_algorithm_state,1789558487.5171695,1789558487.5171695,m2b_algorithm_state_v1:header6+3x20,"[1.0,-0.15,0.52,0.8980020547050621,0.10173801025525575,1789558487.5171006,0.8963668671131372,0.10138088331149252,0.0036904376666666654,0.0015517938893185221,0.0010560309243362377,0.00037772018463514117,0.0009860853749999966,0.8962025170216236,0.10069866171194496,-0.0001643500915136098,-0.0006822215995475611,-0.0006829650914943361,1.0021852402293014,1.555811430389994e-08,-0.0008884027058863483,0.005004289381904089,0.005004289381904089,0.14193596099420497,0.9989113763557839,1.559211252116889e-08,0.8977954751416906,0.10211315823636342,0.006394789958333334,0.0009419136024285003,0.0023794912607585372,0.001125939597258735,0.005408704583333337,0.9002536379657037,0.10010374289194235,0.0024581628240131215,-0.0020094153444210755,-0.0020158663207070554,1.0064696277496374,8.172533824321575e-08,0.0010568372093093465,-0.0018847110416259322,-0.0018847110416259322,0.12045833741662486,0.9967998987731899,8.225407075936257e-08,0.8968445919094854,0.1017194935639756,0.0036904376666666654,-0.0005310694021480292,0.0016052499359790924,0.0009948943461827696,-0.0003055678083333374,0.8971737293577656,0.09968210917338881,0.0003291374482802256,-0.0020373843905867883,-0.002044052981714767,1.0065966236075974,-4.7456089593815224e-08,-0.001632631171364485,0.006133417804273126,0.006133417804273126,0.17667150779769258,0.9967375644429801,-4.776913955475404e-08]"
/multi_agv/m2b_algorithm_state,1789558487.5271277,1789558487.5271277,m2b_algorithm_state_v1:header6+3x20,"[1.0,-0.15,0.52,0.8990054711803337,0.10173815201340691,1789558487.526973,0.8973666419465197,0.10138102125358678,0.0036904376666666654,0.0015517573559122558,0.0010559449530153963,0.00037778074064679333,0.0009860853749999966,0.8971078270685691,0.1013316152110145,-0.0002588148779506527,-4.940604257228087e-05,-4.9409923235764396e-05,1.0001571220354,8.155767935590782e-11,-0.0003729285206740803,0.0028976513403962028,0.0028976513403962028,0.1419356157526448,0.9999214598358106,8.157049386449073e-11,0.8987951781956879,0.102113355798259,0.006394789958333334,0.0009418347215805443,0.002379370471877418,0.0011260366290097579,0.005408704583333337,0.9012015764161924,0.09982535079642599,0.00240639822050448,-0.0022880050018330156,-0.002296386377146742,1.0073898335276537,1.0596772713802357e-07,0.0007116113984838579,-0.0005418482752157091,-0.0005418482752157091,0.12045812062957265,0.9963501894118793,1.067508110008774e-07,0.8978443439729786,0.10171965371392147,0.0036904376666666654,-0.0005311461547058871,0.0016051515508341274,0.0009949787979791737,-0.0003055678083333374,0.8979882270331827,0.09930826348931841,0.00014388306020407526,-0.0024113902246030577,-0.002420758276635239,1.007840584346043,-6.65043291188229e-08,-0.002240904451380145,0.008432043002953096,0.008432043002953096,0.17667083350297905,0.9961301166983089,-6.702576192065602e-08]"
/multi_agv/m2b_algorithm_state,1789558487.537157,1789558487.537157,m2b_algorithm_state_v1:header6+3x20,"[1.0,-0.15,0.52,0.900002346539718,0.1017383340881679,1789558487.5369582,0.8983700821929216,0.1013811035519519,0.0036904376666666654,0.0015520818502697785,0.0010558218648596624,0.0003777041110426616,0.0009860853749999966,0.8980687976276923,0.10047136760558788,-0.00030128456522926506,-0.0009097359463640237,-0.000911060292492746,1.0029215024212923,2.7674810316486377e-08,-0.0012876659990293273,0.006516648140886644,0.006516648140886644,0.14192224856938498,0.9985463682923786,2.7755662341834796e-08,0.899798563868441,0.10211351921903804,0.006394789958333334,0.0009417957033124105,0.0023792780643221434,0.0011261016168934018,0.005408704583333337,0.9022077661456804,0.09985402268593561,0.0024092022772393973,-0.002259496533102423,-0.0022676685636880923,1.0072953873096318,1.0333719158744222e-07,0.0007438342828611543,-0.0006682562462203528,-0.0006682562462203528,0.12044972672114766,0.9963962852788424,1.0409107642356223e-07,0.8988477674796383,0.10171983326923077,0.0036904376666666654,-0.0005314993592780239,0.0016050409272757703,0.0009951894490158302,-0.0003055678083333374,0.8990260305106261,0.1004142791115015,0.00017826303098777974,-0.0013055541577292745,-0.0013082773132568073,1.004192253682119,-1.9492825570411897e-08,-0.0010854485245220826,0.003889022426412696,0.003889022426412696,0.17664472733732664,0.9979185181154341,-1.957454444018436e-08]"
/multi_agv/m2b_algorithm_state,1789558487.5471468,1789558487.5471468,m2b_algorithm_state_v1:header6+3x20,"[1.0,-0.15,0.52,0.9010051800553937,0.10173847827458986,1789558487.5469916,0.8993669939137154,0.10138128718873173,0.0036904376666666654,0.0015517329261851738,0.0010557672589809777,0.00037788376187948515,0.0009860853749999966,0.8989988387049748,0.09968857782195462,-0.00036815520874067253,-0.0016927093667771093,-0.0016973215022553258,1.0054842125726726,9.584083836441382e-08,-0.0021575155131811664,0.009921941744792346,0.009921941744792346,0.14193207051533224,0.9972826977846636,9.636644989514743e-08,0.9007953925595116,0.10211374152975887,0.006394789958333334,0.0009416852645867564,0.0023791380593806144,0.001126222324772927,0.005408704583333337,0.9032299980383026,0.10008416823105677,0.002434605478791041,-0.0020295732987020976,-0.0020361553066066064,1.0065359696237226,8.335392989907722e-08,0.0010071015418821948,-0.0017004279334512248,-0.0017004279334512248,0.12045589444482882,0.9967674332683991,8.389872865291549e-08,0.8998446531459271,0.10171997354601309,0.0036904376666666654,-0.0005313398432402233,0.0016049571119776118,0.0009951639069878107,-0.0003055678083333374,0.900109276708996,0.10080348761730151,0.0002646235630688887,-0.0009164859287115745,-0.0009178239232712258,1.0029299687288522,-9.60044890552924e-09,-0.0005870444694351149,0.0019571205784767324,0.0019571205784767324,0.17666390938928447,0.9985422099754356,-9.628577920605384e-09]"
/multi_agv/m2b_algorithm_state,1789558487.5571508,1789558487.5571508,m2b_algorithm_state_v1:header6+3x20,"[1.0,-0.15,0.52,0.9020013555025038,0.10173866337153409,1789558487.5569832,0.9003698515901378,0.10138137808413406,0.0036904376666666654,0.0015519914609509258,0.001055652322528443,0.0003778314831389849,0.0009860853749999966,0.8999739891618017,0.10045876327125723,-0.0003958624283361134,-0.0009226148128768236,-0.000923977048690603,1.0029632820889844,2.8462482173207556e-08,-0.0014188050841107448,0.006986121353058377,0.006986121353058377,0.14192077042740758,0.998525682195559,2.854682453683946e-08,0.9017981947292717,0.10211390880363969,0.006394789958333334,0.0009416383418983203,0.00237904402163458,0.0011262915871494694,0.005408704583333337,0.904193068516257,0.10049700472118633,0.00239487378698533,-0.001616904082453352,-0.0016210685362785652,1.0051827217038307,5.2886493438510356e-08,0.001372523697453097,-0.003179089758139857,-0.003179089758139857,0.12044879849511535,0.9974310439490898,5.316058941589363e-08,0.900847493846771,0.10172014793599585,0.0036904376666666654,-0.0005316450072752649,0.001604851413147118,0.000995351172242892,-0.0003055678083333374,0.9010082242356061,0.09963778803106213,0.00016073038883512858,-0.002082359904933717,-0.0020893284722638297,1.0067456107165595,-4.962946717460395e-08,-0.001888415486219919,0.007053139121686305,0.007053139121686305,0.17664184068522912,0.9966646856046707,-4.99642482402341e-08]"
/multi_agv/m2b_algorithm_state,1789558487.567099,1789558487.567099,m2b_algorithm_state_v1:header6+3x20,"[1.0,-0.15,0.52,0.9030056518195547,0.10173879703917765,1789558487.5669482,0.9013660640286874,0.1013815713110629,0.0036904376666666654,0.0015515706520081774,0.001055607022664851,0.0003780374528074334,0.0009860853749999966,0.9010497630662424,0.10193989966548629,-0.00031630096244494865,0.0005583283544233902,0.0005578350405216287,0.998236627395862,1.0409846053609915e-08,0.0001624588374654429,0.0007220058615737627,0.0007220058615737627,0.14193307356792245,1.0008843365259024,1.0391489616265687e-08,0.9027943227571565,0.10211413587668602,0.006394789958333334,0.0009415185636778766,0.0023789017639579413,0.0011264175154558215,0.005408704583333337,0.9051647763013807,0.09979198457002394,0.0023704535442241603,-0.002322151306662079,-0.0023307868585513915,1.0075029382427991,1.0911966166192287e-07,0.0006322800717288089,-0.00024742291165759617,-0.00024742291165759617,0.12045652430879979,0.9962950057584076,1.0993837974444741e-07,0.9018436797216678,0.10172028292685333,0.0036904376666666654,-0.0005314329530533451,0.001604772617919836,0.0009953002452542984,-0.0003055678083333374,0.9017552799543458,0.09959401085580752,-8.83997673220005e-05,-0.0021262720710458066,-0.002133540037241357,1.0068912634150853,-5.172550209616059e-08,-0.0022440397463938575,0.008324637635984844,0.008324637635984844,0.176665868419711,0.9965934709128085,-5.208195615638278e-08]"
/multi_agv/m2b_algorithm_state,1789558487.5771275,1789558487.5771275,m2b_algorithm_state_v1:header6+3x20,"[1.0,-0.15,0.52,0.9040063124123238,0.10173895320204203,1789558487.5769782,0.9023703808257879,0.10138163855198273,0.0036904376666666654,0.0015519761737731504,0.001055479014815041,0.0003779282598050796,0.0009860853749999966,0.9021916437043874,0.1027694005721083,-0.00017873712140048514,0.0013877620201255686,0.0013847334188578917,0.9956582569322799,6.429079621806353e-08,0.0011613120171072853,-0.0032179802915910166,-0.0032179802915910166,0.14191658818144584,1.0021871366910282,6.401166209926555e-08,0.903798592339606,0.10211428816653205,0.006394789958333334,0.0009414859421257478,0.0023788215601540097,0.0011264733820632172,0.005408704583333337,0.9061587217317114,0.09979198457002394,0.0023601293921053923,-0.0023223035965081046,-0.0023309402732724,1.00750342783318,1.0913012840807239e-07,0.0006192214668593403,-0.00020141245231290392,-0.00020141245231290392,0.12044617214171291,0.9962947670245663,1.0994897845100803e-07,0.9028479822932701,0.10172046439901815,0.0036904376666666654,-0.0005318524931020615,0.001604663688215613,0.0009955387694762239,-0.0003055678083333374,0.9027587217344931,0.09982310829006753,-8.926055877700456e-05,-0.0018973561089506152,-0.0019031333503417443,1.0061334517390825,-4.1213691802188255e-08,-0.002014709048813,0.007420547924835992,0.007420547924835992,0.17663367334453348,0.9969643528184237,-4.1466473991846396e-08]"
/multi_agv/m2b_algorithm_state,1789558487.5871766,1789558487.5871766,m2b_algorithm_state_v1:header6+3x20,"[1.0,-0.15,0.52,0.9050021214658575,0.10173913873978783,1789558487.587009,0.9033710687444962,0.10138176455880357,0.0036904376666666654,0.0015519871068466924,0.0010553895175725793,0.0003779700748242213,0.0009860853749999966,0.9031910216895775,0.10246545624963561,-0.00018004705491869721,0.001083691690832042,0.0010818406128232187,0.9965977947502556,3.921289535564567e-08,0.0008567817941748472,-0.0019905137115026252,-0.0019905137115026252,0.14191299179503683,1.0017110450346218,3.907948503720901e-08,0.9047992172493404,0.10211447325983887,0.006394789958333334,0.0009414141964539406,0.002378714511050206,0.0011265601733905367,0.005408704583333337,0.9072919110501784,0.0995893976462806,0.002492693800837942,-0.0025250756135582753,-0.0025353020214112522,1.0081772949570071,1.290265612122882e-07,0.000580565229636175,2.5921248387881807e-05,2.5921248387881807e-05,0.12044391367036221,0.9959663946280908,1.300816494606094e-07,0.9038486512431344,0.10172062178748363,0.0036904376666666654,-0.0005319715432806093,0.0016045712306820567,0.0009956384724531652,-0.0003055678083333374,0.9038252879205,0.10050045797798399,-2.336332263441765e-05,-0.0012201638094996442,-0.0012225408340044144,1.0039142287027047,-1.704042320199966e-08,-0.0012517449872974365,0.004439407821576374,0.004439407821576374,0.17662665034978964,0.9980556686217308,-1.7107123315603164e-08]"
/multi_agv/m2b_algorithm_state,1789558487.5970936,1789558487.5970936,m2b_algorithm_state_v1:header6+3x20,"[1.0,-0.15,0.52,0.9060022279811707,0.10173929660639702,1789558487.596953,0.9043669144072869,0.10138196323538663,0.0036904376666666654,0.0015515157560063151,0.0010553510816669436,0.000378194382180191,0.0009860853749999966,0.9040298681530922,0.1025137628212446,-0.00033704625419472833,0.0011317995858579621,0.0011297812536441092,0.996448720046972,4.275718118297126e-08,0.0007084734359006988,-0.0014847123957839208,-0.0014847123957839208,0.14192659244639927,1.001786480530937,4.260533846258819e-08,0.9057949792166949,0.10211470144860438,0.006394789958333334,0.0009412885483873184,0.0023785732525123393,0.0011266881264496292,0.005408704583333337,0.9082959667761359,0.0995893976462806,0.002500987559440948,-0.0025253038023237834,-0.002535532044694205,1.0081780299219645,1.2903254319864733e-07,0.0005907024046069801,-9.764328512447819e-06,-9.764328512447819e-06,0.12045245450198884,0.9959660370328094,1.3008777519783304e-07,0.9048444707735906,0.1017207515353725,0.0036904376666666654,-0.0005317238146086236,0.00160449792771285,0.0009955692247489243,-0.0003055678083333374,0.9046736907483802,0.09980641833009736,-0.00017078002521042634,-0.0019143332052751344,-0.001920215027980926,1.0061894956749726,-4.194479779971184e-08,-0.002133690059493959,0.007847277674375156,0.007847277674375156,0.1766532106637324,0.996936893722795,-4.220441494428076e-08]"
/multi_agv/m2b_algorithm_state,1789558487.6070323,1789558487.6070323,m2b_algorithm_state_v1:header6+3x20,"[1.0,-0.15,0.52,0.9070049758381478,0.10173943739437424,1789558487.6069233,0.9053670487050852,0.10138209315377554,0.0036904376666666654,0.0015514952457879312,0.0010552697598747323,0.0003782455741984602,0.0009860853749999966,0.9050898359126053,0.10318975436146004,-0.0002772127924799417,0.0018076612076844967,0.0018025389787786458,0.9943716607662197,1.0901438167374506e-07,0.0014560229881787187,-0.004468132850124866,-0.004468132850124866,0.14192495972146138,1.0028416744193358,1.0840081175232443e-07,0.9067950500022676,0.10211488962020307,0.006394789958333334,0.0009412074581393115,0.0023784660632906185,0.0011267790414181272,0.005408704583333337,0.9093937468761647,0.09991141665372033,0.0025986968738971328,-0.002203472966482739,-0.0022112413337646245,1.0071098609775946,9.82107023376543e-08,0.0010371297586067914,-0.0017272520297676999,-0.0017272520297676999,0.12045142921804101,0.9964868749677993,9.890896677778694e-08,0.9058445852361593,0.10172090704521247,0.0036904376666666654,-0.0005318214264435684,0.001604408387194757,0.0009956581175470502,-0.0003055678083333374,0.9055559508570028,0.09901314621721066,-0.0002886343791564938,-0.0027077608280018095,-0.0027195994018411026,1.0088335414807772,-8.397854769293106e-08,-0.00308039237578672,0.011505092718917425,0.011505092718917425,0.17665002199866925,0.9956469420344486,-8.472037567747199e-08]"
/multi_agv/m2b_algorithm_state,1789558487.6171792,1789558487.6171792,m2b_algorithm_state_v1:header6+3x20,"[1.0,-0.15,0.52,0.9080046382330148,0.1017395969986107,1789558487.616989,0.9063698186877016,0.10138218312230401,0.0036904376666666654,0.0015517322052922425,0.0010551620377944764,0.0003781988948904631,0.0009860853749999966,0.9061753148594348,0.10359493039282544,-0.00019450382826680102,0.0022127472705214257,0.0022050956886227355,0.9931422526399526,1.6332369782807497e-07,0.001961965903289234,-0.006469599841520387,-0.006469599841520387,0.14191396438953618,1.003469954586628,1.6220366517046132e-07,0.9077977690160391,0.10211505299452894,0.006394789958333334,0.0009411549934257111,0.0023783795336741465,0.0011268468004640847,0.005408704583333337,0.9103862397132975,0.09991141665372033,0.002588470697258316,-0.0022036363408086124,-0.0022114058525322567,1.0071103856234418,9.821972846941259e-08,0.0010241825190406384,-0.0016816278416719637,-0.0016816278416719637,0.1204445244433622,0.9964866188109488,9.891810861465985e-08,0.9068473398107025,0.10172107606628979,0.0036904376666666654,-0.0005321162600280681,0.001604310444961017,0.000995836870037819,-0.0003055678083333374,0.9065647363826923,0.10004894203153135,-0.00028260342801023075,-0.001672134034758438,-0.0016766134556420646,1.0053916038677528,-3.2021019071450626e-08,-0.002029867740654853,0.007379412330027131,0.007379412330027131,0.17662854959580185,0.9973282924167448,-3.2193663721725645e-08]"
/multi_agv/m2b_algorithm_state,1789558487.626988,1789558487.626988,m2b_algorithm_state_v1:header6+3x20,"[1.0,-0.15,0.52,0.9090012631903016,0.1017397746400056,1789558487.6268868,0.9073695089812052,0.10138232181185258,0.0036904376666666654,0.001551642044714504,0.0010550871198839566,0.00037827694671170543,0.0009860853749999966,0.907169902317716,0.10285644448015262,-0.00019960666348917133,0.0014741226683000347,0.0014707076687230636,0.9953926572040249,7.252100912967452e-08,0.0012211993393615994,-0.0034724592653786438,-0.0034724592653786438,0.14191390606619828,1.0023220111308293,7.218687998070407e-08,0.9087973951502509,0.10211524389645964,0.006394789958333334,0.0009410689443902949,0.002378270751708378,0.001126940693546838,0.005408704583333337,0.9110537647312602,0.0988888195300256,0.0022563695810092765,-0.0032264243664340414,-0.003243209201580367,1.0105315063380762,2.1067229712950254e-07,-0.00042274722531877125,0.0038609981140980657,0.0038609981140980657,0.1204444878256763,0.994824621508182,2.1289099376197898e-07,0.9078470105675883,0.10172122528751985,0.0036904376666666654,-0.0005321621727356336,0.0016042261803165276,0.000995900608481935,-0.0003055678083333374,0.9076688470868831,0.10071446619185644,-0.00017816348070520682,-0.0010067590956634176,-0.001008374731101403,1.0032218097399892,-1.1603442669879542e-08,-0.0012310790819829115,0.004274158785540891,0.004274158785540891,0.17662843573461626,0.9983977827010592,-1.1640826754490765e-08]"
/multi_agv/m2b_algorithm_state,1789558487.6369512,1789558487.6369512,m2b_algorithm_state_v1:header6+3x20,"[1.0,-0.15,0.52,0.9100061538087392,0.10173989986276387,1789558487.6368616,0.9083661675397886,0.1013825050681432,0.0036904376666666654,0.0015512550336687285,0.0010550445741998918,0.0003784668336028218,0.0009860853749999966,0.9077385777090285,0.10321060655535584,-0.0006275898307600558,0.0018281014872126439,0.0018228636060156028,0.9943093800309524,1.1147454796393021e-07,0.001038376317565533,-0.002985943843647756,-0.002985943843647756,0.14192461451233745,1.0028734356096394,1.1084018867524611e-07,0.909793976945731,0.10211546137849632,0.006394789958333334,0.0009409486177233591,0.002378141266288214,0.0011270602154721948,0.005408704583333337,0.9120374156757893,0.0988888195300256,0.002243438730058278,-0.0032266418484707265,-0.003243428924904516,1.0105322113586745,2.1067357887604216e-07,-0.0004391305123316682,0.003918459845423296,0.003918459845423296,0.12045121243770296,0.9948242810857082,2.1289243753645304e-07,0.9088436450853853,0.10172135747337725,0.0036904376666666654,-0.0005319827203780505,0.0016041539915722216,0.0009958603767633856,-0.0003055678083333374,0.9082821814001344,0.10010879244833655,-0.0005614636852508958,-0.001612565025040702,-0.0016167290839915174,1.0051960090451104,-2.977149425008803e-08,-0.0023185586905551375,0.008373534314454017,0.008373534314454017,0.1766493478278564,0.9974243928732112,-2.992618720349794e-08]"
/multi_agv/m2b_algorithm_state,1789558487.6470997,1789558487.6470997,m2b_algorithm_state_v1:header6+3x20,"[1.0,-0.15,0.52,0.9110051883130108,0.10174006141895031,1789558487.6469278,0.9093710749395817,0.10138256033415273,0.0036904376666666654,0.00155170675897378,0.0010549177347778161,0.0003783370052580972,0.0009860853749999966,0.9087976121863575,0.10344228971676349,-0.0005734627532242298,0.0020597293826107588,0.002053091787189939,0.9936053264902079,1.4152964407850858e-07,0.0013362633456596518,-0.0041590212916003694,-0.0041590212916003694,0.14190602486530474,1.0032329754871334,1.4062460821266944e-07,0.9107988454178669,0.1021156026352922,0.006394789958333334,0.0009409173894957459,0.002378074827383281,0.0011271083175849739,0.005408704583333337,0.9132062682206215,0.10011678250212575,0.002407422802754522,-0.0019988201331664485,-0.0020052025359879556,1.0064345306201454,8.077878149960957e-08,0.0010040759674551968,-0.001704585249652044,-0.001704585249652044,0.12043953843061386,0.9968170782217954,8.129855504262685e-08,0.9098485410687689,0.10172153661884668,0.0036904376666666654,-0.0005324441061276973,0.0016040512638917266,0.0009961138135599944,-0.0003055678083333374,0.9092244587014501,0.1002683425201395,-0.0006240823673188123,-0.0014531940987071862,-0.00145657167409803,1.004674037102875,-2.4195981776576562e-08,-0.0022366746332465456,0.0080176000562499,0.0080176000562499,0.17661304585122845,0.997681147140984,-2.430907469314077e-08]"
/multi_agv/m2b_algorithm_state,1789558487.657028,1789558487.657028,m2b_algorithm_state_v1:header6+3x20,"[1.0,-0.15,0.52,0.9120041359182821,0.10174022269130158,1789558487.656897,0.9103701375405555,0.10138270822127247,0.0036904376666666654,0.0015515411770941627,0.0010548523113436572,0.00037844281078495664,0.0009860853749999966,0.9099549501046792,0.10323822300952436,-0.00041518743587631857,0.001855514788251883,0.0018501197783812235,0.9942258726459124,1.1486160416707643e-07,0.0013311354835358253,-0.004044503223332085,-0.004044503223332085,0.14190819184187015,1.0029160327529603,1.1419837863652094e-07,0.9117978433013069,0.10211579690157588,0.006394789958333334,0.0009408228624142685,0.0023779649648881795,0.001127206447876672,0.005408704583333337,0.9142018990869865,0.10011678250212575,0.002404055785679593,-0.001999014399450133,-0.0020053980355575554,1.0064351532883506,8.078630613741906e-08,0.0009996716965419358,-0.0016890669972334368,-0.0016890669972334368,0.12044089930850313,0.9968167735311222,8.130617840101298e-08,0.91084758409717,0.10172167913400261,0.0036904376666666654,-0.000532434891494953,0.0016039732592555422,0.0009961503997125334,-0.0003055678083333374,0.9102609506702672,0.10089394944142913,-0.000586633426902794,-0.0008277296925734839,-0.0008288203236197138,1.0026434952308445,-7.846599090219557e-09,-0.0015621121072482062,0.005368306290936594,0.005368306290936594,0.17661727728656987,0.9986841164301247,-7.867341537492901e-09]"
/multi_agv/m2b_algorithm_state,1789558487.6669426,1789558487.6669426,m2b_algorithm_state_v1:header6+3x20,"[1.0,-0.15,0.52,0.9130015459474787,0.10174039263412117,1789558487.666837,0.9113691131088867,0.10138285582663879,0.0036904376666666654,0.0015513738342801966,0.001054788940742578,0.0003785483118179968,0.0009860853749999966,0.9109820182469743,0.10310854528539504,-0.00038709486191235154,0.0017256894587562438,0.0017210183922185447,0.9946219071901422,9.934950503059735e-08,0.0012371498148281053,-0.003647815027933548,-0.003647815027933548,0.1419106668753304,1.0027141293543516,9.881519417192936e-08,0.9127967546210175,0.10211599102478928,0.006394789958333334,0.0009407261541330494,0.0023778561082061778,0.0011273050004631108,0.005408704583333337,0.9151438297755653,0.09857799644687379,0.0023470751545477953,-0.003537994577915496,-0.003558225087234736,1.0115890152974767,2.532820067568885e-07,-0.0006243811440499918,0.0047026832141976406,0.0047026832141976406,0.12044245363093539,0.994314438006798,2.5621729580776967e-07,0.9118465400249421,0.10172182122247667,0.0036904376666666654,-0.0005324252772693637,0.0016038962229215966,0.0009961863089675092,-0.0003055678083333374,0.9114558429799021,0.10163813464474832,-0.00039069704504002267,-8.368657772835075e-05,-8.369766341096576e-05,1.0002650174290713,-8.016502373009183e-11,-0.0005720689697109941,0.0015354699610596453,0.0015354699610596453,0.17662211032899083,0.9998675508710371,-8.018626885858222e-11]"
/multi_agv/m2b_algorithm_state,1789558487.6771016,1789558487.6771016,m2b_algorithm_state_v1:header6+3x20,"[1.0,-0.15,0.52,0.9140059823010557,0.10174051788815815,1789558487.6769845,0.9123665538463138,0.1013830248305039,0.0036904376666666654,0.0015510624152993901,0.0010547425143447634,0.00037870745090459994,0.0009860853749999966,0.9120274490458361,0.10330213506509471,-0.0003391048004777186,0.0019191102345908068,0.0019133418851879985,0.9940323395827201,1.2282614822580056e-07,0.0014894608845908502,-0.004640788633395916,-0.004640788633395916,0.14191859194145245,1.0030148032860535,1.220931634828265e-07,0.9137941251763362,0.10211619808509308,0.006394789958333334,0.0009406113964509372,0.0023777376865724564,0.0011274163529156889,0.005408704583333337,0.9161251805320757,0.09857799644687379,0.0023310553557395197,-0.0035382016382192877,-0.0035584344908347605,1.0115896884611224,2.532805465710697e-07,-0.0006446152961603609,0.004773575195480402,0.004773575195480402,0.1204474304623827,0.99431411406685,2.562159891990912e-07,0.9128439588197861,0.10172195498676656,0.0036904376666666654,-0.0005323067801722655,0.0016038254400288889,0.0009961717680818704,-0.0003055678083333374,0.9123845970991341,0.1007180060049888,-0.000459361720651974,-0.0010039489817777608,-0.0010055555604701987,1.0032126828463075,-1.1541831889923844e-08,-0.0015797577112851662,0.005506202713384329,0.005506202713384329,0.176637586388433,0.9984022974407434,-1.1578912135251568e-08]"
/multi_agv/m2b_algorithm_state,1789558487.6869965,1789558487.6869965,m2b_algorithm_state_v1:header6+3x20,"[1.0,-0.15,0.52,0.9150007264253753,0.10174070302358551,1789558487.6868985,0.9133710065493841,0.10138308515533827,0.0036904376666666654,0.0015514620494492338,0.0010546245398163514,0.0003785955909863855,0.0009860853749999966,0.9130830058458731,0.10344626459201987,-0.00028800070351098217,0.002063179436681606,0.00205651980897162,0.9935949143805648,1.4198106845240693e-07,0.0016965189295828922,-0.005448985504244143,-0.005448985504244143,0.14190161370493545,1.0032382998116203,1.4107166755263038e-07,0.9147985399613194,0.10211634018325905,0.006394789958333334,0.000940572482045739,0.00237767298079139,0.001127466885302686,0.005408704583333337,0.917489499249566,0.10011581990780848,0.002690959288246586,-0.0020005202754505708,-0.0020069135588120005,1.0064400635687585,8.088641405726374e-08,0.001356785551496232,-0.0029473671576716225,-0.0029473671576716225,0.12043676816493815,0.9968143703382948,8.140732770564143e-08,0.9138484003924634,0.10172212832587714,0.0036904376666666654,-0.0005327315806419809,0.0016037289706488378,0.0009964060908693286,-0.0003055678083333374,0.9133385413753632,0.10064004770464825,-0.0005098590171002115,-0.001082080621228887,-0.0010839480920936094,1.0034657673864125,-1.3419607746044595e-08,-0.0017212718634688738,0.006039582784546084,0.006039582784546084,0.17660443245395768,0.9982771584005323,-1.3466116984909285e-08]"
/multi_agv/m2b_algorithm_state,1789558487.6970181,1789558487.6970181,m2b_algorithm_state_v1:header6+3x20,"[1.0,-0.15,0.52,0.916000749805503,0.10174085424931399,1789558487.6969056,0.9143657859629588,0.10138329473020048,0.0036904376666666654,0.0015508731901924832,0.001054607265600093,0.0003788598264543026,0.0009860853749999966,0.9142030936087991,0.10293722308514305,-0.00016269235415966588,0.0015539283549425714,0.001550135934013683,0.9951477148151409,8.054082207476998e-08,0.0013467704913141007,-0.003958880769719482,-0.003958880769719482,0.14191898684774054,1.0024465086226786,8.01500150370402e-08,0.9157932387849103,0.10211656972831107,0.006394789958333334,0.0009404282354917911,0.0023775370786049965,0.0011276001141766884,0.005408704583333337,0.918495536016531,0.09941332323607249,0.0027022972316207428,-0.0027032464922385757,-0.002714982462163275,1.0087716832580806,1.4773803721430592e-07,0.0006628890773626534,-0.0001843574776429996,-0.0001843574776429996,0.1204476784550325,0.9956773312210098,1.4903394848192035e-07,0.9148431545282567,0.10172224461224497,0.0036904376666666654,-0.0005324027719025661,0.0016036708738918102,0.0009962937875287103,-0.0003055678083333374,0.9145019973260701,0.10145703409269274,-0.00034115720218663714,-0.0002652105195522225,-0.0002653220074306313,1.000841595352782,-8.051752791909037e-10,-0.0006917685101639278,0.002040323240567391,0.002040323240567391,0.17663835757642427,0.9995798016173313,-8.058529109640457e-10]"
/multi_agv/m2b_algorithm_state,1789558487.706947,1789558487.706947,m2b_algorithm_state_v1:header6+3x20,"[1.0,-0.15,0.52,0.917003870105446,0.10174098546975267,1789558487.7068603,0.9153658338932454,0.10138341980584312,0.0036904376666666654,0.0015508391798775565,0.001054537118385013,0.00037891105767977025,0.0009860853749999966,0.9152277270239368,0.10278308458166802,-0.00013810686930859628,0.0013996647758248992,0.0013965843524882291,0.9956217194419895,6.534935239644855e-08,0.0012239507658524838,-0.0034481469335641765,-0.0034481469335641765,0.14191764896881875,1.0022056836962134,6.50632345973726e-08,0.9167932307046126,0.10211675022500938,0.006394789958333334,0.0009403389312588563,0.0023774426973289797,0.001127687927086174,0.005408704583333337,0.919370152878448,0.09822329004184428,0.0025769221738354275,-0.0038934601831650956,-0.003918025689075612,1.0128043706292282,3.0667435026001554e-07,-0.0006968729717813276,0.005109110524314465,0.005109110524314465,0.12044683829653575,0.9937301314845863,3.1060112230322253e-07,0.9158431848186508,0.10172239271708947,0.0036904376666666654,-0.0005324985637608667,0.0016035924914256424,0.0009963760871853165,-0.0003055678083333374,0.9155479910031551,0.10136322238773984,-0.0002951938154956979,-0.0003591703293496229,-0.00035937495287283747,1.0011409745013635,-1.4771206007277932e-09,-0.0007283672222424598,0.002211370738884552,0.002211370738884552,0.1766357448935254,0.9994306127303008,-1.4788059576686624e-09]"
/multi_agv/m2b_algorithm_state,1789558487.7173178,1789558487.7173178,m2b_algorithm_state_v1:header6+3x20,"[1.0,-0.15,0.52,0.9180040541913965,0.10174113460274654,1789558487.7171383,0.9163689721855018,0.10138349790901788,0.0036904376666666654,0.0015511085400303107,0.001054435783475238,0.00037884701149724616,0.0009860853749999966,0.9163214200257875,0.10328380762869135,-4.75521597143036e-05,0.0019003097196734764,0.0018946530643017781,0.9940895690739603,1.2043640299702537e-07,0.0018352128646588986,-0.005867386081058728,-0.005867386081058728,0.14190533486484438,1.0029855890127213,1.1972457195613076e-07,0.9177963275404588,0.10211690166780346,0.006394789958333334,0.0009402834614163974,0.0023773723050380946,0.001127748594152364,0.005408704583333337,0.9203431520038162,0.09822329004184428,0.002546824463357411,-0.0038936116259591785,-0.00391817902101211,1.0128048645926304,3.066799327654265e-07,-0.0007346484418153465,0.005241340542612865,0.005241340542612865,0.12043910510615019,0.9937298946982299,3.106069277777648e-07,0.9168463105903777,0.10172255683243668,0.0036904376666666654,-0.0005328263724098067,0.0016035039475052366,0.000996564244452101,-0.0003055678083333374,0.9164320416645081,0.10005629902233966,-0.0004142689258695986,-0.0016662578100970216,-0.00167070551646704,1.005372192529012,-3.183844968593534e-08,-0.002188541673804038,0.007936186405993901,0.007936186405993901,0.17661169851116257,0.9973378274470395,-3.200949196747344e-08]"
/multi_agv/m2b_algorithm_state,1789558487.7270749,1789558487.7270749,m2b_algorithm_state_v1:header6+3x20,"[1.0,-0.15,0.52,0.9190031871537855,0.10174128953289178,1789558487.7269702,0.9173691797698604,0.10138362285250174,0.0036904376666666654,0.0015510627799427113,0.001054365585289329,0.0003789033622940718,0.0009860853749999966,0.9173531729028647,0.1033771661870133,-1.600686699576581e-05,0.0019935433345115577,0.0019873224243386963,0.99380620974039,1.3253096525201974e-07,0.001967313840593989,-0.006384203562053379,-0.006384203562053379,0.14190342771605519,1.0031302973773526,1.3171009625034507e-07,0.918796481018438,0.10211707930060233,0.006394789958333334,0.000940196425180383,0.0023772804811245107,0.0011278340935673425,0.005408704583333337,0.9216500918266999,0.09981238272992506,0.0028536108082618528,-0.002304696570677278,-0.0023132013272953275,1.0074447764180128,1.0733180772581978e-07,0.0012538121830319884,-0.0024449420691029654,-0.0024449420691029654,0.12043790740441387,0.996323382440735,1.0813086903687965e-07,0.9178465017858911,0.10172270165513558,0.0036904376666666654,-0.0005329140835890517,0.0016034285810470226,0.0009966414724784482,-0.0003055678083333374,0.9174044094803661,0.10070495535908945,-0.00044209230552505474,-0.001017746296046132,-0.001019397492529419,1.0032573114321655,-1.1874854747186788e-08,-0.0015720128744357374,0.005484093053200273,0.005484093053200273,0.17660797455176305,0.998380223126516,-1.1913534847310104e-08]"
/multi_agv/m2b_algorithm_state,1789558487.7370913,1789558487.7370913,m2b_algorithm_state_v1:header6+3x20,"[1.0,-0.15,0.52,0.9199984922920375,0.1017414672489843,1789558487.736993,0.9183683380135773,0.10138376313427269,0.0036904376666666654,0.0015509115368725888,0.0010543072168052387,0.00037899928276097206,0.0009860853749999966,0.9183260572176996,0.10269557996500696,-4.228079587775824e-05,0.0013118168307342665,0.001309109157664575,0.9958924190157036,5.74099233720706e-08,0.001256258162817377,-0.0035220961667533916,-0.0035220961667533916,0.14190524568512486,1.002068332540368,5.717410746251757e-08,0.9197955811990948,0.10211726560840231,0.006394789958333334,0.0009400972981963383,0.0023771821359278578,0.001127928226531627,0.005408704583333337,0.9226659507065726,0.09927620777296234,0.0028703695074778768,-0.002841057835439975,-0.002854034307314642,1.0092331343481207,1.6314184442270733e-07,0.0007339275770327038,-0.00037224759989696655,-0.00037224759989696655,0.12043904910584466,0.9954532880556447,1.6464815499006238e-07,0.9188456422486844,0.10172283985600031,0.0036904376666666654,-0.0005329219743351499,0.0016033581542602548,0.0009966815313802837,-0.0003055678083333374,0.9184866083704095,0.1017144525051808,-0.00035903387827485034,-8.38735081951092e-06,-8.387462107008906e-06,1.0000265378283792,-8.059406209890911e-13,-0.00045717980995057183,0.001093792637385971,0.001093792637385971,0.17661152439030478,0.9999867316839627,-8.059620089029748e-13]"
/multi_agv/m2b_algorithm_state,1789558487.7471063,1789558487.7471063,m2b_algorithm_state_v1:header6+3x20,"[1.0,-0.15,0.52,0.9210032661158108,0.10174158488246378,1789558487.7469542,0.9193636757393331,0.10138395912982733,0.0036904376666666654,0.001550390817848397,0.001054289185186374,0.0003792343759133922,0.0009860853749999966,0.9192667716971396,0.10172893932105995,-9.690404219353521e-05,0.0003449801912326217,0.00034479155716679404,0.9989078350711849,3.97176865655083e-09,0.00022366150442487502,0.0006000115613182534,0.0006000115613182534,0.14192063106388544,1.0005470959537923,3.967430830118778e-09,0.9207908447617693,0.10211748546951345,0.006394789958333334,0.0009399553131378725,0.002377057409195582,0.0011280546615874965,0.005408704583333337,0.9235257804175956,0.09788036449066395,0.002734935655826276,-0.0042371209788494985,-0.0042662897720791475,1.013988364607161,3.631291376644887e-07,-0.0008476202022963024,0.005782961358210448,0.005782961358210448,0.12044871096851237,0.9931629601391485,3.6820872044162355e-07,0.91984095637501,0.10172295714761208,0.0036904376666666654,-0.000532648941358209,0.001603302300478766,0.000996592238274278,-0.0003055678083333374,0.9195753478141465,0.10206224509455011,-0.00026560856086343954,0.00033928794693803555,0.0003391063171218188,0.9989307258070999,-1.3178363674724785e-09,7.095616042519391e-06,-0.0007107100745829797,-0.0007107100745829797,0.17664156849621965,1.0005356131898642,-1.316427239054275e-09]"
/multi_agv/m2b_algorithm_state,1789558487.7571714,1789558487.7571714,m2b_algorithm_state_v1:header6+3x20,"[1.0,-0.15,0.52,0.9220044523073115,0.10174172473381464,1789558487.7570715,0.9203684629579091,0.10138400789792135,0.0036904376666666654,0.00155083572518268,0.0010541746291465415,0.00037910111355522443,0.0009860853749999966,0.9203731760932751,0.10269311302747158,4.713135365985721e-06,0.0013091051295502365,0.0013064085926584308,0.99590079679228,5.717007468128911e-08,0.001312300011865913,-0.0037207598603158105,-0.0037207598603158105,0.14190245637170065,1.002064083860868,5.693572292776998e-08,0.9217956010910558,0.10211761800524274,0.006394789958333334,0.0009399151704500199,0.0023770049257350045,0.0011280993683368962,0.005408704583333337,0.9245046384899386,0.09788927134692575,0.00270903739888273,-0.004228346658316992,-0.004257392794576344,1.0139579964378764,3.616091339845137e-07,-0.0008710960459729321,0.005861249058230011,0.005861249058230011,0.120437297375732,0.9931774826376474,3.6665647298857315e-07,0.9208457342984676,0.10172312874422725,0.0036904376666666654,-0.0005331135378067622,0.00160321104380271,0.0009968410997769264,-0.0003055678083333374,0.9204751650111053,0.10074837868108283,-0.0003705692873623434,-0.0009747500631444167,-0.0009762641902715266,1.0031181631474215,-1.0896443403331196e-08,-0.0014394757994744558,0.004996645286571613,0.004996645286571613,0.17660607785640087,0.998449060057515,-1.0930420291589429e-08]"
/multi_agv/m2b_algorithm_state,1789558487.7671678,1789558487.7671678,m2b_algorithm_state_v1:header6+3x20,"[1.0,-0.15,0.52,0.9230103739381715,0.10174183432903296,1789558487.766973,0.9213696693549119,0.10138411517108374,0.0036904376666666654,0.0015508873522186084,0.0010540978546307745,0.0003791186713292148,0.0009860853749999966,0.9211553391463645,0.10354075075031374,-0.0002143302085474419,0.0021566355792300013,0.002149364231627976,0.9933120354612761,1.5506610868580278e-07,0.0018814514709436735,-0.006155537700952036,-0.006155537700952036,0.1418969982044251,1.0033830225212772,1.5402903204975423e-07,0.9227967608116775,0.10211778291708562,0.006394789958333334,0.0009398370423765769,0.0023769255130978717,0.0011281745498129547,0.005408704583333337,0.9253306963736562,0.09917162245665602,0.002533935561978673,-0.0029461604604296004,-0.0029601258016568517,1.0095860056411199,1.7539852483044234e-07,0.00020729365081648956,0.0015247154409812444,0.0015247154409812444,0.1204338695214685,0.9952821798251161,1.7707989607891106e-07,0.9218469267553452,0.10172327611327454,0.0036904376666666654,-0.0005332780773040576,0.0016031360749288138,0.0009969514235700161,-0.0003055678083333374,0.9210180184312421,0.10144229186079028,-0.0008289083241030948,-0.0002809842524842676,-0.00028110940972449265,1.000891797712202,-9.052927265701924e-10,-0.0013172448148533612,0.004264636888158757,0.004264636888158757,0.17659542037849896,0.9995547739211301,-9.061000645526209e-10]"
/multi_agv/m2b_algorithm_state,1789558487.7769582,1789558487.7769582,m2b_algorithm_state_v1:header6+3x20,"[1.0,-0.15,0.52,0.9239975095567075,0.1017420596841558,1789558487.776819,0.9223756013361571,0.1013841513346952,0.0036904376666666654,0.0015513997022585891,0.0010539727554481626,0.0003789616590852028,0.0009860853749999966,0.9221687251373365,0.10305890100507246,-0.00020687619882064912,0.0016747496703772707,0.0016703486752437013,0.9947777136909487,9.357528064257838e-08,0.00141175342671789,-0.004247313665893333,-0.004247313665893333,0.14190275869031807,1.002634776318739,9.308660373561301e-08,0.9238026678996847,0.10211790378069197,0.006394789958333334,0.0009398114220409773,0.00237688188453955,0.0011282083549770255,0.005408704583333337,0.926342401483217,0.09875625538933236,0.002539733583532322,-0.0033616483913596062,-0.003379887645179383,1.0109892425877014,2.2841264253783645e-07,-0.00020522066576398029,0.0031556196214522552,0.0031556196214522552,0.12043750958742297,0.9946035916768444,2.3092272447678266e-07,0.9228528525786727,0.10172344787171171,0.0036904376666666654,-0.0005337942174562346,0.0016030451840777626,0.0009972224372455686,-0.0003055678083333374,0.9220730172335109,0.10184911117989918,-0.0007798353451617945,0.00012566330818747362,0.00012563835256161393,0.9996030069785043,-1.8119186078892166e-10,-0.0008491558288906292,0.0024254704096365797,0.0024254704096365797,0.17660674034060345,1.0001986306358757,-1.8111992888463666e-10]"
/multi_agv/m2b_algorithm_state,1789558487.7871842,1789558487.7871842,m2b_algorithm_state_v1:header6+3x20,"[1.0,-0.15,0.52,0.925004110425624,0.1017421626674041,1789558487.7870786,0.9233627842518082,0.10138447252662794,0.0036904376666666654,0.0015500319595866245,0.0010540408277662778,0.0003795191180997826,0.0009860853749999966,0.9237399712379821,0.10144016983254221,0.00037718698617394963,5.5697305914273465e-05,5.569237816694538e-05,0.9998230898801836,1.0352638666439755e-10,0.0005271761108843824,-0.0003468800244316734,-0.0003468800244316734,0.14191909444037354,1.0000884815389517,1.035080717989286e-10,0.9247897430973813,0.10211819367893439,0.006394789958333334,0.0009395822731230827,0.0023767006220214437,0.0011284019843357807,0.005408704583333337,0.9276666952764049,0.09742122826235534,0.0028769521790236174,-0.004696965416579046,-0.004732933230846186,1.0155866007485832,4.461715946378325e-07,-0.001136743007066664,0.006987031167020193,0.006987031167020193,0.1204477460210781,0.9924005236260836,4.531258931488111e-07,0.9238400013209329,0.10172351284690506,0.0036904376666666654,-0.0005328764237013096,0.0016030256373979652,0.0009968347746806567,-0.0003055678083333374,0.9234758208641664,0.100703331509752,-0.00036418045676656075,-0.0010201813371530644,-0.0010218404567002546,1.0032651591472583,-1.1930878159571801e-08,-0.0014770660276584556,0.005149329638747261,0.005149329638747261,0.1766385676921682,0.9983763418875116,-1.1969834375529351e-08]"
/multi_agv/m2b_algorithm_state,1789558487.7971728,1789558487.7971728,m2b_algorithm_state_v1:header6+3x20,"[1.0,-0.15,0.52,0.9260089002191788,0.10174227703167155,1789558487.797018,0.9243693936295481,0.10138449008569568,0.0036904376666666654,0.001550663615702749,0.0010539111824421354,0.00037931275581009564,0.0009860853749999966,0.9247127903204478,0.10179889034286797,0.00034339669089977765,0.0004144002571722927,0.0004141282124179886,0.9986891042007584,5.7317817357351566e-09,0.0008433740760427107,-0.0016344187216504134,-0.0016344187216504134,0.14189444586780103,1.0006569094935978,5.724267967135611e-09,0.9257963326963221,0.10211830575462258,0.006394789958333334,0.000939559928955269,0.0023766668120945855,0.0011284292616554475,0.005408704583333337,0.9285744656147236,0.09677499575692235,0.0027781329184014547,-0.005343309997700232,-0.005390085157776254,1.0178603276295464,5.776241074675347e-07,-0.0019174190097744357,0.009975600830933129,0.009975600830933129,0.12043226656247039,0.9913219998002185,5.879406632736293e-07,0.9248466049510016,0.10172369216189403,0.0036904376666666654,-0.0005334856516571724,0.001602931219933391,0.0009971479734612477,-0.0003055678083333374,0.9243811730534954,0.09973793408240858,-0.0004654318975061411,-0.00198575807948545,-0.0019920901649757503,1.0064253579241647,-4.528423177799013e-08,-0.0025738800368584266,0.009426881171571064,0.009426881171571064,0.1765904368683679,0.996821386099069,-4.5575199175484544e-08]"
/multi_agv/m2b_algorithm_state,1789558487.8071628,1789558487.8071628,m2b_algorithm_state_v1:header6+3x20,"[1.0,-0.15,0.52,0.9270006970854393,0.10174247161053462,1789558487.8070927,0.9253741951706663,0.1013845412783562,0.0036904376666666654,0.001551063429498146,0.0010538007927204376,0.0003791968726260667,0.0009860853749999966,0.9257358581741135,0.10179889034286797,0.00036166300344719904,0.0004143490645117792,0.00041407708705052407,0.9986892662896033,5.731842027454963e-09,0.0008661558413595228,-0.001714988667659182,-0.001714988667659182,0.14190130216097663,1.0006568280877177,5.7243291088869096e-09,0.9268011063624002,0.10211843426722263,0.006394789958333334,0.000939520082379847,0.002376618429664079,0.0011284717066532557,0.005408704583333337,0.929547043870381,0.09677499575692235,0.0027459375079808,-0.00534343851030028,-0.005390215885260541,1.0178607524568186,5.776270988261742e-07,-0.001957794000284541,0.010116154470556313,0.010116154470556313,0.12043659253466728,0.991321799357207,5.879439534506588e-07,0.92585139912447,0.1017238555494358,0.0036904376666666654,-0.0005339175099879829,0.0016028473409583693,0.0009973788062101353,-0.0003055678083333374,0.9253835285193268,0.09973793408240858,-0.0004678706051431947,-0.001985921467027224,-0.0019922545884247674,1.0064258843455982,-4.532831878970022e-08,-0.0025770928448537607,0.009437841203119968,0.009437841203119968,0.17660388879306138,0.9968211284670446,-4.5619593323823244e-08]"
/multi_agv/m2b_algorithm_state,1789558487.8169816,1789558487.8169816,m2b_algorithm_state_v1:header6+3x20,"[1.0,-0.15,0.52,0.9279969614507869,0.10174263705730346,1789558487.8168046,0.9263660293480573,0.10138479076568624,0.0036904376666666654,0.0015501534336989152,0.0010538246689776984,0.0003795789041495185,0.0009860853749999966,0.9269637333324845,0.10393751572330119,0.0005977039844271559,0.002552724957614952,0.002542568145938293,0.9921196392504522,2.1708806716478303e-07,0.003289698126472238,-0.011389700340228622,-0.011389700340228622,0.14190403228685866,1.0039947057831602,2.1537733488110247e-07,0.9277928552790271,0.10211867993518914,0.006394789958333334,0.0009393391458889424,0.00237647458076351,0.0011286249739635296,0.005408704583333337,0.9307547743834838,0.0985507432565935,0.002961919104456645,-0.003567936678595632,-0.00358851496966107,1.011690614221523,2.5720908926361745e-07,0.00011388391090973648,0.0021270005132446763,0.0021270005132446763,0.12043828707675674,0.9942655133838325,2.6021602150046767e-07,0.9268432066292334,0.10172394413072851,0.0036904376666666654,-0.0005333503420478143,0.001602813484088873,0.000997150572546712,-0.0003055678083333374,0.9264345657326233,0.10023798498405449,-0.00040864089661007963,-0.0014859591466740152,-0.0014894915074691898,1.0047810395580277,-2.534270961392099e-08,-0.0020002926282317894,0.007195647932343398,0.007195647932343398,0.1766091550466781,0.9976284787274976,-2.5463874111092754e-08]"
/multi_agv/m2b_algorithm_state,1789558487.8270612,1789558487.8270612,m2b_algorithm_state_v1:header6+3x20,"[1.0,-0.15,0.52,0.9290040377778067,0.10174273387140609,1789558487.8269176,0.9273623220344347,0.10138496524551642,0.0036904376666666654,0.0015497385641299586,0.001053804556732739,0.0003797691976949898,0.0009860853749999966,0.9275370690963541,0.10281696864517945,0.00017474706191944467,0.001432003399663026,0.001428779847491493,0.9955223090792793,6.835333200057882e-08,0.0016472136748907989,-0.004974526298997103,-0.004974526298997103,0.14191601730127593,1.0022561573619564,6.804726690647882e-08,0.9287890838108719,0.10211888374317912,0.006394789958333334,0.0009392026748616736,0.002376367080254793,0.0011287400576270035,0.005408704583333337,0.9312605576952669,0.097731732083908,0.002471473884395059,-0.00438715165927113,-0.004418457515839538,1.014507832052353,3.8902174772833283e-07,-0.0013291151603457146,0.007528258474379825,0.007528258474379825,0.12044581364687999,0.9929147544236463,3.9466560990908836e-07,0.9278394785070543,0.10172406218321482,0.0036904376666666654,-0.0005331624732377344,0.0016027610638034429,0.0009970964092840522,-0.0003055678083333374,0.926988273777575,0.09960373474494998,-0.0008512047294793046,-0.0021203274382648463,-0.0021275541287705648,1.0068711867694282,-5.1602981600323146e-08,-0.0031915600406196955,0.011658630240476442,0.011658630240476442,0.1766325585460334,0.9966032871229958,-5.1957555324758336e-08]"
/multi_agv/m2b_algorithm_state,1789558487.8372247,1789558487.8372247,m2b_algorithm_state_v1:header6+3x20,"[1.0,-0.15,0.52,0.9299971377351239,0.10174291762556713,1789558487.8371048,0.9283694046945808,0.10138497273846984,0.0036904376666666654,0.001550417510699449,0.001053673579167168,0.0003795430296832489,0.0009860853749999966,0.9284004467848821,0.1017314735564381,3.1042090301247605e-05,0.00034650081796826215,0.0003463105220981101,0.9989030550102014,4.006905955401745e-09,0.0003851131349746696,2.5494460076018336e-05,2.5494460076018336e-05,0.14188968517294887,1.000549494912829,4.002510599989372e-09,0.9297961516570932,0.10211898768716782,0.006394789958333334,0.000939183871378953,0.0023763416378592694,0.0011287614472851731,0.005408704583333337,0.9322369819435382,0.097731732083908,0.0024408302864450393,-0.004387255603259824,-0.004418562924168167,1.0145081726300895,3.890322329963893e-07,-0.0013675250661118682,0.007662473969389528,0.007662473969389528,0.1204292766296827,0.9929145920414298,3.946763797913701e-07,0.9288465569817462,0.10172424118858062,0.0036904376666666654,-0.0005338097321371271,0.001602668682460534,0.0009974250340788141,-0.0003055678083333374,0.9279636910218415,0.09939451803277162,-0.0008828659599047217,-0.0023297231558089965,-0.002338461481186344,1.0075676048008575,-6.238263725069248e-08,-0.003442043931067246,0.012624021491584031,0.012624021491584031,0.17658114176820044,0.9962632160300053,-6.285472439584098e-08]"
/multi_agv/m2b_algorithm_state,1789558487.8470812,1789558487.8470812,m2b_algorithm_state_v1:header6+3x20,"[1.0,-0.15,0.52,0.931003978721121,0.10174301438549131,1789558487.8469808,0.9293625385408677,0.10138519678777419,0.0036904376666666654,0.0015496644224897967,0.0010536870647654736,0.00037986245234314635,0.0009860853749999966,0.9294163564918917,0.10250404079952724,5.381795102399334e-05,0.0011188440117530507,0.0011168715152306379,0.9964890072697233,4.173382674831635e-08,0.0011841439540106295,-0.003175832235857613,-0.003175832235857613,0.14191288261644355,1.0017660908130561,4.1587299585996385e-08,0.9307892084744592,0.10211921841141429,0.006394789958333334,0.0009390141256376654,0.002376212218005991,0.0011289023575415252,0.005408704583333337,0.9331988188766221,0.09859886703173167,0.0024096104021629206,-0.0035203513796826236,-0.003540377081567511,1.011528434510395,2.502993626584773e-07,-0.0005283640788638602,0.004356818704809976,0.004356818704809976,0.12044384510281125,0.9943436245847516,2.5318492246887917e-07,0.9298396661900448,0.10172433767751286,0.0036904376666666654,-0.0005333643708081716,0.0016026312333964135,0.0009972514682728703,-0.0003055678083333374,0.929045441475929,0.10059384887314429,-0.000794224714115721,-0.0011304888043685707,-0.0011325277858970492,1.0036226913045194,-1.4664880465532688e-08,-0.0021253086785417005,0.007488095751829314,0.007488095751829314,0.17662643713908843,0.9981996189816541,-1.471800680047699e-08]"
/multi_agv/m2b_algorithm_state,1789558487.8570385,1789558487.8570385,m2b_algorithm_state_v1:header6+3x20,"[1.0,-0.15,0.52,0.9320027255858024,0.10174316176634367,1789558487.856884,0.9303693857077593,0.10138520715524749,0.0036904376666666654,0.0015503144356103604,0.0010535601708457245,0.00037964670175713545,0.0009860853749999966,0.9305965374390489,0.10398782402394677,0.00022715173128962096,0.002602616868699281,0.002592063222684057,0.9919702630045995,2.25671324041441e-07,0.002876002886796083,-0.009932468762123153,-0.009932468762123153,0.14189015062366012,1.004071523380628,2.238592426619844e-07,0.931796041116143,0.10211932265977341,0.006394789958333334,0.000938992349377844,0.0023761871850663807,0.001128924822846336,0.005408704583333337,0.9341820473702558,0.09859886703173167,0.0023860062541127824,-0.0035204556280417493,-0.0035404825036555246,1.011528773357174,2.503082794761305e-07,-0.0005579746860145465,0.004460629205918339,0.004460629205918339,0.12042957115846575,0.9943434614934269,2.5319402689963496e-07,0.9308465093394603,0.10172451334145301,0.0036904376666666654,-0.0005339903991767544,0.0016025419042675348,0.0009975693025884606,-0.0003055678083333374,0.9300595500523235,0.09995207544252885,-0.0007869592871367903,-0.001772437898924159,-0.0017774744238647294,1.005721242284038,-3.610639291436713e-08,-0.002761173532785717,0.009999286488830217,0.009999286488830217,0.17658205764118753,0.9971664712172795,-3.6312966336232896e-08]"
/multi_agv/m2b_algorithm_state,1789558487.8669796,1789558487.8669796,m2b_algorithm_state_v1:header6+3x20,"[1.0,-0.15,0.52,0.933002557141969,0.1017433014701945,1789558487.8668797,0.9313681546409391,0.10138534608767281,0.0036904376666666654,0.001550109902187438,0.0010535175209550381,0.00037975754540495697,0.0009860853749999966,0.9315709206150187,0.10453285525497626,0.0002027659740795329,0.0031475091673034417,0.0031321377511366014,0.9903497214528133,3.298777993777154e-07,0.0033855952187360175,-0.012029801103946844,-0.012029801103946844,0.141890571045169,1.0049076437207343,3.2669438672718747e-07,0.9327947592866539,0.10211950065496178,0.006394789958333334,0.0009388837891824223,0.002376101102554151,0.0011290166658543266,0.005408704583333337,0.9352508723163189,0.1005284591060007,0.0024561130296649747,-0.0015910415489610863,-0.0015950727502563509,1.0050979427609432,5.10562001325772e-08,0.0014750685368248675,-0.0035557961814896427,-0.0035557961814896427,0.12042983300098396,0.9974727163418617,5.131648171844434e-08,0.9318452628298145,0.10172463855639642,0.0036904376666666654,-0.0005339640878930436,0.0016024860835804414,0.0009975869380711962,-0.0003055678083333374,0.9307452212113968,0.09916112987760549,-0.001100041618417702,-0.0025635086787909322,-0.0025741074032865074,1.0083489451748655,-7.556410984584416e-08,-0.003949159426308635,0.014500675264854379,0.014500675264854379,0.17658287137111534,0.9958825632209273,-7.619499045613463e-08]"
/multi_agv/m2b_algorithm_state,1789558487.877119,1789558487.877119,m2b_algorithm_state_v1:header6+3x20,"[1.0,-0.15,0.52,0.9340030914230234,0.10174343598366244,1789558487.8768907,0.9323680058413809,0.1013854667831762,0.0036904376666666654,0.0015500214943475399,0.0010534647011903875,0.00037982334282901913,0.0009860853749999966,0.9324438977728553,0.10231107295692515,7.589193147439222e-05,0.0009256061737489552,0.0009242542117073324,0.9970890042240206,2.857338318721008e-08,0.0010191191260503227,-0.0024973772133771678,-0.0024973772133771678,0.141889913383322,1.0014627599468822,2.849020618944667e-08,0.933794565319431,0.1021196677406923,0.006394789958333334,0.0009387861844173655,0.0023760245323858342,0.0011290988114933537,0.005408704583333337,0.9361462274631869,0.09925212696751806,0.002351662143755928,-0.0028675407731742347,-0.0028807625133729685,1.0093216869419692,1.6596668351380474e-07,5.881516632194172e-05,0.0020104444687100795,0.0020104444687100795,0.12042941995615139,0.9954103331540326,1.675137729803173e-07,0.9328451002650952,0.10172476988671504,0.0036904376666666654,-0.0005340268634590078,0.0016024266768875361,0.0009976450552185928,-0.0003055678083333374,0.9318001868532133,0.09987210649166572,-0.0010449134118818426,-0.001852663395049317,-0.0018581694924514332,1.0059856061755041,-3.9453665172011844e-08,-0.0031643112573037364,0.011453760992313097,0.011453760992313097,0.17658158733007648,0.9970368163805917,-3.968981927391171e-08]"
/multi_agv/m2b_algorithm_state,1789558487.8870237,1789558487.8870237,m2b_algorithm_state_v1:header6+3x20,"[1.0,-0.15,0.52,0.935002598498731,0.1017435761461108,1789558487.8869452,0.9333685580818394,0.1013855760684094,0.0036904376666666654,0.0015500033589127007,0.0010534055184248325,0.0003798619895114207,0.0009860853749999966,0.9333123724947759,0.10070689826742749,-5.618558706343979e-05,-0.0006786778009819083,-0.0006794135224834334,1.0021736640735532,1.5378766798512577e-08,-0.0007496455063127331,0.004509552020669945,0.004509552020669945,0.14189076942658563,0.9989171226695109,1.5412195071398057e-08,0.9347950761888585,0.10211982747986267,0.006394789958333334,0.000938695899144251,0.002375954297505256,0.0011291744886006982,0.005408704583333337,0.9372962306254313,0.09935708021452498,0.002501154436572839,-0.002762747265337692,-0.0027750105397831557,1.0089703891554846,1.5403264166748055e-07,0.00035143250593289285,0.0009354627954508523,0.0009354627954508523,0.12042996078118302,0.9955808187862155,1.5541437440588516e-07,0.9338456399983723,0.10172490440271525,0.0036904376666666654,-0.0005341435773532498,0.0016023655416223196,0.0009977274520621814,-0.0003055678083333374,0.9329534254859975,0.09973225235310003,-0.000892214512374867,-0.001992652049615226,-0.0019990284056681296,1.0064480619108378,-4.565539484970863e-08,-0.0031142965461367134,0.011333875803728329,0.011333875803728329,0.17658326899411972,0.9968102724129262,-4.5949783662263296e-08]"
/multi_agv/m2b_algorithm_state,1789558487.8970518,1789558487.8970518,m2b_algorithm_state_v1:header6+3x20,"[1.0,-0.15,0.52,0.936002153589491,0.1017437151498954,1789558487.8969562,0.9343680848902571,0.10138570061488222,0.0036904376666666654,0.0015498799458277509,0.0010533577559616912,0.00037994032981273577,0.0009860853749999966,0.9347091898764671,0.10048881850144624,0.00034110498620998353,-0.0008968821134359845,-0.0008981690951618351,1.0028796266001108,2.6859327225495077e-08,-0.0004717878623993557,0.0036217897273420076,0.0036217897273420076,0.14189027803231438,0.9985671053114794,2.693667205863469e-08,0.9357945576442023,0.10211999566548642,0.006394789958333334,0.0009385942052920586,0.0023758774364137647,0.0011292585581267889,0.005408704583333337,0.9383697672358146,0.10100172801697238,0.002575209591612282,-0.0011182676485140403,-0.0011202519259045154,1.0035639018622833,2.5206035567673764e-08,0.002098760063610837,-0.005981173511786933,-0.005981173511786933,0.12042965138469419,0.9982287221788322,2.5295867404774177e-08,0.9348451529617336,0.10172503215796383,0.0036904376666666654,-0.0005341802396128547,0.0016023092497795544,0.000997772629619179,-0.0003055678083333374,0.9339672061560554,0.09838348935042993,-0.0008779468056782092,-0.0033415428075339038,-0.0033596572645513134,1.0109785609328255,-1.285084647380349e-07,-0.004457090771649075,0.016585145381151592,0.016585145381151592,0.17658230705018324,0.9946082425702942,-1.2991930274854527e-07]"
/multi_agv/m2b_algorithm_state,1789558487.9070227,1789558487.9070227,m2b_algorithm_state_v1:header6+3x20,"[1.0,-0.15,0.52,0.9369980020133378,0.10174387625406528,1789558487.9068491,0.9353676593510936,0.10138582325486921,0.0036904376666666654,0.0015497648059521595,0.0010533103951497532,0.000380014875058104,0.0009860853749999966,0.9358140577212168,0.10154221980460454,0.0004463983701232799,0.0001563965497353298,0.0001563577261750687,0.9995038180231915,8.160724288116341e-10,0.0007143556888291686,-0.001058012984161995,-0.001058012984161995,0.14188995654515674,1.0002482995961302,8.156675083806875e-10,0.9367940876541988,0.10212016241361024,0.006394789958333334,0.0009384924985180549,0.0023758021941236995,0.0011293417911444892,0.005408704583333337,0.9395232365591452,0.10196531406594468,0.0027291489049463546,-0.0001548483476655621,-0.00015488611744751137,1.000488116514323,4.829395672231776e-10,0.003256550013735432,-0.010546337540492157,-0.010546337540492157,0.12042944896342216,0.9997561448206481,4.831752980013592e-10,0.9358447137631803,0.10172515978120679,0.0036904376666666654,-0.0005342235867173612,0.0016022534546582604,0.0009978204464510193,-0.0003055678083333374,0.934889102673287,0.09819276594816317,-0.0009556110898933934,-0.003532393833043615,-0.0035526656948443773,1.0116304976845925,-1.4363599064328345e-07,-0.004747179557211119,0.017674539099710566,0.017674539099710566,0.17658167772758776,0.9942939011035625,-1.453065486998843e-07]"
/multi_agv/m2b_algorithm_state,1789558487.9170902,1789558487.9170902,m2b_algorithm_state_v1:header6+3x20,"[1.0,-0.15,0.52,0.9380005004085925,0.10174399477560774,1789558487.9169378,0.9363635342670218,0.10138600023194612,0.0036904376666666654,0.001549289079572891,0.001053301932320116,0.00038022548819539306,0.0009860853749999966,0.9368867449815662,0.10147722545453296,0.0005232107145444198,9.122522258683818e-05,9.121200707087335e-05,0.999710366228221,2.7758146658393724e-10,0.0007452254002513981,-0.001138177479374061,-0.001138177479374061,0.14190103598344092,1.0001448878978683,2.7750106961679455e-10,0.9377899023688923,0.10212036168526985,0.006394789958333334,0.0009383497201874563,0.002375701066663405,0.0011294562936137176,0.005408704583333337,0.9405362617509552,0.10196073748512297,0.002746359382062913,-0.00015962420014688228,-0.00015966433700621475,1.000503197100951,5.131118838498726e-10,0.003273284890572426,-0.010603515153831415,-0.010603515153831415,0.12043640535134797,0.9997486172548921,5.133700802622894e-10,0.9368405694040993,0.10172526684497986,0.0036904376666666654,-0.0005339923575142049,0.0016022117774736784,0.0009977418993739069,-0.0003055678083333374,0.9360353014858844,0.10005375039553317,-0.0008052679182148914,-0.001671516449446686,-0.0016759922878247556,1.0053892707524221,-3.210955553419393e-08,-0.00268257718559337,0.009680590993700024,0.009680590993700024,0.17660330441572397,0.997329439753044,-3.228260262270764e-08]"
/multi_agv/m2b_algorithm_state,1789558487.9270115,1789558487.9270115,m2b_algorithm_state_v1:header6+3x20,"[1.0,-0.15,0.52,0.9390021441001198,0.10174411812660766,1789558487.9269,0.9373660456206557,0.10138607285807746,0.0036904376666666654,0.0015494965886949327,0.0010532261005670833,0.0003801749863701128,0.0009860853749999966,0.937655214029233,0.0999270813819416,0.0002891684085772894,-0.0014589914761358597,-0.001462411654260842,1.0047142322749119,7.108653546514399e-08,-0.0011009511435392302,0.006090878902563114,0.006090878902563114,0.1418909283299748,0.997661275390539,7.142165390494544e-08,0.9387923841500114,0.10212049920625105,0.006394789958333334,0.0009382780527397317,0.0023756512242566474,0.001129513291929965,0.005408704583333337,0.9411499331471259,0.10073859089938925,0.002357548997114489,-0.001381908306861801,-0.0013849445402133304,1.0044172946757688,3.8485848612605206e-08,0.001561991706179781,-0.003960593163152891,-0.003960593163152891,0.1204300573939954,0.9978076859662107,3.865585194677411e-08,0.9378430714551105,0.10172541226249467,0.0036904376666666654,-0.0005342830811275079,0.00160214520842471,0.0009979025503989098,-0.0003055678083333374,0.9370074757685164,0.09955580273765706,-0.0008355956865940817,-0.002169609524837607,-0.0021771787349553445,1.0070346767894691,-5.4144620465294307e-08,-0.0032216733431979466,0.011783424594850139,0.011783424594850139,0.17658356895800217,0.9965233859782795,-5.452551037015613e-08]"
/multi_agv/m2b_algorithm_state,1789558487.9373722,1789558487.9373722,m2b_algorithm_state_v1:header6+3x20,"[1.0,-0.15,0.52,0.9400022002102201,0.10174425075585586,1789558487.937138,0.9383677036545599,0.101386160386517,0.0036904376666666654,0.001549599083975691,0.0010531596562318281,0.00038016512121787343,0.0009860853749999966,0.9385403521766511,0.09928723291481166,0.00017264852209120107,-0.002098927471705342,-0.0021060401692334137,1.0068310907043385,1.4719414632212408e-07,-0.0018902295166194124,0.009147275538807152,0.009147275538807152,0.1418936815786382,0.9966227151637564,1.481996428867982e-07,0.9397940091836345,0.10212064383192468,0.006394789958333334,0.0009381979970215157,0.0023755952505438716,0.001129577115951047,0.005408704583333337,0.9421555634846962,0.10073859089938925,0.0023615543010616635,-0.0013820529325354325,-0.001385089798815494,1.0044177555782041,3.84905986494451e-08,0.0015668530775115855,-0.003977779370916839,-0.003977779370916839,0.12043179439703876,0.9978074589224045,3.8660640706337104e-08,0.9388447194621653,0.10172555016138131,0.0036904376666666654,-0.0005344935960292173,0.0016020837899625943,0.0009980257542459231,-0.0003055678083333374,0.9379039200023092,0.09809254459512588,-0.0009407994598561453,-0.003633005566255426,-0.0036544648189905725,1.0119752288824948,-1.5202090761195398e-07,-0.0048304641438107546,0.01800396632285283,0.01800396632285283,0.17658896990627118,0.9941279356080723,-1.5384139277553172e-07]"
/multi_agv/m2b_algorithm_state,1789558487.9469361,1789558487.9469361,m2b_algorithm_state_v1:header6+3x20,"[1.0,-0.15,0.52,0.9409955266223761,0.10174442419013159,1789558487.9468546,0.9393677769951023,0.10138627280275062,0.0036904376666666654,0.0015495320862625853,0.0010531102747931781,0.0003802198496269335,0.0009860853749999966,0.9395702678409468,0.09968858901975405,0.00020249084584444965,-0.0016976837829965619,-0.0017023229286393337,1.005500269776609,9.626634992712721e-08,-0.0014492093713337716,0.007422623184132863,0.007422623184132863,0.14189513306296916,0.9972748145697128,9.679584082213585e-08,0.9407940428993906,0.10212080213110603,0.006394789958333334,0.0009381009749437827,0.002375528067511956,0.0011296541257504872,0.005408704583333337,0.943148774714905,0.10109718457658098,0.002354731815514377,-0.0010236175545250414,-0.0010252789366749229,1.003258711227821,2.110721093115297e-08,0.0019181358327180484,-0.005387574410244033,-0.005387574410244033,0.1204327083010476,0.9983795803361869,2.1175993236402305e-08,0.939844780736167,0.10172567733371095,0.0036904376666666654,-0.0005345748288625809,0.0016020297230766155,0.0009980890942853024,-0.0003055678083333374,0.9388752947342529,0.09855605410137111,-0.0009694860019140439,-0.0031696232323398382,-0.0031859004327297784,1.0103935195442901,-1.1569775144229104e-07,-0.004397757935122333,0.016310854895864434,0.016310854895864434,0.1765918114128473,0.9948908634360574,-1.1690025828313691e-07]"
/multi_agv/m2b_algorithm_state,1789558487.9568748,1789558487.9568748,m2b_algorithm_state_v1:header6+3x20,"[1.0,-0.15,0.52,0.941995223200383,0.10174455668910039,1789558487.9567971,0.9403611337727765,0.10138648504635364,0.0036904376666666654,0.0015488058907460888,0.001053130590936634,0.00038052406229067363,0.0009860853749999966,0.9407162519091404,0.10131477237758107,0.00035511813636390777,-7.171266877256666e-05,-7.172084548626258e-05,1.0002281028629356,1.7150057643148168e-10,0.0003721768249686221,0.00026017657630834955,0.00026017657630834955,0.1419047894997003,0.999885992508308,1.715396962039608e-10,0.9417873308709356,0.102121020241333,0.006394789958333334,0.0009379301876994706,0.002375412745678429,0.0011297881536042192,0.005408704583333337,0.9442188854705227,0.1019364712796668,0.0024315545995871046,-0.00018454896166619772,-0.00018460262127952687,1.000581929702562,6.855668361704774e-10,0.002854840628204354,-0.00910719826933882,-0.00910719826933882,0.12043876261746798,0.999709323665302,6.859657878755364e-10,0.9408381152234162,0.10172576728270814,0.0036904376666666654,-0.0005341536334697874,0.0016020008081529917,0.0009979215642190327,-0.0003055678083333374,0.9400635741391716,0.10076801610091277,-0.0007745410842445732,-0.0009577511817953771,-0.0009592127186468141,1.0030630851375744,-1.0539981218531299e-08,-0.0019273890739525306,0.006714523482833214,0.006714523482833214,0.17661063360976106,0.9984763162299403,-1.0572266078352095e-08]"
/multi_agv/m2b_algorithm_state,1789558487.9669435,1789558487.9669435,m2b_algorithm_state_v1:header6+3x20,"[1.0,-0.15,0.52,0.9429965518514954,0.10174467818635209,1789558487.9668627,0.9413608478456932,0.10138659523089669,0.0036904376666666654,0.0015487501375735023,0.0010530869178237744,0.00038057094740608587,0.0009860853749999966,0.9417806915511361,0.10101962237684017,0.0004198437054429016,-0.00036697285405651314,-0.00036718745144170373,1.0011711777225405,4.491746385551837e-09,0.0001576171803619233,0.00115487742321732,0.00115487742321732,0.14190461004725108,0.9994155644907037,4.497007018853897e-09,0.9427870056129165,0.10212117914990525,0.006394789958333334,0.0009378260365977085,0.002375347237600356,0.0011298673824145788,0.005408704583333337,0.9452331610832926,0.10153328483869539,0.002446155470376077,-0.000587894311209855,-0.0005884405132071942,1.0018623136971954,6.958203864210634e-09,0.002469253824762902,-0.007545846704710368,-0.007545846704710368,0.12043864992249625,0.9990717804347594,6.971162222574831e-09,0.9418378161425395,0.10172589568649923,0.0036904376666666654,-0.0005342449935871138,0.0016019471196907775,0.0009979890973005117,-0.0003055678083333374,0.9410350620560746,0.09917300963783017,-0.0008027540864649074,-0.002552886048669059,-0.002563396096557965,1.008313213296299,-7.49776394941213e-08,-0.0035668387046390994,0.013151435381797805,0.013151435381797805,0.17661028321730346,0.9958999516684064,-7.560094460368894e-08]"
/multi_agv/m2b_algorithm_state,1789558487.9770539,1789558487.9770539,m2b_algorithm_state_v1:header6+3x20,"[1.0,-0.15,0.52,0.9440022155196424,0.10174477184502699,1789558487.97696,0.9423621904034981,0.10138668031493006,0.0036904376666666654,0.0015488540684958285,0.0010530270269602836,0.0003805570511202336,0.0009860853749999966,0.9426003371610787,0.09907768516881249,0.000238146757580604,-0.0023089951461175706,-0.0023176163966327095,1.0075325175826022,1.7807046520899437e-07,-0.0020199329496569545,0.009691141397776212,0.009691141397776212,0.14189864689405987,0.9962801218839904,1.7941178411912328e-07,0.943788316794375,0.1021213221769148,0.006394789958333334,0.0009377399376253428,0.002375294828638963,0.0011299319716881334,0.005408704583333337,0.9462028257414182,0.10099329314009242,0.0024145089470432035,-0.001128029036822381,-0.0011300482202398206,1.0035953453025135,2.5624674836920447e-08,0.0018880879635641838,-0.005232501907051006,-0.005232501907051006,0.12043490494427565,0.9982131882681866,2.5716804391223804e-08,0.942839148356613,0.10172603206721141,0.0036904376666666654,-0.0005344584274734596,0.001601888451468414,0.0009981121358091016,-0.0003055678083333374,0.941931082089121,0.09860420825025526,-0.0009080662674919582,-0.0031218238169561513,-0.003137608016178987,1.010231228572355,-1.1220646938881335e-07,-0.004272690850543935,0.015853662037247206,0.015853662037247206,0.1765986395068861,0.9949693527230155,-1.1335447942442725e-07]"
/multi_agv/m2b_algorithm_state,1789558487.9870598,1789558487.9870598,m2b_algorithm_state_v1:header6+3x20,"[1.0,-0.15,0.52,0.9450008152949262,0.10174490953039335,1789558487.9868884,0.9433678588982679,0.10138670077253994,0.0036904376666666654,0.0015493752256748685,0.0010529226888712708,0.0003803854221479078,0.0009860853749999966,0.9434552849099239,0.09742616250705714,8.742601165601105e-05,-0.003960538265482802,-0.003986220412660936,1.0131620640867867,5.246377885681399e-07,-0.0038769378980909224,0.01687254839752202,0.01687254839752202,0.1419001991427171,0.9935572686606683,5.315431047636238e-07,0.9447939738729123,0.1021214246546555,0.006394789958333334,0.0009377026351719952,0.0023752750598097228,0.0011299584288855108,0.005408704583333337,0.9471988637991974,0.10061014049327832,0.00240488992628507,-0.0015112841613771771,-0.0015149190381272227,1.0048378832651172,4.6004905550891747e-08,0.0014911933697291145,-0.003650940502617151,-0.003650940502617151,0.12043589804787333,0.9976006131954491,4.6227471913569704e-08,0.943844813787747,0.10172619010788554,0.0036904376666666654,-0.0005349899984805283,0.0016018155283936417,0.0009983804916321197,-0.0003055678083333374,0.9430306530215194,0.09999611245311565,-0.0008141607662275341,-0.0017300776547698876,-0.0017348746710155703,1.005581708152014,-3.446433449609872e-08,-0.002752575628799988,0.009950606735631041,0.009950606735631041,0.17660172933070561,0.9972349494024979,-3.465670435290933e-08]"
/multi_agv/m2b_algorithm_state,1789558487.9969203,1789558487.9969203,m2b_algorithm_state_v1:header6+3x20,"[1.0,-0.15,0.52,0.9459948982915497,0.1017450741619051,1789558487.9968367,0.9443664773755077,0.10138683289435822,0.0036904376666666654,0.001549154282684173,0.001052891754059893,0.0003804972849746704,0.0009860853749999966,0.9447510399606884,0.09940501734214671,0.0003845625851807144,-0.0019818155522115105,-0.001988151016793426,1.006441377647658,1.3117844239597173e-07,-0.001507447785317533,0.0077485036251900095,0.0077485036251900095,0.1418964968035402,0.9968133886568971,1.3202341228267573e-07,0.9457925493338788,0.10212159130885444,0.006394789958333334,0.0009375896946701816,0.002375202116857489,0.001130045335383273,0.005408704583333337,0.9482062300870164,0.10070032294094579,0.002413680753137637,-0.0014212683679086513,-0.001424480934269843,1.0045450724433478,4.06804110354399e-08,0.0015926200071522032,-0.004051133910138287,-0.004051133910138287,0.12043356695836445,0.997744745974548,4.086530645062114e-08,0.9448434191753924,0.10172630438796738,0.0036904376666666654,-0.000534954887350446,0.0016017716003665135,0.00099838812617907,-0.0003055678083333374,0.9441840592767944,0.10138740623267145,-0.0006593598985979998,-0.00033889815529593303,-0.00033908029442746376,1.0010762709038685,-1.3211080278496924e-09,-0.0011632801676749636,0.0037420920484790006,0.0037420920484790006,0.1765944811909735,0.999462843655252,-1.3225298979809342e-09]"
/multi_agv/m2b_algorithm_state,1789558488.0072103,1789558488.0072103,m2b_algorithm_state_v1:header6+3x20,"[1.0,-0.15,0.52,0.9470006966686655,0.10174516433047205,1789558488.007105,0.9453605878446166,0.10138703029298601,0.0036904376666666654,0.001548502181646033,0.0010529079157811636,0.00038077154133671874,0.0009860853749999966,0.9459401303064864,0.10181863096575156,0.0005795424618697531,0.0004316006727655419,0.0004313056245493725,0.9986350072667431,6.208657623214381e-09,0.001155733701886564,-0.002755085822203973,-0.002755085822203973,0.14190074259895552,1.000684081540735,6.200182850675413e-09,0.9467865975097519,0.10212179762420336,0.006394789958333334,0.0009374265827188453,0.0023750976546066394,0.0011301703868947521,0.005408704583333337,0.9493137563656407,0.10173313393403072,0.0025271588558888336,-0.0003886636901726387,-0.0003889020546583006,1.0012283964756734,3.039491553235725e-09,0.0027700465152027415,-0.00870813610791442,-0.00870813610791442,0.12043622109148763,0.9993870835013424,3.0432252539475588e-09,0.9458375095202806,0.10172639456852595,0.0036904376666666654,-0.0005345913535619198,0.0016017441391822877,0.000998244834296399,-0.0003055678083333374,0.9450756978855591,0.09991493855658452,-0.0007618116347214432,-0.001811456011941423,-0.0018167181423695972,1.005849619992817,-3.775666512137395e-08,-0.002768982685771401,0.010042203836825447,0.010042203836825447,0.17660273153342046,0.9971034965163553,-3.797752726453004e-08]"
/multi_agv/m2b_algorithm_state,1789558488.0172641,1789558488.0172641,m2b_algorithm_state_v1:header6+3x20,"[1.0,-0.15,0.52,0.9480026696879854,0.10174527837885168,1789558488.0171251,0.9463663900086682,0.10138704529445415,0.0036904376666666654,0.0015490461660979914,0.0010528045420480124,0.0003805895159498967,0.0009860853749999966,0.9470948181844687,0.10239164760187414,0.000728428175800544,0.0010046023074199856,0.0010030107185960942,0.9968434751471625,3.363537857750164e-08,0.0019135459383467742,-0.005721525371511491,-0.005721525371511491,0.1418985829542948,1.001586811381357,3.352920766908716e-08,0.9477923908059556,0.10212189575476063,0.006394789958333334,0.0009373897802070373,0.002375082411870122,0.0011301942728657588,0.005408704583333337,0.9503306794499146,0.10173313393403072,0.002538288643958997,-0.00038876182072991594,-0.00038900030545536523,1.001228706356249,3.0409060426917836e-09,0.0027838604994933807,-0.008757098176485918,-0.008757098176485918,0.1204348804524864,0.9993869292077544,3.044642423275195e-09,0.9468433091913728,0.10172655194220136,0.0036904376666666654,-0.000535140969111184,0.0016016726459134323,0.000998520268069368,-0.0003055678083333374,0.9460260549543164,0.10004292310558492,-0.000817254237056475,-0.0016836288366164354,-0.001688170114106076,1.0054289729007313,-3.264673894362578e-08,-0.00270973791042667,0.009780260891950972,0.009780260891950972,0.17659856525519876,0.9973099408337497,-3.282397720464798e-08]"
/multi_agv/m2b_algorithm_state,1789558488.0271764,1789558488.0271764,m2b_algorithm_state_v1:header6+3x20,"[1.0,-0.15,0.52,0.9490020551282208,0.10174540797198561,1789558488.0270379,0.9473683741902139,0.10138712351205936,0.0036904376666666654,0.0015491654254740765,0.001052741124044253,0.00038057080993435764,0.0009860853749999966,0.9477483601443306,0.10037382066260245,0.00037998595411670166,-0.0010133028494569152,-0.0010149470464844703,1.0032576450445692,3.427159790527687e-08,-0.0005399646038385933,0.003913589427170406,0.003913589427170406,0.14190681883457576,0.998380016934627,3.438324260636246e-08,0.9487943489319595,0.10212202862117654,0.006394789958333334,0.00093731317281297,0.0023750377319222693,0.001130250726974591,0.005408704583333337,0.9513541638178634,0.10040316859194338,0.002559814885903955,-0.0017188600292331602,-0.001723569352248811,1.0055152918286319,5.9493730030634286e-08,0.0014761992551311327,-0.0035020558307159886,-0.0035020558307159886,0.12044006591229939,0.9972676916020198,5.982185531372708e-08,0.9478452859417827,0.10172668300331913,0.0036904376666666654,-0.0005353658440310845,0.0016016184731772517,0.0009986459273078423,-0.0003055678083333374,0.9473459347057034,0.10176074508633157,-0.0004993512360793595,3.406208301243163e-05,3.4060248263567516e-05,0.9998922842270267,-1.335249317727116e-11,-0.0005901287968356319,0.001544512927607814,0.001544512927607814,0.17661468943850872,1.000053867747819,-1.3351054903147449e-11]"
/multi_agv/m2b_algorithm_state,1789558488.0370042,1789558488.0370042,m2b_algorithm_state_v1:header6+3x20,"[1.0,-0.15,0.52,0.9499957396053,0.10174557194543522,1789558488.0368664,0.9483677757304272,0.10138724182712228,0.0036904376666666654,0.0015490154494991683,0.0010527050543977612,0.0003806545820639741,0.0009860853749999966,0.9485884509167423,0.09935252578941864,0.000220675186315078,-0.0020347160377036377,-0.0020413968687979832,1.0066172249222658,1.382671772585269e-07,-0.0017655528859041357,0.008680398795267972,0.008680398795267972,0.14190589681951954,0.9967273237279531,1.3918212226981337e-07,0.949793713221205,0.10212218431405377,0.006394789958333334,0.0009372086997644809,0.002374974278952391,0.0011303290262044963,0.005408704583333337,0.9522801229401875,0.09949795024888111,0.0024864097189825074,-0.002624234065172662,-0.002635286556848702,1.0085070589709892,1.3874061068516537e-07,0.0004727255918794324,0.00044556678701525624,0.00044556678701525624,0.12043948541129063,0.9958059621078718,1.3992088524193514e-07,0.9488446764330304,0.10172679777478078,0.0036904376666666654,-0.0005353851255797347,0.0016015752503178212,0.0009986767724613002,-0.0003055678083333374,0.9484673241861532,0.10288804770465113,-0.00037735224687718283,0.0011612499298703505,0.0011591356280362265,0.9963746515639713,-1.550739931865595e-08,0.0006874453194397479,-0.003510150727126226,-0.003510150727126226,0.17661288428393082,1.0018240331700494,-1.545117959278919e-08]"
/multi_agv/m2b_algorithm_state,1789558488.0470552,1789558488.0470552,m2b_algorithm_state_v1:header6+3x20,"[1.0,-0.15,0.52,0.9510011154829002,0.10174566157797209,1789558488.046934,0.9493614874529743,0.10138744381019357,0.0036904376666666654,0.0015483132483080073,0.001052728145219639,0.0003809469507436683,0.0009860853749999966,0.949608960322132,0.10055369070646669,0.0002474728691577166,-0.0008337531037268808,-0.000834864730947587,1.0026749630855205,2.3186642363000906e-08,-0.0005255236445004413,0.003782551539124574,0.003782551539124574,0.14189274289931822,0.9986684942128955,2.32486657753991e-08,0.9507873630479942,0.10212239048454332,0.006394789958333334,0.0009370414223542484,0.002374870328082479,0.0011304556173242913,0.005408704583333337,0.953396691283136,0.1008403530033913,0.0026093282351418168,-0.0012820374811520208,-0.001284648667843546,1.0040933076294538,3.307794290788058e-08,0.0019770116260837247,-0.005475004927678939,-0.005475004927678939,0.12043119703052464,0.9979673923642419,3.3213341103952046e-08,0.9498383683149315,0.10172688154156877,0.0036904376666666654,-0.0005349834626246198,0.0016015529961486644,0.0009985142441453028,-0.0003055678083333374,0.9493979230165079,0.10228641319930214,-0.00044044529842357516,0.0005595316577333698,0.0005590385405146401,0.9982411378640752,-3.5991321189902963e-09,8.481917485171132e-06,-0.000817382609431713,-0.000817382609431713,0.17658711186481982,1.0008820808996026,-3.5928017417840137e-09]"
/multi_agv/m2b_algorithm_state,1789558488.0569668,1789558488.0569668,m2b_algorithm_state_v1:header6+3x20,"[1.0,-0.15,0.52,0.951994252601569,0.10174582719401448,1789558488.0568588,0.9503668669721641,0.10138746340281096,0.0036904376666666654,0.00154880735065888,0.0010526321209610723,0.00038078272449067175,0.0009860853749999966,0.9507707661767355,0.1018593195455714,0.0004038992045714007,0.0004718561427604351,0.00047150359902627765,0.9985083859931422,7.422069465504186e-09,0.0009763776047405285,-0.0021357557982579103,-0.0021357557982579103,0.14190507738477928,1.000747701045942,7.410998602729568e-09,0.9517927339835004,0.10212248869247893,0.006394789958333334,0.0009369998748014865,0.00237485550180061,0.001130481343520548,0.005408704583333337,0.9542301876306055,0.1014949510888784,0.0024374536471051256,-0.0006275376036005281,-0.0006281601293790397,1.0019887563477714,7.92144815564897e-09,0.0024186569295023674,-0.007348452923648919,-0.007348452923648919,0.1204389694707442,0.9990089696091873,7.93720198595206e-09,0.9508437454930361,0.10172703263862636,0.0036904376666666654,-0.0005354951052054606,0.001601486631646748,0.0009987705499068644,-0.0003055678083333374,0.9503746827334444,0.10185710997302472,-0.0004690627595916874,0.00013007733439836244,0.000130050597007068,0.999589102957556,-1.947592804197738e-10,-0.00045627785248254126,0.0010264735193380344,0.0010264735193380344,0.1766112799008033,1.0002055922226405,-1.9467925440746078e-10]"
/multi_agv/m2b_algorithm_state,1789558488.0668812,1789558488.0668812,m2b_algorithm_state_v1:header6+3x20,"[1.0,-0.15,0.52,0.9529940827168888,0.1017459497885121,1789558488.0667856,0.9513600319248218,0.1013876715127922,0.0036904376666666654,0.0015480563040758577,0.0010526621935109445,0.0003810926342456859,0.0009860853749999966,0.9514478336333965,0.1021432719637172,8.780170857469738e-05,0.0007556004509250008,0.0007546983748770432,0.9976191312135523,1.9019156038907006e-08,0.0008644505105954149,-0.0018697461329534927,-0.0018697461329534927,0.14189550283513785,1.0011952802311317,1.8973873923949393e-08,0.9527858358445638,0.1021226977308574,0.006394789958333334,0.0009368263039341573,0.0023747497289844377,0.001130611610528784,0.005408704583333337,0.9551715077134265,0.10036392130417456,0.0023856718688627376,-0.0017587764266828454,-0.0017637084623782094,1.005645874081982,6.225811331287314e-08,0.0012183813737002126,-0.002574490670722809,-0.002574490670722809,0.12043293036819101,0.9972035992339041,6.260961478121939e-08,0.9518368900353213,0.10172711233839382,0.0036904376666666654,-0.0005350564489223692,0.0016014676420561605,0.000998590287973701,-0.0003055678083333374,0.951096217164735,0.10318271840653806,-0.000740672870586323,0.0014556060681442384,0.0014522914832088847,0.9954709834963448,-2.4345313252901414e-08,0.0005264503949759809,-0.0030714022185619957,-0.0030714022185619957,0.17659250059722745,1.002282313828647,-2.4235052927392368e-08]"
/multi_agv/m2b_algorithm_state,1789558488.0769975,1789558488.0769975,m2b_algorithm_state_v1:header6+3x20,"[1.0,-0.15,0.52,0.9539940800315326,0.10174607051737161,1789558488.0768588,0.9523598763778168,0.10138777246560711,0.0036904376666666654,0.0015480090382727157,0.0010526249953803687,0.0003811324723108102,0.0009860853749999966,0.9522994378987444,0.10054050812377173,-6.043847907244437e-05,-0.0008472643418353798,-0.0008484124016632267,1.0027187153978152,2.393970645097595e-08,-0.0009239605005037821,0.005198389187007987,0.005198389187007987,0.14189485022420836,0.9986468139485041,2.4004791699523392e-08,0.9537856481052897,0.10212284455722863,0.006394789958333334,0.0009367228902149981,0.0023746961652025833,0.0011306843061495708,0.005408704583333337,0.9561697088077563,0.10036392130417456,0.0023840607024666616,-0.0017589232530540733,-0.0017638561079336486,1.005646343609804,6.22615994141454e-08,0.0012162197701496783,-0.0025669007258315303,-0.0025669007258315303,0.12043252051525694,0.9972033688817428,6.261314979813363e-08,0.9528367236675599,0.10172723234270058,0.0036904376666666654,-0.0005351556135561142,0.0016014225929186568,0.0009986567099020943,-0.0003055678083333374,0.9521793792992255,0.10381208410607345,-0.0006573443683344227,0.0020848517633728775,0.0020780845371914628,0.9935597447054288,-4.99295737456987e-08,0.0012564040767734344,-0.005971810372963829,-0.005971810372963829,0.17659122638583818,1.003256472997273,-4.9608014544027287e-08]"
/multi_agv/m2b_algorithm_state,1789558488.0871518,1789558488.0871518,m2b_algorithm_state_v1:header6+3x20,"[1.0,-0.15,0.52,0.9550009581318162,0.10174614722223035,1789558488.0871105,0.9533598874116497,0.1013878704468464,0.0036904376666666654,0.0015479763563116021,0.0010525866256382733,0.00038116659823032254,0.0009860853749999966,0.9536602162124688,0.10038659901811008,0.0003003288008190941,-0.0010012714287363222,-0.0010028766508106233,1.003218495060256,3.3436510726134895e-08,-0.0006274656497867557,0.004216625511657744,0.004216625511657744,0.14189360515685331,0.9983993823437775,3.354412597073916e-08,0.9547856282872653,0.10212298884362407,0.006394789958333334,0.0009366215442965396,0.002374644767198064,0.0011307549787573506,0.005408704583333337,0.9575997178992544,0.10032318353355264,0.0028140896119890346,-0.0017998053100714284,-0.001804971725905957,1.0057802458846208,6.518415132027622e-08,0.0017126402890803364,-0.004299218503849428,-0.004299218503849428,0.1204317385671787,0.9971376749228936,6.556093174268774e-08,0.9538367243956829,0.1017273522616444,0.0036904376666666654,-0.0005352659985022996,0.0016013778427780801,0.0009987278399275715,-0.0003055678083333374,0.9534288833266644,0.10232856109080564,-0.0004078410690184775,0.0006012088291612455,0.0006006396994069746,0.9981110377816258,-4.157331693099568e-09,9.083836313387777e-05,-0.0011294733047622026,-0.0011294733047622026,0.1765887954101091,1.0009475393565108,-4.149478650602053e-09]"
/multi_agv/m2b_algorithm_state,1789558488.097128,1789558488.097128,m2b_algorithm_state_v1:header6+3x20,"[1.0,-0.15,0.52,0.9559972440626457,0.10174629018026347,1789558488.0969794,0.9543667650385469,0.10138786389954092,0.0036904376666666654,0.0015486234066211424,0.0010524774860998006,0.00038094289664481135,0.0009860853749999966,0.9547732421240888,0.10174638764749568,0.00040647708554186757,0.00035852374795475317,0.00035832004369615376,0.9988651927398835,4.284737144499304e-09,0.0008664164006234882,-0.001692566953250014,-0.001692566953250014,0.14190953299141645,1.0005684980848353,4.279874793680036e-09,0.9557925065657055,0.10212306904174832,0.006394789958333334,0.000936596734695744,0.002374645301667977,0.0011307654585539229,0.005408704583333337,0.9585976705280259,0.10032318353355264,0.002805163962320445,-0.001799885508195681,-0.001805052381991477,1.0057805024416453,6.51882134560644e-08,0.0017014025709090792,-0.004259566896777074,-0.004259566896777074,0.12044177477603205,0.9971375491108488,6.556503408311367e-08,0.9548436027911961,0.1017275087254018,0.0036904376666666654,-0.0005358947399404031,0.0016013089568274134,0.0009990362158533508,-0.0003055678083333374,0.9543785637732068,0.10204512742618713,-0.00046503901798922165,0.0003176187007853243,0.00031745951402336036,0.9989988318472113,-1.1619108468149835e-09,-0.0002638392584631667,0.00025870874425578414,0.00025870874425578414,0.1766200034820082,1.0005014395692429,-1.1607475786787725e-09]"
/multi_agv/m2b_algorithm_state,1789558488.1069934,1789558488.1069934,m2b_algorithm_state_v1:header6+3x20,"[1.0,-0.15,0.52,0.9569939523502596,0.10174642927766607,1789558488.106857,0.9553630714902527,0.10138802339147555,0.0036904376666666654,0.0015481714031650128,0.0010524778766112688,0.0003811386215082308,0.0009860853749999966,0.9558671554611242,0.10210458693939709,0.0005040839708715383,0.000716563547921531,0.0007157520365988679,0.9977411421067545,1.710645310249493e-08,0.0013458570001882908,-0.0035648619612469847,-0.0035648619612469847,0.14189764126380092,1.0011337883529041,1.7067812055878926e-08,0.9567887660738958,0.10212324577585705,0.006394789958333334,0.0009364581149976028,0.0023745660337499697,0.0011308667867807043,0.005408704583333337,0.9597211265776504,0.10094785735205268,0.002932360503754561,-0.001175388423804366,-0.0011775814447724992,1.0037482112078882,2.7784118439914857e-08,0.0024878691849207018,-0.007331882556152119,-0.007331882556152119,0.1204342875432836,0.9981376906218518,2.7888259184052637e-08,0.955839894623789,0.10172760137345783,0.0036904376666666654,-0.0005356842279148019,0.0016012822221252165,0.0009989588759342027,-0.0003055678083333374,0.9555287171987833,0.10354970539434463,-0.00031117742500574863,0.0018221040208867972,0.0018169246920721157,0.9943544351870002,-3.8182640756053995e-08,0.00142795291081493,-0.006461537110269307,-0.006461537110269307,0.176596721704174,1.0028506018093544,-3.7967078182934205e-08]"
/multi_agv/m2b_algorithm_state,1789558488.1171265,1789558488.1171265,m2b_algorithm_state_v1:header6+3x20,"[1.0,-0.15,0.52,0.9580006213719106,0.10174650482413738,1789558488.116979,0.9563597992887198,0.10138817223597386,0.0036904376666666654,0.0015477880527421804,0.00105247493762004,0.0003813063196917237,0.0009860853749999966,0.9567777334647212,0.10071375409516112,0.0004179341760013333,-0.0006744181408127464,-0.0006751446070323015,1.0021598413761208,1.516439602668046e-08,-0.00015272688703063487,0.002391487741195114,0.002391487741195114,0.14189029399745878,0.998923984266499,1.5197148716662766e-08,0.9577854496898963,0.10212341731707818,0.006394789958333334,0.0009363224114316924,0.002374492018910268,0.0011309641182363495,0.005408704583333337,0.9607294160863592,0.10094785735205268,0.0029439663964628826,-0.0011755599650254966,-0.0011777536239038144,1.0037487568283725,2.7788183017475288e-08,0.002502204371674789,-0.007382614900889768,-0.007382614900889768,0.12042965900721755,0.998137421245161,2.7892354158310113e-08,0.9568366080721625,0.10172769827994614,0.0036904376666666654,-0.0005355266174765657,0.0016012531558660618,0.000998905680010773,-0.0003055678083333374,0.956586779845225,0.1038113255132359,-0.0002498282269375318,0.002083627233289753,0.0020768679342750987,0.9935634781826513,-4.990545226049373e-08,0.001764582650603184,-0.007788656987061398,-0.007788656987061398,0.1765823304779707,1.0032545637125518,-4.9584234728214406e-08]"
/multi_agv/m2b_algorithm_state,1789558488.1270401,1789558488.1270401,m2b_algorithm_state_v1:header6+3x20,"[1.0,-0.15,0.52,0.9590067680219364,0.101746583620368,1789558488.1269608,0.9573664675402885,0.1013881670436739,0.0036904376666666654,0.001548411943149241,0.0010523699765679897,0.0003810904835745252,0.0009860853749999966,0.9573988237133259,0.09982495614062256,3.235617303731786e-05,-0.0015632109030513375,-0.0015671401357927395,1.005056786454979,8.155284443584597e-08,-0.0015266949194960922,0.007637687421979518,0.007637687421979518,0.1419121006409177,0.9974927368321057,8.196523975495418e-08,0.9587921192635815,0.1021234964786088,0.006394789958333334,0.000936295412852034,0.0023744936750130785,0.0011309749634142163,0.005408704583333337,0.961377766481733,0.1002476167503126,0.0025856472181514656,-0.001875879728296198,-0.0018814953225442775,1.00602972005189,7.078976925847893e-08,0.0013505637001450545,-0.002987248428789435,-0.002987248428789435,0.12044339136827673,0.9970153557222318,7.121661174964544e-08,0.9578432773118615,0.10172785095012948,0.0036904376666666654,-0.0005361375680849518,0.0016011874031882705,0.000999204714269313,-0.0003055678083333374,0.9571464817477124,0.10198119542698716,-0.0006967955641490331,0.0002533444768576809,0.0002532431493047843,0.9992008498844476,-7.396040627953262e-10,-0.0006177513058815071,0.0015447359620781882,0.0015447359620781882,0.1766250307493133,1.000400119620905,-7.390130081230802e-10]"
/multi_agv/m2b_algorithm_state,1789558488.1370637,1789558488.1370637,m2b_algorithm_state_v1:header6+3x20,"[1.0,-0.15,0.52,0.960002142534437,0.1017467296011199,1789558488.1369033,0.9583726141474963,0.1013881758493592,0.0036904376666666654,0.0015489329580672985,0.0010522706187285,0.00038091632559358836,0.0009860853749999966,0.9584686296282161,0.10176277428500982,9.601548071980215e-05,0.00037459843565061657,0.00037437608343774624,0.9988145344810526,4.678444511132829e-09,0.0004943954343374989,-0.0003772631498354924,-0.0003772631498354924,0.14193511428661706,1.000593927397361,4.672898376482572e-09,0.9597982646822077,0.10212358021608173,0.006394789958333334,0.0009362656567867226,0.0023744899808139097,0.0011309897871411845,0.005408704583333337,0.9624777556978332,0.10178108687624556,0.002679491015625479,-0.00034249333983617236,-0.00034267836675534925,1.0010818766096143,2.3572289397553807e-09,0.0030066854027765,-0.009570681907186546,-0.009570681907186546,0.12045788020529151,0.9994600566095585,2.359779170608808e-09,0.9588494252361053,0.10172799479566307,0.0036904376666666654,-0.0005366688476337819,0.0016011271481931773,0.0009994663538054156,-0.0003055678083333374,0.9580989453327747,0.10213406844178508,-0.0007504799033305476,0.0004060736461220099,0.0004058136242226169,0.9987213103683015,-1.901818637355329e-09,-0.0005322862549405677,0.0011726746824831978,0.0011726746824831978,0.1766700949366865,1.0006407421630832,-1.899386801582372e-09]"
/multi_agv/m2b_algorithm_state,1789558488.1470463,1789558488.1470463,m2b_algorithm_state_v1:header6+3x20,"[1.0,-0.15,0.52,0.96099561259396,0.10174688596768233,1789558488.1469336,0.9593680100289514,0.10138835188670953,0.0036904376666666654,0.0015483485696253228,0.001052282687943861,0.0003811633596506876,0.0009860853749999966,0.9596492746079337,0.1035066396935084,0.0002812645789822543,0.002118287806798874,0.002111271109208412,0.9934284533345312,1.4935705717364366e-07,0.00246285183293623,-0.008218887298193887,-0.008218887298193887,0.1419199918427738,1.003323446979338,1.4837555030260997e-07,0.9607936110523164,0.1021237619490793,0.006394789958333334,0.0009361195519388167,0.0023744055536382147,0.0011310970438782042,0.005408704583333337,0.9635651557852394,0.10194720993463424,0.0027715447329229592,-0.00017655201444505275,-0.00017660111959530596,1.00055664174715,6.262171176468865e-10,0.003287829796558393,-0.010649048294971753,-0.010649048294971753,0.12044835960275642,0.9997219431543485,6.265656962373488e-10,0.9598448065220432,0.10172807496757086,0.0036904376666666654,-0.0005363560237174885,0.001601108973468224,0.000999340212101684,-0.0003055678083333374,0.9593122318762167,0.10416250318882211,-0.0005325746458264558,0.002434428221251256,0.002425226007087454,0.9925100883069764,-6.821188920122938e-08,0.0017595076998043841,-0.007938818128087503,-0.007938818128087503,0.17664048191774387,1.003794373859141,-6.770098817469786e-08]"
/multi_agv/m2b_algorithm_state,1789558488.15702,1789558488.15702,m2b_algorithm_state_v1:header6+3x20,"[1.0,-0.15,0.52,0.9619953258383845,0.10174700207430049,1789558488.1568599,0.9603615051418907,0.10138855064272614,0.0036904376666666654,0.001547615561568938,0.0010523153280439946,0.00038146411477446834,0.0009860853749999966,0.960645891275042,0.10262761924881295,0.00028438613315129313,0.0012390686060868017,0.0012366517435331177,0.9961172414502908,5.111175319600642e-08,0.0015921344099722342,-0.004688797147528057,-0.004688797147528057,0.14189813253246408,1.0019543598804777,5.0913298599294e-08,0.9617870491704458,0.1021239593830104,0.006394789958333334,0.0009359503399313665,0.0023743097294572912,0.001131220245984249,0.005408704583333337,0.9645810065157944,0.10194720993463424,0.0027939573453485966,-0.00017674944837615947,-0.00017679866335551137,1.0005572639817075,6.275045439691302e-10,0.0033156480183302345,-0.010747814185503968,-0.010747814185503968,0.12043459685410124,0.9997216326276576,6.27854229649842e-10,0.9608382834695436,0.10172814787731041,0.0036904376666666654,-0.000535930467886058,0.0016010961863634722,0.0009991624022191838,-0.0003055678083333374,0.9603933610565145,0.10463607003778468,-0.00044492241302906965,0.002907922160474266,0.002894839528396776,0.9911019061377048,-9.721480727342335e-08,0.002338686512110439,-0.010241553119951985,-0.010241553119951985,0.1765976834504369,1.0045192944027317,-9.634978079349948e-08]"
/multi_agv/m2b_algorithm_state,1789558488.1669583,1789558488.1669583,m2b_algorithm_state_v1:header6+3x20,"[1.0,-0.15,0.52,0.9629982159274593,0.10174709745031517,1789558488.1668377,0.9613612308565781,0.10138864908426609,0.0036904376666666654,0.001547541136988918,0.0010522852999283114,0.0003815119955584169,0.0009860853749999966,0.9611918297449298,0.10072355457750538,-0.00016940111164831517,-0.0006650945067607078,-0.0006658009711077702,1.0021297435897019,1.4745527988238273e-08,-0.0008775523606681641,0.004954129689682438,0.004954129689682438,0.14189837069433373,0.9989389256283497,1.4776932181947993e-08,0.9627867467423037,0.1021240986473916,0.006394789958333334,0.0009358465039195638,0.0023742627117575577,0.0011312897192733012,0.005408704583333337,0.9651449782732959,0.10064216546286284,0.0023582315309922386,-0.001481933184528758,-0.0014854273401461165,1.0047421747767311,4.4146352972337704e-08,0.0014623620735941818,-0.003564619364738208,-0.003564619364738208,0.12043474681526889,0.9976477101754336,4.435570269388779e-08,0.9618379999162717,0.1017282584912438,0.0036904376666666654,-0.0005360080640920317,0.0016010589922395187,0.0009992153887428325,-0.0003055678083333374,0.9609635814575849,0.1031982290595754,-0.0008744184586868542,0.001469970568331605,0.0014665906636566698,0.9954271130217197,-2.487195076480733e-08,0.00037356759029810206,-0.00253345785840007,-0.00253345785840007,0.17659814971835297,1.0023045998850886,-2.4758214145030514e-08]"
/multi_agv/m2b_algorithm_state,1789558488.1770637,1789558488.1770637,m2b_algorithm_state_v1:header6+3x20,"[1.0,-0.15,0.52,0.9639954305964072,0.10174722778286549,1789558488.1769204,0.9623641267694054,0.10138869888182983,0.0036904376666666654,0.0015477807168899024,0.0010522230612948877,0.00038144052148099644,0.0009860853749999966,0.9620306260011875,0.09967919287628024,-0.0003335007682179203,-0.001709506005549588,-0.0017142102536966814,1.0055391306402717,9.750112244871556e-08,-0.002131086213969082,0.009831751826400476,0.009831751826400476,0.14190985247105217,0.9972557344485903,9.804119390353212e-08,0.9637896292974645,0.10212420786175003,0.006394789958333334,0.0009357778640015357,0.002374240110015413,0.0011313312343046028,0.005408704583333337,0.9662269597275488,0.10232032422158216,0.002437330430084317,0.0001961163598321325,0.00019605594054468388,0.9993843022035541,7.722095018183958e-10,0.00324271897815008,-0.010672074027522918,-0.010672074027522918,0.12044197590785476,1.0003081737145059,7.717340541297316e-10,0.9628408917155081,0.10172838560736562,0.0036904376666666654,-0.0005363250689372945,0.0016010109949460682,0.0009993777708318754,-0.0003055678083333374,0.9619128969007575,0.10283637505991229,-0.0009279948147505879,0.0011079894525466705,0.0011060639092488785,0.9965388962163502,-1.4142759409556117e-08,-5.392960918935638e-05,-0.0008444474509793653,-0.0008444474509793653,0.17662062894998065,1.001740896960556,-1.4093809851452453e-08]"
/multi_agv/m2b_algorithm_state,1789558488.186979,1789558488.186979,m2b_algorithm_state_v1:header6+3x20,"[1.0,-0.15,0.52,0.9649979963574432,0.10174732357364062,1789558488.186875,0.9633613583951806,0.10138883638001311,0.0036904376666666654,0.0015474385168509851,0.0010522195844575805,0.0003815906621998234,0.0009860853749999966,0.9631412894667457,0.10137757923629717,-0.0002200689284348467,-1.1257143715942552e-05,-1.1257345102693381e-05,1.0000357808935318,4.222051970612609e-12,-0.00028634350564625175,0.002568983022567257,0.002568983022567257,0.1419012474824353,0.9999821106354124,4.222203039404655e-12,0.9647868224182281,0.10212436813485108,0.006394789958333334,0.0009356482397014643,0.0023741754654623692,0.0011314210559567883,0.005408704583333337,0.9676353586974202,0.10305700124404876,0.0028485362791921265,0.0009326331091976808,0.0009312743799720515,0.9970966056192893,1.745189410660925e-08,0.0044919447289622095,-0.01548337173633494,-0.01548337173633494,0.1204365580953337,1.001458999898258,1.7401224375327363e-08,0.9638381109758133,0.10172847883373226,0.0036904376666666654,-0.0005361978635209561,0.0016009854863100036,0.0009993359037824626,-0.0003055678083333374,0.9630579670541781,0.10418924326334984,-0.000780143921635168,0.002460764429617582,0.0024513639747386494,0.9924313936074658,-6.967368687919589e-08,0.0014761840726946894,-0.006936899237245933,-0.006936899237245933,0.17660378170167487,1.0038347854401892,-6.914635416729058e-08]"
/multi_agv/m2b_algorithm_state,1789558488.196933,1789558488.196933,m2b_algorithm_state_v1:header6+3x20,"[1.0,-0.15,0.52,0.9659977334038476,0.10174743655108766,1789558488.196865,0.9643639301724054,0.10138889008570308,0.0036904376666666654,0.0015476429811264293,0.0010521618638881232,0.000381532059332198,0.0009860853749999966,0.9645952184815133,0.10224313526675677,0.0002312883091079021,0.0008542451810536894,0.0008530930766047191,0.997311372161352,2.4300924167309312e-08,0.0011422034629895968,-0.0029048189316283517,-0.0029048189316283517,0.14191158167173726,1.0013505026363074,2.423558802608821e-08,0.9657893803786912,0.10212447836230705,0.006394789958333334,0.0009355764188598483,0.0023741520637439173,0.0011314643659993129,0.005408704583333337,0.96862068155907,0.10258088487161332,0.0028313011803787758,0.00045640650930627025,0.0004560799292884181,0.9985713936113534,4.180591535467678e-09,0.0039952064047618875,-0.013475670062603369,-0.013475670062603369,0.12044306462912191,1.0007160587363748,4.174619115691787e-09,0.9648406785212331,0.10172860227291171,0.0036904376666666654,-0.0005364878318013752,0.001600940235345561,0.0009994851377641695,-0.0003055678083333374,0.9643794546091289,0.10468236059273697,-0.0004612239121042361,0.0029537583198252643,0.0029402648118971707,0.9909664752818242,-1.0040428922649957e-07,0.0023637349217668756,-0.010354205294647754,-0.010354205294647754,0.17662401464817876,1.0045892151868412,-9.949728459796111e-08]"
/multi_agv/m2b_algorithm_state,1789558488.207048,1789558488.207048,m2b_algorithm_state_v1:header6+3x20,"[1.0,-0.15,0.52,0.9670056879407035,0.10174749694679404,1789558488.2069163,0.9653636786711414,0.10138898841739112,0.0036904376666666654,0.0015475481117213394,0.0010521336984354195,0.0003815878332691365,0.0009860853749999966,0.9656204225026835,0.10146742524692925,0.0002567438315421722,7.84368295381338e-05,7.84270589933883e-05,0.9997509424080663,2.0497945064201673e-10,0.0003993568484211035,9.4132735556816e-05,9.4132735556816e-05,0.14191190414841237,1.0001245812972066,2.0492839895364394e-10,0.9667891026263498,0.10212461373364251,0.006394789958333334,0.0009354747233650288,0.002374107667506453,0.0011315315476645438,0.005408704583333337,0.9694565790878261,0.10120808278486965,0.002667476461476359,-0.0009165309487728646,-0.000917861748729049,1.002914098151731,1.6873031924737118e-08,0.0024164838281163998,-0.007204098435097264,-0.007204098435097264,0.12044326765435388,0.9985501084907097,1.6922201595883095e-08,0.9658404189140517,0.10172870750222936,0.0036904376666666654,-0.0005365489778273841,0.0016009070411037787,0.0009995289129065134,-0.0003055678083333374,0.9653204585200224,0.10330911109159935,-0.0005199603940293507,0.0015804035893699914,0.0015765000767279074,0.9950898118512419,-2.877602519551099e-08,0.0009265495841912191,-0.004558537056096202,-0.004558537056096202,0.17662464601583483,1.0024760624497944,-2.863472949762763e-08]"
/multi_agv/m2b_algorithm_state,1789558488.2169771,1789558488.2169771,m2b_algorithm_state_v1:header6+3x20,"[1.0,-0.15,0.52,0.9679930594849834,0.10174768538836317,1789558488.2168536,0.9663716278012341,0.10138896124364856,0.0036904376666666654,0.0015482706006606467,0.0010520209968158277,0.00038133328452971357,0.0009860853749999966,0.9664560635928271,0.10044210657774387,8.443579159300718e-05,-0.0009468546659046895,-0.0009482895379330614,1.003041659605359,2.9905302154395404e-08,-0.0008427447984418025,0.0049546879400227265,0.0049546879400227265,0.14194131925080192,0.9984868840465125,2.999626390394449e-08,0.9677970630338459,0.10212467260149695,0.006394789958333334,0.0009354641690594127,0.002374125279427264,0.0011315269641087172,0.005408704583333337,0.9704566904405562,0.10120808278486965,0.002659627406710219,-0.0009165898166273029,-0.0009179207870707372,1.0029142849438353,1.6875005237346327e-08,0.0024066134713170363,-0.00716915435228648,-0.00716915435228648,0.12046178652685595,0.9985500160120769,1.6924183811036666e-08,0.9668483729870305,0.10172885699523662,0.0036904376666666654,-0.0005372332327066008,0.0016008445183315519,0.0009998580419139235,-0.0003055678083333374,0.9662753311733694,0.10302725508741432,-0.0005730418136611348,0.0012983980921777022,0.001295757713789988,0.9959529493060909,-1.945148453967588e-08,0.0005794554467135696,-0.0031902413051207827,-0.0031902413051207827,0.17668224673369212,1.0020377099511846,-1.9372763395672024e-08]"
/multi_agv/m2b_algorithm_state,1789558488.2271135,1789558488.2271135,m2b_algorithm_state_v1:header6+3x20,"[1.0,-0.15,0.52,0.9690059967878412,0.10174771180590271,1789558488.2269886,0.9673590348396177,0.10138924919805897,0.0036904376666666654,0.001546917951521776,0.0010521191506285272,0.0003818685537662675,0.0009860853749999966,0.9674526393568577,0.10087592005106774,9.360451723994245e-05,-0.0005133291469912316,-0.0005137494993726743,1.0016409285686403,8.77938041995086e-09,-0.0003967438528227462,0.0031834029022678226,0.0031834029022678226,0.14189786813336178,0.9991817950539008,8.793786756096918e-09,0.9687843894243305,0.1021249181358721,0.006394789958333334,0.0009352316169733855,0.0023739898180418217,0.0011316982425267907,0.005408704583333337,0.9714605615760199,0.10217307941009557,0.00267617215168936,4.8161274223468276e-05,4.8157626444171046e-05,0.9998485459058252,4.654717328260088e-11,0.003393372816055871,-0.011134948207439686,-0.011134948207439686,0.12043443038493594,1.0000757466587655,4.654012352263496e-11,0.9678357541910015,0.10172888883115844,0.0036904376666666654,-0.000536333639005153,0.0016008598168690165,0.0009994601420188895,-0.0003055678083333374,0.9673612890354816,0.10369702950949958,-0.00047446515551996526,0.0019681406783411404,0.00196210468400417,0.9939122674203256,-4.4597331672128884e-08,0.0013690232396042132,-0.0063205671912184205,-0.0063205671912184205,0.17659716583238336,1.0030762855754733,-4.4325835043141916e-08]"
/multi_agv/m2b_algorithm_state,1789558488.23711,1789558488.23711,m2b_algorithm_state_v1:header6+3x20,"[1.0,-0.15,0.52,0.9699981551990717,0.10174786940866476,1789558488.2368946,0.9683719561973047,0.10138913934483552,0.0036904376666666654,0.0015481771542313208,0.0010519558595219127,0.00038140767385325364,0.0009860853749999966,0.9683124893656999,0.10211477209134585,-5.9466831604737536e-05,0.0007256327465103296,0.0007248006331981869,0.9977128237275653,1.7542071342134804e-08,0.0006504670936922649,-0.0010941742088624164,-0.0010941742088624164,0.1419449204414612,1.001148058202531,1.7501949532791718e-08,0.9697973461839352,0.10212492816694062,0.006394789958333334,0.0009352749819791922,0.0023740481882824627,0.0011316490831137227,0.005408704583333337,0.9724763787966307,0.10217307941009557,0.002679032612695531,4.8151243154950785e-05,4.814759689524079e-05,0.999848577454194,4.652994115411458e-11,0.0033969383627646546,-0.011147559727865734,-0.011147559727865734,0.12046405360773246,1.0000757308764117,4.652289547196882e-11,0.9688486879822833,0.10172906790593199,0.0036904376666666654,-0.0005374274534789892,0.0016007782147551284,0.0009999767267243314,-0.0003055678083333374,0.9682331497041946,0.10420392408078061,-0.0006155382780886898,0.002474856174848619,0.002465348845214546,0.9923893457942805,-7.063463044429029e-08,0.0016959259976036837,-0.007731564125409287,-0.007731564125409287,0.17668929960421986,1.0038563831047795,-7.009705469703001e-08]"
/multi_agv/m2b_algorithm_state,1789558488.2471855,1789558488.2471855,m2b_algorithm_state_v1:header6+3x20,"[1.0,-0.15,0.52,0.9709967760861377,0.10174798529351799,1789558488.2470782,0.9693641402805585,0.10138935586791327,0.0036904376666666654,0.001547282830008032,0.001052007021897049,0.0003817687190218659,0.0009860853749999966,0.9694140030767633,0.10264351821357726,4.98627962047804e-05,0.0012541623456639867,0.0012516865530370544,0.9960706633894036,5.235255106298181e-08,0.00131401504829303,-0.003704611515532735,-0.003704611515532735,0.14191841031618432,1.0019779653467755,5.214684026743192e-08,0.97078947143586,0.10212512912335227,0.006394789958333334,0.0009350943318325883,0.0023739487103646706,0.0011317791440624975,0.005408704583333337,0.9734384149751282,0.10142010967938828,0.002648943539268145,-0.0007050194439639917,-0.0007058056204316311,1.0022361981496126,9.978400378195514e-09,0.00260537380365355,-0.007974488688580859,-0.007974488688580859,0.12044736389296534,0.9988861289215032,1.0000714058657329e-08,0.9698408538807969,0.10172912323472877,0.0036904376666666654,-0.0005368767627048584,0.0016007780525855268,0.0009997381074025964,-0.0003055678083333374,0.9692267704469951,0.10280525481875986,-0.0006140834338017598,0.0010761315840310953,0.0010743147569053123,0.9966372227197259,-1.3355146960133566e-08,0.0003067104646531126,-0.002115668895775138,-0.002115668895775138,0.176637385135305,1.0016911497436902,-1.3310236575361306e-08]"
/multi_agv/m2b_algorithm_state,1789558488.2573447,1789558488.2573447,m2b_algorithm_state_v1:header6+3x20,"[1.0,-0.15,0.52,0.9719996710844244,0.10174807345251503,1789558488.257113,0.9703627739109011,0.1013894674784813,0.0036904376666666654,0.0015470785362601516,0.0010519936339157925,0.00038186423774387254,0.0009860853749999966,0.9704747675852586,0.10249211650616162,0.0001119936743575467,0.0011026490276803275,0.0011007330966298521,0.996539390499482,4.046644242911737e-08,0.0012407251895767855,-0.0033724806293077138,-0.0033724806293077138,0.14191478178742728,1.0017405954779968,4.0326403873995005e-08,0.9717880760771413,0.10212526990172799,0.006394789958333334,0.0009349805466457427,0.00237389997301074,0.0011318538246299914,0.005408704583333337,0.9746136294460591,0.10055554698649005,0.002825553368917766,-0.0015697229152379366,-0.0015736458695913462,1.0050280264309752,4.948853746780617e-08,0.001958295841555861,-0.005275512114068316,-0.005275512114068316,0.12044507940796995,0.9975070920152903,4.9737367142224606e-08,0.9708394782703709,0.10172921850034469,0.0036904376666666654,-0.000536853244125154,0.0016007520514864258,0.0009997414413314702,-0.0003055678083333374,0.9701748355087568,0.10231520044138111,-0.0006646427616140427,0.0005859819410364148,0.0005854412262565351,0.9981586068425364,-3.961132502216564e-09,-0.0002453622257610182,7.179679538155072e-05,7.179679538155072e-05,0.1766302803683753,1.0009236021578751,-3.953838499931176e-09]"
/multi_agv/m2b_algorithm_state,1789558488.2672596,1789558488.2672596,m2b_algorithm_state_v1:header6+3x20,"[1.0,-0.15,0.52,0.9729976252004425,0.10174819204093244,1789558488.267057,0.9713656728525996,0.10138951269454152,0.0036904376666666654,0.001547305645790175,0.001051936887455396,0.0003817953122409062,0.0009860853749999966,0.9714440675716979,0.10244853820810976,7.839471909831808e-05,0.0010590255135682347,0.0010572575978572269,0.9966746493496148,3.733452410251462e-08,0.0011552509967301245,-0.00304725804138726,-0.00304725804138726,0.14192628351835712,1.001672171204625,3.72103737185085e-08,0.9727909657805763,0.10212537051036238,0.006394789958333334,0.0009349134562660457,0.0023738840884558465,0.0011318911735420378,0.005408704583333337,0.9755444253928186,0.10007463662352423,0.0027534596122422705,-0.0020507338868381575,-0.0020574538795285315,1.0066046609870585,8.448583172137197e-08,0.0013843706357743067,-0.003027072251956705,-0.003027072251956705,0.12045232070083899,0.9967338307034549,8.50438319981013e-08,0.9718423746200973,0.10172933715264121,0.0036904376666666654,-0.0005371586968541133,0.0016007107015223072,0.0009998953579753549,-0.0003055678083333374,0.971488556120421,0.10276394011715066,-0.0003538184996763061,0.001034602964509454,0.0010329231314502275,0.9967654694813863,-1.2351107691741631e-08,0.0005906500068548449,-0.0031086111402540985,-0.0031086111402540985,0.17665280192029764,1.0016262904838504,-1.231115765697401e-08]"
/multi_agv/m2b_algorithm_state,1789558488.2769043,1789558488.2769043,m2b_algorithm_state_v1:header6+3x20,"[1.0,-0.15,0.52,0.9739927103861686,0.10174832739352958,1789558488.2767935,0.9723636406171116,0.10138963451389181,0.0036904376666666654,0.0015470240957089934,0.001051931346013024,0.0003819202372836476,0.0009860853749999966,0.9725179337650875,0.10305094649586308,0.00015429314797599236,0.0016613119819712668,0.0016569812098739369,0.9948192087571482,9.181856673401779e-08,0.0018498476448439273,-0.0058095977867315945,-0.0058095977867315945,0.14192029419289937,1.0026136519059619,9.134287390755099e-08,0.9737889023567853,0.10212551557244494,0.006394789958333334,0.0009347933940783652,0.0023738314690279205,0.0011319705945374708,0.005408704583333337,0.9765433555044738,0.10007463662352423,0.002754453147688518,-0.002050878948920712,-0.0020575998865342824,1.0066051261052376,8.448688561098584e-08,0.0013854665480763652,-0.003030987499839678,-0.003030987499839678,0.12044854995022085,0.9967336032347422,8.504493214468519e-08,0.9728403326274311,0.1017294260364606,0.0036904376666666654,-0.000537075588058314,0.001600689036671649,0.0009998706057700703,-0.0003055678083333374,0.9726079931933989,0.10380832428850678,-0.0002323394340322249,0.002078898252046185,0.002072169516755191,0.9935778906148137,-4.982265562516589e-08,0.00178174522421491,-0.007849314379264104,-0.007849314379264104,0.17664107392031353,1.0032471934542935,-4.950268908088061e-08]"
/multi_agv/m2b_algorithm_state,1789558488.287067,1789558488.287067,m2b_algorithm_state_v1:header6+3x20,"[1.0,-0.15,0.52,0.9750037251275169,0.10174836115965465,1789558488.286979,0.9733587450202744,0.10138979650490065,0.0036904376666666654,0.001546477146281229,0.0010519558271087298,0.0003821445867485144,0.0009860853749999966,0.973609332586504,0.10376357802612464,0.00025058756622953204,0.002373781521223986,0.0023649874053866225,0.9926575017625326,1.8729514980708806e-07,0.0026782218631735376,-0.009115853308056211,-0.009115853308056211,0.14190415085135005,1.0037184620168944,1.8591993549974334e-07,0.9747839634795253,0.10212568543211399,0.006394789958333334,0.0009346412198573337,0.002373759280069887,0.0011320741157531816,0.005408704583333337,0.97761497428225,0.10066246693350495,0.0028310108027246317,-0.0014632184986090452,-0.0014666244023242114,1.0046811933144457,4.2982107045170743e-08,0.002072139101081578,-0.005728008636155667,-0.005728008636155667,0.12043838611574997,0.9976777260014433,4.3183314597311386e-08,0.9738354226587064,0.10172950024357415,0.0036904376666666654,-0.000536790227644668,0.0016006774130257594,0.0009997529607221438,-0.0003055678083333374,0.9735543099804647,0.10295385612538657,-0.0002811126782417128,0.001224355881812425,0.0012220067547452638,0.9961805366649772,-1.728287862176225e-08,0.0008706159069431227,-0.00419372606373423,-0.00419372606373423,0.17660946592094665,1.0019223519493974,-1.721686730054278e-08]"
/multi_agv/m2b_algorithm_state,1789558488.2969937,1789558488.2969937,m2b_algorithm_state_v1:header6+3x20,"[1.0,-0.15,0.52,0.9759970195528086,0.10174850668483927,1789558488.2969081,0.9743697465791158,0.10138971195873914,0.0036904376666666654,0.0015475438228767838,0.0010518163713843388,0.00038175476162310117,0.0009860853749999966,0.9746801405377182,0.10405700358631942,0.00031039395860243957,0.0026672916275802816,0.002656213086538039,0.9917773377453907,2.3658652147274201e-07,0.0030442055347910885,-0.010569695087040637,-0.010569695087040637,0.14194439875680004,1.0041708028239111,2.3464115041267877e-07,0.9757949944211127,0.10212570753333301,0.006394789958333334,0.000934663632278997,0.0023738078807872265,0.0011320391210350583,0.005408704583333337,0.9786194595721753,0.10066246693350495,0.002824465151062605,-0.0014632405998280668,-0.0014666466059829303,1.0046812637958098,4.2984432545380674e-08,0.002063934832845326,-0.005699001528468228,-0.005699001528468228,0.1204637251913653,0.9976776913122974,4.318565401323879e-08,0.9748464343823224,0.10172966398689183,0.0036904376666666654,-0.0005377358698591861,0.0016006066722246241,0.0010001996675606576,-0.0003055678083333374,0.9745318322900224,0.10260343117754855,-0.00031460209230005365,0.000873767190656724,0.0008725675833433092,0.9972632877923396,-8.819943402441e-09,0.0004793149679682421,-0.0026387675355338796,-0.0026387675355338796,0.17668827788153785,1.0013748016042705,-8.795805755660667e-09]"
/multi_agv/m2b_algorithm_state,1789558488.30705,1789558488.30705,m2b_algorithm_state_v1:header6+3x20,"[1.0,-0.15,0.52,0.9769956964782595,0.10174861724950811,1789558488.3068895,0.9753630632789714,0.10138990555193554,0.0036904376666666654,0.0015467750927877846,0.0010518596130178349,0.0003820654863636525,0.0009860853749999966,0.9744851478631921,0.10315581079650117,-0.0008779154157793068,0.0017659052445656298,0.001761015894237073,0.9944996350159687,1.0371918279041716e-07,0.0006636216245129395,-0.001622749729424675,-0.001622749729424675,0.1419219102980059,1.0027764373646808,1.031486894292244e-07,0.9767882602068466,0.10212589228495003,0.006394789958333334,0.0009344952732532521,0.0023737219621141614,0.0011321568003322402,0.005408704583333337,0.9785522146826504,0.09975981250415122,0.0017639544758037973,-0.0023660797807988077,-0.00237504670031341,1.0076474608399608,1.1243929614791303e-07,-0.00017010360555866355,0.0025898129213239793,0.0025898129213239793,0.12044956742289767,0.996224529179397,1.1329917126207696e-07,0.9758397351726077,0.10172972221763228,0.0036904376666666654,-0.0005372798895772438,0.0016006053478051186,0.0010000027067006228,-0.0003055678083333374,0.9744810285133046,0.10305304206996001,-0.001358706659303044,0.0013233198523277256,0.0013205776933150153,0.9958764936924364,-2.0206674034796973e-08,-0.0003778056308137896,0.00021217427459568991,0.00021217427459568991,0.17664423844406482,1.0020764844254084,-2.0123351686959606e-08]"
/multi_agv/m2b_algorithm_state,1789558488.317302,1789558488.317302,m2b_algorithm_state_v1:header6+3x20,"[1.0,-0.15,0.52,0.9779924210699785,0.10174873901874253,1789558488.317052,0.9763617516651466,0.10139001140645003,0.0036904376666666654,0.0015465827448646568,0.0010518490931671555,0.00038215433509475815,0.0009860853749999966,0.9755089722033063,0.10349357060042434,-0.0008527794618402584,0.0021035591939743137,0.002096639114612786,0.9934731939128321,1.4711981593899275e-07,0.0010306647873124628,-0.003092021734194666,-0.003092021734194666,0.14191847997129733,1.0033005581710737,1.461595934287791e-07,0.9777869226518444,0.10212602664652934,0.006394789958333334,0.0009343827217162797,0.002373678520755096,0.0011322281910636778,0.005408704583333337,0.9795461686815009,0.09975981250415122,0.0017592460296564916,-0.0023662141423781147,-0.0023751820731555988,1.0076478928995187,1.1243846375167202e-07,-0.0001761245360849843,0.002610953663398497,0.002610953663398497,0.12044740774993049,0.9962243185990496,1.1329838108023123e-07,0.9768384151177871,0.10172981369554497,0.0036904376666666654,-0.0005372641969860494,0.0016005825195567766,0.0010000077823958146,-0.0003055678083333374,0.9755667077591416,0.10370075083119841,-0.0012717073586455685,0.001970937135653439,0.0019648841820637257,0.9939038905918316,-4.480147232234481e-08,0.0003752499837567651,-0.0027708196057457672,-0.0027708196057457672,0.17663752154197404,1.003080565076032,-4.452835764542077e-08]"
/multi_agv/m2b_algorithm_state,1789558488.3274345,1789558488.3274345,m2b_algorithm_state_v1:header6+3x20,"[1.0,-0.15,0.52,0.9790041497509158,0.10174876494468454,1789558488.327276,0.9773584914446856,0.10139014466433363,0.0036904376666666654,0.0015462078376799557,0.0010518591360487938,0.0003823116206993712,0.0009860853749999966,0.9775511064615157,0.10409260329624151,0.00019261501683009996,0.002702458631907878,0.0026910891443899386,0.9916723364264889,2.4264963988921903e-07,0.0029318579154275636,-0.01018584472454546,-0.01018584472454546,0.14190813933978635,1.0042248646952634,2.40628935321988e-07,0.9787836283685077,0.10212617762959816,0.006394789958333334,0.0009342485027311297,0.002373621895587652,0.001132315832566913,0.005408704583333337,0.9815767725804212,0.09964278583228611,0.0027931442119134564,-0.002483391797312051,-0.002493278673142646,1.008037250652323,1.2384190385928038e-07,0.0009981515917491745,-0.0014693037590455633,-0.0014693037590455633,0.12044089732112807,0.9960345885371359,1.248372522818583e-07,0.9778351433967423,0.10172989476229578,0.0036904376666666654,-0.0005371092850914752,0.0016005668127023701,0.0009999488065595974,-0.0003055678083333374,0.9774442815335369,0.10245907718219657,-0.00039086186320536065,0.0007291824199007896,0.0007283460550861886,0.9977123742388802,-6.135991767067101e-09,0.00023976872607948778,-0.00171933899127525,-0.00171933899127525,0.1766172748501625,1.0011483069191636,-6.121954914230739e-09]"
/multi_agv/m2b_algorithm_state,1789558488.3371983,1789558488.3371983,m2b_algorithm_state_v1:header6+3x20,"[1.0,-0.15,0.52,0.9799952646373592,0.10174892076310715,1789558488.3371413,0.9783702046813127,0.10139004648122324,0.0036904376666666654,0.0015473459133991262,0.001051714317590369,0.0003818936361074663,0.0009860853749999966,0.9785880843908114,0.10328845467749764,0.00021787970949860291,0.0018984081962744037,0.0018927632786708008,0.9940958843887975,1.1990051334888688e-07,0.0021651129155440545,-0.007049128125957637,-0.007049128125957637,0.141950917865243,1.0029823685123302,1.1919260685623251e-07,0.9797953760488421,0.1021261891452663,0.006394789958333334,0.0009342798373820245,0.002373678893779041,0.0011322726017452545,0.005408704583333337,0.9825761321287889,0.09964278583228611,0.0027807560799467668,-0.0024834033129801925,-0.0024932902798265443,1.0080372877225992,1.23847200505044e-07,0.0009826548201069141,-0.0014147410502765557,-0.0014147410502765557,0.12046782914387995,0.9960345704925142,1.2484259608914147e-07,0.9788468685225925,0.10173005920756412,0.0036904376666666654,-0.0005381083210194396,0.0016004959363993265,0.0010004187282871852,-0.0003055678083333374,0.9784487543874709,0.10290664761043695,-0.00039811413512158556,0.0011765884028728385,0.0011744182280214346,0.9963275736912764,-1.6000326579792576e-08,0.0006767755591194527,-0.003481921809542135,-0.003481921809542135,0.17670104591295394,1.0018478722482536,-1.5941566559512777e-08]"
/multi_agv/m2b_algorithm_state,1789558488.3470855,1789558488.3470855,m2b_algorithm_state_v1:header6+3x20,"[1.0,-0.15,0.52,0.9809996440372402,0.10174899215054949,1789558488.3469756,0.9793613453851429,0.10139027044741648,0.0036904376666666654,0.0015463603064316462,0.0010517816529127524,0.00038228583646432945,0.0009860853749999966,0.9795172854552495,0.10177624256798026,0.00015594007010666378,0.0003859721205637795,0.0003857360881479428,0.9987787336565317,4.95851741822711e-09,0.0005806611757812725,-0.0006916967839717052,-0.0006916967839717052,0.14192071133046666,1.0006119013052939,4.952461747790728e-09,0.9807864579038517,0.10212638971388918,0.006394789958333334,0.0009340890615674438,0.0023735797994774988,0.001132406852346085,0.005408704583333337,0.9836571938018684,0.10011089664439983,0.002870735898016785,-0.002015493069489352,-0.002021982264763183,1.0064884844350197,8.153286476386469e-08,0.0015664376077577985,-0.0036858762892557377,-0.0036858762892557377,0.1204488125690296,0.9967906764629358,8.206188948782759e-08,0.979837990623083,0.1017301021280158,0.0036904376666666654,-0.0005374857860717436,0.0016005050495273348,0.0010001441418163266,-0.0003055678083333374,0.9795751183055772,0.10380319972767886,-0.000262872317505769,0.002073097599663065,0.0020664061280315682,0.9935954432511006,-4.958290872187975e-08,0.001737815731149357,-0.007689886180037249,-0.007689886180037249,0.1766418907095994,1.0032382170865275,-4.9265352169194975e-08]"
/multi_agv/m2b_algorithm_state,1789558488.3568914,1789558488.3568914,m2b_algorithm_state_v1:header6+3x20,"[1.0,-0.15,0.52,0.9819921121755008,0.10174913754448467,1789558488.3567908,0.9803657239869431,0.10139028616495688,0.0036904376666666654,0.0015467416240482678,0.0010517145316432325,0.00038215546389425105,0.0009860853749999966,0.9803610189633424,0.10046761340391216,-4.705023600726221e-06,-0.0009226727610447127,-0.0009240350047111343,1.0029631143031719,2.8368608807178232e-08,-0.0009299162842120421,0.005251045715129208,0.005251045715129208,0.1419374698570146,0.9985257661674327,2.8452668237695868e-08,0.9817908380440329,0.10212646784315885,0.006394789958333334,0.0009340397452524988,0.0023735820203784064,0.0011324270778281242,0.005408704583333337,0.9846545921579283,0.10011089664439983,0.0028637541138953893,-0.002015571198759017,-0.002022060894119078,1.006488734859174,8.153485624579119e-08,0.0015576317482501587,-0.0036548525719090202,-0.0036548525719090202,0.12045936316799197,0.9967905539447723,8.2063914309751e-08,0.9808423700807443,0.10173022244353269,0.0036904376666666654,-0.0005379066105436789,0.0016004634241761195,0.0010003482115307424,-0.0003055678083333374,0.9806171845760989,0.10389209137823209,-0.00022518550464534215,0.0021618689346993986,0.0021545970590863958,0.9933280071908498,-5.3958808763673965e-08,0.001873115178279718,-0.008216542204582336,-0.008216542204582336,0.17667470802876953,1.0033750513036002,-5.3598795979612423e-08]"
/multi_agv/m2b_algorithm_state,1789558488.3670714,1789558488.3670714,m2b_algorithm_state_v1:header6+3x20,"[1.0,-0.15,0.52,0.9829999983559857,0.10174918475319446,1789558488.3669405,0.9813582149859814,0.10139048431073229,0.0036904376666666654,0.0015459207375305589,0.0010517696242466675,0.0003824826321501768,0.0009860853749999966,0.9814410861537844,0.1009550004376466,8.287116780303361e-05,-0.0004354838730856875,-0.00043578621815573986,1.0013908343722235,6.314082608022862e-09,-0.00033219725840194785,0.002919088195694028,0.002919088195694028,0.14191205876574628,0.9993062078205872,6.322864451143159e-09,0.982783277404577,0.10212665389861422,0.006394789958333334,0.0009338619517210885,0.002373495687228888,0.0011325490623886464,0.005408704583333337,0.9854777175997683,0.09948891499371781,0.002694440195191272,-0.0026377389048964084,-0.0026489059132474586,1.0085516289494683,1.3967007882192853e-07,0.0007191443307416317,-0.0004182704840006452,-0.0004182704840006452,0.12044336499888211,0.9957842940758286,1.4086448551135664e-07,0.9818348441359438,0.10173027442410751,0.0036904376666666654,-0.0005374097559330015,0.0016004669846401368,0.001000130991863338,-0.0003055678083333374,0.9815337902282534,0.10289865963102293,-0.0003010539076904184,0.0011683852069154232,0.0011662450603718718,0.9963528466564107,-1.5757590259437754e-08,0.0007899276757588488,-0.003880764034497623,-0.003880764034497623,0.1766249487505511,1.0018350744764304,-1.5700119911436134e-08]"
/multi_agv/m2b_algorithm_state,1789558488.3770607,1789558488.3770607,m2b_algorithm_state_v1:header6+3x20,"[1.0,-0.15,0.52,0.9840008091674415,0.1017492767606721,1789558488.376936,0.9823660928878426,0.10139044230617165,0.0036904376666666654,0.0015466738875884282,0.0010516672405300079,0.0003822094259065738,0.0009860853749999966,0.9826101516252294,0.10212366692341317,0.0002440587373867542,0.0007332246172415124,0.0007323750649431703,0.9976891350588468,1.789346102728788e-08,0.001037448486676613,-0.002476496923411926,-0.002476496923411926,0.1419412318852803,1.001159996208238,1.7852111655524028e-08,0.983791173890843,0.10212669734322329,0.006394789958333334,0.0009338509060851513,0.0023735266045721293,0.0011325377700864558,0.005408704583333337,0.9864690652427985,0.09948891499371781,0.002677891351955508,-0.0026377823495054714,-0.0026489497228284124,1.008551769001019,1.3967300389912721e-07,0.0006984144671159727,-0.00034536422402724567,-0.00034536422402724567,0.12046173152271308,0.9957842260173149,1.4086745516415098e-07,0.9828427282892713,0.10173041461018846,0.0036904376666666654,-0.000538114003374219,0.0016004124975376732,0.001000464606801115,-0.0003055678083333374,0.9825142492258735,0.10274053152941268,-0.00032847906339783517,0.001010116919224216,0.001008515384244458,0.9968411843865251,-1.179448431560141e-08,0.0005979165549971641,-0.003124187157437641,-0.003124187157437641,0.17668207562662205,1.0015880124436156,-1.1757227714392404e-08]"
/multi_agv/m2b_algorithm_state,1789558488.3870957,1789558488.3870957,m2b_algorithm_state_v1:header6+3x20,"[1.0,-0.15,0.52,0.9849970332079233,0.1017493966823272,1789558488.386943,0.9833669094854973,0.10139051503550364,0.0036904376666666654,0.001546664365457433,0.0010516380755675406,0.00038222872469476326,0.0009860853749999966,0.9836345453455028,0.10212366692341317,0.00026763586000544404,0.000733151887909525,0.000732302504509875,0.9976893646489664,1.7889796298931335e-08,0.0010668473295166801,-0.002581107560415006,-0.002581107560415006,0.14194535685055798,1.0011598805062378,1.7848459503180236e-08,0.9847919767359701,0.10212680588752636,0.006394789958333334,0.0009337651470333304,0.0023735027055856728,0.0011325873805627384,0.005408704583333337,0.9876042937438497,0.10112940051968304,0.00281231700787965,-0.0009974053678433181,-0.0009989823095593166,1.0031740598130607,1.9946528598203547e-08,0.002516413950290246,-0.007520679234107676,-0.007520679234107676,0.12046432833106976,0.9984214518105989,2.0009840073037173e-08,0.9838435412808572,0.10173050935898634,0.0036904376666666654,-0.000538235062654623,0.0016003876436721572,0.0010005300135872506,-0.0003055678083333374,0.9835448306619593,0.10274053152941268,-0.0002987106188978572,0.001010022170426339,0.0010084209367964621,0.9968414813545902,-1.179492039462929e-08,0.0006350326631741406,-0.0032564915753883926,-0.0032564915753883926,0.1766901542934844,1.001587862341458,-1.1757665918641729e-08]"
/multi_agv/m2b_algorithm_state,1789558488.396993,1789558488.396993,m2b_algorithm_state_v1:header6+3x20,"[1.0,-0.15,0.52,0.9860032739704044,0.10174945250153096,1789558488.3969128,0.9843631483641714,0.10139065651430214,0.0036904376666666654,0.0015462002503281533,0.0010516564514376544,0.00038242034411727316,0.0009860853749999966,0.984555133866578,0.10057312839250812,0.00019198550240662193,-0.0008175281217940172,-0.0008185967276402783,1.002622312548851,2.2261991801910207e-08,-0.0005786148496320009,0.003961211123109669,0.003961211123109669,0.1419332400966266,0.9986945881773294,2.2320369702374774e-08,0.9857881816869711,0.10212695534892557,0.006394789958333334,0.0009336294442628713,0.002373445437143462,0.0011326759997950936,0.005408704583333337,0.988638906046539,0.10079987191635706,0.002850724359567902,-0.0013270834325685155,-0.0013298821203890367,1.0042390364263913,3.5314523828350894e-08,0.002233523329070841,-0.00636353306192912,-0.00636353306192912,0.12045670029780504,0.9978955369219473,3.5464223381239935e-08,0.9848397695726274,0.10173057818375392,0.0036904376666666654,-0.0005380089961432885,0.0016003800195690046,0.001000435989829808,-0.0003055678083333374,0.9847861463814558,0.10503729311313102,-5.362319117163672e-05,0.0033067149293771053,0.0032898499273256695,0.9899283473158534,-1.261552016823342e-07,0.0032228209383611236,-0.013611812073887768,-0.013611812073887768,0.176666424644889,1.0051263742796759,-1.2488461030669127e-07]"
/multi_agv/m2b_algorithm_state,1789558488.40704,1789558488.40704,m2b_algorithm_state_v1:header6+3x20,"[1.0,-0.15,0.52,0.9869954424627658,0.10174959621224387,1789558488.406954,0.9853693836349765,0.10139064232599582,0.0036904376666666654,0.001546753933037214,0.0010515724809919903,0.0003822240217870583,0.0009860853749999966,0.9849234076092073,0.09963611948440369,-0.0004459760257692347,-0.0017545228415921238,-0.0017594796617762026,1.0056877335598584,1.0263781037982884e-07,-0.002316949693987746,0.010505182386289953,0.010505182386289953,0.14195249155905473,0.9971827919971097,1.0322158689843657e-07,0.9867944287639187,0.10212701174061792,0.006394789958333334,0.0009336027557999178,0.0023734643805427558,0.0011326777172608882,0.005408704583333337,0.9889664248044061,0.09968135573142504,0.002171996040487456,-0.002445656009192873,-0.002455241853285724,1.0079116577465377,1.2002047048648583e-07,0.000259753197323596,0.001111308502624369,0.001111308502624369,0.12046881730377716,0.9960957638124232,1.2097003137155332e-07,0.985846009512318,0.10173070343797913,0.0036904376666666654,-0.0005385592112240813,0.0016003351732194202,0.0010006978216342962,-0.0003055678083333374,0.9851339359689326,0.10321581318284141,-0.0007120735433854275,0.0014851097448622813,0.001481660375248314,0.9953809722499386,-2.5507164643902446e-08,0.0005915684460165297,-0.003320854446926186,-0.003320854446926186,0.1767041200565296,1.0023280433705255,-2.5389346342586877e-08]"
/multi_agv/m2b_algorithm_state,1789558488.416975,1789558488.416975,m2b_algorithm_state_v1:header6+3x20,"[1.0,-0.15,0.52,0.9879920004528892,0.10174971107285953,1789558488.416889,0.9863615746938414,0.10139084499717221,0.0036904376666666654,0.0015458789364326338,0.0010516329716188087,0.00038257183690341653,0.0009860853749999966,0.9859708888423278,0.100076037641161,-0.0003906858515136946,-0.0013148073560112078,-0.0013175817412629065,1.0042411648416216,5.7588956066801485e-08,-0.0018059390556550248,0.00851596461710574,0.00851596461710574,0.1419301150629349,0.9978943353836708,5.7833200322537696e-08,0.9877865684620163,0.10212719621765637,0.006394789958333334,0.0009334242963465241,0.0023733779977513914,0.0011328000162375146,0.005408704583333337,0.9899601862182892,0.09968135573142504,0.0021736177562728942,-0.0024458404862313238,-0.0024554277659930134,1.0079122513860668,1.2001554551530623e-07,0.00026159442934810435,0.0011047330098681262,0.0011047330098681262,0.12045473290705783,0.9960954747297108,1.2096513868165926e-07,0.9868381842324397,0.10173074742190301,0.0036904376666666654,-0.0005380186991017243,0.0016003439423279645,0.0010004589682682291,-0.0003055678083333374,0.9860442166305587,0.10220519652614174,-0.000793967601880996,0.00047444910423873055,0.00047409434163096185,0.9985072220964363,-2.6025751577175236e-09,-0.0005183651607202832,0.0010914208267632452,0.0010914208267632452,0.17666030493745372,1.0007482953847293,-2.598690091029719e-09]"
/multi_agv/m2b_algorithm_state,1789558488.4270747,1789558488.4270747,m2b_algorithm_state_v1:header6+3x20,"[1.0,-0.15,0.52,0.9890024515666757,0.1017497371202058,1789558488.42697,0.9873581464687609,0.10139097392684787,0.0036904376666666654,0.0015454897046904312,0.001051649984462122,0.00038273170613621036,0.0009860853749999966,0.9876538356123997,0.10049087905922363,0.00029568914363886645,-0.0009000948676242404,-0.0009013910253140546,1.0028898414126002,2.697487746649068e-08,-0.0005317795957654716,0.0038311060992088242,0.0038311060992088242,0.14191918300096884,0.9985620472653779,2.705283058449316e-08,0.9887831094648689,0.10212733927826624,0.006394789958333334,0.0009332902971810912,0.0023733270359391767,0.0011328846162201311,0.005408704583333337,0.991788185842916,0.10095682259913641,0.0030050763780470335,-0.0011705166791298321,-0.0011726913572215041,1.003732262055637,2.7460465967238204e-08,0.002583654115337288,-0.007676011726631011,-0.007676011726631011,0.12044785036995545,0.9981455665394988,2.756295562239784e-08,0.9878347454250378,0.10173082001346448,0.0036904376666666654,-0.0005378494774454863,0.0016003343414050745,0.001000390613243432,-0.0003055678083333374,0.9878635367320451,0.10297507670692173,2.8791307007280942e-05,0.001244256693457249,0.0012418309906837637,0.9961194079494734,-1.7884137535067428e-08,0.001277820124442865,-0.005655866353213473,-0.005655866353213473,0.17663889813520114,1.0019533276200088,-1.7814736493118322e-08]"
/multi_agv/m2b_algorithm_state,1789558488.4372034,1789558488.4372034,m2b_algorithm_state_v1:header6+3x20,"[1.0,-0.15,0.52,0.9899968441042605,0.10174986468280423,1789558488.4370725,0.9883685830264088,0.10139088835537403,0.0036904376666666654,0.0015465023502839836,0.0010515238752780488,0.00038235835904133156,0.0009860853749999966,0.9886695665894571,0.10045425667740163,0.0003009835630483071,-0.0009366316779724077,-0.0009380355882663613,1.0030083933126188,2.922914265092855e-08,-0.0005618061344559775,0.003954452343557735,0.003954452343557735,0.14195249200349272,0.9985033507134324,2.9317075408213183e-08,0.9897935786830154,0.10212735315905642,0.006394789958333334,0.0009333093257728273,0.002373381349019321,0.0011328481165518989,0.005408704583333337,0.9927976276709655,0.10095682259913641,0.0030040489879500365,-0.001170530559920016,-0.0011727052894087934,1.0037323062017893,2.7461675681550672e-08,0.0025823559455287522,-0.0076713966049048905,-0.0076713966049048905,0.12046881705802803,0.9981455447430669,2.756417106400845e-08,0.9888451929906027,0.10173096984618692,0.0036904376666666654,-0.0005387493919127647,0.0016002736327741691,0.0010008122798022905,-0.0003055678083333374,0.9889637993370625,0.10374537176960623,0.00011860634645977086,0.0020144019234193122,0.002008081249178551,0.9937726581919574,-4.692688022961189e-08,0.0021563391822532647,-0.009159300706364407,-0.009159300706364407,0.17670411922244275,1.0031476187745625,-4.663465050643702e-08]"
/multi_agv/m2b_algorithm_state,1789558488.447395,1789558488.447395,m2b_algorithm_state_v1:header6+3x20,"[1.0,-0.15,0.52,0.9909955725115122,0.10174996384720036,1789558488.4472084,0.9893629931937205,0.10139105556279213,0.0036904376666666654,0.0015458472854386154,0.0010515632137282566,0.00038262184426617854,0.0009860853749999966,0.9896649406410941,0.10025208390879824,0.00030194744737366275,-0.0011389716539938893,-0.0011410508259020841,1.0036666681127049,4.320955021352666e-08,-0.0007636165166850057,0.004756295007333948,0.004756295007333948,0.14193883869284046,0.998177844613932,4.336798529345892e-08,0.9907879485513553,0.10212751471527665,0.006394789958333334,0.0009331556867809071,0.002373313341284544,0.0011329500974172624,0.005408704583333337,0.9935473256369964,0.0993209258715121,0.0027593770856411126,-0.002806588843764543,-0.002819247299392072,1.00911630987993,1.580207875576667e-07,0.0006299740576593189,-2.940879039915181e-05,-2.940879039915181e-05,0.1204602249142468,0.995509987495507,1.59461354024513e-07,0.9898395905677057,0.1017310237703439,0.0036904376666666654,-0.0005383756068016638,0.0016002759144872047,0.001000649071832213,-0.0003055678083333374,0.9899087332051549,0.10252058964676508,6.914263744928206e-05,0.0007895658764211777,0.0007885857226961102,0.9975246810208972,-7.2109236490110035e-09,0.0008750140195077127,-0.004009434868401314,-0.004009434868401314,0.1766773887426077,1.0012429260343652,-7.193074312845745e-09]"
/multi_agv/m2b_algorithm_state,1789558488.4574783,1789558488.4574783,m2b_algorithm_state_v1:header6+3x20,"[1.0,-0.15,0.52,0.991996238576157,0.10175004995692967,1789558488.4573512,0.9903617304940452,0.10139115162899173,0.0036904376666666654,0.0015456589004963013,0.0010515592755631063,0.0003827055515804364,0.0009860853749999966,0.9906884627188752,0.10063595412228557,0.0003267322248300397,-0.0007551975067061623,-0.0007561089417764597,1.0024206552996984,1.898926152826034e-08,-0.00034769366073891003,0.0031156555224599704,0.0031156555224599704,0.14193558986077467,0.9987945717608417,1.9035227984816082e-08,0.9917866657610072,0.10212763539754471,0.006394789958333334,0.0009330470884812581,0.002373279748485224,0.0011330146510330763,0.005408704583333337,0.9945365014729118,0.0993209258715121,0.00274983571190468,-0.002806709526032611,-0.002819369061237052,1.0091166995228802,1.5801591117159127e-07,0.0006179255786437983,1.2879692466915226e-05,1.2879692466915226e-05,0.12045817960776167,0.9955097984941047,1.594564947535768e-07,0.9908383212794839,0.10173110451506462,0.0036904376666666654,-0.0005383581517517323,0.001600260818432309,0.0010006493611702124,-0.0003055678083333374,0.990816731351013,0.10122024542809897,-2.15899284708998e-05,-0.0005108590869656454,-0.0005112734728016392,1.0016254503529527,-3.0213313539450253e-09,-0.000538260883390264,0.0015985351783925719,0.0015985351783925719,0.17667102627031905,0.9991895025694896,-3.0262423780606824e-09]"
/multi_agv/m2b_algorithm_state,1789558488.4671967,1789558488.4671967,m2b_algorithm_state_v1:header6+3x20,"[1.0,-0.15,0.52,0.9929936684374678,0.1017501556123017,1789558488.4671047,0.9913624013939994,0.10139121670546901,0.0036904376666666654,0.0015456701996269073,0.0010515359612175202,0.00038271278184852896,0.0009860853749999966,0.9916222235608512,0.10110400044896789,0.00025982216685171977,-0.0002872162565011188,-0.0002873476232350259,1.000915752157279,2.745791698860573e-09,3.743008532962382e-05,0.0015420549640177666,0.0015420549640177666,0.1419392019651408,0.9995428299269431,2.7483061635322435e-09,0.9927873257561716,0.1021277373060434,0.006394789958333334,0.0009329596080843534,0.0023732615400433588,0.001133062047341163,0.005408704583333337,0.9957419974754891,0.10062022302027314,0.0029546717193175143,-0.0015075142857702561,-0.001511130637793558,1.0048251968475577,4.554271276610507e-08,0.002182209011353335,-0.00609744575535159,-0.00609744575535159,0.12046045359712614,0.9976068567912949,4.576246532017331e-08,0.9918389885783003,0.10173119585927662,0.0036904376666666654,-0.0005384927859512444,0.0016002387854047624,0.0010007191848091105,-0.0003055678083333374,0.9917259181389524,0.10122628467719952,-0.00011307043934793981,-0.0005049111820771002,-0.0005053159559935801,1.0016064148096966,-2.9521112871064124e-09,-0.0006466540051785048,0.0019798819746104793,0.0019798819746104793,0.17667810014476035,0.9991989686617276,-2.9568536023978925e-09]"
/multi_agv/m2b_algorithm_state,1789558488.4772213,1789558488.4772213,m2b_algorithm_state_v1:header6+3x20,"[1.0,-0.15,0.52,0.9939944963186639,0.10175023894820989,1789558488.4770732,0.9923598424157936,0.10139133054030919,0.0036904376666666654,0.0015453577534584278,0.0010515461814760044,0.0003828429005272799,0.0009860853749999966,0.9926803486642737,0.10153767292755515,0.00032050624848012355,0.00014634238724596516,0.00014630839483810443,0.9995356973928544,7.124756122628474e-10,0.0005469412054382589,-0.00046317253651329427,-0.00046317253651329427,0.1419313553637252,1.0002323339538948,7.121448079785461e-10,0.993784741711444,0.1021278678753085,0.006394789958333334,0.0009328372578255922,0.0023732198219285072,0.0011331367890203975,0.005408704583333337,0.9967419860044394,0.10062022302027314,0.0029572442929953757,-0.0015076448550353644,-0.001511261830703178,1.0048256133944253,4.554460553526427e-08,0.0021852935355410417,-0.006108397959440214,-0.006108397959440214,0.12045551375618203,0.9976066518757172,4.576438619377906e-08,0.992836421185166,0.10173126842128742,0.0036904376666666654,-0.0005383801035045628,0.0016002292095179393,0.0010006753245983251,-0.0003055678083333374,0.9929182103833238,0.10326095944702539,8.178919815782226e-05,0.001529691025737967,0.00152603272501439,0.9952447785068239,-2.705159370181608e-08,0.0016282692227116678,-0.007041114536033998,-0.007041114536033998,0.1766627337936144,1.0023972623021846,-2.6922957382020536e-08]"
/multi_agv/m2b_algorithm_state,1789558488.4872785,1789558488.4872785,m2b_algorithm_state_v1:header6+3x20,"[1.0,-0.15,0.52,0.9949982855180396,0.1017503029655414,1789558488.487129,0.9933606744799475,0.10139139025900085,0.0036904376666666654,0.001545397432446533,0.0010515221308517995,0.00038283821214616883,0.0009860853749999966,0.9937161620817089,0.1013770288817169,0.00035548760176140615,-1.4361377283944599e-05,-1.4361705048384416e-05,1.0000456477464001,6.862494115814274e-12,0.00042999779715337326,2.544509863197761e-05,2.544509863197761e-05,0.1419355401952965,0.999977177888091,6.862807373205345e-12,0.9947855645449839,0.10212796622276565,0.006394789958333334,0.0009327515467331769,0.0023732046789601835,0.0011331818236672841,0.005408704583333337,0.9976983937598521,0.10027747826263364,0.00291282921486824,-0.0018504879601320134,-0.0018559511763583,1.0059460324821785,6.862304990182097e-08,0.001785085342227,-0.004534936127410894,-0.004534936127410894,0.12045814834478676,0.997056379340212,6.903108478556335e-08,0.9938372499310602,0.10173136036286318,0.0036904376666666654,-0.0005385359482746768,0.0016002069520955845,0.001000754459048449,-0.0003055678083333374,0.9939863003829407,0.10166089966808513,0.0001490504518805169,-7.046069477804895e-05,-7.046855156203348e-05,1.0002230714188733,-5.747781896416272e-11,0.00011584451328861266,-0.0009179816240969362,-0.0009179816240969362,0.176670929042589,0.999888506520847,-5.74906406227928e-11]"
/multi_agv/m2b_algorithm_state,1789558488.4971948,1789558488.4971948,m2b_algorithm_state_v1:header6+3x20,"[1.0,-0.15,0.52,0.9959984668218674,0.101750389357406,1789558488.4970932,0.994364461669572,0.10139140553231434,0.0036904376666666654,0.0015457226518523367,0.0010514678172124144,0.00038272549399904175,0.0009860853749999966,0.9946130333812849,0.1014585983701745,0.00024857171171288606,6.719283786016383e-05,6.718566739346168e-05,0.9997866247875666,1.5024577417019965e-10,0.00037790030703456923,0.00017361459530900987,0.00017361459530900987,0.14195021197829347,1.000106726136397,1.5021371544621888e-10,0.9957893561339156,0.10212803652516603,0.006394789958333334,0.0009326994534666249,0.002373211847628398,0.0011332006788738885,0.005408704583333337,0.9986881734837929,0.10027747826263364,0.0028988173498772918,-0.0018505582625323869,-0.0018560218915838,1.0059462574721743,6.862441255739549e-08,0.0017674997957628147,-0.00447293689523657,-0.00447293689523657,0.12046738477182513,0.9970562690687066,6.903247098333847e-08,0.9948410387506308,0.10173146683914383,0.0036904376666666654,-0.0005389089765732422,0.0016001749494123033,0.0010009328048848853,-0.0003055678083333374,0.9946725889319562,0.0991815907969507,-0.00016844981867458753,-0.0025498760421931305,-0.002560360295936616,1.0083025097531784,-7.545188035256027e-08,-0.0027709225692798506,0.010345937718569105,0.010345937718569105,0.17669966334525486,0.9959051646910303,-7.607832032508305e-08]"
/multi_agv/m2b_algorithm_state,1789558488.5071669,1789558488.5071669,m2b_algorithm_state_v1:header6+3x20,"[1.0,-0.15,0.52,0.9969937280826485,0.10175050570177929,1789558488.507088,0.9953646480499502,0.10139147850058039,0.0036904376666666654,0.0015456628158942343,0.0010514508528408177,0.0003827602556794453,0.0009860853749999966,0.9956312662943051,0.1014585983701745,0.00026661824435492143,6.711986959410943e-05,6.711271469565474e-05,0.9997868565372073,1.4991378574082046e-10,0.0004003855201393065,9.374651359492486e-05,9.374651359492486e-05,0.14195210796687044,1.0001066101779243,1.4988183259740731e-10,0.9967895306566448,0.10212813944317777,0.006394789958333334,0.0009326095009303537,0.0023731915043321283,0.0011332502573152964,0.005408704583333337,0.9996727737061851,0.09989228454939154,0.0028832430495403516,-0.002235854893786221,-0.0022438537926336073,1.0072157020212094,1.0019084455405654e-07,0.0013602000192918322,-0.002858829805761516,-0.002858829805761516,0.1204685783391433,0.9964351960570487,1.0091379183361192e-07,0.9958412217590072,0.10173155012845984,0.0036904376666666654,-0.0005389873602175466,0.0016001580579029246,0.0010009755710845376,-0.0003055678083333374,0.995667969922207,0.0991815907969507,-0.0001732518368002811,-0.002549959331509144,-0.0025604442650158004,1.008302779473595,-7.546775995643073e-08,-0.0027770090610161518,0.010367302671637284,0.010367302671637284,0.1767033768645007,0.995905033493634,-7.609435212471518e-08]"
/multi_agv/m2b_algorithm_state,1789558488.5171518,1789558488.5171518,m2b_algorithm_state_v1:header6+3x20,"[1.0,-0.15,0.52,0.997998102728013,0.10175056361977715,1789558488.517024,0.9963599241194586,0.10139162466387922,0.0036904376666666654,0.0015451202457280227,0.0010514846607552865,0.0003829778553223219,0.0009860853749999966,0.9966699701853927,0.10174282563370837,0.0003100460659340998,0.0003512009698291574,0.00035100550096252455,0.9988883351672087,4.102144749645463e-09,0.0007385630833801493,-0.0012382464395019246,-0.0012382464395019246,0.14193658096477466,1.00055688263032,4.097584539588262e-09,0.9977847732388506,0.10212828625186272,0.006394789958333334,0.0009324659198594355,0.00237313546860618,0.001133341650250294,0.005408704583333337,1.0005759617975125,0.09905569584640145,0.0027911885586618945,-0.0030725904054612757,-0.0030877924456427395,1.010010235328593,1.8928538559339916e-07,0.00040119325268462864,0.0008926827605046896,0.0008926827605046896,0.12045880355779925,0.995076728617911,1.9118017684745254e-07,0.9968364868896364,0.10173160618959594,0.0036904376666666654,-0.0005386972250949825,0.0016001592651318734,0.0010008491815439498,-0.0003055678083333374,0.9968367607106934,0.1020424947983282,2.7382105693973813e-07,0.0003108886087322682,0.0003107360972959395,0.9990200253456624,-1.1189984555912683e-09,0.0003110783736171142,-0.0017842669777935881,-0.0017842669777935881,0.17667296722378792,1.0004908069505147,-1.117901865466546e-09]"
/multi_agv/m2b_algorithm_state,1789558488.5271404,1789558488.5271404,m2b_algorithm_state_v1:header6+3x20,"[1.0,-0.15,0.52,0.9990030131293305,0.10175061788851307,1789558488.5270061,0.9973642951192923,0.10139162834175065,0.0036904376666666654,0.0015455098023513386,0.0010514256765411503,0.0003828396787707851,0.0009860853749999966,0.9978223845002206,0.10208992144883983,0.0004580893809283948,0.0006982931070891735,0.0006975223819185566,0.997798386958423,1.6217252995106545e-08,0.00127013410807905,-0.0032894818863889357,-0.0032894818863889357,0.1419524899069325,1.0011049468670767,1.6181548879413965e-08,0.9987891524125527,0.10212834832033185,0.006394789958333334,0.000932420899368798,0.0023731490536189614,0.0011333541016640691,0.005408704583333337,1.0019061069338444,0.10021730655634759,0.0031169545212916816,-0.001911041763984267,-0.0019168710222266178,1.0061447878157668,7.316450657907176e-08,0.001979322129387984,-0.005191829919399854,-0.005191829919399854,0.12046881826085723,0.9969589721088383,7.361408694764543e-08,0.9978408606521942,0.10173171419724898,0.0036904376666666654,-0.0005391181135563157,0.0016001262698294777,0.0010010487895276278,-0.0003055678083333374,0.9979444363986754,0.10002129027453897,0.00010357574648112156,-0.0017104239227100082,-0.0017151115230249054,1.0055166633369796,-3.3944376519753985e-08,-0.0015856418399235034,0.005821081240806533,0.005821081240806533,0.1767041232904824,0.9972668830848797,-3.413163621719714e-08]"
/multi_agv/m2b_algorithm_state,1789558488.5369968,1789558488.5369968,m2b_algorithm_state_v1:header6+3x20,"[1.0,-0.15,0.52,0.9999917611157386,0.10175077266015194,1789558488.5368738,0.9983692005609963,0.10139162763217938,0.0036904376666666654,0.0015459196850225528,0.0010513612135839563,0.00038269554139724296,0.0009860853749999966,0.9988678275666922,0.10230802259011955,0.0004986270056959174,0.0009163949579401726,0.000915069788686527,0.9971179124905295,2.7932795897394734e-08,0.0015383535458064238,-0.004346405410576258,-0.004346405410576258,0.1419524993796138,1.0014481619544533,2.7852291135234263e-08,0.9997940683622031,0.10212840501008563,0.006394789958333334,0.0009323841756314309,0.002373165698617896,0.0011333613647176721,0.005408704583333337,1.0029056634257512,0.10021730655634759,0.0031115950635480782,-0.001911098453738047,-0.0019169280558562955,1.0061449693412519,7.316594946306184e-08,0.0019725657735788025,-0.005168017806460771,-0.005168017806460771,0.12046881279574707,0.9969588831983345,7.361555197933593e-08,0.998845770464792,0.10173182102327422,0.0036904376666666654,-0.0005395533072354796,0.0016000936726802313,0.0010012543911926929,-0.0003055678083333374,0.9987596449248806,0.0979578804870697,-8.612553991138583e-05,-0.0037739405362045148,-0.0037971196754896398,1.0124584443881948,-1.6560712395104915e-07,-0.003904776600378872,0.01481053723020035,0.01481053723020035,0.17670410482074952,0.9938955994895958,-1.6767033109508218e-07]"
/multi_agv/m2b_algorithm_state,1789558488.5469189,1789558488.5469189,m2b_algorithm_state_v1:header6+3x20,"[1.0,-0.15,0.52,1.0009916397854557,0.10175085639679415,1789558488.5468173,0.9993579757832346,0.1013918727752026,0.0036904376666666654,0.001544713678970521,0.0010514618346465724,0.0003831659627324341,0.0009860853749999966,0.999881432980142,0.10213544740840612,0.0005234571969073842,0.0007435746332035142,0.0007427010130114728,0.9976568372178418,1.837860683989807e-08,0.001397022509145703,-0.0037630948337993983,-0.0037630948337993983,0.14193337732165495,1.001176274404823,1.8335542772362903e-08,1.0007827819202804,0.10212860821816139,0.006394789958333334,0.0009321729170798793,0.0023730624136250045,0.0011335066740283395,0.005408704583333337,1.0036752795072597,0.09710547006908385,0.0028924975869792924,-0.005023138149077538,-0.005064370398151076,1.0167277438046278,5.063415830500203e-07,-0.0014487484144269603,0.008204048921842655,0.008204048921842655,0.12045678670058563,0.9918583662268086,5.148115353289107e-07,0.9998345256437011,0.10173183698709183,0.0036904376666666654,-0.0005387552531534614,0.0016001211301398307,0.001000894180051512,-0.0003055678083333374,0.9997382498417627,0.09871282749554157,-9.627580193838359e-05,-0.003019009491550262,-0.0030337585398152365,1.0098820649496891,-1.0577123487199312e-07,-0.003154103292238216,0.011881962881529453,0.011881962881529453,0.17666669340276026,0.9951383578912406,-1.0681647308480698e-07]"
/multi_agv/m2b_algorithm_state,1789558488.5570405,1789558488.5570405,m2b_algorithm_state_v1:header6+3x20,"[1.0,-0.15,0.52,1.0019932563495881,0.1017509284633457,1789558488.5568557,1.0003578595241303,0.1013919405493214,0.0036904376666666654,0.0015446741213630856,0.00105145072442958,0.00038318888941948036,0.0009860853749999966,1.0008377037157343,0.10143339896172966,0.000479844191604073,4.145841240826842e-05,4.1455682121610425e-05,0.9998683085979122,5.7160197180664314e-11,0.0006412609216267017,-0.0007507945735854078,-0.0007507945735854078,0.14193420132745063,1.0000658603722883,5.715266967415398e-11,1.0017826547708848,0.10212870867915787,0.006394789958333334,0.000932078129387239,0.002373044956287762,0.001133556847091155,0.005408704583333337,1.0046444706387874,0.09713802233928068,0.002861815867902573,-0.00499068633987719,-0.00503137754043605,1.0166136091272415,4.997595531697583e-07,-0.001454107705557834,0.008209154707090945,0.008209154707090945,0.12045730545675312,0.991912512978437,5.080623630437255e-07,1.0008344050613516,0.10173191996190319,0.0036904376666666654,-0.0005388478834789305,0.0016001048800624532,0.00100094278804782,-0.0003055678083333374,1.0008837997290874,0.10047887243309093,4.9394667735791487e-05,-0.0012530475288122511,-0.001255554643348319,1.0040206023985228,-1.820305061222745e-08,-0.0011938113086785796,0.00424194320695781,0.00424194320695781,0.17666830707764505,0.9980031816621043,-1.8276237841179404e-08]"
/multi_agv/m2b_algorithm_state,1789558488.5672226,1789558488.5672226,m2b_algorithm_state_v1:header6+3x20,"[1.0,-0.15,0.52,1.003004342905651,0.10175093979017528,1789558488.5669794,1.001359477460088,0.10139198170061206,0.0036904376666666654,0.0015448044211161904,0.0010514219946026852,0.0003831473541390318,0.0009860853749999966,1.0014958595478187,0.10163239063206805,0.00013638208773070204,0.00024040893145599318,0.0002403172609383171,0.9992380726297598,1.9219642153184415e-09,0.00041079487060169466,-2.3023240193724556e-05,-2.3023240193724556e-05,0.14194117903746709,1.0003814562354703,1.9204998181781684e-09,1.0027842699976706,0.10212879228017362,0.006394789958333334,0.0009320031240618917,0.0023730409442479505,0.0011335914504837785,0.005408704583333337,1.0056072517698875,0.09865514445066421,0.0028229817722169592,-0.003473647829509402,-0.0034931363116191454,1.0113680504535296,2.418648845027492e-07,3.5590903652053633e-05,0.0023525621893924036,0.0023525621893924036,0.12046169825113981,0.9944209213809035,2.446144167127136e-07,1.0018360215910052,0.1017320114092514,0.0036904376666666654,-0.0005390696478654862,0.0016000829771617448,0.001001050312002647,-0.0003055678083333374,1.0015323111507426,0.09944976988179435,-0.0003037104402625612,-0.0022822415274570407,-0.0022906234093667656,1.0074086276990626,-6.04515950028023e-08,-0.002670261459694967,0.009882402466781662,0.009882402466781662,0.17668197212724668,0.9963407857112393,-6.089945836399257e-08]"
/multi_agv/m2b_algorithm_state,1789558488.5771816,1789558488.5771816,m2b_algorithm_state_v1:header6+3x20,"[1.0,-0.15,0.52,1.0039948340375213,0.10175108107693061,1789558488.5770605,1.002370545841579,0.10139187957412885,0.0036904376666666654,0.0015458655002009865,0.0010512949588054698,0.0003827534947552691,0.0009860853749999966,1.002570566246618,0.10227750608111479,0.00020002040503896978,0.0008856265069859398,0.000884388545842375,0.9972137131213363,2.6088200437872652e-08,0.0011344140521410873,-0.0028935020362047567,-0.0028935020362047567,0.14195250433625248,1.00139979328021,2.601551122730466e-08,1.0037953788707379,0.10212878737843932,0.006394789958333334,0.0009320350977582419,0.0023731078952606843,0.0011335427647920782,0.005408704583333337,1.0065897927841172,0.09865514445066421,0.0027944139133793122,-0.0034736429277751057,-0.003493131355448238,1.0113680345299643,2.4187250406450057e-07,-1.1396372409785624e-07,0.002477761979147653,0.002477761979147653,0.12046880993571603,0.9944209290490219,2.446221190425547e-07,1.002847104004636,0.10173215241795772,0.0036904376666666654,-0.000540000339982197,0.0016000279072973297,0.001001482386254005,-0.0003055678083333374,1.0024260566855856,0.09835654901498277,-0.00042104731905046044,-0.00337560340297495,-0.0033940920067519072,1.0110936593354256,-1.3256897930809058e-07,-0.003920401155564983,0.014710313101277791,0.014710313101277791,0.1767040951603089,0.9945527099029201,-1.3403965440297962e-07]"
/multi_agv/m2b_algorithm_state,1789558488.5872626,1789558488.5872626,m2b_algorithm_state_v1:header6+3x20,"[1.0,-0.15,0.52,1.0050048966457106,0.10175109764183175,1789558488.5871544,1.0033610601223955,0.1013920984538711,0.0036904376666666654,0.0015448136384847342,0.0010513793626508064,0.0003831655356502394,0.0009860853749999966,1.003596935543548,0.10227750608111479,0.00023587542115244275,0.0008854076272436923,0.0008841702795690068,0.9972144030994002,2.605754224872379e-08,0.0011790145560095604,-0.0030532758492088194,-0.0030532758492088194,0.14194927359708964,1.001399444997505,2.5984956439798498e-08,1.0047858403237637,0.10212897156826105,0.006394789958333334,0.0009318450347424916,0.002373018858727427,0.0011336714739912934,0.005408704583333337,1.0075950857516327,0.09794587654844224,0.0028092454278689782,-0.004183095019818811,-0.004211508739298894,1.0137995094121386,3.508440530820081e-07,-0.0006999519544626711,0.005235544718348662,0.005235544718348662,0.12046679404348888,0.9932533157975084,3.5568552889470614e-07,1.0038376016664046,0.10173217320865971,0.0036904376666666654,-0.0005393177570114098,0.0016000519009511938,0.0010011740298583628,-0.0003055678083333374,1.003413078621581,0.09835654901498277,-0.00042452304482365477,-0.0033756241936769432,-0.003394113022938841,1.0110937271769567,-1.3240302665754195e-07,-0.003924766828968409,0.014726312925404385,0.014726312925404385,0.17669782546528748,0.9945526771981537,-1.3387186971268404e-07]"
/multi_agv/m2b_algorithm_state,1789558488.597463,1789558488.597463,m2b_algorithm_state_v1:header6+3x20,"[1.0,-0.15,0.52,1.0060026661375312,0.10175119237848418,1789558488.5972612,1.0043711064113552,0.10139201215580905,0.0036904376666666654,0.0015457620160570394,0.0010512639391044411,0.0003828144880117009,0.0009860853749999966,1.004832102874811,0.10231009671806073,0.0004609964634558761,0.0009180845622516753,0.000916754525921669,0.9971126693438633,2.8032950345650645e-08,0.0014930001052415143,-0.00418583622908581,-0.00418583622908581,0.14195250659012953,1.0014508096686723,2.795200994873569e-08,1.005795922844499,0.10212897466252327,0.006394789958333334,0.0009318665781228698,0.0023730785963653744,0.001133631062074536,0.005408704583333337,1.0085658627441856,0.09618874712501459,0.0027699398996865465,-0.005940227537508683,-0.005998289397911551,1.0199857363213627,7.082567155756479e-07,-0.002535864523303368,0.012358557582378173,0.012358557582378173,0.12046880861800885,0.9903202635699629,7.224117475409772e-07,1.0048476606812775,0.10173230610716295,0.0036904376666666654,-0.0005401611419717403,0.0016000019904868438,0.001001565575378724,-0.0003055678083333374,1.0046204421523297,0.09712434886869613,-0.00022721852894780348,-0.0046079572384668255,-0.0046427307603864485,1.0153544796775453,-2.472961441640171e-07,-0.004926753921571203,0.018698723409985497,0.018698723409985497,0.17670409071978693,0.9925101144747992,-2.5109324778391886e-07]"
/multi_agv/m2b_algorithm_state,1789558488.6073327,1789558488.6073327,m2b_algorithm_state_v1:header6+3x20,"[1.0,-0.15,0.52,1.007002285015134,0.10175127451837444,1789558488.6072733,1.0053688843182131,0.10139212167512462,0.0036904376666666654,0.0015454170181999141,0.001051275453027101,0.00038295804359783853,0.0009860853749999966,1.005795966795163,0.10140274062038968,0.00042708247694989154,1.0618945265050694e-05,1.0618766103012692e-05,0.9999662575080542,3.7518805860069934e-12,0.0005444718622903772,-0.0003923093549228103,-0.0003923093549228103,0.1419525032173846,1.0000168722087166,3.751753988206539e-12,1.0067936806964812,0.10212909139244393,0.006394789958333334,0.0009317562813513742,0.002373043676850095,0.001133697041879267,0.005408704583333337,1.0096283504756984,0.09711837385955983,0.0028346697792172026,-0.005010717532884096,-0.005051742018869898,1.0166839518213355,5.036105895884807e-07,-0.001508404794848395,0.008406397983570376,0.008406397983570376,0.120468810571279,0.9918791407335206,5.120128044018893e-07,1.0058454333978992,0.10173236406788397,0.0036904376666666654,-0.0005400162215151087,0.0016000010787414528,0.0010015032337720893,-0.0003055678083333374,1.0057818043034399,0.09921502291861076,-6.362909445933873e-05,-0.002517341149273211,-0.002527556930722156,1.0081934701073132,-7.368795559248001e-08,-0.0026070932987963293,0.009755258969811555,0.009755258969811555,0.1767040973240084,0.9959582388334075,-7.429171565389601e-08]"
/multi_agv/m2b_algorithm_state,1789558488.6173215,1789558488.6173215,m2b_algorithm_state_v1:header6+3x20,"[1.0,-0.15,0.52,1.0079979418041471,0.10175138061108262,1789558488.6172163,1.0063685078499247,0.10139220008059158,0.0036904376666666654,0.0015452741720499434,0.0010512688123573968,0.00038302341709911774,0.0009860853749999966,1.006739658974929,0.1009616073448673,0.0003711511250041877,-0.0004305927357242806,-0.00043088830956150597,1.0013751050785051,6.170394609668594e-09,3.3050596693728624e-05,0.0016216182620514042,0.0016216182620514042,0.1419525031877359,0.9993140360723034,6.17887955063273e-09,1.0077932929394042,0.10212919014465945,0.006394789958333334,0.0009316652048674649,0.0023730237728105674,0.0011337468788550076,0.005408704583333337,1.01059985635594,0.09711837385955983,0.0028065634165357345,-0.005010816285099612,-0.005051842364411929,1.0166842772168243,5.035810141354331e-07,-0.0015436380937422613,0.008529148540466084,0.008529148540466084,0.12046881060392474,0.9918789866442926,5.119828993763982e-07,1.0068450542560732,0.10173243332987231,0.0036904376666666654,-0.0005400252008741853,0.0015999927729754343,0.0010015114490544417,-0.0003055678083333374,1.0068200101883222,0.09858268989761443,-2.5044067750945587e-05,-0.003149743432257879,-0.003165813223743227,1.0103250899836222,-1.1541082950336889e-07,-0.003197118308431909,0.012083919616985505,0.012083919616985505,0.17670409742841267,0.9949239609700199,-1.1660245670307566e-07]"
/multi_agv/m2b_algorithm_state,1789558488.6272144,1789558488.6272144,m2b_algorithm_state_v1:header6+3x20,"[1.0,-0.15,0.52,1.0089975234760964,0.10175146094499832,1789558488.627101,1.0073641771645543,0.10139233652109579,0.0036904376666666654,0.0015447489332758714,0.001051303219663735,0.000383233192354501,0.0009860853749999966,1.0080583829844398,0.10163438950669855,0.0006942058198855516,0.00024205298560275867,0.00024196005861097935,0.9992328801591358,1.9482656759831896e-09,0.001109717333467919,-0.0025071226196287416,-0.0025071226196287416,0.14195249597916249,1.000384059221645,1.9467711227278683e-09,1.0087889335980482,0.1021293240849603,0.006394789958333334,0.0009315305588733554,0.002372975381703446,0.0011338304216330364,0.005408704583333337,1.0115979981754104,0.09650019849106048,0.002809064577362186,-0.005629125593899817,-0.0056811428451720635,1.018873200540455,6.356679051277109e-07,-0.0021698121234693312,0.010961628739076407,0.010961628739076407,0.12046881475157027,0.9908438754859945,6.476649929783171e-07,1.0078407146498387,0.10173248122719177,0.0036904376666666654,-0.000539742185700316,0.0015999986723532877,0.0010013857047828914,-0.0003055678083333374,1.007658990276591,0.09704912805502153,-0.00018172437324781576,-0.004683353172170238,-0.004719294240254726,1.0156188519328677,-2.552682944082586e-07,-0.004946449706814495,0.018795786865142723,0.018795786865142723,0.17670411143601286,0.9923842281801553,-2.5925529210177686e-07]"
/multi_agv/m2b_algorithm_state,1789558488.637151,1789558488.637151,m2b_algorithm_state_v1:header6+3x20,"[1.0,-0.15,0.52,1.0099950762130085,0.10175155320326623,1789558488.637048,1.008363763432583,0.10139240903988171,0.0036904376666666654,0.0015446420330907191,0.001051298299653735,0.00038328208960769754,0.0009860853749999966,1.0091502368215715,0.1019777090141867,0.0007864733889884068,0.0005852999743049814,0.0005847580378917819,0.9981522821484308,1.13880234982309e-08,0.0015678497741272905,-0.004296576373355455,-0.004296576373355455,0.1419524958909648,1.000926770353005,1.1366981643919129e-08,1.0097885094592232,0.10212942092985254,0.006394789958333334,0.0009314372175573049,0.0023729579493800834,0.0011338799545626832,0.005408704583333337,1.0125564026347507,0.09650019849106048,0.0027678931755275027,-0.005629222438792061,-0.005681241450518444,1.0188735214850595,6.356258344600553e-07,-0.0022213749811090654,0.011140861470630706,0.011140861470630706,0.12046881482187723,0.9908437245310819,6.47622332303196e-07,1.0088402975364832,0.10173255286526069,0.0036904376666666654,-0.0005397783082081464,0.0015999890740343043,0.001001406358130768,-0.0003055678083333374,1.008611497117931,0.09692478781943203,-0.00022880041855222188,-0.004807765045828652,-0.004845676435507427,1.0160560852163918,-2.6904889557897826e-07,-0.0051316769586977045,0.019487759490615524,0.019487759490615524,0.17670411166010788,0.992176244084113,-2.733687675737704e-07]"
/multi_agv/m2b_algorithm_state,1789558488.647244,1789558488.647244,m2b_algorithm_state_v1:header6+3x20,"[1.0,-0.15,0.52,1.011002176491077,0.1017515842148083,1789558488.6470869,1.0093613247184232,0.101392511016987,0.0036904376666666654,0.0015443392380237457,0.0010513145294250839,0.0003834048988817448,0.0009860853749999966,1.0101764684888277,0.1019777090141867,0.0008151437704044806,0.0005851979971996935,0.0005846562499452921,0.9981526044944453,1.1381819469403659e-08,0.0016035859629508929,-0.004423955908289765,-0.004423955908289765,0.14195249211313987,1.000926608164117,1.1360792747270848e-08,1.0107860516125446,0.1021295353721623,0.006394789958333334,0.0009313217977516657,0.002372926198608294,0.0011339465066881466,0.005408704583333337,1.0134644906518744,0.09583662769031775,0.0026784390393297386,-0.0062929076818445395,-0.006358241320147385,1.02125571617045,7.945487133452572e-07,-0.0030101925209852116,0.014142935154553608,0.014142935154553608,0.1204688169946949,0.9897245739799428,8.114374152797202e-07,1.0098378523080578,0.10173261322064944,0.0036904376666666654,-0.0005396646918940265,0.001599986972398471,0.0010013582048392367,-0.0003055678083333374,1.0095868797536456,0.09692478781943203,-0.0002509725544121988,-0.004807825401217408,-0.00484573772940632,1.016056284782474,-2.689989532458576e-07,-0.005159453422421569,0.019584772576135726,0.019584772576135726,0.17670411899567395,0.9921761493696116,-2.733180770453605e-07]"
/multi_agv/m2b_algorithm_state,1789558488.6569872,1789558488.6569872,m2b_algorithm_state_v1:header6+3x20,"[1.0,-0.15,0.52,1.0119932828008482,0.10175171558334133,1789558488.6568446,1.0103684140810627,0.10139246547431573,0.0036904376666666654,0.0015449990068426866,0.0010512328025058964,0.0003831614249521938,0.0009860853749999966,1.011375454227879,0.10110259984975556,0.001007040146816296,-0.00028986562456016773,-0.0002899994264235322,1.0009242114848906,2.7954560502008884e-09,0.0009688007570968377,-0.0017603944718362326,-0.0017603944718362326,0.14195250552681019,0.9995386133517069,2.798039642787991e-09,1.0117931654378303,0.10212956083522251,0.006394789958333334,0.0009313114305497718,0.0023729668402598936,0.0011339298612426385,0.005408704583333337,1.0148818633566155,0.09649168281902822,0.003088697918785188,-0.005637878016194295,-0.0056900604250779705,1.0189043367452757,6.374987563177742e-07,-0.0018291880265964853,0.00978061418797259,0.00978061418797259,0.12046880924082519,0.9908291995189208,6.495502474818998e-07,1.010844949954338,0.10173272633488666,0.0036904376666666654,-0.0005402848277523326,0.001599949890387621,0.001001646305797211,-0.0003055678083333374,1.0109702466937232,0.09806505225030772,0.00012529673938521668,-0.003667674084578937,-0.0036895484576267676,1.0120930558224814,-1.5661309999878482e-07,-0.0035329275333952468,0.013466083322319503,0.013466083322319503,0.17670409282504276,0.9940712601286985,-1.58507030959602e-07]"
/multi_agv/m2b_algorithm_state,1789558488.6672878,1789558488.6672878,m2b_algorithm_state_v1:header6+3x20,"[1.0,-0.15,0.52,1.012994444851809,0.1017517825569848,1789558488.667193,1.011359541461811,0.10139266691726853,0.0036904376666666654,0.0015440341417263105,0.0010513147712969402,0.0003835370226086428,0.0009860853749999966,1.0124231376443649,0.10200240511932282,0.0010635961825538054,0.0006097382020542885,0.0006091501765186856,0.9980756757414444,1.2353759067324169e-08,0.0019386454047109424,-0.005627849728314366,-0.005627849728314366,0.14195249015214442,1.0009653211281389,1.2329986429066567e-08,1.0127842452300904,0.10212973239769435,0.006394789958333334,0.0009311287349236252,0.002372887287726444,0.0011340504430590592,0.005408704583333337,1.0158984514556544,0.09678008790936712,0.00311420622556402,-0.0053496444883272265,-0.005396525688249565,1.0178800603403906,5.737709653990302e-07,-0.0015037679062945399,0.008529942603560919,0.008529942603560919,0.12046881812072874,0.9913127069839734,5.84030024881929e-07,1.0118360617106432,0.10173274743506111,0.0036904376666666654,-0.0005396647510908102,0.0015999734214767643,0.0010013652843905417,-0.0003055678083333374,1.011925512965166,0.09776540655163293,8.94512545228654e-05,-0.003967340883428178,-0.003992993616349039,1.0131251889691073,-1.830746247784442e-07,-0.003881179548195457,0.014802692667257323,0.014802692667257323,0.176704122811593,0.9935755637535137,-1.854775138241097e-07]"
/multi_agv/m2b_algorithm_state,1789558488.6773188,1789558488.6773188,m2b_algorithm_state_v1:header6+3x20,"[1.0,-0.15,0.52,1.0139964213374755,0.10175184382411188,1789558488.6772068,1.0123607044516827,0.10139270867430364,0.0036904376666666654,0.0015441176384334066,0.001051295343311942,0.0003835109362307547,0.0009860853749999966,1.0136364978204073,0.10382426125653771,0.0012757933687246314,0.00243155258223407,0.002422329630715189,0.9924840853596282,1.962116131417269e-07,0.0040170713416209786,-0.01393948839284862,-0.01393948839284862,0.14195249288352255,1.0038074717007686,1.9473690340590404e-07,1.0137854065761747,0.1021298107724941,0.006394789958333334,0.0009310523747855185,0.0023728851730968614,0.0011340846465278942,0.005408704583333337,1.0168674469881531,0.09678008790936712,0.0030820404119784595,-0.005349722863126974,-0.005396605415246024,1.017880319401193,5.737405430703156e-07,-0.0015440549002729495,0.00867013029796186,0.00867013029796186,0.12046881654441913,0.9913125847617834,5.839992072338268e-07,1.0128372235275698,0.10173282822415666,0.0036904376666666654,-0.0005398448532994223,0.0015999578849652096,0.0010014514372468112,-0.0003055678083333374,1.0129953189926724,0.09876266530744121,0.00015809546510259231,-0.002970162916715452,-0.002984433106020911,1.0097167034978458,-1.0257961125925242e-07,-0.0027868137746426707,0.010571396090315151,0.010571396090315151,0.17670411749884601,0.9952184589841635,-1.0357634692678286e-07]"
/multi_agv/m2b_algorithm_state,1789558488.687139,1789558488.687139,m2b_algorithm_state_v1:header6+3x20,"[1.0,-0.15,0.52,1.01499369351794,0.10175193414329282,1789558488.6870127,1.0133626800484175,0.10139273890892843,0.0036904376666666654,0.001544271339603233,0.0010512676621454269,0.00038345871173223146,0.0009860853749999966,1.0147594501531234,0.10414547584648971,0.0013967701047059577,0.0027527369375612842,0.002740945395417141,0.9915225990481462,2.5143462890567746e-07,0.004486908026299589,-0.01578558737573334,-0.01578558737573334,0.14195249707753924,1.0043019981951697,2.493031167432635e-07,1.0147873843952366,0.10212988091270786,0.006394789958333334,0.0009309861724139668,0.00237288917328371,0.0011341112657879127,0.005408704583333337,1.0175552943455584,0.09631667899548184,0.002767909950321723,-0.005813201917226021,-0.005868753323733836,1.0195303814802066,6.775962107072493e-07,-0.002408865885831682,0.011865905814786285,0.011865905814786285,0.12046881412627089,0.9905343769888642,6.908299231919044e-07,1.013839199568772,0.10173291165069938,0.0036904376666666654,-0.0005400778283069269,0.0015999404344611444,0.0010015615043628716,-0.0003055678083333374,1.014074400335834,0.09844462878769053,0.00023520076706184945,-0.0032882828630088484,-0.0033058155801212563,1.010795973210784,-1.2580971638210245e-07,-0.0030118146212939445,0.011489073376087197,0.011489073376087197,0.17670410932165345,0.9946964019354748,-1.2716795470981997e-07]"
/multi_agv/m2b_algorithm_state,1789558488.6971905,1789558488.6971905,m2b_algorithm_state_v1:header6+3x20,"[1.0,-0.15,0.52,1.0159941091807274,0.10175200374031941,1789558488.697098,1.0143599606552418,0.10139284148974637,0.0036904376666666654,0.0015439465738748257,0.001051288346916656,0.00038358872715162887,0.0009860853749999966,1.0152052900397355,0.10277242019168062,0.0008453293844936649,0.0013795787019342531,0.0013765859840661337,0.9956841162984131,6.320323975544627e-08,0.002433247714683215,-0.00775933999507737,-0.00775933999507737,0.14195249279964284,1.0021740144842093,6.293046192309825e-08,1.0157846462286442,0.10212999346016235,0.006394789958333334,0.0009308695947788503,0.002372858132112743,0.0011341779506085503,0.005408704583333337,1.0185131846188877,0.09631667899548184,0.0027285383902435623,-0.005813314464680516,-0.005868867985787636,1.0195307550979946,6.775372919885392e-07,-0.0024581949979831834,0.012037231911583986,0.012037231911583986,0.12046881659137645,0.9905342016140674,6.907701069081258e-07,1.0148364736699338,0.1017329674799698,0.0036904376666666654,-0.0005399452422081932,0.0015999411284401853,0.001001503673966543,-0.0003055678083333374,1.0146600117433877,0.0986569237845778,-0.00017646192654607873,-0.0030760436953919945,-0.0030913616336621843,1.010075066617949,-1.1005135843366532e-07,-0.0033119390418447827,0.012457688421126153,0.012457688421126153,0.17670411765199426,0.9950449219193926,-1.1116013320128028e-07]"
/multi_agv/m2b_algorithm_state,1789558488.7072542,1789558488.7072542,m2b_algorithm_state_v1:header6+3x20,"[1.0,-0.15,0.52,1.0169919266066643,0.10175208898671761,1789558488.7071588,1.015360378312779,0.10139289364899275,0.0036904376666666654,0.0015439501018173437,0.0010512773180052716,0.00038359293543044327,0.0009860853749999966,1.0161262658128318,0.10192968858312092,0.0007658875000529086,0.0005367949341281708,0.0005363389340647298,0.9983044820764276,9.57475377119749e-09,0.0014936983091308656,-0.004010680113881329,-0.004010680113881329,0.14195249419760672,1.0008502087662836,9.558519604564633e-09,1.0167850597554198,0.1021300761208842,0.006394789958333334,0.0009307868809873155,0.0023728517240773073,0.0011342171416943714,0.005408704583333337,1.0195287378276798,0.09720196437530432,0.0027436780722600584,-0.004928111745579888,-0.004967769508452542,1.0163935024937736,4.866094951146802e-07,-0.0015381719181274687,0.008474954168161549,0.008474954168161549,0.12046881579228182,0.9920169881462543,4.945867290863366e-07,1.0158368894739833,0.1017330414510813,0.0036904376666666654,-0.0005400628936222157,0.001599929900556186,0.0010015605150707632,-0.0003055678083333374,1.015703316825692,0.09915621704238597,-0.00013357264829139126,-0.002576824408695319,-0.00258753339100012,1.0083926270082517,-7.722091888174098e-08,-0.002754499201364359,0.010297978484564322,0.010297978484564322,0.1767041149458938,0.9958613162859856,-7.786900525114989e-08]"
/multi_agv/m2b_algorithm_state,1789558488.7172177,1789558488.7172177,m2b_algorithm_state_v1:header6+3x20,"[1.0,-0.15,0.52,1.0179914323035257,0.10175216270978595,1789558488.7171195,1.0163582028135296,0.10139298494525574,0.0036904376666666654,0.0015436936476583506,0.0010512931019067023,0.0003836958895146842,0.0009860853749999966,1.0172232678464033,0.10320880163672742,0.0008650650328736464,0.0018158166914716833,0.0018106492271708454,0.9943476377776437,1.0944103237928925e-07,0.0028919805182629037,-0.009609709405444308,-0.009609709405444308,0.14195249090699363,1.0028539289793377,1.0882243202229287e-07,1.0177828687381816,0.1021301817264185,0.006394789958333334,0.0009306763846881035,0.0023728263945519412,0.0011342782191026413,0.005408704583333337,1.0204976126962793,0.09720196437530432,0.002714743958097676,-0.004928217351114178,-0.004967876789133591,1.0163938502005798,4.865723772001049e-07,-0.001574446841511496,0.008601358645150499,0.008601358645150499,0.12046881769363114,0.992016823342688,4.945491718636634e-07,1.0168347082682816,0.10173310028847861,0.0036904376666666654,-0.000539981809489136,0.0015999286432245366,0.0010015260241495014,-0.0003055678083333374,1.0167427674834324,0.09971255593887718,-9.194078484919821e-05,-0.0020205443496014303,-0.0020271011192761635,1.0065396588334556,-4.7454648459656336e-08,-0.0021420271003376613,0.007912686747175402,0.007912686747175402,0.1767041213610046,0.9967654451904824,-4.776498567064406e-08]"
/multi_agv/m2b_algorithm_state,1789558488.7272046,1789558488.7272046,m2b_algorithm_state_v1:header6+3x20,"[1.0,-0.15,0.52,1.0189913562509407,0.10175223306348274,1789558488.727113,1.0173577120665835,0.10139304837364874,0.0036904376666666654,0.0015436175033972303,0.001051291979332979,0.0003837294799090864,0.0009860853749999966,1.01822488171875,0.10431344964457269,0.0008671696521664884,0.002920401270923953,0.002907146563602817,0.9910235910294585,2.8284017950981015e-07,0.003991108628810927,-0.014094208017762271,-0.014094208017762271,0.14195249066307444,1.0045593529707388,2.803012903852287e-07,1.0187823705436834,0.1021302708087004,0.006394789958333334,0.0009305841038726448,0.0023728147204729044,0.0011343242967433304,0.005408704583333337,1.021335390161094,0.09723505020494522,0.0025530196174106123,-0.0048952206037551765,-0.004934340961873676,1.016278043524614,4.800212200636265e-07,-0.0017430664401104105,0.009175563785046945,0.009175563785046945,0.12046881784053372,0.9920718170023574,4.878350263765605e-07,1.0178342143003103,0.10173316894700872,0.0036904376666666654,-0.0005400380675289183,0.0015999209537499457,0.0010015544125519787,-0.0003055678083333374,1.0174590336904619,0.09903863118845074,-0.0003751806098484245,-0.002694537758557977,-0.0027062578855831685,1.008787650953009,-8.443971176231612e-08,-0.003175233647893699,0.011825007932178428,0.011825007932178428,0.17670412186573986,0.9956692497460692,-8.518173847585603e-08]"
/multi_agv/m2b_algorithm_state,1789558488.7372165,1789558488.7372165,m2b_algorithm_state_v1:header6+3x20,"[1.0,-0.15,0.52,1.0199916013624895,0.1017523007068013,1789558488.7371204,1.018357638574407,0.10139310475545957,0.0036904376666666654,0.0015435839338373632,0.001051286777253235,0.00038374673771201227,0.0009860853749999966,1.01918459889361,0.10293172373585147,0.0008269603192028185,0.0015386189803918982,0.0015349009825000191,0.9951953238259709,7.858788551635685e-08,0.0025686013815035425,-0.008319775518324904,-0.008319775518324904,0.1419524911561936,1.0024223047181997,7.821029617524908e-08,1.0197822918259245,0.1021303551479192,0.006394789958333334,0.0009304969154161104,0.002372806724950882,0.0011343662533093574,0.005408704583333337,1.022307774306471,0.09723505020494522,0.002525482480546515,-0.00489530494297398,-0.00493442662976821,1.0162783211266424,4.799926240413912e-07,-0.0017775735290850667,0.009295834185729242,0.009295834185729242,0.12046881755404085,0.9920716853791647,4.878060981139567e-07,1.018834138352491,0.10173323928706947,0.0036904376666666654,-0.0005401263894559073,0.0015999121080928387,0.0010015973010333431,-0.0003055678083333374,1.0184380189519298,0.09931838906299408,-0.0003961194005612789,-0.0024148502240753933,-0.002424243705251174,1.0078507101385357,-6.781888441203731e-08,-0.0029193929559527725,0.010812295312236533,0.010812295312236533,0.1767041208888884,0.9961251910625021,-6.835131081547507e-08]"
/multi_agv/m2b_algorithm_state,1789558488.7472508,1789558488.7472508,m2b_algorithm_state_v1:header6+3x20,"[1.0,-0.15,0.52,1.0209915638224116,0.10175236947539242,1789558488.7471483,1.019357885443027,0.10139315596002067,0.0036904376666666654,0.0015435803380071814,0.0010512784600201987,0.0003837526233643222,0.0009860853749999966,1.0200629200186264,0.10092936350352041,0.0007050345755994503,-0.0004637924565002588,-0.00046413544802148624,1.0014816672774869,7.150866627196097e-09,0.0004171577714778266,0.00027349815282273456,0.00027349815282273456,0.14195249222274203,0.9992610098567356,7.161461832283286e-09,1.0207825352086641,0.10213043568193485,0.006394789958333334,0.0009304139327746298,0.0023728015385240386,0.0011344049254006366,0.005408704583333337,1.0232091625912196,0.09694934563678213,0.002426627382555502,-0.005181090045152714,-0.00522500732868661,1.0172838870733973,5.377156119970655e-07,-0.002191723100492233,0.010855689592506325,0.010855689592506325,0.12046881692482687,0.9915947900603356,5.470094279124255e-07,1.0198343834357773,0.10173331047844839,0.0036904376666666654,-0.0005402370851517757,0.0015999026195084873,0.0010016502222471553,-0.0003055678083333374,1.0195254431852865,0.10024420887893976,-0.00030894025049077456,-0.0014891015995086299,-0.0014926485515799875,1.0047907158008542,-2.5777577419395276e-08,-0.0018788238646934557,0.006761158652990403,0.006761158652990403,0.1767041187745452,0.9976237192153484,-2.5901070466846117e-08]"
/multi_agv/m2b_algorithm_state,1789558488.7571878,1789558488.7571878,m2b_algorithm_state_v1:header6+3x20,"[1.0,-0.15,0.52,1.0219912838319591,0.10175243908552112,1789558488.7570946,1.0203578500777728,0.10139321138490272,0.0036904376666666654,0.001543545054053843,0.0010512732139559503,0.00038377064715345004,0.0009860853749999966,1.0208830256425527,0.09960449849908351,0.0005251755647799339,-0.0017887128858192075,-0.0017938659243837288,1.005800606162994,1.0645681129958968e-07,-0.0011373964684088115,0.006355589648088239,0.006355589648088239,0.14195249280116676,0.9971274115336732,1.0707432533530678e-07,1.0217824953453456,0.10213051798777271,0.006394789958333334,0.0009303286155967726,0.002372794568802128,0.001134445537140913,0.005408704583333337,1.0241786270597333,0.09694934563678213,0.0023961317143876837,-0.005181172350990582,-0.005225091008710407,1.0172841587005361,5.376832110047445e-07,-0.002229926365725802,0.010988702634013173,0.010988702634013173,0.1204688165964993,0.9915946616725697,5.469766129543643e-07,1.0208343460441163,0.1017333790535018,0.0036904376666666654,-0.0005403230782234356,0.001599894765460996,0.001001691585384515,-0.0003055678083333374,1.0205732054156633,0.1007492545833665,-0.0002611406284529494,-0.0009841244701352947,-0.0009856677560900649,1.0031480496726475,-1.1256788895591743e-08,-0.0013120935416562516,0.004542830774101468,0.004542830774101468,0.1767041176611776,0.9984342736736239,-1.1292225826189572e-08]"
/multi_agv/m2b_algorithm_state,1789558488.7672126,1789558488.7672126,m2b_algorithm_state_v1:header6+3x20,"[1.0,-0.15,0.52,1.0229916815949727,0.10175250372541811,1789558488.767117,1.0213575726090345,0.101393270116685,0.0036904376666666654,0.0015434843715663817,0.001051270659111746,0.000383798280408648,0.0009860853749999966,1.0218205673634522,0.1001764484920059,0.00046299475441768934,-0.001216821624679107,-0.0012191960624456236,1.0039206210172549,4.924497511134628e-08,-0.000640452619423512,0.00435260013763026,0.00435260013763026,0.14195249292611165,0.9980524561720174,4.943804599576202e-08,1.022782212567707,0.10213060167203336,0.006394789958333334,0.0009302412530630619,0.0023727862072440153,0.0011344877595367286,0.005408704583333337,1.0251031532273185,0.09771202970005884,0.0023209406596114146,-0.004418571971974525,-0.004450330387006206,1.014614610695287,3.9083530992283377e-07,-0.001549154562491938,0.008301134009636637,0.008301134009636637,0.12046881651509754,0.9928638073423924,3.965472158233278e-07,1.0218340663191356,0.10173344546784499,0.0036904376666666654,-0.0005403891963078607,0.0015998882618876954,0.0010017236308388607,-0.0003055678083333374,1.0211534465312102,0.0993968801821418,-0.0006806197879254405,-0.002336565285703196,-0.002345354377490257,1.0075894784304882,-6.352062304079712e-08,-0.0031961291123970576,0.011754493923561045,0.011754493923561045,0.1767041173967278,0.9962525527607191,-6.400271143925642e-08]"
/multi_agv/m2b_algorithm_state,1789558488.7774906,1789558488.7774906,m2b_algorithm_state_v1:header6+3x20,"[1.0,-0.15,0.52,1.023997706136831,0.10175253211655581,1789558488.77732,1.0223579713895958,0.10139331803062673,0.0036904376666666654,0.0015434908230312675,0.0010512613756025859,0.0003838003135170072,0.0009860853749999966,1.022964118715321,0.1007711678549177,0.0006061473257250594,-0.0006221501757090325,-0.0006227681146634796,1.0019911343420813,1.2868376762634496e-08,0.00013491604249284465,0.0013449958832279956,0.0013449958832279956,0.14195249427935377,0.9990077543472488,1.2893999429533418e-08,1.0237826093791953,0.10213067827867883,0.006394789958333334,0.000930161866309594,0.0023727833526681064,0.0011345236597821717,0.005408704583333337,1.026080339284515,0.09771202970005884,0.002297729905319734,-0.004418648578619996,-0.004450408080580821,1.0146148617340789,3.9081538859326945e-07,-0.0015782456989311532,0.00840270890564642,0.00840270890564642,0.12046881573652074,0.9928636876920556,3.9652710146111037e-07,1.0228344640161267,0.10173351486694876,0.0036904376666666654,-0.0005405060058624998,0.0015998796985784106,0.0010017787208442394,-0.0003055678083333374,1.0221333085206428,0.10009709520691515,-0.000701155495483885,-0.0016364196600336112,-0.0016407078972250654,1.00527343270602,-3.114879865690854e-08,-0.0025171522665799217,0.009075830432246761,0.009075830432246761,0.17670411476412112,0.997386349393023,-3.131305975049911e-08]"
/multi_agv/m2b_algorithm_state,1789558488.7873363,1789558488.7873363,m2b_algorithm_state_v1:header6+3x20,"[1.0,-0.15,0.52,1.0249929247180016,0.10175262857239485,1789558488.7871404,1.0233639853719407,0.10139328058307331,0.0036904376666666654,0.001544050695931783,0.0010511941782690645,0.00038359258303381186,0.0009860853749999966,1.02396183323047,0.10006771499671577,0.0005978478585293434,-0.0013255655863575466,-0.001328385695877147,1.00427624726312,5.846578344970368e-08,-0.0005810758727154677,0.004191009909436912,0.004191009909436912,0.14195250575575466,0.9978770401334844,5.8715797596166636e-08,1.0247886470457719,0.10213070218148103,0.006394789958333334,0.0009301456828343328,0.002372822726823154,0.0011345101947757008,0.005408704583333337,1.027179468119047,0.09633484070449852,0.00239082107327504,-0.005795861476982508,-0.005851074150202722,1.0194681377972672,6.729423607775423e-07,-0.002862547808608922,0.013434594139875789,0.013434594139875789,0.12046880910188457,0.9905636688575719,6.860432953867778e-07,1.0238404859927799,0.10173361358511304,0.0036904376666666654,-0.0005410440628471169,0.0015998514739262622,0.00100202663558727,-0.0003055678083333374,1.023274477849901,0.10134650673873861,-0.0005660081428788821,-0.00038710684637442705,-0.00038734455349679427,1.001229923534331,-1.7433199437051846e-09,-0.001094854732095397,0.003514364703949104,0.003514364703949104,0.17670409235561962,0.9993863160841653,-1.745464093931816e-09]"
/multi_agv/m2b_algorithm_state,1789558488.7974105,1789558488.7974105,m2b_algorithm_state_v1:header6+3x20,"[1.0,-0.15,0.52,1.0259925462897004,0.10175269625290351,1789558488.797257,1.024359215053298,0.1013934116889173,0.0036904376666666654,0.0015435002117892014,0.001051237854567821,0.0003838084798002679,0.0009860853749999966,1.0249138544659375,0.09829161770488008,0.000554639412639446,-0.0031017939840372183,-0.003117443626895459,1.0102085098992861,3.203891579012187e-07,-0.0024241443610961513,0.0114339937148684,0.0114339937148684,0.1419524977964816,0.994979975668774,3.2365985379127724e-07,1.025783851454661,0.10213082513277189,0.006394789958333334,0.0009300133445877511,0.0023727802099786643,0.0011345896811311151,0.005408704583333337,1.0281394312234549,0.09633484070449852,0.0023555797687937474,-0.005795984428273365,-0.005851199404464797,1.01946854588191,6.728748332784308e-07,-0.002906724693472613,0.013588016608182847,0.013588016608182847,0.12046881370333225,0.9905634772677033,6.859747278428944e-07,1.0248357076460455,0.10173364889549535,0.0036904376666666654,-0.0005407340936773668,0.001599864865451807,0.0010018853100578892,-0.0003055678083333374,1.0244218207330102,0.10224254443492813,-0.00041388691303523295,0.0005088955394327715,0.000508487515997635,0.9983995339080753,-3.009202053564293e-09,-8.871125296406202e-06,-0.0007385524941413259,-0.0007385524941413259,0.17670410790949506,1.0008024256688701,-3.004385927713813e-09]"
/multi_agv/m2b_algorithm_state,1789558488.8073547,1789558488.8073547,m2b_algorithm_state_v1:header6+3x20,"[1.0,-0.15,0.52,1.0269945816458967,0.10175274800991864,1789558488.8071914,1.0253588388551427,0.10139347143504786,0.0036904376666666654,0.001543417014411865,0.0010512372883975107,0.0003838448379726131,0.0009860853749999966,1.025795579659565,0.09748971490539227,0.0004367408044223531,-0.0039037565296555915,-0.003928694648558521,1.0129639504270984,5.077083500036411e-07,-0.0033827686430305797,0.015115298445428846,0.015115298445428846,0.14195249777733362,0.993652314284064,5.142902558845123e-07,1.0267834703583287,0.1021309066061562,0.006394789958333334,0.0009299274994059737,0.002372772205884832,0.0011346310597580705,0.005408704583333337,1.0293855822667062,0.0978706969348849,0.002602111908377447,-0.004260209671271303,-0.004289697044318309,1.0140657213771032,3.63163937309153e-07,-0.0010370571588465003,0.006444931006685867,0.006444931006685867,0.12046881374046868,0.9931260010340213,3.682721000655553e-07,1.02583532965563,0.10173371071750648,0.0036904376666666654,-0.0005407805164821234,0.0015998608887904942,0.0010019075036963743,-0.0003055678083333374,1.025388240977211,0.10132019550633395,-0.00044708867841891653,-0.0004135152111725271,-0.00041378651120121956,1.0013142212722435,-1.988357658279514e-09,-0.0009726473592248652,0.0030929157890926995,0.0030929157890926995,0.1767041080105194,0.9993443478186255,-1.990970800210853e-09]"
/multi_agv/m2b_algorithm_state,1789558488.817392,1789558488.817392,m2b_algorithm_state_v1:header6+3x20,"[1.0,-0.15,0.52,1.0279914136512105,0.10175283203435549,1789558488.8172665,1.0263608714472365,0.10139349389996122,0.0036904376666666654,0.0015435740864983942,0.0010512121984131094,0.0003837898043864527,0.0009860853749999966,1.0269474101931697,0.09967327832522582,0.0005865387459331739,-0.0017202155747353953,-0.0017249790264429376,1.005574146458665,9.845679471245095e-08,-0.0009918055940264703,0.00581249529517993,0.00581249529517993,0.1419525020619711,0.997238545144885,9.900560730602886e-08,1.0277855091915844,0.10213096505834585,0.006394789958333334,0.0009298686516585383,0.0023727826370629757,0.0011346511452815927,0.005408704583333337,1.0303641477150274,0.0978706969348849,0.0025786385234429776,-0.004260268123460947,-0.004289756295537064,1.0140659126427516,3.631508365769731e-07,-0.001066458141233342,0.006547663297340332,0.006547663297340332,0.12046881125216023,0.9931259097150122,3.6825888452040695e-07,1.0268373642988693,0.10173378507144888,0.0036904376666666654,-0.0005410095761285666,0.0015998484877960632,0.0010020132467349367,-0.0003055678083333374,1.0263702229078813,0.10140506774287589,-0.000467141390988024,-0.0003287173285729944,-0.0003288886581839471,1.0010437119869715,-1.2569413837087008e-09,-0.000912815396918977,0.0028434962757312027,0.0028434962757312027,0.17670409961236005,0.9994790650066842,-1.2582532684977982e-09]"
/multi_agv/m2b_algorithm_state,1789558488.8273976,1789558488.8273976,m2b_algorithm_state_v1:header6+3x20,"[1.0,-0.15,0.52,1.0289934629854354,0.10175288224104583,1789558488.8272405,1.027357711050562,0.10139359626585853,0.0036904376666666654,0.0015432038157779204,0.0010512405519367708,0.000383935555503009,0.0009860853749999966,1.0282833319881046,0.1016348272790229,0.0009256209375425595,0.0002412310131643669,0.00024113871723309806,0.9992354910985435,1.933110611886764e-09,0.0013981648891612975,-0.0035331464617692422,-0.0035331464617692422,0.14195249699853554,1.0003827503618161,1.9316327316164766e-09,1.028782331720061,0.10213107059567254,0.006394789958333334,0.0009297538915913929,0.002372754206551919,0.0011347156839511402,0.005408704583333337,1.0311338445574323,0.09627050438676282,0.002351512837371228,-0.0058605662089097205,-0.005917045775431464,1.0196996262300262,6.877865686459982e-07,-0.002977654728717429,0.013859531921537178,0.013859531921537178,0.12046881417359809,0.9904547693789602,7.013357069743566e-07,1.0278341981830081,0.10173382924153541,0.0036904376666666654,-0.0005408357322109259,0.0015998559077991074,0.0010019340334023932,-0.0003055678083333374,1.0275213010939577,0.10265361344444829,-0.00031289708905046787,0.0009197842029128739,0.0009184554538090296,0.997120835888246,-9.82924230801018e-09,0.0005273340924959448,-0.002833977506828129,-0.002833977506828129,0.1767041094895729,1.0014467213388887,-9.800942306311222e-09]"
/multi_agv/m2b_algorithm_state,1789558488.837483,1789558488.837483,m2b_algorithm_state_v1:header6+3x20,"[1.0,-0.15,0.52,1.0299915598412273,0.10175295690340143,1789558488.837343,1.0283597573938155,0.10139361644326365,0.0036904376666666654,0.0015433698728621703,0.0010512159405689828,0.0003838763782868567,0.0009860853749999966,1.0292811135427784,0.1010390497094815,0.0009213561489629374,-0.00035456673378216064,-0.00035476702896519296,1.001131317554629,4.178440911131394e-09,0.0007969281572384788,-0.0011227980105487168,-0.0011227980105487168,0.1419525013100022,0.9994354177060462,4.183168054685137e-09,1.0297843849447637,0.1021311271947615,0.006394789958333334,0.0009296956508154236,0.0023727658779852945,0.0011347348611470132,0.005408704583333337,1.0320902510072798,0.09627050438676282,0.0023058660625161487,-0.005860622807998678,-0.005917103446812172,1.019699814198625,6.8775661328494e-07,-0.0030347708686669864,0.014057913456993103,0.014057913456993103,0.12046881168332715,0.9904546811930551,7.01305290780529e-07,1.0288362466177265,0.10173390308511233,0.0036904376666666654,-0.0005410706522297561,0.0015998437135538836,0.0010020422091527917,-0.0003055678083333374,1.028694118871814,0.10432056470591348,-0.00014212774591260136,0.0025866616208011506,0.0025762854095277197,0.9920562688650889,-7.767571377737096e-08,0.002398625727136968,-0.0103054064498214,-0.0103054064498214,0.17670410105664094,1.0040275860877281,-7.705867879141122e-08]"
/multi_agv/m2b_algorithm_state,1789558488.847408,1789558488.847408,m2b_algorithm_state_v1:header6+3x20,"[1.0,-0.15,0.52,1.0309914343177298,0.10175301952879955,1789558488.8473086,1.0293578591025012,0.10139369784531282,0.0036904376666666654,0.001543130554517593,0.0010512319662517645,0.00038397177876385536,0.0009860853749999966,1.0302049452487698,0.0997231759442412,0.0008470861462686052,-0.0016705219010716282,-0.0016750124177713635,1.005410070976623,9.282066004592187e-08,-0.000616154734935607,0.004464992443696901,0.004464992443696901,0.14195249853411646,0.9973191143826206,9.33228264048673e-08,1.0307824758031885,0.10213121948099434,0.006394789958333334,0.0009295952785706415,0.002372747885883708,0.001134787732778711,0.005408704583333337,1.0333335106821668,0.0978839927277256,0.002551034878978342,-0.004247226753268732,-0.004276531680611568,1.0140207524616696,3.60821497892565e-07,-0.0010877380818886404,0.006616257367335391,0.006616257367335391,0.12046881329070022,0.9931475014026679,3.658804867973655e-07,1.029834344617992,0.10173395338389714,0.0036904376666666654,-0.0005409956448642898,0.0015998469138309053,0.001002008033303389,-0.0003055678083333374,1.0296567731195179,0.10342533234997268,-0.00017757149847419385,0.0016913789660755463,0.0016869120945945863,0.9947520726190603,-3.322886132217889e-08,0.001464947721501844,-0.006537218574354095,-0.006537218574354095,0.17670410650350282,1.0026479574693152,-3.305447867100878e-08]"
/multi_agv/m2b_algorithm_state,1789558488.8573525,1789558488.8573525,m2b_algorithm_state_v1:header6+3x20,"[1.0,-0.15,0.52,1.0319945285066634,0.10175306116283045,1789558488.8572066,1.0303577347688442,0.10139375017218416,0.0036904376666666654,0.0015430794697219846,0.0010512301813191617,0.0003839948512315613,0.0009860853749999966,1.0311490661103935,0.10042927039392086,0.0007913313415492951,-0.0009644797782633052,-0.0009659686679775399,1.0030986960624104,3.092465835567889e-08,2.3195508959078927e-05,0.0018936625440604247,0.0018936625440604247,0.14195249893535097,0.9984586563067805,3.1020484472757025e-08,1.0317823490039946,0.10213129449756256,0.006394789958333334,0.0009295141213186402,0.002372744058794396,0.0011348249062890503,0.005408704583333337,1.034311111398096,0.0978839927277256,0.0025287623941014914,-0.004247301769836953,-0.00427660771945135,1.0140209978982921,3.608026347208351e-07,-0.0011156547268244858,0.0067137908816608735,0.0067137908816608735,0.1204688130478907,0.9931473842033478,3.6586144770395424e-07,1.0308342191803506,0.1017340139166519,0.0036904376666666654,-0.0005410638501014355,0.00159984333772878,0.0010020394604872778,-0.0003055678083333374,1.0306292975653242,0.10292775483118866,-0.00020492161502638773,0.0011937409145367506,0.0011915074160273253,0.9962749685471343,-1.6560196799390312e-08,0.0009353553972443406,-0.004414574040813081,-0.004414574040813081,0.17670410568213357,1.001874514987806,-1.6498509545446936e-08]"
/multi_agv/m2b_algorithm_state,1789558488.8672261,1789558488.8672261,m2b_algorithm_state_v1:header6+3x20,"[1.0,-0.15,0.52,1.0329925862470406,0.1017531342443085,1789558488.8671105,1.031360823511298,0.10139375327616075,0.0036904376666666654,0.0015433464069130381,0.0010511954956371906,0.0003838971863963088,0.0009860853749999966,1.0322574284171024,0.10193321457358721,0.0008966049058043435,0.0005394612974264634,0.0005390007707118973,0.9982961317096435,9.666271830253344e-09,0.0016597569029673266,-0.004603165166446468,-0.004603165166446468,0.14195250515857422,1.0008544082672792,9.64980177619581e-09,1.0327854500293736,0.10213133908494637,0.006394789958333334,0.0009294690749457931,0.0023727645681310694,0.0011348337663477231,0.005408704583333337,1.0349924043500636,0.0964775334421379,0.0022069543206899578,-0.005653805642808471,-0.005706288357755571,1.0189606746876165,6.398383544665447e-07,-0.002947595456893124,0.013673666880382566,0.013673666880382566,0.12046880947024555,0.990802652853011,6.519701213582447e-07,1.031837311979318,0.10173409112738427,0.0036904376666666654,-0.0005413738995271714,0.001599828540857006,0.0010021815562164835,-0.0003055678083333374,1.0315287607931218,0.10420440135058767,-0.00030855118619621535,0.0024703102232034035,0.0024608381131440973,0.9924034546377106,-7.089078238567101e-08,0.002075149130398828,-0.009091060675432921,-0.009091060675432921,0.1767040935907403,1.0038491398555283,-7.035225734151008e-08]"
/multi_agv/m2b_algorithm_state,1789558488.8772945,1789558488.8772945,m2b_algorithm_state_v1:header6+3x20,"[1.0,-0.15,0.52,1.0339911968290367,0.10175320298711549,1789558488.8771682,1.0323588858494244,0.10139383501149568,0.0036904376666666654,0.0015430934531826973,0.0010512125617093467,0.00038399795611889745,0.0009860853749999966,1.033386476744114,0.10258808511875048,0.0010275908946897339,0.0011942501072547962,0.0011920043218125247,0.9962560413466052,4.734274229570434e-08,0.002476492940174692,-0.007824721562385516,-0.007824721562385516,0.14195250228994366,1.001884041358891,4.71654930260109e-08,1.0337835019007575,0.10213142949462581,0.006394789958333334,0.0009293702866934681,0.0023727469611507512,0.0011348857509519417,0.005408704583333337,1.035953657289739,0.0964775334421379,0.002170155388981465,-0.005653896052487908,-0.0057063804182587744,1.0189609743663535,6.397905797346413e-07,-0.002993686182031943,0.013833848539201825,0.013833848539201825,0.12046881111076203,0.9908025119385783,6.519216325168243e-07,1.03283537099094,0.101734138226804,0.0036904376666666654,-0.0005412865349263105,0.0015998334174456511,0.0010021411518474285,-0.0003055678083333374,1.0326914607690192,0.10555878482303782,-0.0001439102219207289,0.003824646596233827,0.0038021749280330256,0.988420843509446,-1.697274708473827e-07,0.0036222871506321145,-0.015309458899014288,-0.015309458899014288,0.17670409914573082,1.0059102141869172,-1.6776216990169492e-07]"
/multi_agv/m2b_algorithm_state,1789558488.8871613,1789558488.8871613,m2b_algorithm_state_v1:header6+3x20,"[1.0,-0.15,0.52,1.0349923077714414,0.10175325519210261,1789558488.887029,1.0333574998548312,0.10139390599278818,0.0036904376666666654,0.0015429092775139162,0.0010512244015879802,0.00038407163152456803,0.0009860853749999966,1.034413023359521,0.10212185332430959,0.0010555235046898481,0.0007279473315214141,0.0007271099702018151,0.9977057374612016,1.7593675932487346e-08,0.0020465143510641254,-0.006069160067904231,-0.006069160067904231,0.14195250042988874,1.0011516295387428,1.755331142087568e-08,1.0347821083147337,0.10213151386717842,0.006394789958333334,0.0009292771290748585,0.0023727344570911857,0.0011349326401887821,0.005408704583333337,1.0370581757604445,0.09843711125638613,0.002276067445710739,-0.003694402610792291,-0.003716482832882804,1.0121201572987437,2.728174858411521e-07,-0.0008713985257443805,0.0056239056155280584,0.0056239056155280584,0.1204688121872235,0.9940588392080946,2.761240766833947e-07,1.033833982317545,0.10173418910137988,0.0036904376666666654,-0.0005412513070263678,0.0015998358143266452,0.0010021246369717393,-0.0003055678083333374,1.033604641125615,0.10404986397507371,-0.00022934119193007696,0.0023156748736938293,0.00230734170337594,0.9928663273789925,-6.228643222888158e-08,0.002020665213463344,-0.008821511581988824,-0.008821511581988824,0.17670410277564563,1.0036115891745452,-6.184210121263017e-08]"
/multi_agv/m2b_algorithm_state,1789558488.8969634,1789558488.8969634,m2b_algorithm_state_v1:header6+3x20,"[1.0,-0.15,0.52,1.0359908208317743,0.1017533232421537,1789558488.896815,1.0343586090871064,0.1013939374748462,0.0036904376666666654,0.0015429809469368048,0.0010512109310811366,0.00038404757285413716,0.0009860853749999966,1.03492171540611,0.1003460084591714,0.0005631063190036922,-0.0010479290156747978,-0.0010496878005635329,1.003369974228027,3.650723916704548e-08,-0.0003458049018089176,0.003235950984168276,0.003235950984168276,0.14195250306021046,0.9983244685821909,3.663026762217485e-08,1.035783221539366,0.10213157437772931,0.006394789958333334,0.0009292114376769122,0.002372741303774184,0.0011349575568800618,0.005408704583333337,1.0380422656381816,0.09843711125638613,0.002259044098815499,-0.0036944631213431806,-0.003716544058856735,1.0121203542648334,2.72807071467011e-07,-0.0008927389353373611,0.005698616873596419,0.005698616873596419,0.12046881066824851,0.9940587445853266,2.761135898191429e-07,1.0348350926878516,0.10173425372373236,0.0036904376666666654,-0.0005414107263233482,0.001599829041124946,0.001002197265538021,-0.0003055678083333374,1.0342737839494835,0.10366185549242235,-0.000561308738368016,0.0019276017686899877,0.0019218105047113328,0.9940353273076155,-4.318425473047655e-08,0.0012201745817513128,-0.005774563946891386,-0.005774563946891386,0.17670409763307904,1.003013441733437,-4.2926674785544695e-08]"
/multi_agv/m2b_algorithm_state,1789558488.9072955,1789558488.9072955,m2b_algorithm_state_v1:header6+3x20,"[1.0,-0.15,0.52,1.0369967503356088,0.10175334357077137,1789558488.9072,1.0353571255665914,0.10139400882229717,0.0036904376666666654,0.0015427878284096164,0.0010512242320934286,0.00038412436462924564,0.0009860853749999966,1.0359007560941462,0.10076913042526296,0.0005436305275547948,-0.0006248783970342064,-0.0006255017744171339,1.001999908913373,1.2975554501239858e-08,5.403638502635957e-05,0.0016320055936121592,0.0016320055936121592,0.14195250103344642,0.9990033962997014,1.3001504428342846e-08,1.0367817304410392,0.10213165807235819,0.006394789958333334,0.0009291181436433364,0.0023727288277946013,0.00113500449061342,0.005408704583333337,1.0389817173838636,0.0974756660044987,0.0021999869428244168,-0.0046559920678594935,-0.0046913177990025095,1.0154407664069818,4.335011774169629e-07,-0.0019413341204719886,0.009767445329055557,0.009767445329055557,0.12046881184698642,0.9924699769539111,4.401947678346098e-07,1.0358336064876923,0.10173430283180579,0.0036904376666666654,-0.0005413675332563406,0.0015998323804735873,0.0010021768077282571,-0.0003055678083333374,1.0354187499050362,0.10500958516658788,-0.0004148565826560535,0.0032752823347820953,0.0032587333115914083,0.9900209835542962,-1.2454172634573562e-07,0.0027401625832713414,-0.011866848039007389,-0.011866848039007389,0.176704101624514,1.00507836070286,-1.232989224103552e-07]"
/multi_agv/m2b_algorithm_state,1789558488.9172068,1789558488.9172068,m2b_algorithm_state_v1:header6+3x20,"[1.0,-0.15,0.52,1.0379982328091557,0.10175339216395436,1789558488.9170578,1.0363630433569389,0.10139396589228492,0.0036904376666666654,0.0015433388971794848,0.0010511614594636677,0.00038391814877903295,0.0009860853749999966,1.0370471641921144,0.10221981257768605,0.0006841208351755501,0.0008258466854011298,0.0008247697511725234,0.9974000915492816,2.264883472304986e-08,0.001679920795141961,-0.004810307253076457,-0.004810307253076457,0.141952512326296,1.0013057392406493,2.2589949826254477e-08,1.0377876744844299,0.10213167246797683,0.006394789958333334,0.0009291068640785594,0.0023727724464637223,0.0011349866916163798,0.005408704583333337,1.0399549191120845,0.0974756660044987,0.0021672446276546076,-0.004656006463478135,-0.004691332410080542,1.0154408136843278,4.334985705361357e-07,-0.0019822766255122824,0.00991033285727299,0.00991033285727299,0.12046880531276075,0.9924699544789237,4.401921411962066e-07,1.0368395331654572,0.10173439235205237,0.0036904376666666654,-0.0005418912100820538,0.0015998087853289714,0.001002416080723532,-0.0003055678083333374,1.0364920687007013,0.10528587050816991,-0.00034746446475586446,0.0035514781561175462,0.0035320614168791852,0.9892139200323954,-1.46542507595829e-07,0.0030977308359343547,-0.01328795927653752,-0.01328795927653752,0.1767040795607203,1.005497282449725,-1.4496188839024707e-07]"
/multi_agv/m2b_algorithm_state,1789558488.9272354,1789558488.9272354,m2b_algorithm_state_v1:header6+3x20,"[1.0,-0.15,0.52,1.038992371575854,0.10175348633166077,1789558488.9269814,1.037364523003907,0.10139399586604131,0.0036904376666666654,0.0015434049582843646,0.0010511444798398262,0.00038389834634637836,0.0009860853749999966,1.038075378260521,0.10221981257768605,0.0007108552566139625,0.0008258167116447362,0.0008247398557824475,0.9974001860850524,2.2648157465567e-08,0.0017133089265499008,-0.004929098788182082,-0.004929098788182082,0.14195251563148353,1.0013056915519951,2.2589276470640096e-08,1.038789159845412,0.10213172788955924,0.006394789958333334,0.0009290492166444536,0.00237278110876904,0.001135007176814612,0.005408704583333337,1.0408994171129486,0.09709884346984693,0.0021102572675366638,-0.005032884419712308,-0.005074278139333997,1.016761336575724,5.066007604667676e-07,-0.0024364565549131675,0.011647201889900347,0.011647201889900347,0.12046880339964672,0.991842441725687,5.150920663224688e-07,1.037841015578148,0.10173445273626255,0.0036904376666666654,-0.0005420435400629521,0.0015998039628645445,0.0010024846214509693,-0.0003055678083333374,1.03755112379512,0.10528587050816991,-0.00028989178302785135,0.0035514177719073586,0.0035320017001255035,0.9892141049409506,-1.4657868398604058e-07,0.0031696369713406893,-0.013546451232911701,-0.013546451232911701,0.1767040730989121,1.0054971864201439,-1.4499770168267358e-07]"
/multi_agv/m2b_algorithm_state,1789558488.9372227,1789558488.9372227,m2b_algorithm_state_v1:header6+3x20,"[1.0,-0.15,0.52,1.0400035169946498,0.10175347149168774,1789558488.9370944,1.0383586736543824,0.10139413676568164,0.0036904376666666654,0.0015427424632704105,0.0010512027760350758,0.0003841551909805256,0.0009860853749999966,1.0391874101578906,0.10275455624213092,0.0008287365035082317,0.0013604194764492844,0.0013575089336893805,0.9957431986231949,6.141249081277003e-08,0.00239342956307467,-0.00760924586954474,-0.00760924586954474,0.14195250573169504,1.0021440321221267,6.11510700373252e-08,1.039783283372613,0.10213184984743741,0.006394789958333334,0.0009289117597283151,0.0023727353902773807,0.0011350905473298672,0.005408704583333337,1.042252275175566,0.09852973072264735,0.0024689918029530133,-0.003602119124790054,-0.0036230953023313047,1.0118050796262394,2.592408305000348e-07,-0.0005368555486400381,0.004411837514654,0.004411837514654,0.12046880913488,0.9942104262265049,2.623011891464602e-07,1.0388351577005663,0.10173447238186331,0.0036904376666666654,-0.0005416396486794613,0.001599826020208384,0.0010022980755823889,-0.0003055678083333374,1.038340980984722,0.10358261772832938,-0.0004941767158443966,0.0018481453464660735,0.0018428184721753435,0.9942759984818923,-3.971655635243931e-08,0.0012250975773698478,-0.005755036482416572,-0.005755036482416572,0.17670409246205063,1.0028906125975838,-3.948921872358394e-08]"
/multi_agv/m2b_algorithm_state,1789558488.9471347,1789558488.9471347,m2b_algorithm_state_v1:header6+3x20,"[1.0,-0.15,0.52,1.0409927956358709,0.1017535951165266,1789558488.947013,1.0393697964237993,0.10139401332212003,0.0036904376666666654,0.0015438082827577805,0.0010510864932753434,0.0003837536832403312,0.0009860853749999966,1.0402180528453917,0.10275455624213092,0.0008482564215923638,0.0013605429200108932,0.001357631846858865,0.9957428111866644,6.146610068199318e-08,0.0024179523738493197,-0.00769571025206162,-0.00769571025206162,0.14195252640081144,1.0021442286867117,6.120442788577043e-08,1.0407944566103662,0.10213181348170598,0.006394789958333334,0.0009289605842491555,0.0023728188471492384,0.0011350259700547288,0.005408704583333337,1.0432405422674063,0.09852973072264735,0.0024460856570400757,-0.003602082759058628,-0.003623058517570333,1.0118049613546527,2.592492589290509e-07,-0.0005654514462702384,0.004512070721140242,0.004512070721140242,0.12046879714994237,0.9942104831015062,2.623096864119307e-07,1.0398462979497838,0.1017345876712372,0.0036904376666666654,-0.0005425533885435626,0.0015997846875043693,0.0010027156551291445,-0.0003055678083333374,1.039379929245686,0.10358261772832938,-0.00046636870409777487,0.0018480300570921787,0.0018427038511021861,0.9942763570510427,-3.977857691277995e-08,0.0012597429709799675,-0.00587967565134836,-0.00587967565134836,0.1767040520195585,1.002890429727385,-3.955089854151356e-08]"
/multi_agv/m2b_algorithm_state,1789558488.9571207,1789558488.9571207,m2b_algorithm_state_v1:header6+3x20,"[1.0,-0.15,0.52,1.0419977973753347,0.10175361840580403,1789558488.9570305,1.0403590964200133,0.1013942301552502,0.0036904376666666654,0.0015426389108649653,0.0010511941014792912,0.0003842045903611588,0.0009860853749999966,1.0412412089386796,0.10275455624213092,0.0008821125186662115,0.0013603260868807199,0.0013574159453494852,0.9957434917329565,6.139991584409833e-08,0.0024600565936822496,-0.00784695602245089,-0.00784695602245089,0.1419525077701239,1.0021438834140743,6.113856659471215e-08,1.0417837078065442,0.10213197844437857,0.006394789958333334,0.0009287733103869808,0.0023727365120196353,0.0011351499835559054,0.005408704583333337,1.0442216305815957,0.09852973072264735,0.0024379227750515042,-0.0036022477217312193,-0.003623225381082673,1.0118054978595135,2.5922056829671936e-07,-0.0005758219122682928,0.004548292958067688,0.004548292958067688,0.12046880794816002,0.9942102251046869,2.6228079616088816e-07,1.0408355826810554,0.10173457674995104,0.0036904376666666654,-0.0005417609365077152,0.0015998263759705485,0.001002350468801305,-0.0003055678083333374,1.0404113305807052,0.10358261772832938,-0.00042425210035013095,0.0018480409783783458,0.0018427147090824836,0.994276323084032,-3.972094755578247e-08,0.0013123995836448199,-0.006067017928222208,-0.006067017928222208,0.17670408845052077,1.0028904470505444,-3.9493597685177064e-08]"
/multi_agv/m2b_algorithm_state,1789558488.9672723,1789558488.9672723,m2b_algorithm_state_v1:header6+3x20,"[1.0,-0.15,0.52,1.0429976256536853,0.10175367440727905,1789558488.9671292,1.0413640880324713,0.10139419988657208,0.0036904376666666654,0.0015430901123753872,0.0010511425747391267,0.0003840358136346419,0.0009860853749999966,1.0419312562412877,0.10110289495032243,0.0005671682088164154,-0.00029130493624965337,-0.0002914400684825437,1.0009287939750946,2.8197784906447327e-09,0.0004175201925379755,0.00019338629806940426,0.00019338629806940426,0.1419525173877955,0.9995363292576964,2.8223974839179447e-09,1.0427887220909235,0.10213199802047598,0.006394789958333334,0.0009287538490290988,0.002372774146766732,0.0011351388440158788,0.005408704583333337,1.0450547315854843,0.09924055932691583,0.0022660094945607945,-0.00289143869356015,-0.002904881924035417,1.0094003529900792,1.6693440408414384e-07,-7.237005583442388e-05,0.0024718726624725473,0.0024718726624725473,0.12046880237506336,0.9953721938354756,1.6850364640872333e-07,1.041840582002609,0.101734657310364,0.0036904376666666654,-0.0005422047295955018,0.0015998078444314778,0.0010025524806581568,-0.0003055678083333374,1.040997880617649,0.10361404930087786,-0.0008427013849601206,0.0018793919905138595,0.0018738847947552244,0.994181322050067,-4.111275650734574e-08,0.0008205080635550737,-0.004324631727418272,-0.004324631727418272,0.17670406963163898,1.0029389190701845,-4.087353461759548e-08]"
/multi_agv/m2b_algorithm_state,1789558488.977458,1789558488.977458,m2b_algorithm_state_v1:header6+3x20,"[1.0,-0.15,0.52,1.043990946924399,0.1017537704862282,1789558488.9773366,1.0423639165462548,0.10139425240264316,0.0036904376666666654,0.0015429929810014823,0.0010511442565027881,0.00038407704226817684,0.0009860853749999966,1.0431409430933256,0.10262859336608689,0.0007770265470707916,0.001234340963443728,0.0012319426088078676,0.9961321483334609,5.05698175571153e-08,0.002203225792646357,-0.006869933747851349,-0.006869933747851349,0.14195251771784592,1.0019468071148065,5.037422100400043e-08,1.0437885495899997,0.10213206514888734,0.006394789958333334,0.000928679653428922,0.0023727718089427974,0.0011351722248248708,0.005408704583333337,1.0460411030550247,0.09924055932691583,0.0022525534650250645,-0.0028915058219715073,-0.002904949671305438,1.0094005698820128,1.6692877488855053e-07,-8.925784002410727e-05,0.0025311594224566173,0.0025311594224566173,0.12046880218094902,0.9953720887261055,1.6849800050220912e-07,1.0428404108248017,0.10173470567030665,0.0036904376666666654,-0.0005422291109473264,0.0015998102087004147,0.001002561821249426,-0.0003055678083333374,1.0419948634389598,0.10364272600235121,-0.0008455473858419715,0.001908020332044555,0.001902345319824894,0.9940946300214821,-4.237582199170327e-08,0.0008454110875224295,-0.004426963893062922,-0.004426963893062922,0.17670406900428676,1.0029831661794102,-4.212557708469845e-08]"
/multi_agv/m2b_algorithm_state,1789558488.9872622,1789558488.9872622,m2b_algorithm_state_v1:header6+3x20,"[1.0,-0.15,0.52,1.0449942575084787,0.10175380245307182,1789558488.9870298,1.0433572510688003,0.10139440149103646,0.0036904376666666654,0.0015422627894337202,0.0010512125592093465,0.00038435802589963054,0.0009860853749999966,1.0440641855731116,0.10071353585572163,0.0007069345043113628,-0.0006808656353148312,-0.0006816060318378195,1.0021804655040223,1.5400182656857617e-08,0.0002020620985513841,0.00113238575686722,0.00113238575686722,0.1419525063539059,0.9989137471084405,1.5433762223896538e-08,1.0447818542337206,0.10213219087441953,0.006394789958333334,0.0009285343439471528,0.0023727219279645606,0.001135261164573978,0.005408704583333337,1.0473484749187207,0.10065794356167257,0.0025666206850001316,-0.0014742473127469652,-0.0014777047371611809,1.004716652285464,4.3346437540665796e-08,0.0017305711190889837,-0.004522674681461785,-0.004522674681461785,0.12046880876925824,0.9976602738508792,4.35508876143587e-08,1.0438337354706764,0.10173471909322863,0.0036904376666666654,-0.0005417703998236777,0.0015998357293359414,0.0010023497111614514,-0.0003055678083333374,1.0430663442093921,0.10395504779555624,-0.0007673912612842226,0.0022203287023276064,0.0022126621156299737,0.9931526083076733,-5.732167455092068e-08,0.0012534230390246954,-0.006031578399285573,-0.006031578399285573,0.17670409123948022,1.0034648700510922,-5.692917059281045e-08]"
/multi_agv/m2b_algorithm_state,1789558488.997304,1789558488.997304,m2b_algorithm_state_v1:header6+3x20,"[1.0,-0.15,0.52,1.0459973184926727,0.10175383578355741,1789558488.9971273,1.0443605547995929,0.10139439329321981,0.0036904376666666654,0.0015425626997468008,0.0010511794991729041,0.00038424522276107854,0.0009860853749999966,1.04482374927579,0.09857618299074757,0.00046319447619702636,-0.0028182103024722432,-0.0028311014710582314,1.009245566541255,2.642734983064912e-07,-0.0022521083758119485,0.01071249035675898,0.01071249035675898,0.141952512931298,0.9954465889980378,2.667168565201741e-07,1.0457851736792143,0.10213222372728935,0.006394789958333334,0.0009284963141466956,0.0023727485122067016,0.0011352638226525963,0.005408704583333337,1.0483489776342847,0.10065794356167257,0.0025638039550703873,-0.0014742801656167787,-0.0014777377434473519,1.0047167570554878,4.3346588531558383e-08,0.0017270172003906322,-0.0045101467964147185,-0.0045101467964147185,0.12046880495640627,0.9976602222918748,4.355104385884594e-08,1.044837044046629,0.10173479033870629,0.0036904376666666654,-0.0005420973006740565,0.0015998231302922225,0.0010024979679652138,-0.0003055678083333374,1.0442640878313596,0.10332323500088218,-0.0005729562152694267,0.0015884446621758919,0.0015845018956604782,0.9950656948983904,-2.9369210809041485e-08,0.0008683066265736947,-0.0043599235261367305,-0.0043599235261367305,0.17670407835159954,1.0024883318386755,-2.9224294162316184e-08]"
/multi_agv/m2b_algorithm_state,1789558489.007179,1789558489.007179,m2b_algorithm_state_v1:header6+3x20,"[1.0,-0.15,0.52,1.0469982640291144,0.10175388224602185,1789558489.0071027,1.0453636092945624,0.10139439177295755,0.0036904376666666654,0.0015428126061812937,0.0010511489311943122,0.0003841527981799761,0.0009860853749999966,1.0457019954922608,0.09788766601792476,0.00033838619769843703,-0.0035067257550327885,-0.0035267889370235945,1.0115936152034657,4.094228220896242e-07,-0.003103806189900548,0.013980612400168863,0.013980612400168863,0.1419525190783676,0.9943112042288137,4.141695127444483e-07,1.046788242618232,0.10213225851964683,0.006394789958333334,0.0009284575629289766,0.0023727723766782116,0.001135268208268217,0.005408704583333337,1.0494276665118707,0.1011611422467193,0.0026394238936386927,-0.0009711162729275358,-0.0009726107726521094,1.0030892477077504,1.8800625304880705e-08,0.0023266690943962564,-0.00686729115818504,-0.00686729115818504,0.12046880139348226,0.9984634143826122,1.8858705093508082e-08,1.0458401035652234,0.1017348570580679,0.0036904376666666654,-0.0005423849349661656,0.0015998131258550766,0.001002627854253475,-0.0003055678083333374,1.0452867852539165,0.10332268987619365,-0.000553318311306894,0.001587832818125759,0.001583893073658753,0.9950675654714944,-2.936216540617738e-08,0.0008922451845251355,-0.004445377629271495,-0.004445377629271495,0.1767040663457944,1.0024873803241687,-2.9217338447696258e-08]"
/multi_agv/m2b_algorithm_state,1789558489.0171645,1789558489.0171645,m2b_algorithm_state_v1:header6+3x20,"[1.0,-0.15,0.52,1.047990954877252,0.10175397991104394,1789558489.0170183,1.046364552526809,0.10139442470556305,0.0036904376666666654,0.0015428317284465688,0.0010511401818040778,0.0003841490609480273,0.0009860853749999966,1.0467428435553685,0.09891266844562675,0.00037829102855946317,-0.0024817562599362963,-0.00249172781208289,1.008111025844424,2.0493013063282225e-07,-0.002018864026383561,0.009753323859854422,0.009753323859854422,0.14195252142731304,0.9959981374778417,2.0659232421868624e-07,1.0477891906083199,0.10213231244313246,0.006394789958333334,0.0009283970987077781,0.002372779737616071,0.0011352905913318279,0.005408704583333337,1.0504344822165648,0.10097395929054531,0.002645291608244893,-0.001158353152587152,-0.0011604825283725887,1.0036927187496545,2.6750894419452127e-08,0.0021461319819335275,-0.006139887820402403,-0.006139887820402403,0.12046880004312426,0.9981650944901144,2.6849677948844867e-08,1.0468410489522146,0.10173490958937005,0.0036904376666666654,-0.0005424955190584837,0.0015998121730984704,0.0010026762863737182,-0.0003055678083333374,1.0463755328466704,0.10448827511515865,-0.00046551610554423917,0.002753365525788601,0.0027416238765799214,0.9915606296865817,-8.823067261159525e-08,0.0021597287446496224,-0.009531722616549311,-0.009531722616549311,0.17670406178107365,1.0042827352464287,-8.748606129242402e-08]"
/multi_agv/m2b_algorithm_state,1789558489.0271003,1789558489.0271003,m2b_algorithm_state_v1:header6+3x20,"[1.0,-0.15,0.52,1.0489908282620561,0.10175403120850766,1789558489.0269659,1.047357257592327,0.10139458159404739,0.0036904376666666654,0.001542038135366118,0.0010512157791997545,0.00038445373240054113,0.0009860853749999966,1.0480577929684531,0.10126568612182173,0.0007005353761262434,-0.00012889547222566522,-0.00012892189647501114,1.0004102104803392,5.51630815771349e-10,0.0007467473236827931,-0.0010497268393086386,-0.0010497268393086386,0.1419525089053106,0.9997950367620363,5.518571005132565e-10,1.048781863623014,0.10213244109832295,0.006394789958333334,0.000928246834001778,0.002372726237286127,0.0011353835618370112,0.005408704583333337,1.0515581858973841,0.10082228994359796,0.002776322274370191,-0.0013101511547249922,-0.0013128783276628883,1.0041838353143135,3.4219438719209387e-08,0.0021575245152998506,-0.006108405972239926,-0.006108405972239926,0.12046880728738302,0.9979227527178768,3.43626072153588e-08,1.0478337434164149,0.1017349170407615,0.0036904376666666654,-0.0005419859217487932,0.001599841043280703,0.0010024403763048049,-0.0003055678083333374,1.0474161704699394,0.10449212207017775,-0.00041757294647548626,0.002757205029416246,0.002745430956543403,0.9915492353890109,-8.839354555567543e-08,0.0022234647734490453,-0.009761480716794942,-0.009761480716794942,0.17670408623365938,1.004288606437099,-8.764655250905368e-08]"
/multi_agv/m2b_algorithm_state,1789558489.0374343,1789558489.0374343,m2b_algorithm_state_v1:header6+3x20,"[1.0,-0.15,0.52,1.0499964401344035,0.10175404552547779,1789558489.0372727,1.0483571308153297,0.10139462324452958,0.0036904376666666654,0.0015420007930261855,0.0010512190353649574,0.0003844682257565812,0.0009860853749999966,1.0489941787009622,0.09989667945639023,0.000637047885632569,-0.001497943788139347,-0.00150154967341353,1.0048416663291286,7.456948966305165e-08,-0.0007052398163728188,0.004702942814407441,0.004702942814407441,0.14195250932864198,0.9975985574516588,7.493053025033355e-08,1.0497817377385863,0.10213250277065765,0.006394789958333334,0.0009281724066242062,0.002372728429590243,0.0011354146864499814,0.005408704583333337,1.0525617119904431,0.10082228994359796,0.0027799742518568316,-0.0013102128270596897,-0.0013129402557473884,1.0041840316940993,3.4219908221357855e-08,0.002162027559073651,-0.00612436296732056,-0.00612436296732056,0.12046880704846168,0.9979226559047456,3.4363085401925186e-08,1.0488336162322527,0.10173496761033574,0.0036904376666666654,-0.0005420533091363843,0.0015998416381087788,0.001002469279041237,-0.0003055678083333374,1.0483606428870997,0.10346889904055602,-0.0004729733451529494,0.001733931430220284,0.0017292385578540092,0.9946227399166411,-3.498888828915058e-08,0.0011380218764128224,-0.005390809059119343,-0.005390809059119343,0.17670408542380414,1.0027138374546185,-3.4800743936792224e-08]"
/multi_agv/m2b_algorithm_state,1789558489.0472083,1789558489.0472083,m2b_algorithm_state_v1:header6+3x20,"[1.0,-0.15,0.52,1.0509976205016949,0.10175408804139846,1789558489.0470815,1.0493627307557902,0.10139457741533127,0.0036904376666666654,0.001542531305921988,0.0010511632315185703,0.00038426729518598003,0.0009860853749999966,1.0498529616386016,0.09801887564165457,0.0004902308828114155,-0.003375701773676701,-0.003394275334087599,1.0111440192816785,3.7929833214576145e-07,-0.00278148673057333,0.012797885297914393,0.012797885297914393,0.1419525200406956,0.9945279747272208,3.835252400727023e-07,1.0507873647179387,0.10213251069429946,0.006394789958333334,0.0009281622694538791,0.0023727737506049618,0.00113539550646502,0.005408704583333337,1.053676331054257,0.10162718655265428,0.0028889663363182994,-0.0005053241416451831,-0.0005057273740238174,1.0015989998282986,5.087371190536206e-09,0.003105480546374057,-0.009849688242787842,-0.009849688242787842,0.12046880083819898,0.9992026684744668,5.095505896196365e-09,1.0498392249294821,0.10173504846680263,0.0036904376666666654,-0.0005425529394912959,0.0015998219096000302,0.0010026961171019709,-0.0003055678083333374,1.0494292900774402,0.10443702952238884,-0.0004099348520418822,0.0027019810555862084,0.0026906691606312155,0.9917132473436376,-8.498042917875048e-08,0.0021782505955788628,-0.00957331151603365,-0.00957331151603365,0.1767040644521099,1.0042041195998765,-8.427621738151465e-08]"
/multi_agv/m2b_algorithm_state,1789558489.0570617,1789558489.0570617,m2b_algorithm_state_v1:header6+3x20,"[1.0,-0.15,0.52,1.0519946672211875,0.10175415612099932,1789558489.0569541,1.0503639080495313,0.10139460404631714,0.0036904376666666654,0.0015425804244871915,0.0010511529316111542,0.0003842513621528569,0.0009860853749999966,1.0507428787182145,0.0993753999164128,0.0003789706686831984,-0.002019204129904348,-0.002025782063997259,1.0065649819928697,1.3559536554468657e-07,-0.0015520687281432612,0.007915062762102533,0.007915062762102533,0.14195252281124007,0.9967528915326994,1.36485546677804e-07,1.0517885485973204,0.1021325595261628,0.006394789958333334,0.0009281059192276023,0.0023727842868765947,0.0011354144542930489,0.005408704583333337,1.0546893614190413,0.10162718655265428,0.002900812821720944,-0.0005053729735085277,-0.0005057762837049642,1.0015991541743376,5.088044591414954e-09,0.0031202397434462155,-0.009902022898395946,-0.009902022898395946,0.12046879924482053,0.9992025917200343,5.096181159162531e-09,1.050840404858233,0.10173510055171542,0.0036904376666666654,-0.0005426841116498746,0.00159982073566497,0.0010027535884862505,-0.0003055678083333374,1.0505549993346532,0.10546318217892446,-0.00028540552357969595,0.003728081627209043,0.0037067148815566344,0.988700744158618,-1.6169281465124923e-07,0.0033499579770820145,-0.014283217826090613,-0.014283217826090613,0.1767040590695085,1.0057643348180683,-1.598658061707916e-07]"
/multi_agv/m2b_algorithm_state,1789558489.0672224,1789558489.0672224,m2b_algorithm_state_v1:header6+3x20,"[1.0,-0.15,0.52,1.053006470347413,0.10175412937340372,1789558489.0671146,1.0513609599749103,0.10139469341943663,0.0036904376666666654,0.0015422162251062283,0.0010511851383418133,0.00038439247713973864,0.0009860853749999966,1.0518531932832709,0.10059594684100424,0.0004922333083605679,-0.0007987465784323883,-0.0007997664484694638,1.002561384516666,2.1195444766493046e-08,-0.0001844748130187539,0.0025537374318496853,0.0025537374318496853,0.14195251813734341,0.9987247901696461,2.1249734450541794e-08,1.0527855885865767,0.10213264571216871,0.006394789958333334,0.0009280048452034659,0.002372764096167046,0.0011354687735081331,0.005408704583333337,1.0555816251464718,0.1004562072094505,0.002796036559895132,-0.0016764385027182027,-0.0016809161566615452,1.005375816603933,5.602704996000603e-08,0.0018141295432073698,-0.004723566217563766,-0.004723566217563766,0.12046880194650873,0.9973361824588349,5.6328241105450414e-08,1.051837453102076,0.10173512923139265,0.0036904376666666654,-0.0005424994475410768,0.0015998349135210484,0.0010026661691939732,-0.0003055678083333374,1.0512507971341611,0.10402976230996792,-0.0005866559679148509,0.0022946330785752755,0.0022864494550662094,0.9929295319100122,-6.130135460703796e-08,0.0015531294951726458,-0.007139725800348846,-0.007139725800348846,0.17670406819860526,1.003579184088646,-6.086792533541587e-08]"
/multi_agv/m2b_algorithm_state,1789558489.0773146,1789558489.0773146,m2b_algorithm_state_v1:header6+3x20,"[1.0,-0.15,0.52,1.0539957260406394,0.10175424575822252,1789558489.0772102,1.0523727381948755,0.10139455457097203,0.0036904376666666654,0.001543341406092719,0.001051065195248934,0.0003839671422229654,0.0009860853749999966,1.0530304161730564,0.10169090773973999,0.0006576779781808373,0.00029635316876795714,0.0002962139337474714,0.9990613984895835,2.917625013474418e-09,0.001118311406473518,-0.002564301896725851,-0.002564301896725851,0.14195253997495585,1.000470048855313,2.914886526229942e-09,1.0537974222467126,0.10213259408553703,0.006394789958333334,0.0009280671018528953,0.0023728556978990234,0.001135394136399917,0.005408704583333337,1.0565798561670194,0.1004562072094505,0.0027824339203068593,-0.0016763868760865247,-0.0016808642556323697,1.005375651657371,5.6027368933276486e-08,0.0017971781447512045,-0.004663708342112062,-0.004663708342112062,0.12046878927113516,0.9973362634544451,5.6328552551940794e-08,1.0528492506006506,0.10173523946370211,0.0036904376666666654,-0.000543449710220439,0.0015997948039207857,0.0010030989437555113,-0.0003055678083333374,1.052145286773483,0.10253893424040675,-0.0007039638271675308,0.0008036947767046387,0.0008026793977356864,0.9974809376970845,-7.541499597247459e-09,-7.727538622372707e-05,-0.0006309193557433428,-0.0006309193557433428,0.17670402543859626,1.0012649869572043,-7.52250208990458e-09]"
/multi_agv/m2b_algorithm_state,1789558489.0872731,1789558489.0872731,m2b_algorithm_state_v1:header6+3x20,"[1.0,-0.15,0.52,1.0549969101907417,0.10175428582144118,1789558489.0871701,1.053362014427588,0.10139476716806471,0.0036904376666666654,0.001542159179276238,0.001051176142485533,0.0003844218845865553,0.0009860853749999966,1.0541770273948567,0.10064546986339493,0.0008150129672688244,-0.0007492973046697854,-0.0007501944698198729,1.0024014656162898,1.86509906857648e-08,0.0002685717392661576,0.0009276273234506226,0.0009276273234506226,0.14195252130909827,0.9988040898911146,1.8695780398606406e-08,1.0547866513806354,0.10213275050356171,0.006394789958333334,0.0009278856676011946,0.0023727760199883097,0.0011355142360175707,0.005408704583333337,1.0582167252659767,0.10104296868234211,0.0034300738853412227,-0.0010897818212196042,-0.0010916655606736452,1.0034713938064037,2.3663294698908685e-08,0.0031959267960028834,-0.009885327639864402,-0.009885327639864402,0.1204688001094276,0.9982744353931265,2.374543931356558e-08,1.0538385123136946,0.10173521960304115,0.0036904376666666654,-0.0005426388090947706,0.001599840280785891,0.0010027237894373216,-0.0003055678083333374,1.0535924332999722,0.103356112503271,-0.00024607901372242225,0.0016208929002298478,0.0016167884431167,0.9949667987650193,-3.061111914461613e-08,0.0013091896759636723,-0.005949506216171536,-0.005949506216171536,0.17670406200072183,1.0025386482261311,-3.0457047221933304e-08]"
/multi_agv/m2b_algorithm_state,1789558489.0971386,1789558489.0971386,m2b_algorithm_state_v1:header6+3x20,"[1.0,-0.15,0.52,1.0559909456519365,0.10175437033096073,1789558489.0970144,1.0543631953717387,0.10139479011542334,0.0036904376666666654,0.0015422224535575077,0.0010511671532647867,0.0003843991337966505,0.0009860853749999966,1.0549586285516093,0.09861532586850304,0.0005954331798705415,-0.002779464246920299,-0.0027919996593736536,1.0091144355304815,2.5699313464165325e-07,-0.002047708184535477,0.009977845167878835,0.009977845167878835,0.14195252409655348,0.9955102385448833,2.5933548199912095e-07,1.055787839520223,0.10213279655134273,0.006394789958333334,0.0009278298919050201,0.0023727879884429814,0.001135532189704691,0.005408704583333337,1.0592210122476051,0.10104296868234211,0.0034331727273821944,-0.001089827869000623,-0.0010917117671295608,1.0034715401362297,2.3663867733268452e-08,0.003199754142098182,-0.009898895813580154,-0.009898895813580154,0.12046879851097188,0.9982743630822163,2.3746017799882926e-08,1.0548396956802641,0.10173527079755744,0.0036904376666666654,-0.0005427781785500344,0.0015998391139731352,0.001002784810334321,-0.0003055678083333374,1.0546437104270339,0.10325457213949654,-0.0001959852532302797,0.0015193013419391027,0.001515692479052195,0.9952767734366759,-2.6903080922687973e-08,0.0012707109125143453,-0.005764544782105068,-0.005764544782105068,0.17670405659636054,1.002380999402441,-2.6776011576238676e-08]"
/multi_agv/m2b_algorithm_state,1789558489.107216,1789558489.107216,m2b_algorithm_state_v1:header6+3x20,"[1.0,-0.15,0.52,1.0569987901517128,0.10175436630474427,1789558489.1070855,1.055357241933883,0.10139492106988159,0.0036904376666666654,0.0015415770561564529,0.0010512312092126655,0.0003846455712005646,0.0009860853749999966,1.0559508879437964,0.09941179326556698,0.0005936460099134067,-0.0019831278043146022,-0.0019894710342675016,1.0064450393142046,1.3070500397152724e-07,-0.0012474135218757433,0.006824937753078313,0.006824937753078313,0.1419525139960344,0.9968115997450374,1.31547402860687e-07,1.0567818613247486,0.10213290743033696,0.006394789958333334,0.0009276965681183401,0.002372747018436927,0.0011356112981286831,0.005408704583333337,1.0600195534176198,0.09834619504745443,0.0032376920928711694,-0.003786712382882529,-0.0038099255473565004,1.0124356784430115,2.8614839367362127e-07,0.00023718956873246136,0.0017799620860220965,0.0017799620860220965,0.12046880435146598,0.9939071868503893,2.897068430843307e-07,1.0558337336971773,0.10173528249266364,0.0036904376666666654,-0.0005423767021532472,0.001599864036169141,0.0010025978207836963,-0.0003055678083333374,1.0556019456021233,0.10244525362964516,-0.00023178809505397524,0.0007099711369815132,0.0007091782044079071,0.9977723202320258,-5.873911916441657e-09,0.0004194430855904381,-0.0023552945909676394,-0.0023552945909676394,0.1767040762992113,1.0011181005968282,-5.860826721706537e-09]"
/multi_agv/m2b_algorithm_state,1789558489.1170917,1789558489.1170917,m2b_algorithm_state_v1:header6+3x20,"[1.0,-0.15,0.52,1.0579926196878897,0.10175445120881733,1789558489.1169658,1.0563650695662996,0.10139483690359552,0.0036904376666666654,0.0015423382830709004,0.0010511540175902829,0.00038435575953688593,0.0009860853749999966,1.057124898491722,0.10121300896303781,0.0007598289254224788,-0.00018182794055771057,-0.00018188054483155055,1.0005790140038728,1.0979801868209983e-09,0.000767905611946548,-0.0011001974219529494,-0.0011001974219529494,0.14195252872760333,0.9997107756968251,1.0986159327251425e-09,1.0577897271690404,0.10213288981010366,0.006394789958333334,0.0009277138081679225,0.002372811051982726,0.0011355705160781548,0.005408704583333337,1.0609965504826167,0.09834619504745443,0.003206823313576246,-0.0037866947626492287,-0.0038099077135066812,1.012435621040032,2.861510682172557e-07,0.00019862142846362608,0.0019150210186831742,0.0019150210186831742,0.12046879580358397,0.9939072143991418,2.897095344618059e-07,1.0568415737197985,0.10173537220053364,0.0036904376666666654,-0.0005430476190382894,0.001599837286366047,0.0010029025583273331,-0.0003055678083333374,1.0565098592372006,0.10124902880596323,-0.00033171448259783354,-0.0004863433945704043,-0.00048671887115602267,1.001546926062929,-2.762059177162991e-09,-0.0009013619744033146,0.002869808966606212,0.002869808966606212,0.17670404748532725,0.99922855552174,-2.7663318784914968e-09]"
/multi_agv/m2b_algorithm_state,1789558489.1271508,1789558489.1271508,m2b_algorithm_state_v1:header6+3x20,"[1.0,-0.15,0.52,1.0589978501214616,0.1017544629730368,1789558489.1270278,1.057358910434306,0.10139497201861955,0.0036904376666666654,0.0015416581921673506,0.0010512202915083247,0.0003846160815847207,0.0009860853749999966,1.0578617708379878,0.10217783898332534,0.0005028604036818596,0.0007828669647057945,0.0007818989057156581,0.9975342262128913,2.0331111126616273e-08,0.0014104744103179826,-0.003832484832755003,-0.003832484832755003,0.14195251827968247,1.0012380871530322,2.028097920573747e-08,1.0587835424894423,0.10213300142142026,0.006394789958333334,0.0009275801595931363,0.0023727684046577213,0.00113565063780878,0.005408704583333337,1.0621171841116472,0.10012965043004877,0.0033336416222049525,-0.002003350991371486,-0.002009761071825465,1.0064479335654561,7.998909858239561e-08,0.0021572909559307257,-0.0057806167859247625,-0.0057806167859247625,0.12046880186749526,0.9968105261148498,8.050486297601561e-08,1.0578354061399209,0.10173538018641219,0.0036904376666666654,-0.0005426182186209758,0.0015998642158590141,0.0010027024203939647,-0.0003055678083333374,1.0571829753708843,0.10101618000958998,-0.0006524307690365383,-0.0007192001768222128,-0.0007200227275252971,1.0022936358784358,-6.036322388439198e-09,-0.00153556118882097,0.0052176547880749494,0.0052176547880749494,0.1767040679466499,0.9988576045288022,-6.050167514043127e-09]"
/multi_agv/m2b_algorithm_state,1789558489.137204,1789558489.137204,m2b_algorithm_state_v1:header6+3x20,"[1.0,-0.15,0.52,1.0600035948516446,0.10175447150398104,1789558489.1370792,1.0583641291967316,0.10139492860629892,0.0036904376666666654,0.0015421462496211132,0.0010511704568567648,0.0003844304489134414,0.0009860853749999966,1.0587871754019238,0.10038299055442505,0.00042304620519217906,-0.0010119380518738702,-0.001013577633142511,1.003252865041885,3.4023225981676704e-08,-0.00048476987665228713,0.003710735834008471,0.003710735834008471,0.1419525283171057,0.9983823821530501,3.413389894408465e-08,1.0597887876834966,0.10213300699237196,0.006394789958333334,0.0009275698850759601,0.002372812686104453,0.0011356320580055285,0.005408704583333337,1.0631144518994626,0.10012965043004877,0.003325664215966029,-0.002003356562323186,-0.0020097666782148355,1.0064479514181734,7.998865569773734e-08,0.0021473135917427005,-0.005745457008257982,-0.005745457008257982,0.12046879604587382,0.9968105173793887,8.050441866368135e-08,1.0588406334841571,0.10173545332043947,0.0036904376666666654,-0.0005430794561036034,0.0015998480602429366,0.0010029107576655996,-0.0003055678083333374,1.0581923122646952,0.10127752867761221,-0.0006483212194619004,-0.0004579246428272621,-0.00045825744857588683,1.0014560620172424,-2.44879119593399e-09,-0.0012686589729032623,0.004159144626831472,0.004159144626831472,0.17670404828999609,0.9992737581251346,-2.452356787782547e-09]"
/multi_agv/m2b_algorithm_state,1789558489.147166,1789558489.147166,m2b_algorithm_state_v1:header6+3x20,"[1.0,-0.15,0.52,1.0609933381580328,0.10175458065328798,1789558489.1470242,1.0593698610611784,0.10139488205773645,0.0036904376666666654,0.0015426468745513948,0.001051115065310436,0.00038424225912392905,0.0009860853749999966,1.059651418115177,0.09876727978726714,0.00028155705399868225,-0.0026276022704693064,-0.0026387924834934853,1.008601737803117,2.2971805800854147e-07,-0.0022868461659951325,0.01075612994229861,0.01075612994229861,0.14195253926896526,0.995759343300325,2.3169403251217215e-07,1.0607945479390741,0.10213300769586386,0.006394789958333334,0.0009275681663190264,0.0023728592622882516,0.0011356085756484696,0.005408704583333337,1.063911038706924,0.09739776145011061,0.003116490767849811,-0.00473524624575325,-0.004771806026255406,1.015717285891326,4.4765555083711925e-07,-0.000876192566443142,0.006082072630069852,0.006082072630069852,0.12046878968808603,0.9923383766437703,4.5469148111046525e-07,1.0598463755546816,0.10173552475834281,0.0036904376666666654,-0.0005435487559366666,0.0015998324308930008,0.0010031223158868665,-0.0003055678083333374,1.059259803538946,0.10171719596210521,-0.0005865720157356424,-1.832879623760164e-05,-1.8329327638804122e-05,1.0000579894217376,-3.925311086459481e-12,-0.0007515443473083571,0.0021325090252656163,0.0021325090252656163,0.17670402684134326,0.999971008145364,-3.9255387129795256e-12]"
/multi_agv/m2b_algorithm_state,1789558489.157255,1789558489.157255,m2b_algorithm_state_v1:header6+3x20,"[1.0,-0.15,0.52,1.0619930157935562,0.10175462605380221,1789558489.157095,1.0603596236155104,0.10139508076427188,0.0036904376666666654,0.0015415394542975971,0.0010512228541814648,0.0003846662184257604,0.0009860853749999966,1.060668171282157,0.09948607933779281,0.00030854766664667466,-0.0019090014264790678,-0.0019148760197204308,1.006198937480425,1.2110750191510133e-07,-0.0015291914364120875,0.0077866318101105225,0.0077866318101105225,0.14195252147183712,0.9969321286700218,1.2185823974788348e-07,1.0617842667960407,0.10213315482530913,0.006394789958333334,0.000927393344518055,0.0023727859140241225,0.00113572251606342,0.005408704583333337,1.0648788916579917,0.09739776145011061,0.003094624861951001,-0.0047353933751985156,-0.004771955396087093,1.015717769432033,4.4759873188330783e-07,-0.0009036743186483422,0.006177845114390736,0.006177845114390736,0.12046880001439245,0.9923381469746013,4.5463398554912e-07,1.0608361240625468,0.10173550637028296,0.0036904376666666654,-0.0005427910372067892,0.0015998760697304663,0.0010027711704666152,-0.0003055678083333374,1.0603244824281057,0.10231056644642698,-0.0005116416344410624,0.0005750600761440239,0.0005745393312243939,0.9981928576124273,-3.856961929813417e-09,-6.501271182693402e-05,-0.00057077252058814,-0.00057077252058814,0.1767040616823675,1.000906369488265,-3.8499918504227964e-09]"
/multi_agv/m2b_algorithm_state,1789558489.1670945,1789558489.1670945,m2b_algorithm_state_v1:header6+3x20,"[1.0,-0.15,0.52,1.0629942102777246,0.10175466129882955,1789558489.1669836,1.061359300733704,0.10139512044209435,0.0036904376666666654,0.0015414770248763417,0.0010512309024245598,0.0003846890934002393,0.0009860853749999966,1.0613572579468027,0.1015218416512147,-2.0427869014127964e-06,0.00012672120912034235,0.00012669571837823452,0.9995978808296359,5.328866382636307e-10,0.00012414223475146853,0.0010435267978079303,0.0010435267978079303,0.14195252153228363,1.000201196555291,5.326723543307539e-10,1.0627839455560284,0.10213320984507045,0.006394789958333334,0.0009273227287183005,0.0023727892874163548,0.001135751373804672,0.005408704583333337,1.0657214624973506,0.09892791036650102,0.0029375169413221602,-0.003205299478569429,-0.0032218585807824536,1.0104575415788044,2.0486592868864033e-07,0.00045003759587024673,0.0007753071445168395,0.0007753071445168395,0.12046879998880934,0.9948603882517392,2.0700832265598218e-07,1.0618358010909363,0.10173554787424187,0.0036904376666666654,-0.0005428307278595016,0.0015998804597421989,0.001002786093146647,-0.0003055678083333374,1.0605491346133784,0.10117840868071114,-0.0012866664775579295,-0.0005571391935307313,-0.0005576322041005107,1.001773529462014,-3.623445151107854e-09,-0.0021659653010479224,0.0073814763970639075,0.0073814763970639075,0.17670406157466764,0.9991158857645701,-3.6298714378373357e-09]"
/multi_agv/m2b_algorithm_state,1789558489.1771898,1789558489.1771898,m2b_algorithm_state_v1:header6+3x20,"[1.0,-0.15,0.52,1.0639980975988892,0.10175467905945684,1789558489.177051,1.0623604915490825,0.10139513658061834,0.0036904376666666654,0.0015415656654994702,0.0010512234803164763,0.0003846545320616455,0.0009860853749999966,1.062558999637268,0.10289945658068016,0.00019850808818544508,0.001504320000061815,0.0015007650910731681,0.995300719887283,7.502612693675526e-08,0.0017489002013049745,-0.005379888715119853,-0.005379888715119853,0.14195252432654198,1.0023687311290703,7.467355815050719e-08,1.0637851450333626,0.10213325020486708,0.006394789958333334,0.0009272693588966577,0.002372804266914663,0.0011357667181125242,0.005408704583333337,1.066703510960047,0.09892791036650102,0.002918365926684263,-0.0032053398383660586,-0.0032218993536362525,1.0104576723575363,2.0485926455675656e-07,0.0004260580547190765,0.0008594205706060467,0.0008594205706060467,0.12046879836295817,0.994860325090073,2.0700161562489696e-07,1.062836994250728,0.10173559711100329,0.0036904376666666654,-0.0005429850488301775,0.0015998795665949986,0.0010028534525962996,-0.0003055678083333374,1.0614991474133069,0.1009623869018827,-0.0013378468374212193,-0.0007732102091205922,-0.0007741613277537399,1.002467386415664,-6.981956430453503e-09,-0.002446469874530264,0.008465303125245347,0.008465303125245347,0.17670405612307497,0.9987714206341108,-6.999183614904762e-09]"
/multi_agv/m2b_algorithm_state,1789558489.187262,1789558489.187262,m2b_algorithm_state_v1:header6+3x20,"[1.0,-0.15,0.52,1.0650034811931588,0.10175468719343496,1789558489.1870925,1.0633643696309831,0.10139511269131032,0.0036904376666666654,0.0015419115034350757,0.0010511883144519443,0.0003845229162232537,0.0009860853749999966,1.0635290173688696,0.10215310512338907,0.0001646477378864919,0.0007579924320787468,0.000757084743880355,0.9976119010314694,1.9063109006846413e-08,0.0009628944162384699,-0.0022274043364293146,-0.0022274043364293146,0.14195253194572116,1.0011989254911406,1.9017584415890178e-08,1.06478904398292,0.10213326514898753,0.006394789958333334,0.0009272469908133294,0.0023728391520925207,0.0011357582685920936,0.005408704583333337,1.0676633745913666,0.09686636759495196,0.0028743306084466624,-0.005266897554035574,-0.005312309207183919,1.0175863703739934,5.538037012170761e-07,-0.0017193959466255907,0.009242646812561886,0.009242646812561886,0.12046879394344434,0.9914516171071267,5.63543098221168e-07,1.0638408791827643,0.10173565933807265,0.0036904376666666654,-0.000543334591600306,0.001599869750005845,0.0010030100762421874,-0.0003055678083333374,1.0626002576396032,0.1019992940662444,-0.001240621543161069,0.0002636347281717577,0.00026352502230420896,0.9991685761414952,-8.116226409019151e-10,-0.0012872519066471273,0.003911907762997668,0.003911907762997668,0.1767040412145568,1.0004163015207796,-8.109478384741667e-10]"
/multi_agv/m2b_algorithm_state,1789558489.1972651,1789558489.1972651,m2b_algorithm_state_v1:header6+3x20,"[1.0,-0.15,0.52,1.0659910702143172,0.10175480695194981,1789558489.197037,1.0643697408200357,0.10139506933442012,0.0036904376666666654,0.001542377934285512,0.0010511375506978104,0.00038434714110600877,0.0009860853749999966,1.0641665715024788,0.10083661574446937,-0.00020316931755681722,-0.0005584535899507553,-0.0005589512237223855,1.0017859477636215,1.0360284188522313e-08,-0.000812912870668407,0.004673341635750523,0.004673341635750523,0.14195254223126633,0.999109700899631,1.0378787114899288e-08,1.0657944425734003,0.1021332659928126,0.006394789958333334,0.0009272434585667708,0.0023728841407244516,0.0011357363981329138,0.005408704583333337,1.0686012801813696,0.09660006348966178,0.0028068376079692925,-0.005533202503150814,-0.0055834231164220045,1.0185307279617937,6.113162028145953e-07,-0.002074876106460389,0.010588413473900962,0.010588413473900962,0.12046878795368003,0.9910054079327284,6.226443370675892e-07,1.0648462601860404,0.10173572625307216,0.0036904376666666654,-0.0005437747424085972,0.001599856311310188,0.0010032078596780925,-0.0003055678083333374,1.0636143536458673,0.10284609155497013,-0.0012319065401731333,0.001110365301897967,0.0011084317205587247,0.99653191698687,-1.440026027503651e-08,-0.00043145145465769193,0.0004924236174455078,0.0004924236174455078,0.1767040209980931,1.0017444298132028,-1.4350318976992006e-08]"
/multi_agv/m2b_algorithm_state,1789558489.2072794,1789558489.2072794,m2b_algorithm_state_v1:header6+3x20,"[1.0,-0.15,0.52,1.0670038404645157,0.10175476570331166,1789558489.2071943,1.065357353081728,0.10139529721876306,0.0036904376666666654,0.0015410674491305987,0.0010512677891247875,0.00038484744427703076,0.0009860853749999966,1.065163381784413,0.10139361165512456,-0.00019397129731490992,-1.6855636384982553e-06,-1.685568152849009e-06,1.0000053565222333,9.426488426301876e-14,-0.0002441496897964864,0.0024085521816373688,0.0024085521816373688,0.14195252057898763,0.9999973217631419,9.426538919496714e-14,1.0667820023378252,0.10213342929295222,0.006394789958333334,0.0009270474545490922,0.0023727963705235666,0.0011358670230072337,0.005408704583333337,1.0697703672118009,0.0984534182104847,0.0029883648739756907,-0.003680011082467516,-0.0037019166661175634,1.012070678355363,2.700418221596326e-07,3.3539426352049984e-05,0.002445543669268597,0.002445543669268597,0.12046880052454162,0.9940826372861005,2.733014101374177e-07,1.0658338552233988,0.10173569434413414,0.0036904376666666654,-0.0005428593283528745,0.0015999081840594627,0.001002784075165975,-0.0003055678083333374,1.064542185950869,0.10153993795230926,-0.0012916692725297718,-0.00019575639182488336,-0.00019581708921499345,1.0006205921968525,-4.4723959388836134e-10,-0.0018104036798772083,0.005967675235683189,0.005967675235683189,0.17670406341587314,0.9996900301686977,-4.475171472904519e-10]"
/multi_agv/m2b_algorithm_state,1789558489.2174675,1789558489.2174675,m2b_algorithm_state_v1:header6+3x20,"[1.0,-0.15,0.52,1.0679979430702125,0.10175484411352403,1789558489.2173002,1.0663700957585611,0.10139513208146406,0.0036904376666666654,0.0015423302965676755,0.0010511409599965218,0.0003843660177677234,0.0009860853749999966,1.066383612863026,0.10301180054911324,1.351710446484411e-05,0.001616668467649185,0.001612566242014805,0.9949562360983324,8.668693965327411e-08,0.0016294626225958602,-0.005006194453367403,-0.005006194453367403,0.14195254415421385,1.0025439113925976,8.62497111963049e-08,1.067794807164083,0.10213335893777445,0.006394789958333334,0.0009271244154506093,0.0023729000987020576,0.0011357797033883649,0.005408704583333337,1.070755171057818,0.0984534182104847,0.0029603638937349963,-0.003679940727289749,-0.003701845482454033,1.0120704493806532,2.7005398896683816e-07,-1.3906152852875484e-06,0.0025679490398626634,0.0025679490398626634,0.12046878684322503,0.9940827473031739,2.7331366197070584e-07,1.066846618470903,0.10173580609069648,0.0036904376666666654,-0.0005439062903178564,0.0015998650877201426,0.0010032603192606689,-0.0003055678083333374,1.0655097190950396,0.1015266384991854,-0.001336899375863343,-0.00020916759151107245,-0.00020923689744447286,1.0006632088694989,-5.116084805130736e-10,-0.0018803611172736516,0.006220517110078887,0.006220517110078887,0.17670401725650997,0.9996687681080781,-5.119477837950607e-10]"
/multi_agv/m2b_algorithm_state,1789558489.227203,1789558489.227203,m2b_algorithm_state_v1:header6+3x20,"[1.0,-0.15,0.52,1.0689976038379554,0.10175488643465792,1789558489.2270448,1.0673642085731065,0.1013952629511101,0.0036904376666666654,0.0015416471869217747,0.001051205987646497,0.0003846282965097891,0.0009860853749999966,1.067421946465982,0.10253600969913913,5.77378928754424e-05,0.0011407467480290395,0.001138696888966093,0.9964216604478364,4.315668390809088e-08,0.001210869255060396,-0.0032893484761026778,-0.0032893484761026778,0.14195253419222167,1.001800179734229,4.300225463912234e-08,1.0687888964192864,0.10213346227514424,0.006394789958333334,0.0009269999707279767,0.002372860047221259,0.0011358544848605878,0.005408704583333337,1.0716663166219123,0.09829567221038402,0.0028774202026258244,-0.0038377900647602187,-0.003861642704971426,1.012610571582641,2.937078543731364e-07,-0.0002648674516891455,0.003559481614361288,0.003559481614361288,0.12046879263141046,0.9938231882042066,2.9741167829509274e-07,1.067840724218245,0.10173580711431779,0.0036904376666666654,-0.0005434675757511388,0.0015998946118686366,0.0010030547940462695,-0.0003055678083333374,1.0666768424975062,0.10320577004863007,-0.0011638817207388907,0.0014699629343122855,0.0014665834132081758,0.9954276094269805,-2.5216960569735523e-08,1.173126228456241e-05,-0.0012498231354905777,-0.0012498231354905777,0.1767040367549299,1.0023043497380875,-2.510165877694626e-08]"
/multi_agv/m2b_algorithm_state,1789558489.2371736,1789558489.2371736,m2b_algorithm_state_v1:header6+3x20,"[1.0,-0.15,0.52,1.0699978676768158,0.10175492438490435,1789558489.2370412,1.06836386845169,0.10139530385277093,0.0036904376666666654,0.0015415544985691457,0.0010512151386005797,0.00038466371397733704,0.0009860853749999966,1.067989088740242,0.10066294190150933,-0.0003747797114481699,-0.0007323619512615981,-0.0007332189039687349,1.0023467214953048,1.7810194805611207e-08,-0.0012016935432789472,0.006125231402623762,0.006125231402623762,0.14195253424685775,0.9988312457541693,1.78519903725971e-08,1.0697885582661073,0.10213351356409488,0.006394789958333334,0.000926934026387936,0.0023728632844559616,0.001135881388310847,0.005408704583333337,1.072643448932255,0.09829567221038402,0.002854890666147636,-0.0038378413537108608,-0.003861694624253959,1.0126107387487882,2.9369475117520046e-07,-0.00029308129156941417,0.0036582121224674837,0.0036582121224674837,0.12046879261848098,0.9938231080227617,2.9739845895416125e-07,1.0688403847960686,0.10173584188710798,0.0036904376666666654,-0.0005434791050766756,0.001599901947848514,0.001003055977102922,-0.0003055678083333374,1.0675507540915858,0.1034081736115755,-0.001289630704482736,0.0016723317244675268,0.0016679643723261678,0.9948101736755384,-3.2633966934657555e-08,5.592599172274783e-05,-0.0014996125014362623,-0.0014996125014362623,0.17670403671216942,1.0026183725586826,-3.246460231398846e-08]"
/multi_agv/m2b_algorithm_state,1789558489.247204,1789558489.247204,m2b_algorithm_state_v1:header6+3x20,"[1.0,-0.15,0.52,1.070994947489359,0.10175498190586824,1789558489.24707,1.0693641301431347,0.10139533474566065,0.0036904376666666654,0.001541525049449675,0.0010512183089294237,0.00038467483042008404,0.0009860853749999966,1.0688724111205845,0.09948154533431819,-0.0004917190225501855,-0.0019137894113424592,-0.0019196937028476693,1.0062147994287793,1.2171487311778916e-07,-0.002534342481035401,0.011332439267712716,0.011332439267712716,0.1419525353363031,0.9969243575178418,1.2247130664171556e-07,1.070788824794139,0.10213355865093901,0.006394789958333334,0.000926874958667335,0.0023728713519692857,0.0011359027981039799,0.005408704583333337,1.0734957413875923,0.09786408787833323,0.0027069165934532347,-0.004269470772605782,-0.004299087503225868,1.0140972666999775,3.635449517735753e-07,-0.0009154417614093248,0.0060207316958412966,0.0060207316958412966,0.12046879197367051,0.9931109263075334,3.686699419161578e-07,1.0698406480931741,0.10173587975811339,0.0036904376666666654,-0.0005435382866952423,0.0015999070845697525,0.0010030789599102807,-0.0003055678083333374,1.068436188625847,0.10230864005191961,-0.001404459467327035,0.000572760293806221,0.0005722436992919853,0.9982000466959938,-3.8314412184040876e-09,-0.0011833306348668084,0.003407513471971516,0.003407513471971516,0.1767040345254235,1.000902752646949,-3.824544803123915e-09]"
/multi_agv/m2b_algorithm_state,1789558489.257326,1789558489.257326,m2b_algorithm_state_v1:header6+3x20,"[1.0,-0.15,0.52,1.071994282210478,0.10175502439096508,1789558489.2571914,1.0703612141833252,0.10139541330686133,0.0036904376666666654,0.0015411820495025096,0.0010512541659422935,0.00038480485742726795,0.0009860853749999966,1.0703615163829,0.09960784981918974,3.0219957469768133e-07,-0.0017875634876715896,-0.001792709708667836,1.0057966323495833,1.0615612055111599e-07,-0.0017923319591994639,0.008662859447762865,0.008662859447762865,0.14195253073072434,0.9971293617860358,1.0677146855360885e-07,1.0717858994819875,0.10213363236594872,0.006394789958333334,0.0009267813385746533,0.002372855977885724,0.0011359513802414317,0.005408704583333337,1.0744708811786319,0.09786408787833323,0.0026849816966443285,-0.00426954448761549,-0.004299162228103535,1.0140975079202166,3.635206779609731e-07,-0.0009429351072981242,0.006116764666009756,0.006116764666009756,0.12046879464543903,0.9931108111495689,3.686454135976904e-07,1.0708377288027642,0.10173590004479467,0.0036904376666666654,-0.0005433579227015644,0.0015999237730644489,0.0010029920983091597,-0.0003055678083333374,1.0694385386177871,0.10275354991529179,-0.0013991901849770283,0.0010176498704971143,0.0010160245742560406,0.9968181399630118,-1.208734565205018e-08,-0.0007329631569652447,0.0016085158476844713,0.0016085158476844713,0.17670404356399724,1.0015996623332302,-1.2048885409966659e-08]"
/multi_agv/m2b_algorithm_state,1789558489.267215,1789558489.267215,m2b_algorithm_state_v1:header6+3x20,"[1.0,-0.15,0.52,1.0729916606991738,0.10175507861993005,1789558489.2670672,1.071360548574194,0.10139545462406105,0.0036904376666666654,0.001541082381328158,0.0010512673297298656,0.0003848412130929039,0.0009860853749999966,1.0715245031933391,0.10133538059046365,0.00016395461914520126,-6.007403359739594e-05,-6.007977039574947e-05,1.000191034368802,1.1974430836144326e-10,0.00014486350353575211,0.0010539542633309033,0.0010539542633309033,0.1419525301778887,0.9999045136438481,1.1976718363980872e-10,1.0727852350452614,0.10213368447605332,0.006394789958333334,0.0009267116989249849,0.002372858504350761,0.0011359802552647208,0.005408704583333337,1.0762266893775785,0.10071030357230722,0.0034414543323171287,-0.0014233809037461076,-0.0014266025503424245,1.0045511923768073,4.032589043724557e-08,0.0028752153650539866,-0.008591309207001206,-0.008591309207001206,0.12046879496729003,0.997741735008434,4.0509421322391534e-08,1.071837063011978,0.10173593407278088,0.0036904376666666654,-0.0005433629058269073,0.0015999313796695065,0.0010029903030109866,-0.0003055678083333374,1.0708383820475096,0.1034071106888995,-0.0009986809644684236,0.0016711766161186248,0.001666815262257374,0.9948136963155058,-3.258194696859781e-08,0.0004184640566718444,-0.002793452977145789,-0.002793452977145789,0.1767040446637976,1.0026165790294868,-3.2412967096986576e-08]"
/multi_agv/m2b_algorithm_state,1789558489.2772567,1789558489.2772567,m2b_algorithm_state_v1:header6+3x20,"[1.0,-0.15,0.52,1.0739914291319268,0.10175511700198869,1789558489.277093,1.0723579306154418,0.10139552442969271,0.0036904376666666654,0.0015407949934148316,0.0010513005765470317,0.0003849484920470294,0.0009860853749999966,1.072675356843059,0.10150305221145597,0.0003174262276171014,0.00010752778176326139,0.00010750942542856917,0.999658714008043,3.835221502281396e-10,0.0005042922099499459,-0.00029852685481342157,-0.00029852685481342157,0.141952526107811,1.000170741631434,3.833912594906615e-10,1.0737826096892833,0.10213375383507294,0.006394789958333334,0.000926620834035794,0.002372846970328135,0.001136025645428626,0.005408704583333337,1.077154873221571,0.09985104603992254,0.0033722635322877004,-0.002282707795150399,-0.0022910477703406277,1.0073702575593122,1.0376379234153537e-07,0.0019242816450189978,-0.004829437508700638,-0.004829437508700638,0.12046879733763888,0.9963597550002247,1.0452855821642348e-07,1.0728344417927966,0.10173595759502453,0.0036904376666666654,-0.0005432244306591495,0.0015999458956548421,0.0010029227289829932,-0.0003055678083333374,1.0718426780520158,0.10312707844928394,-0.0009917637407808044,0.001391120854259409,0.001388092325336548,0.995668954515244,-2.2575632778476038e-08,0.00014838764936054238,-0.0017012569849199088,-0.0017012569849199088,0.17670405264006173,1.0021817921384493,-2.247785668606531e-08]"
/multi_agv/m2b_algorithm_state,1789558489.287164,1789558489.287164,m2b_algorithm_state_v1:header6+3x20,"[1.0,-0.15,0.52,1.0749973561870327,0.10175511573290451,1789558489.2870743,1.0733576977359023,0.10139555545711536,0.0036904376666666654,0.0015407604547585771,0.0010513096023445625,0.0003849587688680763,0.0009860853749999966,1.0736211578582897,0.10005183836550158,0.00026346012238742667,-0.0013437170916137803,-0.0013466152720356572,1.0043355600549047,5.995002534404758e-08,-0.001017290119051374,0.005736809111297356,0.005736809111297356,0.14195252632696267,0.9978478036882086,6.020994227921975e-08,1.0747823805355503,0.10213380035987166,0.006394789958333334,0.0009265557954712452,0.002372854210870745,0.0011360500736488782,0.005408704583333337,1.078117555172253,0.09963994386903963,0.0033351746367027424,-0.0024938564908320304,-0.0025038266290252505,1.0080712455874499,1.2385600767323816e-07,0.0016651416668531775,-0.003818979751433138,-0.003818979751433138,0.12046879720825006,0.996018039716631,1.2485567992864994e-07,1.0738342091243276,0.10173599518897908,0.0036904376666666654,-0.0005432785442226469,0.001599951085270313,0.0010029434874347944,-0.0003055678083333374,1.0727642906622719,0.10298840097428744,-0.00106991846205573,0.0012524057853083581,0.0012499485308155541,0.9960946331569289,-1.8301520538705546e-08,-8.744954675410843e-05,-0.0007972513509969431,-0.0007972513509969431,0.17670405220955815,1.0019658845402224,-1.82300463872159e-08]"
/multi_agv/m2b_algorithm_state,1789558489.2971523,1789558489.2971523,m2b_algorithm_state_v1:header6+3x20,"[1.0,-0.15,0.52,1.0759931040595954,0.10175517909364085,1789558489.2970169,1.0743636108606325,0.10139549256232906,0.0036904376666666654,0.0015413360031657892,0.001051255142407558,0.0003847376178764822,0.0009860853749999966,1.0743562197856276,0.09969894610604196,-7.391075004914427e-06,-0.0016965464562870985,-0.0017011787733100612,1.0054958341549323,9.562477923776031e-08,-0.0017104176170662042,0.008335602159217722,0.008335602159217722,0.1419525376028527,0.9972769957539799,9.615031716555305e-08,1.0757883254191063,0.10213378923768669,0.006394789958333334,0.0009265598037100651,0.002372907696220672,0.0011360205143465807,0.005408704583333337,1.079110273811777,0.09963994386903963,0.0033219483926707483,-0.0024938453686470657,-0.0025038154185693337,1.008071209784088,1.2385544409668057e-07,0.0016486200722691017,-0.003760851047004015,-0.003760851047004015,0.12046879065859539,0.996018057142581,1.2485510736888627e-07,1.0748401322813594,0.10173606539869774,0.0036904376666666654,-0.0005437970452415448,0.0015999343666581517,0.0010031769392595223,-0.0003055678083333374,1.073771734157572,0.10390033949856223,-0.0010683981237873397,0.0021642740998644855,0.0021569867517965582,0.9933213057213746,-5.466958930816017e-08,0.0008214890970623836,-0.0044623434649192165,-0.0044623434649192165,0.17670403010938124,1.0033784853160816,-5.430446783483296e-08]"
/multi_agv/m2b_algorithm_state,1789558489.307194,1789558489.307194,m2b_algorithm_state_v1:header6+3x20,"[1.0,-0.15,0.52,1.0769981882481823,0.10175518242512943,1789558489.3070786,1.0753593652805336,0.10139558923794861,0.0036904376666666654,0.001540862517910452,0.001051304793675633,0.0003849170302719135,0.0009860853749999966,1.0754063421029372,0.10089252063064291,4.6976822403621554e-05,-0.0005030686073057011,-0.0005034722574961989,1.0016078045999242,8.398608968243175e-09,-0.00044475122949167193,0.003342919231411826,0.003342919231411826,0.1419525306024826,0.9991982672640095,8.412112290375281e-09,1.076784065250232,0.10213387200802518,0.006394789958333334,0.0009264544304444407,0.0023728835719096786,0.0011360787431529684,0.005408704583333337,1.0802715510602983,0.10153210574241399,0.003487485810066193,-0.0006017662656111894,-0.0006023385095422063,1.0019062289476717,7.201702358517421e-09,0.0037570187530405353,-0.012112463929369483,-0.012112463929369483,0.12046879472796423,0.9990499628996794,7.2154304520257425e-09,1.075835881648021,0.10173607603494877,0.0036904376666666654,-0.0005435146339023028,0.001599956737932129,0.0010030428872404252,-0.0003055678083333374,1.074845189116612,0.10386978793365298,-0.000990692531408932,0.0021337118987042047,0.002126627261552039,0.9934133080400671,-5.31100918953268e-08,0.0008882615972908739,-0.004686617561946965,-0.004686617561946965,0.17670404384562943,1.0033313958116927,-5.2760272080048555e-08]"
/multi_agv/m2b_algorithm_state,1789558489.3171744,1789558489.3171744,m2b_algorithm_state_v1:header6+3x20,"[1.0,-0.15,0.52,1.0779966396369167,0.10175522792582876,1789558489.3170447,1.0763644371238619,0.1013955401859051,0.0036904376666666654,0.0015413411940484764,0.0010512591113299046,0.0003847333041077231,0.0009860853749999966,1.076628788380987,0.10291491767465832,0.000264351257125206,0.0015193774887532208,0.0015157514923417462,0.9952545247640928,7.65234639016593e-08,0.0018461905637482537,-0.005734491803775357,-0.005734491803775357,0.14195254035970628,1.002392210352287,7.616032369874814e-08,1.077789165078829,0.10213386772420004,0.006394789958333334,0.0009264508303835749,0.002372930491939984,0.0011360558972118157,0.005408704583333337,1.0812817113423197,0.10153210574241399,0.0034925462634907145,-0.0006017619817860476,-0.000602334217584505,1.0019062153957523,7.2015719593101616e-09,0.003763348611778888,-0.012134893093676621,-0.012134893093676621,0.12046878904964453,0.9990499696318893,7.215299706652617e-09,1.076840962541856,0.10173613936528315,0.0036904376666666654,-0.0005439578608104471,0.001599944129568577,0.0010032415720196055,-0.0003055678083333374,1.0757261638040145,0.10220791272486304,-0.0011147987378414825,0.0004717733595798884,0.0004714226058127414,0.9985157046841584,-2.60165007112259e-09,-0.0009220758164891118,0.002522215824484532,0.002522215824484532,0.1767040246922808,1.0007440325576715,-2.597788454108564e-09]"
/multi_agv/m2b_algorithm_state,1789558489.327114,1789558489.327114,m2b_algorithm_state_v1:header6+3x20,"[1.0,-0.15,0.52,1.0789927503276608,0.10175528747462853,1789558489.3269796,1.077362889511965,0.10139559629130865,0.0036904376666666654,0.001541126726137773,0.001051281371016133,0.00038481468989655376,0.0009860853749999966,1.0773753810452658,0.10376170605949649,1.2491533300851287e-05,0.002366109768187838,0.002357372586400187,0.9926811712580564,1.8543882278450771e-07,0.002372987003026251,-0.008024959199613354,-0.008024959199613354,0.1419525382281077,1.0037063219611768,1.8408162779844027e-07,1.0787876151014404,0.10213392468412759,0.006394789958333334,0.0009263764466723853,0.0023729263935712286,0.0011360902748964452,0.005408704583333337,1.0820091431262533,0.10065681115916901,0.003221528024812903,-0.0014771135249585787,-0.001480584400023267,1.0047258651757267,4.341376072451476e-08,0.0025463256309928616,-0.0074042771305745094,-0.0074042771305745094,0.12046879029753678,0.9976557398115004,4.3618928304470074e-08,1.0778394142973446,0.10173616280205008,0.0036904376666666654,-0.0005438714742487306,0.0015999575474218933,0.0010031971478481954,-0.0003055678083333374,1.0765574229716908,0.10303711338831088,-0.001281991325653875,0.001300950586260799,0.001298300132276403,0.9959455172571537,-1.9768639657389722e-08,-0.00030418902479094085,-4.689673939265468e-05,-4.689673939265468e-05,0.1767040288955585,1.0020414801774291,-1.968848804904929e-08]"
/multi_agv/m2b_algorithm_state,1789558489.3372772,1789558489.3372772,m2b_algorithm_state_v1:header6+3x20,"[1.0,-0.15,0.52,1.0799983588879025,0.10175528595887047,1789558489.3370855,1.0783590059053443,0.10139568549563253,0.0036904376666666654,0.0015406957250312702,0.001051327768889897,0.0003849773792396589,0.0009860853749999966,1.0783097324727655,0.10231439236760195,-4.927343257876693e-05,0.0009187068719694186,0.0009173751047372492,0.997110877241525,2.7978480453142892e-08,0.0008557833140137905,-0.0019217784254226614,-0.0019217784254226614,0.14195253185716541,1.0014517150348776,2.789764718851817e-08,1.0797837189039707,0.10213400232964498,0.006394789958333334,0.0009262760075537616,0.002372905728929897,0.0011361445650493601,0.005408704583333337,1.0829673972878409,0.10050280941048222,0.0031836783838701255,-0.0016311929191627633,-0.0016354306067676197,1.005227949334525,5.2942885537571365e-08,0.002344167373070037,-0.006617238143981658,-0.006617238143981658,0.12046879397910402,0.9974088245705318,5.321966826078535e-08,1.0788355261736673,0.10173617459860806,0.0036904376666666654,-0.0005436197669806413,0.0015999786971785165,0.001003077040438748,-0.0003055678083333374,1.0776539650614634,0.10382307358660134,-0.0011815611122039105,0.0020868989879932742,0.002080119401381937,0.9935543649230553,-5.081678644597333e-08,0.0006031680111270488,-0.0036454864529560384,-0.0036454864529560384,0.1767040413109894,1.0032592295455893,-5.0489239984759555e-08]"
/multi_agv/m2b_algorithm_state,1789558489.347246,1789558489.347246,m2b_algorithm_state_v1:header6+3x20,"[1.0,-0.15,0.52,1.0809913660272197,0.10175536416660609,1789558489.3471012,1.079364600921853,0.10139562679433324,0.0036904376666666654,0.0015412306883124068,0.001051277037696874,0.00038477188084479175,0.0009860853749999966,1.079177551492312,0.1005543882788549,-0.00018704942954084203,-0.0008412385154783347,-0.0008423701315474195,1.0026989096190324,2.349611054927535e-08,-0.001076181918473472,0.005727754651801373,0.005727754651801373,0.14195254257566067,0.9986566284502444,2.355952442804664e-08,1.080789344634188,0.10213399138732848,0.006394789958333334,0.0009262794342853658,0.0023729572388559994,0.001136116285373981,0.005408704583333337,1.0840539952644992,0.10148455230874562,0.0032646506303111167,-0.0006494390785828641,-0.0006501058223291268,1.0020583565544705,8.386643950580412e-09,0.003430707465559769,-0.010933266905394947,-0.010933266905394947,0.12046878775684697,0.9989744073605217,8.403906654126099e-09,1.0798411311076672,0.10173623969494974,0.0036904376666666654,-0.0005441041508647579,0.0015999644270540906,0.0010032944298317917,-0.0003055678083333374,1.0786619783557714,0.10310377582106224,-0.00117915275189584,0.001367536126112498,0.0013646089027450272,0.9957412494309,-2.185231470077914e-08,-0.00010933203712477284,-0.0007721283923653557,-0.0007721283923653557,0.17670402033810637,1.0021451005937176,-2.1759251143111044e-08]"
/multi_agv/m2b_algorithm_state,1789558489.35726,1789558489.35726,m2b_algorithm_state_v1:header6+3x20,"[1.0,-0.15,0.52,1.0819961659073603,0.10175536671664855,1789558489.3570454,1.0803576198498555,0.1013957633539171,0.0036904376666666654,0.001540484504564326,0.001051354932131687,0.00038505480712226195,0.0009860853749999966,1.080236149241486,0.10167665017655689,-0.0001214706083694228,0.0002808868226397837,0.0002807617288316398,0.9991102412598434,2.616198697034031e-09,0.0001289234683698613,0.0009558383601403004,0.0009558383601403004,0.14195253064678354,1.0004455514954422,2.6138709113773586e-09,1.0817823371942574,0.10213409633562327,0.006394789958333334,0.0009261468629742607,0.0023729135011134606,0.001136196507051504,0.005408704583333337,1.0850690750139333,0.10148455230874562,0.0032867378196759223,-0.0006495440268776548,-0.0006502109857100333,1.0020586887041978,8.388150603708822e-09,0.0034582112888848697,-0.011030763420662022,-0.011030763420662022,0.12046879468548247,0.9989742424427815,8.405419194605788e-09,1.080834141037546,0.10173623281027794,0.0036904376666666654,-0.0005436108547092395,0.001599997562785638,0.0010030633664239886,-0.0003055678083333374,1.0796434469895904,0.10255289354779115,-0.001190694047955576,0.000816660737513214,0.000815612449653204,0.9974407113693058,-7.788997126588905e-09,-0.0006727551102912662,0.0014830587979014508,0.0014830587979014508,0.1767040436903566,1.0012852769234406,-7.769062834798317e-09]"
/multi_agv/m2b_algorithm_state,1789558489.3671403,1789558489.3671403,m2b_algorithm_state_v1:header6+3x20,"[1.0,-0.15,0.52,1.0829968116411806,0.10175539576791597,1789558489.3670344,1.0813624077639703,0.10139571493651094,0.0036904376666666654,0.0015409490626849156,0.0010513128530245984,0.00038487532633548144,0.0009860853749999966,1.081251950556235,0.10387109818965119,-0.00011045720773528167,0.0024753832531402564,0.002465828381543957,0.9923527645492621,2.0292238428815488e-07,0.0023277568718748547,-0.007916248972205591,-0.007916248972205591,0.14195253990678275,1.0038749134643008,2.0137058903727824e-07,1.082787152482171,0.10213409162573675,0.006394789958333334,0.0009261416393607121,0.0023729597244319667,0.0011361747272645856,0.005408704583333337,1.085966877953172,0.10090489060009034,0.0031797254710008716,-0.0012292010256464148,-0.0012316000750523131,1.0039216350562825,3.0051280532568146e-08,0.0027430567636987763,-0.008218463188444228,-0.008218463188444228,0.12046878931084659,0.998052087317552,3.0169130687790845e-08,1.0818389374759398,0.10173629358769798,0.0036904376666666654,-0.0005440406559947338,0.001599985947645266,0.0010032557149145457,-0.0003055678083333374,1.0804959488514094,0.10302825810122211,-0.0013429886245304168,0.0012919645135241326,0.001289350374119764,0.9959731161877541,-1.950266651828308e-08,-0.0003893854065432571,0.0002607854501629045,0.0002607854501629045,0.17670402557972775,1.0020274856678528,-1.9424131546184977e-08]"
/multi_agv/m2b_algorithm_state,1789558489.377264,1789558489.377264,m2b_algorithm_state_v1:header6+3x20,"[1.0,-0.15,0.52,1.083990785972541,0.10175546638106873,1789558489.3771482,1.082363049853649,0.10139573410284758,0.0036904376666666654,0.0015409658039758777,0.0010513132560752594,0.00038486786028825654,0.0009860853749999966,1.0824611131118396,0.10505670230902044,9.806325819061712e-05,0.003660968206172857,0.0036402567564550294,0.9888431891636185,4.434552129591297e-07,0.003762835829193301,-0.01365160330609412,-0.01365160330609412,0.14195254171993293,1.0056895573866051,4.3850766703373736e-07,1.0837878027752927,0.10213412533482352,0.006394789958333334,0.0009260929932569245,0.0023729734023367755,0.0011361887007226706,0.005408704583333337,1.0869630353512547,0.10090489060009034,0.0031752325759619726,-0.0012292347347331867,-0.0012316339152375231,1.003921742311937,3.0051346310208406e-08,0.0027374068047149426,-0.008198525400574669,-0.008198525400574669,0.12046878826854968,0.9980520343954042,3.016919994656382e-08,1.0828395822945998,0.1017363278660768,0.0036904376666666654,-0.0005441278536541514,0.0015999914434974838,0.0010032906547865587,-0.0003055678083333374,1.0815613882850246,0.1036076300954099,-0.0012781940095751843,0.0018713022293330994,0.0018658421310116192,0.9942059639229122,-4.090408325203119e-08,0.0002680996190426389,-0.0023490120431254014,-0.0023490120431254014,0.17670402207216535,1.0029263452843782,-4.0667083517968713e-08]"
/multi_agv/m2b_algorithm_state,1789558489.3872883,1789558489.3872883,m2b_algorithm_state_v1:header6+3x20,"[1.0,-0.15,0.52,1.0849936304086116,0.10175547994039125,1789558489.3872416,1.083357033926869,0.10139585367775772,0.0036904376666666654,0.0015403250252090804,0.0010513817360676015,0.000385109994357438,0.0009860853749999966,1.0835687170893393,0.10371152622469823,0.00021168316247033303,0.0023156725469405115,0.0023073007067659977,0.9928330675875989,1.775313473472971e-07,0.002571904659853914,-0.008713116692276719,-0.008713116692276719,0.14195253153592158,1.003628413127931,1.7625899217977654e-07,1.0847817652169662,0.10213421965502696,0.006394789958333334,0.0009259717328919019,0.0023729377332757373,0.0011362598218746939,0.005408704583333337,1.088550915634471,0.10101350265076044,0.0037691504175048074,-0.0011207170042665249,-0.0011227096355818978,1.0035711187159864,2.4974536583000596e-08,0.0035887283862991114,-0.011261099433944013,-0.011261099433944013,0.12046879418221738,0.9982251588013316,2.5063723618015236e-08,1.0838335587737877,0.10173632581042151,0.0036904376666666654,-0.0005437133883796842,0.0016000209722585547,0.0010030956382995598,-0.0003055678083333374,1.0829356856864552,0.10265719644597508,-0.0008978730873325791,0.0009208706355535723,0.0009195388019528377,0.9971175691544765,-9.904778593890974e-09,-0.00020280255721288616,-0.00023702723168522543,-0.00023702723168522543,0.17670404202256804,1.0014483712899402,-9.876228754553862e-09]"
/multi_agv/m2b_algorithm_state,1789558489.3973835,1789558489.3973835,m2b_algorithm_state_v1:header6+3x20,"[1.0,-0.15,0.52,1.0859943639859264,0.1017555067787037,1789558489.3973045,1.084359870247999,0.10139583346825184,0.0036904376666666654,0.0015405992901055296,0.001051360110260813,0.0003850023597619515,0.0009860853749999966,1.0844079055140967,0.10254947757078973,4.8035266097645746e-05,0.0011536441025378902,0.0011515478511618423,0.9963817639007836,4.410753638260283e-08,0.0012115919337838995,-0.0032990111655719742,-0.0032990111655719742,0.14195253724475332,1.0018203771332064,4.3947944902215793e-08,1.0857846203934949,0.10213423134502846,0.006394789958333334,0.0009259460057149654,0.0023729699546499727,0.0011362542139116277,0.005408704583333337,1.0895506723316892,0.10101350265076044,0.003766051938194348,-0.0011207286942680195,-0.0011227213670135703,1.0035711558740983,2.4974362558850807e-08,0.0035848435557293648,-0.01124738283837497,-0.01124738283837497,0.12046879084196421,0.9982251404452634,2.506354990040471e-08,1.0848364005843407,0.10173637500789344,0.0036904376666666654,-0.0005439965601968682,0.0016000166196807,0.0010032206497089923,-0.0003055678083333374,1.0839310194084149,0.10241263639016099,-0.0009053811759258679,0.0006762613822675484,0.0006755417861705413,0.9978773067990935,-5.3453803440859545e-09,-0.0004561846837367935,0.0007743339374608211,0.0007743339374608211,0.17670403073448457,1.0010652133024758,-5.3340337415733035e-09]"
/multi_agv/m2b_algorithm_state,1789558489.407264,1789558489.407264,m2b_algorithm_state_v1:header6+3x20,"[1.0,-0.15,0.52,1.086998099832174,0.10175551417724056,1789558489.40718,1.0853605998882176,0.1013958479084535,0.0036904376666666654,0.0015406424067286053,0.0010513599726309046,0.00038498374221401744,0.0009860853749999966,1.0854256089774743,0.10322264078521512,6.500908925666238e-05,0.0018267928767616154,0.0018215633917433968,0.9943144070889313,1.1054683992330486e-07,0.0019028247533142248,-0.00608427457547085,-0.00608427457547085,0.14195253922533932,1.0028708773144663,1.0991831559389588e-07,1.0867853591778012,0.10213426229664874,0.006394789958333334,0.0009258987961274284,0.0023729855756244866,0.0011362665538351552,0.005408704583333337,1.0905878138326734,0.10090048071231181,0.003802454654872278,-0.0012337815843369293,-0.001236198625359192,1.0039364445123755,3.026779823802301e-08,0.003516869693231156,-0.01095156132127012,-0.01095156132127012,0.12046878971078573,0.998044779396547,3.0386945746298765e-08,1.0858371328917602,0.10173641013100881,0.0036904376666666654,-0.000544102579265402,0.001600021251377248,0.0010032641975600515,-0.0003055678083333374,1.0849767344310632,0.10257742481972981,-0.000860398460696965,0.0008410146887209979,0.0008399031542287415,0.9973651289231051,-8.267802712054754e-09,-0.00023559492164246481,-8.472915103193817e-05,-8.472915103193817e-05,0.176704026926006,1.0013234079270452,-8.24601811781929e-09]"
/multi_agv/m2b_algorithm_state,1789558489.4173796,1789558489.4173796,m2b_algorithm_state_v1:header6+3x20,"[1.0,-0.15,0.52,1.0879959936787833,0.10175555856183184,1789558489.4172637,1.0863643256372035,0.10139581718641014,0.0036904376666666654,0.0015409770130744931,0.0010513289415568835,0.0003848548439971064,0.0009860853749999966,1.0866307773275803,0.10488350762862132,0.00026645169037675664,0.003487690442211186,0.0034688683599895702,0.9893500324880111,4.025267306022292e-07,0.003801932972960516,-0.013704612445035695,-0.013704612445035695,0.1419525465555557,1.0054260007207863,3.9823983399860836e-07,1.0877891076599466,0.10213426500851011,0.006394789958333334,0.0009258857429287788,0.0023730234833181374,0.0011362524938086371,0.005408704583333337,1.091597156051004,0.10090048071231181,0.003808048391057417,-0.0012337842961983037,-0.0012362013478066692,1.0039364531413268,3.0267504264519056e-08,0.0035238591410151022,-0.010976277403929252,-0.010976277403929252,0.12046878544348377,0.9980447751390548,3.038665087676124e-08,1.0868408661993716,0.10173646033680145,0.0036904376666666654,-0.0005444299742359683,0.0016000155736910285,0.0010034090675253259,-0.0003055678083333374,1.0859788118134752,0.10199839741298537,-0.0008620543858963714,0.00026193707618392403,0.0002618287784339991,0.9991739230517387,-8.028168382712454e-10,-0.0008157392039364652,0.0022361402077048023,0.0022361402077048023,0.17670401253229245,1.0004136204987575,-8.021536497874735e-10]"
/multi_agv/m2b_algorithm_state,1789558489.4276729,1789558489.4276729,m2b_algorithm_state_v1:header6+3x20,"[1.0,-0.15,0.52,1.0890014615098778,0.1017555541819376,1789558489.4274971,1.0873622211471972,0.10139587809186797,0.0036904376666666654,0.0015407084530356476,0.0010513577231145094,0.0003849562842941521,0.0009860853749999966,1.0875725637103741,0.10534876089153158,0.00021034256317697952,0.003952882799663618,0.003928790480638696,0.9879940762830973,5.167905799705671e-07,0.0041917186846099205,-0.01534246251399988,-0.01534246251399988,0.14195254342559818,1.0061322483710062,5.105860316898266e-07,1.0887869992727326,0.10213432149017046,0.006394789958333334,0.0009258100684942684,0.002373016781848314,0.0011362887850158432,0.005408704583333337,1.0925283385290139,0.10041854998780678,0.003741339256281284,-0.0017157715023636833,-0.0017204630251385657,1.005504274684304,5.8549214001277206e-08,0.0029562110452130393,-0.008737064697748995,-0.008737064697748995,0.12046878727198099,0.9972731045617764,5.887148495769033e-08,1.0878387606164197,0.10173647610345711,0.0036904376666666654,-0.0005442965702401373,0.0016000323996779985,0.0010033424898050836,-0.0003055678083333374,1.086869136264845,0.1015534966348456,-0.0009696243515746605,-0.0001829794686115105,-0.00018303249550007664,1.0005799960164015,-3.917923503990939e-10,-0.0013950629349684023,0.004487276375262654,0.004487276375262654,0.17670401868364186,0.9997102870262394,-3.920195884015819e-10]"
/multi_agv/m2b_algorithm_state,1789558489.4373424,1789558489.4373424,m2b_algorithm_state_v1:header6+3x20,"[1.0,-0.15,0.52,1.0900100800453791,0.10175552976687602,1789558489.4370935,1.0883676752759697,0.10139582157984141,0.0036904376666666654,0.001541205491173741,0.001051308950300678,0.00038476620632777185,0.0009860853749999966,1.0883988991787545,0.10301688357621822,3.122390278487153e-05,0.0016210619963768075,0.0016169376200336994,0.9949428304975987,8.709462956758596e-08,0.0016559674985147889,-0.005104028902731259,-0.005104028902731259,0.14195255385072889,1.0025507331216785,8.665417726311381e-08,1.0897924839815731,0.10213430722225535,0.006394789958333334,0.0009258177406221216,0.0023730674150863607,0.0011362591209532619,0.005408704583333337,1.0935277933110021,0.10041854998780678,0.003735309329429004,-0.00171575723444857,-0.0017204486795965312,1.0055042290829903,5.854872867820879e-08,0.002948687982189724,-0.008710519545453871,-0.008710519545453871,0.12046878119022694,0.9972731269443844,5.887099429337149e-08,1.0888442252720902,0.10173653374371602,0.0036904376666666654,-0.0005447461993801288,0.0016000212592123149,0.0010035431859757808,-0.0003055678083333374,1.0879172190462594,0.1019486680234041,-0.000927006225830862,0.00021213427968808096,0.00021206322202467674,0.9993306083223961,-5.268797151500037e-10,-0.0009466945602639008,0.0027230007658598176,0.0027230007658598176,0.1767039982013873,1.0003350777316586,-5.26527026253584e-10]"
/multi_agv/m2b_algorithm_state,1789558489.4471557,1789558489.4471557,m2b_algorithm_state_v1:header6+3x20,"[1.0,-0.15,0.52,1.0909971671862564,0.1017556414727001,1789558489.4469678,1.089376273557278,0.10139572161093124,0.0036904376666666654,0.0015419785177152472,0.0010512272287888091,0.00038447363597617925,0.0009860853749999966,1.0892891501273068,0.10183441203668761,-8.712342997130307e-05,0.0004386904257563662,0.00043838565694005396,0.9986128606300699,6.386998823273131e-09,0.00032948136947592513,0.0001728201266112748,0.0001728201266112748,0.14195256995176367,1.0006952070887527,6.378139165749672e-09,1.0908011267266666,0.10213426361436931,0.006394789958333334,0.0009258634122273329,0.002373140043862465,0.0011362015424798838,0.005408704583333337,1.0945344064205982,0.10076323479215923,0.003733279693931557,-0.0013710288222100742,-0.0013740166316576036,1.0043811607204725,3.737840765635945e-08,0.003292582985756843,-0.010091882446923965,-0.010091882446923965,0.12046877180668888,0.9978254925168374,3.75421684677773e-08,1.0898528398521927,0.10173660407532749,0.0036904376666666654,-0.0005454044905304806,0.0016000009853232699,0.0010038390814380398,-0.0003055678083333374,1.0889319847477,0.10178388205070735,-0.0009208551044928015,4.727797537985856e-05,4.727444151572925e-05,0.9998505337726026,-2.620487440499054e-11,-0.0011037944391002726,0.0033524393103317725,0.0033524393103317725,0.17670396658638257,1.000074752107397,-2.6200957661273802e-11]"
/multi_agv/m2b_algorithm_state,1789558489.4570382,1789558489.4570382,m2b_algorithm_state_v1:header6+3x20,"[1.0,-0.15,0.52,1.0919966223318005,0.10175567408528911,1789558489.456887,1.0903633837581617,0.10139595285453856,0.0036904376666666654,0.0015405824270040272,0.0010513649418283587,0.00038500715790332207,0.0009860853749999966,1.0901567296301764,0.10237247634247507,-0.00020665412798526184,0.0009765234879365037,0.0009750194880831302,0.9969310910153869,3.160712830205738e-08,0.0007167018281015529,-0.0014532483657208393,-0.0014532483657208393,0.14195254743843436,1.0015425331203691,3.151012890203338e-08,1.0917881840868462,0.1021344179197764,0.006394789958333334,0.0009256758133086972,0.002373050701769186,0.0011363293412289255,0.005408704583333337,1.0955388589831194,0.10076323479215923,0.0037506748962732317,-0.0013711831276171649,-0.0013741716068818891,1.004381652329633,3.737922408882353e-08,0.0033141720134596507,-0.010168264186382529,-0.010168264186382529,0.12046878494262796,0.9978252503182587,3.7543006853132196e-08,1.0908399337137615,0.10173655364378531,0.0036904376666666654,-0.000544408065901386,0.001600060465280462,0.0010033762238667579,-0.0003055678083333374,1.0899004668294232,0.10100521710667174,-0.0009394668843383247,-0.0007313365371135749,-0.000732187147483591,1.002332624734876,-6.262371954057525e-09,-0.0019065207529064968,0.006534563837017468,0.006534563837017468,0.17670401084768764,0.9988382609925077,-6.276979717776554e-09]"
/multi_agv/m2b_algorithm_state,1789558489.4670663,1789558489.4670663,m2b_algorithm_state_v1:header6+3x20,"[1.0,-0.15,0.52,1.0929962335257364,0.10175570521574508,1789558489.4669216,1.0913628374890454,0.10139598639980817,0.0036904376666666654,0.0015404861218345964,0.0010513789042504653,0.00038504164031072634,0.0009860853749999966,1.0912987587042484,0.1033015531293519,-6.40787847969726e-05,0.0019055667295437284,0.0018998799301730325,0.9940745884176522,1.2026699717853958e-07,0.0018197814491768168,-0.005825365946786143,-0.005825365946786143,0.14195254707775098,1.0029932414571998,1.1955436572048367e-07,1.0927876411841149,0.10213445797152403,0.006394789958333334,0.000925617305908814,0.0023730565569433093,0.0011363516587047512,0.005408704583333337,1.0963783302113217,0.10163264183600518,0.003590689027206828,-0.0005018161355188483,-0.0005022137676357213,1.0015877939347815,5.003169836174845e-09,0.003986147516372814,-0.012974798278227635,-0.012974798278227635,0.12046878513598681,0.999208241305799,5.011113838895405e-09,1.091839388322241,0.10173657788453513,0.0036904376666666654,-0.0005444033702088863,0.0016000709690795487,0.0010033687257405173,-0.0003055678083333374,1.0906652805778554,0.10129647820270819,-0.001174107744385644,-0.0004400996818269415,-0.0004404070363376914,1.0013990793483265,-2.267335008245708e-09,-0.0019080417168197464,0.006416387873971875,0.006416387873971875,0.17670401148182602,0.9993021126244808,-2.270507189831482e-09]"
/multi_agv/m2b_algorithm_state,1789558489.4769948,1789558489.4769948,m2b_algorithm_state_v1:header6+3x20,"[1.0,-0.15,0.52,1.0939953701079663,0.10175573887318123,1789558489.476824,1.0923624469256488,0.1013960166534057,0.0036904376666666654,0.0015404097988394633,0.0010513913821152956,0.0003850682333806973,0.0009860853749999966,1.0922546516048588,0.10208773346099707,-0.00010779532078997178,0.0006917168075913777,0.0006909605383344669,0.9978190879476473,1.586047790249308e-08,0.0005562163873470021,-0.0007509310097385648,-0.0007509310097385648,0.14195254702634016,1.0010945187387021,1.582588759507946e-08,1.0937872548264196,0.10213449600545799,0.006394789958333334,0.000925560717747945,0.0023730639020496103,0.0011363723691387023,0.005408704583333337,1.0973140391652743,0.10070333503285632,0.0035267843388546716,-0.0014311609726016666,-0.001434418090262678,1.004576422567813,4.071735775356689e-08,0.0029740623333056613,-0.008937837416727774,-0.008937837416727774,0.12046878517509582,0.9977293108033692,4.0903697588492035e-08,1.0928389988251408,0.10173660298837157,0.0036904376666666654,-0.0005444134448945154,0.00160008077459648,0.0010033679933278113,-0.0003055678083333374,1.0918000870779425,0.1026307893043519,-0.001038911747198279,0.0008941863159803304,0.0008929302999238933,0.9972002516821847,-9.351259980744205e-09,-0.00040570938407395534,0.0004968521771626612,0.0004968521771626612,0.1767040116166226,1.0014066227302894,-9.325078806343664e-09]"
/multi_agv/m2b_algorithm_state,1789558489.4872303,1789558489.4872303,m2b_algorithm_state_v1:header6+3x20,"[1.0,-0.15,0.52,1.0949968214175057,0.10175575735307836,1789558489.48708,1.093361582676735,0.10139605332784445,0.0036904376666666654,0.0015402899690934646,0.0010514087993519707,0.00038511111578040896,0.0009860853749999966,1.093160336494717,0.10062943967897998,-0.00020124618201800004,-0.0007666136488644615,-0.000767552866949445,1.002457402861759,1.9499458179689985e-08,-0.001019110594471945,0.005492379667658423,0.005492379667658423,0.14195254611064753,0.9987763473691181,1.9547376204023506e-08,1.0947863927730301,0.10213453784412303,0.006394789958333334,0.0009254991892154989,0.0023730679951912137,0.0011363969128253687,0.005408704583333337,1.0982061749404075,0.10031376653457195,0.003419782167377372,-0.001820771309551078,-0.0018260588070046118,1.0058480575589226,6.591691098263855e-08,0.0024486689022171033,-0.006896578415377786,-0.006896578415377786,0.12046878570509822,0.997104421044245,6.63023968721714e-08,1.093838134874134,0.10173662544757625,0.0036904376666666654,-0.0005443899028312288,0.0016000922121500736,0.001003351840163222,-0.0003055678083333374,1.0928423977071595,0.10213295198128187,-0.0009957371669744308,0.00039632653370562376,0.0003960788555334738,0.9987520112353448,-1.8376185618041154e-09,-0.0008485926031845648,0.002293735199084572,0.002293735199084572,0.17670401340813108,1.0006253254085387,-1.8353252344852621e-09]"
/multi_agv/m2b_algorithm_state,1789558489.4971848,1789558489.4971848,m2b_algorithm_state_v1:header6+3x20,"[1.0,-0.15,0.52,1.0959940640128163,0.10175580217953872,1789558489.497044,1.0943630284376,0.10139605383429807,0.0036904376666666654,0.00154040471629543,0.001051402585274318,0.0003850646096723027,0.0009860853749999966,1.0936528774230418,0.09995904412428744,-0.0007101510145581802,-0.0014370097100106366,-0.0014403266081106682,1.004641430367337,6.855184253360339e-08,-0.0023280153763083934,0.010406006816424193,0.010406006816424193,0.14195254934378504,0.9976971208603982,6.887002113727576e-08,1.095787851324518,0.10213455773206331,0.006394789958333334,0.0009254633753751733,0.002373089721037669,0.0011364011369548177,0.005408704583333337,1.0992094933711605,0.10031376653457195,0.0034216420466424147,-0.0018207911974913588,-0.0018260788098265648,1.0058481211835524,6.591579505781605e-08,0.0024509737484764535,-0.006904734098833961,-0.006904734098833961,0.12046878381534576,0.9971043898506724,6.630127861522436e-08,1.0948395844903984,0.10173666049287373,0.0036904376666666654,-0.0005445446853216784,0.0016000951468182253,0.0010034174080388726,-0.0003055678083333374,1.0938240356975355,0.10170803365100003,-0.0010155487928629192,-2.862684187369957e-05,-2.8628138243035896e-05,1.0000905800302748,-9.592878942902926e-12,-0.001298064129321685,0.004075999508934787,0.004075999508934787,0.17670400706317407,0.9999547169527645,-9.593747866167997e-12]"
/multi_agv/m2b_algorithm_state,1789558489.50722,1789558489.50722,m2b_algorithm_state_v1:header6+3x20,"[1.0,-0.15,0.52,1.0969958708803833,0.10175581741772104,1789558489.5070899,1.0953602739296442,0.10139611896473011,0.0036904376666666654,0.0015400947343614441,0.0010514393674474483,0.0003851798432505935,0.0009860853749999966,1.0947301858084,0.10075875486419138,-0.00063008812124421,-0.0006373641005387315,-0.0006380126809451178,1.0020400995110783,1.3475685522856901e-08,-0.0014256228325003804,0.006875811350030762,0.006875811350030762,0.1419525450353834,0.9989834364962378,1.3503177262303527e-08,1.0967850906267174,0.10213461599442433,0.006394789958333334,0.0009253822487144472,0.0023730798417032073,0.001136441444656841,0.005408704583333337,1.1000157036126934,0.10219787749318777,0.0032306129859760446,6.326149876344223e-05,6.325520653878673e-05,0.9998011204095686,7.94611106668631e-11,0.004101521439008843,-0.013666715078558201,-0.013666715078558201,0.12046878633386474,1.000099473624383,7.944530747371845e-11,1.0958368274820873,0.10173667157946172,0.0036904376666666654,-0.0005443751112578226,0.0016001137956213503,0.0010033342034727801,-0.0003055678083333374,1.0943241420971541,0.10262732634595845,-0.00151268538493321,0.0008906547664967318,0.0008894086197294744,0.9972111993129099,-9.276908372176127e-09,-0.0010014481114370383,0.002619927399344237,0.002619927399344237,0.17670401552326712,1.001401095896323,-9.25103692373373e-09]"
/multi_agv/m2b_algorithm_state,1789558489.5172489,1789558489.5172489,m2b_algorithm_state_v1:header6+3x20,"[1.0,-0.15,0.52,1.0979951072891216,0.1017558487409629,1789558489.5170343,1.0963620744630236,0.10139611217939601,0.0036904376666666654,0.0015402542294635229,0.001051429660866621,0.0003851157572176602,0.0009860853749999966,1.0958370476966963,0.10137209038739708,-0.0005250267663272634,-2.4021791998923847e-05,-2.4022709030787626e-05,1.0000763569373257,1.913578915276001e-11,-0.0006803061669398669,0.003965944915294459,0.003965944915294459,0.14195254891974168,0.9999618264591806,1.9137250303013025e-11,1.0977869058496443,0.10213463143038749,0.006394789958333334,0.0009253508021798392,0.0023731049077826416,0.0011364420379993967,0.005408704583333337,1.1010313423378992,0.10219787749318777,0.003244436488254898,6.324606280028178e-05,6.32397736464746e-05,0.9998011689435355,7.941963432584294e-11,0.004118785383965097,-0.013728039355999526,-0.013728039355999526,0.12046878407752158,1.0000994493408901,7.940384323604591e-11,1.0968386323284824,0.10173670864337958,0.0036904376666666654,-0.0005445631405489137,0.0016001151546588543,0.0010034150023756705,-0.0003055678083333374,1.095446737891261,0.10374817081887495,-0.0013918944372215414,0.0020114621754953738,0.002005160290325925,0.9937820270874778,-4.7293802141705994e-08,0.0002652922437989982,-0.0024036885924847077,-0.0024036885924847077,0.17670400791429858,1.0031428336177675,-4.699973056105868e-08]"
/multi_agv/m2b_algorithm_state,1789558489.5272841,1789558489.5272841,m2b_algorithm_state_v1:header6+3x20,"[1.0,-0.15,0.52,1.098994499125997,0.10175587858693792,1789558489.5271072,1.0973613096722337,0.10139614581597203,0.0036904376666666654,0.0015401463886441798,0.0010514461892387576,0.00038515390519019955,0.0009860853749999966,1.097131450319787,0.10115244303645272,-0.00022985935244657085,-0.00024370277951930863,-0.00024379731969022134,1.0007765798204347,1.9696666019369535e-09,-0.0005311215102484349,0.003533579202499784,0.003533579202499784,0.14195254818196473,0.9996122181694498,1.9711962052730018e-09,1.0987861440687086,0.10213467026999079,0.006394789958333334,0.0009252922693832738,0.0023731103387611974,0.001136464587083677,0.005408704583333337,1.1021904358856522,0.10019454956615317,0.003404291816943683,-0.0019401207038376167,-0.001946129520707546,1.006239811404463,7.483079214192953e-08,0.002309235250472058,-0.0063484232916373,-0.0063484232916373,0.12046878450165323,0.9969124270476382,7.529772217214175e-08,1.0978378681264223,0.10173673013692587,0.0036904376666666654,-0.0005445466671536365,0.0016001265931790982,0.0010034019126999635,-0.0003055678083333374,1.0968533723227973,0.10289251152417789,-0.0009844958036249185,0.0011557813872520167,0.0011536871486808303,0.9963919887288298,-1.5623914038725602e-08,-7.693260585031787e-05,-0.0007923041629874842,-0.0007923041629874842,0.17670400934583777,1.0018152569122236,-1.5567542780774087e-08]"
/multi_agv/m2b_algorithm_state,1789558489.5372531,1789558489.5372531,m2b_algorithm_state_v1:header6+3x20,"[1.0,-0.15,0.52,1.0999958384598807,0.10175589562428523,1789558489.537082,1.098360699967656,0.10139617606018574,0.0036904376666666654,0.0015400594195920229,0.0010514612131009124,0.0003851837885987608,0.0009860853749999966,1.0980348858045157,0.10005619040102888,-0.00032581416314036993,-0.001339985659156856,-0.0013428676604150525,1.0043233020707591,5.9590086007726635e-08,-0.0017501353643405149,0.008323641339660294,0.008323641339660294,0.14195254771838473,0.9978538456594407,5.984771194996056e-08,1.0997855382244957,0.10213470709709423,0.006394789958333334,0.0009252356097393579,0.0023731172954961632,0.0011364855304688837,0.005408704583333337,1.1032124046804923,0.10142122804818818,0.0034268664559966577,-0.0007134790489060489,-0.0007142841522307349,1.0022629538955965,1.011117688876444e-08,0.0035692989177650873,-0.011393624597686279,-0.011393624597686279,0.12046878477302884,0.9988728528805073,1.0134058015893933e-08,1.098837259185839,0.10173675260353383,0.0036904376666666654,-0.0005445456911412597,0.0016001372766252919,0.0010033959334150733,-0.0003055678083333374,1.0978398329298145,0.102796341070289,-0.0009974262560246139,0.0010595884667551625,0.001057827031437943,0.9966886373812476,-1.3132341374615317e-08,-0.00018895578859282427,-0.0003496573056881549,-0.0003496573056881549,0.1767040102516519,1.001665144929058,-1.308885543029072e-08]"
/multi_agv/m2b_algorithm_state,1789558489.5472188,1789558489.5472188,m2b_algorithm_state_v1:header6+3x20,"[1.0,-0.15,0.52,1.1009955369477396,0.10175592281379912,1789558489.5470862,1.0993620337811238,0.10139617599773254,0.0036904376666666654,0.001540168583778877,0.0010514563235658678,0.00038513901353425797,0.0009860853749999966,1.0990357199363123,0.09999067136745375,-0.00032631384481152104,-0.0014055046302787894,-0.0014086769231168759,1.0045380487893516,6.556744326861866e-08,-0.0018165692291312772,0.008586152863374703,0.008586152863374703,0.14195255075583382,0.9977480337854422,6.58649915251647e-08,1.1007868848079871,0.10213472540009161,0.006394789958333334,0.0009252007536457146,0.002373139044319794,0.001136489327419124,0.005408704583333337,1.1043789416783965,0.1026369270973512,0.0035920568704093103,0.0005022016972595911,0.000501806485316621,0.9984290921416288,5.005102046796851e-09,0.004991877573328259,-0.017053348232475563,-0.017053348232475563,0.12046878299705618,1.0007875783883518,4.997239492659588e-09,1.0998385967905306,0.10173678547503155,0.0036904376666666654,-0.000544693706746978,0.0016001408888538411,0.0010034582155496585,-0.0003055678083333374,1.0989567716610005,0.10375471865657292,-0.0008818251295301671,0.002017933181541365,0.0020115910032800065,0.993762493065899,-4.760975454061161e-08,0.0009093095913672977,-0.004709033985744293,-0.004709033985744293,0.17670400428158387,1.0031528169747315,-4.7312788366533695e-08]"
/multi_agv/m2b_algorithm_state,1789558489.5573916,1789558489.5573916,m2b_algorithm_state_v1:header6+3x20,"[1.0,-0.15,0.52,1.1019946996300014,0.1017559529587491,1789558489.5572383,1.1003617300147932,0.10139620180706697,0.0036904376666666654,0.0015401058145054869,0.001051468184230808,0.00038516005257183366,0.0009860853749999966,1.1001411519189248,0.10108126930713729,-0.0002205780958683956,-0.00031493249992968486,-0.00031509046609919995,1.001004369790353,3.2894000153131156e-09,-0.0005908130859346944,0.0037767252521836974,0.0037767252521836974,0.1419525508603071,0.9994986640774292,3.292703789316883e-09,1.1017865863564031,0.10213475849875685,0.006394789958333334,0.0009251488426864716,0.0023731482259909953,0.0011365070548731704,0.005408704583333337,1.1053979982735882,0.1026369270973512,0.003611411917185059,0.0005021685985943519,0.0005017734388233821,0.9984291957924546,5.004160902626866e-09,0.0050160383353047054,-0.017139304041529323,-0.017139304041529323,0.12046878294933001,1.0007875262825718,4.996300345625786e-09,1.100838294472022,0.10173680813557355,0.0036904376666666654,-0.00054470997228684,0.0016001510381563177,0.0010034599877447683,-0.0003055678083333374,1.1000252226464142,0.10418980400547617,-0.0008130718256078584,0.0024529958699026216,0.0024436551893631366,0.9924554801692921,-7.033130560143616e-08,0.0014273154073533136,-0.0067667650682867,-0.0067667650682867,0.17670400410409723,1.0038224216657667,-6.980068967160655e-08]"
/multi_agv/m2b_algorithm_state,1789558489.5671663,1789558489.5671663,m2b_algorithm_state_v1:header6+3x20,"[1.0,-0.15,0.52,1.1029954908957602,0.10175597230418383,1789558489.5670314,1.101360891498606,0.1013962350940282,0.0036904376666666654,0.0015399926878782795,0.0010514855913878567,0.0003852000346261453,0.0009860853749999966,1.101245870947031,0.10211188643149155,-0.0001150205515749736,0.0007156513374633466,0.0007148419756917687,0.9977442462877982,1.6972159584608997e-08,0.0005710662862230517,-0.0008151826196924894,-0.0008151826196924894,0.14195254999230456,1.0011322247421113,1.6933874572621934e-08,1.1027857508421046,0.10213479601438781,0.006394789958333334,0.000925091342778973,0.002373153636309855,0.0011365291669161587,0.005408704583333337,1.1061304390536586,0.10048439111152645,0.003344688211553981,-0.0016504049028613632,-0.0016547435855662268,1.0052906191908333,5.4128517873049944e-08,0.0025261166788762496,-0.00725143746043037,-0.00725143746043037,0.12046878345091867,0.997378033223571,5.4414891248480466e-08,1.1018374565492934,0.10173682776783126,0.0036904376666666654,-0.0005446873841288996,0.0016001630647194285,0.0010034439415762073,-0.0003055678083333374,1.1009067480590191,0.10348024887320818,-0.0009307084902743235,0.0017434211053769244,0.0017386771884372319,0.9945940364688158,-3.554426409717308e-08,0.0005752915755943275,-0.0033881037575855207,-0.0033881037575855207,0.17670400581060414,1.0027284633232902,-3.535211310172098e-08]"
/multi_agv/m2b_algorithm_state,1789558489.5773566,1789558489.5773566,m2b_algorithm_state_v1:header6+3x20,"[1.0,-0.15,0.52,1.1039952636892563,0.10175599780319482,1789558489.5772185,1.1023616782464212,0.10139624266524362,0.0036904376666666654,0.0015400460699161256,0.0010514863996256897,0.0003851764753261958,0.0009860853749999966,1.1021883990259782,0.10081666975584674,-0.00017327922044296784,-0.0005795729093968777,-0.0005801089704923804,1.0018539020254853,1.1141933258250924e-08,-0.0007967079960460902,0.004622851911579353,0.004622851911579353,0.14195255205310855,0.9990759303462454,1.1162589310886218e-08,1.1037865480724827,0.10213481794754804,0.006394789958333334,0.0009250519631350913,0.0023731715301671397,0.0011365369300925937,0.005408704583333337,1.107131818664906,0.10048439111152645,0.0033452705924232884,-0.0016504268360215957,-0.0016547656334770762,1.0052906892482028,5.412764773289799e-08,0.0025268226070520343,-0.007253957765378232,-0.007253957765378232,0.12046878225342048,0.9973779988128206,5.4414020296788936e-08,1.102838246368377,0.10173685629975987,0.0036904376666666654,-0.0005447912481425601,0.0016001690428440359,0.0010034858546687387,-0.0003055678083333374,1.1019365516723267,0.10395622028864655,-0.0009016946960502814,0.002219363988886683,0.0022117042309433973,0.9931557089938214,-5.759069701507042e-08,0.0010845858608805456,-0.005430169586086917,-0.005430169586086917,0.17670400175623796,1.0034632831262515,-5.719652952545062e-08]"
/multi_agv/m2b_algorithm_state,1789558489.5873272,1789558489.5873272,m2b_algorithm_state_v1:header6+3x20,"[1.0,-0.15,0.52,1.105002994593488,0.10175597211688146,1789558489.5871985,1.1033614485383507,0.10139626614701731,0.0036904376666666654,0.0015399930528740553,0.0010514976115612463,0.0003851936245594294,0.0009860853749999966,1.103112729270275,0.10007884053712256,-0.00024871926807579214,-0.0013174256098947568,-0.0013202109071938665,1.0042494263249764,5.7597071436861354e-08,-0.0016311099922886067,0.007893465624536624,0.007893465624536624,0.14195255226933623,0.9978902633784249,5.78418259484667e-08,1.1047863242455875,0.10213484888517661,0.006394789958333334,0.0009250021598601619,0.002373181668994473,0.0011365532459453737,0.005408704583333337,1.1085139217755478,0.10209680661676732,0.0037275975299602138,-3.804226840929681e-05,-3.804454555792117e-05,1.000119734084243,2.872501309545271e-11,0.004621452366892346,-0.015461851392766481,-0.015461851392766481,0.1204687821214249,0.9999401452010804,2.8728452458590562e-11,1.1038380182838299,0.10173687837739054,0.0036904376666666654,-0.0005448133825398508,0.0016001790940550313,0.0010034902218163519,-0.0003055678083333374,1.1032550199026216,0.10437872484577124,-0.0005829983812082329,0.0026418464683806986,0.0026310277902484407,0.9918922738886929,-8.158139297784975e-08,0.0019022798137381496,-0.008557882156180797,-0.008557882156180797,0.17670400131404157,1.004111958897719,-8.091995338780644e-08]"
/multi_agv/m2b_algorithm_state,1789558489.5971744,1789558489.5971744,m2b_algorithm_state_v1:header6+3x20,"[1.0,-0.15,0.52,1.1059956874525163,0.1017560421887278,1789558489.5970664,1.104369160685308,0.10139616791101139,0.0036904376666666654,0.0015407317032316097,0.0010514267305270493,0.000384910316243503,0.0009860853749999966,1.1043057957976021,0.10046878407913887,-6.336488770597448e-05,-0.0009273838318725192,-0.0009287599616870488,1.002978166261096,2.854700857799022e-08,-0.001007966071319517,0.005523249956573096,0.005523249956573096,0.14195256677845913,0.9985183148808117,2.8632026315792405e-08,1.1057940784452085,0.10213480541440992,0.006394789958333334,0.000925041375487299,0.0023732515551615485,0.0011364998925853798,0.005408704583333337,1.1095018345608685,0.10170302046870465,0.003707756115659988,-0.0004317849457052686,-0.00043207918048255927,1.001365112831202,3.701682079586645e-09,0.0042026159640924255,-0.013777585535101933,-0.013777585535101933,0.12046877366741866,0.9993190257929991,3.7067352932905194e-09,1.1048457446499473,0.10173694302522307,0.0036904376666666654,-0.0005454380907134689,0.0016001605338559662,0.0010037706685774904,-0.0003055678083333374,1.1042519437339178,0.10387582765732137,-0.0005938009160295632,0.002138884632098298,0.0021317659680259653,0.993397810711547,-5.355636124218559e-08,0.0013895148229890113,-0.006483577349111841,-0.006483577349111841,0.1767039728355559,1.0033393271959044,-5.320277200766391e-08]"
/multi_agv/m2b_algorithm_state,1789558489.6073081,1789558489.6073081,m2b_algorithm_state_v1:header6+3x20,"[1.0,-0.15,0.52,1.1069966598175254,0.10175605894157203,1789558489.6072502,1.1053618651273867,0.10139630416031355,0.0036904376666666654,0.0015399328309844236,0.0010515095522820581,0.0003852135179500972,0.0009860853749999966,1.1053853533282592,0.10158981193738592,2.3488200872501253e-05,0.0001935077770723742,0.00019344836781518384,0.9993864253704854,1.2412949795706896e-09,0.0002228086189058104,0.00066128863908271,0.00066128863908271,0.14195255430628637,1.000307106531119,1.240533352463481e-09,1.106786756485507,0.10213490103115976,0.006394789958333334,0.0009249179403200743,0.00237320709897193,0.0011365765272958739,0.005408704583333337,1.1103404101596734,0.10021480325349343,0.0035536536741664904,-0.0019200977776663297,-0.0019259822956468517,1.006173993979556,7.326349313350052e-08,0.002516084797061261,-0.007087593624679136,-0.007087593624679136,0.12046878094445813,0.9969446666286486,7.371582149902799e-08,1.1058384407446553,0.10173692137471009,0.0036904376666666654,-0.0005448896149182572,0.0016001988169291551,0.001003513008629125,-0.0003055678083333374,1.1052835031083055,0.10398290611001895,-0.0005549376363498393,0.002245984735308862,0.0022381417195655702,0.993075736180586,-5.899002280998547e-08,0.0015444696741282711,-0.00708802769214836,-0.00708802769214836,0.17670399734412146,1.0035042534057288,-5.858156032933588e-08]"
/multi_agv/m2b_algorithm_state,1789558489.617376,1789558489.617376,m2b_algorithm_state_v1:header6+3x20,"[1.0,-0.15,0.52,1.1079964511858362,0.10175608291246001,1789558489.6172862,1.1063628325347885,0.10139630837777007,0.0036904376666666654,0.0015400000378327033,0.0010515087841881142,0.0003851847860225962,0.0009860853749999966,1.1064838111750104,0.10225935749921261,0.00012097864022186933,0.0008630491214425412,0.0008618733442628044,0.9972842095887533,2.468091245019101e-08,0.001013096644540141,-0.0024568500380767314,-0.0024568500380767314,0.14195255668823184,1.0013642110961705,2.4613884264817963e-08,1.1077877352791021,0.102134919570884,0.006394789958333334,0.0009248824325769917,0.0023732263847304758,0.0011365818879359307,0.005408704583333337,1.1112702294480334,0.09983400832487292,0.003482494168931316,-0.0023009112460110753,-0.002309385800540212,1.00743044503416,1.052282233248883e-07,0.002043731910623933,-0.005243230211750121,-0.005243230211750121,0.12046877954945852,0.9963303859722553,1.0601011585434619e-07,1.1068394116386853,0.101736948876062,0.0036904376666666654,-0.0005450015436272875,0.0016002046877858778,0.0010035584732518295,-0.0003055678083333374,1.1063410558823288,0.10432060082275597,-0.0004983557563564833,0.0025836519466939795,0.002573300062738141,0.992065570494916,-7.805716173035888e-08,0.0019503553672925366,-0.008702329498527686,-0.008702329498527686,0.17670399266688966,1.0040228048433746,-7.743782268324241e-08]"
/multi_agv/m2b_algorithm_state,1789558489.6273189,1789558489.6273189,m2b_algorithm_state_v1:header6+3x20,"[1.0,-0.15,0.52,1.1090036760620958,0.10175605907036278,1789558489.6272528,1.1073626212976786,0.10139633110157573,0.0036904376666666654,0.0015399438888700585,0.0010515200891636476,0.0003852032444134402,0.0009860853749999966,1.1070852969233225,0.10108316029408412,-0.0002773243743561249,-0.00031317080749160287,-0.0003133270089635939,1.0009987297725396,3.252354075902187e-09,-0.00065998247690875,0.0040210641066125135,0.0040210641066125135,0.1419525569416819,0.9995014746015427,3.255602298748631e-09,1.108787530066516,0.1021349486567758,0.006394789958333334,0.0009248347266166759,0.002373236642039478,0.0011365972329474006,0.005408704583333337,1.1121629684509247,0.10011408323632875,0.00337543838440868,-0.002020865420447049,-0.002027388765718861,1.006505424344894,8.115313845485014e-08,0.002191909214791989,-0.005897113394123403,-0.005897113394123403,0.12046877939323249,0.9967823905399322,8.168107405741889e-08,1.1078392021933139,0.10173696897902848,0.0036904376666666654,-0.0005450187998887438,0.0016002152489001057,0.0010035604605833888,-0.0003055678083333374,1.1071136055187285,0.10330523582584968,-0.0007255966745853826,0.0015682668468211952,0.0015644231373302029,0.9951273946438416,-2.8782223926360472e-08,0.0006574272940984747,-0.0036007587607422543,-0.0036007587607422543,0.17670399215593727,1.0024569500407363,-2.864197950789474e-08]"
/multi_agv/m2b_algorithm_state,1789558489.6373703,1789558489.6373703,m2b_algorithm_state_v1:header6+3x20,"[1.0,-0.15,0.52,1.1100029274097347,0.10175608650666777,1789558489.6373472,1.108369828398259,0.10139624011736686,0.0036904376666666654,0.0015406272614337901,0.0010514547700398932,0.0003849410039066996,0.0009860853749999966,1.1080529519881468,0.10104896618845223,-0.00031687641011224343,-0.0003472739289146348,-0.00034746605198326675,1.0011079174342723,4.001131186716472e-09,-0.000743561564623571,0.004333117322161201,0.004333117322161201,0.141952570528624,0.9994470738435157,4.005564109715046e-09,1.1097947769574654,0.10213490824871667,0.006394789958333334,0.0009248701200820272,0.0023733026861083584,0.0011365475350616633,0.005408704583333337,1.1131662123798345,0.10011408323632875,0.0033714354223690624,-0.002020825012387914,-0.002027348098359525,1.0065052948354127,8.115301149080611e-08,0.002186946179601803,-0.0058796048468806325,-0.0058796048468806325,0.1204687714677071,0.9967824538978336,8.168093575733543e-08,1.1088464228305634,0.10173702884500481,0.0036904376666666654,-0.0005455988875212752,0.0016001990687477992,0.0010038203276516193,-0.0003055678083333374,1.1080690864305176,0.10245800967882532,-0.0007773364000458471,0.0007209808338205087,0.0007201632060182451,0.9977381131592815,-6.0933913242293305e-09,-0.0002515072940390638,2.4334271411810223e-05,2.4334271411810223e-05,0.17670396544905242,1.0011353368173086,-6.079608762577708e-09]"
/multi_agv/m2b_algorithm_state,1789558489.6472137,1789558489.6472137,m2b_algorithm_state_v1:header6+3x20,"[1.0,-0.15,0.52,1.1109960575761806,0.10175615193719127,1789558489.6470718,1.109369078117066,0.10139627701407565,0.0036904376666666654,0.0015404685849902348,0.0010514712854924999,0.0003850011938862025,0.0009860853749999966,1.1090932421867024,0.10167415640510458,-0.00027583593036362153,0.0002778793910289262,0.0002777569596825117,0.999119743878519,2.560448734115813e-09,-6.703795327201519e-05,0.0016535281958692375,0.0016535281958692375,0.1419525698257494,1.0004407858818531,2.5581948834438693e-09,1.1107940296470613,0.10213494220391744,0.006394789958333334,0.0009248201762234228,0.0023733067119795503,0.00113656709174903,0.005408704583333337,1.114123755191262,0.09969554261199474,0.0033297255442006346,-0.0024393995919227,-0.002448934980162328,1.0078900179716268,1.1827914952051286e-07,0.0017132219500884654,-0.004015193742881865,-0.004015193742881865,0.12046877187900261,0.9961063122063798,1.1921237413589844e-07,1.109845674465077,0.10173704030201021,0.0036904376666666654,-0.0005455356744424223,0.0016002144536647733,0.0010037849247470448,-0.0003055678083333374,1.1091487435222398,0.10330876428349682,-0.0006969309428372927,0.0015717239814866113,0.0015678634122742138,0.995116851406,-2.8936594659458165e-08,0.0006966997337275978,-0.00374305307194013,-0.00374305307194013,0.1767039668137235,1.0024623122028198,-2.8795292967931685e-08]"
/multi_agv/m2b_algorithm_state,1789558489.6572278,1789558489.6572278,m2b_algorithm_state_v1:header6+3x20,"[1.0,-0.15,0.52,1.1119954905656446,0.1017561765880587,1789558489.6571035,1.1103622189975808,0.10139640418979456,0.0036904376666666654,0.001539721056627821,0.001051550336161354,0.00038528410144919264,0.0009860853749999966,1.110193083662532,0.10212123382411739,-0.00016913533504880895,0.0007248296343228267,0.000723999438807092,0.9977155600212209,1.740709169471448e-08,0.0005125802699960808,-0.0006115141847631176,-0.0006115141847631176,0.14195255814326257,1.0011466797779602,1.73673262385328e-08,1.111787146245636,0.10213503166276096,0.006394789958333334,0.0009247027333790514,0.0023732660083661816,0.0011366391767090728,0.005408704583333337,1.1151161529359557,0.09969554261199474,0.003329006690319769,-0.0024394890507662137,-0.002449025133318636,1.0078903057989852,1.1827276215659347e-07,0.0017122332295810751,-0.004011790212535296,-0.004011790212535296,0.12046877869695446,0.9961061720344616,1.1920597041769963e-07,1.1108388074853248,0.10173701995901828,0.0036904376666666654,-0.0005450234453263018,0.001600250990285313,0.0010035438849981715,-0.0003055678083333374,1.1102084916424542,0.10333826558918482,-0.0006303158428706546,0.001601245630166545,0.0015972395720475227,0.9950268114575599,-3.0004990276752345e-08,0.0008093447684592045,-0.004158321607005824,-0.004158321607005824,0.1767039898055831,1.0025081134910068,-2.985576980289197e-08]"
/multi_agv/m2b_algorithm_state,1789558489.6672094,1789558489.6672094,m2b_algorithm_state_v1:header6+3x20,"[1.0,-0.15,0.52,1.112995695394709,0.10175619592888292,1789558489.6671448,1.1113616501367782,0.10139642960926637,0.0036904376666666654,0.0015396418532972965,0.001051565915737739,0.0003853103295949896,0.0009860853749999966,1.110962682603138,0.1017056436043538,-0.0003989675336402154,0.00030921399508743175,0.00030906243171245715,0.9990208341178146,3.1686817988499853e-09,-0.00018964698533781212,0.0020743371451573864,0.0020743371451573864,0.14195255778047183,1.0004903972771289,3.1655791337410494e-09,1.112786581979736,0.10213506226211513,0.006394789958333334,0.000924651687248779,0.0023732742422735154,0.0011366570221692657,0.005408704583333337,1.1158351852337243,0.09860752415185692,0.003048603253988258,-0.003527538110258216,-0.0035476424624480683,1.0115504556072767,2.474615554637942e-07,0.00026311160503725414,0.001571469117722679,0.001571469117722679,0.12046877892238042,0.9943330387989608,2.503198491746864e-07,1.1118382395804203,0.10173703789279463,0.0036904376666666654,-0.0005450209303524104,0.001600262347811166,0.0010035368878186161,-0.0003055678083333374,1.110941214510679,0.10210213914848415,-0.0008970250697413196,0.0003651012556895178,0.000364891018951813,0.9988499334753052,-1.5613044724462585e-09,-0.0007563903182248365,0.0019791222697398835,0.0019791222697398835,0.17670399055842922,1.0005761630919519,-1.5595088684376418e-09]"
/multi_agv/m2b_algorithm_state,1789558489.6769333,1789558489.6769333,m2b_algorithm_state_v1:header6+3x20,"[1.0,-0.15,0.52,1.1139945328868113,0.1017562235942172,1789558489.6768491,1.112361851525538,0.10139644259181607,0.0036904376666666654,0.0015396424850124303,0.001051573610672207,0.0003853060534271754,0.0009860853749999966,1.1118723734571676,0.10079884248379357,-0.0004894780683704081,-0.0005976001080224974,-0.0005981701114839692,1.0019119516023318,1.1842868551437199e-08,-0.0012100176969469792,0.006094482426467025,0.006094482426467025,0.14195255877170437,0.9990470880264184,1.1865511542940325e-08,1.1137867915539676,0.10213508523895815,0.006394789958333334,0.0009246094426621377,0.0023732884777754037,0.0011366679302256266,0.005408704583333337,1.1168089969532866,0.09860752415185692,0.003022205399318967,-0.0035275610871012275,-0.003547665698464657,1.011550530279697,2.4745345087585126e-07,0.00023009105068405155,0.001687173511157247,0.001687173511157247,0.12046877833081529,0.9943330028609711,2.503116694530083e-07,1.1128384431046219,0.10173705995587459,0.0036904376666666654,-0.0005450788385629297,0.0016002708268656358,0.001003557579481746,-0.0003055678083333374,1.1119973517340702,0.10262269756685725,-0.0008410913705516609,0.0008856376109826619,0.0008844054235786509,0.9972267647637345,-9.184561585189804e-09,-0.0001669587896109253,-0.0003501763000198503,-0.0003501763000198503,0.1767039885800618,1.0013932381814499,-9.159090635372106e-09]"
/multi_agv/m2b_algorithm_state,1789558489.687638,1789558489.687638,m2b_algorithm_state_v1:header6+3x20,"[1.0,-0.15,0.52,1.1149964022672523,0.101756231554248,1789558489.6875424,1.1133606883029898,0.1013964762281723,0.0036904376666666654,0.0015395065502508088,0.0010515952580297575,0.00038535371636230515,0.0009860853749999966,1.1128828803410848,0.10079884248379357,-0.00047780796190499686,-0.0005976337443787255,-0.0005982038118938511,1.0019120590779225,1.1843154483741436e-08,-0.0011954637642750971,0.006042804272855582,0.006042804272855582,0.1419525573167983,0.9990470346330277,1.1865799294783312e-08,1.1147856304060875,0.10213512039468366,0.006394789958333334,0.0009245527103380526,0.002373292557828588,0.0011366904013994233,0.005408704583333337,1.1177975359037962,0.09860752415185692,0.003011905497708689,-0.0035275962428267388,-0.003547701250741943,1.011550644532241,2.474431653182049e-07,0.00021718062139391807,0.0017323831690195125,0.0017323831690195125,0.12046877918795652,0.9943329478740637,2.503012933627281e-07,1.1138372799513565,0.10173707415979559,0.0036904376666666654,-0.0005450321973846759,0.001600284377284167,0.0010035303142776958,-0.0003055678083333374,1.1130261427378376,0.10262269756685725,-0.0008111372135188866,0.0008856234070616642,0.0008843912592868189,0.9972268093293455,-9.183480604363629e-09,-0.0001295302576117893,-0.0004834058856453738,-0.0004834058856453738,0.17670399142287582,1.0013932156858254,-9.158013061627471e-09]"
/multi_agv/m2b_algorithm_state,1789558489.6975012,1789558489.6975012,m2b_algorithm_state_v1:header6+3x20,"[1.0,-0.15,0.52,1.1159947349731603,0.10175626179551832,1789558489.6973748,1.1143625508062802,0.1013964626685172,0.0036904376666666654,0.0015396775488955984,0.0010515858747360152,0.0003852844757353199,0.0009860853749999966,1.1138911624937498,0.10079884248379357,-0.000471388312530463,-0.0005976201847236323,-0.0005981902264166993,1.00191201575183,1.1843933101944525e-08,-0.001187425617079778,0.006014494545546971,0.006014494545546971,0.1419525612973798,0.9990470561572335,1.1866578888599063e-08,1.1157875088164912,0.10213512700365712,0.006394789958333334,0.0009245295536040535,0.0023733196477169205,0.0011366863482273754,0.005408704583333337,1.1187838984876401,0.09860752415185692,0.0029963896711489024,-0.0035276028518002045,-0.003547707934264153,1.0115506660107332,2.474378884661168e-07,0.00019777915467197524,0.0018003647237951523,0.0018003647237951523,0.12046877685911006,0.9943329375370021,2.5029596087418996e-07,1.1148391471789854,0.10173710499056966,0.0036904376666666654,-0.0005452190698810853,0.001600286741938818,0.0010036100884247834,-0.0003055678083333374,1.1140526687560468,0.10262269756685725,-0.0007864784229385524,0.0008855925762875916,0.0008843605145288924,0.9972269060626445,-9.18598860388271e-09,-9.87375141442981e-05,-0.000593231490169049,-0.000593231490169049,0.17670398359980005,1.0013931668572464,-9.160514994576666e-09]"
/multi_agv/m2b_algorithm_state,1789558489.7073414,1789558489.7073414,m2b_algorithm_state_v1:header6+3x20,"[1.0,-0.15,0.52,1.1169926699256065,0.10175629401307229,1789558489.707195,1.1153608837347377,0.10139650423730315,0.0036904376666666654,0.00153948571931503,0.001051612567496018,0.0003853537426100951,0.0009860853749999966,1.1152893971706768,0.10155641038652123,-7.148656406097409e-05,0.00015990614921808366,0.00015986557063069043,0.999492777209119,8.474074026919809e-10,7.050736555447282e-05,0.001217048092282084,0.001217048092282084,0.14195255894519093,1.0002538294345251,8.469775783441742e-10,1.1167858415940313,0.10213516601218645,0.006394789958333334,0.0009244686228566772,0.0023733198626130214,0.0011367126500044095,0.005408704583333337,1.1200194101683187,0.09790638632574442,0.003233568574287471,-0.00422877968644203,-0.004257825020707332,1.0139562281964878,3.5571088079447436e-07,-0.00021586430284799372,0.0035554800475390658,0.0035554800475390658,0.120468778236628,0.9931783635720012,3.606752630188157e-07,1.1158374795907118,0.10173711513706533,0.0036904376666666654,-0.0005451287493065276,0.0016003026103625709,0.0010035626837811016,-0.0003055678083333374,1.1152740466806843,0.10226138342162713,-0.0005634329100274726,0.0005242682845617991,0.0005238353085947465,0.9983515538181077,-3.219622654058224e-09,-0.0001804558289395943,-0.00013964031987242955,-0.00013964031987242955,0.17670398820764577,1.0008265497952287,-3.2143152793870077e-09]"
/multi_agv/m2b_algorithm_state,1789558489.7171614,1789558489.7171614,m2b_algorithm_state_v1:header6+3x20,"[1.0,-0.15,0.52,1.1179914123803292,0.10175632056020462,1789558489.7170224,1.1163588197065804,0.10139654994717687,0.0036904376666666654,0.0015392668418677674,0.0010516434297444194,0.0003854325649605471,0.0009860853749999966,1.116312415062731,0.1014578506983869,-4.640464384930709e-05,6.130075121003886e-05,6.12947833017469e-05,0.9998053360387223,1.2452650509039293e-10,3.2889784901130313e-06,0.0014999976051933064,0.0014999976051933064,0.14195255587332736,1.0000973640491164,1.2450226426762798e-10,1.1177837758465985,0.1021352080675133,0.006394789958333334,0.000924403060999497,0.0023733177629752245,0.0011367421633230318,0.005408704583333337,1.1209980698740134,0.09790638632574442,0.00321429402741491,-0.00422882174176889,-0.004257867646563056,1.0139563657608432,3.556926698168219e-07,-0.00024000011229441832,0.003639805667211814,0.003639805667211814,0.12046878001926851,0.9931782978699182,3.6065684681523633e-07,1.1168354142236414,0.10173712402452671,0.0036904376666666654,-0.0005450176216457345,0.0016003192959988654,0.0010035058348356425,-0.0003055678083333374,1.1163284387582857,0.10262285182816376,-0.000506975465355719,0.0008857278036370486,0.0008844953671717625,0.9972264876233727,-9.185397391344414e-09,0.00025077603547711373,-0.0018377057264289736,-0.0018377057264289736,0.17670399426010447,1.0013933780899575,-9.15992157799528e-09]"
/multi_agv/m2b_algorithm_state,1789558489.727333,1789558489.727333,m2b_algorithm_state_v1:header6+3x20,"[1.0,-0.15,0.52,1.118995845627122,0.10175631045617838,1789558489.727052,1.1173575615374627,0.10139658137331094,0.0036904376666666654,0.0015391412651688994,0.0010516661299642127,0.0003854751904018628,0.0009860853749999966,1.117285939298189,0.10063317619424361,-7.162223927359435e-05,-0.0007634051790673252,-0.0007643365226463546,1.002447011688422,1.932206951601975e-08,-0.0008538643217383475,0.004904804405009623,0.004904804405009623,0.14195255425581552,0.998781500619904,1.9369350845969953e-08,1.118782519844711,0.10213524204513214,0.006394789958333334,0.000924346083007269,0.0023733223931452496,0.0011367644547825573,0.005408704583333337,1.1220100178148031,0.0976214218336078,0.0032274979700921413,-0.004513820211524341,-0.004546984336114917,1.014944699320067,4.052970352276583e-07,-0.00051261187349974,0.00471528054892343,0.00471528054892343,0.12046878096374455,0.9927063472976659,4.113540775544503e-07,1.117834155758814,0.10173713826217078,0.0036904376666666654,-0.000544977449626068,0.0016003324143534225,0.0010034815985375126,-0.0003055678083333374,1.117418552570717,0.10276463511385107,-0.0004156031880970801,0.0010274968516802985,0.0010258401019012362,0.9967877674465841,-1.2358967329650876e-08,0.0005063361167798861,-0.002812770801187834,-0.002812770801187834,0.1767039974193173,1.0016150175607208,-1.2319267452467969e-08]"
/multi_agv/m2b_algorithm_state,1789558489.737405,1789558489.737405,m2b_algorithm_state_v1:header6+3x20,"[1.0,-0.15,0.52,1.1199942639062275,0.10175633876397457,1789558489.737129,1.1183619825667386,0.10139652523733429,0.0036904376666666654,0.0015395856243010956,0.0010516303256805862,0.0003853012010902961,0.0009860853749999966,1.1183471516260937,0.10141912417172681,-1.4830940644916524e-05,2.2598934392520365e-05,2.2598123069397337e-05,0.9999282042495913,1.692808816478191e-11,4.059447263251683e-06,0.0015150031676025362,0.0015150031676025362,0.14195256283486826,1.000035902234913,1.6926872799989135e-11,1.1197869689315811,0.10213522279242536,0.006394789958333334,0.0009243523733716511,0.0023733699133772213,0.001136737008740979,0.005408704583333337,1.1229813644338036,0.0976214218336078,0.003194395502222447,-0.004513800958817565,-0.00454696480425067,1.0149446361775467,4.0529636685205597e-07,-0.0005539704264726115,0.004859701739934015,0.004859701739934015,0.1204687759644631,0.9927063773614209,4.1135337359874143e-07,1.1188385853830465,0.10173718333877545,0.0036904376666666654,-0.0005453711639730025,0.001600324848431955,0.001003656197707049,-0.0003055678083333374,1.118405298379308,0.10198108384998825,-0.0004332870037384584,0.00024390051121279954,0.0002438066024566359,0.9992306548996402,-6.972719058967073e-10,-0.0002978021522164371,0.0004028932509572617,0.0004028932509572617,0.17670398056094383,1.000385177247939,-6.967354631722872e-10]"
/multi_agv/m2b_algorithm_state,1789558489.7472398,1789558489.7472398,m2b_algorithm_state_v1:header6+3x20,"[1.0,-0.15,0.52,1.1209968458809252,0.10175634014277374,1789558489.7471797,1.1193604007359885,0.10139656460112324,0.0036904376666666654,0.0015394015352719354,0.0010516559304722941,0.00038536767861780644,0.0009860853749999966,1.1194449598395864,0.10247504957592009,8.455910359783658e-05,0.001078484974796845,0.0010766519381654304,0.9966146230842777,3.851959123283317e-08,0.0011823508176627261,-0.0031608229207111304,-0.0031608229207111304,0.14195256063545128,1.0017025340933654,3.838918789787048e-08,1.120785387604859,0.10213525925943452,0.006394789958333334,0.0009242944894121627,0.0023733710958953047,0.001136761486379867,0.005408704583333337,1.1240424116303491,0.09811112280036237,0.0032570240254901073,-0.004024136459072153,-0.004050397995324551,1.013250312977891,3.2201472409421457e-07,2.0882036538083168e-05,0.0026380982625553114,0.0026380982625553114,0.12046877724109645,0.9935163072165472,3.262815199719521e-07,1.1198370033778342,0.10173719243136593,0.0036904376666666654,-0.0005452849156200742,0.0016003407969839905,0.0010036105165134174,-0.0003055678083333374,1.1193952417860795,0.10197624802939682,-0.00044176159175468577,0.0002390555980308906,0.0002389653797763959,0.9992458958807721,-6.697417260205931e-10,-0.0003132366099169613,0.00045998338338214414,0.00045998338338214414,0.17670398489749298,1.0003775369242989,-6.692366710261821e-10]"
/multi_agv/m2b_algorithm_state,1789558489.7572348,1789558489.7572348,m2b_algorithm_state_v1:header6+3x20,"[1.0,-0.15,0.52,1.1219960830664737,0.10175636272612842,1789558489.7570803,1.120362974165439,0.10139653915666515,0.0036904376666666654,0.001539639675762641,0.0010516389590644161,0.00038527328144684,0.0009860853749999966,1.1201724077114172,0.10278917025425638,-0.00019056645402182326,0.001392631097591232,0.0013895819384100042,0.9956441521164394,6.422349180717258e-08,0.0011513738708827251,-0.003197139359907411,-0.003197139359907411,0.14195256590487826,1.0021942996644853,6.394374404630944e-08,1.1217879804956332,0.10213525669945345,0.006394789958333334,0.0009242824509659913,0.0023734038441241,0.0011367496700391,0.005408704583333337,1.1250236866058168,0.09811112280036237,0.003235706110183534,-0.0040241338990910785,-0.0040503954023266234,1.0132503046199541,3.2201012358075605e-07,-5.762764597206163e-06,0.0027313008081568807,0.0027313008081568807,0.12046877417558703,0.9935163112173049,3.262768558089101e-07,1.1208395829817033,0.10173722457220265,0.0036904376666666654,-0.0005455200362805943,0.0016003412921286268,0.0010037121771109183,-0.0003055678083333374,1.1204563289474294,0.10242811204508533,-0.00038325403427386107,0.0006908874728826786,0.0006901365056673082,0.9978317844836844,-5.594643550470014e-09,0.00021106896282498187,-0.0016081964847310935,-0.0016081964847310935,0.17670397454003384,1.001088143011134,-5.58251315751563e-09]"
/multi_agv/m2b_algorithm_state,1789558489.7673373,1789558489.7673373,m2b_algorithm_state_v1:header6+3x20,"[1.0,-0.15,0.52,1.122996625850446,0.10175637661740537,1789558489.7672613,1.121362209535141,0.10139656667011228,0.0036904376666666654,0.0015395286224708488,0.0010516561410383925,0.00038531248183492923,0.0009860853749999966,1.1211953932492298,0.10232179420519161,-0.00016681628591119768,0.0009252275350793288,0.0009238768788802211,0.9970906223404694,2.8355309687781834e-08,0.000715356521491224,-0.0014258316943823466,-0.0014258316943823466,0.14195256518522176,1.0014619439342878,2.827281338324713e-08,1.1227872200138156,0.10213528493930531,0.006394789958333334,0.0009242349086174663,0.0023734108420256916,0.001136766639530662,0.005408704583333337,1.1256236138028946,0.0973013620907276,0.0028363937890789614,-0.0048339228485777125,-0.004872049423929488,1.0160620956463247,4.6485349974536e-07,-0.0013265571875807859,0.007691307661152935,0.007691307661152935,0.12046877460394302,0.9921744276311087,4.7232002111979874e-07,1.1218388196504645,0.10173723656896767,0.0036904376666666654,-0.0005454882043090408,0.0016003548666496895,0.001003691318575666,-0.0003055678083333374,1.121216856674029,0.10191561836409432,-0.0006219629764354639,0.0001783817951266503,0.00017833153803251933,0.9994369035754402,-3.7307048627659433e-10,-0.0005991221825118106,0.0015024123490254412,0.0015024123490254412,0.17670397598718654,1.0002818183182034,-3.7286041161966323e-10]"
/multi_agv/m2b_algorithm_state,1789558489.7774727,1789558489.7774727,m2b_algorithm_state_v1:header6+3x20,"[1.0,-0.15,0.52,1.1239976391237818,0.10175638725662105,1789558489.7773094,1.1223627478652978,0.10139657336824283,0.0036904376666666654,0.0015395524624711664,0.0010516600569897773,0.0003853001113439721,0.0009860853749999966,1.1221070589072073,0.10132024032287244,-0.000255688958090472,-7.633304537038588e-05,-7.634230871963107e-05,1.000242778864951,1.9314249017937615e-10,-0.0003959535063327211,0.002979149147641572,0.002979149147641572,0.1419525668068799,0.9998786603470531,1.9318938109391571e-10,1.123787768469214,0.10213530066278656,0.006394789958333334,0.000924201812682152,0.0023734278563039,0.0011367721361435629,0.005408704583333337,1.1265912819788726,0.0973013620907276,0.002803513509658684,-0.004833938572058966,-0.00487206539192787,1.0160621473671942,4.6483984876584156e-07,-0.0013676735048545148,0.007834683344188858,0.007834683344188858,0.12046877366509248,0.9921744030915363,4.723061749188628e-07,1.1228393612168261,0.10173725582118673,0.0036904376666666654,-0.000545558718119499,0.0016003634797119868,0.0010037174045266577,-0.0003055678083333374,1.1221965114745518,0.10163930053358645,-0.000642849742274354,-9.795528760027372e-05,-9.797047426916318e-05,1.0003101886830374,-1.1253449154073582e-10,-0.0009015326521121057,0.0026978443227332768,0.0026978443227332768,0.1767039728337459,0.999844987288234,-1.1256939846646313e-10]"
/multi_agv/m2b_algorithm_state,1789558489.7873442,1789558489.7873442,m2b_algorithm_state_v1:header6+3x20,"[1.0,-0.15,0.52,1.1249946491533922,0.10175642301163966,1789558489.7872438,1.1233637557150473,0.10139657316248019,0.0036904376666666654,0.0015396192688793796,0.0010516591468259224,0.00038527162682228046,0.0009860853749999966,1.1231377717462794,0.10143680615607963,-0.0002259839687679399,4.023299359943999e-05,4.023042246745063e-05,0.9998722073493018,5.365382713014153e-11,-0.00024224953849247426,0.002381620217055814,0.002381620217055814,0.14195256922030658,1.000063910141422,5.364697056535247e-11,1.124788788535495,0.1021353117110794,0.006394789958333334,0.0009241745280445489,0.00237344823513963,0.0011367733633750599,0.005408704583333337,1.127685821320014,0.09883948199756395,0.002897032784519027,-0.0032958297135154413,-0.0033133489052010576,1.0107635812924518,2.1587673258539392e-07,0.00030794207544772604,0.0013110240294133043,0.0013110240294133043,0.12046877223189513,0.9947125424496902,2.1820033934572568e-07,1.123840373120803,0.10173727689630355,0.0036904376666666654,-0.0005456613350306437,0.001600370653374806,0.0010037581548801413,-0.0003055678083333374,1.1232519143897475,0.10211985536383525,-0.0005884587310556189,0.0003825784675317023,0.0003823476525666619,0.9987951243037857,-1.7163512288015316e-09,-0.00035322576125286167,0.0005376073131475754,0.0005376073131475754,0.17670396800108656,1.0006036782584933,-1.714283238919781e-09]"
/multi_agv/m2b_algorithm_state,1789558489.7974224,1789558489.7974224,m2b_algorithm_state_v1:header6+3x20,"[1.0,-0.15,0.52,1.125996784879472,0.10175642563919644,1789558489.7972054,1.1243607683934467,0.10139663400861693,0.0036904376666666654,0.0015392858725164172,0.001051699152718388,0.0003853953327437869,0.0009860853749999966,1.1243502299350332,0.10178903273466088,-1.0538458413478224e-05,0.0003923987260439493,0.00039215480104358907,0.9987585970383657,5.101396846282352e-09,0.0003789817280267413,1.5235670851252965e-05,1.5235670851252965e-05,0.14195256450211147,1.0006220120210465,5.0950639571289056e-09,1.125785795361898,0.10213535935170984,0.006394789958333334,0.0009241038059611077,0.002373438625517643,0.001136809020210544,0.005408704583333337,1.128667484874747,0.09883948199756395,0.0028816895128491726,-0.003295877354145882,-0.003313397047370721,1.0107637357881327,2.1586641277367285e-07,0.0002887148436907447,0.001378423820880346,0.001378423820880346,0.12046877498857204,0.9947124679069955,2.1818994180630066e-07,1.1248373837048316,0.1017372756745922,0.0036904376666666654,-0.0005454584249454868,0.0016003924851220944,0.0010036588441475177,-0.0003055678083333374,1.1244273056482867,0.10307437139722445,-0.0004100780565448048,0.0013370957226322422,0.0013342967563749828,0.9958346550283785,-2.0942666803150344e-08,0.0008216991856939769,-0.004080265392933493,-0.004080265392933493,0.1767039772800404,1.0020977089570866,-2.0855433371289497e-08]"
/multi_agv/m2b_algorithm_state,1789558489.8071885,1789558489.8071885,m2b_algorithm_state_v1:header6+3x20,"[1.0,-0.15,0.52,1.1269957457926825,0.10175644834710403,1789558489.807066,1.1253628964346762,0.10139661418907503,0.0036904376666666654,0.001539479527354815,0.0010516869450837955,0.00038531774054380253,0.0009860853749999966,1.1253921173477157,0.10175181771082979,2.9220913039473828e-05,0.0003552035217547628,0.00035500359167394503,0.9988757931131051,4.180753652147855e-09,0.0003915297329732873,-1.2217614786346745e-05,-1.2217614786346745e-05,0.1419525689574614,1.0005631776283586,4.1760536200997e-09,1.126787940929243,0.10213535903027428,0.006394789958333334,0.0009240887868942806,0.0023734681493126075,0.001136800173233532,0.005408704583333337,1.129471500340861,0.09798473065697882,0.0026835594116181305,-0.0041506283732954535,-0.004178593488882781,1.0136862446235466,3.425271691489396e-07,-0.0008241442243601179,0.0056481689702332725,0.0056481689702332725,0.12046877237914969,0.9933075290377662,3.4721507977612295e-07,1.125839517274497,0.10173730369824,0.0036904376666666654,-0.0005456569558526278,0.001600394835473919,0.0010037436791536822,-0.0003055678083333374,1.1254151704027855,0.10224947718230952,-0.00042434687171155616,0.0005121734840695252,0.0005117602181658803,0.9983893652811419,-3.075784777905873e-09,-1.8673371473564883e-05,-0.000710094268999582,-0.000710094268999582,0.17670396848609335,1.0008075381574715,-3.0708308121548422e-09]"
/multi_agv/m2b_algorithm_state,1789558489.817198,1789558489.817198,m2b_algorithm_state_v1:header6+3x20,"[1.0,-0.15,0.52,1.127997430205354,0.10175645334383028,1789558489.8170974,1.1263618560521333,0.10139664429339053,0.0036904376666666654,0.00153934430898234,0.0010517071468438377,0.0003853658448307812,0.0009860853749999966,1.126367785021107,0.10150884031438784,5.928968973556437e-06,0.00011219602099730996,0.00011217603722088667,0.9996439216175514,4.171490384129718e-10,0.00011958724843783222,0.0010641346954616058,0.0010641346954616058,0.14195256775045934,1.0001781465713926,4.1700050065813376e-10,1.127786903576146,0.10213538789162732,0.006394789958333334,0.0009240399614952443,0.0023734733503908423,0.0011368186335699026,0.005408704583333337,1.1305524656077715,0.09978270226692297,0.002765562031625368,-0.002352685624704351,-0.002361549272415709,1.0076020454396288,1.0992038114395199e-07,0.0010954032671160012,-0.0018814274525887835,-0.0018814274525887835,0.12046877310178639,0.9962466810178848,1.1075600087614964e-07,1.126838477749768,0.10173731285629421,0.0036904376666666654,-0.0005456041167898281,0.0016004094540188803,0.0010037131715810734,-0.0003055678083333374,1.126406383406844,0.10249137524392471,-0.00043209434292390547,0.0007540623876304969,0.0007531682344349869,0.9976352306666391,-6.665297567488904e-09,0.00021305030578010501,-0.0016440540527481065,-0.0016440540527481065,0.17670397094047274,1.0011871892023978,-6.6495356762035805e-09]"
/multi_agv/m2b_algorithm_state,1789558489.827199,1789558489.827199,m2b_algorithm_state_v1:header6+3x20,"[1.0,-0.15,0.52,1.128997704076527,0.10175646718316218,1789558489.8270836,1.1273635336595782,0.10139663187345983,0.0036904376666666654,0.0015394857456436247,0.0010516995370904777,0.0003853084956626032,0.0009860853749999966,1.127386349761361,0.10164915756072355,2.281610178278548e-05,0.0002525256872637216,0.00025242455904185226,0.9991998317172526,2.1132186284612796e-09,0.0002809446862703341,0.00042751363043419684,0.00042751363043419684,0.14195257137849182,1.0004006275072965,2.111527697940274e-09,1.1287885966068616,0.10213539111800048,0.006394789958333334,0.0009240211892055476,0.0023734992045227887,0.0011368133225105603,0.005408704583333337,1.1314301517824958,0.09997809956323184,0.002641555175634247,-0.0021572915547686394,-0.0021647330393866604,1.0069552902952852,9.240680717442816e-08,0.0011372109301561483,-0.0021181031842648647,-0.0021181031842648647,0.1204687709625033,0.9965624007752338,9.304952334358675e-08,1.1278401603496222,0.10173733704003056,0.0036904376666666654,-0.0005457616622129217,0.0016004139369903084,0.0010037791313065245,-0.0003055678083333374,1.1275238160063894,0.10338565876823713,-0.0003163443432327995,0.0016483217282065726,0.0016440781930137593,0.9948833829932905,-3.183712354259006e-08,0.00124864776397276,-0.00574937754813616,-0.00574937754813616,0.17670396374387198,1.0025811030222562,-3.1674225174827334e-08]"
/multi_agv/m2b_algorithm_state,1789558489.837101,1789558489.837101,m2b_algorithm_state_v1:header6+3x20,"[1.0,-0.15,0.52,1.1299917124151782,0.10175652024128994,1789558489.8369944,1.128363803557134,0.10139664218193294,0.0036904376666666654,0.0015394760449577204,0.0010517063159200197,0.0003853091746570084,0.0009860853749999966,1.128252075061031,0.10187901649608418,-0.00011172849610296964,0.00048237431415124044,0.0004820059533521837,0.9984755088795827,7.70953490804342e-09,0.00034234533322347163,0.00010467733199122343,0.00010467733199122343,0.1419525725030273,1.0007642245837316,7.69778179053356e-09,1.1297888754146397,0.10213540720356142,0.006394789958333334,0.0009239878732620306,0.0023735140143377187,0.0011368200611976548,0.005408704583333337,1.132424517064453,0.09997809956323184,0.002635641649813225,-0.0021573076403295782,-0.0021647492352079222,1.0069553419146984,9.240484760840933e-08,0.0011298028270586092,-0.002092032250769463,-0.002092032250769463,0.1204687702994072,0.9965623755595742,9.304755491810142e-08,1.1288404332578077,0.10173735216399224,0.0036904376666666654,-0.0005458032839148774,0.0016004241662220375,0.0010037918526732198,-0.0003055678083333374,1.1282941238279829,0.1039660277652324,-0.0005463094298248095,0.0022286756012401543,0.002220952034127393,0.9931277745618908,-5.8182318667270235e-08,0.0015380652468463814,-0.007057812153179788,-0.007057812153179788,0.17670396152339776,1.0034775929394602,-5.7782476656876844e-08]"
/multi_agv/m2b_algorithm_state,1789558489.847226,1789558489.847226,m2b_algorithm_state_v1:header6+3x20,"[1.0,-0.15,0.52,1.130997824583022,0.10175649555691672,1789558489.8470762,1.1293578205337338,0.10139674660589021,0.0036904376666666654,0.0015388515833314512,0.0010517769537502267,0.00038554311326554334,0.0009860853749999966,1.1292874888297155,0.10197500049236409,-7.033170401826716e-05,0.0005782538864738812,0.0005777249225521725,0.9981744870269594,1.1073653051135643e-08,0.0004898102925293386,-0.0004642156582873717,-0.0004642156582873717,0.14195256241257548,1.0009155982389888,1.1053437953831844e-08,1.1307828732404743,0.1021354804442169,0.006394789958333334,0.0009238860467069244,0.002373482475888755,0.0011368806087809213,0.005408704583333337,1.1331705216600372,0.09869866694762167,0.002387648419562849,-0.003436813496595234,-0.0034558838324502067,1.0112418312250135,2.3468801281710985e-07,-0.0004713233079966456,0.0041055639576408525,0.0041055639576408525,0.12046877620977864,0.994481777519283,2.3732633584773362e-07,1.129834443471326,0.10173733367376267,0.0036904376666666654,-0.0005453761253866748,0.0016004566972276481,0.001003589771789471,-0.0003055678083333374,1.129186763595909,0.10257348543743798,-0.0006476798754171398,0.0008361517636753107,0.0008350530195090424,0.9973802519000191,-8.191589566117094e-09,2.5453175237617645e-05,-0.0010132475187752115,-0.0010132475187752115,0.17670398140960794,1.0013157777297954,-8.170129664915435e-09]"
/multi_agv/m2b_algorithm_state,1789558489.857225,1789558489.857225,m2b_algorithm_state_v1:header6+3x20,"[1.0,-0.15,0.52,1.131998046705603,0.10175650887223757,1789558489.8569462,1.1303639168993356,0.10139666191109162,0.0036904376666666654,0.0015394636381701873,0.001051723999388798,0.0003853053547050846,0.0009860853749999966,1.1304703024877263,0.10206144602687582,0.00010638558839071166,0.0006647841157842033,0.0006640854557463461,0.9979033796462041,1.4640675614077907e-08,0.0007970674412347356,-0.0015965390998856485,-0.0015965390998856485,0.14195257400009392,1.0010520634532976,1.4609979675592109e-08,1.1317890055789877,0.10213544094312305,0.006394789958333334,0.0009239159725055006,0.0023735429878972703,0.0011368361586189812,0.005408704583333337,1.1341574750680627,0.09869866694762167,0.002368469489075098,-0.00343677399550138,-0.0034558438974411155,1.0112417029587082,2.3469025619122327e-07,-0.0004952570360972431,0.004189492452944206,0.004189492452944206,0.12046876945353832,0.9944818393117073,2.373285743386281e-07,1.1308405512707425,0.10173738381653549,0.0036904376666666654,-0.0005458913105242003,0.0016004436448029298,0.001003819878515613,-0.0003055678083333374,1.1301753618493788,0.10289225317916606,-0.0006651894213636211,0.0011548693626305673,0.0011527784320313384,0.9963948304573287,-1.5637749032654407e-08,0.00032129165532681194,-0.0022126273966628063,-0.0022126273966628063,0.17670395861312793,1.0018138182855698,-1.5581372296125943e-08]"
/multi_agv/m2b_algorithm_state,1789558489.8670738,1789558489.8670738,m2b_algorithm_state_v1:header6+3x20,"[1.0,-0.15,0.52,1.1329964086328983,0.1017565336879368,1789558489.8668928,1.1313641351088755,0.10139667276704432,0.0036904376666666654,0.001539445627777314,0.0010517312782954754,0.0003853093755215196,0.0009860853749999966,1.1314602940223977,0.10149667746619528,9.615891352221517e-05,0.00010000469915096011,9.998882087354047e-05,0.9996825695871284,3.3144342146265486e-10,0.00022018746277630943,0.0007124872145066695,0.0007124872145066695,0.14195143934427515,1.0001588005267081,3.313382112405364e-10,1.1327892324852007,0.10213545646233943,0.006394789958333334,0.0009238835001903443,0.0023735573387935194,0.001136842770305596,0.005408704583333337,1.135672416796029,0.10053024546588551,0.002883184310828346,-0.0016052109964539152,-0.001609313872560081,1.0051430608813214,5.113610346212747e-08,0.001994666515975352,-0.005398305426860909,-0.005398305426860909,0.12046805644924959,0.9974505432556552,5.139909955546674e-08,1.1318407725227324,0.10173739738732894,0.0036904376666666654,-0.0005459250429718063,0.001600454368333372,0.0010038289229810102,-0.0003055678083333374,1.1316555210032717,0.10492921834015605,-0.00018525151946069407,0.003191820952827107,0.0031760952441421014,0.990266325923651,-1.1927701537492944e-07,0.002944530844816234,-0.01256385278297224,-0.01256385278297224,0.17670174043819564,1.0049512711289152,-1.1811601178247021e-07]"
/multi_agv/m2b_algorithm_state,1789558489.877065,1789558489.877065,m2b_algorithm_state_v1:header6+3x20,"[1.0,-0.15,0.52,1.1339939175627969,0.10175656340538537,1789558489.876906,1.1323624968910473,0.10139671153445684,0.0036904376666666654,0.001539244333498634,0.0010517576488158196,0.0003853829125416424,0.0009860853749999966,1.1324752173564816,0.10149667746619528,0.0001127204654343128,9.996593173844381e-05,9.995006577293495e-05,0.9996826926679552,3.311431443412734e-10,0.00024085064756582597,0.0006389232699475548,0.0006389232699475548,0.1419525727518156,1.0001587389201414,3.310380701936175e-10,1.1337875945841465,0.10213548880227322,0.006394789958333334,0.0009238308114793269,0.00237355785374449,0.001136865343009233,0.005408704583333337,1.136677676223743,0.10053024546588551,0.0028900816395964757,-0.0016052433363877017,-0.0016093463770225577,1.0051431641353799,5.113524113113648e-08,0.002003255672473037,-0.005428660962535402,-0.005428660962535402,0.12046877019062854,0.9974504925145777,5.139823806937614e-08,1.1328391344235011,0.10173740072708036,0.0036904376666666654,-0.0005458186215936381,0.001600471750533539,0.0010037737515081894,-0.0003055678083333374,1.1327189700026752,0.10508486574049057,-0.00012016442082596335,0.0033474650134102113,0.0033301887816652143,0.9898099841319945,-1.3115220602533834e-07,0.00317998325563276,-0.013486047356305876,-0.013486047356305876,0.1767039611046402,1.005187763480591,-1.2981576296481623e-07]"
/multi_agv/m2b_algorithm_state,1789558489.8871741,1789558489.8871741,m2b_algorithm_state_v1:header6+3x20,"[1.0,-0.15,0.52,1.1350012594285779,0.10175652988336654,1789558489.887048,1.133360007422604,0.10139676120857723,0.0036904376666666654,0.0015389723246567017,0.001051792891293334,0.0003854824869288782,0.0009860853749999966,1.1335343825330593,0.10233967747506265,0.00017437511045526044,0.000942916266485419,0.0009415136641056425,0.997035605556646,2.9438839200664654e-08,0.0011594825521747181,-0.0030164182354813656,-0.0030164182354813656,0.14195256890529764,1.00148973130529,2.9351570869319412e-08,1.1347851017809973,0.10213552845512103,0.006394789958333334,0.0009237682931280879,0.002373552654601596,0.0011368951492069235,0.005408704583333337,1.1374891738657886,0.09867072714965126,0.002704072084791287,-0.003464801305469764,-0.003484187594012097,1.0113369465102413,2.3849969915540296e-07,-0.00010409748802298838,0.0028301577589491737,0.0028301577589491737,0.12046877242295058,0.9944359228602816,2.412035574874364e-07,1.133836643484789,0.1017374005524579,0.0036904376666666654,-0.0005456581278725212,0.0016004914585926464,0.0010036939315390537,-0.0003055678083333374,1.133525617022809,0.10290163821336057,-0.00031102646198011286,0.0011642376609026645,0.001162112821314965,0.9963659753631222,-1.588558766490634e-08,0.0007733297438398238,-0.003827928872991132,-0.003827928872991132,0.17670396865605642,1.0018284279707845,-1.5827859047960788e-08]"
/multi_agv/m2b_algorithm_state,1789558489.8972118,1789558489.8972118,m2b_algorithm_state_v1:header6+3x20,"[1.0,-0.15,0.52,1.1359971429826792,0.10175656982366889,1789558489.8969474,1.1343673309077844,0.10139665880351258,0.0036904376666666654,0.0015396921150387212,0.0010517270792471211,0.0003852047169511396,0.0009860853749999966,1.1346222951825107,0.10244971735099463,0.0002549642747262659,0.0010530585474820553,0.0010513105887216027,0.9966934828233083,3.673231192778405e-08,0.001370015932129435,-0.0038173127124042985,-0.0038173127124042985,0.14193628088962335,1.0016626473462786,3.6610855907455235e-08,1.1357924666851031,0.10213547627807194,0.006394789958333334,0.0009238144584234834,0.0023736217695760065,0.0011368391841161535,0.005408704583333337,1.1384718402749963,0.09867072714965126,0.0026793735898931192,-0.00346474912842068,-0.0034841348390626747,1.011336777039397,2.385044836148423e-07,-0.0001349178516962756,0.002938231192146034,0.002938231192146034,0.12045853828732435,0.9944360044781706,2.412083557684803e-07,1.1348439806928459,0.10173745456851516,0.0036904376666666654,-0.0005462529758603397,0.0016004749410815974,0.0010039603719801254,-0.0003055678083333374,1.134509532163197,0.10331103418239587,-0.000334448529648812,0.0015735796138807157,0.001569710000004815,0.9951112178410746,-2.9043005446922263e-08,0.0011516493379438,-0.005368536359848266,-0.005368536359848266,0.17667213260056394,1.002465177565212,-2.8901020520051775e-08]"
/multi_agv/m2b_algorithm_state,1789558489.9072835,1789558489.9072835,m2b_algorithm_state_v1:header6+3x20,"[1.0,-0.15,0.52,1.1369950928001662,0.10175659597514837,1789558489.9071834,1.1353632192512604,0.10139673717979658,0.0036904376666666654,0.0015392256868885959,0.0010517785304994913,0.000385380133836221,0.0009860853749999966,1.1356259282214787,0.10184210849274329,0.000262708970218295,0.0004453713129467102,0.000445057210927161,0.9985918620874316,6.571203310080084e-09,0.0007734434237000297,-0.0014115138584255686,-0.0014115138584255686,0.14194962187629084,1.000705756500147,6.561950149567965e-09,1.136788343962192,0.10213553068313061,0.006394789958333334,0.000923736952868395,0.0023736029385383883,0.001136882578385151,0.005408704583333337,1.1396364215628105,0.10086507019971107,0.0028480776006185593,-0.0012704604834195415,-0.001273024041610074,1.0040550895179814,3.201987074559063e-08,0.002287072959163125,-0.006589545468345031,-0.006589545468345031,0.1204669152639826,0.9979862452658079,3.2149714187818195e-08,1.1358398657345852,0.10173744160807949,0.0036904376666666654,-0.0005459425737885716,0.001600502451473253,0.0010038115128268663,-0.0003055678083333374,1.1357428151739124,0.10531254108262089,-9.70505606727734e-05,0.0035750994745414044,0.0035554279679923025,0.9891456004679526,-1.4960377595840494e-07,0.0034341147671513358,-0.014512495570060024,-0.014512495570060024,0.1766981903221268,1.0055328097562921,-1.479799168026495e-07]"
/multi_agv/m2b_algorithm_state,1789558489.917358,1789558489.917358,m2b_algorithm_state_v1:header6+3x20,"[1.0,-0.15,0.52,1.13799218373742,0.10175662703232813,1789558489.9172287,1.136361169782026,0.10139678001426465,0.0036904376666666654,0.0015389937403886486,0.0010518093565369917,0.0003854646398979806,0.0009860853749999966,1.1366014586630853,0.10171664702922821,0.000240288881059314,0.0003198670149635596,0.0003197048422466533,0.9989872274335341,3.389318918494413e-09,0.0006200659435707959,-0.0008088133230318619,-0.0008088133230318619,0.141952572918381,1.0005072576185168,3.385886309274758e-09,1.1377862930759421,0.10213556535549329,0.006394789958333334,0.0009236805181373712,0.0023736008273282927,0.0011369081410347315,0.005408704583333337,1.1406385663669147,0.10086507019971107,0.0028522732909725956,-0.001270495155782217,-0.0012730588533674282,1.0040551998783143,3.201965785946204e-08,0.002292282760348316,-0.006607997176008924,-0.006607997176008924,0.12046877008314022,0.9979861908360089,3.2149503972117397e-08,1.13683781554253,0.10173744255568719,0.0036904376666666654,-0.0005458109496641697,0.0016005208375755604,0.0010037448945286018,-0.0003055678083333374,1.1367599618554496,0.10499952082427763,-7.78536870804647e-05,0.003262078268590443,0.003245661462762393,0.9900601321953997,-1.2455305198452436e-07,0.003148344353911812,-0.01333005869923049,-0.01333005869923049,0.17670396075817862,1.0050580770719315,-1.2331501111313867e-07]"
/multi_agv/m2b_algorithm_state,1789558489.927293,1789558489.927293,m2b_algorithm_state_v1:header6+3x20,"[1.0,-0.15,0.52,1.1389966788815535,0.10175661044348198,1789558489.927146,1.1373582631841939,0.10139683354197752,0.0036904376666666654,0.0015386928444352408,0.0010518490834934714,0.00038557440315375655,0.0009860853749999966,1.1375958040716294,0.10200626518759016,0.00023754088743555002,0.0006094316456126403,0.0006088442430829004,0.9980767454730545,1.2298415703203087e-08,0.0009057703523773379,-0.001958473460135454,-0.001958473460135454,0.14195256833212622,1.0009647829250476,1.2274762719527644e-08,1.138783381433133,0.10213560735188919,0.006394789958333334,0.0009236141020198454,0.0023735930871384703,0.0011369409586832052,0.005408704583333337,1.1413207720852008,0.09948445329131117,0.002537390652067817,-0.0026511540605780176,-0.0026624347264526337,1.0085953894487998,1.3954157054421607e-07,0.0005093035886321374,0.00031541894758666585,0.00031541894758666585,0.12046877275850848,0.9957630263147722,1.4074098468734076e-07,1.1378349065949336,0.10173744020311765,0.0036904376666666654,-0.0005456267091562927,0.0016005414470390382,0.0010036543121670228,-0.0003055678083333374,1.1373789308642057,0.10285022150716239,-0.00045597573072786446,0.001112781304044741,0.001110839380237604,0.9965245483608092,-1.4512113431014344e-08,0.0005408697168277734,-0.002975653189542277,-0.002975653189542277,0.17670396974547364,1.0017481589523065,-1.4461677282602402e-08]"
/multi_agv/m2b_algorithm_state,1789558489.9374363,1789558489.9374363,m2b_algorithm_state_v1:header6+3x20,"[1.0,-0.15,0.52,1.1399961553399505,0.10175662606749647,1789558489.937319,1.1383627457930232,0.10139677197238459,0.0036904376666666654,0.0015391431551166272,0.0010518129750586962,0.0003853979922012222,0.0009860853749999966,1.1386105602034553,0.1019104973238865,0.00024781441043209007,0.0005137253515019174,0.0005133076527974417,0.9983770091578148,8.742144248542258e-09,0.0008230756658375543,-0.0016196230587100582,-0.0016196230587100582,0.14194750100566156,1.0008137394839125,8.727955828485812e-09,1.1397878927046334,0.10213558022013276,0.006394789958333334,0.000923629006586154,0.0023736414692394625,0.0011369093299523764,0.005408704583333337,1.1423153597492555,0.09948445329131117,0.0025274670446220338,-0.0026511269288215927,-0.0026624073656236966,1.0085953019844651,1.3954098101992198e-07,0.0004969264401538456,0.00035894450991255677,0.00035894450991255677,0.12046558357830357,0.9957630688121758,1.4074037789099673e-07,1.1388393981470042,0.10173747913792856,0.0036904376666666654,-0.000546014664924837,0.0016005345060480809,0.0010038260898845444,-0.0003055678083333374,1.1383567463949107,0.1034007216961929,-0.0004826517520934992,0.0016632425582643329,0.0016589223483190333,0.9948379590579374,-3.243077284330811e-08,0.0010556076582021593,-0.005067387484361367,-0.005067387484361367,0.17669404767646893,1.0026042267437516,-3.226336386610822e-08]"
/multi_agv/m2b_algorithm_state,1789558489.9475818,1789558489.9475818,m2b_algorithm_state_v1:header6+3x20,"[1.0,-0.15,0.52,1.140998641222521,0.10175662222801411,1789558489.947489,1.1393622198299789,0.10139679095945289,0.0036904376666666654,0.0015390628495171692,0.001051828091381823,0.0003854249390026845,0.0009860853749999966,1.1396304588556474,0.1019104973238865,0.0002682390256685263,0.000513706364433611,0.0005132886966520683,0.9983770692110361,8.741041314960172e-09,0.0008485874787377262,-0.0017104253881741064,-0.0017104253881741064,0.14194810203122118,1.0008137092912175,8.726855209882518e-09,1.1407873722874553,0.10213559976518082,0.006394789958333334,0.0009235906237807512,0.0023736508425140634,0.001136921093052995,0.005408704583333337,1.1432815832507157,0.09956956448826956,0.0024942109632604126,-0.002566035276911252,-0.0025765964039304807,1.0083114258264494,1.3071458582842326e-07,0.0005411673001450351,0.00016510938086312108,0.00016510938086312108,0.1204659609603487,0.9959011325937123,1.3180101041297124e-07,1.1398388739024177,0.10173748747785574,0.0036904376666666654,-0.0005459972560085719,0.0016005474944246652,0.001003811788003437,-0.0003055678083333374,1.1393915588966932,0.1034007216961929,-0.00044731500572448013,0.0016632342183371535,0.001658914051935585,0.9948379850393136,-3.242941257964198e-08,0.0010997702947799848,-0.0052250495057687835,-0.0052250495057687835,0.17669522162379672,1.002604213519397,-3.22620114667396e-08]"
/multi_agv/m2b_algorithm_state,1789558489.957261,1789558489.957261,m2b_algorithm_state_v1:header6+3x20,"[1.0,-0.15,0.52,1.1419932419520527,0.10175666827614042,1789558489.957131,1.1403646971941601,0.10139676355587005,0.0036904376666666654,0.0015392840397024598,0.0010518123755364418,0.0003853372360058311,0.0009860853749999966,1.140494501962913,0.10219338432801517,0.00012980476875279479,0.0007966207721451235,0.0007956185285590164,0.9974913603868506,2.1018961957956476e-08,0.0009578744895000099,-0.002230092028255181,-0.002230092028255181,0.14193803191605495,1.0012597036772413,2.0966232957361465e-08,1.1417898688310972,0.10213559108946228,0.006394789958333334,0.0009235857138824594,0.0023736828257281406,0.0011369065843445103,0.005408704583333337,1.1443307823630158,0.10011639356958799,0.0025409135319185427,-0.0020191975198742967,-0.0020257099626798114,1.0064998760627013,8.09094921517615e-08,0.001150431952218367,-0.002228443654279268,-0.002228443654279268,0.12045963780713198,0.9967851059996273,8.143539382304406e-08,1.1408413576423062,0.10173751203871001,0.0036904376666666654,-0.000546209074207256,0.0016005495021645952,0.0010039025606812012,-0.0003055678083333374,1.1404618913272504,0.10347380080727688,-0.00037946631505580974,0.0017362887685668654,0.0017315833755325103,0.994615762840163,-3.535259949088934e-08,0.0012572504817127482,-0.005821881695673188,-0.005821881695673188,0.17667555256670814,1.0027173932834208,-3.516225271101366e-08]"
/multi_agv/m2b_algorithm_state,1789558489.9670777,1789558489.9670777,m2b_algorithm_state_v1:header6+3x20,"[1.0,-0.15,0.52,1.1429923256750554,0.10175668518174409,1789558489.9669635,1.1413593052941182,0.10139685719653778,0.0036904376666666654,0.0015387131429479934,0.0010518770575778536,0.00038555105411250054,0.0009860853749999966,1.1415274336663892,0.10218073228131717,0.00016812837227098143,0.0007838750847793952,0.0007829045632707681,0.9975311426532317,2.034437772536158e-08,0.000993065028609495,-0.002350017347985422,-0.002350017347985422,0.14195257275535939,1.0012396421660545,2.029415035894889e-08,1.1427844604657575,0.1021356549534325,0.006394789958333334,0.0009234951612241407,0.002373655541114461,0.0011369600318762718,0.005408704583333337,1.1451946466195906,0.09948219235295672,0.0024101861538330382,-0.0026534626004757894,-0.0026647631107817897,1.008603092921613,1.3976686938873504e-07,0.00034796958150950814,0.0008836437063938749,0.0008836437063938749,0.1204687701635375,0.995759281468481,1.4096929675344926e-07,1.1418359600962824,0.10173749267845096,0.0036904376666666654,-0.0005458167395560672,0.0016005805397794849,0.0010037163515421218,-0.0003055678083333374,1.1411809458432598,0.10335166452179946,-0.0006550142530226122,0.0016141718433484997,0.0016101012723595885,0.9949874394804626,-3.0535409172406055e-08,0.0007913334560813233,-0.004100817597921634,-0.004100817597921634,0.1767039610213735,1.0025281459364017,-3.038234858594053e-08]"
/multi_agv/m2b_algorithm_state,1789558489.9771256,1789558489.9771256,m2b_algorithm_state_v1:header6+3x20,"[1.0,-0.15,0.52,1.1439925364748063,0.10175669458390901,1789558489.9769793,1.1423583874433885,0.10139687795847062,0.0036904376666666654,0.0015386210506935743,0.0010518965029850495,0.00038558085820644943,0.0009860853749999966,1.1425554950883112,0.10239044035153562,0.000197107644922756,0.0009935623930650006,0.0009920056708854407,0.9968781887037987,3.267755114937041e-08,0.0012383902270388858,-0.0033215270653506137,-0.0033215270653506137,0.14195257175817586,1.0015692674197825,3.257553800106011e-08,1.1437835467495547,0.10213567678050965,0.006394789958333334,0.0009234518838306324,0.0023736632234980792,0.0011369747962966525,0.005408704583333337,1.1461893997014432,0.09948219235295672,0.002405852951888443,-0.002653484427552935,-0.0026647851223081985,1.0086031632867587,1.397626069253412e-07,0.0003425310675523553,0.0009027339329704419,0.0009027339329704419,0.12046877075154758,0.9957592472801428,1.4096500745410298e-07,1.142835042832223,0.10173750080625203,0.0036904376666666654,-0.000545789527183363,0.0016005934746204263,0.0010036978280313288,-0.0003055678083333374,1.1422708124414078,0.10450282016817485,-0.0005642303908151014,0.0027653193619228134,0.002753477039318677,0.9915254588418608,-8.953698472231228e-08,0.0020481890507998003,-0.009141053693610792,-0.009141053693610792,0.1767039630233064,1.0043008612147595,-8.877819986010736e-08]"
/multi_agv/m2b_algorithm_state,1789558489.9870856,1789558489.9870856,m2b_algorithm_state_v1:header6+3x20,"[1.0,-0.15,0.52,1.144992359722117,0.10175670622066539,1789558489.9869444,1.1433585943705813,0.10139688078607222,0.0036904376666666654,0.001538645256695686,0.0010519043715027541,0.0003855662730715382,0.0009860853749999966,1.1435688765812966,0.10202489514323007,0.00021028221071528463,0.000628014357157855,0.0006273906747211431,0.9980185222247484,1.3059273790727333e-08,0.0008902434381152489,-0.0019118835741947396,-0.0019118835741947396,0.1419525727630761,1.0009940894275948,1.3033397129950082e-08,1.144783762999427,0.1021356877770339,0.006394789958333334,0.0009234212301991937,0.002373679573862475,0.001136979579374628,0.005408704583333337,1.1470538895562519,0.09903854055721883,0.002270126556824792,-0.0030971472198150635,-0.0031125945540560803,1.0100920329826284,1.904541547701296e-07,-0.0002749363580250904,0.0032682138752445572,0.0032682138752445572,0.12046877016025162,0.995037151812501,1.9237622438174837e-07,1.1438352520544104,0.10173751518862095,0.0036904376666666654,-0.0005458506305178125,0.001600602142353181,0.00100371980622966,-0.0003055678083333374,1.1433422707612104,0.10434046122675641,-0.0004929812931999678,0.002602946038135462,0.002592440593690831,0.9920081537197825,-7.934942027154227e-08,0.0019762139771908713,-0.008805070294316571,-0.008805070294316571,0.1767039610176359,1.0040523375811186,-7.871527190230773e-08]"
/multi_agv/m2b_algorithm_state,1789558489.9970586,1789558489.9970586,m2b_algorithm_state_v1:header6+3x20,"[1.0,-0.15,0.52,1.14599247665604,0.1017567157268341,1789558489.9969249,1.1443584144949066,0.10139688970402493,0.0036904376666666654,0.0015386281513098087,0.0010519160846187412,0.00038556759510811867,0.0009860853749999966,1.1443868421755408,0.10220168445115729,2.842768063415768e-05,0.0008047947471323674,0.0008037718955015735,0.997465859985763,2.144323916561825e-08,0.0008393064962942706,-0.0018124354573880804,-0.0018124354573880804,0.14195257308125317,1.001272564562805,2.1388898995213802e-08,1.145783590703976,0.10213570204892346,0.006394789958333334,0.0009233869482459037,0.0023736929455773215,0.0011369874847742267,0.005408704583333337,1.1480440356847101,0.09903854055721883,0.0022604449807341886,-0.0030971614917046225,-0.0031126089670050743,1.0100920791804409,1.90448828697156e-07,-0.0002870527410873385,0.003310721624466592,0.003310721624466592,0.12046876997321554,0.9950371294742767,1.9237085335618992e-07,1.144835073967468,0.10173752690904776,0.0036904376666666654,-0.0005458798183081127,0.001600612415335179,0.0010037271150236168,-0.0003055678083333374,1.1439838482595441,0.1023403767838368,-0.0008512257079238417,0.0006028498747890354,0.0006022777202645257,0.9981061799612896,-4.2627421932464256e-09,-0.0004617544146402764,0.0008250173248048184,0.0008250173248048184,0.17670396039198866,1.000949984542444,-4.254669326660999e-09]"
/multi_agv/m2b_algorithm_state,1789558490.0070941,1789558490.0070941,m2b_algorithm_state_v1:header6+3x20,"[1.0,-0.15,0.52,1.1469930210312775,0.10175672228754858,1789558490.0070057,1.145358527685657,0.1013968940070857,0.0036904376666666654,0.0015386398813467786,0.0010519247038245803,0.00038555802736193177,0.0009860853749999966,1.1454175088954752,0.10224571143181345,5.898120981817634e-05,0.0008488174247277547,0.0008476799913345578,0.9973285812669477,2.385274044158908e-08,0.0009214065036072782,-0.0021251213658772606,-0.0021251213658772606,0.14195257394283306,1.001341819324302,2.3789019783938785e-08,1.146783712834376,0.1021357132687234,0.006394789958333334,0.0009233563822952876,0.002373708535008179,0.0011369926256678264,0.005408704583333337,1.1490547146135481,0.09887081547195163,0.002271001779172055,-0.0032648977967717624,-0.003282085577249447,1.0106587884459364,2.1165160405835016e-07,-0.0004433333532843785,0.003932251377039807,0.003932251377039807,0.12046876948305688,0.9947631528571876,2.139075537302512e-07,1.145835189448087,0.10173753990469327,0.0036904376666666654,-0.0005459305738103764,0.001600621689851079,0.0010037442921065507,-0.0003055678083333374,1.1450076798921658,0.1026998124399835,-0.0008275095559211465,0.0009622725352902289,0.0009608187340179849,0.9969894503778716,-1.0859149160222474e-08,-7.356821088344827e-05,-0.0007182048277700929,-0.0007182048277700929,0.17670395873067546,1.0015130858930743,-1.082645715282153e-08]"
/multi_agv/m2b_algorithm_state,1789558490.0175653,1789558490.0175653,m2b_algorithm_state_v1:header6+3x20,"[1.0,-0.15,0.52,1.1479993341894381,0.10175669180716651,1789558490.0174024,1.1463590674247486,0.10139689194458835,0.0036904376666666654,0.001538691585048367,0.00105192884221763,0.0003855334632190757,0.0009860853749999966,1.1464559908614904,0.10220990012229017,9.69234367418359e-05,0.0008130081777018155,0.000811964406890052,0.9974402370572937,2.188392882253485e-08,0.0009331187028173469,-0.002150157507640183,-0.002150157507640183,0.14195042799290764,1.001285488382134,2.1827911152494104e-08,1.1477842634432063,0.10213572023591212,0.006394789958333334,0.0009233311289262389,0.002373727235785772,0.001136993845090653,0.005408704583333337,1.1500438063870317,0.09887081547195163,0.0022595429438254655,-0.003264904763960491,-0.003282092617086002,1.010658811033534,2.1164671298281403e-07,-0.0004576639373041701,0.003982506795318992,0.003982506795318992,0.1204674214315354,0.9947631419552168,2.1390261530236645e-07,1.1468357322258782,0.10173755468214524,0.0036904376666666654,-0.0005460113221832708,0.001600629600336246,0.0010037751796730214,-0.0003055678083333374,1.1460470080873977,0.1026629114541291,-0.0007887241384805233,0.0009253567719838679,0.0009240119987792874,0.997103724057998,-1.0043700010401373e-08,-6.189317432136663e-05,-0.0007431901086536318,-0.0007431901086536318,0.17669976494962641,1.0014553633571395,-1.0014610683692562e-08]"
/multi_agv/m2b_algorithm_state,1789558490.0270693,1789558490.0270693,m2b_algorithm_state_v1:header6+3x20,"[1.0,-0.15,0.52,1.1489983272673499,0.10175670850222522,1789558490.0269687,1.1473653641596557,0.10139680249940002,0.0036904376666666654,0.0015393106035671623,0.0010518733659109717,0.00038529399790132287,0.0009860853749999966,1.1476729709614226,0.10239158236368197,0.0003076068017668909,0.0009947798642819528,0.0009932193374832415,0.9968744035205107,3.277234705009185e-08,0.0013777278396918551,-0.003817782675302505,-0.003817782675302505,0.14192678835100575,1.0015711804430485,3.2669913917527485e-08,1.148790597155143,0.10213567331369545,0.006394789958333334,0.0009233709219451502,0.0023737888971149257,0.0011369445195868189,0.005408704583333337,1.1511626726282445,0.09850847555922486,0.002372075473101365,-0.0036271977544705958,-0.003648469964992191,1.0118900180496342,2.61294757184664e-07,-0.0006833756236154847,0.004930496668039464,0.004930496668039464,0.12045257752122257,0.9941695530658862,2.644015565638644e-07,1.1478420412535155,0.10173759960840408,0.0036904376666666654,-0.0005465235834705164,0.0016006171081851314,0.0010040037273745138,-0.0003055678083333374,1.1471305827039306,0.10151354956957472,-0.0007114585495848758,-0.0002240500388293598,-0.00022412956500702087,1.000710499655037,-5.898271395116678e-10,-0.0011134527519881155,0.003503862933251324,0.003503862933251324,0.1766535932340789,0.9996451776557966,-5.902462114908222e-10]"
/multi_agv/m2b_algorithm_state,1789558490.037429,1789558490.037429,m2b_algorithm_state_v1:header6+3x20,"[1.0,-0.15,0.52,1.1500024428468718,0.10175669221326726,1789558490.0372586,1.1483643556333156,0.1013968303353499,0.0036904376666666654,0.0015391583727521543,0.00105189284998306,0.00038534984968445485,0.0009860853749999966,1.1486539436159937,0.10200121776281162,0.0002895879826780856,0.0006043874274617306,0.0006038096863506361,0.9980925545219522,1.2099375403661131e-08,0.0009657946646982431,-0.0021692118980306805,-0.0021692118980306805,0.14192910281247295,1.0009568265037057,1.2076296504760216e-08,1.1497895918257193,0.10213569476117314,0.006394789958333334,0.000923332299781498,0.002373793675108038,0.0011369587768437495,0.005408704583333337,1.1521589621224801,0.09876999053408637,0.0023693702967608754,-0.003365704227086763,-0.0033839836974806207,1.0110003826930352,2.2493167921424679e-07,-0.00042227082652952644,0.0039021403963165014,0.0039021403963165014,0.12045403088698106,0.9945982392269009,2.2740601376539052e-07,1.1488410343430149,0.10173760041015263,0.0036904376666666654,-0.0005464468760245241,0.0016006334529544922,0.001003961975420891,-0.0003055678083333374,1.1481476808019986,0.10166751575067619,-0.000693353541016295,-7.008465947644371e-05,-7.0092431942666e-05,1.000221861170342,-5.769964572691581e-11,-0.0009367843582130347,0.0028098480154753473,0.0028098480154753473,0.17665811337979964,0.9998891111920808,-5.77124470378451e-11]"
/multi_agv/m2b_algorithm_state,1789558490.0472157,1789558490.0472157,m2b_algorithm_state_v1:header6+3x20,"[1.0,-0.15,0.52,1.1509981413441637,0.10175672953961257,1789558490.0470634,1.1493684592566689,0.10139677897989317,0.0036904376666666654,0.0015395220667211917,0.0010518598980719931,0.0003852093419411864,0.0009860853749999966,1.1496265281394555,0.10132127167107051,0.0002580688827866773,-7.550730882266432e-05,-7.551637276051935e-05,1.0002401496726812,1.8898241603386545e-10,0.00024706973072282723,0.0006966287670061689,0.0006966287670061689,0.1419132589358949,0.9998799738715765,1.8902780009921847e-10,1.1507937218513717,0.1021356683691642,0.006394789958333334,0.0009233502126751742,0.0023738370135002462,0.0011369284676908537,0.005408704583333337,1.1531075876238963,0.09874519932058745,0.0023138657725245704,-0.003390469048576747,-0.0034090219885279205,1.011084420438946,2.2826196482955952e-07,-0.0005166897728722075,0.004244021878258402,0.004244021878258402,0.12044408142869019,0.9945576942555349,2.3079211641795024e-07,1.1498451474325744,0.10173762929074437,0.0036904376666666654,-0.0005467627227597554,0.0016006309080401687,0.0010041002092449638,-0.0003055678083333374,1.1491815060853394,0.1015750090090495,-0.0006636413472349556,-0.0001626202816948641,-0.00016266215786719685,1.0005153354318226,-3.108533219089287e-10,-0.0009922138419108913,0.003046719654501477,0.003046719654501477,0.17662717202440037,0.9997425573785456,-3.110135156398081e-10]"
/multi_agv/m2b_algorithm_state,1789558490.0574338,1789558490.0574338,m2b_algorithm_state_v1:header6+3x20,"[1.0,-0.15,0.52,1.1519956573856935,0.10175675466195401,1789558490.0573025,1.150364162822237,0.10139685839700252,0.0036904376666666654,0.001539029187551479,0.0010519130133115327,0.0003853953587892279,0.0009860853749999966,1.150614754728383,0.10145578958608419,0.0002505919061459583,5.893118908166517e-05,5.892567355573287e-05,0.9998128564619981,1.150677619259648e-10,0.0003721655562381807,0.0001910421775390711,0.0001910421775390711,0.1419272515831192,1.0000936014066446,1.1504622773788802e-10,1.1517894134878939,0.10213571987674845,0.006394789958333334,0.0009232767705331102,0.0023738164311901677,0.001136971011407667,0.005408704583333337,1.1540874511472796,0.09874519932058745,0.0022980376593857432,-0.0033905205561610002,-0.0034090740541736424,1.0110845876201833,2.2825069787311503e-07,-0.0005365269799414633,0.004313535410209631,0.004313535410209631,0.12045286840616343,0.9945576136752068,2.3078076273305756e-07,1.1508408477223606,0.10173761034508672,0.0036904376666666654,-0.0005464250083146642,0.0016006598790398122,0.0010039387511119814,-0.0003055678083333374,1.1501646891894188,0.10116163150003157,-0.0006761585329417841,-0.0005759788450551417,-0.0005765058221402792,1.0018338423717255,-3.898297833906799e-09,-0.0014217039883175093,0.004749067786761478,0.004749067786761478,0.1766544979299749,0.9990859119459001,-3.905446697652223e-09]"
/multi_agv/m2b_algorithm_state,1789558490.0672455,1789558490.0672455,m2b_algorithm_state_v1:header6+3x20,"[1.0,-0.15,0.52,1.1529927130520374,0.1017567821648147,1789558490.067049,1.1513616803823583,0.10139690577220907,0.0036904376666666654,0.0015387484544059447,0.0010519480989962023,0.0003854987963400028,0.0009860853749999966,1.1516702243173615,0.10195510032202082,0.00030854393500323596,0.0005581945498117497,0.0005577015744775554,0.9982374146991233,1.0318148138202633e-08,0.0009433814932316004,-0.002068478854702672,-0.002068478854702672,0.14193480268470884,1.0008839410838242,1.0299961521961968e-08,1.1527869276432972,0.10213575397461504,0.006394789958333334,0.0009232214458411055,0.002373810772810625,0.001136997937983067,0.005408704583333337,1.1551197876469341,0.09907624693801842,0.0023328600036369718,-0.0030595070365966176,-0.0030745768796861354,1.0099651414247306,1.8580832490809926e-07,-0.00015850187513992073,0.002842743788026781,0.002842743788026781,0.12045761007178431,0.9950985635815176,1.8765993114370077e-07,1.1518383641314254,0.10173760423903794,0.0036904376666666654,-0.0005462490929293846,0.0016006804577481173,0.0010038517932606508,-0.0003055678083333374,1.1511225298338121,0.10057855304919332,-0.0007158342976132381,-0.0011590511898446204,-0.0011611945834015323,1.0037147570798866,-1.5787015022862457e-08,-0.00205598745541808,0.007242127289440995,0.007242127289440995,0.17666924548888097,0.9981541478167826,-1.584565994868891e-08]"
/multi_agv/m2b_algorithm_state,1789558490.0772033,1789558490.0772033,m2b_algorithm_state_v1:header6+3x20,"[1.0,-0.15,0.52,1.1539955788407716,0.1017567722257175,1789558490.0770514,1.1523587385390825,0.10139695737281734,0.0036904376666666654,0.001538441632247616,0.0010519880776937098,0.0003856109973995514,0.0009860853749999966,1.1527308174491597,0.10229816537931795,0.0003720789100771782,0.0009012080065006062,0.0008999263412971553,0.997165391152611,2.6883596054666148e-08,0.0013650249788936279,-0.003729455122747121,-0.003729455122747121,0.14194398699993768,1.0014241890081843,2.680739157543996e-08,1.15378398057472,0.1021357917459381,0.006394789958333334,0.0009231602289644786,0.002373802568047978,0.0011370287433702525,0.005408704583333337,1.1560892409674663,0.09891232241076875,0.0023052603927462556,-0.003223469335169357,-0.0032402184245580072,1.010518613060514,2.0626505707269165e-07,-0.00035864293362518774,0.0036168781373982755,0.0036168781373982755,0.12046337711794623,0.9948308764428637,2.0843467939594412e-07,1.1528354200423097,0.10173759737568862,0.0036904376666666654,-0.0005460533036986564,0.0016007016026122764,0.0010037559262451303,-0.0003055678083333374,1.1520804915243053,0.10012559969193367,-0.0007549285180044052,-0.0016119976837549455,-0.0016161578824420862,1.0051930114289995,-3.053515178148171e-08,-0.002559818529947593,0.009210793270999142,0.009210793270999142,0.17668718393734875,0.9974258711154789,-3.069372117366918e-08]"
/multi_agv/m2b_algorithm_state,1789558490.0874894,1789558490.0874894,m2b_algorithm_state_v1:header6+3x20,"[1.0,-0.15,0.52,1.1549958673429466,0.10175677880118954,1789558490.0873628,1.1533615950839622,0.10139691810610177,0.0036904376666666654,0.001538728370286394,0.001051968690449589,0.00038549679150091335,0.0009860853749999966,1.1537492869727448,0.1018149189948969,0.0003876918887826264,0.0004180008887951364,0.0004177241502561277,0.9986779914100404,5.786588104405683e-09,0.0009023390112344107,-0.0018576495725707255,-0.0018576495725707255,0.14193257058928488,1.0006624911172577,5.778938185225101e-09,1.1547868583539624,0.1021357752437173,0.006394789958333334,0.0009231624838173594,0.0023738385395721817,0.0011370090539993966,0.005408704583333337,1.1569046625898411,0.09821989023317612,0.0021178042358787064,-0.003915885010541173,-0.003940732158512891,1.0128780952873384,3.0452845053437845e-07,-0.001293476863664508,0.007189620594019246,0.007189620594019246,0.12045620846029886,0.9936947889447287,3.084501969380657e-07,1.1538382830843905,0.10173762332733342,0.0036904376666666654,-0.0005463096389926787,0.0016007008655642765,0.0010038674233681742,-0.0003055678083333374,1.1531813274946394,0.10123740281477639,-0.0006569555897510959,-0.0005002205125570341,-0.0005006177518739027,1.0015912676578296,-2.939480406953087e-09,-0.0013218122390627725,0.004362575549678742,0.004362575549678742,0.1766648860563179,0.9992065017363415,-2.9441579070554954e-09]"
/multi_agv/m2b_algorithm_state,1789558490.0970445,1789558490.0970445,m2b_algorithm_state_v1:header6+3x20,"[1.0,-0.15,0.52,1.1559957417318711,0.1017567878084961,1789558490.0969448,1.154361879519567,0.10139692071663543,0.0036904376666666654,0.0015387383387811923,0.001051975503628099,0.000385488926698082,0.0009860853749999966,1.1544661486967982,0.10220875548280953,0.00010426917723127538,0.0008118347661740938,0.0008107939972771309,0.9974438983930165,2.18214829548935e-08,0.0009411304688162251,-0.0021780892844305137,-0.0021780892844305137,0.14193029251335276,1.0012836415914006,2.1765705027245734e-08,1.1557871521028573,0.10213578265167285,0.006394789958333334,0.0009231378348902933,0.002373854279732246,0.0011370115514499207,0.005408704583333337,1.1578806966225426,0.09821989023317612,0.002093544519685242,-0.0039158924184967275,-0.003940739659393718,1.0128781194487835,3.04521462726208e-07,-0.0013238090097871654,0.0072957580717934005,0.0072957580717934005,0.12045477796551585,0.993694777365523,3.084431264979144e-07,1.1548385704064155,0.10173763303526034,0.0036904376666666654,-0.0005463542902921438,0.0016007106071467938,0.0010038817114066444,-0.0003055678083333374,1.1541383898467552,0.10176877958267602,-0.0007001805596602573,3.1146547415678016e-05,3.114501350874071e-05,0.9999015155242585,-1.1393120166714083e-11,-0.0008440806860665809,0.002436443226653588,0.002436443226653588,0.1766604369019446,1.0000492504823244,-1.1391998121247404e-11]"
/multi_agv/m2b_algorithm_state,1789558490.1071553,1789558490.1071553,m2b_algorithm_state_v1:header6+3x20,"[1.0,-0.15,0.52,1.156996636592548,0.10175679009064875,1789558490.1070194,1.1553617506778526,0.10139692968320815,0.0036904376666666654,0.0015387055856690476,0.0010519865253773007,0.0003854973910238505,0.0009860853749999966,1.1555293130802238,0.10262561544807361,0.0001675624023711464,0.0012286857648654559,0.0012263093209027344,0.9961497613485348,4.996786602524119e-08,0.0014357623238666674,-0.004135281108099166,-0.004135281108099166,0.14192948265308336,1.0019378829812466,4.9775477816139575e-08,1.1567870306761583,0.10213579364067445,0.006394789958333334,0.0009231090572500433,0.0023738668328612267,0.001137017496535081,0.005408704583333337,1.1589265280547745,0.09917716793113235,0.002139497378616184,-0.002958625709542098,-0.002972707381630953,1.0096255914314494,1.7372464771194826e-07,-0.000298335658360723,0.003289498350988648,0.003289498350988648,0.12045426940063396,0.995263014390226,1.7539685019239594e-07,1.1558384438416027,0.10173764010160566,0.0036904376666666654,-0.0005463659269117553,0.0016007219384260533,0.001003880861692891,-0.0003055678083333374,1.1551058761885782,0.10091443047405285,-0.0007325676530245406,-0.0008232096275528067,-0.0008242881094984792,1.0026283572212624,-7.963598883090899e-09,-0.001739997675779155,0.005982097742098931,0.005982097742098931,0.17665885519790567,0.9986916201589651,-7.984530065722508e-09]"
/multi_agv/m2b_algorithm_state,1789558490.1171317,1789558490.1171317,m2b_algorithm_state_v1:header6+3x20,"[1.0,-0.15,0.52,1.1579972442977162,0.10175679407457235,1789558490.1170232,1.1563626402449816,0.10139692287641959,0.0036904376666666654,0.0015387746685844752,0.0010519870841222633,0.0003854671555689048,0.0009860853749999966,1.156618152492163,0.1032277382010088,0.00025551224718145527,0.0018308153245892161,0.0018255630219491269,0.9943022338290127,1.1089872484805362e-07,0.002144953330925946,-0.006953108557025571,-0.006953108557025571,0.14192505513679907,1.0028770864532968,1.1026684984520875e-07,1.157787932262635,0.10213579490992304,0.006394789958333334,0.0009230918546513818,0.002373887010261422,0.0011370144578228686,0.005408704583333337,1.1599119356343968,0.09917716793113235,0.0021240033717617735,-0.0029586269787906933,-0.0029727086628556537,1.0096255955347253,1.737215584544907e-07,-0.0003177044481534369,0.003357512672541368,0.003357512672541368,0.12045148913308146,0.995263012403162,1.7539373191183578e-07,1.156839337270027,0.10173765248560362,0.0036904376666666654,-0.000546454705263251,0.0016007295628855615,0.0010039153786701631,-0.0003055678083333374,1.1559730047056325,0.09944182704913403,-0.0008663325643945008,-0.002295825436469598,-0.0023043076188318974,1.0074533019632623,-6.201035512336589e-08,-0.0033872233243250234,0.012404867176390628,0.012404867176390628,0.17665020833401618,0.9963189887092422,-6.247253702494947e-08]"
/multi_agv/m2b_algorithm_state,1789558490.127101,1789558490.127101,m2b_algorithm_state_v1:header6+3x20,"[1.0,-0.15,0.52,1.1589986811073671,0.10175679262759713,1789558490.1269686,1.1573632432320862,0.10139692107984871,0.0036904376666666654,0.0015388092547999454,0.0010519905226854748,0.0003854503752035354,0.0009860853749999966,1.1576847532817707,0.10337784457971702,0.0003215100496845036,0.001980923499868309,0.0019747816275203387,0.9938456514113948,1.2981787856523648e-07,0.0023766691896259682,-0.007853628742999648,-0.007853628742999648,0.14192164577562022,1.003110152668213,1.290189340875128e-07,1.1587885458756801,0.10213579866639073,0.006394789958333334,0.0009230721608650631,0.002373904733891541,0.001137013775455109,0.005408704583333337,1.1604087756302628,0.09835123125273011,0.0016202297545826472,-0.003784567413660622,-0.0038077530100069906,1.012427854084742,2.8439539168689755e-07,-0.0017824658167786816,0.008846439940148174,0.008846439940148174,0.12044934817260657,0.9939109505565527,2.879298161171554e-07,1.1578399437853826,0.10173766247747765,0.0036904376666666654,-0.0005465166230305385,0.001600738557777993,0.0010039375395505283,-0.0003055678083333374,1.1570171544594243,0.10091749730209702,-0.0008227893259582508,-0.0008201651753806244,-0.0008212356700283211,1.0026185456090921,-7.906967734826505e-09,-0.0018497223274761346,0.0063690422741361635,0.0063690422741361635,0.176643550091993,0.9986964830111924,-7.927672490469767e-09]"
/multi_agv/m2b_algorithm_state,1789558490.1370797,1789558490.1370797,m2b_algorithm_state_v1:header6+3x20,"[1.0,-0.15,0.52,1.1599956852158304,0.10175681921425793,1789558490.1369243,1.1583646736458344,0.1013969070409802,0.0036904376666666654,0.001538922055017268,0.0010519854279748661,0.0003854041305730218,0.0009860853749999966,1.1581029509375278,0.10324054083344161,-0.00026172270830659983,0.0018436337924614132,0.0018383082017325947,0.9942631806361896,1.1246679462327333e-07,0.001511154816349345,-0.004694687925875678,-0.004694687925875678,0.14191529778469744,1.002897006456153,1.1182159293809285e-07,1.1597899905808906,0.10213579455361295,0.006394789958333334,0.0009230621860386277,0.0023739284205701594,0.0011370057780474702,0.005408704583333337,1.16138658858729,0.09835123125273011,0.0015965980063994412,-0.003784563300882837,-0.0038077488473991093,1.0124278406869753,2.843917049778199e-07,-0.0018120013393998079,0.008949850174598647,0.008949850174598647,0.12044536180249318,0.9939109569865382,2.879260797799816e-07,1.1588413790953767,0.10173767628819823,0.0036904376666666654,-0.0005466375535130457,0.0016007447860544987,0.0010039867196885476,-0.0003055678083333374,1.1576794950229794,0.10231102735074259,-0.0011618840723972568,0.0005733510625443583,0.0005728334167962586,0.9981982464270993,-3.861207933158114e-09,-0.0008795216737003124,0.002323467315674082,0.002323467315674082,0.17663115346788036,1.0009036584335371,-3.854250987968833e-09]"
/multi_agv/m2b_algorithm_state,1789558490.1470685,1789558490.1470685,m2b_algorithm_state_v1:header6+3x20,"[1.0,-0.15,0.52,1.1609995194107359,0.10175680183876935,1789558490.1470008,1.1593616803185829,0.10139696103892258,0.0036904376666666654,0.0015385894935362183,0.0010520256142406478,0.00038552738068274583,0.0009860853749999966,1.1591297106154665,0.10310934453398583,-0.00023196970311634146,0.0017123834950632522,0.0017077846034125857,0.9946635933244051,9.701190794521237e-08,0.0014178224745171589,-0.004299558532401661,-0.004299558532401661,0.14192466236035517,1.0026928991170647,9.649421295204133e-08,1.1607869914574764,0.10213583122609766,0.006394789958333334,0.0009230040221061345,0.0023739187249380844,0.0011370360355192344,0.005408704583333337,1.162498074841654,0.10009771756320646,0.0017110833841775808,-0.0020381136628912083,-0.002044749625878847,1.0065621520873174,8.23815524077512e-08,9.410460434312916e-05,0.001502442860238302,0.001502442860238302,0.12045124248796661,0.9967546329860378,8.292215268384017e-08,1.159838383871432,0.10173766537775351,0.0036904376666666654,-0.0005464186465529287,0.0016007673026052441,0.0010038801182603758,-0.0003055678083333374,1.158585284926294,0.10035929507791379,-0.0012530989451378094,-0.0013783702998397263,-0.0013814066303502641,1.0044286580330233,-2.233703188583429e-08,-0.002947780311772526,0.010484455188357954,0.010484455188357954,0.17664944126683585,0.9978020009142653,-2.2435954961529387e-08]"
/multi_agv/m2b_algorithm_state,1789558490.1570656,1789558490.1570656,m2b_algorithm_state_v1:header6+3x20,"[1.0,-0.15,0.52,1.1619928724174347,0.10175685103949468,1789558490.156886,1.1603655032959024,0.10139690840447899,0.0036904376666666654,0.0015389534600773447,0.0010519960167357117,0.0003853850099664825,0.0009860853749999966,1.1604653064698025,0.10310180183833387,9.980317390012594e-05,0.0017048934338548816,0.001700334423234986,0.9946864763708628,9.618839403260958e-08,0.0018250883906101435,-0.005750053163150751,-0.005750053163150751,0.14190981677665182,1.002681243499865,9.567729472806854e-08,1.161790839697888,0.10213580416555695,0.006394789958333334,0.0009230204842742857,0.002373960861456803,0.001137006980362773,0.005408704583333337,1.1634927299455424,0.10009771756320646,0.0017018902476544362,-0.0020380866023504973,-0.002044722390194997,1.0065620653444367,8.238084277896076e-08,8.264041937304815e-05,0.0015428502377694076,0.0015428502377694076,0.12044191977034141,0.996754675413973,8.292143125240607e-08,1.1608422152384168,0.10173769294627215,0.0036904376666666654,-0.0005467302383095544,0.0016007641394510733,0.0010040168292266179,-0.0003055678083333374,1.1597889110301425,0.09922557439161053,-0.0010533042082743194,-0.002512118554661616,-0.0025222908605367117,1.0081754059677397,-7.429281887663438e-08,-0.003838921120879611,0.014080002728948248,0.014080002728948248,0.17662045031429693,0.995967036936838,-7.490019283143862e-08]"
/multi_agv/m2b_algorithm_state,1789558490.166958,1789558490.166958,m2b_algorithm_state_v1:header6+3x20,"[1.0,-0.15,0.52,1.1629957712880479,0.1017568388911061,1789558490.1668797,1.1613588662032985,0.10139701739931066,0.0036904376666666654,0.0015382601435792163,0.001052073223805071,0.0003856453775111094,0.0009860853749999966,1.1615126142177397,0.10333520910452006,0.00015374801444112407,0.0019381917052093967,0.0019323100538038622,0.9939754741319746,1.242370387841579e-07,0.002124495071855267,-0.006932210996094682,-0.006932210996094682,0.14193212375555583,1.003043844539315,1.2348856953023587e-07,1.162784180415283,0.10213587382610019,0.006394789958333334,0.0009229231336315025,0.0023739239935445244,0.0011370683598165426,0.005408704583333337,1.1646710085537717,0.09900578028241204,0.0018868281384887275,-0.0031300935436881505,-0.0031458751644353263,1.0102031540388596,1.9442664522644463e-07,-0.0007873399913244168,0.005080743089086243,0.005080743089086243,0.12045592788111278,0.9949833925625563,1.9641041023694876e-07,1.161835570633723,0.10173766189307318,0.0036904376666666654,-0.0005462356279571719,0.0016007997796390842,0.0010037838924805646,-0.0003055678083333374,1.1609540231881337,0.10130132406599207,-0.0008815474455892147,-0.0004363378270811069,-0.00043663993662035826,1.0013870407223797,-2.2362237502768142e-09,-0.0015385742436068767,0.005103369339192133,0.005103369339192133,0.17666401337512008,0.999308103739686,-2.239325483682801e-09]"
/multi_agv/m2b_algorithm_state,1789558490.177001,1789558490.177001,m2b_algorithm_state_v1:header6+3x20,"[1.0,-0.15,0.52,1.16399265159522,0.10175686508023996,1789558490.17682,1.1623617558223245,0.10139697581984122,0.0036904376666666654,0.0015385530468914523,0.0010520534836687915,0.0003855286827320447,0.0009860853749999966,1.1624652265827067,0.10253561527193264,0.00010347076038219605,0.0011386394520914167,0.0011365971743765918,0.9964282682918841,4.29108170389924e-08,0.0012659356248543368,-0.0034877211774218776,-0.0034877211774218776,0.14192059200646662,1.0017968351152597,4.275755111315307e-08,1.1637870913110748,0.10213585465020852,0.006394789958333334,0.0009229284772957532,0.0023739600690808604,0.0011370472773072626,0.005408704583333337,1.1656582407316265,0.09900578028241204,0.0018711494205516654,-0.0031300743677964843,-0.0031458557969705407,1.010203091948162,1.9442540334194363e-07,-0.0008069190212809589,0.005149465931543025,0.005149465931543025,0.12044868645140058,0.9949834225747876,1.9640914360929995e-07,1.1628384667307443,0.10173768620326856,0.0036904376666666654,-0.000546492760735377,0.00160079874132899,0.0010038958919264722,-0.0003055678083333374,1.1620577110648533,0.10161980128984759,-0.0007807556658909753,-0.0001178849134209764,-0.00011790691157942077,1.000373380997522,-1.632655038383683e-10,-0.00109385149394314,0.0033880960505610577,0.0033880960505610577,0.17664149223728753,0.9998134277443985,-1.633264640750524e-10]"
/multi_agv/m2b_algorithm_state,1789558490.1871293,1789558490.1871293,m2b_algorithm_state_v1:header6+3x20,"[1.0,-0.15,0.52,1.1649995291114366,0.10175682699299875,1789558490.1870449,1.1633586390031767,0.1013970281133063,0.0036904376666666654,0.0015382306554556505,0.0010520950817724186,0.00038564679013179323,0.0009860853749999966,1.1634464886962685,0.1020888223236301,8.784969309183488e-05,0.0006917942103238095,0.0006910377826428284,0.9978188758357038,1.584151139913513e-08,0.000800849899007622,-0.0016237075721725678,-0.0016237075721725678,0.14193039616015896,1.0010946256485256,1.5806959095823505e-08,1.1647839683898327,0.10213589112597479,0.006394789958333334,0.0009228689111116829,0.0023739503838382525,0.0011370781372044975,0.005408704583333337,1.1665147377718856,0.09940482372609315,0.0017307693820529657,-0.0027310673998816454,-0.002743045574871379,1.0088624423037453,1.4796866020771638e-07,-0.000579583847305172,0.004178346422398775,0.004178346422398775,0.12045484305170188,0.9956332570266189,1.4928002392156976e-07,1.1638353473926504,0.10173767600143879,0.0036904376666666654,-0.0005462804704851995,0.0016008204345592811,0.00100379258690521,-0.0003055678083333374,1.1630136163144962,0.10074488982407082,-0.0008217310781541975,-0.000992786177367977,-0.00099435676075868,1.0031758844368994,-1.158196085773109e-08,-0.002021520608451427,0.007050203145607264,0.007050203145607264,0.17666063932082743,0.9984205031305818,-1.1618743826967937e-08]"
/multi_agv/m2b_algorithm_state,1789558490.1969872,1789558490.1969872,m2b_algorithm_state_v1:header6+3x20,"[1.0,-0.15,0.52,1.165995710278822,0.10175685762338553,1789558490.1968977,1.1643654991120613,0.10139692544042081,0.0036904376666666654,0.001538919523990206,0.001052034035488258,0.00038537994462389553,0.0009860853749999966,1.1642684120579305,0.10227952534662978,-9.708705413080665e-05,0.0008825999062089668,0.0008813704481167164,0.9972233302129806,2.5793233463164067e-08,0.0007600116304532081,-0.0015657863223948344,-0.0015657863223948344,0.1419047631797022,1.0013949390915902,2.5721614171097363e-08,1.165790867886577,0.1021358342884701,0.006394789958333334,0.000922919543093979,0.0023740163254211133,0.001137021886414069,0.005408704583333337,1.1675991461858315,0.1005179198916222,0.001808278299254562,-0.0016179143968478998,-0.0016220828492153805,1.005184482690855,5.189481991947801e-08,0.0006382650248528221,-0.0006056748310655062,-0.0006056748310655062,0.12043874607967492,0.997430185289551,5.216386771509558e-08,1.1648422203356714,0.10173772125010533,0.0036904376666666654,-0.0005468384137486382,0.0016008050861088703,0.0010040424219512996,-0.0003055678083333374,1.1635518485543974,0.0996506956372234,-0.0012903717812740023,-0.002087025612881932,-0.0020940240304308595,1.006759484723252,-5.127282724841571e-08,-0.0037069887570233624,0.013447677827003185,0.013447677827003185,0.17661058221720344,0.996657909628913,-5.161940514091931e-08]"
/multi_agv/m2b_algorithm_state,1789558490.20708,1789558490.20708,m2b_algorithm_state_v1:header6+3x20,"[1.0,-0.15,0.52,1.1670001340827032,0.10175683523812172,1789558490.2069762,1.1653616844972514,0.10139699174371995,0.0036904376666666654,0.0015385002106207833,0.0010520823674563307,0.00038553656143334135,0.0009860853749999966,1.1653192652936026,0.10250813279145182,-4.241920364878027e-05,0.00111114104773187,0.0011091958165338333,0.9965134340567566,4.086263824565265e-08,0.001056171811972858,-0.0027273187657751176,-0.0027273187657751176,0.1419170432278985,1.0017537310987301,4.072016796279428e-08,1.1667870436515313,0.1021358770991661,0.006394789958333334,0.0009228546981722985,0.002374000118127384,0.0011370584273417417,0.005408704583333337,1.1686200585056663,0.09986628432214188,0.0018330148541350066,-0.0022695927770242236,-0.0022778361392137405,1.007326615872813,1.0215612944394001e-07,1.3432428455017846e-05,0.0018893412355924777,0.0018893412355924777,0.12044645790421173,0.996381055666119,1.0290458816342911e-07,1.1658384026876838,0.10173770402727052,0.0036904376666666654,-0.0005465508669900867,0.0016008308604328232,0.0010039043726706972,-0.0003055678083333374,1.1645112612358786,0.09997634580659923,-0.001327141451805236,-0.0017613582206712913,-0.001766330672406885,1.0056837569246586,-3.6492630419182586e-08,-0.00342525748716343,0.012324888938604702,0.012324888938604702,0.17663456196644745,0.9971848692811193,-3.6700045660026623e-08]"
/multi_agv/m2b_algorithm_state,1789558490.2171223,1789558490.2171223,m2b_algorithm_state_v1:header6+3x20,"[1.0,-0.15,0.52,1.1679939656643816,0.10175688029846967,1789558490.2170503,1.16636609589881,0.10139692921516383,0.0036904376666666654,0.001538922877084814,0.0010520465300246865,0.0003853719921802362,0.0009860853749999966,1.1663069150168701,0.10168551523522618,-5.918088193990201e-05,0.000288586020062348,0.00028845398433309126,0.9990859471477295,2.758756768840804e-09,0.00021447788190821375,0.0006467659130576383,0.0006467659130576383,0.1419001098325511,1.0004577358484474,2.7562351193475242e-09,1.1677914829201708,0.10213584305458705,0.006394789958333334,0.0009228797138908559,0.0023740465124022503,0.0011370234493959797,0.005408704583333337,1.1696113721890244,0.09986628432214188,0.0018198892688536805,-0.002269558732445165,-0.002277801849001136,1.0073265065095378,1.021558473459002e-07,-2.9402629340355424e-06,0.0019470044040126254,0.0019470044040126254,0.12043582369496514,0.9963811090242174,1.029042928264673e-07,1.1668428234291293,0.10173773344461429,0.0036904376666666654,-0.0005469047066300474,0.0016008255520879363,0.0010040605125868898,-0.0003055678083333374,1.1655471231967773,0.10056798264242603,-0.0012957002323519262,-0.0011697508021882574,-0.0011719341242692094,1.0037494973045926,-1.6099237550759623e-08,-0.002791559414709117,0.009846404992535604,0.009846404992535604,0.17660149601120959,0.9981369924846984,-1.615960159856219e-08]"
/multi_agv/m2b_algorithm_state,1789558490.2270901,1789558490.2270901,m2b_algorithm_state_v1:header6+3x20,"[1.0,-0.15,0.52,1.16899783553293,0.10175686085648837,1789558490.226958,1.1673599364407832,0.10139703073349593,0.0036904376666666654,0.0015382720990394952,0.0010521187169199473,0.000385616532127125,0.0009860853749999966,1.1672647726228438,0.10094499472461343,-9.51638179393921e-05,-0.00045203600888249484,-0.00045236178609927403,1.001443841179851,6.769398122580386e-09,-0.0005713165585235142,0.0037663092190147033,0.0037663092190147033,0.14192071728577502,0.9992798303773881,6.779172058352573e-09,1.1687853032610702,0.102135906960655,0.006394789958333334,0.0009227897588936695,0.0023740127900653274,0.001137079986555975,0.005408704583333337,1.169876794040782,0.09767456977150105,0.0010914907797117124,-0.004461337189153952,-0.004493721470844656,1.0147621028539042,3.952464542014479e-07,-0.0031293579962050153,0.013830623007829813,0.013830623007829813,0.12044876512599281,0.9927934381556994,4.010811230110106e-07,1.167836657291292,0.10173770320125809,0.0036904376666666654,-0.0005464399627022856,0.00160085970490852,0.0010038412956305805,-0.0003055678083333374,1.1665665871166837,0.10039495068265829,-0.0012700701746082288,-0.0013427525185998046,-0.0013456331779440724,1.0043124776240335,-2.11978624644654e-08,-0.0029332208962043584,0.010418444895276331,0.010418444895276331,0.1766417368847954,0.997859253627598,-2.1289277772020747e-08]"
/multi_agv/m2b_algorithm_state,1789558490.237391,1789558490.237391,m2b_algorithm_state_v1:header6+3x20,"[1.0,-0.15,0.52,1.1700083871978284,0.10175679862469426,1789558490.2373557,1.1683637950983803,0.10139697443974766,0.0036904376666666654,0.0015386542890411313,0.0010520887719899885,0.0003854664429175365,0.0009860853749999966,1.1676565824416902,0.10134542647232263,-0.0007072126566900483,-5.1547967425027985e-05,-5.155219101861798e-05,1.000163902389569,8.802660749702452e-11,-0.0009355680118811783,0.004882507843185893,0.004882507843185893,0.14190574611892331,0.9999180715017822,8.804103526833893e-11,1.1697891873998896,0.10213587742300964,0.006394789958333334,0.0009228082534370689,0.002374055600878666,0.0011370496995638107,0.005408704583333337,1.170930653287107,0.09865420413276671,0.0011414658872175298,-0.0034816732902429315,-0.003501251247514001,1.0113942645867604,2.4058000434741524e-07,-0.0020744188884920887,0.009743717564830306,0.009743717564830306,0.12043936337626175,0.9944082969524194,2.4332123657123364e-07,1.1688405241005202,0.10173773070670782,0.0036904376666666654,-0.0005467624552390493,0.0016008555326207704,0.0010039832566263794,-0.0003055678083333374,1.166811030403061,0.09949830749819517,-0.002029493697459195,-0.002239423208512642,-0.0022474902949346028,1.007265560693845,-5.9031955099253955e-08,-0.004784357416758596,0.017302086102497675,0.017302086102497675,0.17661250152617025,0.9964106245797179,-5.9460855351903917e-08]"
/multi_agv/m2b_algorithm_state,1789558490.2471757,1789558490.2471757,m2b_algorithm_state_v1:header6+3x20,"[1.0,-0.15,0.52,1.1709961134212825,0.10175688208849328,1789558490.2470884,1.1693743217752621,0.10139681929251322,0.0036904376666666654,0.001539675470047418,0.0010519890592816327,0.0003850756647114258,0.0009860853749999966,1.1687328223540279,0.10209380036692467,-0.0006414994212342595,0.0006969810744114485,0.0006962132892819779,0.997802645939231,1.6095010799977623e-08,-0.00010566098726084647,0.001601343155918536,0.001601343155918536,0.14191040901707,1.0011028016001569,1.605964436263817e-08,1.170799769668525,0.10213578544534987,0.006394789958333334,0.0009229039371468099,0.0023741474120901884,0.0011369604619668877,0.005408704583333337,1.1720735043766262,0.09922228284553848,0.0012737347081011041,-0.0029135025998113934,-0.002927153358365862,1.0094739626016598,1.6842369586607955e-07,-0.001334984973239482,0.00691129241996804,0.00691129241996804,0.1204423263188572,0.9953365072193932,1.700193356619481e-07,1.1698510701496978,0.10173779113621964,0.0036904376666666654,-0.0005475704512811195,0.001600828797964993,0.0010043474043776647,-0.0003055678083333374,1.1677160728300968,0.09966611481967155,-0.002134997319600984,-0.002071676316548088,-0.002078571364744131,1.0067086019694544,-5.058851983404329e-08,-0.004747318014245361,0.017106680165938574,0.017106680165938574,0.17662171863448436,0.9966827945804535,-5.0927898077833743e-08]"
/multi_agv/m2b_algorithm_state,1789558490.2572072,1789558490.2572072,m2b_algorithm_state_v1:header6+3x20,"[1.0,-0.15,0.52,1.1719981143770404,0.10175687424040669,1789558490.257059,1.1703620690505407,0.10139701863451521,0.0036904376666666654,0.0015383774228119652,0.0010521221774271168,0.0003855690782502718,0.0009860853749999966,1.1703900390057034,0.10250147284409761,2.7969955162632232e-05,0.0011044542095823978,0.001102532223922972,0.996534153200683,4.036926411753428e-08,0.0011374946678762623,-0.0030141379396687097,-0.0030141379396687097,0.14190933977944206,1.0017432466985745,4.022935043270174e-08,1.171787468851363,0.10213590496810297,0.006394789958333334,0.0009227517370998303,0.0023740662902413945,0.001137068638829064,0.005408704583333337,1.1730615303009617,0.09922228284553848,0.0012740614495987401,-0.002913622122564491,-0.0029272739914764953,1.0094743488385003,1.6840965822961278e-07,-0.0013346971794780701,0.0069101800097305125,0.0069101800097305125,0.12044162022811149,0.9953363200876464,1.7000523007945273e-07,1.1708388023619438,0.10173772266286167,0.0036904376666666654,-0.0005466101445994278,0.001600887419906983,0.0010039006482959502,-0.0003055678083333374,1.1693895171978648,0.10082024057256274,-0.0014492851640790505,-0.0009174820902989322,-0.0009188226828585823,1.0029324826632215,-9.897044351395235e-09,-0.0027304291379573954,0.009526563725273565,0.009526563725273565,0.176619518902385,0.9985409670607182,-9.926067262372837e-09]"
/multi_agv/m2b_algorithm_state,1789558490.2670827,1789558490.2670827,m2b_algorithm_state_v1:header6+3x20,"[1.0,-0.15,0.52,1.1730001739477254,0.10175686606039368,1789558490.2670069,1.1713640626906243,0.10139699178763448,0.0036904376666666654,0.0015385638114856015,0.0010521116266453577,0.00038549377372203413,0.0009860853749999966,1.1714101293141872,0.10244634358414388,4.606662356287927e-05,0.001049351796509404,0.001047616080734005,0.9967049974348979,3.644748596962992e-08,0.001105199360187604,-0.0028731400253814536,-0.0028731400253814536,0.1419009937221536,1.0016568242959607,3.632739140986847e-08,1.1727894791576814,0.10213589242393004,0.006394789958333334,0.0009227505746910282,0.0023740943419228167,0.0011370545505700186,0.005408704583333337,1.1742826033111406,0.09656439999468361,0.0014931241534592576,-0.005571492429246427,-0.005622423402035201,1.0186663068263153,6.168093732253827e-07,-0.0037560182102111287,0.016446174255171635,0.016446174255171635,0.12043637879736033,0.9909414554637885,6.28322926239355e-07,1.1718408012828156,0.10173773850965558,0.0036904376666666654,-0.0005467817897798276,0.0016008904126577524,0.0010039734946185397,-0.0003055678083333374,1.1703514517790456,0.09983022986605222,-0.0014893495037699989,-0.0019075086436033534,-0.0019133469640135435,1.0061655458995507,-4.2822132028079037e-08,-0.003775033843726042,0.013616470940797619,0.013616470940797619,0.17660322185899513,0.9969486347641082,-4.308615384861477e-08]"
/multi_agv/m2b_algorithm_state,1789558490.2771528,1789558490.2771528,m2b_algorithm_state_v1:header6+3x20,"[1.0,-0.15,0.52,1.1739965669992312,0.10175689385559607,1789558490.277038,1.1723661148022166,0.10139696584238655,0.0036904376666666654,0.0015387415601486338,0.0010521002923782768,0.00038542262184342816,0.0009860853749999966,1.172386618737048,0.1023686724629214,2.0503934831328507e-05,0.0009717066205348485,0.0009702173876703568,0.996946103430434,3.125864977187187e-08,0.0009958473062095174,-0.002447211065131163,-0.002447211065131163,0.14189244093434364,1.0015349476142328,3.1163189088564286e-08,1.173791547989458,0.1021358793290168,0.006394789958333334,0.0009227512486907081,0.0023741221251978306,0.0011370398058693915,0.005408704583333337,1.1753086602230844,0.09724581953263613,0.0015171122336263831,-0.004890059796380672,-0.00492909325953632,1.01625872967069,4.749640785998493e-07,-0.0030327029675033413,0.013662545369771082,0.013662545369771082,0.12043100738008845,0.9920810053491826,4.826863911570926e-07,1.1728428590515017,0.10173775300977765,0.0036904376666666654,-0.0005469461374251919,0.0016008939948878656,0.0010040428710291985,-0.0003055678083333374,1.171306240337792,0.09934658542705728,-0.001536618713709581,-0.0023911675827203716,-0.0024003755147154163,1.0077711706245511,-6.733234704781132e-08,-0.004321148906852392,0.01572947800697008,0.01572947800697008,0.17658652227508473,0.9961639618723839,-6.785559820527135e-08]"
/multi_agv/m2b_algorithm_state,1789558490.28706,1789558490.28706,m2b_algorithm_state_v1:header6+3x20,"[1.0,-0.15,0.52,1.1749957533147184,0.10175690338885546,1789558490.2869887,1.1733625118406252,0.1013970272100173,0.0036904376666666654,0.0015383480680122843,0.0010521467946884577,0.0003855689977937504,0.0009860853749999966,1.1734383914136088,0.10289096708731559,7.587957298360593e-05,0.0014939398772982893,0.001490433672325032,0.9953327132304635,7.383978631958555e-08,0.0015852831385545394,-0.004794293235392368,-0.004794293235392368,0.14190396792412047,1.0023524730005513,7.349515486183075e-08,1.1747879360511944,0.10213591852418968,0.006394789958333334,0.0009226903184217424,0.0023741071558898152,0.001137074005780836,0.005408704583333337,1.1762701768398447,0.09834424524899071,0.0014822407886503353,-0.00379167327519897,-0.003814947231068401,1.0124521642662239,2.8534736815262854e-07,-0.001962146245255482,0.009478162994591297,0.009478162994591297,0.1204382466522638,0.993899271874617,2.889005604537997e-07,1.1738392531058737,0.10173773583258124,0.0036904376666666654,-0.0005466747764871177,0.0016009185006361625,0.0010039124976205039,-0.0003055678083333374,1.1723876279475887,0.10042555260716593,-0.0014516251582850082,-0.001312183225415306,-0.0013149335772434673,1.004212838746501,-2.0251941616448867e-08,-0.0031294650250997275,0.011099130410763821,0.011099130410763821,0.1766090293829686,0.997908372045737,-2.033725978078252e-08]"
/multi_agv/m2b_algorithm_state,1789558490.2970784,1789558490.2970784,m2b_algorithm_state_v1:header6+3x20,"[1.0,-0.15,0.52,1.1759971600421488,0.1017568985398337,1789558490.2969763,1.1743616965815742,0.1013970427091264,0.0036904376666666654,0.0015382561311410516,0.0010521650799561123,0.0003855993379054284,0.0009860853749999966,1.174291951089726,0.1030583611890476,-6.974549184812773e-05,0.001661318479921195,0.0016569881115667175,0.9948197137907068,9.129579689865918e-08,0.0015698062467565579,-0.004818451771954108,-0.004818451771954108,0.1419055968243785,1.002613397358888,9.082285854101862e-08,1.1757871246760885,0.10213593140848276,0.006394789958333334,0.0009226588138843781,0.002374114084110035,0.0011370840588819514,0.005408704583333337,1.1772477852166736,0.09834424524899071,0.0014606605405851347,-0.003791686159492047,-0.0038149602717649092,1.0124522062407268,2.8533954987875353e-07,-0.001989134596033491,0.009572637028655505,0.009572637028655505,0.12043926961883987,0.99389925173137,2.8889265680247995e-07,1.1748384386864927,0.10173773604895717,0.0036904376666666654,-0.0005466332944647312,0.0016009315204995609,0.001003887744161172,-0.0003055678083333374,1.1732076048330429,0.10030107060909635,-0.0016308338534498645,-0.001436665439860818,-0.0014399654834180854,1.0046190011454512,-2.427685168727497e-08,-0.0034785078002304163,0.012382496068596668,0.012382496068596668,0.1766122100229292,0.9977082481522862,-2.4388986493026445e-08]"
/multi_agv/m2b_algorithm_state,1789558490.306984,1789558490.306984,m2b_algorithm_state_v1:header6+3x20,"[1.0,-0.15,0.52,1.1769974524957403,0.10175690076621456,1789558490.3068857,1.175363097243653,0.10139702369367733,0.0036904376666666654,0.0015383889214249029,0.0010521605925093436,0.0003855441124238877,0.0009860853749999966,1.17528347114715,0.10211392062257171,-7.96260965030271e-05,0.0007168969288943866,0.000716084763651732,0.9977403764352232,1.7013477973539814e-08,0.0006165521430229481,-0.000979240095484642,-0.000979240095484642,0.14189935688926564,1.0011341747288587,1.697503391779199e-08,1.1767885393015782,0.10213592344606807,0.006394789958333334,0.0009226519273700367,0.00237413777828821,0.0011370747187031405,0.005408704583333337,1.1780970333185168,0.09632289689265587,0.001308494016938555,-0.005813026553412204,-0.005868570051584484,1.0195281931278992,6.714711604822117e-07,-0.00423295253041129,0.018195453702702452,0.018195453702702452,0.1204353508372909,0.9905354289573005,6.845837789839229e-07,1.1758398435812152,0.10173774847975568,0.0036904376666666654,-0.0005467627377331303,0.0016009362874167543,0.0010039413743914826,-0.0003055678083333374,1.1741886474909697,0.10007021279537182,-0.0016511960902454437,-0.0016675356843838668,-0.0016719893444132083,1.0053752903900306,-3.271908746463635e-08,-0.003735984457220013,0.013383565278730464,0.013383565278730464,0.17660002581828965,0.9973363107580662,-3.289496206105558e-08]"
/multi_agv/m2b_algorithm_state,1789558490.3171322,1789558490.3171322,m2b_algorithm_state_v1:header6+3x20,"[1.0,-0.15,0.52,1.178000621174311,0.10175688451641718,1789558490.3170202,1.1763633858688627,0.10139702284392045,0.0036904376666666654,0.0015384012266714368,0.001052167371427082,0.00038553525249975526,0.0009860853749999966,1.17617766079905,0.10111883028738966,-0.00018572506981273662,-0.0002781925565307902,-0.00027831578033126505,1.0008868208111583,2.563770025654785e-09,-0.0005104721175971858,0.0034738641112974987,0.0034738641112974987,0.1418970659142475,0.9995572518370028,2.5660436302685597e-09,1.1777888367176639,0.10213592573349457,0.006394789958333334,0.0009226336401368367,0.002374152665770568,0.001137074901840035,0.005408704583333337,1.1790689506669538,0.09645970130738639,0.0012801139492899516,-0.005676224426108184,-0.005729129869411723,1.019039476068079,6.401747744268983e-07,-0.004128987432799283,0.01778267805431289,0.01778267805431289,0.12043391203946568,0.9907655360395993,6.52363366723987e-07,1.1768401349006945,0.10173775372122866,0.0036904376666666654,-0.0005467998516560176,0.0016009456188876732,0.0010039526083792808,-0.0003055678083333374,1.1752185031782072,0.10041214547151275,-0.0016216317224873045,-0.0013256082497159066,-0.0013284154519774204,1.00425658657911,-2.067337301073332e-08,-0.003355455105086551,0.011902944243983572,0.011902944243983572,0.17659555257481313,0.9978868039683405,-2.076137101283574e-08]"
/multi_agv/m2b_algorithm_state,1789558490.3271558,1789558490.3271558,m2b_algorithm_state_v1:header6+3x20,"[1.0,-0.15,0.52,1.1790016163251729,0.10175688231473239,1789558490.3270118,1.1773665448791184,0.10139697843175076,0.0036904376666666654,0.001538696181696064,0.0010521445296296501,0.0003854192816789108,0.0009860853749999966,1.1772497518033107,0.101252350627492,-0.00011679307580769738,-0.0001446278042587651,-0.00014466107546357533,1.0004603459491217,6.930020944686261e-10,-0.00029065242022319703,0.002635035917836301,0.002635035917836301,0.1418929486131625,0.9997700058242786,6.933211151755476e-10,1.1787920174684068,0.10213590116611299,0.006394789958333334,0.0009226477425267696,0.0023741888822874646,0.0011370499490874347,0.005408704583333337,1.1802234372651401,0.09793486540589111,0.0014314197967333353,-0.004201035760221877,-0.00422969494113815,1.0138602072252503,3.5036013219386845e-07,-0.002440420195221481,0.011318927261830153,0.011318927261830153,0.12043133288449248,0.9932242912751147,3.5521619622954153e-07,1.1778433011754077,0.10173777395138778,0.0036904376666666654,-0.000547051778952957,0.0016009447379875426,0.0010040622693864593,-0.0003055678083333374,1.1760710684791467,0.10047768219100907,-0.0017722326962610335,-0.0012600917603787093,-0.0012626270769192597,1.004043208050588,-1.8688142151472037e-08,-0.0034779179472455516,0.012309050252144738,0.012309050252144738,0.1765875350045368,0.9979920305948639,-1.8763702198269405e-08]"
/multi_agv/m2b_algorithm_state,1789558490.3371713,1789558490.3371713,m2b_algorithm_state_v1:header6+3x20,"[1.0,-0.15,0.52,1.1800064188478256,0.10175685571779952,1789558490.337047,1.1783675347551532,0.1013969698841732,0.0036904376666666654,0.0015387538581548964,0.0010521438313893846,0.00038539464427088626,0.0009860853749999966,1.1784599325935912,0.10301875194415978,9.239783843795202e-05,0.0016217820599865873,0.0016176541059863374,0.9949407052098854,8.703285117967907e-08,0.0017331514040337774,-0.00538237632897234,-0.00538237632897234,0.14189772316455088,1.0025518149924473,8.65925263291369e-08,1.17979301891789,0.10213589691697444,0.006394789958333334,0.0009226392371681803,0.002374207778151005,0.0011370438067261762,0.005408704583333337,1.1811983935404855,0.09793486540589111,0.00140537462259549,-0.004201031511083336,-0.0042296906347416,1.0138601933298823,3.503561995756227e-07,-0.0024729723564972375,0.011432723373312111,0.011432723373312111,0.12043433911422341,0.9932242979136902,3.5521220423606365e-07,1.1788442953024758,0.10173778014304952,0.0036904376666666654,-0.0005471220975565992,0.0016009528589933323,0.0010040885261583103,-0.0003055678083333374,1.17702632597933,0.09952978408519135,-0.0018179693231457072,-0.0022079960578581664,-0.0022158364454835447,1.007161053392555,-5.742327151160675e-08,-0.004488298099415679,0.016247023534640588,0.016247023534640588,0.1765968820281651,0.9964616577900599,-5.783448262487655e-08]"
/multi_agv/m2b_algorithm_state,1789558490.3471618,1789558490.3471618,m2b_algorithm_state_v1:header6+3x20,"[1.0,-0.15,0.52,1.1809992003176693,0.10175690565047017,1789558490.3470023,1.1793723242757304,0.10139690395142066,0.0036904376666666654,0.0015391837558910086,0.0010521039120039875,0.00038522906373468155,0.0009860853749999966,1.179550303366003,0.10295181860293484,0.0001779790902727285,0.0015549146515141804,0.0015511181475024532,0.9951455927982816,8.00302273686612e-08,0.0017735920103433638,-0.005494476188592227,-0.005494476188592227,0.14191597414059987,1.0024475917697437,7.964172805656761e-08,1.1807978371133718,0.10213585719330415,0.006394789958333334,0.0009226736590553855,0.002374254796638109,0.001137004426513863,0.005408704583333337,1.1821978312672523,0.09752990827618777,0.0013999941538804794,-0.0046059489171163814,-0.004640504365080019,1.0152653788388126,4.2126922365898835e-07,-0.00289051167272942,0.013053833339260891,0.013053833339260891,0.12044583010323877,0.9925535146085263,4.277000579512753e-07,1.1798490951543752,0.10173780600867377,0.0036904376666666654,-0.0005474752573838798,0.001600947559203248,0.0010042443668100576,-0.0003055678083333374,1.1779680936696482,0.09929312488410476,-0.0018810014847270295,-0.002444681124569012,-0.0024543096934006047,1.007949878305607,-7.045034748367173e-08,-0.004805561549309391,0.01745425195557024,0.01745425195557024,0.1766326150066169,0.9960768729156377,-7.101041917275464e-08]"
/multi_agv/m2b_algorithm_state,1789558490.357051,1789558490.357051,m2b_algorithm_state_v1:header6+3x20,"[1.0,-0.15,0.52,1.1819968657417752,0.10175692385254224,1789558490.3568964,1.1803651170087572,0.10139702356825991,0.0036904376666666654,0.0015384004702619727,0.0010521866427729777,0.00038552555634228654,0.0009860853749999966,1.1804989423258048,0.10148812910635578,0.0001338253170475312,9.110553809586752e-05,9.109235919107714e-05,0.9997107890468077,2.748939694757192e-10,0.00025837400550049114,0.0005798678611735542,0.0005798678611735542,0.14189167934461352,1.0001446762923631,2.748144671287803e-10,1.1817906040158892,0.10213592864132492,0.006394789958333334,0.0009225772042991218,0.0023742110946598505,0.0011370689725642563,0.005408704583333337,1.183172725308305,0.09752990827618777,0.0013821212924158832,-0.004606020365137159,-0.0046405768706704485,1.0152656133626727,4.212381338319205e-07,-0.0029129252551505945,0.013132005834714725,0.013132005834714725,0.12043053370786663,0.992553403058207,4.276685923166124e-07,1.1808418799283613,0.10173776474182568,0.0036904376666666654,-0.0005469034363197946,0.001600986736530364,0.0010039761215400534,-0.0003055678083333374,1.1790520260887454,0.10028860068418179,-0.0017898538396159402,-0.0014491640576438924,-0.0014525220862588704,1.0046598426396485,-2.4713504750951654e-08,-0.0036898393857787955,0.013133601721031948,0.013133601721031948,0.1765850502727475,0.9976881393771939,-2.4828665794165292e-08]"
/multi_agv/m2b_algorithm_state,1789558490.367206,1789558490.367206,m2b_algorithm_state_v1:header6+3x20,"[1.0,-0.15,0.52,1.182995562674529,0.10175693509425078,1789558490.3670437,1.181362784055314,0.10139706247823685,0.0036904376666666654,0.0015381494077567046,0.001052220459372543,0.00038561679283137746,0.0009860853749999966,1.181364183824565,0.09952463216002093,1.399769250953753e-06,-0.0018724303182159202,-0.0018780802763828496,1.0060775148834311,1.1625168070701905e-07,-0.0018763305648191574,0.008991784265564505,0.008991784265564505,0.1418928721445553,0.9969916311682847,1.1695820202673985e-07,1.182788267681642,0.10213595441359949,0.006394789958333334,0.0009225311447964638,0.002374205819600128,0.0011370916831717481,0.005408704583333337,1.1842510769412393,0.09810431330177202,0.0014628092595974085,-0.004031641111827466,-0.004058001937684288,1.0132760207122429,3.2260074691296223e-07,-0.0022294903631875276,0.010512234218782406,0.010512234218782406,0.12043127818636574,0.9935039888443561,3.2688360111076376e-07,1.1818395454883697,0.10173775466579038,0.0036904376666666654,-0.0005467377171959283,0.001601005485552644,0.0010038945349974612,-0.0003055678083333374,1.1801381836748182,0.10057459985559132,-0.0017013618135515163,-0.0011631548101990602,-0.0011653134706549578,1.0037280749401136,-1.5913255759392053e-08,-0.0032920157375943533,0.011613142264290173,0.011613142264290173,0.17658736417329002,0.9981475710096405,-1.5972581569404262e-08]"
/multi_agv/m2b_algorithm_state,1789558490.3771486,1789558490.3771486,m2b_algorithm_state_v1:header6+3x20,"[1.0,-0.15,0.52,1.1839949670584848,0.1017569415451892,1789558490.3770144,1.1823614805641156,0.1013970834151195,0.0036904376666666654,0.0015380169846500409,0.0010522438562203802,0.0003856620234097656,0.0009860853749999966,1.1823675556473088,0.10073341177823453,6.075083193168851e-06,-0.000663671636884966,-0.0006643749939596374,1.002124911106406,1.4591563480659074e-08,-0.0006567811399681763,0.004162095457951893,0.004162095457951893,0.14189623486701544,0.9989413251837199,1.4622569255958953e-08,1.1837869656627844,0.10213597022409265,0.006394789958333334,0.0009224957523570956,0.0023742089647658116,0.0011371053895256195,0.005408704583333337,1.1852968775085375,0.09894844471016265,0.001509911845753109,-0.0031875255139300063,-0.0032038986687288567,1.010397083706273,2.0154079256722377e-07,-0.0013165088615374704,0.006962108404145395,0.006962108404145395,0.12043339011974911,0.9948896152807022,2.036362290577738e-07,1.1828382417966874,0.1017377516435402,0.0036904376666666654,-0.0005466624366059175,0.0016010195827473768,0.0010038545704852252,-0.0003055678083333374,1.1811523830289228,0.10051829974123268,-0.0016858587677646142,-0.0012194519023075168,-0.0012218255908734554,1.0039110088744219,-1.7489205157887158e-08,-0.003329149050579223,0.01176725363665528,0.01176725363665528,0.17659392994212625,0.9980572607222593,-1.755760559446624e-08]"
/multi_agv/m2b_algorithm_state,1789558490.3870866,1789558490.3870866,m2b_algorithm_state_v1:header6+3x20,"[1.0,-0.15,0.52,1.1849998301035274,0.10175691294867652,1789558490.386975,1.1833608830981668,0.10139709238524275,0.0036904376666666654,0.0015379629589557225,0.0010522599935812943,0.0003856770476620302,0.0009860853749999966,1.18353584992828,0.10293459416719078,0.00017496683011319902,0.0015375017819480308,0.001533789351669275,0.9951990129292686,7.818667717963621e-08,0.0017524978893107737,-0.0054121188534467,-0.0054121188534467,0.14189709085767738,1.0024204303379178,7.781130395339332e-08,1.1847863729814345,0.10213597915378897,0.006394789958333334,0.0009224680332666057,0.002374217768849496,0.0011371128257993274,0.005408704583333337,1.1862225331814502,0.0995602754839406,0.0014361602000156903,-0.00257570366984837,-0.0025863452562364495,1.0083436109678334,1.3154197862632266e-07,-0.0007911450062168366,0.0048545548646947686,0.0048545548646947686,0.12043392771518358,0.9958854733866563,1.3263951372191976e-07,1.1838376450958528,0.10173775309653586,0.0036904376666666654,-0.0005466467976305892,0.0016010306698114995,0.001003842024529692,-0.0003055678083333374,1.1821570416797405,0.10043244262368081,-0.001680603416112314,-0.0013053104728550508,-0.0013080319471970628,1.0041904462535887,-2.003923217095202e-08,-0.0034087862173374553,0.012083354945229087,0.012083354945229087,0.17659560130128865,0.9979194129410649,-2.012320549632758e-08]"
/multi_agv/m2b_algorithm_state,1789558490.3970575,1789558490.3970575,m2b_algorithm_state_v1:header6+3x20,"[1.0,-0.15,0.52,1.1859931980063052,0.101756957658708,1789558490.3968687,1.1843657331837971,0.10139701785245857,0.0036904376666666654,0.0015384523953236285,0.001052219871034453,0.00038548576502029307,0.0009860853749999966,1.1846714314603908,0.10336946011705196,0.0003056982765936578,0.0019724422645933937,0.001966352487555499,0.9938714144007004,1.286795415880887e-07,0.0023484753332975714,-0.007749100074798624,-0.007749100074798624,0.14189891975352117,1.0030969915498036,1.2789091800258746e-07,1.1857912525950025,0.10213593713503435,0.006394789958333334,0.0009225012755539747,0.0023742674744253733,0.001137072559073471,0.005408704583333337,1.1872103831776375,0.0995602754839406,0.0014191305826349865,-0.0025756616510937552,-0.0025863028929382164,1.0083434756073617,1.3154244858130062e-07,-0.0008123896646444833,0.004929295065477129,0.004929295065477129,0.1204350925108235,0.995885539209844,1.3263996979237134e-07,1.1848425045317825,0.10173778385853667,0.0036904376666666654,-0.0005470447856081623,0.0016010220257671633,0.00100401903641363,-0.0003055678083333374,1.1830831304736806,0.10089778942947467,-0.0017593740581018924,-0.0008399944290620048,-0.0008411174792873575,1.0026824535197403,-8.302048617511631e-09,-0.003040335051914723,0.010591025574190836,0.010591025574190836,0.17659922462695016,0.9986648116903907,-8.32431847704673e-09]"
/multi_agv/m2b_algorithm_state,1789558490.4070623,1789558490.4070623,m2b_algorithm_state_v1:header6+3x20,"[1.0,-0.15,0.52,1.1869987176516077,0.10175692434076951,1789558490.4069347,1.18535911128132,0.10139712169963008,0.0036904376666666654,0.0015377747935970119,0.001052296860599977,0.00038573943388998076,0.0009860853749999966,1.1856781410801642,0.10233874474621815,0.0003190297988442392,0.0009416230465880693,0.0009402242820780063,0.997039642167122,2.9335277486554733e-08,0.0013390115306333053,-0.0036564461419950184,-0.0036564461419950184,0.14190085045908488,1.0014876923907683,2.9248434568067762e-08,1.1867846080692535,0.1021360015193955,0.006394789958333334,0.0009224098618191602,0.0023742301888449724,0.001137131582062495,0.005408704583333337,1.1881796603422008,0.09907438134433273,0.0013950522729473391,-0.003061620175062771,-0.0030767110330116847,1.009972228768678,1.859015557974092e-07,-0.0013328956918275108,0.006966230389524006,0.006966230389524006,0.12043628882618047,0.9950951331512788,1.8775540864027414e-07,1.185835874668342,0.10173774975709843,0.0036904376666666654,-0.0005465530316070143,0.0016010563430684972,0.0010037880257915766,-0.0003055678083333374,1.1842549267138809,0.10194393475867082,-0.001580947954461065,0.0002061850015723926,0.0002061178717061052,0.999349348005506,-4.993918137184452e-10,-0.0017700670713702259,0.005648894590426952,0.005648894590426952,0.1766029421354736,1.0003256867817027,-4.990668834388154e-10]"
/multi_agv/m2b_algorithm_state,1789558490.416981,1789558490.416981,m2b_algorithm_state_v1:header6+3x20,"[1.0,-0.15,0.52,1.187995965594939,0.1017569442149477,1789558490.416866,1.1863646166424793,0.10139703529465581,0.0036904376666666654,0.0015383417880653295,0.001052249905849577,0.00038551808647925567,0.0009860853749999966,1.1864204692532487,0.10016891319039338,5.585261076945791e-05,-0.0012281221042624302,-0.0012305409326470325,1.0039573362683392,4.999626960935929e-08,-0.0011607251691852102,0.006191282365651904,0.006191282365651904,0.14189748883224187,0.9980343373223683,5.019412166036607e-08,1.1877901461002425,0.10213595278217406,0.006394789958333334,0.000922450382853158,0.0023742853459045588,0.001137085324213638,0.005408704583333337,1.1891667385026088,0.09907438134433273,0.0013765924023663167,-0.0030615714378413317,-0.0030766618196956114,1.0099720710596767,1.859038390579743e-07,-0.0013559213167377154,0.007047094650699871,0.007047094650699871,0.12043419155915411,0.9950952094384644,1.877576853513271e-07,1.186841390212101,0.10173778494547868,0.0036904376666666654,-0.0005470097657387838,0.0016010446303619582,0.0010039920985240487,-0.0003055678083333374,1.1853273824391677,0.10227174127381382,-0.0015140077729334234,0.000533956328335139,0.0005335072395807278,0.998321292693075,-3.351204749477643e-09,-0.0013590024765860514,0.004045797173218284,0.004045797173218284,0.1765964232633004,1.000841766936029,-3.3455790575776933e-09]"
/multi_agv/m2b_algorithm_state,1789558490.427021,1789558490.427021,m2b_algorithm_state_v1:header6+3x20,"[1.0,-0.15,0.52,1.1889993561556451,0.10175692456940026,1789558490.4269073,1.1873618669990271,0.10139707989772555,0.0036904376666666654,0.001538049479205104,0.0010522873999216022,0.0003856252888756789,0.0009860853749999966,1.187742396002172,0.10045591407753757,0.0003805290031448916,-0.0009411658201879808,-0.0009425832858194631,1.003022859427278,2.9350764543330694e-08,-0.00046692203188834866,0.0036122860171296906,0.0036122860171296906,0.14188900306249538,0.998496190572433,2.943948777862832e-08,1.1887873912277662,0.10213598113530903,0.006394789958333334,0.0009224018411016881,0.0023742768984815754,0.0011371107610839842,0.005408704583333337,1.1906035729675073,0.10054691273484488,0.001816181739741074,-0.001589068400464147,-0.0015930886506130624,1.005090372193103,5.003176408694744e-08,0.0006771385240632801,-0.0007564961716243069,-0.0007564961716243069,0.12042884860167696,0.9974764429164891,5.028644438762753e-08,1.1878386385580237,0.10173777161180853,0.0036904376666666654,-0.0005468109501625281,0.0016010648601103026,0.001003895395441416,-0.0003055678083333374,1.1864579594407816,0.1020316354678156,-0.0013806791172421562,0.0002938638560070761,0.00029372758457169826,0.9990735883883026,-1.014840248832656e-09,-0.001432121311980997,0.004410105663758348,0.004410105663758348,0.17657981119563693,1.0004639381608527,-1.0139000890421194e-09]"
/multi_agv/m2b_algorithm_state,1789558490.4369197,1789558490.4369197,m2b_algorithm_state_v1:header6+3x20,"[1.0,-0.15,0.52,1.18999772367879,0.10175693713626437,1789558490.4368198,1.1883652475763822,0.10139702865189489,0.0036904376666666654,0.0015383833405318626,0.001052262077614551,0.00038549374384709567,0.0009860853749999966,1.1888557002168507,0.1016563501545191,0.0004904526404685416,0.00025932150262421294,0.0002592148642247753,0.9991783659690315,2.226877814151706e-09,0.0008722806648104524,-0.0016778395569826375,-0.0016778395569826375,0.14190225455172606,1.0004113899862823,2.22504813555679e-09,1.1897907945032193,0.10213595218206929,0.006394789958333334,0.0009224204821604871,0.0023743150427226745,0.0011370828380070919,0.005408704583333337,1.1916025671753163,0.10054691273484488,0.0018117726720969785,-0.0015890394472244107,-0.0015930595515703085,1.0050902797663726,5.0030957615010886e-08,0.0006716562885509146,-0.0007371383120442299,-0.0007371383120442299,0.12043719216230281,0.9974764883447482,5.028562918625082e-08,1.1888420263873338,0.10173779287423661,0.0036904376666666654,-0.0005470890605356357,0.0016010619945828536,0.0010040174382944834,-0.0003055678083333374,1.1874582843941215,0.10187231811138728,-0.0013837419932123396,0.00013452523715067055,0.00013449664511316946,0.9995751363262947,-2.1280523051834028e-10,-0.001595180846402255,0.005057919454561544,0.005057919454561544,0.17660575332434336,1.0002125855070736,-2.1271481730631857e-10]"
/multi_agv/m2b_algorithm_state,1789558490.4470568,1789558490.4470568,m2b_algorithm_state_v1:header6+3x20,"[1.0,-0.15,0.52,1.1909994608035268,0.10175692795232182,1789558490.4469097,1.189363615259026,0.10139705677423165,0.0036904376666666654,0.0015381964377543184,0.001052288005195922,0.00038556127295507063,0.0009860853749999966,1.189966146594231,0.10254484491323787,0.0006025313352051587,0.00114778813900622,0.0011457130573615298,0.9963999499113844,4.359273175021717e-08,0.0018988772263679782,-0.005748349095363809,-0.005748349095363809,0.14189773019572519,1.0018111704596167,4.34357957324168e-08,1.1907891618751596,0.10213596993622209,0.006394789958333334,0.0009223851278839972,0.002374314589108417,0.001137098399873221,0.005408704583333337,1.192649609048413,0.1003304093328651,0.00186044717325351,-0.001805560603356987,-0.001810759426024098,1.0057980912449238,6.460099986011882e-08,0.0005147995405427894,-8.568861983614291e-05,-8.568861983614291e-05,0.12043434353017439,0.997128926906361,6.49755623518211e-08,1.1898403939021849,0.10173778469833931,0.0036904376666666654,-0.0005469697454125633,0.00160107845791273,0.0010039571553239045,-0.0003055678083333374,1.1886576670957405,0.10320195857676781,-0.0011827268064443786,0.0014641738784284958,0.0014608208665255551,0.9954454382332473,-2.5179834312372468e-08,-1.7587641529918062e-05,-0.0011460832023354921,-0.0011460832023354921,0.17659689578325546,1.0022952929957218,-2.5065151201720167e-08]"
/multi_agv/m2b_algorithm_state,1789558490.4569952,1789558490.4569952,m2b_algorithm_state_v1:header6+3x20,"[1.0,-0.15,0.52,1.1919995191162325,0.10175692950556499,1789558490.45686,1.1903653457618975,0.10139703208989807,0.0036904376666666654,0.0015383544375742525,0.0010522795161114194,0.0003854972015106036,0.0009860853749999966,1.1905237033747285,0.10080207216973178,0.00015835761283100602,-0.0005949599201662964,-0.0005955248824394735,1.001903432541421,1.1728583180176564e-08,-0.000397577866400716,0.0032139848877468184,0.0032139848877468184,0.14190513106567446,0.9990513204572363,1.1750907747066473e-08,1.1917909073754303,0.10213595618275054,0.006394789958333334,0.0009223865995633372,0.0023743397157105495,0.0011370846912861776,0.005408704583333337,1.1936478332124565,0.1003304093328651,0.0018569258370262354,-0.001805546849885431,-0.0018107455937777896,1.0057980472524346,6.460012222199446e-08,0.0005104117025050046,-7.021634315685027e-05,-7.021634315685027e-05,0.12043900326808818,0.9971289484783379,6.497467678315064e-08,1.1908421292732525,0.10173779558431682,0.0036904376666666654,-0.0005471129891748612,0.0016010821494604425,0.0010040173269072173,-0.0003055678083333374,1.1897566856854567,0.10361077377081418,-0.0010854435877958313,0.0018729781864973566,0.0018675084832545038,0.9942010030750508,-4.1201864263943226e-08,0.0005107039985097147,-0.0032196058140337527,-0.0032196058140337527,0.17661138502074955,1.0029288773207181,-4.096293477977444e-08]"
/multi_agv/m2b_algorithm_state,1789558490.467204,1789558490.467204,m2b_algorithm_state_v1:header6+3x20,"[1.0,-0.15,0.52,1.1930069591368733,0.10175688366002784,1789558490.4670782,1.1913654008470096,0.10139703437627769,0.0036904376666666654,0.0015383345730119943,0.001052288109192289,0.00038550134233553916,0.0009860853749999966,1.1914045094609067,0.09940473146879929,3.9108613897109734e-05,-0.0019923029074783993,-0.0019987052291802446,1.0064753440630152,1.3163928974075503e-07,-0.0019498194618088574,0.009301332811248985,0.009301332811248985,0.14190659056492017,0.996796765421747,1.3249169943403738e-07,1.192790969689576,0.10213595799454066,0.006394789958333334,0.000922370405200339,0.002374351720030754,0.0011370854669269792,0.005408704583333337,1.1944462248654866,0.10091456877906911,0.001655255175910586,-0.0012213892154715467,-0.0012237576684831534,1.0038962680834342,2.954930706442858e-08,0.0008453113014050791,-0.0015180718069583892,-0.0015180718069583892,0.12043992219464918,0.9980646061940168,2.966443908643131e-08,1.1918421868121116,0.10173779614587665,0.0036904376666666654,-0.0005471201752014804,0.0016010924924297915,0.0010040150618349803,-0.0003055678083333374,1.1904072407581126,0.10273096594637322,-0.0014349460539990755,0.0009931698004965739,0.000991621510314188,0.9968938930881519,-1.1592625405551905e-08,-0.0008020610571846563,0.0018617658343022922,0.0018617658343022922,0.1766142424964803,1.0015613721226106,-1.1556617471653254e-08]"
/multi_agv/m2b_algorithm_state,1789558490.4770422,1789558490.4770422,m2b_algorithm_state_v1:header6+3x20,"[1.0,-0.15,0.52,1.193998125666971,0.10175694176759863,1789558490.476909,1.1923728226085433,0.10139692392437209,0.0036904376666666654,0.001539048212557432,0.0010522205152893264,0.000385227165215651,0.0009860853749999966,1.1923960522733854,0.09940473146879929,2.3229664842139286e-05,-0.0019921924555728054,-0.0019985940715926335,1.0064749865996492,1.3168581258096673e-07,-0.0019695569905399594,0.009371567252864303,0.009371567252864303,0.1419341817328331,0.9967969403538124,1.325384764527924e-07,1.1937984321190067,0.10213589089228525,0.006394789958333334,0.0009224368411781727,0.0023744189464003362,0.0011370216967722252,0.005408704583333337,1.1954528280107168,0.10091456877906911,0.0016543958917101254,-0.0012213221132161417,-0.0012236903069444986,1.0038960545980316,2.9548196127183516e-08,0.0008443045576931581,-0.0015144775213027611,-0.0015144775213027611,0.1204572931228026,0.9980647115410515,2.9663317512568367e-08,1.1928496226830698,0.10173783616342619,0.0036904376666666654,-0.0005476854899264948,0.001601076227619713,0.0010042685686112288,-0.0003055678083333374,1.1914319621108893,0.10273096594637322,-0.0014176605721805124,0.000993129782947036,0.0009915816179061696,0.9968940185207092,-1.160366662022759e-08,-0.0007804940973194709,0.001784389977869599,0.001784389977869599,0.17666826868940014,1.0015613087343587,-1.15676258466133e-08]"
/multi_agv/m2b_algorithm_state,1789558490.4870658,1789558490.4870658,m2b_algorithm_state_v1:header6+3x20,"[1.0,-0.15,0.52,1.19499804056425,0.10175694362645682,1789558490.4869678,1.1933640037178066,0.10139706622472486,0.0036904376666666654,0.0015381086271985785,0.0010523189687632762,0.0003855832297286557,0.0009860853749999966,1.193429655522947,0.10095903365045437,6.565180514050972e-05,-0.00043803257427048325,-0.0004383384473501955,1.0013988902864441,6.355743637540406e-09,-0.00035627369092455834,0.0029977477622025964,0.0029977477622025964,0.14190416499116446,0.999302198833889,6.36463462557809e-09,1.1947895799572037,0.1021359746852206,0.006394789958333334,0.000922326376124211,0.0023743628706980324,0.0011370987528659393,0.005408704583333337,1.1964322138654144,0.10142743703486493,0.0016426339082107333,-0.0007085376503556812,-0.0007093315968668898,1.0022471161152255,9.940161698558952e-09,0.0013439607883965268,-0.0035187194732260807,-0.0035187194732260807,0.12043839501690679,0.9988807117648283,9.962498396099731e-09,1.1938407933259028,0.10173778439285042,0.0036904376666666654,-0.0005469904100560466,0.0016011207819527466,0.0010039440974830248,-0.0003055678083333374,1.1925413006463144,0.10341005501510127,-0.0012994926795883988,0.0016722706222508515,0.0016679037032398907,0.994810497989596,-3.2842119421326297e-08,4.353785375439223e-05,-0.0014588622529031414,-0.0014588622529031414,0.17660949359833075,1.0026182081150596,-3.2671685176563394e-08]"
/multi_agv/m2b_algorithm_state,1789558490.4969866,1789558490.4969866,m2b_algorithm_state_v1:header6+3x20,"[1.0,-0.15,0.52,1.1959932115076823,0.10175697533716897,1789558490.496855,1.1943639158183381,0.101397068300791,0.0036904376666666654,0.0015380903990430744,0.0010523293404604665,0.0003855857360805903,0.0009860853749999966,1.1944938656766328,0.10120905220901197,0.00012994985829473116,-0.000188016091779028,-0.0001880723384788053,1.0005987435444863,1.1707467562545958e-09,-2.563501561039135e-05,0.001713589562000918,0.001713589562000918,0.1419051168768728,0.9997009305024214,1.1714477333171315e-09,1.1957894986409379,0.10213597721635312,0.006394789958333334,0.0009223080924367511,0.0023743742300637027,0.001137100769688898,0.005408704583333337,1.197444877568063,0.10142743703486493,0.001655378927125195,-0.0007085401814881931,-0.0007093341336598206,1.0022471241301174,9.940035571016425e-09,0.0013598895252466734,-0.003575142581952874,-0.003575142581952874,0.12043899434196961,0.9988807077878362,9.962372064802282e-09,1.194840707233474,0.10173778536222634,0.0036904376666666654,-0.0005469979834128139,0.0016011305863426915,0.0010039422804686221,-0.0003055678083333374,1.1936401864734936,0.10427741116798413,-0.0012005207599803391,0.0025396258057577836,0.0025296204701154815,0.9921969167355934,-7.56980793647688e-08,0.0010289695201400576,-0.005383592517987982,-0.005383592517987982,0.1766113572411479,1.0039552714569255,-7.510740094852986e-08]"
/multi_agv/m2b_algorithm_state,1789558490.507126,1789558490.507126,m2b_algorithm_state_v1:header6+3x20,"[1.0,-0.15,0.52,1.1969996405148422,0.10175693470959075,1789558490.5070267,1.1953590935226808,0.10139714165489415,0.0036904376666666654,0.0015376075763347814,0.0010523880048997724,0.0003857645073295198,0.0009860853749999966,1.1954284830523836,0.09946342467529587,6.938952970281242e-05,-0.0019337169795982795,-0.0019397456291621515,1.0062807706426204,1.2394763383386043e-07,-0.001853008717033636,0.008934769300458063,0.008934769300458063,0.14188928037491164,0.9968920411659976,1.247261204936664e-07,1.1967846616757198,0.10213602320541944,0.006394789958333334,0.0009222377499846232,0.002374350504112277,0.0011371436047514089,0.005408704583333337,1.1983185359511404,0.10050448859912789,0.0015338742754205104,-0.0016315346062915487,-0.0016357739642512284,1.0052289218517292,5.273368472802278e-08,0.0002815688800244095,0.0006587672390077036,0.0006587672390077036,0.12042902320568682,0.997408347331399,5.3009425044419336e-08,1.1958358793246466,0.10173776115119332,0.0036904376666666654,-0.0005466515788407557,0.0016011571814597888,0.0010037782910888677,-0.0003055678083333374,1.194615680105278,0.10314360636726325,-0.0012201992193685562,0.0014058452160699286,0.0014027526593905209,0.995623957920719,-2.3201086923838012e-08,-0.00012249636482017444,-0.0007450488785810465,-0.0007450488785810465,0.17658035402480066,1.0022046343371407,-2.309955799117424e-08]"
/multi_agv/m2b_algorithm_state,1789558490.5169983,1789558490.5169983,m2b_algorithm_state_v1:header6+3x20,"[1.0,-0.15,0.52,1.1979982292536058,0.1017569447755524,1789558490.5169199,1.196365506520041,0.10139703965222557,0.0036904376666666654,0.0015382705404984494,0.001052331364925062,0.00038550659839962876,0.0009860853749999966,1.1962768340643242,0.09856764811735239,-8.867245571675397e-05,-0.002829391534873188,-0.002842385830649495,1.0092830869823184,2.656321664606606e-07,-0.0029532264002954376,0.01317634429024718,0.01317634429024718,0.14191328618408627,0.9954283842692327,2.680980529672166e-07,1.1977911112421575,0.10213596423297304,0.006394789958333334,0.0009222906925696779,0.002374412181945784,0.0011370885701468408,0.005408704583333337,1.1997812187991643,0.10208295136129156,0.0019901075570067928,-5.3012871681482054e-05,-5.3017294143113814e-05,1.000166878462381,5.561827106140877e-11,0.002434617152115377,-0.00769514392881653,-0.00769514392881653,0.12044413778255314,0.9999165845465477,5.5627552552963785e-11,1.1968423037823284,0.10173780024357366,0.0036904376666666654,-0.0005471781395118762,0.001601141603454181,0.0010040146420019764,-0.0003055678083333374,1.1955397812720947,0.10198847731522975,-0.0013025225102336613,0.00025067707165608855,0.00025057787799735384,0.9992093469974066,-7.389911656922412e-10,-0.0013775752597947229,0.0042346270987042925,0.0042346270987042925,0.17662735199873217,1.0003958596007256,-7.384068801081966e-10]"
/multi_agv/m2b_algorithm_state,1789558490.5270004,1789558490.5270004,m2b_algorithm_state_v1:header6+3x20,"[1.0,-0.15,0.52,1.1989981524915259,0.10175694607658235,1789558490.5268679,1.1973640950928375,0.10139706331481778,0.0036904376666666654,0.0015381082230227312,0.001052354850402093,0.00038556474094846873,0.0009860853749999966,1.1975478847488767,0.09870082076447317,0.00018378965603926822,-0.0026962425503446047,-0.0027080307877135456,1.0088329976373325,2.4117326727547314e-07,-0.0024782937176644603,0.011452908813297719,0.011452908813297719,0.14190954412068177,0.9956469337710544,2.4330355017550515e-07,1.198789700259947,0.10213597865534887,0.006394789958333334,0.0009222595394775632,0.0023744130190233026,0.0011371016393894318,0.005408704583333337,1.2008160487058066,0.10105885500913872,0.0020263484458595826,-0.001077123646210154,-0.0010789636217881642,1.0034304287920899,2.2976074026086293e-08,0.001453971935536314,-0.003736692455645215,-0.003736692455645215,0.12044178178205438,0.9982946824704241,2.305489181195457e-08,1.1978408924080333,0.10173779235649054,0.0036904376666666654,-0.0005470749383218198,0.0016011568704045083,0.0010039619661987194,-0.0003055678083333374,1.197082680426027,0.10315749789593728,-0.0007582119820062072,0.0014197055394467445,0.0014165520366021813,0.995581516963815,-2.3678906899988226e-08,0.0004687870590944223,-0.0028611726021505195,-0.0028611726021505195,0.1766200252455299,1.002226182140211,-2.3574282051535225e-08]"
/multi_agv/m2b_algorithm_state,1789558490.536999,1789558490.536999,m2b_algorithm_state_v1:header6+3x20,"[1.0,-0.15,0.52,1.1999976016157208,0.10175695024981017,1789558490.5368485,1.198364015504047,0.10139706524277424,0.0036904376666666654,0.0015380883417757322,0.0010523647657532105,0.000385568201217759,0.0009860853749999966,1.1986946666862974,0.09999400116425372,0.0003306511822505076,-0.001403064078520519,-0.0014062252678878947,1.0045299897606443,6.525130958074346e-08,-0.0009929112900747602,0.005673716707009618,0.005673716707009618,0.1419105256265171,0.997752003580391,6.554689734501286e-08,1.1997896272299202,0.10213598044485932,0.006394789958333334,0.0009222427235707903,0.0023744242151826356,0.0011371031048309083,0.005408704583333337,1.2018212828545831,0.10105885500913872,0.002031655624662898,-0.0010771254357205967,-0.0010789654173926652,1.003430434477853,2.297573127809621e-08,0.0014606041134359574,-0.0037601631626868227,-0.0037601631626868227,0.12044239973627821,0.9982946796603408,2.3054548018826477e-08,1.1988408147406109,0.10173779254211349,0.0036904376666666654,-0.0005470801279315591,0.0016011667262789027,0.00100395908909933,-0.0003055678083333374,1.198205141863851,0.10415394292651148,-0.0006356728767598074,0.0024161503843979915,0.0024070857782959617,0.9925657573980933,-6.853281664000206e-08,0.0016124946823462025,-0.007414548190861174,-0.007414548190861174,0.17662194695605085,1.0037658010295114,-6.80233270549083e-08]"
/multi_agv/m2b_algorithm_state,1789558490.5471628,1789558490.5471628,m2b_algorithm_state_v1:header6+3x20,"[1.0,-0.15,0.52,1.2009989201715896,0.10175694234276662,1789558490.546922,1.199363462770029,0.10139707414685002,0.0036904376666666654,0.0015380225991567494,0.0010523794893171792,0.00038558903968400303,0.0009860853749999966,1.1997299362574605,0.09966276610311979,0.0003664734874315734,-0.0017343080437302316,-0.001739150143541157,1.0056204348620477,9.971594308633552e-08,-0.0012810582842516902,0.00683350160351227,0.00683350160351227,0.14190982898313018,0.9972158241604913,1.0027639004915993e-07,1.200789078909439,0.10213598644715846,0.006394789958333334,0.0009222208662959235,0.002374431881154937,0.0011371085920449109,0.005408704583333337,1.202662534340565,0.09955107354003942,0.0018734554311259366,-0.0025849129071190413,-0.002595631472116984,1.008374313628692,1.3244958244920674e-07,-0.00025381218320956337,0.00296835788651819,0.00296835788651819,0.12044196112511597,0.9958705366639738,1.335587567926257e-07,1.1998402631676943,0.10173779015542199,0.0036904376666666654,-0.0005470501267030932,0.0016011782003288455,0.0010039401161453915,-0.0003055678083333374,1.1992263402031278,0.1034703330651621,-0.0006139229645665267,0.0017325429097401063,0.0017278576818013018,0.9946271686757728,-3.5254478509193624e-08,0.0009604539760931434,-0.0047609952825239735,-0.0047609952825239735,0.17662058297121314,1.0027115820869692,-3.5065062142740136e-08]"
/multi_agv/m2b_algorithm_state,1789558490.557005,1789558490.557005,m2b_algorithm_state_v1:header6+3x20,"[1.0,-0.15,0.52,1.2019984190682014,0.10175694603505177,1789558490.5568562,1.2003647756949385,0.10139705409481455,0.0036904376666666654,0.0015381453992384681,0.0010523750258209837,0.00038553813208739023,0.0009860853749999966,1.200222639440746,0.09829957199941053,-0.0001421362541924598,-0.0030974820954040166,-0.0031130869903222736,1.0101933303627677,3.1838436846604175e-07,-0.0032907573080628483,0.014468875552884808,0.014468875552884808,0.1419157494400559,0.9949873244895602,3.2162976551615726e-07,1.2017904047048678,0.10213597493302524,0.006394789958333334,0.0009222197668163918,0.0023744535998349026,0.0011370977707758356,0.005408704583333337,1.2036533260564264,0.09955107354003942,0.001862921351558633,-0.002584901392985825,-0.002595619863228522,1.0083742765335746,1.3244825055405857e-07,-0.0002669681737802309,0.0030146245326654127,0.0030146245326654127,0.12044568863578471,0.9958705547008085,1.3355740883058643e-07,1.2008415801149621,0.10173779800046011,0.0036904376666666654,-0.000547163486266542,0.001601182740778563,0.0010039868922503813,-0.0003055678083333374,1.2001305856629358,0.10209866482326774,-0.0007109944520262701,0.00036086682280762894,0.00036066142995049553,0.9988632288246712,-1.53129400793519e-09,-0.0005280816350823421,0.001167327350839481,0.001167327350839481,0.17663217504570541,1.0005694893883208,-1.5295532770460155e-09]"
/multi_agv/m2b_algorithm_state,1789558490.5670161,1789558490.5670161,m2b_algorithm_state_v1:header6+3x20,"[1.0,-0.15,0.52,1.2029935191756156,0.10175697734935084,1789558490.5668476,1.2013642726367373,0.10139706278652377,0.0036904376666666654,0.0015380792532304981,0.0010523890721801706,0.0003855594976534954,0.0009860853749999966,1.2011362298962998,0.09773120175286189,-0.00022804274043752848,-0.003665861033661885,-0.0036878119433959434,1.0121409435647517,4.460918245379284e-07,-0.0039728653689428545,0.017083285692942856,0.017083285692942856,0.14191522892597747,0.9940477144520975,4.515078002043405e-07,1.2027899061661056,0.1021359802485393,0.006394789958333334,0.0009221993005889524,0.0023744612937122156,0.0011371026404626283,0.005408704583333337,1.2047723158999946,0.10102586379254835,0.001982409733888968,-0.0011101164559909477,-0.0011120713660335113,1.0035368300694074,2.4404115781019367e-08,0.0013659408013276986,-0.0034101190060406954,-0.0034101190060406954,0.120445360919485,0.9982421001904435,2.4490428991530975e-08,1.2018410784017617,0.1017377950700922,0.0036904376666666654,-0.0005471324712297073,0.0016011942837606766,0.0010039674439675716,-0.0003055678083333374,1.2010971057825472,0.10380616532800795,-0.0007439726192144391,0.0020683702579157442,0.0020617097310272306,0.9936103772227708,-5.024130471886079e-08,0.0011317439570091817,-0.0055303057673077635,-0.0055303057673077635,0.17663115587036546,1.0032305842031386,-4.992028173387144e-08]"
/multi_agv/m2b_algorithm_state,1789558490.5771534,1789558490.5771534,m2b_algorithm_state_v1:header6+3x20,"[1.0,-0.15,0.52,1.2039994177871443,0.10175693928607281,1789558490.576947,1.2023593796649377,0.10139713706504262,0.0036904376666666654,0.0015375861164964818,0.0010524479397518772,0.000385742633979857,0.0009860853749999966,1.2023025427581813,0.09957204444119867,-5.6836906756396743e-05,-0.001825092623843949,-0.0018304585932428276,1.005920699051724,1.1040400605900976e-07,-0.0019015047266883235,0.009060110523878234,0.009060110523878234,0.14189913953442396,0.9970685109083117,1.1105767495298987e-07,1.2037849980468847,0.10213602580865783,0.006394789958333334,0.0009221303280055075,0.002374436613806985,0.0011371453779209645,0.005408704583333337,1.2057778307674598,0.10102586379254835,0.001992832720575155,-0.0011101620161094727,-0.0011121170860837629,1.0035369748702652,2.4404289280555706e-08,0.001378923814635181,-0.003456075905036567,-0.003456075905036567,0.12043523088439999,0.9982420286508007,2.4490606638467714e-08,1.2028361798150247,0.10173776917435207,0.0036904376666666654,-0.0005467761809896349,0.0016012211729156574,0.0010037990164706348,-0.0003055678083333374,1.202201894411017,0.10394932974316852,-0.0006342854040075618,0.0022115605688164536,0.002203954223414023,0.9931792486255075,-5.739487560159944e-08,0.0014110974684045708,-0.0065964769650064415,-0.0065964769650064415,0.1765996548570668,1.0034512265824869,-5.700339942495101e-08]"
/multi_agv/m2b_algorithm_state,1789558490.58707,1789558490.58707,m2b_algorithm_state_v1:header6+3x20,"[1.0,-0.15,0.52,1.204998225392673,0.10175694707366438,1789558490.5869248,1.2033652633809504,0.10139704295168663,0.0036904376666666654,0.0015381935390456846,0.0010523963093725273,0.0003855061945145285,0.0009860853749999966,1.203417350904855,0.10053054495211293,5.2087523904509325e-05,-0.0008664979995736954,-0.0008676987991799841,1.0027806903160665,2.487945333802721e-08,-0.0008025893942993474,0.004767417013251328,0.004767417013251328,0.14192127094774923,0.998616110097855,2.4948635392993294e-08,1.204790915748668,0.10213597072491282,0.006394789958333334,0.0009221793934936807,0.00237449388457156,0.0011370943165200098,0.005408704583333337,1.2067120328444894,0.099663052101869,0.001921117095821323,-0.0024729186230438155,-0.0024827202083254796,1.008001353276917,1.2120693391571655e-07,-8.132383854882576e-05,0.0023121913987200348,0.0023121913987200348,0.12044916489388421,0.9960520781807005,1.2217675341358814e-07,1.203842074231814,0.101737804181619,0.0036904376666666654,-0.0005472584063823146,0.0016012074994561816,0.0010040151587044264,-0.0003055678083333374,1.2031473238417274,0.10279487009489063,-0.0006947503900867069,0.0010570659132716348,0.0010553128463768658,0.9966964729907684,-1.3134957749814484e-08,0.00018687485876848218,-0.0016903553225013958,-0.0016903553225013958,0.1766429865202114,1.0016611821800403,-1.3091566062122855e-08]"
/multi_agv/m2b_algorithm_state,1789558490.597278,1789558490.597278,m2b_algorithm_state_v1:header6+3x20,"[1.0,-0.15,0.52,1.2060082978639939,0.10175688236915048,1789558490.597029,1.204364070418971,0.10139706253937646,0.0036904376666666654,0.0015380542125657715,0.0010524171235958947,0.0003855557607714442,0.0009860853749999966,1.2042644033321361,0.10009151207373128,-9.966708683495362e-05,-0.0013055504656451777,-0.0013082855018169148,1.004210512280483,5.649152987497609e-08,-0.0014328693603606068,0.007186004270958318,0.007186004270958318,0.14191830326283503,0.9979094500642719,5.6729388155257946e-08,1.2057897240955775,0.10213598202094629,0.006394789958333334,0.0009221524442910561,0.00237449610871332,0.0011371048418456903,0.005408704583333337,1.2077251037323224,0.09987005380337369,0.0019353796367449494,-0.002265928217572599,-0.0022741447415125706,1.007314472468911,1.0174872912844258e-07,0.00014507980441861613,0.0014234370517414853,0.0014234370517414853,0.12044729650340359,0.9963869828555828,1.0249296740639925e-07,1.2048408816634706,0.10173779666067043,0.0036904376666666654,-0.0005471707755414132,0.0016012217396885967,0.0010039697661950904,-0.0003055678083333374,1.2041716149414874,0.10162141410752198,-0.0006692667219831971,-0.00011638255314844193,-0.00011640399390116031,1.0003686156669738,-1.5932779391244755e-10,-0.0009529873963801568,0.0028869005108630224,0.0028869005108630224,0.1766371755507452,0.999815807413476,-1.5938652463346803e-10]"
/multi_agv/m2b_algorithm_state,1789558490.6070886,1789558490.6070886,m2b_algorithm_state_v1:header6+3x20,"[1.0,-0.15,0.52,1.2069972167576781,0.10175695300151881,1789558490.6069915,1.2053741193563514,0.10139690877461972,0.0036904376666666654,0.0015390442671514787,0.0010523215699642196,0.0003851763113051959,0.0009860853749999966,1.2052667960037748,0.10009151207373128,-0.00010732335257657155,-0.0013053967008884448,-0.001308131095340576,1.0042100177705189,5.6514613151335776e-08,-0.0014422852860612905,0.007220199178171843,0.007220199178171843,0.14195249086119077,0.9979096938664093,5.67525406769969e-08,1.2067998255807322,0.1021358879568234,0.006394789958333334,0.0009222511782162462,0.0023745831502148818,0.0011370167630188194,0.005408704583333337,1.2087252785520906,0.09987005380337369,0.0019254529713583768,-0.0022658341534497195,-0.002274049999828822,1.0073141703121482,1.0175121221659905e-07,0.00013276621436914904,0.0014668544037047182,0.0014668544037047182,0.12046881770674871,0.9963871302830981,1.0249543791221879e-07,1.205850948654898,0.10173785037600827,0.0036904376666666654,-0.0005479429091982389,0.0016011948586270083,0.0010043184447010743,-0.0003055678083333374,1.2051893292178777,0.10162141410752198,-0.0006616194370203665,-0.0001164362684862863,-0.00011645772902823386,1.0003687857545343,-1.596999085105877e-10,-0.000943482025303692,0.002852421665167057,0.002852421665167057,0.1767041214151776,0.9998157224760724,-1.5975880356184683e-10]"
/multi_agv/m2b_algorithm_state,1789558490.6173275,1789558490.6173275,m2b_algorithm_state_v1:header6+3x20,"[1.0,-0.15,0.52,1.2079996734931637,0.10175693694864767,1789558490.617105,1.2063630573956443,0.10139708431359815,0.0036904376666666654,0.0015378802928509372,0.001052441884468357,0.00038561826900454163,0.0009860853749999966,1.2062121446986076,0.09995635380582142,-0.00015091269703670918,-0.0014407305077767246,-0.001444064652110865,1.0046535793446099,6.879422100579977e-08,-0.0016327055234067515,0.00794939228343233,0.00794939228343233,0.14191723945554682,0.9976911391541463,6.911436037170089e-08,1.2077887199912727,0.10213599028151839,0.006394789958333334,0.0009221199902700421,0.002374509700783678,0.001137111839998789,0.005408704583333337,1.2097498055391331,0.10028881983392006,0.0019610855478604527,-0.0018471704475983286,-0.0018526133641412527,1.0059345064946537,6.759523457662565e-08,0.0005987435706843133,-0.00036322581659797696,-0.00036322581659797696,0.12044662673319508,0.9970620332076429,6.799637893522827e-08,1.2068398728861174,0.10173778440943984,0.0036904376666666654,-0.0005470729882364523,0.0016012473231395204,0.0010039140707307024,-0.0003055678083333374,1.206468127067542,0.10320897955626572,-0.00037174581857546407,0.0014711951468258794,0.0014678100807227646,0.995423965123752,-2.5426575699618394e-08,0.0010031278075034345,-0.004791462416819872,-0.004791462416819872,0.17663509254247978,1.0023062016997784,-2.5310222802433378e-08]"
/multi_agv/m2b_algorithm_state,1789558490.627221,1789558490.627221,m2b_algorithm_state_v1:header6+3x20,"[1.0,-0.15,0.52,1.2089995193746021,0.10175693769924743,1789558490.6270788,1.2073655063239446,0.1013970455651155,0.0036904376666666654,0.0015381220985685165,0.0010524256124609275,0.00038552191910368443,0.0009860853749999966,1.2073244687806632,0.10222703974339428,-4.103754328133036e-05,0.0008299941782787812,0.0008289064796572041,0.9973872674940281,2.279917827031782e-08,0.0007776095505555411,-0.0016049402158761958,-0.0016049402158761958,0.14192718995532852,1.0013122090950801,2.2739610116141513e-08,1.2087911867348884,0.10213596719278868,0.006394789958333334,0.0009221326527373806,0.0023745397251742073,0.001137090732423074,0.005408704583333337,1.2107896430031833,0.10128588023001844,0.001998456268294868,-0.0008500869627702384,-0.0008512310497948685,1.0027003828023007,1.4306879629266161e-08,0.0016468392855737168,-0.004525141565806053,-0.004525141565806053,0.12045289135873712,0.998655961827396,1.4345513680971617e-08,1.207842327420658,0.10173779808803879,0.0036904376666666654,-0.0005472748850462836,0.0016012471615081576,0.001004001670813947,-0.0003055678083333374,1.2072990976581874,0.1010213039619574,-0.0005432297624705651,-0.0007164941260813934,-0.0007173104551045152,1.0022848609166188,-6.042319308144989e-09,-0.0013963476581927217,0.004718883992599903,0.004718883992599903,0.17665457689483996,0.9988619585601846,-6.056125167377901e-09]"
/multi_agv/m2b_algorithm_state,1789558490.637156,1789558490.637156,m2b_algorithm_state_v1:header6+3x20,"[1.0,-0.15,0.52,1.210001373017426,0.10175692553305603,1789558490.63696,1.2083653496661155,0.1013970487541302,0.0036904376666666654,0.00153808798864422,0.0010524359064179919,0.00038553135002962697,0.0009860853749999966,1.2085263991742425,0.10340995799954884,0.00016104950812700913,0.002012909245418637,0.002006568979833204,0.9937485773015085,1.3397795488487044e-07,0.0022078808649919654,-0.007266453382086673,-0.007266453382086673,0.14192789780348616,1.003159754610559,1.331404020566057e-07,1.2097910358469206,0.10213596843322656,0.006394789958333334,0.0009221176326320293,0.002374549416955807,0.0011370922019374313,0.005408704583333337,1.21176414050393,0.10091099239834925,0.0019731046570095057,-0.001224976034877312,-0.00122735848356671,1.0039078687830505,2.971503982956522e-08,0.0012390223376951722,-0.0029083094037190204,-0.0029083094037190204,0.12045333700863077,0.9980588811489902,2.983116230610228e-08,1.2088421726107699,0.10173779591038548,0.0036904376666666654,-0.000547266021635157,0.0016012573215133177,0.001003992543913701,-0.0003055678083333374,1.2082473860661362,0.10039970260083962,-0.0005947865446336298,-0.0013380933095458597,-0.0013409539079570882,1.0042972816917959,-2.108275703520246e-08,-0.0020844370887491254,0.007416867370568313,0.007416867370568313,0.1766559630344849,0.9978667436708645,-2.1173355581022417e-08]"
/multi_agv/m2b_algorithm_state,1789558490.6470942,1789558490.6470942,m2b_algorithm_state_v1:header6+3x20,"[1.0,-0.15,0.52,1.2109974547781943,0.10175695007500762,1789558490.646964,1.2093671967201494,0.10139702116918099,0.0036904376666666654,0.0015382540325940578,0.001052425585684834,0.00038546474446518315,0.0009860853749999966,1.2095681501348754,0.10258458882366842,0.000200953414726035,0.001187567654487423,0.001185346915126878,0.9962768687815665,4.6667137605996015e-08,0.0014365386835344218,-0.004119126478196766,-0.004119126478196766,0.14193571433002572,1.0018734931792583,4.64933897291002e-08,1.2107928977093094,0.10213595092625964,0.006394789958333334,0.0009221250030954711,0.0023745740756506706,0.0011370761796108547,0.005408704583333337,1.21266329340844,0.10070158432368295,0.0018703956991306114,-0.0014343666025766894,-0.0014376383426653043,1.00458674976138,4.074796154890442e-08,0.00090035628124796,-0.001615437389343425,-0.001615437389343425,0.12045825797259681,0.9977242259116786,4.093486225181558e-08,1.2098440246228188,0.10173780450372744,0.0036904376666666654,-0.0005474092907951917,0.0016012601554173944,0.001004053172527779,-0.0003055678083333374,1.2094785719649472,0.10188655009885705,-0.0003654526578715789,0.00014874559512961794,0.00014871064257974907,0.9995303010821573,-2.6032313797725054e-10,-0.0003081051797597245,0.0004799693313422941,0.0004799693313422941,0.17667127004907554,1.0002350373131508,-2.602008644810532e-10]"
/multi_agv/m2b_algorithm_state,1789558490.6571195,1789558490.6571195,m2b_algorithm_state_v1:header6+3x20,"[1.0,-0.15,0.52,1.2119991410434148,0.10175693851286045,1789558490.656949,1.210363283547305,0.10139708236099094,0.0036904376666666654,0.0015378399742496211,0.0010524741387345493,0.0003856189683557414,0.0009860853749999966,1.2103789655905306,0.1015840266736023,1.5682043225551112e-05,0.0001869443126113618,0.00018688886296376028,0.9994071988588322,1.1569444175041246e-09,0.00020649141699569917,0.0007201355983370421,0.0007201355983370421,0.14192309549910515,1.0002966985122719,1.1562585795331603e-09,1.2117889732036413,0.10213598675596673,0.006394789958333334,0.0009220694451088987,0.002374555276340784,0.0011371100428773095,0.005408704583333337,1.213665436906221,0.10070158432368295,0.001876463702579656,-0.0014344024322837795,-0.0014376743351257532,1.004586863976966,4.0747536448189206e-08,0.0009079052930988168,-0.0016421395168720494,-0.0016421395168720494,0.12045031359735305,0.997724169680133,4.093443985527351e-08,1.2108401075836368,0.10173778110806521,0.0036904376666666654,-0.0005471103161682222,0.0016012841983650827,0.001003911070000271,-0.0003055678083333374,1.2105228933375973,0.10141839340654452,-0.0003172142460394767,-0.00031938770152069307,-0.00031954942360485803,1.0010139269445273,-1.199956305426811e-09,-0.0007160672311542039,0.0021356439864816204,0.0021356439864816204,0.17664655923068168,0.9994939058805347,-1.2011729734571386e-09]"
/multi_agv/m2b_algorithm_state,1789558490.6671762,1789558490.6671762,m2b_algorithm_state_v1:header6+3x20,"[1.0,-0.15,0.52,1.2129992364659141,0.1017569371708103,1789558490.6670399,1.2113649636339447,0.10139705491886107,0.0036904376666666654,0.0015380064618125446,0.001052465656993329,0.0003855512139479241,0.0009860853749999966,1.211080050562709,0.10252026337076359,-0.00028491307123568177,0.001123208451902516,0.0011212209230596528,0.9964760566409412,4.174124807720255e-08,0.0007650795840150506,-0.0016959928621815357,-0.0016959928621815357,0.14193031890816019,1.0017726469440469,4.1594154283242065e-08,1.2127906674892173,0.10213597031543402,0.006394789958333334,0.0009220743327053001,0.0023745793374074786,0.0011370954077206535,0.005408704583333337,1.2147188644432716,0.10243533748105116,0.0019281969540543287,0.00029936716561713983,0.000299226513822113,0.9990614097682099,1.7727781875701127e-09,0.002709472706390024,-0.008841453595375116,-0.008841453595375116,0.12045486125030201,1.0004700512438895,1.7711142752801289e-09,1.2118417920070823,0.10173779030428631,0.0036904376666666654,-0.0005472537453610738,0.001601286595918839,0.0010039719949785876,-0.0003055678083333374,1.211100900103959,0.09918796836432114,-0.0007408919031233197,-0.002549821939965169,-0.002560304851890679,1.008301624827767,-7.661474683417618e-08,-0.0034864197307948284,0.01285435842908582,0.01285435842908582,0.1766607041307996,0.9959056001015782,-7.725077371866786e-08]"
/multi_agv/m2b_algorithm_state,1789558490.6771586,1789558490.6771586,m2b_algorithm_state_v1:header6+3x20,"[1.0,-0.15,0.52,1.2140002011462894,0.10175693020193492,1789558490.6770773,1.212365056082659,0.10139705320161645,0.0036904376666666654,0.0015380033586681239,0.001052473300988498,0.00038554858296811767,0.0009860853749999966,1.212298389916874,0.10450711001954444,-6.666616578510087e-05,0.003110056817927989,0.003095047163499284,0.9904619847340879,3.1955068282695833e-07,0.003011714456267908,-0.010681660796373327,-0.010681660796373327,0.14193191031551844,1.0048495721182273,3.1650280353592215e-07,1.2137907667761059,0.10213596866453174,0.006394789958333334,0.0009220625582540311,0.0023745909305747936,0.001137094481164308,0.005408704583333337,1.2157295111504445,0.10243533748105116,0.001938744374338608,0.0002993688165194158,0.0002992281631716929,0.9990614045887511,1.772775113527555e-09,0.002722658631094953,-0.008888325142476386,-0.008888325142476386,0.12045586313490218,1.0004700538419646,1.771111194940822e-09,1.2128418865389778,0.10173778964628273,0.0036904376666666654,-0.0005472675189823139,0.0016012953582028268,0.0010039734075677868,-0.0003055678083333374,1.2121062044628603,0.09948122185890171,-0.0007356820761175165,-0.0022565677873810225,-0.0022647599212088335,1.0073225953466014,-5.999531439841967e-08,-0.003184362516355729,0.011674028914009016,0.011674028914009016,0.17666382055097551,0.996382780465561,-6.043463580845143e-08]"
/multi_agv/m2b_algorithm_state,1789558490.687002,1789558490.687002,m2b_algorithm_state_v1:header6+3x20,"[1.0,-0.15,0.52,1.2149975020022181,0.10175694648707612,1789558490.686896,1.2133660160397586,0.10139703827853994,0.0036904376666666654,0.0015380857710309832,0.0010524719783002287,0.00038551354823289645,0.0009860853749999966,1.2134533637072547,0.10510739727973276,8.734766749607381e-05,0.00371035900119282,0.003689093329919414,0.9886993081127784,4.546300157249452e-07,0.003798277914289506,-0.013806836152415026,-0.013806836152415026,0.14193657957358893,1.0057644709340738,4.494923819945549e-07,1.2147917374528379,0.10213595884933532,0.006394789958333334,0.0009220606693163443,0.002374608919645693,0.0011370859422012158,0.005408704583333337,1.2169801393387918,0.10116052374629633,0.002188401885953928,-0.0009754351030389907,-0.0009769428988645338,1.0031029830402596,1.8837271483107682e-08,0.001758559458577876,-0.004861780045507512,-0.004861780045507512,0.12045880267530149,0.9984566182657189,1.889572321704453e-08,1.2138428499462715,0.1017377934779295,0.0036904376666666654,-0.0005473461234223455,0.001601300993660638,0.0010040045487599864,-0.0003055678083333374,1.2134030651679122,0.10122388348254505,-0.00043978477835926455,-0.0005139099953844484,-0.0005143293171644184,1.0016350661561961,-3.108484075938247e-09,-0.0010640602901134991,0.0034540938941983314,0.0034540938941983314,0.17667296447440525,0.9991847212165896,-3.1135666530478882e-09]"
/multi_agv/m2b_algorithm_state,1789558490.6971042,1789558490.6971042,m2b_algorithm_state_v1:header6+3x20,"[1.0,-0.15,0.52,1.2159996543344904,0.1017569315378851,1789558490.6969707,1.2143633195775803,0.10139707950865233,0.0036904376666666654,0.0015378013256575015,0.001052508025796239,0.0003856180945072446,0.0009860853749999966,1.2143549342871673,0.1034291415017177,-8.38529041291558e-06,0.0020320619930653677,0.0020256014418532486,0.9936904810499325,1.3651227024134113e-07,0.002015119828837104,-0.006586841901460031,-0.006586841901460031,0.1419282765305368,1.003189448367596,1.3565094348533665e-07,1.2157890351250038,0.10213598283829223,0.006394789958333334,0.0009220188163900191,0.0023745993683574884,0.0011371090536483192,0.005408704583333337,1.217985432564215,0.10116052374629633,0.002196397439211184,-0.000975459091995895,-0.0009769669617680618,1.0031030591884984,1.8837341201862835e-08,0.0017685298372459182,-0.004897083723999633,-0.004897083723999633,0.12045357543368959,0.9984565805895441,1.8895794586566157e-08,1.2148401513040699,0.1017377771142838,0.0036904376666666654,-0.0005471450108600119,0.001601320002843432,0.00100390748478123,-0.0003055678083333374,1.2147869672583325,0.09982948042010681,-5.318404573739777e-05,-0.0019082966941769974,-0.0019141398713299115,1.006168144799778,-4.2886006182070665e-08,-0.0019806199285016587,0.0072896569754248505,0.0072896569754248505,0.17665670465629127,0.9969473614543882,-4.315053327808585e-08]"
/multi_agv/m2b_algorithm_state,1789558490.7070909,1789558490.7070909,m2b_algorithm_state_v1:header6+3x20,"[1.0,-0.15,0.52,1.2169959331254532,0.10175695401774382,1789558490.7069883,1.2153654648276813,0.10139704459564267,0.0036904376666666654,0.001538014884151363,0.0010524945381142014,0.0003855325404476444,0.0009860853749999966,1.2152924843093025,0.10261026764576739,-7.298051837878461e-05,0.0012132230501247232,0.0012109057755179066,0.996197550964085,4.8696764177406214e-08,0.0011196801275444258,-0.003001825122063142,-0.003001825122063142,0.1419371506941792,1.001913670455346,4.851159721340765e-08,1.2167911965779623,0.10213596156470851,0.006394789958333334,0.0009220297498959105,0.002374626730415663,0.001137090080470235,0.005408704583333337,1.2190684722683327,0.10240737380529487,0.002277275690370395,0.00027141224058635505,0.00027129660586283356,0.9991487835029533,1.4571104147137494e-09,0.0031178912188258275,-0.010279218879445166,-0.010279218879445166,0.12045916224461106,1.00042622989386,1.4558700982907265e-09,1.2158423015978277,0.10173778845330413,0.0036904376666666654,-0.0005473232620680133,0.001601320544510754,0.0010039844693724596,-0.0003055678083333374,1.2156099228918165,0.09837865760910855,-0.000232378706011227,-0.0033591308441955764,-0.0033774357845042166,1.0110366490793696,-1.3305372623297112e-07,-0.0036679091670182504,0.013811125134224268,0.013811125134224268,0.17667408300562276,0.9945802255093571,-1.3452219351810695e-07]"
/multi_agv/m2b_algorithm_state,1789558490.7170815,1789558490.7170815,m2b_algorithm_state_v1:header6+3x20,"[1.0,-0.15,0.52,1.2179992567302518,0.10175693120949884,1789558490.71688,1.2163617483795681,0.10139710051085205,0.0036904376666666654,0.0015376345860345698,0.0010525409016944208,0.0003856732693897215,0.0009860853749999966,1.2163434327818081,0.10330570678070355,-1.8315597759999136e-05,0.0019086062698515094,0.0019029015326417367,0.9940654337904141,1.204267598435758e-07,0.0018800070354417378,-0.006044890803416612,-0.006044890803416612,0.14192522915007103,1.002997915084893,1.1971207926387821e-07,1.217787469702471,0.10213599463546237,0.006394789958333334,0.0009219768545533505,0.002374609731053745,0.001137121853155662,0.005408704583333337,1.2201604286479664,0.1032343234885395,0.0023729589454952738,0.0010983288530771323,0.0010964471183066136,0.9965878041880504,2.3846175643958714e-08,0.004062645800175705,-0.01405135731934069,-0.01405135731934069,0.12045165688667885,1.0017162111506344,2.3764807823295384e-08,1.2168385812943203,0.10173776690691703,0.0036904376666666654,-0.0005470487937998644,0.0016013428798993708,0.001003853877802725,-0.0003055678083333374,1.216709323761665,0.09969849580158321,-0.00012925753265524698,-0.0020392711053338203,-0.0020459505016483894,1.0066012516326395,-4.8970545305569465e-08,-0.002207522417467448,0.008144238203975075,0.008144238203975075,0.1766507372495154,0.9967353089387121,-4.92938121977191e-08]"
/multi_agv/m2b_algorithm_state,1789558490.7269697,1789558490.7269697,m2b_algorithm_state_v1:header6+3x20,"[1.0,-0.15,0.52,1.2189992138120298,0.1017569301655578,1789558490.7268593,1.2173650625492505,0.10139704615198408,0.0036904376666666654,0.0015379754446236994,0.0010525153033916538,0.00038553883483643473,0.0009860853749999966,1.217277873732752,0.10432174356055314,-8.718881649838472e-05,0.0029246974085690575,0.002911404838011448,0.9910113247567253,2.826300301521764e-07,0.002802418817388467,-0.009839509779668685,-0.009839509779668685,0.14193825017821554,1.0045656895200767,2.800895605971415e-07,1.2187908054906824,0.10213596204754521,0.006394789958333334,0.0009220006745455905,0.0023746462812914704,0.0011370925141391264,0.005408704583333337,1.2208652252488759,0.10146662692339127,0.0020744197581934465,-0.0006693351241539441,-0.0006700434341100638,1.0021218394398925,8.86726795352697e-09,0.0019229812636317443,-0.0055879515751625355,-0.0055879515751625355,0.12045985441077546,0.99894288949035,8.886082872394858e-09,1.2178419021508229,0.10173778542896722,0.0036904376666666654,-0.0005473237700277362,0.0016013385343734534,0.0010039753318372056,-0.0003055678083333374,1.2179036052132053,0.10071010820023175,6.170306238240109e-05,-0.0010276772287354657,-0.001029360589196011,1.0032887953334535,-1.2434342458018265e-08,-0.0009522317612180096,0.0032817274621119476,0.0032817274621119476,0.17667623618134295,0.9983646542540937,-1.2475236465468758e-08]"
/multi_agv/m2b_algorithm_state,1789558490.7370164,1789558490.7370164,m2b_algorithm_state_v1:header6+3x20,"[1.0,-0.15,0.52,1.219998839614959,0.10175693112509483,1789558490.7368565,1.2183650169819986,0.10139704620761879,0.0036904376666666654,0.001537958297512096,0.0010525239654615593,0.00038554176183508426,0.0009860853749999966,1.2182915819389253,0.10360689139343136,-7.343504307333326e-05,0.0022098451858125756,0.00220221504249891,0.9931524157007496,1.6143902941323343e-07,0.0021104212386572436,-0.00701303106737727,-0.00701303106737727,0.14193935188367915,1.0034647585119605,1.6033356205013716e-07,1.2197907659884626,0.10213596094126931,0.006394789958333334,0.00092198880823502,0.002374656529297914,0.0011370923271345756,0.005408704583333337,1.2218749238135223,0.10146662692339127,0.0020841578250596626,-0.0006693340178780399,-0.0006700423254974838,1.0021218359381052,8.867124556885901e-09,0.0019351549558270945,-0.005631078793081735,-0.005631078793081735,0.12046054799041775,0.9989428912286727,8.885939140438357e-09,1.2188418584656286,0.10173778334778526,0.0036904376666666654,-0.0005473253733808609,0.001601347631668814,0.0010039712947095365,-0.0003055678083333374,1.2188365638297416,0.09864659983922722,-5.294635887054255e-06,-0.0030911835085580402,-0.0031066533685775366,1.010125727763476,-1.1265499670774362e-07,-0.0031132716634363544,0.011758923428095038,0.011758923428095038,0.17667839379368747,0.9950204100090575,-1.1379571053560153e-07]"
/multi_agv/m2b_algorithm_state,1789558490.7470415,1789558490.7470415,m2b_algorithm_state_v1:header6+3x20,"[1.0,-0.15,0.52,1.2209994058186557,0.10175692596780084,1789558490.7468696,1.2193646408225034,0.10139705110726331,0.0036904376666666654,0.0015379093404986866,0.0010525359862410873,0.00038555673020320086,0.0009860853749999966,1.2192735764167524,0.10296351513001757,-9.106440575101793e-05,0.0015664640227542603,0.0015626112566184253,0.9951101909182449,8.11555247006604e-08,0.0014487807494296529,-0.0043418605259839,-0.0043418605259839,0.1419392805690656,1.0024655947661432,8.075868967894451e-08,1.2207903943785023,0.10213596277858553,0.006394789958333334,0.0009219734198500518,0.0023746642906299353,0.0011370949604720682,0.005408704583333337,1.2228035356540992,0.10123903021992513,0.002013141275596819,-0.0008969325586603988,-0.0008982066672800022,1.0028507107946179,1.5924896149582996e-08,0.0016182199272160218,-0.004402089916317471,-0.004402089916317471,0.12046050308645208,0.9985814972589084,1.597029342293978e-08,1.2198414836438713,0.10173777948943567,0.0036904376666666654,-0.0005473025176290134,0.0016013578259198927,0.00100395608472122,-0.0003055678083333374,1.2196524026632656,0.09752069639011299,-0.0001890809806057714,-0.0042170830993226854,-0.004246119749679269,1.013989607131111,-2.0980408556488763e-07,-0.004482470975436483,0.01699345888719617,0.01699345888719617,0.17667825410232488,0.993161603518418,-2.127391622964424e-07]"
/multi_agv/m2b_algorithm_state,1789558490.7570698,1789558490.7570698,m2b_algorithm_state_v1:header6+3x20,"[1.0,-0.15,0.52,1.2219937127465876,0.10175696037194738,1789558490.756798,1.2203652031793997,0.10139704129334388,0.0036904376666666654,0.0015379562155584596,0.001052538352464482,0.00038553518076742945,0.0009860853749999966,1.2202252155689994,0.10272988810693247,-0.00013998761040023844,0.001332846813588584,0.00133005258149173,0.9958283272613241,5.876584585973767e-08,0.001155068068491432,-0.0031840148259010734,-0.0031840148259010734,0.1419425392134949,1.002100843331863,5.8520693982599376e-08,1.2217909655271577,0.10213595576274258,0.006394789958333334,0.0009219684800138139,0.0023746791255059296,0.0011370893848251934,0.005408704583333337,1.2238108232254454,0.10242773152839915,0.002019857698287719,0.0002917757656565739,0.00029164214901143345,0.9990851311706301,1.6838251256237085e-09,0.0028164642718710824,-0.009218089581630862,-0.009218089581630862,0.12046255454191697,1.000458152724472,1.6822846465021656e-09,1.2208420487494098,0.10173778084731608,0.0036904376666666654,-0.0005473524395574613,0.001601364450316757,0.0010039742785067033,-0.0003055678083333374,1.2208033755956047,0.09945647565503074,-3.867315380512437e-05,-0.002281305192285338,-0.002289679487460372,1.0074049364036808,-6.132842020227867e-08,-0.0023380209297167776,0.008703924979384183,0.008703924979384183,0.17668463600039747,0.9963425906460284,-6.178255325361476e-08]"
/multi_agv/m2b_algorithm_state,1789558490.7670481,1789558490.7670481,m2b_algorithm_state_v1:header6+3x20,"[1.0,-0.15,0.52,1.2229983220601974,0.10175692861376788,1789558490.766835,1.2213595188684405,0.10139712620006407,0.0036904376666666654,0.0015373855536566015,0.0010526044318833086,0.00038574817009591174,0.0009860853749999966,1.2211035273187794,0.10362907715556842,-0.0002559915496611609,0.0022319509555043526,0.0022241687117575126,0.9930856755950092,1.6462093450770162e-07,0.0019041792746810615,-0.006286418699490589,-0.006286418699490589,0.14192363570589484,1.0034989448892528,1.6348269196266263e-07,1.2227852618976178,0.10213600628730496,0.006394789958333334,0.0009218949251561482,0.0023746474530910167,0.001137137746072714,0.005408704583333337,1.2248030675418133,0.10111716802736395,0.002017805644195514,-0.0010188382599410073,-0.0010204837645383668,1.0032426513274948,2.0547846356544146e-08,0.0015017732907060255,-0.003933262813111836,-0.003933262813111836,0.12045065370036172,0.9983875249616502,2.0614475857809355e-08,1.2218363574737041,0.10173774862847314,0.0036904376666666654,-0.0005469319092496036,0.0016013934781449746,0.0010037768924029715,-0.0003055678083333374,1.221967045517038,0.0996756410224335,0.00013068804333382644,-0.0020621076060396426,-0.0020689386171874337,1.0066768983573666,-5.006352487705809e-08,-0.0019055785630201507,0.007089847493706877,0.007089847493706877,0.17664761703428852,0.9966983016842339,-5.03977939440737e-08]"
/multi_agv/m2b_algorithm_state,1789558490.7770267,1789558490.7770267,m2b_algorithm_state_v1:header6+3x20,"[1.0,-0.15,0.52,1.223993733736391,0.10175695578888933,1789558490.7768188,1.2223641161919259,0.101397049795736,0.0036904376666666654,0.0015378701966520677,0.001052565369038172,0.00038555841395661577,0.0009860853749999966,1.2222066808502627,0.10413925241433022,-0.00015743534166312578,0.0027422026185942305,0.002730500905247783,0.9915545207939407,2.484767384979325e-07,0.0025337067281688756,-0.008786910639580491,-0.008786910639580491,0.14194120907405694,1.0042855555638008,2.4637823336975874e-07,1.22378988677126,0.10213596088825017,0.006394789958333334,0.0009219333108015319,0.0023746941331876936,0.0011370968234468426,0.005408704583333337,1.22580511491443,0.10111716802736395,0.0020152281431700114,-0.001018792860886214,-0.001020438219288663,1.0032425071596391,2.0546874287891783e-08,0.0014985969596738513,-0.003922010126188722,-0.003922010126188722,0.12046171716092603,0.9983875962587956,2.0613497674878477e-08,1.2228409632174064,0.1017377751573175,0.0036904376666666654,-0.0005473155661575081,0.001601383452785144,0.0010039484105888981,-0.0003055678083333374,1.222852582165869,0.09756723385950085,1.161894846246625e-05,-0.004170541297816646,-0.004198930609824804,1.013827994584222,-2.0519764166210046e-07,-0.004184406924246722,0.01593374768768386,0.01593374768768386,0.17668203095077203,0.9932389185137445,-2.080351135396991e-07]"
/multi_agv/m2b_algorithm_state,1789558490.7871275,1789558490.7871275,m2b_algorithm_state_v1:header6+3x20,"[1.0,-0.15,0.52,1.2249985731685362,0.1017569224035465,1789558490.78685,1.223359534412326,0.10139711731729491,0.0036904376666666654,0.0015374127354560773,0.001052620060028308,0.00038572825870179794,0.0009860853749999966,1.2232495553143778,0.10408228932299297,-0.00010997909794818739,0.0026851720056980666,0.0026739471005210844,0.9917247578437547,2.381881859726363e-07,0.00253647322808585,-0.008769440798037858,-0.008769440798037858,0.14192621692418483,1.0041978785499512,2.3621712105495594e-07,1.2247852906691896,0.10213600095112736,0.006394789958333334,0.0009218721224705422,0.002374670798395817,0.001137135486714097,0.005408704583333337,1.226942872546952,0.10067306738102952,0.0021575818777623823,-0.0014629335700978435,-0.001466337663728172,1.0046796134577338,4.2376378391589575e-08,0.0012306396834748058,-0.0027690635320384007,-0.0027690635320384007,0.12045227875336213,0.9976785063123361,4.2574683462200876e-08,1.2238363761276574,0.10173774909824572,0.0036904376666666654,-0.0005469809874238704,0.0016014082436502722,0.001003790485738721,-0.0003055678083333374,1.223700196469231,0.09692275677612727,-0.00013617965842649404,-0.004814992322118447,-0.004853017205901652,1.0160804147012672,-2.7345399389154033e-07,-0.0050232417789347695,0.01910505196778022,0.01910505196778022,0.17665267146840327,0.9921646921554361,-2.778512475150341e-07]"
/multi_agv/m2b_algorithm_state,1789558490.7970524,1789558490.7970524,m2b_algorithm_state_v1:header6+3x20,"[1.0,-0.15,0.52,1.2259938355915996,0.10175695039786399,1789558490.7968662,1.2243643613641078,0.10139703765166416,0.0036904376666666654,0.0015379175388674582,0.0010525783470353364,0.0003855311422495235,0.0009860853749999966,1.2240493787908913,0.10275865682395084,-0.0003149825732164935,0.0013616191722866794,0.0013587036356297378,0.995739671822101,6.132757968833937e-08,0.000964975419109121,-0.002519477258862087,-0.002519477258862087,0.14194460576221773,1.0021458223710356,6.106630407251079e-08,1.2257901461804825,0.10213595317614926,0.006394789958333334,0.0009219138211100687,0.002374719035838968,0.001137092317808286,0.005408704583333337,1.2281157874507227,0.10263428009601,0.002325641270240153,0.0004983269198607365,0.0004979377780177766,0.9984411697334857,4.910643416183646e-09,0.0034049893658179677,-0.011411404813174528,-0.011411404813174528,0.12046385550633563,1.0007815069676156,4.90298855659844e-09,1.2248412119610184,0.10173777638282608,0.0036904376666666654,-0.0005473795692546644,0.0016013975126662923,0.0010039688404432949,-0.0003055678083333374,1.2251884818632806,0.09978780308139261,0.0003472699022621928,-0.0019499733014334691,-0.0019560764145498647,1.0063058239637557,-4.4800127184792945e-08,-0.0015219890367221237,0.005690083255893949,0.005690083255893949,0.1766886832894085,0.9968799209115765,-4.5082628900374114e-08]"
/multi_agv/m2b_algorithm_state,1789558490.8074336,1789558490.8074336,m2b_algorithm_state_v1:header6+3x20,"[1.0,-0.15,0.52,1.226997929165673,0.10175692165940908,1789558490.8072958,1.2253596306135364,0.10139710785879169,0.0036904376666666654,0.0015374413487704965,0.0010526342903321773,0.000385708453884509,0.0009860853749999966,1.22503871314168,0.10273156601753836,-0.00032091747185636343,0.0013344581587466653,0.0013316572031827074,0.9958233645220027,5.8888213924383324e-08,0.0009305103633622531,-0.0023843810365938656,-0.0023843810365938656,0.14192908450240607,1.0021033608028127,5.864225932087085e-08,1.2267854003769503,0.10213599441445981,0.006394789958333334,0.0009218517814304512,0.002374694356051421,0.0011371320497874093,0.005408704583333337,1.2290848148631996,0.10118566857269272,0.0022994144862493737,-0.0009503258417670885,-0.0009517567370279162,1.0030222429949027,1.7875593178847404e-08,0.0019225113707838008,-0.0054538536725746494,-0.0054538536725746494,0.12045408411088554,0.9984965745918479,1.7929617565111907e-08,1.2258364757843128,0.10173774892034051,0.0036904376666666654,-0.000547030260474314,0.0016014230287269456,0.0010038041533410981,-0.0003055678083333374,1.2263874128949122,0.09916114860272902,0.0005509371105993921,-0.002576600317611491,-0.0025873067406669294,1.008391346500296,-7.820184727238892e-08,-0.0018986353524176893,0.00728070368453863,0.00728070368453863,0.17665828686466092,0.9958619428894314,-7.885806606981478e-08]"
/multi_agv/m2b_algorithm_state,1789558490.817196,1789558490.817196,m2b_algorithm_state_v1:header6+3x20,"[1.0,-0.15,0.52,1.227993878431678,0.1017569451052623,1789558490.8170435,1.2263637132213139,0.10139703985678997,0.0036904376666666654,0.0015378691561641015,0.00105260005577823,0.0003855408224160252,0.0009860853749999966,1.226137047616674,0.10343262437264769,-0.00022666560463990848,0.0020355845158577246,0.0020291017168964087,0.9936797950380379,1.369916704123378e-07,0.0017457697110965231,-0.0056254984907498536,-0.0056254984907498536,0.1419448328128854,1.0031949107860554,1.3612585497725027e-07,1.2277895081008383,0.1021359533972303,0.006394789958333334,0.0009218858174162674,0.002374736805496269,0.001137095213463682,0.005408704583333337,1.2300879161553964,0.10118566857269272,0.0022984080545580543,-0.0009502848245375867,-0.0009517155966347824,1.0030221128238563,1.7874712916032043e-08,0.0019212944715627854,-0.005449533447136412,-0.005449533447136412,0.12046399843686274,0.9984966390145807,1.7928732315158333e-08,1.2268405661748665,0.10173777172420696,0.0036904376666666654,-0.0005473697642287769,0.0016014151004735133,0.0010039554416447763,-0.0003055678083333374,1.2272391768946909,0.0971244945760682,0.0003986107198243882,-0.004613277148138764,-0.004648129857513424,1.015372007719697,-2.511698597563789e-07,-0.004149866457732939,0.01598190448108395,0.01598190448108395,0.17668912797448655,0.9925017780391133,-2.5503084477950914e-07]"
/multi_agv/m2b_algorithm_state,1789558490.8272853,1789558490.8272853,m2b_algorithm_state_v1:header6+3x20,"[1.0,-0.15,0.52,1.2289998742561916,0.1017569040092902,1789558490.8271997,1.2273596679398924,0.10139709928578552,0.0036904376666666654,0.001537462835684076,0.0010526488550755436,0.00038569156413476805,0.0009860853749999966,1.2268446500520016,0.10266685404217224,-0.0005150178878907674,0.001269754756386715,0.0012672175880457637,0.9960229397104636,5.3319327450132556e-08,0.0006234452281823045,-0.0012593320821101535,-0.0012593320821101535,0.14193174325510452,1.002002156823647,5.3107273270265845e-08,1.2287854508467069,0.1021359880603178,0.006394789958333334,0.0009218316606961485,0.002374717245087421,0.0011371288651664674,0.005408704583333337,1.2307820096621593,0.10042222636621458,0.001996558815452465,-0.0017137616941032274,-0.0017184420552200583,1.005497578063602,5.8160600263998966e-08,0.0007772564640955229,-0.0010537400918812691,-0.0010537400918812691,0.12045575796773031,0.9972763928218507,5.848034270417625e-08,1.227836516508434,0.10173774796968361,0.0036904376666666654,-0.000547073318385109,0.0016014379869825138,0.0010038150367786287,-0.0003055678083333374,1.2279827599357582,0.09755791316761818,0.00014624342732427742,-0.004179834802065435,-0.004208352784870431,1.013860257593224,-2.060231526374513e-07,-0.004025548500715084,0.015382151869531319,0.015382151869531319,0.176663493405825,0.9932234809525663,-2.088786866031745e-07]"
/multi_agv/m2b_algorithm_state,1789558490.837208,1789558490.837208,m2b_algorithm_state_v1:header6+3x20,"[1.0,-0.15,0.52,1.229998780674316,0.10175690882998369,1789558490.837094,1.2283656489047112,0.10139700239308239,0.0036904376666666654,0.0015380777586966213,0.0010525947147404838,0.0003854531790330321,0.0009860853749999966,1.2277246541594433,0.10138540482489385,-0.0006409947452679088,-1.1597568188539964e-05,-1.159778191653463e-05,1.0000368589987778,4.453995471858592e-12,-0.0008128412135014207,0.004428764436582143,0.004428764436582143,0.1419524903575926,0.9999815716491132,4.4541596416722456e-12,1.2297914655209563,0.10213592906883522,0.006394789958333334,0.0009218876476963737,0.0023747737942942937,0.0011370751786350108,0.005408704583333337,1.2317813078223738,0.10042222636621458,0.0019898423014175215,-0.0017137027026206397,-0.001718382743175,1.005497389530195,5.8160141750590406e-08,0.000768920133596902,-0.0010242968239345604,-0.0010242968239345604,0.1204688179895591,0.9972764853622116,5.8479870704924764e-08,1.228842508342907,0.10173778056595303,0.0036904376666666654,-0.0005475548215639098,0.0016014232803372554,0.0010040314032838064,-0.0003055678083333374,1.2292442230828335,0.10071682952004103,0.0004017147399264509,-0.0010209510459120025,-0.0010226123586743968,1.0032670211505623,-1.2277233577276412e-08,-0.0005204689337663332,0.0017513631341390511,0.0017513631341390511,0.1767041223814742,0.9983754227608319,-1.2317343559043767e-08]"
/multi_agv/m2b_algorithm_state,1789558490.8473318,1789558490.8473318,m2b_algorithm_state_v1:header6+3x20,"[1.0,-0.15,0.52,1.2309974742641627,0.1017569147911533,1789558490.8472342,1.2293645548013132,0.10139701928110043,0.0036904376666666654,0.0015379456298119502,0.0010526130573855316,0.00038550091097335707,0.0009860853749999966,1.2286355537188125,0.10011952067848565,-0.0007290010825007354,-0.0012774986026147794,-0.00128011681497175,1.0041187391868727,5.408515317304482e-08,-0.0021913681680976694,0.009854284270186866,0.009854284270186866,0.14195160986286323,0.9979547082529119,5.4307915812846646e-08,1.2307903724290732,0.10213593654513656,0.006394789958333334,0.000921867505434314,0.0023747752642715447,0.0011370831454586006,0.005408704583333337,1.2329708903557122,0.10139909816931643,0.0021805179266389807,-0.0007368383758201286,-0.0007376971983770725,1.0023376252969973,1.0744949769698667e-08,0.0019879502099216535,-0.005786256672402359,-0.005786256672402359,0.12046826479242126,0.998835806129082,1.077006743609528e-08,1.2298414147925616,0.10173777066371409,0.0036904376666666654,-0.0005474662913890565,0.0016014364915922352,0.0010039861560826157,-0.0003055678083333374,1.2303696734504233,0.09990583904075484,0.0005282586578616577,-0.0018319316229592486,-0.0018373133922467697,1.0059162041300647,-3.954351896378741e-08,-0.0011769900699196976,0.004423092558042822,0.004423092558042822,0.17670240133068937,0.9970708484952912,-3.977746649399826e-08]"
/multi_agv/m2b_algorithm_state,1789558490.8570566,1789558490.8570566,m2b_algorithm_state_v1:header6+3x20,"[1.0,-0.15,0.52,1.2319985860483573,0.10175690515190698,1789558490.8569036,1.2303632483477196,0.10139703810922107,0.0036904376666666654,0.0015378017835663512,0.0010526336758623239,0.0003855525381770031,0.0009860853749999966,1.2301368345645767,0.10171289751363194,-0.00022641378314292027,0.00031585940441086757,0.0003157012657110466,0.9989998743912977,3.3023672611905075e-09,3.268403678239625e-05,0.0012793618520724815,0.0012793618520724815,0.14194823715906885,1.0005009124669324,3.2990644791232507e-09,1.231789066093843,0.1021359457812547,0.006394789958333334,0.0009218445712398157,0.002374775489041081,0.001137092970304232,0.005408704583333337,1.2339798697883775,0.10139909816931643,0.0021908036945343934,-0.0007368476119382766,-0.0007377064559780333,1.00233765455101,1.0744951440379223e-08,0.0020007981621899583,-0.005831767161236125,-0.005831767161236125,0.12046614156913699,0.998835791617659,1.0770069425014207e-08,1.2308401083509255,0.10173776048298411,0.0036904376666666654,-0.0005473687684886303,0.001601449887688823,0.0010039369146794975,-0.0003055678083333374,1.2313345103441267,0.09818488340464691,0.0004944019932011656,-0.003552877078337194,-0.003573384421323877,1.0116986657964988,-1.4887537153115367e-07,-0.00295538192982242,0.011389962985683798,0.011389962985683798,0.17669579549477102,0.9942610868105016,-1.5061701474802623e-07]"
/multi_agv/m2b_algorithm_state,1789558490.8670042,1789558490.8670042,m2b_algorithm_state_v1:header6+3x20,"[1.0,-0.15,0.52,1.2329984544493204,0.10175690347872707,1789558490.8668277,1.231364355235006,0.10139701894798782,0.0036904376666666654,0.0015379062875033314,0.0010526295924035093,0.00038550936357369375,0.0009860853749999966,1.2312800739621113,0.10299132465450409,-8.42812728947262e-05,0.0015943057065162664,0.001590315610164898,0.995024861936975,8.40641432240374e-08,0.0014849640190464902,-0.004484178512925564,-0.004484178512925564,0.14195248995538734,1.0025089965324272,8.364591250534791e-08,1.2327901840719548,0.10213593242302851,0.006394789958333334,0.0009218480102618568,0.002374794070792108,0.00113708181336461,0.005408704583333337,1.2349930222468453,0.0993300400349596,0.0022028381748904202,-0.0028058923880689146,-0.002818543057697963,1.009112945520201,1.5602242057850056e-07,-6.499533908493763e-05,0.002401359508117531,0.002401359508117531,0.12046881823459482,0.9955116280397077,1.5744424439716232e-07,1.2318412188381116,0.1017377640847046,0.0036904376666666654,-0.0005474602932313689,0.0016014540433538556,0.0010039744261074951,-0.0003055678083333374,1.232304233921951,0.09870677496491102,0.00046301508383939094,-0.0030309891197935757,-0.00304585560987964,1.0099218290940422,-1.0833281102347279e-07,-0.0024670867550804013,0.00946576937960487,0.00946576937960487,0.17670412319221315,0.9951191087201104,-1.0940767065972485e-07]"
/multi_agv/m2b_algorithm_state,1789558490.8769872,1789558490.8769872,m2b_algorithm_state_v1:header6+3x20,"[1.0,-0.15,0.52,1.2339939776190356,0.1017569292162195,1789558490.8768296,1.23236422126006,0.10139701963163973,0.0036904376666666654,0.001537880244766116,0.0010526381470476573,0.00038551620236251805,0.0009860853749999966,1.2323223018597886,0.10266157344962258,-4.1919400271428486e-05,0.0012645538179828497,0.0012620372896086384,0.9960389904696323,5.2898004580051083e-08,0.0012096380392693528,-0.0033467142611483566,-0.0033467142611483566,0.1419524903499252,1.0019940206164524,5.2688475079772065e-08,1.2337900554381505,0.1021359306129778,0.006394789958333334,0.0009218382825021331,0.0023748029664896197,0.0011370814027521908,0.005408704583333337,1.235984834186545,0.0993300400349596,0.002194778748394466,-0.002805890578018194,-0.0028185412314614957,1.0091129396768517,1.5602057397057017e-07,-7.506779596841342e-05,0.0024367474544361766,0.0024367474544361766,0.12046881799696842,0.9955116308741234,1.5744238004951174e-07,1.2328410866497512,0.10173776019156366,0.0036904376666666654,-0.0005474519998710085,0.0016014630406320906,0.0010039661510413958,-0.0003055678083333374,1.2334752571420973,0.10072237817098084,0.0006341704923460423,-0.0010153820205828223,-0.0010170251898693648,1.0032489961588884,-1.2141335421616541e-08,-0.00022431207443681191,0.0007014423713547278,0.0007014423713547278,0.17670412240737662,0.9983843376713674,-1.2180782573765148e-08]"
/multi_agv/m2b_algorithm_state,1789558490.8870397,1789558490.8870397,m2b_algorithm_state_v1:header6+3x20,"[1.0,-0.15,0.52,1.234998897299752,0.10175689459828348,1789558490.8868814,1.233359750831174,0.10139708554327284,0.0036904376666666654,0.0015374294793850563,0.0010526910114501123,0.00038568409481576577,0.0009860853749999966,1.233274599506858,0.10134091167732937,-8.515132431607952e-05,-5.6173865943476287e-05,-5.617888176656502e-05,1.0001786200497207,1.0445153796780574e-10,-0.00016261803716166443,0.0021398824211087248,0.0021398824211087248,0.1419396162508833,0.999910716929013,1.0447019510671094e-10,1.2347855708596096,0.10213596871019827,0.006394789958333334,0.0009217806403394955,0.0023747797217221756,0.0011371184819363028,0.005408704583333337,1.2369601408268671,0.10036141814297049,0.0021745699672575114,-0.0017745505672277784,-0.0017795711661897794,1.0056965082025378,6.235887193679643e-08,0.0009386412928821099,-0.0015954529598220355,-0.0015954529598220355,0.12046071440806175,0.9971787590980412,6.27140997622854e-08,1.233836611166323,0.1017377333951874,0.0036904376666666654,-0.0005471201735371711,0.0016014873428827686,0.0010038096733925687,-0.0003055678083333374,1.2345964741247015,0.1005610352537253,0.0007598629583784877,-0.0011766981414620958,-0.001178907590958405,1.0037720630791442,-1.629753217984211e-08,-0.00022907889298529526,0.00079025230334283,0.00079025230334283,0.1766789115278511,0.9981258501402023,-1.6359007499258858e-08]"
/multi_agv/m2b_algorithm_state,1789558490.89725,1789558490.89725,m2b_algorithm_state_v1:header6+3x20,"[1.0,-0.15,0.52,1.2359949689970022,0.1017569168020125,1789558490.897167,1.2343646579572427,0.10139700477873508,0.0036904376666666654,0.001537937624397513,0.0010526477911598775,0.00038548631391966347,0.0009860853749999966,1.2337439422964507,0.10003307815132803,-0.0006207156607920261,-0.0013639266274070444,-0.001366913038132145,1.0044016860754188,6.165415318435455e-08,-0.0021428076141221776,0.009718854624212871,0.009718854624212871,0.1419524924478969,0.9978152152757416,6.192553541191787e-08,1.2357905065616965,0.1021359192682311,0.006394789958333334,0.0009218255531953708,0.002374827785832645,0.001137074009842809,0.005408704583333337,1.2379597972557723,0.10036141814297049,0.0021692906940757872,-0.0017745011252606052,-0.0017795214459436746,1.0056963501003209,6.235844733592891e-08,0.0009320919216510594,-0.0015723267444165503,-0.0015723267444165503,0.12046881681148942,0.9971788366504305,6.271366288366678e-08,1.2348415273803177,0.10173775974788431,0.0036904376666666654,-0.0005475189149847901,0.0016014762392278625,0.0010039882910973926,-0.0003055678083333374,1.2352387378949583,0.1002306051184332,0.0003972105146405891,-0.001507154629451113,-0.0015107883830920478,1.0048494955675105,-2.6762101461098377e-08,-0.0010142752397913114,0.003708811972879539,0.003708811972879539,0.17670411838830918,0.997594796411197,-2.6891884153511238e-08]"
/multi_agv/m2b_algorithm_state,1789558490.9071214,1789558490.9071214,m2b_algorithm_state_v1:header6+3x20,"[1.0,-0.15,0.52,1.2370067831279956,0.10175683759557626,1789558490.907054,1.235360734954857,0.10139706299930311,0.0036904376666666654,0.0015375357320199963,0.0010526948706333075,0.0003856360307829621,0.0009860853749999966,1.2347339989283854,0.09991378754973367,-0.0006267360264715638,-0.0014832754495694433,-0.0014868105529695086,1.0047933039809935,7.290297118846315e-08,-0.0022702305860589633,0.010218327103880596,0.010218327103880596,0.14194563434867055,0.9976223578767283,7.325241729048707e-08,1.2367865717543869,0.10213595220939105,0.006394789958333334,0.000921774660868251,0.00237480827215375,0.0011371062221356282,0.005408704583333337,1.2387688826751464,0.0979528184023434,0.0019823109207595113,-0.004183133807047643,-0.004211545397256591,1.0137983587328903,3.4704788617031396e-07,-0.0017336567463072019,0.008839703696577472,0.008839703696577472,0.12046450303115845,0.9932538801012436,3.518365774011832e-07,1.235837600281763,0.10173773519734336,0.0036904376666666654,-0.0005472237902515377,0.0016014988069871566,0.001003848624657693,-0.0003055678083333374,1.2363078664390152,0.10107221247387481,0.0004702661572522082,-0.0006655227234685507,-0.0006662267651848721,1.002121090191864,-5.212530226165627e-09,-7.83940686196118e-05,2.9276518379932467e-05,2.9276518379932467e-05,0.17669069779236107,0.9989432401201624,-5.223586472903141e-09]"
/multi_agv/m2b_algorithm_state,1789558490.917287,1789558490.917287,m2b_algorithm_state_v1:header6+3x20,"[1.0,-0.15,0.52,1.2379999116447848,0.10175687908549297,1789558490.917233,1.2363725223463176,0.10139687713783568,0.0036904376666666654,0.001538726368263133,0.0010525795962708973,0.0003851798943839942,0.0009860853749999966,1.23596522306901,0.1016862665871994,-0.0004072992773076489,0.0002893894493637139,0.0002892566781449211,0.9990834101289633,2.773783869657887e-09,-0.00021986741848964008,0.0021897050977335566,0.0021897050977335566,0.14195250790806285,1.0004590083093132,2.7712414474585137e-09,1.2377984191005673,0.102135837862207,0.006394789958333334,0.0009218982782237678,0.0023749079177146637,0.0011370007998921516,0.005408704583333337,1.239745615677544,0.0979528184023434,0.0019471965769766175,-0.004183019459863588,-0.004211429515934979,1.0137979848612615,3.470756093920319e-07,-0.001777433794714207,0.008992840038463882,0.008992840038463882,0.120468807875369,0.9932540587551343,3.5186455339613627e-07,1.2368494079371024,0.10173779778668615,0.0036904376666666654,-0.0005481414927071969,0.0016014630782196677,0.0010042650049055272,-0.0003055678083333374,1.2373917560081489,0.10189453344292534,0.0005423480710464723,0.00015673565623919306,0.00015669685014300437,0.9995051155816796,-2.8942647075299884e-10,0.0008346319389510948,-0.0035832830340606046,-0.0035832830340606046,0.17670408820986286,1.000247650773792,-2.892832381023737e-10]"
/multi_agv/m2b_algorithm_state,1789558490.9275987,1789558490.9275987,m2b_algorithm_state_v1:header6+3x20,"[1.0,-0.15,0.52,1.2390048465016041,0.10175684478180409,1789558490.9274867,1.2373656619945501,0.10139698697437652,0.0036904376666666654,0.0015379802506497926,0.0010526559189656384,0.00038546360915102384,0.0009860853749999966,1.2370121180530151,0.10221664981596258,-0.0003535439415349728,0.0008196628415860635,0.0008186019687164365,0.997419483729052,2.223324627655274e-08,0.00037667204179772044,-0.0001728813791772282,-0.0001728813791772282,0.14195249618468797,1.0012959568998967,2.2175873022780103e-08,1.238791532953812,0.10213589846710645,0.006394789958333334,0.000921818781319755,0.0023748639270815275,0.0011370581448404277,0.005408704583333337,1.241243056085207,0.09940583009861795,0.0024515231313950725,-0.0027300683684885058,-0.0027420376901028795,1.0088590995566535,1.476920756808618e-07,0.00032236622414096115,0.0010061788304891893,0.0010061788304891893,0.12046881464616337,0.9956348807102192,1.4900049448304734e-07,1.2378425399859923,0.10173775181499596,0.0036904376666666654,-0.0005475824138289087,0.0016014991461691724,0.0010040039001324328,-0.0003055678083333374,1.2384915876641034,0.10184603177131082,0.0006490476781111365,0.00010827995631486342,0.00010826142865996717,0.9996579229645678,-1.3799725360493158e-10,0.0009195710262988878,-0.00386204510005987,-0.00386204510005987,0.176704111068797,1.0001711380971559,-1.3795004791352062e-10]"
/multi_agv/m2b_algorithm_state,1789558490.9374597,1789558490.9374597,m2b_algorithm_state_v1:header6+3x20,"[1.0,-0.15,0.52,1.2400007071404187,0.10175686871134491,1789558490.9372852,1.2383705843045298,0.10139691129217601,0.0036904376666666654,0.0015384487005494808,0.0010526121490767692,0.00038528332047428073,0.0009860853749999966,1.2379449446832744,0.10110759181336088,-0.00042563962125541366,-0.00028931947881513653,-0.0002894527683803055,1.0009224089532192,2.7730671651482294e-09,-0.0008215022949495726,0.004581862931280378,0.004581862931280378,0.1419525056977021,0.9995395118660816,2.7756250671292403e-09,1.2397964831010584,0.10213584927514745,0.006394789958333334,0.000921866770185009,0.0023749097983625234,0.001137013480030008,0.005408704583333337,1.2422277803775588,0.09940583009861795,0.002431297276500377,-0.0027300191765294995,-0.0027419880703024374,1.0088589408622324,1.476944701787198e-07,0.000297133525323034,0.0010949070287357583,0.0010949070287357583,0.1204688091389218,0.9956349577510679,1.4900288675571182e-07,1.2388474720992244,0.10173777377808887,0.0036904376666666654,-0.0005479488194930931,0.00160149006835778,0.0010041674474294826,-0.0003055678083333374,1.239575496832436,0.10337554365170246,0.0007280247332115408,0.0016377698736135815,0.0016335801836826777,0.9949155534037765,-3.15569534206057e-08,0.0025436111001971035,-0.010369891351942606,-0.010369891351942606,0.17670409249416946,1.0025647286694301,-3.139650377619912e-08]"
/multi_agv/m2b_algorithm_state,1789558490.9472232,1789558490.9472232,m2b_algorithm_state_v1:header6+3x20,"[1.0,-0.15,0.52,1.241002477220477,0.10175685460116086,1789558490.9471211,1.2393664507532913,0.10139697757000131,0.0036904376666666654,0.0015379882177802332,0.0010526611573423925,0.0003854574308161745,0.0009860853749999966,1.2388358187837913,0.09966971412038038,-0.0005306319694999839,-0.0017272634496209305,-0.0017320660439770028,1.0055971675615683,9.89048827392549e-08,-0.0023953560058519825,0.01076173091121389,0.01076173091121389,0.14195249887959122,0.9972272452469276,9.945846994060376e-08,1.2407923359716617,0.10213588456980381,0.006394789958333334,0.0009218160831349249,0.002374886493728745,0.0011370475753767206,0.005408704583333337,1.2431538748109883,0.09806104009773815,0.002361538839326549,-0.0040748444720656585,-0.004101782105445172,1.013424819677446,3.293052622403881e-07,-0.0011498585562869854,0.006752838645005843,0.006752838645005843,0.12046881308451382,0.9934327000588956,3.337261260047994e-07,1.2398433346963034,0.10173774399422959,0.0036904376666666654,-0.0005476069366516551,0.0016015152365886805,0.0010040061600576407,-0.0003055678083333374,1.240771129966513,0.10439860890551561,0.000927795270209586,0.0026608649112860178,0.00264989162916381,0.9918357905415299,-8.318305926561568e-08,0.0038096357169257926,-0.015403023827200837,-0.015403023827200837,0.17670410579677673,1.004141030524207,-8.250393534637486e-08]"
/multi_agv/m2b_algorithm_state,1789558490.9571524,1789558490.9571524,m2b_algorithm_state_v1:header6+3x20,"[1.0,-0.15,0.52,1.2420017016070055,0.10175685682496778,1789558490.956968,1.2403682148272739,0.10139695018301932,0.0036904376666666654,0.0015381416356123798,0.0010526501561455067,0.00038539665212407315,0.0009860853749999966,1.2398197607930004,0.09966971412038038,-0.0005484540342735045,-0.0017272360626389427,-0.0017320385054777295,1.0055970791427116,9.891162265889285e-08,-0.00241760604831961,0.010840371892144264,0.010840371892144264,0.14195250270198828,0.9972272886407556,9.94652388390487e-08,1.2417941133486352,0.10213586481979685,0.006394789958333334,0.000921828844569446,0.0023749083844748498,0.0011370306559079085,0.005408704583333337,1.2441219359484204,0.09806104009773815,0.0023278225997851454,-0.004074824722058695,-0.004101762097448646,1.013424755167069,3.293066545741215e-07,-0.001191983847717214,0.006900188424779016,0.006900188424779016,0.12046881087236433,0.9934327309214969,3.3372751578666565e-07,1.2408451034855217,0.10173774880066647,0.0036904376666666654,-0.0005477328476635999,0.0016015174340140784,0.001004059595420534,-0.0003055678083333374,1.2417622731745022,0.10396603483058511,0.0009171696889804792,0.002228286029918647,0.0022205651817758516,0.9931289826088716,-5.8367510138872024e-08,0.0033670272930014507,-0.013602415087504018,-0.013602415087504018,0.17670409833937648,1.0034769743334535,-5.796646596163097e-08]"
/multi_agv/m2b_algorithm_state,1789558490.9671276,1789558490.9671276,m2b_algorithm_state_v1:header6+3x20,"[1.0,-0.15,0.52,1.243000960941348,0.10175685866464691,1789558490.9669008,1.2413674383761157,0.10139696284271507,0.0036904376666666654,0.0015380326109590207,0.0010526651716863617,0.0003854360998293415,0.0009860853749999966,1.2413508742697084,0.10351637786753001,-1.6564106407379597e-05,0.0021194150248149413,0.002112391743767517,0.9934258175813665,1.4851393495596538e-07,0.0020916866107582926,-0.006902391596899298,-0.006902391596899298,0.14195250196698334,1.003324800462862,1.4753757725585579e-07,1.2427933385117407,0.10213586877011117,0.006394789958333334,0.0009218141004047036,0.0023749107142052583,0.001137035835430178,0.005408704583333337,1.2453557853642858,0.09874349671873434,0.0025624468525451416,-0.003392372051376838,-0.003410946041010163,1.0110908499811455,2.2813816971508886e-07,-0.00020788747532873592,0.003160417749743587,0.003160417749743587,0.120468811325281,0.9945545929457669,2.3066841593037202e-07,1.2418443279331604,0.1017377388620771,0.0036904376666666654,-0.0005476584341066377,0.0016015292985499096,0.0010040211678056564,-0.0003055678083333374,1.2427565725299163,0.10420226320521672,0.0009122445967559845,0.0024645243431396235,0.002455096607583895,0.9924211241916209,-7.137730557872899e-08,0.0035954023535288756,-0.014537373489047515,-0.014537373489047515,0.1767040998438031,1.0038400670371201,-7.083634584421108e-08]"
/multi_agv/m2b_algorithm_state,1789558490.9770901,1789558490.9770901,m2b_algorithm_state_v1:header6+3x20,"[1.0,-0.15,0.52,1.24399670623267,0.10175688258488513,1789558490.9769275,1.2423666968536273,0.10139697392243543,0.0036904376666666654,0.0015379346693223865,0.0010526799322918105,0.00038547087606541873,0.0009860853749999966,1.2423956843717248,0.10241680254359822,2.8987518097434162e-05,0.0010198286211627883,0.0010181888315361394,0.9967966225871384,3.441211842565721e-08,0.001054423229157932,-0.002679092220282494,-0.002679092220282494,0.14195250124993153,1.001610496575743,3.4301883422763743e-08,1.243792598791815,0.10213587224774764,0.006394789958333334,0.000921799360074289,0.002374913551401514,0.0011370407493021678,0.005408704583333337,1.2463334318886434,0.09874349671873434,0.0025408330968283988,-0.0033923755290133084,-0.003410949556346377,1.0110908612688867,2.2813498627339614e-07,-0.00023490818531087844,0.003255159430380091,0.003255159430380091,0.120468811711606,0.9945545875052565,2.3066519975673374e-07,1.2428435871786012,0.10173772982375769,0.0036904376666666654,-0.0005475923709898005,0.001601540542796433,0.0010039866825103357,-0.0003055678083333374,1.2439001362543065,0.10617916254194888,0.001056549075705293,0.004441432718191196,0.004411272965707626,0.9866498321221381,-2.314355368412535e-07,0.005731959310339242,-0.023228611106900502,-0.023228611106900502,0.17670410116675647,1.0068369726194741,-2.2834583357151968e-07]"
/multi_agv/m2b_algorithm_state,1789558490.9870703,1789558490.9870703,m2b_algorithm_state_v1:header6+3x20,"[1.0,-0.15,0.52,1.2450010926859363,0.10175685100240518,1789558490.986933,1.2433624484040016,0.10139703699132814,0.0036904376666666654,0.0015374989876229882,0.001052730583328775,0.00038563338158204854,0.0009860853749999966,1.2432931595739636,0.10061362708536965,-6.928883003798347e-05,-0.0007834099059584876,-0.0007843908423213517,1.0025116880104878,2.0326516862747293e-08,-0.000871001879868831,0.004972570513615981,0.004972570513615981,0.14195249423148248,0.9987494290984312,2.0377570731446435e-08,1.2447883364475014,0.10213590791737472,0.006394789958333334,0.0009217455362944904,0.002374890644494476,0.0011370759974687616,0.005408704583333337,1.2473854971483627,0.09852740488454885,0.002597160700861245,-0.003608503032825866,-0.0036295534924231047,1.011826209535392,2.5814973517016835e-07,-0.0003831026163465482,0.0038686962143536156,0.0038686962143536156,0.1204688157855525,0.9942002619216984,2.6120266802979674e-07,1.2438393338465068,0.10173770284595253,0.0036904376666666654,-0.0005472691459196617,0.0016015638281793093,0.0010038344621464655,-0.0003055678083333374,1.2451003500736695,0.10688762692683056,0.0012610162271626812,0.005149924080878027,0.005109594321403648,0.9846470100068004,-3.10803144023845e-07,0.0066858646053569995,-0.027048335854324167,-0.027048335854324167,0.17670411489807136,1.0078929474509242,-3.0603138646379193e-07]"
/multi_agv/m2b_algorithm_state,1789558490.9969068,1789558490.9969068,m2b_algorithm_state_v1:header6+3x20,"[1.0,-0.15,0.52,1.2459944974722257,0.10175688955078621,1789558490.9967759,1.244366823699107,0.10139696501633264,0.0036904376666666654,0.001537946404410458,0.0010526929203225066,0.00038545903347386983,0.0009860853749999966,1.2442288123930643,0.09968957711664762,-0.00013801130604274015,-0.0017073878996850117,-0.0017120799004841933,1.0055315214911618,9.663788534650944e-08,-0.0018845940330376185,0.00895134341490821,0.00895134341490821,0.14195250277455773,0.997259473230277,9.717243988616408e-08,1.2457927371352362,0.10213586309775581,0.006394789958333334,0.0009217858998320505,0.0023749333479001766,0.0011370362860518707,0.005408704583333337,1.248364114193097,0.09852740488454885,0.002571377057860813,-0.003608458213206961,-0.003629508155462011,1.011826063768793,2.581546722338174e-07,-0.0004152868331359946,0.003981488091943687,0.003981488091943687,0.12046881084979777,0.9942003320137545,2.612076258498664e-07,1.2448437172234652,0.10173772489312712,0.0036904376666666654,-0.0005476187529746585,0.0016015544629082723,0.0010039908773395107,-0.0003055678083333374,1.2459236195272212,0.10490018268712079,0.0010799023037559863,0.00316245779399367,0.0031470166997111704,0.990352649944705,-1.17458255611412e-07,0.004496894579406153,-0.018121779779637442,-0.018121779779637442,0.17670409825421493,1.004906581615508,-1.1632509470264438e-07]"
/multi_agv/m2b_algorithm_state,1789558491.00706,1789558491.00706,m2b_algorithm_state_v1:header6+3x20,"[1.0,-0.15,0.52,1.2469996739414257,0.10175685253972529,1789558491.0069187,1.2453602394401362,0.10139706324386127,0.0036904376666666654,0.0015372812671960714,0.001052767127752307,0.0003857087465186648,0.0009860853749999966,1.2452482180247813,0.10057008402387438,-0.00011202141535493482,-0.0008269792199868953,-0.0008280726595216525,1.0026526825418767,2.2647770618411732e-08,-0.000968099428715321,0.005335055219826825,0.005335055219826825,0.14195249151576617,0.9986795367264163,2.270784796414362e-08,1.246786128501137,0.10213592004747515,0.006394789958333334,0.0009217068662185791,0.002374893086733776,0.001137091490066855,0.005408704583333337,1.249323695415227,0.09855196508034389,0.002537566914089906,-0.0035839549671312643,-0.003604716140177792,1.0117425092968046,2.546347704883851e-07,-0.00043275749756540964,0.004032001474371475,0.004032001474371475,0.12046881732817366,0.9942405525874491,2.576248216481347e-07,1.245837124475404,0.10173768536102218,0.0036904376666666654,-0.0005471205113436579,0.0016015860164343212,0.0010037584919401618,-0.0003055678083333374,1.2468537054926319,0.10599976580798076,0.0010165810172277912,0.004262080446958583,0.004234269138341621,0.9871622790346212,-2.1296776930790718e-07,0.00550499540987636,-0.022315968684378282,-0.022315968684378282,0.17670412014680123,1.0065681485300801,-2.102337485109131e-07]"
/multi_agv/m2b_algorithm_state,1789558491.017077,1789558491.017077,m2b_algorithm_state_v1:header6+3x20,"[1.0,-0.15,0.52,1.2479978337429574,0.1017568608519151,1789558491.0169303,1.2463654031755316,0.10139697708146501,0.0036904376666666654,0.0015378227031611217,0.001052721271156764,0.0003854979065072066,0.0009860853749999966,1.2464401240591017,0.1012980816569465,7.472088357007856e-05,-9.889542451851918e-05,-9.891097583078354e-05,1.0003146178307876,3.2383431987547253e-10,-5.509871368185348e-06,0.0016018645218840832,0.0016018645218840832,0.14195250147907781,0.9998427746553531,3.239362039267263e-10,1.2477913213908307,0.10213586745713081,0.006394789958333334,0.0009217555688935432,0.0023749423482146703,0.0011370447522165844,0.005408704583333337,1.2503029181867733,0.09855196508034389,0.0025115967959425944,-0.003583902376786921,-0.0036046629469945655,1.0117423382963366,2.5464080476300126e-07,-0.0004651669520663224,0.004145597986051889,0.004145597986051889,0.12046881158639064,0.9942406348352336,2.5763088323657983e-07,1.2468422972579152,0.10173771308058002,0.0036904376666666654,-0.0005475417591506225,0.0016015728755765079,0.0010039479251182292,-0.0003055678083333374,1.2480464362041515,0.10789856541632808,0.0012041389462362773,0.006160852335748063,0.006103581348073395,0.9818483226365086,-4.4465836156157527e-07,0.007608755030868742,-0.030939346761354566,-0.030939346761354566,0.1767041007195665,1.00938317758192,-4.365870664455308e-07]"
/multi_agv/m2b_algorithm_state,1789558491.0270202,1789558491.0270202,m2b_algorithm_state_v1:header6+3x20,"[1.0,-0.15,0.52,1.248999724514365,0.1017568451715201,1789558491.0269108,1.2473635644045875,0.10139700273202203,0.0036904376666666654,0.0015376307860290287,0.0010527470384364516,0.0003855676924839149,0.0009860853749999966,1.2474619845500492,0.10053231379886197,9.84201454616862e-05,-0.0008646889331600516,-0.0008658847082651905,1.0027748295075858,2.476658524907487e-08,-0.0007428595264380827,0.004554674803541981,0.004554674803541981,0.14195249880087246,0.9986190134856006,2.4835308300626144e-08,1.2487894795590595,0.10213588049099569,0.006394789958333334,0.0009217287721291368,0.0023749374483061914,0.001137058917241765,0.005408704583333337,1.2514610036918932,0.0986506001273873,0.002671524132833669,-0.0034852803636083868,-0.0035048994421429014,1.0114065322725097,2.4079728594592096e-07,-0.00016549427610081493,0.0030523222896202593,0.0030523222896202593,0.12046881312847034,0.9944023847592844,2.435439479591958e-07,1.2478404572652253,0.10173769933272758,0.0036904376666666654,-0.0005474036764635021,0.0016015870670127328,0.0010038806885692662,-0.0003055678083333374,1.2491304341740521,0.10719410798445765,0.0012899769088268176,0.005456408651730069,0.005411242128557083,0.9837912143610834,-3.488972305375618e-07,0.007023713264590605,-0.02843555995399915,-0.02843555995399915,0.1767041059540679,1.0083467939707642,-3.432420301177668e-07]"
/multi_agv/m2b_algorithm_state,1789558491.0371215,1789558491.0371215,m2b_algorithm_state_v1:header6+3x20,"[1.0,-0.15,0.52,1.250000416761478,0.10175683729875616,1789558491.0370424,1.2483654490921658,0.10139697004177965,0.0036904376666666654,0.0015378202973299832,0.0010527346482163582,0.00038549199112025137,0.0009860853749999966,1.2483520729476068,0.09963829657846972,-1.3376144559096304e-05,-0.0017586734633099343,-0.001763653495325097,1.0057009716405572,1.0252568638843895e-07,-0.0017803736760239673,0.008605134442148468,0.008605134442148468,0.14195250285095154,0.9971762979358684,1.0311018241896809e-07,1.2497913781296812,0.10213585873819112,0.006394789958333334,0.0009217427189486729,0.0023749608459491256,0.0011370407000130117,0.005408704583333337,1.252441715844771,0.0986506001273873,0.0026503377150897123,-0.0034852586108038153,-0.003504877446962634,1.0114064616064615,2.407979442702187e-07,-0.00019195530310049365,0.0031450867980253833,0.0031450867980253833,0.12046881079432536,0.9944024187847651,2.4354459677645183e-07,1.2488423463212475,0.10173770673458957,0.0036904376666666654,-0.0005475561018983542,0.00160158712858266,0.0010039467281295986,-0.0003055678083333374,1.2498851682111627,0.10380458971729162,0.0010428218899152242,0.0020668829827020507,0.0020602319475573412,0.9936148550092874,-5.020799799372177e-08,0.0033637593099513714,-0.013510406148192784,-0.013510406148192784,0.17670409805630058,1.0032282943445252,-4.988741264683845e-08]"
/multi_agv/m2b_algorithm_state,1789558491.0471299,1789558491.0471299,m2b_algorithm_state_v1:header6+3x20,"[1.0,-0.15,0.52,1.251002490455192,0.10175682064063897,1789558491.046993,1.249366137670044,0.10139695736773233,0.0036904376666666654,0.0015378774617990916,0.0010527343683176312,0.00038546735797563526,0.0009860853749999966,1.2492920468070579,0.09900967610587967,-7.409086298615364e-05,-0.0023872812618526557,-0.0023965011935178134,1.0077937013944445,1.8900183882172517e-07,-0.0024891147722505055,0.011364077535868716,0.011364077535868716,0.14195250474641,0.9961527531510952,1.9047486271650262e-07,1.2507920749656245,0.10213584824422979,0.006394789958333334,0.0009217443389923181,0.0023749746124397397,0.001137032836420901,0.005408704583333337,1.2535633069954235,0.09942374367218003,0.002771232029799009,-0.0027121045720497616,-0.0027239152982669705,1.0087990271858276,1.4574142803316594e-07,0.0007401247389817907,-0.0004705800430629167,-0.0004705800430629167,0.12046880970623287,0.9956640625996251,1.4702381082053112e-07,1.2498430376487653,0.10173770628430635,0.0036904376666666654,-0.0005476072703595627,0.0016015922227553894,0.0010039662581349108,-0.0003055678083333374,1.2509334700906725,0.10571649957237238,0.0010904324419072076,0.003978793288066024,0.003954503590802711,0.9879762092593332,-1.8580412925603962e-07,0.005317544143186721,-0.02149313655650402,-0.02149313655650402,0.17670409439869697,1.0061422873201593,-1.8357005928711317e-07]"
/multi_agv/m2b_algorithm_state,1789558491.0572073,1789558491.0572073,m2b_algorithm_state_v1:header6+3x20,"[1.0,-0.15,0.52,1.2520019348532585,0.10175682090812273,1789558491.0569642,1.2503682049044291,0.10139692427111291,0.0036904376666666654,0.0015380668103343897,0.0010527198233615917,0.00038539284795023826,0.0009860853749999966,1.250459091276107,0.10094027857627651,9.088637167797842e-05,-0.00045664569483640227,-0.00045697816229733874,1.0014586432180896,6.907268910076364e-09,-0.0003433701976998657,0.0029602403627125786,0.0029602403627125786,0.14195250909741555,0.999272465320301,6.917344151027569e-09,1.251794156584768,0.10213582495261345,0.006394789958333334,0.000921761714495201,0.0023749983887277892,0.001137012935923415,0.005408704583333337,1.2545527914800791,0.09942374367218003,0.0027586348953112516,-0.0027120812804334177,-0.002723891805423058,1.0087989520589276,1.4574168534781984e-07,0.0007244018137160064,-0.00041529770275531295,-0.00041529770275531295,0.12046880718138314,0.9956640990783383,1.4702405945018262e-07,1.2508451098763789,0.10173771269819057,0.0036904376666666654,-0.0005477587470604727,0.0016015925637572048,0.001004031741063116,-0.0003055678083333374,1.2520730858463418,0.10605292242059922,0.0012279759699629356,0.004315209722408647,0.004286712326157016,0.9870102499529596,-2.1855594883309588e-07,0.005821682288610686,-0.02348527342217698,-0.02348527342217698,0.176704085860722,1.0066478443346298,-2.157169616864602e-07]"
/multi_agv/m2b_algorithm_state,1789558491.0671563,1789558491.0671563,m2b_algorithm_state_v1:header6+3x20,"[1.0,-0.15,0.52,1.25300747724751,0.10175678207948297,1789558491.0669615,1.251367648174665,0.10139693285777752,0.0036904376666666654,0.0015379827837712842,0.0010527321296628141,0.00038542286912584536,0.0009860853749999966,1.2513668743436654,0.10267588583518893,-7.738309995009018e-07,0.0012789529774114017,0.0012763790907863273,0.9959945408253232,5.411259954639917e-08,0.0012754118020369511,-0.0035879009158703247,-0.0035879009158703247,0.1419525087342148,1.0020165534233945,5.3895853738080434e-08,1.252793602140707,0.10213582619689346,0.006394789958333334,0.0009217507860256133,0.002375001862344961,0.0011370158663121938,0.005408704583333337,1.2550854612075621,0.09808291643053582,0.0022918590668552508,-0.0040529097663576374,-0.004079553779907017,1.0133492723348714,3.257421376539695e-07,-0.0012147299463379536,0.00697042911781464,0.00697042911781464,0.12046880738047734,0.993468890229954,3.300905581604555e-07,1.2518445542444039,0.1017377036696972,0.0036904376666666654,-0.0005477015512951639,0.0016016030232907878,0.0010040015076426562,-0.0003055678083333374,1.2526353646685167,0.10403268076806417,0.0007908104241127756,0.002294977098366971,0.0022867913312335487,0.9929287505261876,-6.190700067222353e-08,0.003275304361374518,-0.013307316064552446,-0.013307316064552446,0.17670408654605424,1.0035795863932222,-6.146924082629476e-08]"
/multi_agv/m2b_algorithm_state,1789558491.0770707,1789558491.0770707,m2b_algorithm_state_v1:header6+3x20,"[1.0,-0.15,0.52,1.2539982940092442,0.10175683712322699,1789558491.076887,1.2523731770885356,0.10139684786835142,0.0036904376666666654,0.0015385085114733906,0.0010526817173735822,0.0003852212077028489,0.0009860853749999966,1.2524054016736414,0.1024550351592455,3.222458510587778e-05,0.0010581872908940887,0.001056422337596002,0.9966775818190599,3.706229812936061e-08,0.0010967030689783492,-0.002847045046239372,-0.002847045046239372,0.14195251936546094,1.0016706891129386,3.6939161676228203e-08,1.2537991609208077,0.10213577063801559,0.006394789958333334,0.0009218075786974348,0.002375051019893215,0.0011369656755978452,0.005408704583333337,1.256063932164308,0.09808291643053582,0.0022647712435002187,-0.004052854207479764,-0.004079497499259653,1.0133490908969496,3.2575334810733965e-07,-0.0012485334448843798,0.00708870970208314,0.00708870970208314,0.12046880126094292,0.9934689770530013,3.3010185916121016e-07,1.2528500937331866,0.10173772773208191,0.0036904376666666654,-0.0005481084048375618,0.0016015912096110432,0.0010041840109039548,-0.0003055678083333374,1.2535287888849043,0.1024603900591142,0.0006786951517177009,0.000722662327032289,0.0007218408993080679,0.9977329030457396,-6.149977728774249e-09,0.0015702098389551939,-0.006462382949735076,-0.006462382949735076,0.17670406586249393,1.0011379622919796,-6.136035132996576e-09]"
/multi_agv/m2b_algorithm_state,1789558491.0870256,1789558491.0870256,m2b_algorithm_state_v1:header6+3x20,"[1.0,-0.15,0.52,1.2550046545169715,0.10175679249464804,1789558491.0869317,1.253364010030815,0.10139699000628172,0.0036904376666666654,0.0015375504915651097,0.0010527813436580044,0.00038558465282194083,0.0009860853749999966,1.2533722724690821,0.10127240277692694,8.262438267125916e-06,-0.00012458722935478062,-0.00012461191508991948,1.0003964671608485,5.138642729380078e-10,-0.00011428386725601208,0.0019991208501845058,0.0019991208501845058,0.1419525034639191,0.9998018990790644,5.14068003247361e-10,1.254789957109604,0.10213585137023723,0.006394789958333334,0.0009217038635196779,0.0023749893010791556,0.0011370427410307,0.005408704583333337,1.257381086077851,0.09932600187117899,0.0025911289682469807,-0.0028098494990582423,-0.0028225362697411813,1.0091262151052158,1.5643879244537922e-07,0.0004163749405675446,0.0007112649650053338,0.0007112649650053338,0.12046881043702057,0.9955051877210767,1.5786648651603596e-07,1.2538409148873138,0.10173766999316204,0.0036904376666666654,-0.0005473846193323052,0.001601633819602889,0.0010038481079843948,-0.0003055678083333374,1.254682792419221,0.10394202839013071,0.0008418775319072314,0.0022043583969686698,0.002196801087554198,0.9932008896780726,-5.7085442727340376e-08,0.003249148002438237,-0.01316851912163044,-0.01316851912163044,0.1767040968579642,1.0034401427863846,-5.669731250446112e-08]"
/multi_agv/m2b_algorithm_state,1789558491.0970056,1789558491.0970056,m2b_algorithm_state_v1:header6+3x20,"[1.0,-0.15,0.52,1.2559943067139534,0.10175685438242173,1789558491.0968547,1.254370355531851,0.10139688829443443,0.0036904376666666654,0.0015381889191262731,0.001052722859853761,0.0003853383386210132,0.0009860853749999966,1.2544718128105425,0.101851923028519,0.0001014572786914858,0.00045503473408457784,0.0004547068784431375,0.9985614701566561,6.854781526984969e-09,0.0005815284768074947,-0.000734614582348653,-0.000734614582348653,0.14195251554441707,1.0007210263512243,6.844920719188798e-09,1.2557963364545452,0.10213578767093794,0.006394789958333334,0.0009217680285654225,0.002375045812720744,0.0011369855288696495,0.005408704583333337,1.2583612114247273,0.09932600187117899,0.002564874970182096,-0.0028097857997589487,-0.002822472000024895,1.0091260094583208,1.5644262872558583e-07,0.0003836217127027252,0.0008264063748457415,0.0008264063748457415,0.12046880346019051,0.9955052874693409,1.5787032563502008e-07,1.2548472715645187,0.1017377015185718,0.0036904376666666654,-0.0005478774730342585,0.0016016171529848692,0.001004070414015422,-0.0003055678083333374,1.2558754594833794,0.10311214439454071,0.0010281879188607235,0.001374442875968912,0.0013714862244144743,0.9957201645005629,-2.2226422195407922e-08,0.0026567211229903786,-0.010645512730296177,-0.010645512730296177,0.17670407330481328,1.0021558011315062,-2.2131296764670537e-08]"
/multi_agv/m2b_algorithm_state,1789558491.1070566,1789558491.1070566,m2b_algorithm_state_v1:header6+3x20,"[1.0,-0.15,0.52,1.2569993973558722,0.10175681738250238,1789558491.1068528,1.2553600263188414,0.10139704466502786,0.0036904376666666654,0.0015371409775236924,0.0010528344024624214,0.0003857345631571418,0.0009860853749999966,1.255557170778331,0.10244847380205152,0.0001971444594897065,0.0010514291370236628,0.0010496865709653672,0.9966985550756332,3.6558031565109594e-08,0.0012961171453275003,-0.003555789796708668,-0.003555789796708668,0.14195249756634262,1.0016600822631205,3.643733723735412e-08,1.256785965543547,0.10213587856565493,0.006394789958333334,0.0009216504739870089,0.0023749764887806,0.0011370725496995804,0.005408704583333337,1.259211878593059,0.09747261995085686,0.0024259130495121184,-0.004663258614798063,-0.004698694633271853,1.015465257187165,4.3135383127097916e-07,-0.0016663033213817052,0.008803113393834033,0.008803113393834033,0.12046881384631958,0.9924583269951479,4.380248292102538e-07,1.255836928279472,0.10173763991658241,0.0036904376666666654,-0.0005470853726990267,0.001601662456026354,0.0010037034979496944,-0.0003055678083333374,1.2567748881185168,0.10181453381690253,0.0009379598390448773,7.689390032011856e-05,7.68845546126906e-05,0.9997569903206046,-6.953019740672302e-11,0.0012493343534187872,-0.005018032486731206,-0.005018032486731206,0.17670410838289785,1.0001215550701312,-6.951330089574292e-11]"
/multi_agv/m2b_algorithm_state,1789558491.117012,1789558491.117012,m2b_algorithm_state_v1:header6+3x20,"[1.0,-0.15,0.52,1.25800096980436,0.1017568034654343,1789558491.1169343,1.2563651046373838,0.10139695843202037,0.0036904376666666654,0.001537682303994954,0.0010527892652999696,0.00038552339639087415,0.0009860853749999966,1.256634099625948,0.10299004572790278,0.00026899498856414183,0.0015930872958824088,0.0015891032557316317,0.9950285907555421,8.392357776975214e-08,0.001925346991436809,-0.006055884663483875,-0.006055884663483875,0.14195250736744836,1.0025070996087935,8.35063593193996e-08,1.257791072260097,0.10213582620438375,0.006394789958333334,0.000921698913520088,0.002375024712673701,0.001137026465644092,0.005408704583333337,1.260171286093089,0.09747261995085686,0.0023802138329920286,-0.004663206253526883,-0.004698641487109658,1.015465085223199,4.3136690435028155e-07,-0.0017233741958696223,0.00900231704975951,0.00900231704975951,0.12046880818483023,0.9924584087379325,4.380380302885262e-07,1.2568420151701363,0.10173766751110302,0.0036904376666666654,-0.0005475047015668683,0.0016016486367701806,0.0010038924522023642,-0.0003055678083333374,1.257781756659979,0.10185497155250046,0.0009397414898426604,0.00011730404139743966,0.00011728229831977724,0.9996294518051265,-1.6193324916419278e-10,0.0012919591606231028,-0.00518865776346107,-0.00518865776346107,0.17670408925262762,1.0001853909581746,-1.6187324509102498e-10]"
/multi_agv/m2b_algorithm_state,1789558491.1270885,1789558491.1270885,m2b_algorithm_state_v1:header6+3x20,"[1.0,-0.15,0.52,1.2590015966185504,0.10175679571222296,1789558491.126912,1.2573666718343615,0.10139693105163469,0.0036904376666666654,0.0015378351094546042,0.0010527798699562214,0.00038546204784937164,0.0009860853749999966,1.2576958719022413,0.10296678589449022,0.00032920006787984235,0.001569854842855531,0.0015659854723014338,0.9950997880437995,8.150315715415442e-08,0.001977485557151237,-0.006230730933765803,-0.006230730933765803,0.14195251081372204,1.0024708853450668,8.110377440899954e-08,1.2587926514005614,0.1021358071049662,0.006394789958333334,0.0009217106866962754,0.002375044788604397,0.0011370109185957489,0.005408704583333337,1.2611672221861927,0.09905716544251877,0.0023745707856313025,-0.0030786416624474233,-0.003093902790791012,1.0100296226802872,1.878341089714671e-07,-0.00012568930875188388,0.0027344298885039623,0.0027344298885039623,0.1204688061863964,0.995067353638578,1.8971801421093887e-07,1.257843586178157,0.10173767223970195,0.0036904376666666654,-0.0005476272605783035,0.0016016496683741617,0.0010039450409958322,-0.0003055678083333374,1.2588500302894747,0.10095890566789079,0.0010064441113177836,-0.000778766571811168,-0.000779731422696881,1.002485204178423,-7.143175160548391e-09,0.0004783237164503485,-0.001891411250426846,-0.001891411250426846,0.17670408249030392,0.998762585606239,-7.160927409304593e-09]"
/multi_agv/m2b_algorithm_state,1789558491.1371996,1789558491.1371996,m2b_algorithm_state_v1:header6+3x20,"[1.0,-0.15,0.52,1.2599988337529904,0.10175680949474292,1789558491.1370528,1.258367295306383,0.10139691948943386,0.0036904376666666654,0.001537883313426859,0.0010527800221761027,0.0003854410739759725,0.0009860853749999966,1.2583098812715574,0.10287308277102043,-5.741403482550922e-05,0.001476163281586576,0.0014727395547869321,0.9953873068386861,7.207217258026924e-08,0.0014009720112550456,-0.004128656059498694,-0.004128656059498694,0.14195251259168248,1.0023247333776808,7.17397257626872e-08,1.2597932823655644,0.10213579689325414,0.006394789958333334,0.0009217127576333544,0.0023750572410425885,0.0011370035430935677,0.005408704583333337,1.2621443743683012,0.09905716544251877,0.0023510920027367543,-0.003078631450735364,-0.0030938924787613977,1.0100295896308835,1.878332924573232e-07,-0.0001550274753404548,0.0028374291271171027,0.0028374291271171027,0.12046880516301794,0.9950673696223137,1.8971718329968789e-07,1.2588442121837033,0.10173767075398085,0.0036904376666666654,-0.0005476697617236193,0.001601654669342624,0.0010039608624518616,-0.0003055678083333374,1.259506076142171,0.09894889908043547,0.0006618639584676789,-0.0027887716735453816,-0.00280133406458875,1.0091040866692547,-9.17309636341852e-08,-0.0019740041165041515,0.0076335205759851255,0.0076335205759851255,0.1767040790445786,0.9955155683850179,-9.256609027736507e-08]"
/multi_agv/m2b_algorithm_state,1789558491.1473057,1789558491.1473057,m2b_algorithm_state_v1:header6+3x20,"[1.0,-0.15,0.52,1.2610008036312652,0.10175679284255179,1789558491.1471865,1.259364535956991,0.10139695959685815,0.0036904376666666654,0.001537594554831281,0.0010528147759741192,0.00038554816276485876,0.0009860853749999966,1.2592959748162171,0.10196369094221755,-6.856114077380404e-05,0.0005667313453593947,0.0005662232092444687,0.9982106335828164,1.0628121184805958e-08,0.00048052178327721363,-0.0004271581340249877,-0.0004271581340249877,0.14195250823498567,1.0008974130813255,1.0609103581680108e-08,1.2607905151942396,0.1021358179927074,0.006394789958333334,0.0009216776211728277,0.0023750443237482433,0.0011370254938934538,0.005408704583333337,1.2630069805405306,0.09686593264539148,0.002216465346291052,-0.005269885347315928,-0.005315348007401539,1.0175963396624303,5.510966254102526e-07,-0.0025447663245377235,0.01211216163179941,0.01211216163179941,0.12046880766407733,0.9914469080815959,5.607939088177905e-07,1.25984145010774,0.1017376508946632,0.0036904376666666654,-0.0005474554942621356,0.001601671899070744,0.001003859021730915,-0.0003055678083333374,1.2604637946860915,0.09933498715002291,0.0006223445783515302,-0.002402663744640293,-0.0024119612486334465,1.0078095559222353,-6.804519021148783e-08,-0.0016340305256940337,0.006276290684879842,0.006276290684879842,0.17670408749448704,0.9961452515050061,-6.857659292968358e-08]"
/multi_agv/m2b_algorithm_state,1789558491.1573832,1789558491.1573832,m2b_algorithm_state_v1:header6+3x20,"[1.0,-0.15,0.52,1.2620001530959555,0.10175679306562994,1789558491.1572535,1.2603664998387478,0.10139692532466078,0.0036904376666666654,0.001537792638012782,0.0010528012258844473,0.00038546934911451946,0.0009860853749999966,1.260740470620368,0.10162366536543431,0.00037397078162015873,0.0002267400407735265,0.0002266584951296825,0.9992813299786968,1.7018417564606701e-09,0.0006941219721548809,-0.0010304205611046105,-0.0010304205611046105,0.14195251244421192,1.0003597731635752,1.7006186938093e-09,1.2617924927770112,0.10213579498769998,0.006394789958333334,0.0009216938495002127,0.002375067437238032,0.0011370064354445653,0.005408704583333337,1.263970490764603,0.09686593264539148,0.002177997987591773,-0.005269862342308501,-0.005315324611588377,1.017596263683896,5.511015677163004e-07,-0.0025928271270986604,0.01227951098409084,0.01227951098409084,0.12046880525452974,0.9914469439588394,5.607988962184448e-07,1.2608434182780366,0.10173765821529461,0.0036904376666666654,-0.0005476121560042701,0.0016016710331203336,0.0010039273800431852,-0.0003055678083333374,1.2619888739207576,0.10031042805640765,0.0011454556427210605,-0.0014272301588869607,-0.0014304867697253834,1.0045881806862318,-2.400178326748655e-08,1.3327836759422212e-06,8.702474393190729e-05,8.702474393190729e-05,0.17670407935203733,0.9977234247059495,-2.4111907785909552e-08]"
/multi_agv/m2b_algorithm_state,1789558491.1674209,1789558491.1674209,m2b_algorithm_state_v1:header6+3x20,"[1.0,-0.15,0.52,1.2629998209012416,0.10175679115035358,1789558491.1672213,1.2613658485961112,0.10139693268465125,0.0036904376666666654,0.0015377176586815178,0.0010528143509754605,0.0003854950227577031,0.0009860853749999966,1.2617804602594367,0.10222289790555844,0.0004146116633254593,0.0008259652209071933,0.0008248880219124975,0.9973998269021169,2.2572512025098876e-08,0.0013431526010693217,-0.003616987252752438,-0.003616987252752438,0.14195251189898472,1.0013058729986142,2.251381958657957e-08,1.2627918432078131,0.10213579642237469,0.006394789958333334,0.000921681986372401,0.0023750703355727154,0.0011370100702342706,0.005408704583333337,1.265426696572542,0.09774554500365784,0.0026348533647289063,-0.004390251418716851,-0.004421595145960606,1.0145153172246393,3.82275443039627e-07,-0.001128028440049473,0.00680954695606103,0.00680954695606103,0.12046880555408146,0.9929112172849226,3.878242923625367e-07,1.2618427674839423,0.10173765008986387,0.0036904376666666654,-0.0005475604709554945,0.0016016803108966915,0.0010039001500707764,-0.0003055678083333374,1.2629727799264057,0.09930149452884075,0.0011300124424633573,-0.0024361555610231123,-0.002445716494177764,1.0079214088012978,-6.997037881567575e-08,-0.0010332009410985673,0.004175994945583992,0.004175994945583992,0.17670408037937899,0.9960907434784809,-7.052464279025638e-08]"
/multi_agv/m2b_algorithm_state,1789558491.1773617,1789558491.1773617,m2b_algorithm_state_v1:header6+3x20,"[1.0,-0.15,0.52,1.2640007234670019,0.1017567813013988,1789558491.1772442,1.2623655150763131,0.101396934505903,0.0036904376666666654,0.0015376793307099808,0.0010528242230614985,0.00038550650145735836,0.0009860853749999966,1.2629698682800423,0.10331817412676249,0.0006043532037292021,0.001921239620859494,0.0019154596544071415,0.9940270016754511,1.220287864120929e-07,0.0026709011590686444,-0.008877355529123294,-0.008877355529123294,0.14195251192960498,1.003017534949929,1.2129990867530672e-07,1.2637915128275856,0.10213579479472422,0.006394789958333334,0.0009216734634407298,0.0023750757790323984,0.0011370109331119427,0.005408704583333337,1.2663995789972557,0.09774554500365784,0.0026080661696701313,-0.004390249791066378,-0.004421593495369156,1.0145153118926253,3.8227162709639147e-07,-0.001161510783281492,0.006926512265879619,0.006926512265879619,0.12046880553061401,0.9929112198270589,3.87820418991397e-07,1.2628424347998257,0.1017376441504335,0.0036904376666666654,-0.0005475366548328537,0.001601688110877031,0.00100388576911546,-0.0003055678083333374,1.2639035307789404,0.09885783225797173,0.0010610959791146346,-0.002879811892461767,-0.0028932170895256105,1.0094109402922227,-9.779985553268521e-08,-0.0015668471156323172,0.006241089559813605,0.006241089559813605,0.17670408031683849,0.9953666812240346,-9.872024413369131e-08]"
/multi_agv/m2b_algorithm_state,1789558491.1873112,1789558491.1873112,m2b_algorithm_state_v1:header6+3x20,"[1.0,-0.15,0.52,1.26500058496198,0.10175677814476529,1789558491.1871932,1.2633664138336984,0.10139691725035978,0.0036904376666666654,0.0015377654336712738,0.0010528213994564599,0.0003854706476640237,0.0009860853749999966,1.2640279900115412,0.10290187809511156,0.0006615761778427931,0.001504960844751782,0.0015014030099527221,0.9952988667834969,7.490430845981799e-08,0.0023283732322562133,-0.00745194227398141,-0.00745194227398141,0.14195251420633112,1.0023696734157819,7.455217332725835e-08,1.2647924202894218,0.10213578165137031,0.006394789958333334,0.0009216786362552156,0.0023750904672601436,0.0011370010499145572,0.005408704583333337,1.2670895897788872,0.09781114000044716,0.002297169489465345,-0.004324641650923153,-0.004355040501051236,1.0142878639622295,3.7091885536870314e-07,-0.001483578639219555,0.008024329140713767,0.008024329140713767,0.1204688042268991,0.9930198467452266,3.76218493515237e-07,1.2638433362778851,0.10173764500246629,0.0036904376666666654,-0.0005476074768628833,0.0016016913093780966,0.0010039148043842774,-0.0003055678083333374,1.2648799331213214,0.09881496540462542,0.001036596843436266,-0.0029226795978408715,-0.00293649132112756,1.0095556390419607,-1.0074894645700785e-07,-0.0016407452668322276,0.0065186493833110475,0.0065186493833110475,0.17670407590158674,0.9952965216728836,-1.0171166702320884e-07]"
/multi_agv/m2b_algorithm_state,1789558491.197195,1789558491.197195,m2b_algorithm_state_v1:header6+3x20,"[1.0,-0.15,0.52,1.2659951198395933,0.10175680862156415,1789558491.1970918,1.2643662736284542,0.10139691659590631,0.0036904376666666654,0.0015377425172346374,0.0010528291339585208,0.0003854765579036634,0.0009860853749999966,1.2645842568374333,0.10143896688669198,0.00021798320897903345,4.205029078566125e-05,4.204748218698853e-05,0.9998664384195267,5.853869863535043e-11,0.00031452649341078036,0.0004020822884071801,0.0004020822884071801,0.14195251459194588,1.0000667958823368,5.853088011424184e-11,1.2657922839827762,0.10213577819961195,0.006394789958333334,0.0009216727642634599,0.002375097062388143,0.0011370001645400057,0.005408704583333337,1.2680625086789026,0.09781114000044716,0.002270224696126366,-0.0043246381991647875,-0.0043550370013836015,1.014287852661488,3.7091590521938244e-07,-0.0015172561312256439,0.00814200738923964,0.00814200738923964,0.12046880399503274,0.9930198521369263,3.7621549702295945e-07,1.26484319727471,0.10173763963877758,0.0036904376666666654,-0.0005475950118603748,0.0016016985424401999,0.0010039056386680614,-0.0003055678083333374,1.2656160643391043,0.09859912451896821,0.0007728670643942781,-0.0031385151198093653,-0.0031544680758207513,1.0102862674925384,-1.1619210984791603e-07,-0.0021883842453279036,0.008531375751061039,0.008531375751061039,0.17670407512636846,0.9949427429195854,-1.173872929703341e-07]"
/multi_agv/m2b_algorithm_state,1789558491.2073252,1789558491.2073252,m2b_algorithm_state_v1:header6+3x20,"[1.0,-0.15,0.52,1.2669955517652591,0.10175680112890949,1789558491.2071586,1.2653608175400317,0.10139699591876063,0.0036904376666666654,0.0015371990784206536,0.0010528911164493053,0.00038567987803946307,0.0009860853749999966,1.2654983090396976,0.10051676371001206,0.00013749149966590934,-0.0008802322087485687,-0.0008814715053893547,1.0028252058492229,2.5658042736303798e-08,-0.000709607130806968,0.004443374480025604,0.004443374480025604,0.14195250538808896,0.9985940593278299,2.5730531988722015e-08,1.2667868079473592,0.10213582368872418,0.006394789958333334,0.0009216081579082498,0.002375064323297593,0.0011370452014800858,0.005408704583333337,1.2692772610192755,0.09992342426855226,0.00249045307191631,-0.002212399420171915,-0.0022202291673299405,1.007137371118918,9.693765499260539e-08,0.0008928371725654468,-0.001234573320448525,-0.001234573320448525,0.12046880932120461,0.9964734509062225,9.762953501168525e-08,1.265837734031389,0.10173760625720764,0.0036904376666666654,-0.0005471862226372665,0.0016017245624588856,0.0010037149064260342,-0.0003055678083333374,1.2667259994034696,0.10003712468405047,0.0008882653720805322,-0.0017004815731571643,-0.0017051141186762632,1.0054835444431924,-3.405185895481052e-08,-0.0005947824035755979,0.002312567918236705,0.002312567918236705,0.1767040930942184,0.9972831463487644,-3.423858383676254e-08]"
/multi_agv/m2b_algorithm_state,1789558491.2171602,1789558491.2171602,m2b_algorithm_state_v1:header6+3x20,"[1.0,-0.15,0.52,1.2679951184997638,0.10175679917201563,1789558491.2170584,1.2663612467019982,0.10139698116680546,0.0036904376666666654,0.0015372731926795958,0.0010528932497099412,0.00038564664258655353,0.0009860853749999966,1.2666025427180119,0.10193255103291926,0.00024129601601363682,0.0005355698661138053,0.0005351159660095318,0.998308421963828,9.48971373751426e-09,0.0008367359860265778,-0.0016801658142956998,-0.0016801658142956998,0.1419525067819611,1.0008482275489896,9.47366114618632e-09,1.2677872440884652,0.10213581424265165,0.006394789958333334,0.0009216065006636565,0.0023750769696184726,0.0011370393412265256,0.005408704583333337,1.2703264381294725,0.0995151433868602,0.002539194041007331,-0.002620670855791457,-0.002631691026954705,1.0084936093037744,1.3605191710579494e-07,0.0005423015243044586,0.00018368508751480373,0.00018368508751480373,0.12046880849303394,0.9958125133040406,1.3720748893472107e-07,1.2668381645053137,0.10173760797727133,0.0036904376666666654,-0.0005472483709580808,0.0016017274028950253,0.0010037403682187297,-0.0003055678083333374,1.2678042616630845,0.10047877130204029,0.00096609715777074,-0.001258836675231037,-0.001261366925445962,1.0040391325366955,-1.865763379226486e-08,-5.374547823253691e-05,0.00020691091532827448,0.00020691091532827448,0.17670409029659404,0.9979940410963047,-1.8732994447972946e-08]"
/multi_agv/m2b_algorithm_state,1789558491.2271252,1789558491.2271252,m2b_algorithm_state_v1:header6+3x20,"[1.0,-0.15,0.52,1.268995368358788,0.101756792803721,1789558491.2270246,1.2673608123881503,0.10139698022960794,0.0036904376666666654,0.0015372565553855226,0.0010529040114568558,0.0003856482564317586,0.0009860853749999966,1.2680212882525148,0.10303949043565783,0.0006604758643644626,0.0016425102060498853,0.001638276725193688,0.9948772560641184,8.918359188376473e-08,0.0024638715556492665,-0.008002669911461546,-0.008002669911461546,0.14195250667248138,1.0025841060860439,8.872672717926203e-08,1.2687868128164108,0.10213581278659647,0.006394789958333334,0.0009215958579015388,0.002375082949940932,0.0011370408437425122,0.005408704583333337,1.271221070117388,0.09851782668078189,0.0024342573009772384,-0.003617986105814583,-0.003639148894681902,1.011858569897371,2.5946785379009203e-07,-0.000596327268460354,0.004619759666128133,0.004619759666128133,0.1204688085891406,0.9941846872772242,2.6254477147038266e-07,1.2678377302947303,0.1017376044998425,0.0036904376666666654,-0.0005472412898782117,0.001601733640098391,0.0010037340543312843,-0.0003055678083333374,1.2687423654000325,0.09875756116978424,0.0009046351053021429,-0.00298004333005826,-0.0029944087669204525,1.0097494882370919,-1.0467640528765774e-07,-0.001863614885292774,0.0073258061303351375,0.0073258061303351375,0.17670409062765718,0.9952025798812477,-1.0569694666971082e-07]"
/multi_agv/m2b_algorithm_state,1789558491.2374783,1789558491.2374783,m2b_algorithm_state_v1:header6+3x20,"[1.0,-0.15,0.52,1.2699954392409392,0.10175678758604208,1789558491.23735,1.2683610597991903,0.10139696878651128,0.0036904376666666654,0.0015373083696141022,0.0010529076168740215,0.00038562392146650757,0.0009860853749999966,1.26905116013835,0.10259455369682696,0.0006901003391597271,0.0011975849103156855,0.0011953267186338948,0.9962458900769015,4.742823409477188e-08,0.0020579521425835535,-0.006340065001539878,-0.006340065001539878,0.14195250775732157,1.001889183640412,4.725018329052165e-08,1.2697870663797541,0.10213580490521847,0.006394789958333334,0.0009215929933658936,0.002375094062898153,0.0011370363044924114,0.005408704583333337,1.2721733375137403,0.0981491127272941,0.002386271133986151,-0.00398669217792437,-0.004012459788816993,1.013121397970254,3.151181444971268e-07,-0.0010296208713343044,0.00629464762867829,0.00629464762867829,0.12046880797168162,0.9935781011527047,3.192529350787216e-07,1.2688379788974198,0.10173760471943324,0.0036904376666666654,-0.0005472863077551336,0.0016017373695122357,0.0010037516281839578,-0.0003055678083333374,1.26963195322252,0.09768376968857474,0.0007939743251001996,-0.004053835030858502,-0.0040806342063152675,1.0134234898884458,-1.9384982872123377e-07,-0.003088166299940018,0.012054738135393211,0.012054738135393211,0.17670408850799008,0.9934325954981972,-1.964519699369502e-07]"
/multi_agv/m2b_algorithm_state,1789558491.247189,1789558491.247189,m2b_algorithm_state_v1:header6+3x20,"[1.0,-0.15,0.52,1.2709953063158907,0.10175678365526453,1789558491.2470517,1.269361128570562,0.10139696055171234,0.0036904376666666654,0.0015373386956125412,0.001052912859852118,0.0003856080490684498,0.0009860853749999966,1.2699962585869824,0.10124714708818361,0.0006351300164204599,-0.00014981346352872793,-0.00014984916480806224,1.0004768799240258,7.429352108031477e-10,0.0006440633557175126,-0.0006804905061665025,-0.0006804905061665025,0.14195250851061797,0.9997617518964483,7.432895016900316e-10,1.2707871404637414,0.10213579865297474,0.006394789958333334,0.0009215886261811452,0.002375103668407208,0.001137033200797971,0.005408704583333337,1.2734121564730625,0.1005981395366872,0.0026250160093210795,-0.0015376591162875458,-0.001541421991112922,1.0049228299236745,4.680402663598199e-08,0.0017398480205384273,-0.0045327238129753075,-0.0045327238129753075,0.12046880751637672,0.9975588288949612,4.703443489885406e-08,1.2698380486885137,0.10173760355343918,0.0036904376666666654,-0.0005473148319151805,0.0016017419466077595,0.001003761611581373,-0.0003055678083333374,1.2709028760249936,0.09951581576961961,0.0010648273364799454,-0.0022217877838195677,-0.0022297272698032764,1.0072069221500917,-5.81639286154113e-08,-0.0008986930992033446,0.003610384528275333,0.003610384528275333,0.17670408698642112,0.9964392569031956,-5.8583111520886056e-08]"
/multi_agv/m2b_algorithm_state,1789558491.2574925,1789558491.2574925,m2b_algorithm_state_v1:header6+3x20,"[1.0,-0.15,0.52,1.2720064946134608,0.10175670688619841,1789558491.2573874,1.2703609939297407,0.10139695569317093,0.0036904376666666654,0.0015373466485868988,0.0010529200262064274,0.000385600874095809,0.0009860853749999966,1.2705892032070703,0.10057385483143541,0.00022820927732958296,-0.0008231008617355234,-0.0008241840391403636,1.0026401299430157,2.2436747845514786e-08,-0.0005389224424783849,0.0038143160962919183,0.0038143160962919183,0.14195250890977154,0.9986857578484899,2.2495983775325622e-08,1.2717870101977682,0.10213579424342342,0.006394789958333334,0.0009215823665804524,0.002375111645632755,0.001137031764476687,0.005408704583333337,1.2740862909611024,0.1009418545219049,0.0022992807633341883,-0.0011939397215185166,-0.001196202447198536,1.0038075245619278,2.8211426500301056e-08,0.0016778985069691994,-0.004474627457815508,-0.004474627457815508,0.1204688072841199,0.9981084090863392,2.8318842199627974e-08,1.270837914820163,0.10173760102919922,0.0036904376666666654,-0.0005473262098913329,0.0016017473677787282,0.001003763723577924,-0.0003055678083333374,1.2719018623541951,0.0983615038949519,0.0010639475340321614,-0.00337609713424733,-0.003394589862883644,1.011094536683213,-1.3440345856788004e-07,-0.002064655445343442,0.008195583583463464,0.008195583583463464,0.17670408621966957,0.9945522936839843,-1.3589460266931207e-07]"
/multi_agv/m2b_algorithm_state,1789558491.2674532,1789558491.2674532,m2b_algorithm_state_v1:header6+3x20,"[1.0,-0.15,0.52,1.273006389713944,0.10175670400948901,1789558491.2673132,1.271372157342626,0.10139677759239714,0.0036904376666666654,0.0015384821675436134,0.001052809742162486,0.0003851660332586265,0.0009860853749999966,1.2716130746594894,0.10130752183734498,0.00024091731686337603,-8.92557550521561e-05,-8.926842155106238e-05,1.0002839206741587,2.6389222739292183e-10,0.00021187822452815766,0.0008267054355102479,0.0008267054355102479,0.14195252968709268,0.9998581077307498,2.639671518520285e-10,1.272798229479081,0.10213568386247449,0.006394789958333334,0.0009217034365039609,0.0023752045968603586,0.0011369309288282448,0.005408704583333337,1.27503646644596,0.10004617885803896,0.0022382369668789703,-0.0020895050044355268,-0.0020964825706767235,1.0067315468317504,8.646941875912359e-08,0.0007013136379219894,-0.0006155543510157767,-0.0006155543510157767,0.12046879525926811,0.9966717747436629,8.705149170101487e-08,1.2718490970186755,0.10173765920372359,0.0036904376666666654,-0.0005481958268303742,0.0016017119225135712,0.0010041591127305897,-0.0003055678083333374,1.272200431372498,0.09623106066844053,0.00035133435382239675,-0.005506598535283055,-0.005556590740405515,1.0185328585966131,-3.585942037813117e-07,-0.005117422798127519,0.019685174656431003,0.019685174656431003,0.1767040456364643,0.9910030795036002,-3.6523997945355585e-07]"
/multi_agv/m2b_algorithm_state,1789558491.2774475,1789558491.2774475,m2b_algorithm_state_v1:header6+3x20,"[1.0,-0.15,0.52,1.2740004338915147,0.10175673804783948,1789558491.2773545,1.2723720505315728,0.10139678331231977,0.0036904376666666654,0.0015384099928962692,0.0010528156808048196,0.00038519422920737503,0.0009860853749999966,1.2727994917058258,0.10303440079718951,0.0004274411742530848,0.0016376174848697356,0.0016334090202417128,0.9948922164213493,8.871997823923852e-08,0.0021677104880580686,-0.006941761324817278,-0.006941761324817278,0.14195253011971867,1.0025764916049014,8.826681579128989e-08,1.2737981259811118,0.10213568036185086,0.006394789958333334,0.0009217027085903808,0.0023752088015027706,0.0011369290570855534,0.005408704583333337,1.2759781136529547,0.09944613484419738,0.002179987671842909,-0.002689545517653477,-0.0027011586231631694,1.0087236339353551,1.4331853867840132e-07,2.3825966640466777e-05,0.0020376185479614992,0.0020376185479614992,0.12046879501059707,0.9957006947277708,1.4456879714598174e-07,1.272848992629148,0.1017376483542964,0.0036904376666666654,-0.0005481438958724765,0.001601721814982849,0.0010041314563194927,-0.0003055678083333374,1.2732516731806458,0.09725372146135816,0.000402680551497836,-0.004483926892938236,-0.004516820571514009,1.0149193951334947,-2.3759933720995328e-07,-0.004013469882141714,0.015455534797967003,0.015455534797967003,0.1767040447875942,0.9927175148857535,-2.41144175605245e-07]"
/multi_agv/m2b_algorithm_state,1789558491.2874968,1789558491.2874968,m2b_algorithm_state_v1:header6+3x20,"[1.0,-0.15,0.52,1.2749988664757061,0.10175674366450026,1789558491.2874088,1.273366104650443,0.10139687635347777,0.0036904376666666654,0.0015377700188857562,0.0010528814421131294,0.0003854374281871014,0.0009860853749999966,1.2739596349041291,0.10435759265289068,0.0005935302536861364,0.0029607162994129133,0.0029470980089423937,0.9909043682803662,2.8958793894092403e-07,0.0036890108260500642,-0.013037032019453818,-0.013037032019453818,0.1419525200364214,1.0046209153646053,2.869539536978696e-07,1.2747921571833862,0.10213573064759057,0.006394789958333334,0.0009216369791115661,0.002375169875614258,0.001136977799253272,0.005408704583333337,1.276831452992101,0.10051857436031424,0.0020392958087147584,-0.0016171562872763362,-0.0016213208160279248,1.0051820160947467,5.177414703055958e-08,0.0009277989448655231,-0.0016292557040138342,-0.0016292557040138342,0.12046880083507433,0.9974313974690147,5.204244149376372e-08,1.2738430398407152,0.1017376071424501,0.0036904376666666654,-0.0005476595428346629,0.00160175206595199,0.0010039057686299542,-0.0003055678083333374,1.2743540777501503,0.09730205063856637,0.0005110379094350748,-0.004435556503883734,-0.004467732629745212,1.0147504659718678,-2.32288503561524e-07,-0.0038289352429513685,0.014792955036823905,0.014792955036823905,0.17670406446437512,0.9927981084527627,-2.3571486722896435e-07]"
/multi_agv/m2b_algorithm_state,1789558491.2972555,1789558491.2972555,m2b_algorithm_state_v1:header6+3x20,"[1.0,-0.15,0.52,1.275998857583716,0.1017567391769499,1789558491.297127,1.2743645385042268,0.10139689731982386,0.0036904376666666654,0.0015376052997177281,0.0010529031012745708,0.0003854975616965177,0.0009860853749999966,1.274375416890675,0.10214495151402846,1.0878386448087696e-05,0.0007480541942045948,0.0007471701066835199,0.9976430025391415,1.8514631810342076e-08,0.0007607680897436295,-0.0015076621066472061,-0.0015076621066472061,0.14195251788067964,1.0011832479821752,1.847099287017637e-08,1.275790588245392,0.10213573997434386,0.006394789958333334,0.0009216167829536864,0.0023751653090573477,0.0011369889295308189,0.005408704583333337,1.277834869709314,0.10051857436031424,0.002044281463922104,-0.0016171656140296226,-0.001621330190586075,1.0051820458761156,5.177360780011518e-08,0.0009340216393165551,-0.0016512355979259518,-0.0016512355979259518,0.1204688021069851,0.9974313828357523,5.204190101090739e-08,1.2748414726774997,0.10173759369933304,0.0036904376666666654,-0.0005475377922692583,0.0016017641010411367,0.0010038467331629896,-0.0003055678083333374,1.2750341800127794,0.09728302459171993,0.00019270733527965156,-0.004454569107613104,-0.004487026315077284,1.0148168504391055,-2.3423479480735702e-07,-0.004246142145977719,0.016257491223773703,0.016257491223773703,0.17670406873011815,0.9927664325579914,-2.377054167296522e-07]"
/multi_agv/m2b_algorithm_state,1789558491.307399,1789558491.307399,m2b_algorithm_state_v1:header6+3x20,"[1.0,-0.15,0.52,1.2770007797096399,0.1017567223595603,1789558491.3072855,1.2753645277723016,0.10139689313920393,0.0036904376666666654,0.0015376057973948481,0.0010529088868895357,0.0003854943365067499,0.0009860853749999966,1.2752191736647727,0.10015311566778234,-0.00014535410752891664,-0.0012437774714215838,-0.0012462586585177133,1.0040084989209555,5.125508232355345e-08,-0.0014279512929288591,0.007141742775442967,0.007141742775442967,0.1419525184977838,0.9980090913879139,5.1460538265740896e-08,1.2767905818465433,0.10213573469973809,0.006394789958333334,0.0009216132541961597,0.002375172788481539,0.0011369865683645702,0.005408704583333337,1.2789727544293765,0.10152602708482986,0.002182172582833264,-0.0006097076149082364,-0.0006102950825528788,1.0019315106429583,7.354379977843537e-09,0.002117420645988701,-0.0063052795838832365,-0.0063052795838832365,0.12046880175368171,0.9990374039355112,7.3685850410431e-09,1.2758414631323034,0.10173758969190769,0.0036904376666666654,-0.0005475419487386839,0.0016017698696990119,0.0010038455340725953,-0.0003055678083333374,1.276038144285895,0.09761070451238613,0.00019668115359161575,-0.004126885179521561,-0.004154674190234678,1.013676584100188,-2.0100207267359632e-07,-0.003908822748245159,0.014953168435910645,0.014953168435910645,0.17670406753334197,0.9933113862987298,-2.0375109442482885e-07]"
/multi_agv/m2b_algorithm_state,1789558491.3174088,1789558491.3174088,m2b_algorithm_state_v1:header6+3x20,"[1.0,-0.15,0.52,1.2779974522003192,0.10175673908057786,1789558491.3172188,1.276366444152632,0.10139685966777082,0.0036904376666666654,0.0015377968941178229,0.001052894775713264,0.0003854188430737202,0.0009860853749999966,1.2761950629108645,0.10049712759562843,-0.00017138124176740988,-0.0008997320721423896,-0.0009010270786826078,1.002888435533035,2.681824434359834e-08,-0.00111525363089187,0.005887952352995697,0.005887952352995697,0.14195252258591312,0.9985627440386013,2.6895707113494005e-08,1.2777925112372859,0.10213571148978229,0.006394789958333334,0.0009216313404456682,0.0023751945829382226,0.001136967390665919,0.005408704583333337,1.27999202995307,0.10152602708482986,0.0021995187157841656,-0.0006096844049524319,-0.0006102718279532135,1.001931437214559,7.3539650389019804e-09,0.0021391265667769933,-0.006382163307328977,-0.006382163307328977,0.1204687993798107,0.999037440409544,7.368168760652681e-09,1.2768433837390016,0.10173759592112784,0.0036904376666666654,-0.0005476910675595108,0.0016017686961028576,0.001003910782764265,-0.0003055678083333374,1.2770199875633195,0.09761475636609493,0.0001766038243178336,-0.004122839555032912,-0.004150573261483685,1.0136625558478578,-2.00662303699213e-07,-0.003929818481086393,0.015024877736494701,0.015024877736494701,0.1767040595165725,0.9933181021744308,-2.034038636300633e-07]"
/multi_agv/m2b_algorithm_state,1789558491.3271632,1789558491.3271632,m2b_algorithm_state_v1:header6+3x20,"[1.0,-0.15,0.52,1.2789990076939637,0.10175672439443906,1789558491.3270538,1.2773631214908514,0.10139690740544696,0.0036904376666666654,0.0015374574392941097,0.0010529342074623292,0.00038554547354452905,0.0009860853749999966,1.2776769788086073,0.1023034710846338,0.00031385731775590564,0.0009065636791868448,0.0009052667872208697,0.9971487177732341,2.7186569769843747e-08,0.0012975884344157518,-0.0034927920765219075,-0.0034927920765219075,0.14195251724239982,1.0014326074747053,2.710905318665226e-08,1.278789177778337,0.10213573696338829,0.006394789958333334,0.0009215921863928792,0.00237517673405252,0.0011369936484312837,0.005408704583333337,1.2811615496684199,0.10106530856542179,0.0023723718900829915,-0.0010704283979665052,-0.0010722454841906872,1.0034088575382083,2.2674832553285507e-08,0.0018932193784130522,-0.005293912128255914,-0.005293912128255914,0.12046880246750252,0.9983053449504117,2.2752127827162386e-08,1.2778400573317699,0.10173757287289834,0.0036904376666666654,-0.0005474358700165859,0.0016017869817584133,0.0010037906508550574,-0.0003055678083333374,1.2783038498329298,0.09894499401943099,0.0004637925011599098,-0.0027925788534673424,-0.002805175946398956,1.0091169183328845,-9.194257793714937e-08,-0.002225435319949069,0.008518960248030649,0.008518960248030649,0.17670406994955395,0.9955093394595141,-9.278081091151724e-08]"
/multi_agv/m2b_algorithm_state,1789558491.33716,1789558491.33716,m2b_algorithm_state_v1:header6+3x20,"[1.0,-0.15,0.52,1.2799989950960562,0.10175671985879997,1789558491.3370397,1.2783646720310995,0.10139687807032524,0.0036904376666666654,0.0015376229230392533,0.0010529238729497501,0.0003854791179479899,0.0009860853749999966,1.2787738235269945,0.1021851495252612,0.00040915149589504374,0.0007882714549359571,0.0007872900495302891,0.9975174210508996,2.0558577483834242e-08,0.0012987294193990938,-0.003441264816776813,-0.003441264816776813,0.14195252066333727,1.0012465614245392,2.0507539192149427e-08,1.2797907397516322,0.10213571694284579,0.006394789958333334,0.0009216057761931859,0.0023751961730049675,0.0011369776452202218,0.005408704583333337,1.2821278678761714,0.10085851750715133,0.002337128124539234,-0.0012771994356944594,-0.0012797903879132877,1.0040769007621915,3.228591913472613e-08,0.0016416197677607547,-0.0043074599045926695,-0.0043074599045926695,0.12046880047700077,0.9979754870459272,3.241754562305454e-08,1.2788416112991599,0.10173757817014611,0.0036904376666666654,-0.0005475654893097866,0.0016017864413701791,0.0010038471177519952,-0.0003055678083333374,1.2794118695614434,0.10027751790602824,0.0005702582622835184,-0.0014600602641178795,-0.001463469269971629,1.0046954706641609,-2.5117114997620634e-08,-0.0007506464421172311,0.002757364686545406,0.002757364686545406,0.17670406324147478,0.9976705996335574,-2.5235051674260315e-08]"
/multi_agv/m2b_algorithm_state,1789558491.3470364,1789558491.3470364,m2b_algorithm_state_v1:header6+3x20,"[1.0,-0.15,0.52,1.2809977559243204,0.10175672309298804,1789558491.346915,1.2793646576365842,0.10139687410809324,0.0036904376666666654,0.00153762158093295,0.0010529294289180137,0.00038547680968643015,0.0009860853749999966,1.2797125018513567,0.100512829786322,0.0003478442147724081,-0.0008840443217712352,-0.0008852944140270812,1.0028375683385693,2.5887959233816775e-08,-0.00045048914556157103,0.003528493899242117,0.003528493899242117,0.14195252127022262,0.998587936130581,2.5961418087288827e-08,1.2807907295454088,0.1021357115916465,0.006394789958333334,0.0009216028099503165,0.0023752033480581858,0.001136975198539586,0.005408704583333337,1.283188978111281,0.1015087512944886,0.0023982485658722297,-0.0006269602971579052,-0.0006275815635466348,1.0019865566520558,7.776481672966417e-09,0.002370229143793652,-0.007192589902655369,-0.007192589902655369,0.12046880011599961,0.9990100627156435,7.791930094363438e-09,1.2798415981061753,0.10173757387666017,0.0036904376666666654,-0.0005475677370432685,0.001601792155393412,0.001003845119696328,-0.0003055678083333374,1.2804531040195586,0.10011086917454759,0.0006115059133833256,-0.001626704702112583,-0.0016309416306479068,1.0052412632534946,-3.118141510794855e-08,-0.0008665592389187498,0.003239118057672857,0.003239118057672857,0.17670406202889186,0.9974021580811322,-3.13448451131458e-08]"
/multi_agv/m2b_algorithm_state,1789558491.3570385,1789558491.3570385,m2b_algorithm_state_v1:header6+3x20,"[1.0,-0.15,0.52,1.281999732852878,0.1017567056955998,1789558491.3569279,1.2803634191572602,0.10139688868024417,0.0036904376666666654,0.001537499546711283,0.0010529474814958907,0.00038552031683241066,0.0009860853749999966,1.2802675859881385,0.09889012970798003,-9.583316912165074e-05,-0.002506758972264142,-0.002516934035680697,1.0081947765153558,2.083585477529547e-07,-0.0026367254970827603,0.01193199846729685,0.01193199846729685,0.1419525196761675,0.9959573579313917,2.1006599948685428e-07,1.2817894897155142,0.10213571754437645,0.006394789958333334,0.000921586365321185,0.0023752013735813815,0.0011369833541652052,0.005408704583333337,1.2841977537085618,0.1015087512944886,0.00240826399304761,-0.0006269662498878531,-0.0006275875280517446,1.001986575487458,7.776490401665305e-09,0.0023827424632577683,-0.0072369278241165985,-0.0072369278241165985,0.12046880104503284,0.9990100533612895,7.791938986875706e-09,1.2808403589001869,0.10173756305434352,0.0036904376666666654,-0.0005474780004721129,0.0016018022040757982,0.0010038009945698336,-0.0003055678083333374,1.281381150181333,0.09938052063092083,0.0005407912811461468,-0.0023570424234226894,-0.0023659871287554485,1.0076573367401918,-6.548643418630026e-08,-0.001689998027322765,0.006454025919715358,0.006454025919715358,0.17670406513297832,0.9962194615414226,-6.598788586477916e-08]"
/multi_agv/m2b_algorithm_state,1789558491.366971,1789558491.366971,m2b_algorithm_state_v1:header6+3x20,"[1.0,-0.15,0.52,1.283000147761189,0.10175669846735012,1789558491.3668635,1.2813653902914204,0.10139685334191438,0.0036904376666666654,0.001537703543887371,0.0010529325640142406,0.00038543965093538156,0.0009860853749999966,1.2811521042342064,0.09766769936230792,-0.000213286057213935,-0.0037291539796064643,-0.003751880298521928,1.01235936082753,4.6153486814094105e-07,-0.004018487870039347,0.017267109138995044,0.017267109138995044,0.14195252388536567,0.9939426855050741,4.6723914411078144e-07,1.2827914740751154,0.10213569355258434,0.006394789958333334,0.0009216052499691416,0.0023752236667122784,0.0011369635709536224,0.005408704583333337,1.285131105074755,0.10183519036673458,0.0023396309996395193,-0.00030050318584975977,-0.0003006455558606673,1.0009486264699146,1.7860970375865694e-09,0.0026238931936887317,-0.008248298097877069,-0.008248298097877069,0.12046879863107321,0.9995264523019476,1.78779137651426e-09,1.2818423341920981,0.10173757019230067,0.0036904376666666654,-0.0005476365409176061,0.001601800227328953,0.0010038707450208068,-0.0003055678083333374,1.282388001647501,0.1017576312664465,0.000545667455402965,2.0061074145830138e-05,2.006043775421205e-05,0.999936559410198,-4.737538708880658e-12,0.0007021447570079183,-0.0030494544434397667,-0.0030494544434397667,0.17670405700090377,1.0000317237153986,-4.737238156630757e-12]"
/multi_agv/m2b_algorithm_state,1789558491.3770518,1789558491.3770518,m2b_algorithm_state_v1:header6+3x20,"[1.0,-0.15,0.52,1.283996796032368,0.10175671515221,1789558491.3769002,1.2823658025529532,0.10139684367521996,0.0036904376666666654,0.0015377384073464108,0.0010529334823547562,0.0003854240611773634,0.0009860853749999966,1.2823466019206682,0.1003282044159208,-1.920063228499913e-05,-0.0010686392592991617,-0.0010704684633650846,1.0034372455598053,3.7835522823964834e-08,-0.0010944692537213335,0.005887506564813547,0.005887506564813547,0.1419525252740304,0.9982912116250743,3.796557280679442e-08,1.2837918922912712,0.10213568423987107,0.006394789958333334,0.0009216077670292444,0.002375233590246717,0.001136957317562859,0.005408704583333337,1.2860658871960626,0.10101366526643504,0.00227399490479141,-0.0011220189734360286,-0.001124016217238153,1.0035752492926069,2.4914478669877235e-08,0.0017184774137511093,-0.004651734604125292,-0.004651734604125292,0.12046879781598709,0.9982231183398474,2.5003554142117382e-08,1.2828427484393425,0.10173756748695932,0.0036904376666666654,-0.0005476658677232801,0.0016018046376956706,0.0010038811630032904,-0.0003055678083333374,1.2834590612446495,0.10132236555294095,0.00061631280530694,-0.0004152019340183666,-0.0004154754410010411,1.001319538240005,-2.0301015516862655e-09,0.0003549155656326339,-0.0016191724163734616,-0.0016191724163734616,0.17670405428707125,0.9993417012037691,-2.032780348314809e-09]"
/multi_agv/m2b_algorithm_state,1789558491.3872714,1789558491.3872714,m2b_algorithm_state_v1:header6+3x20,"[1.0,-0.15,0.52,1.2850017913887009,0.10175667825634782,1789558491.3871996,1.2833624557887042,0.10139689120535578,0.0036904376666666654,0.0015374005621287047,0.001052972836448961,0.0003855500343366231,0.0009860853749999966,1.283511983222198,0.10153935969442847,0.00014952743349372355,0.00014246848907269183,0.0001424362739867783,0.9995480023575533,6.717620958966821e-10,0.0003293455658539327,0.00030349499842445256,0.00030349499842445256,0.14195251987913787,1.0002261719224452,6.714584610130517e-10,1.2847885345101733,0.10213570969820088,0.006394789958333334,0.0009215688379908453,0.0023752154334164555,0.0011369836379726411,0.005408704583333337,1.28724395498272,0.10163798897353628,0.0024554204725466544,-0.0004977207246645993,-0.0004981118741321663,1.0015747354038271,4.900270769237658e-09,0.0025711637165511518,-0.00796648137586944,-0.00796648137586944,0.12046880093218292,0.999214735709225,4.907987399106316e-09,1.2838393977982259,0.10173754455307334,0.0036904376666666654,-0.0005474112980545513,0.0016018225594569332,0.0010037614925441723,-0.0003055678083333374,1.2843288080802702,0.0998746057357182,0.0004894102820443003,-0.0018629388173551364,-0.0018685056335273292,1.0060184686624312,-4.089024627058871e-08,-0.001256742780971954,0.004717705877006331,0.004717705877006331,0.17670406480243783,0.9970207121282885,-4.113634293636734e-08]"
/multi_agv/m2b_algorithm_state,1789558491.3972013,1789558491.3972013,m2b_algorithm_state_v1:header6+3x20,"[1.0,-0.15,0.52,1.2859971557330396,0.10175670320148589,1789558491.3970706,1.2843674392532565,0.10139680888325509,0.0036904376666666654,0.0015379112374402223,0.0010529266806779338,0.00038535268353221135,0.0009860853749999966,1.2842242138469058,0.10035575023179756,-0.0001432254063506999,-0.0010410586514575243,-0.0010427942929145462,1.0033474905785769,3.591109177723763e-08,-0.0012218260508529211,0.006326178500726447,0.006326178500726447,0.1419525294896097,0.9983355859647344,3.6031303818628347e-08,1.2857935448749702,0.10213565740475654,0.006394789958333334,0.0009216213664787858,0.0023752604588076487,0.0011369374452261383,0.005408704583333337,1.2882541387157336,0.10163798897353628,0.0024605938407633587,-0.0004976684312202606,-0.0004980594986222799,1.0015745701352576,4.899521360750016e-09,0.0025776828023319183,-0.007989556260512558,-0.007989556260512558,0.12046879537176691,0.999214817902076,4.90723600076171e-09,1.2848443900378763,0.10173756848103185,0.0036904376666666654,-0.0005478030869963909,0.001601809205161787,0.0010039382671674316,-0.0003055678083333374,1.2853857050254764,0.10022164135917618,0.0005413149876001278,-0.0015159271218556786,-0.0015196035530934747,1.0048782191855534,-2.7088784178027495e-08,-0.000842959818593315,0.00310743611449771,0.00310743611449771,0.17670404598884867,0.9975806642263295,-2.7220929204718066e-08]"
/multi_agv/m2b_algorithm_state,1789558491.4071066,1789558491.4071066,m2b_algorithm_state_v1:header6+3x20,"[1.0,-0.15,0.52,1.2869995418683418,0.1017566830355639,1789558491.4069662,1.2853628111355513,0.10139687735228074,0.0036904376666666654,0.0015374353497613845,0.0010529788486875803,0.00038553182777819337,0.0009860853749999966,1.2851220718902892,0.09875777181630381,-0.00024073924526213375,-0.002639105535976932,-0.002650394617764398,1.0086402824565224,2.3095054671026014e-07,-0.0029513186743420653,0.01309208904785241,0.01309208904785241,0.141952521789546,0.9957406034136198,2.3294602466732504e-07,1.2867888997841654,0.10213569478433172,0.006394789958333334,0.0009215692799867167,0.002375232153377649,0.0011369747485375087,0.005408704583333337,1.2894761793835807,0.10253894358943402,0.002687279599415282,0.0004032488051022992,0.00040299380442586276,0.9987372101089746,3.2145719148544786e-09,0.0037620933036949652,-0.012634349817568204,-0.012634349817568204,0.1204687998256473,1.0006327657488425,3.2105125859364265e-09,1.285839756279402,0.1017375374678452,0.0036904376666666654,-0.0005474429162119266,0.001601832301868434,0.001003770130064409,-0.0003055678083333374,1.2865602855569354,0.10058074301146407,0.0007205292775334105,-0.00115679445638113,-0.0011589294769191079,1.0037074327950137,-1.5759947514795e-08,-0.0002582678800023448,0.0008842926859003823,0.0008842926859003823,0.1767040610464976,0.9981577649196969,-1.5818376461059046e-08]"
/multi_agv/m2b_algorithm_state,1789558491.4168854,1789558491.4168854,m2b_algorithm_state_v1:header6+3x20,"[1.0,-0.15,0.52,1.2879945907847912,0.10175670968216621,1789558491.4167542,1.286365190721706,0.10139683516277319,0.0036904376666666654,0.001537684373214877,0.0010529595230938322,0.0003854339375534057,0.0009860853749999966,1.2861509587122322,0.1003169241536886,-0.0002142320094737915,-0.0010799110090845832,-0.0010817791639539391,1.0034739440080755,3.863683231970693e-08,-0.0013495691757961785,0.0067944499339242515,0.0067944499339242515,0.14195252670455208,0.9982730718693751,3.8771054511835e-08,1.2877912943392924,0.10213566681538348,0.006394789958333334,0.0009215929693059035,0.002375257412852161,0.001136951339458736,0.005408704583333337,1.2904909900817427,0.10253894358943402,0.0026996957424503254,0.00040327677405053997,0.000403021737956529,0.998737122443835,3.2151008373875173e-09,0.003777641416019436,-0.012689613526844523,-0.012689613526844523,0.12046879696635973,1.000632809771761,3.211040558699173e-09,1.2868421405440267,0.10173754712853504,0.0036904376666666654,-0.0005476352201105685,0.0016018283961482648,0.001003855519308814,-0.0003055678083333374,1.2875184886878275,0.09963298861820385,0.0006763481438007979,-0.0021045585103311865,-0.002111675967555579,1.0068176361012016,-5.22145366752284e-08,-0.0012662407878045816,0.00485438018425593,0.00485438018425593,0.17670405139376957,0.9966294747235148,-5.257051638547295e-08]"
/multi_agv/m2b_algorithm_state,1789558491.4272122,1789558491.4272122,m2b_algorithm_state_v1:header6+3x20,"[1.0,-0.15,0.52,1.2890125665037948,0.10175658801886418,1789558491.4270873,1.287360247863621,0.10139690618498098,0.0036904376666666654,0.0015371939922382422,0.001053014949609121,0.0003856176691910129,0.0009860853749999966,1.287203063509866,0.10244000213694326,-0.0001571843537551132,0.0010430959519622807,0.0010413807865020412,0.9967244035965883,3.598232092320342e-08,0.0008449003443081497,-0.0019441479922106021,-0.0019441479922106021,0.14195251844550724,1.001647010855655,3.586445736220097e-08,1.2887863332637917,0.10213570679770811,0.006394789958333334,0.0009215366499289515,0.0023752274370010262,0.001136991346625718,0.005408704583333337,1.2913368815667614,0.10101399098821985,0.0025505483029697462,-0.0011217158094882634,-0.0011237119689403241,1.0035742698736305,2.4899087791127805e-08,0.0020644734097718586,-0.005875368992709834,-0.005875368992709834,0.12046880175851174,0.9982236022154831,2.4988083850500513e-08,1.2878371912269613,0.10173751606380953,0.0036904376666666654,-0.0005472641895465842,0.0016018516163067605,0.0010036826106404363,-0.0003055678083333374,1.2883725299698146,0.09911107310111901,0.0005353387428532752,-0.0026264429626905172,-0.002637571831926616,1.0085585053767268,-8.129409845035832e-08,-0.001968398403360022,0.007546615643706926,0.007546615643706926,0.17670406759357757,0.9957806384260747,-8.198985442904188e-08]"
/multi_agv/m2b_algorithm_state,1789558491.4370086,1789558491.4370086,m2b_algorithm_state_v1:header6+3x20,"[1.0,-0.15,0.52,1.2899972710853878,0.10175668060892679,1789558491.4368796,1.2883781848952602,0.10139662081213151,0.0036904376666666654,0.0015390283087790462,0.001052832585466046,0.00038491741819910406,0.0009860853749999966,1.2883505336943872,0.10312282128038514,-2.7651200873002324e-05,0.0017262004682536275,0.0017215275303156716,0.9946213591157538,9.861104273745288e-08,0.0016869635292244187,-0.005266850181181937,-0.005266850181181937,0.14195255139395635,1.0027144137143709,9.808064935134707e-08,1.2898043570259707,0.10213553130100128,0.006394789958333334,0.0009217362492884035,0.002375371566527784,0.0011368298464112664,0.005408704583333337,1.2924126175717943,0.10192360542655604,0.0026082605458235264,-0.00021192587444524014,-0.0002119966359080893,1.0006683325193655,8.884036393215286e-10,0.003048329046371319,-0.009796488781373871,-0.009796488781373871,0.12046878264016136,0.9996662142182302,8.889973883640098e-10,1.2888551575901535,0.10173761194345979,0.0036904376666666654,-0.0005486635187670675,0.001601789838637114,0.00100432131076999,-0.0003055678083333374,1.28940597444074,0.09970401004868067,0.0005508168505865552,-0.002033601894779122,-0.0020402439343094156,1.0065824922437463,-4.884224178973383e-08,-0.0013517228710762216,0.005124260272584476,0.005124260272584476,0.1767040030844983,0.9967444875494545,-4.9163745467481935e-08]"
/multi_agv/m2b_algorithm_state,1789558491.447215,1789558491.447215,m2b_algorithm_state_v1:header6+3x20,"[1.0,-0.15,0.52,1.2909970150474417,0.10175667727757949,1789558491.4470575,1.2893629180589175,0.1013968580707707,0.0036904376666666654,0.0015374428879608507,0.0010529908873369905,0.0003855222980384955,0.0009860853749999966,1.289339181024938,0.10175082901688957,-2.3737033979509548e-05,0.0003539709461188728,0.0003537723999705677,0.9988796821821281,4.146295527901687e-09,0.00032410110749618077,0.0002259781165084812,0.0002259781165084812,0.14195252455565538,1.0005612256589875,4.141650359143617e-09,1.2907890249833287,0.10213566647655879,0.006394789958333334,0.0009215733826803086,0.002375261693822406,0.0011369576028960465,0.005408704583333337,1.2935654646539319,0.1025071547072476,0.002776439670603148,0.00037148823068880454,0.00037127176431247546,0.9988362468684358,2.7282161585120127e-09,0.0038418213525664106,-0.012901943958512848,-0.012901943958512848,0.12046879824377894,1.0005830402339644,2.7250411884139602e-09,1.2898398702139175,0.10173751727945084,0.0036904376666666654,-0.000547456404331056,0.0016018545535754006,0.001003764401479194,-0.0003055678083333374,1.2904939567902152,0.09985605351893617,0.0006540865762976189,-0.001881463760514665,-0.0018871426366499897,1.0060795908184488,-4.171146312190316e-08,-0.0010695344162779661,0.0040654719204522745,0.0040654719204522745,0.17670405569573142,0.9969907541565561,-4.196505175012315e-08]"
/multi_agv/m2b_algorithm_state,1789558491.4573386,1789558491.4573386,m2b_algorithm_state_v1:header6+3x20,"[1.0,-0.15,0.52,1.2919974753496766,0.10175666935344428,1789558491.4572065,1.290362660942595,0.10139685604196794,0.0036904376666666654,0.0015374303093918557,0.0010529987201041814,0.000385523676086557,0.0009860853749999966,1.2901444415821002,0.1001256231029089,-0.00021821936049493118,-0.001271232939059036,-0.0012738254146864446,1.004098257078959,5.353778659748921e-08,-0.0015465996153051086,0.007572608200418036,0.007572608200418036,0.14195252470523148,0.9979648108779123,5.375719821040416e-08,1.2917887706810438,0.1021356630440361,0.006394789958333334,0.000921567834169891,0.002375266900805917,0.0011369572993698007,0.005408704583333337,1.2945872192744925,0.1025071547072476,0.002798448593448688,0.0003714916632115012,0.0003712751928303948,0.9988362361064882,2.728250185588657e-09,0.003869335934641255,-0.012999754639317625,-0.012999754639317625,0.12046879812450327,1.0005830456364622,2.7250751465302023e-09,1.2908396135186866,0.10173751274673445,0.0036904376666666654,-0.000547448876864439,0.001601859910602377,0.0010037583518889646,-0.0003055678083333374,1.2914861318797806,0.09966485895277767,0.0006465183610939729,-0.002072653793956783,-0.002079555427159646,1.0067118664851502,-5.062512392407031e-08,-0.00127140747579218,0.004859128965790412,0.004859128965790412,0.17670405530180525,0.9966811977633654,-5.096491299664285e-08]"
/multi_agv/m2b_algorithm_state,1789558491.4671009,1789558491.4671009,m2b_algorithm_state_v1:header6+3x20,"[1.0,-0.15,0.52,1.2930029796867906,0.10175662920096372,1789558491.4669409,1.2913631187145567,0.10139684304078261,0.0036904376666666654,0.0015374892762816347,0.001052999110067265,0.000385497913228402,0.0009860853749999966,1.2907139833136896,0.10076121963947281,-0.0006491354008670847,-0.0006356234013098067,-0.0006362684290869772,1.002034467807586,1.337944577065974e-08,-0.0014476876801708329,0.0069506107493291485,0.0069506107493291485,0.14195252619437426,0.9989862332504913,1.3406665822363491e-08,1.2927892344997194,0.10213565292661379,0.006394789958333334,0.000921570353352867,0.0023752774501284435,0.0011369507195085754,0.005408704583333337,1.2950428668999239,0.09968716631555014,0.002253632400204486,-0.0024484866110636577,-0.00245809374097759,1.0079201470721944,1.1874357439266872e-07,0.0003589467592780178,0.000751478120590424,0.000751478120590424,0.12046879728299043,0.9960916340358479,1.1968404096573671e-07,1.2918400728347537,0.1017375120929364,0.0036904376666666654,-0.0005474957848841107,0.0016018626337218414,0.0010037772684542852,-0.0003055678083333374,1.292078637531902,0.09994760117562859,0.00023856469714833572,-0.0017899109173078048,-0.0017950470108029598,1.0057777737615832,-3.775125821332731e-08,-0.0014968411393675401,0.005533228811479742,0.005533228811479742,0.17670405246823184,0.9971387415124814,-3.796937644249902e-08]"
/multi_agv/m2b_algorithm_state,1789558491.477049,1789558491.477049,m2b_algorithm_state_v1:header6+3x20,"[1.0,-0.15,0.52,1.2939954280933892,0.10175667254166136,1789558491.4769783,1.2923686102473981,0.10139675377647851,0.0036904376666666654,0.0015380441100892313,0.0010529473514979235,0.0003852843356636716,0.0009860853749999966,1.2919280140999432,0.10286115701819916,-0.00044059614745495246,0.0014644032417206465,0.0014610335403150339,0.9954234295436706,7.09364815108784e-08,0.0009102883559963433,-0.002372106281185058,-0.002372106281185058,0.14195253672239824,1.0023063819636104,7.061183570531975e-08,1.2937947548383457,0.10213559588673027,0.006394789958333334,0.0009216296172015487,0.0023753254546658997,0.0011369000572996613,0.005408704583333337,1.2960974731340418,0.1003561484898591,0.00230271829569606,-0.0017794473968711644,-0.0017844959554325376,1.0057125733925205,6.269353851015839e-08,0.0010939019141875375,-0.002141062222879734,-0.002141062222879734,0.1204687911805037,0.9971708769941428,6.305167995013447e-08,1.2928455739746274,0.10173753793968236,0.0036904376666666654,-0.0005479199757594364,0.001601847441512939,0.0010039690443087064,-0.0003055678083333374,1.2930612303440077,0.09976781397242808,0.00021565636938025712,-0.0019697239672542832,-0.001975952289357208,1.0063711355757277,-4.575803285470586e-08,-0.0017063818276318865,0.006347920119351126,0.006347920119351126,0.1767040318538019,0.9968479390233906,-4.604956348570179e-08]"
/multi_agv/m2b_algorithm_state,1789558491.4872003,1789558491.4872003,m2b_algorithm_state_v1:header6+3x20,"[1.0,-0.15,0.52,1.2950019699285429,0.10175662545440196,1789558491.4870765,1.2933610721465674,0.1013968671154211,0.0036904376666666654,0.0015372747239241432,0.001053028710495018,0.0003855755168361396,0.0009860853749999966,1.2930788097522885,0.10374543882628276,-0.0002822623942788649,0.002348571710861655,0.0023399625738033474,0.992734086444055,1.822446731852684e-07,0.0019871345809547663,-0.0066393506986198916,-0.0066393506986198916,0.14195252375459994,1.003679177246119,1.809204991438728e-07,1.29478718634922,0.10213565999346277,0.006394789958333334,0.0009215467298254142,0.002375274767491886,0.0011369623554042252,0.005408704583333337,1.2977677822727376,0.1008887926993073,0.002980595923517626,-0.0012468672941554765,-0.0012493360765202578,1.0039787110562555,3.076802571943125e-08,0.0024764088278767748,-0.007272130088087959,-0.007272130088087959,0.12046879866230638,0.9980239245378573,3.08904428035403e-08,1.2938380257843807,0.10173749051610022,0.0036904376666666654,-0.0005473351309720985,0.0016018809951988695,0.0010036980786458727,-0.0003055678083333374,1.2942659199361084,0.1014309151793672,0.0004278941517277257,-0.00030657533673301984,-0.0003067243300892833,1.0009731149727643,-1.1060598415030646e-09,0.00022814335957037384,-0.0012185422293962919,-0.0012185422293962919,0.1767040571363215,0.9995142434373562,-1.1071361648956046e-09]"
/multi_agv/m2b_algorithm_state,1789558491.4970798,1789558491.4970798,m2b_algorithm_state_v1:header6+3x20,"[1.0,-0.15,0.52,1.2960023120079522,0.10175661882447014,1789558491.4969664,1.2943675991219115,0.10139675987237882,0.0036904376666666654,0.0015379486769049747,0.0010529662907864164,0.00038531585095568656,0.0009860853749999966,1.2939691257233457,0.10218262544878667,-0.0003984733985658018,0.0007858655764078487,0.0007848901331856469,0.9975249263194598,2.0437650762516835e-08,0.00028679838497839465,0.00016246494911366263,0.00016246494911366263,0.14195253616932746,1.0012427767670398,2.0387066071022456e-08,1.2957937469821157,0.10213559299521671,0.006394789958333334,0.0009216168519873211,0.002375331160718863,0.0011369026224442164,0.005408704583333337,1.298775053759494,0.1008887926993073,0.0029813067773782898,-0.0012468002959094143,-0.0012492688139603503,1.0039784978509239,3.076706820713521e-08,0.002477364657762512,-0.007275470187062942,-0.007275470187062942,0.1204687914898547,0.9980240297177431,3.0889474921876525e-08,1.294844563681601,0.10173752349561038,0.0036904376666666654,-0.000547850124169707,0.0016018610802177938,0.0010039316711256616,-0.0003055678083333374,1.2956449216063048,0.10128784220399767,0.0008003579247037873,-0.00044968129161271353,-0.0004500021941064148,1.0014296766296287,-2.3821284754663506e-09,0.0005504452117733193,-0.0022967572637538625,-0.0022967572637538625,0.176704032930351,0.999286886824322,-2.385534148876498e-09]"
/multi_agv/m2b_algorithm_state,1789558491.5071821,1789558491.5071821,m2b_algorithm_state_v1:header6+3x20,"[1.0,-0.15,0.52,1.2970081610767217,0.10175657696930662,1789558491.507053,1.295367938880925,0.10139675364889725,0.0036904376666666654,0.0015379585080469334,0.0010529673025756023,0.0003853110631644057,0.0009860853749999966,1.294911131670327,0.10166601808099103,-0.0004568072105979315,0.0002692644320937826,0.0002691494676727924,0.999146956021945,2.400241037670583e-09,-0.00030185954557462196,0.002489303190008013,0.002489303190008013,0.14195253741699995,1.00042713969299,2.3981935265075175e-09,1.296794091632499,0.10213558447068657,0.006394789958333334,0.0009216207078352641,0.002375338873640276,0.0011368969386492678,0.005408704583333337,1.2996364759363677,0.09895814946518984,0.002842384303868739,-0.0031774350054967343,-0.003193703505058327,1.0103630447307685,2.0007591419025416e-07,0.00035927687477759667,0.001075698792230414,0.001075698792230414,0.12046879075786969,0.994906070793414,2.0214930983855717e-07,1.2958449055104326,0.10173751835382663,0.0036904376666666654,-0.0005478583262881706,0.0016018661732610916,0.0010039325770708762,-0.0003055678083333374,1.2964979671054835,0.09953989458835417,0.0006530615950508523,-0.002197623765472459,-0.0022053900827659675,1.0071266042078337,-5.6961262527237194e-08,-0.0013890630889524021,0.005326526002350625,0.005326526002350625,0.1767040304580133,0.9964784836232835,-5.7367202900447326e-08]"
/multi_agv/m2b_algorithm_state,1789558491.517047,1789558491.517047,m2b_algorithm_state_v1:header6+3x20,"[1.0,-0.15,0.52,1.298000395597423,0.10175662218265469,1789558491.5169177,1.2963737744576744,0.10139666364257496,0.0036904376666666654,0.001538513614691666,0.0010529115526078485,0.00038509944346225007,0.0009860853749999966,1.295977369288044,0.10250933805575103,-0.0003964051696303539,0.0011126744131760707,0.0011107238234482986,0.9965086680510612,4.097586930775393e-08,0.0006152173614103562,-0.0011565259424309816,-0.0011565259424309816,0.141952548551002,1.0017561428742174,4.083280894610423e-08,1.297799956938595,0.1021355247173586,0.006394789958333334,0.0009216861178014887,0.002375387585619837,0.0011368432441559162,0.005408704583333337,1.3006400245939538,0.09916275774225314,0.0028400676553588244,-0.0029727669751054564,-0.002986985153025871,1.0096731772034564,1.7512074931701755e-07,0.0005630994161726593,0.0002687121493391033,0.0002687121493391033,0.12046878429301218,0.9952399569492298,1.7681472335716313e-07,1.2968507518338956,0.10173754254798631,0.0036904376666666654,-0.0005482813666810925,0.0016018514482499134,0.0010041236111478892,-0.0003055678083333374,1.297549210822882,0.1001934349459419,0.0006984589889864612,-0.0015441076020444033,-0.0015479228051318097,1.0049704897538503,-2.8130356691764676e-08,-0.0006748490688987332,0.002525699674174363,0.002525699674174363,0.1767040086382564,0.9975352756127386,-2.8270178341473248e-08]"
/multi_agv/m2b_algorithm_state,1789558491.526953,1789558491.526953,m2b_algorithm_state_v1:header6+3x20,"[1.0,-0.15,0.52,1.2989960615880853,0.10175664492709309,1789558491.5267844,1.2973660229500372,0.10139678465037685,0.0036904376666666654,0.0015376898194891177,0.0010529947832861983,0.00038541323536065136,0.0009860853749999966,1.2969032816266013,0.10401201793080216,-0.00046274132343593344,0.0026152332804253026,0.002604579777617439,0.9919337901761036,2.259949099093834e-07,0.002026153123322522,-0.00690697944381821,-0.00690697944381821,0.14195253524668958,1.0040902962156948,2.2417198754692177e-07,1.2987921733993157,0.10213559133812387,0.006394789958333334,0.0009216029830942645,0.0023753334056777486,0.0011369074664075718,0.005408704583333337,1.3018215376228983,0.10067451093579237,0.0030293642235825757,-0.001461080402331505,-0.001464475848305886,1.0046736131912648,4.225677209340284e-08,0.0023222294311723334,-0.0066252891704213085,-0.0066252891704213085,0.12046879202183321,0.9976814599036855,4.245426390087884e-08,1.2978429904429165,0.10173749055946332,0.0036904376666666654,-0.0005476536519353138,0.0016018874057400333,0.0010038328122597808,-0.0003055678083333374,1.298682646213269,0.10091382484701679,0.0008396557703524987,-0.0008236657124465335,-0.0008247453956692256,1.0026298323445915,-7.991223597660714e-09,0.00022482431727139783,-0.000973766334514372,-0.000973766334514372,0.17670403471128043,0.9986908890569605,-8.012239175950704e-09]"
/multi_agv/m2b_algorithm_state,1789558491.5370128,1789558491.5370128,m2b_algorithm_state_v1:header6+3x20,"[1.0,-0.15,0.52,1.2999969308528463,0.1017566341903487,1789558491.5368757,1.2983616962208795,0.10139684645047416,0.0036904376666666654,0.0015372593797602654,0.0010530439408563018,0.00038557424550001666,0.0009860853749999966,1.297960349901306,0.10354112264641334,-0.00040134631957355893,0.002144276195939182,0.0021370885264272482,0.9933505834208934,1.5193941650063543e-07,0.0016354056269602996,-0.005283258565930336,-0.005283258565930336,0.14195252811103165,1.0033632998460527,1.5092910802553633e-07,1.2997878305986812,0.10213562575591763,0.006394789958333334,0.0009215538457813888,0.002375307031787788,0.0011369424864736133,0.005408704583333337,1.3028608696724746,0.10016603035711981,0.0030730390737934155,-0.0019695953987978188,-0.001975789480124486,1.0063366413144559,7.68113144374353e-08,0.0018655093621172832,-0.004773994428453056,-0.004773994428453056,0.12046879617611134,0.9968650094612929,7.729804018591721e-08,1.298838657944695,0.10173746257488749,0.0036904376666666654,-0.0005473265557276734,0.0016019078490583823,0.0010036803921773824,-0.0003055678083333374,1.2996561635474797,0.0997135287138393,0.0008175056027845962,-0.0020239338610481827,-0.0020305124288181597,1.006550495937058,-4.826077711045843e-08,-0.0010086304253374145,0.00391230322799562,0.00391230322799562,0.17670404873325923,0.9967601440520086,-4.857690913483975e-08]"
/multi_agv/m2b_algorithm_state,1789558491.5471165,1789558491.5471165,m2b_algorithm_state_v1:header6+3x20,"[1.0,-0.15,0.52,1.3010063085217942,0.10175656888249592,1789558491.547002,1.2993625623370444,0.10139682558944911,0.0036904376666666654,0.0015373712315493357,0.0010530401666566376,0.00038552772500523823,0.0009860853749999966,1.298910457207587,0.10211043511701409,-0.0004521051294574807,0.0007136095275649817,0.0007128047715528856,0.9977506479119608,1.6846704720769058e-08,0.00014767335973103475,0.0006899501814977764,0.0006899501814977764,0.14195253028374183,1.0011289991933456,1.6808810550328814e-08,1.3007887043835151,0.10213561170087339,0.006394789958333334,0.0009215605375272528,0.0023753205920065135,0.0011369325315740697,0.005408704583333337,1.303721974408434,0.09868645054084725,0.0029332700249189436,-0.0034491611600261374,-0.0034683705313039467,1.011283770365477,2.3578410494475865e-07,0.0001982169998447328,0.001761178460403867,0.001761178460403867,0.12046879489158607,0.9944615573496446,2.384446386407848e-07,1.2998395258379793,0.1017374652807236,0.0036904376666666654,-0.000547412943715356,0.0016019079898388806,0.0010037177653401306,-0.0003055678083333374,1.3004558872783587,0.09796196297497708,0.0006163614403793538,-0.0037755023057465115,-0.003798699151011413,1.0124628816206518,-1.6815441267511456e-07,-0.0030282473505372207,0.011734154071895448,0.011734154071895448,0.17670404439628729,0.9938934765974491,-1.7025010121427475e-07]"
/multi_agv/m2b_algorithm_state,1789558491.5569193,1789558491.5569193,m2b_algorithm_state_v1:header6+3x20,"[1.0,-0.15,0.52,1.3019949153425545,0.10175663649560462,1789558491.5567682,1.300371919440158,0.10139667565305545,0.0036904376666666654,0.0015383222598388925,0.0010529480642864626,0.0003851633967777346,0.0009860853749999966,1.3000635929999518,0.10211873230858325,-0.0003083264402061747,0.0007220566555277974,0.0007212327857367236,0.9977242361523135,1.725847761257931e-08,0.00033582473547900515,1.7433659251148972e-05,1.7433659251148972e-05,0.1419525477787808,1.0011423077366517,1.7219201393162497e-08,1.3017981077240353,0.10213551818115839,0.006394789958333334,0.0009216633602765287,0.0023753976067231175,0.0011368478959874195,0.005408704583333337,1.3047032956959157,0.09868645054084725,0.0029051879718804408,-0.0034490676403111376,-0.0034682759805448023,1.0112834666580208,2.3579771198201314e-07,0.00016320898430574864,0.0018839783168552358,0.0018839783168552358,0.12046878474665029,0.994461703641402,2.384583276031998e-07,1.3008488984011894,0.10173751281327391,0.0036904376666666654,-0.0005481379081197957,0.0016018778566926802,0.0010040476889183253,-0.0003055678083333374,1.301900945213138,0.0988709241475067,0.0010520468119485926,-0.0028665886657672085,-0.0028798697382349057,1.009366349691014,-9.700942714498041e-08,-0.001564811223299165,0.006227766123583087,0.006227766123583087,0.17670401018411452,0.9953883079184555,-9.791805136294524e-08]"
/multi_agv/m2b_algorithm_state,1789558491.567032,1789558491.567032,m2b_algorithm_state_v1:header6+3x20,"[1.0,-0.15,0.52,1.3029989205728911,0.10175660558562767,1789558491.5668452,1.3013605475099344,0.10139684869408182,0.0036904376666666654,0.0015371617039340495,0.0010530677263933521,0.0003856042120415925,0.0009860853749999966,1.3011435213681226,0.10312312284025187,-0.00021702614181173807,0.0017262741461700482,0.0017216008264606527,0.9946211508454604,9.849974266764788e-08,0.0014503181491959801,-0.004423600636878883,-0.004423600636878883,0.14195252794068894,1.0027145199035499,9.796992741007763e-08,1.3027866878203516,0.10213561748600929,0.006394789958333334,0.000921540244744291,0.002375317433390922,0.001136942971214,0.005408704583333337,1.3060720058049127,0.09956770507142494,0.003285317984561109,-0.0025679124145843446,-0.002578489146633686,1.0083176803781464,1.3061543525255693e-07,0.0015281583340677005,-0.003307799961305087,-0.003307799961305087,0.12046879625972874,0.9958980893663448,1.3170185269544016e-07,1.3018375106973779,0.10173744330672276,0.0036904376666666654,-0.0005472538668233307,0.001601925580216857,0.0010036396601960061,-0.0003055678083333374,1.303075699517755,0.10045605247917547,0.001238188820377184,-0.001281390827547288,-0.001284013010686496,1.0041125598619178,-1.9332690675111152e-08,0.000263723014784984,-0.0009049234915000342,-0.0009049234915000342,0.17670404900950223,0.9979578219867056,-1.9412197522804487e-08]"
/multi_agv/m2b_algorithm_state,1789558491.5771852,1789558491.5771852,m2b_algorithm_state_v1:header6+3x20,"[1.0,-0.15,0.52,1.303998159354398,0.10175660556104905,1789558491.577076,1.3023645432619924,0.10139677916321155,0.0036904376666666654,0.0015375914285589223,0.0010530315581765756,0.0003854367553076969,0.0009860853749999966,1.3022769241152081,0.10371377044114237,-8.761914678423466e-05,0.0023169912779308216,0.0023086100899036704,0.9928291856244441,1.7741726067349085e-07,0.002199086156423377,-0.0073823366528558455,-0.0073823366528558455,0.14195253579234793,1.0036304043128828,1.7614503443018163e-07,1.3037907054344395,0.10213557413373724,0.006394789958333334,0.0009215817700237005,0.0023753545846447732,0.0011369056443286812,0.005408704583333337,1.3070655804835343,0.09956770507142494,0.0032748750490947387,-0.0025678690623122946,-0.002578445439969902,1.0083175407311908,1.306169326846862e-07,0.0015151483713985213,-0.0032620164052650554,-0.0032620164052650554,0.12046879171000907,0.9958981572797091,1.317033443424743e-07,1.302841513022242,0.10173746345993424,0.0036904376666666654,-0.0005475821437153036,0.0016019139403995134,0.001003788012532419,-0.0003055678083333374,1.3041644894300042,0.10098297291647867,0.0013229764077622441,-0.0007544905434555688,-0.0007553960144818181,1.0024070780358032,-6.704119114261828e-09,0.0008983244952209871,-0.0033894047120922545,-0.0033894047120922545,0.17670403367890183,0.9988013293571976,-6.720256452131176e-09]"
/multi_agv/m2b_algorithm_state,1789558491.5871077,1789558491.5871077,m2b_algorithm_state_v1:header6+3x20,"[1.0,-0.15,0.52,1.3050009659333766,0.10175658270614595,1789558491.5869758,1.3033637821636834,0.10139678618754454,0.0036904376666666654,0.001537518679316658,0.0010530439598444895,0.00038546183858047776,0.0009860853749999966,1.3032840739570355,0.10260057306646474,-7.970820664793266e-05,0.0012037868789201989,0.0012015053392346211,0.996226706106389,4.7927122436393964e-08,0.0011018700809247053,-0.0029344197615263456,-0.0029344197615263456,0.1419525350358043,1.0018989009961714,4.774627931796637e-08,1.3047899442784594,0.1021355754503105,0.006394789958333334,0.00092157226320542,0.0023753547721845347,0.0011369096677843193,0.005408704583333337,1.3078483157198444,0.10017309470327593,0.0030583714413849883,-0.0019624807470345756,-0.0019686298327912565,1.006313247371044,7.625857958363907e-08,0.0018543344689399789,-0.004737912116426756,-0.004737912116426756,0.12046879212954245,0.9968764642015192,7.674001886071504e-08,1.3038407516210508,0.10173745504529215,0.0036904376666666654,-0.0005475272006999579,0.0016019211221085516,0.0010037604606196295,-0.0003055678083333374,1.3051834733044132,0.1008290768332958,0.0013427216833623579,-0.0009083782119963524,-0.0009096922461760245,1.0029030953434943,-9.717836631321381e-09,0.0007687098580269229,-0.0028600654261815113,-0.0028600654261815113,0.176704035089336,0.9985555178850917,-9.746048437594608e-09]"
/multi_agv/m2b_algorithm_state,1789558491.597181,1789558491.597181,m2b_algorithm_state_v1:header6+3x20,"[1.0,-0.15,0.52,1.3060014973409981,0.10175657469034693,1789558491.597085,1.304366581647073,0.10139673837663303,0.0036904376666666654,0.0015378036297270547,0.0010530196984557248,0.00038535094271928633,0.0009860853749999966,1.3037739293690511,0.10103818823270917,-0.0005926522780219656,-0.0003585501439238581,-0.0003587549623725941,1.0011440308115631,4.257394987042105e-09,-0.0010995703099000512,0.005597474934712654,0.005597474934712654,0.14195254072372407,0.9994290853919303,4.2622655780842755e-09,1.305792759838673,0.1021355435920469,0.006394789958333334,0.0009216022383801512,0.0023753817158891355,0.0011368826577029256,0.005408704583333337,1.3088462065312916,0.10017309470327593,0.0030534466926186443,-0.001962448888770979,-0.001968597776053005,1.0063131453197844,7.625859346774002e-08,0.0018482105897203002,-0.004716308855481481,-0.004716308855481481,0.12046878883975944,0.9968765141580347,7.674002505018424e-08,1.3048435563143836,0.10173746614975786,0.0036904376666666654,-0.0005477445911838967,0.001601915198848636,0.0010038577735534161,-0.0003055678083333374,1.3057964771407418,0.09994271044593377,0.0009529208263581168,-0.0017947557038240913,-0.0017999198312544861,1.005793733458366,-3.797327786083219e-08,-0.0006087687983068401,0.0024025722645872037,0.0024025722645872037,0.17670402399587162,0.997130912532479,-3.8193284911298324e-08]"
/multi_agv/m2b_algorithm_state,1789558491.6071372,1789558491.6071372,m2b_algorithm_state_v1:header6+3x20,"[1.0,-0.15,0.52,1.3070021221037367,0.10175656613035776,1789558491.606988,1.305367110547879,0.10139672787421343,0.0036904376666666654,0.0015378429976525107,0.0010530185828264474,0.00038533445841502055,0.0009860853749999966,1.3047002590958585,0.10025662820457297,-0.0006668514520205004,-0.0011400996696404597,-0.0011421828202343065,1.0036700659847084,4.3069912916445245e-08,-0.001975747135259932,0.009034351524148006,0.009034351524148006,0.14195254233703403,0.9981761671100782,4.322798233880425e-08,1.3067932942398668,0.10213553315960339,0.006394789958333334,0.0009216081856803539,0.0023753906966059724,0.0011368754077693555,0.005408704583333337,1.3096934465555465,0.09934136968566606,0.0029001523156797493,-0.0027941634739373222,-0.0028067075566831296,1.0090736992854927,1.5467963423697645e-07,0.000818482837916557,-0.0007090657128509912,-0.0007090657128509912,0.12046878791861639,0.9955306769613605,1.560831507236328e-07,1.3058440872352486,0.10173746303722399,0.0036904376666666654,-0.0005477744688294089,0.001601918548129089,0.0010038689822246373,-0.0003055678083333374,1.3069912078949122,0.10179711710570008,0.001147120659663603,5.9654068476092115e-05,5.964844290792546e-05,0.9998114363305067,-4.190077864661527e-11,0.0014935492674874292,-0.005877836401147057,-0.005877836401147057,0.17670402088360038,1.000094312070733,-4.189287768203904e-11]"
/multi_agv/m2b_algorithm_state,1789558491.6172788,1789558491.6172788,m2b_algorithm_state_v1:header6+3x20,"[1.0,-0.15,0.52,1.3080016168453301,0.10175656481866875,1789558491.6170611,1.3063677326349625,0.10139671633475701,0.0036904376666666654,0.0015378887756188919,0.0010530164822942995,0.0003853157078950254,0.0009860853749999966,1.3058362589428245,0.10211438224619991,-0.0005314736921380181,0.0007176659114428996,0.0007168520042660811,0.9977379629862628,1.704446817440066e-08,5.2509889093558496e-05,0.0010273093583378027,0.0010273093583378027,0.14195254406562668,1.0011353908086673,1.70059129565107e-08,1.307793922157168,0.10213552192185794,0.006394789958333334,0.0009216153604473393,0.0023754001602938057,0.0011368673745005553,0.005408704583333337,1.3106746406678838,0.09934136968566606,0.0028807185107158073,-0.0027941522361918797,-0.0028066962188731796,1.0090736630106396,1.5467960102614205e-07,0.0007942019195215796,-0.0006237274856898483,-0.0006237274856898483,0.12046878687972185,0.9955306945593363,1.5608311160047345e-07,1.3068447115190795,0.10173746013445832,0.0036904376666666654,-0.000547809026814909,0.001601921666546947,0.0010038823397593307,-0.0003055678083333374,1.3080533948194728,0.10155547799916552,0.001208683300393254,-0.00018198213529280194,-0.00018203458461068844,1.000576820487082,-3.900318537593881e-10,0.0013288195408808791,-0.005180247663865689,-0.005180247663865689,0.1767040173877119,0.9997118716863683,-3.902568321232511e-10]"
/multi_agv/m2b_algorithm_state,1789558491.6270685,1789558491.6270685,m2b_algorithm_state_v1:header6+3x20,"[1.0,-0.15,0.52,1.3089980813863147,0.10175658263365288,1789558491.6269433,1.3073672270087475,0.10139672234445617,0.0036904376666666654,0.0015378199194366567,0.001053025944085606,0.00038534063284905145,0.0009860853749999966,1.3071041526514087,0.10330910316233582,-0.000263074357338855,0.001912380817879658,0.0019066536291407808,0.9940539232558303,1.20917998309607e-07,0.001577810682467212,-0.004966566682931623,-0.004966566682931623,0.1419525437813817,1.0030037908571041,1.201990106119067e-07,1.3087934171772215,0.1021355212119407,0.006394789958333334,0.0009216101931487563,0.0023754009956746813,0.0011368691798158276,0.005408704583333337,1.3121099869277377,0.10159707526312627,0.003316569750516196,-0.0005384459488144283,-0.0005389038703224677,1.001704380295094,5.735414953638383e-09,0.0036068083178227776,-0.011616442948887362,-0.011616442948887362,0.12046878706049838,0.9991502723709047,5.745190281869552e-09,1.3078442063500209,0.1017374508996094,0.0036904376666666654,-0.0005477561156691751,0.0016019289482715367,0.001003855616537385,-0.0003055678083333374,1.3089228331571963,0.09995237812911102,0.001078626807175409,-0.001785072770498372,-0.0017901809530393058,1.0057618459818605,-3.7565193410961345e-08,-0.00044189744407004453,0.0018097082485944156,0.0018097082485944156,0.17670401795893903,0.9971465551947353,-3.7781638269674105e-08]"
/multi_agv/m2b_algorithm_state,1789558491.6370993,1789558491.6370993,m2b_algorithm_state_v1:header6+3x20,"[1.0,-0.15,0.52,1.3100013712132068,0.10175655663730532,1789558491.6369517,1.3083636973225585,0.10139677338372316,0.0036904376666666654,0.0015374586551041383,0.001053066395215252,0.0003854761866973256,0.0009860853749999966,1.308094313051722,0.10240002995017948,-0.000269384270836559,0.0010032565664563203,0.0010016694326824458,0.9968480730285706,3.3292942773627306e-08,0.000664939094136747,-0.0012843106535026304,-0.0012843106535026304,0.1419525380903837,1.0015844885768594,3.318800584934085e-08,1.3097898745783527,0.10213554836969568,0.006394789958333334,0.0009215712395160627,0.0023753795761136676,0.001136897208128415,0.005408704583333337,1.3131196958462323,0.10159707526312627,0.003329821267879618,-0.0005384731065694176,-0.0005389310741964592,1.0017044661569823,5.735750482289306e-09,0.0036233455106530633,-0.011675064422539218,-0.011675064422539218,0.12046879036870514,0.9991502296880462,5.745526874871263e-09,1.3088406722580332,0.10173742614753979,0.0036904376666666654,-0.0005474806394591245,0.0016019466757218551,0.001003726984798275,-0.0003055678083333374,1.3098919259266717,0.0996894660638669,0.0010512536686384522,-0.0020479600836728895,-0.0020546969941076278,1.0066300593952442,-4.942809227281926e-08,-0.0007406299083095626,0.0029780700249861978,0.0029780700249861978,0.17670402914669978,0.9967212146345384,-4.975580346038166e-08]"
/multi_agv/m2b_algorithm_state,1789558491.6471078,1789558491.6471078,m2b_algorithm_state_v1:header6+3x20,"[1.0,-0.15,0.52,1.3110012200421408,0.10175655297598485,1789558491.6469886,1.3093669791840836,0.1013967176254492,0.0036904376666666654,0.001537796151735818,0.0010530371189939368,0.0003853451224801012,0.0009860853749999966,1.3089518415336543,0.09965814377615147,-0.0004151376504293314,-0.0017385738492977365,-0.0017434399782143687,1.0056345573502445,1.0019277625759369e-07,-0.002262362041251033,0.010297032854430855,0.010297032854430855,0.14195254461809273,0.9972088922030937,1.0075731820149732e-07,1.3107931745442056,0.10213551199802137,0.006394789958333334,0.0009216065415843331,0.0023754099929960137,0.0011368660821481774,0.005408704583333337,1.313788648272615,0.09926257056984472,0.00299547372840947,-0.0028729414281766508,-0.0028862107227251945,1.009337825767543,1.63532563117236e-07,0.0008581314377866431,-0.0008127501653965477,-0.0008127501653965477,0.12046878656626087,0.9954025205283644,1.6505960169894446e-07,1.3098439599113316,0.10173744028844536,0.0036904376666666654,-0.000547737582405125,0.0016019385112299167,0.0010038426083104016,-0.0003055678083333374,1.3110147526728246,0.0996795520009302,0.0011707927614930114,-0.0020578882875151583,-0.0020646911844897295,1.006662946730201,-4.993224023181049e-08,-0.0006012002326234653,0.0024907929673986706,0.0024907929673986706,0.1767040163137804,0.99670512615849,-5.0264936088594643e-08]"
/multi_agv/m2b_algorithm_state,1789558491.6570125,1789558491.6570125,m2b_algorithm_state_v1:header6+3x20,"[1.0,-0.15,0.52,1.3119979148655823,0.1017565692824909,1789558491.6569178,1.3103668269886153,0.10139671738312767,0.0036904376666666654,0.001537769051122523,0.001053042919549529,0.00038535385234889346,0.0009860853749999966,1.309855765181704,0.1001114011875431,-0.0005110618069112949,-0.001285316195584571,-0.0012879667173070148,1.0041443265644103,5.4743200952207903e-08,-0.0019267939759461334,0.008922448323762178,0.008922448323762178,0.14195254498789706,0.9979420883421695,5.497007465413499e-08,1.3117930245757936,0.10213550792273514,0.006394789958333334,0.0009216050766070651,0.002375413600958831,0.0011368648402508286,0.005408704583333337,1.314775615118428,0.09926257056984472,0.002982590542634389,-0.0028729373528904173,-0.002886206610114557,1.0093378126031631,1.6353184183613324e-07,0.0008420315681784292,-0.0007561863644524349,-0.0007561863644524349,0.12046878636088074,0.9954025269093217,1.6505887152984916e-07,1.310843808562013,0.10173743362209178,0.0036904376666666654,-0.0005477163576300755,0.0016019440151862976,0.001003830544887594,-0.0003055678083333374,1.3120175923391124,0.09992334146299792,0.0011737837770993131,-0.0018140921590938663,-0.0018193689349417716,1.0058574371000397,-3.879442740567068e-08,-0.00035213921356763017,0.0015059122863826406,0.0015059122863826406,0.17670401561391605,0.9970996669523357,-3.9021663324031453e-08]"
/multi_agv/m2b_algorithm_state,1789558491.667009,1789558491.667009,m2b_algorithm_state_v1:header6+3x20,"[1.0,-0.15,0.52,1.3129976615225207,0.10175656586767225,1789558491.6668954,1.3113635271692152,0.10139676446810224,0.0036904376666666654,0.0015374341889147812,0.0010530809423349376,0.0003854792249673219,0.0009860853749999966,1.3106023172156638,0.10211102897768892,-0.0007612099535514449,0.0007142645095866845,0.0007134582789492897,0.9977485982752405,1.687833217201502e-08,-0.00023805416299001647,0.002062487911784915,0.002062487911784915,0.1419525397067689,1.0011300319320453,1.6840332265851882e-08,1.312789712831365,0.10213553291111288,0.006394789958333334,0.0009215686375938694,0.002375393897348088,0.0011368908858659516,0.005408704583333337,1.3156783559154248,0.10135845016474601,0.002888643084059783,-0.0007770827463668695,-0.0007780382418652406,1.0024664434413035,1.1947205362407494e-08,0.0028327656132094885,-0.00875841579906339,-0.00875841579906339,0.12046878945130458,0.9987719170511715,1.197667246871551e-08,1.3118405045961667,0.10173741046825757,0.0036904376666666654,-0.0005474608328002663,0.0016019605888112918,0.0010037111616363766,-0.0003055678083333374,1.3125631719336466,0.10023005469581935,0.000722667337479832,-0.0015073557724382264,-0.0015109905187471765,1.0048501766504003,-2.676645180759312e-08,-0.0006076563468973865,0.0022732060670877918,0.0022732060670877918,0.17670402603385774,0.9975944612068354,-2.6896273827164372e-08]"
/multi_agv/m2b_algorithm_state,1789558491.6771214,1789558491.6771214,m2b_algorithm_state_v1:header6+3x20,"[1.0,-0.15,0.52,1.3140018418861104,0.10175653411782898,1789558491.676971,1.312363273088269,0.10139676228615165,0.0036904376666666654,0.0015374233369446818,0.001053087978586031,0.00038548026891051766,0.0009860853749999966,1.3117684056043182,0.10300737492249207,-0.0005948674839508783,0.0016106126363404222,0.0016065409892200239,0.9949748937203428,8.576472750973609e-08,0.000862956634281426,-0.0022718252886182347,-0.0022718252886182347,0.14195253987315382,1.002534418447907,8.533375063895382e-08,1.3137894608098182,0.10213552939410998,0.006394789958333334,0.0009215645869837218,0.0023753978618925586,0.0011368905793131961,0.005408704583333337,1.3166691581692247,0.10111983562239708,0.002879697359406519,-0.0010156937717129,-0.0010173291063460643,1.0032325487554197,2.0413889947108544e-08,0.0025822925929120844,-0.0077571572252767285,-0.0077571572252767285,0.12046878933172057,0.9983925215321539,2.0479878841650344e-08,1.3128402506694747,0.10173740592275513,0.0036904376666666654,-0.0005474524552662647,0.0016019648997196104,0.0010037052877187535,-0.0003055678083333374,1.3136180740343033,0.10081131832249172,0.0007778233648285671,-0.0009260876002634005,-0.000927453553779392,1.0029602894040188,-1.0099185686381387e-08,4.482565225631685e-05,-0.0002905416864287306,-0.0002905416864287306,0.17670402565444102,0.9985272000841172,-1.0129082198758e-08]"
/multi_agv/m2b_algorithm_state,1789558491.6870766,1789558491.6870766,m2b_algorithm_state_v1:header6+3x20,"[1.0,-0.15,0.52,1.3150021934903575,0.10175652731665595,1789558491.686986,1.3133674437067908,0.10139669259744792,0.0036904376666666654,0.001537852104778541,0.0010530492905058697,0.0003853145376199658,0.0009860853749999966,1.3128059065351254,0.10242140116148894,-0.000561537171665405,0.0010247085640410214,0.0010230530988162686,0.9967814609271218,3.474029184755991e-08,0.00032113163423451246,-6.890580646891071e-05,-6.890580646891071e-05,0.1419525480234357,1.0016181615858144,3.4628478860845346e-08,1.3147936535205347,0.10213548465201498,0.006394789958333334,0.0009216100501349203,0.002375434903272966,0.0011368516025580117,0.005408704583333337,1.317684757474395,0.09971717131347775,0.0028911039538603855,-0.0024183133385372313,-0.0024276830259204246,1.0078198945623202,1.1583780938680644e-07,0.0011861969164050573,-0.0021733995763721313,-0.0021733995763721313,0.12046878459656413,0.9961404815689887,1.1674364884254142e-07,1.3138444284310056,0.10173742510402403,0.0036904376666666654,-0.0005477787063547586,0.001601953234936294,0.0010038527748855554,-0.0003055678083333374,1.3145880001753134,0.10043451631079765,0.000743571744307836,-0.0013029087932263789,-0.0013056202248839012,1.0041826408788475,-2.000689756972762e-08,-0.00037615554449910616,0.001365275962157122,0.001365275962157122,0.17670400968784145,0.9979232615994721,-2.0090579237361676e-08]"
/multi_agv/m2b_algorithm_state,1789558491.6970332,1789558491.6970332,m2b_algorithm_state_v1:header6+3x20,"[1.0,-0.15,0.52,1.3160043574969975,0.10175650899168087,1789558491.6969156,1.3143677932924995,0.10139668527633793,0.0036904376666666654,0.0015378707946542033,0.0010530496616881096,0.0003853062431138641,0.0009860853749999966,1.313603388316473,0.10155822480472652,-0.0007644049760264782,0.00016153952838859897,0.00016149811719211324,0.9994876068921285,8.638987985522816e-10,-0.0007940081028409844,0.004285476641861294,0.004285476641861294,0.14195254928798653,1.0002564190667094,8.63456142762005e-10,1.315794007456415,0.10213547595864195,0.006394789958333334,0.0009216147509939106,0.0023754418981722925,0.0011368459259580022,0.005408704583333337,1.3186750413236383,0.09971717131347775,0.0028810338672233815,-0.002418304645164196,-0.002427674265667467,1.0078198665976583,1.1583757134299384e-07,0.0011736180683617598,-0.0021291289682012853,-0.0021291289682012853,0.12046878386919989,0.9961404951909004,1.1674340569789279e-07,1.314844779722158,0.10173742071498797,0.0036904376666666654,-0.0005477920073055993,0.001601957018812751,0.0010038565720082281,-0.0003055678083333374,1.3158183155026653,0.1004452637457181,0.0009735357805071843,-0.0012921569692698615,-0.0012948236183442374,1.0041476202076176,-1.9678395108271275e-08,-7.79038927102571e-05,0.0003065852232143739,0.0003065852232143739,0.17670400720373516,0.99794053102168,-1.9760013617475826e-08]"
/multi_agv/m2b_algorithm_state,1789558491.7072814,1789558491.7072814,m2b_algorithm_state_v1:header6+3x20,"[1.0,-0.15,0.52,1.3170082391461133,0.1017564799152283,1789558491.7070067,1.3153699516313169,0.10139665062763824,0.0036904376666666654,0.001538067255414062,0.0010530314081531158,0.00038523057922441547,0.0009860853749999966,1.3146404157459353,0.10243772614079157,-0.0007295358853816047,0.0010410755131533278,0.0010393669535623403,0.9967306616201036,3.5863519286288406e-08,0.0001274470968353344,0.00061392138614356,0.00061392138614356,0.14195255378716565,1.0016438463673794,3.5746269306247585e-08,1.3167961782431243,0.10213545050119571,0.006394789958333334,0.0009216397028805889,0.002375462238380921,0.0011368245285445222,0.005408704583333337,1.3196539030587175,0.09999678881656268,0.00285772481559321,-0.002138661684633031,-0.00214597416029622,1.0068937666735853,9.058249777052112e-08,0.0014261818591952925,-0.0031470628517740835,-0.0031470628517740835,0.12046878122947159,0.9965924679809846,9.120695237486166e-08,1.3158469426165509,0.10173742584620867,0.0036904376666666654,-0.0005479404563992741,0.0016019543273119389,0.0010039223199049233,-0.0003055678083333374,1.316870647899541,0.10084844741198482,0.0010237052829900062,-0.0008889784342238499,-0.0008902367569964283,1.002840471477505,-9.314093922941406e-09,0.0003893948467410794,-0.0015270211572884663,-0.0015270211572884663,0.17670399831854386,0.9985865301980748,-9.340550341068324e-09]"
/multi_agv/m2b_algorithm_state,1789558491.7170105,1789558491.7170105,m2b_algorithm_state_v1:header6+3x20,"[1.0,-0.15,0.52,1.318000289900563,0.10175652620478122,1789558491.7168458,1.3163738241254792,0.10139659171730185,0.0036904376666666654,0.0015384198038763067,0.001052995338928042,0.00038509652398488166,0.0009860853749999966,1.315871675893237,0.10453875595507155,-0.000502148232242261,0.0031421642377696957,0.0031268467214750064,0.9903670116488197,3.262636789264492e-07,0.00249916143117218,-0.008857841502940111,-0.008857841502940111,0.14195256140433943,1.004898710317167,3.2312078470793747e-07,1.317800070694781,0.10213540930876909,0.006394789958333334,0.000921684662321294,0.0023754946460032844,0.0011367881806223223,0.005408704583333337,1.3206462319921919,0.09999678881656268,0.0028461612974108874,-0.0021386204922064084,-0.0021459326879777326,1.0068936345076989,9.058344158947342e-08,0.0014117689337858766,-0.0030962603492900587,-0.0030962603492900587,0.12046877681102827,0.9965925325559886,9.120789072824075e-08,1.3168508226180795,0.101737438719614,0.0036904376666666654,-0.0005482072117139422,0.0016019461940704922,0.0010040421804437425,-0.0003055678083333374,1.3179361966640881,0.10155679242732088,0.0010853740460086136,-0.0001806462922931268,-0.0001806979739183473,1.0005725777945509,-3.8460583410492785e-10,0.0011760195835924198,-0.004639174036628663,-0.004639174036628663,0.1767039834037303,0.9997139889059085,-3.8482605086519105e-10]"
/multi_agv/m2b_algorithm_state,1789558491.7269974,1789558491.7269974,m2b_algorithm_state_v1:header6+3x20,"[1.0,-0.15,0.52,1.3190005872721524,0.10175651952815062,1789558491.7268546,1.3173658895590816,0.10139671454380438,0.0036904376666666654,0.0015375860297188542,0.0010530798965313164,0.00038541395118971687,0.0009860853749999966,1.3169199891479273,0.10629170974775705,-0.0004459004111543319,0.004894995203952673,0.004858315548032569,0.9852938439024713,7.902897323958709e-07,0.004300940034089654,-0.016221421572755138,-0.016221421572755138,0.14195254778581926,1.0075498710525213,7.78667608228983e-07,1.3187921026582108,0.10213547757515556,0.006394789958333334,0.0009216002186796506,0.0023754382729432866,0.001136854111123048,0.005408704583333337,1.3217693628378153,0.10038699438272349,0.002977260179604535,-0.0017484831924320793,-0.0017533564431857528,1.005611208041775,6.052752050061744e-08,0.0019682187813199158,-0.00523987024440313,-0.00523987024440313,0.12046878474917902,0.9972206160517944,6.08671530103992e-08,1.3178428774843967,0.1017373864953837,0.0036904376666666654,-0.0005475702133596202,0.0016019814862357927,0.0010037477034910104,-0.0003055678083333374,1.319073767196134,0.10116570968598165,0.0012308897117372375,-0.0005716768094020525,-0.0005721959284625017,1.0018200618515467,-3.848322928573239e-09,0.0009664162112090452,-0.0037146236931829414,-0.0037146236931829414,0.1767040101705921,0.9990927599540177,-3.855327114327967e-09]"
/multi_agv/m2b_algorithm_state,1789558491.7369874,1789558491.7369874,m2b_algorithm_state_v1:header6+3x20,"[1.0,-0.15,0.52,1.31999551476891,0.10175654688266245,1789558491.7367651,1.3183661852167388,0.10139670547762956,0.0036904376666666654,0.0015376189344272952,0.001053081225877594,0.0003853989966962623,0.0009860853749999966,1.318029760898664,0.10616688985228576,-0.00033642431807479056,0.004770184374656192,0.00473531810626827,0.9856480858710546,7.505930873754165e-07,0.004314787708674782,-0.016207289537059716,-0.016207289537059716,0.1419525489296181,1.0073630255888761,7.398206398396245e-07,1.3197924023902365,0.10213546927604344,0.006394789958333334,0.0009216029492066366,0.0023754453542528253,0.0011368492436784894,0.005408704583333337,1.3227283919612987,0.09980144619769521,0.0029359895710621142,-0.002334023078348235,-0.0023427454205296712,1.0075401425690536,1.078967569839738e-07,0.0013272415432979716,-0.0027085775831679664,-0.0027085775831679664,0.1204687840541477,0.9962768715264572,1.0871031391437149e-07,1.3188431742094815,0.10173738383077884,0.0036904376666666654,-0.0005475941612632057,0.0016019840945421318,0.0010037567272610471,-0.0003055678083333374,1.3200249973760643,0.10037194350520331,0.0011818231665827739,-0.0013654403255755204,-0.001368419677739136,1.0043864889308567,-2.1966920738986624e-08,0.00010885928048933141,-0.0003203814546595544,-0.0003203814546595544,0.17670400786751758,0.9978227789236868,-2.2063278393653195e-08]"
/multi_agv/m2b_algorithm_state,1789558491.7472024,1789558491.7472024,m2b_algorithm_state_v1:header6+3x20,"[1.0,-0.15,0.52,1.3210070929249962,0.10175646706474901,1789558491.7470906,1.3193611218050776,0.101396777652752,0.0036904376666666654,0.00153712274815372,0.0010531372347177812,0.00038558494181969386,0.0009860853749999966,1.3189304487181948,0.1043439222259026,-0.0004306730868828268,0.002947144573150595,0.0029336494345194777,0.990944638033592,2.8682142629149094e-07,0.002395308075915944,-0.00839144191337991,-0.00839144191337991,0.1419525404736111,1.0046001197253918,2.8422415445670007e-07,1.3207873189750396,0.10213551044848818,0.006394789958333334,0.0009215466046607525,0.0023754126183885838,0.0011368906974772025,0.005408704583333337,1.3236672016177025,0.09930798033270849,0.002879882642662812,-0.002827530115779686,-0.0028403788265426136,1.0091855163454988,1.5838874131202443e-07,0.0007594744767859016,-0.000486675392042111,-0.000486675392042111,0.12046878898548313,0.9954764094694484,1.59843623684289e-07,1.3198381035266131,0.10173735254674715,0.0036904376666666654,-0.000547215327388112,0.0016020059060403938,0.0010035811688407412,-0.0003055678083333374,1.3209866414686766,0.10017900858147623,0.0011485379420634878,-0.0015583439652709224,-0.0015622302719733871,1.0050171375927195,-2.859604957087533e-08,-0.00012655784439402737,0.0005973542143378082,0.0005973542143378082,0.17670402448140685,0.9975123342747957,-2.873951988618064e-08]"
/multi_agv/m2b_algorithm_state,1789558491.757027,1789558491.757027,m2b_algorithm_state_v1:header6+3x20,"[1.0,-0.15,0.52,1.3220024651643316,0.10175649239521999,1789558491.7569635,1.3203726752195057,0.10139659126193054,0.0036904376666666654,0.001538314657901258,0.0010530216956246884,0.00038512839110463847,0.0009860853749999966,1.3198133316661766,0.1035468361154288,-0.0005593435533290947,0.0021502448534982538,0.0021430174168242306,0.9933325069046851,1.5289083244826287e-07,0.0014438379751628623,-0.004599894209054073,-0.004599894209054073,0.14195256187340713,1.0033725515328444,1.5187143387857712e-07,1.3217989282571796,0.10213539598223828,0.006394789958333334,0.0009216743349864925,0.0023755059965504532,0.0011367867524677833,0.005408704583333337,1.3246546566170234,0.09930798033270849,0.0028557283598438232,-0.002827415649529791,-0.0028402633287358,1.009185146740479,1.5839794015807054e-07,0.0007293971210689792,-0.0003809043881182106,-0.0003809043881182106,0.12046877652154518,0.9954765887106223,1.5985284848181206e-07,1.320849675298303,0.10173741395007824,0.0036904376666666654,-0.0005481222930190511,0.0016019657729980374,0.0010039951859089637,-0.0003055678083333374,1.3221397488739117,0.101882907221226,0.00129007357560873,0.00014549327114776744,0.0001454598293605739,0.9995405515989527,-2.493890760187778e-10,0.0017580517988714864,-0.0068579002655768575,-0.0068579002655768575,0.17670398245502592,1.0002299039352691,-2.492744946065623e-10]"
/multi_agv/m2b_algorithm_state,1789558491.766945,1789558491.766945,m2b_algorithm_state_v1:header6+3x20,"[1.0,-0.15,0.52,1.322995720806651,0.1017565304953062,1789558491.7668672,1.3213680555585814,0.10139666343355994,0.0036904376666666654,0.0015378119726847579,0.0010530725165866172,0.0003853198517505428,0.0009860853749999966,1.3206891285215754,0.10491718912511035,-0.0006789270370060052,0.0035205256915504107,0.003501352558189527,0.9892539565051699,4.092873561731091e-07,0.0026526937619320203,-0.009595148363727298,-0.009595148363727298,0.14195255419739944,1.0054759219593694,4.0488913644178884e-07,1.3227942898837057,0.10213543380268639,0.006394789958333334,0.0009216261037517659,0.002375474158122337,0.0011368242223992325,0.005408704583333337,1.3254601750162471,0.09952020869284348,0.0026658851325414012,-0.0026152251098429113,-0.0026261991328497664,1.0084754814105257,1.354897146404381e-07,0.0007061572828269851,-0.00039499792706187086,-0.00039499792706187086,0.12046878097877321,0.9958213286762657,1.3663805519819054e-07,1.3218450500507077,0.1017373799494136,0.0036904376666666654,-0.0005477372590571568,0.0016019887636030353,0.001003816326528996,-0.0003055678083333374,1.3229490964793356,0.10046391971415951,0.001104046428627825,-0.001273460235254098,-0.001276049907964054,1.0040867434319427,-1.9110898556752128e-08,0.00010400812782072736,-0.00034455132374890086,-0.00034455132374890086,0.17670399750724902,0.9979705553099504,-1.9188999895907457e-08]"
/multi_agv/m2b_algorithm_state,1789558491.7770681,1789558491.7770681,m2b_algorithm_state_v1:header6+3x20,"[1.0,-0.15,0.52,1.324001797450362,0.10175648633661404,1789558491.7769568,1.3223613236447191,0.10139676247171828,0.0036904376666666654,0.0015371393179991091,0.0010531452093803565,0.00038557361117339765,0.0009860853749999966,1.3219371240765967,0.1057699230505244,-0.00042419956812245196,0.004373160578806129,0.004343767640043071,0.9867820470887726,6.308495031003292e-07,0.003813518179890006,-0.014198025583846734,-0.014198025583846734,0.14195254276549735,1.0067666922355836,6.225109640742778e-07,1.3237875302623836,0.10213549049138755,0.006394789958333334,0.000921552409705941,0.0023754283671977294,0.0011368799882440495,0.005408704583333337,1.326473720154045,0.09960431876414004,0.0026861898916614724,-0.002531171727247511,-0.0025414451286533317,1.0081952843745663,1.2690331983366568e-07,0.0008162922359235087,-0.0008204695398824774,-0.0008204695398824774,0.12046878766517856,0.9959576536632665,1.279433286277791e-07,1.3228383085128503,0.10173733852281278,0.0036904376666666654,-0.0005472235891271636,0.0016020171282643105,0.001003578912129125,-0.0003055678083333374,1.3238079225811454,0.09875486858360105,0.0009696140682950993,-0.0029824699392117238,-0.0029968590956832774,1.0097577283711976,-1.0484384733844654e-07,-0.0017848415103144033,0.007050191788292515,0.007050191788292515,0.1767040200256702,0.9951985875838206,-1.0586688512216641e-07]"
/multi_agv/m2b_algorithm_state,1789558491.787065,1789558491.787065,m2b_algorithm_state_v1:header6+3x20,"[1.0,-0.15,0.52,1.324998898522195,0.10175650016798303,1789558491.7869596,1.3233673869140723,0.1013966610162667,0.0036904376666666654,0.0015377784353526824,0.0010530869657863207,0.00038532687303480793,0.0009860853749999966,1.3229729799564633,0.10465223458263115,-0.0003944069576089504,0.003255573566364453,0.0032391446089506753,0.9900323479868466,3.5006375621019093e-07,0.0027461359119394873,-0.009800517653069538,-0.009800517653069538,0.14195255427966633,1.0050720049263562,3.465744425058704e-07,1.3247936241041773,0.10213542788825819,0.006394789958333334,0.0009216181413294472,0.0023754799614457145,0.0011368246549325056,0.005408704583333337,1.3274541032071252,0.09894822325606949,0.002660479102947866,-0.003187204632188703,-0.0032035745706209557,1.0103960750188188,2.0130897815519054e-07,0.00012202430806387658,0.001912666344308775,0.001912666344308775,0.12046878094126952,0.9948901022681423,2.0340180139405365e-07,1.3238443813328367,0.10173737010531718,0.0036904376666666654,-0.0005477095314591084,0.0016019969349545093,0.0010038000567555395,-0.0003055678083333374,1.3247735722767435,0.09915646284429434,0.0009291909439068657,-0.0025809072610228356,-0.002591649911009552,1.0084058239305513,-7.856129124858041e-08,-0.00143016123112597,0.005634144224017021,0.005634144224017021,0.17670399735211026,0.9958548992512141,-7.922166363057274e-08]"
/multi_agv/m2b_algorithm_state,1789558491.7969542,1789558491.7969542,m2b_algorithm_state_v1:header6+3x20,"[1.0,-0.15,0.52,1.3259955182228786,0.10175651671550491,1789558491.7968626,1.324364492719265,0.10139670206600748,0.0036904376666666654,0.0015374837856244146,0.0010531204388129368,0.0003854371816070061,0.0009860853749999966,1.3237060221913262,0.10242727002327964,-0.0006584705279388814,0.0010305679572721604,0.0010288935802911917,0.9967632735877244,3.513015935001591e-08,0.00020580542036759,0.0003389366418147296,0.0003389366418147296,0.14195254972809832,1.0016273568161393,3.5016452635380264e-08,1.3257907193705212,0.10213544926430337,0.006394789958333334,0.0009215868277295701,0.0023754625449790012,0.0011368472889610598,0.005408704583333337,1.3284394806715922,0.09894822325606949,0.0026487613010710565,-0.003187226008233887,-0.0032035961641761093,1.0103961442704354,2.013048216365749e-07,0.00010735546216271126,0.0019641237421907515,0.0019641237421907515,0.12046878361010697,0.9948900688153894,2.0339761560464302e-07,1.3248414834767983,0.1017373491736382,0.0036904376666666654,-0.0005474836367413628,0.001602011507162572,0.0010036945583042408,-0.0003055678083333374,1.3261637639496375,0.10141134391048737,0.0013222804728392212,-0.00032600526315083866,-0.00032617376571406363,1.001035018941082,-1.2510577656017086e-09,0.0013266768253349629,-0.005105217112544519,-0.005105217112544519,0.1767040063490411,0.999483396333681,-1.2523526340854941e-09]"
/multi_agv/m2b_algorithm_state,1789558491.8071086,1789558491.8071086,m2b_algorithm_state_v1:header6+3x20,"[1.0,-0.15,0.52,1.3270013774598814,0.10175647397371584,1789558491.8069973,1.325361118169699,0.10139674753049499,0.0036904376666666654,0.001537163331547965,0.0010531589727519998,0.00038555604296642296,0.0009860853749999966,1.3245910365671905,0.10116310176130576,-0.0007700816025084656,-0.00023364576918923075,-0.0002337326601654172,1.0007444412953674,1.8069301840221836e-09,-0.0011963346633009993,0.005885697152526315,0.005885697152526315,0.14195254428373985,0.9996282463215668,1.8082753374690155e-09,1.3267873324004305,0.1021354747480187,0.006394789958333334,0.000921548999100694,0.002375442532655425,0.0011368740975413738,0.005408704583333337,1.3293644467881756,0.09875031946309466,0.0025771143877451053,-0.0033851552849240435,-0.003403649421045544,1.011066414213182,2.2710258758332473e-07,-0.00018225643636416225,0.003067113653709068,0.003067113653709068,0.12046878676212384,0.9945663804247444,2.2961579888640724e-07,1.3258381040985066,0.10173732786800105,0.0036904376666666654,-0.0005472385811377549,0.0016020265600914189,0.0010035805041878664,-0.0003055678083333374,1.3270828779806716,0.0997969741092636,0.00124477388216504,-0.0019403537587374536,-0.0019463964021923371,1.0062740721993966,-4.4347587992225616e-08,-0.0003904290494860371,0.0016969385538785956,0.0016969385538785956,0.17670401697905203,0.9968954713191633,-4.462582796115793e-08]"
/multi_agv/m2b_algorithm_state,1789558491.817018,1789558491.817018,m2b_algorithm_state_v1:header6+3x20,"[1.0,-0.15,0.52,1.3279983574914827,0.10175648856344512,1789558491.8168807,1.3263669644551361,0.10139664963688494,0.0036904376666666654,0.0015377793181859437,0.0010531026604007274,0.00038531832659369734,0.0009860853749999966,1.3257100133595774,0.1024308060800583,-0.0006569510955587443,0.0010341564431733674,0.0010324704300591207,0.996752133694523,3.538195166660503e-08,0.00021128156061069026,0.0003180866965714524,0.0003180866965714524,0.14195255544742427,1.0016329892509854,3.526703581796505e-08,1.3277932082560218,0.10213541414637026,0.006394789958333334,0.0009216127713348107,0.002375492388420719,0.0011368205179632385,0.005408704583333337,1.3303503537826427,0.09875031946309466,0.0025571455266208964,-0.003385094683275594,-0.003403588163859521,1.011066217523889,2.2711022571381303e-07,-0.00020715625558340037,0.003154470700196078,0.003154470700196078,0.12046878026781153,0.9945664752333149,2.296234768734616e-07,1.3268439596684867,0.10173735813789234,0.0036904376666666654,-0.0005477068924626357,0.0016020071826016065,0.0010037935819580132,-0.0003055678083333374,1.3279520134637293,0.09851137954692198,0.0011080537952425917,-0.0032259785909703603,-0.003242844270356614,1.0105833707716119,-1.2279045821060267e-07,-0.0018577770263033745,0.0074072955895261375,0.0074072955895261375,0.17670399511153928,0.9947991090597764,-1.240899951570616e-07]"
/multi_agv/m2b_algorithm_state,1789558491.827075,1789558491.827075,m2b_algorithm_state_v1:header6+3x20,"[1.0,-0.15,0.52,1.329004222616412,0.10175644613725238,1789558491.8269835,1.3273639494474747,0.10139669251478838,0.0036904376666666654,0.0015374730448432395,0.0010531370734214287,0.00038543318463145023,0.0009860853749999966,1.3271326029325183,0.10235905920851539,-0.00023134651495637648,0.0009623666937270126,0.0009609058430308534,0.9969751238977531,3.0635597151127107e-08,0.0006717226993353828,-0.001289606626570888,-0.001289606626570888,0.14195255065617465,1.0015202849548208,3.0542928265426596e-08,1.3287901821737986,0.10213543658169202,0.006394789958333334,0.0009215804852548536,0.002375474046947934,0.00113684405474071,0.005408704583333337,1.331664521421119,0.0999012501374317,0.002874339247320279,-0.002234186444260322,-0.0022421725202821452,1.0072094725116607,9.88548910402475e-08,0.0013507515388682034,-0.002837354367763988,-0.002837354367763988,0.12046878306190448,0.9964382419507942,9.956758265984538e-08,1.3278409408531746,0.10173733659385496,0.0036904376666666654,-0.0005474721552695895,0.0016020221184392617,0.0010036840614219317,-0.0003055678083333374,1.3292674129782862,0.09958768129304428,0.0014264721251115997,-0.0021496553008106822,-0.0021570836061205368,1.0069672918609343,-5.4461679307630444e-08,-0.0003739934497310371,0.0017307012875243028,0.0017307012875243028,0.17670400450851917,0.9965563201682228,-5.484112972260331e-08]"
/multi_agv/m2b_algorithm_state,1789558491.8373675,1789558491.8373675,m2b_algorithm_state_v1:header6+3x20,"[1.0,-0.15,0.52,1.329995835491734,0.10175649481502173,1789558491.8371952,1.3283698015666856,0.10139659752786022,0.0036904376666666654,0.0015380672856145985,0.0010530803241502345,0.0003852051215441437,0.0009860853749999966,1.3280816176677355,0.10160789226047295,-0.00028818389895013397,0.00021129473261273513,0.00021122390960070763,0.9993301645379539,1.4781653503348628e-09,-0.00014900596408695983,0.0019722851749667913,0.0019722851749667913,0.14195256181373075,1.0003352982726312,1.4771752227644408e-09,1.3297960635667976,0.10213537624673473,0.006394789958333334,0.0009216458578497778,0.0023755228511563864,0.0011367903284470737,0.005408704583333337,1.3325501223040699,0.09862807601258622,0.0027540587372723024,-0.003507300234148511,-0.00352717144271041,1.011481523461006,2.4383159019580287e-07,-8.45980211200319e-05,0.0027783087055939662,0.0027783087055939662,0.12046877656114402,0.9943662481723233,2.4663114831917034e-07,1.3288468027157532,0.10173736463716217,0.0036904376666666654,-0.0005479233210343667,0.0016020039233891406,0.0010038890920244011,-0.0003055678083333374,1.3303995096671675,0.10112206943573421,0.0015527069514142955,-0.0006152952014279595,-0.0006158967581216432,1.0019599018284637,-4.4609817415775545e-09,0.0013249869311462263,-0.0049650471775461134,-0.0049650471775461134,0.1767039825864083,0.9990232832276656,-4.469724827849616e-09]"
/multi_agv/m2b_algorithm_state,1789558491.8472958,1789558491.8472958,m2b_algorithm_state_v1:header6+3x20,"[1.0,-0.15,0.52,1.3309996222572893,0.10175646546635592,1789558491.8471267,1.3293614301175227,0.10139672349865475,0.0036904376666666654,0.0015372175136843251,0.001053168850680253,0.00038552741875285367,0.0009860853749999966,1.3290353449966685,0.10076860827414813,-0.0003260851208541915,-0.0006281152245066202,-0.0006287450690194239,1.0020102683218897,1.3062858663374963e-08,-0.0010363514700871632,0.0054901270546397485,0.0054901270546397485,0.14195254739946037,0.9989982513679415,1.3089118514339267e-08,1.3307876568453518,0.1021354481017603,0.006394789958333334,0.0009215560073260968,0.002375464060853094,0.0011368598602156665,0.005408704583333337,1.3335773581387413,0.10003350196910629,0.0027897012933895127,-0.002101946132654006,-0.002109007724709961,1.0067726025055075,8.748899051726371e-08,0.00137811889202693,-0.0029947632225964076,-0.0029947632225964076,0.12046878495759494,0.9966516992928863,8.808151867364526e-08,1.3298384195123278,0.10173731284465018,0.0036904376666666654,-0.0005472743030214213,0.0016020389007731731,0.0010035895687088374,-0.0003055678083333374,1.3313796471388417,0.10055383526055037,0.0015412276265138747,-0.0011834775840998124,-0.0011857126934543176,1.0037941084444415,-1.6490618227595036e-08,0.0007408218396880257,-0.0026355699678760032,-0.0026355699678760032,0.17670401089155427,0.9981149654829167,-1.6553185421466414e-08]"
/multi_agv/m2b_algorithm_state,1789558491.8570135,1789558491.8570135,m2b_algorithm_state_v1:header6+3x20,"[1.0,-0.15,0.52,1.331996781492972,0.10175647876845001,1789558491.8569038,1.3303652081858868,0.10139665781332358,0.0036904376666666654,0.0015376236824210855,0.0010531337401557205,0.0003853696224650899,0.0009860853749999966,1.3300825080346834,0.10143751605069096,-0.00028270015120335223,4.085823736738048e-05,4.085558571630327e-05,0.9998702224486554,5.526263975445798e-11,-0.000312519603287887,0.002628839854159005,0.002628839854159005,0.141952554851038,1.0000649030244144,5.5255467904389805e-11,1.331791454941868,0.1021354069312279,0.006394789958333334,0.0009215970289832001,0.002375498053736491,0.0011368243946159456,0.005408704583333337,1.3345725451343204,0.10003350196910629,0.00278109019245254,-0.0021019049621216063,-0.002108966279283595,1.0067724704545484,8.748947160855009e-08,0.0013673964612820801,-0.002956961143948292,-0.002956961143948292,0.12046878064149663,0.9966517638374061,8.808199147010305e-08,1.3308422036441125,0.10173733165451627,0.0036904376666666654,-0.0005475826365607971,0.001602027077438362,0.0010037293716781102,-0.0003055678083333374,1.3323075030337108,0.09956376100131223,0.0014652993895982735,-0.002173570653204046,-0.0021811665337928532,1.0070467071814024,-5.569232680882725e-08,-0.0003495422967950113,0.001654960895697883,0.001654960895697883,0.176703996329584,0.9965175146092129,-5.608477432810003e-08]"
/multi_agv/m2b_algorithm_state,1789558491.8671227,1789558491.8671227,m2b_algorithm_state_v1:header6+3x20,"[1.0,-0.15,0.52,1.3330022416668548,0.10175643881906403,1789558491.86696,1.331362372071334,0.10139669649657548,0.0036904376666666654,0.0015373465975638172,0.0010531662236601402,0.0003854728320253763,0.0009860853749999966,1.3310368232331744,0.10199449219567552,-0.0003255488381594951,0.0005977956991000399,0.0005972304622267881,0.9981132130367896,1.1823021242592272e-08,0.00019029441452741926,0.0005908516460613567,0.0005908516460613567,0.14195255035825954,1.0009464300785065,1.1800713720245989e-08,1.3327886086341976,0.10213542755683168,0.006394789958333334,0.0009215663022779114,0.0023754814236764954,0.0011368463651450084,0.005408704583333337,1.3355103929245886,0.10172515354557744,0.0027217842903910494,-0.0004102740112542358,-0.0004105396138647559,1.001296775985082,3.32943020840023e-09,0.0029916907491240557,-0.009499254013439595,-0.009499254013439595,0.12046878322806588,0.9993530402388704,3.3337477335384897e-09,1.3318393637733847,0.10173731225194287,0.0036904376666666654,-0.0005473702277832312,0.0016020406034678147,0.001003630263167952,-0.0003055678083333374,1.3330902472286763,0.09939193563091353,0.0012508834552915626,-0.0023453766210293353,-0.0023542322542328188,1.007618460867244,-6.48266259098119e-08,-0.0007906279351183655,0.0032832808681376616,0.0032832808681376616,0.17670400504912945,0.9962384198977986,-6.532050502246127e-08]"
/multi_agv/m2b_algorithm_state,1789558491.8770113,1789558491.8770113,m2b_algorithm_state_v1:header6+3x20,"[1.0,-0.15,0.52,1.3339973275155756,0.10175646553477574,1789558491.8768768,1.3323678201021767,0.10139660648363419,0.0036904376666666654,0.0015379100793543265,0.0010531135106050197,0.0003852560023694855,0.0009860853749999966,1.3321201759387176,0.10252901483437507,-0.00024764416345912643,0.0011324083507408822,0.0011303882585873637,0.9964475439552489,4.242497698004555e-08,0.0008208330542634557,-0.001899056482266179,-0.001899056482266179,0.14195256079742782,1.0017870781460902,4.2274264114124365e-08,1.3337940841680525,0.10213537086479964,0.006394789958333334,0.0009216268738678896,0.0023755275035934886,0.0011367961372068386,0.005408704583333337,1.3364087238877072,0.10036066277575637,0.002614639719654699,-0.0017747080890432726,-0.0017797296260524192,1.0056970700428098,6.235971520378757e-08,0.0014885700235159544,-0.003535488267136732,-0.003535488267136732,0.12046877715388443,0.9971784832169791,6.271498286915323e-08,1.3328448207303347,0.10173733910875825,0.0036904376666666654,-0.0005477980826318345,0.0016020232244660978,0.0010038247647507171,-0.0003055678083333374,1.334154885412411,0.1002066727750318,0.001310064682076284,-0.0015306663337264492,-0.0015344150332704132,1.0049264864442153,-2.7618157259302156e-08,0.00010316581932494177,-0.0002265899305214826,-0.0002265899305214826,0.17670398458650255,0.997556919436605,-2.7754217736654315e-08]"
/multi_agv/m2b_algorithm_state,1789558491.88739,1789558491.88739,m2b_algorithm_state_v1:header6+3x20,"[1.0,-0.15,0.52,1.3350029479004781,0.10175642464211047,1789558491.8873236,1.3333629147251636,0.10139667906366903,0.0036904376666666654,0.0015374097683873915,0.00105316674098308,0.00038544518061428296,0.0009860853749999966,1.3331729920736153,0.10258917473234155,-0.00018992265154826882,0.0011924956686725219,0.0011902565336913968,0.996261611710959,4.70293272392836e-08,0.0009528532192560608,-0.002398035307773535,-0.002398035307773535,0.14195255263401313,1.0018812204913345,4.685351335309078e-08,1.334789159045275,0.10213541082566223,0.006394789958333334,0.0009215747076909645,0.002375494589098359,0.0011368358726594613,0.005408704583333337,1.3373063493934303,0.10045617183955244,0.0025171903481553404,-0.0016792389861097906,-0.0016837315393526445,1.005384766637825,5.582428448358156e-08,0.001462756395841531,-0.0034887382170692835,-0.0034887382170692835,0.12046878191577656,0.9973317876764479,5.612488522824921e-08,1.333839908776288,0.10173730671499596,0.0036904376666666654,-0.000547415222905676,0.0016020452014396183,0.0010036473751426555,-0.0003055678083333374,1.3352579017772033,0.10026327593281384,0.0014179930009152741,-0.0014740307821821258,-0.0014775057180010376,1.00474116599934,-2.559332451864916e-08,0.0002949855331430551,-0.0009289105466545843,-0.0009289105466545843,0.17670400063597183,0.997648106686441,-2.571466671866705e-08]"
/multi_agv/m2b_algorithm_state,1789558491.8972766,1789558491.8972766,m2b_algorithm_state_v1:header6+3x20,"[1.0,-0.15,0.52,1.3360028278470244,0.10175642112253229,1789558491.8971248,1.3343685226502147,0.10139658720790286,0.0036904376666666654,0.0015379848280989163,0.001053112237802356,0.00038522426349730187,0.0009860853749999966,1.3339843642483684,0.10282153367792088,-0.0003841584018462463,0.0014249464700180209,0.0014217549452958708,0.9955447234976371,6.716476050998285e-08,0.0009415569429880629,-0.0024653619828310515,-0.0024653619828310515,0.14195256335635353,1.0022447783513677,6.68655229306959e-08,1.3357947950932667,0.10213535271943933,0.006394789958333334,0.0009216374470227481,0.002375541578365725,0.0011367842319865845,0.005408704583333337,1.3382819610310783,0.10250117657503675,0.0024871659378116195,0.00036582385559742747,0.00036561393021059674,0.9988539124389658,2.6458501292479777e-09,0.0034745713524751212,-0.01159365385384977,-0.01159365385384977,0.12046877568313936,1.000574172287992,2.642817753326486e-09,1.334845525957953,0.10173733399898921,0.0036904376666666654,-0.0005478516770408529,0.001602027423486264,0.0010038458117619482,-0.0003055678083333374,1.336182605663791,0.0988000693291212,0.0013370797058380735,-0.0029372646698680033,-0.002951216180416075,1.009604941740871,-1.0180346739687865e-07,-0.001279866548118483,0.005256951327807166,0.005256951327807166,0.17670397961164194,0.9952726233202935,-1.0278128377024433e-07]"
/multi_agv/m2b_algorithm_state,1789558491.9072242,1789558491.9072242,m2b_algorithm_state_v1:header6+3x20,"[1.0,-0.15,0.52,1.3370026892695892,0.10175641770459724,1789558491.907091,1.3353684017398568,0.1013965882891323,0.0036904376666666654,0.0015379494244615712,0.0010531164559697717,0.00038523741550290907,0.0009860853749999966,1.3350194955861694,0.10274059336902008,-0.00034890615368743383,0.0013440050798877862,0.00134116408976276,0.9957939127008661,5.97532858910799e-08,0.0009050313976534678,-0.002297439509411669,-0.002297439509411669,0.14195256376351018,1.0021183016654798,5.950195835421191e-08,1.3367946757574343,0.10213534865647952,0.006394789958333334,0.0009216386238321429,0.0023755437312298344,0.0011367826018417598,0.005408704583333337,1.3395057887733328,0.10395179328719929,0.0027111130158985475,0.0018164446307197685,0.0018113258984735214,0.9944030910754225,6.5164992331115e-08,0.0052002171683467055,-0.01847692568490405,-0.01847692568490405,0.12046877543347384,1.0028259587358415,6.480026980396695e-08,1.3358454060437819,0.10173732642198499,0.0036904376666666654,-0.0005478224086150727,0.0016020325728856588,0.0010038304460778637,-0.0003055678083333374,1.3367180916152122,0.09765894010056529,0.0008726855714302761,-0.0040783863214197,-0.004105516205531932,1.0135085559876422,-1.964004023259969e-07,-0.0030146592412440866,0.011806859812953744,0.011806859812953744,0.1767039787836133,0.9933918458108444,-1.990534881568131e-07]"
/multi_agv/m2b_algorithm_state,1789558491.9172313,1789558491.9172313,m2b_algorithm_state_v1:header6+3x20,"[1.0,-0.15,0.52,1.3380023778511223,0.10175641536883367,1789558491.9170787,1.336368262383276,0.1013965893091185,0.0036904376666666654,0.0015379148601277993,0.0010531209372963701,0.0003852500668196481,0.0009860853749999966,1.336069010154296,0.10306160144134269,-0.0002992522289799737,0.0016650121322241834,0.0016606625819384848,0.994808383271284,9.16818055523096e-08,0.0012865972957135177,-0.003809308789826797,-0.003809308789826797,0.14195256413420557,1.0026191655866787,9.120582875688534e-08,1.3377945378615677,0.1021353447748681,0.006394789958333334,0.0009216393788227268,0.0023755457759353504,0.0011367812108126346,0.005408704583333337,1.3407029509254285,0.10271995502673106,0.002908413063860804,0.0005846102518629603,0.0005840750343165732,0.9981730526237994,6.7559741954764945e-09,0.004219591364142578,-0.01435198873594616,-0.01435198873594616,0.12046877519353154,1.0009163506654815,6.74363138614639e-09,1.336845267563924,0.10173731902980507,0.0036904376666666654,-0.0005477937067779001,0.0016020375783650353,0.001003815400859506,-0.0003055678083333374,1.3378345905945328,0.09920954616473605,0.0009893230306088352,-0.002527772865069014,-0.0025380736132541047,1.008227844537411,-7.536883013553387e-08,-0.0013014198249930607,0.005158643333137286,0.005158643333137286,0.17670397798803794,0.9959415092882653,-7.598895315285559e-08]"
/multi_agv/m2b_algorithm_state,1789558491.927159,1789558491.927159,m2b_algorithm_state_v1:header6+3x20,"[1.0,-0.15,0.52,1.3390007126174852,0.10175642159208804,1789558491.9270296,1.3373679505714564,0.10139659261109349,0.0036904376666666654,0.001537865878178656,0.0010531272496316457,0.0003852680152344216,0.0009860853749999966,1.337616225093255,0.10283614700456892,0.0002482745217986526,0.0014395543934754285,0.001436297458521159,0.9954998009105036,6.854287272539772e-08,0.0017466406107694748,-0.005344717530114239,-0.005344717530114239,0.14195256421628977,1.0022675908356915,6.823441615196743e-08,1.3387942267087412,0.10213534249750657,0.006394789958333334,0.0009216380180943357,0.002375546572856324,0.0011367813860186787,0.005408704583333337,1.3415037310948852,0.10151328494023851,0.002709504386144035,-0.0006220575572680603,-0.0006226691255095558,1.0019709219556738,7.655614889362243e-09,0.0027642113571704876,-0.008590474493385196,-0.008590474493385196,0.12046877516128325,0.9990178279017848,7.67070350883187e-09,1.3378449562731696,0.10173731099790097,0.0036904376666666654,-0.0005477539739630146,0.0016020429982990022,0.0010037953584760085,-0.0003055678083333374,1.3394271208027426,0.09962990138553468,0.001582164529573049,-0.002107409612366287,-0.002114546543575664,1.0068271135858158,-5.2367613509206656e-08,-0.00013684088160935285,0.0008763263604420319,0.0008763263604420319,0.1767039778593476,0.9966248408052024,-5.272513315485211e-08]"
/multi_agv/m2b_algorithm_state,1789558491.9372904,1789558491.9372904,m2b_algorithm_state_v1:header6+3x20,"[1.0,-0.15,0.52,1.3400089655565324,0.1017563641305526,1789558491.9370978,1.338366287710905,0.10139661589683129,0.0036904376666666654,0.001537687389321394,0.0010531474684599028,0.00038533486658840757,0.0009860853749999966,1.3386546839532305,0.10294982953055566,0.00028839624232546157,0.0015532136337243763,0.0015494253678368884,0.9951507900223177,7.977779353301163e-08,0.0019099206707437154,-0.005981755602705218,-0.005981755602705218,0.14195256187186717,1.0024449489250176,7.939093426061388e-08,1.3397925584283215,0.10213535270496447,0.006394789958333334,0.0009216214134944627,0.002375537432508734,0.0011367933386292745,0.005408704583333337,1.342515054252217,0.10151328494023851,0.00272249582389561,-0.000622067764725967,-0.0006226793530007731,1.0019709542524313,7.655727903554906e-09,0.002780440426868739,-0.008647973312673907,-0.008647973312673907,0.1204687765330865,0.999017811861179,7.670816993021875e-09,1.3388432917132291,0.10173729617446839,0.0036904376666666654,-0.0005476156577132363,0.0016020529903057364,0.0010037302050180472,-0.0003055678083333374,1.3403701137209922,0.0983753136508955,0.0015268220077631067,-0.003361982523572893,-0.0033803190719304626,1.0110464451925247,-1.3335147336129095e-07,-0.0014717915622265792,0.006110337642809499,0.006110337642809499,0.17670398250246816,0.9945754977659259,-1.3482453310311887e-07]"
/multi_agv/m2b_algorithm_state,1789558491.947259,1789558491.947259,m2b_algorithm_state_v1:header6+3x20,"[1.0,-0.15,0.52,1.3410032971218373,0.10175639639150262,1789558491.9471598,1.3393745228789449,0.10139648631940405,0.0036904376666666654,0.0015385058200991395,0.001053065464355728,0.00038502276182360794,0.0009860853749999966,1.3396700451486978,0.1024424568178148,0.0002955222697529347,0.0010459704984107504,0.0010442458944271333,0.9967154655997568,3.621178402365178e-08,0.0014136487316183017,-0.0039706326964892725,-0.0039706326964892725,0.1419469751221456,1.0016515305377984,3.609284517333192e-08,1.3408008332049934,0.10213527037352381,0.006394789958333334,0.0009217149104289897,0.002375602945383193,0.0011367187289136604,0.005408704583333337,1.3436231492116786,0.10293790013221633,0.002822316006685144,0.0008026297586925246,0.0008016225784642848,0.9974979731303372,1.2733688451819077e-08,0.004329517586820715,-0.01485308937835322,-0.01485308937835322,0.12046525337076157,1.0012564269711182,1.270182842116271e-08,1.3398515405856588,0.1017373356987299,0.0036904376666666654,-0.0005482363770782637,0.0016020265266546109,0.001004013032841213,-0.0003055678083333374,1.3411622684608828,0.09667286364913087,0.001310727875224016,-0.005064472049599034,-0.005106618629909986,1.0169609412972525,-3.032656054896645e-07,-0.0034682087858799665,0.013777350799391559,0.013777350799391559,0.17669302045332905,0.9917466755664706,-3.084092756218504e-07]"
/multi_agv/m2b_algorithm_state,1789558491.957197,1789558491.957197,m2b_algorithm_state_v1:header6+3x20,"[1.0,-0.15,0.52,1.342000171026645,0.10175641196993664,1789558491.9570653,1.3403688648204328,0.10139657589796695,0.0036904376666666654,0.0015378898453754382,0.0010531260131059206,0.00038525826932932715,0.0009860853749999966,1.3406703539343223,0.10238435221058031,0.00030148911388949706,0.0009877763126133615,0.000986237595161621,0.9968961513363395,3.228288939390917e-08,0.0013630989875234923,-0.003763800080974327,-0.003763800080974327,0.1419525677650318,1.001560189410026,3.218268819080478e-08,1.341795151124365,0.10213531811872716,0.006394789958333334,0.0009216568765285111,0.002375562007582932,0.0011367651816736324,0.005408704583333337,1.3442654099708558,0.10221243250565695,0.0024702588464906583,7.711438692979689e-05,7.710503833889993e-05,0.999757610767834,1.1759504522940563e-10,0.0031649285964522227,-0.010351580729072034,-0.010351580729072034,0.12046877308699985,1.000121244877097,1.1756654145668595e-10,1.3408458754207144,0.10173729515781373,0.0036904376666666654,-0.0005477637564699407,0.0016020531849789132,0.0010037942995429058,-0.0003055678083333374,1.3421192585646626,0.09658421627814087,0.0012733831439482035,-0.005153078879672854,-0.005196742238852889,1.0172747962742512,-3.137162154723332e-07,-0.0036050133089176343,0.01428870942884573,0.01428870942884573,0.17670397087609313,0.9915979363275726,-3.191355991825469e-07]"
/multi_agv/m2b_algorithm_state,1789558491.9672933,1789558491.9672933,m2b_algorithm_state_v1:header6+3x20,"[1.0,-0.15,0.52,1.3429992634234633,0.10175641314494034,1789558491.9672062,1.341365744143633,0.10139662142350545,0.0036904376666666654,0.001537566686270231,0.0010531612764009602,0.0003853800044462364,0.0009860853749999966,1.3413266193438809,0.10172636679292549,-3.912479975221039e-05,0.0003297453694200425,0.0003295730378959014,0.9989560652827869,3.5985315835440603e-09,0.00028066703820563843,0.00039149585937690986,0.00039149585937690986,0.14195256280717486,1.000522893271978,3.594774951493011e-09,1.3427920182678044,0.10213534196162728,0.006394789958333334,0.0009216240227902352,0.002375541723478314,0.0011367899750719668,0.005408704583333337,1.3451409027540546,0.10134155694410979,0.002348884486250258,-0.0007937850175174926,-0.0007947821574983436,1.0025199413728811,1.2467202220833141e-08,0.0021413234503144785,-0.006302529805377019,-0.006302529805377019,0.12046877598903517,0.998745392090847,1.2498618839513494e-08,1.3418427506684973,0.10173727252467715,0.0036904376666666654,-0.0005475149030391619,0.001602068265047541,0.001003678585027382,-0.0003055678083333374,1.343075743241703,0.09976305366183653,0.001232992573205749,-0.001974218862840618,-0.0019804758783452925,1.0063860215223117,-4.5933319136872085e-08,-0.00043923516183810634,0.001883579457588721,0.001883579457588721,0.17670398067888968,0.9968406504855278,-4.622665030147136e-08]"
/multi_agv/m2b_algorithm_state,1789558491.9772327,1789558491.9772327,m2b_algorithm_state_v1:header6+3x20,"[1.0,-0.15,0.52,1.3440007441657034,0.1017563990317822,1789558491.9771278,1.3423648375485566,0.10139663038786344,0.0036904376666666654,0.00153748477837051,0.0010531740912813172,0.00038540884273139883,0.0009860853749999966,1.3423242211571862,0.10156416683320056,-4.061639137042938e-05,0.0001675364453371242,0.0001674919043996499,0.9994686208630851,9.289943909258812e-10,0.00011672141518661317,0.0010474461975996771,0.0010474461975996771,0.14195256181281277,1.000265928897483,9.285007426882322e-10,1.3437911097202067,0.10213534502860058,0.006394789958333334,0.0009216143289714606,0.0023755388902302332,0.001136795650980682,0.005408704583333337,1.3461500040107335,0.10134155694410979,0.002358894290526825,-0.000793788084490793,-0.0007947852321586589,1.002519951092222,1.2467167279740425e-08,0.0021538326309998726,-0.006346821488199594,-0.006346821488199594,0.12046877656848853,0.9987453872725369,1.2498583931543922e-08,1.3428418430016265,0.10173726401835705,0.0036904376666666654,-0.0005474502009657372,0.0016020740948727522,0.0010036475060834268,-0.0003055678083333374,1.3442419413578708,0.10084387407504754,0.001400098356244328,-0.0008933899433095083,-0.0008946608310401006,1.002854716247588,-9.398383441174987e-09,0.0008554621142653095,-0.0031738360565399058,-0.0031738360565399058,0.17670398260967313,0.9985794753872093,-9.425213159085571e-09]"
/multi_agv/m2b_algorithm_state,1789558491.9871936,1789558491.9871936,m2b_algorithm_state_v1:header6+3x20,"[1.0,-0.15,0.52,1.3450008547652423,0.10175639383348672,1789558491.9870896,1.3433663144734205,0.10139660237704767,0.0036904376666666654,0.0015376444949467432,0.001053162379078286,0.00038534570360537214,0.0009860853749999966,1.3433320246564646,0.10150803629810896,-3.428981695585698e-05,0.0001114339210612908,0.00011141420772050655,0.9996463370442805,4.110471535256753e-10,6.855193652568533e-05,0.001244025899359428,0.001244025899359428,0.14195256510073323,1.0001769374049105,4.1090178137441933e-10,1.3447925955218887,0.1021353258874449,0.006394789958333334,0.0009216309110249331,0.0023755540685557186,0.0011367805669880993,0.005408704583333337,1.3472787409493097,0.10053254050366656,0.0024861454274209827,-0.001602785383778338,-0.001606875801650081,1.0051351570689788,5.085732407623795e-08,0.0015008059826261474,-0.0036584522490484706,-0.0036584522490484706,0.12046877465531508,0.9974544281097876,5.111848442347739e-08,1.3438433225018012,0.10173726883085402,0.0036904376666666654,-0.0005475695706768104,0.0016020710237276588,0.0010037008465093034,-0.0003055678083333374,1.3451795860449545,0.09960169840951943,0.0013362635431533043,-0.0021355704213345816,-0.002142900929138328,1.0069205467558116,-5.375941775620762e-08,-0.0004725715001966976,0.0020717000275372005,0.0020717000275372005,0.17670397615821762,0.9965791662581928,-5.413146232035466e-08]"
/multi_agv/m2b_algorithm_state,1789558491.997227,1789558491.997227,m2b_algorithm_state_v1:header6+3x20,"[1.0,-0.15,0.52,1.345997389313111,0.10175641132928277,1789558491.9970503,1.3443664240052244,0.10139659668399567,0.0036904376666666654,0.0015376575076618952,0.001053164538683403,0.0003853389396961421,0.0009860853749999966,1.3444047973442161,0.10116491463140699,3.837333899170403e-05,-0.00023168205258868035,-0.00023176748802708664,1.0007381695711832,1.7772544789576808e-09,-0.0001838008142874566,0.002293793184178674,0.002293793184178674,0.141952565934156,0.9996313743608581,1.7785663941342965e-09,1.3457927076018663,0.10213531961160065,0.006394789958333334,0.0009216330383551054,0.0023755585098717003,0.001136777334341768,0.005408704583333337,1.3482568889360016,0.10024501012914083,0.0024641813341352847,-0.001890309482459815,-0.0018960115126685614,1.0060761257989301,7.075420240049547e-08,0.0011842151550005445,-0.0024086781794645587,-0.0024086781794645587,0.12046877415708872,0.9969926183619418,7.118411383508385e-08,1.3448434326886365,0.10173726520486386,0.0036904376666666654,-0.0005475770105940691,0.0016020734810533455,0.0010037027931192582,-0.0003055678083333374,1.3459396805498132,0.09750826990760364,0.0010962478611766802,-0.004228995297260216,-0.00425819904214796,1.0140310936702635,-2.110989158347433e-07,-0.00288788921567711,0.011423874426654204,0.011423874426654204,0.17670397450190573,0.9931417614351317,-2.1406086449651164e-07]"
/multi_agv/m2b_algorithm_state,1789558492.007229,1789558492.007229,m2b_algorithm_state_v1:header6+3x20,"[1.0,-0.15,0.52,1.3469977879978006,0.10175640394359864,1789558492.0070858,1.3453629646947705,0.10139664508253331,0.0036904376666666654,0.0015373183902851074,0.0010532031689478574,0.0003854658407999251,0.0009860853749999966,1.3454313256238444,0.10116491463140699,6.836092907391844e-05,-0.0002317304511263163,-0.00023181592223878706,1.0007383236971055,1.7776046393365076e-09,-0.000146364760896389,0.0021606867958473734,0.0021606867958473734,0.14195256035293027,0.9996312974896403,1.7789170869658144e-09,1.3467892347879529,0.10213534633020649,0.006394789958333334,0.0009215957138502184,0.00237553642452637,0.0011368050027711213,0.005408704583333337,1.3492740828728929,0.10024501012914083,0.0024848480849399834,-0.0018903362010656566,-0.0018960383915574636,1.0060762113297803,7.075332970768095e-08,0.0012100217146175157,-0.002499701502663868,-0.002499701502663868,0.12046877741500596,0.9969925764598454,7.118324189127044e-08,1.345839968456609,0.10173724257510855,0.0036904376666666654,-0.0005473164061837537,0.0016020886998624811,0.0010035819127828089,-0.0003055678083333374,1.3469291045702105,0.09750826990760364,0.0010891361136016187,-0.00422897266750491,-0.004258176103719742,1.0140310192487083,-2.1099620987907253e-07,-0.0028967559617177185,0.011455119276509646,0.011455119276509646,0.17670398547089422,0.9931417969798569,-2.139567017612903e-07]"
/multi_agv/m2b_algorithm_state,1789558492.0174031,1789558492.0174031,m2b_algorithm_state_v1:header6+3x20,"[1.0,-0.15,0.52,1.3480011905190634,0.10175637744900186,1789558492.0172021,1.346363361773467,0.10139663188376825,0.0036904376666666654,0.0015373836726214718,0.0010532024617998293,0.0003854379111073083,0.0009860853749999966,1.3463130472488223,0.10051191937557027,-5.03145246446568e-05,-0.0008847125081979795,-0.0008859645012981292,1.0028397438044065,2.592313685092398e-08,-0.0009488576571039502,0.005292187610042583,0.005292187610042583,0.1419525617020127,0.9985868586175686,2.5996751918187174e-08,1.34778963602395,0.10213533702910822,0.006394789958333334,0.0009215997844819563,0.0023755440784480886,0.0011367992565287227,0.005408704583333337,1.3503076980229218,0.10022558057073594,0.0025180619989717545,-0.0019097564583722831,-0.0019155772703969378,1.0061399864208849,7.221580355657323e-08,0.0012320002283177553,-0.002568260667005729,-0.002568260667005729,0.1204687766178921,0.9969613274731285,7.265920760978387e-08,1.3468403661959851,0.10173724291791947,0.0036904376666666654,-0.0005473642177400528,0.0016020887473798158,0.0010036026127798687,-0.0003055678083333374,1.3482973580659452,0.10237781974751646,0.001456991869960067,0.0006405768295969921,0.000639931004877717,0.9979885208482229,-4.82593478193756e-09,0.0024611708423278008,-0.009592957557940448,-0.009592957557940448,0.17670398278304236,1.0010092099216206,-4.816227514735856e-09]"
/multi_agv/m2b_algorithm_state,1789558492.027334,1789558492.027334,m2b_algorithm_state_v1:header6+3x20,"[1.0,-0.15,0.52,1.3490006055194108,0.10175637679907211,1789558492.0272248,1.3473667565645269,0.10139657365317975,0.0036904376666666654,0.001537741605921252,0.001053170665029723,0.00038529929943417686,0.0009860853749999966,1.3473248003297686,0.10051191937557027,-4.195623475822252e-05,-0.0008846542776094757,-0.000885906106339703,1.0028395572546913,2.592576502723084e-08,-0.0009383513997874811,0.0052553404168353916,0.0052553404168353916,0.14195256842997775,0.9985869510083868,2.5999382721397334e-08,1.3487930484917277,0.10213529987204212,0.006394789958333334,0.0009216377665455687,0.0023755739179929236,0.0011367672691207364,0.005408704583333337,1.3513165688171724,0.10022558057073594,0.0025235203254447836,-0.0019097193013061786,-0.0019155398881185795,1.0061398674534312,7.221598003274937e-08,0.0012388605186874,-0.002592428611413427,-0.002592428611413427,0.12046877268903626,0.9969613857437769,7.26593765781701e-08,1.3478437665009355,0.10173725882178375,0.0036904376666666654,-0.0005476347229203264,0.0016020782688827232,0.0010037253187842642,-0.0003055678083333374,1.3493278933019015,0.10237781974751646,0.0014841268009659903,0.0006405609257327111,0.0006399151331432634,0.9979885708594632,-4.828079697775536e-09,0.002495073634350751,-0.00971384529833292,-0.00971384529833292,0.17670396954685122,1.0010091847434137,-4.818368357578596e-09]"
/multi_agv/m2b_algorithm_state,1789558492.037335,1789558492.037335,m2b_algorithm_state_v1:header6+3x20,"[1.0,-0.15,0.52,1.3499998987751123,0.10175637686673016,1789558492.0372307,1.3483661718677777,0.1013965794201654,0.0036904376666666654,0.0015376795814539754,0.0010531795268903014,0.0003853215751610014,0.0009860853749999966,1.3486881745470236,0.10179459301516885,0.00032200267924586967,0.0003980135950034519,0.00039776264985744755,0.9987409131504993,5.242937597794334e-09,0.0008002659989147846,-0.0014865877889845896,-0.0014865877889845896,0.14195256802814996,1.0006308916789806,5.236336284012198e-09,1.3497924631367686,0.10213530009830685,0.006394789958333334,0.0009216329816663536,0.0023755728520726827,0.0011367698977041985,0.005408704583333337,1.3523737483280946,0.09854429713334244,0.002581285191326055,-0.00359100296496441,-0.0036118471578248557,1.0117666329015607,2.556186141444697e-07,-0.00038524066866728714,0.003868477032974927,0.003868477032974927,0.1204687729404287,0.994228938282926,2.5862638453991335e-07,1.3488431815536868,0.10173725087874409,0.0036904376666666654,-0.0005475849591481305,0.0016020835154817005,0.0010037010184838538,-0.0003055678083333374,1.3501548936600127,0.09995422267024649,0.0013117121063259685,-0.0017830282084976001,-0.001788124631234496,1.0057551290300892,-3.7467463232058876e-08,-0.0001484844983270354,0.0007739909843232449,0.0007739909843232449,0.1767039704005061,0.9971498503807437,-3.76830933173895e-08]"
/multi_agv/m2b_algorithm_state,1789558492.0473418,1789558492.0473418,m2b_algorithm_state_v1:header6+3x20,"[1.0,-0.15,0.52,1.3510005622957963,0.1017563681522759,1789558492.0472145,1.3493654656926681,0.10139658643087604,0.0036904376666666654,0.0015376101815448213,0.0010531896515693518,0.0003853463910113873,0.0009860853749999966,1.3497465674325988,0.10206983629979535,0.0003811017399306671,0.0006732498689193123,0.0006725333465228079,0.9978768824757696,1.4997771748688653e-08,0.0011489105214361416,-0.0028543033718804937,-0.0028543033718804937,0.1419525673947828,1.001065407983424,1.4965929716664605e-08,1.3507917557929878,0.10213530139995006,0.006394789958333334,0.0009216265997127595,0.00237557105362729,0.0011367735996597461,0.005408704583333337,1.353490057083392,0.09982634302665463,0.0026983012904042702,-0.002308958373295422,-0.0023174927847765064,1.0074570724699288,1.0559289598419605e-07,0.0010553838282288315,-0.0017629328983381591,-0.0017629328983381591,0.12046877331103922,0.9963173945838597,1.0638030986185985e-07,1.3498424748396802,0.10173724276936433,0.0036904376666666654,-0.000547529650477952,0.0016020889050341151,0.0010036742402917105,-0.0003055678083333374,1.3510886599213021,0.10067029100597476,0.0012461850816218867,-0.0010669517633895703,-0.0010687668007338476,1.003416028039478,-1.3408336733142229e-08,0.0004889645512935108,-0.0017982751693926336,-0.0017982751693926336,0.17670397164396937,0.998301746140476,-1.3454139987385404e-08]"
/multi_agv/m2b_algorithm_state,1789558492.0574517,1789558492.0574517,m2b_algorithm_state_v1:header6+3x20,"[1.0,-0.15,0.52,1.3519997420902203,0.1017563689645236,1789558492.0572584,1.3503661270282072,0.10139657202616204,0.0036904376666666654,0.0015376809878425257,0.00105318573381501,0.00038531773688673656,0.0009860853749999966,1.3504340682732583,0.10159348716229738,6.794124505105081e-05,0.00019691513613534495,0.00019685361806682462,0.9993756477553043,1.2835099550657534e-09,0.0002817801743806381,0.0004479974819318244,0.0004479974819318244,0.1419525692064423,1.000312506669293,1.2827085927442188e-09,1.351792422173253,0.10213528995917207,0.006394789958333334,0.0009216351725216832,0.0023755796323698952,0.001136765420688482,0.005408704583333337,1.3544843065962318,0.09982634302665463,0.002691884422978852,-0.0023089469325174306,-0.002317481260004579,1.0074570357044639,1.0559283648422613e-07,0.0010473742687189857,-0.00173472949795199,-0.00173472949795199,0.12046877223563568,0.9963174125139931,1.0638024603602462e-07,1.3508431376859287,0.10173724247149361,0.0036904376666666654,-0.000547581155293774,0.0016020890796464293,0.0010036964750576565,-0.0003055678083333374,1.3522275224317082,0.10278477185536831,0.00138438474577951,0.0010475293838747013,0.001045807667561612,0.9967258945083504,-1.2906756390165694e-08,0.0027762885997859995,-0.010912372954355723,-0.010912372954355723,0.17670396801467286,1.0016463030120095,-1.2864498308189269e-08]"
/multi_agv/m2b_algorithm_state,1789558492.0674067,1789558492.0674067,m2b_algorithm_state_v1:header6+3x20,"[1.0,-0.15,0.52,1.3529996449601436,0.1017563651026705,1789558492.0672486,1.3513653076329486,0.101396580764819,0.0036904376666666654,0.0015376005727271197,0.0010531969253380516,0.0003853467724989235,0.0009860853749999966,1.351392150576775,0.10132530134896524,2.6842943826377308e-05,-7.127941585376163e-05,-7.128749293533334e-05,1.0002266926622743,1.6820093299183636e-10,-3.77338131523617e-05,0.0017035901294174514,0.0017035901294174514,0.14195256837442988,0.9998866970735101,1.682390629091333e-10,1.3527916010678926,0.10213529232996432,0.006394789958333334,0.0009216276255409423,0.00237557693301671,0.0011367700963222094,0.005408704583333337,1.355226291677133,0.09783474886848179,0.0024346906092402865,-0.004300543461482537,-0.004330599203185009,1.014204494547827,3.667717436706332e-07,-0.0012872359416346508,0.007328040869592186,0.007328040869592186,0.12046877273539268,0.9930596805909983,3.7198155090389976e-07,1.35184231756982,0.10173723379878744,0.0036904376666666654,-0.0005475174181632076,0.0016020948117473344,0.0010036658652096912,-0.0003055678083333374,1.3533104414870172,0.10404998281762437,0.001468123917197195,0.002312749018836935,0.00230443705477708,0.9928754001326595,-6.284767536964963e-08,0.0041395919512735736,-0.016408693038241322,-0.016408693038241322,0.17670396966441743,1.003606939075478,-6.239991083004837e-08]"
/multi_agv/m2b_algorithm_state,1789558492.077194,1789558492.077194,m2b_algorithm_state_v1:header6+3x20,"[1.0,-0.15,0.52,1.3539993067599685,0.1017563627792421,1789558492.077079,1.3523652098699175,0.1013965777907164,0.0036904376666666654,0.0015375973082665923,0.0010532007228106093,0.00038534621220331867,0.0009860853749999966,1.352485843722097,0.1023569187544242,0.00012063385217953027,0.0009603409637077981,0.0009588862319459751,0.9969814166965486,3.050928648954578e-08,0.0011096785471703878,-0.0028485320817052246,-0.0028485320817052246,0.1419525688322189,1.0015171056934156,3.041719166674822e-08,1.3537915049068927,0.10213528793983243,0.006394789958333334,0.0009216277925528146,0.0023755798402476103,0.0011367685114857529,0.005408704583333337,1.3562032396397352,0.09783474886848179,0.0024117347328425076,-0.00430053907135064,-0.004330594752465454,1.014204480178046,3.6677106768209303e-07,-0.0013159263364123193,0.00742830654662193,0.00742830654662193,0.12046877246174822,0.9930596874487727,3.719808600428641e-07,1.3528422201036203,0.1017372295774627,0.0036904376666666654,-0.0005475125231616689,0.0016020976009829893,0.0010036622923780716,-0.0003055678083333374,1.354253860821197,0.1030084121093254,0.001411640717576601,0.0012711825318627024,0.0012686514482042925,0.9960369998386813,-1.900098175304238e-08,0.0030332023451750435,-0.011937373310483688,-0.011937373310483688,0.1767039687724443,1.00199509775675,-1.892568085928986e-08]"
/multi_agv/m2b_algorithm_state,1789558492.0873144,1789558492.0873144,m2b_algorithm_state_v1:header6+3x20,"[1.0,-0.15,0.52,1.3550000057331923,0.10175635383544912,1789558492.087188,1.3533648715269442,0.10139657843345178,0.0036904376666666654,0.001537570655236911,0.0010532069345826835,0.0003853545341802652,0.0009860853749999966,1.3536264244111946,0.10394270793516774,0.00026155288425044887,0.0025461295017159685,0.002536026228746952,0.9921406788613507,2.142042458599609e-07,0.0028629673340600133,-0.009870720217518711,-0.009870720217518711,0.1419525688704182,1.0039838992414556,2.1252074590248529e-07,1.354791167076613,0.10213528578032524,0.006394789958333334,0.0009216253262362183,0.002375580949933731,0.0011367690032493827,0.005408704583333337,1.3572233056533831,0.09863336601121037,0.0024321385767700487,-0.003501919769114875,-0.003521729275129831,1.0114632290165566,2.4307791598140476e-07,-0.00048155605416727023,0.004167393389562252,0.004167393389562252,0.12046877244789592,0.9943750627980267,2.458643738011669e-07,1.3538418816763482,0.10173722412394932,0.0036904376666666654,-0.0005474898249248684,0.0016021012088246476,0.0010036505765891788,-0.0003055678083333374,1.3550673227397214,0.10195703744952081,0.0012254410633731894,0.0002198133255714857,0.00021973703552869488,0.9993064441993263,-5.685595212624192e-10,0.0017515383647451815,-0.006869237423189031,-0.006869237423189031,0.17670396874827451,1.0003471879130763,-5.681651935084195e-10]"
/multi_agv/m2b_algorithm_state,1789558492.0972116,1789558492.0972116,m2b_algorithm_state_v1:header6+3x20,"[1.0,-0.15,0.52,1.3560007477978602,0.10175634471503138,1789558492.0971036,1.354365568264796,0.10139656310869245,0.0036904376666666654,0.0015376483327557752,0.0010532024682150076,0.0003853231870010543,0.0009860853749999966,1.354190563330714,0.10280174176164576,-0.00017500493408184603,0.0014051786529533095,0.0014020745972591407,0.9956055370272155,6.530083484270681e-08,0.0011833184296568332,-0.0033189655107253606,-0.0033189655107253606,0.14195257076212356,1.0022139019565983,6.501387274189862e-08,1.3557918690110953,0.1021352739960693,0.006394789958333334,0.0009216343229113185,0.002375589833708558,0.0011367604818604965,0.005408704583333337,1.3581268968481601,0.09888579194957216,0.0023350278370648514,-0.0032494820464971375,-0.0032665060167013614,1.010606680055837,2.0926499490915828e-07,-0.00034772122037029715,0.0035883651625345098,0.0035883651625345098,0.12046877134527716,0.9947883242470142,2.114846017570461e-07,1.354842579923686,0.10173722440158564,0.0036904376666666654,-0.0005475465768627961,0.0016021009700386887,0.0010036753008615586,-0.0003055678083333374,1.3560748685855963,0.10245827950482896,0.0012322886619102746,0.0007210551032433149,0.0007202373096229745,0.9977378881128904,-6.116397783629864e-09,0.0022605981370108176,-0.008918127284613282,-0.008918127284613282,0.17670396501079244,1.001135450232047,-6.1025618074972245e-09]"
/multi_agv/m2b_algorithm_state,1789558492.1072419,1789558492.1072419,m2b_algorithm_state_v1:header6+3x20,"[1.0,-0.15,0.52,1.3570021954082874,0.10175633119760452,1789558492.1071043,1.355366307999198,0.10139654787842851,0.0036904376666666654,0.0015377247684706182,0.0010531974492305808,0.0003852926655414453,0.0009860853749999966,1.355072706893842,0.10065332811835832,-0.0002936011053560339,-0.0007432197600701906,-0.000744102368656958,1.002381766204212,1.8296672196521087e-08,-0.0011111037503520004,0.005805354798532315,0.005805354798532315,0.14195257270943729,0.9988138613395892,1.8340250592008305e-08,1.3567926140492412,0.10213526190362944,0.006394789958333334,0.0009216441860640627,0.002375598754142949,0.0011367515657941807,0.005408704583333337,1.3589999893466618,0.09739981345939318,0.002207375297420544,-0.004735448444236262,-0.004772010297725183,1.0157175214790097,4.448300231502191e-07,-0.002012791175949503,0.010041868350049622,0.010041868350049622,0.12046877019751871,0.9923382702031571,4.518216485935911e-07,1.3558433213451415,0.10173722436303619,0.0036904376666666654,-0.0005476022351091994,0.0016021008619370065,0.0010036994830663996,-0.0003055678083333374,1.357074710786021,0.10455735446591159,0.0012313894408795267,0.0028201301028754067,0.0028078187826934635,0.9913629035839947,-9.34270842743215e-08,0.004347055583792872,-0.017409501609936654,-0.017409501609936654,0.17670396113153938,1.004384656252685,-9.262014553957794e-08]"
/multi_agv/m2b_algorithm_state,1789558492.1171896,1789558492.1171896,m2b_algorithm_state_v1:header6+3x20,"[1.0,-0.15,0.52,1.3580004560809122,0.10175633812159247,1789558492.1170137,1.3563677518483919,0.10139652267857431,0.0036904376666666654,0.0015378654892030052,0.001053185094087983,0.00038523809483398614,0.0009860853749999966,1.3558925549411815,0.09944648020517458,-0.00047519690721031793,-0.0019500424733997351,-0.001956174153035375,1.0063350147883805,1.2607220256188662e-07,-0.0025501702870482723,0.011399493828032356,0.011399493828032356,0.14194963891197332,0.9968654735437921,1.2687087182951989e-07,1.3577940662853165,0.10213524336891343,0.006394789958333334,0.0009216622557261783,0.0023756126310869874,0.0011367365139267338,0.005408704583333337,1.3598490009363173,0.09597437733338017,0.002054934651000817,-0.006160866035533258,-0.00622341975387739,1.0207774966772836,7.53579467856783e-07,-0.003654751440126369,0.016318357439799105,0.016318357439799105,0.12046692596939537,0.9899486583232379,7.692369627462464e-07,1.3568447680911542,0.10173722754532581,0.0036904376666666654,-0.0005477066540674172,0.0016020984992376145,0.0010037459742753586,-0.0003055678083333374,1.358190880210317,0.10532825486940557,0.0013461121191629122,0.0035910273240797597,0.0035711825025695155,0.9890992143083428,-1.5142579882563298e-07,0.005253822651523156,-0.021061562849688693,-0.021061562849688693,0.17669822360680623,1.0055569328915466,-1.4977513864444675e-07]"
/multi_agv/m2b_algorithm_state,1789558492.1273935,1789558492.1273935,m2b_algorithm_state_v1:header6+3x20,"[1.0,-0.15,0.52,1.3590002097716283,0.10175633538067134,1789558492.127242,1.357366015199495,0.1013965470692294,0.0036904376666666654,0.0015376821469842619,0.001053205295623715,0.00038530705893998754,0.0009860853749999966,1.3572725678609354,0.10031745387520435,-9.344733855964904e-05,-0.0010790931940250492,-0.0010809585161925214,1.0034712945615736,3.857830892312194e-08,-0.0011977676893920827,0.006257274063455834,0.006257274063455834,0.1419525734558231,0.9982743813573507,3.871222559708148e-08,1.358792323525999,0.10213525449231955,0.006394789958333334,0.0009216455483268236,0.0023756023352605737,0.001136749112181229,0.005408704583333337,1.361283489702295,0.09740809869153423,0.002491166176295856,-0.004727155800785324,-0.004763587438272927,1.015688539217899,4.4327187945298926e-07,-0.0016496297179031073,0.008771357401702333,0.008771357401702333,0.12046876975161194,0.9923520586197507,4.5022616771797927e-07,1.3578430295172426,0.10173721280322848,0.0036904376666666654,-0.0005475641176397321,0.0016021080515890582,0.0010036792202066883,-0.0003055678083333374,1.3590334069828525,0.10327852384782026,0.0011903774656099042,0.0015413110445917783,0.0015375975837071043,0.9952096841185455,-2.7931647734137724e-08,0.0030255694157194845,-0.012042809227134903,-0.012042809227134903,0.17670395963198177,1.0024151058274435,-2.7797846318401692e-08]"
/multi_agv/m2b_algorithm_state,1789558492.136964,1789558492.136964,m2b_algorithm_state_v1:header6+3x20,"[1.0,-0.15,0.52,1.3599952370549566,0.10175636253204762,1789558492.1368392,1.358365768598457,0.10139654713576506,0.0036904376666666654,0.0015376590496154804,0.0010532103470449077,0.0003853144432290649,0.0009860853749999966,1.3585185995380027,0.10173435645904098,0.0001528309395457672,0.0003378093232759283,0.00033762847078583634,0.9989306327229632,3.776895141365726e-09,0.0005286671452180453,-0.0004935259136718512,-0.0004935259136718512,0.1419525736461214,1.0005356553304614,3.77285625329275e-09,1.3597920776616155,0.1021352516595695,0.006394789958333334,0.0009216445819303313,0.002375603669962034,0.0011367488366944845,0.005408704583333337,1.36235140405147,0.0983530170798608,0.002559326389854455,-0.003782234579708707,-0.0038053913636647636,1.012419958194744,2.83605899585845e-07,-0.000606233376346695,0.004725299003003244,0.004725299003003244,0.12046876964945095,0.9939147431254599,2.871282730024839e-07,1.358842783054812,0.10173720734667947,0.0036904376666666654,-0.0005475438141341227,0.001602111488848236,0.0010036686311831544,-0.0003055678083333374,1.3599710908134903,0.10295031703405552,0.0011283077586783374,0.0012131096873760489,0.001210803562885779,0.996215532480615,-1.730626889320788e-08,0.002621188261233701,-0.010440076127949607,-0.010440076127949607,0.17670395927908814,1.0019046231452882,-1.724077388069979e-08]"
/multi_agv/m2b_algorithm_state,1789558492.1470404,1789558492.1470404,m2b_algorithm_state_v1:header6+3x20,"[1.0,-0.15,0.52,1.360997561854617,0.10175634284642732,1789558492.146919,1.3593608051069737,0.10139661817504622,0.0036904376666666654,0.0015371742695068553,0.0010532635755569498,0.0003854968904064165,0.0009860853749999966,1.3595464165985722,0.10092809263897112,0.0001856114915985696,-0.0004685255360750984,-0.0004688755600258019,1.0014967981987122,7.2671855330347236e-09,-0.00023686119552758988,0.0025871476716250313,0.0025871476716250313,0.14195256537509082,0.9992534822017931,7.2780630432502775e-09,1.3607870937724147,0.10213529231422847,0.006394789958333334,0.0009215913530443423,0.002375570152374218,0.0011367893465425438,0.005408704583333337,1.3633484308741837,0.09809986858196149,0.002561337101768979,-0.0040354237322669795,-0.00406183503594622,1.0132891593651348,3.2287885720706485e-07,-0.000860163658734996,0.0057225112227402555,0.0057225112227402555,0.12046877448036283,0.9934976916971008,3.271696457961221e-07,1.3598378122854815,0.10173717710686817,0.0036904376666666654,-0.0005471721462646756,0.001602131611375967,0.0010034970575615587,-0.0003055678083333374,1.3611628690507924,0.10489256029817455,0.0013250567653109169,0.003155383191306385,0.003140010158786266,0.9903733737237169,-1.1683887614172381e-07,0.004796331115424912,-0.01919222903355034,-0.01919222903355034,0.17670397557562934,1.0048958543898665,-1.1571411194656651e-07]"
/multi_agv/m2b_algorithm_state,1789558492.157384,1789558492.157384,m2b_algorithm_state_v1:header6+3x20,"[1.0,-0.15,0.52,1.3620014746192304,0.10175631329688477,1789558492.157181,1.3603631244738892,0.10139657433145419,0.0036904376666666654,0.0015374422059152965,0.0010532424402525556,0.0003853917434635285,0.0009860853749999966,1.3602018698566622,0.09903943941836302,-0.0001612546172269358,-0.002357134913091169,-0.0023661214623599356,1.007692711696682,1.8420312254097931e-07,-0.0025676897338936053,0.01162784163248045,0.01162784163248045,0.1419525701871861,0.9962019915664839,1.8562014405631566e-07,1.3617894259574919,0.10213526509173,0.006394789958333334,0.000921616924339912,0.002375592308624608,0.0011367667359080819,0.005408704583333337,1.3643312693249385,0.09809986858196149,0.0025418433674466723,-0.004035396509768516,-0.004061807461348907,1.0132890704787065,3.228834944986551e-07,-0.0008845032520405664,0.0058076725662076665,0.0058076725662076665,0.12046877167661277,0.9934977342398156,3.2717431601345874e-07,1.36084013513247,0.10173718911609773,0.0036904376666666654,-0.000547374275550187,0.001602123722888038,0.001003588777546095,-0.0003055678083333374,1.3622709481587734,0.1055119173032339,0.0014308130263034347,0.0037747281871361588,0.003752831846486928,0.9885658618953808,-1.6718942059141663e-07,0.0055413481293662215,-0.02219096365137307,-0.02219096365137307,0.17670396613569062,1.0058346181083835,-1.652777536667431e-07]"
/multi_agv/m2b_algorithm_state,1789558492.167431,1789558492.167431,m2b_algorithm_state_v1:header6+3x20,"[1.0,-0.15,0.52,1.363008256553881,0.10175626577659047,1789558492.1672642,1.3613670285154889,0.10139650887779356,0.0036904376666666654,0.0015378483578623392,0.0010532045926003875,0.0003852353781824524,0.0009860853749999966,1.361073750040917,0.09803424705293481,-0.0002932784745719452,-0.003362261824858742,-0.0033806854432549757,1.0110976919616692,3.7513518686542417e-07,-0.0037472835364699073,0.016174572414804484,0.016174572414804484,0.14194591724468553,0.9945503304860878,3.7929832161323985e-07,1.362793349769186,0.10213522334675457,0.006394789958333334,0.0009216615533035911,0.002375625449866803,0.0011367301496094107,0.005408704583333337,1.3650900910400507,0.09750644625287964,0.002296741270864766,-0.004628777093874922,-0.0046636822277347474,1.015345097753704,4.249958091434742e-07,-0.0017927556391537898,0.009230232175284563,0.009230232175284563,0.12046458913600998,0.9925155419783436,4.315174113796953e-07,1.3618440455730163,0.10173720766610617,0.0036904376666666654,-0.0005476812072724405,0.0016021112072527877,0.0010037283329706924,-0.0003055678083333374,1.3629938336699552,0.10301004928408192,0.0011497880969388863,0.0012728416179757507,0.0012703039543712033,0.9960319016245193,-1.905646081084821e-08,0.002707539075544811,-0.010777123146749196,-0.010777123146749196,0.17669095416834815,1.0019976822049677,-1.898084289966227e-08]"
/multi_agv/m2b_algorithm_state,1789558492.1771731,1789558492.1771731,m2b_algorithm_state_v1:header6+3x20,"[1.0,-0.15,0.52,1.3639958932053402,0.1017563401180558,1789558492.1770806,1.3623737958118052,0.10139640345221075,0.0036904376666666654,0.0015385108947956537,0.001053136678502575,0.0003849835186619738,0.0009860853749999966,1.3621793440592391,0.09938348145348025,-0.0001944517525660494,-0.002012921998730502,-0.002019458598142999,1.0065439358713735,1.3439578550286368e-07,-0.002262523288850561,0.01041222052513266,0.01041222052513266,0.1419206174005278,0.996763192165213,1.352752629045773e-07,1.3638001494575611,0.1021351552273978,0.006394789958333334,0.0009217401958855932,0.0023756787110402744,0.0011366683524219462,0.005408704583333337,1.3661228306977444,0.09850059840917182,0.002322681240183311,-0.003634556818225984,-0.0036559167694984467,1.011915211014829,2.618945800811667e-07,-0.0007525652192693082,0.005174442895092327,0.005174442895092327,0.12044870240223451,0.9941574295534652,2.6501510926647383e-07,1.3628508243922768,0.1017372386501629,0.0036904376666666654,-0.0005481825423252289,0.0016020899490127652,0.0010039567037327091,-0.0003055678083333374,1.3639339291393737,0.1031072228489861,0.0010831047470969413,0.0013699841988231987,0.0013670465806310055,0.9957338035660863,-2.209486553484339e-08,0.002720927514502182,-0.010872669955054245,-0.010872669955054245,0.1766415418580579,1.0021488793679856,-2.200060449829084e-08]"
/multi_agv/m2b_algorithm_state,1789558492.187227,1789558492.187227,m2b_algorithm_state_v1:header6+3x20,"[1.0,-0.15,0.52,1.3650091649481029,0.10175624987567923,1789558492.187122,1.3633614562721332,0.10139659258242201,0.0036904376666666654,0.0015372496774921627,0.0010532635663548888,0.00038546420841835405,0.0009860853749999966,1.363250995626964,0.0999834817590608,-0.00011046064516917475,-0.0014131108233612077,-0.001416317710352623,1.004562973880315,6.615362982560742e-08,-0.0015543935168140914,0.007660424570805756,0.007660424570805756,0.1419525690781339,0.9977357573318654,6.64554871105897e-08,1.364787755986693,0.10213526402483454,0.006394789958333334,0.0009216101828923304,0.002375588344058155,0.0011367717203361744,0.005408704583333337,1.3671771352240643,0.0989183103977246,0.0023893792373712586,-0.003216953627109942,-0.003233634370734967,1.0104966544695406,2.0508675256836037e-07,-0.0002469103240208938,0.0032204150138721343,0.0032204150138721343,0.12046877231448629,0.9948414874062481,2.072394773463506e-07,1.3638384673571946,0.1017371637469109,0.0036904376666666654,-0.000547218407265885,0.0016021393406670413,0.0010035130891595549,-0.0003055678083333374,1.3650766172344837,0.1043328608541184,0.0012381498772890964,0.002595697107207501,0.0025852494664470645,0.9920297072122091,-7.910635766132459e-08,0.004132936813058435,-0.016527861506899635,-0.016527861506899635,0.17670396828090162,1.0040412505238014,-7.847585682938813e-08]"
/multi_agv/m2b_algorithm_state,1789558492.196991,1789558492.196991,m2b_algorithm_state_v1:header6+3x20,"[1.0,-0.15,0.52,1.3659956727459808,0.10175633136883594,1789558492.1968954,1.3643747001516309,0.10139638112207762,0.0036904376666666654,0.0015386085649717902,0.0010531283511286738,0.000384945513661733,0.0009860853749999966,1.3638479724618848,0.09956171925669777,-0.0005267276897460427,-0.0018346618653798524,-0.0018400846981528132,1.0059524449475756,1.116400575058443e-07,-0.0024984943103353663,0.011170524887592475,0.011170524887592475,0.141914887508847,0.9970529439332849,1.1230458880209201e-07,1.365801062480631,0.10213513412093769,0.006394789958333334,0.0009217595566823151,0.002375692597584411,0.001136652735775387,0.005408704583333337,1.3679182138086277,0.09815579559962981,0.0021171513279967247,-0.003979338521307885,-0.004005009966427301,1.0130962290617622,3.140129906682739e-07,-0.0013585708064313955,0.007442703779870089,0.007442703779870089,0.1204451041553976,0.9935901669822017,3.1812537672243457e-07,1.3648517322120466,0.10173723438402238,0.0036904376666666654,-0.0005482505946987812,0.0016020918325182938,0.001003985222255037,-0.0003055678083333374,1.3658821203775884,0.10434528025476701,0.0010303881655417957,0.0026080458707446325,0.0025974995898396225,0.9919929342074428,-8.001069973080605e-08,0.003885484796766867,-0.015648794515958457,-0.015648794515958457,0.17663035224597567,1.0040601665333317,-7.937004879395294e-08]"
/multi_agv/m2b_algorithm_state,1789558492.2070413,1789558492.2070413,m2b_algorithm_state_v1:header6+3x20,"[1.0,-0.15,0.52,1.3670026126689157,0.10175628224682638,1789558492.2070112,1.365361234017478,0.10139658782680473,0.0036904376666666654,0.0015372322624822889,0.0010532664922845653,0.00038547023513608937,0.0009860853749999966,1.3647474287315329,0.09788260912459915,-0.0006138052859452348,-0.0035139787022055863,-0.0035341254704704473,1.011618199812357,4.096289135368569e-07,-0.004301382077901991,0.018175096143881644,0.018175096143881644,0.1419525699610422,0.9942993624778752,4.143880641032468e-07,1.3667875372855636,0.10213525328077348,0.006394789958333334,0.0009216176581580571,0.002375593618747729,0.0011367657358126448,0.005408704583333337,1.3688128014461354,0.0980224735627134,0.0020252641605718047,-0.004112779718060081,-0.0041402293379927575,1.0135556935901824,3.354018112788446e-07,-0.0016086491372780017,0.008373189551099499,0.008373189551099499,0.12046877180382391,0.9933700242929091,3.3994841546213275e-07,1.3658382469349013,0.10173715299892959,0.0036904376666666654,-0.0005471985430192433,0.0016021454409019375,0.0010035013051602213,-0.0003055678083333374,1.3667353343709867,0.10240392864666192,0.0008970874360854086,0.0006667756477323344,0.0006660760542189308,0.9979068769326971,-5.227079056437908e-09,0.0017874353493256916,-0.007208081811260579,-0.007208081811260579,0.17670396655356144,1.0010503207688857,-5.2161381366902615e-09]"
/multi_agv/m2b_algorithm_state,1789558492.217037,1789558492.217037,m2b_algorithm_state_v1:header6+3x20,"[1.0,-0.15,0.52,1.368001163521302,0.10175628760192347,1789558492.216929,1.3663681591934191,0.10139647400436597,0.0036904376666666654,0.0015379559750207973,0.0010531975772072313,0.0003851923789373762,0.0009860853749999966,1.3657039209240218,0.09866733473013986,-0.0006642382693973214,-0.0027291392742261056,-0.002741220010641087,1.0089441466839135,2.470757372310534e-07,-0.0035715178473877387,0.01530894603518906,0.01530894603518906,0.14193560500252156,0.9955929343985214,2.4928561886688403e-07,1.3677944959526729,0.10213518322198395,0.006394789958333334,0.000921695072212114,0.0023756498512716995,0.0011367029254727157,0.005408704583333337,1.3698216422811045,0.09878159159138912,0.002027146328431595,-0.0033535916305948293,-0.003371738231699154,1.0109593730930395,2.2291845172053454e-07,-0.0008378053211596606,0.005352627358628035,0.005352627358628035,0.12045811387202414,0.9946180278961988,2.2536149820226258e-07,1.366845182860655,0.10173718951412922,0.0036904376666666654,-0.0005477471137501932,0.00160212085113618,0.0010037518841398557,-0.0003055678083333374,1.36764759809105,0.10166876977620992,0.0008024152303951482,-6.841973791929523e-05,-6.842714543636155e-05,1.0002165877733717,-5.512168489007535e-11,0.0009345918925575737,-0.003833966701447225,-0.003833966701447225,0.1766708125228293,0.9998917459289136,-5.513362357307019e-11]"
/multi_agv/m2b_algorithm_state,1789558492.226914,1789558492.226914,m2b_algorithm_state_v1:header6+3x20,"[1.0,-0.15,0.52,1.3690005934024552,0.10175628722187167,1789558492.2268448,1.3673667122472468,0.10139649488189557,0.0036904376666666654,0.0015377959203329073,0.0010532145434028802,0.00038525293163481616,0.0009860853749999966,1.3669822976163166,0.10038107071176845,-0.00038441463093019657,-0.0010154241701271216,-0.0010170750761173428,1.0032641309594996,3.4161244412702803e-08,-0.0014975933647800885,0.0072904368928727,0.0072904368928727,0.14193948774708584,0.9983768101008597,3.427275118820534e-08,1.3687930438619536,0.10213519199286447,0.006394789958333334,0.0009216820281775819,0.002375641021953978,0.0011367131728229757,0.005408704583333337,1.3711659920921795,0.09916311590867978,0.0023729482302259353,-0.002972076084184691,-0.0029862876435969707,1.0096708968734407,1.7503877203684758e-07,-2.0102355814551574e-05,0.002316734951988282,0.002316734951988282,0.12046055195905993,0.9952410614420378,1.7673155395006963e-07,1.3678437344547063,0.10173717593101039,0.0036904376666666654,-0.000547621767790434,0.0016021293442191956,0.001003693132594529,-0.0003055678083333374,1.3689578300968983,0.10238499097072563,0.0011140956421920034,0.000647815039715241,0.0006471545732323412,0.9979659582120255,-4.937910863568203e-09,0.0020397741259723457,-0.008097353610726454,-0.008097353610726454,0.176678396014209,1.0010205699074348,-4.9278669465264115e-09]"
/multi_agv/m2b_algorithm_state,1789558492.2369223,1789558492.2369223,m2b_algorithm_state_v1:header6+3x20,"[1.0,-0.15,0.52,1.3699984317805658,0.10175629688556685,1789558492.236836,1.3683661426008473,0.1013965009383804,0.0036904376666666654,0.0015377340309517856,0.0010532226477046429,0.0003852755428576575,0.0009860853749999966,1.3681639552110545,0.10181166241619367,-0.00020218738979282946,0.0004151614778132723,0.00041488847876553875,0.9986869217574542,5.704574108598559e-09,0.00016215424152450192,0.0007741701335476768,0.0007741701335476768,0.14194025383327055,1.0006580058538763,5.697083556453569e-09,1.3697924731314188,0.10213519251409899,0.006394789958333334,0.0009216779926428942,0.0023756391868909876,0.0011367158766819735,0.005408704583333337,1.3721510123438179,0.09916311590867978,0.0023585392123990356,-0.002972076605419205,-0.0029862881697723443,1.0096708985587308,1.75038066676677e-07,-3.811415427354978e-05,0.0023799926623138947,0.0023799926623138947,0.12046103299643172,0.9952410606260338,1.767308420634235e-07,1.3688431644750993,0.1017371682131356,0.0036904376666666654,-0.0005475713550898644,0.00160213400183651,0.0010036688573788989,-0.0003055678083333374,1.3700973396195997,0.10371196138140606,0.0012541751445003246,0.0019747931682704695,0.0019687172973190904,0.993892851395774,-4.5838145575871946e-08,0.003536436227944496,-0.01408191894585554,-0.01408191894585554,0.17667989231884165,1.0030862079383631,-4.555820520909795e-08]"
/multi_agv/m2b_algorithm_state,1789558492.2470095,1789558492.2470095,m2b_algorithm_state_v1:header6+3x20,"[1.0,-0.15,0.52,1.370998772799869,0.10175629043310463,1789558492.2468793,1.369363984681282,0.10139653043049876,0.0036904376666666654,0.0015375203115043676,0.0010532470503707976,0.0003853554891420025,0.0009860853749999966,1.3692214473551687,0.101399821953671,-0.00014253732611324565,3.2915231722441263e-06,3.291505958505405e-06,0.9999895406938506,3.58631728940417e-13,-0.00017488015168305165,0.0021568708738331677,0.0021568708738331677,0.1419466633080453,1.0000052297455748,3.586279779013691e-13,1.3707903070285827,0.10213520767646542,0.006394789958333334,0.0009216560701418818,0.0023756257440505912,0.0011367323726956952,0.005408704583333337,1.3731540263442528,0.09929125270468511,0.002363719315670032,-0.0028439549717803048,-0.002856955058700127,1.0092406252551689,1.6025515714114456e-07,9.769408588741323e-05,0.001846271672467314,0.001846271672467314,0.12046505758234048,0.9954496704873836,1.617360149934941e-07,1.369841003631833,0.10173715254973638,0.0036904376666666654,-0.0005474054665912903,0.0016021440443221187,0.0010035917259896988,-0.0003055678083333374,1.3711275799817728,0.10264026094465922,0.0012865763499398941,0.0009031083949228441,0.0009018272855520255,0.997172625461594,-9.591141025762684e-09,0.0025100477229768933,-0.009893742251599493,-0.009893742251599493,0.17669241141006423,1.0014205706473323,-9.564023277832181e-09]"
/multi_agv/m2b_algorithm_state,1789558492.256959,1789558492.256959,m2b_algorithm_state_v1:header6+3x20,"[1.0,-0.15,0.52,1.3720016612055597,0.10175626778948897,1789558492.2568555,1.3703643243842842,0.10139652004078217,0.0036904376666666654,0.0015375684314195802,0.001053245943956815,0.00038533520640389105,0.0009860853749999966,1.3699372101534755,0.10093834258113488,-0.0004271142308087672,-0.0004581774596472965,-0.000458512167003599,1.0014635694738492,6.9514529420028105e-09,-0.000992404955514558,0.00526075023028947,0.00526075023028947,0.1419441985513453,0.9992700142321417,6.961626876327625e-09,1.3717906499830552,0.1021351995048039,0.006394789958333334,0.0009216610010129214,0.0023756315495584435,0.001136727215097777,0.005408704583333337,1.3741412294256865,0.09929125270468511,0.0023505794426312843,-0.0028439468001187906,-0.002856946812961451,1.0092405988652364,1.6025509869910895e-07,8.127749032765417e-05,0.0019039590825720082,0.0019039590825720082,0.12046350994937098,0.9954496832829782,1.6173595178229628e-07,1.3708413440322678,0.10173715175372786,0.0036904376666666654,-0.0005474392515877366,0.00160214425851315,0.001003606259203602,-0.0003055678083333374,1.372023624298236,0.1010397444908942,0.0011822802659682274,-0.0006974072628336547,-0.0006981805733239403,1.002223531673344,-5.7263429371582696e-09,0.000779669759136344,-0.0029952941514084378,-0.0029952941514084378,0.17668759713633242,0.9988923918541533,-5.739075642051471e-09]"
/multi_agv/m2b_algorithm_state,1789558492.2669315,1789558492.2669315,m2b_algorithm_state_v1:header6+3x20,"[1.0,-0.15,0.52,1.3729973314865462,0.10175629133810238,1789558492.266835,1.3713672062944011,0.10139647141845752,0.0036904376666666654,0.0015378651228963283,0.0010532185247601675,0.000385220863784891,0.0009860853749999966,1.370992151729546,0.10193672247121321,-0.0003750545648550929,0.0005402510527556942,0.0005397891964680037,0.998293715663317,9.660038307109267e-09,7.097099039913755e-05,0.001041900653724291,0.001041900653724291,0.14193270190866555,1.0008556234372836,9.643555535054089e-09,1.3727935465928556,0.10213516773944328,0.006394789958333334,0.0009216945931695714,0.002375656161887729,0.0011366998498629488,0.005408704583333337,1.3751831536698416,0.0988275494075652,0.002389607076985989,-0.003307618331878079,-0.00332526468093245,1.0108035371777981,2.1684212325067694e-07,-0.00033825583469996364,0.0035805507877870986,0.0035805507877870986,0.12045629092904121,0.9946932497868342,2.1918478519092832e-07,1.3718442307294223,0.1017371642105661,0.0036904376666666654,-0.0005476621769941151,0.0016021355086479512,0.001003707441677635,-0.0003055678083333374,1.3730313908006195,0.10117901278174608,0.0011871600711972352,-0.000558151428820014,-0.0005586462254124169,1.0017767332007008,-3.6689667314473515e-09,0.0009253038635841271,-0.003575284159651189,-0.003575284159651189,0.1766651425525619,0.9991142935011552,-3.675485506451381e-09]"
/multi_agv/m2b_algorithm_state,1789558492.2769356,1789558492.2769356,m2b_algorithm_state_v1:header6+3x20,"[1.0,-0.15,0.52,1.3739988243062686,0.10175627748415093,1789558492.276885,1.3723628846175768,0.10139653478276328,0.0036904376666666654,0.0015374300481666501,0.0010532647517382354,0.00038538540739076416,0.0009860853749999966,1.3721441401748913,0.10314860170092595,-0.00021874444268554782,0.0017520669181626675,0.0017472538266264555,0.9945423697882884,1.0148109351617943e-07,0.0014738232732695207,-0.004519477882571394,-0.004519477882571394,0.14194679846424424,1.0027546607498379,1.00927247234288e-07,1.3737892069032904,0.10213520299555667,0.006394789958333334,0.0009216494649480975,0.0023756262502330205,0.001136734972362885,0.005408704583333337,1.3761636477791597,0.0988275494075652,0.0023744408758692437,-0.0033076535879914687,-0.003325300309554372,1.0108036515239143,2.1683609859491283e-07,-0.00035724921471781733,0.0036471471047002575,0.0036471471047002575,0.12046514245462799,0.994693194622994,2.1917872024193738e-07,1.372839902938771,0.10173713623598718,0.0036904376666666654,-0.0005473276171435262,0.0016021537025768025,0.0010035529564012893,-0.0003055678083333374,1.374179051455545,0.10276998436153735,0.0013391485167739692,0.0010328481255501704,0.0010311741419538729,0.9967712352486465,-1.2541840677507837e-08,0.0027051097879213343,-0.010651373234505658,-0.010651373234505658,0.17669267540647837,1.0016233762351,-1.2501346024411208e-08]"
/multi_agv/m2b_algorithm_state,1789558492.2869918,1789558492.2869918,m2b_algorithm_state_v1:header6+3x20,"[1.0,-0.15,0.52,1.3750014513730797,0.10175625658453581,1789558492.2869215,1.3733643738069803,0.10139650604937189,0.0036904376666666654,0.0015375988800011907,0.0010532517269574273,0.00038531899988998586,0.0009860853749999966,1.373225484694998,0.10305319733958215,-0.0001388891119822322,0.0016566912902102604,0.0016523848277637371,0.9948338311070924,9.074968117514649e-08,0.0014787734377859469,-0.004491880691102736,-0.004491880691102736,0.1419402496185668,1.0026062103537658,9.028085299521818e-08,1.3747907045997867,0.10213518407943296,0.006394789958333334,0.0009216669411477203,0.0023756408805544194,0.0011367197858461048,0.005408704583333337,1.377253776429881,0.09956220958252274,0.002463071830094199,-0.002572974496910227,-0.002583593438634658,1.0083346022693733,1.3114961884866677e-07,0.0004952463489830907,0.0003278265339224522,0.0003278265339224522,0.12046103035779768,0.9958898557467917,1.3224269875955032e-07,1.3738413945120387,0.10173714232364793,0.0036904376666666654,-0.0005474534576969952,0.0016021493390635192,0.0010036097740069479,-0.0003055678083333374,1.3753433439305855,0.10256951374804625,0.0015019494185468663,0.0008323714243983205,0.0008312825587535013,0.9973919767124934,-8.148636066149505e-09,0.002708719331937084,-0.010566935581741196,-0.010566935581741196,0.1766798841155236,1.0013098622524355,-8.12738423352757e-09]"
/multi_agv/m2b_algorithm_state,1789558492.2970724,1789558492.2970724,m2b_algorithm_state_v1:header6+3x20,"[1.0,-0.15,0.52,1.3760009707827525,0.10175625581315935,1789558492.2969177,1.3743669949087542,0.10139646169905389,0.0036904376666666654,0.0015378678840790995,0.0010532268183720095,0.0003852153528297762,0.0009860853749999966,1.3735827747243223,0.1018251782854781,-0.0007842201844319163,0.0004287165864242104,0.00042842549913574876,0.9986442577671865,6.083638549334821e-09,-0.0005518497314041466,0.003306703933845363,0.003306703933845363,0.14192968012500648,1.0006794350220725,6.075390703624315e-09,1.37579333917291,0.10213515480439134,0.006394789958333334,0.0009216978804751693,0.0023756633994906906,0.0011366946595665617,0.005408704583333337,1.3782397327277132,0.09956220958252274,0.002446393554803139,-0.0025729452218686,-0.002583563923798979,1.0083345079632382,1.311510519130179e-07,0.00047442801970494497,0.0004010706447470937,0.0004010706447470937,0.12045439340608255,0.9958899016074024,1.3224413139957403e-07,1.374844020037575,0.10173715325016222,0.0036904376666666654,-0.0005476552836566327,0.0016021415720852469,0.0010037012992629886,-0.0003055678083333374,1.375837726811399,0.10085142449792675,0.0009937067738239325,-0.0008857287522354707,-0.0008869778660330194,1.002829994190885,-9.241301542149119e-09,0.00035515560124689614,-0.0014070382861988626,-0.0014070382861988626,0.17665924083777002,0.9985917193141071,-9.267454371829617e-09]"
/multi_agv/m2b_algorithm_state,1789558492.3070683,1789558492.3070683,m2b_algorithm_state_v1:header6+3x20,"[1.0,-0.15,0.52,1.3769985968355651,0.10175626700739065,1789558492.3070192,1.3753665146210314,0.10139646709240505,0.0036904376666666654,0.0015378105898630466,0.0010532336196538146,0.0003852366499890593,0.0009860853749999966,1.3745924173489437,0.10243876122738299,-0.0007740972720877703,0.0010422941349779447,0.001040581584720259,0.9967268720073017,3.5941527683012663e-08,7.29599946105461e-05,0.000807247136815933,0.000807247136815933,0.1419301286795038,1.0016457626031754,3.5823886462653056e-08,1.3767928580714155,0.10213515465543331,0.006394789958333334,0.0009216954130008602,0.0023756618659884765,0.0011366965268218843,0.005408704583333337,1.3788078743666508,0.0979965231605921,0.0020150162952352613,-0.004138631494841213,-0.004166432742896775,1.0136448833547658,3.3966575774960715e-07,-0.0016476623738526982,0.008520457044987807,0.008520457044987807,0.12045467508884335,0.9933273258513633,3.4430045739370864e-07,1.375843539655811,0.10173714569163969,0.0036904376666666654,-0.0005476082640933689,0.0016021459984361004,0.0010036786151598922,-0.0003055678083333374,1.3766581301066154,0.09941151773233621,0.0008145904508043422,-0.0023256279593034807,-0.0023343338077404306,1.007552645351733,-6.37664536582734e-08,-0.0013160957442350028,0.005124363386428559,0.005124363386428559,0.17666011692667963,0.9962705212047729,-6.424805906809205e-08]"
/multi_agv/m2b_algorithm_state,1789558492.316915,1789558492.316915,m2b_algorithm_state_v1:header6+3x20,"[1.0,-0.15,0.52,1.3779955445065066,0.10175628224008004,1789558492.3168192,1.3763641448198218,0.10139650051870343,0.0036904376666666654,0.001537571489484777,0.001053259824669217,0.00038532666046834025,0.0009860853749999966,1.3757709792078747,0.10401624169309623,-0.0005931656119471107,0.0026197411743928006,0.0026090512380048613,0.9919202726674348,2.2675675287433658e-07,0.001867594223070973,-0.006341277004069886,-0.006341277004069886,0.14193729006316985,1.0040972504610963,2.2492462014029405e-07,1.377790478990816,0.10213517194563206,0.006394789958333334,0.0009216717057965243,0.002375646465752501,0.001136714814724188,0.005408704583333337,1.3797372793988727,0.09747052598174595,0.0019468004080567258,-0.004664645963886105,-0.004700103777460463,1.0154702444526968,4.3162223003105137e-07,-0.0022666032673895557,0.010898738533468027,0.010898738533468027,0.12045917198059508,0.9924559509208293,4.382995314408499e-07,1.3768411666960576,0.1017371285578365,0.0036904376666666654,-0.000547422924314723,0.001602156898607288,0.001003592606104612,-0.0003055678083333374,1.3777586146366199,0.1006327733245634,0.0009174479405622549,-0.0011043552332730966,-0.0011063003122460126,1.003537286283881,-1.4362481943785543e-08,4.050961345680596e-05,-0.00019544584884094977,-0.00019544584884094977,0.17667410361566316,0.9982418164838378,-1.4413286154167783e-08]"
/multi_agv/m2b_algorithm_state,1789558492.3269987,1789558492.3269987,m2b_algorithm_state_v1:header6+3x20,"[1.0,-0.15,0.52,1.3790010440986278,0.10175624262603977,1789558492.3268745,1.377361098041179,0.10139654186542763,0.0036904376666666654,0.0015372832700756628,0.0010532930855961182,0.00038543429207887024,0.0009860853749999966,1.3769587227929003,0.10449580084353817,-0.00040237524827868576,0.0030992589781105445,0.003084352036732162,0.9904938529956657,3.171904045150925e-07,0.0025813829763838047,-0.00913302133409807,-0.00913302133409807,0.14194685769944534,1.0048330868853013,3.141751459014078e-07,1.3787874201193149,0.10213519523634236,0.006394789958333334,0.0009216394926440698,0.002375626838425182,0.0011367389887869533,0.005408704583333337,1.3812383342990118,0.09905066546630895,0.0024509141796968947,-0.0030845297700334146,-0.0030998501387399144,1.0100495549969282,1.8853995443657784e-07,-3.620741411879602e-05,0.002422794674891409,0.002422794674891409,0.12046517963982636,0.9950577066565135,1.9043469707780655e-07,1.3778381153590256,0.10173710961847014,0.0036904376666666654,-0.0005472006147504379,0.001602169212294181,0.0010034898365673854,-0.0003055678083333374,1.3791427803702887,0.10141512596339863,0.0013046650112631397,-0.00032198365507150883,-0.0003221480214970553,1.00102220752161,-1.2197490556732637e-09,0.0013086832425818692,-0.005043002444399291,-0.005043002444399291,0.17669279108918673,0.9994897798074852,-1.2209958923324495e-09]"
/multi_agv/m2b_algorithm_state,1789558492.336991,1789558492.336991,m2b_algorithm_state_v1:header6+3x20,"[1.0,-0.15,0.52,1.379996978930184,0.10175626459373537,1789558492.3368623,1.3783665858785992,0.10139645061567801,0.0036904376666666654,0.0015378612121376982,0.0010532385608376317,0.00038521213681076954,0.0009860853749999966,1.3779190797772123,0.10347978176723756,-0.0004475061013868853,0.0020833311515595504,0.002076543074042625,0.9935350302347057,1.4348815450718646e-07,0.0015171604473090184,-0.004830841016999642,-0.004830841016999642,0.141926103270678,1.0032689317172268,1.4256050792661962e-07,1.3797929347112134,0.10213513888567305,0.006394789958333334,0.00092170131932999,0.0023756718377567765,0.0011366887788998442,0.005408704583333337,1.3822715485298347,0.09873352588034881,0.0024786138186212447,-0.003401613005324239,-0.003420289813575951,1.0111223287495188,2.293568112868051e-07,-0.000322022540299395,0.0035645736401547965,0.0035645736401547965,0.12045214731399378,0.9945394076906643,2.319077931428783e-07,1.378843611706071,0.10173713837676825,0.0036904376666666654,-0.0005476381288562191,0.0016021496807206445,0.0010036896448667454,-0.0003055678083333374,1.3801194571314996,0.1001221024107798,0.00127584542542869,-0.0016150359659884428,-0.001619211983548468,1.0052030101701301,-3.073944936497764e-08,-2.4405201762605667e-05,0.00026153692181026087,0.00026153692181026087,0.17665225531779657,0.9974209568589817,-3.089938703264782e-08]"
/multi_agv/m2b_algorithm_state,1789558492.3471367,1789558492.3471367,m2b_algorithm_state_v1:header6+3x20,"[1.0,-0.15,0.52,1.381001565123821,0.10175623106525479,1789558492.3469584,1.3793625282340622,0.10139650996923681,0.0036904376666666654,0.0015374532517066272,0.0010532817483487993,0.0003853665083637242,0.0009860853749999966,1.378901023470375,0.10300288487939352,-0.00046150476368733706,0.0016063749101567076,0.001602324516629104,0.9949878554552287,8.531602872894527e-08,0.0010254435620199328,-0.002849888695701499,-0.002849888695701499,0.1419392604901423,1.0025278234749377,8.488841246096994e-08,1.3807888601933203,0.10213517177961974,0.006394789958333334,0.0009216593618020241,0.002375643789409132,0.001136721557653167,0.005408704583333337,1.3831053339212038,0.09697856851699238,0.0023164737278835723,-0.00515660326262736,-0.005200095619470313,1.0171964016097104,5.276139816623862e-07,-0.0023045034596158474,0.011229897370988475,0.011229897370988475,0.12046040926275303,0.9916362390183542,5.366870435859509e-07,1.3798395483631691,0.1017371120323495,0.0036904376666666654,-0.0005473242657511707,0.0016021667341338695,0.001003544724247088,-0.0003055678083333374,1.3808869506262038,0.09795413521639015,0.0010474022630346802,-0.003782976815959349,-0.0038062670215862917,1.0124886615567639,-1.6879458975032861e-07,-0.0024970141927929414,0.009877175336777552,0.009877175336777552,0.1766779521376744,0.9938810899248901,-1.7090260825433328e-07]"
/multi_agv/m2b_algorithm_state,1789558492.3571935,1789558492.3571935,m2b_algorithm_state_v1:header6+3x20,"[1.0,-0.15,0.52,1.3820014928558926,0.10175622785016457,1789558492.3571005,1.3803671045147863,0.10139643433363608,0.0036904376666666654,0.001537928167404314,0.0010532364519742366,0.0003851842110285716,0.0009860853749999966,1.379870794292749,0.10278567879497477,-0.0004963102220372217,0.0013892444613386873,0.001386210031845372,0.9956545705703472,6.384065308787764e-08,0.0007658222542988448,-0.0018219054409228386,-0.0018219054409228386,0.14192174607462216,1.002189011350088,6.356323803514132e-08,1.381793458904581,0.10213512416724904,0.006394789958333334,0.0009217117659345662,0.002375681342280389,0.0011366793059827268,0.005408704583333337,1.3840766467041685,0.09653361129431987,0.0022831877995874716,-0.005601512872929176,-0.005653006349521499,1.0187733796899432,6.227855696564407e-07,-0.0027990216000371593,0.013128720819714418,0.013128720819714418,0.1204494111685652,0.990890957234343,6.344773596210187e-07,1.3808441319520954,0.10173713469487927,0.0036904376666666654,-0.0005476830823770737,0.0016021511461632677,0.0010037083682963035,-0.0003055678083333374,1.3819336300884393,0.0987472542706917,0.0010894981363438472,-0.0029898804241875743,-0.0030043420226430594,1.0097828159216684,-1.0545457404765878e-07,-0.0016424693522132505,0.006552847701837809,0.006552847701837809,0.17664374597884194,0.9951864340522846,-1.0648621673366497e-07]"
/multi_agv/m2b_algorithm_state,1789558492.3669884,1789558492.3669884,m2b_algorithm_state_v1:header6+3x20,"[1.0,-0.15,0.52,1.3830009590797514,0.10175622757211734,1789558492.366913,1.3813670317327449,0.1013964341278311,0.0036904376666666654,0.0015379075662479238,0.0010532387535193695,0.0003851919436592495,0.0009860853749999966,1.3809133685195663,0.10302937150904425,-0.00045366321317863445,0.0016329373812131454,0.0016287527681004246,0.9949065171239,8.818523562965251e-08,0.0010616737516271316,-0.002991194848206215,-0.002991194848206215,0.1419207471951541,1.0025692132008475,8.773606564204803e-08,1.3827933870352505,0.10213512038068882,0.006394789958333334,0.0009217142856524788,0.0023756825380736313,0.0011366775915727934,0.005408704583333337,1.385242349885688,0.0979384995967621,0.002448962850437608,-0.004196620783926727,-0.0042252191059914315,1.0138450983954652,3.4927069306579866e-07,-0.0011640155429444212,0.006853663395220089,0.006853663395220089,0.12044878390472469,0.9932315173847076,3.54106380177947e-07,1.3818440597996824,0.10173712904197375,0.0036904376666666654,-0.0005476639032648326,0.0016021541927150225,0.0010036984698819883,-0.0003055678083333374,1.3832082263975465,0.09995259827480682,0.0013641665978640916,-0.0017845307671669336,-0.0017896358494385407,1.005760086166644,-3.7536106612235567e-08,-8.442760210842625e-05,0.000548623303689008,0.000548623303689008,0.17664179531700322,0.9971474184129645,-3.775231782068238e-08]"
/multi_agv/m2b_algorithm_state,1789558492.377086,1789558492.377086,m2b_algorithm_state_v1:header6+3x20,"[1.0,-0.15,0.52,1.3840000295521646,0.1017562297596629,1789558492.3769295,1.3823664984025075,0.1013964407060545,0.0036904376666666654,0.0015378431334698386,0.001053245830462134,0.0003852161917356845,0.0009860853749999966,1.382001150125531,0.103343438351255,-0.0003653482769765404,0.0019469976452004961,0.0019410627776292385,0.9939486642776718,1.253340431020159e-07,0.001484377431408563,-0.0046490399997664595,-0.0046490399997664595,0.14192138425080336,1.0030575350986362,1.2457560472976887e-07,1.3837928525199603,0.10213512088489442,0.006394789958333334,0.0009217115327885056,0.0023756803206274046,0.0011366799383312337,0.005408704583333337,1.3862575112078543,0.09775996099639575,0.002464658687894028,-0.004375159888498667,-0.004406285234706584,1.014463099264153,3.796616539151692e-07,-0.0013254618748390493,0.007493006402481361,0.007493006402481361,0.1204491839548146,0.9929361481270538,3.851527381025368e-07,1.3828435263167858,0.1017371211254031,0.0036904376666666654,-0.000547611328421654,0.0016021587540983925,0.0010036733074995866,-0.0003055678083333374,1.3841765428507062,0.09859473906245209,0.0013330165339204836,-0.0031423820629510185,-0.0031583749321730916,1.0102994605856184,-1.1648263996964165e-07,-0.001492104264772487,0.006089148989485371,0.006089148989485371,0.17664303942729637,0.9949363613992879,-1.1768234832891776e-07]"
/multi_agv/m2b_algorithm_state,1789558492.3872118,1789558492.3872118,m2b_algorithm_state_v1:header6+3x20,"[1.0,-0.15,0.52,1.3850024389194993,0.10175621059128842,1789558492.3871284,1.3833655701494656,0.10139645264695407,0.0036904376666666654,0.0015377445479062613,0.0010532570235210594,0.0003852531027697338,0.0009860853749999966,1.3830355494987547,0.1029786965538573,-0.0003300206507108605,0.0015822439069032301,0.0015783135664451907,0.9950617829389884,8.278920963361338e-08,0.001165787753056615,-0.0033393004707688565,-0.0033393004707688565,0.1419234242031028,1.0024902152155302,8.2380378546133e-08,1.384791921330951,0.10213512501536984,0.006394789958333334,0.0009217040676138804,0.0023756753363590732,0.0011366857671208236,0.005408704583333337,1.386952075664603,0.09681640746982814,0.00216015433365202,-0.005318717545541696,-0.005365044120680002,1.0177692688547937,5.613913065645897e-07,-0.0026648512036149766,0.012549746986925294,0.012549746986925294,0.12045046498211436,0.9913651082644901,5.713668196236797e-07,1.3838425971760773,0.10173711161666478,0.0036904376666666654,-0.0005475328179671301,0.0016021644208054856,0.0010036363278956122,-0.0003055678083333374,1.3849947045719062,0.09720154636557832,0.0011521073958289385,-0.0045355652510864625,-0.004569234245076517,1.0151000494126827,-2.428406359129578e-07,-0.0031291000002903442,0.012388246405415693,0.012388246405415693,0.17664702325092152,0.9926313705570392,-2.4650754151465074e-07]"
/multi_agv/m2b_algorithm_state,1789558492.3971446,1789558492.3971446,m2b_algorithm_state_v1:header6+3x20,"[1.0,-0.15,0.52,1.3859985916163113,0.10175623144856472,1789558492.3970497,1.384367974058766,0.10139641301295396,0.0036904376666666654,0.0015379828099883696,0.0010532340000702686,0.00038516180066584544,0.0009860853749999966,1.3837054081396094,0.10246906867254696,-0.000662565919156588,0.001072655659592997,0.0010708423009713084,0.9966326906268005,3.806938179727632e-08,0.0002426349020255734,0.00018902485972467544,0.00018902485972467544,0.14191362885765912,1.0016933946483473,3.794119041111844e-08,1.3857943374075945,0.10213509813438107,0.006394789958333334,0.0009217332891764346,0.002375695464285288,0.0011366626292779597,0.005408704583333337,1.3879141694473693,0.09681640746982814,0.0021198320397748383,-0.0053186906645529275,-0.005365016778700423,1.0177691800340394,5.614034902052548e-07,-0.002715226728981875,0.01272513437796223,0.01272513437796223,0.1204443137417301,0.9913651501834226,5.7137916989445e-07,1.3848450052921377,0.10173712062653022,0.0036904376666666654,-0.0005477108282596599,0.001602157691069729,0.0010037169902547887,-0.0003055678083333374,1.3859058464242824,0.09762899376082985,0.0010608411321446631,-0.004108126865700362,-0.004135660109668125,1.0136116399856803,-1.9923850921799385e-07,-0.0028096086944872957,0.011101727099030678,0.011101727099030678,0.1766278943936822,0.9933424790148018,-2.0195047207675283e-07]"
/multi_agv/m2b_algorithm_state,1789558492.407228,1789558492.407228,m2b_algorithm_state_v1:header6+3x20,"[1.0,-0.15,0.52,1.387002541294077,0.10175620229038146,1789558492.4070787,1.3853641339123617,0.1013964702589632,0.0036904376666666654,0.0015375882132134797,0.001053274867111086,0.0003853115865676076,0.0009860853749999966,1.3846923500651818,0.10198694588833404,-0.0006717838471799187,0.0005904756293708402,0.0005899241182248405,0.9981361559491043,1.1537130871160685e-08,-0.0002498056907500578,0.0021600198136204813,0.0021600198136204813,0.14192601139118594,1.000934884892754,1.1515627458422067e-08,1.3867904810753688,0.1021351293457229,0.006394789958333334,0.0009216941380033126,0.002375668377172291,0.0011366936914745385,0.005408704583333337,1.3890430364310995,0.09812363581802135,0.0022525553557306566,-0.004011493527701554,-0.004037587861768718,1.013206828659122,3.190919524958706e-07,-0.001221893667105397,0.006977963787321963,0.006977963787321963,0.12045208961680359,0.9935371476830889,3.233061452389883e-07,1.3858411598612037,0.10173709474100806,0.0036904376666666654,-0.0005474067064344021,0.001602174224630516,0.001003576562576285,-0.0003055678083333374,1.387110130219092,0.09945219485748702,0.0012689703578883105,-0.002284899883521041,-0.0022933008963580298,1.0074169736599947,-6.152828242189978e-08,-0.0007070879489976417,0.0029629142752048425,0.0029629142752048425,0.17665207585219456,0.9963367158446889,-6.198463607196773e-08]"
/multi_agv/m2b_algorithm_state,1789558492.4171247,1789558492.4171247,m2b_algorithm_state_v1:header6+3x20,"[1.0,-0.15,0.52,1.3879990130913546,0.10175622118370885,1789558492.4169676,1.3863680750512595,0.10139640564639937,0.0036904376666666654,0.001537990883976424,0.001053236066225515,0.00038515722608296627,0.0009860853749999966,1.3857971802774722,0.10319621560526161,-0.000570894773787245,0.001799809958862239,0.0017947328167852057,0.9943967012114875,1.0712243948319152e-07,0.0010811143495511495,-0.003138637308008125,-0.003138637308008125,0.14191075621001872,1.0028289124874463,1.0652220044781285e-07,1.3877944414467707,0.1021350880201963,0.006394789958333334,0.0009217398450067681,0.0023757004580813312,0.0011366571894445149,0.005408704583333337,1.3900193074389364,0.09812363581802135,0.0022248659921657588,-0.004011452202174956,-0.004037546004961521,1.0132066937532893,3.1910125368972436e-07,-0.0012564635147543227,0.00709893891586453,0.00709893891586453,0.12044250973330584,0.9935372122684174,3.2331552622349524e-07,1.3868451073842005,0.10173711320454872,0.0036904376666666654,-0.000547710058809468,0.0016021612334525927,0.0010037148138285481,-0.0003055678083333374,1.3881525832032626,0.09917376860143803,0.0013074758190620983,-0.0025633446031106816,-0.002573940177980671,1.0083469996323773,-7.749501820004355e-08,-0.0009395954041530479,0.0039012074652445172,0.0039012074652445172,0.17662228477120526,0.9958835193760013,-7.814186908847038e-08]"
/multi_agv/m2b_algorithm_state,1789558492.4271986,1789558492.4271986,m2b_algorithm_state_v1:header6+3x20,"[1.0,-0.15,0.52,1.3889959568287968,0.1017562367087364,1789558492.4270616,1.3873645533872487,0.10139645817409908,0.0036904376666666654,0.0015376272076966548,0.0010532736580855405,0.000385295312692404,0.0009860853749999966,1.3869760816958716,0.10407175551674533,-0.00038847169137712356,0.0026752973426462517,0.0026641539065276414,0.9917541808195925,2.3647499740839833e-07,0.002178564292306237,-0.007482058937010292,-0.007482058937010292,0.14192200710338979,1.0041827298683108,2.3452506733908137e-07,1.388790904967943,0.10213511636581528,0.006394789958333334,0.0009217042240239354,0.0023756756297648174,0.0011366855463193215,0.005408704583333337,1.3910754906736156,0.0982928236214495,0.0022845857056725816,-0.0038422927443657745,-0.003866201668749786,1.0126257275367956,2.9271422308789004e-07,-0.0010104695366590592,0.00616638937388338,0.00616638937388338,0.12044957508118734,0.9938159138005486,2.9640995311474256e-07,1.3878415809188724,0.10173708901121216,0.0036904376666666654,-0.0005474294121884803,0.0016021765934350236,0.0010035851723752456,-0.0003055678083333374,1.3889978332252209,0.0980292700347666,0.0011562523063484154,-0.003707818976445565,-0.0037301802827863517,1.0122302233094311,-1.6217774297930612e-07,-0.0022848648998508325,0.00910353260127424,0.00910353260127424,0.17664425575447895,0.9940053014477672,-1.6416121299176257e-07]"
/multi_agv/m2b_algorithm_state,1789558492.4371414,1789558492.4371414,m2b_algorithm_state_v1:header6+3x20,"[1.0,-0.15,0.52,1.3899959489097318,0.10175623258451956,1789558492.4370477,1.3883615027809235,0.10139650011295717,0.0036904376666666654,0.0015373361134916152,0.0010533067021207378,0.00038540430323909486,0.0009860853749999966,1.3880640633950638,0.10424232871429182,-0.000297439385859688,0.0028458286013346434,0.00283323561947289,0.9912457261802972,2.6749788960945974e-07,0.00246143638714828,-0.008578964297671837,-0.008578964297671837,0.14193158656066562,1.0044447351202286,2.651561398376259e-07,1.389787841984609,0.10213514001219681,0.006394789958333334,0.0009216722145898451,0.00237565546743701,0.0011367099103812423,0.005408704583333337,1.3920598604723813,0.0982928236214495,0.002272018487772254,-0.003842316390747308,-0.003866225606080538,1.012625804608967,2.9270763300015106e-07,-0.0010262024963652206,0.006221446208201133,0.006221446208201133,0.12045559055058737,0.9938158768345987,2.9640330238196415e-07,1.3888385257208575,0.10173707000105521,0.0036904376666666654,-0.0005472046206359015,0.0016021887666925697,0.001003481400022712,-0.0003055678083333374,1.3898626687842774,0.09675717089808972,0.0010241430634199133,-0.004979899102965493,-0.005020624038391065,1.016662001662758,-2.9265520542985376e-07,-0.0037404452091161734,0.014694399779035923,0.014694399779035923,0.17666296421401181,0.9918884714102943,-2.975314269493408e-07]"
/multi_agv/m2b_algorithm_state,1789558492.4471993,1789558492.4471993,m2b_algorithm_state_v1:header6+3x20,"[1.0,-0.15,0.52,1.3909958925531634,0.10175622880191178,1789558492.447096,1.3893614944032993,0.10139649323211945,0.0036904376666666654,0.001537365809091151,0.001053308706061884,0.0003853903889086429,0.0009860853749999966,1.3890783361849401,0.10362261557478107,-0.00028315821835911414,0.0022261223426616183,0.002218380281596839,0.9931032116506406,1.6376134148535454e-07,0.0018644325086479463,-0.006141451900902109,-0.006141451900902109,0.14193035939774756,1.0034899611797876,1.6263191417332288e-07,1.3907878351964456,0.10213513521937224,0.006394789958333334,0.0009216727701872925,0.0023756588601413497,0.001136707904558068,0.005408704583333337,1.392928552346047,0.09857140210868773,0.002140717149601512,-0.0035637331106845166,-0.003584257742109611,1.0116737179400763,2.5175781023934374e-07,-0.0009083613051077211,0.005689955756723744,0.005689955756723744,0.12045481996987074,0.9942736731279224,2.546967599052891e-07,1.3898385171294505,0.10173706930206697,0.0036904376666666654,-0.0005472245596765059,0.0016021888780082157,0.0010034899849962614,-0.0003055678083333374,1.3909001235987448,0.09812637559030542,0.0010616064692943183,-0.0036106937117615506,-0.0036318833542030127,1.0118968746743873,-1.5372571801560665e-07,-0.0023048752675851147,0.009134114743909818,0.009134114743909818,0.17666056754339268,0.9941656599689689,-1.5555457361706854e-07]"
/multi_agv/m2b_algorithm_state,1789558492.4571366,1789558492.4571366,m2b_algorithm_state_v1:header6+3x20,"[1.0,-0.15,0.52,1.3919956945927645,0.10175622594691906,1789558492.4570374,1.3903614376587285,0.10139648737069028,0.0036904376666666654,0.0015373887258979843,0.0010533110545825953,0.00038537923369887876,0.0009860853749999966,1.3900367968191014,0.10350940202405802,-0.00032464083962713275,0.0021129146533677423,0.0021059339976680913,0.9934454504873718,1.475435689344655e-07,0.0017001329481341754,-0.005499674610184791,-0.005499674610184791,0.14192930402286938,1.0033147552142567,1.4657648730661467e-07,1.3917877798303875,0.10213513088098924,0.006394789958333334,0.0009216730503434903,0.002375661831671705,0.0011367062372324016,0.005408704583333337,1.3937412591700817,0.10060045757558964,0.001953479339694253,-0.0015346733053996087,-0.0015384215300532542,1.0049131487790226,4.6626755826045995e-08,0.0009034276445645619,-0.0015808826322013785,-0.0015808826322013785,0.12045415722723601,0.9975635906151704,4.6855840014502516e-08,1.3908384601703747,0.10173706815405581,0.0036904376666666654,-0.0005472393858290763,0.0016021892849871662,0.0010034961998952644,-0.0003055678083333374,1.392040861725382,0.10008427481801918,0.001202401555007393,-0.0016527933360366287,-0.0016571681487292944,1.0053269290877298,-3.2170924242438776e-08,-0.00015416620497005315,0.0007366750733016011,0.0007366750733016011,0.17665850631166688,0.9973600671144806,-3.234229647456497e-08]"
/multi_agv/m2b_algorithm_state,1789558492.4672632,1789558492.4672632,m2b_algorithm_state_v1:header6+3x20,"[1.0,-0.15,0.52,1.3929959992378134,0.10175621990555468,1789558492.467164,1.391361239573138,0.10139648387377347,0.0036904376666666654,0.0015373961684151372,0.0010533147184549562,0.0003853741018353951,0.0009860853749999966,1.390641753545669,0.10423780045679247,-0.000719486027469074,0.0028413165830190046,0.0028287630675182677,0.9912591511496323,2.666616810206668e-07,0.0019294055331819252,-0.006669434806144226,-0.006669434806144226,0.14192875062635707,1.0044378108739063,2.643308315726802e-07,1.3927875824951848,0.10213512785571663,0.006394789958333334,0.000921671977809754,0.0023756637072605002,0.0011367057263926977,0.005408704583333337,1.3948592444295815,0.10114129712865286,0.0020716619343967846,-0.0009938307270637714,-0.0009953961661666817,1.0031621986856696,1.9546545193678567e-08,0.001594181251829299,-0.004272037995623655,-0.004272037995623655,0.12045380973348661,0.9984273205421927,1.96083552531994e-08,1.391838261709971,0.1017370661112671,0.0036904376666666654,-0.0005472424798892927,0.0016021902906730116,0.0010034970178689753,-0.0003055678083333374,1.3926006478387827,0.09978284030933038,0.0007623861288117428,-0.0019542258019367154,-0.0019603558192125025,1.006319939694871,-4.4984743967459515e-08,-0.001007373158197824,0.0038778924871225562,0.0038778924871225562,0.1766574255324474,0.9968730078408676,-4.526904483652307e-08]"
/multi_agv/m2b_algorithm_state,1789558492.4771967,1789558492.4771967,m2b_algorithm_state_v1:header6+3x20,"[1.0,-0.15,0.52,1.3939959675472755,0.10175621607141438,1789558492.47709,1.3923615430576515,0.10139647283634297,0.0036904376666666654,0.001537452768494305,0.001053313111608166,0.0003853504035724153,0.0009860853749999966,1.3917836229493048,0.10504050299331631,-0.0005779201083466745,0.0036440301569733435,0.0036235074713806825,0.9888927540731041,4.383638961662217e-07,0.0029011073359473394,-0.01054911880881873,-0.01054911880881873,0.14192641544220777,1.005663762460752,4.334948805660312e-07,1.3937878890100757,0.10213512016965492,0.006394789958333334,0.0009216766282911914,0.0023756693167871212,0.0011367007923006739,0.005408704583333337,1.3958021442480422,0.10031525019402426,0.0020142552379665,-0.0018198699756306613,-0.0018251521616870449,1.005845056935568,6.557946766964492e-08,0.0006926668857710804,-0.0007072901645052403,-0.0007072901645052403,0.12045234335501057,0.9971058927758106,6.596278339197823e-08,1.3928385656457127,0.10173706671066621,0.0036904376666666654,-0.000547283051950218,0.0016021895257387845,0.001003515002402905,-0.0003055678083333374,1.3933845817246928,0.09741300048864147,0.0005460160789800828,-0.004324066222024733,-0.004354619712844748,1.0143618560948222,-2.2059154969276982e-07,-0.0036720996141196447,0.014202281259232835,0.014202281259232835,0.1766528650031927,0.9929836603802871,-2.237596537851912e-07]"
/multi_agv/m2b_algorithm_state,1789558492.4872267,1789558492.4872267,m2b_algorithm_state_v1:header6+3x20,"[1.0,-0.15,0.52,1.3949995785367248,0.10175618901462329,1789558492.48712,1.3933615108637325,0.10139646743852487,0.0036904376666666654,0.0015374722399055288,0.0010533148127147996,0.0003853410785669253,0.0009860853749999966,1.3928496569491546,0.10481555752824456,-0.0005118539145778644,0.0034190900897196896,0.00340099186024405,0.98955135537115,3.8598700852272926e-07,0.0027611744670217194,-0.009935299300450985,-0.009935299300450985,0.14192527263397883,1.0053214562749175,3.8195396743932237e-07,1.3947878583004532,0.10213511564364045,0.006394789958333334,0.0009216778848897319,0.002375672259532724,0.0011366987166781806,0.005408704583333337,1.396856366702144,0.0994403238285982,0.002068508401690927,-0.002694791815042244,-0.0027064508222485514,1.0087412348708775,1.4387518667511294e-07,-0.00012081532013489236,0.0025484471191031806,0.0025484471191031806,0.12045162572414456,0.9956921414900786,1.4513283347393146e-07,1.393838533477641,0.10173706513207784,0.0036904376666666654,-0.000547295328903259,0.001602190188720886,0.001003519979130352,-0.0003055678083333374,1.3943130685934555,0.09912311679811255,0.00047453511581441177,-0.002613948333965291,-0.0026249705966316945,1.0085166424580365,-8.05265629394018e-08,-0.0020318017018636798,0.007764346161394266,0.007764346161394266,0.17665063313290405,0.9958009957595156,-8.121237888433126e-08]"
/multi_agv/m2b_algorithm_state,1789558492.497127,1789558492.497127,m2b_algorithm_state_v1:header6+3x20,"[1.0,-0.15,0.52,1.3959958605853109,0.101756209004724,1789558492.496953,1.394365113944997,0.10139640687195539,0.0036904376666666654,0.0015378508200158286,0.0010532789310249593,0.0003851956420635736,0.0009860853749999966,1.3938203839787346,0.10346118157992684,-0.000544729966262425,0.0020647747079714507,0.002058106071705587,0.9935912494273977,1.409444266515079e-07,0.0013771936138775556,-0.004321596792533354,-0.004321596792533354,0.1419112180381311,1.0032401810370917,1.4004114897649993e-07,1.3957914792982706,0.10213507730939989,0.006394789958333334,0.0009217199003458132,0.0023757022846366826,0.001136664884329841,0.005408704583333337,1.3978513286956098,0.0994403238285982,0.002059849397339164,-0.0026947534808016843,-0.002706412158958011,1.0087411112426408,1.4387767343908072e-07,-0.0001316004122840558,0.0025863906959404104,0.0025863906959404104,0.12044279976707814,0.9956922015304517,1.4513532418794406e-07,1.3948421423669075,0.10173708286251454,0.0036904376666666654,-0.0005475809461359033,0.0016021778445944879,0.0010036502061964176,-0.0003055678083333374,1.3958004698965378,0.10186528772533444,0.0009583275296303206,0.00012820486281990562,0.00012817889284130442,0.9995950645684735,-1.9345385581941946e-10,0.0013260883048792052,-0.005315031873279221,-0.005315031873279221,0.176623186630043,1.0002026072938026,-1.9337551949883275e-10]"
/multi_agv/m2b_algorithm_state,1789558492.5072806,1789558492.5072806,m2b_algorithm_state_v1:header6+3x20,"[1.0,-0.15,0.52,1.397004414164474,0.10175615017040995,1789558492.5071175,1.3953614028511203,0.10139646090777114,0.0036904376666666654,0.0015374797768065566,0.001053317877337089,0.00038533621744737934,0.0009860853749999966,1.3947820089742768,0.10298095968031118,-0.0005793938768434703,0.0015844987725400356,0.001580557289719108,0.9950548733999132,8.301090900610755e-08,0.0008563149436647702,-0.002235913563513325,-0.002235913563513325,0.1419231416292317,1.0024937298043959,8.260040955188405e-08,1.396787752793898,0.10213510719595545,0.006394789958333334,0.000921682202205145,0.002375676625761658,0.001136694573694294,0.005408704583333337,1.3990287786529965,0.10189498645572641,0.0022410258590983556,-0.00024012074022904117,-0.00024021160254391,1.0007574960787122,1.1404744086295814e-09,0.0025610707213290346,-0.008054491251140512,-0.008054491251140512,0.12045028752295853,0.9996217405241604,1.14133831352199e-09,1.3958384261109142,0.10173705891044546,0.0036904376666666654,-0.0005472953456564099,0.0016021932218848517,0.0010035184084190105,-0.0003055678083333374,1.3969719234084985,0.10244418708393319,0.0011334972975842739,0.0007071281734877255,0.0007063415805910374,0.9977812224168886,-5.879771090895772e-09,0.0021232132025713795,-0.008422268394216625,-0.008422268394216625,0.17664647138432432,1.0011136154493834,-5.866725186605466e-09]"
/multi_agv/m2b_algorithm_state,1789558492.517182,1789558492.517182,m2b_algorithm_state_v1:header6+3x20,"[1.0,-0.15,0.52,1.397999121663407,0.10175618068668386,1789558492.5170872,1.3963699384169903,0.10139632467000684,0.0036904376666666654,0.001538351171250587,0.001053230635977175,0.0003850038790963546,0.0009860853749999966,1.3958992354677138,0.10417059767102806,-0.0004707029492765358,0.0027742730010212185,0.0027622987854614874,0.9914588093882651,2.5439687470361544e-07,0.0021739200988658176,-0.007512584959662132,-0.007512584959662132,0.14189157228406007,1.0043348734115056,2.5222402250574225e-07,1.3977963287364028,0.10213502261972172,0.006394789958333334,0.0009217798414094796,0.002375743715787193,0.0011366173479352842,0.005408704583333337,1.400047214355452,0.10189498645572641,0.002250885619049292,-0.00024003616399531635,-0.00024012696235999227,1.0007572294129283,1.1397922487386788e-09,0.002573480061451623,-0.008098450379187102,-0.008098450379187102,0.12043046182068731,0.9996218735131469,1.1406553329540513e-09,1.396846975340028,0.10173710322150133,0.0036904376666666654,-0.0005479560367613657,0.0016021629630130546,0.001003820536951052,-0.0003055678083333374,1.3977057181858525,0.09928833899582001,0.0008587428458244339,-0.002448764225681313,-0.002458425373987115,1.0079635979512516,-7.074836638857178e-08,-0.0013849968167065725,0.005418925806723502,0.005418925806723502,0.1765848262161229,0.9960701885003191,-7.13117779341982e-08]"
/multi_agv/m2b_algorithm_state,1789558492.527195,1789558492.527195,m2b_algorithm_state_v1:header6+3x20,"[1.0,-0.15,0.52,1.3989994425962695,0.1017561750872271,1789558492.5270772,1.3973646558860864,0.10139640712383019,0.0036904376666666654,0.001537790556819543,0.0010532852271459615,0.0003852184888415795,0.0009860853749999966,1.3973941057948478,0.10564972061514795,2.944990876141418e-05,0.004253313491317759,0.004225483920173089,0.9871264094587768,5.970562397022492e-07,0.004262296306124857,-0.01575299386755167,-0.01575299386755167,0.14190907275923614,1.006586126387041,5.893699821422401e-07,1.3987910232370908,0.1021350675445289,0.006394789958333334,0.0009217269204345943,0.0023757047210519744,0.0011366605735350643,0.005408704583333337,1.4011043924245574,0.1015999684277379,0.0023133691874666074,-0.0005350991167910046,-0.0005355513546538546,1.0016937322369868,5.665053115858804e-09,0.0023561601296794047,-0.007186527702083738,-0.007186527702083738,0.12044145251624877,0.9991555658315115,5.674648198945376e-09,1.3978416858670433,0.10173706739169255,0.0036904376666666654,-0.0005475251956418357,0.0016021858682352848,0.0010036218660536972,-0.0003055678083333374,1.3989437947267016,0.10040664453278922,0.001102108859658335,-0.0013304228589033351,-0.001333250618991784,1.0042723189775071,-2.0851573390058894e-08,4.438545558113475e-05,-0.00010818402986665439,-0.00010818402986665439,0.17661899742526682,0.9978790483588243,-2.0940657962764126e-08]"
/multi_agv/m2b_algorithm_state,1789558492.537432,1789558492.537432,m2b_algorithm_state_v1:header6+3x20,"[1.0,-0.15,0.52,1.3999963672653923,0.10175619108299273,1789558492.537269,1.3983649756140804,0.10139639963676789,0.0036904376666666654,0.001537821001028793,0.001053283038711683,0.0003852064306845149,0.0009860853749999966,1.398407654689012,0.10476313816168306,4.267907493171741e-05,0.003366738524915175,0.0033491832574124086,0.9897051298265555,3.743574352438039e-07,0.0034025321010770554,-0.012212395413367582,-0.012212395413367582,0.14190668050968933,1.0052416562945348,3.7050347404950526e-07,1.3997913455888011,0.1021350602616741,0.006394789958333334,0.0009217334623790822,0.0023757089775948703,0.001136655523340982,0.005408704583333337,1.402115207259246,0.1015999684277379,0.002323861670444849,-0.0005350918339361993,-0.0005355440595087638,1.0016937092120959,5.664939276502793e-09,0.002369283028547297,-0.007233023310418463,-0.007233023310418463,0.12043995018827136,0.9991555772778448,5.6745340363413695e-09,1.398842006585927,0.10173706536323933,0.0036904376666666654,-0.0005475450728324185,0.0016021864703950287,0.0010036301688479445,-0.0003055678083333374,1.4001168986658825,0.10298106303729798,0.0012748920799554586,0.0012439976740586528,0.001241573183101312,0.9961205359303947,-1.8198434362920932e-08,0.0028351882830456353,-0.011218069366175032,-0.011218069366175032,0.17661432610762443,1.0019527571876874,-1.812783419068691e-08]"
/multi_agv/m2b_algorithm_state,1789558492.5472608,1789558492.5472608,m2b_algorithm_state_v1:header6+3x20,"[1.0,-0.15,0.52,1.4009967606403935,0.10175618474969421,1789558492.5471356,1.3993619059352551,0.10139644372192401,0.0036904376666666654,0.0015375155350106319,0.0010533155564542707,0.0003853219246298357,0.0009860853749999966,1.3993361875976587,0.10295293018124774,-2.5718337596458696e-05,0.0015564864593237276,0.0015526822974672187,0.9951407423266558,8.010526987884458e-08,0.0015205343754716453,-0.004593653368230342,-0.004593653368230342,0.1419163254744392,1.0024500581108668,7.97160177315105e-08,1.4007882632517623,0.1021350843755701,0.006394789958333334,0.0009217025026905046,0.002375687959110362,0.0011366798777320969,0.005408704583333337,1.4031895321318293,0.10266676916481497,0.0024012688800669757,0.0005316847892448684,0.0005312419128354257,0.9983374365054881,5.588691024456941e-09,0.0035328280129191454,-0.011882745033484677,-0.011882745033484677,0.12044600716639718,1.0008336624026497,5.5793994707775724e-09,1.3998389326091591,0.1017370451514841,0.0036904376666666654,-0.0005473092046041858,0.001602199272412742,0.0010035212680267335,-0.0003055678083333374,1.4013248116135109,0.10389515560878941,0.001485879004351709,0.0021581104573053095,0.0021508643144432663,0.9933399446329578,-5.4709731498359956e-08,0.0040082130698829025,-0.01586034941720536,-0.01586034941720536,0.17663316033958598,1.0033689446672134,-5.434536165746487e-08]"
/multi_agv/m2b_algorithm_state,1789558492.5573256,1789558492.5573256,m2b_algorithm_state_v1:header6+3x20,"[1.0,-0.15,0.52,1.4020006207110136,0.10175615634994471,1789558492.5572355,1.4003622980157984,0.10139643248850684,0.0036904376666666654,0.0015375732950649256,0.0010533127933403542,0.00038529832499591653,0.0009860853749999966,1.3999544912578337,0.10224997061132357,-0.00040780675796470156,0.0008535381228167299,0.0008523880365195828,0.9973138517433386,2.4102042280086833e-08,0.0003426295890637058,-6.75593980021792e-05,-6.75593980021792e-05,0.1419136762512996,1.0013492520400018,2.4037300621234198e-08,1.4017886585170949,0.10213507617181318,0.006394789958333334,0.0009217086418157883,0.0023756936301042586,0.0011366742663569546,0.005408704583333337,1.4042129058628554,0.10266676916481497,0.002424247345760522,0.0005316929930017922,0.0005312501029033163,0.9983374108219091,5.588900890742206e-09,0.003561559285103969,-0.011984928028472194,-0.011984928028472194,0.12044434349205535,1.0008336753180007,5.579608844603835e-09,1.4008393253882871,0.10173704558876256,0.0036904376666666654,-0.0005473503312178134,0.0016021984365091292,0.001003539529849628,-0.0003055678083333374,1.402189601831197,0.10204137950717176,0.001350276442909859,0.00030433391840919977,0.0003041877737418026,0.9990406862659124,-1.0895131298723017e-09,0.0019920333273791262,-0.007763706213163557,-0.007763706213163557,0.17662798692768536,1.0004804422794495,-1.0884679449633463e-09]"
/multi_agv/m2b_algorithm_state,1789558492.5670145,1789558492.5670145,m2b_algorithm_state_v1:header6+3x20,"[1.0,-0.15,0.52,1.4029962437803378,0.10175618077357329,1789558492.5669105,1.4013661497384833,0.10139636909786846,0.0036904376666666654,0.0015379701902468513,0.0010532742232916888,0.000385146347946116,0.0009860853749999966,1.4009751597359805,0.10264557714570141,-0.00039099000250275573,0.0012492080478329476,0.001246751918906611,0.9960863387044177,5.1625673524316306e-08,0.0007580144157781662,-0.0017291571047268026,-0.0017291571047268026,0.14189874129863927,1.001970022174492,5.1423628123985816e-08,1.4027925290282246,0.10213503582256529,0.006394789958333334,0.0009217537525040998,0.0023757249516329626,0.0011366384178617683,0.005408704583333337,1.4050045626877474,0.10314452049355598,0.0022120336595228274,0.0010094846709906846,0.0010078939540186934,0.9968605823092489,2.0140851678284198e-08,0.0037729360284222274,-0.012974848300290163,-0.012974848300290163,0.12043496421382428,1.0015782582737487,2.00776211322186e-08,1.401843183366333,0.10173706412940035,0.0036904376666666654,-0.0005476495196533441,0.0016021853684436774,0.0010036760161707997,-0.0003055678083333374,1.4025156215325798,0.10108280004083123,0.000672438166246847,-0.0006542640885691259,-0.000654944459398365,1.0020849602180084,-5.041557141792999e-09,0.0001856032484101938,-0.0009112049140340285,-0.0009112049140340285,0.17659882379481398,0.9989611778228277,-5.052068587870454e-09]"
/multi_agv/m2b_algorithm_state,1789558492.5773377,1789558492.5773377,m2b_algorithm_state_v1:header6+3x20,"[1.0,-0.15,0.52,1.4040086944161934,0.10175609683701219,1789558492.5771344,1.4023617810575386,0.10139643417417349,0.0036904376666666654,0.0015375270276430483,0.0010533197679438266,0.0003853147522650778,0.0009860853749999966,1.4021133023929466,0.10336475469753842,-0.000248478664591989,0.0019683205233649304,0.0019622559326536934,0.9938838837444987,1.2806596461426814e-07,0.0016516576019137072,-0.0052573710831763775,-0.0052573710831763775,0.14191299835207974,1.0030906216718811,1.2728269828631435e-07,1.403788141716068,0.10213507209091795,0.006394789958333334,0.0009217091540238039,0.002375693807190382,0.0011366739520339841,0.005408704583333337,1.4060321449241013,0.10314452049355598,0.0022440032080333072,0.0010094484026380302,0.001007857800315465,0.9968606953587036,2.013842726100596e-08,0.003812861810357099,-0.013117108223954496,-0.013117108223954496,0.12044391777064642,1.0015782011332028,2.0075206602837073e-08,1.402838808567407,0.10173703605562842,0.0036904376666666654,-0.0005473086170339433,0.0016022033229874718,0.0010035189060328912,-0.0003055678083333374,1.4035153624151295,0.10163527602826827,0.000676553847722472,-0.00010176002736014822,-0.00010177641721157044,1.00032225181586,-1.218362960224523e-10,0.0007439158924415195,-0.0031414860837449916,-0.0031414860837449916,0.17662666311448227,0.9998389621891666,-1.218755579900832e-10]"
/multi_agv/m2b_algorithm_state,1789558492.5870965,1789558492.5870965,m2b_algorithm_state_v1:header6+3x20,"[1.0,-0.15,0.52,1.4050014879661241,0.10175614001790567,1789558492.5869787,1.4033742057218916,0.1013962381601564,0.0036904376666666654,0.0015387880294539659,0.001053191692177212,0.00038483477371307703,0.0009860853749999966,1.4032201431430087,0.10247301961327744,-0.00015406257888295194,0.0010767814531210396,0.0010749541709387837,0.9966198897681952,3.838280160590274e-08,0.0008823759473350937,-0.002091707906426371,-0.002091707906426371,0.1419098877283812,1.0016998698471582,3.825306350546929e-08,1.404800624422987,0.10213495097010364,0.006394789958333334,0.000921851032332676,0.0023757900203800197,0.0011365623992743712,0.005408704583333337,1.4072010066751524,0.102458005551687,0.002400382252165434,0.00032305458158336797,0.0003228908183139946,0.9989874038002061,2.063894428064191e-09,0.0033233686335207868,-0.01103494007421931,-0.01103494007421931,0.12044199811780759,1.0005071784643136,2.0618045364095576e-09,1.4038512531037022,0.1017371013807765,0.0036904376666666654,-0.0005482655675689975,0.0016021587785091333,0.0010039568846736719,-0.0003055678083333374,1.4047624251998703,0.10330846093073605,0.0009111720961680891,0.0015713595499595445,0.0015675007633403077,0.9951179673661178,-2.906791026864161e-08,0.0027064658835504194,-0.010919263980682827,-0.010919263980682827,0.17662069802497896,1.0024617446507738,-2.8925999782111343e-08]"
/multi_agv/m2b_algorithm_state,1789558492.5970623,1789558492.5970623,m2b_algorithm_state_v1:header6+3x20,"[1.0,-0.15,0.52,1.4060008842425689,0.10175614071829468,1789558492.5968957,1.4043670131082124,0.10139635339968771,0.0036904376666666654,0.0015380106946888427,0.0010532654032321168,0.0003851333784084304,0.0009860853749999966,1.4040823495329249,0.10107841487712507,-0.00028466357528755815,-0.00031793852256263577,-0.0003180995220208363,1.0010139889620024,3.347938202791075e-09,-0.000673928991130284,0.004070686615477931,0.004070686615477931,0.1418919044384057,0.999493870794971,3.3513329751741715e-09,1.4057933997223198,0.10213501408746861,0.006394789958333334,0.0009217787636733032,0.0023757352685866984,0.0011366222086888478,0.005408704583333337,1.4082194250086735,0.102458005551687,0.002426025286353717,0.00032299146421839453,0.00032282776499631725,0.9989876017811964,2.062925797521692e-09,0.003355359372938463,-0.011148676483554453,-0.011148676483554453,0.12043067043938767,1.000507079129576,2.060837295118757e-09,1.4048440510678404,0.10173705256656067,0.0036904376666666654,-0.0005476687637088998,0.0016021899372583139,0.0010036819808548541,-0.0003055678083333374,1.4058193549584872,0.10364616321095205,0.000975303890646817,0.0019091106443913791,0.001903429374210749,0.9940915198805287,-4.2849375456687884e-08,0.0031225592375192703,-0.012570302804115113,-0.012570302804115113,0.1765854747729607,1.0029847549153148,-4.259620077367028e-08]"
/multi_agv/m2b_algorithm_state,1789558492.6070569,1789558492.6070569,m2b_algorithm_state_v1:header6+3x20,"[1.0,-0.15,0.52,1.4069956535116515,0.1017561706153513,1789558492.606926,1.4053664101478869,0.10139636202533922,0.0036904376666666654,0.0015379350368329857,0.0010532726714009844,0.0003851623926773651,0.0009860853749999966,1.404987224866733,0.09984897786879057,-0.00037918528115388206,-0.001547384156548648,-0.0015512333440310473,1.0050041436793942,7.936532100025224e-08,-0.0020252149454734,0.009380425999804032,0.009380425999804032,0.14189278909039738,0.9975186276795747,7.976247646969874e-08,1.4067927947782795,0.10213501587318309,0.006394789958333334,0.0009217756462311863,0.0023757316071317813,0.0011366254646652668,0.005408704583333337,1.4092383844041154,0.10254599874982229,0.0024455896258359644,0.00041098287663919597,0.00041071801377796864,0.9987130923599855,3.33980135470538e-09,0.0034677050460729243,-0.01159141521458059,-0.01159141521458059,0.12043122602637094,1.0006448776346355,3.335503338825879e-09,1.4058434478015402,0.1017370442563617,0.0036904376666666654,-0.0005476071671201787,0.0016021944471237403,0.00100365293463168,-0.0003055678083333374,1.4066829339372406,0.10246518729278901,0.0008394861357003958,0.00072814303642732,0.0007273091289091773,0.9977158308244117,-6.237900323674171e-09,0.001776666798534672,-0.007199255586758489,-0.007199255586758489,0.17658720201774428,1.0011465654492657,-6.223651904034443e-09]"
/multi_agv/m2b_algorithm_state,1789558492.6169627,1789558492.6169627,m2b_algorithm_state_v1:header6+3x20,"[1.0,-0.15,0.52,1.407995441782899,0.10175616819462759,1789558492.6168272,1.4063611895131691,0.10139643956698473,0.0036904376666666654,0.0015374115870752142,0.001053327193201791,0.0003853609290112303,0.0009860853749999966,1.406173739677906,0.10211197034026165,-0.00018744983526319814,0.0007155307732769206,0.0007147216856933742,0.997744629487547,1.6937990597126113e-08,0.00048040939161437656,-0.0004950665631235081,-0.0004950665631235081,0.14191007091811716,1.0011320316701477,1.689978915259315e-08,1.4077875515153662,0.10213506017645316,0.006394789958333334,0.0009217210627509246,0.002375694011144347,0.0011366686833055306,0.005408704583333337,1.4102588351221206,0.10254599874982229,0.0024712836067544153,0.00041093857336912953,0.00041067376767934004,0.9987132312144089,3.3388830511584165e-09,0.003499778276122359,-0.011705471134600463,-0.011705471134600463,0.12044207937012252,1.0006448079001635,3.3345866806694466e-09,1.4068382195064189,0.10173701210261606,0.0036904376666666654,-0.0005472048458161961,0.0016022150547638798,0.0010034678213683944,-0.0003055678083333374,1.4076316808851939,0.10192559425823448,0.0007934613787750067,0.0001885821556184275,0.00018852599068986997,0.999404771505355,-4.1826635187271847e-10,0.0011803527141586282,-0.004825146202549278,-0.004825146202549278,0.17662094660752212,1.0002979161035144,-4.1801738782173264e-10]"
/multi_agv/m2b_algorithm_state,1789558492.6269972,1789558492.6269972,m2b_algorithm_state_v1:header6+3x20,"[1.0,-0.15,0.52,1.408999931301692,0.10175613575760534,1789558492.6269052,1.4073609778644507,0.10139643649692864,0.0036904376666666654,0.0015374181471840714,0.0010533308721402783,0.00038535617180671935,0.0009860853749999966,1.4072526037957729,0.10339554535231836,-0.00010837406867780786,0.001999108855389717,0.00199285452064207,0.9937904040407626,1.3209133050936328e-07,0.00185738693479481,-0.0060075502816173566,-0.0060075502816173566,0.14190956647211966,1.0031383799885363,1.3127109671718204e-07,1.408787340188767,0.10213505775015082,0.006394789958333334,0.0009217196533621904,0.0023756952176030577,0.001136668666569668,0.005408704583333337,1.4111366913334493,0.10232493884790989,0.0023493511446823767,0.00018988109775906759,0.00018982446500188105,0.9994039233811078,7.129803489484768e-10,0.003126513395854852,-0.010270267608535177,-0.010270267608535177,0.12044176257019049,1.0002983427725503,7.125553580327391e-10,1.4078380072954801,0.10173701033680332,0.0036904376666666654,-0.0005472068594326016,0.0016022156635379665,0.001003468377474408,-0.0003055678083333374,1.408563656492602,0.10279711114396045,0.0007256491971219248,0.0010601008071571272,0.0010583376810907842,0.9966870673163458,-1.3209262969798419e-08,0.00196539917749319,-0.008028811578235623,-0.008028811578235623,0.1766199615336388,1.0016659390455849,-1.3165501570778791e-08]"
/multi_agv/m2b_algorithm_state,1789558492.6369174,1789558492.6369174,m2b_algorithm_state_v1:header6+3x20,"[1.0,-0.15,0.52,1.409997663472667,0.10175614693506634,1789558492.636823,1.4083654578964806,0.10139636199597149,0.0036904376666666654,0.0015378898378110937,0.0010532860209371275,0.000385175040873095,0.0009860853749999966,1.408238082744339,0.10242086551361199,-0.00012737515214156225,0.001024503517640496,0.001022848704859009,0.9967820829443539,3.4727299711720794e-08,0.0008636297646820563,-0.0020015644723994246,-0.0020015644723994246,0.14189240203766212,1.001617847071249,3.461555014168191e-08,1.4097918417958084,0.10213501163185733,0.006394789958333334,0.0009217708169343914,0.0023757314823491527,0.0011366276227559868,0.005408704583333337,1.4121530234537374,0.10232493884790989,0.002361181657928979,0.00018992721605255725,0.00018987055576633307,0.9994037785446043,7.133664502868235e-10,0.003141347628177557,-0.010322935499479543,-0.010322935499479543,0.12043098295491797,1.0002984153387844,7.129411259036031e-10,1.408842494212787,0.10173703364498718,0.0036904376666666654,-0.0005475629836628145,0.0016021994082746072,0.001003631201584066,-0.0003055678083333374,1.4096441356933669,0.10343745374476501,0.0008016414805798178,0.001700420099777833,0.001695905846948397,0.9947247896613199,-3.399205516379007e-08,0.002697957697673169,-0.010951094111933528,-0.010951094111933528,0.17658644631704262,1.002661853449918,-3.381273992295706e-08]"
/multi_agv/m2b_algorithm_state,1789558492.646959,1789558492.646959,m2b_algorithm_state_v1:header6+3x20,"[1.0,-0.15,0.52,1.4109991402172228,0.10175613407924185,1789558492.6468694,1.409363194201135,0.10139639458086339,0.0036904376666666654,0.0015376599392389876,0.0010533102123611916,0.00038526211009411735,0.0009860853749999966,1.4091330643548026,0.10043804112848315,-0.00023012984633252742,-0.0009583534523802395,-0.0009598233669334671,1.0030786901639082,3.042530937653326e-08,-0.0012474856748491262,0.006381023042866342,0.006381023042866342,0.1418991834814391,0.9984685572326462,3.051897947724466e-08,1.410789568770771,0.10213502868427425,0.006394789958333334,0.0009217488646528658,0.0023757158943125134,0.0011366452476237326,0.005408704583333337,1.41307753225955,0.10178268851491833,0.00228796348877891,-0.0003523401693559247,-0.000352535972540366,1.0011129324397916,2.4559284488732457e-09,0.0025074183884332716,-0.007810203600663915,-0.007810203600663915,0.12043524192591466,0.9994445866530149,2.458661731313804e-09,1.4098402274460944,0.10173701754006138,0.0036904376666666654,-0.0005473843218625611,0.0016022092761913027,0.0010035486241854264,-0.0003055678083333374,1.4106858819906427,0.10312452907208322,0.0008456545445483243,0.0013875115320218373,0.0013844986589130871,0.9956800759231117,-2.2630571233928413e-08,0.0024415668395984923,-0.009883887812657999,-0.009883887812657999,0.17659968722948421,1.0021761473652242,-2.253280888438123e-08]"
/multi_agv/m2b_algorithm_state,1789558492.6570396,1789558492.6570396,m2b_algorithm_state_v1:header6+3x20,"[1.0,-0.15,0.52,1.4120006683227568,0.10175612108937082,1789558492.656949,1.4103646675566937,0.10139636830373,0.0036904376666666654,0.0015378156120767006,0.001053296194420206,0.0003852019231319172,0.0009860853749999966,1.410031570763465,0.10082747751217247,-0.00033309679322868213,-0.0005688907915575303,-0.0005694072318596219,1.0018195094146365,1.0719371124776983e-08,-0.0009857782233954745,0.0052857836952634836,0.0052857836952634836,0.14189269603621432,0.9990930211750122,1.0738875121457498e-08,1.4117910498258577,0.10213501090057817,0.006394789958333334,0.0009217674499693001,0.002375728825904533,0.001136630464008942,0.005408704583333337,1.4140891484668285,0.10178268851491833,0.002298098640970858,-0.00035232238565983953,-0.00035251816910016124,1.0011128763105712,2.455730220879759e-09,0.0025201051321134113,-0.007855175798075133,-0.007855175798075133,0.12043116760431702,0.9994446146114356,2.4584631448677297e-09,1.4108417032691172,0.10173702303341739,0.0036904376666666654,-0.0005474995201249964,0.0016022047980635886,0.001003600888310435,-0.0003055678083333374,1.4116672293053818,0.10251214882406673,0.0008255260362646233,0.0007751257906493392,0.0007741811340521978,0.9975697497187307,-7.06723461649163e-09,0.001806088679382977,-0.007326150739676331,-0.007326150739676331,0.17658702035568602,1.00122020100412,-7.050059467577105e-09]"
/multi_agv/m2b_algorithm_state,1789558492.6670227,1789558492.6670227,m2b_algorithm_state_v1:header6+3x20,"[1.0,-0.15,0.52,1.4130003832209745,0.10175611983801398,1789558492.666894,1.411366192151275,0.10139634274750593,0.0036904376666666654,0.0015379652235920803,0.0010532815089423497,0.0003851447107459376,0.0009860853749999966,1.4109696702874348,0.10298850563462567,-0.0003965218638402046,0.001592162887119733,0.0015881834078770212,0.9950313811808097,8.3841926470091e-08,0.0010925310780767654,-0.0030822228078635156,-0.0030822228078635156,0.1418915071743674,1.002505679900051,8.342534789639454e-08,1.4127925821893048,0.10213499282892732,0.006394789958333334,0.0009217872898539762,0.0023757415996443765,0.0011366152186695344,0.005408704583333337,1.4148369086446313,0.1028808959010211,0.002044326455326484,0.0007459030720937815,0.000745032848586072,0.9976732874911788,1.0998682315685764e-08,0.003300440917744177,-0.01116164401552953,-0.01116164401552953,0.12043042530704559,1.0011680337442315,1.0973091543961307e-08,1.4118432306276902,0.10173702769167918,0.0036904376666666654,-0.0005476098392466692,0.0016022007424553175,0.0010036508176819179,-0.0003055678083333374,1.4121869822870001,0.10141674359237667,0.0003437516593098877,-0.00032028409930251467,-0.0003204467332120441,1.001016793398566,-1.2078080297458362e-09,0.00010924284092531556,-0.0007910010376904607,-0.0007910010376904607,0.1765847132248786,0.9994924775550081,-1.209036120977217e-09]"
/multi_agv/m2b_algorithm_state,1789558492.676982,1789558492.676982,m2b_algorithm_state_v1:header6+3x20,"[1.0,-0.15,0.52,1.4139981377409432,0.10175613100385794,1789558492.676909,1.4123659072035861,0.10139634611662303,0.0036904376666666654,0.0015379252139047267,0.0010532853446643567,0.0003851600582569861,0.0009860853749999966,1.4121886160118566,0.10444887054631659,-0.00017729119172948948,0.0030525244296935594,0.003038058483532753,0.9906321428724636,3.0783624729059215e-07,0.002816444493870891,-0.0099527654046485,-0.0099527654046485,0.1418917511681807,1.004761575933846,3.049524813072969e-07,1.4137922966736796,0.10213499175176165,0.006394789958333334,0.0009217875740297789,0.0023757403581148306,0.0011366157412429634,0.005408704583333337,1.4157235946664664,0.10139994240071232,0.0019312979927867957,-0.00073504935104933,-0.0007359040076405085,1.002331932063712,1.0691941908757087e-08,0.0016782184833429863,-0.0046904798986398865,-0.0046904798986398865,0.12043057893005436,0.9988386303345206,1.0716874790917465e-08,1.4128429457856582,0.1017370216456573,0.0036904376666666654,-0.0005475755409660352,0.0016022037482530949,0.0010036343868003172,-0.0003055678083333374,1.4131627399077056,0.10115558130081446,0.0003197941220474121,-0.0005814403448428374,-0.0005819773895423127,1.0018513606575468,-3.980966736341788e-09,-0.0001822347369830476,0.0003591966245660805,0.0003591966245660805,0.17658519086550903,0.9990772069342803,-3.988336941536453e-09]"
/multi_agv/m2b_algorithm_state,1789558492.6873283,1789558492.6873283,m2b_algorithm_state_v1:header6+3x20,"[1.0,-0.15,0.52,1.4149985858469287,0.10175612483393653,1789558492.6872497,1.4133636658566513,0.10139637870448058,0.0036904376666666654,0.0015376955054933095,0.0010533092880387952,0.00038524717407449594,0.0009860853749999966,1.4132726911052094,0.1038872829824362,-9.097475144193012e-05,0.002490904277955619,0.0024812304397481113,0.9923062546985872,2.0503822335402002e-07,0.0023675120004456986,-0.008069381261197387,-0.008069381261197387,0.14189248451559444,1.003898806838953,2.0346071148648001e-07,1.4147900459723588,0.1021350087639827,0.006394789958333334,0.0009217659105309845,0.0023757246942470722,0.0011366332803742774,0.005408704583333337,1.4172080343860043,0.10204013769593073,0.0024179884136454888,-9.487106805196321e-05,-9.488523619447123e-05,1.0002987898051108,1.780285792234357e-10,0.0029276002808623896,-0.00942508203487432,-0.00942508203487432,0.12043103474754124,0.9998506812748088,1.78081772347926e-10,1.4138407013938192,0.10173700554311053,0.0036904376666666654,-0.0005473968910057673,0.0016022135421163604,0.0010035518530536452,-0.0003055678083333374,1.4143125951022835,0.10215256020294983,0.00047189370846423273,0.00041555465983929285,0.00041528240719958693,0.9986917574933903,-2.031379175146741e-09,0.0010051495427798778,-0.00430812244533987,-0.00430812244533987,0.17658660735576193,1.000655584332459,-2.0287216385627723e-09]"
/multi_agv/m2b_algorithm_state,1789558492.697606,1789558492.697606,m2b_algorithm_state_v1:header6+3x20,"[1.0,-0.15,0.52,1.416001473316821,0.10175610317530837,1789558492.6973464,1.4143641127027322,0.10139636837444196,0.0036904376666666654,0.0015377475671406612,0.0010533058224297068,0.00038522640989367956,0.0009860853749999966,1.4142765927951575,0.10196901949083984,-8.751990757471795e-05,0.0005726511163978709,0.0005721323285152837,0.998192050080688,1.0852375530748195e-08,0.00046273244404688627,-0.0003664347812582856,-0.0003664347812582856,0.141889642263022,1.000906762049146,1.0832754979283035e-08,1.4157904957580334,0.10213500068324846,0.006394789958333334,0.0009217730872681639,0.0023757297333140137,0.0011366275479357674,0.005408704583333337,1.4182281539281034,0.10204013769593073,0.002437658170070023,-9.486298731772869e-05,-9.487715304745953e-05,1.0002987643607797,1.7799964440348105e-10,0.002952195559540069,-0.00951236301041146,-0.00951236301041146,0.12042924968610327,0.999850693984001,1.7805282435346027e-10,1.4148411490800206,0.10173700544411919,0.0036904376666666654,-0.0005474330950048837,0.0016022127557703044,0.0010035679552899829,-0.0003055678083333374,1.415728658704033,0.10218351330590347,0.0008875096240124059,0.0004465078617842816,0.0004461936142085456,0.9985948070011911,-2.345374069590775e-09,0.001555580644224053,-0.006279601839099308,-0.006279601839099308,0.17658105800669116,1.0007042852379082,-2.342078366368598e-09]"
/multi_agv/m2b_algorithm_state,1789558492.7070863,1789558492.7070863,m2b_algorithm_state_v1:header6+3x20,"[1.0,-0.15,0.52,1.4169973522831967,0.10175612638021432,1789558492.7070158,1.4153669939593463,0.10139632149105213,0.0036904376666666654,0.0015380372409808584,0.001053277189993906,0.0003851157402400352,0.0009860853749999966,1.4152172090470385,0.10187864772353122,-0.00014978491230777102,0.00048232623247909667,0.0004819579433732692,0.9984756533610439,7.700805678939353e-09,0.0002947268029885554,0.00027259344884685574,0.00027259344884685574,0.14189936761312183,1.0007641519574297,7.689066981685407e-09,1.416793390900561,0.1021349700340377,0.006394789958333334,0.0009218076850919833,0.0023757527512207055,0.0011366005761879877,0.005408704583333337,1.4194352647644757,0.10392295043491026,0.002641873863914679,0.0017879804008725658,0.0017830197320912585,0.9944889649730518,6.315168821187361e-08,0.005085362061984607,-0.018051764323232782,-0.018051764323232782,0.12043537449195714,1.0027821726770736,6.280365704612706e-08,1.415844035090555,0.10173701800083527,0.0036904376666666654,-0.0005476500780548306,0.0016022034037607939,0.0010036668751670238,-0.0003055678083333374,1.4165992099048257,0.10054713415207692,0.000755174814270676,-0.001189883848758358,-0.0011921433398614236,1.0038149383385189,-1.6681172207871243e-08,-0.0002481748220230786,0.0008630768842765417,0.0008630768842765417,0.1766001014095908,0.9981046816875827,-1.6744809851258488e-08]"
/multi_agv/m2b_algorithm_state,1789558492.7169876,1789558492.7169876,m2b_algorithm_state_v1:header6+3x20,"[1.0,-0.15,0.52,1.4179961586658842,0.10175613061659483,1789558492.716879,1.4163628808357789,0.1013963833686384,0.0036904376666666654,0.0015376161859073094,0.0010533201283280391,0.00038527591745121095,0.0009860853749999966,1.4163865528201323,0.10368226605871915,2.367198435337947e-05,0.0022858826900807455,0.002277723073700604,0.9929229026775782,1.7269223383187965e-07,0.0023073130541423283,-0.007754537809664444,-0.007754537809664444,0.1418915040475694,1.0035823566413122,1.7147007408622503e-07,1.4177892598881658,0.1021350044856634,0.006394789958333334,0.0009217657753665771,0.0023757228149074994,0.0011366343163472514,0.005408704583333337,1.420466071105846,0.10392295043491026,0.002676811217680264,0.0017879459492468608,0.0017829854726750106,0.9944890715969266,6.31463752478709e-08,0.005128999494775341,-0.01820765737482129,-0.01820765737482129,0.12043041897397848,1.002782118333476,6.279838009496628e-08,1.4168399161256453,0.10173699128634114,0.0036904376666666654,-0.0005473255939885658,0.0016022202259810669,0.0010035174709616766,-0.0003055678083333374,1.417551964873956,0.10005624980171994,0.0007120487483107674,-0.0016807414846212038,-0.0016852664623503368,1.0054187236692425,-3.3273993013606636e-08,-0.0007952055269618776,0.0030110312809357343,0.0030110312809357343,0.1765846930240845,0.9973149778802206,-3.345429558711968e-08]"
/multi_agv/m2b_algorithm_state,1789558492.7270548,1789558492.7270548,m2b_algorithm_state_v1:header6+3x20,"[1.0,-0.15,0.52,1.4190016083045547,0.10175609231861667,1789558492.7268825,1.4173616893126046,0.1013963971150922,0.0036904376666666654,0.001537512685514524,0.00105333351234016,0.0003853138192669659,0.0009860853749999966,1.417427127098932,0.10503799784914591,6.543778632739361e-05,0.0036416007340537154,0.0036211050027195233,0.9888998368036798,4.3779762243031425e-07,0.0037029022356287653,-0.013429850663020534,-0.013429850663020534,0.14189447889940499,1.0056600765011783,4.3293799737437675e-07,1.4187880639587211,0.1021350115761867,0.006394789958333334,0.0009217543466829145,0.0023757158785113752,0.0011366428787755734,0.005408704583333337,1.4210959130856795,0.10219402910391996,0.002307849126958361,5.9017527733268293e-05,5.9012051285243234e-05,0.9998144544921005,6.888620157624442e-11,0.0029438234599831947,-0.009557539833200238,-0.009557539833200238,0.12043228730665921,1.0000928021972764,6.887342005098568e-11,1.4178387227263263,0.10173698315850561,0.0036904376666666654,-0.0005472435308675901,0.0016022248956335649,0.001003479470078299,-0.0003055678083333374,1.4187395682940755,0.1019309576116356,0.0009008455677492755,0.0001939744531299914,0.00019391503274115957,0.9993877889622967,-4.425577222346898e-10,0.001319971992427754,-0.0053236799304902365,-0.0053236799304902365,0.17659050134509338,1.0003064248706863,-4.422867835123169e-10]"
/multi_agv/m2b_algorithm_state,1789558492.73696,1789558492.73696,m2b_algorithm_state_v1:header6+3x20,"[1.0,-0.15,0.52,1.4200005740165642,0.1017560960886605,1789558492.7368312,1.4183671275626066,0.10139630884713131,0.0036904376666666654,0.0015380744902392393,0.001053278488880681,0.0003850989183454001,0.0009860853749999966,1.4183289005924118,0.10313856870217493,-3.8226970194843446e-05,0.0017422598550436152,0.0017375001253572269,0.994572293223079,1.0039109779595633e-07,0.0016897164126136726,-0.00528527375332254,-0.00528527375332254,0.141903604476906,1.0027394125715012,9.984620435410668e-08,1.4197935279120069,0.10213495683323667,0.006394789958333334,0.0009218166216029642,0.002375758822356744,0.0011365935438600316,0.005408704583333337,1.422111386129781,0.10219402910391996,0.0023178582177740825,5.9072270683288575e-05,5.906678406914944e-05,0.9998142823627635,6.901873172607344e-11,0.0029563895562867526,-0.009602123066480969,-0.009602123066480969,0.12043804210866872,1.0000928883165996,6.900591373029221e-11,1.4188441694390503,0.101737011275482,0.0036904376666666654,-0.0005476680934293284,0.0016022052685201738,0.0010036737139891734,-0.0003055678083333374,1.4197848927941128,0.10128962000288555,0.0009407233550624561,-0.00044739127259645073,-0.00044770891169008937,1.0014223688204298,-2.357146426093914e-09,0.0007281952821379808,-0.0029276344118298538,-0.0029276344118298538,0.17660839625819547,0.9992905231829325,-2.3604991576755777e-09]"
/multi_agv/m2b_algorithm_state,1789558492.746981,1789558492.746981,m2b_algorithm_state_v1:header6+3x20,"[1.0,-0.15,0.52,1.4209974030151384,0.10175611328318311,1789558492.7468722,1.419366094976704,0.10139632459426022,0.0036904376666666654,0.001537953820773819,0.0010532898149646641,0.0003851453327436687,0.0009860853749999966,1.419215875623026,0.10151521025375909,-0.00015021935367798278,0.00011888565949887131,0.00011886322266973716,0.9996227176351382,4.679520951859043e-10,-6.891096942774132e-05,0.0017291712968776321,0.0017291712968776321,0.14190119705878612,1.0001887617433736,4.677755451127905e-10,1.4207924911912224,0.10213496296903943,0.006394789958333334,0.0009218090072347787,0.002375751523974401,0.0011366006411367424,0.005408704583333337,1.4234116755076416,0.10540520834001357,0.0026191843164191653,0.0032702453709741452,0.003253837468015997,0.9900910018702865,2.1102852323654726e-07,0.006527817863539953,-0.02399701827910732,-0.02399701827910732,0.12043652635500388,1.005042631391221,2.0893744199448013e-07,1.4198431358817665,0.10173700070268189,0.0036904376666666654,-0.0005475722268323004,0.0016022111926812244,0.00100362907712303,-0.0003055678083333374,1.4205907362785843,0.09918091241677325,0.0007476003968178713,-0.002556088285908642,-0.002566623396462375,1.008322702621743,-7.703717880767682e-08,-0.001632122900440036,0.006334147525006018,0.006334147525006018,0.17660368301983587,0.9958953422741124,-7.767833633771115e-08]"
/multi_agv/m2b_algorithm_state,1789558492.757161,1789558492.757161,m2b_algorithm_state_v1:header6+3x20,"[1.0,-0.15,0.52,1.4220014858988046,0.10175608396495446,1789558492.7570755,1.4203629300199752,0.10139637139352473,0.0036904376666666654,0.001537632291330362,0.0010533230900937607,0.0003852673956341729,0.0009860853749999966,1.420139473709735,0.10122322579613047,-0.00022345631024012214,-0.0001731455973942586,-0.00017319329374363324,1.0005513001304005,9.92575012026882e-10,-0.0004525136815437859,0.0032209426817291615,0.0032209426817291615,0.14189122834714415,0.9997246062572998,9.931222187604448e-10,1.4217893126115702,0.10213498870707695,0.006394789958333334,0.0009217771631236035,0.0023757287892955947,0.00113662627168154,0.005408704583333337,1.4244603372740925,0.10540520834001357,0.0026710246625223366,0.0032702196329366245,0.003253811990849374,0.9900910804545886,2.1101789120236919e-07,0.006592592819002294,-0.02422955260703521,-0.02422955260703521,0.12043024974147411,1.005042590700813,2.0892693189580253e-07,1.4208399664138696,0.10173697974894763,0.0036904376666666654,-0.0005473236449334584,0.0016022241913690727,0.001003514563024964,-0.0003055678083333374,1.4215449437198178,0.09881916133380218,0.0007049773059482067,-0.0029178184151454484,-0.00293158384977565,1.009539308268372,-1.0036202820793816e-07,-0.002050362217340392,0.007955766155178238,0.007955766155178238,0.17658416738124832,0.995304437691163,-1.0131941253345272e-07]"
/multi_agv/m2b_algorithm_state,1789558492.7671008,1789558492.7671008,m2b_algorithm_state_v1:header6+3x20,"[1.0,-0.15,0.52,1.423001124728357,0.10175608350452532,1789558492.7669656,1.4213670043241056,0.10139630517266525,0.0036904376666666654,0.0015380498169116404,0.0010532821400238029,0.00038510771405217414,0.0009860853749999966,1.4213556453097564,0.10265439188014133,-1.1359014349121566e-05,0.0012580867074760832,0.0012555957065988068,0.9960589184333235,5.2364522098822274e-08,0.0012413969386624048,-0.0034567556931091687,-0.0034567556931091687,0.14190693055871406,1.0019839195564184,5.215814924603078e-08,1.422793406232271,0.10213494695826,0.006394789958333334,0.0009218245357295023,0.002375761000398713,0.001136588979916614,0.005408704583333337,1.4249402175400665,0.10304278432888672,0.002146811307795593,0.0009078373706267184,0.0009065498726693887,0.9971734050491055,1.6291442904925835e-08,0.00359006400741388,-0.012272820607373785,-0.012272820607373785,0.1204401362550999,1.0014202174597837,1.6245393594667984e-08,1.4218440471400375,0.10173699976393814,0.0036904376666666654,-0.0005476381344527519,0.00160220988647556,0.0010036583252562457,-0.0003055678083333374,1.4227236759360178,0.09914872970778013,0.0008796287959802473,-0.0025882700561580124,-0.002599074741232372,1.0084305455467562,-7.900038060174094e-08,-0.001499538746257063,0.00588133880452049,0.00588133880452049,0.1766149081774998,0.9958428725026828,-7.966639690861498e-08]"
/multi_agv/m2b_algorithm_state,1789558492.7772074,1789558492.7772074,m2b_algorithm_state_v1:header6+3x20,"[1.0,-0.15,0.52,1.4240017489908885,0.10175607674778542,1789558492.7770853,1.4223666435401132,0.1013963105072012,0.0036904376666666654,0.0015379975902562013,0.0010532866155151133,0.00038512802438891644,0.0009860853749999966,1.4224574813053703,0.10241685254308165,9.08377652570902e-05,0.0010205420358804507,0.001018899945309746,0.9967943787712262,3.446177750323128e-08,0.0011324471518811088,-0.0029573384805130954,-0.0029573384805130954,0.14190690539521836,1.0016116308360439,3.435130609768564e-08,1.423793044288325,0.1021349469533732,0.006394789958333334,0.0009218241675839015,0.0023757586799044716,0.0011365903465436616,0.005408704583333337,1.4259388109947435,0.10353529256933025,0.002145766706418417,0.0014003456159570465,0.0013972937175805666,0.995664502278247,3.874896459299713e-08,0.0040795021006035884,-0.014263566819720441,-0.014263566819720441,0.12044012040775424,1.0021841495013406,3.858096854528391e-08,1.4228436863566325,0.10173699305300155,0.0036904376666666654,-0.0005475943501769419,0.001602213203272928,0.001003637620719618,-0.0003055678083333374,1.423683047944632,0.09842051343125072,0.0008393615879995764,-0.0033164796217508286,-0.003334317126337671,1.0108914071555104,-1.2975758779349787e-07,-0.0022851151413382006,0.008943955375515532,0.008943955375515532,0.176614858909288,0.994650327515057,-1.3117083051367376e-07]"
/multi_agv/m2b_algorithm_state,1789558492.7872255,1789558492.7872255,m2b_algorithm_state_v1:header6+3x20,"[1.0,-0.15,0.52,1.4250024384269147,0.10175606966124091,1789558492.787102,1.4233672662277823,0.10139630041756077,0.0036904376666666654,0.0015380464220651224,0.0010532810673744555,0.00038510974345371506,0.0009860853749999966,1.4233916903858381,0.10069517479540374,2.442415805581355e-05,-0.0007011256221570311,-0.0007019108371575293,1.002245805585141,1.6285760826751528e-08,-0.0006713806395877624,0.0042302907936555174,0.0042302907936555174,0.1419103680962376,0.9988813180265487,1.6322335479374518e-08,1.4247936702566926,0.10213493782540034,0.006394789958333334,0.0009218344365823274,0.0023757637974120005,0.0011365832328447817,0.005408704583333337,1.4272257499813894,0.10437666910615379,0.002432079724696834,0.002241731280753445,0.002233960282090442,0.9931263512142231,9.924174247247134e-08,0.005274059937961484,-0.01896130265116807,-0.01896130265116807,0.12044230055221336,1.003478575122979,9.855958958982705e-08,1.4238443104881908,0.10173699200039513,0.0036904376666666654,-0.0005476275208043048,0.0016022127370880828,0.0010036522415190984,-0.0003055678083333374,1.4245682279958396,0.09755279904439348,0.0007239175076487747,-0.004184192956001642,-0.004212771666156022,1.013875526540246,-2.066634181871716e-07,-0.003307874781595054,0.01287423684217272,0.01287423684217272,0.17662163853582505,0.9932161739540807,-2.0953098193112565e-07]"
/multi_agv/m2b_algorithm_state,1789558492.797072,1789558492.797072,m2b_algorithm_state_v1:header6+3x20,"[1.0,-0.15,0.52,1.426001903435422,0.10175607045238177,1789558492.7969587,1.4243679539726788,0.10139628981047387,0.0036904376666666654,0.0015380982899281495,0.0010532748561603356,0.0003850904914004473,0.0009860853749999966,1.424238832827879,0.09925786102130787,-0.00012912114479979309,-0.002138428789165994,-0.0021458129180266412,1.0069618036077161,1.5164954171435533e-07,-0.0023072143490263826,0.010621262640245498,0.010621262640245498,0.14191406168336712,0.9965588198306506,1.5270529604097083e-07,1.4257943614885864,0.1021349281966363,0.006394789958333334,0.0009218455647866455,0.002375769185015253,0.0011365756061861437,0.005408704583333337,1.4282263225551302,0.10393422128427672,0.002431961066543753,0.0017992930876404162,0.001794269878199734,0.9944548140300171,6.395545871781709e-08,0.004834221211379426,-0.017160482142882936,-0.017160482142882936,0.12044462602887958,1.002799584110347,6.360081380543123e-08,1.4248449998194788,0.1017369909766126,0.0036904376666666654,-0.000547662868690004,0.0016022121909324734,0.0010036678476854563,-0.0003055678083333374,1.425785435537077,0.09810356632301796,0.0009404357175981648,-0.003633424653594633,-0.003654885631652761,1.0119748404608733,-1.5579432086516487e-07,-0.002479340984655055,0.009754186700605889,0.009754186700605889,0.17662887040680156,0.9941281396407406,-1.576599330022353e-07]"
/multi_agv/m2b_algorithm_state,1789558492.807079,1789558492.807079,m2b_algorithm_state_v1:header6+3x20,"[1.0,-0.15,0.52,1.4270016924289888,0.10175606913504652,1789558492.806919,1.4253674197838584,0.10139629824041632,0.0036904376666666654,0.0015380258609247154,0.0010532812162274297,0.0003851185784377424,0.0009860853749999966,1.4251800525396057,0.09905849306121807,-0.000187367244252723,-0.002337805179198252,-0.0023466436889738847,1.0076279954885838,1.8126110648851417e-07,-0.0025808527442897885,0.011666843696601188,0.011666843696601188,0.14191342120917289,0.9962335527045872,1.8264376539106426e-07,1.4267938251873944,0.10213493000672369,0.006394789958333334,0.0009218432279175463,0.002375765255916873,0.0011365786630257307,0.005408704583333337,1.4291139688690362,0.10292344557511175,0.0023201436816417953,0.0007885155683880624,0.0007875433900374133,0.997541562502103,1.2291637272586715e-08,0.0036877229920896574,-0.012561206727324645,-0.012561206727324645,0.12044422279906816,1.0012344441753271,1.226141905060524e-08,1.4258444653350135,0.10173698311000533,0.0036904376666666654,-0.0005476034667926603,0.0016022161862409671,0.0010036400204563017,-0.0003055678083333374,1.4268365720342973,0.09813587602258729,0.0009921066992837346,-0.0036011070874180373,-0.003622182860897356,1.0118640236551024,-1.530155145337158e-07,-0.0023820494867926876,0.009400216047639494,0.009400216047639494,0.17662761639570876,0.9941814717012666,-1.548308942177415e-07]"
/multi_agv/m2b_algorithm_state,1789558492.8170109,1789558492.8170109,m2b_algorithm_state_v1:header6+3x20,"[1.0,-0.15,0.52,1.427995518797544,0.10175610547969592,1789558492.816844,1.4263672089602693,0.10139630107263185,0.0036904376666666654,0.0015379907176441229,0.001053284357028428,0.0003851321780103025,0.0009860853749999966,1.4268917711781297,0.10043219439941502,0.0005245622178604581,-0.0009641066732168357,-0.0009655943557773586,1.0030973777721626,3.079846442736725e-08,-0.000309891583451786,0.003066805672781049,0.003066805672781049,0.1419139275725139,0.9984593089721147,3.089385890650132e-08,1.427793613735983,0.10213492879676357,0.006394789958333334,0.0009218440865891245,0.0023757639209822656,0.0011365789851511543,0.005408704583333337,1.4301370405776366,0.10292344557511175,0.002343426841653562,0.0007885167783481806,0.0007875445970068242,0.9975415587229721,1.2291686501298425e-08,0.003716828149073777,-0.012664813232671861,-0.012664813232671861,0.12044454159274996,1.0012344460809601,1.2261468111839347e-08,1.4268442545907145,0.10173697753574414,0.0036904376666666654,-0.0005475725213094852,0.0016022186829910863,0.001003625307704076,-0.0003055678083333374,1.4277940211691467,0.0977676207051269,0.0009497665784321541,-0.003969356830617235,-0.003995034574928375,1.013131416211015,-1.8594268893140655e-07,-0.002807826351888182,0.011040010952875486,0.011040010952875486,0.1766286078133024,0.9935725852105798,-1.8838437977116016e-07]"
/multi_agv/m2b_algorithm_state,1789558492.8269882,1789558492.8269882,m2b_algorithm_state_v1:header6+3x20,"[1.0,-0.15,0.52,1.429000635214327,0.10175606942599429,1789558492.8268378,1.427361047510833,0.1013963932618701,0.0036904376666666654,0.0015373743036053754,0.0010533482954508508,0.000385366112832913,0.0009860853749999966,1.4279220693166434,0.09994977494139873,0.0005610218058105243,-0.0014466183204713684,-0.0014499799524208346,1.0046729512011665,6.933532555111768e-08,-0.0007487026951576792,0.004829405322782465,0.004829405322782465,0.14189333093272896,0.9976816010843089,6.965932614393504e-08,1.4287874250313572,0.10213498239314608,0.006394789958333334,0.00092177895891848,0.002375718701439933,0.0011366307403504888,0.005408704583333337,1.4316558040583411,0.10262583118107887,0.0028683790269838916,0.0004908487879327905,0.0004904712112460124,0.9984644106169677,4.763715483116872e-09,0.004075944994975877,-0.013793819810852762,-0.013793819810852762,0.12043157361742299,1.0007698243609833,4.756400372197211e-09,1.4278380838504416,0.10173694078407158,0.0036904376666666654,-0.000547099217387929,0.001602242188497428,0.0010034079183332142,-0.0003055678083333374,1.4293026141519998,0.09849644265407882,0.0014645303015581312,-0.003240498129992761,-0.0032575179288558283,1.0106328001242428,-1.2376217580140928e-07,-0.0014268550519081643,0.005902048952532147,0.005902048952532147,0.17658828347981917,0.994775224807728,-1.2507811427964707e-07]"
/multi_agv/m2b_algorithm_state,1789558492.836953,1789558492.836953,m2b_algorithm_state_v1:header6+3x20,"[1.0,-0.15,0.52,1.4300012394242814,0.10175606285105641,1789558492.836831,1.4283661533949628,0.10139630875422075,0.0036904376666666654,0.0015379143895247025,0.0010532969905081122,0.0003851586920170203,0.0009860853749999966,1.428817604837373,0.09902480648298685,0.0004514514424103222,-0.002371502271233894,-0.0023805997227157854,1.007740880202001,1.8651474741271647e-07,-0.0018162854197028826,0.008989481265026305,0.008989481265026305,0.14191269187939828,0.9961785043512007,1.8795853572834476e-07,1.4297925549690116,0.1021349310039568,0.006394789958333334,0.0009218364130892318,0.002375759264053867,0.001136584733887544,0.005408704583333337,1.4326820658091612,0.10265295816021396,0.002889510840149656,0.0005180271562571503,0.0005176066957525223,0.9983798871665672,5.306085751749858e-09,0.004129495245939592,-0.013997844360080842,-0.013997844360080842,0.12044376360631273,1.0008123165872436,5.297489294128153e-09,1.4288431972790065,0.10173696851980532,0.0036904376666666654,-0.0005475072686694673,0.0016022228285232486,0.0010035948661896309,-0.0003055678083333374,1.4303652836094956,0.09940071301983056,0.001522086330489003,-0.0023362554999747653,-0.002345041823660421,1.0075880869203848,-6.433920964026435e-08,-0.0004424339105491672,0.002053450465651474,0.002053450465651474,0.17662618836557076,0.9962532336963008,-6.482742115540354e-08]"
/multi_agv/m2b_algorithm_state,1789558492.8470547,1789558492.8470547,m2b_algorithm_state_v1:header6+3x20,"[1.0,-0.15,0.52,1.430997791399428,0.1017560820556891,1789558492.8469336,1.429366756156621,0.10139629816771394,0.0036904376666666654,0.001537968127970309,0.0010532917478322632,0.0003851381253525267,0.0009860853749999966,1.4297341388988802,0.09803900867882508,0.00036738274225922574,-0.0033572894888888594,-0.00337565801998817,1.011080692875753,3.7405476787999335e-07,-0.002916429592164138,0.013259121031249602,0.013259121031249602,0.14191608386250149,0.9945585331835909,3.7819955388158263e-07,1.430793160872787,0.10213492217941132,0.006394789958333334,0.0009218458836213637,0.0023757643455171173,0.0011365779850647517,0.005408704583333337,1.4337234946596735,0.10267341848834202,0.002930333786886452,0.0005384963089306999,0.000538042034834174,0.9983162644801347,5.733672380264102e-09,0.0042009592684422396,-0.014262292183437532,-0.014262292183437532,0.12044589918284879,1.0008443096767818,5.7240183924181805e-09,1.429843801243436,0.10173696820604396,0.0036904376666666654,-0.000547544269394754,0.0016022218932734266,0.00100361139122522,-0.0003055678083333374,1.431325052017665,0.0984477180299029,0.0014812507742290038,-0.0032892501761410536,-0.0033067923822106167,1.010798681582243,-1.2762176212015505e-07,-0.001455228914424362,0.006021694957131835,0.006021694957131835,0.17663282986136258,0.9946950990440362,-1.2899990889225536e-07]"
/multi_agv/m2b_algorithm_state,1789558492.8570547,1789558492.8570547,m2b_algorithm_state_v1:header6+3x20,"[1.0,-0.15,0.52,1.432002764261514,0.10175604725744329,1789558492.8569472,1.4303633148568304,0.1013963492715586,0.0036904376666666654,0.0015376198580070778,0.0010533279073784208,0.0003852702789312241,0.0009860853749999966,1.4308343068909606,0.09969265035187368,0.00047099203413014656,-0.001703698919684929,-0.001708370576016575,1.0055193859732146,9.620034989647091e-08,-0.0011196305333538918,0.006250414933824933,0.006250414933824933,0.14190513264315294,0.9972654315186469,9.673131675830782e-08,1.4317897044770667,0.10213495082512945,0.006394789958333334,0.0009218106813661912,0.0023757392329160076,0.0011366063083210337,0.005408704583333337,1.4347436628794445,0.10267341848834202,0.0029539584023778875,0.000538467663212569,0.0005380134375244323,0.9983163541561433,5.732842827133935e-09,0.004230461440496791,-0.014367242257467223,-0.014367242257467223,0.12043900427335036,1.0008442645786446,5.723190750134547e-09,1.4308403548643869,0.10173694607037927,0.0036904376666666654,-0.0005472751985813235,0.0016022355951559215,0.0010034876300528623,-0.0003055678083333374,1.4322765284919445,0.09866051799874273,0.0014361736275576575,-0.003076428071636536,-0.003091749063490802,1.0100758332716446,-1.1157121786858847e-07,-0.00129653202904373,0.00537510599236737,0.00537510599236737,0.17661138814403157,0.9950445551887813,-1.1269539085774671e-07]"
/multi_agv/m2b_algorithm_state,1789558492.86699,1789558492.86699,m2b_algorithm_state_v1:header6+3x20,"[1.0,-0.15,0.52,1.433002357178381,0.1017560474207498,1789558492.866902,1.4313682774486065,0.10139626933533413,0.0036904376666666654,0.0015381282345143083,0.001053277820503462,0.00038507596938311384,0.0009860853749999966,1.4312512470589611,0.10046518769884154,-0.00011703038964538948,-0.000931081636492595,-0.0009324687992708986,1.002990162275407,2.8726552446648873e-08,-0.0010787567863276355,0.005772726785694777,0.005772726785694777,0.14192398850893906,0.9985123762002672,2.881244950007734e-08,1.4327946902183781,0.1021349010997793,0.006394789958333334,0.0009218676192738681,0.0023757778705923993,0.0011365615270080148,0.005408704583333337,1.4349111572958073,0.10105822104896553,0.002116467077429185,-0.0010766800508137664,-0.0010785185319014002,1.00342904884281,2.294750303588354e-08,0.001567065314885081,-0.004137246282959035,-0.004137246282959035,0.12045087581456826,0.9982953643973157,2.3026191144614112e-08,1.4318453251175574,0.10173697133721644,0.0036904376666666654,-0.0005476587668041236,0.0016022176906912,0.001003663208133684,-0.0003055678083333374,1.4326946842742232,0.09959355668847705,0.0008493591566658409,-0.002143414648739392,-0.002150799574622872,1.0069466097808693,-5.416424820204407e-08,-0.0010891006287905708,0.004246941774210223,0.004246941774210223,0.17664830787250085,0.9965664276808429,-5.4540506098377814e-08]"
/multi_agv/m2b_algorithm_state,1789558492.8769372,1789558492.8769372,m2b_algorithm_state_v1:header6+3x20,"[1.0,-0.15,0.52,1.4339958817368295,0.10175608586798686,1789558492.8768542,1.4323678709537353,0.10139627612008707,0.0036904376666666654,0.0015380672428955012,0.0010532827683180633,0.0003850998333273703,0.0009860853749999966,1.432269393221906,0.10038207553415528,-9.847773182936059e-05,-0.001014200585931796,-0.0010158475052806906,1.0032601621751365,3.4084984089324493e-08,-0.0011389446700673914,0.0060215827114236805,0.0060215827114236805,0.14192380078804867,0.998378773053698,3.419610666519264e-08,1.4337942820692224,0.10213490194593285,0.006394789958333334,0.0009218667311620037,0.002375774672525033,0.0011365635755491432,0.005408704583333337,1.4359161691771527,0.10105822104896553,0.002121887107930265,-0.0010766808969673164,-0.0010785193809353182,1.0034290515312991,2.294751692195141e-08,0.0015738395039775128,-0.004161203759922763,-0.004161203759922763,0.12045075763394592,0.9982953630685734,2.302620513999214e-08,1.4328449185121845,0.10173696419622948,0.0036904376666666654,-0.0005476080921459994,0.001602221157580486,0.0010036394387597089,-0.0003055678083333374,1.4337542313014036,0.10035431420436469,0.0009093127892190189,-0.0013826499918647844,-0.001385705334521996,1.0044426658099959,-2.2525018082386548e-08,-0.00024906434799822227,0.0009516852755686567,0.0009516852755686567,0.1766479403087789,0.9977950993035144,-2.2625089210090705e-08]"
/multi_agv/m2b_algorithm_state,1789558492.8870468,1789558492.8870468,m2b_algorithm_state_v1:header6+3x20,"[1.0,-0.15,0.52,1.4350028708134606,0.1017560379353301,1789558492.8869889,1.433361408315597,0.10139637355426265,0.0036904376666666654,0.0015374168094883828,0.0010533496032678162,0.00038534700764675245,0.0009860853749999966,1.4332170110427955,0.09929100055314478,-0.00014439727280146641,-0.0021053730011178634,-0.0021125288150784793,1.006851628225451,1.4692899587376397e-07,-0.0022930254060803124,0.010556914897067813,0.010556914897067813,0.14190213318402878,0.9966126786486696,1.4793569872902982e-07,1.4347877907066016,0.10213495852265145,0.006394789958333334,0.0009217985814325962,0.0023757269093167555,0.0011366179639937385,0.005408704583333337,1.4369662054367653,0.10138721603585321,0.00217841473016378,-0.0007477424867982363,-0.000748627001050052,1.0023725445223974,1.1064625451821881e-08,0.0019743914116546733,-0.005733162491398362,-0.005733162491398362,0.12043711577405725,0.9988184847052335,1.109087676832998e-08,1.4338384461882894,0.10173692552704651,0.0036904376666666654,-0.0005471088637349453,0.0016022458871688423,0.0010034101752023792,-0.0003055678083333374,1.4346945810410936,0.0995073398992888,0.0008561348528042245,-0.002229585627757713,-0.002237581486381758,1.0072329188176248,-5.8551361312073466e-08,-0.0011674129203764773,0.0045603006901627965,0.0045603006901627965,0.1766055157694355,0.9964265620390993,-5.897485855510511e-08]"
/multi_agv/m2b_algorithm_state,1789558492.8970513,1789558492.8970513,m2b_algorithm_state_v1:header6+3x20,"[1.0,-0.15,0.52,1.435996285543534,0.10175607718703093,1789558492.8969285,1.4343683830563339,0.10139626076134016,0.0036904376666666654,0.0015381415044847988,0.0010532787440177497,0.0003850697368763612,0.0009860853749999966,1.4341159208125664,0.09985022535979522,-0.000252462243767404,-0.0015460354015449373,-0.0015498778478990729,1.0049997125600951,7.923762737140671e-08,-0.0018654556526083279,0.008816058017825989,0.008816058017825989,0.14192812612707842,0.9975208069724049,7.963379273220768e-08,1.4357947979165389,0.10213488979577985,0.006394789958333334,0.0009218772080809923,0.002375781309234437,0.0011365555813492578,0.005408704583333337,1.4379801169353639,0.10138721603585321,0.002185319018825016,-0.0007476737599266398,-0.0007485581119552045,1.0023723268156286,1.1063538133090886e-08,0.0019830906615760655,-0.005763917378300616,-0.005763917378300616,0.12045348074176468,0.9988185926858038,1.1089784461279748e-08,1.4348454314675094,0.10173696324887029,0.0036904376666666654,-0.0005476574411540946,0.0016022197637312382,0.0010036615548802159,-0.0003055678083333374,1.4356529432540905,0.09962030443886297,0.0008075117865811166,-0.0021166588100073186,-0.002123859062184795,1.0068578252824167,-5.2819389244280947e-08,-0.0011144693289583995,0.0043248211199779785,0.0043248211199779785,0.1766564101298466,0.9966098258092183,-5.318161538724219e-08]"
/multi_agv/m2b_algorithm_state,1789558492.9072144,1789558492.9072144,m2b_algorithm_state_v1:header6+3x20,"[1.0,-0.15,0.52,1.4370047751457298,0.10175601966672672,1789558492.9071364,1.4353618107934358,0.10139636054742807,0.0036904376666666654,0.0015374753337733839,0.001053346553443157,0.00038532322585554664,0.0009860853749999966,1.4351979841363498,0.10085696985733503,-0.00016382665708603028,-0.000539390690093039,-0.0005398548550807539,1.0017245815204263,9.634151072879384e-09,-0.0007446381764382918,0.0044181768258688536,0.0044181768258688536,0.14190606853529433,0.9991402041060731,9.650765951784668e-09,1.4367881963763682,0.10213494748005629,0.006394789958333334,0.000921808217825071,0.0023757324985027584,0.001136610879076086,0.005408704583333337,1.4389357230128925,0.10015465050585336,0.0021475266365242884,-0.001980296974202933,-0.00198655911343848,1.0063719013101697,7.767049243055134e-08,0.0006978491822168804,-0.0006527084031427701,-0.0006527084031427701,0.12043959351739213,0.9968477458369167,7.816540114303109e-08,1.4358388494607979,0.10173692353360843,0.0036904376666666654,-0.0005471461898538909,0.0016022451477769716,0.0010034267393419028,-0.0003055678083333374,1.4367522048489414,0.100583855584646,0.0009133553881435219,-0.0011530679489624301,-0.0011551891938940742,1.003695364243882,-1.5650089770942118e-08,-1.3494958714671849e-05,1.755061379872221e-05,1.755061379872221e-05,0.17661322046725617,0.9981637250912178,-1.57079225530952e-08]"
/multi_agv/m2b_algorithm_state,1789558492.9170868,1789558492.9170868,m2b_algorithm_state_v1:header6+3x20,"[1.0,-0.15,0.52,1.4379992992994357,0.10175605221965929,1789558492.9169934,1.436370282971721,0.10139622525262618,0.0036904376666666654,0.001538346245453325,0.0010532599626979612,0.00038499075836036494,0.0009860853749999966,1.4362952682923391,0.10161528105336441,-7.501467938197948e-05,0.00021905580073823538,0.00021897968346251334,0.9993056185423934,1.589030803258566e-09,0.000125211334235039,0.000994857103137137,0.000994857103137137,0.1419373758134604,1.0003475997157292,1.5879274097332177e-09,1.437796707812879,0.1021348647547487,0.006394789958333334,0.0009219040458014627,0.0023757980014478264,0.0011365352640659437,0.005408704583333337,1.4399239063837073,0.10015465050585336,0.002127198570828215,-0.001980214248895343,-0.001986475868038817,1.0063716362712254,7.767210202874255e-08,0.0006725223454964514,-0.0005633724945311093,-0.0005633724945311093,0.12045930396607749,0.9968478755547853,7.816700041129121e-08,1.4368473346525892,0.10173696899280528,0.0036904376666666654,-0.0005478060214485331,0.0016022137735266177,0.0010037290755232908,-0.0003055678083333374,1.4378467364579668,0.10170599354579685,0.0009994018053776088,-3.09754470084328e-05,-3.097696483780758e-05,1.000098013611107,-1.1298755988657882e-11,0.0012182752918842034,-0.0048582741055682305,-0.0048582741055682305,0.17667452384471194,0.9999510013526914,-1.1299863420533348e-11]"
/multi_agv/m2b_algorithm_state,1789558492.9272935,1789558492.9272935,m2b_algorithm_state_v1:header6+3x20,"[1.0,-0.15,0.52,1.4390029768870585,0.10175602606136984,1789558492.9270027,1.4373648178985492,0.10139631040639695,0.0036904376666666654,0.0015377736522825549,0.0010533163590053175,0.0003852096215090305,0.0009860853749999966,1.4372637053513124,0.10132289725111633,-0.00010111254723677021,-7.34131552806161e-05,-7.342172334240546e-05,1.0002334851856909,1.7844237183114887e-10,-0.00019981240738836822,0.00227995149843645,0.00227995149843645,0.14191924262969569,0.9998833034502688,1.78484035481471e-10,1.4387912181697793,0.10213491257168833,0.006394789958333334,0.0009218480793359105,0.0023757566110311767,0.0011365810560871048,0.005408704583333337,1.441078824312728,0.10022007088591717,0.0022876061429486505,-0.0019148416857711625,-0.0019206937971374873,1.0061567256807082,7.262084606817978e-08,0.0009388138815483258,-0.0015319398525009825,-0.0015319398525009825,0.12044788790685342,0.9969531263259941,7.30679526961225e-08,1.4378418618299782,0.10173693368089261,0.0036904376666666654,-0.0005473656556148556,0.0016022360147670564,0.0010035266213809981,-0.0003055678083333374,1.4388465751624129,0.10054753821622783,0.0010047133324346813,-0.0011893954646647747,-0.001191653095576179,1.0038133557512623,-1.665882620266345e-08,6.423856996717273e-05,-0.00024123790966813704,-0.00024123790966813704,0.17663901485473538,0.9981054629742622,-1.6722352233372657e-08]"
/multi_agv/m2b_algorithm_state,1789558492.9372091,1789558492.9372091,m2b_algorithm_state_v1:header6+3x20,"[1.0,-0.15,0.52,1.4400079773659833,0.10175599186153046,1789558492.9371114,1.4383684878945577,0.10139625173717978,0.0036904376666666654,0.0015381430781876517,0.0010532795311354527,0.0003850686451804413,0.0009860853749999966,1.4382388910357577,0.10136508637224222,-0.00012959685879998517,-3.116536493756594e-05,-3.116690855870227e-05,1.0000990717229377,3.216519791721474e-11,-0.00019316298205868373,0.002237819074929052,0.002237819074929052,0.1419335158770096,0.9999504724334972,3.216838457879103e-11,1.4397949051858077,0.10213487530689577,0.006394789958333334,0.0009218909996737291,0.002375784896247568,0.0011365477365778004,0.005408704583333337,1.4420825388457579,0.10022007088591717,0.0022876336599502167,-0.0019148044209786053,-0.0019206563058716901,1.0061566063620655,7.262141110210808e-08,0.0009388857690660808,-0.0015321673988619622,-0.0015321673988619622,0.12045687392976392,0.9969531847654394,7.30685125437215e-08,1.43884553758081,0.10173695114003396,0.0036904376666666654,-0.0005476432195478729,0.0016022232114698562,0.0010036535964436065,-0.0003055678083333374,1.4398128086729163,0.10058435328070696,0.0009672710921062588,-0.0011525978593270036,-0.0011547173666730487,1.0036938366431931,-1.565152978954901e-08,5.4371498459774865e-05,-0.00022309627643179173,-0.00022309627643179173,0.17666696472214832,0.9981644795451966,-1.5709343983807674e-08]"
/multi_agv/m2b_algorithm_state,1789558492.9471073,1789558492.9471073,m2b_algorithm_state_v1:header6+3x20,"[1.0,-0.15,0.52,1.4409963601681746,0.1017560631952525,1789558492.9469967,1.4393734780434244,0.10139617644125198,0.0036904376666666654,0.0015386173050114626,0.0010532287612401436,0.00038488949351915807,0.0009860853749999966,1.4392753113239227,0.10163248929428868,-9.816671950169109e-05,0.00023631285303669924,0.00023622428195682577,0.9992510620820171,1.8495616488831538e-09,0.00011351588257971191,0.0010288774765675138,0.0010288774765675138,0.1419524769557874,1.0003749448580803,1.8481764420326582e-09,1.4407999179677875,0.10213482613657429,0.006394789958333334,0.0009219503120626417,0.0023758218054128477,0.0011365028251314746,0.005408704583333337,1.4431817927908837,0.10065574148402337,0.002381874823096153,-0.0014790846525509216,-0.0014825648066595228,1.0047322197095363,4.332160335690862e-08,0.0014947787222106682,-0.0036943173320967094,-0.0036943173320967094,0.12046881062346565,0.9976526124908883,4.3526610702162895e-08,1.4398505360867377,0.10173697300676512,0.0036904376666666654,-0.0005479998892817793,0.0016022071099195956,0.001003816576998673,-0.0003055678083333374,1.440943227154839,0.10188536836224173,0.0010926910681012814,0.0001483953554766021,0.00014836056684719177,0.9995313998765666,-2.593792440727531e-10,0.0015142244019737934,-0.005993109798963411,-0.005993109798963411,0.17670409961008907,1.0002344870348612,-2.5925769892696454e-10]"
/multi_agv/m2b_algorithm_state,1789558492.9571056,1789558492.9571056,m2b_algorithm_state_v1:header6+3x20,"[1.0,-0.15,0.52,1.4420011352439734,0.1017560297089603,1789558492.9570043,1.4403618838579753,0.10139635555639806,0.0036904376666666654,0.0015374307957032231,0.001053347024106355,0.0003853422864597278,0.0009860853749999966,1.4403098311230005,0.10188098292873686,-5.205273497477236e-05,0.00048462737233880004,0.00048425556734858413,0.9984684216247794,7.771381440483015e-09,0.0004191896486301187,-0.0001716576154108145,-0.0001716576154108145,0.14191259855961916,1.0007677867128129,7.75947896072318e-09,1.441788271689076,0.10213493023983644,0.006394789958333334,0.0009218282209889437,0.0023757345627042348,0.00113660113375183,0.005408704583333337,1.4439778254167472,0.0983891298177548,0.0021895537276712673,-0.003745800422081641,-0.003768507065201167,1.0122953271892263,2.782178045870514e-07,-0.0010315649056120827,0.00619935087270412,0.00619935087270412,0.12044370484819344,0.9939746316706684,2.8163858352431744e-07,1.4408389249574725,0.10173690378952299,0.0036904376666666654,-0.0005470916711829174,0.0016022518902905625,0.0010033995993764385,-0.0003055678083333374,1.442012123461398,0.10257240353928637,0.0011731985039256099,0.0008354997497633798,0.0008344027066197372,0.9973822598720867,-8.204566624011499e-09,0.0023009008365267496,-0.00911610791722183,-0.00911610791722183,0.1766260056427037,1.0013147646033975,-8.183089200727686e-09]"
/multi_agv/m2b_algorithm_state,1789558492.9670482,1789558492.9670482,m2b_algorithm_state_v1:header6+3x20,"[1.0,-0.15,0.52,1.4430031451821295,0.1017560145051802,1789558492.96693,1.4413666492275043,0.1013962768167876,0.0036904376666666654,0.0015379346439470757,0.0010532992569658,0.00038514873313695314,0.0009860853749999966,1.440635039040403,0.10205682129704602,-0.0007316101871013281,0.0006605444802584154,0.0006598546773876845,0.9979166393126372,1.4440243309501581e-08,-0.00025465805648897555,0.002146191509431519,0.002146191509431519,0.14193075609872693,1.0010453860438813,1.4410159074274611e-08,1.442793059266718,0.10213488252896841,0.006394789958333334,0.000921881655586574,0.0023757720682340278,0.0011365584600243062,0.005408704583333337,1.444307529668387,0.09905649364754196,0.0015144704016689658,-0.003078388881426447,-0.0030936476648562336,1.0100288949461036,1.8783886246666705e-07,-0.0012005596627700263,0.006508192001092822,0.006508192001092822,0.12045513649107158,0.995067704831702,1.8972267868514087e-07,1.4418436972376976,0.1017369297811249,0.0036904376666666654,-0.0005474720092589961,0.0016022335935768515,0.0010035739813575228,-0.0003055678083333374,1.442381420516376,0.10083691673021157,0.0005377232786785147,-0.0009000130509133342,-0.0009013029223741263,1.0028761085976303,-9.538686555428416e-09,-0.00022914882402598296,0.0006672656862027728,0.0006672656862027728,0.17666156027641625,0.9985688813064154,-9.566120853840585e-09]"
/multi_agv/m2b_algorithm_state,1789558492.9771054,1789558492.9771054,m2b_algorithm_state_v1:header6+3x20,"[1.0,-0.15,0.52,1.4440026785582487,0.10175601531762808,1789558492.9769363,1.4423686550008952,0.10139624509151202,0.0036904376666666654,0.0015381276674411252,0.001053279590637413,0.00038507529408049685,0.0009860853749999966,1.4416376230058943,0.10242722735073248,-0.0007310319950009081,0.0010309822592204643,0.0010293065305750227,0.9967619675070735,3.517319755809415e-08,0.00011551653682388761,0.0006610765153140175,0.0006610765153140175,0.14193912636734704,1.001628017112167,3.5059305601520915e-08,1.44379507426152,0.10213486111465127,0.006394789958333334,0.0009219064316486909,0.002375787238171334,0.0011365398284131772,0.005408704583333337,1.445292815884316,0.09905649364754196,0.0014977416227959228,-0.003078367467109308,-0.0030936260401849226,1.0100288256396406,1.8784131311966804e-07,-0.001221449011690019,0.006581546905814437,0.006581546905814437,0.12046040601412103,0.9950677383505919,1.8972514089686632e-07,1.4428457062839735,0.10173693730937734,0.0036904376666666654,-0.0005476149651940537,0.0016022273034381525,0.001003639220113605,-0.0003055678083333374,1.4433405533947608,0.10121184515506693,0.0004948471107872887,-0.0005250921543104164,-0.0005255299648386499,1.0016708751095793,-3.2468623645768824e-09,9.3028923645461e-05,-0.0006413542949800013,-0.0006413542949800013,0.17667795212543885,0.9991669161465078,-3.252287466086084e-09]"
/multi_agv/m2b_algorithm_state,1789558492.9871087,1789558492.9871087,m2b_algorithm_state_v1:header6+3x20,"[1.0,-0.15,0.52,1.4450037274630951,0.10175600644538342,1789558492.987044,1.4433681892134766,0.10139625277311799,0.0036904376666666654,0.001538062410848143,0.001053285239121537,0.00038510064228122406,0.0009860853749999966,1.44270243956566,0.10285010695555435,-0.0006657496478166269,0.001453854182436362,0.0014505325658748238,0.9954558191610552,6.991968861693773e-08,0.0006183455061040401,-0.00132551350050181,-0.00132551350050181,0.14193872777513375,1.0022899289817289,6.960196090765965e-08,1.4447946063321362,0.10213486289318079,0.006394789958333334,0.0009219044455386315,0.002375783321662439,0.0011365427266581268,0.005408704583333337,1.4468392477968084,0.10059036882922792,0.0020446414646722033,-0.0015444940639528643,-0.001548290710337719,1.0049451580610094,4.723764065522829e-08,0.0010075111205025352,-0.0019436381561245175,-0.0019436381561245175,0.12046015507255037,0.9975478465642758,4.747123825469756e-08,1.4438452401291333,0.10173693028658545,0.0036904376666666654,-0.0005475609880647094,0.0016022306333983837,0.0010036140904591765,-0.0003055678083333374,1.4445268360202752,0.10295605950381492,0.0006815958911419173,0.0012191292172294699,0.001216800247480312,0.9961970010442501,-1.7478938940180436e-08,0.0020687951114077086,-0.008473685169051632,-0.008473685169051632,0.1766771715068995,1.0019140115676182,-1.7412466553643313e-08]"
/multi_agv/m2b_algorithm_state,1789558492.9976273,1789558492.9976273,m2b_algorithm_state_v1:header6+3x20,"[1.0,-0.15,0.52,1.4460039608208088,0.1017560028963646,1789558492.9974387,1.4443692359194276,0.1013962368722518,0.0036904376666666654,0.0015381514603639832,0.0010532754271332934,0.0003850671463205557,0.0009860853749999966,1.444291702071773,0.10269450384444348,-7.753384765463167e-05,0.0012982669721916806,0.0012956151234956004,0.9959349101070382,5.57648036590082e-08,0.0011986978139273108,-0.0033232261754273175,-0.0033232261754273175,0.14194369570206217,1.0020467873892405,5.5538114719270965e-08,1.445795657741037,0.10213485062432842,0.006394789958333334,0.0009219189370911832,0.002375790833825331,0.001136532536834975,0.005408704583333337,1.4478431897717279,0.10059036882922792,0.0020475320306909683,-0.0015444817951004997,-0.0015482783814459301,1.0049451189109209,4.7237634958059086e-08,0.0010111366569177803,-0.001956429528762811,-0.001956429528762811,0.12046328258848864,0.9975478658160397,4.747123067999736e-08,1.444846288728821,0.10173693183957007,0.0036904376666666654,-0.0005476245367415596,0.0016022282339716587,0.0010036428848168048,-0.0003055678083333374,1.4460834527818778,0.10301823231238007,0.0012371640530568495,0.0012813004728099986,0.0012787291240492077,0.9960059023815186,-1.930849532958838e-08,0.0028251841903702696,-0.01120068861793797,-0.01120068861793797,0.17668690094790346,1.002010862748358,-1.9231375314376013e-08]"
/multi_agv/m2b_algorithm_state,1789558493.007218,1789558493.007218,m2b_algorithm_state_v1:header6+3x20,"[1.0,-0.15,0.52,1.447009089424409,0.1017559680917658,1789558493.0069983,1.4453694687362495,0.10139623419009978,0.0036904376666666654,0.0015381537335560761,0.0010532739635185518,0.00038506692224400674,0.0009860853749999966,1.4453331420756783,0.10303275787201946,-3.632666057118428e-05,0.0016365236819196743,0.0016323207709053053,0.9948955259001765,8.858703607314456e-08,0.001586912445191325,-0.0048678774535300395,-0.0048678774535300395,0.14194577584966744,1.0025748070411664,8.813484584192907e-08,1.4467958914693388,0.10213484605420085,0.006394789958333334,0.0009219246694446032,0.002375791945589567,0.0011365294735087572,0.005408704583333337,1.4486093412865926,0.09958336004120773,0.0018134498172537317,-0.002551486012993126,-0.002561926673943796,1.008263025471399,1.290026169028872e-07,-0.00029511440237663155,0.0030986707790376386,0.0030986707790376386,0.1204645921149857,0.9959246839275858,1.3006856881223286e-07,1.4458465222568386,0.10173692844479316,0.0036904376666666654,-0.000547621853010253,0.0016022290758555095,0.001003641283462569,-0.0003055678083333374,1.4469161128539592,0.1017692957909092,0.0010695905971205288,3.2367346116030093e-05,3.2365689608143504e-05,0.9998976558360463,-1.2332311180226214e-11,0.0013693539360088046,-0.005423948750769212,-0.005423948750769212,0.17669097492968533,1.0000511809853783,-1.2331049040148856e-11]"
/multi_agv/m2b_algorithm_state,1789558493.0172045,1789558493.0172045,m2b_algorithm_state_v1:header6+3x20,"[1.0,-0.15,0.52,1.4480024471515325,0.1017560086029443,1789558493.017066,1.4463745868746032,0.10139615703964333,0.0036904376666666654,0.0015386409429180808,0.0010532220877453205,0.00038488271836205324,0.0009860853749999966,1.4463876912665707,0.10339865956717298,1.3104391967555529e-05,0.002002502527529648,0.001996227078029864,0.9937800804050108,1.326454383730252e-07,0.0020126075679893084,-0.006562825908935612,-0.006562825908935612,0.14195249595792767,1.0031436551326502,1.3182039441170288e-07,1.447801032595369,0.10213479602058005,0.006394789958333334,0.0009219849813111433,0.0023758295128792906,0.0011364837864427518,0.005408704583333337,1.4496000376802103,0.09958336004120773,0.0017990050848413208,-0.002551435979372324,-0.002561876233956733,1.0082628643251121,1.290060217706509e-07,-0.0003131198779050821,0.0031620465117624705,0.0031620465117624705,0.1204688147886146,0.9959247623105177,1.3007198102566426e-07,1.4468516488032555,0.10173695121507402,0.0036904376666666654,-0.0005479882142090373,0.0016022122828636687,0.00100380882463663,-0.0003055678083333374,1.4479151074264096,0.10241234006339876,0.0010634586231541565,0.0006753888483247428,0.000674671108799291,0.997880041126425,-5.370706281261425e-09,0.0020039943877419868,-0.007983556549555543,-0.007983556549555543,0.17670411154955384,1.0010638361656379,-5.3593206048231e-09]"
/multi_agv/m2b_algorithm_state,1789558493.0272908,1789558493.0272908,m2b_algorithm_state_v1:header6+3x20,"[1.0,-0.15,0.52,1.4490183158467247,0.10175590391384902,1789558493.0271566,1.4473679578624636,0.10139626245653081,0.0036904376666666654,0.0015379350201299774,0.001053290476408052,0.0003851531370897825,0.0009860853749999966,1.4474375059045976,0.10339875186725234,6.954804213399335e-05,0.0020024894107215224,0.001996214051838258,0.9937801291989841,1.3258278170641247e-07,0.00208314910450575,-0.00681569370565393,-0.00681569370565393,0.1419429232246375,1.0031436302522194,1.317581339337593e-07,1.4487943732080624,0.10213485529677416,0.006394789958333334,0.000921916729520654,0.0023757781695892266,0.0011365400814895843,0.005408704583333337,1.4505054993020843,0.10212476472126172,0.0017111260940219086,-1.0090575512433642e-05,-1.0090735688662178e-05,1.0000317489078066,2.014187023195305e-12,0.0021288168818387235,-0.006630575627079209,-0.006630575627079209,0.12046279629907736,0.9999841264072832,2.0142509714334096e-12,1.4478450103840719,0.10173690805552792,0.0036904376666666654,-0.0005474455442479168,0.0016022394278821343,0.0010035594740445833,-0.0003055678083333374,1.449045743244752,0.10331624368678247,0.0012007328606802314,0.0015793356312545498,0.0015754377978004113,0.995093621714503,-2.9319688223041765e-08,0.003076353873650701,-0.012242643753027074,-0.012242643753027074,0.17668538808202802,1.0024741271661635,-2.917583474140669e-08]"
/multi_agv/m2b_algorithm_state,1789558493.0372849,1789558493.0372849,m2b_algorithm_state_v1:header6+3x20,"[1.0,-0.15,0.52,1.449999761782446,0.10174719019369365,1789558493.0370152,1.4483837940336768,0.1013960172299659,0.0036904376666666654,0.0015395188572785356,0.0010531265183002948,0.0003845518857125195,0.0009860853749999966,1.4480622246543016,0.10282786921894842,-0.00032156937937521946,0.0014318519889825188,0.0014286295999116686,0.9955234506050972,6.788479818725013e-08,0.0010266678756926443,-0.0027707005731987828,-0.0027707005731987828,0.14195251382538296,1.0022555805024964,6.758090853500189e-08,1.449810281738131,0.10213470374463543,0.006394789958333334,0.0009220976404192283,0.002375897674218752,0.0011363994923592607,0.005408704583333337,1.4514261140113025,0.10093273745271962,0.0016158322731714136,-0.0012019662919158097,-0.0012042597170501507,1.0038335277595307,2.860830142576125e-08,0.0008155306244141164,-0.001421951490391492,-0.001421951490391492,0.12046880444752779,0.9980955726560725,2.871797214342993e-08,1.4488608717683666,0.1017369907669457,0.0036904376666666654,-0.0005486468277446596,0.001602182412365062,0.001004109850408815,-0.0003055678083333374,1.4498006958713092,0.10242473743793723,0.0009398241029425769,0.0006877466709915292,0.0006870024959831491,0.997841557039986,-5.5756869145214105e-09,0.0018617826246613701,-0.007484038607645644,-0.007484038607645644,0.1767040766332839,1.0010832202397097,-5.56365211235352e-09]"
/multi_agv/m2b_algorithm_state,1789558493.0471117,1789558493.0471117,m2b_algorithm_state_v1:header6+3x20,"[1.0,-0.15,0.52,1.451003282390852,0.10173519818137222,1789558493.0469427,1.4493653118050147,0.10139606169835905,0.0036904376666666654,0.0014827104863013038,0.001053418111100734,0.0004090244010916289,0.004584685874999997,1.4490538366138834,0.10243072669404829,-0.00031147519113128297,0.001034664995689244,0.001032977316966199,0.9967505293372195,3.4148541950686566e-08,0.0006436333280520953,-0.0012776320206123056,-0.0012776320206123056,0.14193592189198176,1.0016338003703718,3.403757726544108e-08,1.450791609929556,0.10211770624068098,0.002796189458333334,-0.002618749884907146,0.002375544441329369,0.0011115481409620098,-0.0017884964166666626,1.4522482963447723,0.10014489621578185,0.0014566864152163461,-0.00197281002489913,-0.0019790260011968313,1.0063487493476557,-2.1900364403775623e-07,-0.00015816798217639866,-0.0011788079088887455,-0.0011788079088887455,0.12045838863995371,0.9968590729510666,-2.2039404327997515e-07,1.4498423636127677,0.1017278026420409,0.0036904376666666654,-0.0005360609150567588,0.001602361297652578,0.0009985608736319835,0.0032930326916666636,1.4506339901964143,0.10181423329242043,0.0007916265836465097,8.643065037952646e-05,8.641884199140311e-05,0.9997268442112931,-8.607972399063132e-11,0.0010759520715495402,-0.004395756389477407,-0.004395756389477407,0.17667167649498475,1.000136641360278,-8.6056210815733e-11]"
/multi_agv/m2b_algorithm_state,1789558493.0570738,1789558493.0570738,m2b_algorithm_state_v1:header6+3x20,"[1.0,-0.15,0.52,1.4520019009729201,0.1017233945528392,1789558493.0569298,1.4503689648594988,0.10139508845306983,0.0036904376666666654,0.0014163121076129818,0.001053766790970601,0.0004376240950582336,0.004584685874999997,1.4501063353867967,0.1029103413571291,-0.0002626294727021694,0.0015152529040592805,0.0015116464324551491,0.9952671549292698,6.993520999926073e-08,0.0011833595915774374,-0.003492036907370676,-0.003492036907370676,0.14194964253628617,1.0023857904379623,6.960421748534525e-08,1.4517949887100472,0.10210109350349901,0.002796189458333334,-0.002586261594580131,0.0023751189575846876,0.0010976859663803656,-0.0017884964166666626,1.453243511186996,0.10014489621578185,0.0014485224769487104,-0.0019561972877171624,-0.0019623096224935088,1.006295514019892,-2.1267314393709775e-07,-0.00015165652630762076,-0.0011766303996422946,-0.0011766303996422946,0.12046702628705265,0.9968851323428872,-2.1401203069640826e-07,1.4508458936030109,0.10170941258754783,0.0036904376666666654,-0.0004721899618519332,0.001602318434669658,0.0009708965735373059,0.0032930326916666636,1.4516968345230175,0.10321167750083744,0.0008509409200065932,0.0015022649132896138,0.001498734826624981,0.995327169784861,-2.2885377593371316e-08,0.0025624109766332224,-0.010295476267143153,-0.010295476267143153,0.17669854802287144,1.0023553777505674,-2.2778438109468147e-08]"
/multi_agv/m2b_algorithm_state,1789558493.066946,1789558493.066946,m2b_algorithm_state_v1:header6+3x20,"[1.0,-0.15,0.52,1.4529967771764956,0.10171175797001818,1789558493.0668256,1.451367826144145,0.1013935592012478,0.0036904376666666654,0.0013553753525115861,0.0010544170190352354,0.00046369952747348734,0.004584685874999997,1.4510503600430724,0.10295581719234877,-0.0003174661010725277,0.0015622579911009626,0.0015584255821508878,0.9951228531824395,7.114098342478825e-08,0.0011615929558102282,-0.0034973190627896242,-0.0034973190627896242,0.14194600425363285,1.002459154286203,7.079401840387992e-08,1.45279341320854,0.10208483335102245,0.002796189458333334,-0.0025547215201323446,0.002374536706859942,0.0010843163945497003,-0.0017884964166666626,1.454439207085416,0.10286788287332779,0.0016457938768759117,0.0007830495223053457,0.0007820900785131645,0.9975567757170132,-3.360117484333899e-08,0.0028393324246080544,-0.013015033846323831,-0.013015033846323831,0.12046473589341375,1.0012267689087748,-3.351907963702486e-08,1.4518444635660752,0.10169179110624739,0.0036904376666666654,-0.0004125794661447098,0.001602028732967521,0.0009452074982854108,0.0032930326916666636,1.4529653778475211,0.10444236605151071,0.001120914281445895,0.0027505749452633177,0.002738849895050269,0.9915638920750325,-6.697862454301082e-08,0.004139992746857638,-0.016497115600068498,-0.016497115600068498,0.17669142225451487,1.0042810123454515,-6.64135856377001e-08]"
/multi_agv/m2b_algorithm_state,1789558493.077239,1789558493.077239,m2b_algorithm_state_v1:header6+3x20,"[1.0,-0.15,0.52,1.4540001771269766,0.10170006848109707,1789558493.0771582,1.4523630424208827,0.10139151127108256,0.0036904376666666654,0.0012995202373865286,0.0010553211185096337,0.00048744020487322365,0.004584685874999997,1.452019392245167,0.10234210352528662,-0.0003436501757156929,0.0009505922542040607,0.0009491667037873577,0.9970115210312014,2.526522866261783e-08,0.0005196039841427416,-0.0009803031278564846,-0.0009803031278564846,0.1419291152854355,1.0015018967806337,2.5189724058117707e-08,1.4537880487495387,0.10206890621490186,0.002796189458333334,-0.0025241623508326424,0.002373814719129008,0.001071444734651053,-0.0017884964166666626,1.4554623808365295,0.10286788287332779,0.0016743320869907485,0.0007989766584259317,0.0007979776913598991,0.997506991335055,-3.456562021457688e-08,0.0028908928000983347,-0.013175786625135303,-0.013175786625135303,0.12045410348377082,1.0012518734255968,-3.4479447823872745e-08,1.4528392403590658,0.1016748564240701,0.0036904376666666654,-0.00035677013854317494,0.001601514388405445,0.0009212830072038458,0.0032930326916666636,1.453802819104176,0.10224549894346664,0.0009635787451103273,0.0005706425193965359,0.0005701293034993502,0.998205166300578,-2.4970338470756394e-09,0.0017746027348872592,-0.006926465961822354,-0.006926465961822354,0.1766583471142055,1.000900174563973,-2.4925520865783108e-09]"
/multi_agv/m2b_algorithm_state,1789558493.087068,1789558493.087068,m2b_algorithm_state_v1:header6+3x20,"[1.0,-0.15,0.52,1.4549992375357597,0.10168856214116313,1789558493.0869641,1.4533668509995488,0.1013887761019523,0.0036904376666666654,0.0012490599112192561,0.0010563350791210624,0.0005087852926153073,0.004584685874999997,1.4529932908677456,0.10166603707389421,-0.000373560131803119,0.00027726097194191723,0.00027713907195753046,0.9991216073021305,2.066933094584006e-09,-0.00018981109279636826,0.0017986693520009955,0.0017986693520009955,0.14194240736653704,1.000439851311927,2.065117515646739e-09,1.4547911909567008,0.1020532215989,0.002796189458333334,-0.002495586237134035,0.0023730414891727225,0.0010594593534088148,-0.0017884964166666626,1.456295422273199,0.10099301976960007,0.001504231316498128,-0.001060201829299931,-0.0010619862218344705,1.0033796760911837,-6.0255919539127e-08,0.0008183029237881895,-0.004914136460726045,-0.004914136460726045,0.12046247154088924,0.9983197592418317,-6.045956502974568e-08,1.4538424894246802,0.10165820774243889,0.0036904376666666654,-0.00030297997289682787,0.0016007449390658124,0.00089836648851344,0.0032930326916666636,1.4547319344602685,0.10269904687031324,0.0008894450355882988,0.0010408391278743517,0.0010391374135299725,0.9967430403854847,-7.053030740512321e-09,0.0021509437080153458,-0.008436509236450949,-0.008436509236450949,0.17668437775955148,1.0016376220528895,-7.030059304230537e-09]"
/multi_agv/m2b_algorithm_state,1789558493.0970945,1789558493.0970945,m2b_algorithm_state_v1:header6+3x20,"[1.0,-0.15,0.52,1.4559981889750764,0.10167716315298682,1789558493.096971,1.454366401557298,0.10138563598532171,0.0036904376666666654,0.0012028780907058466,0.0010575494177012855,0.0005281715776130982,0.004584685874999997,1.4542448104369086,0.10216958459998166,-0.00012159112038934161,0.0007839486146599406,0.0007829777635795815,0.9975305360552513,1.5907872668895842e-08,0.0006309888630929045,-0.0013969712670061684,-0.0013969712670061684,0.14194033395976957,1.0012399471932902,1.586858875090235e-08,1.4557899508978887,0.10203784415376775,0.002796189458333334,-0.002467714593327574,0.0023721400863871978,0.0010478460378138543,-0.0017884964166666626,1.4572995174981849,0.10099301976960007,0.0015095666002962194,-0.0010448243841676835,-0.0010465575491177914,1.0033307686631756,-5.7870527729380025e-08,0.0008404007012524828,-0.004971455260639419,-0.004971455260639419,0.12046116625230949,0.9983439372717067,-5.806328106966248e-08,1.4548413601520922,0.10164220628439993,0.0036904376666666654,-0.0002526662757144928,0.0015997918788381305,0.0008770524547547093,0.0032930326916666636,1.4561578184794064,0.10495179130906532,0.001316458327314196,0.0033095850246653846,0.0032926705513393645,0.9899075956767777,-5.937309964442694e-08,0.004938243460482109,-0.01948710097451719,-0.01948710097451719,0.1766803171284222,1.0051370075026607,-5.877388231689242e-08]"
/multi_agv/m2b_algorithm_state,1789558493.107075,1789558493.107075,m2b_algorithm_state_v1:header6+3x20,"[1.0,-0.15,0.52,1.4569977999595263,0.1016658594042258,1789558493.106961,1.4553659103176433,0.10138205547042178,0.0036904376666666654,0.0011609114944108076,0.0010588994950436973,0.0005456601111320564,0.004584685874999997,1.4553037971810143,0.10250345845975295,-6.211313662896067e-05,0.0011214029893311661,0.001119421413426541,0.9964809290243312,3.1407938187733384e-08,0.0010417799926403402,-0.0030583934650675894,-0.0030583934650675894,0.14193787477775735,1.0017701786662805,3.129741142405133e-08,1.4567885704255918,0.10202274007608986,0.002796189458333334,-0.002440878667920362,0.002371144351546395,0.0010367307693090883,-0.0017884964166666626,1.4583443026418603,0.10195473935867615,0.0015557322162684795,-6.800071741371039e-05,-6.800800608150053e-05,1.0002144257154582,-2.4231930280279095e-10,0.0018766572642540987,-0.009070828856401118,-0.009070828856401118,0.12045961807040197,0.9998928263272209,-2.4237126229266377e-10,1.455840086181994,0.10162669391244884,0.0036904376666666654,-0.0002050795593400395,0.001598655951118055,0.0008570156330723775,0.0032930326916666636,1.4572497232460941,0.10455716010435377,0.0014096370641001332,0.002930466191904929,0.0029171636835770695,0.9910226753308993,-3.779609728905971e-08,0.004679210013702236,-0.018314592483248744,-0.018314592483248744,0.1766755009884169,1.0045600829335526,-3.7456789452470903e-08]"
/multi_agv/m2b_algorithm_state,1789558493.1171055,1789558493.1171055,m2b_algorithm_state_v1:header6+3x20,"[1.0,-0.15,0.52,1.4579966705145946,0.10165467712467376,1789558493.1169713,1.4563661379226156,0.10137806031097438,0.0036904376666666654,0.0011229087517041323,0.0010603551635120835,0.0005613755341664637,0.004584685874999997,1.4563549471883914,0.10269897414286264,-1.1190734224175714e-05,0.0013209138318882596,0.00131816845138049,0.9958640417475814,4.2145910001166116e-08,0.0013041800336002704,-0.0041252627790759,-0.0041252627790759,0.14193775099938274,1.0020827235736784,4.19715962768911e-08,1.4577878216593554,0.10200789507599681,0.002796189458333334,-0.0024150763724450613,0.0023700650994880057,0.001026107015313013,-0.0017884964166666626,1.4593638472826693,0.10195473935867615,0.001576025623313937,-5.315571732066038e-05,-5.316017142067009e-05,1.0001676207144172,-1.4651108456280586e-10,0.0019168718577217512,-0.00919478634194696,-0.00919478634194696,0.12045954015478222,0.9999162135882808,-1.4653564285547032e-10,1.4568394402966072,0.10161162282570622,0.0036904376666666654,-0.0001599500257602744,0.0015973495991788884,0.000838132598203937,0.0032930326916666636,1.458096714822988,0.1023983589250079,0.0012572745263808027,0.0007867360993016742,0.0007857613534276679,0.997529451330071,-2.1281807809104472e-09,0.0023573545114036715,-0.00890653598933874,-0.00890653598933874,0.17667525861112143,1.0012405113457847,-2.1229230067128003e-09]"
/multi_agv/m2b_algorithm_state,1789558493.1269772,1789558493.1269772,m2b_algorithm_state_v1:header6+3x20,"[1.0,-0.15,0.52,1.45899064130988,0.10164368939858086,1789558493.1268344,1.4573656801221786,0.1013737157350615,0.0036904376666666654,0.001088483263468176,0.001061907373262061,0.0005754901308690353,0.004584685874999997,1.4570178847720585,0.10194218310315861,-0.00034779535012008367,0.0005684673680971114,0.0005679559595047416,0.9982046207012436,7.57074637455416e-09,0.000133211771854637,0.0003583567875736194,0.0003583567875736194,0.14193500551148283,1.0009004370564503,7.55715401323715e-09,1.4587863035419142,0.10199330708067679,0.002796189458333334,-0.0023901079328288374,0.0023688990819581424,0.001015889868009115,-0.0017884964166666626,1.4599424027722223,0.10146955482903731,0.0011560992303081274,-0.0005237522516394755,-0.000524186312307882,1.0016607991592474,-1.4082476714111916e-08,0.0009209377255772773,-0.005418095283178267,-0.005418095283178267,0.12045781172259824,0.999171934371015,-1.4105864879598835e-08,1.4578380278796916,0.10159700855828296,0.0036904376666666654,-0.00011727581394872658,0.0015958944355266014,0.0008203912990672677,0.0032930326916666636,1.4589107223813353,0.10340577352712299,0.0010726945016437117,0.0018087649688400265,0.0018036515526093197,0.9943848537128152,-8.242252130269526e-09,0.0031445196796639594,-0.012169061114252845,-0.012169061114252845,0.17666988191930913,1.0028350355274052,-8.195970678822201e-09]"
/multi_agv/m2b_algorithm_state,1789558493.1370962,1789558493.1370962,m2b_algorithm_state_v1:header6+3x20,"[1.0,-0.15,0.52,1.4599938224879325,0.10163265056504263,1789558493.1369517,1.4583603770580562,0.10136913944884271,0.0036904376666666654,0.0010570488358711615,0.0010635722460837099,0.0005882496100414519,0.004584685874999997,1.457944690414852,0.10164812182900451,-0.0004156866432041273,0.0002789823801618019,0.00027885893055425674,0.9991159354603256,1.7711396000098526e-09,-0.00024074937345090237,0.0017868957657062854,0.0017868957657062854,0.14191491409930523,1.0004426955496808,1.7695737982946709e-09,1.4597798499801775,0.10197898924599119,0.002796189458333334,-0.0023655342468536372,0.002367626010891799,0.0010058995422310008,-0.0017884964166666626,1.4609500669877107,0.10146955482903731,0.0011702170075331697,-0.0005094344169538773,-0.0005098451054420349,1.0016154488703435,-1.3186803926558984e-08,0.0009529261539744273,-0.005513464000205191,-0.005513464000205191,0.12044516272001798,0.9991944838073878,-1.3208106534065585e-08,1.458831696891407,0.10158293950090867,0.0036904376666666654,-7.735199108708417e-05,0.0015943263422638423,0.000803900972160885,0.0032930326916666636,1.4600907099545846,0.10565015885456584,0.0012590130631775498,0.00406721935365717,0.0040418009633683295,0.9876950966224022,-2.7442586157049176e-08,0.005615567292340267,-0.022142600727731828,-0.022142600727731828,0.17663053946430152,1.0062888772899041,-2.710490778595528e-08]"
/multi_agv/m2b_algorithm_state,1789558493.1470525,1789558493.1470525,m2b_algorithm_state_v1:header6+3x20,"[1.0,-0.15,0.52,1.460988397346701,0.10162187292045931,1789558493.14697,1.4593643157136718,0.10136407722712298,0.0036904376666666654,0.0010294878353520952,0.0010652115467062457,0.000599343398870605,0.004584685874999997,1.4589698818998438,0.10189905343240524,-0.0003944338138279768,0.000534976205282256,0.0005345231065069558,0.9983095299373473,6.341989742129682e-09,4.1480839221984755e-05,0.0006408000377587707,0.0006408000377587707,0.14192742902749206,1.0008476692022934,6.331268798332962e-09,1.4607826011415188,0.10196486631334917,0.002796189458333334,-0.002342642748069608,0.0023663359607593026,0.0009966472449196295,-0.0017884964166666626,1.4618724069385702,0.10067384499855045,0.001089805797051424,-0.0012910213147987182,-0.0012936750700215881,1.0041312086736691,-8.391994857616974e-08,6.858217629269201e-05,-0.0020063423947743347,-0.0020063423947743347,0.12045304187580212,0.9979486694268401,-8.426663939562148e-08,1.4598345506086066,0.10156900815465572,0.0036904376666666654,-3.844607735197696e-05,0.0015925852435689676,0.000787941883858959,0.0032930326916666636,1.4611918897662322,0.1051763635766535,0.0013573391576255922,0.0036073554219977766,0.0035872857889355314,0.9890261418314341,-1.0734219103896465e-08,0.005283959735967522,-0.020669858207328768,-0.020669858207328768,0.1766550450554995,1.0055946568640133,-1.0616423305899995e-08]"
/multi_agv/m2b_algorithm_state,1789558493.157131,1789558493.157131,m2b_algorithm_state_v1:header6+3x20,"[1.0,-0.15,0.52,1.461995312174924,0.10161099430054206,1789558493.1570368,1.4603596969599475,0.10135892740552616,0.0036904376666666654,0.001004090621092839,0.001066961372835351,0.000609441776520594,0.004584685874999997,1.4602840224410574,0.10232530568459888,-7.567451889012311e-05,0.0009663782790727271,0.0009649045122650537,0.9969610908518056,2.017802566238299e-08,0.0008703113636523998,-0.002532215004086499,-0.002532215004086499,0.14190947777834134,1.0015273706246992,2.0116706475605072e-08,1.4617767061386129,0.10195100937135616,0.002796189458333334,-0.0023196409926430116,0.0023649263757354877,0.0009874093526905797,-0.0017884964166666626,1.463193248413157,0.100101509034682,0.0014165422745440193,-0.0018495003366741647,-0.0018549707696237003,1.0059569964405881,-1.7061257209241964e-07,-8.429292644367625e-05,-0.001194853546552119,-0.001194853546552119,0.12044174000737794,0.9970509330717674,-1.7162891057709376e-07,1.4608287889415428,0.10155568198449559,0.0036904376666666654,-2.4255264911474637e-06,0.0015907748651480813,0.0007732695662371067,0.0032930326916666636,1.4621483274309046,0.10326659134195007,0.0013195384893618378,0.0017109093574544793,0.0017063282628114545,0.9946796718818949,-1.5256193153600786e-10,0.0033557513745137517,-0.012760335763430263,-0.012760335763430263,0.17661989537071704,1.0026847674875154,-1.517502520019044e-10]"
/multi_agv/m2b_algorithm_state,1789558493.1669443,1789558493.1669443,m2b_algorithm_state_v1:header6+3x20,"[1.0,-0.15,0.52,1.462985440536903,0.10160051676703409,1789558493.1668644,1.4613674373865897,0.10135327904162261,0.0036904376666666654,0.000982452449257367,0.0010686288343539452,0.0006179535861954213,0.004584685874999997,1.461327239190016,0.10227238582349044,-4.0198196573637546e-05,0.0009191067818678234,0.0009177730903955821,0.9971079632404728,1.7859978259413894e-08,0.0008675253446785351,-0.0025220219912995036,-0.0025220219912995036,0.14193521045467458,1.0014531821494859,1.7808326545763314e-08,1.4627831540719023,0.10193732321172512,0.002796189458333334,-0.002298530687200987,0.0023635256909344537,0.000978986733549167,-0.0017884964166666626,1.4642184050662672,0.10079664292329496,0.0014352509943649228,-0.0011406802884301598,-0.0011427503781182302,1.00364526230617,-6.428076532943651e-08,0.0006513133648379233,-0.004089848781037798,-0.004089848781037798,0.1204579407677079,0.9981885022943687,-6.451508558030367e-08,1.4618353450662804,0.10154238064827846,0.0036904376666666654,3.313351145024486e-05,0.0015887937111521474,0.0007588861432590143,0.0032930326916666636,1.4629799345617662,0.1025246334678355,0.0011445894954857927,0.0009822528195570362,0.0009807342150225159,0.9969194431557111,6.873159258789369e-10,0.0024114710843797568,-0.009000418871357205,-0.009000418871357205,0.17667028329623194,1.0015484363768072,6.851986100992818e-10]"
/multi_agv/m2b_algorithm_state,1789558493.176947,1789558493.176947,m2b_algorithm_state_v1:header6+3x20,"[1.0,-0.15,0.52,1.4639838412667274,0.10159000966697412,1789558493.1768646,1.4623584408699934,0.10134777466594408,0.0036904376666666654,0.0009617860918129666,0.0010704483973801968,0.0006259650373748979,0.004584685874999997,1.4622389588388491,0.1016443586320156,-0.00011948203114431344,0.0002965839660715175,0.0002964444258406936,0.9990600735286673,1.8214410253390849e-09,0.00014709188691030178,0.00030547301233827245,0.00030547301233827245,0.14190151903075843,1.0004707129521095,1.8197290047033973e-09,1.4637727626142942,0.1019239175957097,0.002796189458333334,-0.0022763955431816963,0.0023619662321741064,0.0009702024860268194,-0.0017884964166666626,1.4652207746611052,0.10079664292329496,0.001448012046810998,-0.0011272746724147464,-0.0011292965534213883,1.0036025275784743,-6.217741878189459e-08,0.0006807185050923593,-0.004177785421620696,-0.004177785421620696,0.12043672907373593,0.9982096102210566,-6.240141464781471e-08,1.462825118126421,0.10152985803944851,0.0036904376666666654,6.520681588712387e-05,0.0015868102993814148,0.0007460148681838869,0.0032930326916666636,1.4640306631967126,0.10363403815087979,0.0012055450702916914,0.002104180111431278,0.002097269198703098,0.9934838290076463,6.202548133662494e-09,0.0036042005365677122,-0.013776287079492437,-0.013776287079492437,0.17660431335169147,1.003295195834876,6.162131269435245e-09]"
/multi_agv/m2b_algorithm_state,1789558493.1870599,1789558493.1870599,m2b_algorithm_state_v1:header6+3x20,"[1.0,-0.15,0.52,1.4649880162114453,0.10157951915564063,1789558493.1869426,1.4633577337213237,0.10134190106353132,0.0036904376666666654,0.0009441908615226359,0.0010721976491220525,0.0006326818387820533,0.004584685874999997,1.463271828036551,0.10225498064403872,-8.590568477262472e-05,0.0009130795805074032,0.000911763059810089,0.9971262859301526,1.6940998183519944e-08,0.0008043809538443081,-0.0023326099917722583,-0.0023326099917722583,0.14189711220868917,1.0014439285329113,1.6892314598682703e-08,1.464770639921633,0.10191069394596387,0.002796189458333334,-0.00225571139080725,0.0023603959647158224,0.0009620528369692349,-0.0017884964166666626,1.4662683236635825,0.10084729841615067,0.0014976837419495848,-0.001063395529813202,-0.0010651942074507972,1.0033965289881555,-5.482846389458587e-08,0.0008069104699861837,-0.004632497698978502,-0.004632497698978502,0.12043395443106628,0.9983114087318409,-5.501469036157987e-08,1.4638231501572263,0.1015174339914272,0.0036904376666666654,9.66159506405038e-05,0.0015846981164518003,0.000733498482207696,0.0032930326916666636,1.4651594816085796,0.10414092124138406,0.0013363314513532565,0.0026234872499568684,0.002612784761750841,0.9919225213408135,1.4281516033767529e-08,0.004283199075942412,-0.01643690926576962,-0.01643690926576962,0.17659568594516503,1.0040961997186695,1.4166157392783942e-08]"
/multi_agv/m2b_algorithm_state,1789558493.1970398,1789558493.1970398,m2b_algorithm_state_v1:header6+3x20,"[1.0,-0.15,0.52,1.4659886061524805,0.10156920479236929,1789558493.1969404,1.4643628174904442,0.10133573660268828,0.0036904376666666654,0.000929261193345608,0.0010738851417456895,0.0006382753405894249,0.004584685874999997,1.464364077493882,0.10289806140394356,1.2600034378085212e-06,0.0015623248012552743,0.0015584890456123825,0.9951187927428353,4.8792152899333784e-08,0.0015600640499096432,-0.005345762294209839,-0.005345762294209839,0.14191314157426183,1.002461201542411,4.855398828850887e-08,1.4657742844660697,0.1018976522777542,0.002796189458333334,-0.0022361467522604593,0.002358804763872957,0.0009543993663406608,-0.0017884964166666626,1.467270381146008,0.10084729841615067,0.0014960966799382192,-0.0010503538616035285,-0.0010521088280308296,1.003354968988437,-5.303058847797797e-08,0.0008180120218919443,-0.004658159620030801,-0.004658159620030801,0.12044404673389632,0.998331953519879,-5.320850445776014e-08,1.4648269466778223,0.10150516858647946,0.0036904376666666654,0.00012714388568365372,0.0015824755871788557,0.0007214214769698346,0.0032930326916666636,1.4661091740210126,0.10321390900176965,0.0012822273431902786,0.0017087404152901914,0.001704167700272161,0.9946826065663229,7.978744167889215e-09,0.0033069518792600092,-0.012455481894416715,-0.012455481894416715,0.1766270688342049,1.002683254128863,7.936318046041891e-09]"
/multi_agv/m2b_algorithm_state,1789558493.2069314,1789558493.2069314,m2b_algorithm_state_v1:header6+3x20,"[1.0,-0.15,0.52,1.4669837818429865,0.10155909481077303,1789558493.2068563,1.4653643404450125,0.10132950700417477,0.0036904376666666654,0.0009159328113814836,0.001075581307087781,0.0006431702343170889,0.004584685874999997,1.4647194438328732,0.1029125536131436,-0.0006448966121392896,0.0015830466089688244,0.0015791087130102932,0.9950548003769174,4.937718484160359e-08,0.0007729879478361812,-0.0025593224499379156,-0.0025593224499379156,0.14191648306514743,1.0024937459505396,4.913300480573601e-08,1.466774320029168,0.10188481739512896,0.002796189458333334,-0.0022167077984428804,0.0023571416300627313,0.0009468378082790191,-0.0017884964166666626,1.467535796272093,0.1002725313559164,0.0007614762429248856,-0.0016122860392125543,-0.0016164394600705762,1.0051836593817598,-1.2391870224427757e-07,-0.0006645941564144692,0.0008509867190034802,0.0008509867190034802,0.12044615053178165,0.9974305125798892,-1.2456105458774161e-07,1.465827157983261,0.10149328997780413,0.0036904376666666654,0.0001559024419345704,0.0015802030837503422,0.0007101374471513377,0.0032930326916666636,1.4661981361405194,0.10196883071885199,0.0003709781572585058,0.0004755407410478585,0.00047518319415772967,0.9984989619219999,7.584472744520511e-10,0.000938905890730862,-0.003397105938164171,-0.003397105938164171,0.17663361152831572,1.0007524400999968,7.573088162129433e-10]"
/multi_agv/m2b_algorithm_state,1789558493.216899,1789558493.216899,m2b_algorithm_state_v1:header6+3x20,"[1.0,-0.15,0.52,1.4679760022943835,0.10154914594908793,1789558493.2167952,1.466360472376913,0.10132326755691924,0.0036904376666666654,0.0009038953005617027,0.0010772939690136588,0.0006474970045543037,0.004584685874999997,1.4656617659085711,0.10155667908029299,-0.0006987064683419142,0.00023341152337374993,0.0002333250264506482,0.9992595008717888,1.0604059603618976e-09,-0.0006400580589767445,0.0030728611050161313,0.0030728611050161313,0.14190066091063022,1.0003707142967797,1.0596207306726997e-09,1.467768914707679,0.10187219327249844,0.002796189458333334,-0.002197217070785601,0.002355398594077851,0.0009392953851762309,-0.0017884964166666626,1.4685355434914709,0.1002725313559164,0.0007666287837919672,-0.0015996619165820347,-0.0016037508574275868,1.005143212264381,-1.2091911691216027e-07,-0.0006454648776876278,0.0007974339750229749,0.0007974339750229749,0.1204361887797044,0.9974503889886546,-1.2154102959726103e-07,1.466821958444367,0.10148182360290141,0.0036904376666666654,0.00018283591690951588,0.0015778998844288685,0.0006996605090746127,0.0032930326916666636,1.467181135558003,0.10221310559204114,0.0003591771136359778,0.0007312819891397287,0.0007304379690505119,0.9976980713373367,2.103158118120203e-09,0.0011794093610954842,-0.004344658522371267,-0.004344658522371267,0.17660263334506354,1.0011554986528342,2.098316798165989e-09]"
/multi_agv/m2b_algorithm_state,1789558493.2269485,1789558493.2269485,m2b_algorithm_state_v1:header6+3x20,"[1.0,-0.15,0.52,1.4689792635496477,0.10153912897053792,1789558493.226806,1.4673536670627365,0.10131697825271936,0.0036904376666666654,0.000893270330520782,0.0010789954273258129,0.0006512173201535516,0.004584685874999997,1.4670437679554051,0.10145797464318737,-0.0003098991073313684,0.0001409963904680095,0.00014096480314425484,0.9995521804223771,3.8242755700906305e-10,-0.00024640908101995567,0.0017049814825004957,0.0017049814825004957,0.14190317329798394,1.0002240795081472,3.822562984620119e-10,1.4687605328441735,0.10185977055912565,0.002796189458333334,-0.0021779284581828293,0.0023535916493699904,0.0009318738301131863,-0.0017884964166666626,1.469981949749862,0.10078410661101446,0.0012214169056885549,-0.0010756639481111913,-0.0010775058100904683,1.0034385613049273,-5.4179397970974893e-08,0.0004492653220202253,-0.0032842985172437333,-0.0032842985172437333,0.12043774762146929,0.9982906245497438,-5.436569715236214e-08,1.4678138069762405,0.10147068903541875,0.0036904376666666654,0.0002083112039513598,0.001575559547365768,0.0006898349754748041,0.0032930326916666636,1.468721169689382,0.10252454196308752,0.000907362713141513,0.0010538529276687691,0.0010521041039474647,0.9966943568994022,4.9754778146966015e-09,0.002186307495374356,-0.008057550461011387,-0.008057550461011387,0.17660747776112778,1.0016622154734907,4.959030660786272e-09]"
/multi_agv/m2b_algorithm_state,1789558493.2369113,1789558493.2369113,m2b_algorithm_state_v1:header6+3x20,"[1.0,-0.15,0.52,1.4699770638881289,0.10152931701863366,1789558493.2368338,1.468357903835607,0.1013103491729101,0.0036904376666666654,0.0008853278196019822,0.0010805585414173082,0.0006538468487408461,0.004584685874999997,1.468098248170007,0.10202842651693887,-0.0002596556656000448,0.0007180773440287752,0.0007172615495854231,0.9977340168874167,9.82725036434111e-09,0.0003926919675853671,-0.0008361313826242775,-0.0008361313826242775,0.14189036228714083,1.0011373737290443,9.804981980972386e-09,1.469763197122215,0.10184750322222239,0.002796189458333334,-0.0021602058120418627,0.002351800717702135,0.0009251227550533814,-0.0017884964166666626,1.470985829597446,0.10078410661101446,0.0012226324752311335,-0.0010633966112079257,-0.0010651968339085633,1.0033994374890054,-5.25222968315244e-08,0.00046309376013035355,-0.003321035200981322,-0.003321035200981322,0.12042970190343551,0.9983099624000646,-5.2700843096382155e-08,1.4688166896911208,0.10145953451648129,0.0036904376666666654,0.00023376842246690226,0.0015731043924845705,0.0006800770048286998,0.0032930326916666636,1.4697782396780752,0.10291109498390827,0.0009615499869544131,0.0014515604674269766,0.0014482521201143132,0.9954667914062895,1.0590467427875109e-08,0.0026501896038073295,-0.00987830075895864,-0.00987830075895864,0.1765824638041838,1.0022843724975197,1.0542458629919654e-08]"
/multi_agv/m2b_algorithm_state,1789558493.2469566,1789558493.2469566,m2b_algorithm_state_v1:header6+3x20,"[1.0,-0.15,0.52,1.4709725887187755,0.10151965564827452,1789558493.246825,1.4693566961143025,0.10130376496164865,0.0036904376666666654,0.0008782394421968111,0.0010821190006774727,0.0006561075261750505,0.004584685874999997,1.4691684452742975,0.10246094956603562,-0.00018825084000506642,0.0011571846043869627,0.0011550728801865786,0.9963662482295395,2.5309259245557758e-08,0.0009197593301802456,-0.00292282179814203,-0.00292282179814203,0.14189690198492666,1.001828217281011,2.5217291679965168e-08,1.4707603762806585,0.1018354274551966,0.002796189458333334,-0.002142302871922786,0.002349937177588801,0.0009183313096888107,-0.0017884964166666626,1.4717879029354821,0.09984958338099126,0.0010275266548236406,-0.001985844074205337,-0.0019921671684638874,1.0064159929520669,-1.8176943969720875e-07,-0.0007077588499343366,0.0012405523107266616,0.0012405523107266616,0.12043380907579192,0.9968260222542339,-1.8293567114120718e-07,1.4698141192694256,0.10144875863905572,0.0036904376666666654,0.00025762610843394927,0.0015706360629313635,0.0006710192411710047,0.0032930326916666636,1.4706512148238708,0.1018532683231904,0.0008370955544452219,0.0004045096841346768,0.000404250676916233,0.9987213643826434,9.070997638147802e-10,0.0014506201199727604,-0.005081676144087227,-0.005081676144087227,0.1765952324718066,1.0006407094242107,9.059399137482709e-10]"
/multi_agv/m2b_algorithm_state,1789558493.256921,1789558493.256921,m2b_algorithm_state_v1:header6+3x20,"[1.0,-0.15,0.52,1.471967804834236,0.10151011220064869,1789558493.2568486,1.4703532241409005,0.10129716432371788,0.0036904376666666654,0.0008722471207032916,0.0010836449473475614,0.0006579110585949535,0.004584685874999997,1.4703931325003026,0.10229936006800104,3.990835940204107e-05,0.0010021957442831603,0.0010006098062588058,0.9968470931077071,1.885678493926835e-08,0.0010504952555113571,-0.003322575808778712,-0.003322575808778712,0.14191150685782605,1.0015849714988145,1.8797331252066846e-08,1.471755262058316,0.10182353475465285,0.002796189458333334,-0.0021245603855361327,0.002348020018622554,0.0009116373191349891,-0.0017884964166666626,1.4731072812453159,0.10095339648464244,0.0013520191869997866,-0.0008701382700104093,-0.000871342244614257,1.0027764421831167,-3.458550628883091e-08,0.0008186817391354763,-0.004631418540818768,-0.004631418540818768,0.12044298113863573,0.9986182529180819,-3.4681530947415664e-08,1.470809279957109,0.10143826786645282,0.0036904376666666654,0.0002802956026781516,0.0015681417188198824,0.0006624900591822649,0.0032930326916666636,1.4719262182544894,0.10146971235836448,0.0011169382973803543,3.144449191165577e-05,3.144292215513738e-05,0.9999001688661893,5.9655142177875676e-12,0.0014276157938805803,-0.004802454927506734,-0.004802454927506734,0.17662375059715826,1.0000499240023126,5.964918673739442e-12]"
/multi_agv/m2b_algorithm_state,1789558493.267025,1789558493.267025,m2b_algorithm_state_v1:header6+3x20,"[1.0,-0.15,0.52,1.4729667294088185,0.10150062282810142,1789558493.2668889,1.4713494510816494,0.10129051495577138,0.0036904376666666654,0.0008674603380093063,0.0010851152035525665,0.0006592210048819293,0.004584685874999997,1.4713875788870492,0.10174741316225161,3.812780539980132e-05,0.00045689820648023294,0.0004565671873603956,0.9985535219461225,3.899369449874791e-09,0.0005042269441101472,-0.0011313370754348763,-0.0011313370754348763,0.14192720917970728,1.000725017322754,3.893729097541587e-09,1.4727498253252413,0.10181181777169086,0.002796189458333334,-0.0021071682009567785,0.00234606147301597,0.0009051167131265275,-0.0017884964166666626,1.47417185951666,0.10111544949154387,0.0014220341914186196,-0.0006963682801469917,-0.0006971385018676806,1.0022179488499545,-2.1968345954060308e-08,0.001080404237405594,-0.005620468247686003,-0.005620468247686003,0.1204528417872294,0.9988951668590598,-2.201707062170452e-08,1.4718041380958173,0.10142800387448382,0.0036904376666666654,0.00030203842223957547,0.0015656143291308058,0.0006543797561773946,0.0032930326916666636,1.472967367922194,0.10188560464202881,0.0011632298263766216,0.00045760076754498835,0.00045726935025253504,0.9985540116435812,1.3610306147262462e-09,0.001911306633223312,-0.00670025527879569,-0.00670025527879569,0.1766544151158996,1.0007247747793948,1.3590625803046225e-09]"
/multi_agv/m2b_algorithm_state,1789558493.2773178,1789558493.2773178,m2b_algorithm_state_v1:header6+3x20,"[1.0,-0.15,0.52,1.4739628400143483,0.10149129185135741,1789558493.2772045,1.472349388614604,0.10128374028084305,0.0036904376666666654,0.0008642030632081406,0.0010864902011148204,0.0006599175176288689,0.004584685874999997,1.472393445489025,0.10188154068185344,4.405687442110562e-05,0.0005978004010103871,0.0005972342879740621,0.9981103000330023,6.649729010683864e-09,0.0006523053810004441,-0.0017258870016171645,-0.0017258870016171645,0.14192976655225642,1.000947891050002,6.63716301799183e-09,1.473748091035622,0.1018002635298134,0.002796189458333334,-0.0020905064036570095,0.0023440848804103798,0.0008989221051359103,-0.0017884964166666626,1.4751814567325379,0.10111544949154387,0.0014333656969158781,-0.0006848140382695322,-0.0006855589642874946,1.0021812035860018,-2.107834263605663e-08,0.001106148156857353,-0.005700309653733684,-0.005700309653733684,0.12045444768808367,0.9989134034316994,-2.1124318792601372e-08,1.4728027085762296,0.10141786467364784,0.0036904376666666654,0.00032328474387393735,0.0015630330693965806,0.0006465126959493638,0.0032930326916666636,1.473973140963905,0.10176794537350907,0.0011704323876753353,0.00035008069986122714,0.0003498865435211558,0.9988922617995569,8.527211102073021e-10,0.001812927028115325,-0.00627826096939654,-0.00627826096939654,0.17665940967956845,1.0005549122813282,8.517765184592013e-10]"
/multi_agv/m2b_algorithm_state,1789558493.2871454,1789558493.2871454,m2b_algorithm_state_v1:header6+3x20,"[1.0,-0.15,0.52,1.4749619559720866,0.101482026680508,1789558493.2870657,1.4733465195118498,0.10127699820722076,0.0036904376666666654,0.0008616804601245518,0.001087824049094399,0.0006603169850849906,0.004584685874999997,1.4734381387262234,0.10223541085542351,9.16192143736172e-05,0.0009584126482027472,0.0009569613747181864,0.9969825027360867,1.7038373452102992e-08,0.0010714853926852078,-0.003387517268384151,-0.003387517268384151,0.14194230120264187,1.0015165434289217,1.6986960206829738e-08,1.47474352567979,0.10178888058825983,0.002796189458333334,-0.0020738723414816355,0.002342056996324837,0.0008927662107072604,-0.0017884964166666626,1.475978801099508,0.09984529595069222,0.0012352754197180182,-0.001943584637567608,-0.0019496433514921627,1.0062803919602723,-1.685849998639344e-07,-0.00040554907684463987,0.00022516254396840775,0.00022516254396840775,0.12046231859212465,0.9968923988482726,-1.6964377974170236e-07,1.4737984748514055,0.10140799675859163,0.0036904376666666654,0.00034346627358939393,0.001560440831612598,0.0006391129045130632,0.0032930326916666636,1.4748804609081048,0.10107158302869257,0.0010819860566992912,-0.0003364137298990655,-0.00033659398094627304,1.0010729670474665,8.37039013263165e-10,0.001015888589927841,-0.003107414979594553,-0.003107414979594553,0.17668389121300745,0.9994644852332154,8.379371285418403e-10]"
/multi_agv/m2b_algorithm_state,1789558493.2972994,1789558493.2972994,m2b_algorithm_state_v1:header6+3x20,"[1.0,-0.15,0.52,1.4759626668161996,0.10147285046926263,1789558493.2971466,1.4743466561317984,0.1012701678026685,0.0036904376666666654,0.0008604437525969997,0.0010890621592739335,0.0006602088658085143,0.004584685874999997,1.4740585938427737,0.10209429470126875,-0.0002880622890246709,0.0008241268986002581,0.0008230526260273043,0.9974010814149646,1.2581807421531926e-08,0.0004629747647464657,-0.0011597199874792937,-0.0011597199874792937,0.1419441804561727,1.0013052295065736,1.2549108328390771e-08,1.4757419592951113,0.10177765595289415,0.002796189458333334,-0.0020578554715441812,0.0023400099690746856,0.0008868878171583994,-0.0017884964166666626,1.4769740699925271,0.09984529595069222,0.0012321106974158003,-0.0019323600022019272,-0.0019383493366229845,1.0062442721247267,-1.6536363566544462e-07,-0.00039821096485323417,0.00021037405808006608,0.00021037405808006608,0.12046349858581289,0.9969100851389915,-1.663962112060738e-07,1.4747972524893496,0.1013982562859614,0.0036904376666666654,0.00036318142414859316,0.0015578054782955375,0.0006319377055764817,0.0032930326916666636,1.4754494534456208,0.10105892767073682,0.0006522009562712761,-0.00033932861522457947,-0.00033951203162698736,1.0010824422359261,9.005317698362066e-10,0.0004757391637121077,-0.001171129220148246,-0.001171129220148246,0.17668756179606712,0.9994597646465458,9.015065434586706e-10]"
/multi_agv/m2b_algorithm_state,1789558493.3071914,1789558493.3071914,m2b_algorithm_state_v1:header6+3x20,"[1.0,-0.15,0.52,1.47696036841894,0.10146383464397901,1789558493.307093,1.4753483883319487,0.10126329234363377,0.0036904376666666654,0.0008602492865939899,0.0010902140230576668,0.0006596938382370796,0.004584685874999997,1.4750374574151688,0.10126924370623744,-0.0003109309167799168,5.951362603673349e-06,5.95130622834649e-06,0.9999810550753189,6.563804067363921e-13,-0.00038271233974654953,0.0022162285680669,0.0022162285680669,0.14194040447845369,1.0000094727652546,6.563679716590243e-13,1.4767419794495398,0.10176658736307082,0.002796189458333334,-0.0020422728253946653,0.002337937900020348,0.0008812106814245629,-0.0017884964166666626,1.4777974860509158,0.10245492019758545,0.0010555066013759884,0.0006883328345146378,0.0006875876943914283,0.9978406041795447,-2.0787416578099404e-08,0.002006970946111414,-0.009494581167237223,-0.009494581167237223,0.12046112759853476,1.0010837019470935,-2.0742528317622593e-08,1.4757976326671105,0.1013886717010833,0.0036904376666666654,0.00038233100641173927,0.001555137899261162,0.0006250244296762599,0.0032930326916666636,1.4764497309792644,0.10091055746975097,0.0006520983121538482,-0.00047811423133233,-0.0004784787944627846,1.0015277612624123,1.8823404423030907e-09,0.00033664409572952564,-0.0005959063044608528,-0.0005959063044608528,0.17668018656989923,0.9992380788142056,1.8852162091135135e-09]"
/multi_agv/m2b_algorithm_state,1789558493.317104,1789558493.317104,m2b_algorithm_state_v1:header6+3x20,"[1.0,-0.15,0.52,1.4779540652001888,0.10145499221415048,1789558493.3169875,1.476347115674981,0.10125648354724404,0.0036904376666666654,0.0008605183142548849,0.0010913198482785263,0.0006590018544900846,0.004584685874999997,1.4759810314453639,0.10087237885773778,-0.00036608422961714737,-0.00038410468950625387,-0.0003843402357169548,1.0012282488637885,2.735833836171959e-09,-0.000841945522738389,0.00401797834952977,0.00401797834952977,0.14194729898292624,0.9993871414210341,2.7391941209727512e-09,1.4777389742651323,0.10175567885019395,0.002796189458333334,-0.0020266300658979917,0.002335817538576812,0.0008755326186447726,-0.0017884964166666626,1.478818700447694,0.10245492019758545,0.001079726182561691,0.0006992413473915077,0.0006984723519691503,0.9978063291632648,-2.1288088763447445e-08,0.002048130080171264,-0.009630613792658326,-0.009630613792658326,0.12046545673169567,1.00110096759047,-2.124138970395724e-08,1.4767950153167069,0.10137934153449908,0.0036904376666666654,0.0004005361151652657,0.0015524693307539042,0.0006185210715335724,0.0032930326916666636,1.4774072103600158,0.1003886481936608,0.0006121950433088941,-0.000990693340838275,-0.0009922648801812574,1.0031844777139671,8.47007023305854e-09,-0.0002270210760451398,0.0016480042639458916,0.0016480042639458916,0.17669365305764903,0.998416209850443,8.49704298295145e-09]"
/multi_agv/m2b_algorithm_state,1789558493.3270724,1789558493.3270724,m2b_algorithm_state_v1:header6+3x20,"[1.0,-0.15,0.52,1.4789522431619073,0.10144619220419299,1789558493.326952,1.4773418427508755,0.1012497673980019,0.0036904376666666654,0.0008610974707052546,0.001092388160807544,0.0006581949578887965,0.004584685874999997,1.4773013005639102,0.10156114576366876,-4.054218696536438e-05,0.00031137836566685895,0.00031122436974248427,0.999012041114672,1.7982953528007389e-09,0.0002605466360357788,-0.00020512166515055112,-0.00020512166515055112,0.1419525664839316,1.0004948067675488,1.7965187109284953e-09,1.4787319466936037,0.10174493180478433,0.002796189458333334,-0.0020108414934453776,0.0023336444802446454,0.0008698187719015371,-0.0017884964166666626,1.4795438376302281,0.10036395136985239,0.000811890936624371,-0.0013809804349319416,-0.0013840280364652605,1.004436740521935,-8.25101482056662e-08,-0.00036916436568479685,-8.796553891525418e-05,-8.796553891525418e-05,0.12046877385810978,0.9977980203774611,-8.287622432368115e-08,1.4777884061560873,0.10137027743966523,0.0036904376666666654,0.0004177706889793337,0.0015498092380489712,0.000612434003993956,0.0032930326916666636,1.478455100389978,0.09993978957361635,0.0006666942338906523,-0.0014304878660488796,-0.0014337757053074463,1.00462162620311,1.8425560361187062e-08,-0.000600407912944131,0.0031790567245883815,0.0031790567245883815,0.17670397346324535,0.9977068663903315,1.851071641375931e-08]"
/multi_agv/m2b_algorithm_state,1789558493.3372588,1789558493.3372588,m2b_algorithm_state_v1:header6+3x20,"[1.0,-0.15,0.52,1.4799497069942593,0.10143751469050584,1789558493.337174,1.4783410464864073,0.10124296048925807,0.0036904376666666654,0.0008628741244688285,0.0010933399102434735,0.0006569296248709609,0.004584685874999997,1.4784793583134077,0.10270019207594394,0.00013831182700041467,0.0014572315866858698,0.0014538876335332277,0.9954358968201065,3.9435909549464215e-08,0.001626777417283746,-0.0056004718354930386,-0.0056004718354930386,0.1419525638421763,1.002300007975524,3.9255919989287513e-08,1.4797293976453714,0.10173433423197462,0.002796189458333334,-0.0019957842395486106,0.00233146345039148,0.000864426083344888,-0.0017884964166666626,1.4805405174553186,0.1012160436025582,0.0008111198099471917,-0.0005182906294164125,-0.0005187171645448487,1.0016491630278455,-1.1528716015049134e-08,0.0004951825978891409,-0.003517604654784048,-0.003517604654784048,0.12046877539187795,0.999177711559226,-1.1547728747259684e-08,1.478786285353944,0.10136128189134627,0.0036904376666666654,0.0004348451744893818,0.0015471074726047373,0.0006064380104172898,0.0032930326916666636,1.479426722076591,0.09996274986301576,0.0006404367226471308,-0.0013985320283305125,-0.001401674236439033,1.0045172990617144,1.833168807868533e-08,-0.0006011283331301194,0.0031846719004332527,0.0031846719004332527,0.1767039786307879,0.9977582465120403,1.8414497796042816e-08]"
/multi_agv/m2b_algorithm_state,1789558493.3473794,1789558493.3473794,m2b_algorithm_state_v1:header6+3x20,"[1.0,-0.15,0.52,1.480945980705146,0.10142896590890423,1789558493.3472555,1.4793395360005157,0.10123618851939957,0.0036904376666666654,0.0008651924220202402,0.0010942215217662355,0.0006554659958710486,0.004584685874999997,1.47951388085015,0.10186971577878857,0.0001743448496343003,0.0006335272593890051,0.0006328912200027854,0.997996884552302,7.47829577997868e-09,0.0008508222820456608,-0.00244764144156603,-0.00244764144156603,0.14195255991334385,1.0010049742611644,7.46331589017935e-09,1.4807261233534879,0.1017238870837668,0.002796189458333334,-0.001980880243172778,0.0023292490776856134,0.0008591171797828479,-0.0017884964166666626,1.4817417085380296,0.10302160593542,0.0010155851845417008,0.0012977188516531957,0.001295081042446719,0.9959547598107312,-7.164792718735656e-08,0.002564562523123845,-0.011712524947646467,-0.011712524947646467,0.12046877764869336,1.0020367908416707,-7.135809411282047e-08,1.4797834616287744,0.10135246846835118,0.0036904376666666654,0.00045131159839870627,0.0015443975315360785,0.0006007098481739296,0.0032930326916666636,1.4804308862673194,0.09993688520617237,0.0006474246385450577,-0.0014155832621788045,-0.0014188033552576934,1.0045737973837432,1.949363703712741e-08,-0.0006095225570763713,0.0032382559524021604,0.0032382559524021604,0.17670398625827333,0.9977304162222649,1.958279698320746e-08]"
/multi_agv/m2b_algorithm_state,1789558493.3573735,1789558493.3573735,m2b_algorithm_state_v1:header6+3x20,"[1.0,-0.15,0.52,1.4819435376917873,0.10142050807990421,1789558493.3571482,1.4803368352326822,0.1012294670968779,0.0036904376666666654,0.00086795171370078,0.001095037170019264,0.0006538455273762871,0.004584685874999997,1.4803796076114109,0.1005789196095127,4.277237872862827e-05,-0.0006505474873651912,-0.0006512247662826162,1.002087296225035,7.91804482777939e-09,-0.0005977592928718309,0.003277209464009506,0.003277209464009506,0.14195255388113487,0.9989599920757144,7.934572132858071e-09,1.4817216472605783,0.10171358920007,0.002796189458333334,-0.0019660762830924043,0.0023269996662964587,0.0008538698734973094,-0.0017884964166666626,1.48276520779472,0.10302160593542,0.0010435605341416743,0.0013080167353499983,0.001305336729043105,0.9959225646953519,-7.224840556421873e-08,0.002609787396720198,-0.011864001824326231,-0.011864001824326231,0.1204687811969675,1.0020531149145386,-7.195381736466664e-08,1.480779459622178,0.10134384142976478,0.0036904376666666654,0.0004671660504272858,0.001541684387551168,0.0005952486253514013,0.0032930326916666636,1.4813649103437294,0.09929719918222665,0.0005854507215514726,-0.00204664224753813,-0.002053406179702608,1.0066607773030736,4.2198882686400635e-08,-0.0013215927777632673,0.006039170395272235,0.006039170395272235,0.17670399820823815,0.9967059940544946,4.247996004641328e-08]"
/multi_agv/m2b_algorithm_state,1789558493.3672822,1789558493.3672822,m2b_algorithm_state_v1:header6+3x20,"[1.0,-0.15,0.52,1.4829383540579524,0.10141220053353235,1789558493.3671045,1.4813354146436475,0.10122274619861633,0.0036904376666666654,0.0008713849622265101,0.0010957631895129436,0.0006519795483433172,0.004584685874999997,1.4809571289839225,0.09970015409820707,-0.0003782856597249751,-0.0015225921004092674,-0.0015263269566745234,1.0049340792110721,4.357255796835433e-08,-0.001999184031330742,0.00861150702202577,0.00861150702202577,0.14195255013030272,0.9975530431085399,4.378754842079922e-08,1.482718447220791,0.10170343687452665,0.002796189458333334,-0.001951624223716912,0.00232472858701116,0.0008487863838672755,-0.0017884964166666626,1.483261515621214,0.10130788633262088,0.0005430684004230635,-0.00039555054190577865,-0.00039579884955183464,1.001257385990481,-6.56667137300723e-09,0.0002830366509769947,-0.002777219871211794,-0.002777219871211794,0.12046878337812753,0.9993726418196082,-6.574928213595742e-09,1.4817767512109234,0.1013353411665697,0.0036904376666666654,0.00048266109212981344,0.0015389542759927776,0.0005899520246760354,0.0032930326916666636,1.48203905762722,0.09847658711779456,0.0002623064162965427,-0.0028587540487751417,-0.0028720333593379712,1.0093902454829542,8.511170594603856e-08,-0.002544150338967293,0.01069543710037982,0.01069543710037982,0.1767040055653559,0.9953763383285038,8.591092575834487e-08]"
/multi_agv/m2b_algorithm_state,1789558493.377266,1789558493.377266,m2b_algorithm_state_v1:header6+3x20,"[1.0,-0.15,0.52,1.4839371561073758,0.10140394310003475,1789558493.3771431,1.4823312539126552,0.10121612038041052,0.0036904376666666654,0.0008749895636327334,0.0010964378612338343,0.0006500660070179627,0.004584685874999997,1.482035833016933,0.10062479378872734,-0.0002954208957222093,-0.0005913265916831778,-0.0005918860250591418,1.0018963549424906,6.595245279031126e-09,-0.0009611621447119035,0.0045455181409568505,0.0045455181409568505,0.14195254145125394,0.9990548292200205,6.607752205012955e-09,1.483712492810348,0.10169343040991116,0.002796189458333334,-0.0019370920409792483,0.002322416257187765,0.0008436896291364182,-0.0017884964166666626,1.4842714422896572,0.10130788633262088,0.0005589494793092342,-0.00038554407729028684,-0.0003857799948245385,1.0012256041373773,-6.19241822940442e-09,0.0003129068543120043,-0.0028731100689185158,-0.0028731100689185158,0.12046878841580427,0.9993884661272834,-6.200007682806748e-09,1.482771315450853,0.10132705081027539,0.0036904376666666654,0.0004974701829157436,0.0015362337640571714,0.0005849477709351284,0.0032930326916666636,1.4830224842726347,0.09910874906650433,0.00025116882178166655,-0.0022183017437710645,-0.00222625997452642,1.007235038246863,5.280035719220987e-08,-0.0019122989472993368,0.008222951168501304,0.008222951168501304,0.17670402254205894,0.996425291364703,5.318236979594353e-08]"
/multi_agv/m2b_algorithm_state,1789558493.3871746,1789558493.3871746,m2b_algorithm_state_v1:header6+3x20,"[1.0,-0.15,0.52,1.4849351015152201,0.10139580752694351,1789558493.3870432,1.4833310722856972,0.10120944424773175,0.0036904376666666654,0.000879493713596725,0.0010969966781962707,0.0006478228111605447,0.004584685874999997,1.4831305458533326,0.10171845107902751,-0.00020052643236456724,0.0005090068312957607,0.0005085957124292497,0.9983877344833555,4.908300508527043e-09,0.0002579376719735407,-0.00026725866701587703,-0.00026725866701587703,0.14195253994467796,1.0008083411960895,4.9003870248718165e-09,1.4847105218472074,0.10168356520295159,0.002796189458333334,-0.0019231825990719247,0.0023200972194949987,0.0008388663087504911,-0.0017884964166666626,1.485692485723842,0.10163630822718529,0.0009819638766346284,-4.7256975766296616e-05,-4.726051157190601e-05,1.000149668449978,-9.234891321877665e-11,0.0011801943342213794,-0.006090912339250331,-0.006090912339250331,0.12046878929271379,0.9999251847791784,-9.236273493747527e-11,1.4837698741892227,0.10131881984942094,0.0036904376666666654,0.0005122139176215296,0.0015334821477697826,0.000579988029944314,0.0032930326916666636,1.484074009537315,0.0995373682491203,0.0003041353480923714,-0.0017814516003006459,-0.0017865677256240517,1.0057823531263885,3.505247438355266e-08,-0.0014063985405085874,0.006270031010182982,0.006270031010182982,0.1767040255086618,0.9971363384382091,3.525516016839205e-08]"
/multi_agv/m2b_algorithm_state,1789558493.3976388,1789558493.3976388,m2b_algorithm_state_v1:header6+3x20,"[1.0,-0.15,0.52,1.485931662133651,0.10138780034017665,1789558493.3974938,1.4843300319230577,0.10120283238164482,0.0036904376666666654,0.0008842862132989924,0.001097486114396239,0.0006454907191277557,0.004584685874999997,1.4844092127511652,0.1014581010266301,7.918082810753901e-05,0.00025526864498527646,0.0002551650383150314,0.9991890374710436,1.2414533801798974e-09,0.00035414107344945516,-0.0004890154600861031,-0.0004890154600861031,0.1419525368880721,1.0004060378762278,1.2404466080071252e-09,1.4857076842445658,0.10167383895064575,0.002796189458333334,-0.0019093554544898084,0.0023177481880374273,0.0008340942711066862,-0.0017884964166666626,1.4867089114140797,0.10163630822718529,0.0010012271695138963,-3.7530723460452164e-05,-3.753295372172801e-05,1.0001188668070693,-5.783042794251274e-11,0.0012140010081706425,-0.006201602234303576,-0.006201602234303576,0.12046879108304306,0.9999405785834927,-5.7837302060833716e-11,1.4847675883780365,0.10131075124853998,0.0036904376666666654,0.000526479397345321,0.0015307303331167045,0.0005752357029613583,0.0032930326916666636,1.4852636102712162,0.09896746290416132,0.0004960218931797655,-0.0023432883443786634,-0.002352178938924151,1.007655112375649,6.236338311405524e-08,-0.001732151572449444,0.007670111439446228,0.007670111439446228,0.17670403150671005,0.9962202728719465,6.284078181991899e-08]"
/multi_agv/m2b_algorithm_state,1789558493.4073977,1789558493.4073977,m2b_algorithm_state_v1:header6+3x20,"[1.0,-0.15,0.52,1.4869267711848657,0.10137992112553806,1789558493.4073195,1.4853276049841404,0.10119629894398724,0.0036904376666666654,0.000889277992312522,0.0010979121735634743,0.0006431052167118448,0.004584685874999997,1.4853557673344244,0.1002161560786311,2.8162350284022253e-05,-0.0009801428653561373,-0.0009816847901229745,1.0031579619318702,1.842235783960195e-08,-0.0009464818522679466,0.004677183011461055,0.004677183011461055,0.1419525313406717,0.9984293076735516,1.8480534944354702e-08,1.486703451127046,0.1016642508260913,0.002796189458333334,-0.0018955570997802526,0.002315366980185196,0.0008293514577439737,-0.0017884964166666626,1.487738222705268,0.10100708626151832,0.0010347715782219602,-0.0006571645645729873,-0.0006578516740765035,1.0020963376105363,-1.7611091173891236e-08,0.0006356127987009468,-0.0038516091823053637,-0.0038516091823053637,0.12046879428637194,0.9989555251881349,-1.7648009966681648e-08,1.4857639302897665,0.1013028512504514,0.0036904376666666654,0.0005402500452187067,0.0015279829205087862,0.000570695582324819,0.0032930326916666636,1.486099179384551,0.09872496802793516,0.000335249094784551,-0.0025778832225162307,-0.0025886632339754486,1.0084446341750675,7.746411027743283e-08,-0.00216960186549476,0.009320928456566065,0.009320928456566065,0.17670404235248124,0.9958356841022297,7.811826635042283e-08]"
/multi_agv/m2b_algorithm_state,1789558493.4174695,1789558493.4174695,m2b_algorithm_state_v1:header6+3x20,"[1.0,-0.15,0.52,1.4879207392038365,0.10137216409679363,1789558493.4173734,1.4863237245741785,0.1011898471040952,0.0036904376666666654,0.000894438112921734,0.0010982765495240348,0.0006406788331420274,0.004584685874999997,1.4863171180124786,0.10058233455671972,-6.606561699928903e-06,-0.0006075125473754828,-0.0006081033074648546,1.0019493097052996,7.116908132571375e-09,-0.0006163615095897657,0.0033506280863370972,0.0033506280863370972,0.14195252320160154,0.9990285201837913,7.130781190665922e-09,1.487697755753355,0.10165480020154663,0.002796189458333334,-0.0018817861887297964,0.00231295370546869,0.0008246372280256709,-0.0017884964166666626,1.488744726603639,0.10100708626151832,0.0010469708502840458,-0.0006477139400283133,-0.000648381466812692,1.002066233075613,-1.6984541304822814e-08,0.0006603320960423653,-0.003929701502442781,-0.003929701502442781,0.12046879901995719,0.9989704721394024,-1.7019635325840954e-08,1.486758833227063,0.10129511607097239,0.0036904376666666654,0.0005535496902336909,0.0015252415435455871,0.0005663564890595468,0.0032930326916666636,1.4871004976497275,0.09925866498728103,0.0003416644226645893,-0.002036451083691354,-0.002043151694635503,1.0066311751923673,4.951591319569894e-08,-0.0016160711663047666,0.007158914160601073,0.007158914160601073,0.17670405830104416,0.996720453522006,4.984426189090968e-08]"
/multi_agv/m2b_algorithm_state,1789558493.4272418,1789558493.4272418,m2b_algorithm_state_v1:header6+3x20,"[1.0,-0.15,0.52,1.4889218386039988,0.10136441166423808,1789558493.4271705,1.487318700760324,0.10118347157547286,0.0036904376666666654,0.0008997804983663089,0.001098577259611577,0.0006382065644498808,0.004584685874999997,1.4874041437019427,0.10223827119551497,8.544294161882959e-05,0.00105479962004211,0.0010530408113202307,0.9966784532363124,2.1558037529155437e-08,0.0011598444883437677,-0.0037092074751899945,-0.0037092074751899945,0.1419525129820444,1.0016702189535032,2.1486431499369015e-08,1.4886909093258838,0.10164548637473857,0.002796189458333334,-0.001868080310317509,0.002310510366142049,0.0008199668338348259,-0.0017884964166666626,1.489505314736207,0.10047199359383616,0.0008144054103231824,-0.0011734927809024104,-0.0011756929000127489,1.003766338204246,-5.5366566652949445e-08,-0.00015768613710877093,-0.0007844844528370522,-0.0007844844528370522,0.12046880493106091,0.9981286617361433,-5.557509586817239e-08,1.4877526075253016,0.10128753434016945,0.0036904376666666654,0.0005664322867658484,0.001522505312785272,0.0005621954982982856,0.0032930326916666636,1.488009693241056,0.09965098110186928,0.00025708571575444594,-0.0016365532383001702,-0.0016408680479231804,1.005305585903245,3.271507552608238e-08,-0.001319510903230123,0.005955742794200133,0.005955742794200133,0.1767040782580565,0.9973704103578155,3.288864816961716e-08]"
/multi_agv/m2b_algorithm_state,1789558493.437434,1789558493.437434,m2b_algorithm_state_v1:header6+3x20,"[1.0,-0.15,0.52,1.4899248293414502,0.10135674000516541,1789558493.437328,1.4883207973484778,0.10117699531543875,0.0036904376666666654,0.0009062234013931369,0.0010987315581374004,0.0006353334233261643,0.004584685874999997,1.4885746201854577,0.10333290241682126,0.00025382283697994446,0.002155907101382512,0.002148620058853607,0.993295237916218,9.063373200767349e-08,0.0024658986050785374,-0.008890338962089423,-0.008890338962089423,0.14195251560577776,1.0033914988826798,9.002605439779678e-08,1.4896911981180763,0.10163630859040972,0.002796189458333334,-0.0018552979697812793,0.0023080785422324723,0.0008156907785149131,-0.0017884964166666626,1.4905023336947802,0.10047199359383616,0.0008111355767039807,-0.0011643149965735594,-0.0011664809547817785,1.0037369564190681,-5.413291264282172e-08,-0.00015256148390180259,-0.0007939016348499904,-0.0007939016348499904,0.12046880342365568,0.9981431688195678,-5.4335204978205166e-08,1.4887535203454423,0.10127993108686577,0.0036904376666666654,0.0005796203242969581,0.0015197225444144261,0.0005579263200604125,0.0032930326916666636,1.488940929369581,0.09902931206596664,0.0001874090241387183,-0.002250619020899125,-0.002258818000967359,1.007347742335944,6.334021863795967e-08,-0.0020245567207939612,0.008713864175765815,0.008713864175765815,0.17670407319928272,0.9963702343151496,6.380562624401376e-08]"
/multi_agv/m2b_algorithm_state,1789558493.4472818,1789558493.4472818,m2b_algorithm_state_v1:header6+3x20,"[1.0,-0.15,0.52,1.490912662668383,0.10134938541615296,1789558493.4472437,1.4893247793710205,0.10117054246485892,0.0036904376666666654,0.0009130916911276733,0.0010987913963030217,0.0006323250308886083,0.004584685874999997,1.4896352300643994,0.10307191419662129,0.000310450693378872,0.0019013717317623718,0.001895692334269594,0.9940690829704866,7.104571180010453e-08,0.002283755700993184,-0.008108911314733267,-0.008108911314733267,0.1419525216196567,1.0029959489681464,7.062434557811538e-08,1.4906933739835986,0.10162725915103274,0.002796189458333334,-0.0018428295038999815,0.0023056339264448944,0.0008115574376020424,-0.0017884964166666626,1.4915997799427587,0.10099323647054904,0.0009064059591601392,-0.0006340226804836951,-0.0006346624577638969,1.0020229970696137,-1.5939048427581133e-08,0.0004983449911862771,-0.0033232313076181747,-0.0033232313076181747,0.12046879992647741,0.9989919408775874,-1.597129307584256e-08,1.4897563346697318,0.10127241839960452,0.0036904376666666654,0.0005926528685095659,0.0015169255303672073,0.000553731956111195,0.0032930326916666636,1.4897906118021254,0.09820829196454207,3.4277132393567555e-05,-0.0030641264350624448,-0.0030794187260825834,1.010096537191318,1.2011314558992878e-07,-0.003036572310590624,0.012617744739986399,0.012617744739986399,0.1767040614195912,0.9950340332444518,1.213258724315437e-07]"
/multi_agv/m2b_algorithm_state,1789558493.4573085,1789558493.4573085,m2b_algorithm_state_v1:header6+3x20,"[1.0,-0.15,0.52,1.4919118106779443,0.10134197612250812,1789558493.4572008,1.4903136155481196,0.10116448288940755,0.0036904376666666654,0.0009184078239019436,0.0010989324537637566,0.0006299471963445906,0.004584685874999997,1.4905028849799822,0.10082661484780091,0.00018926943186259315,-0.00033786804160663986,-0.00033805045604331753,1.0010811747471062,2.260110960248468e-09,-0.0001014636662150761,0.001430045225281618,0.001430045225281618,0.14195250034877638,0.9994603928691217,2.262554535144347e-09,1.4916803604608848,0.10161833103377742,0.002796189458333334,-0.0018288911342158433,0.0023030933775050055,0.0008068368528733882,-0.0017884964166666626,1.4926096412082257,0.10099323647054904,0.0009292807473408882,-0.0006250945632283733,-0.000625716482240885,1.001994548761171,-1.537665978948423e-08,0.0005358844519352252,-0.003446320829670662,-0.003446320829670662,0.12046881222971703,0.999006068994244,-1.5407329287218294e-08,1.490744011996145,0.1012653423252739,0.0036904376666666654,0.0006041101683138201,0.0015142228261141987,0.0005501713516175943,0.0032930326916666636,1.490781189105803,0.09896801729982808,3.7177109657893226e-05,-0.002297325025445815,-0.0023058725152854736,1.0075056331402141,6.879161909736566e-08,-0.002259401128213107,0.009584606632652867,0.009584606632652867,0.17670410288767507,0.9962931646120945,6.930794375343184e-08]"
/multi_agv/m2b_algorithm_state,1789558493.4672534,1789558493.4672534,m2b_algorithm_state_v1:header6+3x20,"[1.0,-0.15,0.52,1.492907198706815,0.10133472260194826,1789558493.4671042,1.4913137511200711,0.10115823505278065,0.0036904376666666654,0.000925272495733136,0.0010988878751419851,0.0006269946921593991,0.004584685874999997,1.4913868233491343,0.09990899538321621,7.307222906316468e-05,-0.0012492396695644448,-0.0012517508629855778,1.0040392906533417,3.114911834055417e-08,-0.001160410576656622,0.005586167548139811,0.005586167548139811,0.14195249947768945,0.9979938552507617,3.1274938683127004e-08,1.4926786720343879,0.10160954401915742,0.002796189458333334,-0.001816345415303483,0.0023005840693306467,0.000802703689947934,-0.0017884964166666626,1.4934398378618998,0.09956753389128578,0.0007611658275119559,-0.0020420101278716407,-0.0020487192062232885,1.006621718544497,-1.63128169148772e-07,-0.0010972619218333436,0.002963477906540087,0.002963477906540087,0.12046881275897386,0.9967252328521802,-1.6420835797155426e-07,1.491743008879374,0.10125814929558626,0.0036904376666666654,0.000616290326139289,0.0015114503439607636,0.0005463337128043776,0.0032930326916666636,1.4919998347042094,0.09973857008511593,0.00025682582483543825,-0.0015195792104703287,-0.0015232974440354632,1.0049218093813141,3.0689956460441245e-08,-0.0012022651629911654,0.005541522705674172,0.005541522705674172,0.1767041046927351,0.9975590889489815,3.084100657606037e-08]"
/multi_agv/m2b_algorithm_state,1789558493.47724,1789558493.47724,m2b_algorithm_state_v1:header6+3x20,"[1.0,-0.15,0.52,1.4939024575868054,0.1013275729989187,1789558493.4770827,1.4923101265953722,0.10115213586121063,0.0036904376666666654,0.000931860230290231,0.0010988114304199205,0.0006241788083770903,0.004584685874999997,1.4924371120365296,0.10092710546815323,0.00012698544115741228,-0.00022503039305740713,-0.00022511125601031463,1.0007192955777198,1.0172402941370077e-09,-6.637945456354927e-05,0.0012685087276139598,0.0012685087276139598,0.14195249179336725,0.9996407867187956,1.0179719905820588e-09,1.4936732104669699,0.1016008802365268,0.002796189458333334,-0.0018035270876170344,0.002298035280464905,0.0007984729037356225,-0.0017884964166666626,1.4944359264226639,0.09960700713946764,0.0007627159556939933,-0.0019938730970591595,-0.0020002680143879777,1.0064628625814456,-1.5443149340733293e-07,-0.001046873069770486,0.002777983452383611,0.002777983452383611,0.12046881716740904,0.9968029697606423,-1.5542956292747194e-07,1.4927382590581026,0.10125115170810735,0.0036904376666666654,0.000627896106069871,0.0015087014890231574,0.0005427327593676892,0.0032930326916666636,1.4929914778293023,0.09971454709790056,0.0002532187711996592,-0.0015366046102067848,-0.0015404074751774117,1.0049783769158545,3.1973872596214545e-08,-0.0012238840111778377,0.005636771059090569,0.005636771059090569,0.17670411961013566,0.9975312603762918,3.213305058545801e-08]"
/multi_agv/m2b_algorithm_state,1789558493.4872403,1789558493.4872403,m2b_algorithm_state_v1:header6+3x20,"[1.0,-0.15,0.52,1.494897892060828,0.10132052246694245,1789558493.4871736,1.4933063691016797,0.10114610485390477,0.0036904376666666654,0.0009385968487621303,0.001098667446694756,0.0006213335231826512,0.004584685874999997,1.4936011774866538,0.10315581534489313,0.0002948083849740879,0.002009710490988359,0.00200336854090353,0.9937368043617086,8.159231097580923e-08,0.00237187902212114,-0.008450839174984744,-0.008450839174984744,0.141941509943408,1.0031656432430394,8.108128236958742e-08,1.4946676124392446,0.10159234376734792,0.002796189458333334,-0.001790844346103159,0.0022954645573176613,0.00079431230528762,-0.0017884964166666626,1.4953555262404854,0.09983231004739185,0.0006879138012407804,-0.001760033719956075,-0.001765008395726367,1.005690514766132,-1.194724106681743e-07,-0.0009051161441753915,0.0021897607442047298,0.0021897607442047298,0.12046190657856834,0.9971815002226975,-1.2015227018522692e-07,1.493733391219492,0.10124427037550346,0.0036904376666666654,0.0006392622826584243,0.001505954362106111,0.0005392347695117347,0.0032930326916666636,1.4938568137671167,0.09884382683778459,0.000123422547624763,-0.0024004435377188715,-0.002409785470786404,1.0078538465264344,7.948919916450143e-08,-0.0022555072862554502,0.009648678972888722,0.009648678972888722,0.17668262022632783,0.9961233341387505,8.01134951352486e-08]"
/multi_agv/m2b_algorithm_state,1789558493.4973013,1789558493.4973013,m2b_algorithm_state_v1:header6+3x20,"[1.0,-0.15,0.52,1.4958973216497256,0.10131351939177992,1789558493.4971895,1.494302783061733,0.10114013699677073,0.0036904376666666654,0.0009454991365900451,0.0010984539835121156,0.0006184525700211106,0.004584685874999997,1.4945907855072036,0.10147698725878412,0.00028800244547055875,0.00033685026201339674,0.00033666980772290614,0.9989299430963728,2.3119446361304253e-09,0.0006966728645611045,-0.0016823851778529591,-0.0016823851778529591,0.14192659846405736,1.0005359978422512,2.30947072381173e-09,1.4956621833478474,0.10158393348845807,0.002796189458333334,-0.0017783253135829572,0.0022928738610583643,0.0007902330645468414,-0.0017884964166666626,1.4963504542437591,0.09983231004739185,0.0006882708959117245,-0.001751623441066219,-0.0017565509335118123,1.0056634251272072,-1.1750999903514301e-07,-0.0008962123136221566,0.002167220569805779,0.002167220569805779,0.12045251898151749,0.9971947910239404,-1.1817550811637673e-07,1.4947287097729034,0.10123749691559857,0.0036904376666666654,0.0006504263211765207,0.0015032073213188338,0.0005358243573418335,0.0032930326916666636,1.494728481569943,0.09873765719414052,-2.282029603062341e-07,-0.0024998397214580498,-0.002509979828528253,1.0081889402459048,8.772235859831435e-08,-0.0025102650822286356,0.0105971407394414,0.0105971407394414,0.17665341863558254,0.9959600842385459,8.844071175110578e-08]"
/multi_agv/m2b_algorithm_state,1789558493.5070882,1789558493.5070882,m2b_algorithm_state_v1:header6+3x20,"[1.0,-0.15,0.52,1.496885844197834,0.10130676208351823,1789558493.507002,1.4953031839687507,0.101134153088556,0.0036904376666666654,0.0009529873605993119,0.0010981315983757513,0.0006153742956723439,0.004584685874999997,1.49561072806774,0.10147698725878412,0.00030754409898925417,0.00034283417022812346,0.00034264724102183185,0.9989109199844175,2.413837049781171e-09,0.0007270773647583995,-0.0017857150604359048,-0.0017857150604359048,0.14192583249384774,1.0005455441746276,2.4112081880893815e-09,1.4966607490330759,0.10157565141428712,0.002796189458333334,-0.0017663639040981184,0.002290282150051004,0.0007863960675215803,-0.0017884964166666626,1.4973538661964054,0.09983231004739185,0.0006931171633295374,-0.0017433413668952735,-0.001748222612680633,1.005636747473463,-1.1562220711323679e-07,-0.0008818261585187112,0.0021248354088473174,0.0021248354088473174,0.12045203675198297,0.9972078808785827,-1.1627394029705855e-07,1.49572803194735,0.10123075367249666,0.0036904376666666654,0.0006617145422612844,0.0015004362628704086,0.0005323726124848976,0.0032930326916666636,1.4957208911952224,0.09873765719414052,-7.140752127599015e-06,-0.0024930964783561466,-0.00250318235392978,1.0081669670086184,8.876633583210456e-08,-0.002512108294089279,0.010612140636488437,0.010612140636488437,0.17665191872723288,0.9959707787337987,8.94912875683213e-08]"
/multi_agv/m2b_algorithm_state,1789558493.5170763,1789558493.5170763,m2b_algorithm_state_v1:header6+3x20,"[1.0,-0.15,0.52,1.4978820181423174,0.1013000012048878,1789558493.5170007,1.4962926852425351,0.10112847240876961,0.0036904376666666654,0.0009593081002296044,0.0010978592795538584,0.0006127760413184382,0.004584685874999997,1.4963005067831894,0.0987310394363862,7.821540654262549e-06,-0.002397432972383415,-0.0024067657555672797,1.0078558678098848,1.1904964301398036e-07,-0.0023969888297494515,0.010465230134876994,0.010465230134876994,0.14189107777740922,0.9961222719069039,1.1998488127231216e-07,1.4976483839779988,0.10156747814904223,0.002796189458333334,-0.0017533692770383968,0.0022876193404934853,0.0007821481965720328,-0.0017884964166666626,1.498375436355481,0.10003210871301911,0.0007270523774822735,-0.0015353694360231152,-0.0015391500041052751,1.0049532045326164,-8.901256276357544e-08,-0.0006303345322524333,0.0011596565817663684,0.0011596565817663684,0.12043015124895268,0.9975437299340048,-8.945346019291579e-08,1.496716463372969,0.1012243356927428,0.0036904376666666654,0.0006718912121537568,0.0014977350216864756,0.0005293663711619561,0.0032930326916666636,1.4968716221460583,0.10057925047379893,0.00015515877308924786,-0.0006450852189438805,-0.0006457511908297132,1.0020697856843606,6.0270685298777094e-09,-0.0004518027244681534,0.0025617887499488163,0.0025617887499488163,0.1765838607357272,0.9989686865540627,6.039543270039511e-09]"
/multi_agv/m2b_algorithm_state,1789558493.5270746,1789558493.5270746,m2b_algorithm_state_v1:header6+3x20,"[1.0,-0.15,0.52,1.498882994794782,0.10129327653801534,1789558493.5269496,1.4972898262050334,0.10112269449387011,0.0036904376666666654,0.0009666520087391827,0.0010974432750360027,0.000609809024899424,0.004584685874999997,1.497309608457526,0.10002144545859479,1.978225249255061e-05,-0.001101249035275323,-0.0011031992518492461,1.003556532800468,2.5290251685657594e-08,-0.0010784714362335579,0.00527391815717264,0.00527391815717264,0.14190338102705102,0.9982322172801928,2.538019729530973e-08,1.4986436754917631,0.10155944130651111,0.002796189458333334,-0.0017413621473024894,0.0022849720483379965,0.0007783203048698922,-0.0017884964166666626,1.4989878026993988,0.09919937491336618,0.0003441272076356583,-0.0023600663931449273,-0.0023690558027751746,1.0076857559406502,-2.0899832734643655e-07,-0.0019388967932306017,0.006137521043889786,0.006137521043889786,0.12043787807695806,0.99620548843986,-2.106046374824254e-07,1.497712552730155,0.10121786781428221,0.0036904376666666654,0.0006825393408001891,0.001494988658028962,0.0005261792433842245,0.0032930326916666636,1.4973676119860877,0.09875985285149785,-0.00034494074406721253,-0.0024580149627843606,-0.0024678180943566498,1.0080502559441902,8.900450692902896e-08,-0.0028989940244406654,0.011979826344137212,0.011979826344137212,0.17660788335544902,0.9960276117616987,8.972101598999408e-08]"
/multi_agv/m2b_algorithm_state,1789558493.5369635,1789558493.5369635,m2b_algorithm_state_v1:header6+3x20,"[1.0,-0.15,0.52,1.499877375550562,0.1012867375257827,1789558493.536889,1.4982917608461603,0.10111688857737998,0.0036904376666666654,0.0009746248365067188,0.0010969124840665588,0.0006066291062818252,0.004584685874999997,1.4984668277460267,0.1005210370324254,0.0001750668998663496,-0.0005958515449545759,-0.0005964203533804623,1.0019135216652513,7.462535130124648e-09,-0.0003775867285475253,0.0025798237735690788,0.0025798237735690788,0.1418986653111076,0.9990462960851982,7.47681485277384e-09,1.4996437711573174,0.1015515304052462,0.002796189458333334,-0.0017299812191579585,0.002282329087606172,0.000774761601692528,-0.0017884964166666626,1.4999747485891406,0.09919937491336618,0.0003309774318231984,-0.0023521554918800175,-0.00236108515520864,1.0076601224070534,-2.062491798876473e-07,-0.001947363365429642,0.006175388460606488,0.006175388460606488,0.12043491650582058,0.9962179833671296,-2.0782907385194105e-07,1.4987134523808683,0.10121141063141989,0.0036904376666666654,0.0006934006064288575,0.0014922133638208927,0.0005229147798285457,0.0032930326916666636,1.4982520844242924,0.09817675500295465,-0.0004613679565759199,-0.0030346556284652354,-0.003049664096744252,1.0100042449338529,1.3787762418229332e-07,-0.003626374042464152,0.014777308044956737,0.014777308044956737,0.17659867548103605,0.9950786487288751,1.392569857055107e-07]"
/multi_agv/m2b_algorithm_state,1789558493.5471413,1789558493.5471413,m2b_algorithm_state_v1:header6+3x20,"[1.0,-0.15,0.52,1.5008842570507526,0.10128013397771622,1789558493.5469844,1.4992871027695742,0.10111129957779175,0.0036904376666666654,0.0009818607365153563,0.0010963914017616976,0.0006037635698681567,0.004584685874999997,1.4994784672408374,0.1005210370324254,0.0001913644712632223,-0.0005902625453663435,-0.0005908207516884567,1.0018955960390026,7.377727487825022e-09,-0.00035161516260942885,0.0024925758476309857,0.0024925758476309857,0.14191732569666826,0.999055201902577,7.391712678827784e-09,1.5006372546209303,0.10154372424151832,0.002796189458333334,-0.0017179815520897476,0.0022796372111046903,0.0007709601472068867,-0.0017884964166666626,1.5010067749638751,0.09995724475635126,0.00036952034294479574,-0.001586479485167061,-0.0015905187943928449,1.0051226828577888,-9.313259156750284e-08,-0.0011286183657118502,0.002976282789636242,0.002976282789636242,0.12044663528458273,0.9974603825871007,-9.360968029782714e-08,1.4997077692611818,0.10120518875803801,0.0036904376666666654,0.0007035226358092284,0.0014894807432448767,0.0005199485534413996,0.0032930326916666636,1.4992401311632184,0.09817675500295465,-0.0004676380979633521,-0.003028433755083354,-0.0030433812886158417,1.009983863454768,1.3932071799070153e-07,-0.003627928911070032,0.014790428180588028,0.014790428180588028,0.1766351135975265,0.9950885110622184,1.4071167701554093e-07]"
/multi_agv/m2b_algorithm_state,1789558493.5569525,1789558493.5569525,m2b_algorithm_state_v1:header6+3x20,"[1.0,-0.15,0.52,1.501865598041613,0.10127395628162449,1789558493.556861,1.5002949281610396,0.10110552096903844,0.0036904376666666654,0.0009906147088614673,0.0010956733057743136,0.0006003424892911915,0.004584685874999997,1.5005937869473647,0.09838103840929455,0.00029885878632507357,-0.0027244825597438904,-0.002736568713346127,1.0089631307845088,1.5881396362115987e-07,-0.002362995230439785,0.010511419470756265,0.010511419470756265,0.1418916833843477,0.9955834642326746,1.6023743394750256e-07,1.5016432526449555,0.10153605726364116,0.002796189458333334,-0.001707441566905242,0.002276986782608015,0.000767769857774811,-0.0017884964166666626,1.502366996465178,0.10057490848223964,0.0007237438202225555,-0.0009611487814015218,-0.0009626245272898071,1.0030819568916383,-3.3960430920788526e-08,-5.79447520116128e-05,-0.0010712185579149051,-0.0010712185579149051,0.12043053160315279,0.9984669558623859,-3.406509550490786e-08,1.5007145903462633,0.10119882370046908,0.0036904376666666654,0.0007145179543243414,0.0014866707694971785,0.0005166440272773264,0.0032930326916666636,1.5007058143473992,0.10076779678414245,-8.775998864063439e-06,-0.0004310269163266267,-0.0004313238626449477,1.0013800981291727,2.8614191620765573e-09,-0.000442293861225027,0.002475945866366223,0.002475945866366223,0.17658504316598425,0.9993115467423943,2.865368201308918e-09]"
/multi_agv/m2b_algorithm_state,1789558493.5671093,1789558493.5671093,m2b_algorithm_state_v1:header6+3x20,"[1.0,-0.15,0.52,1.5028731423360082,0.10126753770642666,1789558493.566984,1.5012772364450768,0.10110035613475292,0.0036904376666666654,0.0009963964121315928,0.0010951744630837805,0.0005980957272374464,0.004584685874999997,1.5015238532972295,0.09787736607968969,0.00024661685215265905,-0.0032229900550632268,-0.0032399683903274095,1.010663315604279,2.2362277633135995e-07,-0.0029316973251365857,0.012716773031581845,0.012716773031581845,0.141952572445062,0.9947597219420813,2.2600733657168633e-07,1.5026236650807574,0.10152845640987163,0.002796189458333334,-0.0016942496089024156,0.002274201117433705,0.0007635003847414612,-0.0017884964166666626,1.5032098470682471,0.09954192938928338,0.0005861819874897201,-0.0019865270205882413,-0.0019928807471678908,1.0064447804826488,-1.440544353336963e-07,-0.0012601532628057407,0.0036358114340378526,0.0036358114340378526,0.1204687703636792,0.9968117878660431,-1.449828345469739e-07,1.5016958925990043,0.10119305630024887,0.0036904376666666654,0.0007232269237294939,0.001484022155680764,0.0005142466179357688,0.0032930326916666636,1.5016811909131633,0.09943995570437769,-1.4701685840945444e-05,-0.0017531005958711793,-0.0017580625004521436,1.0056981092239812,4.795684608091289e-08,-0.0017764396077533254,0.007774246074747285,0.007774246074747285,0.17670396171373895,0.997177629020761,4.823010942791958e-08]"
/multi_agv/m2b_algorithm_state,1789558493.5771453,1789558493.5771453,m2b_algorithm_state_v1:header6+3x20,"[1.0,-0.15,0.52,1.5038617948625104,0.10126145657982442,1789558493.5770037,1.502285716761106,0.10109470923123465,0.0036904376666666654,0.0010053386674061019,0.0010943337354247344,0.000594656826675968,0.004584685874999997,1.5026344187917506,0.09930564492293066,0.00034870203064474303,-0.0017890643083039864,-0.0017942401149933227,1.0058250244620472,6.945985966711069e-08,-0.001358362576687394,0.006596829565711986,0.006596829565711986,0.141928566621976,0.9971153210509087,6.986446504880198e-08,1.50363031487483,0.10152102955172383,0.002796189458333334,-0.0016840515828336917,0.0022715176164651574,0.0007604755358915083,-0.0017884964166666626,1.5041803257916524,0.10005340563413628,0.0005500109168223855,-0.0014676239175875488,-0.0014710786207414721,1.0047339872270389,-7.812855455454652e-08,-0.0007835649747134903,0.0017404297790857477,0.0017404297790857477,0.12045369419765703,0.9976515849627521,-7.849841413387476e-08,1.502703395372089,0.10118687433632151,0.0036904376666666654,0.0007339833557045935,0.001481213062842368,0.000511045187276142,0.0032930326916666636,1.5025636735025485,0.09845642199218028,-0.00013972186954047672,-0.0027304523441412237,-0.002742578851256787,1.0089736397379514,1.1814351781391132e-07,-0.002917231188182383,0.01220547836558707,0.01220547836558707,0.1766570661968315,0.9955784289994045,1.1920369518014761e-07]"
/multi_agv/m2b_algorithm_state,1789558493.5870996,1789558493.5870996,m2b_algorithm_state_v1:header6+3x20,"[1.0,-0.15,0.52,1.5048590869984813,0.1012553595842061,1789558493.586936,1.5032753221843793,0.1010895404645544,0.0036904376666666654,0.0010120261035773083,0.0010936457955133868,0.0005921158301206705,0.004584685874999997,1.5037259438182777,0.10015862433084673,0.00045062163389841814,-0.0009309161337076738,-0.0009323085493787362,1.0030019962765162,1.892084251767694e-08,-0.0003690315070057135,0.0027353668505531686,0.0027353668505531686,0.14195256690688526,0.9985064862142579,1.8977642816463556e-08,1.5046180383752834,0.10151367025348279,0.002796189458333334,-0.0016718613523413715,0.002268730538319108,0.0007566410209751129,-0.0017884964166666626,1.5051452241064907,0.10169351548234727,0.000527185731207247,0.00017984522886448084,0.0001797939889313266,0.9994305657473681,-1.1634438534108107e-09,0.0008387761529403854,-0.004732379885481663,-0.004732379885481663,0.1204687735983223,1.0002849924708763,-1.1627813486296645e-09,1.5036920240278684,0.10118115902143607,0.0036904376666666654,0.0007429970020013063,0.0014785235754298243,0.0005085369773920518,0.0032930326916666636,1.503598012147981,0.09936757444997056,-9.401187988733462e-05,-0.0018135845714655069,-0.0018188980351276655,1.005899658566685,5.273104584529621e-08,-0.0019364128849868338,0.008383719700065918,0.008383719700065918,0.17670397261056275,0.9970787457243112,5.304214101164767e-08]"
/multi_agv/m2b_algorithm_state,1789558493.5973094,1789558493.5973094,m2b_algorithm_state_v1:header6+3x20,"[1.0,-0.15,0.52,1.5058541295134995,0.10124938455392768,1789558493.597101,1.5042735547611932,0.10108426164453864,0.0036904376666666654,0.0010197803148077303,0.001092809964783514,0.0005891893576657616,0.004584685874999997,1.504452730985712,0.09973198777126058,0.00017917622451890658,-0.001352273873278062,-0.0013552216015930807,1.004381874590105,4.0243784677585704e-08,-0.0011312513209444475,0.005622070211530775,0.005622070211530775,0.14195256265798464,0.9978249104710597,4.0420127895074073e-08,1.5056144087799306,0.10150644780289338,0.002796189458333334,-0.0016607543228663035,0.0022659653443477534,0.0007532646560618056,-0.0017884964166666626,1.5061978968396774,0.10214785166993169,0.0005834880597468395,0.0006414038670383149,0.0006407543406249435,0.9979795988111736,-1.4695629540634552e-08,0.0013701144153084929,-0.006824822157507283,-0.006824822157507283,0.12046877604512697,1.0010136902275806,-1.46659384732401e-08,1.5046892974543202,0.10117536930518631,0.0036904376666666654,0.0007526046389854627,0.0014757833691385388,0.0005057976791821629,0.0032930326916666636,1.504429496924368,0.10067227286750796,-0.0002598005299523365,-0.0005030964376783464,-0.0005035013356179356,1.0016126811432609,4.106742335188668e-09,-0.0008282519980583562,0.003913657903953957,0.003913657903953957,0.17670398084553382,0.9991958354209879,4.113365201112858e-09]"
/multi_agv/m2b_algorithm_state,1789558493.6072078,1789558493.6072078,m2b_algorithm_state_v1:header6+3x20,"[1.0,-0.15,0.52,1.506851291230646,0.10124347599465612,1789558493.6070886,1.505269536846548,0.10107910549064526,0.0036904376666666654,0.0010272729363868106,0.001091946731064163,0.0005863905301957323,0.004584685874999997,1.5053931927129187,0.09867544342009756,0.0001236558663706422,-0.0024036620705477074,-0.0024130500615337823,1.007882020439605,1.2817709505186187e-07,-0.0022584802285704796,0.010048263551127957,0.010048263551127957,0.14195255441019547,0.9961094918270749,1.2918738953494984e-07,1.5066085208046978,0.10149933153350395,0.002796189458333334,-0.0016495065073923489,0.0022631738735947593,0.0007498409387288185,-0.0017884964166666626,1.50700320994542,0.10010790570675075,0.0003946891407222708,-0.0013914258267531954,-0.0013945302321175192,1.0044856475305384,-6.878914854803204e-08,-0.0009011688062146807,0.0021571731561714556,0.0021571731561714556,0.12046878086738899,0.9977738701586913,-6.909771242234435e-08,1.5056843308892527,0.10116971663763381,0.0036904376666666654,0.0007618896526585674,0.00147305929667202,0.0005031898361826819,0.0032930326916666636,1.5054051202701304,0.10004996012510348,-0.0002792106191222832,-0.0011197565125303371,-0.0011217718352076879,1.0036147742699009,2.0604527426595415e-08,-0.0014707851091105418,0.006464319669483236,0.006464319669483236,0.17670399708552784,0.9982034468916956,2.0679008142180537e-08]"
/multi_agv/m2b_algorithm_state,1789558493.6172228,1789558493.6172228,m2b_algorithm_state_v1:header6+3x20,"[1.0,-0.15,0.52,1.5078454068010025,0.10123769709046392,1789558493.6170602,1.506267632640243,0.10107398039007244,0.0036904376666666654,0.0010350189880524831,0.001091008927145953,0.0005835206414145393,0.004584685874999997,1.5064475936058324,0.10006007191768228,0.00017996096558925423,-0.0010139084723901626,-0.0010155616064148965,1.0032733776954956,2.2957746934671143e-08,-0.0007906103994283287,0.004286249613633201,0.004286249613633201,0.141952549972799,0.998372197201734,2.303289631142593e-08,1.50760475000504,0.10149233187835775,0.002796189458333334,-0.001638598426388093,0.0022603763231816565,0.0007465676511048958,-0.0017884964166666626,1.5079998871577658,0.10010790570675075,0.00039513715272576633,-0.0013844261716070005,-0.0013874995494673548,1.0044631495584293,-6.765031223211859e-08,-0.0008935781085601469,0.00213822361225798,0.00213822361225798,0.12046878345942226,0.997784952174194,-6.795224569328497e-08,1.5066814910466553,0.10116411571553817,0.0036904376666666654,0.000771221778492382,0.0014703241920100973,0.0005005673126528064,0.0032930326916666636,1.506360793606457,0.09970905041029032,-0.00032069744019835866,-0.0014550653052478463,-0.001458477180693896,1.0047153716546626,3.522715380794791e-08,-0.0018593489809418443,0.007989139768018216,0.007989139768018216,0.1767040058425074,0.9976606590139269,3.5393262930488346e-08]"
/multi_agv/m2b_algorithm_state,1789558493.6272879,1789558493.6272879,m2b_algorithm_state_v1:header6+3x20,"[1.0,-0.15,0.52,1.5088395752195651,0.10123200815527729,1789558493.6271582,1.5072626824828557,0.10106899359847218,0.0036904376666666654,0.001042399601757553,0.001090055822492175,0.0005808171164682351,0.004584685874999997,1.5077187510226278,0.10164359046335053,0.00045606853977209205,0.0005745968648783462,0.0005740722296170012,0.998177868340256,7.417740610265457e-09,0.0011441579043321164,-0.003286661573285312,-0.003286661573285312,0.1419525400559994,1.0009138837140668,7.404224510255724e-09,1.5085979233510567,0.10148543410459118,0.002796189458333334,-0.0016274631649550444,0.002257549650162227,0.0007432110423818139,-0.0017884964166666626,1.5092444564414795,0.10191927020766105,0.0006465330904228406,0.0004338361030698651,0.0004335383936513564,0.9986298056006443,-6.5900394205009766e-09,0.001241704756679907,-0.006237733823301489,-0.006237733823301489,0.12046878924407861,1.0006866967790358,-6.581009785395473e-09,1.5076756145690955,0.10115866356832837,0.0036904376666666654,0.0007801778861211777,0.0014676102768818363,0.0004980967590355644,0.0032930326916666636,1.5073800449835713,0.10039729548855716,-0.00029556958552423573,-0.0007613680797712019,-0.0007622974249906258,1.00244826470161,9.752632865686636e-09,-0.0011317594068959206,0.005128779296574232,0.005128779296574232,0.17670402533748447,0.9987808627066589,9.776509892479457e-09]"
/multi_agv/m2b_algorithm_state,1789558493.6373253,1789558493.6373253,m2b_algorithm_state_v1:header6+3x20,"[1.0,-0.15,0.52,1.509838605819679,0.10122635071035692,1789558493.6371322,1.508257782133029,0.10106407869462543,0.0036904376666666654,0.0010497904120668222,0.0010890544211876732,0.0005781342957524053,0.004584685874999997,1.5088287783655605,0.10219490823918843,0.0005709962325315399,0.0011308295445630057,0.0011288059351706094,0.9964363346266703,2.8923016355981235e-08,0.0018425512258350343,-0.006028034064601614,-0.006028034064601614,0.14195253018450818,1.0017926991073893,2.8819944404101176e-08,1.5095911445379506,0.10147864716116813,0.002796189458333334,-0.0016164542473727887,0.0022547079551571425,0.0007399170176724951,-0.0017884964166666626,1.5102519500343676,0.10191927020766105,0.0006608054964170051,0.0004406230464929217,0.0004403159369555046,0.998608349332167,-6.7520349967283785e-09,0.001266322807476761,-0.006317422531062658,-0.006317422531062658,0.12046879495471231,1.000697475407183,-6.74263852271595e-09,1.5086697989877151,0.10115329861003833,0.0036904376666666654,0.0007890268807604138,0.0014648985904673348,0.0004956714777254322,0.0032930326916666636,1.5083726603072138,0.10040385869448501,-0.00029713868050129655,-0.0007494399155533182,-0.0007503403533148339,1.0024097574828266,9.556778057005893e-09,-0.0011217637039414546,0.005097068149017855,0.005097068149017855,0.17670404458131753,0.9987999609010261,9.579807574440475e-09]"
/multi_agv/m2b_algorithm_state,1789558493.647266,1789558493.647266,m2b_algorithm_state_v1:header6+3x20,"[1.0,-0.15,0.52,1.5108306368285813,0.10122086761045362,1789558493.6472125,1.5092577356896884,0.1010591390688019,0.0036904376666666654,0.0010577394113254084,0.0010879511116434143,0.000575262532968576,0.004584685874999997,1.5098494699396066,0.10219490823918843,0.0005917342499182077,0.001135769170386533,0.0011337277830761464,0.9964207288290846,2.9397731482537597e-08,0.001873395595473906,-0.006132374323603359,-0.006132374323603359,0.14195252909997308,1.0018005974104716,2.929250902975184e-08,1.5105892304041724,0.10147198204930817,0.002796189458333334,-0.0016060795639949912,0.002251873753480238,0.0007368940168537286,-0.0017884964166666626,1.511414697541021,0.10340521415042725,0.0008254671368486122,0.0019332321011190784,0.00192738627795995,0.9939967196221808,-1.2900778110050457e-07,0.002959220199020715,-0.01305706126274772,-0.01305706126274772,0.12046879560022976,1.0030330314301688,-1.2823331121963792e-07,1.5096688513651761,0.10114793101296071,0.0036904376666666654,0.000798160165489665,0.0014621586286975635,0.0004931376774040498,0.0032930326916666636,1.5093754634246774,0.10040385869448501,-0.00029338794049871275,-0.0007440723184757025,-0.0007449599325791716,1.0023925261983004,9.52961870560177e-09,-0.0011116948582025625,0.005068224002619217,0.005068224002619217,0.1767040467834082,0.9988085075926217,9.552418568014737e-09]"
/multi_agv/m2b_algorithm_state,1789558493.6573133,1789558493.6573133,m2b_algorithm_state_v1:header6+3x20,"[1.0,-0.15,0.52,1.5118241162113313,0.10121545498094812,1789558493.6572597,1.51025069445198,0.10105441822072293,0.0036904376666666654,0.0010648352409712773,0.0010868819102067377,0.0005727428454465304,0.004584685874999997,1.5106130132535514,0.09956215091100304,0.00036231880157133745,-0.001492267309719894,-0.0014958621835301823,1.0048450801991677,5.118460869754508e-08,-0.0010429636815660105,0.005415739516956026,0.005415739516956026,0.1419525153969033,0.9975967880932691,5.14326022316477e-08,1.5115803015257752,0.10146540242033668,0.002796189458333334,-0.001595035301942555,0.002248994091580858,0.0007336044296491762,-0.0017884964166666626,1.5122424048364107,0.10117046318134496,0.0006621033106355423,-0.00029493923899172325,-0.00029507763438635213,1.0009395146375881,-2.9869151103942246e-09,0.0005325515039080757,-0.0033510179031148142,-0.0033510179031148142,0.12046880352508314,0.9995309864981238,-2.989721360861673e-09,1.5106609145079894,0.10114278219030125,0.0036904376666666654,0.0008066030930853215,0.0014594643321541043,0.0004908793693230284,0.0032930326916666636,1.5103600135965116,0.10045143171385135,-0.0003009009114778305,-0.0006913504764499007,-0.000692116509980399,1.0022218312608449,8.313925000810043e-09,-0.0010682426493276872,0.004899923349788357,0.004899923349788357,0.176704073516552,0.998893201477711,8.332397139277163e-09]"
/multi_agv/m2b_algorithm_state,1789558493.6674235,1789558493.6674235,m2b_algorithm_state_v1:header6+3x20,"[1.0,-0.15,0.52,1.512816405955948,0.10121014363392633,1789558493.6672876,1.5112450973171092,0.10104973868130455,0.0036904376666666654,0.001072102230906743,0.0010857529361252716,0.0005701800600406977,0.004584685874999997,1.511612665453466,0.10028447238781199,0.00036756813635685504,-0.0007652662934925641,-0.0007662065865483886,1.0024645185541112,1.3546253133962541e-08,-0.0003067464161023198,0.0025015841231082435,0.0025015841231082435,0.14195250431757692,0.9987727943451123,1.357963812614988e-08,1.512572818375512,0.10145893619190097,0.002796189458333334,-0.001584278624643342,0.0022461064925425323,0.0007304436328585268,-0.0017884964166666626,1.5129341964915126,0.10078491054169741,0.0003613781160005658,-0.0006740256502035524,-0.0006747505750723507,1.0021565131911405,-1.5498817483767128e-08,-0.0002230279300716435,-0.0004917501399330033,-0.0004917501399330033,0.12046880995124908,0.9989256402356965,-1.5532240888117953e-08,1.5116544329413724,0.10113769006963885,0.0036904376666666654,0.0008150708239050759,0.0014567638421019938,0.0004886135336705749,0.0032930326916666636,1.5112647939379862,0.10121676546949733,-0.0003896390033861774,7.907539985847756e-05,7.906543578543557e-05,0.999748060821801,1.0985117674238132e-10,-0.0004079833184472862,0.002228224725730958,0.002228224725730958,0.17670409520041047,1.0001260231217726,1.0982350092718865e-10]"
/multi_agv/m2b_algorithm_state,1789558493.6775513,1789558493.6775513,m2b_algorithm_state_v1:header6+3x20,"[1.0,-0.15,0.52,1.513811032061012,0.10120489132575515,1789558493.6771886,1.512238309190007,0.10104515446561035,0.0036904376666666654,0.001079220475415445,0.0010845953174970714,0.0005676966514243816,0.004584685874999997,1.5128289061281375,0.10229846447913252,0.000590596938130572,0.001253310013522163,0.0012508259752270782,0.996054839210958,3.6523546615126785e-08,0.0019890721478902935,-0.006579386077357124,-0.006579386077357124,0.14195249104368637,1.0019859183805595,3.637945535114404e-08,1.5135641392454129,0.10145257351674858,0.002796189458333334,-0.001573514823010944,0.0022431998683953847,0.0007272896484667724,-0.0017884964166666626,1.514090162325251,0.10236888131264962,0.0005260230798380672,0.0009163077959010446,0.0009149839755246199,0.9971205754188591,-2.841807866596986e-08,0.001572512825322204,-0.007587382121023133,-0.007587382121023133,0.1204688175927673,1.001446823563949,-2.833625095171027e-08,1.5126467694324235,0.10113270291942003,0.0036904376666666654,0.0008233480707432413,0.0014540733569582635,0.0004864250633422108,0.0032930326916666636,1.5122496191886365,0.10081989700398708,-0.00039715024378694785,-0.000312805915432951,-0.00031296230906554303,1.0010011214649601,1.736957567207846e-09,-0.0008094001137992279,0.0038341416489388355,0.0038341416489388355,0.17670412102676092,0.9995002796564897,1.7386964727121027e-09]"
/multi_agv/m2b_algorithm_state,1789558493.6921542,1789558493.6921542,m2b_algorithm_state_v1:header6+3x20,"[1.0,-0.15,0.52,1.5148066099068485,0.10119971435696053,1789558493.6920028,1.513233852274608,0.1010405944414683,0.0036904376666666654,0.0010865984493673652,0.0010833699195580406,0.0005651359184441345,0.004584685874999997,1.5139653802476392,0.10337181124579746,0.0007315279730311097,0.002331216804329156,0.0023226919654399437,0.9927510275731316,1.27128626913692e-07,0.003237101931728831,-0.011555433674525743,-0.011555433674525743,0.14193782537630437,1.003670240830922,1.26207075002529e-07,1.5145577954971576,0.10144632444514697,0.002796189458333334,-0.0015631251313730898,0.0022402903084368653,0.0007242993581754453,-0.0017884964166666626,1.515020545587247,0.10078801661108663,0.00046275009008933665,-0.0006583078340603316,-0.0006589993793765718,1.0021062084895562,-1.4587683987136011e-08,-8.056176676490097e-05,-0.0009821689628063343,-0.0009821689628063343,0.12045958697766875,0.9989506130993713,-1.461840869099268e-08,1.5136414484112704,0.10112775509065018,0.0036904376666666654,0.0008317242346459141,0.0014513708457074117,0.0004841999737713329,0.0032930326916666636,1.5133016046094334,0.10158195595851323,-0.0003398438018369365,0.00045420086786304714,0.00045387301667900674,0.9985588397638359,3.697483570791715e-09,2.9068264382836086e-05,0.0005236770703052466,0.0005236770703052466,0.17667540425300046,1.0007223412099695,3.6921549044956197e-09]"
/multi_agv/m2b_algorithm_state,1789558493.697269,1789558493.697269,m2b_algorithm_state_v1:header6+3x20,"[1.0,-0.15,0.52,1.5158014327919744,0.10119463198380896,1789558493.6971438,1.5142303434863105,0.10103608860298001,0.0036904376666666654,0.001094053946495643,0.0010820934036471549,0.0005625681735922537,0.004584685874999997,1.5142278206700732,0.10126794407989691,-2.522816237249259e-06,0.0002318554769168979,0.00023176979601252998,0.9992615584071471,1.2681072664461632e-09,0.0002286162757159684,0.0001773854176658526,0.0001773854176658526,0.14192342220924745,1.000369681062166,1.2671708432964203e-09,1.5155524007373182,0.1014401817021525,0.002796189458333334,-0.001552939998456928,0.0022373724914093174,0.0007214020355758854,-0.0017884964166666626,1.516028244939656,0.10078801661108663,0.0004758442023378162,-0.0006521650910658594,-0.0006528438156740802,1.0020865831293824,-1.4223769834700961e-08,-5.8038562751809943e-05,-0.0010545028583030308,-0.0010545028583030308,0.12045051928823182,0.9989603568389169,-1.4253448912874267e-08,1.5146370854969167,0.10112287276574909,0.0036904376666666654,0.000840080136549686,0.0014486644460183452,0.0004819856915487708,0.0032930326916666636,1.5143742542488645,0.10216109690274654,-0.0002628312480521533,0.0010382241369974454,0.0010365185548339942,0.9967273363898289,1.9505702476136325e-08,0.0007079794947688026,-0.002151188769516694,-0.002151188769516694,0.17664719893885397,1.0016454912027353,1.944186687345185e-08]"
/multi_agv/m2b_algorithm_state,1789558493.7074065,1789558493.7074065,m2b_algorithm_state_v1:header6+3x20,"[1.0,-0.15,0.52,1.516797255999253,0.10118962311116747,1789558493.707246,1.5152260780826106,0.10103167133449746,0.0036904376666666654,0.0011013795901642833,0.001080786695547297,0.0005600724214712998,0.004584685874999997,1.5150748041097168,0.09949996292059432,-0.00015127397289371736,-0.0015317084139031406,-0.0015354981093814982,1.004976864014193,5.578405160497188e-08,-0.0017245905754986449,0.007875768536161612,0.007875768536161612,0.1419063498043822,0.9975319438980723,5.6061681243970546e-08,1.5165462458897045,0.10143413810789038,0.002796189458333334,-0.0015427679105648948,0.0022344392931896717,0.0007185183722443061,-0.0017884964166666626,1.5162847224348375,0.09961085050824237,-0.0002615234548670742,-0.0018232875996480186,-0.0018286402204354645,1.005911787004124,-1.1053815058056244e-07,-0.002155544539019307,0.006875193019318762,0.006875193019318762,0.12043977060946474,0.9970728956261439,-1.1119162858262451e-07,1.5156319744036089,0.101118086509039,0.0036904376666666654,0.000848277275076895,0.001445964692987801,0.0004798367716571969,0.0032930326916666636,1.5146844776715354,0.10131366583463,-0.000947496732073505,0.00019557932559099989,0.00019551840940198686,0.9993775296675884,6.993807816194078e-10,-0.0009888525056898944,0.004273070578465301,0.004273070578465301,0.17661377113117296,1.0003115624211518,6.989454378317909e-10]"
/multi_agv/m2b_algorithm_state,1789558493.7173147,1789558493.7173147,m2b_algorithm_state_v1:header6+3x20,"[1.0,-0.15,0.52,1.5177917437526016,0.10118471383405292,1789558493.7171566,1.516222809480434,0.10102730693360049,0.0036904376666666654,0.0011087804816306795,0.0010794307214994523,0.0005575696803420542,0.004584685874999997,1.5159648142127058,0.09902282177559066,-0.0002579952677281838,-0.0020044851580098277,-0.002010998874127476,1.006548152815318,9.620957763863653e-08,-0.002333492958787706,0.010228835819610912,0.010228835819610912,0.14189282113187227,0.9967609548660368,9.683957265531152e-08,1.5175410889334262,0.10142819906908891,0.002796189458333334,-0.0015328019942809912,0.002231498802519827,0.0007157278737643519,-0.0017884964166666626,1.5172809066441664,0.09961085050824237,-0.000260182289259836,-0.0018173485608465462,-0.0018226665549132546,1.0058926052766837,-1.09112344332507e-07,-0.00214789441648805,0.006855696154379915,0.006855696154379915,0.12043125262097644,0.9970823000771188,-1.0975530030847206e-07,1.5166278695838986,0.10111336333081299,0.0036904376666666654,0.0008564617973863056,0.001443260667717339,0.0004776955445225115,0.0032930326916666636,1.5155984447977702,0.10024731538659591,-0.0010294247861284411,-0.0008660479442170743,-0.0008672520920441969,1.0027898714090133,1.3856468218018982e-08,-0.002154033074704748,0.00886824241772561,0.00886824241772561,0.17658728546464492,0.9986115365553235,1.3895125982530334e-08]"
/multi_agv/m2b_algorithm_state,1789558493.727369,1789558493.727369,m2b_algorithm_state_v1:header6+3x20,"[1.0,-0.15,0.52,1.5187874836090884,0.10117987375923776,1789558493.7272496,1.5172182045715858,0.10102304178579381,0.0036904376666666654,0.001115977341260168,0.0010780538698052836,0.000555166240100549,0.004584685874999997,1.5178353375413272,0.10066684600249969,0.0006171329697413075,-0.0003561957832941276,-0.00035639894023289,1.0011422368122198,3.0543655953533087e-09,0.0004150172719437444,-0.00019536181289108736,-0.00019536181289108736,0.14190298914841437,0.9994299732243042,3.057854404174299e-09,1.5185345907924463,0.10142235493515088,0.002796189458333334,-0.0015227829738641624,0.0022285411195341887,0.0007129233032938942,-0.0017884964166666626,1.518852908590251,0.09974848601270049,0.00031831779780455705,-0.0016738689224503889,-0.0016783758253226537,1.0054190294202865,-9.195225002630319e-08,-0.0012804785780669574,0.0037449526783895626,0.0037449526783895626,0.1204376319663753,0.9973147236725728,-9.245054197445726e-08,1.5176224358937727,0.10110874478121405,0.0036904376666666654,0.0008644448059790186,0.0014405668649670857,0.0004756363501884947,0.0032930326916666636,1.5172544600765605,0.10157796708781691,-0.00036797581721215167,0.00046922230660285946,0.00046887236096375634,0.998511047738128,4.101652090958549e-09,8.902589448566756e-06,0.0006213191618427194,0.0006213191618427194,0.17660711820859637,1.000746355870463,4.095544926800304e-09]"
/multi_agv/m2b_algorithm_state,1789558493.7374098,1789558493.7374098,m2b_algorithm_state_v1:header6+3x20,"[1.0,-0.15,0.52,1.5197819666556323,0.10117513063367102,1789558493.7372043,1.5182148481125881,0.101018823492506,0.0036904376666666654,0.0011232759756287058,0.0010766272388417863,0.0005527445794413163,0.004584685874999997,1.5190207333173034,0.10124280865404378,0.0008058852047152509,0.00022398516153777914,0.00022390517535125654,0.9992863945132995,1.2151906399660438e-09,0.0012312616812453201,-0.0033520430192642598,-0.0033520430192642598,0.14191683310472095,1.0003572324150038,1.214323473257977e-09,1.519529342907464,0.10141661485704836,0.002796189458333334,-0.0015129985168168443,0.0022255778951272287,0.0007102232934318303,-0.0017884964166666626,1.5198504715534424,0.09974848601270049,0.00032112864597833024,-0.0016681288443478742,-0.0016726050420074329,1.0054005127889336,-9.073794123499623e-08,-0.00127119423453452,0.0037195104331949154,0.0037195104331949154,0.12044632594508255,0.997323816712769,-9.122797264707733e-08,1.5186182598072129,0.1011041829281589,0.0036904376666666654,0.0008724408555524283,0.0014378672600761202,0.00047357452293612934,0.0032930326916666636,1.518333271097043,0.10190986637352945,-0.0002849887101699089,0.0008056834453705475,0.0008046542597320036,0.9974529732875279,1.2202073014260356e-08,0.0004484183720196175,-0.0010874648550460758,-0.0010874648550460758,0.17663415163508614,1.0012790408129906,1.21709940083455e-08]"
/multi_agv/m2b_algorithm_state,1789558493.7473602,1789558493.7473602,m2b_algorithm_state_v1:header6+3x20,"[1.0,-0.15,0.52,1.5207772141039273,0.1011704607965051,1789558493.7472723,1.519210234049366,0.10101470173673167,0.0036904376666666654,0.0011303757503130637,0.0010751813121462998,0.0005504191547893996,0.004584685874999997,1.5200160093838522,0.10046633893563117,0.000805775334486114,-0.0005483628011005021,-0.0005488450470195947,1.0017624947413832,7.333674065006627e-09,0.0004583741210880479,-0.0002473460357632711,-0.0002473460357632711,0.141935135692006,0.999121344135815,7.34659962698122e-09,1.5205228328444182,0.1014109678831708,0.002796189458333334,-0.0015031681142281096,0.0022225985663579806,0.0007075117484993398,-0.0017884964166666626,1.520779585297249,0.09936900039963976,0.0002567524528307441,-0.0020419674835310403,-0.0020486942395457537,1.00663923912149,-1.3511876398922497e-07,-0.0017277536735073235,0.005498355645092964,0.005498355645092964,0.12045781919182011,0.9967165641973958,-1.360158497731496e-07,1.5196128330731125,0.1010997222811106,0.0036904376666666654,0.0008802461734981983,0.0014351773751536297,0.0004715903161648127,0.0032930326916666636,1.519262047931248,0.10077518991967979,-0.00035078514186448473,-0.00032453236143080433,-0.0003247007904808831,1.0010392516773903,1.999150131595862e-09,-0.000763182217811489,0.003732299903736477,0.003732299903736477,0.17666989591116666,0.9994812792114571,2.0012277517234778e-09]"
/multi_agv/m2b_algorithm_state,1789558493.757386,1789558493.757386,m2b_algorithm_state_v1:header6+3x20,"[1.0,-0.15,0.52,1.5217722624243155,0.10116587441055563,1789558493.7571814,1.520206381411016,0.10101063547133178,0.0036904376666666654,0.001137516987849595,0.0010736936377082167,0.0005480974747220424,0.004584685874999997,1.5208734233310806,0.09883281311062396,0.0006670419200645039,-0.0021778223607078206,-0.0021855230819542476,1.0071298659813284,1.1653414827996127e-07,-0.0013517206818736177,0.006871336495714224,0.006871336495714224,0.1419507322147727,0.9964764859680452,1.1736502113944565e-07,1.5215170848467685,0.10140542155230053,0.002796189458333334,-0.0014935186139903214,0.0022196122285238484,0.0007048822673862837,-0.0017884964166666626,1.5217770857049349,0.09936900039963976,0.00026000085816635377,-0.0020364211526607695,-0.0020431116355556548,1.0066212841050828,-1.335259811056363e-07,-0.0017181105628477126,0.005471678291783126,0.005471678291783126,0.12046761244377957,0.9967253463890797,-1.3441009456194664e-07,1.5206081760539971,0.101095325365883,0.0036904376666666654,0.0008880291562340143,0.0014324847516507542,0.00046961721704739815,0.0032930326916666636,1.5201690209961025,0.09967909669880727,-0.0004391550578946024,-0.0014162286670757335,-0.0014194628873472003,1.0045917409033083,3.8437356674733975e-08,-0.0019684067097154533,0.008474713191652742,0.008474713191652742,0.17670035921065685,0.9977215182585639,3.86138510575924e-08]"
/multi_agv/m2b_algorithm_state,1789558493.767387,1789558493.767387,m2b_algorithm_state_v1:header6+3x20,"[1.0,-0.15,0.52,1.5227732177727578,0.10116130392307983,1789558493.7672536,1.521202327796665,0.10100664369403141,0.0036904376666666654,0.0011445809031363214,0.0010721765996267946,0.0005458245859741584,0.004584685874999997,1.521745704513511,0.09773300186016326,0.0005433767168459003,-0.003273641833868149,-0.0032911866231382383,1.0108505377514856,2.651410967491589e-07,-0.002611965727080863,0.01176356913175317,0.01176356913175317,0.14195256717620894,0.9946691600085079,2.6801802022890595e-07,1.5225111341341973,0.10139997063602699,0.002796189458333334,-0.0014839389908988428,0.0022166151296447723,0.0007022886764140729,-0.0017884964166666626,1.522782596313249,0.09945591574614077,0.000271462179051829,-0.0019440548898862209,-0.001950148414906775,1.0063148449378674,-1.2090307170937035e-07,-0.0016108206910919888,0.005064044731037601,0.005064044731037601,0.12046877346405589,0.9968753531915953,-1.2166655585972687e-07,1.5216033253420846,0.10109100890160849,0.0036904376666666654,0.0008957112339743009,0.0014297952815172437,0.0004676862176886884,0.0032930326916666636,1.5213458578701804,0.10104720643193527,-0.0002574674719042491,-4.380246967322643e-05,-4.380553183793997e-05,1.0001398401198025,3.705292782741569e-11,-0.00036563987171825136,0.0022132391619687146,0.0022132391619687146,0.17670397212752043,0.9999300963922806,3.705810931328211e-11]"
/multi_agv/m2b_algorithm_state,1789558493.7773416,1789558493.7773416,m2b_algorithm_state_v1:header6+3x20,"[1.0,-0.15,0.52,1.5237641234755515,0.10115692400474426,1789558493.7772076,1.522204172456517,0.10100260828241779,0.0036904376666666654,0.0011522712319413952,0.0010705584575445124,0.0005433327643625668,0.004584685874999997,1.5228832149000053,0.09982200249737233,0.0006790424434883757,-0.0011806057850454604,-0.0011828521639190787,1.003822392243819,3.466891548054953e-08,-0.00033404910955860904,0.002862339302155455,0.002862339302155455,0.14195256949739088,0.9981008794318171,3.4801433674184e-08,1.5235110960406393,0.10139463818474927,0.002796189458333334,-0.0014750893527896245,0.002213634803645226,0.0007000027850082718,-0.0017884964166666626,1.523774033947339,0.09945591574614077,0.0002629379066996229,-0.0019387224386085006,-0.001944782772022007,1.0062975952881823,-1.195261548977267e-07,-0.0016161103886474784,0.005089279266831311,0.005089279266831311,0.1204687720696226,0.9968837993113207,-1.2027888224762517e-07,1.5226043848211164,0.10108666530207247,0.0036904376666666654,0.0009037818730420065,0.0014270704658213892,0.0004656051793940491,0.0032930326916666636,1.52239332511685,0.10090522858239945,-0.00021105970426638088,-0.00018143671967302266,-0.00018148931639191336,1.0005801774987821,6.415372973024447e-10,-0.0004453139467248895,0.0025652250901145937,0.0025652250901145937,0.17670396743711164,0.9997101938563859,6.419095028069691e-10]"
/multi_agv/m2b_algorithm_state,1789558493.7875357,1789558493.7875357,m2b_algorithm_state_v1:header6+3x20,"[1.0,-0.15,0.52,1.5247702047655771,0.10115245798152805,1789558493.7874005,1.523195976838177,0.10099884101819769,0.0036904376666666654,0.0011587050137181524,0.0010690298001429172,0.0005413390593424825,0.004584685874999997,1.5240247717033053,0.10117265944215585,0.0008287948651282129,0.00017381842395816638,0.00017377022363619928,0.9994457585745188,7.549867118220013e-10,0.0012097638050464655,-0.003216869115067061,-0.003216869115067061,0.1419525538422673,1.0002773796393796,7.545682669106217e-10,1.5245009907640041,0.10138935497391466,0.002796189458333334,-0.0014651984320928034,0.002210601865358486,0.0006972929075111656,-0.0017884964166666626,1.5247180767333233,0.10092877425567709,0.0002170859693191307,-0.00046058071823756874,-0.00046091898498575924,1.0014714288337807,-6.69416836144894e-09,-0.00018956152333684585,-0.0005863913938410913,-0.0005863913938410913,0.1204687812154567,0.9992661036771985,-6.7040183537941584e-09,1.5235954028244727,0.10108257602212047,0.0036904376666666654,0.0009109467166621911,0.00142440967535139,0.00046388346572233093,0.0032930326916666636,1.5233614160083162,0.1004934393436647,-0.00023398681615649508,-0.0005891366784557678,-0.0005896929680658955,1.001892688469356,6.819686832335834e-09,-0.0008821764882615144,0.00430069641828523,0.00430069641828523,0.17670399827596256,0.999056645338756,6.832594374968015e-09]"
/multi_agv/m2b_algorithm_state,1789558493.79755,1789558493.79755,m2b_algorithm_state_v1:header6+3x20,"[1.0,-0.15,0.52,1.5257552403440229,0.10114829840147206,1789558493.7973263,1.524202937594872,0.10099484751093235,0.0036904376666666654,0.00116686672273063,0.001067291318230534,0.0005387055126956999,0.004584685874999997,1.5248352402591732,0.10044526851215069,0.0006323026643011431,-0.0005495789987816635,-0.0005500635202518323,1.0017669002137228,7.604740565726631e-09,0.00024031481012459657,0.0005622896497699005,0.0005622896497699005,0.14195256536617876,0.9991191536025747,7.61817738345752e-09,1.5255060803137677,0.1013842318549673,0.002796189458333334,-0.0014570806994881336,0.0022076266445723025,0.0006953216203177681,-0.0017884964166666626,1.5257271299174087,0.10092877425567709,0.00022104960364099924,-0.0004554575992902071,-0.0004557883927977095,1.0014550781326412,-6.509937967850066e-09,-0.00017947638824646045,-0.0006163046825106754,-0.0006163046825106754,0.1204687744785219,0.9992742388513408,-6.519410436231936e-09,1.524601596388091,0.10107829457868447,0.0036904376666666654,0.0009192609244173598,0.0014216560210967618,0.00046171185406378157,0.0032930326916666636,1.5241016861670649,0.10085733985324787,-0.0004999102210261341,-0.000220954725436609,-0.00022103276117613768,1.0007069397094568,9.67792008544389e-10,-0.0008459205374588053,0.004019277043697951,0.004019277043697951,0.17670397559108741,0.9996469494426371,9.68476179145724e-10]"
/multi_agv/m2b_algorithm_state,1789558493.8073,1789558493.8073,m2b_algorithm_state_v1:header6+3x20,"[1.0,-0.15,0.52,1.5267513921428577,0.10114409569107223,1789558493.8071911,1.5251888745773434,0.10099133369894192,0.0036904376666666654,0.0011724713559664343,0.0010657759123133817,0.0005370643191050792,0.004584685874999997,1.5257252353031407,0.09865562282710534,0.0005363607257973246,-0.00233571087183658,-0.0023445814632220593,1.007662317467868,1.3818942534612392e-07,-0.0016741305559754035,0.00810835336125253,0.00810835336125253,0.1419525391713218,0.9962165565476709,1.3924827659382817e-07,1.5264900910864891,0.10137910416776441,0.002796189458333334,-0.0014466914042216656,0.002204552227399237,0.0006924172988770488,-0.0017884964166666626,1.5265256762636508,0.10002230139714251,3.558517716162335e-05,-0.0013568027706219038,-0.0013597586207864465,1.0043793976704143,-5.739638579544763e-08,-0.0013152771493344173,0.0038078622654491353,0.0038078622654491353,0.12046878975180877,0.9978261949441929,-5.764774739369041e-08,1.5255867553682356,0.10107445733770985,0.0036904376666666654,0.0009257806324571146,0.0014190345137525375,0.0004602493504711879,0.0032930326916666636,1.5251495542322835,0.1010996298808774,-0.0004372011359521366,2.5172543167542583e-05,2.5171532155357598e-05,0.9999196810543419,1.2648283110053539e-11,-0.0005213298877848132,0.002765338579707462,0.002765338579707462,0.17670402708176622,1.0000401649044939,1.2647267213289754e-11]"
/multi_agv/m2b_algorithm_state,1789558493.817479,1789558493.817479,m2b_algorithm_state_v1:header6+3x20,"[1.0,-0.15,0.52,1.527742111337546,0.10114002698101944,1789558493.8173513,1.5261859137693394,0.1009876670104217,0.0036904376666666654,0.0011793632488867963,0.0010641037793070124,0.0005349466761227495,0.004584685874999997,1.5266537862916203,0.09940361008686915,0.0004678725222808655,-0.0015840569235525404,-0.0015881140773944243,1.005153026804553,6.390185873246005e-08,-0.0010032734245433424,0.005429792266318005,0.005429792266318005,0.1419525328922883,0.9974453007503464,6.423114672336918e-08,1.527485230621428,0.10137412451411007,0.002796189458333334,-0.0014376703026799404,0.002201515435710455,0.0006900864691135461,-0.0017884964166666626,1.5275230526429244,0.10002230139714251,3.782202149649194e-05,-0.0013518231169675626,-0.0013547573968530895,1.0043633714299882,-5.662167477589206e-08,-0.0013074798699824746,0.003787196965675756,0.003787196965675756,0.12046879340061625,0.9978340919988016,-5.686873617392727e-08,1.526583032037806,0.1010704955486849,0.0036904376666666654,0.000933141908696603,0.001416347815664255,0.0004584559718305743,0.0032930326916666636,1.526124530148346,0.10030998487135884,-0.0004585018894600612,-0.0007605106773260623,-0.000761439027168842,1.0024483878288815,1.1643222698674998e-08,-0.0013345663889939184,0.005999364956429807,0.005999364956429807,0.1767040393665129,0.9987807955599131,1.1671729823419389e-08]"
/multi_agv/m2b_algorithm_state,1789558493.8273532,1789558493.8273532,m2b_algorithm_state_v1:header6+3x20,"[1.0,-0.15,0.52,1.5287488271045397,0.10113586521708788,1789558493.8271916,1.5271775247319148,0.10098417041693802,0.0036904376666666654,0.0011855676449865362,0.0010624712758971356,0.0005331064221374688,0.004584685874999997,1.5278756270295877,0.1014160765363864,0.0006981022976728646,0.00043190611944837753,0.00043160903733823684,0.9986265653761578,4.7690247353184904e-09,0.0013042369094293175,-0.003646190181780432,-0.003646190181780432,0.14195251684189875,1.0006883129972737,4.762474791625044e-09,1.5284749271285791,0.10136921162196377,0.002796189458333334,-0.0014281463062607701,0.002198447373100265,0.000687553922832998,-0.0017884964166666626,1.5287000804339659,0.10241173238059294,0.00022515330538674938,0.0010425207586291646,0.001040806831282181,0.9967249525684639,-3.339714060171357e-08,0.0013222484630156176,-0.0066099419385371545,-0.0066099419385371545,0.12046880269023368,1.0016467295327725,-3.328776338216528e-08,1.5275738821521432,0.10106669890415652,0.0036904376666666654,0.0009399946155438741,0.0014136970285788756,0.00045686435966928824,0.0032930326916666636,1.5270994359021688,0.1005873320374836,-0.0004744462499743918,-0.00047936686667292283,-0.0004797349431735778,1.0015384553718372,4.659071922160457e-09,-0.0010727927556415675,0.004957280426944997,0.004957280426944997,0.1767040707014289,0.9992327502803525,4.6662396963868806e-09]"
/multi_agv/m2b_algorithm_state,1789558493.8369992,1789558493.8369992,m2b_algorithm_state_v1:header6+3x20,"[1.0,-0.15,0.52,1.5297317807554551,0.1011320286243072,1789558493.8369255,1.528185112120628,0.10098043378704559,0.0036904376666666654,0.00119358791714572,0.001060621254665283,0.0005305922064970129,0.004584685874999997,1.5290601208219143,0.10257893345375863,0.0008750087012863172,0.0015984996667130352,0.0015944658796402263,0.9949835759769036,6.5711987459449e-08,0.002688226756248123,-0.0091262165002468,-0.0091262165002468,0.14195252955085352,1.0025298672893013,6.538234826695202e-08,1.5294806410276456,0.10136446452928101,0.002796189458333334,-0.0014204887857964619,0.0021954417693170747,0.0006857979365793992,-0.0017884964166666626,1.5297182020628997,0.10241173238059294,0.00023756103525407468,0.0010472678513119282,0.0010455382303806574,0.996710004917611,-3.3521886926346595e-08,0.0013424895244482508,-0.006676633099041144,-0.006676633099041144,0.12046879533799106,1.001654287601364,-3.3411600083206515e-08,1.528580728165346,0.10106269733493703,0.0036904376666666654,0.0009480625585379823,0.0014109483508888973,0.0004547969116782376,0.0032930326916666636,1.5281474444950183,0.10111435779304673,-0.0004332836703277998,5.166045810969799e-05,5.1656200157080954e-05,0.9998351883821446,5.455545533524118e-11,-0.0004899483877526688,0.002664447263144955,0.002664447263144955,0.1767040458834857,1.0000824286843417,5.454646396238454e-11]"
/multi_agv/m2b_algorithm_state,1789558493.8472624,1789558493.8472624,m2b_algorithm_state_v1:header6+3x20,"[1.0,-0.15,0.52,1.5307349384178253,0.10112805519724404,1789558493.8470955,1.529168962642323,0.10097722014105368,0.0036904376666666654,0.0011987381287738258,0.0010590326450798044,0.0005291860682678283,0.004584685874999997,1.530087486288124,0.10179531683517574,0.0009185236458009172,0.0008180966941220696,0.0008170338236635498,0.9974096373713003,1.7296244634290273e-08,0.001965188380914696,-0.006166966426921019,-0.006166966426921019,0.1419524995201324,1.0013008891770894,1.7251441088572758e-08,1.530462556655099,0.10135968870594056,0.002796189458333334,-0.0014102517318103098,0.0021923276989308516,0.0006829802449000721,-0.0017884964166666626,1.5304467361286385,0.10065830070837761,-1.582052646043053e-05,-0.0007013879975629467,-0.0007021741907802912,1.0022477630413273,-1.494628432432252e-08,-0.0007219498488558293,0.0014612087794854682,0.0014612087794854682,0.1204688127099647,0.9988803444677015,-1.4979880029831902e-08,1.5295638229689439,0.10105917702592737,0.0036904376666666654,0.0009541306953667994,0.001408348484894218,0.0004535188947385571,0.0032930326916666636,1.5291386133657467,0.10030265323519302,-0.00042520960319714085,-0.0007565237907343481,-0.0007574425450312058,1.0024358136491753,1.178119569030947e-08,-0.0012889545490276319,0.005857149630420612,0.005857149630420612,0.17670410454178123,0.9987870310390078,1.180989248757553e-08]"
/multi_agv/m2b_algorithm_state,1789558493.8570366,1789558493.8570366,m2b_algorithm_state_v1:header6+3x20,"[1.0,-0.15,0.52,1.531727862716948,0.10112426317951417,1789558493.856932,1.5301729927975627,0.10097368273138946,0.0036904376666666654,0.0012062249452233181,0.0010571801768594724,0.0005269043589769178,0.004584685874999997,1.5305597259518475,0.10025106877377885,0.0003867331542848351,-0.0007226139576106128,-0.0007234529459173375,1.0023284175633556,1.3593717774688568e-08,-0.00024003650306129358,0.0023805601476891087,0.0023805601476891087,0.14195250584175484,0.9988403001031934,1.3625369625906451e-08,1.531464702342073,0.10135510500319743,0.002796189458333334,-0.001402385151832582,0.002189291772743296,0.0006811494178602384,-0.0017884964166666626,1.5314530428286868,0.10065830070837761,-1.1659513386330644e-05,-0.0006968042948198166,-0.0006975802669460397,1.0022330957150083,-1.4669545015528488e-08,-0.000712154658678953,0.0014323764799236654,0.0014323764799236654,0.12046880906625429,0.9988876231697033,-1.4702303513643786e-08,1.5305671201138402,0.10105537785714516,0.0036904376666666654,0.0009617667493245683,0.0014056269037242665,0.00045162456169664826,0.0032930326916666636,1.5300691381522629,0.09948005330922494,-0.000497981961577354,-0.001575324547920226,-0.0015793331833744869,1.0051194721290166,5.152238362049521e-08,-0.0022018106353461795,0.009439168068099085,0.009439168068099085,0.17670409221524833,0.9974618177491239,5.1786151027460844e-08]"
/multi_agv/m2b_algorithm_state,1789558493.8670194,1789558493.8670194,m2b_algorithm_state_v1:header6+3x20,"[1.0,-0.15,0.52,1.5327195150736987,0.10112055623265327,1789558493.8668878,1.5311667996638187,0.10097041032417606,0.0036904376666666654,0.00121240755106721,0.0010554294305293857,0.0005251350601516823,0.004584685874999997,1.5315510689006713,0.10100731868189838,0.00038426923685253023,3.6908357722326146e-05,3.690618139872785e-05,0.9998820852211723,3.5626382156091647e-11,0.0005172427274643906,-0.000640655832650261,-0.000640655832650261,0.14195249374546604,1.0000589690809456,3.562218127911928e-11,1.5324565980768596,0.10135055238024057,0.002796189458333334,-0.0013934184088135165,0.0021862060797346317,0.0006788676021792089,-0.0017884964166666626,1.5325056034694804,0.10345603614131947,4.900539262076009e-05,0.0021054837610788996,0.0020985473786340717,0.9934638315441509,-1.3281633836932558e-07,0.0021598041194100218,-0.01007048462822512,-0.01007048462822512,0.12046881603974956,1.0033053256340312,-1.3194822840805462e-07,1.531560190410166,0.10105182683412588,0.0036904376666666654,0.0009684831751134511,0.0014029702019308097,0.0004500951040269773,0.0032930326916666636,1.5309078202485673,0.10009911966402553,-0.0006523701615985811,-0.0009527071701003476,-0.0009541665170335859,1.0030745817233615,1.8967955366362863e-08,-0.0017696292190318122,0.007656637582635744,0.007656637582635744,0.1767041157837525,0.9984705531925651,1.9026273895261818e-08]"
/multi_agv/m2b_algorithm_state,1789558493.8770294,1789558493.8770294,m2b_algorithm_state_v1:header6+3x20,"[1.0,-0.15,0.52,1.5337193060123333,0.10111683850301616,1789558493.8769372,1.5321593344923583,0.10096722250374376,0.0036904376666666654,0.0012184028408839466,0.001053673805326393,0.0005234494939818338,0.004584685874999997,1.5327202706682599,0.10260587950560768,0.000560936175901583,0.0016386570018639135,0.001634418524650878,0.9948589809798575,7.049293995508985e-08,0.0023355887445278565,-0.00786193058727068,-0.00786193058727068,0.1419325635623255,1.0025932630774244,7.013053440999497e-08,1.533447217835579,0.1013460828056393,0.002796189458333334,-0.0013844231395998413,0.0021831082856405004,0.0006765797189580702,-0.0017884964166666626,1.5335326969949412,0.10345603614131947,8.547915936230055e-05,0.002109953335680176,0.002102987284045682,0.9934498901590727,-1.3252204875767935e-07,0.002209836233248558,-0.010242566916612295,-0.010242566916612295,0.12045627437579329,1.003312455423455,-1.3165401478197184e-07,1.532551992893159,0.10104836338857676,0.0036904376666666654,0.000975039403114988,0.0014003242537130702,0.00044862949337874224,0.0032930326916666636,1.5319819070716838,0.1009997412017525,-0.0005700858214752191,-4.862218682426256e-05,-4.862596225337123e-05,1.0001553250674298,4.9709010158055674e-11,-0.0007612332390973951,0.003698826980686724,0.003698826980686724,0.1766650997912755,0.9999223577501869,4.971673121341034e-11]"
/multi_agv/m2b_algorithm_state,1789558493.8872352,1789558493.8872352,m2b_algorithm_state_v1:header6+3x20,"[1.0,-0.15,0.52,1.5347132862129722,0.10111325215043547,1789558493.8871474,1.5331599970032848,0.100963944057191,0.0036904376666666654,0.0012252924215498998,0.0010517998925834156,0.0005214378196947254,0.004584685874999997,1.5338220810462972,0.10284972559601491,0.0006620840430124897,0.0018857815388239052,0.001880178507667521,0.9941000463308768,9.387033152195805e-08,0.002707783561433133,-0.00930461567070051,-0.00930461567070051,0.14193307692579846,1.0029800527628279,9.331650091507326e-08,1.5344459858323558,0.10134174189477055,0.002796189458333334,-0.001376427740550733,0.0021800394600677286,0.0006747101752631879,-0.0017884964166666626,1.5341262157874613,0.10163900065374472,-0.000319770044894474,0.00029725875897416987,0.00029711857230221866,0.9990578651128745,-2.618640120055886e-09,-0.00010259398381587387,-0.0011457268472432156,-0.0011457268472432156,0.1204565975868104,1.0004718206299423,-2.616173007841955e-09,1.5335519352013591,0.10104482955708691,0.0036904376666666654,0.0009821806601099316,0.0013976302882852338,0.00044693527433956916,0.0032930326916666636,1.533011848782594,0.10005227798429159,-0.0005400864187650178,-0.0009925515727953194,-0.0009941361638705327,1.0032049101185332,2.0880118870259732e-08,-0.001669244187326805,0.0073321451833422615,0.0073321451833422615,0.17666610513956035,0.9984060623355216,2.0947037774503204e-08]"
/multi_agv/m2b_algorithm_state,1789558493.8974335,1789558493.8974335,m2b_algorithm_state_v1:header6+3x20,"[1.0,-0.15,0.52,1.5357139869269003,0.10110966945959658,1789558493.8973312,1.534154853862645,0.10096084093874057,0.0036904376666666654,0.001231415481996709,0.0010499772394268348,0.0005197317377479497,0.004584685874999997,1.5343940478538745,0.10098209000764403,0.00023919399122940277,2.1249068903467228e-05,2.1248347362030447e-05,0.9999320926883493,1.1994495874015428e-11,0.0003202408363987839,8.491186413152221e-05,8.491186413152221e-05,0.1419130193775764,1.0000339575320607,1.1993681360046017e-11,1.5354389331589595,0.1013374524033649,0.002796189458333334,-0.0013678431896852715,0.0021769408379626043,0.0006726007587883331,-0.0017884964166666626,1.535138926258897,0.10163900065374472,-0.0003000069000624883,0.0003015482503798128,0.0003014039849796743,0.9990442609249348,-2.677997917891469e-09,-7.360464009843607e-05,-0.0012420923852379288,-0.0012420923852379288,0.12044396980594821,1.0004786446342049,-2.675438450638397e-09,1.5345460716173114,0.10104146310920091,0.0036904376666666654,0.0009887726151623852,0.001394974183276377,0.00044545946318486724,0.0032930326916666636,1.5339223709649863,0.10031719962051605,-0.0006237006523250876,-0.0007242634886848592,-0.0007251055531858878,1.0023316495597783,1.1190557175568706e-08,-0.0015047313685922475,0.006641897266647112,0.006641897266647112,0.17662682958776185,0.9988387007969683,1.1216649633280794e-08]"
/multi_agv/m2b_algorithm_state,1789558493.9072137,1789558493.9072137,m2b_algorithm_state_v1:header6+3x20,"[1.0,-0.15,0.52,1.5367009646290353,0.10110629364085634,1789558493.9070804,1.5351564219182328,0.10095767520899435,0.0036904376666666654,0.0012382540224691115,0.0010480544621719982,0.0005177676068448044,0.004584685874999997,1.5352636551832783,0.09944597012657048,0.00010723326504558095,-0.0015117050824238615,-0.0015153995543313473,1.0049156308258407,6.110928034440291e-08,-0.001381357973024371,0.006792284990356664,0.006792284990356664,0.1419167529928306,0.9975620476481425,6.14096710066088e-08,1.5364386089786735,0.10133328221251514,0.002796189458333334,-0.001360087700722691,0.0021738661553196703,0.0006708382587556627,-0.0017884964166666626,1.5362394930132723,0.10290897105695736,-0.00019911596540111987,0.0015756888444422162,0.0015717874517021328,0.9950776252693663,-7.264035923709475e-08,0.001322892494950733,-0.006794721942227941,-0.006794721942227941,0.12044632046452218,1.002482137604457,-7.228279616836192e-08,1.5355469298837945,0.10103805095728027,0.0036904376666666654,0.0009958299644671179,0.0013922785869758822,0.0004438024656260478,0.0032930326916666636,1.5350349263887175,0.1013592251595428,-0.0005120034950769625,0.00032117420226253357,0.0003210099066271798,0.9989781478473138,2.214713731525025e-09,-0.0003189944622190234,0.0019848709668440993,0.0019848709668440993,0.17663414003965916,1.0005118086138838,2.212450621530882e-09]"
/multi_agv/m2b_algorithm_state,1789558493.9174962,1789558493.9174962,m2b_algorithm_state_v1:header6+3x20,"[1.0,-0.15,0.52,1.5376903919425136,0.10110296072193277,1789558493.917368,1.5361442811350896,0.10095482686733628,0.0036904376666666654,0.0012434269367791037,0.0010462807852340988,0.0005164478999982983,0.004584685874999997,1.5361936957279063,0.09939581739054622,4.941459281671001e-05,-0.0015590094767900659,-0.0015629403313214185,1.0050723452367438,6.526804844838796e-08,-0.001501172090300531,0.00724063620289638,0.00724063620289638,0.14190564074853015,0.9974849618679753,6.55991105230467e-08,1.5374245408411635,0.10132912042178545,0.002796189458333334,-0.0013508831692484657,0.0021707286363843448,0.0006684803427873115,-0.0017884964166666626,1.537263761541457,0.10290897105695736,-0.00016077929970648164,0.0015798506351719088,0.0015759285076220068,0.9950645779424921,-7.25315467070206e-08,0.0013749543829889048,-0.006973318491357563,-0.006973318491357563,0.1204392972144902,1.0024887725115272,-7.217357291153761e-08,1.5365340719108531,0.1010349336334473,0.0036904376666666654,0.0010017213706715465,0.0013896702172939146,0.0004426054862914112,0.0032930326916666636,1.5361446304993016,0.1024731762144506,-0.00038944141155150547,0.0014382425810032934,0.0014349755162424624,0.9954816038866793,4.463943669696626e-08,0.0009481737518030806,-0.0030314997333275814,-0.0030314997333275814,0.17661229583089028,1.0022767390271479,4.4437738039693856e-08]"
/multi_agv/m2b_algorithm_state,1789558493.9273067,1789558493.9273067,m2b_algorithm_state_v1:header6+3x20,"[1.0,-0.15,0.52,1.5386881379074857,0.10109961407249347,1789558493.927186,1.5371345858445666,0.10095198570165477,0.0036904376666666654,0.0012488791772848492,0.0010444622095821636,0.0005150304726024704,0.004584685874999997,1.5376152961702334,0.10096139648118188,0.00048071032566676664,9.41077952711089e-06,9.410637972708546e-06,0.9999699176089007,2.3861104313595233e-12,0.0006102985450561669,-0.0009219881597851308,-0.0009219881597851308,0.1419418648478062,1.000015041956003,2.3860386514523214e-12,1.5384129237282718,0.10132506160358014,0.002796189458333334,-0.0013420994846617372,0.002167595357274621,0.0006663026449420795,-0.0017884964166666626,1.5382008148424522,0.10166754589156612,-0.000212108885819573,0.0003424842879859863,0.0003422982214692026,0.9989148390226892,-3.389521386074097e-09,7.716211419473638e-05,-0.001770638122244875,-0.001770638122244875,0.12046204457767114,1.0005435801447786,-3.385843209734169e-09,1.5375236662547023,0.10103183486056343,0.0036904376666666654,0.001007771753282829,0.0013870509950344454,0.00044134524347643833,0.0032930326916666636,1.5372720639717528,0.10259698101483865,-0.0002516022829495146,0.001565146154275221,0.0015612806677561156,0.9950898187074025,5.317961931111107e-08,0.0012467778140692223,-0.004150455466733547,-0.004150455466733547,0.17668303888678125,1.0024758434527092,5.29184977392222e-08]"
/multi_agv/m2b_algorithm_state,1789558493.9377465,1789558493.9377465,m2b_algorithm_state_v1:header6+3x20,"[1.0,-0.15,0.52,1.5396818959695775,0.10109637488824803,1789558493.9375727,1.5381331981762,0.10094904825578571,0.0036904376666666654,0.0012552552222540076,0.0010425269309364263,0.0005132733201363537,0.004584685874999997,1.5388011316731385,0.10135126929640352,0.0006679334969383888,0.00040222104061780894,0.00040196321210161364,0.9987199233402951,4.379913303909253e-09,0.0012368800832745996,-0.0033231683399270666,-0.0033231683399270666,0.14194860214114233,1.000641423166183,4.374306679117388e-09,1.5394096355112385,0.10132113313353922,0.002796189458333334,-0.001334349848332304,0.0021644928112589668,0.000664557183137196,-0.0017884964166666626,1.5392126435044524,0.10166754589156612,-0.00019699200678613416,0.0003464127580269094,0.0003462223939947616,0.9989023821693633,-3.447755340769039e-09,9.99823855120939e-05,-0.001845774942127766,-0.001845774942127766,0.12046627497697096,1.0005498316557497,-3.4439710230313382e-09,1.538521580035018,0.10102866082815552,0.0036904376666666654,0.0010144283988010564,0.0013843835585345418,0.00043984729081324257,0.0032930326916666636,1.5383091798365034,0.1028413072994392,-0.00021240019851465064,0.0018126464712836798,0.0018074712962464978,0.9943291371259868,7.178735910513845e-08,0.0015419710481031845,-0.005314755038737009,-0.005314755038737009,0.17669619848944337,1.0028632128476558,7.138026283556567e-08]"
/multi_agv/m2b_algorithm_state,1789558493.947021,1789558493.947021,m2b_algorithm_state_v1:header6+3x20,"[1.0,-0.15,0.52,1.5406743439377746,0.10109321512219671,1789558493.9468958,1.539127825632653,0.10094624615185967,0.0036904376666666654,0.0012610882550813285,0.0010406248915621574,0.0005117342517915041,0.004584685874999997,1.539763515587642,0.09996455958787637,0.0006356899549888606,-0.0009816865639833,-0.00098323858348908,1.0031736377791987,2.6237398812092146e-08,-0.0001886261397530042,0.0023686903628156904,0.0023686903628156904,0.14195256592090127,0.9984215229834936,2.6320666812190105e-08,1.540402352679158,0.10131726081554011,0.002796189458333334,-0.0013262209018538584,0.002161370128740847,0.0006626577818762552,-0.0017884964166666626,1.5401893796292907,0.10155271784362321,-0.00021297304986722665,0.00023545702808309976,0.00023536900268062252,0.9992529680167049,-1.5832881385543958e-09,-3.0847309653410794e-05,-0.001322655140136255,-0.001322655140136255,0.12046877416396626,1.000373988934289,-1.582105371676124e-09,1.539515509596922,0.1010256176973443,0.0036904376666666654,0.00102069213908763,0.001381743087117371,0.0004385056214656971,0.0032930326916666636,1.5393057431821022,0.10233374867325608,-0.00020976641481973424,0.0013081309759117726,0.0013054252821296983,0.9958837490275729,3.7632630948287826e-08,0.0010432172636050305,-0.0032909029530988547,-0.0032909029530988547,0.17670397451167968,1.0020726531185762,3.747772559455195e-08]"
/multi_agv/m2b_algorithm_state,1789558493.9568996,1789558493.9568996,m2b_algorithm_state_v1:header6+3x20,"[1.0,-0.15,0.52,1.541669073995802,0.10109009950716043,1789558493.9567955,1.5401211429866795,0.10094352535837268,0.0036904376666666654,0.0012667177207612334,0.0010387245303568708,0.0005102825492903388,0.004584685874999997,1.5405356063396063,0.09805378296282724,0.00041446335292683045,-0.0028897423955454443,-0.0029033856586169835,1.009544997232913,2.2865766322255825e-07,-0.0023853064674584454,0.010933472757039032,0.010933472757039032,0.14195255301378332,0.9953009125635627,2.308401999853019e-07,1.541393756739297,0.10131346223789607,0.002796189458333334,-0.0013180418029407502,0.002158238404567303,0.0006607413470980789,-0.0017884964166666626,1.5411971686937327,0.10155271784362321,-0.00019658804556432763,0.00023925560572714277,0.00023916471515903016,0.9992409099673911,-1.6247277485385393e-09,-6.57034179637938e-06,-0.0014024425588597391,-0.0014024425588597391,0.1204687816904595,1.0003800333508737,-1.6234944338989206e-09,1.5405081320873473,0.10102265777032138,0.0036904376666666654,0.0010267924119750815,0.0013791137602992224,0.00043722901269315374,0.0032930326916666636,1.5402724224555344,0.10182663656327468,-0.00023570963181285265,0.0008039787929532971,0.0008029528118310398,0.997455499566967,1.4305523547590766e-08,0.000508315772064974,-0.0011455805131747729,-0.0011455805131747729,0.17670399986845045,1.0012777601711333,1.4269123136729157e-08]"
/multi_agv/m2b_algorithm_state,1789558493.967061,1789558493.967061,m2b_algorithm_state_v1:header6+3x20,"[1.0,-0.15,0.52,1.5426708884240128,0.10108698264150111,1789558493.9669356,1.5411167382858462,0.1009408195429371,0.0036904376666666654,0.0012725602143380276,0.0010367827069732711,0.0005087600761437715,0.004584685874999997,1.540974383423072,0.09791369713457765,-0.0001423548627741411,-0.0030271224083594506,-0.003042109716172114,1.0100145329809391,2.520983475941397e-07,-0.0032200532946397905,0.013926287527505908,0.013926287527505908,0.14195254418224681,0.9950733835361067,2.5462299481056145e-07,1.5423874450448858,0.10130975730622371,0.002796189458333334,-0.0013102130153429831,0.002155113147251031,0.0006589733971898437,-0.0017884964166666626,1.5417717425072097,0.10117401462546541,-0.0006157025376760661,-0.0001357426807583051,-0.00013577202219687662,1.000432531613242,-5.200244665143092e-10,-0.0009054001942919593,0.0019634698981539815,0.0019634698981539815,0.12046878682678257,0.9997838918644888,-5.20249393535736e-10,1.5415030386566744,0.10101972167232048,0.0036904376666666654,0.0010330148142629427,0.0013764734952285357,0.0004359051566117894,0.0032930326916666636,1.5409866443683953,0.10292392601658047,-0.0005163942882790984,0.0019042043442599882,0.0018984964304625954,0.9940481911599366,8.067191874903096e-08,0.0012530035701137224,-0.004306916022578834,-0.004306916022578834,0.17670401717638054,1.0030065443926075,8.01917749098756e-08]"
/multi_agv/m2b_algorithm_state,1789558493.9768982,1789558493.9768982,m2b_algorithm_state_v1:header6+3x20,"[1.0,-0.15,0.52,1.5436584646514584,0.10108406667969516,1789558493.976811,1.5421194080628706,0.10093804441213924,0.0036904376666666654,0.0012791467551317242,0.0010347401520164109,0.000506967487488155,0.004584685874999997,1.5421907071322,0.1003122707495528,7.129906932945573e-05,-0.0006257736625864402,-0.000626402689344529,1.0020151387794787,1.081171210751015e-08,-0.0005372788526827094,0.003463241119909913,0.003463241119909913,0.1419525480830388,0.9989958108916372,1.0833499207850553e-08,1.5433882271675812,0.1013061702830524,0.002796189458333334,-0.0013032429370532124,0.002152016230704934,0.0006575629246539094,-0.0017884964166666626,1.542777994367867,0.10117401462546541,-0.0006102327997141721,-0.00013215565758699366,-0.00013218346940500642,1.0004211051967615,-4.902888082690191e-10,-0.0008949744690477215,0.001931873995566971,0.001931873995566971,0.1204687845500256,0.9997895968524814,-4.904952714340953e-10,1.5425050300415868,0.10101673322931165,0.0036904376666666654,0.0010397270223889642,0.00137379168894899,0.00043439059904974275,0.0032930326916666636,1.5420724687881826,0.10338252133508215,-0.0004325612534041845,0.002365788105770497,0.0023570079982200747,0.9926440319560533,1.252899429337621e-07,0.001816306431464844,-0.006534014776855515,-0.006534014776855515,0.17670400952193718,1.0037251072364002,1.2436831411731342e-07]"
/multi_agv/m2b_algorithm_state,1789558493.9870296,1789558493.9870296,m2b_algorithm_state_v1:header6+3x20,"[1.0,-0.15,0.52,1.5446548273880083,0.10108113136902369,1789558493.9868867,1.54310785455657,0.10093558820073562,0.0036904376666666654,0.001283998129915824,0.0010328593335307435,0.0005058428918239543,0.004584685874999997,1.5433265291330607,0.10112842878670102,0.0002186745764907183,0.00019284058596540088,0.00019278121639854966,0.9993847109408867,1.0300461948572029e-09,0.0004661244370119475,-0.000458710023261934,-0.000458710023261934,0.14195252642016196,1.0003079634414613,1.0294124187031259e-09,1.5443747504172514,0.10130257299777928,0.002796189458333334,-0.001294736943856142,0.0021488572973789033,0.0006555189542523515,-0.0017884964166666626,1.543944967188234,0.10048683994661696,-0.00042978322901743304,-0.0008157330511623234,-0.0008167982211999107,1.0026196109293946,-1.8567163424980933e-08,-0.001354027257471702,0.0038642312119830597,0.0038642312119830597,0.12046879716567158,0.998695920228594,-1.8615802169216866e-08,1.5434927889805539,0.1010140388405706,0.0036904376666666654,0.0010452336568643928,0.0013712002547886966,0.00043335160103019025,0.0032930326916666636,1.5430670232303532,0.1027201724705053,-0.00042576575020070173,0.0017061336299347002,0.001701544168928121,0.9946548099678699,6.55395007453247e-08,0.0011693369811772438,-0.0039027088211710174,-0.0039027088211710174,0.17670405205559236,1.0026972329548578,6.518917965923001e-08]"
/multi_agv/m2b_algorithm_state,1789558493.996976,1789558493.996976,m2b_algorithm_state_v1:header6+3x20,"[1.0,-0.15,0.52,1.545649488287723,0.10107827615718064,1789558493.9968748,1.5441050760176183,0.10093302484176099,0.0036904376666666654,0.0012898360416680474,0.0010308601137291257,0.0005043522628229795,0.004584685874999997,1.5442351293698984,0.10007835706707899,0.00013005335228011283,-0.0008546677746820025,-0.0008558432343880295,1.0027595391545816,2.0339832660719856e-08,-0.0006932765440378885,0.004126956983610442,0.004126956983610442,0.1419525205045542,0.9986265478784003,2.039596122534475e-08,1.5453700714765286,0.10129910940929855,0.002796189458333334,-0.0012873308631611569,0.002145732265560474,0.0006539341208245675,-0.0017884964166666626,1.5449161543194474,0.10013401662705308,-0.0004539171570812073,-0.0011650927822454693,-0.001167271544330895,1.0037565126344692,-3.766947744070505e-08,-0.001734667990682404,0.005367480916836051,0.005367480916836051,0.1204688005809588,0.998133457381012,-3.781098330864491e-08,1.5444893346698785,0.10101125985601155,0.0036904376666666654,0.0010513890886047449,0.0013685588605181548,0.00043205736452093906,0.0032930326916666636,1.5442988578788586,0.10179683583863273,-0.00019047679101991122,0.0007855759826211894,0.0007845961451218782,0.9975128380510305,1.3986217686895795e-08,0.0005465001563469892,-0.0012484757406986177,-0.0012484757406986177,0.1767040635697272,1.0012488431219084,1.3951431698454945e-08]"
/multi_agv/m2b_algorithm_state,1789558494.0068913,1789558494.0068913,m2b_algorithm_state_v1:header6+3x20,"[1.0,-0.15,0.52,1.5466424394705414,0.10107549970637401,1789558494.0068216,1.545100596044593,0.1009305496067637,0.0036904376666666654,0.001295403580973319,0.0010288704770148086,0.0005029738449362774,0.004584685874999997,1.5451178636518297,0.0983167385555803,1.726760723674836e-05,-0.0026138110511833984,-0.002624952037265259,1.008608398618818,1.9128864561285668e-07,-0.0026033675282193234,0.011615699621068796,0.011615699621068796,0.14195251154126023,0.9957557372768351,1.9293533452554595e-07,1.546363687849073,0.10129570981089753,0.002796189458333334,-0.0012798030282473397,0.002142598684050645,0.0006523009611506536,-0.0017884964166666626,1.5459285655805166,0.10068952158609298,-0.00043512226855635383,-0.0006061882248045436,-0.0006067755661221042,1.0019422562437428,-1.0133911050461071e-08,-0.0011506784018175465,0.0030685634521036157,0.0030685634521036157,0.12046880576722117,0.9990320287263473,-1.0153593702472362e-08,1.5454841809695024,0.1010085690538807,0.0036904376666666654,0.0010573402397038635,0.0013659309054725897,0.0004308446856992167,0.0032930326916666636,1.5453707121195082,0.10226298192975855,-0.0001134688499941916,0.0012544128758778528,0.0012519232491996519,0.9960494520557979,3.5852061621631874e-08,0.0011100871867069124,-0.003467632953688677,-0.003467632953688677,0.17670408111524552,1.0019886416198378,3.5710426333297125e-08]"
/multi_agv/m2b_algorithm_state,1789558494.0169337,1789558494.0169337,m2b_algorithm_state_v1:header6+3x20,"[1.0,-0.15,0.52,1.547637390219406,0.10107276691375681,1789558494.0167847,1.5460944067890194,0.10092815974026399,0.0036904376666666654,0.0013007155084762433,0.001026891361680703,0.0005017007519763886,0.004584685874999997,1.5461054129242857,0.09968770020797744,1.100613526627825e-05,-0.0012404595322865475,-0.0012429430582053442,1.0040229029039207,4.322053423945875e-08,-0.0012291853891224964,0.006200809602858209,0.006200809602858209,0.1419524994897447,0.99800189887831,4.339440625215968e-08,1.547355591631596,0.10129237508838189,0.002796189458333334,-0.0012721687451048768,0.002139456483163382,0.0006506261460236668,-0.0017884964166666626,1.5469301439868797,0.10068952158609298,-0.0004254476447163036,-0.0006028535022889053,-0.0006034344108240753,1.001931585621238,-9.963063759768379e-09,-0.0011352439667194547,0.003020076263600244,0.003020076263600244,0.12046881273187574,0.9990373294516357,-9.982308270470225e-09,1.5464773199910091,0.10100596429047612,0.0036904376666666654,0.0010630955722151498,0.001363316900100043,0.0004297096310734048,0.0032930326916666636,1.5464020471708126,0.10223222521471417,-7.52728201964814e-05,0.001226260924238054,0.0012238811986958603,0.9961367374815477,3.4448519107858544e-08,0.0011297901734502586,-0.003518970417962106,-0.003518970417962106,0.17670410460507338,1.0019444089383263,3.431543543517297e-08]"
/multi_agv/m2b_algorithm_state,1789558494.0269904,1789558494.0269904,m2b_algorithm_state_v1:header6+3x20,"[1.0,-0.15,0.52,1.548633313312769,0.10107008716970393,1789558494.0268385,1.547090213222915,0.10092578747602185,0.0036904376666666654,0.0013062046653452395,0.0010248778739947893,0.0005003687176284465,0.004584685874999997,1.5472199193966714,0.10140360025825516,0.00012970617375640536,0.0004778127822333139,0.0004774490301444667,0.9984801757378231,6.432114324921071e-09,0.0006395817473399734,-0.0011835064557923448,-0.0011835064557923448,0.14195249102917012,1.0007618658032191,6.422338641512961e-09,1.5483494973937695,0.1012891280151692,0.002796189458333334,-0.001264847610535913,0.002136321523090068,0.000649083304237158,-0.0017884964166666626,1.5478919226781425,0.10103796654424142,-0.00045757471562701824,-0.0002511614709277826,-0.0002512620377780637,1.0008015746580978,-1.718974219559123e-09,-0.0008232304323118365,0.0017679501962365972,0.0017679501962365972,0.12046881762135532,0.9995997531056804,-1.7203521057314451e-09,1.547472460041534,0.1010033852500794,0.0036904376666666654,0.0010689506337569093,0.001360694209595903,0.00042853586670784814,0.0032930326916666636,1.5474097909116715,0.1023457274144337,-6.26691298624138e-05,0.0013423421643542904,0.001339492975675407,0.9957764652078215,4.150352302517536e-08,0.0012611565633473898,-0.0040359572741048635,-0.0040359572741048635,0.17670412111729608,1.0021270650392524,4.1328231451680546e-08]"
/multi_agv/m2b_algorithm_state,1789558494.0370264,1789558494.0370264,m2b_algorithm_state_v1:header6+3x20,"[1.0,-0.15,0.52,1.5496336435115279,0.10106742911863327,1789558494.0369518,1.5480869892636666,0.10092345266217331,0.0036904376666666654,0.001311738590712082,0.0010228429343192673,0.0004990284373533184,0.004584685874999997,1.54837532377369,0.10239761955367374,0.00028833451002330257,0.001474166891500428,0.001470730316835734,0.995363608681689,6.144111054120751e-08,0.0018311484543648622,-0.005889083503875467,-0.005889083503875467,0.14194236103798386,1.0023366450159863,6.115624550970688e-08,1.5493443767053239,0.10128595969590586,0.002796189458333334,-0.001257708716917355,0.00213319017766489,0.0006476175786057775,-0.0017884964166666626,1.5487914088391617,0.09984180452430166,-0.0005529678661622128,-0.0014441551716041917,-0.0014475102913558606,1.0046717923603463,-5.655805041242058e-08,-0.0021387201240586264,0.006942399375216936,0.006942399375216936,0.12046244236207286,0.9976821444574835,-5.6822277880253404e-08,1.5484685739693163,0.10100084915103262,0.0036904376666666654,0.0010748169592560163,0.0013580688785069135,0.0004273585943854112,0.0032930326916666636,1.5484473825256475,0.10257529949549894,-2.119144366874437e-05,0.0015744503444663216,0.0015705373927964623,0.995059067970621,5.740166641961821e-08,0.0015440480882105319,-0.005148942261651624,-0.005148942261651624,0.1766842870106721,1.0024914731020138,5.711804868746579e-08]"
/multi_agv/m2b_algorithm_state,1789558494.0469797,1789558494.0469797,m2b_algorithm_state_v1:header6+3x20,"[1.0,-0.15,0.52,1.5506235001302073,0.10106492686712414,1789558494.0468931,1.549088165559671,0.10092109539156333,0.0036904376666666654,0.001317700981127646,0.0010207442711341655,0.0004975355829968189,0.004584685874999997,1.5493956344337843,0.10140043937557741,0.00030746887411314816,0.0004793439840140856,0.0004789778778408363,0.9984752349877825,6.5305135672602e-09,0.0008633139704822715,-0.001968313225346626,-0.001968313225346626,0.14194478407203215,1.000764348814813,6.520556068661029e-09,1.55034366946422,0.10128288970955639,0.002796189458333334,-0.001251123078487834,0.0021300778580759516,0.0006463817727693222,-0.0017884964166666626,1.5497987653042486,0.1005730507078354,-0.0005449041599714377,-0.0007098390017209882,-0.0007106451418712242,1.0022774218923025,-1.3586115533238194e-08,-0.0013917753418355213,0.00399590781048153,0.00399590781048153,0.1204639677631658,0.998865622090776,-1.3617056850184942e-08,1.5494690955106931,0.10099830225478013,0.0036904376666666654,0.0010809587454886113,0.0013554193641804437,0.0004260745014042569,0.0032930326916666636,1.5494815794147203,0.10225347414955108,1.2483904027194015e-05,0.0012551718947709511,0.0012526789214820778,0.9960465439463747,3.669899250236641e-08,0.0012682838015160704,-0.0040084526437287,-0.0040084526437287,0.17668903253142088,1.0019901135447573,3.6553904648295976e-08]"
/multi_agv/m2b_algorithm_state,1789558494.0569675,1789558494.0569675,m2b_algorithm_state_v1:header6+3x20,"[1.0,-0.15,0.52,1.551618739861983,0.10106243516680323,1789558494.0568566,1.5500788789183786,0.10091897996533597,0.0036904376666666654,0.0013223731538376448,0.001018766376759083,0.0004965391645815161,0.004584685874999997,1.5500883265190322,0.10021377194549366,9.447600653578192e-06,-0.0007052080198423072,-0.0007060075604294368,1.0022735567023238,1.4196788080428273e-08,-0.0006941980596124641,0.004097168058536903,0.004097168058536903,0.14191012630701919,0.9988675183780705,1.422906528312e-08,1.5513324739686827,0.10127982114765038,0.002796189458333334,-0.001243416169581655,0.002126921515426705,0.0006446828415787864,-0.0017884964166666626,1.550796611990455,0.1005730507078354,-0.0005358619782276364,-0.0007067704398149854,-0.0007075696398907624,1.0022675919133341,-1.3386098619321867e-08,-0.0013773971126753077,0.003951379402063675,0.003951379402063675,0.12044214831851661,0.9988704997632455,-1.3416452828302135e-08,1.55045914750356,0.10099597948838601,0.0036904376666666654,0.0010862020708827858,0.0013528375752759562,0.00042514462662656544,0.0032930326916666636,1.5504502294015583,0.10163204574968078,-8.918102001764794e-06,0.0006360662612947682,0.0006354230360211091,0.997982351566604,9.474425964731951e-09,0.0006242754085189031,-0.0014217806823381514,-0.0014217806823381514,0.17662116511339362,1.0010122788082831,9.455309904026883e-09]"
/multi_agv/m2b_algorithm_state,1789558494.0670803,1789558494.0670803,m2b_algorithm_state_v1:header6+3x20,"[1.0,-0.15,0.52,1.5526237261566411,0.10105991620244888,1789558494.066961,1.5510749675986337,0.10091681778793078,0.0036904376666666654,0.001327630521164211,0.0010167151804221226,0.0004953272189182787,0.004584685874999997,1.5511065403838091,0.10110548284111537,3.1572785175404405e-05,0.00018866505318458626,0.00018860821061763091,0.999397852531796,1.0195168602385106e-09,0.00022807419208688642,0.00043247284005824653,0.00043247284005824653,0.14189453215924927,1.0003013790691784,1.0189029607423268e-09,1.5523266689136492,0.10127686208652395,0.002796189458333334,-0.0012364204698090877,0.002123787154998613,0.0006432807591621736,-0.0017884964166666626,1.5519806968746792,0.10181608863387114,-0.0003459720389700216,0.0005392265473471852,0.0005387656901058511,0.9982941622764964,-7.741342676864567e-09,0.00010630064139332412,-0.0018575642786577142,-0.0018575642786577142,0.12043232993979527,1.0008553945616758,-7.728137202495803e-09,1.5514545830736661,0.10099362562595494,0.0036904376666666654,0.0010918215991161172,0.001350227367865186,0.0004240664667210345,0.0032930326916666636,1.5516057358144446,0.10256091294340827,0.00015115274077848184,0.001567287317453328,0.001563409298338957,0.9950806615803726,5.7782677878657976e-08,0.0017523502243120593,-0.005872093692474529,-0.005872093692474529,0.17659063504353925,1.0024804887104684,5.749842533138054e-08]"
/multi_agv/m2b_algorithm_state,1789558494.07694,1789558494.07694,m2b_algorithm_state_v1:header6+3x20,"[1.0,-0.15,0.52,1.5536068247763826,0.1010576502771358,1789558494.0768428,1.5520807895016089,0.10091453755040246,0.0036904376666666654,0.0013339331652638463,0.0010145350429142212,0.0004937292613310326,0.004584685874999997,1.552298199343082,0.10295321853286502,0.00021740984147311515,0.002038680982462557,0.0020321357136014106,0.9936284970474615,1.1945041384566003e-07,0.0023038980154428046,-0.007826733602844213,-0.007826733602844213,0.14191343280988739,1.003220881763623,1.1868933518116045e-07,1.5533306248188448,0.10127403517120254,0.002796189458333334,-0.001230579880019846,0.00212069598661091,0.0006423569062609796,-0.0017884964166666626,1.552984936650851,0.10181608863387114,-0.0003456881679937407,0.0005420534626685986,0.0005415877527507347,0.9982852086566284,-7.785856289556115e-09,0.00010947754275855888,-0.0018643034577799774,-0.0018643034577799774,0.1204442300888194,1.0008598974321308,-7.772505170590049e-09,1.5524597641494697,0.10099117588574164,0.0036904376666666654,0.0010981384697938742,0.001347560121008418,0.00042271570854249957,0.0032930326916666636,1.5527406994201702,0.10390983130549268,0.00028093527070049973,0.0029186554197510456,0.0029053434261031748,0.990979061057735,2.0134338237652824e-07,0.0032565125144787994,-0.011905315600066113,-0.011905315600066113,0.17662763906065312,1.004581900207827,1.9952707601768046e-07]"
/multi_agv/m2b_algorithm_state,1789558494.0869489,1789558494.0869489,m2b_algorithm_state_v1:header6+3x20,"[1.0,-0.15,0.52,1.5546051922099124,0.10105530642708142,1789558494.0868995,1.5530647477075445,0.10091269735281001,0.0036904376666666654,0.001337629456312436,0.0010126180185920475,0.0004931241858755042,0.004584685874999997,1.5534497978363069,0.10392387491363923,0.000385050128762332,0.00301117756082922,0.0029970029780274255,0.9906929321691914,2.6112518387651145e-07,0.0034783156389803405,-0.012507699872389382,-0.012507699872389382,0.14192271441784318,1.004729585824811,2.5869487407784036e-07,1.5543126627103994,0.1012711280955732,0.002796189458333334,-0.0012223239759641853,0.002117513802050164,0.000640433455312242,-0.0017884964166666626,1.5538193573450918,0.10071564623090715,-0.0004933053653075614,-0.0005554818646660575,-0.0005559750306861789,1.001779359304071,-8.127909592438525e-09,-0.0011726067373206306,0.003181736408155094,0.003181736408155094,0.12045001926089649,0.9991129709197323,-8.142372063994478e-09,1.553443063911204,0.10098912538302415,0.0036904376666666654,0.0011026607231631991,0.0013450305859542657,0.0004220712105879572,0.0032930326916666636,1.5536306213882134,0.10181382654650549,0.0001875574770093813,0.0008247011634813367,0.0008236212907418768,0.9973893428696419,1.6166927980047337e-08,0.0010580681370036035,-0.003036528625681932,-0.003036528625681932,0.1766456371242905,1.0013111277617497,1.612472167424024e-08]"
/multi_agv/m2b_algorithm_state,1789558494.0969136,1789558494.0969136,m2b_algorithm_state_v1:header6+3x20,"[1.0,-0.15,0.52,1.5555946806157424,0.10105309746817963,1789558494.096811,1.5540639555113822,0.10091063290602065,0.0036904376666666654,0.0013430699234887144,0.0010105085257912975,0.0004918632001410515,0.004584685874999997,1.5539756157095967,0.10156100639063369,-8.833980178546419e-05,0.0006503734846130399,0.0006497002932731736,0.9979349171452357,1.2252590790337913e-08,0.0005392755410413433,-0.0008690537804964043,-0.0008690537804964043,0.14192724670639792,1.0010361567430959,1.2227288175170343e-08,1.5553099904411207,0.10126839918268929,0.002796189458333334,-0.0012159161538846577,0.0021143946936241775,0.000639278266823598,-0.0017884964166666626,1.5548924409189584,0.10204317716859845,-0.00041754952216233043,0.0007747779859091641,0.0007738281389872059,0.9975552740657581,-1.571482126989638e-08,0.0002518912362842929,-0.0024620582860705384,-0.0024620582860705384,0.1204528653579085,1.0012274649552049,-1.5676402838785887e-08,1.554441630677235,0.10098688719253433,0.0036904376666666654,0.0011083459704442642,0.0013424135589388377,0.00042096811420330553,0.0032930326916666636,1.5545552772639275,0.10104508900642667,0.00011364658669243966,5.820181389233625e-05,5.819640409947106e-05,0.999814143102679,8.098089356284275e-11,0.00020025463746502063,0.000371099195689824,0.000371099195689824,0.17665448840667689,1.0000929575108446,8.096584270522288e-11]"
/multi_agv/m2b_algorithm_state,1789558494.1069937,1789558494.1069937,m2b_algorithm_state_v1:header6+3x20,"[1.0,-0.15,0.52,1.556593030839073,0.10105086739623981,1789558494.1068854,1.5550542930083062,0.10090877475537532,0.0036904376666666654,0.0013474221999797403,0.0010085028936067434,0.0004910198749465382,0.004584685874999997,1.55483892080391,0.10012234032990822,-0.00021537220439626914,-0.0007864344254671085,-0.0007874295020789448,1.002538100432892,1.799182097084067e-08,-0.0010566447575742813,0.005440930580273018,0.005440930580273018,0.14195256904760745,0.9987362975235129,1.8037486019435278e-08,1.5562984271767208,0.10126567660386758,0.002796189458333334,-0.0012085754941730514,0.002111239682935917,0.0006377374070638542,-0.0017884964166666626,1.5559860552012241,0.10228279593845954,-0.0003123719754967169,0.0010171193345919621,0.0010154852986427115,0.9967993157246042,-2.6915257873698486e-08,0.0006250203292718153,-0.0038944758388481182,-0.0038944758388481182,0.12046877232033915,1.0016091182722533,-2.682911063105392e-08,1.5554313216621996,0.10098484104529598,0.0036904376666666654,0.0011132709149781462,0.0013398550239624553,0.00042016415280731086,0.0032930326916666636,1.555702937101807,0.10283133286229744,0.00027161543960740886,0.0018464918170014583,0.0018411197557926494,0.9942220284265965,8.176594465312393e-08,0.0021806390553019105,-0.00751393828671354,-0.00751393828671354,0.17670396831372012,1.002917822804251,8.12935033492457e-08]"
/multi_agv/m2b_algorithm_state,1789558494.1170194,1789558494.1170194,m2b_algorithm_state_v1:header6+3x20,"[1.0,-0.15,0.52,1.557590605197686,0.10104870099982717,1789558494.116893,1.5560534802263721,0.10090680839020552,0.0036904376666666654,0.0013527537989547508,0.0010063829646850923,0.0004898115089087326,0.004584685874999997,1.5558020851906251,0.10033495425187473,-0.00025139503574700406,-0.0005718541383307879,-0.0005723794429562694,1.001841157398376,9.549379961710728e-09,-0.0008866232376400244,0.004750684000549871,0.004750684000549871,0.14195256674566262,0.9990822440743709,9.566961873277136e-09,1.5572957385665465,0.10126308472427811,0.002796189458333334,-0.0012023317434324372,0.002108123182420485,0.0006366519841149443,-0.0017884964166666626,1.5569218704213144,0.1011111409707299,-0.00037386814523210354,-0.00015194375354821155,-0.00015198054455796065,1.0004845496003887,-5.980492528614056e-10,-0.0006193157260980901,0.001063396576174826,0.001063396576174826,0.12046877369325683,0.9997579228982492,-5.983390373878923e-10,1.5564298737243003,0.10098270907423576,0.0036904376666666654,0.0011188419120152174,0.0013372471968309714,0.00041910579543507926,0.0032930326916666636,1.5568150070887263,0.10380304593530733,0.00038513336442602686,0.002820336861071568,0.0028078959057676782,0.9912721094186022,1.9157313847103946e-07,0.003289312611300212,-0.011953310841727682,-0.011953310841727682,0.1767039729097492,1.0044307038869693,1.8990110908012926e-07]"
/multi_agv/m2b_algorithm_state,1789558494.1269658,1789558494.1269658,m2b_algorithm_state_v1:header6+3x20,"[1.0,-0.15,0.52,1.558585470959151,0.10104661368733052,1789558494.126879,1.557051890695576,0.10090490842371246,0.0036904376666666654,0.0013579075209878117,0.0010042675298899792,0.0004886779078983601,0.004584685874999997,1.5571567505230492,0.10243480165782436,0.00010485982747332478,0.001529893234111901,0.0015261925598711007,0.9951901820509056,6.850624329033028e-08,0.0016572673442127566,-0.00524890404484145,-0.00524890404484145,0.1419525630196368,1.0024247754432198,6.817674073172742e-08,1.558292273882834,0.10126055008940626,0.002796189458333334,-0.0011960427289704131,0.0021050060554439476,0.0006355472687372687,-0.0017884964166666626,1.5578313442062595,0.10144641025843046,-0.00046092967657451744,0.00018586016902419344,0.00018580525869885616,0.9994095375999978,-8.899554366102213e-10,-0.00039035683701929064,0.00010694951228677665,0.00010694951228677665,0.12046877584985434,1.0002955262177282,-8.894299513872255e-10,1.557427651014648,0.1009806444863628,0.0036904376666666654,0.0011242763900195527,0.0013346479265324849,0.00041810216321264094,0.0032930326916666636,1.557685781396886,0.10063768228579187,0.00025813038223798657,-0.00034296220057093707,-0.00034315063122922305,1.0011002636816657,2.8532149889568533e-09,-2.0487653431739837e-05,0.0013510791506306022,0.0013510791506306022,0.1767039801997935,0.9994508806304362,2.8563542777851867e-09]"
/multi_agv/m2b_algorithm_state,1789558494.1370919,1789558494.1370919,m2b_algorithm_state_v1:header6+3x20,"[1.0,-0.15,0.52,1.559580521362095,0.1010445794038336,1789558494.1369567,1.558047594008893,0.10090310596941068,0.0036904376666666654,0.0013626747723752886,0.0010021812869416276,0.00048769664153865393,0.004584685874999997,1.5582372969363203,0.10170322400395272,0.00018970292742737094,0.0008001180345420383,0.0007991002078064705,0.9974634994692443,1.8813615812259586e-08,0.0010362288670906841,-0.0026873383366823084,-0.0026873383366823084,0.14195255446694627,1.0012737160191234,1.8765895065766355e-08,1.5592860975997012,0.10125805999373277,0.002796189458333334,-0.0011895038164132267,0.0021018799216503403,0.0006343389192067644,-0.0017884964166666626,1.5588392828699502,0.10144641025843046,-0.00044681472975094394,0.00018835026469768423,0.00018829387233439864,0.999401623500464,-9.089739062571722e-10,-0.0003702245398542813,4.086151428727802e-05,4.086151428727802e-05,0.12046878085867849,1.0002994912292495,-9.084299976329765e-10,1.558422721268859,0.1009786750988481,0.0036904376666666654,0.0011294304371676361,0.001332069541828595,0.00041720922291652116,0.0032930326916666636,1.5585682268674679,0.1005738374181941,0.0001455055986088194,-0.0004048376806539966,-0.000405100365580525,1.0012997111132453,3.994044581594222e-09,-0.00022321836731950073,0.002102647900957351,0.002102647900957351,0.17670399709141893,0.9993515559381145,3.999235685723717e-09]"
/multi_agv/m2b_algorithm_state,1789558494.147039,1789558494.147039,m2b_algorithm_state_v1:header6+3x20,"[1.0,-0.15,0.52,1.5605753559750137,0.10104260093538457,1789558494.1469178,1.5590434799853716,0.10090134782390806,0.0036904376666666654,0.0013674054010519754,0.001000089054868879,0.00048673436555999564,0.004584685874999997,1.5591477382822583,0.09998079892392822,0.00010425829688665011,-0.0009205488999798339,-0.0009219138205776126,1.0029757306778821,2.5020292466907545e-08,-0.0007915909494693,0.004581273995546279,0.004581273995546279,0.1419525461979581,0.9985194705108948,2.5094746118770906e-08,1.5602801070013563,0.10125563615654178,0.002796189458333334,-0.0011830602177728688,0.0020987569177846055,0.0006331702581245241,-0.0017884964166666626,1.5600799791300994,0.10375464195919305,-0.00020012787125689435,0.0024990058026512774,0.0024892507858733136,0.9922670138234899,-1.588796329165816e-07,0.0022390909468021957,-0.010334011963446788,-0.010334011963446788,0.12046878564616363,1.0039188565625143,-1.5765101891150867e-07,1.5594179770995564,0.10097675423105097,0.0036904376666666654,0.0011345404369911393,0.0013294948591989876,0.0004163334504066578,0.0032930326916666636,1.5598048862742482,0.10310826905387521,0.0003869091746917519,0.0021315148228242403,0.0021243709668554273,0.9933510669837532,1.1101908425486116e-07,0.002608007435220117,-0.009158632714872028,-0.009158632714872028,0.17670401322097049,1.0033628100177756,1.1028092580012553e-07]"
/multi_agv/m2b_algorithm_state,1789558494.1569674,1789558494.1569674,m2b_algorithm_state_v1:header6+3x20,"[1.0,-0.15,0.52,1.5615647024643966,0.10104072117248641,1789558494.1568263,1.560039148640952,0.10089964041782129,0.0036904376666666654,0.0013720532845375812,0.000997996207143447,0.0004858082769904344,0.004584685874999997,1.5596143824264543,0.09895393891189787,-0.0004247662144976072,-0.0019457015059234223,-0.0019518465731242142,1.0063627621019433,1.1223533416645938e-07,-0.002482804341246223,0.010993985995197289,0.010993985995197289,0.1419525375727499,0.9968516648360554,1.1294946089719268e-07,1.561273901185402,0.10125327491121633,0.002796189458333334,-0.0011766655786512956,0.0020956356311647717,0.0006320219274953132,-0.0017884964166666626,1.5611113656365982,0.10375464195919305,-0.00016253554880374388,0.002501367047976724,0.002491593448095805,0.9922596656166097,-1.583210500822437e-07,0.0022884240120911253,-0.010505417872749228,-0.010505417872749228,0.12046879066512553,1.003922630270355,-1.5709559221467766e-07,1.5604130180986873,0.10097488747711605,0.0036904376666666654,0.001139575113646681,0.0013269264335596274,0.0004154870734609686,0.0032930326916666636,1.560919582651059,0.10408180026820815,0.0005065645523716356,0.003106912791092098,0.0030918463265067336,0.9904157440489277,2.3674766589972115e-07,0.003725052016971278,-0.013638866794946563,-0.013638866794946563,0.17670403013236083,1.0048729668276841,2.344786156739193e-07]"
/multi_agv/m2b_algorithm_state,1789558494.1670048,1789558494.1670048,m2b_algorithm_state_v1:header6+3x20,"[1.0,-0.15,0.52,1.5625648123368352,0.10103880360108279,1789558494.1668835,1.5610293338548689,0.10089807142634648,0.0036904376666666654,0.0013760320527188567,0.0009959683609521703,0.00048513841053550433,0.004584685874999997,1.560621822791333,0.09994538265544457,-0.0004075110635357593,-0.000952688770901905,-0.000954151082821304,1.0030808768311499,2.696796402692246e-08,-0.001463539912241003,0.006981218355978511,0.006981218355978511,0.1419525190527861,0.9984674209926218,2.705104900247629e-08,1.5622622003942652,0.10125093955172203,0.002796189458333334,-0.0011697422801895353,0.0020924937896051876,0.0006306551377068259,-0.0017884964166666626,1.5614259601706524,0.10180495110934214,-0.0008362402236128386,0.0005540115576201099,0.0005535249649109572,0.9982470678361091,-7.731832575083888e-09,-0.000491775314605091,0.0003297369372207363,0.0003297369372207363,0.12046880141384628,1.0008790799692855,-7.718279197077203e-09,1.5614025731440564,0.10097315253939075,0.0036904376666666654,0.001144133325081355,0.001324396834717156,0.0004148270287081266,0.0032930326916666636,1.5611870095568463,0.10147005442760096,-0.00021556358721008806,0.0004969018882102078,0.0004965087995451053,0.9984208118871984,6.091781658617608e-09,0.00022705431553249518,0.00011270594714013374,0.00011270594714013374,0.17670406638223823,1.0007917053342512,6.082161589436537e-09]"
/multi_agv/m2b_algorithm_state,1789558494.1769724,1789558494.1769724,m2b_algorithm_state_v1:header6+3x20,"[1.0,-0.15,0.52,1.56355878459241,0.10103699030558506,1789558494.1768663,1.5620302678166755,0.10089636088773987,0.0036904376666666654,0.0013812059832722496,0.0009938048781711114,0.00048402104626229766,0.004584685874999997,1.561761158127409,0.10045981506262103,-0.00026910968926663337,-0.00043654582511884477,-0.00043685168217134294,1.0014035655559934,5.681775722356719e-09,-0.0007732387937546346,0.004318088425691301,0.004318088425691301,0.14195251989962718,0.9992998606506951,5.689750467057498e-09,1.5632612791514293,0.10124874753501285,0.002796189458333334,-0.0011641309313661597,0.002089400443782141,0.0006298318017902288,-0.0017884964166666626,1.5624390484210633,0.10180495110934214,-0.0008222307303660248,0.0005562035743292837,0.0005557131170317979,0.9982401236248734,-7.75581906504171e-09,-0.0004720752959257331,0.00026429967683599975,0.00026429967683599975,0.12046880093245392,1.0008825728284145,-7.742169782299386e-09,1.562402890042401,0.1009713023804956,0.0036904376666666654,0.001149484275072988,0.001321807214051919,0.00041385458700948004,0.0032930326916666636,1.56209458801866,0.1013342377478711,-0.00030830202374088067,0.0003629353673754998,0.0003627254452584756,0.9988447839804098,3.2653759258538788e-09,-2.2652084417625247e-05,0.001066489608718333,0.001066489608718333,0.17670406478158643,1.0005787355691977,3.261603711274348e-09]"
/multi_agv/m2b_algorithm_state,1789558494.1870542,1789558494.1870542,m2b_algorithm_state_v1:header6+3x20,"[1.0,-0.15,0.52,1.5645540969784983,0.1010352172923276,1789558494.1869369,1.5630250695798746,0.10089480534153203,0.0036904376666666654,0.0013855874263282411,0.0009917151526105607,0.00048320882612080094,0.004584685874999997,1.5627575621788492,0.09990614576207375,-0.00026750740102543524,-0.0009886595794582759,-0.0009902348973672742,1.003198639349847,2.9245717042816634e-08,-0.0013246191486490683,0.006514760680909231,0.006514760680909231,0.1419525096812495,0.9984091472506305,2.933926354416428e-08,1.5642542129499206,0.10124656834995177,0.002796189458333334,-0.0011578602574190194,0.002086285072532279,0.0006287341331001339,-0.0017884964166666626,1.5635956948949166,0.10375944212905258,-0.0006585180550040537,0.0025128737791008104,0.002503010010683242,0.9922243678216889,-1.5723086999521907e-07,0.001679862441928175,-0.008312940340858107,-0.008312940340858107,0.1204688068390967,1.0039407626719303,-1.560083005830604e-07,1.5633970712474343,0.10096959722527138,0.0036904376666666654,0.001154280858446064,0.0013192596223330355,0.00041310057873748156,0.0032930326916666636,1.5633050413398262,0.10357944903404102,-9.202990760814878e-05,0.002609851808769645,0.002599179588925708,0.9919025510620645,1.692787525146986e-07,0.0024841422044155222,-0.008928832586944702,-0.008928832586944702,0.17670408468772214,1.0041059955569858,1.6790802645993342e-07]"
/multi_agv/m2b_algorithm_state,1789558494.1969821,1789558494.1969821,m2b_algorithm_state_v1:header6+3x20,"[1.0,-0.15,0.52,1.5655483142755982,0.10103350415477996,1789558494.1968846,1.5640212079816647,0.10089327100677789,0.0036904376666666654,0.0013900707473862343,0.000989607168136607,0.00048236194449834114,0.004584685874999997,1.5635946688999482,0.09832324496123761,-0.00042653908171641497,-0.002570026045540283,-0.0025807987285913167,1.00846423842894,1.9847698237366745e-07,-0.0031139725807368354,0.01348818505700251,0.01348818505700251,0.14195250189739927,0.9958258337112116,2.001569388751347e-07,1.5652484899714476,0.10124446089157917,0.002796189458333334,-0.0011518183417746197,0.0020831789788475774,0.0006277307977547164,-0.0017884964166666626,1.5646331168680143,0.10375944212905258,-0.0006153731034332921,0.0025149812374734154,0.00250510079112985,0.9922178094244547,-1.5667413476143193e-07,0.001735884411838235,-0.00850852262531918,-0.00850852262531918,0.12046881134712639,1.0039441312615245,-1.554548667864598e-07,1.564392592982383,0.10096791997862573,0.0036904376666666654,0.0011591274607936968,0.0013167094149981635,0.0004123262506315452,0.0032930326916666636,1.5643360168246212,0.10353372361389424,-5.657615776177849e-05,0.00256580363526851,0.0025554849363066717,0.9920350228164239,1.6430662285934065e-07,0.0024847647391044486,-0.008904747039974927,-0.008904747039974927,0.17670409991249256,1.0040378633484535,1.6299792435715555e-07]"
/multi_agv/m2b_algorithm_state,1789558494.2070436,1789558494.2070436,m2b_algorithm_state_v1:header6+3x20,"[1.0,-0.15,0.52,1.5665424989015886,0.10103184134450859,1789558494.2069569,1.5650162506689376,0.10089179961324235,0.0036904376666666654,0.0013943723018458479,0.0009875113885165813,0.0004815875029990725,0.004584685874999997,1.5638688029668069,0.09777324173003077,-0.0011474477021307106,-0.0031185578832115812,-0.0031344855971433927,1.0103343172157069,2.932528545682964e-07,-0.004568795224806781,0.018818015792331843,0.018818015792331843,0.14195249210602837,0.994918555712514,2.9628342259181676e-07,1.5662416716752632,0.10124240566600741,0.002796189458333334,-0.0011457227021386953,0.0020800721989950866,0.000626704533682354,-0.0017884964166666626,1.5647459056819326,0.10184380794618324,-0.0014957659933305667,0.0006014022801758279,0.0006008290189866548,0.9980979247218482,-8.92414394448024e-09,-0.0012688784726765535,0.003097212666255513,0.003097212666255513,0.12046881698967514,1.0009541170134224,-8.907169550904777e-09,1.5653870204825937,0.10096630718509012,0.0036904376666666654,0.0011638318024799594,0.0013141713968805374,0.00041160724686948886,0.0032930326916666636,1.5644761589859792,0.10115065316190712,-0.0009108614966144568,0.0001843459768170047,0.000184291741523185,0.9994120018397566,8.530886324209971e-10,-0.000954285129244886,0.004470756604420617,0.004470756604420617,0.17670411897684188,1.0002942904189382,8.525870178746091e-10]"
/multi_agv/m2b_algorithm_state,1789558494.217082,1789558494.217082,m2b_algorithm_state_v1:header6+3x20,"[1.0,-0.15,0.52,1.5675373291411925,0.10103022283392342,1789558494.2169113,1.5660112587721342,0.10089037161705491,0.0036904376666666654,0.0013986205106437245,0.0009854150892605767,0.0004808364554783559,0.004584685874999997,1.5649997831345244,0.099509154633134,-0.0010114756376098377,-0.0013812169839209076,-0.0013843009376337991,1.004488769625736,5.7634647316792244e-08,-0.0026486454846460965,0.011373307125938245,0.011373307125938245,0.14193833294259944,0.997772194160207,5.789335597105787e-08,1.567234822017197,0.10124041069549372,0.002796189458333334,-0.0011397004829656401,0.0020769693468252193,0.0006257080529554343,-0.0017884964166666626,1.5657584675773637,0.10184380794618324,-0.001476354439833294,0.0006033972506895163,0.0006028201730532027,0.9980916067547004,-8.936298093326946e-09,-0.0012426228767384146,0.0030089598079813982,0.0030089598079813982,0.12045990650783941,1.00095729649091,-8.919244122407658e-09,1.5663814159154346,0.1009647417209771,0.0036904376666666654,0.0011684805236760495,0.0013116393878494503,0.0004109092272562252,0.0032930326916666636,1.5654245878945325,0.10170628491134552,-0.000956828020902023,0.0007415431903684266,0.0007406692764630774,0.9976495912785776,1.3853562080083991e-08,-0.0004553657496644514,0.002454773821269403,0.002454773821269403,0.17667639824209033,1.001179897604937,1.3821000546948194e-08]"
/multi_agv/m2b_algorithm_state,1789558494.2270393,1789558494.2270393,m2b_algorithm_state_v1:header6+3x20,"[1.0,-0.15,0.52,1.5685320649113106,0.1010286541384427,1789558494.2268794,1.5670069097232326,0.10088897523435916,0.0036904376666666654,0.001402891522944929,0.0009833101713989647,0.0004800800073220283,0.004584685874999997,1.5667578407028853,0.10037912525280614,-0.0002490690203473811,-0.0005098499815530261,-0.0005102674530304964,1.0016407714125122,7.872484442039792e-09,-0.0008216037284647227,0.004543318890717065,0.004543318890717065,0.1419212830655194,0.9991818575239497,7.885401389457738e-09,1.568228620351028,0.10123848017477395,0.002796189458333334,-0.001133826282268895,0.0020738736295062843,0.0006247720225516507,-0.0017884964166666626,1.567628233252155,0.10311918411527246,-0.0006003870988731119,0.0018807039404985099,0.0018751516108504798,0.9941376140792259,-8.62875990155192e-08,0.00112466773725909,-0.006003841766910871,-0.006003841766910871,0.12044917252737204,1.0029610030548473,-8.578174780991323e-08,1.5673764573493172,0.10096321309263709,0.0036904376666666654,0.0011731257218402895,0.001309109341152027,0.000410211714699582,0.0032930326916666636,1.5673344488867502,0.10315551605450615,-4.2008462566967e-05,0.0021923029618690637,0.0021847479171122736,0.9931649276086593,1.2143780853080206e-07,0.002132237338903565,-0.007447797170889359,-0.007447797170889359,0.1766430102391557,1.0034580853459634,1.2060777231844824e-07]"
/multi_agv/m2b_algorithm_state,1789558494.2371666,1789558494.2371666,m2b_algorithm_state_v1:header6+3x20,"[1.0,-0.15,0.52,1.5695242109769605,0.10102715429654086,1789558494.2370412,1.5680024642854467,0.10088762298141092,0.0036904376666666654,0.0014070974456853787,0.0009812060855611806,0.0004793513405060647,0.004584685874999997,1.5677508814283134,0.10001517606127176,-0.0002515828571332257,-0.0008724469201391583,-0.0008736727056332934,1.0028192276338492,2.3126862521836255e-08,-0.0011881512770498255,0.006003320995093487,0.006003320995093487,0.14190390281280657,0.9985969740313146,2.3192062411742047e-08,1.5692223256586526,0.1012366073015538,0.002796189458333334,-0.0011280114824877355,0.002070782242025837,0.0006238594893333005,-0.0017884964166666626,1.5687399864181684,0.10412176073468221,-0.0004823392404842419,0.0028851534331284096,0.00287218553954802,0.9911092165047473,-2.0187816877137052e-07,0.0022692614889427178,-0.010574189208090399,-0.010574189208090399,0.12043822995412898,1.004514991598499,-2.0008331368040616e-07,1.5683714047898327,0.10096173213236338,0.0036904376666666654,0.0011777081579832185,0.0013065857730193203,0.00040953803760774513,0.0032930326916666636,1.5683259363103306,0.10276625895518988,-4.546847950215316e-05,0.0018045268228265021,0.001799392924008144,0.9943488605762143,8.262296080315111e-08,0.0017425573246304526,-0.005864262118273502,-0.005864262118273502,0.17660898033313807,1.0028531282689066,8.215604693204651e-08]"
/multi_agv/m2b_algorithm_state,1789558494.247044,1789558494.247044,m2b_algorithm_state_v1:header6+3x20,"[1.0,-0.15,0.52,1.5705202710012083,0.10102567083740861,1789558494.2469347,1.568995430199575,0.10088635532834898,0.0036904376666666654,0.0014109612679928198,0.000979134113689239,0.00047875425560182363,0.004584685874999997,1.5686831572232978,0.09873865974851238,-0.00031227297627722805,-0.0021476955798366004,-0.0021551954955379873,1.0070405199119028,1.4065389389368714e-07,-0.0025455367158845224,0.011336967115656963,0.011336967115656963,0.14190019071295434,0.9965200763842936,1.4164417043433232e-07,1.5702134391845248,0.1012347730737823,0.002796189458333334,-0.0011219801288317802,0.0020676846226930223,0.0006228563317243335,-0.0017884964166666626,1.5696538250838665,0.10219235267336817,-0.0005596141006583011,0.0009575795995858671,0.0009561300076907403,0.9969833643960434,-2.2151137131500083e-08,0.00025661238186786397,-0.0024682151612017986,-0.0024682151612017986,0.12043587449610861,1.0015161033368547,-2.2084315222561076e-08,1.5693637635467816,0.10096033448749128,0.0036904376666666654,0.0011820387349425294,0.0013040840703693168,0.0004089621578921513,0.0032930326916666636,1.5692288144236146,0.10188925707019668,-0.00013494912316702745,0.0009289225827053965,0.0009275530717454281,0.9970617539143222,2.1989126203712353e-08,0.0007588666677866438,-0.00194004483171791,-0.00194004483171791,0.1766016539536295,1.0014764771975702,2.1924516739716818e-08]"
/multi_agv/m2b_algorithm_state,1789558494.2570553,1789558494.2570553,m2b_algorithm_state_v1:header6+3x20,"[1.0,-0.15,0.52,1.5715150206145527,0.10102424530417049,1789558494.2569108,1.5699923032827947,0.1008850617663053,0.0036904376666666654,0.001415229572577613,0.000977014113613216,0.0004780068281844403,0.004584685874999997,1.56967014764004,0.09974452239845022,-0.00032215564275461794,-0.0011405393678550757,-0.001142638543408829,1.0036968268131634,3.9760049063515585e-08,-0.0015453330968521015,0.007390005979039405,0.007390005979039405,0.14191289931201018,0.9981628699943108,3.990703507898628e-08,1.571208473891885,0.10123302760366962,0.002796189458333334,-0.0011164756853213375,0.002064608672029955,0.0006220702987829868,-0.0017884964166666626,1.570669976479944,0.10219235267336817,-0.000538497411940897,0.0009593250696985495,0.000957870173127648,0.9969778539844856,-2.2123043552505258e-08,0.00028474840820152676,-0.002563726563620414,-0.002563726563620414,0.12044385559244437,1.001518887018009,-2.2056184484582002e-08,1.5703600358289453,0.10095892314225095,0.0036904376666666654,0.001186624393922833,0.0013015651227343723,0.00040828468180097817,0.0032930326916666636,1.570243968952369,0.10251486024051319,-0.00011606687657628179,0.001555937098262239,0.00155211291475323,0.9951133471136697,6.190403154181355e-08,0.0014070293190328778,-0.004539317047338594,-0.004539317047338594,0.17662646973988538,1.0024638565098318,6.160152802740426e-08]"
/multi_agv/m2b_algorithm_state,1789558494.266953,1789558494.266953,m2b_algorithm_state_v1:header6+3x20,"[1.0,-0.15,0.52,1.572506808558634,0.10102288938772173,1789558494.2668393,1.5709878653821487,0.10088383232905997,0.0036904376666666654,0.0014192866881554901,0.0009749108337216311,0.0004773422454352164,0.004584685874999997,1.5709039450207771,0.10178073582716696,-8.39203613716144e-05,0.0008969034981069907,0.0008956251391682342,0.9971590547848846,2.4623041801249335e-08,0.0007907246874537162,-0.0018014699772906525,-0.0018014699772906525,0.14193025581612426,1.0014273370440938,2.455308908846249e-08,1.572202198219582,0.10123132704585742,0.002796189458333334,-0.0011108812832428226,0.0020615328150874745,0.0006212452250608097,-0.0017884964166666626,1.5715070393986756,0.10139352809114446,-0.0006951588209063164,0.00016220104528703871,0.0001621592008015983,0.9994843582219151,-6.29635684834903e-10,-0.0007067893253312973,0.001326633772372827,0.001326633772372827,0.12045475492309674,1.0002580457059085,-6.293110183708291e-10,1.5713549982419277,0.10095757653759407,0.0036904376666666654,0.0011910493292595237,0.0012990601423609532,0.00040766960800007915,0.0032930326916666636,1.5712169178378548,0.10254930136194766,-0.00013808040407292665,0.001591724824353588,0.0015877237104711603,0.9950028960127371,6.50247329366312e-08,0.001415123205380002,-0.004580673745112323,-0.004580673745112323,0.17666036522881776,1.0025200315747886,6.469979758440286e-08]"
/multi_agv/m2b_algorithm_state,1789558494.2769096,1789558494.2769096,m2b_algorithm_state_v1:header6+3x20,"[1.0,-0.15,0.52,1.573499765440906,0.10102156974323913,1789558494.276813,1.5719804672294857,0.10088269177799841,0.0036904376666666654,0.0014229612268726708,0.0009728451616243905,0.0004768239316475739,0.004584685874999997,1.5720994618675952,0.10298693049391466,0.00011899463810949307,0.0021042387159162512,0.0020972661711011835,0.9934256685929976,1.3576269071200746e-07,0.00224600946873805,-0.007562461470026781,-0.007562461470026781,0.141952571657604,1.003324587461117,1.3487014179056036e-07,1.573192958503162,0.10122965969307271,0.002796189458333334,-0.0011050263204725906,0.002058449833584941,0.0006203109160529269,-0.0017884964166666626,1.5726647451352471,0.10303578389354387,-0.0005282133679149759,0.0018061242004711597,0.0018009999828474726,0.9943646104548881,-7.756580236041751e-08,0.0011407332729537528,-0.005997475556020096,-0.005997475556020096,0.12046877080883686,1.0028452069253135,-7.71286888487374e-08,1.5723469999432536,0.10095631669209408,0.0036904376666666654,0.0011951952499758244,0.0012965795691596395,0.0004071627801590545,0.0032930326916666636,1.572276630188874,0.10292453575147202,-7.036975437957338e-05,0.0019682190593779403,0.001962118622237308,0.9938472749261559,9.974249058288278e-08,0.001874156429262841,-0.006395221086949233,-0.006395221086949233,0.1767039632050344,1.0031091072025382,9.912880246014581e-08]"
/multi_agv/m2b_algorithm_state,1789558494.287189,1789558494.287189,m2b_algorithm_state_v1:header6+3x20,"[1.0,-0.15,0.52,1.574507185396757,0.10102018327607332,1789558494.2870631,1.5729742344481823,0.10088156883957912,0.0036904376666666654,0.0014267366890240497,0.0009707664926703603,0.0004762686330111646,0.004584685874999997,1.5731646739436698,0.10263424781213455,0.00019043949548747108,0.0017526789725554326,0.0017478286714635476,0.9945019829301632,9.44629665268184e-08,0.0019858780408228867,-0.006459698310212496,-0.006459698310212496,0.14195255968721576,1.00277504378494,9.394360752438653e-08,1.5741848911972038,0.10122805902849875,0.002796189458333334,-0.0010993943674358448,0.002055377268893377,0.0006194678557788769,-0.0017884964166666626,1.5736543365064781,0.1020663532115389,-0.0005305546907257153,0.0008382941830401419,0.0008371821419175574,0.9973553168713473,-1.6636354556716257e-08,0.00017398877851041328,-0.0020970938094856716,-0.0020970938094856716,0.12046877783066735,1.0013283144335083,-1.6592356670497826e-08,1.573340170677332,0.10095508136163951,0.0036904376666666654,0.0011993890105062672,0.0012940989586528347,0.00040663523585475155,0.0032930326916666636,1.5733050246742588,0.10278150511075392,-3.5146003073194265e-05,0.001826423749114403,0.0018211648972597367,0.994281196230291,8.619970325064668e-08,0.0017772323934182438,-0.005976907806063851,-0.005976907806063851,0.17670398682837887,1.0028876308029984,8.570674406274909e-08]"
/multi_agv/m2b_algorithm_state,1789558494.2969966,1789558494.2969966,m2b_algorithm_state_v1:header6+3x20,"[1.0,-0.15,0.52,1.5754895656559234,0.10101903640672828,1789558494.2968535,1.5739824445376074,0.10088024513810158,0.0036904376666666654,0.001432102870658696,0.0009685080792042554,0.000475117323213511,0.004584685874999997,1.5738736348161364,0.10089214281331273,-0.00010880972147098156,1.1897675211147707e-05,1.1897448742214131e-05,0.9999619322655955,4.374819714188466e-12,-0.00012411470309651283,0.0018673745682660425,0.0018673745682660425,0.14195257359535376,1.0000190350837799,4.374653174713519e-12,1.5751913104039783,0.1012266265568811,0.002796189458333334,-0.0010954733503461896,0.0020523750216649983,0.0006193298424233551,-0.0017884964166666626,1.57454708815374,0.10022939800036548,-0.0006442222502383022,-0.0009972285565156142,-0.0009988242603733446,1.003212320277112,-2.3489005983329655e-08,-0.0018041020731712223,0.005733622420400165,0.005733622420400165,0.12046876967462739,0.998402417801572,-2.3564460193539107e-08,1.5743478012486842,0.10095367813323726,0.0036904376666666654,0.0012046473269132604,0.0012915366301511797,0.00040568875906892227,0.0032930326916666636,1.5742627638704212,0.10166832795323749,-8.503737826304203e-05,0.0007146498200002321,0.0007138378581481255,0.9977338015640062,1.3266124592044123e-08,0.000607541135319323,-0.0012799127074796675,-0.0012799127074796675,0.17670395938289,1.0011374597786296,1.3236060921241933e-08]"
/multi_agv/m2b_algorithm_state,1789558494.3070793,1789558494.3070793,m2b_algorithm_state_v1:header6+3x20,"[1.0,-0.15,0.52,1.5764916652665208,0.101017781548798,1789558494.3069448,1.5749656430785537,0.10087938260012295,0.0036904376666666654,0.0014345209138414907,0.00096656120526064,0.0004750818530506961,0.004584685874999997,1.5748196047283167,0.1008197126350259,-0.00014603835023696554,-5.966996509705613e-05,-5.967566458056417e-05,1.0001910765709487,1.1023101516322186e-10,-0.0002422236023767711,0.0023210781686314828,0.0023210781686314828,0.14195254263136392,0.9999044923328781,1.1025207772761146e-10,1.5761726564007266,0.10122504065622034,0.002796189458333334,-0.0010887115188626811,0.002049272234408983,0.0006180127484761988,-0.0017884964166666626,1.5754180793463994,0.09942156519578618,-0.0007545770543271324,-0.0018034754604341618,-0.0018087263559799708,1.0058626580118828,-7.639172267890838e-08,-0.0027519476738888863,0.009424317902453957,0.009424317902453957,0.12046878771603572,0.9970969099176065,-7.68395812239134e-08,1.5753303974884905,0.10095268596384153,0.0036904376666666654,0.0012078917104849651,0.001289130718171128,0.0004055338750930484,0.0032930326916666636,1.575200017534592,0.10119972316987516,-0.00013037995389852952,0.0002470372060336262,0.00024693983859862327,0.9992124536694104,1.5900005727635068e-09,8.396489622546137e-05,0.0007982989385062079,0.0007982989385062079,0.17670402019712825,1.0003942961798127,1.5887483736467915e-09]"
/multi_agv/m2b_algorithm_state,1789558494.3170488,1789558494.3170488,m2b_algorithm_state_v1:header6+3x20,"[1.0,-0.15,0.52,1.5774863669734813,0.10101662879431887,1789558494.3168976,1.5759685349792503,0.10087822557328417,0.0036904376666666654,0.0014391761041170838,0.0009643739472031221,0.00047420171603221306,0.004584685874999997,1.5759820235111135,0.1026088414355627,1.3488531863226072e-05,0.0017306158622785311,0.0017258859015134534,0.9945695813942983,9.290563469010295e-08,0.001742746566342486,-0.005568318308847586,-0.005568318308847586,0.14195254707162483,1.0027405987620213,9.240111820290728e-08,1.5771737515763857,0.10122367315337791,0.002796189458333334,-0.001084316004040426,0.0020462589295946465,0.0006176748137396992,-0.0017884964166666626,1.5764124194741571,0.09942156519578618,-0.0007613321022286179,-0.0018021079575917254,-0.00180735093540705,1.005858229664472,-7.59683730309007e-08,-0.0027590160631928225,0.009453082569062599,0.009453082569062599,0.12046878517067354,0.997099081471887,-7.6413413207352e-08,1.5763327092439265,0.10095144591973194,0.0036904376666666654,0.001212629457938136,0.001286614822773158,0.00040478889133801436,0.0032930326916666636,1.576302011448398,0.10218865501913443,-3.069779552844487e-05,0.0012372090994024892,0.0012347851005289514,0.9960998422768215,4.0008487735448205e-08,0.0011964128561183954,-0.0036121163344755474,-0.0036121163344755474,0.17670401159228463,1.0019630937176836,3.9852448323014104e-08]"
/multi_agv/m2b_algorithm_state,1789558494.3271232,1789558494.3271232,m2b_algorithm_state_v1:header6+3x20,"[1.0,-0.15,0.52,1.5784820453067085,0.10101551195570983,1789558494.3269873,1.5769640356969077,0.10087723568405652,0.0036904376666666654,0.0014428892434912633,0.0009622806075172178,0.00047368106487960483,0.004584685874999997,1.5774725461783297,0.10473844573770866,0.0005085104814219754,0.003861210053652142,0.0038380419214583223,0.9881756442612651,4.6291966892861665e-07,0.004473680023235792,-0.01640937240326928,-0.01640937240326928,0.1419525381708274,1.0060364458408564,4.5744594208474735e-07,1.5781674407091226,0.10122229145679287,0.002796189458333334,-0.0010790862848774705,0.0020432212069236844,0.0006169879874220324,-0.0017884964166666626,1.5778278572368771,0.100156196958308,-0.0003395834722454971,-0.001066094498484868,-0.001067919256875905,1.003437028064813,-2.644539467584042e-08,-0.0014923985971827764,0.004676874343005367,0.004676874343005367,0.12046879031334472,0.9982912955457185,-2.6536288239526342e-08,1.5773276245144139,0.1009503592421072,0.0036904376666666654,0.0012167154693334434,0.0012841494286043751,0.00040430013912454805,0.0032930326916666636,1.5774097443978956,0.1005831449546626,8.211988348172383e-05,-0.0003672142874446005,-0.0003674304372992779,1.0011788712576033,3.5405034006827716e-09,-0.00026478058294712313,0.0023205035885072566,0.0023205035885072566,0.17670402897692608,0.9994117257779019,3.5446771983792833e-09]"
/multi_agv/m2b_algorithm_state,1789558494.337011,1789558494.337011,m2b_algorithm_state_v1:header6+3x20,"[1.0,-0.15,0.52,1.5794690096054496,0.10101450256233634,1789558494.336886,1.577960509513705,0.10087626707935618,0.0036904376666666654,0.0014466632489688446,0.0009601778533815599,0.0004731389285030054,0.004584685874999997,1.5784578341980007,0.10309353475571442,0.0004973246842956414,0.002217267676358242,0.0022095319044390977,0.9930808503159348,1.5324178185274885e-07,0.0028311877598086494,-0.009686940803588624,-0.009686940803588624,0.14195253104273195,1.0035010908435416,1.5218147902625683e-07,1.5791621101834292,0.10122096931737824,0.002796189458333334,-0.0010740335609343036,0.002040194630162473,0.0006163720850052429,-0.0017884964166666626,1.578829134762861,0.100156196958308,-0.00033297542056831553,-0.0010647723590702374,-0.0010665926085153717,1.0034327753378358,-2.62564564668731e-08,-0.001482811884225766,0.004647457486684701,0.004647457486684701,0.12046879445872746,0.9982933976566103,-2.634658898309154e-08,1.578323516222991,0.10094929947039506,0.0036904376666666654,0.0012208245723455513,0.0012816852968736917,0.0004038007216047128,0.0032930326916666636,1.5782750841639754,0.09900875299012141,-4.843205901550185e-05,-0.0019405464802736555,-0.0019466547258573167,1.0063413300810617,9.93130647264359e-08,-0.002007194799626694,0.009164102569210622,0.009164102569210622,0.1767040429311522,0.9968621833638366,9.994284165122808e-08]"
/multi_agv/m2b_algorithm_state,1789558494.3473141,1789558494.3473141,m2b_algorithm_state_v1:header6+3x20,"[1.0,-0.15,0.52,1.5804674483944743,0.10101344844932596,1789558494.3471694,1.578948277536518,0.10087547574151745,0.0036904376666666654,0.0014494189707452325,0.000958185475232653,0.0004729807610493849,0.004584685874999997,1.5793181811519352,0.10080367411324631,0.00036990361541722194,-7.180162827113978e-05,-7.18098820939258e-05,1.0002299685405418,1.6127216428944503e-10,0.0003905696371776016,9.555459003048549e-05,9.555459003048549e-05,0.14195250825278083,0.9998850600704895,1.6130925181369669e-10,1.5801480553999139,0.10121962879403124,0.002796189458333334,-0.0010680731584710658,0.0020371373833929507,0.0006153786950847256,-0.0017884964166666626,1.579791443611553,0.0996148879483055,-0.00035661178836088325,-0.0016047408457257328,-0.0016088923334282878,1.0052053259500522,-5.93303450775679e-08,-0.002054657068879392,0.006902422060724531,0.006902422060724531,0.12046880768282948,0.9974196609578536,-5.963917886242571e-08,1.5793106958799168,0.1009484031514603,0.0036904376666666654,0.0012242230126406658,0.0012792807866070632,0.0004035783338325223,0.0032930326916666636,1.5792252778687408,0.09916551186158915,-8.541801117600833e-05,-0.0017828912898711496,-0.0017880413023511586,1.0058158928670362,8.40565055966209e-08,-0.001894813816321169,0.008705154265419662,0.008705154265419662,0.17670408755775016,0.9971197463541602,8.454536922794829e-08]"
/multi_agv/m2b_algorithm_state,1789558494.3571134,1789558494.3571134,m2b_algorithm_state_v1:header6+3x20,"[1.0,-0.15,0.52,1.5814616782055675,0.10101246814007157,1789558494.3569698,1.579947503711633,0.10087452807646827,0.0036904376666666654,0.0014534600105924633,0.0009560551396029285,0.00047233722493706385,0.004584685874999997,1.5802231557260011,0.10061631344021346,0.0002756520143680774,-0.00025821463625480545,-0.00025832153296766793,1.0008287738956423,2.0918012097649624e-09,8.624348499242882e-05,0.0012636759706219551,0.0012636759706219551,0.14195250607029095,0.9995861873703116,2.0935348400024885e-09,1.5811454937618337,0.10121843785983203,0.002796189458333334,-0.0010635247352254462,0.0020341361020774773,0.0006149682315182425,-0.0017884964166666626,1.5804125537593594,0.09948155727578313,-0.0007329400024742583,-0.0017368805840489027,-0.0017417488399348968,1.0056424381190772,-6.92140729591454e-08,-0.0026579238430277197,0.009090533926717156,0.009090533926717156,0.12046880893753918,0.9972049610286084,-6.960460908278668e-08,1.5803093477099568,0.10094737941167756,0.0036904376666666654,0.0012284705872692586,0.0012768159981931702,0.00040301923760336375,0.0032930326916666636,1.580345329658606,0.10059886153071133,3.59819486492885e-05,-0.00034851788096622316,-0.0003487125613248729,1.0011186584383873,3.2199715769883313e-09,-0.0003037351255132623,0.0024620445016637015,0.0024620445016637015,0.1767040917768152,0.9994417168171111,3.2235736253642967e-09]"
/multi_agv/m2b_algorithm_state,1789558494.367117,1789558494.367117,m2b_algorithm_state_v1:header6+3x20,"[1.0,-0.15,0.52,1.582465886576826,0.10101145517003522,1789558494.3669715,1.5809425235997334,0.10087368852914616,0.0036904376666666654,0.0014569508063933608,0.0009539799904446865,0.000471903490265543,0.004584685874999997,1.5810667309147621,0.10224469085161877,0.00012420731502871263,0.0013710023224726142,0.0013680255826497246,0.9956800843126071,5.9043479135493487e-08,0.0015232847264356154,-0.0045965219573003875,-0.0045965219573003875,0.14195249632692514,1.0021759387109734,5.8788416283737817e-08,1.5821387197603134,0.10121725839244432,0.002796189458333334,-0.0010585326835826484,0.0020311246642372716,0.0006143707571182461,-0.0017884964166666626,1.5814011434934963,0.0996266919368427,-0.0007375762668171415,-0.0015905664556016136,-0.0015946446227216018,1.0051586877436691,-5.7766303047816026e-08,-0.0025166149562430287,0.008536616181690864,0.008536616181690864,0.1204688145721034,0.9974425856006538,-5.806430136734587e-08,1.581303791256656,0.10094645749862423,0.0036904376666666654,0.001232330130689774,0.001274383278646419,0.00040261165586811046,0.0032930326916666636,1.5807891203369415,0.09898440626940583,-0.0005146709197145771,-0.0019620512292184006,-0.0019682968535916926,1.0064133971121194,1.024860378744958e-07,-0.002611635503234914,0.011315161269444133,0.011315161269444133,0.17670411080522627,0.9968268890122468,1.0314332153383265e-07]"
/multi_agv/m2b_algorithm_state,1789558494.3770578,1789558494.3770578,m2b_algorithm_state_v1:header6+3x20,"[1.0,-0.15,0.52,1.5834483639270778,0.10101064320861364,1789558494.3769267,1.5819475070227937,0.10087272269641757,0.0036904376666666654,0.0014615152443929421,0.0009517838071849021,0.00047106733624476503,0.004584685874999997,1.5822391956028714,0.1023108819533439,0.00029168858007766474,0.0014381592569263218,0.0014348853709317984,0.995471879391375,6.517012386200832e-08,0.0017994960960288793,-0.005609234279726269,-0.005609234279726269,0.1419525045241388,1.0022816359138134,6.487502568108212e-08,1.5831419418365962,0.10121620981386993,0.002796189458333334,-0.0010547356301470476,0.002028165779310198,0.0006142639315041554,-0.0017884964166666626,1.5823937113734199,0.0996266919368427,-0.0007482304631762915,-0.0015895178770272272,-0.0015935906941151442,1.005155298439061,-5.748346050339594e-08,-0.002528878773085509,0.008583267513627615,0.008583267513627615,0.12046880981906707,0.9974442514612082,-5.777980489760093e-08,1.5823082108710884,0.10094543299981813,0.0036904376666666654,0.001236901812162804,0.0012718977192745177,0.0004019228785504306,0.0032930326916666636,1.5817094729964518,0.09883436377539695,-0.0005987378746366012,-0.002111069224421183,-0.002118307794262454,1.006912156207339,1.1909738109824749e-07,-0.0028667301375582053,0.012279490104267023,0.012279490104267023,0.17670409474548476,0.996582852661508,1.1992060080028357e-07]"
/multi_agv/m2b_algorithm_state,1789558494.3871796,1789558494.3871796,m2b_algorithm_state_v1:header6+3x20,"[1.0,-0.15,0.52,1.5844570640733444,0.10100967765678182,1789558494.3870137,1.5829307836240798,0.10087214866214163,0.0036904376666666654,0.0014635491832204269,0.0009498592520677195,0.0004711867532950799,0.004584685874999997,1.5831975821230877,0.10086472127109687,0.0002667984990079031,-7.427391044756426e-06,-7.4274793258561164e-06,1.0000237724316012,1.7424637741582258e-12,0.0003260706444340227,0.0003093712577961966,0.0003093712577961966,0.14192129553427843,0.9999881142584426,1.7425051967591145e-12,1.5841234042323102,0.10121502364871017,0.002796189458333334,-0.0010484919605999671,0.002025120915697176,0.0006131413202895841,-0.0017884964166666626,1.583567621532131,0.10122164054409377,-0.0005557827001791971,6.616895383601551e-06,6.616825649332089e-06,0.9999789228872121,-9.891635609178602e-13,-0.0006881115495746642,0.0013913836655585292,0.0013913836655585292,0.12044918038686674,1.0000105389310763,-9.89142712205921e-13,1.5832909039248435,0.10094475731498913,0.0036904376666666654,0.001239743889329653,0.0012695485942315846,0.00040191284329988775,0.0032930326916666636,1.5828247029855163,0.10026896553409229,-0.0004662009393272548,-0.0006757917808968422,-0.0006765255929907708,1.0021772420046418,1.2220779609579507e-08,-0.0012592767671498395,0.006002807397439343,0.006002807397439343,0.176643034674878,0.998915322492554,1.2247387204274954e-08]"
/multi_agv/m2b_algorithm_state,1789558494.3971424,1789558494.3971424,m2b_algorithm_state_v1:header6+3x20,"[1.0,-0.15,0.52,1.5854412218214362,0.10100893277450657,1789558494.3969932,1.5839402480174585,0.10087117630745988,0.0036904376666666654,0.0014685520267742093,0.000947614732732349,0.0004701857132701381,0.004584685874999997,1.5840547839705166,0.099476248365919,0.0001145359530581036,-0.0013949279415408772,-0.0013980745613266087,1.004535193603911,6.172987058279136e-08,-0.0012549046200039792,0.006525923321763963,0.006525923321763963,0.14195248990811635,0.997749319047229,6.20098274970287e-08,1.5851311301546058,0.10121411308654524,0.002796189458333334,-0.0010453653937103008,0.0020221982437844677,0.0006133062892902247,-0.0017884964166666626,1.5845369739488264,0.10079251222653154,-0.0005941562057794059,-0.00042160086001369335,-0.0004218848817208215,1.0013494944516463,-4.004951830103882e-09,-0.0011645801389450789,0.0032721647981451604,0.0032721647981451604,0.12046881825046579,0.9993267791299615,-4.0103564903777185e-09,1.5842998140479687,0.10094374357634037,0.0036904376666666654,0.0012445744414255884,0.0012670519388898634,0.0004011176295207505,0.0032930326916666636,1.5839990346905222,0.10041451240224425,-0.0003007793574465456,-0.0005292311740961175,-0.0005296807219910717,1.0017022610622877,7.523341355412543e-09,-0.0009056549187992537,0.004691313731050108,0.004691313731050108,0.17670412326453522,0.9991512851491663,7.53614804646016e-09]"
/multi_agv/m2b_algorithm_state,1789558494.407198,1789558494.407198,m2b_algorithm_state_v1:header6+3x20,"[1.0,-0.15,0.52,1.5864403508327916,0.1010081172205531,1789558494.4070382,1.5849251979577186,0.10087064552888132,0.0036904376666666654,0.0014706614272408775,0.0009456778820411847,0.0004702788176153271,0.004584685874999997,1.5850177930980827,0.099726166789262,9.259514036408234e-05,-0.0011444787396193284,-0.0011465929131687456,1.0037104771376024,4.1606166482883433e-08,-0.0010308489877136427,0.005628201941867507,0.005628201941867507,0.14189852239845957,0.9981561253997511,4.1760545212401456e-08,1.5861142808556414,0.10121303213770846,0.002796189458333334,-0.0010394141359509313,0.002019177102615677,0.0006122980896057229,-0.0017884964166666626,1.5854142958513042,0.10031699388237439,-0.0006999850043372113,-0.0008960382553340751,-0.0008973258047128946,1.00288358981793,-1.7993357549540744e-08,-0.0017723070601344086,0.005634232697893425,0.005634232697893425,0.12043484232958997,0.9985651260979491,-1.8045243012160973e-08,1.5852841866509486,0.10094312065692988,0.0036904376666666654,0.0012474345929582146,0.001264708027946971,0.0004010970486646873,0.0032930326916666636,1.5848724508032026,0.1000605222733823,-0.0004117358477460087,-0.0008825983835475809,-0.0008838520204298914,1.0028502329007958,2.097733737289172e-08,-0.0013985218301124022,0.00659251369813952,0.00659251369813952,0.17659844670679115,0.9985816212970802,2.103712767004303e-08]"
/multi_agv/m2b_algorithm_state,1789558494.4172041,1789558494.4172041,m2b_algorithm_state_v1:header6+3x20,"[1.0,-0.15,0.52,1.5874387536013292,0.10100734654695083,1789558494.4170806,1.5859250982892907,0.10086989975557074,0.0036904376666666654,0.001474463036849631,0.000943562352111104,0.0004697313658236916,0.004584685874999997,1.5862109377280162,0.10115577031236823,0.0002858394387255103,0.0002858705567974906,0.00028574006414012543,0.9990880356101245,2.5999855517365897e-09,0.0006430393625470133,-0.0009394073443609843,-0.0009394073443609843,0.14189669302383545,1.0004566830967785,2.597614457499215e-09,1.5871124268373262,0.10121213212451767,0.002796189458333334,-0.001035290728776785,0.0020162280136040156,0.0006120447118937028,-0.0017884964166666626,1.5864159950426806,0.10031699388237439,-0.0006964317946456244,-0.0008951382421432813,-0.0008964232131635215,1.0028806990331385,-1.7886055112023313e-08,-0.001766962956470552,0.0056190624527989105,0.0056190624527989105,0.12043369049387524,0.9985665576243776,-1.793757945369118e-08,1.5862835273717577,0.1009423197815709,0.0036904376666666654,0.0012514162670214245,0.0012622849119866995,0.00040063153587442126,0.0032930326916666636,1.5858881935519828,0.10063755470228995,-0.0003953338197748568,-0.00030476507928094143,-0.00030491390867443607,1.0009778053095097,2.5082233544340852e-09,-0.000799081183393007,0.004222079485661026,0.004222079485661026,0.1765948653108185,0.9995118970002331,2.510675908547487e-09]"
/multi_agv/m2b_algorithm_state,1789558494.4270697,1789558494.4270697,m2b_algorithm_state_v1:header6+3x20,"[1.0,-0.15,0.52,1.588430108196748,0.10100666468382104,1789558494.4269447,1.5869242705852058,0.10086920357556596,0.0036904376666666654,0.001478101508449682,0.000941460100141,0.0004692477209840033,0.004584685874999997,1.587145689866482,0.10113627650094908,0.0002214192812761695,0.00026707292538312444,0.00026695901255295134,0.9991478130724235,2.274936984930678e-09,0.0005437331141481632,-0.0005742707520567658,-0.0005742707520567658,0.14189229373508866,1.0004267053173583,2.2729983133710596e-09,1.5881098487011973,0.10121126719185718,0.002796189458333334,-0.0010311071441313937,0.00201328529960465,0.0006117619347190129,-0.0017884964166666626,1.587399233996598,0.10237725026463991,-0.0007106147045992106,0.0011659830727827336,0.0011638365602523377,0.9963343710367657,-3.0180796324512e-08,0.00027556817950332444,-0.0025399740336790448,-0.0025399740336790448,0.12043092056125426,1.0018443418979126,-3.0070164723371394e-08,1.5872821415175842,0.10094156887342938,0.0036904376666666654,0.0012552740611117626,0.0012598733936584061,0.0004002136875920323,0.0032930326916666636,1.5867836825156192,0.10112760366255646,-0.0004984590019649904,0.0001860347891270847,0.000185979537818708,0.9994064281289483,9.37157197542297e-10,-0.00043709421463753,0.002724217737526567,0.002724217737526567,0.17658625302617315,1.0002970827276203,9.366009273910821e-10]"
/multi_agv/m2b_algorithm_state,1789558494.437018,1789558494.437018,m2b_algorithm_state_v1:header6+3x20,"[1.0,-0.15,0.52,1.589425124919267,0.10100599347982504,1789558494.4368975,1.5879164008601503,0.10086865518942592,0.0036904376666666654,0.0014808860834901777,0.0009394496947261457,0.0004690864284495138,0.004584685874999997,1.588040270572126,0.09991311598464288,0.00012386971197564378,-0.000955539204783043,-0.0009570108936151854,1.003091414152546,2.9200885704466732e-08,-0.0008021737536456307,0.004747480997629776,0.004747480997629776,0.14191462172710592,0.9984622026332606,2.92911577358004e-08,1.5891002150322469,0.10121038506156647,0.002796189458333334,-0.0010261633732473992,0.0020103205064969654,0.000611161133236296,-0.0017884964166666626,1.5884162093664678,0.10237725026463991,-0.0006840056657790861,0.001166865203073436,0.001164715430009308,0.9963315905867517,-3.008165820825738e-08,0.0003097083477854505,-0.002657127738244219,-0.002657127738244219,0.12044493724045825,1.0018457496215285,-2.997130637012009e-08,1.5882737086978465,0.10094095380047073,0.0036904376666666654,0.0012585374869740367,0.001257511619295804,0.00040002759804607735,0.0032930326916666636,1.5877644267802757,0.10089407280691291,-0.0005092819175707142,-4.6880993557818496e-05,-4.688450847383661e-05,1.000149977101496,5.967851039334095e-11,-0.0006834869054372293,0.003705604392059253,0.003705604392059253,0.1766298332332157,0.999925030332352,5.968746080335133e-11]"
/multi_agv/m2b_algorithm_state,1789558494.4470482,1789558494.4470482,m2b_algorithm_state_v1:header6+3x20,"[1.0,-0.15,0.52,1.5904130330372273,0.10100540870804535,1789558494.446893,1.5889121860934474,0.10086807713018142,0.0036904376666666654,0.0014840602513036026,0.000937399680039341,0.0004687768682295172,0.004584685874999997,1.5889395913381872,0.09872406283557882,2.7405244739764356e-05,-0.002144014294602606,-0.002151490143576241,1.0070298746167092,1.4744626302699675e-07,-0.0021172335876515356,0.00989985003692036,0.00989985003692036,0.1419310316771497,0.9965252692437584,1.4848279176877886e-07,1.590094251634798,0.10120958224421735,0.002796189458333334,-0.001021724077299147,0.002007380146592741,0.0006107662931768842,-0.0017884964166666626,1.5893064364620717,0.1011541860145278,-0.0007878151727263027,-5.5396229689544385e-05,-5.5401119969298e-05,1.0001765933787767,-6.75644539260283e-11,-0.0010401700858771764,0.002695078282819835,0.002695078282819835,0.12045524211179974,0.9999117295867604,-6.75763853612323e-11,1.5892689370295559,0.10094032106507639,0.0036904376666666654,0.0012620442133715374,0.0012551371327949043,0.00039974266107466357,0.0032930326916666636,1.588773937544908,0.1010105114695446,-0.0004949994846479289,7.019040446820668e-05,7.018253225552176e-05,0.9997757491939162,1.3413857578838558e-10,-0.0005485668235543893,0.0031783495790731415,0.0031783495790731415,0.17666188048791476,1.0001121676923292,1.341084951046381e-10]"
/multi_agv/m2b_algorithm_state,1789558494.457031,1789558494.457031,m2b_algorithm_state_v1:header6+3x20,"[1.0,-0.15,0.52,1.591411745280212,0.10100478329007158,1789558494.456927,1.589900868874721,0.10086764203720514,0.0036904376666666654,0.0014864072073559847,0.0009354423049955144,0.0004687776811136853,0.004584685874999997,1.5902693754094166,0.09991679606950181,0.0003685065346956673,-0.000950845967703326,-0.0009523032036521592,1.0030761093514338,2.902258720968746e-08,-0.0004916700352825751,0.003652422614256796,0.003652422614256796,0.14195256430808928,0.9984697773322145,2.9111863861605983e-08,1.5910811721574194,0.10120876376757984,0.002796189458333334,-0.0010165512857122265,0.00200441736057666,0.0006100651786034861,-0.0017884964166666626,1.5903184691223275,0.1011541860145278,-0.0007627030350918496,-5.457775305203749e-05,-5.458249991521379e-05,1.000173984531278,-6.525085537087326e-11,-0.0010079612937800258,0.0025855745198701727,0.0025855745198701727,0.12046877510069545,0.9999130332398906,-6.526220801036045e-11,1.5902570580795412,0.10093982031935106,0.0036904376666666654,0.0012649718694822624,0.0012528132876188482,0.00039968238506614276,0.0032930326916666636,1.5897963874587802,0.1011866968431212,-0.00046067062076105003,0.00024687652377014535,0.0002467792659380547,0.9992128276349941,1.6630709541315176e-09,-0.00032905901001325784,0.0023229718338948525,0.0023229718338948525,0.17670397764995122,1.0003941086043877,1.6617618306353812e-09]"
/multi_agv/m2b_algorithm_state,1789558494.4670615,1789558494.4670615,m2b_algorithm_state_v1:header6+3x20,"[1.0,-0.15,0.52,1.592411670595137,0.1010041864005616,1789558494.4669466,1.5909003395757273,0.10086706121606721,0.0036904376666666654,0.0014899574952389914,0.000933357860956407,0.0004683229991968653,0.004584685874999997,1.5913761092186582,0.10118645897152213,0.0004757696429309455,0.0003193977554549199,0.0003192348942338486,0.9989814273120995,3.2796773156378064e-09,0.0009139469478975304,-0.001902114516130537,-0.001902114516130537,0.14195256264423323,1.0005101610883176,3.276336725898971e-09,1.592078915579911,0.10120808741236655,0.002796189458333334,-0.0010127110278830703,0.0020015108990971697,0.0006099123668849016,-0.0017884964166666626,1.5914154711402062,0.1018715681118468,-0.0006634444397048966,0.0006634806994802595,0.00066278298616007,0.9979020903684568,-9.601699392114382e-09,-0.00016652256347105075,-0.0007193569915349039,-0.0007193569915349039,0.1204687760761848,1.0010527025206721,-9.581555894480482e-09,1.5912559806849977,0.10093920124178098,0.0036904376666666654,0.0012686924944012427,0.0012504351026905508,0.00039930665714307204,0.0032930326916666636,1.5907931758489242,0.10099754456395574,-0.00046280483607352707,5.834332217476146e-05,5.833788254880363e-05,0.9998135715253675,9.316830271739428e-11,-0.0005201681625431052,0.003089413119291497,0.003089413119291497,0.17670398095178685,1.0000932434589698,9.315093349283458e-11]"
/multi_agv/m2b_algorithm_state,1789558494.4770563,1789558494.4770563,m2b_algorithm_state_v1:header6+3x20,"[1.0,-0.15,0.52,1.593401560167633,0.10100369555226547,1789558494.4769254,1.591901018904118,0.10086649670740355,0.0036904376666666654,0.0014935647581868906,0.000931263413013994,0.0004678488251240701,0.004584685874999997,1.592479431614965,0.10173885874924188,0.0005784127108470205,0.000872362041838326,0.0008711521757525538,0.9972353704686393,2.4515461730321935e-08,0.0015941680643113295,-0.004576872947023193,-0.004576872947023193,0.14195256314480553,1.001388811414868,2.4447685560847345e-08,1.5930778774515588,0.1012074598009045,0.002796189458333334,-0.0010090300372677928,0.0019986205692659187,0.0006098202010287185,-0.0017884964166666626,1.5924309375257883,0.1018715681118468,-0.0006469399257704733,0.0006641083109423102,0.0006634092743826955,0.9979001029658332,-9.584930282308063e-09,-0.00014526563283039616,-0.0007915971757154101,-0.0007915971757154101,0.12046877579771645,1.0010537033270528,-9.564802915635548e-09,1.5922561154297337,0.10093860269337672,0.0036904376666666654,0.0012724390567674863,0.0012480574079331789,0.0003989194319456218,0.0032930326916666636,1.5917703125888056,0.100682198686057,-0.00048580284092802906,-0.000256404007319716,-0.00025650931771916053,1.0008222355195682,1.8051503021188738e-09,-0.0008637628688791968,0.004451279786567796,0.004451279786567796,0.17670397999836268,0.9995894480544375,1.8066345608154351e-09]"
/multi_agv/m2b_algorithm_state,1789558494.4870293,1789558494.4870293,m2b_algorithm_state_v1:header6+3x20,"[1.0,-0.15,0.52,1.5944019812771628,0.10100316586763732,1789558494.4869518,1.5928916723271507,0.10086612534391427,0.0036904376666666654,0.0014959772759704786,0.0009292981448229651,0.00046782532692981043,0.004584685874999997,1.5934987405707046,0.1013080095528575,0.0006070682435539432,0.00044188420894322733,0.00044157276859578456,0.9985927495556329,6.3023053611634365e-09,0.0012004080730382135,-0.0029712894500981764,-0.0029712894500981764,0.1419525456266672,1.0007052979023892,6.293436439143402e-09,1.5940667920371474,0.10120678292862209,0.002796189458333334,-0.0010042326319125734,0.00199569560854318,0.0006092621290698375,-0.0017884964166666626,1.5932685861313562,0.10097080979000762,-0.0007982059057911606,-0.00023597313861446756,-0.00023606199887757457,1.0007538102927702,-1.2051584851003316e-09,-0.0012338193811165252,0.00347826478182424,0.00347826478182424,0.12046878596802393,0.9996235723516301,-1.2060669459708196e-09,1.593246216138601,0.10093817838426007,0.0036904376666666654,0.0012753628417543788,0.001245747015643406,0.0003988538376836627,0.0032930326916666636,1.5927437323048308,0.1010775136322693,-0.000502483833770162,0.00013933524800922858,0.0001393042417614845,0.999555174415467,5.341490305822967e-10,-0.000488800550451218,0.002948734796526035,0.002948734796526035,0.1767040143441064,1.0002225793511526,5.339114274275402e-10]"
/multi_agv/m2b_algorithm_state,1789558494.4971175,1789558494.4971175,m2b_algorithm_state_v1:header6+3x20,"[1.0,-0.15,0.52,1.595391875318752,0.10100274405251397,1789558494.496902,1.5938928411604145,0.1008656136075506,0.0036904376666666654,0.0014995524105817378,0.0009272093924601148,0.0004673621174280078,0.004584685874999997,1.5943068530903692,0.10124880271985782,0.00041401192995471625,0.0003831891123072251,0.0003829548083282642,0.9987788530058862,4.750777140359719e-09,0.0009004697207716595,-0.0018741154369235195,-0.0018741154369235195,0.14195254702219626,1.0006118319286386,4.744975743135064e-09,1.5950662569833522,0.10120624393712284,0.002796189458333334,-0.001000726060021019,0.0019928271185680746,0.0006092342084565439,-0.0017884964166666626,1.5942752296642084,0.10097080979000762,-0.0007910273191438222,-0.00023543414711521549,-0.00023552260219060337,1.0007520893813964,-1.1954728624510614e-09,-0.001224306751120381,0.0034477959331837248,0.0034477959331837248,0.12046878516913069,0.9996244306297352,-1.1963719648966583e-09,1.594246845687722,0.10093764005823853,0.0036904376666666654,0.0012790532315477684,0.001243384013173799,0.0003984833195210865,0.0032930326916666636,1.5937596004557433,0.10170916614493807,-0.000487245231978628,0.000771526086699531,0.0007705799413566934,0.9975544911654504,1.641729892806778e-08,0.0001615234013834084,0.00035602611016956017,0.00035602611016956017,0.17670401161242183,1.001227835415975,1.6377150278499748e-08]"
/multi_agv/m2b_algorithm_state,1789558494.5070813,1789558494.5070813,m2b_algorithm_state_v1:header6+3x20,"[1.0,-0.15,0.52,1.5963875096288695,0.1010023159094215,1789558494.5069535,1.5948834933891458,0.10086530182785315,0.0036904376666666654,0.0015018756786528008,0.0009252560857258897,0.0004673710841101046,0.004584685874999997,1.5953671137078815,0.10224217242727697,0.0004836203187357224,0.0013768705994238184,0.0013738681144261926,0.9956613889592683,6.13883273071439e-08,0.001978393512845846,-0.006177852440563243,-0.006177852440563243,0.14195252952094292,1.0021854244713144,6.112198723251707e-08,1.5960551826351184,0.10120564885063858,0.002796189458333334,-0.000996040661707681,0.0019899219490993048,0.0006087143943738493,-0.0017884964166666626,1.595232985930023,0.10106235147209548,-0.0008221967050954238,-0.0001432973785431002,-0.0001433301247825268,1.0004572864133676,-4.407703608565698e-10,-0.0011710760061518066,0.003223619786044193,0.003223619786044193,0.12046879534869684,0.9997715327501718,-4.4097191915400465e-10,1.5952369499319916,0.10093728147905016,0.0036904376666666654,0.0012818831122225795,0.001241091151883456,0.0003984493107517951,0.0032930326916666636,1.59473767415584,0.10102364486091435,-0.0004992757761517197,8.636338186418513e-05,8.635146490604393e-05,0.999724117472734,2.0626828522337755e-10,-0.0005377432552836057,0.003152583403080168,0.003152583403080168,0.17670404592356623,1.0001380052805606,2.062113794075553e-10]"
/multi_agv/m2b_algorithm_state,1789558494.5169797,1789558494.5169797,m2b_algorithm_state_v1:header6+3x20,"[1.0,-0.15,0.52,1.5973801858217096,0.10100194139060474,1789558494.5168488,1.5958798758284216,0.10086492445642077,0.0036904376666666654,0.0015048292115308255,0.0009232391110320036,0.00046713997673686856,0.004584685874999997,1.5965006850796601,0.10310590560847857,0.0006208092512385299,0.0022409811520578,0.002233079229249469,0.9930076598827261,1.6283660325539362e-07,0.0030090907932976314,-0.010276946825922395,-0.010276946825922395,0.1419525223114661,1.0035385770038203,1.6169799434189032e-07,1.5970498601941405,0.10120514941883138,0.002796189458333334,-0.0009921029892677397,0.0019870516958129247,0.0006085005282296108,-0.0017884964166666626,1.5963551170144694,0.10234567376614356,-0.000694743179671109,0.0011405243473121829,0.0011384699808082753,0.996413069785455,-2.778615672410131e-08,0.0002700410062193891,-0.002469646507343301,-0.002469646507343301,0.12046879952845226,1.0018044977369092,-2.7686489719001546e-08,1.5962327928640465,0.10093687385301238,0.0036904376666666654,0.001285118400518522,0.0012387744899751366,0.00039825195591232853,0.0032930326916666636,1.5955983713513733,0.09938636419398739,-0.0006344215126732333,-0.0015505096590249928,-0.0015543984559817175,1.0050454199365644,6.672805337700396e-08,-0.002347425346823259,0.010266129456854543,0.010266129456854543,0.1767040600687831,0.9974981981346164,6.706472442784042e-08]"
/multi_agv/m2b_algorithm_state,1789558494.5270236,1789558494.5270236,m2b_algorithm_state_v1:header6+3x20,"[1.0,-0.15,0.52,1.5983787334202353,0.10100155966688056,1789558494.5268757,1.5968733009879859,0.10086462255818887,0.0036904376666666654,0.0015074076699112464,0.0009212648320620956,0.0004670492395265093,0.004584685874999997,1.5976268772227196,0.10340150012795463,0.0007535762347337105,0.0025368775697657553,0.00252677380039192,0.9921110674206115,2.0898837871948618e-07,0.003468744093809058,-0.012066617003220986,-0.012066617003220986,0.1419525097795483,1.0039986837651507,2.0733968348989245e-07,1.5980415786470656,0.10120466316251044,0.002796189458333334,-0.000987881806326139,0.0019841784760681325,0.0006081653157171407,-0.0017884964166666626,1.5973146320630418,0.101031945550574,-0.0007269465840238354,-0.00017271761193643487,-0.00017276519589228754,1.0005513625549913,-6.351085588134641e-10,-0.0010814484259220817,0.0029265870881004926,0.0029265870881004926,0.12046880678700042,0.9997245744109113,-6.354587338911483e-10,1.5972256778300773,0.10093653845111486,0.0036904376666666654,0.0012880835293594289,0.0012364841811740137,0.00039815799616987066,0.0032930326916666636,1.5967505784434188,0.10101296572015182,-0.00047509938665846185,7.642726903696329e-05,7.641793563989986e-05,0.9997558278561922,1.6231923794248306e-10,-0.0005174562976831775,0.003091151771947681,0.003091151771947681,0.17670408452486502,1.000122136210371,1.622796041061734e-10]"
/multi_agv/m2b_algorithm_state,1789558494.5371494,1789558494.5371494,m2b_algorithm_state_v1:header6+3x20,"[1.0,-0.15,0.52,1.5993737368351642,0.1010012352525524,1789558494.5369449,1.5978725870897097,0.10086425536363729,0.0036904376666666654,0.001510610296087915,0.0009192249281089184,0.0004667220889639722,0.004584685874999997,1.598533086127661,0.10237981456439864,0.0006604990379512898,0.0015155592007613516,0.0015119251499187373,0.9952318332263356,7.480346716981926e-08,0.0023375489473578493,-0.0075173059752912386,-0.0075173059752912386,0.14195250780191399,1.0024035917669665,7.444679176310523e-08,1.5990391808155529,0.10120427009808455,0.002796189458333334,-0.0009843997898056145,0.0019813421859526947,0.0006081312936119798,-0.0017884964166666626,1.5983248896869968,0.101031945550574,-0.0007142911285560327,-0.00017232454751055226,-0.00017237191524417414,1.0005501082559314,-6.299936898212944e-10,-0.0010652358259392151,0.002872378242457367,0.002872378242457367,0.12046880793670611,0.9997252003984827,-6.303402545512498e-10,1.5982244323554433,0.10093615353891984,0.0036904376666666654,0.0012914530287772993,0.0012341688384545418,0.00039790178135922167,0.0032930326916666636,1.5978001029851097,0.1005995449668555,-0.0004243293703336537,-0.00033660857206434247,-0.00033679018595120827,1.001080450322649,3.1578025078326973e-09,-0.0008672018988682753,0.004517630630899021,0.004517630630899021,0.17670408841522214,0.999460750655923,3.1612143565711466e-09]"
/multi_agv/m2b_algorithm_state,1789558494.5470257,1789558494.5470257,m2b_algorithm_state_v1:header6+3x20,"[1.0,-0.15,0.52,1.600369066113604,0.1010009406866164,1789558494.5469258,1.598868330539978,0.10086397527776994,0.0036904376666666654,0.0015133482232181851,0.0009172350830345616,0.0004665703267832831,0.004584685874999997,1.5995102997508026,0.10210268785881839,0.0006419692108246,0.0012387125810484484,0.001236279832621382,0.9960905270200959,5.0071664385910545e-08,0.0020387413461521323,-0.006315470110928752,-0.006315470110928752,0.14195249944426602,1.0019677975510672,4.9875910566935e-08,1.6000332371666084,0.10120388033531358,0.002796189458333334,-0.0009805380984564942,0.0019785009943329435,0.0006079352482835088,-0.0017884964166666626,1.5992292760954363,0.1004089166491075,-0.0008039610711720879,-0.0007949636862060738,-0.0007959764953755494,1.0025557095697624,-1.3360345632945584e-08,-0.0018009278343406594,0.0057514645070873855,0.0057514645070873855,0.12046881276129741,0.9987275890992262,-1.3394490796135037e-08,1.5992196427989058,0.10093585014457371,0.0036904376666666654,0.0012944948800385912,0.0012318828936674475,0.00039777229667604984,0.0032930326916666636,1.5987230226268627,0.09980038055238849,-0.0004966201720431052,-0.0011354695921852176,-0.001137548648600638,1.0036776784449684,3.6036903916489397e-08,-0.0017583238636545194,0.00802016399491524,0.00802016399491524,0.17670410472036677,0.9981723362618575,3.616943606124647e-08]"
/multi_agv/m2b_algorithm_state,1789558494.5575657,1789558494.5575657,m2b_algorithm_state_v1:header6+3x20,"[1.0,-0.15,0.52,1.6013695294880375,0.10100064351184328,1789558494.557441,1.5998643964446237,0.10086371761493312,0.0036904376666666654,0.0015160806738660575,0.0009152481163158918,0.00046641944165622356,0.004584685874999997,1.6004103838377763,0.10255788166314231,0.0005459873931525916,0.0016941640482091846,0.0016896290990868277,0.9946807037837704,9.379952804067901e-08,0.0023721133405275674,-0.007721620259393795,-0.007721620259393795,0.1419524916643226,1.002683990897652,9.33005805660881e-08,1.601027623442546,0.10120353162111823,0.002796189458333334,-0.0009767685433247088,0.001975671986826022,0.000607772803505463,-0.0017884964166666626,1.6001107375989294,0.10195272251127255,-0.0009168858436165994,0.000749190890154322,0.0007483017904771203,0.9976332379514178,-1.18076921843814e-08,-0.00039780551404362894,0.00010124643984005862,0.00010124643984005862,0.120468817238325,1.0011881565546368,-1.1779746186638066e-08,1.6002151784536423,0.10093557282379786,0.0036904376666666654,0.0012975165101685804,0.0012296043931174895,0.00039764770524003965,0.0032930326916666636,1.5996838942273128,0.099431822686681,-0.0005312842263294204,-0.0015037501371168577,-0.0015074066947375023,1.0048907725545273,6.336792968007221e-08,-0.0021715119776492776,0.009638002497952158,0.009638002497952158,0.1767041198327565,0.9975742726674827,6.367784781138873e-08]"
/multi_agv/m2b_algorithm_state,1789558494.5671284,1789558494.5671284,m2b_algorithm_state_v1:header6+3x20,"[1.0,-0.15,0.52,1.6023667969798758,0.1010004001350943,1789558494.5669956,1.6008655867283457,0.1008634077287892,0.0036904376666666654,0.0015193384796340316,0.0009132047462696133,0.0004660701773579964,0.004584685874999997,1.6014834006734022,0.10302888615154762,0.0006178139450565556,0.002165478422758424,0.0021580956172300345,0.9932372809267559,1.5352469154041685e-07,0.002930363048550729,-0.009943608584755886,-0.009943608584755886,0.14195249315370423,1.0034209816606112,1.5248644718072257e-07,1.6020271554065721,0.10120326608929628,0.002796189458333334,-0.0009736344844751459,0.0019728777556045074,0.0006078677323590187,-0.0017884964166666626,1.6011583587054552,0.10088507618836398,-0.0008687967011169473,-0.0003181899009322975,-0.0003183515769779292,1.0010174451452123,-2.124639931029232e-09,-0.0014043474533741132,0.004149203787785749,0.004149203787785749,0.12046881640026187,0.9994921462391785,-2.1268016356123817e-09,1.6012158463291941,0.10093525671744434,0.0036904376666666654,0.0013008778833906594,0.0012273050622158667,0.0003973866854109949,0.0032930326916666636,1.6005414496126125,0.09996095466505908,-0.0006743967165816489,-0.0009743020523852591,-0.000975830951168598,1.0031499671111264,2.6660800722083433e-08,-0.001818826846895659,0.008172198194779767,0.008172198194779767,0.17670411703785036,0.9984332339720235,2.674478136751429e-08]"
/multi_agv/m2b_algorithm_state,1789558494.577007,1789558494.577007,m2b_algorithm_state_v1:header6+3x20,"[1.0,-0.15,0.52,1.6033495330864056,0.10100028246419185,1789558494.5768545,1.6018635821921288,0.10086318002282241,0.0036904376666666654,0.0015221573259848087,0.0009112076108995109,0.0004658871335900535,0.004584685874999997,1.6024300253733053,0.1021408248582201,0.0005664431811764903,0.00127764483539769,0.0012750574970122957,0.9959693945812971,5.357733890982488e-08,0.0019831114734829083,-0.006126931695385775,-0.006126931695385775,0.1419512647059351,1.0020291935002594,5.336138979729526e-08,1.6030234905294585,0.10120300312172148,0.002796189458333334,-0.0009701423807518808,0.0019700806487483735,0.0006078089598815506,-0.0017884964166666626,1.6021595260599364,0.10088507618836398,-0.0008639644695220827,-0.00031792693335749855,-0.00031808834253248204,1.0010166048610771,-2.1135239495077307e-09,-0.0013980439294350854,0.004130230207662972,0.004130230207662972,0.12046804750037285,0.9994925649469,-2.1156725682288033e-09,1.6022133182180398,0.100935017260739,0.0036904376666666654,0.0013039308511502397,0.0012250330259750758,0.00039724514883114495,0.0032930326916666636,1.6015750264911233,0.10035664743783806,-0.00063829172691654,-0.0005783698229009371,-0.0005789069886522418,1.0018615660629389,9.41449752997084e-09,-0.0013767716472979168,0.006441141928299289,0.006441141928299289,0.17670172526976669,0.9990721035298689,9.432023239072256e-09]"
/multi_agv/m2b_algorithm_state,1789558494.587088,1789558494.587088,m2b_algorithm_state_v1:header6+3x20,"[1.0,-0.15,0.52,1.6043497698206293,0.1010000780073192,1789558494.5869408,1.602847061787487,0.10086320161906448,0.0036904376666666654,0.0015233372109600455,0.0009093946120319438,0.0004663187275099623,0.004584685874999997,1.6033857615463258,0.10120468457833984,0.000538699758838801,0.00034148295927535766,0.000341296818174466,0.9989112123372319,3.832909275729779e-09,0.0010146715167229671,-0.002236954709550296,-0.002236954709550296,0.1418914028077807,1.0005453936016377,3.828736051397855e-09,1.6040052759618868,0.10120264593530862,0.002796189458333334,-0.0009650622634447461,0.001967228626443829,0.000607090413350303,-0.0017884964166666626,1.6029591210361975,0.09939942841770892,-0.0010461549256892688,-0.001803217517599695,-0.0018084684812392435,1.0058635613929638,-6.770321395221592e-08,-0.0031161621383508295,0.010832415748851318,0.010832415748851318,0.1204303595766744,0.9970964583049022,-6.810019590372571e-08,1.6031962615098427,0.10093499983820245,0.0036904376666666654,0.0013058591139065625,0.0012228547121772683,0.0003975423730357974,0.0032930326916666636,1.6026168084683234,0.10047377495309572,-0.0005794530415192956,-0.0004612248851067341,-0.00046156618728032754,1.0014825551287874,5.995395270864158e-09,-0.001185882489179447,0.005716047282824085,0.005716047282824085,0.17658450887842167,0.9992605563773973,6.004283774872085e-09]"
/multi_agv/m2b_algorithm_state,1789558494.5970325,1789558494.5970325,m2b_algorithm_state_v1:header6+3x20,"[1.0,-0.15,0.52,1.605341491185267,0.10099996025706333,1789558494.5969224,1.6038480166574034,0.10086296872269107,0.0036904376666666654,0.0015264908270628706,0.0009073768574443968,0.00046600130213122744,0.004584685874999997,1.6043421675634284,0.10103246530860036,0.0004941509060250038,0.00016949658590928451,0.00016945066704301143,0.9994585200317565,9.463766994699081e-10,0.0007871392995742662,-0.0013458540565504155,-0.0013458540565504155,0.1418934934108373,1.0002709866362547,9.458642554447327e-10,1.6050045915826363,0.10120249440995278,0.002796189458333334,-0.0009621126075014651,0.001964465286021566,0.0006072492079007702,-0.0017884964166666626,1.6039441562510925,0.09939942841770892,-0.0010604353315437631,-0.001803065992243863,-0.0018083160781339502,1.005863070566815,-6.748498030684729e-08,-0.003133860242563654,0.01089772493466041,0.01089772493466041,0.12043167591130341,0.9970966989932949,-6.788064950858645e-08,1.6041967012218477,0.10093477088931373,0.0036904376666666654,0.0013090951559580608,0.0012205868899067829,0.0003973192907129868,0.0032930326916666636,1.6035134578839048,0.10105247649011702,-0.0006832433379428959,0.00011770560080329173,0.00011768346922600406,0.999624117365157,3.9127817778277207e-10,-0.0007363707032026159,0.003871317121198129,0.003871317121198129,0.176588601509783,1.0001880602044895,3.911311031103505e-10]"
/multi_agv/m2b_algorithm_state,1789558494.6070695,1789558494.6070695,m2b_algorithm_state_v1:header6+3x20,"[1.0,-0.15,0.52,1.6063403336667743,0.10099982472773135,1789558494.6069438,1.6048404640522669,0.1008628980736416,0.0036904376666666654,0.0015286212774623417,0.0009054705594382811,0.000466069399172572,0.004584685874999997,1.6053926105497216,0.10189025725352172,0.0005521464974547197,0.0010273591798801163,0.0010256830761705585,0.9967497309121401,3.479569275791935e-08,0.001715866197988958,-0.005048671173675209,-0.005048671173675209,0.1419121201608424,1.0016341341185189,3.4682597393357615e-08,1.6059953828045561,0.1012022952449259,0.002796189458333334,-0.0009582006251067461,0.00196167485786769,0.0006070049635876901,-0.0017884964166666626,1.6052365830125936,0.10098953478743562,-0.0007587997919624723,-0.00021276045749027417,-0.00021283268696367178,1.0006795204278693,-9.348133118125728e-10,-0.001161332426916762,0.003257092954621437,0.003257092954621437,0.12044336628878016,0.999660627911868,-9.354485365541937e-10,1.6051886266989777,0.1009346874526225,0.0036904376666666654,0.0013116283177145422,0.0012183773610646709,0.00039737055508595525,0.0032930326916666636,1.6045951470782909,0.10110041053658572,-0.0005934796206867876,0.0001657230839632179,0.00016567922814717515,0.9994710648313815,7.77109763877841e-10,-0.0005761702977113094,0.003283621778082037,0.003283621778082037,0.17662494823894528,1.0002647031648637,7.766987231938492e-10]"
/multi_agv/m2b_algorithm_state,1789558494.6170015,1789558494.6170015,m2b_algorithm_state_v1:header6+3x20,"[1.0,-0.15,0.52,1.6073346836551883,0.10099974813514491,1789558494.6169343,1.6058400201622969,0.1008627399309948,0.0036904376666666654,0.0015315227260275805,0.0009034848991970709,0.00046584458394982554,0.004584685874999997,1.606463712111306,0.10198381009114564,0.0006236919490090198,0.0011210701601508388,0.001119075746721478,0.9964570225076927,4.150885635751698e-08,0.0018986906829827528,-0.005741828524854803,-0.005741828524854803,0.14191496793154554,1.001782196991762,4.136179141371088e-08,1.6069933098082143,0.1012021991053812,0.002796189458333334,-0.0009551775307259881,0.0019589284243202165,0.0006071231329495691,-0.0017884964166666626,1.606240855263171,0.10098953478743562,-0.0007524545450432463,-0.00021266431794557394,-0.00021273648219875444,1.0006792135169988,-9.310223843845288e-10,-0.0011533046635028123,0.003231597207176423,0.003231597207176423,0.12044515464877058,0.9996607810168022,-9.316547473726312e-10,1.6061876710298115,0.10093453514681802,0.0036904376666666654,0.0013146640853931258,0.0012161368849255014,0.0003972200595271122,0.0032930326916666636,1.6055857391406143,0.1007763948199055,-0.0006019318891972159,-0.00015814032691252589,-0.00015818035905115372,1.000506588295265,7.094226733217425e-10,-0.0009105952205476736,0.004616582480379724,0.004616582480379724,0.17663050929694443,0.9997469209270483,7.097820585444429e-10]"
/multi_agv/m2b_algorithm_state,1789558494.6270561,1789558494.6270561,m2b_algorithm_state_v1:header6+3x20,"[1.0,-0.15,0.52,1.6083349272110243,0.10099966170712228,1789558494.6269736,1.606835086445598,0.10086267965213444,0.0036904376666666654,0.0015338576769460717,0.0009015617191616247,0.00046583282118747274,0.004584685874999997,1.6076639482708392,0.10088750542930731,0.0008288618252412228,2.482577717287382e-05,2.482479100543346e-05,0.9999205603842055,2.040251512172657e-11,0.0010609020725569618,-0.0022438501159728437,-0.0022438501159728437,0.1419337417535487,1.0000397251054456,2.040089435376406e-11,1.6079867414468436,0.10120209201074362,0.002796189458333334,-0.0009516603697254638,0.001956173374966008,0.0006070316267961368,-0.0017884964166666626,1.6070549761244353,0.09850220302162419,-0.0009317653224083511,-0.0026998889891194366,-0.002711740397348433,1.0088683489744716,-1.4975770582229035e-07,-0.003876447050358872,0.013879744396778797,0.013879744396778797,0.12045694388362012,0.9956295933635149,-1.510858094191387e-07,1.6071822230731232,0.10093447274255667,0.0036904376666666654,0.0013173047642336781,0.0012139316507688517,0.00039722248681265467,0.0032930326916666636,1.606805932592104,0.10086026594855747,-0.0003762904810191703,-7.420679399919305e-05,-7.42156031937543e-05,1.000237489328425,1.5651397495794517e-10,-0.0005445787044677171,0.0032834334192345096,0.0032834334192345096,0.17666717342311855,0.9998813026616757,1.5655114535674705e-10]"
/multi_agv/m2b_algorithm_state,1789558494.6375086,1789558494.6375086,m2b_algorithm_state_v1:header6+3x20,"[1.0,-0.15,0.52,1.6093337086617954,0.10099961401606013,1789558494.6373658,1.6078360353324346,0.10086255262790102,0.0036904376666666654,0.0015368107711743284,0.0008995741150352723,0.00046558663175103575,0.004584685874999997,1.6085535625410852,0.10001549965165782,0.0007175272086505924,-0.0008470529762431983,-0.0008482086118661847,1.0027373067364032,2.381215682375285e-08,4.8700398947055775e-05,0.001744558728203512,0.001744558728203512,0.14193162301704104,0.9986375573098181,2.3877338001034798e-08,1.608986079760503,0.10120207365799566,0.002796189458333334,-0.0009488726545445613,0.00195345764843613,0.0006072358526201249,-0.0017884964166666626,1.6081648227462686,0.09993266159155983,-0.0008212570142343001,-0.0012694120664358266,-0.0012720038792961954,1.0041030339218724,-3.29773740800581e-08,-0.0022985751470890707,0.0077429280777336126,0.0077429280777336126,0.12045561345158173,0.9979624174874349,-3.311268136456285e-08,1.608182666540135,0.10093435883547018,0.0036904376666666654,0.0013203470201408412,0.0012117023118195297,0.00039706338658546483,0.0032930326916666636,1.6078965335392323,0.1017571851413012,-0.00028613300090274407,0.0008228263058310259,0.0008217505248455409,0.9973932874273639,1.9275550568845512e-08,0.00046408427371711085,-0.0007032040690947974,-0.0007032040690947974,0.1766630354021637,1.0013091333110948,1.9225304748833218e-08]"
/multi_agv/m2b_algorithm_state,1789558494.6474078,1789558494.6474078,m2b_algorithm_state_v1:header6+3x20,"[1.0,-0.15,0.52,1.6103199506713175,0.1009996741771293,1789558494.6472385,1.608835520773968,0.1008624776350999,0.0036904376666666654,0.0015395221049196886,0.0008976120872427711,0.00046543193138370853,0.004584685874999997,1.6095289078664943,0.10007472444184773,0.0006933870925263097,-0.0007877531932521664,-0.0007887522417748238,1.0025439758054218,2.0630315296825644e-08,7.798162388306335e-05,0.0016170374156259538,0.0016170374156259538,0.14193468796127975,0.99873338106728,2.0682798319798992e-08,1.609983957937811,0.10120206958215797,0.002796189458333334,-0.000945922735542031,0.0019507478280467172,0.0006073666982935044,-0.0017884964166666626,1.609289626931226,0.10024791245602557,-0.0006943310065850028,-0.0009541571261323933,-0.0009556179749436403,1.0030730962872396,-1.8569709945537208e-08,-0.0018235317331748938,0.005933632615087761,0.005933632615087761,0.12045753804902429,0.9984713045907982,-1.8626776452225954e-08,1.6091816472736074,0.10093429483092253,0.0036904376666666654,0.001323215086976894,0.001209490553291715,0.0003969706455223196,0.0032930326916666636,1.6088957219684672,0.10118924818303797,-0.00028592530514015557,0.00025495335211543624,0.0002548496249812489,0.9991870881492374,1.8553710776662057e-09,-0.00010255700644394556,0.0015727978799838567,0.0015727978799838567,0.17666902144019203,1.0004070130932896,1.8538628245296086e-09]"
/multi_agv/m2b_algorithm_state,1789558494.6574798,1789558494.6574798,m2b_algorithm_state_v1:header6+3x20,"[1.0,-0.15,0.52,1.611315853222887,0.1009996983293953,1789558494.6573682,1.609822479955809,0.1008626192868985,0.0036904376666666654,0.0015407992931318767,0.0008958105496525534,0.0004658153897895837,0.004584685874999997,1.6103220706098496,0.10097725681540526,0.0004995906540405937,0.00011463752850675302,0.0001146165147024366,0.9996335455379906,4.369836600000672e-10,0.0007391048322531787,-0.0011356994069581794,-0.0011356994069581794,0.14195255947983804,1.0001833401091542,4.3682352538803496e-10,1.610969281284634,0.10120198008967361,0.002796189458333334,-0.0009415797878593096,0.0019479918399487595,0.0006069177376329532,-0.0017884964166666626,1.6102904935681144,0.10024791245602557,-0.0006787877165195244,-0.0009540676336480397,-0.0009555282092152252,1.0030728086478229,-1.8480991401340902e-08,-0.0018040128548646307,0.00586888155183715,0.00586888155183715,0.12046877792131507,0.9984714469409699,-1.8537779951539283e-08,1.61016809077351,0.10093442315481577,0.0036904376666666654,0.0013251007816041794,0.0012073605207577722,0.0003972612101062077,0.0032930326916666636,1.6098783780887396,0.10102960291488988,-0.0002897126847705156,9.517976007411555e-05,9.516528625298009e-05,0.9996959727135949,2.589797969809403e-10,-0.0002669755697101644,0.002230340604497199,0.002230340604497199,0.17670398717319713,1.0001520913949336,2.5890106005603045e-10]"
/multi_agv/m2b_algorithm_state,1789558494.6671734,1789558494.6671734,m2b_algorithm_state_v1:header6+3x20,"[1.0,-0.15,0.52,1.6123146953922294,0.1009997307171359,1789558494.667013,1.6108190840179513,0.10086262870277195,0.0036904376666666654,0.0015431652782622726,0.0008939010140614372,0.0004657830794442374,0.004584685874999997,1.6113473750374752,0.10053154094933747,0.0005282910195238966,-0.0003310877534344753,-0.0003312636255963242,1.0010637158348736,3.6517434929959134e-09,0.0003291001488085465,0.0005250683280920039,0.0005250683280920039,0.14195255275173818,0.9994690870102858,3.65562791037431e-09,1.6119642834623185,0.10120202129993039,0.002796189458333334,-0.000938456499626635,0.0019452907182944124,0.0006069689116053045,-0.0017884964166666626,1.6106065704398302,0.09842229091724668,-0.0013577130224882161,-0.002779730382683712,-0.0027923006573702643,1.0091388031918596,-1.5655160657458494e-07,-0.0044894419354805344,0.01607841684790913,0.01607841684790913,0.12046878182657314,0.995498237393107,-1.579823008964395e-07,1.6111641921883912,0.10093444498548353,0.0036904376666666654,0.0013276979230421536,0.0012051871198181519,0.0003972659522866887,0.0032930326916666636,1.61045554224061,0.100999123383795,-0.0007086499477813035,6.467839831147959e-05,6.467171314301142e-05,0.9997933301710856,1.1982704938191793e-10,-0.000821140721583618,0.004214306566132306,0.004214306566132306,0.1767040003295934,1.0001033708269547,1.1980228474612285e-10]"
/multi_agv/m2b_algorithm_state,1789558494.6770937,1789558494.6770937,m2b_algorithm_state_v1:header6+3x20,"[1.0,-0.15,0.52,1.6133098101161207,0.10099981383699323,1789558494.6770046,1.6118186204750944,0.10086261716711367,0.0036904376666666654,0.001545811134684352,0.0008919636377142212,0.00046564393923981793,0.004584685874999997,1.6122435181502255,0.0995379351775265,0.00042489767513109733,-0.0013246819895871703,-0.0013275184994696188,1.004303897831669,5.8597440905968997e-08,-0.0007963964055557472,0.004953040723354552,0.004953040723354552,0.14195255133397658,0.9978632991678973,5.884963830482554e-08,1.6129622340405223,0.1012021207062162,0.002796189458333334,-0.0009357106079596663,0.0019426159448787672,0.000607169967240917,-0.0017884964166666626,1.6115854014806392,0.09842229091724668,-0.0013768325598830788,-0.002779829788969526,-0.0027924009553917887,1.0091391280983333,-1.5610464477678823e-07,-0.004513441655245637,0.01616554233964615,0.01616554233964615,0.12046878267596198,0.9954980797446049,-1.575313051221481e-07,1.6121632316610714,0.10093445427807782,0.0036904376666666654,0.0013304697811977254,0.0012030068389663482,0.00039719854138350907,0.0032930326916666636,1.6114797566269308,0.10123207343912431,-0.0006834750341406792,0.00029761916104649455,0.0002974778578905669,0.9990515100936411,2.542097479733987e-09,-0.0005568659347852821,0.0031753741715331656,0.0031753741715331656,0.17670400320520963,1.0004750039445949,2.539686325933479e-09]"
/multi_agv/m2b_algorithm_state,1789558494.68724,1789558494.68724,m2b_algorithm_state_v1:header6+3x20,"[1.0,-0.15,0.52,1.6143011852113025,0.10099994607270245,1789558494.6871157,1.6128144311168253,0.1008626887430342,0.0036904376666666654,0.0015479797866263293,0.0008900799039205155,0.0004656837438017005,0.004584685874999997,1.6131761962336966,0.09898655874551991,0.0003617651168712488,-0.0018761299975142837,-0.0018818433085103063,1.0061334816672696,1.177474113898895e-07,-0.0014296369124212453,0.007427794794205189,0.007427794794205189,0.1419525431944419,0.9969639815545825,1.1846961297901784e-07,1.613956455573952,0.10120221261168814,0.002796189458333334,-0.0009325559233268983,0.001939936373494211,0.0006071963240847217,-0.0017884964166666626,1.6127272239385155,0.09998053763646286,-0.001229231635436534,-0.0012216749752252815,-0.0012240746509827073,1.0039466019626309,-3.0017518934642614e-08,-0.002760614195278375,0.009372409222962758,0.009372409222962758,0.12046878738387838,0.99803960015388,-3.013598613378338e-08,1.6131585436575846,0.10093454015625737,0.0036904376666666654,0.0013329075693379192,0.0012008576236090312,0.0003972597767150552,0.0032930326916666636,1.6125032281300378,0.10067078981193427,-0.0006553155275468292,-0.00026375034432310485,-0.00026386178803433755,1.0008459103088818,2.0008900701284825e-09,-0.0010830061974678742,0.005292549788871661,0.005292549788871661,0.17670401910000894,0.9995776436138671,2.0025826436657432e-09]"
/multi_agv/m2b_algorithm_state,1789558494.6971085,1789558494.6971085,m2b_algorithm_state_v1:header6+3x20,"[1.0,-0.15,0.52,1.6153007206873866,0.10100005181182596,1789558494.6969986,1.6138065038062406,0.10086283840581874,0.0036904376666666654,0.00154970538307701,0.0008882501460269142,0.0004658875177235176,0.004584685874999997,1.6143323083598522,0.10001648705559364,0.0005258045536116196,-0.0008463513502250941,-0.0008475050616527194,1.0027350072482681,2.3972147117505342e-08,-0.00019024936963819492,0.0026028372023496373,0.0026028372023496373,0.14195252834128075,0.9986386967112911,2.403771111362827e-08,1.6149469356307127,0.10120230084369031,0.002796189458333334,-0.0009290292261797603,0.0019372512582305212,0.00060706431296359,-0.0017884964166666626,1.6137253897340433,0.09998053763646286,-0.0012215458966693404,-0.0012217632072274442,-0.0012241632283625397,1.0039468862467111,-2.990830933052546e-08,-0.0027510955991992153,0.009342328832069327,0.009342328832069327,0.12046879604038993,0.9980394598698201,-3.002635402528449e-08,1.6141501161969543,0.10093469896859829,0.0036904376666666654,0.0013350305426674722,0.00119874025677188,0.0003974409047205064,0.0032930326916666636,1.613414131063002,0.10077440750833011,-0.0007359851339523438,-0.00016029146026817764,-0.00016033258947998447,1.0005134906194042,7.401458375282735e-10,-0.001080314006920414,0.005240048792119343,0.005240048792119343,0.17670404827875738,0.999743475659314,7.405258954728354e-10]"
/multi_agv/m2b_algorithm_state,1789558494.7070155,1789558494.7070155,m2b_algorithm_state_v1:header6+3x20,"[1.0,-0.15,0.52,1.61629384530659,0.10100022359812345,1789558494.706831,1.6148067227152114,0.10086288242096379,0.0036904376666666654,0.0015523214496474106,0.0008863299237987119,0.00046575236842299713,0.004584685874999997,1.6154070818255286,0.10074137620587514,0.0006003591103171946,-0.00012150621508864867,-0.00012152986448611127,1.0003894489304903,4.946704121960168e-10,0.000628919023410382,-0.0006247180270238782,-0.0006247180270238782,0.14195252814495052,0.9998054025850963,4.948630610589917e-10,1.6159455928903192,0.10120249999332183,0.002796189458333334,-0.000926514139139406,0.001934616608797901,0.0006073445444876313,-0.0017884964166666626,1.614706629882745,0.09918340628051056,-0.0012389630075742009,-0.002019093712811268,-0.002025687924945877,1.0065815244538057,-8.150521562252485e-08,-0.003574391684413628,0.012573093991894832,0.012573093991894832,0.12046879615112663,0.9967447048218028,-8.20416441922572e-08,1.6151498464566292,0.10093477302119223,0.0036904376666666654,0.0013377360912468629,0.001196587401192174,0.0003973879718281066,0.0032930326916666636,1.6144051287038776,0.10057306086015182,-0.0007447177527515336,-0.00036171216104041726,-0.00036192191744732305,1.001161379279472,3.777139669152445e-09,-0.00129281910838674,0.0060838991058979955,0.0060838991058979955,0.1767040486575167,0.9994204374015665,3.7815263608998705e-09]"
/multi_agv/m2b_algorithm_state,1789558494.7170868,1789558494.7170868,m2b_algorithm_state_v1:header6+3x20,"[1.0,-0.15,0.52,1.6172908146892537,0.1010003956537825,1789558494.7169528,1.6158005359577898,0.10086304941552494,0.0036904376666666654,0.0015541618770968193,0.000884496085856589,0.0004659084912085441,0.004584685874999997,1.6164288485388552,0.10062054423856956,0.0006283125810653267,-0.00024250517695538487,-0.00024259946581803857,1.0007783344189127,1.9729319633932506e-09,0.0005427912605136198,-0.0002620393613514385,-0.0002620393613514385,0.1419525164362542,0.9996113393641005,1.9744675642465327e-09,1.616937833515999,0.10120266384592463,0.002796189458333334,-0.0009232768435351391,0.0019319646282263125,0.0006073207434035,-0.0017884964166666626,1.6156987083334633,0.09918340628051056,-0.0012391251825356608,-0.002019257565414073,-0.0020258528414820475,1.0065820562650627,-8.123356192349069e-08,-0.0035747593196516236,0.012577692015766688,0.012577692015766688,0.12046880295251544,0.9967444446442864,-8.176824579868256e-08,1.6161431664459818,0.10093495753292082,0.0036904376666666654,0.0013399072632731585,0.0011944808603636557,0.0003975425773114268,0.0032930326916666636,1.615402306818025,0.10048885770863684,-0.0007408596279567803,-0.00044609982428397976,-0.0004464190724510026,1.001433693069603,5.754802100046827e-09,-0.001372493607396978,0.006404951797858964,0.006404951797858964,0.17670407159749113,0.9992848688895168,5.7630527199346014e-09]"
/multi_agv/m2b_algorithm_state,1789558494.727005,1789558494.727005,m2b_algorithm_state_v1:header6+3x20,"[1.0,-0.15,0.52,1.6182852296085428,0.10100060810446221,1789558494.7268255,1.6167981854959843,0.10086317722472994,0.0036904376666666654,0.001556405892385065,0.0008826244975977276,0.0004659093130586794,0.004584685874999997,1.617383047081925,0.09956836993463597,0.0005848615859407325,-0.0012948072900939717,-0.0012975166731188622,1.0042053881949595,5.6366640472141554e-08,-0.0005664396906929466,0.004138070330445669,0.004138070330445669,0.1419525116098687,0.9979118703589541,5.6603684076572626e-08,1.6179339290528312,0.10120289563445571,0.002796189458333334,-0.0009205444027965033,0.0019293430907323383,0.0006074999420196819,-0.0017884964166666626,1.616299654065653,0.0999502876478638,-0.0016342749871782747,-0.0012526079865919082,-0.001255131286649344,1.0040479066684358,-3.115095737859588e-08,-0.0032979750206221874,0.011296215322471973,0.011296215322471973,0.1204688057321485,0.9979896126530541,-3.127705354669686e-08,1.6171403295189457,0.1009351141021618,0.0036904376666666654,0.001342333854454918,0.0011923634267374753,0.0003975921360567405,0.0032930326916666636,1.6164359343302261,0.1012568226101185,-0.0007043951887195643,0.0003217085079566945,0.0003215434363757902,0.9989750281576159,2.9966932533036313e-09,-0.0005589505495236652,0.0031839536514028702,0.0031839536514028702,0.1767040809926065,1.0005133725718829,2.9936217270987326e-09]"
/multi_agv/m2b_algorithm_state,1789558494.7369316,1789558494.7369316,m2b_algorithm_state_v1:header6+3x20,"[1.0,-0.15,0.52,1.6192807015359492,0.10100083764556265,1789558494.7368028,1.6177932806099844,0.10086336598746434,0.0036904376666666654,0.001558320964345734,0.0008807926410210774,0.0004660320508867471,0.004584685874999997,1.6178546851290334,0.09990909783533615,6.140451904901312e-05,-0.0009542681521281932,-0.000955736018591994,1.0030874768168705,3.064681550488715e-08,-0.0008789803697807276,0.005096088443926028,0.005096088443926028,0.1419525021900133,0.9984641507327898,3.0741436837269394e-08,1.6189274703562466,0.10120313026637785,0.002796189458333334,-0.0009175528912452524,0.0019267222431111897,0.0006075664857469187,-0.0017884964166666626,1.6172940102019697,0.0999502876478638,-0.0016334601542769,-0.0012528426185140495,-0.0012553668604548117,1.004048662861365,-3.1061330133610794e-08,-0.0032971920533009366,0.011296534650269446,0.011296534650269446,0.12046881117388523,0.9979892396236685,-3.118708698734734e-08,1.6181349378593977,0.10093532805954444,0.0036904376666666654,0.0013445253200639277,0.0011902708362293134,0.0003977306895345564,0.0032930326916666636,1.6170719648583292,0.10191549901634057,-0.0010629730010685012,0.0009801709567961309,0.0009786462408732702,0.9969004050416316,2.7849905001590977e-08,-0.0003500700104623563,0.0021490993396314556,0.0021490993396314556,0.1767040993165775,1.0015579847540212,2.7763581576457006e-08]"
/multi_agv/m2b_algorithm_state,1789558494.7469099,1789558494.7469099,m2b_algorithm_state_v1:header6+3x20,"[1.0,-0.15,0.52,1.6202710913244223,0.10100112156922623,1789558494.746837,1.6187894279394082,0.10086355824199117,0.0036904376666666654,0.001560324420732295,0.0008789569679826582,0.0004661184635249557,0.004584685874999997,1.6189197634812384,0.100963472165237,0.00013033554183028428,9.991392324583404e-05,9.989795909505378e-05,0.9996805623603177,3.3615151414160614e-10,0.0002628173863829091,0.0005820149891761703,0.0005820149891761703,0.14195249466832902,1.0001598045738358,3.360441346953531e-10,1.619922074522194,0.10120340429146443,0.002796189458333334,-0.0009147368128762457,0.0019241189587353436,0.0006076999377053471,-0.0017884964166666626,1.6183831986579729,0.10048295224365053,-0.0015388758642211897,-0.000720452047813902,-0.0007212834318754104,1.0023142279898076,-1.0236315096918718e-08,-0.0026448782621518977,0.008773934020553934,0.008773934020553934,0.12046881551258155,0.9988473545561046,-1.0260004263828499e-08,1.6191306021462446,0.10093555040323235,0.0036904376666666654,0.0013467608624853126,0.0011881831195178832,0.0003978476028618839,0.0032930326916666636,1.617992115709637,0.10116426860656684,-0.001138486436607522,0.0002287182033344909,0.00022863471014614249,0.9992705337833138,1.5197648862714964e-09,-0.00119447333561326,0.0054875860455791126,0.0054875860455791126,0.17670411399690672,1.0003651815959835,1.5186562691296554e-09]"
/multi_agv/m2b_algorithm_state,1789558494.756949,1789558494.756949,m2b_algorithm_state_v1:header6+3x20,"[1.0,-0.15,0.52,1.6212701932653975,0.10100137426565059,1789558494.756886,1.6197804965527982,0.10086384643514297,0.0036904376666666654,0.0015617383635689683,0.0008771916509638265,0.00046642380833569156,0.004584685874999997,1.6201775487975805,0.10134126611090499,0.00039705224478225887,0.0004774196757620225,0.00047705621678745654,0.9984801466340617,7.679977105444464e-09,0.0009733715227652801,-0.0021147580729605846,-0.0021147580729605846,0.14192991668303534,1.000761878708999,7.668304666390425e-09,1.6209115926866302,0.1012036579601801,0.002796189458333334,-0.0009113895548925593,0.0019215040866240596,0.0006076091728615951,-0.0017884964166666626,1.6193872804867617,0.10048295224365053,-0.0015243121998684828,-0.0007207057165295738,-0.0007215376848952742,1.00231504155085,-1.0206030891774315e-08,-0.0026269279347308776,0.008713826459014178,0.008713826459014178,0.12045460801914924,0.9988469509173022,-1.022965827735803e-08,1.6201211847338381,0.10093586031235564,0.0036904376666666654,0.0013485842628972447,0.0011861348239739066,0.0003981226569768426,0.0032930326916666636,1.619045921980021,0.10163071649397148,-0.0010752627538170856,0.0006948561816158411,0.0006940882747300422,0.9977955412232241,1.404129916143769e-08,-0.0006499901675413147,0.0033483337258889863,0.0033483337258889863,0.17665991645415025,1.0011063533469102,1.4010345696263922e-08]"
/multi_agv/m2b_algorithm_state,1789558494.7669494,1789558494.7669494,m2b_algorithm_state_v1:header6+3x20,"[1.0,-0.15,0.52,1.6222643699091484,0.10100168057089126,1789558494.7668297,1.6207802621735157,0.10086401886912989,0.0036904376666666654,0.0015641094497055711,0.0008753302638230035,0.0004663642459411029,0.004584685874999997,1.6212166395371168,0.10139047314305717,0.000436377363601137,0.0005264542739272793,0.0005260124855486833,0.9983249814610988,9.352417789690314e-09,0.0010714841900501045,-0.002484073903319843,-0.002484073903319843,0.14192799066642364,1.0008398819243522,9.336752316509034e-09,1.6219098410035468,0.10120402722682545,0.002796189458333334,-0.0009091232817504688,0.0019189432144486318,0.0006079588835245786,-0.0017884964166666626,1.620546927350071,0.10057636199635703,-0.0013629136534758501,-0.0006276652304684216,-0.0006282958098472388,1.002014047298905,-7.721242997869833e-09,-0.0023319378766920515,0.007632637430194651,0.007632637430194651,0.12045339546744922,0.998996365455675,-7.736793946473881e-09,1.6211204766191294,0.10093607670099643,0.0036904376666666654,0.0013510343581453737,0.0011840489844467837,0.0003981455953118796,0.0032930326916666636,1.6204826001939976,0.10237225014229807,-0.0006378764251318003,0.001436173441301647,0.0014329113452840267,0.9954819238198718,6.00600276018006e-08,0.0006355658138692763,-0.0015658985619776905,-0.0015658985619776905,0.1766561448990839,1.0022765511825673,5.978867182171507e-08]"
/multi_agv/m2b_algorithm_state,1789558494.7769654,1789558494.7769654,m2b_algorithm_state_v1:header6+3x20,"[1.0,-0.15,0.52,1.623255012139376,0.10100203009137759,1789558494.776828,1.6217751056816339,0.10086428886772926,0.0036904376666666654,0.0015658735245020917,0.0008735373174749918,0.000466532196383207,0.004584685874999997,1.6221474780906906,0.10135257761419801,0.0003723724090567426,0.0004882887464687513,0.0004879085833632344,0.9984457460213121,8.054839157281202e-09,0.0009533740946841627,-0.0020445482737192285,-0.0020445482737192285,0.1419086298172784,1.000779168718239,8.042319891473306e-09,1.6229031606564024,0.10120437178651537,0.002796189458333334,-0.0009063028582605155,0.001916372241762332,0.0006080736468722925,-0.0017884964166666626,1.6215428161674654,0.1003870136341442,-0.0013603444889369598,-0.0008173581523711615,-0.0008184290017266188,1.002628353011637,-1.3054567459169225e-08,-0.0025188596128978185,0.008376438122539999,0.008376438122539999,0.1204412061262676,0.9986915794122665,-1.3088879470866151e-08,1.6221148433894086,0.10093638105842918,0.0036904376666666654,0.0013530648660342389,0.0011820010072807197,0.00039833071245272064,0.0032930326916666636,1.621523119952643,0.10235954113227931,-0.0005917234367656121,0.001423160073850127,0.0014199565243961894,0.9955222181128853,5.906565222280391e-08,0.0006803022284391743,-0.0017174659047392393,-0.0017174659047392393,0.17661823512300293,1.0022560898160597,5.8801169115130024e-08]"
/multi_agv/m2b_algorithm_state,1789558494.7869492,1789558494.7869492,m2b_algorithm_state_v1:header6+3x20,"[1.0,-0.15,0.52,1.6242588141106349,0.10100232071443148,1789558494.7868211,1.6227664161168178,0.10086462911867765,0.0036904376666666654,0.0015672284706272945,0.0008717961693041946,0.0004668505431532882,0.004584685874999997,1.6231754411580381,0.10161121520987802,0.00040902504122031225,0.0007465860912003741,0.0007456990838929628,0.9976305312049337,1.8843332903086853e-08,0.001256980385418353,-0.0032436297559485855,-0.0032436297559485855,0.1419007870175021,1.0011894976493476,1.8798684213777944e-08,1.6238929444678365,0.10120471032390004,0.002796189458333334,-0.0009031365167867537,0.0019137969853817438,0.0006080406975673136,-0.0017884964166666626,1.6226000203197253,0.10107853774972658,-0.0012929241481112186,-0.00012617257417345262,-0.00012619795841366455,1.0004025652010469,-3.098409524382706e-10,-0.0017423531435526878,0.005336202996027801,0.005336202996027801,0.12043624900039206,0.9997988537965986,-3.0996568362358146e-10,1.6231056758334734,0.10093675083155511,0.0036904376666666654,0.0013548042963730496,0.0011799839456583363,0.00039862591846785787,0.0032930326916666636,1.6225587840854476,0.10249460853851071,-0.0005468917480258018,0.001557857706955601,0.0015540229784793025,0.9951059451686562,7.085938208493596e-08,0.0008704082934470503,-0.0024566232265507255,-0.0024566232265507255,0.17660281829180702,1.0024676137543675,7.051259238369714e-08]"
/multi_agv/m2b_algorithm_state,1789558494.7969322,1789558494.7969322,m2b_algorithm_state_v1:header6+3x20,"[1.0,-0.15,0.52,1.625249465487119,0.1010027142719047,1789558494.7968163,1.6237708647876037,0.10086478633515694,0.0036904376666666654,0.0015700304160684007,0.0008699049176109411,0.0004666197576820044,0.004584685874999997,1.6239940769600223,0.10179958521227113,0.00022321217241860758,0.0009347988771141874,0.0009334102510468261,0.9970395305686081,2.9590394049517863e-08,0.0012124254665700856,-0.003170245401005064,-0.003170245401005064,0.141891473751449,1.0014876910402515,2.9502792592471422e-08,1.6248959136453411,0.10120520667123727,0.002796189458333334,-0.0009015622695883359,0.0019112986041187607,0.0006086578704173895,-0.0017884964166666626,1.623611977197475,0.10107853774972658,-0.001283936447866063,-0.00012666892151068365,-0.00012669450578494838,1.0004041484049835,-3.1173855937248315e-10,-0.0017316150656175272,0.005299886492924481,0.005299886492924481,0.12043040425656672,0.9997980632695458,-3.118645480140254e-10,1.6241096638989598,0.1009369691369002,0.0036904376666666654,0.0013575010331814347,0.0011779044569667609,0.00039853864604266894,0.0032930326916666636,1.6233172028242788,0.10265144665308942,-0.0007924610746810057,0.0017144775161892223,0.0017098384940889195,0.9946235357094867,8.598415718345102e-08,0.0007192621507376624,-0.001987022883558996,-0.001987022883558996,0.17658464778550906,1.0027131346711051,8.55218664328043e-08]"
/multi_agv/m2b_algorithm_state,1789558494.806961,1789558494.806961,m2b_algorithm_state_v1:header6+3x20,"[1.0,-0.15,0.52,1.6262508330407368,0.10100306356276974,1789558494.8068447,1.6247621773157888,0.10086516798949417,0.0036904376666666654,0.0015712855206252083,0.0008681815063115821,0.0004669721560119713,0.004584685874999997,1.6250527070971308,0.10232848593371735,0.00029052978134203045,0.0014633179442231775,0.0014599288095450004,0.9953935114202744,7.253887538100886e-08,0.0018230910362225384,-0.00559565311326884,-0.00559565311326884,0.14191793566648822,1.002321438316731,7.22047258799801e-08,1.6258857156913593,0.10120559176797898,0.002796189458333334,-0.0008984461010725815,0.0019087506127208886,0.0006086324882228905,-0.0017884964166666626,1.6243683967087605,0.10112069449536251,-0.0015173189825987698,-8.489727261647151e-05,-8.490876158531729e-05,1.0002707426244946,-1.3954705545482005e-10,-0.0019815574898337796,0.0061721580871959576,0.0061721580871959576,0.12044701832600804,0.9998646904202666,-1.3958483679085438e-10,1.625100503454209,0.1009373830582409,0.0036904376666666654,0.001359149817632316,0.0011759081787608879,0.00039886233311588887,0.0032930326916666636,1.6243200117244239,0.10228872087133989,-0.0007804917297851155,0.001351337813098985,0.001348447919213475,0.9957447787236396,5.349644204005136e-08,0.00037283325698208073,-0.0005814604785100376,-0.0005814604785100376,0.17663630475125883,1.00214312606689,5.326880284167295e-08]"
/multi_agv/m2b_algorithm_state,1789558494.817087,1789558494.817087,m2b_algorithm_state_v1:header6+3x20,"[1.0,-0.15,0.52,1.6272462717829341,0.10100347067707376,1789558494.8169158,1.6257641878663973,0.10086540303086829,0.0036904376666666654,0.0015737186654455671,0.0008663383892846262,0.00046687619229748823,0.004584685874999997,1.6260538493670325,0.10249409446804798,0.00028966150063514107,0.0016286914371796968,0.0016244982490770381,0.9948825769199305,8.99890670474832e-08,0.0019865751248709642,-0.006255792856772958,-0.006255792856772958,0.14191183347696867,1.002581220450709,8.952855491882049e-08,1.6268862555440327,0.10120611084090489,0.002796189458333334,-0.000896641427053267,0.001906267509887094,0.0006091418344054689,-0.0017884964166666626,1.6253750698062557,0.10112069449536251,-0.0015111857377769766,-8.541634554237731e-05,-8.542797539479596e-05,1.00027239767114,-1.40974664037179e-10,-0.001974410147616017,0.006148817895592685,0.006148817895592685,0.12044318623666846,0.9998638636539741,-1.4101306520735248e-10,1.626102055711781,0.10093767681653602,0.0036904376666666654,0.0013615740497890478,0.0011738637666518954,0.0003988749349137352,0.0032930326916666636,1.6253089572836845,0.10196946146795449,-0.0007930984280963838,0.0010317846514184686,0.0010300958440860627,0.9967392039878468,3.1249965132202187e-08,3.872280896558304e-05,0.0007577541153336422,0.0007577541153336422,0.1766243883983287,1.0016394662128787,3.114806537051918e-08]"
/multi_agv/m2b_algorithm_state,1789558494.827016,1789558494.827016,m2b_algorithm_state_v1:header6+3x20,"[1.0,-0.15,0.52,1.6282424667744106,0.10100389364512315,1789558494.8268452,1.6267602742179192,0.10086575099447236,0.0036904376666666654,0.0015754188470577506,0.0008645760545051835,0.00046705591643524634,0.004584685874999997,1.6272082300964918,0.10286438519047268,0.00044795587857260344,0.001998634196000326,0.0019923374636698797,0.9937466416864527,1.356213324441096e-07,0.002552282311885634,-0.0084538734188766,-0.0084538734188766,0.14192674667685753,1.0031604747916791,1.3477324365737586e-07,1.6278808616389573,0.10120659019344118,0.002796189458333334,-0.0008941438381350102,0.001903769568069258,0.0006093585491022957,-0.0017884964166666626,1.6264612944563712,0.10138129472424491,-0.0014195671825860678,0.00017470453080373205,0.00017465597472233696,0.9994445020404349,-5.879976389044369e-10,-0.0015998030035102478,0.0047100092775514265,0.0047100092775514265,0.12045255134396499,1.000278009850349,-5.876710074157964e-10,1.627097679491926,0.1009380708433077,0.0036904376666666654,0.0013634965396122352,0.0011718625018653402,0.00039908257708481335,0.0032930326916666636,1.6265329699531499,0.10279699687031137,-0.0005647095387761869,0.00185892602700366,0.0018534784228844208,0.994180233460456,1.0151830212374521e-07,0.0011475914994141872,-0.0035785306992819166,-0.0035785306992819166,0.17665351184607406,1.0029391246490809,1.0092748930589412e-07]"
/multi_agv/m2b_algorithm_state,1789558494.8368924,1789558494.8368924,m2b_algorithm_state_v1:header6+3x20,"[1.0,-0.15,0.52,1.6292324422744224,0.10100437342525607,1789558494.8367827,1.6277571122815222,0.10086610493700335,0.0036904376666666654,0.001577171265261594,0.000862814206847994,0.00046721274528741517,0.004584685874999997,1.628211998018448,0.10253964699746829,0.0004548857369257586,0.0016735420604649387,0.001669116294332448,0.9947443889613692,9.521850990712402e-08,0.0022377234654896465,-0.007170657639526833,-0.007170657639526833,0.14193898159801438,1.0026515624750167,9.471807845537417e-08,1.6288762296243768,0.10120710139814534,0.002796189458333334,-0.0008917772824370072,0.001901288549898128,0.0006096232590665773,-0.0017884964166666626,1.6276301783338687,0.10324863222866831,-0.0012460512905081433,0.0020415308305229696,0.0020349934782659374,0.9936452545676199,-7.997235778351683e-08,0.00047742936513075823,-0.003523210004706766,-0.003523210004706766,0.12046023413098272,1.0032124684068289,-7.946415380817535e-08,1.6280940584173333,0.10093847460022076,0.0036904376666666654,0.00136544021109087,0.0011698681878111739,0.00039927742279284193,0.0032930326916666636,1.6275850545953705,0.10314268991747026,-0.000509003821962839,0.0022042153172495,0.002196576063948479,0.9931263993291384,1.4290071048204838e-07,0.0015603212864949301,-0.005215313831500215,-0.005215313831500215,0.1766774073939228,1.0034778004852194,1.4191846806261238e-07]"
/multi_agv/m2b_algorithm_state,1789558494.8472025,1789558494.8472025,m2b_algorithm_state_v1:header6+3x20,"[1.0,-0.15,0.52,1.6302354617214885,0.10100479434683092,1789558494.8470452,1.6287477358922409,0.10086656821591268,0.0036904376666666654,0.0015782120769073644,0.0008611365530107658,0.00046763423036979266,0.004584685874999997,1.6292349051630262,0.10261334508001202,0.0004871692707852926,0.0017467768640993392,0.0017419579782199134,0.9945190093621618,1.037970640801079e-07,0.0023509195667015294,-0.0076092644699481595,-0.0076092644699481595,0.14195256401131137,1.0027663617261022,1.0322815334364973e-07,1.6298653723863614,0.10120757563150641,0.002796189458333334,-0.0008887410095322276,0.001898790335817413,0.0006096066187510213,-0.0017884964166666626,1.6286806225093255,0.10197808100275757,-0.0011847498770358733,0.0007705053712511595,0.0007695651654799723,0.9975666272086039,-1.1363189469188389e-08,-0.0007113721808148693,0.0012959255464187525,0.0012959255464187525,0.12046877529647691,1.001221736395255,-1.1335538593110586e-08,1.6290842185446646,0.10093897642834912,0.0036904376666666654,0.0013668913519811672,0.001167919464213186,0.00039966204521878516,0.0032930326916666636,1.6285846109978936,0.10289149866810071,-0.0004996075467709193,0.0019525222397515918,0.0019465165888315238,0.9938938063181776,1.122690640413174e-07,0.0013220071553678746,-0.004242495710156004,-0.004242495710156004,0.17670397832274837,1.003085332513746,1.1158352739180419e-07]"
/multi_agv/m2b_algorithm_state,1789558494.85708,1789558494.85708,m2b_algorithm_state_v1:header6+3x20,"[1.0,-0.15,0.52,1.631229597982566,0.10100528904486135,1789558494.8569138,1.62975138185485,0.10086684889810625,0.0036904376666666654,0.001580692523135726,0.0008593117591887182,0.00046750823396952686,0.004584685874999997,1.6303957276076657,0.10287092962197376,0.0006443457528158003,0.002004080723867513,0.0019977499815318927,0.9937300837527205,1.3681673156014819e-07,0.002803182172551643,-0.009348206238457644,-0.009348206238457644,0.14195257006710385,1.003168936250354,1.3595890211203953e-07,1.630867584817639,0.1012082068340937,0.002796189458333334,-0.0008872910928646644,0.0018963692884514938,0.0006102374617883294,-0.0017884964166666626,1.6296979314726479,0.10197808100275757,-0.001169653344991195,0.0007698741686638644,0.0007689355062578203,0.9975686240367738,-1.1326043997892664e-08,-0.0006931311749811735,0.001232723955201711,0.001232723955201711,0.12046877176416013,1.00122072969502,-1.1298506126757745e-08,1.6300874184919767,0.10093932730829283,0.0036904376666666654,0.0013692932044437668,0.0011659104187630052,0.000399665952738726,0.0032930326916666636,1.6296279224951826,0.10337547756361587,-0.00045949599679406816,0.0024361502553230385,0.002426835264393907,0.9924233222577382,1.7501731695314243e-07,0.0018524652684013218,-0.006367708872137948,-0.006367708872137948,0.1767039664270976,1.0038383284872274,1.7369126714327317e-07]"
/multi_agv/m2b_algorithm_state,1789558494.8673737,1789558494.8673737,m2b_algorithm_state_v1:header6+3x20,"[1.0,-0.15,0.52,1.6322247731639645,0.10100579623349,1789558494.8672535,1.6307461534078924,0.10086728646821802,0.0036904376666666654,0.0015821052263779146,0.0008576033391443521,0.00046778452441036946,0.004584685874999997,1.6314409296341543,0.10288820934090114,0.0006947762262619062,0.0020209228726831147,0.0020144861362268954,0.9936786436011668,1.3924830434857703e-07,0.002882956419054278,-0.00964025360739185,-0.00964025360739185,0.14195256015649393,1.003195224995827,1.3836806618885646e-07,1.6318609042396979,0.1012087652675362,0.002796189458333334,-0.0008847915603514499,0.001893918771395997,0.0006104286680245069,-0.0017884964166666626,1.6305380625813226,0.10092004974671598,-0.0013228416583752622,-0.00028871552082021523,-0.0002888485920499234,1.0009228210594925,-1.5895637623597617e-09,-0.0019424006650190012,0.006133461899666072,0.006133461899666072,0.12046877752705423,0.9995393045582679,-1.5910306452750734e-09,1.6310817363001073,0.10093981539882986,0.0036904376666666654,0.0013709701499066652,0.0011639605691902144,0.00039995328502254396,0.0032930326916666636,1.6308511019250005,0.10373724370457779,-0.00023063437510684182,0.0027974283057479316,0.0027851793439913684,0.9913356376349465,2.3099512171671193e-07,0.002496886375107816,-0.008849385942397512,-0.008849385942397512,0.1767039858108295,1.0043979077264766,2.289936962775987e-07]"
/multi_agv/m2b_algorithm_state,1789558494.8772027,1789558494.8772027,m2b_algorithm_state_v1:header6+3x20,"[1.0,-0.15,0.52,1.633215797728911,0.1010063460406211,1789558494.8770888,1.6317419589363897,0.10086772310939403,0.0036904376666666654,0.001583613758598819,0.0008558924239926206,0.0004680205754370166,0.004584685874999997,1.6323831813139549,0.10199042713413867,0.0006412223775651427,0.001122704024744639,0.0011207039533760216,0.9964521647057272,4.304483868517444e-08,0.00192223192533245,-0.005774418785796017,-0.005774418785796017,0.14195255215800331,1.0017846562980282,4.28921226872509e-08,1.6328552686516233,0.1012093582900275,0.002796189458333334,-0.0008824668217601852,0.0018914864629762107,0.0006106861696125315,-0.0017884964166666626,1.6315409701081678,0.10092004974671598,-0.0013142985434555499,-0.0002893085433115228,-0.0002894421612879874,1.000924715342231,-1.5919030658558794e-09,-0.0019323153406074246,0.0061002724024763815,0.0061002724024763815,0.12046878219263828,0.999538360355416,-1.5933751230442208e-09,1.6320770919038807,0.10094030730104844,0.0036904376666666654,0.0013726965923009904,0.0011620165887116897,0.0004002161100259585,0.0032930326916666636,1.631867524673501,0.10356682033775691,-0.0002095672303796814,0.0026265130367084666,0.0026157011704317,0.9918491403851397,2.039134208475536e-07,0.002353742132457098,-0.008251449416473674,-0.008251449416473674,0.1767040015686272,1.0041334485754665,2.0225135118063926e-07]"
/multi_agv/m2b_algorithm_state,1789558494.887325,1789558494.887325,m2b_algorithm_state_v1:header6+3x20,"[1.0,-0.15,0.52,1.634217130727892,0.10100685285256174,1789558494.8872437,1.6327336160752415,0.10086823592353567,0.0036904376666666654,0.0015846460261727028,0.0008542409934441772,0.0004684321250910086,0.004584685874999997,1.6333394201939457,0.10126638534102211,0.0006058041187042562,0.0003981494174864486,0.00039789649870210464,0.9987314375402564,5.419899617651427e-09,0.0011551516470824248,-0.0027013394202383303,-0.0027013394202383303,0.141952536661552,1.0006356396328417,5.413024136460896e-09,1.6338454800243396,0.1012099335107337,0.002796189458333334,-0.0008797151876063381,0.0018890468862855503,0.0006107624103377784,-0.0017884964166666626,1.6324706065041144,0.10225108204516634,-0.0013748735202252504,0.0010411485344326427,0.0010394353941595776,0.9967221110222417,-2.0532971185366093e-08,-0.0006791565061219855,0.0010700807275707243,0.0010700807275707243,0.12046879117554651,1.001648145024396,-2.0465666385436955e-08,1.6330682970871522,0.10094086868759394,0.0036904376666666654,0.001374088697519166,0.0011601068689291458,0.00040060603504293163,0.0032930326916666636,1.6329126591061758,0.10384977459786765,-0.00015563798097639747,0.002908905910273707,0.0028956726433697916,0.9910019814406119,2.5031800338081515e-07,0.002701125167149295,-0.00963307941977,-0.00963307941977,0.17670403187366768,1.0045700148234005,2.480656373406456e-07]"
/multi_agv/m2b_algorithm_state,1789558494.8973305,1789558494.8973305,m2b_algorithm_state_v1:header6+3x20,"[1.0,-0.15,0.52,1.6352125459480717,0.10100741358291913,1789558494.897225,1.6337355636681463,0.10086860738430826,0.0036904376666666654,0.0015868097403562817,0.0008524759711218792,0.00046841232870613835,0.004584685874999997,1.6342675762064331,0.10221556387351945,0.0005320125382868302,0.0013469564892111818,0.0013440825305491056,0.995754396770548,6.207267423352833e-08,0.002009098203407643,-0.006188127140679109,-0.006188127140679109,0.141952539689161,1.0021382307981506,6.180913828734174e-08,1.6348460213204665,0.1012106370432772,0.002796189458333334,-0.0008782265403948775,0.0018866717777235031,0.0006113525721463675,-0.0017884964166666626,1.6334896560231877,0.10225108204516634,-0.0013563652972787832,0.0010404450018891426,0.0010387341832925965,0.9967243310996248,-2.0470476790638854e-08,-0.0006567224383058825,0.0009919496554846754,0.0009919496554846754,0.12046878943212261,1.0016470225242065,-2.0403422286439904e-08,1.6340698071950632,0.10094131413009975,0.0036904376666666654,0.0013762248876893137,0.0011581524778603754,0.0004006966680205901,0.0032930326916666636,1.6338182600541178,0.10457655555748466,-0.0002515471409454406,0.0036352414273849026,0.003614688398545308,0.9888485597983186,3.9131868790129937e-07,0.003300254472363507,-0.012141680330385908,-0.012141680330385908,0.17670402598511112,1.0056859752690899,3.869549209533676e-07]"
/multi_agv/m2b_algorithm_state,1789558494.9073076,1789558494.9073076,m2b_algorithm_state_v1:header6+3x20,"[1.0,-0.15,0.52,1.6362041324839762,0.10100801388553404,1789558494.907171,1.6347315981607664,0.1008690880971516,0.0036904376666666654,0.0015882477082929283,0.0008507915155337993,0.00046866520404467975,0.004584685874999997,1.6353512225098454,0.10266253813870277,0.0006196243490790287,0.0017934500415511673,0.001788372165697848,0.9943757436448724,1.1010869690529221e-07,0.0025629026020466336,-0.008379099103068105,-0.008379099103068105,0.14195253212434594,1.0028393843019459,1.094894173669678e-07,1.6358406398234138,0.10121129673347586,0.002796189458333334,-0.0008760432322244952,0.001884281626026496,0.0006116494516701793,-0.0017884964166666626,1.6343892300411853,0.10120339722658206,-0.0014514097822284633,-7.899506893796482e-06,-7.899606298570692e-06,1.0000251680880456,-1.1779634956648645e-12,-0.0018221618340841497,0.005596004825625873,0.005596004825625873,0.12046879385559987,0.9999874164900816,-1.177993142753838e-12,1.6350653998600346,0.10094185591812993,0.0036904376666666654,0.0013778655666756238,0.0011562409499970118,0.0004009797882211885,0.0032930326916666636,1.6348429787754928,0.10399991372394034,-0.00022242108454184617,0.0030580578058104074,0.0030434494420086976,0.9905568871469733,2.7737340464893657e-07,0.00276542308633139,-0.009933218079894739,-0.009933218079894739,0.17670404088638114,1.0047999364142772,2.7475413628640843e-07]"
/multi_agv/m2b_algorithm_state,1789558494.917199,1789558494.917199,m2b_algorithm_state_v1:header6+3x20,"[1.0,-0.15,0.52,1.6371997578594204,0.10100860723681247,1789558494.9170945,1.6357238057669505,0.10086963941826721,0.0036904376666666654,0.0015892440269589425,0.0008491627269813667,0.0004690805595086413,0.004584685874999997,1.636341661751453,0.10214051464568914,0.00061785598450248,0.0012708752274219332,0.0012683153274675371,0.9959907939191567,5.534609236499387e-08,0.0020406353080956374,-0.006261731439400734,-0.006261731439400734,0.14195251763575464,1.002018346620085,5.512419847493322e-08,1.6368314277466338,0.10121194010485803,0.002796189458333334,-0.0008734662738512297,0.0018818857879725481,0.0006117786579719481,-0.0017884964166666626,1.6353981854061075,0.10120339722658206,-0.0014332423405263306,-8.542878275966115e-06,-8.542994531610486e-06,1.0000272178520728,-1.3735985359293996e-12,-0.0018000959201895238,0.005520524911714904,0.005520524911714904,0.12046880224640287,0.9999863916986086,-1.373635922331158e-12,1.6360571639383445,0.10094246213347689,0.0036904376666666654,0.0013791958438177832,0.0011543618486889676,0.00040138058754659103,0.0032930326916666636,1.6357838067119477,0.10294816976455892,-0.0002733572263968753,0.0020057076310820293,0.0019993731972051906,0.9937315799195332,1.1952842616512613e-07,0.0016576766642090964,-0.0054552864272321925,-0.0054552864272321925,0.17670406919501166,1.0031682098598167,1.1877917177836606e-07]"
/multi_agv/m2b_algorithm_state,1789558494.9271472,1789558494.9271472,m2b_algorithm_state_v1:header6+3x20,"[1.0,-0.15,0.52,1.6381957705792758,0.10100921528662231,1789558494.9270332,1.636720043016676,0.10087014198548405,0.0036904376666666654,0.0015906821639154272,0.000847496063773167,0.00046932410745240377,0.004584685874999997,1.6372277157670074,0.10086789723301127,0.0005076727503314782,-2.2447524727770007e-06,-2.2447605363374678e-06,1.000007184425753,1.7298427144707525e-13,0.0006323461773780103,-0.0006531186897203562,-0.0006531186897203562,0.1419525103798775,0.9999964078304405,1.729855142397299e-13,1.637826265552405,0.10121264835970138,0.002796189458333334,-0.0008714262421618425,0.001879523078954115,0.0006121233686667699,-0.0017884964166666626,1.6366328832110444,0.10262431327450806,-0.0011933823413605715,0.0014116649148066818,0.0014085244395625712,0.9955744859337361,-3.738142746704931e-08,-8.32034871381432e-05,-0.0012126274394132128,-0.0012126274394132128,0.12046880642615308,1.0022296206980164,-3.721599543397686e-08,1.6370529650091799,0.10094303136525194,0.0036904376666666654,0.0013808067196802065,0.0011524728716839853,0.0004016648967786313,0.0032930326916666636,1.6369238201830403,0.10380429789310162,-0.00012914482613957112,0.002861266527849682,0.002848458904342599,0.9911447772221992,2.4337666088941007e-07,0.002687027871668135,-0.009552435096236595,-0.009552435096236595,0.1767040833381945,1.004496334311707,2.412215063383171e-07]"
/multi_agv/m2b_algorithm_state,1789558494.9371688,1789558494.9371688,m2b_algorithm_state_v1:header6+3x20,"[1.0,-0.15,0.52,1.6391917142769898,0.10100984042167382,1789558494.937049,1.6377166634295373,0.10087065345626403,0.0036904376666666654,0.0015921324373851424,0.0008458346365621595,0.000469559671519154,0.004584685874999997,1.6382151839518502,0.10155078416924608,0.0004985205223129174,0.0006801307129820494,0.0006793942773382366,0.9978399913246214,1.5886868022914613e-08,0.0013025449302293834,-0.003349780838268715,-0.003349780838268715,0.1419525038498296,1.0010839591506393,1.5852552250160523e-08,1.6388214959816967,0.10121338041568917,0.002796189458333334,-0.0008694682139446961,0.0018771762072626874,0.0006124953872006095,-0.0017884964166666626,1.6376589426462687,0.10262431327450806,-0.0011625533354280293,0.0014109328588188946,0.0014077956537038793,0.9955767881315316,-3.7258656133467206e-08,-4.5396015581157306e-05,-0.0013452184651290484,-0.0013452184651290484,0.12046881020850128,1.0022284520532234,-3.709385320345447e-08,1.6380491523265934,0.1009436119879137,0.0036904376666666654,0.001382413454710147,0.0011505931447664325,0.0004019461896881621,0.0032930326916666636,1.6380040926655548,0.1039622990580133,-4.5059661038626686e-05,0.003018687070099599,0.003004448519748074,0.9906744817316997,2.711754044031124e-07,0.0029481239434497905,-0.010564694642969327,-0.010564694642969327,0.17670409608267149,1.0047391560407628,2.6864655321543743e-07]"
/multi_agv/m2b_algorithm_state,1789558494.9472034,1789558494.9472034,m2b_algorithm_state_v1:header6+3x20,"[1.0,-0.15,0.52,1.6401879921030744,0.10101047998122199,1789558494.9470983,1.6387132112733727,0.10087118063970231,0.0036904376666666654,0.0015935424950846793,0.0008441839097625518,0.000469807101744282,0.004584685874999997,1.639308889065637,0.10259306701083487,0.0005956777922644374,0.001721886371132561,0.0017172032501642984,0.994595917614103,1.0183949798385711e-07,0.0024618004904948454,-0.007977895257349675,-0.007977895257349675,0.14195249717913128,1.002727179189659,1.0128914894661396e-07,1.6398166619321657,0.10121413094583419,0.002796189458333334,-0.0008675361534139945,0.0018748429655279786,0.0006128715724810774,-0.0017884964166666626,1.6385148696448584,0.10067839633380457,-0.0013017922873073129,-0.0005357346120296175,-0.0005361936221748134,1.0017170397371613,-5.367196864067954e-09,-0.0021634339813089544,0.007038683527420008,0.007038683527420008,0.12046881405913779,0.9991439470254528,-5.376412554360726e-09,1.6390452696254307,0.10094420967948499,0.0036904376666666654,0.0013839812946790844,0.0011487251163805785,0.0004022382571421839,0.0032930326916666636,1.6389296248925287,0.10259602708188167,-0.00011564473290204269,0.0016518174023966853,0.0016475096547578043,0.9948168448296112,8.137192675270595e-08,0.001502953738630251,-0.004729735422651029,-0.004729735422651029,0.17670410908912856,1.0026147025156669,8.095016342983316e-08]"
/multi_agv/m2b_algorithm_state,1789558494.9571228,1789558494.9571228,m2b_algorithm_state_v1:header6+3x20,"[1.0,-0.15,0.52,1.6411837874812634,0.10101113838585452,1789558494.9570484,1.6397100891218883,0.10087171723164318,0.0036904376666666654,0.0015949574101878643,0.0008425391201565264,0.00047004933852221866,0.004584685874999997,1.6402953288660977,0.10257807474329525,0.0005852397442094315,0.0017063575116520735,0.0017017579723796646,0.9946437463264544,1.001006001139923e-07,0.002433307652641454,-0.007867188280954002,-0.007867188280954002,0.14195249111778138,1.0027028163505396,9.956443590690761e-08,1.6408121672404619,0.10121490370230198,0.002796189458333334,-0.0008656769148127838,0.00187252541216254,0.0006132711632399063,-0.0017884964166666626,1.6396240507102784,0.10152089304718608,-0.0011881165301834695,0.0003059893448841,0.0003058405569316773,0.9990286214065703,-1.7461092038621034e-09,-0.0011793051057976595,0.0031875589513554207,0.0031875589513554207,0.12046881756265011,1.0004864886263463,-1.7444130707596812e-09,1.6400417199468729,0.10094481900972087,0.0036904376666666654,0.0013855405335848887,0.0011468666368051224,0.0004025290861996069,0.0032930326916666636,1.63990462404191,0.10205996483248893,-0.0001370959049629139,0.00111514582276806,0.0011131745373570531,0.9964794328943973,3.71425888429971e-08,0.0009418046561534108,-0.0024746429122398535,-0.0024746429122398535,0.17670412095003762,1.00177086821954,3.701182586649952e-08]"
/multi_agv/m2b_algorithm_state,1789558494.967322,1789558494.967322,m2b_algorithm_state_v1:header6+3x20,"[1.0,-0.15,0.52,1.6421855170010329,0.10101177842394898,1789558494.967082,1.6407064815561925,0.10087227523010513,0.0036904376666666654,0.0015962862086585437,0.0008409100310411417,0.00047032073661728007,0.004584685874999997,1.6412699199253462,0.1015897764540213,0.0005634383691537348,0.0007175012239161727,0.0007166818857070167,0.9977223232127279,1.7726192747215363e-08,0.0014209798471491852,-0.0037846411134701973,-0.0037846411134701973,0.14194207992048732,1.001143238339766,1.7685818209468318e-08,1.6418071939652454,0.10121568982855156,0.002796189458333334,-0.000863793692104803,0.001870219451946209,0.0006136543280911011,-0.0017884964166666626,1.6408724460405815,0.10301884369721956,-0.00093474792466397,0.0018031538686680004,0.0017980454046339627,0.9943726131867041,-6.043753845932913e-08,0.0006296104988040001,-0.003928949965863375,-0.003928949965863375,0.12046226538187821,1.0028411207085606,-6.009743305237503e-08,1.6410376869223522,0.10094545009890689,0.0036904376666666654,0.0013870303904289292,0.0011450221145025592,0.0004028427296862143,0.0032930326916666636,1.6410471449427064,0.10354681532533767,9.45802035423604e-06,0.002601365226430785,0.002590758127784963,0.9919254284686158,2.0211510833294033e-07,0.002602580653227758,-0.009116279895765727,-0.009116279895765727,0.17668373642812815,1.0040942064533407,2.0048311543313252e-07]"
/multi_agv/m2b_algorithm_state,1789558494.9771187,1789558494.9771187,m2b_algorithm_state_v1:header6+3x20,"[1.0,-0.15,0.52,1.643181954099144,0.101012465455787,1789558494.976991,1.6417087959082917,0.10087275949252908,0.0036904376666666654,0.0015982349839630179,0.0008392198970395,0.0004703551554028375,0.004584685874999997,1.6421610742106694,0.10090103782937669,0.0004522783023777066,2.827833684761194e-05,2.827705751837353e-05,0.9999095284290884,2.7581638074829474e-11,0.0005936249354905068,-0.0005220721294400938,-0.0005220721294400938,0.14194945840617565,1.0000452426578534,2.757914272070453e-11,1.6428081697358026,0.10121655400112146,0.002796189458333334,-0.0008626314025382696,0.0018679582043086285,0.0006143267315174561,-0.0017884964166666626,1.641905213966381,0.10301884369721956,-0.0009029557694215651,0.0018022896960980944,0.001797186154022309,0.9943753210644353,-6.029817750666515e-08,0.0006684914422453525,-0.004066284621218733,-0.004066284621218733,0.12046691038142689,1.0028397403710034,-5.995901961779047e-08,1.6420395853590048,0.1009460217781964,0.0036904376666666654,0.0013889250097726758,0.0011431567620650233,0.0004029917614364318,0.0032930326916666636,1.6421065108139623,0.1029119467105278,6.692545495745605e-05,0.0019659249323314004,0.001959837750390016,0.9938534222213365,1.1564541317856225e-07,0.002043494569086836,-0.006805708429914465,-0.006805708429914465,0.1766981873849444,1.0031059621849683,1.1493458965171454e-07]"
/multi_agv/m2b_algorithm_state,1789558494.98711,1789558494.98711,m2b_algorithm_state_v1:header6+3x20,"[1.0,-0.15,0.52,1.6441769997582494,0.10101317546065965,1789558494.9870074,1.6427058217538102,0.10087334108421497,0.0036904376666666654,0.001599528744628226,0.0008376027532177579,0.00047063552790029245,0.004584685874999997,1.6431732281104292,0.10140465555528368,0.00046740635661901564,0.0005313144710687029,0.0005308645610948965,0.998309824052984,9.74115882157157e-09,0.001115122506868666,-0.0026061217375721846,-0.0026061217375721846,0.1419380953524613,1.0008475042539635,9.724694549235287e-09,1.6438038489969162,0.10121737640692402,0.002796189458333334,-0.0008608400793572247,0.001865684693317382,0.0006147328534110569,-0.0017884964166666626,1.6425812143110778,0.10100153895691623,-0.0012226346858383863,-0.00021583745000779142,-0.00021591177036500096,1.0006892313907652,-8.642383652235754e-10,-0.0017442051276629839,0.005423404235624459,0.005423404235624459,0.12045975694402951,0.9996557836699504,-8.64834025433991e-10,1.6430361915467049,0.10094667887622201,0.0036904376666666654,0.0013903731423082501,0.0011413305394016643,0.000403313972447921,0.0032930326916666636,1.6429534193694015,0.1010961507970207,-8.27721773033474e-05,0.00014947192079868554,0.00014943624584861376,0.9995229228065464,6.700962371041844e-10,4.5971024219429506e-05,0.0011597941884944347,0.0011597941884944347,0.17667593299825265,1.000238730234885,6.69776549472043e-10]"
/multi_agv/m2b_algorithm_state,1789558494.9972017,1789558494.9972017,m2b_algorithm_state_v1:header6+3x20,"[1.0,-0.15,0.52,1.6451736325904414,0.10101389095939949,1789558494.9970706,1.643701454544036,0.10087395611425448,0.0036904376666666654,0.0016006414689808354,0.0008360124050827977,0.0004709804339567134,0.004584685874999997,1.6442319772691385,0.101979426031682,0.0005305227251024558,0.0011054699174275207,0.0011035306901501633,0.9965062372402045,4.218151395381858e-08,0.001766684096528233,-0.005194815952697333,-0.005194815952697333,0.14192180811468844,1.0017572934714607,4.203414175121494e-08,1.644798139052391,0.10121820235888121,0.002796189458333334,-0.0008589223407830305,0.0018634178824250558,0.0006150806946646631,-0.0017884964166666626,1.6435869116828534,0.10100153895691623,-0.001211227369537493,-0.00021666340196498102,-0.00021673829184995508,1.0006918676480803,-8.689225700834585e-10,-0.0017307725037718213,0.0053780258763265355,0.0053780258763265355,0.12044950310488484,0.9996544686020414,-8.69523749498386e-10,1.6440314056783207,0.10094736790884327,0.0036904376666666654,0.0013916878241003517,0.0011395233542051417,0.00040368412638122435,0.0032930326916666636,1.6438904822432487,0.10119905732512356,-0.00014092343507199345,0.0002516894162802874,0.0002515883433525169,0.9991976072093312,1.9016276423674914e-09,7.543404951252508e-05,0.0010103045478531505,0.0010103045478531505,0.1766440383951526,1.0004017393112241,1.9001017900567194e-09]"
/multi_agv/m2b_algorithm_state,1789558495.0071907,1789558495.0071907,m2b_algorithm_state_v1:header6+3x20,"[1.0,-0.15,0.52,1.6461652415945018,0.1010146491754485,1789558495.00708,1.6446986686160858,0.10087455941063149,0.0036904376666666654,0.0016019082269520314,0.0008344135662960101,0.00047126299003153425,0.004584685874999997,1.6452653044934507,0.10183133751704633,0.0005666358773648295,0.0009567781064148406,0.0009553238471645132,0.9969710807499236,3.162568640339904e-08,0.00166361869387055,-0.0047558027866039,-0.0047558027866039,0.14191114225229956,1.0015222683434981,3.1529894753054904e-08,1.6457940235569144,0.10121906292841534,0.002796189458333334,-0.0008572323615980877,0.0018611728994188947,0.0006155159070475869,-0.0017884964166666626,1.6448232333709847,0.10274515607552798,-0.0009707901859297152,0.0015260931471126338,0.0015224264119308333,0.9952224154469373,-4.297081076038087e-08,0.0003089386795186893,-0.0026498233379016016,-0.0026498233379016016,0.12044278795741264,1.0024084810622473,-4.2765514078659494e-08,1.645028205598324,0.10094805053915161,0.0036904376666666654,0.0013930929934704546,0.0011377194260500222,0.0004040133640009053,0.0032930326916666636,1.6450195493427402,0.10180559097108868,-8.656255583883166e-06,0.0008575404319370733,0.0008563724872088827,0.9972848879309792,2.2087850783263414e-08,0.0008455521677290288,-0.002004680309661504,-0.002004680309661504,0.17662315425570696,1.0013638279436057,2.2027879793023048e-08]"
/multi_agv/m2b_algorithm_state,1789558495.0174098,1789558495.0174098,m2b_algorithm_state_v1:header6+3x20,"[1.0,-0.15,0.52,1.6471613114633297,0.10101539550274251,1789558495.0172315,1.645690862452783,0.10087524844487619,0.0036904376666666654,0.0016026001402097722,0.0008328844291677572,0.0004717584603487282,0.004584685874999997,1.6461925166164724,0.10101884446592119,0.0005016541636893024,0.00014359602104499491,0.00014356306258048561,0.9995412044345494,7.13085001530665e-10,0.0007706307671921136,-0.0011991849860784492,-0.0011991849860784492,0.14189484585066137,1.0002295748218022,7.127578412941734e-10,1.6467848802543774,0.10121988960064583,0.002796189458333334,-0.0008549978032314533,0.0018589159796258414,0.0006157212755920072,-0.0017884964166666626,1.6459332354825622,0.10321802975528371,-0.0008516447718152076,0.0019981401546378813,0.001991876767993518,0.9937783216981936,-7.344750930693154e-08,0.0009273208032245083,-0.005074662874534609,-0.005074662874534609,0.12043251775779226,1.0031444649312682,-7.299054253195488e-08,1.646019982076346,0.10094880948082346,0.0036904376666666654,0.0013941007516846435,0.0011359539303827052,0.00040449487147069946,0.0032930326916666636,1.6460105588571228,0.10085400257175614,-9.423219223148038e-06,-9.480690906732425e-05,-9.482128752647631e-05,1.0003034294135063,2.7035304194448154e-10,-0.00010660031155541136,0.0018150540350633402,0.0018150540350633402,0.17659121783274417,0.9998483625404472,2.7043507500943837e-10]"
/multi_agv/m2b_algorithm_state,1789558495.0272138,1789558495.0272138,m2b_algorithm_state_v1:header6+3x20,"[1.0,-0.15,0.52,1.6481626905139306,0.10101612570797487,1789558495.0270574,1.6466875071621674,0.10087588015645714,0.0036904376666666654,0.001603783497466879,0.0008313131819907664,0.000472062815610133,0.004584685874999997,1.6472572962121272,0.1013573776633922,0.0005697890499598568,0.00048149750693506077,0.0004811278840285202,0.9984674852067175,8.021572290104023e-09,0.0011933641964783411,-0.0028569108019441554,-0.0028569108019441554,0.14190751861310286,1.0007682425376092,8.009279111904053e-09,1.6477802098332472,0.10122078270526784,0.002796189458333334,-0.0008533485689470894,0.00185669510975206,0.0006161616075760212,-0.0017884964166666626,1.6467622475562913,0.1021799393852569,-0.0010179622769559415,0.0009591566799890539,0.0009577020504500576,0.9969778753588342,-1.6904176476939418e-08,-0.00031475079574486934,-0.00016512454452599905,-0.00016512454452599905,0.12044047651799769,1.001518874829925,-1.6853089948669844e-08,1.647016217394575,0.10094952364650252,0.0036904376666666654,0.001395422754264131,0.0011341770236667943,0.0004048461034976132,0.0032930326916666636,1.64693712286218,0.10050596223538617,-7.909453239496322e-05,-0.0004435614111163444,-0.00044387696844785273,1.0014252146117013,5.924816873266469e-09,-0.0005427451339415567,0.003518430265078919,0.003518430265078919,0.1766159626625431,0.9992890882971203,5.933261008845903e-09]"
/multi_agv/m2b_algorithm_state,1789558495.037185,1789558495.037185,m2b_algorithm_state_v1:header6+3x20,"[1.0,-0.15,0.52,1.6491586517550532,0.10101690115963119,1789558495.0370727,1.6476894495909902,0.10087644630525024,0.0036904376666666654,0.001605518096608915,0.0008296888476921889,0.0004721558457888599,0.004584685874999997,1.6483486303623276,0.10215256744698685,0.0006591807713374198,0.0012761211417366136,0.0012735404050987654,0.995974856996958,5.6373408523378094e-08,0.00209751636927054,-0.006450803893680385,-0.006450803893680385,0.1419013765988972,1.0020264269806565,5.614649749250259e-08,1.6487808626163414,0.10122174576986152,0.002796189458333334,-0.0008523455932196566,0.0018545163072321014,0.0006168601856599704,-0.0017884964166666626,1.6477791333212186,0.1021799393852569,-0.0010017292951227663,0.0009581936153953696,0.0009567419138941399,0.996980916247714,-1.685035644921913e-08,-0.00029541970500931796,-0.0002325461400285219,-0.0002325461400285219,0.12043661926325962,1.001517338667981,-1.6799483811843065e-08,1.6480177593344605,0.10095018504881284,0.0036904376666666654,0.0013971037686047439,0.0011323831302338279,0.000405050555529743,0.0032930326916666636,1.6479186708118387,0.10028810795535685,-9.908852262174861e-05,-0.00066207709345599,-0.0006627812991697222,1.0021325705086674,1.3218188010227695e-08,-0.0007866419524469079,0.004480360237440152,0.004480360237440152,0.17660396951474422,0.9989374991198237,1.3246376728156327e-08]"
/multi_agv/m2b_algorithm_state,1789558495.0471528,1789558495.0471528,m2b_algorithm_state_v1:header6+3x20,"[1.0,-0.15,0.52,1.6501527394379238,0.10101770019187051,1789558495.0470037,1.6486859783997543,0.10087710900279252,0.0036904376666666654,0.0016065914082879344,0.0008281387737067102,0.0004724968880277985,0.004584685874999997,1.6494229895148624,0.1025496568340502,0.0007370111151081549,0.0016725478312576841,0.0016681279489422726,0.9947482385391576,9.687464802703542e-08,0.002589391842827466,-0.008396515148346705,-0.008396515148346705,0.14191443557845815,1.0026496062956167,9.636588548399436e-08,1.6497760931505538,0.10122266369455206,0.002796189458333334,-0.00085070106593644,0.0018523241865022744,0.0006172876047625953,-0.0017884964166666626,1.6491966975609715,0.10278659706086683,-0.00057939558958231,0.0015639333663147736,0.0015600838332473378,0.9951063065757323,-4.4782380059527165e-08,0.0008358393462694503,-0.004541367143222397,-0.004541367143222397,0.1204448203394439,1.0024675167996728,-4.45632288207068e-08,1.6490138837148511,0.100950930781549,0.0036904376666666654,0.0013983346737993,0.001130628825967173,0.00040542951800897004,0.0032930326916666636,1.6489403942113334,0.10050245034705763,-7.348950351770966e-05,-0.00044848043449137454,-0.00044880303544016394,1.0014410728260228,6.06957688342834e-09,-0.000540664914837301,0.0035161424182465514,0.0035161424182465514,0.17662946972099275,0.9992811970434358,6.078323585740504e-09]"
/multi_agv/m2b_algorithm_state,1789558495.0570953,1789558495.0570953,m2b_algorithm_state_v1:header6+3x20,"[1.0,-0.15,0.52,1.6511491004574592,0.10101849902739957,1789558495.0569737,1.6496806327488804,0.10087780980490266,0.0036904376666666654,0.0016074384239572943,0.0008266212250133795,0.0004729191016139469,0.004584685874999997,1.6505070339784058,0.10099344224261733,0.0008264012295253753,0.00011563243771467446,0.00011561106212290391,0.9996304451039125,4.6379759061831255e-10,0.001148612599029623,-0.0025238680033862113,-0.0025238680033862113,0.14193413925452575,1.000184892270498,4.63626191947906e-10,1.650769451483841,0.10122357867773214,0.002796189458333334,-0.0008488778632714075,0.0018501361377509795,0.0006176354575849474,-0.0017884964166666626,1.6502231815657826,0.10278659706086683,-0.0005462699180582842,0.00156301838313469,0.0015591733743025517,0.9951091796613856,-4.4633973960372675e-08,0.0008763359767296965,-0.004683668584714575,-0.004683668584714575,0.12045719348585213,1.0024660559855045,-4.4415677212734097e-08,1.6500081340810504,0.10095171209297668,0.0036904376666666654,0.0013994020120409105,0.0011288961955673313,0.00040586810613859594,0.0032930326916666636,1.6501844161526626,0.09956828422357283,0.00017628207161224374,-0.001383427869403847,-0.001386519208469252,1.0044923745760355,5.783531280433776e-08,-0.0011661666189539473,0.006138408524695157,0.006138408524695157,0.1766679497789115,0.9977704318508377,5.809513069317702e-08]"
/multi_agv/m2b_algorithm_state,1789558495.067104,1789558495.067104,m2b_algorithm_state_v1:header6+3x20,"[1.0,-0.15,0.52,1.6521499890206075,0.10101928525395139,1789558495.0670004,1.65067755350173,0.10087848647330608,0.0036904376666666654,0.0016085231514797326,0.0008250873572801963,0.00047324676638280105,0.004584685874999997,1.6514086173700533,0.10001175476482663,0.0007310638683233339,-0.0008667317084794512,-0.000867941583405831,1.0028009224541756,2.6093228203684243e-08,4.5888251998336374e-05,0.0018350396772360022,0.0018350396772360022,0.14194578669149382,0.9986060410636943,2.6166313312461873e-08,1.6517650916393767,0.10122453435880063,0.002796189458333334,-0.0008473682416404839,0.0018479735457528346,0.0006181059942032135,-0.0017884964166666626,1.6513602491661654,0.10340792909254715,-0.0004048424732112643,0.002183394733746513,0.002175927090289598,0.9932163041071728,-8.690161432430055e-08,0.0016698739987755177,-0.007809677162945409,-0.007809677162945409,0.1204645071550236,1.0034319364330913,-8.631210020012873e-08,1.6510046562312706,0.10095247625009197,0.0036904376666666654,0.0014006156900777016,0.0011271635407914104,0.0004062432752798377,0.0032930326916666636,1.6510951820335915,0.09902531476447567,9.052580232093987e-05,-0.0019271614856163077,-0.0019331848951381614,1.0062963756910417,1.1236989490328571e-07,-0.0018200276422369866,0.008678462684533322,0.008678462684533322,0.17669069914134336,0.9968842041250155,1.1307741797795967e-07]"
/multi_agv/m2b_algorithm_state,1789558495.0771604,1789558495.0771604,m2b_algorithm_state_v1:header6+3x20,"[1.0,-0.15,0.52,1.653145394414097,0.10102011544167215,1789558495.077016,1.6516789914269219,0.10087910827119557,0.0036904376666666654,0.0016100740038588997,0.0008235100509703212,0.0004733949817539828,0.004584685874999997,1.6523785010738516,0.10006636813360847,0.0006995096469297746,-0.0008127401375871007,-0.0008138035317395158,1.0026248225971688,2.2964816760262057e-08,6.0583526922702424e-05,0.0017603813214800107,0.0017603813214800107,0.1419413804533909,0.9986933035911727,2.3025095330234234e-08,1.6527652720666002,0.1012255509253337,0.002796189458333334,-0.0008464130993353024,0.0018458491379782505,0.0006187970141469101,-0.0017884964166666626,1.6523944005324174,0.10340792909254715,-0.00037087153418280394,0.00218237816721345,0.0021749175217196954,0.9932194780998692,-8.672251142077969e-08,0.0017113281039911905,-0.007956518445626849,-0.007956518445626849,0.1204617404095799,1.0034303119172332,-8.613448753285674e-08,1.6520057035683002,0.1009531965653249,0.0036904376666666654,0.0014021313883157568,0.001125418369137033,0.0004064940427558625,0.0032930326916666636,1.652113665543254,0.09932843075574649,0.00010796197495377413,-0.0016247658095784184,-0.0016290374573696609,1.0052903177553012,7.99421092884561e-08,-0.0014940849886774432,0.007402320220602606,0.007402320220602606,0.17668209276363347,0.9973778087348956,8.036502844862105e-08]"
/multi_agv/m2b_algorithm_state,1789558495.08708,1789558495.08708,m2b_algorithm_state_v1:header6+3x20,"[1.0,-0.15,0.52,1.6541415843777616,0.10102095313962063,1789558495.0869932,1.6526749505580156,0.10087982539776046,0.0036904376666666654,0.0016109651284068566,0.0008220076678457033,0.0004737901883843595,0.004584685874999997,1.6534555164360791,0.10148737361785594,0.0007805658780635216,0.0006075482200954829,0.0006069603305230793,0.9980691546378526,1.2827034007730237e-08,0.0015826676781024813,-0.0042935416718109815,-0.0042935416718109815,0.141952572527561,1.000968579893676,1.2802266988606304e-08,1.653759964620036,0.10122652091770074,0.002796189458333334,-0.0008448144213439104,0.0018437106178172957,0.0006192164280857948,-0.0017884964166666626,1.652748687510647,0.10306475460484839,-0.001011277109389086,0.001838233687147653,0.0018329267182447399,0.9942662809467222,-6.142726079001602e-08,0.0005688303315083824,-0.0037090464555935136,-0.0037090464555935136,0.12046877030242778,1.0028953524710444,-6.107505413443365e-08,1.6530012680642392,0.10095400000955522,0.0036904376666666654,0.0014031978844290575,0.001123713055876597,0.00040691878750118496,0.0032930326916666636,1.6532475175580257,0.09967223004079145,0.00024624949378648786,-0.0012817699687637657,-0.0012844215687882559,1.0041573711161242,4.977853543357794e-08,-0.000976609701555146,0.005428560982266004,0.005428560982266004,0.17670396151594744,0.9979355687502259,4.998548327899246e-08]"
/multi_agv/m2b_algorithm_state,1789558495.0970595,1789558495.0970595,m2b_algorithm_state_v1:header6+3x20,"[1.0,-0.15,0.52,1.6551369745984672,0.10102180700042322,1789558495.0969527,1.6536716894860033,0.10088054037015982,0.0036904376666666654,0.0016119250108385138,0.0008205065796006656,0.00047415491825112635,0.004584685874999997,1.654133268394498,0.10125514690065615,0.0004615789084947419,0.00037460653049632697,0.0003743826353824299,0.9988063287017823,4.880282860742778e-09,0.0009513562710008574,-0.0019386609548608172,-0.0019386609548608172,0.14195256633338005,1.0005980381907091,4.8744574071647255e-09,1.6547554477010635,0.10122751439617365,0.002796189458333334,-0.0008433477591634157,0.0018415899699057992,0.0006196837696590823,-0.0017884964166666626,1.6537762652729795,0.10306475460484839,-0.0009791824280840355,0.0018372402086747341,0.0018319390063363608,0.9942693925486309,-6.12541209359016e-08,0.0006079609712313163,-0.003846926163932672,-0.003846926163932672,0.12046877392856499,1.0028937657422203,-6.090309761403926e-08,1.653997615946218,0.1009548046525284,0.0036904376666666654,0.0014042985181020175,0.0011220154883069388,0.000407324706393067,0.0032930326916666636,1.6537269187209402,0.09879869559257065,-0.0002706972252777273,-0.0021561090599577504,-0.002163661405187547,1.007062317734612,1.4104480013274798e-07,-0.002502032936784706,0.011180592430394857,0.011180592430394857,0.17670397371311725,0.996509460670838,1.4204090332610029e-07]"
/multi_agv/m2b_algorithm_state,1789558495.107015,1789558495.107015,m2b_algorithm_state_v1:header6+3x20,"[1.0,-0.15,0.52,1.6561323092415217,0.10102267246540704,1789558495.1068876,1.6546676262128968,0.10088127674260375,0.0036904376666666654,0.001612775622240928,0.0008190253532645016,0.0004745566812440562,0.004584685874999997,1.6550444824366575,0.09941753973721047,0.00037685622376071315,-0.0014637370053932758,-0.0014672030394692382,1.0047619498025973,7.464530648411415e-08,-0.0009961327597683468,0.0057858988036659335,0.0057858988036659335,0.1419525587153825,0.9976376588769771,7.5000763686591e-08,1.6557501342683583,0.10122851395556866,0.002796189458333334,-0.0008418229438051953,0.0018394790096729619,0.0006201208654363494,-0.0017884964166666626,1.6549071694892548,0.10402417240927828,-0.0008429647791035055,0.002795658453709618,0.0027834729516609145,0.9913751939859876,-1.4147265593708394e-07,0.0017297669777815326,-0.008310878992283572,-0.008310878992283572,0.12046877837386022,1.0043778050875012,-1.4025248172333946e-07,1.6549931633141468,0.10095563030309722,0.0036904376666666654,0.0014053148213633115,0.0011203338509230502,0.0004077588929365253,0.0032930326916666636,1.6546774092000196,0.09874360697524119,-0.0003157541141272091,-0.0022120233278560275,-0.0022199757159414362,1.0072499370549108,1.4856744062729676e-07,-0.0026146683586004476,0.011601235560224658,0.011601235560224658,0.17670398872637857,0.9964178040199703,1.4964454522025388e-07]"
/multi_agv/m2b_algorithm_state,1789558495.1170588,1789558495.1170588,m2b_algorithm_state_v1:header6+3x20,"[1.0,-0.15,0.52,1.6571282589540057,0.10102354557802111,1789558495.1169314,1.6556635038129965,0.10088202269789251,0.0036904376666666654,0.001613604073429194,0.0008175552727257337,0.00047496225242560884,0.004584685874999997,1.655856621826369,0.09814139002232575,0.00019311801337251744,-0.002740632675566762,-0.00275290063069819,1.0090447554770476,2.620401586329579e-07,-0.002511503113982543,0.01166261580989433,0.01166261580989433,0.1419525509666488,0.9955436258778739,2.6441024779295976e-07,1.6567447697561961,0.10122952771505261,0.002796189458333334,-0.000840332287580316,0.0018373815440235752,0.0006205657489367217,-0.0017884964166666626,1.6559474411723092,0.10402417240927828,-0.0007973285838869248,0.002794644694225662,0.002782468102897264,0.9913783414330499,-1.4111919699780887e-07,0.0017858073730386077,-0.00850977399634159,-0.00850977399634159,0.12046878288730925,1.0043761836176017,-1.399025154640516e-07,1.655988654155372,0.100956466983276,0.0036904376666666654,0.0014063046489485062,0.0011186643640073166,0.0004081982356595676,0.0032930326916666636,1.655737315680552,0.0995369137969374,-0.000251338474820173,-0.0014195531863386013,-0.0014228087585026322,1.0046112659597703,6.11957689591153e-08,-0.0017369818520278485,0.008176926986260538,0.008176926986260538,0.17670400388151106,0.99771186946624,6.147795892539845e-08]"
/multi_agv/m2b_algorithm_state,1789558495.1271975,1789558495.1271975,m2b_algorithm_state_v1:header6+3x20,"[1.0,-0.15,0.52,1.6581343815471572,0.1010243731735535,1789558495.1271129,1.6566599919277447,0.10088276834345425,0.0036904376666666654,0.0016144831203779657,0.0008160884232520258,0.0004753442121898598,0.004584685874999997,1.6568377122800035,0.09835965882827477,0.00017772035225882554,-0.002523109515179478,-0.0025334902707531888,1.0083065111159741,2.221834289521125e-07,-0.002311339830429657,0.010870453539257278,0.010870453539257278,0.14195254435407145,0.9959025871567194,2.2402899807448847e-07,1.6577400260192223,0.10123056218497395,0.002796189458333334,-0.0008389525797032156,0.0018353011956497856,0.0006210498208585463,-0.0017884964166666626,1.6567122682644457,0.10383296141187873,-0.0010277577547765926,0.002602399226904778,0.002591824994332624,0.9919538344838249,-1.221878707206982e-07,0.0013071278008618833,-0.006701653278688011,-0.006701653278688011,0.12046878674478516,1.0040798404966678,-1.2120472688881046e-07,1.6569847589150501,0.1009573062056351,0.0036904376666666654,0.0014073169740765413,0.001117003495393799,0.0004086233440686506,0.0032930326916666636,1.656660125225116,0.0988469594907607,-0.00032463368993407293,-0.0021103467148744087,-0.002117579141179212,1.0069086396850568,1.3540588762062668e-07,-0.0025233712535968032,0.011239979579516838,0.011239979579516838,0.1767040169095807,0.9965845780381196,1.363413581094329e-07]"
/multi_agv/m2b_algorithm_state,1789558495.1369705,1789558495.1369705,m2b_algorithm_state_v1:header6+3x20,"[1.0,-0.15,0.52,1.659120567247423,0.1010253227935487,1789558495.1368606,1.6576666338846375,0.10088337478449196,0.0036904376666666654,0.0016164531384337145,0.0008145113947062737,0.00047531059476032774,0.004584685874999997,1.6580138706887735,0.09961235223601358,0.00034723680413595304,-0.0012710225484783705,-0.0012736321316403232,1.004125915952912,5.640415414518206e-08,-0.0008395861264703819,0.005152920029579698,0.005152920029579698,0.14195255594712236,0.9979510699383881,5.6636872944580165e-08,1.658745478268203,0.1012317150644114,0.002796189458333334,-0.000838790594798482,0.0018332901631370468,0.0006220256725736895,-0.0017884964166666626,1.6577463571327544,0.10383296141187873,-0.000999121135448533,0.0026012463474673203,0.002590681555571432,0.9919574200664116,-1.220555264136262e-07,0.0013417801362607656,-0.006825072431590865,-0.006825072431590865,0.12046877998646283,1.0040779971097444,-1.2107388508610839e-07,1.6579910324886313,0.10095802967175717,0.0036904376666666654,0.0014090501181241214,0.0011153007261727743,0.00040875780380008817,0.0032930326916666636,1.657585694294146,0.09815734550646762,-0.00040533819448529407,-0.0028006841652895437,-0.002813488400253397,1.0092398211741287,2.388845804637166e-07,-0.0033201611433600147,0.014324266579879187,0.014324266579879187,0.17670399411375784,0.9954489824935122,2.4109183126845806e-07]"
/multi_agv/m2b_algorithm_state,1789558495.1471138,1789558495.1471138,m2b_algorithm_state_v1:header6+3x20,"[1.0,-0.15,0.52,1.660115193129197,0.10102623505588633,1789558495.146948,1.658653364914913,0.10088428818451887,0.0036904376666666654,0.0016161635707121606,0.0008131780181892087,0.0004761296709342998,0.004584685874999997,1.6590296767648476,0.0989765551305215,0.0003763118499344742,-0.0019077330539973708,-0.0019136401598155689,1.006237215710091,1.2710028990209502e-07,-0.0014432503473974761,0.007557433235504623,0.007557433235504623,0.14195253177202904,0.9969131574774395,1.2789304182702948e-07,1.6597309632925619,0.10123266544408394,0.002796189458333334,-0.0008362733656426492,0.001831188135416939,0.0006220279516057359,-0.0017884964166666626,1.6587986824089633,0.10380417067934061,-0.0009322808835985352,0.002571505235256677,0.0025611784457485963,0.9920467683267822,-1.1892464368329662e-07,0.0013958273412504273,-0.007002060167144594,-0.007002060167144594,0.12046879402049139,1.0040320460783287,-1.1797880844042848e-07,1.6589773735347937,0.10095901475204326,0.0036904376666666654,0.0014092672047669188,0.0011137118806912377,0.0004094901508069496,0.0032930326916666636,1.6586563669229828,0.09933053620524775,-0.0003210066118108923,-0.0016284785467955143,-0.001632769523995483,1.0053022154290105,8.071461763721274e-08,-0.0020340277887590983,0.009316597292030885,0.009316597292030885,0.17670404148137595,0.9973719639318914,8.114258392819546e-08]"
/multi_agv/m2b_algorithm_state,1789558495.1570203,1789558495.1570203,m2b_algorithm_state_v1:header6+3x20,"[1.0,-0.15,0.52,1.6611103826311522,0.10102715407777614,1789558495.1569483,1.6596485202633022,0.10088507923413632,0.0036904376666666654,0.0016168378805127299,0.0008117580599520829,0.00047657598520141613,0.004584685874999997,1.6600655506632087,0.09784005898945292,0.0004170303999064817,-0.003045020244683408,-0.003060198626385981,1.0100832227143397,3.2418704099099647e-07,-0.0025389106265028788,0.011886278935199697,0.011886278935199697,0.14195252277718898,0.9950400664938215,3.274558911264115e-07,1.660724907273463,0.10123372561781083,0.002796189458333334,-0.0008348421705461364,0.001829142432797859,0.0006224716857735069,-0.0017884964166666626,1.659987073316163,0.10387148442951734,-0.0007378339572998716,0.0026377588117065115,0.0026268986648210267,0.9918481666832754,-1.2491066841318557e-07,0.0017046062181961872,-0.008138235622120113,-0.008138235622120113,0.12046879927232872,1.0041342085368277,-1.238924174648006e-07,1.6599721518508257,0.10095990031571182,0.0036904376666666654,0.0014101101914435993,0.0011120931003573142,0.00040996676837407693,0.0032930326916666636,1.6597662755306568,0.100618660267779,-0.00020587632016888513,-0.00034124004793281704,-0.0003414266407219852,1.0010950235030223,3.54309600266528e-09,-0.0005987720409330916,0.0036865508677785745,0.0036865508677785745,0.17670405915891932,0.9994534908325443,3.5469757760616627e-09]"
/multi_agv/m2b_algorithm_state,1789558495.1671278,1789558495.1671278,m2b_algorithm_state_v1:header6+3x20,"[1.0,-0.15,0.52,1.6621123145775052,0.10102804590675,1789558495.1670177,1.6606442347386308,0.10088586923093099,0.0036904376666666654,0.001617562809045635,0.0008103419243481896,0.0004769983703815147,0.004584685874999997,1.6609467282122066,0.09673043922183555,0.00030249347357580447,-0.004155430009095434,-0.004183932863273606,1.0139318936094306,6.044306050118865e-07,-0.0038058160213038502,0.01676575576449025,0.01676575576449025,0.1419525147550621,0.9931875450420421,6.128514678951958e-07,1.6617194204839336,0.1012348053715364,0.002796189458333334,-0.0008335198995077899,0.0018271135583445286,0.0006229538812807522,-0.0017884964166666626,1.6610520999140916,0.10404949795303212,-0.0006673205698419782,0.00281469258149572,0.0028023434353414423,0.9913191183596737,-1.4198507328835652e-07,0.0019681927230389695,-0.009166349907720014,-0.009166349907720014,0.12046880391051991,1.004406721174335,-1.4075251767244724e-07,1.660967492670892,0.10096078763086105,0.0036904376666666654,0.0014109757328718436,0.0011104832987860252,0.0004104289393283946,0.0032930326916666636,1.6610118087506887,0.10031540956721828,4.431607979671348e-05,-0.0006453780636427736,-0.0006460470143931503,1.0020780940464775,1.2683754631297216e-08,-0.0005906519146472584,0.003792758606165652,0.003792758606165652,0.1767040748025371,0.9989645478804587,1.2710112666283497e-08]"
/multi_agv/m2b_algorithm_state,1789558495.1771803,1789558495.1771803,m2b_algorithm_state_v1:header6+3x20,"[1.0,-0.15,0.52,1.6631095620178902,0.10102897435293812,1789558495.177039,1.661646677766913,0.10088656923160615,0.0036904376666666654,0.0016190053901210593,0.0008088568406033666,0.00047714554891075637,0.004584685874999997,1.6620062336663588,0.09803971653916152,0.000359555899445807,-0.0028468526924446264,-0.002860099782051062,1.0094059284991057,2.8370589685379156e-07,-0.0024106549077438032,0.011357099511801683,0.011357099511801683,0.1419525188605831,0.9953683120814283,2.8637441423437297e-07,1.6627206930555005,0.10123596754335687,0.002796189458333334,-0.00083301715135168,0.0018251354339857695,0.0006237649098206205,-0.0017884964166666626,1.662089262916549,0.10404949795303212,-0.0006314301389516164,0.0028135304096752467,0.0028011915462701382,0.9913227256509672,-1.4178165029670306e-07,0.002011903872580618,-0.009321974774051204,-0.009321974774051204,0.12046880152557199,1.0044048624313242,-1.4055137201941995e-07,1.6619695729101023,0.10096160094528697,0.0036904376666666654,0.0014123115788191986,0.0011088501706587274,0.000410699387311292,0.0032930326916666636,1.6619630224931952,0.09957817298190563,-6.550416907113998e-06,-0.0013834279633813396,-0.0013865188923500341,1.0044917797794262,5.8366190643566107e-08,-0.0013947069134839266,0.006958605002357668,0.006958605002357668,0.17670406676953027,0.9977707271168473,5.862835871850101e-08]"
/multi_agv/m2b_algorithm_state,1789558495.1871848,1789558495.1871848,m2b_algorithm_state_v1:header6+3x20,"[1.0,-0.15,0.52,1.6641070691888968,0.10102991098813956,1789558495.1869717,1.6626444396295204,0.1008873515829301,0.0036904376666666654,0.0016198687654645897,0.0008074366576953811,0.0004775100291358079,0.004584685874999997,1.663090833969004,0.09907513798996283,0.00044639433948368,-0.0018122135929672656,-0.0018175399288161784,1.0059183200210886,1.1494516908810734e-07,-0.0012595470044615784,0.006872600871647986,0.006872600871647986,0.1419525145510722,0.9970694806950503,1.156254513836489e-07,1.6637172777123534,0.10123708611180526,0.002796189458333334,-0.0008319469202450261,0.00182314708338982,0.0006243352766014537,-0.0017884964166666626,1.6628898543202217,0.10298120296559429,-0.0008274233921317098,0.0017441168537890295,0.0017393366777519648,0.994554780827295,-5.4457074715078746e-08,0.0007050574375873275,-0.004139258436977093,-0.004139258436977093,0.12046880402302279,1.0027482753041481,-5.416054400775077e-08,1.6629669687117967,0.10096248536407898,0.0036904376666666654,0.0014132551236255729,0.0011072518728712294,0.0004111217638441591,0.0032930326916666636,1.66289928554083,0.09914784488333779,-6.768317096672583e-05,-0.0018146404807411892,-0.0018199758130128033,1.0059204603662795,1.005179922248441e-07,-0.0019045797767212106,0.008941960351548754,0.008941960351548754,0.1767040751716069,0.9970684597930002,1.0111310501390927e-07]"
/multi_agv/m2b_algorithm_state,1789558495.1970766,1789558495.1970766,m2b_algorithm_state_v1:header6+3x20,"[1.0,-0.15,0.52,1.665102303102592,0.10103086933115753,1789558495.196922,1.6636424571667336,0.10088813905492067,0.0036904376666666654,0.0016207322133202822,0.0008060237632491855,0.00047787068701270186,0.004584685874999997,1.6639296955963534,0.09926136324834416,0.00028723842961975166,-0.0016267758065765109,-0.0016310618332779762,1.0053015935309515,9.266231367011708e-08,-0.0012720137962532866,0.0068380032690502435,0.0068380032690502435,0.1419525107234161,0.9973722475665736,9.315357159283356e-08,1.664714127302344,0.101238217695834,0.002796189458333334,-0.0008309288224378508,0.0018211743403415692,0.0006249201230834056,-0.0017884964166666626,1.6639188992428968,0.10298120296559429,-0.0007952280594472061,0.001742985269760286,0.0017382113270589753,0.9945583275142975,-5.4319642454340516e-08,0.0007441762527499677,-0.004277433703145583,-0.004277433703145583,0.12046880625501916,1.0027464685260037,-5.4024052750563536e-08,1.6639646230976128,0.10096337621366394,0.0036904376666666654,0.0014141896327235508,0.0011056637133595396,0.00041154278370611214,0.0032930326916666636,1.6640047223082854,0.10071876801530961,4.0099210672606134e-05,-0.00024460819835432634,-0.000244704001537624,1.0007840422798462,1.8256741466323172e-09,-0.00019457998819686636,0.0022143321639530055,0.0022143321639530055,0.1767040827462285,0.9996084935975885,1.8271055523524991e-09]"
/multi_agv/m2b_algorithm_state,1789558495.2070727,1789558495.2070727,m2b_algorithm_state_v1:header6+3x20,"[1.0,-0.15,0.52,1.6660999106044647,0.10103182348283056,1789558495.206938,1.6646382012379604,0.10088896803810411,0.0036904376666666654,0.0016213205549718925,0.0008046477410989183,0.0004783314121598989,0.004584685874999997,1.6648871347625707,0.09839807420930616,0.0002489335246103064,-0.002490893828797955,-0.0025010079024015736,1.008196812432064,2.1745211377139724e-07,-0.0021898409966386906,0.010436597339189758,0.010436597339189758,0.14195250277252539,0.9959560009410978,2.1923452796093722e-07,1.6657087042308347,0.10123933565118423,0.002796189458333334,-0.0008296683032232906,0.0018192033847281852,0.0006253989600801257,-0.0017884964166666626,1.6650409629068652,0.10391784630582364,-0.0006677413239695174,0.002678510654639407,0.002667316676039668,0.9917267284051889,-1.2799463314417117e-07,0.0018326400210777714,-0.008611275446450167,-0.008611275446450167,0.12046881084274175,1.0041967190098926,-1.2693569878149124e-07,1.664960003838981,0.10096430430418422,0.0036904376666666654,0.001414931033272177,0.0011040987092392988,0.0004120354635838246,0.0032930326916666636,1.6651904709285066,0.10101778621098646,0.00023046708952567663,5.348190680223852e-05,5.347733729615012e-05,0.9998291540465761,8.730313096073804e-11,0.0003415611992032459,0.00017808717253565932,0.00017808717253565932,0.17670409824560113,1.0000854475244925,8.728821557409217e-11]"
/multi_agv/m2b_algorithm_state,1789558495.2169762,1789558495.2169762,m2b_algorithm_state_v1:header6+3x20,"[1.0,-0.15,0.52,1.6670952637880727,0.10103279873568342,1789558495.2169068,1.6656363116769974,0.10088976912322292,0.0036904376666666654,0.0016221549190048447,0.0008032545352262494,0.00047869443592161434,0.004584685874999997,1.665850648576615,0.09851774619045049,0.00021433689961747326,-0.00237202293277243,-0.0023811864238576313,1.007795156168832,1.9727808729988916e-07,-0.0021132652993357897,0.010118720219324619,0.010118720219324619,0.1419524991085677,0.9961517120233048,1.9881590079908027e-07,1.6667056636403927,0.10124049024443789,0.002796189458333334,-0.000828722379032705,0.001817259107784075,0.0006260002848220148,-0.0017884964166666626,1.6660785997486736,0.10391784630582364,-0.0006270638917191818,0.0026773560613857494,0.0026661718095498618,0.9917303164003505,-1.277379442135684e-07,0.0018823419449008846,-0.008787856296841052,-0.008787856296841052,0.12046881297075726,1.0041948728869712,-1.266815918312525e-07,1.665957756496004,0.10096521108083084,0.0036904376666666654,0.0014158263392478922,0.0011025333731581105,0.0004124616050193309,0.0032930326916666636,1.6661518952598657,0.09990632629186671,0.000194138763861762,-0.0010588847889641262,-0.001060691092486128,1.0034253174908954,3.427062024985936e-08,-0.0008180176376589255,0.0047836025828123,0.0047836025828123,0.17670410540218903,0.9982970503525507,3.4388008004825036e-08]"
/multi_agv/m2b_algorithm_state,1789558495.2270253,1789558495.2270253,m2b_algorithm_state_v1:header6+3x20,"[1.0,-0.15,0.52,1.6680918618548024,0.10103377547225582,1789558495.2268515,1.666632167575032,0.10089061112490641,0.0036904376666666654,0.0016227158738294487,0.0008018978854806395,0.0004791569558374949,0.004584685874999997,1.6671326166952234,0.09933578344191162,0.0005004491201914263,-0.0015548276829947943,-0.0015587407250830176,1.0050628497347134,8.474565831822528e-08,-0.0009331793248437347,0.00561301337021642,0.00561301337021642,0.14195249137028626,0.9974896132337757,8.517471285195981e-08,1.6677003693504462,0.10124163064092684,0.002796189458333334,-0.0008275343829109143,0.0018153166871204274,0.0006264957157302575,-0.0017884964166666626,1.6670260735021831,0.10188892149462059,-0.0006742958482630623,0.0006472908536937494,0.000646626995946455,0.9979538376631899,-7.466708504323375e-09,-0.00019624281438237285,-0.0004211531248634863,-0.0004211531248634863,0.12046881741786329,1.0010266471264824,-7.451430406601889e-09,1.66695325443874,0.10096615444121701,0.0036904376666666654,0.0014165300869515753,0.0011009909893802579,0.00041295884012970425,0.0032930326916666636,1.667156282607654,0.09808643333337676,0.0002030281689140434,-0.0028797211078402524,-0.0028932647940921744,1.0095079677548184,2.539019426135693e-07,-0.00263947958294962,0.011972054649613643,0.011972054649613643,0.17670412047195216,0.9953188915582227,2.563160340968249e-07]"
/multi_agv/m2b_algorithm_state,1789558495.2370226,1789558495.2370226,m2b_algorithm_state_v1:header6+3x20,"[1.0,-0.15,0.52,1.669086173410527,0.10103477271404489,1789558495.2368672,1.6676292628456162,0.10089144119514967,0.0036904376666666654,0.0016234001712926347,0.000800537210930762,0.0004795681059245715,0.004584685874999997,1.668232402530642,0.10022098614600992,0.0006031396850258997,-0.0006704550491397482,-0.0006711778065798706,1.0021614668122723,1.5754740501001603e-08,8.274679970250395e-05,0.0016313920262140422,0.0016313920262140422,0.14194540059715405,0.9989231505674996,1.578879384973048e-08,1.6686963267929575,0.1012427953160015,0.002796189458333334,-0.000826528808164629,0.0018133948144658518,0.0006270595312370675,-0.0017884964166666626,1.6680468676324056,0.10188892149462059,-0.000649459160551924,0.0006461261786190886,0.0006454647123073359,0.9979575245939277,-7.430788869119064e-09,-0.00016635923838256904,-0.0005259525703638331,-0.0005259525703638331,0.12046435587459695,1.0010247908199166,-7.415611665606173e-09,1.667949995925833,0.10096708990561626,0.0036904376666666654,0.0014173059178049915,0.00109945405377957,0.0004134219966385926,0.0032930326916666636,1.6682563853626835,0.09934670421703426,0.0003063894368504627,-0.001620385688581999,-0.0016246334039578837,1.0052748150881272,8.036678686492722e-08,-0.0012416466078948054,0.00652470645544934,0.00652470645544934,0.1766902399880094,0.9973854314668549,8.079070680486665e-08]"
/multi_agv/m2b_algorithm_state,1789558495.247146,1789558495.247146,m2b_algorithm_state_v1:header6+3x20,"[1.0,-0.15,0.52,1.6700856522704106,0.10103574966225061,1789558495.2468965,1.6686240714592377,0.10089231107258753,0.0036904376666666654,0.001623816694999352,0.0007992134046438614,0.0004800761471042441,0.004584685874999997,1.6692893909321267,0.10066176379517681,0.0006653194728889478,-0.000230547277410717,-0.0002306324555109943,1.0007395632530989,1.862810069901591e-09,0.0006010168856001904,-0.00040437128896421946,-0.00040437128896421946,0.14192651270878065,0.9996306760031298,1.864187735776793e-09,1.6696899982008866,0.1012439460025155,0.002796189458333334,-0.0008252862148017495,0.0018114743710795356,0.0006275198654118047,-0.0017884964166666626,1.6691574666036257,0.10314402993572437,-0.0005325315972608546,0.0019000839332088681,0.001894417839914789,0.9940789582232337,-6.410532038699343e-08,0.0012287533433387207,-0.006076366597849499,-0.006076366597849499,0.12045246498923477,1.0029909416891545,-6.372575010686905e-08,1.668944450571456,0.10096806106703167,0.0036904376666666654,0.001417893339727984,0.0010979403167293515,0.00041395475364205915,0.0032930326916666636,1.6694519566693422,0.09980484033112251,0.0005075060978863011,-0.0011632207359091595,-0.0011654021709491989,1.0037671127976966,4.1419763977844616e-08,-0.0005310195485913225,0.0038165891521320873,0.0038165891521320873,0.17665325070883872,0.9981281697473905,4.1575796900803124e-08]"
/multi_agv/m2b_algorithm_state,1789558495.2569869,1789558495.2569869,m2b_algorithm_state_v1:header6+3x20,"[1.0,-0.15,0.52,1.6710825332688533,0.10103674901996262,1789558495.2568705,1.6696240358359211,0.10089311132863933,0.0036904376666666654,0.0016247889030354748,0.0007978399453725691,0.0004803691511569479,0.004584685874999997,1.670273004761397,0.1008361232115932,0.0006489689254758346,-5.6988117046130604e-05,-5.699331465215568e-05,1.000182449378336,1.1387348359376934e-10,0.0007542178421926376,-0.0010265011459677288,-0.0010265011459677288,0.14192592120176956,0.9999088032332073,1.1389425974005998e-10,1.6706888509589364,0.10124516221271583,0.002796189458333334,-0.0008246881317886803,0.0018095960655770682,0.0006282376513956495,-0.0017884964166666626,1.670183338672527,0.10314402993572437,-0.0005055122864092709,0.0018988677230085405,0.001893208922482736,0.994082764375286,-6.397658531730685e-08,0.0012613185644711473,-0.006191569076562818,-0.006191569076562818,0.12045209258796356,1.0029889995016417,-6.359802078751973e-08,1.6699440700163746,0.10096897544539668,0.0036904376666666654,0.0014188416546082735,0.0010964121873835893,0.0004143385655945675,0.0032930326916666636,1.6703895486956915,0.098416771647841,0.0004454786793168797,-0.002552203797555677,-0.002562815419548084,1.0083953968068713,1.9971269025881433e-07,-0.0020059670704019846,0.00961287814268422,0.00961287814268422,0.17665209239946078,0.995859388892596,2.0138935754090487e-07]"
/multi_agv/m2b_algorithm_state,1789558495.267051,1789558495.267051,m2b_algorithm_state_v1:header6+3x20,"[1.0,-0.15,0.52,1.6720753944226967,0.10103777741170587,1789558495.2668736,1.6706214026661028,0.10089395880559872,0.0036904376666666654,0.0016254348683318147,0.0007965067434793304,0.0004807826271156831,0.004584685874999997,1.6708740800438044,0.10062309101065706,0.0002526773777016267,-0.00027086779494166213,-0.00027098540517367674,1.000869282716682,2.573978145786627e-09,4.4861316953356616e-05,0.0015881131439745338,0.0015881131439745338,0.14191613316186144,0.999565990530231,2.5762156605018767e-09,1.6716851059303637,0.10124635712564684,0.002796189458333334,-0.0008237878208360158,0.0018077179845317204,0.0006288243170525926,-0.0017884964166666626,1.6708068254243447,0.10219036427130332,-0.0008782805060190135,0.0009440071456564836,0.0009425984314849182,0.9970261304511204,-1.58054991938525e-08,-0.0001552522010388487,-0.0006968668982921058,-0.0006968668982921058,0.12044593022463822,1.0014945008653857,-1.5758495701095063e-08,1.6709410912100928,0.10096993112864236,0.0036904376666666654,0.0014195655332245633,0.0010949082164205762,0.000414807095047967,0.0032930326916666636,1.6707987188800557,0.09724746146672647,-0.00014237233003711047,-0.0037224696619158892,-0.003745242830380658,1.0124063236425351,4.2538660100958326e-07,-0.003923208242927046,0.016811592769913557,0.016811592769913557,0.17663292638072198,0.9939194414097697,4.3066408485490613e-07]"
/multi_agv/m2b_algorithm_state,1789558495.2769535,1789558495.2769535,m2b_algorithm_state_v1:header6+3x20,"[1.0,-0.15,0.52,1.673070616365335,0.10103879973341594,1789558495.2768626,1.6716147522017604,0.10089487033636288,0.0036904376666666654,0.0016256262292075247,0.0007952303280295498,0.0004813636164730544,0.004584685874999997,1.6718499753911975,0.10044547529173928,0.00023522318943713927,-0.0004493950446236017,-0.0004497192096557876,1.0014451166466056,7.086798514625727e-09,-0.0001556902228593635,0.0023793681691077822,0.0023793681691077822,0.14189212026238524,0.9992791834877722,7.097039765130353e-09,1.6726773383033262,0.10124751903169628,0.002796189458333334,-0.000822448207261614,0.0018058316418887443,0.0006292248599712724,-0.0017884964166666626,1.6718228338071333,0.10219036427130332,-0.0008545044961929538,0.0009428452396070403,0.000941440000860686,0.9970297984187481,-1.5740905870535863e-08,-0.00012669061938050624,-0.0007967335106767929,-0.0007967335106767929,0.12043081135104262,1.0014926482251334,-1.569415220702886e-08,1.6719340927630033,0.1009709428670584,0.0036904376666666654,0.0014199764873200232,0.0010934360445627022,0.00041539472350650723,0.0032930326916666636,1.671883186860029,0.09853207114315884,-5.0905902974296424e-05,-0.0024388717238995605,-0.00244855333539037,1.0080121870345724,1.8250042286032098e-07,-0.0025121857141082405,0.011348051916486836,0.011348051916486836,0.17658591346045094,0.9960459870933276,1.8396265038216643e-07]"
/multi_agv/m2b_algorithm_state,1789558495.2870438,1789558495.2870438,m2b_algorithm_state_v1:header6+3x20,"[1.0,-0.15,0.52,1.674072517912603,0.10103979300080368,1789558495.286889,1.6726104553491932,0.10089575056721722,0.0036904376666666654,0.0016260811465918525,0.0007939372180185249,0.0004818390497292101,0.004584685874999997,1.6728868774729972,0.10106863376258529,0.0002764221238040765,0.00017288319536806762,0.00017283544556706058,0.9994479665896921,1.0486463423304915e-09,0.0005183631003221562,-0.0002930803546678778,-0.0002930803546678778,0.1419010892046324,1.000276273196452,1.048067454513928e-09,1.6736719401955094,0.10124871816027281,0.002796189458333334,-0.0008214396525069566,0.0018039714905224713,0.0006297552805706458,-0.0017884964166666626,1.6730832969208735,0.10245013093278625,-0.0005886432746358139,0.001201412772513441,0.0011991356007386553,0.9962264363767008,-2.5522128056435396e-08,0.0004633315074438879,-0.003015861513581938,-0.003015861513581938,0.12043643876770865,1.0018990110654566,-2.542581868241245e-08,1.672929453551303,0.10097193047275775,0.0036904376666666654,0.0014205516117450712,0.001091964155767777,0.0004159110442098972,0.0032930326916666636,1.6730909986561548,0.09986898611359296,0.0001615451048517791,-0.0011029443591647897,-0.0011049045819558681,1.0035692943747545,3.730597518334593e-08,-0.0009029732008911443,0.005107951004122512,0.005107951004122512,0.17660340832996263,0.9982258895264888,3.743913119071258e-08]"
/multi_agv/m2b_algorithm_state,1789558495.2970026,1789558495.2970026,m2b_algorithm_state_v1:header6+3x20,"[1.0,-0.15,0.52,1.6750699571092322,0.101040818309795,1789558495.2968845,1.6736128240727772,0.1008965396738319,0.0036904376666666654,0.0016272495390637653,0.0007925766903989382,0.0004820402908253473,0.004584685874999997,1.6741719106633626,0.10204315478043978,0.0005590865905853448,0.001146615106607879,0.0011445301249411602,0.9963790047662309,4.6128102826537814e-08,0.0018433883631728413,-0.005461155459006129,-0.005461155459006129,0.14189309633542424,1.0018216922571836,4.596107318606011e-08,1.6746732387909067,0.10124999666520318,0.002796189458333334,-0.0008212431059141777,0.0018021626349109532,0.0006306109931984716,-0.0017884964166666626,1.6741016699707194,0.10245013093278625,-0.0005715688201872737,0.0012001342675830723,0.0011978619572852003,0.9962304628194424,-2.546161812359011e-08,0.0004834009320511081,-0.0030866245072198252,-0.0030866245072198252,0.12043141900033645,1.0018969717537587,-2.5365639607396078e-08,1.6739314908741252,0.10097284266337599,0.0036904376666666654,0.001421594546801074,0.0010904700974174288,0.00041623612100246364,0.0032930326916666636,1.6740307313963467,0.09971860863545975,9.924052222154423e-05,-0.0012542340279162317,-0.0012567717553673096,1.0040657699534796,4.828253056173584e-08,-0.0011327211025903793,0.005986720750529628,0.005986720750529628,0.17658780191862875,0.9979807570943253,4.8478836223771706e-08]"
/multi_agv/m2b_algorithm_state,1789558495.307026,1789558495.307026,m2b_algorithm_state_v1:header6+3x20,"[1.0,-0.15,0.52,1.6760673839922522,0.10104185048434978,1789558495.306895,1.674610733696611,0.10089740476740305,0.0036904376666666654,0.0016278696045224036,0.0007912777810651578,0.00048244715655350323,0.004584685874999997,1.6752368377203868,0.10212404529780011,0.0006261040237758309,0.0012266405303970607,0.0012242558309135238,0.9961298533646472,5.280843750233423e-08,0.0020068858606333124,-0.00608158007727729,-0.00608158007727729,0.14190091606769645,1.0019478767618017,5.260406110561633e-08,1.6756700717070336,0.10125123031294743,0.002796189458333334,-0.0008205023555975964,0.0018003437934044353,0.0006312360094572894,-0.0017884964166666626,1.6751899161542678,0.1023065449161406,-0.00048015555276581523,0.0010553146031931637,0.0010535557029002995,0.9966799138248139,-1.967167871360632e-08,0.0004533612619430304,-0.0029123574452597236,-0.0029123574452597236,0.12043633002622771,1.0016694896036558,-1.9606367045066575e-08,1.6749290659240519,0.10097381984903452,0.0036904376666666654,0.0014222673544331248,0.0010890089695439805,0.00041670450326468725,0.0032930326916666636,1.675018271016105,0.09960238205522007,8.920509205312399e-05,-0.0013714377938144479,-0.0013744746041452565,1.0044515192244943,5.775946723174926e-08,-0.0012629682390788515,0.006498066222016529,0.006498066222016529,0.17660307022648603,0.9977905664305111,5.801658461052794e-08]"
/multi_agv/m2b_algorithm_state,1789558495.3170323,1789558495.3170323,m2b_algorithm_state_v1:header6+3x20,"[1.0,-0.15,0.52,1.677063767849389,0.101042894786309,1789558495.3169324,1.675608627418219,0.10089827647320398,0.0036904376666666654,0.001628463556616932,0.0007899892104627155,0.00048285996371354146,0.004584685874999997,1.6760981586804617,0.10035266716473809,0.0004895312622428261,-0.0005456093084658942,-0.0005460874629196144,1.00175633971697,1.0464937612164458e-08,6.582661488391814e-05,0.0016403180689735456,0.0016403180689735456,0.14190878028577053,0.9991243995033986,1.0483317597728316e-08,1.6766668969527463,0.10125247088690652,0.002796189458333334,-0.0008197787400186147,0.001798538881481626,0.0006318612076701841,-0.0017884964166666626,1.676208141276176,0.1023065449161406,-0.00045875567657027716,0.0010540740292340756,0.0010523192749364214,0.9966838258951729,-1.9608053972627237e-08,0.00047887467922357496,-0.003001972980576379,-0.003001972980576379,0.12044126884600712,1.0016675113147198,-1.9543030251797158e-08,1.675926627605792,0.10097480409293887,0.0036904376666666654,0.0014229148120252426,0.0010875592068083206,0.0004171779622305135,0.0032930326916666636,1.675937052774966,0.09881811882476539,1.0425169173933213e-05,-0.002156685268173475,-0.0021642396594471424,1.007062365906417,1.4297781796755356e-07,-0.002151208197979726,0.009963742722680063,0.009963742722680063,0.17661842633425567,0.9965094479067086,1.439875796345415e-07]"
/multi_agv/m2b_algorithm_state,1789558495.3270192,1789558495.3270192,m2b_algorithm_state_v1:header6+3x20,"[1.0,-0.15,0.52,1.6780601863433795,0.10104394503059892,1789558495.3269048,1.6766054761469846,0.10089916926356732,0.0036904376666666654,0.0016289209931349027,0.000788722895075544,0.00048332036837975235,0.004584685874999997,1.6771793240507846,0.09927220205989667,0.0005738479037999955,-0.0016269672036706428,-0.0016312536110344583,1.0053014466863948,9.31476710848834e-08,-0.0009139437312844639,0.005582581480036602,0.005582581480036602,0.14192034254978966,0.9973723231416498,9.364148849710174e-08,1.6776626818618274,0.10125370746660495,0.002796189458333334,-0.0008189532264417498,0.001796742037315724,0.0006324380408878477,-0.0017884964166666626,1.6772587145167919,0.10209385335559262,-0.00040396734503556075,0.0008401458889876756,0.000839029334112292,0.9973504548869808,-1.2445966765170987e-08,0.00033407015281784107,-0.0023874670103987018,-0.0023874670103987018,0.12044852981695801,1.0013307697716731,-1.2412990614751529e-08,1.6769231455393545,0.10097580762875473,0.0036904376666666654,0.001423463087292786,0.001086125976942665,0.0004176858129902824,0.0032930326916666636,1.6771876012043663,0.0999968816157921,0.00026445566501176465,-0.000978926012962636,-0.0009804686704585862,1.0031633590222961,2.9445267720858485e-08,-0.0006498990891938804,0.0041616122378648375,0.0041616122378648375,0.17664100511978714,0.9984266121474044,2.9538413674167187e-08]"
/multi_agv/m2b_algorithm_state,1789558495.3370166,1789558495.3370166,m2b_algorithm_state_v1:header6+3x20,"[1.0,-0.15,0.52,1.6790556452014347,0.10104500628929951,1789558495.3369281,1.6776023558906175,0.10090006641017282,0.0036904376666666654,0.0016293670910225476,0.0007874664525808757,0.00048378055260358784,0.004584685874999997,1.6782469833941207,0.10097365006316224,0.0006446275035032478,7.35836529894146e-05,7.357499675835645e-05,0.9997647893928346,1.9036397605135587e-10,0.0008793593761374163,-0.0015262965405617047,-0.0015262965405617047,0.14193178396029096,1.0001176518034596,1.9031920042496642e-10,1.6786585060318047,0.101254952252906,0.002796189458333334,-0.0008181600300312523,0.0017949590652757141,0.0006330216669212796,-0.0017884964166666626,1.6783939618970203,0.10373712790739706,-0.00026454413478438354,0.0024821756544910617,0.0024725502693344697,0.9923175404628131,-1.0840192038517715e-07,0.0021418701008539902,-0.009612906109232298,-0.009612906109232298,0.12045571449541925,1.003892897659542,-1.0756912701806467e-07,1.6779196971077162,0.10097681642871789,0.0036904376666666654,0.0014239950065901394,0.0010847040595451836,0.0004181948693145754,0.0032930326916666636,1.6782910421663448,0.10124687266368712,0.0003713450586286804,0.00027005623496922926,0.0002699399348045062,0.9991395750367663,2.2397837735261303e-09,0.0007341212580903567,-0.0013062652166713623,-0.0013062652166713623,0.17666334969087702,1.0004308371964574,2.2378566076551427e-09]"
/multi_agv/m2b_algorithm_state,1789558495.3471048,1789558495.3471048,m2b_algorithm_state_v1:header6+3x20,"[1.0,-0.15,0.52,1.680053041861563,0.10104606279209943,1789558495.347002,1.678598273933705,0.10090098196870644,0.0036904376666666654,0.0016296945778872958,0.0007862312906641738,0.0004842810804749156,0.004584685874999997,1.6793801720050148,0.10207844361903555,0.0007818980713096835,0.0011774616503291147,0.0011752636232733595,0.996283119524426,4.871438865647826e-08,0.0021526362124104637,-0.006575789816916087,-0.006575789816916087,0.14194663006132527,1.0018702417161802,4.853332309640148e-08,1.6796533733203036,0.10125619456274719,0.002796189458333334,-0.0008172833782408824,0.001793184356607025,0.0006335648203430605,-0.0017884964166666626,1.6795448109770392,0.10430412169612552,-0.00010856234326439562,0.003047927133378328,0.0030334765068980346,0.9906276746124715,-1.632026635349489e-07,0.00289777357781754,-0.012597233987397524,-0.012597233987397524,0.12046503669991289,1.0047637179478506,-1.6167307506818803e-07,1.6789152883502951,0.10097784233644488,0.0036904376666666654,0.0014244390227779436,0.0010832983708946586,0.00041873358657762427,0.0032930326916666636,1.6793031615114775,0.10065703884944228,0.0003878731611823838,-0.0003208034870025994,-0.0003209683339916979,1.0010289568558843,3.162931640157532e-09,0.00016387311748628186,0.00098756471470889,0.00098756471470889,0.17669234642736362,0.9994864073129945,3.1661861603533654e-09]"
/multi_agv/m2b_algorithm_state,1789558495.3572006,1789558495.3572006,m2b_algorithm_state_v1:header6+3x20,"[1.0,-0.15,0.52,1.6810512595176705,0.10104712067231215,1789558495.3569622,1.679596123187061,0.10090187347325849,0.0036904376666666654,0.001630223150862779,0.0007849840696517946,0.00048470071917187637,0.004584685874999997,1.680379379365247,0.1014765718768386,0.0007832561781859759,0.0005746984035801123,0.0005741723953487143,0.9981734189278276,1.161373105232454e-08,0.0015532426180811841,-0.004154117945125927,-0.004154117945125927,0.14195257342765993,1.000916115500604,1.1592517631007064e-08,1.6806501865642351,0.10125746541760022,0.002796189458333334,-0.0008166665551546533,0.001791434108016965,0.0006342078765023684,-0.0017884964166666626,1.6799785647031065,0.10325770372983425,-0.0006716218611286795,0.0020002383122340317,0.0019939650790947645,0.9937751396022486,-7.028992887676463e-08,0.001154437752683915,-0.005849190313519149,-0.005849190313519149,0.12046876975927472,1.00314610983163,-6.98523838821389e-08,1.6799128158333922,0.10097884948543959,0.0036904376666666654,0.0014250081990115813,0.0010818946228662984,0.00041921704311996804,0.0032930326916666636,1.6802035585242838,0.0995685528054504,0.00029074269089157667,-0.0014102966799891814,-0.0014135087436543312,1.0045793462897004,6.119689522214758e-08,-0.0010500803800398604,0.005765579631401388,0.005765579631401388,0.1767039597025597,0.9977275954750406,6.14771369972243e-08]"
/multi_agv/m2b_algorithm_state,1789558495.367217,1789558495.367217,m2b_algorithm_state_v1:header6+3x20,"[1.0,-0.15,0.52,1.682049143825134,0.10104818602667454,1789558495.3669517,1.680594788552813,0.1009027587618206,0.0036904376666666654,0.0016308169395739904,0.0007837374235458048,0.00048509179084687236,0.004584685874999997,1.6808906826723102,0.10001193799464025,0.0002958941194972642,-0.0008908207671803475,-0.0008920986435346106,1.0028786126438212,2.7943161611459872e-08,-0.0005222309941630304,0.0038785096029803653,0.0038785096029803653,0.14195257087198726,0.9985675615992419,2.8023599149782958e-08,1.681647827005006,0.10125875069079047,0.002796189458333334,-0.0008161623114992713,0.0017897024620061597,0.0006348900554349335,-0.0017884964166666626,1.680836715569112,0.1023174265893997,-0.0008111114358939631,0.0010586758986092237,0.0010569060018122188,0.9966698074298849,-1.9691747904730582e-08,4.3016706944764985e-05,-0.0014474159743017565,-0.0014474159743017565,0.12046877127731725,1.0016746018983431,-1.9626170592165668e-08,1.6809111629951927,0.10097985256432541,0.0036904376666666654,0.0014256136686624497,0.0010804979609051026,0.00041968108235030614,0.0032930326916666636,1.681074354336011,0.10167276601680017,0.00016319134081821396,0.0006929134524747554,0.0006921502767535512,0.997802966052044,1.4757469671915503e-08,0.0008961394527763186,-0.002075990789122055,-0.002075990789122055,0.1767039648024639,1.0011026156411926,1.4725047010060374e-08]"
/multi_agv/m2b_algorithm_state,1789558495.3768992,1789558495.3768992,m2b_algorithm_state_v1:header6+3x20,"[1.0,-0.15,0.52,1.6830401584220815,0.10104929292423738,1789558495.3768194,1.6815931175101477,0.10090365496613637,0.0036904376666666654,0.0016313454333233054,0.0007825046048250961,0.00048550397278762636,0.004584685874999997,1.681852120166252,0.10081821900777391,0.0002590026561042347,-8.543595836246753e-05,-8.544764117961908e-05,1.0002735752551801,2.569638047647788e-10,0.00023830567895067426,0.000824053118327806,0.000824053118327806,0.1419525677014308,0.9998632751356238,2.5703410370323937e-10,1.6826451381410756,0.10126003720642221,0.002796189458333334,-0.0008156294956464302,0.0017879829478253395,0.0006355535392430361,-0.0017884964166666626,1.6818769531678222,0.10353181864231853,-0.0007681849732534829,0.0022717814358963195,0.002263706292425747,0.992952254805616,-9.053531643630372e-08,0.0013034750758588935,-0.00650902318007347,-0.00650902318007347,0.12046877310261626,1.0035672222574066,-8.989724659496773e-08,1.6819091758241782,0.10098086590746501,0.0036904376666666654,0.0014261689360697471,0.0010791139649820591,0.0004201602939579588,0.0032930326916666636,1.6821430714567347,0.1012815050724974,0.00023389563255649115,0.00030063916503239585,0.0003004950733393527,0.9990425193244884,2.779929439363111e-09,0.0005928646140349667,-0.0008161652666151945,-0.0008161652666151945,0.17670397096006646,1.0004795143276124,2.777267710645635e-09]"
/multi_agv/m2b_algorithm_state,1789558495.387212,1789558495.387212,m2b_algorithm_state_v1:header6+3x20,"[1.0,-0.15,0.52,1.6840449933635406,0.10105033034480575,1789558495.3870804,1.6825845840023894,0.10090465412160257,0.0036904376666666654,0.0016311118038628198,0.0007813604351695419,0.0004862003905269915,0.004584685874999997,1.682960000684478,0.1021097687602726,0.0003754166820886251,0.0012051146386700268,0.001202812752770531,0.9961972130063296,5.107188257316219e-08,0.0016720836053813123,-0.004874436638642666,-0.004874436638642666,0.14195255225130463,1.0019137524890667,5.087766708237071e-08,1.683635571186334,0.10126125714536274,0.002796189458333334,-0.0008143182078058533,0.0017862382927580356,0.0006358926633760892,-0.0017884964166666626,1.6830748300022087,0.10487675417065447,-0.0005607411841253018,0.0036154970252917223,0.0035952525298522634,0.9889554727554963,-2.287053986101453e-07,0.002894326049695636,-0.012862022484968174,-0.012862022484968174,0.12046878213537214,1.0056308966536742,-2.261794556042305e-07,1.6829003200775206,0.10098196750574683,0.0036904376666666654,0.0014262078482332424,0.0010777749116190668,0.00042083994643491796,0.0032930326916666636,1.6829850527251702,0.09946538696309493,8.47326476496324e-05,-0.0015165805426518991,-0.001520297807343753,1.0049301513762632,7.083204575375256e-08,-0.0014143819977817124,0.007098920040651312,0.007098920040651312,0.17670400138461453,0.997554910180165,7.118125846160895e-08]"
/multi_agv/m2b_algorithm_state,1789558495.3972082,1789558495.3972082,m2b_algorithm_state_v1:header6+3x20,"[1.0,-0.15,0.52,1.685040068907688,0.101051426240563,1789558495.3970964,1.683589845423432,0.10090545396572863,0.0036904376666666654,0.0016323996380757234,0.0007800677967616742,0.00048631454768274796,0.004584685874999997,1.6838688699064226,0.10235737581516216,0.00027902448299066407,0.0014519218494335323,0.0014485868321445297,0.9954312967752466,7.417788540939484e-08,0.0017973674358828598,-0.0054373032042531536,-0.0054373032042531536,0.1419525615260593,1.0023022556984489,7.383898866511955e-08,1.6846398551596269,0.10126263450703257,0.002796189458333334,-0.0008146874029468444,0.0017845853882587637,0.0006369124866804771,-0.0017884964166666626,1.6841174424320897,0.10487675417065447,-0.0005224127275371693,0.0036141196636218925,0.0035938907599897462,0.9889597153989331,-2.2863359468783394e-07,0.0029408748505682846,-0.013029013116409794,-0.013029013116409794,0.12046877670649128,1.0056286918504458,-2.261094147331153e-07,1.683905279507563,0.10098290256165604,0.0036904376666666654,0.0014272505849750906,0.0010763798900963687,0.0004211135964418203,0.0032930326916666636,1.6838614023394107,0.09917578688762924,-4.3877168152350876e-05,-0.0018071156740268046,-0.0018124051016561566,1.0058938018942016,1.0066327269478586e-07,-0.0018672515618465952,0.00882115661316315,0.00882115661316315,0.17670398306070992,0.9970815422972941,1.0125656208207092e-07]"
/multi_agv/m2b_algorithm_state,1789558495.407178,1789558495.407178,m2b_algorithm_state_v1:header6+3x20,"[1.0,-0.15,0.52,1.686035124865734,0.10105252643458779,1789558495.407063,1.6845853593768594,0.10090640663625963,0.0036904376666666654,0.0016325465957975284,0.0007788970392799131,0.0004868598277251307,0.004584685874999997,1.6848597790783482,0.1014763294537113,0.0002744197014887817,0.0005699228174516624,0.0005694055279096491,0.9981886103294579,1.1437597833959227e-08,0.0009124301547706262,-0.001870064867115293,-0.001870064867115293,0.14195255335433518,1.0009084729892108,1.1416879887386978e-08,1.6856343660789603,0.1012639054272917,0.002796189458333334,-0.0008138660389084736,0.00178289151381672,0.0006374375601861104,-0.0017884964166666626,1.6847261254720012,0.10327955154854528,-0.0009082406069591542,0.0020156461212535726,0.002009277175056777,0.9937288472832396,-7.112931058563689e-08,0.0008739764163578343,-0.0048509860275505615,-0.0048509860275505615,0.1204687814895651,1.0031697698435336,-7.068324781631648e-08,1.6849004812672446,0.10098396665813766,0.0036904376666666654,0.001427530999561312,0.0010750427442406067,0.00042168757613786356,0.0032930326916666636,1.6851141955788818,0.10083068291716202,0.000213714311637192,-0.000153283740975646,-0.00015332132559886988,1.0004906764704584,7.235730011015519e-10,0.00011382156394762014,0.0010926280574899074,0.0010926280574899074,0.17670399919142224,0.9997548636950727,7.239280413478515e-10]"
/multi_agv/m2b_algorithm_state,1789558495.4173093,1789558495.4173093,m2b_algorithm_state_v1:header6+3x20,"[1.0,-0.15,0.52,1.6870313650779025,0.10105362442844097,1789558495.4171822,1.6855808503127652,0.10090736139511383,0.0036904376666666654,0.001632690885361329,0.0007777367803857515,0.0004874008036045318,0.004584685874999997,1.6857368216199025,0.10056959905541493,0.00015597130713729257,-0.00033776233969889935,-0.0003379452732852708,1.0010845883350161,4.020133012435554e-09,-0.0001429811393636551,0.0022914865185725193,0.0022914865185725193,0.14195254511078964,0.9994586887261565,4.024493201806055e-09,1.6866288617231873,0.10126518387897279,0.002796189458333334,-0.0008130825708199713,0.0017812105723604699,0.0006379723331550041,-0.0017884964166666626,1.68571207415706,0.10340507856982312,-0.0009167875661273417,0.0021398946908503247,0.002132723248805742,0.993351850365537,-8.008366363980689e-08,0.000986738791146565,-0.005311438468750009,-0.005311438468750009,0.12046878627828975,1.0033625750779425,-7.955125546065345e-08,1.685895662561249,0.10098503402967675,0.0036904376666666654,0.0014278001006719295,0.0010737172915996854,0.00042226037764417313,0.0032930326916666636,1.686124704284842,0.09972228241844021,0.00022904172359305974,-0.00126275161123654,-0.0012653236670661463,1.0040931047322712,4.915169217129402e-08,-0.0009790215125748216,0.005453445886990187,0.005453445886990187,0.1767040153370849,0.9979672743847667,4.935287519511948e-08]"
/multi_agv/m2b_algorithm_state,1789558495.4273942,1789558495.4273942,m2b_algorithm_state_v1:header6+3x20,"[1.0,-0.15,0.52,1.6880426282185041,0.1010546461000824,1789558495.427251,1.6865775201449211,0.10090830111341467,0.0036904376666666654,0.0016329610596190806,0.0007765731596470092,0.000487888962873828,0.004584685874999997,1.6870292490012797,0.1013978514357031,0.00045172885635857973,0.0004895503222884234,0.0004891684230469115,0.9984426799138657,8.441679004161751e-09,0.0010538294934951363,-0.0023352777229613433,-0.0023352777229613433,0.1419525390135814,1.0007807111487963,8.428532607887872e-09,1.6876245482596637,0.10126648208580316,0.002796189458333334,-0.0008124749532596575,0.0017795495452834764,0.0006385729720865402,-0.0017884964166666626,1.687127392795488,0.1036890362280383,-0.0004971554641757248,0.0024225541422351338,0.0024133828940715507,0.9924981373870941,-1.0253855643965418e-07,0.0017919385638518947,-0.008325715474556915,-0.008325715474556915,0.12046878984211398,1.0038001629107889,-1.017693262767182e-07,1.6868920268291228,0.10098609008610511,0.0036904376666666654,0.001428144102221282,0.0010723975656895092,0.0004227977344226164,0.0032930326916666636,1.687024276318209,0.09849998498929986,0.0001322494890863002,-0.0024861050968052467,-0.0024961668777432715,1.0081700404451448,1.9072115036054258e-07,-0.0023308550163853962,0.010737658970359183,0.010737658970359183,0.17670402734970847,0.9959691072629241,1.9227934987273277e-07]"
/multi_agv/m2b_algorithm_state,1789558495.4371536,1789558495.4371536,m2b_algorithm_state_v1:header6+3x20,"[1.0,-0.15,0.52,1.6890231216486178,0.10105583636473897,1789558495.437109,1.6875891849389513,0.10090902685665451,0.0036904376666666654,0.0016348588164686187,0.0007752454990855632,0.00048775696286054975,0.004584685874999997,1.6881634611858563,0.10252836728907813,0.0005742762469049811,0.0016193404324236216,0.0016151974157148398,0.9949144369589769,9.23969179221418e-08,0.002333042724346066,-0.00742711063801916,-0.00742711063801916,0.14195255983994196,1.002565021878114,9.192702757125251e-08,1.6886352916677934,0.10126794540448962,0.002796189458333334,-0.0008136605060685446,0.0017779903478674086,0.0006398979132216653,-0.0017884964166666626,1.6881565333355117,0.1036890362280383,-0.0004787583322816147,0.0024210908235486744,0.0024119307328493563,0.9925026937045616,-1.025635880013984e-07,0.001813482817497338,-0.008403325459200198,-0.008403325459200198,0.12046877771656586,1.003797824943545,-1.0179463736739277e-07,1.687903408048768,0.10098696603910307,0.0036904376666666654,0.0014295676731077523,0.00107101485546669,0.0004228999059892784,0.0032930326916666636,1.6879963207234414,0.09843411716739857,9.291267467337327e-05,-0.0025528488717044967,-0.0025634633552937035,1.0083955677987217,2.0130753035293656e-07,-0.002447322511951987,0.011176206155851534,0.011176206155851534,0.1767039864838516,0.99585931916394,2.0299762137240789e-07]"
/multi_agv/m2b_algorithm_state,1789558495.4471714,1789558495.4471714,m2b_algorithm_state_v1:header6+3x20,"[1.0,-0.15,0.52,1.6900276548828124,0.10105690194808048,1789558495.447071,1.6885701254895369,0.10091020804807782,0.0036904376666666654,0.0016333215707298953,0.0007742777619794694,0.0004889266696540631,0.004584685874999997,1.6892486608502881,0.10279376760015711,0.0006785353607512423,0.001883559552079292,0.0018779655396363169,0.9941025286575795,1.2486598745061389e-07,0.00272613474057537,-0.008961159741592393,-0.008961159741592393,0.14195252546674988,1.0029787620299244,1.2412959386798086e-07,1.689615211602504,0.10126907514026283,0.002796189458333334,-0.0008111769317780369,0.001776269861659241,0.0006397163265715877,-0.0017884964166666626,1.6891797784473024,0.10350249921454598,-0.0004354331552016699,0.002233424074283147,0.002225618003122962,0.9930690673421302,-8.70250886135667e-08,0.0016813265591208745,-0.007838262515822016,-0.007838262515822016,0.12046879770243574,1.0035073724013877,-8.642192358484092e-08,1.688884027853812,0.10098822590587625,0.0036904376666666654,0.0014287023336670341,0.0010697904276451564,0.0004239118906717229,0.0032930326916666636,1.6892059582415722,0.09976580868552741,0.0003219303877601831,-0.0012224172203488398,-0.0012248267533130478,1.0039603934161316,4.6089030009396077e-08,-0.0008224137686128189,0.004883336667987579,0.004883336667987579,0.17670405386331423,0.9980327560957577,4.627156070040118e-08]"
/multi_agv/m2b_algorithm_state,1789558495.457247,1789558495.457247,m2b_algorithm_state_v1:header6+3x20,"[1.0,-0.15,0.52,1.6910229434547865,0.10105802179681123,1789558495.457081,1.6895750645336844,0.10091103609489524,0.0036904376666666654,0.0016344663627583765,0.0007730491740368878,0.0004890695140408102,0.004584685874999997,1.6900514519778507,0.10162716265930226,0.00047638744416622636,0.0007161265644070186,0.0007153107820186222,0.9977278445624845,1.807748006697967e-08,0.0013107950872264052,-0.0033536609139036538,-0.0033536609139036538,0.14195253424241247,1.0011404586774078,1.8036405222348905e-08,1.6906192205265353,0.10127047876094454,0.002796189458333334,-0.0008116289169274754,0.0017746969311687177,0.0006407304385921964,-0.0017884964166666626,1.6902090646398764,0.10350249921454598,-0.0004101558866589361,0.0022320204536014354,0.002224224257215482,0.9930734451669025,-8.696370141439385e-08,0.0017115293988918118,-0.00794609772233885,-0.00794609772233885,0.12046879259172452,1.0035051305463747,-8.636134256805793e-08,1.6898886795882175,0.10098919098840164,0.0036904376666666654,0.0014296055804258472,0.0010684640775894382,0.0004242102847232935,0.0032930326916666636,1.690175805690622,0.09933935909744025,0.0002871261024044447,-0.0016498318909613924,-0.0016542350608416852,1.0053708626680322,8.403033951923692e-08,-0.0012953274328361293,0.006739083085437083,0.006739083085437083,0.17670403662631207,0.997338244131972,8.448165493274287e-08]"
/multi_agv/m2b_algorithm_state,1789558495.4670148,1789558495.4670148,m2b_algorithm_state_v1:header6+3x20,"[1.0,-0.15,0.52,1.6920209024710597,0.10105913076162852,1789558495.4668818,1.6905707702704535,0.10091200790662534,0.0036904376666666654,0.0016345322328685371,0.0007719358024972144,0.0004896200934057513,0.004584685874999997,1.691007158405169,0.10116391936954486,0.00043638813471535975,0.0002519114629195157,0.00025181016337786293,0.9991965175283175,2.2377612699717055e-09,0.0007972953317720627,-0.0013118525499173383,-0.0013118525499173383,0.14195252640458478,1.000402285357723,2.2359632680154734e-09,1.6916139717823897,0.10127178029049283,0.002796189458333334,-0.0008109519304882167,0.0017730849828099249,0.0006412754810448534,-0.0017884964166666626,1.6912402393573784,0.10329990387385186,-0.0003737324250112639,0.0020281235833590344,0.0020216768448769644,0.9936916072099533,-7.175156579217015e-08,0.0015545113136128845,-0.00728686967016415,-0.00728686967016415,0.12046879713906426,1.0031888075972213,-7.129892873185227e-08,1.690884088311516,0.10099027719331546,0.0036904376666666654,0.001429788507317115,0.0010671923244008124,0.0004247925078297802,0.0032930326916666636,1.6910413844051797,0.09803857125319163,0.0001572960936637724,-0.002951705940123839,-0.002965938304046638,1.009750378425079,2.6923351463134953e-07,-0.0027693181869669226,0.012470580892150498,0.012470580892150498,0.1767040519845628,0.9952013958269528,2.7185864328371925e-07]"
/multi_agv/m2b_algorithm_state,1789558495.4771657,1789558495.4771657,m2b_algorithm_state_v1:header6+3x20,"[1.0,-0.15,0.52,1.6930179651926267,0.1010602479627934,1789558495.4770184,1.691569138732,0.100912942770791,0.0036904376666666654,0.0016348849605143452,0.0007708020887387422,0.0004900569138975933,0.004584685874999997,1.6920139514994723,0.10138580864960713,0.00044481276747232457,0.00047286587881611997,0.00047250954458372927,0.9984955650625352,7.885284547817325e-09,0.001028525503924135,-0.0022356215371180125,-0.0022356215371180125,0.14195252337883696,1.0007541312899926,7.873421650251738e-09,1.6926114029637387,0.10127311616520797,0.002796189458333334,-0.000810622108242863,0.001771501478037063,0.0006419562107383703,-0.0017884964166666626,1.6922053375957375,0.10255966196017446,-0.00040606536800114057,0.0012865457949664955,0.0012839370149606982,0.9959643001869297,-2.8876881677091926e-08,0.0007763553049592725,-0.004160380865136403,-0.004160380865136403,0.12046879890055605,1.0020318597995068,-2.8760343251105635e-08,1.6918821657174403,0.10099133334888656,0.0036904376666666654,0.001430154181947951,0.0010659190233294315,0.00042529632293129794,0.0032930326916666636,1.6920786165270563,0.0986965726874626,0.00019645080961594452,-0.002294760661423964,-0.0023033203012096173,1.0075245185911619,1.626972965628942e-07,-0.0020577567891896867,0.009699329935165094,0.009699329935165094,0.1767040579213977,0.9962837822507108,1.6392151539561345e-07]"
/multi_agv/m2b_algorithm_state,1789558495.486956,1789558495.486956,m2b_algorithm_state_v1:header6+3x20,"[1.0,-0.15,0.52,1.6940150820258986,0.1010613680368659,1789558495.4868934,1.6925666088847706,0.10091389414998979,0.0036904376666666654,0.001635119149592024,0.0007696883805325065,0.0004905347098145632,0.004584685874999997,1.6930823360275489,0.10212738792818304,0.000515727142778255,0.0012134937781932559,0.00121116021118192,0.9961716175692641,5.190925745020965e-08,0.0018558191396547388,-0.005529451940567415,-0.005529451940567415,0.14195251874548823,1.0019267203378972,5.171052896099472e-08,1.693607940595838,0.1012744455972223,0.002796189458333334,-0.000810200575011339,0.0017699262096340096,0.0006425929032866512,-0.0017884964166666626,1.6930083164239123,0.10293750050335261,-0.0005996241719257167,0.0016630549061303068,0.0016587082824177802,0.9948057042777841,-4.8213083431452325e-08,0.0009091780675106343,-0.0048087852827672,-0.0048087852827672,0.12046880158850888,1.0026204871336333,-4.7962650418429497e-08,1.6928793460972713,0.10099240414116817,0.0036904376666666654,0.001430434566879675,0.0010646608695996096,0.00042582922864787404,0.0032930326916666636,1.6932508831920434,0.0991178467980173,0.00037153709477211194,-0.0018745573431508677,-0.0018802511048019827,1.0061176219025276,1.0855876397451023e-07,-0.0014158297363368428,0.0072609727606462,0.0072609727606462,0.17670406698687138,0.9969718078417431,1.0922288544671201e-07]"
/multi_agv/m2b_algorithm_state,1789558495.4971042,1789558495.4971042,m2b_algorithm_state_v1:header6+3x20,"[1.0,-0.15,0.52,1.695012360846022,0.10106249025910526,1789558495.496928,1.693564129627137,0.10091484736906098,0.0036904376666666654,0.0016353449313317582,0.0007685839016326576,0.0004910113494259653,0.004584685874999997,1.693802434521921,0.10107669287851949,0.0002383048947838251,0.00016184550945851084,0.00016180366947203314,0.9994832796902019,9.241811980260871e-10,0.0004596847879518145,-7.034392697017819e-05,-7.034392697017819e-05,0.14195251420572597,1.0002585849048677,9.237036548311334e-10,1.694604536853671,0.10127577945357692,0.002796189458333334,-0.0008098060294601606,0.0017683644833177414,0.0006432342501330596,-0.0017884964166666626,1.6940307384125368,0.10293750050335261,-0.0005737984411342545,0.0016617210497756885,0.0016573814306175985,0.9948098859099443,-4.811208839046453e-08,0.0009401333791997804,-0.004918298967887747,-0.004918298967887747,0.12046880424111041,1.0026183587422437,-4.786238116260718e-08,1.6938765795968873,0.10099347728795981,0.0036904376666666654,0.001430702405315279,0.00106341341693248,0.00042636200667581876,0.0032930326916666636,1.694033790511567,0.09866360293540628,0.00015721091467968407,-0.0023298743525535237,-0.0023387000267087953,1.007642451301632,1.677809858581342e-07,-0.0021421863833591902,0.010011691406778519,0.010011691406778519,0.17670407589983736,0.996226247892214,1.6906324387189478e-07]"
/multi_agv/m2b_algorithm_state,1789558495.5070925,1789558495.5070925,m2b_algorithm_state_v1:header6+3x20,"[1.0,-0.15,0.52,1.6960103307786534,0.10106361171859464,1789558495.5069122,1.6945618086659826,0.10091580080822014,0.0036904376666666654,0.0016355736730072653,0.000767487380383169,0.0004914825669716124,0.004584685874999997,1.6947352083720424,0.10016176422170207,0.00017339970605978472,-0.0007540365865180698,-0.000754951056072598,1.0024324219037346,2.00760169530621e-08,-0.0005382014234978671,0.0038795053397802266,0.0038795053397802266,0.14195250993252415,0.998788703523,2.0124850296438475e-08,1.6956012998176544,0.10127711860384142,0.002796189458333334,-0.0008094502448516821,0.0017668169148969959,0.000643885034208494,-0.0017884964166666626,1.6950295442209007,0.10233690646105255,-0.0005717555967537091,0.001059787857211128,0.001058014698055921,0.9966671854116426,-1.9569189205094303e-08,0.0003433202021137845,-0.002511254095484033,-0.002511254095484033,0.12046880668476884,1.0016759305503649,-1.950396872582924e-08,1.6948739740544292,0.1009945513652542,0.0036904376666666654,0.001430965443656396,0.0010621760978502875,0.0004268915944552602,0.0032930326916666636,1.6949773823115506,0.09830519591602965,0.00010340825712140678,-0.002689355449224551,-0.0027011463373637886,1.0088571590114763,2.23642398602631e-07,-0.00257188601596203,0.011671462103213646,0.011671462103213646,0.1767040841853606,0.9956348576986966,2.2562323488876249e-07]"
/multi_agv/m2b_algorithm_state,1789558495.516917,1789558495.516917,m2b_algorithm_state_v1:header6+3x20,"[1.0,-0.15,0.52,1.6970017574775147,0.1010647700742966,1789558495.5168266,1.6955601742696003,0.10091674696249524,0.0036904376666666654,0.0016358612680460074,0.0007663927476564414,0.0004919272919801597,0.004584685874999997,1.6957191678142476,0.10043543662851001,0.0001589935446473234,-0.00048131033398522705,-0.00048168215721003014,1.0015478489011438,8.17966460195919e-09,-0.0002829402264008759,0.0028548190400406745,0.0028548190400406745,0.1419525069299844,0.999228073493615,8.192325486825059e-09,1.6965987596548313,0.10127846824187756,0.002796189458333334,-0.0008091930636700577,0.0017652866285340352,0.0006445695698486936,-0.0017884964166666626,1.6959412335734774,0.10111591338322429,-0.000657526081353943,-0.0001625548586532688,-0.0001625969623651694,1.0005183430097497,-4.606505166315851e-10,-0.0009845045640575981,0.0027568958825118775,0.0027568958825118775,0.12046880844651528,0.9997410547448847,-4.608892916068187e-10,1.6958720584115283,0.10099561995141118,0.0036904376666666654,0.0014312612411727954,0.0010609463026721722,0.00042740306908364313,0.0032930326916666636,1.6961013539619703,0.0999002694613977,0.0002292955504419325,-0.001095350490013483,-0.0010972830867904298,1.0035432892310705,3.706718380128763e-08,-0.0008106636487380141,0.004788948230840421,0.004788948230840421,0.17670409010574203,0.9982387436749804,3.7198523554476844e-08]"
/multi_agv/m2b_algorithm_state,1789558495.5269725,1789558495.5269725,m2b_algorithm_state_v1:header6+3x20,"[1.0,-0.15,0.52,1.698003588412683,0.10106587535703195,1789558495.526834,1.6965520038296622,0.10091778870716088,0.0036904376666666654,0.0016354283078273014,0.0007653817380740328,0.0004926408492906677,0.004584685874999997,1.697012555393384,0.10171179783581641,0.0004605515637217117,0.000794009128655529,0.0007930069376679589,0.9974831919048872,2.2234481209376685e-08,0.0013686963923200985,-0.003595318749225176,-0.003595318749225176,0.14195249211371808,1.0012637859014415,2.217852128707829e-08,1.6975896678975229,0.10127975159088322,0.002796189458333334,-0.0008081916346397208,0.0017637312600247146,0.0006449445497598433,-0.0017884964166666626,1.697135574820645,0.1018714560529092,-0.0004540930768779372,0.0005917044620259854,0.0005911497801352149,0.9981293388442192,-6.09269740246104e-09,2.3533434037793398e-05,-0.0011586695428240207,-0.0011586695428240207,0.12046881698927579,1.0009383102377938,-6.081300030096329e-09,1.6968636007053588,0.10099676992484571,0.0036904376666666654,0.0014310702087950516,0.0010597584268157824,0.00042810375926007364,0.0032930326916666636,1.69739390550307,0.10054402117770124,0.0005303047977112119,-0.0004527487471444741,-0.00045307732541448163,1.0014539603485575,6.329148642081008e-09,0.0002098036717245332,0.0008909048731574807,0.0008909048731574807,0.17670411899175661,0.9992747854470383,6.3383509732467204e-09]"
/multi_agv/m2b_algorithm_state,1789558495.5370064,1789558495.5370064,m2b_algorithm_state_v1:header6+3x20,"[1.0,-0.15,0.52,1.699001082273007,0.10106700683823182,1789558495.5369291,1.6975542173413933,0.10091867895155375,0.0036904376666666654,0.0016361439012226066,0.0007642629508219029,0.000492912620179836,0.004584685874999997,1.698050178436663,0.1012605008162843,0.0004959610952697258,0.0003418218647305432,0.000341635494146109,0.9989109527639358,4.123865444665985e-09,0.0009615868632332662,-0.0019356228999933235,-0.0019356228999933235,0.14195249605676413,1.0005455246531103,4.119374360401571e-09,1.6985910048229242,0.10128115374268479,0.002796189458333334,-0.0008084677708983172,0.001762249230723878,0.0006458351569584853,-0.0017884964166666626,1.6981403518379141,0.1018714560529092,-0.00045065298501012485,0.0005903023102244165,0.0005897502586983304,0.9981337774993178,-6.065895037853355e-09,2.6434027435674376e-05,-0.0011686304925197497,-0.0011686304925197497,0.1204688147215195,1.0009360767849504,-6.054574728046936e-09,1.6978655430737313,0.10099779337685734,0.0036904376666666654,0.0014316341662851933,0.001058532724542106,0.0004284968693726906,0.0032930326916666636,1.698407047995621,0.10049174585395179,0.0005415049218897572,-0.0005060475229055478,-0.0005064581764189019,1.001626081446113,7.910401700881528e-09,0.00017042297594329454,0.0010550689372572973,0.0010550689372572973,0.17670411133169664,0.9991891659914393,7.923264658318633e-09]"
/multi_agv/m2b_algorithm_state,1789558495.5471845,1789558495.5471845,m2b_algorithm_state_v1:header6+3x20,"[1.0,-0.15,0.52,1.7000015174877643,0.10106812512369712,1789558495.547093,1.6985520974184534,0.10091963837163515,0.0036904376666666654,0.0016363373317827513,0.0007632026672497621,0.0004933802949020097,0.004584685874999997,1.6989729459537612,0.0996362503551701,0.0004208485353078828,-0.001283388016465048,-0.0012860475748692642,1.0041646124600079,5.820511827387302e-08,-0.0007599869057344107,0.0048969206132491476,0.0048969206132491476,0.14195249217508205,0.9979319906540108,5.844752003467262e-08,1.6995880008039754,0.10128250715614089,0.002796189458333334,-0.0008082113362119954,0.0017607555929048946,0.0006465009537272443,-0.0017884964166666626,1.6992544273499286,0.10252984336855128,-0.0003335734540468316,0.0012473362124103965,0.0012448836071080975,0.9960860464011697,-2.7062446584995246e-08,0.000827916789549558,-0.004323654454490216,-0.004323654454490216,0.1204688169504825,1.00197014828398,-2.695652542479075e-08,1.6988631485965926,0.10099887498691938,0.0036904376666666654,0.0014318480017342914,0.0010573375478531433,0.00042902586450348007,0.0032930326916666636,1.6995274541830583,0.10172063565049053,0.0006643055864656855,0.0007217606635711443,0.0007209330140859742,0.9977128388421589,1.608008762058972e-08,0.001551314997168081,-0.00441492585353203,-0.00441492585353203,0.17670411885098591,1.001148025501675,1.6043309868769225e-08]"
/multi_agv/m2b_algorithm_state,1789558495.5572026,1789558495.5572026,m2b_algorithm_state_v1:header6+3x20,"[1.0,-0.15,0.52,1.7010053490187964,0.10106922814696177,1789558495.557105,1.6995529106167317,0.10092055805060207,0.0036904376666666654,0.001636831720103551,0.000762118555462976,0.000493729912089455,0.004584685874999997,1.6998285479038064,0.098785800954661,0.0002756372870746926,-0.0021347570959410755,-0.00214216280710774,1.0069938972181862,1.611831966549502e-07,-0.0017976161982643742,0.008922917811270671,0.008922917811270671,0.1419524936041474,0.9965428812683649,1.623104953656536e-07,1.7005879483548343,0.10128389386602459,0.002796189458333334,-0.0008083134505282711,0.001759292601209994,0.0006473062269824054,-0.0017884964166666626,1.6998036071735003,0.10102257045712065,-0.0007843411813339696,-0.00026132340890393235,-0.00026143229427883814,1.0008341612829046,-1.1892552175787556e-09,-0.0012418587709463,0.003713696042470359,0.003713696042470359,0.12046881612625665,0.9995835044970013,-1.190247248236752e-09,1.6998636934917268,0.1009999234544647,0.0036904376666666654,0.0014322566910006432,0.0010561389914504511,0.00042947215693225297,0.0032930326916666636,1.700639119451374,0.10280947136306517,0.0007754259596470803,0.0018095479086004812,0.0018043882750263202,0.9943364111387072,1.0102285962675849e-07,0.0027736707245851703,-0.009295775586036868,-0.009295775586036868,0.17670411605965639,1.0028594918541498,1.0045070768424044e-07]"
/multi_agv/m2b_algorithm_state,1789558495.5670187,1789558495.5670187,m2b_algorithm_state_v1:header6+3x20,"[1.0,-0.15,0.52,1.701996121972669,0.10107040261563417,1789558495.566919,1.7005571110552173,0.10092143410790744,0.0036904376666666654,0.0016376552884992215,0.0007610050102197169,0.0004939521541478418,0.004584685874999997,1.7006180454642887,0.0991264965231136,6.093440907140035e-05,-0.0017949375847938348,-0.0018001597866437783,1.0058580931723857,1.1398294649432679e-07,-0.0017239917753045278,0.008521108450500104,0.008521108450500104,0.14195250113517194,0.9970990342697968,1.146506692149536e-07,1.7015913036014045,0.10128531540805347,0.002796189458333334,-0.0008088032353032711,0.00175786374782394,0.0006482617832751086,-0.0017884964166666626,1.7007857909315875,0.10149569822713214,-0.0008055126698169879,0.00021038281907867495,0.00021031249960043867,0.9993320414099145,-7.710019663057366e-10,-0.0007965783376707962,0.0019264184534530907,0.0019264184534530907,0.12046881178160582,1.0003343571036902,-7.704869689193699e-10,1.7008676323997678,0.10100093492492439,0.0036904376666666654,0.0014328817577213175,0.0010549342587921392,0.00042982787168532963,0.0032930326916666636,1.701241749127052,0.10207664791106605,0.00037411672728415724,0.0010757129861416609,0.001073879497455774,0.9966049896473277,3.5734951028978416e-08,0.0015415254065609706,-0.004546043946955866,-0.004546043946955866,0.17670410139911816,1.001707350489725,3.5613630500282797e-08]"
/multi_agv/m2b_algorithm_state,1789558495.5770729,1789558495.5770729,m2b_algorithm_state_v1:header6+3x20,"[1.0,-0.15,0.52,1.702994266248831,0.10107153915834577,1789558495.5769813,1.7015482710113923,0.10092250376353568,0.0036904376666666654,0.0016370126568821092,0.0007600482816244368,0.000494728360928681,0.004584685874999997,1.701740608167044,0.10026072229387588,0.00019233715565181164,-0.0006617814696597973,-0.0006624853073138547,1.002132404728134,1.54761429386724e-08,-0.00042206386274909013,0.0034289456681399298,0.0034289456681399298,0.14194399079782388,0.9989375799790773,1.55091443390481e-08,1.7025815790090606,0.10128659455138866,0.002796189458333334,-0.0008077364548615992,0.0017563711091748146,0.0006485758072634767,-0.0017884964166666626,1.701787543830998,0.10149569822713214,-0.0007940351780626465,0.0002091036757434772,0.0002090342092925215,0.9993361045144299,-7.606466006338933e-10,-0.0007835097632857865,0.0018816210645551269,0.0018816210645551269,0.12046346835755516,1.000332320968854,-7.601416107896182e-10,1.701858515897554,0.10100210953197818,0.0036904376666666654,0.0014325278864285866,0.0010538008957725947,0.00043057079112932386,0.0032930326916666636,1.7022215174073199,0.10206449376197536,0.00036300150976575907,0.0010623842299971875,0.001060595744108311,0.996646601251198,3.484642132824467e-08,0.00151434763131551,-0.0044432606189111715,-0.0044432606189111715,0.17668747884474034,1.0016863030978689,3.47295673825623e-08]"
/multi_agv/m2b_algorithm_state,1789558495.5869572,1789558495.5869572,m2b_algorithm_state_v1:header6+3x20,"[1.0,-0.15,0.52,1.7039855853813997,0.10107271285385966,1789558495.586823,1.7025467870408046,0.10092346356615692,0.0036904376666666654,0.0016371996857140456,0.0007590190170239978,0.000495182676341843,0.004584685874999997,1.702754892230794,0.0995595116386822,0.00020810518998937155,-0.0013639519274747242,-0.001366957538604251,1.0044298351524357,6.577914788458494e-08,-0.0011068260511175366,0.006158170393440793,0.006158170393440793,0.14193867335144494,0.9978012403131442,6.607053866618133e-08,1.7035792440475401,0.101287960908966,0.002796189458333334,-0.0008076016846072084,0.0017549333961270897,0.0006492652518606673,-0.0017884964166666626,1.7027596313200168,0.10322816484708508,-0.000819612727523289,0.0019402039381190839,0.0019343013826987009,0.9939603460772316,-6.539364984662357e-08,0.0009097854732945897,-0.0049375312147224275,-0.0049375312147224275,0.12046012081053505,1.0030515179656998,-6.499869483280327e-08,1.7028567676581485,0.1010031929999144,0.0036904376666666654,0.001432714842158358,0.001052644842219519,0.0004310910878987631,0.0032930326916666636,1.703373317648888,0.10343634891262396,0.0005165499907395787,0.002433155912709553,0.0024238716756232593,0.9924389871274198,1.8262062263564077e-07,0.0030695591640477328,-0.010660161936190972,-0.010660161936190972,0.17667706489716006,1.0038303335855876,1.812398257570941e-07]"
/multi_agv/m2b_algorithm_state,1789558495.5969458,1789558495.5969458,m2b_algorithm_state_v1:header6+3x20,"[1.0,-0.15,0.52,1.7049875669772294,0.10107383115864228,1789558495.5968328,1.7035384858238802,0.1009245218132731,0.0036904376666666654,0.0016366389059333055,0.000758075886409059,0.0004959163312361208,0.004584685874999997,1.7034136903115842,0.0982636277151943,-0.0001247955122960498,-0.002660894098078806,-0.0026724450831602116,1.0087687949298052,2.5047780078064263e-07,-0.002828439473530274,0.012767365462415067,0.012767365462415067,0.14190919481912773,0.9956777465122888,2.526741892501567e-07,1.7045700747051555,0.10128925673641946,0.002796189458333334,-0.0008066883826495122,0.0017534679712682966,0.0006496316476794356,-0.0017884964166666626,1.7037881792057652,0.10322816484708508,-0.0007818954993903393,0.0019389081106656186,0.0019330134831928123,0.9939643974839584,-6.523215085178094e-08,0.0009556441089548881,-0.005099912324978884,-0.005099912324978884,0.12044156186304521,1.003049449744691,-6.483843551797312e-08,1.7038481956151625,0.10100436001188638,0.0036904376666666654,0.0014323975530771945,0.0010515312978279902,0.0004318078420836877,0.0032930326916666636,1.7042738048563157,0.10438877539594786,0.000425609241153202,0.003384415384061479,0.0033665821524239276,0.9895970907284832,3.529916099845371e-07,0.00389859370386543,-0.014109144685633311,-0.014109144685633311,0.17661934138457283,1.0052971324714923,3.4931947029226135e-07]"
/multi_agv/m2b_algorithm_state,1789558495.607197,1789558495.607197,m2b_algorithm_state_v1:header6+3x20,"[1.0,-0.15,0.52,1.70599359969448,0.10107493026782188,1789558495.6070764,1.7045408262152082,0.10092542382347772,0.0036904376666666654,0.0016372569181224892,0.0007570226146949909,0.0004961963219114488,0.004584685874999997,1.7043063521038446,0.09741359535663532,-0.00023447411136356955,-0.0035118284668423927,-0.0035320772578575636,1.011683648972182,4.366977932264458e-07,-0.0038251698970620256,0.016604080714749163,0.016604080714749163,0.14191746226232124,0.9942671721095215,4.418000169494302e-07,1.70557159295767,0.10129067330933418,0.002796189458333334,-0.0008070845989678254,0.0017520779413220389,0.0006505264520756809,-0.0017884964166666626,1.7045639184970136,0.1020564915038396,-0.0010076744606564159,0.0007658181945054132,0.0007648904068367189,0.9975840309769484,-1.0190140352028399e-08,-0.0004947026689838009,0.0006084016717489904,0.0006084016717489904,0.12044676699845262,1.0012129681068054,-1.016552128859735e-08,1.7048502817588098,0.10100539634311496,0.0036904376666666654,0.0014328552501621417,0.001050379304186922,0.00043220867251530463,0.0032930326916666636,1.7052706571425942,0.10305796177967996,0.000420375383784366,0.0020525654365649987,0.0020459396013771864,0.993594071465825,1.3000670852722066e-07,0.002571408831107644,-0.008690944122006846,-0.008690944122006846,0.17663552879777697,1.003238529223127,1.2917389484343197e-07]"
/multi_agv/m2b_algorithm_state,1789558495.617052,1789558495.617052,m2b_algorithm_state_v1:header6+3x20,"[1.0,-0.15,0.52,1.7069842327979299,0.10107611284328681,1789558495.6169686,1.7055472074653508,0.10092627380556322,0.0036904376666666654,0.0016382635573760182,0.0007559320384115775,0.0004963272639157715,0.004584685874999997,1.705414409612712,0.09919921826258449,-0.00013279785263886623,-0.0017270555429787365,-0.0017318874393115063,1.0056318818926022,1.0555664751176591e-07,-0.0018978847551100891,0.0091065268864783,0.0091065268864783,0.14194007420446053,0.9972100402005972,1.0615113008353122e-07,1.706577175234649,0.10129212896669644,0.002796189458333334,-0.0008079306242140117,0.001750726620507681,0.0006515960966236439,-0.0017884964166666626,1.7055811572889374,0.1020564915038396,-0.0009960179457115803,0.0007643625371431539,0.0007634382812492164,0.9975886309972266,-1.0162022669799834e-08,-0.000481584150890259,0.0005615087544673198,0.0005615087544673198,0.12046100270558313,1.0012106491338437,-1.0137518283328398e-08,1.7058564163834395,0.10100638803120601,0.0036904376666666654,0.001433571087116896,0.0010492175924366577,0.00043250266530770734,0.0032930326916666636,1.7062303688054812,0.1027206837471107,0.0003739524220416346,0.0017142957159046873,0.0017096620429407421,0.9946291782897645,9.075425707631256e-08,0.002177102570492785,-0.007117312102554102,-0.007117312102554102,0.17667980836386898,1.0027102859205874,9.02668321421108e-08]"
/multi_agv/m2b_algorithm_state,1789558495.6270285,1789558495.6270285,m2b_algorithm_state_v1:header6+3x20,"[1.0,-0.15,0.52,1.707980115690444,0.10107726785473094,1789558495.6268816,1.70653821137647,0.10092735269058396,0.0036904376666666654,0.001637533474655019,0.0007550238809072238,0.0004971161131133659,0.004584685874999997,1.7064472241453894,0.10003707021876075,-9.098723108058593e-05,-0.0008902824718232116,-0.0008915583770255148,1.002875905858462,2.8021155749318786e-08,-0.0010052924158762471,0.005594390078923938,0.005594390078923938,0.1419081669289211,0.9985689044764966,2.8101741955299126e-08,1.7075673316809108,0.10129341374550296,0.002796189458333334,-0.0008069219391712732,0.001749296648941856,0.0006519027066485134,-0.0017884964166666626,1.706839914692141,0.10490289863479947,-0.00072741698876988,0.0036094848892965076,0.0035893156436296878,0.9889779746026875,-2.2584296396855183e-07,0.0026800444076673377,-0.012081440322738137,-0.012081440322738137,0.1204409146751517,1.0056192454688726,-2.2335371708388613e-07,1.7068471553364097,0.10100757209377345,0.0036904376666666654,0.0014331305099887894,0.0010481369770564582,0.00043325573177481784,0.0032930326916666636,1.7072915816091825,0.10283661271934948,0.0004444262727727466,0.0018290406255760255,0.00182377055901175,0.9942772716289545,1.0326890326308862e-07,0.002379303399977683,-0.007895452759072424,-0.007895452759072424,0.17661732882555126,1.0028896543692047,1.026779233805382e-07]"
/multi_agv/m2b_algorithm_state,1789558495.6372328,1789558495.6372328,m2b_algorithm_state_v1:header6+3x20,"[1.0,-0.15,0.52,1.7089788604828853,0.1010784084810578,1789558495.6371794,1.7075344533149692,0.10092835103703872,0.0036904376666666654,0.001637407510489053,0.0007540672524726229,0.000497668315878319,0.004584685874999997,1.7074242354997533,0.09949541211781293,-0.00011021781521591834,-0.0014329389192257874,-0.0014362577648205238,1.00465720310921,7.26124505344034e-08,-0.0015740300338404217,0.007838175693504057,0.007838175693504057,0.14189484913804326,0.9976892409732936,7.295062146479958e-08,1.708562752005904,0.10129476283053407,0.002796189458333334,-0.0008065998137032331,0.0017479089463796615,0.0006524849274093941,-0.0017884964166666626,1.7078838830577558,0.10490289863479947,-0.0006788689481480592,0.0036081358042654027,0.0035879817987292503,0.98898212855101,-2.2558293067117054e-07,0.0027393956135441763,-0.012293766318639886,-0.012293766318639886,0.12043252954569858,1.0056170868936096,-2.2309748693994914e-07,1.707843141750459,0.10100868969662002,0.0036904376666666654,0.0014330803345523262,0.00104704382568448,0.0004338460965540125,0.0032930326916666636,1.7084520079624523,0.10431736191805552,0.0006088662119934085,0.0033086722214354936,0.0032916194687448008,0.9898216712058575,3.3754231289722406e-07,0.004052702233736561,-0.014623474626637645,-0.014623474626637645,0.17659125561383401,1.005180657379328,3.341066962546208e-07]"
/multi_agv/m2b_algorithm_state,1789558495.6470544,1789558495.6470544,m2b_algorithm_state_v1:header6+3x20,"[1.0,-0.15,0.52,1.7099762019982887,0.10107955744022135,1789558495.6469655,1.7085335491406346,0.10092930785043346,0.0036904376666666654,0.0016375893223483577,0.0007530879078523785,0.0004980989272251625,0.004584685874999997,1.7083506976090936,0.09840427022066575,-0.0001828515315409618,-0.002525037629767704,-0.0025354279404108553,1.0083078902197147,2.2565953251248997e-07,-0.0027639923548370576,0.012486607545492922,0.012486607545492922,0.141891660252501,0.9959019499321807,2.2753428713563588e-07,1.7095610440816855,0.10129614489898271,0.002796189458333334,-0.0008066409902943135,0.0017465507964005145,0.0006532092537747253,-0.0017884964166666626,1.7091233817480809,0.10261551359663172,-0.00043766233360464923,0.0013193686976490093,0.0013166266488474777,0.9958641872818417,-3.0216060518037704e-08,0.0007695487318416662,-0.004147323397425016,-0.004147323397425016,0.12043052168004227,1.0020826320080427,-3.009109255065456e-08,1.708841988226336,0.10100977269375724,0.0036904376666666654,0.0014332284129452734,0.0010459479952691702,0.00043435192037576684,0.0032930326916666636,1.7095456536516889,0.10383628489343483,0.0007036654253529395,0.0028265121996775833,0.0028140219028567792,0.9912568642531153,2.464479222432069e-07,0.0036936036845479536,-0.013091345291425553,-0.013091345291425553,0.1765850128642998,1.0044385926094335,2.4429319460449683e-07]"
/multi_agv/m2b_algorithm_state,1789558495.657004,1789558495.657004,m2b_algorithm_state_v1:header6+3x20,"[1.0,-0.15,0.52,1.7109718581517683,0.10108071573416233,1789558495.656838,1.7095312407643228,0.10093028662489058,0.0036904376666666654,0.0016375978488736404,0.0007521334690838264,0.0004985916954069661,0.004584685874999997,1.709786136009796,0.09943230284419839,0.0002548952454730635,-0.0014979837806921859,-0.0015016124488012382,1.0048720465929057,7.936621296239428e-08,-0.0011829933919599088,0.006485331975762227,0.006485331975762227,0.14189403899029396,0.9975834855977991,7.975288884984955e-08,1.710557934317073,0.10129751148833945,0.002796189458333334,-0.0008065225354696136,0.00174519695635178,0.0006538621443543113,-0.0017884964166666626,1.7101441857928599,0.10261551359663172,-0.0004137485242130534,0.0013180021082922766,0.001315265759439349,0.9958684837304853,-3.0148911335983456e-08,0.0007980801041730322,-0.004248325991281712,-0.004248325991281712,0.12043201100757346,1.0020804531960856,-3.0024350618290685e-08,1.7098394309134712,0.101010874207434,0.0036904376666666654,0.0014332567453476165,0.0010448687544127094,0.00043490101996139204,0.0032930326916666636,1.7109823034572564,0.10341833009577422,0.0011428725437852005,0.0024074558883402236,0.002398365922917766,0.9925174383094997,1.7884794098529727e-07,0.0038269566026492667,-0.013358253778342905,-0.013358253778342905,0.17658964241105873,1.003790066117767,1.7750970023365581e-07]"
/multi_agv/m2b_algorithm_state,1789558495.6670716,1789558495.6670716,m2b_algorithm_state_v1:header6+3x20,"[1.0,-0.15,0.52,1.711974953400319,0.10108183514450785,1789558495.6669734,1.7105272466162995,0.10093128961209556,0.0036904376666666654,0.001637415439764835,0.000751207145665411,0.000499152601646671,0.004584685874999997,1.7108945866254972,0.10093090025956944,0.00036734000919769194,-3.8935252612282145e-07,-3.8935276851109e-07,1.0000012450856661,5.355600781557102e-15,0.00045878565872860386,8.903816036671822e-06,8.903816036671822e-06,0.1419081778435739,0.9999993774584691,5.355607449738869e-15,1.7115531399279926,0.10129886119953867,0.002796189458333334,-0.0008062253147314629,0.0017438453286726663,0.0006544363961289851,-0.0017884964166666626,1.711368646851171,0.10524980305604292,-0.0001844930768215569,0.003950941856504256,0.003926840708237977,0.9879835593247213,-2.7028159474848555e-07,0.003696224362211031,-0.015905061455664983,-0.015905061455664983,0.1204408905157973,1.0061375416160168,-2.6703377199957066e-07,1.710835187911013,0.10101199639085279,0.0036904376666666654,0.0014331522561311914,0.0010438076308892158,0.0004354982683742086,0.0032930326916666636,1.7119860538332687,0.10320996276488771,0.0011508659222556616,0.0021979663740349237,0.0021903776113420684,0.993152281017603,1.4908831580017402e-07,0.0036289600141616455,-0.012544663171838971,-0.012544663171838971,0.1766172499554226,1.0034645910611757,1.4806740091001558e-07]"
/multi_agv/m2b_algorithm_state,1789558495.677137,1789558495.677137,m2b_algorithm_state_v1:header6+3x20,"[1.0,-0.15,0.52,1.7129686050656894,0.10108300539725745,1789558495.677009,1.7115306758028594,0.10093218513733157,0.0036904376666666654,0.00163803699765811,0.0007502064386956328,0.000499403714296245,0.004584685874999997,1.7120114978812957,0.10156021856681983,0.00048082207843624936,0.0006280334294882645,0.0006274057685533921,0.998005928354259,1.3933388768188762e-08,0.0012284333665987038,-0.0030157936206987213,-0.0030157936206987213,0.14189595416850112,1.0010004067006262,1.3905604592717032e-08,1.712555803838314,0.10130029216639298,0.002796189458333334,-0.0008068287169205575,0.0017425513139850413,0.0006553710656554412,-0.0017884964166666626,1.7124197500060916,0.10524980305604292,-0.00013605383222237144,0.00394951088964994,0.003925427407155072,0.9879879514047739,-2.702865260394709e-07,0.003755360116877108,-0.0161177171903073,-0.0161177171903073,0.1204332138228873,1.0061352510177541,-2.6703983115404995e-07,1.7118383805597834,0.10101302812979895,0.0036904376666666654,0.0014335769128347511,0.0010427225008073256,0.0004358786417491948,0.0032930326916666636,1.7131134501445595,0.1042533822581527,0.0012750695847760785,0.003240354128353745,0.0032239907998451406,0.9900246153447672,3.2386969008491573e-07,0.004817827780815239,-0.01733497751960192,-0.01733497751960192,0.17659338185135492,1.0050754885868132,3.2063896534814764e-07]"
/multi_agv/m2b_algorithm_state,1789558495.6870487,1789558495.6870487,m2b_algorithm_state_v1:header6+3x20,"[1.0,-0.15,0.52,1.7139629813651822,0.10108417129149518,1789558495.6869726,1.712524674030572,0.10093322112159443,0.0036904376666666654,0.0016375871639503015,0.0007493203408934332,0.0005000596140810522,0.004584685874999997,1.7130129078461973,0.1007903001928572,0.0004882338156253496,-0.00014292092873723072,-0.00014295362311050286,1.0004577636084684,7.217704163344237e-10,0.00046733864642118414,4.366381167076466e-05,4.366381167076466e-05,0.14191719808955144,0.9997712938464884,7.221008165646906e-10,1.7135490094417056,0.10130161735120506,0.002796189458333334,-0.0008062951107835432,0.0017412131280489795,0.0006558358618428267,-0.0017884964166666626,1.7131921402463404,0.10302482279120659,-0.0003568691953652614,0.0017232054400015268,0.0017185425627089953,0.9946235262426737,-5.1505563828058504e-08,0.0012724560685024185,-0.006130291719205201,-0.006130291719205201,0.12044655515054516,1.0027132742555886,-5.1228645515780653e-08,1.7128321317247903,0.10101417771897286,0.0036904376666666654,0.0014332872745589716,0.0010416901795124783,0.0004365411630029058,0.0032930326916666636,1.714215571811859,0.10443715801124442,0.0013834400870686991,0.00342298029227156,0.003404746125819949,0.9894846286493035,3.612793271391247e-07,0.005134046234655822,-0.018565567218196955,-0.018565567218196955,0.17663486439977089,1.0053555142667856,3.5748034085292704e-07]"
/multi_agv/m2b_algorithm_state,1789558495.6970305,1789558495.6970305,m2b_algorithm_state_v1:header6+3x20,"[1.0,-0.15,0.52,1.7149588347902334,0.10108532897668732,1789558495.69688,1.7135193925777266,0.10093424284103815,0.0036904376666666654,0.0016372356599336883,0.000748435693349547,0.0005006721380288901,0.004584685874999997,1.7130094554152595,0.09948050164474355,-0.0005099371624670557,-0.0014537411962946,-0.0014571573668035259,1.00472554682822,7.472718892972624e-08,-0.0020945788198873452,0.009685139744069276,0.009685139744069276,0.14193587922772466,0.9976555926032754,7.50803157603549e-08,1.7145429449342944,0.10130295495059999,0.002796189458333334,-0.0008058965098361732,0.001739890707336711,0.0006563509773144099,-0.0017884964166666626,1.714220702163953,0.10302482279120659,-0.0003222427703413189,0.0017218678406066001,0.0017172122369996875,0.9946277157607039,-5.139994812854288e-08,0.001314408774073039,-0.006279091458684492,-0.006279091458684492,0.12045828607474435,1.0027111404790865,-5.112381299731127e-08,1.7138266065835255,0.10101531608284742,0.0036904376666666654,0.0014330542598967257,0.0010406654731012549,0.0004371751795456615,0.0032930326916666636,1.7145380666969614,0.10386977655392729,0.0007114601134359244,0.0028544604710798727,0.0028417256135340224,0.9911739098380403,2.5130346418445836e-07,0.003731050755328928,-0.013239812474138765,-0.013239812474138765,0.17667134806784823,1.004481381835459,2.4908543715155355e-07]"
/multi_agv/m2b_algorithm_state,1789558495.707085,1789558495.707085,m2b_algorithm_state_v1:header6+3x20,"[1.0,-0.15,0.52,1.7159587293838883,0.1010864652215142,1789558495.706927,1.714515582630497,0.10093524058403583,0.0036904376666666654,0.0016370552405153478,0.0007475438625121006,0.000501214240815306,0.004584685874999997,1.713964414711333,0.09958224869441391,-0.0005511679191638752,-0.0013529918896219156,-0.0013559486800069325,1.0043930036615774,6.471654728587851e-08,-0.0020449085789617768,0.009467296454382405,0.009467296454382405,0.14194932698671142,0.9978193935887,6.500084731507001e-08,1.7155383644377373,0.10130431158832068,0.002796189458333334,-0.0008057112756636271,0.0017385889425125534,0.0006569478349001123,-0.0017884964166666626,1.714452256525768,0.10378504165175415,-0.0010861079119692807,0.0024807300634334672,0.0024711222622058036,0.9923270883870068,-1.066042921907359e-07,0.0011134873722442027,-0.005917499910925389,-0.005917499910925389,0.12046673010983348,1.0038880315128915,-1.0578632687919068e-07,1.7148225573024651,0.10101643475770541,0.0036904376666666654,0.0014329275381408813,0.0010396446538441847,0.0004377611008289208,0.0032930326916666636,1.715539723297755,0.1036571889243266,0.0007171659952898146,0.0026407541666211842,0.002629837253632606,0.9918148228740703,2.1509784003279755e-07,0.0035262947477448744,-0.012398898082726024,-0.012398898082726024,0.1766976143021093,1.0041511743639262,2.133372261127242e-07]"
/multi_agv/m2b_algorithm_state,1789558495.7169507,1789558495.7169507,m2b_algorithm_state_v1:header6+3x20,"[1.0,-0.15,0.52,1.7169562026612653,0.10108761448851544,1789558495.7168636,1.7155158038254172,0.10093617945281436,0.0036904376666666654,0.0016373088608510095,0.0007466158454010772,0.0005015870288220394,0.004584685874999997,1.7151327429808085,0.10152718600597092,-0.00038306084460870693,0.0005910065531565672,0.0005904505948819173,0.9981228055982129,1.2333498055104652e-08,0.00011162453912103368,0.0009737467696427481,0.0009737467696427481,0.14194844525611147,1.0009415830544826,1.2310345681601157e-08,1.7165378374079945,0.10130571234837783,0.002796189458333334,-0.0008060240762982921,0.0017373240723181915,0.0006577413805909094,-0.0017884964166666626,1.7154881109483644,0.10378504165175415,-0.0010497264596300848,0.0024793293033763125,0.002469732430814901,0.9923314453611399,-1.0652470723299144e-07,0.0011575743562772952,-0.006075009499195233,-0.006075009499195233,0.1204661764595965,1.0038857944454513,-1.0570781669518668e-07,1.7158225469182535,0.1010175038633504,0.0036904376666666654,0.0014330840888849912,0.0010386155313324543,0.0004382285545791579,0.0032930326916666636,1.716546597916537,0.10333351006131784,0.000724050998283543,0.0023160061979674434,0.002307588622825894,0.9927947970852903,1.655049457839391e-07,0.0032126523706803227,-0.01111397829775541,-0.01111397829775541,0.17669589199472807,1.0036477797898142,1.6431244906617777e-07]"
/multi_agv/m2b_algorithm_state,1789558495.7270093,1789558495.7270093,m2b_algorithm_state_v1:header6+3x20,"[1.0,-0.15,0.52,1.717954112955228,0.10108876119442138,1789558495.7268126,1.7165136045862917,0.10093715544608312,0.0036904376666666654,0.001637270083373687,0.0007457235249508363,0.0005020679908396136,0.004584685874999997,1.7166202133097708,0.10374562795089574,0.00010660872347911798,0.0028084725048126286,0.002796127221490973,0.9913022130141951,2.780476405360616e-07,0.0029293881258398704,-0.010138919728979512,-0.010138919728979512,0.1419525726456188,1.0044151364883436,2.7562924138677323e-07,1.7175348883774637,0.10130708421311273,0.002796189458333334,-0.0008060443003250059,0.0017360571485955933,0.0006584091737918685,-0.0017884964166666626,1.7165078075847178,0.10267130948530848,-0.001027080792745938,0.0013642252721957487,0.0013612950360664786,0.9957264009098836,-3.227902215523005e-08,7.744404513405608e-05,-0.0016987884835495425,-0.0016987884835495425,0.12046877022712028,1.0021525356749534,-3.214107455551761e-08,1.7168201150200402,0.10101860380635047,0.0036904376666666654,0.001433043542894152,0.0010376069525409263,0.0004387707555794304,0.0032930326916666636,1.7180441989132051,0.10372027313705005,0.0012240838931649733,0.0027016693306995826,0.0026902485799360767,0.9916320970260563,2.2514137939294397e-07,0.004220353446392293,-0.014916328739438663,-0.014916328739438663,0.17670396125299984,1.0042452399561446,2.2325741817476397e-07]"
/multi_agv/m2b_algorithm_state,1789558495.7369552,1789558495.7369552,m2b_algorithm_state_v1:header6+3x20,"[1.0,-0.15,0.52,1.718950197385384,0.1010899170947403,1789558495.7367299,1.7175118384589434,0.10093812510178146,0.0036904376666666654,0.0016372668980084307,0.0007448351696873077,0.0005025314628049806,0.004584685874999997,1.7175777515958395,0.10173682145714621,6.591313689607858e-05,0.000798696355364753,0.0007976826120577943,0.997469166939574,2.2520875947138074e-08,0.0008800740331778925,-0.0018561678046528684,-0.0018561678046528684,0.14195256952423732,1.001270860479638,2.2463879369741303e-08,1.7185323813339575,0.1013084601849847,0.002796189458333334,-0.0008061285688157746,0.0017348051361880668,0.0006590969716899209,-0.0017884964166666626,1.7175376597521872,0.10267130948530848,-0.0009947215817702748,0.001362849300323779,0.0013599249963837472,0.9957307244421433,-3.2217138374905346e-08,0.00011652301917090368,-0.001837639648946474,-0.001837639648946474,0.12046877205289595,1.0021503420760762,-3.207959453349727e-08,1.7178181190727835,0.10101969829649801,0.0036904376666666654,0.0014330221122121245,0.0010366062771468678,0.0004393005600102583,0.0032930326916666636,1.7190702010774386,0.10317424363725665,0.0012520820046550973,0.0021545453407586374,0.0021472518136399013,0.9932849357648516,1.43242566806829e-07,0.003712354319458773,-0.012821330039720821,-0.012821330039720821,0.17670396737198252,1.0033966799200753,1.422806837695136e-07]"
/multi_agv/m2b_algorithm_state,1789558495.7471118,1789558495.7471118,m2b_algorithm_state_v1:header6+3x20,"[1.0,-0.15,0.52,1.7199502261822037,0.10109105159297997,1789558495.7468917,1.7185082464204806,0.1009391208320129,0.0036904376666666654,0.0016370537535893973,0.0007439759152003673,0.0005030708060779151,0.004584685874999997,1.7184314450540028,0.09978933918863724,-7.680136647780778e-05,-0.0011497816433756608,-0.0011519135772065793,1.0037244713423592,4.672910737240033e-08,-0.001247915285303839,0.006564308743602556,0.006564308743602556,0.14195256316044408,0.9981492241491862,4.690314859366286e-08,1.7195280487521907,0.10130981580895893,0.002796189458333334,-0.0008060095459627718,0.001733554100419754,0.0006596961426558745,-0.0017884964166666626,1.718526349708475,0.10264053426210638,-0.0010016990437156092,0.0013307184531474586,0.0013279297837929982,0.9958299268922794,-3.071192159855432e-08,7.580597914848665e-05,-0.0016776757586506447,-0.0016776757586506447,0.1204687757860352,1.0021000126576687,-3.0583850640209766e-08,1.718814296983481,0.10102081464324908,0.0036904376666666654,0.0014328566046933997,0.0010356237008928189,0.00043988340139099885,0.0032930326916666636,1.7199531978994151,0.10162023476116298,0.00113890091593416,0.0005994201179139041,0.0005988489085234672,0.9980984446441351,1.1098511146575773e-08,0.0020224750534411674,-0.006032418903244236,-0.006032418903244236,0.1767039799836523,1.0009538455899425,1.1077406713262876e-08]"
/multi_agv/m2b_algorithm_state,1789558495.7570229,1789558495.7570229,m2b_algorithm_state_v1:header6+3x20,"[1.0,-0.15,0.52,1.7209479277420396,0.10109219815508956,1789558495.7568936,1.7195085889033133,0.10094005872155355,0.0036904376666666654,0.0016372641901890987,0.0007430815675024238,0.000503444799379679,0.004584685874999997,1.7194427791365663,0.09934162014583883,-6.580976674697148e-05,-0.0015984385757147196,-0.0016025728216600738,1.0052039676391193,9.035135478615363e-08,-0.0016848350300937881,0.008299487918009536,0.008299487918009536,0.14195256385501098,0.9974202445658152,9.082154031261137e-08,1.7205276726198302,0.1013112138753058,0.002796189458333334,-0.0008063758901012859,0.0017323393128789721,0.0006604868469774622,-0.0017884964166666626,1.719370076688163,0.10220694732042743,-0.001157595931667199,0.0008957334451216298,0.000894465775201927,0.9971791441639704,-1.3925906808812918e-08,-0.0005525291393820719,0.0007570731070082755,0.0007570731070082755,0.12046877535837083,1.0014172369193406,-1.3886623833319273e-08,1.7198144170234682,0.10102188218208058,0.0036904376666666654,0.0014329676020870957,0.0010346332349556843,0.00044035049354877905,0.0032930326916666636,1.7208604130420497,0.10058845742280596,0.0010459960185815742,-0.0004334247592746171,-0.0004337257418910644,1.001391128402182,5.807344290845339e-09,0.0008737692813359033,-0.001469355436834153,-0.001469355436834153,0.17670397856602899,0.9993060531405513,5.815423052429583e-09]"
/multi_agv/m2b_algorithm_state,1789558495.7670288,1789558495.7670288,m2b_algorithm_state_v1:header6+3x20,"[1.0,-0.15,0.52,1.7219462546085007,0.10109334072618507,1789558495.7669015,1.720506604972878,0.10094103196995427,0.0036904376666666654,0.0016371932976230502,0.0007422216726761018,0.0005039228158892237,0.004584685874999997,1.7205110774254244,0.10105378350595813,4.472452546311345e-06,0.00011275153600386056,0.00011273122915322662,0.9996399479818858,4.490079627957796e-10,0.0001183217948361158,0.0011662256619329387,0.0011662256619329387,0.14195256035899634,1.0001801350946538,4.4884629657262564e-10,1.7215249686281002,0.10131258351865599,0.002796189458333334,-0.0008064597828080491,0.0017311226581817607,0.0006611560906992914,-0.0017884964166666626,1.720435576955368,0.10275652870585099,-0.0010893916727321429,0.0014439451871949976,0.0014406647122909078,0.9954811201393737,-3.61773899136936e-08,7.892512137572922e-05,-0.0017407489983075363,-0.0017407489983075363,0.1204687773996853,1.0022770564699077,-3.6013908635002586e-08,1.7208122096251406,0.10102297897665842,0.0036904376666666654,0.0014328890984883157,0.0010336626251312934,0.00044088939819371875,0.0032930326916666636,1.7220990221000947,0.10233140624643913,0.0012868124749541021,0.0013084272697807126,0.0013057202593098594,0.9958826827813555,5.285478046084424e-08,0.002914235853002487,-0.009551552939930397,-0.009551552939930397,0.17670398540317225,1.0020731932828275,5.263716056316513e-08]"
/multi_agv/m2b_algorithm_state,1789558495.7772136,1789558495.7772136,m2b_algorithm_state_v1:header6+3x20,"[1.0,-0.15,0.52,1.722943944698559,0.10109448590794878,1789558495.7769184,1.7215052421846928,0.10094199587794621,0.0036904376666666654,0.0016371782955036502,0.000741363536016148,0.0005043756918803958,0.004584685874999997,1.721676653782078,0.10137069231023303,0.00017141159738520706,0.00042869643228682364,0.0004284035752455688,0.9986359442400842,6.48941469490708e-09,0.0006426680719770776,-0.0008409449962005532,-0.0008409449962005532,0.14195255799652132,1.000683600833833,6.480562771414009e-09,1.722522895226532,0.10131395862940897,0.002796189458333334,-0.0008066281580940485,0.0017299218540935968,0.0006618537096717003,-0.0017884964166666626,1.721459830502263,0.10275652870585099,-0.0010630647242688696,0.0014425700764420235,0.0014392958738793417,0.9954854374987534,-3.6115865102815424e-08,0.00011046496854325472,-0.0018528235266195262,-0.0018528235266195262,0.12046877879024175,1.0022748641346806,-3.5952817772522174e-08,1.7218106264142774,0.10102406767120002,0.0036904376666666654,0.0014328434964102723,0.001032698895633055,0.00044141046267411705,0.0032930326916666636,1.7231663414729694,0.10194789097820177,0.0013557150586920308,0.0009238233070017476,0.0009224699073139054,0.9970802403330297,2.635531252786787e-08,0.002617113730678944,-0.008305161402056841,-0.008305161402056841,0.17670399008128448,1.001467147792152,2.6278361349338604e-08]"
/multi_agv/m2b_algorithm_state,1789558495.7870665,1789558495.7870665,m2b_algorithm_state_v1:header6+3x20,"[1.0,-0.15,0.52,1.7239421918289735,0.10109562721878912,1789558495.7868795,1.7225032406267198,0.10094296889872502,0.0036904376666666654,0.0016370792183273328,0.0007405211096007662,0.0005048568390775913,0.004584685874999997,1.7226346057928434,0.0997804433573916,0.00013136516612366478,-0.0011625255413334201,-0.0011647050932100933,1.0037660991421617,4.7771025907779215e-08,-0.0010004986355555124,0.005695156980593181,0.005695156980593181,0.14195255448559035,0.9981286663127179,4.795093632747069e-08,1.7235201877343933,0.10131532508627701,0.002796189458333334,-0.0008067282399963249,0.0017287291075025468,0.0006625175349846968,-0.0017884964166666626,1.722268629932968,0.10114015386086483,-0.0012515578014253848,-0.00017517122541217678,-0.0001752200986241118,1.0005583746507936,-5.332154168886369e-10,-0.0017396673504058427,0.00544403997942826,0.00544403997942826,0.1204687808257062,0.9997210753086045,-5.335131508608398e-10,1.7228084057345643,0.1010251637388443,0.0036904376666666654,0.0014327381486876436,0.0010317476038529507,0.00044195095491152093,0.0032930326916666636,1.7239574372506192,0.09941593697058321,0.0011490315160549436,-0.001609226768261099,-0.001613412564394619,1.0052337616578166,8.01046748769124e-08,-0.0001771231693259395,0.0027781875411036494,0.0027781875411036494,0.17670399694913963,0.9974056256744904,8.052392365289506e-08]"
/multi_agv/m2b_algorithm_state,1789558495.7969894,1789558495.7969894,m2b_algorithm_state_v1:header6+3x20,"[1.0,-0.15,0.52,1.7249380105696392,0.10109678022482127,1789558495.796798,1.723501792094506,0.10094393326982616,0.0036904376666666654,0.0016370296993851756,0.0007396811518656224,0.0005053152209144705,0.004584685874999997,1.7234186570424523,0.09872401012553184,-8.313505205359562e-05,-0.002219923144294325,-0.0022279341649107626,1.0072776097256517,1.7431260669977644e-07,-0.002331852979977757,0.010840212691395165,0.010840212691395165,0.14195255198852857,0.99640428306069,1.7558118582159843e-07,1.724518042378248,0.10131669612682903,0.002796189458333334,-0.0008069051806561429,0.0017275516478236774,0.000663206724119722,-0.0017884964166666626,1.7232707899922977,0.10114015386086483,-0.0012472523859503593,-0.00017654226596419687,-0.00017659190681138654,1.0005627432837152,-5.41710786820595e-10,-0.0017356573892493357,0.005430222889534372,0.005430222889534372,0.12046878228775812,0.9997188951176416,-5.420156309275944e-10,1.7238067410141664,0.10102625225971218,0.0036904376666666654,0.0014326615133137713,0.0010308034407945704,0.000442475293604876,0.0032930326916666636,1.7247897704338702,0.09787755195943174,0.0009830294197037404,-0.0031487003002804437,-0.0031649119554690306,1.0104191115961143,3.069730681496543e-07,-0.0019361251808393551,0.009629176520141782,0.009629176520141782,0.17670400191159202,0.9948776915703539,3.1017145480370717e-07]"
/multi_agv/m2b_algorithm_state,1789558495.8070297,1789558495.8070297,m2b_algorithm_state_v1:header6+3x20,"[1.0,-0.15,0.52,1.7259381428258058,0.10109790913574661,1789558495.8068469,1.724497916297804,0.1009449317786509,0.0036904376666666654,0.001636706109780324,0.000738876675111166,0.000505873944977719,0.004584685874999997,1.7243748035866235,0.09877878520463908,-0.00012311271118048417,-0.002166146574011818,-0.002173770984367476,1.007096930382031,1.6593014131435848e-07,-0.0023276618733430814,0.0108029212788519,0.0108029212788519,0.14195254511748376,0.9964925420338716,1.6710773597554704e-07,1.725513467533396,0.10131803959297214,0.002796189458333334,-0.0008068063790452606,0.001726370891270479,0.0006637781044525892,-0.0017884964166666626,1.7243320963803326,0.10201069813186452,-0.001181371153063493,0.0006926585388923739,0.0006918994109708845,0.9978138253872696,-8.332700497147358e-09,-0.0007848145303584816,0.0016737088721000461,0.0016737088721000461,0.12046878629235393,1.0010971651506746,-8.314483758865009e-09,1.7248026478777176,0.1010273693028408,0.0036904376666666654,0.001432398548948013,0.0010298796987084921,0.00044306977606709767,0.0032930326916666636,1.7261000093136913,0.10099937749676942,0.0012973614359736985,-2.7991806071381298e-05,-2.799305752472266e-05,1.0000894251404562,2.420501411199749e-11,0.0015937087374424004,-0.004212109421050606,-0.004212109421050606,0.17670401539573782,0.9999552941531928,2.4207178648784197e-11]"
/multi_agv/m2b_algorithm_state,1789558495.8171227,1789558495.8171227,m2b_algorithm_state_v1:header6+3x20,"[1.0,-0.15,0.52,1.726936425134875,0.10109904696046766,1789558495.8169196,1.725498343577778,0.10094586613466024,0.0036904376666666654,0.001636850117915529,0.000738033079228639,0.0005062503337814408,0.004584685874999997,1.72554509360928,0.10011321206142157,4.6750031502007516e-05,-0.0008326540732386672,-0.0008337693823195268,1.0026873301916286,2.449762819638349e-08,-0.0007753318429420174,0.004754739420692485,0.004754739420692485,0.14195254599992085,0.9986623290510419,2.4563461412258924e-08,1.7265132189783399,0.1013194291260179,0.002796189458333334,-0.0008072391578790791,0.001725228457601924,0.0006645599708138966,-0.0017884964166666626,1.725343175618888,0.10201069813186452,-0.0011700433594519222,0.0006912690058466231,0.0006905129269263436,0.9978182177569609,-8.303709031270978e-09,-0.0007720412723885591,0.0016284349815235285,0.0016284349815235285,0.12046878578514984,1.0010949525936395,-8.285592146355188e-09,1.7258028659212998,0.10102843214656165,0.0036904376666666654,0.0014324411898534515,0.001028946471561854,0.0004435367253299641,0.0032930326916666636,1.7271668410610732,0.1000789380353248,0.0013639751397733768,-0.0009494941112368482,-0.0009509440527182772,1.0030650647872534,2.786870475468557e-08,0.0007540248719984438,-0.0008093118386374209,-0.0008093118386374209,0.17670401366441246,0.998475261002701,2.7954124140295516e-08]"
/multi_agv/m2b_algorithm_state,1789558495.8269553,1789558495.8269553,m2b_algorithm_state_v1:header6+3x20,"[1.0,-0.15,0.52,1.7279344493226116,0.10110018485022369,1789558495.8268564,1.7264969210554324,0.10094682841268357,0.0036904376666666654,0.001636765887719205,0.0007372183207673632,0.0005067106541368407,0.004584685874999997,1.7266055076185842,0.10009432806277752,0.00010858656315182458,-0.0008525003499060546,-0.0008536696190164923,1.0027519633627366,2.5678260716171853e-08,-0.0007179364150767116,0.004560207680517625,0.004560207680517625,0.14195254351635825,0.9986303025381353,2.5748926348881556e-08,1.7275111206595948,0.10132079463200809,0.002796189458333334,-0.0008074446124453449,0.0017240865741590117,0.0006652430146212862,-0.0017884964166666626,1.7261367260701528,0.10103139679845247,-0.0013743945894419962,-0.0002893978335556241,-0.0002895313328316977,1.0009236098563534,-1.4567227155976321e-09,-0.002007524569634193,0.00644206186171605,0.00644206186171605,0.1204687872107242,0.9995389125081287,-1.458068159055732e-09,1.7268012336895981,0.10102951783671132,0.0036904376666666654,0.001432330008675486,0.001028030570514227,0.00044406133778779463,0.0032930326916666636,1.7276847941027398,0.09753740617767788,0.0008835604131416375,-0.003492111659033445,-0.0035121029925206776,1.0115994769326488,3.775740513372458e-07,-0.002407652476093631,0.011423706125461792,0.011423706125461792,0.17670401845158096,0.9943078737924811,3.8195371283609894e-07]"
/multi_agv/m2b_algorithm_state,1789558495.8369646,1789558495.8369646,m2b_algorithm_state_v1:header6+3x20,"[1.0,-0.15,0.52,1.7289301968476636,0.10110133316606512,1789558495.8368917,1.7274952378619957,0.10094779374173608,0.0036904376666666654,0.001636640759429965,0.0007364148936550572,0.000507182808057574,0.004584685874999997,1.7275281927384802,0.09925330372806515,3.2954876484581064e-05,-0.0016944900136709323,-0.001699138925060386,1.00552207319183,1.0150044119080284e-07,-0.0016579453294546596,0.008244646270861331,0.008244646270861331,0.14195254063605006,0.9972639603973004,1.0206093405606149e-07,1.7285087675604562,0.1013221551082774,0.002796189458333334,-0.0008076268333915872,0.0017229547135337864,0.0006659107741611436,-0.0017884964166666626,1.7270201453138683,0.0995766038855009,-0.0014886222465879673,-0.0017455512227765035,-0.0017504616722107873,1.0056632788818916,-5.30613285148841e-08,-0.003611239480445746,0.01271314852382761,0.01271314852382761,0.12046878890341647,0.9971947689502496,-5.336182961610755e-08,1.727799342545383,0.10103060570065757,0.0036904376666666654,0.0014321879361656477,0.0010271251960750852,0.00044459386494477646,0.0032930326916666636,1.728610693611673,0.09701560905375421,0.0008113510662899337,-0.004014996646903357,-0.004041526410227937,1.0134143002284433,4.992226066145026e-07,-0.0030273375773655197,0.01380362684720597,0.01380362684720597,0.17670402419928213,0.9934357070493366,5.059193285404555e-07]"
/multi_agv/m2b_algorithm_state,1789558495.8476326,1789558495.8476326,m2b_algorithm_state_v1:header6+3x20,"[1.0,-0.15,0.52,1.729932507740018,0.10110244507272696,1789558495.8474743,1.7284912789720661,0.10094879030672763,0.0036904376666666654,0.001636261610342808,0.0007356450687244992,0.0005077475907381917,0.004584685874999997,1.728438375148159,0.09815818421469853,-5.2903823907213265e-05,-0.0027906060920290937,-0.00280331894967932,1.0092066633474903,2.7542219912444396e-07,-0.0028694487295633365,0.012963602171315418,0.012963602171315418,0.14195253360977786,0.9954650691275496,2.7795791859020816e-07,1.729504136865755,0.10132348957462471,0.002796189458333334,-0.0008075535214156701,0.001721820054274792,0.0006664692256787424,-0.0017884964166666626,1.7281283420489195,0.10136111986794855,-0.001375794816835585,3.7630293323834274e-05,3.76280418161363e-05,0.9998803523986328,-2.4627221973732762e-11,-0.0016821154792283448,0.005147815888851818,0.005147815888851818,0.12046879296570343,1.000059835898689,-2.462427538569527e-11,1.7287951747051693,0.10103171961684305,0.0036904376666666654,0.0014318728096176458,0.0010262393591962456,0.0004451912412586686,0.0032930326916666636,1.7298961484651854,0.09917863629973947,0.0011009737600160552,-0.0018530833171035849,-0.001858643543898623,1.0060429034518485,1.0617168726099958e-07,-0.0004824263438785541,0.003961824195471534,0.003961824195471534,0.17670403791619432,0.9970084490846614,1.0681327251643765e-07]"
/multi_agv/m2b_algorithm_state,1789558495.857338,1789558495.857338,m2b_algorithm_state_v1:header6+3x20,"[1.0,-0.15,0.52,1.73092904504464,0.10110358651808493,1789558495.8572083,1.729493869092273,0.10094969000880308,0.0036904376666666654,0.0016365943935232607,0.0007348111234852792,0.0005080371341568575,0.004584685874999997,1.7294517913327256,0.09901133331639667,-4.207775954734316e-05,-0.0019383566924064122,-0.0019444510279290304,1.0063339852983169,1.3283485942682433e-07,-0.0019970482273632094,0.009543155047732909,0.009543155047732909,0.14195253841065128,0.9968657809144675,1.3367623347353783e-07,1.7305060870474187,0.10132489361494765,0.002796189458333334,-0.0008082767539723734,0.0017207379222015096,0.0006673456266620831,-0.0017884964166666626,1.7289874460644854,0.10195658258965853,-0.0015186409829333058,0.0006316889747108867,0.000631057372921789,0.9980050604077476,-6.9430459565282015e-09,-0.0012672438557448434,0.003415626926874105,0.003415626926874105,0.1204687901755947,1.0010008627047227,-6.929194999258695e-09,1.729797567080363,0.10103275159443013,0.0036904376666666654,0.0014320260174119624,0.0010253339705915358,0.00044559578436371506,0.0032930326916666636,1.7309420929524315,0.09867726474690058,0.0011445258720685914,-0.0023554868475295504,-0.002364504624585572,1.007724641398925,1.7162052869541122e-07,-0.0009338472844998328,0.005770616740345244,0.005770616740345244,0.17670402849356767,0.9961861876004567,1.729462357362772e-07]"
/multi_agv/m2b_algorithm_state,1789558495.8671417,1789558495.8671417,m2b_algorithm_state_v1:header6+3x20,"[1.0,-0.15,0.52,1.731926779094411,0.10110471964999711,1789558495.8670225,1.730490692679747,0.10095067532891386,0.0036904376666666654,0.0016362618576485246,0.0007340491066154967,0.0005085776507406072,0.004584685874999997,1.7306352513626069,0.10066872206880817,0.0001445586828598966,-0.00028195326010568844,-0.00028208060715771195,1.0009042809451731,2.806838376416057e-09,-0.00010138225358284121,0.00212256864185885,0.00212256864185885,0.14195253284054396,0.9995485437538344,2.8093765468760306e-09,1.7315022555508388,0.10132622944972715,0.002796189458333334,-0.0008082943704529498,0.0017196315185965538,0.0006679287949266366,-0.0017884964166666626,1.7299465089099662,0.10098409569280002,-0.0015557466408726572,-0.00034213375692712655,-0.00034232040412134583,1.0010924886079495,-2.038168631082705e-09,-0.0022870037052121674,0.007454506423376409,0.007454506423376409,0.1204687934258219,0.9994547587816205,-2.040395307093243e-09,1.730794186903334,0.1010338547756138,0.0036904376666666654,0.0014317364210908704,0.0010244627584716452,0.00044617448739557586,0.0032930326916666636,1.731386589471085,0.09593263525339638,0.0005924025677508382,-0.005101219522217426,-0.005144394013468335,1.0172503842748326,8.061550354501665e-07,-0.004403890803779787,0.01902718147383217,0.01902718147383217,0.1767040394572655,0.9916074680248296,8.200615195967732e-07]"
/multi_agv/m2b_algorithm_state,1789558495.877433,1789558495.877433,m2b_algorithm_state_v1:header6+3x20,"[1.0,-0.15,0.52,1.7329275470394283,0.10110583494654202,1789558495.8772442,1.7314887080462706,0.10095164067023756,0.0036904376666666654,0.0016360603828939986,0.00073328242461339,0.0005090637846726057,0.004584685874999997,1.7318216255856675,0.10203584705549752,0.00033291753939690416,0.001084206385259967,0.0010823427042514725,0.9965762231870517,4.1458061812471345e-08,0.0014984896284976027,-0.004193535416698195,-0.004193535416698195,0.14195252938410094,1.0017218954783673,4.131611866172803e-08,1.7324996269610218,0.10132757734094765,0.002796189458333334,-0.0008084751491569389,0.0017185435998321452,0.0006685730728516193,-0.0017884964166666626,1.7309545319512036,0.10098409569280002,-0.0015450950098181426,-0.0003434816481476255,-0.00034366976738023065,1.0010967894181309,-2.0547083207673682e-09,-0.002275038529652909,0.007412467531573629,0.007412467531573629,0.12046879542239478,0.9994526162890638,-2.0569619031109312e-09,1.7317920022759408,0.10103494093880612,0.0036904376666666654,0.0014315288296744967,0.00102359581795608,0.0004467154229372992,0.0032930326916666636,1.7323035145301435,0.09549874537524508,0.0005115122542027617,-0.005536195563561039,-0.005587211955468358,1.0188118536075559,9.496019883749272e-07,-0.004947821637714906,0.021080833797402884,0.021080833797402884,0.17670404615907562,0.9908690788332475,9.674657619656803e-07]"
/multi_agv/m2b_algorithm_state,1789558495.88759,1789558495.88759,m2b_algorithm_state_v1:header6+3x20,"[1.0,-0.15,0.52,1.733926559945889,0.10110695807797367,1789558495.8874,1.7324897490920044,0.10095256105209628,0.0036904376666666654,0.0016361776074113065,0.0007324905274438184,0.0005094248920965216,0.004584685874999997,1.7328781109138984,0.10151817146735566,0.00038836182189405655,0.0005656104152593766,0.0005651012256720868,0.9982033513212882,1.1287855967151517e-08,0.0010505535030396575,-0.0023557526676896835,-0.0023557526676896835,0.14195253139542124,1.0009010590742997,1.1267575655642646e-08,1.7335000424298703,0.10132895511874629,0.002796189458333334,-0.0008090228008104973,0.0017174861713262768,0.0006693605166128297,-0.0017884964166666626,1.7321732818810627,0.10076874725051896,-0.0013267605488076484,-0.0005602078682273304,-0.0005607090877591859,1.0017931938909108,-5.470135429663757e-09,-0.002219159773768746,0.0073049565077369216,0.0073049565077369216,0.12046879424417566,0.9991060970068122,-5.479944443098685e-09,1.73279284959641,0.10103598866878347,0.0036904376666666654,0.0014315294881725488,0.0010227246726701176,0.0004471682780961745,0.0032930326916666636,1.7336476000722731,0.09842723898790665,0.0008547504758631419,-0.0026087496808768207,-0.0026198315011436773,1.0085791893052727,2.1046878081346212e-07,-0.00155139340631475,0.008050664466977275,0.008050664466977275,0.17670404220462563,0.9957700255676677,2.1227443232691074e-07]"
/multi_agv/m2b_algorithm_state,1789558495.8973732,1789558495.8973732,m2b_algorithm_state_v1:header6+3x20,"[1.0,-0.15,0.52,1.7349224496184068,0.10110809567494977,1789558495.897174,1.7334890352461276,0.10095350775891687,0.0036904376666666654,0.0016360754950571097,0.0007317260844853287,0.000509866792167454,0.004584685874999997,1.733947808739412,0.10100486021269867,0.0004587734932843812,5.135245378179443e-05,5.1348240231565635e-05,0.9998359286347558,9.307408346563683e-11,0.0006248151068370422,-0.0006055356326945,-0.0006055356326945,0.14195253025533133,1.000082058318061,9.305881267369377e-11,1.7344987030413528,0.10133030876398245,0.002796189458333334,-0.0008093498572905558,0.0017164292863915964,0.0006700520580263797,-0.0017884964166666626,1.7332559451964573,0.10163902174619345,-0.0012427578448954701,0.00030871298221099575,0.00030856177348646753,0.9990215375751497,-1.6608040287875257e-09,-0.0012448855326328701,0.0034757554538312235,0.0034757554538312235,0.12046879490315386,1.0004900436072157,-1.659178994450317e-09,1.7337919415501863,0.10103705771102166,0.0036904376666666654,0.0014313828897150882,0.001021869949641042,0.00044767642088710613,0.0032930326916666636,1.73493652271975,0.09767946826549455,0.0011445811695636188,-0.0033575894455271094,-0.0033760497322632694,1.0111347524973122,3.4877185836221785e-07,-0.001945323270308746,0.009746743963284557,0.009746743963284557,0.1767040444386588,0.9945319861376022,3.5265534668310877e-07]"
/multi_agv/m2b_algorithm_state,1789558495.9070787,1789558495.9070787,m2b_algorithm_state_v1:header6+3x20,"[1.0,-0.15,0.52,1.7359179903886048,0.10110923250451122,1789558495.9069738,1.734485200762201,0.10095449794844166,0.0036904376666666654,0.0016356244923846717,0.0007310042303864336,0.0005104377683821102,0.004584685874999997,1.7349571040472915,0.10100486021269867,0.0004719032850906135,5.036226425700341e-05,5.035821165727928e-05,0.9998390926424541,8.949431549376233e-11,0.0006402373180205462,-0.0006602917435073125,-0.0006602917435073125,0.14195252351748006,1.0000804754495989,8.947991519994084e-11,1.7354942375309523,0.10133162613064214,0.002796189458333334,-0.0008093153159846019,0.0017153637376368103,0.0006705913670771307,-0.0017884964166666626,1.7342715773900952,0.10163902174619345,-0.0012226601408571458,0.00030739561555130634,0.0003072456957575485,0.999025715781597,-1.6465813398691471e-09,-0.0012210794803138836,0.003391760156864292,0.003391760156864292,0.12046879881794963,1.0004879475801547,-1.6449771016553958e-09,1.734787910562067,0.1010381629457655,0.0036904376666666654,0.0014310009684637597,0.0010210379862902637,0.00044827472772998415,0.0032930326916666636,1.7359125889089306,0.09767946826549455,0.0011246783468636945,-0.003358694680270946,-0.0033771670031433184,1.0111383922413002,3.489068520579776e-07,-0.0019713190695637003,0.009837977152412459,0.009837977152412459,0.17670405763824001,0.9945302311507903,3.527931134318766e-07]"
/multi_agv/m2b_algorithm_state,1789558495.917168,1789558495.917168,m2b_algorithm_state_v1:header6+3x20,"[1.0,-0.15,0.52,1.7369206929437,0.10111032897372507,1789558495.9169452,1.7354810151860316,0.10095548890249091,0.0036904376666666654,0.0016351464811715294,0.0007302946398259455,0.000511014072788854,0.004584685874999997,1.7361077154178117,0.10274284944295385,0.0006267002317801307,0.00178736054046294,0.0017823227714028975,0.9944010473256789,1.1254736920110969e-07,0.002565698061128061,-0.008339153022462735,-0.008339153022462735,0.14195251614084714,1.002826518934097,1.1191722180733334e-07,1.7364894258703292,0.10133293982675738,0.002796189458333334,-0.0008092705895814409,0.0017143064451727863,0.0006711219667384638,-0.0017884964166666626,1.7352547982000346,0.10089864176182728,-0.0012346276702945858,-0.0004342980649301026,-0.00043459899710259484,1.001388107546658,-3.2882336657016473e-09,-0.001977883584970827,0.006396555450676598,0.006396555450676598,0.12046880310565412,0.9993075635827545,-3.2927980876681824e-09,1.735783530109454,0.10103926878428539,0.0036904376666666654,0.0014305952863597165,0.001020217098947152,0.00044887757274908674,0.0032930326916666636,1.7365644778829001,0.09465656141256137,0.0007809477734461723,-0.006382707371724014,-0.0064509445467408255,1.0218918554436809,1.26198055880461e-06,-0.00547475982993311,0.02321371940257471,0.02321371940257471,0.1767040721229541,0.9894221420565013,1.2896076547706961e-06]"
/multi_agv/m2b_algorithm_state,1789558495.9270067,1789558495.9270067,m2b_algorithm_state_v1:header6+3x20,"[1.0,-0.15,0.52,1.7379188244100163,0.10111144819171741,1789558495.9268765,1.7364839759735318,0.10095637344187001,0.0036904376666666654,0.0016354483276960555,0.0007295144618887576,0.0005112890589591217,0.004584685874999997,1.7371175158517322,0.10308311705949717,0.0006335398782004731,0.002126743617627158,0.0021196294780952136,0.993363741389031,1.593346454033705e-07,0.002911554325845805,-0.009741077672503094,-0.009741077672503094,0.14195252165029607,1.0033563127921479,1.5827725949078671e-07,1.7374917947738768,0.10133432897416388,0.002796189458333334,-0.0008100950033678297,0.0017133054905302814,0.000672000001316439,-0.0017884964166666626,1.7360065023273772,0.10119838297974353,-0.001485292446499642,-0.00013594599442035005,-0.0001359754140790316,1.0004330364538223,-3.2245486683511696e-10,-0.001992590972203584,0.006321345900360671,0.006321345900360671,0.12046879991259812,0.9997836398669508,-3.2259450154716896e-10,1.7367863080836916,0.1010402845051413,0.0036904376666666654,0.001430703065640616,0.001019374187281652,0.00044926930993628884,0.0032930326916666636,1.7379475296069717,0.09723249381763199,0.0011612215232801315,-0.003807790687509305,-0.003831612682486717,1.0126909665923678,4.484804931109585e-07,-0.002380085778386553,0.011454015669288897,0.011454015669288897,0.17670406132178415,0.9937827758305802,4.541721440663583e-07]"
/multi_agv/m2b_algorithm_state,1789558495.9370034,1789558495.9370034,m2b_algorithm_state_v1:header6+3x20,"[1.0,-0.15,0.52,1.73891582829455,0.10111257091151755,1789558495.9368691,1.73748237084568,0.1009573263157653,0.0036904376666666654,0.001635212803754428,0.0007287923830633142,0.0005117667515145832,0.004584685874999997,1.7380727352091305,0.102158205131789,0.0005903643634506128,0.0012008788160236955,0.001198594641387778,0.9962131073038549,5.082884129753842e-08,0.001936550095701044,-0.005811137070900614,-0.005811137070900614,0.14195251891172136,1.0019057107023879,5.0636357929675254e-08,1.7384895867708738,0.10133566162559356,0.002796189458333334,-0.000810350018573225,0.0017122870825720948,0.0006726403016284327,-0.0017884964166666626,1.7370184456778215,0.10119838297974353,-0.0014711410930523527,-0.0001372786458500308,-0.00013730864488714224,1.0004372801482868,-3.289095787475023e-10,-0.0019762350112025834,0.006263621271198966,0.006263621271198966,0.12046880149885708,0.9997815211333845,-3.2905340437686994e-10,1.7377845156134957,0.10104135663379338,0.0036904376666666654,0.0014304540053607182,0.001018559435586086,0.00044980107458797306,0.0032930326916666636,1.7389635796008627,0.09628064354805041,0.0011790639873670017,-0.004760713085742968,-0.004798216641261166,1.0160363933369303,7.013267497571808e-07,-0.0033243866570524137,0.015133106714682236,0.015133106714682236,0.17670406666935093,0.9921838553108056,7.125735013739978e-07]"
/multi_agv/m2b_algorithm_state,1789558495.9471362,1789558495.9471362,m2b_algorithm_state_v1:header6+3x20,"[1.0,-0.15,0.52,1.7399168656564923,0.10111366970108072,1789558495.9469771,1.7384796373320666,0.10095829308048374,0.0036904376666666654,0.0016348499635846082,0.0007280907926053622,0.0005122889731020096,0.004584685874999997,1.739040319942925,0.10158890917644045,0.0005606826108583984,0.0006306160959567153,0.000629983497932573,0.9979984945865918,1.4019177958165794e-08,0.001330836761505571,-0.003384527172516315,-0.003384527172516315,0.14195251416997906,1.0010041501503109,1.3991118497590993e-08,1.7394862523637196,0.10133697964498645,0.002796189458333334,-0.0008104837685439111,0.0017112722075083298,0.0006732262004066625,-0.0017884964166666626,1.7381542470304507,0.1023955578549355,-0.0013320053332688264,0.0010585782099490487,0.001056810518942907,0.9966736566448299,-1.954413212328608e-08,-0.0006081961476431261,0.0008787045076378657,0.0008787045076378657,0.1204688042508484,1.0016726659835955,-1.947912162926522e-08,1.7387815951878642,0.1010424400090825,0.0036904376666666654,0.001430116574962204,0.0010177585858340285,0.00045036391287867636,0.0032930326916666636,1.7397009585493701,0.09410651399349962,0.0009193633615058872,-0.006935926015582877,-0.007016835004160849,1.023934612803945,1.4901770489521695e-06,-0.00586763080227849,0.024767157456918116,0.024767157456918116,0.176704075969268,0.9884693043900856,1.5258438596281652e-06]"
/multi_agv/m2b_algorithm_state,1789558495.9569967,1789558495.9569967,m2b_algorithm_state_v1:header6+3x20,"[1.0,-0.15,0.52,1.740912076638141,0.1011147971017271,1789558495.95691,1.7394809273963843,0.10095919907827688,0.0036904376666666654,0.0016349215426780853,0.0007273530118157455,0.0005126417173004466,0.004584685874999997,1.7400148598132388,0.1014760674745639,0.0005339324168545101,0.0005168683962870207,0.0005164430666761689,0.9983574187595375,9.419003591148409e-09,0.0011838585877443067,-0.0028084552300982643,-0.0028084552300982643,0.14195251666390948,1.0008235750236503,9.40353211254574e-09,1.7404869635820819,0.10133833840951285,0.002796189458333334,-0.0008111088712497655,0.0017102937767692339,0.0006740061252963614,-0.0017884964166666626,1.7391889558078977,0.10259935068333989,-0.0012980077741842067,0.0012610122738270363,0.0012585077546899703,0.9960467605744104,-2.77509315486788e-08,-0.000364001963040288,-8.287137562419374e-05,-8.287137562419374e-05,0.1204688028158563,1.0019900704844549,-2.7641225471983727e-08,1.7397827059910103,0.10104347161545246,0.0036904376666666654,0.0014300638222580339,0.0010169492187252606,0.00045080778572416814,0.0032930326916666636,1.7407015158135293,0.09483806646023797,0.0009188098225190178,-0.006205405155214491,-0.006269814931671429,1.0212407448605074,1.1922531526350957e-06,-0.0051213026535226564,0.021924497064456577,0.021924497064456577,0.17670407112053996,0.9897270051574286,1.2175774976593533e-06]"
/multi_agv/m2b_algorithm_state,1789558495.9671402,1789558495.9671402,m2b_algorithm_state_v1:header6+3x20,"[1.0,-0.15,0.52,1.741912158799509,0.10111589569545025,1789558495.9669023,1.7404763985702862,0.10096018871022729,0.0036904376666666654,0.0016343398336566882,0.0007266868607896269,0.0005132403752079349,0.004584685874999997,1.7408696589743127,0.10177635762030456,0.0003932604040264298,0.0008161689100772695,0.0008151107834869549,0.9974150879037404,2.34722815492661e-08,0.0013066862885199922,-0.0033860301344854106,-0.0033860301344854106,0.14195250866735848,1.001298138377937,2.341160776476259e-08,1.741481839687662,0.10133962968732602,0.002796189458333334,-0.0008110374422722684,0.0017092891485628314,0.0006744977567966909,-0.0017884964166666626,1.739648278116696,0.10258077239323891,-0.0018335615709659248,0.0012411427059128982,0.00123871616853074,0.9961082378668644,-2.6881149160291372e-08,-0.0010532357951766659,0.0023835453035926583,0.0023835453035926583,0.12046880739995643,1.0019589131423352,-2.677653412189418e-08,1.7407779916564747,0.10104457290762806,0.0036904376666666654,0.0014295754338266337,0.001016173534411591,0.00045142296818088696,0.0032930326916666636,1.7417600235928428,0.09720517549296409,0.000982031936368033,-0.0038393974146639642,-0.0038636208813793817,1.0128001035805387,4.555973042699061e-07,-0.0026360809609193405,0.012361775165583747,0.012361775165583747,0.17670408662994935,0.9937303717266458,4.614289969555751e-07]"
/multi_agv/m2b_algorithm_state,1789558495.9769733,1789558495.9769733,m2b_algorithm_state_v1:header6+3x20,"[1.0,-0.15,0.52,1.7429055119292045,0.10111702720601283,1789558495.976846,1.7414767296138978,0.10096110372892568,0.0036904376666666654,0.0016342961177882843,0.0007259756210994169,0.0005136292894234312,0.004584685874999997,1.7419137738958268,0.10220404660109517,0.0004370442819290332,0.0012429428721694863,0.001240496779923765,0.9960825369653141,5.4418905367245036e-08,0.0017868021323350564,-0.005298206438843904,-0.005298206438843904,0.14195250945845803,1.0019718650506064,5.4205721317080785e-08,1.742481600734704,0.10134097232814222,0.002796189458333334,-0.0008115704131910974,0.001708325805584776,0.0006752298980759602,-0.0017884964166666626,1.7406690638963351,0.10258077239323891,-0.0018125368383687945,0.0012398000650966912,0.0012373787943986676,0.9961124595475649,-2.684050973121693e-08,-0.0010282922535623255,0.0022946691341900593,0.0022946691341900593,0.1204688069506796,1.0019567740363615,-2.6736166163872846e-08,1.7417781460499253,0.1010456110292828,0.0036904376666666654,0.0014294390156677954,0.0010153860764342774,0.00045189171046010335,0.0032930326916666636,1.7427951813542346,0.09688701718020822,0.0010170353043092994,-0.0041585938490745905,-0.004187080207525017,1.0139136054982252,5.345535937328367e-07,-0.002915786077138393,0.0134679361363368,0.0134679361363368,0.1767040851039907,0.9931966055010767,5.41991161553694e-07]"
/multi_agv/m2b_algorithm_state,1789558495.987047,1789558495.987047,m2b_algorithm_state_v1:header6+3x20,"[1.0,-0.15,0.52,1.7439087135285967,0.10111810314993629,1789558495.9868762,1.7424703407524598,0.10096211383713173,0.0036904376666666654,0.0016335124959527309,0.0007253455592408197,0.0005142966960171854,0.004584685874999997,1.7429678572084764,0.10243630094037394,0.000497516456016589,0.0014741871032422083,0.0014707522372308707,0.9953659844910839,7.650132585044176e-08,0.002092647807251607,-0.006500450289602068,-0.006500450289602068,0.14195249815757965,1.0023354484354243,7.614681751999817e-08,1.7434746219817665,0.10134223911613141,0.002796189458333334,-0.0008113118213144846,0.0017073301576859823,0.0006756357303557836,-0.0017884964166666626,1.7417498755228717,0.10209749097176883,-0.0017247464588947548,0.0007552518556374205,0.0007543500529690627,0.9976187489297794,-9.960517139668421e-09,-0.0014015830206493807,0.0038368634160926085,0.0038368634160926085,0.1204688135056562,1.0011954697488366,-9.936798647569635e-09,1.7427715730533873,0.1010467286647753,0.0036904376666666654,0.001428808674099806,0.00101463611700382,0.000452555042862702,0.0032930326916666636,1.7436280188637132,0.09547148432498934,0.0008564458103259565,-0.00557524433978597,-0.005626989982089172,1.0189498340097833,9.611848097738998e-07,-0.004556432719181726,0.01973166856206128,0.01973166856206128,0.17670410721893579,0.9908040280029093,9.793991023718403e-07]"
/multi_agv/m2b_algorithm_state,1789558495.996916,1789558495.996916,m2b_algorithm_state_v1:header6+3x20,"[1.0,-0.15,0.52,1.7449075159740788,0.10111920056577321,1789558495.996868,1.7434737802114195,0.10096297646947781,0.0036904376666666654,0.0016338141188901767,0.0007246159505783548,0.0005145454755477062,0.004584685874999997,1.7441717812022806,0.10253184269802745,0.0006980009908610363,0.0015688662285496396,0.001564978820967054,0.9950737386238656,8.66530492326655e-08,0.002437480059543349,-0.007776517635983049,-0.007776517635983049,0.14195250456078415,1.0024840001222404,8.622617366310636e-08,1.7444775160936454,0.10134361127362665,0.002796189458333334,-0.0008122548939374129,0.0017064076951456286,0.0006765243710710883,-0.0017884964166666626,1.7427656693933127,0.10209749097176883,-0.001711846700332753,0.0007538796981421819,0.0007529811767275861,0.9976230824702945,-9.935840535955919e-09,-0.0013868271986883552,0.003783994519742915,0.003783994519742915,0.12046880982415385,1.001193285360068,-9.912223862413647e-09,1.7437748442807257,0.1010477217067044,0.0036904376666666654,0.0014288931438627647,0.0010138530949362458,0.0004529257322168677,0.0032930326916666636,1.7448416731831546,0.09656396167827609,0.001066828902428929,-0.004483760028428305,-0.0045169552165060314,1.0150556499945442,6.212985398617393e-07,-0.00318341908846987,0.014531113814587028,0.014531113814587028,0.1767040947750417,0.9926509813609788,6.306525932200191e-07]"
/multi_agv/m2b_algorithm_state,1789558496.0069444,1789558496.0069444,m2b_algorithm_state_v1:header6+3x20,"[1.0,-0.15,0.52,1.7459007469722876,0.101120324321471,1789558496.0067723,1.744472825577282,0.10096390508281027,0.0036904376666666654,0.0016335941799399708,0.000723941941773276,0.0005149914091678335,0.004584685874999997,1.7451960521727836,0.1022858623129431,0.0007232265955017247,0.001321957230132828,0.0013191920134466096,0.995837404617535,6.152690613813867e-08,0.0022232252578237655,-0.006893018508876853,-0.006893018508876853,0.14195250304737816,1.0020961441988978,6.12707945227507e-08,1.745476005377412,0.10134492765546697,0.002796189458333334,-0.0008126429076591489,0.0017054682100001717,0.0006771812690812701,-0.0017884964166666626,1.743894201951808,0.10293162305739509,-0.0015818034256041003,0.0015866954019281149,0.0015827402725223643,0.9950446528745439,-4.400787525582393e-08,-0.00039451400948276104,-0.00012187563867863723,-0.00012187563867863723,0.1204688106977839,1.0024989124712467,-4.378980095767755e-08,1.7447737169675421,0.10104876895904241,0.0036904376666666654,0.0014286322783390814,0.001013096761179966,0.00045343222793872056,0.0032930326916666636,1.7460501023758022,0.097959477405017,0.0012763854082600279,-0.0030892915540254168,-0.0031048855743515775,1.010212669430293,2.9462559471686896e-07,-0.0015094038140265427,0.008102674911260087,0.008102674911260087,0.1767040977395392,0.99497758614521,2.9763450852141585e-07]"
/multi_agv/m2b_algorithm_state,1789558496.0169683,1789558496.0169683,m2b_algorithm_state_v1:header6+3x20,"[1.0,-0.15,0.52,1.7468990963077575,0.1011214172642822,1789558496.0167933,1.7454663066888587,0.100964910582832,0.0036904376666666654,0.0016327707888120157,0.0007233362813354289,0.0005156633616732655,0.004584685874999997,1.7461017977775597,0.10173740026961278,0.000635491088700979,0.0007724896867807862,0.0007715415335114623,0.9975523684960674,2.100717595684768e-08,0.001565905394387686,-0.004289870602185369,-0.004289870602185369,0.14195249150292605,1.0012289076195402,2.0955758131167044e-08,1.7464689147094754,0.10134618182495762,0.002796189458333334,-0.0008123874340520846,0.0017045032115630132,0.000677572510459884,-0.0017884964166666626,1.744932503028565,0.10276259441519264,-0.0015364116809104544,0.0014164125902350194,0.0014132568087258694,0.9955679247097542,-3.506209354557432e-08,-0.0005072577924121987,0.00035711645871237623,0.00035711645871237623,0.12046881736964352,1.0022329851798097,-3.490669570714669e-08,1.745767019518529,0.10104988055662337,0.0036904376666666654,0.0014279671546087035,0.0010123728797731832,0.00045409707250402545,0.0032930326916666636,1.7470707533308114,0.09779825535345253,0.001303733812282326,-0.0032516252031708354,-0.0032689219459805094,1.0107687238895406,3.2628298716794283e-07,-0.0016392546806276017,0.008625772646711749,0.008625772646711749,0.17670412024362805,0.9947087317790068,3.2979663856660896e-07]"
/multi_agv/m2b_algorithm_state,1789558496.0270212,1789558496.0270212,m2b_algorithm_state_v1:header6+3x20,"[1.0,-0.15,0.52,1.7479032095582003,0.1011224765732367,1789558496.0268683,1.7464648944637922,0.10096583586341056,0.0036904376666666654,0.0016325256365217508,0.0007226831110088031,0.000516109385096705,0.004584685874999997,1.7471093435425205,0.10175716877164881,0.000644449078728293,0.0007913329082382542,0.0007903380886671672,0.9974932316863464,2.2040822444145833e-08,0.0015958994370775335,-0.004405782840591668,-0.004405782840591668,0.1419518197965442,1.0012587265947979,2.1985571208835984e-08,1.7474669564842735,0.10134749144452011,0.002796189458333334,-0.0008127797676237532,0.0017035805295479989,0.0006782225407137576,-0.0017884964166666626,1.7455305921558344,0.10176740127715489,-0.001936364328439133,0.00041990983263477666,0.0004196303773718137,0.9986710912318791,-3.0852393837545402e-09,-0.0020008250331771025,0.006111460408841302,0.006111460408841302,0.1204683969357074,1.0006659557506614,-3.081139382085717e-09,1.746765437975207,0.10105092448491591,0.0036904376666666654,0.0014276793281492342,0.0010116365438889944,0.0004546048527954271,0.0032930326916666636,1.7481031444523383,0.09840960361510043,0.001337706477131384,-0.002641320869815486,-0.0026526816497764918,1.0086877508215333,2.1516658663288877e-07,-0.0009805485533622618,0.006053456887601066,0.006053456887601066,0.17670281249224853,0.9957172471253899,2.1703590032267516e-07]"
/multi_agv/m2b_algorithm_state,1789558496.0369995,1789558496.0369995,m2b_algorithm_state_v1:header6+3x20,"[1.0,-0.15,0.52,1.7489006529393925,0.10112356931712779,1789558496.0368829,1.7474692330830244,0.10096667636193146,0.0036904376666666654,0.001632891372623875,0.0007219741863839333,0.0005163196155406137,0.004584685874999997,1.7479904530825778,0.10227228081433283,0.0005212199995534572,0.0013056044524013682,0.00130290699236785,0.9958882863537281,5.998826267210207e-08,0.0019544319918096712,-0.0059272461345140255,-0.0059272461345140255,0.14195249718644923,1.0020703396706898,5.974160811385704e-08,1.7484707782482645,0.10134885755822302,0.002796189458333334,-0.0008138537458500642,0.0017027060701926278,0.0006791429549590222,-0.0017884964166666626,1.7465353468327747,0.10161539279964252,-0.0019354314154897967,0.0002665352414194938,0.0002664225201669088,0.9991550271478616,-1.2448126831692456e-09,-0.002152866749195337,0.006715974788268348,0.006715974788268348,0.12046881405412652,1.0004230920588635,-1.2437608502459701e-09,1.747769617343312,0.10105189579955556,0.0036904376666666654,0.0014277956379260969,0.001010883666369567,0.0004549460611429331,0.0032930326916666636,1.7487377487950184,0.09973254176697899,0.0009681314517064887,-0.0013193540325765751,-0.0013221605135261946,1.004275471142229,5.364221790886797e-08,-0.0001119961988930837,0.0024146282300449217,0.0024146282300449217,0.17670410907500103,0.9978773523177343,5.38715636635425e-08]"
/multi_agv/m2b_algorithm_state,1789558496.0470128,1789558496.0470128,m2b_algorithm_state_v1:header6+3x20,"[1.0,-0.15,0.52,1.7499002056538888,0.10112464751167567,1789558496.0468984,1.7484669110824103,0.10096761593089534,0.0036904376666666654,0.0016324860503777218,0.0007213453353481108,0.0005168224159649761,0.004584685874999997,1.7490867474744833,0.10319807860678344,0.0006198363920730809,0.002230462675888098,0.002222645062686839,0.9930494025134956,1.7491475968476523e-07,0.00299744055277819,-0.010102307858432876,-0.010102307858432876,0.14195249321865513,1.0035172566832642,1.7369899759574777e-07,1.7494679194180836,0.10135014287075765,0.002796189458333334,-0.0008140984844508463,0.0017017994360735145,0.0006797206608895462,-0.0017884964166666626,1.7476979640265162,0.10277458018916008,-0.0017699553915673238,0.00142443731840243,0.001421246043703462,0.9955434638597153,-3.55343450047805e-08,-0.0007911981957556928,0.0013648253952791944,0.0013648253952791944,0.12046881635361022,1.0022454062145723,-3.537598491204535e-08,1.7487671283176833,0.10105294914973041,0.0036904376666666654,0.0014274015602874237,0.001010166739251639,0.00045548980136557926,0.0032930326916666636,1.749742050142932,0.09871313921780826,0.0009749218252486092,-0.002339809931922149,-0.0023487046173875713,1.0076698123035128,1.6877934554233022e-07,-0.0011300523358268098,0.006449886569806303,0.006449886569806303,0.17670411682452192,0.9962129399331128,1.7007385144334962e-07]"
/multi_agv/m2b_algorithm_state,1789558496.0568871,1789558496.0568871,m2b_algorithm_state_v1:header6+3x20,"[1.0,-0.15,0.52,1.750892990523166,0.10112575820889123,1789558496.0567865,1.7494666920372732,0.10096852168600995,0.0036904376666666654,0.0016323082903256674,0.000720701181602789,0.0005172345377745077,0.004584685874999997,1.750353688707839,0.10180470051098782,0.0008869966705657983,0.0008361788249778707,0.0008350684717162541,0.9973526148494958,2.4605401489007453e-08,0.001943814309923502,-0.005665926442138303,-0.005665926442138303,0.14195249304360655,1.0013296553506978,2.454026151448326e-08,1.7504671778003873,0.1013514475191985,0.002796189458333334,-0.0008146061085276182,0.0017009164394956588,0.0006804000225685003,-0.0017884964166666626,1.7487119718474993,0.10277458018916008,-0.0017552059528880282,0.0014231326699615798,0.0014199472634449145,0.9955475586332282,-3.549122130520838e-08,-0.0007740601776651207,0.0013037542052776363,0.0013037542052776363,0.1204688164466459,1.0022433273394515,-3.533319872331182e-08,1.7497667471240057,0.10105397332981855,0.0036904376666666654,0.0014271551035856052,0.0010094493585473428,0.00045596979004899115,0.0032930326916666636,1.7509486712385645,0.09914310693982469,0.0011819241145587522,-0.0019108663899938677,-0.001916779588742584,1.0062335314239446,1.1251705247287648e-07,-0.00043937444554414365,0.0038306444519764994,0.0038306444519764994,0.17670411717842513,0.9969150345801651,1.1321843105519577e-07]"
/multi_agv/m2b_algorithm_state,1789558496.06704,1789558496.06704,m2b_algorithm_state_v1:header6+3x20,"[1.0,-0.15,0.52,1.7518971435644624,0.1011268043539571,1789558496.0668902,1.7504597146253729,0.10096952174846952,0.0036904376666666654,0.0016313953094597828,0.0007201378564831273,0.0005179233028849924,0.004584685874999997,1.7512593223350765,0.1005264976279942,0.0007996077097036647,-0.0004430241204753105,-0.00044333882769759725,1.0014230963395858,6.909321166819423e-09,0.0005561708094319836,-0.00014081925545729348,-0.00014081925545729348,0.1419352133576392,0.9992901428825416,6.919153796480946e-09,1.7514596570804537,0.10135267645133147,0.002796189458333334,-0.0008143242221639218,0.0016999996718634058,0.0006807547273207232,-0.0017884964166666626,1.7498421031080638,0.10098019139474308,-0.0016175539723899401,-0.0003724850565883925,-0.00037270625991017985,1.0011893892404242,-2.43360589552685e-09,-0.002394648725397605,0.007842865706110317,0.007842865706110317,0.12045794258339518,0.9994064942138597,-2.4365004001944227e-09,1.7507595998636711,0.10105507642687271,0.0036904376666666654,0.0014264176541213557,0.0010087689051816008,0.0004566433957310526,0.0032930326916666636,1.7521697476495062,0.10154466457541662,0.0014101477858350364,0.0004895881485439124,0.000489206947835989,0.9984456515202117,7.370102743666838e-09,0.0022518916801297847,-0.006802313930692515,-0.006802313930692515,0.17667028897326506,1.0007792217784512,7.358647035671336e-09]"
/multi_agv/m2b_algorithm_state,1789558496.0773084,1789558496.0773084,m2b_algorithm_state_v1:header6+3x20,"[1.0,-0.15,0.52,1.7528976036458186,0.1011278679851621,1789558496.0771677,1.7514640824390044,0.10097035121665361,0.0036904376666666654,0.0016317366003246454,0.0007194587444226293,0.0005181286222366965,0.004584685874999997,1.7522061892616758,0.10042870402810541,0.0007421068226713956,-0.0005416471885481972,-0.000542117952408116,1.0017418175269925,1.0330767061649414e-08,0.00038551557593112854,0.0005091104207228584,0.0005091104207228584,0.14195117360574092,0.9991316209732077,1.0348761372784672e-08,1.752463532290566,0.10135402654109629,0.002796189458333334,-0.000815427565039664,0.0016991661783105627,0.0006816665614175765,-0.0017884964166666626,1.7508519715679574,0.10098019139474308,-0.001611560722608596,-0.00037383514635321025,-0.00037405795431078763,1.0011936967218493,-2.4545876948519033e-09,-0.0023885088575715326,0.007820560228434165,0.007820560228434165,0.12046799015135612,0.9994043490988236,-2.4575177281367397e-09,1.751763815963817,0.1010560353041214,0.0036904376666666654,0.001426507004899331,0.0010080493045212862,0.00045697898067823765,0.0032930326916666636,1.7533054338287701,0.10285507859043008,0.0015416178649532153,0.0017990432863086853,0.0017939468669480737,0.9943729234622422,9.942768356407739e-08,0.0037209691981395926,-0.01268043957765688,-0.01268043957765688,0.1767015468435727,1.0028408976065617,9.886819637869036e-08]"
/multi_agv/m2b_algorithm_state,1789558496.0873036,1789558496.0873036,m2b_algorithm_state_v1:header6+3x20,"[1.0,-0.15,0.52,1.7539022532659576,0.10112890613739241,1789558496.0871742,1.752464761305306,0.10097123712542493,0.0036904376666666654,0.001631626232316702,0.0007188268936131775,0.0005185051331290682,0.004584685874999997,1.7532747877066612,0.10160062940526532,0.0008100264013553016,0.0006293922798403934,0.0006287622392744398,0.9980027013066004,1.393646292631125e-08,0.0016412952409685668,-0.004491758241191787,-0.004491758241191787,0.14195249028483886,1.0010020330843667,1.3908627647117918e-08,1.7534637101617674,0.10135532677005803,0.002796189458333334,-0.0008160490345130427,0.001698319547846605,0.0006823763546877637,-0.0017884964166666626,1.7518334013005723,0.10192678687327708,-0.0016303088611950844,0.0005714601032190542,0.0005709431784571072,0.9981947791975277,-5.736269964989291e-09,-0.0014669428980367484,0.004144464276100177,0.004144464276100177,0.12046881805887354,1.000905387403601,-5.725914731119896e-09,1.7527643394703822,0.10105704006000336,0.0036904376666666654,0.0014262987842325703,0.0010073525313636922,0.0004574316766102712,0.0032930326916666636,1.7541387099770098,0.10044793570340806,0.0013743705066275869,-0.000609104356595308,-0.0006096992883817123,1.001957952540806,1.1415378427753914e-08,0.0011082638449027714,-0.0022259363029603265,-0.0022259363029603265,0.17670412259036475,0.9990242209598387,1.1437729196950796e-08]"
/multi_agv/m2b_algorithm_state,1789558496.0971048,1789558496.0971048,m2b_algorithm_state_v1:header6+3x20,"[1.0,-0.15,0.52,1.7549005108843012,0.10112997603276051,1789558496.0969858,1.753469619506363,0.10097206188873777,0.0036904376666666654,0.0016319463561045855,0.0007181564133364126,0.0005187151375861342,0.004584685874999997,1.7544923660892078,0.10207171146193747,0.0010227465828447357,0.0010996495731997041,0.001097733176729716,0.9965290279709177,4.253579971674183e-08,0.0023761664052856356,-0.007332763941283448,-0.007332763941283448,0.14195249927621686,1.0017457762146693,4.238815914569038e-08,1.7544680902405094,0.10135666466063997,0.002796189458333334,-0.0008171531085991906,0.001697510923655221,0.000683275569742639,-0.0017884964166666626,1.7528476962633004,0.10192678687327708,-0.0016203939772090337,0.0005701222126371086,0.000569607709597828,0.9981990108740805,-5.71713715763733e-09,-0.0014558847619134641,0.004104604571708544,0.004104604571708544,0.12046881284310353,1.0009032585595512,-5.706840655785035e-09,1.7537690500510006,0.10105799186279954,0.0036904376666666654,0.0014263760556423519,0.001006645629290948,0.00045776589222868433,0.0032930326916666636,1.7549401922570471,0.10159403033654704,0.001171142206046527,0.0005360384737475021,0.0005355816862713664,0.998299144860752,8.834272449922996e-09,0.0019995094438295252,-0.005926979870589969,-0.005926979870589969,0.17670410498269112,1.0008528810596864,8.819246632225028e-09]"
/multi_agv/m2b_algorithm_state,1789558496.1071744,1789558496.1071744,m2b_algorithm_state_v1:header6+3x20,"[1.0,-0.15,0.52,1.7558914434540134,0.10113108064877811,1789558496.1070225,1.75446809472512,0.10097298145533345,0.0036904376666666654,0.0016315267455477658,0.0007175626964896148,0.0005192058562730777,0.004584685874999997,1.755449616339985,0.10030512204241235,0.0009815216148649775,-0.0006678594129211068,-0.0006685757841666607,1.00215067655869,1.5705310531085264e-08,0.0005583262344145612,-4.592414349245005e-05,-4.592414349245005e-05,0.14195249679452054,0.9989285115277594,1.5739087574291416e-08,1.7554660678422453,0.10135792452151067,0.002796189458333334,-0.0008174597325688281,0.0016966708738317404,0.000683845466250485,-0.0017884964166666626,1.753840872298119,0.10085937396508665,-0.0016251955441264343,-0.0004985505564240184,-0.0004989471772380516,1.001594094335596,-4.376706872972208e-09,-0.0025304416073960944,0.008373699343461861,0.008373699343461861,0.12046881429548907,0.9992050845617992,-4.383683756606978e-09,1.7547673700855388,0.1010590221214374,0.0036904376666666654,0.0014259637257759685,0.0010059729821680682,0.0004582945117441932,0.0032930326916666636,1.7562837150809962,0.10470994832940196,0.001516344995457386,0.003650926207964561,0.003630231281368347,0.9888206185636705,4.087427297892867e-07,0.005525662525690079,-0.020099298521660834,-0.020099298521660834,0.17670410991110794,1.0057007184920772,4.041732389036457e-07]"
/multi_agv/m2b_algorithm_state,1789558496.117031,1789558496.117031,m2b_algorithm_state_v1:header6+3x20,"[1.0,-0.15,0.52,1.756885018020232,0.10113216628028078,1789558496.1169164,1.7554592555880715,0.10097400057512271,0.0036904376666666654,0.001630332218344143,0.000717055495600593,0.0005199874664909647,0.004584685874999997,1.7562184687951243,0.0984351819541006,0.0007592132070528557,-0.002538818621022107,-0.002549317466475408,1.0083495536655895,2.2707357376945317e-07,-0.0016003009576593384,0.008391911448121105,0.008391911448121105,0.14193600372666146,0.9958817034004728,2.2896953675967842e-07,1.756456707543272,0.10135910523441664,0.002796189458333334,-0.0008169320028783931,0.0016957922677758308,0.0006840737569156208,-0.0017884964166666626,1.7548435002057998,0.10085937396508665,-0.0016132073374721667,-0.0004997312693299921,-0.0005001297681914593,1.0015978655059732,-4.394602965371876e-09,-0.002516638940031668,0.008325806652271724,0.008325806652271724,0.12045844015053919,0.9992032090733006,-4.401624949862691e-09,1.7557583672306967,0.10106013613679496,0.0036904376666666654,0.0014250321680117982,0.0010053394664170327,0.00045902784063283665,0.0032930326916666636,1.7574295625951264,0.10584333005310305,0.0016711953644297228,0.00478319391630809,0.004747977760376828,0.9855435842005472,7.004987379632703e-07,0.0068369719659139815,-0.02542811452271702,-0.02542811452271702,0.17667183677863746,1.0074170852747353,6.903720369402813e-07]"
/multi_agv/m2b_algorithm_state,1789558496.1272173,1789558496.1272173,m2b_algorithm_state_v1:header6+3x20,"[1.0,-0.15,0.52,1.757894753865891,0.1011331608260485,1789558496.127027,1.7564530513986643,0.10097497120817958,0.0036904376666666654,0.0016294742957000353,0.0007165280478331759,0.0005206337046907176,0.004584685874999997,1.757087190371857,0.09787716197111142,0.0006341389731927549,-0.0030978092370681637,-0.003113505832574153,1.0102518503221354,3.3801789754262026e-07,-0.0023208321160832096,0.011155085546370177,0.011155085546370177,0.14191450949177897,0.9949585462979484,3.414832064344301e-07,1.7574499975781541,0.10136031786040943,0.002796189458333334,-0.0008167865507095326,0.0016949386737659111,0.0006844547403859341,-0.0017884964166666626,1.7556969778901914,0.10192345350089904,-0.0017530196879627091,0.0005631356404896121,0.0005626336684812834,0.9982210280458946,-5.575306602291972e-09,-0.001628640941472103,0.004722499990264873,0.004722499990264873,0.12044490796084026,1.0008921826695576,-5.565388288210957e-09,1.756752005083878,0.10106120977225334,0.0036904376666666654,0.0014243147072878284,0.001004704513355159,0.00045966911506759413,0.0032930326916666636,1.757810501279856,0.10362045926364767,0.001058496195977865,0.0025592494913943276,0.002548995980507687,0.9920649214962751,2.007819659412059e-07,0.003872116225480018,-0.013605281057454816,-0.013605281057454816,0.1766297472227044,1.0040225684799229,1.991887452793302e-07]"
/multi_agv/m2b_algorithm_state,1789558496.1375637,1789558496.1375637,m2b_algorithm_state_v1:header6+3x20,"[1.0,-0.15,0.52,1.7588930398434985,0.10113421549065242,1789558496.137505,1.7574629765387455,0.10097570167982994,0.0036904376666666654,0.0016303877183593512,0.0007158319120549087,0.0005205998844686587,0.004584685874999997,1.7583155148129392,0.10020523670800806,0.0008525382741937371,-0.0007704649718218853,-0.0007714190717604099,1.0024838781928067,2.088835491746152e-08,0.00029425377098176147,0.0009344947908678845,0.0009344947908678845,0.14195023384849026,0.9987631885528222,2.0940239046724608e-08,1.7584594876306048,0.10136170090201385,0.002796189458333334,-0.0008185904102089056,0.0016942012941421059,0.0006856202278961027,-0.0017884964166666626,1.7567129996960227,0.10192345350089904,-0.0017464879345820972,0.0005617525988851901,0.0005612530936445951,0.9982254025693078,-5.560177550291141e-09,-0.0016218568245830265,0.004697161175377072,0.004697161175377072,0.1204673985528156,1.0008899821600117,-5.550310473496202e-09,1.757761797428322,0.10106207989630166,0.0036904376666666654,0.0014247690328192029,0.001004009902726988,0.00045983350006125,0.0032930326916666636,1.7588227542902968,0.10478067111367327,0.0010609568619748266,0.003718591217371614,0.003697134024523191,0.9886227571041948,4.2365070433322443e-07,0.005023330101991724,-0.018329914812916587,-0.018329914812916587,0.17669970621033784,1.0058037368150834,4.1883072736704636e-07]"
/multi_agv/m2b_algorithm_state,1789558496.1474314,1789558496.1474314,m2b_algorithm_state_v1:header6+3x20,"[1.0,-0.15,0.52,1.7598815391550655,0.10113531758681314,1789558496.1473355,1.7584614701714525,0.100976606232355,0.0036904376666666654,0.0016299668345078635,0.0007152671146219973,0.0005210761126369977,0.004584685874999997,1.7594283923120353,0.10059272502444276,0.0009669221405828043,-0.00038388120791224556,-0.0003841173701526184,1.001232173758007,5.182768812788544e-09,0.000824535305575887,-0.0011205974215234274,-0.0011205974215234274,0.14194541773772398,0.9993851820856761,5.189154884513479e-09,1.7594575062752,0.101362945731376,0.002796189458333334,-0.0008189440745926821,0.0016933992951040366,0.0006861907221707153,-0.0017884964166666626,1.7577653775484028,0.10140558258243826,-0.0016921287267972485,4.2636851062261005e-05,4.263396224608441e-05,0.9998645139121161,-3.205629530907758e-11,-0.0020725269462504763,0.006520446764186981,0.006520446764186981,0.1204643666635948,1.0000677585667481,-3.20519521270341e-11,1.7587601430838435,0.10106309450822627,0.0036904376666666654,0.001424344014239709,0.0010033695379940812,0.000460350827894362,0.0032930326916666636,1.760139911930765,0.1072539259413129,0.0013797688469214808,0.00619083143308663,0.00613247116212469,0.9815926436276889,1.1715424902638295e-06,0.00785718222077654,-0.029891946026999676,-0.029891946026999676,0.17669027351438113,1.0095165993315034,1.1499774901402385e-06]"
/multi_agv/m2b_algorithm_state,1789558496.157294,1789558496.157294,m2b_algorithm_state_v1:header6+3x20,"[1.0,-0.15,0.52,1.760879713342238,0.10113636301864842,1789558496.1571395,1.7594501923324597,0.10097764486558765,0.0036904376666666654,0.0016285120403366836,0.0007148145144637574,0.0005219421367987807,0.004584685874999997,1.76028924453665,0.09913747538609696,0.0008390522041903381,-0.0018401694794906859,-0.0018456559248522916,1.006004258969035,1.1910381590740678e-07,-0.000796840669614369,0.0052615442305480094,0.0052615442305480094,0.1419059555333827,0.9970273736899012,1.1981894606231511e-07,1.76044571993532,0.10136408585482609,0.002796189458333334,-0.0008181788473932234,0.0016925423407638807,0.000686304804038862,-0.0017884964166666626,1.7587745170287723,0.10140558258243826,-0.001671202906547764,4.149672761216694e-05,4.149399124480519e-05,0.9998681371848601,-3.033631791201206e-11,-0.0020475096419399,0.006432871048491118,0.006432871048491118,0.12043952238498845,1.0000659461112238,-3.03323176797312e-11,1.7597487051974166,0.10106422204002567,0.0036904376666666654,0.0014232280799804657,0.0010027779823221783,0.0004611422507666838,0.0032930326916666636,1.7612372360712967,0.10702211079833482,0.0014885308738801228,0.005957888758309146,0.005903742181763106,0.9822375418946487,1.0843898091075579e-06,0.00776440577411326,-0.029427481345728233,-0.029427481345728233,0.17661299924003807,1.009171568621899,1.065128380553415e-06]"
/multi_agv/m2b_algorithm_state,1789558496.167289,1789558496.167289,m2b_algorithm_state_v1:header6+3x20,"[1.0,-0.15,0.52,1.761878897412421,0.10113739912857884,1789558496.1671271,1.7604485697003445,0.10097853314354738,0.0036904376666666654,0.0016281562725208557,0.0007142662720865717,0.0005223815289324722,0.004584685874999997,1.761133101238994,0.09725440063132151,0.0006845315386494466,-0.003724132512225864,-0.003746923703396641,1.0124106829863546,4.88309885105503e-07,-0.0028912592800848327,0.013407236354967012,0.013407236354967012,0.1419007467387231,0.9939173591524918,4.943701442886507e-07,1.7614436320230595,0.10136533271540928,0.002796189458333334,-0.0008186293110138375,0.0016917560424640765,0.0006869090902825448,-0.0017884964166666626,1.759814994488984,0.10184110282921775,-0.0016286375340754944,0.0004757701138084769,0.00047541160019520465,0.9984956280797778,-3.988712969333283e-09,-0.0015603853173991634,0.004515612044450826,0.004515612044450826,0.12043624280848406,1.0007541120433852,-3.982712461544392e-09,1.7607469383033105,0.10106522319698863,0.0036904376666666654,0.0014228316846463715,0.001002156014715194,0.00046163760237496066,0.0032930326916666636,1.7619478724893574,0.10508417615210723,0.0012009341860468314,0.0040189529551186015,0.003993947753180703,0.9877467312693056,4.94058157001169e-07,0.005495115485739242,-0.020186148705966096,-0.020186148705966096,0.17660280136795437,1.0062607734209803,4.88004329634842e-07]"
/multi_agv/m2b_algorithm_state,1789558496.1772926,1789558496.1772926,m2b_algorithm_state_v1:header6+3x20,"[1.0,-0.15,0.52,1.762877542720611,0.10113843431140208,1789558496.177171,1.761447952640989,0.10097940366369643,0.0036904376666666654,0.001627903990150449,0.0007137139134481432,0.0005227782056575561,0.004584685874999997,1.7621192456970418,0.09862153901064942,0.0006712930560528463,-0.0023578646530470065,-0.002366907264049749,1.0077381483472612,1.9553802146421094e-07,-0.0015277909439836914,0.008057977562305396,0.008057977562305396,0.14189911215867662,0.9961795668380895,1.9705112368183093e-07,1.7624425594056574,0.10136658537530156,0.002796189458333334,-0.0008192039115170868,0.0016909859797089588,0.0006875587401681121,-0.0017884964166666626,1.760834004342961,0.10184110282921775,-0.0016085550626965262,0.00047451745391619005,0.0004741608283641463,0.9984995931089706,-3.970502514746573e-09,-0.0015365330000065114,0.004430760957263357,0.004430760957263357,0.12043521366320571,1.000752119388002,-3.964545145412598e-09,1.761746180190617,0.10106620834673859,0.0036904376666666654,0.0014225022288017102,0.0010015374985023143,0.0004621021432508303,0.0032930326916666636,1.7629854861512715,0.10610475170622925,0.0012393059606545798,0.005038543359490666,0.004999546127154754,0.9848179825578203,7.757271085049817e-07,0.006548678577972979,-0.02452826474548364,-0.02452826474548364,0.17659960130813923,1.0078001545228477,7.639500060132874e-07]"
/multi_agv/m2b_algorithm_state,1789558496.1872272,1789558496.1872272,m2b_algorithm_state_v1:header6+3x20,"[1.0,-0.15,0.52,1.7638762476978311,0.10113946521101569,1789558496.1871128,1.7624467953379934,0.10098027953505001,0.0036904376666666654,0.0016275818177187754,0.0007131740539207503,0.0005231986752689376,0.004584685874999997,1.7632314289065552,0.10016512969391822,0.0007846335685617323,-0.0008151498411317903,-0.0008162181147134095,1.0026291007247228,2.3341538297225264e-08,0.00016457384598875583,0.0014108807356137875,0.0014108807356137875,0.14189557101904093,0.9986911910402845,2.3402905552478643e-08,1.7634409500510988,0.10136782651773052,0.002796189458333334,-0.0008197125055909669,0.0016902219914640693,0.00068817661898532,-0.0017884964166666626,1.761652306094246,0.10331008790152899,-0.0017886439568528534,0.001942261383798466,0.001936352835983259,0.9939606909525808,-6.649076690866068e-08,-0.00029945211008280763,-0.0006287246197490862,-0.0006287246197490862,0.1204329840396613,1.0030513797410308,-6.608920861849936e-08,1.76274488277274,0.10106719688142571,0.0036904376666666654,0.0014221253244636619,0.0010009286666592624,0.00046258221372245424,0.0032930326916666636,1.764272601489519,0.10823723598725654,0.0015277187167788142,0.007170039105830833,0.007092346263470186,0.9789241279205788,1.5677013033426932e-06,0.009001994659443704,-0.03460111887294316,-0.03460111887294316,0.17659266874845989,1.0109544626664397,1.5346606312147007e-06]"
/multi_agv/m2b_algorithm_state,1789558496.1972854,1789558496.1972854,m2b_algorithm_state_v1:header6+3x20,"[1.0,-0.15,0.52,1.7648744832178584,0.101140494607898,1789558496.1971214,1.763445695161835,0.10098115153325085,0.0036904376666666654,0.0016272586774709356,0.0007126402552764413,0.0005236164117994129,0.004584685874999997,1.764069008648841,0.10026841458045137,0.0006233134870061718,-0.0007127369527994837,-0.0007135530196860491,1.0022961049558794,1.7839985019654455e-08,6.558883907166566e-05,0.0017149906142651988,0.0017149906142651988,0.14189224123056304,0.9988563332169423,1.78809474976709e-08,1.7644394036468194,0.10136906300733008,0.002796189458333334,-0.0008202303541535094,0.001689467846963888,0.0006887933889431902,-0.0017884964166666626,1.7626851066508358,0.10331008790152899,-0.0017542969959836174,0.0019410248941989089,0.0019351239111674104,0.9939645525710287,-6.644777181820362e-08,-0.0002577473338121114,-0.0007777372282532698,-0.0007777372282532698,0.1204308874832696,1.0030494083595602,-6.604672978462256e-08,1.76374364428484,0.10106818109246611,0.0036904376666666654,0.0014217462676554041,0.0010003270915101784,0.0004630594426112116,0.0032930326916666636,1.7650774811853198,0.10702635648985824,0.0013338369004798345,0.005958175397392129,0.005904026692485846,0.9822377302942403,1.0833452283906535e-06,0.007571322818085639,-0.028729804985243954,-0.028729804985243954,0.176586150181972,1.009171487143715,1.064102558259531e-06]"
/multi_agv/m2b_algorithm_state,1789558496.2072208,1789558496.2072208,m2b_algorithm_state_v1:header6+3x20,"[1.0,-0.15,0.52,1.7658735088613045,0.10114151563615298,1789558496.2071044,1.764444123973741,0.10098202720238776,0.0036904376666666654,0.0016268779288322387,0.0007121181860178176,0.0005240530180201317,0.004584685874999997,1.7650090459608048,0.09894086515354503,0.0005649219870638156,-0.0020411620488427346,-0.002047922279950088,1.006674753077273,1.4641257571509276e-07,-0.0013417697961203186,0.007267344151452424,0.007267344151452424,0.1418902895215918,0.996698980633426,1.4738984350539855e-07,1.7654373898670965,0.10137028925810299,0.002796189458333334,-0.0008206952345480596,0.0016887199477142456,0.0006893839506149496,-0.0017884964166666626,1.7634823166164164,0.10212813594327136,-0.001955073250680117,0.000757846685168373,0.0007569390389285968,0.9976115497044924,-1.0143750029609426e-08,-0.0016869025244215497,0.0048419309525261755,0.0048419309525261755,0.12042965619518406,1.0011991008431285,-1.011952218685365e-08,1.7647419358127379,0.10106916736320326,0.0036904376666666654,0.0014213274384219502,0.0009997349200579486,0.0004635490198347902,0.0032930326916666636,1.7658512934100974,0.10512870979216318,0.0011093575973595282,0.0040595424289599225,0.004034038858759639,0.9876294363775799,5.0353004579833e-07,0.005420735855459049,-0.019941259805665076,-0.019941259805665076,0.1765823217257458,1.0063220933395085,4.973010953309817e-07]"
/multi_agv/m2b_algorithm_state,1789558496.2179313,1789558496.2179313,m2b_algorithm_state_v1:header6+3x20,"[1.0,-0.15,0.52,1.7668879691061516,0.10114244855997984,1789558496.2176142,1.7654433390730015,0.10098288799395028,0.0036904376666666654,0.0016265781770959911,0.0007115942648056701,0.0005244554788552318,0.004584685874999997,1.7659040558473886,0.09877139343735093,0.00046071677438708214,-0.0022114945565993444,-0.002219440210648769,1.0072455258415336,1.7185510682054928e-07,-0.0016435442426649162,0.008402358452528838,0.008402358452528838,0.14189248742024493,0.9964199738243447,1.7310028743801709e-07,1.766436171038495,0.10137151886299305,0.002796189458333334,-0.0008212586280533425,0.0016879865315715392,0.0006900096805202011,-0.0017884964166666626,1.7645034643922475,0.10212813594327136,-0.0019327066462475617,0.0007566170802783129,0.00075571238363914,0.9976154314676868,-1.0117753215107252e-08,-0.0016601709241703122,0.004746747824319586,0.004746747824319586,0.12043103656694241,1.001197144123557,-1.0093626739172797e-08,1.765741016472417,0.10107014005151561,0.0036904376666666654,0.0014209606053743303,0.000999146960464826,0.0004640138680599838,0.0032930326916666636,1.766874123250093,0.10587710697624829,0.001133106777676085,0.004806966924732675,0.0047714111838557845,0.9854777409484626,7.054121893368542e-07,0.006187794655950891,-0.02310256602477303,-0.02310256602477303,0.1765866129903018,1.0074518291354129,6.951680107851923e-07]"
/multi_agv/m2b_algorithm_state,1789558496.2273526,1789558496.2273526,m2b_algorithm_state_v1:header6+3x20,"[1.0,-0.15,0.52,1.7678796454177352,0.1011435035238194,1789558496.2272508,1.7664579575420016,0.10098352166196062,0.0036904376666666654,0.001627944039763179,0.0007109079782050545,0.0005242204220267413,0.004584685874999997,1.7672044335468111,0.10044712707146433,0.0007464760048094821,-0.0005363945904962863,-0.0005368561680070279,1.0017245182117105,1.0107176156517897e-08,0.00039623883800482464,0.00046494176674112086,0.00046494176674112086,0.14193749185303137,0.9991402212766689,1.0124606165868777e-08,1.7674504249753313,0.10137290508539935,0.002796189458333334,-0.000823653135312615,0.0016873676075384036,0.000691369576258552,-0.0017884964166666626,1.7660080135730951,0.1054294372722444,-0.001442411402236221,0.004056532186845041,0.004031171888057584,0.9876900709889658,-2.909583168210807e-07,0.0022281576352623077,-0.010691450693985544,-0.010691450693985544,0.12045937699270158,1.0062910487301688,-2.8737664059584317e-07,1.7667555248011226,0.10107091893257954,0.0036904376666666654,0.0014217005378182367,0.0009985013437572637,0.00046402896985201425,0.0032930326916666636,1.7683146613883618,0.1059462814481865,0.0015591365872391627,0.004875362515606968,0.004838807237873541,0.9852829049928037,7.259644576858769e-07,0.006787727971922494,-0.025303705396507784,-0.025303705396507784,0.17667475105438005,1.007554605078563,7.152803697902662e-07]"
/multi_agv/m2b_algorithm_state,1789558496.2372897,1789558496.2372897,m2b_algorithm_state_v1:header6+3x20,"[1.0,-0.15,0.52,1.768874830428241,0.10114453423403451,1789558496.2371504,1.7674498317792315,0.10098449706426713,0.0036904376666666654,0.001626723449423681,0.0007104744411003498,0.0005249750132280377,0.004584685874999997,1.7683602819103363,0.10169038282280865,0.0009104501311048008,0.0007058857585415246,0.0007050938673454945,0.997762304969292,1.747516591918821e-08,0.0018431565312264954,-0.005251194987596396,-0.005251194987596396,0.14190927805081455,1.0011231003880536,1.7436061827250044e-08,1.7684418476919903,0.10137402980483541,0.002796189458333334,-0.000823222905166298,0.001686606822764558,0.000691578843048074,-0.0017884964166666626,1.7670421402433323,0.1054294372722444,-0.0013997074486580274,0.0040554074674089835,0.004030061404211652,0.9876935163027395,-2.906438675547625e-07,0.0022804270933891174,-0.010878605522879036,-0.010878605522879036,0.12044161424372767,1.0062892498786355,-2.8706706353699107e-07,1.7677472567819845,0.10107198370235562,0.0036904376666666654,0.0014207327652465394,0.0009979550754260161,0.00046473261452215954,0.0032930326916666636,1.7692095136707304,0.10436448337986853,0.0014622568887459053,0.003292499677512911,0.00327562575844034,0.989878363217401,3.31278822995071e-07,0.005103446869372722,-0.018400107490581206,-0.018400107490581206,0.1766195042866977,1.005151357425094,3.2792573907494796e-07]"
/multi_agv/m2b_algorithm_state,1789558496.247277,1789558496.247277,m2b_algorithm_state_v1:header6+3x20,"[1.0,-0.15,0.52,1.76986993671061,0.10114556035029276,1789558496.2470937,1.7684452062305462,0.10098541127643569,0.0036904376666666654,0.001625930831815327,0.0007100111408294468,0.0005255595780627451,0.004584685874999997,1.7694178470838724,0.10162126785017472,0.0009726408533261566,0.0006358565737390326,0.0006352136795347433,0.9979827230900705,1.4173566037645687e-08,0.001851014746192439,-0.005246683803796109,-0.005246683803796109,0.14189349041203303,1.0010120912458311,1.4144974030146583e-08,1.769436789190944,0.10137519427711458,0.002796189458333334,-0.0008232719646423543,0.0016858762881091227,0.0006919801292402245,-0.0017884964166666626,1.7678456931464173,0.10388849991238629,-0.0015910960445266742,0.0025133056352717037,0.0025034558404346302,0.9922367965784306,-1.1176839665421301e-07,0.0005145857847762875,-0.003805701041002568,-0.003805701041002568,0.1204316740290177,1.0039344791619587,-1.1090071585488369e-07,1.7687424958632325,0.10107299714855325,0.0036904376666666654,0.001420040332802857,0.0009974034144781705,0.00046531971569232534,0.0032930326916666636,1.7701676266742428,0.1049620251660955,0.0014251308110102556,0.003889028017542248,0.003865592750709508,0.9881263880596621,4.617534576718416e-07,0.005647006264472327,-0.02066699174236846,-0.02066699174236846,0.17658859564938145,1.0060625286583638,4.5627077630333696e-07]"
/multi_agv/m2b_algorithm_state,1789558496.2572386,1789558496.2572386,m2b_algorithm_state_v1:header6+3x20,"[1.0,-0.15,0.52,1.7708729732303212,0.10114653889019491,1789558496.2569876,1.7694404998921804,0.10098631906710673,0.0036904376666666654,0.001625155918749256,0.0007095556953584208,0.0005261323830801604,0.004584685874999997,1.7704332581738134,0.10162126785017472,0.0009927582816329217,0.0006349487830679956,0.0006343077267059826,0.9979856071052464,1.4126339106646728e-08,0.0018752555787471346,-0.005333275616805662,-0.005333275616805662,0.141900126962719,1.0010106393711173,1.4097883109521419e-08,1.7704316544392877,0.10137635708900718,0.002796189458333334,-0.0008233502466234348,0.0016851531860337943,0.0006923902161432571,-0.0017884964166666626,1.7688837586730537,0.10388849991238629,-0.001547895766234042,0.00251214282337911,0.00250230221015378,0.9922404088696947,-1.1167512127973684e-07,0.0005674325023612274,-0.003994480968632676,-0.003994480968632676,0.12043583445899349,1.0039326237995552,-1.1080856799917882e-07,1.7697376558003612,0.10107400489476437,0.0036904376666666654,0.0014193543505791376,0.0009968601577924011,0.0004658996494801412,0.0032930326916666636,1.7712136746322527,0.10448788551650914,0.0014760188318914125,0.003413880621744775,0.003395756860489605,0.9895201260787055,3.5577279196058007e-07,0.00524078040035387,-0.018957942683882626,-0.018957942683882626,0.1766015294389681,1.0053371787203154,3.5204433795620626e-07]"
/multi_agv/m2b_algorithm_state,1789558496.267202,1789558496.267202,m2b_algorithm_state_v1:header6+3x20,"[1.0,-0.15,0.52,1.7718663448833814,0.10114756571268631,1789558496.2670875,1.770443706924546,0.10098710596439146,0.0036904376666666654,0.0016252532146155529,0.0007090217702675702,0.0005263679442779278,0.004584685874999997,1.7710761229367966,0.10016121508094798,0.000632416012250614,-0.0008258908834434808,-0.000826987483322439,1.0026638223978535,2.392586617504041e-08,-3.646746800917155e-05,0.0021249697925835326,0.0021249697925835326,0.14188942426169732,0.9986739824954152,2.3989600433245527e-08,1.771434470410784,0.10137760095531778,0.002796189458333334,-0.0008243925323854133,0.0016844915413882777,0.0006931861953686225,-0.0017884964166666626,1.7700827113340853,0.10552764713824471,-0.0013517590766987109,0.004150046182926928,0.00412352380963429,0.9874206988506247,-3.0477227606283655e-07,0.002433824963760901,-0.011478232283704632,-0.011478232283704632,0.12042911381576646,1.0064319680246956,-3.0093845382026156e-07,1.7707407423556338,0.10107490975087548,0.0036904376666666654,0.0014192434848734935,0.0009962921608214666,0.000466243162813964,0.0032930326916666636,1.7722663512759782,0.10330494929345535,0.001525608920344368,0.002230039542579873,0.0022222362793000096,0.9930608763665218,1.5193420678486552e-07,0.004129247429730469,-0.014364377768374442,-0.014364377768374442,0.1765806357232528,1.0035114462636356,1.508799165398309e-07]"
/multi_agv/m2b_algorithm_state,1789558496.2771254,1789558496.2771254,m2b_algorithm_state_v1:header6+3x20,"[1.0,-0.15,0.52,1.7728648145784363,0.10114855989413762,1789558496.2770379,1.7714372645711474,0.10098803195470435,0.0036904376666666654,0.001624280010515968,0.0007085975963059708,0.0005270104340020812,0.004584685874999997,1.772205586366869,0.10174492968682958,0.000768321795721727,0.0007568977321252279,0.000755987645297636,0.9976020986340306,2.0060930286841892e-08,0.0017163898899497949,-0.004826649789077991,-0.004826649789077991,0.14191034675534664,1.0012038382283797,2.0012826154704456e-08,1.772427603082696,0.10137873446243227,0.002796189458333334,-0.0008242704986468554,0.0016837745979438878,0.0006935062492379185,-0.0017884964166666626,1.7711334704834767,0.10552764713824471,-0.0012941325992192887,0.004148912675812438,0.004122404972946349,0.9874241679094229,-3.0455942196825886e-07,0.002504739223922238,-0.011732874175652566,-0.011732874175652566,0.12044225259194537,1.0064301549799324,-3.007293338159828e-07,1.7717341669963007,0.10107593072092227,0.0036904376666666654,0.0014184232327975393,0.0009957701612622995,0.0004668702400638185,0.0032930326916666636,1.773248340324213,0.10279819794104104,0.0015141733279122604,0.00172226722011877,0.0017175950548798773,0.994609808714175,9.060289530668254e-08,0.003610311714770203,-0.012254851840376772,-0.012254851840376772,0.17662148519835152,1.0027201785575817,9.011452836992995e-08]"
/multi_agv/m2b_algorithm_state,1789558496.287499,1789558496.287499,m2b_algorithm_state_v1:header6+3x20,"[1.0,-0.15,0.52,1.7738652238376724,0.10114953917793094,1789558496.2874196,1.7724359087310164,0.10098887614691136,0.0036904376666666654,0.0016238870731289244,0.0007081258794466633,0.00052742613254374,0.004584685874999997,1.7733592947047327,0.10326943167882562,0.0009233859737163286,0.0022805555319142523,0.002272388299055078,0.9928994315570157,1.8187187554161277e-07,0.003426620766200489,-0.011671303169921418,-0.011671303169921418,0.1419145157796251,1.0035941185151191,1.805804818414756e-07,1.773425847703976,0.10137992125203427,0.002796189458333334,-0.0008247932090264631,0.001683099376618813,0.0006940840736899129,-0.0017884964166666626,1.7720169994908643,0.1037588629130734,-0.001408848213111602,0.0023789416610391356,0.00237010842443646,0.9926409777808785,-1.0033029538093038e-07,0.0006090481580469575,-0.00408313242187377,-0.00408313242187377,0.12044487070498557,1.0037269335493695,-9.959196250797109e-08,1.7727326873003166,0.10107688228346726,0.0036904376666666654,0.0014179823982939607,0.0009952355319261417,0.00046733942493141795,0.0032930326916666636,1.7743546780710522,0.10310174822062072,0.0016219907707355485,0.0020248659371534666,0.0020184226449365726,0.9936846921036824,1.2516975067794537e-07,0.004045911108356008,-0.013963789130319593,-0.013963789130319593,0.1766296263277374,1.0031922413440304,1.2437926516310883e-07]"
/multi_agv/m2b_algorithm_state,1789558496.2970183,1789558496.2970183,m2b_algorithm_state_v1:header6+3x20,"[1.0,-0.15,0.52,1.7748624251824108,0.10115053159613825,1789558496.2969174,1.77343648659538,0.10098968880662856,0.0036904376666666654,0.0016236978133752434,0.0007076395744692646,0.0005277611335772535,0.004584685874999997,1.7735473670243533,0.10169638830419221,0.00011088042897333672,0.0007066994975636481,0.0007059058402020238,0.9977599037027066,1.7482473910913928e-08,0.0008445063764186947,-0.0017005382389202817,-0.0017005382389202817,0.1419118102904156,1.0011243105190875,1.7443311485838563e-08,1.7744260391765747,0.10138112271625663,0.002796189458333334,-0.0008255468232487495,0.0016824460167068622,0.0006947506149770771,-0.0017884964166666626,1.773052770783511,0.1037588629130734,-0.0013732683930636203,0.0023777401968167744,0.0023689159445720916,0.9926447144807109,-1.0032009842973081e-07,0.0006523304532425663,-0.004238248789606636,-0.004238248789606636,0.12044317169178553,1.0037250170335936,-9.958221546245696e-08,1.7737331457410626,0.10107780601090761,0.0036904376666666654,0.0014176756553026752,0.0009946999826640603,0.00046775096516417326,0.0032930326916666636,1.7753525828606909,0.10219855888095894,0.0016194371196283086,0.0011207528700513253,0.0011187653827803203,0.9964683441784673,3.8363577160972516e-08,0.003143061782315706,-0.010290386457935206,-0.010290386457935206,0.17662434312083988,1.0017765005081456,3.822809021035715e-08]"
/multi_agv/m2b_algorithm_state,1789558496.307107,1789558496.307107,m2b_algorithm_state_v1:header6+3x20,"[1.0,-0.15,0.52,1.775863492742923,0.10115149838799775,1789558496.3069406,1.7744338602200111,0.1009905456311004,0.0036904376666666654,0.001623147103161182,0.0007071937264202519,0.0005282317641222528,0.004584685874999997,1.774412522165555,0.09970032792138044,-2.1338054456254696e-05,-0.0012902177097199596,-0.0012929032285551249,1.004183119597837,5.8333245901871335e-08,-0.0013195757966254433,0.006864064452391874,0.006864064452391874,0.14192047522220838,0.9979228771528659,5.85772608460089e-08,1.7754230185233206,0.1013822833855368,0.002796189458333334,-0.0008259120313093889,0.001681780022729784,0.0006952553681956464,-0.0017884964166666626,1.7734349756691503,0.10409097736337475,-0.0019880428541703132,0.0027086939778379476,0.002697271277355555,0.9916528164843693,-1.3021495861145682e-07,0.00021221770964266343,-0.0028153936086458527,-0.0028153936086458527,0.12044861311469574,1.0042349097691026,-1.2912803045544672e-07,1.7747303968039003,0.10107876577177756,0.0036904376666666654,0.0014171289558781671,0.000994184170165691,0.0004682562504379007,0.0032930326916666636,1.7755296911796177,0.1007899429189993,0.0007992943757173521,-0.0002888228527782588,-0.00028895625708352194,1.0009247865925097,2.5493459511637245e-09,0.0007101617125631681,-0.0009715061220169114,-0.0009715061220169114,0.1766412641831781,0.9995383235282405,2.5517035521190296e-09]"
/multi_agv/m2b_algorithm_state,1789558496.3170652,1789558496.3170652,m2b_algorithm_state_v1:header6+3x20,"[1.0,-0.15,0.52,1.7768674836247877,0.10115244522192907,1789558496.3169851,1.7754350906839036,0.10099134179586591,0.0036904376666666654,0.0016230171122292238,0.0007067127404740243,0.0005285383079084963,0.004584685874999997,1.7752622675624787,0.09889252548462615,-0.00017282312142485878,-0.0020988163112397595,-0.002105966039866815,1.0068668819337936,1.544323719012054e-07,-0.0023219949416478885,0.010741489017050528,0.010741489017050528,0.14191543612752494,0.9966050123830545,1.5549284076580667e-07,1.7764238755769655,0.1013834801300708,0.002796189458333334,-0.0008267456448204109,0.0016811485021266392,0.0006959452262191163,-0.0017884964166666626,1.774472386112307,0.10409097736337475,-0.0019514894646583958,0.0027074972333039488,0.0026960847070708767,0.9916565272135036,-1.3023064169364226e-07,0.000256722876247882,-0.0029751509943119745,-0.0029751509943119745,0.12044544867514272,1.0042329998768738,-1.2914406587870338e-07,1.7757315119679007,0.10107967323805657,0.0036904376666666654,0.001416859398853608,0.000993659782207835,0.00046864586647506114,0.0032930326916666636,1.7766144439079952,0.10166093610816482,0.000882931940094478,0.0005812628701082484,0.0005807260961394663,0.9981571357496432,1.0317142771479014e-08,0.0016843910212575638,-0.004837078000551137,-0.004837078000551137,0.17663142360323142,1.0009243152190859,1.0298129677899627e-08]"
/multi_agv/m2b_algorithm_state,1789558496.3270504,1789558496.3270504,m2b_algorithm_state_v1:header6+3x20,"[1.0,-0.15,0.52,1.7778663275307924,0.10115341641108827,1789558496.3269587,1.776439236745169,0.100992094553775,0.0036904376666666654,0.001623177998313166,0.0007062061338541253,0.0005287320955524196,0.004584685874999997,1.7768393982500195,0.09990154295034602,0.00040016150485056023,-0.0010905516034289825,-0.0010924673248928797,1.003527741549452,4.167049823982977e-08,-0.0005922654438296794,0.004206482632193262,0.004206482632193262,0.1419000372674711,0.9982464267623883,4.181750098785678e-08,1.7774276656304653,0.10138469882703907,0.002796189458333334,-0.0008279041630476717,0.0016805460170321584,0.0006967608153300026,-0.0017884964166666626,1.7756290381971118,0.10357840420983382,-0.0017986274333534613,0.0021937053827947445,0.0021861840961122747,0.9932000192868428,-8.564591226567782e-08,-6.210019557955195e-05,-0.0015996074769044507,-0.0015996074769044507,0.12043577812338672,1.0034403720600864,-8.506352171411046e-08,1.7767355484987295,0.10108054228497314,0.0036904376666666654,0.0014167842592068543,0.000993129785226421,0.0004689541281251105,0.0032930326916666636,1.7780570652676146,0.10164894617212436,0.0013215167688851448,0.0005684038871512226,0.0005678905561651536,0.9981976625767814,9.865238310011608e-09,0.0022197865172715846,-0.006735547945234526,-0.006735547945234526,0.1766013542739264,1.0009039259070187,9.847457821816504e-09]"
/multi_agv/m2b_algorithm_state,1789558496.3371475,1789558496.3371475,m2b_algorithm_state_v1:header6+3x20,"[1.0,-0.15,0.52,1.7788703060287174,0.10115435507387617,1789558496.3369632,1.7774382432121054,0.10099292303864582,0.0036904376666666654,0.0016227415285858162,0.0007057606372729889,0.0005291530248104023,0.004584685874999997,1.7780106435636776,0.10095018813723765,0.0005724003515721332,-4.273490140817293e-05,-4.273781996770546e-05,1.0001366110696535,6.392456089460637e-11,0.0006727626194974611,-0.000745974781771486,-0.000745974781771486,0.1419028795064096,0.9999317101449086,6.393329369724731e-11,1.7784263001461742,0.10138585263851349,0.002796189458333334,-0.0008284142229359982,0.0016799178461455178,0.0006973086822756602,-0.0017884964166666626,1.77654698612434,0.10216623143430999,-0.0018793140218342774,0.0007803787957964964,0.0007794167431945536,0.9975416884190516,-1.0856115253146973e-08,-0.0015697257840982931,0.00440737392042083,0.00440737392042083,0.12043756310680433,1.0012343237559918,-1.0829427539296052e-08,1.7777344392340975,0.1010814735561055,0.0036904376666666654,0.0014163152244252059,0.0009926266726197454,0.000469419143028324,0.0032930326916666636,1.7789096923779388,0.09864195545921436,0.0011752531438413705,-0.0024395180968911356,-0.0024491905644455714,1.0080025684253193,1.820334677799959e-07,-0.0009801241346438583,0.005953946248310417,0.005953946248310417,0.17660690407845847,0.9960507492986258,1.8349020306160347e-07]"
/multi_agv/m2b_algorithm_state,1789558496.347076,1789558496.347076,m2b_algorithm_state_v1:header6+3x20,"[1.0,-0.15,0.52,1.7798586913504415,0.10115537371514764,1789558496.346954,1.7784423725361767,0.10099367340356778,0.0036904376666666654,0.0016228545839897528,0.0007052662049484399,0.0005293612124266735,0.004584685874999997,1.7790115499728945,0.09987231010785648,0.0005691774367178049,-0.0011213632957113029,-0.0011233892246022977,1.0036285958413518,4.405024799021816e-08,-0.00041191742870504166,0.003582027398463737,0.003582027398463737,0.1418900090256029,0.9981965921991889,4.421008853688598e-08,1.7794300836659773,0.10138705431557259,0.002796189458333334,-0.000829532560061858,0.001679332911779463,0.0006980977250892334,-0.0017884964166666626,1.777531774606476,0.10223623513288713,-0.0018983090595012797,0.0008491808173145404,0.0008480422606761475,0.9973270906194621,-1.2871404719419492e-08,-0.001524844063700452,0.004216671149207573,0.004216671149207573,0.1204294820105794,1.0013425706373231,-1.2837000621004256e-08,1.7787384618839985,0.10108233750248816,0.0036904376666666654,0.001416209841731332,0.0009921095008172407,0.0004697338426691679,0.0032930326916666636,1.779691144310605,0.09747319730866708,0.0009526824266063993,-0.003609140193821081,-0.003630497601652,1.011995506095408,3.986979937844508e-07,-0.0024396445683940006,0.011567407405928171,0.011567407405928171,0.17658178045309791,0.9941172229886062,4.0348057799911913e-07]"
/multi_agv/m2b_algorithm_state,1789558496.357086,1789558496.357086,m2b_algorithm_state_v1:header6+3x20,"[1.0,-0.15,0.52,1.7808628239517466,0.10115630100633528,1789558496.3569722,1.7794309354218316,0.10099464706350124,0.0036904376666666654,0.00162127099807719,0.0007049434799976768,0.0005302155075358692,0.004584685874999997,1.7799302118878289,0.09848966231328737,0.0004992764659972337,-0.002504984750213865,-0.0025152002110889558,1.008232890282613,2.1980716451032246e-07,-0.0018911046285924136,0.009391597145479246,0.009391597145479246,0.14192743583106116,0.9959385098529917,2.216168127790682e-07,1.7804182418718344,0.10138808502357127,0.002796189458333334,-0.0008287983921396831,0.0016786515641791233,0.0006981339252709051,-0.0017884964166666626,1.7785474563310202,0.10223623513288713,-0.0018707855408142127,0.0008481501093158539,0.000847014321922257,0.9973303410265476,-1.28287628566388e-08,-0.0014914676040955089,0.004099012385582002,0.004099012385582002,0.12045298410105651,1.0013409305653997,-1.279451443476028e-08,1.779726896757658,0.1010833890583704,0.0036904376666666654,0.001414979126633542,0.000991661171902026,0.00047050051863521637,0.0032930326916666636,1.7809051350447396,0.10014892081488912,0.0011782382870815233,-0.0009344682434812845,-0.0009358714593685802,1.003013821151243,2.6657543700963356e-08,0.000536926399483324,-6.551962112311105e-05,-6.551962112311105e-05,0.17665485775845857,0.9985006318194143,2.6737884770009502e-08]"
/multi_agv/m2b_algorithm_state,1789558496.3670912,1789558496.3670912,m2b_algorithm_state_v1:header6+3x20,"[1.0,-0.15,0.52,1.781861648398398,0.1011572535326903,1789558496.3669214,1.7804352144532052,0.10099538105785001,0.0036904376666666654,0.0016214420337454629,0.0007044604565690001,0.0005303926288201502,0.004584685874999997,1.780825503901302,0.09755578026310414,0.0003902894480967145,-0.0034396007947458673,-0.0034589966165579217,1.011423514258101,4.147194556091394e-07,-0.0029711348064370285,0.013566587788400385,0.013566587788400385,0.14191153202128562,0.9943926450464832,4.1945700922340227e-07,1.7814221848380405,0.10138928382117603,0.002796189458333334,-0.0008299947386245848,0.0016780826588820297,0.0006989484445222294,-0.0017884964166666626,1.7798001859216752,0.10301900397200053,-0.0016219989163652748,0.0016297201508245068,0.0016255515024541885,0.9949158683889708,-4.74070798912221e-08,-0.000401947143002405,-0.000132036150220015,-0.000132036150220015,0.12044299692266819,1.0025644517347034,-4.716605605776055e-08,1.7807310725639938,0.10108423813997981,0.0036904376666666654,0.0014149038046008806,0.0009911582511195841,0.00047079477549450115,0.0032930326916666636,1.7822606894584634,0.09881127642698762,0.001529616894469621,-0.002272961712992197,-0.00228134768119887,1.0074419836797663,1.5784879596358015e-07,-0.00036932656311184373,0.0037303691148169987,0.0037303691148169987,0.17662379972328857,0.9963241165405065,1.5902350412701188e-07]"
/multi_agv/m2b_algorithm_state,1789558496.3770328,1789558496.3770328,m2b_algorithm_state_v1:header6+3x20,"[1.0,-0.15,0.52,1.7828555481325872,0.10115822778896764,1789558496.3768928,1.7814341931064581,0.10099619327907204,0.0036904376666666654,0.0016209973310154975,0.0007040398820151947,0.0005308041634163152,0.004584685874999997,1.7817951607498965,0.09755578026310414,0.0003609676434384035,-0.003440413015967897,-0.0034598179071221986,1.011426192573542,4.148001999323817e-07,-0.003008608352824194,0.013697831692371617,0.013697831692371617,0.14191444368832593,0.9943913547836274,4.195397868963528e-07,1.7824208106095452,0.1013904158139314,0.002796189458333334,-0.0008305215317459063,0.0016774866334416938,0.0006994868437232848,-0.0017884964166666626,1.780824144547883,0.10301900397200053,-0.0015966660616621997,0.0016285881580691275,0.0016244253271758579,0.9949194127256635,-4.737108703453694e-08,-0.00037140724990189175,-0.00024108723397636385,-0.00024108723397636385,0.1204448254134365,1.002562648355469,-4.713041409257779e-08,1.7817299414791905,0.10108515150506749,0.0036904376666666654,0.0014144228345500782,0.0009906824642445973,0.00047125075022629807,0.0032930326916666636,1.7830333461726913,0.09573763630923264,0.0013034046935007648,-0.0053475151958348455,-0.005395014649561718,1.0181206740818451,8.750882313108315e-07,-0.003765758782685762,0.016881558514614366,0.016881558514614366,0.17662948552890137,0.9911956765991856,8.909454199432734e-07]"
/multi_agv/m2b_algorithm_state,1789558496.3870096,1789558496.3870096,m2b_algorithm_state_v1:header6+3x20,"[1.0,-0.15,0.52,1.7838593772745792,0.10115914248774456,1789558496.3868814,1.7824282541504215,0.10099707152718466,0.0036904376666666654,0.0016200287602942554,0.0007036776682992404,0.0005314124158935033,0.004584685874999997,1.7830628187511217,0.10067942223090133,0.0006345646007002159,-0.0003176492962833344,-0.0003178108718558996,1.0010185396477067,3.5265242728338713e-09,0.0004753948790193703,7.708050019790587e-05,7.708050019790587e-05,0.14193481373130495,0.9994915983470869,3.5301161776243527e-09,1.783414503159192,0.10139149194224469,0.002796189458333334,-0.0008304806602809976,0.001676865079813572,0.0006997924598311223,-0.0017884964166666626,1.7816759684483727,0.10144226007101315,-0.001738534710819195,5.076812876846082e-05,5.076403486819238e-05,0.9998387526309157,-4.608306982819725e-11,-0.0021224043536558013,0.006682557571174698,0.006682557571174698,0.12045761701014858,1.0000806456830917,-4.607563905442812e-11,1.7827238870881488,0.10108611989747358,0.0036904376666666654,0.0014135920434802693,0.0009902331563748654,0.0004718445848178594,0.0032930326916666636,1.7838394851359634,0.0952336987867519,0.001115598047814581,-0.005852421110721678,-0.00590952835412094,1.0199429986606277,1.0478331659351566e-06,-0.0045150307943527136,0.019675372357271247,0.019675372357271247,0.176669267050086,0.9903364126581374,1.0687301013599626e-06]"
/multi_agv/m2b_algorithm_state,1789558496.3969905,1789558496.3969905,m2b_algorithm_state_v1:header6+3x20,"[1.0,-0.15,0.52,1.7848534818099981,0.1011601061349786,1789558496.3968618,1.7834322240231448,0.10099779802058007,0.0036904376666666654,0.0016201573899803181,0.0007032158916166593,0.0005315968667251978,0.004584685874999997,1.7839691718278938,0.10062521815942711,0.0005369478047489995,-0.0003725798611529524,-0.00037280224047355756,1.0011954047606038,4.852209047300381e-09,0.0002983825154626918,0.0007297623120312718,0.0007297623120312718,0.14191998390247104,0.9994034925317972,4.858009401094969e-09,1.7844181500477214,0.10139267018388043,0.002796189458333334,-0.0008316484653809876,0.0016763183194261622,0.0007005830884076053,-0.0017884964166666626,1.7826886313301975,0.10144226007101315,-0.0017295187175239146,4.958988713271717e-05,4.958598107978191e-05,0.9998424953149601,-4.4030499448510704e-11,-0.002112312415825111,0.00664605609422275,0.00664605609422275,0.12044830457645639,1.0000787733317,-4.402356443856292e-11,1.7837277577528718,0.10108695925877319,0.0036904376666666654,0.001413485000181227,0.0009897513982382597,0.00047214158364982436,0.0032930326916666636,1.7852647791258904,0.09877294088978457,0.0015370213730185878,-0.0023140183689886185,-0.0023227123940025873,1.0075796300742905,1.634410789208249e-07,-0.00040143567772935257,0.003859979643338253,0.003859979643338253,0.1766403047013382,0.9962569515552516,1.6467990183798767e-07]"
/multi_agv/m2b_algorithm_state,1789558496.4072378,1789558496.4072378,m2b_algorithm_state_v1:header6+3x20,"[1.0,-0.15,0.52,1.7858516602169343,0.10116104204710026,1789558496.4070969,1.7844264853799436,0.10099866537834615,0.0036904376666666654,0.0016192047762083627,0.0007028631704911524,0.0005321932649205163,0.004584685874999997,1.7849016514367309,0.09908074474658486,0.0004751660567872129,-0.0019179206317612857,-0.0019238823070824832,1.0062616676044112,1.2863598652115813e-07,-0.001329924736098467,0.0071653474221339605,0.0071653474221339605,0.1419396293793315,0.9969012265982952,1.2944146231071914e-07,1.7854120531506998,0.10139373686588499,0.002796189458333334,-0.0008316363492561212,0.0016757140221046463,0.0007008921927191963,-0.0017884964166666626,1.7839015867933705,0.10286740815399437,-0.0015104663573293209,0.0014736712881093794,0.0014702588986060855,0.9953947624941563,-3.8843400783945564e-08,-0.0004178240480555656,-6.9004921023238476e-06,-6.9004921023238476e-06,0.12046064089857644,1.002320944635349,-3.866451769780082e-08,1.7847219068993514,0.10108791616070463,0.0036904376666666654,0.0014126626672580928,0.0009893142536956173,0.00047272542516443514,0.0032930326916666636,1.7863084421302526,0.09672671536151867,0.0015865352309012426,-0.004361200799185963,-0.004392560461312691,1.014616347053373,5.809687544150227e-07,-0.002409391422686138,0.011762909289298329,0.011762909289298329,0.17667867267365686,0.9928607329590731,5.894603953567184e-07]"
/multi_agv/m2b_algorithm_state,1789558496.417456,1789558496.417456,m2b_algorithm_state_v1:header6+3x20,"[1.0,-0.15,0.52,1.7868542166364392,0.10116194912774777,1789558496.4172761,1.785424811055485,0.10099946547305783,0.0036904376666666654,0.0016187206392789064,0.0007024735262085356,0.0005326058040631323,0.004584685874999997,1.785779374873101,0.0991641569414413,0.0003545638176161159,-0.0018353085316165224,-0.0018407642330503535,1.005986324298425,1.1775082468639711e-07,-0.0013975594610302086,0.007368095788932934,0.007368095788932934,0.14194483303531064,0.9970361758796288,1.1845571930937688e-07,1.7864100416486255,0.10139484492952199,0.002796189458333334,-0.0008321440749260315,0.0016751442950739825,0.0007014086472651587,-0.0017884964166666626,1.784933835803304,0.10259400514329518,-0.0014762058453214877,0.0011991602137731983,0.0011968960389427906,0.9962409105567537,-2.574067910839431e-08,-0.000648361267709069,0.0009375757150061443,0.0009375757150061443,0.12046390834449426,1.0018917055088659,-2.5643917593295954e-08,1.785720127946692,0.10108881573872099,0.0036904376666666654,0.0014121462969610495,0.0009888682513217511,0.000473181251898166,0.0032930326916666636,1.7870741306470712,0.09435006500361051,0.0013540027003791089,-0.006738750735110474,-0.006814965878668941,1.0231894260323133,1.388524415232798e-06,-0.005122462503195055,0.02210228325884752,0.02210228325884752,0.17668883641392766,0.9888165040125846,1.4207234994539e-06]"
/multi_agv/m2b_algorithm_state,1789558496.4273138,1789558496.4273138,m2b_algorithm_state_v1:header6+3x20,"[1.0,-0.15,0.52,1.787854876231744,0.10116286245825924,1789558496.4271824,1.7864275044549491,0.10100019785862079,0.0036904376666666654,0.0016187068407863456,0.000702042827655713,0.0005328358259837848,0.004584685874999997,1.786987928354124,0.10059073985128617,0.0005604238991747668,-0.00040945800733462046,-0.0004097266538189118,1.0013142320223785,5.855134006962498e-09,0.00029080322014954666,0.0007718711256724165,0.0007718711256724165,0.1419345133128263,0.9993443275369386,5.8628290115697655e-09,1.787412420797688,0.10139599279228198,0.002796189458333334,-0.0008331722922690493,0.0016746124837470067,0.0007021309936026399,-0.0017884964166666626,1.7857362181545715,0.10233609048800671,-0.00167620264311652,0.0009400976957247287,0.0009387034217783507,0.9970443408764742,-1.5842613157332466e-08,-0.0011565498821172993,0.0028618471161163256,0.0028618471161163256,0.1204574283677329,1.0014853189133333,-1.5795787793213506e-08,1.78672272465668,0.10108965673234054,0.0036904376666666654,0.0014119412682676987,0.0009884111171580287,0.00047350791505569936,0.0032930326916666636,1.788086713366469,0.09502874865344209,0.0013639887097891545,-0.006060908078898447,-0.0061222492997615825,1.020700370904066,1.1226257416613211e-06,-0.004417263412525139,0.01941148527864306,0.01941148527864306,0.17666868032543118,0.9899806071494796,1.1458645109001628e-06]"
/multi_agv/m2b_algorithm_state,1789558496.4371834,1789558496.4371834,m2b_algorithm_state_v1:header6+3x20,"[1.0,-0.15,0.52,1.7888514996554292,0.10116379317840689,1789558496.4370923,1.7874283025337436,0.10100095753881014,0.0036904376666666654,0.0016184564817664474,0.0007016377165771628,0.0005331550773663872,0.004584685874999997,1.7881476304977928,0.10179967847821382,0.0007193279640491657,0.0007987209394036826,0.0007977079958902238,0.9974712448957928,2.225707298785314e-08,0.001696867950951681,-0.004782782302877897,-0.004782782302877897,0.14193091955414583,1.0012698174252703,2.2200790300930392e-08,1.7884129016277213,0.1013971108126395,0.002796189458333334,-0.0008339453337822935,0.0016740761879316945,0.0007027450631407334,-0.0017884964166666626,1.7867568208971407,0.10233609048800671,-0.0016560807305805447,0.000938979675367213,0.000937588725109754,0.9970478632711264,-1.581954973578487e-08,-0.001132512188115927,0.002775948855776096,0.002775948855776096,0.12045517169654234,1.001483539872236,-1.5772848261975617e-08,1.7877234245337672,0.10109051902332812,0.0036904376666666654,0.0014115815626378676,0.0009879671729529976,0.0004738947634662866,0.0032930326916666636,1.7893544236396102,0.09850915055683193,0.0016309991058429674,-0.0025813684664961895,-0.0025922087314733827,1.0084803701044305,2.03147461443507e-07,-0.0005534598491696734,0.004509650599685281,0.004509650599685281,0.17666166149049445,0.9958181357675501,2.0487022710232347e-07]"
/multi_agv/m2b_algorithm_state,1789558496.4472144,1789558496.4472144,m2b_algorithm_state_v1:header6+3x20,"[1.0,-0.15,0.52,1.7898598197024704,0.10116465426366705,1789558496.4471073,1.788425070028586,0.10100177278602723,0.0036904376666666654,0.0016177600703931824,0.0007012810652204935,0.0005336424669713983,0.004584685874999997,1.7892291577142585,0.10204199873311522,0.0008040876856725276,0.0010402259470879832,0.0010385109932603733,0.9967157011673571,3.772845236960014e-08,0.002043620600351033,-0.00613338923218665,-0.00613338923218665,0.14194163601624468,1.0016513583763094,3.7604540857525234e-08,1.7894093397074433,0.10139817967275062,0.002796189458333334,-0.0008342341003130509,0.001673520156042052,0.0007031594830312349,-0.0017884964166666626,1.7877506747323837,0.1022819581892666,-0.0016586649750596205,0.0008837785165159706,0.0008825458046681859,0.9972197071103058,-1.4019550366626159e-08,-0.0011907854141563396,0.0030073791790543153,0.0030073791790543153,0.12046190090134468,1.001396768123835,-1.3980571910425118e-08,1.7887200892302586,0.10109142707644278,0.0036904376666666654,0.0014109258154503517,0.0009875453337609644,0.000474398435712398,0.0032930326916666636,1.790310577907032,0.09703402640909117,0.0015904886767734716,-0.004057400667351607,-0.004084480448481395,1.0135514912647734,5.021264074253886e-07,-0.0020963696025145554,0.010543480527079825,0.010543480527079825,0.1766825919735987,0.9933700793843055,5.089309690494259e-07]"
/multi_agv/m2b_algorithm_state,1789558496.4571395,1789558496.4571395,m2b_algorithm_state_v1:header6+3x20,"[1.0,-0.15,0.52,1.7908542666990368,0.10116558830934852,1789558496.4570076,1.7894335100039094,0.10100241200401282,0.0036904376666666654,0.0016183374984121914,0.0007008050419430303,0.0005336397929949079,0.004584685874999997,1.790026229980409,0.10079747009394055,0.0005927199764996782,-0.0002049419100722677,-0.00020500910566802343,1.0006562597372937,1.4662705509101742e-09,0.0005358908649565744,-0.00019052507754538373,-0.00019052507754538373,0.141910886024279,0.9996722311648705,1.467232805236716e-09,1.7904175038151586,0.10139936594325145,0.002796189458333334,-0.0008359232646136302,0.0016730523380645845,0.0007041350387531897,-0.0017884964166666626,1.7887670716209938,0.1022819581892666,-0.0016504321941648303,0.0008825922460151403,0.0008813628499824388,0.9972234463448676,-1.401018622412775e-08,-0.0011816773927235992,0.0029737754121151607,0.0029737754121151607,0.1204425912615819,1.0013948807040438,-1.3971286190358062e-08,1.7897284452883433,0.1010921848437369,0.0036904376666666654,0.001411113808540088,0.0009870832380944666,0.00047455732069369644,0.0032930326916666636,1.7910855649267543,0.09549210714406033,0.0013571196384110085,-0.0056000776996765755,-0.005652263606657829,1.0190281388608897,9.575687667396918e-07,-0.003955864058644069,0.01763555076628462,0.01763555076628462,0.17662253826600618,0.990767255278083,9.757895182020656e-07]"
/multi_agv/m2b_algorithm_state,1789558496.4670691,1789558496.4670691,m2b_algorithm_state_v1:header6+3x20,"[1.0,-0.15,0.52,1.791852824027508,0.1011664941398348,1789558496.4669244,1.7904281011537193,0.10100325720050952,0.0036904376666666654,0.0016173511764138396,0.0007004819557614892,0.000534235387403847,0.004584685874999997,1.7909861111460053,0.1006120637654423,0.0005580099922859461,-0.00039119343506723026,-0.0003914386053244223,1.001255297415687,5.3398087261450595e-09,0.0003060738850330103,0.0007081153081783847,0.0007081153081783847,0.14192931484648466,0.9993736686830139,5.346511774239252e-09,1.7914117659838489,0.10140039295996989,0.002796189458333334,-0.0008359012753854748,0.001672497854436239,0.0007044139518640885,-0.0017884964166666626,1.7900504627215224,0.10479601224901977,-0.0013613032623265298,0.0033956192890498837,0.0033777664508204087,0.9896208409026107,-2.069842729118175e-07,0.0016761373729122465,-0.00839960491859923,-0.00839960491859923,0.1204541640344309,1.005285397462912,-2.0483595021260829e-07,1.7907229329595422,0.10109311476756616,0.0036904376666666654,0.0014102696104016962,0.0009866810439936426,0.00047513246015958455,0.0032930326916666636,1.7921752513500488,0.09754917742661597,0.001452318390506635,-0.0035439373409501956,-0.0035645169948087707,1.0117685217990706,3.82774997652097e-07,-0.001749119006675477,0.009115271329642972,0.009115271329642972,0.1766585274731911,0.9942265238492208,3.8727969355610493e-07]"
/multi_agv/m2b_algorithm_state,1789558496.4770238,1789558496.4770238,m2b_algorithm_state_v1:header6+3x20,"[1.0,-0.15,0.52,1.7928448062732703,0.10116743048154235,1789558496.4768968,1.7914267931077033,0.10100403416796454,0.0036904376666666654,0.0016168392496254736,0.0007001216064550951,0.0005346447341932818,0.004584685874999997,1.7920770657956833,0.10173127831345816,0.0006502726879800136,0.000727244145493619,0.000726403965838825,0.9976957670955341,1.8434033537457392e-08,0.001539244825813842,-0.004189561706943448,-0.004189561706943448,0.14193317428407012,1.00115662867262,1.8391557230818355e-08,1.7924101499604377,0.10140146167437757,0.002796189458333334,-0.0008364044671481329,0.001671977798789026,0.0007049026036282796,-0.0017884964166666626,1.7910921875860797,0.10479601224901977,-0.001317962374357995,0.003394550574642205,0.0033767090888141863,0.9896241331677252,-2.0697768695159516e-07,0.0017292561208666927,-0.008590370224165582,-0.008590370224165582,0.12045658755759245,1.0052836905278932,-2.0483011403453314e-07,1.791721529014383,0.10109398657716231,0.0036904376666666654,0.0014097350323345188,0.000986269788577865,0.0004755781052984717,0.0032930326916666636,1.793356563563617,0.09984289359253892,0.0016350345492339713,-0.001251092984623392,-0.001253613848193358,1.0040488588202439,4.7613519705232506e-08,0.0007901793383491061,-0.0008221498323790319,-0.0008221498323790319,0.17666606513187685,0.9979891227481263,4.780630012445389e-08]"
/multi_agv/m2b_algorithm_state,1789558496.4870362,1789558496.4870362,m2b_algorithm_state_v1:header6+3x20,"[1.0,-0.15,0.52,1.7938520720919098,0.10116827675953753,1789558496.4869232,1.7924189204231342,0.10100490006986089,0.0036904376666666654,0.0016156344891918128,0.0006998361969181577,0.0005353154147911513,0.004584685874999997,1.7932028082976943,0.10300666975818598,0.0007838878745600741,0.002001769688325092,0.001995465270964762,0.9937489364400337,1.3943061713189061e-07,0.0029753251141648547,-0.009927380834721602,-0.009927380834721602,0.14195257052729257,1.0031593721284269,1.3855902748199384e-07,1.7934019462367332,0.10140245840503219,0.002796189458333334,-0.0008361528679481632,0.001671419890388881,0.0007050837704695584,-0.0017884964166666626,1.7919139256531518,0.10307884669730175,-0.0014880205835814397,0.0016763882922695567,0.001671979836230667,0.9947740107562375,-5.052841938982108e-08,-0.00018804589324613263,-0.00092297147549737,-0.00092297147549737,0.12046877147562099,1.0026366681842456,-5.0264358413585556e-08,1.7927135521599433,0.10109493296973393,0.0036904376666666654,0.0014087383044319858,0.0009858907515601922,0.0004762073149272251,0.0032930326916666636,1.7942797589568336,0.09816805575618388,0.001566206796890235,-0.002926877213550047,-0.0029408489806977923,1.0096522278922218,2.606954221805304e-07,-0.0009830904845849987,0.0061658874958525605,0.0061658874958525605,0.17670396542186978,0.9952490701700603,2.632117138058759e-07]"
/multi_agv/m2b_algorithm_state,1789558496.4970913,1789558496.4970913,m2b_algorithm_state_v1:header6+3x20,"[1.0,-0.15,0.52,1.7948447584709963,0.10116919964821075,1789558496.4969652,1.7934263005506133,0.10100553418235499,0.0036904376666666654,0.0016161168306670125,0.0006993944753286732,0.0005353361145395752,0.004584685874999997,1.7936474956958817,0.10195302929808453,0.00022119514526841577,0.0009474951157295436,0.0009460713664712397,0.9970054774944872,3.127143853648948e-08,0.0012225652980567595,-0.0031661865499004608,-0.0031661865499004608,0.1419333296650254,1.0015049068270763,3.11777955100122e-08,1.7944090633156298,0.10140361359524142,0.002796189458333334,-0.0008377553258366961,0.001670973671160203,0.0007060105071116374,-0.0017884964166666626,1.7929428718949767,0.10307884669730175,-0.0014661914206530735,0.0016752331020603306,0.001670830750340216,0.9947776255366825,-5.055528431633092e-08,-0.00016190852547612582,-0.001017381459090184,-0.001017381459090184,0.12045668511510974,1.0026348280454007,-5.029126569053156e-08,1.793720852409486,0.1010956825010162,0.0036904376666666654,0.0014088559555509171,0.000985458462060185,0.0004763811863642991,0.0032930326916666636,1.7947257484702681,0.09762112209974401,0.0010048960607820234,-0.0034745604012721976,-0.0034943312179240888,1.01152878934179,3.6754572755361945e-07,-0.0022382111419465595,0.010799294535864678,0.010799294535864678,0.17666636857618329,0.9943420313018762,3.7178308482006006e-07]"
/multi_agv/m2b_algorithm_state,1789558496.5070975,1789558496.5070975,m2b_algorithm_state_v1:header6+3x20,"[1.0,-0.15,0.52,1.7958517227093058,0.1011700378903428,1789558496.5069838,1.7944191268714569,0.10100638321315827,0.0036904376666666654,0.0016149709017861465,0.0006991122227434138,0.0005359796520060159,0.004584685874999997,1.7945524475730388,0.10043829034240954,0.00013332070158189602,-0.0005680928707487293,-0.0005686105783988521,1.0018265209764141,1.1245758764870583e-08,-0.0004019597014214821,0.003294198442541672,0.003294198442541672,0.141952571728064,0.9990895215991572,1.1266299379150313e-08,1.7954015703047024,0.10140460379828993,0.002796189458333334,-0.0008375753441358684,0.0016704355011181171,0.0007062124502375672,-0.0017884964166666626,1.7936207698774138,0.10503770737721395,-0.0017808004272885647,0.0036331035789240185,0.0036127043620924116,0.9889259109367312,-2.373756141485609e-07,0.0013867038279817057,-0.007474801069511679,-0.007474801069511679,0.12046877077957807,1.0056465226010889,-2.347468954560316e-07,1.7947135782368298,0.10109661193318402,0.0036904376666666654,0.0014078982463416557,0.0009850882983047258,0.00047698886748429427,0.0032930326916666636,1.7958005369077865,0.09892149619417867,0.0010869586709567614,-0.0021751157390053483,-0.002182788327859548,1.0071126184376085,1.438180109953749e-07,-0.0008240899891635962,0.005282201143678084,0.005282201143678084,0.1767039630983385,0.9964849597387563,1.4484093363204078e-07]"
/multi_agv/m2b_algorithm_state,1789558496.5171053,1789558496.5171053,m2b_algorithm_state_v1:header6+3x20,"[1.0,-0.15,0.52,1.79684491666947,0.10117094833532075,1789558496.5169988,1.795426202165921,0.10100701533458148,0.0036904376666666654,0.0016154005224786497,0.0006986843457900346,0.0005360160025450421,0.004584685874999997,1.7955127041932835,0.10058390091338243,8.650202736237844e-05,-0.00042311442119905007,-0.0004234012897279724,1.001358149821542,6.239305705607772e-09,-0.00031527375552499936,0.002923070697529803,0.002923070697529803,0.1419320578205227,0.9993224665680479,6.2477796175383896e-09,1.7964083901301087,0.1014057413256278,0.002796189458333334,-0.0008391267505489888,0.001670002262407877,0.000707110305854991,-0.0017884964166666626,1.7946712818196022,0.10503770737721395,-0.001737108310506441,0.0036319660515861524,0.003611579748559309,0.9889294074173924,-2.376653761847985e-07,0.0014401943604262575,-0.007668070450557684,-0.007668070450557684,0.12045588647480907,1.0056447052110578,-2.3503427963406442e-07,1.7957205758318884,0.10109735701081912,0.0036904376666666654,0.0014079812670123892,0.0009846688252207365,0.00047717108321386655,0.0032930326916666636,1.7968974393877921,0.10006406864642002,0.00117686355590374,-0.0010332883643991014,-0.0010350050091307917,1.0033356271074771,3.243264665407793e-08,0.0004360744357488832,0.000329041796532795,0.000329041796532795,0.17666388459047627,0.9983414140834622,3.25408298694245e-08]"
/multi_agv/m2b_algorithm_state,1789558496.5270956,1789558496.5270956,m2b_algorithm_state_v1:header6+3x20,"[1.0,-0.15,0.52,1.7978499770059535,0.10117178740791553,1789558496.5269868,1.7964195313876026,0.10100785031853735,0.0036904376666666654,0.0016142921863296716,0.0006984072186765992,0.0005366405790698191,0.004584685874999997,1.7968421935779062,0.10127749164652804,0.0004226621903036243,0.0002696413279906912,0.0002695254331665728,0.9991412533509227,2.530943068153463e-09,0.0007978531710461031,-0.0013422410691325422,-0.0013422410691325422,0.14195257327627608,1.0004299958736982,2.528769629274681e-09,1.7974014107339789,0.10140672281447399,0.002796189458333334,-0.0008389943026430148,0.0016694821935274717,0.0007073234374597032,-0.0017884964166666626,1.7955072864289952,0.10345486916085281,-0.001894124304983702,0.002048146346378815,0.0020415847824780415,0.9936425504745771,-7.565789257819325e-08,-0.000326070598751586,-0.0006006809093987827,-0.0006006809093987827,0.12046876987103525,1.0032139561173694,-7.517690134492751e-08,1.7967138078868277,0.10109827187295094,0.0036904376666666654,0.001407048526923656,0.000984308123606603,0.0004777630194259235,0.0032930326916666636,1.7979884716689591,0.09998898430318758,0.00127466378213148,-0.001109287569763362,-0.0011112671319836467,1.0035839944225473,3.735601187907514e-08,0.00048206259568070323,0.0001998816879975494,0.0001998816879975494,0.17670396007894237,0.99821864413757,3.748989561729836e-08]"
/multi_agv/m2b_algorithm_state,1789558496.53707,1789558496.53707,m2b_algorithm_state_v1:header6+3x20,"[1.0,-0.15,0.52,1.7988467530919803,0.10117266827376402,1789558496.5369165,1.7974247027087673,0.1010085037083669,0.0036904376666666654,0.0016144968668565063,0.0006980102944191379,0.0005367583313955342,0.004584685874999997,1.7979403835888563,0.1016061049711256,0.00051568088008902,0.000597601262758693,0.0005970334122078732,0.9981038592601386,1.2430389340593241e-08,0.0012416345123191482,-0.0030720697718243004,-0.0030720697718243004,0.14193573652973315,1.0009511202207593,1.2406819572952203e-08,1.7984063270984296,0.10140782619864021,0.002796189458333334,-0.0008403052441061033,0.0016690502774292515,0.0007081163721740225,-0.0017884964166666626,1.7964888519388973,0.10379225148190308,-0.0019174751595323336,0.002384425283262867,0.00237555503205433,0.9926273044659273,-1.0267550896007202e-07,-2.1288917361087217e-05,-0.0018449624846364695,-0.0018449624846364695,0.12045819647061126,1.003733969993895,-1.0191851369370346e-07,1.7977189012106627,0.10109903231673949,0.0036904376666666654,0.001406982312793393,0.0009839077056199132,0.0004780000106780072,0.0032930326916666636,1.7990068119947527,0.10049595725231802,0.0012879107840899628,-0.0006030750644214627,-0.0006036579198970121,1.0019373434824972,1.1036770461248704e-08,0.0010062305602154414,-0.0018866054002834986,-0.0018866054002834986,0.17667106938154084,0.9990344606500834,1.105815247656962e-08]"
/multi_agv/m2b_algorithm_state,1789558496.5470426,1789558496.5470426,m2b_algorithm_state_v1:header6+3x20,"[1.0,-0.15,0.52,1.7998459414303891,0.10117353032560089,1789558496.5469425,1.7984216036766623,0.10100927889068716,0.0036904376666666654,0.0016137651437480847,0.0006977060493326798,0.0005372337675752098,0.004584685874999997,1.798937647026146,0.10084933409741341,0.0005160433494837413,-0.00015994479327374744,-0.00015998570348541905,1.0005118629461283,8.905054419203816e-10,0.00048506848336925756,-3.531037540904693e-05,-3.531037540904693e-05,0.14194591237830845,0.9997442883283921,8.909612586594262e-10,1.7994029427136435,0.10140883190932463,0.002796189458333334,-0.0008405915409859131,0.0016685688649891173,0.0007084909066818745,-0.0017884964166666626,1.7976570568628731,0.10509443936081385,-0.0017458858507704011,0.0036856074514892145,0.003664623997590893,0.9887733248897287,-2.4515110344749664e-07,0.0014822666841278914,-0.007846360625320419,-0.007846360625320419,0.12046458607506341,1.0057259500325588,-2.423988716561671e-07,1.7987157128856357,0.10109989402128024,0.0036904376666666654,0.001406298400657536,0.0009835446197739026,0.0004784853302622176,0.0032930326916666636,1.8000438343317415,0.10052798451050113,0.0013281214461058344,-0.0005719095107791089,-0.0005724335521624806,1.0018365573029806,9.920456576324048e-09,0.0010877182554698125,-0.0021903500020791222,-0.0021903500020791222,0.17669094464519405,0.9990845376176989,9.938676063298198e-09]"
/multi_agv/m2b_algorithm_state,1789558496.5570726,1789558496.5570726,m2b_algorithm_state_v1:header6+3x20,"[1.0,-0.15,0.52,1.8008493121808982,0.1011743641329248,1789558496.5569544,1.7994209105718375,0.1010100123630519,0.0036904376666666654,0.0016133094847983042,0.0006973818472872477,0.0005375999223038051,0.004584685874999997,1.7998248104953594,0.1002276434132027,0.00040389992352185544,-0.0007823689498492048,-0.0007833523938612382,1.0025214307410746,2.130999374127887e-08,-0.0002784774894589189,0.002950298423900821,0.002950298423900821,0.14194753506112714,0.9987445701069657,2.136372541459024e-08,1.8004019782761196,0.10140985901620447,0.002796189458333334,-0.0008411838345019082,0.0016681105371909588,0.0007089860718107327,-0.0017884964166666626,1.7987017797707654,0.10509443936081385,-0.001700198505354189,0.0036845803446093756,0.0036636087161869444,0.9887764802753336,-2.451861740643014e-07,0.0015383605844942081,-0.008048114600916263,-0.008048114600916263,0.12046560495311086,1.0057243090207129,-2.4243432220347525e-07,1.7997149354432107,0.10110071959754631,0.0036904376666666654,0.0014057948678372011,0.0009831783722163865,0.0004788941073424588,0.0032930326916666636,1.8010017853028666,0.0993161826637268,0.0012868498596558808,-0.001784536933819511,-0.0017896859869244925,1.0058095202174124,9.663385308084438e-08,-0.00018112366235464145,0.0028429621572769463,0.0028429621572769463,0.17669411419187098,0.9971229293056991,9.719524940400402e-08]"
/multi_agv/m2b_algorithm_state,1789558496.5671413,1789558496.5671413,m2b_algorithm_state_v1:header6+3x20,"[1.0,-0.15,0.52,1.8018536584146745,0.10117518819348997,1789558496.5670063,1.8004243900860444,0.10101068088000285,0.0036904376666666654,0.0016133009282895518,0.0006970183926941595,0.0005377926943535751,0.004584685874999997,1.8007829611935906,0.09979636289127988,0.0003585711075462239,-0.001214317988722971,-0.00121669483567665,1.003932609563663,5.1351101459374816e-08,-0.0007684809512438701,0.00487377666999698,0.00487377666999698,0.1419343277345306,0.9980464723906244,5.1553045292078576e-08,1.8014052082987015,0.10141092277318599,0.002796189458333334,-0.0008422686366875839,0.001667688353410135,0.0007096759207835951,-0.0017884964166666626,1.799559125826659,0.10382808935775509,-0.0018460824720425428,0.0024171665845691,0.002408053716017376,0.9925291899253681,-1.0575706173714648e-07,0.00010045062596419733,-0.002297665458795205,-0.002297665458795205,0.1204573118490454,1.0037843294321505,-1.0496697081485714e-07,1.8007183381579486,0.10110148874558553,0.0036904376666666654,0.0014055878729681594,0.0009828013543766506,0.0004791799494962669,0.0032930326916666636,1.802100030602063,0.10120256554015339,0.0013816924441143463,0.00010107679456786145,0.00010106050920643422,0.999677885662229,3.0956582660545403e-10,0.0018281760643493671,-0.005132263638852624,-0.005132263638852624,0.17666831788914117,1.000161144660314,3.094661110142205e-10]"
/multi_agv/m2b_algorithm_state,1789558496.5769196,1789558496.5769196,m2b_algorithm_state_v1:header6+3x20,"[1.0,-0.15,0.52,1.802837907368109,0.1011761176210536,1789558496.5768206,1.8014288413748643,0.10101133511388241,0.0036904376666666654,0.0016133634053712154,0.0006966493015860382,0.0005379576081213783,0.004584685874999997,1.801837605765156,0.10050940873245032,0.00040876439029169376,-0.000501926381432094,-0.0005023302873495675,1.0016124697975743,8.769357785141036e-09,8.62520051504972e-06,0.001808293261357265,0.001808293261357265,0.1419176651042495,0.999195935567404,8.7834981097137e-09,1.8024094186476853,0.10141198568739686,0.002796189458333334,-0.0008434324989445869,0.0016672806990327693,0.0007103924817206675,-0.0017884964166666626,1.800595726781751,0.10382808935775509,-0.001813691865934386,0.00241610367035823,0.002406998873287604,0.9925324931714821,-1.0580965159410393e-07,0.00013988404086962176,-0.002439504458596585,-0.002439504458596585,0.12044684842933882,1.0037826345378342,-1.0501951729830186e-07,1.8017227152214736,0.10110224377919064,0.0036904376666666654,0.0014054311641202594,0.000982425324973447,0.00047944348051427027,0.0032930326916666636,1.8032678686732135,0.10284304773103246,0.001545153451739889,0.0017408039518418267,0.0017360330506744858,0.9945549013408833,9.170354851196316e-08,0.0036674748653493473,-0.012481234911157645,-0.012481234911157645,0.1766357763904763,1.002748162637507,9.120421364292443e-08]"
/multi_agv/m2b_algorithm_state,1789558496.5870397,1789558496.5870397,m2b_algorithm_state_v1:header6+3x20,"[1.0,-0.15,0.52,1.803842295700066,0.1011769290886495,1789558496.5869136,1.8024132315725252,0.10101227681113305,0.0036904376666666654,0.001611264943105119,0.0006964953582605285,0.000538947287799987,0.004584685874999997,1.8028893589238701,0.10091037859468807,0.000476127351344946,-0.0001018982164449761,-0.00010191481295649001,1.0003258721371369,3.608547911442902e-10,0.0004932443762246925,-9.32790340213061e-05,-9.32790340213061e-05,0.1419525645079074,0.9998371530984314,3.609723836662765e-10,1.8033934879809956,0.10141283470875188,0.002796189458333334,-0.0008422293172399512,0.001666741838660224,0.0007101512630948992,-0.0017884964166666626,1.8014576200715333,0.10473325333929033,-0.0019358679094623188,0.0033204186305384464,0.0033033409179333197,0.9898436604873586,-1.9941638703401305e-07,0.0008835060311054212,-0.005523869104652884,-0.005523869104652884,0.12046877499764634,1.0051698304926429,-1.973910465029113e-07,1.8027070025508058,0.10110324134327582,0.0036904376666666654,0.001403841414959819,0.000982132045398221,0.0004802851333674356,0.0032930326916666636,1.8042407415666641,0.10156288877766023,0.001533739015858293,0.0004596474343844109,0.00045931157555709304,0.9985411637182282,6.3921347871607385e-09,0.0023764853453799592,-0.007253549196051683,-0.007253549196051683,0.17670397729234527,1.0007312222142681,6.382809709015253e-09]"
/multi_agv/m2b_algorithm_state,1789558496.5970712,1789558496.5970712,m2b_algorithm_state_v1:header6+3x20,"[1.0,-0.15,0.52,1.8048367324407326,0.10117779148044749,1789558496.5968683,1.8034177215875373,0.1010129107424786,0.0036904376666666654,0.001611413153189399,0.0006961372632462652,0.0005390693203009304,0.004584685874999997,1.8036095617675465,0.10048692179979941,0.0001918401800091729,-0.0005259889426791897,-0.0005264325748228267,1.0016901961096727,9.618775229122415e-09,-0.00028663234981136053,0.002863334152895334,0.002863334152895334,0.1419525730114688,0.9991572859187404,9.635032845594494e-09,1.8043977442427976,0.1014138976993161,0.002796189458333334,-0.000843494596910199,0.0016663456281944544,0.0007109058319997585,-0.0017884964166666626,1.8025047786429924,0.10473325333929033,-0.0018929655998052297,0.0033193556399742363,0.003302288970771266,0.9898469368060304,-1.9958731344884117e-07,0.0009360819710147288,-0.005713412896389736,-0.005713412896389736,0.12046877003872783,1.0051681331809628,-1.9756089084268047e-07,1.8037114212698635,0.10110397882415383,0.0036904376666666654,0.0014037306242746764,0.0009817693482777057,0.00048052182587789236,0.0032930326916666636,1.8047528825796821,0.09979077498107063,0.0010414613098186365,-0.0013132038430831994,-0.001315982144710197,1.004252273606244,5.2234806544515245e-08,-1.4155507436901379e-05,0.002042133376877934,0.002042133376877934,0.17670396058215196,0.9978887999064687,5.245692323371175e-08]"
/multi_agv/m2b_algorithm_state,1789558496.6070669,1789558496.6070669,m2b_algorithm_state_v1:header6+3x20,"[1.0,-0.15,0.52,1.8058364116292511,0.10117861895531632,1789558496.606889,1.8044122772012023,0.10101368984798144,0.0036904376666666654,0.0016104538910486303,0.0006958885691888289,0.0005396144898444393,0.004584685874999997,1.8045667433595138,0.09975512157279671,0.0001544661583114948,-0.0012585682751847238,-0.0012611222530737683,1.0040777850609972,5.50653519888297e-08,-0.0010680395551843998,0.00594887324108418,0.00594887324108418,0.1419525636644366,0.9979748371874182,5.52898966585483e-08,1.8053920283710567,0.10141484704907379,0.002796189458333334,-0.0008435469706407983,0.0016658877909720982,0.0007111667058788962,-0.0017884964166666626,1.8035783706036705,0.10413065761287801,-0.0018136577673861787,0.0027158105638042246,0.002704333501744887,0.9916353186425095,-1.3367450902956582e-07,0.0004372612925121638,-0.0036427053975289386,-0.0036427053975289386,0.12046877546605744,1.0042439521796895,-1.3255636435591452e-07,1.804705891749939,0.10110483754428724,0.0036904376666666654,0.0014028884653947819,0.0009814498702716001,0.00048105305604480243,0.0032930326916666636,1.8059315681946742,0.10255318541807343,0.0012256764447351465,0.001448347873786185,0.0014450381356876782,0.9954547103197675,6.337732191673533e-08,0.0029771336916066113,-0.00987446973120383,-0.00987446973120383,0.17670397889767772,1.0022904157452783,6.308925362946641e-08]"
/multi_agv/m2b_algorithm_state,1789558496.6169434,1789558496.6169434,m2b_algorithm_state_v1:header6+3x20,"[1.0,-0.15,0.52,1.8068339870106929,0.10117945303338649,1789558496.6167998,1.8054120636139692,0.10101438436144228,0.0036904376666666654,0.0016100876853124197,0.0006955900722960704,0.0005399284996155246,0.004584685874999997,1.8055891596564604,0.10029048849317312,0.00017709604249116495,-0.0007238958682691532,-0.0007247373827162617,1.0023313054725949,1.820614047580711e-08,-0.0005033673296023055,0.0037173962375787054,0.0037173962375787054,0.14195256374595616,0.9988388698207417,1.824858455073319e-08,1.8063915690231,0.10141584854408763,0.002796189458333334,-0.0008442525751692674,0.0016654721815461127,0.0007116887663139448,-0.0017884964166666626,1.8046144563810185,0.10413065761287801,-0.0017771126420815797,0.0027148090687903886,0.00270334053968203,0.9916384223860778,-1.3368716161093773e-07,0.00048194973708005516,-0.0038030818151070984,-0.0038030818151070984,0.12046877543971302,1.0042423545757606,-1.325693260331429e-07,1.8057056022506848,0.10110562396041903,0.0036904376666666654,0.0014024359441266857,0.000981116404841842,0.000481422669785167,0.0032930326916666636,1.8071141683899083,0.103745985918683,0.001408566139223577,0.002640361958263976,0.0026294615274438243,0.9918260048426221,2.1037230344461174e-07,0.004390169201473296,-0.015523952022863679,-0.015523952022863679,0.17670397879929736,1.0041454992614964,2.0865272125500904e-07]"
/multi_agv/m2b_algorithm_state,1789558496.6271486,1789558496.6271486,m2b_algorithm_state_v1:header6+3x20,"[1.0,-0.15,0.52,1.8078466304427476,0.10118019704020431,1789558496.6270273,1.8064097484935717,0.10101510570813073,0.0036904376666666654,0.0016094898878053162,0.0006953183764133895,0.0005403289539581551,0.004584685874999997,1.806644997655057,0.10095420445853054,0.00023524916148520703,-6.090124960018983e-05,-6.09071759195898e-05,1.000194665359434,1.2875225649781896e-10,0.000233154275936919,0.0008093715459822027,0.0008093715459822027,0.14195256001125156,0.9999026991596559,1.2877732010210805e-10,1.8073890032580606,0.10141682157592442,0.002796189458333334,-0.0008447060896298554,0.00166504874210327,0.0007121056276137988,-0.0017884964166666626,1.8054000631346558,0.10215388138039727,-0.001988940123404781,0.0007370598044728477,0.000736201674237618,0.9976779829472929,-9.873679022232888e-09,-0.0017499734800183581,0.00505135529932745,0.00505135529932745,0.12046877758876073,1.001165618423944,-9.850752171170306e-09,1.8067032092804463,0.10110643181610432,0.0036904376666666654,0.0014018300510298715,0.0009807963141149519,0.0004818518070265733,0.0032930326916666636,1.8077957372817546,0.1018918461149618,0.0010925280013083238,0.0007854142988574786,0.0007844361255444163,0.9975165543345195,1.863217529862182e-08,0.002150096127179821,-0.006606499367081478,-0.006606499367081478,0.17670398607674717,1.0012469763709357,1.8585903303637986e-08]"
/multi_agv/m2b_algorithm_state,1789558496.637031,1789558496.637031,m2b_algorithm_state_v1:header6+3x20,"[1.0,-0.15,0.52,1.8088373991548057,0.10118106052201821,1789558496.6369452,1.8074224704579478,0.10101560083412908,0.0036904376666666654,0.0016105283022067357,0.0006948907974585689,0.0005401012625910221,0.004584685874999997,1.8076978324398345,0.10125033648939875,0.00027536198188671257,0.00023473565526967166,0.0002346478100229566,0.9992522025266436,1.9135907561573878e-09,0.0005788502873813473,-0.0005518135324225999,-0.0005518135324225999,0.14193504867187967,1.0003743706225363,1.912159777824895e-09,1.8084015433269458,0.10141794421891649,0.002796189458333334,-0.0008469544656205955,0.0016647386525943109,0.0007132415361365135,-0.0017884964166666626,1.8064177869096059,0.10215388138039727,-0.0019837564173399436,0.0007359371614807791,0.0007350816491252686,0.9976815254772706,-9.869782277060685e-09,-0.0017446138725496609,0.005030514018601882,0.005030514018601882,0.12045776454591163,1.0011638331014365,-9.846899438306435e-09,1.8077158775433495,0.10110704606756739,0.0036904376666666654,0.0014023104865772593,0.000980422557841842,0.0004818379793203398,0.0032930326916666636,1.8086474697143473,0.10013550540976549,0.0009315921709978081,-0.0009715406578019031,-0.000973057360356225,1.0031337012817498,2.855425681666943e-08,0.0001914328533910351,0.0011608837773043569,0.0011608837773043569,0.176669725943217,0.9984413020073486,2.8643737327855243e-08]"
/multi_agv/m2b_algorithm_state,1789558496.6470377,1789558496.6470377,m2b_algorithm_state_v1:header6+3x20,"[1.0,-0.15,0.52,1.8098413442362296,0.10118184430691779,1789558496.6469579,1.808413358015444,0.10101642370062668,0.0036904376666666654,0.0016091113479951755,0.0006946982895952745,0.0005408155966855205,0.004584685874999997,1.808719544852961,0.10105224430619256,0.00030618683751693077,3.582060556588107e-05,3.581855688835424e-05,0.9998856300486494,4.452807632232624e-11,0.0004185521037845177,0.00010694110779641735,0.00010694110779641735,0.14195256741697218,1.0000571959817706,4.452298364840352e-11,1.809392160356499,0.10141882236363396,0.002796189458333334,-0.000846509834410156,0.0016642836050804188,0.0007132855248472431,-0.0017884964166666626,1.8077200918442353,0.10375314060436247,-0.001672068512263758,0.0023343182407285085,0.0023258149149478387,0.9927791810116334,-9.91308804108451e-08,0.00023572927461814122,-0.002748114166081713,-0.002748114166081713,0.12046877329321146,1.0036560629678741,-9.841507426724097e-08,1.8087066790924737,0.101107935501794,0.0036904376666666654,0.0014011709139327756,0.0009801366676459485,0.0004824806552600064,0.0032930326916666636,1.8098101154444999,0.10209618622731607,0.0011034363520261437,0.000988250725522069,0.000986704485222533,0.9968824568163002,2.9480137082016497e-08,0.0023659999252552124,-0.007473504379079838,-0.007473504379079838,0.17670397159881596,1.0015670753733195,2.938823148160192e-08]"
/multi_agv/m2b_algorithm_state,1789558496.6569402,1789558496.6569402,m2b_algorithm_state_v1:header6+3x20,"[1.0,-0.15,0.52,1.8108344284565128,0.10118268404237858,1789558496.656833,1.8094173952504007,0.10101704325053523,0.0036904376666666654,0.0016091639135355474,0.0006943732214848009,0.0005409619076872678,0.004584685874999997,1.8095754404409428,0.10158949334876526,0.00015804519054207766,0.0005724500982300235,0.0005719290010997238,0.9981833534598641,1.1368177025971835e-08,0.0007694854892773209,-0.0013861257238479735,-0.0013861257238479735,0.14195128208764288,1.0009111220611258,1.1347525066509951e-08,1.8103959859491832,0.10141983728818428,0.002796189458333334,-0.0008476793358498562,0.0016639251388606002,0.0007139789437994593,-0.0017884964166666626,1.808331525259643,0.10205210732698189,-0.0020644606895401374,0.0006322700387976082,0.0006316380925447072,0.9980058142180246,-7.2917412759817326e-09,-0.0019489377693804647,0.005801354825466146,0.005801354825466146,0.12046795769067992,1.0010004878748764,-7.2772001892033265e-09,1.809710651509105,0.10110865238203387,0.0036904376666666654,0.0014009995687760163,0.0009798069377431884,0.0004827264473705119,0.0032930326916666636,1.8109661693078742,0.10338042326745167,0.0012555177987692012,0.002271770885417801,0.002263679125434332,0.9929376558529278,1.5561802708148328e-07,0.0038330763738958335,-0.013343968403134931,-0.013343968403134931,0.17670143322395596,1.0035746055580719,1.5451899901874545e-07]"
/multi_agv/m2b_algorithm_state,1789558496.6670392,1789558496.6670392,m2b_algorithm_state_v1:header6+3x20,"[1.0,-0.15,0.52,1.811835262902769,0.10118347448919422,1789558496.6668744,1.8104105907650783,0.1010178200989715,0.0036904376666666654,0.0016080217633838195,0.0006941665954060643,0.0005415644694400255,0.004584685874999997,1.8106442910253926,0.10199793645135209,0.000233700260314329,0.0009801163523805861,0.0009785935086026488,0.9969040441130895,3.329151639843523e-08,0.00127071883399556,-0.0033610817184897934,-0.0033610817184897934,0.141952563353576,1.0015561556096075,3.3188447332257315e-08,1.811388927700376,0.10142073092574386,0.002796189458333334,-0.0008475394478432326,0.0016634977315901356,0.0007141406500957986,-0.0017884964166666626,1.8092136435061503,0.10100196298228682,-0.002175284194225746,-0.00041876794345703516,-0.000419047373409392,1.001336647458985,-3.200519154343599e-09,-0.0031381526161915747,0.010464556763301306,0.010464556763301306,0.1204687756706798,0.9993331781319059,-3.204797120138686e-09,1.8107037669040837,0.10110950110242041,0.0036904376666666654,0.0014000379955596948,0.0009795234925059852,0.0004832906960089392,0.0032930326916666636,1.81159691538832,0.10075577943697733,0.0008931484842362725,-0.0003537216654430769,-0.00035392177263150466,1.0011329495589028,3.777267027668083e-09,0.0007625138326638359,-0.0011444874235993522,-0.0011444874235993522,0.17670397956405404,0.999434600513724,3.781546480680937e-09]"
/multi_agv/m2b_algorithm_state,1789558496.6770954,1789558496.6770954,m2b_algorithm_state_v1:header6+3x20,"[1.0,-0.15,0.52,1.8128357546970524,0.10118426196935015,1789558496.6769598,1.8114115201477115,0.10101847439720055,0.0036904376666666654,0.0016077520723507374,0.0006938840607368935,0.0005418283410909579,0.004584685874999997,1.8116909933112884,0.10231097814021956,0.0002794731635769043,0.0012925037430190078,0.0012898617402235365,0.9959318039301855,5.787210061753755e-08,0.001639203194694667,-0.004821946908529313,-0.004821946908529313,0.14195256549548302,1.002048283713736,5.763666556525338e-08,1.8123896394060455,0.10142170357382453,0.002796189458333334,-0.000848358540739442,0.0016631295098299415,0.0007146872538909693,-0.0017884964166666626,1.810209727087125,0.10100196298228682,-0.0021799123189205627,-0.0004197405915377095,-0.0004200213193996706,1.0013397491673315,-3.2184990497773545e-09,-0.0031449117180503737,0.01048809498216444,0.01048809498216444,0.12046877442171529,0.9993316342552269,-3.222811031199351e-09,1.8117046291545496,0.10111024549655755,0.0036904376666666654,0.0013996502712324164,0.0009792166493712284,0.0004836183749810162,0.0032930326916666636,1.8123741273499174,0.09839596793074204,0.0006694981953678791,-0.0027142775658155066,-0.002726271668788109,1.0089279733091236,2.227058060332473e-07,-0.00188939892457826,0.009251466005873683,0.009251466005873683,0.1767039753444675,0.9956005474032842,2.24694117525299e-07]"
/multi_agv/m2b_algorithm_state,1789558496.687077,1789558496.687077,m2b_algorithm_state_v1:header6+3x20,"[1.0,-0.15,0.52,1.8138342651324184,0.1011850555244969,1789558496.687015,1.8124121058825966,0.10101913105681858,0.0036904376666666654,0.0016074313627182442,0.0006936095070205531,0.0005421101757754425,0.004584685874999997,1.8127449297711684,0.10260466976609314,0.00033282388857180933,0.001585538709274567,0.0015815717664904366,0.9950261380121971,8.705188893592843e-08,0.0019976016272051983,-0.006240677213325966,-0.006240677213325966,0.1419525670195122,1.002508228123554,8.661890485458357e-08,1.8133900098711562,0.10142266451165517,0.002796189458333334,-0.0008491222006680281,0.0016627655223111493,0.0007152076269150293,-0.0017884964166666626,1.811359966676518,0.10213346204284048,-0.002030043194638065,0.0007107975311853032,0.0007099993682555919,0.9977602273493378,-9.230526927204379e-09,-0.001827554625041989,0.005334340180698637,0.005334340180698637,0.12046877354700347,1.001124174140707,-9.209852645441626e-09,1.8127051483374046,0.10111099033957674,0.0036904376666666654,0.0013992300702730244,0.0009789158743472417,0.0004839569748529755,0.0032930326916666636,1.8134021641808866,0.1002295470852304,0.0006970158434820295,-0.0008814432543463452,-0.000882690778530058,1.0028400501151151,2.3450270868069485e-08,-1.1420974177521145e-05,0.0018351495298874246,0.0018351495298874246,0.17670397238288355,0.9985866803935685,2.3516870812547827e-08]"
/multi_agv/m2b_algorithm_state,1789558496.6971605,1789558496.6971605,m2b_algorithm_state_v1:header6+3x20,"[1.0,-0.15,0.52,1.8148312530012622,0.10118585217380664,1789558496.697045,1.813410712457015,0.10101981330719244,0.0036904376666666654,0.0016068886574324682,0.0006933602102967111,0.000542475098656772,0.004584685874999997,1.8137230747880957,0.10199841414199604,0.00031236233108078437,0.0009786008348035974,0.0009770827204254437,0.9969088616769937,3.316498706847933e-08,0.0013675356342764242,-0.003706390177763793,-0.003706390177763793,0.14195256496532246,1.001553721446934,3.3062469505969945e-08,1.8143883964699148,0.1014235977422172,0.002796189458333334,-0.0008496430272497872,0.0016623940124893544,0.0007156266531608835,-0.0017884964166666626,1.8123763928648944,0.10213346204284048,-0.002012003605020407,0.0007098643006232808,0.0007090682366523637,0.9977631726584564,-9.211918389986711e-09,-0.0018059362696231452,0.005257283130930998,0.005257283130930998,0.12046877471421333,1.001122690214803,-9.19131291906392e-09,1.8137036864703253,0.10111175552408107,0.0036904376666666654,0.0013986632615649156,0.0009786275517098212,0.0004843526460274676,0.0032930326916666636,1.8147078963682763,0.10098202502444957,0.001004209897951025,-0.0001297304996314974,-0.0001297573701280415,1.00041445399684,5.075039452641656e-10,0.0011255050023107397,-0.0025366838011768584,-0.0025366838011768584,0.17670397636651722,0.9997929173771202,5.077142823026924e-10]"
/multi_agv/m2b_algorithm_state,1789558496.707088,1789558496.707088,m2b_algorithm_state_v1:header6+3x20,"[1.0,-0.15,0.52,1.8158371347280735,0.10118659328043238,1789558496.7069864,1.8144077978218236,0.10102051230158876,0.0036904376666666654,0.0016061898398922417,0.0006931314490670189,0.0005428970079849852,0.004584685874999997,1.8147108691566218,0.10161827835778203,0.0003030713347982328,0.0005977660561932718,0.0005971979854580831,0.9981036484907219,1.23725681842827e-08,0.0009760371539558741,-0.0021355876025112436,-0.0021355876025112436,0.14195256021459476,1.0009512268109093,1.234910544593279e-08,1.8153852589164923,0.10142451030299308,0.002796189458333334,-0.0008499936755479868,0.0016620177456900809,0.00071597438755934,-0.0017884964166666626,1.813370310612569,0.10155148177597542,-0.0020149483039233473,0.00012697147298233735,0.0001269458917005131,0.9995972483773481,-2.94963753331554e-10,-0.002391739488203671,0.007587328358515335,0.007587328358515335,0.12046877749075668,1.0002015132705877,-2.9484495620127623e-10,1.8147007022654709,0.10111253391683807,0.0036904376666666654,0.0013979917816400044,0.000978350256391914,0.00048478795198917107,0.0032930326916666636,1.815676883624751,0.10011748607683812,0.0009761813592801261,-0.0009950478399999435,-0.0009966389905667085,1.0032101388517385,2.986023850861843e-08,0.00022358770853344906,0.0010533887809013025,0.0010533887809013025,0.17670398570652068,0.9984034835263065,2.995609402037712e-08]"
/multi_agv/m2b_algorithm_state,1789558496.7170782,1789558496.7170782,m2b_algorithm_state_v1:header6+3x20,"[1.0,-0.15,0.52,1.8168352429046026,0.10118737416407116,1789558496.7169797,1.8154137582483916,0.10102107515161884,0.0036904376666666654,0.0016064610599313403,0.0006928134979687244,0.0005429448392676502,0.004584685874999997,1.8157129099065368,0.10170799446933496,0.0002991516581452025,0.0006869193177161115,0.0006861696732168395,0.9978230401854927,1.6340045968742662e-08,0.0010601092458983425,-0.0024758703725193867,-0.0024758703725193867,0.14195257139887896,1.0010925060207887,1.6304474345301508e-08,1.8163910381284696,0.10142550916761256,0.002796189458333334,-0.0008514085100324205,0.0016617102011875495,0.0007167476615405899,-0.0017884964166666626,1.8143796779098278,0.10155148177597542,-0.002011360218641789,0.00012597260836286206,0.0001259474281363174,0.9996004176396464,-2.908232950818308e-10,-0.0023882528451659186,0.007573950312011758,0.007573950312011758,0.12046877098202828,1.0001999264845443,-2.9070708722313616e-10,1.81570660780736,0.10111319552206569,0.0036904376666666654,0.001397962989253846,0.000978044005788714,0.0004849597401532903,0.0032930326916666636,1.8164963987888023,0.09820930025463642,0.0007897909814422732,-0.002903895267429263,-0.0029176427485441982,1.0095716437196016,2.546294080465445e-07,-0.0019304040217413567,0.009472826739239104,0.009472826739239104,0.1767039637861763,0.9952881547537665,2.5706663002089907e-07]"
/multi_agv/m2b_algorithm_state,1789558496.7271762,1789558496.7271762,m2b_algorithm_state_v1:header6+3x20,"[1.0,-0.15,0.52,1.817830086487269,0.10118816769233453,1789558496.727031,1.8164119585652303,0.10102175383589736,0.0036904376666666654,0.0016058447257107666,0.0006925813708243292,0.0005433327462196795,0.004584685874999997,1.8167470992796841,0.10183615045207624,0.00033514071445384097,0.0008143966161788807,0.0008133439438500048,0.997422801792449,2.2956513865528063e-08,0.001232269836917306,-0.0031487439819995566,-0.0031487439819995566,0.14195256862150965,1.0012942523723642,2.2897350379142203e-08,1.8173890278489404,0.10142641534619996,0.002796189458333334,-0.0008518491803718529,0.0016613548330131067,0.0007171235463863807,-0.0017884964166666626,1.815219120033925,0.10154524434642515,-0.0021699078150154705,0.00011882900022518184,0.0001188065939103937,0.9996230510477284,-2.589088748510825e-10,-0.002593578174858944,0.008305723795068196,0.008305723795068196,0.12046877257912607,1.0001885948755087,-2.588112794219736e-10,1.8167047422996374,0.10111395331011619,0.0036904376666666654,0.0013973502155334733,0.0009777713329263919,0.00048536719486681106,0.0032930326916666636,1.8175143678052157,0.09965267726895911,0.0008096255055782819,-0.0014612760411570752,-0.0014647195881601445,1.0047390175736495,6.438804751598914e-08,-0.00045268770618729203,0.0036503725724176474,0.0036503725724176474,0.1767039691589849,0.9976490059729489,6.469318360470039e-08]"
/multi_agv/m2b_algorithm_state,1789558496.7371273,1789558496.7371273,m2b_algorithm_state_v1:header6+3x20,"[1.0,-0.15,0.52,1.8188320487085117,0.101188915356822,1789558496.7370763,1.8174068990734416,0.10102247360708057,0.0036904376666666654,0.001604893534824322,0.0006923879376009793,0.000543845672642662,0.004584685874999997,1.8175838614034123,0.10170591108206165,0.00017696232997077566,0.0006834374749810773,0.0006826954053025958,0.9978340301389363,1.6158971294492134e-08,0.0009038983177660654,-0.0019199291492097321,-0.0019199291492097321,0.14195256001078427,1.001086970371732,1.612397144968247e-08,1.8183837471708642,0.10142728425622233,0.002796189458333334,-0.0008519235051933065,0.0016609820507855755,0.0007173496916633437,-0.0017884964166666626,1.8162282983013767,0.10154524434642515,-0.0021554488694874863,0.00011796009020281772,0.00011793801048699789,0.999625808116823,-2.5515769603698303e-10,-0.00257637307637236,0.008244908958965553,0.008244908958965553,0.12046877760511608,1.000187214586109,-2.550622180981958e-10,1.8176996132175012,0.10111474521370074,0.0036904376666666654,0.0013965132573390475,0.0009775163331998127,0.0004858626316800365,0.0032930326916666636,1.8185531890593067,0.10071563559153132,0.000853575841805565,-0.0003991096221694218,-0.0003993644470627141,1.0012788908376278,4.796751804455919e-09,0.0006676053551942422,-0.000790753165127171,-0.000790753165127171,0.17670398610085217,0.9993619239389823,4.802886326389012e-09]"
/multi_agv/m2b_algorithm_state,1789558496.747054,1789558496.747054,m2b_algorithm_state_v1:header6+3x20,"[1.0,-0.15,0.52,1.8198254400859863,0.10118970616816708,1789558496.7468889,1.8184089430193873,0.10102308121988257,0.0036904376666666654,0.0016047361448920093,0.0006921247386666878,0.0005440508086293702,0.004584685874999997,1.8185649414491538,0.10106298529041903,0.0001559984297665462,3.9904070536458947e-05,3.99015284535421e-05,0.9998726094920882,5.5106834793773656e-11,0.00023489956566172487,0.0007527652947959653,0.0007527652947959653,0.141952564159022,1.0000637089107953,5.5099814706099864e-11,1.819385603537644,0.10142822363287538,0.002796189458333334,-0.0008528692149852796,0.0016606644873962129,0.0007179248281601186,-0.0017884964166666626,1.817266401319917,0.10175010478141067,-0.00211920221772699,0.00032188114853529126,0.00032171699960670806,0.9989813085188569,-1.901722166395633e-09,-0.0023272857725520294,0.007273378756656511,0.007273378756656511,0.12046877516584747,1.0005102277118831,-1.899784898225225e-09,1.8187015995685043,0.10111544121770806,0.0036904376666666654,0.0013961996901390244,0.0009772398496211143,0.0004861423746033121,0.0032930326916666636,1.8195445396064078,0.10012901075068595,0.0008429400379035279,-0.000986430467022112,-0.0009879940145267475,1.0031819041982142,2.930710028772977e-08,6.568103285266237e-05,0.0016063109341558875,0.0016063109341558875,0.1767039778969554,0.9984174524524982,2.9400352673172783e-08]"
/multi_agv/m2b_algorithm_state,1789558496.7568524,1789558496.7568524,m2b_algorithm_state_v1:header6+3x20,"[1.0,-0.15,0.52,1.8208246858696568,0.10119045801409073,1789558496.7568057,1.8194024310998875,0.10102381115990058,0.0036904376666666654,0.001603645381008025,0.0006919551215871064,0.0005446118459700302,0.004584685874999997,1.8195247148085383,0.10080980378364954,0.00012228370865075,-0.00021400737625104638,-0.00021408063188788973,1.0006851614579788,1.5841972186625259e-09,-6.122599607445223e-05,0.0019170678954774111,0.0019170678954774111,0.14195255296352996,0.9996578128707985,1.5852826495385907e-09,1.8203788710423494,0.1014290676303553,0.002796189458333334,-0.0008527913213144649,0.001660292869088531,0.0007180843865646214,-0.0017884964166666626,1.818278292579204,0.10175010478141067,-0.002100578463145375,0.0003210371510553728,0.000320873862646934,0.9989839815005656,-1.8915833599243426e-09,-0.0023048492162847847,0.007194072656348593,0.007194072656348593,0.12046878171831805,1.0005088865982783,-1.8896614762374373e-09,1.8196950181157228,0.10111623971424538,0.0036904376666666654,0.0013952682374674722,0.0009770002862006027,0.00048667074162542104,0.0032930326916666636,1.8204544204096593,0.09919068874790107,0.0007594022939365619,-0.0019255509663443082,-0.0019315510457204774,1.0062772432433635,1.1166929921819462e-07,-0.000982298178299775,0.005719228691556402,0.005719228691556402,0.17670399999367595,0.9968936470048448,1.1237027457220318e-07]"
/multi_agv/m2b_algorithm_state,1789558496.7670166,1789558496.7670166,m2b_algorithm_state_v1:header6+3x20,"[1.0,-0.15,0.52,1.8218294229102359,0.1011911736637241,1789558496.766869,1.8204017608925473,0.10102444621167386,0.0036904376666666654,0.0016032216464928399,0.0006917292549268427,0.0005449130125575154,0.004584685874999997,1.8203747454184382,0.10079886977258043,-2.701547410910443e-05,-0.0002255764390934334,-0.00022565783550116495,1.0007222891002705,1.7596516911017317e-09,-0.0002594271781375455,0.0026248829689107384,0.0026248829689107384,0.14195255224455197,0.999639292792334,1.760922668338487e-09,1.8213780082394846,0.10142997057825333,0.002796189458333334,-0.0008534461332723332,0.0016599671094834623,0.0007185376924878362,-0.0017884964166666626,1.8191431931780322,0.10149512909508693,-0.0022348150614524,6.515851683359941e-05,6.515177739849387e-05,0.999793188278109,-7.799506974325592e-11,-0.002728367049417006,0.008805158932667832,0.008805158932667832,0.12046878214513686,1.000103442075944,-7.797893944858332e-11,1.8206942884769384,0.10111695725234496,0.0036904376666666654,0.001394774874150136,0.0009767443699157498,0.0004870177206527243,0.0032930326916666636,1.8212862009272155,0.10046876097265921,0.0005919124502771211,-0.0006481962796857504,-0.0006488696812386958,1.0020828524155199,1.2638791064889243e-08,9.10208816077056e-05,0.0013634671841759646,0.0013634671841759646,0.17670400141123227,0.9989621929142075,1.2665115801388e-08]"
/multi_agv/m2b_algorithm_state,1789558496.7769287,1789558496.7769287,m2b_algorithm_state_v1:header6+3x20,"[1.0,-0.15,0.52,1.8228291625673119,0.10119191344952982,1789558496.7768757,1.8214065696997004,0.10102499701892037,0.0036904376666666654,0.0016033842783997388,0.0006914495632489358,0.000544988011167527,0.004584685874999997,1.8214265486641632,0.10141045158632565,1.9978964462818993e-05,0.00038545456740528283,0.00038521799895115805,0.9987743098557247,5.136193064799015e-09,0.0004101917045296818,-2.845761459671376e-05,-2.845761459671376e-05,0.1419525613646276,1.000614115785786,5.129897683580395e-09,1.8223826517396786,0.10143092232003988,0.002796189458333334,-0.0008547433281782292,0.0016596864883280382,0.0007192459689473463,-0.0017884964166666626,1.8201560629053806,0.10149512909508693,-0.002226588834298049,6.420677504705152e-05,6.420023109128124e-05,0.9997962095125487,-7.584806168605082e-11,-0.00271903581178128,0.00877112421288954,0.00877112421288954,0.12046877682881654,1.000101930408334,-7.583260457258758e-11,1.8216990472913288,0.10111760165221204,0.0036904376666666654,0.0013946717934235874,0.0009764719492558532,0.0004872041127433114,0.0032930326916666636,1.8223397876160934,0.1005710678163802,0.0006407403247645771,-0.0005465338358318361,-0.000547012199462169,1.0017541469111348,8.983853266637039e-09,0.0002539132064935523,0.0007405362249924988,0.0007405362249924988,0.17670398349651525,0.9991254973274761,8.9996122650948e-09]"
/multi_agv/m2b_algorithm_state,1789558496.7869732,1789558496.7869732,m2b_algorithm_state_v1:header6+3x20,"[1.0,-0.15,0.52,1.8238278213984778,0.10119265415946771,1789558496.7868326,1.8224063893005467,0.10102562233966762,0.0036904376666666654,0.0016029650873776776,0.0006912260422210269,0.0005452859881033942,0.004584685874999997,1.822474323810686,0.10161872381204176,6.79345101393114e-05,0.0005931014723741385,0.0005925422517271728,0.99811847704888,1.2155527087704696e-08,0.000677460389401312,-0.0010744762482763764,-0.0010744762482763764,0.14195256153219113,1.000943765014791,1.2132656184506219e-08,1.8233822882751394,0.10143181077914215,0.002796189458333334,-0.0008554010056563859,0.0016593771234822974,0.0007196919888369374,-0.0017884964166666626,1.8215830485531004,0.1026040137248458,-0.0017992397220389922,0.0011722029457036515,0.0011700400705379223,0.9963261384284376,-2.528002681406301e-08,-0.001079009582010818,0.0024613980132778507,0.0024613980132778507,0.12046877672422868,1.0018485479430927,-2.5187151495022758e-08,1.8226988101262498,0.10111830722977974,0.0036904376666666654,0.0013941873205784573,0.0009762221386745212,0.00048754406208411424,0.0032930326916666636,1.8232939799196248,0.09993456568929687,0.0005951697933750388,-0.0011837415404828688,-0.001185996409496549,1.0038267325344585,4.214829294864458e-08,-0.00044203416777775046,0.003487367626662369,0.003487367626662369,0.1767039831115755,0.9980987556154262,4.230958319254305e-08]"
/multi_agv/m2b_algorithm_state,1789558496.797023,1789558496.797023,m2b_algorithm_state_v1:header6+3x20,"[1.0,-0.15,0.52,1.824828406823511,0.10119337865822829,1789558496.7968884,1.8234051287207897,0.10102625928599955,0.0036904376666666654,0.0016024278672348547,0.0006910179525950076,0.0005456270989586174,0.004584685874999997,1.823720718412091,0.10134761314956625,0.00031558969130118797,0.0003213538635667007,0.0003211893580651509,0.9989774151868152,3.5679613166894654e-09,0.0007156764721916359,-0.0010858786752943185,-0.0010858786752943185,0.14195255974012566,1.00051217606505,3.564312773632988e-09,1.824380843313656,0.10143268173958628,0.002796189458333334,-0.0008559287637025185,0.0016590657455346491,0.0007200827403557042,-0.0017884964166666626,1.8226119455965069,0.1026040137248458,-0.0017688977171490539,0.0011713319852595244,0.001169172334316287,0.996328875298664,-2.5257963348164974e-08,-0.0010419498121200304,0.002329151387862387,0.002329151387862387,0.12046877775268264,1.0018471622017129,-2.5165238215012085e-08,1.8236974921609874,0.1011190214528173,0.0036904376666666654,0.001393624687088737,0.0009759809790706904,0.0004879133910164657,0.0032930326916666636,1.8244563769129591,0.0986986964402991,0.0007588847519717223,-0.0024203250125181958,-0.0024298397193065297,1.0079339208995401,1.7627702375395336e-07,-0.0014812337793418768,0.007686406606677529,0.007686406606677529,0.1767039866104763,0.9960842245219987,1.7767559171682358e-07]"
/multi_agv/m2b_algorithm_state,1789558496.8070595,1789558496.8070595,m2b_algorithm_state_v1:header6+3x20,"[1.0,-0.15,0.52,1.8258280594526408,0.10119410343909528,1789558496.8068652,1.8244057895629333,0.10102686304380046,0.0036904376666666654,0.0016021021460259988,0.0006907938643275541,0.0005458848556196797,0.004584685874999997,1.8246863035506296,0.10056725949712315,0.00028051398769624036,-0.0004596035466773035,-0.00045994203004730077,1.001475490075328,7.300769848989216e-09,-0.00010929954542700032,0.0021959891931951853,0.0021959891931951853,0.14195256145412674,0.999264073844344,7.311542062443653e-09,1.825381331313179,0.10143356661157037,0.002796189458333334,-0.0008566879228598667,0.0016587734690043376,0.0007205638600262382,-0.0017884964166666626,1.8237019273305755,0.10264364496505152,-0.0016794039826035778,0.0012100783534811504,0.0012077741670615122,0.9962091605072806,-2.697965477151722e-08,-0.0008914808111929601,0.0017748971022698919,0.0017748971022698919,0.120468776774981,1.0019077957473161,-2.6877379230709416e-08,1.8246980995944204,0.10111970631931404,0.0036904376666666654,0.0013932019755318443,0.0009757371927436196,0.0004882234357086552,0.0032930326916666636,1.8256120031953125,0.10019263603630077,0.000913903600892052,-0.0009270702830132677,-0.0009284506165910679,1.0029882520426228,2.5828880429529452e-08,0.00021392888452399718,0.0010521836450591868,0.0010521836450591868,0.17670398330866363,0.9985132934879527,2.5906063634231653e-08]"
/multi_agv/m2b_algorithm_state,1789558496.816912,1789558496.816912,m2b_algorithm_state_v1:header6+3x20,"[1.0,-0.15,0.52,1.8268215936379495,0.10119485733335261,1789558496.8167963,1.8254055179853659,0.10102747720688081,0.0036904376666666654,0.0016016672626300802,0.000690583494830887,0.0005461827935802407,0.004584685874999997,1.8256609940145303,0.100679350101692,0.00025547602916442536,-0.00034812710518880574,-0.0003483211389781083,1.001116193820119,4.187210155097477e-09,-2.8976102522576585e-05,0.001860883183816915,0.001860883183816915,0.14195256145851542,0.9994429456969743,4.1918838931961365e-09,1.8263808862148858,0.10143443448681005,0.002796189458333334,-0.0008573264086363915,0.0016584802867340986,0.0007209931431443467,-0.0017884964166666626,1.8247257998446185,0.10264364496505152,-0.0016550863702673446,0.0012092104782414625,0.0012069096078234046,0.9962118866737449,-2.6960957746304956e-08,-0.0008619483550107762,0.001669358348395196,0.001669358348395196,0.12046877676047694,1.001906414865822,-2.685882658297758e-08,1.8256977741576716,0.10112039862359495,0.0036904376666666654,0.0013927078363210649,0.000975501223056242,0.0004885603754929317,0.0032930326916666636,1.826660545060279,0.10011608860528351,0.0009627709026074349,-0.001004310018311444,-0.0010059308700224858,1.0032400160192976,3.0302842333064346e-08,0.0001975327582368078,0.0011444346876636916,0.0011444346876636916,0.17670398325536055,0.9983887046721156,3.040102402765372e-08]"
/multi_agv/m2b_algorithm_state,1789558496.8270118,1789558496.8270118,m2b_algorithm_state_v1:header6+3x20,"[1.0,-0.15,0.52,1.8278258590463052,0.10119554438643145,1789558496.8268647,1.8263991384040419,0.10102817555169412,0.0036904376666666654,0.0016005821205494742,0.0006904407912015293,0.0005467273947021482,0.004584685874999997,1.8265536108536995,0.10163233411017154,0.00015447244965760554,0.0006041585584774245,0.0006035783611181171,0.998083707005957,1.2593980555913861e-08,0.000796668923190124,-0.0015060423270912473,-0.0015060423270912473,0.14195255049455718,1.0009612626904527,1.256984679920745e-08,1.8273743100454964,0.10143523495675201,0.002796189458333334,-0.0008572514313907858,0.0016581492226399597,0.0007211328701981906,-0.0017884964166666626,1.825525375390847,0.10268515947961711,-0.0018489346546495256,0.001249924522865098,0.0012474668899991365,0.9960862026387645,-2.8803595254715788e-08,-0.0010637014283127705,0.0023707615608439567,0.0023707615608439567,0.12046878314650267,1.0019700986740925,-2.8690863819613784e-08,1.826691332464311,0.10112116149161171,0.0036904376666666654,0.0013917816638550594,0.0009752927987712653,0.0004890702563413829,0.0032930326916666636,1.8272797371650222,0.09969381749145799,0.0005884047007111981,-0.0014273440001537213,-0.0014306283215513222,1.0046267558781443,6.11842313098664e-08,-0.0006951224456623246,0.004486116302783035,0.004486116302783035,0.1767040047941885,0.9977042804562686,6.146731581172907e-08]"
/multi_agv/m2b_algorithm_state,1789558496.8369598,1789558496.8369598,m2b_algorithm_state_v1:header6+3x20,"[1.0,-0.15,0.52,1.8288208390342637,0.1011962797106929,1789558496.8368359,1.8274034678433269,0.10102870759734896,0.0036904376666666654,0.0016006868433257482,0.0006901905055943563,0.0005468121984926768,0.004584685874999997,1.8276269708342896,0.10196628407773714,0.00022350299096274284,0.0009375764803881831,0.00093618271664667,0.9970374229907188,3.032478953774745e-08,0.0012155614553500985,-0.0031520240024321125,-0.0031520240024321125,0.1419525587892165,1.0014887732028481,3.023495001345163e-08,1.8283784919803943,0.10143614312264036,0.002796189458333334,-0.0008584811969762907,0.001657898802266633,0.0007217962086267238,-0.0017884964166666626,1.826545938238421,0.10268515947961711,-0.0018325537419732196,0.0012490163569767454,0.0012465623075659689,0.9960890542624812,-2.8802913914193464e-08,-0.0010441298699005556,0.0023001488254672654,0.0023001488254672654,0.12046877833116046,1.00196865362917,-2.8690267280792626e-08,1.827695617315195,0.10112178243930504,0.0036904376666666654,0.0013916412606427894,0.0009750493121112201,0.000489257775777826,0.0032930326916666636,1.828263834909962,0.09960127545571057,0.0005682175947669954,-0.0015205069835944746,-0.0015242366196399773,1.0049338830258414,6.942905844983862e-08,-0.0008139646261812331,0.004946242722658384,0.004946242722658384,0.1767039885682924,0.9975531121628716,6.977161330282443e-08]"
/multi_agv/m2b_algorithm_state,1789558496.847192,1789558496.847192,m2b_algorithm_state_v1:header6+3x20,"[1.0,-0.15,0.52,1.8298273853566458,0.10119694338050796,1789558496.8470373,1.8283985284909274,0.10102937569950614,0.0036904376666666654,0.0015997598520151091,0.0006900406480882188,0.0005472919689295361,0.004584685874999997,1.8286352609261567,0.10150275535409892,0.0002367324352292588,0.00047337965459277875,0.00047302310879650554,0.9984963106186634,7.72850245503278e-09,0.0007689386528330791,-0.0013478969632694706,-0.0013478969632694706,0.14195255041885982,1.000753759783915,7.716881187957513e-09,1.8293733685692355,0.10143694621814806,0.002796189458333334,-0.0008585779547752716,0.0016575886049152722,0.0007219995223654851,-0.0017884964166666626,1.8277468041696163,0.1032866211049538,-0.001626564399619168,0.0018496748868057494,0.0018443175119346811,0.9942479351854903,-6.314625319396082e-08,-0.00018888798758927901,-0.0010208107428031352,-0.0010208107428031352,0.12046878321024967,1.0029048007387018,-6.278303185279572e-08,1.8286906200426283,0.10112251721442449,0.0036904376666666654,0.0013908200180353992,0.0009748443024010355,0.000489720397587024,0.0032930326916666636,1.8293441951565053,0.09970290249682995,0.0006535751138769808,-0.001419614717594539,-0.001422863316642106,1.0046012166091134,6.048086990931043e-08,-0.0006058944242958802,0.00416663230004918,0.00416663230004918,0.17670400500826783,0.9977168579655046,6.075915549247078e-08]"
/multi_agv/m2b_algorithm_state,1789558496.8572178,1789558496.8572178,m2b_algorithm_state_v1:header6+3x20,"[1.0,-0.15,0.52,1.8308253028282484,0.10119765242635259,1789558496.857113,1.8294051315291306,0.10102986614021625,0.0036904376666666654,0.0016001047985027494,0.0006897739115169887,0.0005472812027262186,0.004584685874999997,1.8299479454527159,0.10138091234598101,0.0005428139235852392,0.0003510462057647601,0.00035084994959196233,0.9988833613482049,4.251431869999917e-09,0.0010293673540735112,-0.002216847144484202,-0.002216847144484202,0.14195256280065371,1.000559373524283,4.2466845568484014e-09,1.8303798405711649,0.10143786394416598,0.002796189458333334,-0.000860068672719348,0.0016573656435572293,0.0007227616909740997,-0.0017884964166666626,1.828880988277417,0.10177214204339784,-0.0014988522937477988,0.00033427809923185225,0.00033410110251577897,0.9989423621570344,-2.0682334436125513e-09,-0.0015394642646689696,0.004460886481273364,0.004460886481273364,0.1204687759918469,1.000529769925153,-2.0660460016544997e-09,1.8296971839696419,0.10112310005714162,0.0036904376666666654,0.0013908404877098338,0.0009746006260924036,0.0004898382836579758,0.0032930326916666636,1.830614091223223,0.0992193291588199,0.0009169072535810674,-0.0019037708983217216,-0.0019096345087361592,1.0062041501269285,1.0880596438937969e-07,-0.000763500441759825,0.0049339967186855654,0.0049339967186855654,0.17670398064715423,0.9969294593349602,1.0948101292715664e-07]"
/multi_agv/m2b_algorithm_state,1789558496.867149,1789558496.867149,m2b_algorithm_state_v1:header6+3x20,"[1.0,-0.15,0.52,1.8318246279165906,0.10119834800294687,1789558496.8670416,1.830403121183548,0.10103048613166614,0.0036904376666666654,0.0015994658265937453,0.0006896008860076456,0.0005476481796316541,0.004584685874999997,1.8309758848504152,0.10165830148186202,0.0005727636668670932,0.0006278153501958761,0.0006271889577812578,0.9980092685874544,1.3589705627739631e-08,0.0013431435413651244,-0.0034623741294752507,-0.0034623741294752507,0.1419525597099678,1.0009987299789749,1.3562652173859242e-08,1.8313776653189946,0.10143868035560105,0.002796189458333334,-0.0008604778945701459,0.001657087472238583,0.0007230837877453683,-0.0017884964166666626,1.829830672007089,0.10158083804338838,-0.0015469933119056645,0.00014215768778733096,0.00014212563119999827,0.9995492423808081,-3.742727872218154e-10,-0.0017916160086820824,0.005438951147205736,0.005438951147205736,0.1204687777979566,1.0002255510639568,-3.7410408091131895e-10,1.8306951219822025,0.1011237907917906,0.0036904376666666654,0.0013902138356451615,0.0009743925005023637,0.000490218178952995,0.0032930326916666636,1.8315436488307644,0.09869082287372764,0.000848526848561848,-0.002432967918062953,-0.0024425825873549854,1.0079759902773515,1.776850610690327e-07,-0.0013819240266526754,0.007338902207486328,0.007338902207486328,0.17670398677511662,0.9960637280631547,1.7910227538854992e-07]"
/multi_agv/m2b_algorithm_state,1789558496.877037,1789558496.877037,m2b_algorithm_state_v1:header6+3x20,"[1.0,-0.15,0.52,1.8328220306068248,0.10119904923566236,1789558496.87691,1.8314025144151607,0.1010310794995452,0.0036904376666666654,0.0015989906358380122,0.0006894172487227563,0.0005479496839949578,0.004584685874999997,1.8320296668173188,0.10199990213630696,0.0006271524021581598,0.0009688226367617486,0.000967334826007387,0.9969398763500315,3.234431431408695e-08,0.0017512753287050866,-0.005076622255109812,-0.005076622255109812,0.14195255913573002,1.0015380514733483,3.22453367129124e-08,1.8323769026143393,0.10143950653647649,0.002796189458333334,-0.0008610657022788777,0.0016568240932461897,0.0007234756005888576,-0.0017884964166666626,1.8308435872636744,0.10158083804338838,-0.001533315350664921,0.0001413315069118959,0.00014129982200649575,0.9995518628739373,-3.701866150371307e-10,-0.0017753443663246556,0.005380923738193898,0.005380923738193898,0.12046877812902514,1.000224238820334,-3.7002072067136107e-10,1.8316944667202717,0.10112445797281891,0.0036904376666666654,0.001389694538774031,0.0009741836881370421,0.000490551897293673,0.0032930326916666636,1.8325988465657945,0.09943626900750721,0.0009043798455228291,-0.0016881889653116988,-0.001692792217573078,1.005488156613666,8.547560627564672e-08,-0.0005623174106695417,0.0041292619622065735,0.0041292619622065735,0.17670398788765082,0.9972806749619992,8.594470978953551e-08]"
/multi_agv/m2b_algorithm_state,1789558496.8869948,1789558496.8869948,m2b_algorithm_state_v1:header6+3x20,"[1.0,-0.15,0.52,1.8338235997305385,0.10119972124293282,1789558496.8868933,1.8323999876859602,0.10103169618318399,0.0036904376666666654,0.0015983129078717471,0.0006892574665447791,0.0005483265713880494,0.004584685874999997,1.8330382127796487,0.10140079779283581,0.0006382250936884937,0.0003691016096518257,0.0003688846811402543,0.9988261986129032,4.694644208967583e-09,0.0011666660482508714,-0.0027150638857991994,-0.0027150638857991994,0.14195255509064797,1.0005880659259172,4.689133629083171e-09,1.83337421461681,0.10144030761242316,0.002796189458333334,-0.0008614301921709786,0.0016565520299551828,0.0007237751302824058,-0.0017884964166666626,1.831939516176852,0.10307897680088222,-0.0014346984399580265,0.0016386691884590632,0.0016344578504399567,0.9948920394930706,-4.973251317340665e-08,-0.0001589151995075764,-0.001035192895018269,-0.001035192895018269,0.12046878047701584,1.0025765962811295,-4.947848146020654e-08,1.8326918895177045,0.10112514391137993,0.0036904376666666654,0.0013890405444519347,0.0009739863677370236,0.0004909380239104763,0.0032930326916666636,1.8335987508115976,0.09883939095080321,0.0009068612938931686,-0.0022857529605767174,-0.0022942297466071577,1.0074808534098283,1.5668424006602143e-07,-0.001160653129240697,0.006496153831653093,0.006496153831653093,0.1767039957956895,0.9963051712484435,1.5785637189758568e-07]"
/multi_agv/m2b_algorithm_state,1789558496.8971097,1789558496.8971097,m2b_algorithm_state_v1:header6+3x20,"[1.0,-0.15,0.52,1.8348221500774573,0.10120040567134093,1789558496.8970258,1.833401617958272,0.10103224564042415,0.0036904376666666654,0.0015980965204252062,0.0006890581647473132,0.0005485240432347464,0.004584685874999997,1.8339065153083083,0.10152638860268112,0.0005048973500363374,0.0004941429622569715,0.0004937545290465943,0.9984307867910496,8.412352247657621e-09,0.001124876216592016,-0.0026249215421264237,-0.0026249215421264237,0.1419525585429531,1.0007866929567761,8.399151473392253e-09,1.8343757045428444,0.10144114639626713,0.002796189458333334,-0.000862299291716162,0.0016563144369177163,0.0007242754600029211,-0.0017884964166666626,1.8329640141071957,0.10307897680088222,-0.0014116904356487048,0.0016378304046150982,0.001633623398123211,0.994894663740596,-4.973157720046417e-08,-0.00013098964643767008,-0.0011353845774559434,-0.0011353845774559434,0.12046877846489042,1.0025752609179819,-4.947768077614529e-08,1.833693476690499,0.10112577169210718,0.0036904376666666654,0.0013886915206243675,0.0009737779372000262,0.0004911977370561415,0.0032930326916666636,1.8343948505702157,0.09779225230854897,0.0007013738797165825,-0.003333519383558206,-0.0033516911148215546,1.0110389415084378,3.3339370362966993e-07,-0.0024749737651758264,0.011551671717671625,0.011551671717671625,0.17670398900473244,0.9945783395185221,3.370740172233193e-07]"
/multi_agv/m2b_algorithm_state,1789558496.9071286,1789558496.9071286,m2b_algorithm_state_v1:header6+3x20,"[1.0,-0.15,0.52,1.8358234462238496,0.10120106912617492,1789558496.9070206,1.834400234035665,0.10103283699964057,0.0036904376666666654,0.001597541005398035,0.0006888938595333452,0.0005488503090160159,0.004584685874999997,1.8349526080100973,0.10170313353864856,0.0005523739744321965,0.0006702965390079918,0.0006695827608151305,0.997875658216577,1.5471744227489345e-08,0.001360050228855376,-0.0035443692188661204,-0.0035443692188661204,0.14195255657052955,1.0010660044353479,1.5438876954764454e-08,1.835374170298965,0.10144194639235886,0.002796189458333334,-0.0008627945601025486,0.0016560606645230624,0.000724622163053773,-0.0017884964166666626,1.8337488523281704,0.10035371284922415,-0.0016253179707945709,-0.0010882335431347118,-0.0010901295678496334,1.0034989189542516,-2.201012863191658e-08,-0.0031217770313428468,0.010664564109777053,0.010664564109777053,0.1204687796052139,0.9982607345302432,-2.2087140288172308e-08,1.8346920458977418,0.10112643362202338,0.0036904376666666654,0.0013881192811469522,0.0009735845469095675,0.0004915463818859636,0.0032930326916666636,1.835373108043044,0.09806770915200583,0.0006810621453021692,-0.0030587244700175514,-0.0030739920595206642,1.0100977247336045,2.80527422988632e-07,-0.0022226643778929527,0.010553341144796547,0.010553341144796547,0.17670399283588648,0.9950333022312707,2.833601116861986e-07]"
/multi_agv/m2b_algorithm_state,1789558496.9171267,1789558496.9171267,m2b_algorithm_state_v1:header6+3x20,"[1.0,-0.15,0.52,1.8368209357325311,0.10120174943772427,1789558496.9170487,1.8354015892607973,0.10103338293428994,0.0036904376666666654,0.0015972867573605166,0.0006887046769825655,0.0005490589281666041,0.004584685874999997,1.83597518077912,0.10185610856280496,0.0005735915183227025,0.0008227256285150142,0.0008216515511423068,0.9973971012801924,2.3302235968555194e-08,0.001538640949045685,-0.004251972486392329,-0.004251972486392329,0.14195255954122826,1.0013072176048523,2.3241582608383988e-08,1.8363753900073911,0.10144276866228684,0.002796189458333334,-0.0008636184939032699,0.001655831350624526,0.0007250986083357502,-0.0017884964166666626,1.8348653585150188,0.10178481558154726,-0.0015100314923723879,0.0003420469192604164,0.00034186162317111074,0.9989179497164681,-2.174361484053906e-09,-0.001545677742294374,0.0044760665888535995,0.0044760665888535995,0.12046877788709161,1.0005420207380602,-2.172008715593585e-09,1.8356933594033604,0.10112705578194799,0.0036904376666666654,0.0013877466447102678,0.0009733851021432316,0.0004918116560537695,0.0032930326916666636,1.8363961699504225,0.09865317865615633,0.000702810547062116,-0.002473877125791654,-0.0024838204706195983,1.008113477765254,1.8338680464199282e-07,-0.0016053072867919533,0.00813972417295194,0.00813972417295194,0.17670398704598952,0.9959967538131033,1.8487470940389662e-07]"
/multi_agv/m2b_algorithm_state,1789558496.9270597,1789558496.9270597,m2b_algorithm_state_v1:header6+3x20,"[1.0,-0.15,0.52,1.8378222450571977,0.10120240245340173,1789558496.9269464,1.8363991440136194,0.10103398184705102,0.0036904376666666654,0.001596612818122956,0.0006885586214563583,0.0005494270331414473,0.004584685874999997,1.8370064607388803,0.10185610856280496,0.0006073167252609313,0.0008221267157539347,0.0008210542054302782,0.9973989995265,2.3258450519046573e-08,0.0015802001120064422,-0.004400327165127274,-0.004400327165127274,0.14195255568582363,1.001306260069753,2.3197955278233656e-08,1.8373727957316397,0.10144354482851992,0.002796189458333334,-0.0008639802323524184,0.0016555799973254626,0.0007253861723869465,-0.0017884964166666626,1.8358959166425406,0.10178481558154726,-0.0014768790890991035,0.00034127075302733956,0.0003410862977829595,0.9989204069350638,-2.165404774712326e-09,-0.0015050125635909198,0.004331504815947126,0.004331504815947126,0.12046878013915349,1.000540787611754,-2.163067018734767e-09,1.8366908674523346,0.10112772163760186,0.0036904376666666654,0.001387096896360684,0.0009732036156236534,0.0004921877059638302,0.0032930326916666636,1.8373950206580563,0.09865317865615633,0.0007041532057217026,-0.002474542981445532,-0.002484491640673057,1.0081156501675324,1.8339914465671447e-07,-0.0016043001335209286,0.008135812326897892,0.008135812326897892,0.17670399466505415,0.9959956962363417,1.8488754795577303e-07]"
/multi_agv/m2b_algorithm_state,1789558496.9369009,1789558496.9369009,m2b_algorithm_state_v1:header6+3x20,"[1.0,-0.15,0.52,1.8388163704225657,0.10120309148264785,1789558496.9368122,1.8374005098689323,0.10103451856493596,0.0036904376666666654,0.0015963632328118908,0.0006883765910718595,0.0005496299108691816,0.004584685874999997,1.838030565307715,0.1019628081371052,0.0006300554387825841,0.0009282895721692414,0.0009269232943895875,0.9970666897461793,2.964612869326135e-08,0.0017144925928678175,-0.004929007995923827,-0.004929007995923827,0.14195255866011847,1.0014739922795377,2.9559167399979318e-08,1.838374031883199,0.1014443551736808,0.002796189458333334,-0.0008648056383463183,0.0016553604780038533,0.00072585816083727,-0.0017884964166666626,1.8365770202929017,0.10199143867295478,-0.001797011590297215,0.0005470834992739732,0.0005466102194958137,0.9982733952442338,-5.569264592995887e-09,-0.001699654268375705,0.0049339745105966264,0.0049339745105966264,0.12046877841874912,1.0008658450963395,-5.5596486742635e-09,1.8376921934194617,0.10112833362158838,0.0036904376666666654,0.0013867275906851934,0.0009730122242755162,0.0004924473472619484,0.0032930326916666636,1.8378200933056634,0.09751190184136294,0.0001278998862017655,-0.003616431780225443,-0.0036378635899356683,1.0120133922606225,3.9189551343124775e-07,-0.0034779887321834614,0.015178507279238793,0.015178507279238793,0.1767039888362105,0.9941086824229702,3.9660350795927536e-07]"
/multi_agv/m2b_algorithm_state,1789558496.947071,1789558496.947071,m2b_algorithm_state_v1:header6+3x20,"[1.0,-0.15,0.52,1.8398209776369019,0.10120371455134687,1789558496.9469097,1.8383947045426088,0.1010351572170571,0.0036904376666666654,0.0015953363145049999,0.0006882724839264657,0.0005501291978109138,0.004584685874999997,1.8386428487720603,0.10246663779565658,0.00024814422945151904,0.0014314805785994866,0.001428244006418055,0.9955025147878721,7.042589208104144e-08,0.0017384242932324539,-0.0052542638537829475,-0.0052542638537829475,0.14195254874845012,1.002266119911505,7.010915267285605e-08,1.839368068660685,0.10144508612619894,0.002796189458333334,-0.0008647768262413334,0.0016550947143578743,0.00072598393065329,-0.0017884964166666626,1.8374354158504702,0.10008478952376003,-0.0019326528102148188,-0.0013602966024389151,-0.0013632651310471627,1.0043869526274696,-3.447592929111976e-08,-0.003779081143815686,0.013095303918659663,0.013095303918659663,0.12046878416556402,0.9978224862202943,-3.462717355970789e-08,1.8386863380644034,0.1011290311046875,0.0036904376666666654,0.0013858435178820349,0.0009728512329555405,0.0004929143066397584,0.0032930326916666636,1.8388114255442172,0.09780706389837363,0.000125087479813768,-0.0033219672063138778,-0.0033400108573310677,1.0109987868588777,3.3040055939540955e-07,-0.0031836515075638577,0.014029533166378063,0.014029533166378063,0.17670400820432983,0.9945977268374485,3.340345647262536e-07]"
/multi_agv/m2b_algorithm_state,1789558496.9568799,1789558496.9568799,m2b_algorithm_state_v1:header6+3x20,"[1.0,-0.15,0.52,1.84081545107434,0.1012043914163029,1789558496.9567735,1.8393993593251232,0.10103563308643561,0.0036904376666666654,0.0015954702498520287,0.0006880632930401191,0.0005501799629327977,0.004584685874999997,1.8397111134029391,0.10297893315609769,0.0003117540778159178,0.0019433000696620767,0.0019373584156556379,0.99393002068748,1.2975164893872726e-07,0.002327051012925535,-0.007601710978103305,-0.007601710978103305,0.1419525576510688,1.0030668842473467,1.2896405911390382e-07,1.840372613628344,0.10144592112501442,0.002796189458333334,-0.0008660194583598683,0.0016549079743266581,0.0007266197210026443,-0.0017884964166666626,1.8386017560795167,0.1005929689068346,-0.0017708575488273315,-0.0008529522181798255,-0.0008541148803811566,1.002734996808883,-1.3569705385613887e-08,-0.003067686816415321,0.010374028643107646,0.010374028643107646,0.1204687789764374,0.9986387519664657,-1.3606818486541023e-08,1.8396909599572382,0.1011295894425906,0.0036904376666666654,0.0013857265996255908,0.0009726560117302666,0.0004930665401840437,0.0032930326916666636,1.8398975125916162,0.09902342069493716,0.00020655263437796556,-0.0021061687476534308,-0.002113355721318257,1.0068787921949458,1.3269522011853508e-07,-0.0018551649283458003,0.008862724561379463,0.008862724561379463,0.17670399073788892,0.996599259844271,1.3360800296299308e-07]"
/multi_agv/m2b_algorithm_state,1789558496.9669833,1789558496.9669833,m2b_algorithm_state_v1:header6+3x20,"[1.0,-0.15,0.52,1.8418193851589963,0.10120500815571193,1789558496.9668202,1.8403938989303807,0.10103625808382388,0.0036904376666666654,0.0015944814020526915,0.000687962452577739,0.0005506610486343015,0.004584685874999997,1.8407541111525887,0.10297196631964683,0.00036021222220794513,0.0019357082358229527,0.001929812626194637,0.9939532618451873,1.286604000023818e-07,0.0023800779039545687,-0.0077885453936888775,-0.0077885453936888775,0.1419525483547555,1.0030550166105718,1.278824242526739e-07,1.8413670024760338,0.10144664327002355,0.002796189458333334,-0.0008660282724355138,0.001654654205081485,0.0007267555611619458,-0.0017884964166666626,1.8398134171760288,0.10199676169194423,-0.0015535853000050448,0.0005501184219206812,0.0005496399024599143,0.9982639309628643,-5.639116559494299e-09,-0.0013923417225463917,0.0038383740935172186,0.0038383740935172186,0.12046878438367067,1.0008706053884102,-5.6293266638385615e-09,1.8406854518166054,0.10113027289506127,0.0036904376666666654,0.0013848686241280245,0.0009725014252840898,0.0004935188558174504,0.0032930326916666636,1.840798981729234,0.09814171748738154,0.00011352991262869594,-0.002988555407679727,-0.0030031221030262707,1.0098578131038176,2.671601547023912e-07,-0.0028612097122404007,0.012763472415226823,0.012763472415226823,0.17670400896299926,0.995149482822605,2.697937695762344e-07]"
/multi_agv/m2b_algorithm_state,1789558496.9770644,1789558496.9770644,m2b_algorithm_state_v1:header6+3x20,"[1.0,-0.15,0.52,1.842818356334213,0.1012056492119504,1789558496.9768744,1.8413978794533006,0.10103673552760827,0.0036904376666666654,0.0015945415718712497,0.0006877671519707189,0.0005507365628328372,0.004584685874999997,1.841723959512913,0.10300130337568954,0.00032608005961232145,0.0019645678480812723,0.001958496499527208,0.9938651714955049,1.3252728570916664e-07,0.0023660965740426097,-0.007752498930973675,-0.007752498930973675,0.141952556067171,1.003100004802424,1.317142535391747e-07,1.8423708758757484,0.1014474588142413,0.002796189458333334,-0.0008671856872713313,0.0016544721502560478,0.0007273519755880975,-0.0017884964166666626,1.8408196141081554,0.10199676169194423,-0.0015512617675930152,0.0005493028777029257,0.0005488257783257768,0.998266507798068,-5.629905513933629e-09,-0.001390251431165492,0.003830135835623208,0.003830135835623208,0.12046877991994677,1.000869309343676,-5.620146116627612e-09,1.8416894001479402,0.10113083012528624,0.0036904376666666654,0.0013847037980587577,0.0009723163640040335,0.0004936865706233798,0.0032930326916666636,1.8417403923196656,0.09824191855262845,5.0992171725328106e-05,-0.00288891157265779,-0.0029025128081438464,1.0095184205060543,2.4959552632328244e-07,-0.0028387725934871863,0.012644289234435656,0.012644289234435656,0.17670399388255215,0.995313979167329,2.519712814992574e-07]"
/multi_agv/m2b_algorithm_state,1789558496.9869711,1789558496.9869711,m2b_algorithm_state_v1:header6+3x20,"[1.0,-0.15,0.52,1.8438179395135832,0.10120628156743479,1789558496.986839,1.842396905589032,0.1010372862556868,0.0036904376666666654,0.0015940340399891537,0.0006876265388740862,0.0005510297059886757,0.004584685874999997,1.842776303668152,0.10318944351557477,0.0003793980791200191,0.002152157259887974,0.002144881502553474,0.993293808272664,1.5897149930834774e-07,0.002619129101453498,-0.008748972709452737,-0.008748972709452737,0.14195255485399824,1.0033921488557005,1.579054059548039e-07,1.843369776281796,0.10144821352901415,0.002796189458333334,-0.0008677175028083519,0.0016542598427486954,0.0007276929511912528,-0.0017884964166666626,1.841687099580009,0.10089906121178965,-0.0016826767017870115,-0.0005491523172244939,-0.0005496331328672634,1.001754756458962,-5.634587466321243e-09,-0.002652979010101028,0.00877869841202666,0.00877869841202666,0.12046878062672142,0.9991252062257213,-5.644474795071356e-09,1.8426883871318114,0.10113144785115025,0.0036904376666666654,0.001384166293827299,0.0009721526898557546,0.0004940047017545175,0.0032930326916666636,1.842801056401582,0.09893611351572106,0.00011266926977060443,-0.0021953343354291915,-0.0022031477655065843,1.0071770247687577,1.440133963926206e-07,-0.0020623111782933287,0.009628108240972301,0.009628108240972301,0.17670399627317934,0.9964535151932506,1.4504698410556334e-07]"
/multi_agv/m2b_algorithm_state,1789558496.9968953,1789558496.9968953,m2b_algorithm_state_v1:header6+3x20,"[1.0,-0.15,0.52,1.8448140760106535,0.10120692854122927,1789558496.996766,1.8433965413565137,0.10103782312551772,0.0036904376666666654,0.0015935972362378327,0.0006874830003755768,0.0005512937130678877,0.004584685874999997,1.8438902833832511,0.10345670922621701,0.0004937420267374648,0.0024188861006992912,0.0024097137796362865,0.992485667438073,2.0072215066542956e-07,0.0030268913130581175,-0.010339451011039873,-0.010339451011039873,0.14195255474723623,1.0038063944110363,1.992138576727843e-07,1.8443692916365166,0.10144896888476197,0.002796189458333334,-0.0008683245729214483,0.0016540563687998944,0.0007280619519815373,-0.0017884964166666626,1.8426869661927188,0.10089906121178965,-0.0016823254437978719,-0.000549907672972319,-0.0005503898100706326,1.001757167221693,-5.654035097852677e-09,-0.0026532966148179724,0.008779530218896424,0.008779530218896424,0.12046878068646023,0.9991240079494719,-5.663970182996925e-09,1.8436879855477197,0.10113205269202469,0.0036904376666666654,0.0013836756184160532,0.0009719906001251395,0.000494301710284333,0.0032930326916666636,1.8438751601147796,0.0998812956360718,0.0001871745670598557,-0.0012507570559528863,-0.0012532752695085891,1.0040456883733149,4.670007562162333e-08,-0.0010193070606837695,0.00554652938108682,0.00554652938108682,0.17670399647461602,0.9979906939704554,4.6889009574598653e-08]"
/multi_agv/m2b_algorithm_state,1789558497.0070899,1789558497.0070899,m2b_algorithm_state_v1:header6+3x20,"[1.0,-0.15,0.52,1.8458175049358954,0.10120752794315017,1789558497.006905,1.8443927360413577,0.10103840592907065,0.0036904376666666654,0.0015927945207506173,0.0006873784888763884,0.0005516960275141203,0.004584685874999997,1.8449492162157173,0.10353830740749735,0.0005564801743596082,0.0024999014784267,0.0024901105520375743,0.9922412446692015,2.1427120874080103e-07,0.0031857107699870845,-0.010948976296992222,-0.010948976296992222,0.1419525484480769,1.0039319243802707,2.126087308577467e-07,1.8453653535563626,0.10144968409094973,0.002796189458333334,-0.0008685282862597454,0.0016538326371271506,0.0007282666491613549,-0.0017884964166666626,1.843798855491718,0.10210043669279427,-0.0015664980646445947,0.000650752601844537,0.0006500835345587984,0.9979487848783037,-7.913074129589137e-09,-0.001308039046246945,0.003492201337616686,0.003492201337616686,0.12046878434990668,1.001029202018157,-7.89684271227542e-09,1.8446841384342403,0.10113269560366746,0.0036904376666666654,0.001382942128751541,0.0009718449943793006,0.0004946953947790149,0.0032930326916666636,1.8448694318089567,0.09932112692111418,0.00018529337471639984,-0.0018115686825532773,-0.001816873712357471,1.0058967922562647,9.795208983619426e-08,-0.0015852569939619713,0.007784261591920305,0.007784261591920305,0.17670400883926468,0.9970801328853449,9.852969296102527e-08]"
/multi_agv/m2b_algorithm_state,1789558497.0170631,1789558497.0170631,m2b_algorithm_state_v1:header6+3x20,"[1.0,-0.15,0.52,1.8468135451284342,0.1012081655230515,1789558497.0167973,1.8453962076571386,0.10103887434424286,0.0036904376666666654,0.0015927973736768338,0.0006872017507218329,0.0005517867306304352,0.004584685874999997,1.8458489216633258,0.10253350404558731,0.0004527140061871826,0.001494629701344452,0.001491103135540667,0.9953077243530835,7.664951901005221e-08,0.002056995643274645,-0.0064237044052020045,-0.0064237044052020045,0.14195255521914868,1.0023650716839962,7.628985833865348e-08,1.8463687267282909,0.10145046922541724,0.002796189458333334,-0.0008696129831676815,0.0016536653771865861,0.0007288238468012298,-0.0017884964166666626,1.8448072962978104,0.10210043669279427,-0.0015614304304805149,0.0006499674673770273,0.0006493000167280525,0.9979512632439687,-7.903826151122273e-09,-0.001302488021372591,0.0034717073609543776,0.0034717073609543776,0.12046878038243483,1.0010279541533635,-7.887633291973188e-09,1.8456875804222566,0.1011332402597904,0.0036904376666666654,0.0013827415833165563,0.0009716765754661412,0.000494869935674941,0.0032930326916666636,1.8458193769269968,0.0991326321439735,0.00013179650474026694,-0.0020006081158168987,-0.0020070872556761004,1.006525954769849,1.1945896815382531e-07,-0.0018423416247507667,0.00877023943236944,0.00877023943236944,0.17670399548386187,0.996771869363986,1.2023855197685002e-07]"
/multi_agv/m2b_algorithm_state,1789558497.0271263,1789558497.0271263,m2b_algorithm_state_v1:header6+3x20,"[1.0,-0.15,0.52,1.847819368173421,0.10120874099328075,1789558497.0269601,1.846392303901283,0.10103945078392912,0.0036904376666666654,0.0015919802740100566,0.0006871045844043964,0.0005521914592904075,0.004584685874999997,1.8471701499780457,0.10194600382445057,0.0007778460767626783,0.0009065530405214517,0.0009052498711026776,0.9971348591909901,2.8196189582892648e-08,0.0018775574670560255,-0.005503818478689658,-0.005503818478689658,0.14195254876473026,1.0014395687427016,2.8115403529460122e-08,1.847364695144012,0.10145117053765415,0.002796189458333334,-0.000869795633774869,0.0016534500467331181,0.0007290150438079707,-0.0017884964166666626,1.8460631642826535,0.10261968805541337,-0.0013015308613584242,0.0011685175177592183,0.0011663687277945162,0.9963385024867166,-2.5541863393276005e-08,-0.0004605448489035141,0.0002440883946835475,0.0002440883946835475,0.12046878415766056,1.0018422904468343,-2.54483419239769e-08,1.8466836363400077,0.10113387524757121,0.0036904376666666654,0.0013820001799070129,0.000971538387919791,0.0004952631917520193,0.0032930326916666636,1.8470587050098122,0.10019875638502765,0.0003750686698045236,-0.000935118862543563,-0.0009365230847481267,1.0030138949142173,2.6066455833517338e-08,-0.0004676872474924722,0.0034562546665804442,0.0034562546665804442,0.17670400820250204,0.9985006005431876,2.6145017392185647e-08]"
/multi_agv/m2b_algorithm_state,1789558497.0372617,1789558497.0372617,m2b_algorithm_state_v1:header6+3x20,"[1.0,-0.15,0.52,1.8488192275539745,0.10120934723234994,1789558497.0371597,1.8473981625531417,0.10103987586758041,0.0036904376666666654,0.001592238090101658,0.0006869090986849173,0.0005521813980107148,0.004584685874999997,1.8481891565604651,0.10194600382445057,0.000790994007323409,0.0009061279568701591,0.0009048260125935191,0.9971362053469952,2.817426895813768e-08,0.0018935685217477804,-0.005560379171414321,-0.005560379171414321,0.14195255983652916,1.0014388890886416,2.809358363734305e-08,1.8483704712662234,0.1014519667070248,0.002796189458333334,-0.0008711541246145755,0.0016533092784074555,0.0007296771412321629,-0.0017884964166666626,1.8470889047108352,0.10261968805541337,-0.0012815665553882472,0.0011677213483885646,0.001165575495878635,0.9963410037630901,-2.5546829384729024e-08,-0.00043638269835667384,0.00015695987923271195,0.00015695987923271195,0.12046877771691224,1.0018410240413573,-2.545335363214532e-08,1.8476894707008977,0.10113438040523703,0.0036904376666666654,0.0013819706583728894,0.0009713680634019671,0.000495364591741597,0.0032930326916666636,1.8481550363219388,0.10122340630542817,0.00046556562104105303,8.902590019113643e-05,8.901327105532567e-05,0.9997163772082562,2.3608136139745763e-10,0.0006709702973566419,-0.0010407990984738725,-0.0010407990984738725,0.1767039864735059,1.0001418792463306,2.360144033426594e-10]"
/multi_agv/m2b_algorithm_state,1789558497.0470574,1789558497.0470574,m2b_algorithm_state_v1:header6+3x20,"[1.0,-0.15,0.52,1.8498175231880774,0.10120995747050454,1789558497.0469527,1.848398068177211,0.10104039118806635,0.0036904376666666654,0.0015918054953299558,0.000686778457549097,0.0005524368717663346,0.004584685874999997,1.84924027334672,0.1024923469707479,0.0008422051695089472,0.0014519557826815493,0.0014486267124475068,0.9954395736743117,7.229179733049483e-08,0.002501383174333691,-0.007989851997902388,-0.007989851997902388,0.14195256022474798,1.0022980870126426,7.196211591481751e-08,1.849370271138506,0.10145269023816321,0.002796189458333334,-0.000871751628953448,0.0016531307535945228,0.0007300290174397928,-0.0017884964166666626,1.8480536106094825,0.10277970229270497,-0.0013166605290235722,0.0013270120545417624,0.0013242442094601645,0.9958494680153611,-3.30106799878651e-08,-0.00032158145181930076,-0.0003244507178098672,-0.0003244507178098672,0.12046877750217617,1.0020901319120936,-3.287366810474079e-08,1.8486893433462066,0.10113496027082028,0.0036904376666666654,0.0013814884686662986,0.0009712222128706594,0.0004956494748933923,0.0032930326916666636,1.8490917287771784,0.10026196406142668,0.0004023854309718189,-0.0008729962093936006,-0.0008742194644908695,1.0028116581488105,2.2708663031900187e-08,-0.00037123767577609585,0.003086996868150038,0.003086996868150038,0.1767039857432185,0.9986007459831825,2.2772512029362422e-08]"
/multi_agv/m2b_algorithm_state,1789558497.0569613,1789558497.0569613,m2b_algorithm_state_v1:header6+3x20,"[1.0,-0.15,0.52,1.8508168318850773,0.10121055660230094,1789558497.0568833,1.8493964120634876,0.10104092514683911,0.0036904376666666654,0.0015912069963982347,0.0006866672768413905,0.0005527541355893114,0.004584685874999997,1.8498183302410032,0.1011807087560681,0.0004219181775155789,0.00013978360922899113,0.00013975244649867501,0.999554364374837,6.704097872576389e-10,0.0006671501683931486,-0.0008412824113021781,-0.0008412824113021781,0.14195255780687285,1.0002229852220614,6.701110287729789e-10,1.8503685048857899,0.10145339231910291,0.002796189458333334,-0.0008721644366443118,0.0016529450931375145,0.0007303045457951046,-0.0017884964166666626,1.8486683340229007,0.10366020650542837,-0.0017001708628892054,0.0022068141863254565,0.0021992106415233623,0.9931668566588099,-9.127661493477089e-08,7.399706291185554e-05,-0.002136674992597249,-0.002136674992597249,0.12046877890600322,1.0034573972399603,-9.065290874122299e-08,1.8496876526149546,0.10113555494557161,0.0036904376666666654,0.0013808963063845015,0.0009710856799981299,0.0004959771800762346,0.0032930326916666636,1.8500466491442824,0.10008185604758749,0.0003589965293278041,-0.0010536988979841233,-0.0010554833869708088,1.0034005534353525,3.3072439404834994e-08,-0.0006067377253110536,0.003999222152015322,0.003999222152015322,0.1767039904566754,0.998309315893823,3.318490400226859e-08]"
/multi_agv/m2b_algorithm_state,1789558497.0669143,1789558497.0669143,m2b_algorithm_state_v1:header6+3x20,"[1.0,-0.15,0.52,1.8518120862086367,0.10121117393850136,1789558497.0667763,1.8503957659651493,0.10104143850539814,0.0036904376666666654,0.0015907293122544193,0.000686548944863751,0.0005530227509631946,0.004584685874999997,1.8506926879760124,0.09939509522901513,0.00029692201086306547,-0.0016463432763830083,-0.0016507246554985772,1.0053555487391959,9.308331512100856e-08,-0.0012795721419197454,0.006843124840105395,0.006843124840105395,0.14195255721141373,0.997345784409911,9.358182735194505e-08,1.851367755411589,0.10145410011473938,0.002796189458333334,-0.0008727070391637425,0.0016527705795350567,0.0007306305373153549,-0.0017884964166666626,1.8497500679862224,0.10382775775913806,-0.0016176874253666096,0.0023736576443986884,0.0023648721668739683,0.9926643574361024,-1.0565227090997677e-07,0.0003427628851657063,-0.003175467258796467,-0.003175467258796467,0.12046877926102015,1.0037149904539377,-1.048772436145171e-07,1.8506869742784937,0.10113613118676526,0.0036904376666666654,0.0013803834362211389,0.0009709491985403834,0.0004962704885169977,0.0032930326916666636,1.8504670099278906,0.10056929795335913,-0.00021996435060311903,-0.0005668332334061305,-0.0005673477420109025,1.0018192629738745,9.563920550069997e-09,-0.0008423031802648013,0.004619121897746247,0.004619121897746247,0.17670399168810816,0.9990931335992481,9.581319836611816e-09]"
/multi_agv/m2b_algorithm_state,1789558497.0770085,1789558497.0770085,m2b_algorithm_state_v1:header6+3x20,"[1.0,-0.15,0.52,1.8528134315501774,0.10121175040486204,1789558497.0768712,1.8513910724138674,0.10104200628602897,0.0036904376666666654,0.0015898255121729369,0.0006864756325918541,0.0005534526526156239,0.004584685874999997,1.851586042701777,0.09897970545559108,0.00019497028790960158,-0.002062300830437888,-0.0020691973584596956,1.006740079821769,1.460184558935583e-07,-0.0018254844985726936,0.008943750415808681,0.008943750415808681,0.14195254931874435,0.9966670516016214,1.4700263194173234e-07,1.8523629431671582,0.10145476262342683,0.002796189458333334,-0.0008727799906877703,0.001652570875563919,0.0007307660547763717,-0.0017884964166666626,1.8507529610403097,0.10340829186644873,-0.001609982126848486,0.0019535292430219037,0.0019475595412208463,0.9939336680981539,-7.159011708433118e-08,-6.491811733976114e-05,-0.0015251358943550947,-0.0015251358943550947,0.12046878383355146,1.0030652217170806,-7.11558276732056e-08,1.8516822430448852,0.10113675290604832,0.0036904376666666654,0.0013795873336893377,0.000970831171655773,0.0004966769675683689,0.0032930326916666636,1.8516033401263539,0.10197954202427781,-7.890291853129838e-05,0.0008427891182294922,0.0008416637647624997,0.9973379714960358,2.1109563836593278e-08,0.0007430351165983767,-0.0016463133055362091,-0.0016463133055362091,0.17670400709023482,1.0013370582340682,2.1053369575954014e-08]"
/multi_agv/m2b_algorithm_state,1789558497.086886,1789558497.086886,m2b_algorithm_state_v1:header6+3x20,"[1.0,-0.15,0.52,1.853813082784219,0.10121233208981184,1789558497.0868075,1.852392456852656,0.10104247638463536,0.0036904376666666654,0.0015896053053157926,0.0006863427865005265,0.0005536172118275337,0.004584685874999997,1.852612076658532,0.09988394740595707,0.00021961980587592578,-0.0011585289786782832,-0.001160690611408814,1.0037479755989283,4.6046059196137814e-08,-0.0008861658540639068,0.005241777363903778,0.005241777363903778,0.14195255237877502,0.9981376322774703,4.6218638702431746e-08,1.8533642376973252,0.1014554840059543,0.002796189458333334,-0.0008735999910218818,0.0016524184414434817,0.0007312008032768075,-0.0017884964166666626,1.8515931319218917,0.10370008429816628,-0.0017711057754334902,0.002244600292211976,0.002236736620448005,0.9930530643548502,-9.458100240787418e-08,2.2854401156142262e-05,-0.001972406943034479,-0.001972406943034479,0.12046878205194188,1.003515689640024,-9.392395427089292e-08,1.8526836001005509,0.10113729082399645,0.0036904376666666654,0.0013792422518219146,0.0009706949618390366,0.0004968974051286963,0.0032930326916666636,1.8525588962425186,0.1008865973448995,-0.00012470385803231565,-0.00025069347909693895,-0.0002507938769876555,1.0008017196415884,1.8687640382284027e-09,-0.00040667369952805004,0.002934367066565027,0.002934367066565027,0.17670400111117612,0.9995996796575641,1.8702622630633445e-09]"
/multi_agv/m2b_algorithm_state,1789558497.0970302,1789558497.0970302,m2b_algorithm_state_v1:header6+3x20,"[1.0,-0.15,0.52,1.8548162568081148,0.10121288840519223,1789558497.0968578,1.8533921494398364,0.10104296917195982,0.0036904376666666654,0.001589189675013866,0.0006862302709317531,0.0005538559038886085,0.004584685874999997,1.853845185124446,0.0997095608064229,0.00045303568460952626,-0.0013334083655369144,-0.0013362756042696988,1.0043222174413902,6.098767464938239e-08,-0.000769980998507791,0.004906933009850812,0.004906933009850812,0.1419525523688963,0.9978543058605405,6.125127664046177e-08,1.8543638355359198,0.10145618049809156,0.002796189458333334,-0.000874202305170328,0.0016522582551028453,0.0007315452248391613,-0.0017884964166666626,1.8526262421182083,0.10349438473971505,-0.0017375934177115138,0.002038204241623487,0.0020317101226750133,0.99367698025721,-7.805231609402247e-08,-0.0001402816494643789,-0.0012956227343650555,-0.0012956227343650555,0.12046878205840762,1.0031963806627706,-7.755878975838947e-08,1.8536832633769003,0.10113784659938414,0.0036904376666666654,0.0013787696678405105,0.0009705679355560323,0.0004971683328317319,0.0032930326916666636,1.8532710659011038,0.10042176320874577,-0.0004121974757964608,-0.0007160833906383751,-0.0007169054220574608,1.002302113403628,1.5247051759431507e-08,-0.001232152266803037,0.006063218060527089,0.006063218060527089,0.17670400110483647,0.9988533614144993,1.5282152201652703e-08]"
/multi_agv/m2b_algorithm_state,1789558497.1069996,1789558497.1069996,m2b_algorithm_state_v1:header6+3x20,"[1.0,-0.15,0.52,1.8558159152026457,0.10121346091642469,1789558497.1068919,1.8543953567558455,0.10104340610321248,0.0036904376666666654,0.001589151170469851,0.0006860840419895978,0.000553948663727227,0.004584685874999997,1.8547523190408475,0.09791239674387021,0.00035696228500192717,-0.0031310093593422683,-0.0031470335548653638,1.0103561586485559,3.3665772568981236e-07,-0.002700830698612955,0.012462110366527428,0.012462110366527428,0.1419525587000706,0.9949081586695122,3.401442065073181e-07,1.8553669660820442,0.10145690567688173,0.002796189458333334,-0.000875214445668196,0.0016521278217884738,0.0007320518150684963,-0.0017884964166666626,1.8536445176615994,0.10329815234993259,-0.0017224484204447776,0.0018412466730508559,0.0018359391159258151,0.9942751583686774,-6.377913407719787e-08,-0.0003171214096301569,-0.0005754816891270984,-0.0005754816891270984,0.1204687783742982,1.002890922187452,-6.341400863522302e-08,1.8546864475864544,0.10113835343548248,0.0036904376666666654,0.0013785485251017046,0.0009704311300320016,0.0004973353574803641,0.0032930326916666636,1.8543199477526913,0.10104213976695897,-0.0003664998337631342,-9.62136685235121e-05,-9.62284391534642e-05,1.000307149675035,2.75089728516795e-10,-0.000554353231357382,0.003389112755361867,0.003389112755361867,0.176703988709225,0.9998465045252523,2.7517422223751443e-10]"
/multi_agv/m2b_algorithm_state,1789558497.1174295,1789558497.1174295,m2b_algorithm_state_v1:header6+3x20,"[1.0,-0.15,0.52,1.8568181735186213,0.10121401339725605,1789558497.1172116,1.8553950543519075,0.10104389431424368,0.0036904376666666654,0.0015887088500424612,0.0006859769506740493,0.0005541961032585806,0.004584685874999997,1.8555287191134584,0.09642608855173418,0.00013366476155085572,-0.004617805762509503,-0.004653052595529879,1.0155297326137687,7.327823624130364e-07,-0.00448597164359131,0.019289109174441904,0.019289109174441904,0.14195255872376955,0.9924250086804869,7.441622765653966e-07,1.8563665740333661,0.10145758614299705,0.002796189458333334,-0.000875779963843434,0.0016519764921614222,0.0007323756797170677,-0.0017884964166666626,1.8546711598807872,0.10329815234993259,-0.0016954141525789002,0.00184056620693554,0.0018352625939336252,0.9942772828843374,-6.377301558085578e-08,-0.00028400509679,-0.0006940567214373796,-0.0006940567214373796,0.12046877836033194,1.0028898387726342,-6.34080606530738e-08,1.8556861172226633,0.10113890229203334,0.0036904376666666654,0.0013780627268263927,0.0009703098555722154,0.0004976090210896985,0.0032930326916666636,1.8554989841107665,0.10289750663449089,-0.00018713311189677562,0.0017586043424575454,0.0017537384582235601,0.994503091468234,9.174944221453222e-08,0.0015198220683525906,-0.004846357374960168,-0.004846357374960168,0.1767039886517046,1.0027745780513442,9.124510392283838e-08]"
/multi_agv/m2b_algorithm_state,1789558497.127323,1789558497.127323,m2b_algorithm_state_v1:header6+3x20,"[1.0,-0.15,0.52,1.8578158718556619,0.10121458791372433,1789558497.1272004,1.85639734569849,0.1010443400065466,0.0036904376666666654,0.0015885467401928017,0.0006858458468060654,0.0005543345733407672,0.004584685874999997,1.8566845036000026,0.09604369074385227,0.00028715790151268017,-0.005000649262694334,-0.005042101169300621,1.0168890380078195,8.594343302759954e-07,-0.00468315379240977,0.020119392016895537,0.020119392016895537,0.14195256340172066,0.9917788427454273,8.739493493452516e-07,1.8573687894994784,0.10145828648406231,0.002796189458333334,-0.0008766490027659552,0.0016518479425706722,0.0007328192604187517,-0.0017884964166666626,1.8557110261639667,0.10410101407481495,-0.0016577633355117083,0.0026427275907526387,0.002631860335864466,0.9918584523536796,-1.3152516009398358e-07,0.0005596561664748308,-0.004080458026958872,-0.004080458026958872,0.12046877562732108,1.0041291153409944,-1.304543417363885e-07,1.8566883853578962,0.10113941370115927,0.0036904376666666654,0.0013777635543830136,0.0009701822585145301,0.0004978050785406024,0.0032930326916666636,1.8563053462886283,0.10206697743332263,-0.00038303906926784315,0.000927563732163364,0.0009262015214781409,0.997073132099437,2.5534220565300206e-08,0.000447402684893337,-0.0006343607519119529,-0.0006343607519119529,0.17670397943428096,1.0014707497813748,2.5459485274761734e-08]"
/multi_agv/m2b_algorithm_state,1789558497.1374578,1789558497.1374578,m2b_algorithm_state_v1:header6+3x20,"[1.0,-0.15,0.52,1.8588141345106781,0.10121515386914737,1789558497.137243,1.8573950850994088,0.10104485097398122,0.0036904376666666654,0.0015878798959641275,0.0006857647081437426,0.0005546658350955801,0.004584685874999997,1.8577808218602467,0.0972077152344843,0.0003857367608379736,-0.0038371357394969274,-0.0038613301757825813,1.0127921929303612,5.054506178819098e-07,-0.0033791592247351143,0.015120049596258045,0.015120049596258045,0.14195255991643027,0.9937341705618971,5.119164397026254e-07,1.8583664353648435,0.10145893339149228,0.002796189458333334,-0.0008769610817062567,0.001651690527544547,0.000733036433303913,-0.0017884964166666626,1.8567480130087228,0.10410101407481495,-0.0016184223561206412,0.0026420806833226673,0.002631218790856498,0.9918604573410289,-1.3150725161377564e-07,0.0006081908457056967,-0.004254343331885093,-0.004254343331885093,0.12046877766773571,1.0041280841045657,-1.3043684272930127e-07,1.8576860951027336,0.10113997937569943,0.0036904376666666654,0.0013771314444325057,0.0009700741772661675,0.0004981352997863509,0.0032930326916666636,1.8572258675088338,0.10078911956457076,-0.00046022759389985346,-0.00035085981112867315,-0.00035105660815966193,1.00112328483017,3.655067926016639e-09,-0.0009263411005344788,0.004819243700422206,0.004819243700422206,0.1767039863179108,0.99943941510738,3.6591736083711747e-09]"
/multi_agv/m2b_algorithm_state,1789558497.1472564,1789558497.1472564,m2b_algorithm_state_v1:header6+3x20,"[1.0,-0.15,0.52,1.8598155998237864,0.10121569606810404,1789558497.1470568,1.8583933867666798,0.10104534723648675,0.0036904376666666654,0.0015872920056162047,0.0006856809103024551,0.0005549642567817341,0.004584685874999997,1.8588252510212115,0.09779504349904677,0.00043186425453178856,-0.00325030373743998,-0.003267587298896378,1.010764836097733,3.6240043445365285e-07,-0.002727756980731642,0.012602975096138183,0.012602975096138183,0.14195255745135674,0.9947106045300655,3.663016157322937e-07,1.8593646480047343,0.10145958254308453,0.002796189458333334,-0.0008773567871953303,0.0016515404821688673,0.0007332860218114967,-0.0017884964166666626,1.8576466737714106,0.10235802643354361,-0.0017179742333237602,0.0008984438904590802,0.0008971711329701203,0.997176406081158,-1.523319260700256e-08,-0.00125029665868458,0.0031697581704897885,0.0031697581704897885,0.12046877911383236,1.0014186340177336,-1.519018025699288e-08,1.85868436876062,0.1011405318278708,0.0036904376666666654,0.0013765502062333098,0.0009699676803801467,0.000498442646009538,0.0032930326916666636,1.8582718041309643,0.10169285171808803,-0.0004125646296557761,0.0005523198902172288,0.0005518355341420164,0.9982497670297031,9.047915501937304e-09,3.612974707229626e-05,0.000999050539698329,0.000999050539698329,0.1767039911712423,1.0008777181700803,9.032079541913352e-09]"
/multi_agv/m2b_algorithm_state,1789558497.1576154,1789558497.1576154,m2b_algorithm_state_v1:header6+3x20,"[1.0,-0.15,0.52,1.8608141171880908,0.10121625090344498,1789558497.1574042,1.859394883776635,0.10104579079007178,0.0036904376666666654,0.0015870591492933399,0.0006855669511555799,0.000555124474471055,0.004584685874999997,1.859772428731934,0.09723527767498195,0.0003775449552989585,-0.003810513115089828,-0.0038343679227325228,1.0126995008066968,4.981930051648267e-07,-0.0033624367286088246,0.015050225406770947,0.015050225406770947,0.14195256068042042,0.993778685790357,5.045198076358081e-07,1.8603660722223618,0.10146025903168819,0.002796189458333334,-0.0008781382209349107,0.0016514171957260348,0.0007336888907524264,-0.0017884964166666626,1.8586685374916427,0.10235802643354361,-0.0016975347307190969,0.0008977674018554177,0.0008964965654786199,0.9971785363753147,-1.5223769027579026e-08,-0.0012254218479202513,0.0030806885607037437,0.0030806885607037437,0.12046877719298159,1.0014175585559766,-1.5180815717037103e-08,1.8596858434723627,0.10114103838255217,0.0036904376666666654,0.0013762041660345206,0.000969852858557929,0.0004986523735072039,0.0032930326916666636,1.8594379814967021,0.10332262936187388,-0.0002478619756605127,0.002181590979321704,0.0021741270746388013,0.9932140151598181,1.4095718103324004e-07,0.0018642996050631604,-0.006280997225009596,-0.006280997225009596,0.17670398474599977,1.0034330581546818,1.400006477396337e-07]"
/multi_agv/m2b_algorithm_state,1789558497.16739,1789558497.16739,m2b_algorithm_state_v1:header6+3x20,"[1.0,-0.15,0.52,1.8618138612303674,0.10121679353811891,1789558497.1672692,1.860393437708215,0.10104627533151592,0.0036904376666666654,0.0015864991335822819,0.0006854861360447548,0.0005554092620774108,0.004584685874999997,1.8605413257911796,0.09522380002650893,0.00014788808296462008,-0.0058224753050069855,-0.005879016781894724,1.0198447187293536,1.1641922808978729e-06,-0.005694156678188949,0.02393242250202014,0.02393242250202014,0.14195255865225664,0.9903824943888805,1.1872953492591758e-06,1.861364542694704,0.10146089881555967,0.002796189458333334,-0.0008785572985072461,0.0016512765198397616,0.0007339437363440698,-0.0017884964166666626,1.859713532808428,0.1032468218723284,-0.0016510098862760891,0.0017859230567687373,0.0017809278308765057,0.9944439602483446,-6.02345326173207e-08,-0.0002828345269686057,-0.0006763420419164082,-0.0006763420419164082,0.12046877838400989,1.002804844646497,-5.989986715967648e-08,1.8606843711613534,0.10114157856325935,0.0036904376666666654,0.001375642759430406,0.0009697515989791411,0.0004989483992130059,0.0032930326916666636,1.8604088276328685,0.10280615082442052,-0.0002755435284849117,0.0016645722611611652,0.0016602098701297304,0.9947916146788217,8.206044931574377e-08,0.0013157804595235907,-0.004075675479078965,-0.004075675479078965,0.17670398875445723,1.002627614201025,8.163304687607835e-08]"
/multi_agv/m2b_algorithm_state,1789558497.1773968,1789558497.1773968,m2b_algorithm_state_v1:header6+3x20,"[1.0,-0.15,0.52,1.8628151898675451,0.10121732212230426,1789558497.1772864,1.8613932149509236,0.10104673644982669,0.0036904376666666654,0.0015860813710964774,0.0006853955565654594,0.0005556374677605165,0.004584685874999997,1.861322581874631,0.09447369326664098,-7.063307629251447e-05,-0.006573043183185703,-0.006645506633085792,1.0225901025630177,1.4839426329048761e-06,-0.006733797978451435,0.027796577416127333,0.027796577416127333,0.14195255886444866,0.989095872760202,1.517465049179832e-06,1.862364243953538,0.10146154630065096,0.002796189458333334,-0.0008791289077117459,0.0016511481695118402,0.0007342582875961845,-0.0017884964166666626,1.8607440251927212,0.1032468218723284,-0.0016202187608167495,0.0017852755716774443,0.0017802839867127594,0.9944459827040156,-6.0229876826159e-08,-0.00024498946430817755,-0.0008118069903302315,-0.0008118069903302315,0.1204687782842945,1.002803813886964,-5.989535904853151e-08,1.8616841247866405,0.10114209786387905,0.0036904376666666654,0.001375175307563586,0.0009696491729316858,0.0004992043059913612,0.0032930326916666636,1.8613556176876513,0.10163159125610916,-0.0003285070989891281,0.0004894933922301031,0.0004891127874583044,0.9984477821292197,7.0997521374175045e-09,7.847891372189425e-05,0.0008754715445986022,0.0008754715445986022,0.17670398838451604,1.0007781533862088,7.088731775271694e-09]"
/multi_agv/m2b_algorithm_state,1789558497.1873157,1789558497.1873157,m2b_algorithm_state_v1:header6+3x20,"[1.0,-0.15,0.52,1.863810740436831,0.10121787978525065,1789558497.1872358,1.8623945726848548,0.10104717018632015,0.0036904376666666654,0.0015858341633649842,0.0006852912841278421,0.0005557988674404598,0.004584685874999997,1.8622727449038703,0.09447369326664098,-0.00012182778098446256,-0.006573476919679161,-0.006645949753050492,1.0225915738217495,1.4839045416334525e-06,-0.00679823447928107,0.028019626014632232,0.028019626014632232,0.14195256186580954,0.9890951878867177,1.517428280630194e-06,1.8633655348803524,0.10146220354890925,0.002796189458333334,-0.0008798835942730797,0.0016510350384215666,0.0007346442798149971,-0.0017884964166666626,1.8618308522669889,0.10344493451845876,-0.001534682613363536,0.001982730969549512,0.0019765834510983796,0.9938456729563798,-7.434249657518303e-08,5.8230184393959564e-05,-0.0019857062794615245,-0.0019857062794615245,0.12046877653267106,1.0031101739963046,-7.388496853802014e-08,1.8626854620374285,0.10114259263168336,0.0036904376666666654,0.00137482187150591,0.00096954394340284,0.0004994122496588642,0.0032930326916666636,1.8623777708106561,0.10163159125610916,-0.00030769122677232197,0.0004889986244257932,0.0004886187898007169,0.9984493527603349,7.083572257683958e-09,0.00010400475633531446,0.0007845685786592434,0.0007845685786592434,0.17670398247998162,1.00077736393484,7.0725881359156115e-09]"
/multi_agv/m2b_algorithm_state,1789558497.19731,1789558497.19731,m2b_algorithm_state_v1:header6+3x20,"[1.0,-0.15,0.52,1.8648227263650643,0.10121833517703054,1789558497.1971686,1.8633901628671836,0.10104768612529721,0.0036904376666666654,0.0015849611923511127,0.0006852491429176759,0.0005561991916237266,0.004584685874999997,1.8639757863916444,0.09776878426043574,0.0005856235244607877,-0.003278901864861475,-0.003296494135059547,1.0108626928242899,3.682669207442656e-07,-0.0025644647294835623,0.012039432303395207,0.012039432303395207,0.14195255453717553,0.9946633394517614,3.7226729118165765e-07,1.864361035036893,0.10146279687422342,0.002796189458333334,-0.0008799488891539538,0.001650883800186298,0.0007347512669183265,-0.0017884964166666626,1.8628361648620115,0.1021311472080003,-0.0015248701748815652,0.0006683503337768792,0.0006676448111199103,0.997894113576471,-8.455975879603336e-09,-0.0012384429074820463,0.0032254667226908687,0.0032254667226908687,0.12046878080303035,1.0010567335283944,-8.43816855480079e-09,1.8636810234064163,0.1011431563562313,0.0036904376666666654,0.0013740543956887734,0.0009694624850191793,0.0004997872983055012,0.0032930326916666636,1.8638796311704628,0.10381007190374775,0.00019860776404656555,0.0026669155475164408,0.0026558027054460124,0.9917505604345545,2.1024116018802353e-07,0.0029040624105042194,-0.010241228560149713,-0.010241228560149713,0.17670399689890665,1.004184362809647,2.0850678844288327e-07]"
/multi_agv/m2b_algorithm_state,1789558497.2071824,1789558497.2071824,m2b_algorithm_state_v1:header6+3x20,"[1.0,-0.15,0.52,1.8658220457952677,0.1012188630906467,1789558497.207077,1.8644021545507516,0.10104795014261969,0.0036904376666666654,0.0015858903409613815,0.0006850388340655653,0.0005559058448851486,0.004584685874999997,1.8650074222462847,0.09760997829305101,0.0006052676955330405,-0.0034379718495686773,-0.0034573354830548394,1.011409938481074,4.0514323877339787e-07,-0.0027007508636385387,0.012582660047014929,0.012582660047014929,0.1419482491497222,0.9943992610549172,4.097658982038254e-07,1.8653730117465799,0.10146355121836241,0.002796189458333334,-0.0008819847095172953,0.0016508561445469638,0.0007356481239956664,-0.0017884964166666626,1.8639279876308505,0.10306850750136244,-0.001445024115729332,0.0016049562830000308,0.0016009166912749032,0.9949967904472241,-4.8841596821519877e-08,-0.0002053634533867618,-0.0008746750536302898,-0.0008746750536302898,0.12046605334128907,1.0025232991492585,-4.859723207772962e-08,1.8646930127978611,0.10114350417010946,0.0036904376666666654,0.0013744819828919166,0.0009693242175179643,0.000499673884310018,0.0032930326916666636,1.86497470704812,0.10337355088942228,0.00028169425025881267,0.002230046719312817,0.0022222506974372068,0.993067365964731,1.4709707861459874e-07,0.0025743685102607226,-0.008846275145647575,-0.008846275145647575,0.17669550900025244,1.0035081648909374,1.4607730840090654e-07]"
/multi_agv/m2b_algorithm_state,1789558497.2171378,1789558497.2171378,m2b_algorithm_state_v1:header6+3x20,"[1.0,-0.15,0.52,1.8668159972701996,0.10121941720592893,1789558497.2169707,1.8654015041880923,0.10104841141557402,0.0036904376666666654,0.0015853552058140434,0.0006849623901098217,0.0005561775737876056,0.004584685874999997,1.8657903704905658,0.09609746184341957,0.00038886630247358944,-0.004950949572154459,-0.004991564305531747,1.0167110349490265,8.407022352152673e-07,-0.00450548142743976,0.019478545394636962,0.019478545394636962,0.14194940698926709,0.9918633256247389,8.547512396496743e-07,1.8663722927760484,0.10146416052363404,0.002796189458333334,-0.0008824097401228283,0.0016507409423422992,0.0007358922989620237,-0.0017884964166666626,1.8649531390607648,0.10306850750136244,-0.001419153715283672,0.0016043469777284047,0.0016003104674643623,0.9949986967254641,-4.882792443222803e-08,-0.00017363167664022762,-0.0009881030837352639,-0.0009881030837352639,0.1204667803422677,1.0025223294767533,-4.8583721173876337e-08,1.8656923404216623,0.10114401733273203,0.0036904376666666654,0.0013739477833750948,0.000969233161489824,0.0004999528091002023,0.0032930326916666636,1.8659812493828654,0.10323864642464035,0.0002889089612030382,0.002094629091908329,0.0020877441126856138,0.9934783027183649,1.2973715696489208e-07,0.0024488803141894115,-0.008332049641084978,-0.008332049641084978,0.1766977706212758,1.003297807993269,1.2889105050098707e-07]"
/multi_agv/m2b_algorithm_state,1789558497.2272203,1789558497.2272203,m2b_algorithm_state_v1:header6+3x20,"[1.0,-0.15,0.52,1.8678224548076396,0.10121989224117972,1789558497.227044,1.8663954956864104,0.10104894585204979,0.0036904376666666654,0.0015842617682241458,0.0006849440281075031,0.0005566610920116731,0.004584685874999997,1.8665703591113738,0.09579935200725395,0.0001748634249634229,-0.005249593844795841,-0.005295358069737956,1.017777942486999,9.447007810973915e-07,-0.005076778788533677,0.021577640904887,0.021577640904887,0.1419525658372188,0.9913576713152507,9.61495617251164e-07,1.8673661938566029,0.10146471340569058,0.002796189458333334,-0.0008822197483560239,0.0016505897592096197,0.0007358885992849035,-0.0017884964166666626,1.8656227833154069,0.10201602924139,-0.0017434105411959777,0.000551315835699423,0.0005508353531628163,0.9982606033514351,-5.769100133881863e-09,-0.001628427823332156,0.0046613915521119195,0.0046613915521119195,0.12046877419999996,1.0008722797726177,-5.759065380443754e-09,1.8666863022675857,0.10114459236004646,0.0036904376666666654,0.0013730415355603632,0.0009691648047931763,0.0005003811947834041,0.0032930326916666636,1.8667471766467905,0.10366134875543909,6.087437920476724e-05,0.0025167563953926303,0.002506848629013057,0.9922017972787294,1.8711457940895516e-07,0.002582941603019016,-0.00901832800036162,-0.00901832800036162,0.17670397460336915,1.0039522794734814,1.8565542198661884e-07]"
/multi_agv/m2b_algorithm_state,1789558497.2372737,1789558497.2372737,m2b_algorithm_state_v1:header6+3x20,"[1.0,-0.15,0.52,1.8688224474445787,0.10122040194216163,1789558497.2371006,1.8674019675349043,0.10104928573252586,0.0036904376666666654,0.001584554504590593,0.0006847997359150865,0.0005566092644895266,0.004584685874999997,1.8675302438261003,0.09602173988933423,0.00012827629119605,-0.005027545843191636,-0.005069450546545771,1.0169838588221256,8.66515410295989e-07,-0.0049091051825507085,0.020912663018554305,0.020912663018554305,0.14194544554202676,0.9917338766855733,8.812321856916523e-07,1.8683726321411749,0.10146538996886115,0.002796189458333334,-0.0008835451730091386,0.00165053200060572,0.000736493183044265,-0.0017884964166666626,1.8666378426023267,0.10201602924139,-0.0017347895388482026,0.0005506392725288523,0.0005501599704921318,0.9982627405080055,-5.763580421553779e-09,-0.0016183269530681216,0.004624430289403429,0.004624430289403429,0.12046429294352899,1.0008712048539112,-5.753567586758561e-09,1.8676927647468398,0.10114500102215217,0.0036904376666666654,0.0013730516903137304,0.0009690549355984689,0.0005004339493909697,0.0032930326916666636,1.8678417530595541,0.10433900373915639,0.00014898831271437096,0.0031940027170042212,0.0031781272521245255,0.9901799271234285,3.012139166372526e-07,0.003364362643017489,-0.012154319544623739,-0.012154319544623739,0.17669003277360243,1.0049952263142024,2.9825597402443725e-07]"
/multi_agv/m2b_algorithm_state,1789558497.2469318,1789558497.2469318,m2b_algorithm_state_v1:header6+3x20,"[1.0,-0.15,0.52,1.8698134636460306,0.10122095895822512,1789558497.2468495,1.8684019865216872,0.10104972409243869,0.0036904376666666654,0.0015841029421632923,0.0006847246481040958,0.0005568440625396907,0.004584685874999997,1.8685804670209096,0.09749698150653674,0.00017848049922242204,-0.0035527425859019496,-0.0035734379749624784,1.0118057151418947,4.3218512360581316e-07,-0.003350337350934451,0.014903331742851493,0.014903331742851493,0.14194421617860653,0.9942085495241466,4.372873780636679e-07,1.8693725911990542,0.10146599004525844,0.002796189458333334,-0.0008840497390117637,0.001650431263426455,0.0007367643092904552,-0.0017884964166666626,1.8677058963114281,0.10313654225708437,-0.0016666948876260523,0.0016705522118259236,0.0016661779951346813,0.9947963823844723,-5.3036332396648945e-08,-0.00041719061439788414,-0.00015002299805383845,-0.00015002299805383845,0.12046352101266533,1.002625299760299,-5.276035160312676e-08,1.8686927646129947,0.10114549168878774,0.0036904376666666654,0.001372573339294535,0.0009689703153725193,0.0005006853183205646,0.0032930326916666636,1.868823478899189,0.10386146049894267,0.00013071428619437775,0.0027159688101549284,0.002704448067154849,0.9916038148803277,2.178008998101648e-07,0.002867840924897821,-0.010137074441610232,-0.010137074441610232,0.17668763156166983,1.004259923915714,2.1597220313612745e-07]"
/multi_agv/m2b_algorithm_state,1789558497.2570019,1789558497.2570019,m2b_algorithm_state_v1:header6+3x20,"[1.0,-0.15,0.52,1.870813122940401,0.10122145940909859,1789558497.2569249,1.8693930460265298,0.10105028889832479,0.0036904376666666654,0.001582707241392227,0.0006847441931017158,0.000557438881692357,0.004584685874999997,1.8695944271966944,0.09615691549709887,0.00020138117016466062,-0.00489337340122592,-0.004933030889293045,1.0165056988865377,8.198547874595011e-07,-0.004681304426587219,0.020067314190511637,0.020067314190511637,0.14195256322724728,0.9919608271350581,8.33387063711994e-07,1.8703635531438114,0.101466498262683,0.002796189458333334,-0.0008835166443779685,0.0016502684933428213,0.0007366179133736495,-0.0017884964166666626,1.8687317650719795,0.10313654225708437,-0.0016317880718319522,0.0016700439944013629,0.001665672452196818,0.9947979713936139,-5.297200241601433e-08,-0.00037406263759312227,-0.0003032574779870123,-0.0003032574779870123,0.12046877575247077,1.0026244909068283,-5.269644054410867e-08,1.8696837917677502,0.10114608971366756,0.0036904376666666654,0.0013714671598570954,0.0009689210858922943,0.0005011904171426927,0.0032930326916666636,1.8699313012598635,0.10435133727295333,0.00024750949211327367,0.003205247559285765,0.0031892617201408494,0.990146774113724,3.0298438924864426e-07,0.0034986485852824415,-0.012643518827949757,-0.012643518827949757,0.1767039798285302,1.0050123948887486,2.99999015621362e-07]"
/multi_agv/m2b_algorithm_state,1789558497.267114,1789558497.267114,m2b_algorithm_state_v1:header6+3x20,"[1.0,-0.15,0.52,1.871815474115489,0.10122193937068515,1789558497.266993,1.8703927308304924,0.10105071427080357,0.0036904376666666654,0.0015822990702775066,0.0006846788076229952,0.000557649824688566,0.004584685874999997,1.870426916393414,0.09442031307351752,3.418556292156261e-05,-0.006630401197286057,-0.0067041625650206,1.022800535458198,1.5063752149905245e-06,-0.006661430611368647,0.027561543891755996,0.027561543891755996,0.1419525632473375,0.9889976761423719,1.5407213764932664e-06,1.8713631795100878,0.10146709484183863,0.002796189458333334,-0.0008840633697967939,0.0016501697090607337,0.000736906298220194,-0.0017884964166666626,1.8699194671799961,0.10309141171342526,-0.0014437123300916621,0.001624316871586623,0.0016201800413175066,0.994937802663159,-5.014343823611529e-08,-0.000184460371297071,-0.0009601300303798794,-0.0009601300303798794,0.12046877572356829,1.002553315164747,-4.988960225661638e-08,1.8706834584806225,0.1011465691146535,0.0036904376666666654,0.0013710098355163756,0.0009688453079828132,0.0005014280724195798,0.0032930326916666636,1.8710153034049424,0.10453579650386788,0.00033184492431992396,0.0033892273892143776,0.0033713788322286497,0.989603261190122,3.3860346398584226e-07,0.0037861849876285546,-0.013768875390725585,-0.013768875390725585,0.17670397976715055,1.0052941416179946,3.3508309221066154e-07]"
/multi_agv/m2b_algorithm_state,1789558497.2772002,1789558497.2772002,m2b_algorithm_state_v1:header6+3x20,"[1.0,-0.15,0.52,1.8728151556824233,0.10122243091604366,1789558497.2769632,1.871395101259958,0.10105109593167387,0.0036904376666666654,0.0015821806404855174,0.000684587945567027,0.0005577484285324338,0.004584685874999997,1.87116868296223,0.09292128864129529,-0.00022641829772784838,-0.008129807290378585,-0.008241949164094453,1.0284239602993863,2.2664461041818253e-06,-0.008524972036254264,0.03447419818269851,0.03447419818269851,0.14195256809450385,0.9863937678474884,2.330867478267788e-06,1.8723655054496868,0.10146771217924572,0.002796189458333334,-0.0008849232624489108,0.0016500940025929722,0.0007373184256817128,-0.0017884964166666626,1.8708076594614222,0.1014994219380687,-0.0015578459882645834,3.170975882298144e-05,3.17081631100775e-05,0.9998993671756284,-1.9150288439470795e-11,-0.0019155993222206517,0.005901945062849795,0.005901945062849795,0.12046877288629107,1.0000503249872406,-1.91483612918576e-11,1.8716858156368228,0.10114701000113585,0.0036904376666666654,0.0013707459764351342,0.000968762397502188,0.0005015855781980174,0.0032930326916666636,1.8720846990307634,0.10485542707156509,0.0003988833939405634,0.0037084170704292374,0.003687100305978706,0.9886658546166278,4.052057446131846e-07,0.004185704548404411,-0.01536675830568595,-0.01536675830568595,0.1767039702288481,1.0057814441380848,4.006130837935612e-07]"
/multi_agv/m2b_algorithm_state,1789558497.287157,1789558497.287157,m2b_algorithm_state_v1:header6+3x20,"[1.0,-0.15,0.52,1.8738209578361442,0.1012228816407932,1789558497.287086,1.8723948065414466,0.1010515157940349,0.0036904376666666654,0.0015817574767476718,0.0006845267845152485,0.0005579636727244566,0.004584685874999997,1.8720872174042986,0.09366415870001686,-0.00030758913714801217,-0.0073873570940180405,-0.0074794397358119175,1.0256170479304316,1.870113168296753e-06,-0.007863926157246933,0.03196529840572542,0.03196529840572542,0.14195256816446988,0.9876885642445942,1.918019946964342e-06,1.8733651565185365,0.10146829493648189,0.002796189458333334,-0.0008854447101957269,0.0016500025083403536,0.0007375920613146708,-0.0017884964166666626,1.8719529907326493,0.10362671808247045,-0.0014121657858872094,0.002158423145988561,0.0021511482110614915,0.9933143554653716,-8.864420540098692e-08,0.0003859409787024797,-0.0032435471496796483,-0.0032435471496796483,0.12046877286139733,1.0033818845627005,-8.805156175362133e-08,1.872685503987286,0.10114748201761421,0.0036904376666666654,0.0013702826784874381,0.0009686913320965497,0.000501823371445003,0.0032930326916666636,1.8730363504528995,0.10452370964750027,0.00035084646561345245,0.0033762276298860555,0.00335851420028921,0.989641722576183,3.358346859981847e-07,0.0037970722823060256,-0.01380214005028206,-0.01380214005028206,0.17670397007895236,1.0052741863039674,3.32356017152075e-07]"
/multi_agv/m2b_algorithm_state,1789558497.2970898,1789558497.2970898,m2b_algorithm_state_v1:header6+3x20,"[1.0,-0.15,0.52,1.8748140521949326,0.10122340354613134,1789558497.2969258,1.87340061927923,0.10105184085032877,0.0036904376666666654,0.0015819941873241143,0.0006844045245238293,0.000557924669575646,0.004584685874999997,1.8729234370050794,0.09425786462293904,-0.00047718227415072256,-0.006793976227389725,-0.006871515483951158,1.023405072049923,1.5814531469597395e-06,-0.007467993326639561,0.030406974584278955,0.030406974584278955,0.14194322092375064,0.9887158434347518,1.6184671718079096e-06,1.8743709442539396,0.10146893226852123,0.002796189458333334,-0.0008866842754925146,0.0016499592533856244,0.0007381518831841016,-0.0017884964166666626,1.8726530523249965,0.10444684565024552,-0.001717891928943116,0.0029779133817242898,0.002964151833687485,0.9908624268834537,-1.6886528510373123e-07,0.0008167869225085898,-0.005168329042962604,-0.005168329042962604,0.12046289608486023,1.0046426596237092,-1.6732226621424945e-07,1.8736913099752635,0.10114787180352959,0.0036904376666666654,0.0013702587326614325,0.0009686005670113025,0.0005018809698632467,0.0032930326916666636,1.874096900898042,0.10509451599321136,0.00040559092277847597,0.0039466441896817694,0.003922544738734048,0.9879709246628835,4.5868846475660003e-07,0.004429533392207143,-0.016366151928690523,-0.016366151928690523,0.17668568758397268,1.0061438307407296,4.5317086665777656e-07]"
/multi_agv/m2b_algorithm_state,1789558497.3070023,1789558497.3070023,m2b_algorithm_state_v1:header6+3x20,"[1.0,-0.15,0.52,1.8758076885989163,0.10122391638688964,1789558497.306895,1.874393748729611,0.10105235512675735,0.0036904376666666654,0.0015808316210675299,0.0006844150152453207,0.0005584231439833661,0.004584685874999997,1.8739180614573183,0.09479843705637427,-0.0004756872722926353,-0.0062539180703830854,-0.006319354920408631,1.0214158379264915,1.338619387906002e-06,-0.0069139640107744255,0.02830862636708942,0.02830862636708942,0.1419525674223827,0.9896450111048178,1.3672870437626561e-06,1.8753639946017306,0.10146943400813957,0.002796189458333334,-0.0008863862349340213,0.0016498272203944175,0.0007380913860247362,-0.0017884964166666626,1.8736707720090162,0.10381084001171931,-0.0016932225927144273,0.002341406003579738,0.0023328573417903662,0.9927628781425332,-1.044072734293657e-07,0.00021632910089733207,-0.0027218008960499095,-0.0027218008960499095,0.12046877325438572,1.0036644597319488,-1.0365166526875152e-07,1.874684413253456,0.10114842150349705,0.0036904376666666654,0.0013693102885127205,0.0009685573404871091,0.000502314574022323,0.0032930326916666636,1.8748708114649524,0.10548151022633932,0.00018639821149646352,0.004333088722842271,0.004304124340496686,0.9868518589246154,5.523618536939961e-07,0.004537122104867265,-0.016953241568047433,-0.016953241568047433,0.17670397148739142,1.0067294483277502,5.450993221169665e-07]"
/multi_agv/m2b_algorithm_state,1789558497.317036,1789558497.317036,m2b_algorithm_state_v1:header6+3x20,"[1.0,-0.15,0.52,1.876809248639723,0.10122437707217251,1789558497.3168988,1.8753874184780328,0.10105285034677365,0.0036904376666666654,0.0015797836272178102,0.0006844230950370008,0.0005588732100784725,0.004584685874999997,1.8749039320994663,0.09501186201991257,-0.0004834863785665444,-0.006040988326861077,-0.006101947599093265,1.0206377218266773,1.2480320095669163e-06,-0.006706305572301446,0.027515488003785088,0.027515488003785088,0.14195255668061865,0.9900098663185429,1.2737885470111474e-06,1.8763575888265605,0.10146994354885773,0.002796189458333334,-0.0008862115162870817,0.0016497006829325755,0.0007380814859042906,-0.0017884964166666626,1.8747079617870102,0.10381084001171931,-0.0016496270395502943,0.0023408964628615775,0.0023323515478484535,0.9927644614891474,-1.0434106199576394e-07,0.00027031774841058563,-0.0029146081666694035,-0.0029146081666694035,0.12046877956218989,1.0036636479697953,-1.0358609822343033e-07,1.8756780584921555,0.10114895526503752,0.0036904376666666654,0.0013684322165406636,0.00096851623173383,0.0005027165730652661,0.0032930326916666636,1.875958828829609,0.10586353691945219,0.0002807703374534398,0.004714581654414671,0.004680392467397147,0.985757239947555,6.532871088979617e-07,0.005031355389213947,-0.018933645069650205,-0.018933645069650205,0.17670399266949385,1.0073047692593473,6.439824973605726e-07]"
/multi_agv/m2b_algorithm_state,1789558497.327057,1789558497.327057,m2b_algorithm_state_v1:header6+3x20,"[1.0,-0.15,0.52,1.8778198654935145,0.10122477954811847,1789558497.3269455,1.8763889953426622,0.10105321916636033,0.0036904376666666654,0.001579626911660708,0.0006843526514758386,0.0005589777882192058,0.004584685874999997,1.8760490203926101,0.09476153241252297,-0.0003399749500521132,-0.006291686753837358,-0.006357934307940414,1.0215539585069642,1.3538284136770238e-06,-0.006782902995505555,0.027865699196003242,0.027865699196003242,0.14195256010672075,0.989580333659579,1.3830087751309675e-06,1.877359126618015,0.1014705311873198,0.002796189458333334,-0.0008870100254870037,0.0016496339348759381,0.0007384623454418926,-0.0017884964166666626,1.8759144254669742,0.10385101509181824,-0.0014447011510407837,0.002380483904498437,0.0023716502677766775,0.992645497990729,-1.0799371411423814e-07,0.0005657738289756979,-0.003991132814053788,-0.003991132814053788,0.1204687775401048,1.0037246793263668,-1.0719947412679634e-07,1.8766796239584917,0.10114938086283738,0.0036904376666666654,0.0013681422215232769,0.0009684502660994975,0.0005028765935435188,0.0032930326916666636,1.8772758843676074,0.10513383773709235,0.0005962604091156454,0.003984456874254971,0.003959901000975197,0.9878612149880271,4.667808061367498e-07,0.004705226512369754,-0.01737979801014749,-0.01737979801014749,0.176703985894136,1.0062011331277543,4.611146542833404e-07]"
/multi_agv/m2b_algorithm_state,1789558497.3370914,1789558497.3370914,m2b_algorithm_state_v1:header6+3x20,"[1.0,-0.15,0.52,1.8788202921889976,0.10122524048224968,1789558497.336968,1.8773996097870285,0.10105345115512958,0.0036904376666666654,0.001580432882234513,0.0006841895498764126,0.0005587132781908556,0.004584685874999997,1.8769445210387563,0.09506417909321219,-0.00045508874827215884,-0.005989272061917392,-0.006049168425337604,1.0204491383090262,1.2272184540986814e-06,-0.006618029360677803,0.027192195557928903,0.027192195557928903,0.14194207246943047,0.9900984136647062,1.2523140140019345e-06,1.8783697448791046,0.10147119982395648,0.002796189458333334,-0.000888857151801458,0.0016496381567698837,0.0007392608275140489,-0.0017884964166666626,1.876949250776175,0.10385101509181824,-0.0014204941029296592,0.002379815267861754,0.0023709866287203937,0.9926475749395952,-1.081575417153947e-07,0.0005953690000583198,-0.004098599540100477,-0.004098599540100477,0.120462174947354,1.0037236140577162,-1.0736232149521465e-07,1.8776902418144108,0.10114968766526934,0.0036904376666666654,0.001368495512713281,0.0009683530465185554,0.0005027740318497365,0.0032930326916666636,1.8782696804234678,0.1046269479285126,0.0005794386090569592,0.0034772602632432564,0.0034584858376579797,0.9893444554824942,3.5573906063799005e-07,0.004182784098979179,-0.01524065164134492,-0.01524065164134492,0.17668344445232553,1.0054285101823606,3.519484672407462e-07]"
/multi_agv/m2b_algorithm_state,1789558497.3474581,1789558497.3474581,m2b_algorithm_state_v1:header6+3x20,"[1.0,-0.15,0.52,1.8798087278365123,0.10122576687932007,1789558497.3473418,1.878400053771299,0.10105384285850914,0.0036904376666666654,0.0015800529174555098,0.0006841336951762585,0.000558907036929637,0.004584685874999997,1.877984970287786,0.09660749675230478,-0.0004150834835130457,-0.0044463461062043685,-0.004478977814110444,1.0149225850938797,6.755720662196897e-07,-0.004997832168501751,0.02100354896971504,0.02100354896971504,0.14193930410197544,0.9927144743152616,6.856533478649011e-07,1.8793701495236805,0.10147175048152017,0.002796189458333334,-0.0008893987097820279,0.001649572004049027,0.0007395299978114611,-0.0017884964166666626,1.8780456849871794,0.10414038871005532,-0.0013244645365011465,0.00266863822853515,0.002657561061184512,0.9917825966060038,-1.360564350389838e-07,0.001001980390558079,-0.005689970737577939,-0.005689970737577939,0.12046043666056502,1.004168170399705,-1.3493840442791943e-07,1.878690673272013,0.10115012810671974,0.0036904376666666654,0.0013680710674662173,0.0009682933056515139,0.0005029890931358646,0.0032930326916666636,1.8793137645496802,0.10481749411030937,0.0006230912776672426,0.003667366003589634,0.003646512943072067,0.988786509096683,3.9551801727679003e-07,0.00442537704015612,-0.01621008133895363,-0.01621008133895363,0.1766780373723466,1.0057186306049415,3.9108287958795876e-07]"
/multi_agv/m2b_algorithm_state,1789558497.3574204,1789558497.3574204,m2b_algorithm_state_v1:header6+3x20,"[1.0,-0.15,0.52,1.8808166352430948,0.10122617200834648,1789558497.357292,1.8793885297517974,0.10105440570725398,0.0036904376666666654,0.0015784089870652554,0.0006842023720539101,0.0005595838967458297,0.004584685874999997,1.8791589361980163,0.09828672790210503,-0.00022959355378104895,-0.0027676778051489437,-0.0027801628223249,1.0091158532801614,2.612048181165654e-07,-0.0030671547645512113,0.013591471451669945,0.013591471451669945,0.14195256107505802,0.995509249646927,2.6358592291458724e-07,1.8803585350180871,0.10147218069500158,0.002796189458333334,-0.0008885524408322769,0.001649421544724916,0.000739241447044528,-0.0017884964166666626,1.8790903608611529,0.10414038871005532,-0.0012681741569342542,0.0026682080150537413,0.0026571344479150204,0.9917839294256325,-1.3588293179534452e-07,0.0010719167517472027,-0.0059394883530463445,-0.0059394883530463445,0.12046877698596545,1.0041674846929218,-1.3476650803786202e-07,1.879679118739652,0.10115071423570465,0.0036904376666666654,0.0013668066564559954,0.0009682789925618222,0.0005035446166716346,0.0032930326916666636,1.880389725118677,0.10508133484292939,0.0007106063790249806,0.0039306206072247385,0.0039067144640862255,0.9880180236819953,4.53825006019284e-07,0.004794972437867451,-0.017676219536453493,-0.017676219536453493,0.17670398399154705,1.006119245048052,4.483872855446426e-07]"
/multi_agv/m2b_algorithm_state,1789558497.36738,1789558497.36738,m2b_algorithm_state_v1:header6+3x20,"[1.0,-0.15,0.52,1.8818169361104544,0.10122661967218081,1789558497.3672752,1.8803964380207256,0.10105466642523277,0.0036904376666666654,0.0015789290873572132,0.0006840745768203144,0.0005594249347146057,0.004584685874999997,1.8799306248580383,0.09861155197238035,-0.0004658131626873452,-0.0024431144528524185,-0.0024528192057933665,1.008017555254688,2.035580406919227e-07,-0.003035085659152548,0.01334870781464406,0.01334870781464406,0.1419497605394823,0.9960434291618291,2.051900785307062e-07,1.8813664399559702,0.10147280688045911,0.002796189458333334,-0.0008900734485561123,0.0016494141386256267,0.0007399046163379108,-0.0017884964166666626,1.8798825230783422,0.10404123066852139,-0.0014839168776279443,0.0025684237880622823,0.00255815527133427,0.9920821945853349,-1.2613424958275863e-07,0.0007032591742993396,-0.0045737339169840754,-0.0045737339169840754,0.1204670023345613,1.0040140318467285,-1.2513554313843753e-07,1.8806870277525891,0.10115104271934754,0.0036904376666666654,0.0013669714543392037,0.0009681993012321099,0.00050351464175614,0.0032930326916666636,1.881341261455051,0.1038015482063056,0.0006542337024619815,0.0026505054869580685,0.0026395287969619543,0.9918006672874264,2.0658646506955063e-07,0.003457320925039431,-0.012222375805580355,-0.012222375805580355,0.17669846121549254,1.0041585793679344,2.0489259390853094e-07]"
/multi_agv/m2b_algorithm_state,1789558497.3773777,1789558497.3773777,m2b_algorithm_state_v1:header6+3x20,"[1.0,-0.15,0.52,1.8828133026384817,0.10122708614415567,1789558497.3772805,1.881396754243018,0.10105504532739039,0.0036904376666666654,0.0015785657771034073,0.0006840269628172631,0.0005596071878451817,0.004584685874999997,1.8807552272477228,0.09736300402928114,-0.000641526995295294,-0.0036920412981092526,-0.0037144131762022864,1.0122868684239175,4.651385402345148e-07,-0.004516321920321404,0.019036195313688185,0.019036195313688185,0.14194743808582133,0.9939770087408781,4.708536362772693e-07,1.8823667211189388,0.10147334388763139,0.002796189458333334,-0.0008906208241959675,0.0016493550254537137,0.0007401726463517611,-0.0017884964166666626,1.88087222771405,0.10324675403019064,-0.0014944934048888303,0.0017734101425592452,0.0017684850369879194,0.9944830388663529,-6.020610356621416e-08,-9.963171912311846e-05,-0.0013371443908493036,-0.0013371443908493036,0.12046554406659796,1.0027849291728892,-5.987394883283103e-08,1.8816873329694057,0.10115146980152064,0.0036904376666666654,0.001366557348598052,0.0009681479366301709,0.0005037208641818498,0.0032930326916666636,1.882276175118865,0.10280369296176864,0.0005888421494593121,0.0016522231602480036,0.0016479254323177696,0.9948302240531648,8.031052228726312e-08,0.00238397811914191,-0.00789298893210263,-0.00789298893210263,0.17669392474432785,1.0026079626213362,7.989533488086466e-08]"
/multi_agv/m2b_algorithm_state,1789558497.3874226,1789558497.3874226,m2b_algorithm_state_v1:header6+3x20,"[1.0,-0.15,0.52,1.8838161510695033,0.10122750916329826,1789558497.3872817,1.8823931432755512,0.10105547855835088,0.0036904376666666654,0.001577784294968115,0.0006840218839135658,0.0005599485763148587,0.004584685874999997,1.881691640104786,0.09744509513005387,-0.0007015031707651165,-0.0036103834282970176,-0.003631763409988744,1.0120040782935693,4.445468329428495e-07,-0.00450864237344514,0.01897758511483729,0.01897758511483729,0.14195257116681895,0.9941130576862681,4.498832079306538e-07,1.8833630592627248,0.10147383743887352,0.002796189458333334,-0.0008907060241311179,0.0016492698727299526,0.0007402538841535383,-0.0017884964166666626,1.8820455583133278,0.10310586783067728,-0.001317500949397088,0.0016320303918037626,0.0016278548072910534,0.9949146811315153,-5.099930498650461e-08,-1.902137945530651e-05,-0.0015609122425970798,-0.0015609122425970798,0.12046877109503983,1.0025650841180718,-5.073995725857713e-08,1.8826837053771686,0.10115194243524261,0.0036904376666666654,0.0013658659944591899,0.0009681130708366409,0.0005040386807901769,0.0032930326916666636,1.8832910113241208,0.10303472729437196,0.0006073059469522413,0.0018827848591293495,0.0018772137608337877,0.9941243206527834,1.042177922842372e-07,0.002636346194524089,-0.008907139886581268,-0.008907139886581268,0.17670396413065725,1.0029677484854402,1.036054419545002e-07]"
/multi_agv/m2b_algorithm_state,1789558497.3972821,1789558497.3972821,m2b_algorithm_state_v1:header6+3x20,"[1.0,-0.15,0.52,1.8848066442896891,0.10122800104086106,1789558497.3971214,1.8833960005484784,0.10105580856983937,0.0036904376666666654,0.001577724947721534,0.0006839526121670046,0.0005600103393539529,0.004584685874999997,1.8829419343662293,0.09865033161183723,-0.00045406618224919093,-0.0024054769580021396,-0.0024148821938882845,1.007890584065756,1.9717810300531783e-07,-0.002982464921699773,0.013147159085069901,0.013147159085069901,0.14194771087184507,0.9961053023994512,1.9873395340300758e-07,1.8843658958618867,0.10147439260075967,0.002796189458333334,-0.000891577955331332,0.001649234377150366,0.000740650312384239,-0.0017884964166666626,1.8830750208096947,0.10310586783067728,-0.0012908750521920531,0.001631475229917606,0.0016273024997127603,0.9949164173439697,-5.1014396237066665e-08,1.3708684472693881e-05,-0.0016783848027095882,-0.0016783848027095882,0.12046571536440229,1.0025642006975237,-5.075506033714806e-08,1.8836865567981447,0.10115232631929574,0.0036904376666666654,0.001365652270301111,0.000968057899724351,0.0005041600256433993,0.0032930326916666636,1.8846978818374416,0.10374968053438552,0.0010113250392969064,0.0025973542150897755,0.0025868092760921602,0.9919603398069238,1.9819940988203403e-07,0.0038509655752132933,-0.01360721684810178,-0.01360721684810178,0.17669445758688435,1.0040764269306879,1.9660595397611425e-07]"
/multi_agv/m2b_algorithm_state,1789558497.407279,1789558497.407279,m2b_algorithm_state_v1:header6+3x20,"[1.0,-0.15,0.52,1.8858068704031614,0.10122842961003035,1789558497.4070895,1.88438652649189,0.10105631921775692,0.0036904376666666654,0.0015763341961858323,0.0006840113986143141,0.0005605826009797863,0.004584685874999997,1.884019458347424,0.09966023362077331,-0.00036706814446607616,-0.0013960855969836067,-0.001399229641859684,1.004527772304686,6.631382560987932e-08,-0.0018580648224422792,0.008764748684691846,0.008764748684691846,0.1419525605198753,0.9977530172446186,6.661407951289351e-08,1.8853563482688276,0.10147482042439271,0.002796189458333334,-0.0008909876802093344,0.0016491119374153485,0.0007404581505949248,-0.0017884964166666626,1.8842317936681254,0.10372700726920074,-0.0011245546007021545,0.0022521868448080323,0.00224427247583735,0.9930320408749591,-9.710756219061897e-08,0.0008385792249596567,-0.004911713614418884,-0.004911713614418884,0.12046877731006297,1.0035264741941505,-9.643092066654236e-08,1.8846770581083498,0.10115286348043358,0.0036904376666666654,0.001364556656713594,0.0009680486880569439,0.0005046397284640203,0.0032930326916666636,1.8856389436779482,0.10216654893025587,0.0009618855695983086,0.0010136854498222908,0.001012059898193656,0.9968050972765655,3.019983625975188e-08,0.0022144168601915416,-0.006982324630359291,-0.006982324630359291,0.176703985120597,1.0016061812463237,3.010335072063832e-08]"
/multi_agv/m2b_algorithm_state,1789558497.417274,1789558497.417274,m2b_algorithm_state_v1:header6+3x20,"[1.0,-0.15,0.52,1.88680808193889,0.10122884811838606,1789558497.4171762,1.8853867653804095,0.10105667400150294,0.0036904376666666654,0.0015760485319552147,0.0006839738749628843,0.0005607259491146013,0.004584685874999997,1.8850043887155719,0.09879478615008043,-0.000382376664837647,-0.002261887851422506,-0.002270194681930126,1.0074075296454759,1.741381499625672e-07,-0.002748165512977185,0.012262505350079271,0.012262505350079271,0.14195256156634206,0.9963409171144045,1.7542808347082322e-07,1.8863565575187704,0.10147534696111572,0.002796189458333334,-0.0008916049719780968,0.0016490613468274073,0.0007407520532561468,-0.0017884964166666626,1.8851999492666436,0.1023544067045543,-0.0011566082521268228,0.0008790597434385761,0.0008778413957286715,0.9972373088616023,-1.4818928371361929e-08,-0.0005679189194298571,0.0007340668820700609,0.0007340668820700609,0.12046877671518731,1.0013878904729632,-1.4777988249269818e-08,1.885677288310304,0.10115326786747236,0.0036904376666666654,0.0013641883006454305,0.0009680088720859237,0.0005048201129892139,0.0032930326916666636,1.8865557554633468,0.1012878604100968,0.0008784671530428501,0.00013459254262443432,0.0001345636941825643,0.9995715399117097,5.325922031308667e-10,0.001232647635486127,-0.003074391144978605,-0.003074391144978605,0.17670398308765026,1.0002143850319007,5.323640086284905e-10]"
/multi_agv/m2b_algorithm_state,1789558497.4273057,1789558497.4273057,m2b_algorithm_state_v1:header6+3x20,"[1.0,-0.15,0.52,1.8878064676574056,0.10122927939734706,1789558497.4270601,1.8863879869429248,0.10105701138216343,0.0036904376666666654,0.0015758634057046889,0.0006839278900511829,0.0005608301192903672,0.004584685874999997,1.8855387455512442,0.09796620300664763,-0.0008492413916805219,-0.0030908083755157995,-0.0031064161717220384,1.01021673829427,3.2529607776239825e-07,-0.004167967911322691,0.0175823969330793,0.0175823969330793,0.14195256435328038,0.9949756261416877,3.2861954265704914e-07,1.8873577556398582,0.1014758768618571,0.002796189458333334,-0.0008923275930680331,0.0016490211029043245,0.0007410862304131349,-0.0017884964166666626,1.8859531554222693,0.10138640810748696,-0.001404600217588925,-8.946875437014501e-05,-8.948146778223793e-05,1.0002842940798549,-1.537345764529978e-10,-0.001845231739768394,0.0056964232989565895,0.0056964232989565895,0.12046877507434453,0.9998579212835013,-1.537782822829524e-10,1.8866785032338873,0.10115365611113765,0.0036904376666666654,0.0013638887361669323,0.0009679674687653409,0.0005049715046993885,0.0032930326916666636,1.8875038537535145,0.10239661817137014,0.0008253505196271771,0.001242962060232486,0.001240522276729381,0.9960927249028122,4.537613477367328e-08,0.002272210426263352,-0.007299260787238554,-0.007299260787238554,0.1767039775646742,1.0019667389686362,4.519883773226547e-08]"
/multi_agv/m2b_algorithm_state,1789558497.4372957,1789558497.4372957,m2b_algorithm_state_v1:header6+3x20,"[1.0,-0.15,0.52,1.8888064189762293,0.10122969684643753,1789558497.4370959,1.887386387607326,0.10105738868994969,0.0036904376666666654,0.0015753646774901656,0.0006839125713269381,0.0005610542717327107,0.004584685874999997,1.8864391253808106,0.09740112593637519,-0.0009472622265154218,-0.003656262753574502,-0.003678196557433279,1.012162553963751,4.5522689330737104e-07,-0.004862274340577556,0.020231197733157222,0.020231197733157222,0.14195256210899057,0.9940368048536038,4.607636149629727e-07,1.8883561220705172,0.10147637229226607,0.002796189458333334,-0.0008927021172315868,0.001648963239335055,0.0007412786847569991,-0.0017884964166666626,1.886966810039025,0.10138640810748696,-0.0013893120314920626,-8.996418477910662e-05,-8.997703934317227e-05,1.0002858680382563,-1.5550683396862482e-10,-0.0018266170787082506,0.005630199094284278,0.005630199094284278,0.1204687763886269,0.9998571350629061,-1.5555128840218686e-10,1.8876768932943733,0.10115407720982544,0.0036904376666666654,0.001363383313869087,0.0009679379997759368,0.0005052059198465118,0.0032930326916666636,1.8886105612338169,0.10330213621592652,0.0009336679394436054,0.002148059006101072,0.0021408222293953323,0.9933169496963913,1.353795277588479e-07,0.003307907153699839,-0.011440965785265857,-0.011440965785265857,0.17670398199566126,1.0033803725532984,1.3447477956475671e-07]"
/multi_agv/m2b_algorithm_state,1789558497.4473329,1789558497.4473329,m2b_algorithm_state_v1:header6+3x20,"[1.0,-0.15,0.52,1.8898064479702115,0.1012301096261151,1789558497.4471097,1.8883863500296971,0.10105773802296462,0.0036904376666666654,0.0015750439135665162,0.0006838830837551766,0.0005612086539562743,0.004584685874999997,1.887410634705251,0.09776235394984076,-0.0009757153244460692,-0.0032953840731238665,-0.003313153466230752,1.0109178550274214,3.6963779868577865e-07,-0.004532797621788339,0.018939988130987725,0.018939988130987725,0.1419525626541303,0.9946367129419148,3.7367345058448514e-07,1.8893560587851703,0.10147687898633148,0.002796189458333334,-0.0008932671747735087,0.0016489194268232144,0.0007415464196818544,-0.0017884964166666626,1.888217837829925,0.10282208154604859,-0.0011382209552452949,0.0013452025597171097,0.0013423596420171395,0.9957948366476175,-3.4754816455893954e-08,-8.041655203947905e-05,-0.0012143087422538093,-0.0012143087422538093,0.12046877606298648,1.002117850992375,-3.460866677541485e-08,1.8886768481138203,0.10115447353001648,0.0036904376666666654,0.0013629962361801874,0.0009679052498710932,0.0005053907438372011,0.0032930326916666636,1.8893619872433574,0.10025689247639404,0.000685139129537049,-0.0008975810536224482,-0.0008988740759506471,1.0028908825678942,2.36826296878428e-08,-4.245016402933577e-05,0.001915934709980631,0.001915934709980631,0.17670398091623293,0.9985615089334606,2.375109338916928e-08]"
/multi_agv/m2b_algorithm_state,1789558497.4574547,1789558497.4574547,m2b_algorithm_state_v1:header6+3x20,"[1.0,-0.15,0.52,1.8908096686240476,0.10123049917311307,1789558497.4572883,1.889386389253447,0.1010580830581859,0.0036904376666666654,0.001574729640671171,0.0006838544980678034,0.0005613597534102812,0.004584685874999997,1.88845741055922,0.09883319205828811,-0.0009289786942270339,-0.002224890999897783,-0.002232925921055607,1.007283201535019,1.683419114102125e-07,-0.0033941492888393994,0.014520930450975392,0.014520930450975392,0.14195256335085776,0.9964016176792709,1.695679794778034e-07,1.8903560743133203,0.10147738076691336,0.002796189458333334,-0.0008938346414207759,0.0016488790293267552,0.000741813422394752,-0.0017884964166666626,1.8892458356242907,0.10282208154604859,-0.0011102386890295968,0.0013447007791352328,0.001341859990543535,0.9957964099682683,-3.475088848125204e-08,-4.593837074346103e-05,-0.0013376218674729906,-0.0013376218674729906,0.12046877567146463,1.002117052905458,-3.460480999283843e-08,1.8896768803438668,0.10115486505324607,0.0036904376666666654,0.0013626149744980442,0.0009678741913351939,0.0005055721669907968,0.0032930326916666636,1.89024594881335,0.10010038162137597,0.000569068469483236,-0.001054483431870104,-0.0010562701249899598,1.003402232221354,3.268032910373008e-08,-0.0003449345381359148,0.0030553913507708943,0.0030553913507708943,0.1767039796126379,0.998308488446672,3.279151517241124e-08]"
/multi_agv/m2b_algorithm_state,1789558497.4673133,1789558497.4673133,m2b_algorithm_state_v1:header6+3x20,"[1.0,-0.15,0.52,1.8918182590118648,0.101230852810525,1789558497.4672248,1.8903896129899571,0.10105837761854158,0.0036904376666666654,0.0015747550358738418,0.0006837946819052473,0.0005613798653865739,0.004584685874999997,1.8895085923563346,0.09927766531120114,-0.0008810206336224979,-0.0017807123073404485,-0.0017858420806806706,1.005800105359971,1.0780539195697947e-07,-0.002887117872708793,0.012554914985232327,0.012554914985232327,0.1419525697475534,0.9971275324981328,1.0843067458870293e-07,1.891359290305278,0.1014779077294587,0.002796189458333334,-0.0008947688794397205,0.0016488650436909946,0.0007422256690368528,-0.0017884964166666626,1.8899906982372041,0.10033503435765825,-0.0013685920680739372,-0.0011428733718004402,-0.0011449644219724475,1.0036750890628565,-2.5172281089942067e-08,-0.002855704507064869,0.00971413941808754,0.00971413941808754,0.12046877193635497,0.9981736985605152,-2.5264791464862863e-08,1.890680102576908,0.10115521217133895,0.0036904376666666654,0.0013624611291268916,0.0009678335561202015,0.0005056599954884658,0.0032930326916666636,1.891693860912409,0.10279994303785123,0.0010137583355009916,0.0016447308665122756,0.0016404720027114485,0.9948534902497309,7.934433573014167e-08,0.002907669922087688,-0.009763272547384232,-0.009763272547384232,0.17670396699315133,1.0025961209906586,7.893598933267787e-08]"
/multi_agv/m2b_algorithm_state,1789558497.4772763,1789558497.4772763,m2b_algorithm_state_v1:header6+3x20,"[1.0,-0.15,0.52,1.8928123909693089,0.10123129032582623,1789558497.4771318,1.8913981947963454,0.10105859194901977,0.0036904376666666654,0.0015753331454037658,0.0006836804131851609,0.0005611887221807526,0.004584685874999997,1.890457217831902,0.09861461660428847,-0.0009409769644435073,-0.0024439753447313,-0.0024536864906709956,1.0080200381787765,2.0323403264515865e-07,-0.00362990769622538,0.015438413976118667,0.015438413976118667,0.1419301938009158,0.996042222192355,2.0486397734619954e-07,1.8923678905100652,0.1014784777451521,0.002796189458333334,-0.0008963017412617208,0.0016488944946015938,0.0007428748038813271,-0.0017884964166666626,1.8909930760332927,0.10033503435765825,-0.0013748144767724568,-0.0011434433874938504,-0.0011455365169423678,1.0036769175042712,-2.5240507441572618e-08,-0.002864054612907939,0.009742362929178338,0.009742362929178338,0.12045471597286178,0.9981727955263231,-2.5333314705201224e-08,1.8916886917291833,0.10115548873740311,0.0036904376666666654,0.001362679222041916,0.0009677746592969827,0.0005055961022697032,0.0032930326916666636,1.8927569888748808,0.10320215778173156,0.00106829714569745,0.0020466690443284447,0.002040094377194861,0.9936251350954405,1.2284611748966081e-07,0.0033754658093166734,-0.011632895128522999,-0.011632895128522999,0.17666024408451522,1.0032227269517913,1.220629900866146e-07]"
/multi_agv/m2b_algorithm_state,1789558497.4873917,1789558497.4873917,m2b_algorithm_state_v1:header6+3x20,"[1.0,-0.15,0.52,1.8938119175064756,0.10123169052494414,1789558497.48729,1.8923923466145889,0.1010590263047132,0.0036904376666666654,0.001574296992628801,0.0006837161619049229,0.000561619262644461,0.004584685874999997,1.89141726536453,0.09849951198674116,-0.0009750812500588513,-0.0025595143179720364,-0.0025701745523868122,1.008410040578189,2.2277382928264827e-07,-0.0037890261149603763,0.016042644603728423,0.016042644603728423,0.14194974490408435,0.9958523305723045,2.246473662266739e-07,1.893361998005517,0.10147889326170038,0.002796189458333334,-0.0008960613962931503,0.0016488211086240767,0.0007428088076224526,-0.0017884964166666626,1.8920699921825335,0.10216784821633712,-0.0012920058229834996,0.0006889549546367363,0.0006882055413310365,0.9978301758454851,-9.149113806214005e-09,-0.000926801737398338,0.0020913537204812105,0.0020913537204812105,0.12046699252060805,1.0010889382033314,-9.129261838084875e-09,1.892682828287821,0.10115595141106512,0.0036904376666666654,0.0013618322579281293,0.0009677680879126797,0.0005059666516386008,0.0032930326916666636,1.8935106916149287,0.10101587375130291,0.000827863327107714,-0.00014007765976220554,-0.0001401089712620259,1.000447295726919,5.759945419809636e-10,0.0008947201876226167,-0.0017498382391915404,-0.0017498382391915404,0.17669843064572527,0.9997765203788287,5.762521818783204e-10]"
/multi_agv/m2b_algorithm_state,1789558497.49724,1789558497.49724,m2b_algorithm_state_v1:header6+3x20,"[1.0,-0.15,0.52,1.8948106630109471,0.10123209111964981,1789558497.49706,1.8933918817183415,0.10105937133615629,0.0036904376666666654,0.001573883836084353,0.0006836994252975787,0.0005618070604551383,0.004584685874999997,1.8921824296857657,0.09898068066749191,-0.0012094520325758307,-0.002078690668664382,-0.002085696483389606,1.0067933216748486,1.4685088844800387e-07,-0.003597511524109394,0.015178226842758425,0.015178226842758425,0.1419501683535593,0.9966410190643662,1.4784849377146845e-07,1.8943615136101004,0.10147936244920772,0.002796189458333334,-0.0008964994776566601,0.0016487883108742274,0.0007430157727906922,-0.0017884964166666626,1.8930959942036976,0.10216784821633712,-0.0012655194064028485,0.0006884857671294042,0.0006877373763078317,0.997831655785283,-9.141107053326964e-09,-0.000894161881695729,0.001974970480087692,0.001974970480087692,0.12046725840335935,1.0010881927423958,-9.121285986731774e-09,1.893682357190985,0.10115633778946845,0.0036904376666666654,0.0013613945690087409,0.0009677456180793072,0.0005061680660649439,0.0032930326916666636,1.8943206567738815,0.10190963678348902,0.0006382995828964066,0.0007532989940205737,0.0007523995695445216,0.9976188456186319,1.664178521106997e-08,0.00155027404816503,-0.0044965105960125765,-0.0044965105960125765,0.17669925777669843,1.0011954080151806,1.6602158551300846e-08]"
/multi_agv/m2b_algorithm_state,1789558497.507232,1789558497.507232,m2b_algorithm_state_v1:header6+3x20,"[1.0,-0.15,0.52,1.8958071995271426,0.10123250045762007,1789558497.5070791,1.8943906367537247,0.10105972387535765,0.0036904376666666654,0.0015733931664945115,0.0006836925600474323,0.0005620233222948242,0.004584685874999997,1.8932348053066843,0.09995040096262842,-0.0011558314470403452,-0.0011093229127292353,-0.0011113036288647,1.003585966111667,4.178241108607077e-08,-0.0025560929376651316,0.01110883803895619,0.01110883803895619,0.14195257405992823,0.998217664296221,4.193224139628916e-08,1.895360247019591,0.10147981970916575,0.002796189458333334,-0.0008968480864662278,0.0016487520259316213,0.0007431857685478022,-0.0017884964166666626,1.8940088979831489,0.10031164349106067,-0.0013513490364420733,-0.0011681762181050825,-0.0011703612449739569,1.0037574328714525,-2.6360565733354883e-08,-0.0028595475405265485,0.009736028174622723,0.009736028174622723,0.12046876939933845,0.9981330321058921,-2.6459613789551474e-08,1.8946811052595256,0.10115672977442605,0.0036904376666666654,0.0013609056680628727,0.0009677280332064386,0.0005063891378919495,0.0032930326916666636,1.8955649995760862,0.10408712565537474,0.0008838943165605517,0.0029303958809486913,0.002917008081846063,0.9909645642469017,2.5134036502423634e-07,0.004021875977546753,-0.014392789700401415,-0.014392789700401415,0.17670395848589576,1.0045895653104107,2.4906939530389956e-07]"
/multi_agv/m2b_algorithm_state,1789558497.5170717,1789558497.5170717,m2b_algorithm_state_v1:header6+3x20,"[1.0,-0.15,0.52,1.8968056291736886,0.10123289377762645,1789558497.5169537,1.8953871866379695,0.10106010419909756,0.0036904376666666654,0.0015726793883079292,0.0006837101620608796,0.0005623235657082613,0.004584685874999997,1.8943427081219835,0.10082448312409492,-0.0010444785159859915,-0.0002356210750026344,-0.00023570984576767268,1.0007541746324125,1.8829808643680994e-09,-0.001541307990750162,0.007145682958881421,0.007145682958881421,0.14195256848608362,0.999623389660499,1.884400960769324e-09,1.8963567667315842,0.10148025226377388,0.002796189458333334,-0.0008969482451205643,0.0016487016133246435,0.0007432554184614582,-0.0017884964166666626,1.8949807449297782,0.09999266939394612,-0.00137602180180596,-0.0014875828698277666,-0.0014911346647713732,1.0048020831840523,-4.276038271605026e-08,-0.0032111619170288232,0.011108362278850339,0.011108362278850339,0.12046877265733898,0.9976180589000314,-4.296572163083464e-08,1.8956776452118742,0.10115714490998876,0.0036904376666666654,0.001360268092748754,0.0009677205370715375,0.0005066694064205183,0.0032930326916666636,1.896586043001701,0.10392435341206585,0.0009083977898267648,0.0027672085020770953,0.0027552555137555466,0.9914518007124814,2.2404891574775249e-07,0.0038907527510390026,-0.013840815270780994,-0.013840815270780994,0.17670396943561573,1.0043382503952443,2.2213370096578823e-07]"
/multi_agv/m2b_algorithm_state,1789558497.5272536,1789558497.5272536,m2b_algorithm_state_v1:header6+3x20,"[1.0,-0.15,0.52,1.8978055514160517,0.10123327384169178,1789558497.527105,1.8963856252861198,0.10106044970328235,0.0036904376666666654,0.0015721947178742551,0.0006837104328441864,0.0005625335152642601,0.004584685874999997,1.8951340414805686,0.10122641762701552,-0.0012515838055511264,0.00016596792373317626,0.0001659240129876852,0.9994711843766979,9.337030658043476e-10,-0.0013985557439512228,0.006465264737062531,0.006465264737062531,0.14195256631145756,1.0002646437046716,9.332093090356252e-10,1.8973551847858223,0.10148070175124328,0.002796189458333334,-0.0008972952188418329,0.0016486668364015244,0.0007434239208504445,-0.0017884964166666626,1.8962900717801117,0.10214435836894466,-0.0010651130057106606,0.0006636566177013747,0.000662961114321724,0.9979093006190217,-8.501314294631104e-09,-0.0006684301428166018,0.0011819027643582272,0.0011819027643582272,0.12046877392739698,1.0010490862354158,-8.483540602097817e-09,1.8966760774491234,0.10115752987835377,0.0036904376666666654,0.0013597808214785285,0.0009677088805735371,0.0005068866880975856,0.0032930326916666636,1.8972082555372571,0.10206896177775869,0.0005321780881337723,0.0009114318994049159,0.0009101168213959643,0.9971242153302817,2.433025778593377e-08,0.0015753394315631795,-0.0046619811021051845,-0.0046619811021051845,0.1767039737318496,1.0014449551728255,2.4260289203582688e-08]"
/multi_agv/m2b_algorithm_state,1789558497.5373871,1789558497.5373871,m2b_algorithm_state_v1:header6+3x20,"[1.0,-0.15,0.52,1.8988139792462961,0.10123359854239383,1789558497.5372603,1.897385552914818,0.10106076839969676,0.0036904376666666654,0.0015718805858484473,0.0006836971045436789,0.0005626766170411437,0.004584685874999997,1.8962269299081316,0.10171409709900346,-0.0011586230066864545,0.0006533286993067045,0.0006526507702329298,0.9979298187063539,1.4460585102643072e-08,-0.0007956279881251383,0.0041082595178132605,0.0041082595178132605,0.1419525667975019,1.0010387317455134,1.4430649069868402e-08,1.8983550998355325,0.10148116200903458,0.002796189458333334,-0.0008978243168764636,0.0016486452584418831,0.00074366450202841,-0.0017884964166666626,1.897311084621042,0.10214435836894466,-0.0010440152144906012,0.0006631963599100787,0.0006625018228054648,0.9979107526926122,-8.494517599906882e-09,-0.0006425171953077867,0.001089372455679622,0.001089372455679622,0.12046877363791762,1.001048355009308,-8.476770451883718e-09,1.8976760014978051,0.10115789111634399,0.0036904376666666654,0.0013594069334995212,0.0009676939871750114,0.0005070565062507875,0.0032930326916666636,1.8982318070436373,0.1033899816617886,0.000555805545832122,0.002232090545444612,0.002224281879902824,0.9930625410660457,1.457407173871276e-07,0.0029190388121929766,-0.010095431968121907,-0.010095431968121907,0.17670397275035202,1.0035106456660652,1.4472964714524938e-07]"
/multi_agv/m2b_algorithm_state,1789558497.547293,1789558497.547293,m2b_algorithm_state_v1:header6+3x20,"[1.0,-0.15,0.52,1.8998190971567521,0.10123394100989387,1789558497.5471568,1.8983939682032305,0.10106095684702926,0.0036904376666666654,0.0015724810539088836,0.0006835972293709241,0.0005624682950974234,0.004584685874999997,1.89728647635058,0.10215554039417586,-0.0011074918526505773,0.001094583547146602,0.001092686982025448,0.9965489900644287,4.059266703521997e-08,-0.0002916778337877736,0.0021176206067513126,0.0021176206067513126,0.1419365803535758,1.0017356893166591,4.0452581337970084e-08,1.8993635424398891,0.10148169926231354,0.002796189458333334,-0.0008993485485679709,0.001648689580779017,0.0007443021597591248,-0.0017884964166666626,1.8982926468077026,0.10072280500182118,-0.0010708956321865415,-0.0007588942604923599,-0.000759813540374522,1.002429634951663,-1.1152821467634514e-08,-0.0020984330806076987,0.006870693045668245,0.006870693045668245,0.1204587263339199,0.9987901243748446,-1.1179918752481937e-08,1.8986844270957688,0.1011581395178387,0.0036904376666666654,0.001359642819154842,0.0009676501270993619,0.0005069770787678551,0.0032930326916666636,1.899371420406464,0.10399123677809477,0.0006869933106952164,0.0028330972602560733,0.0028205747224684294,0.9912549893482426,2.3472465743996432e-07,0.00367931636083745,-0.013116720736688235,-0.013116720736688235,0.17667271749855742,1.0044397114133834,2.3267198781042173e-07]"
/multi_agv/m2b_algorithm_state,1789558497.5572155,1789558497.5572155,m2b_algorithm_state_v1:header6+3x20,"[1.0,-0.15,0.52,1.9008111727911208,0.10123435829001058,1789558497.5571516,1.8993990796253393,0.10106120077915333,0.0036904376666666654,0.0015726551490851401,0.0006835325104649122,0.0005624265013840913,0.004584685874999997,1.8982248521215292,0.10314486832973783,-0.0011742275038100214,0.002083667550584506,0.002076846186892667,0.9935042674654351,1.4700719154054992e-07,0.0006090618071301402,-0.0015491897477069418,-0.0015491897477069418,0.1419171818702267,1.0032844818912878,1.4605227214364495e-07,1.9003686682069016,0.10148218939911303,0.002796189458333334,-0.0009003988215971741,0.0016487131504476782,0.000744745167657504,-0.0017884964166666626,1.8992954015565051,0.10072280500182118,-0.0010732666503965316,-0.000759384397291854,-0.0007603048623145511,1.0024312015548449,-1.1180252284893661e-08,-0.0021018881753102157,0.006882081882751576,0.006882081882751576,0.12044654496702618,0.9987893474468978,-1.1207433731632253e-08,1.8996895436380163,0.10115843285141524,0.0036904376666666654,0.001359604070234916,0.0009676182459062658,0.000507010463531628,0.0032930326916666636,1.900262286988122,0.102430238257075,0.0005727433501057089,0.0012718054056597566,0.0012692518001725594,0.9960036285239205,4.735523266352941e-08,0.0019851809878046953,-0.006293929584329299,-0.006293929584329299,0.17663483272344313,1.0020118982591557,4.716598356246978e-08]"
/multi_agv/m2b_algorithm_state,1789558497.5671844,1789558497.5671844,m2b_algorithm_state_v1:header6+3x20,"[1.0,-0.15,0.52,1.9018187087448715,0.10123467734019027,1789558497.567086,1.9003911744263418,0.10106163905709817,0.0036904376666666654,0.0015714053556943048,0.0006836025895017965,0.0005629317887883619,0.004584685874999997,1.8993146366680882,0.10346159531083646,-0.0010765377582535596,0.002399956253738289,0.00239092856740207,0.9925452909877976,1.9482269712232912e-07,0.0010452563695851204,-0.003258592015380261,-0.003258592015380261,0.14194402054403352,1.0037758076336127,1.9337035060630972e-07,1.9013607206173417,0.10148254460369821,0.002796189458333334,-0.0008998855654246121,0.0016486434786628923,0.0007445589410628867,-0.0017884964166666626,1.9003654742304326,0.10176885483457057,-0.0009952463869091766,0.00028631023087236085,0.0002861804180607072,0.9990941854375361,-1.587221586485297e-09,-0.0009578775655757635,0.0023750558621871884,0.0023750558621871884,0.12046339817497109,1.0004536048012416,-1.5857838580584017e-09,1.9006816233296788,0.10115889120923537,0.0036904376666666654,0.0013586230957112746,0.0009676337592372745,0.0005074276132498979,0.0032930326916666636,1.901267964405514,0.10229969705670787,0.0005863410758351062,0.0011408058474725036,0.0011387491794309082,0.9964099364091178,3.807825866730989e-08,0.001871675524224791,-0.005827729361737982,-0.005827729361737982,0.17668724944619255,1.0018060764202905,3.7941555297264185e-08]"
/multi_agv/m2b_algorithm_state,1789558497.576947,1789558497.576947,m2b_algorithm_state_v1:header6+3x20,"[1.0,-0.15,0.52,1.9028094181804167,0.10123509460786533,1789558497.5768557,1.9013986979547257,0.10106183614095687,0.0036904376666666654,0.0015718724992928074,0.0006835167114042299,0.0005627739766447425,0.004584685874999997,1.9003864429538546,0.10385945591584936,-0.0010122550008710984,0.0027976197748924847,0.0027853895325216163,0.9913495549336258,2.647333619216606e-07,0.0015200707814327433,-0.005147031152409522,-0.005147031152409522,0.14191604869378663,1.0043908552926155,2.6244330051712073e-07,1.9023682715737327,0.10148305257171675,0.002796189458333334,-0.0009012470451379034,0.001648688486583616,0.0007451256945794349,-0.0017884964166666626,1.9013769265868916,0.10176885483457057,-0.0009913449868410584,0.0002858022628538237,0.00028567291065212375,0.9990957935370376,-1.5839842836154406e-09,-0.0009535083228991993,0.002358390848613009,0.002358390848613009,0.12044583334256344,1.000452798276899,-1.5825520347889647e-09,1.901689156706156,0.10115914330789719,0.0036904376666666654,0.0013587772359071617,0.0009675975875083065,0.0005073796198658584,0.0032930326916666636,1.9022657033700876,0.1020448468708445,0.0005765466639315875,0.0008857035629473153,0.0008844614676036814,0.9972046376502828,2.29593311884639e-08,0.0016051447975181658,-0.004756975389197504,-0.004756975389197504,0.17663261980972406,1.0014043521274016,2.289515153848498e-08]"
/multi_agv/m2b_algorithm_state,1789558497.5871446,1789558497.5871446,m2b_algorithm_state_v1:header6+3x20,"[1.0,-0.15,0.52,1.9038140142566107,0.1012354231365908,1789558497.5870886,1.9023894282429825,0.10106228672338115,0.0036904376666666654,0.0015704898546974265,0.0006836040688526165,0.0005633278620465641,0.004584685874999997,1.9014845468530803,0.10459170689941945,-0.0009048813899021901,0.0035294201760383004,0.0035100628008384784,0.9891780657201094,4.207379302899139e-07,0.0023789610634607408,-0.00858386255843115,-0.00858386255843115,0.14194773145163134,1.0055148230382653,4.1618473205925924e-07,1.9033589557485713,0.10148338641624402,0.002796189458333334,-0.000900578710696473,0.0016486127044639254,0.0007448754251361128,-0.0017884964166666626,1.9024827019857868,0.10183849510313671,-0.0008762537627844402,0.0003551086868926884,0.0003549090986213784,0.9988774158613838,-2.443419397947617e-09,-0.0007404081048591718,0.001571181455261229,0.001571181455261229,0.12046572825931569,1.000562364481737,-2.4406764540874936e-09,1.9026798705496961,0.10115961068397078,0.0036904376666666654,0.0013577084381095283,0.000967621668737529,0.0005078303807794686,0.0032930326916666636,1.9032065708405046,0.1012096236419869,0.0005267002908084795,5.001295801612682e-05,5.000897248829775e-05,0.9998406503159806,7.31919514697391e-11,0.000708384335998897,-0.0011800114082927606,-0.0011800114082927606,0.17669449775968762,1.000079696255107,7.318028835539963e-11]"
/multi_agv/m2b_algorithm_state,1789558497.5972288,1789558497.5972288,m2b_algorithm_state_v1:header6+3x20,"[1.0,-0.15,0.52,1.9048192509494088,0.10123574476735919,1789558497.59716,1.9033940168844574,0.10106251896275326,0.0036904376666666654,0.0015706601409457037,0.0006835523072801213,0.000563280979374661,0.004584685874999997,1.9022969120178892,0.10541455428659594,-0.0010971048665682215,0.004352035323842679,0.004322786811465334,0.9867815271303048,6.393777216206427e-07,0.0029514057282550568,-0.011048660830239435,-0.011048660830239435,0.14193017986832893,1.0067661241816896,6.309261245539126e-07,1.904363560688652,0.10148385879359563,0.002796189458333334,-0.0009016061682585292,0.0016486392961234664,0.0007453069710144783,-0.0017884964166666626,1.9034955167784902,0.10183849510313671,-0.0008680439101618198,0.0003546363095410787,0.000354437252478611,0.9988789103311414,-2.439698883431642e-09,-0.0007306176352236637,0.0015355630800251412,0.0015355630800251412,0.12045470722493182,1.0005616143931702,-2.436963762218301e-09,1.903684465196723,0.10115989165342353,0.0036904376666666654,0.0013576645796763388,0.0009676001556929827,0.0005078605870893994,0.0032930326916666636,1.904183839596501,0.10149051275597278,0.0004993743997778743,0.00033062110254925003,0.0003304472988991337,0.998949937739667,3.197854236037106e-09,0.0009546652986214767,-0.0021843009016330687,-0.0021843009016330687,0.17666021690271502,1.0005259648079903,3.1944962899897974e-09]"
/multi_agv/m2b_algorithm_state,1789558497.6071048,1789558497.6071048,m2b_algorithm_state_v1:header6+3x20,"[1.0,-0.15,0.52,1.9058134300784229,0.10123612988034401,1789558497.607007,1.904399244228511,0.10106274318478879,0.0036904376666666654,0.001570863716149533,0.0006834949498053962,0.0005632225779493766,0.004584685874999997,1.9033788581731934,0.10506971751829633,-0.0010203860553175126,0.0040069743335075375,0.003982114854625527,0.9877811489252842,5.422247296754511e-07,0.002706632285478636,-0.009996208817802657,-0.009996208817802657,0.1419103621874952,1.0062427829908358,5.355993664545188e-07,1.9053688088554126,0.10148432722814098,0.002796189458333334,-0.0009026634749852783,0.001648673718011251,0.0007457473823453409,-0.0017884964166666626,1.9040897222101825,0.10169849254781371,-0.001279086645230132,0.000214165319672735,0.00021409264735300414,0.9993218943548251,-8.90880119361195e-10,-0.0013847656591846609,0.0039205277843302215,0.0039205277843302215,0.1204422622704642,1.0003394433233899,-8.902760085230821e-10,1.904689699764303,0.10116016388914782,0.0036904376666666654,0.0013576481168022401,0.0009675770392604593,0.0005078797524401498,0.0032930326916666636,1.905224783144916,0.1009183201735001,0.0005350833806130328,-0.0002418437156477271,-0.00024193711522532162,1.0007731017247978,1.7117342130874975e-09,0.00042691711054096946,-4.7861216211189965e-05,-4.7861216211189965e-05,0.17662151533293036,0.9996139510157112,1.7130575577600308e-09]"
/multi_agv/m2b_algorithm_state,1789558497.6172984,1789558497.6172984,m2b_algorithm_state_v1:header6+3x20,"[1.0,-0.15,0.52,1.9068129568307424,0.10123647796760578,1789558497.617109,1.9053934357734312,0.10106313326402848,0.0036904376666666654,0.001569850424278481,0.0006835520455526819,0.0005636321047954471,0.004584685874999997,1.9043226757959035,0.10456143726625561,-0.0010707599775277021,0.003498304002227129,0.003479282160098506,0.989269764798316,4.1319202131747217e-07,0.002140832188188878,-0.007713727823515265,-0.007713727823515265,0.14192974050265805,1.005467174334629,4.0875837374527643e-07,1.9063629731370728,0.10148467966440719,0.002796189458333334,-0.0009023838444755213,0.0016486291759496563,0.0007456493521895285,-0.0017884964166666626,1.9051820940425561,0.10279661666406452,-0.0011808790945166958,0.0013119369996573288,0.0013092325530663334,0.9958977053209218,-3.339416246161961e-08,-0.00016686631507953635,-0.0009000615388176779,-0.0009000615388176779,0.12045443132502809,1.00206567319508,-3.325716976664103e-08,1.9056838813247647,0.10116057671259637,0.0036904376666666654,0.0013568273832450192,0.0009675940397952058,0.0005082266702311363,0.0032930326916666636,1.9061408579696313,0.09975843308678407,0.0004569766448665469,-0.0014021436258122993,-0.0014053107173682712,1.004541374957817,5.754856024023702e-08,-0.0008340899112850876,0.004931017847361609,0.004931017847361609,0.17665935876098823,0.9977463407082648,5.780990983057045e-08]"
/multi_agv/m2b_algorithm_state,1789558497.62732,1789558497.62732,m2b_algorithm_state_v1:header6+3x20,"[1.0,-0.15,0.52,1.9078186232376033,0.10123678493970921,1789558497.6271205,1.9063929638110146,0.10106343469866835,0.0036904376666666654,0.0015694555817153876,0.0006835569298340167,0.000563800717393631,0.004584685874999997,1.9057265931188603,0.10500450965655508,-0.0006663706921543611,0.003941074957886731,0.003917014602561074,0.987973098519078,5.240914780908556e-07,0.0030840512373681225,-0.011323140904485406,-0.011323140904485406,0.1419301630525367,1.0061425237756136,5.177882815168661e-07,1.9073624983643314,0.10148508537779272,0.002796189458333334,-0.0009027771584969521,0.001648624600766313,0.0007458222305607859,-0.0017884964166666626,1.9066231431543392,0.1030298904845436,-0.0007393552099921319,0.0015448051067508822,0.0015410620247685112,0.9951824101710108,-4.631341027146035e-08,0.0006168680122783463,-0.003802945277694052,-0.003802945277694052,0.12045469667566727,1.0024288976836824,-4.609029125719076e-08,1.9066834083168818,0.1011609138263563,0.0036904376666666654,0.0013564130192858462,0.0009675950931566264,0.0005084057378455182,0.0032930326916666636,1.9076785329932406,0.10064756067032579,0.0009951246763588717,-0.0005133531560305021,-0.0005137748466365435,1.001646071005773,7.706983888676234e-09,0.0007301309988120462,-0.0010001922710430882,-0.0010001922710430882,0.17666018404775335,0.9991792307295658,7.719670131397344e-09]"
/multi_agv/m2b_algorithm_state,1789558497.6372938,1789558497.6372938,m2b_algorithm_state_v1:header6+3x20,"[1.0,-0.15,0.52,1.9088192969603224,0.10123711942906033,1789558497.6371107,1.9073986185289125,0.10106364062776571,0.0036904376666666654,0.0015697257156951695,0.0006835000893101288,0.0005637131964481563,0.004584685874999997,1.9068508288089048,0.1057536741302146,-0.0005477897200076853,0.004690033502448884,0.004656153345087732,0.9858105803019458,7.419038786905995e-07,0.003971416195078126,-0.014896817090764737,-0.014896817090764737,0.14190882237990735,1.007276426451224,7.313766931802443e-07,1.9083681791067832,0.10148554604103147,0.002796189458333334,-0.0009038924350921198,0.0016486676075400108,0.0007462833039667688,-0.0017884964166666626,1.9076477450213905,0.1030298904845436,-0.000720434085392796,0.0015443444435121328,0.0015406036039958845,0.9951838517765523,-4.634289183756379e-08,0.0006400609972548896,-0.0038866264834090504,-0.0038866264834090504,0.1204412952863334,1.00242816484821,-4.611969760137088e-08,1.907689072077114,0.10116116815033045,0.0036904376666666654,0.0013564414057497887,0.0009675758939554522,0.0005084034250655701,0.0032930326916666636,1.9088175860149292,0.10215241614467722,0.001128513937815212,0.0009912479943467722,0.0009896935190601879,0.9968753700069395,2.8705344959117487e-08,0.002400335941329203,-0.007641974214064598,-0.007641974214064598,0.17661850853569805,1.0015706632979273,2.861565137729708e-08]"
/multi_agv/m2b_algorithm_state,1789558497.6471457,1789558497.6471457,m2b_algorithm_state_v1:header6+3x20,"[1.0,-0.15,0.52,1.909810065781514,0.10123750928839392,1789558497.647023,1.9083992901569484,0.10106392370336771,0.0036904376666666654,0.0015694173838428568,0.0006834956878223326,0.0005638491401067922,0.004584685874999997,1.907963566150923,0.10616651193300795,-0.0004357240060253176,0.0051025882296402425,0.00506261159227779,0.9846358984567264,8.777032729675513e-07,0.004517956584746143,-0.017081451902024564,-0.017081451902024564,0.14190517986059978,1.0078964456652038,8.642181507568143e-07,1.909368855746239,0.10148594781136097,0.002796189458333334,-0.000904368561263769,0.0016486763577494568,0.000746485146901954,-0.0017884964166666626,1.9085888512763802,0.10266514843948493,-0.0007800044698587083,0.0011792006281239609,0.0011770135816410595,0.9963072310839333,-2.7040419044194166e-08,0.00020200799431767413,-0.0021570363819713896,-0.0021570363819713896,0.12043900776347395,1.0018581319001028,-2.6940565025270348e-08,1.90868974497778,0.10116148677245228,0.0036904376666666654,0.0013560908456985528,0.0009675750587025862,0.0005085558184529364,0.0032930326916666636,1.9096439275399886,0.09969314593521961,0.0009541825622085831,-0.0014683408372326706,-0.0014718157248943436,1.0047592733834974,6.307902689221374e-08,-0.0002790875221336147,0.002999194437594577,0.002999194437594577,0.1766113958833942,0.9976390470607845,6.337923722595877e-08]"
/multi_agv/m2b_algorithm_state,1789558497.6572587,1789558497.6572587,m2b_algorithm_state_v1:header6+3x20,"[1.0,-0.15,0.52,1.9108118272890238,0.10123782776956729,1789558497.6571522,1.9093900762904457,0.10106434956537695,0.0036904376666666654,0.001568061667745225,0.0006835934867371659,0.0005643859216479529,0.004584685874999997,1.9089033122552028,0.10464511400379273,-0.00048676403524283707,0.003580764438415776,0.0035608481053727883,0.9890274205354854,4.3237752250155687e-07,0.002952393061319242,-0.01067222335606799,-0.01067222335606799,0.1419366471458978,1.0055931431090634,4.276332257772386e-07,1.9103596038003152,0.10148625110781814,0.002796189458333334,-0.0009036946757115354,0.0016486140564033747,0.0007462254582726313,-0.0017884964166666626,1.909611371617867,0.10266514843948493,-0.0007482321824481275,0.0011788973316667894,0.001176711414075886,0.9963081833894735,-2.7006340822984606e-08,0.0002414211860157266,-0.0022967183474017073,-0.0022967183474017073,0.12045876827253549,1.0018576496877274,-2.690663836534477e-08,1.9096805172537814,0.1011619271919867,0.0036904376666666654,0.0013550443204561869,0.0009676107990319819,0.000508990860247715,0.0032930326916666636,1.9105392235818501,0.09954942427538695,0.0008587063280687257,-0.0016125029165997562,-0.001616698161632439,1.0052350101935779,7.602181202315485e-08,-0.0005433152515465318,0.003994418307250118,0.003994418307250118,0.1766728479182477,0.997405053625813,7.641978698403032e-08]"
/multi_agv/m2b_algorithm_state,1789558497.6673877,1789558497.6673877,m2b_algorithm_state_v1:header6+3x20,"[1.0,-0.15,0.52,1.9118200282084683,0.10123810360150477,1789558497.6672819,1.9103918327044436,0.10106460028402657,0.0036904376666666654,0.0015679475282925049,0.0006835819228192092,0.0005644414164602816,0.004584685874999997,1.9094017098334524,0.10409801077300823,-0.0009901228709912058,0.003033410488981661,0.003019058045935426,0.9906461364400027,3.10401983374272e-07,0.0017814044571964186,-0.006200823499971451,-0.006200823499971451,0.14192914667933457,1.0047539473663178,3.074985255730365e-07,1.9113613714817514,0.10148666479536944,0.002796189458333334,-0.0009043757992157949,0.0016486325781830402,0.0007465110774064754,-0.0017884964166666626,1.9104279134580724,0.10409877203749689,-0.0009334580236790568,0.0026121072421274455,0.00260149200938724,0.991953100518146,-1.3254491826987374e-07,0.001434669479788419,-0.007228340810338748,-0.007228340810338748,0.12045405844042126,1.0040804402634724,-1.3147834263572552e-07,1.9106822776808763,0.10116221822930584,0.0036904376666666654,0.001354815896780868,0.0009676112577798887,0.0005090896392085983,0.0032930326916666636,1.9115464439142078,0.10156079258838112,0.0008641662333315203,0.00039857435907528216,0.0003983219066247888,0.9987351322374266,4.637441418763524e-09,0.0014785296982891892,-0.004080952815812245,-0.004080952815812245,0.17665819909292516,1.000633790023332,4.631575668612107e-09]"
/multi_agv/m2b_algorithm_state,1789558497.6771014,1789558497.6771014,m2b_algorithm_state_v1:header6+3x20,"[1.0,-0.15,0.52,1.9128091471621655,0.10123849214074336,1789558497.6770144,1.9114000148382095,0.10106475317020988,0.0036904376666666654,0.0015685139149640348,0.0006835048061336834,0.0005642360287176989,0.004584685874999997,1.9105063420988861,0.10504745350262704,-0.0008936727393233923,0.003982700332417155,0.003958137273920865,0.9878521136628439,5.348790393753054e-07,0.0028410463497666244,-0.010470294809189762,-0.010470294809189762,0.14189882434236217,1.0062057116255494,5.28381389600847e-07,1.91236959543963,0.10148713370213196,0.002796189458333334,-0.0009057949807134633,0.0016487016934847443,0.0007470903018815256,-0.0017884964166666626,1.9114438788107504,0.10380741550407373,-0.0009257166288796359,0.0023202818019417704,0.0023118873799990967,0.9928281789402922,-1.047701293305663e-07,0.0011547415938995519,-0.006089682622701356,-0.006089682622701356,0.12043501636521642,1.0036309822075662,-1.0401873671060504e-07,1.9116904743475658,0.10116242393217251,0.0036904376666666654,0.0013550431024493804,0.0009675896562777678,0.0005090023955227774,0.0032930326916666636,1.9126568095091283,0.10258948985322834,0.000966335161562526,0.001427065921055834,0.0014238547305663743,0.9955239261455958,5.941529265182153e-08,0.002631773682519532,-0.00867965664985617,-0.00867965664985617,0.1765989859427802,1.0022552795734874,5.914934541383094e-08]"
/multi_agv/m2b_algorithm_state,1789558497.6870973,1789558497.6870973,m2b_algorithm_state_v1:header6+3x20,"[1.0,-0.15,0.52,1.9138126442478454,0.10123878863511593,1789558497.6869888,1.9123891529408994,0.10106519424630232,0.0036904376666666654,0.0015669862058122577,0.0006836231742426866,0.0005648366628723698,0.004584685874999997,1.9116644048611695,0.10634412498608957,-0.0007247480797298866,0.0052789307397872465,0.005236201515153126,0.9841376021030237,9.378235788864663e-07,0.004330266415490768,-0.016496703974084752,-0.016496703974084752,0.14193613818803852,1.0081603476318597,9.229474481210028e-07,1.913358691503137,0.10148740743015966,0.002796189458333334,-0.000904917946804939,0.001648633022914625,0.0007467458682489103,-0.0017884964166666626,1.9125222360586074,0.10359692574993658,-0.0008364554445297046,0.002109518319776918,0.002102568546991684,0.993463889645455,-8.653054641623137e-08,0.0010569992413295534,-0.0056402079315455485,-0.0056402079315455485,0.12045844869739479,1.0033053727523782,-8.59649732158158e-08,1.9126795970424602,0.10116287474576809,0.0036904376666666654,0.001353885510340142,0.0009676355481100136,0.0005094802999302895,0.0032930326916666636,1.913447371359848,0.10058551727989157,0.0007677743173879481,-0.0005773574658765185,-0.0005778911071422795,1.0018525934434344,9.730762473536719e-09,0.0003818267895926556,0.0002605091718465666,0.0002605091718465666,0.17667185389754697,0.9990765712447108,9.74878962029481e-09]"
/multi_agv/m2b_algorithm_state,1789558497.6970897,1789558497.6970897,m2b_algorithm_state_v1:header6+3x20,"[1.0,-0.15,0.52,1.9148092157782297,0.10123912400928192,1789558497.6969726,1.9133926399963628,0.10106540845926387,0.0036904376666666654,0.0015670719383202828,0.0006835979016789559,0.0005648126518913387,0.004584685874999997,1.912781856516796,0.10557715426564872,-0.0006107834795667788,0.004511745806384845,0.004480350665261933,0.9863222006506351,6.855010019711403e-07,0.00371687131580346,-0.013891052264233327,-0.013891052264233327,0.1419224851647957,1.0070072955151328,6.761248568123905e-07,1.9143622008361392,0.10148782538590173,0.002796189458333334,-0.0009058026455236101,0.0016486697648814275,0.0007471102523573803,-0.0017884964166666626,1.9135552249340273,0.10383786034126663,-0.0008069759021118728,0.002350034955364899,0.0023414258991837486,0.9927387607359978,-1.0747249254500204e-07,0.0013327060215439076,-0.006740606084627684,-0.006740606084627684,0.1204498752900096,1.0036768433219054,-1.0669210906233408e-07,1.9136830919110341,0.10116313206018221,0.0036904376666666654,0.001353791939684098,0.0009676345287435335,0.0005095213941335806,0.0032930326916666636,1.9145657536104301,0.09932206751215973,0.0008826616993959924,-0.001841064548022478,-0.0018465427142050795,1.0059923521639549,9.902336570448556e-08,-0.000743215589960089,0.004798182783835333,0.004798182783835333,0.17664518938298218,0.9970332848839841,9.961674858424693e-08]"
/multi_agv/m2b_algorithm_state,1789558497.7070646,1789558497.7070646,m2b_algorithm_state_v1:header6+3x20,"[1.0,-0.15,0.52,1.9158090692313536,0.10123943527145525,1789558497.7069254,1.9143892149813624,0.10106572643881973,0.0036904376666666654,0.0015663905893602784,0.0006836443719267392,0.0005650838217219924,0.004584685874999997,1.9137776366633925,0.10479574778186258,-0.0006115783179698742,0.003730021343042858,0.003708434994075377,0.988589859872248,4.6861716433646076e-07,0.0029439620966130345,-0.010717518002697886,-0.010717518002697886,0.1419333843170585,1.0058208783494837,4.6327017682511194e-07,1.9153587683502842,0.10148816867876188,0.002796189458333334,-0.0009058429693021733,0.0016486577161640703,0.0007471340084398564,-0.0017884964166666626,1.9145681390540157,0.10336706119912836,-0.0007906292962684969,0.0018788925203664791,0.0018733696488016651,0.9941631261199299,-6.872630478492184e-08,0.000885083028466044,-0.004918831786000253,-0.004918831786000253,0.12045671944028426,1.0029480949306224,-6.8325158011649e-08,1.914679664003042,0.10116347691026419,0.0036904376666666654,0.0013531925680973608,0.0009676587570179203,0.0005097686003295875,0.0032930326916666636,1.9155916476586308,0.10010218294733068,0.0009119836555888661,-0.0010612939629335016,-0.0010631036928504423,1.0034240729334762,3.2873772222534746e-08,7.687587663564028e-05,0.001557238527913903,0.001557238527913903,0.17666647532736554,0.9982976920039771,3.298633441622319e-08]"
/multi_agv/m2b_algorithm_state,1789558497.7170851,1789558497.7170851,m2b_algorithm_state_v1:header6+3x20,"[1.0,-0.15,0.52,1.916810927330091,0.1012397307353924,1789558497.7169256,1.91538906484669,0.1010659891668882,0.0036904376666666654,0.0015660870282861584,0.0006836589182767304,0.0005652078413957537,0.004584685874999997,1.9147534936490778,0.10439273004499922,-0.0006355711976122613,0.003326740878111009,0.00330951723606232,0.9897762755165974,3.72807055009934e-07,0.0025150532390469933,-0.008978025689943332,-0.008978025689943332,0.14193264863273627,1.0052042762796372,3.689955783940437e-07,1.9163586262569425,0.10148854253954587,0.002796189458333334,-0.0009062922229942302,0.0016486710767669166,0.0007473218042718388,-0.0017884964166666626,1.9156077142801538,0.10349890816585569,-0.0007509119767887817,0.0020103656263098235,0.002004049150512545,0.9937641228844316,-7.871212656890652e-08,0.0010654091795265679,-0.00562519402630344,-0.00562519402630344,0.12045625746055251,1.0031518567274973,-7.822128742011776e-08,1.9156795165904281,0.10116377410793169,0.0036904376666666654,0.0013528424884096993,0.0009676734821936431,0.0005099126913762032,0.0032930326916666636,1.916713337943566,0.1014890569227519,0.0010338213531377871,0.0003252828148202075,0.00032511458046107096,0.9989668840314736,3.0843837960126627e-09,0.0016173912718833049,-0.004542036518769166,-0.004542036518769166,0.176665038440592,1.000517461748095,3.081197269859938e-09]"
/multi_agv/m2b_algorithm_state,1789558497.7270916,1789558497.7270916,m2b_algorithm_state_v1:header6+3x20,"[1.0,-0.15,0.52,1.9178117035260815,0.10124002953548668,1789558497.7269351,1.916390914812485,0.10106621902880926,0.0036904376666666654,0.0015659990174009685,0.0006836540294078647,0.0005652485381989089,0.004584685874999997,1.9158908953679923,0.1054282350549861,-0.0005000194444926276,0.004362016026176835,0.004332636933532875,0.9867534159985127,6.403917007102364e-07,0.0037076126279170906,-0.013782999431565114,-0.013782999431565114,0.14192480616490988,1.0067808803494651,6.319086982529229e-07,1.9173604944007439,0.10148893100286335,0.002796189458333334,-0.0009069720095246881,0.001648701211958148,0.0007476008024128733,-0.0017884964166666626,1.916575280260267,0.10427424414454298,-0.0007852141404769419,0.002785313141679624,0.002773259749336877,0.9914368359220823,-1.5111686735751933e-07,0.0017917420737406996,-0.008592943643592147,-0.008592943643592147,0.12045133278943573,1.0043462904423681,-1.4982282882739596e-07,1.9166813727770446,0.10116404217450457,0.0036904376666666654,0.0013526370404160306,0.000967682417966886,0.0005099971016254401,0.0032930326916666636,1.9175378823606506,0.10026084542522769,0.0008565095836059466,-0.0009031967492768855,-0.0009045058883910244,1.0029087793706568,2.3796685701356274e-08,0.00016613109111640893,0.0011700099204589797,0.0011700099204589797,0.1766497221134664,0.9985526472177338,2.3865905009814382e-08]"
/multi_agv/m2b_algorithm_state,1789558497.7370815,1789558497.7370815,m2b_algorithm_state_v1:header6+3x20,"[1.0,-0.15,0.52,1.918812549988206,0.10124032446717168,1789558497.736913,1.9173916845823618,0.10106646412238948,0.0036904376666666654,0.001565780672406072,0.000683661172811245,0.0005653394707667289,0.004584685874999997,1.9171130414555513,0.10648569491802547,-0.0002786431268104739,0.005419230795635985,0.005374249128027499,0.9837427397542049,9.8745773648072e-07,0.005025945219514407,-0.019085333794000268,-0.019085333794000268,0.1419207995911089,1.0083698515898527,9.714043790770292e-07,1.9183612786896227,0.1014893024233367,0.002796189458333334,-0.0009075037258851198,0.0016487254906227822,0.0007478186635500317,-0.0017884964166666626,1.9176334762406577,0.10412553511088855,-0.0007278024489649759,0.002636232687551851,0.002625422840843081,0.9918813229264188,-1.3546744695833803e-07,0.001715669779636861,-0.008249560818729872,-0.008249560818729872,0.1204488167871235,1.0041173736057307,-1.343676305025008e-07,1.9176821473062609,0.10116432206073389,0.0036904376666666654,0.0013523478657608231,0.0009676961147663038,0.0005101153275497415,0.0032930326916666636,1.9184040080448121,0.09861733070476726,0.0007218607385512943,-0.0025469913559666296,-0.0025575316625244568,1.0083559767746233,1.894048595447893e-07,-0.001655205739335339,0.008310682426757183,0.008310682426757183,0.17664189760390742,0.9958787190351249,1.9098752215214634e-07]"
/multi_agv/m2b_algorithm_state,1789558497.7472625,1789558497.7472625,m2b_algorithm_state_v1:header6+3x20,"[1.0,-0.15,0.52,1.9198188052342218,0.1012405829583752,1789558497.747162,1.9183925240228898,0.10106670600257592,0.0036904376666666654,0.0015655650263835807,0.0006836686787537788,0.0005654290448084434,0.004584685874999997,1.9182055859593623,0.1060786936251102,-0.00018693806352754194,0.0050119876225342835,0.004973392823566681,0.9848934667128189,8.447833851805501e-07,0.004739720244157254,-0.01783923266647019,-0.01783923266647019,0.14191654415275556,1.0077602554909235,8.320216368518625e-07,1.9193621340439233,0.10148966921626419,0.002796189458333334,-0.0009080330659821563,0.001648752167151546,0.0007480342472775542,-0.0017884964166666626,1.9185807993695072,0.10301756837821942,-0.0007813346744161009,0.0015278991619552262,0.0015242373169716888,0.9952345106938014,-4.556864700354919e-08,0.0005475689739515626,-0.00355306947634894,-0.00355306947634894,0.12044614450444222,1.002402411319264,-4.5351490103555844e-08,1.9186829918978052,0.10116459818267491,0.0036904376666666654,0.0013520622680307372,0.0009677107223269197,0.0005102315292286031,0.0032930326916666636,1.9193727080543028,0.09902256873711665,0.0006897161564975995,-0.0021420294455582606,-0.002149461756288091,1.006995462495262,1.3389956681655314e-07,-0.0012873165606660914,0.006843835995948174,0.006843835995948174,0.17663358740243534,0.9965422456537839,1.3483625621435016e-07]"
/multi_agv/m2b_algorithm_state,1789558497.7571585,1789558497.7571585,m2b_algorithm_state_v1:header6+3x20,"[1.0,-0.15,0.52,1.920811778491909,0.10124091958781915,1789558497.7570543,1.919398760767299,0.10106686465365321,0.0036904376666666654,0.0015659258834389502,0.0006836215198689813,0.0005652971625806496,0.004584685874999997,1.9191308905995383,0.1043809371823608,-0.0002678701677607531,0.003314072528707593,0.003296978371882302,0.9898138495169677,3.69937186721156e-07,0.002962140662181361,-0.010577352003655543,-0.010577352003655543,0.14189312114150401,1.0051847949537902,3.661689508679447e-07,1.9203684122855273,0.10149008245235212,0.002796189458333334,-0.0009091868145157962,0.0016488211539171793,0.0007484984819307872,-0.0017884964166666626,1.919604560046289,0.10301756837821942,-0.0007638522392383607,0.0015274859258672946,0.0015238260705220856,0.995235803999419,-4.5601797375907285e-08,0.0005690107714741348,-0.0036305567743391462,-0.0036305567743391462,0.12043143457570171,1.0024017539901748,-4.538454147522968e-08,1.9196892426498384,0.10116480176912025,0.0036904376666666654,0.001352162009500868,0.0009677071476767553,0.0005101901590699254,0.0032930326916666636,1.920496866853687,0.10051931547061427,0.0008076242038486114,-0.0006454862985059845,-0.0006461536366835068,1.0020727444648485,1.2147719200367398e-08,0.0003633766181272575,0.0003549987732705635,0.0003549987732705635,0.17658785034832947,0.9989672143904543,1.2172898318100493e-08]"
/multi_agv/m2b_algorithm_state,1789558497.7670825,1789558497.7670825,m2b_algorithm_state_v1:header6+3x20,"[1.0,-0.15,0.52,1.921811901355227,0.10124120818965805,1789558497.7668955,1.9203917419448284,0.10106722425553209,0.0036904376666666654,0.0015648233902045903,0.0006837107829097183,0.00056572862192894,0.004584685874999997,1.9200705575262265,0.10346134092787858,-0.0003211844186019608,0.0023941166723464857,0.0023851331508362456,0.992563501990399,1.9305960463734947e-07,0.0019836526275837946,-0.00662154254538231,-0.00662154254538231,0.14191676884881915,1.0037664654097362,1.9162391727172945e-07,1.9213613765735995,0.10149035843610327,0.002796189458333334,-0.0009087347751889907,0.001648794245070695,0.0007483165448523843,-0.0017884964166666626,1.9207486178942816,0.10403748042675001,-0.0006127586793178708,0.0025471219906467446,0.0025370238853981196,0.9921478395243961,-1.2664343031407545e-07,0.0017710755362507812,-0.008406646505266673,-0.008406646505266673,0.12044628558823435,1.0039802956947883,-1.2564900577606838e-07,1.9206822169573,0.10116517607182206,0.0036904376666666654,0.0013512945410440575,0.0009677506758617336,0.0005105435354350965,0.0032930326916666636,1.9215000040408916,0.09956471925889733,0.0008177870835917034,-0.0016004568129247276,-0.0016045890558014394,1.0051949707186931,7.468125854688456e-08,-0.0005823552013118102,0.004123186330193144,0.004123186330193144,0.1766340261432337,0.9974247344753029,7.506922549827078e-08]"
/multi_agv/m2b_algorithm_state,1789558497.7773316,1789558497.7773316,m2b_algorithm_state_v1:header6+3x20,"[1.0,-0.15,0.52,1.922819392815948,0.10124144821459208,1789558497.7771888,1.9213918580525478,0.10106746751409504,0.0036904376666666654,0.0015645390327861269,0.0006837294006439172,0.0005658421995485326,0.004584685874999997,1.9212176935928067,0.10504731513875655,-0.0001741644597410552,0.003979847624661512,0.003955320121761558,0.9878608717385561,5.327541187018112e-07,0.0037376145470852393,-0.013699281789860341,-0.013699281789860341,0.1419150783824712,1.0062011422956658,5.262869481230774e-07,1.9223615080640635,0.10149070598007126,0.002796189458333334,-0.0009091737490093269,0.0016488201265092428,0.0007484933712395975,-0.0017884964166666626,1.921785017010272,0.10403748042675001,-0.0005764910537915391,0.002546774446678751,0.002536679118261547,0.9921489171507788,-1.2666986495595886e-07,0.001816065301022123,-0.008568040769862534,-0.008568040769862534,0.12044522401706688,1.0039797419959537,-1.2567536935168997e-07,1.92168233794907,0.10116545107480789,0.0036904376666666654,0.0013509654650482469,0.0009677718990589784,0.0005106751419320247,0.0032930326916666636,1.9223767304913923,0.0980028431490304,0.0006943925423223973,-0.0031626079257774803,-0.0031789344223955656,1.0104474186998693,2.918458465043763e-07,-0.002310943744492569,0.01086876310395524,0.01086876310395524,0.17663072498455415,0.9948641606121016,2.948948822586253e-07]"
/multi_agv/m2b_algorithm_state,1789558497.787222,1789558497.787222,m2b_algorithm_state_v1:header6+3x20,"[1.0,-0.15,0.52,1.923817772706897,0.10124174191818754,1789558497.787095,1.9223993272857187,0.10106759737408022,0.0036904376666666654,0.0015650478450444593,0.0006836731272291448,0.0005656509256484754,0.004584685874999997,1.9224103830194494,0.10661451633936002,1.1055733730724882e-05,0.0055469189652797984,0.0054998392769479345,0.9833845457244546,1.03394242730651e-06,0.005513658944111341,-0.02091687749635241,-0.02091687749635241,0.14189026025383997,1.008560193482234,1.0167630041820522e-06,1.9233690270995645,0.10149111953009668,0.002796189458333334,-0.0009104739607266972,0.0016489028508497316,0.0007490139465138185,-0.0017884964166666626,1.922646838372903,0.10229091516208055,-0.0007221887266615212,0.0007997956319838739,0.0007987867032642774,0.9974846872804357,-1.2526406554719226e-08,-0.0001039492050626241,-0.0009012215128093352,-0.0009012215128093352,0.1204296401673954,1.0012630765077504,-1.2494898724981708e-08,1.9226898240625605,0.10116562773959932,0.0036904376666666654,0.0013511653186715259,0.0009677680250730356,0.0005105905326574754,0.0032930326916666636,1.9232683823154502,0.09760060610231515,0.0005785582528896605,-0.0035650216372841714,-0.0035858300407041327,1.0118299460082254,3.709901928613845e-07,-0.002862632224592057,0.012966693624697158,0.012966693624697158,0.1765822722068857,0.9941970469364813,3.753789868125158e-07]"
/multi_agv/m2b_algorithm_state,1789558497.7970955,1789558497.7970955,m2b_algorithm_state_v1:header6+3x20,"[1.0,-0.15,0.52,1.9248174904172812,0.10124202365408745,1789558497.7969787,1.9233977030521445,0.10106786858274064,0.0036904376666666654,0.0015645210107439124,0.0006837110014758611,0.0005658595905000201,0.004584685874999997,1.9234859460140206,0.10612071460382766,8.824296187603942e-05,0.005052846021087021,0.005013632251927592,0.9847777554391836,8.580078641978355e-07,0.005123935954272641,-0.019248966481641216,-0.019248966481641216,0.14189176158146885,1.0078214290935184,8.449470586539123e-07,1.9243674128326063,0.10149143351858082,0.002796189458333334,-0.0009106353630903108,0.001648920377127716,0.0007490748011798332,-0.0017884964166666626,1.9235801181574534,0.10125993813139035,-0.0007872946751528165,-0.00023149538719047236,-0.00023158057539924743,1.0007366268669202,-1.050378321443161e-09,-0.001215698919340268,0.0035056588536703007,0.0035056588536703007,0.12043058070357496,0.9996321444118178,-1.0511520583351666e-09,1.9236882022359403,0.10116592365324117,0.0036904376666666654,0.0013506837569633016,0.0009677963036710978,0.0005107845656675395,0.0032930326916666636,1.9245142634693584,0.09835295372346609,0.0008260612334181072,-0.0028129699297750888,-0.002825852071831045,1.0092559857863748,2.3078287032789377e-07,-0.0017932755300584108,0.008905944087148189,0.008905944087148189,0.1765851958214053,0.9954413246948172,2.3291899329538752e-07]"
/multi_agv/m2b_algorithm_state,1789558497.8071532,1789558497.8071532,m2b_algorithm_state_v1:header6+3x20,"[1.0,-0.15,0.52,1.925813031373351,0.10124232711598209,1789558497.8069663,1.9243974136130821,0.10106811477643951,0.0036904376666666654,0.0015641553449354103,0.0006837366826605955,0.0005660047376882665,0.004584685874999997,1.9244669426299872,0.10463926365571107,6.952901690504554e-05,0.0035711488792715546,0.003551338939220923,0.9890562446541122,4.2898293349444756e-07,0.00363825021035223,-0.013136186931191923,-0.013136186931191923,0.14189150728414335,1.005578160910481,4.242882492227231e-07,1.9253671399989478,0.10149175843842036,0.002796189458333334,-0.0009109682593924587,0.0016489487449995455,0.000749204352998703,-0.0017884964166666626,1.924729784010579,0.10269423276406263,-0.0006373559883687818,0.001202474325642272,0.0012002006781774914,0.9962356462754636,-2.8322304559555343e-08,0.0004035056927165141,-0.0028925696655511994,-0.0028925696655511994,0.12043042099823457,1.0018943894184706,-2.8215689386899126e-08,1.924687917639814,0.1011661977474025,0.0036904376666666654,0.0013503081908851286,0.0009678215680698713,0.000510934221564157,0.0032930326916666636,1.925586808873585,0.09922961878623501,0.0008988912337710708,-0.0019365789611674872,-0.0019426443991220892,1.006309759008627,1.0928801765392343e-07,-0.0008190303569082507,0.005103489066411967,0.005103489066411967,0.1765846992955335,0.9968777415170047,1.0997759870785025e-07]"
/multi_agv/m2b_algorithm_state,1789558497.817056,1789558497.817056,m2b_algorithm_state_v1:header6+3x20,"[1.0,-0.15,0.52,1.9268109514746763,0.10124261187471527,1789558497.8169029,1.9253929555114524,0.1010684193267981,0.0036904376666666654,0.001563353075231482,0.0006838061202655505,0.0005663163745803497,0.004584685874999997,1.9253874790213088,0.10496580136553445,-5.476490143596635e-06,0.0038973820387363522,0.0038738460005471537,0.9881012735651992,5.105480490356475e-07,0.003867000387867658,-0.014124283141506449,-0.014124283141506449,0.14190605387952623,1.006075625666553,5.044731774683511e-07,1.9263626805087506,0.10149204061767883,0.002796189458333334,-0.0009108193361766839,0.0016489474061986975,0.000749140505090215,-0.0017884964166666626,1.9258193133896673,0.10316340433910703,-0.0005433671190833156,0.001671363721428204,0.001666986837066142,0.9947957590881832,-5.46888733188802e-08,0.0009877779382119975,-0.00519385506551215,-0.00519385506551215,0.12043955665513188,1.0026256262285582,-5.4404259246932916e-08,1.92568345809985,0.10116652140346935,0.0036904376666666654,0.0013496422910798085,0.0009678629166593785,0.000511201359382599,0.0032930326916666636,1.9265593323942787,0.09845705161061608,0.0008758742944285913,-0.002709469792853275,-0.002721412010374471,1.0089049982156364,2.1393243946281278e-07,-0.001626569142338732,0.008275622251793468,0.008275622251793468,0.17661310250703977,0.9956117568836802,2.1583750745449587e-07]"
/multi_agv/m2b_algorithm_state,1789558497.827008,1789558497.827008,m2b_algorithm_state_v1:header6+3x20,"[1.0,-0.15,0.52,1.9278109563666288,0.10124288017295983,1789558497.8268242,1.9263908714609892,0.10106868089407012,0.0036904376666666654,0.0015628422643059726,0.0006838529611141728,0.0005665134298771077,0.004584685874999997,1.9268174282786783,0.1066023618214062,0.00042655681768910547,0.005533680927336082,0.005486821650000594,0.983421907104951,1.0275689982878469e-06,0.006020017672111976,-0.022743470085545225,-0.022743470085545225,0.14191217054544925,1.0085403317848836,1.0105338639781585e-06,1.9273606061802666,0.10149234644729344,0.002796189458333334,-0.0009109852001088596,0.0016489641167709568,0.0007492037177345284,-0.0017884964166666626,1.9266897532264278,0.10189765878763293,-0.0006708529538388408,0.0004053123403394976,0.00040505245967197023,0.9987195975921331,-3.2196709873261978e-09,-0.0004335137326265808,0.00044756321485348244,0.00044756321485348244,0.1204433979132105,1.0006415975543952,-3.215548512841486e-09,1.926681376782773,0.10116680828278223,0.0036904376666666654,0.0013491669158308445,0.0009678980786752226,0.0005113891302669189,0.0032930326916666636,1.9275439366628804,0.09787717131776089,0.0008625598801073053,-0.003289636965021339,-0.003307317889718837,1.0108823361054264,3.1536448160577905e-07,-0.0022291180395847053,0.010632001375838454,0.010632001375838454,0.17662504660642814,0.9946539990145911,3.1879638389032674e-07]"
/multi_agv/m2b_algorithm_state,1789558497.8368905,1789558497.8368905,m2b_algorithm_state_v1:header6+3x20,"[1.0,-0.15,0.52,1.9288058874647709,0.10124317587723353,1789558497.8367684,1.927390867621112,0.10106890646989716,0.0036904376666666654,0.0015625716344184804,0.000683879699909484,0.0005666168327117247,0.004584685874999997,1.9280649398266905,0.10807552121161035,0.0006740722055784687,0.007006614741713185,0.006932331957508773,0.9793656844601051,1.6451109625200489e-06,0.007774922214481859,-0.02990903426047368,-0.02990903426047368,0.14191089831653014,1.010715410724663,1.6111652238212699e-06,1.9283606221650706,0.10149267021907221,0.002796189458333334,-0.0009114090458102386,0.0016489973953255355,0.0007493701383371187,-0.0017884964166666626,1.9277025600129623,0.10189765878763293,-0.0006580621521083962,0.0004049885685607213,0.0004047291034275519,0.9987206213206078,-3.2160207356116677e-09,-0.0004178485867079434,0.00039159312690934455,0.00039159312690934455,0.12044259897608645,1.0006410834579773,-3.211906227250043e-09,1.9276813793137038,0.10116706382991014,0.0036904376666666654,0.0013488505614325064,0.000967927441553152,0.0005115109882899028,0.0032930326916666636,1.928545847976662,0.09820402623616141,0.0008644686629581955,-0.0029630375937487324,-0.002977346804744672,1.0097660622498081,2.557394545246818e-07,-0.0018967609760469277,0.009330221433270182,0.009330221433270182,0.1766225622750102,0.9951939723739485,2.582370219573018e-07]"
/multi_agv/m2b_algorithm_state,1789558497.8471525,1789558497.8471525,m2b_algorithm_state_v1:header6+3x20,"[1.0,-0.15,0.52,1.9298114546990348,0.10124340240128527,1789558497.8470054,1.9283857998458567,0.10106920467026409,0.0036904376666666654,0.001561762573578599,0.0006839589384415748,0.0005669263152177026,0.004584685874999997,1.9292040085199158,0.1080815907153915,0.0008182086740591288,0.007012386045127411,0.0069379844369667305,0.9793501651634929,1.6469587906176087e-06,0.007960745279540642,-0.030588258053073598,-0.030588258053073598,0.14192761092743145,1.0107238073011893,1.6129493636088215e-06,1.9293555523401087,0.10149294196186287,0.002796189458333334,-0.0009112398663398422,0.0016489946260132005,0.0007492982538880588,-0.0017884964166666626,1.9287087309567459,0.10236394386618414,-0.0006468213833628056,0.0008710019043212669,0.0008698060032252565,0.9972630377641841,-1.4867777517507016e-08,6.127927402174954e-05,-0.0015224576014062552,-0.0015224576014062552,0.12045309406184519,1.0013749055439671,-1.4827084971911087e-08,1.9286763102083475,0.10116738099957359,0.0036904376666666654,0.0013481772188810534,0.0009679757135966031,0.0005117777508811538,0.0032930326916666636,1.929647040774855,0.09822030835640416,0.0009707305665074273,-0.0029470726431694294,-0.0029612263133472036,1.0097116617669908,2.528617447392802e-07,-0.0017478131052129195,0.008799790398447888,0.008799790398447888,0.17665519973228988,0.9952203348612773,2.553174524779993e-07]"
/multi_agv/m2b_algorithm_state,1789558497.8570166,1789558497.8570166,m2b_algorithm_state_v1:header6+3x20,"[1.0,-0.15,0.52,1.930806046515719,0.10124369372572946,1789558497.8568904,1.929391346273759,0.10106933626783526,0.0036904376666666654,0.001562130228736983,0.0006839307353061921,0.0005667816259529387,0.004584685874999997,1.9300638323090251,0.10635880200737463,0.00067248603526604,0.005289465739539367,0.005246571697262091,0.9841088011170172,9.386269205342657e-07,0.006087179241344641,-0.022856392200730522,-0.022856392200730522,0.1419066224991679,1.008175632537274,9.23711013463134e-07,1.9303611452468603,0.10149331587584695,0.002796189458333334,-0.0009123523504324929,0.0016490716434758301,0.0007497404236850858,-0.0017884964166666626,1.9297269857448685,0.10236394386618414,-0.00063415950199186,0.0008706279903371861,0.000869433118491003,0.9972642149994604,-1.4873129306838612e-08,7.6733741001178e-05,-0.0015784315084123703,-0.0015784315084123703,0.12043991374580457,1.0013743113998888,-1.4832439622769876e-08,1.9296818725764857,0.10116755506017355,0.0036904376666666654,0.001348283616846554,0.0009679884564616995,0.0005117250073100391,0.0032930326916666636,1.9305984539730872,0.09771170303210662,0.0009165813966014458,-0.003455852028066933,-0.0034753890048716376,1.0114533809206963,3.4784613643809735e-07,-0.0023296622591198303,0.011051751704264643,0.011051751704264643,0.1766142128172538,0.9943784776963618,3.5183015074051533e-07]"
/multi_agv/m2b_algorithm_state,1789558497.8670712,1789558497.8670712,m2b_algorithm_state_v1:header6+3x20,"[1.0,-0.15,0.52,1.9318091947235108,0.10124392862046616,1789558497.8669248,1.9303859391011469,0.10106963512746796,0.0036904376666666654,0.0015612797224870147,0.0006840149241226887,0.0005671064983295528,0.004584685874999997,1.930782824497659,0.10544931745845045,0.0003968853965121699,0.004379682330982487,0.0043500701596957065,0.9867031049794283,6.436248583161722e-07,0.004846176905335919,-0.017899297103534405,-0.017899297103534405,0.14192453679812939,1.0068072859056718,6.350666461425117e-07,1.9313557363955483,0.10149357509402189,0.002796189458333334,-0.000912127719977722,0.0016490696394872995,0.0007496441048772812,-0.0017884964166666626,1.930542718208703,0.10275584150323756,-0.0008130181868453157,0.0012622664092156732,0.001259762228600606,0.9960512609993211,-3.1247048766611295e-08,0.0002434894950439615,-0.002350571437315433,-0.002350571437315433,0.1204511636422844,1.001987820049065,-3.1123662326490464e-08,1.9306764640504623,0.10116787095569854,0.0036904376666666654,0.001347586175689303,0.0009680397471062202,0.000512000645465166,0.0032930326916666636,1.9312290561990961,0.09736935117137205,0.0005525921486337904,-0.003798519784326493,-0.003822183980801457,1.0126373780824331,4.2012104505926384e-07,-0.003131443795009219,0.013997745172009862,0.013997745172009862,0.17664919607959814,0.9938087238621092,4.254302735460647e-07]"
/multi_agv/m2b_algorithm_state,1789558497.8771594,1789558497.8771594,m2b_algorithm_state_v1:header6+3x20,"[1.0,-0.15,0.52,1.932813148967304,0.10124415596814439,1789558497.8769507,1.9313890706829835,0.10106979835260223,0.0036904376666666654,0.0015613844650682182,0.0006840132474771102,0.0005670619728894849,0.004584685874999997,1.931897049997963,0.10655406140498813,0.0005079793149795897,0.005484263052385904,0.00543822031407823,0.9835608017121149,1.0083916107624214e-06,0.006073194457802717,-0.022910804212185075,-0.022910804212185075,0.14191212257954156,1.0084665084620572,9.91814461121258e-07,1.9323589052583348,0.10149391703679882,0.002796189458333334,-0.0009129429362450671,0.0016491316044717763,0.0007499652489979941,-0.0017884964166666626,1.931564758943314,0.10275584150323756,-0.0007941463150207273,0.0012619244664387463,0.0012594216475476782,0.9960523337222605,-3.125799261408358e-08,0.00026673875377176905,-0.0024341295915970085,-0.0024341295915970085,0.12044336780347874,1.0019872763787583,-3.113459649073113e-08,1.9316796082292143,0.10116807047199741,0.0036904376666666654,0.0013475206690151099,0.0009680630217925425,0.0005120169375130573,0.0032930326916666636,1.9322522805047249,0.0979696292407724,0.0005726722755106106,-0.0031984412312250077,-0.0032151437051117287,1.0105696681393257,2.977388236622207e-07,-0.0024993033607234654,0.011540917464623426,0.011540917464623426,0.17662495295234903,0.994805061478227,3.008858242205236e-07]"
/multi_agv/m2b_algorithm_state,1789558497.8869734,1789558497.8869734,m2b_algorithm_state_v1:header6+3x20,"[1.0,-0.15,0.52,1.9338112335983177,0.10124441680039183,1789558497.8868947,1.9323930062240051,0.10106995041031164,0.0036904376666666654,0.0015615494726404174,0.0006840036815960015,0.0005669954285925482,0.004584685874999997,1.9330886117016637,0.10811733864367187,0.0006956054776585674,0.0070473882333602356,0.006972262957736894,0.979255782860082,1.6631597879941327e-06,0.007841769804810102,-0.030175645240780032,-0.030175645240780032,0.1418968542412483,1.0107748769773488,1.6286588402136024e-06,1.9333628829006118,0.10149425862491407,0.002796189458333334,-0.0009138178077880438,0.0016492017999232278,0.0007503079703090471,-0.0017884964166666626,1.9326909095920275,0.10228208576535666,-0.0006719733085842616,0.0007878271404425929,0.0007868481348075594,0.9975220955175402,-1.2198878443983041e-08,-5.311850092276768e-05,-0.0010801163734948235,-0.0010801163734948235,0.1204337791030381,1.001244211674052,-1.2168650788405713e-08,1.9326835577772952,0.10116825886920745,0.0036904376666666654,0.001347499732798098,0.0009680836694965335,0.0005120152763948777,0.0032930326916666636,1.9332679076683144,0.09748902626313428,0.0005843498910191869,-0.0036792326060731684,-0.003701413865153098,1.012224128558259,3.9409312974419174e-07,-0.002970976501379114,0.013388290692374323,0.013388290692374323,0.17659513927043335,0.9940073550572783,3.9891057482611137e-07]"
/multi_agv/m2b_algorithm_state,1789558497.897078,1789558497.897078,m2b_algorithm_state_v1:header6+3x20,"[1.0,-0.15,0.52,1.9348134038224183,0.10124464904166246,1789558497.8969502,1.9333910837057504,0.10107019177987862,0.0036904376666666654,0.0015610558650959692,0.0006840546746751377,0.0005671828667987152,0.004584685874999997,1.9342926110670706,0.106694450417148,0.000901527361320209,0.005624258637269383,0.005575887270094051,0.9831685842437946,1.060185054107723e-06,0.0067027964717443125,-0.025263849401910465,-0.025263849401910465,0.14190238704486985,1.008675097761529,1.0423406386835206e-06,1.9343609770344679,0.1014945360991196,0.002796189458333334,-0.0009139671784868936,0.0016492303084507665,0.0007503578961832874,-0.0017884964166666626,1.9338377026425158,0.10420887201570374,-0.0005232743919520999,0.00271433591658414,0.0027028836929640057,0.9916488873166956,-1.4462419326673382e-07,0.002048790703023881,-0.009487021104530226,-0.009487021104530226,0.12043725384096474,1.0042370390002153,-1.4341642033203134e-07,1.9336816400547345,0.10116852252217728,0.0036904376666666654,0.0013470452647723597,0.0009681252299705628,0.0005121906563118465,0.0032930326916666636,1.9343671809000846,0.09684907543627691,0.0006855408453501077,-0.004319447085900374,-0.004350166542395582,1.0144542602436586,5.432095948523604e-07,-0.0034932404857079477,0.015467415116366652,0.015467415116366652,0.17660594247960942,0.9929383263385839,5.510612877032087e-07]"
/multi_agv/m2b_algorithm_state,1789558497.9070597,1789558497.9070597,m2b_algorithm_state_v1:header6+3x20,"[1.0,-0.15,0.52,1.9358136758372257,0.10124489014731329,1789558497.9069288,1.9343932381838056,0.10107036733662848,0.0036904376666666654,0.0015610163807985517,0.0006840650260690583,0.0005671946011576359,0.004584685874999997,1.9352039815457793,0.10445198503215963,0.0008107433619737314,0.00338161769553115,0.0033638296248850066,0.9896147995290908,3.8393678790153605e-07,0.004377258827352171,-0.015698117636601727,-0.015698117636601727,0.14189344202287388,1.0052880414972716,3.799495273910217e-07,1.9353631671932818,0.10149485055357495,0.002796189458333334,-0.0009146079210673912,0.0016492901125901849,0.0007506045357374563,-0.0017884964166666626,1.9349941846088021,0.10469970597965482,-0.00036898258447970456,0.0032048554260798723,0.0031889496621156175,0.9901952097271169,-2.0168465447470438e-07,0.002727721431515987,-0.012161158516382713,-0.012161158516382713,0.12043163610727634,1.00498777517664,-1.9970717873632102e-07,1.9346838060901679,0.10116872923478396,0.0036904376666666654,0.0013468920771998482,0.000968153795524185,0.0005122422023429523,0.0032930326916666636,1.9353735018360623,0.09742128932231983,0.000689695745894392,-0.0037474399124641233,-0.0037704628526101206,1.0124601744274837,4.08672650014172e-07,-0.0029083431702421306,0.013195600573249172,0.013195600573249172,0.17658847686211118,0.9938938689901003,4.137647825170906e-07]"
/multi_agv/m2b_algorithm_state,1789558497.917027,1789558497.917027,m2b_algorithm_state_v1:header6+3x20,"[1.0,-0.15,0.52,1.9368118442504807,0.10124514095753841,1789558497.916901,1.935393497973051,0.10107057085979622,0.0036904376666666654,0.001560758390000909,0.0006840954766294419,0.0005672905943750914,0.004584685874999997,1.9361058070484682,0.10385936173652814,0.0007123090754173056,0.0027887908767319225,0.0027766383407980912,0.9913770163553859,2.6119634507719817e-07,0.0036670246850697232,-0.01284949304073535,-0.01284949304073535,0.14189122364441642,1.0043767082501418,2.589440532655645e-07,1.9363634549692084,0.10149514073669691,0.002796189458333334,-0.0009150043074665527,0.0016493373959478586,0.0007507517681508424,-0.0017884964166666626,1.9359022776117858,0.10319436602225805,-0.0004611773574225708,0.0016992252855611428,0.0016947024090806849,0.9947109147323315,-5.678515792230726e-08,0.0011182307123024714,-0.005676891754739981,-0.005676891754739981,0.12043024287071045,1.0026688322718036,-5.648481638011816e-08,1.935684074569418,0.10116895884544676,0.0036904376666666654,0.001346596396691002,0.0009681896023640228,0.0005123517468106679,0.0032930326916666636,1.9363852979136642,0.097903851808586,0.0007012233442462712,-0.0032651070368607538,-0.003282521549843613,1.010797912035515,3.100789770582031e-07,-0.002405992369535774,0.011239816464622373,0.011239816464622373,0.17658414557639535,0.994694775733098,3.134271825765401e-07]"
/multi_agv/m2b_algorithm_state,1789558497.9270473,1789558497.9270473,m2b_algorithm_state_v1:header6+3x20,"[1.0,-0.15,0.52,1.9378116752804067,0.10124537808041773,1789558497.926869,1.9363916581289935,0.10107080320090525,0.0036904376666666654,0.0015602770055766725,0.0006841482761557936,0.0005674717945976291,0.004584685874999997,1.937186051371865,0.10499845629624113,0.0007943932428715605,0.003927653095335881,0.0039037563155303497,0.9880134268466655,5.174716440611176e-07,0.0048967478691198,-0.017847749105331673,-0.017847749105331673,0.14189645910662493,1.0061214834825787,5.112689323448028e-07,1.9373616343194828,0.10149540715284547,0.002796189458333334,-0.0009151516715242155,0.0016493702070063954,0.0007507985859211835,-0.0017884964166666626,1.9362019733347704,0.10233744303663286,-0.0011596609847124295,0.0008420358837873954,0.0008409179936389457,0.997353273244795,-1.3955118908668219e-08,-0.0006086582372515912,0.0008720604082457699,0.0008720604082457699,0.1204335309401889,1.0013293688051699,-1.3918183522080579e-08,1.9366822403029658,0.1011692125188645,0.0036904376666666654,0.0013461530324776305,0.0009682337695276272,0.0005125209576483558,0.0032930326916666636,1.9373347428587953,0.09718186397271994,0.0006525025558294928,-0.003987348546144562,-0.004013460494283608,1.0132934051973572,4.624882133006358e-07,-0.003197832299496742,0.014303405580778448,0.014303405580778448,0.17659436773545545,0.9934939067729115,4.686362565190429e-07]"
/multi_agv/m2b_algorithm_state,1789558497.937035,1789558497.937035,m2b_algorithm_state_v1:header6+3x20,"[1.0,-0.15,0.52,1.9388113003912233,0.10124561329975197,1789558497.9368906,1.9373914772561578,0.10107100607267534,0.0036904376666666654,0.0015599901424982305,0.0006841851926830947,0.0005675769393919727,0.004584685874999997,1.9381515658009991,0.10533912939181604,0.0007600885448413308,0.004268123319140699,0.0042399771118139685,0.9870253746120906,6.107986961005982e-07,0.005190087792865632,-0.019081457597267846,-0.019081457597267846,0.14189580324887135,1.006638292279528,6.028738118312694e-07,1.9383614806666916,0.10149568764618358,0.002796189458333334,-0.0009155069624221948,0.0016494161588544998,0.0007509286972975648,-0.0017884964166666626,1.937223271440755,0.10233744303663286,-0.0011382092259366594,0.0008417553904492836,0.000840638246830667,0.9973541565579982,-1.3951222325617527e-08,-0.0005821232855901572,0.0007773526091094901,0.0007773526091094901,0.1204331190505034,1.0013289231400408,-1.3914309575519382e-08,1.9376820679183708,0.10116944052239425,0.0036904376666666654,0.0013458382325323395,0.0009682734483299265,0.0005126367755420602,0.0032930326916666636,1.937908942664914,0.09740202404531717,0.00022687474654325968,-0.003767416477077082,-0.0037906887992004753,1.0125292782620896,4.12721965024478e-07,-0.0035070953660214007,0.015298899519243996,0.015298899519243996,0.17659308719862873,0.9938606613847324,4.1789307336914614e-07]"
/multi_agv/m2b_algorithm_state,1789558497.947263,1789558497.947263,m2b_algorithm_state_v1:header6+3x20,"[1.0,-0.15,0.52,1.9398212075840167,0.10124578171724836,1789558497.9471576,1.9383910905820654,0.1010712091983126,0.0036904376666666654,0.001559684573780707,0.0006842250406796861,0.0005676886674544769,0.004584685874999997,1.9391637241143436,0.10425254729125924,0.0007726335322781885,0.0031813380929466423,0.003165570852400424,0.9902075034131251,3.39566457202531e-07,0.00413136276774816,-0.014714417893537191,-0.014714417893537191,0.1418958770659953,1.0049808522005634,3.36241253829358e-07,1.9393611209632473,0.10149596263533063,0.002796189458333334,-0.0009158368599954374,0.0016494617160722758,0.0007510480067359632,-0.0017884964166666626,1.9384370897104424,0.10482513947646098,-0.0009240312528049355,0.003329176841130349,0.003312029645494843,0.9898295877010385,-2.179061058574431e-07,0.0021569905794886737,-0.010174162109212345,-0.010174162109212345,0.12043316540030855,1.0051772470270095,-2.1568991091841174e-07,1.938681689628357,0.1011696680656127,0.0036904376666666654,0.0013455117844805402,0.0009683148105141259,0.0005127567667704033,0.0032930326916666636,1.9389192854064408,0.0976902569963229,0.00023759577808379895,-0.003479411069289798,-0.0034992182732927063,1.011534179711834,3.518818758926424e-07,-0.0032022235506879576,0.014116975215147494,0.014116975215147494,0.1765932313168571,0.994339534588601,3.559405446865254e-07]"
/multi_agv/m2b_algorithm_state,1789558497.957172,1789558497.957172,m2b_algorithm_state_v1:header6+3x20,"[1.0,-0.15,0.52,1.9408131300109333,0.10124605945981292,1789558497.9570374,1.939400964585666,0.10107125422229248,0.0036904376666666654,0.0015604920187852478,0.0006841596810240871,0.0005673726739494899,0.004584685874999997,1.9405311171883937,0.10323552392493582,0.001130152602727641,0.0021642697026433427,0.0021569158964472443,0.9932601296995646,1.5735713383088625e-07,0.0035696066498567955,-0.012188089100744441,-0.012188089100744441,0.14191798557353708,1.0034094079459526,1.562965671580178e-07,1.9403710695128173,0.10149633202453659,0.002796189458333334,-0.000917376648097437,0.0016495857864025076,0.0007516509218646467,-0.0017884964166666626,1.9394811250380972,0.10482513947646098,-0.0008899444747201279,0.00332880745192439,0.0033116640999050462,0.989830724840905,-2.1822373013746769e-07,0.0021992335065048863,-0.010327201789614056,-0.010327201789614056,0.1204470964802693,1.00517665786812,-2.1600455297945567e-07,1.9396915886535662,0.10116975890491606,0.0036904376666666654,0.001345926747833192,0.0009683205498261299,0.000512573914673767,0.0032930326916666636,1.94005301427328,0.09943248848882613,0.0003614256197137511,-0.0017372704160899255,-0.0017421440595254206,1.0056474117318703,8.765175722663061e-08,-0.0012903620348832317,0.006675409898948376,0.006675409898948376,0.17663655346972176,0.9972025026237942,8.814676278871134e-08]"
/multi_agv/m2b_algorithm_state,1789558497.9671383,1789558497.9671383,m2b_algorithm_state_v1:header6+3x20,"[1.0,-0.15,0.52,1.9418199110487873,0.10124624148081633,1789558497.967067,1.9403928900691099,0.10107157612189854,0.0036904376666666654,0.0015592994542301553,0.0006842782010445076,0.0005678279565205611,0.004584685874999997,1.9415381849697204,0.10334726455598674,0.0011452949006105495,0.002275688434088194,0.0022675648801837723,0.9929222031745403,1.7382829462104767e-07,0.0036991835059469592,-0.012708621695694726,-0.012708621695694726,0.14189065026449546,1.0035825012000377,1.7259797326920375e-07,1.941362989491704,0.10149651689381581,0.002796189458333334,-0.0009167250449537614,0.0016495784423120607,0.0007513723020086405,-0.0017884964166666626,1.940387697913849,0.10381911053738753,-0.0009752915778549198,0.0023225936435717215,0.0023141837131279864,0.992822149108275,-1.0624104753834192e-07,0.0010950692408093366,-0.005888150316309355,-0.005888150316309355,0.12042988574201303,1.0036340807326691,-1.0547846514053103e-07,1.940683510471986,0.10117008536372443,0.0036904376666666654,0.0013450204521389454,0.0009683886293129782,0.0005129313497902136,0.0032930326916666636,1.9413009493821993,0.0981358657573419,0.0006174389102133748,-0.003034219606382532,-0.0030492320107617502,1.010008261449556,2.6742151821587656e-07,-0.0022774333729950317,0.010692515415575529,0.010692515415575529,0.1765830357071897,0.9950766605078806,2.700979426874183e-07]"
/multi_agv/m2b_algorithm_state,1789558497.9771307,1789558497.9771307,m2b_algorithm_state_v1:header6+3x20,"[1.0,-0.15,0.52,1.9428121203291313,0.10124651110243206,1789558497.9769528,1.9413996438568897,0.10107166478346138,0.0036904376666666654,0.0015597609060538798,0.0006842469997586857,0.0005676441691264631,0.004584685874999997,1.94272753881506,0.10460929097781578,0.001327894958170317,0.0035376261943543957,0.003518182411775263,0.9891553290296424,4.1978830666464004e-07,0.005178051109488159,-0.018656803388039128,-0.018656803388039128,0.14191590263310258,1.0055266556145739,4.1523584060165846e-07,1.9423698047239208,0.1014968474868766,0.002796189458333334,-0.0009178763920400495,0.001649681025400529,0.0007518180181807915,-0.0017884964166666626,1.9414261428569481,0.10381911053738753,-0.0009436618669727004,0.0023222630505109337,0.00231385553087777,0.9928231761905372,-1.0634406531265353e-07,0.0011342781971618947,-0.006029458879849479,-0.006029458879849479,0.12044578508956852,1.0036335542651507,-1.055808526927226e-07,1.9416902845655515,0.10117021217211102,0.0036904376666666654,0.001345207807075617,0.0009684071511077974,0.0005128405080262808,0.0032930326916666636,1.9421748562752437,0.09698831726823376,0.0004845717096921831,-0.004181894903877256,-0.004210658649274964,1.0139721672572162,5.084217235504103e-07,-0.0036049440121597347,0.015802397161530982,0.015802397161530982,0.17663247501578305,0.9931688251664239,5.155254769090587e-07]"
/multi_agv/m2b_algorithm_state,1789558497.9869924,1789558497.9869924,m2b_algorithm_state_v1:header6+3x20,"[1.0,-0.15,0.52,1.9438114631330297,0.10124673271646628,1789558497.9868743,1.9423918551562211,0.10107197536482763,0.0036904376666666654,0.0015586173810396135,0.0006843645970571628,0.0005680786749697906,0.004584685874999997,1.9441661504253225,0.10456185468433335,0.0017742952691013336,0.003489879319505715,0.0034709500629833464,0.9892958741569786,4.0824808297479235e-07,0.005688819149360013,-0.02046813706709438,-0.02046813706709438,0.14188958315352035,1.0054536239873466,4.0387814411945793e-07,1.9433620127612685,0.10149702996286361,0.002796189458333334,-0.00091726876840464,0.0016496772964120776,0.000751556581294624,-0.0017884964166666626,1.9428150850663433,0.10404981369732574,-0.0005469276949252588,0.002552783734462133,0.002542642050860559,0.9921316194622603,-1.2839722486650713e-07,0.0018589824322039856,-0.008732708398610949,-0.008732708398610949,0.12042921384475712,1.003988639925994,-1.2738694664126772e-07,1.9426824930699038,0.10117052797960496,0.0036904376666666654,0.0013443338647493607,0.0009684764299580989,0.0005131832953064368,0.0032930326916666636,1.943468170785346,0.09700605067815986,0.0007856777154422456,-0.004164477301445105,-0.004192998095591336,1.0139112072825858,5.038616359727169e-07,-0.003210900951288529,0.014417204294642813,0.014417204294642813,0.1765809467227357,0.9931979949677966,5.108709596324761e-07]"
/multi_agv/m2b_algorithm_state,1789558497.9970834,1789558497.9970834,m2b_algorithm_state_v1:header6+3x20,"[1.0,-0.15,0.52,1.9448212677065362,0.10124688635003731,1789558497.9970353,1.9433911854574797,0.10107216919979889,0.0036904376666666654,0.001558295607478563,0.0006844116672339862,0.0005681936703146564,0.004584685874999997,1.945071093049594,0.10311165551545248,0.001679907592114338,0.0020394863156535936,0.0020329499462667464,0.9936397451691967,1.39550725520976e-07,0.004132834436409669,-0.014141660225026111,-0.014141660225026111,0.14188902773984166,1.0032152141270623,1.386631473448391e-07,1.9443613716862578,0.10149728464721126,0.002796189458333334,-0.0009175556672413186,0.0016497256596847976,0.0007516557922349343,-0.0017884964166666626,1.943834449465139,0.10394499052917598,-0.0005269222211188307,0.002447705881964718,0.0024383744921648133,0.992446422784441,-1.1809066180156608e-07,0.001779721715766275,-0.008398877587955324,-0.008398877587955324,0.12042886372533515,1.0038268895241027,-1.1719865486921148e-07,1.943681832255351,0.1011707443023887,0.0036904376666666654,0.0013440001243443136,0.0009685233933077741,0.0005133035338019468,0.0032930326916666636,1.9446233000028403,0.09914528763913232,0.0009414677474892663,-0.002025456663256389,-0.002032095650754079,1.0066055439743442,1.1899562411776511e-07,-0.000855260966392496,0.005263387233772447,0.005263387233772447,0.17657985815793417,0.9967329355312454,1.1978165494562954e-07]"
/multi_agv/m2b_algorithm_state,1789558498.0070362,1789558498.0070362,m2b_algorithm_state_v1:header6+3x20,"[1.0,-0.15,0.52,1.9458073716669422,0.1012471839776987,1789558498.0068502,1.9444009557741124,0.10107220198904394,0.0036904376666666654,0.0015591078806759234,0.0006843516747428331,0.0005678727920107622,0.004584685874999997,1.9460020680689427,0.10203536615132425,0.001601112294830287,0.0009631641622803028,0.0009616944367067701,0.9969592521531803,3.1164489357762226e-08,0.0029630848052446287,-0.009430336958472925,-0.009430336958472925,0.14192446531540123,1.0015282666899537,3.106972600385037e-08,1.9453712189660226,0.10149763564228946,0.002796189458333334,-0.0009190753283620217,0.001649853778459276,0.0007522478767564567,-0.0017884964166666626,1.9448929577265448,0.1041577595342969,-0.0004782612394778063,0.0026601238920074405,0.0026491204843367656,0.9918109328086857,-1.3968494281854916e-07,0.0020512939349895077,-0.009474966996166177,-0.009474966996166177,0.12045117601003166,1.0041536078618294,-1.3854105343619317e-07,1.9446916283794735,0.10117082141877852,0.0036904376666666654,0.0013444216634625802,0.0009685341093367055,0.0005131152424827545,0.0032930326916666636,1.94561036659214,0.09794429574798277,0.0009187382126665256,-0.0032265256707957463,-0.00324352571297587,1.0106654439301375,3.022952529987737e-07,-0.002095102947142713,0.010131168876858967,0.010131168876858967,0.17664924154599157,0.99475877681126,3.055193660699788e-07]"
/multi_agv/m2b_algorithm_state,1789558498.0168784,1789558498.0168784,m2b_algorithm_state_v1:header6+3x20,"[1.0,-0.15,0.52,1.9468074359805614,0.10124739130425231,1789558498.0167708,1.9453870731353131,0.10107259544484484,0.0036904376666666654,0.0015573240131047088,0.0006845323893209349,0.0005685520292219498,0.004584685874999997,1.9471372280593167,0.10398764223054036,0.0017501549240035441,0.002915046785695513,0.0029017820804149407,0.9909999095310006,2.847238827943136e-07,0.005089475735419371,-0.018017152239779642,-0.018017152239779642,0.1419010164595681,1.0045712272365661,2.8216134209048e-07,1.9463573078698724,0.10149775012871311,0.002796189458333334,-0.0009177535932547685,0.0016498086087906039,0.0007516984530432508,-0.0017884964166666626,1.9459168469847534,0.10371147553621884,-0.000440460885118954,0.002213725407505737,0.002206079204163506,0.9931501731099447,-9.663025949628208e-08,0.0016555030977648136,-0.007842896423573938,-0.007842896423573938,0.12043639309108949,1.0034659695480563,-9.596835894639143e-08,1.945677733995641,0.10117120635953812,0.0036904376666666654,0.0013431251523322143,0.0009686266511367845,0.0005136290962794118,0.0032930326916666636,1.9464683417191315,0.0965349424714122,0.0007906077234904885,-0.004636263888125922,-0.004671737875790737,1.0155688456213972,6.241098231403851e-07,-0.0036834782214276267,0.016250688356556617,0.016250688356556617,0.1766032663157109,0.9924066827788767,6.338264926276552e-07]"
/multi_agv/m2b_algorithm_state,1789558498.0269744,1789558498.0269744,m2b_algorithm_state_v1:header6+3x20,"[1.0,-0.15,0.52,1.9478126346232099,0.10124756402265173,1789558498.0268097,1.9463871227855796,0.10107276587260146,0.0036904376666666654,0.0015571239100226866,0.0006845748011306435,0.0005686167083980923,0.004584685874999997,1.9480294620204412,0.10516738886100319,0.0016423392348616783,0.004094622988401728,0.004068684945730998,0.9875281961717362,5.61188834583113e-07,0.006121608989308096,-0.02234707138889907,-0.02234707138889907,0.14189953390304183,1.0063750432920457,5.541897975275804e-07,1.9473573907521908,0.10149800651380798,0.002796189458333334,-0.0009181599581602473,0.0016498643148885606,0.0007518456286670083,-0.0017884964166666626,1.946423323501455,0.10287655769667488,-0.0009340672507358594,0.001378551182866894,0.0013755671771172816,0.9956934719754202,-3.751197893332225e-08,0.0002079831136974574,-0.002283049569754453,-0.002283049569754453,0.1204354619950465,1.0021692911834854,-3.735043254478845e-08,1.9466777944039135,0.1011714015263475,0.0036904376666666654,0.001342870602933885,0.0009686745388728379,0.0005137145276622244,0.0032930326916666636,1.947106445262749,0.0976069271183823,0.0004286508588353666,-0.0035644744079652013,-0.0035852747346607062,1.0118271514259238,3.68589563224659e-07,-0.003049461161116498,0.013612826235382668,0.013612826235382668,0.17660037143100993,0.9941984008939629,3.7294892780293216e-07]"
/multi_agv/m2b_algorithm_state,1789558498.0368738,1789558498.0368738,m2b_algorithm_state_v1:header6+3x20,"[1.0,-0.15,0.52,1.9488075262723321,0.10124779835923797,1789558498.0367439,1.9473922959543137,0.10107285706737308,0.0036904376666666654,0.0015574734300525415,0.0006845649719611656,0.0005684703218324619,0.004584685874999997,1.9491000480320742,0.10494101343264953,0.001707752077760416,0.0038681563652764456,0.0038449682404591164,0.9881872521604077,5.010295776699373e-07,0.005979658337659637,-0.02171524344239597,-0.02171524344239597,0.14189766759468347,1.006030771482929,4.951110416087449e-07,1.94836262122347,0.10149830733173236,0.002796189458333334,-0.0009191610998099424,0.0016499598007799765,0.0007522299272418875,-0.0017884964166666626,1.9474087295169566,0.10241865511829097,-0.0009538917065132768,0.0009203477865586118,0.0009190131387233466,0.9971098153903125,-1.6743439680986538e-08,-0.0002733514944182494,-0.00036097225232741687,-0.00036097225232741687,0.1204343041277309,1.0014522619743165,-1.669504804930732e-08,1.9476829866918461,0.10117152766884975,0.0036904376666666654,0.00134298352379258,0.0009687048780413383,0.0005136498030510602,0.0032930326916666636,1.9483157002347806,0.1001654621555879,0.0006327135429344821,-0.0010060655132618501,-0.001007690937970872,1.0032435131557218,2.9316309208655342e-08,-0.00021679900930276943,0.0025610893732895858,0.0025610893732895858,0.1765967732827799,0.998386980920663,2.9411397043250824e-08]"
/multi_agv/m2b_algorithm_state,1789558498.0472212,1789558498.0472212,m2b_algorithm_state_v1:header6+3x20,"[1.0,-0.15,0.52,1.9498169786084059,0.1012479387651198,1789558498.0471094,1.9483871827680288,0.10107310582804367,0.0036904376666666654,0.0015566800942927138,0.0006846603354181628,0.0005687645998674911,0.004584685874999997,1.95007781244057,0.10363676800648558,0.0016906296725411885,0.0025636621784419084,0.00255337529255457,0.99205293704873,2.2018582087878643e-07,0.004666662383231056,-0.016320953075252508,-0.016320953075252508,0.14189670466742982,1.004028740278538,2.1843599029928565e-07,1.9493575197635868,0.10149850159459288,0.002796189458333334,-0.0009189085432229609,0.0016499804737635237,0.0007521097060647075,-0.0017884964166666626,1.9484964400268805,0.1033001939182362,-0.0008610797367063494,0.0018016923236433141,0.0017966117130655747,0.9943987988094661,-6.410678093432406e-08,0.000720262042182638,-0.0043071442350396,-0.0043071442350396,0.12043368516034315,1.0028278845900822,-6.374770595663344e-08,1.9486778762853814,0.10117178765507738,0.0036904376666666654,0.0013423419575750882,0.0009687710161135898,0.0005138934979117614,0.0032930326916666636,1.9493220555488449,0.09928891801956308,0.0006441792634634957,-0.0018828696355143032,-0.0018886005502893202,1.006130595932669,1.0269426294450797e-07,-0.0010833764709599506,0.006004305840093243,0.006004305840093243,0.1765948471907494,0.9969655230831427,1.03323839975224e-07]"
/multi_agv/m2b_algorithm_state,1789558498.0569224,1789558498.0569224,m2b_algorithm_state_v1:header6+3x20,"[1.0,-0.15,0.52,1.950807778816955,0.10124819315697929,1789558498.0567768,1.94939660030809,0.10107312799927792,0.0036904376666666654,0.0015574907309170148,0.0006846075486038657,0.0005684406826908322,0.004584685874999997,1.9510197483445053,0.103744729746035,0.0016231480364152784,0.0026716017467570824,0.0026604395478890676,0.9917285644796542,2.392224133622737e-07,0.004689374593408166,-0.016456992617683262,-0.016456992617683262,0.14191554872229883,1.0041956220643584,2.372437005951261e-07,1.9503670153858794,0.10149883539211065,0.002796189458333334,-0.0009204028177478346,0.0016501103324211286,0.0007526898809724902,-0.0017884964166666626,1.9495740620878268,0.10360507378395581,-0.0007929532980526233,0.002106238391845164,0.002099311123007754,0.9934748304967402,-8.773342025809746e-08,0.001108119500441975,-0.005836953729908381,-0.005836953729908381,0.12044556225972824,1.0032997818958271,-8.716094481981265e-08,1.9496873201312477,0.10117185290397088,0.0036904376666666654,0.0013427643753395235,0.0009687875041444419,0.0005137018231956615,0.0032930326916666636,1.9502317357384396,0.09831904466939255,0.0005444156071918727,-0.0028528082345783273,-0.002866060761989844,1.0093905289081848,2.359739204605313e-07,-0.0021855412530000034,0.01029283081132223,0.01029283081132223,0.17663178203276866,0.9953760479933733,2.3818984038219362e-07]"
/multi_agv/m2b_algorithm_state,1789558498.066958,1789558498.066958,m2b_algorithm_state_v1:header6+3x20,"[1.0,-0.15,0.52,1.9518132896947709,0.10124835257467941,1789558498.0668314,1.9503874033369628,0.1010734371587436,0.0036904376666666654,0.0015562335443115487,0.0006847447508021346,0.0005689142583154252,0.004584685874999997,1.9516067967297634,0.10471721544778013,0.0012193933928006384,0.003643778289036531,0.0036231672665811674,0.9888438079003755,4.443118481461684e-07,0.005147409007581965,-0.018605562437887524,-0.018605562437887524,0.14189330061798647,1.0056886753878223,4.393550198161106e-07,1.9513578133920042,0.10149897968205633,0.002796189458333334,-0.0009196328619580944,0.0016501037251470674,0.0007523595752311485,-0.0017884964166666626,1.949864302569267,0.10284053767391282,-0.0014935108227371874,0.001341557991856493,0.0013387312313200399,0.9958073215083597,-3.558352526156703e-08,-0.0005281572971014444,0.0003579083730398101,0.0003579083730398101,0.12043154728831354,1.0021115220668049,-3.543433498054612e-08,1.9506781197218985,0.10117216263013791,0.0036904376666666654,0.001341820346230284,0.0009688682320159849,0.0005140690347866621,0.0032930326916666636,1.9505326798577824,0.09759606422268084,-0.00014543986411608145,-0.003576098407457068,-0.0035970362333164327,1.0118671450812102,3.707087447341096e-07,-0.0037788360634615345,0.016171969174130447,0.016171969174130447,0.17658820078130807,0.9941791451346987,3.751079991907426e-07]"
/multi_agv/m2b_algorithm_state,1789558498.0769315,1789558498.0769315,m2b_algorithm_state_v1:header6+3x20,"[1.0,-0.15,0.52,1.9528125039170272,0.10124854933031839,1789558498.0768294,1.951392887095305,0.10107351478006889,0.0036904376666666654,0.0015566177969303374,0.0006847340081510547,0.0005687532915703839,0.004584685874999997,1.952771502748159,0.10574207700102793,0.0013786156528539095,0.004668562220959044,0.00463499062774595,0.98587397508158,7.289674101266222e-07,0.006358260193813337,-0.023507679137252005,-0.023507679137252005,0.14190499811225776,1.0072430768278426,7.186699983264574e-07,1.9523633582216335,0.1014992686872351,0.002796189458333334,-0.000920651945977736,0.001650205580588704,0.0007527483376670863,-0.0017884964166666626,1.9507675684554149,0.10146101612352304,-0.0015957897662186582,-3.8252563712065646e-05,-3.825488609725621e-05,1.000121441356911,-2.8990718724477983e-11,-0.002032992093870579,0.006312706505633233,0.006312706505633233,0.12043891957645965,0.9999392918022377,-2.899423939669771e-11,1.9516836237673734,0.10117227425673424,0.0036904376666666654,0.001341961142656963,0.000968900127126227,0.0005139914177086629,0.0032930326916666636,1.9516021941144894,0.09868092725648117,-8.142965288393533e-05,-0.0024913470002530663,-0.0025014264918344596,1.008167448052274,1.7981437577114293e-07,-0.0026032135579393788,0.01161202223613972,0.01161202223613972,0.17661112475422663,0.9959705025855061,1.812830003443058e-07]"
/multi_agv/m2b_algorithm_state,1789558498.0869577,1789558498.0869577,m2b_algorithm_state_v1:header6+3x20,"[1.0,-0.15,0.52,1.9538138594163794,0.10124872991781482,1789558498.0868754,1.9523920867628028,0.10107369077727066,0.0036904376666666654,0.0015562824061769844,0.0006847877543125767,0.000568870716480496,0.004584685874999997,1.9538813506288581,0.10599969245658922,0.0014892638660553015,0.004926001679318559,0.004888698912702108,0.9851393139994088,8.112371894485814e-07,0.006750278745271235,-0.025061471057141783,-0.025061471057141783,0.14190347016118546,1.0076304078615945,7.99181648304184e-07,1.9533625913387076,0.1014994884446486,0.002796189458333334,-0.0009208791480316081,0.001650262265040947,0.0007528173429905971,-0.0017884964166666626,1.951761715453133,0.10207113081997912,-0.0016008758855745597,0.0005716423753305278,0.0005711261333169683,0.9981977433745091,-6.473013577460672e-09,-0.0014299687236512314,0.003908014159526485,0.003908014159526485,0.1204379575450507,1.0009039019289159,-6.461347545853801e-09,1.9526828336495714,0.10117246876903593,0.0036904376666666654,0.001341629257352906,0.0009689536924391232,0.0005141074176729125,0.0032930326916666636,1.95269967508477,0.09929825652560886,1.684143519864456e-05,-0.0018742122434270703,-0.001879890155882815,1.0061017570708506,1.0169713244515985e-07,-0.0018588383618845094,0.008734199503093532,0.008734199503093532,0.17660813326399188,0.996979657328394,1.0231766364214233e-07]"
/multi_agv/m2b_algorithm_state,1789558498.097034,1789558498.097034,m2b_algorithm_state_v1:header6+3x20,"[1.0,-0.15,0.52,1.9548082249495564,0.10124895094539454,1789558498.0968137,1.9533934231449797,0.10107383140699883,0.0036904376666666654,0.0015561848151665323,0.0006848203432037621,0.0005688960699700398,0.004584685874999997,1.9545582627781288,0.10383458083366584,0.0011648396331491728,0.002760749426667014,0.002748838044792906,0.991461361089992,2.5522159565811595e-07,0.0042048875862293715,-0.014767716941115066,-0.014767716941115066,0.14190952085196287,1.0043332425119305,2.5304235061075527e-07,1.9543639712812069,0.10149972596235081,0.002796189458333334,-0.0009213611421089811,0.001650335594481911,0.000752988133607968,-0.0017884964166666626,1.9527469203094798,0.10346725381168387,-0.001617050971727041,0.001967527849333059,0.001961476647829215,0.9938949420071278,-7.664548368597102e-08,-5.983706682958622e-05,-0.0015982355882481702,-0.0015982355882481702,0.12044176712478658,1.0030850234748097,-7.617755856317642e-08,1.9536841838229522,0.10117263238409482,0.0036904376666666654,0.0013414557100629508,0.0009690005889812841,0.0005141582530824446,0.0032930326916666636,1.9536658457799978,0.09837783428501946,-1.8338042954368916e-05,-0.00279479809907536,-0.002807511461395944,1.0091934946955796,2.2624467762852266e-07,-0.002830434015088905,0.01253377700636392,0.01253377700636392,0.17661997969555543,0.9954716614712367,2.2832465687220361e-07]"
/multi_agv/m2b_algorithm_state,1789558498.10698,1789558498.10698,m2b_algorithm_state_v1:header6+3x20,"[1.0,-0.15,0.52,1.9558136395978893,0.10124909991881277,1789558498.1068246,1.9543877835179868,0.10107407527595831,0.0036904376666666654,0.0015553356551282764,0.0006849244084813574,0.0005692100190083924,0.004584685874999997,1.9554582687210507,0.10248814081022418,0.0010704852030638534,0.0014140655342658737,0.0014109084861673592,0.9955587028899707,6.698851466688916e-08,0.002749014989997176,-0.008891381671869017,-0.008891381671869017,0.1418908333507297,1.0022375994825081,6.669099877029395e-08,1.9553583442708284,0.10149989352747313,0.002796189458333334,-0.00092101795932523,0.0016503579638167398,0.0007528277462357652,-0.0017884964166666626,1.9538347302859012,0.10346299081804634,-0.0015236139849272856,0.0019630972905732152,0.0019570731219098656,0.9939083946123788,-7.627245693914346e-08,5.255564075075858e-05,-0.0019975959646939463,-0.0019975959646939463,0.12043000102908837,1.0030781520608032,-7.580783522952587e-08,1.9546785470598533,0.10117288403275218,0.0036904376666666654,0.0013407839353361838,0.0009690723213618864,0.0005144121320030618,0.0032930326916666636,1.9543417628174142,0.09783759866226997,-0.0003367842424391032,-0.0033352853704822077,-0.003353465155338187,1.0110380980632407,3.2216355961841363e-07,-0.003774445458387066,0.016061756866329352,0.016061756866329352,0.17658339410671625,0.9945788060964224,3.257196325818844e-07]"
/multi_agv/m2b_algorithm_state,1789558498.117065,1789558498.117065,m2b_algorithm_state_v1:header6+3x20,"[1.0,-0.15,0.52,1.956812206423818,0.10124928975405423,1789558498.1168852,1.9553931703650893,0.10107414543469806,0.0036904376666666654,0.0015557133432813762,0.0006849168982771209,0.0005690502161489444,0.004584685874999997,1.9564918453730085,0.103195371059271,0.0010986750079191587,0.0021212256245729394,0.002114159393554446,0.9933911877794507,1.5070012498959856e-07,0.0034875031534533944,-0.011877728305876415,-0.011877728305876415,0.14191124918623232,1.0033423359847118,1.49704176161929e-07,1.9563637937896967,0.10150016771806707,0.002796189458333334,-0.0009220101047661953,0.001650462575422118,0.000753203397762886,-0.0017884964166666626,1.954868351636847,0.10346299081804634,-0.0014954421528496908,0.0019628230999792773,0.0019568006240247935,0.9939092492244634,-7.633321193654511e-08,8.749793296267995e-05,-0.002123354819751386,-0.002123354819751386,0.12044285529288365,1.0030777156755482,-7.58682853667434e-08,1.955683954638882,0.10117298660367319,0.0036904376666666654,0.0013409245308758093,0.0009691070784318533,0.0005143331131737911,0.0032930326916666636,1.9554228730144443,0.09896265547663434,-0.0002610816244377201,-0.0022103311270388476,-0.002218248153850334,1.0072232611770653,1.4140130624688078e-07,-0.002544600184397484,0.0112896342081592,0.0112896342081592,0.17662336365068332,0.9964309553023886,1.424226848126802e-07]"
/multi_agv/m2b_algorithm_state,1789558498.1270518,1789558498.1270518,m2b_algorithm_state_v1:header6+3x20,"[1.0,-0.15,0.52,1.957813795049742,0.10124945792266449,1789558498.126838,1.956391723104142,0.10107432218133054,0.0036904376666666654,0.001555313823745416,0.0006849794316454267,0.0005691908673948391,0.004584685874999997,1.9580860369006325,0.10483981186454237,0.001694313796490432,0.003765489683211831,0.003743499384864265,0.9884874251902591,4.7416273387417026e-07,0.0058613916304773046,-0.021237514752714664,-0.021237514752714664,0.14190742968164954,1.0058742625780779,4.6870389992845263e-07,1.9573623790146606,0.1015003678783248,0.002796189458333334,-0.000922147787267704,0.001650517772527449,0.0007532343728117036,-0.0017884964166666626,1.9559053978800058,0.10237177968949157,-0.0014569811346547556,0.0008714118111667751,0.0008702149088509098,0.9972620396139197,-1.5059400578928366e-08,-0.0009510115094675348,0.002071064495760334,0.002071064495760334,0.1204404505091221,1.001375410032271,-1.5018168536705145e-08,1.9566825171526516,0.10117317920250735,0.0036904376666666654,0.001340553942047675,0.0009691653859613134,0.0005144634227537653,0.0032930326916666636,1.9569331703070818,0.10081653272577606,0.00025065315443018044,-0.0003566464767312816,-0.0003568497365093423,1.001141374282878,3.675771000531814e-09,-4.353329347161675e-05,0.0016552053962842345,0.0016552053962842345,0.17661588538997883,0.9994304051334073,3.6799664310215702e-09]"
/multi_agv/m2b_algorithm_state,1789558498.1371112,1789558498.1371112,m2b_algorithm_state_v1:header6+3x20,"[1.0,-0.15,0.52,1.9588141207634013,0.101249631552032,1789558498.1368356,1.9573932913165493,0.10107444974403361,0.0036904376666666654,0.0015552513375879707,0.0006850118548876953,0.0005692010903788012,0.004584685874999997,1.9591479903857103,0.1040399369088792,0.0017546990691610365,0.0029654871648455844,0.0029517650443114563,0.9908497013867915,2.9425657923076224e-07,0.005145138880762751,-0.01824506621037016,-0.01824506621037016,0.1419143059071861,1.0046487848213301,2.915640436618995e-07,1.9583639937106914,0.10150059486873719,0.002796189458333334,-0.00092264873086582,0.0016505959828481132,0.0007534108382181437,-0.0017884964166666626,1.9570287985623862,0.10417321293029165,-0.0013351951483051572,0.0026726180615544576,0.0026615125556203757,0.9917739855838832,-1.4154515517704807e-07,0.0009925186202389292,-0.00569116660641666,-0.00569116660641666,0.12044477979184584,1.0041726295487994,-1.4038080269003016e-07,1.9576841001219853,0.10117332915522263,0.0036904376666666654,0.0013404071283811916,0.000969214019872433,0.0005145017663313665,0.0032930326916666636,1.9579905199648695,0.10055311658933794,0.0003064198428841536,-0.0006202125658846952,-0.0006208284800734496,1.0019907890374056,1.1116938421448674e-08,-0.00023780367646825758,0.0024612745478153897,0.0024612745478153897,0.1766293486020929,0.9990079156989037,1.1139069900587606e-08]"
/multi_agv/m2b_algorithm_state,1789558498.1470013,1789558498.1470013,m2b_algorithm_state_v1:header6+3x20,"[1.0,-0.15,0.52,1.9598133000035245,0.10124980966382442,1789558498.1468472,1.9583935989871317,0.10107459560832706,0.0036904376666666654,0.0015550434068484567,0.0006850575612278309,0.0005692674483128709,0.004584685874999997,1.9600785724975842,0.10233162564924535,0.001684973510452492,0.0012570300409182888,0.0012545323032987854,0.9960448813043733,5.293217087031574e-08,0.0033607491913644006,-0.010996327549390266,-0.010996327549390266,0.14191671214304738,1.001990971147523,5.2722817851706445e-08,1.9593643426855638,0.1015008050839386,0.002796189458333334,-0.0009229856680753111,0.0016506657664876467,0.0007535205957198005,-0.0017884964166666626,1.958184565461384,0.1047316280513821,-0.0011797772241797233,0.0032308229674434946,0.0032146629251433236,0.9901195321599862,-2.0683399322820088e-07,0.0017399413949186694,-0.008636655146997031,-0.008636655146997031,0.12044629474617383,1.0050269787770831,-2.04790376609888e-07,1.9586844206175082,0.10117349396383035,0.0036904376666666654,0.0013401657727858097,0.0009692673625651405,0.0005145786407841067,0.0032930326916666636,1.9589829933940295,0.10048165027893027,0.00029857277652123315,-0.0006918436849000786,-0.0006926104969598623,1.002222509076947,1.3831299127579051e-08,-0.0003193945263083209,0.002781845102129305,0.002781845102129305,0.1766340600704216,0.9988928668232006,1.3862039315436065e-08]"
/multi_agv/m2b_algorithm_state,1789558498.1571026,1789558498.1571026,m2b_algorithm_state_v1:header6+3x20,"[1.0,-0.15,0.52,1.9608141516240247,0.10124997462151288,1789558498.1568255,1.9593927623428797,0.10107475658830657,0.0036904376666666654,0.0015547135957957856,0.0006851154891461149,0.0005693802792202215,0.004584685874999997,1.9609677236408425,0.1015527794085512,0.0015749612979627514,0.0004780228202446307,0.0004776594817089289,0.9984825745745902,7.657323602305984e-09,0.002446361104162368,-0.007360002343150051,-0.007360002343150051,0.14191506012226832,1.0007606643427278,7.645704184781254e-09,1.9603635425679602,0.10150100122752403,0.002796189458333334,-0.0009231847652309355,0.001650727693307763,0.0007535746910988239,-0.0017884964166666626,1.9592303636569492,0.1047316280513821,-0.0011331789110109458,0.0032306268238580654,0.0032144687630063515,0.9901201364763033,-2.0685333725423258e-07,0.0017979951242426693,-0.008845142919552178,-0.008845142919552178,0.120445254647135,1.0050266660039346,-2.0480965451273954e-07,1.959683595099733,0.10117367117564267,0.0036904376666666654,0.0013398442600366296,0.0009693252770206833,0.0005146878821552549,0.0032930326916666636,1.9600038989109403,0.1006799526836949,0.0003203038112074008,-0.0004937184919477783,-0.0004941084169374228,1.0015824883253837,7.041120136884253e-09,-9.372865292817177e-05,0.0018938114277980258,0.0018938114277980258,0.17663082535553956,0.9992108513510832,7.0522626272984965e-09]"
/multi_agv/m2b_algorithm_state,1789558498.167141,1789558498.167141,m2b_algorithm_state_v1:header6+3x20,"[1.0,-0.15,0.52,1.961811363853984,0.10125015961144179,1789558498.1669252,1.9603935945108557,0.1010748892699559,0.0036904376666666654,0.0015545719684855025,0.0006851569868391301,0.0005694200864139297,0.004584685874999997,1.9619098979051874,0.10194183333296701,0.0015163033943317306,0.0008669440630111047,0.0008657524969157236,0.9972601270610811,2.517682704331786e-08,0.002761131739830387,-0.008668646158223528,-0.008668646158223528,0.1419193280404853,1.001376335730623,2.510784573621403e-08,1.9613644191570576,0.10150121096898196,0.002796189458333334,-0.0009235845870956168,0.0016508025990988884,0.0007537090424072079,-0.0017884964166666626,1.9597490823889945,0.10317189316679296,-0.0016153367680631359,0.0016706821978109965,0.0016663094068515957,0.9947984937507941,-5.5407838267253166e-08,-0.0003528615532273241,-0.00041931418295883304,-0.00041931418295883304,0.12044794166894107,1.0026242370963163,-5.511963405025106e-08,1.9606844412041606,0.1011738236256008,0.0036904376666666654,0.001339647965060922,0.0009693780943903947,0.0005147454977752815,0.0032930326916666636,1.961061831465182,0.10139905795318768,0.00037739026102134865,0.000225234327586879,0.00022515361688612556,0.9992839282418788,1.464433075281976e-09,0.0006968914431628114,-0.001237719000112214,-0.001237719000112214,0.17663918211943336,1.0003584694835006,1.463384436115108e-09]"
/multi_agv/m2b_algorithm_state,1789558498.1770709,1789558498.1770709,m2b_algorithm_state_v1:header6+3x20,"[1.0,-0.15,0.52,1.96281105300557,0.10125032616840546,1789558498.1769352,1.9613907945127897,0.10107507498747306,0.0036904376666666654,0.001554038322424726,0.0006852359591188232,0.0005696103250547866,0.004584685874999997,1.963048266853632,0.1027762813242197,0.0016574723408422365,0.0017012063367466412,0.0016966469600651183,0.9946743819214828,9.685439270041988e-08,0.0037684873861179137,-0.012673603680474866,-0.012673603680474866,0.14191071329644409,1.0026872866240528,9.633858319567072e-08,1.9623616475709598,0.10150138281193971,0.002796189458333334,-0.0009235518471703372,0.001650851150927224,0.0007536696014937699,-0.0017884964166666626,1.9607677907259027,0.10317189316679296,-0.0015938568450570845,0.001670510354853244,0.0016661384679444713,0.9947990307828525,-5.539444039777764e-08,-0.00032618258837688427,-0.0005144658551038711,-0.0005144658551038711,0.1204425178806091,1.0026239637298373,-5.5106335618467686e-08,1.9616816494782026,0.10117402103491259,0.0036904376666666654,0.001339192236320019,0.000969444050343782,0.0005149087336176802,0.0032930326916666636,1.9621067891949924,0.1017162309732457,0.000425139716789813,0.0005422099383331075,0.0005417433278425375,0.9982823871599126,8.481825977409903e-09,0.0010731679738298038,-0.002722272500959758,-0.002722272500959758,0.1766223143918176,1.0008613128516566,8.467257484203717e-09]"
/multi_agv/m2b_algorithm_state,1789558498.1870167,1789558498.1870167,m2b_algorithm_state_v1:header6+3x20,"[1.0,-0.15,0.52,1.963810956962365,0.1012504887870806,1789558498.1868834,1.962390466270977,0.1010752184962541,0.0036904376666666654,0.001553793199272626,0.0006852905209083103,0.0005696881980524035,0.004584685874999997,1.9643431958713202,0.10226187121713136,0.001952729600343206,0.001186652720877257,0.001184425668095478,0.9962633558813312,4.71354182632943e-08,0.0036253376685244855,-0.01190594377678448,-0.01190594377678448,0.14191086622932664,1.0018802807485252,4.695928997985977e-08,1.9633613590903483,0.10150157792144618,0.002796189458333334,-0.0009238299705777867,0.001650918254334055,0.0007537552591221353,-0.0017884964166666626,1.9623326439687896,0.1057327990345036,-0.0010287151215586654,0.004231221113057418,0.004203715131654222,0.9872087132244476,-3.54802486818318e-07,0.00291782122970589,-0.01336014468011338,-0.01336014468011338,0.12044261417067316,1.0065432553210074,-3.502641064607457e-07,1.9626813336553854,0.10117418208751612,0.0036904376666666654,0.001338926805052439,0.0009695024835034817,0.0005149933959650325,0.0032930326916666636,1.9633983331477058,0.10126182021285846,0.0007169994923204026,8.763812534233473e-05,8.762589333286279e-05,0.9997209443381894,2.2161244479635944e-10,0.000983875258733366,-0.00219436360020972,-0.00219436360020972,0.17662261383165803,1.0001395935494257,2.2155060258891131e-10]"
/multi_agv/m2b_algorithm_state,1789558498.1971762,1789558498.1971762,m2b_algorithm_state_v1:header6+3x20,"[1.0,-0.15,0.52,1.9648099313811904,0.1012506546183604,1789558498.1970513,1.9633903522191263,0.10107535637058984,0.0036904376666666654,0.0015535748167446965,0.0006853433224209837,0.0005697553956661021,0.004584685874999997,1.9652295487364442,0.10105009804042686,0.0018391965173178981,-2.5258330162980513e-05,-2.525934845334263e-05,1.0000806377532159,2.1370976103343533e-11,0.00227373629819403,-0.006506099570966102,-0.006506099570966102,0.14191177951167722,0.9999596865942921,2.1372699410840535e-11,1.9643612861679356,0.10150177224731947,0.002796189458333334,-0.000924132638222868,0.0016509876167121185,0.0007538503807166391,-0.0017884964166666626,1.9633800109778705,0.1057327990345036,-0.0009812751900650785,0.004231026787184122,0.004203523365075253,0.9872093065070104,-3.548858691660195e-07,0.0029769293774939047,-0.0135732164986584,-0.0135732164986584,0.12044318917265433,1.00654294498215,-3.5034663278852375e-07,1.9636812325000328,0.10117433774333247,0.0036904376666666654,0.001338679916346799,0.0009695607117827243,0.0005150701273731956,0.0032930326916666636,1.9643720118339738,0.10094017092965216,0.0006907793339410162,-0.00023416681368031156,-0.00023425435591689547,1.000748352626585,1.58225443468596e-09,0.0006292198115093748,-0.0007878973875544795,-0.0007878973875544795,0.1766244019671066,0.9996262940928409,1.583438518948083e-09]"
/multi_agv/m2b_algorithm_state,1789558498.2071152,1789558498.2071152,m2b_algorithm_state_v1:header6+3x20,"[1.0,-0.15,0.52,1.9658132482179698,0.1012507907634951,1789558498.2070131,1.9643893103458923,0.10107550601700525,0.0036904376666666654,0.001553259225412495,0.000685405983034348,0.0005698596010221847,0.004584685874999997,1.9661811705380248,0.10066509112736481,0.0017918601921325106,-0.0004104148896404425,-0.00041068452117643857,1.0013159813108288,5.64273643463142e-09,0.0018291407189891997,-0.004746258503419556,-0.004746258503419556,0.1419094025951281,0.9993434582457024,5.650162170321328e-09,1.9653602816207523,0.10150195488065887,0.002796189458333334,-0.0009243246354687486,0.0016510507186859869,0.0007539007868954256,-0.0017884964166666626,1.9641528863046087,0.10371729168772058,-0.0012073953161435558,0.0022153368070617074,0.0022076800023153984,0.9931457094823287,-9.746187542494898e-08,0.0006984358571359536,-0.004426519644508477,-0.004426519644508477,0.12044169267046498,1.003468258415295,-9.679384341638929e-08,1.9646802021769263,0.10117450295741706,0.0036904376666666654,0.0013383692652399232,0.0009696226809424065,0.0005151725514087242,0.0032930326916666636,1.9654974433697254,0.1021934345475549,0.0008172411927991341,0.001018931590137842,0.0010172897170387496,0.9967896992062527,2.9924565326476464e-08,0.0020388412080376674,-0.00638549449296019,-0.00638549449296019,0.1766197481572836,1.001613968048229,2.982849847065633e-08]"
/multi_agv/m2b_algorithm_state,1789558498.2171533,1789558498.2171533,m2b_algorithm_state_v1:header6+3x20,"[1.0,-0.15,0.52,1.9668133534199888,0.10125094508398554,1789558498.217113,1.965392601853021,0.10107558727019861,0.0036904376666666654,0.0015534178347526048,0.0006854247229479691,0.0005697811053325145,0.004584685874999997,1.9673503294184855,0.10243883975648307,0.0019577275654645288,0.0013632524862844664,0.0013603171833356385,0.9957159058525935,6.218578814274902e-08,0.0038074766401662995,-0.01264404568848725,-0.01264404568848725,0.14192239683010782,1.002157807741302,6.19193783717148e-08,1.9663636305081476,0.10150217617497116,0.002796189458333334,-0.0009250293214438298,0.0016511468705333598,0.000754156234428191,-0.0017884964166666626,1.9651843895157357,0.10371729168772058,-0.0011792409924118452,0.002215115512749416,0.0022074602479137534,0.9931463976189938,-9.751661085076119e-08,0.0007334090073989469,-0.0045522305399341625,-0.0045522305399341625,0.12044987373590155,1.0034679060893157,-9.684827077444676e-08,1.9656835122927407,0.10117460884531553,0.0036904376666666654,0.0013383744249528457,0.0009696700465895106,0.0005151456798929846,0.0032930326916666636,1.9666224979454408,0.10341091960964233,0.0009389856527000084,0.0022363107643268015,0.002228474580718498,0.9930513507465304,1.4401745912862651e-07,0.0034022066465935084,-0.011847134292189044,-0.011847134292189044,0.17664519111610416,1.003516389047515,1.4301673231876579e-07]"
/multi_agv/m2b_algorithm_state,1789558498.2270317,1789558498.2270317,m2b_algorithm_state_v1:header6+3x20,"[1.0,-0.15,0.52,1.9678114627954972,0.10125110930226831,1789558498.2268918,1.966392688086325,0.10107571834707786,0.0036904376666666654,0.001553206764775477,0.0006854763463998818,0.0005698457458962523,0.004584685874999997,1.9682422626317864,0.1033436654312725,0.0018495745454614188,0.0022679470841946436,0.0022598786866120085,0.9929460558587956,1.7197080251933974e-07,0.004571846868438782,-0.015833298214091546,-0.015833298214091546,0.14192402268321036,1.0035702790731353,1.7075773008445022e-07,1.967363760166131,0.1015023605100939,0.002796189458333334,-0.0009253250821005688,0.001651220238426454,0.000754246278325113,-0.0017884964166666626,1.9661814354077456,0.10575699387134073,-0.0011823247583853114,0.004254633361246832,0.0042268274191878995,0.9871415566397885,-3.5931245784052596e-07,0.0027489214712062603,-0.012764932443801707,-0.012764932443801707,0.12045089732746761,1.006578442718694,-3.546922589527652e-07,1.9666836120075104,0.10117475639478482,0.0036904376666666654,0.001338137558334711,0.0009697284431486545,0.0005152179794666203,0.0032930326916666636,1.967258558212734,0.10254795623865054,0.000574946205223581,0.001373199843865719,0.0013702257821827807,0.9956909592384451,5.432726587486705e-08,0.0020889085387122567,-0.006733891644335294,-0.006733891644335294,0.17664837477444814,1.0021704902371642,5.409316747174841e-08]"
/multi_agv/m2b_algorithm_state,1789558498.237189,1789558498.237189,m2b_algorithm_state_v1:header6+3x20,"[1.0,-0.15,0.52,1.9688115637245698,0.10125125835076265,1789558498.2371523,1.967390782413864,0.10107587723220118,0.0036904376666666654,0.001552784713581164,0.0006855487147970681,0.000569991047564544,0.004584685874999997,1.9692350369875007,0.1025906328089503,0.0018442545736367943,0.0015147555767491133,0.0015111357699776915,0.9952480271045786,7.673577834019241e-08,0.003816453987023684,-0.01275263590411254,-0.01275263590411254,0.1419185831436148,1.002395421274076,7.637113200141075e-08,1.9683618892137456,0.10150252331457879,0.002796189458333334,-0.0009253861056589714,0.001651279254745397,0.0007542420369314323,-0.0017884964166666626,1.9672338877655255,0.10575699387134073,-0.0011280014482200063,0.004254470556761938,0.004226666770478037,0.9871420535755191,-3.5930843435093e-07,0.002816664960203029,-0.013008895725164149,-0.013008895725164149,0.12044747269993657,1.0065781827131732,-3.546884657521816e-07,1.9676817167588818,0.10117492736002497,0.0036904376666666654,0.0013377610535046844,0.0009697942893627468,0.000515346931721426,0.0032930326916666636,1.9682077091563415,0.10176840447736919,0.0005259923974596514,0.0005934771173442266,0.0005929183208070684,0.9981211008548738,1.0150332972018981e-08,0.0012504088176316327,-0.0033780684104577166,-0.0033780684104577166,0.17663772355074622,1.0009424511227745,1.0131261520075108e-08]"
/multi_agv/m2b_algorithm_state,1789558498.2471652,1789558498.2471652,m2b_algorithm_state_v1:header6+3x20,"[1.0,-0.15,0.52,1.969813201348992,0.10125139544248159,1789558498.2470226,1.9683908641225047,0.10107600217069106,0.0036904376666666654,0.0015525924419810197,0.0006856014129960725,0.0005700469807144253,0.004584685874999997,1.970155648848807,0.10091685771834788,0.0017647847263022598,-0.00015914445234317676,-0.000159184917452261,1.0005088386440446,8.479356805520645e-10,0.0020467959904255637,-0.005637844157283103,-0.005637844157283103,0.14192019377926215,0.9997457980961268,8.483671429939937e-10,1.9693620148294129,0.10150270395971515,0.002796189458333334,-0.0009256936459468338,0.001651353314529036,0.0007543368268575351,-0.0017884964166666626,1.968081809984079,0.10393674078369497,-0.0012802048453339765,0.0024340368239798155,0.002424809088754983,0.9924879872065362,-1.1780940445500294e-07,0.0008245530320875123,-0.004981030602376566,-0.004981030602376566,0.1204484867214861,1.0038055512360236,-1.1692441870154661e-07,1.968681812221792,0.10117506892188172,0.0036904376666666654,0.0013375365799092025,0.0009698540259125985,0.0005154131623422032,0.0032930326916666636,1.969306760658522,0.1033445540855657,0.0006249484367299996,0.002169485163683982,0.0021621066101115754,0.9932538802450881,1.3546059442610192e-07,0.002943292156024075,-0.01017324212081474,-0.01017324212081474,0.17664087727866049,1.0034126687083322,1.3454676103403188e-07]"
/multi_agv/m2b_algorithm_state,1789558498.2570636,1789558498.2570636,m2b_algorithm_state_v1:header6+3x20,"[1.0,-0.15,0.52,1.9708119016146923,0.10125154871072863,1789558498.2568803,1.969392479235318,0.10107610209704358,0.0036904376666666654,0.0015525653389410936,0.0006856387498885841,0.0005700393102733845,0.004584685874999997,1.9711202165187112,0.10174519318039897,0.0017277372833932603,0.0006690910833553887,0.0006683802802558544,0.9978806931838957,1.4979168721499844e-08,0.00282805188449743,-0.008812497575559065,-0.008812497575559065,0.141927244669535,1.0010634710815558,1.4947423267128794e-08,1.9703636811825205,0.10150289588563843,0.002796189458333334,-0.0009261765645324008,0.0016514395005853277,0.000754501329470525,-0.0017884964166666626,1.9689165275855283,0.10339835768665048,-0.0014471535969922122,0.0018954618010120494,0.0018898429298328458,0.9941139578217144,-7.150815726863794e-08,8.090093359258048e-05,-0.0020732054900076172,-0.0020732054900076172,0.1204529258137705,1.0029731948039198,-7.108725723886325e-08,1.9696834436291377,0.10117518834476276,0.0036904376666666654,0.0013374231103543766,0.0009699087555515296,0.0005154338813954575,0.0032930326916666636,1.970384944817542,0.10387787005908358,0.0007015011884041744,0.002702681714320823,0.002691276894849537,0.991647025482286,2.1012540188678175e-07,0.003568153380354755,-0.012675079212367563,-0.012675079212367563,0.17665468405175117,1.0042376982811068,2.0837022975929705e-07]"
/multi_agv/m2b_algorithm_state,1789558498.2671945,1789558498.2671945,m2b_algorithm_state_v1:header6+3x20,"[1.0,-0.15,0.52,1.9718145023187776,0.10125167506114097,1789558498.267012,1.9703911628220443,0.10107624581625593,0.0036904376666666654,0.0015522130908280896,0.0006857062334945758,0.0005701568959081745,0.004584685874999997,1.9723044850537457,0.10330227189205242,0.0019133222317013754,0.002226026075796486,0.002218250779563771,0.9930731738220718,1.655708985391439e-07,0.00460990356919049,-0.01594897514038272,-0.01594897514038272,0.14192389673689784,1.0035051475263066,1.6442401770483988e-07,1.9713624031371602,0.10150305568432239,0.002796189458333334,-0.0009262998310678571,0.0016515045674030393,0.0007545209207812792,-0.0017884964166666626,1.9699684766442218,0.1037775378642988,-0.0013939264929383466,0.002274482179976417,0.0022664148252722186,0.9929675885117554,-1.0294993465134441e-07,0.0005240067090992854,-0.003831863695071123,-0.003831863695071123,0.12045081803635611,1.0035595225614664,-1.0222594834818826e-07,1.970682138884873,0.10117534463160756,0.0036904376666666654,0.0013370955498996158,0.0009699738480821183,0.0005155420101113826,0.0032930326916666636,1.9711581123276953,0.10319138856188834,0.00047597344282235277,0.002016043930280778,0.002009664793173901,0.9937200326942857,1.1695138783573708e-07,0.002604631596701842,-0.008887506931844405,-0.008887506931844405,0.17664812814275874,1.0031742294180326,1.1621693694377073e-07]"
/multi_agv/m2b_algorithm_state,1789558498.2771223,1789558498.2771223,m2b_algorithm_state_v1:header6+3x20,"[1.0,-0.15,0.52,1.972810831085417,0.10125183851081004,1789558498.2769444,1.97139373876729,0.1010763274564896,0.0036904376666666654,0.0015522907503699424,0.000685734403783389,0.000570108583155007,0.004584685874999997,1.9734776316240703,0.10433602711460296,0.002083892856780345,0.0032596996581133603,0.0032431571201923136,0.9899760218221404,3.547809920975559e-07,0.005848023191167745,-0.020924578748010726,-0.020924578748010726,0.14193435791821352,1.0051007513074377,3.5122467517485064e-07,1.9723650353511157,0.10150325056734626,0.002796189458333334,-0.0009268875686047192,0.001651599097014067,0.0007547265186158836,-0.0017884964166666626,1.9710010817221508,0.1037775378642988,-0.001363953628964909,0.0022742872969525457,0.0022662213341922864,0.9929681941838625,-1.0299752746713848e-07,0.0005612792979861501,-0.003965722755484407,-0.003965722755484407,0.12045740402947071,1.0035592122616452,-1.0227326885444728e-07,1.9716847328379274,0.10117544715958703,0.0036904376666666654,0.0013370538020541808,0.0009700259479135109,0.0005155330084502703,0.0032930326916666636,1.9721227764903995,0.10252404232313847,0.00043804365247201993,0.0013485951635514443,0.0013457262162184069,0.9957670206545319,5.235619741666521e-08,0.0018932807818084318,-0.0060254070975082966,-0.0060254070975082966,0.17666861366450864,1.002131895253627,5.213457471439322e-08]"
/multi_agv/m2b_algorithm_state,1789558498.2870526,1789558498.2870526,m2b_algorithm_state_v1:header6+3x20,"[1.0,-0.15,0.52,1.973814084055995,0.10125195583765285,1789558498.286939,1.9723900553968927,0.10107650385914384,0.0036904376666666654,0.001551680470502683,0.0006858265343519848,0.0005703251946829328,0.004584685874999997,1.9745479162196597,0.10399566117456435,0.0021578608227670326,0.0029191573154205147,0.002905856299910449,0.990988126825854,2.8448673789926703e-07,0.00560318232836924,-0.019867060505412704,-0.019867060505412704,0.14192261372663334,1.004577313582394,2.8192297949759234e-07,1.9733613803314518,0.10150338136145386,0.002796189458333334,-0.0009267199193220155,0.0016516477381045558,0.0007546285519314383,-0.0017884964166666626,1.9720211471274915,0.10361366762621388,-0.0013402332039602616,0.0021102862647600223,0.002103332990240604,0.9934630011948901,-8.867332844098304e-08,0.00042804148529027725,-0.0034131940238829456,-0.0034131940238829456,0.12045001028649764,1.003305836285401,-8.80936709989192e-08,1.9726810575279063,0.10117563031183244,0.0036904376666666654,0.001336557229504741,0.0009700998493435862,0.0005157098152205417,0.0032930326916666636,1.9731914809178455,0.10314210901360277,0.0005104233899391186,0.00196647870177033,0.001960407116693191,0.9938709822408704,1.1123063241880493e-07,0.0025984363541170894,-0.00884173885222473,-0.00884173885222473,0.17664561583869276,1.0030971041807788,1.1054889789735086e-07]"
/multi_agv/m2b_algorithm_state,1789558498.2970936,1789558498.2970936,m2b_algorithm_state_v1:header6+3x20,"[1.0,-0.15,0.52,1.9748129210734333,0.1012520990350622,1789558498.2969108,1.9733932820395843,0.10107657039967333,0.0036904376666666654,0.0015518414570751433,0.000685848847353742,0.0005702438097092171,0.004584685874999997,1.9753340222054512,0.10183571434283788,0.0019407401658668721,0.0007591439431645503,0.0007582295593603394,0.9975979300615276,1.9272318106711882e-08,0.0031841547666939295,-0.010124661676929202,-0.010124661676929202,0.1419353841758478,1.0012059458681382,1.922602465074307e-08,1.9743646666879564,0.10150357809373929,0.002796189458333334,-0.0009273896615644615,0.0016517478958844034,0.0007548667682592547,-0.0017884964166666626,1.9730522712853549,0.10361366762621388,-0.0013123954026015294,0.0021100895324745877,0.0021031375626332084,0.9934636135284163,-8.872080181335274e-08,0.0004626433093812966,-0.003537509734653215,-0.003537509734653215,0.1204580501329882,1.00330552312169,-8.814088836463188e-08,1.973684303440444,0.101175719019546,0.0036904376666666654,0.0013365715120151095,0.0009701506844032818,0.0005156771844097466,0.0032930326916666636,1.9744946806311525,0.10339832699330474,0.0008103771907084223,0.0022226079737587418,0.0022148668389410085,0.9930929506633814,1.4206705528826666e-07,0.0032278383273265363,-0.01121831166171685,-0.01121831166171685,0.17667062352117746,1.0034950791088797,1.4108579112828248e-07]"
/multi_agv/m2b_algorithm_state,1789558498.3070896,1789558498.3070896,m2b_algorithm_state_v1:header6+3x20,"[1.0,-0.15,0.52,1.9758140035304166,0.10125222571591518,1789558498.3069732,1.9743921015881802,0.10107670489886715,0.0036904376666666654,0.0015515051632837293,0.0006859162314485356,0.0005703545314181767,0.004584685874999997,1.9762437930315737,0.10121329308250561,0.0018516914433934772,0.0001365881836384586,0.00013655844303891624,0.9995647463387957,6.240367555262645e-10,0.0024511727472807626,-0.007215866492648358,-0.007215866492648358,0.14193252003118012,1.0002177866038928,6.237651412436956e-10,1.9753635264329505,0.10150372710177127,0.002796189458333334,-0.0009275116860042653,0.0016518160785521374,0.0007548842001271899,-0.0017884964166666626,1.9739925789957318,0.10269992684916895,-0.0013709474372187724,0.0011961997473976804,0.0011939500257324082,0.9962556326373435,-2.853505819537287e-08,-0.0005197342707910573,0.0003849814284365232,0.0003849814284365232,0.12045624698590897,1.0018842678644713,-2.8428212454774613e-08,1.9746831351991687,0.10117586510454821,0.0036904376666666654,0.0013362586202055435,0.0009702166794077205,0.0005157784852781095,0.0032930326916666636,1.9755703394541424,0.10375820922783972,0.0008872042549736836,0.002582344123291516,0.002571922871688334,0.9920080086204635,1.9167998391298105e-07,0.0036809281904054384,-0.013019948029960232,-0.013019948029960232,0.1766650145321821,1.004051930062872,1.901480791339188e-07]"
/multi_agv/m2b_algorithm_state,1789558498.317138,1789558498.317138,m2b_algorithm_state_v1:header6+3x20,"[1.0,-0.15,0.52,1.9768133804848886,0.10125236095124801,1789558498.3170223,1.9753931619035698,0.10107680238517097,0.0036904376666666654,0.001551420768395814,0.0006859612017420243,0.0005703677238829224,0.004584685874999997,1.9773364604124188,0.10238951343769007,0.0019432985088490007,0.0013127110525190944,0.001309988365808338,0.9958724282197998,5.758796608504417e-08,0.003739111501869589,-0.012376909682067292,-0.012376909682067292,0.1419376063468064,1.0020784052605507,5.735026762135242e-08,1.9763646372746964,0.1015038957226808,0.002796189458333334,-0.0009279041274333085,0.0016519012328397586,0.0007550100202968896,-0.0017884964166666626,1.975019477823695,0.10269992684916895,-0.001345159451001443,0.0011960311264881535,0.00119378204132439,0.99625616187173,-2.8539065578700403e-08,-0.00048766727242741375,0.00027035019725938497,0.00027035019725938497,0.12045944908724274,1.001883999830713,-2.8432219936841667e-08,1.9756842114129831,0.10117597903989374,0.0036904376666666654,0.001336113056159854,0.0009702754441954682,0.0005158110169220819,0.0032930326916666636,1.9764799378523328,0.10237199170970517,0.0007957264393496644,0.0011960126698114248,0.0011937535988006897,0.9962394432666007,4.115455891418814e-08,0.00218841164798777,-0.007005677870767181,-0.007005677870767181,0.17667497530124146,1.001892409801323,4.099979486055331e-08]"
/multi_agv/m2b_algorithm_state,1789558498.3270016,1789558498.3270016,m2b_algorithm_state_v1:header6+3x20,"[1.0,-0.15,0.52,1.9778143798676335,0.10125248368587654,1789558498.3269126,1.9763925200763919,0.10107692463824784,0.0036904376666666654,0.0015511478108555035,0.0006860237753732782,0.0005704534940407513,0.004584685874999997,1.9788706108466745,0.10365467980060813,0.002478090770282604,0.002577755162360293,0.0025673565216047835,0.9920109572689411,2.2181590811475988e-07,0.005664969984458038,-0.019909511623726325,-0.019909511623726325,0.141936653904303,1.0040503298501797,2.2004381134640242e-07,1.977364038563674,0.10150404460328125,0.002796189458333334,-0.0009280861606002144,0.001651974236356768,0.0007550509560997065,-0.0017884964166666626,1.976261936728847,0.10275596868975444,-0.0011021018348269518,0.0012519240864731912,0.0012494609314990697,0.9960837124113873,-3.12736151400822e-08,-0.00012816636203462003,-0.0010366533122583678,-0.0010366533122583678,0.1204588494739728,1.0019713741438607,-3.1151138669258046e-08,1.9766835828145992,0.10117611361221494,0.0036904376666666654,0.0013358436883726603,0.0009703403159197046,0.0005158940360470883,0.0032930326916666636,1.9777336379930581,0.10221037950302952,0.0010500551784589085,0.0010342658908145813,0.0010325744608962687,0.9967420261960754,3.077328558623014e-08,0.0023451434339699043,-0.007486682594130262,-0.007486682594130262,0.17667311005070568,1.0016380706499797,3.067302702792951e-08]"
/multi_agv/m2b_algorithm_state,1789558498.3369725,1789558498.3369725,m2b_algorithm_state_v1:header6+3x20,"[1.0,-0.15,0.52,1.9788125776629926,0.10125262181408941,1789558498.3368342,1.9773934972735352,0.10107701982746159,0.0036904376666666654,0.0015510559041531924,0.0006860701965307303,0.0005704691878272907,0.004584685874999997,1.9798252741575881,0.10220729804239242,0.0024317768840529386,0.0011302782149308355,0.0011282569247374635,0.9964386763799473,4.2689318882827165e-08,0.004167978029803636,-0.013814629613479686,-0.013814629613479686,0.1419414463413503,1.0017915158764414,4.253728840316579e-08,1.9783650664135262,0.10150420672465375,0.002796189458333334,-0.0009284612273911894,0.001652059637678338,0.0007551691163316665,-0.0017884964166666626,1.9772858966686493,0.10275596868975444,-0.0010791697448768733,0.001251761965100684,0.0012492994504401424,0.9960842209849744,-3.127813177668146e-08,-9.96627306559493e-05,-0.0011385859065375886,-0.0011385859065375886,0.12046186653200258,1.0019711164202258,-3.115565352464112e-08,1.9776845759158388,0.10117622450551425,0.0036904376666666654,0.0013356949854966714,0.0009703999963898259,0.0005159274518868858,0.0032930326916666636,1.9788051932652448,0.1033376672446786,0.00112061734940605,0.0021614427391643543,0.002154118458062015,0.9932783768501399,1.342730983600155e-07,0.0035548901448195776,-0.012358665631820562,-0.012358665631820562,0.17668249563185567,1.0034001292152375,1.3337056519367537e-07]"
/multi_agv/m2b_algorithm_state,1789558498.3474162,1789558498.3474162,m2b_algorithm_state_v1:header6+3x20,"[1.0,-0.15,0.52,1.979821162449926,0.10125269218001548,1789558498.3473256,1.978391678485095,0.10107715614250894,0.0036904376666666654,0.0015506594685225045,0.0006861453562994944,0.0005706019338808069,0.004584685874999997,1.980723289423409,0.1007465757180239,0.0023316109383140216,-0.0003305804244850413,-0.0003307552510191533,1.0010590141861566,3.6546253660931044e-09,0.0025837584218733737,-0.007462288004426441,-0.007462288004426441,0.14193631854346594,0.9994714323247378,3.658495666200885e-09,1.9793632858784487,0.1015043391266839,0.002796189458333334,-0.0009284995977754231,0.0016521246463683248,0.0007551519377834714,-0.0017884964166666626,1.9783388139989415,0.10287741012348807,-0.0010244718795071606,0.001373070996804171,0.001370110801022335,0.9957106945785199,-3.7632469885373116e-08,8.952095163838425e-05,-0.0018683294024219232,-0.0018683294024219232,0.12045863835183993,1.00216055210982,-3.7471052728270096e-08,1.978682768625434,0.10117637017307539,0.0036904376666666654,0.0013353451507135288,0.0009704696107277538,0.0005160428833436521,0.0032930326916666636,1.9799117217909328,0.10369028084523475,0.0012289531654987584,0.002513910672159364,0.002504029371979907,0.992213755336007,1.8154011001266415e-07,0.004040220828853355,-0.01427316508611324,-0.01427316508611324,0.1766724533408798,1.003946159853406,1.8012659429977734e-07]"
/multi_agv/m2b_algorithm_state,1789558498.3571444,1789558498.3571444,m2b_algorithm_state_v1:header6+3x20,"[1.0,-0.15,0.52,1.9808118885664552,0.10125287330470999,1789558498.3570511,1.9794002252748555,0.10107713143114923,0.0036904376666666654,0.0015513971595403648,0.0006861144002722412,0.0005702982790451779,0.004584685874999997,1.9816631286109112,0.10059262111931196,0.0022629033360557216,-0.0004845103118372718,-0.00048488629107693525,1.001554834341023,7.855028434068493e-09,0.0023437428789927165,-0.00653683855671611,-0.00653683855671611,0.14195249737189133,0.9992246032800217,7.867241702027495e-09,1.98037191843107,0.10150456820527443,0.002796189458333334,-0.0009297699914433029,0.0016522679434314291,0.0007556280757768374,-0.0017884964166666626,1.9793678226606715,0.10287741012348807,-0.0010040957703985054,0.0013728419182136437,0.001369882714180911,0.9957114123981688,-3.767135326965811e-08,0.00011476300118277928,-0.0019595345623285914,-0.0019595345623285914,0.12046881395656815,1.0021601878774724,-3.750979637108165e-08,1.979691343643853,0.10117637690362279,0.0036904376666666654,0.0013357495518971705,0.0009705033114245643,0.0005158500636820141,0.0032930326916666636,1.980826681861019,0.10236538159586446,0.0011353382171659376,0.0011890046922416742,0.0011867719110326106,0.9962611999067716,4.066275268733339e-08,0.0026059446824900326,-0.008491109594387784,-0.008491109594387784,0.17670410874281725,1.0018813903398849,4.0510722783795064e-08]"
/multi_agv/m2b_algorithm_state,1789558498.367401,1789558498.367401,m2b_algorithm_state_v1:header6+3x20,"[1.0,-0.15,0.52,1.9818252365168731,0.10125290871103561,1789558498.3672738,1.980390949627532,0.10107738193361848,0.0036904376666666654,0.0015501626201653513,0.0006862647896168188,0.0005707551776449712,0.004584685874999997,1.982418991996106,0.10148479859811171,0.0020280423685739013,0.000407416664493232,0.0004071526011231249,0.9987057145119499,5.5462671539828734e-09,0.0029422055618405015,-0.009093312418004589,-0.009093312418004589,0.14193638591043875,1.0006485611767644,5.539088700892625e-09,1.9813626484341775,0.10150461926038801,0.002796189458333334,-0.0009288837660312672,0.0016522796031672726,0.0007552378670340754,-0.0017884964166666626,1.9798452190411786,0.10201624070595611,-0.0015174293929989258,0.0005116214455681001,0.0005112077609546265,0.9983859855038992,-5.230247657209007e-09,-0.0013855789802940306,0.003768175308317405,0.003768175308317405,0.1204586807592004,1.0008092299160347,-5.221805961672075e-09,1.9806820676376558,0.10117661872012346,0.0036904376666666654,0.001334849228203476,0.0009705980209924418,0.0005161910570196729,0.0032930326916666636,1.9814115846824345,0.10218788282905725,0.0007295170447787491,0.0010112641089337904,0.0010096468056590433,0.99681367041202,2.9398247204772133e-08,0.0019215431116324797,-0.005967456945796943,-0.005967456945796943,0.1766725852244988,1.0016018505339512,2.9304574699868818e-08]"
/multi_agv/m2b_algorithm_state,1789558498.3773785,1789558498.3773785,m2b_algorithm_state_v1:header6+3x20,"[1.0,-0.15,0.52,1.9828126251909135,0.10125310668884667,1789558498.3770955,1.981404249522247,0.10107727912576613,0.0036904376666666654,0.001551432950703062,0.0006861850361114638,0.0005702460275481295,0.004584685874999997,1.983513788223211,0.10182986298450805,0.0021095387009639754,0.0007525838587419259,0.0007516851738480293,0.9976185327554848,1.893571837852328e-08,0.0033886085500529984,-0.010849582670016377,-0.010849582670016377,0.1419525059552989,1.0011955602227673,1.8890623585453462e-08,1.9823760564015585,0.10150488959362229,0.002796189458333334,-0.0009307257414283491,0.0016524596540561376,0.0007559426477600495,-0.0017884964166666626,1.9808756692693565,0.10254114497590795,-0.001500387132201908,0.0010362553822856613,0.0010345650370649653,0.9967504193414125,-2.149092695402149e-08,-0.0008409188781874197,0.0015975577984800571,0.0015975577984800571,0.12046880899971125,1.0016338704287662,-2.1421090453456586e-08,1.9816954036268137,0.10117655741371841,0.0036904376666666654,0.0013356086244102178,0.0009706155562765667,0.0005158527693749021,0.0032930326916666636,1.982462653224964,0.10302092505760346,0.0007672495981503324,0.001844367643885056,0.0018390218106188812,0.9942436217611744,9.778448700369152e-08,0.0027980838083067967,-0.00949651231814858,-0.00949651231814858,0.17670409196246517,1.0029068895405735,9.722160251060875e-08]"
/multi_agv/m2b_algorithm_state,1789558498.3872716,1789558498.3872716,m2b_algorithm_state_v1:header6+3x20,"[1.0,-0.15,0.52,1.983812805887726,0.10125322116068204,1789558498.387148,1.9823916429201016,0.10107757891647451,0.0036904376666666654,0.001549823837098343,0.0006863689871215324,0.000570847831403945,0.004584685874999997,1.98452895428521,0.10139102432060879,0.0021373113651084186,0.00031344540413427713,0.00031328899514178153,0.9990031838298911,3.2823183930108683e-09,0.002984928201527305,-0.009199632397245265,-0.009199632397245265,0.14194150160471902,1.0004992482816857,3.2790465249612692e-09,1.9833634412194034,0.10150490107336142,0.002796189458333334,-0.0009294211022780512,0.0016524480854693824,0.0007553831535442729,-0.0017884964166666626,1.9819606161804941,0.10297170210825535,-0.0014028250389093166,0.0014668010348939248,0.001463425331057912,0.995422832832106,-4.298522506298334e-08,-0.00029010596757873385,-0.0005573240911595168,-0.0005573240911595168,0.12046190132105031,1.0023067140935524,-4.2788474502120514e-08,1.982682791433236,0.10117684007670406,0.0036904376666666654,0.0013344635886171122,0.0009707215208821568,0.000516293981383923,0.0032930326916666636,1.9835067563351751,0.1027874999936857,0.0008239649019392559,0.00161065991698163,0.001606575818856902,0.994959629806497,7.452198078869333e-08,0.002636531946280972,-0.008806572396017233,-0.008806572396017233,0.17668260384835516,1.002542113529154,7.41463624179652e-08]"
/multi_agv/m2b_algorithm_state,1789558498.397174,1789558498.397174,m2b_algorithm_state_v1:header6+3x20,"[1.0,-0.15,0.52,1.9848169357153742,0.10125330880864858,1789558498.396948,1.9833918026912338,0.10107767336834608,0.0036904376666666654,0.001549669921972337,0.0006864259797329623,0.0005708849043431215,0.004584685874999997,1.9852440203881963,0.09953050297940198,0.0018522176969624216,-0.0015471703889440996,-0.0015510350427500716,1.0050248814247809,8.006610872622362e-08,0.0007642370784529554,-0.0004556257510745466,-0.0004556257510745466,0.1419433952492484,0.9975083388192701,8.04684314287165e-08,1.98436364877498,0.10150504218032924,0.002796189458333334,-0.0009297021263552415,0.0016525286617625756,0.0007554630589415717,-0.0017884964166666626,1.9829873386815078,0.10297170210825535,-0.0013763100934722772,0.0014666599279261061,0.0014632848764247293,0.9954232746100997,-4.29899265152962e-08,-0.0002571027404156172,-0.0006753028527997729,-0.0006753028527997729,0.12046309342978163,1.0023064897039209,-4.2793173427103695e-08,1.9836829661969637,0.10117694793337083,0.0036904376666666654,0.0013342760057254836,0.0009707863695330053,0.0005163415617524185,0.0032930326916666636,1.9844025190308183,0.10139885397318024,0.0007195528338546087,0.0002219060398094136,0.0002218276981499261,0.9992945128349361,1.4157559392697407e-09,0.001121268740468187,-0.0027492848491952964,-0.0027492848491952964,0.17668631246439073,1.00035316446116,1.4147571416257228e-09]"
/multi_agv/m2b_algorithm_state,1789558498.4069905,1789558498.4069905,m2b_algorithm_state_v1:header6+3x20,"[1.0,-0.15,0.52,1.9858172007766843,0.10125341943731203,1789558498.4069066,1.9843959033955871,0.10107770664112996,0.0036904376666666654,0.0015499396341490377,0.0006864426832986934,0.0005707593086751502,0.004584685874999997,1.9861142059032793,0.09841123685077163,0.0017183025076921155,-0.002666469790358325,-0.0026780459795720736,1.0087698165054202,2.380363859430334e-07,-0.0005301678449569293,0.004603097755462762,0.004603097755462762,0.14195249293205203,0.9956773747343954,2.401239213693672e-07,1.9853678155037278,0.10150521729318046,0.002796189458333334,-0.0009304403041696082,0.0016526393650599935,0.000755725453595632,-0.0017884964166666626,1.9836877827680777,0.10186963608952006,-0.0016800327356500944,0.00036441879633959673,0.0003642086825469047,0.9988484480554157,-2.6582608379678185e-09,-0.0017358322370157131,0.0050754956094347745,0.0050754956094347745,0.12046881652567541,1.0005769049524649,-2.6551997125306444e-09,1.9846870882468084,0.10117700249163533,0.0036904376666666654,0.0013343716588989996,0.000970837514422074,0.0005162734984221319,0.0032930326916666636,1.9854308583997329,0.10099753558297758,0.0007437701529244833,-0.0001794669086577494,-0.0001795183059903451,1.0005731661837143,9.263445145698656e-10,0.0007501943851652591,-0.0012464081820119308,-0.0012464081820119308,0.17670411739240902,0.9997136930837656,9.268754639200863e-10]"
/multi_agv/m2b_algorithm_state,1789558498.416917,1789558498.416917,m2b_algorithm_state_v1:header6+3x20,"[1.0,-0.15,0.52,1.9868124713687145,0.10125355906877605,1789558498.4168444,1.9853961471203112,0.10107780083681872,0.0036904376666666654,0.0015497634781541278,0.000686498714825134,0.000570806521931455,0.004584685874999997,1.9871731470038774,0.09956967167743674,0.001776999883566166,-0.0015081291593819768,-0.0015118001469358493,1.0048959211664668,7.607886835742233e-08,0.0007094497075218582,-0.0002798654327074042,-0.0002798654327074042,0.14195249404608976,0.9975717772211405,7.645134449933428e-08,1.986368108155412,0.10150534920533524,0.002796189458333334,-0.0009306869238745615,0.0016527221361837263,0.0007557893040696234,-0.0017884964166666626,1.9847066908140767,0.10186963608952006,-0.0016614173413354028,0.00036428688418481403,0.00036407692264460694,0.9988488652296789,-2.657039440488685e-09,-0.0017126947540246464,0.004993062205354899,0.004993062205354899,0.12046881587563708,1.000576695547419,-2.6539808300026236e-09,1.9856873470543293,0.10117710826978214,0.0036904376666666654,0.0013341750466477646,0.000970901606384634,0.0005163253861760263,0.0032930326916666636,1.9864677673417863,0.10179261326156239,0.000780420287457062,0.0006155049917802441,0.0006149040620657183,0.9980519078038904,1.0888262260879349e-08,0.0015904294213870459,-0.004601644464475031,-0.004601644464475031,0.17670411521061388,1.0009772739384857,1.0867050922139736e-08]"
/multi_agv/m2b_algorithm_state,1789558498.4272115,1789558498.4272115,m2b_algorithm_state_v1:header6+3x20,"[1.0,-0.15,0.52,1.9878190150846164,0.10125362511598753,1789558498.4271398,1.9863914064691883,0.10107796806548978,0.0036904376666666654,0.0015490578181586974,0.0006866056813395801,0.0005710567594147948,0.004584685874999997,1.9884667608899405,0.10010254753090808,0.002075354420752129,-0.000975420534581703,-0.000976950018808565,1.0031475836982713,3.179914510971021e-08,0.0016172430071315963,-0.0037345912616376497,-0.0037345912616376497,0.1419459720048185,0.9984344294002601,3.1899235580476495e-08,1.9873633939982602,0.10150543255642955,0.002796189458333334,-0.0009303523038126991,0.0016527678886362196,0.0007556204629605018,-0.0017884964166666626,1.9860950132187607,0.10300340896503314,-0.0012683807794995339,0.0014979764086035935,0.0014944565447446124,0.9953272488115819,-4.487564639194554e-08,-9.101942962980495e-05,-0.0012827532273733428,-0.0012827532273733428,0.12046471559617629,1.0023552801661306,-4.466595366193655e-08,1.986682613638696,0.10117727658440881,0.0036904376666666654,0.0013336265427279725,0.0009709833511331043,0.0005165206229802047,0.0032930326916666636,1.9878363331353675,0.10274623253744823,0.0011537194966715347,0.001568955953039422,0.0015650794091515597,0.9950878304004331,7.067049235653047e-08,0.003007228779990978,-0.010110309565477557,-0.010110309565477557,0.17669135909000808,1.0024768991689463,7.03233469123903e-08]"
/multi_agv/m2b_algorithm_state,1789558498.4371219,1789558498.4371219,m2b_algorithm_state_v1:header6+3x20,"[1.0,-0.15,0.52,1.9888131702927951,0.10125376794083546,1789558498.4370186,1.9873979158835426,0.10107795857081324,0.0036904376666666654,0.0015495994797183198,0.0006865982702342502,0.0005708258280833683,0.004584685874999997,1.989505683935983,0.10027513427617714,0.0021077680524403952,-0.0008028242946361008,-0.0008038590483453919,1.002585588519841,2.1546318672007567e-08,0.001830851017205102,-0.004570961663035741,-0.004570961663035741,0.14195249860375747,0.9987127672302489,2.1602028586210743e-08,1.9883699809213455,0.10150562374237114,0.002796189458333334,-0.0009313739236849602,0.0016528975101874899,0.0007559958791508448,-0.0017884964166666626,1.987172045755966,0.10348855172862399,-0.0011979351653794712,0.0019829279862528526,0.001976782901655226,0.9938487392941018,-7.869302469526169e-08,0.000479363944930887,-0.003542609837628805,-0.003542609837628805,0.12046881325571254,1.0031086289710829,-7.820896338462544e-08,1.987689148448961,0.1011772930347782,0.0036904376666666654,0.0013339049344407374,0.0009710268317135954,0.0005163773361848444,0.0032930326916666636,1.988855387350058,0.10260401686769602,0.0011662389010971275,0.0014267238329178228,0.0014235148221826317,0.9955258885786799,5.845642961067771e-08,0.002881313448554041,-0.009590916843118314,-0.009590916843118314,0.17670410637912007,1.0022542868435123,5.819488903130698e-08]"
/multi_agv/m2b_algorithm_state,1789558498.4471889,1789558498.4471889,m2b_algorithm_state_v1:header6+3x20,"[1.0,-0.15,0.52,1.9898254768959927,0.10125379332160722,1789558498.4471025,1.9883920619404762,0.10107814072997248,0.0036904376666666654,0.0015487659397143824,0.0006867166769389584,0.0005711255455785351,0.004584685874999997,1.9904865011440298,0.09978220929126635,0.0020944392035535664,-0.0012959314387061271,-0.0012986377237745252,1.0041969814792666,5.6131724339494816e-08,0.0013194112806674328,-0.0025327018211878096,-0.0025327018211878096,0.14195095486646975,0.9979160584827829,5.636730814694698e-08,1.989364148914484,0.10150569012158646,0.002796189458333334,-0.0009308908636041406,0.0016529358650672066,0.0007557665422529974,-0.0017884964166666626,1.9883063545992568,0.10156660281260665,-0.001057794315227234,6.09126910201957e-05,6.090680712843171e-05,0.9998068535781036,-7.432138919923403e-11,-0.0012613360869056108,0.0035203988398646285,0.0035203988398646285,0.12046785243443142,1.0000966048302544,-7.430703428883983e-11,1.9886833000234245,0.10117747297094744,0.0036904376666666654,0.0013332744299821117,0.0009711125054640227,0.0005166060732567754,0.0032930326916666636,1.989773520199922,0.1014628315511555,0.001090220176497514,0.0002853585802080616,0.00028522909358208735,0.9990934430204429,2.339296860375102e-09,0.0016480043142039797,-0.004651578715145157,-0.004651578715145157,0.17670111839234096,1.0004539741172547,2.337176154479073e-09]"
/multi_agv/m2b_algorithm_state,1789558498.4572082,1789558498.4572082,m2b_algorithm_state_v1:header6+3x20,"[1.0,-0.15,0.52,1.990830815085306,0.10125386356546763,1789558498.457117,1.9894043221256787,0.10107803996623799,0.0036904376666666654,0.0015499344603485065,0.0006866497642886043,0.0005706538464137208,0.004584685874999997,1.9917024039767093,0.09896813959670243,0.002298081851030531,-0.002109900369535553,-0.002117118024098433,1.0068960176121153,1.4898171545502295e-07,0.0007554842896897308,-0.00016881660253215548,-0.00016881660253215548,0.14195251149726004,0.9965908114329365,1.5000909598868394e-07,1.9903765135730058,0.10150593030092853,0.002796189458333334,-0.0009325864705449927,0.0016531100310388513,0.0007564109379639278,-0.0017884964166666626,1.9893188117321337,0.10156660281260665,-0.0010577018408721717,6.067251167812815e-05,6.0666674103771255e-05,0.9998076152581418,-7.387068614048368e-11,-0.0012614606269864433,0.003519249770193032,0.003519249770193032,0.12046880579259052,1.0000962237413396,-7.385647454759965e-11,1.989695594989294,0.10117740969765514,0.0036904376666666654,0.0013339723046827024,0.0009711357451605562,0.0005162914853361687,0.0032930326916666636,1.9911903523731294,0.10214950180768653,0.00149475738383531,0.0009720921100313945,0.000970597247416412,0.9969357622498889,2.7147659686361765e-08,0.0028390439772105498,-0.009217933914237057,-0.009217933914237057,0.17670408122029566,1.0015401471815026,2.7064472802723646e-08]"
/multi_agv/m2b_algorithm_state,1789558498.4672222,1789558498.4672222,m2b_algorithm_state_v1:header6+3x20,"[1.0,-0.15,0.52,1.9918198852061269,0.10125403394229288,1789558498.4671068,1.9904096281625434,0.10107805715063013,0.0036904376666666654,0.0015502484410527193,0.0006866540588073011,0.0005705155164795247,0.004584685874999997,1.9926687700347305,0.09902565400864538,0.0022591418721871204,-0.0020524031419847516,-0.002059229821481557,1.006703755406285,1.4099567594188689e-07,0.0007646975187523435,-0.00022704565594975972,-0.00022704565594975972,0.1419525217347035,0.9966848384645607,1.419408764667451e-07,1.9913818929922205,0.10150608834333316,0.002796189458333334,-0.0009333425424433634,0.0016532337207437742,0.0007566743335965936,-0.0017884964166666626,1.9904000969424647,0.10314034724990119,-0.0009817960497557898,0.0016342589065680285,0.0016300738238309426,0.9949101142516863,-5.357862325739946e-08,0.0004028287616362053,-0.003110657516970396,-0.003110657516970396,0.12046879985843784,1.002567419141331,-5.330591418646735e-08,1.9907009241011537,0.1011774452024396,0.0036904376666666654,0.0013341131818612306,0.0009711813855104445,0.0005162066821397431,0.0032930326916666636,1.992268370708002,0.10224628921132885,0.0015674466068482662,0.0010688440088892498,0.001067038096515381,0.9966344898593712,3.282174252857e-08,0.0030263463550757137,-0.009932444167360823,-0.009932444167360823,0.17670406114678625,1.0016924535119847,3.271128062125699e-08]"
/multi_agv/m2b_algorithm_state,1789558498.4770398,1789558498.4770398,m2b_algorithm_state_v1:header6+3x20,"[1.0,-0.15,0.52,1.9928165135609637,0.10125415347900846,1789558498.4769866,1.9913986991347778,0.10107832055247912,0.0036904376666666654,0.001548801658215962,0.0006868232289420012,0.0005710546446491214,0.004584685874999997,1.9936811921702053,0.09931982377114162,0.002282493035427491,-0.001758496781337493,-0.0017634971830678072,1.0057247849650244,1.0338856614542448e-07,0.0010896191112165564,-0.001508154504073208,-0.001508154504073208,0.14195250271340404,0.9971644968994987,1.0398044345444923e-07,1.9923709641919145,0.10150608941386391,0.002796189458333334,-0.0009321746548655047,0.001653236957362747,0.0007561664147130859,-0.0017884964166666626,1.991427780039498,0.10314034724990119,-0.0009431841524165652,0.0016342578360372811,0.0016300727588102137,0.9949101175981295,-5.351151022711553e-08,0.0004510925682895072,-0.003281801900074423,-0.003281801900074423,0.120468810876676,1.0025674174385457,-5.3239142932913026e-08,1.9916899922916884,0.10117769186053562,0.0036904376666666654,0.001333085692166241,0.0009712830048388531,0.0005165992024650508,0.0032930326916666636,1.993299758650461,0.10239620264330232,0.0016097663587726352,0.0012185107827667047,0.0012161663760978684,0.9961697746775373,4.2619612364840366e-08,0.0032283743245636624,-0.01072718770880475,-0.01072718770880475,0.17670409831114287,1.0019277022576125,4.245636964632701e-08]"
/multi_agv/m2b_algorithm_state,1789558498.48727,1789558498.48727,m2b_algorithm_state_v1:header6+3x20,"[1.0,-0.15,0.52,1.9938201372358837,0.10125422657747113,1789558498.4871829,1.9923953133051222,0.10107845800637222,0.0036904376666666654,0.001548245444201513,0.0006869181438744043,0.000571246371925435,0.004584685874999997,1.9947076824073506,0.09967343617755711,0.0023123691022284287,-0.0014050218288151062,-0.0014082055188955858,1.0045558606443212,6.596232430495124e-08,0.00148225585888995,-0.0030579034390390094,-0.0030579034390390094,0.1419524972823622,0.9977391864768599,6.626283946226012e-08,1.9933676114254104,0.10150617050697118,0.002796189458333334,-0.0009319765436941506,0.0016532935933404325,0.000756051083888154,-0.0017884964166666626,1.9917250504439177,0.10187996727717899,-0.0016425609814927356,0.0003737967702078099,0.00037357572168506985,0.9988189552875335,-2.8014239449650294e-09,-0.0016796255051808495,0.004870135886509414,0.004870135886509414,0.12046881401311126,1.0005917100868948,-2.7981153380274515e-09,1.9926866159523582,0.10117783192368199,0.0036904376666666654,0.0013326408315899696,0.0009713613137083523,0.0005167513009519125,0.0032930326916666636,1.9942260423640137,0.1022281185177438,0.0015394264116554979,0.0010502865940618111,0.001048542610355518,0.9966922410074518,3.1657318529492106e-08,0.0029728256249248906,-0.009734112440389844,-0.009734112440389844,0.17670410892150698,1.0016632454313914,3.1552603749446216e-08]"
/multi_agv/m2b_algorithm_state,1789558498.4969387,1789558498.4969387,m2b_algorithm_state_v1:header6+3x20,"[1.0,-0.15,0.52,1.9948134388425283,0.10125436291417574,1789558498.4968169,1.9933989085102575,0.10107848474687535,0.0036904376666666654,0.0015484672579355787,0.0006869422938374111,0.0005711376647174912,0.004584685874999997,1.9951510499259273,0.09924359481554927,0.0017521414156698167,-0.001834889931326078,-0.0018403373483732936,1.005978608968752,1.1254791830973445e-07,0.00034983942121397734,0.0011354224170766875,0.0011354224170766875,0.14195250444032,0.997039989949652,1.1322079830355538e-07,1.9943712712689892,0.10150631819051531,0.002796189458333334,-0.000932622945249306,0.0016534020993164145,0.0007562748391325563,-0.0017884964166666626,1.992740283808435,0.10187996727717899,-0.001630987460554234,0.0003736490866636799,0.00037342821297054607,0.9988194222929052,-2.801150632550093e-09,-0.0016653061127222465,0.004818652281485456,0.004818652281485456,0.1204688098816559,1.0005914756450158,-2.7978436565590896e-09,1.9936902319284044,0.10117787679502271,0.0036904376666666654,0.0013327115580668838,0.0009714160773347308,0.0005166921597900566,0.0032930326916666636,1.9947871041524712,0.10230766118852651,0.0010968722240667361,0.0011297843935037938,0.0011277676245203874,0.996445092782844,3.66308993213643e-08,0.002498857904603808,-0.008083722966499236,-0.008083722966499236,0.1767040949599796,1.0017882841638268,3.650067987299586e-08]"
/multi_agv/m2b_algorithm_state,1789558498.5072107,1789558498.5072107,m2b_algorithm_state_v1:header6+3x20,"[1.0,-0.15,0.52,1.9958137030658503,0.1012544526762829,1789558498.5070763,1.9943922025572025,0.10107866847148761,0.0036904376666666654,0.001547563067753829,0.0006870710300914682,0.0005714626330630243,0.004584685874999997,1.9960781153276699,0.09817015552297059,0.0016859127704673682,-0.002908512948517017,-0.00292231103462714,1.0095917666008412,2.828211659536831e-07,-0.0008149200715429298,0.005706108612265061,0.005706108612265061,0.14195249299864363,0.9952783649835264,2.855339205672886e-07,1.995364583652996,0.10150636435135299,0.002796189458333334,-0.0009320376320525866,0.0016534344314036442,0.0007560043115317633,-0.0017884964166666626,1.9937420882217045,0.10254226602295292,-0.0016224954312915596,0.0010359016715999342,0.0010342125095158005,0.9967515807876418,-2.1506390421034114e-08,-0.000993906779598649,0.002141479858221087,0.002141479858221087,0.12046881647802973,1.0016332833615835,-2.143652864920195e-08,1.994683530317386,0.10117805591968661,0.0036904376666666654,0.0013320365059191121,0.0009715062337766426,0.000516937874689107,0.0032930326916666636,1.9958605811342407,0.10276983124606864,0.0011770508168547078,0.0015917753263820361,0.0015877859317314053,0.995017736332855,7.265294548881765e-08,0.00305909945279979,-0.010308281791342163,-0.010308281791342163,0.17670411726280968,1.002512551957354,7.229096935819765e-08]"
/multi_agv/m2b_algorithm_state,1789558498.517517,1789558498.517517,m2b_algorithm_state_v1:header6+3x20,"[1.0,-0.15,0.52,1.9968191526485357,0.10125450796887346,1789558498.517304,1.9953924451360452,0.10107873931603205,0.0036904376666666654,0.0015474541962380004,0.0006871301009540253,0.0005714791000954148,0.004584685874999997,1.9969801530192544,0.09778812826349106,0.0015877078832091662,-0.0032906110525409843,-0.003308323405917846,1.0108984195552642,3.6207542051335674e-07,-0.0013236885519063882,0.007654728379762081,0.007654728379762081,0.14195249413910338,0.9946461239716835,3.6602147035676e-07,1.996364875537985,0.10150648007270492,0.002796189458333334,-0.0009323168704669649,0.001653517416403849,0.0007560821892660524,-0.0017884964166666626,1.9947624013033602,0.10254226602295292,-0.0016024742346247844,0.0010357859502480027,0.0010340971667155386,0.9967519445109392,-2.150801800161434e-08,-0.000968995626565442,0.002052496175779722,0.002052496175779722,0.12046881583351245,1.0016330994676526,-2.143815876568538e-08,1.995683788523521,0.10117813864011174,0.0036904376666666654,0.0013318856179896851,0.0009715737857443844,0.0005169681427432049,0.0032930326916666636,1.9969600649817905,0.10361009689533021,0.001276276458269443,0.0024319582552184693,0.0024227051719258297,0.9924606966058525,1.6946568034208936e-07,0.004018050744762634,-0.01415578716602446,-0.01415578716602446,0.17670411509534314,1.003819318751561,1.6818802716309473e-07]"
/multi_agv/m2b_algorithm_state,1789558498.5273893,1789558498.5273893,m2b_algorithm_state_v1:header6+3x20,"[1.0,-0.15,0.52,1.9978188633433225,0.10125459868080401,1789558498.5272572,1.9963978623393743,0.10107873052577893,0.0036904376666666654,0.0015479007083666553,0.0006871359547559568,0.0005712825120912392,0.004584685874999997,1.9979269637008685,0.09795632287896154,0.0015291013614942006,-0.003122407646817385,-0.0031383353697783762,1.0103218661313416,3.2606458077008936e-07,-0.0012269586679106255,0.007244576008454753,0.007244576008454753,0.1419525045635402,0.9949247862053328,3.294301757229702e-07,1.9973703659366777,0.10150664127708302,0.002796189458333334,-0.000933196814152402,0.0016536398644262373,0.0007563999246286979,-0.0017884964166666626,1.9956146552045522,0.10203136602404758,-0.0017557107321255483,0.0005247247469645638,0.0005242896561671444,0.9983449409101277,-5.5270282444846305e-09,-0.001670348758989791,0.004770970329829484,0.004770970329829484,0.12046880978725961,1.0008298672161495,-5.517880686148615e-09,1.9966892296695549,0.10117815210375841,0.0036904376666666654,0.0013321060437879641,0.0009716230821713804,0.0005168469565019472,0.0032930326916666636,1.9978222852919034,0.10239675653456683,0.0011330556223485555,0.0012186044308084149,0.0012162596800930328,0.9961695083978193,4.259474606565629e-08,0.0026325792080287274,-0.008604085214744449,-0.008604085214744449,0.17670409467272585,1.0019278372487055,4.243158724855477e-08]"
/multi_agv/m2b_algorithm_state,1789558498.537385,1789558498.537385,m2b_algorithm_state_v1:header6+3x20,"[1.0,-0.15,0.52,1.9988181838078534,0.10125468991410735,1789558498.537217,1.9973975522994771,0.10107881285979974,0.0036904376666666654,0.0015476880885213805,0.0006872000331020532,0.0005713413450047361,0.004584685874999997,1.9989929477318995,0.09883006239822417,0.0015953954324223751,-0.0022487504615755632,-0.002256957830793094,1.007361242618793,1.6900518517608736e-07,-0.0002627135402651251,0.0034771213080163326,0.0034771213080163326,0.14195250471303483,0.9963635256691318,1.7024927334800258e-07,1.9983701034893564,0.10150674058172328,0.002796189458333334,-0.0009333529660433852,0.0016537204381019688,0.0007564257027577737,-0.0017884964166666626,1.9966283280513037,0.10203136602404758,-0.0017417754380526507,0.000524625442324303,0.0005241905164534261,0.9983452544960512,-5.5258588223097045e-09,-0.0016530287811123872,0.004709257586012263,0.004709257586012263,0.12046880972389193,1.0008297095373253,-5.516714932268031e-09,1.9976889342411337,0.10117824260088905,0.0036904376666666654,0.0013318935266591202,0.0009716914717785912,0.000516903502615098,0.0032930326916666636,1.9987134339306245,0.10085602058829149,0.0010244996894908098,-0.0003222220125975589,-0.0003223878732426914,1.001030733469047,2.9809018820739143e-09,0.0009582367386208209,-0.001921102610337806,-0.001921102610337806,0.17670409446346916,0.9994855245531905,2.9839743974117127e-09]"
/multi_agv/m2b_algorithm_state,1789558498.5473015,1789558498.5473015,m2b_algorithm_state_v1:header6+3x20,"[1.0,-0.15,0.52,1.9998198143203616,0.10125476467168594,1789558498.5471156,1.998396852803499,0.10107889897268958,0.0036904376666666654,0.0015474395995695202,0.0006872682625850939,0.0005714135664542731,0.004584685874999997,2.0000260186132697,0.09895224701113864,0.001629165809770683,-0.0021266519615509433,-0.0021339855204403715,1.0069519983103377,1.5111423797869403e-07,-9.752825822701783e-05,0.0028412434827904216,0.0028412434827904216,0.1419525041100852,0.9965634448691504,1.5216478390578987e-07,1.9993694498399612,0.10150683470685277,0.002796189458333334,-0.0009334661638420441,0.0016537980963231558,0.0007564343782362482,-0.0017884964166666626,1.9974535299886367,0.10064448336494568,-0.0019159198513245546,-0.0008623513419070972,-0.000863538875520701,1.0027631569740758,-1.4946586030698732e-08,-0.0032584386896763943,0.010985545387689956,0.010985545387689956,0.12046881007820154,0.9986248058457267,-1.498788579412808e-08,1.9986882487801003,0.10117833606277972,0.0036904376666666654,0.0013316573607772015,0.0009717614584244692,0.0005169694688058691,0.0032930326916666636,1.9997557610420547,0.10262931924606705,0.0010675122619543398,0.0014509831832873327,0.001447664772980349,0.9954511358090469,6.035802908539125e-08,0.0027820551004232737,-0.009250881025354572,-0.009250881025354572,0.17670409563595496,1.0022922505050338,6.00834686082482e-08]"
/multi_agv/m2b_algorithm_state,1789558498.5572028,1789558498.5572028,m2b_algorithm_state_v1:header6+3x20,"[1.0,-0.15,0.52,2.000819215784569,0.10125485193688528,1789558498.55706,1.9993984586142766,0.10107894782387027,0.0036904376666666654,0.0015474467262340257,0.0006873131205010533,0.0005713871457935002,0.004584685874999997,2.0009881643375245,0.09816878407334448,0.0015897057232479028,-0.0029101637505257877,-0.002923977623782748,1.0095973526603887,2.8312095312576044e-07,-0.0009368454697228695,0.006134967158418362,0.006134967158418362,0.14195250767107415,0.9952756569870431,2.8583816475845377e-07,2.0003711119942835,0.10150694904046592,0.002796189458333334,-0.0009338539728820702,0.0016538930217664394,0.00075655310633993,-0.0017884964166666626,1.998452649111631,0.10064448336494568,-0.0019184628826525163,-0.0008624656755202437,-0.0008636535232404692,1.0027635226365692,-1.4956754187358047e-08,-0.0032617321265561144,0.010996859945847521,0.010996859945847521,0.1204688079855835,0.9986246247039338,-1.4998087516124413e-08,1.999689872352524,0.10117839715072165,0.0036904376666666654,0.0013315913855590816,0.0009718236479182686,0.0005169657197058972,0.0032930326916666636,2.0009979543173526,0.10423905416570658,0.0013080819648285669,0.0030606570149849383,0.00304607131904638,0.9905798222761351,2.6822289376485176e-07,0.004681173775082089,-0.01685337460883117,-0.01685337460883117,0.17670408861453551,1.0047883632426324,2.6569618643597753e-07]"
/multi_agv/m2b_algorithm_state,1789558498.567185,1789558498.567185,m2b_algorithm_state_v1:header6+3x20,"[1.0,-0.15,0.52,2.001819579714363,0.1012549312365806,1789558498.5670445,2.000397839884675,0.10107903030470639,0.0036904376666666654,0.001547205332490407,0.000687380646262125,0.0005714566577455058,0.004584685874999997,2.0018937264811965,0.09721894369952638,0.0014958865965213342,-0.003860086605180002,-0.0038845643977958697,1.0128661847882474,4.983407229305472e-07,-0.002014706152144202,0.010313007749850184,0.010313007749850184,0.1419525072456808,0.9936987033527476,5.047524667592804e-07,2.0013705396621666,0.1015070389533638,0.002796189458333334,-0.0009339666247247568,0.0016539716327943488,0.0007565610494355002,-0.0017884964166666626,1.9998246725277191,0.10175558446859714,-0.0015458671344474872,0.0002485455152333449,0.00024844769345303263,0.9992135874980038,-1.241316971004848e-09,-0.0016838862246063265,0.004937132736818652,0.004937132736818652,0.12046880825374963,1.0003937318916216,-1.2403407838199098e-09,2.0006892678068637,0.10117848655258571,0.0036904376666666654,0.0013313619957876373,0.0009718934268485467,0.0005170288567060829,0.0032930326916666636,2.0020242304752447,0.10224227229757948,0.0013349626683809568,0.0010637857449937727,0.0010619968417573998,0.996650271578931,3.2444740813660385e-08,0.002730700177233596,-0.008879242134485514,-0.008879242134485514,0.17670408948275693,1.0016844713336552,3.233605974324265e-08]"
/multi_agv/m2b_algorithm_state,1789558498.5771773,1789558498.5771773,m2b_algorithm_state_v1:header6+3x20,"[1.0,-0.15,0.52,2.0028146610858344,0.10125504182870022,1789558498.5771017,2.001398181645809,0.10107909592308041,0.0036904376666666654,0.001547074993557491,0.0006874385533552905,0.0005714830351526809,0.004584685874999997,2.0028930310445467,0.09786308481633874,0.0014948493987376743,-0.003216011106741676,-0.0032329199083422373,1.0106423990815898,3.4574278528311744e-07,-0.0013643581599201444,0.007765514237489805,0.007765514237489805,0.14195250851648294,0.994769804981271,3.494223179836808e-07,2.00237093216958,0.10150713660071689,0.002796189458333334,-0.0009341964818870905,0.0016540573656520507,0.0007566160924089016,-0.0017884964166666626,2.000745434136694,0.10023186008743634,-0.0016254980328862523,-0.0012752765132805488,-0.0012778817075839162,1.0041053811285896,-3.272225072611324e-08,-0.0033097542486917315,0.011333576476085905,0.011333576476085905,0.1204688074957966,0.9979613181033061,-3.28565880367292e-08,2.0016896253276992,0.10117856118594447,0.0036904376666666654,0.0013312065152616321,0.0009719601115748214,0.0005170615663827238,0.0032930326916666636,2.0028298306099095,0.09949836231174533,0.0011402052822102604,-0.0016801988741991375,-0.0016847550674739394,1.0054577321652474,8.108433598062905e-08,-0.0002594984647111139,0.002998771485596019,0.002998771485596019,0.17670408695757045,0.9972956346220503,8.152687256920824e-08]"
/multi_agv/m2b_algorithm_state,1789558498.5869737,1789558498.5869737,m2b_algorithm_state_v1:header6+3x20,"[1.0,-0.15,0.52,2.0038192980908645,0.10125508970865606,1789558498.5868723,2.0023932515625162,0.10107923946551454,0.0036904376666666654,0.0015463829140954237,0.0006875500905373141,0.0005717250081516633,0.004584685874999997,2.003982653370446,0.09947367499287607,0.001589401807929658,-0.0016055644726384738,-0.0016097280984313097,1.005217855161124,8.60438231737533e-08,0.0003770241614807627,0.0009343383709163235,0.0009343383709163235,0.14195250030555448,0.997413460200581,8.649278738058331e-08,2.003366029026737,0.10150718339410061,0.002796189458333334,-0.0009338106751460174,0.0016541038227075866,0.0007564246962011301,-0.0017884964166666626,2.001641047997224,0.099546505995984,-0.0017249810295130175,-0.001960677398116617,-0.001966867410785531,1.0063608789650924,-7.735107640021916e-08,-0.004123093697676803,0.014477146617965049,0.014477146617965049,0.12046881225706353,0.9968528571702543,-7.784309723502058e-08,2.0026847026682506,0.10117870262648555,0.0036904376666666654,0.0013306778039846126,0.000972045230402974,0.0005172464683773519,0.0032930326916666636,2.003701328032166,0.09913840237098522,0.0010166253639152245,-0.002040300255500338,-0.0020470369407757645,1.006654356117528,1.1954604178364579e-07,-0.0007762552358817339,0.004978083835741155,0.004978083835741155,0.17670410301387082,0.9967090553466643,1.2034154371811505e-07]"
/multi_agv/m2b_algorithm_state,1789558498.597233,1789558498.597233,m2b_algorithm_state_v1:header6+3x20,"[1.0,-0.15,0.52,2.0048197290012055,0.10125516337094335,1789558498.5970633,2.0033978576394653,0.10107923235544342,0.0036904376666666654,0.0015467533513085804,0.0006875648445640254,0.0005715567658267441,0.004584685874999997,2.0045269573867848,0.10009358226931014,0.0011290997473194508,-0.0009856500861332718,-0.0009872119128545652,1.0031809067313058,3.2421352969848664e-08,0.0004241627712947484,0.0004883889261730601,0.0004883889261730601,0.14195250930429065,0.9984179417803243,3.25244822697485e-08,2.004370705081327,0.101507322064975,0.002796189458333334,-0.0009345796093762344,0.0016542209713863443,0.0007566970689567992,-0.0017884964166666626,2.00263603453713,0.099546505995984,-0.001734670544196959,-0.0019608160689909976,-0.001967006952199105,1.0063613269580154,-7.74256788439938e-08,-0.004135345132445303,0.01451961920556286,0.01451961920556286,0.12046880707527831,0.9968526378612,-7.791820890206674e-08,2.003689331551802,0.10117871470554977,0.0036904376666666654,0.0013308529265613884,0.000972098063955219,0.0005171430792672163,0.0032930326916666636,2.0046046295983815,0.10166560248842064,0.0009152980465794158,0.00048688778287087064,0.000486511398601634,0.9984567653426327,6.79684053076296e-09,0.0016306339568259037,-0.0046873005496580675,-0.0046873005496580675,0.1767040854886459,1.000773639158956,6.786351410895289e-09]"
/multi_agv/m2b_algorithm_state,1789558498.607228,1789558498.607228,m2b_algorithm_state_v1:header6+3x20,"[1.0,-0.15,0.52,2.0058216433326197,0.10125522605349639,1789558498.6071072,2.004398266148905,0.10107929247719873,0.0036904376666666654,0.001546635652512369,0.0006876221391166834,0.0005715779827887846,0.004584685874999997,2.005515455762188,0.09941769486238337,0.0011171896132831094,-0.0016615976148153522,-0.0016660588064961357,1.0054033602740358,9.217287538001537e-08,-0.00026957178989224896,0.003241506301548352,0.003241506301548352,0.14195251071465384,0.9973223083942843,9.26709186331874e-08,2.005371164854383,0.10150741422431298,0.002796189458333334,-0.0009348115272069181,0.0016543075595314427,0.0007567525601088892,-0.0017884964166666626,2.003392251957061,0.10143050876408523,-0.001978912897321994,-7.690546022774691e-05,-7.69148489541409e-05,1.0002442339134439,-1.189806616800624e-10,-0.002550555970606633,0.008151801415567985,0.008151801415567985,0.12046880623591422,0.9998779335002065,-1.1900972079268866e-10,2.0046897560003294,0.10117878341131833,0.0036904376666666654,0.0013307081998683067,0.0009721647022395315,0.0005171711516579608,0.0032930326916666636,2.0057029979907215,0.10066969923966214,0.0010132419903920997,-0.0005090841716561961,-0.0005094987645878211,1.0016319103313371,7.435070448462134e-09,0.0007570537234023036,-0.001123254612821355,-0.001123254612821355,0.1767040827138524,0.9991862729403076,7.447203816741199e-09]"
/multi_agv/m2b_algorithm_state,1789558498.6172085,1789558498.6172085,m2b_algorithm_state_v1:header6+3x20,"[1.0,-0.15,0.52,2.006820586630407,0.10125530608947693,1789558498.6170878,2.005400155026108,0.10107932901455685,0.0036904376666666654,0.0015466764506070797,0.0006876643135154119,0.0005715383626168855,0.004584685874999997,2.006309765986582,0.09863475352390172,0.0009096109604742608,-0.002444575490655132,-0.0024542887524475316,1.00801984357331,1.996160009206301e-07,-0.0013172750518547056,0.00727276761258994,0.00727276761258994,0.14195251478755197,0.9960423312934499,2.0121689002274328e-07,2.006373111795076,0.10150751780698217,0.002796189458333334,-0.0009352119838346639,0.0016544053873688291,0.0007568752604573264,-0.0017884964166666626,2.0044006977085016,0.10143050876408523,-0.0019724140865742257,-7.700904289693888e-05,-7.701845692556288e-05,1.0002445628122936,-1.1935244229884948e-10,-0.002542536065143345,0.008122981317880563,0.008122981317880563,0.12046880388351228,0.9998777691867665,-1.193816314677922e-10,2.005691663176675,0.10117883133895016,0.0036904376666666654,0.0013306699795482412,0.0009722261418308566,0.0005171557618002319,0.0032930326916666636,2.0064905812586504,0.09729075512329427,0.0007989180819754083,-0.0038880762156558862,-0.003912882461691777,1.0129464097995322,4.346417390060546e-07,-0.002914234859222517,0.013256224494299328,0.013256224494299328,0.17670407475410013,0.993660365145452,4.402687890752083e-07]"
/multi_agv/m2b_algorithm_state,1789558498.627172,1789558498.627172,m2b_algorithm_state_v1:header6+3x20,"[1.0,-0.15,0.52,2.0078199821043365,0.10125538137004823,1789558498.62699,2.006399078914375,0.10107941070979841,0.0036904376666666654,0.0015463875889929167,0.0006877366767488622,0.0005716259335525774,0.004584685874999997,2.0078112989350605,0.09929783946421616,0.0014122200206854174,-0.0017815712455822447,-0.0017867045525037223,1.0058013261264074,1.0595533240947427e-07,-2.142952664695055e-05,0.002418951615972019,0.002418951615972019,0.14195251352144275,0.9971269413769142,1.0657001384761352e-07,2.007372080394265,0.1015075900348853,0.002796189458333334,-0.0009352490241165993,0.0016544812915735285,0.0007568518362251059,-0.0017884964166666626,2.005465392965104,0.09946601419597564,-0.0019066874291611136,-0.002041575838909654,-0.0020482912573367372,1.0066293421178125,-8.399935861440182e-08,-0.00443165054378813,0.015594697918176803,0.015594697918176803,0.12046880461756904,0.9967214533562894,-8.455621910033351e-08,2.0066906005825818,0.10117891752374708,0.0036904376666666654,0.0013304144165514303,0.0009722976764990456,0.0005172293304563191,0.0032930326916666636,2.007830725986155,0.09682818934178027,0.0011401254035732222,-0.004350728181966815,-0.004381897185397811,1.014562022868384,5.442861615987347e-07,-0.002956740430931283,0.013588786380538835,0.013588786380538835,0.17670407722396336,0.9928868702043345,5.522120691308804e-07]"
/multi_agv/m2b_algorithm_state,1789558498.6372914,1789558498.6372914,m2b_algorithm_state_v1:header6+3x20,"[1.0,-0.15,0.52,2.008815943156397,0.10125547634310895,1789558498.6371326,2.007398454076684,0.1010794827802288,0.0036904376666666654,0.0015461593150181406,0.0006878046616390237,0.0005716895196262589,0.004584685874999997,2.008982908068678,0.1010909925699305,0.0015844539919940281,1.150978970169969e-05,1.150957832733781e-05,0.9999632721051345,4.4162378682597436e-12,0.001992077068319873,-0.00553118289090836,-0.00553118289090836,0.14195251309612028,1.0000183650830525,4.416075669139617e-12,2.0083715022042274,0.1015076660054081,0.002796189458333334,-0.0009353486038005919,0.0016545602996731468,0.0007568539060795743,-0.0017884964166666626,2.0064313081095304,0.09916116715919457,-0.0019401940946970342,-0.0023464988462135322,-0.0023553904771252947,1.0076457047229783,-1.1099893429653624e-07,-0.0047806330954965875,0.01694082172997675,0.01694082172997675,0.12046880489070115,0.9962249864733195,-1.1184759937273282e-07,2.0076899900320977,0.10117899532450783,0.0036904376666666654,0.0013301985980360945,0.0009723679730037071,0.0005172863154530444,0.0032930326916666636,2.0090428771326483,0.0995039523525724,0.0013528871005505927,-0.0016750429719354365,-0.0016795710432428777,1.0054406366447166,8.052600878040742e-08,1.1537832445363124e-05,0.002039095699069262,0.002039095699069262,0.17670407812589,0.9973040310943332,8.096412153463088e-08]"
/multi_agv/m2b_algorithm_state,1789558498.64728,1789558498.64728,m2b_algorithm_state_v1:header6+3x20,"[1.0,-0.15,0.52,2.009816401360099,0.10125554069160925,1789558498.6471963,2.008394401803868,0.10107960414524354,0.0036904376666666654,0.0015455737100126539,0.0006879075938121201,0.0005718898160909615,0.004584685874999997,2.010098575211251,0.10186795820069057,0.0017041734073828252,0.000788354055447027,0.0007873682094922363,0.9975064344546167,2.0699292791984434e-08,0.0029175849687207676,-0.009196341003800438,-0.009196341003800438,0.14195250644444787,1.0012520774180438,2.0647677748664543e-08,2.009367481007945,0.10150770941662147,0.002796189458333334,-0.0009350556464855784,0.0016546135546446905,0.00075669922053756,-0.0017884964166666626,2.0076244340076497,0.10087889517937251,-0.0017430470002954834,-0.0006288142372489619,-0.0006294445408632713,1.002009506070076,-7.959500580766603e-09,-0.002808253291232626,0.009294412073347712,0.009294412073347712,0.1204688087128951,0.9989986351880263,-7.975495245498427e-09,2.0086859466573777,0.10117911546746185,0.0036904376666666654,0.001329744725519315,0.0009724504294746257,0.0005174401624652124,0.0032930326916666636,2.010164281523788,0.09850490121675826,0.001478334866410247,-0.002674214250703591,-0.0026858426601772158,1.008784172977516,2.053122306776404e-07,-0.0008379240771644071,0.005468308390201368,0.005468308390201368,0.1767040910440523,0.9956704800150662,2.0711572882631246e-07]"
/multi_agv/m2b_algorithm_state,1789558498.6571913,1789558498.6571913,m2b_algorithm_state_v1:header6+3x20,"[1.0,-0.15,0.52,2.0108161820492287,0.10125560780547184,1789558498.6570466,2.009394837568032,0.10107965227852773,0.0036904376666666654,0.001545501393745432,0.0006879652765744201,0.0005718911595670339,0.004584685874999997,2.0103863197069654,0.09979262993070623,0.0009914821389331863,-0.0012870223478215065,-0.0012896913177395072,1.004167625365251,5.524518981599109e-08,-5.033864407302433e-05,0.0023000800210515177,0.0023000800210515177,0.141952507919208,0.9979305358721972,5.5475431070376315e-08,2.0103679679046578,0.101507796916353,0.002796189458333334,-0.0009353191653476145,0.0016546996336748165,0.000756768674231259,-0.0017884964166666626,2.0086327770747268,0.10087889517937251,-0.0017351908299310104,-0.0006289017369804917,-0.0006295322156918325,1.0020097853100676,-7.963956942127528e-09,-0.0027985207531055953,0.009259711264745387,0.009259711264745387,0.1204688078627958,0.9989984965095903,-7.979962785799828e-09,2.0096863986076086,0.10117917287994702,0.0036904376666666654,0.0013296297163764054,0.0009725180994963004,0.000517454816694993,0.0032930326916666636,2.010994812989407,0.09626294527080372,0.0013084143817985172,-0.0049162276091433005,-0.004956194765649734,1.0165588682562214,6.948019794535571e-07,-0.0033206767884015878,0.015080506902936755,0.015080506902936755,0.17670408818376449,0.9919359189062873,7.063071138954904e-07]"
/multi_agv/m2b_algorithm_state,1789558498.6672065,1789558498.6672065,m2b_algorithm_state_v1:header6+3x20,"[1.0,-0.15,0.52,2.011816507381848,0.10125566987196699,1789558498.6670673,2.01039459715903,0.10107970989215527,0.0036904376666666654,0.0015453534851805118,0.0006880296954125953,0.0005719217653835038,0.004584685874999997,2.0112434892368443,0.09846300790368621,0.000848892077814245,-0.0026167019884690557,-0.0026278456178005184,1.0086010981747873,2.2854592433482127e-07,-0.001566730520532712,0.0082217924136771,0.0082217924136771,0.14195250814469523,0.995759404869153,2.3051167026747258e-07,2.0113677756788815,0.10150787556621518,0.002796189458333334,-0.000935496507129473,0.0016547808889590954,0.0007568032822300175,-0.0017884964166666626,2.0092086681187546,0.10020981840464538,-0.0021591075601268273,-0.0012980571615698044,-0.0013007566996955245,1.0041797518282458,-3.394933207095198e-08,-0.003999641149854059,0.013779244866162534,0.013779244866162534,0.12046880772716545,0.997924640229528,-3.409123185374327e-08,2.010686173309774,0.10117923795804508,0.0036904376666666654,0.0013294657980637164,0.0009725879877793275,0.000517489517271041,0.0032930326916666636,2.0114601043876714,0.09611191581180867,0.0007739310778975828,-0.005067322146236411,-0.00510983181909427,1.0170965381668122,7.381424389664289e-07,-0.004142417971722292,0.018001982230910756,0.018001982230910756,0.176704087714668,0.9916808078303065,7.507621193467623e-07]"
/multi_agv/m2b_algorithm_state,1789558498.6772127,1789558498.6772127,m2b_algorithm_state_v1:header6+3x20,"[1.0,-0.15,0.52,2.0128163474254115,0.10125573350025245,1789558498.677103,2.0113949002542544,0.10107975782481715,0.0036904376666666654,0.0015452662980037887,0.000688088478440995,0.0005719289824281992,0.004584685874999997,2.012186682345918,0.0985360758860026,0.0007917820916634177,-0.002543681938814546,-0.0025542065243671012,1.0083542243804486,2.1594604178031035e-07,-0.001564478909787829,0.008182995335074559,0.008182995335074559,0.14195250937760154,0.9958795087820225,2.177501034674128e-07,2.012368129486337,0.10150795747096375,0.002796189458333334,-0.0009357363117765633,0.001654866313466119,0.0007568627969902625,-0.0017884964166666626,2.010211668191167,0.10020981840464538,-0.002156461295170331,-0.0012981390663183712,-0.0013008389438114347,1.0041800148226658,-3.39623092520005e-08,-0.0039964155627743485,0.0137676396759721,0.0137676396759721,0.12046880701675791,0.9979245105584301,-3.4104272208085826e-08,2.011686492404954,0.10117929432012009,0.0036904376666666654,0.0013293430765022288,0.000972655967334912,0.0005175073534767365,0.0032930326916666636,2.0126701579583237,0.09880888526960677,0.000983665553369928,-0.0023704090505133196,-0.0023795245532239316,1.0077596911470879,1.6123198876064107e-07,-0.0011499426115115217,0.006435018306242461,0.006435018306242461,0.17670408532428475,0.9961691915730554,1.624830991964544e-07]"
/multi_agv/m2b_algorithm_state,1789558498.6878378,1789558498.6878378,m2b_algorithm_state_v1:header6+3x20,"[1.0,-0.15,0.52,2.013816355260038,0.10125579449654216,1789558498.686996,2.01239471902138,0.10107981219636065,0.0036904376666666654,0.0015451253628845844,0.0006881520621107909,0.0005719569999054012,0.004584685874999997,2.0136436390672006,0.1002185982017728,0.0012489200458207783,-0.0008612139945878561,-0.0008624052326225576,1.0027754001238673,2.472362836305278e-08,0.0006987448246534153,-0.0005413343592638223,-0.0005413343592638223,0.14195250971554677,0.998618702682173,2.4792246324274047e-08,2.013367996853491,0.1015080325319354,0.002796189458333334,-0.0009359137973557023,0.0016549482842389551,0.0007568970950488502,-0.0017884964166666626,2.0115593662038775,0.10043568061288781,-0.0018086306496134519,-0.0010723519190475872,-0.0010741911432698864,1.0034441669207323,-2.3176360434854563e-08,-0.003334979455286701,0.011338999929931842,0.011338999929931842,0.12046880681356407,0.9982878054489441,-2.3256183688807258e-08,2.0126863264013632,0.10117935577246129,0.0036904376666666654,0.001329185793795071,0.0009727255176839701,0.0005175393535062317,0.0032930326916666636,2.013917111374287,0.09740890555731554,0.0012307849729236153,-0.003770450215145743,-0.0037937574800809724,1.0125381449776822,4.0825404768377135e-07,-0.0022552762639264532,0.010900613425468398,0.010900613425468398,0.17670408463123047,0.9938564167431356,4.133727961213561e-07]"
/multi_agv/m2b_algorithm_state,1789558498.6976006,1789558498.6976006,m2b_algorithm_state_v1:header6+3x20,"[1.0,-0.15,0.52,2.014821683350865,0.10125582029004838,1789558498.6973264,2.013394705218626,0.10107986263901561,0.0036904376666666654,0.001545004538593488,0.0006882138495337027,0.0005719772344629835,0.004584685874999997,2.014798762908618,0.1004421653935213,0.0014040576899918555,-0.000637697245494312,-0.0006383492835185828,1.0020498963699973,1.3552461616058272e-08,0.0011167228289712366,-0.00212397775470324,-0.00212397775470324,0.14195251038442158,0.9989785560333414,1.3580242757929557e-08,2.0143680324512845,0.1015081073714599,0.002796189458333334,-0.0009361095488634756,0.0016550315737382526,0.0007569386247531784,-0.0017884964166666626,2.0125635994741193,0.10043568061288781,-0.001804432977165149,-0.0010724267585720954,-0.001074266238703393,1.0034444067308745,-2.318443687654842e-08,-0.0033298074601598292,0.011320544002073274,0.011320544002073274,0.12046880645180146,0.9982876869205927,-2.3264293506977538e-08,2.0136863281102046,0.10117941347915102,0.0036904376666666654,0.001329042651196296,0.0009727944587548448,0.0005175655412476029,0.0032930326916666636,2.014719915021329,0.09512934895041555,0.0010335869111242069,-0.006050064528735466,-0.006111108935722855,1.0206365593365172,1.0524907610076385e-06,-0.004819125296817596,0.020719724393302014,0.020719724393302014,0.1767040833920105,0.9900109116644036,1.0742105490483087e-06]"
/multi_agv/m2b_algorithm_state,1789558498.707456,1789558498.707456,m2b_algorithm_state_v1:header6+3x20,"[1.0,-0.15,0.52,2.015827938660028,0.1012558397370145,1789558498.7072897,2.0144000007315492,0.10107983119463385,0.0036904376666666654,0.0015454562683776241,0.0006882210303010611,0.0005717776941032146,0.004584685874999997,2.0157680877814226,0.09950490139459293,0.0013680870498733455,-0.0015749298000409112,-0.001578935098903851,1.0051164901881517,8.274011977644557e-08,0.00013117371343783078,0.0017874528586837776,0.0017874528586837776,0.14195252059509575,0.9974632910081481,8.316345878744825e-08,2.015373401690142,0.1015082295523125,0.002796189458333334,-0.0009369247716482327,0.001655155017829646,0.0007572277867923666,-0.0017884964166666626,2.0136777990068797,0.10123321608959325,-0.0016956026832621873,-0.0002750134627192563,-0.0002751337021642522,1.0008753362362015,-1.5251373281539284e-09,-0.0023946370562419866,0.00767941496130388,0.00767941496130388,0.12046880052850639,0.9995629781300871,-1.526472336122445e-09,2.014691647630905,0.1011794001231988,0.0036904376666666654,0.0013292817825684288,0.0009728446252746268,0.0005174357938174758,0.0032930326916666636,2.0157660354040963,0.09582655852500274,0.0010743877731913543,-0.005352841598196059,-0.005400378147635673,1.0181173318760408,8.236942774402518e-07,-0.00405739343114648,0.017813742129282675,0.017813742129282675,0.1767040634168748,0.9911975517009998,8.386174200290325e-07]"
/multi_agv/m2b_algorithm_state,1789558498.7175503,1789558498.7175503,m2b_algorithm_state_v1:header6+3x20,"[1.0,-0.15,0.52,2.016820651957777,0.10125594408183251,1789558498.7174351,2.015406221477713,0.10107978993228557,0.0036904376666666654,0.0015459669224813532,0.0006882180438041452,0.0005715579009364369,0.004584685874999997,2.016582314196954,0.09788012217990924,0.0011760927192407955,-0.003199667752376331,-0.0032164029241477997,1.010586279637251,3.419878704975302e-07,-0.0017462870250968053,0.009097578426931869,0.009097578426931869,0.14195253246527081,0.9947969293132319,3.45608249727165e-07,2.0163797008436184,0.10150835243228401,0.002796189458333334,-0.0009377984641061807,0.0016552865507697412,0.0007575380858085151,-0.0017884964166666626,2.0146872990673224,0.10123321608959325,-0.0016924017762960375,-0.00027513634269075993,-0.00027525668952077303,1.0008757271131221,-1.5279232888296592e-09,-0.00239075890989082,0.007664838762977896,0.007664838762977896,0.12046879363036293,0.999562783268873,-1.529261332680458e-09,2.015697893658754,0.10117937684647393,0.0036904376666666654,0.001329565837029738,0.0009728903280972201,0.0005172888957486674,0.0032930326916666636,2.0169812106251745,0.09863947145547813,0.001283316966420589,-0.0025399053909958003,-0.002550384457923547,1.008330393137848,1.8516568989636914e-07,-0.0009462382498978106,0.005791204798328949,0.005791204798328949,0.17670404016594907,0.9958911814667039,1.8670819288884674e-07]"
/multi_agv/m2b_algorithm_state,1789558498.7274394,1789558498.7274394,m2b_algorithm_state_v1:header6+3x20,"[1.0,-0.15,0.52,2.0178224669607725,0.10125598837939227,1789558498.7273302,2.016398927810105,0.10107995753146329,0.0036904376666666654,0.0015449868369650315,0.0006883523897586834,0.0005719128482973372,0.004584685874999997,2.0174994308298477,0.09773730883932291,0.001100503019742849,-0.0033426486921403764,-0.003360932527462494,1.0110770414662984,3.7303225410995935e-07,-0.0019853037527839327,0.009994395245975955,0.009994395245975955,0.14195252000858793,0.9945598921808997,3.771643478570021e-07,2.0173724245239155,0.10150834234286242,0.002796189458333334,-0.0009370438409241821,0.0016553176984155371,0.0007571947830897485,-0.0017884964166666626,2.0147631290441392,0.10109413924748553,-0.0026092954797762857,-0.0004142030953768888,-0.0004144761331185683,1.0013204428309106,-3.4603866116365374e-09,-0.0036760954828389254,0.012280100184362184,0.012280100184362184,0.12046880086720944,0.9993412461662746,-3.4649558543300518e-09,2.0166906035393106,0.1011795323711718,0.0036904376666666654,0.0013288626818660247,0.0009729821192504765,0.0005175459413378661,0.0032930326916666636,2.0179775779260907,0.09695689679529411,0.0012869743867800487,-0.004222635575877695,-0.004251967817724147,1.0141129698291682,5.120685130327525e-07,-0.002643249834249086,0.012440658283204037,0.012440658283204037,0.1767040645487094,0.9931014901561152,5.192953205076508e-07]"
/multi_agv/m2b_algorithm_state,1789558498.737408,1789558498.737408,m2b_algorithm_state_v1:header6+3x20,"[1.0,-0.15,0.52,2.0188232529067514,0.1012560380460925,1789558498.7373276,2.0174007175206823,0.10107997916100975,0.0036904376666666654,0.0015450378873181326,0.0006883954600843004,0.0005718683178813242,0.004584685874999997,2.017941776236726,0.09989773403242,0.0005410587160437075,-0.0011822451285897484,-0.0011844954352077932,1.0038237979415898,4.6598884100272695e-08,-0.0005081720401531589,0.0038713444933017186,0.0038713444933017186,0.1419525238996726,0.9981001981509112,4.67770688173757e-08,2.018374271926739,0.10150842275606153,0.002796189458333334,-0.0009374104316675655,0.0016554148979004424,0.0007573031300077832,-0.0017884964166666626,2.0157727416552476,0.10109413924748553,-0.002601530271491459,-0.00041428350857600216,-0.0004145566522116057,1.001320698948734,-3.4630835558527945e-09,-0.0036664694915759296,0.012245643849396885,0.012245643849396885,0.1204687986044896,0.9993411186766721,-3.467657246664387e-09,2.0176924114348953,0.10117956322110554,0.0036904376666666654,0.0013288395728968012,0.0009730439321476107,0.0005175238068392302,0.0032930326916666636,2.017826394284049,0.09486594413337959,0.00013398284915355774,-0.006313619087725944,-0.006380228886065955,1.0215986149610172,1.1461857971776996e-06,-0.006212750324624008,0.025646934647520853,0.025646934647520853,0.17670405693158492,0.9895599672786847,1.1709418228847274e-06]"
/multi_agv/m2b_algorithm_state,1789558498.7472258,1789558498.7472258,m2b_algorithm_state_v1:header6+3x20,"[1.0,-0.15,0.52,2.0198197968060265,0.10125611303959503,1789558498.7470217,2.0184014802811476,0.10108001680497604,0.0036904376666666654,0.0015449672331055487,0.0006884488577362899,0.0005718711695783247,0.004584685874999997,2.0190460491716107,0.10044740967007675,0.0006445688904630487,-0.0006326071348992934,-0.000633248779332388,1.0020334128348714,1.3336594683988487e-08,0.00017246233374642282,0.0012181900672606385,0.0012181900672606385,0.1419525259601396,0.9989867419345507,1.3363713486792387e-08,2.019375087775101,0.10150849008856719,0.002796189458333334,-0.0009376403409305416,0.0016555046050479305,0.0007573561274240997,-0.0017884964166666626,2.0168160490064215,0.10147972646575776,-0.002559038768679578,-2.8763622809430123e-05,-2.8764935658509436e-05,1.0000912953216596,-1.6693394744477163e-11,-0.003227563396507982,0.010531988393829253,0.010531988393829253,0.12046879742069187,0.9999543593945456,-1.669491877331995e-11,2.0186931906640067,0.10117960724473424,0.0036904376666666654,0.0013287375107419413,0.0009731089717361701,0.0005175342170508595,0.0032930326916666636,2.01888868970772,0.09801493673847896,0.0001954990437131876,-0.003164670506255282,-0.0031810154647646752,1.010452506193506,2.8740012104665866e-07,-0.0029366416601231907,0.013043110731831039,0.013043110731831039,0.17670405292497388,0.9948617167409458,2.904041725919132e-07]"
/multi_agv/m2b_algorithm_state,1789558498.7571647,1789558498.7571647,m2b_algorithm_state_v1:header6+3x20,"[1.0,-0.15,0.52,2.02081762495753,0.10125617781721075,1789558498.757011,2.0193980096610873,0.10108011755532856,0.0036904376666666654,0.001544442003618333,0.0006885453221949329,0.000572048659660168,0.004584685874999997,2.020056976673091,0.09946929304078304,0.0006589670120038527,-0.0016108245145455141,-0.0016150155828118218,1.0052351981670666,8.64997793935659e-08,-0.000791306817807006,0.0050583266102438035,0.0050583266102438035,0.1419525203751882,0.997404936329462,8.695262288009876e-08,2.0203716510004224,0.10150851622247292,0.002796189458333334,-0.0009373717549248429,0.001655562583187109,0.0007572095486337027,-0.0017884964166666626,2.0180576300417825,0.10242631357114912,-0.002314020958639862,0.000917797348676197,0.0009164702463697198,0.9971181418823203,-1.697989920420856e-08,-0.0019760559519301077,0.00568601180547648,0.00568601180547648,0.12046880065293954,1.001448058255829,-1.6930965543849528e-08,2.0196897297565704,0.10117970534098358,0.0036904376666666654,0.0013283336487691214,0.0009731886742441196,0.0005176678186740074,0.0032930326916666636,2.0201364717975316,0.1008699319040527,0.0004467420409612899,-0.00030977343693087966,-0.000309926712121494,1.000990753340281,2.7476195508779794e-09,0.00024850083908011834,0.0005863843725074186,0.0005863843725074186,0.17670406382349446,0.9995054469827234,2.750341764125833e-09]"
/multi_agv/m2b_algorithm_state,1789558498.7676747,1789558498.7676747,m2b_algorithm_state_v1:header6+3x20,"[1.0,-0.15,0.52,2.0218283860569577,0.10125615847055817,1789558498.767446,2.020395820760916,0.10108019395555236,0.0036904376666666654,0.001544084206130288,0.0006886291404919467,0.0005721601527830327,0.004584685874999997,2.02093274397538,0.09789405664092206,0.0005369232144643021,-0.0031861373146302996,-0.0032027294735289843,1.0105398589450239,3.3868511931240476e-07,-0.0025315754554486067,0.011845528711540527,0.011845528711540527,0.14195251710726609,0.9948193692174687,3.422548126967361e-07,2.021369501387813,0.10150855662949836,0.002796189458333334,-0.0009372831321419121,0.001655629290849614,0.000757136436862843,-0.0017884964166666626,2.0191290275436424,0.10226961652264491,-0.0022404738441705874,0.0007610598931465512,0.0007601462750128267,0.997606020926193,-1.1675805021194816e-08,-0.0020404460302004077,0.005982362383641636,0.005982362383641636,0.12046880254150336,1.0012018977975115,-1.1647853388304224e-08,2.0206875527238606,0.10117978286658151,0.0036904376666666654,0.001328038513174873,0.0009732646518516358,0.0005177562291844556,0.0032930326916666636,2.02126965468187,0.09891292552998752,0.000582101958009229,-0.002266857336593986,-0.002275187260516926,1.0074120242054971,1.472977226765508e-07,-0.0015475598130053896,0.007789388831038314,0.007789388831038314,0.17670407020883133,0.9963387963410769,1.48389496962444e-07]"
/multi_agv/m2b_algorithm_state,1789558498.7772946,1789558498.7772946,m2b_algorithm_state_v1:header6+3x20,"[1.0,-0.15,0.52,2.0228182924227682,0.1012562715207939,1789558498.7771554,2.0214065382061586,0.10108007000540718,0.0036904376666666654,0.0015451397062406086,0.000688580153482565,0.000571728118427783,0.004584685874999997,2.0219408867790194,0.09910893439469509,0.0005343485728608321,-0.001971135610712091,-0.001977428350961384,1.0064322555203933,1.2961415353283874e-07,-0.0013094926348853437,0.0070420280040996725,0.0070420280040996725,0.14195253709338132,0.9968177151671596,1.3044786488742145e-07,2.0223803171440937,0.10150871785849225,0.002796189458333334,-0.0009387296524471511,0.0016557932614076343,0.0007576781638022195,-0.0017884964166666626,2.020157194622005,0.10226961652264491,-0.002223122522088783,0.0007608986641526594,0.0007599854339600274,0.9976065289447303,-1.1688863068915443e-08,-0.002018917718650951,0.00590435504852542,0.00590435504852542,0.12046879094657714,1.001201641704991,-1.1660886113490984e-08,2.0216983028206212,0.1011796875477751,0.0036904376666666654,0.0013286835985263754,0.0009732953764405089,0.0005174606292309815,0.0032930326916666636,2.022112785396966,0.09738277870266132,0.000414482576344799,-0.0037969088451137722,-0.0038205489608597633,1.0126298125770081,4.138537223769379e-07,-0.0033024457404287645,0.0145768861309956,0.0145768861309956,0.17670403110907468,0.9938123772295091,4.1908061732485575e-07]"
/multi_agv/m2b_algorithm_state,1789558498.78724,1789558498.78724,m2b_algorithm_state_v1:header6+3x20,"[1.0,-0.15,0.52,2.0238255357675885,0.10125627204739417,1789558498.7871044,2.022396443414365,0.10108027107456899,0.0036904376666666654,0.001543880159724537,0.0006887426068709955,0.000572189580386281,0.004584685874999997,2.0230653960582456,0.10078754472948309,0.0006689526438807825,-0.00029272634508589745,-0.00029286338097891457,1.000937307625435,2.852933690352673e-09,0.0005433274238720634,-0.0002513221526079163,-0.0002513221526079163,0.14195251957483818,0.9995320825274943,2.8556077668555015e-09,2.023370226735142,0.10150867319078342,0.002796189458333334,-0.0009376496981751505,0.0016558029371220861,0.0007572050099685368,-0.0017884964166666626,2.021180368628865,0.10111017801982215,-0.0021898581062771427,-0.00039849517096127163,-0.0003987478612466766,1.0012701352967528,-3.2049362430902083e-09,-0.003136070494093105,0.010358788700665866,0.010358788700665866,0.12046880110478804,0.9993662905561049,-3.2090069457363994e-09,2.0226882071187973,0.10117987029702932,0.0036904376666666654,0.00132779708477121,0.0009733967343583455,0.000517792177283222,0.0032930326916666636,2.023079907181818,0.09786356921566718,0.00039170006302091664,-0.003316301081362147,-0.0033342702565839193,1.0109719166731457,3.154074634461764e-07,-0.0028446451778077735,0.01278038289194459,0.01278038289194459,0.1767040653713458,0.9946107622241208,3.188680878531961e-07]"
/multi_agv/m2b_algorithm_state,1789558498.7971656,1789558498.7971656,m2b_algorithm_state_v1:header6+3x20,"[1.0,-0.15,0.52,2.0248210317646205,0.1012563470001379,1789558498.7970488,2.0234036504901334,0.10108019911009308,0.0036904376666666654,0.001544553330224525,0.0006887300561713157,0.0005719043177357993,0.004584685874999997,2.02417781339583,0.10185929937615137,0.0007741629056967625,0.0007791002660582913,0.0007781373685726965,0.9975354649464085,2.020293607714516e-08,0.0017458410006936497,-0.005021708575064961,-0.005021708575064961,0.14195253323769466,1.0012374389464946,2.0153145232997567e-08,2.0243775157146278,0.10150879782426647,0.002796189458333334,-0.0009386729199728086,0.0016559398411173376,0.0007575773306169181,-0.0017884964166666626,2.0222799682138173,0.10223008628295419,-0.0020975475008104816,0.0007212884586877133,0.0007204675882636059,0.997730104358478,-1.0503220569968605e-08,-0.001901466787749496,0.005503320663600682,0.005503320663600682,0.1204687931937355,1.0011393578801868,-1.0479379355374889e-08,2.023695441098005,0.10117981920782294,0.0036904376666666654,0.0013281888699476102,0.0009734398133164797,0.0005175999468252693,0.0032930326916666636,2.024380993194707,0.10049125477556681,0.000685552096702402,-0.0006885644322561363,-0.0006893239087495698,1.0022117041481262,1.357762732415486e-08,0.00016761621212843276,0.0010437684970971935,0.0010437684970971935,0.17670403862872183,0.9988982298687258,1.3607657018829405e-08]"
/multi_agv/m2b_algorithm_state,1789558498.8071604,1789558498.8071604,m2b_algorithm_state_v1:header6+3x20,"[1.0,-0.15,0.52,2.0258207855751085,0.10125639290185129,1789558498.8070314,2.024399134195115,0.10108031138140615,0.0036904376666666654,0.0015439109186240465,0.0006888366668161615,0.0005721273237704604,0.004584685874999997,2.025183659248433,0.1008101745561488,0.0007845250533180526,-0.0002701368252573527,-0.00027025350729174017,1.0008647545417313,2.4296144567052117e-09,0.0007104028093558256,-0.0008541408155063241,-0.0008541408155063241,0.1419525258002161,0.9995682496943085,2.4317154768413034e-09,2.0253730283866886,0.10150880424480355,0.002796189458333334,-0.0009382586372401322,0.0016559898662045214,0.0007573717339969394,-0.0017884964166666626,2.0234621500962455,0.10298526025740794,-0.0019108782904431187,0.0014764560126043907,0.0014730361553835277,0.9953934586033012,-4.396601107974924e-08,-0.0009155617076703707,0.001661299437214307,0.001661299437214307,0.1204687975237137,1.0023216383442894,-4.376347982966266e-08,2.024690932712058,0.101179925374204,0.0036904376666666654,0.001327711643005635,0.0009735224617005494,0.0005177638168713432,0.0032930326916666636,2.025429071304423,0.0998207843561404,0.0007381385923652672,-0.0013591410180636004,-0.0013621150853229986,1.0043988172871303,5.29061735068842e-08,-0.0004394418448664145,0.003489015741322895,0.003489015741322895,0.1767040532769079,0.997816581512499,5.31388980975022e-08]"
/multi_agv/m2b_algorithm_state,1789558498.8171747,1789558498.8171747,m2b_algorithm_state_v1:header6+3x20,"[1.0,-0.15,0.52,2.026824899458553,0.1012564097722597,1789558498.817092,2.0253988671699616,0.10108035348300871,0.0036904376666666654,0.001543761443013443,0.0006889005935382107,0.0005721588644544386,0.004584685874999997,2.0259911387905616,0.09947287085881809,0.0005922716205999379,-0.0016074826241906232,-0.0016116562022483948,1.0052241238040123,8.610299353637489e-08,-0.0008713166764984725,0.005338586532905625,0.005338586532905625,0.14195252598322558,0.9974103794271078,8.655280623450498e-08,2.026372809074463,0.10150885354966911,0.002796189458333334,-0.0009383789453582978,0.0016560704980626006,0.0007573819434534557,-0.0017884964166666626,2.0244868263506834,0.10298526025740794,-0.001885982723779378,0.0014764067077388254,0.0014729870799387265,0.9953936129452955,-4.396870357123104e-08,-0.0008844913247854961,0.0015503326940963674,0.0015503326940963674,0.12046879740694241,1.002321559942156,-4.3766166704288384e-08,2.0256906804809014,0.10117997167287605,0.0036904376666666654,0.001327558856914766,0.0009735912527154781,0.0005177942624702454,0.0032930326916666636,2.0263258439719976,0.09844860823337019,0.0006351634910961579,-0.002731363439505863,-0.0027434992456772203,1.0089775518127837,2.138362539890315e-07,-0.001949544881807023,0.009397989258287545,0.009397989258287545,0.17670405287755145,0.9955765228692959,2.1575598003866962e-07]"
/multi_agv/m2b_algorithm_state,1789558498.8272226,1789558498.8272226,m2b_algorithm_state_v1:header6+3x20,"[1.0,-0.15,0.52,2.0278263902215725,0.10125644279143209,1789558498.8271275,2.0264029513065966,0.10108032802784991,0.0036904376666666654,0.00154408393115269,0.0006889198372845404,0.0005720090701708811,0.004584685874999997,2.0272865270948115,0.10024818634981444,0.000883575788214852,-0.0008321416780354696,-0.0008332535958768085,1.0026808108310656,2.306651974654751e-08,0.0002712161393917566,0.0009575691332597814,0.0009575691332597814,0.14195253401678076,0.9986655709056149,2.3128356722519042e-08,2.0273769607138306,0.10150894188332743,0.002796189458333334,-0.0009390094588203131,0.001656183765833319,0.0007575963332031449,-0.0017884964166666626,2.0254357379184578,0.10075511976411869,-0.0019412227953727879,-0.0007538221192087413,-0.000754728783056915,1.0024123698205722,-1.1488046775548258e-08,-0.0031812572772729,0.010662640531583325,0.010662640531583325,0.12046879275064372,0.9987986891867283,-1.1515760192886913e-08,2.026694786355231,0.1011799594056018,0.0036904376666666654,0.0013277208697986998,0.0009736446961475581,0.0005176962381170502,0.0032930326916666636,2.0274184335922825,0.09825927494161715,0.000723647237051317,-0.002920684463984649,-0.002934580706826183,1.0096202428482222,2.445670344436471e-07,-0.002030021660512037,0.009759552310243525,0.009759552310243525,0.17670403717864652,0.9952646581471725,2.4691982870766453e-07]"
/multi_agv/m2b_algorithm_state,1789558498.8374734,1789558498.8374734,m2b_algorithm_state_v1:header6+3x20,"[1.0,-0.15,0.52,2.0288256748697693,0.10125648869242143,1789558498.8371603,2.027404417688664,0.10108034546445403,0.0036904376666666654,0.0015440939504614841,0.0006889654506075256,0.0005719810020471144,0.004584685874999997,2.028464885927111,0.10201358971501542,0.0010604682384469655,0.0009332442505613908,0.0009318642583308824,0.9970530339368672,2.8976153272240598e-08,0.0022574495563895893,-0.006917451099221979,-0.006917451099221979,0.14195253730939267,1.0014808940445683,2.889076153190717e-08,2.028378482868186,0.10150899985275204,0.002796189458333334,-0.0009392951447129831,0.0016562779398396899,0.0007576711839598765,-0.0017884964166666626,2.0264635022126813,0.1010544496172789,-0.00191498065550455,-0.000454550235473139,-0.00045487915415197644,1.0014497164405975,-4.177483107606698e-09,-0.002848604973532664,0.00936122363064119,0.00936122363064119,0.1204687908122196,0.9992769097554037,-4.183539273548114e-09,2.0276962701078682,0.10117998305709017,0.0036904376666666654,0.0013276790433529554,0.0009737064150991742,0.0005176822655556415,0.0032930326916666636,2.0285496756503796,0.09992112468769514,0.0008534055425113429,-0.00125885836939503,-0.001261407820782288,1.0040696447227135,4.538274669435282e-08,-0.00019465089264310937,0.0025797203182490896,0.0025797203182490896,0.17670403064461584,0.997978884112454,4.556743834993974e-08]"
/multi_agv/m2b_algorithm_state,1789558498.8472826,1789558498.8472826,m2b_algorithm_state_v1:header6+3x20,"[1.0,-0.15,0.52,2.029826164207486,0.10125652549078683,1789558498.8472257,2.0284036825071796,0.10108039628605675,0.0036904376666666654,0.001543860527792859,0.0006890334367533058,0.0005720468187193515,0.004584685874999997,2.029606649231123,0.10300688839799324,0.0012029667239432662,0.0019264921119364897,0.0019206556062238125,0.9939850446775551,1.2336820465237455e-07,0.0034243640111528955,-0.011566860983240036,-0.011566860983240036,0.1419525366586757,1.0030388090888154,1.2262615041318028e-07,2.0293777933923822,0.10150903474636744,0.002796189458333334,-0.0009393121137266829,0.0016563555678388298,0.0007576381618379924,-0.0017884964166666626,2.027710732488948,0.10304661304386416,-0.0016670609034341588,0.0015375782974967195,0.0015338711625773967,0.9952061223809541,-4.773292437575786e-08,-0.0005499549667153018,0.00032830541812326527,0.00032830541812326527,0.12046879119348651,1.0024168489569187,-4.75040985779013e-08,2.028695548709746,0.10118003504484013,0.0036904376666666654,0.0013274765406533196,0.0009737755456908914,0.0005177340846454844,0.0032930326916666636,2.0297504382111233,0.10107306816756856,0.0010548895013773318,-0.00010696687727157483,-0.00010698512524832035,1.0003413271993231,3.2735905344350057e-10,0.0012116267514733444,-0.002924047169667985,-0.002924047169667985,0.17670403190954925,0.9998294344498532,3.274707899923855e-10]"
/multi_agv/m2b_algorithm_state,1789558498.8573523,1789558498.8573523,m2b_algorithm_state_v1:header6+3x20,"[1.0,-0.15,0.52,2.030825928083529,0.1012565656451558,1789558498.8572834,2.0294041496323376,0.10108042664160141,0.0036904376666666654,0.00154376628015608,0.0006890892636989493,0.0005720586333557817,0.004584685874999997,2.0300952522876154,0.10142665060150552,0.000691102655277831,0.00034622395990410726,0.00034603318211285923,0.9988993935581583,3.988912903182036e-09,0.001209911501210148,-0.0029126627365986665,-0.0029126627365986665,0.141952538186944,1.0005513280260672,3.984522679944849e-09,2.0303783114578944,0.1015090804926046,0.002796189458333334,-0.0009394774590044583,0.001656441751224147,0.0007576650054533229,-0.0017884964166666626,2.028454954098715,0.1028222876119261,-0.0019233573591792563,0.0013132071193215078,0.0013104983608166459,0.9958951620737071,-3.483030928442231e-08,-0.0010936983381574245,0.002367626763728868,0.002367626763728868,0.12046879031145942,1.0020669682510508,-3.4687336509887106e-08,2.029696031532227,0.10118006933815446,0.0036904376666666654,0.0013273661762601753,0.0009738406251309072,0.0005177480725926968,0.0032930326916666636,2.030667130247242,0.10008840843228695,0.0009710987150151063,-0.0010916609058675142,-0.0010935756921787506,1.0035224685550068,3.411619981865446e-08,0.00012029770159013224,0.0013914652273150931,0.0013914652273150931,0.17670402897405904,0.9982490591872781,3.4236373059731995e-08]"
/multi_agv/m2b_algorithm_state,1789558498.8669543,1789558498.8669543,m2b_algorithm_state_v1:header6+3x20,"[1.0,-0.15,0.52,2.0318192879959507,0.10125664462718846,1789558498.8668723,2.0304038928323758,0.10108046700799377,0.0036904376666666654,0.0015435948270421142,0.0006891524361281928,0.0005721000926054124,0.004584685874999997,2.031006721475638,0.10040172916666366,0.000602828643262221,-0.0006787378413301015,-0.0006794767298227689,1.0021828171645282,1.5339382903670863e-08,7.405907425500733e-05,0.0015860734737433342,0.0015860734737433342,0.1419525383913941,0.9989125624760393,1.5372865971966265e-08,2.0313781021839215,0.10150911793899108,0.002796189458333334,-0.0009395553743961685,0.0016565223011770769,0.0007576568815058221,-0.0017884964166666626,2.029336890671603,0.10116953492101198,-0.002041211512318508,-0.00033958301797909485,-0.0003397664343323767,1.0010816330725796,-2.3319988814448585e-09,-0.0028912808247305117,0.00946480390518382,0.00946480390518382,0.12046879018444616,0.9994601692964692,-2.3345212485602478e-09,2.03069578923429,0.10118011198848256,0.0036904376666666654,0.0013272050012423787,0.0009739081241277878,0.0005177828263961881,0.0032930326916666636,2.0310172072827983,0.09788474113879123,0.0003214180485082707,-0.003295370849691337,-0.0033131110743456174,1.0109000774371235,3.112953712473432e-07,-0.002911338513710279,0.013005295695718686,0.013005295695718686,0.17670402852399966,0.994645448264126,3.1468851489975734e-07]"
/multi_agv/m2b_algorithm_state,1789558498.8769414,1789558498.8769414,m2b_algorithm_state_v1:header6+3x20,"[1.0,-0.15,0.52,2.0328241742118727,0.10125664828257187,1789558498.8768616,2.0313972451187383,0.10108060173047684,0.0036904376666666654,0.0015427496064611568,0.0006892804233223691,0.0005723998888192054,0.004584685874999997,2.0320359960695145,0.10120320946562544,0.0006387509507761457,0.00012260773514860546,0.0001225837698857681,0.9996092552799761,4.999866129088212e-10,0.0009210224583559503,-0.0017834978636759261,-0.0017834978636759261,0.141952527112488,1.0001955011080153,4.997912457797444e-10,2.032371472953417,0.10150909617822555,0.002796189458333334,-0.0009388972189916926,0.0016565548723983525,0.000757354653111289,-0.0017884964166666626,2.0303038155598325,0.10070181190023067,-0.002067657393584277,-0.0008072842779948824,-0.0008083245244736791,1.0025850184888212,-1.3174226319570597e-08,-0.003392896266454025,0.011433699169486347,0.011433699169486347,0.12046879676003329,0.9987130831153813,-1.3208281938182603e-08,2.031689145915697,0.10118023597286298,0.0036904376666666654,0.001326594931916125,0.0009739978999891768,0.00051800057090727,0.0032930326916666636,2.0318838781146598,0.0967281685582827,0.00019473219896282146,-0.004452067414580277,-0.004484729583647368,1.014917820253411,5.683328447577413e-07,-0.004241314334943841,0.018111015866134856,0.018111015866134856,0.17670405066521294,0.9927170259749469,5.768111319799471e-07]"
/multi_agv/m2b_algorithm_state,1789558498.8870022,1789558498.8870022,m2b_algorithm_state_v1:header6+3x20,"[1.0,-0.15,0.52,2.0338230027577815,0.10125669015513765,1789558498.8868864,2.0324021003434165,0.10108055449953657,0.0036904376666666654,0.0015431901391536342,0.0006892917536723605,0.0005722030431442702,0.004584685874999997,2.0336212703974748,0.10309154160850952,0.0012191700540582495,0.0020109871089729475,0.002004631490085747,0.9937272991854201,1.343603662801731e-07,0.003528594057658559,-0.011982186960165717,-0.011982186960165717,0.14195253651406478,1.003170467449321,1.3351756390116023e-07,2.033376398254809,0.10150918638507431,0.002796189458333334,-0.0009396369444455693,0.0016566721288091557,0.0007576143075072872,-0.0017884964166666626,2.0319998071829293,0.10240248553135513,-0.001376591071879929,0.000893299146280821,0.0008920417232261805,0.9971943075598918,-1.612463452941163e-08,-0.0008286971166237307,0.0016083526642572499,0.0016083526642572499,0.12046879128796098,1.0014096011676368,-1.6079393764212952e-08,2.0326940240373927,0.10118020396310476,0.0036904376666666654,0.0013268357862483496,0.0009740487420090158,0.0005178697249030948,0.0032930326916666636,2.0335562371923896,0.09983839977959946,0.0008622131549969048,-0.0013418041835052963,-0.0013447024721108998,1.004341841578508,5.153038154738998e-08,-0.0002669360283647688,0.00287105379550839,0.00287105379550839,0.1767040322551227,0.9978446618001277,5.1754118300548816e-08]"
/multi_agv/m2b_algorithm_state,1789558498.897268,1789558498.897268,m2b_algorithm_state_v1:header6+3x20,"[1.0,-0.15,0.52,2.0348201457954045,0.10125674117014395,1789558498.8971596,2.0334009102616513,0.10108060332010534,0.0036904376666666654,0.001542942012575448,0.000689364296724726,0.000572272863000206,0.004584685874999997,2.0346453510700617,0.10207708698898482,0.001244440808410463,0.000996483668879486,0.0009949110734445274,0.9968556118763789,3.3010034818109644e-08,0.0025504620839576064,-0.007992858288184721,-0.007992858288184721,0.14195253505516825,1.001580639191716,3.2906238456667265e-08,2.03437525101687,0.10150921358524342,0.002796189458333334,-0.000939622572860236,0.0016567447772648514,0.0007575702903173803,-0.0017884964166666626,2.033018276396195,0.10240248553135513,-0.0013569746206747446,0.0008932719461117039,0.0008920145998366527,0.9971943931609352,-1.6123404285987087e-08,-0.0008042036760067781,0.0015211550111521093,0.0015211550111521093,0.12046879214445143,1.0014095579548603,-1.6078168352653314e-08,2.0336928469948234,0.10118025356006413,0.0036904376666666654,0.0013266232503790182,0.0009741196260659724,0.0005179249808294263,0.0032930326916666636,2.0347629115544605,0.10180339869979291,0.0010700645596370961,0.0006231451397287757,0.000622529260836594,0.9980279819110812,1.1096856987498226e-08,0.001960109960382964,-0.005928051182408155,-0.005928051182408155,0.17670403509055388,1.0009893171790094,1.1074973784788736e-08]"
/multi_agv/m2b_algorithm_state,1789558498.907,1789558498.907,m2b_algorithm_state_v1:header6+3x20,"[1.0,-0.15,0.52,2.0358188208854755,0.10125678076031497,1789558498.9068804,2.034398038157843,0.10108067508003372,0.0036904376666666654,0.0015425263883432723,0.0006894539485387873,0.000572406387040264,0.004584685874999997,2.0355259333079037,0.10000367456531789,0.0011278951500606205,-0.001077000514715834,-0.0010788665069354638,1.0034792328235904,3.8605856763749924e-08,0.00033100243064031177,0.0008549295581678988,0.0008549295581678988,0.14195253055155088,0.9982704141729914,3.874017552778519e-08,2.035372413937774,0.10150922546367833,0.002796189458333334,-0.0009394232870838059,0.0016568044271081384,0.0007574528806031378,-0.0017884964166666626,2.033989578657469,0.10104918511819401,-0.001382835280304917,-0.0004600403454843166,-0.0004603772705519134,1.001467313178508,-4.279600352506601e-09,-0.00218892137093306,0.0070253017131874165,0.0070253017131874165,0.12046879474500914,0.9992681544264927,-4.285879866502582e-09,2.034689985290597,0.10118032296671979,0.0036904376666666654,0.0013262985148574592,0.0009741965278532222,0.0005180257407581775,0.0032930326916666636,2.0356333528016473,0.10066248491902727,0.000943367511050397,-0.0005178380476925232,-0.0005182670407878539,1.0016601015687565,7.667465379921888e-09,0.0006609423480251423,-0.0007830879101254303,-0.0007830879101254303,0.17670404388929892,0.999172254722819,7.680194151227483e-09]"
/multi_agv/m2b_algorithm_state,1789558498.91707,1789558498.91707,m2b_algorithm_state_v1:header6+3x20,"[1.0,-0.15,0.52,2.0368244779921656,0.10125677456263808,1789558498.9169571,2.035396695058305,0.10108071976207211,0.0036904376666666654,0.0015422982469423274,0.0006895281631010162,0.0005724666746956371,0.004584685874999997,2.03633600906942,0.09870936623102475,0.0009393140111146892,-0.0023713535310473655,-0.0023804884251681976,1.0077730858426945,1.872950401677314e-07,-0.0012063459112748361,0.006846810750378272,0.006846810750378272,0.14195252881680737,0.99616259670736,1.887509005928661e-07,2.036371112492428,0.10150925322004031,0.002796189458333334,-0.0009394258557192132,0.0016568748208576345,0.0007574173791760619,-0.0017884964166666626,2.0349990555706357,0.10104918511819401,-0.0013720569217925416,-0.0004600681018463032,-0.00046040506751576413,1.001467401619251,-4.280128025614372e-09,-0.0021754762197564413,0.0069776583477819815,0.0069776583477819815,0.12046879575745942,0.9992681104244158,-4.28640869240976e-09,2.0356886551056936,0.10118036929883245,0.0036904376666666654,0.0013260967179982942,0.0009742685448164813,0.0005180757524414978,0.0032930326916666636,2.0364148283035397,0.09822868096276288,0.0007261731978460695,-0.002951688336069569,-0.0029658844011593174,1.009725694067035,2.494858533979632e-07,-0.0020581679038517305,0.009869627787706354,0.009869627787706354,0.17670404733096798,0.995213547404545,2.5191227648216496e-07]"
/multi_agv/m2b_algorithm_state,1789558498.9270601,1789558498.9270601,m2b_algorithm_state_v1:header6+3x20,"[1.0,-0.15,0.52,2.0378249596156937,0.10125680131156323,1789558498.9269154,2.036402319688739,0.10108065625002424,0.0036904376666666654,0.0015428307607159432,0.0006895307804076543,0.000572234491033782,0.004584685874999997,2.037005484371286,0.09860915405492487,0.0006031646825470638,-0.0024715021950993676,-0.0024814324505564402,1.0081104901843854,2.0353273470291046e-07,-0.0017274765973726105,0.008723573695033833,0.008723573695033833,0.14195253961266022,0.9959981761926078,2.0518348494991953e-07,2.037376810473423,0.10150934529361048,0.002796189458333334,-0.0009402531336236862,0.0016569974437725676,0.0007577121929172176,-0.0017884964166666626,2.035679167392826,0.10248498268624745,-0.0016976430805972775,0.000975637392636966,0.0009741384253752804,0.9969385804182465,-1.924560674767967e-08,-0.0011479154253713165,0.0027084121768490587,0.0027084121768490587,0.120468789492693,1.0015387620718361,-1.9186687870319595e-08,2.036694303814335,0.10118032214427951,0.0036904376666666654,0.0013264013927087475,0.0009743160856454441,0.0005179189598549135,0.0032930326916666636,2.037064139159192,0.10043188070295309,0.0003698353448573499,-0.0007484414413264223,-0.0007493391474183172,1.0024056441658247,1.6020733934379163e-08,-0.00028704496634662975,0.002678665443218793,0.002678665443218793,0.17670402614113234,0.998802002944878,1.6059274119500632e-08]"
/multi_agv/m2b_algorithm_state,1789558498.9369519,1789558498.9369519,m2b_algorithm_state_v1:header6+3x20,"[1.0,-0.15,0.52,2.038819790059309,0.1012568625629832,1789558498.9368343,2.0374027794143705,0.10108067651607949,0.0036904376666666654,0.0015427614707685484,0.0006895856258604554,0.0005722359979231646,0.004584685874999997,2.038204608535471,0.10013672408461229,0.0008018291211002726,-0.0009439524314672071,-0.0009453844298987525,1.0030448463790527,2.9658436559762924e-08,5.690197147658824e-05,0.0017649008897585975,0.0017649008897585975,0.14195254110997596,0.9984852739412063,2.9748741942930283e-08,2.0383773203251954,0.1015093815610564,0.002796189458333334,-0.0009404206306371492,0.0016570821285055715,0.0007577407484795629,-0.0017884964166666626,2.0367001792595714,0.10248498268624745,-0.0016771410656239993,0.0009756011251910446,0.0009741022696972014,0.9969386944685433,-1.9247601415898018e-08,-0.0011223240623327978,0.0026171006726511776,0.0026171006726511776,0.12046878861530175,1.0015387044466173,-1.9188678627216255e-08,2.0376947791075146,0.10118034585755376,0.0036904376666666654,0.0013263112254610818,0.0009743804266585387,0.0005179245770866969,0.0032930326916666636,2.0382568110483543,0.10259339308692082,0.0005620319408397023,0.0014130472293670676,0.0014098992513841128,0.9955682710072107,5.70144107223396e-08,0.0021124391774337407,-0.006848778922749951,-0.006848778922749951,0.1767040232386882,1.0022327680363434,5.676173830533461e-08]"
/multi_agv/m2b_algorithm_state,1789558498.9473705,1789558498.9473705,m2b_algorithm_state_v1:header6+3x20,"[1.0,-0.15,0.52,2.0398333451370187,0.10125680211385456,1789558498.9471443,2.038397599497177,0.10108078106383092,0.0036904376666666654,0.0015420900503742571,0.0006896976446749462,0.0005724687647616934,0.004584685874999997,2.039264714587851,0.09988347457258925,0.0008671150906738312,-0.0011973064912416675,-0.0011996147363476763,1.0038731280669604,4.770287694909953e-08,-0.00011572087300538731,0.002487798202230734,0.002487798202230734,0.14195253245689435,0.9980758446557296,4.7887636300685845e-08,2.0393721648982557,0.10150936456934963,0.002796189458333334,-0.0009399299759990411,0.0016571245168406357,0.0007575060190992688,-0.0017884964166666626,2.037758340443821,0.10182187704307795,-0.001613824454434809,0.00031251247372832136,0.00031235790054619136,0.9990119427325376,-1.9749015864120277e-09,-0.00170492266749732,0.004978439498699717,0.004978439498699717,0.12046879364010848,1.0004948592043286,-1.97295027054705e-09,2.0386896057824937,0.10118044205576907,0.0036904376666666654,0.0013258206675869836,0.0009744642460516985,0.0005180936162198419,0.0032930326916666636,2.0394487133731314,0.10340223136410591,0.0007591075906376865,0.002221789308336844,0.002214054325249889,0.9930958766952277,1.4081757147687364e-07,0.0031629388135469973,-0.010996471773040471,-0.010996471773040471,0.1767040401750928,1.003493583241722,1.3984534959991872e-07]"
/multi_agv/m2b_algorithm_state,1789558498.9574766,1789558498.9574766,m2b_algorithm_state_v1:header6+3x20,"[1.0,-0.15,0.52,2.0408333612295735,0.10125683017685726,1789558498.9573066,2.039411105787288,0.10108059379283765,0.0036904376666666654,0.0015434809727224688,0.0006896176168095453,0.0005719074842481186,0.004584685874999997,2.0398960828420982,0.09808970884263464,0.00048497705481009845,-0.0029908849502030127,-0.0030054843135783826,1.0098722766411783,2.982919223948273e-07,-0.0023992629950657595,0.01130081085753203,0.01130081085753203,0.14195255743024565,0.995142425695116,3.0123674277253794e-07,2.0403857808270627,0.1015095254835825,0.002796189458333334,-0.0009416810879209971,0.001657307070131786,0.0007581701091838311,-0.0017884964166666626,2.0387617430111016,0.10182187704307795,-0.001624037815961099,0.00031235155949545235,0.0003121971456024297,0.9990124518395458,-1.976542608055986e-09,-0.0017178501243489443,0.005022700464518517,0.005022700464518517,0.12046877911873746,1.0004946037950624,-1.9745906770393407e-09,2.0397031487967054,0.10118028706514351,0.0036904376666666654,0.001326699891167581,0.0009744829249745523,0.0005177027917489755,0.0032930326916666636,2.040322353476879,0.10183215357656611,0.000619204680173624,0.0006518665114225997,0.0006511926980240745,0.9979377638837866,1.2143811168770787e-08,0.0014251985482411043,-0.0040383507701562925,-0.0040383507701562925,0.1767039912097861,1.0010347373374573,1.2118767762790072e-08]"
/multi_agv/m2b_algorithm_state,1789558498.967208,1789558498.967208,m2b_algorithm_state_v1:header6+3x20,"[1.0,-0.15,0.52,2.041828624067438,0.10125688695435194,1789558498.966973,2.040411100979935,0.10108062724569274,0.0036904376666666654,0.001543296972775443,0.000689675884148499,0.0005719569331954053,0.004584685874999997,2.0407509865504108,0.09670115531886742,0.0003398855704759285,-0.004379471926825321,-0.004411102300076756,1.0146819886594143,6.400511818011356e-07,-0.0039862453369818454,0.01740877693519748,0.01740877693519748,0.14195255806829657,0.9928293720934822,6.494484059937846e-07,2.0413858243473557,0.10150954363420506,0.002796189458333334,-0.0009417112228104997,0.0016573893533475825,0.0007581403720433866,-0.0017884964166666626,2.0395997608672034,0.10262124180920879,-0.0017860634801523112,0.001111698175003728,0.001109753982047707,0.9965170599317132,-2.502410135747105e-08,-0.001122825368142682,0.0025578420007464596,0.0025578420007464596,0.120468778732714,1.0017519134758441,-2.4936943912180245e-08,2.040703158361429,0.10118031965067399,0.0036904376666666654,0.001326542954266399,0.000974546569136937,0.0005177377133920294,0.0032930326916666636,2.0409780648831615,0.10095559912401936,0.0002749065217324542,-0.00022472052665463427,-0.0002248011361744078,1.0007180292272078,1.4439125260382174e-09,0.00011883201599115998,0.0010060762827458632,0.0010060762827458632,0.17670398991463732,0.9996414185393128,1.444949297433444e-09]"
/multi_agv/m2b_algorithm_state,1789558498.9769812,1789558498.9769812,m2b_algorithm_state_v1:header6+3x20,"[1.0,-0.15,0.52,2.0428207357488257,0.10125696128826596,1789558498.976884,2.0414063527120607,0.10108073034906793,0.0036904376666666654,0.0015426152494036976,0.0006897825617805603,0.0005721969440742602,0.004584685874999997,2.04179445961488,0.0985223619280942,0.00038810690281909643,-0.0025583684209737334,-0.002569015926412263,1.0084037360114702,2.1807320908902143e-07,-0.0020838822978883923,0.010013348026209297,0.010013348026209297,0.14195255022090006,0.995855414780009,2.199058387693797e-07,2.042381102583086,0.10150951811062822,0.002796189458333334,-0.000941197049981214,0.001657435546944086,0.0007578934688288463,-0.0017884964166666626,2.040618533553128,0.10262124180920879,-0.001762569029957639,0.0011117236985805634,0.0011097794160505395,0.9965169797676868,-2.5011589138445114e-08,-0.0010934318713965094,0.0024535919863930503,0.0024535919863930503,0.12046878330665499,1.0017519540387072,-2.4924473267433604e-08,2.041698416907167,0.10118041240335966,0.0036904376666666654,0.0013260537445900665,0.0009746268697636406,0.0005179079983485997,0.0032930326916666636,2.0420156121092856,0.10227996033053707,0.000317195202118814,0.0010995479271774106,0.0010976372916365292,0.9965391610008604,3.4523450546068485e-08,0.0014941312942850467,-0.00449517028431638,-0.00449517028431638,0.17670400533495964,1.0017406802369413,3.4403970442033784e-08]"
/multi_agv/m2b_algorithm_state,1789558498.9870484,1789558498.9870484,m2b_algorithm_state_v1:header6+3x20,"[1.0,-0.15,0.52,2.0438273705077723,0.10125694106612981,1789558498.9868953,2.0423984598154443,0.10108087390902298,0.0036904376666666654,0.0015416450636617663,0.0006899215348092902,0.0005725451930460226,0.004584685874999997,2.042930465555257,0.10005375005849837,0.0005320057398128242,-0.0010271238505246139,-0.001028820371212277,1.0033162307384385,3.509163480676208e-08,-0.0003638131964462468,0.0032890776050605104,0.0032890776050605104,0.14195253669532348,0.9983510039894873,3.520800676477032e-08,2.0433732214021956,0.10150946893799216,0.002796189458333334,-0.0009403679585470092,0.0016574569601104372,0.000757522949178635,-0.0017884964166666626,2.0417612525588713,0.10448618936050931,-0.001611968843324263,0.0029767204225171484,0.0029629774158401135,0.9908710685065781,-1.7891279808676938e-07,0.0009480163616847849,-0.005692068606378705,-0.005692068606378705,0.12046879117206535,1.0046382421288682,-1.7727951540973884e-07,2.0426905260288364,0.1011805410177827,0.0036904376666666654,0.001325367635455346,0.000974719096037524,0.0005181574283570746,0.0032930326916666636,2.0433203402288367,0.10478486628939078,0.0006298142000003004,0.003604325271608075,0.0035841816944727346,0.9889759014349063,3.700788719760267e-07,0.004371449444473111,-0.01602653383701557,-0.01602653383701557,0.17670403184760394,1.0056201328092278,3.659990860145043e-07]"
/multi_agv/m2b_algorithm_state,1789558498.9970102,1789558498.9970102,m2b_algorithm_state_v1:header6+3x20,"[1.0,-0.15,0.52,2.044822561256093,0.10125699376371688,1789558498.9968565,2.043405060553526,0.10108078886950388,0.0036904376666666654,0.0015422915128782346,0.0006899133721620203,0.0005722692301421608,0.004584685874999997,2.043983749418627,0.1000480542354407,0.0005786888651009292,-0.0010327346340631705,-0.0010344498147790105,1.003334561033141,3.549109221449804e-08,-0.00031108873340284903,0.0031057254831181255,0.0031057254831181255,0.1419525492404872,0.9983419391725575,3.560943942762012e-08,2.0443798988935433,0.1015095607068013,0.002796189458333334,-0.0009412968798393757,0.0016575851573135125,0.0007578589220144788,-0.0017884964166666626,2.0426676287628642,0.1029379333760266,-0.0017122701306790944,0.0014283726692252974,0.0014251707957559571,0.9955410754343634,-4.128353428711331e-08,-0.0007151668675929109,0.000964602549337032,0.000964602549337032,0.12046878387750046,1.0022466594732893,-4.10994541219242e-08,2.043697152076247,0.10118047362208424,0.0036904376666666654,0.0013257517319090494,0.0009747620953804107,0.0005179685717019824,0.0032930326916666636,2.044244173285432,0.10568314318998372,0.0005470212091851501,0.004502669567899478,0.004471447886774109,0.986370062078583,5.773077599736853e-07,0.0051552243982555465,-0.0193121559222664,-0.0193121559222664,0.176704007271739,1.0069824544344392,5.694390910436917e-07]"
/multi_agv/m2b_algorithm_state,1789558499.0070436,1789558499.0070436,m2b_algorithm_state_v1:header6+3x20,"[1.0,-0.15,0.52,2.0458231020362665,0.10125701066677173,1789558499.0069075,2.0444002406259325,0.10108088332100357,0.0036904376666666654,0.0015416592915069318,0.0006900210827722297,0.0005724872466307927,0.004584685874999997,2.0449241183934994,0.09875350739694051,0.0005238777675669049,-0.002327375924063055,-0.0023361722103779074,1.0076251457630259,1.8033245278553055e-07,-0.0016813250009192764,0.008499382355373375,0.008499382355373375,0.14195254125135517,0.996234744050213,1.817075140238242e-07,2.0453751041639547,0.10150953838030766,0.002796189458333334,-0.0009408299181577328,0.0016576287235845477,0.0007576338497723295,-0.0017884964166666626,2.0435753086850887,0.10282817410767055,-0.0017997954788659953,0.0013186357273628907,0.0013159046569818165,0.9958784745954321,-3.516921593101581e-08,-0.0009338396916006777,0.0017937711582637502,0.0017937711582637502,0.120468788535013,1.0020754318077558,-3.5024265114097394e-08,2.0446923389783924,0.10118055958983942,0.0036904376666666654,0.001325290868026587,0.0009748435723001105,0.000518125957996057,0.0032930326916666636,2.0451031327457327,0.10311972916492756,0.0004107937673403228,0.0019391695750881482,0.0019332646282862007,0.9939546195442838,1.0725069683026451e-07,0.002446756837461604,-0.008297581422531047,-0.008297581422531047,0.17670402292292497,1.003054391372785,1.0660232556378488e-07]"
/multi_agv/m2b_algorithm_state,1789558499.017046,1789558499.017046,m2b_algorithm_state_v1:header6+3x20,"[1.0,-0.15,0.52,2.0468213082492013,0.10125704142648655,1789558499.0168471,2.0454007599807715,0.10108089113823877,0.0036904376666666654,0.0015416377222401511,0.0006900748491424301,0.0005724686297442712,0.004584685874999997,2.0457913997842856,0.09867388758700915,0.000390639803514059,-0.0024070035512296223,-0.002416417673450685,1.0078930860045794,1.928905363748931e-07,-0.0019281179190581113,0.009401366599840035,0.009401366599840035,0.1419525428426975,0.9961040997487741,1.9441303796796957e-07,2.046375672357123,0.10150956933831584,0.002796189458333334,-0.0009410258773512349,0.001657710962569059,0.0007576760146323497,-0.0017884964166666626,2.04460047812582,0.10282817410767055,-0.0017751942313033453,0.001318604769354706,0.0013158738277187932,0.9958785716440586,-3.517488523230374e-08,-0.0009031189614103884,0.0016840277436872449,0.0016840277436872449,0.12046878761528436,1.0020753825924535,-3.502991446289033e-08,2.0456928737709057,0.10118057152376056,0.0036904376666666654,0.0013252328186247873,0.0009749072769179804,0.0005181179843065072,0.0032930326916666636,2.046026573358523,0.10290124740123831,0.00033369958761708673,0.001720675877477748,0.0017160189201754184,0.9946223772029517,8.445351371422676e-08,0.0021331434046967766,-0.0070716005796486615,-0.0070716005796486615,0.17670401981523312,1.0027138146599537,8.39993545735863e-08]"
/multi_agv/m2b_algorithm_state,1789558499.0270693,1789558499.0270693,m2b_algorithm_state_v1:header6+3x20,"[1.0,-0.15,0.52,2.047827482646035,0.10125702008851838,1789558499.0269034,2.0463989495544403,0.10108093396807388,0.0036904376666666654,0.0015413632230210287,0.0006901520429386738,0.0005725474617570806,0.004584685874999997,2.0468045044394407,0.09965656714746526,0.00040555488500038095,-0.001424366820608619,-0.00142763915128922,1.004619441751341,6.748999712110483e-08,-0.0009206955450387438,0.005431073106066048,0.005431073106066048,0.14195254027881105,0.9977078726948293,6.780176323160394e-08,2.04737390015897,0.10150957699870601,0.002796189458333334,-0.0009409437261552181,0.0016577757293068096,0.000757606716658421,-0.0017884964166666626,2.0458151581812345,0.10588123622225841,-0.0015587419777354228,0.004371659223552399,0.004342331771709491,0.9868070695410703,-3.8570547494231486e-07,0.0023939042995402126,-0.011559190265395938,-0.011559190265395938,0.1204687891033293,1.0067538487118781,-3.806168894337725e-07,2.0466910750341927,0.10118061331267972,0.0036904376666666654,0.0013250075234000152,0.0009749787911891971,0.000518178442900189,0.0032930326916666636,2.0471850291285065,0.10552306594380463,0.0004939540943138532,0.004342452631124913,0.004313377873529395,0.9868307479667814,5.367205134556802e-07,0.004930820491421711,-0.018420663630807712,-0.018420663630807712,0.17670402484449454,1.0067406006262392,5.296523057425838e-07]"
/multi_agv/m2b_algorithm_state,1789558499.0369656,1789558499.0369656,m2b_algorithm_state_v1:header6+3x20,"[1.0,-0.15,0.52,2.048823511895645,0.1012570634508718,1789558499.0368729,2.0474050910381063,0.10108085311417785,0.0036904376666666654,0.001541959690408927,0.0006901475725137546,0.0005722912433335196,0.004584685874999997,2.04795424791749,0.10107609315803637,0.0005491568793836166,-4.759956141478505e-06,-4.759992296511932e-06,1.0000151916035935,7.532594646529196e-13,0.0006816861069330088,-0.0008758431371346242,-0.0008758431371346242,0.14195255200690965,0.9999924043924497,7.532709078721097e-13,2.048380115955071,0.10150965877631309,0.002796189458333334,-0.0009418064222835201,0.0016578999271081862,0.0007579160633841286,-0.0017884964166666626,2.0468546096138085,0.10571195186752351,-0.0015255063412626946,0.004202293091210424,0.004175158955440525,0.9872933436740915,-3.5677250939172625e-07,0.002268276028862157,-0.011024779980533615,-0.011024779980533615,0.12046878228827704,1.006498946760947,-3.522391237283536e-07,2.047697240944928,0.1011805483750642,0.0036904376666666654,0.001325361640650034,0.0009750224244563285,0.0005180022512519169,0.0032930326916666636,2.0483665682784404,0.1069323851963332,0.0006693273335125483,0.005751836821269007,0.005701372403020753,0.9828387317553706,9.408422960693892e-07,0.006538031569911438,-0.024971484870594935,-0.024971484870594935,0.1767040019040865,1.0088512755668297,9.246962490506495e-07]"
/multi_agv/m2b_algorithm_state,1789558499.0469956,1789558499.0469956,m2b_algorithm_state_v1:header6+3x20,"[1.0,-0.15,0.52,2.049829767440882,0.10125704001094742,1789558499.0468748,2.048401108088078,0.10108093169206518,0.0036904376666666654,0.00154142016175854,0.0006902458271792248,0.0005724739997989666,0.004584685874999997,2.049048033517511,0.10166072154950495,0.0006469254294327875,0.0005797898574397692,0.0005792558037169928,0.9981618064714246,1.1167288349746573e-08,0.0013879125905079772,-0.0036571658099888884,-0.0036571658099888884,0.14195254550708486,1.000921965251534,1.1146760712570333e-08,2.0493761615859207,0.10150963904771684,0.002796189458333334,-0.0009414287427344987,0.0016579490708275024,0.0007577267905351376,-0.0017884964166666626,2.0479467129063944,0.10492849820712088,-0.001429448679526324,0.003418859159404042,0.0034007914471804236,0.9895683692541871,-2.3619492478257233e-07,0.0016139805977725187,-0.008292859971686642,-0.008292859971686642,0.1204687860591107,1.0053127963017545,-2.337310265432055e-07,2.0486932660129358,0.10118061961283337,0.0036904376666666654,0.0013249652914278094,0.0009751001002486605,0.0005181336500727565,0.0032930326916666636,2.0491963192215525,0.10404308967093565,0.0005030532086167661,0.002862470058102279,0.002849693293374866,0.9911700266332478,2.3347640869619233e-07,0.0034785098041458236,-0.012446163030509896,-0.012446163030509896,0.1767040146140826,1.0044835578471258,2.3141481822564e-07]"
/multi_agv/m2b_algorithm_state,1789558499.0570736,1789558499.0570736,m2b_algorithm_state_v1:header6+3x20,"[1.0,-0.15,0.52,2.050828605669849,0.10125706411438644,1789558499.056985,2.049407330640384,0.10108085008119312,0.0036904376666666654,0.0015420112027018317,0.000690239879117271,0.0005722209020663199,0.004584685874999997,2.0499466287722825,0.09937003689667438,0.000539298131898569,-0.001710813184518739,-0.0017155442202025657,1.0055663730210322,9.742430612377585e-08,-0.0010414215553293544,0.005981814508078182,0.005981814508078182,0.14195255736381013,0.9972422537244373,9.796660615297602e-08,2.050382458724886,0.10150971681977557,0.002796189458333334,-0.0009422789644051429,0.0016580738520111105,0.0007580304264844517,-0.0017884964166666626,2.0489990781694587,0.10492849820712088,-0.0013833805554273049,0.0034187813873453182,0.003400714505710035,0.989568608430224,-2.3639741177497596e-07,0.001671488811425904,-0.008500225899558487,-0.008500225899558487,0.12046877915304093,1.0053126722648866,-2.339314578066696e-07,2.049699512957377,0.10118055313187356,0.0036904376666666654,0.0013253188861502624,0.0009751425733197658,0.000517958288360155,0.0032930326916666636,2.0503931912382773,0.10343337294627289,0.0006936782809003894,0.002252819814399329,0.0022448691472058023,0.9930019452534252,1.4472026216817817e-07,0.003111966998331289,-0.010829957207963752,-0.010829957207963752,0.17670399134486922,1.003541706296522,1.437075018505866e-07]"
/multi_agv/m2b_algorithm_state,1789558499.0670037,1789558499.0670037,m2b_algorithm_state_v1:header6+3x20,"[1.0,-0.15,0.52,2.05182571784969,0.10125709785352001,1789558499.06686,2.05040615107331,0.10108088684302087,0.0036904376666666654,0.001541756889761642,0.0006903090791951171,0.0005722951419969008,0.004584685874999997,2.050802036785884,0.09816136548641892,0.00039588571257409555,-0.0029195213566019507,-0.002933424826728937,1.0096289748911251,2.8389608292090054e-07,-0.0024385676860113176,0.0114079226852829,0.0114079226852829,0.1419525559228586,0.9952603284732916,2.866297111750347e-07,2.05138132026957,0.10150971809175403,0.002796189458333334,-0.0009422048840372252,0.001658143799164069,0.0007579619321028269,-0.0017884964166666626,2.0500694613669403,0.10544009671903498,-0.0013118589026297478,0.003930378627280948,0.003906593049187049,0.9880781656433075,-3.122936444936088e-07,0.0022667694208998645,-0.010887201860002456,-0.010887201860002456,0.12046878000454231,1.0060885732899278,-3.085705313933082e-07,2.050698345666666,0.10118058740838437,0.0036904376666666654,0.0013251154699427939,0.0009752096250532864,0.000518011584370974,0.0032930326916666636,2.051590536012827,0.10544457691230014,0.0008921903461609482,0.004263989503915766,0.004235939163907716,0.9870569870912184,5.175740713896328e-07,0.005351177096608901,-0.019893855131418517,-0.019893855131418517,0.17670399419052993,1.0066219884003655,5.108751035023861e-07]"
/multi_agv/m2b_algorithm_state,1789558499.0770013,1789558499.0770013,m2b_algorithm_state_v1:header6+3x20,"[1.0,-0.15,0.52,2.0528227718461287,0.10125713038372658,1789558499.0768728,2.0514032490794354,0.10108094711974344,0.0036904376666666654,0.0015413325670613734,0.0006903958736081957,0.0005724339224413926,0.004584685874999997,2.0517567236717533,0.09844605506368596,0.0003534745923179372,-0.002634892056057478,-0.0026461925126552246,1.008662514758145,2.3113291667753477e-07,-0.002204349272257803,0.01046738782178871,0.01046738782178871,0.14195255134946036,0.995729541012718,2.33135108979347e-07,2.052378451249666,0.10150970430093469,0.002796189458333334,-0.0009419436104170509,0.0016582001999285723,0.00075781934224399,-0.0017884964166666626,2.051118030969582,0.10544009671903498,-0.001260420280084329,0.003930392418100295,0.003906606671077755,0.9880781234288283,-3.122092525515651e-07,0.002331081320972344,-0.011118326388930793,-0.011118326388930793,0.12046878263782472,1.006088595301553,-3.0848713237826755e-07,2.0516954532199683,0.10118064213988194,0.0036904376666666654,0.0013247976730243155,0.0009752828556472311,0.0005181112459813116,0.0032930326916666636,2.0527680998902995,0.10686946292610326,0.0010726466703312454,0.005688820786221321,0.005639432335793217,0.9830143501141556,9.19995045284418e-07,0.0069802406737072735,-0.026538104620854524,-0.026538104620854524,0.17670400308561465,1.0087576989114024,9.043683315485054e-07]"
/multi_agv/m2b_algorithm_state,1789558499.087365,1789558499.087365,m2b_algorithm_state_v1:header6+3x20,"[1.0,-0.15,0.52,2.0538356539487697,0.10125705997031494,1789558499.0872376,2.052400289138616,0.10108100416855893,0.0036904376666666654,0.0015409283456901688,0.0006904834262465792,0.0005725635954005963,0.004584685874999997,2.0528951793176713,0.10000171332220287,0.0004948901790551297,-0.0010792908463560652,-0.001081164807448559,1.0034867064167423,3.873006476519837e-08,-0.000462552083629647,0.0036605982060903116,0.0036605982060903116,0.14195254672690266,0.9982667202265709,3.886510513053604e-08,2.053375523594469,0.10150969245233889,0.002796189458333334,-0.0009417025190168815,0.0016582552450223886,0.0007576862058369382,-0.0017884964166666626,2.052086652535866,0.10616722074411028,-0.0012888710586032026,0.004657528291771393,0.004624312634400652,0.985990815026742,-4.3805251012811567e-07,0.0030132238111466488,-0.013933421034496948,-0.013933421034496948,0.12046878536114117,1.0071828312652666,-4.3191575148573095e-07,2.0526925028052996,0.1011806945302819,0.0036904376666666654,0.001324490826107669,0.0009753567575615085,0.0005182058120046262,0.0032930326916666636,2.053346977473709,0.10421774354041635,0.0006544746684093994,0.003037049010134449,0.0030226853294682762,0.9906502467297957,2.6269472385238896e-07,0.0038407786649800255,-0.013833530469069828,-0.013833530469069828,0.17670401225147098,1.0047519602937627,2.6023859299898466e-07]"
/multi_agv/m2b_algorithm_state,1789558499.097144,1789558499.097144,m2b_algorithm_state_v1:header6+3x20,"[1.0,-0.15,0.52,2.054822306283961,0.1012571575570453,1789558499.09706,2.0534131247812963,0.10108081554139405,0.0036904376666666654,0.001542258628150774,0.0006904080802933692,0.0005720261642445628,0.004584685874999997,2.0539553819692142,0.09937828107955342,0.0005422571879178939,-0.0017025344618406268,-0.0017072195308778875,1.0055389231844167,9.649866517150298e-08,-0.0010293980459805201,0.005936068236310721,0.005936068236310721,0.14195257046302762,0.9972557313499972,9.703316386528668e-08,2.054388463660788,0.10150982928009074,0.002796189458333334,-0.0009433454979256599,0.001658429136055961,0.0007583079293274064,-0.0017884964166666626,2.053143721651117,0.10616722074411028,-0.0012447420096708406,0.004657391464019542,0.004624177786220388,0.9859912311036558,-4.3879076840199914e-07,0.0030682502741318377,-0.01413343484194697,-0.01413343484194697,0.12046877151969057,1.0071826126361592,-4.3264384993360625e-07,2.0537053734042234,0.10118053508946002,0.0036904376666666654,0.00132533759011638,0.0009753750544621246,0.0005178292559710829,0.0032930326916666636,2.054277951668064,0.10398933790009385,0.0005725782638403842,0.002808802810633823,0.0027964956137597396,0.9913302333584503,2.2487617979252013e-07,0.00351221844356022,-0.012539795178943014,-0.012539795178943014,0.17670396561068824,1.0044009355185568,2.2292655579047579e-07]"
/multi_agv/m2b_algorithm_state,1789558499.1072898,1789558499.1072898,m2b_algorithm_state_v1:header6+3x20,"[1.0,-0.15,0.52,2.055833270274107,0.10125709761000463,1789558499.107194,2.0543997840572703,0.10108103609588463,0.0036904376666666654,0.0015406838578656428,0.0006905984416900599,0.0005726097457871446,0.004584685874999997,2.0548391076954307,0.09766357655343669,0.00043932363816034936,-0.0034174595424479454,-0.003436581410982501,1.0113342816628332,3.888472030746091e-07,-0.002887426863282064,0.013183694594183556,0.013183694594183556,0.1419525471436952,0.9944357877065138,3.932545067980616e-07,2.0553751092990336,0.10150971031244393,0.002796189458333334,-0.0009418226211425108,0.0016584090452176348,0.0007576582661958792,-0.0017884964166666626,2.054035414137664,0.10414839936581796,-0.0013396951613695585,0.002638689053374027,0.002627862282334417,0.9918762703538825,-1.408391597599418e-07,0.000953243330622469,-0.005553714470148605,-0.005553714470148605,0.12046878510167496,1.0041199917942398,-1.3969502050246566e-07,2.054692025495579,0.10118072626280736,0.0036904376666666654,0.0013242610377187506,0.0009754822242587172,0.000518240154726382,0.0032930326916666636,2.055495401035991,0.10603004107381596,0.000803375540411988,0.004849314811008601,0.004813196562518553,0.9853794655448219,6.68681566426083e-07,0.005817415988033538,-0.021884666344734974,-0.021884666344734974,0.17670401138043595,1.0075040044637504,6.58905084544608e-07]"
/multi_agv/m2b_algorithm_state,1789558499.117109,1789558499.117109,m2b_algorithm_state_v1:header6+3x20,"[1.0,-0.15,0.52,2.0568282835044713,0.10125714082544422,1789558499.1169724,2.055410705786064,0.10108087472397805,0.0036904376666666654,0.0015418130588415067,0.0006905429359912666,0.0005721491552210549,0.004584685874999997,2.055631059340096,0.09627288728524959,0.0002203535540319379,-0.004807987438728456,-0.004846232988861607,1.016195735353611,7.708925486063416e-07,-0.004570791046321685,0.019609456027292835,0.019609456027292835,0.14195256744234966,0.992108189965061,7.833777203096407e-07,2.056386126064066,0.10150982793544384,0.002796189458333334,-0.000943241567455642,0.0016585673698781278,0.0007581909763176159,-0.0017884964166666626,2.0550920281845664,0.10430711947839953,-0.0012940978794997449,0.0027972915429556877,0.002785138845517572,0.9914036688825049,-1.5849813069805787e-07,0.001167516496142891,-0.006397511377518461,-0.006397511377518461,0.12046877327487777,1.0043634081143475,-1.5713562828507334e-07,2.05570297897219,0.10118059017059203,0.0036904376666666654,0.0013249738447765839,0.0009755071738881682,0.0005179182033241835,0.0032930326916666636,2.05661603495021,0.1066696709775966,0.0009130559780197167,0.005489080807004568,0.005443029318274271,0.9835727015276887,8.56778402942288e-07,0.006584349290798917,-0.024997366368821085,-0.024997366368821085,0.17670397152417044,1.0084606358036112,8.427038483925249e-07]"
/multi_agv/m2b_algorithm_state,1789558499.1270864,1789558499.1270864,m2b_algorithm_state_v1:header6+3x20,"[1.0,-0.15,0.52,2.0578286582417484,0.10125714820498756,1789558499.1269503,2.0564057094107397,0.10108096687116977,0.0036904376666666654,0.001541139214977537,0.0006906496074645212,0.0005723857536456988,0.004584685874999997,2.056242449219699,0.09645432992370906,-0.0001632601910408482,-0.0046266369474607105,-0.004662003633729676,1.0155533578614766,7.134439151830667e-07,-0.004866078872530736,0.020571463980878023,0.020571463980878023,0.14195255913310664,0.9924138441220666,7.245403637100019e-07,2.057381152686487,0.10150978500749666,0.002796189458333334,-0.0009426935821931545,0.001658607546046298,0.0007579325461573166,-0.0017884964166666626,2.0557277608773434,0.10529413481472538,-0.0016533918091434785,0.0037843498072287207,0.003762274271308478,0.9885017569035999,-2.897017853648336e-07,0.00169553450987913,-0.008762383814205894,-0.008762383814205894,0.12046877811511326,1.0058676040948404,-2.8637072381124757e-07,2.056697988416188,0.10118067059766624,0.0036904376666666654,0.001324496004247641,0.0009755857445211012,0.0005180844598497987,0.0032930326916666636,2.05680926746489,0.10449939510532114,0.00011127904870233962,0.0033187245076548993,0.003301609612511992,0.9898160738314603,3.1361608816755897e-07,0.0034407084233899167,-0.012539211083707959,-0.012539211083707959,0.17670398783972646,1.0051838034024516,3.104222450803943e-07]"
/multi_agv/m2b_algorithm_state,1789558499.1373084,1789558499.1373084,m2b_algorithm_state_v1:header6+3x20,"[1.0,-0.15,0.52,2.058829415970281,0.10125715231578021,1789558499.1371593,2.0574060638330343,0.10108097181387132,0.0036904376666666654,0.0015410808457923474,0.0006907023697102054,0.0005723836101006046,0.004584685874999997,2.057365711801939,0.09739342357794653,-4.0352031095203245e-05,-0.0036875482359247924,-0.0037098572294249053,1.0122670841301318,4.529331002358126e-07,-0.0037602972682939093,0.016349330471943906,0.016349330471943906,0.14195256045175744,0.9939865627919132,4.584892686817267e-07,2.058381553629236,0.10150979613932988,0.002796189458333334,-0.0009428138907815733,0.0016586861624627858,0.0007579438030269198,-0.0017884964166666626,2.056792086537676,0.10488816799414187,-0.0015894670915601594,0.00337837185481199,0.0033607241262118785,0.9896871183065247,-2.30980188359169e-07,0.0013738902617616792,-0.007412657410770436,-0.007412657410770436,0.12046877736677998,1.0052511684795753,-2.2859811700308425e-07,2.057698357262975,0.10118067666176152,0.0036904376666666654,0.0013244235079014535,0.0009756465985650388,0.0005180842308887762,0.0032930326916666636,2.057794640818957,0.10497075016168095,9.628355598190197e-05,0.00379007349991943,0.003767831754721913,0.9884325463910124,4.088550199115826e-07,0.0038881861996992906,-0.01438465044982695,-0.01438465044982695,0.1767039852855684,1.0059030621974145,4.041256084359537e-07]"
/multi_agv/m2b_algorithm_state,1789558499.1470912,1789558499.1470912,m2b_algorithm_state_v1:header6+3x20,"[1.0,-0.15,0.52,2.059830998125059,0.10125715043373935,1789558499.146933,2.0584068005418814,0.10108097036541021,0.0036904376666666654,0.0015410634725048387,0.0006907510137290627,0.0005723658386074413,0.004584685874999997,2.058341411349473,0.09667914178043409,-6.538919240828278e-05,-0.00440182858497612,-0.004433787931451802,1.014760553937052,6.45674738619217e-07,-0.004515524421962155,0.019263707967111094,0.019263707967111094,0.14195256244644341,0.9927918639840724,6.552052554243979e-07,2.059382338426002,0.1015098095949841,0.002796189458333334,-0.0009429760114208784,0.0016587673671639713,0.0007579718376116845,-0.0017884964166666626,2.057695354714428,0.10329384930145745,-0.0016869837115742747,0.0017840397064733532,0.001779058266502151,0.9944534173180795,-6.45005386025535e-08,-0.0003296713729656923,-0.0005726035859794424,-0.0005726035859794424,0.12046877619568137,1.0028000431829567,-6.414278103216603e-08,2.058699108942959,0.1011806769869463,0.0036904376666666654,0.0013243789366956158,0.0009757058506818742,0.0005180727307061679,0.0032930326916666636,2.0589473462628876,0.1058507645469586,0.00024823731992862363,0.004670087560012304,0.004636543912359176,0.9858906226291961,6.203107923995591e-07,0.0049468405622699555,-0.0186495059205428,-0.0186495059205428,0.1767039813701647,1.0072346230915044,6.115585933424113e-07]"
/multi_agv/m2b_algorithm_state,1789558499.1570177,1789558499.1570177,m2b_algorithm_state_v1:header6+3x20,"[1.0,-0.15,0.52,2.0608232065095335,0.10125720711732351,1789558499.1568768,2.0594083600668056,0.10108095622121996,0.0036904376666666654,0.001541131517088065,0.000690790989776335,0.0005723155506224653,0.004584685874999997,2.059234799477486,0.09570757233824807,-0.00017356058931961016,-0.0053733838829718855,-0.005421355964799224,1.0182145791603863,9.627624604385624e-07,-0.005638306701448737,0.023533664566442,0.023533664566442,0.14195256590653282,0.9911512761495794,9.802987734868689e-07,2.0603839496370653,0.10150982902397454,0.002796189458333334,-0.0009432281066663966,0.0016588545360192164,0.0007580357707055313,-0.0017884964166666626,2.0587224848910024,0.10329384930145745,-0.0016614647460628795,0.001784020277482909,0.0017790389465971968,0.994453477966343,-6.451637213687587e-08,-0.0002977919859814026,-0.0006867217476242834,-0.0006867217476242834,0.12046877416416242,1.0028000122736154,-6.415853065728707e-08,2.0597006846713057,0.10118066605602359,0.0036904376666666654,0.0013243922166294411,0.000975761869129111,0.0005180378363072871,0.0032930326916666636,2.0600066549869105,0.10588088290878939,0.0003059703156047533,0.004700216852765796,0.004666246797447898,0.9858045358340544,6.283318360287558e-07,0.00504870969195384,-0.019032624987813104,-0.019032624987813104,0.17670397451303357,1.0072799525598337,6.194123739660868e-07]"
/multi_agv/m2b_algorithm_state,1789558499.1671891,1789558499.1671891,m2b_algorithm_state_v1:header6+3x20,"[1.0,-0.15,0.52,2.061832040777368,0.10125715567706596,1789558499.1670659,2.0604005648972628,0.10108108361234124,0.0036904376666666654,0.0015401942992662662,0.0006909256222813014,0.0005726517668241584,0.004584685874999997,2.0601583869611972,0.09564337387500078,-0.00024217793606551297,-0.0054377097373404515,-0.00548686084036581,1.0184457942652716,9.853890198311259e-07,-0.005789583260447701,0.02408189088896836,0.02408189088896836,0.14195255255979458,0.9910420357914377,1.0035653029621885e-06,2.061376163809072,0.10150976078013925,0.002796189458333334,-0.000942384322009205,0.0016588718986159101,0.0007576609884472063,-0.0017884964166666626,2.059956054914726,0.10370331481421025,-0.0014201088943459617,0.0021935540340709964,0.0021860466207347263,0.9932121389205752,-9.741975168816144e-08,0.0004109105028022742,-0.0034059705779903205,-0.0034059705779903205,0.12046878193620845,1.003434242099442,-9.675847994731015e-08,2.0606928908222657,0.10118077695949006,0.0036904376666666654,0.0013237372489420126,0.000975850032608294,0.0005182758807383983,0.0032930326916666636,2.0610022821273364,0.1054965101991381,0.00030939130507068313,0.00431573323964804,0.004287009392536699,0.9869077738214515,5.296383910985231e-07,0.004673748523875053,-0.01748193282215547,-0.01748193282215547,0.17670400072129003,1.0067002062466546,5.227042454894186e-07]"
/multi_agv/m2b_algorithm_state,1789558499.1770627,1789558499.1770627,m2b_algorithm_state_v1:header6+3x20,"[1.0,-0.15,0.52,2.0628304405610276,0.1012571719743713,1789558499.1769872,2.0614093618410743,0.10108095015584048,0.0036904376666666654,0.0015411017061101027,0.0006908911883237497,0.0005722763543140021,0.004584685874999997,2.061286038715793,0.0973083627731048,-0.0001233231252810718,-0.0037725873827356843,-0.0037959520977406016,1.0125619228096525,4.7409620309045177e-07,-0.003950106004341942,0.01704692844706985,0.01704692844706985,0.1419525690408993,0.9938448340750073,4.800517629980233e-07,2.062385044753454,0.101509852908767,0.002796189458333334,-0.0009435459935672238,0.0016590119282589022,0.0007580916951031025,-0.0017884964166666626,2.0609874373729475,0.10370331481421025,-0.0013976073805066491,0.002193461905443242,0.0021859551269089285,0.9932124254302578,-9.753161304749674e-08,0.0004389459012756171,-0.0035073730036445255,-0.0035073730036445255,0.12046877233461734,1.0034340954404348,-9.686960995102962e-08,2.061701715737575,0.10118066396659042,0.0036904376666666654,0.0013243045872405805,0.0009758813256852909,0.0005180136847071429,0.0032930326916666636,2.0620485861471174,0.10570035523305536,0.00034687040954217707,0.00451969126646494,0.004488237247339059,0.9863212607159927,5.810376003909629e-07,0.00492182525926678,-0.01848111655309453,-0.01848111655309453,0.17670396836700505,1.0070081008183176,5.730897385410097e-07]"
/multi_agv/m2b_algorithm_state,1789558499.1870854,1789558499.1870854,m2b_algorithm_state_v1:header6+3x20,"[1.0,-0.15,0.52,2.0638256230215837,0.10125720737670674,1789558499.1869328,2.06240774567852,0.10108098442588197,0.0036904376666666654,0.0015408145132191245,0.0006909626693373909,0.0005723636597532471,0.004584685874999997,2.0622648540007082,0.0973083627731048,-0.00014289167781189605,-0.0037726216527771694,-0.00379598678760646,1.0125620360331633,4.7401639948284676e-07,-0.0039746013848713305,0.01713241531356735,0.01713241531356735,0.14195256681074317,0.9938447797274808,4.799710105734606e-07,2.0633834655184957,0.10150983767465362,0.002796189458333334,-0.0009434032981882681,0.0016590748724043536,0.000757997100846966,-0.0017884964166666626,2.0621311466686345,0.10440773108539167,-0.0012523188498612114,0.0028978934107380533,0.002884860868761047,0.9911048011492204,-1.7011981672715604e-07,0.0013194623064345327,-0.006989931589540271,-0.006989931589540271,0.12046877362482933,1.004517563435426,-1.686065671289098e-07,2.062700110486067,0.1011806938225783,0.0036904376666666654,0.001324084807136851,0.000975947269491839,0.0005180746499576397,0.0032930326916666636,2.0631118156617716,0.10570035523305536,0.0004117051757046575,0.004519661410477063,0.004488207812662118,0.9863213520285254,5.809334316014414e-07,0.00500283928229294,-0.018773369397864455,-0.018773369397864455,0.1767039727361388,1.007008052908381,5.729870476957046e-07]"
/multi_agv/m2b_algorithm_state,1789558499.197149,1789558499.197149,m2b_algorithm_state_v1:header6+3x20,"[1.0,-0.15,0.52,2.0648258863669886,0.10125720884792973,1789558499.1968722,2.063402918840488,0.10108106427206809,0.0036904376666666654,0.0015402025221976099,0.0006910668059792783,0.0005725747659502872,0.004584685874999997,2.062926860721542,0.09812402339922119,-0.0004760581189460211,-0.0029570408728469,-0.002971307981687023,1.009756800371118,2.909530069192146e-07,-0.0035663806303695496,0.015382472555631608,0.015382472555631608,0.1419525587945996,0.9951983742755529,2.9379177732510186e-07,2.0643786607240417,0.10150979454699317,0.002796189458333334,-0.0009429056758892889,0.0016591131073755427,0.0007577615108592811,-0.0017884964166666626,2.062721216271373,0.10343681987856315,-0.0016574444526686882,0.0019270253315699787,0.0019212197103992065,0.994018670138726,-7.524039195545533e-08,-0.00015058585543665376,-0.0012770470705911095,-0.0012770470705911095,0.12046877830728511,1.0030218413538794,-7.479035435227821e-08,2.06369528950022,0.10118076331105898,0.0036904376666666654,0.0013236470890663717,0.0009760246240460681,0.0005182241474468463,0.0032930326916666636,2.06373922092532,0.10349830690926154,4.393142509995229e-05,0.002317543598202562,0.002309133678856454,0.992806239119845,1.5295463639638353e-07,0.002364047960231394,-0.008187075441711199,-0.008187075441711199,0.17670398844869298,1.003642023596604,1.518543173166369e-07]"
/multi_agv/m2b_algorithm_state,1789558499.2070775,1789558499.2070775,m2b_algorithm_state_v1:header6+3x20,"[1.0,-0.15,0.52,2.0658305866571816,0.10125718126180215,1789558499.2069473,2.064403162714094,0.10108106168130061,0.0036904376666666654,0.0015401723916002308,0.0006911196670722037,0.0005725603306581032,0.004584685874999997,2.063884737357022,0.09739989893334573,-0.0005184253570722497,-0.0036811627479548803,-0.0037033934541082837,1.0122449527801805,4.5109774503893745e-07,-0.004351425150448595,0.01841625489223583,0.01841625489223583,0.1419525599051848,0.9939972065002324,4.566214156261851e-07,2.0653789489986205,0.10150980243496376,0.002796189458333334,-0.0009430398307740022,0.0016591878948952754,0.0007577807611020837,-0.0017884964166666626,2.063651413324719,0.10319876846007595,-0.0017275356739014924,0.0016889660251121902,0.001684498144300553,0.9947432867682178,-5.7817040932161354e-08,-0.0004749214480763125,-1.1139428304772253e-05,-1.1139428304772253e-05,0.12046877766039182,1.002652351281451,-5.751311332807077e-08,2.0646955473882516,0.10118076242752481,0.0036904376666666654,0.0013235929685391419,0.0009760850662601248,0.0005182161674315467,0.0032930326916666636,2.064898296227536,0.10518962711177748,0.00020274883928461662,0.004008864684252669,0.003984022369170956,0.9877955894982822,4.5705687983994826e-07,0.004237458418276727,-0.01575337744971956,-0.01575337744971956,0.17670398630927373,1.0062354858431386,4.514787700557472e-07]"
/multi_agv/m2b_algorithm_state,1789558499.2170432,1789558499.2170432,m2b_algorithm_state_v1:header6+3x20,"[1.0,-0.15,0.52,2.066823497287779,0.10125722857996007,1789558499.2168348,2.065407834487811,0.10108099129473155,0.0036904376666666654,0.0015406176464533806,0.0006911266976565847,0.0005723636741181981,0.004584685874999997,2.0649229241464915,0.098365690918214,-0.0004849103413193667,-0.002715300376517557,-0.002727308313124314,1.0089349210231795,2.4535396263908343e-07,-0.0033334462397735225,0.014468736363127708,0.014468736363127708,0.14195256896169473,0.9955971473599179,2.4754618091798776e-07,2.0663836852902837,0.10150984979295113,0.002796189458333334,-0.0009436881221080366,0.0016592958993060236,0.0007580055934469504,-0.0017884964166666626,2.0647894484630314,0.10461951698366267,-0.0015942368272523488,0.0031096671907115403,0.003094684452957495,0.9904779716742957,-1.9592018520722095e-07,0.0011018884188920591,-0.006309913322526959,-0.006309913322526959,0.12046877237113514,1.0048414427970924,-1.9405462765410057e-07,2.0657002401934506,0.10118070269772377,0.0036904376666666654,0.0013238565791763575,0.0009761295183612134,0.0005180787806868432,0.0032930326916666636,2.0660184475893044,0.10538864115305606,0.0003182073958538645,0.004207938455332294,0.004180609092311539,0.9872188872955572,5.035993060066826e-07,0.004578368337128869,-0.017082619396282667,-0.017082619396282667,0.1767039684720139,1.0065371725548358,4.97162746518732e-07]"
/multi_agv/m2b_algorithm_state,1789558499.2271965,1789558499.2271965,m2b_algorithm_state_v1:header6+3x20,"[1.0,-0.15,0.52,2.067837608177504,0.10125713800751603,1789558499.2270892,2.066400740597595,0.10108110314178503,0.0036904376666666654,0.0015397686427946647,0.0006912528752322617,0.0005726660508835356,0.004584685874999997,2.0660183367598917,0.0997178956603266,-0.00038240383770338227,-0.0013632074814584338,-0.0013662034433556587,1.0044180353380394,6.175211082703343e-08,-0.0018442082404848865,0.008665372720702755,0.008665372720702755,0.1419525569267753,0.9978070894845162,6.202493383486579e-08,2.0673766028113536,0.10150978333819205,0.002796189458333334,-0.0009429255083846155,0.0016593165707239343,0.0007576642746959378,-0.0017884964166666626,2.0658788190097686,0.10419143707016493,-0.0014977838015850509,0.0026816537319728773,0.0026704751841197844,0.9917480755368143,-1.4562853412069816e-07,0.0007982454321384708,-0.005019610188740132,-0.005019610188740132,0.12046877942901314,1.0041859770574042,-1.444268184574497e-07,2.0666931484543882,0.10118079925990313,0.0036904376666666654,0.001323262613729512,0.000976213928761239,0.0005182923351425847,0.0032930326916666636,2.066938596269592,0.10320822033181934,0.00024544781520363657,0.0020274210719162106,0.0020209707692336386,0.9936858850468415,1.1704756834487977e-07,0.0023277805382381843,-0.00791710244944103,-0.00791710244944103,0.17670399225736944,1.0031916852934086,1.1630851654336253e-07]"
/multi_agv/m2b_algorithm_state,1789558499.2370727,1789558499.2370727,m2b_algorithm_state_v1:header6+3x20,"[1.0,-0.15,0.52,2.0688277068040954,0.10125720282077623,1789558499.2370048,2.06741480359911,0.10108088369905056,0.0036904376666666654,0.0015412617024382065,0.0006911618570092587,0.0005720662142894403,0.004584685874999997,2.06709574696049,0.10013119329138329,-0.0003190566386197524,-0.000949690407667278,-0.0009511399269803073,1.0030635449481888,2.999100597600623e-08,-0.0013499607252549979,0.00674337013290565,0.00674337013290565,0.14193601046400425,0.9984760188570453,3.0082884770855127e-08,2.068390773253036,0.10150991942127055,0.002796189458333334,-0.0009447085722027512,0.0016594952265975849,0.0007583442412635588,-0.0017884964166666626,2.066916962900746,0.10419143707016493,-0.0014738103522904389,0.002681517648894377,0.002670340244802532,0.99174849685956,-1.4588903324023753e-07,0.0008280773044394836,-0.0051282143774884215,-0.0051282143774884215,0.12045836848199758,1.0041857602654194,-1.4468522942429996e-07,2.067707247680365,0.10118061090222698,0.0036904376666666654,0.0013242232005480402,0.0009762247495099571,0.0005178703299450913,0.0032930326916666636,2.067716688651416,0.1004906422909266,9.44097105071151e-06,-0.0006899686113003844,-0.0006907311884694878,1.0022162259976024,1.3592319555319604e-08,-0.0006789299746560984,0.004038282256213539,0.004038282256213539,0.1766716044447609,0.9988959856137478,1.3622443207285822e-08]"
/multi_agv/m2b_algorithm_state,1789558499.2472334,1789558499.2472334,m2b_algorithm_state_v1:header6+3x20,"[1.0,-0.15,0.52,2.069837395567373,0.10125714033686702,1789558499.2471056,2.0684049034021164,0.10108104346312904,0.0036904376666666654,0.0015400631166950052,0.0006913149657322918,0.0005725061121623655,0.004584685874999997,2.0680832888322196,0.09924721434528573,-0.0003216145698967665,-0.0018338291178433136,-0.0018392700077027025,1.0059748766370615,1.1180628579433495e-07,-0.002241288220073661,0.010264316483708007,0.010264316483708007,0.14195256570875983,0.9970418210286673,1.1247431455920416e-07,2.0693808721444342,0.10150981792619614,0.002796189458333334,-0.0009435585101117729,0.0016594960210154497,0.000757845316259706,-0.0017884964166666626,2.067770298538762,0.1032111832368653,-0.001610573605672183,0.0017013653106691673,0.0016968320167194517,0.9947054474809046,-5.870079734622213e-08,-0.0003163849903707772,-0.0005833645191807434,-0.0005833645191807434,0.12046877428075625,1.002671622119955,-5.8390002891759784e-08,2.0686973448657366,0.10118074707300352,0.0036904376666666654,0.0013234037716935497,0.0009763168148669843,0.0005181776321592523,0.0032930326916666636,2.0689689476881075,0.10372202800020085,0.00027160282237082,0.002541280927197326,0.002531185992283138,0.9921319212190147,1.8384823438145747e-07,0.002870689520246663,-0.01011042426451191,-0.01011042426451191,0.17670397490152312,1.003988223285434,1.8240170198959912e-07]"
/multi_agv/m2b_algorithm_state,1789558499.2570322,1789558499.2570322,m2b_algorithm_state_v1:header6+3x20,"[1.0,-0.15,0.52,2.07082421085989,0.10125722394849963,1789558499.2568505,2.069414553661055,0.10108089533586999,0.0036904376666666654,0.001541042953822095,0.0006912693618815521,0.0005721051140192971,0.004584685874999997,2.0689251918593663,0.09900102350722145,-0.0004893618016885704,-0.0020798718286485357,-0.0020868836455659135,1.0067953176036215,1.4393594522099313e-07,-0.0026985858976766265,0.0119786398307397,0.0119786398307397,0.14193425367315832,0.9966400537316605,1.4491403568334724e-07,2.070390609165257,0.10150990643315909,0.002796189458333334,-0.000944777241184414,0.0016596407936528834,0.0007582982888762191,-0.0017884964166666626,2.068787836539213,0.1032111832368653,-0.0016027726260441355,0.0017012768037062143,0.0016967439838257966,0.9947057239670606,-5.877048221511989e-08,-0.0003067217987293728,-0.000619050951893293,-0.000619050951893293,0.12045726532106599,1.0026714813334403,-5.845933505968409e-08,2.0697070238758064,0.10118061924157197,0.0036904376666666654,0.0013240266417532645,0.0009763421965643063,0.000517894439996244,0.0032930326916666636,2.0701437843663126,0.10449837973553998,0.00043676049050622723,0.0033177604939680083,0.0033006554028684057,0.9898189120769996,3.133231515857546e-07,0.0038466060160011898,-0.013996655796069,-0.013996655796069,0.17666817321403372,1.0051823316922868,3.1013318103114846e-07]"
/multi_agv/m2b_algorithm_state,1789558499.2669537,1789558499.2669537,m2b_algorithm_state_v1:header6+3x20,"[1.0,-0.15,0.52,2.071829280009379,0.10125718903252849,1789558499.2668748,2.070401376899921,0.10108110149618087,0.0036904376666666654,0.0015395102679849073,0.0006914549758461062,0.0005726729228763549,0.004584685874999997,2.0697114891018127,0.10002448057085347,-0.0006898877981083018,-0.0010566209253273923,-0.0010584166808094348,1.0034125922902608,3.7085392411890004e-08,-0.001920776428444812,0.008806303094398593,0.008806303094398593,0.14195256072747234,0.9983033567832006,3.7211949736116117e-08,2.071377416384812,0.1015097749348782,0.002796189458333334,-0.0009432594087580236,0.0016596165747646552,0.000757652959135699,-0.0017884964166666626,2.069902309654894,0.10596194794652712,-0.0014751067299179077,0.004452173011648922,0.004421774149095439,0.9865766383279861,-4.0100230861216195e-07,0.0025778907366980543,-0.012263994085465139,-0.012263994085465139,0.12046877718194442,1.0068748112247436,-3.9561950959234836e-07,2.0706938392949383,0.10118079541443983,0.0036904376666666654,0.0013229843662672346,0.0009764452277896355,0.0005182926335546957,0.0032930326916666636,2.070613598241532,0.10128311892326335,-8.02410534062048e-05,0.00010232350882351249,0.00010230683729464663,0.9996742668300956,2.9849635131547254e-10,2.0055205368906285e-06,0.0012698013060552502,0.0012698013060552502,0.17670398471743595,1.0001629561552943,2.9839912115275366e-10]"
/multi_agv/m2b_algorithm_state,1789558499.2770457,1789558499.2770457,m2b_algorithm_state_v1:header6+3x20,"[1.0,-0.15,0.52,2.0728275819683875,0.1012571976392237,1789558499.2769482,2.071406417360629,0.10108101890588571,0.0036904376666666654,0.0015400225482355362,0.0006914572374799191,0.0005724496941066303,0.004584685874999997,2.070827576189858,0.10099887326420821,-0.000578841170770783,-8.214564167749461e-05,-8.215641587157858e-05,1.0002624006853955,2.2407071225719142e-10,-0.0008057078793350574,0.00443640629141343,0.00443640629141343,0.14195257044798562,0.999868857544847,2.2412950856566478e-10,2.072382521575521,0.10150982344506762,0.002796189458333334,-0.000943966547474159,0.001659724698426679,0.0007579032376173744,-0.0017884964166666626,2.0709574251158,0.10596194794652712,-0.0014250964597213311,0.004452124501459501,0.0044217263104180515,0.986576786117194,-4.012941122390115e-07,0.0026403557357663875,-0.01248979301996327,-0.01248979301996327,0.12046877152473921,1.0068747337368729,-3.9590745554051653e-07,2.071698901091987,0.10118072474663216,0.0036904376666666654,0.001323292657534152,0.0009764874112830006,0.0005181370594725975,0.0032930326916666636,2.0713203864866507,0.09802008993610888,-0.00037851460533611103,-0.003160634810523283,-0.0031769373701381037,1.0104385493320878,2.8549067588337247e-07,-0.0036500806268082425,0.01553969307164818,0.01553969307164818,0.176703965619668,0.9948684667919305,2.8847078438743216e-07]"
/multi_agv/m2b_algorithm_state,1789558499.2870426,1789558499.2870426,m2b_algorithm_state_v1:header6+3x20,"[1.0,-0.15,0.52,2.0738303788126604,0.10125717657304316,1789558499.2869794,2.072404704459146,0.10108104401051056,0.0036904376666666654,0.0015397675940239204,0.0006915278201701006,0.0005725234925765706,0.004584685874999997,2.0718897851862192,0.1012137800866244,-0.0005149192729265728,0.00013273607611384575,0.0001327079901989684,0.9995770278603138,5.848659365226117e-10,-0.0005109411009592476,0.0032947054806071784,0.0032947054806071784,0.14195256803756415,1.0002116369544536,5.846185545260111e-10,2.0733808429272735,0.1015098030556228,0.002796189458333334,-0.0009438356800506838,0.0016597828766578004,0.0007578162491972823,-0.0017884964166666626,2.071791240756207,0.10411928116806327,-0.0015896021710664066,0.002609478112440472,0.002598887382652133,0.9919635174954367,-1.3803554577136344e-07,0.0006118846688191247,-0.0043192759390073155,-0.0043192759390073155,0.1204687729226617,1.004075101468049,-1.3692622552276403e-07,2.0726971985187435,0.10118074585153775,0.0036904376666666654,0.0013230951852981746,0.0009765519762708454,0.0005181890722362318,0.0032930326916666636,2.072532720735952,0.1014485027538921,-0.00016447778279138348,0.0002677569023543519,0.00026764288709953127,0.9991492296330263,2.043879298588262e-09,6.204565861030192e-05,0.0009820291350966434,0.0009820291350966434,0.17670397033311125,1.000425997701849,2.042140426647352e-09]"
/multi_agv/m2b_algorithm_state,1789558499.2971501,1789558499.2971501,m2b_algorithm_state_v1:header6+3x20,"[1.0,-0.15,0.52,2.074836770883119,0.10125713230904528,1789558499.2970705,2.0734074773692224,0.10108099852111385,0.0036904376666666654,0.0015400093716716268,0.0006915524229508024,0.000572405894734601,0.004584685874999997,2.0724983606716934,0.09932688692680916,-0.0009091166975290221,-0.0017541115943046914,-0.0017590867448138367,1.0057100223823965,1.0228800674457795e-07,-0.002895482616725114,0.012538864958185268,0.012538864958185268,0.1419525736805362,0.9971717423692645,1.0287207355254021e-07,2.074383670163476,0.10150982502985834,0.002796189458333334,-0.000944242972824417,0.0016598740524469413,0.0007579453704455175,-0.0017884964166666626,2.0728264073521325,0.10411928116806327,-0.001557262811343385,0.0026094561382049297,0.0025988655881992702,0.9919635855740015,-1.3809277484800054e-07,0.0006522870740200389,-0.004464396266035725,-0.004464396266035725,0.12046876962742444,1.0040750664650564,-1.3698300408008592e-07,2.0736999889052825,0.1011807061681573,0.0036904376666666654,0.0013232275627343415,0.0009766008590278872,0.0005181062652359712,0.0032930326916666636,2.073758552769788,0.10213865296038835,5.856386450542317e-05,0.0009579467922310458,0.0009564950272766046,0.9969800005068403,2.615085719195573e-08,0.0010296998579083835,-0.0027769418708385616,-0.0027769418708385616,0.1767039592254991,1.0015177966565856,2.607188161649033e-08]"
/multi_agv/m2b_algorithm_state,1789558499.3071184,1789558499.3071184,m2b_algorithm_state_v1:header6+3x20,"[1.0,-0.15,0.52,2.0758389907256416,0.10125711539243742,1789558499.3070204,2.0744138381486703,0.10108090042744836,0.0036904376666666654,0.0015406181723442041,0.0006915394417051238,0.0005721487568667773,0.004584685874999997,2.0733626242504632,0.0979510687846212,-0.0010512138982070596,-0.003129831642827152,-0.0031458356255560575,1.0103469703585501,3.260738789055841e-07,-0.004459852998314882,0.01858666508127374,0.01858666508127374,0.14193019214178615,0.9949126449586583,3.2944775566531763e-07,2.075390101754261,0.10150987620119319,0.002796189458333334,-0.0009450457517873601,0.0016599926134257537,0.0007582316764437325,-0.0017884964166666626,2.07406583680024,0.10645778849152024,-0.0013242649540212703,0.004947912290327053,0.004910508988875221,0.9851674166513601,-4.960183637236003e-07,0.0032551777963486335,-0.014954632894599522,-0.014954632894599522,0.12045471492577646,1.0076169907308121,-4.88661130001214e-07,2.074706372746426,0.10118062029849428,0.0036904376666666654,0.0013236075980903729,0.0009766361304862862,0.0005179231881591211,0.0032930326916666636,2.074544613791832,0.09933562728694575,-0.0001617589545941378,-0.0018449930115485291,-0.0018504934517945602,1.0060039983062092,9.722155875276124e-08,-0.0020526921450372323,0.009387516897673741,0.009387516897673741,0.17666024083554693,0.9970275818913615,9.780527682683984e-08]"
/multi_agv/m2b_algorithm_state,1789558499.316894,1789558499.316894,m2b_algorithm_state_v1:header6+3x20,"[1.0,-0.15,0.52,2.0768251141382965,0.10125719933374322,1789558499.316767,2.0754160353069193,0.10108087186573685,0.0036904376666666654,0.0015407290754668947,0.0006915685620787031,0.0005720855378386426,0.004584685874999997,2.0743369432675984,0.09853126237093897,-0.0010790920393208836,-0.0025496094947978776,-0.0025601835021120995,1.008374125264506,2.1631635977149828e-07,-0.0039090485512632035,0.016427378861797966,0.016427378861797966,0.14192106765057722,0.9958698244459826,2.1812782006498674e-07,2.076392350890609,0.101509881184821,0.002796189458333334,-0.0009453027810599271,0.001660080494902072,0.0007582973771507601,-0.0017884964166666626,2.075124407165693,0.10645778849152024,-0.0012679437249158987,0.004947907306699237,0.004910504081744358,0.9851674317660108,-4.961522598406267e-07,0.003325574425599485,-0.015208993324626175,-0.015208993324626175,0.12044898514519464,1.0076169827643422,-4.887930475920926e-07,2.0757085859793962,0.1011805931267544,0.0036904376666666654,0.0013236617875845846,0.0009766846083162587,0.0005178744831377926,0.0032930326916666636,2.0752987838497083,0.096815120634589,-0.0004098021296878862,-0.004365472492165401,-0.0043968558838604725,1.0146134550285788,5.452009237894206e-07,-0.00490910854597033,0.02040798689862103,0.02040798689862103,0.17664242112846343,0.9928623105864646,5.531681929707569e-07]"
/multi_agv/m2b_algorithm_state,1789558499.327204,1789558499.327204,m2b_algorithm_state_v1:header6+3x20,"[1.0,-0.15,0.52,2.0778286174927905,0.10125717036675953,1789558499.327043,2.0764021685923923,0.10108108508150573,0.0036904376666666654,0.0015391277891085172,0.0006917597076095735,0.0005726802048818813,0.004584685874999997,2.075878763933467,0.09990547735269831,-0.0005234046589253083,-0.0011756077288074263,-0.001177832694434728,1.0038019890744627,4.590042287128961e-08,-0.0018320885180913634,0.008542623515595293,0.008542623515595293,0.1419525661385881,0.9981109663216052,4.6074935777559473e-08,2.077378463849607,0.1015097384377752,0.002796189458333334,-0.0009436962443685319,0.0016600491339313628,0.0007576173120959345,-0.0017884964166666626,2.0760860370489698,0.10421673947806306,-0.0012924268006373474,0.002707001040287871,0.0026956123634647097,0.9916724967403923,-1.485130329988706e-07,0.0010800788626680255,-0.006042086838035329,-0.006042086838035329,0.12046877401961978,1.0042248941196141,-1.4727629023247827e-07,2.0766947099728905,0.10118077448194872,0.0036904376666666654,0.001322576414523872,0.0009767883700006145,0.0005182909777945756,0.0032930326916666636,2.0771048335761626,0.10003155665225828,0.0004101236032720834,-0.0011492178296904354,-0.0011513407512251394,1.003710563420697,3.7673458027000316e-08,-0.0006386862471350352,0.004095790492227523,0.004095790492227523,0.1767039740401386,0.9981561309868995,3.781324778228647e-08]"
/multi_agv/m2b_algorithm_state,1789558499.3371813,1789558499.3371813,m2b_algorithm_state_v1:header6+3x20,"[1.0,-0.15,0.52,2.07883323313404,0.10125713436789531,1789558499.3370452,2.0774056470527857,0.10108102255009721,0.0036904376666666654,0.0015394799871344205,0.0006917767750366005,0.0005725186638562057,0.004584685874999997,2.0769556535733797,0.09946543089676757,-0.00044999347940599677,-0.00161559165332964,-0.001619807664858453,1.0052509097413953,8.673287915791873e-08,-0.002182299514115949,0.009964787741753293,0.009964787741753293,0.14195257306530112,0.9973972147309345,8.718830567798831e-08,2.0783819985456264,0.10150976818135422,0.002796189458333334,-0.0009442154084641479,0.0016601431585079318,0.0007577934437840439,-0.0017884964166666626,2.077122691795099,0.10421673947806306,-0.0012593067505273225,0.0027069712967088405,0.0026955828722158895,0.9916725888073941,-1.4859145361620626e-07,0.0011214494340567364,-0.006190831721806835,-0.006190831721806835,0.12046876999653082,1.004224846733645,-1.473540714822371e-07,2.077698206879959,0.10118072036882719,0.0036904376666666654,0.0013227800442266752,0.000976834567984741,0.000518178682194627,0.0032930326916666636,2.0782289320216454,0.10035039335653084,0.0005307251416861725,-0.0008303270122963502,-0.0008314325738809389,1.0026712986165283,1.966533762312155e-08,-0.0001680261467732233,0.0022901374619896113,0.0022901374619896113,0.17670396047597395,0.9986702931550683,1.9717869612307756e-08]"
/multi_agv/m2b_algorithm_state,1789558499.3472404,1789558499.3472404,m2b_algorithm_state_v1:header6+3x20,"[1.0,-0.15,0.52,2.0798274451189154,0.10125716478265123,1789558499.3471007,2.078410235513635,0.10108094641788697,0.0036904376666666654,0.00153992330436657,0.0006917816027021567,0.0005723239928986792,0.004584685874999997,2.077874536020105,0.09814019521472178,-0.0005356994935299397,-0.0029407512031651845,-0.0029548598514119334,1.0097012953919025,2.877012100395239e-07,-0.003624484218324358,0.01557983971490579,0.01557983971490579,0.14193771381375123,0.9952252732934163,2.904922844627251e-07,2.0793866485075925,0.10150980314272819,0.002796189458333334,-0.0009448300774672351,0.0016602461206574048,0.000758006324498614,-0.0017884964166666626,2.0782757024586864,0.10609277144184896,-0.0011109460489060474,0.0045829682991207765,0.004550789301249195,0.98620319593239,-4.25573162888609e-07,0.003162106740116636,-0.01443625114012803,-0.01443625114012803,0.12045943806550194,1.007071080584361,-4.197016133438018e-07,2.0787028153808924,0.10118065354307079,0.0036904376666666654,0.001323048543358039,0.0009768756996254568,0.0005180409034856782,0.0032930326916666636,2.079077211074131,0.09841413650999414,0.000374395693238494,-0.0027665170330766486,-0.0027789704124719277,1.0090966029906052,2.1863495214154276e-07,-0.00231097579592381,0.010678338375631502,0.010678338375631502,0.1766749312963034,0.9955187074538869,2.2062378750104434e-07]"
/multi_agv/m2b_algorithm_state,1789558499.357641,1789558499.357641,m2b_algorithm_state_v1:header6+3x20,"[1.0,-0.15,0.52,2.0808263180294473,0.10125716392183308,1789558499.357424,2.0794044415214312,0.10108103184664267,0.0036904376666666654,0.001539219747447908,0.0006918916467334661,0.0005725717162267771,0.004584685874999997,2.0786703327972034,0.09666046008033613,-0.0007341087242278554,-0.004420571766306544,-0.004452808364189713,1.0148264938880616,6.504133358322891e-07,-0.005370444269474532,0.022254652958853448,0.022254652958853448,0.14195257222997587,0.9927603895684304,6.600566851807202e-07,2.080380869109264,0.10150973726661949,0.002796189458333334,-0.0009441946720020397,0.0016602719710463454,0.0007577174519047963,-0.0017884964166666626,2.079329753770124,0.10609277144184896,-0.0010511153391399297,0.0045830341752294695,0.004550854239208368,0.9862029954753858,-4.2529929306462486e-07,0.0032369600652834563,-0.014705525309163052,-0.014705525309163052,0.1204687704691119,1.0070711858322887,-4.19431436793897e-07,2.0796970247260504,0.10118072523469152,0.0036904376666666654,0.0013225574208042888,0.0009769520323543723,0.000518214081060577,0.0032930326916666636,2.0798464665887013,0.0961733424094462,0.00014944186265086756,-0.005007382825245321,-0.005048873323463237,1.016882698198194,7.170069642289172e-07,-0.004862070995149652,0.02048010716327894,0.02048010716327894,0.1767039620738177,0.9917822263384785,7.291119764119972e-07]"
/multi_agv/m2b_algorithm_state,1789558499.367604,1789558499.367604,m2b_algorithm_state_v1:header6+3x20,"[1.0,-0.15,0.52,2.0818384004904114,0.1012570772451683,1789558499.3674011,2.080403299188058,0.10108104041602575,0.0036904376666666654,0.0015390598805568715,0.0006919548506149724,0.000572608136291827,0.004584685874999997,2.079216753767182,0.09730844517743444,-0.0011865454208757065,-0.003772595238591317,-0.0037959600241649167,1.0125619350520514,4.73469843404786e-07,-0.00527914180025955,0.02169797155294496,0.02169797155294496,0.14195257085025048,0.9938448283372688,4.794175408267419e-07,2.0813797616627516,0.10150971974500737,0.002796189458333334,-0.0009441500782498133,0.0016603308999130206,0.0007576674695228686,-0.0017884964166666626,2.0796541588869295,0.10464453380744933,-0.0017256027758221215,0.003134814062441954,0.0031195909149358864,0.9904037296372966,-1.9919545251068755e-07,0.0009625874451582345,-0.005822375148185803,-0.005822375148185803,0.1204687712935574,1.0048798537760777,-1.9728391909337395e-07,2.0806958932375323,0.10118073160446613,0.0036904376666666654,0.0013224235129583634,0.0009770131136960679,0.0005182403531140294,0.0032930326916666636,2.0806430736134653,0.09925488398542276,-5.2819624067002025e-05,-0.0019258476190433665,-0.0019318443659439037,1.0062728158385346,1.058403943583901e-07,-0.0019978688960276565,0.009226838719323187,0.009226838719323187,0.17670396483104547,0.9968958436785837,1.0650431166047815e-07]"
/multi_agv/m2b_algorithm_state,1789558499.3771193,1789558499.3771193,m2b_algorithm_state_v1:header6+3x20,"[1.0,-0.15,0.52,2.0828259087759093,0.10125714877686172,1789558499.3770487,2.0814153392588213,0.10108084520241595,0.0036904376666666654,0.0015403376177019297,0.0006918815507379601,0.0005720924167658265,0.004584685874999997,2.0804320345437928,0.09913137703701785,-0.000983304715028499,-0.0019494681653980939,-0.0019556222539613747,1.0063599332522173,1.2638399218258997e-07,-0.0031847531477469985,0.013638384406052417,0.013638384406052417,0.14191562980620676,0.996853130224503,1.2718778593701998e-07,2.0823918969043085,0.10150982461763809,0.002796189458333334,-0.0009456657966004155,0.0016604892416913763,0.0007582421174093246,-0.0017884964166666626,2.0806964582085743,0.10464453380744933,-0.001695438695734186,0.0031347091898112356,0.003119487070587152,0.9904040529922067,-1.9950180834726908e-07,0.0010001887009194192,-0.0059587671739542054,-0.0059587671739542054,0.12044557030003612,1.0048796865893785,-1.9758739956640974e-07,2.0817079653081043,0.10118056191545091,0.0036904376666666654,0.0013232473785828019,0.0009770271984297814,0.00051787591328388,0.0032930326916666636,2.0817759632316717,0.09992097140305192,6.799792356737555e-05,-0.0012595905123989892,-0.0012621429243367037,1.004072013585402,4.528379296744003e-08,-0.0011771455198774843,0.0060477416134192405,0.0060477416134192405,0.17663180181683194,0.9979777156069264,4.5468189187601973e-08]"
/multi_agv/m2b_algorithm_state,1789558499.3871367,1789558499.3871367,m2b_algorithm_state_v1:header6+3x20,"[1.0,-0.15,0.52,2.0838313871268053,0.10125710357028549,1789558499.3870304,2.0824028551452556,0.10108103414721145,0.0036904376666666654,0.0015388917805032151,0.0006920572481437395,0.0005726277383016841,0.004584685874999997,2.0814961569872468,0.0991495097808556,-0.0009066981580088118,-0.0019315243663558523,-0.0019375648549021882,1.0063001054634897,1.2395006197773694e-07,-0.003070937552413203,0.01322847662489453,0.01322847662489453,0.14195257136947395,0.9968824328480913,1.2473096044040276e-07,2.0833793974471213,0.10150969063595705,0.002796189458333334,-0.0009442155711219345,0.0016604660136358973,0.0007576255772859947,-0.0017884964166666626,2.081640222537822,0.10423127577161781,-0.0017391749092992015,0.002721585135660759,0.0027100746852467884,0.9916290287203271,-1.5019857944893113e-07,0.0005361060486227865,-0.004100196635049689,-0.004100196635049689,0.12046877097555249,1.0042472816253483,-1.4894127145411645e-07,2.082695473735351,0.10118072154741665,0.0036904376666666654,0.0013222678263722794,0.0009771246182242125,0.0005182498374445895,0.0032930326916666636,2.082577061068897,0.09739437599000653,-0.00011841266645395976,-0.0037863455574101285,-0.003809852129955287,1.0125930144201014,4.0956224446870236e-07,-0.0039578679630227365,0.016860925478682464,0.016860925478682464,0.1767039637814343,0.9938300564580089,4.1471986771922583e-07]"
/multi_agv/m2b_algorithm_state,1789558499.3970704,1789558499.3970704,m2b_algorithm_state_v1:header6+3x20,"[1.0,-0.15,0.52,2.0848312210356887,0.10125709504595727,1789558499.3969734,2.0834083050114667,0.10108093901106109,0.0036904376666666654,0.0015394575441829476,0.0006920521076124501,0.0005723851767886254,0.004584685874999997,2.082191325988241,0.09764834918173503,-0.001216979023225484,-0.003432589829326066,-0.003451883607989064,1.0113864057233406,3.919896514029134e-07,-0.004973107387020919,0.020500126724058657,0.020500126724058657,0.1419379822920988,0.9944106520224655,3.9645300461313785e-07,2.0843849115308264,0.1015097334717307,0.002796189458333334,-0.0009449535486597545,0.0016605732120633654,0.0007578897043356569,-0.0017884964166666626,2.082675730869393,0.10423127577161781,-0.0017091806614333294,0.0027215422998871086,0.002710032214804171,0.9916291612947999,-1.5031121510386216e-07,0.0005735563880125091,-0.0042351139229690575,-0.0042351139229690575,0.12045960665044259,1.0042472133799965,-1.490529841666451e-07,2.0837009448381227,0.10118063822806465,0.0036904376666666654,0.0013226172945445054,0.000977161873340693,0.0005180789781788248,0.0032930326916666636,2.0832722160867108,0.09568145994363478,-0.0004287287514119775,-0.005499178284429876,-0.005549403679032849,1.0186426636813501,8.65058474584487e-07,-0.006085314618297821,0.02491534144520056,0.02491534144520056,0.17667545566625928,0.9909494069078562,8.811854687908673e-07]"
/multi_agv/m2b_algorithm_state,1789558499.407062,1789558499.407062,m2b_algorithm_state_v1:header6+3x20,"[1.0,-0.15,0.52,2.085832056664715,0.10125707950849776,1789558499.4070103,2.0844081219893043,0.10108093523863096,0.0036904376666666654,0.001539372108587042,0.0006921038877248261,0.0005723952759752626,0.004584685874999997,2.0830415117097636,0.09610109844685824,-0.0013666102795406587,-0.004979836791772718,-0.005020918005469237,1.0168067493423851,8.257614035461476e-07,-0.0067291808548950605,0.027192852846180813,0.027192852846180813,0.1419373158482756,0.9918179875369864,8.396397684721638e-07,2.0853847673247428,0.10150971736399367,0.002796189458333334,-0.000944979851002576,0.0016606388671629446,0.0007578669541091904,-0.0017884964166666626,2.083975371527955,0.1044039054921532,-0.0014093957967875603,0.0028941881281595305,0.0028811885035906204,0.9911157815562307,-1.6996919636662127e-07,0.00111944375760617,-0.006272593726046585,-0.006272593726046585,0.12045918817642567,1.0045118965845898,-1.684591528973883e-07,2.0847007737930183,0.10118063253524719,0.0036904376666666654,0.0013225385758398682,0.0009772175166484548,0.0005180841564571682,0.0032930326916666636,2.0844402188836666,0.09802604243837351,-0.000260554909351729,-0.0031545900968736745,-0.0031708296409440747,1.0104178923003528,2.8423667159096213e-07,-0.003496523277633736,0.014997682303929087,0.014997682303929087,0.1766741539937085,0.9948784558272373,2.871978186234075e-07]"
/multi_agv/m2b_algorithm_state,1789558499.4170184,1789558499.4170184,m2b_algorithm_state_v1:header6+3x20,"[1.0,-0.15,0.52,2.086826641063929,0.10125710317290641,1789558499.416923,2.085408938742679,0.10108091544229482,0.0036904376666666654,0.0015393975659788984,0.0006921452165733477,0.0005723627438464938,0.004584685874999997,2.084056185505601,0.0976280579203091,-0.0013527532370778417,-0.003452857521985722,-0.003472382790556091,1.011456239248076,3.966220218299578e-07,-0.005163324336903393,0.021174413471470768,0.021174413471470768,0.14193309783465247,0.9943769826807481,4.011658186030974e-07,2.086385627192925,0.10150971014010116,0.002796189458333334,-0.0009451246507747001,0.0016607115846305476,0.0007578918948101948,-0.0017884964166666626,2.085015535945136,0.1044039054921532,-0.0013700912477889737,0.0028941953520520425,0.002881195662016625,0.9911157592338216,-1.6999609411618873e-07,0.001168581602280408,-0.006448923865068488,-0.006448923865068488,0.1204565395391006,1.0045119080966263,-1.684858078867506e-07,2.0857016040585408,0.1011806129430973,0.0036904376666666654,0.0013225338263345783,0.0009772694212963895,0.0005180592166513652,0.0032930326916666636,2.085513367805731,0.09829324430579917,-0.0001882362528098369,-0.002887368637298132,-0.0029009461424615974,1.009506868479116,2.3807974732234967e-07,-0.0031362414584738935,0.013626550856200915,0.013626550856200915,0.17666591582010746,0.9953196286670997,2.403431401676844e-07]"
/multi_agv/m2b_algorithm_state,1789558499.4269326,1789558499.4269326,m2b_algorithm_state_v1:header6+3x20,"[1.0,-0.15,0.52,2.0878268245988614,0.101257089709696,1789558499.426834,2.0864035170318065,0.10108099010070346,0.0036904376666666654,0.0015387529734932023,0.0006922496879258055,0.0005725878071005299,0.004584685874999997,2.085464987237794,0.09930906730852374,-0.0009385297940123216,-0.0017719227921797198,-0.0017770001722098474,1.0057691592248013,1.0429190524049365e-07,-0.0029501624147252495,0.012737737640242996,0.012737737640242996,0.1419510452386088,0.9971427239515609,1.0489358184768395e-07,2.0873802202498943,0.10150964470228262,0.002796189458333334,-0.000944539145391392,0.001660737557896752,0.0007576245881286275,-0.0017884964166666626,2.08604871366314,0.10190646557986789,-0.0013315065867542941,0.0003968208775852744,0.0003965718145599534,0.9987465961782892,-3.1996153912538835e-09,-0.0012678114188829142,0.003383687196960988,0.003383687196960988,0.12046780898588864,1.0006280401586214,-3.195604981094481e-09,2.0866961859100854,0.10118067471573315,0.0036904376666666654,0.0013220835185029506,0.0009773427393094947,0.0005182162707008365,0.0032930326916666636,2.086435129754094,0.09705910461801484,-0.00026105615599147924,-0.004121570097718311,-0.004149493441737044,1.013759430361157,4.853281257190217e-07,-0.004475813636726393,0.018800843278835713,0.018800843278835713,0.17670097060482445,0.9932706619709599,4.920059642671634e-07]"
/multi_agv/m2b_algorithm_state,1789558499.436919,1789558499.436919,m2b_algorithm_state_v1:header6+3x20,"[1.0,-0.15,0.52,2.088826686252822,0.10125707782024297,1789558499.4368186,2.087403683261862,0.10108097418497075,0.0036904376666666654,0.0015387489633253179,0.0006922976121471074,0.0005725646173671993,0.004584685874999997,2.086566361833101,0.09994536497245439,-0.0008373214287606956,-0.0011356092125163614,-0.0011376847279088661,1.003670979727562,4.281846756359225e-08,-0.0021843365138597354,0.009770717403112517,0.009770717403112517,0.14194913880721452,0.9981756673517806,4.297565328998347e-08,2.088380425850598,0.10150963572628532,0.002796189458333334,-0.0009446496388484981,0.0016608037552101607,0.0007576380497679308,-0.0017884964166666626,2.087147918265906,0.10295721135462198,-0.0012325075846919553,0.001447575628336653,0.0014442875675966397,0.9954821259621194,-4.2551439019768895e-08,-9.634691326830449e-05,-0.0012552123791673756,-0.0012552123791673756,0.12046661196137458,1.0022765969975667,-4.235919697814702e-08,2.0876963646841236,0.10118065921783197,0.0036904376666666654,0.0013220554811207296,0.000977397365955257,0.0005182000094263906,0.0032930326916666636,2.0873124024292764,0.09612103772789665,-0.00038396225484715885,-0.005059621489935315,-0.005101998813773745,1.0170687727582626,7.317906172387551e-07,-0.005581951632332694,0.023006845355592023,0.023006845355592023,0.17669724676857848,0.9916939761483236,7.442813849910321e-07]"
/multi_agv/m2b_algorithm_state,1789558499.4470484,1789558499.4470484,m2b_algorithm_state_v1:header6+3x20,"[1.0,-0.15,0.52,2.089825021385326,0.1012570751015333,1789558499.44692,2.088403528318537,0.10108096308472318,0.0036904376666666654,0.0015387084161585791,0.0006923483725033814,0.000572555789688872,0.004584685874999997,2.0875261787549553,0.09861327926638225,-0.0008773495635816531,-0.002467683818340935,-0.0024775830887972554,1.0080975793761806,2.0236137945813439e-07,-0.0035742700432743217,0.015215447410967236,0.015215447410967236,0.14194837385295395,0.9960044647943064,2.0400001679097004e-07,2.0893803087214367,0.10150962273365713,0.002796189458333334,-0.0009447183854080269,0.0016608674058438133,0.0007576347402424438,-0.0017884964166666626,2.088258847413148,0.10293261428010478,-0.0011214613082888292,0.0014229915464476495,0.0014198136252261163,0.995557604228623,-4.112214632788143e-08,1.7986989865079878e-05,-0.0016520519191050255,-0.0016520519191050255,0.12046613164641082,1.0022382664633374,-4.0939465478924505e-08,2.0886962217184926,0.10118064764234863,0.0036904376666666654,0.0013220040469276006,0.0009774526989805308,0.0005181935223184681,0.0032930326916666636,2.088438219464842,0.09736534298495347,-0.00025800225365069096,-0.0038153046573951577,-0.0038391773898296456,1.0126934540115293,4.157758650756898e-07,-0.004161680206893009,0.017585294995155723,0.017585294995155723,0.17669575258368247,0.9937818105259401,4.210534968981319e-07]"
/multi_agv/m2b_algorithm_state,1789558499.4570937,1789558499.4570937,m2b_algorithm_state_v1:header6+3x20,"[1.0,-0.15,0.52,2.090828594715885,0.10125703812060476,1789558499.456879,2.089401850018407,0.10108097465679047,0.0036904376666666654,0.0015385054395677497,0.0006924142781458361,0.0005726094906331938,0.004584685874999997,2.088615714791655,0.09731189854479345,-0.0007861352267517496,-0.003769076111997019,-0.0037923967324641804,1.012549734162842,4.724157859881204e-07,-0.0047750657659038674,0.019931279701908458,0.019931279701908458,0.14195257422047433,0.9938506907076653,4.783444785166014e-07,2.0903786612008353,0.10150959515066317,0.002796189458333334,-0.0009446087500513964,0.0016609194465275756,0.0007575601473896743,-0.0017884964166666626,2.089285874144278,0.10293261428010478,-0.0010927870565571318,0.0014230191294416078,0.0014198410844889727,0.9955575178426666,-4.111897245608999e-08,5.385726379255793e-05,-0.0017799270344511838,-0.0017799270344511838,0.12046876930434577,1.0022383103203263,-4.0936302154625924e-08,2.089694552936736,0.1011806554971462,0.0036904376666666654,0.0013218449704615423,0.000977513034382805,0.0005182310919126217,0.0032930326916666636,2.0896716235736603,0.09766202834904872,-2.2929363075796516e-05,-0.003518627148097475,-0.00353888635365424,1.0116676020626274,3.5351976683541367e-07,-0.003567548057498986,0.015389194283772561,0.015389194283772561,0.1767039581400334,0.9942752596347589,3.576444947961221e-07]"
/multi_agv/m2b_algorithm_state,1789558499.467227,1789558499.467227,m2b_algorithm_state_v1:header6+3x20,"[1.0,-0.15,0.52,2.0918320420421033,0.10125700219785667,1789558499.46712,2.090405399301039,0.10108090474392592,0.0036904376666666654,0.0015388766637551665,0.0006924263862578598,0.0005724422820224976,0.004584685874999997,2.0895988310169025,0.09827891411341315,-0.0008065682841364996,-0.002801990630512771,-0.002814785902072668,1.009229165890955,2.609902349973003e-07,-0.0038229962572432926,0.0162217325855404,0.0162217325855404,0.14193909567422341,0.9954542647273901,2.633989571720097e-07,2.0913822647809486,0.10150961653329697,0.002796189458333334,-0.0009451215820323634,0.0016610101951912704,0.0007577352380766511,-0.0017884964166666626,2.0903539309039405,0.1006345785986642,-0.0010283338770080697,-0.0008750379346327691,-0.0008762607377039281,1.002804105109668,-1.5581691935890006e-08,-0.002161678083964015,0.007097652268425984,0.007097652268425984,0.12046030576734637,0.998604521441457,-1.562538463786471e-08,2.090698120065667,0.10118059308459137,0.0036904376666666654,0.001322067791698182,0.0009775549040442312,0.0005181127288111558,0.0032930326916666636,2.090663286839639,0.09765027401567518,-3.483322602804151e-05,-0.003530319068916196,-0.0035507149437501405,1.0117079144473506,3.55935797269284e-07,-0.0035942564762851924,0.015487596178513828,0.015487596178513828,0.17667763022549027,0.9942558399767222,3.6010306313246234e-07]"
/multi_agv/m2b_algorithm_state,1789558499.4772668,1789558499.4772668,m2b_algorithm_state_v1:header6+3x20,"[1.0,-0.15,0.52,2.09282891437017,0.10125700836334779,1789558499.477147,2.0914088228504397,0.10108084031526028,0.0036904376666666654,0.0015392047764447455,0.0006924389947077,0.0005722935001892496,0.004584685874999997,2.090766772743928,0.10000577389082382,-0.00064205010651186,-0.0010750664244364577,-0.001076925689486285,1.003472901257759,3.838440973320066e-08,-0.00187948832262611,0.008667776984225753,0.008667776984225753,0.14192561846111407,0.9982735437848881,3.8517714998041435e-08,2.0923857422132888,0.10150963179945875,0.002796189458333334,-0.0009455842422004196,0.0016611005135556134,0.0007578888048062477,-0.0017884964166666626,2.0913683958666582,0.10076205153056769,-0.0010173463466305321,-0.0007475802688910599,-0.0007484719296369407,1.0023922032571064,-1.1377612295328793e-08,-0.002020154862925106,0.006542549607190549,0.006542549607190549,0.1204518428903716,0.9988086918018243,-1.1404829856519773e-08,2.091701561062582,0.10118053447885098,0.0036904376666666654,0.0013222659638788404,0.0009775960596260184,0.0005180054215179085,0.0032930326916666636,2.091659719100203,0.09791062200720077,-4.18419623793298e-05,-0.003269912471650205,-0.003287376210675389,1.0108127226447985,3.053579461405376e-07,-0.003339678663649551,0.014492675911543386,0.014492675911543386,0.17665130852781746,0.9946876360033049,3.086596969195405e-07]"
/multi_agv/m2b_algorithm_state,1789558499.4872687,1789558499.4872687,m2b_algorithm_state_v1:header6+3x20,"[1.0,-0.15,0.52,2.0938323005519113,0.10125697186540722,1789558499.487189,2.0924056848496146,0.10108087863991497,0.0036904376666666654,0.0015388030147550063,0.0006925180730990015,0.0005724265144105012,0.004584685874999997,2.091863390840498,0.10064806337709517,-0.0005422940091164286,-0.00043281526281979676,-0.0004331151594277633,1.0013880585392796,6.217041949353028e-09,-0.001110982670823299,0.005671200717592234,0.005671200717592234,0.14193545164117644,0.9993075822874389,6.2256715675198865e-09,2.0933826283696804,0.10150958258624321,0.002796189458333334,-0.0009452507507215994,0.00166114199853018,0.000757722668686206,-0.0017884964166666626,2.0922055755772817,0.1006129926155708,-0.0011770527923986585,-0.0008965899706724068,-0.0008978739602462184,1.0028738724347714,-1.6361172266214344e-08,-0.0023691899507445415,0.00784089479170207,0.00784089479170207,0.12045801759060537,0.9985699667986144,-1.6408192188190765e-08,2.092698429891216,0.10118056386388524,0.0036904376666666654,0.0013219811952971659,0.000977659289047095,0.0005180959683436584,0.0032930326916666636,2.0927760284399732,0.09831978341883278,7.759854875732941e-05,-0.0028607804450524604,-0.002874106389812666,1.009416520858839,2.3361361955167831e-07,-0.0027771082038660043,0.012353649802229132,0.012353649802229132,0.17667051296809125,0.995363447641521,2.3581344707309558e-07]"
/multi_agv/m2b_algorithm_state,1789558499.4971275,1789558499.4971275,m2b_algorithm_state_v1:header6+3x20,"[1.0,-0.15,0.52,2.0948292442286482,0.10125697662348031,1789558499.4969869,2.0934090475736196,0.10108081438931373,0.0036904376666666654,0.0015391255190422481,0.0006925307650800681,0.0005722801201239883,0.004584685874999997,2.092238677138505,0.0992937308140287,-0.0011703704351146982,-0.0017870835752850228,-0.0017922488141591474,1.0058195277309545,1.0611105413902188e-07,-0.00325521185805252,0.013820233065313336,0.013820233065313336,0.14192219186808142,0.997118012391294,1.0672857036114473e-07,2.0943860442609727,0.10150959602214045,0.002796189458333334,-0.0009457032969924684,0.001661231127184859,0.0007578724701996914,-0.0017884964166666626,2.093209039512279,0.1008064132445761,-0.0011770047486936441,-0.0007031827775643429,-0.0007039714102718176,1.0022490037752765,-1.0067309851568118e-08,-0.002175227346138873,0.007072812987918493,0.007072812987918493,0.12044969111559466,0.9988797375916586,-1.0089951269431172e-08,2.093701809821141,0.10118050518476748,0.0036904376666666654,0.00132217638369166,0.000977700031867302,0.0005179901690889003,0.0032930326916666636,2.0933543048825793,0.09784188712772462,-0.0003475049385617268,-0.003338618057042858,-0.0033568327923696084,1.0110484213766333,3.183172189792163e-07,-0.003791213965571767,0.016103277016723015,0.016103277016723015,0.1766446166146389,0.994573832998726,3.2183412174593674e-07]"
/multi_agv/m2b_algorithm_state,1789558499.5071545,1789558499.5071545,m2b_algorithm_state_v1:header6+3x20,"[1.0,-0.15,0.52,2.0958306213030995,0.10125695205850187,1789558499.5070312,2.094405980971329,0.10108085083735834,0.0036904376666666654,0.00153873282162739,0.0006926085858283135,0.0005724098595041718,0.004584685874999997,2.093167582665203,0.09885211998852209,-0.0012383983061261539,-0.0022287308488362495,-0.002236791301099271,1.0072938688075364,1.650451252704182e-07,-0.0037847891837569634,0.015862113172945468,0.015862113172945468,0.14193177161708687,0.996396421848091,1.6624894276146403e-07,2.095383001695159,0.10150954629316551,0.002796189458333334,-0.0009453757215790943,0.0016612723995330647,0.0007577090090556265,-0.0017884964166666626,2.094235297515497,0.10087624960423863,-0.0011477041796621457,-0.0006332966889268793,-0.0006339360164977571,1.0020238832600328,-8.162443649986809e-09,-0.002068566241075439,0.006665952755596653,0.006665952755596653,0.12045570675392578,0.9989914951126933,-8.178963483050978e-09,2.094698750019456,0.10118053273991706,0.0036904376666666654,0.0013218983376473716,0.000977762400384852,0.0005180782497446177,0.0032930326916666636,2.094386875902154,0.09911164676824898,-0.00031187411730204673,-0.0020688859716680857,-0.002075814069708304,1.0067495931781383,1.2210961236236847e-07,-0.0024656567163358623,0.01093439164622464,0.01093439164622464,0.17666332562751239,0.9966624669611225,1.2293380256895463e-07]"
/multi_agv/m2b_algorithm_state,1789558499.5173132,1789558499.5173132,m2b_algorithm_state_v1:header6+3x20,"[1.0,-0.15,0.52,2.0968339922140946,0.10125691453769314,1789558499.5171497,2.0954073388955328,0.10108081644580996,0.0036904376666666654,0.0015388402791794344,0.0006926413321404644,0.0005723462478264468,0.004584685874999997,2.094225886400432,0.09990001800307054,-0.001181452495100821,-0.0011807984427394252,-0.0011830431956656186,1.0038190135857192,4.6298220900165543e-08,-0.002659858814541645,0.011470684509943032,0.011470684509943032,0.1419256344562512,0.9981025604691209,4.6475034434777904e-08,2.096384403205848,0.10150954008342476,0.002796189458333334,-0.0009455907293224822,0.0016613457082454985,0.0007577640747687131,-0.0017884964166666626,2.0952390164008117,0.10087624960423863,-0.0011453868050361748,-0.0006332904791861299,-0.0006339297942430023,1.0020238634424126,-8.164140131903932e-09,-0.0020656633005382207,0.006655452840715721,0.006655452840715721,0.12045185294257464,0.9989915049542105,-8.180663236655626e-09,2.0957001218079174,0.10118049964627085,0.0036904376666666654,0.0013219509410523863,0.0009778096070634625,0.0005180308932908454,0.0032930326916666636,2.095482759517744,0.10032844743008079,-0.00021736229017355058,-0.0008520522161900579,-0.0008532165822230103,1.002741873531483,2.069522327137863e-08,-0.0011249194449399484,0.005685624951243293,0.005685624951243293,0.17665133977115716,0.9986353218429971,2.0751966956294555e-08]"
/multi_agv/m2b_algorithm_state,1789558499.527124,1789558499.527124,m2b_algorithm_state_v1:header6+3x20,"[1.0,-0.15,0.52,2.097834162856607,0.101256897688077,1789558499.5270271,2.0964106866476406,0.1010807527244369,0.0036904376666666654,0.0015391521322461496,0.000692653191184966,0.0005722049036277928,0.004584685874999997,2.095495943311775,0.10143514624009267,-0.0009147433358656087,0.0003543935156557765,0.0003541936416218436,0.9988735328612306,4.166857757077453e-09,-0.0007892355282101673,0.0041847935383419865,0.0041847935383419865,0.14191243067882175,1.0005643072332346,4.162163928742178e-09,2.0973878035166185,0.10150955006940734,0.002796189458333334,-0.0009460253630105787,0.0016614339075702311,0.0007579065951425906,-0.0017884964166666626,2.096230228242073,0.09931905334089175,-0.0011575752745454082,-0.002190496728515595,-0.0021982360669906996,1.0071246795081847,-9.78237703614401e-08,-0.00364520516017246,0.012871562170753689,0.012871562170753689,0.12044356129392214,0.9964792960176935,-9.852073337354763e-08,2.096703486478026,0.1011804408192352,0.0036904376666666654,0.001322141403406276,0.0009778491663727362,0.000517927758169385,0.0032930326916666636,2.096586870535581,0.10035818028717723,-0.00011661594244527507,-0.0008222605320579723,-0.000823344655394817,1.0026451161839687,1.9275710144400334e-08,-0.0009691145834514109,0.0051214256885555,0.0051214256885555,0.17662555461183657,0.9986832691148949,1.9326696637260775e-08]"
/multi_agv/m2b_algorithm_state,1789558499.5370266,1789558499.5370266,m2b_algorithm_state_v1:header6+3x20,"[1.0,-0.15,0.52,2.098832269645785,0.10125689350313048,1789558499.5369308,2.0974108407362895,0.1010807406311551,0.0036904376666666654,0.0015390955695947601,0.0006926972441990025,0.0005722065067204043,0.004584685874999997,2.0964559982204034,0.09987782258496807,-0.0009548425158860674,-0.0012029180461870376,-0.001205248078453791,1.0038915291634563,4.805776505777799e-08,-0.0023988012233113754,0.010557300217613346,0.010557300217613346,0.14191057101261592,0.9980667612681512,4.824478325203086e-08,2.0983879956370823,0.10150952657026567,0.002796189458333334,-0.000946056663786457,0.0016614983414258155,0.0007578866465659806,-0.0017884964166666626,2.097221826989014,0.09931905334089175,-0.0011661686480683997,-0.002190473229373921,-0.002198212402873281,1.007124603433155,-9.782491713835007e-08,-0.0036559232129587805,0.012909271468854273,0.012909271468854273,0.12044239342299298,0.996479333166693,-9.852188087884205e-08,2.0977036521964494,0.10118042586281026,0.0036904376666666654,0.001322089570393987,0.0009778990301267942,0.0005179242886953761,0.0032930326916666636,2.0974907615766094,0.09930046147553304,-0.00021289061983997826,-0.001879964387277222,-0.0018856768423454733,1.0061202284491892,1.0082878034958354e-07,-0.002151790117145446,0.009750031193293623,0.009750031193293623,0.1766219231248781,0.9969706076142155,1.0144587551957611e-07]"
/multi_agv/m2b_algorithm_state,1789558499.5470545,1789558499.5470545,m2b_algorithm_state_v1:header6+3x20,"[1.0,-0.15,0.52,2.09983265726898,0.10125687393687138,1789558499.5469239,2.0984089352916504,0.10108075917916978,0.0036904376666666654,0.001538820802174171,0.0006927621558467929,0.0005722918429501844,0.004584685874999997,2.097299171345233,0.09788038429013836,-0.0011097639464172637,-0.0032003748890314238,-0.0032171173308304843,1.010588566784083,3.405561637212019e-07,-0.004604322263852064,0.019118674561860012,0.019118674561860012,0.14191602634980036,0.9947958249335164,3.4416216540449497e-07,2.0993861186052003,0.10150948397273934,0.002796189458333334,-0.0009458490568734273,0.001661546878244824,0.000757771408826588,-0.0017884964166666626,2.098276245428924,0.10048083915774154,-0.0011098731762761993,-0.0010286448149978006,-0.0010303365754497666,1.0033020903837009,-2.155120919089578e-08,-0.0024176780457950157,0.00806688317450686,0.00806688317450686,0.12044581933098254,0.998358050667834,-2.1622373231522166e-08,2.0987017550405054,0.10118043735748232,0.0036904376666666654,0.0013218923204750591,0.000977955895657235,0.0005179802097565085,0.0032930326916666636,2.098438582716886,0.09923299816428277,-0.00026317232361927623,-0.0019474391931995488,-0.00195357218013031,1.0063447104871004,1.0818517758993672e-07,-0.0022825375846544055,0.010238831528667995,0.010238831528667995,0.17663257619276584,0.9968606294698811,1.0887158122074041e-07]"
/multi_agv/m2b_algorithm_state,1789558499.5569236,1789558499.5569236,m2b_algorithm_state_v1:header6+3x20,"[1.0,-0.15,0.52,2.100827701264645,0.10125688789599367,1789558499.5568032,2.0994093061852337,0.10108074056794729,0.0036904376666666654,0.0015388078609124551,0.0006928038405870744,0.0005722757698274822,0.004584685874999997,2.0979887679707843,0.09731065856071944,-0.0014205382144494294,-0.0037700820072278513,-0.0037934153259892175,1.0125532635823293,4.727617004751442e-07,-0.005569088094051005,0.022711932592561126,0.022711932592561126,0.14191339748567752,0.9938489944400482,4.786964027128389e-07,2.100386527787666,0.10150946413145716,0.002796189458333334,-0.0009459247681709295,0.0016616115560585953,0.0007577705837573251,-0.0017884964166666626,2.099281041159916,0.10048083915774154,-0.0011054866277500075,-0.001028624973715614,-0.0010303166691040713,1.0033020268325261,-2.155210449333659e-08,-0.002412174953791581,0.008047334720487548,0.008047334720487548,0.12044416844245817,0.9983580820934126,-2.162327012067099e-08,2.0997021378340395,0.1011804171112097,0.0036904376666666654,0.0013218677881047182,0.0009780049324835003,0.0005179653366487792,0.0032930326916666636,2.0995449701954922,0.10046887285833947,-0.0001571676385472287,-0.0007115442528702332,-0.0007123554022352654,1.0022860921162613,1.4430202018864263e-08,-0.0009088149504193013,0.004859426244062104,0.004859426244062104,0.1766274425741711,0.9988613136610082,1.4463190789935647e-08]"
/multi_agv/m2b_algorithm_state,1789558499.5669823,1789558499.5669823,m2b_algorithm_state_v1:header6+3x20,"[1.0,-0.15,0.52,2.1018311315320317,0.1012568470381054,1789558499.5668187,2.100404344384412,0.10108080239747495,0.0036904376666666654,0.001538224929282083,0.0006928995297515777,0.0005724786735953,0.004584685874999997,2.099033661797695,0.0989965132340102,-0.0013706825867170203,-0.0020842891634647587,-0.0020913310389747584,1.0068100966009708,1.4428414815445887e-07,-0.0038046842723710337,0.015874756957801214,0.015874756957801214,0.14192971047333025,0.9966328259951366,1.452667371413795e-07,2.1013815799790674,0.10150939503464879,0.002796189458333334,-0.000945379446268403,0.0016616361432677529,0.0007575214159653981,-0.0017884964166666626,2.099806018161665,0.0983151590046657,-0.00157556181740226,-0.0031942360299830885,-0.003210818135853598,1.0105074138285552,-2.08007664369913e-07,-0.005180270407606423,0.01865484662798387,0.01865484662798387,0.1204544124678855,0.9948355511994449,-2.101932869789589e-07,2.100697179430455,0.10118046625585722,0.0036904376666666654,0.0013214638503224415,0.0009780723229579234,0.0005181053742214395,0.0032930326916666636,2.100264911412755,0.10004037368745758,-0.00043226801770002155,-0.0011400925683996421,-0.0011421817749118568,1.003680736026719,3.7046180379264466e-08,-0.0016825167970368838,0.007781164457826778,0.007781164457826778,0.17665930013525105,0.9981708633791011,3.7182537590038755e-08]"
/multi_agv/m2b_algorithm_state,1789558499.577027,1789558499.577027,m2b_algorithm_state_v1:header6+3x20,"[1.0,-0.15,0.52,2.102838171807553,0.1012567832336972,1789558499.5769153,2.101407751959625,0.10108073172908466,0.0036904376666666654,0.0015385788568611416,0.0006929099861131324,0.0005723198214250047,0.004584685874999997,2.100223863263273,0.09942162730584803,-0.0011838886963517758,-0.0016591044232366348,-0.0016635520676239832,1.0053949971664475,9.141700564148131e-08,-0.003143412938063703,0.013373626478756236,0.013373626478756236,0.14191629551869686,0.9973264170843171,9.191020012788222e-08,2.1023850388424496,0.10150940755913387,0.002796189458333334,-0.0009458518511653129,0.001661721931253357,0.00075768156308538,-0.0017884964166666626,2.1006406455529514,0.09718688774563526,-0.0017443932894982694,-0.004322519813498613,-0.004353144162399777,1.014399908015088,-3.8136741858277295e-07,-0.006533635774272614,0.023800952932316283,0.023800952932316283,0.1204459883632842,0.9929650046590044,-3.8685907433031647e-07,2.101700603794021,0.10118040182609771,0.0036904376666666654,0.0013216800376794628,0.0009781110301418936,0.0005179915315377767,0.0032930326916666636,2.1011992671036563,0.09917497664787141,-0.0005013366903647842,-0.0020054251782263,-0.0020119316723097797,1.006537896923646,1.147096431112108e-07,-0.00263860253526576,0.011517558809055283,0.011517558809055283,0.17663310186386344,0.9967660461967824,1.1545960293402011e-07]"
/multi_agv/m2b_algorithm_state,1789558499.5871763,1789558499.5871763,m2b_algorithm_state_v1:header6+3x20,"[1.0,-0.15,0.52,2.1038318129039593,0.10125680590700115,1789558499.5870845,2.1024147621430767,0.1010806091989965,0.0036904376666666654,0.001539295272377185,0.0006928824665311409,0.0005720235988594279,0.004584685874999997,2.101144127826972,0.09765546607165154,-0.0012706343161048572,-0.0034251431273449595,-0.0034443522949057378,1.0113608064800557,3.902483268205337e-07,-0.00503264519003681,0.02070590362696133,0.02070590362696133,0.14189009102619654,0.994422995699601,3.946818625407073e-07,2.103392116936243,0.10150944878327348,0.002796189458333334,-0.0009467148982072373,0.0016618353860704538,0.0007579966487288314,-0.0017884964166666626,2.1016458287795987,0.09807630318404797,-0.0017462881566441268,-0.003433145599225501,-0.0034523354301262826,1.0113236333032354,-2.406626518711219e-07,-0.005635195625931441,0.020337317285873735,0.020337317285873735,0.12042953153335614,0.9944414929287216,-2.4338782749069467e-07,2.1027076363433386,0.10118029171882162,0.0036904376666666654,0.0013221416209415098,0.0009781358004149702,0.0005177785686422856,0.0032930326916666636,2.1021779860962,0.09940657627945086,-0.00052965024713858,-0.0017737154393707572,-0.0017787963854458213,1.0057674390029534,8.975109145424242e-08,-0.002440859194369046,0.010725462711659521,0.010725462711659521,0.1765819341630502,0.9971436044526306,9.026872539965325e-08]"
/multi_agv/m2b_algorithm_state,1789558499.5970619,1789558499.5970619,m2b_algorithm_state_v1:header6+3x20,"[1.0,-0.15,0.52,2.104832244189847,0.10125678380169202,1789558499.5969174,2.1034084004730738,0.10108069664780828,0.0036904376666666654,0.0015385232432499475,0.0006929908552171678,0.0005723018628828592,0.004584685874999997,2.1013582969326734,0.09578870374256995,-0.002050103540400361,-0.005291992905238324,-0.005338494536859529,1.0179225036325577,9.321925015712453e-07,-0.00790112396235998,0.03137810226250857,0.03137810226250857,0.14191137064070944,0.9912893735677475,9.48899725066899e-07,2.104385762775882,0.10150935946212102,0.002796189458333334,-0.0009459568647260798,0.0016618496157687623,0.0007576606653596357,-0.0017884964166666626,2.1026258337796917,0.09807630318404797,-0.0017599289961904852,-0.0034330562780730406,-0.003452245120509594,1.0113233408100932,-2.404575261535958e-07,-0.0056521563657477005,0.020397504053360552,0.020397504053360552,0.12044289558669234,0.9944416338450147,-2.431803086725849e-07,2.103701275462922,0.10118036161107412,0.0036904376666666654,0.0013216177045554441,0.0009782059697570405,0.0005179691667639495,0.0032930326916666636,2.1032391827132684,0.10015312059790751,-0.00046209274965347547,-0.0010272410131666049,-0.001028935650326287,1.003312180786896,3.0076359360764e-08,-0.0016065515873931314,0.007464640549937438,0.007464640549937438,0.17662348458354923,0.9983530192980049,3.0175977700378504e-08]"
/multi_agv/m2b_algorithm_state,1789558499.6073205,1789558499.6073205,m2b_algorithm_state_v1:header6+3x20,"[1.0,-0.15,0.52,2.105834081447957,0.10125675239663856,1789558499.6071885,2.1044088154656375,0.10108067441313194,0.0036904376666666654,0.001538527995353004,0.0006930308980463088,0.0005722789744318695,0.004584685874999997,2.102255352995147,0.09565646787126422,-0.0021534624704906413,-0.005424206541867718,-0.005473109160953486,1.0183973239622128,9.794343309971157e-07,-0.008164937249066789,0.03233894208844387,0.03233894208844387,0.14190858721712274,0.9910649289740736,9.974533016841827e-07,2.105386214997229,0.10150933894391119,0.002796189458333334,-0.0009460432181212989,0.0016619124221457504,0.0007576654266574778,-0.0017884964166666626,2.1034029790294926,0.09753886607773232,-0.0019832359677365297,-0.003970472866178867,-0.003996243670450709,1.0131750822097714,-3.217713138338223e-07,-0.006475288630121371,0.023473139430169262,0.023473139430169262,0.12044114759872311,0.9935512430179377,-3.260106773463291e-07,2.104701702106675,0.10118033804803296,0.0036904376666666654,0.0013216053919763364,0.0009782535715542329,0.0005179497432640091,0.0032930326916666636,2.103760114530561,0.09975795061484989,-0.0009415875761140668,-0.00142238743318307,-0.00142564626723962,1.004606772417794,5.768048467572569e-08,-0.0026026307373822038,0.011150920083831976,0.011150920083831976,0.1766180493113195,0.9977141355948976,5.794620554157481e-08]"
/multi_agv/m2b_algorithm_state,1789558499.6174655,1789558499.6174655,m2b_algorithm_state_v1:header6+3x20,"[1.0,-0.15,0.52,2.106833267685667,0.1012567378843529,1789558499.617307,2.1054106336514,0.10108063085514983,0.0036904376666666654,0.0015386815517070569,0.0006930562268953715,0.0005721992389492503,0.004584685874999997,2.103415095287972,0.0970930955170674,-0.0019955383634275847,-0.003987535338082437,-0.0040136806167855935,1.0133096529944607,5.289001093170841e-07,-0.006508103571070074,0.02607580830796464,0.02607580830796464,0.1419008213285189,0.9934859593476834,5.359395862408269e-07,2.1063880765993876,0.10150933043828794,0.002796189458333334,-0.0009462893445652443,0.0016619854542918588,0.0007577341249481451,-0.0017884964166666626,2.1043743678164497,0.09753886607773232,-0.0020137087829379396,-0.00397046436055562,-0.003996235055696364,1.013175054218595,-3.218536590935026e-07,-0.006513371034368789,0.02360613096729691,0.02360613096729691,0.12043627053663428,0.9935512564247166,-3.2609409850251274e-07,2.1057035340930836,0.10118029589647791,0.0036904376666666654,0.0013216929187743064,0.000978295827487252,0.0005178898239630672,0.0032930326916666636,2.104735565120341,0.0995707971231359,-0.0009679689727426499,-0.0016094987733420024,-0.0016136772745515898,1.0052237937947834,7.386827344532186e-08,-0.002823638490479902,0.012008136688200806,0.012008136688200806,0.17660288524937906,0.9974105719430494,7.42541460737769e-08]"
/multi_agv/m2b_algorithm_state,1789558499.6273184,1789558499.6273184,m2b_algorithm_state_v1:header6+3x20,"[1.0,-0.15,0.52,2.1078326181172957,0.1012567217561166,1789558499.6272187,2.1064098062984304,0.10108062896268205,0.0036904376666666654,0.001538538371532425,0.0006931081941563555,0.0005722342705194311,0.004584685874999997,2.1043874929314437,0.0970930955170674,-0.002022313366986772,-0.003987533445614658,-0.0040136786997888975,1.0133096467295772,5.288503951734105e-07,-0.006541570408522363,0.026192739151567487,0.026192739151567487,0.141902450422154,0.9934859623478045,5.358892071059659e-07,2.1073872805571146,0.10150929536344515,0.002796189458333334,-0.0009462108252758557,0.0016620386143424426,0.000757672437276799,-0.0017884964166666626,2.105143891362196,0.09531779392955847,-0.0022433891949185103,-0.006191501433886679,-0.006255221878448421,1.0210608586280538,-7.836316693963966e-07,-0.009059458372096558,0.03320868159271149,0.03320868159271149,0.12043729364245426,0.9898132399137938,-8.001356252020199e-07,2.106702716201456,0.10118028932693145,0.0036904376666666654,0.0013215845352229122,0.0009783467476487395,0.0005179103173912521,0.0032930326916666636,2.1057327772080336,0.0995707971231359,-0.00096993899342257,-0.00160949220379554,-0.001613670671056324,1.0052237725459083,7.386161492031131e-08,-0.0028260944128345364,0.012016693776090501,0.012016693776090501,0.1766060662375419,0.997410582384788,7.424745119652849e-08]"
/multi_agv/m2b_algorithm_state,1789558499.6372178,1789558499.6372178,m2b_algorithm_state_v1:header6+3x20,"[1.0,-0.15,0.52,2.1088339436158394,0.10125669250574852,1789558499.6370382,2.107409142926045,0.10108062319106886,0.0036904376666666654,0.0015384216738017647,0.0006931583469094171,0.0005722587668593264,0.004584685874999997,2.1057601314794896,0.09725396008515624,-0.0016490114465552708,-0.00382666310591262,-0.0038507122966295773,1.0127497456354897,4.869539007456449e-07,-0.005911976604823666,0.023932388408345932,0.023932388408345932,0.14190349766867738,0.9937546124289767,4.931624391163614e-07,2.108386648910866,0.1015092625315437,0.002796189458333334,-0.0009461597408603451,0.001662092380710689,0.000757622326281307,-0.0017884964166666626,2.106506821005315,0.09515082135378408,-0.0018798279055509681,-0.006358441177759619,-0.006425728270209964,1.0216689239210812,-8.264943280077754e-07,-0.008775513152148674,0.03227565949435608,0.03227565949435608,0.12043795131554344,0.9895284877260851,-8.44403570722581e-07,2.107702062514976,0.10118027954573723,0.0036904376666666654,0.0013214931090497171,0.0009783970099294104,0.0005179238026574214,0.0032930326916666636,2.107068406106276,0.09990847107280373,-0.0006336564086999452,-0.0012718084729334972,-0.001274410891211532,1.0041120944653985,4.610579194842128e-08,-0.0020664814020864633,0.009194021128565972,0.009194021128565972,0.17660811110348063,0.9979579441010892,4.62953833203152e-08]"
/multi_agv/m2b_algorithm_state,1789558499.647095,1789558499.647095,m2b_algorithm_state_v1:header6+3x20,"[1.0,-0.15,0.52,2.109836146699322,0.10125665753424291,1789558499.6470232,2.1084104507069545,0.10108058633165029,0.0036904376666666654,0.0015385234962255589,0.000693188129824662,0.0005721991391017228,0.004584685874999997,2.10654000045646,0.09517624927509287,-0.001870450250494482,-0.005904337056557421,-0.005962488811377193,1.0201329779644188,1.1608276976562226e-06,-0.008300551624495296,0.03296380103959204,0.03296380103959204,0.1418975457767597,0.9902470668441655,1.1841986161136224e-06,2.1093879970701366,0.10150924820521444,0.002796189458333334,-0.0009463446099464666,0.0016621603628914627,0.0007576670983977796,-0.0017884964166666626,2.107612122405579,0.09567646324979734,-0.0017758746645575307,-0.0058327849554171,-0.005889183890554225,1.0197616024299125,-6.954126318702255e-07,-0.008109027221251138,0.029796510173420592,0.029796510173420592,0.12043421340628692,0.9904233020762716,-7.09155099825984e-07,2.108703383070427,0.10118024298038081,0.0036904376666666654,0.0013215469029803756,0.0009784401767859666,0.0005178780313983044,0.0032930326916666636,2.1081622141745844,0.10031381977688508,-0.0005411688958427696,-0.0008664232034957253,-0.0008676273126565393,1.0027885813854818,2.1392910897623114e-08,-0.0015440884324600013,0.0071748929638642475,0.0071748929638642475,0.17659648949975765,0.9986121815862076,2.1452566770733497e-08]"
/multi_agv/m2b_algorithm_state,1789558499.657119,1789558499.657119,m2b_algorithm_state_v1:header6+3x20,"[1.0,-0.15,0.52,2.110830692314131,0.1012566713047136,1789558499.6569388,2.1094126343629798,0.10108053709203113,0.0036904376666666654,0.0015387106226201048,0.0006932085134733867,0.000572107424611054,0.004584685874999997,2.1075394853717424,0.09658167290566037,-0.0018731489912373611,-0.004498864186370757,-0.004532272598781904,1.0151023707387008,6.734674325371713e-07,-0.006873708837828605,0.027531101383453778,0.027531101383453778,0.14188905258489967,0.9926287725014321,6.836383873837886e-07,2.110390224958554,0.10150924012259009,0.002796189458333334,-0.0009466200066006701,0.0016622347776964475,0.0007577477650415332,-0.0017884964166666626,2.108355971886872,0.09436113574253403,-0.002034253071682368,-0.007148104380056058,-0.007233646699783556,1.0245746148707384,-1.0455063847646317e-06,-0.009776463039386516,0.035977652039546185,0.035977652039546185,0.12042887978566634,0.9881743851645316,-1.0711993015151207e-06,2.109705580776432,0.10118019538810752,0.0036904376666666654,0.001321658982776921,0.0009784796732604352,0.000517808904648422,0.0032930326916666636,2.1091322537764574,0.10011720653659757,-0.0005733269999748103,-0.0010629888515099467,-0.001064803980708164,1.0034288360084391,3.2207904945653134e-08,-0.0017814627306766769,0.008098498239848314,0.008098498239848314,0.17657990816889657,0.9982953395825868,3.2318340569887176e-08]"
/multi_agv/m2b_algorithm_state,1789558499.6670327,1789558499.6670327,m2b_algorithm_state_v1:header6+3x20,"[1.0,-0.15,0.52,2.1118341260793656,0.10125662702154704,1789558499.6669586,2.1104071761713126,0.10108060527915991,0.0036904376666666654,0.0015380660763298346,0.0006933063655401913,0.0005723359106874656,0.004584685874999997,2.1087032958140477,0.09836170386269708,-0.0017038803572648753,-0.0027189014164628322,-0.002730941612253585,1.0089471780907655,2.4559875221220844e-07,-0.004860792058834679,0.019836274162854953,0.019836274162854953,0.14190655834505625,0.9955911925261496,2.4779616798712087e-07,2.1113847763705076,0.10150915981487796,0.002796189458333334,-0.0009459897653646713,0.001662252169130518,0.0007574655304931205,-0.0017884964166666626,2.1092558765741556,0.09432068576254685,-0.0021288997963520018,-0.007188474052331112,-0.007275011557547558,1.0247244983453248,-1.0566692990029378e-06,-0.00993613630298756,0.03654177053038935,0.03654177053038935,0.12043987346505974,0.9881048291769836,-1.0827949173376914e-06,2.110700124400572,0.10118024882010289,0.0036904376666666654,0.0013212187878590951,0.0009785453087836297,0.0005179655710461895,0.0032930326916666636,2.109929168840247,0.10027470541322084,-0.0007709555603252483,-0.0009055434068820506,-0.0009068590934340602,1.0029157782481746,2.3363186462425126e-08,-0.0018705535438406206,0.00834649974423894,0.00834649974423894,0.17661408757442432,0.9985491830411852,2.343130833332031e-08]"
/multi_agv/m2b_algorithm_state,1789558499.6769984,1789558499.6769984,m2b_algorithm_state_v1:header6+3x20,"[1.0,-0.15,0.52,2.1128292738520975,0.10125663588575695,1789558499.6768801,2.11141058825399,0.10108053283754379,0.0036904376666666654,0.0015384164217777593,0.0006933140009429905,0.0005721800784829617,0.004584685874999997,2.109798654321431,0.09900943970586829,-0.0016119339325593174,-0.0020710931316755,-0.002078045457188444,1.0067660007474444,1.4247961636332494e-07,-0.004092962872887591,0.01688549001526845,0.01688549001526845,0.1418931354495212,0.9966543919966262,1.434436335541348e-07,2.1123882374988754,0.10150916642480866,0.002796189458333334,-0.0009464405040509436,0.0016623342585297962,0.0007576182097848161,-0.0017884964166666626,2.1101936177366825,0.09432068576254685,-0.0021946197621929286,-0.007188480662261812,-0.0072750183233397155,1.0247245207561073,-1.0571746892805007e-06,-0.010018293026080876,0.036825178639313845,0.036825178639313845,0.12043144356275393,0.9881048188153323,-1.0833128268284478e-06,2.111703552485231,0.10118018180228872,0.0036904376666666654,0.0013214367467294821,0.0009785806316876759,0.0005178527207636632,0.0032930326916666636,2.1110088886695797,0.10117823563189965,-0.0006946638156510865,-1.946170389066637e-06,-1.9461764248302906e-06,1.0000062027539647,1.078635386745798e-13,-0.0008702759459886884,0.004411770803754266,0.004411770803754266,0.1765878782975661,0.9999968986554473,1.0786420772557196e-13]"
/multi_agv/m2b_algorithm_state,1789558499.68701,1789558499.68701,m2b_algorithm_state_v1:header6+3x20,"[1.0,-0.15,0.52,2.113831007029686,0.10125660155137768,1789558499.6868694,2.112405731224734,0.1010805891426786,0.0036904376666666654,0.0015378544219551622,0.0006934054079395396,0.0005723761364773454,0.004584685874999997,2.1107796632557516,0.09805390230116205,-0.0016260679689823476,-0.0030266868415165515,-0.003041641838939497,1.0099944623755395,3.0436943510376194e-07,-0.005074226800167432,0.020701571213093038,0.020701571213093038,0.14190907588182589,0.9950832483852999,3.0741144397117067e-07,2.113383392164497,0.10150909325674463,0.002796189458333334,-0.0009458975769148829,0.0016623549371992397,0.000757372112963034,-0.0017884964166666626,2.1114619336527793,0.09467911085277594,-0.0019214585117177663,-0.00682998240396869,-0.00690789448594447,1.0233982208247743,-9.536189090970402e-07,-0.009309717625591678,0.034270075665963996,0.034270075665963996,0.12044145449286182,0.9887212981995732,-9.75931894914773e-07,2.112698698167061,0.10118022525784763,0.0036904376666666654,0.00132105019688902,0.0009786440049549539,0.0005179873108391753,0.0032930326916666636,2.112025793539125,0.10049927785002652,-0.0006729046279358997,-0.0006809474078211114,-0.000681690127541906,1.0021870375014068,1.3207427846292992e-08,-0.0015228209124617804,0.007019687077311055,0.007019687077311055,0.17661900358418012,0.9989104731155889,1.323631298628996e-08]"
/multi_agv/m2b_algorithm_state,1789558499.6970093,1789558499.6970093,m2b_algorithm_state_v1:header6+3x20,"[1.0,-0.15,0.52,2.11482899050321,0.10125659118921776,1789558499.6968038,2.1134074463934995,0.10108054053224695,0.0036904376666666654,0.0015380347970682076,0.000693429996107752,0.0005722851614135354,0.004584685874999997,2.1118166391508804,0.09777801564971202,-0.0015908072426191744,-0.003302524882534935,-0.0033203668924098153,1.0109390758176733,3.624817837844641e-07,-0.005308875945683783,0.02162772963992357,0.02162772963992357,0.14190167877293347,0.994626494464914,3.664469994998078e-07,2.1143851481303764,0.10150908515684524,0.002796189458333334,-0.0009461611845313425,0.0016624233020721135,0.0007574508164026883,-0.0017884964166666626,2.1124327608805022,0.09536100478121548,-0.0019523872498741213,-0.006148080375629764,-0.006210889937132775,1.0209031153997907,-7.726197246552305e-07,-0.008651373999475426,0.03177957973928439,0.03177957973928439,0.12043680903964024,0.9898871881262146,-7.887698839198533e-07,2.113700426565181,0.10118017896504085,0.0036904376666666654,0.0013211542556147335,0.000978684999457369,0.00051792088170727,0.0032930326916666636,2.1131580144878246,0.09992844327787945,-0.0005424120773565022,-0.001251735687161401,-0.0012542562282797606,1.0040462825412266,4.4649874239972526e-08,-0.0019322713249753883,0.008710946043534751,0.008710946043534751,0.1766045595300521,0.9979904097252789,4.483054024657769e-08]"
/multi_agv/m2b_algorithm_state,1789558499.706937,1789558499.706937,m2b_algorithm_state_v1:header6+3x20,"[1.0,-0.15,0.52,2.1158339789359553,0.10125653529481642,1789558499.70683,2.1144054195329094,0.10108055046037152,0.0036904376666666654,0.001537799559033904,0.0006934922675088547,0.000572354736545752,0.004584685874999997,2.1128690515290884,0.09931634171673079,-0.0015363680038209537,-0.0017642087436407355,-0.0017692417486045075,1.005743578197015,1.0332143239902062e-07,-0.0036897017533807,0.015342346361931537,0.015342346361931537,0.1419075704658387,0.9971552757175542,1.03914867125432e-07,2.1153831451004583,0.10150904033334553,0.002796189458333334,-0.000945971267778946,0.0016624637917455054,0.0007573474323833013,-0.0017884964166666626,2.1134396002577187,0.09564912452417085,-0.0019435448427396196,-0.005859915809174679,-0.005916852378894447,1.0198595765635459,-7.016319524051929e-07,-0.008346283432318972,0.030629681934296073,0.030629681934296073,0.12044050908768332,0.9903772198334942,-7.15566065883414e-07,2.1146984068762618,0.10118018277393623,0.0036904376666666654,0.0013209835186330041,0.0009787384349951639,0.0005179670945010097,0.0032930326916666636,2.114249269384164,0.10109043267745607,-0.0004491374920978508,-8.975009648015675e-05,-8.976294131597182e-05,1.0002863326622764,2.293298451768949e-10,-0.0006511848064382854,0.0036723290822368512,0.0036723290822368512,0.1766160639052873,0.9998569026858215,2.2939550980200384e-10]"
/multi_agv/m2b_algorithm_state,1789558499.7171144,1789558499.7171144,m2b_algorithm_state_v1:header6+3x20,"[1.0,-0.15,0.52,2.1168367530037977,0.10125649437228552,1789558499.7169905,2.1154103834350106,0.10108045161565436,0.0036904376666666654,0.0015383322846728403,0.0006934826395109889,0.0005721288296025611,0.004584685874999997,2.1140593123560665,0.10101469274779497,-0.001351071078944166,-6.575886785939455e-05,-6.576577143323102e-05,1.000210018464522,1.4343129110866045e-10,-0.0017546046201134386,0.00779530860490857,0.00779530860490857,0.14188889893870152,0.9998950278589299,1.4346141432818348e-10,2.116388164285324,0.1015090613959687,0.002796189458333334,-0.0009466145946485597,0.0016625560481067225,0.0007575783034568517,-0.0017884964166666626,2.1143912756651897,0.09564912452417085,-0.0019968886201344738,-0.005859936871797852,-0.005916873843880573,1.0198596471008363,-7.021140990557311e-07,-0.008412984619048665,0.030860720734310655,0.030860720734310655,0.12042878305479206,0.9903771867399866,-7.160578372874996e-07,2.115703389087531,0.10118009287282619,0.0036904376666666654,0.0013213232929668397,0.0009787672060577856,0.0005178048499319614,0.0032930326916666636,2.115350151333094,0.10212788261852933,-0.0003532377544370746,0.0009477897457031426,0.0009463684823361124,0.9970116510775922,2.5562664598588632e-08,0.0005048212892897691,-0.0009045814514509918,-0.0009045814514509918,0.17657960740151166,1.0015018075871691,2.5486274437381568e-08]"
/multi_agv/m2b_algorithm_state,1789558499.7270064,1789558499.7270064,m2b_algorithm_state_v1:header6+3x20,"[1.0,-0.15,0.52,2.1178362727791886,0.10125647449404296,1789558499.7269297,2.116413137526982,0.10108039171752234,0.0036904376666666654,0.0015385859196721803,0.0006934949071063731,0.0005720125079082731,0.004584685874999997,2.1148629082585213,0.10113836341338876,-0.0015502292684606012,5.797169586642392e-05,5.796633553333314e-05,0.9998151111770753,1.1148108223490764e-10,-0.0018798202500424183,0.008187228758880461,0.008187228758880461,0.14189996859453624,1.0000924732095182,1.1146047062883486e-10,2.117390963788719,0.1015090559084343,0.002796189458333334,-0.0009469514091351569,0.0016626323547632715,0.0007576846084463018,-0.0017884964166666626,2.114973543364546,0.09446847013036591,-0.0024174204241731445,-0.0070405857780683895,-0.007123507502866221,1.0241761739704904,-1.014585468430869e-06,-0.010145283033082653,0.037220876481459844,0.037220876481459844,0.12043575288712065,0.9883594247967777,-1.0391142632235852e-06,2.1167061576956927,0.10118003549089996,0.0036904376666666654,0.0013214821851774633,0.0009788023990822577,0.0005177176702527296,0.0032930326916666636,2.116035570946072,0.10104078793513213,-0.0006705867496208384,-0.00013924755576782966,-0.00013927848699755774,1.000444496184087,5.522619983995428e-10,-0.0009775119240236058,0.004852567139104577,0.004852567139104577,0.17660127793663874,0.9997779181092867,5.525074767504477e-10]"
/multi_agv/m2b_algorithm_state,1789558499.7369487,1789558499.7369487,m2b_algorithm_state_v1:header6+3x20,"[1.0,-0.15,0.52,2.1188369657223975,0.10125644668989736,1789558499.7368498,2.1174126440452077,0.10108038366891171,0.0036904376666666654,0.0015384708626289155,0.0006935399885189316,0.0005720389308706301,0.004584685874999997,2.1157144103701073,0.09966667497383687,-0.001698233675100358,-0.0014137086950748445,-0.001416932002156965,1.004584358821245,6.635869344132397e-08,-0.0035397240960324122,0.014673934104913331,0.014673934104913331,0.14189952208253886,0.9977251504820177,6.6662905502968e-08,2.1183905009050266,0.10150901745754205,0.002796189458333334,-0.0009468852974924254,0.0016626843775129352,0.0007576288904972556,-0.0017884964166666626,2.1159125552342184,0.09446847013036591,-0.002477945670808168,-0.0070405473271761415,-0.007123468164573945,1.0241760437826564,-1.0145037121925944e-06,-0.010220900253084156,0.03748234787150493,0.03748234787150493,0.12043547175226538,0.9883594850875898,-1.03903039835623e-06,2.1177056733873325,0.10118002235567514,0.0036904376666666654,0.0013213978593008611,0.0009788482377114391,0.0005177303787326577,0.0032930326916666636,2.1169976330739866,0.10096396136872213,-0.0007080403133459257,-0.00021606098695300946,-0.00021613549906727284,1.000690295230753,1.3295918817368002e-09,-0.00110118589074968,0.005324766674054581,0.005324766674054581,0.17660040381251724,0.9996552527715951,1.330509692671611e-09]"
/multi_agv/m2b_algorithm_state,1789558499.7470298,1789558499.7470298,m2b_algorithm_state_v1:header6+3x20,"[1.0,-0.15,0.52,2.1198349310888847,0.10125643607589373,1789558499.74692,2.1184133214792844,0.1010803567170459,0.0036904376666666654,0.0015384886390524843,0.0006935729900696683,0.0005720140593489103,0.004584685874999997,2.116672529025959,0.09980303555958192,-0.0017407924533254793,-0.0012773211574639842,-0.001279949826128734,1.0041357194424418,5.416804097801822e-08,-0.003455940392785583,0.014323264865671426,0.014323264865671426,0.1419032275129288,0.9979462721029463,5.439206479825e-08,2.1193912138921496,0.10150899033131337,0.002796189458333334,-0.000946962149315124,0.0016627445092556314,0.0007576309242480345,-0.0017884964166666626,2.1171762432963934,0.09790316713329995,-0.0022149705957561494,-0.0036058231980134192,-0.0036270196301377306,1.0119163195020657,-2.655796657927717e-07,-0.006395732874832917,0.023064746040379572,0.023064746040379572,0.12043780476822394,0.9941559643217297,-2.687443979436102e-07,2.118706361795759,0.1011799930213328,0.0036904376666666654,0.0013214014167406006,0.0009788898389723414,0.0005177071973152753,0.0032930326916666636,2.1181994535287414,0.10242157003841196,-0.0005069082670177139,0.0012415770170791512,0.0012391435131535718,0.9960984166404967,4.3859422578595744e-08,0.0006055081793814295,-0.0013984690739539622,-0.0013984690739539622,0.17660765818578064,1.0019638596334868,4.368830138530567e-08]"
/multi_agv/m2b_algorithm_state,1789558499.7570124,1789558499.7570124,m2b_algorithm_state_v1:header6+3x20,"[1.0,-0.15,0.52,2.1208335056435814,0.10125642085619425,1789558499.756862,2.1194112769947426,0.10108037119547891,0.0036904376666666654,0.0015382126227488093,0.0006936335655820965,0.0005721021922445112,0.004584685874999997,2.1181808595946556,0.10079212440590933,-0.0012304174000870027,-0.0002882467895695823,-0.0002883796587931112,1.0009229160799848,2.756120756284246e-09,-0.0018264014089018647,0.008144875322826959,0.008144875322826959,0.14189727987796963,0.9995392559097789,2.7586644244486004e-09,2.120389192394993,0.10150893764667318,0.002796189458333334,-0.0009467182723242556,0.0016627839183258608,0.0007575047123383749,-0.0017884964166666626,2.1181495688774366,0.09790316713329995,-0.002239623517556577,-0.003605770513373227,-0.0036269663326465753,1.0119161467036708,-2.655035662530621e-07,-0.006426495729592297,0.02317275092367557,0.02317275092367557,0.12043405999890469,0.9941560474155595,-2.6866734569888137e-07,2.1197043238769178,0.10117999938552907,0.0036904376666666654,0.001321209627260515,0.0009789406676008255,0.0005177638914899158,0.0032930326916666636,2.1195023735425895,0.10375464710894895,-0.00020195033432823806,0.002574647723419879,0.0025642884772358386,0.9920315776137292,1.8839079449082026e-07,0.002311850559325541,-0.008127400293655074,-0.008127400293655074,0.17659601418839396,1.0040398131005943,1.8688961706663226e-07]"
/multi_agv/m2b_algorithm_state,1789558499.767029,1789558499.767029,m2b_algorithm_state_v1:header6+3x20,"[1.0,-0.15,0.52,2.121831731834716,0.10125640727351067,1789558499.7668896,2.120409840609007,0.10108037380662602,0.0036904376666666654,0.0015380207081200424,0.0006936879658804955,0.0005721570825814478,0.004584685874999997,2.119264343348284,0.10141664711796901,-0.001145497260722994,0.0003362733113429911,0.0003360933283980264,0.9989309040843063,3.748943743029045e-09,-0.0010957782475057162,0.005281177990245445,0.005281177990245445,0.14189348847629202,1.000535514780441,3.744935762585207e-09,2.1213877812938935,0.10150889283202988,0.002796189458333334,-0.0009465650874913994,0.0016628269509362248,0.0007574159275068465,-0.0017884964166666626,2.1189000335533184,0.0956652633975522,-0.0024877477405751414,-0.005843629434477679,-0.005900243153384036,1.0198008277472341,-6.981691037923106e-07,-0.009009927829102963,0.03292909651632729,0.03292909651632729,0.12043167281203544,0.9904048498621814,-7.119934299549429e-07,2.120702895027844,0.1011799959299269,0.0036904376666666654,0.001321071915894857,0.0009789895620581522,0.0005177981509901946,0.0032930326916666636,2.1204629395058987,0.10284709854360297,-0.00023995552194522318,0.001667102613676072,0.0016627293202370408,0.9947865821812154,7.903087543393757e-08,0.0013627849178055118,-0.004299257971528301,-0.004299257971528301,0.176588591857596,1.0026301896441014,7.861885445971613e-08]"
/multi_agv/m2b_algorithm_state,1789558499.777098,1789558499.777098,m2b_algorithm_state_v1:header6+3x20,"[1.0,-0.15,0.52,2.122836888915768,0.10125634868592732,1789558499.776981,2.121408056685309,0.10108037982177691,0.0036904376666666654,0.001537804690175731,0.0006937457935371144,0.0005722206379744075,0.004584685874999997,2.120268417127592,0.10110706117556076,-0.0011396395577172314,2.668135378385006e-05,2.668021804569004e-05,0.9999148751062337,2.360336448730531e-11,-0.0013978692291008491,0.006488702869572661,0.006488702869572661,0.14188907374991752,1.0000425685486556,2.36013552534108e-11,2.1223860207354313,0.10150884631998425,0.002796189458333334,-0.0009463848875351914,0.0016628667021447718,0.0007573171394207323,-0.0017884964166666626,2.1198516725621697,0.0956652633975522,-0.0025343481732615913,-0.005843582922432047,-0.0059001957553504744,1.0198006720047377,-6.98025210517396e-07,-0.009068130971927463,0.03313143299755653,0.03313143299755653,0.12042889261318328,0.9904049229439398,-7.11846578761889e-07,2.1217011180834087,0.10117999567877085,0.0036904376666666654,0.0013209169660394616,0.0009790397006121509,0.0005178392355828145,0.0032930326916666636,2.121463162975588,0.10301652698257631,-0.0002379551078206532,0.0018365313038054554,0.0018312307338213601,0.9942678358282303,9.588785928302269e-08,0.0015337868490455436,-0.0049902893290952165,-0.0049902893290952165,0.17657994797631787,1.0028945396591473,9.533821433153285e-08]"
/multi_agv/m2b_algorithm_state,1789558499.787023,1789558499.787023,m2b_algorithm_state_v1:header6+3x20,"[1.0,-0.15,0.52,2.1238368404174204,0.10125632428760524,1789558499.7869184,2.1224131896133502,0.10108027833130724,0.0036904376666666654,0.0015383477902965355,0.0006937324601376635,0.0005719921614513844,0.004584685874999997,2.121245912938098,0.10053758085599061,-0.0011672766752521824,-0.000542697475316628,-0.0005431693706606792,1.0017426343547728,9.772374292416893e-09,-0.0020022652147259072,0.00887641418614335,0.00887641418614335,0.1419079680929395,0.9991312187882074,9.789403967586558e-09,2.123391208134551,0.10150886492514533,0.002796189458333334,-0.0009470282834106738,0.0016629576563498283,0.0007575487176539608,-0.0017884964166666626,2.1206936030707535,0.09837621522395944,-0.002697605063797681,-0.0031326497011858884,-0.003148591266592626,1.010297771630495,-2.004055587396324e-07,-0.006520597596339727,0.023334530630797014,0.023334530630797014,0.12044078950883695,0.9949369212905206,-2.0246928941701491e-07,2.1227062689994023,0.10117990280132945,0.0036904376666666654,0.0013212667047539082,0.0009790653932437504,0.0005176742730660291,0.0032930326916666636,2.1225427822761365,0.10350666414566773,-0.00016348672326582658,0.0023267613443382767,0.0023182848868609006,0.9927783032813529,1.5389605854226463e-07,0.0021139264827786173,-0.007298802626681531,-0.007298802626681531,0.17661693955496618,1.0036563485037655,1.5278466788127723e-07]"
/multi_agv/m2b_algorithm_state,1789558499.7969987,1789558499.7969987,m2b_algorithm_state_v1:header6+3x20,"[1.0,-0.15,0.52,2.1248363885344106,0.1012563021602565,1789558499.7969384,2.1234131276289747,0.10108026135954076,0.0036904376666666654,0.0015382902858361723,0.0006937717061394893,0.0005719966730150069,0.004584685874999997,2.121882717436739,0.10005494388481725,-0.0015304101922355429,-0.0010253174747235083,-0.001027008024320891,1.0033103583158525,3.489227458989763e-08,-0.0029400207646153196,0.012396904317298013,0.012396904317298013,0.14190904957735637,0.9983539080928793,3.50077805212453e-08,2.12439117716595,0.10150882965539573,0.002796189458333334,-0.0009470161516054532,0.0016630102455881257,0.0007575161033714639,-0.0017884964166666626,2.121671897964832,0.09837621522395944,-0.002719279201118141,-0.0031326144314362953,-0.003148555641185626,1.010297656453955,-2.003985068840121e-07,-0.0065476546425833025,0.023429495106330425,0.023429495106330425,0.12044147042642823,0.9949369769614973,-2.024621418617892e-07,2.1237062164573373,0.10117988184787924,0.0036904376666666654,0.0013212212078426342,0.0009791080912860519,0.0005176717842757875,0.0032930326916666636,2.123251614711318,0.10389156444579548,-0.0004546017460191898,0.0027116825979162373,0.002700203209077022,0.9916206115566949,2.0895891095551786e-07,0.002131951026553035,-0.007549249291589479,-0.007549249291589479,0.17661905702632438,1.0042513055316082,2.0720796307193158e-07]"
/multi_agv/m2b_algorithm_state,1789558499.8070118,1789558499.8070118,m2b_algorithm_state_v1:header6+3x20,"[1.0,-0.15,0.52,2.1258320275270766,0.10125630448792716,1789558499.8068774,2.1244126632014764,0.10108024992953028,0.0036904376666666654,0.001538192960095281,0.0006938148923107512,0.0005720163959789938,0.004584685874999997,2.122813711288193,0.0988976067253005,-0.0015989519132832974,-0.002182643204229784,-0.0021903711230540903,1.0071393972929314,1.5822989213876114e-07,-0.004189061014658212,0.01726726986664661,0.01726726986664661,0.14190870335410527,0.9964718678296256,1.5935955820235745e-07,2.125390741636245,0.10150879082857221,0.002796189458333334,-0.0009469594488573157,0.0016630593055042553,0.000757466004947166,-0.0017884964166666626,2.122480299144989,0.09729885477439366,-0.002910442491256049,-0.004209936054178548,-0.00423896156246381,1.0140073020068618,-3.621595269566459e-07,-0.007877014676533872,0.028456272040821178,0.028456272040821178,0.12044125242248073,0.993152684246471,-3.6723240482538985e-07,2.1247057607655098,0.10117986572266698,0.0036904376666666654,0.0013211489981286078,0.0009791519930120842,0.0005176802483376482,0.0032930326916666636,2.1241310915988905,0.1026682409203485,-0.0005746691666193016,0.001488375197681524,0.0014848846140284274,0.9953359972283686,6.300565378309197e-08,0.0007665481557543004,-0.002087266933709447,-0.002087266933709447,0.17661837911170658,1.0023507440376977,6.271179523921917e-08]"
/multi_agv/m2b_algorithm_state,1789558499.8172424,1789558499.8172424,m2b_algorithm_state_v1:header6+3x20,"[1.0,-0.15,0.52,2.1268431760752247,0.10125620601724927,1789558499.8172038,2.125408297684793,0.10108029651292888,0.0036904376666666654,0.0015376856247513028,0.0006938976540788566,0.0005721932559337558,0.004584685874999997,2.1237789993322407,0.09940435155937744,-0.001629298352552322,-0.0016759449535514448,-0.0016804839488621175,1.0054508239128832,9.322934301478491e-08,-0.0037171068895525197,0.01540388243805556,0.01540388243805556,0.14189452236111347,0.9972989951414019,9.373751974707229e-08,2.12638638711511,0.10150871709792508,0.002796189458333334,-0.000946456403498561,0.001663078764099435,0.0007572378299937621,-0.0017884964166666626,2.1234362070078188,0.09746077841388254,-0.0029501801072910894,-0.004047938684042546,-0.004074740734780168,1.0134439070574506,-3.346127820871879e-07,-0.007762465868894029,0.028002179409483186,0.028002179409483186,0.12043232377530745,0.9934223911453184,-3.3911128522980303e-07,2.1257013977813273,0.10117989985292752,0.0036904376666666654,0.001320803002055768,0.0009792094612471438,0.0005178003314042431,0.0032930326916666636,2.1251340691302674,0.1030719027563512,-0.0005673286510599063,0.001892002903423673,0.0018863796543957527,0.9940984303359917,1.017549299513779e-07,0.00117721884057087,-0.0037425152756411085,-0.0037425152756411085,0.176590615852765,1.0029809741717775,1.0115441614361356e-07]"
/multi_agv/m2b_algorithm_state,1789558499.8270473,1789558499.8270473,m2b_algorithm_state_v1:header6+3x20,"[1.0,-0.15,0.52,2.1278341423880054,0.10125623867478283,1789558499.8268542,2.126419410118975,0.10108010152103197,0.0036904376666666654,0.0015388855829831598,0.000693821113032999,0.0005717129359835149,0.004584685874999997,2.12494506249684,0.10054913865109188,-0.0014743476221350527,-0.0005309628699400881,-0.0005314145396548421,1.001704731660442,9.357534008808753e-09,-0.002374349067323658,0.010190385763018088,0.010190385763018088,0.1419352386963443,0.9991500614284147,9.373486093297231e-09,2.1273975805578402,0.10150879049166664,0.002796189458333334,-0.0009478074951123194,0.0016632134478467009,0.0007577534232520999,-0.0017884964166666626,2.1243484839552007,0.09744012225586028,-0.0030490966026395228,-0.004068668235806358,-0.0040957496921872035,1.0135158781763391,-3.3853549049267413e-07,-0.007907120445486606,0.02851368983535181,0.02851368983535181,0.12045795853013601,0.9933879122465652,-3.4311109494054036e-07,2.1267125375488587,0.1011797260390492,0.0036904376666666654,0.001321591179755909,0.0009792125366230309,0.0005174570871783329,0.0032930326916666636,2.1262487533864713,0.10255898743890351,-0.00046378416238734843,0.001379261399854309,0.001376261364600793,0.9956725304389102,5.412876039261197e-08,0.0007965311616166075,-0.0021431987925982585,-0.0021431987925982585,0.1766703385802933,1.0021798441274896,5.3894519829633424e-08]"
/multi_agv/m2b_algorithm_state,1789558499.8371563,1789558499.8371563,m2b_algorithm_state_v1:header6+3x20,"[1.0,-0.15,0.52,2.1288347540651755,0.1012562081711698,1789558499.837062,2.127410381410278,0.10108022456583798,0.0036904376666666654,0.0015378330325079357,0.0006939497074609944,0.0005721022842888917,0.004584685874999997,2.1260450152264196,0.10117996135365112,-0.0013653661838581854,9.973678781313722e-05,9.972092667054786e-05,0.9996820598089812,3.298032223343454e-10,-0.001606986803152184,0.007199758933109526,0.007199758933109526,0.1419045128839022,1.000159055306834,3.296983646348378e-10,2.128388542075781,0.10150866666624526,0.002796189458333334,-0.0009467072213644716,0.0016631990633264593,0.0007572839743873044,-0.0017884964166666626,2.1253203954095032,0.097405348010318,-0.003068146666277638,-0.0041033186559272655,-0.004130870574414552,1.013636298141222,-3.4393413319339096e-07,-0.0079660539072616,0.02873240757176699,0.02873240757176699,0.12043861406209326,0.9933302392338469,-3.486241215745588e-07,2.1277035036779575,0.10117982479226524,0.0036904376666666654,0.0013208884230188427,0.0009792842119320973,0.0005177244221341855,0.0032930326916666636,2.1272279426816487,0.10203361960165186,-0.0004755609963087437,0.0008537948093866182,0.0008526406435008894,0.997305123844351,2.0738441588518957e-08,0.00025818939811495976,1.629239242823834e-05,1.629239242823834e-05,0.1766101747255327,1.0013536369565845,2.0682554056776738e-08]"
/multi_agv/m2b_algorithm_state,1789558499.8474383,1789558499.8474383,m2b_algorithm_state_v1:header6+3x20,"[1.0,-0.15,0.52,2.129840550554751,0.10125614426645319,1789558499.8473694,2.1284109788720684,0.10108019255470375,0.0036904376666666654,0.0015378798091901865,0.0006939814714107758,0.0005720654860748214,0.004584685874999997,2.1270345945590714,0.10031329708039714,-0.0013763843129970255,-0.0007668954743066114,-0.0007678393994605663,1.0024687990172159,1.9511566627649422e-08,-0.002488319790706848,0.010691452971939517,0.010691452971939517,0.14190793091443182,0.9987706737182045,1.9559736764164104e-08,2.1293891719422238,0.101508640500256,0.002796189458333334,-0.000946802725296278,0.0016632536311451673,0.0007572969872586405,-0.0017884964166666626,2.1263573667409528,0.09798803848425246,-0.0030318052012709984,-0.0035206020160035434,-0.0035407954981554347,1.0116236207469433,-2.5311859625275465e-07,-0.007330551999744183,0.026310905133733433,0.026310905133733433,0.12044076608916349,0.9942969080924298,-2.560607508195953e-07,2.128704111381234,0.1011797914585496,0.0036904376666666654,0.0013209097183783966,0.0009793239340842204,0.0005176945294275274,0.0032930326916666636,2.1281606673692277,0.10200874974776007,-0.0005434440120062334,0.0008289582892104658,0.0008278700899484122,0.9973827761836674,1.9550113423240923e-08,0.00014856507494062047,0.00041793345640100054,0.00041793345640100054,0.17661686675406005,1.0013144565497243,1.9498946400777614e-08]"
/multi_agv/m2b_algorithm_state,1789558499.85719,1789558499.85719,m2b_algorithm_state_v1:header6+3x20,"[1.0,-0.15,0.52,2.130834712308961,0.10125615557294197,1789558499.8570833,2.1294167506134776,0.1010800818897253,0.0036904376666666654,0.0015384808259619343,0.0006939595496056931,0.0005718163723026522,0.004584685874999997,2.1280255648517135,0.09944705842926557,-0.0013911857617641132,-0.0016330234604597232,-0.0016373315621278429,1.0053086748342028,8.855853440688185e-08,-0.0033763137643329846,0.014184923435307138,0.014184923435307138,0.1419297034775341,0.9973688275681187,8.902866286984156e-08,2.130394999521706,0.10150866095610392,0.002796189458333334,-0.0009474985082551235,0.0016633469008655588,0.0007575500689522285,-0.0017884964166666626,2.1273339608029604,0.09798803848425246,-0.0030610387187457455,-0.0035206224718514617,-0.0035408161862427855,1.0116236877869063,-2.533075301441045e-07,-0.007367114584674967,0.026438357535708924,0.026438357535708924,0.12045447378575586,0.9942968758249064,-2.5625189778857193e-07,2.1297099015290692,0.10117968995353031,0.0036904376666666654,0.0013213013403132628,0.000979344808670968,0.0005175139182651092,0.0032930326916666636,2.1293842987146743,0.102749009179433,-0.0003256028143949763,0.001569319225902685,0.0015654410246712473,0.9950868751764904,7.004899884310843e-08,0.001158437506677527,-0.003523514265932067,-0.003523514265932067,0.1766594989717914,1.002477385714516,6.970483936803036e-08]"
/multi_agv/m2b_algorithm_state,1789558499.8671703,1789558499.8671703,m2b_algorithm_state_v1:header6+3x20,"[1.0,-0.15,0.52,2.1318316997697426,0.10125614756587192,1789558499.8670266,2.130410911309644,0.10108015332083638,0.0036904376666666654,0.0015377923490722516,0.0006940556144710893,0.0005720648299982116,0.004584685874999997,2.129014312424877,0.09974964367053044,-0.001396598884767286,-0.0013305096503059416,-0.0013333629471800243,1.00431052999229,5.874872564594847e-08,-0.003079111553139132,0.013012575053841017,0.013012575053841017,0.14191028946663253,0.9978600748729989,5.900196378985415e-08,2.1313891636778584,0.1015085687497601,0.002796189458333334,-0.0009467907477404558,0.001663354106692605,0.0007572395304543816,-0.0017884964166666626,2.1281331622463804,0.09631336645780178,-0.003256001431477973,-0.005195202291958315,-0.005239732016123621,1.0174769436353512,-5.517437470210469e-07,-0.009309733805471086,0.03377110907967169,0.03377110907967169,0.12044225105784905,0.991501526408549,-5.613865413888912e-07,2.13070406193938,0.10117974464822943,0.0036904376666666654,0.0013208388489926348,0.000979405190846828,0.0005176829817329048,0.0032930326916666636,2.1305329249046445,0.10364960481722464,-0.00017113703473548014,0.002469860168995211,0.0024603193767097358,0.9923466867574878,1.7333314512163417e-07,0.0022463980832903856,-0.007842582953840464,-0.007842582953840464,0.1766214845838403,1.0038778673922548,1.720065722667085e-07]"
/multi_agv/m2b_algorithm_state,1789558499.8774676,1789558499.8774676,m2b_algorithm_state_v1:header6+3x20,"[1.0,-0.15,0.52,2.13283170569662,0.10125611954118326,1789558499.8772914,2.131407892214318,0.10108017568787316,0.0036904376666666654,0.001537453127388155,0.0006941235116167731,0.0005721765514496292,0.004584685874999997,2.1301101025629356,0.10088194904254073,-0.001297789651382164,-0.00019822664533242218,-0.00019828944039005145,1.000634042449078,1.3027225402718355e-09,-0.0018205265046177565,0.008084910314810269,0.008084910314810269,0.14190088034168302,0.9996833161790877,1.3035485216617386e-09,2.1323861599468765,0.1015085088340056,0.002796189458333334,-0.0009464632007320953,0.0016633805314021366,0.0007570838044010375,-0.0017884964166666626,2.1290849280443154,0.09631336645780178,-0.0033012319025611525,-0.005195142376203818,-0.005239671088756647,1.0174767442116495,-5.515402791674425e-07,-0.009366210966958088,0.03396809017107091,0.03396809017107091,0.12043632694068807,0.9915016206554682,-5.611794075488736e-07,2.131701047148033,0.101179758175737,0.0036904376666666654,0.0013206035963470122,0.0009794567292897632,0.0005177581462515314,0.0032930326916666636,2.1314671726706416,0.10265859297333366,-0.000233874477391538,0.0014788347975966537,0.001475388565156238,0.9953653822710901,6.2175304113596e-08,0.0011830454684168155,-0.003569620380140953,-0.003569620380140953,0.17660306290786607,1.0023358134404754,6.188714534685077e-08]"
/multi_agv/m2b_algorithm_state,1789558499.8874128,1789558499.8874128,m2b_algorithm_state_v1:header6+3x20,"[1.0,-0.15,0.52,2.1338315011680478,0.10125609269730813,1789558499.887282,2.1324078855815123,0.10108014915448453,0.0036904376666666654,0.0015374602499909347,0.0006941606247575114,0.0005721541592630995,0.004584685874999997,2.1311797472687926,0.10125382589180812,-0.0012281383127197287,0.00017367673732358868,0.00017362866835138446,0.9994468179027258,9.997689063829851e-10,-0.0013615442225482764,0.006295720447413803,0.006295720447413803,0.14190215432279363,1.0002768492822105,9.992158521225627e-10,2.1333861818681394,0.10150847949020672,0.002796189458333334,-0.0009465116529462914,0.0016634285145573635,0.0007570798470703383,-0.0017884964166666626,2.1302438298246495,0.09815690121208867,-0.0031423520434898933,-0.0033515782781180503,-0.0033698560962772328,1.0110446228264691,-2.2930271985798287e-07,-0.007297796150639599,0.02613829911332391,0.02613829911332391,0.12043712907409489,0.9945760834774594,-2.318352819118978e-07,2.1327010496402092,0.10117972997885857,0.0036904376666666654,0.001320596825506714,0.000979497960102816,0.0005177396344091564,0.0032930326916666636,2.132410049672694,0.10222887768516714,-0.00029099996751513757,0.0010491477063085675,0.0010474075325927752,0.9966958702804833,3.1302964169445594e-08,0.0006836575731988532,-0.001589057771565523,-0.001589057771565523,0.17660555713328058,1.001661410350453,3.119953511522436e-08]"
/multi_agv/m2b_algorithm_state,1789558499.897365,1789558499.897365,m2b_algorithm_state_v1:header6+3x20,"[1.0,-0.15,0.52,2.1348315755214444,0.10125606387226803,1789558499.8971891,2.133407668981133,0.10108012586703168,0.0036904376666666654,0.001537443789464386,0.0006941994567286605,0.0005721410953357899,0.004584685874999997,2.1316571939061735,0.09981976758674546,-0.0017504750749597342,-0.001260358280286214,-0.0012629172756685127,1.004080028916433,5.270251848507199e-08,-0.0034510111193681806,0.014297984089141017,0.014297984089141017,0.14190268352405733,0.9979737426737282,5.2917546284459934e-08,2.1343859927443316,0.10150844776219357,0.002796189458333334,-0.0009465333090811112,0.0016634747288515328,0.00075706519465632,-0.0017884964166666626,2.1312251296905473,0.09815690121208867,-0.0031608630537842686,-0.003351546550104903,-0.0033698240256130703,1.0110445190059425,-2.2930365361838343e-07,-0.007320902842843406,0.02621929992577951,0.02621929992577951,0.12043746226694137,0.994576133540136,-2.318362021789037e-07,2.1337008417786785,0.10117970446269915,0.0036904376666666654,0.0013205749760057711,0.0009795395384636146,0.0005177274777940048,0.0032930326916666636,2.133081560374487,0.10292785562666237,-0.0006192814041914296,0.0017481511639632213,0.0017433452419938896,0.9945381571937849,8.686430814586644e-08,0.0009692434867546026,-0.002932360228737848,-0.002932360228737848,0.17660659319824537,1.002756724172336,8.638986894930309e-08]"
/multi_agv/m2b_algorithm_state,1789558499.907341,1789558499.907341,m2b_algorithm_state_v1:header6+3x20,"[1.0,-0.15,0.52,2.1358318784655625,0.10125603344882443,1789558499.907221,2.1344077307608433,0.10108009818023002,0.0036904376666666654,0.0015374578699037596,0.0006942350420241711,0.000572116481916035,0.004584685874999997,2.1325361652354875,0.09847045347024504,-0.0018715655253558339,-0.0026096447099849818,-0.0026207276656211352,1.0085771769819623,2.2615194627010583e-07,-0.004960184572315928,0.020143853637417643,0.020143853637417643,0.14190419975522206,0.995771038791424,2.2809169153807974e-07,2.1353860831118747,0.10150841836734384,0.002796189458333334,-0.0009465870183596242,0.0016635227712904488,0.0007570634852274438,-0.0017884964166666626,2.131636218467592,0.0970507461400345,-0.003749864644282841,-0.004457672227309334,-0.0044902751177650175,1.014872818482387,-4.0593954645197497e-07,-0.00917760592311857,0.033080884829013266,0.033080884829013266,0.1204384169093167,0.9927392220742342,-4.119770116411777e-07,2.1347009126916157,0.10117967506923022,0.0036904376666666654,0.001320573898486617,0.0009795797888485277,0.0005177070080861707,0.0032930326916666636,2.1341155997758694,0.10268391836192677,-0.0005853129157462611,0.0015042432926965499,0.0015006783031867575,0.9952871132474143,6.432756092222021e-08,0.0007690371585039311,-0.0021040830715485506,-0.0021040830715485506,0.1766095617068527,1.002375585428417,6.402439241252373e-08]"
/multi_agv/m2b_algorithm_state,1789558499.9173005,1789558499.9173005,m2b_algorithm_state_v1:header6+3x20,"[1.0,-0.15,0.52,2.1368315174340218,0.10125600717560307,1789558499.9171875,2.1354080207294386,0.10108006714881332,0.0036904376666666654,0.0015374949089465798,0.0006942678712358757,0.0005720833504623184,0.004584685874999997,2.133454824405778,0.09823301121651734,-0.0019531963236607552,-0.0028470559322959776,-0.0028602707179681075,1.0093824479753488,2.6921989157558456e-07,-0.005301766122544052,0.021433399949428944,0.021433399949428944,0.1419065250570106,0.9953798828939109,2.7174583320222155e-07,2.1363864025711172,0.10150839054043499,0.002796189458333334,-0.0009466644453686715,0.0016635723166644745,0.0007570712748316971,-0.0017884964166666626,2.1326107258754945,0.0970507461400345,-0.0037756766956227317,-0.004457644400400487,-0.0044902468891037375,1.0148727264926078,-4.0596772724652056e-07,-0.009209842758632153,0.03319337764951115,0.03319337764951115,0.12043988095549917,0.9927392659004195,-4.1200557421868366e-07,2.1357012120961314,0.10117964265722497,0.0036904376666666654,0.001320588776809716,0.0009796188307934495,0.0005176802507155238,0.0032930326916666636,2.1350656497174505,0.10179778789170967,-0.0006355623786808984,0.000618145234484696,0.0006175391711999193,0.9980436773386178,1.0869895859542906e-08,-0.00017691380215120365,0.001671281539430857,0.001671281539430857,0.17661411428577165,1.0009814167473767,1.0848630835946017e-08]"
/multi_agv/m2b_algorithm_state,1789558499.9272711,1789558499.9272711,m2b_algorithm_state_v1:header6+3x20,"[1.0,-0.15,0.52,2.137831667139379,0.10125597742032537,1789558499.9271612,2.136407648136146,0.10108004652818094,0.0036904376666666654,0.001537457700735123,0.0006943070560237346,0.0005720790962699978,0.004584685874999997,2.134882629912199,0.09966823690005767,-0.0015250182239467946,-0.0014118096281232617,-0.0014150242497108394,1.0045781232375837,6.613696549775711e-08,-0.003321297029644333,0.013900673522437472,0.013900673522437472,0.14190650037097124,0.9977282215564612,6.643974867636566e-08,2.1373860563463922,0.10150835591867007,0.002796189458333334,-0.0009466599718820599,0.0016636167371104627,0.0007570462292010027,-0.0017884964166666626,2.133741479292549,0.0980811039010286,-0.0036445770538433564,-0.0034272520176414634,-0.003446375451264103,1.0113036111077838,-2.398234788976758e-07,-0.0080020967685683,0.02863340596469231,0.02863340596469231,0.12043986541397078,0.99445114616992,-2.425343502376509e-07,2.136700847819528,0.10117961907995819,0.0036904376666666654,0.0013205549783108527,0.000979659772474828,0.0005176736046827511,0.0032930326916666636,2.136239151304788,0.10257364223102645,-0.00046169651474015083,0.0013940231510682632,0.001390958893894427,0.9956269445403158,5.524968142921827e-08,0.0008138382504692386,-0.002212822187919771,-0.002212822187919771,0.17661406594601198,1.0022029818330984,5.500807150819841e-08]"
/multi_agv/m2b_algorithm_state,1789558499.9375575,1789558499.9375575,m2b_algorithm_state_v1:header6+3x20,"[1.0,-0.15,0.52,2.1388384864531673,0.10125590467292274,1789558499.9373348,2.137407785317175,0.10108001779457441,0.0036904376666666654,0.0015374774337938656,0.0006943406799614135,0.0005720530528625558,0.004584685874999997,2.136007807924139,0.09965717742437326,-0.0013999773930359893,-0.001422840370201156,-0.0014261056935863082,1.0046144685236484,6.717585670651383e-08,-0.003176077434881295,0.01339224181459672,0.01339224181459672,0.14190828339360845,0.9977103216123199,6.748583758283516e-08,2.138386222020942,0.10150832599412228,0.002796189458333334,-0.0009467162915046626,0.0016636646446892556,0.0007570457213907505,-0.0017884964166666626,2.1347223061226166,0.0980811039010286,-0.003663915898325598,-0.003427222093093679,-0.003446345196128939,1.0113035131200525,-2.3983358697222975e-07,-0.008026240069035937,0.028717984264856986,0.028717984264856986,0.12044098801714562,0.99445119338111,-2.425445490691996e-07,2.1377009940800202,0.1011795884722794,0.0036904376666666654,0.0013205592915537159,0.0009796986213070017,0.0005176515273027068,0.0032930326916666636,2.137275909970469,0.10225641877454206,-0.00042508410955122145,0.0010768303022626602,0.0010749974660881248,0.9966097502264628,3.297508835672702e-08,0.000543642329149098,-0.0011029352422097542,-0.0011029352422097542,0.1766175568681736,1.0017049679021153,3.286329457089326e-08]"
/multi_agv/m2b_algorithm_state,1789558499.9471726,1789558499.9471726,m2b_algorithm_state_v1:header6+3x20,"[1.0,-0.15,0.52,2.1398376423327163,0.10125588239248202,1789558499.9470541,2.1384145785225357,0.10107988741607424,0.0036904376666666654,0.0015382141230332914,0.0006943052859295299,0.0005717521382447408,0.004584685874999997,2.137009641099065,0.09965717742437326,-0.001404937423470809,-0.0014227099917009794,-0.00142597471920842,1.004614046973139,6.719576245437122e-08,-0.0031821464985469314,0.01341436073974538,0.01341436073974538,0.1419336774754093,0.9977105291815743,6.750580685873159e-08,2.1393930739221387,0.10150835672303951,0.002796189458333334,-0.0009475497651960313,0.0016637624069146817,0.0007573561503502746,-0.0017884964166666626,2.135881755274943,0.09963858934653269,-0.0035113186471957825,-0.0018697673765068201,-0.0018753927260730197,1.0060596320291282,-7.137463609717021e-08,-0.0062645410350677475,0.021979078421209365,0.021979078421209365,0.1204569756545547,0.9970004418338665,-7.180714012813199e-08,2.138707806914827,0.10117946987965451,0.0036904376666666654,0.0013210421621098725,0.0009797133710985895,0.000517434549254645,0.0032930326916666636,2.1383038727858437,0.10225641877454206,-0.00040393412898342973,0.0010769488948875472,0.0010751156536805912,0.9966093759612309,3.299442723529174e-08,0.000570197992451304,-0.0011971366156186018,-0.0011971366156186018,0.17666728118301858,1.0017051572086038,3.2882555537162346e-08]"
/multi_agv/m2b_algorithm_state,1789558499.9572597,1789558499.9572597,m2b_algorithm_state_v1:header6+3x20,"[1.0,-0.15,0.52,2.1408354091433974,0.10125586857782481,1789558499.9571586,2.1394137239690947,0.10107988098923713,0.0036904376666666654,0.0015380713687518414,0.0006943476542673459,0.000571791977949268,0.004584685874999997,2.137699820677483,0.09638261867311586,-0.0017139032916118069,-0.004697262316121276,-0.004733736811437132,1.0158034458968896,7.339630833025561e-07,-0.00687611592595189,0.027606941800021143,0.027606941800021143,0.1419319423233971,0.9922947775153594,7.455622291798424e-07,2.140392243563923,0.10150830920673758,0.002796189458333334,-0.0009474246547324996,0.0016638036936207357,0.0007572804427666141,-0.0017884964166666626,2.136844144451779,0.09874353127116253,-0.003548099112144154,-0.002764777935575044,-0.002777160973575285,1.0090510452648749,-1.5613012974190187e-07,-0.007212284863755478,0.02563417596351373,0.02563417596351373,0.12045588327982755,0.9955411162269434,-1.5754327061340662e-07,2.139706959465131,0.1011794569814714,0.0036904376666666654,0.0013209453787041661,0.000979753540311057,0.0005174556064776559,0.0032930326916666636,2.139086918989536,0.09996488550921007,-0.0006200404755949407,-0.0012145714722613388,-0.001216943922794837,1.0039245393179164,4.2030343781540366e-08,-0.0019919945172885128,0.008906165648432395,0.008906165648432395,0.17666388324830715,0.9980504849163061,4.2195293518256565e-08]"
/multi_agv/m2b_algorithm_state,1789558499.9672098,1789558499.9672098,m2b_algorithm_state_v1:header6+3x20,"[1.0,-0.15,0.52,2.1418339004838383,0.10125584951872035,1789558499.9670448,2.140411483303006,0.10107989416821858,0.0036904376666666654,0.0015377904611844633,0.0006944041325661835,0.0005718843621072222,0.004584685874999997,2.1381576301402956,0.09532551069813935,-0.0022538531627103175,-0.005754383470079227,-0.005809557526418073,1.0195891705702074,1.1019936270345194e-06,-0.00862687397980597,0.034049127586186806,0.034049127586186806,0.1419252894219366,0.9905028814865935,1.1235807681617802e-06,2.14139002045466,0.1015082502835005,0.002796189458333334,-0.0009471487498267021,0.001663833933788883,0.0007571451170270277,-0.0017884964166666626,2.136955514522324,0.09898622993089978,-0.004434505932336297,-0.0025220203526007123,-0.00253230547322122,1.0082338108267772,-1.298579653988237e-07,-0.00807543788864159,0.02858628401632337,0.02858628401632337,0.12045169482709711,0.9959384360499666,-1.3092719132026779e-07,2.1407047236725254,0.10117946128175538,0.0036904376666666654,0.0013207554099311375,0.0009797985805619636,0.0005175145222253204,0.0032930326916666636,2.139691651141588,0.100548441386384,-0.0010130725309371869,-0.0006310198953713847,-0.0006316574607040195,1.0020255591577947,1.1338793590233123e-08,-0.001897998124375503,0.008326872438081487,0.008326872438081487,0.1766508552849181,0.9989906470321364,1.1361760987428163e-08]"
/multi_agv/m2b_algorithm_state,1789558499.9774327,1789558499.9774327,m2b_algorithm_state_v1:header6+3x20,"[1.0,-0.15,0.52,2.1428325093705882,0.10125582925205956,1789558499.9772892,2.141409965843243,0.10107989369470244,0.0036904376666666654,0.0015376069585367178,0.0006944532787367839,0.0005719383390715007,0.004584685874999997,2.1393079130577997,0.0976971374123221,-0.002102052785443398,-0.003382756282380342,-0.003401487173046246,1.0112149971895832,3.8022277445638654e-07,-0.006029053154850493,0.02418208371720684,0.02418208371720684,0.14192120193045996,0.9944933231516117,3.8448697180333044e-07,2.14238852336278,0.10150820058464195,0.002796189458333334,-0.0009469783386855347,0.0016638686368253275,0.0007570531977647565,-0.0017884964166666626,2.138075286377043,0.10006680255445684,-0.004313236985737046,-0.0014413980301851148,-0.0014447302845576793,1.0046488172428127,-4.237899157643024e-08,-0.0068362765167289865,0.02384261844357386,0.02384261844357386,0.12044912144731712,0.9976935110946438,-4.2576003763203765e-08,2.141703212245492,0.10117945427681671,0.0036904376666666654,0.001320628192085636,0.0009798413140202251,0.0005175474377970336,0.0032930326916666636,2.1406487651172017,0.0991518705350219,-0.0010544471282902812,-0.0020275837417948056,-0.0020342360094662026,1.0066118688430084,1.1716748767339056e-07,-0.003352294919829054,0.014040696456063047,0.014040696456063047,0.17664285135243277,0.996729844698235,1.1794218373455182e-07]"
/multi_agv/m2b_algorithm_state,1789558499.9873073,1789558499.9873073,m2b_algorithm_state_v1:header6+3x20,"[1.0,-0.15,0.52,2.143837017147701,0.10125577078561121,1789558499.9871533,2.1424085658061864,0.10107988966918766,0.0036904376666666654,0.001537449092941975,0.0006945011129324105,0.0005719818858617023,0.004584685874999997,2.1404364425448836,0.09916671886932779,-0.001972123261302805,-0.0019131707998598646,-0.0019190963112290236,1.0062390480001238,1.2149083057861043e-07,-0.00438425038785753,0.01784973976694449,0.01784973976694449,0.141917530786624,0.9969123428905117,1.222488177021653e-07,2.1433871438837846,0.1015081535913545,0.002796189458333334,-0.0009468352498436506,0.0016639035395891177,0.0007569730178847989,-0.0017884964166666626,2.138975870892561,0.09947697897344564,-0.004411272991223569,-0.0020311746179088597,-0.0020378212123306986,1.0065947440745917,-8.41748794617481e-08,-0.00755191245136016,0.026575360261675073,0.026575360261675073,0.12044681015697119,0.9967383819632356,-8.472999124930793e-08,2.1427018184217936,0.10117944449563654,0.0036904376666666654,0.0013205168117120785,0.0009798836646000902,0.0005175736876048957,0.0032930326916666636,2.141524009004148,0.09959724298752683,-0.001177809417645559,-0.0015822015081097124,-0.0015862386911571645,1.0051336764203929,7.131934512125355e-08,-0.0030585004632141134,0.01282482562634997,0.01282482562634997,0.17663566303505962,0.9974548703987879,7.168547556162039e-08]"
/multi_agv/m2b_algorithm_state,1789558499.9974363,1789558499.9974363,m2b_algorithm_state_v1:header6+3x20,"[1.0,-0.15,0.52,2.1448389487179687,0.10125572967522987,1789558499.9972734,2.1434130527327806,0.10107979439541417,0.0036904376666666654,0.0015379358515432789,0.0006944882997044202,0.0005717775604408418,0.004584685874999997,2.1416080586015047,0.09877214131810079,-0.0018049941312758833,-0.0023076530773133846,-0.002316299754009226,1.0075589625089931,1.768594268908018e-07,-0.00457254241810408,0.01866560439027446,0.01866560439027446,0.14193474314843943,0.9962670303440325,1.781963006680314e-07,2.1443916778032674,0.10150816188791632,0.002796189458333334,-0.0009473914295828733,0.0016639819666997013,0.0007571733069153264,-0.0017884964166666626,2.139970793379458,0.09947697897344564,-0.00442088442380939,-0.002031182914470686,-0.002037829562863896,1.006594770894669,-8.422500986471176e-08,-0.007563935092625634,0.026617176617037358,0.026617176617037358,0.12045764655341878,0.9967383688438258,-8.478045450837077e-08,2.1437063209070546,0.10117935607350315,0.0036904376666666654,0.0013208341710098273,0.000979905097731249,0.000517424975835042,0.0032930326916666636,2.1429036722643673,0.09998733792259829,-0.0008026486426873092,-0.001192018150904861,-0.0011943029260547435,1.0038506894933965,4.047990733902865e-08,-0.00219761372941388,0.009623396516488898,0.009623396516488898,0.1766693680788861,0.9980869383302694,4.0635782892912716e-08]"
/multi_agv/m2b_algorithm_state,1789558500.0071678,1789558500.0071678,m2b_algorithm_state_v1:header6+3x20,"[1.0,-0.15,0.52,2.1458327663080516,0.10125574038652939,1789558500.0070288,2.1444149687499734,0.10107974311326223,0.0036904376666666654,0.0015381091190578397,0.000694501201006492,0.0005716957450246748,0.004584685874999997,2.142511364682934,0.09730299899099032,-0.0019036040670394883,-0.0037767441222719134,-0.003800161460728498,1.0125765495313288,4.7422275966242585e-07,-0.006179666544527859,0.02485131606691109,0.02485131606691109,0.14194283636064145,0.9938378043410566,4.801868456882038e-07,2.1453936292630105,0.1015081412108384,0.002796189458333334,-0.0009476044523019874,0.001664041635124569,0.0007572346068255992,-0.0017884964166666626,2.140982674301095,0.10017935100162151,-0.004410954961915348,-0.0013287902092168902,-0.0013316197370649224,1.0042801842794566,-3.603710034241845e-08,-0.006845313439459107,0.023833545795535534,0.023833545795535534,0.12046274160847267,0.9978751232282957,-3.619134577278127e-08,2.144708248140923,0.10117930470158897,0.0036904376666666654,0.0013209470308510906,0.0009799343922115124,0.0005173608174447765,0.0032930326916666636,2.1440280110894334,0.10036805811125979,-0.0006802370514895628,-0.000811246590329176,-0.0008123017935877541,1.0026094006432087,1.8745789970100988e-08,-0.0016625981079497077,0.007570177927904195,0.007570177927904195,0.17668521793341133,0.9987009714038454,1.8794705246506426e-08]"
/multi_agv/m2b_algorithm_state,1789558500.0170672,1789558500.0170672,m2b_algorithm_state_v1:header6+3x20,"[1.0,-0.15,0.52,2.1468324666837817,0.10125571236979174,1789558500.0169609,2.1454087873008323,0.10107981595927149,0.0036904376666666654,0.001537404874610005,0.0006945962945646752,0.0005719515424995297,0.004584685874999997,2.143328566581382,0.09723406261400194,-0.002080220719450132,-0.0038457533452695425,-0.003870046826243157,1.012816222932963,4.915072664844264e-07,-0.006470322725555823,0.02589250833993575,0.02589250833993575,0.14192220042724285,0.9937226906897152,4.97806533184862e-07,2.1463874466296913,0.10150804491603645,0.002796189458333334,-0.0009468630638466359,0.0016640409649197885,0.0007569135885211881,-0.0017884964166666626,2.1419799505238157,0.10017935100162151,-0.004407496105875541,-0.0013286939144149384,-0.0013315230337958336,1.0042798749925874,-3.6003700325224725e-08,-0.00684089316614026,0.023818634850329007,0.023818634850329007,0.1204497500900794,0.9978752756737298,-3.615779166188726e-08,2.1457020649936305,0.10117936028428022,0.0036904376666666654,0.0013204765400782708,0.000979991573977013,0.0005175350130329015,0.0032930326916666636,2.1449360215062154,0.0983973061157512,-0.0007660434874150468,-0.002782054168529016,-0.002794649510428853,1.0091494441733375,2.2067134296604208e-07,-0.0037522038696976615,0.01574697869470147,0.01574697869470147,0.17664480655467735,0.9954930513279628,2.226903630991653e-07]"
/multi_agv/m2b_algorithm_state,1789558500.027129,1789558500.027129,m2b_algorithm_state_v1:header6+3x20,"[1.0,-0.15,0.52,2.147837237572635,0.10125565166874195,1789558500.0269938,2.1464084769489946,0.10107979342284017,0.0036904376666666654,0.0015373773652141965,0.000694632102844039,0.0005719448405405305,0.004584685874999997,2.144518656676126,0.09842750194644537,-0.0018898202728685476,-0.0026522914763947997,-0.0026637433449865884,1.0087215545837713,2.3359847952835916e-07,-0.005026018686072273,0.020391317420498756,0.020391317420498756,0.14192239312661908,0.9957008363387027,2.3563582141825173e-07,2.1473871607464496,0.10150800897091965,0.002796189458333334,-0.0009468576615781488,0.0016640821880029577,0.0007568898033837729,-0.0017884964166666626,2.1430674119169235,0.10267243699390342,-0.004319748829526127,0.0011644280229837767,0.0011622958320047915,0.9963539761804867,-2.7603455236931578e-08,-0.004237390204902867,0.013631283382877097,0.013631283382877097,0.1204498714025941,1.0018344649617366,-2.7502812381636856e-08,2.1467017623559017,0.10117933471561535,0.0036904376666666654,0.0013204513917517897,0.000980029196253441,0.0005175263440658343,0.0032930326916666636,2.145720541357025,0.09850659463518874,-0.000981220998876875,-0.0026727400804266166,-0.0026843555100985153,1.0087791596642868,2.036522268142182e-07,-0.003910881758694609,0.01626189771960743,0.01626189771960743,0.17664518387392805,0.9956729167846056,2.0544012222940777e-07]"
/multi_agv/m2b_algorithm_state,1789558500.0372913,1789558500.0372913,m2b_algorithm_state_v1:header6+3x20,"[1.0,-0.15,0.52,2.1488353986749518,0.10125563417761503,1789558500.0371075,2.147413226835316,0.10107969338397525,0.0036904376666666654,0.0015378968671162208,0.0006946155247125494,0.0005717282805609986,0.004584685874999997,2.1456797780927634,0.10001473994254649,-0.0017334487425526568,-0.001064953441428762,-0.0010667777804324564,1.0034398925694352,3.76335872791397e-08,-0.003233588708623277,0.013450924622008245,0.013450924622008245,0.1419405383092564,0.9982898603278418,3.7763042776382404e-08,2.148391957924658,0.10150801948384598,0.002796189458333334,-0.0009474451755153352,0.0016641610560688136,0.0007571034453120601,-0.0017884964166666626,2.1440588527139677,0.10232939453225813,-0.004333105210690302,0.0008213750484121485,0.0008203113598320592,0.9974180510350659,-1.3746678468113639e-08,-0.004596070153530819,0.015045058375184247,0.015045058375184247,0.12046129488528545,1.0012966888332584,-1.3711185245871611e-08,2.147706527957931,0.10117924213840465,0.0036904376666666654,0.001320791057484103,0.0009800485439598779,0.0005173690480652082,0.0032930326916666636,2.1467082909730424,0.09861457948634934,-0.0009982369848886563,-0.002564662652055308,-0.0025753490099937972,1.008413947221271,1.8755018511537446e-07,-0.0038231452411046176,0.01591140978246821,0.01591140978246821,0.17668071730294987,0.9958505204937194,1.8912822247427483e-07]"
/multi_agv/m2b_algorithm_state,1789558500.0471232,1789558500.0471232,m2b_algorithm_state_v1:header6+3x20,"[1.0,-0.15,0.52,2.149838158647959,0.1012555867842761,1789558500.0469997,2.1484113804272833,0.10107969884347277,0.0036904376666666654,0.001537668630239383,0.000694665883268452,0.000571801017323009,0.004584685874999997,2.146754777445267,0.10033789462207711,-0.0016566029820164196,-0.0007418042213956644,-0.0007426872291135511,1.0023873638775211,1.825291502330632e-08,-0.0028134409566340757,0.01183192549105435,0.01183192549105435,0.14193528067257297,0.9988110638189638,1.8296491373292424e-08,2.1493901290594866,0.10150796396451447,0.002796189458333334,-0.0009472181025947332,0.0016641911536043885,0.0007569893606983319,-0.0017884964166666626,2.145039061562805,0.10255412310876869,-0.004351067496681349,0.0010461591442542106,0.0010444365361125707,0.9967198704768725,-2.229133750524136e-08,-0.004394397834739116,0.014237751689864082,0.014237751689864082,0.12045798494469326,1.0016493181558463,-2.221821903098042e-08,2.1487046865380854,0.10117923972485784,0.0036904376666666654,0.0013206370009083948,0.000980089951935703,0.000517414286609022,0.0032930326916666636,2.147878531641605,0.09905787142680983,-0.0008261548964805243,-0.0021213682980480153,-0.002128655356294797,1.0069250212016754,1.282661246509079e-07,-0.0031613489768954526,0.013405566222343403,0.013405566222343403,0.17667042073951708,0.9965766847952944,1.291543702835722e-07]"
/multi_agv/m2b_algorithm_state,1789558500.0570636,1789558500.0570636,m2b_algorithm_state_v1:header6+3x20,"[1.0,-0.15,0.52,2.1508373774200096,0.1012555624962992,1789558500.056943,2.149414123667775,0.10107963231209724,0.0036904376666666654,0.0015379495612768096,0.0006946691793745961,0.0005716775303609422,0.004584685874999997,2.1475366759101173,0.09797612501047231,-0.0018774477576575244,-0.003103507301624925,-0.0031192403591817,1.0102570907337065,3.200529769541409e-07,-0.005466050056253606,0.022105661268447364,0.022105661268447364,0.1419463074934935,0.9949561252917032,3.233357893783524e-07,2.1503929102317163,0.10150795255463246,0.002796189458333334,-0.0009475434626131521,0.0016642547512719652,0.0007570973110691132,-0.0017884964166666626,2.1457255136222786,0.1039413969678735,-0.004667396609437713,0.0024334444132410316,0.0024242217903082132,0.992490306583837,-1.2052862353447323e-07,-0.003410023971488928,0.010156880471894104,0.010156880471894104,0.12046492679915416,1.0038043643406265,-1.196234905238572e-07,2.149707442044386,0.10117917548609857,0.0036904376666666654,0.00132082062033155,0.0009801152477485033,0.0005173215366312484,0.0032930326916666636,2.1488235645530716,0.09790624717385765,-0.0008838774913142444,-0.003272928312240922,-0.0032904249941265113,1.0108232565379944,3.055895786656729e-07,-0.004395271858269317,0.018195211377590833,0.018195211377590833,0.17669201615263688,0.9946825465048372,3.088970530709091e-07]"
/multi_agv/m2b_algorithm_state,1789558500.0669658,1789558500.0669658,m2b_algorithm_state_v1:header6+3x20,"[1.0,-0.15,0.52,2.151835471211523,0.10125554508173888,1789558500.0668275,2.1504133329828212,0.10107962226486461,0.0036904376666666654,0.0015378300617949706,0.0006947082200892568,0.0005717090209213043,0.004584685874999997,2.147980542443123,0.09694319121744574,-0.0024327905396983596,-0.00413643104741887,-0.004164597144570623,1.0138298098452683,5.688767031700298e-07,-0.007205585319193572,0.028565698509495488,0.028565698509495488,0.1419447947874658,0.9932367774903577,5.767441598002745e-07,2.151392141434367,0.101507905707366,0.002796189458333334,-0.00094743208280331,0.0016642920430709474,0.0007570296332003734,-0.0017884964166666626,2.1469788041355784,0.10581441049547959,-0.004413337298788456,0.004306504788113591,0.004278030173229903,0.9869935957957647,-3.768972915150471e-07,-0.0012386414502556665,0.001551284756024879,0.001551284756024879,0.12046397449499424,1.0066560107644564,-3.719952129981209e-07,2.1507066578428415,0.101179159516667,0.0036904376666666654,0.0013207398950050996,0.000980152219277386,0.000517337296576477,0.0032930326916666636,2.149167544230272,0.09633381373015523,-0.0015391136125697535,-0.004845345786511773,-0.004884148147672417,1.016307233925081,6.703699503374201e-07,-0.006808040163384609,0.027203658513930543,0.027203658513930543,0.17668905348623018,0.9920554495917296,6.813018299339174e-07]"
/multi_agv/m2b_algorithm_state,1789558500.077103,1789558500.077103,m2b_algorithm_state_v1:header6+3x20,"[1.0,-0.15,0.52,2.1528347100161094,0.10125551987247906,1789558500.0769267,2.1514114197213345,0.10107962806752915,0.0036904376666666654,0.0015375991145365423,0.0006947586342421982,0.0005717829036011114,0.004584685874999997,2.148953274622409,0.09747807132419127,-0.0024581450989256126,-0.003601556743337883,-0.003622824051928873,1.0119697157149101,4.3105822645860573e-07,-0.006695505425585889,0.026595527352599138,0.026595527352599138,0.1419392985162742,0.9941296324949409,4.362178708858886e-07,2.1523902446586876,0.1015078497166526,0.002796189458333334,-0.0009471990586193968,0.0016643203414945518,0.0007569139047411411,-0.0017884964166666626,2.148053839065541,0.10608731759825815,-0.0043364055931465195,0.004579467881605556,0.004547336294424841,0.986212799865383,-4.259936848152345e-07,-0.0008731706970083082,0.00011175234038147703,0.00011175234038147703,0.12046051437507115,1.0070660239534315,-4.2012042462660393e-07,2.151704749254546,0.1011791574610349,0.0036904376666666654,0.0013205839966095507,0.0009801930978219804,0.0005173836088595745,0.0032930326916666636,2.149996598507313,0.09495048695937457,-0.0017081507472331836,-0.00622867050166033,-0.0062934590764556755,1.0212880363392618,1.1085667730679085e-06,-0.008428647510497156,0.03329398571126008,0.03329398571126008,0.17667828921202736,0.989705410965851,1.1321659828174764e-06]"
/multi_agv/m2b_algorithm_state,1789558500.0871916,1789558500.0871916,m2b_algorithm_state_v1:header6+3x20,"[1.0,-0.15,0.52,2.1538393341963507,0.1012554598908797,1789558500.0870745,2.1524106492791133,0.10107961432668539,0.0036904376666666654,0.0015375071958912876,0.0006947973492002818,0.00057180260846357,0.004584685874999997,2.1500222813635497,0.09874299731364664,-0.0023883679155636273,-0.00233661701303875,-0.002345484058332011,1.0076563468192339,1.812799703485403e-07,-0.005330943952786545,0.021345870712330458,0.021345870712330458,0.14193785686595953,0.9962195243827122,1.8266791267290918e-07,2.153389495468873,0.10150780636827018,0.002796189458333334,-0.0009471167406053058,0.0016643563582898757,0.0007568594873733347,-0.0017884964166666626,2.1490500601573945,0.10483023552302112,-0.00433943531147829,0.003322429154750936,0.0033053532970174233,0.9898510747685009,-2.2442506756152356e-07,-0.0021189408423304395,0.0051508979376417175,0.0051508979376417175,0.12045960679705371,1.00516612180275,-2.2214739433076751e-07,2.1527039853003425,0.10117913892248165,0.0036904376666666654,0.001320519018340635,0.0009802300936149642,0.0005173925304615425,0.0032930326916666636,2.1510841684795894,0.09643854432348828,-0.0016198168207530728,-0.0047405945989933695,-0.0047777082159304405,1.0159360652513711,6.415496939901643e-07,-0.0068024792418717814,0.027148072781721266,0.027148072781721266,0.17667546590812014,0.99223192056532,6.517734717755887e-07]"
/multi_agv/m2b_algorithm_state,1789558500.0970562,1789558500.0970562,m2b_algorithm_state_v1:header6+3x20,"[1.0,-0.15,0.52,2.154836363795255,0.10125544934807477,1789558500.096947,2.153415253326401,0.10107951772386227,0.0036904376666666654,0.0015380005888531618,0.0006947805969895521,0.0005715974561646991,0.004584685874999997,2.151244991747879,0.0980716497473125,-0.0021702615785219592,-0.003007867976549769,-0.0030226357055143918,1.0099303666423987,3.0062269051038925e-07,-0.005735462678666841,0.023016424002947854,0.023016424002947854,0.14195249099685858,0.9951142875280401,3.0360798404818177e-07,2.1543941449182107,0.10150781305814092,0.002796189458333334,-0.0009476691431258124,0.0016644321655796546,0.0007570595017836745,-0.0017884964166666626,2.1500916420558855,0.10483023552302112,-0.0043025028623251416,0.0033224224648801953,0.0033053466766107256,0.9898510953607685,-2.245550527040642e-07,-0.0020727819012957014,0.004984611501223148,0.004984611501223148,0.12046881762202516,1.0051661111345147,-2.2227606488791305e-07,2.1537086043444407,0.1011790488906359,0.0036904376666666654,0.0013208437231281714,0.0009802478544875147,0.0005172425448272257,0.0032930326916666636,2.1524265509293783,0.09759159650573804,-0.0012820534150623786,-0.0035874523848978684,-0.0036085232351676256,1.0119052482934636,3.672252793604786e-07,-0.005211090003995599,0.021173501559698295,0.021173501559698295,0.17670412113719203,0.9941608106982915,3.7159718749090163e-07]"
/multi_agv/m2b_algorithm_state,1789558500.1071692,1789558500.1071692,m2b_algorithm_state_v1:header6+3x20,"[1.0,-0.15,0.52,2.1558443199217545,0.10125536795801922,1789558500.1070182,2.154412278280441,0.10107954118816087,0.0036904376666666654,0.0015376436904554354,0.0006948408628573155,0.0005717208090801475,0.004584685874999997,2.1521304294350645,0.0964975327608383,-0.002281848845376633,-0.004582008427322565,-0.004616685166877657,1.0153959549798937,6.981449039696926e-07,-0.007468996223598448,0.029636288943437686,0.029636288943437686,0.14194622050332673,0.9924888229754371,7.088935114806522e-07,2.155391181074748,0.10150774516459767,0.002796189458333334,-0.0009472958299452808,0.0016644518384798523,0.0007568874495686856,-0.0017884964166666626,2.1512742122363697,0.10683376853662765,-0.004116968838378199,0.005326023372029989,0.005282809050334308,0.9841033709999032,-5.75924338442934e-07,0.00013659800236155966,-0.0038758099052844065,-0.0038758099052844065,0.12046487204069645,1.0081801786291984,-5.667690829025805e-07,2.154705632030575,0.10117906169146577,0.0036904376666666654,0.0013206060045175194,0.0009802912207470538,0.0005173230289647816,0.0032930326916666636,2.153387058323307,0.09688500214848156,-0.001318573707267845,-0.004294059542984216,-0.004324408911166127,1.0143632297505625,5.262720753194984e-07,-0.005972626045250933,0.024094580157337675,0.024094580157337675,0.17669184579244038,0.9929818458879905,5.338310420486176e-07]"
/multi_agv/m2b_algorithm_state,1789558500.1170025,1789558500.1170025,m2b_algorithm_state_v1:header6+3x20,"[1.0,-0.15,0.52,2.156832721585578,0.1012554125185522,1789558500.1168633,2.1554202076070985,0.10107939474126433,0.0036904376666666654,0.001538488013485312,0.0006947890150796878,0.0005713817980402545,0.004584685874999997,2.1529381151963487,0.0954319451933459,-0.0024820924107498143,-0.005647449547918432,-0.005700549901004746,1.0192024333994536,1.0618340548579398e-06,-0.008803165414442014,0.03462897654915954,0.03462897654915954,0.14195250124136174,0.9906850472308022,1.082223852577621e-06,2.1563991706754697,0.10150778085632614,0.002796189458333334,-0.0009482266594604003,0.0016645522611451469,0.0007572386949207949,-0.0017884964166666626,2.1524231530601345,0.10783834910430137,-0.00397601761533517,0.006330568247975232,0.00626998375335542,0.9813247885457451,-8.137968610557073e-07,0.0012999617341864578,-0.008563310054030302,-0.008563310054030302,0.12046881170768009,1.009662623860451,-7.985990325946831e-07,2.1557135814826958,0.10117892827646716,0.0036904376666666654,0.0013211661760029734,0.000980296196395703,0.0005170776280069237,0.0032930326916666636,2.1541779919652684,0.09501051972535156,-0.0015355895174273826,-0.006168408551115598,-0.006231921092110364,1.0210680363461453,1.0876622343971388e-06,-0.008151407988894592,0.03231392134217447,0.03231392134217447,0.1767041011654536,0.9898085132889162,1.1105771418837474e-06]"
/multi_agv/m2b_algorithm_state,1789558500.1272292,1789558500.1272292,m2b_algorithm_state_v1:header6+3x20,"[1.0,-0.15,0.52,2.1578403153342585,0.1012553325287881,1789558500.1271024,2.1564086220577736,0.10107955173372282,0.0036904376666666654,0.001537185809538915,0.0006949353199114043,0.0005718701486819466,0.004584685874999997,2.1539819793052906,0.09603815970425772,-0.0024266427524830547,-0.005041392029465103,-0.005083515311823572,1.017026475685584,8.451368484628165e-07,-0.00811681875242739,0.03204638867054961,0.03204638867054961,0.1419358307795106,0.9917137492906737,8.595265504641597e-07,2.157387557797583,0.10150763024097459,0.002796189458333334,-0.0009468235044261561,0.001664508636015416,0.0007566531672671545,-0.0017884964166666626,2.153177576218134,0.10722691804694319,-0.004209981579449185,0.005719287805968601,0.005669605990385651,0.9830074302530861,-6.635731649764902e-07,0.00040712901607417064,-0.005037524329055519,-0.005037524329055519,0.12045833128381207,1.0087628339018968,-6.522973516884468e-07,2.1567019849013773,0.1011790555809592,0.0036904376666666654,0.0013203026241237008,0.000980368094512074,0.000517414545397193,0.0032930326916666636,2.1552340154399365,0.09669163424729948,-0.0014679694614407879,-0.004487421333659716,-0.004520613626344848,1.0150424532853117,5.746719053188574e-07,-0.006355575453145833,0.025500293091195152,0.025500293091195152,0.17667149807196136,0.9926575692088134,5.833163806089974e-07]"
/multi_agv/m2b_algorithm_state,1789558500.1371124,1789558500.1371124,m2b_algorithm_state_v1:header6+3x20,"[1.0,-0.15,0.52,2.1588349430963656,0.10125533704440182,1789558500.1369874,2.1574161900419706,0.10107940640709945,0.0036904376666666654,0.0015380245342129623,0.0006948873194676068,0.0005715315631264761,0.004584685874999997,2.1550766280190863,0.09726911854049097,-0.002339562022884323,-0.003810287866608475,-0.0038341291296587615,1.0126930667102345,4.826683373248443e-07,-0.006758581658264165,0.02688971861932739,0.02688971861932739,0.14195249532563053,0.9937818309597705,4.887948787294265e-07,2.158395183531179,0.10150766716670045,0.002796189458333334,-0.0009477478214342545,0.0016646045907613427,0.0007570039137370643,-0.0017884964166666626,2.1542267638985573,0.10735981167586742,-0.004168419632621934,0.005852144509166962,0.005800180693586504,0.9826395753026741,-6.953632987217789e-07,0.0005896561528090866,-0.005761605702089673,-0.005761605702089673,0.12046881514337428,1.0089589994390893,-6.832914965370354e-07,2.1577095724296265,0.1011789240125644,0.0036904376666666654,0.0013208552836084415,0.00098037472776884,0.0005171715384027567,0.0032930326916666636,2.156311601481796,0.09779346620550658,-0.0013979709478304514,-0.003385457807057818,-0.003404194210819952,1.0112095438955206,3.269967562940409e-07,-0.005151657895608016,0.020890317973281298,0.020890317973281298,0.1767041127456682,0.9944960825964093,3.3066224078741183e-07]"
/multi_agv/m2b_algorithm_state,1789558500.1475163,1789558500.1475163,m2b_algorithm_state_v1:header6+3x20,"[1.0,-0.15,0.52,2.159841122577878,0.10125526653527621,1789558500.147299,2.158410818408948,0.10107946617140864,0.0036904376666666654,0.0015374110487095583,0.0006949710329616102,0.0005717539396678489,0.004584685874999997,2.1560898873728824,0.09716191388567748,-0.0023209310360656765,-0.003917552285731166,-0.003942775039315892,1.0130660407407535,5.100570086028572e-07,-0.006843938834397987,0.027225113469226316,0.027225113469226316,0.1419462046499908,0.9936027916040825,5.16721434257369e-07,2.159389811424023,0.10150757685419436,0.002796189458333334,-0.0009470919914447394,0.0016646049829724952,0.0007567194293775781,-0.0017884964166666626,2.155664864146234,0.1079751764763,-0.003724947277789159,0.006467599622105649,0.006404430236129427,0.9809509827832735,-8.48297468290746e-07,0.001748246138892978,-0.010254036528163438,-0.010254036528163438,0.12046486207162388,1.009863388880382,-8.3213823521237e-07,2.1587041994561256,0.10117896810760249,0.0036904376666666654,0.001320447280542477,0.0009804253262658772,0.0005173220723048268,0.0032930326916666636,2.1572749428444102,0.09719624730264372,-0.001429256611715335,-0.003982720804958775,-0.004008767883757295,1.0132755745757032,4.525825300361503e-07,-0.005795338648401463,0.023362914538950046,0.023362914538950046,0.17669181477639467,0.9935024726914081,4.585908231653056e-07]"
/multi_agv/m2b_algorithm_state,1789558500.1571586,1789558500.1571586,m2b_algorithm_state_v1:header6+3x20,"[1.0,-0.15,0.52,2.1608347794148184,0.1012552771976226,1789558500.1569543,2.1594169751914483,0.1010793447453948,0.0036904376666666654,0.0015380798676069268,0.0006949369314717118,0.0005714817716979318,0.004584685874999997,2.1572197997362452,0.09590673045442687,-0.0021971754552030376,-0.005172614290967936,-0.005217002687106231,1.0174952500495977,8.902944135090345e-07,-0.007963472006110028,0.031555803286943546,0.031555803286943546,0.14195249803083465,0.9914915903248429,9.05870336891135e-07,2.1603960192383256,0.10150759813530243,0.002796189458333334,-0.0009478292696028356,0.0016646899813426153,0.0007569948000786947,-0.0017884964166666626,2.1567581997808394,0.10806084776452023,-0.003637819457486202,0.0065532496292178,0.006488438733568257,0.980718019850908,-8.71530269507954e-07,0.0019411644117105047,-0.010996337399086288,-0.010996337399086288,0.1204688135420327,1.0099886734406909,-8.547254401519688e-07,2.1597103733038603,0.10117885672513136,0.0036904376666666654,0.0013208890362754332,0.0009804359829132638,0.0005171250449535485,0.0032930326916666636,2.15838071152466,0.09661002174078095,-0.001329661779200464,-0.004568834984350401,-0.004603263701834364,1.0153293271647847,5.960081432420836e-07,-0.006265340925834944,0.02521445978152533,0.02521445978152533,0.1767041073986039,0.9925208026926106,6.051445470627173e-07]"
/multi_agv/m2b_algorithm_state,1789558500.1673188,1789558500.1673188,m2b_algorithm_state_v1:header6+3x20,"[1.0,-0.15,0.52,2.161839608487659,0.10125521523421488,1789558500.16709,2.1604106347662455,0.10107941956865907,0.0036904376666666654,0.0015373598349040863,0.0006950299169943715,0.0005717455091997059,0.004584685874999997,2.158089618843307,0.09498134324296366,-0.0023210159229383187,-0.006098076325695409,-0.006160197873343702,1.020838705482574,1.2374689085056379e-06,-0.0090614677770166,0.03566417962843558,0.03566417962843558,0.14194813266668313,0.9899156571062263,1.2632561586338293e-06,2.1613896736137796,0.10150749831839348,0.002796189458333334,-0.0009470557865161908,0.001664682596883793,0.0007566633623126429,-0.0017884964166666626,2.157907252451002,0.1087818374694447,-0.003482421162777527,0.007274339151051218,0.007194921886160272,0.9787761106424482,-1.0723590804132217e-06,0.002841895432688363,-0.014623550996252678,-0.014623550996252678,0.12046607579171097,1.0110379606822013,-1.0495994499389656e-06,2.16070402986443,0.10117891370581525,0.0036904376666666654,0.001320410815824282,0.0009804892910173285,0.0005173046059266219,0.0032930326916666636,2.159310428401468,0.09674229749644991,-0.0013936014629618576,-0.004436616209365335,-0.004469048870856405,1.0148637422762656,5.617618920988099e-07,-0.006211050699558727,0.024977850163990817,0.024977850163990817,0.1766955908674709,0.9927428268456471,5.701117760835939e-07]"
/multi_agv/m2b_algorithm_state,1789558500.1771395,1789558500.1771395,m2b_algorithm_state_v1:header6+3x20,"[1.0,-0.15,0.52,2.16283363740663,0.10125522311647418,1789558500.1770158,2.1614154441127735,0.10107931832848033,0.0036904376666666654,0.0015378865187603377,0.000695009342173591,0.0005715279150046936,0.004584685874999997,2.159087217163929,0.0958847574073017,-0.0023282269488444918,-0.005194560921178634,-0.00523933415638084,1.017573779015153,8.977643257894433e-07,-0.008149617842436455,0.032210913066194634,0.032210913066194634,0.1419524966167138,0.9914544035814785,9.135414376585547e-07,2.162394527351302,0.10150750752704374,0.002796189458333334,-0.0009476371616129299,0.0016647565909297946,0.0007568768784865509,-0.0017884964166666626,2.158989294945254,0.1087818374694447,-0.0034052324060480643,0.007274329942400959,0.007194912883158977,0.9787761379888673,-1.0730146232190132e-06,0.0029383723755988965,-0.014974917261471096,-0.014974917261471096,0.12046881440270432,1.011037945911461,-1.0502411089198854e-06,2.161708853998901,0.1011788198471206,0.0036904376666666654,0.001320757704161598,0.0009805043007260934,0.0005171464356174636,0.0032930326916666636,2.160285571785508,0.09686003772608912,-0.0014232822133930512,-0.004318782121031484,-0.004349487755618127,1.014449960422983,5.324193214377326e-07,-0.006128590522359441,0.02464846908623121,0.02464846908623121,0.17670411028509636,0.9929404021089652,5.401127595609394e-07]"
/multi_agv/m2b_algorithm_state,1789558500.1870854,1789558500.1870854,m2b_algorithm_state_v1:header6+3x20,"[1.0,-0.15,0.52,2.1638386876806357,0.10125515938942829,1789558500.186987,2.16240947523063,0.10107938571300398,0.0036904376666666654,0.0015372201548705606,0.0006950982572764266,0.0005717705065287765,0.004584685874999997,2.160134780163324,0.09688194209580345,-0.002274695067306265,-0.004197443617200536,-0.004226460111339419,1.0140434101179565,5.855729444881883e-07,-0.00706982894547225,0.028111347404963197,0.028111347404963197,0.1419465961111281,0.9931345633521933,5.937963855016154e-07,2.163388554369552,0.10150741290373753,0.002796189458333334,-0.0009469208829465548,0.0016647508887652762,0.000756569361790041,-0.0017884964166666626,2.1594245442287194,0.10971630020823155,-0.003964010140832475,0.008208887304494011,0.008108478740098702,0.9763108893042938,-1.3643145552693283e-06,0.0031534660640581084,-0.016227618737216076,-0.016227618737216076,0.12046510849479275,1.0123831568921504,-1.33199515674579e-06,2.1627028826197083,0.10117887073268104,0.0036904376666666654,0.0013203139807631127,0.0009805561141691182,0.0005173118209278356,0.0032930326916666636,2.161266911177058,0.09684168410555595,-0.0014359714426501746,-0.004337186627125095,-0.00436815877918299,1.0145145125246213,5.367923882353925e-07,-0.006163123082495709,0.02477519477525716,0.02477519477525716,0.17669258142673025,0.9929095635887831,5.445836680775564e-07]"
/multi_agv/m2b_algorithm_state,1789558500.1969912,1789558500.1969912,m2b_algorithm_state_v1:header6+3x20,"[1.0,-0.15,0.52,2.164833892434114,0.10125515957483104,1789558500.1968966,2.1634145055149765,0.1010792797176057,0.0036904376666666654,0.0015377813483816137,0.0006950749859030651,0.0005715393564409334,0.004584685874999997,2.1606226519886387,0.09716557680305184,-0.0027918535263378175,-0.003913702914553868,-0.003938875460432379,1.0130526727061187,5.091769616351811e-07,-0.007428692368354651,0.0292703257190711,0.0292703257190711,0.14195249622535214,0.993609204928823,5.158230818649011e-07,2.1643936295565824,0.10150742546155848,0.002796189458333334,-0.0009475385376758226,0.001664825627839317,0.0007567982163905751,-0.0017884964166666626,2.1605178632105075,0.10971630020823155,-0.0038757663460748937,0.008208874746673062,0.008108466497425682,0.9763109262826596,-1.3652002267682869e-06,0.003263758564832065,-0.01663038682289092,-0.01663038682289092,0.12046881462663148,1.0123831367224936,-1.3328598979574431e-06,2.163707927970349,0.10117877298912069,0.0036904376666666654,0.001320683103556488,0.0009805700187314192,0.0005171445877026346,0.0032930326916666636,2.1616494159031583,0.09688642625004629,-0.0020585120671907653,-0.004292346739074401,-0.004322671627610865,1.0143572806968053,5.258831672765668e-07,-0.006895811711599322,0.02731985880105148,0.02731985880105148,0.17670411101892194,0.9929846883712459,5.334334195228814e-07]"
/multi_agv/m2b_algorithm_state,1789558500.207093,1789558500.207093,m2b_algorithm_state_v1:header6+3x20,"[1.0,-0.15,0.52,2.165837331323285,0.10125510621098889,1789558500.20699,2.1644097102806006,0.10107932844172579,0.0036904376666666654,0.0015372475098060622,0.0006951515399184587,0.0005717309333371442,0.004584685874999997,2.161587886752385,0.09667920148577142,-0.0028218235282158055,-0.004400126955954375,-0.004432061888082021,1.0147548876139167,6.435822747560101e-07,-0.007959341298351779,0.031287471548082646,0.031287471548082646,0.14195000695517115,0.9927945653887371,6.530782588903439e-07,2.1653888350260035,0.10150734238640605,0.002796189458333334,-0.0009469648732127241,0.0016648277756687868,0.0007565484347250295,-0.0017884964166666626,2.161583271411942,0.10953258614643288,-0.00380556361406148,0.008025243760026834,0.007929141426072572,0.9767907200923737,-1.304220982430302e-06,0.003172186908495722,-0.016203157268134618,-0.016203157268134618,0.12046725571745537,1.0121201437570857,-1.2739509525876778e-06,2.1647031319957377,0.10117880789636127,0.0036904376666666654,0.0013203272922531783,0.0009806173340132455,0.0005172742062984348,0.0032930326916666636,2.1626317751169823,0.09724273108969869,-0.0020713568787553704,-0.003936076806662581,-0.0039615085001767645,1.0131132827860012,4.41990943277855e-07,-0.0065507045986209775,0.025988985459754536,0.025988985459754536,0.1766992618366393,0.9935803006574264,4.4778689550590893e-07]"
/multi_agv/m2b_algorithm_state,1789558500.2172213,1789558500.2172213,m2b_algorithm_state_v1:header6+3x20,"[1.0,-0.15,0.52,2.1668332624081885,0.10125510146040134,1789558500.2171834,2.1654131326366093,0.10107924733551066,0.0036904376666666654,0.0015376331469441023,0.0006951442713193142,0.0005715675558418008,0.004584685874999997,2.1625246952977744,0.09670507599977875,-0.002888437338834926,-0.004374171335731911,-0.004405724514437598,1.014663618391264,6.361614831839088e-07,-0.008016271187981256,0.0314781618633818,0.0314781618633818,0.14195249505105598,0.9928381407865411,6.454899124085382e-07,2.166392294607103,0.10150733972811607,0.002796189458333334,-0.000947390298218968,0.0016648898514532995,0.0007567005513815228,-0.0017884964166666626,2.162672480097535,0.10953258614643288,-0.0037198145095675983,0.008025246418316812,0.007929144019089346,0.9767907122516291,-1.3048077822283561e-06,0.0032793758821298476,-0.01659420979688933,-0.01659420979688933,0.12046881529943634,1.012120148025575,-1.2745241229543045e-06,2.165706566726143,0.10117873156933996,0.0036904376666666654,0.001320580083981416,0.0009806363326000603,0.0005171547483582982,0.0032930326916666636,2.163671502852746,0.09804517184509269,-0.002035063873397025,-0.0031335597242472674,-0.003149581339462983,1.010346262105428,2.8004288095059636e-07,-0.005693411181209264,0.022697666310767986,0.022697666310767986,0.1767041132517681,0.9949130968567247,2.829402779976704e-07]"
/multi_agv/m2b_algorithm_state,1789558500.2270083,1789558500.2270083,m2b_algorithm_state_v1:header6+3x20,"[1.0,-0.15,0.52,2.167838607077305,0.1012550356437054,1789558500.2268994,2.1664090624467325,0.10107928370732443,0.0036904376666666654,0.0015371876144971244,0.0006952130243726977,0.0005717249133542708,0.004584685874999997,2.163588143209543,0.09748072505476944,-0.002820919237189301,-0.003598558652554984,-0.0036197901879213533,1.011959405024553,4.302255605516874e-07,-0.00714593923440798,0.028172118926123094,0.028172118926123094,0.14195028350536754,0.9941345950278513,4.353708022822404e-07,2.1673882279052066,0.10150726464025209,0.002796189458333334,-0.0009469114655360914,0.0016648964910528363,0.0007564895395522075,-0.0017884964166666626,2.1639293491044205,0.11034784692595084,-0.0034588788007861027,0.008840582285698756,0.008724691830533272,0.9746772161773722,-1.5814880285285234e-06,0.004401093329550644,-0.02110473347156661,-0.02110473347156661,0.12046742980106193,1.013283042818763,-1.5414403490640218e-06,2.166702496872628,0.10117875603362754,0.0036904376666666654,0.0013202823445206068,0.0009806808002855274,0.0005172606762758403,0.0032930326916666636,2.1648278267409653,0.0982652488761366,-0.001874670131662537,-0.0029135071574909466,-0.002927334663205586,1.0095959829174666,2.420032770320834e-07,-0.005270672327783757,0.02113197319362111,0.02113197319362111,0.17669980346808928,0.995276417866245,2.443255363444542e-07]"
/multi_agv/m2b_algorithm_state,1789558500.2369723,1789558500.2369723,m2b_algorithm_state_v1:header6+3x20,"[1.0,-0.15,0.52,2.1688355482966526,0.10125502471508159,1789558500.236846,2.1674143868369065,0.10107917285334911,0.0036904376666666654,0.0015377839459566824,0.0006951855421930548,0.0005714807226683853,0.004584685874999997,2.1646533584510523,0.09823259191491991,-0.002761028385854125,-0.002846580938429197,-0.002859791425890019,1.009380944308668,2.691816910062671e-07,-0.006311076908207675,0.02497956796257807,0.02497956796257807,0.14195249862731563,0.9953806115574632,2.7170686945851e-07,2.1683935978098434,0.10150728002247723,0.002796189458333334,-0.0009475642913040925,0.0016649721976151888,0.00075673313631551,-0.0017884964166666626,2.1650286353486274,0.11034784692595084,-0.003364962461215981,0.00884056690347361,0.008724676862868624,0.9746772612148975,-1.5825727524382192e-06,0.004518473786348648,-0.02153418360019338,-0.02153418360019338,0.1204688132328495,1.0132830180906989,-1.5424976760198054e-06,2.167707836585165,0.10117865405528985,0.0036904376666666654,0.001320675580694583,0.00098069251422599,0.0005170841303036061,0.0032930326916666636,2.1658236840818477,0.0984314918140065,-0.0018841525033175266,-0.002747162241283352,-0.0027594405214855615,1.0090312403694042,2.1519909001725854e-07,-0.00511463115063247,0.020522003956564505,0.020522003956564505,0.1767041063249867,0.9955504457854378,2.1714260472648144e-07]"
/multi_agv/m2b_algorithm_state,1789558500.2470405,1789558500.2470405,m2b_algorithm_state_v1:header6+3x20,"[1.0,-0.15,0.52,2.1698388589469935,0.10125497242832587,1789558500.2469327,2.16841132487763,0.10107919544784556,0.0036904376666666654,0.0015374352792008384,0.0006952432981921488,0.0005716018130135225,0.004584685874999997,2.165691493687456,0.09854455728340022,-0.002719831190173938,-0.002534638164445338,-0.0025450874130975927,1.008323738974569,2.1332592788350488e-07,-0.005944876400815015,0.023579123232332216,0.023579123232332216,0.14195249376048225,0.9958943458686407,2.1510159722371488e-07,2.1693905436306977,0.10150721241517319,0.002796189458333334,-0.0009471885873606044,0.0016649860021344942,0.0007565631002747347,-0.0017884964166666626,2.165990965431073,0.10935463052497438,-0.0033995781996245533,0.00784741810980119,0.007755401342272522,0.9772574565721882,-1.2475477640990734e-06,0.0035059285927418306,-0.01732920057210212,-0.01732920057210212,0.12046881603970297,1.011864862109342,-1.2191753548957806e-06,2.168704776381631,0.10117866628222608,0.0036904376666666654,0.0013204441608903068,0.0009807325471340228,0.000517163618004246,0.0032930326916666636,2.166806090546928,0.0987984456013557,-0.0018986858347029845,-0.0023802206808703763,-0.002389412557986667,1.0077927350047091,1.61482730353711e-07,-0.0047627698513653975,0.01914564900798743,0.01914564900798743,0.17670411578421963,0.9961530807705993,1.6274112247919437e-07]"
/multi_agv/m2b_algorithm_state,1789558500.2570431,1789558500.2570431,m2b_algorithm_state_v1:header6+3x20,"[1.0,-0.15,0.52,2.1708404643132475,0.10125493174594839,1789558500.2569263,2.169414619549542,0.10107911807962304,0.0036904376666666654,0.001537794332718142,0.0006952360095663576,0.0005714499688275032,0.004584685874999997,2.166656170747104,0.09817852744789299,-0.0027584488024379183,-0.0029005906317300517,-0.0029143127531857265,1.0095647331386728,2.7950498385455355e-07,-0.006362373756233124,0.025179115912357847,0.025179115912357847,0.14195250033877435,0.9952914725982395,2.821783744360514e-07,2.1703938743641595,0.10150720644916658,0.002796189458333334,-0.0009475814736036861,0.0016650462514991027,0.0007567020625220966,-0.0017884964166666626,2.1670706554110892,0.10935463052497438,-0.003323218953070306,0.007847424075807796,0.0077554071649177485,0.9772574389468319,-1.2480671618713122e-06,0.003601383473579866,-0.017677273971283658,-0.017677273971283658,0.12046881223073298,1.0118648716867238,-1.2196829182439997e-06,2.169708082927278,0.10117859275618803,0.0036904376666666654,0.0013206817001541744,0.0009807504529774531,0.0005170513397956484,0.0032930326916666636,2.167866889380898,0.10022085691260811,-0.0018411935463800155,-0.0009577358435799155,-0.0009592081767854135,1.0030857217128544,2.6124456264235325e-08,-0.003260700109760433,0.013286195767681926,0.013286195767681926,0.1767041029296685,0.9984650535294307,2.620506906616639e-08]"
/multi_agv/m2b_algorithm_state,1789558500.266967,1789558500.266967,m2b_algorithm_state_v1:header6+3x20,"[1.0,-0.15,0.52,2.1718338245981283,0.10125494374073975,1789558500.266861,2.170416212457307,0.1010790701478592,0.0036904376666666654,0.0015379439168657903,0.0006952456372616208,0.0005713801219207809,0.004584685874999997,2.1672875344080773,0.09795637695094675,-0.003128678049229894,-0.0031226931969124544,-0.0031386237951298687,1.0103227965257355,3.2402599557685607e-07,-0.0070494713566672355,0.02767007057894572,0.02767007057894572,0.14195250388395064,0.994924336506295,3.2737084999824485e-07,2.171395495670405,0.10150718110048108,0.002796189458333334,-0.0009477449840191816,0.0016650940714733053,0.0007567480635980867,-0.0017884964166666626,2.1680010161182324,0.11086970917464617,-0.0033944795521727578,0.009362528074165086,0.009233072466180044,0.9733471425041849,-1.7744907707676366e-06,0.004989973025964097,-0.023531450927190157,-0.023531450927190157,0.12046881021156836,1.0140208590866395,-1.7271955211267277e-06,2.1707096848120297,0.10117854398950488,0.0036904376666666654,0.0013207828179089653,0.0009807734331617416,0.0005169955555184972,0.0032930326916666636,2.168586741329011,0.099896788620007,-0.00212294348301878,-0.0012817553694978723,-0.0012843989143714331,1.0041448172659626,4.680532386552866e-08,-0.003938078268144908,0.015811159353959596,0.015811159353959596,0.17670409608614043,0.9979418038710703,4.699932338002548e-08]"
/multi_agv/m2b_algorithm_state,1789558500.2770839,1789558500.2770839,m2b_algorithm_state_v1:header6+3x20,"[1.0,-0.15,0.52,2.1728359165515214,0.10125489883286544,1789558500.2769601,2.171409577023397,0.10107914802026134,0.0036904376666666654,0.001537204865566794,0.0006953388269562487,0.0005716519969971412,0.004584685874999997,2.1682478468970166,0.09790839566396933,-0.0031617301263806574,-0.0031707523562920087,-0.0031871829949214245,1.0104873027465227,3.339261018214369e-07,-0.007139345652897247,0.028001401093488643,0.028001401093488643,0.1419524925483612,0.9948447771415707,3.374280859462045e-07,2.1723888514929777,0.1015070794908414,0.002796189458333334,-0.0009469426686922588,0.0016650806845475152,0.0007564072503049302,-0.0017884964166666626,2.1691029655686087,0.11086970917464617,-0.0032858859243689587,0.009362629683804774,0.009233171182439331,0.9733468464001872,-1.7730277083621052e-06,0.005125813776978133,-0.024027709713440475,-0.024027709713440475,0.12046881672550665,1.0140210225509152,-1.725770928514406e-06,2.1717030452780106,0.10117860371111652,0.0036904376666666654,0.0013202928191688133,0.0009808248893702137,0.0005171811851849986,0.0032930326916666636,2.1695572448641873,0.09965444192743492,-0.0021458004138232845,-0.0015241617836816018,-0.0015279066119510735,1.0049421791398963,6.616936221084102e-08,-0.0042101571292301795,0.01686706687184699,0.01686706687184699,0.1767041181162797,0.9975490463617475,6.649638305245968e-08]"
/multi_agv/m2b_algorithm_state,1789558500.2870393,1789558500.2870393,m2b_algorithm_state_v1:header6+3x20,"[1.0,-0.15,0.52,2.173840985261581,0.10125483522012091,1789558500.286974,2.1724116557958166,0.10107908698581808,0.0036904376666666654,0.0015374505724868761,0.0006953436209940372,0.000571542999093319,0.004584685874999997,2.169251157158342,0.09828168925008501,-0.0031604986374746957,-0.002797397735733065,-0.002810150964646334,1.0092137860671153,2.598956674444638e-07,-0.006760774261489704,0.026541835057170657,0.026541835057170657,0.14195249697950543,0.9954617281869502,2.622902905240672e-07,2.1733909599856247,0.10150706475487346,0.002796189458333334,-0.0009472110312320472,0.0016651303023103026,0.0007564977660240585,-0.0017884964166666626,2.1702379778533216,0.10934091293186118,-0.0031529821323030838,0.00783384817698772,0.007742139592580885,0.9772931149827792,-1.2432816015625248e-06,0.00380091192720203,-0.018396707303840167,-0.018396707303840167,0.12046881419663477,1.011845379860461,-1.2150505491918183e-06,2.1727051338731225,0.10117854475790479,0.0036904376666666654,0.0013204531256300021,0.0009808467768116502,0.0005171003133388054,0.0032930326916666636,2.1705798004569155,0.10033993016956184,-0.0021253334162070203,-0.0008386145883429452,-0.0008397424331279237,1.0026982928890091,2.0024886854965863e-08,-0.003496409203386699,0.014071898371918414,0.014071898371918414,0.17670410955984006,0.9986569158107476,2.007891986476983e-08]"
/multi_agv/m2b_algorithm_state,1789558500.2972443,1789558500.2972443,m2b_algorithm_state_v1:header6+3x20,"[1.0,-0.15,0.52,2.17483366053833,0.10125485161564518,1789558500.2971458,2.1734167052733384,0.10107898285590512,0.0036904376666666654,0.0015379995191068282,0.0006953171847162484,0.0005713188037419297,0.004584685874999997,2.170568883756755,0.09897456693909389,-0.0028478215165832488,-0.0021044159168112364,-0.0021115957100305764,1.0068775813559434,1.4706577910539906e-07,-0.005671372605759638,0.02245889924122869,0.02245889924122869,0.14195250673180293,0.9965998258164506,1.4807723596587163e-07,2.1743960527416903,0.1015070747461315,0.002796189458333334,-0.0009478070105754296,0.0016652024403285282,0.0007567185780317648,-0.0017884964166666626,2.1713251123450106,0.10934091293186118,-0.0030709403966797666,0.007833838185729677,0.007742129841009477,0.977293144503606,-1.2440606478259464e-06,0.0039034543451597686,-0.018770775138837056,-0.018770775138837056,0.12046880855386212,1.0118453638215197,-1.2158119424670124e-06,2.1737101977697137,0.10117844805832613,0.0036904376666666654,0.0013208179626870201,0.0009808572703771338,0.0005169367120434008,0.0032930326916666636,2.1718746167966705,0.10152680231077392,-0.0018355809730432604,0.00034835425244779394,0.00034816137891872066,0.9988941174881751,3.4534070605727296e-09,-0.0019463148373853548,0.00808181220903304,0.00808181220903304,0.1767040905178186,1.0005539773816163,3.44958799809823e-09]"
/multi_agv/m2b_algorithm_state,1789558500.3073459,1789558500.3073459,m2b_algorithm_state_v1:header6+3x20,"[1.0,-0.15,0.52,2.1758386518902086,0.10125478801162431,1789558500.3072596,2.174409386438844,0.10107907147962883,0.0036904376666666654,0.0015371851551836944,0.0006954164445759576,0.0005716201663303805,0.004584685874999997,2.1716031038634265,0.09919426757929085,-0.0028062825754173737,-0.0018848039003379752,-0.0018905538324349048,1.0061446460390644,1.1789278343083835e-07,-0.005398407051706622,0.0214143005125699,0.0214143005125699,0.14195249418297676,0.996958599116152,1.1861719285558093e-07,2.175388721600504,0.10150696641392488,0.002796189458333334,-0.0009469206709243521,0.0016651831865233113,0.0007563443948391257,-0.0017884964166666626,2.1725079150199886,0.11107497783636491,-0.0028808065805154826,0.009568011422440029,0.00943302534458331,0.9728283205736242,-1.851289797176258e-06,0.005832017118938956,-0.02672148856975514,-0.02672148856975514,0.12046881580328488,1.0143099454232074,-1.8009871442820645e-06,2.174702873575641,0.10117851695338181,0.0036904376666666654,0.0013202787051405508,0.000980910178681028,0.000517142938157493,0.0032930326916666636,2.1729636774245065,0.10136186017457338,-0.0017391961511346032,0.00018334322119156754,0.00018328972761326982,0.9994168696402065,9.563316139422083e-10,-0.0019907054613049844,0.00830931800246923,0.00830931800246923,0.17670411495146215,1.000291852571305,9.557739479440882e-10]"
/multi_agv/m2b_algorithm_state,1789558500.3171878,1789558500.3171878,m2b_algorithm_state_v1:header6+3x20,"[1.0,-0.15,0.52,2.1768352528213826,0.1012547791327481,1789558500.3170555,2.1754143589328594,0.10107896595349486,0.0036904376666666654,0.0015377459874390148,0.0006953906175430006,0.0005713905021612838,0.004584685874999997,2.172510836742807,0.09826513966260537,-0.00290352219005241,-0.0028138262908894845,-0.002826731368373071,1.009269619968391,2.630107383731201e-07,-0.006456134105938583,0.025477486431551736,0.025477486431551736,0.1419525037987679,0.9954346289753688,2.654487479654448e-07,2.176393736405401,0.10150697851260929,0.002796189458333334,-0.0009475290405216198,0.0016652535455774498,0.0007565715029549253,-0.0017884964166666626,2.173655187805227,0.11159339819140769,-0.0027385486001740844,0.010086419678798406,0.00993701078975119,0.9715318204228829,-2.057705480435784e-06,0.006513825039533584,-0.029499676725871036,-0.029499676725871036,0.12046881024461162,1.0150355969424238,-1.99912635130192e-06,2.1757078603323654,0.10117841956876879,0.0036904376666666654,0.001320649374782722,0.000980920942546204,0.0005169766680783528,0.0032930326916666636,2.1739582107956794,0.10125490003699655,-0.0017496495366859932,7.648046822776589e-05,7.647115233536021e-05,0.9997564554836866,1.664695169032432e-10,-0.002110590768522131,0.0087808528111762,0.0087808528111762,0.1767040961912352,1.0001218223097363,1.6642897416526808e-10]"
/multi_agv/m2b_algorithm_state,1789558500.3272796,1789558500.3272796,m2b_algorithm_state_v1:header6+3x20,"[1.0,-0.15,0.52,2.1778382182114,0.1012547289177093,1789558500.3271596,2.176410958063305,0.10107899325144758,0.0036904376666666654,0.001537366541674029,0.0006954498950768155,0.0005715241425105568,0.004584685874999997,2.1732079679629996,0.09695100253526215,-0.0032029901003052252,-0.0041279907161854285,-0.0041560404446811285,1.0138004040128512,5.663854050003717e-07,-0.00815977807006266,0.031898546526546515,0.031898546526546515,0.14195249832124676,0.9932508528564495,5.742017524163592e-07,2.177390340191663,0.10150690822052656,0.002796189458333334,-0.0009471142819231391,0.0016652621108419474,0.000756387263335434,-0.0017884964166666626,2.174258724468794,0.1098483523499433,-0.003131615722869352,0.008341444129416745,0.008237871801343928,0.9759657338452823,-1.4088621106387937e-06,0.004323352147757238,-0.020562208645426405,-0.020562208645426405,0.12046881340640767,1.0125727045249624,-1.3750011436964036e-06,2.1767044602091796,0.10117843592627011,0.0036904376666666654,0.0013203981935951512,0.0009809600601225375,0.0005170651976771504,0.0032930326916666636,2.1747399502936564,0.10150642669929195,-0.001964509915523216,0.0003279907730218412,0.0003278197633761875,0.9989585223151002,3.060532856374742e-09,-0.0021278176310278326,0.008735162183432284,0.008735162183432284,0.1767041068939768,1.0005216575226965,3.057345379700925e-09]"
/multi_agv/m2b_algorithm_state,1789558500.3374064,1789558500.3374064,m2b_algorithm_state_v1:header6+3x20,"[1.0,-0.15,0.52,2.1788388821060245,0.1012546940796778,1789558500.3372705,2.177413908873643,0.10107892042887348,0.0036904376666666654,0.0015376962512662308,0.0006954442390274978,0.0005713841685250769,0.004584685874999997,2.1742036697115465,0.09825575686665826,-0.0032102391620965065,-0.0028231635622152224,-0.002836155348716491,1.0093013597003986,2.647522558390288e-07,-0.0068489543013371245,0.02686100043906011,0.02686100043906011,0.1419525043054766,0.995419226063499,2.672148118020796e-07,2.1783933238777884,0.1015068998645856,0.002796189458333334,-0.000947469855928011,0.0016653169991651673,0.0007565128406288729,-0.0017884964166666626,2.175351383393258,0.1098483523499433,-0.0030419404845303255,0.008341452485357712,0.008237879944324886,0.975965709269267,-1.4093939047312195e-06,0.004435454338661979,-0.02097148646637815,-0.02097148646637815,0.12046880995493477,1.0125727179484059,-1.3755201218707863e-06,2.1777074218827686,0.10117836645966884,0.0036904376666666654,0.0013206166540101131,0.0009809771410197454,0.0005169616185042658,0.0032930326916666636,2.1758092251821153,0.1025262165331924,-0.0018981967006532763,0.00134785007352356,0.0013449843929868926,0.9957694917070621,5.1654764529931684e-08,-0.0010277614828297027,0.004377268975333527,0.004377268975333527,0.1767040952496118,1.002130642222772,5.143623862021805e-08]"
/multi_agv/m2b_algorithm_state,1789558500.3473783,1789558500.3473783,m2b_algorithm_state_v1:header6+3x20,"[1.0,-0.15,0.52,2.1798386965755694,0.10125466479720713,1789558500.3472514,2.1784145629124447,0.10107888580053116,0.0036904376666666654,0.0015377549610123315,0.0006954616191751301,0.0005713496794864685,0.004584685874999997,2.1753030810779097,0.09948951945736435,-0.0031114818345350237,-0.0015893663431668092,-0.001593445902855897,1.005164295580681,8.38452174826189e-08,-0.005482798196024676,0.021601971884718168,0.021601971884718168,0.14195250612163518,0.9974397877695276,8.427821896872562e-08,2.1793940004399843,0.10150686705599503,0.002796189458333334,-0.000947529507220663,0.001665355001879032,0.0007565189289517049,-0.0017884964166666626,2.1764883213436166,0.11098584400636635,-0.0029056790963677415,0.009478976950371323,0.009346399916025292,0.9730527103167207,-1.8183085069433355e-06,0.005714301045565615,-0.02624357344236754,-0.02624357344236754,0.12046880890394793,1.0141848236259092,-1.7693100208731623e-06,2.178708082965645,0.10117832938250719,0.0036904376666666654,0.0013206574177439933,0.0009810014758294457,0.0005169312907226534,0.0032930326916666636,2.1769828698852884,0.10370197046567577,-0.001725213080356447,0.0025236410831685763,0.0025136841435528913,0.9921846985020044,1.8093294821096972e-07,0.00035716779310733266,-0.0011031811031502747,-0.0011031811031502747,0.1767040916827417,1.003961094173754,1.7951890266977978e-07]"
/multi_agv/m2b_algorithm_state,1789558500.3573136,1789558500.3573136,m2b_algorithm_state_v1:header6+3x20,"[1.0,-0.15,0.52,2.180838069869313,0.10125463828404284,1789558500.3572125,2.179414369336467,0.1010788646151615,0.0036904376666666654,0.0015377188350592847,0.000695487429940655,0.0005713519126181064,0.004584685874999997,2.1763935300746073,0.09993906063407354,-0.003020839261859809,-0.0011398039810879557,-0.0011418949835522423,1.0036848185592373,4.3107046509252717e-08,-0.004917944060877004,0.01943613190354739,0.01943613190354739,0.14195250644555502,0.9981688312021638,4.326588815426392e-08,2.180393825384026,0.10150682594333071,0.002796189458333334,-0.0009474853412747434,0.0016653864253703965,0.0007564834383707308,-0.0017884964166666626,2.1775911715825607,0.11098584400636635,-0.0028026538014653823,0.009479018063035638,0.009346439844042773,0.97305259063429,-1.818239795092423e-06,0.005843122592211045,-0.026715035388457938,-0.026715035388457938,0.120468808716486,1.01418488977676,-1.7692429430090427e-06,2.1797078950062145,0.1011783038331292,0.0036904376666666654,0.0013206355076200668,0.0009810284519655484,0.0005169267557066305,0.0032930326916666636,2.1779596922485194,0.10406190630743903,-0.0017482027576951609,0.0028836024743098265,0.002870638034405758,0.9911067106777478,2.3616089110419693e-07,0.0006853845872868071,-0.002446311782849047,-0.002446311782849047,0.17670409108418042,1.0045162224385953,2.340606439730064e-07]"
/multi_agv/m2b_algorithm_state,1789558500.367358,1789558500.367358,m2b_algorithm_state_v1:header6+3x20,"[1.0,-0.15,0.52,2.1818393945978687,0.10125459916957891,1789558500.3672223,2.180413735577384,0.10107884975923402,0.0036904376666666654,0.0015376386074160957,0.0006955175860805509,0.0005713710017666182,0.004584685874999997,2.177372373797566,0.0991158282460218,-0.0030413617798181747,-0.001963021513212218,-0.0019692622734811746,1.0064052971549025,1.2792521647575876e-07,-0.005770964498253893,0.02275724468674991,0.02275724468674991,0.14195250594996214,0.9968309146257474,1.2874461550089122e-07,2.181393207914908,0.10150678124886536,0.002796189458333334,-0.0009473927649720037,0.001665414136785337,0.0007564288944676145,-0.0017884964166666626,2.178651330901068,0.10984194139629383,-0.0027418770138396553,0.008335160147428466,0.008231738614888314,0.9759820184978818,-1.4071622575426316e-06,0.004804392347588745,-0.02231390372506566,-0.02231390372506566,0.12046880900427272,1.0125637532213545,-1.3733650604704937e-06,2.1807072661156464,0.10117828384402909,0.0036904376666666654,0.0013205839281860234,0.0009810568114580814,0.0005169343616186878,0.0032930326916666636,2.1788725205725354,0.1032630227662922,-0.001834745543110916,0.0020847389222631157,0.0020779214792473744,0.9935114050871641,1.2350493279440431e-07,-0.00021551044964127075,0.0011468290345093422,0.0011468290345093422,0.17670409203509954,1.0032808953965915,1.227035593157644e-07]"
/multi_agv/m2b_algorithm_state,1789558500.377354,1789558500.377354,m2b_algorithm_state_v1:header6+3x20,"[1.0,-0.15,0.52,2.1828357651181554,0.10125459190217746,1789558500.3772068,2.1814150493896194,0.10107880451669674,0.0036904376666666654,0.001537773729264176,0.0006955276326685576,0.0005713072057939247,0.004584685874999997,2.178224375720708,0.09810933970394004,-0.003190673668911348,-0.0029694648127567003,-0.0029838538373120186,1.009799452846861,2.929457406367361e-07,-0.006972195923451203,0.027345236006607217,0.027345236006607217,0.1419525089861953,0.9951777046263498,2.9581644860879455e-07,2.1823945465595367,0.10150675523662481,0.002796189458333334,-0.000947533545300464,0.001665455885004885,0.0007564682011377277,-0.0017884964166666626,2.179747415185199,0.10984194139629383,-0.0026471313743376967,0.008335186159669022,0.00823176396465823,0.9759819419876857,-1.4073802763001024e-06,0.004922849746736109,-0.02274615052766082,-0.02274615052766082,0.12046880726944827,1.012563795008557,-1.3735777351785396e-06,2.181708587844449,0.10117823775541515,0.0036904376666666654,0.0013206752962997455,0.0009810781626077517,0.0005168836507849217,0.0032930326916666636,2.179921683470756,0.10419274772355867,-0.001786904373692888,0.0030145099681435222,0.003000355791490058,0.9907169206205176,2.580718482649499e-07,0.0007667253243739481,-0.0027991228008097313,-0.0027991228008097313,0.1767040861322691,1.0047174994024408,2.5567614681189666e-07]"
/multi_agv/m2b_algorithm_state,1789558500.3873687,1789558500.3873687,m2b_algorithm_state_v1:header6+3x20,"[1.0,-0.15,0.52,2.1838380388356864,0.10125454624983365,1789558500.3872595,2.182411419094558,0.10107883551069013,0.0036904376666666654,0.001537370370505514,0.0006955878930490649,0.0005714507002115176,0.004584685874999997,2.1792063941360627,0.09871291730666702,-0.003205024958495173,-0.0023659182040231125,-0.0023750111281279694,1.0077549907039682,1.85842691021957e-07,-0.006381292326246936,0.025053521464330156,0.025053521464330156,0.14195250306118212,0.9961714183158275,1.8728389936323272e-07,2.183390918703083,0.1015066828652352,0.002796189458333334,-0.0009470888083007818,0.0016654607547832434,0.0007562728891732096,-0.0017884964166666626,2.1805888864561256,0.10888947803399192,-0.00280203224695752,0.0073827951687567145,0.007301059432279242,0.9784867963888592,-1.1045154757043412e-06,0.0037985191235823425,-0.01815727469616371,-0.01815727469616371,0.12046881066565573,1.0111950515176065,-1.0807538093838577e-06,2.182704957556825,0.10117825733060706,0.0036904376666666654,0.001320408888302298,0.0009811165004319777,0.0005169791861999898,0.0032930326916666636,2.1810833243530476,0.10473390908134836,-0.001621633203777506,0.0035556517507412955,0.003536040667265948,0.9891183409560347,3.588208872373252e-07,0.0015089991625440655,-0.005720245540245843,-0.005720245540245843,0.17670409761551054,1.00554605710757,3.549163206845555e-07]"
/multi_agv/m2b_algorithm_state,1789558500.3971932,1789558500.3971932,m2b_algorithm_state_v1:header6+3x20,"[1.0,-0.15,0.52,2.184833975068038,0.10125454150709351,1789558500.3971088,2.1834136801680026,0.1010787732289901,0.0036904376666666654,0.0015376280795600951,0.0006955880137013534,0.0005713389307381214,0.004584685874999997,2.1803072566477972,0.10027571155415282,-0.0031064235202054036,-0.0008030616748372771,-0.0008040970310422913,1.0025863316213786,2.139243138250263e-08,-0.004687126431299046,0.01848961164620435,0.01848961164620435,0.14195250778831406,0.998712398920722,2.1447759304245368e-08,2.184393208311457,0.10150666847012728,0.002796189458333334,-0.0009473623481217304,0.0016655084273122789,0.0007563666608808584,-0.0017884964166666626,2.1818035359394283,0.11040572989377838,-0.002589672372028673,0.0088990614236511,0.008781684746471398,0.9745270925846771,-1.6031653194505104e-06,0.005544594281435557,-0.02531365526395028,-0.02531365526395028,0.12046880793449707,1.013366077303887,-1.562328037696691e-06,2.183707228027599,0.1011781970503836,0.0036904376666666654,0.0013205798431015115,0.0009811345016983225,0.0005168957201204505,0.0032930326916666636,2.1819699254315514,0.10521516597209098,-0.0017373025960476518,0.004036968921707379,0.004011781577193159,0.9877135728523576,4.6242789862495795e-07,0.0018401533321335938,-0.007142278026126794,-0.007142278026126794,0.17670408839900895,1.0062783439301404,4.5674631193746507e-07]"
/multi_agv/m2b_algorithm_state,1789558500.4074068,1789558500.4074068,m2b_algorithm_state_v1:header6+3x20,"[1.0,-0.15,0.52,2.1858476721528057,0.101254421431425,1789558500.4073648,2.1844096166307208,0.10107880934946235,0.0036904376666666654,0.001537190217183956,0.0006956523222052086,0.0005714952754254513,0.004584685874999997,2.1814299490660654,0.10142197550231315,-0.002979667564655397,0.00034316615285079344,0.00034297872159718437,0.9989090522475687,3.902109389848586e-09,-0.0033816057342220623,0.013401884053940301,0.013401884053940301,0.14195250111958754,1.0005464807050894,3.897852392379989e-09,2.1853891448096436,0.10150659382807302,0.002796189458333334,-0.0009468795360235019,0.0016655092248170078,0.0007561569629385423,-0.0017884964166666626,2.182926019235764,0.10960639846398362,-0.002463125573879843,0.008099804635910604,0.008001963496682326,0.9765953765795287,-1.328367878085522e-06,0.0049230565293325226,-0.022622818130147552,-0.022622818130147552,0.12046881178640598,1.0122271414095858,-1.2972779281350798e-06,2.1847031637637495,0.10117822134374514,0.0036904376666666654,0.0013202894393303751,0.000981174131905794,0.0005170009845326933,0.0032930326916666636,2.1828782272152045,0.10452734213720932,-0.0018249365485449864,0.0033491207934641803,0.003331694397025335,0.9897260402897264,3.1836899792646635e-07,0.001050523711344102,-0.003975291580701607,-0.003975291580701607,0.17670410138666562,1.0052304906639709,3.150980876687697e-07]"
/multi_agv/m2b_algorithm_state,1789558500.4175591,1789558500.4175591,m2b_algorithm_state_v1:header6+3x20,"[1.0,-0.15,0.52,2.1868474818927535,0.10125439412108138,1789558500.4174824,2.1854232776903366,0.10107856934372401,0.0036904376666666654,0.0015387045410676656,0.0006955333410003206,0.000570900766175955,0.004584685874999997,2.182359126557642,0.09997521485860839,-0.003064151132694537,-0.001103354485115629,-0.0011053133601414624,1.003565530022115,4.0419055304970785e-08,-0.004935502276009633,0.01948522023960604,0.01948522023960604,0.1419525263937536,0.9982277649972651,4.056317066012618e-08,2.186402886271544,0.10150668717905241,0.002796189458333334,-0.0009485164163692975,0.0016656423562153577,0.0007567972428822178,-0.0017884964166666626,2.184016956490722,0.10960639846398362,-0.0023859297808219715,0.008099711284931213,0.008001872458429196,0.9765956517396175,-1.3306331154299952e-06,0.0050194602324017314,-0.0229758034439869,-0.0229758034439869,0.12046879716718834,1.0122269914960909,-1.2994905145896737e-06,2.185716852496536,0.10117800777149859,0.0036904376666666654,0.0013212969396958498,0.0009811508426392336,0.0005165763861399147,0.0032930326916666636,2.1839215905751153,0.10505337805333653,-0.0017952619214205434,0.003875370281837945,0.0038521304077984695,0.9881833899237378,4.2643271040306383e-07,0.0016080530060227903,-0.0062286045921900735,-0.0062286045921900735,0.17670405207640055,1.0060329925467806,4.2139372134046716e-07]"
/multi_agv/m2b_algorithm_state,1789558500.4274218,1789558500.4274218,m2b_algorithm_state_v1:header6+3x20,"[1.0,-0.15,0.52,2.18784256884869,0.10125439669699987,1789558500.4272904,2.1864230798651088,0.10107855732248076,0.0036904376666666654,0.0015386018077743749,0.0006955566913955371,0.0005709331505597378,0.004584685874999997,2.182941237642602,0.09904620713490231,-0.0034818422225066925,-0.002032350187578455,-0.00203904306385536,1.006636715080369,1.3721313529585552e-07,-0.006391345841988726,0.024970008471915914,0.024970008471915914,0.1419525266933126,0.9967176385847142,1.3812377978009823e-07,2.187402706286089,0.10150663659887865,0.002796189458333334,-0.00094839235753415,0.0016656731800059887,0.0007567274333918628,-0.0017884964166666626,2.18440979401572,0.10626272000574431,-0.002992912270368908,0.0047560834068656604,0.004721471802684384,0.9857100884919504,-4.6000285132167173e-07,0.0009803314647232487,-0.006655658689663239,-0.006655658689663239,0.12046879699655692,1.0073306811154943,-4.5342945128283454e-07,2.186716659527063,0.10117798844188468,0.0036904376666666654,0.001321239290836703,0.0009811741980677363,0.0005165892257541944,0.0032930326916666636,2.1848136545961863,0.10589998801840596,-0.001903004930876584,0.00472199957652128,0.004687718363997786,0.9857418069450472,6.326562510579249e-07,0.0023089622004020564,-0.009164110430452399,-0.009164110430452399,0.17670405147417914,1.0073129846679307,6.236357160929183e-07]"
/multi_agv/m2b_algorithm_state,1789558500.4373896,1789558500.4373896,m2b_algorithm_state_v1:header6+3x20,"[1.0,-0.15,0.52,2.188837468556542,0.10125439940953966,1789558500.4372826,2.187418168956,0.10107861551392522,0.0036904376666666654,0.001538004376960158,0.0006956282622849308,0.0005711548839985451,0.004584685874999997,2.183932259598426,0.09944781967732619,-0.0034859093575740907,-0.0016307958365990305,-0.0016350922053747397,1.0053014043143795,8.829020607114493e-08,-0.005992478902342353,0.023416490476369605,0.023416490476369605,0.14195251849364793,0.9973723996961233,8.875826815052796e-08,2.1883977915964414,0.10150654446666267,0.002796189458333334,-0.0009477309633040545,0.0016656682432532044,0.000756443308988386,-0.0017884964166666626,2.1854706878582886,0.10626272000574431,-0.0029271037381528586,0.004756175539081642,0.004721562574276692,0.9857098085677926,-4.5970002061724e-07,0.0010626829015856184,-0.006952117231667093,-0.006952117231667093,0.12046880173573271,1.0073308283561724,-4.5313081932122993e-07,2.1877117459936297,0.10117803011041174,0.0036904376666666654,0.0013208505599643767,0.0009812142480911225,0.0005167368927059077,0.0032930326916666636,2.1858448176887753,0.10563484528337355,-0.001866928304854465,0.004456815172961814,0.004426214437863688,0.986501265830786,5.635449294104858e-07,0.0020925540567956072,-0.008254670050934155,-0.008254670050934155,0.17670406751336717,1.0069135229500754,5.559377862159652e-07]"
/multi_agv/m2b_algorithm_state,1789558500.4474745,1789558500.4474745,m2b_algorithm_state_v1:header6+3x20,"[1.0,-0.15,0.52,2.1898409353639186,0.10125434646558162,1789558500.4473453,2.1884130713788728,0.10107867078851275,0.0036904376666666654,0.0015374311459175603,0.0006957022721601361,0.0005713648592283539,0.004584685874999997,2.184984913897215,0.10014545629372452,-0.003428157481657923,-0.0009332144947882259,-0.000934614023582064,1.0030099259003038,2.888741579857085e-08,-0.005219810875654467,0.020424575313834157,0.020424575313834157,0.14195250994753852,0.9985025596037237,2.8974364779575815e-08,2.1893926886645634,0.10150645698261183,0.002796189458333334,-0.0009470972142932065,0.0016656603240656764,0.000756172719216533,-0.0017884964166666626,2.1867896760741323,0.10753728260836315,-0.002603012590431053,0.006030825625751315,0.0059757148392851145,0.9821464081254968,-7.378635002426407e-07,0.0027219491012462982,-0.013568584703486965,-0.013568584703486965,0.12046880669058234,1.0092224592284584,-7.246899864502162e-07,2.1887066456261883,0.10117807045749438,0.0036904376666666654,0.0013204726662021872,0.0009812559414396297,0.0005168790074392042,0.0032930326916666636,2.186943877133776,0.10594368570955885,-0.0017627684924121922,0.004765615252064467,0.004730709483851598,0.9856173764732474,6.440010511773622e-07,0.002527248868336358,-0.009973781364369062,-0.009973781364369062,0.17670408418391545,1.0073785482562438,6.347386265074453e-07]"
/multi_agv/m2b_algorithm_state,1789558500.4572465,1789558500.4572465,m2b_algorithm_state_v1:header6+3x20,"[1.0,-0.15,0.52,2.190838255947076,0.10125433356369933,1789558500.456966,2.189416523709636,0.10107859086246514,0.0036904376666666654,0.0015378159555982512,0.000695689143008415,0.0005712048887745205,0.004584685874999997,2.186106985291218,0.09997939236789527,-0.0033095384184180787,-0.0010991984945698668,-0.0011011425789782157,1.003551932169474,4.009185324028776e-08,-0.005238065602000814,0.02055261036179823,0.02055261036179823,0.14195251682979573,0.9982344843933354,4.023425678354576e-08,2.190396173575537,0.10150645349352035,0.002796189458333334,-0.0009475046653593289,0.0016657146348544316,0.0007563210838161666,-0.0017884964166666626,2.1878564072041855,0.10753728260836315,-0.0025397663713513374,0.006030829114842803,0.005975718263414021,0.982146397646581,-7.38181800485945e-07,0.0028010102992248494,-0.013855356760376717,-0.013855356760376717,0.12046880271053262,1.0092224648150157,-7.25002596155538e-07,2.189710108806583,0.10117799504075939,0.0036904376666666654,0.0013207286289378187,0.0009812682278227845,0.0005167616663680429,0.0032930326916666636,2.188049307351817,0.10691877949522198,-0.0016608014547663252,0.005740784454462591,0.005690507764080631,0.9828688982222303,9.339730695825495e-07,0.0036145059456227247,-0.014389723676791425,-0.014389723676791425,0.1767040707436601,1.0088351852710429,9.179730818698349e-07]"
/multi_agv/m2b_algorithm_state,1789558500.4670494,1789558500.4670494,m2b_algorithm_state_v1:header6+3x20,"[1.0,-0.15,0.52,2.191839349361063,0.10125429608346075,1789558500.4669187,2.1904138423158437,0.10107860790069817,0.0036904376666666654,0.001537514745942267,0.0006957383104784216,0.0005713098757584134,0.004584685874999997,2.1870970448797764,0.09976478505233356,-0.003316797436067276,-0.001313822848364607,-0.0013166047318560305,1.0042557561748129,5.7273772216711646e-08,-0.005462601526940125,0.021427034342946096,0.021427034342946096,0.14195251264143316,0.9978870777051653,5.751751542647774e-08,2.191393497152041,0.101506390069383,0.002796189458333334,-0.0009471657804541733,0.001665723614896475,0.0007561695170510141,-0.0017884964166666626,2.1886523792802435,0.10526888217998517,-0.002741117871797538,0.0037624921106021725,0.0037406661860339883,0.9885647473445728,-2.877327646263229e-07,0.0003142688462870655,-0.0037896284195138834,-0.0037896284195138834,0.1204688051205696,1.0058347693920597,-2.8444246776557636e-07,2.190707428373342,0.10117800272101682,0.0036904376666666654,0.0013205306567132574,0.0009813012999115196,0.0005168302765496654,0.0032930326916666636,2.189182251563351,0.10673538011709902,-0.0015251768099910912,0.005557377396082197,0.005510195760631814,0.9833808757347353,8.752483416602392e-07,0.0036037247481429504,-0.014257959412445632,-0.014257959412445632,0.1767040789367844,1.0085626060307107,8.607024807072209e-07]"
/multi_agv/m2b_algorithm_state,1789558500.4770432,1789558500.4770432,m2b_algorithm_state_v1:header6+3x20,"[1.0,-0.15,0.52,2.192839099173004,0.10125426746441452,1789558500.4769273,2.1914149262293257,0.10107856492204191,0.0036904376666666654,0.0015376394005821702,0.0006957490139184225,0.0005712502752434872,0.004584685874999997,2.1880738084297167,0.09969641412571432,-0.0033411177996089947,-0.0013821507963275859,-0.0013852311460937307,1.004480538259505,6.33940384415251e-08,-0.005561628395604974,0.021802632358335176,0.021802632358335176,0.14195251526564068,0.9977762918666453,6.36780778561869e-08,2.192394602609667,0.10150636421900798,0.002796189458333334,-0.0009472896297819553,0.0016657597458111795,0.0007562044066417029,-0.0017884964166666626,2.189701345899638,0.10526888217998517,-0.002693256710028624,0.0037625179609771936,0.00374069173303926,0.9885646680905058,-2.8777437028714815e-07,0.00037412084550347965,-0.004004979265477632,-0.004004979265477632,0.12046880362555745,1.005834810643485,-2.8448357484786893e-07,2.1917085192441967,0.10117795910933235,0.0036904376666666654,0.0013206141016278857,0.0009813213800947016,0.000516783661222737,0.0032930326916666636,2.1900977978702736,0.10515486361897822,-0.0016107213739231518,0.0039769045096458705,0.003952449825110832,0.9878879593461741,4.4880289941796717e-07,0.0019390481077068925,-0.007469116508435913,-0.007469116508435913,0.17670407385554956,1.0061872220058738,4.433669804546618e-07]"
/multi_agv/m2b_algorithm_state,1789558500.4870143,1789558500.4870143,m2b_algorithm_state_v1:header6+3x20,"[1.0,-0.15,0.52,2.193840519005162,0.10125422815869871,1789558500.4869087,2.192414669321426,0.10107854352842166,0.0036904376666666654,0.001537611597233794,0.0006957730955265084,0.0005712498003094006,0.004584685874999997,2.1890862691709234,0.0999128422808593,-0.0033284001505027305,-0.0011657012475623646,-0.0011678887844459166,1.0037696581882454,4.5085871290946294e-08,-0.00532838897257433,0.020896950311368078,0.020896950311368078,0.14195251545883827,0.9981269304811505,4.5255829614832384e-08,2.1933943611161433,0.10150632493706878,0.002796189458333334,-0.0009472471347519518,0.0016657858294175654,0.0007561724179628165,-0.0017884964166666626,2.190659876882306,0.10617915962537205,-0.0027344842338372644,0.004672834688303276,0.0046394027128722915,0.9859466072418674,-4.435340333630053e-07,0.001221297420575711,-0.007484096830758802,-0.007484096830758802,0.12046880351208777,1.007206094728148,-4.3730087539055633e-07,2.192708267081443,0.10117793392775308,0.0036904376666666654,0.0013205971018782998,0.0009813457311908195,0.0005167783631889367,0.0032930326916666636,2.1912524931408375,0.10649424361094173,-0.001455773940605365,0.00531630968318865,0.00527305288972673,0.9840572736951165,8.011590397240515e-07,0.003453335463970024,-0.013592286750074501,-0.013592286750074501,0.17670407350178838,1.0082033680235212,7.883863804270477e-07]"
/multi_agv/m2b_algorithm_state,1789558500.4970777,1789558500.4970777,m2b_algorithm_state_v1:header6+3x20,"[1.0,-0.15,0.52,2.1948376155657,0.10125421675875494,1789558500.4969478,2.1934160791193893,0.1010784965109565,0.0036904376666666654,0.0015377654374263586,0.0006957798594974026,0.0005711795981759582,0.004584685874999997,2.189975264302735,0.09984846496032422,-0.0034408148166544805,-0.0012300315506322823,-0.0012324683749519916,1.0039805805214268,5.020662132398902e-08,-0.0055334868957700924,0.021646311417691317,0.021646311417691317,0.14195251863410252,0.9980228098592758,5.040647282287794e-08,2.1943957936737286,0.10150630130195262,0.002796189458333334,-0.0009474014043645848,0.0016658240056992568,0.0007562194297617147,-0.0017884964166666626,2.191715255894393,0.10617915962537205,-0.0026805377793355234,0.004672858323419432,0.004639426004922716,0.9859465353769449,-4.4361079456516813e-07,0.001288753780753312,-0.007727540179871654,-0.007727540179871654,0.12046880167227769,1.0072061324959687,-4.3737652595734116e-07,2.1937096842223687,0.10117788666318703,0.0036904376666666654,0.001320701059154257,0.0009813639705033026,0.000516723814090389,0.0032930326916666636,2.192236810014767,0.10768045996619202,-0.00147287420760156,0.006502573303004994,0.00643844305419071,0.9807667387226467,1.197516452338837e-06,0.00459735029468876,-0.018342037143139603,-0.018342037143139603,0.17670406725533153,1.009960521243182,1.174484305527075e-06]"
/multi_agv/m2b_algorithm_state,1789558500.5071304,1789558500.5071304,m2b_algorithm_state_v1:header6+3x20,"[1.0,-0.15,0.52,2.195841142672027,0.10125416371451952,1789558500.5070102,2.1944131744568813,0.10107851642219369,0.0036904376666666654,0.001537446555087679,0.0006958304135531884,0.0005712915243118784,0.004584685874999997,2.1910200508022353,0.10071289896240042,-0.0033931236546460575,-0.00036561745979327154,-0.00036583136129314774,1.0011716982791428,4.432348803442194e-09,-0.00460723592960072,0.018036170917890657,0.018036170917890657,0.14195251405058304,0.999415300265346,4.4375421789077475e-09,2.195392892251853,0.10150623687286775,0.002796189458333334,-0.0009470416565901477,0.0016658300584588837,0.0007560603423384382,-0.0017884964166666626,2.192801190279515,0.10597190840275766,-0.002591701972337823,0.004465671529889914,0.004435089718465367,0.986537379823891,-4.050574796039381e-07,0.0011954622530430878,-0.007292100934611987,-0.007292100934611987,0.12046880430753308,1.0068954211449705,-3.9960434460653826e-07,2.1947067799883655,0.10117789698120337,0.0036904376666666654,0.001320491250083706,0.0009813969690775082,0.0005167975933255556,0.0032930326916666636,2.1932882365523803,0.10691696702793978,-0.0014185434359852422,0.005739070046736405,0.005688822653838364,0.982873649878633,9.332492703220885e-07,0.003915643358856811,-0.015478922516278462,-0.015478922516278462,0.17670407619526374,1.0088326523703701,9.172661165680422e-07]"
/multi_agv/m2b_algorithm_state,1789558500.5170681,1789558500.5170681,m2b_algorithm_state_v1:header6+3x20,"[1.0,-0.15,0.52,2.1968348856699453,0.1012541737730744,1789558500.516864,2.1954166874035415,0.10107843569361431,0.0036904376666666654,0.0015378404909872864,0.0006958152097454645,0.0005711286771591242,0.004584685874999997,2.1921463357361035,0.10169550571658524,-0.003270351667437943,0.0006170700229709281,0.0006164652326105173,0.9980443735549034,1.2619991316755063e-08,-0.0034714743516869114,0.01361021397077348,0.01361021397077348,0.1419525210158535,1.0009810615885826,1.2595311327999127e-08,2.19639643703485,0.10150623452502773,0.002796189458333334,-0.0009474561632874341,0.0016658830884694886,0.0007562124315246277,-0.0017884964166666626,2.193865928934928,0.10597190840275766,-0.0025305080999222795,0.004465673877729934,0.004435092033706628,0.9865373726715854,-4.0523519719372754e-07,0.0012719569088037782,-0.007568205887694999,-0.007568205887694999,0.12046880027178067,1.0068954248955568,-3.9977966675355175e-07,2.1957103035776893,0.10117782092491652,0.0036904376666666654,0.0013207540228594313,0.0009814075525955033,0.0005166781861262897,0.0032930326916666636,2.194281313307491,0.10607219867819354,-0.0014289902701980495,0.0048943777532770155,0.004857596299625808,0.9852506934966409,6.793475898373807e-07,0.0030713584618782463,-0.012000796390318483,-0.012000796390318483,0.1767040625080379,1.0075719453372527,6.693276840125508e-07]"
/multi_agv/m2b_algorithm_state,1789558500.5270422,1789558500.5270422,m2b_algorithm_state_v1:header6+3x20,"[1.0,-0.15,0.52,2.1978413540294035,0.10125410131880619,1789558500.5269473,2.196410436048817,0.10107850669989772,0.0036904376666666654,0.0015371617260295078,0.0006958992103777812,0.000571379200304814,0.004584685874999997,2.1932270268965373,0.10169158380721795,-0.0031834091522795482,0.0006130771073202257,0.0006124801010976304,0.998056941717323,1.2451730925643682e-08,-0.0033667813392518047,0.013238700503968803,0.013238700503968803,0.14195251041599335,1.0009747357041077,1.2427536486734945e-08,2.1973901736716215,0.10150613931974199,0.002796189458333334,-0.0009467047370233421,0.001665864005027995,0.0007558966400027511,-0.0017884964166666626,2.1949554609617743,0.10621373382854808,-0.0024347127098471866,0.00470759450880609,0.004673672234934093,0.9858477305196996,-4.4988744361359983e-07,0.00163028134762511,-0.00897526617243457,-0.00897526617243457,0.12046880641093649,1.0072581627822421,-4.4352051527577673e-07,2.196704047289398,0.10117787529958351,0.0036904376666666654,0.001320305115427548,0.0009814517032905598,0.0005168498043194299,0.0032930326916666636,2.1955114964409868,0.10735538480851754,-0.0011925508484114111,0.0061775095089340315,0.006119486468805654,0.9816589427947728,1.0807476706161896e-06,0.0046287979082913905,-0.0182876085714315,-0.0182876085714315,0.17670408332336573,1.0094816845211037,1.060925615765002e-06]"
/multi_agv/m2b_algorithm_state,1789558500.5370116,1789558500.5370116,m2b_algorithm_state_v1:header6+3x20,"[1.0,-0.15,0.52,2.198837803968594,0.10125409445547272,1789558500.5369084,2.1974168843968176,0.10107837816311004,0.0036904376666666654,0.001537895986612932,0.000695853391870127,0.0005710847607141715,0.004584685874999997,2.1940468000228157,0.09992930983681875,-0.0033700843740018804,-0.0011490683262912887,-0.0011511936206264376,1.0037151814272407,4.381606583168727e-08,-0.005363799088128788,0.021016132365311135,0.021016132365311135,0.1419525226654374,0.9981538341621521,4.397885046567991e-08,2.1983966667146775,0.10150616730673544,0.002796189458333334,-0.0009474887515650504,0.001665938055821936,0.0007561979637877303,-0.0017884964166666626,2.19607701532123,0.10688508117194659,-0.002319651393447586,0.005378913865211152,0.0053348538854923,0.9839550148717192,-5.875184832936157e-07,0.0024352896436828173,-0.012209488995112403,-0.012209488995112403,0.12046879930887604,1.0082588915581492,-5.780917579665796e-07,2.1977105109767154,0.10117775848657311,0.0036904376666666654,0.0013207925414968906,0.0009814518357612158,0.0005166384548806451,0.0032930326916666636,2.1966422755878194,0.10766822940491216,-0.0010682353888959994,0.006490470918339056,0.0064265731240604265,0.9807997940725376,1.1931583559572416e-06,0.005091278887940427,-0.020127437140703204,-0.020127437140703204,0.17670405932503927,1.0099427475647016,1.17024946981879e-06]"
/multi_agv/m2b_algorithm_state,1789558500.5470932,1789558500.5470932,m2b_algorithm_state_v1:header6+3x20,"[1.0,-0.15,0.52,2.199838002859572,0.10125406305198688,1789558500.5469725,2.198413334664657,0.10107840904953139,0.0036904376666666654,0.0015375014749197057,0.0006959093837899388,0.0005712266405441979,0.004584685874999997,2.1949668768236537,0.09948829027261422,-0.00344645784100317,-0.001590118776917171,-0.0015942022494864997,1.0051668172435877,8.391101648312211e-08,-0.005902274550740462,0.023082630775060547,0.023082630775060547,0.14195251690410535,0.9974385479818235,8.434456937001408e-08,2.1993931168058976,0.10150609622317133,0.002796189458333334,-0.00094704483453682,0.0016659385119104364,0.0007560053030958441,-0.0017884964166666626,2.197148055319503,0.10659981876861381,-0.002245061486394473,0.005093722545442478,0.005054124427560779,0.9847553138398003,-5.26743203077131e-07,0.0022477975695676883,-0.011391696940413688,-0.011391696940413688,0.12046880264427512,1.007834812626647,-5.187131682592018e-07,2.198706960435228,0.10117777809371543,0.0036904376666666654,0.0013205338673778107,0.000981485888625122,0.0005167328668063682,0.0032930326916666636,2.197681464444187,0.107088973573366,-0.001025495991040959,0.005911195479650563,0.005857958915178882,0.9823951930267315,9.899618664868246e-07,0.004576088926377684,-0.017958261433962956,-0.017958261433962956,0.17670407057172346,1.0090879033538007,9.725337789164273e-07]"
/multi_agv/m2b_algorithm_state,1789558500.5569713,1789558500.5569713,m2b_algorithm_state_v1:header6+3x20,"[1.0,-0.15,0.52,2.2008348154669264,0.10125405332875116,1789558500.5568495,2.1994135264350314,0.10107837948681214,0.0036904376666666654,0.0015375364687880378,0.0006959273268484442,0.0005712021385935069,0.004584685874999997,2.1960625237839873,0.1008508207242139,-0.003351002651044155,-0.00022755876259823726,-0.0002276415368469039,1.0007281227806826,1.716923845969031e-09,-0.004416394850652097,0.01730537229343939,0.01730537229343939,0.14195251792310498,0.9996363833691637,1.7181739773339783e-09,2.2003933247656096,0.10150606344580829,0.002796189458333334,-0.0009470679755947823,0.0016659657181121723,0.0007560011814641832,-0.0017884964166666626,2.1982094552174067,0.10659981876861381,-0.0021838695482028214,0.005093755322805524,0.005054156687288729,0.9847552145570342,-5.267629177813494e-07,0.0023243197520352024,-0.011668082408052439,-0.011668082408052439,0.1204688020753386,1.0078348650362157,-5.187325301204621e-07,2.1997071573780755,0.10117774622334025,0.0036904376666666654,0.0013205581936875832,0.0009815072475902083,0.0005167112119256038,0.0032930326916666636,2.198711854364752,0.10671570437431005,-0.0009953030133234009,0.005537958150969802,0.005491098552740273,0.9834351584880549,8.691750652031777e-07,0.0042469697860860215,-0.016574544047743875,-0.016574544047743875,0.17670406860840276,1.0085337383365929,8.547773180019525e-07]"
/multi_agv/m2b_algorithm_state,1789558500.5672398,1789558500.5672398,m2b_algorithm_state_v1:header6+3x20,"[1.0,-0.15,0.52,2.201836765304539,0.1012540102700603,1789558500.5670445,2.2004103388239162,0.10107840145407866,0.0036904376666666654,0.001537208139756456,0.0006959795193758993,0.0005713173072480035,0.004584685874999997,2.196993554308211,0.10263906724779068,-0.0034167845157053733,0.0015606657937120155,0.0015568247066854077,0.9951067306162965,8.063700286561036e-08,-0.002714155937946309,0.010519391328575222,0.010519391328575222,0.1419525128304371,1.002467257238476,8.024242428829445e-08,2.2013901380146486,0.10150599969216187,0.002796189458333334,-0.0009466963447209483,0.0016659676431665105,0.0007558390902321077,-0.0017884964166666626,2.1987115839256117,0.10661726426340964,-0.002678554089036833,0.0051112645712477756,0.0050713985442501245,0.9847059061901821,-5.301751277553866e-07,0.0017232059329540831,-0.009505358207666603,-0.009505358207666603,0.12046880502628123,1.0078609532754728,-5.220665796158635e-07,2.2007039695622144,0.10117775884001297,0.0036904376666666654,0.0013203407241993699,0.00098154026358348,0.0005167883026069705,0.0032930326916666636,2.1994523018642314,0.10683212751396406,-0.0012516676979830166,0.005654368673951096,0.0056055618148136655,0.9831097850486422,9.058651643827384e-07,0.004040977192334895,-0.01588930681093783,-0.01588930681093783,0.17670407858003748,1.0087068630674003,8.905649070393669e-07]"
/multi_agv/m2b_algorithm_state,1789558500.5770154,1789558500.5770154,m2b_algorithm_state_v1:header6+3x20,"[1.0,-0.15,0.52,2.2028401762676366,0.10125395833650286,1789558500.5768723,2.2014122781337955,0.10107834244760415,0.0036904376666666654,0.0015374539385197288,0.0006959792399415573,0.0005712109085309808,0.004584685874999997,2.197912874955859,0.10094267135554928,-0.003499403177936511,-0.0001356710920548676,-0.00013570049437760414,1.0004336573769583,6.10221310796045e-10,-0.0045099544667982425,0.017601095819753276,0.017601095819753276,0.14195251697855757,0.9997833292879927,6.104859377690489e-10,2.2023921009382965,0.10150598627349623,0.002796189458333334,-0.0009469485944332439,0.0016660069012726098,0.0007559280103078131,-0.0017884964166666626,2.199830354470065,0.10717551073829196,-0.002561746468231707,0.005669524464795725,0.005620683707723229,0.9831451379243178,-6.521932864580617e-07,0.0024185006224335956,-0.01229129031666884,-0.01229129031666884,0.12046880262145053,1.0086894690418862,-6.412006585681252e-07,2.201705916841525,0.1011777020890805,0.0036904376666666654,0.0013205033625275347,0.0009815554863431778,0.0005167098866676726,0.0032930326916666636,2.200491455287368,0.10622650158297783,-0.0012144615541571646,0.005048799493897332,0.005009706508039747,0.9848124712329529,7.226657575065973e-07,0.003491629565343291,-0.013595792124457657,-0.013595792124457657,0.17670407049108436,1.007803448324737,7.11690250525506e-07]"
/multi_agv/m2b_algorithm_state,1789558500.5869749,1789558500.5869749,m2b_algorithm_state_v1:header6+3x20,"[1.0,-0.15,0.52,2.2038397183479486,0.10125393196559003,1789558500.5868888,2.2024156756057605,0.10107826353277845,0.0036904376666666654,0.001537839707917865,0.0006959633717384499,0.0005710519468150651,0.004584685874999997,2.1993189036653473,0.09899204663162911,-0.0030967719404131344,-0.0020862169011493376,-0.0020932721511646556,1.0068167742104672,1.445168427465901e-07,-0.005964237076681074,0.023483850744879374,0.023483850744879374,0.14195252374230652,0.9966295591276116,1.455019814332032e-07,2.2033955287175075,0.10150598381790257,0.002796189458333334,-0.0009473515703519661,0.0016660573496118936,0.0007560764441991857,-0.0017884964166666626,2.2013923010140948,0.10737900354185267,-0.002003227703412769,0.005873019723950101,0.005820691681336017,0.9825814712206931,-7.000336392790588e-07,0.0033166570520700564,-0.01564349372459404,-0.01564349372459404,0.12046879869565637,1.0089900041917481,-6.878400831867936e-07,2.2027093244796427,0.10117762765882751,0.0036904376666666654,0.001320761617873839,0.0009815647579488832,0.0005165931200020709,0.0032930326916666636,2.2020748132255137,0.10672260648931199,-0.0006345112541290554,0.005544978830484479,0.005498002789895526,0.9834154815734087,8.715099737048924e-07,0.004704863722234207,-0.018234069015971077,-0.018234069015971077,0.17670405724942215,1.0085442009369818,8.570564004870255e-07]"
/multi_agv/m2b_algorithm_state,1789558500.5969477,1789558500.5969477,m2b_algorithm_state_v1:header6+3x20,"[1.0,-0.15,0.52,2.2048392524818587,0.10125390560858409,1789558500.5968387,2.2034152120813943,0.10107824716427333,0.0036904376666666654,0.0015377825309512228,0.0006959866059456305,0.0005710646449120114,0.004584685874999997,2.2002533776899202,0.09922043488316121,-0.0031618343914741054,-0.00185781228111212,-0.0018633976335720515,1.0060548778929532,1.1458324279517055e-07,-0.0058156906229146835,0.022876237182601258,0.022876237182601258,0.1419525235630648,0.9970025976424448,1.1527703033887392e-07,2.2043950781441417,0.1015059421452795,0.002796189458333334,-0.0009472721165918281,0.0016660793885794334,0.0007560305390684197,-0.0017884964166666626,2.2024607850234323,0.10737900354185267,-0.0019342931207093628,0.005873061396573176,0.005820732597823393,0.9825813458836828,-6.99984969801721e-07,0.0034028661969366892,-0.015955534286324326,-0.015955534286324326,0.12046879881256517,1.0089900709009294,-6.877921737261241e-07,2.2037088648183096,0.10117760658721725,0.0036904376666666654,0.0013207279171112449,0.0009815868005414782,0.0005165962619840996,0.0032930326916666636,2.2031849687418354,0.10727106619563483,-0.000523896076474184,0.006093459608417576,0.006036968181888558,0.9818907279610659,1.0519496274258765e-06,0.005382098086295828,-0.020972820689622352,-0.020972820689622352,0.17670405759194507,1.009357582287496,1.032899585451566e-06]"
/multi_agv/m2b_algorithm_state,1789558500.6069882,1789558500.6069882,m2b_algorithm_state_v1:header6+3x20,"[1.0,-0.15,0.52,2.205835443673825,0.1012539004793994,1789558500.606903,2.20441474071553,0.10107823036212522,0.0036904376666666654,0.0015377293992027944,0.0006960098039640698,0.0005710756084020467,0.004584685874999997,2.2013338456189917,0.1007343088547086,-0.0030808950965384163,-0.00034392150741661964,-0.0003441107457854265,1.001101902719702,3.9225875345370296e-09,-0.004195229616458447,0.01656714864992948,0.01656714864992948,0.14195252333730776,0.9994500655061646,3.9269098444096045e-09,2.2053946194615737,0.10150590117323462,0.002796189458333334,-0.0009471968291639311,0.0016661009391452097,0.000755986693951563,-0.0017884964166666626,2.2035413368055736,0.10743101476380744,-0.0018532826560000437,0.0059251135905728225,0.0058718743408496645,0.9824376053226991,-7.123609801282044e-07,0.00355527102084961,-0.01653353159401523,-0.01653353159401523,0.12046879891731575,1.0090668237487272,-6.99850215442484e-07,2.204708397268472,0.10117758529039245,0.0036904376666666654,0.0013206963885407153,0.000981608773698817,0.0005165984985266952,0.0032930326916666636,2.204279304869345,0.1065839343377727,-0.000429092399127029,0.005406349047380257,0.005361645166947386,0.9838040897285546,8.285297791018909e-07,0.0048252796680386,-0.018597497347140324,-0.018597497347140324,0.17670405797797942,1.0083377170702108,8.151109851423361e-07]"
/multi_agv/m2b_algorithm_state,1789558500.6171095,1789558500.6171095,m2b_algorithm_state_v1:header6+3x20,"[1.0,-0.15,0.52,2.206840139275544,0.10125384029546043,1789558500.6169455,2.20541093323898,0.10107826351728487,0.0036904376666666654,0.001537324525677738,0.0006960669290347887,0.0005712213902673843,0.004584685874999997,2.202405397895456,0.1006539339371829,-0.0030055353435241017,-0.00042432958010196753,-0.00042461782427726126,1.0013607619027685,5.9699469192946755e-09,-0.0041815370036823885,0.016550023663712707,0.016550023663712707,0.1419525171392644,0.9993211679802081,5.978070595624002e-09,2.2063908094547258,0.10150583060699803,0.002796189458333334,-0.0009467396274199674,0.0016660973427038428,0.0007557903827959123,-0.0017884964166666626,2.2046187830793946,0.10743101476380744,-0.0017720263753311372,0.005925184156809413,0.005871943615627155,0.9824373931835862,-7.120342776137673e-07,0.003656910646463234,-0.01690113206717911,-0.01690113206717911,0.12046880252458331,1.0090669367193117,-6.995290995562275e-07,2.2057045883277677,0.10117760731391527,0.0036904376666666654,0.0013204298987231958,0.0009816424420612258,0.0005166964982664898,0.0032930326916666636,2.2052940520201036,0.1060758455697034,-0.0004105363076640778,0.004898238255788126,0.004861399732795389,0.9852396749256705,6.802512852160123e-07,0.004348229348215292,-0.016611705736927822,-0.016611705736927822,0.1767040701605231,1.0075777605252703,6.702105551139936e-07]"
/multi_agv/m2b_algorithm_state,1789558500.6269717,1789558500.6269717,m2b_algorithm_state_v1:header6+3x20,"[1.0,-0.15,0.52,2.20783940299389,0.10125381600503346,1789558500.6268911,2.2064156130286228,0.10107816369925407,0.0036904376666666654,0.0015378613724210933,0.0006960370946451633,0.000571004207289974,0.004584685874999997,2.2029374954388667,0.09942640563241444,-0.0034781175897560246,-0.0016517580668396342,-0.0016561663190842175,1.0053708489393605,9.056759839275256e-08,-0.006003813306279249,0.023464052048301934,0.023464052048301934,0.1419525262146068,0.9973382792574715,9.10540232825207e-08,2.207395524619609,0.10150584200459813,0.002796189458333334,-0.0009473054709588607,0.0016661560321948876,0.0007560051274130702,-0.0017884964166666626,2.2050898794672147,0.10636572588430566,-0.0023056451523943977,0.004859883879707538,0.004823773297771836,0.9854156063813537,-4.797126252460404e-07,0.0019417168572788386,-0.010173055812619304,-0.010173055812619304,0.12046879726466682,1.0074859616542058,-4.7271630749561805e-07,2.2067092801784005,0.10117751518252911,0.0036904376666666654,0.001320787853457891,0.000981646489514043,0.0005165392331949398,0.0032930326916666636,2.2058066931296474,0.10666384298958036,-0.0009025870487531229,0.0054863278070512445,0.005440319578242202,0.9835797112641234,8.532289372659578e-07,0.004312085767300799,-0.01678325038371028,-0.01678325038371028,0.17670405238392434,1.0084568981927176,8.392186717582456e-07]"
/multi_agv/m2b_algorithm_state,1789558500.637049,1789558500.637049,m2b_algorithm_state_v1:header6+3x20,"[1.0,-0.15,0.52,2.20884264014348,0.1012537661939102,1789558500.6369476,2.2074148719819076,0.1010781517389722,0.0036904376666666654,0.001537775792249538,0.0006960622987258521,0.0005710281923787417,0.004584685874999997,2.2037682538077616,0.09818996831635872,-0.0036466181741459103,-0.0028881834226134745,-0.002901787310262113,1.0095226175323715,2.7711461667765795e-07,-0.007460060027944501,0.029030609097602918,0.029030609097602918,0.14195252552718587,0.9953118936041492,2.7975347318490904e-07,2.208394794638184,0.10150579827920439,0.002796189458333334,-0.0009471936450708212,0.0016661749328825692,0.0007559468225128291,-0.0017884964166666626,2.206142931637724,0.10636572588430566,-0.002251863000459764,0.004859927605101275,0.0048238163636346474,0.9854154736548509,-4.796647066144953e-07,0.0020089876130599425,-0.010415719870607496,-0.010415719870607496,0.12046879766020772,1.0074860315452427,-4.7266902406403804e-07,2.2077085423615777,0.10117749799692376,0.0036904376666666654,0.0013207355164030592,0.0009816685920952754,0.000516550422081056,0.0032930326916666636,2.206921799987579,0.1072841251834278,-0.0007867423739984503,0.006106627186504038,0.006049896980068285,0.98185434561877,1.0564960991592643e-06,0.005066469012570222,-0.019836161620637113,-0.019836161620637113,0.1767040537391021,1.009377053299032,1.0373252860888028e-06]"
/multi_agv/m2b_algorithm_state,1789558500.6471558,1789558500.6471558,m2b_algorithm_state_v1:header6+3x20,"[1.0,-0.15,0.52,2.209840885087087,0.10125374903807083,1789558500.6469946,2.2084180963815556,0.10107807856043369,0.0036904376666666654,0.0015381236138317647,0.0006960466459413608,0.0005708855674197375,0.004584685874999997,2.2046947580245466,0.09787468170171616,-0.0037233383570089984,-0.003203396858717525,-0.0032201719151665554,1.010599301377187,3.410499113508296e-07,-0.007874344861427802,0.030592459847336672,0.030592459847336672,0.14195253199483207,0.9947906332671176,3.4466480214589996e-07,2.2093980478006863,0.10150579192378512,0.002796189458333334,-0.0009475520495817458,0.0016662229716182253,0.0007560771896247126,-0.0017884964166666626,2.2073834950801414,0.10751504589047024,-0.002014552720544849,0.006009253966685127,0.005954527166028623,0.9822056303348257,-7.329613728193664e-07,0.0034363362653475624,-0.016145697691828966,-0.016145697691828966,0.1204687939263926,1.0091907886437612,-7.19918787201125e-07,2.2087117762481987,0.10117742809751183,0.0036904376666666654,0.0013209713565285647,0.0009816765270961097,0.0005164440667719187,0.0032930326916666636,2.20788155508117,0.10608936870213752,-0.0008302211670287996,0.004911940604625686,0.004874899472205243,0.985200692873827,6.84336061567118e-07,0.0038371230134192436,-0.014773372565395619,-0.014773372565395619,0.17670404111262358,1.0075983376952977,6.742083620144706e-07]"
/multi_agv/m2b_algorithm_state,1789558500.6570027,1789558500.6570027,m2b_algorithm_state_v1:header6+3x20,"[1.0,-0.15,0.52,2.2108381191029474,0.1012537379993208,1789558500.6569214,2.2094163387507044,0.10107808451951168,0.0036904376666666654,0.0015379115659464085,0.0006960816764713935,0.0005709592598004963,0.004584685874999997,2.20588294111581,0.09959866543735892,-0.003533397634894353,-0.0014794190821527664,-0.0014829508543480082,1.004801146207556,7.264845207052771e-08,-0.00589969789796595,0.023033062828054684,0.023033062828054684,0.1419525294723453,0.9976184158868876,7.299724791067093e-08,2.2103962964694306,0.10150573659535789,0.002796189458333334,-0.0009473012707931841,0.0016662341470303765,0.0007559626718611906,-0.0017884964166666626,2.208453563517857,0.10751504589047024,-0.0019427329515737668,0.0060093092951123556,0.005954581467879665,0.9822054641308857,-7.32781031527621e-07,0.0035261652784124567,-0.016470818068634582,-0.016470818068634582,0.1204687953801809,1.0091908772309026,-7.197415331778961e-07,2.2097100200411264,0.1011774259993429,0.0036904376666666654,0.0013208368170726566,0.0009817013207054533,0.0005164894874228722,0.0032930326916666636,2.2089070111255413,0.10628473370473995,-0.0008030089155850462,0.005107307705397052,0.005067321126508648,0.9846468111739883,7.39665054784683e-07,0.00406355998202734,-0.01569065114694366,-0.01569065114694366,0.17670404603506334,1.0078910686514857,7.283088375305715e-07]"
/multi_agv/m2b_algorithm_state,1789558500.666952,1789558500.666952,m2b_algorithm_state_v1:header6+3x20,"[1.0,-0.15,0.52,2.2118420261538403,0.10125368381066245,1789558500.6668859,2.2104135723499385,0.1010781036957795,0.0036904376666666654,0.0015376080324609408,0.0006961270963748761,0.0005710672033883727,0.004584685874999997,2.206727866094071,0.09961236750036587,-0.0036857062558675047,-0.0014657361954136389,-0.0014692025820034033,1.004756006557798,7.129610183857641e-08,-0.006076335401837784,0.023651465670565284,0.023651465670565284,0.1419525251375695,0.9976406340199607,7.163518656646611e-08,2.211393531465803,0.10150567451523947,0.002796189458333334,-0.0009469515467859517,0.0016662370885667244,0.0007558095477559618,-0.0017884964166666626,2.208896793552233,0.10539026800779762,-0.0024967379135700796,0.0038845934925581527,0.003861349427315246,0.9882101530824602,-3.066135571608295e-07,0.0007404270353526467,-0.005379051073830021,-0.005379051073830021,0.12046879789715548,1.0060196741269976,-3.0299863025906096e-07,2.210707253493101,0.10117743578694346,0.0036904376666666654,0.001320639351071815,0.0009817299172834469,0.0005165602061484144,0.0032930326916666636,2.2097271239907688,0.10711133922636865,-0.0009801295023321721,0.005933903439425181,0.005880266136687437,0.9823321407345263,9.97645086008592e-07,0.004655104258772222,-0.018256065312080336,-0.018256065312080336,0.17670405453019225,1.009121577406692,9.800188330321008e-07]"
/multi_agv/m2b_algorithm_state,1789558500.6771848,1789558500.6771848,m2b_algorithm_state_v1:header6+3x20,"[1.0,-0.15,0.52,2.212835901820686,0.1012536944258116,1789558500.6771564,2.2114174655533874,0.10107801865787325,0.0036904376666666654,0.0015380426753432612,0.0006961042465304596,0.0005708906885483532,0.004584685874999997,2.2076532157387585,0.09884141989381003,-0.0037642498146288617,-0.0022365987640632218,-0.002244717015879303,1.0073205419564895,1.6614095954277722e-07,-0.00695002928416538,0.02701036908536544,0.02701036908536544,0.14195253277844674,0.9963833963218295,1.6735720140780155e-07,2.2123974557663875,0.10150567667102725,0.002796189458333334,-0.000947403606305023,0.0016662888376406393,0.0007559785810943992,-0.0017884964166666626,2.2099397062697723,0.10530907269546236,-0.002457749496615147,0.0038033960244351073,0.0037810997029806372,0.9884457685351907,-2.9408840934070355e-07,0.0007089128322117035,-0.005228085919139077,-0.005228085919139077,0.12046879343692495,1.0058967822078042,-2.906904437880635e-07,2.211711157141747,0.10117735610308685,0.0036904376666666654,0.001320931421389399,0.000981735203122681,0.0005164308552369416,0.0032930326916666636,2.210864303577687,0.10788107553487206,-0.0008468535640600017,0.006703719431785202,0.006635664773466225,0.9802180669690044,1.2727607524603817e-06,0.005577097818391223,-0.022002834831674305,-0.022002834831674305,0.1767040394812748,1.0102558915560507,1.2475830844907308e-06]"
/multi_agv/m2b_algorithm_state,1789558500.6871762,1789558500.6871762,m2b_algorithm_state_v1:header6+3x20,"[1.0,-0.15,0.52,2.2138400870529913,0.10125363816693289,1789558500.6871157,2.2124113476757774,0.10107808954994547,0.0036904376666666654,0.001537374812331032,0.000696183228590374,0.0005711390965736553,0.004584685874999997,2.208548891452168,0.09752933835506386,-0.0038624562236093674,-0.0035487511948816136,-0.0035693916782690584,1.011787490901625,4.184385729505124e-07,-0.008397461957780768,0.03254058185340441,0.03254058185340441,0.14195252241630937,0.9942173666417425,4.2337091382205547e-07,2.2133913240569707,0.10150558330641103,0.002796189458333334,-0.000946657412589634,0.0016662667088556127,0.0007556666417982971,-0.0017884964166666626,2.2113169470700234,0.10678883929958499,-0.002074376986947346,0.00528325599317396,0.005240717694059031,0.9842227074100784,-5.66355349315052e-07,0.002647746460374849,-0.012929312134928471,-0.012929312134928471,0.12046879945806985,1.0081168842891788,-5.574197952590412e-07,2.2127050337293084,0.10117741042107829,0.0036904376666666654,0.001320492161585011,0.0009817749441530799,0.0005166005852744022,0.0032930326916666636,2.211849492886976,0.10731169050834075,-0.000855540842332303,0.006134280087262453,0.006077046976236086,0.9817780136408288,1.0658658710789536e-06,0.005007620923320707,-0.019637662892669536,-0.019637662892669536,0.17670405983991166,1.0094179148606508,1.0464436777154468e-06]"
/multi_agv/m2b_algorithm_state,1789558500.697071,1789558500.697071,m2b_algorithm_state_v1:header6+3x20,"[1.0,-0.15,0.52,2.2148358487221693,0.10125363667064803,1789558500.6968658,2.213415518661646,0.10107799800048772,0.0036904376666666654,0.0015378582035427395,0.0006961573510579019,0.0005709430262141545,0.004584685874999997,2.2099315009350606,0.09887281408900772,-0.0034840177265853534,-0.002205183911480002,-0.0022130738470379926,1.0072151726556677,1.6148386085614156e-07,-0.006568096005269685,0.025654033775975922,0.025654033775975922,0.14195253057894852,0.9964348521091827,1.6264899479332245e-07,2.214395526902603,0.10150559087451352,0.002796189458333334,-0.0009471625675687408,0.001666319548836448,0.0007558581227418981,-0.0017884964166666626,2.2124049303070925,0.10612267391648422,-0.0019905965955104854,0.004617083041970699,0.004584429812407522,0.9861051686254856,-4.3299542959204973e-07,0.002096184068019415,-0.010612113549651282,-0.010612113549651282,0.1204687947220128,1.0071226370343378,-4.2697903111193276e-07,2.2137092155947236,0.10117732562579743,0.0036904376666666654,0.0013208147250130119,0.0009817792850930658,0.0005164585082999885,0.0032930326916666636,2.213019886720636,0.1085907684003071,-0.0006893288740874581,0.007413442774509671,0.007330667271511291,0.9783043096029838,1.5554555520603556e-06,0.006469006178901968,-0.025624767911604562,-0.025624767911604562,0.1767040438456427,1.0112916737225361,1.5217088699765342e-06]"
/multi_agv/m2b_algorithm_state,1789558500.7070475,1789558500.7070475,m2b_algorithm_state_v1:header6+3x20,"[1.0,-0.15,0.52,2.2158418043559287,0.10125356919904942,1789558500.7069342,2.2144112831481535,0.10107803882005188,0.0036904376666666654,0.0015374051986303625,0.0006962169683257357,0.0005711083747402145,0.004584685874999997,2.211054721001796,0.10045137207499928,-0.0033565621463576,-0.0006266667450526009,-0.0006272963841270248,1.0020142368028992,1.3023308302586735e-08,-0.004822999067074025,0.01890218927654714,0.01890218927654714,0.1419525235907583,0.9989962654171836,1.3049540329465308e-08,2.2153912855432556,0.10150551683945647,0.002796189458333334,-0.0009466496279757841,0.0016663104632583803,0.0007556405064253202,-0.0017884964166666626,2.213298596229955,0.1043788384491254,-0.002092689313300422,0.0028733216096689385,0.002860505983525142,0.9911772083789937,-1.6782902273547075e-07,0.00024464434189961455,-0.003128088643224853,-0.003128088643224853,0.12046879878048494,1.0044801955379945,-1.6634830223991857e-07,2.2147049774750993,0.10117735435243573,0.0036904376666666654,0.0013205172244300134,0.0009818123421550641,0.0005165702679695637,0.0032930326916666636,2.2141820071029055,0.10820144498249254,-0.0005229703721938428,0.007024090630056809,0.0069495591759679756,0.9793500197615329,1.3965056900001423e-06,0.006295846210725672,-0.024785041036532555,-0.024785041036532555,0.1767040575206532,1.010724630469594,1.3676678750987326e-06]"
/multi_agv/m2b_algorithm_state,1789558500.7171102,1789558500.7171102,m2b_algorithm_state_v1:header6+3x20,"[1.0,-0.15,0.52,2.2168409094027357,0.10125354703150691,1789558500.7169845,2.2154172210215965,0.1010779204419419,0.0036904376666666654,0.0015380794579865262,0.000696172283369733,0.0005708393536116542,0.004584685874999997,2.2121897952410863,0.10136350151294145,-0.0032274257805102735,0.00028558107099954655,0.0002854512077711167,0.9990915148225764,2.704083319275114e-09,-0.0037488310178667252,0.014731265597021828,0.014731265597021828,0.14195253493331678,1.0004549401960632,2.701626699661034e-09,2.2163972630849,0.10150554079830292,0.002796189458333334,-0.0009473612862431853,0.001666376186913343,0.000755914797760493,-0.0017884964166666626,2.214336870906684,0.1043788384491254,-0.002060392178215853,0.00287329765082249,0.002860482240271806,0.9911772824320826,-1.6795237454605602e-07,0.00028499201750198985,-0.003273444240882426,-0.003273444240882426,0.12046879220444795,1.0044801573560778,-1.6647057818057508e-07,2.2157109289612897,0.10117724635690344,0.0036904376666666654,0.001320967426570095,0.0009818098429229538,0.0005163764225569779,0.0032930326916666636,2.2152243952017963,0.10783147775016544,-0.0004865337594934793,0.006654231393262003,0.006587152269464747,0.9803527388885451,1.2541251397256932e-06,0.005978985070097898,-0.023435162091816165,-0.023435162091816165,0.17670403531565224,1.0101833267325862,1.2294850156390626e-06]"
/multi_agv/m2b_algorithm_state,1789558500.727155,1789558500.727155,m2b_algorithm_state_v1:header6+3x20,"[1.0,-0.15,0.52,2.2178411306166113,0.10125351762763003,1789558500.726914,2.2164163222370736,0.10107791295038154,0.0036904376666666654,0.0015379679893796666,0.0006961972004638987,0.0005708747095506196,0.004584685874999997,2.2132039279230398,0.10061629804125617,-0.0032123943140338618,-0.0004616149091253713,-0.0004619561317733158,1.001480961902086,7.068336294422214e-09,-0.004477449024315643,0.017614177597548276,0.017614177597548276,0.14195253397203464,0.999261352703265,7.0788042311853846e-09,2.2173963733163298,0.1015054951810316,0.002796189458333334,-0.0009472176580686462,0.0016663917407813145,0.0007558444485740168,-0.0017884964166666626,2.2152284996021345,0.10586070348410981,-0.0021678737141952453,0.004355208303078215,0.00432609586049256,0.9868534680405854,-3.853726256797305e-07,0.0016162537177485036,-0.008755738006144988,-0.008755738006144988,0.12046879276627896,1.006729495490731,-3.803063121399484e-07,2.2167100326548046,0.10117723296310763,0.0036904376666666654,0.0013208995831998386,0.0009818302432228476,0.0005163952182768551,0.0032930326916666636,2.2161677850821877,0.10777345563915589,-0.000542247572616894,0.006596222676048258,0.006530278667782113,0.9805108398714772,1.2323508706244428e-06,0.0058524692020109955,-0.022945077623478572,-0.022945077623478572,0.1767040372248722,1.0100981920712646,1.2083333871723185e-06]"
/multi_agv/m2b_algorithm_state,1789558500.737071,1789558500.737071,m2b_algorithm_state_v1:header6+3x20,"[1.0,-0.15,0.52,2.2188474090597734,0.10125344942447877,1789558500.7369187,2.2174165374578463,0.10107788747435027,0.0036904376666666654,0.0015379848681535205,0.0006962106859316633,0.0005708603783718761,0.004584685874999997,2.213647861262995,0.10034765763468559,-0.003768676194851217,-0.0007302298396646839,-0.0007310854533681437,1.0023498637353039,1.7691401865894172e-08,-0.005441930696932165,0.021134280813469585,0.021134280813469585,0.14195253500553534,0.9988296666285481,1.7732974249565525e-08,2.2183966022963952,0.1015054611148851,0.002796189458333334,-0.0009472133510423199,0.0016664150393519428,0.0007558304617652223,-0.0017884964166666626,2.2162812625968398,0.10586070348410981,-0.002115339699555463,0.004355242369224702,0.004326129465107987,0.9868533641583691,-3.8537695140307045e-07,0.0016819548406636579,-0.008992454688354273,-0.008992454688354273,0.12046879217116245,1.006729549901713,-3.803105409612164e-07,2.2177102520955922,0.10117720429365472,0.0036904376666666654,0.0013209162373951145,0.0009818467264689715,0.000516379425088732,0.0032930326916666636,2.2170343441993454,0.11003751205641997,-0.0006759078962468301,0.008860307762765252,0.008743377280297854,0.9745066257148569,2.219256951159932e-06,0.007898492409989317,-0.0316326352747454,-0.0316326352747454,0.17670403520776143,1.0133736059555483,2.162680603069106e-06]"
/multi_agv/m2b_algorithm_state,1789558500.747202,1789558500.747202,m2b_algorithm_state_v1:header6+3x20,"[1.0,-0.15,0.52,2.219846719331798,0.10125342731035591,1789558500.7470157,2.218422797630239,0.1010777697444786,0.0036904376666666654,0.001538653847923442,0.0006961615998387846,0.0005705959349586786,0.004584685874999997,2.214688427698277,0.1011478625967442,-0.0037343699319620782,7.009285226559914e-05,7.008501647441251e-05,0.9997764760226351,1.629811323243087e-10,-0.0045978773984781856,0.017833630233172353,0.017833630233172353,0.1419525469091024,1.0001118040856778,1.6294470213337612e-10,2.2194029035119818,0.10150548263207632,0.002796189458333334,-0.0009479162861721598,0.0016664833566242265,0.0007560996227926747,-0.0017884964166666626,2.2172782585367545,0.10434912319359829,-0.002124644975227241,0.002843640561521976,0.002831085491012361,0.9912653637318083,-1.6460329318871628e-07,0.00017527927197830964,-0.0028670172896116284,-0.0028670172896116284,0.12046878525300446,1.0044347196682943,-1.6316554329416631e-07,2.2187165260371002,0.10117709589688136,0.0036904376666666654,0.001321367723941523,0.0009818413496628826,0.0005161865197001203,0.0032930326916666636,2.2182931980359806,0.11085691942464451,-0.0004233280011196605,0.009679823527763157,0.009541141275371284,0.9724167277089806,2.647762298055836e-06,0.009011981273971709,-0.036168548328290126,-0.036168548328290126,0.17670401185879314,1.0145351848787583,2.5747283496266667e-06]"
/multi_agv/m2b_algorithm_state,1789558500.757115,1789558500.757115,m2b_algorithm_state_v1:header6+3x20,"[1.0,-0.15,0.52,2.220839989881037,0.10125344334422033,1789558500.7570186,2.2194221038446753,0.10107776466138625,0.0036904376666666654,0.0015385246781623022,0.0006961835257796693,0.0005706405194444208,0.004584685874999997,2.2161927653645725,0.10199681793409075,-0.0032293384801027614,0.0009190532727045009,0.0009177147393491363,0.9970972756544038,2.80008874422126e-08,-0.0031189583607793155,0.012231904226548797,0.012231904226548797,0.14195254630475623,1.001458550569117,2.7919608584535788e-08,2.2204022194778394,0.10150543358345937,0.002796189458333334,-0.0009477503732775584,0.001666500438124885,0.0007560188193103529,-0.0017884964166666626,2.2185798907334715,0.10353233341958658,-0.0018223287443679403,0.002026899836127208,0.0020204813226303684,0.9937154828278467,-8.36648567933089e-08,-0.0002574296078295571,-0.0009452269678380906,-0.0009452269678380906,0.12046878559652252,1.0031767249837693,-8.31390635640856e-08,2.2197158346728787,0.10117708368622214,0.0036904376666666654,0.0013212925662209971,0.0009818593799133966,0.0005162097186758572,0.0032930326916666636,2.2192451138691904,0.10915715146209583,-0.00047072080368826263,0.007980067775873692,0.007884571587815711,0.9768004700118796,1.8020986015122955e-06,0.007296170583205383,-0.028945781367574634,-0.028945781367574634,0.17670401306560965,1.0121117789336271,1.7602907609649612e-06]"
/multi_agv/m2b_algorithm_state,1789558500.767138,1789558500.767138,m2b_algorithm_state_v1:header6+3x20,"[1.0,-0.15,0.52,2.221844897070538,0.10125338390605537,1789558500.7669518,2.220415382619576,0.1010778491950997,0.0036904376666666654,0.001537764168313447,0.000696266966253222,0.0005709267669925241,0.004584685874999997,2.217256592066956,0.10211206791196517,-0.0031587905526202498,0.0010342187168654732,0.0010325251840347083,0.9967378178565649,3.543758891431454e-08,-0.002915963006740604,0.011460194047422847,0.011460194047422847,0.14195253486587905,1.0016401854956674,3.532198504455187e-08,2.2213954806328133,0.10150533154618777,0.002796189458333334,-0.0009468993887408917,0.001666472255328788,0.000755664605902262,-0.0017884964166666626,2.2198181878729355,0.10583988100923088,-0.0015772927598778352,0.004334549463043111,0.004305707935674707,0.9869126721404593,-3.81603494686159e-07,0.0023340919858274127,-0.01133151122788178,-0.01133151122788178,0.1204687922502482,1.0066984402563488,-3.766093246388547e-07,2.220709106390722,0.10117714929137357,0.0036904376666666654,0.001320795035180746,0.0009818988237345174,0.000516404861597724,0.0032930326916666636,2.2203800692657785,0.10985156655980315,-0.00032903712494336546,0.008674417268429574,0.008562181081273053,0.9749867756704779,2.127264022337806e-06,0.008150884675093846,-0.03245061505426444,-0.03245061505426444,0.1767040354723673,1.0131083641061973,2.074054290138949e-06]"
/multi_agv/m2b_algorithm_state,1789558500.7770157,1789558500.7770157,m2b_algorithm_state_v1:header6+3x20,"[1.0,-0.15,0.52,2.222836220334569,0.10125341196685356,1789558500.776843,2.2214202746844007,0.10107775033920036,0.0036904376666666654,0.001538303389776141,0.0006962321492996356,0.0005707111463686323,0.004584685874999997,2.218172545052617,0.10093631931287622,-0.00324772963178388,-0.00014143102632413473,-0.0001414629798471595,1.000452101461899,6.635061225694602e-10,-0.004201125019577009,0.01650841334182874,0.01650841334182874,0.1419525443238469,0.9997741209533456,6.638060946574528e-10,2.2224004066104177,0.10150534350109876,0.002796189458333334,-0.0009474611376794999,0.0016665286196397844,0.0007558787851301568,-0.0017884964166666626,2.2208675463695915,0.10583988100923088,-0.001532860240826217,0.004334537508132119,0.004305696141976138,0.9869127086030111,-3.8182775795462984e-07,0.0023896208409433664,-0.011532109903198954,-0.011532109903198954,0.1204687867678766,1.0066984211623313,-3.7683066682281866e-07,2.221714009916795,0.101177057877867,0.0036904376666666654,0.0013211574034513065,0.0009818983631495254,0.0005162480283151089,0.0032930326916666636,2.2216420811224027,0.11262499673393658,-7.192879439221755e-05,0.011447938856069581,0.011256601626102848,0.9680564723348071,3.696849874360912e-06,0.011166690633112576,-0.045110793036404064,-0.045110793036404064,0.17670401700143534,1.0169977792874043,3.5787594481251993e-06]"
/multi_agv/m2b_algorithm_state,1789558500.7872777,1789558500.7872777,m2b_algorithm_state_v1:header6+3x20,"[1.0,-0.15,0.52,2.2238447179111565,0.10125332871910542,1789558500.7871437,2.222411610245279,0.10107786181930001,0.0036904376666666654,0.0015373553885431818,0.0006963351804879277,0.0005710684735889953,0.004584685874999997,2.2191078732989604,0.10036907378702523,-0.0033037369463184696,-0.0007087880322747819,-0.0007095940066500695,1.0022803126559865,1.6660640361542964e-08,-0.004839265189548156,0.018991486605605058,0.018991486605605058,0.14195252934367728,0.9988641753344388,1.669863183061623e-08,2.2233917153819127,0.10150522677721256,0.002796189458333334,-0.0009464069154863516,0.0016664851420320481,0.0007554444310770431,-0.0017884964166666626,2.221973066345746,0.10540415315827814,-0.0014186490361667303,0.003898926381065579,0.003875512891211599,0.9881685363673667,-3.086998834969252e-07,0.002102201596003186,-0.01028407283798282,-0.01028407283798282,0.12046879543489807,1.0060413912974135,-3.050475120519332e-07,2.2227053353765145,0.10117714730404807,0.0036904376666666654,0.0013205327991760549,0.0009819447092650488,0.0005164946622652081,0.0032930326916666636,2.2228514765440868,0.11249682582871633,0.0001461411675722779,0.011319678524668253,0.011132418781068815,0.9683660290987267,3.613194695475112e-06,0.011315095240534163,-0.04558136898495744,-0.04558136898495744,0.17670404624096905,1.0168211192268368,3.4988949996178176e-06]"
/multi_agv/m2b_algorithm_state,1789558500.797172,1789558500.797172,m2b_algorithm_state_v1:header6+3x20,"[1.0,-0.15,0.52,2.2248382534881848,0.10125334307061433,1789558500.7970855,2.2234200855134607,0.10107770383778811,0.0036904376666666654,0.0015383159668121084,0.0006962631746831427,0.0005706895560075751,0.004584685874999997,2.2199293254513375,0.10034697642965804,-0.0034907600621232326,-0.0007307274081300719,-0.0007315841935734793,1.0023514839325132,1.7719354302014132e-08,-0.00509503427122752,0.019906531052443076,0.019906531052443076,0.14195254525105144,0.9988288628281834,1.7761021078949826e-08,2.224400240319152,0.10150527667088302,0.002796189458333334,-0.0009474268842400925,0.0016665672239852825,0.0007558438553328106,-0.0017884964166666626,2.2230318724612643,0.10540415315827814,-0.0013683678578875202,0.00389887648739512,0.003875463603934084,0.9881686891478022,-3.0902461055852515e-07,0.002165003781574684,-0.010510992446812719,-0.010510992446812719,0.12046878620017154,1.0060413116606923,-3.0536844433002787e-07,2.2237138279008577,0.10117700564864512,0.0036904376666666654,0.0013211725181525493,0.000981931772121203,0.0005162240980670437,0.0032930326916666636,2.223315985808265,0.11015244321541039,-0.00039784209259252634,0.008975437566765262,0.008855554641545135,0.9742103024122845,2.2775191614378645e-06,0.008358252025804477,-0.03337716808658996,-0.03337716808658996,0.17670401508976075,1.0135375964660311,2.2187826310141544e-06]"
/multi_agv/m2b_algorithm_state,1789558500.807195,1789558500.807195,m2b_algorithm_state_v1:header6+3x20,"[1.0,-0.15,0.52,2.225839875522221,0.10125330481269275,1789558500.8070354,2.2244136290867966,0.10107778240186202,0.0036904376666666654,0.0015376020171432433,0.0006963434879635241,0.0005709572482699402,0.004584685874999997,2.220970938690287,0.10112929383932769,-0.0034426903965094624,5.1511437465665e-05,5.150720490086342e-05,0.9998356970223555,8.796418413299022e-11,-0.004251855790735964,0.016611266001697208,0.016611266001697208,0.14195253427891544,1.000082174228047,8.794973135561111e-11,2.225393766648464,0.10150518014479464,0.002796189458333334,-0.0009466262134918105,0.0016665394808379475,0.0007555112225409027,-0.0017884964166666626,2.2234414462989522,0.10512138741797912,-0.0019523203495115382,0.003616207273184485,0.0035960226731039527,0.9889906058453085,-2.656738074541381e-07,0.00115562223621453,-0.006745143071871565,-0.006745143071871565,0.12046879258178146,1.0056130347095698,-2.627488997912979e-07,2.224707364729293,0.10117706666518635,0.0036904376666666654,0.0013207041041224713,0.0009819699788069522,0.0005164072634222935,0.0032930326916666636,2.2243307186586043,0.11144942741509688,-0.00037664607068865763,0.01027236074991053,0.010116893603570239,0.9709329686464244,2.9787606523269235e-06,0.009646086015209417,-0.03883412315266865,-0.03883412315266865,0.17670403659785483,1.0153670832601647,2.8921769230509396e-06]"
/multi_agv/m2b_algorithm_state,1789558500.817277,1789558500.817277,m2b_algorithm_state_v1:header6+3x20,"[1.0,-0.15,0.52,2.226845616588957,0.1012532405265843,1789558500.8170316,2.2254152429743264,0.10107773210266748,0.0036904376666666654,0.0015378026102998606,0.0006963419652427302,0.0005708710910445086,0.004584685874999997,2.2220097854759215,0.10098762077645981,-0.003405457498404818,-9.011132620766193e-05,-9.012429262253968e-05,1.000287884500439,2.6925099225736694e-10,-0.004346946165628562,0.017005058217490016,0.017005058217490016,0.14195253784273376,0.9998561274158118,2.6932850544476566e-10,2.226395398829161,0.10150516464047889,0.002796189458333334,-0.0009468202205874529,0.0016665699208191498,0.0007555794833583873,-0.0017884964166666626,2.225011795836789,0.10672329838277979,-0.0013836029923717241,0.005218133742300901,0.005176616708554987,0.9844053021473139,-5.526043818706697e-07,0.0034471129680903314,-0.015785204554216836,-0.015785204554216836,0.120468790522783,1.0080201096745878,-5.439866835033263e-07,2.2257089847631764,0.10117701769493191,0.0036904376666666654,0.0013208392558889163,0.0009819808411001725,0.000516343029970313,0.0032930326916666636,2.2256065712249655,0.11378418523119715,-0.00010241353821083266,0.012607167536265243,0.012377198239793098,0.9653066743099269,4.4775030230970805e-06,0.012249181317029557,-0.04979681602330249,-0.04979681602330249,0.17670402965967694,1.0185800770107072,4.322163552438487e-06]"
/multi_agv/m2b_algorithm_state,1789558500.8271108,1789558500.8271108,m2b_algorithm_state_v1:header6+3x20,"[1.0,-0.15,0.52,2.227846065329228,0.10125321151595346,1789558500.8269875,2.226420967508462,0.10107762083140123,0.0036904376666666654,0.0015384335771610413,0.0006962975182997148,0.000570620711632047,0.004584685874999997,2.223435505779822,0.09963692142773317,-0.0029854617286400043,-0.001440699403668061,-0.0014440477704353578,1.004673478699793,6.89172036913179e-08,-0.005175874931235364,0.020462990368826355,0.020462990368826355,0.14195254876177119,0.9976812631577364,6.923928677481857e-08,2.2274011603774873,0.1015051850880504,0.002796189458333334,-0.0009474803960291653,0.001666631365591087,0.0007558336843983132,-0.0017884964166666626,2.226153212518199,0.10687361008801664,-0.0012479478592881676,0.005368424999966245,0.005324532563118395,0.9839841308381699,-5.852317866799499e-07,0.003764597739008185,-0.01700908488950652,-0.01700908488950652,0.1204687841569821,1.0082434347668154,-5.758587909551397e-07,2.2267147218809216,0.10117691566030125,0.0036904376666666654,0.001321263149364111,0.000981976368941262,0.000516161614566676,0.0032930326916666636,2.2271674305587186,0.11265963375773368,0.0004527086777970091,0.011482718097432426,0.011290268051715877,0.9679726591693042,3.7195265630859976e-06,0.011856153898962139,-0.047669631572449994,-0.047669631572449994,0.17670400819049886,1.0170456578032532,3.6004000181212156e-06]"
/multi_agv/m2b_algorithm_state,1789558500.8371942,1789558500.8371942,m2b_algorithm_state_v1:header6+3x20,"[1.0,-0.15,0.52,2.228846168092947,0.10125318486079578,1789558500.8370125,2.2274214104961523,0.10107759636062512,0.0036904376666666654,0.0015384491297257214,0.0006963068323225126,0.0005706091250894742,0.004584685874999997,2.2243339964217688,0.09914662417139934,-0.00308741407438351,-0.001930972189225777,-0.0019370094779894095,1.006298554826014,1.238454888033427e-07,-0.005796277070968797,0.02283545253640656,0.02283545253640656,0.14195255020371536,0.996883190902143,1.2462553640452505e-07,2.228401616702547,0.10150515067436337,0.002796189458333334,-0.000947470308985684,0.001666654119957478,0.000755817475229778,-0.0017884964166666626,2.2272172004383304,0.10687361008801664,-0.0011844162642167255,0.00536845941365327,0.0053245664047224675,0.9839840268573653,-5.852331343628097e-07,0.0038440460744515606,-0.017296257164298768,-0.017296257164298768,0.12046878331828038,1.0082434898157855,-5.75860056200675e-07,2.2277151687889845,0.10117688751287185,0.0036904376666666654,0.0013212820509691772,0.000981989398483019,0.0005161466436725591,0.0032930326916666636,2.2280521533624125,0.11011395477433306,0.0003369845734280119,0.008937067261461207,0.008818171806014661,0.9743088965021908,2.258352292886661e-06,0.009239402522799676,-0.03657575411278062,-0.03657575411278062,0.17670400537276515,1.0134830051015165,2.200332730395595e-06]"
/multi_agv/m2b_algorithm_state,1789558500.8473773,1789558500.8473773,m2b_algorithm_state_v1:header6+3x20,"[1.0,-0.15,0.52,2.229841304265659,0.10125318983320138,1789558500.8472185,2.2284215083039567,0.10107757728357605,0.0036904376666666654,0.0015384273383842813,0.0006963196336208447,0.0005706119116824668,0.004584685874999997,2.2253720707300824,0.10018364109954071,-0.003049437573874325,-0.0008939361840353405,-0.0008952200204085299,1.0028820041102218,2.652348438784743e-08,-0.004707016987751436,0.018596021997779422,0.018596021997779422,0.1419525510269405,0.998565898501015,2.659992517887061e-08,2.229401726071903,0.10150511321640726,0.002796189458333334,-0.000947419325501304,0.0016666739368664807,0.0007557850668344496,-0.0017884964166666626,2.2280103049009825,0.10518723146565698,-0.0013914211709202817,0.003682118249249716,0.0036612016560441545,0.9887984483254575,-2.7566354061504274e-07,0.0019219251923938024,-0.009531877677926489,-0.009531877677926489,0.12046878283769871,1.0057130404633767,-2.72575681220056e-07,2.2287152699029824,0.10117686408240402,0.0036904376666666654,0.0013212759460109404,0.0009820034921788068,0.0005161419586217401,0.0032930326916666636,2.229128093521513,0.11177338990020695,0.0004128236185305667,0.010596525817802932,0.010431505495153157,0.9701307905018072,3.170172499410102e-06,0.010947535018316365,-0.04380027748796527,-0.04380027748796527,0.17670400375715759,1.0158194157810154,3.075481952879812e-06]"
/multi_agv/m2b_algorithm_state,1789558500.8573883,1789558500.8573883,m2b_algorithm_state_v1:header6+3x20,"[1.0,-0.15,0.52,2.230836985128263,0.10125319044791185,1789558500.8572896,2.22941664963088,0.10107763291428731,0.0036904376666666654,0.001537878952375971,0.0006963830165010339,0.0005708166452937811,0.004584685874999997,2.2264963834155576,0.10047596149987127,-0.0029202662153222647,-0.0006016714144160412,-0.0006022517211391682,1.00193336081438,1.2008641844371856e-08,-0.004252584490291999,0.016872368793566322,0.016872368793566322,0.141952542937862,0.9990364382487288,1.2031858881947688e-08,2.230396856469575,0.10150503123228624,0.002796189458333334,-0.0009467967134905051,0.0016666566117478077,0.000755524197254609,-0.0017884964166666626,2.2290563697234025,0.10518723146565698,-0.0013404867461725978,0.003682200233370736,0.003661282698217865,0.9887981967838517,-2.754947367144419e-07,0.001985674265502118,-0.009760462600970642,-0.009760462600970642,0.12046878754757866,1.0057131712782115,-2.7240869888668217e-07,2.2297104066965225,0.10117690535303056,0.0036904376666666654,0.00132091833805266,0.0009820350521412063,0.0005162805512087783,0.0032930326916666636,2.230352986995509,0.11281836437578226,0.0006425802989866725,0.011641459022751696,0.011443894616414482,0.9675913951579634,3.821516707046864e-06,0.012247119990147822,-0.04920534233358904,-0.04920534233358904,0.1767040196231499,1.0172637386972998,3.697666682190942e-06]"
/multi_agv/m2b_algorithm_state,1789558500.8673887,1789558500.8673887,m2b_algorithm_state_v1:header6+3x20,"[1.0,-0.15,0.52,2.2318473109447226,0.10125309625691924,1789558500.8672545,2.2304123346985167,0.10107767510751138,0.0036904376666666654,0.0015374291916672818,0.0006964412924745033,0.0005709812853006118,0.004584685874999997,2.226994595635382,0.09954065683926985,-0.003417739063134917,-0.0015370182682415273,-0.0015408320790279133,1.004991338393922,7.839411049739446e-08,-0.0058130059079465595,0.02274780094686967,0.02274780094686967,0.14195253584444395,0.9975248368473791,7.878540203097747e-08,2.231392532455929,0.10150496013375947,0.002796189458333334,-0.0009462828354194152,0.0016666419829993728,0.0007553090575428273,-0.0017884964166666626,2.229874838960928,0.10771945458434612,-0.0015176934950011933,0.006214494450586652,0.006156056945927691,0.981641637890595,-7.827048925104658e-07,0.0042589400771762,-0.019229262862857727,-0.019229262862857727,0.12046879170424281,1.0094926842250247,-7.683357126689558e-07,2.230706088230342,0.10117693610246473,0.0036904376666666654,0.001320621707785131,0.0009820656145357546,0.0005163932312700044,0.0032930326916666636,2.2307726508153674,0.11137196922126831,6.656258502513168e-05,0.010195033118803584,0.010041805941372143,0.9711252534703297,2.9341062017505707e-06,0.010125009172653557,-0.0405462683985605,-0.0405462683985605,0.17670403362278816,1.0152589263650424,2.8493846288838894e-06]"
/multi_agv/m2b_algorithm_state,1789558500.8772142,1789558500.8772142,m2b_algorithm_state_v1:header6+3x20,"[1.0,-0.15,0.52,2.232843081702137,0.1012530978111613,1789558500.8770437,2.231422634973289,0.10107748958575223,0.0036904376666666654,0.0015385907926366111,0.0006963489054678355,0.0005705258339890549,0.004584685874999997,2.227874767329361,0.09865225194255507,-0.0035478676439280044,-0.002425237643197159,-0.002434796684152754,1.007954869602886,1.9544244134670683e-07,-0.006869631239062759,0.026794458297235885,0.026794458297235885,0.1419525549841667,0.9960739880180505,1.9699716048248958e-07,2.2324028895393435,0.10150502829056418,0.002796189458333334,-0.0009475190034289004,0.0016667357838628938,0.0007557961009348746,-0.0017884964166666626,2.2309499937311794,0.10771945458434612,-0.0014528958081641008,0.006214426293781938,0.006155990095702721,0.9816418422519502,-7.837099832195089e-07,0.004339870335497595,-0.01952376407751565,-0.01952376407751565,0.1204687805410176,1.009492575064409,-7.693225117188437e-07,2.2317164083215353,0.10117677089444126,0.0036904376666666654,0.00132139562646044,0.0009820445347268562,0.000516068732215109,0.0032930326916666636,2.2317226956050678,0.10962673009570627,6.28728353246899e-06,0.008449959201265012,0.008343271521951074,0.975569469836777,2.0199144417710106e-06,0.00835113062636666,-0.03305483026885844,-0.03305483026885844,0.1767039959878324,1.0127872716395772,1.970566861074194e-06]"
/multi_agv/m2b_algorithm_state,1789558500.887099,1789558500.887099,m2b_algorithm_state_v1:header6+3x20,"[1.0,-0.15,0.52,2.2338510240882408,0.10125302059171219,1789558500.887056,2.2324184097553847,0.1010775372462423,0.0036904376666666654,0.0015381004929227566,0.000696405121101939,0.0005707091176341187,0.004584685874999997,2.228847541392993,0.09904353142314516,-0.0035708683623916215,-0.0020340058230971375,-0.0020407097836579033,1.0066423358714165,1.3739280253118901e-07,-0.00650429523664743,0.025368131953625087,0.025368131953625087,0.1419525480115951,0.9967148878226335,1.3830541167191638e-07,2.2333986559499275,0.10150495111025516,0.002796189458333334,-0.000946958437061786,0.0016667227433719844,0.0007555598972815852,-0.0017884964166666626,2.231858368229968,0.10592004875155786,-0.001540287719959288,0.004415097641302698,0.004385192498892958,0.9866818157260053,-3.9591812785001556e-07,0.002459832848943848,-0.011824051482386824,-0.011824051482386824,0.12046878458620375,1.0068195734662253,-3.9064521726589405e-07,2.2327121794010982,0.10117680507698644,0.0036904376666666654,0.0013210781577257741,0.0009820730083953452,0.0005161915313677723,0.0032930326916666636,2.2328671788462273,0.1105556418768015,0.00015499944512908925,0.009378836799815063,0.009248341619212069,0.9731790608169641,2.4857853482602053e-06,0.00944209092562343,-0.0375709440700406,-0.0375709440700406,0.1767040096433618,1.014110116816177,2.4191142506124367e-06]"
/multi_agv/m2b_algorithm_state,1789558500.896917,1789558500.896917,m2b_algorithm_state_v1:header6+3x20,"[1.0,-0.15,0.52,2.2348362396957224,0.10125308914352622,1789558500.8968272,2.2334263315700267,0.10107739502421328,0.0036904376666666654,0.0015389545271013282,0.000696336653627316,0.0005703745420459231,0.004584685874999997,2.230247597059542,0.10077829146084329,-0.00317873451048456,-0.00029910356336999844,-0.00029924664756209816,1.000957833722343,2.9691429827917813e-09,-0.004272664785667798,0.016825232062672134,0.016825232062672134,0.1419525629253052,0.9995218519797451,2.9719869280671576e-09,2.234406623817609,0.10150499062506328,0.002796189458333334,-0.0009478580876510602,0.0016667991881047506,0.0007559101000532975,-0.0017884964166666626,2.2329210160973108,0.10592004875155786,-0.0014856077202982654,0.004415058126494578,0.004385153526648705,0.9866819361587934,-3.9628711445589576e-07,0.002528143876275873,-0.01207108642377372,-0.01207108642377372,0.12046877592128408,1.0068195103464777,-3.910093373661246e-07,2.2337201168770866,0.10117667612585998,0.0036904376666666654,0.001321652616785619,0.000982058900171912,0.0005159498639230433,0.0032930326916666636,2.2341074955066076,0.11089260735291748,0.0003873786295209847,0.009715931227057495,0.009576250537810752,0.9723254917737231,2.668046787251555e-06,0.010060473824711983,-0.04002956217362732,-0.04002956217362732,0.17670398044286162,1.0145861565228718,2.59420990448967e-06]"
/multi_agv/m2b_algorithm_state,1789558500.907125,1789558500.907125,m2b_algorithm_state_v1:header6+3x20,"[1.0,-0.15,0.52,2.2358362381418218,0.10125306182529858,1789558500.9069977,2.23441157230101,0.10107760309227015,0.0036904376666666654,0.001537331305370592,0.0006964984047326261,0.0005709940062735893,0.004584685874999997,2.231348086152532,0.10129433908339074,-0.0030634861484779563,0.00021673599112058406,0.0002166611539692928,0.9993099820048517,1.5568035845595098e-09,-0.0036126965316281524,0.014274658518073653,0.014274658518073653,0.14195253701136049,1.000345411025097,1.5557293620712522e-09,2.235391809430001,0.10150481590718013,0.002796189458333334,-0.000946066443904197,0.0016667092028366248,0.0007551802909617489,-0.0017884964166666626,2.234042872388848,0.1070787573062989,-0.001348937041153242,0.005573941399118765,0.005526698220659935,0.9834105918206109,-6.298527323655317e-07,0.0038405269192183823,-0.01738659344002854,-0.01738659344002854,0.12046879098620822,1.0085481740765625,-6.194038482954163e-07,2.234705337356156,0.10117684843112837,0.0036904376666666654,0.0013205825130063642,0.0009821231817128684,0.0005163802752682438,0.0032930326916666636,2.2351293545005935,0.10949139899042043,0.0004240171444376273,0.008314550559292061,0.008211147196701223,0.9759227066033738,1.954720998189722e-06,0.008741168627248257,-0.034402191593007836,-0.034402191593007836,0.17670403124576847,1.012593047002297,1.907656607207762e-06]"
/multi_agv/m2b_algorithm_state,1789558500.917034,1789558500.917034,m2b_algorithm_state_v1:header6+3x20,"[1.0,-0.15,0.52,2.2368426057520607,0.10125299376856123,1789558500.9169126,2.2354115666525574,0.10107757482701976,0.0036904376666666654,0.0015373864003001892,0.0006965125174349218,0.0005709627837903907,0.004584685874999997,2.232268444266919,0.10011804676088483,-0.0031431223856381862,-0.000959528066134932,-0.0009610079472714863,1.0030957611392393,3.0539258514156234e-08,-0.00488991092931922,0.01926741518041586,0.01926741518041586,0.14195253764067067,0.9984600739871549,3.0633800763885544e-08,2.2363918128411515,0.10150479106382071,0.002796189458333334,-0.000946101448385697,0.0016667240979892917,0.0007551877155663744,-0.0017884964166666626,2.2351080354360255,0.1070787573062989,-0.0012837774051259743,0.00557396624247819,0.005526722635616408,0.9834105168960315,-6.298817099874063e-07,0.00392200087920894,-0.017681319444300896,-0.017681319444300896,0.12046879061280699,1.0085482138288115,-6.194322980020715e-07,2.2357053349317564,0.10117681958505528,0.0036904376666666654,0.001320617381419777,0.0009821387595458477,0.0005163570579489215,0.0032930326916666636,2.236101026537697,0.10824878587276557,0.00039569160594066233,0.007071966287710285,0.006996442549228837,0.9792207346001798,1.415661366891163e-06,0.007491057056654665,-0.029154343872059372,-0.029154343872059372,0.17670402996853507,1.010794591386986,1.3862449636322594e-06]"
/multi_agv/m2b_algorithm_state,1789558500.926972,1789558500.926972,m2b_algorithm_state_v1:header6+3x20,"[1.0,-0.15,0.52,2.2378419467228787,0.10125297229256347,1789558500.9268334,2.236417917186746,0.10107744989453389,0.0036904376666666654,0.0015381248553053219,0.0006964605837108447,0.0005706697070064462,0.004584685874999997,2.2331866983986646,0.09848998074686904,-0.0032312187880814136,-0.0025874691476648476,-0.0025983631174589157,1.0085024752554645,2.22420754779006e-07,-0.006637386602560682,0.026034442292113304,0.026034442292113304,0.1419525497304237,0.9958073720640238,2.2431188174281623e-07,2.237398201302302,0.10150482434384316,0.002796189458333334,-0.0009468778626907188,0.0016667866507247275,0.000755491725845811,-0.0017884964166666626,2.2360143625165056,0.10595111160791157,-0.0013838387857965095,0.004446287264068413,0.004415965287552722,0.9865925470612205,-4.014878761468372e-07,0.002686166805307085,-0.012654933926354063,-0.012654933926354063,0.12046878361748425,1.0068664435839565,-3.961049463419079e-07,2.2367116987671336,0.10117670706730661,0.0036904376666666654,0.001321108584445238,0.0009821312327186202,0.0005161480554309204,0.0032930326916666636,2.237231053265824,0.10753795737415485,0.0005193544986905607,0.00636125030684824,0.006299809824469112,0.9811534422117119,1.1465238711520232e-06,0.006949002947832313,-0.026795661283917072,-0.026795661283917072,0.17670400635365813,1.0097527519228418,1.1249158427587047e-06]"
/multi_agv/m2b_algorithm_state,1789558500.937022,1789558500.937022,m2b_algorithm_state_v1:header6+3x20,"[1.0,-0.15,0.52,2.2388415518910354,0.10125294910551619,1789558500.9369118,2.237417255330299,0.10107743922305011,0.0036904376666666654,0.001538053431741754,0.0006964800226815443,0.0005706905545693086,0.004584685874999997,2.234143708460259,0.09931423754664717,-0.0032735468700400006,-0.0017632016764029396,-0.0017682291088796356,1.0057404735276536,1.0322195680823572e-07,-0.0058601626964296365,0.02299844582862686,0.02299844582862686,0.14195254916827219,0.997156798035136,1.0381449971876601e-07,2.2383975460415844,0.1015047857312939,0.002796189458333334,-0.0009467728294597581,0.0016667979561173496,0.0007554403161913192,-0.0017884964166666626,2.237067924583619,0.10595111160791157,-0.0013296214579652244,0.004446325876617668,0.004416003366250943,0.9865924294114699,-4.014503714248483e-07,0.0027539765437944123,-0.012899221592558853,-0.012899221592558853,0.1204687839195423,1.0068665052654768,-3.96067897232178e-07,2.2377110387967525,0.10117669192334637,0.0036904376666666654,0.0013210662907469331,0.0009821471611602527,0.0005161581024646154,0.0032930326916666636,2.2382664193236588,0.10738828182619434,0.0005553805269062906,0.0062115899028479665,0.0061529392310846875,0.9815647613002805,1.0933103604002416e-06,0.006847164889717551,-0.026344900889551076,-0.026344900889551076,0.17670400740012035,1.0095321389600234,1.0731549229333868e-06]"
/multi_agv/m2b_algorithm_state,1789558500.9469795,1789558500.9469795,m2b_algorithm_state_v1:header6+3x20,"[1.0,-0.15,0.52,2.239842506678617,0.10125291733526905,1789558500.9469042,2.238416857205367,0.10107742386242621,0.0036904376666666654,0.0015380164011478846,0.0006964966765466755,0.000570697942880016,0.004584685874999997,2.235280360940554,0.10124409550295524,-0.003136496264813271,0.00016667164052902583,0.0001666273670202117,0.99946906827783,9.210949579156446e-10,-0.003753992963996377,0.014797526118692533,0.014797526118692533,0.14195254910243346,1.000265703705255,9.206059193833563e-10,2.2393971555056016,0.10150475054307753,0.002796189458333334,-0.0009467052366816005,0.0016668108436976858,0.0007554043126840465,-0.0017884964166666626,2.2381201550927527,0.10613575607507275,-0.0012770004128488388,0.004631005531995219,0.0045981581946467325,0.9860653530993218,-4.3539723816148475e-07,0.003001907678585684,-0.013884438913335195,-0.013884438913335195,0.12046878396841196,1.0071435857484696,-4.2933013138617396e-07,2.2387106429621384,0.1011766729110448,0.0036904376666666654,0.0013210462560727687,0.000982162132284037,0.0005161589990412647,0.0032930326916666636,2.2393696585600407,0.10714831897693508,0.0006590155979022683,0.0059716460658902765,0.005917339384595574,0.9822273698683047,1.010660076224111e-06,0.006741108881973409,-0.025830165643282003,-0.025830165643282003,0.17670400755908902,1.009177550545111,9.92697988500509e-07]"
/multi_agv/m2b_algorithm_state,1789558500.9570227,1789558500.9570227,m2b_algorithm_state_v1:header6+3x20,"[1.0,-0.15,0.52,2.240841487390623,0.10125289847732304,1789558500.9568756,2.239417806024283,0.10107738767325104,0.0036904376666666654,0.0015381275710923663,0.0006964993688618466,0.0005706483544874572,0.004584685874999997,2.2363793656018927,0.10230022017714505,-0.0030384404223902095,0.001222832503894003,0.0012204682972276146,0.9961511284997293,4.954700708415897e-08,-0.0025775822307601472,0.010175458976955218,0.010175458976955218,0.14195255144046984,1.0019371307487124,4.935630702066904e-08,2.240398117833534,0.10150472832285273,0.002796189458333334,-0.000946798479317063,0.0016668334647507166,0.0007554329627510181,-0.0017884964166666626,2.239167284094044,0.10613575607507275,-0.001230833739489956,0.004631027752220018,0.00459818009516289,0.9860652855093678,-4.354443360759451e-07,0.003059637920800445,-0.014092716337773214,-0.014092716337773214,0.12046878258967428,1.0071436212539135,-4.2937654357616394e-07,2.2397115961780343,0.1011766360097034,0.0036904376666666654,0.0013211246777735937,0.000982172213164035,0.0005161197623197713,0.0032930326916666636,2.2404066024097506,0.10692588868081106,0.0006950062317163663,0.005749252671107652,0.005698829863627907,0.9828449884938001,9.370107306772401e-07,0.006567587653273365,-0.025081317944182162,-0.025081317944182162,0.17670400292006502,1.0088479229396832,9.209363008110392e-07]"
/multi_agv/m2b_algorithm_state,1789558500.966976,1789558500.966976,m2b_algorithm_state_v1:header6+3x20,"[1.0,-0.15,0.52,2.2418421293935196,0.10125286892700962,1789558500.9668615,2.2404167848058596,0.1010773824759733,0.0036904376666666654,0.0015380201984133948,0.0006965220019684352,0.0005706831230838285,0.004584685874999997,2.237434689016939,0.10198172410305455,-0.0029820957889206134,0.000904341627081251,0.0009030454526070581,0.9971432480822154,2.7103065319421242e-08,-0.0028245742835437087,0.01118909223831811,0.01118909223831811,0.14195255024109701,1.0014353369151585,2.7025638585592145e-08,2.241397101192313,0.10150468722422389,0.002796189458333334,-0.000946654082394941,0.0016668414050702296,0.0007553662407025902,-0.0017884964166666626,2.2402917913387275,0.10596030147425008,-0.0011053098535853678,0.004455614250026191,0.004425167040381969,0.9865658463995176,-4.0307605397957106e-07,0.0030435297234002595,-0.013947217640925725,-0.013947217640925725,0.12046878328696038,1.006880465610987,-3.976610683577332e-07,2.240710576173696,0.10117662573177189,0.0036904376666666654,0.0013210583039711754,0.0009821889284945097,0.0005161398378385933,0.0032930326916666636,2.241337895778485,0.10630843142912456,0.0006273196047890117,0.005131805697352679,0.005091441702129292,0.9845773695445383,7.468911675485297e-07,0.005875591208115556,-0.022248101328333384,-0.022248101328333384,0.17670400527487956,1.0079278125106503,7.353721410809804e-07]"
/multi_agv/m2b_algorithm_state,1789558500.977127,1789558500.977127,m2b_algorithm_state_v1:header6+3x20,"[1.0,-0.15,0.52,2.242839747008651,0.10125285889959473,1789558500.9771066,2.24141742158446,0.10107735107006664,0.0036904376666666654,0.0015380993957017984,0.0006965275744747143,0.0005706458953898983,0.004584685874999997,2.238231247810113,0.10039183670631877,-0.0031861737743468233,-0.0006855143637478772,-0.000686268150217344,1.0022048717621632,1.55917990766413e-08,-0.004668985368150873,0.018380225887176256,0.018380225887176256,0.14195255204913543,0.998901615251665,1.562617699414671e-08,2.242397749809826,0.10150466266013464,0.002796189458333334,-0.0009467124064275459,0.00166686124891946,0.0007553811993750575,-0.0017884964166666626,2.241344659304788,0.10596030147425008,-0.0010530905050383232,0.00445563881411544,0.004425191264153855,0.9865657715606552,-4.031053696025288e-07,0.003108828132855951,-0.014182618485972805,-0.014182618485972805,0.12046878225320223,1.0068805048514453,-3.976899599821619e-07,2.241711216786273,0.10117659305082757,0.0036904376666666654,0.0013211153504998669,0.0009821997939148293,0.0005161094583396005,0.0032930326916666636,2.2424188450742317,0.10725624688820286,0.0007076282879587836,0.0060796538373752845,0.006023411371013948,0.9819286005512609,1.0475121855524173e-06,0.006907946730962428,-0.026493213519433668,-0.026493213519433668,0.17670400176341047,1.0093373111841553,1.0285821744198777e-06]"
/multi_agv/m2b_algorithm_state,1789558500.987036,1789558500.987036,m2b_algorithm_state_v1:header6+3x20,"[1.0,-0.15,0.52,2.243839579829818,0.10125283440938537,1789558500.9868438,2.2424150401307386,0.10107736619352614,0.0036904376666666654,0.0015378504907966246,0.000696563817941253,0.0005707349329341358,0.004584685874999997,2.2392366600077063,0.10039183670631877,-0.0031783801230322872,-0.0006855294872073758,-0.0006862833068688499,1.0022049203328893,1.5589962843551996e-08,-0.004659258460659209,0.018345536845049686,0.018345536845049686,0.14195254838710422,0.9989015911447514,1.5624337469614733e-08,2.243395366543933,0.10150461002366298,0.002796189458333334,-0.0009464143403864747,0.0016668586058461443,0.0007552533722047367,-0.0017884964166666626,2.242374676153413,0.10560893613034053,-0.001020690390519885,0.004104326106677547,0.004078421185546594,0.9875746418517012,-3.420308634264584e-07,0.002802558197396738,-0.012904934619965891,-0.012904934619965891,0.12046878436731308,1.0063517032578089,-3.3778100745061274e-07,2.2427088343512813,0.10117660048159509,0.0036904376666666654,0.001320954294729849,0.0009822210720557669,0.0005161682014240675,0.0032930326916666636,2.2434930035160674,0.10725624688820286,0.0007841691647860749,0.006079646406607769,0.006023404080316093,0.98192862295978,1.0473818951569122e-06,0.007003615536298686,-0.02683997281107034,-0.02683997281107034,0.17670400891154864,1.0093372992317535,1.0284542620244315e-06]"
/multi_agv/m2b_algorithm_state,1789558500.9972503,1789558500.9972503,m2b_algorithm_state_v1:header6+3x20,"[1.0,-0.15,0.52,2.2448523440051504,0.10125272646658694,1789558500.9971452,2.243414869487344,0.10107734542532369,0.0036904376666666654,0.0015378572998412197,0.0006965774928109341,0.0005707248681207584,0.004584685874999997,2.2402533579177333,0.1015232520302875,-0.003161511569610642,0.00044590660496381107,0.00044559038284612524,0.9985840571959572,6.59079748932554e-09,-0.0035062990791671776,0.01380391316287435,0.01380391316287435,0.14195254873747543,1.0007096699791096,6.581465297047627e-09,2.244395203734474,0.101504580402598,0.002796189458333334,-0.0009463945614230414,0.0016668717139673994,0.0007552379796378211,-0.0017884964166666626,2.243278258563877,0.10560424954720095,-0.0011169451705970168,0.004099669144602955,0.004073822046073085,0.9875880673945641,-3.412492893944819e-07,0.002677640582826814,-0.012452942244963232,-0.012452942244963232,0.120468784177156,1.0063446803118914,-3.370137262128647e-07,2.243708666267637,0.10117657740023447,0.0036904376666666654,0.001320961588633554,0.0009822348213016198,0.0005161578877175112,0.0032930326916666636,2.2443226809027412,0.10494173951392227,0.0006140146351043541,0.0037651621136877977,0.0037432063893585474,0.9885046304391538,4.0245865065523535e-07,0.00451072468323899,-0.016614168846389873,-0.016614168846389873,0.17670400826808674,1.0058654859084628,3.978322397329939e-07]"
/multi_agv/m2b_algorithm_state,1789558501.0071023,1789558501.0071023,m2b_algorithm_state_v1:header6+3x20,"[1.0,-0.15,0.52,2.2458370604945173,0.10125279980036589,1789558501.006938,2.2444276037193176,0.10107712623723661,0.0036904376666666654,0.00153926635262723,0.0006964568261139442,0.0005701768663778636,0.004584685874999997,2.2414367955394017,0.10357054333027316,-0.002990808179915927,0.0024934170930365485,0.00248368155537145,0.9922649002585637,2.0596195208873966e-07,-0.0012548286695234587,0.004901609068049995,0.004901609068049995,0.141952572258721,1.0039198010888486,2.0436881584639234e-07,2.245408004639498,0.10150467033932631,0.002796189458333334,-0.0009478963094695413,0.0016669819030421529,0.0007558316182181002,-0.0017884964166666626,2.2442861829219365,0.10529509507309795,-0.0011218217175614775,0.0037904247337716412,0.0037682777345500506,0.9884832895644167,-2.922420562885976e-07,0.0023660005875982036,-0.011181583466689828,-0.011181583466689828,0.12046877046350704,1.0058772205186821,-2.888763891492224e-07,2.244721423656636,0.10117638282319791,0.0036904376666666654,0.0013219039133535756,0.000982201828747131,0.0005157665877192756,0.0032930326916666636,2.2452722179189606,0.1046462975011336,0.0005507942623244055,0.003469914677935698,0.0034512252804349062,0.9893699819672871,3.421375662250733e-07,0.004139718108340414,-0.015128699922929374,-0.015128699922929374,0.17670396203212418,1.0054152934051401,3.385006377264323e-07]"
/multi_agv/m2b_algorithm_state,1789558501.0172358,1789558501.0172358,m2b_algorithm_state_v1:header6+3x20,"[1.0,-0.15,0.52,2.2468445251389326,0.1012527260867792,1789558501.0171037,2.245412346812882,0.10107734458790708,0.0036904376666666654,0.0015375788556600376,0.0006966212416328324,0.0005708228053740687,0.004584685874999997,2.242430592639289,0.10223715758664215,-0.002981754173593032,0.001159812998735063,0.001157685178733384,0.9963468612134662,4.455787209449084e-08,-0.0025695075382579056,0.010172693839796115,0.010172693839796115,0.1419525454784126,1.0018379953728067,4.439509600369704e-08,2.246392689373664,0.10150449095106641,0.002796189458333334,-0.000946032909814635,0.0016668866374409674,0.0007550734521015456,-0.0017884964166666626,2.2453359296376294,0.10529509507309795,-0.0010567597360346959,0.0037906041220315406,0.0037684550021258793,0.9884827397087788,-2.916953644354213e-07,0.0024475053320825095,-0.01147290931681019,-0.01147290931681019,0.12046878607256249,1.0058775068013726,-2.883358329974759e-07,2.2457061452970053,0.10117656386212419,0.0036904376666666654,0.0013207934904189626,0.000982265408633976,0.000516214840812183,0.0032930326916666636,2.246339089317597,0.1052897466633713,0.0006329440205918857,0.004113182801247117,0.004087050051358198,0.9874923245937963,4.801056680717429e-07,0.004878230077098055,-0.018116396981227252,-0.018116396981227252,0.17670401463711657,1.0063940371565145,4.74100662214823e-07]"
/multi_agv/m2b_algorithm_state,1789558501.0271142,1789558501.0271142,m2b_algorithm_state_v1:header6+3x20,"[1.0,-0.15,0.52,2.247842772070689,0.10125271323122896,1789558501.027005,2.2464197926596707,0.10107720464492734,0.0036904376666666654,0.0015384315087066487,0.0006965561235669599,0.0005704870863157822,0.004584685874999997,2.2431360531368836,0.1001476340006563,-0.0032837395227871546,-0.0009295706442710439,-0.0009309592543975147,1.0029981090067808,2.8681039053306394e-08,-0.005035633657881458,0.019772532311935775,0.019772532311935775,0.1419525594957039,0.9985084093423943,2.8767027934815942e-08,2.2474001769732017,0.10150453513576284,0.002796189458333334,-0.0009469315211017839,0.0016669555028063776,0.0007554271469509405,-0.0017884964166666626,2.24641381686876,0.10521059300054071,-0.0009863601044415304,0.003706057864777873,0.0036848721076995186,0.9887286424087904,-2.7911148210685886e-07,0.0024519219771476056,-0.011448347467309519,-0.011448347467309519,0.12046877789979382,1.0057493873489087,-2.7596551678422e-07,2.2467136057839263,0.1011764384796474,0.0036904376666666654,0.0013213619796214608,0.0009822519496217605,0.000515975423431415,0.0032930326916666636,2.2476199185070818,0.10581499365479999,0.0009063127231554446,0.004638555175152589,0.004605453077394745,0.9859799573695118,6.105954236958459e-07,0.005738343981339051,-0.021490530604675807,-0.021490530604675807,0.17670398708102067,1.0071875876708682,6.020348498256491e-07]"
/multi_agv/m2b_algorithm_state,1789558501.0370188,1789558501.0370188,m2b_algorithm_state_v1:header6+3x20,"[1.0,-0.15,0.52,2.2488430588217434,0.10125268712065694,1789558501.03691,2.2474180394918073,0.1010772134529859,0.0036904376666666654,0.001538230046276743,0.0006965848994251896,0.0005705594437816485,0.004584685874999997,2.2439653201496257,0.09910124730248342,-0.0034527193421816094,-0.001975966150502481,-0.001982290243289071,1.0064486153488057,1.2966987042034013e-07,-0.006298189421016082,0.024620930822827337,0.024620930822827337,0.14195255699578058,0.9968097039230257,1.3050606153701037e-07,2.248398424391294,0.10150448616009036,0.002796189458333334,-0.0009466832873246986,0.0016669569618144031,0.0007553187865842054,-0.0017884964166666626,2.247460203235298,0.10521059300054071,-0.0009382211559958442,0.003706106840450349,0.0036849205170727648,0.9887284921744381,-2.790457409268341e-07,0.0025121440720779595,-0.011664629119789733,-0.011664629119789733,0.12046877936300192,1.005749465498489,-2.7590047467428757e-07,2.2477118523289663,0.10117644008061062,0.0036904376666666654,0.0013212350226292978,0.0009822695961682953,0.0005160212750169391,0.0032930326916666636,2.2485492723434577,0.10448580473160071,0.0008374200144913857,0.0033093646509900904,0.0032923439606692777,0.9898431116257865,3.110900450060017e-07,0.00433911897878351,-0.01576363431465595,-0.01576363431465595,0.1767039919929622,1.0051697788943512,3.0793033814454674e-07]"
/multi_agv/m2b_algorithm_state,1789558501.047209,1789558501.047209,m2b_algorithm_state_v1:header6+3x20,"[1.0,-0.15,0.52,2.249851709156021,0.10125260734287773,1789558501.04713,2.248418322110748,0.1010771894503358,0.0036904376666666654,0.0015382622815345377,0.0006965929123158958,0.000570541302830177,0.004584685874999997,2.244955838254211,0.09983974979273058,-0.003462483856536913,-0.0012374396576052132,-0.0012399061038918455,1.0040049592474578,5.083018048609866e-08,-0.005568010924562987,0.021771603369493974,0.021771603369493974,0.14195255813618277,0.9980107797849445,5.103375328748641e-08,2.249398716455123,0.1015044581440102,0.002796189458333334,-0.0009466892271766903,0.0016669729001392852,0.0007553130700597988,-0.0017884964166666626,2.2484442228198045,0.10454583354758291,-0.0009544936353185207,0.003041375403572716,0.0030270349926714737,0.99067907387195,-1.880197946088565e-07,0.0018339179485233228,-0.008906675520891558,-0.008906675520891558,0.12046877868574346,1.0047374447061101,-1.862672759926962e-07,2.248712137899359,0.1011764137676248,0.0036904376666666654,0.0013212620123768276,0.000982280264648661,0.0005160040264019319,0.0032930326916666636,2.249464177982867,0.1037229464228798,0.0007520400835079322,0.0025465326552549933,0.002536395758164067,0.9921156667007485,1.8431304797870515e-07,0.003476445862548982,-0.012284631859145974,-0.012284631859145974,0.1767039897621256,1.00399657547853,1.828598624770401e-07]"
/multi_agv/m2b_algorithm_state,1789558501.057233,1789558501.057233,m2b_algorithm_state_v1:header6+3x20,"[1.0,-0.15,0.52,2.250846116197545,0.10125262059322236,1789558501.057123,2.2494269512817957,0.10107703787142146,0.0036904376666666654,0.0015391963008686209,0.0006965143318539368,0.0005701773172943595,0.004584685874999997,2.2460779343648625,0.10124327357401615,-0.003349016916933234,0.00016623570259469145,0.00016619166000720275,0.9994704515745396,9.16987762767001e-10,-0.0040200794861593395,0.015744045941462698,0.015744045941462698,0.1419525742796621,1.0002650108163478,9.165021733410613e-10,2.250407392924955,0.10150450698458142,0.002796189458333334,-0.0009476734814538911,0.0016670513068000048,0.0007556989251110285,-0.0017884964166666626,2.2494895926049594,0.10454583354758291,-0.0009178003199954432,0.0030413265630014896,0.003026986616945469,0.9906792246017305,-1.8820919531804084e-07,0.0018797362169511648,-0.009071996540572034,-0.009071996540572034,0.12046876927473883,1.0047373668504986,-1.8645493968059235e-07,2.249720783261314,0.10117627717263036,0.0036904376666666654,0.0013218904455530207,0.0009822607197686132,0.0005157417912257959,0.0032930326916666636,2.250486439444171,0.10399738729136655,0.0007656561828568442,0.0028211101187361892,0.002808695271694708,0.991292964121904,2.262634379811559e-07,0.003765765500265763,-0.01345830884347327,-0.01345830884347327,0.17670395806125067,1.0044201473782488,2.2429335410875262e-07]"
/multi_agv/m2b_algorithm_state,1789558501.0671523,1789558501.0671523,m2b_algorithm_state_v1:header6+3x20,"[1.0,-0.15,0.52,2.2518511622023016,0.10125256490991762,1789558501.0670474,2.250421366050913,0.10107711177272267,0.0036904376666666654,0.0015385338312739459,0.0006965811452600333,0.0005704297170495638,0.004584685874999997,2.247150345441011,0.10127838914158813,-0.003271020609902031,0.00020127736886545178,0.00020121281850296762,0.9993590807125851,1.343714351699844e-09,-0.003887562943874571,0.015258597300585713,0.015258597300585713,0.14195256491003422,1.000320806412655,1.3428531392550634e-09,2.2514017912037505,0.10150441620509212,0.002796189458333334,-0.0009469219497226823,0.0016670250186159308,0.0007553868356093285,-0.0017884964166666626,2.25046170622246,0.10458652803168947,-0.00094008498129039,0.0030821118265973446,0.0030673892528896244,0.9905586478596009,-1.9313175277681433e-07,0.001892283026276637,-0.009135866339551229,-0.009135866339551229,0.1204687747547837,1.0047997083167228,-1.9130832788935593e-07,2.250715191337972,0.10117633380185224,0.0036904376666666654,0.0013214621408819019,0.0009822900434917963,0.000515912191267732,0.0032930326916666636,2.2518181715419647,0.10423886129879438,0.0011029802039925762,0.0030625274969421357,0.0030479237633279023,0.9905739999251393,2.6651013728269734e-07,0.004426649018318622,-0.01595132430641608,-0.01595132430641608,0.17670397651393246,1.0047913710276952,2.639980127087195e-07]"
/multi_agv/m2b_algorithm_state,1789558501.0772152,1789558501.0772152,m2b_algorithm_state_v1:header6+3x20,"[1.0,-0.15,0.52,2.2528422179291403,0.10125259924813984,1789558501.0771027,2.2514263984421756,0.10107701818643682,0.0036904376666666654,0.0015390586141512028,0.0006965397401386569,0.0005702237818408754,0.004584685874999997,2.2480428453049344,0.09995580197543318,-0.0033835531372412575,-0.0011212162110036394,-0.001123239336763495,1.0036240567176768,4.1748712239782924e-08,-0.005352680758315067,0.02096745828171432,0.02096745828171432,0.14195233355621137,0.9981988471257739,4.190001194082987e-08,2.2524068542150073,0.10150442952764692,0.002796189458333334,-0.0009474607628509671,0.001667076038116555,0.0007555938531879219,-0.0017884964166666626,2.2515023764807567,0.10458652803168947,-0.0009044777342506194,0.003082098504042549,0.003067376058809054,0.990558688959894,-1.9323996736469545e-07,0.0019367788909957799,-0.00929603698815471,-0.00929603698815471,0.12046861791474804,1.004799687078216,-1.9141552872742542e-07,2.2517202339497224,0.1011762470156691,0.0036904376666666654,0.0013218194134830231,0.000982282768013043,0.000515761111592925,0.0032930326916666636,2.2527625293345706,0.10322438685647226,0.0010422953848481242,0.0020481398408031537,0.0020415576562648166,0.993622472306187,1.1932244574152286e-07,0.003344426887324972,-0.011563480092200682,-0.011563480092200682,0.17670348716190673,1.0032240992646662,1.1856146353931281e-07]"
/multi_agv/m2b_algorithm_state,1789558501.0871742,1789558501.0871742,m2b_algorithm_state_v1:header6+3x20,"[1.0,-0.15,0.52,2.253842064691613,0.10125257626629891,1789558501.0870435,2.252417468786091,0.10107714081392387,0.0036904376666666654,0.001538054496652527,0.0006966405431059637,0.0005706065921820794,0.004584685874999997,2.2489074816324406,0.09814916373610588,-0.0035099871536505844,-0.0029279770778179864,-0.002941962790145463,1.0096582600387434,2.848637250370651e-07,-0.007329446732208694,0.028585783865416846,0.028585783865416846,0.14195255919349112,0.9952461287497163,2.8761501296907815e-07,2.2533978926685867,0.10150431071204118,0.002796189458333334,-0.0009463386071832461,0.001667024218338753,0.000755134391704021,-0.0017884964166666626,2.2524946827609353,0.10433314431150856,-0.0009032099076513589,0.0028288335994673813,0.002816407336988704,0.991309226412714,-1.6262513605084813e-07,0.0016873949524245052,-0.00827908781965237,-0.00827908781965237,0.12046877809936977,1.0044120970413193,-1.6121179781382863e-07,2.2527112923327435,0.10117634621845446,0.0036904376666666654,0.0013211615219432889,0.000982323927702789,0.0005160248720331604,0.0032930326916666636,2.253704437320639,0.10282493086150553,0.000993144987895711,0.0016485846430510653,0.001644307153049279,0.9948431458319281,7.729248277761223e-08,0.002885738387918918,-0.009728134901709993,-0.009728134901709993,0.17670398774993495,1.0026013935376088,7.689389671563988e-08]"
/multi_agv/m2b_algorithm_state,1789558501.0970795,1789558501.0970795,m2b_algorithm_state_v1:header6+3x20,"[1.0,-0.15,0.52,2.2548373162692164,0.10125258257310632,1789558501.0969827,2.2534173127347334,0.10107712178805894,0.0036904376666666654,0.001538057015617223,0.0006966530635930104,0.0005705989874128038,0.004584685874999997,2.2497262261584763,0.09976520741662753,-0.003691086576257163,-0.0013119143714314108,-0.0013146881943296956,1.0042495674772471,5.712795845341829e-08,-0.00592854641465115,0.023073179153414152,0.023073179153414152,0.1419525595356181,0.9978901286934435,5.7370727567703465e-08,2.2543977429920394,0.10150428205241001,0.002796189458333334,-0.0009463121325927505,0.001667034901278619,0.0007551173583332932,-0.0017884964166666626,2.253535553506842,0.10433314431150856,-0.000862189485197451,0.0028288622590985496,0.0028164357426619276,0.9913091377928256,-1.6262389929675973e-07,0.0017386988861651138,-0.008462983449281387,-0.008462983449281387,0.12046877788229943,1.0044121427122912,-1.6121055739637818e-07,2.253711138348067,0.10117632495842778,0.0036904376666666654,0.0013211659999768882,0.0009823359728784236,0.0005160166652908938,0.0032930326916666636,2.254718735647318,0.10291825648989428,0.0010075972992513726,0.001741931531466498,0.0017371593014059948,0.9945569519363106,8.628764111248016e-08,0.002996655925470211,-0.010170050587614677,-0.010170050587614677,0.17670398703967452,1.0027471459046045,8.581797333460254e-08]"
/multi_agv/m2b_algorithm_state,1789558501.1070776,1789558501.1070776,m2b_algorithm_state_v1:header6+3x20,"[1.0,-0.15,0.52,2.2558423235025997,0.10125252580011868,1789558501.1069643,2.254412570785695,0.10107717211028518,0.0036904376666666654,0.0015375706800594751,0.0006967122045653078,0.0005707790312282689,0.004584685874999997,2.250870086342644,0.10150570320447093,-0.0035424844430509417,0.0004285310941857523,0.00042823899713171764,0.9986389602625978,6.0861073284435386e-09,-0.00399986655668196,0.015565527103770925,0.015565527103770925,0.14195255166219273,1.0006820888709134,6.077823894523432e-09,2.255392986773251,0.10150421195171608,0.002796189458333334,-0.0009457552528504259,0.00166701151210491,0.0007548881358293014,-0.0017884964166666626,2.254239606169087,0.10513922211713707,-0.0011533806041641448,0.0036350101654209904,0.0036146177697013596,0.9889356116166328,-2.6819409951170215e-07,0.0021728920144961786,-0.010409529072081153,-0.010409529072081153,0.12046878247699672,1.0056416465083984,-2.6522669583257725e-07,2.2547063912487024,0.10117636365731768,0.0036904376666666654,0.001320844650409071,0.0009823641124548036,0.000516141320484088,0.0032930326916666636,2.255444962234709,0.10219549787744796,0.0007385709860066036,0.00101913422013028,0.0010174917379501024,0.9967891494492737,2.9544223716863853e-08,0.001940705470458357,-0.00605348370555937,-0.00605348370555937,0.17670400254151689,1.0016142462085114,2.944936162987178e-08]"
/multi_agv/m2b_algorithm_state,1789558501.1171362,1789558501.1171362,m2b_algorithm_state_v1:header6+3x20,"[1.0,-0.15,0.52,2.256842166539989,0.10125250334938024,1789558501.117001,2.255417564819616,0.10107706980234056,0.0036904376666666654,0.0015381659370585768,0.0006966716165415221,0.0005705421234435652,0.004584685874999997,2.2519703864319425,0.10177589692599123,-0.0034471783876734996,0.0006988271236506721,0.0006980519215011028,0.9977872826261623,1.618821065376379e-08,-0.0036109210630907718,0.014073392272472188,0.014073392272472188,0.14195256129154066,1.0011105221913899,1.6152390718798862e-08,2.256398010023344,0.10150423622348807,0.002796189458333334,-0.0009463738234043026,0.0016670595622318984,0.000755131270108178,-0.0017884964166666626,2.255291078716624,0.10513922211713707,-0.001106931306719794,0.0036349858936489954,0.0036145937732874798,0.9889356861195131,-2.683659031657265e-07,0.0022309296398877374,-0.0106187392111608,-0.0106187392111608,0.12046877688011963,1.0056416077823784,-2.6539661857828056e-07,2.25571139566484,0.10117627137452741,0.0036904376666666654,0.0013212403508158486,0.0009823583397620128,0.0005159728022316231,0.0032930326916666636,2.256408304273171,0.10155285856692646,0.0006969086083312703,0.0003765871923990527,0.00037636182995439354,0.9988048373252258,4.037115060203431e-09,0.0012474975903684815,-0.003282944707230916,-0.003282944707230916,0.17670398365056614,1.0005987919781516,4.032290050969707e-09]"
/multi_agv/m2b_algorithm_state,1789558501.1272469,1789558501.1272469,m2b_algorithm_state_v1:header6+3x20,"[1.0,-0.15,0.52,2.2578372177865194,0.10125251142130136,1789558501.1271026,2.256417405100025,0.10107705190455392,0.0036904376666666654,0.0015381628427828392,0.0006966833244040232,0.0005705373744709693,0.004584685874999997,2.2529754655011347,0.10050645755649193,-0.0034419395988902757,-0.0005705943480619896,-0.0005711161375660305,1.0018328705987916,1.0801947147279742e-08,-0.004873540636178875,0.01906031081136031,0.01906031081136031,0.14195256163358866,0.9990863688316275,1.0821745718615692e-08,2.2573978565827177,0.10150420721705272,0.002796189458333334,-0.000946341132447205,0.0016670701281848999,0.0007551116030174304,-0.0017884964166666626,2.2563881975309386,0.10370989962331434,-0.0010096590517791881,0.0022056924062616168,0.002198101800608535,0.9931750061630096,-9.891609859338734e-08,0.0009360279858845496,-0.005293962185579788,-0.005293962185579788,0.12046877666413372,1.0034532548269512,-9.824099683010833e-08,2.2567112379372256,0.1011762509265341,0.0036904376666666654,0.001321242380845061,0.0009823696684060357,0.0005159660293126713,0.0032930326916666636,2.2576376351681273,0.10117755296574421,0.0009263972309017099,1.3020392101159572e-06,1.3020365084537065e-06,0.9999958501265777,4.827297166849012e-14,0.001159298575135591,-0.0027948724843251953,-0.0027948724843251953,0.17670398292456138,1.000002074951227,4.827277134176798e-14]"
/multi_agv/m2b_algorithm_state,1789558501.137109,1789558501.137109,m2b_algorithm_state_v1:header6+3x20,"[1.0,-0.15,0.52,2.258837187373097,0.10125248741210707,1789558501.13702,2.257412463278478,0.10107710624772001,0.0036904376666666654,0.0015376504626654231,0.000696743691630441,0.0005707280696923443,0.004584685874999997,2.25389309446544,0.10026182831525406,-0.0035193688130381595,-0.0008152779324659548,-0.0008163451504483238,1.0026260964388851,2.2048905018935667e-08,-0.005215556166746023,0.020364831137087563,0.020364831137087563,0.141952553395873,0.9986926877904734,2.210680756988721e-08,2.258392899500384,0.10150413505488232,0.002796189458333334,-0.0009457558520527959,0.0016670451415943255,0.0007548709007429155,-0.0017884964166666626,2.257425330855148,0.10370989962331434,-0.00096756864523595,0.0022057645684320226,0.0021981734627729743,0.9931747817545565,-9.886141794680756e-08,0.0009887126562280369,-0.005481873153632826,-0.005481873153632826,0.12046878145916935,1.0034533697124484,-9.81866671932666e-08,2.2577062905806957,0.1011762929613017,0.0036904376666666654,0.0013209048397308186,0.0009823978094786866,0.0005160977021308509,0.0032930326916666636,2.2586547333829445,0.10151624686715653,0.0009484428022488167,0.00033995390585482566,0.0003397702051886667,0.9989206507175042,3.289130163190303e-09,0.0015253237079996876,-0.004253653509470932,-0.004253653509470932,0.17670399910687123,1.0005406614922485,3.2855800429086283e-09]"
/multi_agv/m2b_algorithm_state,1789558501.1471415,1789558501.1471415,m2b_algorithm_state_v1:header6+3x20,"[1.0,-0.15,0.52,2.2598375925505843,0.10125246080640381,1789558501.1470406,2.258412429979497,0.10107708147144952,0.0036904376666666654,0.0015377005818354291,0.0006967542045251739,0.0005707008764829515,0.004584685874999997,2.254947354292485,0.10146033155029013,-0.0034650756870120425,0.00038325007884061624,0.0003830163694344542,0.9987821483008887,4.8684453246964365e-09,-0.003948328239330599,0.015400608756420422,0.015400608756420422,0.1419525539922061,1.0006101812476242,4.862516280285725e-09,2.2593928725153174,0.10150411315839171,0.002796189458333334,-0.0009457828176825467,0.0016670554266604576,0.0007548772388539238,-0.0017884964166666626,2.258578784282633,0.10565022367401224,-0.0008140882326843624,0.004146110515620527,0.004119683710650256,0.9874541161181103,-3.4878696195425697e-07,0.0031020734197948034,-0.014003285955882228,-0.014003285955882228,0.12046878112757589,1.0064147655078353,-3.4441112123006176e-07,2.258706259624477,0.10117626760647998,0.0036904376666666654,0.0013209380084030753,0.0009824093909946768,0.0005160773003246182,0.0032930326916666636,2.259633899679209,0.10042260840254386,0.000927640054731782,-0.0007536592039361217,-0.0007545695560118758,1.0024226903334226,1.6178337606287065e-08,0.0004049805124028517,0.00022543255577510976,0.00022543255577510976,0.17670399799273276,0.9987935478333295,1.6217532708416664e-08]"
/multi_agv/m2b_algorithm_state,1789558501.1570964,1789558501.1570964,m2b_algorithm_state_v1:header6+3x20,"[1.0,-0.15,0.52,2.2608373189478392,0.10125243880154489,1789558501.1569905,2.259412831385893,0.10107705057033985,0.0036904376666666654,0.0015377946921279998,0.0006967599002187792,0.0005706571206076426,0.004584685874999997,2.2560967821645805,0.1025020460018319,-0.003316049221312678,0.0014249954314920488,0.0014217897854565604,0.995525112818536,6.725940902896861e-08,-0.002723271741184287,0.01060960181563693,0.01060960181563693,0.1419525553529827,1.002254655412691,6.695843076167203e-08,2.2603932822221307,0.10150409498623325,0.002796189458333334,-0.0009458574931939549,0.0016670690146387557,0.0007549025394883169,-0.0017884964166666626,2.259548679062698,0.10585649271809387,-0.0008446031594324666,0.004352397731860622,0.0043233216657591715,0.9868612689763782,-3.84326024013636e-07,0.0032675677164685883,-0.014702244618900403,-0.014702244618900403,0.12046878034171211,1.0067253996693637,-3.7927646775874277e-07,2.2597066640437293,0.10117623686263834,0.0036904376666666654,0.0013210011283574558,0.0009824191362323605,0.0005160448709587979,0.0032930326916666636,2.2605488743131454,0.09943158333663986,0.0008422102694161104,-0.0017446535259984797,-0.001749568527363046,1.0056713918567384,8.675911534762876e-08,-0.0006968056905929079,0.00455973403269505,0.00455973403269505,0.17670399534381123,0.9971907351511553,8.725116028790914e-08]"
/multi_agv/m2b_algorithm_state,1789558501.1671345,1789558501.1671345,m2b_algorithm_state_v1:header6+3x20,"[1.0,-0.15,0.52,2.2618375928791075,0.10125241342782522,1789558501.167013,2.260412555382271,0.10107703086814267,0.0036904376666666654,0.0015378101853580207,0.0006967721755926522,0.0005706440195562903,0.004584685874999997,2.257002039585931,0.1028770057514575,-0.003410515796339997,0.0017999748833148338,0.001794874677048788,0.9943716823216934,1.0728615826704053e-07,-0.002468270068376208,0.009540727457432289,0.009540727457432289,0.1419525554746997,1.002841538928184,1.0668231768582855e-07,2.2613930115130008,0.10150406991024795,0.002796189458333334,-0.0009458466566063238,0.0016670776954841315,0.0007548933261092017,-0.0017884964166666626,2.2604295543610107,0.10392881620506127,-0.0009634571519900881,0.002424746294813318,0.0024155883919037497,0.992516002968688,-1.194571215557395e-07,0.0012112669519161396,-0.006381213569113673,-0.006381213569113673,0.12046878024818025,1.0037911686197296,-1.1856310481264727e-07,2.2607063899482465,0.10117621562624403,0.0036904376666666654,0.0013210127946521747,0.0009824309293271277,0.0005160336795357844,0.0032930326916666636,2.2615125879714193,0.1004170537537525,0.0008061980231728327,-0.0007591618724915317,-0.0007600856055610372,1.0024405325869266,1.6416440303938653e-08,0.00024766192340500376,0.0007849683736556195,0.0007849683736556195,0.1767039950079297,0.9987846986408542,1.645650516146175e-08]"
/multi_agv/m2b_algorithm_state,1789558501.1771832,1789558501.1771832,m2b_algorithm_state_v1:header6+3x20,"[1.0,-0.15,0.52,2.2628387902935714,0.10125238238901856,1789558501.1770778,2.261412825815215,0.10107700301347376,0.0036904376666666654,0.0015378841536578688,0.0006967785654032883,0.0005706086333569503,0.004584685874999997,2.2579405112070017,0.10183162682076585,-0.0034723146082131784,0.0007546238072920902,0.0007537202544195826,0.9976121239708156,1.8872242881851067e-08,-0.0035866730058468905,0.013964085749229636,0.013964085749229636,0.14195255659054817,1.0011987907545399,1.882717830545655e-08,2.2623932896817194,0.10150404994184031,0.002796189458333334,-0.0009458993230410631,0.0016670904078353033,0.0007549095420452817,-0.0017884964166666626,2.2614687864015006,0.10392881620506127,-0.000924503280218758,0.002424766263220954,0.0024156082083641763,0.992515940995218,-1.1946574986461357e-07,0.0012599791080907287,-0.006555656624860904,-0.006555656624860904,0.12046877958119483,1.003791200421106,-1.1857166114357628e-07,2.2617066631403886,0.10117618732816158,0.0036904376666666654,0.0013210636947765665,0.0009824405700015644,0.0005160066013765495,0.0032930326916666636,2.2625887832510947,0.10113607508267647,0.0008821201107060972,-4.0112245485113274e-05,-4.011481040139181e-05,1.0001279063311552,4.581037871358173e-11,0.0010625353279812297,-0.002432351819013328,-0.002432351819013328,0.17670399279573154,0.9999360606156961,4.5816238151051816e-11]"
/multi_agv/m2b_algorithm_state,1789558501.187437,1789558501.187437,m2b_algorithm_state_v1:header6+3x20,"[1.0,-0.15,0.52,2.263840529194692,0.10125234830277773,1789558501.1873446,2.26241401786573,0.10107696184957912,0.0036904376666666654,0.00153805270917612,0.0006967751602655167,0.0005705373423501605,0.004584685874999997,2.2588976906673843,0.10137024873265499,-0.0035163271983456035,0.00029328688307586614,0.0002931499233184765,0.9990670706793807,2.8519276276056427e-09,-0.004102259074613528,0.0159841008809287,0.0159841008809287,0.14195255938345427,1.0004672003862025,2.849266980701565e-09,2.2633944936431187,0.1015040379124507,0.002796189458333334,-0.0009460544573076015,0.0016671100486429502,0.0007549665702964448,-0.0017884964166666626,2.262818163734134,0.1043448538869667,-0.0005763299089847074,0.002840815974515992,0.0028282853157030885,0.9912735828090177,-1.639552233316954e-07,0.0021078729294722043,-0.009791871419660958,-0.009791871419660958,0.12046877797735416,1.0044304790408984,-1.6252448165226236e-07,2.2627078593718646,0.10117614740502584,0.0036904376666666654,0.001321178380054008,0.00098244660530642,0.0005159537501993037,0.0032930326916666636,2.2635927291118474,0.10077313082445985,0.0008848697399828076,-0.0004030165805659902,-0.00040327621129816174,1.0012903979433299,4.62597887258379e-09,0.0007028109636803478,-0.000989104549503678,-0.000989104549503678,0.17670398732623444,0.9993561962622697,4.63194822620686e-09]"
/multi_agv/m2b_algorithm_state,1789558501.197279,1789558501.197279,m2b_algorithm_state_v1:header6+3x20,"[1.0,-0.15,0.52,2.2648377302707305,0.10125234364741474,1789558501.1972065,2.263415750306046,0.10107691407715913,0.0036904376666666654,0.0015382680114809579,0.000696765810519206,0.0005704488806268503,0.004584685874999997,2.2602568477010134,0.10141991994735093,-0.0031589026050324875,0.00034300587019180095,0.0003428186089561449,0.9989095318365424,3.901232943883021e-09,-0.0036058096473344644,0.014199918557729199,0.014199918557729199,0.14195256316875335,1.0005462399962075,3.896978773559485e-09,2.2643962405040856,0.10150402935239736,0.002796189458333334,-0.0009462597804843365,0.0016671339281804087,0.0007550431488588943,-0.0017884964166666626,2.2638614489733073,0.1043448538869667,-0.0005347915307782891,0.002840824534569339,0.0028282937995871738,0.9912735563428401,-1.6399180032149736e-07,0.0021598043861143124,-0.009978246149192117,-0.009978246149192117,0.12046877578945363,1.0044304926821939,-1.625607351157556e-07,2.263709596773945,0.10117610147877669,0.0036904376666666654,0.001321325711176615,0.0009824502171835734,0.0005158880088782245,0.0032930326916666636,2.26467163225179,0.09935925781454329,0.0009620354778450135,-0.001816843664233403,-0.0018221767354228032,1.0059108778172765,9.411519888845333e-08,-0.0006196323881165363,0.004319333994265648,0.004319333994265648,0.17670398000433482,0.9970732415326535,9.467150232983166e-08]"
/multi_agv/m2b_algorithm_state,1789558501.2074564,1789558501.2074564,m2b_algorithm_state_v1:header6+3x20,"[1.0,-0.15,0.52,2.265845299787518,0.1012522721080336,1789558501.2073045,2.264412954105435,0.10107693709022426,0.0036904376666666654,0.0015379831141462776,0.0006968025250687396,0.0005705532744172097,0.004584685874999997,2.2613136865673464,0.10214130808184839,-0.003099267538088757,0.001064370991624125,0.0010625776577305635,0.9966438198530773,3.753873258617847e-08,-0.0028115067648803826,0.011075633874278689,0.011075633874278689,0.141952558757323,1.0016877203096777,3.741274583713209e-08,2.265393438407885,0.10150397748297378,0.002796189458333334,-0.0009459215947060897,0.0016671244114641048,0.0007549015066771192,-0.0017884964166666626,2.2648954679499913,0.10345330102256409,-0.0004979704578937927,0.0019493235395903058,0.00194338331887676,0.993950520208262,-7.72387641474861e-08,0.0013209202465095191,-0.006549435697231083,-0.006549435697231083,0.12046877834132003,1.0030566387268256,-7.677150980463707e-08,2.264706798298871,0.10117611636904618,0.0036904376666666654,0.0013211413502336269,0.000982469389941243,0.0005159579490099427,0.0032930326916666636,2.2656678920990667,0.10039480669119033,0.0009610938001958225,-0.0007813096778558487,-0.0007822882600389587,1.0025123651012116,1.73902449512356e-08,0.0004190789902058194,0.00018824848495562927,0.00018824848495562927,0.17670398858876654,0.998749077247994,1.7433935595752605e-08]"
/multi_agv/m2b_algorithm_state,1789558501.2175167,1789558501.2175167,m2b_algorithm_state_v1:header6+3x20,"[1.0,-0.15,0.52,2.2668396469058134,0.10125228678594277,1789558501.2173176,2.26542050533277,0.10107679944428391,0.0036904376666666654,0.0015388354937995374,0.0006967326253340285,0.0005702201610876975,0.004584685874999997,2.262409975549117,0.10261615999481943,-0.0030105297836531264,0.0015393605505355235,0.001535622935388645,0.9951722529382597,7.85352735446646e-08,-0.002227539294177763,0.008793169030502472,0.008793169030502472,0.14195257294969574,1.00243394068996,7.815612510856638e-08,2.2664010302971347,0.10150402389526861,0.002796189458333334,-0.0009468184778153527,0.0016671915288499761,0.0007552553617050095,-0.0017884964166666626,2.265924373721361,0.10345330102256409,-0.0004766565757736707,0.001949277127295479,0.001943337191115573,0.9939506648788332,-7.730830352135585e-08,0.0013475164713984847,-0.006645367266451606,-0.006645367266451606,0.12046877004959054,1.0030565648653573,-7.684063968570629e-08,2.2657143637326493,0.1011759929845483,0.0036904376666666654,0.001321712742339967,0.0009824519165809514,0.0005157193614475863,0.0032930326916666636,2.2667317205247732,0.10094110136219678,0.0010173567921238913,-0.0002348916223515185,-0.00023497970587224646,1.0007506583591796,1.5718747198622562e-09,0.0010367162842826177,-0.0022499384247121937,-0.0022499384247121937,0.17670396067620453,0.9996251441357414,1.573054660760304e-09]"
/multi_agv/m2b_algorithm_state,1789558501.2274654,1789558501.2274654,m2b_algorithm_state_v1:header6+3x20,"[1.0,-0.15,0.52,2.2678439606455427,0.10125223692860819,1789558501.227318,2.266414860915268,0.10107687078724924,0.0036904376666666654,0.0015382080861757385,0.0006967975033378869,0.0005704583696849589,0.004584685874999997,2.263109961030415,0.10203700416882493,-0.003304899884853274,0.0009601333815756896,0.0009586729499556023,0.9969689082121507,3.05529456740066e-08,-0.0031724519061109902,0.012405126801022428,0.012405126801022428,0.14195256343615362,1.0015233887846267,3.046033689127951e-08,2.2673953674725347,0.10150394089074831,0.002796189458333334,-0.0009461066274202099,0.0016671617001637884,0.0007549623144166434,-0.0017884964166666626,2.2665132556612444,0.10195571572289812,-0.0008821118112902759,0.0004517748321498094,0.0004514521187361305,0.998573799471034,-4.154008185652543e-09,-0.0006511876453767144,0.0011656992388861484,0.0011656992388861484,0.1204687755864316,1.0007148341989895,-4.148083736980836e-09,2.2667087123296374,0.10117604867983074,0.0036904376666666654,0.0013213046808568485,0.0009824797828032368,0.0005158817450376055,0.0032930326916666636,2.267435850888674,0.10025847949255097,0.0007271385590366108,-0.0009175691872797681,-0.0009189202500597183,1.002955068844318,2.3990062143303163e-08,-9.997051263954757e-06,0.0017683434969794109,0.0017683434969794109,0.17670397929970913,0.9985297279281173,2.4060954428516094e-08]"
/multi_agv/m2b_algorithm_state,1789558501.2373703,1789558501.2373703,m2b_algorithm_state_v1:header6+3x20,"[1.0,-0.15,0.52,2.2688378327838463,0.10125225457939331,1789558501.2372167,2.2674191631189093,0.1010767852500581,0.0036904376666666654,0.0015386930176466123,0.00069676097199034,0.0005702671733799513,0.004584685874999997,2.2640535904637784,0.10143283305334666,-0.003365572655130933,0.0003560478032885589,0.00035584605059291673,0.9988682350334103,4.20466699793796e-09,-0.003851119768320749,0.015067000111724772,0.015067000111724772,0.14195257182471016,1.000566966235275,4.199908303133518e-09,2.2683996954180627,0.10150395549084792,0.002796189458333334,-0.0009466038782216845,0.001667204317560067,0.0007551556867192444,-0.0017884964166666626,2.26761726609158,0.10294516062844355,-0.0007824293264828697,0.0014412051375956303,0.0014379455431640898,0.9955013313756977,-4.226628909085e-08,0.0004599088850605027,-0.0032389270908570952,-0.0032389270908570952,0.12046877070958413,1.002266841360604,-4.2076147062251306e-08,2.267713023399656,0.1011759700449185,0.0036904376666666654,0.0013216326596143537,0.0009824733609078429,0.0005157429191559241,0.0032930326916666636,2.26837925823613,0.09965029323707272,0.0006662348364741,-0.00152567680784578,-0.0015294292603310951,1.0049473509539553,6.636912799289185e-08,-0.0006966357147384702,0.004464262265630467,0.004464262265630467,0.17670396289897222,0.9975465014416537,6.669747936158067e-08]"
/multi_agv/m2b_algorithm_state,1789558501.247249,1789558501.247249,m2b_algorithm_state_v1:header6+3x20,"[1.0,-0.15,0.52,2.2698379915931093,0.10125223124539613,1789558501.2470508,2.2684130448041495,0.10107686234347699,0.0036904376666666654,0.001538027532927328,0.0006968306488430713,0.0005705193907152486,0.004584685874999997,2.26503552361537,0.1011037339305722,-0.003377521188779653,2.687158709521742e-05,2.6870435050998602e-05,0.9999142642904189,2.3944993347443707e-11,-0.0041950310509235676,0.016419715303988225,0.016419715303988225,0.1419525614725208,1.000042874044154,2.394294040644815e-11,2.269393556208483,0.10150387027628953,0.002796189458333334,-0.0009458510989880471,0.00166717027391039,0.0007548470906885985,-0.0017884964166666626,2.268701545702517,0.10267964835894205,-0.00069201050596579,0.001175778082652526,0.0011736041875337077,0.996318706100075,-2.811457916289709e-08,0.0003085910550764703,-0.002576883067133215,-0.002576883067133215,0.1204687767561204,1.001852323928212,-2.801108113412576e-08,2.2687068973389057,0.10117603111841347,0.0036904376666666654,0.001321197636428201,0.000982502958457321,0.0005159160890418875,0.0032930326916666636,2.269400239879721,0.10027052703387843,0.0006933425408153226,-0.000905504084535047,-0.0009068197312278729,1.0029158158291647,2.3361236043686454e-08,-4.014155520871954e-05,0.001869508202429127,0.001869508202429127,0.17670398321868666,0.9985491640206766,2.342935310553149e-08]"
/multi_agv/m2b_algorithm_state,1789558501.2572124,1789558501.2572124,m2b_algorithm_state_v1:header6+3x20,"[1.0,-0.15,0.52,2.2708401176315522,0.10125219553685717,1789558501.257056,2.2694132006475876,0.10107683832651113,0.0036904376666666654,0.0015380806716729987,0.0006968368546139911,0.0005704931290066772,0.004584685874999997,2.2664008553952555,0.10180268067370668,-0.0030123452523320715,0.0007258423471955544,0.0007250062193488165,0.9977024415576481,1.746272094035624e-08,-0.003040425346066273,0.012031859386064988,0.012031859386064988,0.14195256241616538,1.0011532698953796,1.742259931843329e-08,2.2703937186503556,0.10150384928741316,0.002796189458333334,-0.0009458804084339733,0.0016671811717392515,0.0007548541260510438,-0.0017884964166666626,2.269721731054267,0.10267964835894205,-0.0006719875960885524,0.001175799071528899,0.0011736250985215765,0.9963186402120887,-2.8116456417004036e-08,0.000333640603410886,-0.0026662137028762166,-0.0026662137028762166,0.12046877622467553,1.0018523572902975,-2.8012949624971916e-08,2.2697070554813843,0.10117600612226414,0.0036904376666666654,0.001321235907988981,0.0009825115109066036,0.0005158950509250881,0.0032930326916666636,2.270591057725734,0.10125401701431636,0.000884002244349702,7.801089205221323e-05,7.800119939106957e-05,0.9997515782000911,1.7327715736177016e-10,0.001183004004828197,-0.0029147032863259957,-0.0029147032863259957,0.1767039814382022,1.000124262975689,1.7323411153845524e-10]"
/multi_agv/m2b_algorithm_state,1789558501.2670915,1789558501.2670915,m2b_algorithm_state_v1:header6+3x20,"[1.0,-0.15,0.52,2.271841056813335,0.10125216802035675,1789558501.2669735,2.2704153197456645,0.10107678493245338,0.0036904376666666654,0.0015383419985680173,0.0006968226059158582,0.0005703872657348754,0.004584685874999997,2.2674750477256063,0.1023195859328945,-0.002940272020058199,0.001242801000441121,0.0012403592989311577,0.9960891345703269,5.118492798086634e-08,-0.002434980726141591,0.009658804871761042,0.009658804871761042,0.14195256682325474,1.0019685437212165,5.0984750615505666e-08,2.2713958531979124,0.10150384601320027,0.002796189458333334,-0.0009461355199516706,0.0016672066990799372,0.0007549514290292603,-0.0017884964166666626,2.270571333030351,0.09955821464308102,-0.0008245201675611824,-0.001945631370119244,-0.0019517263260630919,1.006311277609036,-7.71741813525009e-08,-0.00298237653551457,0.010437616121405997,0.010437616121405997,0.12046877361839596,0.9968771462154008,-7.766124903526661e-08,2.2707091799510803,0.1011759556649179,0.0036904376666666654,0.0013214134614643754,0.0009825127956437198,0.0005158174198858687,0.0032930326916666636,2.2715389980335683,0.09985120251675414,0.0008298180824879431,-0.001324753148163757,-0.0013275780428376317,1.0042860872943424,5.002418542289332e-08,-0.00029030543972770285,0.002940652070054016,0.002940652070054016,0.17670397264359333,0.9978721441732822,5.023859344844421e-08]"
/multi_agv/m2b_algorithm_state,1789558501.2772074,1789558501.2772074,m2b_algorithm_state_v1:header6+3x20,"[1.0,-0.15,0.52,2.272844392726416,0.1012521254853412,1789558501.277124,2.271416254395153,0.1010767521017399,0.0036904376666666654,0.0015384576258150118,0.0006968201354598412,0.0005703384307744722,0.004584685874999997,2.2685211169614363,0.10239496013200405,-0.0028951374337164992,0.0013182080302641536,0.001315462605715457,0.9958554006155744,5.7585833797328015e-08,-0.002303459186430167,0.009157912295222635,0.009157912295222635,0.14195256916418517,1.0020870411190468,5.7347163586019976e-08,2.27239679805959,0.10150382943316479,0.002796189458333334,-0.0009462316601529471,0.0016672237387647115,0.0007549842384241001,-0.0017884964166666626,2.2716079567472427,0.10005471492084897,-0.0007888413123473548,-0.0014491145123158161,-0.0014524829354388832,1.0046743871134323,-4.2801261358967905e-08,-0.0024385345758730767,0.008314896394371255,0.008314896394371255,0.12046877228030987,0.9976809206904388,-4.300133102350291e-08,2.2717101179852626,0.10117592252616557,0.0036904376666666654,0.0013214960769721627,0.0009825176681218075,0.00051577907454894,0.0032930326916666636,2.27241567753681,0.09857716274929323,0.0007055595515472746,-0.0025987597768723364,-0.0026097354769068376,1.0085294544268655,1.9268031394694395e-07,-0.0017277860374727443,0.00855685719723481,0.00855685719723481,0.17670396816162337,0.9957943247000995,1.9432377190370853e-07]"
/multi_agv/m2b_algorithm_state,1789558501.2872615,1789558501.2872615,m2b_algorithm_state_v1:header6+3x20,"[1.0,-0.15,0.52,2.273851040454328,0.10125206243128132,1789558501.2871504,2.27241958093597,0.10107668390767813,0.0036904376666666654,0.0015388233678242918,0.0006967927801528439,0.0005701941252586329,0.004584685874999997,2.2695361258054545,0.10222592810934963,-0.0028834551305156886,0.0011492442016715065,0.001147154798615821,0.9963796825180256,4.37853843322503e-08,-0.0024571641145287896,0.009777961091779164,0.009777961091779164,0.14194997269844936,1.001821378473251,4.3626867339897287e-08,2.2734001456138673,0.1015038338878187,0.002796189458333334,-0.0009465987844034809,0.0016672586623536212,0.0007551252074324832,-0.0017884964166666626,2.2727552507378066,0.10093347055557844,-0.0006448948760606754,-0.0005703633322402535,-0.0005708817011725655,1.0018216021079496,-6.629228490971165e-09,-0.0013770002962484097,0.004188068817640084,0.004188068817640084,0.12046713555131254,0.999091985377623,-6.641304307564397e-09,2.2727134516294107,0.10117585866052678,0.0036904376666666654,0.0013217463203219156,0.0009825136293538208,0.000515672704329409,0.0032930326916666636,2.273419194666045,0.09984476633897929,0.0007057430366343986,-0.001331092321547489,-0.0013339444561773002,1.004306910611784,5.0517040803108566e-08,-0.00045176566038430195,0.003514239608450743,0.003514239608450743,0.17669887560367872,0.9978618790185727,5.0734613182219395e-08]"
/multi_agv/m2b_algorithm_state,1789558501.2972703,1789558501.2972703,m2b_algorithm_state_v1:header6+3x20,"[1.0,-0.15,0.52,2.2748418672451467,0.10125210145674167,1789558501.2971497,2.2734262125365654,0.10107656856933774,0.0036904376666666654,0.0015395211082926638,0.0006967307381913193,0.0005699239543882792,0.004584685874999997,2.2701739824452307,0.10263161079360396,-0.0032522300913346847,0.0015550422242662232,0.0015512285111913256,0.9951239282678722,8.0178392093114e-08,-0.0025140591029770305,0.009809853544207475,0.009809853544207475,0.1419251471412805,1.0024585114619695,7.97874365019013e-08,2.2744068133994473,0.10150386530076208,0.002796189458333334,-0.0009473247974918306,0.0016673188353584223,0.0007554086084423095,-0.0017884964166666626,2.273342477592573,0.10029041352775749,-0.0010643358068742614,-0.0012134517730045952,-0.0012158094955679885,1.003903795880531,-3.004197769493027e-08,-0.0025462292541608153,0.008596664565777873,0.008596664565777873,0.12045154690671347,0.9980607796106314,-3.0159255443698745e-08,2.2737200954269707,0.10117575342374412,0.0036904376666666654,0.001322220858032137,0.0009824968623195268,0.0005154757319408127,0.0032930326916666636,2.274162832853778,0.10096405166665506,0.00044273742680722705,-0.0002117017570890528,-0.0002117732946039231,1.000676373486532,1.2772978145856801e-09,0.0003416484889051107,0.00020548089597673645,0.00020548089597673645,0.1766503880263156,0.9996621976580943,1.2781617449618712e-09]"
/multi_agv/m2b_algorithm_state,1789558501.30727,1789558501.30727,m2b_algorithm_state_v1:header6+3x20,"[1.0,-0.15,0.52,2.275844108509766,0.10125206639799504,1789558501.3071666,2.2744170551405163,0.10107669901427396,0.0036904376666666654,0.0015384798584236483,0.0006968297917583572,0.0005703237700561025,0.004584685874999997,2.2712567329144067,0.10332498876702878,-0.003160322226109624,0.0022482897527548173,0.0022403595374164025,0.9930057181866734,1.6740191376050838e-07,-0.0017100432452206277,0.006637744896906094,0.006637744896906094,0.14195257251711227,1.0035397065542258,1.662310575995772e-07,2.2753976215128984,0.10150374592575076,0.002796189458333334,-0.0009461612749411701,0.0016672628032545767,0.0007549334070272723,-0.0017884964166666626,2.274174590597762,0.09852132314884213,-0.0012230309151362029,-0.002982422776908633,-0.0029968566879060962,1.0097880703423574,-1.8146594537750297e-07,-0.004525645331826349,0.01627614235158035,0.01627614235158035,0.12046877030429484,0.9951836499036768,-1.8324214681560037e-07,2.274710925082026,0.10117585943020029,0.0036904376666666654,0.0013215414420800335,0.0009825348605926997,0.0005157504668207645,0.0032930326916666636,2.2752066025353312,0.10084187887996791,0.0004956774533053654,-0.00033398055023237117,-0.00033415875849897455,1.0010685236721941,3.177599897615787e-09,0.0002854380581327322,0.0004595672224269832,0.0004595672224269832,0.17670396150056497,0.9994666958082921,3.180995238327151e-09]"
/multi_agv/m2b_algorithm_state,1789558501.317216,1789558501.317216,m2b_algorithm_state_v1:header6+3x20,"[1.0,-0.15,0.52,2.276840130616247,0.1012520715201461,1789558501.3170865,2.2754192895015897,0.1010766477157814,0.0036904376666666654,0.001538728752857012,0.0006968137834996383,0.0005702242109748453,0.004584685874999997,2.2723541640178753,0.10385111963274585,-0.0030651254837144037,0.0027744719169644494,0.0027624435442148774,0.9914205993658329,2.5486775035393134e-07,-0.0010689633104281272,0.004110571962073076,0.004110571962073076,0.1419472139640283,1.0043542510668724,2.526811378149161e-07,2.2763998713780826,0.10150374105325052,0.002796189458333334,-0.0009464011567995199,0.0016672886049500235,0.0007550239657664742,-0.0017884964166666626,2.2751544341215753,0.09852132314884213,-0.0012454372565073868,-0.0029824179044083965,-0.002996851768657175,1.0097880544516853,-1.815113631545315e-07,-0.004553648339291408,0.016374240861791133,0.016374240861791133,0.1204654033435544,0.995183657597037,-1.832880062606877e-07,2.2757131646496256,0.10117581042495317,0.0036904376666666654,0.0013217129521404494,0.000982534492168896,0.0005156763152596327,0.0032930326916666636,2.2760936946490324,0.09960135323272659,0.0003805299994068534,-0.0015744571922265832,-0.0015784549128377288,1.0051083518420356,7.068767389833832e-08,-0.001102792413579162,0.005919339995591383,0.005919339995591383,0.17669348699786194,0.9974673203658642,7.104877140750611e-08]"
/multi_agv/m2b_algorithm_state,1789558501.3272192,1789558501.3272192,m2b_algorithm_state_v1:header6+3x20,"[1.0,-0.15,0.52,2.277842127112702,0.1012520379273394,1789558501.3270671,2.276415317285248,0.1010766928972473,0.0036904376666666654,0.0015382957008391101,0.0006968610619822787,0.0005703873288765174,0.004584685874999997,2.273491674788221,0.10323010192793539,-0.0029236424970271457,0.002153409030688086,0.002146128784166786,0.9932936181982708,1.5356339472249365e-07,-0.0015084243371171462,0.005957747617267292,0.005957747617267292,0.14195257068291597,1.0033922691755548,1.5253353996671495e-07,2.2773958868137445,0.10150367726431557,0.002796189458333334,-0.0009459002114831274,0.0016672685924921105,0.0007548172325084063,-0.0017884964166666626,2.2765218282387623,0.0995003651356392,-0.0008740585749822394,-0.0020033121286763683,-0.002009776655600523,1.0065026279524234,-8.180070515195391e-08,-0.0031023498743283223,0.010884105441600957,0.010884105441600957,0.12046877138387617,0.9967834600396317,-8.233262470380294e-08,2.276709187749749,0.10117584439887543,0.0036904376666666654,0.0013214317787282209,0.0009825556348827206,0.0005157871951313986,0.0032930326916666636,2.2772571663364687,0.10054519393904317,0.0005479785867197329,-0.000630650459832266,-0.0006312873081499032,1.0020244634987108,1.1331506131826437e-08,5.368592524976291e-05,0.0014144830447537767,0.0014144830447537767,0.17670396516071118,0.9989911910006497,1.1354446352375737e-08]"
/multi_agv/m2b_algorithm_state,1789558501.3373787,1789558501.3373787,m2b_algorithm_state_v1:header6+3x20,"[1.0,-0.15,0.52,2.2788418212360564,0.10125201960135338,1789558501.337285,2.277417307495647,0.10107664354893738,0.0036904376666666654,0.0015385336178676931,0.0006968475799594919,0.0005702912140392725,0.004584685874999997,2.2743961629950604,0.10253591974774783,-0.003021144500586548,0.0014592761988104497,0.0014559153168735414,0.9954192255363365,7.056667428035889e-08,-0.002320515308859643,0.009158810603637765,0.009158810603637765,0.14195172932727185,1.002308432295448,7.024342426082976e-08,2.2783978910535834,0.10150367268260348,0.002796189458333334,-0.0009461288742257197,0.0016672918226441347,0.0007549042657922084,-0.0017884964166666626,2.27751223248574,0.0995003651356392,-0.0008856585678431728,-0.0020033075469642753,-0.002009772044494093,1.0065026131441417,-8.182010694045412e-08,-0.0031168452542980588,0.01093496402816271,0.01093496402816271,0.12046823852773147,0.9967834672854926,-8.23521514433002e-08,2.2777111827888756,0.10117579755047737,0.0036904376666666654,0.001321594124689017,0.0009825563025850585,0.0005157164769161757,0.0032930326916666636,2.27829381802234,0.10058332255889327,0.000582635233464579,-0.0005924749915841021,-0.0005930369105867565,1.0019010957153751,1.0002124162121955e-08,0.00013525713124396726,0.001108542593121967,0.001108542593121967,0.1767023068426779,0.9990524721267375,1.0021139157511215e-08]"
/multi_agv/m2b_algorithm_state,1789558501.3471918,1789558501.3471918,m2b_algorithm_state_v1:header6+3x20,"[1.0,-0.15,0.52,2.2798404888324932,0.10125200788185433,1789558501.3470721,2.27841700000302,0.1010766314456902,0.0036904376666666654,0.001538508103910892,0.0006968573583286284,0.0005702971867407921,0.004584685874999997,2.2754118265780625,0.10269146712326924,-0.0030051734249574302,0.0016148356775790434,0.0016107249073502633,0.9949398912495959,8.640215652860991e-08,-0.0021457418738465243,0.008468577601546918,0.008468577601546918,0.14195155844587684,1.0025521243323556,8.59649522203057e-08,2.2793975873142025,0.10150364487247895,0.002796189458333334,-0.0009460709304050987,0.0016672982344392295,0.0007548758133767292,-0.0017884964166666626,2.2785241194283965,0.098892744715953,-0.0008734678858060008,-0.002610900156525958,-0.002621931049237419,1.0085330412413283,-1.3902463079333293e-07,-0.00371376590649492,0.013278960998503066,0.013278960998503066,0.12046813123143896,0.9957928364612529,-1.4021093370145287e-07,2.278710876390946,0.10117578248589099,0.0036904376666666654,0.0013215828232886035,0.0009825645961395908,0.0005157170614018035,0.0032930326916666636,2.2792350076863235,0.09981026870675441,0.00052413129537765,-0.0013655137791365735,-0.0013685161131131867,1.0044200060881643,5.315819945617789e-08,-0.0007133519938911242,0.004453315933608783,0.004453315933608783,0.17670197306631605,0.9978061391109357,5.339315902141005e-08]"
/multi_agv/m2b_algorithm_state,1789558501.3574474,1789558501.3574474,m2b_algorithm_state_v1:header6+3x20,"[1.0,-0.15,0.52,2.2808405219529577,0.10125198733294831,1789558501.3573205,2.279415668102325,0.10107663462970494,0.0036904376666666654,0.0015383756439328322,0.000696877559568154,0.000570344094668634,0.004584685874999997,2.2765715567444498,0.10418564265486802,-0.002844111357875434,0.0031090080251630764,0.0030939424315894228,0.9904229146327025,3.1988044204081385e-07,-0.00046119676575486976,0.0017803679100077269,0.0017803679100077269,0.14195257321527108,1.004869383935471,3.168169197400601e-07,2.2803962544382554,0.10150360827909374,0.002796189458333334,-0.0009458970797584648,0.0016672968172870561,0.0007548011917182379,-0.0017884964166666626,2.279118181966293,0.09714647417279258,-0.0012780724719623215,-0.004357134106301161,-0.00438826140109226,1.0145219607954874,-3.8753691814265616e-07,-0.005985851991045162,0.021899256970511677,0.021899256970511677,0.12046876989593114,0.9929066908403972,-3.931647140747278e-07,2.2797095439568986,0.10117578073676431,0.0036904376666666654,0.0013214998982636734,0.0009825764842267496,0.0005157468222148592,0.0032930326916666636,2.2802423872305595,0.09997527617668509,0.0005328432736608768,-0.0012005045600792241,-0.0012028222432261936,1.0038786617980753,4.107994836906344e-08,-0.0005367681511500976,0.0037569389767501135,0.0037569389767501135,0.17670396014160125,0.9980731291260853,4.123928359546943e-08]"
/multi_agv/m2b_algorithm_state,1789558501.3672798,1789558501.3672798,m2b_algorithm_state_v1:header6+3x20,"[1.0,-0.15,0.52,2.2818405300652667,0.10125196710064233,1789558501.367238,2.2804156990190867,0.10107661587107035,0.0036904376666666654,0.001538399812949787,0.0006968837932912911,0.0005703303756160737,0.004584685874999997,2.27732815742748,0.10558517021068205,-0.003087541591606513,0.004508554339611698,0.004477207664716503,0.9863334967608439,6.719742398534996e-07,0.0006177806752083615,-0.002746250270332782,-0.002746250270332782,0.14195257392200122,1.0070013895362122,6.627907017279123e-07,2.2813962903257705,0.10150358580580629,0.002796189458333334,-0.0009458937239997371,0.001667305118438378,0.0007547954185739697,-0.0017884964166666626,2.2801919385132856,0.09911730721906964,-0.001204351812484905,-0.002386278586736651,-0.0023954775134479244,1.0077792309518931,-1.1609370990939867e-07,-0.0039009172790540557,0.013849226322036437,0.013849226322036437,0.12046876949933805,0.996159877661288,-1.1699682969084596e-07,2.280709576514016,0.10117576032196826,0.0036904376666666654,0.001321520197609412,0.0009825836682399117,0.0005157342861596666,0.0032930326916666636,2.2809080015981746,0.10068210421292835,0.0001984250841586821,-0.0004936561090399111,-0.0004940459243222285,1.0015822426742707,6.9430020585444675e-09,-0.00024601456912387587,0.002415124575969412,0.002415124575969412,0.17670395879257425,0.9992109735894448,6.9539875726890455e-09]"
/multi_agv/m2b_algorithm_state,1789558501.3773034,1789558501.3773034,m2b_algorithm_state_v1:header6+3x20,"[1.0,-0.15,0.52,2.2828424699327616,0.10125193467653378,1789558501.3771133,2.2814157050052204,0.10107659772466376,0.0036904376666666654,0.0015384204568125548,0.0006968901161219952,0.0005703181382243984,0.004584685874999997,2.2782028343609926,0.10350001906105451,-0.0032128706442278165,0.0024234213363907436,0.002414219769852691,0.992475965406343,1.9446442271568425e-07,-0.0016018685354320795,0.006174084344741416,0.006174084344741416,0.14195237055478613,1.0038114038551735,1.930012656719359e-07,2.282396301114319,0.10150356314511792,0.002796189458333334,-0.0009458865531368648,0.001667313147157845,0.0007547881334268175,-0.0017884964166666626,2.281176277348026,0.09911730721906964,-0.0012200237662929325,-0.0023862559260482835,-0.0023954546792805172,1.007779157453047,-1.1609063527504908e-07,-0.003920484387146683,0.013918091953090123,0.013918091953090123,0.12046864114754356,0.9961599134762187,-1.1699372260567794e-07,2.28170958407626,0.10117574043214526,0.0036904376666666654,0.001321538316077809,0.0009825907782823997,0.0005157227339069601,0.0032930326916666636,2.281955329784839,0.10109798870831749,0.0002457457085789372,-7.77517238277764e-05,-7.776136357097782e-05,1.0002480350246057,1.721862037526333e-10,0.00022942077215269365,0.0005422987093927906,0.0005422987093927906,0.17670355939044538,0.9998760342828527,1.7222891196191785e-10]"
/multi_agv/m2b_algorithm_state,1789558501.3873012,1789558501.3873012,m2b_algorithm_state_v1:header6+3x20,"[1.0,-0.15,0.52,2.28384435668378,0.1012519031342286,1789558501.387188,2.2824176388588415,0.10107655044342252,0.0036904376666666654,0.001538647742546868,0.0006968764476630084,0.0005702267285968784,0.004584685874999997,2.279082743143132,0.10183284403682025,-0.0033348957157093295,0.000756293593397725,0.0007553860433445214,0.9976068709332181,1.8965282627422277e-08,-0.0034132336012921405,0.013346815091568336,0.013346815091568336,0.14194423595226544,1.0012014387361268,1.891989625830686e-08,2.2833982484118502,0.10150355822021562,0.002796189458333334,-0.000946103624046883,0.0016673354372653826,0.0007548706310455122,-0.0017884964166666626,2.282479520656641,0.10066469292237837,-0.0009187277552094031,-0.0008388652978372491,-0.00083998887778812,1.0026873066424657,-1.433499826232111e-08,-0.0019883985717998737,0.006468162889689856,0.006468162889689856,0.12046353342971558,0.9986623871094227,-1.437352079837118e-08,2.2827115225275936,0.1011756953659632,0.0036904376666666654,0.0013216943347418666,0.0009825908436214897,0.0005156550716562021,0.0032930326916666636,2.282939337975974,0.1002363908155603,0.000227815448380575,-0.0009393045504029057,-0.0009407206181660691,1.0030258258683047,2.5147904832104558e-08,-0.0006559513076903504,0.004063895952764103,0.004063895952764103,0.17668767018084378,0.9984946989192987,2.5223998013079205e-08]"
/multi_agv/m2b_algorithm_state,1789558501.397135,1789558501.397135,m2b_algorithm_state_v1:header6+3x20,"[1.0,-0.15,0.52,2.2848438681705034,0.10125188726762224,1789558501.397029,2.2834195197126532,0.10107650616195984,0.0036904376666666654,0.001538853556813965,0.0006968629919012585,0.0005701445153203671,0.004584685874999997,2.280350623635323,0.10275816106535496,-0.0030688960773304075,0.0016816549033951134,0.00167719915007162,0.9947345164810233,9.371693305210171e-08,-0.0021589209465913894,0.008487360657566716,0.008487360657566716,0.14193629059380444,1.002656663237221,9.322346808566683e-08,2.2844001425470513,0.10150355072793225,0.002796189458333334,-0.0009462966582008477,0.0016673575898136228,0.0007549427811109899,-0.0017884964166666626,2.283328546995791,0.09888402143611673,-0.0010715955512603514,-0.0026195292918155255,-0.0026306339566030904,1.00856208560739,-1.39979349247306e-07,-0.00397012839567853,0.014183637468637001,0.014183637468637001,0.12045854438709089,0.9957787115308492,-1.4117786441882818e-07,2.2837134077916357,0.10117565251279367,0.0036904376666666654,0.0013218378925021414,0.0009825905472743866,0.0005155929988443666,0.0032930326916666636,2.2840636583113074,0.09943218974900961,0.0003502505196717465,-0.001743462763784065,-0.0017483710527624945,1.0056674893492945,8.66957712511908e-08,-0.0013105579031728115,0.0067252225250091485,0.0067252225250091485,0.17667215159067523,0.9971926502840035,8.718711861138579e-08]"
/multi_agv/m2b_algorithm_state,1789558501.4070218,1789558501.4070218,m2b_algorithm_state_v1:header6+3x20,"[1.0,-0.15,0.52,2.285843119970112,0.10125187306460574,1789558501.4068546,2.284419030140361,0.10107649990500289,0.0036904376666666654,0.0015387905562422631,0.0006968736549359802,0.0005701662767622376,0.004584685874999997,2.2814980705174035,0.10434263492821702,-0.002920959622957575,0.0032661350232141284,0.0032495279552142912,0.9899569978743924,3.5308347714517086e-07,-0.0004016715734826777,0.0014958250709442874,0.0014958250709442874,0.1419367673252348,1.0051106093650277,3.49537459033685e-07,2.2853996555899347,0.10150351969477399,0.002796189458333334,-0.0009461972945472817,0.0016673622582930037,0.0007548972814552524,-0.0017884964166666626,2.2842524348736757,0.09949580283959039,-0.0011472207162590564,-0.002007716855183597,-0.002014210070381961,1.0065172629806058,-8.218691810467144e-08,-0.0034482359657057814,0.01210464703536589,0.01210464703536589,0.12045884374630789,0.996776296924614,-8.27225518635251e-08,2.2847129187812154,0.10117564220308983,0.0036904376666666654,0.001321803800993177,0.000982598231694976,0.0005156037787937841,0.0032930326916666636,2.285137402481111,0.10084701146410555,0.00042448369989545043,-0.00032863073898428685,-0.0003288032773120686,1.0010513470958036,3.0772179210225368e-09,0.00020180134755724442,0.0007539714737433441,0.0007539714737433441,0.17667308267340512,0.9994752536252306,3.0804531451469585e-09]"
/multi_agv/m2b_algorithm_state,1789558501.4170063,1789558501.4170063,m2b_algorithm_state_v1:header6+3x20,"[1.0,-0.15,0.52,2.2868409971398704,0.10125186756606493,1789558501.416914,2.2854182814706605,0.1010764969727588,0.0036904376666666654,0.0015387052820927138,0.0006968870056588191,0.0005701962948841343,0.004584685874999997,2.282470794614991,0.10334788691487645,-0.002947486855669368,0.0022713899421176464,0.002263297326712393,0.9929357008945496,1.708817895319482e-07,-0.001421061242874317,0.005593889481764145,0.005593889481764145,0.1419381647916396,1.003575586516955,1.6967462945901988e-07,2.2863989081864116,0.101503487259969,0.002796189458333334,-0.0009460739829891965,0.001667364648898495,0.0007548425860897795,-0.0017884964166666626,2.285240261540403,0.09949580283959039,-0.0011586466460085099,-0.0020076844203786026,-0.0020141774270281227,1.0065171581455095,-8.217356259883223e-08,-0.00346248573453876,0.012154979953871745,0.012154979953871745,0.12045972125402608,0.9967763482191833,-8.270910070166875e-08,2.285712170253264,0.1011756349610894,0.0036904376666666654,0.0013217541071208413,0.0009826068874980946,0.0005156208164929948,0.0032930326916666636,2.286222384517622,0.1014522719956363,0.0005102142643580443,0.00027663703454690325,0.0002765153310280639,0.9991210416580653,2.1795235911956854e-09,0.0009142831614756192,-0.0020517270336052966,-0.0020517270336052966,0.17667581208551958,1.0004401329878776,2.1776078807537604e-09]"
/multi_agv/m2b_algorithm_state,1789558501.4270089,1789558501.4270089,m2b_algorithm_state_v1:header6+3x20,"[1.0,-0.15,0.52,2.2878428373676605,0.10125183650276248,1789558501.4268787,2.2864161610047073,0.1010765139926994,0.0036904376666666654,0.001538480387746728,0.0006969144297697125,0.0005702795123221553,0.004584685874999997,2.2834424372434046,0.10268657364776218,-0.0029737237613027823,0.0016100596550627788,0.0016059730104215403,0.9949545741914119,8.589062842712264e-08,-0.0021111816912069373,0.00834721382940253,0.00834721382940253,0.14194443653734953,1.0025446533750688,8.545727363374058e-08,2.2873967826416,0.1015034435141993,0.002796189458333334,-0.0009457995038425647,0.0016673565051892325,0.0007547278444031413,-0.0017884964166666626,2.2861577972891483,0.10255376975565944,-0.0012389853524519268,0.0010503262414601339,0.0010485898309242772,0.9967067584030523,-2.2436019089850518e-08,-0.0005001418596406312,0.00036204928062117075,0.00036204928062117075,0.12046365937597811,1.001655948288499,-2.236213185851391e-08,2.2867100477733038,0.10117564519129607,0.0036904376666666654,0.0013216104275097034,0.000982620509169219,0.000515676010316542,0.0032930326916666636,2.286795166509179,0.10109573727078146,8.511873587524477e-05,-7.990792051461304e-05,-7.991810250553791e-05,1.0002549200450224,1.818789758025208e-10,2.6480317338518043e-05,0.0012635811750703555,0.0012635811750703555,0.17668806197752435,0.9998725946862393,1.81925340399221e-10]"
/multi_agv/m2b_algorithm_state,1789558501.4370022,1789558501.4370022,m2b_algorithm_state_v1:header6+3x20,"[1.0,-0.15,0.52,2.2888433184303185,0.10125181464632155,1789558501.4368472,2.2874179956485516,0.1010764688078217,0.0036904376666666654,0.001538697044576172,0.0006969013776848775,0.0005701923892904993,0.004584685874999997,2.2840715043700706,0.10275634816230093,-0.0033464912784810785,0.0016798793544792329,0.0016754329431801654,0.994739966778575,9.350976516127365e-08,-0.002507681154921183,0.009733354672329959,0.009733354672329959,0.1419366561096338,1.0026538879500766,9.30179006899977e-08,2.288398629757741,0.10150343856118825,0.002796189458333334,-0.0009460050119872673,0.0016673771702415685,0.0007548061752772894,-0.0017884964166666626,2.287177424300185,0.10255376975565944,-0.001221205457555996,0.0010503311944711907,0.0010485947675067258,0.9967067428366951,-2.2441106179055125e-08,-0.00047791205443826926,0.00028263546112594477,0.00028263546112594477,0.12045877390289464,1.0016559561598743,-2.2367201845378466e-08,2.287711886696689,0.10117560213927751,0.0036904376666666654,0.0013217591111156753,0.0009826203702462347,0.0005156116337842842,0.0032930326916666636,2.2876683068236776,0.09968792693645186,-4.357987301117916e-05,-0.001487675202825653,-0.001491242046735139,1.004822079306489,6.310858477172681e-08,-0.001545716887999113,0.0074459554194647795,0.0074459554194647795,0.17667286544145824,0.9976081388549262,6.341289937241636e-08]"
/multi_agv/m2b_algorithm_state,1789558501.447069,1789558501.447069,m2b_algorithm_state_v1:header6+3x20,"[1.0,-0.15,0.52,2.289843015166913,0.101251798016537,1789558501.4469118,2.2884184738897084,0.1010764463555792,0.0036904376666666654,0.0015387528705471595,0.0006969019621642758,0.0005701678867192691,0.004584685874999997,2.2851208367972156,0.1031380570577258,-0.0032976370924928666,0.0020616107021465963,0.002054933259541543,0.9935727489471896,1.4080147259121728e-07,-0.0020671131060745404,0.007996015750799265,0.007996015750799265,0.14193369521806795,1.0032494693314482,1.3989650617826812e-07,2.289399114424271,0.10150341921097075,0.002796189458333334,-0.0009460353328600074,0.0016673879818576154,0.0007548136939476147,-0.0017884964166666626,2.287904627434597,0.10067615867050525,-0.0014944869896740265,-0.000827260540465502,-0.0008283531546676128,1.0026497874235485,-1.394001639183861e-08,-0.002696461891760146,0.00896956601802262,0.00896956601802262,0.12045691465193696,0.9986809802124202,-1.3976954471957764e-08,2.2887123669769758,0.10117557837241468,0.0036904376666666654,0.0013218023411009547,0.0009826245574939387,0.0005155907169818569,0.0032930326916666636,2.2887851896162195,0.10116908638341271,7.282263924368593e-05,-6.491989001974896e-06,-6.492056170840582e-06,1.0000206933541085,1.200602383470619e-12,8.453624288376683e-05,0.001024626921980981,0.001024626921980981,0.17666708254639776,0.9999896536838377,1.2006272279608836e-12]"
/multi_agv/m2b_algorithm_state,1789558501.4569018,1789558501.4569018,m2b_algorithm_state_v1:header6+3x20,"[1.0,-0.15,0.52,2.290837162404353,0.10125181661415783,1789558501.4567864,2.2894181694282527,0.10107643632854293,0.0036904376666666654,0.0015387215144013282,0.0006969104584382711,0.0005701770586708952,0.004584685874999997,2.286339753531839,0.1035078723122643,-0.0030784158964136665,0.002431435983721364,0.0024221739973729946,0.9924517574674232,1.9579007405041952e-07,-0.0014258458731440885,0.005540703546190044,0.005540703546190044,0.14193351512358937,1.0038238319618717,1.9431220308601577e-07,2.2903988127975623,0.10150339242197429,0.002796189458333334,-0.00094597091472884,0.0016673928919477277,0.0007547832163118523,-0.0017884964166666626,2.2892223178793047,0.10166065309657109,-0.0011764949182575535,0.00015726067459680138,0.00015722148363827112,0.9995018766260187,-5.033762190807995e-10,-0.0013133971641836708,0.0036483726824240842,0.0036483726824240842,0.12045680157077678,1.000249272285335,-5.031254756201691e-10,2.289712063274924,0.10117556529909379,0.0036904376666666654,0.0013217877816324034,0.000982631343340712,0.0005155934979711391,0.0032930326916666636,2.2898484047641006,0.10119651244960476,0.00013634148917640587,2.0947150510972068e-05,2.0946451357733966e-05,0.9999332512660838,1.2499148303792392e-11,0.0001913733128282413,0.0006329352006806218,0.0006329352006806218,0.17666673082015094,1.0000333781233948,1.2498314001468082e-11]"
/multi_agv/m2b_algorithm_state,1789558501.4671028,1789558501.4671028,m2b_algorithm_state_v1:header6+3x20,"[1.0,-0.15,0.52,2.2918428188225186,0.10125176079605509,1789558501.4669375,2.290412326671519,0.10107650958447888,0.0036904376666666654,0.0015381028140483309,0.0006969754327068142,0.0005704114430251066,0.004584685874999997,2.287392489825044,0.10346873031476492,-0.003019836846474888,0.0023922207302860404,0.0023832524377551353,0.9925701747844624,1.8945473782800763e-07,-0.001391543620338475,0.005434534251021632,0.005434534251021632,0.14195257424911387,1.0037630476691561,1.8804712223969003e-07,2.291392947955737,0.10150331593560037,0.002796189458333334,-0.0009452693567469639,0.0016673566541531848,0.0007544979643276523,-0.0017884964166666626,2.290401650213708,0.10313749033648495,-0.000991297742029218,0.0016341744008845777,0.001629989589935901,0.9949101793605456,-5.425836118655283e-08,0.00039086741239937857,-0.003079840559259197,-0.003079840559259197,0.12046876931566636,1.0025673850768835,-5.398219585992254e-08,2.290706212585802,0.10117562432239421,0.0036904376666666654,0.00132138123261163,0.0009826577472033865,0.0005157559866823484,0.0032930326916666636,2.29096828662503,0.10102281653370793,0.0002620740392278442,-0.00015280778868628775,-0.00015284504358634968,1.0004878862385735,6.650292174214813e-10,0.0001747475054484556,0.000770093468314842,0.000770093468314842,0.17670395814824377,0.9997562570614801,6.653536760249106e-10]"
/multi_agv/m2b_algorithm_state,1789558501.4774244,1789558501.4774244,m2b_algorithm_state_v1:header6+3x20,"[1.0,-0.15,0.52,2.292838945536771,0.10125176718518707,1789558501.4773173,2.2914179699201416,0.10107640248607196,0.0036904376666666654,0.0015387624976525224,0.000696922949806388,0.0005701527961740863,0.004584685874999997,2.288445495468041,0.1037941515085688,-0.002972474452100471,0.002717749022496843,0.00270620244082384,0.9915905122594326,2.4456909757534483e-07,-0.0010093906243017485,0.003922359896358722,0.003922359896358722,0.14193170072491193,1.0042667102426706,2.4251239674756336e-07,2.292398620327452,0.10150335121576363,0.002796189458333334,-0.000945957279671819,0.0016674045147997418,0.000754771259125625,-0.0017884964166666626,2.2914281963229124,0.10313749033648495,-0.0009704240045396162,0.0016341391207213146,0.0016299544913551225,0.9949102896493874,-5.429549610852362e-08,0.00041692448568060223,-0.0031735418551297355,-0.0031735418551297355,0.12045566223946029,1.0025673289581927,-5.401914775998842e-08,2.2917118662199627,0.10117552868632969,0.0036904376666666654,0.0013218216687774652,0.0009826442852842515,0.0005155720768865333,0.0032930326916666636,2.2919391058134697,0.10063147151417436,0.0002272395935070115,-0.0005440571721553322,-0.0005445308308965975,1.0017447860035742,8.435329101444664e-09,-0.0002604813390128331,0.002489129733704764,0.002489129733704764,0.17666318718787893,0.9991301525746754,8.450046945596407e-09]"
/multi_agv/m2b_algorithm_state,1789558501.4873183,1789558501.4873183,m2b_algorithm_state_v1:header6+3x20,"[1.0,-0.15,0.52,2.293843958896313,0.10125171619943386,1789558501.4872663,2.2924141027075984,0.10107644642837771,0.0036904376666666654,0.0015383525115062334,0.0006969674809611517,0.0005703073450385727,0.004584685874999997,2.289484409949503,0.1037941515085688,-0.0029296927580952925,0.0027177050801910907,0.0027061588749726566,0.9915906490682102,2.4449598727026127e-07,-0.0009559570726464591,0.0037304878079893536,0.0037304878079893536,0.14194417860151776,1.0042666398211932,2.4243993471189124e-07,2.2933947397748775,0.10150329276336101,0.002796189458333334,-0.0009454823537875081,0.0016673827143205422,0.0007545767345218113,-0.0017884964166666626,2.2924803730233605,0.10333707268437946,-0.0009143667515170151,0.0018337799210184497,0.001828518358552273,0.9943015101220916,-6.832797223088124e-08,0.0006855599191560042,-0.00422461736953989,-0.00422461736953989,0.12046349740887216,1.0028775004864279,-6.793860597274556e-08,2.292707994127836,0.1011755623638225,0.0036904376666666654,0.0013215546203537644,0.0009826634071830936,0.0005156778853019381,0.0032930326916666636,2.292946363848025,0.10063147151417436,0.00023836972018909108,-0.0005440908496481406,-0.0005445645669359361,1.0017448938795497,8.434667923698057e-09,-0.00024660241669957226,0.0024397029666268495,0.0024397029666268495,0.17668755814493228,0.999130098951423,8.449385524134151e-09]"
/multi_agv/m2b_algorithm_state,1789558501.4971938,1789558501.4971938,m2b_algorithm_state_v1:header6+3x20,"[1.0,-0.15,0.52,2.294837378709167,0.10125174019493162,1789558501.4970398,2.2934191042265253,0.10107635159682495,0.0036904376666666654,0.001538926036888218,0.0006969211279938214,0.0005700828557237219,0.004584685874999997,2.290189925852353,0.10370526800859817,-0.00322917837417247,0.0026289164117732217,0.002618105022232018,0.9918571026382547,2.2888211299398605e-07,-0.0014183679454835697,0.005427240674486931,0.005427240674486931,0.14192514862434552,1.0041294712967574,2.2701834943993663e-07,2.2943997675658885,0.10150332007102396,0.002796189458333334,-0.0009460761751968697,0.0016674260087259363,0.0007548116147702705,-0.0017884964166666626,2.2933041076661467,0.10136895002090304,-0.0010956598997418077,-0.00013437005012091607,-0.00013439872558164951,1.0004270304344518,-3.676161636496375e-10,-0.001503973600258909,0.004450935596191756,0.004450935596191756,0.12045154784482114,0.9997866388940124,-3.6777314693971234e-10,2.2937130048965257,0.1011754769304527,0.0036904376666666654,0.001321939705306765,0.0009826515543202245,0.0005155171311251997,0.0032930326916666636,2.2937039107547497,0.10024527827434176,-9.094141776078146e-06,-0.0009301986561109366,-0.0009315873100726728,1.0029961931474694,2.4667135442684848e-08,-0.0009429549872927705,0.005075623324077575,0.005075623324077575,0.17665039090730303,0.9985093678856275,2.4741042944865918e-08]"
/multi_agv/m2b_algorithm_state,1789558501.5072343,1789558501.5072343,m2b_algorithm_state_v1:header6+3x20,"[1.0,-0.15,0.52,2.2958439832869835,0.10125167892378834,1789558501.5071008,2.2944125355693967,0.1010764377001533,0.0036904376666666654,0.0015382191023441756,0.0006969927239634183,0.0005703520416733498,0.004584685874999997,2.2912719853257024,0.10450623387932827,-0.0031405502436943067,0.0034297961791749654,0.0034115058603892147,0.9894735457790298,3.8916153285131896e-07,-0.0005141819442286686,0.0018249957727161249,0.0018249957727161249,0.14194722359179363,1.0053613622647166,3.8506504179119696e-07,2.295393173503484,0.10150323605521316,0.002796189458333334,-0.0009452786820046489,0.0016673843829511092,0.0007544875808446205,-0.0017884964166666626,2.293956950782954,0.10254578278066499,-0.0014362227205300115,0.001042546725451829,0.001040835836160195,0.9967308512818567,-2.209286581108988e-08,-0.0007544425645023194,0.0012721094887565153,0.0012721094887565153,0.1204654093914526,1.001643764782298,-2.2020640947143444e-08,2.29470642705462,0.1011755468294284,0.0036904376666666654,0.0013214759298544351,0.000982679704758271,0.000515703516763786,0.0032930326916666636,2.294755777360176,0.10099242350409711,4.935030555630604e-05,-0.00018312332533129694,-0.00018317684084404997,1.0005848794683483,9.551631629259312e-10,-0.00012148895889866742,0.001834837625295451,0.001834837625295451,0.17669350582729118,0.9997078478234125,9.557218182488493e-10]"
/multi_agv/m2b_algorithm_state,1789558501.5169878,1789558501.5169878,m2b_algorithm_state_v1:header6+3x20,"[1.0,-0.15,0.52,2.296838052449368,0.10125169914679948,1789558501.5168512,2.295419125128386,0.10107631718491658,0.0036904376666666654,0.0015389765853319726,0.0006969297859877874,0.0005700564410475532,0.004584685874999997,2.2924058541164465,0.10521056090013586,-0.003013271011939711,0.004134243715219282,0.0041078105416494344,0.9874138787783233,5.654075908547661e-07,0.00034122177672479565,-0.0015742689414660871,-0.0015742689414660871,0.14192255196417655,1.006434857036818,5.582913023766118e-07,2.29639979632137,0.1015032800378007,0.002796189458333334,-0.0009460728060094216,0.0016674391031585856,0.0007548033420370914,-0.0017884964166666626,2.2949827371674485,0.10254578278066499,-0.0014170591539213184,0.0010425027428642986,0.0010407919983797928,0.9967309895208443,-2.210955656170665e-08,-0.0007305319440218552,0.001186142248913787,0.001186142248913787,0.12044991723220785,1.0016436948854035,-2.2037280189616945e-08,2.295713028411195,0.10117543954864772,0.0036904376666666654,0.0013219823579392856,0.0009826621932894856,0.0005154931084529429,0.0032930326916666636,2.2958259412690603,0.10162250984962212,0.00011291285786541039,0.0004470703009744059,0.00044675285089489797,0.9985822665004045,5.69266206293006e-09,0.000587893923226661,-0.0009698117355878629,-0.0009698117355878629,0.17664531980320655,1.000710572028521,5.684591385221568e-09]"
/multi_agv/m2b_algorithm_state,1789558501.526996,1789558501.526996,m2b_algorithm_state_v1:header6+3x20,"[1.0,-0.15,0.52,2.2978422551367217,0.10125165380013401,1789558501.5268679,2.296413204571545,0.10107639405646489,0.0036904376666666654,0.00153833638375652,0.0006969945269122311,0.0005703002666690465,0.004584685874999997,2.2937626750560387,0.10536386321567202,-0.0026505295155061503,0.004287469159207136,0.004259073507043302,0.9869704432578604,6.077687404725724e-07,0.0009459116126606139,-0.003824531794709613,-0.003824531794709613,0.1419423235962818,1.0066670960519644,5.998497831824864e-07,2.2973938531449893,0.10150320192142918,0.002796189458333334,-0.0009453477833436452,0.0016674020868636674,0.0007545083238891664,-0.0017884964166666626,2.296140146838882,0.10207040221042508,-0.0012537063061075493,0.0005672002889959005,0.0005666920475103217,0.9982117481492084,-6.542045316428197e-09,-0.0010004408351241148,0.0023576078998069163,0.0023576078998069163,0.12046233264648579,1.0008968565692986,-6.530346491783132e-09,2.29670709963157,0.10117550146250431,0.0036904376666666654,0.0013215633760677993,0.000982687770062541,0.0005156614165344703,0.0032930326916666636,2.297075615239454,0.10141523046548448,0.00036851560788386806,0.00023972900298016575,0.0002396375820468812,0.99923798899361,1.6365566070586899e-09,0.0007002820919017163,-0.0012745096973034338,-0.0012745096973034338,0.1766839349353716,1.0003814966438223,1.635309532911531e-09]"
/multi_agv/m2b_algorithm_state,1789558501.5369678,1789558501.5369678,m2b_algorithm_state_v1:header6+3x20,"[1.0,-0.15,0.52,2.298841576122481,0.10125164070986603,1789558501.5368395,2.2974173971945144,0.10107631147151547,0.0036904376666666654,0.0015388270337815648,0.0006969561374109644,0.0005701075582095785,0.004584685874999997,2.29471217017615,0.10445556344409901,-0.002705227018364287,0.0033792519725835413,0.0033614899069496803,0.9896226326096944,3.7794029221010134e-07,-2.0043866005678163e-05,7.382724029445821e-05,7.382724029445821e-05,0.1419261679413238,1.0052839860078528,3.740182669462377e-07,2.298398068057706,0.1015032230946223,0.002796189458333334,-0.0009458521782131019,0.0016674387629525,0.0007547078834648502,-0.0017884964166666626,2.2971575911406212,0.10207040221042508,-0.0012404769170846208,0.000567179115802785,0.0005666709123257568,0.9982118149874327,-6.545046650064523e-09,-0.0009839252340300192,0.0022983655206734177,0.0022983655206734177,0.12045218792339812,1.0008968229460418,-6.533342895738324e-09,2.297711300157945,0.10117542683426428,0.0036904376666666654,0.0013218927529569753,0.0009826784885882626,0.0005155234721128123,0.0032930326916666636,2.2980485572919993,0.10084391696067749,0.00033725713405452495,-0.00033150987358679385,-0.00033168545270441006,1.0010605956111485,3.131593246547857e-09,8.988596486374613e-05,0.0011521919350497673,0.0011521919350497673,0.1766523815844065,0.9994706457091059,3.1349146006010477e-09]"
/multi_agv/m2b_algorithm_state,1789558501.5470297,1789558501.5470297,m2b_algorithm_state_v1:header6+3x20,"[1.0,-0.15,0.52,2.299842719609568,0.10125161598574899,1789558501.5469234,2.29841671798422,0.10107630785438762,0.0036904376666666654,0.0015387580564100406,0.0006969673405805563,0.0005701316294359296,0.004584685874999997,2.295713924649919,0.1040461108290174,-0.0027027933343011235,0.0029698029746297733,0.0029560416847373436,0.9908370717923496,2.91980599483876e-07,-0.0004224499831390607,0.0017048500502283358,0.0017048500502283358,0.14192731992507251,1.0046553098230928,2.893052022127785e-07,2.299397389427442,0.10150319471340517,0.002796189458333334,-0.0009457477335616865,0.0016674399148821628,0.0007546620106174406,-0.0017884964166666626,2.2979222735539415,0.10006110992029116,-0.0014751158735006875,-0.0014420847931140152,-0.001445420466175859,1.0046513816259164,-4.236525220710466e-08,-0.0032893153080517184,0.011317189984879707,0.011317189984879707,0.12045291131623075,0.9976922472457658,-4.25623091627981e-08,2.298710620955782,0.10117541956180529,0.0036904376666666654,0.001321853182093516,0.0009826855917889569,0.0005155369295076762,0.0032930326916666636,2.29902935958825,0.10065988499892006,0.0003187386324676744,-0.0005155345628852226,-0.0005159597686587967,1.0016527831899527,7.57409098185369e-09,-0.00011753647807420371,0.001969942005577123,0.001969942005577123,0.17665463141396368,0.9991758935494538,7.586609312107671e-09]"
/multi_agv/m2b_algorithm_state,1789558501.5571537,1789558501.5571537,m2b_algorithm_state_v1:header6+3x20,"[1.0,-0.15,0.52,2.300837311762075,0.1012516332092457,1789558501.5570152,2.2994178576355377,0.1010762759457887,0.0036904376666666654,0.0015388901969328786,0.0006969598602877261,0.0005700782425811733,0.004584685874999997,2.296527641710882,0.10444577959544103,-0.00289021592465577,0.003369503649652328,0.0033518425970986503,0.9896514055107001,3.7578120860825964e-07,-0.0002609273087210624,0.0009434717368204695,0.0009434717368204695,0.1419220111669839,1.0052690578516321,3.7189240126367374e-07,2.3003985377075846,0.10150318398230296,0.002796189458333334,-0.0009458618351754263,0.0016674542940497972,0.0007547039896619173,-0.0017884964166666626,2.298938055024122,0.10189156664414753,-0.0014604826834627715,0.0003883826618445718,0.00038814404242013684,0.9987730236888072,-3.0693865115544637e-09,-0.0014374593119083276,0.003989111651272983,0.003989111651272983,0.12044957764154983,1.0006147702872035,-3.0656204470148914e-09,2.2997117634855817,0.1011753880291553,0.0036904376666666654,0.0013219469619836655,0.0009826862586011847,0.0005154959324965461,0.0032930326916666636,2.3000482957576303,0.10085598132529441,0.00033653227204855085,-0.00031940670386088055,-0.00031956968168005335,1.0010217345738135,2.9071985396005365e-09,0.00010109565838063521,0.0011070482970373507,0.0011070482970373507,0.1766442637590538,0.9994900085067019,2.9101689248613866e-09]"
/multi_agv/m2b_algorithm_state,1789558501.5673583,1789558501.5673583,m2b_algorithm_state_v1:header6+3x20,"[1.0,-0.15,0.52,2.3018423734491544,0.10125158275255719,1789558501.5672457,2.3004124591685753,0.1010763441589388,0.0036904376666666654,0.001538315089318498,0.0006970190440349626,0.0005702967432428012,0.004584685874999997,2.297621597971763,0.10496760076586246,-0.0027908611968121555,0.00389125660692366,0.003867795948081323,0.9881204379289701,5.00777695911473e-07,0.00037921945206612854,-0.001598579366731411,-0.001598579366731411,0.14193992824511276,1.006065640265737,4.948286761891054e-07,2.3013931185534426,0.10150311263373608,0.002796189458333334,-0.0009452081274349184,0.00166742037410339,0.0007544382734711585,-0.0017884964166666626,2.300076116646155,0.10174831641769366,-0.0013170019072874517,0.0002452037839575788,0.00024510856746409645,0.9992240900676992,-1.2227286176590328e-09,-0.0014011438166452181,0.003922724455963006,0.003922724455963006,0.12046082856052444,1.0003884666067262,-1.2217798903800827e-09,2.3007063575642066,0.1011754428350622,0.0036904376666666654,0.0013215701966827792,0.0009827098289441729,0.0005156469850152692,0.0032930326916666636,2.3007560896402746,0.10083807167519535,4.973207606795427e-05,-0.00033737115986685884,-0.00033755301056366744,1.001079418961722,3.2425305448292333e-09,-0.0002753879154787246,0.0024496746868805912,0.0024496746868805912,0.17667925640976637,0.9994612677383473,3.246030593783285e-09]"
/multi_agv/m2b_algorithm_state,1789558501.577061,1789558501.577061,m2b_algorithm_state_v1:header6+3x20,"[1.0,-0.15,0.52,2.302837642123236,0.1012515959480668,1789558501.576973,2.301417509167523,0.10107624823354376,0.0036904376666666654,0.0015389036126295624,0.0006969714194819505,0.000570066414385947,0.004584685874999997,2.2986706587793386,0.10477725795505327,-0.002746850388184452,0.00370100972150951,0.003679756230726809,0.988676473829576,4.5324837300114576e-07,0.000246193245496244,-0.001031225390528865,-0.001031225390528865,0.14192072812299905,1.0057757877017042,4.481160031877652e-07,2.3023981944123157,0.10150314310117177,0.002796189458333334,-0.0009458192209766741,0.0016674628894848276,0.0007546810458437664,-0.0017884964166666626,2.3009923035139437,0.09985151160713486,-0.0014058908983720642,-0.0016516314940369092,-0.0016560139330739942,1.0053398956456303,-5.5583827226884926e-08,-0.0034133775560390746,0.011839462614973085,0.011839462614973085,0.12044877193384154,0.9973536218810973,-5.588063906386124e-08,2.3017114167676236,0.10117535692295601,0.0036904376666666654,0.0013219642385832674,0.0009826971592843412,0.0005154827732354456,0.0032930326916666636,2.301724165772338,0.10018700427091179,1.2749004714596168e-05,-0.000988352652044222,-0.0009899210553581397,1.003185606063827,2.7849457961158573e-08,-0.0009739847994648945,0.005210718469386201,0.005210718469386201,0.17664175808065763,0.9984156278872659,2.7938175363313932e-08]"
/multi_agv/m2b_algorithm_state,1789558501.5870385,1789558501.5870385,m2b_algorithm_state_v1:header6+3x20,"[1.0,-0.15,0.52,2.3038435237081596,0.10125154058761161,1789558501.5869117,2.302412785910669,0.10107630642926767,0.0036904376666666654,0.0015384009582455763,0.0006970234841971563,0.0005702572125372004,0.004584685874999997,2.2996734941262718,0.10384649221648047,-0.0027392917843971354,0.0027701857872128033,0.0027581941035133453,0.9914333925577447,2.54027991354041e-07,-0.0006659206269830739,0.002667573057997323,0.002667573057997323,0.14193624621397233,1.004347657651861,2.518518332727663e-07,2.303393453376381,0.10150307828733038,0.002796189458333334,-0.0009452443653689829,0.0016674337594353439,0.0007544470177907325,-0.0017884964166666626,2.301830411594619,0.09878373559078263,-0.0015630417817620312,-0.0027193426965477496,-0.0027313188224544786,1.008898376767028,-1.5069234059612596e-07,-0.004685121049657018,0.016737013778291714,0.016737013778291714,0.12045851651810387,0.9956152588968115,-1.520332578186556e-07,2.302706687082658,0.10117540312760236,0.0036904376666666654,0.0013216357931395812,0.0009827181325365872,0.000515614231881257,0.0032930326916666636,2.302721973066198,0.1004337673058178,1.528598353983668e-05,-0.0007416358217845614,-0.0007425172895163206,1.0023837440115249,1.567446635263415e-08,-0.0007234098100915247,0.0042158748741896405,0.0042158748741896405,0.17667206486548875,0.9988128657147725,1.571183026793609e-08]"
/multi_agv/m2b_algorithm_state,1789558501.596964,1789558501.596964,m2b_algorithm_state_v1:header6+3x20,"[1.0,-0.15,0.52,2.3048421094490754,0.10125153330720349,1789558501.5968585,2.303418654166723,0.10107619877593452,0.0036904376666666654,0.0015390736488486334,0.0006969670443493386,0.0005699949859173546,0.004584685874999997,2.300473655621455,0.10350759658906691,-0.002944998545268085,0.0024313978131323966,0.0024221360849050917,0.9924518481088779,1.9582895037774724e-07,-0.0012591120966800144,0.004944151932845686,0.004944151932845686,0.14191414099391417,1.0038237852468423,1.94350803715617e-07,2.3043993511655176,0.10150311598589515,0.002796189458333334,-0.0009459467609357151,0.0016674823720745913,0.0007547261948506051,-0.0017884964166666626,2.302840991119868,0.09970377689939648,-0.001558360045649465,-0.0017993390864986664,-0.00180454623708431,1.0058271614011616,-6.598565852047367e-08,-0.0037524962941461416,0.013094704419038468,0.013094704419038468,0.1204446353441165,0.9971144266194825,-6.637016760283441e-08,2.3037125657922375,0.10117530700100517,0.0036904376666666654,0.0013220865733525457,0.0009827021570264494,0.0005154271458199114,0.0032930326916666636,2.3034936758918203,0.1006147209580172,-0.00021888990041718515,-0.0005605860429879761,-0.0005610889834085463,1.001798135554202,8.957564661988497e-09,-0.0008347013589300277,0.004531162232647379,0.004531162232647379,0.17662889443943158,0.9991036351889946,8.973671577486282e-09]"
/multi_agv/m2b_algorithm_state,1789558501.6070411,1789558501.6070411,m2b_algorithm_state_v1:header6+3x20,"[1.0,-0.15,0.52,2.305837584600766,0.10125154555826553,1789558501.6068652,2.3044172413410497,0.1010762086528752,0.0036904376666666654,0.0015389132358666294,0.0006969849525678914,0.0005700552030726194,0.004584685874999997,2.301529356688889,0.10398088484377033,-0.0028878846521607215,0.002904676190895128,0.002891505311436194,0.991031307605168,2.793570818176795e-07,-0.0007183505037647079,0.0027955645898535826,0.0027955645898535826,0.1419178988907214,1.0045550251652113,2.768516140825388e-07,2.305397935371313,0.10150308004994864,0.002796189458333334,-0.000945742911513274,0.0016674777667131657,0.0007546402282354592,-0.0017884964166666626,2.3039917799809766,0.10035667483171677,-0.0014061553903363944,-0.0011464052182318663,-0.0011485085534334687,1.0036853431369124,-2.6767993087632725e-08,-0.0029062027913539616,0.009843167527546345,0.009843167527546345,0.12044699523904437,0.9981686377560581,-2.686664232724715e-08,2.304711151634863,0.10117531121878662,0.0036904376666666654,0.0013219875883127646,0.0009827108812025427,0.0005154655137784127,0.0032930326916666636,2.3045900144020153,0.10079432016066875,-0.00012113723284778999,-0.0003809910581178688,-0.0003812230498411667,1.0012195851771992,4.13664565491481e-09,-0.0005326445909009042,0.0033815466018840374,0.0033815466018840374,0.17663623291895722,0.9993914541017536,4.14169064663887e-09]"
/multi_agv/m2b_algorithm_state,1789558501.6170368,1789558501.6170368,m2b_algorithm_state_v1:header6+3x20,"[1.0,-0.15,0.52,2.306842417084316,0.10125149736268517,1789558501.6168687,2.3054127242479847,0.10107626384404521,0.0036904376666666654,0.0015384343060231525,0.0006970346917936957,0.0005702369272273826,0.004584685874999997,2.3026365477785924,0.10478121911493382,-0.002776176469392322,0.003704955270888613,0.0036836570843288385,0.9886649187705537,4.54075339796336e-07,0.00021343649758843617,-0.0009157496739891869,-0.0009157496739891869,0.14193268426805522,1.0057818048944844,4.489283589354561e-07,2.3063934011797307,0.10150301785749051,0.002796189458333334,-0.0009451940551760828,0.0016674497368955876,0.000754416897674956,-0.0017884964166666626,2.304989634226649,0.10035667483171677,-0.0014037669530817531,-0.0011463430257737384,-0.0011484461335476597,1.0036851437031276,-2.6749562374004977e-08,-0.0029031548248998514,0.009832914749407439,0.009832914749407439,0.12045627984605509,0.9981687362493662,-2.684813835534896e-08,2.305706628374581,0.10117535497326086,0.0036904376666666654,0.0013216746639291561,0.00098273087954599,0.0005155907517624169,0.0032930326916666636,2.305567410221071,0.10021835140257308,-0.00013921815351025657,-0.0009570035706877728,-0.0009584737093225122,1.0030834712079337,2.6104510222322045e-08,-0.001132496401210333,0.005757594630225668,0.005757594630225668,0.1766651080868183,0.998466166968963,2.6185002727989785e-08]"
/multi_agv/m2b_algorithm_state,1789558501.6270483,1789558501.6270483,m2b_algorithm_state_v1:header6+3x20,"[1.0,-0.15,0.52,2.307843800533451,0.10125147244146981,1789558501.6269057,2.306417545642783,0.10107617258461277,0.0036904376666666654,0.001538993547131925,0.0006969888637248004,0.0005700183565617687,0.004584685874999997,2.303838368459248,0.10440210617253848,-0.002579177183535286,0.0033259335879257113,0.0033087205965939143,0.9897800948583368,3.661628370074392e-07,8.47491171748066e-05,-0.00027781871604871944,-0.00027781871604871944,0.14191429854293314,1.0052023103279002,3.624206875468209e-07,2.3073982471238406,0.10150304638799906,0.002796189458333334,-0.0009457735337383638,0.001667490118573589,0.0007546470759417223,-0.0017884964166666626,2.305936471965276,0.09899827910856869,-0.0014617751585643823,-0.0025047672794303727,-0.0025149115506551646,1.008176464494542,-1.2790297514913902e-07,-0.0043421304988606425,0.015448009074968416,0.015448009074968416,0.12044473427695135,0.9959663506964492,-1.2894876928419221e-07,2.3067114584863244,0.10117527311544364,0.0036904376666666654,0.001322049719117117,0.0009827183883686754,0.0005154346771476309,0.0032930326916666636,2.306741005690835,0.10059918233338953,2.9547204510649294e-05,-0.0005760907820541034,-0.0005766219903792784,1.0018481935730015,9.459754426366456e-09,-0.0005396879847409668,0.0034927637932953177,0.0034927637932953177,0.17662920211516422,0.9990787581222393,9.477237883699439e-09]"
/multi_agv/m2b_algorithm_state,1789558501.6370203,1789558501.6370203,m2b_algorithm_state_v1:header6+3x20,"[1.0,-0.15,0.52,2.3088377381667704,0.10125149514864944,1789558501.6367912,2.307418924972164,0.10107613930872404,0.0036904376666666654,0.0015391410085128488,0.000696977942844245,0.0005699601183811156,0.004584685874999997,2.3047718992243498,0.10338341109158397,-0.002647025747814169,0.0023072717828599293,0.0022989236970813644,0.9928270115920128,1.7636886162385483e-07,-0.0010098584876863468,0.004107044456167489,0.004107044456167489,0.14190814035031993,1.0036313018083913,1.7510376982389702e-07,2.3083996357674756,0.10150303766748926,0.002796189458333334,-0.0009459043598763987,0.0016675057020729689,0.0007546956780583175,-0.0017884964166666626,2.3069214633621273,0.09899827910856869,-0.0014781724053483103,-0.0025047585589205723,-0.002514902760031517,1.0081764361789232,-1.2791978127008783e-07,-0.004362618266716905,0.015519951018942985,0.015519951018942985,0.12044086697111644,0.9959663644765263,-1.2896570919766453e-07,2.3077128408607144,0.10117524034819617,0.0036904376666666654,0.001322154970221064,0.0009827170734844513,0.000515389738612107,0.0032930326916666636,2.307751296197513,0.10070441096079517,3.8455336798470796e-05,-0.00047082938740099223,-0.00047118392731692124,1.0015087003441052,6.318705380244195e-09,-0.00042311475631883275,0.003033243035678896,0.003033243035678896,0.17661717675292812,0.9992475551576051,6.32823841322567e-09]"
/multi_agv/m2b_algorithm_state,1789558501.6471064,1789558501.6471064,m2b_algorithm_state_v1:header6+3x20,"[1.0,-0.15,0.52,2.3098432342784054,0.10125144311933337,1789558501.6468809,2.3084128735027196,0.10107621973534525,0.0036904376666666654,0.0015384851041298072,0.000697042826223537,0.0005702106764451124,0.004584685874999997,2.3057715517134363,0.10329736129375766,-0.002641321789283335,0.0022211415584124095,0.00221340005745407,0.99308798491044,1.63387782069698e-07,-0.001088252179150099,0.004425101700259072,0.004425101700259072,0.14192837418761728,1.0034975606566325,1.6225844325458252e-07,2.3093935603007507,0.10150296007019592,0.002796189458333334,-0.0009451629961413459,0.0016674664019404872,0.0007543947646395099,-0.0017884964166666626,2.307995623095744,0.09946198707240732,-0.001397937205006805,-0.0020409729977886037,-0.0020476848387324977,1.0066277511439654,-8.484142501773132e-08,-0.003795106344991004,0.013341348746690513,0.013341348746690513,0.1204535733480603,0.9967222295067397,-8.540373286944824e-08,2.3087067806968413,0.10117530564040708,0.0036904376666666654,0.0013217256433003988,0.0009827418242758686,0.0005155629605252234,0.0032930326916666636,2.308812316422075,0.10067457013333186,0.00010553572523352983,-0.0005007355070752173,-0.0005011366069156931,1.0016050716478264,7.144726173478718e-09,-0.00036921695037378077,0.002855072097035304,0.002855072097035304,0.17665669035794515,0.9991996197544929,7.1561939708912515e-09]"
/multi_agv/m2b_algorithm_state,1789558501.656981,1789558501.656981,m2b_algorithm_state_v1:header6+3x20,"[1.0,-0.15,0.52,2.3108430194565037,0.10125142896615585,1789558501.6568418,2.3094183572659404,0.1010761188104778,0.0036904376666666654,0.0015391149042015056,0.0006969898832174686,0.0005699652222280497,0.004584685874999997,2.307069710538483,0.10395526036796887,-0.002348646727457382,0.002879141557491069,0.0028661987011264173,0.9911075377082905,2.7450849464750966e-07,-6.960970819531011e-05,0.0004811874888638319,0.0004811874888638319,0.1419076375627476,1.004515687052529,2.7206743821010276e-07,2.3103990714141363,0.10150299504545975,0.002796189458333334,-0.0009458191601551097,0.0016675114071924568,0.0007546557783791319,-0.0017884964166666626,2.308985470680866,0.09946198707240732,-0.0014136007332701261,-0.0020410079730524278,-0.002047720042645269,1.006627864225696,-8.4903222953872e-08,-0.0038147209592329268,0.013409828820624123,0.013409828820624123,0.12044055122931184,0.9967221741971277,-8.546594998793428e-08,2.3097122741551397,0.10117521550206256,0.0036904376666666654,0.0013221477710184163,0.0009827266331448037,0.000515387886211274,0.0032930326916666636,2.309847412847872,0.09999854732446431,0.00013513869273218404,-0.0011766681775982474,-0.001178894354539438,1.0038006558552166,3.9483644574583454e-08,-0.001009970988624208,0.005419905907339784,0.005419905907339784,0.1766161949904234,0.9981116400018215,3.963370831952113e-08]"
/multi_agv/m2b_algorithm_state,1789558501.6670792,1789558501.6670792,m2b_algorithm_state_v1:header6+3x20,"[1.0,-0.15,0.52,2.311843608664201,0.10125140975226377,1789558501.666888,2.3104181416492513,0.10107611094866885,0.0036904376666666654,0.0015390846613557063,0.0006969950671913412,0.000569975634542774,0.004584685874999997,2.3081738720659275,0.10471563411569489,-0.002244269583323799,0.0036395231670260375,0.0036189603420799694,0.9888567018624368,4.3838616896685165e-07,0.0008136233629252206,-0.0030422467318579308,-0.0030422467318579308,0.14190714415217537,1.0056819702352002,4.3350110118666984e-07,2.3113988577566857,0.10150297130945518,0.002796189458333334,-0.0009457570308997582,0.0016675149005465073,0.0007546270298979946,-0.0017884964166666626,2.3101778460496245,0.1001917344080979,-0.001221011707061237,-0.0013112369013572878,-0.0013139919937033683,1.0042230988620076,-3.502329156848266e-08,-0.0028402566275299145,0.009677617999391395,0.009677617999391395,0.12044024134197197,0.9979032654998791,-3.517119839124928e-08,2.3107120589635737,0.10117520464034352,0.0036904376666666654,0.001322135157979952,0.0009827305796097814,0.0005153913004513583,0.0032930326916666636,2.310890680691782,0.10070014699295061,0.00017862172820848343,-0.0004750576473929041,-0.00047541859545763,1.0015223227348062,6.432628146389065e-09,-0.0002521414351970257,0.002429168345068386,0.002429168345068386,0.1766152314455304,0.99924077840418,6.442420682460868e-09]"
/multi_agv/m2b_algorithm_state,1789558501.6770453,1789558501.6770453,m2b_algorithm_state_v1:header6+3x20,"[1.0,-0.15,0.52,2.3128447767232805,0.1012513870742338,1789558501.6769447,2.3114187284871113,0.10107609061141105,0.0036904376666666654,0.001539143541637852,0.0006969920300583959,0.0005699516918804849,0.004584685874999997,2.3092401142422365,0.10465312416846784,-0.0021786142448747547,0.003577033557056783,0.0035571613362029306,0.9890401577795186,4.2349818925090524e-07,0.0008338935301094872,-0.003085676609842859,-0.003085676609842859,0.14190380122847665,1.0055865390899208,4.1885671591605573e-07,2.312399450031463,0.10150295551883133,0.002796189458333334,-0.0009457917659598048,0.0016675241017862774,0.0007546372997026957,-0.0017884964166666626,2.311175375196122,0.1001917344080979,-0.001224074835340705,-0.0013112211107334376,-0.001313976136981774,1.0042230481491352,-3.502373647493841e-08,-0.002844069681157655,0.009691049829078896,0.009691049829078896,0.12043814195322491,0.9979032905006443,-3.51716434004347e-08,2.311712647474028,0.10117518312654891,0.0036904376666666654,0.0013221814848206775,0.0009827316701580546,0.0005153706520846569,0.0032930326916666636,2.311992148453703,0.10177720092151982,0.0002795009796749959,0.0006020177949709049,0.0006014428386750528,0.9980942533567055,1.0322867484577444e-08,0.0009508190632687976,-0.002331835288172682,-0.002331835288172682,0.17660870384256186,1.0009559616623231,1.0303194714519537e-08]"
/multi_agv/m2b_algorithm_state,1789558501.6875536,1789558501.6875536,m2b_algorithm_state_v1:header6+3x20,"[1.0,-0.15,0.52,2.313851140883138,0.1012513313816684,1789558501.6874638,2.312419893042728,0.10107606205771247,0.0036904376666666654,0.0015392609851668953,0.0006969829824591042,0.0005699054908169048,0.004584685874999997,2.3102671571213387,0.10426034142417177,-0.002152735921389315,0.0031842793664593055,0.0031684843587797894,0.9901994349462062,3.357316783845483e-07,0.0004775644570431457,-0.0016222400306324489,-0.0016222400306324489,0.14189840719246855,1.0049850357113959,3.3244131822992116e-07,2.3134006225616046,0.10150294469393419,0.002796189458333334,-0.0009458898982451316,0.0016675375149723948,0.0007546728591011354,-0.0017884964166666626,2.311947567160739,0.0996435300792951,-0.0014530554008658214,-0.0018594146146390794,-0.001864977813198677,1.0060258141631395,-7.046404777597204e-08,-0.003681297064280954,0.012867500223818107,0.012867500223818107,0.120434754402435,0.9970170162238787,-7.088865103305264e-08,2.312713814565509,0.10117515447105477,0.0036904376666666654,0.0013222671467766792,0.000982730529650722,0.0005153341139800178,0.0032930326916666636,2.313035331933555,0.10116362048819655,0.000321517368046198,-1.1533982858219494e-05,-1.1534194884701152e-05,1.0000367671300059,3.791030939511959e-12,0.00039036251517304637,-5.827299444577925e-05,-5.827299444577925e-05,0.1765981714854989,0.9999816175741977,3.791170324839369e-12]"
/multi_agv/m2b_algorithm_state,1789558501.697137,1789558501.697137,m2b_algorithm_state_v1:header6+3x20,"[1.0,-0.15,0.52,2.3148413258112583,0.10125137980491229,1789558501.6970568,2.3134262431481214,0.10107595534005218,0.0036904376666666654,0.0015399309359646909,0.0006969201638143288,0.0005696477697109875,0.004584685874999997,2.3110439400696685,0.10393800993708587,-0.0023823030784528854,0.002862054597033689,0.002849263221202906,0.9911585615145819,2.714074361047426e-07,-0.00012861562686320056,0.0007013706776711086,0.0007013706776711086,0.1419029176400359,1.0044893626308709,2.690078039539375e-07,2.314407004133614,0.10150298069236328,0.002796189458333334,-0.0009465871743823354,0.001667589751426668,0.0007549479320846236,-0.0017884964166666626,2.312944339356307,0.0996435300792951,-0.0014626647773070545,-0.0018594506130681782,-0.0018650140258517976,1.006025930358845,-7.051871180445631e-08,-0.0036933449974856157,0.0129093027397245,0.0129093027397245,0.12043760966374233,0.9970169592793928,-7.094365265078543e-08,2.31372017536768,0.10117505811258977,0.0036904376666666654,0.0013227219627822964,0.0009827104536457524,0.0005151474114399057,0.0032930326916666636,2.313586681155393,0.09988345901393882,-0.00013349421228703306,-0.001291599098650953,-0.0012942837288937485,1.0041773085005359,4.75978624867367e-08,-0.0014611514942525399,0.007064571487582354,0.007064571487582354,0.17660705150019337,0.997925779191329,4.7796693442309884e-08]"
/multi_agv/m2b_algorithm_state,1789558501.7072067,1789558501.7072067,m2b_algorithm_state_v1:header6+3x20,"[1.0,-0.15,0.52,2.315843091651654,0.1012513531067183,1789558501.707092,2.314416446614681,0.101076099265375,0.0036904376666666654,0.0015388271015536622,0.0006970220563982995,0.000570073236555421,0.004584685874999997,2.3120695662747983,0.10379735711118823,-0.0023468803398825067,0.0027212578458132297,0.0027096816903675576,0.991579958246741,2.452110042840002e-07,-0.0002239187344855757,0.0011060507277040827,0.0011060507277040827,0.14190812731081556,1.0042721458711639,2.4314631738957034e-07,2.3153971669313242,0.10150286293502529,0.002796189458333334,-0.000945357374460032,0.001667523360197709,0.0007544493903389737,-0.0017884964166666626,2.3140150774194614,0.1007692542726594,-0.0013820895118628052,-0.000733608662365895,-0.0007344672937381306,1.0023473381288233,-1.095391738063729e-08,-0.002462079183566637,0.00810161964945239,0.00810161964945239,0.12044085877561382,0.9988309467561646,-1.097962992856484e-08,2.31471036388777,0.10117517721433661,0.0036904376666666654,0.0013219994515719143,0.000982746526908441,0.0005154418277993943,0.0032930326916666636,2.314605058018786,0.1005691189693444,-0.00010530586898394034,-0.0006060582449922136,-0.0006066462900099158,1.0019449958974358,1.0469342654950678e-08,-0.0007382786262398412,0.004209415769426614,0.004209415769426614,0.1766171512598439,0.9990306624677577,1.0489705483463406e-08]"
/multi_agv/m2b_algorithm_state,1789558501.717184,1789558501.717184,m2b_algorithm_state_v1:header6+3x20,"[1.0,-0.15,0.52,2.3168430557998807,0.10125133840565197,1789558501.7170637,2.3154182079697345,0.10107605858224707,0.0036904376666666654,0.0015390342805272918,0.0006970073507582162,0.00056999108194192,0.004584685874999997,2.3131151098900222,0.10400934170633555,-0.0023030980797122957,0.0029332831240884844,0.002919854429234161,0.9909459288339136,2.849031231384248e-07,4.0981829593791496e-05,5.9744679173542956e-05,5.9744679173542956e-05,0.14190061455850547,1.0045990973796066,2.8232358998608923e-07,2.3163989382657437,0.10150286179011793,0.002796189458333334,-0.0009455540077332497,0.0016675398422694165,0.0007545260501988782,-0.0017884964166666626,2.315016439436096,0.1007692542726594,-0.0013824988296478047,-0.0007336075174585316,-0.0007344661461565818,1.0023473344712983,-1.0956161634423342e-08,-0.0024625896832163375,0.008103230094382807,0.008103230094382807,0.12043614068450872,0.9988309485705457,-1.098187941030094e-08,2.3157121287194835,0.10117513894778991,0.0036904376666666654,0.0013221412849836714,0.000982743801144115,0.0005153817661697033,0.0032930326916666636,2.315741485727443,0.1020432212385483,2.935700795969609e-05,0.0008680822907583818,0.0008668892270429148,0.9972602983586495,2.1458901758713075e-08,0.0009035854869925349,-0.0022871288017783935,-0.0022871288017783935,0.17660248153694252,1.0013762585555905,2.140011077034315e-08]"
/multi_agv/m2b_algorithm_state,1789558501.7273822,1789558501.7273822,m2b_algorithm_state_v1:header6+3x20,"[1.0,-0.15,0.52,2.317850796360874,0.10125127388644024,1789558501.7272797,2.316418171279304,0.1010760472406179,0.0036904376666666654,0.0015390338741248124,0.0006970108548395081,0.000569989435209836,0.004584685874999997,2.314340997794114,0.1040274635556669,-0.002077173485190098,0.002951416315048999,0.002937822948548902,0.990891849410394,2.8843244040972604e-07,0.0003413560920612793,-0.001025828118349473,-0.001025828118349473,0.14189948692190013,1.0046270203270118,2.858053543075467e-07,2.31739890353887,0.10150284228724955,0.002796189458333334,-0.0009455248253522619,0.001667543216967271,0.000754511644792788,-0.0017884964166666626,2.316012593865705,0.09989830723631203,-0.0013863096731649982,-0.0016045350509375222,-0.0016086696678880286,1.0051848902630047,-5.24411580871487e-08,-0.0033415567593442766,0.011567346492748293,0.011567346492748293,0.12043543250030267,0.9974297911914168,-5.271305973709545e-08,2.316712092581468,0.10117512568908842,0.0036904376666666654,0.0013221464221444628,0.0009827470322247627,0.0005153778585227403,0.0032930326916666636,2.3168188683876094,0.10101138756597587,0.00010677580614126825,-0.00016373812311254454,-0.00016378090213268597,1.0005228529944297,7.640206495371901e-10,-3.031114445610066e-05,0.001503331309148337,0.001503331309148337,0.17660027972395442,0.9997388033672768,7.644201200216067e-10]"
/multi_agv/m2b_algorithm_state,1789558501.7371085,1789558501.7371085,m2b_algorithm_state_v1:header6+3x20,"[1.0,-0.15,0.52,2.3188413522001508,0.10125132036088519,1789558501.7369933,2.317425895187707,0.1010759171860095,0.0036904376666666654,0.001539873164759559,0.000696933977563052,0.000569665624908408,0.004584685874999997,2.3152860663411623,0.10324552535082825,-0.0021398288465448445,0.0021696081648187454,0.002162218804131542,0.9932443478363353,1.5604098334285943e-07,-0.0005125672540495134,0.002390153810613029,0.002390153810613029,0.14190671069442784,1.0034174897901562,1.5498682473611889e-07,2.318406664544586,0.10150289458634613,0.002796189458333334,-0.000946406924181264,0.001667604551136126,0.0007548620997177014,-0.0017884964166666626,2.316923475670638,0.09926338837801765,-0.0014831888739479382,-0.0022395062083284817,-0.0022475994523555986,1.0072887596660665,-1.0229775633998107e-07,-0.004101585544790521,0.014497718756874538,0.014497718756874538,0.12043999781805151,0.9963991608831214,-1.0304338010032103e-07,2.3177198293503287,0.10117500988696507,0.0036904376666666654,0.00132271129154113,0.0009827222734944746,0.0005151458879106758,0.0032930326916666636,2.3177174691943545,0.09973401772406142,-2.3601559742125744e-06,-0.001440992162903651,-0.0014443375141002775,1.0046683418896099,5.9251000876275766e-08,-0.0014472877090680432,0.007079413602378418,0.007079413602378418,0.17661447770120242,0.9976838161690272,5.95276048056678e-08]"
/multi_agv/m2b_algorithm_state,1789558501.7472415,1789558501.7472415,m2b_algorithm_state_v1:header6+3x20,"[1.0,-0.15,0.52,2.319845155460009,0.10125128106266808,1789558501.747158,2.3184164690110802,0.10107605505562958,0.0036904376666666654,0.0015388156217153478,0.0006970321626821095,0.0005700729548111429,0.004584685874999997,2.3162696765643247,0.10267426820935321,-0.00214679244675553,0.0015982131537236322,0.0015941860387323442,0.9949909896823728,8.465070204501122e-08,-0.0010893045197120682,0.004704625471512226,0.004704625471512226,0.14190301470263,1.002526126119189,8.422668580507337e-08,2.3193971988683817,0.10150278189665458,0.002796189458333334,-0.0009452278985820173,0.0016675400046919364,0.0007543846073082144,-0.0017884964166666626,2.3180033052973776,0.10053243441106449,-0.0013938935710040568,-0.0009703474855900923,-0.0009718523953564295,1.0031131744243684,-1.9164880659610743e-08,-0.0027142193591115004,0.00909231542940438,0.00909231542940438,0.120437648022535,0.9984515037741043,-1.9224544275926315e-08,2.3187103887209912,0.10117512413037137,0.0036904376666666654,0.0013220183784125633,0.000982756994123513,0.0005154281782516071,0.0032930326916666636,2.3188401621641113,0.10126162591553789,0.00012977344312004035,8.650178516651785e-05,8.648986835727717e-05,0.9997245626119612,2.1317548148930872e-10,0.0002487066722573276,0.0003999022762214378,0.0003999022762214378,0.1766071680838216,1.0001377827191442,2.1311676499149337e-10]"
/multi_agv/m2b_algorithm_state,1789558501.7571242,1789558501.7571242,m2b_algorithm_state_v1:header6+3x20,"[1.0,-0.15,0.52,2.3208425000943453,0.10125128387705672,1789558501.757058,2.319420263811114,0.10107598322560436,0.0036904376666666654,0.0015392462026868428,0.0006969964051934943,0.000569904914802377,0.004584685874999997,2.3173261562699636,0.10331636133765412,-0.0020941075411502474,0.0022403781120497596,0.002232503061289808,0.9930296322745812,1.663101545745847e-07,-0.0003851313651480012,0.0019017407946211582,0.0019017407946211582,0.14188925393092394,1.0035274535101428,1.651509116407286e-07,2.320401012438136,0.10150280073484969,0.002796189458333334,-0.0009456673759707145,0.0016675709343805245,0.0007545590165448229,-0.0017884964166666626,2.319003126596561,0.10053243441106449,-0.001397885841574631,-0.0009703663237851934,-0.0009718712918155371,1.0031132347358662,-1.917453431604138e-08,-0.0027192285937838257,0.00910960515109412,0.00910960515109412,0.12042900657002509,0.9984514739317667,-1.923422914231814e-08,2.319714190130777,0.10117505922755018,0.0036904376666666654,0.0013223083272661884,0.0009827468133180922,0.0005153077921647739,0.0032930326916666636,2.3199738134200505,0.1026192792371712,0.00025962328927331413,0.0014442200096210084,0.0014409321470778172,0.9954717870955004,5.937804782564885e-08,0.0017654612586694598,-0.005629740299102471,-0.005629740299102471,0.17658030233880098,1.0022817608378431,5.9109171383240753e-08]"
/multi_agv/m2b_algorithm_state,1789558501.767154,1789558501.767154,m2b_algorithm_state_v1:header6+3x20,"[1.0,-0.15,0.52,2.3218430272102384,0.10125126602451538,1789558501.7670422,2.320417613027457,0.10107601350501112,0.0036904376666666654,0.0015389537967328251,0.0006970264226200838,0.0005700160468834701,0.004584685874999997,2.31802459486561,0.1041276113029284,-0.002393018161847227,0.003051597797917277,0.0030370770060904628,0.9905934917089714,3.083060519739498e-07,4.580430378142925e-05,-1.1939586849185873e-05,-1.1939586849185873e-05,0.141896437598301,1.004781173410386,3.054059685398825e-07,2.3213983516331465,0.10150275633110217,0.002796189458333334,-0.0009453209999450074,0.0016675546164033328,0.0007544173621363559,-0.0017884964166666626,2.3196503684344396,0.10012788658137084,-0.0017479831987068373,-0.0013748697497313334,-0.0013779001990274608,1.004431240703798,-3.848899200119111e-08,-0.0035628791974110074,0.01225685941730352,0.01225685941730352,0.12043351743633979,0.9978006757686324,-3.865954598919495e-08,2.3207115356224324,0.10117508179505687,0.0036904376666666654,0.0013221198672051042,0.000982758769788106,0.0005153832627782513,0.0032930326916666636,2.320412230981018,0.10155928335090812,-0.0002993046414143663,0.0003842015558512546,0.0003839669976213057,0.9987807576196401,4.20481893683913e-09,9.8361958533478e-06,0.0011140479750334146,0.0011140479750334146,0.17659432577883888,1.0006108812252146,4.199692243389596e-09]"
/multi_agv/m2b_algorithm_state,1789558501.7771401,1789558501.7771401,m2b_algorithm_state_v1:header6+3x20,"[1.0,-0.15,0.52,2.32284293656371,0.10125125234660544,1789558501.777043,2.321418138372895,0.1010759928617149,0.0036904376666666654,0.0015390235765414934,0.0006970241284506066,0.0005699869933096152,0.004584685874999997,2.3190778999281023,0.10416905311965768,-0.002340238444792586,0.003093060257942787,0.0030781468888700873,0.9904702136985442,3.167453212360355e-07,0.0001528488328793546,-0.00041499442912526106,-0.00041499442912526106,0.1418933151981814,1.00484491793638,3.1372680601267013e-07,2.3223988809311558,0.10150274425013557,0.002796189458333334,-0.0009453688015499959,0.0016675611627521292,0.0007544346768605936,-0.0017884964166666626,2.3205320439757213,0.09896560890367706,-0.0018668369554344366,-0.0025371353464585106,-0.0025475460749731526,1.0082851777953443,-1.3117679747452338e-07,-0.004881092269266198,0.017356758004235275,0.017356758004235275,0.12043155644675523,0.9959134287631082,-1.3226362056422368e-07,2.3217120623266645,0.10117506096169565,0.0036904376666666654,0.0013221702570311192,0.0009827599307972836,0.0005153608166468524,0.0032930326916666636,2.321277697360188,0.09999065488411651,-0.0004343649664764193,-0.0011844060775791365,-0.0011866617662979627,1.0038259915245806,4.0005568959972895e-08,-0.0017296179743934868,0.007967202583117696,0.007967202583117696,0.1765882292145761,0.9980991308704054,4.0158629927749774e-08]"
/multi_agv/m2b_algorithm_state,1789558501.7871108,1789558501.7871108,m2b_algorithm_state_v1:header6+3x20,"[1.0,-0.15,0.52,2.3238412641659743,0.10125124883483426,1789558501.7870011,2.3224180472164844,0.10107598225525367,0.0036904376666666654,0.00153902288525557,0.000697028013073275,0.0005699852721411349,0.004584685874999997,2.3201000581882707,0.10359892625639644,-0.002317989028213674,0.0025229440011427656,0.00251297860097546,0.992175822541994,2.1083188099730327e-07,-0.00038450768429163255,0.0017715301947740366,0.0017715301947740366,0.14189238183699343,1.0039655730309194,2.0918229494657516e-07,2.323398790950993,0.101502726074595,0.002796189458333334,-0.0009453400735325262,0.0016675631618494613,0.0007544211839686371,-0.0017884964166666626,2.321749693738187,0.09938044606040108,-0.0016490972128062609,-0.002122280014193914,-0.0021295417481956326,1.0068981264787056,-9.175799855459489e-08,-0.004190913264203459,0.014767697087934073,0.014767697087934073,0.12043097026298627,0.9965900015776299,-9.239095683405736e-08,2.3227119715236526,0.10117504870996769,0.0036904376666666654,0.0013221742034279973,0.0009827630937091943,0.0005153574606228881,0.0032930326916666636,2.3222786639863293,0.10141458477953866,-0.00043330753732329086,0.0002395360695709725,0.0002394447950367325,0.9992385959234946,1.6346822939090195e-09,-0.00030218962661738105,0.0022879820371061606,0.0022879820371061606,0.17658640687479077,1.000381192392284,1.633437640146646e-09]"
/multi_agv/m2b_algorithm_state,1789558501.7973638,1789558501.7973638,m2b_algorithm_state_v1:header6+3x20,"[1.0,-0.15,0.52,2.3248437341029216,0.10125121869764998,1789558501.7972724,2.3234163775231265,0.1010759955665208,0.0036904376666666654,0.0015388539891584862,0.0006970480049853117,0.0005700480825974515,0.004584685874999997,2.321148927520916,0.10319182492654477,-0.0022674500022104027,0.0021158293600239686,0.0021087989247737054,0.9934077605901157,1.4830884846247365e-07,-0.000725513577989298,0.0031748767084390887,0.0031748767084390887,0.14189705329459926,1.003333857565874,1.4733116102680477e-07,2.3243971152838214,0.10150269376637608,0.002796189458333334,-0.0009451290050874316,0.0016675533535419618,0.000754334794625458,-0.0017884964166666626,2.322908324207961,0.10126115919996567,-0.0014887910758605294,-0.00024153456641040627,-0.0002416272963831226,1.000768542274743,-1.1867162407402839e-09,-0.002102616141208784,0.006621389308092526,0.006621389308092526,0.12043390410584448,0.9996162272470687,-1.1876282823394169e-09,2.3237102996909744,0.1011750571716059,0.0036904376666666654,0.001322065929945901,0.0009827718255056572,0.0005153998508417171,0.0032930326916666636,2.3233887802228983,0.10269599921367221,-0.00032151946807612575,0.00152094204206632,0.0015172976950936288,0.9952354023103853,6.583859112854517e-08,0.0011153983599984717,-0.0033464746401287416,-0.0033464746401287416,0.1765955279089471,1.0024018668086532,6.552489672936662e-08]"
/multi_agv/m2b_algorithm_state,1789558501.80725,1789558501.80725,m2b_algorithm_state_v1:header6+3x20,"[1.0,-0.15,0.52,2.3258443114687726,0.10125120129782766,1789558501.8071125,2.3244188418202656,0.10107594444203531,0.0036904376666666654,0.0015391421462113146,0.0006970255697940075,0.0005699348478853311,0.004584685874999997,2.3221853110582953,0.10340607597409372,-0.0022335307619703038,0.0023301315320584104,0.0023216186602245626,0.9927578173950309,1.798782069322132e-07,-0.00047029479223831706,0.0021658693416870996,0.0021658693416870996,0.14189048861824832,1.0036667829991617,1.785754961109557e-07,2.3253995920649126,0.10150270134540908,0.002796189458333334,-0.0009454146780377539,0.0016675738859732725,0.0007544479432772672,-0.0017884964166666626,2.323959111161181,0.10008834338705933,-0.0014404809037316113,-0.0014143579583497518,-0.0014175659444529217,1.0045605508101936,-4.073678891540377e-08,-0.003218167074117436,0.011055025589229918,0.011055025589229918,0.12042978396676995,0.9977369757535987,-4.09225711110966e-08,2.3247127684235864,0.10117501030550557,0.0036904376666666654,0.0013222608890027534,0.0009827660466025234,0.0005153183494513284,0.0032930326916666636,2.324487545602877,0.1019734590768119,-0.00022522282070935873,0.0007984487713063315,0.0007974389008795773,0.9974780635338852,1.815687497455959e-08,0.0005159103749928789,-0.0008746040300563916,-0.0008746040300563916,0.17658271929932964,1.0012663922284708,1.811108448945056e-08]"
/multi_agv/m2b_algorithm_state,1789558501.8172865,1789558501.8172865,m2b_algorithm_state_v1:header6+3x20,"[1.0,-0.15,0.52,2.3268429343897368,0.1012511965706852,1789558501.817116,2.325419417364463,0.1010759248561815,0.0036904376666666654,0.0015392067299979848,0.0006970222169628388,0.0005699085972362987,0.004584685874999997,2.3232827829720524,0.10434309255409353,-0.002136634392410741,0.003267167697912035,0.0032505501264748697,0.9899538620567823,3.534029889571615e-07,0.0005797571359614432,-0.002027711252572954,-0.002027711252572954,0.1418937845869431,1.0051122335575815,3.4985265378055236e-07,2.3264001717344143,0.10150268885115359,0.002796189458333334,-0.0009454569235404966,0.0016675807969255274,0.000754462659977792,-0.0017884964166666626,2.324827312022158,0.09842264128555275,-0.0015728597122564025,-0.0030800475656008325,-0.003095453428545019,1.0101197068990189,-1.9340934315345316e-07,-0.005061528068865522,0.018195332605132182,0.018195332605132182,0.1204318592462556,0.9950230674439744,-1.9536658901769785e-07,2.32571334530744,0.10117499018614788,0.0036904376666666654,0.001322309207832759,0.0009827664021839775,0.0005152972199635214,0.0032930326916666636,2.325348936100337,0.0996659199429401,-0.0003644092071026783,-0.0015090702432077746,-0.0015127410403371507,1.0048926485353624,6.496497816346558e-08,-0.001968252549215499,0.00894749382760018,0.00894749382760018,0.17658917155408974,0.997573413405537,6.528282896872691e-08]"
/multi_agv/m2b_algorithm_state,1789558501.8270917,1789558501.8270917,m2b_algorithm_state_v1:header6+3x20,"[1.0,-0.15,0.52,2.327842832458574,0.10125118356351136,1789558501.827019,2.326418042433681,0.10107593547798768,0.0036904376666666654,0.0015390582923501001,0.0006970387768862271,0.0005699643249486518,0.004584685874999997,2.324486113267791,0.10496610112769247,-0.0019319291658899118,0.003890165649704791,0.0038667178178339793,0.9881235523538914,5.007401031457837e-07,0.0014518063604715896,-0.0054560436037725275,-0.0054560436037725275,0.14189016447382055,1.0060640142300186,4.947930895264657e-07,2.3273987921291477,0.10150265813081283,0.002796189458333334,-0.0009452679318598576,0.001667573218233187,0.0007543846803829413,-0.0017884964166666626,2.3257542967760894,0.09771835368919392,-0.0016444953530583284,-0.0037843044416189103,-0.0038076845316934067,1.0125322656005182,-2.92039617023011e-07,-0.005863303723016317,0.02126553957891282,0.02126553957891282,0.1204295798925588,0.9938597617843885,-2.95699535069417e-07,2.3267119686063813,0.10117499610325503,0.0036904376666666654,0.0013222159234643474,0.0009827735444828851,0.0005153339397718521,0.0032930326916666636,2.3262771477279807,0.10091466555915583,-0.00043482087840063244,-0.0002603305440991993,-0.0002604387620185374,1.0008322061374815,1.9315596942847827e-09,-0.000803964860019328,0.0042907003454724915,0.0042907003454724915,0.17658208477061355,0.9995844784451465,1.9331671501172783e-09]"
/multi_agv/m2b_algorithm_state,1789558501.8371239,1789558501.8371239,m2b_algorithm_state_v1:header6+3x20,"[1.0,-0.15,0.52,2.328842376550956,0.10125117291376297,1789558501.8370554,2.327417940122301,0.10107592538407076,0.0036904376666666654,0.0015390578129486684,0.0006970423792320261,0.0005699626587745142,0.004584685874999997,2.3254689727043845,0.10404270645479173,-0.0019489674179165029,0.0029667810707209724,0.002953047384945046,0.9908460302901644,2.9144464008055306e-07,0.0005168381125494176,-0.00166228566640127,-0.00166228566640127,0.14189105666080726,1.004650682493597,2.8877676467316174e-07,2.3283986906865333,0.10150264085726488,0.002796189458333334,-0.0009452401641679938,0.0016675746838781258,0.0007543718812605821,-0.0017884964166666626,2.3267267297352165,0.09771835368919392,-0.00167196095131672,-0.0037842871680709572,-0.003807667047072755,1.0125322088474444,-2.920283923144903e-07,-0.005897618236218654,0.021385703344196993,0.021385703344196993,0.12043014164009064,0.9938597890223171,-2.956881531163589e-07,2.3277118665668874,0.10117498444919841,0.0036904376666666654,0.0013222199001487046,0.0009827763894413536,0.0005153307360146195,0.0032930326916666636,2.3273849540158973,0.10204264993308013,-0.0003269125509901549,0.000867665483881716,0.0008664735593229828,0.9972615950851155,2.1439596220168307e-08,0.0004578328705852891,-0.0006995980326357154,-0.0006995980326357154,0.17658383131056277,1.0013756040745947,2.1380885924505857e-08]"
/multi_agv/m2b_algorithm_state,1789558501.8471684,1789558501.8471684,m2b_algorithm_state_v1:header6+3x20,"[1.0,-0.15,0.52,2.329841521295699,0.10125116483771836,1789558501.8470602,2.328417484569292,0.10107592064699578,0.0036904376666666654,0.0015390202721331484,0.0006970495314760682,0.0005699752107134551,0.004584685874999997,2.326399584440379,0.10237704576601452,-0.0020179001289131193,0.0013011251190187395,0.0012984500141564861,0.9959082691293045,5.6124404344933247e-08,-0.001223925146984913,0.005315863424566697,0.005315863424566697,0.1418906962351083,1.0020602293758618,5.589475838707569e-08,2.32939823436257,0.10150262062720104,0.002796189458333334,-0.0009451723611866537,0.00166757343484214,0.0007543431403142231,-0.0017884964166666626,2.3280601972661037,0.09985306969265213,-0.0013380370964664046,-0.00164955093454891,-0.0016539223015342008,1.0053330811254273,-5.5406014418025574e-08,-0.0033264686721172065,0.011532566685913959,0.011532566685913959,0.12042991470124098,0.9973569695618497,-5.5701499187753496e-08,2.328711410721006,0.10117497746709209,0.0036904376666666654,0.0013221990912359416,0.0009827804384016986,0.0005153376495779446,0.0032930326916666636,2.3284866919813396,0.1014814019454505,-0.0002247187396662298,0.000306424478358408,0.00030627518673615074,0.9990267185104171,2.675014705898208e-09,2.53767621533635e-05,0.0010939858864559818,0.0010939858864559818,0.17658312576851454,1.0004874427597228,2.6724111636005953e-09]"
/multi_agv/m2b_algorithm_state,1789558501.8570955,1789558501.8570955,m2b_algorithm_state_v1:header6+3x20,"[1.0,-0.15,0.52,2.330844028772978,0.10125113526021917,1789558501.8570235,2.329416630497184,0.10107592159295886,0.0036904376666666654,0.0015389435547541346,0.0006970607260478267,0.000570002641459802,0.004584685874999997,2.327408607758453,0.10338714722810548,-0.002008022738730908,0.002311225635146616,0.00230284913991926,0.9928150229682395,1.7695079694743884e-07,-0.00020717928349437515,0.0012326046410595934,0.0012326046410595934,0.14188892274949916,1.0036374485337107,1.7567940953561977e-07,2.330397377654844,0.10150259741334013,0.002796189458333334,-0.0009450623648086113,0.001667569077433928,0.0007542977268652912,-0.0017884964166666626,2.329054125535342,0.09985306969265213,-0.0013432521195020364,-0.0016495277206879932,-0.001653898965240783,1.0053330063398007,-5.539801222055804e-08,-0.0033329641146183286,0.011555590148205223,0.011555590148205223,0.12042879803428579,0.9973570062956335,-5.569345017094263e-08,2.32971055573507,0.1011749755068561,0.0036904376666666654,0.0013221517797208432,0.0009827859232714124,0.0005153553040902238,0.0032930326916666636,2.3293546229639075,0.09913005862273874,-0.00035593277116241495,-0.0020449168841173565,-0.0020516846642422513,1.0066700921200762,1.193206317665731e-07,-0.00249660062819527,0.011033810512679244,0.011033810512679244,0.17657965398218567,0.9967013546268358,1.2011651137228182e-07]"
/multi_agv/m2b_algorithm_state,1789558501.8672867,1789558501.8672867,m2b_algorithm_state_v1:header6+3x20,"[1.0,-0.15,0.52,2.331843555689674,0.1012511253537882,1789558501.86716,2.3304191323706793,0.10107587077012303,0.0036904376666666654,0.001539233885627148,0.0006970373695128088,0.0005698889437348166,0.004584685874999997,2.328573345169561,0.10507966800984755,-0.0018457872011183873,0.004003797239724521,0.003978981035388463,0.9877926062507327,5.30434161876223e-07,0.0016717470339904792,-0.006301760015385144,-0.006301760015385144,0.1418990489273495,1.0062368239796435,5.239589432041374e-07,2.3313998919330885,0.10150260602091042,0.002796189458333334,-0.0009453511271825558,0.0016675894803310776,0.0007544122820737492,-0.0017884964166666626,2.329459757042741,0.09665571706619437,-0.0019401348903476112,-0.00484688895471605,-0.004885549658570864,1.0162431872793707,-4.794226559946286e-07,-0.007310718271505378,0.026694052579254484,0.026694052579254484,0.12043517385693836,0.9920867237963714,-4.872100079819227e-07,2.3307130620151666,0.10117492898962406,0.0036904376666666654,0.0013223484847948819,0.0009827794874673005,0.0005152733875700972,0.0032930326916666636,2.3299111994967654,0.10015208448105387,-0.0008018625184011974,-0.0010228445085701948,-0.001024524738215306,1.0032980821082056,2.9836606351013595e-08,-0.0020268528862168026,0.00895011009526949,0.00895011009526949,0.176599477532495,0.998359991142783,2.9935009928589444e-08]"
/multi_agv/m2b_algorithm_state,1789558501.8770783,1789558501.8770783,m2b_algorithm_state_v1:header6+3x20,"[1.0,-0.15,0.52,2.332838247796182,0.10125114608273271,1789558501.8769627,2.331418659702333,0.10107586799139011,0.0036904376666666654,0.0015391839484119826,0.0006970442655823915,0.0005699070022483569,0.004584685874999997,2.329697084253639,0.10531222476762696,-0.0017215754486938906,0.004236356776236849,0.004208623120454541,0.987118093397865,5.937165018144315e-07,0.002056653809587178,-0.007800032832798948,-0.007800032832798948,0.14189862771060424,1.0065897218611757,5.860683012899116e-07,2.3323994184221593,0.1015025845883218,0.002796189458333334,-0.0009452698164714546,0.0016675881974563822,0.000754377703600817,-0.0017884964166666626,2.330422406930994,0.0966075775582649,-0.00197701149116547,-0.004895007030056894,-0.004934453427253304,1.0164132682545401,-4.889611970528246e-07,-0.007405717791210142,0.027041561622040067,0.027041561622040067,0.12043490862236769,0.9920059236999695,-4.969866483461137e-07,2.331712588944529,0.10117492348165268,0.0036904376666666654,0.001322320743595525,0.0009827830700120058,0.0005152835486151651,0.0032930326916666636,2.3309928402760445,0.1010690358442141,-0.0007197486684846766,-0.0001058876374385731,-0.00010590552013764431,1.0003379025972567,3.195479705280041e-10,-0.00100559135574349,0.004938461430872676,0.004938461430872676,0.17659865285763454,0.9998311447878452,3.1965594661719366e-10]"
/multi_agv/m2b_algorithm_state,1789558501.887008,1789558501.887008,m2b_algorithm_state_v1:header6+3x20,"[1.0,-0.15,0.52,2.3338421909818865,0.10125110700740907,1789558501.886944,2.3324133619749152,0.10107593755983692,0.0036904376666666654,0.001538623741078562,0.0006971004448520718,0.0005701206071012598,0.004584685874999997,2.3307133882829416,0.10431999522652508,-0.0016999736919736108,0.0032440576666881576,0.0032276714741990074,0.9900222784446718,3.4829532621705955e-07,0.001102704359231994,-0.0038948396429774727,-0.0038948396429774727,0.14189645040606408,1.0050767844931356,3.448201324330435e-07,2.3333940981541974,0.10150252004876578,0.002796189458333334,-0.0009446351281082272,0.0016675510740471466,0.0007541218980992442,-0.0017884964166666626,2.331724798382186,0.09825029574948901,-0.0016692997720113567,-0.003252224299276768,-0.0032694230284236914,1.0107061171322762,-2.1547358235539079e-07,-0.005356047743437887,0.01929383732094739,0.01929383732094739,0.12043352546971695,0.9947395216228059,-2.1778046776699877e-07,2.3327072832594324,0.1011749806395954,0.0036904376666666654,0.0013219522528571562,0.00098280384142122,0.0005154324703734157,0.0032930326916666636,2.33220200392614,0.1018431150609357,-0.0005052793332924743,0.0006681344213402968,0.0006674265932913641,0.9978865375222074,1.2712001927904272e-08,3.5827426675771206e-05,0.0008931550697224469,0.0008931550697224469,0.176594350748459,1.0010605331822966,1.2685135588812018e-08]"
/multi_agv/m2b_algorithm_state,1789558501.8970196,1789558501.8970196,m2b_algorithm_state_v1:header6+3x20,"[1.0,-0.15,0.52,2.3348412859953673,0.10125109988176001,1789558501.896904,2.3334172967289253,0.1010758617614726,0.0036904376666666654,0.0015390945875792057,0.0006970623581437066,0.0005699363252402055,0.004584685874999997,2.3314482554640326,0.10365871483948846,-0.0019690412648927236,0.0025828530780158676,0.0025724135193387642,0.9919955080536637,2.209639045662285e-07,0.00011111193822285976,-3.078268152129494e-05,-3.078268152129494e-05,0.14189630408430326,1.00405827391227,2.1919520077169708e-07,2.3343980514314633,0.10150254599139699,0.002796189458333334,-0.0009451214462791813,0.0016675813487307956,0.0007543169519638043,-0.0017884964166666626,2.3327036606749716,0.09825029574948901,-0.0016943907564916927,-0.003252250241907978,-0.0032694492428198703,1.0107062019509345,-2.1558792996689734e-07,-0.005387437688434487,0.019403483997239637,0.019403483997239637,0.1204334456084695,0.9947394806786912,-2.1789605788330687e-07,2.3337112247852705,0.10117491326935758,0.0036904376666666654,0.0013222663497618821,0.0009827927142503695,0.0005153021093510066,0.0032930326916666636,2.3328926119893065,0.1001217666958858,-0.0008186127959639578,-0.0010531465734717887,-0.001054928239990803,1.003396951869411,3.162932080635078e-08,-0.00207819423494575,0.009144360939298097,0.009144360939298097,0.17659410387715793,0.9983111016925382,3.173676408679212e-08]"
/multi_agv/m2b_algorithm_state,1789558501.9069927,1789558501.9069927,m2b_algorithm_state_v1:header6+3x20,"[1.0,-0.15,0.52,2.335843314421108,0.10125107399184496,1789558501.9069245,2.3344163930793282,0.10107586418225928,0.0036904376666666654,0.0015390109644062553,0.0006970735113993594,0.000569966770861546,0.004584685874999997,2.3324957758846594,0.10422618954508564,-0.00192061719466885,0.0031503253628263617,0.003134861371935181,0.9903001345698826,3.2856549127930926e-07,0.0007340898785991186,-0.002527319716537016,-0.002527319716537016,0.14189435443948326,1.0049329106000098,3.2537845022891956e-07,2.3353971448106647,0.10150252284523908,0.002796189458333334,-0.0009450046862497039,0.001667576445891772,0.0007542688904372125,-0.0017884964166666626,2.333605144621759,0.09658387233184533,-0.0017920001889057957,-0.004918650513393755,-0.0049584859988216845,1.016496915882906,-4.935648162763031e-07,-0.007198486234953929,0.026327341328167476,0.026327341328167476,0.1204322180494324,0.9919661998768584,-5.017071135331752e-07,2.3347103200961095,0.10117491261778168,0.0036904376666666654,0.001322214859027073,0.0009827979162820195,0.0005153217225186018,0.0032930326916666636,2.333755479753335,0.0999115965334812,-0.0009548403427745988,-0.0012633160843004837,-0.0012658838848439815,1.0040845392771425,4.5517821243410035e-08,-0.0024594343133122303,0.01057984893529236,0.01057984893529236,0.17659028712473904,0.9979715354826448,4.570374057208869e-08]"
/multi_agv/m2b_algorithm_state,1789558501.917059,1789558501.917059,m2b_algorithm_state_v1:header6+3x20,"[1.0,-0.15,0.52,2.3368438573061936,0.10125105813357839,1789558501.9169452,2.3354184169304255,0.10107582130823302,0.0036904376666666654,0.0015392486543367267,0.00069705455910185,0.0005698735999527109,0.004584685874999997,2.333632222268453,0.10511109787782517,-0.0017861946619723845,0.0040352765695921555,0.004010074626892172,0.9877010769112813,5.387999160702167e-07,0.001777331299426691,-0.006696915977316323,-0.006696915977316323,0.14190278595158878,1.0062846567819401,5.321732573422611e-07,2.3363991787830196,0.10150252764629107,0.002796189458333334,-0.0009452370664153544,0.001667593085735497,0.0007543609633382936,-0.0017884964166666626,2.3345360004580655,0.09621349426867018,-0.0018631783249540845,-0.005289033377620891,-0.005335222374582784,1.017812654453912,-5.70963480660578e-07,-0.007664195280775389,0.028073323322471394,0.028073323322471394,0.12043752676307959,0.9913426294690284,-5.811338558473877e-07,2.335712347549878,0.10117487302101083,0.0036904376666666654,0.0013223768079546577,0.0009827927547828132,0.0005152542085990449,0.0032930326916666636,2.3347324248225125,0.09972054656954842,-0.0009799227273656896,-0.001454326451462415,-0.0014577343506731904,1.0047122578602241,6.033795729774275e-08,-0.0026826377598803026,0.01144739823659569,0.01144739823659569,0.1766067937254209,0.9976621946178317,6.06222853112889e-08]"
/multi_agv/m2b_algorithm_state,1789558501.927018,1789558501.927018,m2b_algorithm_state_v1:header6+3x20,"[1.0,-0.15,0.52,2.3378424679167726,0.1012510547932765,1789558501.9269137,2.3364189582391437,0.10107580328827184,0.0036904376666666654,0.0015393102059357926,0.0006970505720874868,0.0005698489935240997,0.004584685874999997,2.3344780207634224,0.10537353454332694,-0.0019409374757213271,0.004297731255055101,0.004269201508776285,0.986940694813116,6.110649165327557e-07,0.0018430296641246263,-0.007060183783130811,-0.007060183783130811,0.1419059604418984,1.0066826890743308,6.030848332987567e-07,2.3373997236539936,0.1015025166183318,0.002796189458333334,-0.0009452776470015556,0.001667599043400969,0.0007543754542602005,-0.0017884964166666626,2.3355884599573358,0.09744249144240341,-0.00181126369665785,-0.004060025175928392,-0.00408699220497925,1.0134869840296024,-3.362068539733898e-07,-0.006351071825801562,0.02307094814291795,0.02307094814291795,0.12043952546476701,0.9934017419906005,-3.4074127044357175e-07,2.3367128900254426,0.10117485449413156,0.0036904376666666654,0.0013224232727246177,0.0009827923819670792,0.0005152342616730498,0.0032930326916666636,2.3357655211992396,0.1014337434193911,-0.0009473688262029434,0.00025888892525953444,0.0002587823215500921,0.9991772582942421,1.9098299864918257e-09,-0.0009254287112035872,0.004494107729466296,0.004494107729466296,0.17661300882628003,1.0004119435547367,1.908258689711032e-09]"
/multi_agv/m2b_algorithm_state,1789558501.9371247,1789558501.9371247,m2b_algorithm_state_v1:header6+3x20,"[1.0,-0.15,0.52,2.3388427826302602,0.10125104043614475,1789558501.9369476,2.3374175711968928,0.1010758151080025,0.0036904376666666654,0.0015391612841607056,0.0006970662899989926,0.0005699053690796898,0.004584685874999997,2.335362880641051,0.10407203888948001,-0.0020546905558416206,0.002996223781477514,0.0029822192653301592,0.9907582907690757,2.9727147776254054e-07,0.00041385607052813345,-0.0013064763234998653,-0.0013064763234998653,0.14190229615766128,1.0046960048545606,2.9452418120241196e-07,2.3383983314769696,0.10150248757932868,0.002796189458333334,-0.0009450897524832338,0.0016675906805914131,0.0007542983581566159,-0.0017884964166666626,2.3365613086420183,0.09744249144240341,-0.0018370228349513518,-0.004059996136925273,-0.004086962784796472,1.0134868883772497,-3.3613525600163286e-07,-0.006383241328485662,0.023183640023901247,0.023183640023901247,0.12043721836989697,0.993401787759968,-3.406686746789851e-07,2.337711501076455,0.10117486169249826,0.0036904376666666654,0.0013223297860544794,0.000982798732772583,0.0005152714808900477,0.0032930326916666636,2.3367909178681785,0.10050141791375751,-0.000920583208276593,-0.0006734437787407482,-0.0006741702314143574,1.002162910425194,1.2930720332359117e-08,-0.0018248992417600985,0.00808755312664236,0.00808755312664236,0.17660583480954437,0.998922449197905,1.2958688322171243e-08]"
/multi_agv/m2b_algorithm_state,1789558501.947091,1789558501.947091,m2b_algorithm_state_v1:header6+3x20,"[1.0,-0.15,0.52,2.3398432375447262,0.10125102536961002,1789558501.9469364,2.3384178848605064,0.10107579970947762,0.0036904376666666654,0.0015392062375614965,0.0006970646660460205,0.0005698867281462292,0.004584685874999997,2.3363519118260503,0.10385774170644385,-0.0020659730344561034,0.002781941996966228,0.002769849311874786,0.9913981357764324,2.5632108545441785e-07,0.00018738301880465678,-0.00039542741567584905,-0.00039542741567584905,0.14190466306521865,1.004365827786948,2.541162462797015e-07,2.339398647479929,0.10150247589612904,0.002796189458333334,-0.0009451129017055753,0.0016675945490063349,0.000754306379952871,-0.0017884964166666626,2.337599339324556,0.09762970311248124,-0.0017993081553728807,-0.003872772783647796,-0.003897275160231491,1.0128379964463141,-3.058206796572881e-07,-0.006146410354447592,0.022288513890329206,0.022288513890329206,0.1204387086187345,0.9937129467188457,-3.097468044559377e-07,2.338711815550345,0.10117484570282759,0.0036904376666666654,0.0013223641505802136,0.0009827992649527719,0.0005152563082164458,0.0032930326916666636,2.3375187201439704,0.09836841946052007,-0.001193095406374578,-0.002806426242307522,-0.002819246357412106,1.0092326783178405,2.248838801097045e-07,-0.004310615615380329,0.017720632972154583,0.017720632972154583,0.17661046878901146,0.9954526446151544,2.269601606336252e-07]"
/multi_agv/m2b_algorithm_state,1789558501.957093,1789558501.957093,m2b_algorithm_state_v1:header6+3x20,"[1.0,-0.15,0.52,2.3408404995059287,0.10125103080207008,1789558501.9568956,2.3394183384550638,0.10107578261977945,0.0036904376666666654,0.0015392636484285781,0.0006970615019699976,0.0005698634885116984,0.004584685874999997,2.3377055874809387,0.10487315585814261,-0.0017127509741250435,0.0037973732383631553,0.003775014839401771,0.9883944352990395,4.772351044478194e-07,0.0016340761217454665,-0.006067013939409609,-0.006067013939409609,0.14190752628343453,1.0059227314096937,4.716965215655806e-07,2.3403991040287475,0.10150246527815147,0.002796189458333334,-0.0009451495746354119,0.0016675994520638504,0.0007543197256243833,-0.0017884964166666626,2.3385702165403424,0.09762970311248124,-0.001828887488405151,-0.0038727621656702294,-0.0038972644094204265,1.0128379615318581,-3.0583088224160853e-07,-0.006183373769926865,0.02241784671517803,0.02241784671517803,0.12044051133141084,0.9937129634594535,-3.0975712734308053e-07,2.3397122701503674,0.10117482821089911,0.0036904376666666654,0.0013224071062869782,0.0009827991605430913,0.0005152377427277846,0.0032930326916666636,2.338666999701828,0.09790166917514628,-0.0010452704485395259,-0.003273159035752829,-0.0032906592317507397,1.0108246729274335,3.060059586096405e-07,-0.004597247292425147,0.01890535848988288,0.01890535848988288,0.17661607450603647,0.9946818571096466,3.093183730254356e-07]"
/multi_agv/m2b_algorithm_state,1789558501.9670856,1789558501.9670856,m2b_algorithm_state_v1:header6+3x20,"[1.0,-0.15,0.52,2.341843302608775,0.10125100049933945,1789558501.9669302,2.340415605550776,0.10107581434359893,0.0036904376666666654,0.0015389764986829713,0.0006970908940949093,0.0005699726675423314,0.004584685874999997,2.338865702907049,0.10619783175270946,-0.001549902643726675,0.00512201740911053,0.00508174832219847,0.9845834134316547,8.671854241233153e-07,0.003144370017540126,-0.0121604302445213,-0.0121604302445213,0.14189908894442077,1.0079242584163708,8.53816384961511e-07,2.341396359756511,0.10150242522222806,0.002796189458333334,-0.000944812311145635,0.0016675807517461116,0.0007541832604739535,-0.0017884964166666626,2.3396381496431693,0.09756725882395374,-0.0017582101133415406,-0.00393516639827432,-0.003960476536585778,1.0130539600579018,-3.1566605993740826e-07,-0.0061582391782627035,0.022352475306732296,0.022352475306732296,0.12043519904228697,0.9936093199700468,-3.197867520754664e-07,2.3407095332104997,0.10117485284038324,0.0036904376666666654,0.0013222207181438155,0.0009828102585341504,0.0005153127618317418,0.0032930326916666636,2.3398622565686535,0.0995934404473058,-0.0008472766418461397,-0.0015814123930774499,-0.0015854457751074715,1.005131386294144,7.134162700328384e-08,-0.0026445415774151463,0.011364991668270808,0.011364991668270808,0.17659955581917075,0.9974559949678832,7.170770845029043e-08]"
/multi_agv/m2b_algorithm_state,1789558501.9770267,1789558501.9770267,m2b_algorithm_state_v1:header6+3x20,"[1.0,-0.15,0.52,2.342837541234014,0.10125102529193154,1789558501.976951,2.3414184026372813,0.10107575935381456,0.0036904376666666654,0.001539304439973042,0.000697063686690935,0.0005698446703122913,0.004584685874999997,2.3399025343089392,0.10561887010438561,-0.0015158683283420515,0.004543110750571053,0.004511289720470721,0.9862340740252812,6.826997950150438e-07,0.0026164543100431568,-0.009967345622279663,-0.009967345622279663,0.14191026289531375,1.0070536436522661,6.733018001739109e-07,2.342399170116478,0.1015024390250272,0.002796189458333334,-0.0009451436909293483,0.0016676025231103786,0.0007543155770632498,-0.0017884964166666626,2.340610765937026,0.09756725882395374,-0.00178840417945203,-0.00393518020107346,-0.003960490514894625,1.0130540054709882,-3.1577897328615877e-07,-0.006195995739209662,0.022484267109286638,0.022484267109286638,0.12044223431745334,0.9936092982104165,-3.199011537310593e-07,2.3417123350725646,0.10117480311917659,0.0036904376666666654,0.0013224418811979073,0.0009828021114216328,0.0005152211339037971,0.0032930326916666636,2.340825392721754,0.09926346391100813,-0.00088694235081066,-0.0019113392081684666,-0.00191724576695908,1.006225036486544,1.0425498880520949e-07,-0.003025923705472405,0.01284528098498997,0.01284528098498997,0.1766214325566428,0.9969192479689334,1.0490397991442615e-07]"
/multi_agv/m2b_algorithm_state,1789558501.9872153,1789558501.9872153,m2b_algorithm_state_v1:header6+3x20,"[1.0,-0.15,0.52,2.343841631283954,0.10125098639484258,1789558501.9871178,2.3424126524777287,0.10107583688643389,0.0036904376666666654,0.0015386947807983766,0.0006971236179243328,0.0005700777589258574,0.004584685874999997,2.3408886033608485,0.10452172802394749,-0.0015240491168801995,0.003445891137513604,0.0034274308622593403,0.9894260156155312,3.929402105028147e-07,0.001522369466159091,-0.00549771918529882,-0.00549771918529882,0.14189112610917054,1.0053860386966624,3.8878526685292804e-07,2.343393395085493,0.10150237165800219,0.002796189458333334,-0.0009444566949089322,0.00166756155443748,0.0007540390982119505,-0.0017884964166666626,2.3414567574025664,0.09866623644490788,-0.001936637682926623,-0.0028361352130943096,-0.0028491737466500816,1.0092928396562095,-1.637907255134266e-07,-0.005269970850308361,0.018837244439084484,0.018837244439084484,0.12043018537063463,0.995423749228666,-1.653128064627971e-07,2.34270657613882,0.10117486733135854,0.0036904376666666654,0.0013220406989409854,0.0009828237123743477,0.0005153837946791202,0.0032930326916666636,2.3416614308239416,0.09854937557435042,-0.0010451453148783152,-0.0026254917570081165,-0.0026366968318110883,1.0086199012511239,1.967501267277087e-07,-0.003943128475408982,0.01635840210476487,0.01635840210476487,0.17658396724126074,0.9957503363042024,1.9844609339124766e-07]"
/multi_agv/m2b_algorithm_state,1789558501.997266,1789558501.997266,m2b_algorithm_state_v1:header6+3x20,"[1.0,-0.15,0.52,2.3448382215332804,0.10125099629766565,1789558501.997039,2.343416733946055,0.10107575954749123,0.0036904376666666654,0.0015391836262492312,0.0006970832234411966,0.0005698868756746435,0.004584685874999997,2.3416598457294553,0.10458855307307258,-0.0017568882165996946,0.0035127935255813425,0.0034936192131072383,0.9892289895034273,4.0845508293137085e-07,0.00129750894235762,-0.004721262571442194,-0.004721262571442194,0.14190685367328787,1.005488380760607,4.040556089457386e-07,2.344397495388506,0.10150240073835805,0.002796189458333334,-0.0009449640769905255,0.00166759231365754,0.0007542430305464143,-0.0017884964166666626,2.3425686415621607,0.10014139907975592,-0.0018288538263453447,-0.0013610016586021317,-0.0013639709840149498,1.004385876830009,-3.7701912051743027e-08,-0.0036500382669466306,0.01255957431999815,0.01255957431999815,0.12044008787193076,0.9978230289004555,-3.78672679942578e-08,2.3437106645172996,0.10117479889867845,0.0036904376666666654,0.0013223666343521634,0.0009828113869753798,0.0005152489254111577,0.0032930326916666636,2.3423347461743997,0.09793944733151036,-0.0013759183428998512,-0.0032353515671680877,-0.0032524449660047503,1.0106951109201128,2.989612467025416e-07,-0.004972342894629564,0.020206911720802828,0.020206911720802828,0.17661475768968907,0.9947444464040662,3.021586703968405e-07]"
/multi_agv/m2b_algorithm_state,1789558502.0072517,1789558502.0072517,m2b_algorithm_state_v1:header6+3x20,"[1.0,-0.15,0.52,2.3458411791135396,0.10125096510008014,1789558502.00712,2.3444133307176362,0.1010758006243223,0.0036904376666666654,0.0015388337251527047,0.000697119149638414,0.0005700198561352648,0.004584685874999997,2.342744049944709,0.10521423779790072,-0.001669280772927273,0.004138437173578424,0.004111951007371955,0.987401630881729,5.665020656103771e-07,0.0020253500412128634,-0.007640091151133422,-0.007640091151133422,0.14189603931264633,1.006441265024555,5.593650634815546e-07,2.345394077654058,0.1015023563851372,0.002796189458333334,-0.0009445598314635987,0.0016675683623326165,0.0007540802624146636,-0.0017884964166666626,2.3435616017494874,0.09906550029890213,-0.0018324759045706962,-0.0024368560862350758,-0.002446452908940519,1.0079487703406,-1.2090105761624254e-07,-0.0047370477896538895,0.01681265311241869,0.01681265311241869,0.12043327888335008,0.9960772501811205,-1.218620723571697e-07,2.3447072562281472,0.10117483188353744,0.0036904376666666654,0.0013221376072918272,0.000982824785734993,0.0005153412300716968,0.0032930326916666636,2.3434858820493965,0.09954366433414279,-0.0012213741787507892,-0.0016311675493946576,-0.0016354603350606527,1.005295803105398,7.589918881856202e-08,-0.0031621780584991394,0.013212211208935107,0.013212211208935107,0.17659358549410026,0.9973751820365392,7.630113597840454e-08]"
/multi_agv/m2b_algorithm_state,1789558502.0171382,1789558502.0171382,m2b_algorithm_state_v1:header6+3x20,"[1.0,-0.15,0.52,2.346840890406661,0.10125095538959285,1789558502.0170515,2.345416282004296,0.10107574190987356,0.0036904376666666654,0.0015391916806007633,0.0006970900701818825,0.000569879822773006,0.004584685874999997,2.3438986434662548,0.1057309354660221,-0.0015176385380413215,0.004655193556148532,0.0046218115755897226,0.985912687137146,7.166848285848766e-07,0.0027247634030380706,-0.010413385918598037,-0.010413385918598037,0.14190775956200724,1.0072227047799,7.065886651805406e-07,2.3463970427481127,0.1015023740628973,0.002796189458333334,-0.0009449251469847209,0.0016675909037200398,0.0007542268884514758,-0.0017884964166666626,2.3444544053861778,0.09782698605845308,-0.0019426373619348958,-0.0036753880044442244,-0.0036974236683443547,1.0121567639580618,-2.7535272302005246e-07,-0.0061257203707629744,0.022145672393108128,0.022145672393108128,0.12044065820861839,0.9940402653640182,-2.787001210790168e-07,2.345710212588209,0.10117477932746957,0.0036904376666666654,0.0013223774817854752,0.0009828161195044377,0.0005152417615042928,0.0032930326916666636,2.344545044881495,0.09973578647083231,-0.0011651677067141541,-0.0014389928566372612,-0.0014423288913159786,1.0046617740967851,5.9071770614517606e-08,-0.0028987885247086713,0.012204470520943008,0.012204470520943008,0.17661653126876847,0.9976870499517806,5.93471498646196e-08]"
/multi_agv/m2b_algorithm_state,1789558502.0272627,1789558502.0272627,m2b_algorithm_state_v1:header6+3x20,"[1.0,-0.15,0.52,2.347840675205521,0.10125094527511441,1789558502.027052,2.3464159935388684,0.10107573595891321,0.0036904376666666654,0.0015391755675386834,0.0006970938948491316,0.0005698848175420682,0.004584685874999997,2.344990340395394,0.10477754233489515,-0.0014256531434746478,0.003701806375981942,0.0036805437140978144,0.9886740600725562,4.5352443460635954e-07,0.0018984772847545047,-0.0069718494777530286,-0.0069718494777530286,0.14190799085165037,1.0057770437021802,4.4838784410438e-07,2.3473967537296145,0.10150235849761323,0.002796189458333334,-0.0009448835050705181,0.0016675899688598506,0.0007542093240611308,-0.0017884964166666626,2.345545273980432,0.09823188380387696,-0.0018514797491824275,-0.003270474693736272,-0.003287869419744398,1.0107684262762546,-2.1795868763486454e-07,-0.005602219106222432,0.02016390859168383,0.02016390859168383,0.1204408038273867,0.994709423098233,-2.203057596939298e-07,2.346709923951501,0.10117477171225212,0.0036904376666666654,0.0013223710264333817,0.000982818290408938,0.0005152434302738793,0.0032930326916666636,2.345434604791148,0.09905519836784724,-0.0012753191603529501,-0.002119573344404879,-0.002126848414164485,1.0069194353408815,1.282197761370293e-07,-0.0037209973646056727,0.01537815011840608,0.01537815011840608,0.1766169841009287,0.9965794131301721,1.291069845874318e-07]"
/multi_agv/m2b_algorithm_state,1789558502.037189,1789558502.037189,m2b_algorithm_state_v1:header6+3x20,"[1.0,-0.15,0.52,2.3488405826860252,0.10125093446032689,1789558502.0370436,2.3474157784476497,0.10107572874157847,0.0036904376666666654,0.001539169189247529,0.0006970969219954877,0.0005698860075241201,0.004584685874999997,2.3458227835876024,0.10280246181284583,-0.0015929948600472699,0.0017267330712673612,0.0017220367907429853,0.9945960922716939,9.882593135594197e-08,-0.000269206784316102,0.0017192857703122347,0.0017192857703122347,0.1419084823233867,1.0027271661962285,9.829188514173055e-08,2.348396538365627,0.10150234400941875,0.002796189458333334,-0.0009448526492478425,0.0016675894803173108,0.0007541962029129906,-0.0017884964166666626,2.346522028375181,0.09823188380387696,-0.0018745099904458051,-0.0032704602055417947,-0.003287854778913212,1.0107683788994584,-2.1794965150715914e-07,-0.005630992266970468,0.02026487010158047,0.02026487010158047,0.12044111326416099,0.9947094459636788,-2.2029661593559314e-07,2.3477097088032868,0.10117476307434604,0.0036904376666666654,0.0013223708316177588,0.000982820184247158,0.0005152425294662776,0.0032930326916666636,2.346362926802777,0.09847719076823687,-0.0013467820005099718,-0.002697572306109175,-0.002709407509811436,1.0088637375934217,2.0776333877624647e-07,-0.004392885010448901,0.017967917631534873,0.017967917631534873,0.17661794634312417,0.9956318111397406,2.096048984926923e-07]"
/multi_agv/m2b_algorithm_state,1789558502.0471904,1789558502.0471904,m2b_algorithm_state_v1:header6+3x20,"[1.0,-0.15,0.52,2.3498407385321376,0.10125092217031767,1789558502.0470967,2.34841568580425,0.10107571960656077,0.0036904376666666654,0.0015391770957227176,0.00069709863333065,0.0005698816900725684,0.004584685874999997,2.3467634668140795,0.10219544314668896,-0.0016522189901704287,0.0011197235401281952,0.0011177396302903574,0.9964714463303778,4.157547192870606e-08,-0.0009475341074226785,0.004410483158319253,0.004410483158319253,0.14190940805363852,1.001774930211003,4.142877064466575e-08,2.349396445961708,0.10150233094380846,0.002796189458333334,-0.000944837488236103,0.0016675898270488432,0.0007541894504447672,-0.0017884964166666626,2.3477859454403447,0.09949284326604736,-0.001610500521363356,-0.0020094876777611015,-0.0020159925431933678,1.006523245579196,-8.22141843336761e-08,-0.004029118194897563,0.014153990561435058,0.014153990561435058,0.12044169609649627,0.9967733683072246,-8.275048764817795e-08,2.3487096162921173,0.10117475283061139,0.0036904376666666654,0.0013223800229491662,0.0009828216055204784,0.0005152378059408284,0.0032930326916666636,2.3475345357175987,0.10003288594583898,-0.0011750805745185389,-0.0011418668847724134,-0.0011439627884871045,1.0036868212717558,3.718836616626699e-08,-0.0026128135066352783,0.011071896380952505,0.011071896380952505,0.1766197588071019,0.9981678567381873,3.7325473025710627e-08]"
/multi_agv/m2b_algorithm_state,1789558502.0572407,1789558502.0572407,m2b_algorithm_state_v1:header6+3x20,"[1.0,-0.15,0.52,2.350840748513024,0.10125091096580131,1789558502.057188,2.3494158410358867,0.10107570678651659,0.0036904376666666654,0.001539211700322651,0.0006970977244458603,0.0005698671629975474,0.004584685874999997,2.3478045290733096,0.10402435190248328,-0.0016113119625771333,0.0029486451159666943,0.0029350769154102554,0.9909000698104382,2.8792537403346935e-07,0.0009209369621888388,-0.0031029391996096464,-0.0031029391996096464,0.1419112128353983,1.0046227751256536,2.853052732299613e-07,2.3503966025222467,0.10150232029849875,0.002796189458333334,-0.0009448514438888129,0.0016675919703277309,0.0007541943845432164,-0.0017884964166666626,2.348768723906478,0.09949284326604736,-0.0016278786157686298,-0.0020094770324513844,-0.002015981829374194,1.0065232111705378,-8.221453103592464e-08,-0.004050830099084982,0.014230494462500591,0.014230494462500591,0.12044283241635256,0.9967733851426485,-8.275083378315871e-08,2.349709772038279,0.10117473942593769,0.0036904376666666654,0.001322407001866551,0.0009828220777685637,0.000515225865835313,0.0032930326916666636,2.3485541795085565,0.10036748714090346,-0.0011555925297224157,-0.0008072522850342267,-0.0008082971557608547,1.002596595194732,1.8582502819204416e-08,-0.0022527878179138742,0.009659071999110157,0.009659071999110157,0.1766232924966433,0.9987073185657268,1.8630754056730856e-08]"
/multi_agv/m2b_algorithm_state,1789558502.0671706,1789558502.0671706,m2b_algorithm_state_v1:header6+3x20,"[1.0,-0.15,0.52,2.351840556975175,0.10125090116836917,1789558502.0670638,2.3504158507059754,0.10107569651122314,0.0036904376666666654,0.001539228826222931,0.0006970982154928856,0.0005698594840418402,0.004584685874999997,2.348957003510778,0.10484683725213609,-0.0014588471951975102,0.0037711407409129483,0.0037490857530361357,0.9884711157441317,4.7066347426498876e-07,0.001925526759039248,-0.007102561879923837,-0.007102561879923837,0.14191250139980757,1.00588276431366,4.6523724954672284e-07,2.3513966128579677,0.10150230819219153,0.002796189458333334,-0.0009448464808097167,0.0016675930348313273,0.0007541916791706377,-0.0017884964166666626,2.349206171507434,0.09703770810765265,-0.0021904413505335896,-0.004464600084538875,-0.004497308763500139,1.0148982932481718,-4.06466727693632e-07,-0.007235360451667126,0.026302134271189187,0.026302134271189187,0.12044364368462483,0.9927270550719742,-4.1252238819843655e-07,2.350709781975129,0.10117472819398927,0.0036904376666666654,0.0013224225387298023,0.0009828229562587774,0.0005152186741036813,0.0032930326916666636,2.349117632564603,0.09905529225698745,-0.0015921494105257672,-0.002119435937001826,-0.0021267100602596076,1.0069189800975216,1.282081603968515e-07,-0.004116896823416817,0.01677285705965334,0.01677285705965334,0.17662581541921918,0.9965796356571079,1.2909523010697718e-07]"
/multi_agv/m2b_algorithm_state,1789558502.0771825,1789558502.0771825,m2b_algorithm_state_v1:header6+3x20,"[1.0,-0.15,0.52,2.352843846961803,0.10125086921383919,1789558502.07708,2.351415659276807,0.10107568945457117,0.0036904376666666654,0.0015392237947983644,0.0006971006997731344,0.0005698603725910326,0.004584685874999997,2.3499383054549527,0.10382699462474705,-0.0014773538218544324,0.002751305170175883,0.0027394745958887537,0.9914898675218755,2.507153787792814e-07,0.0008927823185707132,-0.002909432422531234,-0.002909432422531234,0.14191307667022626,1.0043185559394796,2.4858175769156655e-07,2.3523964211657273,0.10150229429889586,0.002796189458333334,-0.000944817578410034,0.0016675925716569395,0.0007541793915800815,-0.0017884964166666626,2.350172379945608,0.09703770810765265,-0.0022240412201193216,-0.004464586191243208,-0.004497294669284228,1.0148982473132102,-4.0645178695300387e-07,-0.00727734619443338,0.02644877906443472,0.02644877906443472,0.12044400586813693,0.9927270769548606,-4.1250720619592593e-07,2.3517095904829906,0.10117471975164047,0.0036904376666666654,0.001322423356402905,0.000982824476095101,0.00051521752896635,0.0032930326916666636,2.349998399418899,0.0979072686725792,-0.0017111910640914552,-0.003267451079061262,-0.003284889569423078,1.0108051204615027,3.049424087048034e-07,-0.005423878399537397,0.02180290733570077,0.02180290733570077,0.17662694175727972,0.9946913008814239,3.082373481646796e-07]"
/multi_agv/m2b_algorithm_state,1789558502.0872679,1789558502.0872679,m2b_algorithm_state_v1:header6+3x20,"[1.0,-0.15,0.52,2.353843912120398,0.10125085865160943,1789558502.0871825,2.3524189423275277,0.10107562944962302,0.0036904376666666654,0.001539593710592201,0.0006970673274723893,0.0005697173878342787,0.004584685874999997,2.3508567055550276,0.10205799827762732,-0.001562236772500114,0.0009823688280043014,0.0009808402012043685,0.9968994438649665,3.2012945200891276e-08,-0.0009719557644207741,0.004558510934733072,0.004558510934733072,0.1419259764733885,1.0015584870991787,3.1913687267248166e-08,2.3533997196006653,0.1015023125879726,0.002796189458333334,-0.000945195727898784,0.0016676179165870941,0.0007543301224002125,-0.0017884964166666626,2.3517163007209794,0.0990042281216272,-0.0016834188796859273,-0.0024980844663454044,-0.0025081742702437247,1.0081541158717753,-1.271435364953147e-07,-0.004612447869851134,0.01639700622878923,0.01639700622878923,0.12045212737933192,0.9959772317186955,-1.2818027962424479e-07,2.352712878957216,0.10117466560392196,0.0036904376666666654,0.0013226740186740118,0.000982813507432634,0.0005151145819377967,0.0032930326916666636,2.351392146748801,0.09966261788432539,-0.0013207322084149986,-0.0015120477195965792,-0.0015157331151760102,1.004902487922321,6.523981208070953e-08,-0.0031666483756947585,0.013180340020772965,0.013180340020772965,0.176652200649901,0.9975685722357508,6.55596494714897e-08]"
/multi_agv/m2b_algorithm_state,1789558502.0973353,1789558502.0973353,m2b_algorithm_state_v1:header6+3x20,"[1.0,-0.15,0.52,2.354843926197046,0.10125084851341966,1789558502.0971293,2.3534190070681147,0.10107562201957569,0.0036904376666666654,0.001539590756153981,0.0006970667518510605,0.000569718967690688,0.004584685874999997,2.3520492627374217,0.10250724791650058,-0.0013697443306930346,0.0014316258969248874,0.0014283904496198996,0.9955045433980108,6.796618169829973e-08,-0.0002837899637463937,0.0019049023055443016,0.0019049023055443016,0.1419274606447488,1.0022651000682963,6.766064267807211e-08,2.354399785406204,0.10150229769459575,0.002796189458333334,-0.0009451680819741815,0.0016676198574194778,0.0007543171289589312,-0.0017884964166666626,2.3526487686645563,0.09761080101329941,-0.0017510167416476818,-0.003891496681296333,-0.003916240100570675,1.0129028027100409,-3.088068572337178e-07,-0.006105011027630277,0.022150253758647608,0.022150253758647608,0.12045306178105221,0.993681843135528,-3.127913311881122e-07,2.353712943886874,0.10117465624065687,0.0036904376666666654,0.001322679091387911,0.0009828133220864963,0.0005151124793530298,0.0032930326916666636,2.352433274729309,0.10018130247520535,-0.0012796691575647223,-0.000993353765451524,-0.0009949381560601426,1.0032019364521796,2.814740965579619e-08,-0.0025945246030160455,0.010946103472329143,0.010946103472329143,0.17665510698109108,0.998407548651172,2.8237535872807516e-08]"
/multi_agv/m2b_algorithm_state,1789558502.1072319,1789558502.1072319,m2b_algorithm_state_v1:header6+3x20,"[1.0,-0.15,0.52,2.355839233995367,0.10125086829052656,1789558502.1070611,2.3544190208688205,0.10107561533627611,0.0036904376666666654,0.0015395831790853578,0.000697066742066709,0.0005697222569486123,0.004584685874999997,2.3531979097706737,0.10449918309139009,-0.001221111098146821,0.0034235677551139737,0.003405342737238507,0.9894917908954831,3.8809657522958066e-07,0.0018789538645549806,-0.006767024885447379,-0.006767024885447379,0.1419287639810404,1.0053518894518811,3.8401837526432134e-07,2.35539979994805,0.10150228260719113,0.002796189458333334,-0.000945135504118089,0.0016676212530120083,0.0007543022813144423,-0.0017884964166666626,2.3534931948932103,0.09658752107632368,-0.0019066050548395275,-0.004914761530867451,-0.004954533014173159,1.0164832087676436,-4.928522439168282e-07,-0.007337789332722568,0.026811519490816574,0.026811519490816574,0.12045388231325284,0.991972707984398,-5.009760303449109e-07,2.354712957774267,0.1011746475967917,0.0036904376666666654,0.00132268081604785,0.000982813313789666,0.0005151117359276564,0.0032930326916666636,2.353358874837467,0.09953082618995543,-0.0013540829368001717,-0.0016438214068362766,-0.0016481814803703614,1.0053376598987505,7.711372885397187e-08,-0.003340785151370576,0.01384818321064098,0.01384818321064098,0.17665765919819193,0.9973546156257592,7.752533571211884e-08]"
/multi_agv/m2b_algorithm_state,1789558502.117152,1789558502.117152,m2b_algorithm_state_v1:header6+3x20,"[1.0,-0.15,0.52,2.356840002891069,0.10125085257557319,1789558502.1170115,2.3554143378967654,0.10107567953136273,0.0036904376666666654,0.0015390753005104815,0.0006971147994937253,0.0005699174040566133,0.004584685874999997,2.3544401024320782,0.10591174832091879,-0.0009742354646871121,0.004836068789556058,0.004800091958500922,0.985395856688263,7.732900153524473e-07,0.003582297627642032,-0.01359761212335011,-0.01359761212335011,0.1419134067247044,1.007495029546553,7.619967771467049e-07,2.3563950965840648,0.10150222505792744,0.002796189458333334,-0.0009445601466691986,0.0016675877660925487,0.0007540703022026612,-0.0017884964166666626,2.3544849366394898,0.0968585869821056,-0.0019101599445749962,-0.00464363807582184,-0.004679070380975089,1.0155268112958642,-4.39635448887267e-07,-0.007066770311693834,0.025774879804941187,0.025774879804941187,0.12044421367659962,0.9924274904482491,-4.4646158554111214e-07,2.3557082675052716,0.10117470028228949,0.0036904376666666654,0.0013223486966183941,0.0009828300163797548,0.0005152470085916178,0.0032930326916666636,2.3543048013021943,0.09898835317129459,-0.001403466203077297,-0.002186347110994899,-0.0021940916800416935,1.0071427916378837,1.364295095621512e-07,-0.003948424433888315,0.01620551733696526,0.01620551733696526,0.17662758801467077,0.9964702618777318,1.3740399712221232e-07]"
/multi_agv/m2b_algorithm_state,1789558502.1270587,1789558502.1270587,m2b_algorithm_state_v1:header6+3x20,"[1.0,-0.15,0.52,2.3578444464709865,0.1012508136325238,1789558502.1269689,2.3564151051106754,0.1010756564464969,0.0036904376666666654,0.0015391876347859482,0.0006971075538072739,0.0005698724804907736,0.004584685874999997,2.3551806286899897,0.10561620214276445,-0.0012344764206857484,0.0045405456962675506,0.004508759922107105,0.9862414194694172,6.818790638572241e-07,0.00296566439624992,-0.011225184504379168,-0.011225184504379168,0.14191738171601914,1.007049781915554,6.72497375845026e-07,2.3573958674144526,0.101502222727612,0.002796189458333334,-0.0009446597469941814,0.0016675935701497835,0.0007541104561164524,-0.0017884964166666626,2.35553914626269,0.09849383294453593,-0.0018567211517628301,-0.0030083897830760764,-0.0030230793049320025,1.0098763749608755,-1.8435098130587505e-07,-0.005343980744635541,0.019161087909174476,0.019161087909174476,0.12044671630002775,0.9951408744613611,-1.8617170072165723e-07,2.35670903614808,0.10117467855261066,0.0036904376666666654,0.0013224256126409982,0.0009828282847443859,0.0005152145690865855,0.0032930326916666636,2.3551863011778877,0.10005644377736185,-0.0015227349701922854,-0.0011182347752488053,-0.001120244466667481,1.0036095590652359,3.566565979347032e-08,-0.0030236631794078378,0.012514860496446144,0.012514860496446144,0.17663537109390198,0.9982060242398215,3.579439709909546e-08]"
/multi_agv/m2b_algorithm_state,1789558502.1372218,1789558502.1372218,m2b_algorithm_state_v1:header6+3x20,"[1.0,-0.15,0.52,2.358843286105372,0.10125081151634646,1789558502.1369352,2.357419539528654,0.10107557849152465,0.0036904376666666654,0.0015396878988840619,0.0006970622258755548,0.000569679213871066,0.004584685874999997,2.3560043714923036,0.10436450602251814,-0.0014151680363503338,0.0032889275309934823,0.0032720905769523263,0.9898894303546258,3.5823263740898825e-07,0.001503130531514409,-0.0053526707981912565,-0.0053526707981912565,0.14193436673065057,1.0051456259064926,3.5461070137921863e-07,2.3584003221187215,0.10150225318780279,0.002796189458333334,-0.0009451801335400062,0.0016676269432056579,0.0007543186658369588,-0.0017884964166666626,2.3565855888047658,0.09860759269781759,-0.001814733313955763,-0.0028946604899851985,-0.0029082487041314697,1.0094908619573153,-1.7075753084197393e-07,-0.005176665346576174,0.018530560329113408,0.018530560329113408,0.12045740959171125,0.9953276987188311,-1.723781669953671e-07,2.3577134777655835,0.10117460921824396,0.0036904376666666654,0.0013227621173679464,0.0009828131039762988,0.0005150766036751959,0.0032930326916666636,2.356201881169878,0.10024654403325517,-0.0015115965957055444,-0.0009280651849887939,-0.0009294474702318103,1.002989284023362,2.456945175007555e-08,-0.002818943214863741,0.011713201353991788,0.011713201353991788,0.17666863100825705,0.9985127882023589,2.4642896819654815e-08]"
/multi_agv/m2b_algorithm_state,1789558502.1470733,1789558502.1470733,m2b_algorithm_state_v1:header6+3x20,"[1.0,-0.15,0.52,2.359843376391551,0.10125080129003429,1789558502.1469731,2.3584183813219184,0.10107559051570666,0.0036904376666666654,0.001539550205824726,0.0006970740296092784,0.0005697327582310976,0.004584685874999997,2.357023831940567,0.10454233805387278,-0.0013945493813514176,0.003466747538166115,0.0034480660237740752,0.9893645280203808,3.9792633252636544e-07,0.0017048792970848032,-0.0061625059742603135,-0.0061625059742603135,0.14193151189264697,1.005417968873923,3.9369419816682865e-07,2.359399159266181,0.1015022272954068,0.002796189458333334,-0.0009450066267734925,0.001667619482425664,0.0007542473371809771,-0.0017884964166666626,2.3574867800216452,0.09748938564948269,-0.001912379244535689,-0.004012841645924109,-0.00403917627789215,1.0133232530949121,-3.283344519176613e-07,-0.006429650333561761,0.023329413226799475,0.023329413226799475,0.12045561229792347,0.9934801974075309,-3.3270893492033954e-07,2.358712317728018,0.10117461673792595,0.0036904376666666654,0.0013226774391312465,0.0009828169648694379,0.0005151112999464491,0.0032930326916666636,2.3571522779815046,0.10001936530827427,-0.0015600397465131977,-0.0011552514296516853,-0.0011573969766914252,1.003730607359729,3.807422440355606e-08,-0.0031074466598329225,0.012826413693983532,0.012826413693983532,0.17666304030721214,0.9981462306512383,3.821626438533194e-08]"
/multi_agv/m2b_algorithm_state,1789558502.1569996,1789558502.1569996,m2b_algorithm_state_v1:header6+3x20,"[1.0,-0.15,0.52,2.3608428763403175,0.10125079493038815,1789558502.1568782,2.3594184712947808,0.10107558229586398,0.0036904376666666654,0.0015395569430517756,0.0006970731949214935,0.0005697302719206291,0.004584685874999997,2.358211465920578,0.10619167750410714,-0.0012070053742028186,0.00511609520824316,0.005075917243352396,0.9846001338064304,8.655126102963425e-07,0.0035671605255988724,-0.013683986918620085,-0.013683986918620085,0.14193308512991415,1.0079154097603509,8.521838319089318e-07,2.360399250017001,0.10150221448553699,0.002796189458333334,-0.0009449904195123248,0.0016676208763501954,0.0007542395865080959,-0.0017884964166666626,2.3584552940752537,0.09748938564948269,-0.001943955941747344,-0.004012828836054305,-0.004039163301863441,1.0133232109183514,-3.283267413967169e-07,-0.006469108229047621,0.023467455561714156,0.023467455561714156,0.12045660274319206,0.993480217599277,-3.327011078224804e-07,2.359712407862871,0.1011746070887019,0.0036904376666666654,0.0013226876552426335,0.0009828166311500524,0.0005151070450914886,0.0032930326916666636,2.358128432763006,0.09984815150378254,-0.0015839750998649649,-0.001326455584919367,-0.0013292878325481333,1.004291755478315,5.0201570084287756e-08,-0.003309256707379339,0.013609032877956716,0.013609032877956716,0.17666612119233568,0.997869349617579,5.0417022947717015e-08]"
/multi_agv/m2b_algorithm_state,1789558502.1670153,1789558502.1670153,m2b_algorithm_state_v1:header6+3x20,"[1.0,-0.15,0.52,2.3618422777581265,0.10125078918751418,1789558502.1668978,2.3604179721505467,0.1010755830798391,0.0036904376666666654,0.0015395006325169647,0.0006970784148733415,0.0005697519648879268,0.004584685874999997,2.359287465623506,0.10619167750410714,-0.001130506527040609,0.005116094424268039,0.005075916471884334,0.9846001361946515,8.65480685679078e-07,0.003662783313083573,-0.014029428095187375,-0.014029428095187375,0.14193256822665756,1.0079154084993818,8.521524009934606e-07,2.361398748935831,0.1015021964480064,0.002796189458333334,-0.000944905890142852,0.001667617786540898,0.0007542045528547425,-0.0017884964166666626,2.3594431167790946,0.09748938564948269,-0.001955632156736442,-0.004012810798523711,-0.004039145030365971,1.0133231515296883,-3.2829444478913206e-07,-0.006483685226286524,0.023518526547578165,0.023518526547578165,0.12045627732317243,0.9934802460312068,-3.3266836142341256e-07,2.3607119079345744,0.10117460526331895,0.0036904376666666654,0.001322655715685735,0.000982818373380434,0.0005151199832537437,0.0032930326916666636,2.3591401559402003,0.09984815150378254,-0.0015717519943740932,-0.0013264537595364112,-0.0013292859994006637,1.0042917495890686,5.020022003834538e-08,-0.00329397599236828,0.013555011415851451,0.013555011415851451,0.17666510892847656,0.9978693525204287,5.04156668120661e-08]"
/multi_agv/m2b_algorithm_state,1789558502.1770191,1789558502.1770191,m2b_algorithm_state_v1:header6+3x20,"[1.0,-0.15,0.52,2.3628433793815007,0.10125077259035709,1789558502.1769352,2.361417374707133,0.10107558481454174,0.0036904376666666654,0.0015394385237221622,0.0006970847013016085,0.0005697756164382918,0.004584685874999997,2.3600094035837706,0.10580043339039447,-0.0014079711233625503,0.00472484857585273,0.004690478326178937,0.9857133636894835,7.383706319397327e-07,0.002930514421975749,-0.011189834915624966,-0.011189834915624966,0.14193170247313977,1.0073276641066569,7.278217992588436e-07,2.3623981490085373,0.1015021783293895,0.002796189458333334,-0.0009448153962897587,0.0016676137512323663,0.0007541674256259373,-0.0017884964166666626,2.3600616505076624,0.09815126120182925,-0.0023364985008749173,-0.003350917127560249,-0.0033691891871028058,1.0110432891551686,-2.2880802124925407e-07,-0.006289812313196452,0.022604807922520686,0.022604807922520686,0.12045573227782401,0.9945767190478639,-2.3133481438893155e-07,2.361711309558709,0.10117460441861133,0.0036904376666666654,0.0013226192680779714,0.0009828205595347594,0.0005151346445748601,0.0032930326916666636,2.3598600890344064,0.10073345658801833,-0.0018512205243026436,-0.000441147830593,-0.00044145901131693226,1.0014131276646623,5.548991814387355e-09,-0.0027554846666952367,0.01128746534783815,0.01128746534783815,0.17666341355686008,0.9992951084563798,5.55683324823125e-09]"
/multi_agv/m2b_algorithm_state,1789558502.1870556,1789558502.1870556,m2b_algorithm_state_v1:header6+3x20,"[1.0,-0.15,0.52,2.3638429907629717,0.10125076581341526,1789558502.1868744,2.3624184740593077,0.10107556018829436,0.0036904376666666654,0.0015395637014609656,0.0006970735907096065,0.0005697271360892263,0.004584685874999997,2.360989950088804,0.1051279960589288,-0.0014285239705036368,0.004052435870634433,0.0040270223681666524,0.9876511733220388,5.43496531302669e-07,0.0022413674050371065,-0.008375174653287357,-0.008375174653287357,0.14193685656980712,1.0063107428130205,5.367849868375392e-07,2.3633992534201473,0.10150217662456743,0.002796189458333334,-0.0009449285041489694,0.0016676221159399596,0.0007542121026310467,-0.0017884964166666626,2.36099686475958,0.09850110413580647,-0.0024023886605673006,-0.0030010724887609558,-0.003015689842171993,1.0098515484722024,-1.8350664985667544e-07,-0.006018675667881119,0.021527313169779794,0.021527313169779794,0.12045897706420482,0.9951528989464948,-1.8531447451270996e-07,2.362712410665047,0.10117458095820944,0.0036904376666666654,0.0013227070261170293,0.0009828167767130577,0.0005150985724102167,0.0032930326916666636,2.3607849679326747,0.10053509747355044,-0.0019274427323723309,-0.0006394834846590036,-0.0006401383524080013,1.002053058633314,1.1662534886610911e-08,-0.003049441767873415,0.012410721153728356,0.012410721153728356,0.17667350694702302,0.998976990291967,1.1686478754546194e-08]"
/multi_agv/m2b_algorithm_state,1789558502.1970882,1789558502.1970882,m2b_algorithm_state_v1:header6+3x20,"[1.0,-0.15,0.52,2.3648426350866614,0.10125075883952474,1789558502.1969116,2.3634180861882848,0.1010755593559284,0.0036904376666666654,0.001539520669415006,0.0006970776330612154,0.0005697436859159212,0.004584685874999997,2.361953427889447,0.10531575599477057,-0.0014646582988375734,0.004240196638842175,0.0042124133792565376,0.9871069325661062,5.949224497253881e-07,0.002381590505709571,-0.008971892072736305,-0.008971892072736305,0.1419367342145156,1.0065955681658532,5.872520744631414e-07,2.3643988639523275,0.10150216021614829,0.002796189458333334,-0.0009448587882104646,0.0016676195680682682,0.0007541832081990746,-0.0017884964166666626,2.361974468222404,0.09850110413580647,-0.0024243957299234786,-0.0030010560803418185,-0.0030156732753228747,1.0098514949491384,-1.8349111631526342e-07,-0.006046167937727223,0.021623916763030576,0.021623916763030576,0.12045890002352212,0.9951529248540723,-1.8529877812085502e-07,2.363712022148302,0.10117457786816911,0.0036904376666666654,0.0013226835782370184,0.0009828180453257621,0.000515108076123308,0.0032930326916666636,2.36178280201323,0.10040448035702694,-0.0019292201350720184,-0.0007700975111421676,-0.0007710481478797064,1.0024760488897433,1.6914420800693078e-08,-0.0031825733167197296,0.012935452918065159,0.012935452918065159,0.1766732673509122,0.9987670851163409,1.6956301733537285e-08]"
/multi_agv/m2b_algorithm_state,1789558502.2072117,1789558502.2072117,m2b_algorithm_state_v1:header6+3x20,"[1.0,-0.15,0.52,2.365851012072964,0.10125069584978393,1789558502.207121,2.3644177312216836,0.1010755576126681,0.0036904376666666654,0.0015394849201223093,0.0006970813774613829,0.000569757233954038,0.004584685874999997,2.3630424192989765,0.10577729515095896,-0.001375311922707123,0.004701737538290868,0.004667696691270649,0.9857794452918396,7.31200564463527e-07,0.002948556787886745,-0.011243376475078252,-0.011243376475078252,0.14193672848379188,1.007292857542325,7.208024868339357e-07,2.3653985074472312,0.1015021447839585,0.002796189458333334,-0.0009447972656069447,0.001667617081710926,0.0007541578333012527,-0.0017884964166666626,2.3629553308617095,0.09838679474592732,-0.0024431765855217336,-0.0031153500380311783,-0.0031311153854339606,1.0102398309295775,-1.9773524491553277e-07,-0.006185086117336128,0.022152935040792743,0.022152935040792743,0.12045889642402605,0.9949649420535176,-1.9976002039228642e-07,2.364711666591068,0.10117457412194765,0.0036904376666666654,0.001322664470790874,0.000982819263479518,0.0005151157246787658,0.0032930326916666636,2.362934146824976,0.10153267684026863,-0.0017775197660920838,0.00035810271832098506,0.00035789890320536634,0.998863236230239,3.6545357472767634e-09,-0.0018640008044097385,0.007786914982743788,0.007786914982743788,0.17667325609995857,1.0005694767818323,3.6503814034439628e-09]"
/multi_agv/m2b_algorithm_state,1789558502.217,1789558502.217,m2b_algorithm_state_v1:header6+3x20,"[1.0,-0.15,0.52,2.3668388345510514,0.10125076500649767,1789558502.2168744,2.365426091149715,0.1010754222149511,0.0036904376666666654,0.0015403947177603764,0.0006969948810083609,0.0005694078652986628,0.004584685874999997,2.3641214788316427,0.1055829906844913,-0.00130461231807244,0.004507568469540202,0.004476234752602367,0.9863361035857432,6.725555800901853e-07,0.0028454693550118166,-0.01077429193837091,-0.01077429193837091,0.1419524971893947,1.0070000164579436,6.633658503110026e-07,2.3664069052984242,0.10150221034521913,0.002796189458333334,-0.0009457620783158895,0.0016676796763803736,0.0007545434863055617,-0.0017884964166666626,2.3639308844221527,0.0981507576528109,-0.002476020876271523,-0.0033514526924082327,-0.0033697306589972,1.0110451158629752,-2.2911054375863027e-07,-0.006464756754336604,0.023217570234435325,0.023217570234435325,0.1204688140560542,0.9945758375257188,-2.3164109625987358e-07,2.365720039770753,0.1011744549891816,0.0036904376666666654,0.0013232753561038123,0.000982789125089578,0.0005148666063148999,0.0032930326916666636,2.36386273473205,0.1005827950633934,-0.001857305038702961,-0.0005916599257881905,-0.0005922203064978573,1.001898497236349,9.987368291084017e-09,-0.002913851604876559,0.01191137827442392,0.01191137827442392,0.1767041090925062,0.9990537630953915,1.0006329282183039e-08]"
/multi_agv/m2b_algorithm_state,1789558502.227193,1789558502.227193,m2b_algorithm_state_v1:header6+3x20,"[1.0,-0.15,0.52,2.3678507809836185,0.1012506782127246,1789558502.2269843,2.3664139378830455,0.10107560562886155,0.0036904376666666654,0.0015390468619951802,0.0006971175220042087,0.0005699283131103904,0.004584685874999997,2.365143394260254,0.10495645467653683,-0.0012705436227915534,0.003880849047675286,0.00385751163182606,0.9881506712344528,4.983451878172757e-07,0.002269332103336618,-0.008392623562658226,-0.008392623562658226,0.1419257796103738,1.0060498627293,4.924401318481005e-07,2.3673946985563443,0.10150207967598374,0.002796189458333334,-0.0009442738959715329,0.0016675920158788493,0.000753944008458185,-0.0017884964166666626,2.364593688582693,0.09882640263869018,-0.0028010099736515137,-0.0026756770372935584,-0.0026872679791838184,1.0087513078274362,-1.4573849165995305e-07,-0.0061885304462482105,0.022007002884165117,0.022007002884165117,0.12045200343778564,0.9956867190097728,-1.4701389406277555e-07,2.3667078672137642,0.10117460971464774,0.0036904376666666654,0.0013223885048802243,0.000982830265882707,0.0005152296218139934,0.0032930326916666636,2.364792212472719,0.10053264511504528,-0.0019156547410452696,-0.0006419645996024598,-0.0006426245709233191,1.0020610812825828,1.1750397048333532e-08,-0.003037192997229906,0.012368034623569144,0.012368034623569144,0.1766518151430293,0.9989730064010607,1.1774615571752768e-08]"
/multi_agv/m2b_algorithm_state,1789558502.237191,1789558502.237191,m2b_algorithm_state_v1:header6+3x20,"[1.0,-0.15,0.52,2.368844585408739,0.10125071015608211,1789558502.2370942,2.3674258600362554,0.10107541082431051,0.0036904376666666654,0.0015403800725597265,0.0006969942545280714,0.0005694145389405547,0.004584685874999997,2.365765804733093,0.10490013927631651,-0.0016600553031622667,0.0038247284520060015,0.003802051371461827,0.988314449554211,4.844772606389749e-07,0.0017269822425089935,-0.00641319579551511,-0.00641319579551511,0.1419524980277573,1.0059644329675261,4.788158771699405e-07,2.368406674460696,0.10150218359019125,0.002796189458333334,-0.000945699880354877,0.0016676804312321103,0.0007545161323999627,-0.0017884964166666626,2.3655757297081585,0.09882640263869018,-0.002830944752537423,-0.002675780951501075,-0.0026873727866150924,1.00875164577397,-1.4596985441331388e-07,-0.006226053727286872,0.022137538607453117,0.022137538607453117,0.12046881355980037,0.9956865548494974,-1.472473308728172e-07,2.3677198084539044,0.10117444022367203,0.0036904376666666654,0.0013232773952226834,0.0009827880173064688,0.000514866298356806,0.0032930326916666636,2.365427654523883,0.10052103180337434,-0.0022921539300213567,-0.0006534084202976936,-0.0006540921916021004,1.0020980989739598,1.218135031197181e-08,-0.003519284604128796,0.014081049078092666,0.014081049078092666,0.17670410739930936,0.9989546254898227,1.2206907990562804e-08]"
/multi_agv/m2b_algorithm_state,1789558502.247071,1789558502.247071,m2b_algorithm_state_v1:header6+3x20,"[1.0,-0.15,0.52,2.369845528794149,0.1012506956693713,1789558502.2469482,2.3684196769115786,0.1010755051878406,0.0036904376666666654,0.0015396629382205145,0.00069705676284455,0.0005696928731238667,0.004584685874999997,2.3668001669619336,0.10448184278339118,-0.0016195099496449927,0.0034063375955505765,0.0033882931708327938,0.9895425918915053,3.842251709361025e-07,0.0013639057337765529,-0.004908678283987656,-0.004908678283987656,0.14194864979356767,1.0053255204930651,3.8020717151806753e-07,2.369400464073485,0.1015021071425262,0.002796189458333334,-0.0009448963851409449,0.0016676359942380259,0.0007541909593322682,-0.0017884964166666626,2.3666629964655446,0.09887557602029105,-0.00273746760794058,-0.00262653112223514,-0.0026376960363101425,1.008585813801456,-1.4052198952279798e-07,-0.006059530546235868,0.021534990503133306,0.021534990503133306,0.12046640134122345,0.9957671718343176,-1.417284851598509e-07,2.3687136152411536,0.10117451813787952,0.0036904376666666654,0.001322810549050211,0.0009828082280195051,0.0005150581450061426,0.0032930326916666636,2.3665902492611024,0.10128743103551859,-0.0021233659800512505,0.00011291289763906698,0.0001128925968088274,0.9996405695714036,3.634356268327438e-10,-0.0025413148782552357,0.010297258481380465,0.010297258481380465,0.1766966036743153,1.0001798242826672,3.633049970096241e-10]"
/multi_agv/m2b_algorithm_state,1789558502.256934,1789558502.256934,m2b_algorithm_state_v1:header6+3x20,"[1.0,-0.15,0.52,2.370838059712131,0.10125073465683158,1789558502.2568462,2.3694206185403157,0.10107548513572699,0.0036904376666666654,0.0015397588488930115,0.0006970472814475485,0.0005696562314168815,0.004584685874999997,2.368224290142758,0.10554185721935241,-0.0011963283975577887,0.004466372083625422,0.004435598857115599,0.9864545593048866,6.600670217101277e-07,0.002940188360168363,-0.01109590271102833,-0.01109590271102833,0.1419524898584196,1.0069377839387925,6.51126123012753e-07,2.3704014096728163,0.10150210325354586,0.002796189458333334,-0.0009449777025877658,0.0016676426360011654,0.000754222752523695,-0.0017884964166666626,2.3678465332720573,0.09830561222422936,-0.0025548764007590208,-0.0031964910293165033,-0.003213098461630839,1.0105161203386235,-2.082202188968888e-07,-0.006406693962579615,0.02295954317123052,0.02295954317123052,0.12046881829644773,0.9948313341428364,-2.10409887775743e-07,2.3697145581693158,0.10117449861884104,0.0036904376666666654,0.0013228793255800624,0.000982804534695814,0.000515030254033079,0.0032930326916666636,2.367508604214289,0.100324593839505,-0.0022059539550265406,-0.0008499047793360387,-0.0008510633585901602,1.002735117709811,2.0606037025574546e-08,-0.003608505802373336,0.014475607255477113,0.014475607255477113,0.17670412336402033,0.9986386686226972,2.0662396962372216e-08]"
/multi_agv/m2b_algorithm_state,1789558502.2670593,1789558502.2670593,m2b_algorithm_state_v1:header6+3x20,"[1.0,-0.15,0.52,2.3718477339998505,0.10125066284316984,1789558502.266942,2.3704131646045936,0.10107559258588436,0.0036904376666666654,0.0015389535809147456,0.0006971234074287119,0.0005699656846944845,0.004584685874999997,2.3693823697525547,0.10648338156917886,-0.001030794852038941,0.005407788983294498,0.005362998783647936,0.9837769793811606,9.664140552211976e-07,0.00407450521859926,-0.01566634083164675,-0.01566634083164675,0.1419280503151497,1.0083517079629274,9.50735900077008e-07,2.3713939221841347,0.10150202224046703,0.002796189458333334,-0.0009440809184322928,0.0016675874160116955,0.000753862750906345,-0.0017884964166666626,2.36887978048477,0.09896628155172742,-0.0025141416993648136,-0.0025357406887396156,-0.0025461399664363712,1.008280573422575,-1.3085443028758099e-07,-0.005688817090642388,0.02019877204657279,0.02019877204657279,0.12045343301151967,0.9959156692743366,-1.3193798000524653e-07,2.370707092347664,0.10117458914414336,0.0036904376666666654,0.0013223479633924558,0.000982830458908568,0.0005152470939767057,0.0032930326916666636,2.3687714847304697,0.10008179840445758,-0.001935607617194357,-0.0010927907396857811,-0.0010947096495302388,1.0035264189776398,3.405849358132588e-08,-0.003514219171023185,0.014239069858943099,0.014239069858943099,0.17665626168163256,0.9982471061205305,3.417859809944089e-08]"
/multi_agv/m2b_algorithm_state,1789558502.2769802,1789558502.2769802,m2b_algorithm_state_v1:header6+3x20,"[1.0,-0.15,0.52,2.3728382627308773,0.10125071505398546,1789558502.2768464,2.371422819422849,0.10107543203846436,0.0036904376666666654,0.0015400475571983332,0.0006970241005760155,0.0005695431455829538,0.004584685874999997,2.3704610117159857,0.10639287564326702,-0.0009618077068633824,0.005317443604802657,0.005274107499448542,0.9840312766766551,9.351261298500023e-07,0.004071847865869314,-0.0156094029481784,-0.0156094029481784,0.14195249509933955,1.0082167656534582,9.201933594099973e-07,2.3724036199943583,0.10150210684640566,0.002796189458333334,-0.0009452481762869426,0.0016676579835230854,0.0007543320097074674,-0.0017884964166666626,2.3698600456601233,0.09896628155172742,-0.0025435743342350214,-0.0025358252946782456,-0.002546225261147999,1.0082808482213312,-1.3102491743892873e-07,-0.005725693178941776,0.020327351817624875,0.020327351817624875,0.1204688152499755,0.9959155355857774,-1.3210991489345296e-07,2.3717167625823445,0.1011744496446395,0.0036904376666666654,0.0013230758908690534,0.0009827966490477688,0.000514949152189604,0.0032930326916666636,2.3697474351205243,0.09991843730524468,-0.001969327461820214,-0.0012560123393948186,-0.0012585504107850316,1.0040606154255265,4.502220104556481e-08,-0.003720209738060299,0.015033306907227843,0.015033306907227843,0.1767041131318479,0.9979833375219114,4.520501888962159e-08]"
/multi_agv/m2b_algorithm_state,1789558502.2873213,1789558502.2873213,m2b_algorithm_state_v1:header6+3x20,"[1.0,-0.15,0.52,2.373846873024584,0.10125065041532223,1789558502.287157,2.3724133672476895,0.1010755720594933,0.0036904376666666654,0.0015390117943513992,0.0006971199911288471,0.0005699422282981922,0.004584685874999997,2.3714709025982246,0.10535328714015992,-0.0009424646494649025,0.004277715080666614,0.004249446063308342,0.9869984762016838,6.052790633272128e-07,0.0030713652514772136,-0.011475457538486833,-0.011475457538486833,0.14193127615565418,1.0066524005569477,5.974095131807415e-07,2.373394125616404,0.10150200528156308,0.002796189458333334,-0.0009441007070390885,0.0016675886565811204,0.0007538706827329156,-0.0017884964166666626,2.3710696405336806,0.09960569729580565,-0.0023244850827235375,-0.0018963079857574339,-0.0019020958225417642,1.0061480111546879,-7.315147707609416e-08,-0.004807702175946186,0.016855518571245377,0.016855518571245377,0.12045546390008076,0.9969571265991236,-7.360121317313988e-08,2.3727072953285377,0.10117456782089995,0.0036904376666666654,0.0013223932698548891,0.0009828289653029737,0.0005152282320471531,0.0032930326916666636,2.370939806545675,0.1013073802915483,-0.0017674887828627028,0.00013281247064834967,0.0001327843879537691,0.9995773198784887,5.026606518996146e-10,-0.0020765765906246092,0.008637917520714118,0.008637917520714118,0.17666257870156596,1.000211490936648,5.024481872341908e-10]"
/multi_agv/m2b_algorithm_state,1789558502.2973433,1789558502.2973433,m2b_algorithm_state_v1:header6+3x20,"[1.0,-0.15,0.52,2.3748406486858262,0.10125068233388258,1789558502.2972066,2.373421960273519,0.10107542849145401,0.0036904376666666654,0.0015399866675167096,0.0006970316507990404,0.0005695656112257667,0.004584685874999997,2.372325210683716,0.10536325857902126,-0.0010967495898031032,0.0042878300875672515,0.00425942935590832,0.9869692263621573,6.085256886352961e-07,0.0028884923686544406,-0.010820763264542798,-0.010820763264542798,0.141952494829868,1.0066677315869876,6.005961281338772e-07,2.3744027567584998,0.10150207980617638,0.002796189458333334,-0.0009451389074680767,0.0016676512017470557,0.0007542881725624145,-0.0017884964166666626,2.3720607124407005,0.09960569729580565,-0.0023420443177992745,-0.0018963825103707338,-0.0019021707995320867,1.0061482517898224,-7.32376543528958e-08,-0.004829726196781179,0.016932163301633475,0.016932163301633475,0.12046881541201347,0.9969570087172104,-7.368793789235338e-08,2.3737159020417335,0.10117444294833634,0.0036904376666666654,0.0013230421634297285,0.0009827988548735123,0.0005149626240844442,0.0032930326916666636,2.371772272950921,0.10090117668276553,-0.001943629090812582,-0.0002732662655708096,-0.00027338551784185133,1.0008736926556479,2.129640274104647e-09,-0.0027029218813575786,0.011031956699382223,0.011031956699382223,0.1767041136688957,0.9995637944833978,2.1315009251713044e-09]"
/multi_agv/m2b_algorithm_state,1789558502.3074365,1789558502.3074365,m2b_algorithm_state_v1:header6+3x20,"[1.0,-0.15,0.52,2.3758432279566573,0.10125065722370584,1789558502.3073401,2.374415748596062,0.1010755195321961,0.0036904376666666654,0.0015392986514071632,0.0006970947498002641,0.0005698310166482946,0.004584685874999997,2.3734484898433705,0.10660783559939767,-0.0009672587526914356,0.005532316067201573,0.005485483833672113,0.9834273154578369,1.0115594679580834e-06,0.004276410392807819,-0.016459999793783448,-0.016459999793783448,0.1419422317074002,1.008537484559153,9.947952119999758e-07,2.375396517134362,0.10150200848969722,0.002796189458333334,-0.0009443693935673987,0.0016676053456068374,0.0007539784674439054,-0.0017884964166666626,2.372533416794399,0.0986958435155322,-0.002863100339962621,-0.0028061649741650124,-0.0028189265794614092,1.009191585428104,-1.6032971416193804e-07,-0.006397802004414685,0.022789441543876396,0.022789441543876396,0.12046236095608379,0.9954728848245368,-1.6180339842632097e-07,2.374709680327055,0.10117451897975444,0.0036904376666666654,0.0013225907350221731,0.0009828198400141383,0.0005151473849442688,0.0032930326916666636,2.3726834159155303,0.10068643132457962,-0.0020262644115245365,-0.00048808765517481534,-0.0004884687161649062,1.0015643225418334,6.792761740876522e-09,-0.003021299230570577,0.012248857874196837,0.012248857874196837,0.1766840337524492,0.9992198866017814,6.803387811189079e-09]"
/multi_agv/m2b_algorithm_state,1789558502.317486,1789558502.317486,m2b_algorithm_state_v1:header6+3x20,"[1.0,-0.15,0.52,2.376844685429421,0.10125063992503215,1789558502.3173425,2.37541832291061,0.10107547111552559,0.0036904376666666654,0.0015396006026604232,0.0006970685931665162,0.0005697137385271499,0.004584685874999997,2.374664115593461,0.10786480778891684,-0.000754207317148925,0.0067893366733912525,0.006719479685286453,0.9799566959705052,1.5221858452293107e-06,0.005776720538850297,-0.022555439409919255,-0.022555439409919255,0.14195248956631124,1.0103961900886111,1.491676211543986e-06,2.376399102329421,0.10150202470235475,0.002796189458333334,-0.0009446767156944006,0.0016676231182906065,0.0007541024359467435,-0.0017884964166666626,2.3737232478816566,0.10105952379438608,-0.002675854447764525,-0.0004425009079686709,-0.0004428126206769641,1.0014112273012836,-3.9817193014928595e-09,-0.0037876306803826206,0.012679182227634023,0.012679182227634023,0.12046881848251419,0.9992960618244878,-3.987338412477174e-09,2.3757122586299415,0.10117447585323718,0.0036904376666666654,0.0013227932958141397,0.0009828108753887847,0.0005150642456558507,0.0032930326916666636,2.3736722422399272,0.10052167879335569,-0.0020400163900142765,-0.0006527970598814853,-0.0006534795487676791,1.0020961203909617,1.2154110926527346e-08,-0.0032035000362855247,0.012961891402976813,0.012961891402976813,0.17670412399992586,0.9989556078878356,1.2179587406274451e-08]"
/multi_agv/m2b_algorithm_state,1789558502.3271065,1789558502.3271065,m2b_algorithm_state_v1:header6+3x20,"[1.0,-0.15,0.52,2.3778395640459506,0.101250664732059,1789558502.3269238,2.376419777665677,0.1010754426709769,0.0036904376666666654,0.0015397604019043937,0.0006970536176093666,0.0005696522615719203,0.004584685874999997,2.3759193752112773,0.10778430739370513,-0.000500402454399751,0.006708864722728233,0.00664061182323951,0.9801756750874427,1.4865700580876447e-06,0.006015108755239821,-0.023377753935555714,-0.023377753935555714,0.14195249279937952,1.010278104082197,1.457099810250836e-06,2.377400563125251,0.10150202766933865,0.002796189458333334,-0.0009448289374792557,0.0016676330874902945,0.0007541632329194636,-0.0017884964166666626,2.3748360445878425,0.10002670803022762,-0.0025645185374085777,-0.0014753196391110307,-0.001478811765930855,1.0047604415429594,-4.429863560998167e-08,-0.004684459937691577,0.016258198521042416,0.016258198521042416,0.1204688165928314,0.997638558942878,-4.450951667523585e-08,2.376713715497335,0.10117444943478093,0.0036904376666666654,0.0013229036545313296,0.000982805300618739,0.0005150193090931138,0.0032930326916666636,2.375100594171644,0.10180104146536757,-0.0016131213256906918,0.0006265920305866396,0.0006259692867056694,0.9980169952988932,1.1188771534814687e-08,-0.0013904323704076954,0.0059873171573927905,0.0059873171573927905,0.17670411763832602,1.0009948473418682,1.116658414826154e-08]"
/multi_agv/m2b_algorithm_state,1789558502.3370821,1789558502.3370821,m2b_algorithm_state_v1:header6+3x20,"[1.0,-0.15,0.52,2.378844312602166,0.10125062578322964,1789558502.3369842,2.3774146668082357,0.10107551503647356,0.0036904376666666654,0.0015392073200165188,0.0006971056867910437,0.0005698649157691108,0.004584685874999997,2.376821747177731,0.1057766437127745,-0.0005929196305047846,0.004701128676300931,0.004667096467176274,0.9857811784495254,7.308798797610652e-07,0.003925946929045293,-0.014768917212784628,-0.014768917212784628,0.1419421521634383,1.0072919446520991,7.204876291759103e-07,2.378395428947041,0.10150196929297069,0.002796189458333334,-0.0009442071667599061,0.0016675947032704919,0.0007539136827350856,-0.0017884964166666626,2.3758366521590593,0.10002670803022762,-0.0025587767879815537,-0.001475261262743069,-0.0014787531144210032,1.0047602537773261,-4.426599048877194e-08,-0.004677224099397945,0.016233245750441768,0.016233245750441768,0.12046231087112219,0.9976386513449194,-4.44767078372032e-08,2.3777085963825755,0.10117450986673272,0.0036904376666666654,0.0013225399855591314,0.0009828227836216515,0.0005151678513456294,0.0032930326916666636,2.376027094788191,0.10080263711069715,-0.0016815015943842937,-0.0003718727560355767,-0.00037209376324406126,1.0011902866939382,3.942645762909348e-09,-0.0024739707562244284,0.010260660493914116,0.010260660493914116,0.17668387791705042,0.9994060443084083,3.947338641699851e-09]"
/multi_agv/m2b_algorithm_state,1789558502.347341,1789558502.347341,m2b_algorithm_state_v1:header6+3x20,"[1.0,-0.15,0.52,2.379841197337331,0.10125063806325028,1789558502.347241,2.3784194060291868,0.10107543264477632,0.0036904376666666654,0.0015397516887638981,0.0006970570921762224,0.0005696542308191608,0.004584685874999997,2.377748721816269,0.10463358374012519,-0.000670684212917827,0.003558151095348863,0.003538485122265432,0.9890955479816496,4.1921181470764396e-07,0.002700129856118148,-0.009782763043889104,-0.009782763043889104,0.14195249340629199,1.0055577379595821,4.1464053958863883e-07,2.379400188722651,0.10150200705312218,0.002796189458333334,-0.0009447784581173352,0.0016676283614542875,0.0007541438096775877,-0.0017884964166666626,2.3770881931833934,0.09841057908310967,-0.0023119955392574276,-0.0030914279700125086,-0.003106949361393463,1.0101584893639333,-1.9470344193936296e-07,-0.005996943785465248,0.021483902577837624,0.021483902577837624,0.12046881623458333,0.9950042985657183,-1.9668133478342517e-07,2.3787133430546605,0.10117443765179045,0.0036904376666666654,0.0013229031885618088,0.0009828061328591934,0.0005150190779433556,0.0032930326916666636,2.3769328262226406,0.10085733112265528,-0.0017805168320199627,-0.0003171065291351638,-0.0003172671673411491,1.0010143632487252,2.8675581846543e-09,-0.0025429132073661025,0.010482618844418836,0.010482618844418836,0.17670411644743292,0.9994936815954466,2.8704669302903947e-09]"
/multi_agv/m2b_algorithm_state,1789558502.357243,1789558502.357243,m2b_algorithm_state_v1:header6+3x20,"[1.0,-0.15,0.52,2.3808420713491385,0.10125062445770595,1789558502.3571377,2.379416297277161,0.10107547479678379,0.0036904376666666654,0.0015394134024551477,0.0006970886539384045,0.000569784446956975,0.004584685874999997,2.3793497235031147,0.10475729575049564,-6.657377404639675e-05,0.003681820953711848,0.0036607839851432755,0.9887325776847631,4.4871746746960966e-07,0.0035775667675852795,-0.012998463111157202,-0.012998463111157202,0.14195044374153573,1.0057465746828953,4.4366157826340596e-07,2.3803970655554036,0.10150196734832002,0.002796189458333334,-0.0009443902243340165,0.0016676046542194456,0.0007539878552092483,-0.0017884964166666626,2.378241279889974,0.10028398591412128,-0.0021557856654297325,-0.0012179814341987394,-0.001220356933969896,1.0039186692226685,-3.0173278499050806e-08,-0.0039150890157570615,0.013439833932911332,0.013439833932911332,0.12046753067535068,0.9980534385432392,-3.0291517596852044e-08,2.3797102291794268,0.10117447204464701,0.0036904376666666654,0.0013226825767277358,0.000982816477404125,0.0005151093236381143,0.0032930326916666636,2.3784437388796023,0.10093968565713951,-0.0012664902998245076,-0.00023478638750749903,-0.00023487439385910583,1.0007503365719161,1.571629820745305e-09,-0.0018179872686397403,0.007876726989598466,0.007876726989598466,0.1767001172953912,0.9996253046142628,1.5728090720773242e-09]"
/multi_agv/m2b_algorithm_state,1789558502.3673103,1789558502.3673103,m2b_algorithm_state_v1:header6+3x20,"[1.0,-0.15,0.52,2.381838556522269,0.10125063899937277,1789558502.3671143,2.380417169812748,0.1010754534131857,0.0036904376666666654,0.0015395265825150464,0.000697079711109971,0.0005697400395820755,0.004584685874999997,2.380455653256656,0.10585087665747522,3.8483443907999515e-05,0.00477542324428952,0.004740326734702199,0.985568844871522,7.542754540795201e-07,0.004788431039587198,-0.017918247750217588,-0.017918247750217588,0.1419524906584018,1.0074038165619246,7.433903879920954e-07,2.3813979412684096,0.1015019677469607,0.002796189458333334,-0.0009444932718127106,0.0016676097578129934,0.000754029867764211,-0.0017884964166666626,2.379374077936898,0.10026896868256865,-0.0020238633315114996,-0.0012329990643920458,-0.0012354337811176742,1.0039676600176284,-3.092562294120779e-08,-0.0037652629455070486,0.012916140252133348,0.012916140252133348,0.12046881783117358,0.9980292616546184,-3.104832529887187e-08,2.3807111029662584,0.10117445221297149,0.0036904376666666654,0.0013227599731055989,0.000982813268666228,0.0005150774442708736,0.0032930326916666636,2.37952059500742,0.10138221669185453,-0.0011905079588383494,0.0002077644788830435,0.00020769579446417645,0.9993393435853083,1.230374813401477e-09,-0.0012804391540837603,0.005778105928048694,0.005778105928048694,0.17670412183896775,1.0003306972057102,1.2295619583885282e-09]"
/multi_agv/m2b_algorithm_state,1789558502.37729,1789558502.37729,m2b_algorithm_state_v1:header6+3x20,"[1.0,-0.15,0.52,2.382838402655888,0.10125063161810405,1789558502.377174,2.381413662341206,0.10107549942116338,0.0036904376666666654,0.0015391633457008972,0.0006971154720945443,0.0005698788865209468,0.004584685874999997,2.381562415731883,0.1057493545620092,0.00014875339067677018,0.004673855140845826,0.004640209657956581,0.9858592135861229,7.224191772697042e-07,0.004826151396302544,-0.01800194271062249,-0.01800194271062249,0.1419435994099256,1.0072508540280185,7.122036019826446e-07,2.3823944173981735,0.10150192715586293,0.002796189458333334,-0.0009440791436955828,0.0016675826277143813,0.0007538644694704832,-0.0017884964166666626,2.3803760714562743,0.10026896868256865,-0.0020183459418992022,-0.001232958473294271,-0.0012353930303051748,1.003967529747868,-3.091003275587566e-08,-0.0037583254576791774,0.012892018300890928,0.012892018300890928,0.12046322197392986,0.9980293259301436,-3.1032669230342174e-08,2.3817075898274265,0.10117449042109199,0.0036904376666666654,0.0013225206993062958,0.0009828254209973686,0.0005151748388817334,0.0032930326916666636,2.380435434462001,0.10029651467883544,-0.0012721553654255757,-0.000877975742256551,-0.0008792123793992861,1.0028263509938586,2.1984145815761828e-08,-0.002469406586181256,0.010455389792038316,0.010455389792038316,0.17668671237032912,0.9985934716438137,2.204628072813734e-08]"
/multi_agv/m2b_algorithm_state,1789558502.3871353,1789558502.3871353,m2b_algorithm_state_v1:header6+3x20,"[1.0,-0.15,0.52,2.3838383924605893,0.10125062342541806,1789558502.387014,2.3824135091030225,0.10107549121545976,0.0036904376666666654,0.0015391858244200108,0.0006971171655854921,0.0005698682619588334,0.004584685874999997,2.382548528446751,0.10440267694172949,0.00013501934372861513,0.0033271857262697213,0.0033099597753086557,0.9897762983282599,3.664851641328178e-07,0.0034787339549694246,-0.01246558001779935,-0.01246558001779935,0.14194430831628108,1.00520427803672,3.627383291476052e-07,2.383394262539983,0.10150192115123288,0.002796189458333334,-0.0009440851013292062,0.001667579652285589,0.0007538685993864758,-0.0017884964166666626,2.380683893747972,0.09740002970354736,-0.002710368792011142,-0.004101891447685524,-0.004129426390203928,1.0136325576990413,-3.427533220829918e-07,-0.007517387380217855,0.027165532052644967,0.027165532052644967,0.12046366826381967,0.9933320175935999,-3.474259265228263e-07,2.382707436324658,0.10117448248761952,0.0036904376666666654,0.0013225354848789127,0.0009828263029520116,0.0005151679710671373,0.0032930326916666636,2.3813789301288346,0.10048894306250383,-0.0013285061958234756,-0.0006855394251156915,-0.0006862922801954245,1.0022020706669321,1.3401605607527188e-08,-0.002346925024974769,0.009941559293475673,0.009941559293475673,0.17668810075374608,0.9989030110035353,1.3431116890125317e-08]"
/multi_agv/m2b_algorithm_state,1789558502.3970728,1789558502.3970728,m2b_algorithm_state_v1:header6+3x20,"[1.0,-0.15,0.52,2.3848384469278323,0.10125061495133798,1789558502.3969562,2.383413499221909,0.10107548105185626,0.0036904376666666654,0.001539222617829752,0.0006971172211733814,0.0005698522845262648,0.004584685874999997,2.383109425948051,0.10347855862299982,-0.00030407327385795213,0.0024030775711435526,0.002394028309275144,0.9925372767931648,1.9131680919634739e-07,0.002013936716952704,-0.006759851248060561,-0.006759851248060561,0.14194552601634086,1.0037799310197582,1.8988906480450015e-07,2.3843942517455865,0.10150191640576463,0.002796189458333334,-0.0009441068031505922,0.0016675778549917197,0.0007538789410396901,-0.0017884964166666626,2.381693789079786,0.09775318432550381,-0.002700462665800707,-0.0037487320802608165,-0.003771668779296863,1.0124096350159435,-2.8621766713019636e-07,-0.0071472471115477465,0.025749806212400205,0.025749806212400205,0.12046443483921347,0.9939186868258558,-2.897695239143969e-07,2.383707426414272,0.1011744728186333,0.0036904376666666654,0.0013225601070148197,0.000982826571793694,0.0005151571584019461,0.0032930326916666636,2.3820976150617015,0.10069763394917705,-0.0016098113525706559,-0.0004768388694562503,-0.0004772025378195623,1.0015280765505827,6.483069551290738e-09,-0.002489466728532882,0.010359411245292008,0.010359411245292008,0.17669048560897382,0.999237916116344,6.492976177847863e-09]"
/multi_agv/m2b_algorithm_state,1789558502.4070938,1789558502.4070938,m2b_algorithm_state_v1:header6+3x20,"[1.0,-0.15,0.52,2.385838346003311,0.10125060760641508,1789558502.4069664,2.384413553849542,0.10107547026462489,0.0036904376666666654,0.001539264208835585,0.0006971164449276477,0.0005698346602123174,0.004584685874999997,2.3841032614990905,0.10336038384981541,-0.0003102923504516575,0.0022849135851905206,0.0022767250431723484,0.9928946393077351,1.7298455241590459e-07,0.0018888596051077765,-0.006255388906155528,-0.006255388906155528,0.14194697272195891,1.003596631944085,1.7175543477679957e-07,2.3853943058172935,0.10150191204613053,0.002796189458333334,-0.000944133855666635,0.0016675766683840187,0.0007538912843776113,-0.0017884964166666626,2.3828822680964477,0.0989370421074957,-0.00251203772084585,-0.002564869938634834,-0.002575511864267059,1.0083784556657158,-1.3388818408879946e-07,-0.005715559015324371,0.020303511483425973,0.020303511483425973,0.12046534557587443,0.9958680347080237,-1.3500996030335067e-07,2.384707481116661,0.10117446254325856,0.0036904376666666654,0.0013225883238845572,0.0009828264838326554,0.0005151449731530151,0.0032930326916666636,2.383148541267248,0.10074080755241248,-0.0015589398494126883,-0.0004336549908460774,-0.0004339556741715715,1.0013890107179206,5.361944927054464e-09,-0.002382630485937432,0.009962743937002683,0.009962743937002683,0.1766933190380269,0.9993071105106113,5.369392726027043e-09]"
/multi_agv/m2b_algorithm_state,1789558502.4171317,1789558502.4171317,m2b_algorithm_state_v1:header6+3x20,"[1.0,-0.15,0.52,2.386838327903799,0.10125059983940082,1789558502.4169505,2.3854134533787867,0.10107546223331887,0.0036904376666666654,0.001539286670192203,0.0006971171012150278,0.0005698245826773943,0.004584685874999997,2.3851720523806565,0.10394453630379172,-0.00024140099813019233,0.002869074070472849,0.002856220472231482,0.9911375297968577,2.726254306787427e-07,0.0025544692245687414,-0.008922345040219295,-0.008922345040219295,0.14194786915410865,1.0045002122092226,2.702092959227335e-07,2.3863942041565114,0.1015019060093716,0.002796189458333334,-0.000944140259362554,0.0016675744596006403,0.0007538952088695511,-0.0017884964166666626,2.383871726670427,0.0989370421074957,-0.0025224774860843624,-0.002564863901875908,-0.002575505777792722,1.0083784360531267,-1.3388846513688763e-07,-0.005728602635398174,0.020349380196803032,0.020349380196803032,0.12046590991099448,0.9958680442464647,-1.350102410802883e-07,2.3857073804746354,0.10117445457655479,0.0036904376666666654,0.0013226042020743401,0.0009828268182565884,0.0005151379165325262,0.0032930326916666636,2.384083604888851,0.09995286105396785,-0.001623775585784415,-0.001221593522586939,-0.0012239937738461703,1.003947807233114,4.257232214135262e-08,-0.003253713256076689,0.013370294223884529,0.013370294223884529,0.1766950747496534,0.9980390004340551,4.274038946263272e-08]"
/multi_agv/m2b_algorithm_state,1789558502.4274237,1789558502.4274237,m2b_algorithm_state_v1:header6+3x20,"[1.0,-0.15,0.52,2.387845002790826,0.10125054930933097,1789558502.4271052,2.386413435550076,0.10107545316547722,0.0036904376666666654,0.0015393169019042498,0.0006971167773266451,0.0005698116468537655,0.004584685874999997,2.3865399268877887,0.10455521620678956,0.00012649133771258647,0.0034797630413123393,0.0034609428160359734,0.9893261740254493,4.008553498286977e-07,0.0036190569881767065,-0.013046051056933638,-0.013046051056933638,0.1419490588932316,1.005437889695595,3.9657668958365856e-07,2.387394185553313,0.10150190067151142,0.002796189458333334,-0.0009441552586733409,0.001667572948543583,0.0007539024963318236,-0.0017884964166666626,2.3847029223830782,0.09708576331289179,-0.0026912631702349366,-0.0044161373586196345,-0.004448128312658526,1.0147286666492588,-3.973883039527205e-07,-0.0078122072754521965,0.028301152889932377,0.028301152889932377,0.12046665888692248,0.9928079965796285,-4.032413038119544e-07,2.3867073626080066,0.1011744456812138,0.0036904376666666654,0.0013226254922192224,0.0009828267661829981,0.0005151287150805938,0.0032930326916666636,2.3852840365903165,0.10066722313007856,-0.0014233260176901297,-0.0005072225511352363,-0.0005076341357543153,1.0016260036189668,7.336098653207009e-09,-0.0022867916578669773,0.009653948630034073,0.009653948630034073,0.1766974049967047,0.999189210121838,7.348027176166221e-09]"
/multi_agv/m2b_algorithm_state,1789558502.4372647,1789558502.4372647,m2b_algorithm_state_v1:header6+3x20,"[1.0,-0.15,0.52,2.388850248508197,0.101250509467896,1789558502.4371254,2.3874200970768524,0.1010753423418391,0.0036904376666666654,0.0015400668831009202,0.0006970472340038108,0.0005695227338947031,0.004584685874999997,2.387566880439288,0.10407593872902922,0.00014678336243578727,0.0030005963871901215,0.002986551341490722,0.9907452074673204,2.9831483862904664e-07,0.003170030544535456,-0.011193881855985084,-0.011193881855985084,0.14195250037990828,1.0047027638548442,2.95553996688115e-07,2.3884008766075757,0.10150195677165853,0.002796189458333334,-0.0009449514463734272,0.00166762145024979,0.0007542223869826808,-0.0017884964166666626,2.3856764099724495,0.09708576331289179,-0.002724466635126266,-0.004416193458766746,-0.004448185215130967,1.0147288520493398,-3.977334296540927e-07,-0.0078537685090388,0.028445541172102278,0.028445541172102278,0.12046881220091607,0.992807908210432,-4.0359158649454433e-07,2.387714034688049,0.10117434881449529,0.0036904376666666654,0.0013231269205349057,0.0009828025716037692,0.0005149239503836412,0.0032930326916666636,2.3863563332339934,0.10134820899822447,-0.001357701454055782,0.00017386018372918255,0.00017381207456193345,0.9994469401146245,8.618390637353645e-10,-0.001523314743007794,0.006655942989504816,0.006655942989504816,0.17670410282511254,1.0002767884070791,8.613624151215629e-10]"
/multi_agv/m2b_algorithm_state,1789558502.447229,1789558502.447229,m2b_algorithm_state_v1:header6+3x20,"[1.0,-0.15,0.52,2.3898426686435843,0.10125055215611896,1789558502.4471226,2.3884253322742786,0.10107526067629297,0.0036904376666666654,0.0015406073378154985,0.0006969917718876672,0.0005693173176249147,0.004584685874999997,2.3885754757302706,0.10386902966487459,0.0001501434559920689,0.0027937689885816214,0.0027815742702241948,0.9913626725256336,2.587387656886861e-07,0.002969253590214281,-0.010370993876306911,-0.010370993876306911,0.14195251047226665,1.0043841066866221,2.5650395423911957e-07,2.3894061353633744,0.10150199197039687,0.002796189458333334,-0.0009455177365797884,0.0016676605655328025,0.0007544475075026424,-0.0017884964166666626,2.386768929670378,0.09804057047016149,-0.002637205692996414,-0.003461421500235387,-0.0034809348357239226,1.0114216542260897,-2.44346637721202e-07,-0.006777441951969439,0.02435294348039902,0.02435294348039902,0.12046880638938348,0.9943942255717414,-2.4713748052856115e-07,2.3887192778869375,0.10117427575699814,0.0036904376666666654,0.0013234949735967468,0.0009827820401404844,0.0005147750932141897,0.0032930326916666636,2.3874467394131647,0.10159967984180637,-0.001272538473772844,0.0004254040848082341,0.00042511660646308544,0.9986506203832565,5.1602735528699866e-09,-0.0011655564857529696,0.005275747146299333,0.005275747146299333,0.17670408316597971,1.0006762340985464,5.153310384920923e-09]"
/multi_agv/m2b_algorithm_state,1789558502.457132,1789558502.457132,m2b_algorithm_state_v1:header6+3x20,"[1.0,-0.15,0.52,2.3908397277557216,0.10125056411937285,1789558502.4570081,2.389417767740301,0.10107537791776354,0.0036904376666666654,0.0015397393257795848,0.0006970671611125738,0.0005696543510694595,0.004584685874999997,2.3896302440486457,0.10427159527951414,0.0002124763083446446,0.003196217361750603,0.00318030499482592,0.9901639468972765,3.3835682221074215e-07,0.003445900380256726,-0.012281580096869617,-0.012281580096869617,0.14195249746401473,1.005003409091446,3.350287265398085e-07,2.390398537181007,0.10150190489096877,0.002796189458333334,-0.0009445536745650391,0.0016676056122690852,0.000754058204549421,-0.0017884964166666626,2.387741968018371,0.09804057047016149,-0.0026565691626361243,-0.0034613344208072883,-0.003480846784477196,1.0114213689707356,-2.4408530163354106e-07,-0.006801558237772351,0.02443841552177916,0.02443841552177916,0.120468813908895,0.9943943629587713,-2.46873089923831e-07,2.389711701009444,0.10117437365962459,0.0036904376666666654,0.0013229281546390322,0.0009828061598306402,0.0005150082409006332,0.0032930326916666636,2.388400829838485,0.10100895334661714,-0.0013108711709590715,-0.00016542031300745275,-0.00016546397653587652,1.0005282400441524,7.802645469724591e-10,-0.0018040529402347158,0.007797953234522533,0.007797953234522533,0.17670410854691196,0.9997361145952254,7.806767139512025e-10]"
/multi_agv/m2b_algorithm_state,1789558502.4673357,1789558502.4673357,m2b_algorithm_state_v1:header6+3x20,"[1.0,-0.15,0.52,2.3918435165984415,0.10125053270424765,1789558502.4673061,2.3904148330699173,0.10107541734496528,0.0036904376666666654,0.0015394263618818019,0.0006970964729438472,0.0005697747613109591,0.004584685874999997,2.390313479906238,0.1050382909241933,-0.00010135316367909653,0.003962873579228018,0.003938554358673252,0.9879116117292956,5.197288935853204e-07,0.0038118629040743814,-0.013982963738330098,-0.013982963738330098,0.14195249280030894,1.0061746565719507,5.134462089241575e-07,2.391395588709295,0.10150186897034605,0.002796189458333334,-0.0009441949700605893,0.001667582860719996,0.0007539145529196073,-0.0017884964166666626,2.3882050638340604,0.09833349507056124,-0.003190524875234413,-0.0031683738997848043,-0.0031846870470942264,1.0104203587701688,-2.0440031721346897e-07,-0.0071728431411372424,0.02563897324737203,0.02563897324737203,0.12046881659154282,0.9948776293971155,-2.0653024185156961e-07,2.3907087614879523,0.10117440604280721,0.0036904376666666654,0.0013227236461351931,0.000982815635195311,0.0005150919585593908,0.0032930326916666636,2.389023556370561,0.10227631802945342,-0.0016852051173912308,0.0011019119866462063,0.0010999930042867093,0.9965315299924442,3.458588472257594e-08,-0.0010065133924523292,0.0044120713620326955,0.0044120713620326955,0.17670411762224902,1.0017445405125474,3.44659246187309e-08]"
/multi_agv/m2b_algorithm_state,1789558502.477388,1789558502.477388,m2b_algorithm_state_v1:header6+3x20,"[1.0,-0.15,0.52,2.3928402056648643,0.10125054737108478,1789558502.477298,2.3914186145645044,0.10107535175206521,0.0036904376666666654,0.0015398579860248104,0.0006970569928945729,0.0005696082055548138,0.004584685874999997,2.3914436448362553,0.105677177588425,2.5030271750825506e-05,0.004601825836359791,0.004569191408944652,0.9860655293388264,7.006808022618551e-07,0.004600479248633184,-0.01715007654966622,-0.01715007654966622,0.14195250026681494,1.0071422762791802,6.909171861798897e-07,2.3923993863994677,0.10150189805842787,0.002796189458333334,-0.0009446455625944758,0.0016676094030780853,0.000754096062540649,-0.0017884964166666626,2.3891848581889428,0.09833349507056124,-0.003214528210524925,-0.0031684029878666226,-0.0031847164319229815,1.0104204538001436,-2.04501593317805e-07,-0.007202876695079138,0.02574393069850023,0.02574393069850023,0.12046881227675604,0.9948775834818961,-2.0663259272302894e-07,2.391712548831353,0.10117434830224988,0.0036904376666666654,0.0013230128052368006,0.0009828016756841642,0.0005149738804321566,0.0032930326916666636,2.390149302417025,0.10343347002349998,-0.0015632464143280345,0.002259121721250104,0.002251126216309672,0.992982278714146,1.45281273118798e-07,0.0002970681983996289,-0.0007638172235818847,-0.0007638172235818847,0.17670410310734874,1.003551779941304,1.4426172963599624e-07]"
/multi_agv/m2b_algorithm_state,1789558502.4874601,1789558502.4874601,m2b_algorithm_state_v1:header6+3x20,"[1.0,-0.15,0.52,2.3938417739157845,0.10125053044353975,1789558502.487368,2.392415310587351,0.10107539789025799,0.0036904376666666654,0.0015394979988687684,0.0006970898903913003,0.0005697471333470259,0.004584685874999997,2.3925041199929242,0.10517492672630592,8.880940557309813e-05,0.00409952883604793,0.004073530512658553,0.9875144134992072,5.56157932470369e-07,0.004184542269624926,-0.015393751260124095,-0.015393751260124095,0.14195249493826312,1.0063822581685804,5.492139744964082e-07,2.3933960670261514,0.1015018579048913,0.002796189458333334,-0.0009442357695665978,0.001667584083860696,0.0007539316014195663,-0.0017884964166666626,2.390382225648559,0.09860386799926149,-0.003013841377592197,-0.002897989905629811,-0.0029116098098218492,1.009502184146329,-1.709802391224686e-07,-0.006678911531812095,0.023809955303331985,0.023809955303331985,0.12046881535270924,0.9953222083034293,-1.7260492483999367e-07,2.392709239381091,0.10117438631810505,0.0036904376666666654,0.0013227778304746355,0.0009828121925814504,0.0005150702622596691,0.0032930326916666636,2.391078410809068,0.10220895531654316,-0.0016308285720230131,0.0010345689984381096,0.001032876541175409,0.9967410060753442,3.049039093831331e-08,-0.0010056591738533574,0.004438754694410728,0.004438754694410728,0.17670411346057008,1.0016385862155166,3.039102293948497e-08]"
/multi_agv/m2b_algorithm_state,1789558502.4971828,1789558502.4971828,m2b_algorithm_state_v1:header6+3x20,"[1.0,-0.15,0.52,2.3948417738418555,0.10125052393253964,1789558502.497084,2.3934168760094336,0.10107536680331934,0.0036904376666666654,0.001539686332163131,0.0006970731875400203,0.0005696741865489044,0.004584685874999997,2.3936078008180273,0.10439084792672065,0.0001909248085936177,0.003315481123401312,0.0032983746052314728,0.989810877615277,3.6403302305579016e-07,0.003537030615973495,-0.01266854399864414,-0.01266854399864414,0.14195249841782662,1.0051863478886562,3.6032384603179403e-07,2.3943976386268497,0.10150186620452674,0.002796189458333334,-0.0009444224259316444,0.0016675941331949495,0.0007540072829610028,-0.0017884964166666626,2.3914008725911065,0.09908059184857146,-0.0029967660357432813,-0.00242127435595528,-0.002430747792294518,1.0078966103196232,-1.193415618510451e-07,-0.00617670533697362,0.02187313575145744,0.02187313575145744,0.12046881335396233,0.9961026658671587,-1.20283955659918e-07,2.393710807111071,0.10117435832277313,0.0036904376666666654,0.0013229052359095693,0.0009828060276679375,0.0005150182436119621,0.0032930326916666636,2.3921941904501485,0.10078592391118327,-0.0015166166609223986,-0.00038843441158986636,-0.00038867557328315906,1.0012435327698683,4.302884188894303e-09,-0.002284446399436157,0.009596059247644763,0.009596059247644763,0.17670410674500808,0.9993795295874767,4.308234966388141e-09]"
/multi_agv/m2b_algorithm_state,1789558502.507024,1789558502.507024,m2b_algorithm_state_v1:header6+3x20,"[1.0,-0.15,0.52,2.3958411599369795,0.10125052141004225,1789558502.5069256,2.394416876258642,0.10107536132109278,0.0036904376666666654,0.0015396931841759449,0.000697072360690587,0.0005696716464684528,0.004584685874999997,2.39464325456877,0.10453613246682741,0.00022637831012772835,0.003460771145734634,0.0034421530820791585,0.9893821003472415,3.965946013366513e-07,0.003725125969738819,-0.013417172805307588,-0.013417172805307588,0.14195249905348062,1.005408842434233,3.9238359965683297e-07,2.3953976381340016,0.10150185835685215,0.002796189458333334,-0.0009444116672129941,0.0016675928764384729,0.0007540032729375368,-0.0017884964166666626,2.3924555529151434,0.09948907444803755,-0.0029420852188581925,-0.002012783908814597,-0.0020193103359334493,1.0065342302296005,-8.244730743296831e-08,-0.00569691685950619,0.020033673307438334,0.020033673307438334,0.12046881299185072,0.9967679920204859,-8.298603712154599e-08,2.3947108071329226,0.10117435211967397,0.0036904376666666654,0.001322913217566105,0.0009828050746859334,0.000515015279474864,0.0032930326916666636,2.3933034432890694,0.10199392055642563,-0.0014073638438532043,0.0008195684367516554,0.0008185045964621713,0.9974119546498806,1.9139313703714358e-08,-0.0009407002083543342,0.00430226289288698,0.00430226289288698,0.1767041054901355,1.0012997364878369,1.9089780291878984e-08]"
/multi_agv/m2b_algorithm_state,1789558502.5171525,1789558502.5171525,m2b_algorithm_state_v1:header6+3x20,"[1.0,-0.15,0.52,2.396843655960144,0.10125049902008774,1789558502.5170624,2.3954162639249716,0.10107536519683744,0.0036904376666666654,0.0015396343413354653,0.0006970778011171851,0.0005696943224667208,0.004584685874999997,2.3957157015257584,0.10492588700811586,0.0002994376007867672,0.003850521811278429,0.003827542335344082,0.9882391268958325,4.907862960631613e-07,0.004201839336327541,-0.015328682585750132,-0.015328682585750132,0.14195249858318515,1.006003715679942,4.85014220713898e-07,2.3963970222843107,0.10150184501023342,0.002796189458333334,-0.0009443297528684991,0.0016675870419939898,0.0007539708005735585,-0.0017884964166666626,2.3935009245704464,0.10021409218452532,-0.002896097713864343,-0.0012877528257081022,-0.0012904096839958378,1.0041464254146533,-3.3728661565432025e-08,-0.004910531826326266,0.016985149285071395,0.016985149285071395,0.12046881326587798,0.9979410738150164,-3.386851494494917e-08,2.395710193601656,0.10117435402305584,0.0036904376666666654,0.0013228773693277668,0.0009828062847095035,0.0005150301887834447,0.0032930326916666636,2.394410784502443,0.1030970081736668,-0.0012994090992126672,0.0019226541506109501,0.0019168481393052575,0.9940044670688813,1.0524389630781736e-07,0.0002925867652894235,-0.0005933021267862187,-0.0005933021267862187,0.17670410643694368,1.0030289365060485,1.0461290306170461e-07]"
/multi_agv/m2b_algorithm_state,1789558502.526982,1789558502.526982,m2b_algorithm_state_v1:header6+3x20,"[1.0,-0.15,0.52,2.3978395260615923,0.1012505193195264,1789558502.526853,2.3964187552375207,0.10107532132173253,0.0036904376666666654,0.0015399138827155647,0.0006970513257179788,0.0005695869239264323,0.004584685874999997,2.3966942305752537,0.10517714859699574,0.0002754753377329777,0.004101827275263217,0.004075800219501297,0.9875077307853825,5.569313396724073e-07,0.00442014439166752,-0.016242696878775508,-0.016242696878775508,0.14195250371345774,1.006385753560096,5.49974003443162e-07,2.397399524009211,0.1015018609305005,0.002796189458333334,-0.0009446154237032728,0.0016676041472010183,0.0007540857312382937,-0.0017884964166666626,2.394192519149381,0.10005276571072158,-0.003207004859830054,-0.0014490952197789148,-0.0014524636421780835,1.0046744476796774,-4.272740088632912e-08,-0.005461219716965651,0.01899152775559931,0.01899152775559931,0.12046881030087776,0.9976808903842045,-4.2927127886260865e-08,2.3967126886337007,0.10117431480803017,0.0036904376666666654,0.001323066539281929,0.0009827964782796132,0.0005149532917874018,0.0032930326916666636,2.395069971228842,0.10082759429417411,-0.0016427174048585513,-0.0003467205138560636,-0.0003469125997281992,1.0011094665569056,3.428654870855414e-09,-0.002400309355801388,0.009989507182036396,0.009989507182036396,0.1767040963836608,0.9994462989459418,3.4324588487697996e-09]"
/multi_agv/m2b_algorithm_state,1789558502.5369308,1789558502.5369308,m2b_algorithm_state_v1:header6+3x20,"[1.0,-0.15,0.52,2.398838423408427,0.1012505196902157,1789558502.5368364,2.3974146339729527,0.10107538031431297,0.0036904376666666654,0.0015394652185539582,0.0006970924060705199,0.0005697600332249777,0.004584685874999997,2.397705832807466,0.10429348543908801,0.0002911988345131178,0.0032181051247750364,0.003201976759180944,0.9900990764911257,3.429400207163607e-07,0.003565975302322341,-0.012723823144294617,-0.012723823144294617,0.14195249688818076,1.0050370027039852,3.3954459780311623e-07,2.398395383627846,0.10150181365719178,0.002796189458333334,-0.0009441100167057116,0.001667572698761166,0.0007538830129961566,-0.0017884964166666626,2.3951927704607496,0.10005276571072158,-0.0032026131670965796,-0.0014490479464702027,-0.0014524161500445757,1.0046742956629495,-4.2701761693802914e-08,-0.0054556826089153,0.01897246025000188,0.01897246025000188,0.12046881421340559,0.9976809652149148,-4.290136235328856e-08,2.3977085605839785,0.10117436398707444,0.0036904376666666654,0.0013227724977524905,0.0009828097194797053,0.0005150738596902127,0.0032930326916666636,2.39592019477339,0.09913521158249228,-0.0017883658105883882,-0.002039152404582162,-0.0020458818457779436,1.0066509124956402,1.1870445020635247e-07,-0.004281339109013429,0.01732135429878535,0.01732135429878535,0.1767041096292505,0.9967107381055905,1.19493943117518e-07]"
/multi_agv/m2b_algorithm_state,1789558502.547032,1789558502.547032,m2b_algorithm_state_v1:header6+3x20,"[1.0,-0.15,0.52,2.3998430779859277,0.10125048317697334,1789558502.546898,2.398413533935122,0.10107538939274774,0.0036904376666666654,0.0015393722426171423,0.0006971030354429252,0.0005697948054941837,0.004584685874999997,2.398692605525634,0.10364246593993473,0.0002790715905121033,0.0025670765471869916,0.0025567628308397223,0.9920429129013193,2.1831521983539888e-07,0.0029056023189798514,-0.010032371102703047,-0.010032371102703047,0.14195249556573017,1.004033896387598,2.1657806661620098e-07,2.399394277638015,0.10150179875939999,0.002796189458333334,-0.000943992332315376,0.0016675626887630024,0.0007538372075528849,-0.0017884964166666626,2.3961694325557645,0.09984257372751651,-0.003224845082250294,-0.0016592250318834822,-0.0016636481947382917,1.0053650033294597,-5.598838372336049e-08,-0.005694704547551159,0.01989500261991397,0.01989500261991397,0.12046881500107928,0.997341287137029,-5.628876158844738e-08,2.3987074586521446,0.10117437091849936,0.0036904376666666654,0.0013227116651881713,0.0009828130865825683,0.0005150984767252446,0.0032930326916666636,2.3970020530084444,0.0997888889015082,-0.001705405643700253,-0.0013854820169911658,-0.0013885733247744317,1.0044857362230553,5.477209570270352e-08,-0.003520330379399748,0.014378462048358664,0.014378462048358664,0.17670411229223804,0.9977737525789154,5.5017788876409786e-08]"
/multi_agv/m2b_algorithm_state,1789558502.5573084,1789558502.5573084,m2b_algorithm_state_v1:header6+3x20,"[1.0,-0.15,0.52,2.400861341093315,0.10125035916296876,1789558502.5571845,2.3994181794519274,0.10107531006802538,0.0036904376666666654,0.001539905250905535,0.0006970544168753532,0.0005695890573219395,0.004584685874999997,2.4000590686360797,0.10380612672878194,0.0006408891841522824,0.0027308166607565576,0.002719159757173876,0.9915512149703138,2.4710882527867354e-07,0.003520271237364229,-0.012315302817793666,-0.012315302817793666,0.14195250456991884,1.004286950611095,2.4502105593495573e-07,2.400398943103344,0.1015018378141671,0.002796189458333334,-0.0009445545332691231,0.0016675953522486964,0.0007540639115813236,-0.0017884964166666626,2.3974951461762206,0.10146936480251012,-0.002903796927123281,-3.247301165698602e-05,-3.247468515096323e-05,1.0001030825105888,-2.1434222043250545e-11,-0.0036622208440550644,0.012069449845545591,0.012069449845545591,0.1204688097945114,0.9999484677381957,-2.143643153667128e-11,2.3997121114025117,0.10117430164872751,0.0036904376666666654,0.0013230674082847838,0.0009827959862087404,0.0005149531707949882,0.0032930326916666636,2.3983743040505456,0.10127348927381816,-0.0013378073519660916,9.918762509064649e-05,9.917195801237835e-05,0.9996842105182759,2.805074061036399e-10,-0.0015730872319452362,0.006864841215549743,0.006864841215549743,0.17670409466394582,1.0001579789144246,2.8041882481524666e-10]"
/multi_agv/m2b_algorithm_state,1789558502.5669494,1789558502.5669494,m2b_algorithm_state_v1:header6+3x20,"[1.0,-0.15,0.52,2.401844638016002,0.10125046173528517,1789558502.566875,2.4004364052973326,0.10107502518086361,0.0036904376666666654,0.0015418891926040346,0.0006968624609509531,0.0005688289464572033,0.004584685874999997,2.401138118659251,0.1043824670540978,0.0007017133619182658,0.0033074418732341876,0.003290417092868895,0.989834597980259,3.627908913592128e-07,0.0041675587952667275,-0.014926308854053886,-0.014926308854053886,0.14195253806584796,1.005174049333195,3.591029760994462e-07,2.4014172518116186,0.10150199856763388,0.002796189458333334,-0.0009466895658315011,0.001667732154912116,0.0007549182139953564,-0.0017884964166666626,2.398585321266463,0.10102767088201083,-0.0028319305451556254,-0.00047432768562305494,-0.00047468593701672465,1.0015132762329322,-4.584935676034933e-09,-0.004014599118461256,0.013494312235906348,0.013494312235906348,0.12046879039887615,0.9992452875349095,-4.591873950222999e-09,2.4007303661709924,0.10117405374040879,0.0036904376666666654,0.0013243951473825089,0.0009827281143877766,0.0005144129516767592,0.0032930326916666636,2.399178011523324,0.09885179551919751,-0.0015523546476683414,-0.002322258221211279,-0.0023310045976649672,1.0075984837358396,1.541710709542476e-07,-0.004271447907250394,0.017397939674839723,0.017397939674839723,0.17670402924131615,0.9962478081499926,1.5534253732943041e-07]"
/multi_agv/m2b_algorithm_state,1789558502.5770223,1789558502.5770223,m2b_algorithm_state_v1:header6+3x20,"[1.0,-0.15,0.52,2.402844991834247,0.1012504541611234,1789558502.5769253,2.401419735560452,0.10107528935837409,0.0036904376666666654,0.0015399816534774641,0.0006970279694445297,0.0005695696963017913,0.004584685874999997,2.4021969756865564,0.10385156225425583,0.0007772401261045836,0.00277627289588174,0.002764228843606574,0.9914150472918706,2.5540777357298793e-07,0.0037357790012373035,-0.013110404454492857,-0.013110404454492857,0.14195250864902853,1.0043571111353617,2.532151099155752e-07,2.4024005089330442,0.10150181914580275,0.002796189458333334,-0.0009445946074144052,0.0016676127511257022,0.0007540722315527715,-0.0017884964166666626,2.399591462407576,0.10102767088201083,-0.0028090465254684283,-0.00047414826379192643,-0.0004745062445920507,1.0015127044058174,-4.571332402607652e-09,-0.003985814401427586,0.01339432166477763,0.01339432166477763,0.12046880742609334,0.9992455719936161,-4.578247477273533e-09,2.401713669554511,0.10117427670167864,0.0036904376666666654,0.00132314455178674,0.000982781462087079,0.0005149272866106368,0.0032930326916666636,2.399980088136564,0.09688898030338175,-0.0017335814179468834,-0.0042852963982968895,-0.004315521960314554,1.0143334216791862,5.251425542128474e-07,-0.006482498732748158,0.025875622432160076,0.025875622432160076,0.17670408669041285,0.9929960819813645,5.32669643884065e-07]"
/multi_agv/m2b_algorithm_state,1789558502.5869396,1789558502.5869396,m2b_algorithm_state_v1:header6+3x20,"[1.0,-0.15,0.52,2.403843260072767,0.10125045996462678,1789558502.5868447,2.402420089158404,0.10107528136964271,0.0036904376666666654,0.001540008401681473,0.0006970236269864926,0.000569560360690102,0.004584685874999997,2.4031976096598093,0.10334532244276316,0.0007775205014053377,0.0022700410731204546,0.002261957849885618,0.9929396697371992,1.708245635513965e-07,0.00323385847664229,-0.01106008318802167,-0.01106008318802167,0.14195250993689434,1.003573551662444,1.6961848571572483e-07,2.4034008630895345,0.10150181291663735,0.002796189458333334,-0.0009446051342646283,0.0016676137658619972,0.0007540762665418227,-0.0017884964166666626,2.4002617526979506,0.0994900488955815,-0.003139110391583877,-0.0020117640210558507,-0.002018283789708781,1.0065308481582353,-8.23806098828457e-08,-0.005942171779188627,0.020897477833726086,0.020897477833726086,0.12046880669728233,0.9967696472190013,-8.291862513717339e-08,2.402714023254803,0.10117426819709016,0.0036904376666666654,0.0013231667631640061,0.0009827787479505636,0.0005149190705193789,0.0032930326916666636,2.4010487534640306,0.09761504470031078,-0.0016652697907724168,-0.0035592234967793818,-0.0035799609739395,1.0118085850308327,3.6210604290144586e-07,-0.005661548212405021,0.022743763852282946,0.022743763852282946,0.17670408422962766,0.9942073454679875,3.6638200289922594e-07]"
/multi_agv/m2b_algorithm_state,1789558502.597189,1789558502.597189,m2b_algorithm_state_v1:header6+3x20,"[1.0,-0.15,0.52,2.40485145959713,0.10125040187508023,1789558502.597075,2.403418361402174,0.10107530517552733,0.0036904376666666654,0.0015398106944200939,0.0006970406483437939,0.0005696372048480805,0.004584685874999997,2.4039561357339663,0.10281070539875128,0.0005377743317924732,0.0017354002232239513,0.0017306569636669942,0.9945694734080616,9.98616731671081e-08,0.0024028748784075855,-0.007827562815367955,-0.007827562815367955,0.14195250746588836,1.0027407277447444,9.931937169545865e-08,2.404399126508368,0.10150178755973012,0.002796189458333334,-0.000944372123409835,0.001667599306803158,0.0007539827853099978,-0.0017884964166666626,2.4012500933105323,0.0994900488955815,-0.00314903319783566,-0.002011738664148624,-0.0020182582694263157,1.0065307661952325,-8.235822063810074e-08,-0.005954549766720891,0.020941326417123124,0.020941326417123124,0.12046880813029939,0.9967696873207685,-8.289608292134354e-08,2.403712292307759,0.10117428715862291,0.0036904376666666654,0.0013230394154525888,0.000982783423843437,0.0005149718384741355,0.0032930326916666636,2.402218894919612,0.0999360323114334,-0.0014933973881468,-0.0012382548471895072,-0.0012407213345046204,1.0040024130020944,4.3756452274839656e-08,-0.0031074680696881202,0.012860601739460293,0.012860601739460293,0.1767040890802337,0.9980120537573427,4.393158366834999e-08]"
/multi_agv/m2b_algorithm_state,1789558502.6078663,1789558502.6078663,m2b_algorithm_state_v1:header6+3x20,"[1.0,-0.15,0.52,2.405842524685641,0.10125045445213844,1789558502.6077483,2.404426544774154,0.10107517573439533,0.0036904376666666654,0.0015406979058592207,0.0006969553801155818,0.0005692969875767477,0.004584685874999997,2.4049792479853345,0.10293823185166293,0.0005527032111802832,0.0018630561172676002,0.0018575946413387258,0.9941784785735814,1.1514918658831165e-07,0.00254847365531408,-0.008408788623255652,-0.008408788623255652,0.14195252283911972,1.0029400795024572,1.1447884313135312e-07,2.4054073457527996,0.10150185578026934,0.002796189458333334,-0.0009453173051801678,0.0016676584670087813,0.0007543617155673227,-0.0017884964166666626,2.402491081354278,0.10048786338724917,-0.002916264398521662,-0.0010139923930201633,-0.0010156362878654943,1.0032548491440598,-2.0930363663695236e-08,-0.004660966786017571,0.015996254758112477,0.015996254758112477,0.12046879921832648,0.9983814138338973,-2.0998488839950876e-08,2.404720488264436,0.10117417411057603,0.0036904376666666654,0.0013236335951985318,0.0009827528206867832,0.0005147302031256631,0.0032930326916666636,2.403053624794319,0.09807555885813962,-0.0016668634701173524,-0.003098615252436404,-0.0031142783638777446,1.0102274956953974,2.7446458963998533e-07,-0.005197857701524435,0.0209485008839727,0.0209485008839727,0.17670405897225214,0.9949705486757331,2.772716750490673e-07]"
/multi_agv/m2b_algorithm_state,1789558502.6175153,1789558502.6175153,m2b_algorithm_state_v1:header6+3x20,"[1.0,-0.15,0.52,2.4068433661260387,0.10125044353937919,1789558502.6173615,2.405417628226313,0.10107531404000368,0.0036904376666666654,0.00153968805655255,0.0006970448909135556,0.0005696881562970849,0.004584685874999997,2.4061098411872583,0.10394062772921064,0.0006922129609452377,0.0028653136892069636,0.002852493370163767,0.9911487461214815,2.7198312570427135e-07,0.003717759571345314,-0.013090885432785259,-0.013090885432785259,0.1419525074160709,1.0044944255356711,2.6957573400798984e-07,2.406398388775538,0.10150175851291944,0.002796189458333334,-0.000944200799423315,0.0016675922696900436,0.0007539121823429834,-0.0017884964166666626,2.4034908269676007,0.10048786338724917,-0.0029075618079370535,-0.0010138951256702666,-0.0010155387061006067,1.003254537608639,-2.090164036996456e-08,-0.004649990966021924,0.015958509843020722,0.015958509843020722,0.1204688081686078,0.9983815679102465,-2.0969665544630857e-08,2.4057115570550724,0.10117429080349222,0.0036904376666666654,0.0013229703411498828,0.0009827816082804029,0.0005150027236335442,0.0032930326916666636,2.4038781504380498,0.09645754604040425,-0.0018334066170226926,-0.004716744763087963,-0.004753481682618936,1.0158526875494691,6.362946693218032e-07,-0.0070452399538973014,0.027989171111871047,0.027989171111871047,0.17670408916726202,0.9922715765024821,6.463816499039545e-07]"
/multi_agv/m2b_algorithm_state,1789558502.6274264,1789558502.6274264,m2b_algorithm_state_v1:header6+3x20,"[1.0,-0.15,0.52,2.4078411618467914,0.10125045223236556,1789558502.627252,2.4064184686017733,0.10107529583774415,0.0036904376666666654,0.001539790351819744,0.000697036055599831,0.0005696484111393116,0.004584685874999997,2.4071346093421018,0.10446033138169768,0.0007161407403284414,0.0033850355439535296,0.0033672131630144665,0.9896054166745304,3.7947256256224154e-07,0.004262389088425018,-0.01530851189506331,-0.01530851189506331,0.14195250956241276,1.0052929173403171,3.7552810339095883e-07,2.407399231425617,0.10150176055114773,0.002796189458333334,-0.0009442947881360213,0.001667595898735108,0.0007539510353056222,-0.0017884964166666626,2.4040498686808256,0.09762802844374474,-0.003349362744791584,-0.003873732107402994,-0.0038982470359344695,1.0128414366552279,-3.057085405497651e-07,-0.00808495046692395,0.029074607520041384,0.029074607520041384,0.12046880691103705,0.9937112942547012,-3.0963427740819704e-07,2.406712398350726,0.1011742742292457,0.0036904376666666654,0.0013230396969076508,0.0009827778021837437,0.0005149746403089093,0.0032930326916666636,2.405014112030802,0.09807890797433041,-0.0016982863199239695,-0.0030953662549152855,-0.0031109961343458712,1.010216386000523,2.737657326998708e-07,-0.005233854034250833,0.021073049821413906,0.021073049821413906,0.1767040849820949,0.9949759245091855,2.765626290988487e-07]"
/multi_agv/m2b_algorithm_state,1789558502.6371822,1789558502.6371822,m2b_algorithm_state_v1:header6+3x20,"[1.0,-0.15,0.52,2.408837701825222,0.10125046850106482,1789558502.6370614,2.407416269386656,0.10107532468285692,0.0036904376666666654,0.0015395599745344928,0.0006970582547473284,0.0005697367231909721,0.004584685874999997,2.4080899160620137,0.10322097221268553,0.0006736466753576309,0.002145647529828612,0.002138419108696463,0.9933170723176621,1.5258555725144694e-07,0.002980477452893502,-0.010092624827832948,-0.010092624827832948,0.14195250622822073,1.0033802640009868,1.5156583900696628e-07,2.408397020908741,0.10150173388708283,0.002796189458333334,-0.0009440276277575838,0.0016675771858487565,0.0007538449641518036,-0.0017884964166666626,2.4050284776866255,0.09762802844374474,-0.0033685432221153278,-0.0038737054433380935,-0.0038982200382089234,1.0128413489757664,-3.056178743795887e-07,-0.008108899065853083,0.029158686282110477,0.029158686282110477,0.12046880884045012,0.9937113362943736,-3.095424201577289e-07,2.407710195244977,0.10117429812715695,0.0036904376666666654,0.0013228881479422738,0.0009827846320688005,0.0005150367781661491,0.0032930326916666636,2.4061333267700022,0.09956034776605091,-0.0015768684749746242,-0.0016139503611060368,-0.0016181524880735862,1.0052389259586385,7.434689751548536e-08,-0.0035892380817918665,0.014713278381966382,0.014713278381966382,0.17670409146107294,0.9974031328947546,7.473639540682347e-08]"
/multi_agv/m2b_algorithm_state,1789558502.647148,1789558502.647148,m2b_algorithm_state_v1:header6+3x20,"[1.0,-0.15,0.52,2.40984524723698,0.10125041385440751,1789558502.6470294,2.4084128169749084,0.10107537023018054,0.0036904376666666654,0.0015392131822761514,0.0006970934200329457,0.0005698687519931049,0.004584685874999997,2.4089999745354773,0.101569762755074,0.0005871575605689294,0.0004943925248934583,0.0004940039268250173,0.9984309155618939,8.108968545377312e-09,0.001227950877536179,-0.0030504715221905732,-0.0030504715221905732,0.1419525006302552,1.000786629513127,8.096244889023668e-09,2.4093935514296865,0.10150169837050631,0.002796189458333334,-0.0009436351764876578,0.0016675488133937044,0.0007536896083244621,-0.0017884964166666626,2.4063039504982897,0.09929302596621002,-0.003089600931396763,-0.0022086724042962858,-0.002216542620613344,1.0071860246945594,-9.920737879320368e-08,-0.006078543784859298,0.0214510030057136,0.0214510030057136,0.12046881207408153,0.9964493277756689,-9.992028546709415e-08,2.408706737071071,0.10117433690250761,0.0036904376666666654,0.0013226570468900414,0.0009827963494516206,0.0005151308564929121,0.0032930326916666636,2.4069795762104826,0.09773143402408895,-0.0017271608605882172,-0.003442902878418669,-0.003462290075929039,1.0114077827126222,3.386688589425843e-07,-0.00562124115166431,0.022559579652455655,0.022559579652455655,0.17670410234287365,0.9944004698955885,3.4253231969693297e-07]"
/multi_agv/m2b_algorithm_state,1789558502.657149,1789558502.657149,m2b_algorithm_state_v1:header6+3x20,"[1.0,-0.15,0.52,2.4108428093130434,0.10125042472015831,1789558502.6570208,2.409420347686386,0.10107524506480249,0.0036904376666666654,0.001540075649070442,0.00069701548169343,0.000569535447894692,0.004584685874999997,2.4103399003238413,0.10322987162443178,0.0009195526374554674,0.002154626559629294,0.0021473380019169618,0.9932897869105364,1.5391586142791513e-07,0.003296778798736296,-0.011227851451624905,-0.011227851451624905,0.1419525148474468,1.0033942293694917,1.5288305319988547e-07,2.410401114486881,0.10150176767408117,0.002796189458333334,-0.0009445565569281391,0.0016676017497032625,0.0007540614590209743,-0.0017884964166666626,2.407277997859518,0.09802497955877718,-0.0031231166273633093,-0.003476788115303997,-0.0034964774268709826,1.0114743722767816,-2.462730002886895e-07,-0.007400373211075119,0.026542833252461977,0.026542833252461977,0.12046880385090822,0.9943688149062052,-2.4909882837572186e-07,2.409714279537673,0.10117422882433888,0.0036904376666666654,0.0013232292840469682,0.0009827692812507845,0.000514896893707087,0.0032930326916666636,2.4079989329533835,0.0962714242030422,-0.0017153465842896232,-0.0049028046212966775,-0.004942552440228301,1.0165122620281024,6.876968705780396e-07,-0.00708673567059033,0.028197358275046814,0.028197358275046814,0.17670407465559446,0.9919580379950834,6.990523015009302e-07]"
/multi_agv/m2b_algorithm_state,1789558502.667206,1789558502.667206,m2b_algorithm_state_v1:header6+3x20,"[1.0,-0.15,0.52,2.411851313790726,0.10125036510319413,1789558502.6670892,2.410417915212976,0.10107528017633738,0.0036904376666666654,0.0015398009431224799,0.0006970394969159513,0.0005696420299462795,0.004584685874999997,2.4115288376054753,0.10504727381930985,0.001110922392499436,0.003971993642972474,0.003947564008522236,0.9878850406418631,5.222474829320352e-07,0.005336216999146531,-0.019472666339464564,-0.019472666339464564,0.14195251111126786,1.0061885340927972,5.159204759014243e-07,2.4113986699766277,0.10150173638244168,0.002796189458333334,-0.0009442410763300488,0.0016675819907523426,0.0007539349868501272,-0.0017884964166666626,2.4081303691094607,0.0969897997534769,-0.0032683008671670066,-0.004511936628964791,-0.004545354723388411,1.015064342079493,-4.1487880043300034e-07,-0.00863073080734717,0.031190789322428376,0.031190789322428376,0.12046880602487088,0.9926478577674771,-4.2112867660425274e-07,2.410711842749527,0.10117425760169586,0.0036904376666666654,0.0013230508312712893,0.0009827762892743678,0.0005149706006432743,0.0032930326916666636,2.409074853533488,0.09804560473977754,-0.0016369892160392752,-0.003128652861918324,-0.0031446247061536,1.0103301071653297,2.7969372916525355e-07,-0.0051908612262026935,0.020934538720226766,0.020934538720226766,0.17670408195130055,0.9949209060769569,2.825829953610013e-07]"
/multi_agv/m2b_algorithm_state,1789558502.6771963,1789558502.6771963,m2b_algorithm_state_v1:header6+3x20,"[1.0,-0.15,0.52,2.412838294531472,0.1012504435922386,1789558502.6770754,2.411426402944848,0.1010751459585657,0.0036904376666666654,0.0015407252588915082,0.0006969509076188984,0.0005692874569489912,0.004584685874999997,2.412649544579041,0.10517193960213173,0.0012231416341932366,0.004096793643566021,0.004070829370046677,0.987522307318764,5.558606452457122e-07,0.005599756412788223,-0.0204859306881418,-0.0204859306881418,0.14195252705454328,1.0063781286708775,5.489247869407427e-07,2.4124071948646186,0.1015018087311082,0.002796189458333334,-0.0009452278848041222,0.0016676432216780057,0.0007543308837422297,-0.0017884964166666626,2.40909550859344,0.0969897997534769,-0.0033116862711786155,-0.004512008977631307,-0.004545428129680843,1.0150645813900416,-4.153255815114804e-07,-0.008685035968654112,0.031379434235239076,0.031379434235239076,0.12046879678950699,0.9926477438216844,-4.2158228753752645e-07,2.4117203435627115,0.10117414061990847,0.0036904376666666654,0.0013236693127347304,0.0009827445530876666,0.0005147190208149776,0.0032930326916666636,2.4101998621861047,0.09966952515377883,-0.0015204813766067637,-0.0015046154661296357,-0.0015082645420126234,1.0048780159906012,6.46484777604249e-08,-0.0034088662627710783,0.014033559599595968,0.014033559599595968,0.17670405082886728,0.9975806128292865,6.496383406870827e-08]"
/multi_agv/m2b_algorithm_state,1789558502.6872246,1789558502.6872246,m2b_algorithm_state_v1:header6+3x20,"[1.0,-0.15,0.52,2.413838158401624,0.10125043860157194,1789558502.6872025,2.41241341014464,0.10107534501362107,0.0036904376666666654,0.0015392889690636143,0.0006970811961867437,0.0005698422594443446,0.004584685874999997,2.41364497807633,0.10383272148897088,0.0012315679316898809,0.002757376475349807,0.0027454941223716213,0.9914716409040427,2.518330087857269e-07,0.004284954036983972,-0.01506985172058535,-0.01506985172058535,0.14195250426148023,1.004327946973684,2.496852864545868e-07,2.4133941436290858,0.10150167584109453,0.002796189458333334,-0.0009436498213269396,0.0016675472928411317,0.0007536967465678196,-0.0017884964166666626,2.4099731138317577,0.09864227013748363,-0.003421029797328057,-0.002859405703610901,-0.0028726615255295997,1.009371626714151,-1.6635035056442313e-07,-0.00714894877218967,0.025448292454043082,0.025448292454043082,0.1204688099873802,0.9953855260005772,-1.6790932395368107e-07,2.4127073298206905,0.10117430992200016,0.0036904376666666654,0.0013227216536291701,0.0009827874958354028,0.0005151074569090049,0.0032930326916666636,2.411109639054199,0.09880319658426766,-0.0015976907664914108,-0.0023711133377325028,-0.0023802349159324754,1.0077625747605081,1.605280059261584e-07,-0.004377348374046739,0.01778791535105863,0.01778791535105863,0.17670409531144846,0.9961677823735312,1.617741165733155e-07]"
/multi_agv/m2b_algorithm_state,1789558502.6972642,1789558502.6972642,m2b_algorithm_state_v1:header6+3x20,"[1.0,-0.15,0.52,2.4148409955187913,0.10125041473677905,1789558502.6971073,2.41341327499072,0.10107533779808449,0.0036904376666666654,0.001539318873005402,0.0006970825786169143,0.0005698285782011783,0.004584685874999997,2.4140184983792676,0.10347280395310778,0.0006052233885478486,0.0023974661550232867,0.002388458704458316,0.9925542105609565,1.90437201402401e-07,0.0031449879401431267,-0.01080584499727024,-0.01080584499727024,0.14195250464971593,1.0037712398159355,1.89019246099398e-07,2.4143940060045495,0.10150167425565172,0.002796189458333334,-0.000943668008167726,0.0016675428087764566,0.0007537069622393783,-0.0017884964166666626,2.410954647230371,0.09864227013748363,-0.003439358774178558,-0.0028594041181680963,-0.0028726599255107284,1.0093716215492627,-1.6635337318042258e-07,-0.007171858393233926,0.025528763970469538,0.025528763970469538,0.12046880975387178,0.995385528504466,-1.679123740373128e-07,2.4137071942096027,0.10117430375097958,0.0036904376666666654,0.0013227390719274404,0.0009827879013427857,0.0005150996957806477,0.0032930326916666636,2.411457772539108,0.09802452896327067,-0.002249421670494467,-0.003149774787708906,-0.0031659655761852577,1.0104023038697376,2.834199535755833e-07,-0.005977742664303341,0.023703569416405643,0.023703569416405643,0.17670409454645028,0.9948859872014589,2.8636817405542347e-07]"
/multi_agv/m2b_algorithm_state,1789558502.7072663,1789558502.7072663,m2b_algorithm_state_v1:header6+3x20,"[1.0,-0.15,0.52,2.4158417358981823,0.10125040495609178,1789558502.7071466,2.414416107018939,0.10107528571460414,0.0036904376666666654,0.001539666340950214,0.0006970531895050588,0.0005696932519184513,0.004584685874999997,2.4151021062751634,0.10464770293875172,0.0006859992562242567,0.0035724172241475838,0.0035525953477869646,0.9890535998257048,4.225523470743129e-07,0.0044100944180672855,-0.01593514587534987,-0.01593514587534987,0.14195251040480258,1.0055795480261964,4.1792691998864985e-07,2.4153968490520477,0.10150169976193346,0.002796189458333334,-0.0009440310536390395,0.0016675605997686915,0.000753855075463189,-0.0017884964166666626,2.4119041350692525,0.09787370569354797,-0.003492713982795159,-0.003627994068385487,-0.003649457635675762,1.0119937338814162,-2.6803616321932755e-07,-0.008015350114169711,0.02874948177828678,0.02874948177828678,0.12046880643837413,0.9941186966851033,-2.71250917631576e-07,2.4147100304853875,0.1011742587337996,0.0036904376666666654,0.0013229686479862388,0.0009827775569417616,0.0005150055641922266,0.0032930326916666636,2.4124853940740625,0.09857398644333186,-0.002224636411324976,-0.002600272290467734,-0.0026112611402270883,1.0085347530660307,1.9312129458214158e-07,-0.005392056654383309,0.021444809673274504,0.021444809673274504,0.17670408335444215,0.99579174614516,1.9476953714319233e-07]"
/multi_agv/m2b_algorithm_state,1789558502.7172446,1789558502.7172446,m2b_algorithm_state_v1:header6+3x20,"[1.0,-0.15,0.52,2.4168444182627344,0.10125038301455071,1789558502.717115,2.415416846492083,0.10107526885169192,0.0036904376666666654,0.0015397634519218524,0.0006970449108435689,0.0005696554644095464,0.004584685874999997,2.416501998447131,0.1063721784351229,0.0010851519550478805,0.005296909583430973,0.005253900689180307,0.9840891239828856,9.277627317477262e-07,0.006610340632990158,-0.024773424240923766,-0.024773424240923766,0.14195251235595077,1.008186088164787,9.130012139495888e-07,2.416397590409253,0.10150170253530555,0.002796189458333334,-0.0009441214604322453,0.0016675635332110694,0.000753892737641329,-0.0017884964166666626,2.412879684868962,0.09787370569354797,-0.0035179055402907444,-0.0036279968417575748,-0.0036494604415140686,1.011993742980449,-2.6806223905420355e-07,-0.008046842366877499,0.028859718437802995,0.028859718437802995,0.12046880529322912,0.9941186923106944,-2.7127730865218335e-07,2.4157107707932117,0.10117424348127785,0.0036904376666666654,0.0013230344075901238,0.0009827739953908853,0.0005149789124716379,0.0032930326916666636,2.413514136561187,0.09907715383617555,-0.0021966342320247634,-0.0020970896451023013,-0.00210421003551636,1.006844352997198,1.255753843883506e-07,-0.004850002825547314,0.019347612314922512,0.019347612314922512,0.17670407950572362,0.9966161218253523,1.264348666468633e-07]"
/multi_agv/m2b_algorithm_state,1789558502.7272553,1789558502.7272553,m2b_algorithm_state_v1:header6+3x20,"[1.0,-0.15,0.52,2.417843267121936,0.1012503861184869,1789558502.7270887,2.416419523993804,0.10107522341789625,0.0036904376666666654,0.0015400624992580971,0.0006970164980816481,0.0005695406185907217,0.004584685874999997,2.4176482509008044,0.10661768878506743,0.001228726907000155,0.005542465367171179,0.0054954645960475935,0.983398796159633,1.0157711950523776e-06,0.007031373229797787,-0.026428847856851574,-0.026428847856851574,0.1419525178273959,1.0085526474244577,9.9890817038814e-07,2.417400278629416,0.10150172225457028,0.002796189458333334,-0.0009444308744095088,0.0016675811000443908,0.0007540177200587028,-0.0017884964166666626,2.4144523595225382,0.09937128834984993,-0.002947919106877972,-0.002130433904720355,-0.00213775209479826,1.0069253591852025,-9.237642190339767e-08,-0.005822650978395725,0.020520172091161953,0.020520172091161953,0.12046880214483599,0.9965766890858336,-9.301616180532251e-08,2.416713452164984,0.10117420337118561,0.0036904376666666654,0.001323235627411217,0.0009827632696922002,0.0005148972705174663,0.0032930326916666636,2.4145662379597033,0.09851038734083148,-0.002147214205280523,-0.0026638160303541353,-0.002675354042087586,1.0087495684905403,2.0272471114251337e-07,-0.0053593717986882405,0.021353768994346097,0.021353768994346097,0.17670406885767817,0.9956872953814938,2.044984648873798e-07]"
/multi_agv/m2b_algorithm_state,1789558502.7374701,1789558502.7374701,m2b_algorithm_state_v1:header6+3x20,"[1.0,-0.15,0.52,2.4188505905008397,0.1012503347953269,1789558502.7373948,2.417418375716054,0.10107523900071431,0.0036904376666666654,0.0015399290127522587,0.0006970271547162446,0.0005695929363370931,0.004584685874999997,2.4185295085120893,0.1047294635909198,0.0011111327960353634,0.0036542245902054793,0.0036334973783565686,0.988813445796692,4.421741142212465e-07,0.005022413373400773,-0.018177972332194463,-0.018177972332194463,0.14195251639443107,1.0057044796488295,4.372277095252108e-07,2.418399124036322,0.10150170390932939,0.002796189458333334,-0.0009442699972900671,0.0016675707431583753,0.0007539533725274689,-0.0017884964166666626,2.415443435092044,0.09937128834984993,-0.002955688944278112,-0.0021304155594794594,-0.0021377336243173176,1.0069252998217013,-9.235910225838114e-08,-0.005832344804664958,0.020554476188271747,0.020554476188271747,0.1204688029742479,0.9965767180931183,-9.29987167327836e-08,2.417712301613432,0.10117421544541699,0.0036904376666666654,0.0013231509577498186,0.0009827656536842925,0.0005149327313707891,0.0032930326916666636,2.4156337766106284,0.09943502917175043,-0.0020785250028034774,-0.0017391862736665653,-0.001744070450312614,1.0056534241803685,8.635700867689702e-08,-0.004342226703816961,0.017419872996460244,0.017419872996460244,0.1767040716591133,0.9971995531228838,8.684522147789529e-08]"
/multi_agv/m2b_algorithm_state,1789558502.7471774,1789558502.7471774,m2b_algorithm_state_v1:header6+3x20,"[1.0,-0.15,0.52,2.4198432880993574,0.10125037805648236,1789558502.7470875,2.418425684759365,0.10107512420022041,0.0036904376666666654,0.0015407184557370448,0.0006969505250965288,0.0005692906042895378,0.004584685874999997,2.4195005140845254,0.10445832843086864,0.0010748293251605645,0.0033832042306482235,0.0033654008386843474,0.9896107971560657,3.7929139316150544e-07,0.004708937495135053,-0.016910448518370348,-0.016910448518370348,0.141952530186788,1.0052901252532034,3.753508579409921e-07,2.4194064649171767,0.10150176503859708,0.002796189458333334,-0.0009451112852459668,0.0016676232490122622,0.0007542907298105778,-0.0017884964166666626,2.4165867705234105,0.10001567230777283,-0.00281969439376617,-0.0014860927308242428,-0.001489636345254128,1.0047958040190381,-4.496176494956418e-08,-0.005014254337461841,0.017426628746007346,0.017426628746007346,0.12046879497019913,0.9976211546924357,-4.517739276261235e-08,2.4187196218259763,0.10117411514716317,0.0036904376666666654,0.0013236803465486121,0.000982737873914786,0.0005147177117763449,0.0032930326916666636,2.416641912222147,0.09878537121715607,-0.0020777096038293585,-0.002388743930007098,-0.0023980029136189446,1.0078218643722625,1.630442364456523e-07,-0.004995139918405642,0.019969919672073268,0.019969919672073268,0.176704044628941,0.9961388772468697,1.6431954634980928e-07]"
/multi_agv/m2b_algorithm_state,1789558502.7571125,1789558502.7571125,m2b_algorithm_state_v1:header6+3x20,"[1.0,-0.15,0.52,2.4208424518512888,0.10125037904767943,1789558502.7569854,2.4194183975065933,0.10107523841271032,0.0036904376666666654,0.0015398850333705329,0.0006970231944176668,0.0005696140593437395,0.004584685874999997,2.42034672829137,0.10546887790300025,0.0009283307847769429,0.0043936394902899245,0.004363843744968137,0.9866639125227762,6.388341257596588e-07,0.005524257225939315,-0.02037138189189491,-0.02037138189189491,0.1419525176835869,1.006827867142618,6.303145779750922e-07,2.42039914433847,0.1015016844542785,0.002796189458333334,-0.0009441887161708851,0.001667568717337975,0.0007539191933883527,-0.0017884964166666626,2.4175773074390787,0.10001567230777283,-0.0028218368993910836,-0.0014860121465056636,-0.0014895553783312073,1.0047955447956889,-4.491301848117679e-08,-0.005016851502570062,0.017436691439117556,0.017436691439117556,0.12046880219296639,0.9976212822449653,-4.512840087321288e-08,2.4197123224530084,0.10117421130245832,0.0036904376666666654,0.0013231342589533836,0.0009827607760675818,0.00051494250657613,0.0032930326916666636,2.4175672474701035,0.09821443617619392,-0.0021450749829048377,-0.0029597751262643995,-0.002974051128594347,1.0097540241641065,2.503027843625418e-07,-0.005655394857225394,0.02250312436591709,0.02250312436591709,0.17670406904242253,0.9951998127427302,2.527442437695572e-07]"
/multi_agv/m2b_algorithm_state,1789558502.7671757,1789558502.7671757,m2b_algorithm_state_v1:header6+3x20,"[1.0,-0.15,0.52,2.4218427169732015,0.1012503729325268,1789558502.7670135,2.4204175635914855,0.10107524753494163,0.0036904376666666654,0.0015397993009465959,0.0006970310253604055,0.0005696471474685269,0.004584685874999997,2.4214999767624628,0.1065813890148041,0.0010824131709772367,0.005506141479862475,0.005459741894795726,0.9835006582575703,1.0023587240670097e-06,0.006812758358517272,-0.025618657569451097,-0.025618657569451097,0.14195251684113822,1.0084984942440187,9.858204649301223e-07,2.4213983051886334,0.10150167131945331,0.002796189458333334,-0.0009440805042682152,0.0016675600120330536,0.0007538768153216163,-0.0017884964166666626,2.41808821279684,0.10035936279376896,-0.003310092391793251,-0.0011423085256843518,-0.0011443968302263445,1.0036720730401092,-2.653040445995988e-08,-0.005282012319967909,0.018242961549299067,0.018242961549299067,0.12046880271575115,0.9981751919554167,-2.6627826042920492e-08,2.4207114867737483,0.10117421828864338,0.0036904376666666654,0.0013230792861731954,0.000982762458802822,0.000514965459769672,0.0032930326916666636,2.418165573945241,0.09891300646724933,-0.0025459128285074684,-0.002261211821394049,-0.002269500572717919,1.0073936451218217,1.4602085078882076e-07,-0.005451891608352254,0.021529365331594656,0.021529365331594656,0.17670407078823264,0.9963477641629571,1.471004771399398e-07]"
/multi_agv/m2b_algorithm_state,1789558502.7771442,1789558502.7771442,m2b_algorithm_state_v1:header6+3x20,"[1.0,-0.15,0.52,2.4228438763265445,0.10125036124729146,1789558502.7770624,2.4214178288317725,0.10107523916555636,0.0036904376666666654,0.0015398381011861684,0.0006970276209537828,0.0005696320999085624,0.004584685874999997,2.42251213048021,0.10583820544852136,0.0010943016484374901,0.004762966282965006,0.004728049217241945,0.9856043755096207,7.50505458544914e-07,0.006095926277788807,-0.022628711242574425,-0.022628711242574425,0.14195251794170666,1.0073850893082348,7.397014637857215e-07,2.4223985700728843,0.10150166929015003,0.002796189458333334,-0.0009441079270560539,0.0016675592990487154,0.000753889072869704,-0.0017884964166666626,2.419087653755064,0.10035936279376896,-0.0033109163178202117,-0.0011423064963810708,-0.0011443947935285566,1.0036720665328238,-2.6531081036302344e-08,-0.005283040190803822,0.018246567451564936,0.018246567451564936,0.12046880205547925,0.9981751951692763,-2.6628504931055387e-08,2.4217117520149474,0.101174210341874,0.0036904376666666654,0.0013231065770226958,0.0009827603732602613,0.0005149547149961835,0.0032930326916666636,2.4192270889927405,0.09989713372644843,-0.0024846630222068455,-0.0012770766154255736,-0.001279700956708665,1.0041297098664654,4.6546772339392444e-08,-0.004385529734467222,0.01739281674655744,0.01739281674655744,0.17670406856173007,0.9979492542618387,4.6738997004374556e-08]"
/multi_agv/m2b_algorithm_state,1789558502.787115,1789558502.787115,m2b_algorithm_state_v1:header6+3x20,"[1.0,-0.15,0.52,2.4238426371642476,0.10125036512241381,1789558502.7870383,2.4224189864850096,0.1010752176110612,0.0036904376666666654,0.001539970338881304,0.0006970149539399445,0.0005695813690221814,0.004584685874999997,2.423798611116352,0.10486837383621865,0.0013796246313422245,0.003793156225157454,0.003770846568265587,0.9884066706262967,4.763971556241377e-07,0.0054953773574433675,-0.019951174446525076,-0.019951174446525076,0.14195252066513317,1.0059163523330859,4.708741264862917e-07,2.4233997314261067,0.10150167518649311,0.002796189458333334,-0.0009442368086132929,0.001667565298686835,0.0007539418176049639,-0.0017884964166666626,2.420437297592236,0.10177886134999366,-0.0029624338338707368,0.00027718616350054515,0.00027706451573007176,0.9991231885853106,-1.5608650955123672e-09,-0.003425977776608349,0.01110502037660914,0.01110502037660914,0.12046880047701926,1.0004390593654797,-1.5594965111798317e-09,2.422712911068517,0.10117419094432006,0.0036904376666666654,0.0013231964806393773,0.0009827550036933582,0.0005149185382420833,0.0032930326916666636,2.4205000959176095,0.0992914099763877,-0.0022128151509073213,-0.0018827809679323598,-0.0018885111541659199,1.0061301038917496,1.0121890053910574e-07,-0.004654530092800072,0.018576862789590982,0.018576862789590982,0.17670406325069324,0.9969657652162023,1.0183938291521912e-07]"
/multi_agv/m2b_algorithm_state,1789558502.797187,1789558502.797187,m2b_algorithm_state_v1:header6+3x20,"[1.0,-0.15,0.52,2.4248426216912087,0.1012503610298744,1789558502.7970126,2.4234177504528085,0.1010752336466658,0.0036904376666666654,0.0015398365187872113,0.0006970267290767216,0.0005696332495897321,0.004584685874999997,2.424828531381564,0.10507564502114776,0.0014107809287553508,0.004000411374481955,0.0039756362695497,0.9878023467352368,5.297476696785258e-07,0.005739112430493888,-0.02093750350837928,-0.02093750350837928,0.14195251909558582,1.0062317333006576,5.232859912859709e-07,2.424398488418363,0.10150165792307007,0.002796189458333334,-0.0009440766659615327,0.0016675537623465075,0.0007538784019687911,-0.0017884964166666626,2.4213884455041734,0.10104147103204165,-0.0030100429141897145,-0.00046018689102841903,-0.00046052406570625096,1.0014679333104526,-4.303689088149388e-09,-0.004223077708443394,0.014230189243967229,0.014230189243967229,0.12046880141767394,0.9992678456937646,-4.310006616719714e-09,2.4237116726215713,0.10117420379750555,0.0036904376666666654,0.0013231100922543484,0.000982757927181211,0.0005149544634858814,0.0032930326916666636,2.4214023005751644,0.09832400544922029,-0.00230937204640691,-0.00285019834828526,-0.0028634259628032782,1.0093813694442226,2.3209177186815213e-07,-0.005750141020811916,0.022795772474467856,0.022795772474467856,0.17670406639293532,0.995380493615044,2.342691105250115e-07]"
/multi_agv/m2b_algorithm_state,1789558502.8072073,1789558502.8072073,m2b_algorithm_state_v1:header6+3x20,"[1.0,-0.15,0.52,2.425837995402693,0.10125038619961924,1789558502.8071048,2.42441773565976,0.10107522989036329,0.0036904376666666654,0.0015398437272012224,0.00069702608711859,0.0005696304588937019,0.004584685874999997,2.425923900752856,0.10571195240656703,0.0015061650930960901,0.004636722516203742,0.004603600021198916,0.985965491411734,7.113220399596758e-07,0.006486306387569029,-0.023969110781720045,-0.023969110781720045,0.14195251966150008,1.0071949115588457,7.013389846808389e-07,2.4253984720297423,0.10150165337357762,0.002796189458333334,-0.0009440702075970021,0.0016675510156005657,0.0007538770311096288,-0.0017884964166666626,2.42236884817551,0.10139039366743544,-0.003029623854232444,-0.00011125970614218883,-0.0001112793630439804,1.0003535005406134,-2.515011348385182e-10,-0.0038983091808345353,0.012939535749205292,0.012939535749205292,0.12046880104961369,0.999823355371078,-2.5159004062564853e-10,2.4247116573841243,0.10117419982568233,0.0036904376666666654,0.0013231165275971696,0.0009827567484957276,0.000514952287053463,0.0032930326916666636,2.422314367857199,0.09832220386858027,-0.002397289526925306,-0.0028519959571020603,-0.0028652404418448734,1.0093874761232544,2.3238602785688015e-07,-0.005861852350501505,0.023188914346089367,0.023188914346089367,0.17670406512952028,0.9953775311316332,2.3456754614476456e-07]"
/multi_agv/m2b_algorithm_state,1789558502.8171713,1789558502.8171713,m2b_algorithm_state_v1:header6+3x20,"[1.0,-0.15,0.52,2.42683788790413,0.10125038189906854,1789558502.8170624,2.4254131193194692,0.1010752957062865,0.0036904376666666654,0.0015393593885483468,0.0006970724604132164,0.0005698162785312264,0.004584685874999997,2.4269954367223456,0.10548224307690579,0.0015823174028763987,0.0044069473706192935,0.004376973918701505,0.9866255820834359,6.424836021780138e-07,0.006354870672297003,-0.02337218353914244,-0.02337218353914244,0.14195251201396392,1.0068479850404684,6.338907579779455e-07,2.426393833500224,0.10150160692507013,0.002796189458333334,-0.0009435304720497527,0.0016675142925919317,0.0007536621763527124,-0.0017884964166666626,2.4234015382781147,0.10157959602234382,-0.002992295222109309,7.798909727368963e-05,7.79794526616377e-05,0.9997527407497644,-1.2348838222083589e-10,-0.003662389574974999,0.012026426866456155,0.012026426866456155,0.12046880550036373,1.0001236814535464,-1.2345784857603514e-10,2.425707033388387,0.10117425596750104,0.0036904376666666654,0.0013227953101532497,0.0009827719206895406,0.0005150836302782267,0.0032930326916666636,2.4233222391859592,0.09884572899508313,-0.0023847942024275426,-0.0023285269724179075,-0.0023373210239994537,1.0076195116787747,1.5481779156601922e-07,-0.0053183137770338815,0.021083912388154324,0.021083912388154324,0.17670408021707246,0.9962375508151214,1.559974275369386e-07]"
/multi_agv/m2b_algorithm_state,1789558502.827188,1789558502.827188,m2b_algorithm_state_v1:header6+3x20,"[1.0,-0.15,0.52,2.4278430613759645,0.10125034392579564,1789558502.8270757,2.426413012725884,0.10107528875566456,0.0036904376666666654,0.001539392470084788,0.0006970731023290702,0.0005698016051251531,0.004584685874999997,2.427647704683008,0.10488541571987044,0.001234691957123779,0.003810126964205879,0.003787620161024288,0.9883570859405183,4.804826646881716e-07,0.005330985107429012,-0.019369418402972297,-0.019369418402972297,0.1419525124315518,1.0059422017585586,4.748884463161365e-07,2.4273937245888693,0.10150160678751374,0.002796189458333334,-0.0009435541981617857,0.0016675100542173915,0.0007536746653356019,-0.0017884964166666626,2.4241790055836665,0.10174085446538934,-0.0032147190052027597,0.00023924767787560086,0.00023915702495694936,0.9992428704890058,-1.1620248673231524e-09,-0.0037792417315465,0.01237632455114385,0.01237632455114385,0.12046880523732618,1.0003790518746745,-1.161145064003593e-09,2.426706926397637,0.10117425015402733,0.0036904376666666654,0.0013228149647334523,0.000982771969575547,0.0005150750853215556,0.0032930326916666636,2.4240878170604034,0.09868506272285503,-0.0026191093372336383,-0.002489187431172296,-0.0024992490259897714,1.0081599551024882,1.7693989028579423e-07,-0.005773135697531819,0.022744013225263846,0.022744013225263846,0.17670407929847734,0.9959741527503485,1.7838371184636551e-07]"
/multi_agv/m2b_algorithm_state,1789558502.8372188,1789558502.8372188,m2b_algorithm_state_v1:header6+3x20,"[1.0,-0.15,0.52,2.428848143116649,0.10125030771075254,1789558502.8371315,2.427418176337012,0.10107520173535268,0.0036904376666666654,0.0015399919507896177,0.0006970191237583906,0.0005695698319593876,0.004584685874999997,2.428644169597288,0.10458488340277931,0.0012259932602760593,0.0035096816674266285,0.0034905407123865567,0.9892380636803912,4.0794787897770464e-07,0.00502303228773163,-0.018104986687726456,-0.018104986687726456,0.14195252238160433,1.0054836647434444,4.0355756988242714e-07,2.4283989098200096,0.10150165496700378,0.002796189458333334,-0.0009441927930684234,0.0016675453321344236,0.0007539331236244423,-0.0017884964166666626,2.4252042173554362,0.10188033632496155,-0.0031946924645733787,0.00037868135795776636,0.00037845448907383505,0.99880351505841,-2.912854296453109e-09,-0.0036149110916428883,0.011735242233559519,0.011735242233559519,0.12046879950010822,1.000599461468898,-2.9093691101503573e-09,2.427712097970873,0.10117417507503043,0.0036904376666666654,0.001323212676821482,0.000982752963960598,0.0005149125785386265,0.0032930326916666636,2.4250588356425773,0.09855842403490549,-0.002653262328295547,-0.0026157510401249445,-0.0026268724143857143,1.008587060684477,1.954654362040893e-07,-0.0059434503247551475,0.023389735383776315,0.023389735383776315,0.17670405989303564,0.9957663058929452,1.9714390976649157e-07]"
/multi_agv/m2b_algorithm_state,1789558502.8471687,1789558502.8471687,m2b_algorithm_state_v1:header6+3x20,"[1.0,-0.15,0.52,2.4298382122658126,0.10125036760493787,1789558502.8470726,2.4284232483110224,0.10107512191727072,0.0036904376666666654,0.0015405377841371018,0.0006969654203559542,0.0005693611695483406,0.004584685874999997,2.42969127829275,0.10471934537610827,0.00126802998172737,0.0036442234588375533,0.0036236079454454906,0.988842761332353,4.399345730673531e-07,0.0052086454226047026,-0.018841603984934324,-0.018841603984934324,0.14195253215600145,1.005689222924344,4.3502611803749126e-07,2.4294040034809994,0.10150169613410091,0.002796189458333334,-0.0009447712664264122,0.0016675810930508739,0.000754165270045154,-0.0017884964166666626,2.4262307475500644,0.10185699939119938,-0.0031732559309349817,0.00035530325709846877,0.00035510350001995166,0.9988770826861556,-2.5659157091171157e-09,-0.0036114664136487756,0.011731910717359269,0.011731910717359269,0.12046879383001374,1.0005625319899858,-2.5630343979414826e-09,2.4287171775579255,0.10117410508088595,0.0036904376666666654,0.0013235798207287038,0.0009827330770415758,0.0005147637802530862,0.0032930326916666636,2.425924390820698,0.09757707089528213,-0.0027927867372272708,-0.003597034185603823,-0.0036182206664289954,1.011939110060661,3.699650182894564e-07,-0.007109204087963084,0.027829782523628215,0.027829782523628215,0.17670404078488966,0.9941445028431385,3.7438207136140867e-07]"
/multi_agv/m2b_algorithm_state,1789558502.857245,1789558502.857245,m2b_algorithm_state_v1:header6+3x20,"[1.0,-0.15,0.52,2.430842860668504,0.10125033327276216,1789558502.8571064,2.429413337835909,0.10107527352813017,0.0036904376666666654,0.0015394448277769052,0.0006970644566229643,0.000569783407105767,0.004584685874999997,2.4307497507419895,0.10485889478377466,0.001336412906080664,0.0037836212556444926,0.00376142202492224,0.9884345537815626,4.738467374810706e-07,0.00543193815752307,-0.01971853827445396,-0.01971853827445396,0.14195251495537917,1.0059018186672928,4.683664885229513e-07,2.430394047957662,0.10150159521155988,0.002796189458333334,-0.0009435694370953183,0.0016675070755489685,0.0007536828198660556,-0.0017884964166666626,2.427244705459044,0.10185699939119938,-0.0031493424986179797,0.00035540417963950133,0.000355204308943341,0.9988767634749748,-2.564108675960701e-09,-0.0035814738143291336,0.01162646461945793,0.01162646461945793,0.12046880380025878,1.0005626922059445,-2.561228575441728e-09,2.429707251003866,0.10117423407512353,0.0036904376666666654,0.0013228588431047515,0.000982765463024649,0.0005150594499886375,0.0032930326916666636,2.4269103205500153,0.0985205412890298,-0.0027969304538508766,-0.002653692786093731,-0.002665142392424237,1.0087153232233184,2.0112817696875537e-07,-0.006161305459737833,0.024169163705951808,0.024169163705951808,0.17670407448329323,0.9957039419870953,2.0288107404035485e-07]"
/multi_agv/m2b_algorithm_state,1789558502.8671196,1789558502.8671196,m2b_algorithm_state_v1:header6+3x20,"[1.0,-0.15,0.52,2.4318419452237583,0.10125033551827817,1789558502.8670373,2.430417977464426,0.10107519504845883,0.0036904376666666654,0.001539984749706467,0.000697015882767804,0.0005695746389436787,0.004584685874999997,2.4312973790774928,0.10427335769535184,0.0008794016130666549,0.0031981626468930158,0.003182231100592992,0.9901581553636839,3.3882258571504215e-07,0.004281483116926311,-0.01528149122760364,-0.01528149122760364,0.14195252394108057,1.005006407704662,3.354879464671598e-07,2.4313987068079457,0.10150163840439468,0.002796189458333334,-0.0009441435973551685,0.0016675384183240105,0.0007539153948975807,-0.0017884964166666626,2.42764094797582,0.10023782213437411,-0.0037577588321258126,-0.0012638162700205624,-0.00126637481999967,1.0040682622292336,-3.2479529962285943e-08,-0.005963573360156935,0.020697608525732533,0.020697608525732533,0.12046879858938218,0.9979796266170957,-3.261166520725477e-08,2.4307118977331412,0.10117416636543294,0.0036904376666666654,0.0013232170078459962,0.0009827482516511004,0.0005149131521489715,0.0032930326916666636,2.4274601842510597,0.09890249998905183,-0.0032517134820815308,-0.0022716663763811124,-0.00228003261404839,1.0074287076065862,1.4739059731624128e-07,-0.006344674466650303,0.024676801135266633,0.024676801135266633,0.17670405687974094,0.9963306500022283,1.4848551896766372e-07]"
/multi_agv/m2b_algorithm_state,1789558502.87719,1789558502.87719,m2b_algorithm_state_v1:header6+3x20,"[1.0,-0.15,0.52,2.4328405118833167,0.10125034092165397,1789558502.8770962,2.431417064444257,0.10107520634407717,0.0036904376666666654,0.0015398874902298244,0.000697023964606113,0.000569612593074345,0.004584685874999997,2.4322457613127817,0.10351636805540482,0.0008286968685244922,0.002441161711327647,0.002431826013534228,0.9924222798543052,1.9750874490010054e-07,0.0034676970991898435,-0.01198227303980913,-0.01198227303980913,0.14195252291625576,1.0038389661684106,1.9601207890492015e-07,2.4323977883726653,0.1015016250086793,0.002796189458333334,-0.0009440245791249588,0.0016675294467209945,0.0007538684712034144,-0.0017884964166666626,2.428638404520097,0.10023782213437411,-0.0037593838525684653,-0.0012638028743051921,-0.0012663613702500012,1.0040682192257602,-3.2474748872579524e-08,-0.005965591185960583,0.020704853572933942,0.020704853572933942,0.1204687991768923,0.9979796478280887,-3.260686327029469e-08,2.4317109828543524,0.10117417520207803,0.0036904376666666654,0.0013231550505196613,0.0009827498800338398,0.0005149391611501187,0.0032930326916666636,2.428476091575748,0.09925443312469041,-0.0032348912786042128,-0.0019197420773876123,-0.0019257011120601985,1.0062530479017646,1.0523129277990584e-07,-0.005969315210315464,0.023226263387880454,0.023226263387880454,0.17670405882352663,0.9969055246241141,1.0588930909442321e-07]"
/multi_agv/m2b_algorithm_state,1789558502.8872557,1789558502.8872557,m2b_algorithm_state_v1:header6+3x20,"[1.0,-0.15,0.52,2.4338424427134133,0.1012503246909517,1789558502.8871672,2.4324156345879815,0.10107522453005932,0.0036904376666666654,0.0015397423730760108,0.0006970374336178857,0.000569668489395608,0.004584685874999997,2.433272185935133,0.10354436808497436,0.0008565513471516795,0.0024691435549150376,0.0024595946398512205,0.9923378748810543,2.0203927991179487e-07,0.00353028382379082,-0.012220477349571863,-0.012220477349571863,0.1419525209716462,1.0038823125197553,2.00491229670169e-07,2.4333963506999465,0.10150160803424219,0.002796189458333334,-0.0009438541068736862,0.0016675164498902717,0.0007538013377646757,-0.0017884964166666626,2.4301303191498485,0.10155603257266155,-0.0032660315500980808,5.442453841936201e-05,5.441984073310654e-05,0.9998274044034319,-6.015946181289199e-11,-0.004028119596889495,0.013334221988639098,0.013334221988639098,0.12046880029284292,1.00008632304307,-6.014907855469118e-11,2.4327095503620213,0.10117419020066037,0.0036904376666666654,0.0013230602857947642,0.0009827535415620984,0.0005149783333282714,0.0032930326916666636,2.4292965832908084,0.09862090827552411,-0.003412967071212858,-0.0025532819251362637,-0.0025638734617763463,1.0083761037290309,1.8621169298795201e-07,-0.006830082300792418,0.02648530752582877,0.02648530752582877,0.17670406262706143,0.9958689315997896,1.8777142144397755e-07]"
/multi_agv/m2b_algorithm_state,1789558502.897097,1789558502.897097,m2b_algorithm_state_v1:header6+3x20,"[1.0,-0.15,0.52,2.434838244043435,0.10125034783093136,1789558502.8969445,2.4334175621142338,0.10107519035202832,0.0036904376666666654,0.0015399686208037635,0.0006970164908399737,0.000569581313706435,0.004584685874999997,2.434897121173334,0.10444462479263668,0.0014795590591001329,0.00336943444060836,0.003351773841926473,0.9896514551145174,3.760309881413333e-07,0.00520122266580164,-0.018672079084374585,-0.018672079084374585,0.14195252510700765,1.0052690305237706,3.7213961458222035e-07,2.4343982854252144,0.10150162347655711,0.002796189458333334,-0.0009440873379100148,0.0016675281354032734,0.0007538963568162332,-0.0017884964166666626,2.4311311611628863,0.10155603257266155,-0.003267124262328114,5.440909610443523e-05,5.4404401084060966e-05,0.9998274533812465,-6.014018126460264e-11,-0.004029500926826081,0.013338899592342905,0.013338899592342905,0.1204687979278694,1.000086298539837,-6.01298042796742e-11,2.433711480600792,0.10117416024426967,0.0036904376666666654,0.0013232118425545564,0.0009827454652800776,0.0005149168402809284,0.0032930326916666636,2.4306337165844094,0.09894918317191337,-0.0030777640163823783,-0.0022249770723563045,-0.002233000123583203,1.007272207277731,1.4138935457307828e-07,-0.006080205144061176,0.0237286238843016,0.0237286238843016,0.1767040546441544,0.9964070529409449,1.424175672663983e-07]"
/multi_agv/m2b_algorithm_state,1789558502.9070272,1789558502.9070272,m2b_algorithm_state_v1:header6+3x20,"[1.0,-0.15,0.52,2.4358383624442923,0.10125034283637924,1789558502.9069257,2.4344133724634567,0.10107525095981253,0.0036904376666666654,0.00153952385540053,0.0006970580024115768,0.0005697525088068891,0.004584685874999997,2.4359761210684043,0.10430606025637655,0.0015627486049476502,0.0032308092965640245,0.0032145548800956007,0.9900614216340696,3.456630301723296e-07,0.005167990636280163,-0.018480929742564912,-0.018480929742564912,0.14195251815846893,1.0050565061337327,3.42227631058757e-07,2.435394075693112,0.10150158076141473,0.002796189458333334,-0.0009435917327914574,0.0016674949490314006,0.0007536987914501247,-0.0017884964166666626,2.4319576808054864,0.09904836648650067,-0.0034363948876254824,-0.002453214274914059,-0.0024629416749833042,1.0080036864273545,-1.2240584099832004e-07,-0.006758435284515157,0.023932469167195602,0.023932469167195602,0.12046880191717226,0.9960504951586759,-1.2338553896654721e-07,2.4347072839737356,0.10117421177156681,0.0036904376666666654,0.0013229179648852475,0.0009827587567165846,0.0005150373110739299,0.0032930326916666636,2.4316591047155844,0.09917423338189568,-0.0030481792581511513,-0.001999978389671128,-0.002006449860476573,1.0065202800335937,1.1419708241755036e-07,-0.0058166739331655115,0.022717478661738608,0.022717478661738608,0.17670406814825562,0.9967746660741835,1.1494167937393217e-07]"
/multi_agv/m2b_algorithm_state,1789558502.9170322,1789558502.9170322,m2b_algorithm_state_v1:header6+3x20,"[1.0,-0.15,0.52,2.436842828750694,0.10125031018171128,1789558502.9168515,2.4354134912437395,0.10107524218407005,0.0036904376666666654,0.0015395723443753493,0.0006970558109276046,0.0005697326307093518,0.004584685874999997,2.4369080153873592,0.10318483235421214,0.0014945241436197243,0.0021095901701420894,0.00210260073423883,0.9934266637192937,1.4750548675400942e-07,0.003970755913763485,-0.013616257251421305,-0.013616257251421305,0.1419525190233558,1.003324185989971,1.4653588358632603e-07,2.4363941933853344,0.1015015821231631,0.002796189458333334,-0.0009436331736732365,0.001667492823126615,0.0007537178603515549,-0.0017884964166666626,2.43294323433791,0.09904836648650067,-0.00345095904742454,-0.002453215636662426,-0.0024629430474526165,1.0080036908469603,-1.2241135208777207e-07,-0.006776641856733292,0.023996491283955375,0.023996491283955375,0.1204688014270559,0.9960504930066282,-1.23391094706041e-07,2.4357074027038026,0.1011742042019046,0.0036904376666666654,0.0013229491262350462,0.000982757563932091,0.0005150244242471168,0.0032930326916666636,2.4326102115874453,0.09879028352805552,-0.003097191116357312,-0.0023839206738490715,-0.0023931419587047424,1.0078056382752982,1.6229619126630035e-07,-0.006264630854151382,0.024435271804304014,0.024435271804304014,0.17670406647245804,0.996146787355372,1.635630166287837e-07]"
/multi_agv/m2b_algorithm_state,1789558502.9269795,1789558502.9269795,m2b_algorithm_state_v1:header6+3x20,"[1.0,-0.15,0.52,2.4378422050432005,0.10125031103118144,1789558502.9267926,2.4364179490715094,0.10107516772900214,0.0036904376666666654,0.0015400853605125994,0.0006970086663810266,0.0005695347816409594,0.004584685874999997,2.4380074011593966,0.1029307699897017,0.0015894520878871887,0.001855602260699557,0.0018501840920023373,0.9942012759145484,1.1418485348204007e-07,0.0038369992018613235,-0.013009756025247234,-0.013009756025247234,0.14195252770242756,1.0029284484288026,1.1352272702196e-07,2.4373986698311016,0.10150162303329839,0.002796189458333334,-0.0009441788158139554,0.001667523241222213,0.0007539385547613298,-0.0017884964166666626,2.43436379969311,0.10134618364365612,-0.003034870137991863,-0.0001554393896422701,-0.00015547776981228838,1.0004941187455607,-4.909640660065257e-10,-0.0039490654423021175,0.013137213969516823,0.013137213969516823,0.12046879642455559,0.9997531468964046,-4.912066605549363e-10,2.4367118673494716,0.10117413978283331,0.0036904376666666654,0.0013232904930911339,0.0009827406528381665,0.0005148852514414962,0.0032930326916666636,2.4335031692013582,0.09841111457610964,-0.0032086981481134202,-0.0027630252067236682,-0.002775447926486322,1.0090855539383996,2.1812933161212415e-07,-0.006786320611628097,0.02640568237721018,0.02640568237721018,0.17670404954975905,0.9955240667122223,2.2011115742003315e-07]"
/multi_agv/m2b_algorithm_state,1789558502.9369583,1789558502.9369583,m2b_algorithm_state_v1:header6+3x20,"[1.0,-0.15,0.52,2.4388430100943146,0.10125030271179052,1789558502.9368603,2.437417327136406,0.10107517559070743,0.0036904376666666654,0.0015400140232559641,0.000697013370141341,0.0005695632566707326,0.004584685874999997,2.439174208183885,0.10426045481743039,0.0017568810474792862,0.003185279226722959,0.0031694742267913407,0.9901963504702405,3.361080060549884e-07,0.005365575536140449,-0.01916588589929858,-0.01916588589929858,0.1419525271973676,1.0049866314728229,3.32812920959479e-07,2.4383980439703583,0.1015016119752027,0.002796189458333334,-0.000944088652409047,0.0016675167814725889,0.0007539028320637658,-0.0017884964166666626,2.435437185569379,0.10131295642706908,-0.0029608584009794825,-0.00018865554813361773,-0.0001887120982096792,1.0005999343020677,-7.231615224378225e-10,-0.0038897850994340324,0.012940281960204272,0.012940281960204272,0.12046879668570927,0.9997003367743883,-7.235953718410685e-10,2.437711244022838,0.10117414552763421,0.0036904376666666654,0.0013232466624683234,0.0009827409514121975,0.0005149040949351579,0.0032930326916666636,2.4344767057838936,0.09861905027662456,-0.0032345382389444843,-0.002555095251009651,-0.0025657019881527,1.0083822281441004,1.8650280763397507e-07,-0.006608874786833306,0.02570810041660049,0.02570810041660049,0.17670405043185694,0.9958659512320502,1.8806611671707833e-07]"
/multi_agv/m2b_algorithm_state,1789558502.9469023,1789558502.9469023,m2b_algorithm_state_v1:header6+3x20,"[1.0,-0.15,0.52,2.439842655580047,0.1012503019864515,1789558502.9468522,2.4384181310924395,0.10107516113071392,0.0036904376666666654,0.001540101206168047,0.0006970035157647374,0.0005695305921858763,0.004584685874999997,2.440285403938717,0.10450190659215408,0.0018672728462774124,0.003426745461440159,0.003408486923173103,0.9894823553329377,3.8894804282086047e-07,0.005742577981019868,-0.02064643041069421,-0.02064643041069421,0.14195252926910956,1.0053567869493416,3.8485722551252133e-07,2.439398850337485,0.10150161485043517,0.002796189458333334,-0.0009441708680336313,0.0016675207295122618,0.0007539364159340062,-0.0017884964166666626,2.4363300154227865,0.09981740590853626,-0.0030688349146985594,-0.0016842089418989126,-0.0016887671830637316,1.0054473373799873,-5.769909867963483e-08,-0.005524810826436931,0.019304627717460037,0.019304627717460037,0.1204687954731593,0.997300846907417,-5.801340513666398e-08,2.4387120488530183,0.10117413215422241,0.0036904376666666654,0.0013233077806307269,0.0009827362984000223,0.0005148800228385987,0.0032930326916666636,2.4355061288319577,0.0989146949943849,-0.003205920021060571,-0.0022594371598375074,-0.0022677128047847964,1.007387703443631,1.4581680382071075e-07,-0.00627511283111051,0.02442755086887005,0.02442755086887005,0.17670404639100987,0.9963506644537051,1.4689405512443627e-07]"
/multi_agv/m2b_algorithm_state,1789558502.956996,1789558502.956996,m2b_algorithm_state_v1:header6+3x20,"[1.0,-0.15,0.52,2.4408443609383137,0.10125028811483229,1789558502.9568532,2.439417777825981,0.10107516507570503,0.0036904376666666654,0.0015400581198701429,0.0006970054955450777,0.0005695482384738296,0.004584685874999997,2.441273857985048,0.10386002703763192,0.0018560801590670195,0.002784861961926885,0.0027727440419376445,0.9913893201172262,2.5700178238867646e-07,0.005092844240771419,-0.017978858847001747,-0.017978858847001747,0.14195252928846094,1.0043703709415501,2.547888223112253e-07,2.440398494313538,0.10150160633290338,0.002796189458333334,-0.0009441115038730519,0.0016675162004733401,0.0007539130393556248,-0.0017884964166666626,2.437321044551957,0.09981740590853626,-0.003077449761581086,-0.0016842004243671216,-0.001688758619657535,1.005447309930848,-5.769488924638961e-08,-0.005535570821633892,0.0193426518030403,0.0193426518030403,0.12046879548896823,0.9973008603850456,-5.800917118954065e-08,2.439711694600622,0.1011741345507461,0.0036904376666666654,0.0013232826772752696,0.00098273562214235,0.0005148912558605354,0.0032930326916666636,2.4364846731621315,0.09887810460514501,-0.0032270214384904072,-0.0022960299456010885,-0.002304578172276291,1.0075104408532578,1.505789824032999e-07,-0.0063383549703893,0.024663401636104042,0.024663401636104042,0.17670404637632678,0.9962907629786498,1.5170989694438363e-07]"
/multi_agv/m2b_algorithm_state,1789558502.9669938,1789558502.9669938,m2b_algorithm_state_v1:header6+3x20,"[1.0,-0.15,0.52,2.441842798337634,0.10125029542361007,1789558502.9668279,2.440419480281231,0.10107513737796951,0.0036904376666666654,0.0015402393080093451,0.0006969863947971606,0.0005694796361130515,0.004584685874999997,2.4417552671341545,0.10294140592278728,0.0013357868529233485,0.0018662685448177646,0.0018607883490333883,0.9941686513706883,1.1551198003526115e-07,0.003530521915187574,-0.011919857867565515,-0.011919857867565515,0.14195253299132565,1.0029450935605992,1.1483838940881346e-07,2.4414002032125817,0.10150161724489834,0.002796189458333334,-0.0009442957777285668,0.001667526822804799,0.0007539873901981214,-0.0017884964166666626,2.43788009191096,0.10082524553782839,-0.0035201113016216645,-0.0006763717070699532,-0.0006771012787888674,1.0021628293303284,-9.30055493117151e-09,-0.005077240405815948,0.017340361107781158,0.017340361107781158,0.12046879334563555,0.9989225072499949,-9.320670444164978e-09,2.4407133993211274,0.10117410972162905,0.0036904376666666654,0.001323406602389467,0.0009827276791374304,0.0005148416707172103,0.0032930326916666636,2.436813363164237,0.09913528939127102,-0.0039000361568906072,-0.0020388203303580293,-0.0020455475861029847,1.0066498271635036,1.1872278994642816e-07,-0.006920592782216244,0.02662241858417535,0.02662241858417535,0.17670403919666033,0.9967112690065687,1.1951227597994084e-07]"
/multi_agv/m2b_algorithm_state,1789558502.9768832,1789558502.9768832,m2b_algorithm_state_v1:header6+3x20,"[1.0,-0.15,0.52,2.442837398571143,0.10125032668447842,1789558502.976779,2.4414179213730822,0.1010751609088215,0.0036904376666666654,0.0015400576420067091,0.0006970006751804364,0.0005695509528063079,0.004584685874999997,2.4428032880841366,0.10377301566645111,0.001385366711054381,0.0026978547576296114,0.002686474690330253,0.9916500267010713,2.4120949688220027e-07,0.004418183079148229,-0.015516157617303083,-0.015516157617303083,0.14195253081620568,1.0042360597478621,2.391954040237859e-07,2.442398636172136,0.1015015965114347,0.002796189458333334,-0.0009440857151689114,0.001667513503505802,0.0007539032634739096,-0.0017884964166666626,2.4390161083978694,0.10199927593796067,-0.0033825277742667303,0.0004976794265259682,0.0004972879236011046,0.9984296546810564,-5.030191314685243e-09,-0.0037308717942323086,0.012099390978403205,0.012099390978403205,0.12046879459942945,1.000787276155891,-5.0222921773008354e-09,2.4417118374676843,0.10117412885057399,0.0036904376666666654,0.0013232900211073268,0.0009827310601665095,0.0005148904454143673,0.0032930326916666636,2.4378789704071675,0.10043404027928254,-0.003832867060516776,-0.0007400885712914446,-0.0007409663697392909,1.0023787700959421,1.5628744461032223e-08,-0.00553205019538526,0.021242466354791174,0.021242466354791174,0.1767040433900113,0.9988153329439835,1.5665921650993247e-08]"
/multi_agv/m2b_algorithm_state,1789558502.9872892,1789558502.9872892,m2b_algorithm_state_v1:header6+3x20,"[1.0,-0.15,0.52,2.443842575428293,0.10125028965036768,1789558502.9872272,2.442412533036744,0.10107524039435671,0.0036904376666666654,0.0015394815723615454,0.0006970542536716801,0.0005697727862594425,0.004584685874999997,2.44391262076237,0.1043951773786175,0.0015000877256259315,0.0033199369842607934,0.0033027850057709292,0.9897976879706807,3.649625885530513e-07,0.005177894662803344,-0.018562980774161738,-0.018562980774161738,0.14195252175296447,1.0051931864956074,3.61239126345605e-07,2.443393222423487,0.10150154295338235,0.002796189458333334,-0.0009434483499032378,0.001667471557031952,0.0007536488067117347,-0.0017884964166666626,2.4399679897228284,0.1006322004457287,-0.0034252327006587535,-0.0008693425076536504,-0.000870549524381687,1.002785977725003,-1.5352796790357843e-08,-0.005152090400205129,0.017680092626732775,0.017680092626732775,0.12046879985666874,0.9986135002154024,-1.539556934023228e-08,2.442706440253198,0.10117419670569625,0.0036904376666666654,0.0013229088088612018,0.0009827484123950967,0.0005150466600880839,0.0032930326916666636,2.438959122349206,0.10070283772297568,-0.0037473179039921867,-0.00047135898272056276,-0.000471714327095351,1.0015104276663147,6.336571609346671e-09,-0.005155861707085584,0.0198072965886552,0.0198072965886552,0.17670406114506876,0.9992466958191066,6.346142542415013e-09]"
/multi_agv/m2b_algorithm_state,1789558502.997206,1789558502.997206,m2b_algorithm_state_v1:header6+3x20,"[1.0,-0.15,0.52,2.44484219751623,0.10125028927389845,1789558502.997057,2.443417700021417,0.10107515420727044,0.0036904376666666654,0.0015400802726767554,0.0006969999127764302,0.0005695415398384858,0.004584685874999997,2.444750434517104,0.10448831950401263,0.001332734495687049,0.003413165296742196,0.0033950493161943552,0.9895224018038471,3.8587015971181456e-07,0.0050609674358031665,-0.01819099890945788,-0.01819099890945788,0.14195253168911554,1.0053359992331858,3.8182716722246883e-07,2.4443984110662806,0.10150159222726332,0.002796189458333334,-0.0009440881138958737,0.0016675069139640009,0.0007539077306869396,-0.0017884964166666626,2.440968189868004,0.1006322004457287,-0.0034302211982768505,-0.0008693917815346258,-0.0008705989347383638,1.0027861353344678,-1.536494636782857e-08,-0.005158375432584427,0.01770171465996162,0.01770171465996162,0.12046879408186077,0.9986134221447207,-1.5407755187816178e-08,2.4437116151971803,0.10117412251656926,0.0036904376666666654,0.0013233058624529301,0.000982729149619322,0.0005148845725150247,0.0032930326916666636,2.4399090383057973,0.10014837439766722,-0.0038025768913829694,-0.0010257481189020479,-0.0010274379570030423,1.0033075889196659,3.00281401580566e-08,-0.005780659071231754,0.022229447161048705,0.022229447161048705,0.17670404169731355,0.9983552893977914,3.012746090172156e-08]"
/multi_agv/m2b_algorithm_state,1789558503.0072572,1789558503.0072572,m2b_algorithm_state_v1:header6+3x20,"[1.0,-0.15,0.52,2.445840791162698,0.10125029539650617,1789558503.0071719,2.4444173234222206,0.10107515831170988,0.0036904376666666654,0.0015400377601835495,0.0006970021487710198,0.0005695588041426251,0.004584685874999997,2.4457903848647704,0.10420213756754479,0.0013730614425497834,0.0031269792558349108,0.0031117407630781233,0.9903693452047923,3.2393654270690106e-07,0.0048280675662653524,-0.017206520016237535,-0.017206520016237535,0.14195253164842284,1.0048970958434575,3.2081682168853783e-07,2.4453980315455284,0.10150158430328317,0.002796189458333334,-0.0009440300867070428,0.0016675020878960112,0.0007538850881541326,-0.0017884964166666626,2.4414246992793522,0.1009059255813631,-0.003973332266176133,-0.0005956587219200643,-0.0005962242147803133,1.0019029929745433,-7.210854633729101e-09,-0.0055628895475004795,0.01903004999433572,0.01903004999433572,0.12046879411617938,0.9990515432848406,-7.224576839437541e-09,2.44471123758094,0.10117412520670233,0.0036904376666666654,0.0013232806052940987,0.0009827286049403309,0.0005148958037696234,0.0032930326916666636,2.440552680412643,0.10079306289848713,-0.004158557168297161,-0.00038106230821519094,-0.0003812943905593021,1.0012198337625005,4.14226329978026e-09,-0.005579490850930753,0.021274892514017416,0.021274892514017416,0.1767040417580447,0.9993913302952853,4.1473161724064986e-09]"
/multi_agv/m2b_algorithm_state,1789558503.0171802,1789558503.0171802,m2b_algorithm_state_v1:header6+3x20,"[1.0,-0.15,0.52,2.4468411089754185,0.10125029033170463,1789558503.0170362,2.4454159204690242,0.10107517755268472,0.0036904376666666654,0.0015398887406237434,0.0006970149727646199,0.0005696167275087978,0.004584685874999997,2.446753452110834,0.10411201991949669,0.0013375316418096084,0.0030368423668119676,0.00302245988390665,0.990637283642247,3.05521851140177e-07,0.0046943744361686605,-0.01668048510465768,-0.01668048510465768,0.1419525297639749,1.0047585355828537,3.026613367068559e-07,2.4463966210104093,0.101501567552707,0.002796189458333334,-0.0009438567284531497,0.0016674895431347814,0.0007538164686025361,-0.0017884964166666626,2.4424291158535296,0.1009059255813631,-0.003967505156879714,-0.0005956419713439021,-0.0005962074324565571,1.001902939529835,-7.209125454213648e-09,-0.005555588878556199,0.01900435439042767,0.01900435439042767,0.12046879521777933,0.9990515698364828,-7.22284398401601e-09,2.4457098320086597,0.10117414108412676,0.0036904376666666654,0.0013231838778933612,0.000982731815529437,0.0005149360612557679,0.0032930326916666636,2.441597066194384,0.10113397110297379,-0.004112765814275665,-4.016998115297099e-05,-4.017255353049527e-05,1.000128094061091,4.601651574286388e-11,-0.005181129821375077,0.01973164776287804,0.01973164776287804,0.1767040455170221,0.9999359667908009,4.602241018524264e-11]"
/multi_agv/m2b_algorithm_state,1789558503.0272374,1789558503.0272374,m2b_algorithm_state_v1:header6+3x20,"[1.0,-0.15,0.52,2.447842042327658,0.10125028147570714,1789558503.0270817,2.4464162382219077,0.1010751692830513,0.0036904376666666654,0.0015399353238661827,0.0006970102746678636,0.0005695989792769279,0.004584685874999997,2.4482670139984286,0.1049818825463258,0.0018507757765209298,0.0039067132632745055,0.00388306825690625,0.9880751780272922,5.05292192887599e-07,0.006196537977557412,-0.022533552647139247,-0.022533552647139247,0.1419525309754651,1.0060892584945427,4.992666734432152e-07,2.447396938800143,0.10150156821808308,0.002796189458333334,-0.0009438963043062795,0.001667489474172168,0.000753833659135339,-0.0017884964166666626,2.4437745278747607,0.10169927151038588,-0.00362241092538218,0.00019770329230280048,0.00019764136943184062,0.9993740469733783,-7.93812602526653e-10,-0.004330372287295885,0.014350618671898872,0.014350618671898872,0.12046879451437413,1.0003133092587746,-7.93315713125531e-10,2.446710149904206,0.10117413349397952,0.0036904376666666654,0.0013232162227632444,0.0009827291725774453,0.0005149234157257113,0.0032930326916666636,2.4428063249487537,0.10009539260232311,-0.003903824955452162,-0.00107874089165641,-0.0010806105897228295,1.0034805493915055,3.320989656878502e-08,-0.005960391784038032,0.022884711035247966,0.022884711035247966,0.17670404309702475,0.9982697762874053,3.3325485254079465e-08]"
/multi_agv/m2b_algorithm_state,1789558503.037403,1789558503.037403,m2b_algorithm_state_v1:header6+3x20,"[1.0,-0.15,0.52,2.4488376914235466,0.10125030636158576,1789558503.037332,2.447417170258803,0.10107515213128838,0.0036904376666666654,0.0015400447794962431,0.000696999185362123,0.0005695573028525855,0.004584685874999997,2.449397558491088,0.10552500239289934,0.0019803882322850797,0.00444985026161096,0.0044193002980189265,0.9865020317291119,6.553238924365378e-07,0.006894785588375276,-0.025340485803471438,-0.025340485803471438,0.14195253325520887,1.0069128507980616,6.464783513292744e-07,2.448397873683915,0.10150157414044236,0.002796189458333334,-0.0009440040986720723,0.0016674940687710915,0.00075387799420569,-0.0017884964166666626,2.4447911388107992,0.10169927151038588,-0.003606734873115691,0.00019769736994351694,0.00019763545078459768,0.999374065732481,-7.938556756284696e-10,-0.004310783140610016,0.01428092328534889,0.01428092328534889,0.12046879316133866,1.0003132998592785,-7.933587741576292e-10,2.447711083040256,0.10117411815539065,0.0036904376666666654,0.001323290854645894,0.000982724232612098,0.0005148936352340231,0.0032930326916666636,2.44372276976165,0.09918786391220348,-0.003988313278605826,-0.0019862542431871716,-0.0019926365506470357,1.0064745447330066,1.1266595561610337e-07,-0.006978028148904318,0.02680612186953286,0.02680612186953286,0.1767040385868686,0.9967970539043904,1.1339541638562676e-07]"
/multi_agv/m2b_algorithm_state,1789558503.0472696,1789558503.0472696,m2b_algorithm_state_v1:header6+3x20,"[1.0,-0.15,0.52,2.4498418477446258,0.10125027632427593,1789558503.0471928,2.4484128286668008,0.10107521577384437,0.0036904376666666654,0.0015395826745462356,0.0006970419863547405,0.000569735343248137,0.004584685874999997,2.4504744962574,0.10556786404721973,0.0020616675905991144,0.004492648273375352,0.004461518016234829,0.9863789482248133,6.677668974514536e-07,0.007038602504483722,-0.025882615287167312,-0.025882615287167312,0.14195252608715606,1.0069775034029325,6.586712099675115e-07,2.4493935113722536,0.10150153087392878,0.002796189458333334,-0.00094349135061207,0.0016674598461214885,0.0007536735370290426,-0.0017884964166666626,2.445704252547506,0.10169042789759314,-0.0036892588247474656,0.00018889702366435557,0.00018884049057602505,0.9994018685148045,-7.24363938834392e-10,-0.004422733040358307,0.01468261369655977,0.01468261369655977,0.12046879733398248,1.0002993695269382,-7.239306739558349e-10,2.448706734231585,0.10117417243698415,0.0036904376666666654,0.0013229853210999505,0.0009827378716310122,0.0005150189776068825,0.0032930326916666636,2.444714582821125,0.09958685830825194,-0.003992151410459943,-0.0015873141287322118,-0.0015913778895438008,1.0051509259727318,7.191717980719758e-08,-0.00658156715261873,0.0252649988317444,0.0252649988317444,0.17670405260793726,0.9974463885427277,7.22876198765521e-08]"
/multi_agv/m2b_algorithm_state,1789558503.057196,1789558503.057196,m2b_algorithm_state_v1:header6+3x20,"[1.0,-0.15,0.52,2.4508422526379587,0.1012502711939653,1789558503.0570977,2.4494169771637533,0.10107514617111137,0.0036904376666666654,0.0015400654477576462,0.0006969979763260523,0.0005695489728313213,0.004584685874999997,2.451635391002914,0.10488159609053999,0.002218413839160771,0.00380644991942862,0.0037839858641082833,0.9883678073091485,4.797670448761764e-07,0.006557003163059247,-0.023776298359324998,-0.023776298359324998,0.14195253420460038,1.0059366118497988,4.741863021634563e-07,2.4503976770145908,0.10150157032453667,0.002796189458333334,-0.0009440058314749943,0.0016674878098950074,0.000753882000782205,-0.0017884964166666626,2.4467150497061443,0.10169042789759314,-0.0036826273084464844,0.000188857573056464,0.00018880106359258278,0.9994019934849331,-7.244561240222739e-10,-0.004414483071965522,0.014652807914632011,0.014652807914632011,0.1204687926375536,1.0002993069149395,-7.240228945402284e-10,2.4497108890555332,0.10117411247717978,0.0036904376666666654,0.0013233057579182072,0.0009827220554053055,0.0005148883076646865,0.0032930326916666636,2.4460232772007577,0.10014475542020165,-0.0036876118547755077,-0.0010293570569781252,-0.001031058853435807,1.003319361917859,3.023988425247873e-08,-0.0056405736719051915,0.021735319804974847,0.021735319804974847,0.17670403677390126,0.9983494671986853,3.0340261372666875e-08]"
/multi_agv/m2b_algorithm_state,1789558503.0673735,1789558503.0673735,m2b_algorithm_state_v1:header6+3x20,"[1.0,-0.15,0.52,2.451843205241335,0.10125026270451343,1789558503.067276,2.4504173817725197,0.10107513828858128,0.0036904376666666654,0.0015401096015456115,0.0006969920794082532,0.0005695329012296245,0.004584685874999997,2.452686751619916,0.1052737512915499,0.002269369847396341,0.004198613002968615,0.0041713632251604545,0.9872271819592123,5.835541870210686e-07,0.0070080755344058806,-0.025611943399754797,-0.025611943399754797,0.14195253556322782,1.0065325833156409,5.761005555733087e-07,2.4513980822369787,0.1015015703607311,0.002796189458333334,-0.0009440427735371423,0.0016674887970600238,0.0007538975002973486,-0.0017884964166666626,2.448148673949721,0.1028239940812828,-0.0032494082872576158,0.0013224237205517048,0.0013196767174413128,0.9958663636145387,-3.54935487024494e-08,-0.002742083641630707,0.008237819584461029,0.008237819584461029,0.12046879184617643,1.002081572762546,-3.5346831278083816e-08,2.450711293904378,0.10117410493258357,0.0036904376666666654,0.0013233379383656928,0.0009827187206733704,0.0005148760932336149,0.0032930326916666636,2.4470086001696707,0.09947233664318164,-0.0037026937347071076,-0.0017017682894019254,-0.0017064432528014557,1.0055294692554757,8.26907549516677e-08,-0.00633481042118534,0.024435943223521474,0.024435943223521474,0.1767040341291154,0.9972604050021262,8.314799093888502e-08]"
/multi_agv/m2b_algorithm_state,1789558503.0773942,1789558503.0773942,m2b_algorithm_state_v1:header6+3x20,"[1.0,-0.15,0.52,2.452844689071993,0.10125025106367681,1789558503.0772731,2.4514183329854142,0.10107512252878595,0.0036904376666666654,0.0015402095042870733,0.0006969805372889935,0.0005694956011138281,0.004584685874999997,2.45385435099266,0.1064947503000982,0.0024360180072457993,0.0054196277713122465,0.005374645022066288,0.9837435864508832,9.714349657503806e-07,0.008419667531123536,-0.03138095269542404,-0.03138095269542404,0.1419525379311718,1.008369436318357,9.556429172110704e-07,2.452399036539169,0.10150157505841689,0.002796189458333334,-0.0009441401573460572,0.0016674938935032912,0.0007539370617104246,-0.0017884964166666626,2.4491714948603978,0.1028239940812828,-0.00322754167877104,0.0013224190228659088,0.0013196720393498973,0.9958663783421531,-3.549695724474043e-08,-0.0027147550591139023,0.008140259314780693,0.008140259314780693,0.12046879048512055,1.0020815652935746,-3.535022625348591e-08,2.45171224619942,0.10117409052633741,0.0036904376666666654,0.0013234075597848677,0.0009827133510211146,0.0005148487080810049,0.0032930326916666636,2.4479426053261424,0.09885846386009711,-0.003769640873277691,-0.0023156266662403002,-0.002324322722464092,1.007576216484683,1.5317680899512047e-07,-0.007036373814061206,0.02712785189361105,0.02712785189361105,0.176704029528814,0.996258670906692,1.5433730966050046e-07]"
/multi_agv/m2b_algorithm_state,1789558503.0874035,1789558503.0874035,m2b_algorithm_state_v1:header6+3x20,"[1.0,-0.15,0.52,2.453842710940054,0.10125026176001678,1789558503.0872822,2.452419814349016,0.10107509967071066,0.0036904376666666654,0.001540359350849361,0.0006969634749651725,0.0005694395237490459,0.004584685874999997,2.4549895483368545,0.10687636051570465,0.0025697339878383296,0.005801260844993994,0.005749870004257939,0.9826756691197743,1.1128256568624395e-06,0.00896203748905585,-0.033558682360194714,-0.033558682360194714,0.14195254121616266,1.0089377395833292,1.09354669697095e-06,2.4534005234277187,0.10150158368992483,0.002796189458333334,-0.0009442914703967518,0.0016675030671771118,0.0007539978787440699,-0.0017884964166666626,2.4498428315780854,0.10233430915028979,-0.003557691849633393,0.0008327254603649609,0.000831632169299355,0.997382480721498,-1.4082496856254781e-08,-0.0036154826427423864,0.011552472446418306,0.011552472446418306,0.12046878855901041,1.0013146329663112,-1.404563564924409e-08,2.4527137294392443,0.10117406983039494,0.0036904376666666654,0.0013235112050917013,0.000982705899159009,0.0005148076579742401,0.0032930326916666636,2.4489177912009983,0.09967380876343765,-0.003795938238245977,-0.0015002610669572897,-0.0015038889367218107,1.0048636646864628,6.426698525119616e-08,-0.006248811734529282,0.02405920762468836,0.02405920762468836,0.1767040230874889,0.9975876744113638,6.457955831786783e-08]"
/multi_agv/m2b_algorithm_state,1789558503.0974357,1789558503.0974357,m2b_algorithm_state_v1:header6+3x20,"[1.0,-0.15,0.52,2.454842257509928,0.10125026240366714,1789558503.0972104,2.4534178407427745,0.10107513063925405,0.0036904376666666654,0.0015401280762499243,0.0006969818201395305,0.0005695302294219242,0.004584685874999997,2.455700281195452,0.10572465203068152,0.002282440452677559,0.004649521391427464,0.004616218990425222,0.9859288112479194,7.153795556860606e-07,0.00746926955627217,-0.027520798510572084,-0.027520798510572084,0.14195253830232704,1.0072142160220987,7.053133149286225e-07,2.454398539872768,0.10150155923926181,0.002796189458333334,-0.0009440286962360319,0.001667486798142992,0.0007538924377350625,-0.0017884964166666626,2.450864955458629,0.10233430915028979,-0.0035335844141393125,0.0008327499110279829,0.0008316565555976578,0.9973824037227531,-1.4079406122191885e-08,-0.003585323962076483,0.01144534916055801,0.01144534916055801,0.12046879025852687,1.0013146718112975,-1.4042551921140587e-08,2.453711752204619,0.1011740954015345,0.0036904376666666654,0.001323361863908998,0.0009827105292705479,0.0005148699830944841,0.0032930326916666636,2.449815599536522,0.10040598049315433,-0.0038961526680969527,-0.0007681149083801769,-0.0007690606486235577,1.0024696350344955,1.6836084816927007e-08,-0.005639251483744749,0.021632635144797862,0.021632635144797862,0.17670402878700628,0.9987702657195199,1.6877663801834626e-08]"
/multi_agv/m2b_algorithm_state,1789558503.10704,1789558503.10704,m2b_algorithm_state_v1:header6+3x20,"[1.0,-0.15,0.52,2.455842655975687,0.10125025757860591,1789558503.106935,2.4544173888126566,0.10107513635882595,0.0036904376666666654,0.0015400767925923841,0.0006969848569558395,0.0005695508791237116,0.004584685874999997,2.456699852945115,0.10534307782981726,0.0022824641324583617,0.004267941470991313,0.004239799219069464,0.9870266422116704,6.029391516461181e-07,0.007092879384642416,-0.025955183624651327,-0.025955183624651327,0.14195253811182265,1.0066376378851323,5.951170063072211e-07,2.4553980846080736,0.1015015512192428,0.002796189458333334,-0.0009439621309367081,0.0016674812944366124,0.0007538664467269668,-0.0017884964166666626,2.4518554747157704,0.10195209957226312,-0.003542609892303261,0.00045054835302031637,0.00045022737602912937,0.9985776052506239,-4.122168149279921e-09,-0.0039780349893499475,0.012997418408035488,0.012997418408035488,0.12046879035584566,1.000712921977375,-4.11630479894834e-09,2.454711299109054,0.10117409963293268,0.0036904376666666654,0.0013233303853955694,0.0009827102089258188,0.0005148837943815066,0.0032930326916666636,2.450795401835064,0.09904098026235467,-0.003915897273989888,-0.0021331193705780155,-0.002140488544338804,1.0069647808876905,1.2995967926286678e-07,-0.007035360136826164,0.027060004619416617,0.027060004619416617,0.17670402906578103,0.9965572468115848,1.308648199531672e-07]"
/multi_agv/m2b_algorithm_state,1789558503.1171203,1789558503.1171203,m2b_algorithm_state_v1:header6+3x20,"[1.0,-0.15,0.52,2.456844038167434,0.10125024661190814,1789558503.1170363,2.4554177870698473,0.1010751286888715,0.0036904376666666654,0.0015401207242210025,0.0006969792263454618,0.0005695347653041304,0.004584685874999997,2.4577775639238255,0.10585166657434582,0.002359776853978257,0.004776537885474316,0.004741425131681293,0.9855655971930088,7.549192868147902e-07,0.0076911461991541145,-0.028391241284733353,-0.028391241284733353,0.1419525394483893,1.007405527413774,7.44022477742139e-07,2.456398483301445,0.10150155162989538,0.002796189458333334,-0.0009439991867740702,0.0016674819772730665,0.0007538821538684015,-0.0017884964166666626,2.452867808700186,0.10195209957226312,-0.0035306746012593315,0.000450547942367735,0.00045022696596244856,0.9985776065483606,-4.12232244649361e-09,-0.003963116285611716,0.012944336158882668,0.012944336158882668,0.12046878957483234,1.0007129213253594,-4.116458882040171e-09,2.45571169755577,0.10117409241705086,0.0036904376666666654,0.001323361862036437,0.0009827069592558638,0.0005148718407820192,0.0032930326916666636,2.4516645471696235,0.09781562523741692,-0.0040471503861465585,-0.0033584671796339366,-0.0033769034725382604,1.0111175269267156,3.224158981030249e-07,-0.008435841455221459,0.032399251659153805,0.032399251659153805,0.17670402646467534,0.9945404738233556,3.260003655317865e-07]"
/multi_agv/m2b_algorithm_state,1789558503.1272418,1789558503.1272418,m2b_algorithm_state_v1:header6+3x20,"[1.0,-0.15,0.52,2.4578445965477784,0.10125024121419164,1789558503.1271503,2.456419167060979,0.10107510652319544,0.0036904376666666654,0.0015402671985904376,0.0006969634598706694,0.0005694794756181481,0.004584685874999997,2.459286633652782,0.10660741993725438,0.002867466591802703,0.005532313414058937,0.005485480957585818,0.9834272273811425,1.0121968911716157e-06,0.009069814197339196,-0.03379567117857773,-0.03379567117857773,0.14195254259650752,1.0085375296779318,9.95421982248714e-07,2.4573998681732374,0.10150156069652962,0.002796189458333334,-0.0009441474853419396,0.0016674900174105112,0.0007539422538644508,-0.0017884964166666626,2.4541194510873705,0.10244955879230132,-0.0032804170858669046,0.0009479980957717016,0.0009465824085273684,0.9970240551209346,-1.8246887229699425e-08,-0.0031539389488062625,0.009861685964944278,0.009861685964944278,0.12046878776291617,1.001495577386163,-1.819258549908932e-08,2.456713079268085,0.10117407261599934,0.0036904376666666654,0.0013234620022094762,0.0009827001147302292,0.0005148319941124056,0.0032930326916666636,2.4529328311580825,0.098414144674693,-0.0037802481100026597,-0.002759927941306334,-0.0027723225481052004,1.0090750618757365,2.1766841113127438e-07,-0.007497632685608525,0.028904688067989924,0.028904688067989924,0.17670402035006888,0.9955291613498084,2.1964376543068393e-07]"
/multi_agv/m2b_algorithm_state,1789558503.137323,1789558503.137323,m2b_algorithm_state_v1:header6+3x20,"[1.0,-0.15,0.52,2.458842783394067,0.10125025101698497,1789558503.137254,2.4574197249003773,0.10107509826548043,0.0036904376666666654,0.0015403148317449668,0.0006969560495824643,0.0005694626830326814,0.004584685874999997,2.460346995487962,0.10614208099041446,0.002927270587584907,0.005066982724934027,0.005027557406132185,0.9847391975058063,8.494285182892292e-07,0.008686645640613319,-0.03214684442128617,-0.03214684442128617,0.14195254423769554,1.0078418435866596,8.364655574386817e-07,2.458400427269709,0.10150156079318452,0.002796189458333334,-0.0009441880900275417,0.0016674921657915398,0.000753958736978616,-0.0017884964166666626,2.4551334762279353,0.10244955879230132,-0.003266951041773769,0.0009479979991167953,0.0009465823121619641,0.9970240554249942,-1.8247668240713647e-08,-0.003137106490055247,0.009801691613872869,0.009801691613872869,0.12046878681454261,1.0014955772325789,-1.819336419140619e-08,2.4577136374732493,0.10117406458391,0.0036904376666666654,0.0013234973878202042,0.0009826959443924206,0.0005148188250106234,0.0032930326916666636,2.453986192411474,0.09951677727234036,-0.0037274450617754695,-0.0016572873115696385,-0.001661719596142944,1.0053822438936622,7.843161787058853e-08,-0.006321025923362281,0.024371302944712975,0.024371302944712975,0.17670401715288062,0.9973327120992053,7.885375596694255e-08]"
/multi_agv/m2b_algorithm_state,1789558503.147396,1789558503.147396,m2b_algorithm_state_v1:header6+3x20,"[1.0,-0.15,0.52,2.4598430238198223,0.10125024743745074,1789558503.1473022,2.458417916002702,0.10107512632421099,0.0036904376666666654,0.0015401056749985544,0.0006969729432369394,0.0005695445565470469,0.004584685874999997,2.4613113525706356,0.10450500456944681,0.002893436567933616,0.003429878245235815,0.0034115867342799397,0.9894731136280365,3.89659784613085e-07,0.00702838244419696,-0.025266822874720474,-0.025266822874720474,0.14195254159777623,1.0053615846175272,3.855578803367393e-07,2.4593986089878204,0.10150153884924287,0.002796189458333334,-0.0009439499104099127,0.0016674767812601132,0.0007538634967736851,-0.0017884964166666626,2.4559344766401954,0.09990822752770291,-0.003464132347624993,-0.0015933113215399614,-0.0015973880235403283,1.0051480594696511,-5.162386159643525e-08,-0.00592755345807157,0.02069241934326726,0.02069241934326726,0.12046878833318417,0.9974478949758672,-5.188962430598674e-08,2.4587118251916786,0.10117408787750107,0.0036904376666666654,0.0013233618303518041,0.0009827001595732248,0.0005148753912659456,0.0032930326916666636,2.455107404953053,0.10046390874423172,-0.0036044202386258384,-0.0007101791332693452,-0.0007109872338493059,1.0022818655041088,1.4391538087380063e-08,-0.005216512532131604,0.020113926736715675,0.020113926736715675,0.17670402224084727,0.9988634105628232,1.4424377641692724e-08]"
/multi_agv/m2b_algorithm_state,1789558503.1572242,1789558503.1572242,m2b_algorithm_state_v1:header6+3x20,"[1.0,-0.15,0.52,2.4608451333720938,0.10125023203373411,1789558503.1571302,2.4594181565803286,0.10107512133133348,0.0036904376666666654,0.0015401315662000466,0.0006969690580072904,0.0005695353546492808,0.004584685874999997,2.462114231922411,0.10357079862175009,0.0026960753420826045,0.002495677290416609,0.0024859239955280807,0.9922578761485494,2.0645304120091946e-07,0.005856018173131337,-0.020561486488397025,-0.020561486488397025,0.14195254266675444,1.0039234083206379,2.0485465618643331e-07,2.460398849202177,0.10150153794134725,0.002796189458333334,-0.0009439676398901582,0.001667476147062974,0.0007538715116895273,-0.0017884964166666626,2.456928560007308,0.09990822752770291,-0.003470289194869025,-0.0015933104136443416,-0.0015973871110207172,1.0051480565462492,-5.1624772557643645e-08,-0.005935248604606999,0.020719563504417754,0.020719563504417754,0.12046878770648192,0.9974478964126795,-5.1890539805957646e-08,2.4597120656769627,0.1011740830396715,0.0036904376666666654,0.0013233810721531565,0.0009826974870609465,0.0005148684407811363,0.0032930326916666636,2.455871476236665,0.10014120084638226,-0.003840589440297748,-0.0010328821932892446,-0.0010345957118991775,1.0033308633417468,3.044916821344149e-08,-0.005835332512271363,0.022425557782484187,0.022425557782484187,0.17670402017630135,0.9983437795167472,3.055059023163032e-08]"
/multi_agv/m2b_algorithm_state,1789558503.1674542,1789558503.1674542,m2b_algorithm_state_v1:header6+3x20,"[1.0,-0.15,0.52,2.4618424371761036,0.10125024763701056,1789558503.1672604,2.460420262499059,0.10107508822473504,0.0036904376666666654,0.0015403563808756983,0.0006969459446607644,0.0005694499291611752,0.004584685874999997,2.463130115646222,0.10373295038946775,0.0027098531471629883,0.0026578621647327105,0.0026468136241489877,0.9917700298636375,2.3416376469140432e-07,0.006034130058102723,-0.021285078702868027,-0.021285078702868027,0.14195254706719346,1.0041742797766031,2.3223660390097585e-07,2.461400963178806,0.10150155399461569,0.002796189458333334,-0.0009442012807964707,0.0016674894201367252,0.000753965882644772,-0.0017884964166666626,2.457985423502704,0.10144115356150081,-0.003415539676101975,-6.0400433114879415e-05,-6.040622410278868e-05,1.00019179705184,-7.41291963456847e-11,-0.004329830819230258,0.014450593648521515,0.014450593648521515,0.12046878513043248,0.999904132595684,-7.414341410699906e-11,2.460714174438416,0.10117405388185156,0.0036904376666666654,0.0013235330919225624,0.000982688086008432,0.0005148074361326039,0.0032930326916666636,2.4567749899171223,0.0998418229628525,-0.003939184521293715,-0.001332230918999061,-0.0013350880289899252,1.004310754510592,5.06723680410877e-08,-0.0062590686806070685,0.02403406479721132,0.02403406479721132,0.17670401148392578,0.9978599838146811,5.08908041801832e-08]"
/multi_agv/m2b_algorithm_state,1789558503.1773117,1789558503.1773117,m2b_algorithm_state_v1:header6+3x20,"[1.0,-0.15,0.52,2.462841913014456,0.10125024894746448,1789558503.177203,2.461417572356052,0.10107512999420562,0.0036904376666666654,0.0015400508288749338,0.0006969719021815194,0.0005695688714607651,0.004584685874999997,2.464253657833788,0.10442750873271385,0.002836085477736283,0.00335237873850823,0.0033348941975936915,0.9897018133862947,3.722586266889381e-07,0.006880001044764045,-0.024691890126401394,-0.024691890126401394,0.1419525428802025,1.0052429072344047,3.684250378827337e-07,2.4623982596689573,0.10150152389427068,0.002796189458333334,-0.0009438586374413277,0.0016674674785619459,0.0007538287717803877,-0.0017884964166666626,2.458979508548443,0.1002533359449094,-0.003418751120514152,-0.0012481879493612819,-0.0012506833217786667,1.0040172503006464,-3.167133455670305e-08,-0.005524122222421357,0.019138996357747937,0.019138996357747937,0.12046878758607073,0.9980047927609399,-3.1798566234972835e-08,2.461711479503301,0.10117408902255536,0.0036904376666666654,0.0013233333364976482,0.000982695404230527,0.000514890215625439,0.0032930326916666636,2.4578320076672777,0.10122502855840014,-0.0038794718360231073,5.0939535844785055e-05,5.093540210965455e-05,0.9998377315695356,7.400171437250318e-11,-0.004798404392919229,0.018337818517122656,0.018337818517122656,0.17670401973392233,1.000081156424791,7.398970623046028e-11]"
/multi_agv/m2b_algorithm_state,1789558503.1872413,1789558503.1872413,m2b_algorithm_state_v1:header6+3x20,"[1.0,-0.15,0.52,2.4638431312357647,0.10125023911039582,1789558503.1871164,2.462417049921939,0.10107513605021906,0.0036904376666666654,0.0015399996416151428,0.0006969759938006519,0.0005695889307344712,0.004584685874999997,2.4652942921334926,0.103844362550636,0.002877242211553721,0.0027692265004169436,0.0027572428417017175,0.9914361274354064,2.541174329149824e-07,0.006353795606143868,-0.022490262864988182,-0.022490262864988182,0.1419525425904969,1.0043462471038025,2.5194120360305685e-07,2.463397733336594,0.10150151688069697,0.002796189458333334,-0.0009437932126091543,0.0016674609664137918,0.0007538037996974861,-0.0017884964166666626,2.4594806058140652,0.09858097971565433,-0.003917127522528929,-0.002920537165042647,-0.00293437224152344,1.0095785856673751,-1.73572550051366e-07,-0.007830781644684601,0.02786441998224421,0.02786441998224421,0.12046878777027074,0.9952851665221555,-1.7523512959153778e-07,2.4627109557848357,0.1011740939114774,0.0036904376666666654,0.0013233004486749816,0.0009826956136445462,0.0005149043622474044,0.0032930326916666636,2.458907627172521,0.10068676017565734,-0.0038033286123146937,-0.0004873337358200641,-0.00048771362053278393,1.001561901855604,6.7754367146228845e-09,-0.005241874385926151,0.020118625105261554,0.020118625105261554,0.17670402035304705,0.9992210906221876,6.786019281799981e-09]"
/multi_agv/m2b_algorithm_state,1789558503.1972537,1789558503.1972537,m2b_algorithm_state_v1:header6+3x20,"[1.0,-0.15,0.52,2.464839715200663,0.10125025897603973,1789558503.1971316,2.4634182663496595,0.10107511521528896,0.0036904376666666654,0.0015401391354849764,0.0006969622367473775,0.0005695356216185385,0.004584685874999997,2.4660149834211538,0.10265145857601611,0.0025967170714942256,0.0015763433607271504,0.0015724250057296912,0.9950582373786594,8.242235639408969e-08,0.004818321345097474,-0.016372463488447665,-0.016372463488447665,0.1419525453936677,1.0024919185227794,8.201504467409857e-08,2.464398953665131,0.10150152644235869,0.002796189458333334,-0.0009439350569120531,0.0016674672880987451,0.0007538619958885884,-0.0017884964166666626,2.4604664308912736,0.09858097971565433,-0.003932522773857361,-0.0029205467267043594,-0.002934381892997166,1.0095786168339596,-1.7359976671255394e-07,-0.007850035360318867,0.027931911707497932,0.027931911707497932,0.12046878611654144,0.99528515142292,-1.7526261236035825e-07,2.4637121736925036,0.10117407567353982,0.0036904376666666654,0.0013233942328213528,0.0009826897017176876,0.0005148667855827092,0.0032930326916666636,2.4597087514143556,0.10020054085193728,-0.004003422278147983,-0.000973534821602548,-0.0009750564051776576,1.003137374868363,2.7049768544380064e-08,-0.005979334252862636,0.022912895366895558,0.022912895366895558,0.17670401479758352,0.998439491739114,2.7134633808406236e-08]"
/multi_agv/m2b_algorithm_state,1789558503.2072823,1789558503.2072823,m2b_algorithm_state_v1:header6+3x20,"[1.0,-0.15,0.52,2.465842434364379,0.10125023920360389,1789558503.2072136,2.4644148578431895,0.1010751657360005,0.0036904376666666654,0.001539773597030333,0.0006969957493556218,0.0005696766357985159,0.004584685874999997,2.467045598008821,0.10265145857601611,0.0026307401656313623,0.0015762928400156057,0.0015723747373657237,0.9950583963159626,8.239749631534578e-08,0.0048607999444049265,-0.016524435998264905,-0.016524435998264905,0.14195253989208684,1.0024918377005003,8.19903205439984e-08,2.4653955284068463,0.10150149235653971,0.002796189458333334,-0.0009435284568119497,0.0016674396185494267,0.0007537001414999467,-0.0017884964166666626,2.4614725688733983,0.09874877079549965,-0.003922959533448012,-0.0027527215610400613,-0.0027649968451979247,1.0090111750406887,-1.5413856668348104e-07,-0.007668696262007939,0.027238038153058145,0.027238038153058145,0.1204687893082248,0.9955604708268718,-1.5552753628838677e-07,2.4647087593519537,0.10117411883557897,0.0036904376666666654,0.0013231524951287858,0.0009827000208308964,0.0005149662018283669,0.0032930326916666636,2.460714758932677,0.10020054085193728,-0.0039940004192766665,-0.0009735779836416991,-0.0009750997017502755,1.0031375136733074,2.7047221067366702e-08,-0.005967600225846108,0.022871158773668892,0.022871158773668892,0.17670402555228434,0.9984394230601804,2.7132082093290532e-08]"
/multi_agv/m2b_algorithm_state,1789558503.2172916,1789558503.2172916,m2b_algorithm_state_v1:header6+3x20,"[1.0,-0.15,0.52,2.4668432112494134,0.10125023245023242,1789558503.217192,2.4654175721864022,0.10107511990837634,0.0036904376666666654,0.001540091515456732,0.0006969667193712495,0.0005695539312474126,0.004584685874999997,2.4684928672271877,0.10348344408769505,0.0030752950407855195,0.002408324179318716,0.0023992356771528212,0.9925213952757296,1.9226115236282532e-07,0.006243354478134721,-0.02190198790421434,-0.02190198790421434,0.14195254541967106,1.0037880822848884,1.90823307200471e-07,2.4663982532700066,0.10150151825129025,0.002796189458333334,-0.000943865036397107,0.0016674567168828425,0.0007538371430590718,-0.0017884964166666626,2.4629195280820073,0.09979952960775307,-0.0034787251879992986,-0.0017019886435371834,-0.0017066442638076808,1.0055059557421093,-5.890539281816303e-08,-0.006055050748806804,0.021182478329942106,0.021182478329942106,0.12046878610851354,0.9972720616889953,-5.92297233039914e-08,2.465711477636728,0.1011740794511451,0.0036904376666666654,0.0013233632767957978,0.0009826891757977801,0.0005148804773141545,0.0032930326916666636,2.4616165302749335,0.10113720301176266,-0.00409494736179461,-3.687643938243834e-05,-3.687860718119916e-05,1.0001175873207429,3.8785235662522445e-11,-0.005155562809424461,0.01963980938387427,0.01963980938387427,0.17670401478274267,0.9999412179871608,3.878979631446838e-11]"
/multi_agv/m2b_algorithm_state,1789558503.2271743,1789558503.2271743,m2b_algorithm_state_v1:header6+3x20,"[1.0,-0.15,0.52,2.467846704215536,0.10125020855118656,1789558503.2270494,2.466418348134638,0.10107510665761149,0.0036904376666666654,0.001540177692199269,0.0006969573121805791,0.0005695214703170858,0.004584685874999997,2.469575403020066,0.10340186044515545,0.0031570548854280567,0.0023267537875439614,0.00231826526377253,0.992767953404948,1.794788999768439e-07,0.006264583870557601,-0.02193443255037679,-0.02193443255037679,0.14195254744874405,1.003661584333804,1.7818090020938266e-07,2.467399031253792,0.10150152308263233,0.002796189458333334,-0.0009439491695644011,0.0016674600131354467,0.0007538718971997205,-0.0017884964166666626,2.4637815697325682,0.09839131655694792,-0.003617461521223664,-0.003110206525684403,-0.0031259193804002864,1.0102224187303062,-1.9690585689787116e-07,-0.007647746281929866,0.027286009586162605,0.027286009586162605,0.12046878493093963,0.9949733653355222,-1.9891871101753095e-07,2.4667122543598103,0.10117406761045344,0.0036904376666666654,0.001323422323706253,0.0009826846499753523,0.0005148572368894144,0.0032930326916666636,2.4631501503847932,0.09997125633796555,-0.0035621039750171057,-0.0012028112724878914,-0.0012051379649712533,1.0038863050981783,4.129834679103534e-08,-0.0056577679337426355,0.021861167648949544,0.021861167648949544,0.17670401078118095,0.9980693559152646,4.145884476671568e-08]"
/multi_agv/m2b_algorithm_state,1789558503.2370353,1789558503.2370353,m2b_algorithm_state_v1:header6+3x20,"[1.0,-0.15,0.52,2.468838663586519,0.1012502583958184,1789558503.23695,2.4674218346436794,0.10107505294456294,0.0036904376666666654,0.0015405497794207215,0.000696919856215672,0.0005693796685913771,0.004584685874999997,2.470522827657675,0.1024460406672045,0.003100993013995801,0.0013709877226415618,0.0013680191671215113,0.9956919456689141,6.237229696159602e-08,0.005244260434616262,-0.017785944825858553,-0.017785944825858553,0.14195255435172954,1.0021699663216683,6.210359371753084e-08,2.4684025321028917,0.10150155204493715,0.002796189458333334,-0.0009443434005877369,0.0016674836620675926,0.0007540304812517218,-0.0017884964166666626,2.4647658959448844,0.09839131655694792,-0.003636636158007356,-0.0031102354879892213,-0.003125948632667989,1.0102225132991032,-1.9699173883304528e-07,-0.007671743830177184,0.027369859136250924,0.027369859136250924,0.12046878090280787,0.9949733196142265,-1.9900548950307955e-07,2.4677157459000365,0.10117402066405963,0.0036904376666666654,0.0013236726636933279,0.0009826702271965582,0.0005147562263585919,0.0032930326916666636,2.464052994621379,0.09891514830235094,-0.003662751278657339,-0.002258872361708686,-0.0022671438469994342,1.0073858208067257,1.4578411988492363e-07,-0.006845582945321108,0.026436379438415307,0.026436379438415307,0.17670399721915805,0.9963515833802538,1.468608552708599e-07]"
/multi_agv/m2b_algorithm_state,1789558503.2469652,1789558503.2469652,m2b_algorithm_state_v1:header6+3x20,"[1.0,-0.15,0.52,2.469839120338473,0.10125025300807593,1789558503.2468472,2.4684138107242752,0.1010751766165975,0.0036904376666666654,0.0015396658413877034,0.0006969998343513417,0.0005697212184782474,0.004584685874999997,2.4714463533601774,0.10113921543662763,0.0030325426359021357,6.40388200301295e-05,6.40322788348756e-05,0.9997957609770132,1.3613477772994285e-10,0.0038547105737125453,-0.012176490696120961,-0.012176490696120961,0.1419525405643137,1.0001021546534488,1.3610697369594475e-10,2.4693944712111393,0.10150147225654288,0.002796189458333334,-0.0009433732678665926,0.001667422873860236,0.0007536415821734338,-0.0017884964166666626,2.465942456452873,0.10053908090340002,-0.0034520147582663974,-0.0009623913531428552,-0.0009638716229339817,1.003087425139507,-1.881491491672426e-08,-0.005278890070766979,0.01816430228578228,0.01816430228578228,0.12046878893964703,0.9984642459058805,-1.8873004558035838e-08,2.468707708824143,0.10117412631431483,0.0036904376666666654,0.0013230886647902233,0.0009826960785336292,0.0005149959202504456,0.0032930326916666636,2.464866965257997,0.09875518534323226,-0.0038407435661462763,-0.00241894097108257,-0.002428437683791222,1.0079234313748235,1.6712107041635348e-07,-0.007229367141474067,0.027842951610988192,0.027842951610988192,0.17670402430134546,0.9960893735210756,1.6844524274908452e-07]"
/multi_agv/m2b_algorithm_state,1789558503.257038,1789558503.257038,m2b_algorithm_state_v1:header6+3x20,"[1.0,-0.15,0.52,2.4708405736785317,0.10125024144598399,1789558503.25693,2.4694142672641197,0.10107516412398437,0.0036904376666666654,0.0015397495626812462,0.0006969942206604953,0.00056968784871754,0.004584685874999997,2.4724626017055895,0.102365976269944,0.003048334441469791,0.0012908121459596217,0.0012881790471947411,0.9959401824979852,5.5265007139436126e-08,0.00509859709903198,-0.017225712414643195,-0.017225712414643195,0.14195254202215513,1.0020440471925192,5.504064129620247e-08,2.4703949279733513,0.10150147889121987,0.002796189458333334,-0.0009434565117078394,0.001667422904635174,0.000753677649431822,-0.0017884964166666626,2.4669451647786893,0.10053908090340002,-0.003449763194661948,-0.0009623979878198435,-0.0009638782779623755,1.0030874463796093,-1.8816834111538482e-08,-0.005276082271289811,0.018154288002338422,0.018154288002338422,0.12046878808164754,0.9984642353953018,-1.8874930077891862e-08,2.4697081657779476,0.10117411600902354,0.0036904376666666654,0.0013231421586829815,0.0009826935812671028,0.0005149740317003035,0.0032930326916666636,2.4659892181569596,0.10083003264078849,-0.0037189476209880112,-0.0003440833682350486,-0.00034427253996056857,1.0011009980655734,3.376886612372882e-09,-0.004992957066195583,0.019181117448625214,0.019181117448625214,0.17670402144436212,0.9994505175302636,3.3806045580007654e-09]"
/multi_agv/m2b_algorithm_state,1789558503.2670736,1789558503.2670736,m2b_algorithm_state_v1:header6+3x20,"[1.0,-0.15,0.52,2.471841113624911,0.10125023607329774,1789558503.266911,2.4704157183336872,0.10107513731851352,0.0036904376666666654,0.0015399343349048154,0.0006969781739265988,0.0005696161043036936,0.004584685874999997,2.47349032099581,0.102365976269944,0.003074602662122672,0.0012908389514304786,0.001288205742880924,0.9959400979484594,5.527394034733863e-08,0.005131459070534264,-0.017342731046658778,-0.017342731046658778,0.14195254525954776,1.002044090056349,5.504953356352573e-08,2.4713963838785316,0.10150149385991702,0.002796189458333334,-0.0009436493651544522,0.001667430599999964,0.0007537572417991301,-0.0017884964166666626,2.467981775999874,0.10150105913340576,-0.0034146078786574385,-4.347265112614185e-07,-4.3472681111407596e-07,1.0000013795024845,-3.837685635608243e-15,-0.004268694575132913,0.014210388743003666,0.014210388743003666,0.12046878620897579,0.9999993102503693,-3.837690929705112e-15,2.470709618823376,0.1011740931595214,0.0036904376666666654,0.0013232638742181053,0.0009826873267321902,0.0005149245260995952,0.0032930326916666636,2.467001517099972,0.10083003264078849,-0.003708101723403967,-0.000344060518732911,-0.0003442496653603841,1.0011009250064309,3.3767490288962366e-09,-0.004979376819615343,0.019133079446252806,0.019133079446252806,0.1767040151178023,0.9994505539249395,3.3804665763425896e-09]"
/multi_agv/m2b_algorithm_state,1789558503.277052,1789558503.277052,m2b_algorithm_state_v1:header6+3x20,"[1.0,-0.15,0.52,2.472837677804376,0.1012502560761709,1789558503.27698,2.4714162578147874,0.1010751261525503,0.0036904376666666654,0.0015400078130148,0.0006969712564429461,0.0005695878526954714,0.004584685874999997,2.4746667152087642,0.1035230579921062,0.003250457393976891,0.0024479318395559113,0.0024385447602127,0.9924018444480086,1.9862035597576904e-07,0.006501616502683814,-0.022847821901905544,-0.022847821901905544,0.14195254686468303,1.0038494595204366,1.9711120761527325e-07,2.472396924269199,0.10150149860285511,0.002796189458333334,-0.0009437209746719676,0.0016674319328648934,0.0007537875886721307,-0.0017884964166666626,2.4687477189989573,0.09837812894946069,-0.0036492052702419286,-0.0031233696533944227,-0.003139217367037938,1.0102672041332008,-1.9852977736728244e-07,-0.007700723954840349,0.02747666758931652,0.02747666758931652,0.12046878527785639,0.9949516991687426,-2.0056812311803123e-07,2.471710158790746,0.1011740834644878,0.0036904376666666654,0.0013233130508822164,0.0009826839562414817,0.0005149049630997471,0.0032930326916666636,2.468048143773084,0.10077119078180999,-0.003662015017662057,-0.0004028926826778051,-0.00040315216078868086,1.0012900353583332,4.630648292289398e-09,-0.004980670932866252,0.01916041689792885,0.01916041689792885,0.17670401193331495,0.9993563767328739,4.636621992318456e-09]"
/multi_agv/m2b_algorithm_state,1789558503.2872002,1789558503.2872002,m2b_algorithm_state_v1:header6+3x20,"[1.0,-0.15,0.52,2.4738465864617996,0.1012501965058261,1789558503.287128,2.4724128295193113,0.10107517572115589,0.0036904376666666654,0.0015396516728572382,0.0006970048835384542,0.0005697247335645832,0.004584685874999997,2.4756544955570465,0.10239551475913844,0.0032416660377352358,0.0013203390379825514,0.0013175847152781968,0.9958487121460615,5.7817337417049806e-08,0.005369667262447242,-0.018207834697716082,-0.018207834697716082,0.14195254134887098,1.0020904331026435,5.757732100648334e-08,2.473393479161577,0.10150146639893225,0.002796189458333334,-0.0009433262192566584,0.0016674040716035954,0.0007536309682840414,-0.0017884964166666626,2.469831895188746,0.1005568781939658,-0.0035615839728309062,-0.0009445882049664428,-0.0009460140228573214,1.0030297007758573,-1.8124120867368868e-08,-0.005397993988895954,0.018578979947155582,0.018578979947155582,0.12046878849323703,0.9984928152686657,-1.8179031530422467e-08,2.4727067247322387,0.10117412610842456,0.0036904376666666654,0.001323076458113396,0.000982694581901567,0.0005150019897832213,0.0032930326916666636,2.4688985234812972,0.10108429442700634,-0.003808201250941501,-8.983168141822595e-05,-8.984455067880078e-05,1.0002866166738884,2.3011738902109896e-10,-0.004850096114355677,0.018575840981480667,0.018575840981480667,0.17670402281722228,0.9998567608110054,2.3018334450174407e-10]"
/multi_agv/m2b_algorithm_state,1789558503.2970254,1789558503.2970254,m2b_algorithm_state_v1:header6+3x20,"[1.0,-0.15,0.52,2.474837582867696,0.10125025272233786,1789558503.2969325,2.473421720649886,0.10107503391702632,0.0036904376666666654,0.0015406508880795211,0.00069691151133906,0.0005693401826581731,0.004584685874999997,2.4760258216245843,0.10117649699214594,0.002604100974698209,0.00010146307511961494,0.00010144665922472905,0.999676540394743,3.419519397653347e-10,0.0033565728775974903,-0.010425146528257209,-0.010425146528257209,0.1419525579460813,1.0001618179939227,3.4184133212588133e-10,2.4744024089838352,0.1015015515232697,0.002796189458333334,-0.0009444038411411211,0.0016674675661079164,0.0007540650523307907,-0.0017884964166666626,2.470833962379073,0.1005568781939658,-0.0035684466047620766,-0.0009446733293038967,-0.0009460994034670473,1.0030299732464079,-1.8148089682126707e-08,-0.005406657659419643,0.018608587362033382,0.018608587362033382,0.12046877880529941,0.9984926804118842,-1.8203077908336962e-08,2.4737156297516765,0.10117400407718229,0.0036904376666666654,0.001323740449872895,0.0009826615978056454,0.0005147313322058375,0.0032930326916666636,2.4696742422084452,0.10355708448967829,-0.004041387543231245,0.0023830804124960053,0.0023741917312396247,0.9926076699184243,1.6173609955155482e-07,-0.0026775426977994317,0.009827351311230375,0.009827351311230375,0.17670399018703511,1.0037438767642155,1.6054049291756315e-07]"
/multi_agv/m2b_algorithm_state,1789558503.3070667,1789558503.3070667,m2b_algorithm_state_v1:header6+3x20,"[1.0,-0.15,0.52,2.4758410386575687,0.10125022834321289,1789558503.306995,2.4744127355892025,0.10107517289160382,0.0036904376666666654,0.001539659676610359,0.0006970008270115173,0.0005697233742202041,0.004584685874999997,2.477034218858083,0.10194585810353424,0.0026214832688804535,0.0008706852119304137,0.0008694833782845958,0.9972484312228463,2.515088933561551e-08,0.004146337464385162,-0.013617963975745667,-0.013617963975745667,0.14195254242266928,1.001382238782056,2.5081684933801984e-08,2.475393382942406,0.10150146250971351,0.002796189458333334,-0.0009433178971403893,0.0016674002241301444,0.0007536293621269591,-0.0017884964166666626,2.4716692949977195,0.10125832287992854,-0.003724087944686705,-0.00024313962978496362,-0.00024323359899450895,1.0007736764476023,-1.2002444833257875e-09,-0.00489834352985289,0.016540175187490017,0.016540175187490017,0.12046878784167345,0.9996136668209745,-1.2011730842139012e-09,2.4747066300714797,0.10117412276569623,0.0036904376666666654,0.0013230859637039741,0.0009826905762995832,0.0005149999529592028,0.0032930326916666636,2.470651343953508,0.10086684807462883,-0.004055286117971679,-0.0003072746910674079,-0.00030742551200991055,1.0009828078215026,2.6928558366631276e-09,-0.005376533159474509,0.02052706562034523,0.02052706562034523,0.1767040206185106,0.9995094065501702,2.695502396441579e-09]"
/multi_agv/m2b_algorithm_state,1789558503.3170402,1789558503.3170402,m2b_algorithm_state_v1:header6+3x20,"[1.0,-0.15,0.52,2.476838286639801,0.10125024425223088,1789558503.3168883,2.4754161850126337,0.10107511475343299,0.0036904376666666654,0.0015400676477474542,0.0006969640923411011,0.0005695656431505905,0.004584685874999997,2.478221802283357,0.10361588379114645,0.0028056172707233706,0.0025407690377134556,0.0025306635733345476,0.9921220566040123,2.139646628921149e-07,0.0060376851617387605,-0.021235989292826305,-0.021235989292826305,0.1419525492605393,1.0039932073490085,2.1227906138910923e-07,2.4763968462590467,0.10150149722748637,0.002796189458333334,-0.0009437540017427542,0.0016674228044331052,0.0007538066528205017,-0.0017884964166666626,2.4725595178174475,0.0999096437338833,-0.0038373284415991193,-0.0015918534936030793,-0.0015959226963974745,1.0051432673461624,-5.151870157487803e-08,-0.006392583248396373,0.022333541444503346,0.022333541444503346,0.12046878386288662,0.9974502506897228,-5.178367603040479e-08,2.4757100847010265,0.10117407304871925,0.0036904376666666654,0.001323355700748298,0.000982677298303725,0.0005148899391294037,0.0032930326916666636,2.471431659785109,0.09845140486845974,-0.004278424915917345,-0.002722668180259513,-0.002734727004883329,1.0089488017453656,2.118087794464689e-07,-0.00808275814978001,0.030948511616237823,0.030948511616237823,0.17670400722430044,0.9955904832174169,2.1370421422166323e-07]"
/multi_agv/m2b_algorithm_state,1789558503.3273509,1789558503.3273509,m2b_algorithm_state_v1:header6+3x20,"[1.0,-0.15,0.52,2.4778478125990575,0.10125018104669076,1789558503.3272336,2.476413439108297,0.10107515461055196,0.0036904376666666654,0.0015397807767036668,0.0006969905901888392,0.0005696762070030252,0.004584685874999997,2.4794797794585492,0.10446831309819482,0.003066340350252439,0.003393158487642864,0.003375251540117932,0.9895814246981297,3.8129145108755644e-07,0.007208176977933481,-0.025892949720122276,-0.025892949720122276,0.1419525449734408,1.0053053668184702,3.773189373924413e-07,2.4773940867049586,0.10150147092814964,0.002796189458333334,-0.0009434347480638018,0.0016674001954730677,0.0007536800277563038,-0.0017884964166666626,2.473786565636809,0.10058104972962408,-0.003607521068149655,-0.0009204211985255617,-0.0009217747440216599,1.0029513788946494,-1.7210279761214632e-08,-0.005431176079208728,0.018687129734641466,0.018687129734641466,0.1204687863751512,0.998531587565317,-1.726107381767289e-08,2.4767073341061474,0.10117410721799101,0.0036904376666666654,0.0013231657733536145,0.0009826853684073772,0.0005149680674867772,0.0032930326916666636,2.4727017073401245,0.0987985349800124,-0.004005626766022896,-0.0023755722379786154,-0.0023847284870235717,1.007777583242876,1.6118704706157399e-07,-0.007391761944552192,0.028399472767027756,0.028399472767027756,0.17670401566650273,0.9961604647678844,1.6244069273776873e-07]"
/multi_agv/m2b_algorithm_state,1789558503.337531,1789558503.337531,m2b_algorithm_state_v1:header6+3x20,"[1.0,-0.15,0.52,2.478838439849283,0.1012502400359951,1789558503.3373818,2.4774229462287782,0.10107500454643722,0.0036904376666666654,0.001540838619278932,0.0006968905646770544,0.0005692697042827738,0.004584685874999997,2.480389850473029,0.10261412453559952,0.002966904244250834,0.0015391199891622992,0.0015353834441624557,0.9951728760797629,7.861358927310272e-08,0.005244013749475998,-0.01787201021098798,-0.01787201021098798,0.14195256268851816,1.0024336233493008,7.823411173586682e-08,2.478403635490105,0.10150156075416712,0.002796189458333334,-0.0009445760490772986,0.0016674686731428245,0.0007541391224291094,-0.0017884964166666626,2.474852346453759,0.10134765858618727,-0.0035512890363462724,-0.00015390216797984968,-0.00015393979237407018,1.0004892240190468,-4.815033944039662e-10,-0.004593051087806911,0.015421107215259433,0.015421107215259433,0.12046877605955225,0.9997555901976983,-4.817389574297612e-10,2.477716856078289,0.10117397783946791,0.0036904376666666654,0.0013238699022431644,0.0009826498786231763,0.0005146813153794742,0.0032930326916666636,2.4739363235089282,0.10144936730039623,-0.0037805325693609504,0.00027538946092832417,0.0002752688488042425,0.9991249735433585,2.163385393512503e-09,-0.004450396862896945,0.017014140741632378,0.017014140741632378,0.17670398085735228,1.0004381611817161,2.161492374057268e-09]"
/multi_agv/m2b_algorithm_state,1789558503.347722,1789558503.347722,m2b_algorithm_state_v1:header6+3x20,"[1.0,-0.15,0.52,2.479845533558952,0.10125019266217662,1789558503.3474758,2.478413592707003,0.10107515080163824,0.0036904376666666654,0.001539795811792128,0.0006969833784306264,0.000569673441049878,0.004584685874999997,2.4813049959268043,0.10168565291381956,0.002891403219801525,0.0006105021121813187,0.0006099100719853795,0.9980649581695864,1.236872510966747e-08,0.004224164096737286,-0.013763618092531653,-0.013763618092531653,0.1419525465099424,1.0009707008018607,1.2344791109191376e-08,2.479394239526677,0.10150146679229766,0.002796189458333334,-0.0009434339087342333,0.0016673990321822707,0.0007536802689076388,-0.0017884964166666626,2.4759396030086136,0.10186706240994971,-0.0034546365180632144,0.00036559561765205084,0.0003653841357373535,0.9988446859187342,-2.7128642871117293e-09,-0.0039529115118416645,0.012942759890497032,0.012942759890497032,0.12046878546667446,1.0005787933684382,-2.709730076800266e-09,2.4787074873141686,0.10117410251404943,0.0036904376666666654,0.0013231824807651703,0.0009826797923763626,0.0005149637258128476,0.0032930326916666636,2.4749097761362595,0.09929197403124558,-0.0037977111779090578,-0.0018821284828038493,-0.001887854676744822,1.006127941709657,1.011476841324113e-07,-0.006634993649131144,0.025559646269165317,0.025559646269165317,0.17670401261127883,0.9969668248242252,1.017675112448415e-07]"
/multi_agv/m2b_algorithm_state,1789558503.3574903,1789558503.3574903,m2b_algorithm_state_v1:header6+3x20,"[1.0,-0.15,0.52,2.4808390724898355,0.10125023304202502,1789558503.3573084,2.4794206726015418,0.10107503832031804,0.0036904376666666654,0.001540588193837184,0.0006969088159069154,0.0005693687599126526,0.004584685874999997,2.482188356269099,0.10265990283823632,0.002767683667557197,0.001584864517918283,0.00158090393748339,0.9950320013141356,8.333965752922071e-08,0.005040508521929886,-0.017169543166061927,-0.017169543166061927,0.14195255988065344,1.0025052631858187,8.292562622013516e-08,2.4804013499249655,0.10150153402004194,0.002796189458333334,-0.0009442871424878373,0.0016674490980408407,0.0007540240735959547,-0.0017884964166666626,2.476739264237355,0.10202024091933472,-0.0036620856876106167,0.0005187068992927729,0.0005182816821035991,0.9983636963160094,-5.465318329801946e-09,-0.004059325427409672,0.01325881039220109,0.01325881039220109,0.12046877768413922,1.0008204364612077,-5.45637540928471e-09,2.4797145781503485,0.10117400564616989,0.0036904376666666654,0.001323709468784694,0.0009826531470970897,0.0005147491568198554,0.0032930326916666636,2.475716219738801,0.09735070146754671,-0.003998358411547276,-0.0038233041786231853,-0.003847280688048039,1.0127223266401844,4.180747484181022e-07,-0.008845228702482133,0.03398471166757862,0.03398471166757862,0.17670398643221438,0.9937679334135046,4.233936319274902e-07]"
/multi_agv/m2b_algorithm_state,1789558503.3675995,1789558503.3675995,m2b_algorithm_state_v1:header6+3x20,"[1.0,-0.15,0.52,2.4818483778875646,0.1012501715845099,1789558503.367414,2.480414225022324,0.10107513880690752,0.0036904376666666654,0.0015398706987737967,0.0006969725742242078,0.0005696466004040388,0.004584685874999997,2.483328973443954,0.10410491082129204,0.0029147484216300867,0.0030297720143845214,0.003015455647221948,0.990658319618467,3.0409901123467836e-07,0.0066588911742595566,-0.023724191768166626,-0.023724191768166626,0.14195254891067965,1.0047476629861103,3.0125821546738375e-07,2.4813948725368573,0.10150146901801496,0.002796189458333334,-0.0009434990488510647,0.0016674001410654782,0.0007537079279698322,-0.0017884964166666626,2.477749834425598,0.10193704777036619,-0.003645038111259158,0.0004355787523512289,0.00043527871575240926,0.9986246288869098,-3.8509504601511216e-09,-0.004121018923321538,0.013512266064741122,0.013512266064741122,0.12046878406894025,1.0006892976567923,-3.8456539741302885e-09,2.480708119910325,0.10117409130115257,0.0036904376666666654,0.0013232365734021268,0.0009826733605224468,0.0005149436242828116,0.0032930326916666636,2.476355626859558,0.09885906955988558,-0.004352493050767237,-0.0023150217412669927,-0.0023237132149721285,1.007574185709053,1.5307694705686967e-07,-0.007764329528431174,0.029690122905715273,0.029690122905715273,0.17670400789105703,0.9962596616272891,1.5423638028165326e-07]"
/multi_agv/m2b_algorithm_state,1789558503.377226,1789558503.377226,m2b_algorithm_state_v1:header6+3x20,"[1.0,-0.15,0.52,2.4828432965118292,0.1012502039443971,1789558503.3771207,2.4814235120640014,0.10107499302190054,0.0036904376666666654,0.0015408985834546155,0.000696874936278213,0.0005692518412984985,0.004584685874999997,2.484339910706923,0.10313485421476315,0.0029163986429217026,0.002059861192862611,0.0020531948582263627,0.9935779473112998,1.4075973039183058e-07,0.005698693161878491,-0.019768189682822467,-0.019768189682822467,0.14195256624257796,1.0032468105058507,1.39855763986807e-07,2.482404200204031,0.10150155617359845,0.002796189458333334,-0.0009446077666155654,0.0016674669493990102,0.0007541537672656612,-0.0017884964166666626,2.478763375429351,0.10193704777036619,-0.003640824774679974,0.0004354915967677425,0.00043519168038336117,0.9986249043523526,-3.8539317228215804e-09,-0.004115839287966606,0.013492776294805556,0.013492776294805556,0.12046877397697243,1.0006891592783143,-3.848632198083198e-09,2.4817174213946616,0.1011739655580307,0.0036904376666666654,0.0013239210501007604,0.0009826385716312789,0.0005146650260563221,0.0032930326916666636,2.477553021445928,0.10190415980385319,-0.0041643999487335215,0.0007301942458224908,0.0007293492026833392,0.9976918251595366,1.520519860230354e-08,-0.004476150733233562,0.016925814418722124,0.016925814418722124,0.17670397386438316,1.0011586262602916,1.5170102345445452e-08]"
/multi_agv/m2b_algorithm_state,1789558503.3873267,1789558503.3873267,m2b_algorithm_state_v1:header6+3x20,"[1.0,-0.15,0.52,2.483844039352613,0.10125019838016135,1789558503.387259,2.482418441405749,0.10107507583764055,0.0036904376666666654,0.0015403048159875676,0.0006969245021968716,0.0005694834331585765,0.004584685874999997,2.485279896878617,0.10187551504803796,0.0028614554728680908,0.0008004392103974078,0.0007994229380659347,0.9974684012060532,2.12662940641207e-08,0.0043762422791510484,-0.014400380215464467,-0.014400380215464467,0.14195255776509222,1.001271257407164,2.1212456339716253e-08,2.4833991060347165,0.10150150057897177,0.002796189458333334,-0.0009439529788808926,0.0016674285686617552,0.0007538899037239782,-0.0017884964166666626,2.47984379932063,0.10205797494063067,-0.003555306714086548,0.0005564743616588985,0.0005559851093204211,0.9982453096245142,-6.287766754412322e-09,-0.003888148283287764,0.012635130502817766,0.012635130502817766,0.12046877890487998,1.0008799738163408,-6.276733670605055e-09,2.4827123420950223,0.101174035416579,0.0036904376666666654,0.001323533046492483,0.0009826533534315514,0.0005148255215343422,0.0032930326916666636,2.478714596324744,0.10225115378417425,-0.003997745770278449,0.0010771183675952478,0.0010752844164099828,0.9966085982084528,3.3067864260613944e-08,-0.003921897796438078,0.014812632151370953,0.014812632151370953,0.1767039905140914,1.001705549859439,3.295571784651786e-08]"
/multi_agv/m2b_algorithm_state,1789558503.3973284,1789558503.3973284,m2b_algorithm_state_v1:header6+3x20,"[1.0,-0.15,0.52,2.4848439820616464,0.10125019807564034,1789558503.397245,2.4834191833578236,0.10107506517616162,0.0036904376666666654,0.0015403752795629879,0.0006969153206921588,0.0005694576658487881,0.004584685874999997,2.486066118049128,0.10073049354437222,0.0026469346913042813,-0.0003445716317894004,-0.00034476159532537517,1.0011040409246101,3.944265641954487e-09,0.0029639067688049764,-0.0088137026488452,-0.0088137026488452,0.1419525597270362,0.999449000298901,3.948620272640739e-09,2.484399849990179,0.10150150427972907,0.002796189458333334,-0.0009440211146412906,0.0016674319126974702,0.0007539176987031715,-0.0017884964166666626,2.480890725549452,0.10242665767754025,-0.0035091244407268185,0.0009251533978111848,0.0009238048836667595,0.9970950100493919,-1.7376026283199865e-08,-0.0034626006672417637,0.010970564898204185,0.010970564898204185,0.12046877775470333,1.00145973913785,-1.7325549101465667e-08,2.4837130847098368,0.10117402568459334,0.0036904376666666654,0.001323582555163007,0.0009826486526045347,0.0005148065065953217,0.0032930326916666636,2.479247659241418,0.09920500743026817,-0.004465425468418882,-0.001969018254325175,-0.0019752894693444607,1.0064171237397959,1.107422770074814e-07,-0.007557071304868063,0.028841353553405773,0.028841353553405773,0.1767039866548998,0.9968251665810951,1.1145292390226516e-07]"
/multi_agv/m2b_algorithm_state,1789558503.4071987,1789558503.4071987,m2b_algorithm_state_v1:header6+3x20,"[1.0,-0.15,0.52,2.485842231587446,0.10125020851723603,1789558503.4071121,2.4844191267985485,0.10107506731457354,0.0036904376666666654,0.0015403550492113765,0.000696914331041131,0.0005694669496083909,0.004584685874999997,2.487086765233115,0.10166063195290641,0.0026676384345662996,0.0005855646383328694,0.0005850198736746049,0.9981434719905883,1.1383240110318639e-08,0.003919567916882479,-0.012666922603948663,-0.012666922603948663,0.14195256027632097,1.0009311900035853,1.1362106806215973e-08,2.4853997918630846,0.10150150000659756,0.002796189458333334,-0.000943990638055006,0.0016674294043150795,0.0007539057928716564,-0.0017884964166666626,2.4819313405172068,0.10270437634360151,-0.00346845134587781,0.0012028763370039441,0.0012006014778998561,0.9962349059031207,-2.936729370492396e-08,-0.0031349627044474065,0.00968864676523103,0.00968864676523103,0.12046877745367175,1.0018947662034094,-2.925672308075423e-08,2.4847130275233056,0.10117402690574993,0.0036904376666666654,0.0013235720903873164,0.0009826466951176954,0.0005148120608309392,0.0032930326916666636,2.4802049834271873,0.10099588433549918,-0.004508044096118269,-0.00017814257025075553,-0.00017819321336021184,1.0005689509588256,9.05347954301961e-10,-0.005813248333508048,0.022027665595485524,0.022027665595485524,0.17670398562056677,0.9997157966428611,9.058630528886318e-10]"
/multi_agv/m2b_algorithm_state,1789558503.417153,1789558503.417153,m2b_algorithm_state_v1:header6+3x20,"[1.0,-0.15,0.52,2.48684290597515,0.10125020321906636,1789558503.4170704,2.485417380486645,0.10107509484485061,0.0036904376666666654,0.00154015554766012,0.0006969307493227099,0.0005695448852808507,0.004584685874999997,2.4883145090233985,0.10292803305785117,0.0028971285367536126,0.00185293821300056,0.0018475354761691755,0.9942094192247282,1.1386267477675061e-07,0.005468946147111191,-0.018839342045695023,-0.018839342045695023,0.14195255776243632,1.0029242939586671,1.1320334376116734e-07,2.486398036347815,0.10150148057407439,0.002796189458333334,-0.0009437657322601736,0.0016674142811066162,0.0007538161705150925,-0.0017884964166666626,2.4829544825413854,0.10270437634360151,-0.003443553806429467,0.001202895769527118,0.001200620836654885,0.9962348449139611,-2.9361247779743558e-08,-0.0031038214213819485,0.009577846860671783,0.009577846860671783,0.12046877892501366,1.001894797093953,-2.925069812833321e-08,2.4857112779278783,0.10117405013278308,0.0036904376666666654,0.0013234418167408428,0.0009826508361135298,0.0005148663753636587,0.0032930326916666636,2.481422310136278,0.10380614715935682,-0.004288967791600484,0.002632097026573743,0.002621274166220416,0.9918584682222383,1.9722137057911794e-07,-0.002739935573280189,0.009944815246846178,0.009944815246846178,0.17670399053393007,1.0041288547733,1.9561568652329436e-07]"
/multi_agv/m2b_algorithm_state,1789558503.427139,1789558503.427139,m2b_algorithm_state_v1:header6+3x20,"[1.0,-0.15,0.52,2.487842115682687,0.10125020740161426,1789558503.4270296,2.4864180541734187,0.10107508378668996,0.0036904376666666654,0.0015402301422175989,0.0006969225519743987,0.0005695168154618925,0.004584685874999997,2.4895797330104954,0.10259224799189585,0.0031616788370767424,0.0015171642052058953,0.0015135329046063795,0.9952405501279251,7.635775356825812e-08,0.005465631450952307,-0.01865215665624485,-0.01865215665624485,0.14195255961037156,1.0023992214430648,7.599433266780575e-08,2.4873987115440386,0.10150148545431341,0.002796189458333334,-0.0009438390875336298,0.0016674167066663692,0.0007538467057411347,-0.0017884964166666626,2.484290834783102,0.10224515663390794,-0.003107876760936712,0.000743671179594535,0.0007427986342652868,0.9976600296835497,-1.1226843080104908e-08,-0.003142047316905603,0.009904124672368541,0.009904124672368541,0.12046877784365662,1.001174672769978,-1.1200572600550017e-08,2.486711952207992,0.10117404041619572,0.0036904376666666654,0.001323492499600354,0.0009826467417495934,0.000514846536014143,0.0032930326916666636,2.482770339671556,0.1035888347003358,-0.00394161253643599,0.0024147942841400705,0.0024056696509626844,0.9925120151107196,1.6603440721972626e-07,-0.002521346019582303,0.00925448652568724,0.00925448652568724,0.1767039869395729,1.0037929701502177,1.6479114408736433e-07]"
/multi_agv/m2b_algorithm_state,1789558503.4372935,1789558503.4372935,m2b_algorithm_state_v1:header6+3x20,"[1.0,-0.15,0.52,2.4888439051106155,0.10125019503161319,1789558503.437166,2.487417266128586,0.10107509561922859,0.0036904376666666654,0.0015401426733234061,0.0006969293034742915,0.0005695512177971563,0.004584685874999997,2.490432676961017,0.10076316702410798,0.0030154108324307316,-0.00031192859512060855,-0.00031208423267086626,1.0009990799248907,3.231781302430276e-09,0.003457179307867548,-0.010578991966296844,-0.010578991966296844,0.1419525588243797,0.9995012963361664,3.235010110251171e-09,2.488397918489103,0.10150147623775767,0.002796189458333334,-0.000943736407841532,0.0016674084192471739,0.0007538065084302242,-0.0017884964166666626,2.4852836060335766,0.10190856218097533,-0.0031143124555264023,0.00040708594321765823,0.0004068238191866714,0.9987141802272137,-3.3645328263213973e-09,-0.0034860667502213316,0.011266111814747917,0.011266111814747917,0.12046877829416897,1.0006443182985472,-3.3602066434871245e-09,2.4877111624303727,0.10117405034785652,0.0036904376666666654,0.0013234357447592252,0.0009826477373837692,0.0005148706191079387,0.0032930326916666636,2.483554060619641,0.10085564085320071,-0.004157101810731589,-0.00031840949465580803,-0.000318571458114556,1.0010185515407959,2.89234339749399e-09,-0.005514948721529043,0.021022477530234833,0.021022477530234833,0.17670398844549204,0.9994915945712571,2.8952893983180184e-09]"
/multi_agv/m2b_algorithm_state,1789558503.4472167,1789558503.4472167,m2b_algorithm_state_v1:header6+3x20,"[1.0,-0.15,0.52,2.4898424141289754,0.10125020392043953,1789558503.4471285,2.4884190525969876,0.10107506751666025,0.0036904376666666654,0.001540338247961467,0.0006969096652296607,0.0005694766591034238,0.004584685874999997,2.4913064548889294,0.09927572076833885,0.002887402291941843,-0.0017993467483213982,-0.0018045840069026817,1.005860721660101,1.0766083938990034e-07,0.001804668858024622,-0.0040198616651568354,-0.0040198616651568354,0.14195256266457038,0.9970978028391858,1.0829180960325738e-07,2.4893997114764104,0.10150149162500924,0.002796189458333334,-0.0009439413289595976,0.001667419097383327,0.0007538897801881994,-0.0017884964166666626,2.4863799339719788,0.1026987086463392,-0.003019777504431609,0.001197217021329966,0.0011949634203858841,0.9962523774702801,-2.9090208842339853e-08,-0.0025797584601536267,0.007711813193577988,0.007711813193577988,0.12046877606061432,1.0018859162595573,-2.8981189720288043e-08,2.48871295125845,0.10117402595317003,0.0036904376666666654,0.0013235669060753237,0.0009826396991441388,0.0005148179469291339,0.0032930326916666636,2.484614531381614,0.10210505711695742,-0.0040984198768359015,0.0009310311637873853,0.0009296594299455463,0.9970636883433539,2.4709541565595077e-08,-0.0041933654160993305,0.015838596047390848,0.015838596047390848,0.17670398087372308,1.0014755229685772,2.463698665066564e-08]"
/multi_agv/m2b_algorithm_state,1789558503.4572313,1789558503.4572313,m2b_algorithm_state_v1:header6+3x20,"[1.0,-0.15,0.52,2.490839902251715,0.10125021898919491,1789558503.4571261,2.489417565262203,0.1010750909740052,0.0036904376666666654,0.0015401683912341746,0.0006969234975794155,0.00056954309004745,0.004584685874999997,2.49226661017279,0.10109777703114242,0.0028490449105871285,2.2686057137219495e-05,2.2685235983086398e-05,0.9999276133557364,1.7090510778306856e-11,0.003583991374216997,-0.01119423531668084,-0.01119423531668084,0.14195256062713918,1.0000361977337908,1.7089273653582863e-11,2.490398216068223,0.10150147503658215,0.002796189458333334,-0.0009437490660315333,0.0016674058177437168,0.0007538133484278897,-0.0017884964166666626,2.487403270735542,0.1026987086463392,-0.002994945332681187,0.0011972336097570563,0.0011949799461360693,0.9962523254046441,-2.9085091551472008e-08,-0.0025487017197154144,0.007601285262905665,0.007601285262905665,0.12046877725273272,1.0018859426288067,-2.8976090092760957e-08,2.4897114610565,0.1011740457507312,0.0036904376666666654,0.0013234560684754738,0.0009826430003817563,0.0005148642735051359,0.0032930326916666636,2.4858135207236534,0.10471914788592965,-0.0038979403328465168,0.003545102135198444,0.003525604560300596,0.989148679983068,3.575277561321977e-07,-0.0013468208557575498,0.004549991299278775,0.004549991299278775,0.17670398492141326,1.005530278442851,3.5364810803547163e-07]"
/multi_agv/m2b_algorithm_state,1789558503.4673269,1789558503.4673269,m2b_algorithm_state_v1:header6+3x20,"[1.0,-0.15,0.52,2.4918437544423426,0.10125019306414641,1789558503.4672048,2.4904150591116685,0.10107512819515041,0.0036904376666666654,0.0015399022607969592,0.0006969479461790048,0.0005696457296278264,0.004584685874999997,2.4934410943005245,0.10295885719966337,0.0030260351888560244,0.00188372900451296,0.0018781465239147749,0.9941152663336023,1.1765623974267351e-07,0.005660690509984806,-0.019540859106375836,-0.019540859106375836,0.14195255676774268,1.0029723349733912,1.1696386410759804e-07,2.4913956971427296,0.1015014509942293,0.002796189458333334,-0.000943453005404432,0.0016673846730435038,0.0007536960151031807,-0.0017884964166666626,2.4881060016050607,0.10134925301027492,-0.0032896955376688908,-0.000152197983954383,-0.0001522347792996002,1.0004837981180719,-4.70338708178478e-10,-0.004264354201385713,0.014255316276895597,0.014255316276895597,0.12046877950597631,0.9997582986924112,-4.70566257160351e-10,2.490708950500747,0.10117407777820502,0.0036904376666666654,0.0013232795377742823,0.0009826502797085643,0.0005149370062526534,0.0032930326916666636,2.4867375942808394,0.10440303397077468,-0.00397135621990774,0.0032289561925696597,0.0032127421270398454,0.990080417302007,2.9663620253428925e-07,-0.0017514531478448297,0.006142490177118463,0.006142490177118463,0.17670399252122337,1.0050467995527401,2.936936951920318e-07]"
/multi_agv/m2b_algorithm_state,1789558503.4771369,1789558503.4771369,m2b_algorithm_state_v1:header6+3x20,"[1.0,-0.15,0.52,2.492843080660108,0.10125019684569998,1789558503.4770339,2.4914189041755646,0.10107506637007534,0.0036904376666666654,0.0015403381153816969,0.0006969072731955349,0.0005694779607522126,0.004584685874999997,2.494536200954379,0.10307005542549373,0.003117296778814449,0.0019949890554183947,0.0019887329301450114,0.9937755969885687,1.319916169542629e-07,0.005885353903663073,-0.02040193327189022,-0.02040193327189022,0.1419525643058237,1.0031457845236802,1.311700479362091e-07,2.4923995578702436,0.1015014880878379,0.002796189458333334,-0.0009439198888323759,0.0016674102837024307,0.0007538850710744477,-0.0017884964166666626,2.489112399687453,0.10134925301027492,-0.0032871581827906837,-0.00015223507756298438,-0.00015227189083770007,1.0004839159896661,-4.708007981833596e-10,-0.004261219619326055,0.014243742308658757,0.014243742308658757,0.12046877511005427,0.9997582398529816,-4.710286262175481e-10,2.49171280128122,0.10117402473452602,0.0036904376666666654,0.0013235687506228922,0.0009826353382366817,0.0005148194156905832,0.0032930326916666636,2.4875809947920233,0.10230791089383591,-0.004131806489196865,0.0011338861593098853,0.0011318546765335068,0.9964321660322919,3.6644775560037213e-08,-0.004032903434962575,0.015185337839214962,0.015185337839214962,0.17670397767310025,1.0017948265077636,3.651403308505507e-08]"
/multi_agv/m2b_algorithm_state,1789558503.4872777,1789558503.4872777,m2b_algorithm_state_v1:header6+3x20,"[1.0,-0.15,0.52,2.49384387496741,0.10125019117076091,1789558503.4871922,2.4924182323755595,0.10107507748491922,0.0036904376666666654,0.001540256104759964,0.0006969127061283937,0.0005695106830029189,0.004584685874999997,2.4956593872270516,0.10200514490517422,0.003241154851492123,0.0009300674202550041,0.0009286966763708641,0.9970627493865113,2.870844477002386e-08,0.004980140240736018,-0.01661701366120441,-0.01661701366120441,0.14195256371755763,1.0014759866369896,2.86241208730108e-08,2.4933988816923107,0.1015014791651314,0.002796189458333334,-0.0009438233385353446,0.0016674030966092879,0.0007538469582942381,-0.0017884964166666626,2.4906709723540437,0.102290387587154,-0.002727909338267054,0.0007889084220226023,0.0007879268316658028,0.9975189692545207,-1.2633615206211806e-08,-0.0026219598411680147,0.008034025354998153,0.008034025354998153,0.12046877543562043,1.0012457887171125,-1.260227081845864e-08,2.4927121279124527,0.10117403388704935,0.0036904376666666654,0.0013235164623502933,0.0009826357426932827,0.0005148418702041247,0.0032930326916666636,2.4890547463979478,0.10219961159744946,-0.0036573815145048982,0.0010255777104001135,0.0010239144218918714,0.9967689833854488,2.9979693201080175e-08,-0.0035478124712392516,0.013500666024762154,0.013500666024762154,0.17670397878647814,1.0016244409422115,2.988282831424834e-08]"
/multi_agv/m2b_algorithm_state,1789558503.4971383,1789558503.4971383,m2b_algorithm_state_v1:header6+3x20,"[1.0,-0.15,0.52,2.4948421753477295,0.1012502015199191,1789558503.4970355,2.493419025715179,0.10107506558427112,0.0036904376666666654,0.001540337441047299,0.0006969031958234942,0.0005694803738573115,0.004584685874999997,2.496538955565167,0.10161678907375093,0.00311992984998799,0.0005417234894798117,0.0005412570894656397,0.998281614790447,9.74271935914783e-09,0.004441169401950627,-0.014500224653308563,-0.014500224653308563,0.14195256577559776,1.0008616977463196,9.725977614300246e-09,2.494399677169358,0.10150148459846256,0.002796189458333334,-0.0009439044297670212,0.0016674066058430803,0.000753880283104913,-0.0017884964166666626,2.4916934101949093,0.102290387587154,-0.0027062669744486456,0.0007889029886914423,0.0007879214118874053,0.9975189863717651,-1.263452636068688e-08,-0.0025949123061734017,0.007937661954717479,0.007937661954717479,0.12046877424282215,1.001245780085714,-1.2603179928599722e-08,2.4937129220176937,0.10117402332954908,0.0036904376666666654,0.001323572293139608,0.0009826310867908422,0.0005148200915157941,0.0032930326916666636,2.4901131297995334,0.10298193152762618,-0.0035997922181603137,0.0018079081980770934,0.0018027700306233142,0.9943548689576326,9.311355485123387e-08,-0.002696970242077078,0.010140085164680224,0.010140085164680224,0.17670397476746483,1.0028501513595733,9.258791663227798e-08]"
/multi_agv/m2b_algorithm_state,1789558503.5071557,1789558503.5071557,m2b_algorithm_state_v1:header6+3x20,"[1.0,-0.15,0.52,2.4958416982800515,0.10125020378523542,1789558503.5070028,2.4944173301567307,0.10107509218737873,0.0036904376666666654,0.0015401462442817954,0.0006969191847582927,0.000569554933080507,0.004584685874999997,2.4975941119363996,0.10251727427567221,0.003176781779668847,0.0014421820882934838,0.0014388989903713883,0.9954719077478213,6.899670369414435e-08,0.005409876214957447,-0.018414194897993015,-0.018414194897993015,0.1419525633561573,1.0022816736574736,6.868428025472102e-08,2.495397972608782,0.10150146646838512,0.002796189458333334,-0.0009436895385208015,0.001667391783157779,0.0007537948453980037,-0.0017884964166666626,2.492724567426664,0.10154082171901906,-0.002673405182118227,3.935525063393508e-05,3.935279394439977e-05,0.9998751717602578,-3.145204881658828e-11,-0.003302403683703384,0.010763760055788042,0.010763760055788042,0.12046877563578834,1.0000624273219019,-3.1448122712698215e-11,2.4947112232776756,0.10117404590399351,0.0036904376666666654,0.0013234470576728948,0.0009826351810811483,0.0005148722464959903,0.0032930326916666636,2.4911091336918965,0.1020890374282009,-0.0036020895857791224,0.0009149915242073897,0.0009136664866605872,0.9971137487207309,2.3863604868661345e-08,-0.0035889454955633157,0.013692297067164905,0.013692297067164905,0.1767039794764722,1.001450242037054,2.3794728508581198e-08]"
/multi_agv/m2b_algorithm_state,1789558503.5169547,1789558503.5169547,m2b_algorithm_state_v1:header6+3x20,"[1.0,-0.15,0.52,2.4968373176021403,0.1012502306866065,1789558503.5168347,2.495416854711823,0.1010750984850595,0.0036904376666666654,0.001540099796722504,0.0006969228690997475,0.0005695731497562913,0.004584685874999997,2.498805185307234,0.10436178198161143,0.003388330595410771,0.003286683496551937,0.003269869113127028,0.9898960017939014,3.5784106616295906e-07,0.0075052823573904925,-0.026901260873152474,-0.026901260873152474,0.14195256316825983,1.0051422191051644,3.542254406723801e-07,2.496397493490875,0.10150146155946443,0.002796189458333334,-0.0009436325050178433,0.001667385632470264,0.0007537733226870569,-0.0017884964166666626,2.4937335512576047,0.10154082171901906,-0.0026639422332701557,3.936015955462169e-05,3.935770225211262e-05,0.999875156188637,-3.1457994823299325e-11,-0.003290570089335582,0.010721799986518442,0.010721799986518442,0.12046877577717006,1.0000624351110063,-3.1454067487327746e-11,2.495710746637456,0.10117405131118232,0.0036904376666666654,0.0013234166369869107,0.0009826353113767897,0.000514885364884643,0.0032930326916666636,2.492049310283726,0.10128568832819258,-0.003661436353730174,0.00011163701701026596,0.00011161717205734505,0.9996446236358225,3.554324716804124e-10,-0.004465178270105372,0.01713081516710337,0.01713081516710337,0.17670397996063794,1.00017779480124,3.55306159380916e-10]"
/multi_agv/m2b_algorithm_state,1789558503.5269198,1789558503.5269198,m2b_algorithm_state_v1:header6+3x20,"[1.0,-0.15,0.52,2.4978371369236605,0.10125023016269291,1789558503.5267928,2.4964124835036348,0.1010751631556838,0.0036904376666666654,0.0015396409743221227,0.0006969664145396229,0.000569749380115514,0.004584685874999997,2.4992928606237683,0.10523762471557602,0.0028803771201335593,0.004162461559892222,0.004135671654718004,0.9873318895174812,5.733899533815994e-07,0.007736143054884953,-0.028214357972110495,-0.028214357972110495,0.14195255593103215,1.0064777640516156,5.66126186102595e-07,2.497393101151216,0.10150142166245271,0.002796189458333334,-0.0009431282127349396,0.0016673506472271171,0.0007535729275386371,-0.0017884964166666626,2.4944014818425804,0.10193985123314522,-0.0029916193086356735,0.0004384295706925112,0.0004381256001977764,0.9986156712482855,-3.899983064152992e-09,-0.0033013985355968157,0.01059735540161593,0.01059735540161593,0.12046877998892279,1.0006937976109993,-3.894584205466086e-09,2.49670636815157,0.10117410724168299,0.0036904376666666654,0.0013231109183718037,0.0009826493971655916,0.0005150105551235797,0.0032930326916666636,2.4926399804557815,0.10135851708467519,-0.004066387695788709,0.0001844098429922003,0.00018435572239936361,0.9994134492921152,9.695854627974982e-10,-0.004898628897336523,0.01864156671521592,0.01864156671521592,0.1767039941237369,1.0002935661130141,9.690167517579394e-10]"
/multi_agv/m2b_algorithm_state,1789558503.5370498,1789558503.5370498,m2b_algorithm_state_v1:header6+3x20,"[1.0,-0.15,0.52,2.49883721510763,0.10125022803859018,1789558503.536952,2.4974123038826934,0.10107516010977825,0.0036904376666666654,0.001539663588366455,0.0006969674614656354,0.000569739033320396,0.004584685874999997,2.5001663939183607,0.10345934466961723,0.0027540900356672893,0.0023841845598389783,0.0023752757132156233,0.9925943163656241,1.8837726596785788e-07,0.005817888257799735,-0.02036659732574967,-0.02036659732574967,0.14195255623088907,1.003750657902065,1.8698220353219125e-07,2.4983929188814007,0.10150142485709167,0.002796189458333334,-0.0009431482198730043,0.0016673458732205937,0.0007535840831962848,-0.0017884964166666626,2.4954139187805313,0.10193985123314522,-0.002979000100869378,0.00043842637605355506,0.0004381224099944266,0.9986156813450616,-3.900008912848585e-09,-0.003285627716092296,0.01054126391880089,0.01054126391880089,0.12046877979780934,1.0006937925387847,-3.894610057756103e-09,2.4977061880068874,0.1011741055212088,0.0036904376666666654,0.001323122328838577,0.0009826494492611642,0.0005150055820472826,0.0032930326916666636,2.4936293104952716,0.10096867082950677,-0.004076877511615784,-0.00020543469170203332,-0.00020550205472990224,1.0006563186266793,1.2036166701858376e-09,-0.005301598944249633,0.020222448727791508,0.020222448727791508,0.17670399352237912,0.9996722026553095,1.2044066262258622e-09]"
/multi_agv/m2b_algorithm_state,1789558503.54705,1789558503.54705,m2b_algorithm_state_v1:header6+3x20,"[1.0,-0.15,0.52,2.499844326869636,0.10125018096513222,1789558503.5469606,2.4984123825571314,0.10107515336282354,0.0036904376666666654,0.0015397124687983178,0.0006969656881916633,0.0005697187680592073,0.004584685874999997,2.5010851863154517,0.1022768556067956,0.0026728037583203523,0.0012017022439720637,0.0011994186027226852,0.9962166112801463,4.790001172619135e-08,0.004540423300623125,-0.015189814095068577,-0.015189814095068577,0.14195255703897294,1.0019039568372499,4.7718787362145615e-08,2.4993929961800174,0.10150143022744543,0.002796189458333334,-0.0009431969014934097,0.0016673432171616653,0.0007536065665657427,-0.0017884964166666626,2.4965770210166442,0.1026469273018216,-0.0028159751633731744,0.0011454970743761672,0.0011434331674452232,0.9964121549717884,-2.661109684340417e-08,-0.002376535786771245,0.007010024634450983,0.007010024634450983,0.12046877935988942,1.0018050088013062,-2.6515620351899304e-08,2.498706266585742,0.10117410052550158,0.0036904376666666654,0.0013231516487160217,0.0009826484942873975,0.0005149933697746007,0.0032930326916666636,2.4945723389385237,0.1003156964987145,-0.004133927647218094,-0.0008584040267870796,-0.0008595859761854915,1.0027627497062142,2.1024716424752788e-08,-0.006026995535208109,0.02303862231786981,0.02303862231786981,0.1767039920261158,0.9986249782672619,2.108280245387851e-08]"
/multi_agv/m2b_algorithm_state,1789558503.5571601,1789558503.5571601,m2b_algorithm_state_v1:header6+3x20,"[1.0,-0.15,0.52,2.5008400325676434,0.10125020813799805,1789558503.55702,2.499419480451412,0.10107503981772548,0.0036904376666666654,0.001540516539919524,0.0006968910891648854,0.0005694090391954759,0.004584685874999997,2.5023952587557856,0.10323292959705004,0.0029757783043735664,0.0021578897793245594,0.0021505792881033165,0.9932798558546074,1.544263968790623e-07,0.005870302168570275,-0.02043389515552636,-0.02043389515552636,0.14195257040296239,1.0033993125767011,1.533886292321814e-07,2.5004001246281335,0.10150149994149459,0.002796189458333334,-0.0009440652550026713,0.0016673932754924792,0.0007539569290871129,-0.0017884964166666626,2.497478844510943,0.10051460670571763,-0.0029212801171905056,-0.000986893235776956,-0.0009884501263569504,1.0031669062017639,-1.9799983316980233e-08,-0.004640050272845082,0.015913003506877466,0.015913003506877466,0.12046877154664377,0.9984249174151736,-1.9862688006941598e-08,2.4997133755293626,0.10117400313617658,0.0036904376666666654,0.0013236850223668005,0.0009826221276177053,0.0005147758879576569,0.0032930326916666636,2.4957186224195853,0.10040041127496802,-0.00399475310977726,-0.0007735918612085668,-0.0007745511773639241,1.002487401580175,1.708127797125132e-08,-0.0057679925645854994,0.022090786586477795,0.022090786586477795,0.17670396566955895,0.9987614554294241,1.7123765969068418e-08]"
/multi_agv/m2b_algorithm_state,1789558503.567199,1789558503.567199,m2b_algorithm_state_v1:header6+3x20,"[1.0,-0.15,0.52,2.5018386074728993,0.10125021630986476,1789558503.5670884,2.5004151952812204,0.1010751071900884,0.0036904376666666654,0.0015400372272978513,0.0006969329720348581,0.0005695950159841089,0.004584685874999997,2.5035552514895474,0.10490327488321362,0.0031400562083270245,0.0038281676931252173,0.0038054503113303696,0.9883043554432246,4.852402972221564e-07,0.00773052057173915,-0.028008979715207695,-0.028008979715207695,0.1419525633641251,1.0059696960770212,4.79565099181222e-07,2.5013958192742423,0.10150145668569407,0.002796189458333334,-0.0009435380331538831,0.0016673601197960686,0.0007537456430880829,-0.0017884964166666626,2.498401751973927,0.10107573705116762,-0.002994067300315262,-0.00042571963452645023,-0.0004260081185176203,1.001357460338186,-3.6809672606386394e-09,-0.004168592243911698,0.014023965852970104,0.014023965852970104,0.12046877567815432,0.99932282043785,-3.6859640277011178e-09,2.500709083147468,0.10117406053821167,0.0036904376666666654,0.0013233696835832178,0.0009826349970207598,0.0005149058808537827,0.0032930326916666636,2.496735007147055,0.10047602332689398,-0.003974076000412996,-0.0006980372113176841,-0.0006988178446794892,1.0022425453798183,1.3903608920899038e-08,-0.005666412845195735,0.021702473174253462,0.021702473174253462,0.1767039796190732,0.9988829229709165,1.39347883948474e-08]"
/multi_agv/m2b_algorithm_state,1789558503.5770652,1789558503.5770652,m2b_algorithm_state_v1:header6+3x20,"[1.0,-0.15,0.52,2.5028399672221098,0.10125020653245446,1789558503.5769596,2.5014137736235593,0.1010751267726264,0.0036904376666666654,0.0015398984787277697,0.000696946113408802,0.0005696483222611598,0.004584685874999997,2.5046181331147452,0.10389324709656891,0.0032043594911859152,0.002818120323942519,0.0028057143652946205,0.9912898009126341,2.631430808213841e-07,0.006811163729277014,-0.02415605805919556,-0.02415605805919556,0.14195256143491217,1.0044216755637547,2.6085105219896705e-07,2.502394389866408,0.10150144457759201,0.002796189458333334,-0.0009433821488567988,0.0016673471805264128,0.00075368480318172,-0.0017884964166666626,2.4994064755272394,0.10107573705116762,-0.0029879143391684515,-0.0004257075264243876,-0.00042599599402682226,1.001357421765933,-3.680149945041255e-09,-0.004160888917987386,0.013996811366925429,0.013996811366925429,0.12046877679109867,0.9993228396358664,-3.6851454606785506e-09,2.50170765892873,0.10117407757937591,0.0036904376666666654,0.0013232771942954078,0.0009826386450754402,0.0005149440737778469,0.0032930326916666636,2.4977022527139883,0.09981875196040496,-0.004005406214741658,-0.0013553256189709484,-0.0013582831596377814,1.0043866244083786,5.243511704479737e-08,-0.006365040928064854,0.02441662705216658,0.02441662705216658,0.17670398336452645,0.9978225890191986,5.2665130209082265e-08]"
/multi_agv/m2b_algorithm_state,1789558503.5871048,1789558503.5871048,m2b_algorithm_state_v1:header6+3x20,"[1.0,-0.15,0.52,2.503840091294381,0.10125020495528338,1789558503.5869722,2.502415131185007,0.10107510285714916,0.0036904376666666654,0.001540068218116756,0.0006969307870697602,0.000569582719260206,0.004584685874999997,2.5056152604680952,0.10192036483699177,0.0032001292830883266,0.0008452619798426098,0.0008441290875113763,0.9973279999796589,2.3710297086816474e-08,0.004844290691371785,-0.016089863609216742,-0.016089863609216742,0.14195256448788585,1.00134208422384,2.3646943172518206e-08,2.50339575211363,0.10150145944293042,0.002796189458333334,-0.0009435616935549594,0.0016673546745602508,0.0007537587314279115,-0.0017884964166666626,2.501051299846908,0.10416641967810791,-0.0023444522667217527,0.0026649602351774965,0.0026539177659463354,0.991796931879555,-1.439253791655453e-07,-0.0002766475674558554,-0.0011614184195532374,-0.0011614184195532374,0.12046877499939349,1.004160818158291,-1.4274474947598944e-07,2.5027090183676926,0.10117405729728376,0.0036904376666666654,0.0013233892194087328,0.000982632619153657,0.0005148986496954777,0.0032930326916666636,2.498905282572273,0.09940921320143911,-0.003803735795419705,-0.0017648440958446532,-0.001769874428884321,1.0057384985377769,8.89414182189427e-08,-0.006524544173158952,0.025128172475955522,0.025128172475955522,0.17670397730737203,0.9971578022951387,8.94518084173399e-08]"
/multi_agv/m2b_algorithm_state,1789558503.5975127,1789558503.5975127,m2b_algorithm_state_v1:header6+3x20,"[1.0,-0.15,0.52,2.5048399447425305,0.10125020516410121,1789558503.597366,2.5034152555322327,0.10107509931437586,0.0036904376666666654,0.0015400931699328679,0.0006969279357037722,0.0005695733868162522,0.004584685874999997,2.5064650551987118,0.10086472850588098,0.003049799666479114,-0.00021037080849488354,-0.0002104415447302603,1.000673025078851,1.4697983644349383e-09,0.003601808038368632,-0.01114215595382976,-0.01114215595382976,0.14195256534936215,0.9996638675340108,1.470787575595057e-09,2.5043958757532683,0.10150146126128362,0.002796189458333334,-0.0009435836364321175,0.0016673533766615733,0.000753768918000719,-0.0017884964166666626,2.5020184316398533,0.10337247776480733,-0.002377444113415006,0.001871016503523712,0.001865540503223589,0.9941881284219576,-7.098687058024371e-08,-0.0011062646385451684,0.0021624184759963384,0.0021624184759963384,0.12046877448825047,1.0029353424868883,-7.057430400470422e-08,2.5037091425976423,0.10117405429019066,0.0036904376666666654,0.0013234062172815726,0.0009826306651117053,0.0005148922981828108,0.0032930326916666636,2.4999639462906993,0.10016910244743522,-0.0037451963069430327,-0.0010049518427554388,-0.001006573602071386,1.0032397718784372,2.882467227821434e-08,-0.005688068985750177,0.021894274060312028,0.021894274060312028,0.1767039756229581,0.9983888318622605,2.8918057640866468e-08]"
/multi_agv/m2b_algorithm_state,1789558503.6073942,1789558503.6073942,m2b_algorithm_state_v1:header6+3x20,"[1.0,-0.15,0.52,2.50583822481129,0.10125021536615846,1789558503.607284,2.50441510979092,0.10107510010990173,0.0036904376666666654,0.0015400874614651216,0.0006969278168584832,0.0005695759230153252,0.004584685874999997,2.5074521306433377,0.10114142162324202,0.003037020852417527,6.632151334029501e-05,6.631449761968405e-05,0.9997884860359052,1.4605272481083893e-10,0.0038625905631415928,-0.012205188095638541,-0.012205188095638541,0.1419525657300961,1.0001057946733034,1.4602183262004735e-10,2.505395728126076,0.10150146039393981,0.002796189458333334,-0.0009435723171279248,0.0016673501506359045,0.0007537656895157813,-0.0017884964166666626,2.502814503166876,0.10214711019521774,-0.0025812249591998793,0.000645649801277931,0.0006449916235605138,0.9979661845445845,-8.460528106768401e-09,-0.0025815395754393354,0.007950555676291588,0.007950555676291588,0.12046877428510888,1.0010204438218653,-8.443320953943879e-09,2.5047089963105957,0.10117405498846212,0.0036904376666666654,0.0013234029833974863,0.0009826296270898822,0.0005148942398709882,0.0032930326916666636,2.5010205940017776,0.09969796616033727,-0.0036884023088181728,-0.0014760888281248469,-0.001479600095885153,1.0047839979942668,6.220663052380264e-08,-0.006090102981907869,0.023489839814805076,0.023489839814805076,0.1767039748796068,0.9976268805536908,6.25042269194586e-08]"
/multi_agv/m2b_algorithm_state,1789558503.61742,1789558503.61742,m2b_algorithm_state_v1:header6+3x20,"[1.0,-0.15,0.52,2.506838317862148,0.1012502137519032,1789558503.617235,2.5054133938370575,0.10107512462908727,0.0036904376666666654,0.0015399141593113318,0.0006969437937285328,0.0005696427319571453,0.004584685874999997,2.508642132106323,0.10250284181790703,0.0032287382692652855,0.0014277171888197604,0.001424499267605622,0.9955165871490035,6.761010451580982e-08,0.005460422104187229,-0.018587230657654778,-0.018587230657654778,0.14195256327213415,1.0022589841127454,6.730698050436642e-08,2.506394003247085,0.10150144526988387,0.002796189458333334,-0.0009433792238107931,0.001667335307385276,0.0007536897111763141,-0.0017884964166666626,2.5038286027545995,0.10293125605453217,-0.002565400492485548,0.0014298107846482944,0.0014266021404960312,0.9955361641386891,-4.1459710087521786e-08,-0.0017801484751109036,0.004761442731909077,0.004761442731909077,0.1204687757050919,1.0022491513654588,-4.127464074683355e-08,2.5057072773497273,0.10117407619950416,0.0036904376666666654,0.0013232879625961068,0.0009826342050431869,0.000514941715631509,0.0032930326916666636,2.5018944288268017,0.09770802421872486,-0.003812848522925627,-0.0034660519807793028,-0.0034857042488436927,1.0114875032917363,3.4340758903667564e-07,-0.008251764902500727,0.03178923324907671,0.03178923324907671,0.17670397974805502,0.9943620380097054,3.4735248484614166e-07]"
/multi_agv/m2b_algorithm_state,1789558503.6273384,1789558503.6273384,m2b_algorithm_state_v1:header6+3x20,"[1.0,-0.15,0.52,2.5078383279207976,0.10125021273941219,1789558503.6272235,2.5064134872173494,0.10107512007620288,0.0036904376666666654,0.0015399474917962611,0.0006969413442202031,0.0005696295578223983,0.004584685874999997,2.509121828065434,0.10231361740146205,0.0027083408480845783,0.0012384973252591719,0.001236072371315597,0.9961023982179043,5.0884644993670445e-08,0.00462149843142132,-0.0154974044815993,-0.0154974044815993,0.1419525640751124,1.0019618219772957,5.068631691066181e-08,2.507394095729584,0.10150144855970147,0.002796189458333334,-0.0009434111186627419,0.0016673336023078633,0.000753704423394827,-0.0017884964166666626,2.5045555431035407,0.10452804711630968,-0.002838552626043267,0.0030265985566082093,0.003012394970223028,0.990722398819519,-1.855570825802874e-07,-0.0005357958123310557,-0.0003960219995572951,-0.0003960219995572951,0.12046877523850152,1.004715047835885,-1.838355579718939e-07,2.5067073706395107,0.10117407261980524,0.0036904376666666654,0.00132330923864154,0.0009826326582800917,0.0005149332978590521,0.0032930326916666636,2.5024070232666107,0.0997519524314865,-0.004300347372899971,-0.0014221201883187345,-0.0014253780659667097,1.0046062802749929,5.773480213187309e-08,-0.006800812282091673,0.025980077660772823,0.025980077660772823,0.1767039781452861,0.9977143764691191,5.800074481211375e-08]"
/multi_agv/m2b_algorithm_state,1789558503.6374028,1789558503.6374028,m2b_algorithm_state_v1:header6+3x20,"[1.0,-0.15,0.52,2.5088379512465893,0.10125021423896059,1789558503.6372313,2.50741349775032,0.10107511710184117,0.0036904376666666654,0.0015399696405624585,0.0006969396561516733,0.0005696208353027863,0.004584685874999997,2.510042926944083,0.10123206606617084,0.0026294291937629666,0.00015694896432967564,0.00015690970138399775,0.9994999691059107,8.178180207310599e-10,0.003443696193587706,-0.010762620736187351,-0.010762620736187351,0.14195256473354836,1.0002502263743516,8.174090864549514e-10,2.508394105059605,0.10150145078368086,0.002796189458333334,-0.0009434308951134359,0.0016673314164221686,0.0007537141328060465,-0.0017884964166666626,2.505571668375659,0.10418781103415291,-0.0028224366839459947,0.0026863602504720446,0.0026751415509801025,0.9917330908112747,-1.4622352065610932e-07,-0.0008529043039523908,0.0008937112221648518,0.0008937112221648518,0.12046877487144474,1.004193684438056,-1.4501470408958955e-07,2.5077073809524677,0.10117407033271451,0.0036904376666666654,0.0013233234025282017,0.0009826313286270148,0.0005149278499967584,0.0032930326916666636,2.5035748046577013,0.10159807106784528,-0.004132576294766377,0.0004240007351307695,0.00042371514653407894,0.9986550466232541,5.125629045213048e-09,-0.004742005221923892,0.0179916114914559,0.0179916114914559,0.176703976882429,1.000674010827856,5.1187353131207416e-09]"
/multi_agv/m2b_algorithm_state,1789558503.647293,1789558503.647293,m2b_algorithm_state_v1:header6+3x20,"[1.0,-0.15,0.52,2.509837965523657,0.10125021322752396,1789558503.6471984,2.5084131223126787,0.10107512019512653,0.0036904376666666654,0.0015399489107727105,0.0006969418633027578,0.0005696286727637778,0.004584685874999997,2.510963088838164,0.1001943446208553,0.0025499665254855586,-0.0008807755742712281,-0.0008820218049407591,1.0028392467715976,2.577379581143822e-08,0.002305436351916189,-0.006223379046294154,-0.006223379046294154,0.14195256469948328,0.9985870749877724,2.5846973977987663e-08,2.5093937267368025,0.10150144928093163,0.002796189458333334,-0.000943404181325437,0.0016673264706397184,0.0007537051259131483,-0.0017884964166666626,2.5063942021231984,0.10239830462994184,-0.0029995246136040876,0.0008968553490102116,0.0008955877952301656,0.9971829552802037,-1.631897205889464e-08,-0.002853817971774944,0.008814801565586504,0.008814801565586504,0.12046877488069398,1.0014153316813794,-1.6273000784823628e-08,2.5087070046902866,0.10117407324082359,0.0036904376666666654,0.0013233092128175764,0.0009826313241991132,0.0005149340029849264,0.0032930326916666636,2.504497523786458,0.10008220834238038,-0.004209480903828666,-0.0010918648984432067,-0.0010937805580955352,1.0035234189012807,3.402558288982356e-08,-0.006355631687881368,0.024287289979511493,0.024287289979511493,0.17670397692961043,0.9982485886788259,3.414546927170466e-08]"
/multi_agv/m2b_algorithm_state,1789558503.6577327,1789558503.6577327,m2b_algorithm_state_v1:header6+3x20,"[1.0,-0.15,0.52,2.5108407556843204,0.10125019457200353,1789558503.6575675,2.509413137023782,0.10107511717239467,0.0036904376666666654,0.0015399716803810915,0.0006969400380894433,0.0005696197524712093,0.004584685874999997,2.5122974103106612,0.10131791155567385,0.0028842732868792353,0.0002427943832791768,0.00024270048415840208,0.999227222824954,1.9570018427172743e-09,0.003848042092757446,-0.012241678345917198,-0.012241678345917198,0.1419525653586994,1.0003868930097124,1.9554895163616996e-09,2.5103937403379164,0.10150145161046066,0.002796189458333334,-0.0009434248706114328,0.001667324442778284,0.0007537151488101329,-0.0017884964166666626,2.507418187831854,0.10239830462994184,-0.0029755525060624066,0.0008968530194811836,0.0008955854723036989,0.9971829626119452,-1.631924501819254e-08,-0.0028238551602743096,0.008708079356102523,0.008708079356102523,0.12046877451160777,1.0014153279800577,-1.6273273094831467e-08,2.5097070192092725,0.10117407089971651,0.0036904376666666654,0.00132332388284196,0.0009826299557179844,0.0005149283559290571,0.0032930326916666636,2.505509175627114,0.0991504690606135,-0.004197843582158356,-0.002023601839103009,-0.0020302282842860663,1.0065990634840325,1.1694855518764874e-07,-0.007277532761984011,0.02787485062178553,0.02787485062178553,0.17670397561149306,0.9967361083310949,1.1772030612769792e-07]"
/multi_agv/m2b_algorithm_state,1789558503.6675503,1789558503.6675503,m2b_algorithm_state_v1:header6+3x20,"[1.0,-0.15,0.52,2.511847561547873,0.10125015075800747,1789558503.6673958,2.51041592197522,0.1010750722227586,0.0036904376666666654,0.0015402909668101239,0.0006969095990438485,0.0005694971878901721,0.004584685874999997,2.513423767755998,0.10248990643724569,0.0030078457807780623,0.0014148342144870846,0.00141167379433257,0.9955563878589507,6.641234128778953e-08,0.005171481020305148,-0.01754929712080974,-0.01754929712080974,0.14195257097198552,1.002238775110229,6.611723060172761e-08,2.5113965367310644,0.10150147920616165,0.002796189458333334,-0.0009437674111416596,0.0016673431402320915,0.0007538539024743579,-0.0017884964166666626,2.5086670187975186,0.10425764755465851,-0.002729517933545811,0.0027561683484968597,0.002744365293415509,0.9915250667773979,-1.539686116493533e-07,-0.0006675321235167547,0.00019782016776655458,0.00019782016776655458,0.12046877120369381,1.0043008323672034,-1.526637379472483e-07,2.510709808346677,0.10117403228709033,0.0036904376666666654,0.0013235364618471202,0.0009826185980608146,0.0005148421190027835,0.0032930326916666636,2.506620950511766,0.10064881363755515,-0.004088857834910975,-0.0005252186495351835,-0.0005256600204866784,1.001684046018281,7.871429203741992e-09,-0.005636732314125397,0.021532457621135506,0.021532457621135506,0.1767039645636712,0.9991603490197214,7.884685052750735e-09]"
/multi_agv/m2b_algorithm_state,1789558503.677387,1789558503.677387,m2b_algorithm_state_v1:header6+3x20,"[1.0,-0.15,0.52,2.512838236743587,0.1012502106254957,1789558503.677247,2.5114227143915135,0.10107496898832737,0.0036904376666666654,0.0015410208837785444,0.0006968372627971669,0.0005692184247770598,0.004584685874999997,2.514502980351603,0.1027458413264446,0.003080265960089257,0.0016708723381172325,0.0016664730897352066,0.9947675251111506,9.265067586838158e-08,0.005516805539846778,-0.01891430634293865,-0.01891430634293865,0.14193407102493102,1.0026398556383078,9.216588353346535e-08,2.512403359042953,0.10150154056991746,0.002796189458333334,-0.0009445545579219749,0.001667392485239727,0.0007541694357299372,-0.0017884964166666626,2.5096990226092846,0.10425764755465851,-0.0027043364336685194,0.002756106984741047,0.0027443044596335777,0.9915252566563965,-1.5409013124413493e-07,-0.0006361160824520716,8.447152096865279e-05,8.447152096865279e-05,0.12045715064842025,1.0043007345872421,-1.527842569300587e-07,2.511716611209153,0.10117394271577762,0.0036904376666666654,0.001324025520075781,0.0009825921412032201,0.0005146438930758129,0.0032930326916666636,2.5077423092753444,0.10200481003491813,-0.003974301933808544,0.0008308673191405047,0.0008297740310847104,0.997376597416675,1.9687091219121486e-08,-0.004138103386175969,0.015682412244185175,0.015682412244185175,0.17666781649739902,1.0013175732366137,1.9635444053159086e-08]"
/multi_agv/m2b_algorithm_state,1789558503.6880634,1789558503.6880634,m2b_algorithm_state_v1:header6+3x20,"[1.0,-0.15,0.52,2.51383832866634,0.10125020927229868,1789558503.687322,2.512413408591744,0.10107511630200008,0.0036904376666666654,0.0015399753269537413,0.0006969293512523393,0.0005696237305427092,0.004584685874999997,2.5154803824925946,0.10150833965777026,0.0030669739008506447,0.0004332233557701737,0.00043292482926362294,0.9986240923258026,6.229884248439324e-09,0.004266642205326928,-0.013825055773232257,-0.013825055773232257,0.14195256773210865,1.0006895573697137,6.221312502892535e-09,2.51339401135626,0.10150144727733955,0.002796189458333334,-0.0009434121642727805,0.0016673238380184863,0.000753709955531548,-0.0017884964166666626,2.51070694233112,0.10382050877511795,-0.00268706902513971,0.002319061497778399,0.0023106774673526532,0.9928332603730471,-1.0899941585065005e-07,-0.0010481588140719843,0.0017564740515090696,0.0017564740515090696,0.12046877310869175,1.0036283862824662,-1.0821824541775847e-07,2.512707290282757,0.10117406829714747,0.0036904376666666654,0.0013233368571779424,0.0009826217330426434,0.0005149270090716706,0.0032930326916666636,2.5086986617440417,0.10088257664987217,-0.004008628538715531,-0.00029149164727529375,-0.00029162735633366785,1.0009321603371155,2.423758964403137e-09,-0.005302413029728081,0.020258447382734916,0.020258447382734916,0.17670397094136614,0.9995346490806616,2.4260182963764817e-09]"
/multi_agv/m2b_algorithm_state,1789558503.6975064,1789558503.6975064,m2b_algorithm_state_v1:header6+3x20,"[1.0,-0.15,0.52,2.51483986599269,0.10125019878105812,1789558503.6973007,2.513413500827205,0.10107511236048759,0.0036904376666666654,0.0015400048766599493,0.0006969269035995039,0.0005696121951211965,0.004584685874999997,2.5156809813271765,0.10149476516358144,0.002267480499971608,0.0004196528030938479,0.00041937265736389286,0.9986669867526129,5.8458685742260995e-09,0.003253723282328403,-0.010216973402352085,-0.010216973402352085,0.14195256852533134,1.0006680114333537,5.838075953974172e-09,2.5143941027597876,0.10150145024558647,0.002796189458333334,-0.0009434402036449523,0.0016673222803431642,0.0007537229198633782,-0.0017884964166666626,2.511740691650276,0.10382050877511795,-0.002653411109511783,0.002319058529531473,0.002310674520718852,0.9928332695944427,-1.090023751821483e-07,-0.0010060893661708765,0.0016058997421404299,0.0016058997421404299,0.12046877263313753,1.0036283815558813,-1.0822118454565244e-07,2.513707382412027,0.10117406521082198,0.0036904376666666654,0.0013233558131800654,0.0009826201178574807,0.0005149196325372946,0.0032930326916666636,2.5095916556678217,0.09967059723754908,-0.00411572674420535,-0.0015034679732729012,-0.0015071114575333502,1.004874237641771,6.453459166323188e-08,-0.006651769887790038,0.025483010085034157,0.025483010085034157,0.17670396934487875,0.9975824719251939,6.484914859911312e-08]"
/multi_agv/m2b_algorithm_state,1789558503.7074077,1789558503.7074077,m2b_algorithm_state_v1:header6+3x20,"[1.0,-0.15,0.52,2.515838665271811,0.10125020605951486,1789558503.7072372,2.514415035521499,0.10107508678413211,0.0036904376666666654,0.0015401874048720098,0.0006969095357449713,0.0005695421105890853,0.004584685874999997,2.516748469735647,0.1025206334416753,0.002333434214147889,0.0014455466575431786,0.001442248306819988,0.9954615174762698,6.932069745723534e-08,0.0043590410745048495,-0.014666502319185887,-0.014666502319185887,0.14195257193940514,1.0022869506641774,6.900608668329289e-08,2.515395643180152,0.10150146618873516,0.002796189458333334,-0.0009436342938532595,0.0016673315623854101,0.0007538022230311331,-0.0017884964166666626,2.5119957456225857,0.10376053360583423,-0.0033998975575664225,0.002259067417099067,0.0022511079344913654,0.9930138620423521,-1.0346170801804713e-07,-0.0019987640124666628,0.005183962381959001,0.005183962381959001,0.12046877066394013,1.0035358067402043,-1.0273891025249917e-07,2.5147089192764196,0.10117404337030708,0.0036904376666666654,0.0013234770545161845,0.0009826132698194552,0.0005148706412114903,0.0032930326916666636,2.5100119473768014,0.10118931058997883,-0.004696971899618152,1.5267219671752374e-05,1.5266848247754405e-05,0.999951346404267,6.648288808113624e-12,-0.005855948026274936,0.02210634742818537,0.02210634742818537,0.17670396268431093,1.0000243287934707,6.647965344957638e-12]"
/multi_agv/m2b_algorithm_state,1789558503.717371,1789558503.717371,m2b_algorithm_state_v1:header6+3x20,"[1.0,-0.15,0.52,2.516838260838247,0.10125020806904177,1789558503.7172213,2.5154138376714394,0.10107510443381906,0.0036904376666666654,0.0015400634259765044,0.000696920059182737,0.0005695903765415428,0.004584685874999997,2.5178768025576868,0.10328907571719038,0.0024629648862473097,0.0022139712833713215,0.002206279148620072,0.9931096285367245,1.6250282878947374e-07,0.005284985256429209,-0.018370011276234718,-0.018370011276234718,0.1419525704163705,1.0034864739378335,1.6138312393528121e-07,2.5163944389124415,0.10150145521185695,0.002796189458333334,-0.0009434951805348544,0.0016673209218920348,0.0007537474570262492,-0.0017884964166666626,2.5130310582658937,0.10376053360583423,-0.003363380646547842,0.002259078393977279,0.0022511188334882826,0.9930138279220313,-1.0344746502256831e-07,-0.0019531069746965201,0.005020743902009196,0.005020743902009196,0.12046877154573814,1.003535824217979,-1.02724763230891e-07,2.5157077192315516,0.1011740585328686,0.0036904376666666654,0.001323395522163367,0.0009826158376510467,0.0005149046466158477,0.0032930326916666636,2.5111495501324894,0.102565642856857,-0.004558169099062148,0.0013915843239884068,0.0013885304919380673,0.9956341429384833,5.517646530817006e-08,-0.004309180881889618,0.01606666863143938,0.01606666863143938,0.1767039656947547,1.0021993266032474,5.493557274747485e-08]"
/multi_agv/m2b_algorithm_state,1789558503.7273479,1789558503.7273479,m2b_algorithm_state_v1:header6+3x20,"[1.0,-0.15,0.52,2.517842962879166,0.1012501774310083,1789558503.7272007,2.5164134345134346,0.10107510885546381,0.0036904376666666654,0.0015400337497548096,0.0006969225484435345,0.0005696019451704003,0.004584685874999997,2.518996505011915,0.10360897702325338,0.0025830704984803887,0.0025338681677895686,0.00252381699557856,0.9921428325079902,2.1280038927526533e-07,0.005752655118679046,-0.02021157786988137,-0.02021157786988137,0.14195257030595743,1.0039825281423405,2.111283809743647e-07,2.5173940328248157,0.10150145284399525,0.002796189458333334,-0.0009434589300940277,0.0016673159597058174,0.00075373432486045,-0.0017884964166666626,2.514233348938208,0.10343605681140769,-0.003160683886607618,0.001934603967412435,0.001928752261890988,0.9939949807916126,-7.588032611357392e-08,-0.002022102596368535,0.005407554825296165,0.005407554825296165,0.12046877158412185,1.0030339331997515,-7.542466329772321e-08,2.516707315176491,0.10117406250766625,0.0036904376666666654,0.001323375778868386,0.0009826158167822955,0.0005149132154160119,0.0032930326916666636,2.512367970840275,0.10221200537141312,-0.004339344336215856,0.0010379428637468657,0.0010362393858723666,0.9967304892279681,3.0703425133263555e-08,-0.004387941034397453,0.016488815811189148,0.016488815811189148,0.17670396584570838,1.0016439038099918,3.0603039954052075e-08]"
/multi_agv/m2b_algorithm_state,1789558503.737085,1789558503.737085,m2b_algorithm_state_v1:header6+3x20,"[1.0,-0.15,0.52,2.5188392254320227,0.10125020149316315,1789558503.7370074,2.51741812745986,0.10107503534885973,0.0036904376666666654,0.0015405554387817781,0.0006968724479427201,0.000569401874344749,0.004584685874999997,2.519951683961211,0.10329417034518243,0.0025335565013508976,0.0022191349963227025,0.0022114072339573395,0.9930939589137783,1.6331331338695035e-07,0.005378352860645962,-0.018706231012257803,-0.018706231012257803,0.14194284412382133,1.0034944999033644,1.6218546493477308e-07,2.5183987458719526,0.10150149773565176,0.002796189458333334,-0.0009440212916487622,0.0016673489783594064,0.0007539609139303877,-0.0017884964166666626,2.5152658678273303,0.10343605681140769,-0.003132878044622256,0.0019345590757559317,0.0019287076433953754,0.9939951207458602,-7.592201899192369e-08,-0.0019873899123824448,0.005282952578546206,0.005282952578546206,0.12046265949355218,1.003033861757428,-7.546611643514668e-08,2.5177120153056856,0.1011739992085134,0.0036904376666666654,0.0013237233797446534,0.000982597549031872,0.0005147720461182912,0.0032930326916666636,2.5132974792605762,0.10122479120743305,-0.00441453604510933,5.0791998919649806e-05,5.078788908546223e-05,0.9998382010827059,7.359539397010838e-11,-0.0054673821673012,0.02071356479910163,0.02071356479910163,0.1766849516546675,1.0000809215397921,7.358348631504619e-11]"
/multi_agv/m2b_algorithm_state,1789558503.7471776,1789558503.7471776,m2b_algorithm_state_v1:header6+3x20,"[1.0,-0.15,0.52,2.5198392773779896,0.10125020079475967,1789558503.7470648,2.5184143979261773,0.10107509474728761,0.0036904376666666654,0.001540134658580565,0.0006969084974603134,0.000569565513975148,0.004584685874999997,2.5209849980530628,0.10339243642902538,0.0025706001268854806,0.002317341681737764,0.002308921091364972,0.9927964319769734,1.7802608329721012e-07,0.005522171249971822,-0.01927259106579265,-0.01927259106579265,0.14195257332277272,1.0036469805764623,1.7674366029630567e-07,2.519394998883793,0.10150145996334352,0.002796189458333334,-0.0009435589892269457,0.0016673203553114746,0.0007537754105411271,-0.0017884964166666626,2.5162515781294883,0.10288379691841028,-0.0031434207543048487,0.0013823369550667597,0.00137933676500454,0.9956820359749441,-3.876097463170506e-08,-0.002549939177876521,0.007527727858187875,0.007527727858187875,0.1204687698537396,1.0021750961319513,-3.859360613766925e-08,2.5187082794860975,0.1011740497688583,0.0036904376666666654,0.0013234470419261836,0.000982608421146858,0.0005148861725292209,0.0032930326916666636,2.514373499999925,0.10247452784534722,-0.0043347794861725575,0.0013004780764889201,0.0012978091780686428,0.995915734377314,4.819330009744415e-08,-0.004120665179647054,0.015430943261737986,0.015430943261737986,0.17670395999976196,1.0020564644366663,4.7996465858612365e-08]"
/multi_agv/m2b_algorithm_state,1789558503.757158,1789558503.757158,m2b_algorithm_state_v1:header6+3x20,"[1.0,-0.15,0.52,2.5208394150203333,0.10125019959367591,1789558503.757034,2.519414450222619,0.10107509294917255,0.0036904376666666654,0.0015401489094456484,0.0006969063036202697,0.0005695604779423322,0.004584685874999997,2.5221977338403407,0.10405958365218924,0.0027832836177217324,0.002984490703016693,0.00297059427841784,0.9907931512773734,2.9514070443703104e-07,0.0064496988005700055,-0.022949202148813172,-0.022949202148813172,0.14195257405811795,1.0046779948038727,2.9242338861938985e-07,2.5203950503373442,0.1015014611582781,0.002796189458333334,-0.0009435703202732406,0.0016673188780647052,0.0007537810905552667,-0.0017884964166666626,2.517276852924134,0.10288379691841028,-0.0031181974132103996,0.0013823357601321778,0.0013793355752785156,0.9956820397191126,-3.876137291510821e-08,-0.002518411191234484,0.007415252199512481,0.007415252199512481,0.12046876942052819,1.002175094231914,-3.859400284642811e-08,2.5197083315740048,0.10117404827682838,0.0036904376666666654,0.0013234570136644438,0.000982606670815023,0.0005148827606133921,0.0032930326916666636,2.51549843406136,0.10360571799202796,-0.004209897512644556,0.0024316697151995775,0.002422418290766064,0.9924611434336048,1.683564777612782e-07,-0.002839953600039631,0.010387886087587658,0.010387886087587658,0.17670395855560248,1.0038190862696086,1.6708726242341244e-07]"
/multi_agv/m2b_algorithm_state,1789558503.76731,1789558503.76731,m2b_algorithm_state_v1:header6+3x20,"[1.0,-0.15,0.52,2.5218508553353653,0.10125012576469711,1789558503.767187,2.520414588035317,0.10107508999130516,0.0036904376666666654,0.0015401713977248595,0.0006969032123932625,0.000569552338106857,0.004584685874999997,2.5233164251236215,0.1048946368057899,0.002901837088304493,0.0038195468144847505,0.003796930145553698,0.9883295335153764,4.831026389714981e-07,0.007424226505934314,-0.026902422895176706,-0.026902422895176706,0.1419516586165764,1.0059565670328534,4.774646058147481e-07,2.5213951877139165,0.10150146302884754,0.002796189458333334,-0.0009435906223301078,0.0016673180807496024,0.0007537903055148676,-0.0017884964166666626,2.518185255820005,0.10237350447345087,-0.0032099318939113886,0.0008720414446033303,0.0008708428356208472,0.9972601218799084,-1.543177106164071e-08,-0.0031415720317683887,0.009849618098970243,0.009849618098970243,0.12046819413074913,1.0013763780712839,-1.538948988975466e-08,2.5207084693117663,0.10117404576087505,0.0036904376666666654,0.0013234725857133563,0.0009826045916000899,0.0005148770922522028,0.0032930326916666636,2.5163542519140307,0.10264257340331742,-0.00435421739773556,0.0014685276424423743,0.0014651287520530316,0.9953967851022353,6.14468981227083e-08,-0.003977642995116419,0.014852867379865405,0.014852867379865405,0.176702168735422,1.0023198578176695,6.116404484584842e-08]"
/multi_agv/m2b_algorithm_state,1789558503.7772658,1789558503.7772658,m2b_algorithm_state_v1:header6+3x20,"[1.0,-0.15,0.52,2.5228451276017787,0.10125016405163738,1789558503.777135,2.5214260054090696,0.10107491418122638,0.0036904376666666654,0.0015414162301537618,0.0006967828406530421,0.0005690753661217627,0.004584685874999997,2.5243730029810663,0.10464090855806898,0.002946997571996679,0.0035659943768426017,0.0035462426464385965,0.9890724178994931,4.2151563066873e-07,0.007229989611434446,-0.02606403759438922,-0.02606403759438922,0.14190984450649413,1.0055697628090512,4.169094840079505e-07,2.5224066560197778,0.10150156925510076,0.002796189458333334,-0.0009449375473018339,0.0016674020532372325,0.0007543304712109566,-0.0017884964166666626,2.519197766838456,0.10237350447345087,-0.0032088891813217835,0.0008719352183501061,0.0008707369021291346,0.9972604562822178,-1.545002804006973e-08,-0.0031403745745230945,0.009844051107942677,0.009844051107942677,0.12044193718084745,1.001376209298172,-1.5407702012812997e-08,2.5217199045772487,0.10117389385776418,0.0036904376666666654,0.0013243032738651465,0.0009825616621686132,0.0005145393514403717,0.0032930326916666636,2.5172849945422078,0.10172376756695876,-0.004434910035040929,0.0005498737091945843,0.0005493938420364314,0.9982582585152807,8.62626369026574e-09,-0.004994243701764729,0.018840414944334388,0.018840414944334388,0.17662050446034716,1.0008734483742558,8.611238968938276e-09]"
/multi_agv/m2b_algorithm_state,1789558503.7873566,1789558503.7873566,m2b_algorithm_state_v1:header6+3x20,"[1.0,-0.15,0.52,2.523843066804807,0.10125017797490139,1789558503.7871873,2.522420289501616,0.10107501166376921,0.0036904376666666654,0.0015407220597366236,0.0006968384682283001,0.0005693473255306278,0.004584685874999997,2.525424191540145,0.10464090855806898,0.0030039020385292936,0.003565896894299772,0.0035461462554951264,0.9890727190719186,4.213026118170876e-07,0.007301023803656744,-0.0263199552554681,-0.0263199552554681,0.1419288924701385,1.005569606378767,4.166989198220279e-07,2.523400914350772,0.10150150470054428,0.002796189458333334,-0.000944175616500652,0.0016673602469792215,0.000754021946720751,-0.0017884964166666626,2.5202631176754373,0.10277237283429902,-0.0031377966753347586,0.0012708681337547378,0.0012683301473799175,0.996025173272592,-3.278586384972185e-08,-0.0026539156967885307,0.007944948314758334,0.007944948314758334,0.12045389879634937,1.0020010455322403,-3.265554572181082e-08,2.522714178952949,0.1011739757905986,0.0036904376666666654,0.0013238515823322029,0.000982577977603128,0.0005147266554069146,0.0032930326916666636,2.518306878450961,0.10172376756695876,-0.004407300501988232,0.0005497917763601645,0.0005493120524298698,0.9982585183543619,8.620749108657455e-09,-0.0049598135750554195,0.018717530836181193,0.018717530836181193,0.17665770258020802,1.00087331768559,8.605736232313077e-09]"
/multi_agv/m2b_algorithm_state,1789558503.797289,1789558503.797289,m2b_algorithm_state_v1:header6+3x20,"[1.0,-0.15,0.52,2.5248469918085874,0.10125015333522504,1789558503.797158,2.523418233330088,0.10107504743256596,0.0036904376666666654,0.0015404679109562109,0.0006968577145429746,0.0005694474775160105,0.004584685874999997,2.5262316745653735,0.10358817452019109,0.0028134412352853744,0.0025131270876251333,0.0025032382255211977,0.9922052915446739,2.093932178120788e-07,0.006020039769627916,-0.021157739517484873,-0.021157739517484873,0.1419349434060524,1.0039504278910076,2.0776105872671105e-07,2.5243988480953665,0.10150148069979026,0.002796189458333334,-0.0009438934950226708,0.0016673438716794386,0.0007539081746665566,-0.0017884964166666626,2.520947392434705,0.10209496593643991,-0.0034514556606617397,0.000593485236649649,0.0005929288961707719,0.9981293939307939,-7.151335854292992e-09,-0.003721390679656403,0.012027039105548486,0.012027039105548486,0.12045769844371407,1.0009382920658279,-7.137958522041021e-09,2.5237121189889655,0.101174005792348,0.0036904376666666654,0.0013236869210331002,0.0009825827534714953,0.0005147955454095831,0.0032930326916666636,2.519115048020719,0.10261254378726813,-0.004597070968246353,0.0014385379949201221,0.0014352757652452235,0.9954892455480113,5.897369221597865e-08,-0.004311062945062717,0.01605484708820285,0.01605484708820285,0.17666952036313135,1.00227289399981,5.8707676371265216e-08]"
/multi_agv/m2b_algorithm_state,1789558503.807286,1789558503.807286,m2b_algorithm_state_v1:header6+3x20,"[1.0,-0.15,0.52,2.52584255803742,0.10125018259281603,1789558503.8070836,2.5244221508987184,0.10107498998884376,0.0036904376666666654,0.0015408743220959474,0.000696815819459395,0.0005692931068208506,0.004584685874999997,2.527243705830382,0.10335437807244602,0.0028215549316636945,0.0022793880836022573,0.002271238702699782,0.9929113275796194,1.723300870532079e-07,0.0057981823672794,-0.020239606988032507,-0.020239606988032507,0.1419197737761496,1.0035880776832433,1.7110849551791202e-07,2.525402782260764,0.1015015142423829,0.002796189458333334,-0.0009443291549996822,0.0016673713565298343,0.0007540827214735923,-0.0017884964166666626,2.521921879855052,0.10219186031670954,-0.003480902405712083,0.0006903460743266365,0.0006895938708981874,0.9978264985024556,-9.679911755479753e-09,-0.0036615341362419163,0.011774310113086444,0.011774310113086444,0.12044817261673409,1.0010907919286889,-9.658872452783121e-09,2.5247160422662795,0.10117395577444846,0.0036904376666666654,0.0013239602989261494,0.0009825666675894245,0.0005146854139408078,0.0032930326916666636,2.519998623127938,0.10170406193599109,-0.004717419138341672,0.0005301061615426289,0.0005296601096245981,0.9983204970970015,8.015230832727148e-09,-0.005367113813302492,0.02017393306670042,0.02017393306670042,0.1766398943293783,1.000842147463865,8.00176922927538e-09]"
/multi_agv/m2b_algorithm_state,1789558503.8173907,1789558503.8173907,m2b_algorithm_state_v1:header6+3x20,"[1.0,-0.15,0.52,2.5268431664948467,0.10125017898985073,1789558503.8172386,2.525417726547425,0.10107506290134383,0.0036904376666666654,0.001540356871459599,0.0006968593110626912,0.000569494778072735,0.004584685874999997,2.5282929334320476,0.10342162424024785,0.0028752068846227274,0.002346561338904027,0.0023379289674240107,0.9927080344801668,1.8256626279702202e-07,0.0059319375732024195,-0.02075424891586324,-0.02075424891586324,0.14193423665527713,1.0036923155494872,1.8123499590362132e-07,2.5263983372334677,0.1015014672200328,0.002796189458333334,-0.0009437607014098032,0.0016673375881421926,0.0007538538816502932,-0.0017884964166666626,2.5229420862335994,0.10219186031670954,-0.003456250999868349,0.0006903930966767474,0.0006896407905606726,0.9978263502289746,-9.675404465729411e-09,-0.0036306729592747635,0.011665036638277433,0.011665036638277433,0.12045725464306349,1.0010908666168994,-9.654373525027901e-09,2.5257116103313684,0.10117401765707147,0.0036904376666666654,0.0013236210344059782,0.0009825796503878381,0.0005148257187172454,0.0032930326916666636,2.5210777193331078,0.10239766345656227,-0.004633890998260615,0.0012236457994908023,0.001221281565681206,0.9961536659958905,4.267499475350505e-08,-0.004571082182144562,0.01706791667120949,0.01706791667120949,0.17666813997918973,1.0019358630114732,4.2510852470059454e-08]"
/multi_agv/m2b_algorithm_state,1789558503.8271651,1789558503.8271651,m2b_algorithm_state_v1:header6+3x20,"[1.0,-0.15,0.52,2.5278377947427932,0.1012502133523178,1789558503.8270543,2.5264183343667206,0.10107505481572941,0.0036904376666666654,0.0015404149670395265,0.000696851912151963,0.0005694734445818914,0.004584685874999997,2.5294139294193556,0.10332817743677002,0.002995595052635025,0.002253122621040604,0.00224515838944805,0.9929909129135356,1.6833449864983678e-07,0.005989652205241831,-0.020911286259370603,-0.020911286259370603,0.1419308241763824,1.0035472916432022,1.6715462748914375e-07,2.5273989464862248,0.10150147158201128,0.002796189458333334,-0.0009438186898095948,0.001667339974133597,0.0007538777764816845,-0.0017884964166666626,2.5240205376500606,0.10401831350828471,-0.0033784088361641373,0.002516841926273425,0.002506981713083655,0.9922396758162725,-1.2842049926972096e-07,-0.0017160293321215165,0.004059863647203385,0.004059863647203385,0.12045511182779382,1.003933101361813,-1.2742391456355177e-07,2.5267122186315953,0.10117401057181147,0.0036904376666666654,0.0013236608810029554,0.0009825757677503384,0.0005148104663432814,0.0032930326916666636,2.5219293604750312,0.10167079617928208,-0.004782858156564096,0.0004967856074706151,0.0004963937691761256,0.9984254698806204,7.037855083739324e-09,-0.005482178926528994,0.020595641808051787,0.020595641808051787,0.17666147524522888,1.0007893698890293,7.026773768934148e-09]"
/multi_agv/m2b_algorithm_state,1789558503.8373444,1789558503.8373444,m2b_algorithm_state_v1:header6+3x20,"[1.0,-0.15,0.52,2.528851209051069,0.10125012624689234,1789558503.8372962,2.5274129739993207,0.10107513738920339,0.0036904376666666654,0.001539831740280119,0.0006969055195665593,0.0005696983653463578,0.004584685874999997,2.530424248781274,0.10313457529297092,0.003011274781953066,0.0020594379037675303,0.0020527743003411827,0.9935792486356073,1.40604421871033e-07,0.005816867777782515,-0.02019157349690368,-0.02019157349690368,0.14194861554356034,1.0032461451925037,1.397016358374649e-07,2.5283935608605965,0.1015014209511156,0.002796189458333334,-0.0009431805079247809,0.0016672983534093966,0.000753622796393405,-0.0017884964166666626,2.5250167236066368,0.10354418543491324,-0.0033768372539597635,0.0020427644837976433,0.0020362455300580386,0.9936670956696211,-8.457047925513245e-08,-0.002184801037391666,0.005942907768593691,0.005942907768593691,0.120466283398522,1.003201457605861,-8.40349025008354e-08,2.527706849368463,0.1011740817166344,0.0036904376666666654,0.0013232736318094644,0.0009825930326239577,0.0005149693432759776,0.0032930326916666636,2.522883047613904,0.10101594179541307,-0.004823801754558765,-0.0001581399212213369,-0.00015817982389623392,1.000504951756614,7.132782861465264e-10,-0.00618793201709469,0.02334922371975735,0.02334922371975735,0.17669622465609688,0.9997477385300215,7.136384572700707e-10]"
/multi_agv/m2b_algorithm_state,1789558503.8470018,1789558503.8470018,m2b_algorithm_state_v1:header6+3x20,"[1.0,-0.15,0.52,2.5298391682641133,0.1012502039724746,1789558503.8468504,2.5284263614913627,0.10107492765520142,0.0036904376666666654,0.0015413187920300798,0.0006967654807336736,0.0005691266311666831,0.004584685874999997,2.531412753684597,0.10245588286542119,0.0029863921932342663,0.0013809552102197753,0.0013779435554515888,0.9956611100426698,6.331368880257035e-08,0.005110933796994422,-0.01731473986323842,-0.01731473986323842,0.14189980762204327,1.0021856154820503,6.303897767406335e-08,2.5294070077122086,0.10150154967508418,0.002796189458333334,-0.0009447914139569641,0.0016673959834188068,0.0007542702845755728,-0.0017884964166666626,2.525881535285429,0.1029013553424521,-0.0035254724267796966,0.001399805667367915,0.0013967295827826988,0.9956283473200771,-3.9798209157053395e-08,-0.0030101109506919218,0.009160710729872698,0.009160710729872698,0.12043563389739412,1.002202347987137,-3.962422520933583e-08,2.5287202579496357,0.10117390141039137,0.0036904376666666654,0.001324261636245648,0.000982543866251762,0.0005145666562135416,0.0032930326916666636,2.5237746816280078,0.09991565093869006,-0.004945576321627954,-0.0012582504717013054,-0.0012607976582965999,1.0040679838827513,4.522347303369884e-08,-0.007442768060331542,0.028190933083128356,0.028190933083128356,0.17660090591903926,0.9979797023110466,4.540744139312196e-08]"
/multi_agv/m2b_algorithm_state,1789558503.8571343,1789558503.8571343,m2b_algorithm_state_v1:header6+3x20,"[1.0,-0.15,0.52,2.5308376744569827,0.10125021309132975,1789558503.85704,2.5294143452135343,0.10107511804473474,0.0036904376666666654,0.001539968682784771,0.0006968854277872075,0.0005696494571489655,0.004584685874999997,2.5324453625117505,0.10285909854407371,0.0030310172982161987,0.0017839804993389774,0.0017789697923927515,0.9944205313289358,1.0553805975968142e-07,0.005567741415163,-0.019156430256625237,-0.019156430256625237,0.14194123407547324,1.0028166340809455,1.0494921346164738e-07,2.530394937419499,0.10150142984978532,0.002796189458333334,-0.0009433179485061676,0.0016673074661577303,0.0007536776319321814,-0.0017884964166666626,2.526908237365708,0.1029013553424521,-0.0034867000537910364,0.0013999254926667787,0.0013968488791986206,0.9956279719237043,-3.9742962682392865e-08,-0.002961526188040175,0.008988814980981332,0.008988814980981332,0.12046164851808099,1.0022025385236542,-3.956920533371027e-08,2.5297082221593064,0.10117406402290371,0.0036904376666666654,0.00132337076422311,0.0009825827849170967,0.0005149325705409934,0.0032930326916666636,2.524659257523302,0.09869265167790886,-0.005048964636004349,-0.0024814123449948544,-0.0024914106222522826,1.0081337766488248,1.7590939355842652e-07,-0.008802616417257719,0.03339995288957586,0.03339995288957586,0.17668180689342902,0.9959869010880311,1.7734020127606097e-07]"
/multi_agv/m2b_algorithm_state,1789558503.8672936,1789558503.8672936,m2b_algorithm_state_v1:header6+3x20,"[1.0,-0.15,0.52,2.531841461164615,0.10125018830450268,1789558503.867201,2.530412855095003,0.10107513802756396,0.0036904376666666654,0.001539830671468222,0.0006969001357674635,0.0005697016290046596,0.004584685874999997,2.5335531912743066,0.10399244065641804,0.003140336179303649,0.0029173026288540765,0.002904018074568428,0.9909934921135237,2.819577209831186e-07,0.006829438298697988,-0.02427523775245316,-0.02427523775245316,0.141945275508993,1.004574542562936,2.7941826654543126e-07,2.5313934389315995,0.101501419255171,0.002796189458333334,-0.0009431646612116586,0.0016672934238504133,0.0007536184915237776,-0.0017884964166666626,2.5281801231552046,0.10610667534191587,-0.0032133157763949427,0.004605256086744863,0.004572765120453598,0.9861380574797471,-4.289738208782802e-07,0.0005561203999599196,-0.005049416044730453,-0.005049416044730453,0.12046418619185063,1.0071053214926646,-4.2302741043057223e-07,2.5307067293443457,0.10117408199125427,0.0036904376666666654,0.0013232762651413199,0.0009825872659881439,0.0005149712013507906,0.0032930326916666636,2.525776249132742,0.0996204513424288,-0.004930480211603694,-0.0015536306488254659,-0.0015575227866128035,1.0050397132270912,6.891095809163273e-08,-0.0077206230511174204,0.029274253095866,0.029274253095866,0.17668970067632636,0.9975010716884585,6.925824955861867e-08]"
/multi_agv/m2b_algorithm_state,1789558503.8769956,1789558503.8769956,m2b_algorithm_state_v1:header6+3x20,"[1.0,-0.15,0.52,2.5328377818804633,0.10125021181256337,1789558503.8768737,2.5314166347838936,0.10107507654341284,0.0036904376666666654,0.0015402696438434863,0.0006968606076130251,0.0005695319132360624,0.004584685874999997,2.5346954618773574,0.10478578392768423,0.003278827093463832,0.003710707384271386,0.0036893436010492753,0.9886478853157946,4.5603021051557425e-07,0.007787877467879066,-0.028150090560254255,-0.028150090560254255,0.14193059388322687,1.0057906732287105,4.5085330326633914e-07,2.532397233980819,0.10150145856121869,0.002796189458333334,-0.0009436382760922564,0.0016673184486131198,0.0007538107701480223,-0.0017884964166666626,2.5292338480694365,0.10610667534191587,-0.0031633859113826546,0.004605216780697183,0.004572726376891105,0.9861381770751518,-4.291818427259763e-07,0.000618493987662787,-0.005274769269729224,-0.005274769269729224,0.12045496721653655,1.0071052586855564,-4.232326000195488e-07,2.5317105147291317,0.1011740298088765,0.0036904376666666654,0.0013235653965072134,0.0009825731133816795,0.0005148532357984771,0.0032930326916666636,2.526843784699459,0.10047611115528303,-0.004866730029672528,-0.0006979186535934767,-0.0006986990214304246,1.002242162418127,1.3900942753484062e-08,-0.006782111558521085,0.025653499346072185,0.025653499346072185,0.17666102547185167,0.9988831130243316,1.393211092490246e-08]"
/multi_agv/m2b_algorithm_state,1789558503.8870752,1789558503.8870752,m2b_algorithm_state_v1:header6+3x20,"[1.0,-0.15,0.52,2.533842317128931,0.10125018232816457,1789558503.8869846,2.532412963489222,0.101075132336494,0.0036904376666666654,0.0015398770976746217,0.0006968971450856285,0.000569683060793635,0.004584685874999997,2.5360722277178787,0.10428662477726201,0.003659264228656589,0.0032114924407680157,0.0031954294275952522,0.9901186378553348,3.4162559122035204e-07,0.007769509713415989,-0.027808640626868938,-0.027808640626868938,0.1419423836726269,1.0050268715165624,3.382498650356184e-07,2.5333935448991873,0.10150142500216341,0.002796189458333334,-0.0009432080449987669,0.0016672890561721943,0.0007536395688001601,-0.0017884964166666626,2.5302137538030447,0.1042366812088296,-0.0031797910961426368,0.0027352562066661895,0.002723629720780825,0.9915873426570918,-1.515535838921182e-07,-0.0012511091493974708,0.0022990630715211007,0.0022990630715211007,0.12046237036233222,1.0042687468845917,-1.5027861552174413e-07,2.5327068372529804,0.10117407809903267,0.0036904376666666654,0.00132330406379948,0.0009825847291800695,0.0005149604712714295,0.0032930326916666636,2.5280524947279113,0.0994338876128858,-0.004654342525069133,-0.0017401904861468753,-0.0017450803507284035,1.005656762895501,8.646688015024017e-08,-0.007563008507064819,0.02878269798796774,0.02878269798796774,0.17668405228662803,0.9971979143656696,8.69560027895638e-08]"
/multi_agv/m2b_algorithm_state,1789558503.8971763,1789558503.8971763,m2b_algorithm_state_v1:header6+3x20,"[1.0,-0.15,0.52,2.5348377717664308,0.10125021154402941,1789558503.8969867,2.533417490149263,0.10107505987495342,0.0036904376666666654,0.0015403937011331855,0.0006968497188641891,0.000569483803340509,0.004584685874999997,2.5370066951422445,0.10339272718881737,0.003589204992981543,0.002317667313863944,0.002309244373614518,0.9927954431150832,1.7810605564237907e-07,0.0067957506148414466,-0.023830262363452065,-0.023830262363452065,0.14192504906433068,1.0036474876135533,1.768228804329554e-07,2.5343980904294185,0.10150147079448407,0.002796189458333334,-0.0009437660476443541,0.0016673199014629603,0.0007538653989584698,-0.0017884964166666626,2.5312453868428855,0.1042366812088296,-0.003152703586533079,0.002735210414345532,0.002723584320987861,0.9915874843802405,-1.5163813929715774e-07,-0.0012172951621784874,0.0021773508879754477,0.0021773508879754477,0.12045148532491579,1.0042686739191735,-1.5036248108176912e-07,2.533711370808111,0.10117401631505625,0.0036904376666666654,0.001323645529805593,0.0009825677759863318,0.0005148212774409989,0.0032930326916666636,2.5289734660161325,0.09873838041289326,-0.004737904791978664,-0.0024356359021629886,-0.0024452653791660756,1.007979625817315,1.695091413800721e-07,-0.008367646369139406,0.03185466780768165,0.03185466780768165,0.17665019646777572,0.9960619910275871,1.708617609008994e-07]"
/multi_agv/m2b_algorithm_state,1789558503.90712,1789558503.90712,m2b_algorithm_state_v1:header6+3x20,"[1.0,-0.15,0.52,2.53584528305162,0.10125016297497737,1789558503.9070103,2.5344129544642664,0.1010751298631755,0.0036904376666666654,0.0015399003537753314,0.0006968948560513331,0.0005696741708955062,0.004584685874999997,2.538028278133448,0.10366951384518772,0.0036153236691816026,0.0025943839820122133,0.0025838518192208156,0.9919607530675801,2.2305677852498247e-07,0.007103006405697819,-0.025080637847087042,-0.025080637847087042,0.14193990871177115,1.0040761481417204,2.2126357000247004e-07,2.5353935332635467,0.10150142815432861,0.002796189458333334,-0.0009432262417103463,0.00166728449134812,0.0007536498308976097,-0.0017884964166666626,2.5324164111649226,0.10633781283248236,-0.0029771220986241076,0.0048363846781537545,0.004800613854240531,0.9854812791576231,-4.730572228442053e-07,0.0010792112309603967,-0.007045361448457946,-0.007045361448457946,0.12046081628434485,1.0074513020624698,-4.661890370832602e-07,2.534706827571479,0.10117407661458411,0.0036904376666666654,0.0013233181904024516,0.0009825822051061197,0.0005149556608620475,0.0032930326916666636,2.530074480866399,0.09991769832334044,-0.004632346705079726,-0.0012563782912436705,-0.0012589178615957843,1.0040618356530175,4.505677863261585e-08,-0.007049351242945442,0.026798985794174883,0.026798985794174883,0.17667921823181873,0.9979827354670345,4.523979186247592e-08]"
/multi_agv/m2b_algorithm_state,1789558503.9169462,1789558503.9169462,m2b_algorithm_state_v1:header6+3x20,"[1.0,-0.15,0.52,2.5368377523188363,0.10125021160317278,1789558503.916847,2.5354204510465554,0.10107501202993471,0.0036904376666666654,0.001540737910957901,0.0006968164578001531,0.0005693519033846098,0.004584685874999997,2.5391314999941104,0.10443613696024678,0.003711048947554918,0.0033611249303120705,0.0033435501781509482,0.9896759658665915,3.743682011953816e-07,0.007982361362594595,-0.028654827943763075,-0.028654827943763075,0.14191202591634552,1.0052563147626639,3.7050321110777773e-07,2.5364010623137316,0.10150150132217335,0.002796189458333334,-0.0009441327337783561,0.001667337786334766,0.0007540150415879521,-0.0017884964166666626,2.533471516743098,0.10633781283248236,-0.0029295455706335183,0.004836311510309013,0.004800541784853793,0.9854815013162006,-4.7349739999984276e-07,0.0011386098215618954,-0.0072605634419935896,-0.0072605634419935896,0.12044330711555716,1.0074511851074972,-4.666229286211626e-07,2.535714335794573,0.10117397557282404,0.0036904376666666654,0.0013238739213388521,0.0009825544556707486,0.0005147292072977669,0.0032930326916666636,2.5311675232554727,0.10103407332233724,-0.004546812539100387,-0.00013990225048679528,-0.00013993347596857916,1.000446625939474,5.584920612727401e-10,-0.005823449149844062,0.02204977755135897,0.02204977755135897,0.17662476420755555,0.999776854812133,5.587414983142948e-10]"
/multi_agv/m2b_algorithm_state,1789558503.9270036,1789558503.9270036,m2b_algorithm_state_v1:header6+3x20,"[1.0,-0.15,0.52,2.5378426531070435,0.10125017987569718,1789558503.9269035,2.5364129358933925,0.10107512996082285,0.0036904376666666654,0.001539903939054409,0.0006968914836884106,0.0005696743709616755,0.004584685874999997,2.5400621660968654,0.10481782593752062,0.003649230203472964,0.0037426959766977685,0.0037209675731316298,0.9885542422674164,4.638048436868331e-07,0.008282505327472834,-0.02994674240474259,-0.02994674240474259,0.14193746694509848,1.0058394498578904,4.584962458107948e-07,2.537393512720761,0.10150142820192948,0.002796189458333334,-0.0009432222191328738,0.001667281205774529,0.0007536497962700728,-0.0017884964166666626,2.5338812304044662,0.10454065426605663,-0.003512282316294968,0.003039226064127154,0.0030249050849013295,0.990685041192942,-1.8706942498096778e-07,-0.0013654478104673804,0.002574591004758372,0.002574591004758372,0.1204592830479435,1.004734356557932,-1.8532688099321005e-07,2.5367068083423554,0.10117407664676603,0.0036904376666666654,0.0013233224467829913,0.0009825787482383727,0.0005149556139890142,0.0032930326916666636,2.531611209050522,0.09992529595428543,-0.0050955992918333415,-0.0012487806924806055,-0.0012512894972610147,1.0040369266665785,4.451340330292671e-08,-0.007620788612052691,0.028815819846659384,0.028815819846659384,0.1766744490821695,0.997995024504001,4.469310064774046e-08]"
/multi_agv/m2b_algorithm_state,1789558503.9368758,1789558503.9368758,m2b_algorithm_state_v1:header6+3x20,"[1.0,-0.15,0.52,2.5388374667643263,0.10125021329943602,1789558503.9368021,2.537417827319511,0.10107505217518635,0.0036904376666666654,0.0015404584400273585,0.0006968402208682881,0.000569460682111039,0.004584685874999997,2.54106215299326,0.10370805503803747,0.0036443256737488383,0.0026330028628511193,0.0026221579803938446,0.9918446812753423,2.298235053460905e-07,0.007177565072579892,-0.02536817360845362,-0.02536817360845362,0.1419188378087329,1.004135861583613,2.2794922140957506e-07,2.5383984247465117,0.10150147723443279,0.002796189458333334,-0.0009438216120932832,0.0016673149184041058,0.000753892076206783,-0.0017884964166666626,2.5349235468299276,0.10454065426605663,-0.0034748779165840737,0.0030391770316238464,0.003024856518763944,0.9906851925242803,-1.8718222803706846e-07,-0.0013187408769661482,0.002406466190589923,0.002406466190589923,0.12044758485775921,1.0047342783933944,-1.854386616200269e-07,2.537711707255108,0.10117401021747244,0.0036904376666666654,0.0013236894285648978,0.0009825604528370894,0.0005148060582256036,0.0032930326916666636,2.5325871105680364,0.0996963637148576,-0.005124596687071659,-0.0014776465026148378,-0.001481165228403179,1.0047891334106727,6.23515606961541e-08,-0.007886911087242753,0.02983556567159259,0.02983556567159259,0.17663806654305675,0.9976243529615297,6.265017063869163e-08]"
/multi_agv/m2b_algorithm_state,1789558503.9470952,1789558503.9470952,m2b_algorithm_state_v1:header6+3x20,"[1.0,-0.15,0.52,2.539845490526871,0.1012501614609665,1789558503.9469736,2.538412651907304,0.10107513239582046,0.0036904376666666654,0.0015398927665861983,0.0006968917894231369,0.0005696790547526781,0.004584685874999997,2.5419985890021586,0.10249904410688893,0.003585937094854774,0.001423911711068468,0.0014207108293508863,0.9955283439869612,6.724941563651894e-08,0.005903132197919354,-0.02016474932069069,-0.02016474932069069,0.1419359687294797,1.0022530142316464,6.694869938271456e-08,2.5393932250966174,0.10150142825777254,0.002796189458333334,-0.0009432034150733616,0.0016672749968740241,0.0007536448750095626,-0.0017884964166666626,2.535944294151881,0.1051784260314041,-0.003448930944736528,0.003676997773631549,0.0036561374422517355,0.9888127939079755,-2.7367978466825665e-07,-0.0006550262386689244,-0.00026162384064523105,-0.00026162384064523105,0.12045834227111253,1.0057055654250695,-2.70618072513952e-07,2.538706523289057,0.10117407924471507,0.0036904376666666654,0.0013233144226947563,0.0009825770506719286,0.000514959975123002,0.0032930326916666636,2.533823924253427,0.10173690821592896,-0.00488259903562982,0.0005628289712138884,0.0005623262764707087,0.998217489204404,9.030689597506535e-09,-0.005540922518066566,0.020778949861520915,0.020778949861520915,0.17667152290103616,1.0008939556343246,9.014592295807303e-09]"
/multi_agv/m2b_algorithm_state,1789558503.9570827,1789558503.9570827,m2b_algorithm_state_v1:header6+3x20,"[1.0,-0.15,0.52,2.540841813667622,0.10125018601018004,1789558503.95694,2.5394206598971008,0.10107500661314167,0.0036904376666666654,0.0015407869443134488,0.0006968080567069982,0.0005693350193021529,0.004584685874999997,2.5429350409918547,0.10201444324670786,0.0035143810947539933,0.0009394366335661875,0.0009380382314737984,0.9970334736153126,2.9299664071623008e-08,0.0053310145999162905,-0.017871034128839725,-0.017871034128839725,0.14190627126273114,1.0014907730255214,2.921274584509206e-08,2.5404012679260073,0.10150150640844116,0.002796189458333334,-0.0009441717073591857,0.0016673321974098876,0.0007540348424239507,-0.0017884964166666626,2.536996184432048,0.1051784260314041,-0.0034050834939591823,0.003676919622962932,0.003656060188283412,0.9888130337110533,-2.7394901806196673e-07,-0.000600294179165566,-0.0004593061888004363,-0.0004593061888004363,0.12043969318088253,1.0057054407217825,-2.708843596320175e-07,2.539714543757504,0.1011739713613167,0.0036904376666666654,0.0013239078186265082,0.0009825474921397294,0.0005147181362714138,0.0032930326916666636,2.535013108957436,0.10360492440765126,-0.004701434800067794,0.0024309530463345608,0.0024217070142858706,0.9924632955405173,1.683147180271692e-07,-0.003455086485798872,0.01259083761061185,0.01259083761061185,0.17661352695577265,1.003817981281033,1.6704617974121726e-07]"
/multi_agv/m2b_algorithm_state,1789558503.9670997,1789558503.9670997,m2b_algorithm_state_v1:header6+3x20,"[1.0,-0.15,0.52,2.5418444729560443,0.10125016955029227,1789558503.966993,2.5404169908936844,0.10107506733596991,0.0036904376666666654,0.0015403576368232547,0.0006968439584954737,0.0005695024319993244,0.004584685874999997,2.5437715367528644,0.10275297099051697,0.003354545859179936,0.0016779036545470638,0.0016734675449770584,0.9947459342895096,9.339135804285629e-08,0.005866649868951978,-0.020167896820349286,-0.020167896820349286,0.14191804834284483,1.0026508488816055,9.290067371090719e-08,2.5413975816665535,0.1015014677653012,0.002796189458333334,-0.0009437005139334275,0.001667303996793823,0.0007538452653634564,-0.0017884964166666626,2.537501186051076,0.10439292200094863,-0.0038963956154773882,0.0028914542356474338,0.00287847742058677,0.9911228849749634,-1.6942527659451789e-07,-0.0019920170987599655,0.004885908172907313,0.004885908172907313,0.12044708908314708,1.0045082219397845,-1.679212689260397e-07,2.5407108684426287,0.10117402292926903,0.0036904376666666654,0.0013236265105773782,0.0009825581228823932,0.0005148345426319854,0.0032930326916666636,2.535086879861375,0.10216606577918379,-0.0056239885812536805,0.000992042849914762,0.00099048616162638,0.9968734392699731,2.8054178450017486e-08,-0.00603949956494072,0.022390864253696015,0.022390864253696015,0.17663652480466913,1.001571640623253,2.7966465357362492e-08]"
/multi_agv/m2b_algorithm_state,1789558503.9770749,1789558503.9770749,m2b_algorithm_state_v1:header6+3x20,"[1.0,-0.15,0.52,2.5428452852563503,0.10125016541542102,1789558503.9769754,2.5414196453232885,0.10107502812368829,0.0036904376666666654,0.001540637324790726,0.0006968154672596142,0.000569396018555884,0.004584685874999997,2.5449647364648658,0.1036859096676434,0.0035450911415773056,0.0026108815439551125,0.0026002163292713995,0.9919111480835213,2.2600801815826854e-07,0.007031580256243031,-0.024832998842769745,-0.024832998842769745,0.14190736797003844,1.0041016643744798,2.241798727674495e-07,2.5424002468945415,0.10150149153010246,0.002796189458333334,-0.0009440002904874292,0.0016673218154918956,0.0007539659394305426,-0.0017884964166666626,2.538542067310942,0.10439292200094863,-0.0038581795835996857,0.002891430470846168,0.0028784538709761606,0.991122958420209,-1.6947629517768778e-07,-0.0019442706085234466,0.0047144268263481694,0.0047144268263481694,0.1204403819247576,1.00450818406397,-1.6797184705860652e-07,2.5417135266503026,0.10117398899708609,0.0036904376666666654,0.0013238140500894586,0.0009825470450121722,0.0005147590138078134,0.0032930326916666636,2.5361579451736134,0.10273588956752475,-0.00555558147668922,0.0015619005704386596,0.001558058435444875,0.9951093068788651,6.95224271517274e-08,-0.00538641841041665,0.019843877136707697,0.019843877136707697,0.17661566853508373,1.0024659761831638,6.918241429549185e-08]"
/multi_agv/m2b_algorithm_state,1789558503.9870205,1789558503.9870205,m2b_algorithm_state_v1:header6+3x20,"[1.0,-0.15,0.52,2.5438441744267943,0.10125017364229934,1789558503.9869018,2.5424204564847965,0.10107501966048531,0.0036904376666666654,0.0015406981784797619,0.0006968057639755712,0.0005693746881509972,0.004584685874999997,2.5459937296108177,0.10281409997927038,0.0035732731260211814,0.0017390803187850717,0.0017343170351073927,0.994558164640569,1.003433158304643e-07,0.006200908442633869,-0.021393642222501747,-0.021393642222501747,0.14190323444121958,1.0027464895871152,9.979726402629552e-08,2.5434010607144346,0.10150149546292839,0.002796189458333334,-0.0009440615973983139,0.001667326374253264,0.000753990142522129,-0.0017884964166666626,2.5398163374440648,0.10324507188656969,-0.0035847232703698495,0.0017435764236412993,0.0017388163823677941,0.9945760899433024,-6.168298099566133e-08,-0.0027420877055945175,0.008060647660063777,0.008060647660063777,0.1204377860181273,1.0027375180736584,-6.134841805471188e-08,2.5427143385698194,0.10117398112284934,0.0036904376666666654,0.0013238579935494245,0.0009825420587288086,0.0005147425596642415,0.0032930326916666636,2.5373350696689942,0.10230954951503315,-0.005379268900825185,0.0011355683921838167,0.001133530901878456,0.9964269391179483,3.676158292352426e-08,-0.005590555224153025,0.02073668895365462,0.02073668895365462,0.17660759713433904,1.001797472218873,3.6630231549617917e-08]"
/multi_agv/m2b_algorithm_state,1789558503.997086,1789558503.997086,m2b_algorithm_state_v1:header6+3x20,"[1.0,-0.15,0.52,2.5448477068981012,0.10125015203121975,1789558503.996945,2.5434193484168497,0.10107504088106481,0.0036904376666666654,0.0015405488511244171,0.0006968158207777185,0.0005694341843205217,0.004584685874999997,2.5471848359797407,0.10100442877334481,0.003765487562890968,-7.061210771999726e-05,-7.062006878794248e-05,1.0002255474598258,1.6562702862503912e-10,0.004636239384825767,-0.014882203453969109,-0.014882203453969109,0.14190591639637984,0.999887269042896,1.65664385380624e-10,2.544399946662055,0.10150148122997177,0.002796189458333334,-0.000943894551315369,0.0016673167057823512,0.0007539227630172646,-0.0017884964166666626,2.5408430491823646,0.10324507188656969,-0.0035568974796902353,0.0017435906565979181,0.0017388305372009055,0.9945760454931811,-6.167307679061266e-08,-0.0027072913124118886,0.007936531232457193,0.007936531232457193,0.12043947032194965,1.002737540717841,-6.133856482780483e-08,2.5437132282014776,0.10117399881586146,0.0036904376666666654,0.001323762159500491,0.0009825438580286288,0.000514783164036965,0.0032930326916666636,2.538399932565726,0.1019226194669593,-0.005313295635751558,0.0007486206510978338,0.0007477325448856743,0.9976340752876846,1.598015395288649e-08,-0.005893886999803774,0.021964600732232425,0.021964600732232425,0.1766128340581772,1.0011877324562557,1.594234611174275e-08]"
/multi_agv/m2b_algorithm_state,1789558504.0072582,1789558504.0072582,m2b_algorithm_state_v1:header6+3x20,"[1.0,-0.15,0.52,2.5458514883153853,0.10125012952914957,1789558504.0070548,2.5444228742841313,0.10107499021792044,0.0036904376666666654,0.0015409086969181184,0.0006967783871912651,0.0005692976771327017,0.004584685874999997,2.5480958206360254,0.10018320837257526,0.0036729463518940797,-0.000891781845345177,-0.0008930595249780529,1.0028750886950326,2.6438648257451902e-08,0.0036981234148895465,-0.011145447056393677,-0.011145447056393677,0.1418921438966514,0.9985693230998155,2.6514661716168846e-08,2.5454034872853706,0.1015015111622673,0.002796189458333334,-0.0009442806290553005,0.0016673411618084444,0.0007540773931426492,-0.0017884964166666626,2.5420713959392343,0.10410081100409774,-0.0033320913461363233,0.002599299841830438,0.0025887895611351793,0.99199301440252,-1.3703162016680578e-07,-0.0015763246215352248,0.0035230121343452865,0.0035230121343452865,0.1204308208260832,1.0040599208421752,-1.3593440995773082e-07,2.5447167591248014,0.10117395471347151,0.0036904376666666654,0.0013240043600942454,0.000982529378030961,0.0005146857114015596,0.0032930326916666636,2.5393514958587367,0.10144699080850608,-0.00536526326606479,0.00027303609503456783,0.0002729175333593469,0.9991324277187653,2.126788316972181e-09,-0.006433661549221641,0.024062597810362865,0.024062597810362865,0.1765859422938601,1.0004344230792412,2.124943174380322e-09]"
/multi_agv/m2b_algorithm_state,1789558504.0169973,1789558504.0169973,m2b_algorithm_state_v1:header6+3x20,"[1.0,-0.15,0.52,2.5468456950598846,0.10125016847000042,1789558504.0169334,2.5454266485690673,0.10107493923546491,0.0036904376666666654,0.0015412689828488433,0.0006967381360817974,0.0005691624446821832,0.004584685874999997,2.549261058451861,0.10222455922472659,0.003834409882793821,0.001149619989261677,0.0011475291760207678,0.9963784282923961,4.388399554634743e-08,0.005940541529513044,-0.02015224979680306,-0.02015224979680306,0.14190003264886064,1.0018220131431947,4.372506650966016e-08,2.5464072776623565,0.10150153966516272,0.002796189458333334,-0.0009446658882455868,0.0016673680409136082,0.000754230408039458,-0.0017884964166666626,2.5431064757162902,0.10410081100409774,-0.0033008019460663007,0.002599271338935019,0.0025887612905638787,0.9919931027257672,-1.3708450666645303e-07,-0.0015372411420189972,0.0033826451916166666,0.0033826451916166666,0.12043579323157018,1.0040598754351935,-1.3598688510368588e-07,2.545720538714732,0.10117390968682106,0.0036904376666666654,0.001324249769306392,0.0009825133384264943,0.0005145876791769555,0.0032930326916666636,2.54044661383302,0.10238685559721868,-0.005273924881711967,0.0012129459103976115,0.0012106226510845105,0.9961868290688102,4.1952199545235497e-08,-0.0053817834510554476,0.019963048874295796,0.019963048874295796,0.17660140341236555,1.001919061493703,4.179222863743013e-08]"
/multi_agv/m2b_algorithm_state,1789558504.0270472,1789558504.0270472,m2b_algorithm_state_v1:header6+3x20,"[1.0,-0.15,0.52,2.547844632808815,0.10125017630482375,1789558504.0269368,2.546420867491608,0.10107503630379532,0.0036904376666666654,0.0015405804640267911,0.0006967957182876453,0.0005694309376763683,0.004584685874999997,2.5507764065828726,0.10307917581296795,0.004355539091264848,0.0020041395091726366,0.0019978262975670026,0.9937476980902424,1.3322528143402788e-07,0.007442250161648063,-0.025972235461145736,-0.025972235461145736,0.14189676355414688,1.0031600402964576,1.3239231675248993e-07,2.5474014699230643,0.10150147713992877,0.002796189458333334,-0.000943911502413524,0.0016673245895391098,0.0007539260097850498,-0.0017884964166666626,2.543892874809266,0.10200678602705232,-0.0035085951137983074,0.0005053088871235512,0.0005049053113479892,0.9984057170627257,-5.184617668882501e-09,-0.003880838580899895,0.012629803573190415,0.012629803573190415,0.12043372214554944,1.0007993098240233,-5.1763519213967115e-09,2.5467147477649816,0.10117399196627717,0.0036904376666666654,0.001323798687115177,0.00098253077779753,0.0005147741344140515,0.0032930326916666636,2.541607454674216,0.10164079015996585,-0.00510729309076563,0.0004667981936886806,0.0004664521540619342,0.9985200086882196,6.214628454570735e-09,-0.005917664209395103,0.022155784432417586,0.022155784432417586,0.17659496222007687,1.000741854494042,6.2054308584520265e-09]"
/multi_agv/m2b_algorithm_state,1789558504.03691,1789558504.03691,m2b_algorithm_state_v1:header6+3x20,"[1.0,-0.15,0.52,2.5488374133089597,0.10125022272228552,1789558504.0368116,2.547419808053353,0.10107505566069568,0.0036904376666666654,0.0015404450897024157,0.0006968059650123586,0.0005694842870046262,0.004584685874999997,2.5517326643325546,0.10192089766669214,0.004312856279201416,0.0008458420059964666,0.0008447075625830257,0.9973261823449673,2.374865404062935e-08,0.006235777911584795,-0.02104430631794529,-0.02104430631794529,0.14189927308782277,1.001343001369577,2.3685154470172252e-08,2.548400404313692,0.10150146479961399,0.002796189458333334,-0.000943759780900293,0.0016673145146302026,0.0007538654843707027,-0.0017884964166666626,2.544964692164437,0.10261167571781744,-0.003435712149254755,0.001110210918203458,0.0011082716884883532,0.996521276909198,-2.5012430701493894e-08,-0.0031863684980800904,0.009910497706346635,0.009910497706346635,0.12043529820580967,1.0017497782675924,-2.4925419381255523e-08,2.5477136860594003,0.10117400845416159,0.0036904376666666654,0.001323710247006673,0.000982532864099328,0.0005148113845253733,0.0032930326916666636,2.542560915598199,0.10097406941596723,-0.005152770461201328,-0.00019993903819436054,-0.00020000284276114027,1.000638722292257,1.1405840121007324e-09,-0.0066409659192628,0.02497231092610679,0.02497231092610679,0.1765998621968214,0.9996809817005654,1.1413125285354531e-09]"
/multi_agv/m2b_algorithm_state,1789558504.0471249,1789558504.0471249,m2b_algorithm_state_v1:header6+3x20,"[1.0,-0.15,0.52,2.549848761686448,0.10125014916131869,1789558504.0469975,2.548412603727139,0.10107516615792954,0.0036904376666666654,0.001539665952897951,0.0006968789961022453,0.0005697840234505785,0.004584685874999997,2.5526353895601375,0.1003775575650513,0.004222785832998621,-0.000697608592878235,-0.0006983893056349792,1.0022441440558056,1.6163553785264507e-08,0.004580092985613298,-0.014365965968315724,-0.014365965968315724,0.14192360618601246,0.9988821238377433,1.6199827128412402e-08,2.549393166284643,0.10150139805805243,0.002796189458333334,-0.0009429099048825886,0.001667258927048998,0.0007535260073007061,-0.0017884964166666626,2.5460343682769127,0.10288739312743322,-0.0033587980077305346,0.0013859950693807938,0.001382979060597566,0.9956707864812036,-3.8939496405070864e-08,-0.0028155184490656023,0.00847420234788496,0.00847420234788496,0.12045057924027586,1.0021808058192325,-3.877091901081891e-08,2.5487064699150985,0.10117410395087462,0.0036904376666666654,0.0013231914433937454,0.0009825570305801888,0.0005150236952467455,0.0032930326916666636,2.5436528098157645,0.10204296426290504,-0.005053660099334056,0.0008688603120304284,0.0008676650990406025,0.9972578285949638,2.1514549360213337e-08,-0.005449410025126968,0.020335729345934164,0.020335729345934164,0.17664737861975607,1.0013775049741511,2.145555277816552e-08]"
/multi_agv/m2b_algorithm_state,1789558504.0570493,1789558504.0570493,m2b_algorithm_state_v1:header6+3x20,"[1.0,-0.15,0.52,2.5508445173158716,0.10125017781364576,1789558504.0569313,2.5494239296842047,0.10107498687175204,0.0036904376666666654,0.0015409402989137212,0.0006967615490415466,0.000569292737309987,0.004584685874999997,2.5536276233059243,0.10069757707597467,0.004203693621719573,-0.00037740979577736977,-0.0003776377489566544,1.0012097082703402,4.733722746972756e-09,0.004876979278192812,-0.015579440693789536,-0.015579440693789536,0.14189539527068745,0.9993963707814847,4.7394491705292666e-09,2.5504045417172785,0.1015015100691624,0.002796189458333334,-0.0009442916431848932,0.001667340092491365,0.000754082723531127,-0.0017884964166666626,2.546697756048492,0.10297005383651674,-0.003706785668786683,0.0014685437673543356,0.0014651599255957272,0.9954172733581271,-4.37774402892008e-08,-0.0031683221603876262,0.009697071251963427,0.009697071251963427,0.12043287340240073,1.0023095374774413,-4.357682024727448e-08,2.549717813657861,0.10117395054304164,0.0036904376666666654,0.001324035051705128,0.0009825161970599579,0.0005146792638879788,0.0032930326916666636,2.54476599081,0.10309298583412756,-0.004951822847860665,0.0019190352910859187,0.0019132509250126834,0.9940154716178179,1.0494031485174494e-07,-0.004276527634813148,0.015738646053246375,0.015738646053246375,0.17659232472897066,1.0030233180591286,1.0431229655907955e-07]"
/multi_agv/m2b_algorithm_state,1789558504.067008,1789558504.067008,m2b_algorithm_state_v1:header6+3x20,"[1.0,-0.15,0.52,2.5518445780009666,0.10125017831244003,1789558504.0668988,2.55041969444364,0.10107505759108056,0.0036904376666666654,0.0015404401318540643,0.0006968038300562357,0.0005694875465415638,0.004584685874999997,2.5547595874719717,0.10282718991511927,0.004339893028331598,0.001752132324038716,0.0017472977547717836,0.9945181420226685,1.0183708728517867e-07,0.007172164040186281,-0.024869956713763682,-0.024869956713763682,0.1418959184635895,1.0027668834654708,1.0127883083585621e-07,2.5514002864289607,0.10150146514299321,0.002796189458333334,-0.0009437431043926919,0.0016673073392672322,0.0007538619880424063,-0.0017884964166666626,2.5477521123441105,0.10316782790538029,-0.0036481740848501865,0.0016663627623870747,0.0016620124255988494,0.9948117036631003,-5.632492302499009e-08,-0.0028982051804638835,0.008650926935818069,0.008650926935818069,0.1204331913927245,1.0026175115909004,-5.603269263318338e-08,2.550713571075014,0.10117401070686347,0.0036904376666666654,0.0013237066383632854,0.0009825288898545944,0.0005148150159578289,0.0032930326916666636,2.545370229663692,0.10246497383606955,-0.005343341411321756,0.0012909631292060825,0.0012883329508928624,0.9959451751817895,4.750032042546544e-08,-0.0053908438132593325,0.01996461154551609,0.01996461154551609,0.17659331214328497,1.0020415361660953,4.7307714947331314e-08]"
/multi_agv/m2b_algorithm_state,1789558504.0770473,1789558504.0770473,m2b_algorithm_state_v1:header6+3x20,"[1.0,-0.15,0.52,2.552841329107053,0.10125019978792278,1789558504.0769277,2.5514197556824008,0.10107505862056171,0.0036904376666666654,0.0015404354360369064,0.0006968027421415883,0.0005694901478649872,0.004584685874999997,2.556000544656934,0.10446069959331514,0.004580788974533068,0.0033856409727534287,0.00336781224021961,0.9896035958578868,3.79767584704755e-07,0.009093798458385944,-0.032660543598181935,-0.032660543598181935,0.14189444885418587,1.0052938617898297,3.758193674140902e-07,2.5524003464450886,0.10150146468150556,0.002796189458333334,-0.0009437340500165698,0.0016673053323668086,0.0007538591071966222,-0.0017884964166666626,2.5487785395870595,0.10316782790538029,-0.003621806858029153,0.0016663632238747283,0.0016620128846647683,0.9948117022208379,-5.632441393425074e-08,-0.0028652456878716726,0.008533249991347087,0.008533249991347087,0.12043226841854023,1.002617512325025,-5.603218610252306e-08,2.5517136318754097,0.10117401163525279,0.0036904376666666654,0.0013237041237023142,0.0009825273086877528,0.000514816928414403,0.0032930326916666636,2.5463379938631756,0.10190727834966956,-0.005375638012234063,0.000733266714416772,0.0007324145652193214,0.9976821953713221,1.5330877472196473e-08,-0.005987132950073257,0.022302237646012392,0.022302237646012392,0.17659044267767576,1.0011634793161104,1.5295343493429722e-08]"
/multi_agv/m2b_algorithm_state,1789558504.087017,1789558504.087017,m2b_algorithm_state_v1:header6+3x20,"[1.0,-0.15,0.52,2.5538448431565386,0.1012501776032304,1789558504.086948,2.5524165140084087,0.10107510954528627,0.0036904376666666654,0.0015400779884799957,0.0006968355039336232,0.0005696280455471129,0.004584685874999997,2.5570185070711684,0.10386372163107843,0.004601993062759657,0.002788612085792161,0.0027764618444275006,0.991378088664602,2.576970684549902e-07,0.008528953172877073,-0.03029719407719673,-0.03029719407719673,0.14190470722411944,1.0043761600358552,2.554752271793793e-07,2.5533970887312307,0.10150143413234373,0.002796189458333334,-0.0009433422368735978,0.001667278872532485,0.0007537030332628175,-0.0017884964166666626,2.5498412156280272,0.1028350573675026,-0.0035558731032034885,0.0013336232351588706,0.001330829739084068,0.9958318815371081,-3.607022182283019e-08,-0.003114011639920293,0.009560314239821371,0.009560314239821371,0.12043871093682329,1.0020990634585045,-3.591987686528985e-08,2.55271038458152,0.10117405568613838,0.0036904376666666654,0.0013234663882396845,0.0009825375267102478,0.0005149146624662789,0.0032930326916666636,2.5476570748723977,0.1040354850303564,-0.005053309709122544,0.002861429344218014,0.002848660621725524,0.9911723352176088,2.3304991138473095e-07,-0.003467976514677656,0.012457633286263904,0.012457633286263904,0.1766104729886244,1.0044823600239032,2.3099262488946058e-07]"
/multi_agv/m2b_algorithm_state,1789558504.09702,1789558504.09702,m2b_algorithm_state_v1:header6+3x20,"[1.0,-0.15,0.52,2.5548423278724406,0.10125019452432953,1789558504.0968935,2.553420021644491,0.10107505462167397,0.0036904376666666654,0.0015404710348300237,0.000696799229903977,0.0005694765441744518,0.004584685874999997,2.5577757309804614,0.10201811485643301,0.0043557093359702925,0.0009430602347590411,0.0009416510635658346,0.9970221557493961,2.9519992187312545e-08,0.0063862877335287005,-0.021631906299002728,-0.021631906299002728,0.1418910002426123,1.0014964897802698,2.9432086248299684e-08,2.5544006104570345,0.10150146923049436,0.002796189458333334,-0.0009437663247283783,0.001667301901486784,0.0007538748817918495,-0.0017884964166666626,2.550864200165574,0.1028350573675026,-0.0035364102914603457,0.0013335881370082486,0.0013307947885611703,0.9958319915615045,-3.608453323692649e-08,-0.003089718075764262,0.0094732606465457,0.0094732606465457,0.12043010255104204,1.0020990076539886,-3.593413259789581e-08,2.553713897368091,0.10117400895752289,0.0036904376666666654,0.001323725966414582,0.0009825243141392773,0.0005148090180975414,0.0032930326916666636,2.5486869475950216,0.10397442566519025,-0.0050269497730695,0.0028004167076673553,0.002788181020075934,0.9913545120452935,2.2327164028060238e-07,-0.0034955061962609413,0.012581968884498616,0.012581968884498616,0.17658370933715764,1.0043884121953774,2.2134134800392887e-07]"
/multi_agv/m2b_algorithm_state,1789558504.107303,1789558504.107303,m2b_algorithm_state_v1:header6+3x20,"[1.0,-0.15,0.52,2.5558415354500337,0.10125020001583517,1789558504.1072137,2.5544175120774266,0.10107509484800876,0.0036904376666666654,0.0015401892443205924,0.0006968244207761201,0.0005695855856696487,0.004584685874999997,2.558719772292677,0.10165132894361817,0.004302260215250264,0.0005762340956094042,0.0005757065164596846,0.9981728615113963,1.102224874793074e-08,0.005953531785522515,-0.01989769959850775,-0.01989769959850775,0.1418986583995625,1.000916402949482,1.1002109573012432e-08,2.555398088204697,0.10150144504385518,0.002796189458333334,-0.0009434567333823983,0.0016672809967706037,0.0007537515585769594,-0.0017884964166666626,2.552055230508883,0.10447667183826988,-0.0033428576958143275,0.002975226794414698,0.002961495908468801,0.9908744822396051,-1.793271251485126e-07,-0.0012170762112991085,0.002070507786215918,0.002070507786215918,0.12043491217651338,1.004636469666101,-1.7769067228304927e-07,2.554711383335197,0.10117404368112463,0.0036904376666666654,0.0013235390849896584,0.0009825318645380948,0.0005148860964931594,0.0032930326916666636,2.5495713277066363,0.10279674490915468,-0.005140055628560791,0.0016227012280300435,0.001618556056858978,0.9949224517112797,7.502147229244489e-08,-0.004806513478842011,0.017749623680933635,0.017749623680933635,0.17659866197344232,1.002561030341519,7.46405471441891e-08]"
/multi_agv/m2b_algorithm_state,1789558504.1172917,1789558504.1172917,m2b_algorithm_state_v1:header6+3x20,"[1.0,-0.15,0.52,2.556837556462092,0.10125022552688885,1789558504.117138,2.5554167219327732,0.10107510637196958,0.0036904376666666654,0.0015401119711652904,0.0006968322773343691,0.0005696149938115399,0.004584685874999997,2.559869766590835,0.103385560465624,0.004453044658061955,0.002310454093654421,0.0023020830480335653,0.9928172779793315,1.7696769638072263e-07,0.007868388870611009,-0.02766521168568415,-0.02766521168568415,0.1419002118168561,1.0036362917610666,1.7569658661098183e-07,2.5563972928870258,0.10150143953637275,0.002796189458333334,-0.0009433701866271597,0.0016672723109767418,0.0007537185616127706,-0.0017884964166666626,2.553046521773263,0.10393331588125865,-0.003350771113762807,0.002431876344885897,0.002422664672778154,0.9924943384242599,-1.1984687566053527e-07,-0.0017657992194253548,0.004275534228482612,0.004275534228482612,0.12043588775219745,1.003802289359831,-1.1894734557091749e-07,2.5557105915303016,0.10117405413916315,0.0036904376666666654,0.0013234861534858434,0.0009825338509380282,0.0005149080070013072,0.0032930326916666636,2.550494935686802,0.10173885050079529,-0.0052156558434997,0.0005647963616321333,0.0005642901537321179,0.9982112977431412,9.09510261282437e-09,-0.005955279650642508,0.022252270679098164,0.022252270679098164,0.1766016951629114,1.00089707023358,9.078834182254448e-09]"
/multi_agv/m2b_algorithm_state,1789558504.1273024,1789558504.1273024,m2b_algorithm_state_v1:header6+3x20,"[1.0,-0.15,0.52,2.557850474876339,0.10125014188246063,1789558504.1272004,2.556412751620309,0.10107516517149173,0.0036904376666666654,0.0015397008554133623,0.00069687267080738,0.0005697721848334836,0.004584685874999997,2.5608715364395604,0.10484404874146803,0.004458784819251438,0.003768883569976303,0.003746854436903193,0.9884776325940795,4.702463537229404e-07,0.00932033546096749,-0.03369376352677709,-0.03369376352677709,0.14191305873924998,1.0058793671982937,4.6482800246405025e-07,2.557393303150598,0.1015014058400174,0.002796189458333334,-0.0009429217189166786,0.00166724006551755,0.0007535409393856357,-0.0017884964166666626,2.5536591519837906,0.1035062372482479,-0.003734151166807642,0.0020048314082304897,0.0019985505008348063,0.9937819924319974,-8.143872245111446e-08,-0.0026691384576747463,0.00769082199639734,0.00769082199639734,0.1204439557011649,1.0031427313911057,-8.093233585858497e-08,2.55670661461537,0.10117410556915744,0.0036904376666666654,0.0013232101110134263,0.0009825472957542885,0.0005150206672249421,0.0032930326916666636,2.551465025353168,0.10329023634313635,-0.005241589262201973,0.0021161307739789026,0.002109107745327056,0.9934156866706739,1.275049155699141e-07,-0.004442878832425411,0.016253183397978276,0.016253183397978276,0.17662678101149837,1.0033298576933334,1.2666538325477254e-07]"
/multi_agv/m2b_algorithm_state,1789558504.1373074,1789558504.1373074,m2b_algorithm_state_v1:header6+3x20,"[1.0,-0.15,0.52,2.5588409876260108,0.10125020385437532,1789558504.137222,2.5574256442802494,0.10107496188596574,0.0036904376666666654,0.0015411454453427044,0.0006967385416454695,0.0005692157821965081,0.004584685874999997,2.5617494991777314,0.10251526504392264,0.0043238548974819935,0.0014403031579569014,0.0014370285567576056,0.9954777022918463,6.886181998444464e-08,0.006841847178610097,-0.023521430019985724,-0.023521430019985724,0.14191148316955424,1.0022787307767107,6.85504063337497e-08,2.5584062527043803,0.10150153244687307,0.002796189458333334,-0.0009444889652203961,0.0016673334841250664,0.0007541716932373127,-0.0017884964166666626,2.554689151659197,0.1035062372482479,-0.003717101045183302,0.0020047048013748237,0.0019984246920627196,0.9937823868887846,-8.156374107477926e-08,-0.002647951614416408,0.007613570880713019,0.007613570880713019,0.12044300260293539,1.0031425298821852,-8.105660928887293e-08,2.557719527644386,0.1011739313145431,0.0036904376666666654,0.0013241678488579611,0.0009825006951094785,0.0005146297649849178,0.0032930326916666636,2.5526016774488127,0.10448469282084016,-0.005117850195573315,0.003310761506297069,0.0032937260401992526,0.9898386362112628,3.120470880203358e-07,-0.0031035867042673907,0.010962529633140723,0.010962529633140723,0.17662382178947864,1.0051720956418058,3.0887626403974506e-07]"
/multi_agv/m2b_algorithm_state,1789558504.1471238,1789558504.1471238,m2b_algorithm_state_v1:header6+3x20,"[1.0,-0.15,0.52,2.559851297059787,0.10125013792416675,1789558504.1470213,2.5584161765119258,0.10107511282956266,0.0036904376666666654,0.0015400775545884216,0.0006968335229521998,0.000569629264093163,0.004584685874999997,2.562620784988244,0.10107868302617878,0.004204608476318317,3.570196616120569e-06,3.5701762760015438e-06,0.9999886057565177,4.232543720930001e-13,0.005259330771673897,-0.01713239000329412,-0.01713239000329412,0.1418983891647775,1.0000056972310196,4.232495494296295e-13,2.559396741971959,0.1015014383591584,0.002796189458333334,-0.0009433243448308017,0.001667263037846034,0.000753703514349266,-0.0017884964166666626,2.555906296023513,0.1057039787244782,-0.0034904459484459416,0.004202540365319807,0.004175400012553906,0.9872911803208421,-3.5740285701578864e-07,-0.00018765742300352103,-0.0021827060477650527,-0.0021827060477650527,0.1204347430751865,1.0065000605173875,-3.528606885531591e-07,2.558710044394146,0.10117406037440486,0.0036904376666666654,0.0013234629473626316,0.000982531489101923,0.0005149192944833873,0.0032930326916666636,2.5535532172461646,0.10282782734840226,-0.005156827147981602,0.0016537669739973976,0.0016494625843822275,0.9948270797252061,7.791519300617961e-08,-0.004796571350594775,0.017701755789178684,0.017701755789178684,0.17659813628839446,1.0026095709329366,7.751214392456346e-08]"
/multi_agv/m2b_algorithm_state,1789558504.1572356,1789558504.1572356,m2b_algorithm_state_v1:header6+3x20,"[1.0,-0.15,0.52,2.5608458669802228,0.10125017465459574,1789558504.1571236,2.559426465550526,0.10107495362005686,0.0036904376666666654,0.001541208586340873,0.0006967264817691718,0.000569194686122659,0.004584685874999997,2.563769854277432,0.10095355291890222,0.0043433887269062055,-0.00012140070115464197,-0.00012142424202210416,1.0003879987237374,4.897978223114946e-10,0.005307811666610653,-0.017238783159180128,-0.017238783159180128,0.1419168999673843,0.999806127120333,4.899878632414408e-10,2.5604070761673534,0.10150153664040917,0.002796189458333334,-0.0009445499901722604,0.0016673373226985255,0.0007541961487272653,-0.0017884964166666626,2.5567183252432404,0.10529527611704362,-0.0036887509241130267,0.0037937394766344446,0.0037715533298403564,0.988473158171408,-2.917233251304196e-07,-0.000839385325300927,0.0003472136100882944,0.0003472136100882944,0.12044641300365456,1.0058824958455583,-2.8836067650393033e-07,2.5597203494614824,0.10117392351203422,0.0036904376666666654,0.0013242147477275767,0.000982493712801214,0.000514613068029171,0.0032930326916666636,2.5544406201731,0.1013227924592685,-0.005279729288382384,0.00014886894723427357,0.00014883366790132573,0.9995263017609773,6.324112209445992e-10,-0.006450827942576655,0.02416970743164191,0.02416970743164191,0.17663442780728905,1.0002370386582908,6.321116488628995e-10]"
/multi_agv/m2b_algorithm_state,1789558504.1671152,1789558504.1671152,m2b_algorithm_state_v1:header6+3x20,"[1.0,-0.15,0.52,2.5618452416985504,0.10125017986506761,1789558504.1670506,2.560421046899481,0.10107504468536789,0.0036904376666666654,0.001540563909361204,0.0006967805678861792,0.0005694459939903581,0.004584685874999997,2.5648418972987432,0.10213002216403493,0.004420850399262211,0.0010549774786670352,0.0010532154884261597,0.9966729984648557,3.6941523606826935e-08,0.006579278487503923,-0.022379037465862752,-0.022379037465862752,0.14189893389384314,1.001672962712985,3.681861910107645e-08,2.5614016324727378,0.1015014785115213,0.002796189458333334,-0.0009438444570564332,0.001667296477545932,0.0007539115707766858,-0.0017884964166666626,2.557561303259624,0.10373625647490023,-0.0038403292131139466,0.0022347779633789255,0.002226987282766068,0.9930870535627445,-1.0127320674799738e-07,-0.002573424233626365,0.007250108518101388,0.007250108518101388,0.12043510140684557,1.0034983049401078,-1.0057311049421937e-07,2.5607149215684486,0.10117400076689803,0.0036904376666666654,0.0013237922888907228,0.0009825101853198522,0.0005147876190845571,0.0032930326916666636,2.5555664262567586,0.10322237376892159,-0.005148495311690038,0.002048373002023554,0.002041789128884941,0.9936215672805269,1.195289578717413e-07,-0.004393830010727606,0.016105621651098738,0.016105621651098738,0.17659925226985565,1.0032245607763661,1.1876655045592768e-07]"
/multi_agv/m2b_algorithm_state,1789558504.1772916,1789558504.1772916,m2b_algorithm_state_v1:header6+3x20,"[1.0,-0.15,0.52,2.56284392348787,0.10125018932619519,1789558504.1772022,2.5614204235150306,0.10107505728918686,0.0036904376666666654,0.0015404774454875459,0.0006967864693124602,0.0005694804028740811,0.004584685874999997,2.565873231202396,0.10146623201329108,0.004452807687365556,0.00039117472410421517,0.00039093125764747715,0.9987570438998665,5.081038891483169e-09,0.005956940866854422,-0.019812204697739054,-0.019812204697739054,0.14189797403884052,1.000622785852948,5.074723383197984e-09,2.5624010049255683,0.10150147081018186,0.002796189458333334,-0.0009437469389327116,0.0016672896810545623,0.0007538728353427698,-0.0017884964166666626,2.55859471627388,0.10373625647490023,-0.0038062886516883054,0.0022347856647183667,0.0022269949300458363,0.9930870296187444,-1.0126344409276778e-07,-0.0025308658845645455,0.0070979489886514435,0.0070979489886514435,0.12043449705640245,1.003498317201993,-1.0056341290305054e-07,2.5617142966550515,0.10117401149583409,0.0036904376666666654,0.0013237362393254213,0.0009825109372267665,0.0005148115232621636,0.0032930326916666636,2.556852892851049,0.10602764569988032,-0.00486140380400224,0.004853634204046234,0.004817449430195236,0.9853658067239134,6.696260300172777e-07,-0.0012593053248075642,0.0036511011360868544,0.0036511011360868544,0.17659737317256133,1.007511189141747,6.598265932713063e-07]"
/multi_agv/m2b_algorithm_state,1789558504.1870198,1789558504.1870198,m2b_algorithm_state_v1:header6+3x20,"[1.0,-0.15,0.52,2.5638443495246315,0.10125018743375898,1789558504.1869216,2.5624191086155204,0.10107507953051938,0.0036904376666666654,0.0015403233303201134,0.0006967995858635943,0.0005695403828516907,0.004584685874999997,2.5669888072005245,0.09996702159488674,0.004569698585004112,-0.0011080579356326364,-0.0011100337099301735,1.0035810872976618,4.080806475540043e-08,0.004602089521324966,-0.014235461798599957,-0.014235461798599957,0.14189456203878342,0.9982200772103929,4.095420199773816e-08,2.563399682679784,0.10150145772074806,0.002796189458333334,-0.0009435763406400676,0.0016672775757400338,0.0007538051836586263,-0.0017884964166666626,2.560034626431501,0.10565653612530558,-0.0033650562482829827,0.004155078404557519,0.004128538002503103,0.9874278187634015,-3.494819571351654e-07,-7.77823078506254e-05,-0.0025567706930911907,-0.0025567706930911907,0.1204323487648757,1.0064285231329648,-3.4508820663114096e-07,2.562712979168307,0.10117403072731812,0.0036904376666666654,0.0013236342953365844,0.0009825143500960644,0.0005148539367658285,0.0032930326916666636,2.5578293870689066,0.10415183009454206,-0.004883592099400591,0.002977799367223935,0.002963983179272948,0.9908255760543557,2.524006661167417e-07,-0.003140506944977791,0.011234814743751249,0.011234814743751249,0.17659069351637813,1.004661358420521,2.500850354016237e-07]"
/multi_agv/m2b_algorithm_state,1789558504.197086,1789558504.197086,m2b_algorithm_state_v1:header6+3x20,"[1.0,-0.15,0.52,2.5648425313339422,0.1012501998766669,1789558504.1969957,2.5634195344590145,0.10107507390996834,0.0036904376666666654,0.0015403671170845152,0.0006967949916911733,0.0005695237927711896,0.004584685874999997,2.56780664957486,0.09859050955710329,0.004387115115845663,-0.0024845643528650513,-0.002494601586898005,1.008155158189342,2.0536840361195266e-07,0.0029892923079090743,-0.007867429460942498,-0.007867429460942498,0.14189732264948954,0.9959764180037122,2.0704321543050076e-07,2.564400108892403,0.10150146221046626,0.002796189458333334,-0.0009436211444181506,0.0016672781033135742,0.000753824330121805,-0.0017884964166666626,2.5610866902960323,0.10565653612530558,-0.0033134185963707985,0.0041550739148393245,0.004128533570872423,0.987427832480167,-3.494977903709431e-07,-1.32396745910748e-05,-0.0027891932094559375,-0.0027891932094559375,0.12043408693589316,1.0064285159636701,-3.451038456025881e-07,2.563713405222478,0.10117402618084237,0.0036904376666666654,0.001323662965004301,0.000982511860400304,0.0005148428046228741,0.0032930326916666636,2.5587107955023156,0.10246005874641488,-0.005002609720162532,0.0012860325655725119,0.0012834223427613109,0.9959604356668267,4.713678886205754e-08,-0.004969839807441854,0.01846516299604108,0.01846516299604108,0.17659609792811906,1.0020337987926757,4.694637677099005e-08]"
/multi_agv/m2b_algorithm_state,1789558504.207113,1789558504.207113,m2b_algorithm_state_v1:header6+3x20,"[1.0,-0.15,0.52,2.5658454937443547,0.10125018153010897,1789558504.2070043,2.564417720589442,0.10107510263731347,0.0036904376666666654,0.0015401678412384156,0.0006968133213566925,0.0005696006364387216,0.004584685874999997,2.5687524830380903,0.09862626850481722,0.004334762448648277,-0.002448834132496247,-0.0024585821302653623,1.0080346519082324,1.9947361089944024e-07,0.0029598709305449842,-0.007781316357523663,-0.007781316357523663,0.14189214144395335,0.9960351140402768,2.0107631192789543e-07,2.5653982853800503,0.10150144576944584,0.002796189458333334,-0.0009434020814073187,0.0016672621383246877,0.00075373767833678,-0.0017884964166666626,2.562030126876419,0.10451832930600345,-0.0033681585036311468,0.0030168835365576158,0.003002769942081216,0.9907511452458808,-1.8436735868657934e-07,-0.0012074281874577173,0.0020174779190508937,0.0020174779190508937,0.12043082466347223,1.0047001917391705,-1.8266217176468658e-07,2.564711588032334,0.10117405122324143,0.0036904376666666654,0.001323529998016625,0.0009825172875577168,0.0005148976176448826,0.0032930326916666636,2.5598400270472896,0.1039036039190156,-0.004871560985044265,0.0027295526957741706,0.0027179221619814294,0.9915664427475824,2.1209484799489178e-07,-0.0033715290693239024,0.012166939650017944,0.012166939650017944,0.17658595485242976,1.0042792004699141,2.1030613395138405e-07]"
/multi_agv/m2b_algorithm_state,1789558504.2170913,1789558504.2170913,m2b_algorithm_state_v1:header6+3x20,"[1.0,-0.15,0.52,2.5668376672321163,0.10125023204730747,1789558504.216963,2.565420677663904,0.10107505699350154,0.0036904376666666654,0.0015404956229442615,0.0006967827446414882,0.000569474461129704,0.004584685874999997,2.569892367226168,0.09992595672552122,0.0044716895622638475,-0.0011491002679803186,-0.0011512257759670424,1.0037154517283446,4.389324458521327e-08,0.0044383861768627665,-0.013635781840907761,-0.013635781840907761,0.14190387814477,0.998153700141974,4.4056327816670055e-08,2.566401254178999,0.10150147521607161,0.002796189458333334,-0.0009437558555453938,0.0016672813039346757,0.0007538810578879424,-0.0017884964166666626,2.5630702254572766,0.10451832930600345,-0.0033310287217225287,0.003016854089931839,0.003002740773503086,0.9907512361468858,-1.8443287512063514e-07,-0.0011610451286500748,0.0018507642585885446,0.0018507642585885446,0.12043821442094294,1.0047001447988093,-1.827270990118935e-07,2.5657145493901594,0.10117401238075374,0.0036904376666666654,0.001323746744227312,0.0009825060307119046,0.0005148095219738181,0.0032930326916666636,2.5610494638045087,0.10581168702327097,-0.004665085585650708,0.004637674642517228,0.004604583783794041,0.9859820037675825,6.114723883087158e-07,-0.001226773198269344,0.003630625899661369,0.003630625899661369,0.17660893203955855,1.007186503770363,6.029007706731768e-07]"
/multi_agv/m2b_algorithm_state,1789558504.2270846,1789558504.2270846,m2b_algorithm_state_v1:header6+3x20,"[1.0,-0.15,0.52,2.5678481764764616,0.1012501641132214,1789558504.2269907,2.566412867456265,0.10107517703658639,0.0036904376666666654,0.0015396500389150427,0.0006968619105180089,0.0005697998086914899,0.004584685874999997,2.570884073536154,0.09970901453603676,0.004471206079888823,-0.0013661625005496336,-0.0013691717719509012,1.0044281117529272,6.201716122554831e-08,0.0042198358279101275,-0.01275533677287368,-0.01275533677287368,0.14190011824133728,0.9978021228140135,6.229178014605435e-08,2.5673934077589697,0.10150140304740785,0.002796189458333334,-0.00094283508153655,0.0016672215805604296,0.0007535130003011176,-0.0017884964166666626,2.563959031832562,0.105516413159471,-0.003434375926407718,0.00401501011206315,0.0039902023676136635,0.9878319475074072,-3.2609628740718384e-07,-0.00030276754039598383,-0.0016819301989344922,-0.0016819301989344922,0.12043582897756121,1.0062171644853999,-3.221283306643736e-07,2.566706726481114,0.10117411605792818,0.0036904376666666654,0.0013231841096751893,0.0009825324396907087,0.0005150396652470923,0.0032930326916666636,2.561802854888326,0.10421856682909897,-0.004903871592787823,0.003044450771170784,0.0030300165056352606,0.9906274075384731,2.637227469158474e-07,-0.003099822985349518,0.011060367708626517,0.011060367708626517,0.17660151242974553,1.0047637580550068,2.612509810861707e-07]"
/multi_agv/m2b_algorithm_state,1789558504.2370112,1789558504.2370112,m2b_algorithm_state_v1:header6+3x20,"[1.0,-0.15,0.52,2.5688392663186805,0.10125022203068818,1789558504.236882,2.567423355943773,0.10107501058887347,0.0036904376666666654,0.0015408349904354177,0.0006967533310494819,0.0005693426588927182,0.004584685874999997,2.5717230548072325,0.0981191042515358,0.0042996988634596,-0.002955906337337666,-0.002970163532793417,1.0097537182372662,2.908570957825286e-07,0.002404460046531083,-0.0055863837412280445,-0.0055863837412280445,0.14191588006522812,0.9951998617926797,2.936940339421009e-07,2.5684039419993074,0.10150150794660212,0.002796189458333334,-0.0009441212419450998,0.0016672965685375907,0.0007540315001421799,-0.0017884964166666626,2.5650066307538824,0.105516413159471,-0.003397311245425083,0.0040149052128688745,0.003990098780660303,0.9878322683990381,-3.26523937194494e-07,-0.0002565402761210509,-0.0018495288857190181,-0.0018495288857190181,0.12044577086340778,1.0062169970149126,-3.225508815654221e-07,2.5677172314863044,0.10117397380418859,0.0036904376666666654,0.0013239679994572584,0.0009824949070635254,0.0005147194025611475,0.0032930326916666636,2.5627058754434215,0.10279427538093704,-0.005011356042882831,0.0016203015767484452,0.0016161685771510712,0.9949298167572793,7.48241487079781e-08,-0.004648026476452467,0.01718518014192769,0.01718518014192769,0.17663243081068997,1.0025572824863727,7.444477656304808e-08]"
/multi_agv/m2b_algorithm_state,1789558504.247137,1789558504.247137,m2b_algorithm_state_v1:header6+3x20,"[1.0,-0.15,0.52,2.569850046433184,0.10125015272700283,1789558504.2470717,2.568414464157744,0.10107515000293724,0.0036904376666666654,0.0015398508296174378,0.0006968429670400232,0.000569722627711591,0.004584685874999997,2.5726368349395363,0.09770648911502879,0.004222370781792328,-0.0033686608879084506,-0.003387235216818193,1.0111672067096324,3.7761586547276344e-07,0.0018907282604222176,-0.003591125814951539,-0.003591125814951539,0.14189194266621372,0.9945163746475245,3.818327798993345e-07,2.5693950095642064,0.10150142254605422,0.002796189458333334,-0.0009430491430697657,0.0016672297365776245,0.0007536015460981593,-0.0017884964166666626,2.566012863543562,0.10444813622177908,-0.003382146020644239,0.0029467136757248547,0.002933241778172794,0.9909589707242549,-1.7583425290015726e-07,-0.0012944407476325045,0.002360996699612392,0.002360996699612392,0.12043069445038172,1.0045928356988194,-1.7424453027200817e-07,2.568708325234091,0.10117409354307305,0.0036904376666666654,0.0013233160658503765,0.000982524433065391,0.0005149866321249598,0.0032930326916666636,2.563644353979494,0.10251604540203944,-0.005063971254597011,0.001341951858966392,0.0013391109121390619,0.9957874761081109,5.1309557986873245e-08,-0.004990853156107202,0.018517818135492664,0.018517818135492664,0.1765855494110636,1.0021215171959073,5.1093415247971274e-08]"
/multi_agv/m2b_algorithm_state,1789558504.2572136,1789558504.2572136,m2b_algorithm_state_v1:header6+3x20,"[1.0,-0.15,0.52,2.5708494651179907,0.10125015863124055,1789558504.2571623,2.569425222908564,0.10107498132059167,0.0036904376666666654,0.0015410506635555017,0.0006967313060195039,0.0005692606298614483,0.004584685874999997,2.5737216156793017,0.09901729785838018,0.004296392770737789,-0.002057683462211496,-0.002064545869353798,1.0067216779305592,1.4088374419265137e-07,0.0033059450940684386,-0.009188328277885682,-0.009188328277885682,0.14192500647598807,0.9966760694232238,1.4183071934676566e-07,2.5704058155100244,0.10150152789730878,0.002796189458333334,-0.000944350918340716,0.001667307230520887,0.0007541255109178163,-0.0017884964166666626,2.567053640861525,0.10444813622177908,-0.00335217464849924,0.002946608324470301,0.0029331373988496327,0.9909592961490621,-1.7606431227837148e-07,-0.001257080911774417,0.0022257658155765063,0.0022257658155765063,0.12045151670776595,1.0045926677781791,-1.7447256697234368e-07,2.569719100880964,0.10117394896310807,0.0036904376666666654,0.0013241116833281694,0.0009824855164301208,0.0005146620058326412,0.0032930326916666636,2.5647766841920205,0.10372027482817477,-0.004942416688943574,0.002546325865066701,0.002536190257243809,0.9921160216748108,1.8468268404761464e-07,-0.0036418306039356584,0.013211947242380584,0.013211947242380584,0.17665030122894387,1.0039963909623668,1.8322664976954547e-07]"
/multi_agv/m2b_algorithm_state,1789558504.267053,1789558504.267053,m2b_algorithm_state_v1:header6+3x20,"[1.0,-0.15,0.52,2.5718447038986305,0.10125019077383773,1789558504.2669022,2.570424643262486,0.10107499794670868,0.0036904376666666654,0.0015409338409982862,0.0006967361528282361,0.0005693087465157647,0.004584685874999997,2.574405292183127,0.09909038957577648,0.0039806489206410944,-0.0019846083709322004,-0.001990988508286995,1.0064776410420997,1.310386321800303e-07,0.002984822642514373,-0.008092192814938863,-0.008092192814938863,0.14192420193946964,0.9967954926267838,1.3188745340194027e-07,2.571405232428902,0.10150151573329076,0.002796189458333334,-0.0009442195111298538,0.001667301932733789,0.0007540713061506138,-0.0017884964166666626,2.5674363882025233,0.10461657834325142,-0.003968844226378554,0.003115062609960653,0.003100026734181274,0.9904609448708563,-1.9671799481258894e-07,-0.0018610285487919184,0.004318268819493666,0.004318268819493666,0.12045101018501088,1.0048502406813438,-1.9484149101517706e-07,2.570718519662584,0.10117396221372223,0.0036904376666666654,0.0013240397916142958,0.0009824851993836424,0.0005146933329617433,0.0032930326916666636,2.5654556932794614,0.10395488534369568,-0.005262826383122476,0.0027809231299734533,0.0027688553983370866,0.9914127689124266,2.2022958744079684e-07,-0.003809677580566009,0.013716461269146966,0.013716461269146966,0.17664872583329336,1.0043583827611995,2.1833842508112176e-07]"
/multi_agv/m2b_algorithm_state,1789558504.2770338,1789558504.2770338,m2b_algorithm_state_v1:header6+3x20,"[1.0,-0.15,0.52,2.572843646063713,0.10125019850562512,1789558504.2769372,2.5714198921683074,0.10107507636818203,0.0036904376666666654,0.0015403806132444063,0.0006967839159040415,0.0005695237038748052,0.004584685874999997,2.5753462563843184,0.09852631870983472,0.003926364216011002,-0.002548757658347306,-0.0025593253534565933,1.0083718940599893,2.1612861163503776e-07,0.0023486299165571597,-0.0055831370758013445,-0.0055831370758013445,0.141908601336383,0.9958709059420621,2.1793801747497887e-07,2.572400459050628,0.10150146682184961,0.002796189458333334,-0.0009436147660393289,0.00166726545599305,0.0007538281440356426,-0.0017884964166666626,2.568616318003575,0.10615841930852003,-0.003784141047053158,0.004656952486670418,0.004623741123526146,0.9859908475455724,-4.388500913800192e-07,-0.00010643518529030154,-0.0026847459459313303,-0.0026847459459313303,0.12044118820009464,1.007182790354609,-4.3270217354523706e-07,2.571713760476956,0.10117402913148156,0.0036904376666666654,0.0013236756796309768,0.0009825000132117848,0.0005148434557345838,0.0032930326916666636,2.566513453267337,0.10414922643764174,-0.0052003072096189484,0.0029751973061601794,0.0029614049802455006,0.9908333190499145,2.519681317260105e-07,-0.003538979031778185,0.012665111960617379,0.012665111960617379,0.17661817942205515,1.0046573589247951,2.4965842025288906e-07]"
/multi_agv/m2b_algorithm_state,1789558504.2870717,1789558504.2870717,m2b_algorithm_state_v1:header6+3x20,"[1.0,-0.15,0.52,2.5738440693161437,0.1012501966130599,1789558504.2869718,2.572418837107197,0.10107509375222645,0.0036904376666666654,0.001540261922775899,0.0006967945527560637,0.0005695696185337881,0.004584685874999997,2.576281643343916,0.09775070923467293,0.003862806236718974,-0.0033243845175535275,-0.0033424677875265574,1.0110149749150674,3.6784250535851614e-07,0.0014860400083721603,-0.0021920360341189764,-0.0021920360341189764,0.1419061104315484,0.9945898446529499,3.7189428132773573e-07,2.5733993977854004,0.10150145737990562,0.002796189458333334,-0.0009434835578886998,0.001667255165063164,0.0007537766228414844,-0.0017884964166666626,2.569710550865549,0.10460026511453316,-0.003688846919851496,0.0030988077346275344,0.0030839265129775904,0.9905089389085933,-1.945210679523196e-07,-0.0015271321368367798,0.003128103640624224,0.003128103640624224,0.1204396199015999,1.0048254138311408,-1.9267485661281844e-07,2.5727127032985404,0.10117404438474331,0.0036904376666666654,0.0013235964104936046,0.0009825028102096178,0.0005148763609343228,0.0032930326916666636,2.567446542343421,0.1032515022459466,-0.005266160955119226,0.002077457861203294,0.0020706871903217444,0.9935331536275136,1.2292656705739444e-07,-0.004512014003577288,0.016516319559083597,0.016516319559083597,0.17661330249028495,1.0032697700131603,1.2213161983313713e-07]"
/multi_agv/m2b_algorithm_state,1789558504.2970402,1789558504.2970402,m2b_algorithm_state_v1:header6+3x20,"[1.0,-0.15,0.52,2.5748423902879787,0.10125020816080597,1789558504.2969062,2.5734192601482286,0.10107508758826764,0.0036904376666666654,0.0015403104393973072,0.0006967901115001673,0.0005695508987216322,0.004584685874999997,2.5778932111273547,0.09898162330496284,0.004473950979126062,-0.0020934642833047995,-0.0021005693275115214,1.006841303070252,1.4575930767252873e-07,0.0034918693963960565,-0.009826699761376595,-0.009826699761376595,0.14190886163818292,0.9966175626228252,1.4675649127162663e-07,2.574399821201072,0.10150146273849064,0.002796189458333334,-0.0009435343305205278,0.0016672556547852047,0.0007537983762922751,-0.0017884964166666626,2.5707539667521377,0.10460026511453316,-0.0036458544489343936,0.0030988023760425143,0.003083921206345493,0.9905089554380664,-1.9453085917650793e-07,-0.0014733968548224989,0.0029352576969977067,0.0029352576969977067,0.12044135208060049,1.0048254052880476,-1.9268455812339247e-07,2.5737131265991304,0.10117403951242138,0.0036904376666666654,0.0013236276323100814,0.0009825005631582066,0.0005148639963276154,0.0032930326916666636,2.5689456991585735,0.10362565810114208,-0.004767427440556915,0.0024516185887207,0.0024422161718383496,0.9924010307029144,1.7114963229088145e-07,-0.003517068128857794,0.012803891888272483,0.012803891888272483,0.17661868903766353,1.0038499527563414,1.6984907148989555e-07]"
/multi_agv/m2b_algorithm_state,1789558504.3070772,1789558504.3070772,m2b_algorithm_state_v1:header6+3x20,"[1.0,-0.15,0.52,2.575842686947546,0.10125020683333291,1789558504.3069484,2.5744175851318523,0.10107511367727114,0.0036904376666666654,0.0015401306743379993,0.0006968071208448548,0.0005696199720402,0.004584685874999997,2.5789361014055903,0.09914470721186594,0.004518516273738005,-0.0019304064654051961,-0.0019364403924578854,1.0062968784782105,1.2390959034370627e-07,0.0037117049497146204,-0.010681652091114774,-0.010681652091114774,0.14190417211262427,0.9968840109531951,1.2468983397638543e-07,2.5753981371975554,0.10150144840100785,0.002796189458333334,-0.0009433372681353774,0.001667240728730146,0.000753720720605644,-0.0017884964166666626,2.57165671176285,0.10381015286955225,-0.0037414254347054587,0.0023087044685444064,0.0023003945030240784,0.9928644201264243,-1.0802025508897189e-07,-0.002376387290357745,0.006514108638206966,0.006514108638206966,0.12043839950155148,1.0036124088756966,-1.072494679308205e-07,2.5747114485345284,0.10117406240413891,0.0036904376666666654,0.0013235071394969576,0.0009825057115011365,0.0005149135473155758,0.0032930326916666636,2.5700975061494136,0.10391654928794186,-0.004613942385114811,0.00274248688380295,0.002730747020252666,0.9915277368549885,2.1410386153918694e-07,-0.003036680961140848,0.010961492807784851,0.010961492807784851,0.17660950757147933,1.0042991399288235,2.1228991728386384e-07]"
/multi_agv/m2b_algorithm_state,1789558504.317,1789558504.317,m2b_algorithm_state_v1:header6+3x20,"[1.0,-0.15,0.52,2.576844080578565,0.10125019860242207,1789558504.3169029,2.5754178818236544,0.10107510816897189,0.0036904376666666654,0.001540175361418043,0.0006968040352336221,0.0005696022070436094,0.004584685874999997,2.5798884729527676,0.09866538585040724,0.004470591129113188,-0.00240972231856465,-0.002419158643643281,1.0079028523630538,1.9314864757716393e-07,0.0031690802677482046,-0.008536356661994048,-0.008536356661994048,0.1419064751762358,0.9960993359805375,1.9467507282308977e-07,2.576398433663243,0.10150145400628109,0.002796189458333334,-0.0009433845514373951,0.0016672401470905207,0.0007537415188445667,-0.0017884964166666626,2.5728279395740503,0.10523837044899334,-0.003570494089192522,0.0037369164427122487,0.0037153805688868386,0.9886383503697915,-2.8271314090546777e-07,-0.0007477370426038138,4.443971802512575e-05,4.443971802512575e-05,0.12043984954833438,1.0057964112763453,-2.795010532526441e-07,2.5757117453557408,0.10117405832474573,0.0036904376666666654,0.0013235348128808194,0.0009825041693424467,0.0005149023541684262,0.0032930326916666636,2.571158377873914,0.10418279577533024,-0.0045533674818267755,0.0030087374505845116,0.0029946360050889707,0.9907335504874004,2.576471172684237e-07,-0.0026970733471944988,0.009631099917467046,0.009631099917467046,0.17661401661069598,1.0047089013394541,2.55259643264189e-07]"
/multi_agv/m2b_algorithm_state,1789558504.3269894,1789558504.3269894,m2b_algorithm_state_v1:header6+3x20,"[1.0,-0.15,0.52,2.5778440576917117,0.10125019968668832,1789558504.3268647,2.576419273239203,0.10107508645630207,0.0036904376666666654,0.0015403344843411839,0.000696789575596756,0.0005695407550414447,0.004584685874999997,2.5809147916261677,0.09806223743259837,0.004495518386964825,-0.0030128490237037037,-0.0030276671363093084,1.0099479530003228,3.0208403986537566e-07,0.002591730847396723,-0.00621751074212702,-0.00621751074212702,0.1419126611179535,0.9951057656147537,3.0508915769610406e-07,2.5773998298690732,0.10150146920916518,0.002796189458333334,-0.000943556005403814,0.0016672478715249461,0.000753811820229322,-0.0017884964166666626,2.573796157986561,0.10462162171167169,-0.003603671882512316,0.0031201525025065097,0.0031050680260863188,0.9904459117393811,-1.972219704549438e-07,-0.0013995218270540762,0.0026607481540650273,0.0026607481540650273,0.12044374423852294,1.004858018018756,-1.9533769434228408e-07,2.5767131386274187,0.10117404014179897,0.0036904376666666654,0.001323639261603724,0.0009824986066843348,0.0005148599732006276,0.0032930326916666636,2.572071818365777,0.10406273694690928,-0.004641320261641546,0.002888696805110308,0.0028756862628205996,0.9910909975385437,2.3753881101633593e-07,-0.002925964064231333,0.010503032352757279,0.010503032352757279,0.17662612813093992,1.0045243260566774,2.354225771643e-07]"
/multi_agv/m2b_algorithm_state,1789558504.336934,1789558504.336934,m2b_algorithm_state_v1:header6+3x20,"[1.0,-0.15,0.52,2.5788388882516355,0.10125023331201961,1789558504.3368433,2.5774192509682012,0.10107508774965539,0.0036904376666666654,0.0015403301416688285,0.0006967894680935947,0.0005695426933412045,0.004584685874999997,2.581984664680553,0.09908912404501358,0.004565413712351862,-0.0019859637046418105,-0.0019923526167299286,1.0064821558204262,1.3116632781822689e-07,0.0037144145237098993,-0.010663652785445085,-0.010663652785445085,0.1419138333263043,0.9967932824568955,1.3201656839353773e-07,2.578399806170796,0.10150146978683107,0.002796189458333334,-0.0009435495780476407,0.0016672454372521628,0.0007538103004282454,-0.0017884964166666626,2.574738132256475,0.10295331242523856,-0.0036616739143209287,0.0014518426384074884,0.0014485349035788285,0.9954685235833395,-4.275428174104555e-08,-0.0031285574893223323,0.009562867722637619,0.009562867722637619,0.12044448226374836,1.0022835037115692,-4.256054172162474e-08,2.5777131159361386,0.1011740415235785,0.0036904376666666654,0.0013236361535380555,0.0009824977881266687,0.0005148617462119574,0.0032930326916666636,2.573162747937541,0.10465991166064234,-0.004550367998597427,0.0034858701370638345,0.0034670101533681836,0.9893227162372492,3.457431727765703e-07,-0.0022209498448785996,0.007716953039252019,0.007716953039252019,0.17662842330021897,1.0054398409180683,3.4205157481180105e-07]"
/multi_agv/m2b_algorithm_state,1789558504.347074,1789558504.347074,m2b_algorithm_state_v1:header6+3x20,"[1.0,-0.15,0.52,2.5798444936600826,0.10125019737795826,1789558504.3469608,2.578414092481645,0.10107516651141278,0.0036904376666666654,0.0015397780052093459,0.0006968418499731393,0.0005697547752296083,0.004584685874999997,2.583056312341609,0.09977633795649997,0.004642219859964047,-0.001298828554912812,-0.0013015471216475197,1.0042066693218727,5.6056646994464666e-08,0.00450122770330754,-0.013783183709978353,-0.013783183709978353,0.14189679035437372,0.9979112805910043,5.629245877166333e-08,2.5793946232843052,0.10150142358504663,0.002796189458333334,-0.0009429486893195475,0.0016672050980095499,0.0007535708190810481,-0.0017884964166666626,2.575631697180853,0.1019866638966124,-0.003762926103452191,0.0004852403115657711,0.00048486809871733504,0.9984686838356431,-4.776169018077104e-09,-0.004218789530597904,0.013840629975772904,0.013840629975772904,0.1204337517884236,1.0007676579453684,-4.768855193256023e-09,2.578707948988956,0.10117410983959943,0.0036904376666666654,0.0013232678420564965,0.0009825152482649813,0.0005150123128417452,0.0032930326916666636,2.57416943140504,0.10443151851295338,-0.00453851758391588,0.0032574086733539453,0.003240911181213955,0.989996282745404,3.018776593234444e-07,-0.002432235798680895,0.00857401137195191,0.00857401137195191,0.17659505588935462,1.0050903869984524,2.9885776057409335e-07]"
/multi_agv/m2b_algorithm_state,1789558504.3570485,1789558504.3570485,m2b_algorithm_state_v1:header6+3x20,"[1.0,-0.15,0.52,2.5808373724178337,0.10125024341445026,1789558504.3568938,2.5794196871087403,0.10107507675243647,0.0036904376666666654,0.0015404205880862882,0.0006967841729602848,0.0005695062428788003,0.004584685874999997,2.584061339004129,0.09966200999895893,0.0046416518953886765,-0.0014130667534775487,-0.0014162873480933376,1.0045825700628108,6.638405827062882e-08,0.004385777521142508,-0.013317211620208318,-0.013317211620208318,0.14191788315834558,0.9977260302295826,6.66882678687077e-08,2.5804002415557226,0.1015014817939633,0.002796189458333334,-0.0009436465571510178,0.0016672436869211715,0.0007538532480151072,-0.0017884964166666626,2.576647282011722,0.1019866638966124,-0.003752959544000678,0.0004851821026490982,0.00048480997922591476,0.9984688677282614,-4.778556076183996e-09,-0.004206389450774933,0.013795859895747472,0.013795859895747472,0.12044703198794254,1.0007675655187165,-4.771239474763438e-09,2.5797135523157837,0.10117403358747502,0.0036904376666666654,0.0013236913746707182,0.0009824953208994024,0.0005148390934013223,0.0032930326916666636,2.5751896350927463,0.10421620323598581,-0.004523917223037355,0.003042169648510784,0.0030277567390194207,0.9906341744022695,2.6342920315902116e-07,-0.002627139789777273,0.009366129088488436,0.009366129088488436,0.17663635293942978,1.0047602600650247,2.6096197118488467e-07]"
/multi_agv/m2b_algorithm_state,1789558504.3670964,1789558504.3670964,m2b_algorithm_state_v1:header6+3x20,"[1.0,-0.15,0.52,2.5818422455575414,0.10125021194348038,1789558504.366937,2.5804125806523683,0.10107518556822168,0.0036904376666666654,0.0015396555692318166,0.0006968560766894782,0.0005698004461825303,0.004584685874999997,2.584681445731013,0.09903871151956548,0.004268865078644879,-0.0020364740486562005,-0.0020431946261540435,1.0066507898734172,1.3786742004830003e-07,0.0032928867221520552,-0.009154031390348585,-0.009154031390348585,0.14189393198589606,0.9967107502086118,1.3878434728943142e-07,2.5813931022293595,0.10150141702367442,0.002796189458333334,-0.0009428145631919949,0.0016671894345763327,0.0007535208276724936,-0.0017884964166666626,2.577638696048961,0.10354471016787822,-0.003754406180398462,0.0020432931442038033,0.0020367708417352356,0.9936654947497099,-8.458139692945399e-08,-0.0026562368837628417,0.00762852852567527,0.00762852852567527,0.12043195205814315,1.0032022760415262,-8.40456156265275e-08,2.5807064343717743,0.10117412765145467,0.0036904376666666654,0.0013231821650173795,0.0009825194445368893,0.0005150472678121785,0.0032930326916666636,2.5759636847130096,0.10580272082630068,-0.0047427496587646445,0.004628593174846013,0.0045956295544246776,0.986008008411236,6.088242626681359e-07,-0.001332807519031128,0.004016514699476308,0.004016514699476308,0.1765894601098966,1.007172819312557,6.003055987058479e-07]"
/multi_agv/m2b_algorithm_state,1789558504.377063,1789558504.377063,m2b_algorithm_state_v1:header6+3x20,"[1.0,-0.15,0.52,2.582842399179992,0.10125021168363461,1789558504.37696,2.581417444471243,0.10107510583005493,0.0036904376666666654,0.001540228042732232,0.0006968059561345713,0.000569578372859239,0.004584685874999997,2.5856751624020236,0.09970387093138158,0.004257717930780558,-0.001371234898673343,-0.001374266676464369,1.0044448112236035,6.250223113737522e-08,0.003947880737011329,-0.011791530943011152,-0.011791530943011152,0.1419124319405614,0.9977938941233545,6.278004175583488e-08,2.5823979863953888,0.10150146975492784,0.002796189458333334,-0.0009434370193347526,0.0016672225135421215,0.0007537734343423669,-0.0017884964166666626,2.578668528818705,0.10298914925126813,-0.00372945757668397,0.001487679496340294,0.0014842073971849605,0.9953585710534216,-4.488447155715939e-08,-0.0031776145736700017,0.009723138646989309,0.009723138646989309,0.12044359994927706,1.0023393625189572,-4.4676143471622113e-08,2.5817113058059924,0.10117406024545839,0.0036904376666666654,0.0013235581410806396,0.000982502362242177,0.0005148931824012618,0.0032930326916666636,2.576974039812348,0.10536009535512247,-0.004737265993644435,0.004186035109664088,0.00415898253355255,0.9872810342410285,4.982815509288563e-07,-0.001762599958502994,0.005762207303127062,0.005762207303127062,0.17662567946495603,1.0065046140235723,4.919439249442649e-07]"
/multi_agv/m2b_algorithm_state,1789558504.3870506,1789558504.3870506,m2b_algorithm_state_v1:header6+3x20,"[1.0,-0.15,0.52,2.5838424884730666,0.10125021187606958,1789558504.3869414,2.58241759824764,0.1010751034297264,0.0036904376666666654,0.0015402506763045431,0.000696803789854172,0.000569569688950902,0.004584685874999997,2.586746435666585,0.10053034124779969,0.004328837418944964,-0.000544762181926714,-0.0005452377153685743,1.0017494270483438,9.859303450860085e-09,0.004865809058312631,-0.015455111226097659,-0.015455111226097659,0.14191422896160297,0.9991278419880788,9.876551582994848e-09,2.5833981397325227,0.10150147308670553,0.002796189458333334,-0.0009434608496518724,0.0016672216575912557,0.0007537842092127656,-0.0017884964166666626,2.5795883104805117,0.10187212280957099,-0.00380982925201101,0.0003706497228654626,0.0003704323616992573,0.9988287819590554,-2.7884592435377642e-09,-0.004391854203314505,0.014500982423614844,0.014500982423614844,0.12044473135671624,1.0005867769360328,-2.7851933497652943e-09,2.5827114595598144,0.10117405853447188,0.0036904376666666654,0.0013235726539799443,0.000982501040854667,0.0005148875789694526,0.0032930326916666636,2.577916293733695,0.10509523901011321,-0.004795165826119607,0.003921180475641328,0.0038973949355861058,0.9880493601983014,4.373180991874049e-07,-0.0020965623470634034,0.007080440072634505,0.007080440072634505,0.17662919798575216,1.0061029329714684,4.3209186810525274e-07]"
/multi_agv/m2b_algorithm_state,1789558504.3970015,1789558504.3970015,m2b_algorithm_state_v1:header6+3x20,"[1.0,-0.15,0.52,2.5848427675082544,0.10125021088997462,1789558504.3968692,2.5834176878108472,0.10107510222180434,0.0036904376666666654,0.0015402647954409964,0.000696802238494775,0.0005695643758459987,0.004584685874999997,2.587527290789986,0.10084733989418189,0.00410960297913876,-0.0002277623276224494,-0.00022784525382679493,1.0007288080409535,1.7230753268282466e-09,0.0049091584700966555,-0.015770710688426254,-0.015770710688426254,0.1419157983423656,0.9996360415547276,1.7243311179816076e-09,2.5843982286101634,0.10150147560041306,0.002796189458333334,-0.0009434754194856858,0.0016672204112908595,0.000753791173030427,-0.0017884964166666626,2.580602350277076,0.10187212280957099,-0.0037958783330873658,0.0003706472091579288,0.00037042985094323376,0.9988287899086477,-2.78846445600436e-09,-0.0043744180654159736,0.014438989784433295,0.014438989784433295,0.12044571941303836,1.000586772945381,-2.7851985782941105e-09,2.583711548998189,0.10117405780599135,0.0036904376666666654,0.0013235817083538655,0.0009824999016653018,0.0005148842468222841,0.0032930326916666636,2.578940991200371,0.10486568000319126,-0.004770557797817876,0.003691622197199901,0.0036705032091264352,0.9887192200160594,3.876847693201632e-07,-0.0022926940381459097,0.007885610229469476,0.007885610229469476,0.17663227080180371,1.0057537037485635,3.8331138273433764e-07]"
/multi_agv/m2b_algorithm_state,1789558504.406978,1789558504.406978,m2b_algorithm_state_v1:header6+3x20,"[1.0,-0.15,0.52,2.585842361551762,0.10125021432227592,1789558504.4068844,2.584417966721486,0.10107509827674717,0.0036904376666666654,0.0015402982305026823,0.0006967987103567274,0.0005695517183075451,0.004584685874999997,2.588536905544261,0.10050747114803991,0.004118938822774698,-0.0005676271287072543,-0.0005681435075159543,1.0018233260665301,1.0704808875577602e-08,0.004580530020952418,-0.014432707311953986,-0.014432707311953986,0.1419180393706496,0.999091112013305,1.0724327232637666e-08,2.5853985077201025,0.1015014797102158,0.002796189458333334,-0.0009435109571028265,0.0016672206355452523,0.0007538064607235107,-0.0017884964166666626,2.5813196973762813,0.10275342303403578,-0.004078810343821182,0.00125194332381999,0.0012494800074127448,0.9960835158860603,-3.1794731693188456e-08,-0.0038490329223637328,0.012214818090806226,0.012214818090806226,0.12044713035892707,1.0019714732469758,-3.167020813160511e-08,2.5847118280831736,0.10117405468296091,0.0036904376666666654,0.0013236037749495022,0.000982498056427761,0.0005148756416406947,0.0032930326916666636,2.579845460464908,0.10563572565364508,-0.004866367618265421,0.004461670970684173,0.004431002977729012,0.9864865706052866,5.659589042934237e-07,-0.0016519565451027646,0.005241834859125771,0.005241834859125771,0.1766366588242605,1.0069212305000252,5.583108585999452e-07]"
/multi_agv/m2b_algorithm_state,1789558504.4170258,1789558504.4170258,m2b_algorithm_state_v1:header6+3x20,"[1.0,-0.15,0.52,2.586839499515996,0.1012502332392294,1789558504.4169376,2.5854175620126463,0.10107510502224303,0.0036904376666666654,0.0015402559164012551,0.0006968021625414873,0.0005695682640805277,0.004584685874999997,2.589465870052692,0.10057778746657621,0.004048308040045523,-0.0004973175556668152,-0.000497713723529594,1.0015962086342436,8.216504508109235e-09,0.0045626713265273094,-0.014405085112134883,-0.014405085112134883,0.14191785565522538,0.9992040246349463,8.22961976354838e-09,2.586398100177967,0.10150147721266087,0.002796189458333334,-0.0009434642083238813,0.0016672158786148472,0.000753788671154873,-0.0017884964166666626,2.582342807969007,0.10275342303403578,-0.0040552922089598376,0.0012519458213749168,0.0012494824951021935,0.9960835080509733,-3.179328349408207e-08,-0.0038196327660976036,0.012110036345476805,0.012110036345476805,0.12044701467915656,1.0019714772174715,-3.166876535524437e-08,2.5857114224646724,0.10117406073192384,0.0036904376666666654,0.0013235756321394979,0.0009824985903075243,0.0005148875627581095,0.0032930326916666636,2.5809106388564667,0.10579985918120989,-0.004800783608205794,0.004625798449286053,0.0045928738911428825,0.9860159922981871,6.082716314005375e-07,-0.0014081056191143602,0.004289695086509901,0.004289695086509901,0.17663629909749262,1.0071686179336785,5.997655562222381e-07]"
/multi_agv/m2b_algorithm_state,1789558504.427201,1789558504.427201,m2b_algorithm_state_v1:header6+3x20,"[1.0,-0.15,0.52,2.5878439585958835,0.10125020497665878,1789558504.4271057,2.586414706169377,0.10107514842310525,0.0036904376666666654,0.0015399546165558724,0.0006968307491214349,0.0005696839958039099,0.004584685874999997,2.591024640682716,0.10125954029147632,0.00460993451333902,0.00018439186837107546,0.0001843376858432128,0.9994127205006732,1.1287832898164113e-09,0.005946755827516988,-0.01966785930222843,-0.01966785930222843,0.1419089782185431,1.0002939308238292,1.1281203785311194e-09,2.587395230495416,0.10150145276612221,0.002796189458333334,-0.0009431365621199598,0.0016671929382603423,0.0007536585806784679,-0.0017884964166666626,2.583590274618193,0.10291246392130096,-0.0038049558772228487,0.0014110111551787485,0.0014078858870460458,0.9955939103419825,-4.036679068293563e-08,-0.003348308959482515,0.010364212750882961,0.010364212750882961,0.12044142546445055,1.0022198305711125,-4.0188930983980196e-08,2.5867085618831944,0.10117409852846071,0.0036904376666666654,0.001323374478728327,0.0009825079428525518,0.0005149698901223227,0.0032930326916666636,2.5822603653165057,0.10371513257112165,-0.004448196566688711,0.002541034042660942,0.0025309401339720853,0.9921319457082539,1.8381406996820233e-07,-0.003029305574388804,0.011019718132980713,0.011019718132980713,0.17661891723630402,1.0039882052338454,1.8236781088610568e-07]"
/multi_agv/m2b_algorithm_state,1789558504.4370317,1789558504.4370317,m2b_algorithm_state_v1:header6+3x20,"[1.0,-0.15,0.52,2.588844105859626,0.10125020519253931,1789558504.4369397,2.587419156644548,0.10107507790630892,0.0036904376666666654,0.0015404605519238855,0.0006967843919842833,0.0005694888064522753,0.004584685874999997,2.592071691126371,0.10143557205888555,0.004652534481822901,0.00036049415257663475,0.0003602873315879506,0.9988541327946352,4.315310681062346e-09,0.006175955433866577,-0.02057458504179612,-0.02057458504179612,0.14192601611950456,1.0005740445765123,4.310365908071956e-09,2.5883996998755294,0.10150149856139358,0.002796189458333334,-0.0009436861953583081,0.0016672238389383587,0.0007538807542043641,-0.0017884964166666626,2.5846144677950473,0.10291246392130096,-0.0037852320804820927,0.0014109653599073818,0.0014078402955008304,0.9955940537977878,-4.038768646454276e-08,-0.0033236998051017854,0.010275889001986933,0.010275889001986933,0.12045215234709207,1.0022197577498944,-4.020974049074817e-08,2.5877130192675724,0.10117403846227388,0.0036904376666666654,0.0013237089619407313,0.0009824917143282713,0.0005148333461302891,0.0032930326916666636,2.583115980840043,0.10179618601237249,-0.004597038427529565,0.000622147550098609,0.0006215335851875823,0.9980309505189064,1.1037378986360266e-08,-0.005124764449224374,0.01927604426645382,0.01927604426645382,0.17665227830887248,1.0009878225821722,1.101564584099454e-08]"
/multi_agv/m2b_algorithm_state,1789558504.44714,1789558504.44714,m2b_algorithm_state_v1:header6+3x20,"[1.0,-0.15,0.52,2.58984678981589,0.10125018925823825,1789558504.4470453,2.588419303977635,0.10107507784277216,0.0036904376666666654,0.0015404656473445581,0.0006967819185125452,0.0005694878843815641,0.004584685874999997,2.5930800757541266,0.10110975086015202,0.00466077177649149,3.4673017379860394e-05,3.4671099370744544e-05,0.9998893803840363,3.99301044157124e-11,0.005860635819985107,-0.01928295725922023,-0.01928295725922023,0.14192779097312555,1.0000553201124471,3.9925687362896545e-11,2.589399847073543,0.10150149943751932,0.002796189458333334,-0.0009436905282426398,0.0016672236417516473,0.0007538827349400506,-0.0017884964166666626,2.5856593045055,0.10300170984611606,-0.003740542568043015,0.0015002104085967416,0.0014966799087693732,0.9953201478413511,-4.565563244361084e-08,-0.0031789983012843956,0.00972262007611843,0.00972262007611843,0.12045326974971798,1.002358887699823,-4.5441970833565125e-08,2.5887131665276994,0.10117403829732644,0.0036904376666666654,0.0013237139308487369,0.0009824899371565065,0.0005148321167127161,0.0032930326916666636,2.584234410973245,0.10308011811795544,-0.004478755554454317,0.0019060798206290003,0.0019003727377562808,0.9940550008735751,1.0350402874063729e-07,-0.0036980717053116154,0.013676350749560718,0.013676350749560718,0.17665575382022883,1.0030031386787088,1.0288869738019275e-07]"
/multi_agv/m2b_algorithm_state,1789558504.4570184,1789558504.4570184,m2b_algorithm_state_v1:header6+3x20,"[1.0,-0.15,0.52,2.5908391303585376,0.10125023926923486,1789558504.4568944,2.5894219828688083,0.10107503932423333,0.0036904376666666654,0.0015407426733601544,0.0006967533981109496,0.0005693826399606635,0.004584685874999997,2.5939442116139695,0.10058077593853619,0.004522228745161172,-0.0004942633856971357,-0.000494654693867684,1.0015863524671378,8.11844462809902e-09,0.005158131237583781,-0.016516303619552936,-0.016516303619552936,0.1419385475058501,0.99920892659991,8.131323342764127e-09,2.590402537241499,0.10150152353753747,0.002796189458333334,-0.0009439899668732404,0.001667242276826908,0.0007540028378976438,-0.0017884964166666626,2.5866858300520006,0.10300170984611606,-0.0037167071894983472,0.0015001863085785938,0.0014966559226953192,0.9953202232742205,-4.566864771226207e-08,-0.003149228064177615,0.009616092950999976,0.009616092950999976,0.12046004159457722,1.0023588493719497,-4.545492863760041e-08,2.5897158493373627,0.10117400491294397,0.0036904376666666654,0.0013239001510564454,0.0009824790899367834,0.0005147570397885889,0.0032930326916666636,2.5854395681616213,0.10502356834056174,-0.004276281175741303,0.003849563427617775,0.003826626273065798,0.9882579410482052,4.2161739507781227e-07,-0.0015187251966108312,0.005033495380032414,0.005033495380032414,0.1766768184786523,1.005994093207749,4.166667387697064e-07]"
/multi_agv/m2b_algorithm_state,1789558504.467207,1789558504.467207,m2b_algorithm_state_v1:header6+3x20,"[1.0,-0.15,0.52,2.591843919306779,0.10125020881036217,1789558504.4670951,2.590414339123367,0.10107515924933734,0.0036904376666666654,0.0015398977473172638,0.0006968302145760495,0.000569708924348777,0.004584685874999997,2.5949509994943574,0.10088707142039935,0.004536660370990209,-0.00018808782893799114,-0.00018814436414083617,1.0006015843744036,1.1747519964926642e-09,0.005482681099596925,-0.017826013593281967,-0.017826013593281967,0.14191268437635207,0.999699511579296,1.1754587089375535e-09,2.5913948587294633,0.10150145063551003,0.002796189458333334,-0.0009430706919161839,0.001667185112777414,0.0007536340988255341,-0.0017884964166666626,2.5875948006012313,0.10324348585569595,-0.003800058128232031,0.001742035220185928,0.0017372835317325307,0.994580785441346,-6.150943498770853e-08,-0.0030127891285575085,0.009029109711755356,0.009029109711755356,0.1204437588804772,1.0027351254798684,-6.117610216212856e-08,2.590708193222782,0.10117410792285718,0.0036904376666666654,0.0013233406339212277,0.0009825044526028844,0.0005149863760201857,0.0032930326916666636,2.5863165840904694,0.10392938030734088,-0.004391609132312624,0.002755272384483698,0.0027434239616368956,0.9914894914781035,2.1607550112694962e-07,-0.002746087453753884,0.009914467080825308,0.009914467080825308,0.1766261736723657,1.0043188449953369,2.1423658873323566e-07]"
/multi_agv/m2b_algorithm_state,1789558504.4771972,1789558504.4771972,m2b_algorithm_state_v1:header6+3x20,"[1.0,-0.15,0.52,2.5928429425416093,0.10125021615724077,1789558504.4771047,2.5914191188088105,0.10107508314388818,0.0036904376666666654,0.0015404435444963311,0.0006967806007972749,0.0005694981504967247,0.004584685874999997,2.596029877829165,0.10162054179897968,0.004610759020354571,0.0005454586550915075,0.0005449858147456049,0.9982698403649679,9.878187236964375e-09,0.006308434590188819,-0.021143591164705988,-0.021143591164705988,0.14193089107401813,1.0008676195473514,9.86109639613969e-09,2.592399658757441,0.10150150011315746,0.002796189458333334,-0.0009436638175689353,0.0016672183519861328,0.0007538739083858825,-0.0017884964166666626,2.588616796262576,0.10317363184030057,-0.003782862494865036,0.001672131727143103,0.0016677514105255201,0.9947940876926542,-5.671057928863642e-08,-0.0030608267080557746,0.009229258838839008,0.009229258838839008,0.12045522145263853,1.002626480535371,-5.6415348985961e-08,2.5917129803540853,0.10117404317404087,0.0036904376666666654,0.0013237009963763483,0.0009824871979636548,0.0005148391481321242,0.0032930326916666636,2.5872070740817374,0.10236248927941474,-0.004505906272347815,0.001188446105373872,0.0011862153414139306,0.9962628138697625,4.0258566124559885e-08,-0.004446167499020838,0.01663667125472458,0.01663667125472458,0.17666182456787544,1.001880572508262,4.010811236961593e-08]"
/multi_agv/m2b_algorithm_state,1789558504.487086,1789558504.487086,m2b_algorithm_state_v1:header6+3x20,"[1.0,-0.15,0.52,2.593846939540484,0.10125019158758025,1789558504.4869816,2.59241814438838,0.10107509991840072,0.0036904376666666654,0.00154032969400937,0.0006967897472532235,0.000569542742451148,0.004584685874999997,2.5970894738561365,0.10183548860843306,0.004671329467756724,0.0007603886900323376,0.0007594712955511733,0.997593977481084,1.9192249144788375e-08,0.006598633130247078,-0.02229072662656773,-0.02229072662656773,0.14192868637332198,1.0012079383204318,1.9146072161157367e-08,2.5933986791394448,0.10150149093206802,0.002796189458333334,-0.0009435391576797392,0.00166720979350643,0.0007538243244817749,-0.0017884964166666626,2.589620340892997,0.10399359959985172,-0.003778338246447799,0.0024921086677836962,0.00248243947922384,0.9923137582002073,-1.2587392990470685e-07,-0.0022404833288359083,0.005948810339134786,0.005948810339134786,0.1204538334558358,1.0038950349608842,-1.2490643244316912e-07,2.5927120040970033,0.10117405762125355,0.0036904376666666654,0.001323626345021874,0.000982489507453655,0.000514870305282591,0.0032930326916666636,2.588327830468813,0.10466919399169364,-0.004384173628190435,0.003495136370440091,0.0034761773265015567,0.9892954762540088,3.475786588868497e-07,-0.0020040397087364875,0.006933608284744101,0.006933608284744101,0.17665750721729295,1.0054539921752539,3.438579948791956e-07]"
/multi_agv/m2b_algorithm_state,1789558504.496954,1789558504.496954,m2b_algorithm_state_v1:header6+3x20,"[1.0,-0.15,0.52,2.5948373582439257,0.10125025364904644,1789558504.4968023,2.593422133666649,0.10107504008188245,0.0036904376666666654,0.0015407582353308843,0.0006967478726762615,0.0005693787685958043,0.004584685874999997,2.597960481755979,0.10049795540887477,0.004538348089329958,-0.0005770846730076828,-0.0005776184410118805,1.0018539051759598,1.1067877717561782e-08,0.005095316670650567,-0.016251187549836118,-0.016251187549836118,0.14194409260857532,0.9990759159225203,1.108839651334926e-08,2.5944026855346825,0.10150152857994203,0.002796189458333334,-0.0009440035906021719,0.001667237982595271,0.0007540109770853426,-0.0017884964166666626,2.5906750693662883,0.1037570397798065,-0.003727616168394121,0.002255511199864474,0.0022475765492036186,0.9930245812230829,-1.0317683297387702e-07,-0.002411943661289033,0.0066633955535245456,0.0066633955535245456,0.12046353243999,1.0035303138679155,-1.024571313558082e-07,2.5937159994201204,0.10117400610091627,0.0036904376666666654,0.0013239122741944302,0.0009824742512374975,0.0005147543017968706,0.0032930326916666636,2.58956800505274,0.10564019829857425,-0.004147994367380559,0.004466192197657981,0.004435463057526566,0.9864735736063287,5.672367906216526e-07,-0.0007495299016991325,0.0019875279493642116,0.0019875279493642116,0.17668767827775322,1.0069280568303394,5.595641039255265e-07]"
/multi_agv/m2b_algorithm_state,1789558504.5070894,1789558504.5070894,m2b_algorithm_state_v1:header6+3x20,"[1.0,-0.15,0.52,2.595837272713463,0.10125025398642629,1789558504.5069816,2.5944125718891478,0.10107518874761048,0.0036904376666666654,0.0015397100256077712,0.0006968440843626127,0.0005697830796235867,0.004584685874999997,2.5988929811118306,0.1000048808953954,0.004480409222682891,-0.0010703078522150827,-0.0010721507684078142,1.0034576059381024,3.8058715257520524e-08,0.004528360759945799,-0.013994432359323725,-0.013994432359323725,0.14191142468400034,0.9982811035098466,3.8190307297391476e-08,2.5953930805399272,0.10150143827031347,0.002796189458333334,-0.0009428637203889832,0.001667166888005056,0.0007535538638010764,-0.0017884964166666626,2.5916664543949404,0.10331546687529924,-0.0037266261449868665,0.001814028604985779,0.0018088788712695063,0.994361469993291,-6.668034722995768e-08,-0.002849403809964077,0.0084155304435245,0.0084155304435245,0.12044296578411204,1.0028469201548353,-6.630436809124379e-08,2.5947064223027017,0.10117413392921537,0.0036904376666666654,0.001323217273700991,0.0009825063553179584,0.0005150388581758028,0.0032930326916666636,2.5904431995172557,0.10386628021518586,-0.004263222785445997,0.0026921462859704898,0.002680829139433024,0.9916784616163192,2.0627849283461627e-07,-0.002648199342374472,0.009590393694034685,0.009590393694034685,0.17662370724347443,1.0042215098198533,2.045619384387652e-07]"
/multi_agv/m2b_algorithm_state,1789558504.5169795,1789558504.5169795,m2b_algorithm_state_v1:header6+3x20,"[1.0,-0.15,0.52,2.5968393208794205,0.10125024077682214,1789558504.5168567,2.595412487003585,0.10107518498852884,0.0036904376666666654,0.0015397452066154413,0.0006968448978425627,0.0005697674070244934,0.004584685874999997,2.5998690035453906,0.09992315472314342,0.004456516541805566,-0.0011520302653854203,-0.001154166670016081,1.003725042197998,4.4095940863229005e-08,0.004416479007240877,-0.013557607582581437,-0.013557607582581437,0.1419123751751113,0.9981489635022724,4.4260200103704955e-08,2.596392993897951,0.10150144492128131,0.002796189458333334,-0.0009429034149332658,0.0016671635534639684,0.000753572804565103,-0.0017884964166666626,2.5927039159115344,0.10336401661494944,-0.003689077986416489,0.0018625716936681302,0.0018571446639107226,0.9942137997101236,-7.029724972781059e-08,-0.0027542028191098887,0.008054931256857127,0.008054931256857127,0.12044356421610206,1.002922243949472,-6.989049576105801e-08,2.5957063372388527,0.10117413204946868,0.0036904376666666654,0.0013232355677394022,0.0009825069693144787,0.0005150306090938766,0.0032930326916666636,2.5913331626258187,0.10225695146759611,-0.004373174613033992,0.0010828194181274342,0.0010809660842827668,0.9965908736996384,3.341117467465828e-08,-0.004385502182009724,0.016462091762825832,0.016462091762825832,0.17662556829695472,1.0017145161828986,3.3297271760348926e-08]"
/multi_agv/m2b_algorithm_state,1789558504.5270693,1789558504.5270693,m2b_algorithm_state_v1:header6+3x20,"[1.0,-0.15,0.52,2.5978473304969723,0.10125018976422999,1789558504.5269427,2.5964145314426075,0.10107514919478543,0.0036904376666666654,0.0015400068266865625,0.0006968235965006282,0.0005696650854831005,0.004584685874999997,2.60110196436471,0.10029963720421958,0.004687432922102719,-0.0007755119905658442,-0.0007764773743112641,1.0024969498991485,1.9980655805929854e-08,0.005082813778317135,-0.016105905248232986,-0.016105905248232986,0.1419208786340119,0.9987567136179901,2.003054650242939e-08,2.5973950463155733,0.10150147075685637,0.002796189458333334,-0.0009431889514954052,0.0016671763084583624,0.0007536899401026503,-0.0017884964166666626,2.593775105244774,0.10407489161307923,-0.003619941070799104,0.0025734208562228633,0.002563116781548523,0.9920703734120454,-1.3416394141087414e-07,-0.001961809556950357,0.004916100055259679,0.004916100055259679,0.12044891790006386,1.0040201346846611,-1.331000714539177e-07,2.5967083848800807,0.10117410237882465,0.0036904376666666654,0.0013234053668770341,0.0009824998414828872,0.0005149607154356917,0.0032930326916666636,2.5926779750186775,0.10389859225087614,-0.004030409861403239,0.002724489872051483,0.0027129020056099067,0.9915816029958192,2.1128964432627356e-07,-0.002325110321144142,0.008418995715206401,0.008418995715206401,0.17664221831038673,1.0042713914537327,2.0951092421746284e-07]"
/multi_agv/m2b_algorithm_state,1789558504.5370739,1789558504.5370739,m2b_algorithm_state_v1:header6+3x20,"[1.0,-0.15,0.52,2.5988392859763247,0.10125024245175651,1789558504.53694,2.597422525094883,0.10107502476759832,0.0036904376666666654,0.0015408939578731282,0.0006967401725653131,0.000569323943810504,0.004584685874999997,2.602115014732667,0.09959041365483516,0.004692489637784014,-0.0014846111127631567,-0.0014881680033863448,1.0048184753933436,7.330243192154902e-08,0.004377444043843673,-0.01325138475077108,-0.01325138475077108,0.1419504924367328,0.9976098863736524,7.365563788603524e-08,2.5984030752655882,0.10150154892695741,0.002796189458333334,-0.0009441526185839655,0.00166723430584792,0.000754077488182292,-0.0017884964166666626,2.5948169679983955,0.10363834703876185,-0.003586107267192773,0.002136798111804436,0.0021296702886868485,0.9933827196948228,-9.262453439511083e-08,-0.0023529637953041177,0.006502981624612165,0.006502981624612165,0.12046756133402581,1.0033469139121918,-9.201161188788186e-08,2.5977163911304455,0.10117399559813421,0.0036904376666666654,0.0013239946025504867,0.0009824706780411814,0.0005147204743927501,0.0032930326916666636,2.5937543067005002,0.10357984858189195,-0.003962084429945278,0.002405852983757742,0.002396795176827611,0.9925389729914262,1.6487079007343625e-07,-0.002555810360603987,0.009382173184482265,0.009382173184482265,0.17670021267400857,1.003779132659187,1.6364068465577346e-07]"
/multi_agv/m2b_algorithm_state,1789558504.5470126,1789558504.5470126,m2b_algorithm_state_v1:header6+3x20,"[1.0,-0.15,0.52,2.599846380142124,0.10125019734424263,1789558504.546911,2.598414496940235,0.10107515187776143,0.0036904376666666654,0.0015399976180632624,0.0006968205241429707,0.000569670675142672,0.004584685874999997,2.6029876279631567,0.0975653576602194,0.004573131022921562,-0.0035097942175420366,-0.003529978906973732,1.011653464322438,4.0999575926584305e-07,0.00218643487167822,-0.0045617453467002205,-0.0045617453467002205,0.14192326186335727,0.9942819235005006,4.1477363021879844e-07,2.599395010971806,0.10150147100291436,0.002796189458333334,-0.000943177475783259,0.0016671749864429763,0.000753685653473557,-0.0017884964166666626,2.5957940694397186,0.1030746909710121,-0.003600941532087454,0.0015732199680977416,0.0015693396259742975,0.9950964889856558,-5.017757103496141e-08,-0.00293183728913502,0.008810572866953179,0.008810572866953179,0.12045041833810549,1.0024725955167513,-4.993152476271844e-08,2.598708350016934,0.10117410447459373,0.0036904376666666654,0.001323402369487281,0.000982497067438315,0.000514963457631119,0.0032930326916666636,2.594672319615708,0.10272051414524208,-0.004036030401225688,0.0015464096706483549,0.0015426429337573662,0.995156964719537,6.812976604079411e-08,-0.0035023950677747434,0.013124949575619464,0.013124949575619464,0.17664688498295308,1.0024417425501144,6.779981118020885e-08]"
/multi_agv/m2b_algorithm_state,1789558504.557119,1789558504.557119,m2b_algorithm_state_v1:header6+3x20,"[1.0,-0.15,0.52,2.600842139362094,0.10125022596544848,1789558504.5568485,2.5994215770344122,0.10107504142888088,0.0036904376666666654,0.0015407859255877872,0.0006967467292720462,0.0005693673608810927,0.004584685874999997,2.6041094332169794,0.09638506175006128,0.004687856182567174,-0.004689979678819595,-0.0047263415158665355,1.0157786699157516,7.329935067145923e-07,0.0011334787123424318,-0.0003367164342192642,-0.0003367164342192642,0.14194963457150922,0.992306557423988,7.445591693074311e-07,2.600402122151763,0.10150154078453884,0.002796189458333334,-0.0009440338716167288,0.0016672260289172236,0.0007540303208886379,-0.0017884964166666626,2.596823306717505,0.1030746909710121,-0.003578815434257976,0.0015731501864732628,0.001569270190211221,0.995096707256017,-5.021866305947129e-08,-0.0029042491026112487,0.008711270182246888,0.008711270182246888,0.12046702128228033,1.002472484525765,-4.997242625327926e-08,2.599715441240196,0.10117400981930816,0.0036904376666666654,0.0013239254721578195,0.0009824712741323795,0.0005147501296614431,0.0032930326916666636,2.5959048727587586,0.10195086277272472,-0.0038105684814375707,0.0007768529534165625,0.0007758968033243157,0.9975456388948271,1.7209955505112453e-08,-0.0039873137984726475,0.015167195748784147,0.015167195748784147,0.1766985324617208,1.001232316060783,1.716771605969895e-08]"
/multi_agv/m2b_algorithm_state,1789558504.5673852,1789558504.5673852,m2b_algorithm_state_v1:header6+3x20,"[1.0,-0.15,0.52,2.6018414029265102,0.10125023153032935,1789558504.5672405,2.6004173450519845,0.10107511064052431,0.0036904376666666654,0.0015402995905725485,0.0006967887350738159,0.0005695563176605604,0.004584685874999997,2.605043253426457,0.09659293881515518,0.0046259083744724094,-0.004482171825369127,-0.004515331027594195,1.0150446113329208,6.691793540204796e-07,0.0012670544404963166,-0.0008973285443379473,-0.0008973285443379473,0.14193587122589177,0.9926563075835582,6.792468973137327e-07,2.6013978707994156,0.10150149835575283,0.002796189458333334,-0.0009435040760024708,0.001667194311965936,0.0007538171709129959,-0.0017884964166666626,2.5982357380520256,0.1044145923912902,-0.0031621327473900784,0.0029130940355373697,0.0028999244321756,0.9910586761405304,-1.7193210448634195e-07,-0.0010527415020619981,0.0015087575033554614,0.0015087575033554614,0.12045835674226503,1.0045413608767348,-1.7039480385828942e-07,2.600711202234881,0.10117406890006835,0.0036904376666666654,0.0013236055204448945,0.0009824844993991501,0.000514881936995169,0.0032930326916666636,2.5970005240071203,0.10223726656622817,-0.0037106782277605,0.0010631976661598236,0.0010614106251114642,0.9966518997496593,3.222073192107295e-08,-0.003576937159589161,0.013589145471987326,0.013589145471987326,0.17667157731373548,1.0016836472201056,3.211285368046184e-08]"
/multi_agv/m2b_algorithm_state,1789558504.577482,1789558504.577482,m2b_algorithm_state_v1:header6+3x20,"[1.0,-0.15,0.52,2.602841123805211,0.10125023404627964,1789558504.5773416,2.6014166104454963,0.10107512240207654,0.0036904376666666654,0.001540222036543797,0.0006967955401351303,0.0005695863944858294,0.004584685874999997,2.6061711548565607,0.09777338891230486,0.004754544411064376,-0.0033017334897716827,-0.003319568133916152,1.0109371443210362,3.6283222256506715e-07,0.0026236123799143183,-0.00619234004175559,-0.00619234004175559,0.14193451733658052,0.9946274203676521,3.668005709475836e-07,2.602397132084322,0.10150149290099648,0.002796189458333334,-0.0009434196030462319,0.0016671874734348613,0.0007537841120014294,-0.0017884964166666626,2.599279062128682,0.1044145923912902,-0.0031180699556401237,0.0029130994902937107,0.0028999298371740327,0.9910586592859073,-1.719173586024604e-07,-0.000997657607376122,0.0013113255427861736,0.0013113255427861736,0.12045750440479457,1.00454136957069,-1.7038018692452895e-07,2.601710466249713,0.101174079287915,0.0036904376666666654,0.0013235538095579397,0.0009824862660217986,0.0005149034327340224,0.0032930326916666636,2.5980949529631414,0.10341761696762482,-0.0036155132865713924,0.00224353767970982,0.0022356511427867065,0.9930294209141648,1.4334424254322512e-07,-0.002283740465427534,0.008477409620990898,0.008477409620990898,0.17666892591708575,1.0035276241324858,1.4234505016407843e-07]"
/multi_agv/m2b_algorithm_state,1789558504.587272,1789558504.587272,m2b_algorithm_state_v1:header6+3x20,"[1.0,-0.15,0.52,2.6038410734437853,0.10125023506320308,1789558504.5871234,2.6024163322329126,0.10107512650184836,0.0036904376666666654,0.0015401990775814767,0.0006967977280698532,0.0005695952082109071,0.004584685874999997,2.6071592868130287,0.09710020049148742,0.004742954580116088,-0.003974926010360938,-0.0040009056454821095,1.0132666622825732,5.260880202588731e-07,0.0019277875796630001,-0.0034391889573650745,-0.0034391889573650745,0.14193478264746098,0.9935065614080382,5.330674523545551e-07,2.6033968517737316,0.1015014924368602,0.002796189458333334,-0.000943394696401206,0.0016671839055613091,0.0007537751717416885,-0.0017884964166666626,2.5999576412107293,0.10327287709005335,-0.0034392105630023373,0.0017713846531931532,0.0017664726038392386,0.9944913367578457,-6.361995601984338e-08,-0.0025325405999136828,0.0073011146446983425,0.0073011146446983425,0.12045767142116102,1.0027807107470779,-6.326949510664941e-08,2.6027101874089893,0.10117408320013035,0.0036904376666666654,0.0013235378437894984,0.0009824865569066036,0.0005149102019804813,0.0032930326916666636,2.599273876985987,0.10449891376294723,-0.003436310423002187,0.0033248305628168773,0.003307651879474936,0.9897971259593509,3.1455146268247105e-07,-0.0009877361492777975,0.003358381269603087,0.003358381269603087,0.17666944543858862,1.0051936189078847,3.1134213372941987e-07]"
/multi_agv/m2b_algorithm_state,1789558504.597161,1789558504.597161,m2b_algorithm_state_v1:header6+3x20,"[1.0,-0.15,0.52,2.6048372353762237,0.10125026006669337,1789558504.5968885,2.603416282310189,0.10107512691898472,0.0036904376666666654,0.001540202293888996,0.0006967975707834024,0.0005695938959074135,0.004584685874999997,2.607797119831096,0.09534915253667357,0.0043808375209066774,-0.00572597438231115,-0.0057805968379679796,1.0194875253228024,1.0928566403412855e-06,-0.00030454993683463275,0.005124772268669047,0.005124772268669047,0.14193585797712918,0.9905507238806105,1.114153711794129e-06,2.6043968007882494,0.10150149430375101,0.002796189458333334,-0.0009433983323081522,0.0016671820333913345,0.0007537777216437974,-0.0017884964166666626,2.6010181522385647,0.10361615783584799,-0.0033786485496847263,0.0021146635320969803,0.0021076814343023824,0.9934496006272121,-9.064456093211606e-08,-0.0021156292528035255,0.005664467880369136,0.005664467880369136,0.12045834839865541,1.003312691225991,-9.00508028570397e-08,2.6037101372329183,0.1011740839668735,0.0036904376666666654,0.001323539166128916,0.0009824860741937122,0.0005149098799012751,0.0032930326916666636,2.5999783462438613,0.1057356901456155,-0.003731790989057071,0.004561606178742003,0.004529573397360912,0.986199825698071,5.915205120642274e-07,-0.00013516533896042703,-0.0002711726161913489,-0.0002711726161913489,0.17667155133380041,1.007071920150307,5.833574258945747e-07]"
/multi_agv/m2b_algorithm_state,1789558504.6073232,1789558504.6073232,m2b_algorithm_state_v1:header6+3x20,"[1.0,-0.15,0.52,2.605850357947085,0.10125017549361653,1789558504.6070397,2.6044124522939023,0.1010751844902513,0.0036904376666666654,0.0015398013024990969,0.0006968360726379956,0.0005697476823636775,0.004584685874999997,2.6086101150219685,0.09381331268321637,0.004197662728066209,-0.007261871807034928,-0.007350741675320239,1.0251392277077218,1.7588680108252335e-06,-0.0021036632652374774,0.011990769362769636,0.011990769362769636,0.14192352291987193,0.9879100814297846,1.8030845942571969e-06,2.6053929527965534,0.1015014616123845,0.002796189458333334,-0.0009429633005970401,0.0016671522609885692,0.0007536046370734129,-0.0017884964166666626,2.6022170458632967,0.10516594801140713,-0.0031759069332566447,0.003664486399022629,0.0036437658164217303,0.9888492561184079,-2.717538898302432e-07,-0.0003261178501490756,-0.0014380318739644266,-0.0014380318739644266,0.12045058268930851,1.0056865846063747,-2.687236318059198e-07,2.604706301038216,0.1011741340974443,0.0036904376666666654,0.0013232710924201189,0.0009824990418981997,0.0005150193341529928,0.0032930326916666636,2.6009912891247997,0.10532255227341228,-0.0037150119134161663,0.004148418175967977,0.004121842028707976,0.9873898762319676,4.892745181540564e-07,-0.0005219228630622321,0.0013113680089913548,0.0013113680089913548,0.17664739614192476,1.0064476384769,4.831047059235893e-07]"
/multi_agv/m2b_algorithm_state,1789558504.6171198,1789558504.6171198,m2b_algorithm_state_v1:header6+3x20,"[1.0,-0.15,0.52,2.6068449356946197,0.101250212438821,1789558504.6170177,2.6054255483503206,0.10107497903598114,0.0036904376666666654,0.0015412625526320936,0.0006966993642235407,0.0005691853998161744,0.004584685874999997,2.609579890328649,0.09510722410947749,0.004154341978328535,-0.005967754926503657,-0.0060271951922165785,1.020365059384302,1.1880847668592284e-06,-0.0008342677193059096,0.007068054892713367,0.007068054892713367,0.1419524990069374,0.9901379889289661,1.2122801836899014e-06,2.6064061075038216,0.10150158972518122,0.002796189458333334,-0.0009445509853660151,0.0016672486702100642,0.0007542426946940545,-0.0017884964166666626,2.603270697501964,0.10516594801140713,-0.003135410001857686,0.0036643582862259105,0.0036436391686608402,0.988849649273389,-2.721922822089681e-07,-0.00027562333366126703,-0.0016210698052925654,-0.0016210698052925654,0.12046881299461622,1.0056863801836573,-2.691572427972614e-07,2.6057194179871126,0.10117395771968725,0.0036904376666666654,0.0013242411865856231,0.0009824517042922093,0.0005146234592676179,0.0032930326916666636,2.6020508097035857,0.10566883504053616,-0.0036686082835268863,0.004494877320848911,0.004463758971275439,0.9863911949955325,5.746764401448505e-07,-0.00012200138313316847,-0.000287164448727771,-0.000287164448727771,0.17670410554227947,1.006971332855049,5.668557805302577e-07]"
/multi_agv/m2b_algorithm_state,1789558504.6270285,1789558504.6270285,m2b_algorithm_state_v1:header6+3x20,"[1.0,-0.15,0.52,2.6078440588868954,0.10125021950310974,1789558504.6269305,2.6064201371685005,0.10107507052175461,0.0036904376666666654,0.0015406162683072673,0.0006967528915128077,0.0005694376950775041,0.004584685874999997,2.610680637244082,0.09701019109628777,0.004260500075581319,-0.00406487942546685,-0.004092066574674565,1.0135805422779214,5.503485282731419e-07,0.0012335585198020842,-0.0009692369111263411,-0.0009692369111263411,0.14195248989056453,0.9933561322349996,5.578225597289471e-07,2.6074006721241956,0.10150153165034358,0.002796189458333334,-0.000943846096270138,0.0016672092887275447,0.0007539576345677451,-0.0017884964166666626,2.6036295916711687,0.1038362655203984,-0.003771080453026876,0.0023347338700548254,0.002326237160231501,0.9927861319500888,-1.1052712546385524e-07,-0.002387613406052094,0.006542644248958177,0.006542644248958177,0.1204688182667034,1.0036525552805111,-1.09729797364823e-07,2.606713997791163,0.1011740351443648,0.0036904376666666654,0.001323818647658646,0.000982468194297881,0.0005147980359464723,0.0032930326916666636,2.603303782602952,0.10761553089689846,-0.003410215188210941,0.006441495752533666,0.006378531760708358,0.9809328039895385,1.1779801917626532e-06,0.0021157627754446818,-0.009306363739223968,-0.009306363739223968,0.1767041233134991,1.0098712359187683,1.1555194125498738e-06]"
/multi_agv/m2b_algorithm_state,1789558504.6370566,1789558504.6370566,m2b_algorithm_state_v1:header6+3x20,"[1.0,-0.15,0.52,2.6088427042261455,0.10125022939286092,1789558504.6368906,2.6074192624313297,0.1010750874512831,0.0036904376666666654,0.0015405005158552728,0.0006967609231022459,0.0005694836913451819,0.004584685874999997,2.611640327827316,0.09701019109628777,0.004221065395986212,-0.004064896354995337,-0.004092083727985877,1.0135805983661217,5.503117250363792e-07,0.001184248016996888,-0.0007968967019799491,-0.0007968967019799491,0.14195144497429926,0.9933561053981851,5.577852875502659e-07,2.608399792889863,0.101501521629053,0.002796189458333334,-0.0009437191115869549,0.0016672020089023576,0.00075390637782978,-0.0017884964166666626,2.604656810410684,0.1038362655203984,-0.0037429824791788135,0.0023347438913454005,0.0023262471080645907,0.992786100821625,-1.1051320810549057e-07,-0.002352480990908926,0.006417037208506418,0.006417037208506418,0.12046816098114789,1.0036525712386073,-1.0971597696433879e-07,2.607713121339494,0.10117404942899312,0.0036904376666666654,0.001323743991402167,0.0009824698967776154,0.0005148295109536592,0.0032930326916666636,2.6036961674977706,0.10834969500814175,-0.004016953841723403,0.007175645579148626,0.00709794999303997,0.978940794850414,1.4608160279839504e-06,0.002076757690885716,-0.009525887065904284,-0.009525887065904284,0.17670207832575696,1.0109462008304992,1.430052403564833e-06]"
/multi_agv/m2b_algorithm_state,1789558504.6470916,1789558504.6470916,m2b_algorithm_state_v1:header6+3x20,"[1.0,-0.15,0.52,2.6098449679451594,0.10125021597244717,1789558504.6469555,2.60841791083325,0.1010751104850594,0.0036904376666666654,0.00154034217439835,0.0006967740266536455,0.0005695455100090396,0.004584685874999997,2.6124332827156542,0.09595188601282659,0.004015371882404306,-0.005123224472232818,-0.005166755588402582,1.017319638520419,8.746496613488624e-07,-0.00014754073539719956,0.004319543780121532,0.004319543780121532,0.14194790139026708,0.9915747676806167,8.897982773154316e-07,2.609398434535672,0.10150150846669306,0.002796189458333334,-0.0009435462720561705,0.0016671909285799202,0.0007538372214964395,-0.0017884964166666626,2.6058736201202923,0.1054966287401359,-0.0035248144153796623,0.003995120273442843,0.00397055401349287,0.9878894629552426,-3.231218085445668e-07,-0.00043546400573170763,-0.0011960363450637399,-0.0011960363450637399,0.12046593020578548,1.0061871113870986,-3.192086299122188e-07,2.608711767309514,0.10117406922683028,0.0036904376666666654,0.0013236398449897398,0.0009824735559819118,0.0005148727509936002,0.0032930326916666636,2.604648503930337,0.10705553622322461,-0.004063263379177062,0.00588146699639433,0.0058287498657822396,0.9824767710780601,9.823750561144168e-07,0.0007496706418109117,-0.004085526517186088,-0.004085526517186088,0.1766951379249528,1.0090443288571305,9.651606731189203e-07]"
/multi_agv/m2b_algorithm_state,1789558504.6571748,1789558504.6571748,m2b_algorithm_state_v1:header6+3x20,"[1.0,-0.15,0.52,2.6108373472164126,0.10125026549718241,1789558504.6570237,2.6094201703201785,0.10107507717381257,0.0036904376666666654,0.0015405831205956132,0.0006967501804381545,0.0005694534734254684,0.004584685874999997,2.6135702431064165,0.09434715682718219,0.004150072786238024,-0.006727920346630389,-0.006803898334033795,1.023153531253872,1.5100346026571278e-06,-0.0016163073512362649,0.010092057325271356,0.010092057325271356,0.14195249185457698,0.9888331683289041,1.5449972360241779e-06,2.610400703403295,0.10150153009213289,0.002796189458333334,-0.0009438073585045326,0.00166720637440676,0.0007539423590571526,-0.0017884964166666626,2.6071361138455913,0.10621918332241394,-0.003264589557703701,0.0047176532302810464,0.0046835862903426015,0.9858182323799108,-4.5043511525349305e-07,0.0006028493432129753,-0.005271301905292441,-0.005271301905292441,0.12046881712959293,1.007273686834529,-4.4404714912103994e-07,2.6097140301120048,0.10117404065139605,0.0036904376666666654,0.0013238004925091138,0.0009824646199180671,0.0005148077647373806,0.0032930326916666636,2.6056633963174276,0.10650760439223052,-0.004050633794577152,0.005333563740834463,0.005290029112588048,0.9840078602873598,8.083268886573873e-07,0.00022673686936660817,-0.0019356325418943077,-0.0019356325418943077,0.17670411947088147,1.0082295630742033,7.954000121204945e-07]"
/multi_agv/m2b_algorithm_state,1789558504.667017,1789558504.667017,m2b_algorithm_state_v1:header6+3x20,"[1.0,-0.15,0.52,2.6118444369016474,0.10125022001275745,1789558504.666905,2.6104125651999355,0.10107519500338782,0.0036904376666666654,0.0015397539380143173,0.0006968269401061093,0.0005697729632268412,0.004584685874999997,2.614492614449928,0.09494116244885425,0.004080049249992612,-0.0061340325545335694,-0.00619690925556111,1.020971105765246,1.254105795821172e-06,-0.0010968476930703448,0.008047225323200376,0.008047225323200376,0.14193143982692238,0.9898535385246903,1.2804057811061457e-06,2.611393063685542,0.10150145927865771,0.002796189458333334,-0.0009429061401684748,0.001667149407387214,0.0007535813444259076,-0.0017884964166666626,2.608121437619883,0.10494889480409797,-0.0032716260656586726,0.0034474355254402594,0.0034290664539123467,0.989483449110423,-2.405404340939442e-07,-0.0006604661281609941,-0.0001380647795079799,-0.0001380647795079799,0.12045556692253222,1.0053568724242585,-2.3801077837779429e-07,2.610706412763761,0.10117414220950169,0.0036904376666666654,0.0013232497443621755,0.0009824903056683265,0.0005150331319111637,0.0032930326916666636,2.606990153347724,0.10682818009095714,-0.0037162594160369267,0.005654037881455451,0.005605234170181295,0.9831098544471726,9.07769961344438e-07,0.0009599099001351367,-0.00473871353022666,-0.00473871353022666,0.17666289919701111,1.008706810419051,8.92437594568846e-07]"
/multi_agv/m2b_algorithm_state,1789558504.6770203,1789558504.6770203,m2b_algorithm_state_v1:header6+3x20,"[1.0,-0.15,0.52,2.61284216895009,0.10125023579589389,1789558504.676924,2.6114196408776027,0.10107508226532441,0.0036904376666666654,0.0015405596578919856,0.0006967537332007723,0.0005694617956121333,0.004584685874999997,2.6155909952313547,0.09642777701348292,0.004171354353752044,-0.0046473052518414965,-0.004682996946423884,1.0156276525399608,7.195904431748218e-07,0.0005311959957661708,0.0017454079320473673,0.0017454079320473673,0.1419524921702157,0.9923784501696841,7.308359525918343e-07,2.612400170195257,0.10150153164468932,0.002796189458333334,-0.000943782348318455,0.0016671998808277522,0.000753934895795616,-0.0017884964166666626,2.609170511599994,0.10494889480409797,-0.0032296585952629187,0.003447363159408648,0.003428994867180173,0.9894836716280226,-2.40753785867335e-07,-0.0006080783768984753,-0.00032708808830186355,-0.00032708808830186355,0.12046881693939632,1.0053567569914679,-2.3822193999835739e-07,2.6117134996320837,0.10117404612825862,0.0036904376666666654,0.0013237818595341509,0.0009824651662099226,0.0005148155572847536,0.0032930326916666636,2.60808577842867,0.10712689386688401,-0.003627721203413703,0.005952847738625394,0.005898872701978719,0.9822787947174395,1.0064143424062024e-06,0.0013642211977115907,-0.006344857144402993,-0.006344857144402993,0.1767041188364598,1.0091500595746996,9.88579467245109e-07]"
/multi_agv/m2b_algorithm_state,1789558504.6871512,1789558504.6871512,m2b_algorithm_state_v1:header6+3x20,"[1.0,-0.15,0.52,2.6138422773264445,0.10125023602793003,1789558504.687073,2.612417377796089,0.1010751196427169,0.0036904376666666654,0.0015402995964147802,0.0006967760884995394,0.0005695628933966076,0.004584685874999997,2.616652022455592,0.09719894538955409,0.004234644659502962,-0.0038761742531628063,-0.003900860768971448,1.0129227998781538,5.002744939981787e-07,0.0013924450554072543,-0.001611331135033069,-0.001611331135033069,0.1419510212214109,0.9936715209102037,5.067394411682618e-07,2.6133978963702083,0.10150150955119436,0.002796189458333334,-0.0009434990604663858,0.0016671822603546715,0.000753821265901386,-0.0017884964166666626,2.6101476775699286,0.10656116154621122,-0.0032502188002796473,0.005059651995016859,0.005020569158111824,0.9848503236102145,-5.17799301733449e-07,0.0009577956577622648,-0.006713383775965221,-0.006713383775965221,0.12046789421153388,1.0077845430815127,-5.099548098773303e-07,2.612711232683973,0.10117407819377043,0.0036904376666666654,0.0013236104646184234,0.0009824719735987975,0.0005148863093696757,0.0032930326916666636,2.609154588938786,0.10595284020650017,-0.003556643745187049,0.00477876201272974,0.004743664983619272,0.9855790905323866,6.491029170733635e-07,0.00029786030213546037,-0.0019336113843344016,-0.0019336113843344016,0.17670124834065337,1.0073987158097513,6.397422626710847e-07]"
/multi_agv/m2b_algorithm_state,1789558504.6975424,1789558504.6975424,m2b_algorithm_state_v1:header6+3x20,"[1.0,-0.15,0.52,2.6148443573049795,0.10125022372406463,1789558504.6973581,2.6134174862892237,0.10107511862636935,0.0036904376666666654,0.0015403123907359248,0.0006967744220832902,0.0005695582143902893,0.004584685874999997,2.6173706436605846,0.09498451270559602,0.003953157371360927,-0.0060906059207733315,-0.006152575422036546,1.0208126234174708,1.236828941461952e-06,-0.0012111287078353872,0.00842625593679068,0.00842625593679068,0.14195248956835146,0.9899278762124135,1.2625705964524287e-06,2.6143980045624655,0.10150151186753652,0.002796189458333334,-0.0009435128230760818,0.0016671817080640139,0.0007538275188194721,-0.0017884964166666626,2.61135132384397,0.10756505127030093,-0.0030466807184956757,0.006063539402764412,0.006007839260895276,0.982055156693541,-7.430640320830452e-07,0.0021994883627756813,-0.01168869369341993,-0.01168869369341993,0.12046881846154156,1.0092712436951643,-7.297298644606494e-07,2.6137113411276434,0.10117407758988421,0.0036904376666666654,0.0013236186957082834,0.0009824708488260121,0.000514883326584318,0.0032930326916666636,2.609856350878007,0.10419093482922924,-0.0038549902496365362,0.0030168572393450277,0.0030026804579544437,0.9907094107441187,2.590544293371577e-07,-0.0018160573540912267,0.006467428350770058,0.006467428350770058,0.1767041239693189,1.004721375314189,2.5664766103926945e-07]"
/multi_agv/m2b_algorithm_state,1789558504.7073815,1789558504.7073815,m2b_algorithm_state_v1:header6+3x20,"[1.0,-0.15,0.52,2.6158417635193776,0.10125024153265709,1789558504.7072759,2.6144195623846542,0.10107508782273124,0.0036904376666666654,0.0015405357776944006,0.0006967524793243028,0.0005694727989286356,0.004584685874999997,2.6181408288632744,0.0929566363327521,0.0037212664786201444,-0.00811845148997914,-0.008230235590164305,1.028371868778036,2.2003703728720816e-06,-0.003578652491889125,0.017406753674795546,0.017406753674795546,0.14195249395055756,0.98641787358812,2.2627989923542867e-06,2.615400089251587,0.1015015321257436,0.002796189458333334,-0.000943755142446258,0.001667195839822888,0.0007539252050369344,-0.0017884964166666626,2.6123421890123586,0.10619015561029524,-0.0030579002392285837,0.004688623484551638,0.004654967040943779,0.9859007593141225,-4.4489434183737585e-07,0.0008325917419080495,-0.006086218458904414,-0.006086218458904414,0.12046881592919362,1.0072302216775815,-4.386216694320256e-07,2.6147134202786972,0.10117405122371903,0.0036904376666666654,0.0013237674410638204,0.0009824626534420183,0.0005148231141830291,0.0032930326916666636,2.610972295987719,0.10599167553139263,-0.0037411242909781706,0.004817624307673601,0.0047819646834315,0.9854683395462956,6.597611330006564e-07,0.00010555931970878708,-0.0012576918801421159,-0.0012576918801421159,0.17670411540190528,1.0074571074030836,6.501737082353396e-07]"
/multi_agv/m2b_algorithm_state,1789558504.7172844,1789558504.7172844,m2b_algorithm_state_v1:header6+3x20,"[1.0,-0.15,0.52,2.6168412899150852,0.10125024536364431,1789558504.7171547,2.615416974129579,0.10107512987970511,0.0036904376666666654,0.001540242728642807,0.0006967782419828872,0.0005695864231248125,0.004584685874999997,2.6190342334795638,0.0933904926951716,0.0036172593499848027,-0.007684637184533508,-0.007784470335693088,1.0267274282279426,1.9706516817645938e-06,-0.0032628961482120845,0.01615548325790958,0.01615548325790958,0.14195248989976125,0.9871753443902498,2.0233221331512313e-06,2.616397488774162,0.10150150732718294,0.002796189458333334,-0.0009434361687637787,0.001667175764353157,0.0007537973835775591,-0.0017884964166666626,2.6134020656283843,0.10619015561029524,-0.0029954231457778313,0.004688648283112301,0.004654991478337138,0.9859006839174957,-4.447487208071843e-07,0.0009107125461148488,-0.006367664619989505,-0.006367664619989505,0.12046881824961951,1.0072302613080586,-4.384780680152344e-07,2.615710827654392,0.1011740873910832,0.0036904376666666654,0.0013235737703283725,0.0009824707003798228,0.0005149028772068157,0.0032930326916666636,2.612184888726926,0.10767898821125052,-0.003525938927466221,0.006504900820167317,0.006440722417135434,0.9807593487188948,1.2009989259686385e-06,0.0020332987578026577,-0.00903860372360023,-0.00903860372360023,0.17670412326433488,1.0099644727524877,1.177890924445094e-06]"
/multi_agv/m2b_algorithm_state,1789558504.7274525,1789558504.7274525,m2b_algorithm_state_v1:header6+3x20,"[1.0,-0.15,0.52,2.617842299260008,0.1012502396746754,1789558504.7272742,2.6164165018240944,0.10107513712405056,0.0036904376666666654,0.0015401973828789153,0.0006967826443465162,0.0005696037887666844,0.004584685874999997,2.62005790007171,0.09474387898267908,0.003641398247615779,-0.006331258141371476,-0.006398342051638453,1.021692824415692,1.3365865904400396e-06,-0.0018465942421187287,0.010728498710023498,0.010728498710023498,0.1419524897076622,0.9895154229446365,1.3655809286628238e-06,2.617397013515128,0.10150150492534483,0.002796189458333334,-0.0009433870743700053,0.001667170800127682,0.0007537786851015693,-0.0017884964166666626,2.613674556949881,0.10663969743662191,-0.0037224565652471675,0.005138192511277076,0.005097911120895035,0.9846291694593863,-5.339026605998022e-07,0.00044484041433607603,-0.00489782643893639,-0.00489782643893639,0.12046881837995402,1.0079015481884213,-5.256961332785399e-07,2.616710354406034,0.10117409404153754,0.0036904376666666654,0.001323542696009851,0.0009824717953246694,0.0005149157771816974,0.0032930326916666636,2.613252277473725,0.1071924520575967,-0.003458076932309151,0.0060183580160591554,0.005963216152003944,0.9820974210838003,1.0284458324903165e-06,0.001640619986617505,-0.007377843298514925,-0.007377843298514925,0.17670412368811694,1.0092470007206902,1.0100339998131218e-06]"
/multi_agv/m2b_algorithm_state,1789558504.7373855,1789558504.7373855,m2b_algorithm_state_v1:header6+3x20,"[1.0,-0.15,0.52,2.6188421398826627,0.10125024163609932,1789558504.7372484,2.6174175094638943,0.10107512147006685,0.0036904376666666654,0.001540314218705722,0.0006967718515281432,0.0005695587591756145,0.004584685874999997,2.6207645897031635,0.09417249107350609,0.003347080239269218,-0.006902630396560763,-0.006982709999125585,1.0238007866947545,1.5893584812630648e-06,-0.002798859700039063,0.014252582204444891,0.014252582204444891,0.14195249217943218,0.988531730148488,1.627186463457106e-06,2.618398024856557,0.1015015165692203,0.002796189458333334,-0.0009435142219024824,0.001667176789648117,0.0007538306836346598,-0.0017884964166666626,2.6147386053981907,0.10663969743662191,-0.00365941945836612,0.005138180867401615,0.005097899662483863,0.9846292047167089,-5.339721754234106e-07,0.0005236253395262134,-0.005182506437386764,-0.005182506437386764,0.12046881698761666,1.0079015295679878,-5.257645984280037e-07,2.6177113634595712,0.10117408098473908,0.0036904376666666654,0.001323619401428526,0.0009824676832219216,0.0005148846673369701,0.0032930326916666636,2.6134607560544065,0.10673328555758844,-0.004250607405164697,0.005559204572849363,0.0055119900088353825,0.9833748530927715,8.77886907517376e-07,0.00019873075237951138,-0.0019400001020534914,-0.0019400001020534914,0.17670411894483729,1.0085657927424214,8.632919087119671e-07]"
/multi_agv/m2b_algorithm_state,1789558504.74733,1789558504.74733,m2b_algorithm_state_v1:header6+3x20,"[1.0,-0.15,0.52,2.6198439171091437,0.10125023123564099,1789558504.7472188,2.6184173507209536,0.10107512464882601,0.0036904376666666654,0.0015402972674412544,0.0006967729196628797,0.0005695655512724744,0.004584685874999997,2.6216222117132855,0.09285361257616187,0.0032048609923318594,-0.008221512072664139,-0.008336240375932873,1.028764721674268,2.256367492288907e-06,-0.004330164135518049,0.020030206577337964,0.020030206577337964,0.14195249251354106,0.9862374046218771,2.3212712751994633e-06,2.619397864671089,0.10150151628931402,0.002796189458333334,-0.0009434958003964886,0.0016671743652798554,0.0007538239596441149,-0.0017884964166666626,2.615939378001004,0.1072714787645789,-0.0034584866700853034,0.0057699624752648865,0.005719411721054603,0.982865507158938,-6.730014198261664e-07,0.0013963033834479737,-0.008637907223017301,-0.008637907223017301,0.12046881675471287,1.0088384534416701,-6.614698818161304e-07,2.618711204255945,0.10117408397015791,0.0036904376666666654,0.0013236079512070381,0.0009824675141573824,0.0005148897185120525,0.0032930326916666636,2.614575262916557,0.10711104311431088,-0.004135941339387994,0.005936959144152973,0.005883265350846381,0.9823228403972083,1.0009304624341884e-06,0.0007133386766113884,-0.003980325933324107,-0.003980325933324107,0.1767041182355742,1.0091265292494187,9.832368548984432e-07]"
/multi_agv/m2b_algorithm_state,1789558504.75736,1789558504.75736,m2b_algorithm_state_v1:header6+3x20,"[1.0,-0.15,0.52,2.6208410543928466,0.10125025065591231,1789558504.7572322,2.619419124659301,0.10107509830120844,0.0036904376666666654,0.0015404892135674974,0.000696754113182773,0.0005694921327758586,0.004584685874999997,2.6229617654212545,0.09124004315541617,0.0035426407619536526,-0.009835055145792262,-0.010001220471666405,1.0350268375277976,3.232093997633937e-06,-0.00557291951922434,0.024856039971488546,0.024856039971488546,0.14195249634800117,0.9833854951658257,3.3453040289636306e-06,2.6203996458759695,0.1015015339301807,0.002796189458333334,-0.0009437041959049486,0.0016671863004784626,0.0007539080836191508,-0.0017884964166666626,2.6170062727745695,0.1072714787645789,-0.003393373101399977,0.005769944834398202,0.005719394394822447,0.9828655602695211,-6.73145909367181e-07,0.0014776780180724763,-0.008932608398493585,-0.008932608398493585,0.12046881454586938,1.0088384252048637,-6.616119313533106e-07,2.6197129807921598,0.10117406147553382,0.0036904376666666654,0.0013237356274766348,0.0009824604623257741,0.0005148380439103971,0.0032930326916666636,2.6156735426946,0.10747187895192825,-0.004039438097559689,0.006297817476394435,0.006237564753932267,0.9813269015761714,1.1260793690795183e-06,0.0011882671319826555,-0.0058733093366599605,-0.0058733093366599605,0.17670411071424358,1.0096596548234924,1.1050519781876537e-06]"
/multi_agv/m2b_algorithm_state,1789558504.7673132,1789558504.7673132,m2b_algorithm_state_v1:header6+3x20,"[1.0,-0.15,0.52,2.6218459144915376,0.10125022029626853,1789558504.7672677,2.6204162679971787,0.10107514396123668,0.0036904376666666654,0.0015401709160489246,0.0006967826621076863,0.0005696152518635976,0.004584685874999997,2.6238115147174916,0.0910589256466629,0.0033952467203128833,-0.010016218314573777,-0.010188793949687608,1.035743073741841,3.3518784025890105e-06,-0.005944735549296504,0.026186326768809817,0.026186326768809817,0.1419524918186524,0.9830622116841295,3.4716848395064333e-06,2.6213967758087056,0.10150150717199438,0.002796189458333334,-0.0009433581323795457,0.0016671642475762916,0.0007537695482461859,-0.0017884964166666626,2.6181914765903462,0.10668772098401419,-0.0032052992183593254,0.005186213812019808,0.005145191053318277,0.9844941594494636,-5.438913356993027e-07,0.0011385670303691205,-0.007426317850010348,-0.007426317850010348,0.12046881715362649,1.007973029237675,-5.35457843371131e-07,2.620710119372656,0.1011741008345059,0.0036904376666666654,0.0013235247594544984,0.0009824695815032767,0.000514924703555721,0.0032930326916666636,2.6170078702346213,0.10715833201162381,-0.003702249138034741,0.00598423117711791,0.005929698665123476,0.9821918772699811,1.0168300281331722e-06,0.0013018872425800496,-0.0061344688201209994,-0.0061344688201209994,0.1767041195291102,1.0091965064456272,9.98722194196608e-07]"
/multi_agv/m2b_algorithm_state,1789558504.777252,1789558504.777252,m2b_algorithm_state_v1:header6+3x20,"[1.0,-0.15,0.52,2.622840788002473,0.10125025439386572,1789558504.7771552,2.6214211185513876,0.10107506941791765,0.0036904376666666654,0.0015407043420067675,0.0006967321873577066,0.0005694102882463966,0.004584685874999997,2.6248911037029665,0.09266930119567893,0.003469985151578925,-0.008405768222238721,-0.00852586155179127,1.0294692404921133,2.3594972220765713e-06,-0.004188380112317614,0.01960993661070654,0.01960993661070654,0.14195250119956757,0.9859142294508271,2.429029813154419e-06,2.6224016474739256,0.1015015545260633,0.002796189458333334,-0.0009439376265432684,0.0016671989471639392,0.0007540026893843033,-0.0017884964166666626,2.619252809452702,0.10668772098401419,-0.0031488380212234546,0.0051861664579508915,0.005145144460388922,0.9844943027736981,-5.442154073981146e-07,0.001209096933859604,-0.007681655950085535,-0.007681655950085535,0.12046881173098402,1.0079729535055402,-5.357769680651109e-07,2.6217149774492996,0.10117403694482464,0.0036904376666666654,0.0013238789712623892,0.0009824517256928683,0.0005147804544229579,0.0032930326916666636,2.6181422821377893,0.10869216159903701,-0.0035726953115102766,0.007518124654212366,0.0074330594787199175,0.9780238643737795,1.6032862117266016e-06,0.0029671903393320717,-0.01293488911924776,-0.01293488911924776,0.17670410120216423,1.0114441672014036,1.5680521764900486e-06]"
/multi_agv/m2b_algorithm_state,1789558504.7872398,1789558504.7872398,m2b_algorithm_state_v1:header6+3x20,"[1.0,-0.15,0.52,2.6238431854138966,0.10125023973270719,1789558504.7871556,2.62241600262737,0.10107515113395159,0.0036904376666666654,0.0015401299269039207,0.0006967835855473219,0.0005696325386540243,0.004584685874999997,2.6259109449708857,0.09323243566760758,0.0034949423435155502,-0.007842715466344005,-0.007946820812666823,1.0273249026803575,2.052589567368071e-06,-0.0035781428832723852,0.017301473608237514,0.017301473608237514,0.14195249260958306,0.9868997491227083,2.1086763775391204e-06,2.6233965082194404,0.10150150499146973,0.002796189458333334,-0.0009433128546350424,0.0016671606509022219,0.0007537517928120213,-0.0017884964166666626,2.6201901682216193,0.10860610587955655,-0.0032063399978210505,0.007104600888086815,0.007028741288311167,0.9792283224071947,-1.0190287431035704e-06,0.003020816291034854,-0.015185193360180281,-0.015185193360180281,0.12046881667877463,1.0107927716591025,-9.978618065940214e-07,2.6227098531606083,0.10117410705617585,0.0036904376666666654,0.0013234991503006575,0.0009824684570985285,0.0005149363889998385,0.0032930326916666636,2.6191823047181924,0.10725964817244776,-0.003527548442415984,0.006085541116271909,0.006029190271430032,0.9819117087404873,1.0514424783595927e-06,0.001619754718410052,-0.007334882371786384,-0.007334882371786384,0.1767041179636226,1.009346337120741,1.0324236805684006e-06]"
/multi_agv/m2b_algorithm_state,1789558504.7973542,1789558504.7973542,m2b_algorithm_state_v1:header6+3x20,"[1.0,-0.15,0.52,2.624841788571925,0.10125024971557932,1789558504.7972193,2.6234183955200376,0.10107511374592325,0.0036904376666666654,0.0015404007741558708,0.000696758648460349,0.0005695281086273647,0.004584685874999997,2.626757247988703,0.09298143849088293,0.0033388524686652765,-0.008093675255040317,-0.008204757537853904,1.0282775386541794,2.186739020418863e-06,-0.004031191952022308,0.0189549354292644,0.0189549354292644,0.1419524975836645,0.9864612351673901,2.24857461759536e-06,2.6243989110358026,0.10150153009099525,0.002796189458333334,-0.000943607495051763,0.001667176865717046,0.0007538710748641458,-0.0017884964166666626,2.6212420485481935,0.1082127653453643,-0.0031568624876090468,0.0067112352543690496,0.006643338482270058,0.9802879011297744,-9.09892816921342e-07,0.002697260372758749,-0.01381379758809931,-0.01381379758809931,0.12046881383614297,1.0102202788974546,-8.919569197528805e-07,2.6237122496858505,0.1011740753612031,0.0036904376666666654,0.0013236778697643457,0.0009824595634456484,0.0005148635472137413,0.0032930326916666636,2.6199466207123727,0.1059729243300618,-0.0037656289734777637,0.004798848968858696,0.004763461691110842,0.9855218354166824,6.545941108280618e-07,5.6425474263637615e-05,-0.0010717768476359271,-0.0010717768476359271,0.17670410834377642,1.0074288994102525,6.451167895562227e-07]"
/multi_agv/m2b_algorithm_state,1789558504.8071523,1789558504.8071523,m2b_algorithm_state_v1:header6+3x20,"[1.0,-0.15,0.52,2.625841275317409,0.1012502538024576,1789558504.807034,2.624417001790233,0.10107513646188813,0.0036904376666666654,0.0015402451622260763,0.0006967723694245361,0.0005695884230119683,0.004584685874999997,2.6276186750953356,0.09180921385686328,0.0032016733051025703,-0.00926592260502486,-0.009412789566640458,1.0327940386899945,2.8675494630121177e-06,-0.005410697935262245,0.02410732267289013,0.02410732267289013,0.14195249568567508,0.9843970843525384,2.96158799104761e-06,2.6253975103981593,0.1015015176119749,0.002796189458333334,-0.0009434383723565505,0.0016671654787021595,0.0007538036891867883,-0.0017884964166666626,2.622241721909431,0.10816873522019155,-0.0031557884887281062,0.006667217608216647,0.006600185881455647,0.980407108416948,-8.978682890738813e-07,0.002655450270545514,-0.013639991753173483,-0.013639991753173483,0.12046881491395267,1.0101560362033646,-8.802764530301963e-07,2.6247108535273833,0.10117409507287488,0.0036904376666666654,0.0013235746434562602,0.0009824636866879958,0.0005149061470580401,0.0032930326916666636,2.6210257101388166,0.10728201706876234,-0.003685143388566736,0.006107921995887458,0.006051165618126616,0.9818499055533886,1.0592315008606188e-06,0.0014447363824181955,-0.006711522819118411,-0.006711522819118411,0.1767041119837581,1.0093794123880573,1.0400063490791726e-06]"
/multi_agv/m2b_algorithm_state,1789558504.817084,1789558504.817084,m2b_algorithm_state_v1:header6+3x20,"[1.0,-0.15,0.52,2.6268413608131227,0.10125025398742292,1789558504.817008,2.6254164898825225,0.10107514433142042,0.0036904376666666654,0.00154019534279231,0.000696777205265952,0.0005696075023310125,0.004584685874999997,2.6285638694521336,0.09240942227641596,0.0031473795696110862,-0.00866572205500446,-0.008793605571792353,1.0304677592721527,2.5072126088941812e-06,-0.004859381109778495,0.022007850855987818,0.022007850855987818,0.14195249543572422,0.9854572148200382,2.583601759106075e-06,2.6263969954343542,0.10150151482442142,0.002796189458333334,-0.0009433846410504877,0.0016671603508351396,0.0007537830658914807,-0.0017884964166666626,2.6233215861857695,0.10816873522019155,-0.0030754092485847373,0.0066672203957701265,0.00660018861179195,0.9804071000925775,-8.978179131003657e-07,0.0027559270510610287,-0.014004593017520965,-0.014004593017520965,0.12046881509101766,1.0101560406710828,-8.802270565938992e-07,2.625710340635351,0.10117410225153094,0.0036904376666666654,0.001323540614186373,0.000982464976181774,0.0005149202266930314,0.0032930326916666636,2.6221896656126935,0.1081695778433446,-0.0035206750226572936,0.0069954755918136685,0.006921530591334977,0.9794263292161647,1.3883758046311844e-06,0.00252068681301336,-0.01105034103217153,-0.01105034103217153,0.17670411261270919,1.0106833307319718,1.35981181790246e-06]"
/multi_agv/m2b_algorithm_state,1789558504.8273864,1789558504.8273864,m2b_algorithm_state_v1:header6+3x20,"[1.0,-0.15,0.52,2.6278495376464224,0.10125020234433584,1789558504.8272681,2.626416575511014,0.10107514266127937,0.0036904376666666654,0.0015402132483338534,0.0006967759284748345,0.0005696004051636114,0.004584685874999997,2.629972220336799,0.09367278719742093,0.003555644825785187,-0.007402355463858437,-0.007494793975316502,1.025665421779417,1.8282114832925474e-06,-0.003050237943085018,0.015314132751773847,0.015314132751773847,0.14195249622632652,0.9876663038687251,1.8751333021132241e-06,2.6273970806825946,0.10150151802813567,0.002796189458333334,-0.0009434046427409708,0.0016671596084165685,0.0007537921221382887,-0.0017884964166666626,2.624885045195954,0.10910739950575288,-0.0025120354866405847,0.007605881477617205,0.007519274079603313,0.977893041979961,-1.1675209878134827e-06,0.004379229721302582,-0.020381238648327644,-0.020381238648327644,0.12046881463775852,1.0115180530855794,-1.1417106503483754e-06,2.626710426245759,0.10117410127285369,0.0036904376666666654,0.001323551355118325,0.0009824642256479393,0.0005149159613323578,0.0032930326916666636,2.6234718269929136,0.10750279249177239,-0.003238599252845198,0.0063286912189187,0.00626786071235686,0.9812421120432152,1.1369596719757197e-06,0.002219611646300363,-0.009627753341950058,-0.009627753341950058,0.17670411104118366,1.0097051465170428,1.1156327098374163e-06]"
/multi_agv/m2b_algorithm_state,1789558504.8372538,1789558504.8372538,m2b_algorithm_state_v1:header6+3x20,"[1.0,-0.15,0.52,2.6288378234896683,0.10125027834541955,1789558504.8371227,2.627424735975643,0.10107501767146887,0.0036904376666666654,0.0015411031799162597,0.0006966909487569947,0.000569258858867197,0.004584685874999997,2.6310035072216436,0.09428109424750558,0.0035787712460004784,-0.006793923423963288,-0.00687143773523076,1.0233977975054669,1.5403861497419445e-06,-0.002397973677730162,0.012823964182818452,0.012823964182818452,0.14195251156157407,0.9887193460445628,1.5764277929538322e-06,2.628405277444912,0.10150159566007351,0.002796189458333334,-0.000944371096488171,0.0016672193954687664,0.0007541799472129962,-0.0017884964166666626,2.625971082029699,0.10910739950575288,-0.0024341954152129475,0.007605803845679368,0.007519198257811948,0.9778932718474832,-1.1686928430153532e-06,0.004476453988795764,-0.02073602799060752,-0.02073602799060752,0.1204688057585746,1.0115179284942304,-1.1428568680410209e-06,2.627718599518712,0.10117399370146515,0.0036904376666666654,0.0013241436642256244,0.000982434325362048,0.0005146747713410172,0.0032930326916666636,2.6244824173914387,0.10685300674571957,-0.0032361821272730573,0.005679013044254416,0.0056297865274400555,0.9830401274790638,9.164079978464749e-07,0.0015845588683487339,-0.007009926044409457,-0.007009926044409457,0.17670408103768243,1.0087439402141496,9.008658350258323e-07]"
/multi_agv/m2b_algorithm_state,1789558504.8472278,1789558504.8472278,m2b_algorithm_state_v1:header6+3x20,"[1.0,-0.15,0.52,2.6298373392023966,0.10125028143783944,1789558504.8470986,2.6284130454075263,0.10107520122863752,0.0036904376666666654,0.001539806441872508,0.0006968084109185921,0.0005697598431875668,0.004584685874999997,2.6319670192198052,0.09425233775696065,0.0035539738122789544,-0.006822863471676863,-0.006901056277988151,1.0235049432702852,1.5522543744746311e-06,-0.002458589012639458,0.013043810550151582,0.013043810550151582,0.14195249111588934,0.9886694437544735,1.5887400254877092e-06,2.6293935347890445,0.10150148275450283,0.002796189458333334,-0.0009429610813070253,0.0016671338981275596,0.0007536132272498303,-0.0017884964166666626,2.627060424654372,0.1089369270797559,-0.0023331101346726335,0.007435444325253074,0.007352566231456134,0.9783451551830893,-1.1154188214507705e-06,0.004436178563115342,-0.02049975670446205,-0.02049975670446205,0.12046881757219734,1.011271995543864,-1.0912645999663926e-06,2.628706890272435,0.1011741510531183,0.0036904376666666654,0.0013232856556510525,0.0009824734323448554,0.000515026342727007,0.0032930326916666636,2.6256472279698237,0.10756289864776393,-0.0030596623026113434,0.006388747594645625,0.006326785651080256,0.9810773544057189,1.1583501237812265e-06,0.002502207772816077,-0.010682408764398616,-0.010682408764398616,0.1767041209270254,1.009793589823102,1.1364310749148228e-06]"
/multi_agv/m2b_algorithm_state,1789558504.8574023,1789558504.8574023,m2b_algorithm_state_v1:header6+3x20,"[1.0,-0.15,0.52,2.6308374606372325,0.10125028063165063,1789558504.8572128,2.6294125624698497,0.1010752044409074,0.0036904376666666654,0.0015397917717717537,0.000696813465029855,0.000569763573213161,0.004584685874999997,2.6328137189498917,0.09408964642396819,0.0034011564800420224,-0.006985558016939203,-0.007067624042342431,1.024108830923097,1.627300661779674e-06,-0.0028161784422899034,0.01434420035178597,0.01434420035178597,0.1419524908584877,0.9883884563027734,1.666532978295564e-06,2.630393048587574,0.10150148481619398,0.002796189458333334,-0.00094294705636204,0.0016671281555327155,0.000753610135063601,-0.0017884964166666626,2.6276211042024187,0.10844953490986006,-0.0027719443851554892,0.006948050093666086,0.006875409406890103,0.9796487625363288,-9.74364553053683e-07,0.0034104789254457415,-0.016521688062559714,-0.016521688062559714,0.12046881770338826,1.0105652889125682,-9.545350286583038e-07,2.629706406549766,0.10117415505641696,0.0036904376666666654,0.0013232711980118443,0.0009824755284171928,0.0005150315193016464,0.0032930326916666636,2.626729735179649,0.10721648860153436,-0.0029766713701171454,0.0060423335451174065,0.005986761709191575,0.9820311253553653,1.0364229343699094e-06,0.0022659224965451436,-0.009654913846280247,-0.009654913846280247,0.17670412138101055,1.0092824532903175,1.017799580583392e-06]"
/multi_agv/m2b_algorithm_state,1789558504.8673253,1789558504.8673253,m2b_algorithm_state_v1:header6+3x20,"[1.0,-0.15,0.52,2.6318374540899305,0.10125028071374582,1789558504.8671815,2.63041268399078,0.10107519834344779,0.0036904376666666654,0.0015398430557612272,0.0006968121844338699,0.0005697420098677709,0.004584685874999997,2.633410477514555,0.09450192480391165,0.0029977935237748277,-0.0065732735395361425,-0.006645714962697433,1.0225825528346666,1.4405925253419962e-06,-0.002898473057978898,0.014468680448886415,0.014468680448886415,0.14195249172699445,0.9890995290096091,1.4731247821587577e-06,2.631393169649278,0.10150149255291373,0.002796189458333334,-0.0009430048381710169,0.0016671270361370283,0.0007536357637892843,-0.0017884964166666626,2.6286060713835706,0.10746843068684078,-0.002787098265707222,0.005966938133927055,0.0059129586292357315,0.982321153714704,-7.192458428937863e-07,0.002429085797101704,-0.012472238735624513,-0.012472238735624513,0.12046881720897187,1.0091290178193417,-7.065304061959289e-07,2.6307065282716384,0.10117415099859038,0.0036904376666666654,0.001323300818690253,0.0009824754535567425,0.0005150187188744724,0.0032930326916666636,2.6272583535920293,0.1076954685282565,-0.0034481746796091173,0.006521317529666115,0.006456822947005411,0.980714495772973,1.2068028879580633e-06,0.002146604597494014,-0.009457997952234561,-0.009457997952234561,0.17670411975913655,1.0099885939555793,1.1835290857611596e-06]"
/multi_agv/m2b_algorithm_state,1789558504.877233,1789558504.877233,m2b_algorithm_state_v1:header6+3x20,"[1.0,-0.15,0.52,2.63283713442663,0.10125028282970576,1789558504.8771076,2.631412677742274,0.10107519467819844,0.0036904376666666654,0.0015398769040736097,0.0006968120339128517,0.0005697274163556472,0.004584685874999997,2.634448356460681,0.09528993589583336,0.003035678718406931,-0.005785258782365077,-0.005841042858295015,1.019702249583816,1.1154068432743935e-06,-0.0020464444602863513,0.011201002471166975,0.011201002471166975,0.1419524923646029,0.990449637627514,1.1373828672880817e-06,2.6323931624963883,0.10150149856084367,0.002796189458333334,-0.0009430436704447286,0.0016671252193729558,0.0007536535412935447,-0.0017884964166666626,2.6296399664734174,0.10687468768052007,-0.0027531960229709718,0.005373189119676394,0.0053292181050155095,0.9839699777326096,-5.835331650360124e-07,0.0018877230763017947,-0.010223040450434043,-0.010223040450434043,0.12046881686072346,1.0082509317116337,-5.741791154067244e-07,2.6317065220311298,0.10117414890219537,0.0036904376666666654,0.0013233194727922714,0.0009824756960050921,0.0005150105069762212,0.0032930326916666636,2.6283813406982945,0.1080699482720732,-0.0033251813328352142,0.006895799369877831,0.006823891693953883,0.979695882082959,1.3489796891117144e-06,0.0026674150279098656,-0.0115339778592096,-0.0115339778592096,0.17670411850993575,1.010537634409945,1.3215898464362967e-06]"
/multi_agv/m2b_algorithm_state,1789558504.8871393,1789558504.8871393,m2b_algorithm_state_v1:header6+3x20,"[1.0,-0.15,0.52,2.63383712291836,0.101250282965052,1789558504.887031,2.632412358971095,0.1010751960787996,0.0036904376666666654,0.0015398747720682406,0.0006968149445091495,0.0005697268265804019,0.004584685874999997,2.63545323713906,0.0959385966436271,0.0030408781679649444,-0.005136599435172501,-0.005180362470817776,1.0173674206699417,8.7896239213321e-07,-0.0013792647608615958,0.008614648144947232,0.008614648144947232,0.1419524924116036,0.9915521286605323,8.942277017504457e-07,2.6333928415217924,0.10150150132902172,0.002796189458333334,-0.0009430434636050942,0.00166712128548685,0.000753655497947911,-0.0017884964166666626,2.6308367302316373,0.10713381241099702,-0.002556111290155094,0.0056323110819753025,0.0055840926304821245,0.9832474659701691,-6.410376783497422e-07,0.002388953517788257,-0.012162190102249676,-0.012162190102249676,0.1204688168048332,1.0086349662664915,-6.302986728287843e-07,2.632706202787003,0.10117415108129593,0.0036904376666666654,0.0013233146172623284,0.0009824769544333652,0.0005150119571136315,0.0032930326916666636,2.629390933859105,0.10724988132106378,-0.0033152689278979075,0.006075730239767846,0.006019556758212218,0.9819388212546692,1.0479171282257902e-06,0.001875470598339834,-0.008256741978350234,-0.008256741978350234,0.17670411838408878,1.00933183020145,1.0289905096626106e-06]"
/multi_agv/m2b_algorithm_state,1789558504.8971813,1789558504.8971813,m2b_algorithm_state_v1:header6+3x20,"[1.0,-0.15,0.52,2.6348371146090126,0.10125028312032221,1789558504.8970728,2.6334123477002707,0.1010751927946559,0.0036904376666666654,0.00153990579773115,0.0006968145927267243,0.0005697135612539095,0.004584685874999997,2.6364629735854903,0.09563335395186942,0.003050625885219649,-0.005441838842786484,-0.005491069985421471,1.018462077671224,9.867306282079232e-07,-0.0016777876288969103,0.009779716391317993,0.009779716391317993,0.14195249304382374,0.9910343261394056,1.0049477257064737e-06,2.634392829505108,0.10150150691691284,0.002796189458333334,-0.0009430793700851148,0.001667119760243363,0.0007536718555825606,-0.0017884964166666626,2.6319107542004243,0.10713381241099702,-0.002482075304683473,0.0056323054940841805,0.005584087139937048,0.9832474828144169,-6.410608005840024e-07,0.0024814930090827064,-0.012496985788062569,-0.012496985788062569,0.12046881646418409,1.00863495732405,-6.303214185052152e-07,2.6337061915497015,0.10117414918358722,0.0036904376666666654,0.0013233320152778874,0.000982477086389078,0.0005150043471511185,0.0032930326916666636,2.6304690944446287,0.10602564147595706,-0.003237097105072806,0.004851492292369836,0.004815338925711489,0.9853719305515828,6.68831570045444e-07,0.0007689675443704816,-0.003667965088697711,-0.003667965088697711,0.17670411719332288,1.0075079588822515,6.590478553895253e-07]"
/multi_agv/m2b_algorithm_state,1789558504.9073458,1789558504.9073458,m2b_algorithm_state_v1:header6+3x20,"[1.0,-0.15,0.52,2.6358442000564835,0.1012502378999014,1789558504.9072394,2.6344123395874948,0.10107518976097547,0.0036904376666666654,0.0015399349012879273,0.0006968140791080652,0.0005697012132581834,0.004584685874999997,2.6373973891371856,0.09546419129925884,0.0029850495496908103,-0.005610998461716629,-0.005663404184781038,1.0190718154922667,1.0491547386606793e-06,-0.0019320922476675252,0.010733109266835425,0.010733109266835425,0.1419524936374582,0.9907466037466943,1.069164024259253e-06,2.6353928207554027,0.10150151218740097,0.002796189458333334,-0.0009431131869457035,0.0016671184391703342,0.0007536872012362666,-0.0017884964166666626,2.6329743331444115,0.10693487372014794,-0.0024184876109911713,0.005433361532746969,0.005388420900138164,0.9838017949751775,-5.96690916113206e-07,0.0023653113863992,-0.011978936582566414,-0.011978936582566414,0.12046881608928503,1.0083402231269003,-5.870255943175551e-07,2.6347061834841403,0.1011741474125902,0.0036904376666666654,0.0013233485502831635,0.0009824771156897501,0.0005149971646646466,0.0032930326916666636,2.6316248855585846,0.1067731396180257,-0.0030812979255556705,0.005598992205435499,0.005551113996352495,0.9832636070710716,8.902868321972322e-07,0.001699491589407907,-0.007387787929628407,-0.007387787929628407,0.17670411594346577,1.0086249731341248,8.753866419541285e-07]"
/multi_agv/m2b_algorithm_state,1789558504.9172065,1789558504.9172065,m2b_algorithm_state_v1:header6+3x20,"[1.0,-0.15,0.52,2.636841245950986,0.10125025823648959,1789558504.9170632,2.6354194107622164,0.10107507884791675,0.0036904376666666654,0.0015407267920376014,0.0006967401927923333,0.0005693963933831449,0.004584685874999997,2.638391382498527,0.09596828699956055,0.0029719717363105858,-0.005106791848356204,-0.0051500388579930985,1.0172609348285273,8.692563217463488e-07,-0.0014350741876048663,0.008797512592595223,0.008797512592595223,0.14195250705898396,0.9916025857611206,8.842604984652979e-07,2.6363999234623234,0.10150158249676904,0.002796189458333334,-0.0009439748997462517,0.0016671702175208303,0.0007540337906029315,-0.0017884964166666626,2.6340452398157885,0.10693487372014794,-0.0023546836465349053,0.0054332912233789055,0.005388351773410561,0.9838020073000888,-5.972204932189654e-07,0.0024449972152419293,-0.012267845732576124,-0.012267845732576124,0.12046880836322314,1.0083401106420156,-5.875467200295672e-07,2.6357132659449096,0.10117405235501839,0.0036904376666666654,0.0013238739869823025,0.0009824515728763753,0.0005147826946926173,0.0032930326916666636,2.632751999307971,0.10738958419910538,-0.002961266636938742,0.006215531844086991,0.006156806333373522,0.9815532249423102,1.0970346455748519e-06,0.002455223037200095,-0.010425710807974534,-0.010425710807974534,0.17670408986481753,1.0095383072868709,1.07679789423744e-06]"
/multi_agv/m2b_algorithm_state,1789558504.9273906,1789558504.9273906,m2b_algorithm_state_v1:header6+3x20,"[1.0,-0.15,0.52,2.637843623057971,0.10125024407291223,1789558504.9271371,2.6364164626562516,0.10107512816722683,0.0036904376666666654,0.0015403813819521825,0.0006967689157685081,0.000569531174100321,0.004584685874999997,2.639263771830572,0.09668495098562756,0.0028473091743204115,-0.004390177181599272,-0.004421967256360215,1.014720705049028,6.419896051545752e-07,-0.0008628307884597005,0.006500381869714213,0.006500381869714213,0.14195250238035576,0.992810875133637,6.514401447765976e-07,2.6373969622060423,0.10150155230170609,0.002796189458333334,-0.0009435994285924192,0.0016671487651689354,0.0007538821956494524,-0.0017884964166666626,2.6347878690540254,0.10648491736444173,-0.0026090931520168503,0.00498336506273564,0.004945429764242947,0.9850655429189596,-5.023867038212756e-07,0.0016840633242218841,-0.00929916390502819,-0.00929916390502819,0.12046881106934901,1.007670778941595,-4.948838311549715e-07,2.636710312990664,0.10117409424053589,0.0036904376666666654,0.001323647958356679,0.0009824604460273887,0.0005148760538253752,0.0032930326916666636,2.6335722442420644,0.10705579720108382,-0.003138068748599565,0.005881702960547935,0.005828981713245417,0.9824761222116765,9.824596040672257e-07,0.0019063957774959608,-0.008273766733994327,-0.008273766733994327,0.1767040989736658,1.009044675364604,9.65243102033587e-07]"
/multi_agv/m2b_algorithm_state,1789558504.9372165,1789558504.9372165,m2b_algorithm_state_v1:header6+3x20,"[1.0,-0.15,0.52,2.638840916306327,0.1012502626852085,1789558504.937085,2.6374188350594285,0.10107509351696091,0.0036904376666666654,0.0015406315341192898,0.0006967434347729725,0.0005694359974367596,0.004584685874999997,2.640249967041391,0.0967232355465936,0.002831131981962276,-0.004351857970367315,-0.004383086555400994,1.0145859842605447,6.309190291408174e-07,-0.0008441715779481489,0.006419166725090474,0.006419166725090474,0.1419525073086837,0.9928752068573234,6.401216041695435e-07,2.63839934508438,0.10150157444316572,0.002796189458333334,-0.0009438714717104023,0.0016671660792257903,0.0007539911107604658,-0.0017884964166666626,2.6358460617490005,0.10648491736444173,-0.002553283335379408,0.004983342921276002,0.004945407965065588,0.9850656100569692,-5.025270365549203e-07,0.0017538037958413277,-0.009551191699376647,-0.009551191699376647,0.12046880822737649,1.0076707435419658,-4.950221018340934e-07,2.6377126890301055,0.10117406425861007,0.0036904376666666654,0.0013238158665976134,0.0009824510167799625,0.0005148081768602216,0.0032930326916666636,2.634626273187796,0.10707713504539572,-0.00308641584230962,0.005903070786785647,0.005849974436692962,0.9824168164873824,9.897193621358126e-07,0.001991954633805937,-0.00859382467215809,-0.00859382467215809,0.17670408941590726,1.0090763388228925,9.723169449653878e-07]"
/multi_agv/m2b_algorithm_state,1789558504.947211,1789558504.947211,m2b_algorithm_state_v1:header6+3x20,"[1.0,-0.15,0.52,2.6398405125888424,0.10125026612904735,1789558504.9470541,2.6384161338569703,0.1010751381992734,0.0036904376666666654,0.0015403193064863715,0.0006967698891969572,0.0005695575749261463,0.004584685874999997,2.6412323782716403,0.09695800518395717,0.0028162444146699883,-0.0041171330153162294,-0.004145034541519184,1.0137631377090526,5.644982129230951e-07,-0.0006247290231816988,0.005551671932173334,0.005551671932173334,0.1419525030454466,0.9932686866843987,5.722674795640697e-07,2.639396631687743,0.10150154748978847,0.002796189458333334,-0.0009435321907981086,0.0016671461442485658,0.0007538544137399295,-0.0017884964166666626,2.6371237276294464,0.10642113393290828,-0.002272904058296721,0.004919586443119808,0.004882597895340461,0.9852457703614107,-4.895996073582535e-07,0.0020414678224695603,-0.010558305309096514,-0.010558305309096514,0.12046881067561019,1.0075755875401178,-4.823759423203267e-07,2.6387099833742673,0.10117410236656361,0.0036904376666666654,0.0013236108736102712,0.000982459253579782,0.0005148927488736626,0.0032930326916666636,2.6357732910567404,0.1078363220274577,-0.002936692317526912,0.0066622196608940865,0.006594980569402147,0.9803301143626284,1.2596633772429977e-06,0.002924115172493507,-0.01234902107010323,-0.01234902107010323,0.17670409764279357,1.010195495010842,1.2348859426710426e-06]"
/multi_agv/m2b_algorithm_state,1789558504.9572632,1789558504.9572632,m2b_algorithm_state_v1:header6+3x20,"[1.0,-0.15,0.52,2.640839198162881,0.10125027526887542,1789558504.9571216,2.639415731102376,0.10107514512832462,0.0036904376666666654,0.0015402756395903575,0.0006967731748102497,0.0005695747937204507,0.004584685874999997,2.6426145215752803,0.09733779480243945,0.003198790472904278,-0.0037373503258851665,-0.003760276323988442,1.0124406445580043,4.65033929685228e-07,0.00023821176714190588,0.0023668395864726213,0.0023668395864726213,0.1419525029609622,0.9939031081420744,4.7081925151185387e-07,2.6403962267867964,0.1015015447926727,0.002796189458333334,-0.0009434854288703698,0.0016671425938623585,0.00075383599087607,-0.0017884964166666626,2.6381896657580945,0.10642113393290828,-0.00220656102870187,0.004919589140235575,0.004882600551283464,0.9852457621783931,-4.895758843063538e-07,0.0021243992654061267,-0.010857585436311896,-0.010857585436311896,0.12046881071815807,1.0075755918518439,-4.823525652775744e-07,2.6397095798773544,0.10117410846614472,0.0036904376666666654,0.001323582145110877,0.000982459935765379,0.0005149048467221569,0.0032930326916666636,2.637254885820385,0.1084815566358742,-0.0024546940569694087,0.007307448169729475,0.007226953663006463,0.9785870080739636,1.51461940136558e-06,0.004158586091794702,-0.017162121554360563,-0.017162121554360563,0.17670409782386365,1.0111380964202177,1.4821868683531208e-06]"
/multi_agv/m2b_algorithm_state,1789558504.9672978,1789558504.9672978,m2b_algorithm_state_v1:header6+3x20,"[1.0,-0.15,0.52,2.641837947749234,0.1012502837409761,1789558504.9671204,2.6404144194813965,0.10107516540078361,0.0036904376666666654,0.0015401378065872406,0.0006967858375852563,0.0005696279520972927,0.004584685874999997,2.643641615916158,0.09815909780550441,0.003227196434761659,-0.0029160675952791953,-0.002929938890703597,1.0096179434956527,2.82934205624323e-07,0.0011040566527484768,-0.001038337345751018,-0.001038337345751018,0.14195250122492883,0.99526567073859,2.856554508270051e-07,2.6413949089068263,0.10150153422711329,0.002796189458333334,-0.0009433366138467242,0.0016671322318355664,0.000753776874713577,-0.0017884964166666626,2.639212655257875,0.1070796298952538,-0.0021822536489510824,0.005578095668140506,0.0055307813970491065,0.983398265984196,-6.289790633817944e-07,0.0028029643358602535,-0.013633241804465707,-0.013633241804465707,0.12046881171450569,1.0085547172623104,-6.185369202700203e-07,2.6407082661004204,0.1011741261787294,0.0036904376666666654,0.0013234902486125178,0.0009824639540309214,0.0005149425901468372,0.0032930326916666636,2.6381697891507163,0.10680162613884775,-0.002538476949704105,0.005627499960118354,0.005579143484376317,0.9831839496512509,8.994514143568242e-07,0.0024060472972461857,-0.00995762402351242,-0.00995762402351242,0.176704101202451,1.0086673654974914,8.843261940867463e-07]"
/multi_agv/m2b_algorithm_state,1789558504.977146,1789558504.977146,m2b_algorithm_state_v1:header6+3x20,"[1.0,-0.15,0.52,2.6428404056763686,0.101250268375348,1789558504.977064,2.6414131717544214,0.10107518338201747,0.0036904376666666654,0.0015400168702825964,0.0006967979702293895,0.000569674062208583,0.004584685874999997,2.644615873700486,0.09791881888753476,0.0032027019460647566,-0.0031563644944827135,-0.0031726454600659146,1.0104385817012773,3.315108094143712e-07,0.0008307319725150311,3.0119043927139813e-05,3.0119043927139813e-05,0.14195249961727013,0.9948683312433964,3.349713120832997e-07,2.6423936551218183,0.10150152567355851,0.002796189458333334,-0.0009432066426893352,0.00166712211775355,0.0007537257977472678,-0.0017884964166666626,2.640410874053783,0.10819388394092895,-0.0019827810680355107,0.006692358267370441,0.006624833113811298,0.9803390075689061,-9.04411272678925e-07,0.00414635677876691,-0.019063521333243225,-0.019063521333243225,0.12046881265028266,1.0101927327676177,-8.866296494921886e-07,2.6417070163714618,0.10117414216735228,0.0036904376666666654,0.0013234084584402774,0.000982468014670168,0.0005149759308405938,0.0032930326916666636,2.639251712032116,0.10695036423300004,-0.0024553043393455987,0.0057762220656477625,0.005725333830778619,0.982769309681711,9.474471965479249e-07,0.0026562034065966203,-0.010936478210547735,-0.010936478210547735,0.17670410437531564,1.0088882563660437,9.311220273112765e-07]"
/multi_agv/m2b_algorithm_state,1789558504.9870896,1789558504.9870896,m2b_algorithm_state_v1:header6+3x20,"[1.0,-0.15,0.52,2.6438413843931396,0.10125026297049163,1789558504.9870012,2.6424156248640798,0.10107514398692785,0.0036904376666666654,0.0015403023228327058,0.0006967721052725468,0.0005695637840239656,0.004584685874999997,2.645610837578489,0.09843760427011326,0.0031952127144090348,-0.002637539716814588,-0.0026488640002194194,1.0086721474302338,2.3144945586201353e-07,0.001345151892791874,-0.002012912896563396,-0.002012912896563396,0.14195250468899492,0.9957248528411073,2.334566196658963e-07,2.6433961187948385,0.10150155234040549,0.002796189458333334,-0.0009435182335123678,0.0016671393554101854,0.0007538518951724776,-0.0017884964166666626,2.6409428256767717,0.10740626903769626,-0.002453293118066746,0.005904716697290771,0.005851831900356572,0.9824928355844093,-7.047429423440333e-07,0.0027852155027731397,-0.013731481020649862,-0.013731481020649862,0.12046880972837735,1.0090373062375522,-6.924048917816891e-07,2.642709473370187,0.10117410879871065,0.0036904376666666654,0.0013235966276346181,0.0009824590558001455,0.0005148990268933223,0.0032930326916666636,2.6404629527986114,0.10778924545035423,-0.0022465205715755943,0.00661513665164358,0.006548820663930342,0.9804584057612572,1.24195706159554e-06,0.0037406699494608488,-0.015288746156244572,-0.015288746156244572,0.17670409446409088,1.010126401548678,1.2176872406358989e-06]"
/multi_agv/m2b_algorithm_state,1789558504.996958,1789558504.996958,m2b_algorithm_state_v1:header6+3x20,"[1.0,-0.15,0.52,2.644837267502274,0.10125029005105778,1789558504.996891,2.6434166017149123,0.10107512981383716,0.0036904376666666654,0.001540407909079171,0.0006967611503064573,0.0005695237149943186,0.004584685874999997,2.6462656208838045,0.09882146089139747,0.0028490191688921307,-0.0022536689224396944,-0.0022619129451673147,1.007378113701387,1.6895024324186655e-07,0.0012993610159478487,-0.0020282244657682503,-0.0020282244657682503,0.14195250707733725,0.9963552873485986,1.7019677734638204e-07,2.6443970997834008,0.10150156242819794,0.002796189458333334,-0.000943633636150294,0.0016671461707833402,0.0007538983731189691,-0.0017884964166666626,2.642015491226401,0.10740626903769626,-0.002381608556999648,0.0059047066094983225,0.005851821996575568,0.982492865918164,-7.048267054340401e-07,0.0028748113003260077,-0.014055983306105916,-0.014055983306105916,0.12046880834856227,1.0090372900873783,-6.924872097975476e-07,2.643710451681106,0.10117409666943974,0.0036904376666666654,0.0013236673781806835,0.0009824548233230207,0.0005148705608597009,0.0032930326916666636,2.6411910388852466,0.1085098881222528,-0.0025194127958592105,0.007335791452813059,0.007254688942082826,0.9785110727735699,1.5264534337022704e-06,0.004105422947258813,-0.016983297607499614,-0.016983297607499614,0.17670408979266422,1.0111793229699726,1.493651586950908e-06]"
/multi_agv/m2b_algorithm_state,1789558505.007098,1789558505.007098,m2b_algorithm_state_v1:header6+3x20,"[1.0,-0.15,0.52,2.6458428405956624,0.10125025460829383,1789558505.0069673,2.644412493214112,0.10107519355244945,0.0036904376666666654,0.001539961918026416,0.0006968022063638555,0.0005696956783625361,0.004584685874999997,2.647298621909331,0.0992847023545941,0.0028861286952186482,-0.0017904911978553484,-0.0017956766780386916,1.005831286729459,1.0657699555910486e-07,0.0018119841909846187,-0.004050184315989485,-0.004050184315989485,0.1419525003176266,0.9971122417266082,1.0719847657897428e-07,2.6453929726790992,0.10150152493958417,0.002796189458333334,-0.0009431499859780031,0.0016671155304757157,0.0007537046655791829,-0.0017884964166666626,2.643012513999201,0.10728148665122234,-0.002380458679898112,0.005779961711638165,0.005729239493192121,0.9828378128374171,-6.750829964692559e-07,0.0027536661433194814,-0.013554932896710102,-0.013554932896710102,0.1204688122586623,1.0088532201361657,-6.634970957335732e-07,2.6447063366136105,0.1011741516611397,0.0036904376666666654,0.0013233712714095288,0.0009824685179011146,0.0005149917882485335,0.0032930326916666636,2.6421623999498167,0.10761475355717871,-0.002543936663793822,0.006440601896039011,0.006377655048132755,0.9809352826249792,1.1772555566370362e-06,0.0031977342183904774,-0.013230729757104773,-0.013230729757104773,0.17670410298250205,1.0098699047582833,1.1548115121715784e-06]"
/multi_agv/m2b_algorithm_state,1789558505.0169709,1789558505.0169709,m2b_algorithm_state_v1:header6+3x20,"[1.0,-0.15,0.52,2.6468429490078846,0.10125025526488328,1789558505.016896,2.6454180551364472,0.10107510608661553,0.0036904376666666654,0.0015405875413537205,0.000696744186213127,0.0005694546757477851,0.004584685874999997,2.6482418024971084,0.0982739937983777,0.002823747360661155,-0.002801112288237831,-0.0028139004466460078,1.0092268941075924,2.61123459844036e-07,0.0007157837541804362,0.0002740805194192874,0.0002740805194192874,0.14195251097213468,0.9954553621740884,2.6353281835702506e-07,2.6463985592612222,0.10150158088081478,0.002796189458333334,-0.0009438310117413666,0.001667155996679437,0.000753978817562867,-0.0017884964166666626,2.6443342023073324,0.1083744747305053,-0.0020643569538898454,0.006872893849690517,0.0068017751761581735,0.9798512180415921,-9.543526243027332e-07,0.004221328983795867,-0.019429183582608454,-0.019429183582608454,0.12046880609307344,1.0104558988926349,-9.351235813642232e-07,2.645711907389318,0.10117407685745115,0.0036904376666666654,0.0013237857644171009,0.0009824484683929498,0.0005148225506481207,0.0032930326916666636,2.643174986395599,0.10713840554292926,-0.0025369209937187165,0.00596432868547811,0.005910150033040547,0.9822469927774434,1.0102934613030948e-06,0.0027389987908921515,-0.011329317681680807,-0.011329317681680807,0.17670408215700117,1.0091670519588636,9.923577141876794e-07]"
/multi_agv/m2b_algorithm_state,1789558505.0269895,1789558505.0269895,m2b_algorithm_state_v1:header6+3x20,"[1.0,-0.15,0.52,2.6478410805387145,0.10125026845791867,1789558505.0268815,2.6464181633998853,0.10107510784770093,0.0036904376666666654,0.0015405788818931543,0.0006967419014408446,0.0005694596176897907,0.004584685874999997,2.6493479043994426,0.09823451975184509,0.0029297409995572288,-0.002840588095855842,-0.0028537431410623777,1.0093610719983332,2.685406618882707e-07,0.0008084331083841583,-3.36472795439064e-05,-3.36472795439064e-05,0.1419525118148826,0.9953902490321402,2.7105449035868687e-07,2.6473986679803025,0.10150157999156849,0.002796189458333334,-0.0009438214177364709,0.0016671569172537204,0.0007539741800556277,-0.0017884964166666626,2.64543839063419,0.10809100796088403,-0.0019602773461127043,0.006589427969315539,0.006523912219538616,0.9806181170278829,-8.774512602279617e-07,0.004073565536897736,-0.01874714995196071,-0.01874714995196071,0.12046880561438528,1.0100424021004926,-8.604446025884868e-07,2.646712015643466,0.10117407795538041,0.0036904376666666654,0.00132378276410058,0.0009824467962251896,0.0005148247209527767,0.0032930326916666636,2.644550290465213,0.10814937347114613,-0.002161725178253082,0.006975295515765714,0.006901765118683228,0.9794808384059149,1.380653253114788e-06,0.004199608645866875,-0.017139712286247034,-0.017139712286247034,0.17670408058297052,1.010653853879124,1.3523234059087264e-06]"
/multi_agv/m2b_algorithm_state,1789558505.0369627,1789558505.0369627,m2b_algorithm_state_v1:header6+3x20,"[1.0,-0.15,0.52,2.6488417753092652,0.10125026497406243,1789558505.0368884,2.6474162987919736,0.1010751393947584,0.0036904376666666654,0.0015403595661801135,0.0006967599526753962,0.0005695452926274239,0.004584685874999997,2.6504104292057007,0.09916503153544279,0.002994130413727092,-0.0019101078593156129,-0.0019160146529826213,1.006229240461692,1.2133379801987992e-07,0.0018266483641762436,-0.004045514892031629,-0.004045514892031629,0.1419525090784314,0.9969171458799579,1.220896154238761e-07,2.6483967949117604,0.10150156114749014,0.002796189458333334,-0.0009435831318900323,0.0016671431191377373,0.0007538780687144225,-0.0017884964166666626,2.6463912242292316,0.10662595932749895,-0.0020055706825288233,0.005124398180008816,0.00508432858344424,0.9846679929263799,-5.311559000402187e-07,0.0025773652302832108,-0.012593553063097996,-0.012593553063097996,0.12046880717288629,1.0078810005897438,-5.23012214023607e-07,2.6477101479124094,0.10117410483150745,0.0036904376666666654,0.001323639102785973,0.000982452215008079,0.0005148841738963862,0.0032930326916666636,2.6455841419282846,0.10764078355799182,-0.0021260059841248236,0.006466678726484376,0.00640323375923263,0.9808638924245406,1.1870226356416534e-06,0.003745726279076601,-0.015231347867119268,-0.015231347867119268,0.17670408583548367,1.009908269733284,1.1643076427915093e-06]"
/multi_agv/m2b_algorithm_state,1789558505.0470567,1789558505.0470567,m2b_algorithm_state_v1:header6+3x20,"[1.0,-0.15,0.52,2.649841993350607,0.10125026465692018,1789558505.0469253,2.648416992290295,0.10107513007857342,0.0036904376666666654,0.0015404303252665396,0.0006967520285673593,0.0005695187432270763,0.004584685874999997,2.65151114549604,0.10048511349053435,0.0030941532057449095,-0.0005900165880390745,-0.0005905746003126224,1.001895724267721,1.1567113209255524e-08,0.0032771169068685144,-0.009803856037551682,-0.009803856037551682,0.14195251098059344,0.999055136686792,1.1589041266473788e-08,2.6493974912554794,0.10150156800943685,0.002796189458333334,-0.0009436603983015881,0.0016671478386434124,0.0007539091061232184,-0.0017884964166666626,2.647375992045643,0.10682614924407516,-0.0020214992098366302,0.005324581234638304,0.005281386141281623,0.9841060351515727,-5.734201927068005e-07,0.002754512128985835,-0.013332607957217286,-0.013332607957217286,0.12046880610827367,1.0081787417547543,-5.643062723205402e-07,2.6487108423820205,0.10117409683417707,0.0036904376666666654,0.0013236868559460858,0.0009824489531791158,0.0005148651714382137,0.0032930326916666636,2.646711769522401,0.10805729427014146,-0.001999072859619311,0.006883197435964397,0.006811545364371329,0.9797299921405418,1.3444413709158956e-06,0.00431270428984719,-0.01750308113526436,-0.01750308113526436,0.17670408225090112,1.0105192093365265,1.3171895337608496e-06]"
/multi_agv/m2b_algorithm_state,1789558505.0573037,1789558505.0573037,m2b_algorithm_state_v1:header6+3x20,"[1.0,-0.15,0.52,2.6508432536060575,0.10125025773588266,1789558505.0571585,2.6494172100201956,0.10107512866653835,0.0036904376666666654,0.001540444785581099,0.0006967489624822849,0.0005695140701108323,0.004584685874999997,2.651888248964523,0.09928096047629759,0.0024710389443272085,-0.0017941681902407663,-0.001799375139017278,1.0058435089371927,1.0704903351690116e-07,0.0012894235413917327,-0.0022048699755545134,-0.0022048699755545134,0.14195251200139275,0.9971062461275555,1.0767457550097501e-07,2.6503977097280145,0.10150156976409402,0.002796189458333334,-0.0009436762894353768,0.0016671491322228782,0.0007539153215215394,-0.0017884964166666626,2.647921547055941,0.10793894264610088,-0.00247616267207329,0.006437372882006853,0.006374772812129416,0.9810317115949878,-8.373996605418274e-07,0.0032795694720378034,-0.015789508438071663,-0.015789508438071663,0.12046880549824494,1.0098199687616047,-8.215156222704107e-07,2.6497110603036105,0.10117409554012816,0.0036904376666666654,0.00132369763239181,0.0009824472696190918,0.0005148613759892733,0.0032930326916666636,2.6478221926774532,0.10841115992126525,-0.0018888676261572535,0.0072370643811370955,0.007158070345761142,0.9787757945330593,1.4858009758809863e-06,0.004796985813064575,-0.019446925541581696,-0.019446925541581696,0.1767040801897791,1.0110356606683437,1.4542660306859072e-06]"
/multi_agv/m2b_algorithm_state,1789558505.066998,1789558505.066998,m2b_algorithm_state_v1:header6+3x20,"[1.0,-0.15,0.52,2.651841217706908,0.10125027198837527,1789558505.0668674,2.6504184678615013,0.1010751115948636,0.0036904376666666654,0.001540569878125805,0.0006967352255967006,0.0005694669929167755,0.004584685874999997,2.652766411132097,0.09787253097838275,0.0023479432705957315,-0.003202580616480849,-0.0032193476869795674,1.0105969213785724,3.414227711636835e-07,-0.00028441859873490306,0.003964204028041302,0.003964204028041302,0.14195251490982047,0.9947917801589025,3.4504080142655935e-07,2.651398972990535,0.10150158091236904,0.002796189458333334,-0.0009438121721370473,0.0016671581534328794,0.0007539695294591503,-0.0017884964166666626,2.6490972709914313,0.10860955188264651,-0.0023017019991038445,0.007107970970277475,0.007032041433406365,0.9792193117663833,-1.0205324009877518e-06,0.004154913934526559,-0.019308873517606046,-0.019308873517606046,0.12046880382174265,1.0107976520886808,-9.993250353305211e-07,2.650712319966136,0.10117408070041532,0.0036904376666666654,0.0013237822216115684,0.000982441852241789,0.000514827527757623,0.0032930326916666636,2.6482197673952057,0.1082705616596014,-0.0024925525709305063,0.00709648095918608,0.007020444119302644,0.9791538679961511,1.428897516479297e-06,0.003904753405639511,-0.01613059741212291,-0.01613059741212291,0.1767040744811796,1.0108307734655098,1.3991105302307978e-06]"
/multi_agv/m2b_algorithm_state,1789558505.0769236,1789558505.0769236,m2b_algorithm_state_v1:header6+3x20,"[1.0,-0.15,0.52,2.6528367944076727,0.10125030088198168,1789558505.0768166,2.651416436201203,0.10107514557986076,0.0036904376666666654,0.0015403332106140163,0.0006967551998446446,0.0005695591888864758,0.004584685874999997,2.6536889964141697,0.09790287600091474,0.0022725602129667344,-0.0031722695789460215,-0.0031887170125115966,1.010493057337792,3.3493249050714364e-07,-0.0003480167463031786,0.004173905242201627,0.004173905242201627,0.14195251189876235,0.9948419902107838,3.384469563343246e-07,2.6523969320237186,0.10150156063255808,0.002796189458333334,-0.0009435549312758564,0.001667142950431355,0.0007538659325484337,-0.0017884964166666626,2.650174006430467,0.10860955188264651,-0.0022229255932515457,0.00710799125008843,0.0070320612703155955,0.979219251446845,-1.020260147607828e-06,0.004253404278751163,-0.019666556650231388,-0.019666556650231388,0.12046880558866,1.010797684612527,-9.990583780215848e-07,2.651710284895803,0.10117410975270696,0.0036904376666666654,0.0013236266146998124,0.0009824479649806154,0.00051489179768537,0.0032930326916666636,2.6492218205670084,0.10749922503267494,-0.0024884643287945707,0.006325115279967972,0.006264351840052915,0.9812519329046209,1.1357430772207356e-06,0.0031537714290597015,-0.013012934040604593,-0.013012934040604593,0.17670408043822464,1.0096998766139775,1.114450089805889e-06]"
/multi_agv/m2b_algorithm_state,1789558505.0872042,1789558505.0872042,m2b_algorithm_state_v1:header6+3x20,"[1.0,-0.15,0.52,2.653841439679105,0.10125027122284812,1789558505.0871036,2.6524120219745067,0.10107521320198053,0.0036904376666666654,0.001539859842732809,0.0006967997785919159,0.000569741186653971,0.004584685874999997,2.6547580072542862,0.09964052521006321,0.0023459852797795833,-0.001434687991917316,-0.0014380084314957028,1.0046538131948275,6.840712223356087e-08,0.0014944731682287762,-0.003095645601414036,-0.003095645601414036,0.1419525045502423,0.9976909456817765,6.87254762016316e-08,2.653392497640275,0.10150152111859928,0.002796189458333334,-0.0009430415809331049,0.0016671096978067013,0.0007536607098527631,-0.0017884964166666626,2.650997396723958,0.10761338934541283,-0.0023951009163170056,0.006111868226813547,0.006055297628351666,0.981922316938623,-7.545492992834927e-07,0.003061421482955409,-0.01483469723863413,-0.01483469723863413,0.12046880980445976,1.0093423316133974,-7.409087961968616e-07,2.6527058636082366,0.10117416832536527,0.0036904376666666654,0.0013233111238206297,0.0009824630252436963,0.0005150207169612093,0.0032930326916666636,2.650277863491028,0.10770060811296696,-0.002428000117208562,0.006526439787601687,0.006461846399287196,0.9807005040325951,1.2087036099254644e-06,0.003426846252776493,-0.014105243819625695,-0.014105243819625695,0.1767040947204684,1.0099961194251872,1.1853762394799202e-06]"
/multi_agv/m2b_algorithm_state,1789558505.0970435,1789558505.0970435,m2b_algorithm_state_v1:header6+3x20,"[1.0,-0.15,0.52,2.6548419470857865,0.10125026898762084,1789558505.096976,2.6534166580331844,0.1010751389396321,0.0036904376666666654,0.0015403923372032773,0.000696751774937087,0.0005695353414696149,0.004584685874999997,2.6558927132778694,0.09889913595243827,0.0024760552446849715,-0.002176002987193837,-0.002183684099032693,1.0071176317113988,1.5749648957986896e-07,0.0009113849568235213,-0.0006974884830053215,-0.0006974884830053215,0.14195251354762733,0.9964824986167832,1.5861749158853663e-07,2.6543971539575617,0.10150156953185245,0.002796189458333334,-0.0009436216829846371,0.0016671428353700612,0.0007538949270130268,-0.0017884964166666626,2.6520736340338793,0.10761338934541283,-0.0023235199236824045,0.006111819813560376,0.0060552501283304165,0.9819224622429414,-7.550013555859921e-07,0.003150850223727411,-0.015159249931626106,-0.015159249931626106,0.12046880461670324,1.0093422540821706,-7.41352790073756e-07,2.653710507046569,0.10117410519705977,0.0036904376666666654,0.0013236622177345502,0.0009824466499292585,0.0005148770492383035,0.0032930326916666636,2.651435962957795,0.10820705762328461,-0.002274544088773922,0.007032952426224842,0.00695823449667641,0.9793251592488735,1.4033762804347142e-06,0.004115054385709007,-0.016862326379176056,-0.016862326379176056,0.1767040771811645,1.010738058567029,1.3743616993228182e-06]"
/multi_agv/m2b_algorithm_state,1789558505.107096,1789558505.107096,m2b_algorithm_state_v1:header6+3x20,"[1.0,-0.15,0.52,2.6558427568339273,0.10125026492017232,1789558505.1070192,2.654417164547386,0.10107513277902476,0.0036904376666666654,0.001540440446945231,0.0006967458438658972,0.0005695175729430623,0.004584685874999997,2.6567967779275805,0.09763067972232095,0.002379613380194545,-0.0034444530567038084,-0.0034638836630112354,1.011428155689587,3.94969405347614e-07,-0.0004893669377680539,0.0047879879127917715,0.0047879879127917715,0.14195251510314147,0.9943905141749088,3.9948317720455016e-07,2.6553976624883693,0.1015015743062804,0.002796189458333334,-0.0009436742434525249,0.0016671462077484378,0.0007539159559787206,-0.0017884964166666626,2.6532772427961335,0.10905422229921939,-0.0021204196922357532,0.007552647992938991,0.007467213740201658,0.9780340662829334,-1.1516159427589537e-06,0.004816689124906967,-0.021945906712622396,-0.021945906712622396,0.12046880369740484,1.011441249133847,-1.1263196232927935e-06,2.654711014221604,0.10117409987755732,0.0036904376666666654,0.00132369504715195,0.0009824440515967094,0.0005148641705152268,0.0032930326916666636,2.6524604189969616,0.10688759020188406,-0.0022505952246425487,0.005713490324326734,0.0056636774928324135,0.9829440153241009,9.272280676404642e-07,0.0028504334620292277,-0.011607943599964584,-0.011607943599964584,0.17670407411931377,1.00879513912248,9.11413279927725e-07]"
/multi_agv/m2b_algorithm_state,1789558505.1170123,1789558505.1170123,m2b_algorithm_state_v1:header6+3x20,"[1.0,-0.15,0.52,2.6568406221689647,0.10125027969116444,1789558505.116859,2.6554179727917457,0.10107512249917334,0.0036904376666666654,0.0015405174034479026,0.0006967367998287335,0.0005694889197463359,0.004584685874999997,2.657637549236639,0.09666112619093145,0.0022195764448933453,-0.004413996308241894,-0.004446138017730761,1.014804508766083,6.490416716601181e-07,-0.0016716674616140794,0.00933550781553916,0.00933550781553916,0.1419525171969938,0.9927708700538108,6.586504147777635e-07,2.65639847412934,0.10150158134432061,0.002796189458333334,-0.0009437579184306006,0.0016671518862381163,0.0007539492724448482,-0.0017884964166666626,2.654365372630674,0.10905422229921939,-0.002033101498665868,0.007552640954898784,0.007467206865158727,0.9780340871325391,-1.1517158795593249e-06,0.004925829991826392,-0.022343159874507024,-0.022343159874507024,0.12046880248486488,1.01144123783937,-1.1264173889008537e-06,2.6557118235806962,0.10117409091702302,0.0036904376666666654,0.0013237474660319532,0.0009824402949136562,0.0005148434030471157,0.0032930326916666636,2.653412585917365,0.10565446248640664,-0.0022992376633310663,0.0044803715693836205,0.00444945038036757,0.9864328663671569,5.707665836858343e-07,0.0015754033012037368,-0.0063992012970230504,-0.0063992012970230504,0.17670407001226113,1.0069494401269166,5.630229171718073e-07]"
/multi_agv/m2b_algorithm_state,1789558505.126977,1789558505.126977,m2b_algorithm_state_v1:header6+3x20,"[1.0,-0.15,0.52,2.657842026628092,0.10125027153054368,1789558505.126882,2.6564158425666213,0.10107515746941467,0.0036904376666666654,0.001540273914635488,0.0006967578856508887,0.000569583494284617,0.004584685874999997,2.658606795077183,0.09734463373175921,0.0021909525105616723,-0.003730523737655464,-0.0037533648856438,1.0124169706089219,4.6333409252717597e-07,-0.0010146742474417096,0.006750992893241847,0.006750992893241847,0.14195251398053543,0.9939144877505246,4.690872983361974e-07,2.6573963341275433,0.10150156068406756,0.002796189458333334,-0.0009434934870052925,0.001667135875736303,0.0007538429787093126,-0.0017884964166666626,2.654629964653594,0.1081695899144276,-0.0027663694739494815,0.0066680292303600425,0.006600981640880035,0.980404921078443,-8.981385881580299e-07,0.0031430197984431835,-0.015409957348914498,-0.015409957348914498,0.12046880433607617,1.010157214960996,-8.805394916405775e-07,2.656709689812729,0.10117412092001113,0.0036904376666666654,0.0013235868351399185,0.0009824469002899464,0.0005149095944279674,0.0032930326916666636,2.654488948917117,0.10659289104718835,-0.0022207408956118613,0.0054187701271772165,0.005373862711554824,0.9837684317253721,8.34167667283021e-07,0.0025979365920399972,-0.01054842462497993,-0.01054842462497993,0.1767040762913921,1.0083566361912881,8.206278178390296e-07]"
/multi_agv/m2b_algorithm_state,1789558505.1371105,1789558505.1371105,m2b_algorithm_state_v1:header6+3x20,"[1.0,-0.15,0.52,2.6588419973061845,0.10125027278057319,1789558505.1369965,2.657417244355396,0.10107513656314418,0.0036904376666666654,0.001540426811125498,0.0006967429834081607,0.0005695249713991848,0.004584685874999997,2.659371102432176,0.09822655678902811,0.0019538580767797242,-0.0028485797741160668,-0.0028618097335124334,1.0093882462688615,2.7002851179075284e-07,-0.0004194871375377781,0.004283886796855337,0.004283886796855337,0.14195251716534138,0.9953770653438483,2.725636059590586e-07,2.6583977418271654,0.10150157491307517,0.002796189458333334,-0.0009436601108009637,0.001667145597218589,0.0007539101475944748,-0.0017884964166666626,2.6557656021373206,0.10946379129289716,-0.00263213968984477,0.007962216379821987,0.007867564021838904,0.976954030715994,-1.279437689062147e-06,0.004577389409532942,-0.021288051538551296,-0.021288051538551296,0.12046880252469533,1.012030707054985,-1.2499518073792212e-06,2.657711093701716,0.10117410311541168,0.0036904376666666654,0.0013236883328762096,0.0009824413826665657,0.000514868469168104,0.0032930326916666636,2.6550509866078356,0.10722734138627518,-0.002660107093880537,0.006053238270863501,0.0059974702848135135,0.9820009650507406,1.0404860422465417e-06,0.002672336417462842,-0.01113215728738581,-0.01113215728738581,0.17670407013947026,1.0092985848035296,1.0217582976079297e-06]"
/multi_agv/m2b_algorithm_state,1789558505.147086,1789558505.147086,m2b_algorithm_state_v1:header6+3x20,"[1.0,-0.15,0.52,2.659843918047661,0.1012502615919197,1789558505.1469615,2.6584172152456644,0.10107513886286165,0.0036904376666666654,0.0015404147777121208,0.0006967426677939586,0.0005695303515603932,0.004584685874999997,2.6603851685251736,0.09799279698118354,0.0019679532795091603,-0.003082341881678108,-0.00309785954129431,1.0101853311267133,3.162107512644347e-07,-0.0006379179419078594,0.0051524121534328605,0.0051524121534328605,0.14195251774051587,0.9949908446753791,3.1943146247188974e-07,2.659397712292958,0.1015015744068295,0.002796189458333334,-0.0009436471913477689,0.001667144960320055,0.0007539048787689323,-0.0017884964166666626,2.657003787674568,0.11048138274851903,-0.002393924618390386,0.00897980834168953,0.008860357909254777,0.9743185969751778,-1.625911356905973e-06,0.005867952136266794,-0.026534708001304093,-0.026534708001304093,0.12046880218442557,1.013481445519259,-1.5841556720666352e-06,2.658711064379932,0.10117410507202841,0.0036904376666666654,0.0013236811738593815,0.0009824406962875678,0.0005148719293507848,0.0032930326916666636,2.6560752049374763,0.10631552090920031,-0.0026358594424555903,0.005141415837171898,0.005100902089438181,0.9845496644625472,7.511824232453583e-07,0.001806077786368693,-0.007550862113327448,-0.007550862113327448,0.17670406896257806,1.0079424672388053,7.395764027563807e-07]"
/multi_agv/m2b_algorithm_state,1789558505.1571338,1789558505.1571338,m2b_algorithm_state_v1:header6+3x20,"[1.0,-0.15,0.52,2.6608404780195287,0.10125028479950088,1789558505.156892,2.6594191322586287,0.10107511147341099,0.0036904376666666654,0.001540612734629681,0.0006967223671068717,0.0005694551048383038,0.004584685874999997,2.6612289530395303,0.09670155903655704,0.0018098207809016387,-0.004373552436853945,-0.004405098276669768,1.0146622432001937,6.372258253092779e-07,-0.00214282230054272,0.010964630525661274,0.010964630525661274,0.14195252182066007,0.9928387886411306,6.465689853334067e-07,2.660399637632039,0.10150159189416984,0.002796189458333334,-0.0009438622085590114,0.0016671587531349452,0.0007539909067504208,-0.0017884964166666626,2.657992640036256,0.11008337088688663,-0.0024069975957830003,0.008581778992716796,0.008472347346250367,0.9753413316567846,-1.4858225829809489e-06,0.005463600351521616,-0.02484584153848112,-0.02484584153848112,0.12046879980570768,1.0129163314479617,-1.449184176690362e-06,2.6597129842523146,0.10117408140817827,0.0036904376666666654,0.0013238138601283983,0.0009824330791730063,0.0005148183771381269,0.0032930326916666636,2.6569147266930897,0.10406525923298086,-0.002798257559224915,0.002891177824802596,0.0028781451772771187,0.9910836045744809,2.3797791081498665e-07,-0.0006196767717540248,0.002232749741520135,0.002232749741520135,0.1767040610075112,1.0045281411196245,2.358560056596213e-07]"
/multi_agv/m2b_algorithm_state,1789558505.1670148,1789558505.1670148,m2b_algorithm_state_v1:header6+3x20,"[1.0,-0.15,0.52,2.6618403657216136,0.10125028620723292,1789558505.166872,2.6604156993057453,0.10107516700773901,0.0036904376666666654,0.0015402231956373287,0.0006967568132269619,0.0005696060367230135,0.004584685874999997,2.662163769711318,0.09507408928684136,0.001748070405572566,-0.0060010777208976546,-0.006061198478463668,1.020486303162906,1.2006021556215768e-06,-0.003876110471497961,0.017639110878536455,0.017639110878536455,0.14195251628167269,0.9900810445690517,1.2251980553596787e-06,2.661396189087123,0.10150155836167651,0.002796189458333334,-0.000943438851433259,0.001667133202783777,0.0007538206865268932,-0.0017884964166666626,2.6589109359909737,0.10852079029300934,-0.0024852530961494423,0.007019231931332831,0.006945135868816417,0.9794574088911051,-9.948903551812787e-07,0.003838569498629614,-0.01811352071337203,-0.01811352071337203,0.12046880301487861,1.0106687707650335,-9.744527294166065e-07,2.6607095456657173,0.10117412902908712,0.0036904376666666654,0.0013235564947380574,0.0009824441942320574,0.0005149241533957253,0.0032930326916666636,2.6583052373331597,0.10576625735921419,-0.0024043083325575587,0.0045921283301270654,0.004559673023236444,0.9861123921011354,5.994560682834007e-07,0.0015542876075394958,-0.006377006403586599,-0.006377006403586599,0.17670407182701572,1.0071179022542245,5.911310574544858e-07]"
/multi_agv/m2b_algorithm_state,1789558505.177092,1789558505.177092,m2b_algorithm_state_v1:header6+3x20,"[1.0,-0.15,0.52,2.6628413144021157,0.10125028084762096,1789558505.1769774,2.661415587438804,0.10107516860414607,0.0036904376666666654,0.0015402170864576505,0.0006967576820308349,0.0005696082329088688,0.004584685874999997,2.66320182226876,0.09696943106454817,0.0017862348299559905,-0.004105737539597906,-0.004133482444077718,1.0137232914185594,5.613363587789419e-07,-0.00190068890663273,0.010008259843487015,0.010008259843487015,0.141952516705421,0.9932877652548001,5.690397412142983e-07,2.662396076213144,0.10150155922328985,0.002796189458333334,-0.0009434329978472407,0.0016671314745915211,0.0007538190481707757,-0.0017884964166666626,2.6599244627771057,0.1081969699841547,-0.0024716134360383,0.006695410760864856,0.006627825611203892,0.980330750925774,-9.054513030564962e-07,0.0035383088161560165,-0.01685837610132373,-0.01685837610132373,0.12046880275870164,1.0101971828508456,-8.876417558520955e-07,2.6617094335128924,0.10117413079426285,0.0036904376666666654,0.0013235513700433563,0.000982444262343108,0.0005149263393372724,0.0032930326916666636,2.659478804698133,0.10703327639847943,-0.002230628814759328,0.005859145604216576,0.00580681896937109,0.9825387641522495,9.748849177345825e-07,0.0030185329509219306,-0.012289271274614742,-0.012289271274614742,0.17670407097362756,1.0090112392209039,9.578622222616042e-07]"
/multi_agv/m2b_algorithm_state,1789558505.1870697,1789558505.1870697,m2b_algorithm_state_v1:header6+3x20,"[1.0,-0.15,0.52,2.6638404576384533,0.10125028716258822,1789558505.1869504,2.662416534395921,0.10107515406656649,0.0036904376666666654,0.0015403250969023082,0.0006967476474442509,0.0005695666343581734,0.004584685874999997,2.664327829676474,0.09863711095082874,0.0019112952805526717,-0.0024380431157377536,-0.002447704601057495,1.0079982714941969,1.9773822704486805e-07,-5.858550036665555e-05,0.0028346860579723833,0.0028346860579723833,0.14195251904933195,0.996052838518354,1.9931979106955403e-07,2.663397026948161,0.10150156985495447,0.002796189458333334,-0.0009435510692649834,0.0016671376381363068,0.0007538670220005456,-0.0017884964166666626,2.6613579552135898,0.10927990703869864,-0.002039071734571074,0.007778337183744169,0.007687878073821875,0.9774375440645143,-1.2210760963981827e-06,0.005139038405608033,-0.023237578254134923,-0.023237578254134923,0.12046880141478994,1.011766460010639,-1.193525620779324e-06,2.662710381862264,0.1011741186213419,0.0036904376666666654,0.0013236223220558399,0.0009824405525935337,0.0005148975140799972,0.0032930326916666636,2.6603937663792094,0.10581506725868517,-0.002316615483054729,0.004640948637343267,0.004607811916896378,0.9859726589017141,6.122765964590799e-07,0.0017120425630779666,-0.00696933713931607,-0.00696933713931607,0.1767040663853184,1.0071914220989318,6.036879837940508e-07]"
/multi_agv/m2b_algorithm_state,1789558505.1969702,1789558505.1969702,m2b_algorithm_state_v1:header6+3x20,"[1.0,-0.15,0.52,2.6648415087846598,0.10125028117006342,1789558505.196849,2.6634156795383026,0.10107516790267264,0.0036904376666666654,0.0015402318722634628,0.0006967560117779206,0.0005696026926861164,0.004584685874999997,2.665456931319416,0.09871139582195716,0.0020412517811134734,-0.002363772080715476,-0.002372848815384344,1.007748148467137,1.8585385365484711e-07,0.0001787159110074976,0.0019665443047256013,0.0019665443047256013,0.1419525181739737,0.9961747522176637,1.872938769061544e-07,2.6643961678533046,0.1015015628336183,0.002796189458333334,-0.0009434503766692676,0.001667130644554149,0.0007538270130902636,-0.0017884964166666626,2.662544039023606,0.11033010050877867,-0.0018521288296984295,0.00882853767516037,0.008712942779990046,0.9747060547179534,-1.5714737419478354e-06,0.006397781742867009,-0.02838899557388166,-0.02838899557388166,0.12046880194243904,1.0132670325157875,-1.5317249711068339e-06,2.6637095255237524,0.1011741307514737,0.0036904376666666654,0.0013235600721740884,0.0009824430741908422,0.000514923185354157,0.0032930326916666636,2.6615413268936376,0.10424385348593335,-0.0021681986301147482,0.003069722734459643,0.0030550506594879466,0.9905523477055239,2.6819023576675966e-07,0.0003448023718445113,-0.0013083190620347095,-0.0013083190620347095,0.17670406822363216,1.004802563560159,2.6565646767046174e-07]"
/multi_agv/m2b_algorithm_state,1789558505.2070029,1789558505.2070029,m2b_algorithm_state_v1:header6+3x20,"[1.0,-0.15,0.52,2.6658390113993566,0.10125029791742583,1789558505.2068663,2.6644167287418274,0.10107515195346616,0.0036904376666666654,0.001540349752771722,0.0006967448983708374,0.0005695573770188476,0.004584685874999997,2.6663823297667966,0.09728965837167228,0.0019656010249691214,-0.003785493581793878,-0.003809022531157261,1.0126076852584767,4.771293279844411e-07,-0.0013520212499458593,0.007955453228078474,0.007955453228078474,0.14195252067473507,0.9938228379667173,4.831448243792575e-07,2.665397221329308,0.10150157423653544,0.002796189458333334,-0.0009435791573000627,0.0016671376339441046,0.0007538791994160521,-0.0017884964166666626,2.66349688117421,0.10832214034860135,-0.0019003401550978793,0.006820566112065912,0.006750498079623307,0.979992380344444,-9.396659846308584e-07,0.004375072885750958,-0.019960229184414972,-0.019960229184414972,0.12046880047492187,1.0103796833383463,-9.208655050071007e-07,2.664710576282844,0.10117411732018868,0.0036904376666666654,0.0013236377778259771,0.0009824389751421636,0.0005148916351538852,0.0032930326916666636,2.662709398521045,0.10562244491017975,-0.002001177761798978,0.004448327589991072,0.0044178396823610945,0.9865249213113038,5.625989957654702e-07,0.0019163674801123722,-0.007612768000049188,-0.007612768000049188,0.17670406320750207,1.0069010896324972,5.55017930027349e-07]"
/multi_agv/m2b_algorithm_state,1789558505.2170362,1789558505.2170362,m2b_algorithm_state_v1:header6+3x20,"[1.0,-0.15,0.52,2.666836866663406,0.10125031192491608,1789558505.2168384,2.665414236555632,0.1010751907800333,0.0036904376666666654,0.001540079628057907,0.0006967699986469174,0.0005696614090080486,0.004584685874999997,2.667300268276764,0.09780480443178204,0.0018860317211317756,-0.0032703863482512613,-0.003287879815532785,1.0108294928187296,3.559352013365403e-07,-0.0009303401641180655,0.006259037389994806,0.006259037389994806,0.14195251683893242,0.9946794079276012,3.597897990433474e-07,2.6663947176000464,0.10150155198644914,0.002796189458333334,-0.0009432864185814852,0.0016671186020689177,0.0007537622070699357,-0.0017884964166666626,2.664574442962507,0.10832214034860135,-0.0018202746375393097,0.006820588362152213,0.006750519862823049,0.9799923139921047,-9.393806659334874e-07,0.004475176565898912,-0.020323419890158602,-0.020323419890158602,0.12046880270186529,1.0103797190072799,-9.205858325276026e-07,2.665708080042392,0.10117415098579505,0.0036904376666666654,0.0013234578441845232,0.0009824472892516539,0.0005149653047220844,0.0032930326916666636,2.663859733297301,0.10672712252047732,-0.001848346745090712,0.0055529715346822744,0.005505860587048469,0.9833923090616613,8.758166567182031e-07,0.0031954271556850792,-0.012776040493127486,-0.012776040493127486,0.17670407072783692,1.0085565093574336,8.61271364364778e-07]"
/multi_agv/m2b_algorithm_state,1789558505.2269974,1789558505.2269974,m2b_algorithm_state_v1:header6+3x20,"[1.0,-0.15,0.52,2.6678425411353714,0.10125027563723561,1789558505.2268543,2.666412096336358,0.1010752216987898,0.0036904376666666654,0.001539866806038985,0.0006967917493479801,0.0005697423449444153,0.004584685874999997,2.6686965261013578,0.0997159540424412,0.0022844297649999845,-0.0013592676563485978,-0.0013622464730464858,1.0044054185435587,6.140109998404236e-08,0.0014932907332034949,-0.003126536765891172,-0.003126536765891172,0.1419525136088864,0.9978133056265316,6.167159752850697e-08,2.6673925672310177,0.10150153575450117,0.002796189458333334,-0.0009430568529587222,0.001667101702836682,0.0007536714887552559,-0.0017884964166666626,2.665878104837979,0.10856084206742586,-0.0015144623930387624,0.0070593063129246875,0.006984384838952245,0.9793498099404992,-1.0058417844803053e-06,0.005091306847653792,-0.022685577665027698,-0.022685577665027698,0.12046880456757635,1.0107269968221972,-9.850709604609996e-07,2.666705936422841,0.1011741783214573,0.0036904376666666654,0.001323313844838607,0.0009824548808001548,0.0005150237740373575,0.0032930326916666636,2.6650219698927153,0.10520458235059882,-0.0016839665301255913,0.004030404029141524,0.004005295895686415,0.9877319427277165,4.618902217903822e-07,0.0019003377330294256,-0.007352994764169887,-0.007352994764169887,0.17670407707559369,1.0062687337238054,4.5622372609595005e-07]"
/multi_agv/m2b_algorithm_state,1789558505.2369714,1789558505.2369714,m2b_algorithm_state_v1:header6+3x20,"[1.0,-0.15,0.52,2.6688410967233054,0.10125028598614494,1789558505.23681,2.667417759469056,0.10107513176217794,0.0036904376666666654,0.0015405097889260371,0.00069673317025849,0.0005694941084143395,0.004584685874999997,2.669870429375041,0.10096514198880625,0.0024526699059848056,-0.00010998977337169091,-0.00011000909511092974,1.0003514829309328,4.0186324317719986e-10,0.002955828287370077,-0.008899100966445174,-0.008899100966445174,0.14195252444732914,0.9998243623473192,4.020044912477459e-10,2.6683982553514456,0.10150159353030387,0.002796189458333334,-0.0009437569984011868,0.0016671426482233187,0.0007539536792047635,-0.0017884964166666626,2.6669576776015167,0.10856084206742586,-0.0014405777499288952,0.00705924853712199,0.006984328316575164,0.9793499818625785,-1.0065718521397481e-06,0.005183606129164045,-0.02302162645417455,-0.02302162645417455,0.12046879828966438,1.0107269041704448,-9.857861251364444e-07,2.667711608585612,0.10117410161922503,0.0036904376666666654,0.0013237386850066756,0.0009824348780024918,0.000514850027055105,0.0032930326916666636,2.6659380630897362,0.10381105423786129,-0.0017735454958756058,0.0026369526186362513,0.0026260901986011136,0.9918439084503543,1.9799332599457442e-07,0.0004091583287566063,-0.0013386672017200443,-0.0013386672017200443,0.17670405586493335,1.0041363468935394,1.9637847430154382e-07]"
/multi_agv/m2b_algorithm_state,1789558505.2470765,1789558505.2470765,m2b_algorithm_state_v1:header6+3x20,"[1.0,-0.15,0.52,2.6698441935901456,0.10125026710799301,1789558505.246969,2.668416318070624,0.10107515624946153,0.0036904376666666654,0.0015403402202005673,0.0006967472263763597,0.0005695602981537373,0.004584685874999997,2.670918778781064,0.10083777146449784,0.0025024607104398022,-0.00023738478496369841,-0.00023747487255967303,1.000759680772222,1.871846872469327e-09,0.0028906010154900797,-0.008605886956894638,-0.008605886956894638,0.14195252251167706,0.9996206436706182,1.873268878546886e-09,2.6693968073438756,0.10150157916579958,0.002796189458333334,-0.0009435730136237454,0.0016671318617116349,0.0007538795389639003,-0.0017884964166666626,2.6680467785024824,0.10828044451497604,-0.001350028841393236,0.0067788653491764606,0.006709629306575196,0.9801050088948362,-9.282371029329581e-07,0.005022093254833651,-0.022287682587356392,-0.022287682587356392,0.12046879943819432,1.0103189072656245,-9.097698340266238e-07,2.6687101647554154,0.10117412254317372,0.0036904376666666654,0.0013236274010876314,0.0009824391053366854,0.0005148960654068053,0.0032930326916666636,2.667114800077171,0.10528033647669893,-0.0015953646782445041,0.004106213933525213,0.00408016740425294,0.9875120909512044,4.795147736639903e-07,0.00208596155644731,-0.008057610879190137,-0.008057610879190137,0.17670405970210137,1.0063836913272537,4.7352663678292066e-07]"
/multi_agv/m2b_algorithm_state,1789558505.2568653,1789558505.2568653,m2b_algorithm_state_v1:header6+3x20,"[1.0,-0.15,0.52,2.6708367930012833,0.10125031528539714,1789558505.256776,2.669419408788092,0.10107511025019963,0.0036904376666666654,0.0015406699674726534,0.0006967148505368386,0.0005694342066593555,0.004584685874999997,2.6717718799259873,0.09922957454119581,0.0023524711378954954,-0.0018455357090038232,-0.0018510472110767689,1.0060142881207088,1.1328692117423556e-07,0.0010895417112926004,-0.0014760870682276354,-0.0014760870682276354,0.14195252868644073,0.997022495136826,1.1396826135848544e-07,2.670399911735411,0.10150160817438052,0.002796189458333334,-0.0009439315254162316,0.0016671544357977908,0.0007540231991625262,-0.0017884964166666626,2.669129670871353,0.10828044451497604,-0.0012702408640579144,0.00677883634059552,0.006709600903087697,0.9801050954344583,-9.285817410637268e-07,0.005121799823015304,-0.022650008381631316,-0.022650008381631316,0.12046879582625919,1.0103188607650213,-9.101076959439594e-07,2.6697132602469322,0.10117408289939887,0.0036904376666666654,0.0013238474830483122,0.0009824274540433109,0.0005148067289870114,0.0032930326916666636,2.6682407933604586,0.1060705279716978,-0.0014724668864736223,0.00489644507229893,0.0048596312251040835,0.9852440489278063,6.815245955587524e-07,0.0030190476170120556,-0.011809941345751314,-0.011809941345751314,0.17670404759961927,1.007575440499409,6.714680519721908e-07]"
/multi_agv/m2b_algorithm_state,1789558505.2670612,1789558505.2670612,m2b_algorithm_state_v1:header6+3x20,"[1.0,-0.15,0.52,2.6718402263442225,0.10125029335135773,1789558505.2669797,2.6704120231429687,0.10107522563587486,0.0036904376666666654,0.0015398566582210693,0.0006967893799277643,0.0005697479761007148,0.004584685874999997,2.6718634766965663,0.09907562599072156,0.0014514535535976592,-0.0019995996451532966,-0.002006077245812957,1.0065276525362195,1.3293397455726578e-07,-0.00019176030381588306,0.003109550009106312,0.003109550009106312,0.14195251601398104,0.9967710113490492,1.3380172135343425e-07,2.6713924930425788,0.10150153814047799,0.002796189458333334,-0.0009430482134952234,0.001667100123885934,0.0007536685652425185,-0.0017884964166666626,2.669369273337676,0.10845711745973646,-0.0020232197049026013,0.00695557931925847,0.006882785381251461,0.9796285192717341,-9.765758013381248e-07,0.004353760750123209,-0.01995203112619794,-0.01995203112619794,0.12046880316814158,1.0105762324371321,-9.566815062214745e-07,2.670705862818303,0.10117418207983861,0.0036904376666666654,0.0013233082682446184,0.0009824524678322408,0.0005150274464267106,0.0032930326916666636,2.6686589633966857,0.10531517184291542,-0.0020468994216171765,0.004140989763076808,0.004114507226615508,0.9874113871729038,4.875402651190975e-07,0.0015558829495940377,-0.006166298159010177,-0.006166298159010177,0.1767040723109868,1.0064363810786359,4.814028094838934e-07]"
/multi_agv/m2b_algorithm_state,1789558505.2771757,1789558505.2771757,m2b_algorithm_state_v1:header6+3x20,"[1.0,-0.15,0.52,2.6728405135851543,0.1012502922278143,1789558505.2770147,2.6714154497248193,0.10107516984160428,0.0036904376666666654,0.0015402581169152185,0.0006967540731812598,0.0005695923252057809,0.004584685874999997,2.6729795990532397,0.10047509016534516,0.0015641493284204167,-0.0006000796762591215,-0.0006006569288448225,1.0019282753179892,1.1963789698522501e-08,0.0013545297316806984,-0.002988524422659292,-0.002988524422659292,0.1419525228509931,0.999038964576982,1.1986859178907776e-08,2.672395934434357,0.10150157530655532,0.002796189458333334,-0.0009434862196655873,0.0016671242704040523,0.0007538458655927671,-0.0017884964166666626,2.6705661278557384,0.10966002464685318,-0.0018298065786184203,0.008158449340297858,0.008059224176591688,0.9764404998853379,-1.3428061160326127e-06,0.005771965953318662,-0.025745122083132857,-0.025745122083132857,0.12046879923043702,1.012311999459498,-1.3111702751879734e-06,2.6717092948734904,0.10117413490591359,0.0036904376666666654,0.0013235719246338048,0.0009824405907829627,0.0005149193396495571,0.0032930326916666636,2.6696511454920806,0.10456853530140628,-0.0020581493814098017,0.003394400395492686,0.00337650477395216,0.9895919674592016,3.278435726481678e-07,0.0008038180471899078,-0.0031073117500701477,-0.0031073117500701477,0.17670405901936295,1.005300043310639,3.244313660757541e-07]"
/multi_agv/m2b_algorithm_state,1789558505.2870052,1789558505.2870052,m2b_algorithm_state_v1:header6+3x20,"[1.0,-0.15,0.52,2.673841950264569,0.10125028384469588,1789558505.2868876,2.6724157365136225,0.10107516572574175,0.0036904376666666654,0.001540292021421971,0.0006967506813832175,0.000569579393263386,0.004584685874999997,2.674087681071549,0.101552757907686,0.001671944557926519,0.00047759218194425024,0.00047722949858572394,0.9984839425759283,7.572619672171393e-09,0.002567160195993873,-0.007803777649367188,-0.007803777649367188,0.1419525239827561,1.0007599768237319,7.561139145897726e-09,2.673396222200618,0.10150157936326293,0.002796189458333334,-0.0009435239631744464,0.0016671258463896166,0.0007538614063458682,-0.0017884964166666626,2.671661686327687,0.10828047827809342,-0.0017345358729308202,0.0067788989148304946,0.006709662204629706,0.9801049182479625,-9.281980148372028e-07,0.004541492363466181,-0.020542837344227183,-0.020542837344227183,0.12046879855630632,1.0103189561693604,-9.097314394499377e-07,2.6727095820412234,0.10117413159443824,0.0036904376666666654,0.0013235941099641346,0.0009824391694254874,0.0005149104625173421,0.0032930326916666636,2.670683262689228,0.10467100110565755,-0.002026319351995376,0.0034968695112193166,0.003477891929655251,0.9892903924821249,3.4791439780346725e-07,0.0009449927396610312,-0.0036625908514221627,-0.0036625908514221627,0.1767040567446268,1.0054566334860056,3.4418837115317424e-07]"
/multi_agv/m2b_algorithm_state,1789558505.2970827,1789558505.2970827,m2b_algorithm_state_v1:header6+3x20,"[1.0,-0.15,0.52,2.6748443080964908,0.10125026987295756,1789558505.2969902,2.6734171704062275,0.10107514450622593,0.0036904376666666654,0.0015404466818962478,0.0006967354493479397,0.0005695202773032784,0.004584685874999997,2.675034311751701,0.09980027899798728,0.0016171413454735273,-0.0012748655082386456,-0.0012774842144961805,1.0041279429087466,5.402984793386722e-08,0.0007439424673457286,-0.0005172000012107665,-0.0005172000012107665,0.14195252717973686,0.997950106758409,5.425288006150649e-08,2.6743976622747083,0.10150159358919968,0.002796189458333334,-0.0009436926606812344,0.0016671360304174598,0.0007539292335113773,-0.0017884964166666626,2.672618205584647,0.10669964006896325,-0.0017794566900612985,0.005198046479763574,0.005156840098189241,0.9844609351521224,-5.465643640908677e-07,0.0029325192356126177,-0.013912995765734033,-0.013912995765734033,0.12046879669010019,1.007990626195449,-5.380712649937207e-07,2.6737110181127717,0.10117411343866205,0.0036904376666666654,0.0013236970977084984,0.000982433576544062,0.0005148687305415933,0.0032930326916666636,2.6721121498342963,0.10470414985472505,-0.0015988682784753294,0.0035300364160630038,0.0035107020087806157,0.989192933413523,3.5456399678991906e-07,0.0015121166606864539,-0.005715923936265589,-0.005715923936265589,0.17670405046318188,1.0055072766740187,3.50732200067443e-07]"
/multi_agv/m2b_algorithm_state,1789558505.3072097,1789558505.3072097,m2b_algorithm_state_v1:header6+3x20,"[1.0,-0.15,0.52,2.6758444644241073,0.10125027038889745,1789558505.3070495,2.6744195235657373,0.10107511078160679,0.0036904376666666654,0.0015406889429736143,0.0006967106065459911,0.0005694281891394257,0.004584685874999997,2.6758948166497256,0.0981309153314881,0.001475293083988305,-0.002944195450118689,-0.0029583386356850636,1.0097137868177761,2.885273234388762e-07,-0.0011142222806996825,0.006765757968258172,0.006765757968258172,0.14195253206874872,0.9952192134477872,2.9133001634986495e-07,2.675400025876833,0.10150161464773425,0.002796189458333334,-0.00094395587707109,0.001667153341025962,0.0007540343243300357,-0.0017884964166666626,2.6735858585199512,0.10612723533657263,-0.0018141673568816685,0.004625620688838386,0.004592846927231642,0.9860800799075309,-4.331317804005359e-07,0.0023251377311295568,-0.011438655839490487,-0.011438655839490487,0.1204687938740055,1.007135827108111,-4.2710262062785156e-07,2.6747133748469025,0.10117408418953167,0.0036904376666666654,0.0013238597823416586,0.000982424390432125,0.0005148029913329007,0.0032930326916666636,2.6731530491500655,0.10456316974282122,-0.0015603256968370616,0.003389085553289553,0.0033712451947873444,0.9896076221070997,3.2689021273647075e-07,0.0014208380737410174,-0.005320594216992215,-0.005320594216992215,0.17670404093342496,1.0052919195939214,3.234930461162228e-07]"
/multi_agv/m2b_algorithm_state,1789558505.3169863,1789558505.3169863,m2b_algorithm_state_v1:header6+3x20,"[1.0,-0.15,0.52,2.6768404148725806,0.10125029752317172,1789558505.3168612,2.6754196796671184,0.10107511279492018,0.0036904376666666654,0.0015406771658823932,0.0006967082305157741,0.0005694345299073672,0.004584685874999997,2.6768058116255276,0.09812192384834915,0.001386131958409198,-0.0029531889465710254,-0.002967419630504239,1.0097444414048227,2.9029218276025634e-07,-0.0012347546824927414,0.0071928834471497605,0.0071928834471497605,0.1419525329992926,0.9952043574198518,2.9312091792544174e-07,2.676400182650444,0.10150161299225709,0.002796189458333334,-0.0009439424543522135,0.001667154679010352,0.0007540278100789388,-0.0017884964166666626,2.6746402579674293,0.10612723533657263,-0.0017599246830148907,0.004625622344315544,0.004592848558915649,0.9860800748714026,-4.3312593413309686e-07,0.0023929427051470357,-0.011683141365905553,-0.011683141365905553,0.12046879334361071,1.0071358297534707,-4.270968535587103e-07,2.6757135309547597,0.10117408537951506,0.0036904376666666654,0.001323855065473225,0.000982422629966063,0.0005148059516186508,0.0032930326916666636,2.674176313869316,0.1043836404694436,-0.0015372170854437428,0.0032095550899285397,0.003193532920091765,0.9901378231587961,2.9321406381180017e-07,0.0012720115632870867,-0.0047008986982166375,-0.0047008986982166375,0.17670403915066826,1.005017067378881,2.903223348621601e-07]"
/multi_agv/m2b_algorithm_state,1789558505.3270438,1789558505.3270438,m2b_algorithm_state_v1:header6+3x20,"[1.0,-0.15,0.52,2.6778436212058883,0.10125027772306061,1789558505.3269403,2.6764156383832236,0.10107517810510519,0.0036904376666666654,0.0015402177623713453,0.0006967489310361506,0.0005696124919398134,0.004584685874999997,2.678356525122668,0.0996650207915591,0.0019408867394443696,-0.001410157313546087,-0.0014133645850239144,1.0045729785664175,6.610211051881776e-08,0.0010127438392815477,-0.0014052105680871434,-0.0014052105680871434,0.14195252635174554,0.9977307543207097,6.640439405341528e-08,2.6773961231560666,0.10150157315413372,0.002796189458333334,-0.0009434431457402657,0.0016671248504596115,0.0007538268928860004,-0.0017884964166666626,2.6762552651091043,0.10699165439275898,-0.0011408580469622898,0.005490081238625266,0.005444217396645789,0.983643498914259,-6.093989186289742e-07,0.004018144837942926,-0.01798359177377617,-0.01798359177377617,0.12046879719394635,1.0084243222924445,-5.9943128455477e-07,2.67670948307845,0.10117414131027624,0.0036904376666666654,0.0013235516651394952,0.0009824358795005985,0.0005149305719589258,0.0032930326916666636,2.675687415045807,0.10512456593088869,-0.001022068032642931,0.003950424620612444,0.003926288377643589,0.9879643004688343,4.438481291581628e-07,0.0026487033368399254,-0.01000687031169275,-0.01000687031169275,0.17670405210857404,1.0061473434061257,4.3850610643814514e-07]"
/multi_agv/m2b_algorithm_state,1789558505.3371258,1789558505.3371258,m2b_algorithm_state_v1:header6+3x20,"[1.0,-0.15,0.52,2.6788430567022488,0.1012502826085754,1789558505.336936,2.67741883840118,0.10107512925645241,0.0036904376666666654,0.0015405680240935448,0.0006967157955158673,0.0005694779034337681,0.004584685874999997,2.6794826440768156,0.10010128890155433,0.002063805675635688,-0.0009738403548980867,-0.0009753649277196122,1.0031425484535927,3.152286275510916e-08,0.0016043921668249979,-0.0036983578181813102,-0.0036983578181813102,0.1419525327604558,0.9984369206045884,3.1621924878713044e-08,2.6783993371571793,0.1015016044222471,0.002796189458333334,-0.0009438241917262341,0.0016671478538721196,0.0007539800975594063,-0.0017884964166666626,2.677319049319369,0.10699165439275898,-0.0010802878378104452,0.00549004997051189,0.005444186659834437,0.9836435932911168,-6.09638032620619e-07,0.004093826862571381,-0.01825761376768941,-0.01825761376768941,0.12046879348572517,1.008424272263811,-5.996665450138727e-07,2.6777126880593065,0.10117409949048237,0.0036904376666666654,0.0013237840495792003,0.0009824241871216003,0.0005148359242727694,0.0032930326916666636,2.6767182938477414,0.10498298659821025,-0.0009943942115651083,0.003808887107727879,0.00378642519372327,0.9883765870313905,4.1273112804766803e-07,0.0025434324292668846,-0.00955836650061436,-0.00955836650061436,0.1767040396201515,1.0059322217805449,4.0793378370136995e-07]"
/multi_agv/m2b_algorithm_state,1789558505.3470924,1789558505.3470924,m2b_algorithm_state_v1:header6+3x20,"[1.0,-0.15,0.52,2.6798435185910408,0.10125028082725464,1789558505.3469465,2.678418275179868,0.10107514101175304,0.0036904376666666654,0.0015404878585834596,0.0006967210997101954,0.0005695098928887919,0.004584685874999997,2.680466997638773,0.09937590144387552,0.0020487224589049724,-0.001699239567877514,-0.0017039067603878064,1.0055284186543438,9.601745348540763e-08,0.0008569963132434091,-0.0007228969299437138,-0.0007228969299437138,0.14195253236977304,0.9972608873802283,9.654827816639895e-08,2.6793987711962663,0.10150159744420592,0.002796189458333334,-0.0009437368381511341,0.0016671434820514364,0.0007539445068915768,-0.0017884964166666626,2.678242441143204,0.10538349045206671,-0.001156330053062149,0.0038818930078607927,0.003858679467585488,0.9882173155358269,-3.051542532643313e-07,0.0024132669012578017,-0.011392108937194619,-0.011392108937194619,0.12046879368307666,1.006015928627995,-3.0155871698521733e-07,2.6787121237306133,0.10117410936976723,0.0036904376666666654,0.0013237324661201024,0.0009824253047858063,0.0005148577023213574,0.0032930326916666636,2.6776897949886918,0.10469096620558573,-0.001022328741921541,0.0035168568358184965,0.003497664604942107,0.9892316500380396,3.5193436068269266e-07,0.0022197536775401807,-0.00825218777781009,-0.00825218777781009,0.1767040403753457,1.005487155872313,3.481446083232226e-07]"
/multi_agv/m2b_algorithm_state,1789558505.3570535,1789558505.3570535,m2b_algorithm_state_v1:header6+3x20,"[1.0,-0.15,0.52,2.6808405705251874,0.10125030073706474,1789558505.356934,2.6794187363004376,0.10107513646162407,0.0036904376666666654,0.0015405233789854505,0.000696716020807119,0.0005694971380597599,0.004584685874999997,2.6810206322381296,0.09759604294500926,0.0016018959376919994,-0.003479093516614809,-0.003498922066435942,1.0115475634706326,4.029842416375752e-07,-0.0014965521443209427,0.008333243743500127,0.008333243743500127,0.14195253383390377,0.9943329547087253,4.0763772774554985e-07,2.680399234095534,0.10150160069187875,0.002796189458333334,-0.0009437752813907059,0.0016671465134794339,0.0007539595938723248,-0.0017884964166666626,2.679083728062169,0.10583981226130115,-0.0013155060333649438,0.004338211569422407,0.004309320609267343,0.9869014900732032,-3.8099278016709683e-07,0.0026649380675611636,-0.012522076343043108,-0.012522076343043108,0.12046879284916046,1.006704295821697,-3.760023424540402e-07,2.679712585377151,0.1011741053282611,0.0036904376666666654,0.0013237572381746914,0.0009824229430799086,0.0005148481930616886,0.0032930326916666636,2.678706875631608,0.10441625468219995,-0.0010057097455429265,0.00324214935393885,0.003225804166496246,0.9900413995731867,2.9917010130223485e-07,0.001968666984567588,-0.0072173112523234734,-0.0072173112523234734,0.17670403748880317,1.0050670116966083,2.9619078580371663e-07]"
/multi_agv/m2b_algorithm_state,1789558505.3669887,1789558505.3669887,m2b_algorithm_state_v1:header6+3x20,"[1.0,-0.15,0.52,2.681842281144728,0.1012502904528606,1789558505.3668542,2.6804157943465925,0.10107518374042937,0.0036904376666666654,0.0015401921494538708,0.0006967458348514197,0.0005696252045837929,0.004584685874999997,2.681902582673142,0.0969647197909219,0.0014867883265496928,-0.004110463949507467,-0.0041382737493298,1.0137398119030556,5.626220013774028e-07,-0.002279788341142684,0.011335733877973021,0.011335733877973021,0.1419525291658599,0.9932798549571941,5.70352321848849e-07,2.6813962786463454,0.10150157246003279,0.002796189458333334,-0.0009434155141154273,0.0016671243634749366,0.0007538151689041456,-0.0017884964166666626,2.680143919838354,0.10572905463032896,-0.0012523588079913495,0.004227482170296171,0.0042000239926171,0.9872194630157465,-3.61685443812145e-07,0.0026345754826279134,-0.01235782982657846,-0.01235782982657846,0.12046879554833663,1.0065376240058002,-3.570629096208377e-07,2.6807096385826235,0.10117414601073206,0.0036904376666666654,0.0013235377495691533,0.000982432668751843,0.0005149382739172616,0.0032930326916666636,2.6797735869543007,0.10499984806840988,-0.000936051628322776,0.003825702057677821,0.003803044298580274,0.9883275406087665,4.1630030743372014e-07,0.002632979763176804,-0.009888944422928389,-0.009888944422928389,0.1767040466103739,1.005957795207909,4.11441059000642e-07]"
/multi_agv/m2b_algorithm_state,1789558505.3769135,1789558505.3769135,m2b_algorithm_state_v1:header6+3x20,"[1.0,-0.15,0.52,2.6828368204460467,0.10125032593418877,1789558505.376858,2.681417501718684,0.10107515739819314,0.0036904376666666654,0.0015403832557727222,0.0006967282830710349,0.0005695514974786899,0.004584685874999997,2.683067803290699,0.09927653485947227,0.0016503015720150671,-0.0017986225387208732,-0.0018038555474687936,1.0058583080035248,1.07577239714991e-07,0.00025902141755004024,0.0014313689375276338,0.0014313689375276338,0.14195253287294177,0.9970989868034258,1.0820746031941043e-07,2.6823979931684065,0.10150159024575588,0.002796189458333334,-0.0009436238344050288,0.0016671360710360794,0.0007538993786858211,-0.0017884964166666626,2.681200031082782,0.10572905463032896,-0.0011979620856243933,0.004227464384573082,0.004200006440936114,0.9872195173179511,-3.617622411824813e-07,0.0027025538339056224,-0.012602836710580167,-0.012602836710580167,0.12046879338208642,1.006537595602079,-3.571387451240294e-07,2.681711348547093,0.10117412371463279,0.0036904376666666654,0.0013236636398024997,0.000982426456967534,0.0005148869365399359,0.0032930326916666636,2.680824259520998,0.10505366701111937,-0.0008870890260950226,0.0038795432964865845,0.0038562528448159556,0.988170598790682,4.2812324221956593e-07,0.0027473915621971773,-0.010326887639851958,-0.010326887639851958,0.1767040392925481,1.0060396588626024,4.2305880062031666e-07]"
/multi_agv/m2b_algorithm_state,1789558505.3869598,1789558505.3869598,m2b_algorithm_state_v1:header6+3x20,"[1.0,-0.15,0.52,2.6838416409739243,0.10125029499383735,1789558505.3868632,2.682412052180039,0.10107524105208598,0.0036904376666666654,0.001539795465450145,0.0006967837839451537,0.0005697774114926499,0.004584685874999997,2.684183575597399,0.09993720419866281,0.001771523417359866,-0.0011380368534231744,-0.0011401214510934929,1.0036792113579365,4.303218626991368e-08,0.0010742828206063396,-0.001748166671859929,-0.001748166671859929,0.14195252370606268,0.9981716003428239,4.319051077839478e-08,2.683392518852602,0.10150154066981926,0.002796189458333334,-0.0009429861334099444,0.001667095219666681,0.0007536442068914739,-0.0017884964166666626,2.6823489839835246,0.10678354105202104,-0.0010435348690776003,0.005282000382201779,0.005239479511694986,0.9842253347899754,-5.639017216650157e-07,0.0039350609253479855,-0.017576737354896156,-0.017576737354896156,0.12046879871866402,1.0081154760528948,-5.550063607943936e-07,2.6827058903054986,0.10117419608066106,0.0036904376666666654,0.0013232719540779616,0.000982445356781581,0.000515046886131537,0.0032930326916666636,2.68182915768336,0.10481289108872643,-0.0008767326221383875,0.003638695008065379,0.0036181690188908378,0.988874203063917,3.7657495257074854e-07,0.0025222532412178533,-0.00939925591786142,-0.00939925591786142,0.17670405726311883,1.0056730321517244,3.7238525611723133e-07]"
/multi_agv/m2b_algorithm_state,1789558505.396894,1789558505.396894,m2b_algorithm_state_v1:header6+3x20,"[1.0,-0.15,0.52,2.684838173108774,0.10125031783598183,1789558505.396773,2.6834168631624835,0.10107516349058529,0.0036904376666666654,0.0015403508367111368,0.0006967344646954914,0.0005695623344744713,0.004584685874999997,2.6850599560323762,0.09904011191551311,0.001643092869892726,-0.0020350515750721804,-0.002041762697364144,1.0066460399344865,1.3773694126684636e-07,1.2103390001763376e-05,0.0024072884827793643,0.0024072884827793643,0.14195253301521749,0.9967130742957409,1.3865234647895984e-07,2.684397350798316,0.1015015912321148,0.002796189458333334,-0.000943591315335706,0.001667129473174711,0.0007538887148323958,-0.0017884964166666626,2.6834241594310813,0.10694129437437912,-0.000973191367234616,0.0054397031422643155,0.005394659780119051,0.9837841020471607,-5.983845332409445e-07,0.004178170571075781,-0.018536569424263856,-0.018536569424263856,0.12046879333117604,1.0083496205472053,-5.88681190713352e-07,2.6837107089609735,0.10117413025881192,0.0036904376666666654,0.0013236374178475204,0.0009824287510260769,0.00051489710950616,0.0032930326916666636,2.682903059673314,0.10450894718120712,-0.0008076492876596397,0.0033348169223952062,0.0033175362134599436,0.9897676614646571,3.164651670260334e-07,0.002307974603885394,-0.008480591056943473,-0.008480591056943473,0.17670403914950758,1.0052088983581102,3.132269883023792e-07]"
/multi_agv/m2b_algorithm_state,1789558505.4069695,1789558505.4069695,m2b_algorithm_state_v1:header6+3x20,"[1.0,-0.15,0.52,2.6858423978827837,0.10125029103512216,1789558505.4068723,2.684413402431105,0.10107521693310263,0.0036904376666666654,0.0015399768708490177,0.0006967696228297625,0.0005697061457090369,0.004584685874999997,2.6859488970492746,0.09749152509985899,0.0015354946181695972,-0.0035836918332436407,-0.003604747094573587,1.0119086578972398,4.2745632864086435e-07,-0.0016853788218615905,0.009038132088011542,0.009038132088011542,0.14195252743492526,0.9941590184338752,4.325467598246585e-07,2.685393874224633,0.10150156003552008,0.002796189458333334,-0.0009431859637400496,0.0016671033475765817,0.0007537265986147096,-0.0017884964166666626,2.6843682568617413,0.10597925223247995,-0.0010256173628917509,0.00447769219695987,0.004446946365366078,0.9865021398824908,-4.055878482444087e-07,0.0031649246617513893,-0.014392269363585068,-0.014392269363585068,0.12046879657253541,1.0069139200403334,-4.001132802034441e-07,2.6847072426705845,0.10117417653932281,0.0036904376666666654,0.0013233882302086989,0.0009824406383584401,0.0005149989393387054,0.0032930326916666636,2.6840150681458153,0.10494153731716094,-0.0006921745247692179,0.0037673607778381246,0.0037453790480856375,0.9884978271655669,4.036727449527804e-07,0.002880160892124115,-0.010749279217054711,-0.010749279217054711,0.17670405004375578,1.0058690267314125,3.990296312717835e-07]"
/multi_agv/m2b_algorithm_state,1789558505.4170566,1789558505.4170566,m2b_algorithm_state_v1:header6+3x20,"[1.0,-0.15,0.52,2.6868428536834608,0.10125028918946329,1789558505.416935,2.685417618817528,0.10107515022654477,0.0036904376666666654,0.0015404545237168777,0.0006967261836670951,0.0005695216978625238,0.004584685874999997,2.6869031114371644,0.098637069762117,0.001485492619636375,-0.0024380804644277693,-0.0024477422489717435,1.0079983977857225,1.9776090938881013e-07,-0.0005908764744262749,0.0047078033018136175,0.0047078033018136175,0.1419525356486328,0.9960527769833474,1.9934267980856806e-07,2.686398109087943,0.1015016031670273,0.002796189458333334,-0.0009437062853444368,0.0016671336154776562,0.0007539363957154294,-0.0017884964166666626,2.685422233878579,0.10597925223247995,-0.000975875209364041,0.0044776490654526435,0.004446903834335909,0.9865022712695269,-4.058037127657426e-07,0.0032270598226308575,-0.014616714088074956,-0.014616714088074956,0.12046879180111068,1.0069138511337579,-4.003262843330118e-07,2.6857114657428807,0.10117411971179441,0.0036904376666666654,0.0013237036349532253,0.0009824257930355794,0.0005148699456331745,0.0032930326916666636,2.6850266300106096,0.1046187675829105,-0.0006848357322710719,0.003444647871116091,0.003426225549998126,0.9894439918101448,3.376421451416192e-07,0.002570180884659286,-0.009475920641729235,-0.009475920641729235,0.1767040340007307,1.005376855915973,3.34077991892264e-07]"
/multi_agv/m2b_algorithm_state,1789558505.427021,1789558505.427021,m2b_algorithm_state_v1:header6+3x20,"[1.0,-0.15,0.52,2.6878415852583935,0.10125029836737524,1789558505.4268377,2.686418073811209,0.10107514544851526,0.0036904376666666654,0.0015404917304457188,0.0006967210700422829,0.0005695082301418155,0.004584685874999997,2.688022160949409,0.10032621353292953,0.0016040871382001498,-0.0007489319155857266,-0.000749832077373233,1.0024106449207102,1.86400109365015e-08,0.0012552768453769543,-0.0025676316145807087,-0.0025676316145807087,0.14195253708370623,0.9987995154986437,1.868494538418756e-08,2.687398565934199,0.101501606649006,0.002796189458333334,-0.0009437469218582786,0.0016671367522143044,0.0007539523786281033,-0.0017884964166666626,2.686108950575969,0.10802087673044533,-0.001289615358230023,0.006519270081439335,0.006455107461914835,0.9808087641385332,-8.588482240693582e-07,0.0048430882641273066,-0.021502600792401683,-0.021502600792401683,0.12046879094168182,1.0099398220561098,-8.423658652320413e-07,2.686711921304975,0.10117411547086863,0.0036904376666666654,0.0013237295609343442,0.000982423508965758,0.0005148598958099396,0.0032930326916666636,2.686070792669859,0.10456282076918205,-0.0006411286351157841,0.0033887052983134214,0.0033708688989936364,0.9896087472101681,3.2678476431035514e-07,0.0025694581050989063,-0.009445873849502427,-0.009445873849502427,0.1767040310458598,1.005291335811105,3.233890612165406e-07]"
/multi_agv/m2b_algorithm_state,1789558505.4370167,1789558505.4370167,m2b_algorithm_state_v1:header6+3x20,"[1.0,-0.15,0.52,2.688839966969704,0.10125030948489312,1789558505.4367878,2.6874168080662564,0.1010751671063213,0.0036904376666666654,0.0015403417530657259,0.0006967336333844718,0.000569566704311064,0.004584685874999997,2.688752527218146,0.10120440351065309,0.0013357191518896805,0.00012923640433178119,0.00012920977708007455,0.999588130726585,5.54654871381439e-10,0.001798858716942175,-0.004906715536968085,-0.004906715536968085,0.1419525354655954,1.0002060776847415,5.544264260825671e-10,2.6883972943091488,0.10150159398372519,0.002796189458333334,-0.0009435842256857912,0.0016671271522650244,0.0007538868490498118,-0.0017884964166666626,2.6871844340780418,0.10802087673044533,-0.0012128602311070047,0.006519282746720145,0.006455119872828266,0.9808087262659688,-8.587035405989757e-07,0.00493904458394451,-0.02185053315016268,-0.02185053315016268,0.12046879190029282,1.0099398423508696,-8.422239258949591e-07,2.687710653399776,0.10117413401207925,0.0036904376666666654,0.001323630945577704,0.000982427317241164,0.000514900660811936,0.0032930326916666636,2.68677642714379,0.10448748460098135,-0.0009342262559859371,0.0033133505889021003,0.0032962888516533885,0.989831020656066,3.124077009968661e-07,0.002128506031670967,-0.007825735979238017,-0.007825735979238017,0.176704034353165,1.0051760443385154,3.0923083353854305e-07]"
/multi_agv/m2b_algorithm_state,1789558505.4469414,1789558505.4469414,m2b_algorithm_state_v1:header6+3x20,"[1.0,-0.15,0.52,2.6898420652266473,0.10125029663246345,1789558505.4467838,2.688415193188385,0.10107519260373175,0.0036904376666666654,0.0015401653628458554,0.0006967499561079116,0.0005696346719186534,0.004584685874999997,2.6897767413784464,0.10066757367702284,0.0013615481900615123,-0.0004076189267089164,-0.0004078848925255886,1.0013069803315489,5.5191909904211775e-09,0.0012940503450513017,-0.0028638593580083945,-0.0028638593580083945,0.14195253316374645,0.9993479390348945,5.52640446449172e-09,2.689395671858119,0.10150157968886069,0.002796189458333334,-0.0009433933627188461,0.0016671146652447177,0.0007538106119026611,-0.0017884964166666626,2.6880938017437033,0.1065103005837367,-0.0013018701144158484,0.005008720894876015,0.004970406027797364,0.9849939741882036,-5.073909319370821e-07,0.003343068384777554,-0.015300774281990542,-0.015300774281990542,0.12046879321015216,1.0077085990288062,-4.997770105157628e-07,2.6887090358626087,0.10117415616208696,0.0036904376666666654,0.0013235133948020475,0.0009824326795079275,0.0005149488252669514,0.0032930326916666636,2.6879302044624533,0.10520788124755394,-0.0007788314001553331,0.004033725085466983,0.004008576185444342,0.9877222998708719,4.6272034286052616e-07,0.0030350369352501756,-0.011438421166639295,-0.011438421166639295,0.17670403876085553,1.0062737737438943,4.5703920124723725e-07]"
/multi_agv/m2b_algorithm_state,1789558505.4573073,1789558505.4573073,m2b_algorithm_state_v1:header6+3x20,"[1.0,-0.15,0.52,2.690849563257661,0.10125024956315563,1789558505.4571242,2.6894172873587454,0.10107516011342862,0.0036904376666666654,0.001540399954001619,0.000696728317394779,0.0005695442417543688,0.004584685874999997,2.690777519404745,0.10066757367702284,0.0013602320459997763,-0.00040758643640578796,-0.0004078523598765359,1.0013068762474104,5.519152408322614e-09,0.0012924376976231845,-0.002857923293398497,-0.002857923293398497,0.14195253759882162,0.9993479908493641,5.526365257510889e-09,2.6903977750348553,0.10150160124338196,0.002796189458333334,-0.0009436492035780437,0.001667129424623326,0.00075391383275554,-0.0017884964166666626,2.6891526647370707,0.1065103005837367,-0.001245110297784624,0.005008699340354736,0.0049703848081418716,0.9849940395314046,-5.07524123283831e-07,0.0034139969359110916,-0.01555709553154071,-0.01555709553154071,0.12046879067528699,1.007708564566289,-4.999082363529752e-07,2.689711133286342,0.10117412854057976,0.0036904376666666654,0.0013236683446668164,0.0009824251246297825,0.0005148855902955534,0.0032930326916666636,2.6889578227722555,0.10502379333592808,-0.0007533105140864471,0.0038496647953483176,0.003826726489426439,0.9882576656267802,4.215655021425503e-07,0.00288508834681838,-0.010807443757305352,-0.010807443757305352,0.17670403015634245,1.0059942371071617,4.166153390561782e-07]"
/multi_agv/m2b_algorithm_state,1789558505.4671042,1789558505.4671042,m2b_algorithm_state_v1:header6+3x20,"[1.0,-0.15,0.52,2.691850479562529,0.10125024619052614,1789558505.4669435,2.690424770249924,0.10107504737438514,0.0036904376666666654,0.001541200813715155,0.0006966505375257444,0.0005692375594130104,0.004584685874999997,2.6917910874476147,0.10066757367702284,0.0013663171976907584,-0.0004074736973622983,-0.00040773947392177954,1.0013065150827318,5.518969889627692e-09,0.0013001570231916686,-0.002884538701140253,-0.002884538701140253,0.14195255170562326,0.9993481706420895,5.526180507029634e-09,2.691405291603251,0.10150167018399975,0.002796189458333334,-0.0009445188400564355,0.0016671850367693253,0.0007542618625323433,-0.0017884964166666626,2.6902250600771476,0.1065103005837367,-0.0011802315261033591,0.005008630399736952,0.004970316938558592,0.9849942485269854,-5.079777260375741e-07,0.003495027530929393,-0.01585047802673364,-0.01585047802673364,0.12046878247562068,1.007708454340433,-5.003551385268272e-07,2.6907186279198085,0.10117403113108202,0.0036904376666666654,0.001324202858892645,0.000982397655284407,0.000514668187643084,0.0032930326916666636,2.6900152512646494,0.10502379333592808,-0.0007033766551591825,0.0038497622048460634,0.003826822724434957,0.9882573658605396,4.21757234189853e-07,0.002947601905485979,-0.011031821240915094,-0.011031821240915094,0.17670400254681323,1.0059943932768647,4.168046932930909e-07]"
/multi_agv/m2b_algorithm_state,1789558505.4771922,1789558505.4771922,m2b_algorithm_state_v1:header6+3x20,"[1.0,-0.15,0.52,2.692845161277583,0.10125028235559301,1789558505.477054,2.691425684756085,0.1010750428041869,0.0036904376666666654,0.001541232511216834,0.0006966401476452327,0.0005692292241232438,0.004584685874999997,2.6927913926383202,0.10066757367702284,0.0013657078822353341,-0.0004074691271640646,-0.0004077348977689333,1.0013065004418893,5.518959692803438e-09,0.0012993999550252344,-0.0028818254388486447,-0.0028818254388486447,0.141952553951211,0.9993481779305061,5.526170216080855e-09,2.6924062105051405,0.10150167006843426,0.002796189458333334,-0.0009445507315376314,0.001667192827835784,0.0007542716337243516,-0.0017884964166666626,2.691283422791633,0.1065103005837367,-0.0011227877135073783,0.00500863051530244,0.004970317052328713,0.9849942481766453,-5.079949014609915e-07,0.00356683241044449,-0.01610975018006993,-0.01610975018006993,0.12046878113557931,1.007708454525205,-5.003720560421384e-07,2.6917195434263603,0.10117402569895727,0.0036904376666666654,0.0013242312457103673,0.0009823923345179562,0.0005146586506615211,0.0032930326916666636,2.691058842977295,0.10502379333592808,-0.000660700449065299,0.0038497676369708134,0.0038268280910623968,0.9882573491438126,4.217674742862637e-07,0.003000952529730773,-0.01122369958968733,-0.01122369958968733,0.17670399799000927,1.0059944019858098,4.1681480609322413e-07]"
/multi_agv/m2b_algorithm_state,1789558505.4871826,1789558505.4871826,m2b_algorithm_state_v1:header6+3x20,"[1.0,-0.15,0.52,2.6938423239387066,0.1012503017231916,1789558505.4870615,2.6924203772747424,0.10107513245582392,0.0036904376666666654,0.0015405976390916688,0.0006966936153177449,0.0005694766036777709,0.004584685874999997,2.6938118302364176,0.10066757367702284,0.0013914529616751992,-0.0004075587788010815,-0.00040782466622720626,1.0013067876450261,5.519112200075818e-09,0.0013314915358667927,-0.002996178317581699,-0.002996178317581699,0.14195254505326374,0.9993480349568248,5.5263245077103906e-09,2.6934008794219673,0.10150161291932569,0.002796189458333334,-0.0009438588328737983,0.0016671544331545718,0.0007539916911980804,-0.0017884964166666626,2.6923630863946224,0.1065103005837367,-0.0010377930273448577,0.00500868766441101,0.00497037331359213,0.9849940749273883,-5.076344795967021e-07,0.0036731320294110578,-0.016492865808412843,-0.016492865808412843,0.12046878631786728,1.0077085458981732,-5.000169546315998e-07,2.6927142271360376,0.10117410169162938,0.0036904376666666654,0.0013238151169651523,0.0009824091864746093,0.0005148302605071558,0.0032930326916666636,2.692123438293346,0.10502379333592808,-0.0005907888426914809,0.0038496916442987,0.0038267530146557814,0.9882575830023154,4.2161817041858316e-07,0.0030882669612914302,-0.011538150617856575,-0.011538150617856575,0.17670401549965387,1.0059942801521466,4.166673540477273e-07]"
/multi_agv/m2b_algorithm_state,1789558505.4969916,1789558505.4969916,m2b_algorithm_state_v1:header6+3x20,"[1.0,-0.15,0.52,2.6948424600734024,0.1012503016371812,1789558505.496906,2.693417545888637,0.10107517878086388,0.0036904376666666654,0.0015402723724114108,0.0006967226392905696,0.0005696024965047532,0.004584685874999997,2.694717120281516,0.10057438480826972,0.0012995743928789771,-0.0005007939725941574,-0.0005011957086486097,1.0016074282687764,8.331884551653916e-09,0.0011232722824501117,-0.0022152382820655216,-0.0022152382820655216,0.14195254060005996,0.9991984447441989,8.345277458414427e-09,2.694398034918722,0.10150158489472659,0.002796189458333334,-0.0009435050408753464,0.001667132940047722,0.000753849514604929,-0.0017884964166666626,2.693406309806951,0.10702211835235921,-0.0009917251117710357,0.00552053345763262,0.005474170238512137,0.9835585968251167,-6.162032928770603e-07,0.004234513848798342,-0.018781638337007335,-0.018781638337007335,0.12046878891396512,1.0084694514602974,-6.060720461011778e-07,2.6937113910087596,0.10117414149398438,0.0036904376666666654,0.0013235997412198884,0.0009824185617727018,0.0005149187408440281,0.0032930326916666636,2.693114960503388,0.10490641623844763,-0.0005964305053716146,0.0037322747444632487,0.003710694771702056,0.9886003414029778,3.9626299404338263e-07,0.002965156639987538,-0.011037327429080805,-0.011037327429080805,0.17670402425833306,1.0058156151580462,3.9174573119665423e-07]"
/multi_agv/m2b_algorithm_state,1789558505.5070393,1789558505.5070393,m2b_algorithm_state_v1:header6+3x20,"[1.0,-0.15,0.52,2.695840909994981,0.10125031227888844,1789558505.5069468,2.694417682028867,0.10107517709053339,0.0036904376666666654,0.001540288329838955,0.0006967216032347954,0.0005695961185392339,0.004584685874999997,2.6945150757836736,0.09961456513359555,9.739375480677381e-05,-0.001460611956937835,-0.0014640541513117435,1.0047392917025653,7.092259299521687e-08,-0.0013423119578032763,0.006934609869360465,0.006934609869360465,0.1419525414672526,0.997648861300093,7.125871585172351e-08,2.6953981710067803,0.10150158739073042,0.002796189458333334,-0.0009435227429711755,0.0016671328001334196,0.0007538572606476807,-0.0017884964166666626,2.6939213689827377,0.10763260064390699,-0.001476802024042545,0.006131013253176568,0.006074096106018183,0.981869753226457,-7.596591089174968e-07,0.004228093575965002,-0.019071831105260475,-0.019071831105260475,0.12046878840996181,1.0093704719459398,-7.458863018090527e-07,2.6947115271845603,0.10117414043027978,0.0036904376666666654,0.0013236090515628906,0.0009824180122426814,0.0005149149910283219,0.0032930326916666636,2.693845408354914,0.10535748556501622,-0.0008661188296463784,0.004183345134736435,0.004156326791626553,0.9872888274528967,4.976613683325668e-07,0.0030736782545685796,-0.011651863306007926,-0.011651863306007926,0.17670402247039793,1.0065005338762858,4.91335508809664e-07]"
/multi_agv/m2b_algorithm_state,1789558505.516999,1789558505.516999,m2b_algorithm_state_v1:header6+3x20,"[1.0,-0.15,0.52,2.696841679935994,0.10125030786805177,1789558505.5168645,2.6954161353476818,0.10107520104475472,0.0036904376666666654,0.0015401228439908062,0.0006967377917745481,0.0005696594293520926,0.004584685874999997,2.6955470616414634,0.10047341877395224,0.00013092629378164133,-0.0006017822708024728,-0.0006023628109041463,1.001933782785515,1.2030731027028408e-08,-0.00043870494367709463,0.00336444926183521,0.00336444926183521,0.14195253932460689,0.9990362285135067,1.2053995847585638e-08,2.696396616743804,0.10150157431216325,0.002796189458333334,-0.000943343511054527,0.0016671202464682011,0.0007537860998244605,-0.0017884964166666626,2.69507261712692,0.10854537814053668,-0.0013239996168841195,0.007043803828373427,0.006969202201256671,0.9793914297909593,-1.001746146469482e-06,0.0053142026801515216,-0.02348760727473585,-0.02348760727473585,0.12046878965354262,1.0107044716112992,-9.811015906783297e-07,2.695709977893458,0.10117416147974732,0.0036904376666666654,0.001323497604187757,0.00098242343696644,0.0005149604774139149,0.0032930326916666636,2.694928685608168,0.10573409039034531,-0.0007812922852901139,0.004559928910597991,0.004527919305917656,0.9862046475721364,5.910676116244344e-07,0.0035513039493050135,-0.013561612101361765,-0.013561612101361765,0.17670402670845942,1.0070693849686103,5.829136256133797e-07]"
/multi_agv/m2b_algorithm_state,1789558505.527001,1789558505.527001,m2b_algorithm_state_v1:header6+3x20,"[1.0,-0.15,0.52,2.6978421524902587,0.101250305517186,1789558505.5268488,2.696416904009148,0.10107518831135544,0.0036904376666666654,0.001540217669613853,0.0006967303353711428,0.0005696222048377636,0.004584685874999997,2.6978818661825006,0.10233202108167698,0.0014649621733524576,0.001256832770321542,0.0012543358329592416,0.9960455250057539,5.241092807967786e-08,0.0030855385496498136,-0.010029738001870347,-0.010029738001870347,0.14195254133521912,1.001990645006457,5.220367037516154e-08,2.697397388140065,0.10150158416358783,0.002796189458333334,-0.0009434474586220965,0.0016671246122132999,0.0007538288866081877,-0.0017884964166666626,2.6964559989953134,0.1064982334557188,-0.0009413891447516143,0.004996649292130964,0.004958515368562704,0.9850280453709145,-5.049819452984844e-07,0.003781778937623186,-0.016878605204128524,-0.016878605204128524,0.12046878846983161,1.0076905929968536,-4.974213785249682e-07,2.6967107476587686,0.10117415112921203,0.0036904376666666654,0.0013235583643444013,0.0009824209115431694,0.0005149354538972993,0.0032930326916666636,2.696803440823195,0.10690980718781529,9.269316442628295e-05,0.005735656058603253,0.005685464519651302,0.9828822627094518,9.343228901412392e-07,0.005801330975184156,-0.0222984571396236,-0.0222984571396236,0.17670402275398486,1.008828045409213,9.183293963632557e-07]"
/multi_agv/m2b_algorithm_state,1789558505.5368726,1789558505.5368726,m2b_algorithm_state_v1:header6+3x20,"[1.0,-0.15,0.52,2.6988367564373843,0.1012503403852464,1789558505.5367887,2.6974173758568614,0.10107518099897653,0.0036904376666666654,0.001540273670692172,0.0006967257861900215,0.000569600296960798,0.004584685874999997,2.6989355578645413,0.10157403267797811,0.0015181820076799468,0.0004988516790015857,0.000498456051754961,0.9984168393448358,8.261574331933986e-09,0.0023961835613548945,-0.00720603778334962,-0.00720603778334962,0.14195254281459102,1.0007937053732858,8.248494932501954e-09,2.6983978614936275,0.10150159029054151,0.002796189458333334,-0.0009435090108030003,0.001667127010105407,0.000753854320066541,-0.0017884964166666626,2.69751705974542,0.1064982334557188,-0.0008808017482073716,0.004996643165177284,0.004958509336571799,0.9850280639470014,-5.05013641134689e-07,0.0038575071513125845,-0.01715205791108648,-0.01715205791108648,0.12046878761664093,1.0076905832009282,-4.974526091937284e-07,2.697711220120288,0.10117414526203995,0.0036904376666666654,0.0013235941590897227,0.0009824192505330396,0.0005149208022751481,0.0032930326916666636,2.6977812794221827,0.10596610338671245,7.005930189452059e-05,0.0047919581246724935,0.0047566705800116725,0.9855414875649336,6.526776446855435e-07,0.004844244707379823,-0.018343607197859813,-0.018343607197859813,0.17670401986682507,1.0074185386747414,6.432408968437677e-07]"
/multi_agv/m2b_algorithm_state,1789558505.547013,1789558505.547013,m2b_algorithm_state_v1:header6+3x20,"[1.0,-0.15,0.52,2.699842268330906,0.10125030481773113,1789558505.5468838,2.6984119908810795,0.10107526263625259,0.0036904376666666654,0.0015397003228234786,0.000696781025880177,0.0005698200866287137,0.004584685874999997,2.6998434589901827,0.0999089115051967,0.0014314681091032178,-0.0011663511310558844,-0.0011685412151436606,1.0037719535972942,4.519817362738145e-08,0.0006207939212353616,-0.00013206882625597005,-0.00013206882625597005,0.14195253377349748,0.9981257964551067,4.5368659040986384e-08,2.6993924518655947,0.10150154239644632,0.002796189458333334,-0.0009428873452544222,0.0016670862846299705,0.0007536060335997796,-0.0017884964166666626,2.6984071536784917,0.10545070052021752,-0.000985298187103023,0.003949158123771196,0.003925145446073908,0.9880224406153084,-3.155205613747278e-07,0.0026935227121951295,-0.01243250236381795,-0.01243250236381795,0.12046879287656523,1.0061176529703646,-3.1174139511377075e-07,2.69870582656548,0.10117421612304027,0.0036904376666666654,0.0013232109527345202,0.000982438304911115,0.0005150769960002638,0.0032930326916666636,2.698816558601033,0.10604614469528002,0.00011073203555289624,0.004871928572239753,0.004835475701662471,0.9853137961479702,6.744052656763793e-07,0.004973890746103591,-0.01885344916225453,-0.01885344916225453,0.1767040375988944,1.007538631734774,6.645008124657737e-07]"
/multi_agv/m2b_algorithm_state,1789558505.5568905,1789558505.5568905,m2b_algorithm_state_v1:header6+3x20,"[1.0,-0.15,0.52,2.7008367429957154,0.10125034058433009,1789558505.5567381,2.6994174918533043,0.10107517357914333,0.0036904376666666654,0.001540337113113421,0.0006967248934041763,0.0005695732617339186,0.004584685874999997,2.70083309995476,0.09820350190911767,0.0014156081014555788,-0.002871671670025666,-0.002885119322109393,1.0094667986314,2.744122857578954e-07,-0.0011156091952899197,0.006739347099310006,0.006739347099310006,0.14195254429677276,0.9953389615532798,2.770100916091476e-07,2.700397976805765,0.10150160030313671,0.002796189458333334,-0.0009435812457608871,0.0016671254245768097,0.0007538864562166986,-0.0017884964166666626,2.6996821696859103,0.107408038961738,-0.0007158071198545279,0.0059064386586012985,0.005853523746131843,0.9824880930231255,-7.05199992830906e-07,0.004958764846313683,-0.02160203099507523,-0.02160203099507523,0.12046878674571686,1.0090398390378825,-6.928505961563586e-07,2.6997113363336487,0.10117414057091338,0.0036904376666666654,0.0013236297152523211,0.0009824195539744228,0.0005149052322864062,0.0032930326916666636,2.6998894784507232,0.10608431790380522,0.0001781421170745645,0.004910177332891841,0.004873160614519943,0.9852050269927054,6.852322454368765e-07,0.005095838260863149,-0.019313137974977794,-0.019313137974977794,0.17670401694676535,1.0075960390596614,6.7509425286191e-07]"
/multi_agv/m2b_algorithm_state,1789558505.5669131,1789558505.5669131,m2b_algorithm_state_v1:header6+3x20,"[1.0,-0.15,0.52,2.701842441726718,0.10125030387058026,1789558505.566799,2.70041197779188,0.10107525776024161,0.0036904376666666654,0.0015397454728409998,0.0006967812002209852,0.0005698004253322977,0.004584685874999997,2.701788900870338,0.09892478588546408,0.0013769230784581588,-0.002150471874777529,-0.002157972345555694,1.0070320903659327,1.5375507222858236e-07,-0.0004368184974829956,0.004039217531816859,0.004039217531816859,0.14195253502544777,0.9965242970821141,1.5483629179071425e-07,2.7013924376883254,0.1015015505457262,0.002796189458333334,-0.000942939719977103,0.0016670840778294505,0.0007536298841882838,-0.0017884964166666626,2.7007622127549706,0.10648872877018124,-0.0006302249333547394,0.004987178224455047,0.004949185957012256,0.9850547759516363,-5.02802526574667e-07,0.004161404790318832,-0.018243782522943154,-0.018243782522943154,0.12046879216068751,1.0076764679631731,-4.952880301629252e-07,2.7007058135069415,0.1011742134470225,0.0036904376666666654,0.0013232351772141555,0.0009824388901209296,0.0005150661912856425,0.0032930326916666636,2.701047881709516,0.10600233363831355,0.0003420682025745414,0.004828120191291044,0.004792307967573536,0.9854384801147974,6.623665664235591e-07,0.005219893220791713,-0.019718295232795124,-0.019718295232795124,0.17670403515851052,1.007472855242156,6.52721502495289e-07]"
/multi_agv/m2b_algorithm_state,1789558505.5771358,1789558505.5771358,m2b_algorithm_state_v1:header6+3x20,"[1.0,-0.15,0.52,2.7028506863940627,0.1012502519611917,1789558505.5770528,2.7014176651655832,0.10107516627977785,0.0036904376666666654,0.001540399178718674,0.0006967229240312448,0.0005695473832801941,0.004584685874999997,2.7029800658909657,0.10007615768610535,0.0015624007253824956,-0.0009990085936724957,-0.0010006132915800698,1.0032246799863411,3.317022143438219e-08,0.0009523876151480498,-0.0013804156856938947,-0.0013804156856938947,0.14195254589884063,0.9983962856369416,3.327718478358415e-08,2.7023981500239067,0.10150160967263708,0.002796189458333334,-0.0009436520072226041,0.001667124891566285,0.0007539174061704373,-0.0017884964166666626,2.7018236537479434,0.10648872877018124,-0.0005744962759632877,0.004987119097544165,0.004949127744817606,0.9850549552318388,-5.031702961668506e-07,0.004231007399863497,-0.018495735934539886,-0.018495735934539886,0.12046878584505265,1.0076763734309224,-4.956503935646282e-07,2.701711509990664,0.10117413565932587,0.0036904376666666654,0.0013236658882611091,0.0009824193306966489,0.0005148896688890224,0.0032930326916666636,2.7020884474067866,0.10584401600998515,0.00037693741612265796,0.004669880350659281,0.004636336606172909,0.9858899324809547,6.199403864756066e-07,0.005107508376326232,-0.01922961652662123,-0.01922961652662123,0.17670401384581136,1.0072349674615322,6.111929857646528e-07]"
/multi_agv/m2b_algorithm_state,1789558505.5872881,1789558505.5872881,m2b_algorithm_state_v1:header6+3x20,"[1.0,-0.15,0.52,2.70384184952011,0.10125031021112522,1789558505.5871942,2.7024258931510814,0.10107504205658673,0.0036904376666666654,0.0015412810333267127,0.0006966374534685292,0.0005692095933174573,0.004584685874999997,2.7040130626936207,0.0998030468134622,0.0015871695425393462,-0.0012719952431245185,-0.001274602118212678,1.0041185214926402,5.3815886508958666e-08,0.0007093598099615047,-0.000395465286473038,-0.000395465286473038,0.14195256130619205,0.9979547538397198,5.40375283941913e-08,2.703406415107549,0.10150168551767345,0.002796189458333334,-0.0009446096911983246,0.0016671861404584654,0.0007543006694452903,-0.0017884964166666626,2.702637415390967,0.10400928291743006,-0.0007689997165818419,0.002507597399756603,0.002497808827804202,0.9922673824941083,-1.275864357977062e-07,0.0015365591820768998,-0.007583842921312088,-0.007583842921312088,0.12046877685292509,1.0039188635428942,-1.2659985869074253e-07,2.702719750923558,0.10117402830931489,0.0036904376666666654,0.0013242544619466632,0.000982389244246696,0.0005146501948786486,0.0032930326916666636,2.703195502729028,0.10625230559703251,0.00047575180547010376,0.00507827728771762,0.005038733373737417,0.9847282268855941,7.332008999677455e-07,0.005633423130575047,-0.021341865095114865,-0.021341865095114865,0.17670398355560263,1.0078479869933803,7.220036221761599e-07]"
/multi_agv/m2b_algorithm_state,1789558505.597168,1789558505.597168,m2b_algorithm_state_v1:header6+3x20,"[1.0,-0.15,0.52,2.7048397564866717,0.1012503242093079,1789558505.5970445,2.7034170740162953,0.10107518466364775,0.0036904376666666654,0.0015402712951543764,0.000696726290964466,0.0005696010641756149,0.004584685874999997,2.7044060326913284,0.0983042303578884,0.0009889586750331247,-0.0027709543057593405,-0.002783465731192516,1.009124456159569,2.55473442813738e-07,-0.00154726738740111,0.00821329062023463,0.00821329062023463,0.14195254609246097,0.9955050909041315,2.5780449904262604e-07,2.7043975569813505,0.1015015960912788,0.002796189458333334,-0.0009435111189142311,0.0016671223837212423,0.0007538576404607783,-0.0017884964166666626,2.70367183576187,0.10400928291743006,-0.0007257212194806684,0.0025076868261512536,0.0024978975507006845,0.9922671051531085,-1.2744718693930205e-07,0.001590746026349849,-0.007776820701590131,-0.007776820701590131,0.12046878570902082,1.0039190059847825,-1.264616512441683e-07,2.7037109175626846,0.10117414987844908,0.0036904376666666654,0.0013235892520755427,0.0009824183841337323,0.0005149233800032476,0.0032930326916666636,2.7038057317943776,0.10656337901212236,9.481423169299674e-05,0.005389229133673276,0.005344800007252077,0.983851398162126,8.251184541237254e-07,0.005463317796868323,-0.020892239862665245,-0.020892239862665245,0.1767040134513748,1.0083125891260507,8.117939447389992e-07]"
/multi_agv/m2b_algorithm_state,1789558505.607358,1789558505.607358,m2b_algorithm_state_v1:header6+3x20,"[1.0,-0.15,0.52,2.7058499144771666,0.10125025927957632,1789558505.6072423,2.7044149854058315,0.10107521664509234,0.0036904376666666654,0.0015400490240087637,0.0006967478686347836,0.0005696861859089239,0.004584685874999997,2.705290862859677,0.09728037857311764,0.0008758774538453196,-0.003794838071974699,-0.0038184849649121845,1.012640117147587,4.793968878463684e-07,-0.002723638147605535,0.012760830697940559,0.012760830697940559,0.1419525429993188,0.9938072578117302,4.854565206689351e-07,2.705395458505915,0.10150157817042274,0.002796189458333334,-0.0009432706167534829,0.0016671060577300167,0.0007537618833445558,-0.0017884964166666626,2.704524067898106,0.10496890079800335,-0.0008713906078088307,0.0034673226275806074,0.003448743863495483,0.9894252231321469,-2.434138401275753e-07,0.0023595056037344444,-0.010996044426393008,-0.010996044426393008,0.1204687875461381,1.0053871104438281,-2.4083979308167893e-07,2.704708825548268,0.10117417781240859,0.0036904376666666654,0.0013234402036712265,0.0009824257526201757,0.0005149841539044296,0.0032930326916666636,2.704685943525479,0.1046911869965529,-2.288202278899476e-05,0.0035170091841443124,0.0034978153306958523,0.9892312125900893,3.518869920629087e-07,0.003469212802209609,-0.012741964346396689,-0.012741964346396689,0.17670401957636142,1.0054873833046645,3.480975958530703e-07]"
/multi_agv/m2b_algorithm_state,1789558505.6174622,1789558505.6174622,m2b_algorithm_state_v1:header6+3x20,"[1.0,-0.15,0.52,2.706842899818813,0.10125030593140381,1789558505.6173549,2.705425122874902,0.10107505953131601,0.0036904376666666654,0.0015411651657237617,0.000696642993603191,0.0005692569354303843,0.004584685874999997,2.7064331055808415,0.0995146009468213,0.0010079827059392699,-0.0015604585844947172,-0.0015643904397520437,1.0050689750078072,8.100205285552287e-08,-0.0003044120573279564,0.00331435260242327,0.00331435260242327,0.1419525618291323,0.9974866534866133,8.14126502370286e-08,2.706405641438404,0.10150167553162057,0.002796189458333334,-0.0009444836194869655,0.0016671808837118718,0.0007542487561327665,-0.0017884964166666626,2.7055686083914394,0.10496890079800335,-0.0008370330469644749,0.0034672252663827813,0.003448647556713997,0.9894255224524214,-2.4371308212274684e-07,0.0024023562480084033,-0.01115114171901821,-0.01115114171901821,0.12046877655172274,1.0053869551362582,-2.411359436077887e-07,2.7057189791181937,0.10117404277579235,0.0036904376666666654,0.0013241816120178533,0.0009823894911921826,0.0005146816440178832,0.0032930326916666636,2.7056806682203827,0.10418869804699137,-3.8310897811033584e-05,0.0030146552711990127,0.0030004989334418294,0.9907159528541639,2.5878689253835556e-07,0.0029526103111780374,-0.010636625263538323,-0.010636625263538323,0.17670398258723247,1.0047179945973002,2.5638430282730503e-07]"
/multi_agv/m2b_algorithm_state,1789558505.6273108,1789558505.6273108,m2b_algorithm_state_v1:header6+3x20,"[1.0,-0.15,0.52,2.7078442467379755,0.10125029824944065,1789558505.627221,2.7064181223791315,0.10107517389335184,0.0036904376666666654,0.0015403556613746154,0.0006967137079731064,0.0005695710399612918,0.004584685874999997,2.7076987768545724,0.10095757446567943,0.001280654475440901,-0.00011759942767240739,-0.00011762151670669428,1.0003758324905387,4.5934909754307877e-10,0.0014831965775944321,-0.0036698918932768676,-0.0036698918932768676,0.1419525498850075,0.9998122024362093,4.595217358584351e-10,2.707398609842924,0.10150160370368094,0.002796189458333334,-0.00094360265031249,0.0016671300723332116,0.0007538933168313999,-0.0017884964166666626,2.7064483843115466,0.10368264303901004,-0.0009502255313775798,0.0021810393353290936,0.002173615805729354,0.99324914086539,-9.644031616780876e-08,0.0009858338915073794,-0.005457853475587861,-0.005457853475587861,0.12046878351097173,1.0034152905863916,-9.578926117846262e-08,2.7067119672343836,0.10117414019717864,0.0036904376666666654,0.00132364869598388,0.0009824125179537686,0.0005149006647252592,0.0032930326916666636,2.707054893267745,0.10514426910691582,0.0003429260333613904,0.003970128909737178,0.003945754947039769,0.9879070123862039,4.48312878996308e-07,0.004374412488741507,-0.01622636616638458,-0.01622636616638458,0.17670400601871725,1.0061772621525051,4.428914369035004e-07]"
/multi_agv/m2b_algorithm_state,1789558505.6372044,1789558505.6372044,m2b_algorithm_state_v1:header6+3x20,"[1.0,-0.15,0.52,2.708842112948687,0.1012503129347489,1789558505.6371238,2.7074194667936338,0.10107515465032488,0.0036904376666666654,0.0015404951121567798,0.000696700098452307,0.0005695176728191975,0.004584685874999997,2.70874795912663,0.10085312653927446,0.0013284923329961451,-0.00022202811105041798,-0.00022210691079692604,1.0007104127172322,1.6376439920637984e-09,0.0014385085054482553,-0.003462336709030689,-0.003462336709030689,0.14195255295509368,0.999645217043336,1.6388073951820593e-09,2.7083999598216186,0.10150161634846408,0.002796189458333334,-0.0009437543455115801,0.001667139250929317,0.0007539542970703139,-0.0017884964166666626,2.707481522750324,0.10368264303901004,-0.0009184370712946865,0.0021810266905459563,0.002173603247592739,0.9932491801981163,-9.64546970070526e-08,0.0010255569084743807,-0.005600083661309621,-0.005600083661309621,0.1204687817425929,1.0034152704553783,-9.58035487285127e-08,2.707713313598674,0.10117412374953297,0.0036904376666666654,0.0013237413210211457,0.0009824075151693154,0.0005148631176317866,0.0032930326916666636,2.7081771778698713,0.10593395078323112,0.00046386427119715634,0.00475982703369815,0.0047250025748808485,0.9856330959847601,6.440424400959032e-07,0.005304832913877294,-0.01998844091807794,-0.01998844091807794,0.1767040000105676,1.007370251817943,6.347895441773045e-07]"
/multi_agv/m2b_algorithm_state,1789558505.6472962,1789558505.6472962,m2b_algorithm_state_v1:header6+3x20,"[1.0,-0.15,0.52,2.7098486023533,0.10125027211464883,1789558505.6470735,2.708417337512668,0.10107518939545962,0.0036904376666666654,0.0015402520219172577,0.000696722028735585,0.0005696116353459899,0.004584685874999997,2.7096938090313705,0.09962955823577208,0.0012764715187025821,-0.0014456311596875437,-0.0014490027251863157,1.0046898903565598,6.947287118643547e-08,0.00014658667319191192,0.0016699979255893347,0.0016699979255893347,0.14195254973657878,0.9976731820857422,6.979869133505526e-08,2.709397820584281,0.10150159572455644,0.002796189458333334,-0.0009434903582772611,0.0016671229067828364,0.0007538483694226467,-0.0017884964166666626,2.7086267100750834,0.10453312613870368,-0.0007711105091976478,0.003031530414147235,0.003017281064743912,0.9907078268246001,-1.8617712182123608e-07,0.0020533929282468525,-0.009686034576574128,-0.009686034576574128,0.12046878359110952,1.0047225794009786,-1.8444713176397563e-07,2.7087111807491113,0.10117415368423062,0.0036904376666666654,0.0013235801021411306,0.0009824146558505388,0.0005149292854408761,0.0032930326916666636,2.7091196254587824,0.10497778558229784,0.00040844470967105195,0.0038036318980672196,0.0037812310438958855,0.9883919306654779,4.1153117167622223e-07,0.0042917869309847005,-0.01584392662009833,-0.01584392662009833,0.1767040062829185,1.0059242225379208,4.0675408930208755e-07]"
/multi_agv/m2b_algorithm_state,1789558505.6570542,1789558505.6570542,m2b_algorithm_state_v1:header6+3x20,"[1.0,-0.15,0.52,2.710842327895243,0.10125031375378919,1789558505.6569307,2.7094238139540634,0.1010750907024946,0.0036904376666666654,0.0015409538306602314,0.0006966554072608481,0.0005693420834697119,0.004584685874999997,2.7106805387275745,0.09917514364673609,0.0012567247735111309,-0.001899947055758508,-0.0019057907311068054,1.0061953996926507,1.2009189014514435e-07,-0.0003348847642178918,0.0035712501073044394,0.0035712501073044394,0.14195256201765086,0.9969337266401207,1.2083590740443943e-07,2.710404325781413,0.10150165685176803,0.002796189458333334,-0.0009442527861980763,0.0016671702843384928,0.0007541542113575495,-0.0017884964166666626,2.709666179014224,0.10453312613870368,-0.0007381467671891961,0.0030314692869356508,0.003017220517480987,0.9907080154972047,-1.863200129827225e-07,0.002094537058494492,-0.009834355764117259,-0.009834355764117259,0.12046877644504286,1.004722481957189,-1.8458873030952642e-07,2.709717667324424,0.10117406878968391,0.0036904376666666654,0.0013240467391909686,0.000982391385118464,0.0005147391209618657,0.0032930326916666636,2.7101540053929742,0.10489542828036437,0.0004363380685501461,0.003721359490680462,0.003699903752540036,0.9886322412702631,3.940851041736385e-07,0.004245326338227719,-0.015634336865359377,-0.015634336865359377,0.17670398221616296,1.005798998994419,3.896052397904093e-07]"
/multi_agv/m2b_algorithm_state,1789558505.667153,1789558505.667153,m2b_algorithm_state_v1:header6+3x20,"[1.0,-0.15,0.52,2.7118506269580127,0.10125026124896686,1789558505.666999,2.7104175522553575,0.10107519199040871,0.0036904376666666654,0.001540237743742305,0.0006967190477893401,0.0005696193748791682,0.004584685874999997,2.7117203897047815,0.10038093396663912,0.0013028374494239436,-0.0006942580237695867,-0.0006950312352963121,1.0022332802331744,1.6014567891471696e-08,0.0009335155764836175,-0.0014538250937176735,-0.0014538250937176735,0.1419525514077604,0.9988875154274243,1.6050332909386548e-08,2.711398035998748,0.10150159390749057,0.002796189458333334,-0.0009434737983445313,0.0016671243105141897,0.0007538404611041327,-0.0017884964166666626,2.710611346675761,0.10468489876397863,-0.0007866893229868666,0.003183304856488059,0.0031676111597901137,0.9902596324612096,-2.052584906279344e-07,0.0021842495060565305,-0.010228944733670968,-0.010228944733670968,0.12046878262104775,1.0049544265082666,-2.0325919748876097e-07,2.710711395431624,0.1011741553634683,0.0036904376666666654,0.0013235740298023976,0.0009824123043884695,0.0005149331406797924,0.0032930326916666636,2.7112930456898265,0.10558491036567888,0.0005816502582023375,0.004410755002210581,0.004380771374823647,0.9866329498781204,5.531248697514188e-07,0.005107834197576569,-0.019095534027096593,-0.019095534027096593,0.17670400301060557,1.0068443716463384,5.457312218937935e-07]"
/multi_agv/m2b_algorithm_state,1789558505.6770241,1789558505.6770241,m2b_algorithm_state_v1:header6+3x20,"[1.0,-0.15,0.52,2.7128413198552876,0.10125032221831239,1789558505.6769042,2.7114258346753837,0.10107506536383376,0.0036904376666666654,0.001541137097871021,0.0006966337408739415,0.0005692739144853021,0.004584685874999997,2.7129310987246305,0.10228992836638193,0.0015052640492467795,0.0012148630025481666,0.0012125292973459599,0.9961757448410634,4.8999782780420356e-08,0.0030941093589044342,-0.010038736766030433,-0.010038736766030433,0.14195256691268765,1.0019246588163395,4.8812395108335564e-08,2.71240635534056,0.10150167198897878,0.002796189458333334,-0.0009444505875781982,0.0016671851476419697,0.0007542322200357332,-0.0017884964166666626,2.7116548033492567,0.10468489876397863,-0.0007515519913035007,0.0031832267749998533,0.0031675338556561364,0.9902598731310872,-2.0546085668612112e-07,0.0022280938665267605,-0.010387237263005816,-0.010387237263005816,0.12046877356337962,1.0049543020087046,-2.034596418754028e-07,2.7117196908580947,0.10117404639408806,0.0036904376666666654,0.0013241720681256646,0.0009823825614081027,0.0005146893854699533,0.0032930326916666636,2.7123071400062635,0.10516139745866823,0.0005874491481687727,0.003987351064580175,0.00396276837191164,0.987856947231151,4.523837351298636e-07,0.004697079807122606,-0.017395844611395192,-0.017395844611395192,0.17670397252833187,1.0062034139675633,4.468904155624127e-07]"
/multi_agv/m2b_algorithm_state,1789558505.6870675,1789558505.6870675,m2b_algorithm_state_v1:header6+3x20,"[1.0,-0.15,0.52,2.713840330630918,0.10125032892455199,1789558505.686976,2.712416546375149,0.1010752135845542,0.0036904376666666654,0.0015400880970141,0.0006967279533972351,0.0005696796082806679,0.004584685874999997,2.7140653705508413,0.10299280957597579,0.0016488241756924538,0.0019175959914215918,0.0019118124667582516,0.9940117885758961,1.2193648836408905e-07,0.003972842686373819,-0.013526378795881285,-0.013526378795881285,0.14195255087655317,1.003025152709223,1.212063068914521e-07,2.7133970256064237,0.10150157986082332,0.002796189458333334,-0.000943309530455988,0.0016671172534090672,0.0007537729275327726,-0.0017884964166666626,2.7128902226828844,0.10478813427640075,-0.000506802923539329,0.0032865544155774307,0.003269839327601334,0.9899556482067209,-2.1873409801075898e-07,0.002636335673177173,-0.011901887275299042,-0.011901887275299042,0.12046878295037414,1.0051118988737462,-2.165370557811533e-07,2.7127103875842895,0.10117417320955968,0.0036904376666666654,0.0013234787782957017,0.0009824138299097786,0.0005149736349545366,0.0032930326916666636,2.713423081618915,0.10579127896342436,0.0007126940346253718,0.004617105753864675,0.0045843026970996785,0.9860408910178172,6.059472018462396e-07,0.005475170240381393,-0.020528040532329248,-0.020528040532329248,0.17670400409010262,1.0071555171925601,5.974887188182193e-07]"
/multi_agv/m2b_algorithm_state,1789558505.6970322,1789558505.6970322,m2b_algorithm_state_v1:header6+3x20,"[1.0,-0.15,0.52,2.7148431273346585,0.10125031133489713,1789558505.6969283,2.7134155594705835,0.10107522714524364,0.0036904376666666654,0.0015399967690547405,0.0006967388741848876,0.0005697135147476909,0.004584685874999997,2.714780365212485,0.10135177065790295,0.0013648057419013426,0.000276543512659308,0.0002764217259789612,0.9991201426841742,2.5388519774464905e-09,0.0019824289033556395,-0.005629079458729119,-0.005629079458729119,0.1419525497399463,1.0004405828807974,2.536618149960335e-09,2.7143960334127404,0.10150157394602331,0.002796189458333334,-0.00094321149090536,0.0016671083454666835,0.0007537350644140073,-0.0017884964166666626,2.713938782606847,0.10503261000018634,-0.0004572508058933167,0.0035310360541630226,0.0035117775937055975,0.989238810008747,-2.524135000468261e-07,0.0029402140863389516,-0.01311355462082667,-0.01311355462082667,0.12046878361145541,1.0054839635892499,-2.4969723041646506e-07,2.7137093990094305,0.10117418568238898,0.0036904376666666654,0.001323414875123541,0.0009824178188408313,0.0005149992596347685,0.0032930326916666636,2.7144744642260377,0.10564049542504636,0.0007650652166071303,0.004466309742657382,0.0044355790884480885,0.986473269669169,5.670530077315649e-07,0.0053919106092070014,-0.02014859773986136,-0.02014859773986136,0.1767040063436238,1.0069282169467628,5.593826346126934e-07]"
/multi_agv/m2b_algorithm_state,1789558505.7072318,1789558505.7072318,m2b_algorithm_state_v1:header6+3x20,"[1.0,-0.15,0.52,2.715840481340337,0.10125032893675123,1789558505.707172,2.714418350814485,0.10107518240337145,0.0036904376666666654,0.0015403182494500563,0.00069671090744503,0.0005695887132246665,0.004584685874999997,2.7156936401226974,0.10041451934917227,0.0012752893082126349,-0.0006606630541991787,-0.0006613630678852998,1.002124405867135,1.4502607578115631e-08,0.0009327485673804938,-0.0014664778611320909,-0.0014664778611320909,0.1419525553761722,0.9989415591524345,1.4533417002743337e-08,2.7153988364917776,0.10150160367579703,0.002796189458333334,-0.0009435619384919386,0.0016671274713573325,0.0007538770226996616,-0.0017884964166666626,2.7150183862108053,0.10520134026842719,-0.00038045028097233313,0.0036997365926301623,0.003678621175268433,0.9887465900637012,-2.7717539239047733e-07,0.0032030583240530166,-0.01414226535515899,-0.01414226535515899,0.12046878030287428,1.0057400358329065,-2.740562240756528e-07,2.714712194697713,0.10117414792552294,0.0036904376666666654,0.0013236255542955076,0.0009824084359747907,0.0005149128190370215,0.0032930326916666636,2.715444065462829,0.10505580887882936,0.0007318707651160494,0.003881660953306415,0.003858345452238668,0.9881644342395184,4.285776679382799e-07,0.004773183908633729,-0.01761557946677305,-0.01761557946677305,0.17670399522581118,1.00604287546472,4.2350520876592255e-07]"
/multi_agv/m2b_algorithm_state,1789558505.7172291,1789558505.7172291,m2b_algorithm_state_v1:header6+3x20,"[1.0,-0.15,0.52,2.7168410829208143,0.10125032539667113,1789558505.717113,2.715415710400133,0.10107522316754113,0.0036904376666666654,0.0015400333787790438,0.0006967383700744454,0.0005696979081986849,0.004584685874999997,2.7170618866773,0.10150138971610367,0.0016461762771671218,0.0004261665485625482,0.00042587765329405,0.9986463981483308,6.0288337491505175e-09,0.002483597999752952,-0.007482080642500839,-0.007482080642500839,0.14195255125854775,1.0006783527293899,6.020673108624262e-09,2.7163961836521535,0.10150158023373212,0.002796189458333334,-0.0009432532313598503,0.0016671069354483592,0.0007537538909427044,-0.0017884964166666626,2.7160650378167803,0.10520134026842719,-0.0003311458353731922,0.0036997600346950626,0.0036786443467205663,0.9887465181474431,-2.7708824416017714e-07,0.003264712052504076,-0.014363616628299037,-0.014363616628299037,0.12046878269496748,1.005740073240111,-2.739700366329637e-07,2.7157095499687256,0.10117418340898042,0.0036904376666666654,0.0013234348868007206,0.0009824178210610327,0.0005149905842369998,0.0032930326916666636,2.7164400189742373,0.1045022512223792,0.000730469005511658,0.003328067813398783,0.0033108561089500704,0.9897875857281295,3.151388485207669e-07,0.004223942365839643,-0.015357421519504606,-0.015357421519504606,0.17670400326558774,1.005198566135866,3.1192052004651263e-07]"
/multi_agv/m2b_algorithm_state,1789558505.7271643,1789558505.7271643,m2b_algorithm_state_v1:header6+3x20,"[1.0,-0.15,0.52,2.7178424102730827,0.10125031737513755,1789558505.7270527,2.716416311032935,0.10107521212619039,0.0036904376666666654,0.0015401163501487648,0.0006967328384778421,0.0005696648208278335,0.004584685874999997,2.718203024278357,0.10316352938097513,0.0017867132454219004,0.002088317254784741,0.0020814669619433975,0.993491364667823,1.4459900742555076e-07,0.0043148585187207725,-0.014835460941197472,-0.014835460941197472,0.14195255297506265,1.0032910889130557,1.4365786521682309e-07,2.717396786234845,0.10150158940723421,0.002796189458333334,-0.0009433448296176906,0.0016671099420912938,0.0007537920316892238,-0.0017884964166666626,2.71713683079054,0.10528113905978045,-0.00025995544430523765,0.0037795496525462463,0.0037575267930641493,0.9885144006291722,-2.891787999002994e-07,0.003432582487682602,-0.01500715006881153,-0.01500715006881153,0.12046878170148166,1.0058609986554847,-2.8585740805810774e-07,2.716710151494664,0.1011741746565888,0.0036904376666666654,0.001323487092801474,0.000982416195676494,0.0005149688004560445,0.0032930326916666636,2.7177739533510032,0.1051399271321968,0.0010638018563393636,0.003965752475608,0.0039414314207419305,0.9879197397919114,4.472718803889957e-07,0.005271183741166135,-0.019451230824593414,-0.019451230824593414,0.17670399992672345,1.0061706147513005,4.4186871969013554e-07]"
/multi_agv/m2b_algorithm_state,1789558505.737128,1789558505.737128,m2b_algorithm_state_v1:header6+3x20,"[1.0,-0.15,0.52,2.718838856768601,0.10125034059025784,1789558505.7370138,2.7174176359341513,0.10107519087496776,0.0036904376666666654,0.001540271105951293,0.0006967196910791168,0.0005696045792307783,0.004584685874999997,2.719224905431778,0.10210585896535708,0.0018072694976267734,0.0010306680903893195,0.0010289860600560176,0.9967487686654525,3.525257850858365e-08,0.003288072932089484,-0.010640124740562008,-0.010640124740562008,0.141952556003978,1.0016346483189582,3.5137964220712945e-08,2.718398116466513,0.10150160435161514,0.002796189458333334,-0.0009435141419103224,0.0016671185802903388,0.0007538609294327481,-0.0017884964166666626,2.7181869777260705,0.10528113905978045,-0.0002111387404424292,0.003779534708165319,0.0037575120248565606,0.9885144464426951,-2.8922839840386257e-07,0.003493588599303524,-0.015226689221819568,-0.015226689221819568,0.12046877994652373,1.005860974805423,-2.859064501437015e-07,2.7177114784185843,0.10117415689882976,0.0036904376666666654,0.0013235880032194313,0.0009824117916408023,0.0005149273505435695,0.0032930326916666636,2.718851965681866,0.10546733217134431,0.001140487263281642,0.004293175272514549,0.004264743438801539,0.9869716207065606,5.240821458366316e-07,0.005690352517903592,-0.021132525092807733,-0.021132525092807733,0.17670399401906328,1.0066667160923048,5.172542048597524e-07]"
/multi_agv/m2b_algorithm_state,1789558505.7471707,1789558505.7471707,m2b_algorithm_state_v1:header6+3x20,"[1.0,-0.15,0.52,2.7198422076816797,0.10125031920597867,1789558505.7470675,2.7184140897863873,0.10107524484149488,0.0036904376666666654,0.0015398931197619062,0.0006967562776361894,0.0005697493901200832,0.004584685874999997,2.7201075423087935,0.1000863917604178,0.001693452522406158,-0.0009888530810770874,-0.0009904251973609209,1.0031915299176,3.248834509388122e-08,0.0011263904556467767,-0.002001110136771932,-0.002001110136771932,0.14195255026780018,0.9984126854930363,3.259203261922166e-08,2.71939455392776,0.1015015731132134,0.002796189458333334,-0.000943104746941357,0.001667091477477456,0.0007536975688666736,-0.0017884964166666626,2.7191886747697755,0.10489091885540767,-0.00020587915798442324,0.00338934574219428,0.00337158265783848,0.9896537502082481,-2.3256166401362848e-07,0.003114233710357951,-0.013668394674619316,-0.013668394674619316,0.12046878330568832,1.00526847067341,-2.30155522945758e-07,2.718707926591655,0.10117420381606523,0.0036904376666666654,0.0013233351709835283,0.0009824244426285935,0.0005150303629505183,0.0032930326916666636,2.7197408430798173,0.10501543023535574,0.0010329164881621722,0.0038412264192905082,0.0038183871193999902,0.988282278469613,4.196163690328768e-07,0.0051095327296027055,-0.018804777958158905,-0.018804777958158905,0.17670400530598543,1.0059813997838194,4.1469942127095747e-07]"
/multi_agv/m2b_algorithm_state,1789558505.7571173,1789558505.7571173,m2b_algorithm_state_v1:header6+3x20,"[1.0,-0.15,0.52,2.720840659040453,0.10125032973601562,1789558505.7569973,2.719417434135033,0.10107519065777483,0.0036904376666666654,0.0015402819298642304,0.00069672239743701,0.000569598479844485,0.004584685874999997,2.720654679936722,0.0992186651779741,0.0012372458016893795,-0.0018565254798007247,-0.0018621032723991238,1.0060508437921152,1.1461206180174115e-07,-0.00031554602028739946,0.0034832785374638185,0.0034832785374638185,0.14195255688967473,0.9970045739776758,1.1530556148439573e-07,2.7203979126474245,0.10150160896898044,0.002796189458333334,-0.0009435290075069619,0.0016671148972333683,0.0007538692890053239,-0.0017884964166666626,2.7197150896141826,0.1056212544859779,-0.0006828230332418528,0.00411964551699745,0.004093548829301554,0.987529951447602,-3.4353891881794945e-07,0.0032400200377492383,-0.014484482011558348,-0.014484482011558348,0.12046877942158866,1.0063750766838535,-3.392549718206513e-07,2.719711276262583,0.10117415799118074,0.0036904376666666654,0.0013235903931960295,0.0009824131978205088,0.0005149255831924894,0.0032930326916666636,2.720749198140382,0.10456621812967716,0.001037921877799164,0.003392060138496425,0.0033741888720085,0.9895988668576355,3.2739679042004494e-07,0.004671591219257455,-0.016997665640328657,-0.016997665640328657,0.1767039922038694,1.0052964629917966,3.2399149281250327e-07]"
/multi_agv/m2b_algorithm_state,1789558505.7672112,1789558505.7672112,m2b_algorithm_state_v1:header6+3x20,"[1.0,-0.15,0.52,2.7218420109723493,0.1012503215154471,1789558505.7671077,2.7204158887773287,0.10107521453076193,0.0036904376666666654,0.0015401167143040367,0.0006967383864092012,0.0005696617773021549,0.004584685874999997,2.7216411686270097,0.09964176615837599,0.0012252798496810158,-0.0014334483723859454,-0.0014367630454799666,1.0046497270901331,6.830029510336534e-08,9.483676662130317e-05,0.001847176631627704,0.001847176631627704,0.14195255476461266,0.9976929577187769,6.861787283577155e-08,2.7213963599586184,0.10150159583501647,0.002796189458333334,-0.0009433506581788169,0.0016671027544972183,0.0007537982970025475,-0.0017884964166666626,2.7207642181065204,0.10517831747981143,-0.0006321418520980338,0.0036767216447949613,0.0036558644504873115,0.9888136243776274,-2.736812489989107e-07,0.0028656871353647693,-0.012917824371840067,-0.012917824371840067,0.12046878066647206,1.0057051333795677,-2.706197477468088e-07,2.720709728385411,0.10117417884226847,0.0036904376666666654,0.0013234797279611465,0.0009824186737189102,0.0005149707039317228,0.0032930326916666636,2.721615309190033,0.10601762022038676,0.0009055808046221081,0.0048434413781182906,0.004807405703272831,0.9853948519869397,6.666921966605959e-07,0.005939381709050466,-0.02232250061048538,-0.02232250061048538,0.1767039964470444,1.00749586722438,6.569550584492155e-07]"
/multi_agv/m2b_algorithm_state,1789558505.7771633,1789558505.7771633,m2b_algorithm_state_v1:header6+3x20,"[1.0,-0.15,0.52,2.7228389422111774,0.10125034163271772,1789558505.7770505,2.721417238142774,0.10107519291051092,0.0036904376666666654,0.0015402740678481502,0.000696724773663248,0.0005696006517410782,0.004584685874999997,2.7227852097094725,0.10045780440652188,0.0013679715666983228,-0.0006173885039890414,-0.000617999617253422,1.0019842825277352,1.2664197146533184e-08,0.0010919648411194813,-0.0020504002306986862,-0.0020504002306986862,0.14195255781388524,0.9990111429727149,1.2689326491658845e-08,2.7223977149176077,0.10150161094512596,0.002796189458333334,-0.0009435230266894613,0.0016671118357756143,0.0007538682890365495,-0.0017884964166666626,2.7217635242161595,0.1044701139601068,-0.0006341907014482118,0.0029685030149808472,0.0029548334511451655,0.990894422159543,-1.7853082989577256e-07,0.002162095074334901,-0.010045490441562263,-0.010045490441562263,0.1204687788928209,1.004626170666365,-1.769052035272352e-07,2.7217110798566657,0.10117416069070444,0.0036904376666666654,0.0013235827427749793,0.0009824141219473281,0.0005149284186911724,0.0032930326916666636,2.7225805558337313,0.1050163881246151,0.000869475977065548,0.003842227433910661,0.0038193763894274375,0.9882793529393673,4.1991339877321365e-07,0.004906221360759373,-0.018073752591898692,-0.018073752591898692,0.17670399039849066,1.005982925523255,4.149917420301621e-07]"
/multi_agv/m2b_algorithm_state,1789558505.7870946,1789558505.7870946,m2b_algorithm_state_v1:header6+3x20,"[1.0,-0.15,0.52,2.7238387078744872,0.10125034317174526,1789558505.7869809,2.722414175701933,0.10107523961561427,0.0036904376666666654,0.0015399474006063652,0.0006967562176064311,0.0005697258929195175,0.004584685874999997,2.7237931004122404,0.09987776509055893,0.0013789247103073166,-0.0011974745250553365,-0.0011997835931573464,1.0038739671503085,4.765119039267191e-08,0.0005238722947267993,0.0002249174210825827,0.0002249174210825827,0.14195255295782142,0.9980754295064718,4.7835789538926216e-08,2.7233946383968175,0.10150158402384653,0.002796189458333334,-0.0009431695393192574,0.0016670885569207705,0.0007537271733864259,-0.0017884964166666626,2.722574843390315,0.10459841891571796,-0.0008197950065023107,0.0030968348918714306,0.003081972414674629,0.9905147826813773,-1.9420898455050864e-07,0.0020572286565467405,-0.009731005750139438,-0.009731005750139438,0.12046878171602964,1.00482239137704,-1.9236687012681803e-07,2.722708012534781,0.10117420125869236,0.0036904376666666654,0.0013233644929238355,0.0009824249917932187,0.0005150173674583498,0.0032930326916666636,2.723511602370929,0.10537001424319205,0.0008035898361478111,0.004195812984499683,0.0041686359583616404,0.987252786882782,5.005346673577579e-07,0.005173123253546404,-0.019218667259557117,-0.019218667259557117,0.17670399999637834,1.0065194050066977,4.941542452803927e-07]"
/multi_agv/m2b_algorithm_state,1789558505.7971475,1789558505.7971475,m2b_algorithm_state_v1:header6+3x20,"[1.0,-0.15,0.52,2.7248372218524426,0.10125035263583382,1789558505.7969892,2.7234139420029395,0.10107524040898916,0.0036904376666666654,0.0015399471011693618,0.0006967589692096427,0.0005697245914941997,0.004584685874999997,2.7244902417655563,0.09885569749033832,0.0010762997626168058,-0.002219542918650841,-0.002227537098107673,1.0072635938109553,1.6381955544456045e-07,-0.0008821623948366657,0.0056379539280112904,0.0056379539280112904,0.14195255317241862,0.9964112025502859,1.65009474153601e-07,2.7243944030971967,0.10150158634339067,0.002796189458333334,-0.0009431714745785718,0.001667085668128454,0.0007537295149362133,-0.0017884964166666626,2.7236181492323577,0.10459841891571796,-0.0007762538648390382,0.0030968325723272905,0.0030819701176049495,0.9905147898365247,-1.9420909040686799e-07,0.0021116527865561517,-0.009926274342752828,-0.009926274342752828,0.12046878159224628,1.0048223876790507,-1.923669763687015e-07,2.7237077785233255,0.10117420276285596,0.0036904376666666654,0.00132336110175213,0.0009824264125425138,0.0005150180984151128,0.0032930326916666636,2.7244913195813414,0.10569955940024783,0.0007835410580159241,0.00452535663739187,0.00449382227403549,0.9863037820216441,5.820947047085565e-07,0.005473248596555395,-0.020472908291472334,-0.020472908291472334,0.17670399955616514,1.0070172698058353,5.741222087488214e-07]"
/multi_agv/m2b_algorithm_state,1789558505.8073113,1789558505.8073113,m2b_algorithm_state_v1:header6+3x20,"[1.0,-0.15,0.52,2.725838512401653,0.1012503441814155,1789558505.8071969,2.724412459116037,0.10107526011988913,0.0036904376666666654,0.0015398130224164633,0.0006967744360419912,0.0005697746640404842,0.004584685874999997,2.7254280696119344,0.09845834525514714,0.0010156104958976009,-0.0026169148647419843,-0.0026280609889828407,1.0086023284779333,2.2776829836443974e-07,-0.0013585478691108396,0.0074842940456064586,0.0074842940456064586,0.14195255115183672,0.995758803053817,2.2972763608383057e-07,2.7253929130633248,0.10150157720779607,0.002796189458333334,-0.0009430283039104665,0.0016670736326473978,0.0007536737158867629,-0.0017884964166666626,2.7247724968432503,0.10537842194859158,-0.0006204162200744712,0.0038768447407955126,0.0038536906392626757,0.988231949572601,-3.041337971485801e-07,0.0030781703641695867,-0.013780682475949796,-0.013780682475949796,0.12046878277663382,1.006008292751093,-3.0055473528705925e-07,2.7247062933779653,0.10117422057981625,0.0036904376666666654,0.0013232686830581667,0.0009824322598042338,0.0005150551168424302,0.0032930326916666636,2.7257257434261377,0.10657729417911276,0.0010194500481723878,0.0054030735992965095,0.0053584206784979506,0.9838125273678295,8.291528027285873e-07,0.006632733238713435,-0.02512752226193068,-0.02512752226193068,0.17670400355671628,1.0083332241863243,8.157309144265308e-07]"
/multi_agv/m2b_algorithm_state,1789558505.8175077,1789558505.8175077,m2b_algorithm_state_v1:header6+3x20,"[1.0,-0.15,0.52,2.7268427728760165,0.10125031704555382,1789558505.8173516,2.7254137471761246,0.10107523650592863,0.0036904376666666654,0.0015399860401297317,0.0006967614637432892,0.0005697064155946895,0.004584685874999997,2.726532326296077,0.10000774355696741,0.0011185791199523898,-0.0010674929489612184,-0.0010693261441023702,1.0034484006874274,3.786549572396979e-08,0.000328897755838117,0.0008555441434498223,0.0008555441434498223,0.14195255409130225,0.9982856538659767,3.799607112545411e-08,2.7263942064158697,0.10150159485175567,0.002796189458333334,-0.0009432190220141135,0.00166708204264987,0.0007537520110204449,-0.0017884964166666626,2.7258253905096925,0.10537842194859158,-0.0005688159061771891,0.0038768270968359136,0.0038536732085609282,0.988232003614093,-3.041925161088929e-07,0.003142653325839442,-0.01401281842220074,-0.01401281842220074,0.12046878107260474,1.0060082645885875,-3.0061277967870353e-07,2.725707583612965,0.10117420118656226,0.0036904376666666654,0.0013233800098869128,0.0009824284349381433,0.0005150088505789549,0.0032930326916666636,2.7266416502049484,0.10494079741126339,0.0009340665919834734,0.0037665962247011298,0.0037446232955459843,0.9885000641615687,4.035066055223523e-07,0.004912206535525326,-0.018056244108878076,-0.018056244108878076,0.17670399777794016,1.0058678610425995,3.9886630544846203e-07]"
/multi_agv/m2b_algorithm_state,1789558505.8274908,1789558505.8274908,m2b_algorithm_state_v1:header6+3x20,"[1.0,-0.15,0.52,2.727843208012215,0.10125031523059418,1789558505.827322,2.726417999073168,0.10107516934531646,0.0036904376666666654,0.0015404661248651897,0.0006967175943610293,0.0005695211374095256,0.004584685874999997,2.7276939706200705,0.10101189013483106,0.0012759715469026212,-6.32792104854063e-05,-6.328560356745872e-05,1.0002021077605256,1.3300536188704025e-10,0.0015316788300608177,-0.0038673014747826902,-0.0038673014747826902,0.14195256235971673,0.9998989804680364,1.3303224330286914e-10,2.7273984772171973,0.10150163798200286,0.002796189458333334,-0.0009437425090408199,0.001667113023541944,0.0007539628093471279,-0.0017884964166666626,2.7266704075514188,0.1040246572244322,-0.0007280696657785413,0.002523019242429342,0.002513111056711557,0.9922211982027507,-1.2904054948762866e-07,0.0016030239744883805,-0.007828318052237037,-0.007828318052237037,0.12046877622825264,1.0039425976386216,-1.2803676862935626e-07,2.726711842337685,0.10117414380934213,0.0036904376666666654,0.0013236976903610686,0.0009824135815397874,0.0005148788746321834,0.0032930326916666636,2.727709569385732,0.10504064193099544,0.0009977270480470146,0.0038664981216533084,0.003843361745084148,0.9882086081483151,4.2526412662172274e-07,0.005090520555142916,-0.0187491973017155,-0.0187491973017155,0.17670398146829502,1.0060198279796986,4.202496706642615e-07]"
/multi_agv/m2b_algorithm_state,1789558505.8372145,1789558505.8372145,m2b_algorithm_state_v1:header6+3x20,"[1.0,-0.15,0.52,2.7288393525610855,0.10125034066110729,1789558505.8370662,2.7274184333311786,0.10107516499429547,0.0036904376666666654,0.0015404995095262071,0.0006967126410293285,0.0005695092430172464,0.004584685874999997,2.72867906131481,0.10033746422679644,0.0012606279836315792,-0.0007377007674990305,-0.0007385740594532778,1.0023741924171439,1.808509311735719e-08,0.0008372109200861963,-0.0010926085977791202,-0.0010926085977791202,0.141952563761084,0.9988175973105611,1.812803060829976e-08,2.7283989134936744,0.10150164091510222,0.002796189458333334,-0.0009437794752402261,0.0016671164443793351,0.0007539770535241463,-0.0017884964166666626,2.727708200806147,0.1040246572244322,-0.0006907126875272951,0.0025230163093299812,0.002513108146826112,0.9922212072979923,-1.2904530249883738e-07,0.0016497172874169932,-0.007995562835239441,-0.007995562835239441,0.1204687754070576,1.003942592966555,-1.2804148584153106e-07,2.7277122772117908,0.10117413978238482,0.0036904376666666654,0.001323721703474457,0.000982411485213653,0.0005148695563042057,0.0032930326916666636,2.7287701330693026,0.10517268033001821,0.0010578558575118358,0.003998540547633392,0.00397382183029921,0.9878244560983366,4.5476740440922395e-07,0.005296141652189005,-0.019557974901081365,-0.019557974901081365,0.17670397867815338,1.0062203889328174,4.492303639117939e-07]"
/multi_agv/m2b_algorithm_state,1789558505.8470674,1789558505.8470674,m2b_algorithm_state_v1:header6+3x20,"[1.0,-0.15,0.52,2.7298388475038746,0.1012503440891634,1789558505.846944,2.7284145856533133,0.10107522568928438,0.0036904376666666654,0.001540072670404106,0.0006967515572148027,0.0005696740178617848,0.004584685874999997,2.7295847393487076,0.09882644791999984,0.0011701536953943048,-0.002248777769284546,-0.0022569857341320247,1.007361686799704,1.6818046497641077e-07,-0.0007942936148891437,0.005341301244862566,0.005341301244862566,0.14195255750938718,0.9963633067221689,1.694185568853957e-07,2.729395048624718,0.1015016043845225,0.002796189458333334,-0.0009433167398074493,0.0016670881908962265,0.0007537911702456546,-0.0017884964166666626,2.728980854813791,0.10567529899929125,-0.00041419381092699936,0.0041736946147687415,0.004146919721404105,0.987374233060964,-3.525181970172586e-07,0.0036291774577453554,-0.015912453700377544,-0.015912453700377544,0.12046877909154226,1.0064565738339326,-3.480673844199495e-07,2.728708423405226,0.10117419190951497,0.0036904376666666654,0.001323439081911211,0.0009824245953791392,0.0005149852423616689,0.0032930326916666636,2.729947609846463,0.10577966119456414,0.0012391864412366616,0.004605469285049166,0.004572828477626943,0.986074204159277,6.028841469126566e-07,0.00612181152917277,-0.022853691241635627,-0.022853691241635627,0.17670399108150925,1.0071379907604059,5.944885053671425e-07]"
/multi_agv/m2b_algorithm_state,1789558505.857108,1789558505.857108,m2b_algorithm_state_v1:header6+3x20,"[1.0,-0.15,0.52,2.730842504602405,0.1012503208898821,1789558505.8569868,2.7294140816834793,0.10107523178404973,0.0036904376666666654,0.0015400341306820988,0.000696756702892997,0.0005696880467323721,0.004584685874999997,2.7305632020101642,0.09994408364160348,0.0011491203266849048,-0.0011311481424462477,-0.0011332074730393815,1.0036566567463208,4.2519193792694715e-08,0.0003031929353167495,0.0009751794632496044,0.0009751794632496044,0.1419525572131124,0.9981827417819524,4.267467188952489e-08,2.7303945421258424,0.10150160280927222,0.002796189458333334,-0.0009432769219557048,0.001667083865902086,0.0007537761603263887,-0.0017884964166666626,2.7300317364924624,0.10475462985075526,-0.0003628056333799812,0.0032530270414830448,0.0032366470662517537,0.9900542797369761,-2.142921447269336e-07,0.0027831400245267772,-0.012412410712016443,-0.012412410712016443,0.12046877922395517,1.0050607850951943,-2.1216085500091609e-07,2.7297079187023034,0.10117419767416831,0.0036904376666666654,0.0013234116504132081,0.0009824266479610214,0.0005149960652003622,0.0032930326916666636,2.7308916876347964,0.10456400439166681,0.0011837689324929457,0.0033898067174985003,0.0033719588913613454,0.9896055131090774,3.2691829406180765e-07,0.0048516700569775275,-0.017643448339023583,-0.017643448339023583,0.17670399159828662,1.0052930141535472,3.235201461397794e-07]"
/multi_agv/m2b_algorithm_state,1789558505.8672857,1789558505.8672857,m2b_algorithm_state_v1:header6+3x20,"[1.0,-0.15,0.52,2.7318406760934253,0.101250333386327,1789558505.8671434,2.7304177314184157,0.10107517429475418,0.0036904376666666654,0.0015404454414112007,0.0006967190182846745,0.0005695293622204499,0.004584685874999997,2.731364348605416,0.10175378982112733,0.0009466171870005091,0.0006786155263731469,0.0006778843863033099,0.997850730561718,1.5288332970450446e-08,0.0018611558700539462,-0.005388548311138656,-0.005388548311138656,0.1419525644220762,1.001078561602258,1.525547422363478e-08,2.731398208095376,0.10150163981588783,0.002796189458333334,-0.0009437255410487235,0.0016671104789121038,0.0007539567780172063,-0.0017884964166666626,2.730416484419919,0.10383543660496533,-0.0009817236754572356,0.002333796789077497,0.0023253068504774693,0.992788960580558,-1.1042433651021519e-07,0.0010981522561559248,-0.005931439151912211,-0.005931439151912211,0.12046877502876495,1.0036511046265935,-1.096280622667743e-07,2.7307115742934243,0.10117414855900428,0.0036904376666666654,0.0013236838714082984,0.0009824138637243305,0.0005148847178692993,0.0032930326916666636,2.7314391789789743,0.10479044615119841,0.0007276046855499985,0.0036162975921941315,0.0035960200439566626,0.9889398300423264,3.720756367682495e-07,0.004505525900894161,-0.01651627282547411,-0.01651627282547411,0.1767039774632535,1.0056388863214338,3.6796041698848305e-07]"
/multi_agv/m2b_algorithm_state,1789558505.877216,1789558505.877216,m2b_algorithm_state_v1:header6+3x20,"[1.0,-0.15,0.52,2.7328420305730767,0.10125032527185922,1789558505.8770914,2.7314159065950285,0.10107520396181455,0.0036904376666666654,0.0015402382302694482,0.0006967372658342793,0.0005696096882158245,0.004584685874999997,2.7324989038505336,0.10243438242990781,0.0010829972555050915,0.0013591784680932611,0.001356260577758802,0.9957284881928837,6.12905030099833e-08,0.0027100071471401663,-0.008740557318572019,-0.008740557318572019,0.14195256178309898,1.0021514230984145,6.102869990271207e-08,2.7323963751444187,0.1015016222356588,0.002796189458333334,-0.0009435013899736673,0.0016670971529801903,0.0007538665479954187,-0.0017884964166666626,2.731449823222874,0.10383543660496533,-0.0009465519215448026,0.0023338143693065333,0.0023253243018920753,0.9927889059718829,-1.103997794635277e-07,0.001142134399961072,-0.006088623398267852,-0.006088623398267852,0.12046877658295926,1.0036511326216089,-1.0960367627313281e-07,2.7317097465408287,0.10117417396150763,0.0036904376666666654,0.0013235472808337746,0.0009824198695320922,0.000514940800583254,0.0032930326916666636,2.7325034145998988,0.10501226285187806,0.0007936680590701073,0.0038380888903704335,0.003815286331478447,0.9882914218163584,4.1899938809671955e-07,0.0048073714053160806,-0.01771608786723282,-0.01771608786723282,0.17670398264693132,1.0059766310863358,4.1409350100229114e-07]"
/multi_agv/m2b_algorithm_state,1789558505.887105,1789558505.887105,m2b_algorithm_state_v1:header6+3x20,"[1.0,-0.15,0.52,2.7338424183058905,0.1012503235876049,1789558505.887006,2.732417258361734,0.10107518347432966,0.0036904376666666654,0.0015403867379407275,0.0006967231222143148,0.0005695526731007483,0.004584685874999997,2.7335070679181115,0.10144345316259232,0.0010898095563773857,0.0003682696882626596,0.00036805386216207255,0.9988295224024102,4.5032301771362825e-09,0.0017303158076338047,-0.0047761653427196,-0.0047761653427196,0.14195256483022245,1.0005863981410743,4.497959247097154e-09,2.733397732907402,0.10150163591011957,0.002796189458333334,-0.0009436640105691587,0.0016671070029756763,0.0007539319147810836,-0.0017884964166666626,2.732742383994439,0.1057044371721665,-0.0006553489129630385,0.004202801262046932,0.004175657667398799,0.9872904645676194,-3.575755472947844e-07,0.0033564715261950005,-0.014945456566332664,-0.014945456566332664,0.12046877479484983,1.0065004358139928,-3.5303092820668844e-07,2.732711100450094,0.1011741564311284,0.0036904376666666654,0.0013236460154172906,0.0009824149408848458,0.0005149005666812757,0.0032930326916666636,2.733578929866151,0.10472189889925834,0.0008678294160566757,0.003547742468129944,0.003528216261519487,0.9891409443564254,3.581109948839336e-07,0.004613003031590332,-0.016867313514850553,-0.016867313514850553,0.1767039766201371,1.005534299816998,3.542222476639131e-07]"
/multi_agv/m2b_algorithm_state,1789558505.8970218,1789558505.8970218,m2b_algorithm_state_v1:header6+3x20,"[1.0,-0.15,0.52,2.7348425632350364,0.10125032351171233,1789558505.8969033,2.733417645320966,0.10107517907687917,0.0036904376666666654,0.0015404206533382709,0.0006967187736980126,0.0005695402340646135,0.004584685874999997,2.734253004887132,0.10064445224856194,0.0008353595661656499,-0.00043072682831722664,-0.0004310238559211871,1.0013814343284289,6.163814701198628e-09,0.0006131756017858752,-0.00043945871749713093,-0.00043945871749713093,0.14195256616010707,0.9993108789690408,6.172329606420938e-09,2.7343981216223976,0.10150163916224325,0.002796189458333334,-0.0009437017109561242,0.0016671099495217945,0.0007539467239150721,-0.0017884964166666626,2.733791096848127,0.1057044371721665,-0.0006070247742706592,0.00420279800992325,0.004175654457824722,0.9872904744990112,-3.5758927504237746e-07,0.0034168734899863978,-0.015162998089567054,-0.015162998089567054,0.12046877401230836,1.0065004306205616,-3.530444850323463e-07,2.733711487974307,0.10117415252369226,0.0036904376666666654,0.0013236696033630383,0.0009824131778254372,0.0005148912592994443,0.0032930326916666636,2.734543185164463,0.1039262483407405,0.0008316971901556336,0.0027520958170482446,0.0027402744205173553,0.9914989990257588,2.156316240174761e-07,0.0037798959082118973,-0.013472444582297943,-0.013472444582297943,0.17670397402393284,1.0043139462392447,2.1379853937162632e-07]"
/multi_agv/m2b_algorithm_state,1789558505.9070964,1789558505.9070964,m2b_algorithm_state_v1:header6+3x20,"[1.0,-0.15,0.52,2.735843244235856,0.1012503200372354,1789558505.9069633,2.7344177899713134,0.10107517868306554,0.0036904376666666654,0.0015404260358485747,0.0006967169205398522,0.000569538864892341,0.004584685874999997,2.735244496598255,0.10083390155700232,0.0008267066269418422,-0.0002412771260632135,-0.0002413701948756425,1.000772170863828,1.933847363740949e-09,0.0007920130888016602,-0.0011603179113040406,-0.0011603179113040406,0.14195256705852627,0.9996144146443726,1.9353406243303202e-09,2.7353982669446792,0.10150163983016976,0.002796189458333334,-0.0009437082741810422,0.0016671111289272567,0.0007539489553722301,-0.0017884964166666626,2.7346079529758027,0.10410202516157124,-0.0007903139688765215,0.0026003853314014863,0.0025898663759840583,0.991989784620499,-1.3706277501931645e-07,0.0016019739148884064,-0.0078613703082191,-0.0078613703082191,0.12046877350281397,1.0040615822943497,-1.3596487267089964e-07,2.734711632789118,0.10117415202190175,0.0036904376666666654,0.001323674395202219,0.0009824122265523101,0.0005148896770370923,0.0032930326916666636,2.735586355080935,0.10474555486895105,0.000874722291817065,0.003571402847049307,0.0035516188882252554,0.9890714967863593,3.6290466124264256e-07,0.004645021752996586,-0.01699453336542248,-0.01699453336542248,0.17670397224688303,1.005570405904091,3.5893865648600713e-07]"
/multi_agv/m2b_algorithm_state,1789558505.9170063,1789558505.9170063,m2b_algorithm_state_v1:header6+3x20,"[1.0,-0.15,0.52,2.7368399276197777,0.10125034202542928,1789558505.9169002,2.735418469617673,0.1010751702198025,0.0036904376666666654,0.0015404884119268971,0.0006967096032888696,0.0005695156335141695,0.004584685874999997,2.736324082747126,0.10158762118493066,0.0009056131294529202,0.0005124509651281556,0.0005120335161931965,0.9983739313231124,8.719285944327053e-09,0.0016440499280093467,-0.004537455911130106,-0.004537455911130106,0.14195256892624525,1.0008152765820149,8.705107786568156e-09,2.7363989496555754,0.10150164534204935,0.002796189458333334,-0.0009437766248038089,0.0016671162591581634,0.0007539759144418456,-0.0017884964166666626,2.7356490390198984,0.10410202516157124,-0.0007499106356769758,0.0026003798195218947,0.002589860909049885,0.9919898017002186,-1.3707211819871451e-07,0.0016524726144536653,-0.008042319397204435,-0.008042319397204435,0.12046877241536873,1.004061573513563,-1.3597414335057173e-07,2.7357123134343198,0.10117414454985435,0.0036904376666666654,0.0013237171593800012,0.0009824093643131084,0.0005148726292518043,0.0032930326916666636,2.7367021628666772,0.10546788824862369,0.0009898494323574702,0.004293743698769337,0.004265304454090285,0.9869699789195963,5.242718831285708e-07,0.005502616244537122,-0.02045641954697439,-0.02045641954697439,0.1767039686035656,1.0066675767193545,5.174406094395425e-07]"
/multi_agv/m2b_algorithm_state,1789558505.92699,1789558505.92699,m2b_algorithm_state_v1:header6+3x20,"[1.0,-0.15,0.52,2.7378420266250174,0.10125032893966764,1789558505.9268844,2.736415159708536,0.10107522270949408,0.0036904376666666654,0.0015401193676867612,0.0006967431549933954,0.0005696581470033934,0.004584685874999997,2.737652003328904,0.10202563916879495,0.0012368436203678002,0.0009504164593008707,0.000948985301162967,0.9969991853144452,2.997529554192454e-08,0.0024950398266227174,-0.007775955324381202,-0.007775955324381202,0.14195256360176214,1.0015080930507037,2.9885345234858486e-08,2.7373956249255356,0.1015016137307252,0.002796189458333334,-0.000943376453552045,0.0016670919172745435,0.0007538151158877626,-0.0017884964166666626,2.7373334068593183,0.10543437012743406,-6.221806621731218e-05,0.00393275639670887,0.0039089398056554375,0.9880699391533038,-3.1307135521211804e-07,0.0038311672228837973,-0.01651793070416769,-0.01651793070416769,0.12046877550992462,1.0060928518313264,-3.093363948950798e-07,2.7367089982252604,0.10117418963606854,0.0036904376666666654,0.0013234727653894745,0.0009824206194666736,0.0005149727100474686,0.0032930326916666636,2.738063955648026,0.10499892368295809,0.0013549574227655903,0.003824734046889544,0.0038020875990468247,0.9883303710722012,4.1606946337566314e-07,0.005495784377503813,-0.020185290311091324,-0.020185290311091324,0.17670397906266466,1.0059563193253087,4.112140871298808e-07]"
/multi_agv/m2b_algorithm_state,1789558505.9370372,1789558505.9370372,m2b_algorithm_state_v1:header6+3x20,"[1.0,-0.15,0.52,2.7388417500536613,0.10125033141853156,1789558505.9368904,2.737417254537801,0.10107518976582848,0.0036904376666666654,0.0015403563762330227,0.000696721623264551,0.0005695666133511547,0.004584685874999997,2.738568379917665,0.10136050245207212,0.0011511253798643928,0.00028531268624364114,0.00028518306193714475,0.9990923322995096,2.7030331465375304e-09,0.0017240897867676357,-0.00471486035503127,-0.00471486035503127,0.14195256800608644,1.000454530173061,2.7005796906570633e-09,2.738397728948061,0.10150163544214504,0.002796189458333334,-0.0009436353461645544,0.0016671069691303053,0.0007539195074321575,-0.0017884964166666626,2.7384377702096234,0.10544522547542097,4.004126156242904e-05,0.003943590033275934,0.003919644033515822,0.9880385748655123,-3.1488228600705854e-07,0.003969695610468858,-0.017022081716001065,-0.017022081716001065,0.12046877294569557,1.006109228173619,-3.1111584511680877e-07,2.737711096389191,0.10117416161102943,0.0036904376666666654,0.0013236292266398581,0.000982413310159292,0.0005149086922142903,0.0032930326916666636,2.7390823767493395,0.10473912645964936,0.0013712803601486634,0.003564964848619928,0.0035452511892593874,0.9890903909106306,3.6158690201284307e-07,0.005259351639445216,-0.01919895028148768,-0.01919895028148768,0.17670397038809227,1.005560581834163,3.576421302600468e-07]"
/multi_agv/m2b_algorithm_state,1789558505.9470053,1789558505.9470053,m2b_algorithm_state_v1:header6+3x20,"[1.0,-0.15,0.52,2.7398434199621655,0.10125032143991068,1789558505.946939,2.7384169785642443,0.1010751951327756,0.0036904376666666654,0.0015403212045108916,0.0006967242453874256,0.0005695804949461341,0.004584685874999997,2.7395676000641354,0.10144090019133797,0.0011506214998910913,0.0003657050585623711,0.0003654922239280256,0.9988376399688152,4.440546524746647e-09,0.0018037690987918898,-0.0050361152962794965,-0.0050361152962794965,0.14195256813314763,1.0005823232901048,4.435385010949665e-09,2.7393974516697037,0.10150163289285165,0.002796189458333334,-0.0009435980011755479,0.0016671048481273765,0.0007539044229603192,-0.0017884964166666626,2.7393848659629936,0.10411345328521052,-1.2585706710144251e-05,0.0026118203923588684,0.002601209643264208,0.991955615412162,-1.3825353804896865e-07,0.002585477509876528,-0.011389694877309038,-0.011389694877309038,0.12046877285126388,1.0040791595256986,-1.3714137341827345e-07,2.738710819927036,0.10117416622996737,0.0036904376666666654,0.0013236062916998667,0.000982414020081879,0.0005149182643479338,0.0032930326916666636,2.740229024003036,0.10595724636624274,0.001518204076000007,0.004783080136275361,0.004747920851943619,0.9855667977684089,6.502719685073691e-07,0.006645675946943628,-0.02483854389840465,-0.02483854389840465,0.17670397013565267,1.0074051959643238,6.408864616803675e-07]"
/multi_agv/m2b_algorithm_state,1789558505.9569514,1789558505.9569514,m2b_algorithm_state_v1:header6+3x20,"[1.0,-0.15,0.52,2.7408397780722686,0.10125034548798416,1789558505.956835,2.7394186451384677,0.101075170655042,0.0036904376666666654,0.001540497238176244,0.0006967069339613545,0.0005695131961816727,0.004584685874999997,2.740640711422301,0.10209311605297236,0.0012220662838333674,0.0010179453979303615,0.0010163044792282526,0.9967884366630202,3.4392994354679556e-08,0.0025438873340199617,-0.007982281391270345,-0.007982281391270345,0.14195257176346954,1.0016145935943872,3.428253907496111e-08,2.740399125660798,0.10150164853091946,0.002796189458333334,-0.0009437899909544899,0.0016671170958950654,0.0007539812730263523,-0.0017884964166666626,2.740425074198452,0.10411345328521052,2.594853765414129e-05,0.0026118047542910555,0.0026011941332674516,0.991955663864958,-1.3828000377408888e-07,0.002633629805335128,-0.011562364498704535,-0.011562364498704535,0.12046877074434677,1.0040791346127924,-1.3716763294297525e-07,2.739712489087233,0.10117414513377057,0.0036904376666666654,0.0013237238337661127,0.0009824078520919597,0.000514870522784836,0.0032930326916666636,2.7413895211213197,0.10703938408824432,0.0016770320340868672,0.005865238954473745,0.00581280588104338,0.9825218454056109,9.77036045429525e-07,0.007909095923651964,-0.029998411038520512,-0.029998411038520512,0.17670396298272312,1.0090202691270593,9.599592583832173e-07]"
/multi_agv/m2b_algorithm_state,1789558505.967005,1789558505.967005,m2b_algorithm_state_v1:header6+3x20,"[1.0,-0.15,0.52,2.7418431324807293,0.10125032431858173,1789558505.9668949,2.7404150106129483,0.10107522811886087,0.0036904376666666654,0.0015400928418608894,0.0006967438382583951,0.000569669289481117,0.004584685874999997,2.741458836439399,0.1029143097576222,0.0010438258264504618,0.001839081638761328,0.0018337588554898296,0.9942518237932171,1.1216258932810158e-07,0.003138541138552907,-0.010505957375366259,-0.010505957375366259,0.14195256588471414,1.0029026626132236,1.1151785900083462e-07,2.741395474858737,0.10150161383628006,0.002796189458333334,-0.0009433513502496776,0.0016670903594055986,0.000753805044887701,-0.0017884964166666626,2.741376146297835,0.10565212890778876,-1.9328560902032166e-05,0.004150515071508695,0.00412403206748264,0.9874409912497825,-3.486325854080649e-07,0.0040998713663551,-0.017595478724661592,-0.017595478724661592,0.12046877418911246,1.0064216290253583,-3.442541057173141e-07,2.74070884874512,0.10117419450881156,0.0036904376666666654,0.001323455880611084,0.0009824202613920585,0.0005149802152195535,0.0032930326916666636,2.742053626267667,0.10684149937970043,0.0013447775225468028,0.005667304870888873,0.005618276868043001,0.9830728407777044,9.121670735869787e-07,0.007299248771226505,-0.027681998754338515,-0.027681998754338515,0.17670397461350557,1.0087265195356863,8.967266762950365e-07]"
/multi_agv/m2b_algorithm_state,1789558505.9770582,1789558505.9770582,m2b_algorithm_state_v1:header6+3x20,"[1.0,-0.15,0.52,2.7428369667229577,0.10125036418836596,1789558505.9768655,2.7414183583028082,0.10107517581013231,0.0036904376666666654,0.0015404668073202557,0.000696709437034748,0.0005695250847425224,0.004584685874999997,2.74239223478954,0.10140594629417653,0.0009738764867317506,0.0003307704840442155,0.00033059632394931643,0.9989482592805511,3.6331209423706877e-09,0.0015479419323640047,-0.0041101727793937,-0.0041101727793937,0.1419525725157578,1.0005268059027956,3.629299841136914e-09,2.742398837380806,0.10150164733568817,0.002796189458333334,-0.0009437589206944012,0.001667114700231398,0.000753969051319317,-0.0017884964166666626,2.7425528504825585,0.106634650870921,0.00015401310175233718,0.005133003535232827,0.005092801945047022,0.9846437980920322,-5.330367349060017e-07,0.005285318322237443,-0.022378498921153057,-0.022378498921153057,0.12046877029106083,1.007893805928366,-5.248513151804211e-07,2.7417122017585727,0.10117414980992472,0.0036904376666666654,0.0013237033582342858,0.0009824085203937079,0.0005148790505215281,0.0032930326916666636,2.743004571588427,0.10559519565367702,0.0012923698298541453,0.004421045843752303,0.004390924503580637,0.9866033529438692,5.557586997013482e-07,0.006006386790898319,-0.022338951539488828,-0.022338951539488828,0.17670396153426557,1.0068599084650858,5.48313396553075e-07]"
/multi_agv/m2b_algorithm_state,1789558505.9869878,1789558505.9869878,m2b_algorithm_state_v1:header6+3x20,"[1.0,-0.15,0.52,2.743842765140012,0.10125032677208161,1789558505.986855,2.7424122049615214,0.10107527081557072,0.0036904376666666654,0.0015397970192978588,0.0006967719984892538,0.0005697828687973941,0.004584685874999997,2.7432725533821225,0.09972715096101377,0.0008603484206011203,-0.0013481198545569478,-0.001351049763043134,1.0043687362446896,6.039488175085902e-08,-0.00027561423729173377,0.0031174503251109147,0.0031174503251109147,0.1419525620950947,0.9978313837385331,6.065873105975774e-08,2.7433926565236235,0.10150159007589458,0.002796189458333334,-0.0009430323313093358,0.0016670694019969012,0.0007536776625859248,-0.0017884964166666626,2.743475667783179,0.10564865433870782,8.301125955556543e-05,0.004147064262813235,0.004120624571714565,0.98745092851818,-3.479363807563069e-07,0.004224388646159022,-0.01804170421773804,-0.01804170421773804,0.12046877638608233,1.0064164280532037,-3.4357010224307024e-07,2.7427060386837288,0.10117423167363253,0.0036904376666666654,0.0013232582291939142,0.0009824299072381587,0.0005150608720485318,0.0032930326916666636,2.7439950115336256,0.1060852098414261,0.001288972849896819,0.004910978167793567,0.004873949646659941,0.9852027697861121,6.85262681441154e-07,0.006485165709030964,-0.024328688539174432,-0.024328688539174432,0.17670398199524448,1.0075972309560073,6.751226917868831e-07]"
/multi_agv/m2b_algorithm_state,1789558505.9970098,1789558505.9970098,m2b_algorithm_state_v1:header6+3x20,"[1.0,-0.15,0.52,2.744841617332131,0.10125033493946835,1789558505.996884,2.7434179917002433,0.10107517830797985,0.0036904376666666654,0.001540456760671867,0.0006967125654695923,0.0005695278123262061,0.004584685874999997,2.7443602339808537,0.09949179589385826,0.0009422422806104613,-0.0015833824141215924,-0.0015874313319081765,1.0051447608275204,8.336235151393538e-08,-0.0004096284811450999,0.0036951549152909936,0.0036951549152909936,0.14195257313155804,0.9974493902790004,8.379123087449426e-08,2.7443984689810685,0.10150164921702708,0.002796189458333334,-0.0009437511481571311,0.0016671115231701172,0.0007539673348364306,-0.0017884964166666626,2.7443790213545407,0.10393657343054902,-1.9447626527835382e-05,0.002434924213521941,0.0024256896777126737,0.9924852160068227,-1.2019560226366617e-07,0.0024013801445528795,-0.010644459585587226,-0.010644459585587226,0.12046876995558888,1.0038069732885104,-1.1929235827572488e-07,2.7437118347387237,0.10117415279123787,0.0036904376666666654,0.0013236937499088918,0.0009824099435533423,0.0005148824751218212,0.0032930326916666636,2.7452207232325487,0.10651756224655506,0.0015088884938250224,0.005343409455317194,0.005299717304317059,0.9839801916752305,8.112416932944943e-07,0.007185827921598337,-0.02709396670840828,-0.02709396670840828,0.17670396032988903,1.0082442418135291,7.982457568628551e-07]"
/multi_agv/m2b_algorithm_state,1789558506.0069454,1789558506.0069454,m2b_algorithm_state_v1:header6+3x20,"[1.0,-0.15,0.52,2.745842314304909,0.1012503311331356,1789558506.0068173,2.744416846218109,0.10107519780969333,0.0036904376666666654,0.0015403209506496245,0.0006967239840631294,0.0005695807409705597,0.004584685874999997,2.745423477218323,0.1008680343036863,0.001006631000213698,-0.00020716350600703815,-0.0002072321000498957,1.0006627392267304,1.4255300244072642e-09,0.0010510566502172267,-0.0020950204023914634,-0.0020950204023914634,0.14195257171337256,0.999668998949289,1.4264747790733209e-09,2.745397318404261,0.10150163759600703,0.002796189458333334,-0.0009436042249252631,0.0016671032163908528,0.0007539079696160522,-0.0017884964166666626,2.7454840343673745,0.10586179886486455,8.671596311371488e-05,0.004360161268857521,0.004330982124466236,0.9868385647288757,-3.847814392019609e-07,0.004439377078358379,-0.018925683223036286,-0.018925683223036286,0.120468770787226,1.0067373042771175,-3.797171631963742e-07,2.7447106873740217,0.10117416941270467,0.0036904376666666654,0.0013236046482458254,0.0009824135575482893,0.000514919217364746,0.0032930326916666636,2.7464066688045734,0.10703938475428287,0.0016959814305517185,0.005865215341578203,0.0058127826984637485,0.9825219169173735,9.769401197720994e-07,0.007932759486653396,-0.030084190612054598,-0.030084190612054598,0.17670396312452746,1.009020231072514,9.598650791919715e-07]"
/multi_agv/m2b_algorithm_state,1789558506.0170155,1789558506.0170155,m2b_algorithm_state_v1:header6+3x20,"[1.0,-0.15,0.52,2.7468418650025854,0.10125033474736034,1789558506.0169163,2.74541754181482,0.10107518809198296,0.0036904376666666654,0.0015403924387019448,0.0006967166644625596,0.0005695535611549589,0.004584685874999997,2.746595058696338,0.10133595505649899,0.0011775168815182369,0.0002607669645160321,0.00026065866413233375,0.9991701888140931,2.258042323389335e-09,0.0017325547660301298,-0.004733306239949482,-0.004733306239949482,0.14195257359234126,1.0004154873733389,2.2561685746111354e-09,2.746398017069714,0.10150164425229109,0.002796189458333334,-0.0009436827300435451,0.0016671082944150761,0.0007539393574664405,-0.0017884964166666626,2.7465417458614394,0.10586179886486455,0.00014372879172519504,0.004360154612573455,0.004330975558466916,0.9868385850268829,-3.8481226735163364e-07,0.00451063654812341,-0.019182492433428573,-0.019182492433428573,0.12046876967426431,1.0067372936449608,-3.797475934142727e-07,2.7457113840301934,0.10117416105513279,0.0036904376666666654,0.0013236525300681563,0.0009824108723470735,0.0005148998591978618,0.0032930326916666636,2.747272424533287,0.10481129423251431,0.0015610405030934693,0.003637133177381527,0.0036166245513965765,0.9888787734036886,3.7636047467472886e-07,0.005567925180263413,-0.020345814033596706,-0.020345814033596706,0.1767039594021873,1.0056706538634295,3.7217488455397586e-07]"
/multi_agv/m2b_algorithm_state,1789558506.0270517,1789558506.0270517,m2b_algorithm_state_v1:header6+3x20,"[1.0,-0.15,0.52,2.7478398373387414,0.10125034826400255,1789558506.0268152,2.746417093448625,0.10107519641835647,0.0036904376666666654,0.0015403359161325174,0.0006967210522698325,0.0005695757790356469,0.004584685874999997,2.7475588647252853,0.09995474869359362,0.001141771276660375,-0.0011204477247628436,-0.001122468115980199,1.0036216299730967,4.172643151090835e-08,0.00030474597984526974,0.0009651691505226589,0.0009651691505226589,0.14195257341930112,0.998200045784293,4.187754920593862e-08,2.747397566667056,0.1015016396669142,0.002796189458333334,-0.0009436220195742934,0.0016671049934116056,0.0007539147586616002,-0.0017884964166666626,2.747224800851365,0.10790699278973809,-0.00017276581569092286,0.0064053531228238925,0.006343359075857424,0.9811190235834535,-8.290638327480995e-07,0.006127401806243771,-0.026100384960921645,-0.026100384960921645,0.1204687697931729,1.0097730628559898,-8.13410298074171e-07,2.746710934892075,0.10117416815681032,0.0036904376666666654,0.0013236156521359266,0.0009824121445714661,0.0005149151825859207,0.0032930326916666636,2.748219527363948,0.10557700490165349,0.0015085924718727384,0.0044028367448431666,0.004372958876279506,0.9866557296870111,5.51161437656431e-07,0.006258699466120429,-0.02323856175338735,-0.02323856175338735,0.17670395973846978,1.0068324147125483,5.43806590446248e-07]"
/multi_agv/m2b_algorithm_state,1789558506.037132,1789558506.037132,m2b_algorithm_state_v1:header6+3x20,"[1.0,-0.15,0.52,2.7488370164303073,0.10125036638186226,1789558506.0369313,2.7474150699152604,0.10107522803562008,0.0036904376666666654,0.0015401149391234166,0.0006967416642078559,0.000569660842132616,0.004584685874999997,2.7478633051296057,0.0985901518624103,0.0004482352143453383,-0.0024850761732097826,-0.0024951175609356823,1.0081568682748525,2.0541931151748171e-07,-0.0019348235430040094,0.009456017499573461,0.009456017499573461,0.1419525704436711,0.9959755853258737,2.0709488978264072e-07,2.7483955339729307,0.1015016212624676,0.002796189458333334,-0.0009433829854353804,0.0016670899025679198,0.0007538189953951308,-0.0017884964166666626,2.7483031320479894,0.10790699278973809,-9.240192494130994e-05,0.006405371527270484,0.006343377116944749,0.9811189684924294,-8.288586375165007e-07,0.0062278747107681115,-0.026464499670965848,-0.026464499670965848,0.12046877154393065,1.0097730923422685,-8.132089314662296e-07,2.747708908128033,0.10117419549392,0.0036904376666666654,0.0013234686209242018,0.0009824191534852037,0.0005149752691403216,0.0032930326916666636,2.749020694760507,0.10628555488958304,0.00131178663247411,0.00511135939566304,0.005071308803081311,0.9846346603879838,7.423237423399119e-07,0.006711042093673948,-0.02525231976254903,-0.02525231976254903,0.17670396568542324,1.0078974864550538,7.309176859367963e-07]"
/multi_agv/m2b_algorithm_state,1789558506.0472336,1789558506.0472336,m2b_algorithm_state_v1:header6+3x20,"[1.0,-0.15,0.52,2.7498419472556783,0.10125033456004894,1789558506.0469944,2.7484122547566847,0.10107526948280698,0.0036904376666666654,0.0015398255615939231,0.0006967705772233041,0.000569771236230351,0.004584685874999997,2.7487868591160476,0.09831388536638462,0.0003746043593628734,-0.0027613841164223635,-0.002773808360456959,1.0090919559883855,2.5363670912799384e-07,-0.0023055529112533672,0.010873779909866741,0.010873779909866741,0.14195256601092565,0.9955208715166793,2.559427629244245e-07,2.7493927059547034,0.10150159792702683,0.002796189458333334,-0.0009430704927963982,0.001667068573189212,0.0007536946354937124,-0.0017884964166666626,2.749179247384834,0.10691793945008862,-0.00021345856986920708,0.005416341523061793,0.005371676232498153,0.98384936144391,-5.929395645471436e-07,0.005104853020161644,-0.021874075464736718,-0.021874075464736718,0.12046877412431979,1.0083149632685269,-5.833632119545373e-07,2.748706088579533,0.10117423173575296,0.0036904376666666654,0.0013232741281179413,0.0009824294097477548,0.0005150542393223367,0.0032930326916666636,2.7502648844431725,0.10713693484842837,0.001558795863639606,0.00596270311267541,0.005908553431423078,0.9822515346110432,1.0093531998709796e-06,0.007857048260972586,-0.02986459742233637,-0.02986459742233637,0.17670397433334112,1.00916462580576,9.914387295378366e-07]"
/multi_agv/m2b_algorithm_state,1789558506.0571575,1789558506.0571575,m2b_algorithm_state_v1:header6+3x20,"[1.0,-0.15,0.52,2.7508412962845163,0.10125033941511226,1789558506.0569098,2.749417175646953,0.10107519052775644,0.0036904376666666654,0.0015403891600927035,0.0006967200506768022,0.0005695532210134189,0.004584685874999997,2.7503511148805133,0.0998679307161937,0.0009339392335601104,-0.0012072598115627498,-0.0012096069460809519,1.00390605739367,4.844737280858075e-08,-4.218290413081382e-05,0.0022305952818900973,0.0022305952818900973,0.1419505682896932,0.9980595890873423,4.863661102734359e-08,2.7503976487078154,0.10150164867396166,0.002796189458333334,-0.000943684888869414,0.0016671043564118193,0.0007539423417381869,-0.0017884964166666626,2.7502475945300944,0.10691793945008862,-0.00015005417772107066,0.0054162907761269585,0.005371626336545504,0.9838495147163879,-5.933146254615821e-07,0.005184058614394166,-0.02216099379097214,-0.02216099379097214,0.12046750951866869,1.0083148820828403,-5.83732306334513e-07,2.749711017412266,0.1011741644784287,0.0036904376666666654,0.001323645918709385,0.000982412504616748,0.0005149018759834827,0.0032930326916666636,2.751086849328806,0.1044328130924439,0.0013758319165400046,0.0032586486140152027,0.003242138727936374,0.9899926248412971,3.02193477841755e-07,0.0049619286236113795,-0.017971196501012247,-0.017971196501012247,0.17670003898695355,1.0050922824296717,2.991693143384794e-07]"
/multi_agv/m2b_algorithm_state,1789558506.0671885,1789558506.0671885,m2b_algorithm_state_v1:header6+3x20,"[1.0,-0.15,0.52,2.7518412686032705,0.10125034016485879,1789558506.066941,2.7504165259825513,0.10107520187209126,0.0036904376666666654,0.0015403112354777661,0.0006967263938403075,0.0005695836987162028,0.004584685874999997,2.751403642424483,0.09971263661524726,0.0009871164419319456,-0.0013625652568440005,-0.0013655586195423976,1.0044162715058875,6.171733189324536e-08,-0.00013166306712746566,0.0026158268416977683,0.0026158268416977683,0.1419516212414732,0.9978079573768864,6.19898923875049e-08,2.7513969961867044,0.10150164222271466,0.002796189458333334,-0.0009436010583322683,0.0016670997065642013,0.0007539084228072035,-0.0017884964166666626,2.751907975725476,0.10842844834792845,0.0005109795387716609,0.006926806125213791,0.006854597330543836,0.97970598854676,-9.691035181513527e-07,0.007493321754008412,-0.03134104250786991,-0.03134104250786991,0.12046817065807273,1.0105343598154477,-9.49436520254614e-07,2.7507103666842934,0.10117417415053084,0.0036904376666666654,0.0013235949474062238,0.0009824144687166306,0.0005149229484128965,0.0032930326916666636,2.7523476561706675,0.1052717389061262,0.0016372894863740939,0.004097564755595362,0.004071626146477457,0.9875371616777558,4.774882499801867e-07,0.006118238004445074,-0.022569482574494926,-0.022569482574494926,0.1767020957383738,1.006370577303701,4.7153739111991224e-07]"
/multi_agv/m2b_algorithm_state,1789558506.077297,1789558506.077297,m2b_algorithm_state_v1:header6+3x20,"[1.0,-0.15,0.52,2.752837446017869,0.10125036493233053,1789558506.0771651,2.751416498364632,0.10107520303782011,0.0036904376666666654,0.0015403056567990458,0.0006967264537686363,0.0005695860856774977,0.004584685874999997,2.752294640296448,0.09862476540088577,0.0008781419318157901,-0.0024504376369343384,-0.002460198509512606,1.0080400470600157,1.997529182883362e-07,-0.0013625210947428683,0.0074280884129189866,0.0074280884129189866,0.14195046381524185,0.9960324857768483,2.013589411517499e-07,2.7523969684394634,0.10150164227406913,0.002796189458333334,-0.0009435959871615528,0.001667099508577241,0.0007539063276310598,-0.0017884964166666626,2.7529888962163453,0.10842844834792845,0.0005919277768819953,0.006926806073859315,0.00685459728028322,0.9797059886997577,-9.690982953704128e-07,0.007594507001385714,-0.03170855620931232,-0.03170855620931232,0.12046744392830742,1.0105343597331091,-9.4943140361312e-07,2.7517103390057174,0.10117417518268709,0.0036904376666666654,0.0013235914985637687,0.0009824143727819711,0.0005149244932581539,0.0032930326916666636,2.7534716154617347,0.10605351856632035,0.0017612764560173133,0.004879343383633258,0.004842781518808999,0.9852926972352439,6.766503116032527e-07,0.007044377088830641,-0.02632956850062001,-0.02632956850062001,0.17669983494652183,1.0075497654978354,6.666986106046372e-07]"
/multi_agv/m2b_algorithm_state,1789558506.0871723,1789558506.0871723,m2b_algorithm_state_v1:header6+3x20,"[1.0,-0.15,0.52,2.7538376443548316,0.10125036345741552,1789558506.0870392,2.752412683485516,0.1010752613795094,0.0036904376666666654,0.0015398957290435524,0.0006967652927471588,0.0005697435703108239,0.004584685874999997,2.753167629500857,0.09715345046967401,0.0007549460153413179,-0.003921810909835385,-0.003947090754682271,1.0130815950127667,5.120039884447227e-07,-0.0030034082355056236,0.013790643166287008,0.013790643166287008,0.1419525693222474,0.9935953221199949,5.187018172664779e-07,2.7533931364453053,0.10150160779164853,0.002796189458333334,-0.0009431520485107471,0.0016670712823096956,0.0007537285779539854,-0.0017884964166666626,2.7539282736728814,0.10789990525802358,0.0005351372275761435,0.006398297466375047,0.006336436541784862,0.9811382597414111,-8.268312972038754e-07,0.007005358076255041,-0.02927978723638081,-0.02927978723638081,0.12046877219012664,1.009762730863357,-8.112358200383438e-07,2.752706518122785,0.10117422562583368,0.0036904376666666654,0.0013233184241326422,0.0009824277770488004,0.0005150358880364712,0.0032930326916666636,2.7546441121522816,0.10619830644402432,0.0019375940294965588,0.0050240808181906405,0.004985360526912436,0.984881773181981,7.171579037446842e-07,0.007407353063783134,-0.027719427593609316,-0.027719427593609316,0.17670396784526346,1.007766798623526,7.063157478915371e-07]"
/multi_agv/m2b_algorithm_state,1789558506.0970855,1789558506.0970855,m2b_algorithm_state_v1:header6+3x20,"[1.0,-0.15,0.52,2.7548373509022626,0.10125036518220977,1789558506.0969799,2.753412881473042,0.10107525512393038,0.0036904376666666654,0.0015399447309090348,0.0006967634218296931,0.0005697233032134623,0.004584685874999997,2.7542596590961526,0.09854509922727475,0.0008467776231104729,-0.002530155896655631,-0.0025405684193428872,1.0083090374724493,2.129223181570845e-07,-0.0014820963904547961,0.007882184968175474,0.007882184968175474,0.14195257029374309,0.9959014988110616,2.146914976773725e-07,2.7543933350318164,0.10150161422569316,0.002796189458333334,-0.0009432076844872739,0.0016670720309557296,0.0007537523048328915,-0.0017884964166666626,2.755007190505734,0.10789990525802358,0.0006138554739174573,0.0063982910323304165,0.006336430234631574,0.9811382790020236,-8.268783888007719e-07,0.007103749577028396,-0.02963662717598626,-0.02963662717598626,0.12046877159629782,1.009762720555297,-8.112820393319554e-07,2.753706716559635,0.10117422102262305,0.0036904376666666654,0.00132334784994508,0.0009824276857991043,0.0005150231805890028,0.0032930326916666636,2.7555738918724404,0.10415423652286819,0.001867175312805447,0.0029800155002451395,0.002966179009250485,0.990819005703326,2.5272113936562866e-07,0.005300148150257294,-0.019040171921905123,-0.019040171921905123,0.1767039658559424,1.0046647525154426,2.504009080264639e-07]"
/multi_agv/m2b_algorithm_state,1789558506.107224,1789558506.107224,m2b_algorithm_state_v1:header6+3x20,"[1.0,-0.15,0.52,2.755837452979211,0.1012503643626647,1789558506.1070695,2.7544125886328223,0.10107525678583736,0.0036904376666666654,0.0015399374850190374,0.0006967664537857129,0.0005697248669585347,0.004584685874999997,2.7553933302592504,0.10049391998483631,0.0009807416264280278,-0.000581336801001045,-0.0005818784796973881,1.0018676496239092,1.1225620178182111e-08,0.0006440485533376466,-0.00048059128273186336,-0.00048059128273186336,0.14195257042177245,0.9990690862177531,1.124658570348604e-08,2.7553930406788987,0.1015016156237624,0.002796189458333334,-0.0009432021818644018,0.0016670693299070116,0.0007537513246578947,-0.0017884964166666626,2.7560926156231,0.1080298890200662,0.0006995749442011423,0.0065282733963037964,0.006463937889853801,0.9807842834006236,-8.607184999222345e-07,0.007338406570105229,-0.030558943310596325,-0.030558943310596325,0.1204687715363178,1.0099529895779136,-8.441791771558884e-07,2.754706423395068,0.10117422313702956,0.0036904376666666654,0.001323340347290917,0.0009824292227035743,0.0005150256332901327,0.0032930326916666636,2.756494380923567,0.10446064732790517,0.001787957528498918,0.003286424190875603,0.0032696352176237484,0.9899105526677342,3.072894308993229e-07,0.005504582128247396,-0.019934210230342364,-0.019934210230342364,0.17670396569414915,1.005134815395112,3.0418905037050224e-07]"
/multi_agv/m2b_algorithm_state,1789558506.1170244,1789558506.1170244,m2b_algorithm_state_v1:header6+3x20,"[1.0,-0.15,0.52,2.7568374245743463,0.10125036442307271,1789558506.1169302,2.7554126905006893,0.10107525239033781,0.0036904376666666654,0.0015399731074389475,0.0006967653574315056,0.0005697099964054899,0.004584685874999997,2.7565104726438605,0.10097167172309285,0.0010977821431712442,-0.00010358066724495962,-0.00010359780197564215,1.0003309774489595,3.5626861035244296e-10,0.0012686298769884132,-0.002915409519102327,-0.002915409519102327,0.14195257121397567,0.9998346033375636,3.5638652722824174e-10,2.756393142858901,0.10150162069207673,0.002796189458333334,-0.0009432433024862789,0.0016670696390699291,0.0007537689882361059,-0.0017884964166666626,2.7571728075637103,0.1080298890200662,0.0007796647048095018,0.006528268327989473,0.0064639329234669396,0.9807842985549949,-8.607546718686529e-07,0.007438513804478817,-0.03092213763645434,-0.03092213763645434,0.12046877106780345,1.0099529814563772,-8.442146670766315e-07,2.7557065255780424,0.10117422000557955,0.0036904376666666654,0.001323361490371123,0.0009824293366952792,0.0005150164093229077,0.0032930326916666636,2.757566842204283,0.1047469180657232,0.0018603166262405324,0.003572698060143653,0.0035528999625661834,0.9890677065145385,3.6308160692366936e-07,0.0058782957453668485,-0.021427586549485615,-0.021427586549485615,0.17670396405031694,1.0055723768713065,3.591122922376068e-07]"
/multi_agv/m2b_algorithm_state,1789558506.1270585,1789558506.1270585,m2b_algorithm_state_v1:header6+3x20,"[1.0,-0.15,0.52,2.7578376162233647,0.10125036310501184,1789558506.1269577,2.7564126621244704,0.10107525031353902,0.0036904376666666654,0.0015399921367723448,0.0006967654893321295,0.0005697016793901359,0.004584685874999997,2.757415004996597,0.09990786451012132,0.001002342872126416,-0.0011673858034177004,-0.0011695797923592147,1.0037753444000164,4.5287015902981434e-08,8.334879779880533e-05,0.0017686439007154704,0.0017686439007154704,0.14195257179914778,0.998124122051486,4.545798998486421e-08,2.75739311428583,0.10150162416987905,0.002796189458333334,-0.0009432663485486109,0.0016670691344509159,0.0007537792404190141,-0.0017884964166666626,2.758343255419061,0.1076147985994611,0.0009501411332308862,0.0061131744295820495,0.006056580296654383,0.9819187549550821,-7.550506098838346e-07,0.007244256713192991,-0.029989918054608142,-0.029989918054608142,0.12046877071830657,1.0093442388535536,-7.413983547852102e-07,2.756706497312739,0.10117421878580007,0.0036904376666666654,0.001323371994347376,0.0009824298207472106,0.0005150116044999086,0.0032930326916666636,2.7591061147513,0.10469919393009532,0.002399617438561208,0.003524975144295242,0.0035056954247256245,0.9892078160093363,3.534623751957689e-07,0.006505217222927134,-0.023654928598267806,-0.023654928598267806,0.17670396287433512,1.005499542097593,3.496477442088791e-07]"
/multi_agv/m2b_algorithm_state,1789558506.137002,1789558506.137002,m2b_algorithm_state_v1:header6+3x20,"[1.0,-0.15,0.52,2.7588376497563054,0.10125036285575406,1789558506.1369097,2.7574128533362225,0.10107524508752118,0.0036904376666666654,0.0015400333228594537,0.0006967632816561316,0.0005696849752683446,0.004584685874999997,2.7582845805104106,0.09934097598913008,0.0008717271741880417,-0.0017342690983910974,-0.0017391319768521444,1.0056446042140492,9.998981294545933e-08,-0.0006494730091170923,0.004607217185794226,0.004607217185794226,0.14195257279174292,0.9972038473642185,1.0055421586497326e-07,2.758393306347529,0.10150162943889736,0.002796189458333334,-0.0009433134231228556,0.001667070372492585,0.0007537990016565493,-0.0017884964166666626,2.7594191958161094,0.1076147985994611,0.0010258894685803988,0.0061131691605637445,0.006056575127047842,0.9819187707689548,-7.550869749850752e-07,0.00733893696277334,-0.03033298713087098,-0.03033298713087098,0.12046877016606752,1.009344230415497,-7.414340743009936e-07,2.757706688986343,0.10117421478861699,0.0036904376666666654,0.0013233975306328814,0.0009824294599765533,0.0005150007231973191,0.0032930326916666636,2.760099526264596,0.10411177232785868,0.002392837278253346,0.0029375575392416864,0.002924108170535841,0.9909454032999507,2.4558827626785327e-07,0.005915154768352523,-0.021223464189319335,-0.021223464189319335,0.17670396101524513,1.0045994771470377,2.4336457347198756e-07]"
/multi_agv/m2b_algorithm_state,1789558506.1472175,1789558506.1472175,m2b_algorithm_state_v1:header6+3x20,"[1.0,-0.15,0.52,2.7598378917701822,0.10125036130831765,1789558506.1470933,2.758412886730375,0.10107524265243967,0.0036904376666666654,0.0015400545377915026,0.0006967626010703218,0.0005696761334977595,0.004584685874999997,2.7593211102404855,0.10045702835540883,0.0009082235101103286,-0.0006182142970308363,-0.0006188270495945524,1.0019869538387425,1.2696292531378836e-08,0.0005164523380433584,-1.1675228481837887e-05,-1.1675228481837887e-05,0.14195257348268123,0.9990098161285652,1.2721519478561856e-08,2.7593933399499186,0.10150163280737634,0.002796189458333334,-0.0009433387113253824,0.0016670705808397024,0.0007538098548668104,-0.0017884964166666626,2.7605008449981523,0.10758883072987403,0.001107505048233648,0.006087197922497692,0.00603107255688927,0.9819901371292002,-7.487207603107317e-07,0.00741545386718133,-0.030595950003676473,-0.030595950003676473,0.12046876974187051,1.0093060338901594,-7.352364020890145e-07,2.7587067225886224,0.1011742131074462,0.0036904376666666654,0.0013234101864254407,0.0009824295628495742,0.0005149951839151208,0.0032930326916666636,2.7610753378910364,0.10414843058705994,0.0023686153024140566,0.002974217479613739,0.0029604341687048345,0.9908362581220985,2.5175166825601796e-07,0.005921203296722405,-0.02126455364259081,-0.02126455364259081,0.17670395961902197,1.0046558410433881,2.4944468095078874e-07]"
/multi_agv/m2b_algorithm_state,1789558506.1572225,1789558506.1572225,m2b_algorithm_state_v1:header6+3x20,"[1.0,-0.15,0.52,2.760846845838819,0.101250303937025,1789558506.1570423,2.7594131281682643,0.10107523726415153,0.0036904376666666654,0.0015400965026562022,0.0006967597182083723,0.0005696594430025649,0.004584685874999997,2.7600823689943117,0.10172552915525987,0.000669240826047357,0.0006502918911083372,0.0006496203658717324,0.9979397744953014,1.4035876199733976e-08,0.0014861713984309285,-0.004041185045804594,-0.004041185045804594,0.1419523943409444,1.0010337194950834,1.4006959129606491e-08,2.7603935825797072,0.10150163783990303,0.002796189458333334,-0.0009433864682966246,0.0016670724285741123,0.0007538295947561585,-0.0017884964166666626,2.7615687673208353,0.10758883072987403,0.0011751847411280991,0.006087192889971005,0.006031067618919999,0.9819901522368488,-7.487574126223427e-07,0.007500048545330123,-0.030902455114135353,-0.030902455114135353,0.12046865608872183,1.0093060258311375,-7.352724056094833e-07,2.759706964562576,0.10117420882089836,0.0036904376666666654,0.001323436918941582,0.0009824288639361358,0.0005149839599767367,0.0032930326916666636,2.762111186029866,0.10419061329158656,0.002404221467290135,0.003016404470688197,0.0030022319209183955,0.9907107735899652,2.589410455155124e-07,0.0060075087550310645,-0.021596453337657504,-0.021596453337657504,0.1767036058693094,1.0047206712016659,2.5653568351686766e-07]"
/multi_agv/m2b_algorithm_state,1789558506.1672819,1789558506.1672819,m2b_algorithm_state_v1:header6+3x20,"[1.0,-0.15,0.52,2.7618411626886332,0.10125034174679864,1789558506.1670926,2.760422063873493,0.10107509918346065,0.0036904376666666654,0.0015410765992721629,0.0006966666033171084,0.0005692830453982388,0.004584685874999997,2.7611793453521862,0.10213474585210935,0.0007572814786933613,0.0010596466686487033,0.001057869111356763,0.9966584535657604,3.728151132613571e-08,0.0020044709597234643,-0.006079833611003697,-0.006079833611003697,0.1419193921690169,1.001680318739679,3.71569334249008e-08,2.7614025590246403,0.1015017228310004,0.002796189458333334,-0.000944452309611753,0.0016671395574641146,0.0007542566819261631,-0.0017884964166666626,2.762195984693255,0.10729777734469624,0.0007934256686148444,0.005796054513695845,0.005745055888976853,0.9827933001699386,-6.797752779495339e-07,0.006736837974745408,-0.027980832558756975,-0.027980832558756975,0.1204479329869419,1.0088769588502775,-6.680785887899597e-07,2.7607159146183236,0.10117408979661398,0.0036904376666666654,0.0013240894936236126,0.0009823967014016563,0.0005147178239353258,0.0032930326916666636,2.7628816955637077,0.10386872164060044,0.0021657809453841104,0.002694631843986467,0.0026832939976938414,0.9916710108018841,2.0679544350772056e-07,0.005390520179423979,-0.01921433229084097,-0.01921433229084097,0.17663914910457343,1.0042253462730397,2.0507304649252518e-07]"
/multi_agv/m2b_algorithm_state,1789558506.177519,1789558506.177519,m2b_algorithm_state_v1:header6+3x20,"[1.0,-0.15,0.52,2.762847536241045,0.10125030165023097,1789558506.1773937,2.761416391939482,0.10107519280491885,0.0036904376666666654,0.0015404130108926544,0.0006967231967230697,0.000569541246410762,0.004584685874999997,2.7620765774606904,0.10039308089368465,0.0006601855212085006,-0.0006821119112341983,-0.0006828582362028315,1.0021939075703348,1.5460746170604612e-08,0.0001423736653077942,0.0013424800959741293,0.0013424800959741293,0.14193828468613146,0.9989070572352128,1.5494665618671326e-08,2.762396862547641,0.10150166329490175,0.002796189458333334,-0.0009437306047612973,0.001667099577024267,0.000753964644309324,-0.0017884964166666626,2.763256001109794,0.10729777734469624,0.0008591385621530279,0.005796114049794493,0.005745114358535819,0.982793120970122,-6.792699313079531e-07,0.006819037561227104,-0.028277655601078176,-0.028277655601078176,0.12045979653150743,1.0088770541500016,-6.675818157713036e-07,2.761710233578776,0.10117416914057532,0.0036904376666666654,0.0013236544662697755,0.0009824150337184754,0.0005148968555727129,0.0032930326916666636,2.763941518684628,0.1042288917017465,0.00223128510585191,0.003054722561171175,0.0030401918761610784,0.9905969001787374,2.655975533187739e-07,0.0058292982584759664,-0.020977229077738344,-0.020977229077738344,0.1766760462391005,1.0047795289251429,2.631001130126343e-07]"
/multi_agv/m2b_algorithm_state,1789558506.187257,1789558506.187257,m2b_algorithm_state_v1:header6+3x20,"[1.0,-0.15,0.52,2.7638417576225573,0.10125034011495578,1789558506.187151,2.7624227524469367,0.1010750974472149,0.0036904376666666654,0.0015410891765369646,0.0006966568835543355,0.0005692826493765872,0.004584685874999997,2.762949797882119,0.09892701638584685,0.0005270454351822274,-0.0021480810613680595,-0.0021555647453868313,1.007024098579263,1.53547135432117e-07,-0.001496757951409047,0.007773130133697868,0.007773130133697868,0.14191443503793225,0.9965282026277391,1.5462566564795564e-07,2.763403252118726,0.10150172100021358,0.002796189458333334,-0.0009444651564647173,0.0016671476330429869,0.0007542580499478035,-0.0017884964166666626,2.7644787986822132,0.10757154401780519,0.0010755465634870731,0.006069823017591611,0.006014010225023387,0.9820379287381661,-7.453519224444994e-07,0.007358443429382229,-0.030381000676466006,-0.030381000676466006,0.12044482001086551,1.0092804618681883,-7.319638580984064e-07,2.7627166041574727,0.10117408650326445,0.0036904376666666654,0.001324106718416311,0.0009823916694758463,0.000514712975012402,0.0032930326916666636,2.7650516283466686,0.10440174398023398,0.0023350241891959556,0.003227657476969528,0.0032114562935966966,0.9900842603702108,2.9658319198503066e-07,0.0061302365300916414,-0.022148461038282066,-0.022148461038282066,0.1766294686680499,1.0050448089252018,2.936423502747353e-07]"
/multi_agv/m2b_algorithm_state,1789558506.1974156,1789558506.1974156,m2b_algorithm_state_v1:header6+3x20,"[1.0,-0.15,0.52,2.7648376069711227,0.10125036709895964,1789558506.1972723,2.7634169853071175,0.10107519261647638,0.0036904376666666654,0.001540414417215035,0.0006967147177109995,0.0005695450471538936,0.004584685874999997,2.76405621088568,0.09859214955262491,0.0006392255785625522,-0.00248304306385147,-0.0024930678795000846,1.0081500126766836,2.0512296972132828e-07,-0.0016940359062968943,0.008608351216240722,0.008608351216240722,0.14193366468491775,0.9959789239069478,2.067947245248361e-07,2.764397459853055,0.10150166048133595,0.002796189458333334,-0.0009437309635920831,0.0016671066914932808,0.0007539610991405127,-0.0017884964166666626,2.765448162035219,0.10639620391627935,0.001050702182164187,0.004894543434943402,0.004857923547663378,0.9853166371273522,-4.847392218772232e-07,0.006171301275368612,-0.025450982572427047,-0.025450982572427047,0.12045689549610686,1.0075381769434468,-4.77621619983795e-07,2.763710827707499,0.10117416724705501,0.0036904376666666654,0.001323663884996655,0.0009824104045672586,0.0005148951807677198,0.0032930326916666636,2.766133655258444,0.1045699582237155,0.002422827550944806,0.0033957909766604844,0.003377880886990813,0.9895878746260297,3.2813463992320933e-07,0.006406415325671821,-0.02323037522111925,-0.02323037522111925,0.1766670228926467,1.0053021673258664,3.247180609127863e-07]"
/multi_agv/m2b_algorithm_state,1789558506.207587,1789558506.207587,m2b_algorithm_state_v1:header6+3x20,"[1.0,-0.15,0.52,2.765837803753398,0.10125036570557087,1789558506.2073984,2.7644128430009847,0.10107525692677852,0.0036904376666666654,0.001539961285145958,0.0006967568351888603,0.0005697195537514851,0.004584685874999997,2.7651124937192737,0.1001482904205464,0.0006996507182890355,-0.0009269665062321131,-0.0009283473561358372,1.0029897003469523,2.8549132872098855e-08,-5.37839582745429e-05,0.0021461243844955536,0.0021461243844955536,0.14194712646617866,0.9985125719434674,2.8634486224551756e-08,2.765393299072487,0.10150162172574018,0.002796189458333334,-0.0009432395165030047,0.0016670763040931291,0.0007537638803416097,-0.0017884964166666626,2.766490192386674,0.10660109513767686,0.0010968933141866088,0.005099473411936686,0.005059785121066811,0.9847381664476449,-5.258202378491387e-07,0.006430901763800072,-0.02649754611190123,-0.02649754611190123,0.12046534840704437,1.0078438688442777,-5.177952569006253e-07,2.7647066788398966,0.10117422264436023,0.0036904376666666654,0.0013233628254994485,0.00098242475941539,0.00051501821151956,0.0032930326916666636,2.767055870948168,0.10348983995561856,0.0023491921082712253,0.0023156173112583306,0.0023072204944114367,0.992811415804234,1.5267247316046994e-07,0.005243710629750468,-0.0184916985324055,-0.0184916985324055,0.1766933160786402,1.0036393647105826,1.5157497423278008e-07]"
/multi_agv/m2b_algorithm_state,1789558506.217395,1789558506.217395,m2b_algorithm_state_v1:header6+3x20,"[1.0,-0.15,0.52,2.766840746983981,0.10125034686382033,1789558506.2172453,2.765413039430471,0.10107525132458332,0.0036904376666666654,0.0015400048864910917,0.0006967549887280985,0.0005697016148306975,0.004584685874999997,2.7662808898586353,0.10048040954293128,0.0008678504281642851,-0.0005948417816520474,-0.0005954089778892709,1.001911328765273,1.1753865619272321e-08,0.0004894040573160855,7.346352251191455e-05,7.346352251191455e-05,0.1419451731747843,0.9990473838012415,1.177633112073359e-08,2.7663934961482433,0.10150162730149592,0.002796189458333334,-0.0009432888062177345,0.0016670771845355148,0.0007537847877751719,-0.0017884964166666626,2.767552392029096,0.10660109513767686,0.0011588958808528282,0.00509946783618094,0.005059779633468104,0.984738183336785,-5.258465541192269e-07,0.006508399484534139,-0.026777466951037134,-0.026777466951037134,0.12046412192107708,1.0078438599282697,-5.178211804172759e-07,2.76570687568148,0.10117421849063335,0.0036904376666666654,0.001323389070004751,0.0009824245569496574,0.0005150069408891224,0.0032930326916666636,2.7680988943871916,0.10361599069683194,0.002392018705711596,0.0024417722061985947,0.0024324444884095847,0.9924307158277724,1.697481399159795e-07,0.005422467870549079,-0.019197299621508304,-0.019197299621508304,0.1766895007727066,1.0038347094182236,1.684632680072484e-07]"
/multi_agv/m2b_algorithm_state,1789558506.2272828,1789558506.2272828,m2b_algorithm_state_v1:header6+3x20,"[1.0,-0.15,0.52,2.767842354418311,0.10125033717140398,1789558506.2271369,2.7664159767131,0.10107520442973345,0.0036904376666666654,0.001540340276873298,0.0006967247760215399,0.0005695719521356194,0.004584685874999997,2.7670687211939895,0.09909235096032125,0.0006527444808894778,-0.0019828534694121963,-0.001989222226641601,1.0064717675176456,1.307563275966406e-07,-0.0011732916255297538,0.006562172715863281,0.006562172715863281,0.1419334819553904,0.9967983681540916,1.3160255215030714e-07,2.767396446532103,0.10150165760867992,0.002796189458333334,-0.0009436547165333183,0.001667098644366316,0.0007539322345787719,-0.0017884964166666626,2.7685528413550364,0.1075266885486871,0.0011563948229333931,0.006025030940007184,0.005970019897887545,0.9821611548336451,-7.337888378890896e-07,0.007415513426554286,-0.030562297477863883,-0.030562297477863883,0.12045678074374266,1.009214549207634,-7.206988924251867e-07,2.7667098177067397,0.10117417855304763,0.0036904376666666654,0.0013236103397796027,0.0009824144188729017,0.000514916302500001,0.0032930326916666636,2.7690176897051675,0.10429838038161869,0.0023078719984277463,0.003124201828571066,0.0031090106595156055,0.9903906942002118,2.7779291414525623e-07,0.005993850657550289,-0.02160447805457079,-0.02160447805457079,0.1766666660635248,1.004886174644968,2.7512351708422016e-07]"
/multi_agv/m2b_algorithm_state,1789558506.2371867,1789558506.2371867,m2b_algorithm_state_v1:header6+3x20,"[1.0,-0.15,0.52,2.768838805369842,0.10125036050717168,1789558506.2370007,2.767417580860355,0.10107518108321784,0.0036904376666666654,0.0015405073776462944,0.0006967079655755271,0.0005695082648212334,0.004584685874999997,2.76787165455592,0.09754944530871405,0.0004540736955651603,-0.0035257357745037826,-0.0035461066688815043,1.011708478794712,4.138697192518538e-07,-0.002978514549425054,0.013546140458075508,0.013546140458075508,0.14192652804912537,0.9942554197377974,4.187155040834875e-07,2.768398058022962,0.10150167211696692,0.002796189458333334,-0.0009438368125140495,0.0016671108139529878,0.0007540048366887903,-0.0017884964166666626,2.769625178353314,0.1075266885486871,0.001227120330351994,0.0060250164317201815,0.005970005659491721,0.9821611984120784,-7.339268621669767e-07,0.007503906072431714,-0.030882628035791403,-0.030882628035791403,0.12045241406153831,1.0092145259763696,-7.208344864927341e-07,2.767711424371616,0.10117415831402722,0.0036904376666666654,0.0013237223403577462,0.0009824083991566424,0.0005148708858254965,0.0032930326916666636,2.7701180733334634,0.1049613560545357,0.0024066489618475018,0.00378719774050848,0.0037649872624575687,0.9884398993302302,4.0803173595422224e-07,0.006773298464766946,-0.02475962131375602,-0.02475962131375602,0.17665308488554157,1.0058992173153898,4.033148480101305e-07]"
/multi_agv/m2b_algorithm_state,1789558506.2471864,1789558506.2471864,m2b_algorithm_state_v1:header6+3x20,"[1.0,-0.15,0.52,2.769844322824492,0.10125032535554042,1789558506.2470858,2.7684140389160925,0.10107523724750865,0.0036904376666666654,0.0015401112846824615,0.0006967438057215777,0.0005696613124756638,0.004584685874999997,2.7687976778253325,0.0975334897361171,0.00038363890923998056,-0.003541747511391552,-0.003562306305987912,1.0117637505102408,4.1753409429381745e-07,-0.0030827576694379363,0.013917428298649635,0.013917428298649635,0.14193785537446488,0.99422879650697,4.224458612086093e-07,2.7693945004071323,0.10150163780671724,0.002796189458333334,-0.0009434070033193455,0.0016670851118703034,0.0007538318986366893,-0.0017884964166666626,2.7705356369599583,0.10651643854656569,0.0011411365528259942,0.005014800739848446,0.004976394617168962,0.984976830720136,-5.086282261805688e-07,0.006402815308201455,-0.026350791940519095,-0.026350791940519095,0.12045952694557784,1.007717660200616,-5.009870182381412e-07,2.768707876786302,0.10117420646728914,0.0036904376666666654,0.001323460239780539,0.000982420426376752,0.0005149782401342299,0.0032930326916666636,2.7710286472613554,0.10343050776887765,0.002320770475053635,0.0022563013015885064,0.0022483255621035224,0.9929908003326425,1.4496815439947835e-07,0.005149288655920566,-0.018122910847355258,-0.018122910847355258,0.17667520774883505,1.0035474130701616,1.439520436598841e-07]"
/multi_agv/m2b_algorithm_state,1789558506.2573102,1789558506.2573102,m2b_algorithm_state_v1:header6+3x20,"[1.0,-0.15,0.52,2.7708432174602557,0.10125033362051948,1789558506.257096,2.76941954516979,0.10107515208065701,0.0036904376666666654,0.0015407166763302836,0.0006966869125442086,0.000569428493245541,0.004584685874999997,2.77013332099123,0.09915343549023327,0.0007137758214401657,-0.0019217165904237415,-0.0019276959211367197,1.0062679164727417,1.2284251379662802e-07,-0.0010354761443365126,0.006050469613780828,0.006050469613780828,0.1419170403184912,0.9968981981818729,1.236124804124069e-07,2.7704000314837747,0.10150169071911348,0.002796189458333334,-0.0009440655314685714,0.0016671259778484604,0.0007540960907192057,-0.0017884964166666626,2.771595667565941,0.10731679924830707,0.0011956360821661072,0.005815108529193591,0.0057637815224200525,0.982740555237153,-6.839613028079828e-07,0.0072583266251276864,-0.029878350276766424,-0.029878350276766424,0.1204464560784057,1.008905092355407,-6.721565104822435e-07,2.769713391819911,0.10117413326685075,0.0036904376666666654,0.0013238623776521976,0.0009824008341190685,0.0005148141201452411,0.0032930326916666636,2.772033972049005,0.10321699673384516,0.0023205802290937605,0.0020428634669944074,0.0020363147017212818,0.9936383344409574,1.1889353446791623e-07,0.004937039988088482,-0.017252917510438705,-0.017252917510438705,0.176634556284586,1.003215988799565,1.1813717356449885e-07]"
/multi_agv/m2b_algorithm_state,1789558506.2672753,1789558506.2672753,m2b_algorithm_state_v1:header6+3x20,"[1.0,-0.15,0.52,2.7718392375600085,0.10125035979451151,1789558506.2671623,2.7704184419795053,0.10107517343813875,0.0036904376666666654,0.001540565577063034,0.0006966976639031222,0.000569488396191714,0.004584685874999997,2.7712367037010757,0.10003186740092163,0.0008182617215704013,-0.001043306037217126,-0.0010450567837877959,1.0033693508647366,3.618207039583815e-08,-2.222963182479422e-05,0.002087061055384695,0.002087061055384695,0.14191970341363733,0.9983247354614317,3.630398048601433e-08,2.7713989236726886,0.10150167645930522,0.002796189458333334,-0.0009439008293569721,0.0016671186372980706,0.0007540285163572247,-0.0017884964166666626,2.772708112446649,0.10734342613101006,0.001309188773960468,0.005841749671704838,0.005789961861586942,0.9826668563397459,-6.90107270061173e-07,0.007426447829037527,-0.03050136375343913,-0.03050136375343913,0.12044812844290198,1.0089444129954426,-6.781455416082169e-07,2.770712286728574,0.10117415096411446,0.0036904376666666654,0.0013237653180109411,0.0009824037936565283,0.0005148546522642026,0.0032930326916666636,2.7731892236724165,0.10407760043043816,0.002476936943842656,0.0029034494663237043,0.0028903071879923747,0.9910470273275558,2.399912853584545e-07,0.005986478367795695,-0.021460788981278688,-0.021460788981278688,0.17663975691281378,1.0045470178346192,2.3784264993901553e-07]"
/multi_agv/m2b_algorithm_state,1789558506.2772074,1789558506.2772074,m2b_algorithm_state_v1:header6+3x20,"[1.0,-0.15,0.52,2.7728391366487544,0.10125036058050252,1789558506.2770963,2.7714144700798196,0.10107523663291608,0.0036904376666666654,0.0015401193343416533,0.0006967379936214432,0.0005696608464373837,0.004584685874999997,2.7721670543418515,0.09891872201909296,0.0007525842620319523,-0.0021565146138231156,-0.0021640576409730195,1.007052331360443,1.5465855372980375e-07,-0.0012233273134330792,0.0068126125365882435,0.0068126125365882435,0.14193255714402714,0.9965144056206783,1.557492570984332e-07,2.7723949341327256,0.10150163762616442,0.002796189458333334,-0.0009434162135938057,0.0016670897181523259,0.0007538334949587361,-0.0017884964166666626,2.7736809585459397,0.10622241925762388,0.0012860244132140153,0.004720781631459461,0.004686670362016142,0.9858093635979879,-4.508444436821337e-07,0.006294200878533661,-0.025801132597789503,-0.025801132597789503,0.120456200020914,1.0072783590072343,-4.444466741079731e-07,2.7717083084674794,0.10117420512445402,0.0036904376666666654,0.0013234700441161445,0.0009824172886865332,0.0005149756224150635,0.0032930326916666636,2.774302474254903,0.10490408378531743,0.0025941657874235524,0.0037298786608634116,0.0037083260130544872,0.9886073557795877,3.9571620479428296e-07,0.006951033247333928,-0.02536793963323652,-0.02536793963323652,0.17666485975154828,1.005811961443803,3.912079508608099e-07]"
/multi_agv/m2b_algorithm_state,1789558506.2872772,1789558506.2872772,m2b_algorithm_state_v1:header6+3x20,"[1.0,-0.15,0.52,2.7738444319729614,0.10125032687481905,1789558506.2872076,2.772414369424655,0.10107523705871384,0.0036904376666666654,0.0015401192580517245,0.0006967391803353704,0.0005696602622506068,0.004584685874999997,2.7730856158165365,0.0982316808703791,0.0006712463918816525,-0.0028435561883347338,-0.00285673901026573,1.0093711491255037,2.690222159206555e-07,-0.0020176810204136646,0.009896458424400335,0.009896458424400335,0.14193165965646845,0.9953853600613763,2.7154326322412146e-07,2.773394832841235,0.10150163877956574,0.002796189458333334,-0.0009434173875140801,0.0016670885774408006,0.0007538345971896399,-0.0017884964166666626,2.774394356467112,0.10610381767231275,0.0009995236258770746,0.004602178892747014,0.004569730667180853,0.9861468687522373,-4.2851614626866633e-07,0.0058191351995271964,-0.024024709318731727,-0.024024709318731727,0.12045563644787627,1.0071006866551675,-4.2257985585262105e-07,2.772708207680374,0.101174205903228,0.0036904376666666654,0.0013234683664826532,0.0009824178909009001,0.0005149760363717792,0.0032930326916666636,2.7752099164437865,0.10359918490434465,0.0025017087634124913,0.002424979001116656,0.0024157779693432567,0.9924813270364831,1.6743344614466035e-07,0.005542913923608871,-0.01961963628600136,-0.01961963628600136,0.17666310696909593,1.0038087241005433,1.6617456881994402e-07]"
/multi_agv/m2b_algorithm_state,1789558506.2970083,1789558506.2970083,m2b_algorithm_state_v1:header6+3x20,"[1.0,-0.15,0.52,2.7748425567364996,0.10125033999077326,1789558506.296928,2.7734196540296643,0.10107515536739735,0.0036904376666666654,0.001540699891019552,0.0006966847086744997,0.0005694369153316308,0.004584685874999997,2.7741076413305867,0.09983456085735039,0.0006879873009224546,-0.0012405945100469606,-0.0012430736755497038,1.0040154223900242,5.117124265162261e-08,-0.0003830895493966355,0.003450603651907435,0.003450603651907435,0.14191163372690183,0.9980056166006036,5.1376716805091296e-08,2.774400141199228,0.10150168953866552,0.002796189458333334,-0.0009440488878380295,0.001667127678799396,0.0007540879915394205,-0.0017884964166666626,2.7754707911357377,0.10666392883318752,0.0010706499365098487,0.005162239294522003,0.005121587575761604,0.984561582830053,-5.392789168569198e-07,0.006459899996398915,-0.026636846201852034,-0.026636846201852034,0.12044306080662552,1.007937327666286,-5.309533039675255e-07,2.773713500689992,0.10117413571839427,0.0036904376666666654,0.001323853905814828,0.0009823991324645178,0.0005148186774825655,0.0032930326916666636,2.7758532502878825,0.10288451141659122,0.002139749597890539,0.0017103756981969448,0.001705773565745896,0.9946534700897328,8.336170562009096e-08,0.00438046056310907,-0.015093765058661909,-0.015093765058661909,0.17662399833369627,1.0026979738363084,8.291600976762225e-08]"
/multi_agv/m2b_algorithm_state,1789558506.3073559,1789558506.3073559,m2b_algorithm_state_v1:header6+3x20,"[1.0,-0.15,0.52,2.7758422479131704,0.10125034274866802,1789558506.3072424,2.7744177825482317,0.10107518818046739,0.0036904376666666654,0.0015404677345958366,0.0006967034683449385,0.0005695277876788473,0.004584685874999997,2.7752468118359754,0.10121745784994905,0.0008290292877437544,0.00014226966948166497,0.000142237403984113,0.9995466615440999,6.722165840510238e-10,0.001178524013663806,-0.002709455062055689,-0.002709455062055689,0.14191702543658505,1.0002268425649528,6.719118424227797e-10,2.775398261572631,0.10150166842073954,0.002796189458333334,-0.00094379615154445,0.0016671145083946293,0.0007539852898988397,-0.0017884964166666626,2.7766271029127174,0.1073596488219673,0.001228841340086273,0.005857980401227758,0.005805910891540487,0.9826219800382604,-6.938612824216907e-07,0.007341962566648329,-0.030204339243832326,-0.030204339243832326,0.12044644672404319,1.0089683618401961,-6.818033472050883e-07,2.774711626088636,0.10117416337111286,0.0036904376666666654,0.0013237025142346505,0.0009824049108851486,0.0005148812941130503,0.0032930326916666636,2.776953545098761,0.10337820412122498,0.0022419190101250486,0.0022040407501121156,0.002196427176407741,0.993149050417459,1.3836115669735578e-07,0.004998825939064052,-0.01755730024123474,-0.01755730024123474,0.17663452722573103,1.0034663447011372,1.3741325138864016e-07]"
/multi_agv/m2b_algorithm_state,1789558506.3171997,1789558506.3171997,m2b_algorithm_state_v1:header6+3x20,"[1.0,-0.15,0.52,2.7768387382302238,0.10125036568971661,1789558506.3170526,2.7754174743731244,0.10107519510413945,0.0036904376666666654,0.0015404198116097615,0.0006967065189694029,0.0005695469735253946,0.004584685874999997,2.776296527063979,0.10121766872728806,0.0008790526908546425,0.00014247362314860623,0.00014244126512787537,0.9995460127434117,6.741242150636973e-10,0.0012412571286961787,-0.0029324129871738398,-0.0029324129871738398,0.1419168651065906,1.0002271674623346,6.738181712607008e-10,2.7763979520475224,0.10150166402286682,0.002796189458333334,-0.0009437441002519611,0.0016671124030547269,0.0007539638225963902,-0.0017884964166666626,2.777826379223674,0.10715169896656607,0.0014284271761515477,0.005650034943699242,0.005601519245517528,0.9831982511686239,-6.455479988090117e-07,0.007387053215706963,-0.03025330024575243,-0.03025330024575243,0.12044634605163766,1.0086611678109538,-6.347016634744252e-07,2.7757113173188657,0.1011741691189978,0.0036904376666666654,0.0013236718314684772,0.000982405600142489,0.0005148942353662331,0.0032930326916666636,2.7780189044673147,0.10388109010075995,0.0023075871484490307,0.0027069209817621454,0.0026954805655959287,0.9916342127711816,2.0861812781191709e-07,0.005579964501157217,-0.019900022790517925,-0.019900022790517925,0.17663421411934385,1.0042442955487187,2.0687287294256814e-07]"
/multi_agv/m2b_algorithm_state,1789558506.3273027,1789558506.3273027,m2b_algorithm_state_v1:header6+3x20,"[1.0,-0.15,0.52,2.7778501030764566,0.10125029260780825,1789558506.32719,2.7764139717997174,0.10107524983592465,0.0036904376666666654,0.0015400340113536676,0.0006967423547155063,0.0005696955620100362,0.004584685874999997,2.777531613418582,0.10024774242957345,0.0011176416188645177,-0.0008275074063512078,-0.0008286070107242049,1.002665923693247,2.275094732667268e-08,0.0005684450128564423,-0.00010061293869844919,-0.00010061293869844919,0.14192805130888206,0.9986729482628488,2.2811599616194672e-08,2.777394433742825,0.10150163095999429,0.002796189458333334,-0.0009433254601432448,0.0016670865378021205,0.0007537958108330411,-0.0017884964166666626,2.778735216108653,0.10569779133539547,0.0013407823658280194,0.004196160375401187,0.004169101118044103,0.987309572192668,-3.5632040295132254e-07,0.005845079075329127,-0.02390299422636328,-0.02390299422636328,0.12045337060228145,1.0064904296132253,-3.5179854460138934e-07,2.7767078091481303,0.10117421627323088,0.0036904376666666654,0.0013234154339804836,0.0009824177752638446,0.0005149990406816403,0.0032930326916666636,2.7791143319635725,0.10315568931864853,0.0024065228154421803,0.0019814730454176532,0.0019753090985416472,0.993825187083695,1.1182241551970911e-07,0.004983462617844372,-0.01738762876478676,-0.01738762876478676,0.17665605981815144,1.0031204973847168,1.1113193302402559e-07]"
/multi_agv/m2b_algorithm_state,1789558506.3373349,1789558506.3373349,m2b_algorithm_state_v1:header6+3x20,"[1.0,-0.15,0.52,2.778839628111444,0.10125036080303629,1789558506.337212,2.7774253135019595,0.10107507391467832,0.0036904376666666654,0.0015412813213583837,0.0006966248475496425,0.0005692160261035275,0.004584685874999997,2.7784894338939403,0.10104396374850477,0.001064120391980783,-3.1110166173548004e-05,-3.1111711029094124e-05,1.0000993268271705,3.216413249250006e-11,0.0012990387789468844,-0.003055798584796425,-0.003055798584796425,0.14189101634195364,0.999950344886378,3.216732725372924e-11,2.7784058267642213,0.10150173903999311,0.002796189458333334,-0.0009446807079012969,0.0016671710632931713,0.0007543392965545931,-0.0017884964166666626,2.7797900059720284,0.10569779133539547,0.0013841792078070903,0.004196052295402361,0.004168994449914576,0.9873099022691237,-3.5681379136412794e-07,0.0058992184596734385,-0.024099241076079515,-0.024099241076079515,0.12043011625215044,1.0064902570182936,-3.5228578947999267e-07,2.77771916896319,0.10117406486875331,0.0036904376666666654,0.0013242445154727873,0.0009823772289699224,0.0005146607567098442,0.0032930326916666636,2.7800570286833177,0.10218896276716918,0.0023378597201277884,0.0010148978984158702,0.0010132689396585856,0.9968022421174236,2.9374932000433934e-08,0.003935593589818321,-0.013155209425637745,-0.013155209425637745,0.17658375238662366,1.001607627248333,2.92809980800794e-08]"
/multi_agv/m2b_algorithm_state,1789558506.3474286,1789558506.3474286,m2b_algorithm_state_v1:header6+3x20,"[1.0,-0.15,0.52,2.779840939717982,0.10125035258252796,1789558506.3472805,2.7784148594327376,0.10107524083327575,0.0036904376666666654,0.00154009767089739,0.0006967303234824303,0.0005696742262543712,0.004584685874999997,2.7796092854579593,0.10246611829568049,0.0011944260252216843,0.0013908774624047382,0.0013878226168493907,0.9956304473321915,6.41753415971024e-08,0.002880855148376496,-0.009365623001248128,-0.009365623001248128,0.14192238644101438,1.0022011786796519,6.389492406201926e-08,2.7793953267187206,0.10150163423125623,0.002796189458333334,-0.0009433930620073566,0.0016670958218307774,0.0007538202846598396,-0.0017884964166666626,2.780909074487449,0.10694821879451362,0.0015137477687283685,0.0054465845632573895,0.005401429573468458,0.9837648964699086,-5.997699590941974e-07,0.007293614284378918,-0.0298034209873694,-0.0298034209873694,0.12044981328121165,1.008359822001703,-5.900326317140644e-07,2.778708698182873,0.10117420734457687,0.0036904376666666654,0.001323463464429238,0.000982412248071141,0.0005149810963364959,0.0032930326916666636,2.7811024923733294,0.10246590466171783,0.0023937941904565996,0.0012916973171409607,0.001289064168025779,0.9959429139534126,4.754555958797481e-08,0.004281306906096528,-0.014527793391949484,-0.014527793391949484,0.17664499656994617,1.0020426827310036,4.735266316159325e-08]"
/multi_agv/m2b_algorithm_state,1789558506.3571308,1789558506.3571308,m2b_algorithm_state_v1:header6+3x20,"[1.0,-0.15,0.52,2.7808392499190187,0.10125036371149536,1789558506.3570235,2.779416168516093,0.10107521963862515,0.0036904376666666654,0.001540250360131275,0.0006967173471836396,0.0005696147914262092,0.004584685874999997,2.7806645482216465,0.10330158393199369,0.0012483797055535817,0.0022263642933685462,0.0022185865454531738,0.9930720508865946,1.643455226310624e-07,0.003779061177395151,-0.012988698447264859,-0.012988698447264859,0.1419164821783586,1.0035057221145205,1.6320694521325838e-07,2.780396641322148,0.10150164854778612,0.002796189458333334,-0.0009435598290429784,0.001667104812496767,0.0007538878957745049,-0.0017884964166666626,2.7819763186769677,0.10694821879451362,0.0015796773548197862,0.005446570246727497,0.00540141549832266,0.9837649396986623,-5.998727970305372e-07,0.0073760121918473925,-0.030101479759686252,-0.030101479759686252,0.12044610557521668,1.008359799096896,-5.901338259976143e-07,2.779710009315706,0.10117418956117259,0.0036904376666666654,0.0013235630264964186,0.0009824079684011668,0.0005149401661866081,0.0032930326916666636,2.7821547455175035,0.10278175761628429,0.002444736201797415,0.0016075680551116966,0.0016034993797245662,0.9949689460171344,7.363081045513159e-08,0.004659419631971335,-0.01603765894407205,-0.01603765894407205,0.17663346633389143,1.002537372598067,7.326036987292967e-08]"
/multi_agv/m2b_algorithm_state,1789558506.3672357,1789558506.3672357,m2b_algorithm_state_v1:header6+3x20,"[1.0,-0.15,0.52,2.781843902600267,0.10125033405856858,1789558506.36711,2.7804144822263486,0.1010752453355047,0.0036904376666666654,0.001540070647174862,0.0006967349423971033,0.000569683537414772,0.004584685874999997,2.7816830396135495,0.10252429144488631,0.001268557387200886,0.0014490461093816104,0.0014457318646883283,0.9954507216937767,6.965122418990367e-08,0.0030314285986894358,-0.009931387296193112,-0.009931387296193112,0.1419212169324074,1.002292433869815,6.933436138669464e-08,2.781394947218247,0.10150163381406649,0.002796189458333334,-0.000943365336191603,0.0016670918976857685,0.000753810307713404,-0.0017884964166666626,2.7826032528526885,0.10594594742048569,0.001208305634441409,0.004444313606419198,0.0044140167525342465,0.986597597267908,-3.9964990145441827e-07,0.005924398795586008,-0.0243203669105283,-0.0243203669105283,0.12044907887161214,1.0068637831670115,-3.9429363252328527e-07,2.78070832031246,0.10117421198491487,0.0036904376666666654,0.001323442383641558,0.0009824140811441236,0.0005149892805711826,0.0032930326916666636,2.7831155164013848,0.10319883425571574,0.0024071960889249233,0.0020246222708008715,0.0020181890507472784,0.9936938316610023,1.1674424980327918e-07,0.005027184161903432,-0.017566198478923337,-0.017566198478923337,0.17664271267828188,1.0031876201346008,1.160080409114097e-07]"
/multi_agv/m2b_algorithm_state,1789558506.377118,1789558506.377118,m2b_algorithm_state_v1:header6+3x20,"[1.0,-0.15,0.52,2.7828390890830987,0.10125036552735328,1789558506.3770175,2.781419125572811,0.10107517299840509,0.0036904376666666654,0.001540585141076504,0.000696687456478706,0.0005694852254128385,0.004584685874999997,2.7825148959528496,0.10162779323916847,0.0010957703800387186,0.0005526202407633851,0.0005521349294879518,0.9982472689326977,1.0140156822346147e-08,0.00192184790453635,-0.0055444336841274505,-0.0055444336841274505,0.141903471397059,1.0008789722394187,1.0122383854456304e-08,2.7823996112091836,0.10150167914140439,0.002796189458333334,-0.0009439249876245928,0.0016671258267506595,0.0007540352485074231,-0.0017884964166666626,2.783658180171155,0.10594594742048569,0.0012585689619712959,0.004444268279081301,0.004413972051633502,0.9865977353856427,-3.9987876888244044e-07,0.0059871832540976215,-0.02454716403653919,-0.02454716403653919,0.12043793482318967,1.0068637107560723,-3.9451948780821455e-07,2.7817129710188055,0.10117415003589626,0.0036904376666666654,0.0013237830746743438,0.0009823978485848268,0.0005148500478173858,0.0032930326916666636,2.78414085227459,0.10316909598756137,0.0024278812557843032,0.001994945951665106,0.00198869853007546,0.9937841530485126,1.1337863402356018e-07,0.005023550099805839,-0.017537522153243487,-0.017537522153243487,0.1766080598031475,1.0031414623660473,1.1267388978690103e-07]"
/multi_agv/m2b_algorithm_state,1789558506.3872082,1789558506.3872082,m2b_algorithm_state_v1:header6+3x20,"[1.0,-0.15,0.52,2.783844479629918,0.10125033109236148,1789558506.3870964,2.7824143217819652,0.1010752488877217,0.0036904376666666654,0.001540048728410764,0.0006967365040356553,0.0005696922260139066,0.004584685874999997,2.7835322662251256,0.10228651062621233,0.0011179444431603791,0.001211261738490635,0.0012089417910885554,0.9961869344426507,4.8675396674380056e-08,0.0026063723450390295,-0.008299208383303764,-0.008299208383303764,0.14191927697704573,1.0019189901608005,4.848979419583066e-08,2.783394785942196,0.10150163252068145,0.002796189458333334,-0.0009433422326867421,0.0016670905772930844,0.0007538009799844814,-0.0017884964166666626,2.7846728349217242,0.10620551403679973,0.0012780489795281014,0.00470388151611828,0.00467000966182141,0.9858573959772158,-4.475931318009762e-07,0.006267570886231537,-0.025695957988963854,-0.025695957988963854,0.12044786064221588,1.0072530587192958,-4.4126299937459714e-07,2.782708159525134,0.10117421517365673,0.0036904376666666654,0.0013234275873244329,0.0009824143687534375,0.0005149955446001686,0.0032930326916666636,2.7851952568922904,0.10289958359244068,0.0024870973671564656,0.0017253684187839569,0.0017206857879382969,0.9946075323840521,8.480128152484798e-08,0.004829557496883879,-0.01670573777807233,-0.01670573777807233,0.17663892415647625,1.002721374744003,8.434399336043436e-08]"
/multi_agv/m2b_algorithm_state,1789558506.397101,1789558506.397101,m2b_algorithm_state_v1:header6+3x20,"[1.0,-0.15,0.52,2.7848387719932552,0.1012503682924794,1789558506.396982,2.7834197014917157,0.10107516505647092,0.0036904376666666654,0.0015406445842442297,0.0006966814105132885,0.0005694626040771643,0.004584685874999997,2.784378059843983,0.10378789499677607,0.0009583583522672079,0.0027127299403051502,0.0027012253344731564,0.9916054177748976,2.439669429978129e-07,0.0038991732748071663,-0.013663307119929462,-0.013663307119929462,0.14189891717102537,1.0042590322566471,2.419189424346109e-07,2.7844001896234816,0.10150168488775291,0.002796189458333334,-0.0009439902717012887,0.0016671299806905182,0.0007540613861742734,-0.0017884964166666626,2.785734388347244,0.10620551403679973,0.001334198723762281,0.004703829149046823,0.00466995805984778,0.985857555169799,-4.4789055013716545e-07,0.006337706464550631,-0.025949543215995397,-0.025949543215995397,0.120435074685922,1.0072529750299615,-4.4155628274188223e-07,2.783713547774557,0.10117414333286062,0.0036904376666666654,0.0013238223420692437,0.000982395530754054,0.0005148342325788772,0.0032930326916666636,2.785693288143067,0.10270973989348005,0.001979740368510008,0.001535596560619426,0.0015318820140891828,0.9951902385852565,6.720215631531668e-08,0.004006557474726693,-0.013670432977197439,-0.013670432977197439,0.1765991672695885,1.0024248254735544,6.68789299768837e-08]"
/multi_agv/m2b_algorithm_state,1789558506.4071734,1789558506.4071734,m2b_algorithm_state_v1:header6+3x20,"[1.0,-0.15,0.52,2.7858368533766167,0.10125038040838834,1789558506.4070594,2.784414005363856,0.10107525490720044,0.0036904376666666654,0.0015400090963360556,0.00069673948599247,0.000569707853819845,0.004584685874999997,2.785515444784191,0.10454661280687771,0.0011014394203350264,0.0034713578996772715,0.0034526272345608115,0.9893508987940308,3.9910354359220855e-07,0.0048294265099795945,-0.017389503106368675,-0.017389503106368675,0.14191789092354598,1.0054250470276564,3.9485344956483416e-07,2.7853944680845686,0.10150162955075603,0.002796189458333334,-0.0009432997764806266,0.0016670882739409087,0.0007537837748299303,-0.0017884964166666626,2.7861550046471595,0.10539041236287906,0.0007605365625908966,0.003888782812123029,0.0038654880329431506,0.9881973467964079,-3.0609491846540263e-07,0.004816158736181771,-0.020038911032507902,-0.020038911032507902,0.12044699024024764,1.006026348802881,-3.024821862953737e-07,2.7847078425313403,0.1011742204194817,0.0036904376666666654,0.0013234013161404442,0.0009824151010741303,0.0005150065512137601,0.0032930326916666636,2.7867932720230497,0.1034380398628614,0.002085429491709423,0.002263819443379708,0.0022557909237425158,0.992968051259809,1.4592852415939863e-07,0.004862577788379294,-0.01710101806408522,-0.01710101806408522,0.17663621739291363,1.0035590708131197,1.44902362257778e-07]"
/multi_agv/m2b_algorithm_state,1789558506.416948,1789558506.416948,m2b_algorithm_state_v1:header6+3x20,"[1.0,-0.15,0.52,2.786836758621837,0.10125038058725859,1789558506.4168441,2.7854120907418647,0.10107528173827278,0.0036904376666666654,0.0015398225311779603,0.0006967596522141405,0.0005697782326558152,0.004584685874999997,2.7863648855784784,0.10266271362971384,0.0009527948366137018,0.0015874318914410601,0.0015834585592987016,0.9950241156280201,8.356808095398601e-08,0.0027744521050658286,-0.009082334057652824,-0.009082334057652824,0.14192343689051726,1.0025092744732884,8.315225584597072e-08,2.7863925444572737,0.10150161522497086,0.002796189458333334,-0.0009430987356924088,0.0016670732419705736,0.0007537044497475803,-0.0017884964166666626,2.787067442626703,0.10411176993531289,0.0006748981694291167,0.0026101547103420247,0.002599557353924884,0.9919605900148332,-1.3800437859189716e-07,0.00344318006571128,-0.014460723597251285,-0.014460723597251285,0.12045047293615868,1.0040766003493404,-1.3689490481264874e-07,2.785705924930712,0.10117424426192137,0.0036904376666666654,0.0013232741282298145,0.0009824225144229098,0.0005150578261182651,0.0032930326916666636,2.7879113124226325,0.10440864576099453,0.002205387491920341,0.0032344014990731557,0.0032181334115941864,0.990064332994881,2.976348552183157e-07,0.0059748677764946126,-0.021595154701388945,-0.021595154701388945,0.17664704800900474,1.0050551314685585,2.946776544077497e-07]"
/multi_agv/m2b_algorithm_state,1789558506.4269745,1789558506.4269745,m2b_algorithm_state_v1:header6+3x20,"[1.0,-0.15,0.52,2.787841711670257,0.10125034853886843,1789558506.4268894,2.7864119962992135,0.10107527921429138,0.0036904376666666654,0.0015398445444231193,0.0006967612398715232,0.0005697678650325222,0.004584685874999997,2.7876457851229794,0.10101411712125449,0.0012337888237659023,-6.116209303688724e-05,-6.116806538706356e-05,1.0001953409147917,1.2420400045491879e-10,0.0014810679643203143,-0.0036892867607338947,-0.0036892867607338947,0.14192251771707776,0.9999023616303945,1.2422826257798843e-10,2.787392449108626,0.10150161948497924,0.002796189458333334,-0.0009431248431022556,0.0016670714603672643,0.0007537166931619738,-0.0017884964166666626,2.7884051812997535,0.10483365201454208,0.0010127321911275189,0.0033320325295628367,0.0033148576129274653,0.9898219944880479,-2.2477762334150395e-07,0.0045807728518368635,-0.01890587265595808,-0.01890587265595808,0.12044989572296298,1.0051811928718724,-2.2248983545217063e-07,2.786705830457671,0.10117424306250512,0.0036904376666666654,0.0013232845666339426,0.0009824237732409813,0.0005150526467252053,0.0032930326916666636,2.7889962669340553,0.10210184729996212,0.002290436476384272,0.000927604237456997,0.0009262425518272304,0.9970743908430723,2.4522779214983526e-08,0.0037892881473075707,-0.012591299909814299,-0.012591299909814299,0.17664525294746503,1.0014701177645968,2.4451035147558853e-08]"
/multi_agv/m2b_algorithm_state,1789558506.4369264,1789558506.4369264,m2b_algorithm_state_v1:header6+3x20,"[1.0,-0.15,0.52,2.7888384296818196,0.10125036997099579,1789558506.4368362,2.7874169393715063,0.10107520010059298,0.0036904376666666654,0.0015404081001392862,0.0006967106758128943,0.0005695498878680785,0.004584685874999997,2.7886104941177727,0.10125050056807706,0.0011935547462664786,0.00017530046748408246,0.00017525149282605603,0.9994416190252253,1.0205252414496463e-09,0.0016671949256591542,-0.0044607437681836535,-0.0044607437681836535,0.14190370737998895,1.000279453585454,1.0199553995705436e-09,2.788397414149146,0.10150166990491204,0.002796189458333334,-0.0009437387758444251,0.0016671074366665373,0.0007539640981308049,-0.0017884964166666626,2.789600771645212,0.10659306266519701,0.0012033574960659266,0.005091392760284974,0.005051827729405129,0.9847609319645653,-5.244358349044964e-07,0.0065560245994875374,-0.026945556379810397,-0.026945556379810397,0.12043808301973775,1.0078318250342444,-5.164439215361668e-07,2.787710781490119,0.10117417561110029,0.0036904376666666654,0.001323656417466052,0.0009824068593842885,0.0005149002618092756,0.0032930326916666636,2.7898285950559445,0.10008824434775423,0.0021178135658255215,-0.0010859312633460516,-0.001087826071209102,1.0035040315998887,3.366544892228767e-08,0.0015594408860727998,-0.0037039335842833413,-0.0037039335842833413,0.17660852059349486,0.9982581702045948,3.3783413719135804e-08]"
/multi_agv/m2b_algorithm_state,1789558506.4469607,1789558506.4469607,m2b_algorithm_state_v1:header6+3x20,"[1.0,-0.15,0.52,2.789840214379025,0.1012503585655483,1789558506.4468796,2.788413663992168,0.10107525129645953,0.0036904376666666654,0.0015400472022118446,0.0006967440834261039,0.0005696889452164369,0.004584685874999997,2.7897160292965086,0.10275690000190109,0.0013023653043404693,0.0016816487054415602,0.0016771929087340495,0.9947344453958673,9.378947550944682e-08,0.003305149539159636,-0.011023246212312706,-0.011023246212312706,0.14191408441413172,1.002656698990502,9.329562190485886e-08,2.7893941241442457,0.1015016389582397,0.002796189458333334,-0.0009433474041542771,0.0016670833872787227,0.0007538069617317039,-0.0017884964166666626,2.7906319566317244,0.10515236129616166,0.0012378324874786628,0.0036507223379219633,0.0036301550089139073,0.9888894031921104,-2.6982878557788184e-07,0.005177445618262236,-0.021214529538754464,-0.021214529538754464,0.12044459982501185,1.0056656889189448,-2.6683082673416347e-07,2.7887075009090445,0.10117421965828817,0.0036904376666666654,0.0013234168862029535,0.0009824182441225742,0.0005149981673986887,0.0032930326916666636,2.7909618577815896,0.10197616610527088,0.002254356872545049,0.0008019464469827126,0.0008009277255711599,0.9974670895142267,1.833233258814642e-08,0.0036188738162524713,-0.011921710424359189,-0.011921710424359189,0.17662878399237164,1.0012719267657093,1.8285898430705222e-08]"
/multi_agv/m2b_algorithm_state,1789558506.45692,1789558506.45692,m2b_algorithm_state_v1:header6+3x20,"[1.0,-0.15,0.52,2.7908397773225837,0.10125036168142577,1789558506.4568667,2.789415445117792,0.10107522243125329,0.0036904376666666654,0.0015402543298916392,0.0006967259708715362,0.0005696085851987105,0.004584685874999997,2.7908258368510315,0.10201271490098215,0.0014103917332395355,0.000937492469728865,0.0009360998332205668,0.9970395560749689,2.9168443960480288e-08,0.0026990894997699862,-0.00849633921030936,-0.00849633921030936,0.1419065041956941,1.0014877008400984,2.908209241775487e-08,2.7903959131017735,0.10150165804998595,0.002796189458333334,-0.0009435738115907222,0.0016670961682438978,0.0007538984533129456,-0.0017884964166666626,2.791681499384504,0.10515236129616166,0.0012855862827305664,0.00365070324617571,0.0036301361346879634,0.9888894617884377,-2.698907033420895e-07,0.005237118988101171,-0.021429239946420722,-0.021429239946420722,0.12043983945357958,1.0056656584559505,-2.668920723696618e-07,2.789709284917511,0.10117419521540567,0.0036904376666666654,0.0013235529556372447,0.0009824122918389742,0.0005149422827553118,0.0032930326916666636,2.7922145322864527,0.10454608667650074,0.002505247368941532,0.0033718914610950668,0.003354229381271731,0.9896583194371567,3.235108724206577e-07,0.006485788592448647,-0.023502734738615177,-0.023502734738615177,0.17661398181428012,1.0052656147853072,3.2016522631947646e-07]"
/multi_agv/m2b_algorithm_state,1789558506.467059,1789558506.467059,m2b_algorithm_state_v1:header6+3x20,"[1.0,-0.15,0.52,2.791842565061753,0.10125034415857896,1789558506.4669278,2.7904150089495903,0.10107522924161175,0.0036904376666666654,0.0015402080818097824,0.0006967304308443719,0.0005696263119799923,0.004584685874999997,2.791721711387702,0.10011088976858316,0.0013067024381117065,-0.0009643394730285831,-0.0009658343340907644,1.0031115514774365,3.090334551580646e-08,0.0006675437135488687,-0.0003888215154014096,-0.0003888215154014096,0.1419067983491101,0.9984522593477808,3.0999502866203897e-08,2.7913954749515772,0.10150165461200211,0.002796189458333334,-0.0009435245149261315,0.0016670928869797486,0.0007538787917290013,-0.0017884964166666626,2.792345525866467,0.1037472631077508,0.0009500509148896441,0.0022456084957486883,0.0022377427864286236,0.9930544300754442,-1.022216288157154e-07,0.0034253064300406788,-0.014215598787780746,-0.014215598787780746,0.12044002419232089,1.0035150194060587,-1.0151164134497387e-07,2.7907088480665845,0.10117420119066348,0.0036904376666666654,0.0013235219422034496,0.0009824138568262034,0.0005149549118340035,0.0032930326916666636,2.7931112395409694,0.10226515145511901,0.002402391474384924,0.0010909502644555341,0.0010890691105133936,0.9965655958667679,3.392195417075679e-08,0.004092058453494548,-0.013751675898618277,-0.013751675898618277,0.1766145562095413,1.0017273044694601,3.380545247114543e-08]"
/multi_agv/m2b_algorithm_state,1789558506.4770706,1789558506.4770706,m2b_algorithm_state_v1:header6+3x20,"[1.0,-0.15,0.52,2.7928372294032733,0.10125037870796018,1789558506.4769704,2.7914177910470936,0.10107518667368279,0.0036904376666666654,0.0015405112464622608,0.0006967017868242382,0.0005695098018422549,0.004584685874999997,2.7925273654766594,0.09866154311816028,0.0011095744295657184,-0.00241364355552251,-0.002423110885499333,1.0079160527222137,1.938204522172958e-07,-0.0010361428485421852,0.006264131528104412,0.006264131528104412,0.14189566455036542,0.996092902708878,1.953547451356912e-07,2.7923982695567093,0.10150168121413133,0.002796189458333334,-0.0009438546202644189,0.0016671134848689206,0.0007540111666571175,-0.0017884964166666626,2.7935141895117543,0.10523763333927363,0.0011159199550450083,0.0037359521251423,0.0037144272734839614,0.9886411916903332,-2.8270796669325015e-07,0.005109327217290222,-0.021014530724773876,-0.021014530724773876,0.12043303192919429,1.0057949315125907,-2.794967410919658e-07,2.791711634581456,0.10117416458792276,0.0036904376666666654,0.0013237234873455556,0.0009824039801267677,0.0005148726873332021,0.0032930326916666636,2.7939425593438654,0.10021337473437114,0.00223092476240927,-0.0009607898535516218,-0.0009622717141974693,1.0030958526359801,2.6352478176925526e-08,0.0018263842388141181,-0.004706692234004882,-0.004706692234004882,0.17659281636863378,0.9984600392758263,2.643406156595417e-08]"
/multi_agv/m2b_algorithm_state,1789558506.4870367,1789558506.4870367,m2b_algorithm_state_v1:header6+3x20,"[1.0,-0.15,0.52,2.7938424392000876,0.10125034513041455,1789558506.4869752,2.7924124660895138,0.10107526967954833,0.0036904376666666654,0.0015399247795450733,0.0006967559451761746,0.0005697358405126499,0.004584685874999997,2.7934951190164186,0.09914086459297466,0.0010826529269047924,-0.001934405086573665,-0.0019404642064201028,1.0063101924941813,1.244070597347691e-07,-0.0005871480477891123,0.004474671925894848,0.004474671925894848,0.14191331901561427,0.9968774895066908,1.251920922293306e-07,2.79339292093027,0.10150163053378446,0.002796189458333334,-0.0009432180627155689,0.0016670745809910237,0.00075375547747282,-0.0017884964166666626,2.7945377474863924,0.10493203945374369,0.001144826556122247,0.0034304089199592297,0.0034122185277196634,0.9895333615527397,-2.382519991027881e-07,0.004843251722872472,-0.019899271427149125,-0.019899271427149125,0.12044411916034702,1.0053309575842795,-2.3575830156884223e-07,2.7927063011900355,0.10117423591054776,0.0036904376666666654,0.0013233345087534528,0.0009824224186492977,0.0005150317034188965,0.0032930326916666636,2.7950211102266533,0.10143004618371639,0.0023148090366178486,0.0002558102731686218,0.00025570618650646,0.9991870069493166,1.865971730600239e-09,0.003149217482278771,-0.009981720497429736,-0.009981720497429736,0.1766272893412411,1.0004070557055498,1.8644547085504894e-09]"
/multi_agv/m2b_algorithm_state,1789558506.497027,1789558506.497027,m2b_algorithm_state_v1:header6+3x20,"[1.0,-0.15,0.52,2.7948415737185655,0.10125035142859018,1789558506.4969196,2.793417665350227,0.1010751874149563,0.0036904376666666654,0.001540510091058444,0.000696702568562113,0.0005695098960566608,0.004584685874999997,2.7951061568048368,0.10024438031202443,0.0016884914546095864,-0.0008308071029318742,-0.0008319155226791064,1.0026766561111293,2.293989643890805e-08,0.0012786987955828765,-0.002612551160960111,-0.002612551160960111,0.14189360140315815,0.9986676294443183,2.300129865289993e-08,2.7943981434444036,0.10150168242395556,0.002796189458333334,-0.0009438553649987269,0.0016671127329468405,0.0007540118806230456,-0.0017884964166666626,2.7954833268052575,0.10298450746314067,0.0010851833608538364,0.0014828250391851067,0.0014793754455152618,0.9953734733351657,-4.461191182798442e-08,0.002835854646582557,-0.011733575244446359,-0.011733575244446359,0.12043173618408545,1.0023317905405977,-4.440551362834301e-08,2.7937115088056332,0.10117416555233177,0.0036904376666666654,0.0013237216927060665,0.0009824043991596204,0.00051487324729224,0.0032930326916666636,2.7965270859612628,0.10390008589464703,0.002815577155629523,0.0027259203423152523,0.0027143204405560514,0.99157732835894,2.1156184067539305e-07,0.0062337918850929545,-0.022253005013951534,-0.022253005013951534,0.17658878805489833,1.0042735933406686,2.0977992475960594e-07]"
/multi_agv/m2b_algorithm_state,1789558506.507037,1789558506.507037,m2b_algorithm_state_v1:header6+3x20,"[1.0,-0.15,0.52,2.7958410029524052,0.1012503556541441,1789558506.5068865,2.794416801583132,0.1010752031616899,0.0036904376666666654,0.0015403992371144071,0.000696711155874485,0.0005695534799577932,0.004584685874999997,2.7961223982345067,0.09968870539854223,0.0017055966513748189,-0.0013864977631476705,-0.001389597760871914,1.0044950528027594,6.390910143151452e-08,0.0007423980533466095,-0.0004609330123355013,-0.0004609330123355013,0.14189541358772312,0.9977691402422104,6.419637621702608e-08,2.7953972759784005,0.10150167236754694,0.002796189458333334,-0.0009437350312087017,0.001667106779505989,0.0007539628168702489,-0.0017884964166666626,2.7962859140520218,0.10111967313562328,0.0008886380736212729,-0.0003819992319236548,-0.00038223142771869127,1.0012174448007531,-2.964262487104867e-09,0.0007285661643078999,-0.0033549526996346306,-0.0033549526996346306,0.12043287433347015,0.9993925256318605,-2.9678713130578603e-09,2.794710643594163,0.10117417875653373,0.0036904376666666654,0.0013236498182891006,0.0009824069857371281,0.0005149030566087721,0.0032930326916666636,2.7974579232410006,0.10210132750222584,0.0027472796468375194,0.0009271487456921079,0.0009257883911424415,0.997075809726949,2.4505479127181706e-08,0.004359887949689341,-0.014622949803573053,-0.014622949803573053,0.1765923263444679,1.001469401174914,2.4433820443481548e-08]"
/multi_agv/m2b_algorithm_state,1789558506.5171313,1789558506.5171313,m2b_algorithm_state_v1:header6+3x20,"[1.0,-0.15,0.52,2.7968413891414285,0.10125035366570756,1789558506.5170436,2.7954162319646008,0.10107521338752573,0.0036904376666666654,0.0015403279592487366,0.0006967168898977859,0.0005695813934101704,0.004584685874999997,2.7969333507650855,0.09790030272260525,0.0015171188004847735,-0.003174910664920483,-0.0031913858085753106,1.0105020946831338,3.354897412020052e-07,-0.0012949873079693437,0.007497987610506461,0.007497987610506461,0.1418961814937189,0.9948376208195954,3.390130862293287e-07,2.796396703868639,0.10150166615868296,0.002796189458333334,-0.0009436579778875406,0.0016671027487005219,0.0007539315136165514,-0.0017884964166666626,2.7972902329265703,0.10111967313562328,0.0008935290579312749,-0.0003819930230596763,-0.0003822252113153504,1.0012174250294308,-2.9639241836115465e-09,0.0007346861110987433,-0.0033765749138079375,-0.0033765749138079375,0.12043335660049875,0.99939253547699,-2.9675325390980105e-09,2.795710073023977,0.10117418741622364,0.0036904376666666654,0.0013236032939487083,0.0009824087583669488,0.0005149223010443645,0.0032930326916666636,2.798320923757669,0.1005052403187453,0.0026108507336921605,-0.000668947097478334,-0.0006696638634698283,1.0021483786192562,1.277090380282211e-08,0.0025938995536453724,-0.007562415116729903,-0.007562415116729903,0.1765938256915298,0.9989296630285821,1.2798340539500671e-08]"
/multi_agv/m2b_algorithm_state,1789558506.527057,1789558506.527057,m2b_algorithm_state_v1:header6+3x20,"[1.0,-0.15,0.52,2.797840650111819,0.10125035889532548,1789558506.526886,2.7964166173832443,0.10107520844404404,0.0036904376666666654,0.0015403642945641125,0.0006967129120919676,0.0005695677126124814,0.004584685874999997,2.7978799947269875,0.09665745314266704,0.001463377343743133,-0.004417755301377002,-0.0044499526489675265,1.0148177211306828,6.500842335513846e-07,-0.0026207309692886102,0.012651478310262781,0.012651478310262781,0.1418935584804602,0.9927645640009237,6.597170004356026e-07,2.797397091024976,0.10150166944123946,0.002796189458333334,-0.0009436979406240295,0.001667105650642764,0.0007539473265956997,-0.0017884964166666626,2.798471085368348,0.10288365455794002,0.0010739943433719645,0.0013819851167005542,0.001378986454237201,0.9956831300125797,-3.874692394960665e-08,0.002721479383452157,-0.011276142669895173,-0.011276142669895173,0.12043170923858203,1.0021745409131027,-3.857965851650373e-08,2.796710459016065,0.10117418311183919,0.0036904376666666654,0.001323627861051565,0.0009824072677316227,0.0005149124275313217,0.0032930326916666636,2.7993964403902387,0.10204710005545152,0.0026859813741735294,0.0008729169436123285,0.0008717105822279817,0.997245155728012,2.1723008447046332e-08,0.004229187299944893,-0.014130076111563437,-0.014130076111563437,0.1765887042400082,1.0013839012729013,2.166316494165564e-08]"
/multi_agv/m2b_algorithm_state,1789558506.537046,1789558506.537046,m2b_algorithm_state_v1:header6+3x20,"[1.0,-0.15,0.52,2.798841928906342,0.10125035112846505,1789558506.5368972,2.797415879856629,0.10107522087742812,0.0036904376666666654,0.0015402775297115273,0.0006967204522084986,0.0005696013995951793,0.004584685874999997,2.798936967922293,0.0984169131279714,0.001521088065663978,-0.0026583077494567176,-0.00266981285463547,1.0087424607708224,2.3510799537576208e-07,-0.0007684527725554976,0.00542765176596362,0.00542765176596362,0.14189492259040923,0.9956906697940358,2.3716341780224136e-07,2.798396350200635,0.1015016620518246,0.002796189458333334,-0.0009436041435622092,0.0016671002664492285,0.0007539094694973963,-0.0017884964166666626,2.799488752041319,0.10288365455794002,0.001092401840684154,0.001381992506115412,0.0013789938114507389,0.9956831068588204,-3.874348818735663e-08,0.0027444961123059314,-0.011358156343788372,-0.011358156343788372,0.12043256596057354,1.0021745526627988,-3.857623668893526e-08,2.797709720278192,0.1011741937567237,0.0036904376666666654,0.0013235706444989516,0.0009824097255757957,0.0005149359502059393,0.0032930326916666636,2.800627537229385,0.10445450968412362,0.0029178169511929752,0.0032803159273999266,0.003263588521308409,0.9899285946526423,3.062029683072198e-07,0.006910859710299628,-0.024979674346892706,-0.024979674346892706,0.1765913676620238,1.0051254641883625,3.0311907409483366e-07]"
/multi_agv/m2b_algorithm_state,1789558506.547001,1789558506.547001,m2b_algorithm_state_v1:header6+3x20,"[1.0,-0.15,0.52,2.7998423088848994,0.10125034933776218,1789558506.546907,2.7984171560880693,0.10107520191352973,0.0036904376666666654,0.0015404132244669563,0.0006967073927321536,0.0005695493744246018,0.004584685874999997,2.799932632444277,0.0984169131279714,0.0015154763562077456,-0.0026582887855583215,-0.00266979372786646,1.008742398751412,2.351253707915585e-07,-0.000775448282606778,0.005452374166364623,0.005452374166364623,0.14188913692662775,0.9956906999263451,2.371809305395919e-07,2.7993976321296614,0.10150167402983133,0.002796189458333334,-0.000943752081505659,0.0016671096699574228,0.0007539687040988147,-0.0017884964166666626,2.800541234832697,0.10218568838083926,0.0011436027030353735,0.0006840143510079277,0.0006832758485761845,0.9978462827860018,-9.497390094352485e-09,0.0021127792273704015,-0.00877059897226584,-0.00877059897226584,0.12042893229865888,1.0010808261894257,-9.476935401818223e-09,2.798710998501296,0.10117417744203412,0.0036904376666666654,0.0013236609726806014,0.0009824051580023417,0.0005148991723284806,0.0032930326916666636,2.801684282926321,0.10445450968412362,0.002973284425024758,0.003280332242089498,0.003263604667949371,0.9899285441855292,3.0622693040132044e-07,0.006980210199230319,-0.02522857919983629,-0.02522857919983629,0.17658007133473758,1.0051254903219138,3.031427794025825e-07]"
/multi_agv/m2b_algorithm_state,1789558506.5570223,1789558506.5570223,m2b_algorithm_state_v1:header6+3x20,"[1.0,-0.15,0.52,2.8008414182073724,0.10125035567805908,1789558506.55684,2.799417535309631,0.10107519788469614,0.0036904376666666654,0.0015404425745537231,0.0006967034482708628,0.0005695387040862167,0.004584685874999997,2.801074823030512,0.10021376147050581,0.0016572877208811398,-0.000861436414190328,-0.0008626283436867674,1.0027762961589732,2.4661959983964194e-08,0.0012089813074146576,-0.002351677333415833,-0.002351677333415833,0.14189099887489814,0.9986182583668127,2.4730428888740424e-08,2.800398013097392,0.10150167635095318,0.002796189458333334,-0.0009437841003784829,0.0016671126374778744,0.0007539810395729846,-0.0017884964166666626,2.801354661823736,0.10042774127443448,0.0009566487263441559,-0.0010739350765187061,-0.0010757799158859418,1.0034496091220402,-2.3441022245231865e-08,0.00012003099204425309,-0.0008866322956791852,-0.0008866322956791852,0.1204301052517992,0.9982851145108836,-2.3521884609398966e-08,2.7997113782476752,0.10117417377763724,0.0036904376666666654,0.0013236815433480208,0.0009824035416513997,0.0005148910965011356,0.0032930326916666636,2.8025496904743217,0.1020120928988959,0.0028383122266464333,0.0008379191212586623,0.0008368072592118917,0.9973545523574328,2.001736444245082e-08,0.004384697542519933,-0.014666039012467985,-0.014666039012467985,0.17658371821241148,1.0013286955084708,1.996440955287613e-08]"
/multi_agv/m2b_algorithm_state,1789558506.5671215,1789558506.5671215,m2b_algorithm_state_v1:header6+3x20,"[1.0,-0.15,0.52,2.8018412098829564,0.10125035748469201,1789558506.5668828,2.8004166464483027,0.10107521336233787,0.0036904376666666654,0.0015403337962513583,0.0006967125376934108,0.000569581127113286,0.004584685874999997,2.8017805776419524,0.0988035652082467,0.0013639311936497478,-0.0022716481540911715,-0.002280025362865437,1.0074384691510623,1.7165039564152095e-07,-0.0005751113708032524,0.004579748862357736,0.004579748862357736,0.1418891000204675,0.9963258264970625,1.7292721181426804e-07,2.801397120276696,0.10150166674980603,0.002796189458333334,-0.0009436660546279741,0.0016671062079707255,0.0007539332152408096,-0.0017884964166666626,2.8022096171127937,0.10136403305493716,0.0008124968360978535,-0.0001376336948688689,-0.00013766378163093158,1.000437428369334,-3.847119525067008e-10,0.0008779572634913854,-0.003996989678281578,-0.003996989678281578,0.12042890964542297,0.9997814475114206,-3.8488023642874914e-10,2.8007104878971183,0.10117418692203338,0.0036904376666666654,0.001323610219445682,0.0009824064125454777,0.000514920519305457,0.0032930326916666636,2.8032461458768734,0.10251466887655443,0.0025356579797550793,0.00134048195452105,0.0013376471999594361,0.9957920251554901,5.1208629239747616e-08,0.004507219674653285,-0.015358125215278644,-0.015358125215278644,0.176580001010653,1.0021192094310816,5.0993144616084926e-08]"
/multi_agv/m2b_algorithm_state,1789558506.5769444,1789558506.5769444,m2b_algorithm_state_v1:header6+3x20,"[1.0,-0.15,0.52,2.8028367626490436,0.10125038605946877,1789558506.576839,2.801416438584015,0.10107521747581603,0.0036904376666666654,0.0015403059181232862,0.0006967147770517981,0.0005695920463282266,0.004584685874999997,2.8026110620178684,0.09823783676573877,0.001194623433853348,-0.0028373807100772613,-0.0028505057289605162,1.009350152117833,2.678864050020075e-07,-0.0013572264366438313,0.00757359905993633,0.00757359905993633,0.14188961570099373,0.9953955472708204,2.703911836390757e-07,2.8023969114157206,0.10150166451674342,0.002796189458333334,-0.0009436361643683161,0.0016671045982934452,0.000753921096154242,-0.0017884964166666626,2.8032188000613534,0.10136403305493716,0.0008218886456328178,-0.00013763146180625907,-0.0001376615475924355,1.0004374212743437,-3.846872870745895e-10,0.0008896992594485868,-0.004038624624677476,-0.004038624624677476,0.12042923434969151,0.9997814510536706,-3.8485555747792546e-10,2.8017102796491327,0.10117419046151656,0.0036904376666666654,0.0013235918560047092,0.0009824070773861498,0.0005149281333193196,0.0032930326916666636,2.804520491946323,0.10525765648259836,0.002810212297190251,0.004083466021081797,0.004057702839938404,0.9875780279608904,4.7421214867292397e-07,0.007570468211426218,-0.027789695927068,-0.027789695927068,0.1765810104679406,1.0063492035172747,4.6832149862150284e-07]"
/multi_agv/m2b_algorithm_state,1789558506.5870068,1789558506.5870068,m2b_algorithm_state_v1:header6+3x20,"[1.0,-0.15,0.52,2.8038366315425627,0.10125038642146915,1789558506.586826,2.802412000342975,0.10107528519570708,0.0036904376666666654,0.0015398283497179738,0.0006967603129987231,0.0005697753669533481,0.004584685874999997,2.8036465099863457,0.09956705963664515,0.0012345096433707958,-0.0015082255590619237,-0.0015118971427120435,1.004896404509224,7.560169217601923e-08,3.123991150145132e-05,0.0021048463289477935,0.0021048463289477935,0.14190242510477924,0.9975715387334262,7.597186864249484e-08,2.803392453204217,0.10150162397433542,0.002796189458333334,-0.0009431182866318534,0.001667071665520936,0.0007537137445999542,-0.0017884964166666626,2.8043570319394826,0.10187900101489902,0.0009645787352656754,0.0003773770405636062,0.00037715172950487523,0.9988076179925722,-2.889533976550978e-09,0.0015828751485869694,-0.006739810207187,-0.006739810207187,0.12043727774376009,1.000597401632035,-2.8860885482274875e-09,2.802705834399938,0.1011742490083638,0.0036904376666666654,0.0013232734625416762,0.0009824228511950087,0.0005150579395902374,0.0032930326916666636,2.8057105371892606,0.1047344765615279,0.003004702789322522,0.003560227553164097,0.0035405655664650444,0.9891043077588131,3.6053079905773424e-07,0.0072964440531181965,-0.026517320212499314,-0.026517320212499314,0.17660601682333055,1.0055533463029984,3.56602566427732e-07]"
/multi_agv/m2b_algorithm_state,1789558506.5970013,1789558506.5970013,m2b_algorithm_state_v1:header6+3x20,"[1.0,-0.15,0.52,2.8048409422600904,0.10125035843836672,1789558506.596811,2.803411869593428,0.10107528327735815,0.0036904376666666654,0.0015398457220551615,0.0006967622197906031,0.0005697668449722107,0.004584685874999997,2.8047736080545933,0.10102441287741956,0.0013617384611652739,-5.087039993859066e-05,-5.0874531147031456e-05,1.0001624521168153,8.59208161943068e-11,0.0016512985453095608,-0.0042983168244359535,-0.0042983168244359535,0.1419016349905125,0.9999187961373274,8.593477421277607e-11,2.8043923214561843,0.10150162770995592,0.002796189458333334,-0.0009431393256715374,0.0016670697408658341,0.0007537238654603401,-0.0017884964166666626,2.805369561485019,0.10187900101489902,0.0009772400288348138,0.00037737330494309884,0.00037714799835006395,0.998807629805709,-2.8895411869849697e-09,0.0015986980343935813,-0.006796075359640321,-0.006796075359640321,0.12043678153014603,1.0005973957014767,-2.8860957841984326e-09,2.803705703578075,0.10117424827709336,0.0036904376666666654,0.0013232810245437493,0.000982424225300105,0.0005150539470362737,0.0032930326916666636,2.806209181990243,0.10427122988282905,0.0025034784121680254,0.0030969816057356964,0.00308205091951502,0.9904714499608337,2.7291102050924316e-07,0.006211398934725052,-0.022370941207843872,-0.022370941207843872,0.17660447400608045,1.0048443995931857,2.703105741940809e-07]"
/multi_agv/m2b_algorithm_state,1789558506.6070707,1789558506.6070707,m2b_algorithm_state_v1:header6+3x20,"[1.0,-0.15,0.52,2.805842699064541,0.10125034770230683,1789558506.6069121,2.804416171618342,0.10107521398953424,0.0036904376666666654,0.0015403394540646942,0.0006967182582052088,0.0005695756992176807,0.004584685874999997,2.8058645103801316,0.1015328913508297,0.0014483387617896248,0.00045767736129545544,0.0004573442440048947,0.998546832233929,6.9545659757729815e-09,0.0022677676962419256,-0.006729536566871176,-0.006729536566871176,0.14189242726045906,1.0007283732001166,6.9444598246699746e-09,2.8053966426022323,0.1015016720551274,0.002796189458333334,-0.000943677450495917,0.001667101026427087,0.0007539408502820755,-0.0017884964166666626,2.806055581503057,0.10217945026227232,0.0006589389008246904,0.0006777782071449162,0.0006770530748337079,0.9978657665086762,-9.324308691832025e-09,0.0015007267008645708,-0.0065895836471188745,-0.0065895836471188745,0.1204310046306594,1.0010710125072344,-9.304408439938477e-09,2.8047100125596955,0.10117418927043849,0.0036904376666666654,0.0013236064948540143,0.0009824096192917915,0.0005149204658194957,0.0032930326916666636,2.8070614302343104,0.10283872629155072,0.0023514176746148863,0.0016645370211122307,0.001660176748575041,0.9947940403710984,7.894122215089033e-08,0.0045994488418436485,-0.01585263988790192,-0.01585263988790192,0.17658651438235876,1.002626390558073,7.853025733531665e-08]"
/multi_agv/m2b_algorithm_state,1789558506.6168811,1789558506.6168811,m2b_algorithm_state_v1:header6+3x20,"[1.0,-0.15,0.52,2.8068367169333848,0.10125038629604131,1789558506.6167772,2.8054179248447477,0.10107518836455233,0.0036904376666666654,0.00154052184560473,0.0006967001003313376,0.000569506084850882,0.004584685874999997,2.8067006687605582,0.09997080074925559,0.0012827439158105136,-0.0011043876152967425,-0.0011063502650224253,1.0035690722942103,4.054327071440804e-08,0.0004970796297407167,0.00027803425819347585,0.00027803425819347585,0.14189989726519103,0.9982260141406095,4.06879725786315e-08,2.8063984038134966,0.10150168771000555,0.002796189458333334,-0.0009438759660735409,0.001667114246867829,0.000754020023096158,-0.0017884964166666626,2.8070776652757035,0.10217945026227232,0.0006792614622068704,0.0006777625522667724,0.0006770374535206923,0.9978658158780699,-9.325838806773905e-09,0.0015261142812792803,-0.006680115257643709,-0.006680115257643709,0.12043570797437753,1.0010709876422783,-9.305935749668808e-09,2.8057117685353776,0.10117416703236261,0.0036904376666666654,0.001323728729198575,0.000982403187324077,0.0005148708276409755,0.0032930326916666636,2.8081752330355814,0.10372426932121566,0.002463464500203738,0.002550102288853051,0.0025399369166179864,0.9921046940906533,1.851766086328407e-07,0.0056192675418726586,-0.019958421486389592,-0.019958421486389592,0.17660113832375562,1.004002214452082,1.8371458266042904e-07]"
/multi_agv/m2b_algorithm_state,1789558506.6269102,1789558506.6269102,m2b_algorithm_state_v1:header6+3x20,"[1.0,-0.15,0.52,2.8078366658293077,0.1012503861878956,1789558506.6267843,2.806411954698528,0.10107528114710601,0.0036904376666666654,0.0015398659057513395,0.0006967608210275418,0.0005697588237599636,0.004584685874999997,2.807894995123272,0.09887519293361523,0.0014830404247438977,-0.0022000882134907834,-0.0022079417122518835,1.0071983487718035,1.6094973847298926e-07,-0.0003541411813220113,0.0037698845106092426,0.0037698845106092426,0.14189756841356863,0.9964430678955334,1.621083108252484e-07,2.8073924071519247,0.10150163097661269,0.002796189458333334,-0.000943163899825507,0.0016670706556185522,0.0007537340417141519,-0.0017884964166666626,2.8083606576677047,0.10302107122066732,0.0009682505157799781,0.0015194402440546345,0.0015158191911421605,0.9952612111814085,-4.680674936736163e-08,0.002726132335867133,-0.011359204473703113,-0.011359204473703113,0.1204342276275091,1.0023888422403107,-4.658494206682496e-08,2.806705788949703,0.10117424676440522,0.0036904376666666654,0.0013232935683802232,0.0009824239009685216,0.0005150486784952762,0.0032930326916666636,2.809666508236888,0.10413336640880484,0.0029607192871852206,0.002959119644399627,0.002945474353220035,0.9908812006458568,2.491831170886355e-07,0.006646373462201561,-0.023857433115758612,-0.023857433115758612,0.17659653370973027,1.004632629431886,2.4691086624146426e-07]"
/multi_agv/m2b_algorithm_state,1789558506.637012,1789558506.637012,m2b_algorithm_state_v1:header6+3x20,"[1.0,-0.15,0.52,2.808838582426956,0.1012503735715346,1789558506.6369033,2.8074119037462704,0.10107527837898014,0.0036904376666666654,0.0015398890555835287,0.0006967617373328848,0.0005697483126729073,0.004584685874999997,2.8089307671985275,0.09993093838931981,0.0015188634522571576,-0.001144339989660334,-0.0011464478418918512,1.0036998503237047,4.351300685764357e-08,0.0007521314734295957,-0.0006062217733097258,-0.0006062217733097258,0.14189649489184594,0.9981614059057071,4.3673998470151187e-08,2.808392355678687,0.10150163500353088,0.002796189458333334,-0.0009431911894183112,0.0016670695481368902,0.0007537464469058452,-0.0017884964166666626,2.8093876526801944,0.10302107122066732,0.000995297001507467,0.0015194362171364467,0.00151581518350556,0.9952612237833949,-4.680785484842508e-08,0.0027599364353898936,-0.011479870640756153,-0.011479870640756153,0.12043355341989302,1.0023888358358521,-4.658604289911905e-08,2.8077057380629666,0.10117424518117576,0.0036904376666666654,0.0013233055313558034,0.0009824248735085033,0.000515042987165629,0.0032930326916666636,2.8107400633298205,0.10450793472863822,0.0030343252668538767,0.003333689547462451,0.003316420399511027,0.9897710043570308,3.1617204496313926e-07,0.007109326983078373,-0.02572153560544089,-0.02572153560544089,0.17659443762020016,1.0052071649161156,3.129379224927826e-07]"
/multi_agv/m2b_algorithm_state,1789558506.647202,1789558506.647202,m2b_algorithm_state_v1:header6+3x20,"[1.0,-0.15,0.52,2.809841959390686,0.10125035204365286,1789558506.6469092,2.808413816480311,0.10107524598407579,0.0036904376666666654,0.0015401216151414029,0.0006967423157048457,0.0005696576099085914,0.004584685874999997,2.81004726245936,0.10131375211900627,0.0016334459790487976,0.0002385061349304829,0.0002384155206428302,0.9992408360649644,1.8886714532395845e-09,0.002280222994453827,-0.006668924988441457,-0.006668924988441457,0.14188908827545096,1.0003800687447209,1.8872376419871538e-09,2.8093942768277844,0.10150165680540602,0.002796189458333334,-0.0009434457823282649,0.0016670832024847648,0.0007538497016142537,-0.0017884964166666626,2.810455978647992,0.10313010914924743,0.0010617018202077055,0.0016284523438414161,0.0016242965130089334,0.9949275542856165,-5.377574654869667e-08,0.0029514237882685653,-0.012216975724432793,-0.012216975724432793,0.12042890225815732,1.0025585419898393,-5.350297199357796e-08,2.808707653972773,0.10117421792512199,0.0036904376666666654,0.001323457461244521,0.000982418736203772,0.0005149803238822265,0.0032930326916666636,2.811635113426107,0.1029411842494154,0.002927459453334169,0.0017669663242934064,0.0017620567282970409,0.99448014391025,8.893890029799946e-08,0.005421381044964752,-0.01884105818619153,-0.01884105818619153,0.1765799779956656,1.0027862871367998,8.844797036757387e-08]"
/multi_agv/m2b_algorithm_state,1789558506.6569366,1789558506.6569366,m2b_algorithm_state_v1:header6+3x20,"[1.0,-0.15,0.52,2.810836636568465,0.1012503864055727,1789558506.6567652,2.8094171865643425,0.10107519360626452,0.0036904376666666654,0.0015404942823734995,0.0006967075431805188,0.0005695141610221553,0.004584685874999997,2.811078773738665,0.10021320720850699,0.0016615871743224098,-0.0008619863977575304,-0.0008631798547321833,1.00277808610037,2.4694299560983964e-08,0.0012138041131708288,-0.0023684392573370986,-0.0023684392573370986,0.14190229162311133,0.9986173716078867,2.4762902451352703e-08,2.810397662138213,0.1015016895838162,0.002796189458333334,-0.0009438516829501464,0.0016671082425823158,0.000754012620490005,-0.0017884964166666626,2.8114799271814825,0.10313010914924743,0.0010822650432693592,0.0016284195654312356,0.0016242639027226112,0.9949276567614326,-5.379671007846549e-08,0.00297709520680931,-0.012309016458733174,-0.012309016458733174,0.12043721551766673,1.002558489849869,-5.352383469984181e-08,2.8097110294695016,0.10117417294087787,0.0036904376666666654,0.0013237048984966692,0.0009824068805351256,0.0005148792363229636,0.0032930326916666636,2.81298157838293,0.10298432654809148,0.0032705489134285948,0.0018101536072136076,0.001805002766913782,0.9943480141902811,9.335412451943347e-08,0.005893188908699526,-0.020548854737359325,-0.020548854737359325,0.1766058259259248,1.0028536467612361,9.28264883323709e-08]"
/multi_agv/m2b_algorithm_state,1789558506.6670313,1789558506.6670313,m2b_algorithm_state_v1:header6+3x20,"[1.0,-0.15,0.52,2.811838419800313,0.10125037466119542,1789558506.6668243,2.8104118743670323,0.1010752762568502,0.0036904376666666654,0.0015399100994795381,0.0006967614456209856,0.000569739342774536,0.004584685874999997,2.8119893613086258,0.09889935179654592,0.0015774869415934312,-0.0021759244603042766,-0.002183604999089167,1.0071173555171746,1.574357119295469e-07,-0.00021174632209737792,0.0032577943692256254,0.0032577943692256254,0.14189283481945533,0.9964826336319552,1.5855623786244897e-07,2.811392326441083,0.1015016390425585,0.002796189458333334,-0.0009432177204355204,0.0016670696178557876,0.0007537579109574144,-0.0017884964166666626,2.812680420289316,0.10265823979293148,0.0012880938482329185,0.0011566007503729797,0.0011544968206154767,0.9963778461882592,-2.7129852459164465e-08,0.002764614130906625,-0.01131965678742162,-0.01131965678742162,0.12043125475367066,1.0018223781303974,-2.703158396066754e-08,2.810705708897278,0.10117424391730939,0.0036904376666666654,0.001323317602414744,0.0009824252685661566,0.000515037549369345,0.0032930326916666636,2.81417204372394,0.1042337323744303,0.003466334826661921,0.0030594884571209097,0.003044912939092492,0.9905827544182081,2.663580926685402e-07,0.007377831472419893,-0.02653562550153727,-0.02653562550153727,0.17658729133815668,1.0047868422907231,2.6384973309718285e-07]"
/multi_agv/m2b_algorithm_state,1789558506.6769876,1789558506.6769876,m2b_algorithm_state_v1:header6+3x20,"[1.0,-0.15,0.52,2.812836682093193,0.10125038569361137,1789558506.6769333,2.8114136539867594,0.10107524609147539,0.0036904376666666654,0.0015401267285009373,0.0006967433224245312,0.0005696548698580771,0.004584685874999997,2.8128738751493767,0.0983943123596226,0.0014602211626173478,-0.002680933731852797,-0.0026926375069148798,1.00881910781892,2.391073203604082e-07,-0.000867361053643195,0.005784985518755852,0.005784985518755852,0.14189227134155688,0.9956534160160709,2.412160335989597e-07,2.812394113929971,0.1015016593629216,0.002796189458333334,-0.0009434549649881868,0.0016670823889741726,0.0007538541051785586,-0.0017884964166666626,2.8137191959584187,0.10295964165846552,0.0013250820284476106,0.0014579822955439192,0.0014546466897785875,0.9954496915805056,-4.311209744419894e-08,0.0031109992253381008,-0.012702766817359957,-0.012702766817359957,0.1204309064508149,1.0022930693678198,-4.291592410421653e-08,2.8117074914842086,0.10117421852918926,0.0036904376666666654,0.0013234591726332067,0.0009824195468761676,0.0005149791604117633,0.0032930326916666636,2.815303115627205,0.10532338928775754,0.00359562414299619,0.004149170758568285,0.00412258515116464,0.9873877127383647,4.895211469496394e-07,0.008617115329909877,-0.031594537509784366,-0.031594537509784366,0.17658620918556475,1.0064487709601668,4.833471656236654e-07]"
/multi_agv/m2b_algorithm_state,1789558506.687015,1789558506.687015,m2b_algorithm_state_v1:header6+3x20,"[1.0,-0.15,0.52,2.813842718673182,0.10125034674973114,1789558506.6869528,2.8124119197392234,0.10107527132302088,0.0036904376666666654,0.0015399504720807872,0.0006967610265129485,0.000569722060952235,0.004584685874999997,2.8138932075465903,0.09930785671749626,0.0014812878073668934,-0.0017674146055246254,-0.0017724663987070777,1.0057546295015198,1.0384507004657866e-07,7.914336050153905e-05,0.002051460577275203,0.002051460577275203,0.14189016446873257,0.997149851085393,1.044426599502561e-07,2.813392371939325,0.10150164518627812,0.002796189458333334,-0.0009432650729463633,0.0016670695383966816,0.0007537784780002194,-0.0017884964166666626,2.8147810032393226,0.10298728042764228,0.0013886312999975559,0.0014856352413641638,0.0014821726323494965,0.9953648517874878,-4.4753075663491394e-08,0.0032179617573464413,-0.013097873202306072,-0.013097873202306072,0.12042957765913499,1.002336171198343,-4.454563852482534e-08,2.81270575460103,0.10117424057153514,0.0036904376666666654,0.0013233407792911716,0.000982425936763032,0.0005150271555662582,0.0032930326916666636,2.816252688729284,0.1041292474031261,0.003546934128253909,0.002955006831590959,0.002941399017994699,0.9908934443040335,2.4850058037477277e-07,0.007375066678312085,-0.026468528905236918,-0.026468528905236918,0.1765820775969782,1.0046263065680687,2.462375959991099e-07]"
/multi_agv/m2b_algorithm_state,1789558506.6970367,1789558506.6970367,m2b_algorithm_state_v1:header6+3x20,"[1.0,-0.15,0.52,2.8148399352593216,0.10125036531027165,1789558506.6969874,2.813417944007101,0.10107517664893755,0.0036904376666666654,0.0015406230706261916,0.0006966988004930559,0.0005694628841945823,0.004584685874999997,2.8146146896428537,0.09988456876595753,0.0011967456357524497,-0.0011906078829800187,-0.0011928904291651369,1.0038514576752575,4.7126729614677296e-08,0.0003030416155254253,0.0010030857628199738,0.0010030857628199738,0.14190999144804312,0.9980865416225062,4.730823621916153e-08,2.814398423431353,0.10150170426312916,0.002796189458333334,-0.0009439971553508323,0.0016671142745123824,0.0007540725401940368,-0.0017884964166666626,2.81580412244671,0.10298728042764228,0.0014056990153572535,0.0014855761645131277,0.0014821138321127485,0.9953650367218176,-4.4784237127112274e-08,0.0032392376013093156,-0.013174496942157585,-0.013174496942157585,0.12044206342077056,1.0023360772468088,-4.45766638325867e-08,2.813711788581092,0.10117415933712673,0.0036904376666666654,0.0013237868469859588,0.000982404806585225,0.0005148447936812904,0.0032930326916666636,2.816661460288493,0.10382606096703427,0.0029496717074009027,0.002651901629907541,0.0026409169579047695,0.9917990821512945,2.002495305333494e-07,0.006328006592155898,-0.02255104306369707,-0.02255104306369707,0.17662090107338071,1.00415941590662,1.9860730058420358e-07]"
/multi_agv/m2b_algorithm_state,1789558506.7070022,1789558506.7070022,m2b_algorithm_state_v1:header6+3x20,"[1.0,-0.15,0.52,2.8158407261177154,0.10125036059805269,1789558506.7069046,2.814415166081062,0.10107522240513843,0.0036904376666666654,0.001540299066678305,0.0006967266492745592,0.0005695888409423892,0.004584685874999997,2.8155798935734415,0.09870832597851548,0.0011647274923793915,-0.0023668964266229525,-0.0023759973789664003,1.0077586563783651,1.8635395324036256e-07,-0.0009200880134921608,0.005835383598715922,0.005835383598715922,0.14190139323321982,0.9961696286266919,1.8779980952830445e-07,2.8153956334850685,0.10150167536452,0.002796189458333334,-0.0009436451750404369,0.0016670946772410211,0.0007539301627450534,-0.0017884964166666626,2.816349947042007,0.10216742518386038,0.0009543135569383132,0.0006657498193403805,0.0006650501323944172,0.9979033551344564,-8.996061656740009e-09,0.0018579420785673087,-0.007854972359314986,-0.007854972359314986,0.1204366498645698,1.0010520815076664,-8.977200110257292e-09,2.814709006211834,0.10117419816115651,0.0036904376666666654,0.001323574250121333,0.0009824139190182327,0.0005149322062027099,0.0032930326916666636,2.817763268847616,0.10418500409637946,0.0030542626357821234,0.003010805935222946,0.0029966853428637177,0.9907274177547352,2.5800861626179467e-07,0.0068145136375913715,-0.024488096666354618,-0.024488096666354618,0.17660406708176854,1.004712070419023,2.556162101475202e-07]"
/multi_agv/m2b_algorithm_state,1789558506.7172678,1789558506.7172678,m2b_algorithm_state_v1:header6+3x20,"[1.0,-0.15,0.52,2.816843202346251,0.1012503452903281,1789558506.7171402,2.815415955276972,0.10107521104982678,0.0036904376666666654,0.0015403805685309524,0.0006967183113553153,0.0005695578502318942,0.004584685874999997,2.8164053103979865,0.09742952714427057,0.0009893551210145013,-0.00364568390555621,-0.0036674840552093973,1.0121230646114288,4.425061905966528e-07,-0.0024307901539412707,0.011675369155885651,0.011675369155885651,0.14190544531655067,0.9940558297391311,4.4787072173621327e-07,2.816396426400312,0.10150168246909039,0.002796189458333334,-0.000943734363407756,0.0016671008477895377,0.000753965613113125,-0.0017884964166666626,2.8173668540596193,0.10216742518386038,0.0009704276593072159,0.0006657427147699901,0.0006650430427872957,0.9979033775419722,-8.996719649967568e-09,0.0018780776169213154,-0.007926706499102095,-0.007926706499102095,0.12043920112338345,1.0010520702235484,-8.977856925500867e-09,2.8157097966758626,0.10117418827524087,0.0036904376666666654,0.001323629106121086,0.00098241096391718,0.0005149099653883171,0.0032930326916666636,2.818828331358432,0.10446882466263527,0.003118534682569507,0.003294636387394398,0.003277764449956986,0.9898862900501016,3.0889256495218303e-07,0.007175932803168869,-0.02593910170928875,-0.02593910170928875,0.17661200030741458,1.0051473916735028,3.057685151445765e-07]"
/multi_agv/m2b_algorithm_state,1789558506.7269974,1789558506.7269974,m2b_algorithm_state_v1:header6+3x20,"[1.0,-0.15,0.52,2.817842644221951,0.10125034979359965,1789558506.7268736,2.816418426421911,0.10107517488493854,0.0036904376666666654,0.0015406370617004864,0.0006966925838780994,0.0005694600532007792,0.004584685874999997,2.8173067307857367,0.09676240518923612,0.0008883043638254762,-0.00431276969570242,-0.004343430790687306,1.0144486523885172,6.196231259907816e-07,-0.003233050335905461,0.014748982579978146,0.014748982579978146,0.14191546319727177,0.9929408118921508,6.285758451501088e-07,2.8173989089041784,0.1015017041789527,0.002796189458333334,-0.0009440131524463252,0.0016671196737823024,0.0007540766658738068,-0.0017884964166666626,2.8183931277787706,0.1032326450417655,0.0009942188745921676,0.0017309408628128076,0.0017262491256512232,0.9946146336289182,-6.078958368116146e-08,0.0029690227188914325,-0.012330683679961095,-0.012330683679961095,0.1204455084247579,1.0027178795295926,-6.046220950149288e-08,2.8167122717126634,0.10117415680709305,0.0036904376666666654,0.0013238012761201496,0.000982401824261148,0.0005148400904744278,0.0032930326916666636,2.8195542475884494,0.10429711676776485,0.0028419758757860514,0.0031229599606718006,0.00310778071830149,0.9903943741006601,2.7761244496038145e-07,0.006660250563034055,-0.023994921705423156,-0.023994921705423156,0.17663161457815604,1.0048842707212002,2.7494580366909094e-07]"
/multi_agv/m2b_algorithm_state,1789558506.73693,1789558506.73693,m2b_algorithm_state_v1:header6+3x20,"[1.0,-0.15,0.52,2.8188418805419926,0.10125035544917,1789558506.736839,2.8174178693440046,0.10107518720590492,0.0036904376666666654,0.0015405493044293602,0.0006966978466284239,0.0005694953549128189,0.004584685874999997,2.8185530535943477,0.09865665604921307,0.001135184250343091,-0.0024185311566918416,-0.00242803721734692,1.0079325180865215,1.946116471867383e-07,-0.0010090569044180564,0.006170952955223472,0.006170952955223472,0.14191474083812616,0.9960848785236226,1.9615540759789485e-07,2.8183983496797103,0.10150169540852863,0.002796189458333334,-0.0009439173249736268,0.0016671163732779881,0.0007540368447869622,-0.0017884964166666626,2.8194210872818375,0.1032326450417655,0.0010227376021272327,0.0017309496332368751,0.0017262578482814918,0.994614606235432,-6.078403088872465e-08,0.003004679850940533,-0.01245793833084196,-0.01245793833084196,0.12044505362637581,1.0027178934827459,-6.04566849477912e-08,2.817711713642138,0.10117416676636538,0.0036904376666666654,0.0013237460218646423,0.0009824030482673551,0.0005148634043426244,0.0032930326916666636,2.8205886669377356,0.10423177904466868,0.002876953295597673,0.0030576122783032983,0.0030430544081202454,0.9905883167734632,2.6611811512850744e-07,0.006639246027617337,-0.023884427402075317,-0.023884427402075317,0.17663020017625866,1.0047839664464118,2.636134957280749e-07]"
/multi_agv/m2b_algorithm_state,1789558506.7470143,1789558506.7470143,m2b_algorithm_state_v1:header6+3x20,"[1.0,-0.15,0.52,2.8198424830117435,0.10125035223642327,1789558506.7468927,2.8184171071616113,0.10107520178978335,0.0036904376666666654,0.0015404459473575983,0.0006967053966921983,0.0005695362287513021,0.004584685874999997,2.8196556115711227,0.0995317308667366,0.0012385044095113429,-0.0015434709230467553,-0.001547317137812223,1.0050128234087674,7.921008212786791e-08,8.133740769555083e-07,0.002228592836237491,0.002228592836237491,0.14191329089972246,0.9975142686192268,7.960714828176887e-08,2.81939758430581,0.10150168568230379,0.002796189458333334,-0.000943804769787504,0.001667111291451473,0.0007539906994013662,-0.0017884964166666626,2.820371644058894,0.10208919844409739,0.0009740597530840667,0.0005875127617935988,0.0005869675391440923,0.9981480977890154,-7.007491161635059e-09,0.0018045422304991756,-0.007628022917864073,-0.007628022917864073,0.12044414075999459,1.0009288804118563,-6.994513973259372e-09,2.818710950158557,0.10117417887542286,0.0036904376666666654,0.0013236794648019568,0.0009824052083091013,0.0005148911306555367,0.0032930326916666636,2.8215996981836646,0.10341057476673961,0.0028887480251076347,0.0022363958913167448,0.0022285590702303946,0.9930510520875565,1.4244730486255509e-07,0.005839494101614938,-0.020581691345231183,-0.020581691345231183,0.17662736124505432,1.0035165417830008,1.4145744596079722e-07]"
/multi_agv/m2b_algorithm_state,1789558506.7569785,1789558506.7569785,m2b_algorithm_state_v1:header6+3x20,"[1.0,-0.15,0.52,2.820841680948922,0.10125035804961463,1789558506.756825,2.8194177083988015,0.10107519470370364,0.0036904376666666654,0.001540496329209929,0.000696699110482601,0.0005695176600699957,0.004584685874999997,2.820564062584139,0.0986839403331571,0.0011463541853373727,-0.002391254370546547,-0.0024005453097228203,1.0078406495859622,1.9023668943676073e-07,-0.0009676025780511045,0.006013292626486131,0.006013292626486131,0.14191667676973804,0.9961296547335965,1.917282686570279e-07,2.820398188369273,0.10150168952923622,0.002796189458333334,-0.0009438593670459232,0.001667116072589181,0.0007540118784388067,-0.0017884964166666626,2.8213889680258495,0.10208919844409739,0.000990779656576457,0.0005875089148611734,0.0005869636993642954,0.9981481099307663,-7.007804654577366e-09,0.0018254382700848668,-0.007702409817329052,-0.007702409817329052,0.12044627246291836,1.0009288743025648,-6.994826970730424e-09,2.8197115522671554,0.10117417247632998,0.0036904376666666654,0.0013237144150061732,0.0009824027211599038,0.0005148772748093211,0.0032930326916666636,2.8225585305260483,0.10261319811965237,0.002846978258892907,0.001439025643322392,0.00143576122101628,0.995487751790548,5.9014841490090896e-08,0.004994484044632414,-0.017146752138630296,-0.017146752138630296,0.1766339907800437,1.0022736526508227,5.874855187724614e-08]"
/multi_agv/m2b_algorithm_state,1789558506.767155,1789558506.767155,m2b_algorithm_state_v1:header6+3x20,"[1.0,-0.15,0.52,2.8218416920107043,0.10125035850965036,1789558506.7669015,2.8204169079492973,0.10107520935790419,0.0036904376666666654,0.0015403926753348933,0.0006967072281591769,0.0005695583673193919,0.004584685874999997,2.821482275812722,0.09780921618965657,0.0010653678634247044,-0.003265993168247619,-0.003283439088413789,1.0108144105021015,3.55050699855113e-07,-0.0019517292591329084,0.009840314707099493,0.009840314707099493,0.14191509091805676,0.9946866929166644,3.588903638724046e-07,2.8213973844436717,0.1015016800103029,0.002796189458333334,-0.0009437465477999552,0.001667110484249168,0.0007539658820647915,-0.0017884964166666626,2.822668117127337,0.10323268990654139,0.0012707326836651767,0.0017310098962384918,0.0017263177857512733,0.9946144213197073,-6.077726688557378e-08,0.003314733640332744,-0.013565125930239029,-0.013565125930239029,0.12044527403439063,1.0027179876879833,-6.044994613278838e-08,2.820710750453797,0.1011741847806368,0.0036904376666666654,0.0013236470234530306,0.0009824051636362352,0.0005149052159339222,0.0032930326916666636,2.8236230881576287,0.10306947761911532,0.0029123377038318132,0.0018952928384785156,0.0018896497179386146,0.99408792863527,1.0233140895993548e-07,0.0055300718477283815,-0.019296209304209038,-0.019296209304209038,0.17663088568635293,1.0029863315334744,1.0172641836731097e-07]"
/multi_agv/m2b_algorithm_state,1789558506.7770357,1789558506.7770357,m2b_algorithm_state_v1:header6+3x20,"[1.0,-0.15,0.52,2.8228368662296996,0.10125038955419395,1789558506.7769039,2.821416919008021,0.1010752107163363,0.0036904376666666654,0.0015403835513051107,0.0006967071661839516,0.0005695623544430705,0.004584685874999997,2.822469137364908,0.09878479361141014,0.001052218356886847,-0.002290417104926154,-0.002298934517827175,1.0075015101139828,1.745063518639562e-07,-0.0009836615717186163,0.006026327136383965,0.006026327136383965,0.14191638336215193,0.9962950606748593,1.758154130274179e-07,2.8223973955691815,0.10150167900603352,0.002796189458333334,-0.0009437366428062151,0.001667110675430461,0.0007539614891494545,-0.0017884964166666626,2.8236941253599186,0.10323268990654139,0.001296729790737139,0.0017310109005078678,0.001726318784547749,0.9946144181829796,-6.077669975851047e-08,0.0033472310229691726,-0.013681177952954525,-0.013681177952954525,0.12044608775642478,1.002717989285709,-6.044938186939252e-08,2.8217107614549115,0.10117418580658129,0.0036904376666666654,0.0013236416966056867,0.000982404928878378,0.0005149076470215975,0.0032930326916666636,2.824705157139385,0.10373374492429745,0.00299439568447335,0.002559559117716159,0.0025493189491582456,0.9920762751983089,1.865389679789451e-07,0.0062923135547499325,-0.022374052190251174,-0.022374052190251174,0.17663341629186113,1.0040168251843478,1.8506088453188848e-07]"
/multi_agv/m2b_algorithm_state,1789558506.787152,1789558506.787152,m2b_algorithm_state_v1:header6+3x20,"[1.0,-0.15,0.52,2.8238417997257907,0.10125035756553998,1789558506.7869163,2.822412102961129,0.10107528485664778,0.0036904376666666654,0.0015398597529005346,0.0006967564962899067,0.0005697637403231092,0.004584685874999997,2.823571760708124,0.10020608575559715,0.001159657746995002,-0.0008691991010506273,-0.0008704126786975824,1.0028015566161392,2.5099060758382212e-08,0.0005791595050461701,-0.00011974658574868849,-0.00011974658574868849,0.1419005559828238,0.9986057445202075,2.5169377198108737e-08,2.8233925579466552,0.10150163406771709,0.002796189458333334,-0.0009431681377694619,0.00166707515086717,0.0007537335405694151,-0.0017884964166666626,2.824798320947356,0.10232291488524908,0.0014057630007009436,0.0008212808175319941,0.0008202172798491183,0.997418119840708,-1.368188232692022e-08,0.002577421030725298,-0.010489897647475483,-0.010489897647475483,0.12043612271415718,1.001296653592901,-1.3646557346398576e-08,2.8227059377813144,0.10117424973821698,0.0036904376666666654,0.0013232931463902104,0.0009824218936052235,0.0005150499055962864,0.0032930326916666636,2.825663283651859,0.10265467716315961,0.0029573458705445255,0.0014804274249426291,0.0014769735486771544,0.9953601267836069,6.243769795868209e-08,0.005173655886857811,-0.017807884782759402,-0.017807884782759402,0.17660242794870706,1.0023384821404338,6.214799495623036e-08]"
/multi_agv/m2b_algorithm_state,1789558506.797138,1789558506.797138,m2b_algorithm_state_v1:header6+3x20,"[1.0,-0.15,0.52,2.824839817823691,0.10125037070545201,1789558506.7968564,2.823417026522701,0.10107520618669992,0.0036904376666666654,0.001540419309312218,0.0006967062370040189,0.0005695473381610635,0.004584685874999997,2.824845362429277,0.10058236003906963,0.0014283359065760948,-0.0004928461476302881,-0.000493235209927413,1.0015817748907538,8.070245898814681e-09,0.0012921846732927055,-0.0028173551624290547,-0.0028173551624290547,0.14191927129876533,0.9992112033178204,8.083011211139635e-09,2.8243975033982873,0.10150168388331363,0.002796189458333334,-0.0009437773428842286,0.0016671110174897308,0.0007539789533209801,-0.0017884964166666626,2.8258158669791933,0.10232291488524908,0.001418363580905968,0.0008212310019354574,0.0008201675935873045,0.9974182767336622,-1.3689056216275244e-08,0.0025931220697197645,-0.010546381996057112,-0.010546381996057112,0.1204479059572341,1.001296574451938,-1.365371486134748e-08,2.823710869256384,0.10117418262660635,0.0036904376666666654,0.0013236623971498757,0.0009824050666357165,0.0005148986025119958,0.0032930326916666636,2.8266637724443835,0.10160135260014959,0.002952903187999567,0.00042716997354323716,0.0004268801070564285,0.9986450444539295,5.2038578453045514e-09,0.004118009092055887,-0.013509837314734844,-0.013509837314734844,0.17663907103669282,1.0006790348906336,5.196806849256094e-09]"
/multi_agv/m2b_algorithm_state,1789558506.8070686,1789558506.8070686,m2b_algorithm_state_v1:header6+3x20,"[1.0,-0.15,0.52,2.8258370600301035,0.10125038833709639,1789558506.8069077,2.8244150486193798,0.10107523791047217,0.0036904376666666654,0.0015401952863456172,0.0006967264934009342,0.0005696339064794661,0.004584685874999997,2.825852311165776,0.1000233965645862,0.0014372625463963118,-0.0010518413458859704,-0.001053620968391573,1.0033972399206048,3.6767868472864196e-08,0.0007429572146038167,-0.0006156831605351001,-0.0006156831605351001,0.14191350903023817,0.9983109461950825,3.689277774343576e-08,2.825395516681718,0.10150166439067757,0.002796189458333334,-0.000943534161721141,0.0016670965740814836,0.0007538810556766695,-0.0017884964166666626,2.8269462919202186,0.10331973571144781,0.0015507752385004459,0.0018180713207702481,0.0018128987831794914,0.9943491829793792,-6.702524134464274e-08,0.0037513678313050485,-0.015167897364814055,-0.015167897364814055,0.12044427808036785,1.002853186090006,-6.664649397004122e-08,2.824708888169975,0.10117420981520629,0.0036904376666666654,0.0013235141450941442,0.0009824118641603933,0.0005149593282001131,0.0032930326916666636,2.8278003961358635,0.10271441429701217,0.003091507965888418,0.0015402044818058763,0.0015364677429837304,0.9951760636439668,6.759008528339223e-08,0.005400852700344253,-0.01864952894826303,-0.01864952894826303,0.17662778829540215,1.002432032067845,6.726403501368629e-08]"
/multi_agv/m2b_algorithm_state,1789558506.817045,1789558506.817045,m2b_algorithm_state_v1:header6+3x20,"[1.0,-0.15,0.52,2.826842352815445,0.1012503541061935,1789558506.8169322,2.8254122964172272,0.1010752791739798,0.0036904376666666654,0.0015399049373761259,0.0006967549017589108,0.0005697449841442742,0.004584685874999997,2.8267417300775444,0.09972652674853408,0.0013294336603171253,-0.001348752425445729,-0.0013516850977959205,1.004370816846121,6.045583294516077e-08,0.0003101069776004861,0.001048588748170664,0.001048588748170664,0.14190500107699436,0.9978303583024081,6.072007431824375e-08,2.8263927520242342,0.10150164016575851,0.002796189458333334,-0.000943219763381185,0.001667075982392241,0.000753755485986371,-0.0017884964166666626,2.8280342666676974,0.10368084829079771,0.0016415146434631822,0.002179208125039203,0.002171796956317359,0.9932546707429398,-9.62394886330542e-08,0.0042236902606463365,-0.017037963134859294,-0.017037963134859294,0.12043892143596605,1.0034124593002518,-9.559032159469315e-08,2.825706131648849,0.10117424567155084,0.0036904376666666654,0.0013233197506587967,0.000982421861607419,0.0005150383903571977,0.0032930326916666636,2.8288889510516797,0.10354471467185547,0.0031828194028307166,0.0023704690003046314,0.0023616733357820735,0.9926457537332312,1.599792697882958e-07,0.00634019758932047,-0.022444939596706535,-0.022444939596706535,0.1766111305101654,1.0037243357873815,1.5880274284069482e-07]"
/multi_agv/m2b_algorithm_state,1789558506.827035,1789558506.827035,m2b_algorithm_state_v1:header6+3x20,"[1.0,-0.15,0.52,2.8278413271218645,0.10125036131973368,1789558506.82688,2.8264175785039667,0.10107519544585004,0.0036904376666666654,0.0015405000130477684,0.0006967007897517696,0.0005695151898431974,0.004584685874999997,2.8277761404417925,0.10041156170705536,0.0013585619378257974,-0.0006636337387946889,-0.0006643400775913262,1.0021340295785488,1.4635079271884886e-08,0.0010338623446909205,-0.0018230335369480264,-0.0018230335369480264,0.14192498949184765,0.9989367812955101,1.4666310963935495e-08,2.8273980577214854,0.10150169280176279,0.002796189458333334,-0.0009438674499624121,0.00166711471812242,0.0007540160867078594,-0.0017884964166666626,2.8288397411538595,0.10277356857872023,0.0014416834323740524,0.0012718757769574485,0.0012693337903267455,0.9960220777098822,-3.282710480194734e-08,0.003071438080794311,-0.012470557041226966,-0.012470557041226966,0.12045150601819214,1.0020026147968917,-3.269652113003564e-08,2.826711422220882,0.10117417407096767,0.0036904376666666654,0.0013237132350301405,0.0009824036264449278,0.0005148773154279619,0.0032930326916666636,2.829620420344882,0.10280984925678475,0.0029089981240000284,0.001635675185817087,0.0016314638877726203,0.9948826218872607,7.623516152991523e-08,0.005267711542772656,-0.018223701971051602,-0.018223701971051602,0.17665026796745117,1.0025813001906014,7.584503738288089e-08]"
/multi_agv/m2b_algorithm_state,1789558506.83703,1789558506.83703,m2b_algorithm_state_v1:header6+3x20,"[1.0,-0.15,0.52,2.828840733009935,0.1012503655607021,1789558506.8368032,2.8274165548528014,0.10107521351418315,0.0036904376666666654,0.0015403721167196582,0.0006967111258713741,0.0005695652512690882,0.004584685874999997,2.828908063374547,0.10161057659145428,0.0014915085217457325,0.000535363077271131,0.0005349075440362295,0.9983016712384103,9.515533523340459e-09,0.002399293196218395,-0.007234578977718495,-0.007234578977718495,0.14192261179976373,1.0008516111615553,9.499373019075898e-09,2.8283970296428733,0.10150168116214708,0.002796189458333334,-0.0009437283816388581,0.0016671075630263488,0.0007539595272402083,-0.0017884964166666626,2.829867385576718,0.10277356857872023,0.0014703559338444805,0.0012718874165731503,0.0012693453832375366,0.9960220412019679,-3.2822870312694415e-08,0.0031072903005431372,-0.012598265070909408,-0.012598265070909408,0.1204500090612262,1.002002633301529,-3.269230228695737e-08,2.827710396869919,0.10117418928287081,0.0036904376666666654,0.0013236298852716522,0.0009824068461300912,0.0005149117695398705,0.0032930326916666636,2.8305850659770666,0.10210409048051684,0.0028746691071477315,0.0009299011976460353,0.0009285327827776893,0.9970672208680486,2.465077394211024e-08,0.0045218691667123535,-0.01520128093111678,-0.01520128093111678,0.17664561206789428,1.0014737388853976,2.4578478666706366e-08]"
/multi_agv/m2b_algorithm_state,1789558506.847409,1789558506.847409,m2b_algorithm_state_v1:header6+3x20,"[1.0,-0.15,0.52,2.829849217106221,0.10125031150423434,1789558506.84727,2.828415961941593,0.10107522383018827,0.0036904376666666654,0.0015402996723202387,0.0006967172197705367,0.0005695934831754566,0.004584685874999997,2.8300095892642325,0.10231738185949421,0.001593627322639346,0.0012421580293059398,0.0012397187900424194,0.9960910462498308,5.1197440644785137e-08,0.003231752943341602,-0.010543768422470005,-0.010543768422470005,0.1419217619650755,1.0019675746492773,5.0997312217177637e-08,2.8293964341147806,0.10150167479908626,0.002796189458333334,-0.0009436498932232622,0.0016671033145359004,0.0007539277151524387,-0.0017884964166666626,2.8308674768894675,0.10299076529537374,0.0014710427746869037,0.0014890904962874818,0.0014856118547514033,0.995354256799398,-4.497971232388926e-08,0.003324415323110033,-0.013479837592074434,-0.013479837592074434,0.1204494740366782,1.0023415547775503,-4.477074813119552e-08,2.828709802973432,0.1011741980528318,0.0036904376666666654,0.001323582334695274,0.0009824087967968964,0.0005149313662010375,0.0032930326916666636,2.831720782909292,0.10314712624773098,0.0030109799358597478,0.001972928194899179,0.0019668168981611194,0.9938512134298116,1.1087474785134536e-07,0.0057305418179858045,-0.020053456609085932,-0.020053456609085932,0.1766439479862156,1.003107201663649,1.1019300269078399e-07]"
/multi_agv/m2b_algorithm_state,1789558506.8570855,1789558506.8570855,m2b_algorithm_state_v1:header6+3x20,"[1.0,-0.15,0.52,2.8308416893363026,0.10125036103590453,1789558506.8569934,2.829424428759368,0.10107509495318305,0.0036904376666666654,0.0015412119082153248,0.0006966295864082809,0.0005692436491560258,0.004584685874999997,2.830828547359778,0.10073967269506999,0.0014041186004098982,-0.0003354222581130606,-0.00033560225491651596,1.0010746137469138,3.739588886850648e-09,0.0014195459955958568,-0.003341384111735548,-0.003341384111735548,0.14195248977176472,0.9994636603276097,3.743607500476263e-09,2.8304049393461086,0.10150175286070268,0.002796189458333334,-0.0009446403654844379,0.001667166719662827,0.0007543240694050102,-0.0017884964166666626,2.8318949708508456,0.10299076529537374,0.0014900315047370327,0.001489012434671061,0.0014855341594830487,0.995354501155864,-4.502218967260172e-08,0.0033480735404043394,-0.013565212495284367,-0.013565212495284367,0.12046881833604406,1.0023414306334246,-4.481303914251718e-08,2.8297182832131864,0.10117408669881729,0.0036904376666666654,0.0013241906123232805,0.0009823782536469983,0.0005146835888532454,0.0032930326916666636,2.8327487707107357,0.1036914979945965,0.0030304874975493057,0.002517411295779204,0.0025075024115799966,0.992202981258102,1.8052677689158603e-07,0.006295611783516629,-0.022362836283105716,-0.022362836283105716,0.1767041235673436,1.0039516947834013,1.791192062287479e-07]"
/multi_agv/m2b_algorithm_state,1789558506.8670805,1789558506.8670805,m2b_algorithm_state_v1:header6+3x20,"[1.0,-0.15,0.52,2.8318432817981205,0.10125035134292841,1789558506.8669977,2.8304169160176516,0.10107521740957079,0.0036904376666666654,0.0015403420413445637,0.0006967055051375402,0.0005695812112831903,0.004584685874999997,2.8317292743538753,0.09965845848907337,0.0013123583362237845,-0.0014167589204974185,-0.0014199964510630723,1.004594726304719,6.672813863026561e-08,0.00022045146921665835,0.0013962778365655495,0.0013962778365655495,0.14192765447648048,0.9977200431992417,6.703473616409503e-08,2.831397393640591,0.1015016748850039,0.002796189458333334,-0.0009436933220500752,0.0016671129128664752,0.0007539415472981315,-0.0017884964166666626,2.833008351270059,0.10291426049237948,0.0016109576294676131,0.0014125856073755744,0.0014094534077434037,0.995589086619468,-4.048072152265961e-08,0.0034231504445779203,-0.013794269156421672,-0.013794269156421672,0.12045318379525366,1.0022222796546254,-4.030216456644172e-08,2.8307107583506643,0.10117419081313889,0.0036904376666666654,0.0013236183918795236,0.000982403139358468,0.0005149186795297346,0.0032930326916666636,2.8337320523710865,0.10351743089572209,0.0030212940204221717,0.0023432400825832006,0.002334643540654715,0.9927279591988795,1.5636361006046957e-07,0.006111261066182429,-0.021610753480359565,-0.021610753480359565,0.1766554865281245,1.0036821646554552,1.5522652750829933e-07]"
/multi_agv/m2b_algorithm_state,1789558506.877107,1789558506.877107,m2b_algorithm_state_v1:header6+3x20,"[1.0,-0.15,0.52,2.832839980426424,0.10125037301434296,1789558506.8769376,2.831418505334405,0.10107519430316145,0.0036904376666666654,0.001540505977630626,0.0006966894699770518,0.0005695184923753371,0.004584685874999997,2.832730145614489,0.10020722854908602,0.0013116402800839033,-0.0008679657540754254,-0.0008691758803823956,1.0027975457946001,2.503837540028044e-08,0.0007703744697224836,-0.0007963683414853756,-0.0007963683414853756,0.14193454619564172,0.9986077313760273,2.5108421402085115e-08,2.832398989976143,0.10150168887988847,0.002796189458333334,-0.0009438712106103527,0.0016671245340673657,0.0007540126108802059,-0.0017884964166666626,2.8340321003444187,0.10291426049237948,0.0016331103682758474,0.0014125716124910037,0.0014094394751864214,0.9955891304583311,-4.0487547811799165e-08,0.003450827435531231,-0.013893178128319437,-0.013893178128319437,0.12045752256830597,1.0022222574007076,-4.0308962520339236e-08,2.831712350083813,0.1011741708457353,0.0036904376666666654,0.001323727735566107,0.0009823974366182549,0.0005148742496338373,0.0032930326916666636,2.8347468339359394,0.1033183650990525,0.003034483852126346,0.0021441942533172026,0.0021369852569968484,0.9933305134359167,1.3095763754296867e-07,0.005930090072154781,-0.02085704775595792,-0.02085704775595792,0.1766689824082355,1.0033734422344518,1.3008421733891176e-07]"
/multi_agv/m2b_algorithm_state,1789558506.8872976,1789558506.8872976,m2b_algorithm_state_v1:header6+3x20,"[1.0,-0.15,0.52,2.833842669438732,0.10125035593705238,1789558506.887202,2.8324152106778624,0.10107524672628729,0.0036904376666666654,0.0015401349248739386,0.0006967233934568988,0.0005696616830874134,0.004584685874999997,2.8338458421858035,0.10199855356768907,0.0014306315079410936,0.0009233068414017803,0.0009219558867199843,0.9970838825598521,2.8290493414099054e-08,0.0027102452716463513,-0.008529292797724224,-0.008529292797724224,0.14192411135949567,1.001465313797824,2.8207995012863812e-08,2.8333956805013334,0.10150165648561849,0.002796189458333334,-0.000943467852121163,0.0016671002247292677,0.0007538504138265567,-0.0017884964166666626,2.834844023494817,0.10293241655116989,0.001448342993483731,0.0014307600655514008,0.0014275471918346572,0.995533261851316,-4.151861176790858e-08,0.003237975933689321,-0.013142402536230054,-0.013142402536230054,0.1204509531669901,1.0022506252228442,-4.1333159000844463e-08,2.832709050100075,0.10117421583112313,0.0036904376666666654,0.0013234817906477951,0.0009824088515039357,0.000514974919603341,0.0032930326916666636,2.83585348390239,0.10391553530322704,0.003144433802314772,0.0027413194721039175,0.0027295895217225546,0.9915312478467654,2.1391756407325769e-07,0.00666013177461602,-0.02378936296975548,-0.02378936296975548,0.17664854844617342,1.0042973312609877,2.1210594924189758e-07]"
/multi_agv/m2b_algorithm_state,1789558506.8973532,1789558506.8973532,m2b_algorithm_state_v1:header6+3x20,"[1.0,-0.15,0.52,2.8348420801915513,0.10125036029496999,1789558506.8972013,2.833417894355833,0.10107520495211988,0.0036904376666666654,0.0015404319215309597,0.0006966963117901234,0.0005695470338643008,0.004584685874999997,2.8347995440260974,0.10188763430643727,0.0013816496702645509,0.0008124293543173844,0.0008113825043274192,0.9974308338476939,2.1909786790769654e-08,0.0025384445921581076,-0.00786344164893745,-0.00786344164893745,0.14193488522062292,1.0012902052784993,2.1853496908142566e-08,2.8343983759654283,0.10150168272420783,0.002796189458333334,-0.0009437908666796412,0.0016671195800874727,0.0007539803614663443,-0.0017884964166666626,2.835998218006342,0.10425707682309132,0.0015998420409135683,0.002755394098883493,0.002743597637526094,0.9915273959211667,-1.5388589124361833e-07,0.004743400188668054,-0.019193575399539104,-0.019193575399539104,0.12045773601374915,1.0042996324227906,-1.5258207701379274e-07,2.8337117379949364,0.10117418013482943,0.0036904376666666654,0.0013236780315030272,0.000982399647442734,0.0005148946444283589,0.0032930326916666636,2.836599039701439,0.10352780198481133,0.002887301706502754,0.0023536218499819045,0.002344949647406225,0.992696606790915,1.577581123961483e-07,0.005954076780534667,-0.021053626951494105,-0.021053626951494105,0.17666964637454877,1.003698246819616,1.566059428693962e-07]"
/multi_agv/m2b_algorithm_state,1789558506.907164,1789558506.907164,m2b_algorithm_state_v1:header6+3x20,"[1.0,-0.15,0.52,2.835838471940653,0.1012503836238103,1789558506.9070246,2.834417306372094,0.10107521576897373,0.0036904376666666654,0.0015403554671616602,0.0006967026081082569,0.0005695768986362535,0.004584685874999997,2.8357395854782594,0.10025051045112236,0.001322279106165336,-0.0008247053178513652,-0.0008257974653370332,1.0026568135189784,2.2601807384387463e-08,0.0008270514173696369,-0.0010169131029083493,-0.0010169131029083493,0.14193405249590893,0.9986774632624693,2.266185617179965e-08,2.8353977852427166,0.10150167580870603,0.002796189458333334,-0.0009437075317202492,0.001667115153495935,0.0007539465412081531,-0.0017884964166666626,2.8370669337595005,0.10392427266260776,0.0016691485167839026,0.002422596853901726,0.0024134547308938513,0.9925222066735778,-1.1897723125158232e-07,0.00449989037687373,-0.018150675418862495,-0.018150675418862495,0.12045721176522008,1.0037879819707614,-1.1808754410573305e-07,2.834711148959843,0.10117418930723018,0.0036904376666666654,0.0013236278824716118,0.0009824015761670472,0.0005149153788289317,0.0032930326916666636,2.8375997493226928,0.10354306336327655,0.002888600362849658,0.002368874056046369,0.002360090110542736,0.9926505621537938,1.5980149442202165e-07,0.005970840564104809,-0.021121747108465726,-0.021121747108465726,0.1766680155988185,1.0037218686966207,1.5862704327103612e-07]"
/multi_agv/m2b_algorithm_state,1789558506.9172814,1789558506.9172814,m2b_algorithm_state_v1:header6+3x20,"[1.0,-0.15,0.52,2.836836852237498,0.10125039363996056,1789558506.9171488,2.8354137054764608,0.10107527136206308,0.0036904376666666654,0.0015399627459772177,0.0006967398275058651,0.0005697277673510245,0.004584685874999997,2.8365382562042147,0.09868407140132555,0.0011245507277539701,-0.002391199960737528,-0.002400490463770171,1.007840458372329,1.9016206880389858e-07,-0.0009948020540777084,0.006108459153633771,0.006108459153633771,0.1419225313225718,0.9961297479940612,1.916530265883515e-07,2.836394168035109,0.10150164219465663,0.002796189458333334,-0.0009432811871811025,0.0016670882833675904,0.0007537757125389566,-0.0017884964166666626,2.8381002634028607,0.10392427266260776,0.001706095367751903,0.0024226304679511312,0.002413488089376354,0.9925221023443676,-1.1892679560323908e-07,0.0045461072990662325,-0.018315713696997547,-0.018315713696997547,0.12044995840030767,1.003788035505549,-1.1803747319720574e-07,2.8357075423103892,0.10117423731471122,0.0036904376666666654,0.001323366214930228,0.000982414389119569,0.0005150221367353817,0.0032930326916666636,2.8386306771439496,0.10356084377771009,0.0029231348335603258,0.002386606462998875,0.0023776917256259343,0.992597054464072,1.6216860770716656e-07,0.006031610267576341,-0.021348917362266722,-0.021348917362266722,0.1766454544762606,1.0037493243034243,1.6096808233667312e-07]"
/multi_agv/m2b_algorithm_state,1789558506.9274888,1789558506.9274888,m2b_algorithm_state_v1:header6+3x20,"[1.0,-0.15,0.52,2.837840961539568,0.1012503668409167,1789558506.9272404,2.836412089171733,0.10107529323508307,0.0036904376666666654,0.001539810519359776,0.0006967571188346783,0.0005697847572252277,0.004584685874999997,2.83777107687523,0.09772660172768484,0.001358987703496961,-0.0033486915073982354,-0.003367043484822532,1.0110985045709981,3.731373602657617e-07,-0.0016683088554513307,0.008880100160743004,0.008880100160743004,0.14191805093100468,0.99454952764732,3.772786269642814e-07,2.837392544031228,0.10150163076584251,0.002796189458333334,-0.000943117284397851,0.0016670753811918182,0.0007537113776458632,-0.0017884964166666626,2.838784779134071,0.10295314222359361,0.0013922351028430313,0.0014515114577511035,0.0014482052307493987,0.9954695500899281,-4.271517825964245e-08,0.003188499109303188,-0.012975763487449554,-0.012975763487449554,0.12044713761906048,1.0022829823643118,-4.252165928413735e-08,2.8367059235095313,0.10117425691895608,0.0036904376666666654,0.001323261586137554,0.000982420909680792,0.0005150640975334275,0.0032930326916666636,2.8395959273002074,0.1036433627898228,0.0028900037906760545,0.0024691058708667113,0.0024595701363892,0.992348382205176,1.7354948478281043e-07,0.006072074874734268,-0.021537629997478717,-0.021537629997478717,0.17663668145331438,1.0038769922989512,1.7222155045676374e-07]"
/multi_agv/m2b_algorithm_state,1789558506.9371402,1789558506.9371402,m2b_algorithm_state_v1:header6+3x20,"[1.0,-0.15,0.52,2.838842178774936,0.10125035939966676,1789558506.9370062,2.8374161902547566,0.10107522668018414,0.0036904376666666654,0.0015402844584098256,0.0006967155665786426,0.0005696009376874282,0.004584685874999997,2.838935119808742,0.09979953133942734,0.0015189295539852488,-0.0012756953407567911,-0.0012783174707486238,1.0041306639627081,5.409452152004212e-08,0.0006203444717329371,-8.021810133383147e-05,-8.021810133383147e-05,0.1419338524938006,0.9979487646442811,5.4317967810664896e-08,2.8383966631620905,0.1015016734638768,0.002796189458333334,-0.0009436336555602434,0.0016671048675682698,0.000753919868880279,-0.0017884964166666626,2.839910733147537,0.10476108894345451,0.0015140699854465645,0.0032594154795777125,0.0032429719226320366,0.9900354904047969,-2.1521488515065872e-07,0.005135559404440242,-0.020860689095879584,-0.020860689095879584,0.12045708583762717,1.00507052091044,-2.1307037436254444e-07,2.837710031201856,0.10117420037868918,0.0036904376666666654,0.0013235732680084442,0.0009824072135950828,0.0005149361197643882,0.0032930326916666636,2.8405382653828646,0.10266111001709825,0.0028282341810084155,0.0014869096384090702,0.001483425618424279,0.9953401518836001,6.299872412297771e-08,0.005018718344684798,-0.017258066211381668,-0.017258066211381668,0.17666762392447233,1.002348631398514,6.270515963703765e-08]"
/multi_agv/m2b_algorithm_state,1789558506.947073,1789558506.947073,m2b_algorithm_state_v1:header6+3x20,"[1.0,-0.15,0.52,2.8398433800997314,0.10125035229938815,1789558506.9469688,2.838417405066378,0.10107520871508478,0.0036904376666666654,0.0015404123358744516,0.0006967032832533523,0.0005695518972716942,0.004584685874999997,2.8400309491898033,0.10016807708046042,0.0016135441234252923,-0.0009071316346243585,-0.0009084538260524916,1.002925074553143,2.7348079680612605e-08,0.0011084763282291237,-0.0019749235540488246,-0.0019749235540488246,0.14193941615875166,0.9985445694759432,2.7428074852563695e-08,2.8393978833634885,0.1015016845891664,0.002796189458333334,-0.0009437728318361319,0.0016671137656589785,0.0007539755684989186,-0.0017884964166666626,2.8412515099520714,0.10518502403471922,0.0018536265885829017,0.0036833394455528107,0.003662408183796899,0.9887943587623106,-2.747887492400429e-07,0.005979441419525526,-0.02411500825175348,-0.02411500825175348,0.12046058845781261,1.0057151635496326,-2.717095650999056e-07,2.83871124789494,0.10117418489474911,0.0036904376666666654,0.001323658434879082,0.0009824029309555733,0.0005149014309010812,0.0032930326916666636,2.8416113387185638,0.10353120627715076,0.0029000908236236356,0.002357021382401653,0.002348324334821417,0.9926863428508568,1.5821141939398176e-07,0.005973437864350961,-0.0211247407143979,-0.0211247407143979,0.17667851969288992,1.0037035120963804,1.5705431531545487e-07]"
/multi_agv/m2b_algorithm_state,1789558506.9569967,1789558506.9569967,m2b_algorithm_state_v1:header6+3x20,"[1.0,-0.15,0.52,2.8408401816812323,0.10125037333424762,1789558506.9568746,2.8394186039872027,0.10107519222334689,0.0036904376666666654,0.0015405291148925656,0.0006966910537150811,0.0005695076395899499,0.004584685874999997,2.8412267806207083,0.09875057240642174,0.0018081766335056315,-0.0023246198169251525,-0.0023333957694845454,1.0076164585229666,1.797781111190785e-07,-7.317497760250596e-05,0.0028361101462716356,0.0028361101462716356,0.141944923906955,0.9962389781132878,1.8114738364575424e-07,2.840399087688475,0.1015016942296364,0.002796189458333334,-0.0009438994948608418,0.0016671227662303778,0.0007540257907447251,-0.0017884964166666626,2.842303642193468,0.10518502403471922,0.0019045545049931611,0.003683329805082819,0.00366239865412987,0.9887943883420087,-2.7482417981623265e-07,0.006043091785371321,-0.02434394353889634,-0.02434394353889634,0.12046405579217355,1.0057151481664472,-2.71744606782986e-07,2.8397124486235166,0.10117417044518118,0.0036904376666666654,0.001323737275821997,0.0009823984593217757,0.0005148695823799722,0.0032930326916666636,2.8429792837770598,0.10437098453367816,0.0032668351535432016,0.00319681408849698,0.003180917350939436,0.9901755475699622,2.9086757669734476e-07,0.007264461292868438,-0.026203437588238683,-0.026203437588238683,0.17668930638534724,1.0049975324108464,2.880099620266413e-07]"
/multi_agv/m2b_algorithm_state,1789558506.9669743,1789558506.9669743,m2b_algorithm_state_v1:header6+3x20,"[1.0,-0.15,0.52,2.841839772706805,0.1012503760285456,1789558506.9668422,2.840415412036861,0.10107524332022055,0.0036904376666666654,0.0015401672963449766,0.0006967237787133479,0.0005696474510429175,0.004584685874999997,2.8420868775162833,0.09721453187594659,0.0016714654794220962,-0.0038607114442739676,-0.0038851985127249123,1.0128690025926892,4.962433396524752e-07,-0.001795866663447292,0.009540302725062703,0.009540302725062703,0.141934852096038,0.9936973443259736,5.026294964770676e-07,2.8413958814793174,0.10150166249778396,0.002796189458333334,-0.0009435062513712634,0.0016670993942535794,0.0007538674906090309,-0.0017884964166666626,2.843073458877167,0.10302846313222407,0.0016775773978494612,0.0015268006344401064,0.0015231446207554684,0.9952386584186436,-4.727821929118558e-08,0.003620116368067295,-0.014553686819672063,-0.014553686819672063,0.12045771515695411,1.0024003063365214,-4.7053111539781966e-08,2.84070925152752,0.10117421418473833,0.0036904376666666654,0.0013234979758027688,0.0009824094385608283,0.000514967598648513,0.0032930326916666636,2.843981053833146,0.10357962957358874,0.0032718023056257373,0.0024054153888504043,0.002396360873545622,0.9925403150553257,1.6474888881932788e-07,0.006486113755577793,-0.02298575157826308,-0.02298575157826308,0.17666958146521372,1.003778443975087,1.6351991401375052e-07]"
/multi_agv/m2b_algorithm_state,1789558506.9771082,1789558506.9771082,m2b_algorithm_state_v1:header6+3x20,"[1.0,-0.15,0.52,2.842841824629461,0.10125036297516336,1789558506.9770193,2.84141500396525,0.10107524886555555,0.0036904376666666654,0.0015401294602934309,0.0006967283855510149,0.0005696614551674193,0.004584685874999997,2.8431107659810175,0.09849536690644989,0.001695762015767599,-0.002579881959105662,-0.0025907118354378616,1.008477070174211,2.2140759825773091e-07,-0.0004710093157283628,0.004347562167087038,0.004347562167087038,0.14193465765652402,0.9958197294720087,2.232844860052652e-07,2.8423954713492656,0.10150165996161548,0.002796189458333334,-0.0009434658911552018,0.001667095927383233,0.0007538517992096011,-0.0017884964166666626,2.844107894845148,0.10393118096107033,0.0017124234958822981,0.0024295209994548567,0.002420327025189774,0.9925014280098727,-1.1962706293547155e-07,0.0045608563950426464,-0.01837222267696214,-0.01837222267696214,0.1204575927399817,1.0037986495913136,-1.1873003079208245e-07,2.841708842805898,0.1011742192584658,0.0036904376666666654,0.0013234715404905001,0.0009824112229276823,0.0005149781291812908,0.0032930326916666636,2.8449082681865603,0.10245643499868388,0.003199425380662202,0.0012822157402180845,0.0012796209199803729,0.9959722601632299,4.685072115660687e-08,0.005278902645808125,-0.018080393982719236,-0.018080393982719236,0.1766692006798532,1.0020278038575294,4.6662018640623e-08]"
/multi_agv/m2b_algorithm_state,1789558506.986999,1789558506.986999,m2b_algorithm_state_v1:header6+3x20,"[1.0,-0.15,0.52,2.8438413386741135,0.1012503665039081,1789558506.9868963,2.8424170518033467,0.10107521672925995,0.0036904376666666654,0.0015403582990075912,0.0006967077192197022,0.0005695730126552443,0.004584685874999997,2.844221648757544,0.0999430173685242,0.0018045969541971019,-0.0011321993607357472,-0.0011342625375002525,1.003660099168307,4.2607260042204895e-08,0.0011214836552461249,-0.0019171748677200944,-0.0019171748677200944,0.14194317704610865,0.9981810412525374,4.276320683924921e-08,2.843397528194785,0.10150168036144255,0.002796189458333334,-0.0009437151422832463,0.0016671106959722515,0.0007539521588375703,-0.0017884964166666626,2.8450709135663645,0.1053782365483494,0.00167338537157935,0.0038765561869068405,0.00385340551384147,0.9882328031188766,-3.043099285161875e-07,0.005945137228315658,-0.02409409086965379,-0.02409409086965379,0.12046295607772028,1.0060078475992762,-3.0072905367445695e-07,2.8427108938902514,0.10117419183478758,0.0036904376666666654,0.0013236226289778381,0.0009824042785964385,0.0005149162503790589,0.0032930326916666636,2.8460694361051906,0.10372130687752883,0.003358542214939142,0.0025471150427412437,0.0025369732457512038,0.9921136757532572,1.847286095540965e-07,0.006735151014425131,-0.023953431091227807,-0.023953431091227807,0.17668588515610378,1.0039975971394357,1.8327177984150293e-07]"
/multi_agv/m2b_algorithm_state,1789558506.997042,1789558506.997042,m2b_algorithm_state_v1:header6+3x20,"[1.0,-0.15,0.52,2.84483705293369,0.10125039396121571,1789558506.9969091,2.8434165668669515,0.10107522527623455,0.0036904376666666654,0.00154029824543546,0.0006967128738782687,0.0005695963621972523,0.004584685874999997,2.845140920158367,0.10043114801268829,0.0017243532914155146,-0.000644077263546261,-0.0006447424874268089,1.0020706837315425,1.3783239047969367e-08,0.0015106991268425845,-0.003521135118974098,-0.003521135118974098,0.14194270999116562,0.998968233219432,1.3811779776833959e-08,2.844397041030555,0.10150167511433843,0.002796189458333334,-0.000943650052869731,0.0016671070693248247,0.0007539258312909691,-0.0017884964166666626,2.846179281255938,0.10605178015844463,0.0017822402253830916,0.0045501050441062035,0.004518374354900479,0.9862953655093893,-4.1899411583846285e-07,0.006746174636629344,-0.02733934791534121,-0.02733934791534121,0.120462662054532,1.0070225897000566,-4.132519546271801e-07,2.8437104081248332,0.10117419912115133,0.0036904376666666654,0.0013235831126668278,0.0009824059466683197,0.0005149325114946882,0.0032930326916666636,2.846825946544969,0.10493424290890377,0.0031155384201357883,0.0037600437877524373,0.0037381461478769584,0.9885192036102,4.0216769384879123e-07,0.007632569173046694,-0.027834986897635024,-0.027834986897635024,0.17668497043723472,1.0058578875756143,3.975504884411578e-07]"
/multi_agv/m2b_algorithm_state,1789558507.0071704,1789558507.0071704,m2b_algorithm_state_v1:header6+3x20,"[1.0,-0.15,0.52,2.845843052697409,0.10125035504912426,1789558507.0070322,2.8444122897991773,0.10107529049689418,0.0036904376666666654,0.0015398377029422492,0.0006967568730680714,0.000569773102136492,0.004584685874999997,2.8461181278572165,0.09930588192409687,0.0017058380580392551,-0.0017694085727973097,-0.00177447184582088,1.0057612496288393,1.0407202273780357e-07,0.0003578257267281889,0.0010692137563914955,0.0010692137563914955,0.14192878879204593,0.9971466027846567,1.046716076401743e-07,2.8453927446997453,0.10150163589882426,0.002796189458333334,-0.0009431504864557266,0.0016670752981657877,0.0007537258128256646,-0.0017884964166666626,2.8470570495914367,0.1039516498846794,0.0016643048916913372,0.0024500139858551484,0.002440665710445531,0.992439952655742,-1.216111602164633e-07,0.004521046825059702,-0.01823986959923862,-0.01823986959923862,0.12045389794121539,1.0038302154078738,-1.206917740876367e-07,2.8447061243021476,0.10117425548792867,0.0036904376666666654,0.001323276083142401,0.0009824212261174475,0.0005150576490856496,0.0032930326916666636,2.8477084186486366,0.10300611187367778,0.0030022943464889096,0.001831856385749106,0.0018265821675613487,0.9942816734514661,9.55735369622354e-08,0.005579450100672486,-0.019439820780182027,-0.019439820780182027,0.176657707775253,1.0028874792940736,9.502701626848697e-08]"
/multi_agv/m2b_algorithm_state,1789558507.017034,1789558507.017034,m2b_algorithm_state_v1:header6+3x20,"[1.0,-0.15,0.52,2.846836790232828,0.10125039532420359,1789558507.0168262,2.845418277457435,0.10107519529318723,0.0036904376666666654,0.001540514040962899,0.0006966956387239867,0.0005695117886557546,0.004584685874999997,2.8473225477681328,0.09851123717890602,0.001904270310697953,-0.0025639581142812146,-0.0025746534393428773,1.0084232470177916,2.1873522282342033e-07,-0.00019431555097043597,0.003367856897979398,0.003367856897979398,0.14195128753872333,0.9958459166199889,2.205776836367537e-07,2.846398759055474,0.10150169574460034,0.002796189458333334,-0.0009438865184359479,0.0016671190741943676,0.0007540220864282743,-0.0017884964166666626,2.8482202817555353,0.10270837814007638,0.0018215227000615286,0.0012066823954760414,0.0012043931899491408,0.9962231668413849,-2.955006416222919e-08,0.0034812965650260516,-0.013899692437068723,-0.013899692437068723,0.12046806185994385,1.0019007127788537,-2.943845850006208e-08,2.8457121215793184,0.10117417410958518,0.0036904376666666654,0.0013237230985400556,0.0009824006478512453,0.0005148745893335596,0.0032930326916666636,2.8487163860291864,0.10276497071194197,0.0030042644498680104,0.0015907966023567949,0.0015868118720820015,0.9950204804180244,7.211208517864188e-08,0.005342142434417015,-0.018466088479340108,-0.018466088479340108,0.17670176997502582,1.002511154816081,7.175300163839773e-08]"
/multi_agv/m2b_algorithm_state,1789558507.027024,1789558507.027024,m2b_algorithm_state_v1:header6+3x20,"[1.0,-0.15,0.52,2.8478410670272587,0.10125036744933442,1789558507.0268762,2.846412027566246,0.1010752921909495,0.0036904376666666654,0.0015398283794530372,0.000696759389686807,0.0005697758344788829,0.004584685874999997,2.8483351596700848,0.09972102943848515,0.001923132103838654,-0.0013542627524643497,-0.0013572195588763016,1.0043889457153288,6.094802012878123e-08,0.0010466955709220159,-0.0015511933028997402,-0.0015511933028997402,0.1419303657537273,0.997821423665306,6.121551768058321e-08,2.8473924813342344,0.10150163637425356,0.002796189458333334,-0.0009431419508796439,0.0016670733042190022,0.000753723150149932,-0.0017884964166666626,2.84927305769912,0.10359938483391981,0.0018805763648854779,0.002097748459666246,0.002090876743233336,0.9935007502347705,-8.917705880431062e-08,0.0044415971993401835,-0.01777578771932621,-0.01777578771932621,0.12045489074100392,1.0032865239211965,-8.859747482581285e-08,2.8467058617980037,0.1011742574074077,0.0036904376666666654,0.0013232679852682198,0.0009824224528204532,0.0005150605211356805,0.0032930326916666636,2.8499971405030844,0.10331063452582527,0.0032912787050807246,0.002136377118417576,0.0021292201741050787,0.993354242528759,1.2996006055241838e-07,0.0062433185554559845,-0.021973625716858562,-0.021973625716858562,0.17666079588778574,1.0033612983755922,1.2909637750903922e-07]"
/multi_agv/m2b_algorithm_state,1789558507.0370262,1789558507.0370262,m2b_algorithm_state_v1:header6+3x20,"[1.0,-0.15,0.52,2.848838504739344,0.1012503840326955,1789558507.0368655,2.847416295759118,0.10107522325135908,0.0036904376666666654,0.0015403190258035738,0.0006967159570597124,0.0005695857510910392,0.004584685874999997,2.8495332126262904,0.10154115168875599,0.0021169168671724137,0.0004659284373969147,0.00046558322243942115,0.9985207730276714,7.207443947766657e-09,0.0031117293064049385,-0.009734518847447877,-0.009734518847447877,0.14194676317376126,1.000741467778166,7.196782502277574e-09,2.848396768435903,0.1015016803769952,0.002796189458333334,-0.0009436765200654066,0.0016671042259344127,0.0007539387829823413,-0.0017884964166666626,2.850307543347615,0.10359938483391981,0.0019107749117117656,0.002097704456924615,0.0020908330306069712,0.9935008872132416,-8.922384575858145e-08,0.004479301670246678,-0.017911125993588316,-0.017911125993588316,0.12046521364833321,1.0032864538760653,-8.86439699217281e-08,2.8477101368867537,0.10117419871964897,0.0036904376666666654,0.0013235912208530228,0.0009824080842919082,0.00051492788505752,0.0032930326916666636,2.851075916437445,0.10380873473702244,0.0033657795506911725,0.0026345360173734705,0.0026236933129793337,0.991851168286204,1.976088518886055e-07,0.006830917751343299,-0.024343645618177204,-0.024343645618177204,0.17669290861070225,1.0041326112089772,1.9599857060940882e-07]"
/multi_agv/m2b_algorithm_state,1789558507.0471547,1789558507.0471547,m2b_algorithm_state_v1:header6+3x20,"[1.0,-0.15,0.52,2.8498434021984536,0.10125035255729485,1789558507.0470014,2.8484137386361144,0.1010752627578302,0.0036904376666666654,0.0015400402290113532,0.0006967422207371675,0.0005696929369135569,0.004584685874999997,2.850644903895026,0.10208337762611788,0.0022311652589115383,0.0010081148682876823,0.0010065053722722885,0.9968190998017137,3.372213855038344e-08,0.0037954619459117113,-0.012436849514201414,-0.012436849514201414,0.14193894357183529,1.0015990933180616,3.361487179318189e-08,2.849394199858424,0.10150165656402971,0.002796189458333334,-0.0009433742956150605,0.00166708535724025,0.000753817594002601,-0.0017884964166666626,2.85144615762047,0.10373235313260168,0.0020519577620463636,0.0022306965685719715,0.0022229340962215765,0.9930993727981333,-1.0085359306619428e-07,0.004787881298779531,-0.019082613735511053,-0.019082613735511053,0.12046029092641122,1.0034919939208227,-1.001576400184757e-07,2.848707575723493,0.10117423277622661,0.0036904376666666654,0.0013234058064604689,0.0009824171651853682,0.000515003531461332,0.0032930326916666636,2.851966376816674,0.1024695166635672,0.0032588010931808853,0.0012952838873405842,0.00129263616821289,0.9959318165685087,4.780774603312666e-08,0.005366137534688996,-0.018398332662930023,-0.018398332662930023,0.17667759412775497,1.002048309642577,4.761325535281775e-08]"
/multi_agv/m2b_algorithm_state,1789558507.0572388,1789558507.0572388,m2b_algorithm_state_v1:header6+3x20,"[1.0,-0.15,0.52,2.8508427664399982,0.1012503574179443,1789558507.057117,2.849418626178614,0.10107518638316751,0.0036904376666666654,0.0015405823516846588,0.0006966920771443337,0.0005694840313685084,0.004584685874999997,2.8514637298644585,0.10051843302194324,0.0020451036858446514,-0.0005567533612242659,-0.0005572501041250849,1.0017881754731872,1.0300421115089723e-08,0.0019991295031807294,-0.005292154909326517,-0.005292154909326517,0.1419524920499982,0.9991085817711978,1.0318840075491226e-08,2.850399109332065,0.10150170405263455,0.002796189458333334,-0.000943964055872942,0.0016671214008359136,0.0007540544860191317,-0.0017884964166666626,2.8524797729276363,0.10373235313260168,0.0020806635955712416,0.0022306490799671314,0.002222886940356126,0.9930995204486331,-1.0091232774347797e-07,0.004823716434820179,-0.019211378407674305,-0.019211378407674305,0.12046881701660801,1.0034919183113116,-1.0021598428940327e-07,2.8497124710846804,0.10117416723608245,0.0036904376666666654,0.0013237653077005414,0.0009824001174535196,0.0005148565692334552,0.0032930326916666636,2.8530589658702588,0.10323420258672572,0.0033464947855783578,0.002060035350643266,0.0020533768983177396,0.9935861213580786,1.2089029766342486e-07,0.006236495380290687,-0.021908114157368805,-0.021908114157368805,0.1767041191306946,1.0032426839568427,1.2011492196522588e-07]"
/multi_agv/m2b_algorithm_state,1789558507.0673084,1789558507.0673084,m2b_algorithm_state_v1:header6+3x20,"[1.0,-0.15,0.52,2.8518403439406708,0.10125037343829206,1789558507.0670476,2.850417991665999,0.10107519935012199,0.0036904376666666654,0.0015404898505663347,0.0006966983793594392,0.0005695208486661799,0.004584685874999997,2.851596561515505,0.09992687744112061,0.0011785698495061503,-0.0011483219090013819,-0.001150444521959337,1.0037128953111008,4.383358508756843e-08,0.00032276778992335097,0.0009141669453002849,0.0009141669453002849,0.14195249155352443,0.9981549627840028,4.3996334600108794e-08,2.851398472195378,0.10150169504353322,0.002796189458333334,-0.0009438631020780575,0.0016671172661393285,0.0007540128767667409,-0.0017884964166666626,2.852392373279225,0.10161492770654647,0.0009939010838468931,0.0001132326630132463,0.000113212337386854,0.9996411475766172,-2.604017564741572e-10,0.0013555886921954704,-0.005809097999718858,-0.005809097999718858,0.12046881732342325,1.0001795354363443,-2.603083106727933e-10,2.850711835458618,0.10117417786017771,0.0036904376666666654,0.0013237063566535145,0.0009824018253793204,0.0005148812338045738,0.0032930326916666636,2.853182306575106,0.10305991868027427,0.0024704711164882376,0.001885740820096557,0.0018801540320083653,0.9941170823882656,1.0130779546430355e-07,0.004968242927618662,-0.01728351518620385,-0.01728351518620385,0.17670412010767353,1.0029714523347983,1.0071181005016061e-07]"
/multi_agv/m2b_algorithm_state,1789558507.0772014,1789558507.0772014,m2b_algorithm_state_v1:header6+3x20,"[1.0,-0.15,0.52,2.8528376161064526,0.10125039087723343,1789558507.0770595,2.8514155740444016,0.10107523839061455,0.0036904376666666654,0.001540213405541516,0.0006967231120537317,0.000569627811427414,0.004584685874999997,2.8526470944008437,0.10082304371954687,0.0012315203564421395,-0.0002521946710676848,-0.00025229636127420353,1.0008072099148635,2.112540017699422e-09,0.0012871040842784708,-0.002911512106291777,-0.002911512106291777,0.1419492178669521,0.9995969414461423,2.114245280947255e-09,2.8523960438350815,0.10150167071442029,0.002796189458333334,-0.0009435627449663284,0.00166709968323131,0.0007538918283847285,-0.0017884964166666626,2.853401792904473,0.10161492770654647,0.0010057490693915483,0.0001132569921261789,0.00011323665776157613,0.9996410704545164,-2.6043079166670126e-10,0.0013704229945010115,-0.005861491825533666,-0.005861491825533666,0.12046675894706614,1.0001795740443484,-2.603373153610184e-10,2.85170941394253,0.1011742112098413,0.0036904376666666654,0.0013235238623604127,0.0009824100935385445,0.0005149560371992437,0.0032930326916666636,2.854191174358224,0.10291407435883371,0.0024817604156939232,0.00173986314899241,0.001735102033708802,0.9945631297672961,8.623744251394659e-08,0.004837302553326206,-0.016740756371141148,-0.016740756371141148,0.17669771627540365,1.0027439972930186,8.5768580729798e-08]"
/multi_agv/m2b_algorithm_state,1789558507.0870507,1789558507.0870507,m2b_algorithm_state_v1:header6+3x20,"[1.0,-0.15,0.52,2.853842626532284,0.10125035846066104,1789558507.0869632,2.8524128517440253,0.10107527937598151,0.0036904376666666654,0.0015399246134492296,0.0006967512576460774,0.0005697383509261549,0.004584685874999997,2.853752285699818,0.10200161442728148,0.0013394339557928348,0.0009263350512999646,0.0009249752522756554,0.9970744204699604,2.8472413814427384e-08,0.002599267697016699,-0.008135718667889511,-0.008135718667889511,0.14194081178020784,1.0014700923305395,2.838911550340108e-08,2.853393309210965,0.10150164648623518,0.002796189458333334,-0.0009432499241161028,0.0016670793135364903,0.0007537668270052172,-0.0017884964166666626,2.854561440257987,0.10223089975798581,0.0011681310470219586,0.000729253271750635,0.000728414141428762,0.9977050238455473,-1.0789106981589866e-08,0.0021885779502062103,-0.009061503039388097,-0.009061503039388097,0.12046146703802545,1.0011519961985185,-1.0764346238339278e-08,2.852706687364368,0.10117424676948363,0.0036904376666666654,0.0013233307374946892,0.0009824199964591834,0.000515034598214489,0.0032930326916666636,2.8552750451662945,0.10344411531290322,0.0025683578019264353,0.0022698685434195953,0.002261797434364579,0.9929497517044955,1.4670092570287117e-07,0.0054722446867726225,-0.019285644747390723,-0.019285644747390723,0.17668125285398492,1.0035684491159058,1.4566664775148559e-07]"
/multi_agv/m2b_algorithm_state,1789558507.0970452,1789558507.0970452,m2b_algorithm_state_v1:header6+3x20,"[1.0,-0.15,0.52,2.8548441706980205,0.10125034927128607,1789558507.0969443,2.8534178520516322,0.10107520015600452,0.0036904376666666654,0.001540487389001643,0.000696700116456394,0.0005695210121178073,0.004584685874999997,2.8547844303443193,0.10159427745918889,0.0013665782926870484,0.0005190773031843732,0.0005186490102877145,0.998353029717686,8.946186894156946e-09,0.002226871876146525,-0.006613401837471219,-0.006613401837471219,0.14195249319952288,1.000825785624118,8.931452790202244e-09,2.854398331843864,0.10150169621955996,0.002796189458333334,-0.0009438624269598782,0.0016671159347403375,0.0007540132766967883,-0.0017884964166666626,2.855182768779504,0.10133668028749193,0.0007844369356400094,-0.00016501593206802445,-0.00016505919017862535,1.0005246176781795,-5.531418235276547e-10,0.0008154869793713863,-0.003762933570424953,-0.003762933570424953,0.12046881635995732,0.999737923646941,-5.534320115068177e-10,2.8537116957013557,0.1011741790064186,0.0036904376666666654,0.0013237029231194233,0.0009824027880943166,0.0005148822213620072,0.0032930326916666636,2.856325359169332,0.10365441753213453,0.0026136634679763127,0.002480238525715925,0.0024706174115955476,0.9923148539823388,1.7517500892678513e-07,0.005737696746565938,-0.020345810121849425,-0.020345810121849425,0.17670411689216223,1.0038942144887433,1.7382876340453767e-07]"
/multi_agv/m2b_algorithm_state,1789558507.107016,1789558507.107016,m2b_algorithm_state_v1:header6+3x20,"[1.0,-0.15,0.52,2.855844579528122,0.10125034759867906,1789558507.1069036,2.8544193930713084,0.10107517918361711,0.0036904376666666654,0.0015406353290409133,0.0006966841671831143,0.0005694651822383905,0.004584685874999997,2.855355186053104,0.09956309963241979,0.0009357929817954691,-0.0015120795511973234,-0.0015157700353299415,1.0049091365333822,7.602861628157255e-08,-0.0003460288080856051,0.003439401702398391,0.003439401702398391,0.14195249661943965,0.9975652743842408,7.640185113934292e-08,2.8553998799555638,0.10150170813848323,0.002796189458333334,-0.0009440227224935265,0.001667127772629673,0.000754076601591519,-0.0017884964166666626,2.8561260665558557,0.10084795138052931,0.0007261866002918893,-0.0006537567579539272,-0.0006544382403952669,1.0020899753283745,-8.68636043162116e-09,0.00025329500996959476,-0.001547548398719479,-0.001547548398719479,0.12046881437986223,0.9989586757018842,-8.704514710616617e-09,2.8547132390671894,0.10117416049175784,0.0036904376666666654,0.0013238034190131494,0.0009823969069462377,0.0005148417194297873,0.0032930326916666636,2.856891163488597,0.10290037816799694,0.0021779244214075177,0.0017262176762390946,0.0017215304612068535,0.9946049263786204,8.490885754581201e-08,0.004443935987966251,-0.015328572147460608,-0.015328572147460608,0.17670411022199237,1.0027227023499516,8.445076800824512e-08]"
/multi_agv/m2b_algorithm_state,1789558507.1169355,1789558507.1169355,m2b_algorithm_state_v1:header6+3x20,"[1.0,-0.15,0.52,2.8568389361997237,0.10125038423659692,1789558507.116835,2.855419801056028,0.10107517685325045,0.0036904376666666654,0.001540650635697229,0.0006966798138479107,0.0005694608118084947,0.004584685874999997,2.8561739513745787,0.09842442063827721,0.0007541503185506393,-0.0026507562149732378,-0.0026621954044614288,1.008716892059769,2.3382966025187325e-07,-0.0017195075062731296,0.008768590695952214,0.008768590695952214,0.14195249799826987,0.9957030992281706,2.358679281606613e-07,2.8564002899859773,0.10150170811531702,0.002796189458333334,-0.000944038459425746,0.0016671313735661109,0.0007540815499139236,-0.0017884964166666626,2.857132595972825,0.10084795138052931,0.0007323059868475923,-0.0006537567347877082,-0.0006544382171808447,1.0020899752544208,-8.686504619086464e-09,0.00026094426637864564,-0.0015746560125987734,-0.0015746560125987734,0.12046881360414115,0.9989586757386019,-8.704659198787767e-09,2.8557136475423603,0.10117415782746966,0.0036904376666666654,0.001323816630463629,0.0009823948179256805,0.0005148370793832987,0.0032930326916666636,2.857862418099961,0.10229904329220194,0.0021487705576008764,0.0011248854647322726,0.001122885972735331,0.9964601308456612,3.6072285899297536e-08,0.0038088491697364267,-0.012759109892930661,-0.012759109892930661,0.17670410753344212,1.0017806723438452,3.594459472711612e-08]"
/multi_agv/m2b_algorithm_state,1789558507.1270537,1789558507.1270537,m2b_algorithm_state_v1:header6+3x20,"[1.0,-0.15,0.52,2.857845040938669,0.10125034498486613,1789558507.1269476,2.856414169074261,0.10107526579630459,0.0036904376666666654,0.0015400203647577856,0.0006967372724974823,0.0005697041210508291,0.004584685874999997,2.8582222922866003,0.09863905323512817,0.0018081232123394742,-0.002436212561176418,-0.002445859396434646,1.0079920899190298,1.9740200316451433e-07,-0.00018570538101030315,0.003280872136483496,0.003280872136483496,0.14195050177804133,0.9960558504416523,1.9897965772400173e-07,2.857394632961697,0.10150165288906554,0.002796189458333334,-0.0009433533645888067,0.0016670902859199366,0.0007538059574059008,-0.0017884964166666626,2.8590203326414447,0.10099836893457065,0.001625699679747683,-0.000503283954494893,-0.0005036873716023575,1.0016061920627668,-5.143735835702939e-09,0.0015284372280822463,-0.006133506875363017,-0.006133506875363017,0.1204675672000625,0.999199072420297,-5.151997663375214e-09,2.8567080065632133,0.10117423402442059,0.0036904376666666654,0.0013233994288248513,0.0009824142087096364,0.0005150078337212353,0.0032930326916666636,2.859767863729971,0.10341755687741468,0.003059857166757496,0.002243322852994084,0.0022354378301060905,0.9930300860180874,1.4329999729910328e-07,0.00606025928855296,-0.02137546879146648,-0.02137546879146648,0.17670023096926754,1.0035272834617903,1.4230120864432021e-07]"
/multi_agv/m2b_algorithm_state,1789558507.1372511,1789558507.1372511,m2b_algorithm_state_v1:header6+3x20,"[1.0,-0.15,0.52,2.858845111883831,0.10125034558646177,1789558507.1371517,2.8574202614920594,0.10107517075147229,0.0036904376666666654,0.001540694451125329,0.0006966748674340547,0.0005694443925097129,0.004584685874999997,2.8594641112195096,0.10072868949721228,0.0020438497274501977,-0.00034648125426001153,-0.00034667333168868735,1.0011101819491859,3.988934896202725e-09,0.0022081388276240597,-0.006132788102973798,-0.006132788102973798,0.14195250011867303,0.9994459411465537,3.993363339720967e-09,2.858400752640041,0.10150171174555918,0.002796189458333334,-0.0009440861510445417,0.0016671351041148696,0.0007541002820791592,-0.0017884964166666626,2.860030984737996,0.10099836893457065,0.0016302320979550977,-0.0005033428109885302,-0.0005037463223148748,1.0016063796922,-5.148934327067476e-09,0.0015340438001289975,-0.006154079950215292,-0.006154079950215292,0.12046881239185171,0.9991989791121645,-5.157205470606949e-09,2.8577141086839077,0.1011741524575669,0.0036904376666666654,0.0013238463709710452,0.0009823929218281133,0.0005148251743018997,0.0032930326916666636,2.8607966539519483,0.10334893255637595,0.0030825452680405263,0.0021747800988090454,0.002167365689824248,0.9932377399345597,1.3472938806567964e-07,0.006020547274874906,-0.021196647456250547,-0.021196647456250547,0.17670410343431092,1.003420931234451,1.338183129051219e-07]"
/multi_agv/m2b_algorithm_state,1789558507.147128,1789558507.147128,m2b_algorithm_state_v1:header6+3x20,"[1.0,-0.15,0.52,2.859850138467447,0.10125031449611523,1789558507.1470017,2.8584203323013075,0.10107517410606645,0.0036904376666666654,0.0015406691823035765,0.0006966740519576574,0.0005694557696508586,0.004584685874999997,2.8605367384713625,0.10045983838532398,0.0021164061700549297,-0.0006153357207424742,-0.0006159427676777244,1.0019776395034117,1.2583331920920102e-08,0.002029564944890938,-0.005372126685600688,-0.005372126685600688,0.1419525008602545,0.9990144426282673,1.2608217215211454e-08,2.859400823941948,0.1015017080234004,0.002796189458333334,-0.0009440575108054204,0.0016671361743503255,0.0007540873108158597,-0.0017884964166666626,2.8610996570106435,0.10164014017174731,0.00169883306869556,0.00013843214834691198,0.00013840177508611144,0.9995614121082089,-3.892746371844206e-10,0.0022619431109555613,-0.009040197621065378,-0.009040197621065378,0.12046881192535819,1.000219457162176,-3.8910390604197016e-10,2.858714179408238,0.1011741546299185,0.0036904376666666654,0.0013238328422460711,0.0009823919671318572,0.0005148315350467446,0.0032930326916666636,2.8616641473614752,0.10314243645133721,0.002949967953237209,0.001968281821418713,0.0019621990577568353,0.9938653649539745,1.1037441650827924e-07,0.005649658999303347,-0.019761655931902673,-0.019761655931902673,0.17670410188867497,1.0030999727768861,1.0969730974458294e-07]"
/multi_agv/m2b_algorithm_state,1789558507.1572514,1789558507.1572514,m2b_algorithm_state_v1:header6+3x20,"[1.0,-0.15,0.52,2.8608481766511193,0.10125032893330825,1789558507.1571453,2.8594253487132453,0.10107510183794174,0.0036904376666666654,0.001541178773640441,0.0006966222958570958,0.0005692618038117628,0.004584685874999997,2.861363487862117,0.09861973773344787,0.0019381391488715316,-0.0024553641044938734,-0.0024651646402993753,1.0080566677758562,2.0067133684000378e-07,-4.2490704209960806e-05,0.002786563540002382,0.002786563540002382,0.14195251054257899,0.9960243889412954,2.0228807913306063e-07,2.8604058631339364,0.1015017501105099,0.002796189458333334,-0.0009446093604510552,0.001667173999467142,0.0007543068431840189,-0.0017884964166666626,2.8621114950749877,0.10164014017174731,0.0017056319410513332,0.00013839006123742004,0.00013835970645005067,0.9995615454914598,-3.8926532225845834e-10,0.002270399632764217,-0.009070764627694962,-0.009070764627694962,0.12046880632834084,1.000219390371288,-3.8909464712289577e-10,2.8597192035551604,0.10117409153989403,0.0036904376666666654,0.001324175525266097,0.0009823733255531547,0.0005146926918770701,0.0032930326916666636,2.862673313568743,0.10296903189156616,0.0029541100135825893,0.0017949403516721307,0.0017898751369627296,0.9943945360219469,9.182524827528494e-08,0.005482512653940966,-0.019073308311254752,-0.019073308311254752,0.1767040830093051,1.0028299262919516,9.131052515380206e-08]"
/multi_agv/m2b_algorithm_state,1789558507.167642,1789558507.167642,m2b_algorithm_state_v1:header6+3x20,"[1.0,-0.15,0.52,2.86185217939804,0.10125030489504665,1789558507.1674602,2.860423390869468,0.10107514055135054,0.0036904376666666654,0.001540900863493162,0.0006966420707275481,0.0005693719804222533,0.004584685874999997,2.86194763997431,0.09703800343303291,0.001524249104841946,-0.00403713711831763,-0.004063948830710743,1.0134836644494334,5.429527364536559e-07,-0.0021586374496583103,0.010882868080330291,0.010882868080330291,0.14195250766103107,0.9934025467568637,5.502737289638987e-07,2.861403896867524,0.10150172282249952,0.002796189458333334,-0.0009443045611894092,0.0016671606492133506,0.0007541816675738083,-0.0017884964166666626,2.8626888114473847,0.10115757723178992,0.0012849145798607964,-0.0003441455907095964,-0.00034433399424684354,1.0010963321959763,-2.4072800076437163e-09,0.001261809230579152,-0.005263571729715282,-0.005263571729715282,0.12046880801269917,0.999452846537388,-2.4099191862208262e-09,2.8607172422163667,0.10117412342607468,0.0036904376666666654,0.0013239972890224674,0.0009823787469428694,0.0005147671303030133,0.0032930326916666636,2.863447398516847,0.10347548309716503,0.0027301563004802354,0.0023013596710903528,0.002293065028058598,0.9928545020474183,1.5087217657431082e-07,0.005705760403658892,-0.020137075276223625,-0.020137075276223625,0.17670408865770387,1.0036172733569522,1.4979411974549753e-07]"
/multi_agv/m2b_algorithm_state,1789558507.1774049,1789558507.1774049,m2b_algorithm_state_v1:header6+3x20,"[1.0,-0.15,0.52,2.862850392297474,0.10125031847749837,1789558507.1772106,2.8614273855975227,0.10107508615402065,0.0036904376666666654,0.0015412827599507605,0.0006966010350106799,0.0005692277888121321,0.004584685874999997,2.862973769064732,0.09821573140486471,0.0015463834672093668,-0.00285935474915594,-0.002872686073106613,1.0094249033461968,2.7222832769032996e-07,-0.0009397067390949044,0.006117061523568602,0.006117061523568602,0.1419525154931357,0.9953592827021798,2.747940533669081e-07,2.8624079096880535,0.10150175308775128,0.002796189458333334,-0.0009447166596269893,0.0016671908700414129,0.0007543445781138941,-0.0017884964166666626,2.8636945901824244,0.10115757723178992,0.001286680494370973,-0.00034417585596135947,-0.00034436429260358903,1.0010964285382353,-2.4087538826122507e-09,0.0012639863253601272,-0.005271689027963267,-0.005271689027963267,0.12046880347465452,0.9994527985442251,-2.411394909110732e-09,2.861721242908543,0.10117407544336801,0.0036904376666666654,0.001324256272697531,0.0009823634548007387,0.0005146628252838239,0.0032930326916666636,2.8644902663800402,0.10366557126343307,0.0027690234714974338,0.002491495820065054,0.0024817879875274154,0.9922809565439334,1.768412673869857e-07,0.005943067326899207,-0.021086569125242087,-0.021086569125242087,0.17670407332312388,1.0039116284656169,1.7547622195919965e-07]"
/multi_agv/m2b_algorithm_state,1789558507.1872168,1789558507.1872168,m2b_algorithm_state_v1:header6+3x20,"[1.0,-0.15,0.52,2.8638506195032782,0.10125031881282827,1789558507.1871026,2.8624256022076953,0.10107512323194111,0.0036904376666666654,0.001541015759136,0.000696619311938651,0.0005693340158291897,0.004584685874999997,2.864063465947566,0.0994649908546339,0.0016378637398708484,-0.0016101323773072135,-0.0016143201038335822,1.0052332579956695,8.623567744012355e-08,0.00043300957100497837,0.0007334295917780024,0.0007334295917780024,0.14195251292928412,0.9974058883882918,8.668697098859906e-08,2.8634061184933093,0.10150172636581369,0.002796189458333334,-0.000944422975067168,0.0016671785875064238,0.0007542236649459855,-0.0017884964166666626,2.864975254867097,0.10185815255021866,0.0015691363737877495,0.0003564261844049704,0.000356225164469936,0.998873548587917,-2.581206042873467e-09,0.0023176456317046228,-0.009342961006069541,-0.009342961006069541,0.12046880496874278,1.0005643058241929,-2.5782984396815948e-09,2.862719456191417,0.10117410583474028,0.0036904376666666654,0.001324085602930823,0.0009823681844484122,0.0005147343437471039,0.0032930326916666636,2.8654477608532773,0.10263649350977168,0.00272830466186047,0.0014623876750314013,0.0014590169928857223,0.9954157141580214,6.096262987925815e-08,0.00486939782021131,-0.01671209438970672,-0.01671209438970672,0.1767040783847336,1.002310241869776,6.068315975821288e-08]"
/multi_agv/m2b_algorithm_state,1789558507.1973069,1789558507.1973069,m2b_algorithm_state_v1:header6+3x20,"[1.0,-0.15,0.52,2.864845780739836,0.10125035116248295,1789558507.197185,2.8634258291502572,0.10107512731185214,0.0036904376666666654,0.0015409834262372574,0.0006966174432960763,0.0005693490027468412,0.004584685874999997,2.865360277496776,0.09947483398255101,0.0019344483465189022,-0.0016002933293011307,-0.0016044297254868356,1.0052007023588252,8.518262311876384e-08,0.0008136307076617921,-0.0006144712317682792,-0.0006144712317682792,0.14195251396767467,0.9974218900834376,8.562563258774852e-08,2.864406346332989,0.10150172084566504,0.002796189458333334,-0.0009443847315336322,0.001667180489134168,0.0007542060985103044,-0.0017884964166666626,2.8660073001892385,0.1020171437983424,0.0016009538562493653,0.0005154229526773552,0.0005150030931780838,0.9983739991390461,-5.396900929926054e-09,0.0025161954134897903,-0.01012538277599034,-0.01012538277599034,0.12046880437153416,1.0008152562670651,-5.388125564367511e-09,2.863719683026587,0.10117410828096764,0.0036904376666666654,0.0013240687882873012,0.0009823663368855986,0.0005147425932239512,0.0032930326916666636,2.8665459094849837,0.1016395094910318,0.0028262264583966967,0.0004654012100641647,0.0004650572354256632,0.99852441676279,6.178750436105888e-09,0.003997840308421534,-0.013101352498666983,-0.013101352498666983,0.17670407636748617,1.0007396393654358,6.169633175535466e-09]"
/multi_agv/m2b_algorithm_state,1789558507.2070796,1789558507.2070796,m2b_algorithm_state_v1:header6+3x20,"[1.0,-0.15,0.52,2.8658370718799815,0.10125040673717954,1789558507.2069383,2.864421000360475,0.10107520738920961,0.0036904376666666654,0.00154041380568813,0.0006966674648016813,0.0005695698909711247,0.004584685874999997,2.866290715280157,0.09802014463297688,0.0018697149196822416,-0.0030550627562327265,-0.003070303826676321,1.0100920942906915,3.106327561957191e-07,-0.0007331601770735191,0.005474977378931457,0.005474977378931457,0.14195250589954134,0.9950359732117805,3.1376769126102366e-07,2.8654014956706777,0.10150166960112185,0.002796189458333334,-0.0009437633422785413,0.0016671447925244998,0.0007539553159166823,-0.0017884964166666626,2.866896931438604,0.10067502845412016,0.001495435767926434,-0.0008266411470016916,-0.0008277321463734823,1.0026478474230627,-1.3885826911371509e-08,0.0010415625635345604,-0.004259430351442529,-0.004259430351442529,0.12046880902453344,0.9986819415235101,-1.3922594462375878e-08,2.864714846188356,0.10117417649711741,0.0036904376666666654,0.001323693269183354,0.000982382602357168,0.0005148969054481075,0.0032930326916666636,2.8676068470120155,0.10238507707496995,0.0028920008236594796,0.0012109005778525445,0.0012085851196490841,0.9961931841798615,4.179327535486637e-08,0.0048235861492234335,-0.016419924121532852,-0.016419924121532852,0.1767040921240422,1.0019158420584664,4.163417605307006e-08]"
/multi_agv/m2b_algorithm_state,1789558507.2169247,1789558507.2169247,m2b_algorithm_state_v1:header6+3x20,"[1.0,-0.15,0.52,2.8668366630783275,0.10125040826881554,1789558507.216795,2.865412309282974,0.10107533981034773,0.0036904376666666654,0.001539476944301209,0.0006967572626205504,0.0005699292732841919,0.004584685874999997,2.8670864874200035,0.09713499455449298,0.001674178137029525,-0.003940345255854752,-0.0039658681309586805,1.0131461274683018,5.167201061009091e-07,-0.0018731454596717743,0.009842972465117901,0.009842972465117901,0.1419524908483414,0.9935643661712578,5.23512974481146e-07,2.8663927651048233,0.10150158937368378,0.002796189458333334,-0.0009427453173389919,0.0016670796745255068,0.0007535479095127362,-0.0017884964166666626,2.8678984292048857,0.10067502845412016,0.001505664100062365,-0.0008265609195636237,-0.0008276517076991063,1.0026475909051697,-1.3868160524336461e-08,0.0010544284173788498,-0.0043039889508612065,-0.0043039889508612065,0.12046881773114732,0.9986820686463451,-1.390487774001213e-08,2.865706141252147,0.1011742910275071,0.0036904376666666654,0.0013230679994181657,0.0009824136315005113,0.000515151795430407,0.0032930326916666636,2.8687345724255016,0.10358210780979817,0.0030284311733543845,0.0024078167822910723,0.0023987443541651663,0.9925330809174099,1.6502401434127355e-07,0.006184283320858147,-0.021906988027223816,-0.021906988027223816,0.17670412147025724,1.0037821571565777,1.6379179337950306e-07]"
/multi_agv/m2b_algorithm_state,1789558507.2270317,1789558507.2270317,m2b_algorithm_state_v1:header6+3x20,"[1.0,-0.15,0.52,2.8678409681304378,0.10125037969968903,1789558507.226863,2.866411901733656,0.10107533871010047,0.0036904376666666654,0.001539489218862467,0.0006967635561996304,0.0005699206792080604,0.004584685874999997,2.868428464373866,0.09844942407768004,0.0020165626402097736,-0.0026259146324204286,-0.0026371383008573597,1.008632775567057,2.2929065341389428e-07,-0.00011643500059514266,0.0031202212425376625,0.0031202212425376625,0.14195249073605745,0.9957439970314481,2.312700681644403e-07,2.8673923543690516,0.10150159415998157,0.002796189458333334,-0.0009427608797567049,0.0016670738721722422,0.0007535576734980926,-0.0017884964166666626,2.86911675290746,0.10193328373775867,0.0017243985384083338,0.00043168957777710293,0.0004313948669751293,0.9986368512183869,-3.779538044362874e-09,0.0025868930399855464,-0.01033470412840368,-0.01033470412840368,0.12046881777093366,1.000683157878164,-3.77438597168264e-09,2.866705733132275,0.10117429193636458,0.0036904376666666654,0.0013230676600467228,0.0009824171430395491,0.0005151501160312816,0.0032930326916666636,2.8695887567095997,0.10251254124341445,0.002883023577324728,0.0013382493070498713,0.0013354239437404812,0.9957989328977527,5.1017327126347346e-08,0.004939203415396391,-0.016898276463604492,-0.016898276463604492,0.17670412161387394,1.0021157051456457,5.0802999911712255e-08]"
/multi_agv/m2b_algorithm_state,1789558507.2370148,1789558507.2370148,m2b_algorithm_state_v1:header6+3x20,"[1.0,-0.15,0.52,2.868838304711818,0.10125039644980886,1789558507.2368364,2.8674161984058797,0.10107526605986945,0.0036904376666666654,0.0015400075236366904,0.0006967210714838848,0.0005697181139996454,0.004584685874999997,2.8696386614150757,0.1004890492956653,0.0022224630091960407,-0.0005862167642041588,-0.0005867675953993617,1.00188343106418,1.1415432730009187e-08,0.002191311166095689,-0.005959590349448724,-0.005959590349448724,0.14195249914446098,0.999061244691217,1.1436932910623942e-08,2.868396669267336,0.1015016421113836,0.002796189458333334,-0.0009433259225536572,0.0016671034106949811,0.0007537872350837221,-0.0017884964166666626,2.870209460914983,0.10277343151892238,0.0018127916476471384,0.001271789407538776,0.0012692477627116846,0.9960223411621085,-3.28038247923609e-08,0.003535237322270608,-0.014123781730314188,-0.014123781730314188,0.12046881293080454,1.00200248123476,-3.267334236875892e-08,2.867710036718097,0.10117423092781402,0.0036904376666666654,0.0013234051851454742,0.0009824036822408738,0.0005150108138651925,0.0032930326916666636,2.87051977328627,0.10147440897426684,0.002809736568172738,0.000300178046452812,0.0003000347711662929,0.9990464815104313,2.569428315366783e-09,0.0038122054813822157,-0.012359510225235404,-0.012359510225235404,0.17670410529360017,1.0004775289409362,2.5669783179604594e-09]"
/multi_agv/m2b_algorithm_state,1789558507.2470982,1789558507.2470982,m2b_algorithm_state_v1:header6+3x20,"[1.0,-0.15,0.52,2.8698415393518815,0.10125037516413622,1789558507.2469356,2.8684135405974875,0.10107530409799795,0.0036904376666666654,0.0015397404360213336,0.0006967494513632202,0.0005698191236532976,0.004584685874999997,2.8707559065241224,0.10099642336699217,0.0023423659266348373,-7.88807310057732e-05,-7.889066629262728e-05,1.0002519815969502,2.0658022704253247e-10,0.0028490667420009194,-0.008536124399961164,-0.008536124399961164,0.1419524949821622,0.9998740625815323,2.0663228145804098e-10,2.8693939988403145,0.1015016207479903,0.002796189458333334,-0.000943036909511359,0.0016670823854894046,0.0007536728945443244,-0.0017884964166666626,2.8710851652097635,0.10084002930062569,0.0016911663694489931,-0.0006615914473646067,-0.0006622894037873334,1.0021152121315327,-8.886566289874164e-09,0.001451668558023908,-0.005787264786722144,-0.005787264786722144,0.12046881532791587,0.9989461458710719,-8.905363262698175e-09,2.868707374697652,0.10117426450343832,0.0036904376666666654,0.0013232239031261187,0.0009824140358854821,0.0005150840070352234,0.0032930326916666636,2.871545922626226,0.10170342909354066,0.0028385479285737425,0.0005291645901023406,0.0005287201200195965,0.9983234693072239,7.982334655810183e-09,0.004076905030736775,-0.013415372509251079,-0.013415372509251079,0.17670411339841824,1.0008406528632345,7.968952026759706e-09]"
/multi_agv/m2b_algorithm_state,1789558507.2570312,1789558507.2570312,m2b_algorithm_state_v1:header6+3x20,"[1.0,-0.15,0.52,2.870841042832257,0.10125037836525146,1789558507.256853,2.8694167689216643,0.10107525020605153,0.0036904376666666654,0.0015401248930097017,0.0006967174651374638,0.0005696691151202164,0.004584685874999997,2.871315573896224,0.09935538012317657,0.0018988049745596314,-0.0017198700828749552,-0.0017246520282213794,1.005596831211145,9.834124243085663e-08,0.0006488541899781599,2.0479625515165386e-05,2.0479625515165386e-05,0.14195250145379512,0.9972272984531518,9.889164176583643e-08,2.8703972409258647,0.10150165616369174,0.002796189458333334,-0.0009434561419927254,0.0016671047219496415,0.0007538429986665429,-0.0017884964166666626,2.8720781946587834,0.10084002930062569,0.0016809537329187663,-0.0006616268630660477,-0.0006623248940680394,1.0021153251978314,-8.891467501915102e-09,0.0014388672720804184,-0.005742329631622981,-0.005742329631622981,0.12046881161150012,0.9989460897389734,-8.910275847167602e-09,2.8697106082081154,0.1011742191226654,0.0036904376666666654,0.0013234748897319299,0.000982403831628998,0.0005149805219972709,0.0032930326916666636,2.872588852982599,0.10216772368407907,0.002878244774483729,0.0009935045614136717,0.0009919433038241756,0.9968688929229439,2.81336333339798e-08,0.004589749271928837,-0.015475619071638391,-0.015475619071638391,0.17670410078765053,1.00157393833244,2.8045543915544474e-08]"
/multi_agv/m2b_algorithm_state,1789558507.2669349,1789558507.2669349,m2b_algorithm_state_v1:header6+3x20,"[1.0,-0.15,0.52,2.871841317817926,0.10125037657095765,1789558507.2668476,2.870416273566043,0.1010752566670152,0.0036904376666666654,0.0015400805923103558,0.0006967233391438113,0.0005696852622868562,0.004584685874999997,2.8722372573750587,0.09900329620860214,0.0018209838090159636,-0.002071960458413055,-0.0020789191458926073,1.0067693774590865,1.4275678857748926e-07,0.0001973106153773472,0.001770832702998791,0.001770832702998791,0.14195250119406452,0.9966527377972826,1.437231631642173e-07,2.8713967428901466,0.10150165331182168,0.002796189458333334,-0.0009434087914413835,0.0016671001736705549,0.0007538248397106484,-0.0017884964166666626,2.8729933384403856,0.10176016064832398,0.001596595550239055,0.0002585073365023033,0.0002584015163426754,0.9991821005531436,-1.3564156160730122e-09,0.002254145954141494,-0.009069338559510646,-0.009069338559510646,0.1204688117458785,1.000409518338459,-1.3553062044909188e-09,2.87071011204058,0.10117422511691751,0.0036904376666666654,0.0013234435405520017,0.0009824061763820781,0.0005149928910140626,0.0032930326916666636,2.8733061488260505,0.10208411626052086,0.0025960367854707123,0.0009098911436033474,0.0009085807896193638,0.99712967781355,2.359830816836968e-08,0.004153626771457754,-0.01387983663964848,-0.01387983663964848,0.17670410125869548,1.0014421986453539,2.3530573420871322e-08]"
/multi_agv/m2b_algorithm_state,1789558507.2774372,1789558507.2774372,m2b_algorithm_state_v1:header6+3x20,"[1.0,-0.15,0.52,2.872838878514696,0.10125039206306612,1789558507.2773836,2.871416548146078,0.10107525102379827,0.0036904376666666654,0.0015401221373409798,0.0006967212878859813,0.0005696683212095014,0.004584685874999997,2.873368606776318,0.10078919969292867,0.00195205863023995,-0.000286051330869605,-0.0002861821906538172,1.0009159271079235,2.7177254859051444e-09,0.0021538910971461204,-0.005969804422245527,-0.005969804422245527,0.14195250232533344,0.9995427395956639,2.7202147243495795e-09,2.8723970182590284,0.10150165797082965,0.002796189458333334,-0.0009434548340947419,0.0016671013233064969,0.0007538441996160078,-0.0017884964166666626,2.87413770952617,0.10321954034135647,0.001740691267141603,0.0017178823705268215,0.001713260695170848,0.9946544598866477,-5.98410048382237e-08,0.003889124779097852,-0.015609626969047958,-0.015609626969047958,0.12046881109190366,1.0026975902552369,-5.952112234643766e-08,2.8717103870486724,0.10117422071824501,0.0036904376666666654,0.0013234691415967403,0.0009824058382991606,0.0005149819698320149,0.0032930326916666636,2.8743127419660954,0.10194013931650052,0.002602354917423,0.000765918598255505,0.0007649891004635296,0.9975798905536354,1.6723247093332208e-08,0.0040179327472422794,-0.013324226772394782,-0.013324226772394782,0.1767040990751649,1.0012150471051315,1.6682775005067744e-08]"
/multi_agv/m2b_algorithm_state,1789558507.2870991,1789558507.2870991,m2b_algorithm_state_v1:header6+3x20,"[1.0,-0.15,0.52,2.873841895160776,0.1012503723671558,1789558507.287027,2.8724141138891577,0.1010752867868337,0.0036904376666666654,0.0015398706662640566,0.0006967469031338596,0.0005697639997563064,0.004584685874999997,2.874517522109952,0.10233018144738953,0.002103408220794467,0.0012548946605558386,0.0012524053849027176,0.996051541209102,5.223768984667056e-08,0.0038816656608958015,-0.012867857525450863,-0.012867857525450863,0.14195249855612982,1.0019875957761988,5.203143148097927e-08,2.873394572696992,0.10150163740743173,0.002796189458333334,-0.0009431827630417078,0.0016670825468882988,0.0007537360330968912,-0.0017884964166666626,2.8750365552003765,0.10136858729806494,0.0016419825033846536,-0.00013305010936678907,-0.00013307822458660847,1.0004228389435692,-3.593294434526523e-10,0.0019193999046442085,-0.00769400060035563,-0.00769400060035563,0.12046881325441769,0.9997887316282829,-3.5948138193491517e-10,2.8727079489579377,0.10117425199493288,0.0036904376666666654,0.0013232998602894903,0.0009824150585716618,0.0005150505506868602,0.0032930326916666636,2.8752299930504845,0.10111856375801684,0.00252204409254686,-5.568823691604052e-05,-5.5693181259954085e-05,1.000177609658892,8.844636494176615e-11,0.003096861934423621,-0.009643332661683263,-0.009643332661683263,0.17670410638771883,0.9999112217366346,8.846207387047369e-11]"
/multi_agv/m2b_algorithm_state,1789558507.2971172,1789558507.2971172,m2b_algorithm_state_v1:header6+3x20,"[1.0,-0.15,0.52,2.874842401324905,0.10125036933233493,1789558507.2970114,2.8734171245589764,0.10107523747392128,0.0036904376666666654,0.0015402221609482842,0.0006967167150327741,0.0005696273437167551,0.004584685874999997,2.8755205750839155,0.10087188307691429,0.002103450524939099,-0.00020335439700698565,-0.0002034204898307171,1.0006505250579407,1.373497607893332e-09,0.0024258926663431567,-0.006974019420414572,-0.006974019420414572,0.14195250464327297,0.999675092593738,1.3743911025042883e-09,2.874397596441272,0.10150166940612948,0.002796189458333334,-0.0009435660936136132,0.0016671038414886041,0.0007538911169210211,-0.0017884964166666626,2.8760541854264576,0.10136858729806494,0.0016565889851856141,-0.00013308210806453613,-0.00013311023680407885,1.0004229406070744,-3.596483676455044e-10,0.0019376259946779389,-0.007759040959260784,-0.007759040959260784,0.12046880975835608,0.9997886808691949,-3.598004775444497e-10,2.873710964482079,0.10117421022141666,0.0036904376666666654,0.0013235305181225634,0.0009824052775829093,0.000514955657204321,0.0032930326916666636,2.8764442522296267,0.1024952562907099,0.0027332877475476636,0.0013210460692932302,0.0013182925173769499,0.9958521200762048,4.9732133121677644e-08,0.004734902201811529,-0.016160325421222303,-0.016160325421222303,0.17670409460849618,1.0020887260452325,4.9525850205134725e-08]"
/multi_agv/m2b_algorithm_state,1789558507.3071454,1789558507.3071454,m2b_algorithm_state_v1:header6+3x20,"[1.0,-0.15,0.52,2.875842446413564,0.10125036933171067,1789558507.3070266,2.874417629772931,0.1010752296913257,0.0036904376666666654,0.0015402781580021144,0.0006967119345861578,0.0005696055578654543,0.004584685874999997,2.8763711899786433,0.09869613326402252,0.001953560205712357,-0.002379096427303176,-0.0023882922848194876,1.0077997160454422,1.8827894878464888e-07,5.365797232095848e-05,0.002413550011897318,0.002413550011897318,0.14195250617927077,0.9961496096709928,1.897474711225035e-07,2.875398103725133,0.10150167466651613,0.002796189458333334,-0.0009436275355564428,0.0016671072006833043,0.0007539160025436392,-0.0017884964166666626,2.876867057426072,0.09993248737926617,0.0014689537009391351,-0.0015691872872499596,-0.0015731407469791192,1.0050687229357318,-5.0054500820169926e-08,0.00026305137919479973,-0.0011696010873980846,-0.0011696010873980846,0.12046880886464345,0.9974869001793059,-5.0308213216513726e-08,2.874711470476652,0.10117420363916294,0.0036904376666666654,0.0013235673103724741,0.0009824037642615089,0.0005149404963724984,0.0032930326916666636,2.87754019331572,0.10226128161486325,0.0028287228390682095,0.001087077975700318,0.0010852100975150645,0.9965776354039603,3.3682820653391667e-08,0.004621113646350326,-0.015635006351145796,-0.015635006351145796,0.1767040915335292,1.0017212134217426,3.3567545760492746e-08]"
/multi_agv/m2b_algorithm_state,1789558507.3171048,1789558507.3171048,m2b_algorithm_state_v1:header6+3x20,"[1.0,-0.15,0.52,2.876842600531578,0.10125036864084876,1789558507.316966,2.8754176748329288,0.10107522943158882,0.0036904376666666654,0.0015402806615227634,0.0006967118160503992,0.0005696045343518056,0.004584685874999997,2.877730220968846,0.09806444925928362,0.0023125461359172483,-0.0030107801723052025,-0.0030255776830995272,1.0099408725219323,3.0165817172645294e-07,-0.00013489501320296683,0.003355135343795228,0.003355135343795228,0.14195250690510022,0.99510919488963,3.0465691715678476e-07,2.8763981488338692,0.10150167511631177,0.002796189458333334,-0.0009436307251684678,0.001667107260916012,0.0007539173538032989,-0.0017884964166666626,2.878310027420134,0.10193751436204854,0.001911878586264848,0.0004358392457367716,0.0004355388515973242,0.9986238142965636,-3.856091623168938e-09,0.002825387084428384,-0.011185532394452155,-0.011185532394452155,0.12046880845649294,1.0006897068730969,-3.850784925005992e-09,2.8757115155738937,0.10117420344723141,0.0036904376666666654,0.0013235689337129058,0.000982403780769481,0.0005149397841341251,0.0032930326916666636,2.878538532686131,0.10203865189737661,0.0028270171122373178,0.0008644484501452027,0.0008632653064208844,0.9972716194455525,2.130274635302434e-08,0.004397036696717532,-0.014723538069938414,-0.014723538069938414,0.17670409015327773,1.00137054473928,2.1244624354118424e-08]"
/multi_agv/m2b_algorithm_state,1789558507.3272336,1789558507.3272336,m2b_algorithm_state_v1:header6+3x20,"[1.0,-0.15,0.52,2.877838098954784,0.10125039744263022,1789558507.327101,2.876417828700364,0.10107522754507695,0.0036904376666666654,0.0015402946491318947,0.0006967105733709281,0.0005695991176841524,0.004584685874999997,2.8787525868878556,0.09919426671632177,0.0023347581874917367,-0.0018809608287551766,-0.001886687466529754,1.0061321673179777,1.1765180457043516e-07,0.0010317602678349168,-0.0012564846327494088,-0.0012564846327494088,0.1419525078094626,0.9969647130877957,1.1837326512132309e-07,2.8773983032449273,0.10150167653277915,0.002796189458333334,-0.0009436463648898096,0.0016671081400470023,0.0007539236757911905,-0.0017884964166666626,2.8793305178821105,0.10051623127629988,0.0019322146371831828,-0.0009854452564792698,-0.0009869975611417412,1.0031622003187175,-1.973312938803758e-08,0.0014282707353372372,-0.005554160888737876,-0.005554160888737876,0.12046880790921609,0.9984272456958498,-1.9795529496077726e-08,2.8767116696494437,0.10117420184469017,0.0036904376666666654,0.0013235782335104134,0.0009824034008609319,0.0005149359506502042,0.0032930326916666636,2.879532561610599,0.10161278844533272,0.002820891961155425,0.0004385866006425543,0.00043828105951962247,0.998609012364204,5.4853396848792136e-09,0.003964396010963904,-0.012969489509697995,-0.012969489509697995,0.17670408832524362,1.000697135128921,5.477709645199406e-09]"
/multi_agv/m2b_algorithm_state,1789558507.337117,1789558507.337117,m2b_algorithm_state_v1:header6+3x20,"[1.0,-0.15,0.52,2.87883762651969,0.1012503998472974,1789558507.3370132,2.8774133362389818,0.10107529597015218,0.0036904376666666654,0.0015398113278338181,0.0006967568412877153,0.000569784551214511,0.004584685874999997,2.8799263458343627,0.09980407498432853,0.0025130095953809217,-0.0012712209858236484,-0.001273824664209514,1.0041159646038051,5.3699046176811144e-08,0.0018674373300166382,-0.004489724702325075,-0.004489724702325075,0.14195250035045898,0.9979560150945253,5.3920069550133e-08,2.8783937905219927,0.101501635395104,0.002796189458333334,-0.0009431221894579704,0.001667074701625193,0.0007537138574213453,-0.0017884964166666626,2.8801884353101657,0.0985138717818683,0.0017946447881729277,-0.0029877636132357027,-0.0030022502593140595,1.0098064634771167,-1.8153387787014283e-07,-0.0007589442740978999,0.0030536827179049424,0.0030536827179049424,0.12046881224631949,0.9951747373379636,-1.8331408321333574e-07,2.8777071701033785,0.10117426096263447,0.0036904376666666654,0.0013232561198583078,0.0009824195250415007,0.0005150671872287192,0.0032930326916666636,2.8806966561353624,0.10325611194335538,0.002989486031983901,0.0020818509807209035,0.002075051890954635,0.9935198230172856,1.2341474970879655e-07,0.005811909430934511,-0.02040199598024099,-0.02040199598024099,0.17670410296654138,1.0032765878269871,1.2261500028840613e-07]"
/multi_agv/m2b_algorithm_state,1789558507.3471103,1789558507.3471103,m2b_algorithm_state_v1:header6+3x20,"[1.0,-0.15,0.52,2.8798375283683124,0.10125039981829043,1789558507.3470137,2.878412864863697,0.10107529905136294,0.0036904376666666654,0.0015397926140947407,0.0006967624257626422,0.0005697897581061343,0.004584685874999997,2.88087146871521,0.09838672889908895,0.002458603851513086,-0.0026885701522739863,-0.002700341364215711,1.008844980083135,2.404203848024053e-07,0.0003729134501756462,0.001427854449055824,0.001427854449055824,0.14195250013553745,0.9956408430068457,2.425468983175622e-07,2.8793933165656185,0.10150163596643312,0.002796189458333334,-0.0009431040242464284,0.0016670701377838881,0.0007537083574071096,-0.0017884964166666626,2.881038639428895,0.09781992963334721,0.001645322863276455,-0.003681706333085913,-0.0037038190946147727,1.0121786449951362,-2.7576977780104835e-07,-0.001647165515519204,0.006463313203321535,0.006463313203321535,0.12046881235819852,0.9940297403939057,-2.7912828002527493e-07,2.878706698129756,0.1011742645240962,0.0036904376666666654,0.0013232396871758752,0.0009824222812682146,0.0005150728765122101,0.0032930326916666636,2.881732060634051,0.10225951296912075,0.0030253625042950816,0.0010852484450245559,0.001083386824495555,0.996583326842773,3.356126662835736e-08,0.004865089954864407,-0.016503822022661898,-0.016503822022661898,0.1767041033263616,1.0017183341045963,3.3446598749545714e-08]"
/multi_agv/m2b_algorithm_state,1789558507.3571858,1789558507.3571858,m2b_algorithm_state_v1:header6+3x20,"[1.0,-0.15,0.52,2.880837557097729,0.10125039900484896,1789558507.3570683,2.8794127669838288,0.10107529628825265,0.0036904376666666654,0.0015398153585847226,0.0006967640643631863,0.0005697790470177932,0.004584685874999997,2.881283899890617,0.0964369009318215,0.0018711329067881977,-0.004638395356431152,-0.004673947849510306,1.0155960972766966,7.16482912885226e-07,-0.002335031716025059,0.01174239854529711,0.01174239854529711,0.14195250062462209,0.9923934767301953,7.276572500916749e-07,2.880393217851524,0.10150164013397375,0.002796189458333334,-0.0009431310425596397,0.0016670684496356003,0.0007537209470500073,-0.0017884964166666626,2.882016943979473,0.09781992963334721,0.0016237261279488102,-0.003681710500626545,-0.0037038233116769726,1.0121786586750237,-2.757782979050754e-07,-0.0016741656517409598,0.00655785772967336,0.00655785772967336,0.12046881209721684,0.9940297338210726,-2.791369076652403e-07,2.879706600269584,0.10117426303264485,0.0036904376666666654,0.0013232509334492877,0.000982423696835522,0.0005150672654039932,0.0032930326916666636,2.882671942027051,0.10136386817497141,0.0029653417574668772,0.00018960514232656267,0.00018954793171410396,0.9993969614690641,1.0250904170986704e-09,0.0038962251285477004,-0.01260301047121702,-0.01260301047121702,0.17670410248115997,1.0003018266247559,1.0244722480794667e-09]"
/multi_agv/m2b_algorithm_state,1789558507.3672318,1789558507.3672318,m2b_algorithm_state_v1:header6+3x20,"[1.0,-0.15,0.52,2.8818373803279953,0.10125039954361205,1789558507.3670952,2.8804127956919174,0.10107529182301558,0.0036904376666666654,0.0015398500490408063,0.0006967642550858237,0.0005697639109596114,0.004584685874999997,2.882347361824382,0.09571929733580287,0.0019345661324643437,-0.005355994487212717,-0.005403653951185496,1.0181534719570775,9.55760919539225e-07,-0.0029854462856050666,0.014294797223671326,0.014294797223671326,0.14195250129290213,0.9911801413629896,9.731112985897509e-07,2.8813932463905108,0.10150164520129491,0.002796189458333334,-0.0009431710575219998,0.0016670678783463622,0.0007537385893378601,-0.0017884964166666626,2.8831083855440274,0.09936676713589314,0.0017151391535166205,-0.002134878065401774,-0.0021422270733829087,1.0069401606155157,-9.263878940361387e-08,1.6968685128669093e-06,5.017546150366315e-06,5.017546150366315e-06,0.12046881169764476,0.9965694542504638,-9.328171748130189e-08,2.8807066292107577,0.10117425999023638,0.0036904376666666654,0.0013232705285371417,0.0009824245722537261,0.0005150583163717514,0.0032930326916666636,2.8834579156745845,0.10235922329950238,0.0027512864638268297,0.001184963309265999,0.0011827455488803832,0.9962736290584594,4.000999863599901e-08,0.00462185362866392,-0.01568790629035635,-0.01568790629035635,0.17670410110339033,1.0018750951019981,3.9860906539710745e-08]"
/multi_agv/m2b_algorithm_state,1789558507.3771024,1789558507.3771024,m2b_algorithm_state_v1:header6+3x20,"[1.0,-0.15,0.52,2.8828372744824358,0.10125039963287767,1789558507.377002,2.8814126192813956,0.10107529080307041,0.0036904376666666654,0.0015398602148224898,0.0006967664056355182,0.0005697583859270355,0.004584685874999997,2.883276448844387,0.09786349695605169,0.0018638295629913593,-0.0032117938470187235,-0.003228658654510029,1.0106284784336677,3.432335772476154e-07,-0.0008988717007708301,0.006123343464422516,0.006123343464422516,0.14195250159863299,0.9947765281821453,3.468816279211023e-07,2.882393068985175,0.10150164800228766,0.002796189458333334,-0.0009431844260921998,0.0016670659715400937,0.0007537453760268209,-0.0017884964166666626,2.8838879536042445,0.09936676713589314,0.0014948846190696585,-0.0021348808663945174,-0.0021422298935379804,1.0069401696796487,-9.264034454263583e-08,-0.00027362411970090726,0.0009749080398150296,0.0009749080398150296,0.12046881150734648,0.9965694498215942,-9.328328425294284e-08,2.881706452717414,0.10117425982547808,0.0036904376666666654,0.0013232742392576152,0.000982426072315335,0.0005150559276772986,0.0032930326916666636,2.8842609606306895,0.10235922329950238,0.0025545079132753834,0.0011849634740243031,0.0011827457130197739,0.9962736285389763,4.001012198371079e-08,0.004375880604614003,-0.014811062016379826,-0.014811062016379826,0.1767041004786041,1.001875095365061,3.986102940699861e-08]"
/multi_agv/m2b_algorithm_state,1789558507.3876586,1789558507.3876586,m2b_algorithm_state_v1:header6+3x20,"[1.0,-0.15,0.52,2.8838495150037056,0.10125032029261864,1789558507.387564,2.882412513622975,0.10107528880741479,0.0036904376666666654,0.0015398772416735569,0.0006967677171313184,0.0005697503233377975,0.004584685874999997,2.8843815268531316,0.09882918867807414,0.0019690132301568575,-0.00224610012934065,-0.002254288387346649,1.0073526936920238,1.6775855957164843e-07,0.00020697815034942304,0.0018142648320455393,0.0018142648320455393,0.14195250205381274,0.9963676972068173,1.689920368743939e-07,2.8833929627228327,0.10150165132224526,0.002796189458333334,-0.0009432052851198669,0.0016670647211913803,0.000753755068102796,-0.0017884964166666626,2.884574355945104,0.09752673689514908,0.0011813932222710655,-0.003974914427096174,-0.004000746438701045,1.0131918235940922,-3.215364741171736e-07,-0.0025240049108622127,0.00965322558017009,0.00965322558017009,0.12046881124390396,0.9935432019997603,-3.2577812656279376e-07,2.8827063471014993,0.10117425876897293,0.0036904376666666654,0.0013232827587404635,0.0009824272624028964,0.0005150516158065892,0.0032930326916666636,2.8852600617288173,0.10187936014698781,0.0025537146273180156,0.0007051013780148829,0.0007043132696294368,0.997770517741757,1.4171512582984023e-08,0.003896456553776956,-0.01286156065143035,-0.01286156065143035,0.17670409956786592,1.0011189742113773,1.4139917447107792e-08]"
/multi_agv/m2b_algorithm_state,1789558507.3980374,1789558507.3980374,m2b_algorithm_state_v1:header6+3x20,"[1.0,-0.15,0.52,2.884853288841889,0.10125029818290837,1789558507.3979242,2.883424729045208,0.1010750977907902,0.0036904376666666654,0.0015412308972053887,0.0006966407823633773,0.0005692295948135691,0.004584685874999997,2.8851617714335314,0.09827961671310473,0.0017370423883233954,-0.0027954810776854716,-0.002808217332789911,1.009207764153351,2.601822843483279e-07,-0.0006369143473856668,0.005025586706096637,0.005025586706096637,0.141952524708609,0.9954646476411474,2.625779814594874e-07,2.8844052337416284,0.10150176874873212,0.002796189458333334,-0.0009446768940874375,0.0016671562137680063,0.0007543453683404727,-0.0017884964166666626,2.8855656852828537,0.09769627384448366,0.001160451541225349,-0.0038054949042484604,-0.0038291416153809774,1.0126055838913162,-2.9513983943224163e-07,-0.002378577188849291,0.009074001357552887,0.009074001357552887,0.12046879813834684,0.9938245399340854,-2.9886024943787434e-07,2.883718582224281,0.10117409433833358,0.0036904376666666654,0.0013241826601547435,0.000982383806635334,0.0005146841475529725,0.0032930326916666636,2.886127060025363,0.10146131665447196,0.0024084778010822205,0.000287222316138383,0.000287091128429808,0.9990874996533713,2.3538258952916465e-09,0.003297688379782584,-0.010523880359615453,-0.010523880359615453,0.17670405536043324,1.0004569549372442,2.3516780283462894e-09]"
/multi_agv/m2b_algorithm_state,1789558507.4075,1789558507.4075,m2b_algorithm_state_v1:header6+3x20,"[1.0,-0.15,0.52,2.885838078840944,0.10125039600292551,1789558507.4072561,2.884428495016776,0.10107505007358704,0.0036904376666666654,0.0015415641053817108,0.0006966007886354923,0.000569105965549804,0.004584685874999997,2.8860493599124566,0.09720894975040889,0.001620864895680807,-0.0038661003231781482,-0.003890656854859558,1.0128877748052127,4.980830868237887e-07,-0.0018645757352585492,0.009784401906009134,0.009784401906009134,0.14195253212828865,0.9936883326909857,5.045022694810589e-07,2.885409017640286,0.1015017933019173,0.002796189458333334,-0.0009450360647836132,0.0016671863951893684,0.000754485357026824,-0.0017884964166666626,2.886587737171692,0.09839210916928956,0.001178719531406358,-0.0031096841326277436,-0.003125391590763082,1.0102206049341471,-1.9706605476543094e-07,-0.0016519921765051344,0.0062390256364383955,0.0062390256364383955,0.12046879382370165,0.9949742431694765,-1.990801890571194e-07,2.8847223538686064,0.10117405117322074,0.0036904376666666654,0.001324413721174696,0.0009823683843215745,0.0005145920136038857,0.0032930326916666636,2.887116790962697,0.10150485656085204,0.0023944370940904847,0.00033080538763129164,0.00033063142376911123,0.998949556157355,3.1228100349340226e-09,0.0033236777913822173,-0.010637472291358552,-0.010637472291358552,0.17670404083320154,1.0005261564681218,3.1195296983610762e-09]"
/multi_agv/m2b_algorithm_state,1789558507.4174423,1789558507.4174423,m2b_algorithm_state_v1:header6+3x20,"[1.0,-0.15,0.52,2.886837523699185,0.10125039900955655,1789558507.4172847,2.8854133151203016,0.10107528949203945,0.0036904376666666654,0.0015398650003331073,0.0006967532050181191,0.0005697631778431963,0.004584685874999997,2.8869985492079353,0.09769163829770255,0.001585234087633669,-0.003383651194336895,-0.003402393274747684,1.0112187620717914,3.809909745490322e-07,-0.0014208506652055976,0.008027102456787592,0.008027102456787592,0.14195250542215754,0.9944915008650261,3.8526522164399776e-07,2.8863937714331787,0.10150164293238803,0.002796189458333334,-0.0009431880089246104,0.001667077776703163,0.0007537407883875802,-0.0017884964166666626,2.887567632845415,0.09839210916928956,0.001173861412236299,-0.003109533763098471,-0.00312523971607831,1.0102201139459215,-1.966617806033161e-07,-0.0016579129507829364,0.006261592653089597,0.006261592653089597,0.1204688093077639,0.994974480549752,-1.986716864098898e-07,2.8857071499693525,0.10117425558434903,0.0036904376666666654,0.0013232921310649573,0.000982419375435928,0.0005150516556355345,0.0032930326916666636,2.8880911781518632,0.10108596766319093,0.0023840281825107112,-8.828792115810058e-05,-8.830035173522122e-05,1.000281685735752,2.2231205949874047e-10,0.002891734876403168,-0.008899432072757636,-0.008899432072757636,0.17670409301783974,0.9998592239229362,2.223746816347869e-10]"
/multi_agv/m2b_algorithm_state,1789558507.4274387,1789558507.4274387,m2b_algorithm_state_v1:header6+3x20,"[1.0,-0.15,0.52,2.887842417585786,0.10125036714516726,1789558507.4273024,2.8864127611880566,0.10107529434013947,0.0036904376666666654,0.0015398333893178982,0.0006967595514780099,0.0005697735788208033,0.004584685874999997,2.8881301185087707,0.09914182298479995,0.0017173573207140969,-0.0019334713553395139,-0.001939524582612195,1.0063070782413925,1.2427951942953051e-07,0.00020717206828042606,0.0016739807801216626,0.0016739807801216626,0.14195250503052576,0.9968790149261585,1.2506336008237522e-07,2.8873932146215853,0.10150164211372784,0.002796189458333334,-0.0009431555226758173,0.0016670727672023489,0.0007537293125138705,-0.0017884964166666626,2.8884849079286266,0.09910525741765694,0.001091693307041286,-0.0023963846960708968,-0.002405662653970153,1.0078132693755415,-1.1674201648464446e-07,-0.0010410460201685456,0.0037908485520856063,0.0037908485520856063,0.12046880950028106,0.9961432838956267,-1.176541533068829e-07,2.8867065952879116,0.10117426057480233,0.0036904376666666654,0.0013232674937587604,0.000982422283295193,0.000515060822426301,0.0032930326916666636,2.889071902023629,0.10153868053179746,0.002365306735717443,0.00036441995699512675,0.00036420889669453913,0.9988432607929982,3.786325249685887e-09,0.003320842316341343,-0.010645099322565493,-0.010645099322565493,0.17670409371999635,1.0005795034182392,3.781945458819114e-09]"
/multi_agv/m2b_algorithm_state,1789558507.4374332,1789558507.4374332,m2b_algorithm_state_v1:header6+3x20,"[1.0,-0.15,0.52,2.888837736730981,0.10125039719344242,1789558507.437266,2.887417645196569,0.10107521601971234,0.0036904376666666654,0.0015403901227224966,0.0006967097032746664,0.0005695581864902623,0.004584685874999997,2.8892750519204426,0.10032404769115606,0.001857406723873467,-0.0007511683285562759,-0.0007520738887979292,1.002417902238008,1.875028637528235e-08,0.0015696845160439047,-0.0036798489035965716,-0.0036798489035965716,0.14195251450303076,0.9987959158599421,1.8795622734672436e-08,2.88839812037661,0.10150169168036373,0.002796189458333334,-0.0009437618310849261,0.0016671083724717484,0.0007539736055894308,-0.0017884964166666626,2.8894721545636024,0.09910525741765694,0.0010740341869923675,-0.0023964342627067897,-0.00240571260170418,1.0078134301616726,-1.1682187391586879e-07,-0.0010631698679637205,0.003868126656303556,0.003868126656303556,0.12046880405895358,0.9961432055554693,-1.1773465346906615e-07,2.887711487184179,0.10117419373542569,0.0036904376666666654,0.0013236349873363648,0.0009824056973158028,0.000514910155659333,0.0032930326916666636,2.890120845414326,0.10197774705354949,0.002409358230146985,0.0008035533181238036,0.0008025305222514908,0.9974620597705139,1.8408885933239394e-08,0.0038142283099352223,-0.01261776418192449,-0.01261776418192449,0.17670407533076352,1.0012744635175286,1.8362165281049405e-08]"
/multi_agv/m2b_algorithm_state,1789558507.447391,1789558507.447391,m2b_algorithm_state_v1:header6+3x20,"[1.0,-0.15,0.52,2.8898415564929123,0.10125037229149451,1789558507.4472673,2.8884129737343995,0.10107528804865712,0.0036904376666666654,0.0015398807393411634,0.0006967574469359582,0.0005697541492409031,0.004584685874999997,2.8903295745892303,0.10027350090639445,0.0019166008548308078,-0.0008017871422626721,-0.0008028192532026592,1.0025823107640712,2.1356146759235226e-08,0.0015929318153358506,-0.0037389744489592074,-0.0037389744489592074,0.14195250670546652,0.9987143918934807,2.1411294966890684e-08,2.889393428096908,0.10150164780831455,0.002796189458333334,-0.0009432091006646992,0.0016670740977797749,0.0007537518446164015,-0.0017884964166666626,2.8903546976481276,0.09872144392364139,0.0009612695512197789,-0.002780203884673163,-0.0027927280654791806,1.0091039349875517,-1.5718113675814547e-07,-0.001591141126454457,0.005888686658298628,0.005888686658298628,0.12046880855253869,0.9955154313229317,-1.586121036084611e-07,2.8887068083616363,0.10117425572335559,0.0036904376666666654,0.001323296593055265,0.000982422156523644,0.0005150482749809379,0.0032930326916666636,2.891135258201479,0.1016964094559277,0.0024284498398428056,0.0005221537325721115,0.0005217209389563196,0.9983455495635531,7.772687388462366e-09,0.0035572832387598266,-0.011563717525668572,-0.011563717525668572,0.17670409050735086,1.0008295500208553,7.75982786242016e-09]"
/multi_agv/m2b_algorithm_state,1789558507.4576259,1789558507.4576259,m2b_algorithm_state_v1:header6+3x20,"[1.0,-0.15,0.52,2.890840561969767,0.10125037888976242,1789558507.4575257,2.889416785781877,0.10107522659018939,0.0036904376666666654,0.0015403179806787242,0.000696718587035682,0.0005695848362090388,0.004584685874999997,2.891193579020612,0.09865773661641927,0.0017767932387346974,-0.002417489973770115,-0.0024269877720385284,1.007929006220555,1.9441475646072057e-07,-0.00020599622362015664,0.003344330164478577,0.003344330164478577,0.141952514229542,0.9960865899788048,1.959562722740653e-07,2.890397257107832,0.1015016869444297,0.002796189458333334,-0.0009436856028598303,0.0016671018447591557,0.0007539439588055696,-0.0017884964166666626,2.8913298749817065,0.09872144392364139,0.0009326178738744417,-0.0027802430207883033,-0.0027927675513081543,1.0091040623881296,-1.5726494664591907e-07,-0.0016269952089651022,0.006014232942627322,0.006014232942627322,0.1204688042193784,0.9955153695072172,-1.5869669653164938e-07,2.8897106265890278,0.10117420333986443,0.0036904376666666654,0.0013235849435403943,0.0009824093147264628,0.0005149299660866511,0.0032930326916666636,2.891995658413445,0.10011792738031726,0.002285031824417416,-0.0010562759595471732,-0.0010580682895634129,1.0034071987269462,3.1849472032749425e-08,0.0017982214909583573,-0.004562317786713121,-0.004562317786713121,0.17670407586987036,0.9983060355991019,3.1957989513313315e-08]"
/multi_agv/m2b_algorithm_state,1789558507.4672287,1789558507.4672287,m2b_algorithm_state_v1:header6+3x20,"[1.0,-0.15,0.52,2.8918406115019906,0.10125037864760783,1789558507.4671178,2.890415793232823,0.10107524243650111,0.0036904376666666654,0.0015402062766304548,0.0006967287483544025,0.0005696279698812726,0.004584685874999997,2.892092279324577,0.09805804164802445,0.0016764860917541924,-0.0030172007884766566,-0.003032062193571257,1.0099627871962373,3.029327471012387e-07,-0.0009364545788785165,0.006172234559115556,0.006172234559115556,0.14195251306945927,0.9950985817091383,3.059508015953799e-07,2.8913962601960086,0.10150167733046443,0.002796189458333334,-0.000943564799141997,0.0016670946787251673,0.000753895322106013,-0.0017884964166666626,2.892613985881141,0.10145134138851204,0.0012177256851324536,-5.033594195238966e-05,-5.033996351765271e-05,1.000159819473368,-5.1448110529328243e-11,0.0014718171428979143,-0.0061449390856267334,-0.0061449390856267334,0.12046880489089772,0.9999201118756942,-5.145633293925882e-11,2.890709632480469,0.10117421690232174,0.0036904376666666654,0.001323511152488513,0.0009824128148244295,0.0005149601310229469,0.0032930326916666636,2.8930939102371513,0.10052253732460784,0.0023842777566822626,-0.0006516795777139067,-0.0006523597286187316,1.0020925130284526,1.2119113171049328e-08,0.0023279874672340966,-0.006629018189788611,-0.006629018189788611,0.1767040781109246,0.9989573990009086,1.214447257325304e-08]"
/multi_agv/m2b_algorithm_state,1789558507.4771583,1789558507.4771583,m2b_algorithm_state_v1:header6+3x20,"[1.0,-0.15,0.52,2.89284306544674,0.10125036309371022,1789558507.4770546,2.8914158426468006,0.10107524141754916,0.0036904376666666654,0.001540214400659112,0.0006967283313560554,0.0005696246653570043,0.004584685874999997,2.893188759354252,0.09960737347629552,0.0017729167074511665,-0.0014678679412536422,-0.001471344607675291,1.004763220812134,7.16258891843976e-08,0.0007448012766386671,-0.0004325568564150419,-0.0004325568564150419,0.14195251378705953,0.997637082160418,7.196705911044832e-08,2.892396309845909,0.10150167841780583,0.002796189458333334,-0.0009435744241665035,0.0016670950317543287,0.0007538993105939973,-0.0017884964166666626,2.893563819546599,0.10070327521735639,0.001167509700689795,-0.0007984032004494379,-0.0007994207186730159,1.0025565791118285,-1.2950510550711579e-08,0.0006599664071892279,-0.002921432181584632,-0.002921432181584632,0.12046880446054865,0.998727180569867,-1.2983619555473043e-08,2.8917096820132633,0.1011742161074685,0.0036904376666666654,0.0013235162739622538,0.0009824128140875528,0.0005149579114526745,0.0032930326916666636,2.894137700004837,0.10095217036827032,0.002428017991573661,-0.00022204573919817894,-0.00022212444609233435,1.0007095197129723,1.4065643965487226e-09,0.002812898043374742,-0.00855454655371492,-0.00855454655371492,0.17670407667143914,0.9996456630706794,1.4075623817156389e-09]"
/multi_agv/m2b_algorithm_state,1789558507.4870894,1789558507.4870894,m2b_algorithm_state_v1:header6+3x20,"[1.0,-0.15,0.52,2.8938433056968127,0.10125036214744797,1789558507.487024,2.8924182915975982,0.10107520398658107,0.0036904376666666654,0.0015404799671832514,0.0006967031816770941,0.0005695226348661597,0.004584685874999997,2.8943297575808034,0.1012879800364362,0.0019114659832051295,0.00021277604985513177,0.00021270391789335959,0.9993225367852545,1.5035290583894355e-09,0.0026020363968997716,-0.007799533402437813,-0.007799533402437813,0.14195251885365687,1.0003391191026785,1.5025104727600757e-09,2.893398769871677,0.10150170145960577,0.002796189458333334,-0.000943863435722175,0.0016671132748120598,0.0007540150976866472,-0.0017884964166666626,2.894554291306419,0.10017105906248351,0.0011555214347418463,-0.0013306423971222586,-0.0013334801049256718,1.0042866118299936,-3.599607484232615e-08,0.00011092168850163607,-0.0007394974014643594,-0.0007394974014643594,0.12046880154401644,0.9978719534000311,-3.6150376042578596e-08,2.8927121348709437,0.10117418383494382,0.0036904376666666654,0.001323693103085204,0.0009824041939985985,0.0005148857467417384,0.0032930326916666636,2.8952155905549737,0.10118210227057746,0.002503455684029987,7.918435633635923e-06,7.918335713703508e-06,0.9999747634641873,1.7887168736284597e-12,0.003137237940751187,-0.009817377716992514,-0.009817377716992514,0.176704066824608,1.0000126188047627,1.7886717326110198e-12]"
/multi_agv/m2b_algorithm_state,1789558507.49709,1789558507.49709,m2b_algorithm_state_v1:header6+3x20,"[1.0,-0.15,0.52,2.8948457701043,0.10125034704807896,1789558507.4970393,2.893418531311946,0.10107520271371423,0.0036904376666666654,0.001540488437007814,0.0006967005522530373,0.0005695203312337773,0.004584685874999997,2.8953533947677905,0.09964338024251207,0.0019348634558444822,-0.0014318224712021599,-0.0014351295891814136,1.0046443687176465,6.816181899371812e-08,0.0009834497306241891,-0.0012915404743886255,-0.0012915404743886255,0.14195251992927252,0.9976955962693654,6.847838761359043e-08,2.894399010876177,0.10150170142131155,0.002796189458333334,-0.0009438724357211615,0.0016671155380909575,0.0007540178215907495,-0.0017884964166666626,2.8955524754750805,0.10017105906248351,0.0011534645989037529,-0.0013306423588280436,-0.001333480066468771,1.0042866117069849,-3.599641600838415e-08,0.0001083506821609201,-0.0007304226612678005,-0.0007304226612678005,0.12046880091979376,0.9978719534606602,-3.615071866665519e-08,2.8937123749023166,0.10117418230731813,0.0036904376666666654,0.0013237007628672062,0.0009824029748842344,0.0005148830606464781,0.0032930326916666636,2.8962812041899357,0.09983064406214313,0.0025688292876191454,-0.0013435382451749966,-0.0013464443032314944,1.0043478892371174,5.154307588129634e-08,0.0018645923062924374,-0.004661817600527885,-0.004661817600527885,0.17670406473176195,0.9978416797118729,5.176717946616855e-08]"
/multi_agv/m2b_algorithm_state,1789558507.507057,1789558507.507057,m2b_algorithm_state_v1:header6+3x20,"[1.0,-0.15,0.52,2.8958439730999044,0.1012503595261434,1789558507.506992,2.894420990691837,0.10107516776661231,0.0036904376666666654,0.0015407349610526383,0.000696675110960054,0.0005694267065401548,0.004584685874999997,2.8962252094857934,0.09821397045222287,0.0018042187939566467,-0.002861197314389441,-0.0028745459955446823,1.0094311614071776,2.7248263111682684e-07,-0.0006192725030988739,0.004991570104086326,0.004991570104086326,0.14195252498479916,0.9953562471514003,2.7505245879154206e-07,2.8954014815308344,0.10150172168937305,0.002796189458333334,-0.0009441397027221952,0.0016671342796037436,0.0007541239238822162,-0.0017884964166666626,2.8968079858582354,0.10319852121796334,0.0014065043274009703,0.0016967995285902954,0.0016922898782576292,0.9947187946611913,-5.842447799218647e-08,0.0034504202875088423,-0.014033114763426625,-0.014033114763426625,0.12046879798700033,1.0026648214295941,-5.8115926327097024e-08,2.8947148380902283,0.10117415168825157,0.0036904376666666654,0.0013238670952302614,0.0009823938016977792,0.0005148157335534498,0.0032930326916666636,2.897161183658875,0.09906762283842495,0.002446345568646535,-0.002106528849826622,-0.002113714003180025,1.0068758987904391,1.2678897579393184e-07,0.0009442179576281441,-0.0010613282250818402,-0.0010613282250818402,0.17670405484990676,0.9966006974725091,1.2766076395923435e-07]"
/multi_agv/m2b_algorithm_state,1789558507.5171702,1789558507.5171702,m2b_algorithm_state_v1:header6+3x20,"[1.0,-0.15,0.52,2.896840018710195,0.10125038522776984,1789558507.5171225,2.8954191972712398,0.10107519973250693,0.0036904376666666654,0.0015405069849168118,0.000696693241535051,0.0005695160941229123,0.004584685874999997,2.8971653228985783,0.09839368298476489,0.0017461256273385573,-0.0026815167477420437,-0.002693225672323971,1.008821088852087,2.3927053103472996e-07,-0.0005105686381507743,0.00453130889942314,0.00453130889942314,0.14195252239142214,0.9956524532265342,2.4138115764867337e-07,2.8963996803599583,0.1015017004007896,0.002796189458333334,-0.0009438910053186809,0.0016671217801618177,0.00075402262393863,-0.0017884964166666626,2.8978351402444384,0.10319852121796334,0.001435459884480128,0.001696820817173747,0.0016923110531005705,0.9947187281478446,-5.841055871069641e-08,0.0034866359087007306,-0.0141622023466122,-0.0141622023466122,0.1204687994784913,1.0026648552964976,-5.810207667110893e-08,2.895713041668515,0.10117417844513363,0.0036904376666666654,0.0013237190429216533,0.0009823993858539609,0.000514877003782241,0.0032930326916666636,2.8980874992097925,0.0984331803714251,0.0023744575412774083,-0.0027409980737085338,-0.002753221480773426,1.0090108896337096,2.1473170435164904e-07,0.00021485044582333435,0.001790786823396306,0.001790786823396306,0.1767040598791296,0.9955603255494511,2.166666280404201e-07]"
/multi_agv/m2b_algorithm_state,1789558507.5273564,1789558507.5273564,m2b_algorithm_state_v1:header6+3x20,"[1.0,-0.15,0.52,2.8978424807886882,0.10125036937835767,1789558507.5272572,2.896415250855774,0.10107526197775729,0.0036904376666666654,0.0015400660189965882,0.0006967336869057475,0.0005696861969351289,0.004584685874999997,2.898314650892109,0.09967622101974306,0.0018994000363350416,-0.0013990409580142277,-0.0014021975946126655,1.0045363559072829,6.505712001489209e-08,0.0009720524508061365,-0.0012667338266604488,-0.0012667338266604488,0.14195251591136587,0.9977487933151747,6.535224226558246e-08,2.8973957163312396,0.10150166188171751,0.002796189458333334,-0.0009434118350016849,0.0016670928631348225,0.0007538299618430194,-0.0017884964166666626,2.8984485674138525,0.1013428897837808,0.0010528510826128823,-0.00015877209793671576,-0.00015881214252455873,1.0005047317656426,-5.118278454032621e-10,0.0011572517107415442,-0.0049779376572010575,-0.0049779376572010575,0.12046880324354925,0.999747849331881,-5.120861811753775e-10,2.8967090889435703,0.10117423182383471,0.0036904376666666654,0.0013234268951541283,0.000982413100830382,0.0005149965044716968,0.0032930326916666636,2.899263955148135,0.09808956874427333,0.0025548662045649095,-0.0030846630795613866,-0.0031001838156224123,1.0101798435322065,2.7195349769449807e-07,9.339894008372459e-05,0.0023694104462105717,0.0023694104462105717,0.1767040726030454,0.9949936078038943,2.7472194174906434e-07]"
/multi_agv/m2b_algorithm_state,1789558507.537476,1789558507.537476,m2b_algorithm_state_v1:header6+3x20,"[1.0,-0.15,0.52,2.898838941842063,0.10125039214969563,1789558507.5374005,2.8974177080185193,0.10107522299097342,0.0036904376666666654,0.0015403432103550671,0.0006967088863937042,0.0005695789459479404,0.004584685874999997,2.899424769386356,0.10019740392791793,0.0020070613678369043,-0.0008778190630554933,-0.000879056911974726,1.0028296178387768,2.5607546704398288e-08,0.0016297697978214043,-0.0038333053262010796,-0.0038333053262010796,0.141952520978057,0.9985918443932692,2.5680006275360363e-08,2.8983981843212856,0.10150168656748967,0.002796189458333334,-0.0009437136595832956,0.0016671105977907885,0.0007539515673959801,-0.0017884964166666626,2.899460582375692,0.1013428897837808,0.0010623980544064437,-0.00015879678370887829,-0.00015883684074398133,1.000504810213615,-5.121507653736683e-10,0.0011691607272640734,-0.0050204813019964776,-0.0050204813019964776,0.12046880029954542,0.9997478101747969,-5.124093043109396e-10,2.897711550026261,0.10117419857660995,0.0036904376666666654,0.001323609731783206,0.0009824048331809948,0.0005149215524259568,0.0032930326916666636,2.900147725441156,0.09703268556595604,0.0024361754148949366,-0.004141513010653908,-0.004169713886022399,1.0138302748193453,4.90622648926337e-07,-0.0011244946174037282,0.007092874351987953,0.007092874351987953,0.17670406265604133,0.9932367361072363,4.974080949935834e-07]"
/multi_agv/m2b_algorithm_state,1789558507.5472915,1789558507.5472915,m2b_algorithm_state_v1:header6+3x20,"[1.0,-0.15,0.52,2.8998433440159217,0.10125036367002176,1789558507.5472233,2.8984141762290547,0.10107527742376625,0.0036904376666666654,0.0015399583280527123,0.0006967452485699072,0.0005697268627138318,0.004584685874999997,2.9003926483446185,0.09911231259834284,0.0019784721155637897,-0.0019629648254234078,-0.0019692055216880737,1.0064054140243945,1.2811291473192626e-07,0.0005038846227666633,0.0006414062595868,0.0006414062595868,0.14195251524419653,0.996830855796445,1.289335309926562e-07,2.899394636659551,0.10150165351787568,0.002796189458333334,-0.0009432959497170769,0.001667084452463552,0.0007537841045401478,-0.0017884964166666626,2.9005796562105632,0.10296980074283892,0.0011850195510123562,0.0014681472249632316,0.0014647652068250213,0.9954184990330033,-4.3707650060725014e-08,0.0029460396455904666,-0.01211900267029022,-0.01211900267029022,0.12046880362385552,1.002308914850279,-4.3507403419706645e-08,2.8987080126375835,0.10117424550744497,0.0036904376666666654,0.0013233536126330742,0.000982417394227197,0.0005150260363514917,0.0032930326916666636,2.9010990328314996,0.09730468725656272,0.002391020193916127,-0.0038695582508822546,-0.0038941268541846717,1.0128828634734928,4.2814844954252647e-07,-0.0009053516117895131,0.006210686940888506,0.006210686940888506,0.17670407387446915,0.9936908569693832,4.3366422756437044e-07]"
/multi_agv/m2b_algorithm_state,1789558507.5574744,1789558507.5574744,m2b_algorithm_state_v1:header6+3x20,"[1.0,-0.15,0.52,2.9008426066018367,0.10125036890154733,1789558507.5573308,2.89941856953839,0.10107520782390964,0.0036904376666666654,0.0015404525686968052,0.0006967004723442466,0.000569535920214159,0.004584685874999997,2.9012770428878736,0.09718538186169828,0.0018584733494835248,-0.003889825962211352,-0.003914689191269057,1.0129702773873446,5.038587355011507e-07,-0.0015915975044146508,0.008837799458865755,0.008837799458865755,0.1419525238128642,0.9936487348438395,5.103939230646373e-07,2.9003990495224166,0.10150169718904148,0.002796189458333334,-0.0009438337843146998,0.0016671165194859228,0.0007540005570591535,-0.0017884964166666626,2.90160274057066,0.10296980074283892,0.0012036910482433605,0.0014681035537974368,0.0014647217377499037,0.9954186357631715,-4.372996164379179e-08,0.0029693355480541043,-0.012202643346352285,-0.012202643346352285,0.1204687986737972,1.0023088454007163,-4.352961876143904e-08,2.899712412986957,0.10117418599711417,0.0036904376666666654,0.0013236803189963027,0.0009824023548587356,0.0005148922447605233,0.0032930326916666636,2.9020909288664463,0.0976060038037728,0.002378515879489118,-0.0035681821933413738,-0.0035890256213610182,1.0118395081052836,3.640746610243841e-07,-0.0006158807719996206,0.00506817626707688,0.00506817626707688,0.17670405715704057,0.994192454939416,3.6838512592451066e-07]"
/multi_agv/m2b_algorithm_state,1789558507.5673,1789558507.5673,m2b_algorithm_state_v1:header6+3x20,"[1.0,-0.15,0.52,2.9018392371333177,0.10125039062488428,1789558507.567125,2.900417833614691,0.10107522107812567,0.0036904376666666654,0.0015403583274669467,0.0006967080712724004,0.0005695728172982971,0.004584685874999997,2.9021324595833518,0.0959950192867933,0.0017146259686606768,-0.005080201791332367,-0.005122991013540934,1.017165944993159,8.600076858403267e-07,-0.0029797085527150883,0.0141668833394944,0.0141668833394944,0.14195252311417556,0.9916476093564348,8.747705304691557e-07,2.9013983103702055,0.10150168850120234,0.002796189458333334,-0.0009437311914983443,0.0016671113051054398,0.0007539587989649765,-0.0017884964166666626,2.9024007188447984,0.10129518146335051,0.0010024084745929862,-0.00020650703785182745,-0.0002065748054350078,1.000656835386426,-8.661769885581511e-10,0.0010464357878062248,-0.004562997312850894,-0.004562997312850894,0.1204687990601312,0.9996719465230155,-8.667459242551441e-10,2.9007116758206144,0.10117419712531403,0.0036904376666666654,0.001323618985150102,0.0009824047334892954,0.0005149175933165024,0.0032930326916666636,2.903177265270158,0.09634935199716994,0.0024655894495437813,-0.004824845128144087,-0.00486331646364932,1.0162355887850247,6.661652729874743e-07,-0.0017813296517195931,0.00967104422469696,0.00967104422469696,0.1767040584766814,0.9920894854791406,6.769808584225627e-07]"
/multi_agv/m2b_algorithm_state,1789558507.5772069,1789558507.5772069,m2b_algorithm_state_v1:header6+3x20,"[1.0,-0.15,0.52,2.902837275735427,0.10125040275513854,1789558507.5770755,2.901414470956288,0.1010752731078059,0.0036904376666666654,0.0015399903428772494,0.0006967426758807348,0.0005697143238029302,0.004584685874999997,2.903247760592511,0.09843900768293504,0.001833289636222979,-0.0026362654248708595,-0.002647578640625373,1.0086678187076472,2.3117870293497237e-07,-0.00035596659534664924,0.003967499953535225,0.003967499953535225,0.1419525176856572,0.9957269576129225,2.3318251802108175e-07,2.902394932618141,0.10150165682288,0.002796189458333334,-0.0009433317791332952,0.0016670864544701125,0.0007537985939871233,-0.0017884964166666626,2.903404882593374,0.10129518146335051,0.00100994997523296,-0.00020647535952948715,-0.00020654310633590932,1.0006567346730706,-8.655448941262806e-10,0.0010558943627052906,-0.004596165976552177,-0.004596165976552177,0.12046880220227797,0.9996719967680161,-8.661133274693526e-10,2.901708307825524,0.10117424194396697,0.0036904376666666654,0.0013233742950963909,0.0009824166593042308,0.0005150174535943652,0.0032930326916666636,2.903983191679428,0.09472478711057872,0.002274883853904175,-0.0064494548333882545,-0.006519037196587584,1.0220981288644841,1.1912400096509322e-06,-0.0036754323792073653,0.01689667120776865,0.01689667120776865,0.17670406904646674,0.9893262822252721,1.217564184892728e-06]"
/multi_agv/m2b_algorithm_state,1789558507.5877116,1789558507.5877116,m2b_algorithm_state_v1:header6+3x20,"[1.0,-0.15,0.52,2.9038443945550334,0.10125035648577325,1789558507.5874515,2.9024125135793413,0.10107530040019212,0.0036904376666666654,0.001539799194112318,0.0006967632619674364,0.0005697864710458105,0.004584685874999997,2.904396340468573,0.09989126175091984,0.001983826889231821,-0.001184038649272287,-0.0011862959613077998,1.0038299168720812,4.658295716343067e-08,0.0012934876502319766,-0.0025018630797360294,-0.0025018630797360294,0.14195251479520643,0.9980971763294006,4.676136601702233e-08,2.903392966177359,0.10150164178656655,0.002796189458333334,-0.000943125605490122,0.0016670713257984637,0.0007537170942840121,-0.0017884964166666626,2.9044797545271446,0.10152070379805088,0.0010867883497853725,1.9062011484327623e-05,1.9061435052312486e-05,0.9999395247035148,-7.374409589397183e-12,0.001377546872284028,-0.00584232450683452,-0.00584232450683452,0.12046880387661738,1.0000302407459645,-7.373963619790861e-12,2.9027063474495787,0.10117426607865697,0.0036904376666666654,0.0013232443880223433,0.0009824243055776456,0.0005150697859893204,0.0032930326916666636,2.905135977381041,0.09639415150284442,0.0024296299314623404,-0.004780114575812552,-0.004817863196212981,1.016077034273522,6.536675794971736e-07,-0.0017808257818850556,0.009650522941669102,0.009650522941669102,0.17670407474488362,0.9921648625411157,6.641766155762398e-07]"
/multi_agv/m2b_algorithm_state,1789558507.597255,1789558507.597255,m2b_algorithm_state_v1:header6+3x20,"[1.0,-0.15,0.52,2.904844924640814,0.10125035391410879,1789558507.5971444,2.9034196179712226,0.10107518765795558,0.0036904376666666654,0.0015405993558089497,0.0006966903582886089,0.0005694775549293314,0.004584685874999997,2.905250016408027,0.09891025408946048,0.0018303984368044368,-0.002164933568495092,-0.0021725360926075784,1.0070805382002963,1.5591795798530788e-07,0.00011546195339796764,0.002101126904385526,0.002101126904385526,0.14195252822149776,0.9965006224115884,1.5702194104293505e-07,2.904400102414336,0.10150171223927457,0.002796189458333334,-0.0009439961386083296,0.001667123577908658,0.0007540672605039211,-0.0017884964166666626,2.905510918527205,0.1018050151367727,0.0011108161128690064,0.00030330289749813666,0.0003031572751614571,0.9990408600684291,-1.8683429636441377e-09,0.001691677416247715,-0.00709248274373163,-0.00709248274373163,0.12046879608443264,1.0004803524395118,-1.866550961301837e-09,2.9037134632795407,0.10117416956008964,0.0036904376666666654,0.0013237738603640572,0.0009823997435026936,0.000514853056580577,0.0032930326916666636,2.9062810181950076,0.09790812558919147,0.0025675549154668964,-0.0032660439708981637,-0.00328346738881091,1.0108003759548605,3.049914719314626e-07,-7.40237444772896e-05,0.003037150304759255,0.003037150304759255,0.17670404841616538,0.9946935919107588,3.082854944913487e-07]"
/multi_agv/m2b_algorithm_state,1789558507.6071513,1789558507.6071513,m2b_algorithm_state_v1:header6+3x20,"[1.0,-0.15,0.52,2.9058453970552023,0.10125035177923662,1789558507.6070356,2.9044201469370168,0.10107518314358074,0.0036904376666666654,0.00154063000836314,0.0006966847075504207,0.0005694672075321925,0.004584685874999997,2.906128124528665,0.0973452044763152,0.001707977591648202,-0.0037299786672655433,-0.0037528130398292304,1.0124150764486188,4.6330557793857855e-07,-0.0016178410502689779,0.008863201657994093,0.008863201657994093,0.1419525298241258,0.9939153983101897,4.690575521077575e-07,2.9054006340229583,0.10150171357748702,0.002796189458333334,-0.0009440286810708329,0.00166712814643466,0.0007540789901347295,-0.0017884964166666626,2.9064955595596027,0.10139814207727814,0.0010949255366443644,-0.00010357150020888495,-0.00010358853332643426,1.000329044142511,-2.1793305689904968e-10,0.0012650683874790214,-0.005386785787626631,-0.005386785787626631,0.12046879516104078,0.9998355694689139,-2.1800476649488184e-10,2.9047139929624652,0.10117416502125857,0.0036904376666666654,0.0013237972318538523,0.0009823972754101637,0.0005148442097318859,0.0032930326916666636,2.906986292854925,0.09546039817559662,0.002272299892459806,-0.005713766845661952,-0.005768080360046849,1.019418082396005,9.348684703649395e-07,-0.002927705494472092,0.014018826339203901,0.014018826339203901,0.17670404531382666,0.990583779872225,9.530218233519132e-07]"
/multi_agv/m2b_algorithm_state,1789558507.6171384,1789558507.6171384,m2b_algorithm_state_v1:header6+3x20,"[1.0,-0.15,0.52,2.9068437573965653,0.10125036310879876,1789558507.617096,2.905420618369697,0.10107517979781154,0.0036904376666666654,0.001540652196985824,0.0006966797146223053,0.0005694601867380105,0.004584685874999997,2.9071166711428553,0.09837239956796448,0.0016960527731582076,-0.00270278022984706,-0.002714677490837615,1.0088931612433012,2.4310653973213383e-07,-0.0005946115243898554,0.004836136925656239,0.004836136925656239,0.14195253131037422,0.9956174311568466,2.452685253892727e-07,2.9064011078031826,0.10150171407607834,0.002796189458333334,-0.0009440518242896374,0.0016671322439418823,0.0007540868905252102,-0.0017884964166666626,2.9075079825923296,0.10139814207727814,0.00110687478914695,-0.00010357199880020596,-0.00010358903208169905,1.0003290457261629,-2.179404974968609e-10,0.0012800044543519883,-0.005439812330726691,-0.005439812330726691,0.12046879430651418,0.9998355686779691,-2.1801220988612006e-10,2.9057144649927262,0.10117416146381994,0.0036904376666666654,0.0013238150650676356,0.0009823949831810463,0.0005148376720312711,0.0032930326916666636,2.9078676268445602,0.09470047291117682,0.0021531618518340068,-0.006473688552643117,-0.006543807588591979,1.0221871505922429,1.2006259404511942e-06,-0.003852355273799471,0.017519254814554016,0.017519254814554016,0.17670404246028282,0.9892846733343592,1.227264408996938e-06]"
/multi_agv/m2b_algorithm_state,1789558507.6270468,1789558507.6270468,m2b_algorithm_state_v1:header6+3x20,"[1.0,-0.15,0.52,2.907843743487819,0.10125036374871232,1789558507.6269681,2.9064189820168025,0.10107520859469796,0.0036904376666666654,0.0015404469304032046,0.0006966964299587985,0.0005695404668094009,0.004584685874999997,2.9083525353349375,0.09992549657091565,0.0019335533181350506,-0.0011497120237823066,-0.0011518398009908244,1.0037174478453217,4.3938591378574804e-08,0.0012651018466779888,-0.002416758009899682,-0.002416758009899682,0.14195252900057664,0.9981527142865808,4.4101930800421556e-08,2.9073994642780363,0.1015016950649311,0.002796189458333334,-0.0009438279176023044,0.0016671206444125453,0.0007539958683970421,-0.0017884964166666626,2.9085742949781297,0.10081232185457509,0.0011748307000933877,-0.0006893732103560174,-0.000690131173675567,1.0022047266711138,-9.656845842505565e-09,0.0007784072014411677,-0.003390866875154948,-0.003390866875154948,0.12046879565188774,0.9989017112275733,-9.67813654809337e-09,2.9067128258948576,0.10117418566676721,0.0036904376666666654,0.0013236812871636242,0.0009824002058649974,0.0005148929428901916,0.0032930326916666636,2.9091607056858213,0.09559161183181439,0.002447879790963725,-0.0055825738349528226,-0.005634370894284541,1.018944556912949,8.922829168811422e-07,-0.0025745211555798847,0.012739282753157402,0.012739282753157402,0.17670404697236708,0.9908069489382992,9.091868213824491e-07]"
/multi_agv/m2b_algorithm_state,1789558507.6369643,1789558507.6369643,m2b_algorithm_state_v1:header6+3x20,"[1.0,-0.15,0.52,2.9088366756751878,0.10125040888661214,1789558507.6367874,2.9074189681797926,0.10107521085066078,0.0036904376666666654,0.0015404303838878102,0.0006966967814913787,0.0005695474561828116,0.004584685874999997,2.9094944451641145,0.10094615377258129,0.0020754769843218668,-0.00012905707807948918,-0.0001290836833286488,1.0004125029691822,5.532489397912155e-10,0.0024652625470736847,-0.0071491855448673905,-0.0071491855448673905,0.14195252958940313,0.9997938914627043,5.534771566215763e-10,2.9083994503591506,0.101501693046432,0.002796189458333334,-0.0009438094823201329,0.0016671206139942107,0.0007539878931590305,-0.0017884964166666626,2.909579250774335,0.10081232185457509,0.0011798004151843955,-0.0006893711918569134,-0.0006901291507469285,1.002204720225324,-9.65660074670291e-09,0.0007846213682335658,-0.0034128556785732725,-0.0034128556785732725,0.12046879528906597,0.9989017144266478,-9.677890849677044e-09,2.9077128119245144,0.1011741873490442,0.0036904376666666654,0.0013236714521523093,0.0009824000670176861,0.0005148972781976523,0.0032930326916666636,2.910186353912999,0.09638494979465603,0.0024735419884844845,-0.004789237554388162,-0.004827133032330564,1.0161093734095512,6.563807056766699e-07,-0.0017352055467249588,0.009495598656043217,0.009495598656043217,0.17670404575331727,0.9921494854837041,6.669545875632401e-07]"
/multi_agv/m2b_algorithm_state,1789558507.6470578,1789558507.6470578,m2b_algorithm_state_v1:header6+3x20,"[1.0,-0.15,0.52,2.90984209551577,0.10125037332998643,1789558507.6469064,2.9084119146065803,0.10107531897668927,0.0036904376666666654,0.0015396652199154742,0.0006967689974830542,0.0005698415599527273,0.004584685874999997,2.9104741487742696,0.10054292133333766,0.0020622341676892475,-0.000532397643351612,-0.0005328517915836087,1.0017094760801613,9.413157369445092e-09,0.002044940918027951,-0.005466933597372131,-0.005466933597372131,0.1419525175430864,0.9991477025334814,9.429248936806951e-09,2.9093923652129488,0.10150162714129732,0.002796189458333334,-0.0009429785552905042,0.0016670686132829182,0.0007536547640554919,-0.0017884964166666626,2.910546936743353,0.1003668943446785,0.0011545715304044357,-0.001134732796618812,-0.0011367933771926182,1.0036474095754917,-2.6148988390837424e-08,0.0003064210358129265,-0.0015175770921309218,-0.0015175770921309218,0.1204688022906254,0.9981873745791036,-2.6244364461483584e-08,2.9087057472060343,0.10117428054184988,0.0036904376666666654,0.0013231623563493863,0.000982424956513195,0.0005151050048834596,0.0032930326916666636,2.9110898635022253,0.09583491777223384,0.0023841162961910634,-0.005339362769616038,-0.005386658657850944,1.0180702163821225,8.157911715461575e-07,-0.0024065132876121146,0.012057295418154724,0.012057295418154724,0.17670406935889693,0.9912198096744124,8.305326945386217e-07]"
/multi_agv/m2b_algorithm_state,1789558507.6569436,1789558507.6569436,m2b_algorithm_state_v1:header6+3x20,"[1.0,-0.15,0.52,2.9108412142254836,0.10125037916985032,1789558507.6568692,2.909417323574046,0.10107523098299151,0.0036904376666666654,0.0015402909481961064,0.0006967140937075731,0.0005695988908614805,0.004584685874999997,2.911255094707519,0.09930360644837184,0.001837771133472721,-0.0017716245346196674,-0.0017767005865618746,1.0057686133754518,1.0436375358506916e-07,0.0005205133302790266,0.0004968038636221416,0.0004968038636221416,0.1419525279173322,0.9971429896626364,1.0496578772991234e-07,2.9103977980592215,0.10150168327970262,0.002796189458333334,-0.000943659994767262,0.0016671076303538257,0.0007539298491485713,-0.0017884964166666626,2.9115448035770046,0.1003668943446785,0.0011470055177831284,-0.0011347889350241114,-0.0011368497188002425,1.0036475895798278,-2.6170468371994724e-08,0.000296907178428668,-0.0014845955144182725,-0.0014845955144182725,0.12046879628217382,0.9981872856701712,-2.6265927499727626e-08,2.909711164914043,0.10117420572726515,0.0036904376666666654,0.0013235740349289414,0.000982406870889286,0.0005149359657037988,0.0032930326916666636,2.9119449770911343,0.09478376874456797,0.0022338121770912878,-0.006390436982697187,-0.006458721586069747,1.021881587774262,1.1696749295053773e-06,-0.0036664563647056374,0.016843386578941938,0.016843386578941938,0.17670404903000275,0.9894275357030659,1.195269274142703e-06]"
/multi_agv/m2b_algorithm_state,1789558507.6669834,1789558507.6669834,m2b_algorithm_state_v1:header6+3x20,"[1.0,-0.15,0.52,2.9118411495491876,0.10125037963858285,1789558507.6668775,2.910416444097695,0.10107524485720179,0.0036904376666666654,0.0015401930705817289,0.000696723375395347,0.0005696364888881031,0.004584685874999997,2.911756001817307,0.0997129901359994,0.0013395577196120279,-0.0013622547212023967,-0.0013652467109206174,1.0044152470111969,6.168444602861275e-08,0.00030920043859441744,0.0010581545997811988,0.0010581545997811988,0.14195252698825053,0.9978084622403499,6.195679809457791e-08,2.911396914559903,0.10150167494698778,0.002796189458333334,-0.0009435539541688548,0.0016671010032571765,0.0007538873314123645,-0.0017884964166666626,2.9120328968221694,0.10001388603361579,0.0006359822622665767,-0.001487788913371993,-0.001491340671397594,1.00480137565379,-4.4990273320016054e-08,-0.0006963628435643732,0.0021817518315484057,0.0021817518315484057,0.1204687968270221,0.9976184126848276,-4.5206288522992136e-08,2.9107102840188532,0.1011742177053614,0.0036904376666666654,0.001323508842605917,0.0009824100980737388,0.0005149625453862265,0.0032930326916666636,2.912402987221013,0.0952240202206093,0.001692703202159862,-0.005950197484752104,-0.006009203179844082,1.0202747893259143,1.0137573539108625e-06,-0.003893324177144254,0.017463544869426747,0.017463544869426747,0.17670405091743044,0.9901807788277333,1.0343110706890017e-06]"
/multi_agv/m2b_algorithm_state,1789558507.6770365,1789558507.6770365,m2b_algorithm_state_v1:header6+3x20,"[1.0,-0.15,0.52,2.91283945910491,0.10125039041393998,1789558507.6769545,2.911416379596885,0.10107524543898103,0.0036904376666666654,0.0015401896956470395,0.0006967243811216042,0.0005696374286591611,0.004584685874999997,2.912908582336919,0.10136539687479616,0.001492202740033921,0.00029015143581513636,0.0002900173825119903,0.9990769900986483,2.795181769712688e-09,0.0021552708075543918,-0.006249579620246758,-0.006249579620246758,0.14195252749367057,1.000462225063839,2.7926017892631653e-09,2.9123968496322488,0.10150167509536843,0.002796189458333334,-0.0009435508321113412,0.0016671002491848164,0.0007538863703567544,-0.0017884964166666626,2.913027386198125,0.10001388603361579,0.0006305365658763051,-0.001487789061752648,-0.0014913408204835718,1.0048013761311085,-4.4990133402764524e-08,-0.0007031701131381904,0.0022057924428870316,0.0022057924428870316,0.120468796529876,0.9976184124499642,-4.520614795541995e-08,2.9117102194184277,0.10117421838139909,0.0036904376666666654,0.001323505828868888,0.0009824106053333507,0.0005149635878745093,0.0032930326916666636,2.913391588869007,0.09571324580768202,0.0016813694505795063,-0.005460972573717068,-0.005510492554368353,1.0185068353161493,8.536592379154003e-07,-0.00340878074114397,0.015592662353952952,0.015592662353952952,0.17670404994750685,0.991013511013271,8.694577688476101e-07]"
/multi_agv/m2b_algorithm_state,1789558507.6871092,1789558507.6871092,m2b_algorithm_state_v1:header6+3x20,"[1.0,-0.15,0.52,2.9138431527375652,0.10125036655452563,1789558507.6870437,2.9124146926024603,0.10107527055857041,0.0036904376666666654,0.0015400128126725286,0.000696742007094197,0.0005697049319655893,0.004584685874999997,2.9140321778857627,0.10223368011396876,0.0016174852833024111,0.0011584095553983514,0.0011562867995689003,0.996351120542412,4.452093480687465e-08,0.003178143403696914,-0.01031163781982337,-0.01031163781982337,0.14195252509581122,1.0018358385049821,4.4358483282425234e-08,2.9133951549340718,0.10150166042715948,0.002796189458333334,-0.0009433594237337789,0.0016670874874864516,0.0007538100396584785,-0.0017884964166666626,2.914117291868678,0.09925489010161219,0.0007221369346064321,-0.0022467703255472926,-0.002254916739270932,1.0073131212467037,-1.0263198800634694e-07,-0.0013522455710128917,0.004822189978047398,0.004822189978047398,0.12046879791777461,0.9963872662871476,-1.0338254817842759e-07,2.9127085297781967,0.10117424025609008,0.0036904376666666654,0.0013233871561389222,0.0009824169004843068,0.0005150117534048811,0.0032930326916666636,2.9143058211581936,0.09498909810603545,0.001597291379996868,-0.006185142150054626,-0.006249011708625733,1.0211304133530459,1.0954443091730595e-06,-0.004252397483629648,0.018797586407745207,0.018797586407745207,0.17670405458977467,0.9897792544566772,1.118591500231128e-06]"
/multi_agv/m2b_algorithm_state,1789558507.6970224,1789558507.6970224,m2b_algorithm_state_v1:header6+3x20,"[1.0,-0.15,0.52,2.9148424229216903,0.10125037166765222,1789558507.696942,2.913418378792555,0.10107521229842771,0.0036904376666666654,0.0015404264933455542,0.0006967044510027163,0.0005695451533243187,0.004584685874999997,2.914830574824423,0.1005448545057038,0.0014121960318678184,-0.0005303577927239095,-0.0005308084612487497,1.0017028894885376,9.345773648561928e-09,0.0012344365785860233,-0.0025952905945285337,-0.0025952905945285337,0.14195253236569733,0.9991509771268907,9.361688468270316e-09,2.9143988575443642,0.10150169695076974,0.002796189458333334,-0.0009438096526414178,0.0016671144203956878,0.0007539911887323725,-0.0017884964166666626,2.9151311770993344,0.09949980634053114,0.0007323195549702177,-0.002001890610238602,-0.0020083460690357175,1.0064980822484006,-8.150478801730082e-08,-0.0010929466253229454,0.0038034252925352677,0.0038034252925352677,0.12046879370058863,0.996785684052841,-8.20344128334757e-08,2.9137122218757776,0.1011741904143794,0.0036904376666666654,0.0013236607415752217,0.0009824042871892542,0.0005148997257176219,0.0032930326916666636,2.9152472487749717,0.09432716561211368,0.0015350268991940474,-0.006847024802265719,-0.006925683756172186,1.0235640221513898,1.3432292812129944e-06,-0.0050069001321796265,0.021653399101469097,0.021653399101469097,0.17670404037162163,0.9886424277117238,1.3748811657498928e-06]"
/multi_agv/m2b_algorithm_state,1789558507.707014,1789558507.707014,m2b_algorithm_state_v1:header6+3x20,"[1.0,-0.15,0.52,2.9158427982984865,0.10125036959035895,1789558507.7069428,2.9144176504424877,0.1010752251867221,0.0036904376666666654,0.0015403348869545371,0.0006967119557906186,0.0005695809572826696,0.004584685874999997,2.91570812478109,0.0992258739802682,0.0012904743386021877,-0.0018493512064538947,-0.0018548856717047649,1.0060269717290613,1.1373131732705037e-07,-0.00024179274845203018,0.0032200917687626677,0.0032200917687626677,0.1419525317084995,0.997016276886875,1.144167727612894e-07,2.9153981260097193,0.10150168856275783,0.002796189458333334,-0.0009437100240428618,0.0016671092640883067,0.0007539506853168482,-0.0017884964166666626,2.9161365017516125,0.09955289436123643,0.0007383757418932824,-0.0019487942015214005,-0.0019549093132220073,1.0063219458700208,-7.722773528658444e-08,-0.0010319396358554043,0.0035656206540796752,0.0035656206540796752,0.12046879409561294,0.9968719205237566,-7.771596484873051e-08,2.9147114923128625,0.10117420125347672,0.0036904376666666654,0.001323601043836491,0.0009824066777461395,0.0005149243588824398,0.0032930326916666636,2.9161565317590012,0.09384959438543553,0.0014450394461387184,-0.007324606868041192,-0.0074149432489071035,1.0253413024250164,1.5374907954513543e-06,-0.0056086439412337055,0.02390195462240763,0.02390195462240763,0.17670404171092255,0.9878169828367566,1.576452814674566e-06]"
/multi_agv/m2b_algorithm_state,1789558507.716891,1789558507.716891,m2b_algorithm_state_v1:header6+3x20,"[1.0,-0.15,0.52,2.916836902047708,0.10125040722628087,1789558507.7168083,2.915418025072627,0.10107522046958917,0.0036904376666666654,0.0015403682356845447,0.0006967082561111226,0.0005695684263743169,0.004584685874999997,2.916655478187142,0.09934210506825986,0.0012374531145149525,-0.0017331154013293104,-0.001737971771440646,1.005640777807808,9.987847381649161e-08,-0.00019115537829695532,0.002990166017744721,0.002990166017744721,0.14195253299850658,0.9972057255525445,1.0044186609507341e-07,2.9163985023290637,0.101501691236426,0.002796189458333334,-0.0009437462985148939,0.0016671120917317594,0.0007539649382011376,-0.0017884964166666626,2.9171261439334755,0.09955289436123643,0.000727641604411744,-0.0019487968751895623,-0.0019549120035727854,1.0063219545073274,-7.723091488258873e-08,-0.0010453599980581054,0.003612895148795113,0.003612895148795113,0.12046879332565398,0.9968719162949293,-7.771916521303573e-08,2.9157118674937688,0.10117419706506169,0.0036904376666666654,0.001323623812007319,0.000982405317510593,0.0005149151973037982,0.0032930326916666636,2.917049857879696,0.09343678520217376,0.0013379903859274123,-0.007737411862887927,-0.007838528873281719,1.0268920185059003,1.7160996233733922e-06,-0.006166040890872453,0.0259668036804348,0.0259668036804348,0.1767040391205928,0.9871000015400265,1.762249006203118e-06]"
/multi_agv/m2b_algorithm_state,1789558507.7269747,1789558507.7269747,m2b_algorithm_state_v1:header6+3x20,"[1.0,-0.15,0.52,2.917840813749482,0.1012503814360916,1789558507.7268763,2.9164121406820493,0.10107531049385513,0.0036904376666666654,0.0015397314094042361,0.0006967684919684911,0.0005698131325337388,0.004584685874999997,2.917719787212991,0.10048454523919406,0.0013076465309418417,-0.0005907652546610631,-0.0005913246857457933,1.0018981411888912,1.1591221523940128e-08,0.0010432334779315088,-0.0018906138336477118,-0.0018906138336477118,0.1419525230564639,0.9990539358524755,1.161322329894428e-08,2.9173925916287167,0.10150163651135309,0.002796189458333334,-0.0009430550518326293,0.0016670687430249131,0.0007536878552166643,-0.0017884964166666626,2.917784053115792,0.09892864872967135,0.00039146148707525086,-0.002572987781681746,-0.0025836978727026977,1.0084057726442794,-1.345839657870762e-07,-0.002094371013858634,0.007571426107115185,0.007571426107115185,0.120468799114473,0.9958547432599972,-1.3571524800504786e-07,2.916705973832359,0.10117427467363439,0.0036904376666666654,0.00132320005948208,0.000982426144865856,0.0005150880439670678,0.0032930326916666636,2.9179349279099913,0.0928340453688006,0.0012289540776322383,-0.008340229304833788,-0.008458245582546844,1.0291807845123062,1.9939342739860774e-06,-0.006922052985506546,0.02876937271469865,0.02876937271469865,0.17670405865887778,0.9860471918719672,2.052118840366967e-06]"
/multi_agv/m2b_algorithm_state,1789558507.7370555,1789558507.7370555,m2b_algorithm_state_v1:header6+3x20,"[1.0,-0.15,0.52,2.918840585587837,0.10125038290364119,1789558507.736985,2.9174160445294772,0.10107524618894825,0.0036904376666666654,0.0015401892709609494,0.000696728947652935,0.0005696352374949586,0.004584685874999997,2.9186114146858078,0.10026806467273713,0.001195370156330533,-0.0008071815162111196,-0.0008082276049772041,1.0025998442828503,2.164890031730591e-08,0.0006859850904359622,-0.0005257663637795989,-0.0005257663637795989,0.14195253070411945,0.9987057002759587,2.1705184087025853e-08,2.918396512682712,0.10150167798049478,0.002796189458333334,-0.000943554219939607,0.0016670967996894603,0.0007538896332096034,-0.0017884964166666626,2.918768848934937,0.09892864872967135,0.0003723362522252138,-0.002573029250823436,-0.002583739684459429,1.008405907382303,-1.3465952089860822e-07,-0.0021183193691779118,0.00765517349305472,0.00765517349305472,0.12046879466574516,0.9958546777369199,-1.3579145635942722e-07,2.917709884036257,0.1011742201388317,0.0036904376666666654,0.001323500705201763,0.0009824132974781468,0.0005149644084842908,0.0032930326916666636,2.9186235491819463,0.09397354252565278,0.0009136651456893574,-0.007200677613178927,-0.007287902140588103,1.0248783790583158,1.4856874132805718e-06,-0.006145820708476407,0.02571429847284822,0.02571429847284822,0.1767040435899612,0.9880316000782444,1.5226489079103346e-06]"
/multi_agv/m2b_algorithm_state,1789558507.7470798,1789558507.7470798,m2b_algorithm_state_v1:header6+3x20,"[1.0,-0.15,0.52,2.9198421440930886,0.10125037295498018,1789558507.7469463,2.9184158168285816,0.10107524920859917,0.0036904376666666654,0.0015401686741946378,0.0006967314640125004,0.0005696428564610722,0.004584685874999997,2.919546087785221,0.09897399656660084,0.001130270956639201,-0.0021012526419983274,-0.0021084110546665045,1.0068673415183804,1.4683300104577928e-07,-0.0006955723588675032,0.004929700057341316,0.004929700057341316,0.1419525309419734,0.9966048306129236,1.4784135341012935e-07,2.9193962839245255,0.10150167662878543,0.002796189458333334,-0.0009435325603431508,0.0016670950100636794,0.0007538811754327079,-0.0017884964166666626,2.9198929648819263,0.10031269874560439,0.0004966809574007414,-0.001188977883181036,-0.0011912411080858213,1.0038241149117884,-2.8726728927498744e-08,-0.0005703899113348946,0.0016058046089840682,0.0016058046089840682,0.12046879453168442,0.9981001118166397,-2.8836583239957292e-08,2.9187096560104058,0.10117422287353897,0.0036904376666666654,0.0013234864541493657,0.0009824143380454233,0.0005149700445057138,0.0032930326916666636,2.9195660385217,0.09275052669035945,0.0008563825112943846,-0.008423696183179522,-0.008544161488997528,1.0294999969785505,2.0345759105371303e-06,-0.007473683349879547,0.03069293441654711,0.03069293441654711,0.17670404318480534,0.9859008627150678,2.094595893750607e-06]"
/multi_agv/m2b_algorithm_state,1789558507.7570744,1789558507.7570744,m2b_algorithm_state_v1:header6+3x20,"[1.0,-0.15,0.52,2.9208396360174507,0.10125038915351577,1789558507.756942,2.9194173721760928,0.10107522494554647,0.0036904376666666654,0.0015403411158080253,0.0006967156379833021,0.0005695763420710042,0.004584685874999997,2.921162487638702,0.09875974240525282,0.001745115462609359,-0.0023154825402936507,-0.0023241890356847142,1.0075857386563365,1.7834473049860454e-07,-0.00014279470742301547,0.0030769654110961568,0.0030769654110961568,0.14195253436367916,0.9962539641752942,1.7969760701490172e-07,2.9203978462468623,0.10150169184971919,0.002796189458333334,-0.000943720499994043,0.0016671064613213993,0.0007539566842170303,-0.0017884964166666626,2.9213076068515886,0.09924561851393515,0.0009097606047263618,-0.002256073335784037,-0.002264287924504843,1.00734416888002,-1.0352389305576046e-07,-0.001127087168596891,0.00403295552553187,0.00403295552553187,0.12046879253058566,0.9963721094689834,-1.0428419000947909e-07,2.9197112138563104,0.10117420206967488,0.0036904376666666654,0.0013236007456408111,0.0009824090301661535,0.0005149232645470952,0.0032930326916666636,2.9208785943624895,0.09172517747835796,0.0011673805061791498,-0.009449024591316926,-0.00960176347411362,1.0334667001068696,2.5616245280272734e-06,-0.008142537841389682,0.03330508781524544,0.03330508781524544,0.17670403640132284,0.9840926218180153,2.6473536478931636e-06]"
/multi_agv/m2b_algorithm_state,1789558507.7670946,1789558507.7670946,m2b_algorithm_state_v1:header6+3x20,"[1.0,-0.15,0.52,2.9218431514808034,0.10125036650426195,1789558507.766961,2.920414869131432,0.10107526384584373,0.0036904376666666654,0.0015400659803148963,0.0006967412960506173,0.0005696822558769712,0.004584685874999997,2.9221938760724804,0.09954802086147957,0.0017790069410485998,-0.0015272429843641577,-0.001531008283225846,1.004959207970943,7.753322121323895e-08,0.0006927503930849038,-0.00022191547991403326,-0.00022191547991403326,0.1419525304952027,0.9975406410906186,7.791772458189254e-08,2.921395332060283,0.1015016681036129,0.002796189458333334,-0.0009434220446999904,0.0016670881284968075,0.0007538368502913728,-0.0017884964166666626,2.9222520656610578,0.09939026230947118,0.0008567336007749837,-0.0021114057941417214,-0.0021185928154922895,1.00686203758902,-9.063562395510433e-08,-0.0010476758145235598,0.003691403344166895,0.003691403344166895,0.12046879476888787,0.996607643857747,-9.125756901358855e-08,2.920708706860637,0.1011742355110907,0.0036904376666666654,0.001323418129316467,0.0009824178730745373,0.0005149978218843276,0.0032930326916666636,2.921825756773276,0.09249678216235195,0.0011170499126391675,-0.008677453348738748,-0.008805527919186075,1.0304738312569932,2.159184422430619e-06,-0.0074092155283871156,0.03055184765187533,0.03055184765187533,0.17670404397291975,0.9854552081802761,2.224983044172498e-06]"
/multi_agv/m2b_algorithm_state,1789558507.777276,1789558507.777276,m2b_algorithm_state_v1:header6+3x20,"[1.0,-0.15,0.52,2.9228413995903377,0.10125037812639777,1789558507.7771754,2.921418377472287,0.1010752088158136,0.0036904376666666654,0.0015404565111828764,0.000696705395147478,0.0005695316507690394,0.004584685874999997,2.923311062880251,0.09999620385455134,0.0018926854079643896,-0.0010790049612622588,-0.0010808780717850405,1.0034860429725865,3.8698722339428626e-08,0.0012849786881704464,-0.0025197688669533237,-0.0025197688669533237,0.1419525374505045,0.998267047346341,3.883362774848807e-08,2.922398856139954,0.10150170237965628,0.002796189458333334,-0.000943847042026743,0.00166711397745134,0.0007540076261830231,-0.0017884964166666626,2.9232951045124596,0.10052943766379697,0.0008962483725056813,-0.0009722647158593029,-0.0009737756223021019,1.0031194386275253,-1.9212700069970687e-08,0.00014653484332999983,-0.0010260689645262438,-0.0010260689645262438,0.12046879073315539,0.9984484039154452,-1.9272632908708012e-08,2.9217122208301696,0.10117418831731594,0.0036904376666666654,0.001323676940934832,0.0009824057460741335,0.0005148919451168836,0.0032930326916666636,2.922934366558951,0.09456050683177475,0.0012221457287813209,-0.006613681485541187,-0.00668694257166672,1.022702165087156,1.2530842765007005e-06,-0.0051592604106900685,0.022097105497436712,0.022097105497436712,0.17670403039159893,0.9890441580228387,1.2815320026139388e-06]"
/multi_agv/m2b_algorithm_state,1789558507.7870295,1789558507.7870295,m2b_algorithm_state_v1:header6+3x20,"[1.0,-0.15,0.52,2.923842051019373,0.10125037411212127,1789558507.78693,2.9224166290732185,0.10107523742569542,0.0036904376666666654,0.001540253532519392,0.0006967232088041619,0.0005696103678392988,0.004584685874999997,2.9245600996196117,0.09936109694698976,0.002143470546393189,-0.0017141404787056613,-0.0017188904116872375,1.0055778269131646,9.76948924928933e-08,0.0009604477713042489,-0.0010813251088192168,-0.0010813251088192168,0.1419525349478016,0.9972366283799828,9.823981769351888e-08,2.9233971000740304,0.10150168430654773,0.002796189458333334,-0.00094362649033635,0.001667101451078068,0.0007539185404498439,-0.0017884964166666626,2.9246509786028168,0.10126936365437422,0.001253878528786334,-0.00023232065217350384,-0.00023240643746425349,1.0007391571801667,-1.09615556327052e-09,0.0013349417235186641,-0.0055743072171593605,-0.0055743072171593605,0.12046879220390233,0.9996308824674323,-1.096965794525691e-09,2.9227104696237642,0.10117421264695019,0.0036904376666666654,0.0013235434237581201,0.0009824116705593024,0.0005149467379238918,0.0032930326916666636,2.9239666968381504,0.09370528189486031,0.0012562272143861186,-0.007468930752089875,-0.007562963466813528,1.0258819237735055,1.5987363245276464e-06,-0.0059926794488308795,0.02527735632929866,0.02527735632929866,0.1767040353240031,0.9875666839941419,1.6401146962130052e-06]"
/multi_agv/m2b_algorithm_state,1789558507.7971654,1789558507.7971654,m2b_algorithm_state_v1:header6+3x20,"[1.0,-0.15,0.52,2.924842789005542,0.10125036967522906,1789558507.7970393,2.923417279176154,0.10107522774201544,0.0036904376666666654,0.0015403223836335587,0.0006967166401461,0.0005695839404188188,0.004584685874999997,2.925404769713582,0.09797072915544833,0.0019874905374281937,-0.0031044985865671115,-0.0031202427401178516,1.0102610816008968,3.207583068959899e-07,-0.0006358795683326095,0.005154740504025139,0.005154740504025139,0.1419525367499612,0.9949541895095811,3.240496340572151e-07,2.9243977531217342,0.10150169030872842,0.002796189458333334,-0.0009437016411990825,0.0016671063070838876,0.0007539485898214321,-0.0017884964166666626,2.925659929627488,0.10126936365437422,0.001262176505753665,-0.00023232665435420075,-0.00023241244407458492,1.0007391762671238,-1.0962994813575703e-09,0.0013453081881174963,-0.005611150278469612,-0.005611150278469612,0.12046879115453125,0.9996308729477641,-1.09710983991585e-09,2.9237111207602307,0.10117420428561998,0.0036904376666666654,0.0013235893352010445,0.0009824094398497964,0.0005149279974281627,0.0032930326916666636,2.924833434667482,0.09297728272272147,0.001122313907251371,-0.008196921562898501,-0.008310795309063748,1.0286340735603898,1.9264182583858064e-06,-0.006907902924999534,0.0286743917972447,0.0286743917972447,0.17670403177220767,0.9862980927901019,1.9815794605045037e-06]"
/multi_agv/m2b_algorithm_state,1789558507.8072393,1789558507.8072393,m2b_algorithm_state_v1:header6+3x20,"[1.0,-0.15,0.52,2.925845474808453,0.10125035295319133,1789558507.807155,2.92441801565445,0.10107521740915057,0.0036904376666666654,0.0015403954564085767,0.0006967091234677972,0.0005695561761924814,0.004584685874999997,2.926329166929125,0.09784361414663573,0.0019111512746752268,-0.0032316032625148428,-0.0032486793034373876,1.0106964156772018,3.476058765532955e-07,-0.0008597402100933541,0.0059950789562875145,0.0059950789562875145,0.1419525387253804,0.9947436975682772,3.5132401350074766e-07,2.9253984929804204,0.10150169638099898,0.002796189458333334,-0.0009437811159333873,0.0016671119246338684,0.0007539801173097466,-0.0017884964166666626,2.9264691296821006,0.10032524455275293,0.0010706367016801721,-0.00117645182824605,-0.001178667407178523,1.0037832901700623,-2.8131804379693755e-08,0.00015962846992169204,-0.0009806510864084918,-0.0009806510864084918,0.12046879003111534,0.9981202679237763,-2.8238235158669567e-08,2.924711858381757,0.10117419523553765,0.0036904376666666654,0.0013236386345956558,0.0009824067662666195,0.0005149080187478072,0.0032930326916666636,2.925742426525012,0.09307006489097984,0.0010305681432547509,-0.008104130344557814,-0.008215363502689277,1.0282809401874373,1.8830251947946428e-06,-0.006927153323620839,0.028710398985103674,0.028710398985103674,0.1767040279759184,0.9864603485779964,1.9362789177000677e-06]"
/multi_agv/m2b_algorithm_state,1789558507.8176167,1789558507.8176167,m2b_algorithm_state_v1:header6+3x20,"[1.0,-0.15,0.52,2.926846879991361,0.10125034493160706,1789558507.8175807,2.925420695997024,0.10107517819567716,0.0036904376666666654,0.001540672365729689,0.0006966815219171521,0.0005694505044003758,0.004584685874999997,2.9275057335978807,0.09966623985127131,0.002085037600856765,-0.0014089383444058495,-0.0014121400440075815,1.0045689628021917,6.600730208631403e-08,0.0011941569570633748,-0.002046075190723093,-0.002046075190723093,0.14195254415847144,0.9977327322347961,6.630888699421943e-08,2.926401185519581,0.10150171956189102,0.002796189458333334,-0.0009440815336860028,0.0016671321333840972,0.0007540998260991,-0.0017884964166666626,2.9274673211203415,0.10032524455275293,0.0010661356007606315,-0.0011764750091380893,-0.0011786906750778715,1.003783364526574,-2.8141865535735337e-08,0.00015397882587291794,-0.0009609689162894523,-0.0009609689162894523,0.12046878683004672,0.9981202312136424,-2.824833647151485e-08,2.9257145429087537,0.10117416110200579,0.0036904376666666654,0.0013238244079192738,0.0009823969841885388,0.0005148325814814357,0.0032930326916666636,2.9268251563912453,0.09474548857876439,0.0011106134824916403,-0.006428672523241405,-0.006497796502930142,1.0220218656012738,1.1839640284193355e-06,-0.005109529649815592,0.021858647737925486,0.021858647737925486,0.1767040172086978,0.989361935287206,1.2100371251299289e-06]"
/multi_agv/m2b_algorithm_state,1789558507.8272667,1789558507.8272667,m2b_algorithm_state_v1:header6+3x20,"[1.0,-0.15,0.52,2.9278414098260153,0.10125038067321539,1789558507.8271964,2.9264220983016584,0.10107516111363339,0.0036904376666666654,0.0015407913036971825,0.0006966669018045656,0.0005694065543458024,0.004584685874999997,2.9282694541330945,0.10022817468945218,0.001847355831436026,-0.000846986424181212,-0.0008481385765045508,1.0027292816091609,2.3846689835195247e-08,0.001461056212790482,-0.0032501745622267614,-0.0032501745622267614,0.14195254731895454,0.9986415517991326,2.391177416720181e-08,2.927402594408667,0.10150172809438726,0.002796189458333334,-0.0009442094464082486,0.0016671432519181906,0.0007541494883405997,-0.0017884964166666626,2.9281931834338444,0.10199293646048284,0.0007905890251773684,0.0004912083660955774,0.0004908269599589022,0.998449961640411,-4.90089373948937e-09,0.0014790632414306126,-0.00642533825151886,-0.00642533825151886,0.12046878499146389,1.0007770684330526,-4.893297166196892e-09,2.9267159472637574,0.10117414558680053,0.0036904376666666654,0.0013239071221078937,0.0009823912661538264,0.0005147997023673251,0.0032930326916666636,2.92737269070093,0.09562385559063137,0.0006567434371724801,-0.005550289996169161,-0.005601477357525165,1.0188282472831767,8.821263864918105e-07,-0.004780548061059565,0.02039751348161793,0.02039751348161793,0.17670401100752833,0.9908618105387433,8.987352802316934e-07]"
/multi_agv/m2b_algorithm_state,1789558507.8373783,1789558507.8373783,m2b_algorithm_state_v1:header6+3x20,"[1.0,-0.15,0.52,2.9288395623779664,0.10125039240505355,1789558507.8371649,2.927416639114925,0.10107524880936082,0.0036904376666666654,0.0015401686344578003,0.0006967224951335278,0.0005696475388035276,0.004584685874999997,2.9291669298111382,0.0988606053687959,0.0017502906962132414,-0.00221464344056492,-0.002222602071564174,1.00724716001062,1.6312004305572605e-07,-3.4738701297622274e-05,0.0026517608702274634,0.0026517608702274634,0.14195253812555075,0.996419228119565,1.6430220010869012e-07,2.92839711106497,0.10150167279589241,0.002796189458333334,-0.0009435319180637761,0.0016671037168647374,0.0007538763680310506,-0.0017884964166666626,2.9292086676402995,0.10199293646048284,0.0008115565753294973,0.00049126366459043,0.0004908821724475239,0.9984497869525691,-4.898480813299032e-09,0.0015053278916093956,-0.006518087339974474,-0.006518087339974474,0.12046879032925828,1.0007771562389485,-4.890887124429666e-09,2.9277104792981503,0.10117422041439295,0.0036904376666666654,0.0013234962396980947,0.0009824097835002162,0.0005149681718816484,0.0032930326916666636,2.928401331072025,0.09646519063802894,0.0006908517738746234,-0.004709029776364004,-0.004745644532178567,1.0158254106452482,6.344641739582584e-07,-0.003882079814835288,0.01695200926420385,0.01695200926420385,0.17670402903133428,0.9922845557507962,6.445048300508461e-07]"
/multi_agv/m2b_algorithm_state,1789558507.8473728,1789558507.8473728,m2b_algorithm_state_v1:header6+3x20,"[1.0,-0.15,0.52,2.9298436907367447,0.10125036569202728,1789558507.8472688,2.928414795473973,0.10107527609434003,0.0036904376666666654,0.0015399763609001325,0.0006967418927238175,0.000569720791784975,0.004584685874999997,2.93002865128437,0.09724070911994782,0.0016138558103970801,-0.0038345669743922034,-0.0038587187672034415,1.0127781136918474,4.894762381199426e-07,-0.0018413990042070913,0.009688657182909524,0.009688657182909524,0.1419525354637116,0.9937409813286958,4.957308211400971e-07,2.929395258916466,0.10150165687855293,0.002796189458333334,-0.0009433236370960216,0.0016670896154984405,0.0007537934204981389,-0.0017884964166666626,2.929971877672861,0.10053042845038125,0.0005766187563951419,-0.0009712284281716832,-0.0009727361046474551,1.0031160791310316,-1.9161125078145303e-08,-0.00025196265915352766,0.00038376807329072965,0.00038376807329072965,0.12046879190172857,0.9984500662938606,-1.9220832660128397e-08,2.9287086327434606,0.1011742442422677,0.0036904376666666654,0.0013233668773700098,0.0009824167157761474,0.000515020639530911,0.0032930326916666636,2.929132325893704,0.09424338628935688,0.0004236931502434871,-0.006930857952910818,-0.007011505314565468,1.023874686528035,1.376082624565005e-06,-0.006481888876761109,0.026784039447493354,0.026784039447493354,0.17670403430218412,0.9884978534513672,1.4089361658631702e-06]"
/multi_agv/m2b_algorithm_state,1789558507.8573587,1789558507.8573587,m2b_algorithm_state_v1:header6+3x20,"[1.0,-0.15,0.52,2.930841624623825,0.10125037929961794,1789558507.8572173,2.929418915544722,0.10107521084828243,0.0036904376666666654,0.0015404394552053975,0.0006967000158762274,0.00056954184182153,0.004584685874999997,2.9309656104179775,0.09818496157701675,0.0015466948732556496,-0.002890249271265674,-0.0029038733742476116,1.0095300225277448,2.7799602608324524e-07,-0.0009705047826780496,0.0062376557296307585,0.0062376557296307585,0.14195254349289063,0.995308299906339,2.806453344744421e-07,2.9303993972688454,0.10150169775564877,0.002796189458333334,-0.0009438274036198467,0.0016671195963016139,0.0007539961908644838,-0.0017884964166666626,2.9308247787223047,0.10162910969160757,0.0004253814534593836,0.0001274119359588044,0.00012738620392854156,0.9995962762848641,-3.296855682507841e-10,0.000659113020752771,-0.003342088416501975,-0.003342088416501975,0.12046878721020467,1.0002020001339962,-3.295524663683432e-10,2.929712759396667,0.10117418847215062,0.0036904376666666654,0.001323672867917822,0.000982402647153902,0.0005148953224943104,0.0032930326916666636,2.930101330244895,0.09457838104647218,0.0003885708482278538,-0.006595807425678446,-0.0066686633202702825,1.0226363225890989,1.2463036601781346e-06,-0.006182949759985465,0.025635610933625503,0.025635610933625503,0.17670401850129105,0.9890748878609028,1.2745153918739015e-06]"
/multi_agv/m2b_algorithm_state,1789558507.8672707,1789558507.8672707,m2b_algorithm_state_v1:header6+3x20,"[1.0,-0.15,0.52,2.931841237845004,0.10125038182070482,1789558507.8671649,2.9304168536221527,0.10107524403201856,0.0036904376666666654,0.001540204088882073,0.0006967212968845614,0.0005696327940606395,0.004584685874999997,2.932193769465223,0.09995008992129982,0.0017769158430702703,-0.001125154110718743,-0.0011271915816709068,1.00363703327314,4.207423201460204e-08,0.001093953222166931,-0.001823237864556142,-0.001823237864556142,0.14195254042225833,0.9981924359751307,4.2227257396380957e-08,2.931397326112599,0.10150167701061559,0.002796189458333334,-0.0009435714939858893,0.0016671044663234547,0.0007538931329929416,-0.0017884964166666626,2.9319836269847106,0.10278243521961372,0.0005863008721114227,0.0012807582089981312,0.0012781807666082663,0.9959947023754386,-3.3276567436200446e-08,0.0020110568567475447,-0.008693416045611711,-0.008693416045611711,0.12046878899901702,1.0020164928601645,-3.3143284879694676e-08,2.9307106941367222,0.10117421685621968,0.0036904376666666654,0.0013235172381763564,0.0009824097995903896,0.0005149590615077617,0.0032930326916666636,2.9312441517412715,0.09641968603990222,0.0005334576045492589,-0.004754530816317451,-0.004791869309338782,1.0159864361920818,6.468126853551826e-07,-0.004125047303652208,0.01781693189435434,0.01781693189435434,0.17670402455290626,0.9922079483786083,6.571529150778423e-07]"
/multi_agv/m2b_algorithm_state,1789558507.877289,1789558507.877289,m2b_algorithm_state_v1:header6+3x20,"[1.0,-0.15,0.52,2.9328457360028133,0.10125035308300329,1789558507.8771832,2.931416467682238,0.10107524959316713,0.0036904376666666654,0.0015401652695227783,0.0006967256493048519,0.0005696473567394276,0.004584685874999997,2.9333047234724647,0.10058011934011307,0.0018882557902268893,-0.0004951302530540602,-0.0004955229364808417,1.0015891457799881,8.1438906783861e-09,0.00186479680130277,-0.004845732569982967,-0.004845732569982967,0.14195254038291788,0.9992075373350621,8.156832507890341e-09,2.9323969382778814,0.10150167404485338,0.002796189458333334,-0.0009435297183866698,0.0016671012986329004,0.0007538766724456969,-0.0017884964166666626,2.9330058156732015,0.10278243521961372,0.0006088773953201176,0.0012807611747603365,0.0012781837203875235,0.9959946930740127,-3.327524863713321e-08,0.0020392804645376706,-0.00879401813307574,-0.00879401813307574,0.1204687890497062,1.0020164975751933,-3.314197105330295e-08,2.931710307574892,0.10117422182409394,0.0036904376666666654,0.0013234906063062319,0.0009824114447558605,0.0005149697496430604,0.0032930326916666636,2.9323541817476704,0.09805842422244854,0.0006438741727783359,-0.0031157976016454036,-0.003131636939609037,1.0102861840710766,2.774899568836386e-07,-0.002326794223636117,0.010877746983092098,0.010877746983092098,0.1767040247029564,0.9949421538099461,2.803442696580188e-07]"
/multi_agv/m2b_algorithm_state,1789558507.8873196,1789558507.8873196,m2b_algorithm_state_v1:header6+3x20,"[1.0,-0.15,0.52,2.93385233129712,0.1012503117879603,1789558507.8872595,2.932420956763608,0.10107518052609354,0.0036904376666666654,0.0015406544036758937,0.0006966797230225194,0.0005694592258840362,0.004584685874999997,2.934313680550107,0.10006048776158193,0.0018927237864989621,-0.0010146927645116183,-0.001016348440076313,1.0032758859372926,3.422595945689664e-08,0.0013495562930473895,-0.0027777875190717538,-0.0027777875190717538,0.14195254907094634,0.9983709567512391,3.4338079796171836e-08,2.9334014474802403,0.10150171634422415,0.002796189458333334,-0.0009440611246259172,0.0016671344322811699,0.0007540897836626065,-0.0017884964166666626,2.933713292020227,0.1008836310366317,0.0003118445399867831,-0.0006180853075924558,-0.0006186942859690862,1.0019751393327132,-7.76442490189471e-09,-0.00022888861098560738,0.00014430969320459877,0.00014430969320459877,0.12046878397302747,0.9990157038937633,-7.779760722914341e-09,2.9327148037645916,0.10117416237869216,0.0036904376666666654,0.0013238156562060213,0.000982395662064795,0.0005148370626967959,0.0032930326916666636,2.9331147018382953,0.09626860750037558,0.0003998980737036639,-0.004905554878316579,-0.004945348158789102,1.016522045720605,6.88775070508877e-07,-0.004445475566659522,0.018991529874804142,0.018991529874804142,0.17670400758506277,0.9919533915116167,7.001550437150376e-07]"
/multi_agv/m2b_algorithm_state,1789558507.8971105,1789558507.8971105,m2b_algorithm_state_v1:header6+3x20,"[1.0,-0.15,0.52,2.934840537141696,0.10125038805843706,1789558507.8969607,2.9334275386400375,0.10107508409926147,0.0036904376666666654,0.0015413344547056994,0.0006966115978506158,0.0005691998871925949,0.004584685874999997,2.9350562430207643,0.09915010280134356,0.0016287043807268198,-0.0019249812979179048,-0.0019309811147755543,1.0062788010745523,1.2330998052538742e-07,0.00010489936113297041,0.0020322376878672667,0.0020322376878672667,0.14195256155109348,0.9968928661125994,1.2408421936361323e-07,2.9344080593501483,0.1015017728952198,0.002796189458333334,-0.0009447979869729147,0.0016671841590838454,0.000754383321778504,-0.0017884964166666626,2.9347159715034747,0.1008836310366317,0.0003079121533264839,-0.000618141858588106,-0.0006187509481998703,1.001975319802165,-7.771905479922025e-09,-0.00023386075654176545,0.00016121043468019067,0.00016121043468019067,0.12046877670755898,0.9990156142571799,-7.78725747871707e-09,2.933721395901175,0.10117407836939964,0.0036904376666666654,0.0013242721574070596,0.000982371355643186,0.0005146518304001255,0.0032930326916666636,2.9340115527925863,0.09702440313842445,0.00029015689141109746,-0.004149675230975189,-0.004177989153841808,1.0138588180645427,4.928077091778446e-07,-0.0038152930395779364,0.01650435390669415,0.01650435390669415,0.17670398310246,0.993223074109567,4.996374415601444e-07]"
/multi_agv/m2b_algorithm_state,1789558507.9070399,1789558507.9070399,m2b_algorithm_state_v1:header6+3x20,"[1.0,-0.15,0.52,2.9358473906375995,0.10125034392838554,1789558507.906945,2.9344157680010388,0.10107527103747001,0.0036904376666666654,0.001540007110499233,0.0006967305537191491,0.0005697133610405025,0.004584685874999997,2.93606360147028,0.09996508501721611,0.0016478334692413554,-0.001110186020253895,-0.0011121694177065773,1.0035880419030767,4.0956576855240105e-08,0.000947622418845117,-0.0013129214826270216,-0.0013129214826270216,0.14195254102769697,0.9982166408992144,4.110353076920329e-08,2.9353962369339235,0.1015016551680128,0.002796189458333334,-0.0009433535949621361,0.0016670993766831899,0.0007538013287271828,-0.0017884964166666626,2.9358602435215055,0.10283446109206713,0.0004640065875820554,0.0013328059240543394,0.001330015842007191,0.995834409667559,-3.60264429015335e-08,0.0019100240764847601,-0.00835775667158314,-0.00835775667158314,0.12046878868030525,1.0020977810632223,-3.587637149927063e-08,2.934709606490125,0.1011742379698284,0.0036904376666666654,0.001323395854745436,0.0009824110459939923,0.000515011028090772,0.0032930326916666636,2.9351723644566485,0.09738515100783705,0.0004627579665235082,-0.0037890869619913448,-0.0038126301066389885,1.0126036018098812,4.1051843547795585e-07,-0.003234182648484603,0.014329516761698358,0.014329516761698358,0.17670402344372002,0.9938249596763536,4.1569244637433543e-07]"
/multi_agv/m2b_algorithm_state,1789558507.9170666,1789558507.9170666,m2b_algorithm_state_v1:header6+3x20,"[1.0,-0.15,0.52,2.936837462771544,0.10125040755703825,1789558507.9169095,2.9354226077141172,0.1010751643802981,0.0036904376666666654,0.0015407627816133398,0.0006966606885794307,0.0005694221492457824,0.004584685874999997,2.9372162025384947,0.101462209039585,0.0017935948243774646,0.0003870446592869059,0.00038680629968428196,0.9987701113124974,4.975246520046758e-09,0.002628799830156113,-0.007978655451189096,-0.007978655451189096,0.141952553951635,1.0006162247171737,4.969127520634215e-09,2.9364031071441867,0.10150172095851025,0.002796189458333334,-0.0009441745240967,0.0016671495197608799,0.0007541310903741161,-0.0017884964166666626,2.9368826720658796,0.10283446109206713,0.00047956492169287657,0.0013327401335568867,0.0013299503280611474,0.9958346159061064,-3.605422517020701e-08,0.001929406480177243,-0.008427674151539569,-0.008427674151539569,0.12046878114269644,1.0020976764596965,-3.590404547416538e-08,2.9357164570544954,0.10117414644634828,0.0036904376666666654,0.0013238967239243668,0.0009823871879753423,0.0005148063308045708,0.0032930326916666636,2.9361684843949525,0.09769299660970615,0.00045202734045712845,-0.0034811498366421334,-0.003500975915219541,1.0115394823008217,3.4656838956409863e-07,-0.0029359417396481306,0.013162741592409875,0.013162741592409875,0.1767039980401075,0.9943369851557049,3.5056760936149784e-07]"
/multi_agv/m2b_algorithm_state,1789558507.9270875,1789558507.9270875,m2b_algorithm_state_v1:header6+3x20,"[1.0,-0.15,0.52,2.93784794643134,0.10125033931853143,1789558507.9269662,2.936412699780028,0.10107531824037594,0.0036904376666666654,0.0015396722501281623,0.0006967616064132535,0.0005698423570908574,0.004584685874999997,2.9383314157518634,0.10219138554666125,0.0019187159718354607,0.001116067306285315,0.0011140962661364544,0.9964828026071724,4.131787577588558e-08,0.00351249123093078,-0.01148271678457267,-0.01148271678457267,0.1419525367633835,1.0017691829770652,4.117255265092946e-08,2.9373931551340804,0.10150162585685353,0.002796189458333334,-0.0009429890369156667,0.001667077087609048,0.0007536548994458298,-0.0017884964166666626,2.937496719865302,0.10129161322807141,0.0001035647312215282,-0.00021001262878211913,-0.00021008271861135025,1.0006680127463077,-8.951323832969027e-10,-8.062680458443999e-05,-0.0005625329710557303,-0.0005625329710557303,0.1204687911399255,0.999666370324535,-8.957303431385778e-10,2.936706533400524,0.10117427857388529,0.0036904376666666654,0.0013231732775085855,0.000982421523122912,0.0005151020568646826,0.0032930326916666636,2.9371664745516397,0.09777674652713499,0.0004599411511159168,-0.0033975320467503067,-0.003416405219082671,1.011251738816628,3.299209517916882e-07,-0.0028414787801877748,0.012797316972017147,0.012797316972017147,0.17670403170912985,0.994475721958582,3.336331361713816e-07]"
/multi_agv/m2b_algorithm_state,1789558507.9371092,1789558507.9371092,m2b_algorithm_state_v1:header6+3x20,"[1.0,-0.15,0.52,2.9388486132689113,0.10125033638005783,1789558507.9369757,2.9374231622345075,0.10107515242551028,0.0036904376666666654,0.0015408480216685446,0.0006966542012290409,0.0005693885756129693,0.004584685874999997,2.9393463367530086,0.10219138554666125,0.0019231745185011029,0.0011162331211509724,0.0011142614933203347,0.9964822787616487,4.1361742240182976e-08,0.0035182296414467133,-0.011502074953059913,-0.011502074953059913,0.14195255621650613,1.0017694480536723,4.1216243161049476e-08,2.9384036644230833,0.10150172895874306,0.002796189458333334,-0.0009442671447331217,0.0016671539752302067,0.0007541689206348873,-0.0017884964166666626,2.9385027047137813,0.10129161322807141,9.904029069796039e-05,-0.00021011573067164502,-0.00021018588929316785,1.0006683405438628,-8.972255736062513e-10,-8.638552592071737e-05,-0.0005433365771619046,-0.0005433365771619046,0.1204687798125288,0.9996662067955239,-8.978252258340828e-10,2.937717012636429,0.10117413657134094,0.0036904376666666654,0.0013239513674275613,0.0009823851585039735,0.0005147837006340291,0.0032930326916666636,2.938137551251923,0.09777674652713499,0.00042053861549407046,-0.0033973900442059585,-0.003416261654599847,1.011251271863594,3.3008755364371257e-07,-0.0028905883852322588,0.012970222282453802,0.012970222282453802,0.1767039935636054,0.9944759470140473,3.3380145844854665e-07]"
/multi_agv/m2b_algorithm_state,1789558507.9469335,1789558507.9469335,m2b_algorithm_state_v1:header6+3x20,"[1.0,-0.15,0.52,2.9398373596766656,0.10125040847987306,1789558507.9467924,2.938423827767336,0.10107514823151555,0.0036904376666666654,0.0015408747739446694,0.0006966473717825215,0.0005693805319188835,0.004584685874999997,2.9397833860300673,0.09812475682466654,0.0013595582627314862,-0.0029503914068490095,-0.00296459483693031,1.0097349005933465,2.897790501804668e-07,-0.0012651470085159522,0.007298629938423883,0.007298629938423883,0.14195255805097373,0.995208981037015,2.92600020428008e-07,2.9394043331103674,0.10150172894699122,0.002796189458333334,-0.000944294059588879,0.0016671595243682447,0.000754177700800121,-0.0017884964166666626,2.939402186441537,0.10069609646550445,-2.1466688302496095e-06,-0.0008056324814867677,-0.0008066685656679584,1.0025799376169766,-1.319621655568248e-08,-0.0008093519017057704,0.0022822970101981405,0.0022822970101981405,0.12046877875777591,0.9987156011461377,-1.3230261971176254e-08,2.938717678929031,0.10117413196166677,0.0036904376666666654,0.0013239735985191457,0.0009823818718317284,0.0005147757738799357,0.0032930326916666636,2.938678385283921,0.09754902408434321,-3.9293645109683695e-05,-0.0036251078773235634,-0.0036466308862360963,1.012036068756106,3.7588088994764823e-07,-0.003695747942623201,0.01588212371423666,0.01588212371423666,0.1767039899652773,0.9940978372684305,3.8040501818316445e-07]"
/multi_agv/m2b_algorithm_state,1789558507.9570584,1789558507.9570584,m2b_algorithm_state_v1:header6+3x20,"[1.0,-0.15,0.52,2.9408412870616263,0.10125038247710176,1789558507.9568365,2.939412596741353,0.10107532280178688,0.0036904376666666654,0.0015396371912393104,0.0006967615815106846,0.0005698575665996239,0.004584685874999997,2.9411276693117525,0.09855229689967587,0.0017150725703993785,-0.002523025902111009,-0.002533379257865608,1.0082849517511643,2.1168063944487604e-07,-0.0003895385448663847,0.0040356939713778045,0.0040356939713778045,0.14195253848545633,0.9959132231297568,2.1343440332933243e-07,2.9403930522009913,0.10150162084068909,0.002796189458333334,-0.0009429485157889262,0.0016670775729781262,0.0007536370824481053,-0.0017884964166666626,2.940403391415926,0.10069609646550445,1.0339214934873553e-05,-0.0008055243751846353,-0.0008065601819914372,1.0025795920265397,-1.3173882279152888e-08,-0.0007936361633228453,0.0022279640124902057,0.0022279640124902057,0.1204687901332094,0.9987157724495592,-1.3207865520838762e-08,2.9397064300876514,0.10117428179714319,0.0036904376666666654,0.0013231529462553395,0.000982420655614491,0.0005151113208822166,0.0032930326916666636,2.9396597073737216,0.09769795810170462,-4.6722713929803206e-05,-0.0034763236954385712,-0.003496094087211914,1.0115228408291637,3.454126751827737e-07,-0.003554497479624168,0.015328157302949315,0.015328157302949315,0.17670402834225765,0.994345005803574,3.4939281045928044e-07]"
/multi_agv/m2b_algorithm_state,1789558507.9672315,1789558507.9672315,m2b_algorithm_state_v1:header6+3x20,"[1.0,-0.15,0.52,2.941853720792897,0.10125030236982502,1789558507.9671016,2.940416516396153,0.10107525734587568,0.0036904376666666654,0.0015401034117298647,0.0006967225098093439,0.0005696758024840679,0.004584685874999997,2.9422394290138536,0.10060938474480541,0.0018229126177007338,-0.00046587260107026907,-0.00046622017087949913,1.0014947469892466,7.209432293332185e-09,0.001812420601246418,-0.004673984846750637,-0.004673984846750637,0.14195254618876424,0.9992544942691468,7.22020857054682e-09,2.9413969887263645,0.10150166348812074,0.002796189458333334,-0.0009434565475511386,0.001667104994215407,0.000753843033056964,-0.0017884964166666626,2.9415990396381293,0.10060642421608973,0.00020205091176483947,-0.0008952392720310148,-0.0008965195198748403,1.0028698058137548,-1.6281527241989377e-08,-0.0006439558801687909,0.0017370326786258594,0.0017370326786258594,0.12046878566903958,0.9985719799564385,-1.6328252063525244e-08,2.9407103560623606,0.10117422659730885,0.0036904376666666654,0.0013234575654352972,0.0009824081244391054,0.000514985798585387,0.0032930326916666636,2.940928369057976,0.09838252462481294,0.00021801299561552412,-0.002791701972495911,-0.0028043866161136517,1.0091827957737185,2.227128194258741e-07,-0.0025318703715942466,0.011465346013108,0.011465346013108,0.1767040133082186,0.9954768563132999,2.2475794576285097e-07]"
/multi_agv/m2b_algorithm_state,1789558507.9770954,1789558507.9770954,m2b_algorithm_state_v1:header6+3x20,"[1.0,-0.15,0.52,2.942842475748217,0.10125037549544548,1789558507.976978,2.9414289248278207,0.10107506553138312,0.0036904376666666654,0.0015414608125170269,0.0006965941963650297,0.0005691541676563353,0.004584685874999997,2.943365218145759,0.10037796702862713,0.0019362933179380981,-0.0006970985027559967,-0.000697878072276038,1.0022424932518512,1.615874175883853e-08,0.0017224885751465848,-0.004245179701480828,-0.004245179701480828,0.1419525691169089,0.9988829430942016,1.6194977628191132e-08,2.942409453288353,0.10150178028871436,0.002796189458333334,-0.0009449303327757419,0.0016671974863680106,0.0007544337566680326,-0.0017884964166666626,2.942608229923103,0.10060642421608973,0.00019877663474998641,-0.0008953560726246285,-0.0008966366536635873,1.0028701795050718,-1.6311208762054165e-08,-0.0006481658602261042,0.001750508098561818,0.001750508098561818,0.12046877230135873,0.998571794902956,-1.635802485914596e-08,2.9417227842625175,0.10117406128937756,0.0036904376666666654,0.0013243605663516935,0.0009823637875005405,0.0005146174451541603,0.0032930326916666636,2.9417925651596324,0.09703474633255853,6.978089711484614e-05,-0.004139314956819032,-0.0041674854924761634,1.013822620146513,4.903796612834185e-07,-0.004080259371082606,0.017426832811445265,0.017426832811445265,0.17670396822494594,0.9932403998267085,4.971579930689149e-07]"
/multi_agv/m2b_algorithm_state,1789558507.9870093,1789558507.9870093,m2b_algorithm_state_v1:header6+3x20,"[1.0,-0.15,0.52,2.943840115048239,0.10125039056913454,1789558507.9869108,2.9424177022494638,0.10107524555364733,0.0036904376666666654,0.0015401817009583277,0.0006967077165188401,0.0005696495620280125,0.004584685874999997,2.944263614882445,0.09854177493117094,0.0018459126329810616,-0.002533470622476386,-0.0025439107072368003,1.0083202337708326,2.1351390071809944e-07,-0.00023651991601047334,0.0035025698316204193,0.0035025698316204193,0.1419525495706683,0.9958960490512837,2.1529038628539636e-07,2.9433981813133214,0.1015016662101661,0.002796189458333334,-0.000943537748161658,0.0016671166953132754,0.0007538721441618518,-0.0017884964166666626,2.943676157714416,0.09908804061313214,0.0002779764010947261,-0.0024136255970339526,-0.0024230387574109696,1.0078710080712387,-1.1847718733461939e-07,-0.002075568256042562,0.007438554345072277,0.007438554345072277,0.12046878368183908,0.996115142463889,-1.1940972223238784e-07,2.942711543681866,0.10117421472252301,0.0036904376666666654,0.0013235172719409404,0.000982401397621224,0.0005149634170974146,0.0032930326916666636,2.942726404982895,0.09818777947783407,1.4861301029345242e-05,-0.0029864352446889453,-0.0030009725000872695,1.0098448269419413,2.549104340734558e-07,-0.002982395873800588,0.013126900980638923,0.013126900980638923,0.17670400656319338,0.9951558185228616,2.5741998318260413e-07]"
/multi_agv/m2b_algorithm_state,1789558507.9971979,1789558507.9971979,m2b_algorithm_state_v1:header6+3x20,"[1.0,-0.15,0.52,2.944841728090315,0.1012503799263858,1789558507.9970815,2.9434153465091875,0.10107528070131633,0.0036904376666666654,0.0015399336301368922,0.0006967327959050528,0.0005697440454292962,0.004584685874999997,2.9452038718214197,0.0967232471873915,0.0017885253122322808,-0.0043520335139248245,-0.004383264581708138,1.0145865651420878,6.306836230131426e-07,-0.0021476079414177868,0.01097189560666742,0.01097189560666742,0.1419525459849475,0.9928749298151784,6.398831307642717e-07,2.944395814491157,0.10150164556693285,0.002796189458333334,-0.0009432685122911541,0.001667098328754335,0.000753764993394912,-0.0017884964166666626,2.9447836389293447,0.10040499337111579,0.00038782443818785595,-0.0010966521958170605,-0.001098576240217887,1.0035234864001041,-2.4430241585722074e-08,-0.0006137956924830671,0.0017189837901663164,0.0017189837901663164,0.12046878578285175,0.9982486018444702,-2.4516321209700624e-08,2.943709184144372,0.10117424543915446,0.0036904376666666654,0.0013233502175543986,0.0009824103001467412,0.0005150311979425087,0.0032930326916666636,2.9440565797241494,0.09926200576464492,0.00034739557977747637,-0.0019122396745095416,-0.0019181518843652344,1.0062280788468247,1.0442525203018301e-07,-0.001483907409643389,0.0074100568008226425,0.0074100568008226425,0.17670401363263488,0.9969177571891553,1.0507562073342654e-07]"
/multi_agv/m2b_algorithm_state,1789558508.0072367,1789558508.0072367,m2b_algorithm_state_v1:header6+3x20,"[1.0,-0.15,0.52,2.9458463064476175,0.10125035066910287,1789558508.0070908,2.944416956498274,0.10107525334298186,0.0036904376666666654,0.0015401289041129208,0.0006967173358431106,0.0005696674438096458,0.004584685874999997,2.9461145922231515,0.09683893327006653,0.0016976357248776885,-0.004236320072915328,-0.004265886798863701,1.0141804078965906,5.976247750153708e-07,-0.00214384214276659,0.01091172624994705,0.01091172624994705,0.14195254951027625,0.9930690317529645,6.060993380941969e-07,2.945397431090112,0.1015016638379955,0.002796189458333334,-0.0009434814287752691,0.0016671089993920418,0.0007538517348290863,-0.0017884964166666626,2.9458405360799955,0.10014772638104102,0.000443104989883647,-0.0013539374569544738,-0.0013568759105119241,1.0043628070329236,-3.725295516955507e-08,-0.0008029946731573654,0.002500044320018414,0.002500044320018414,0.12046878373350507,0.9978343977259189,-3.7415482624365994e-08,2.944710796682558,0.10117422259818006,0.0036904376666666654,0.001323476727741447,0.0009824055084782565,0.0005149788531601494,0.0032930326916666636,2.9451566466092776,0.09969986854459974,0.00044584992671969914,-0.001474354053580318,-0.0014778570192430503,1.0047782713748579,6.206383739820939e-08,-0.0009205446108434263,0.005234374156621174,0.005234374156621174,0.1767040067545466,0.9976296992082992,6.236039525586308e-08]"
/multi_agv/m2b_algorithm_state,1789558508.0169797,1789558508.0169797,m2b_algorithm_state_v1:header6+3x20,"[1.0,-0.15,0.52,2.9468374457309943,0.10125040741046898,1789558508.0169086,2.9454215257242202,0.1010751826987846,0.0036904376666666654,0.0015406293044293684,0.0006966710049564279,0.0005694746399964782,0.004584685874999997,2.9473316914390186,0.09893762122642961,0.0019101657147984064,-0.0021375614723549846,-0.0021449714425577473,1.0069888655085246,1.520004249063957e-07,0.0002427357009402607,0.001640639050693094,0.001640639050693094,0.14195255835161374,0.9965454224444467,1.530627354333051e-07,2.9464020205239416,0.10150170734890589,0.002796189458333334,-0.0009440249311667096,0.0016671422289715743,0.000754070039409041,-0.0017884964166666626,2.946842470518177,0.10014772638104102,0.00044044999423542563,-0.0013539809678648623,-0.0013569196095294994,1.0043629468290147,-3.727680456626196e-08,-0.0008063571167352174,0.0025113988345802913,0.0025113988345802913,0.12046877856411212,0.9978343288401174,-3.7439441282540135e-08,2.9457153730946914,0.10117416195961813,0.0036904376666666654,0.0013238084804911266,0.000982389663618721,0.0005148432931308578,0.0032930326916666636,2.9460414852883514,0.0984559772175965,0.00032611219365996647,-0.002718184742021637,-0.0027302034649779637,1.008933605362319,2.111833084996937e-07,-0.0023225632229030057,0.010699935974297643,0.010699935974297643,0.17670398935328832,0.9955978654666224,2.1306993683693882e-07]"
/multi_agv/m2b_algorithm_state,1789558508.027088,1789558508.027088,m2b_algorithm_state_v1:header6+3x20,"[1.0,-0.15,0.52,2.9478484440867696,0.10125033582010619,1789558508.0269752,2.946412682856809,0.10107531943457368,0.0036904376666666654,0.001539660590813756,0.0006967613791577952,0.000569847529112724,0.004584685874999997,2.948160167366244,0.0991145784494136,0.001747484509435182,-0.001960740985160081,-0.001966967441544679,1.0063979936685143,1.2779787398000013e-07,0.00021738819524929872,0.001649982005482077,0.001649982005482077,0.14195254310893649,0.996834489349906,1.2861552396857377e-07,2.94739313813901,0.10150162325113489,0.002796189458333334,-0.0009429721810045601,0.0016670772240461318,0.0007536475219977468,-0.0017884964166666626,2.947266755745218,0.09866685365451072,-0.00012638239379203497,-0.0028347695966241676,-0.0028477955737483927,1.0092883152992194,-1.6337624758165545e-07,-0.0030057735659884365,0.01088249763637099,0.01088249763637099,0.12046878746538559,0.9954259437565318,-1.648937376815972e-07,2.946706516197165,0.10117427954569835,0.0036904376666666654,0.0013231651226978682,0.0009824205685393219,0.0005151060881671294,0.0032930326916666636,2.946611413857925,0.10051487129743465,-9.510233923970546e-05,-0.0006594082482637015,-0.0006601046675351544,1.002117512735435,1.2405092296602982e-08,-0.0007789825915847863,0.004378148168017595,0.004378148168017595,0.17670401931925256,0.9989449865972719,1.2431360237525285e-08]"
/multi_agv/m2b_algorithm_state,1789558508.0370564,1789558508.0370564,m2b_algorithm_state_v1:header6+3x20,"[1.0,-0.15,0.52,2.9488374281118417,0.10125040646885058,1789558508.0369797,2.9474236589563874,0.1010751455469958,0.0036904376666666654,0.0015408935543540798,0.0006966486326469121,0.0005693717355612191,0.004584685874999997,2.949039960507783,0.09786234544520002,0.0016163015513956935,-0.003212800101795782,-0.0032296756387221767,1.0106319487021378,3.4367960836644866e-07,-0.0012092986994775598,0.007213946033908312,0.007213946033908312,0.14195256345484222,0.9947748508475384,3.4733359233257153e-07,2.9484041633946725,0.10150173132684392,0.002796189458333334,-0.0009443124850682127,0.0016671579237077516,0.000754186520213182,-0.0017884964166666626,2.948290754150974,0.09915577111620852,-0.00011340924369829253,-0.002345960210635406,-0.002354848433126406,1.007644510831201,-1.1201425965072851e-07,-0.0024966099877492716,0.00889171766395276,0.00889171766395276,0.1204687755867591,0.9962255649382923,-1.1287055387187748e-07,2.94771750990925,0.10117413058647887,0.0036904376666666654,0.0013239812879316895,0.000982382387822312,0.0005147721724326542,0.0032930326916666636,2.947785337913848,0.10241608537348705,6.782800459825822e-05,0.0012419547870081843,0.0012395196150160304,0.9960969347387458,4.397296824323236e-08,0.0013243046207638532,-0.0039589244904294375,-0.0039589244904294375,0.17670397931134255,1.0019646094847174,4.380133887844797e-08]"
/multi_agv/m2b_algorithm_state,1789558508.047281,1789558508.047281,m2b_algorithm_state_v1:header6+3x20,"[1.0,-0.15,0.52,2.9498507958329703,0.10125031948146192,1789558508.0470128,2.9484126650477633,0.10107531677965319,0.0036904376666666654,0.0015396795632568886,0.0006967603366446965,0.0005698398476104146,0.004584685874999997,2.9499079119801213,0.09639117499682363,0.0014952469323579187,-0.004684141782829554,-0.0047204114332436015,1.0157579463387563,7.3064128083767e-07,-0.002851352767796203,0.01356212757234362,0.01356212757234362,0.14195254432975143,0.9923164217935289,7.421546869339902e-07,2.9493931207185944,0.10150162516949815,0.002796189458333334,-0.0009429926903097891,0.0016670778202594327,0.000753656101942668,-0.0017884964166666626,2.949331739699432,0.09965152520504417,-6.138101916253191e-05,-0.0018500999644539828,-0.0018556072760874715,1.0059951041373834,-6.954616351948146e-08,-0.0019323335500406364,0.006699003770989535,0.006699003770989535,0.12046878674117123,0.9970320704685418,-6.996310001213624e-08,2.948706498569166,0.10117427745740044,0.0036904376666666654,0.0013231767830228836,0.0009824202925940995,0.0005151011774103841,0.0032930326916666636,2.948748970952328,0.10125114512425432,4.2472383162017735e-05,7.686766685387203e-05,7.685825589557064e-05,0.9997552098452148,1.6848433430921984e-10,0.00012994873484809281,0.0008271340000704392,0.0008271340000704392,0.17670401692520607,1.0001224456395963,1.684430910029454e-10]"
/multi_agv/m2b_algorithm_state,1789558508.0572002,1789558508.0572002,m2b_algorithm_state_v1:header6+3x20,"[1.0,-0.15,0.52,2.9508390805444384,0.10125039498874895,1789558508.0569606,2.949426005598065,0.10107510633398299,0.0036904376666666654,0.0015411709681889198,0.0006966226598116515,0.0005692649979157469,0.004584685874999997,2.951375870583566,0.0982654712321718,0.001949864985501204,-0.0028096351018111893,-0.0028225020226780016,1.0092558532284528,2.6281583805812833e-07,-0.00038517079080149655,0.004147073273281152,0.004147073273281152,0.14195256895008454,0.9954413067684522,2.652484228813072e-07,2.9504065213546404,0.10150175524457214,0.002796189458333334,-0.0009446134680150473,0.0016671765650100312,0.0007543072893306801,-0.0017884964166666626,2.950321336146087,0.09965152520504417,-8.518520855327338e-05,-0.0018502300395279725,-0.0018557381213510906,1.0059955239650675,-6.967545741865057e-08,-0.0019622196320426824,0.00680283054379858,0.00680283054379858,0.12046877241220658,0.9970318647013038,-7.009319829338113e-08,2.949719860546206,0.1011740968658306,0.0036904376666666654,0.0013241654631446918,0.0009823734100544278,0.0005146970095264497,0.0032930326916666636,2.949656166447716,0.10019202835444908,-6.369409848971941e-05,-0.000982068511381523,-0.0009836169865398133,1.003165180298631,2.7542265251227816e-08,-0.0010632346096519625,0.005525913187367977,0.005525913187367977,0.17670396856564177,0.9984257336143233,2.762944148658067e-08]"
/multi_agv/m2b_algorithm_state,1789558508.0672565,1789558508.0672565,m2b_algorithm_state_v1:header6+3x20,"[1.0,-0.15,0.52,2.951848536724212,0.10125033379539976,1789558508.0671175,2.950414313724721,0.10107529055131653,0.0036904376666666654,0.0015398637365879333,0.0006967411108934835,0.0005697700163553723,0.004584685874999997,2.952547167179803,0.10044159639413253,0.00213285345508174,-0.000633694157184006,-0.0006343380549173798,1.0020370615530783,1.333856104154146e-08,0.0020317287639347956,-0.005371894814715519,-0.005371894814715519,0.14195254857457223,0.9989849296784542,1.3365732511412572e-08,2.9513947778414305,0.10150163997693316,0.002796189458333334,-0.0009431915106353551,0.0016670918909769128,0.0007537349645526104,-0.0017884964166666626,2.951487173939959,0.1002432645193088,9.239609852862429e-05,-0.001258375457624361,-0.0012609119212226311,1.0040504987675813,-3.216788897209148e-08,-0.0011454167980618508,0.0036688151434106525,0.0036688151434106525,0.12046878427240056,0.9979883895491998,-3.2298184966728624e-08,2.950708150067163,0.10117425443799719,0.0036904376666666654,0.0013233011357380703,0.0009824132182841405,0.0005150509551067107,0.0032930326916666636,2.95082848055024,0.10178696934376995,0.0001203304830772467,0.0006127149057727627,0.000612119376134692,0.9980606019217106,1.0701994672844124e-08,0.0007625324799812504,-0.001665812130538066,-0.001665812130538066,0.1767040085896579,1.0009728978713779,1.0681239244941747e-08]"
/multi_agv/m2b_algorithm_state,1789558508.0770316,1789558508.0770316,m2b_algorithm_state_v1:header6+3x20,"[1.0,-0.15,0.52,2.9528378347758832,0.10125040254168068,1789558508.0769763,2.951423750816033,0.10107514246183087,0.0036904376666666654,0.0015409132024933408,0.0006966443482015797,0.0005693654474437897,0.004584685874999997,2.9536624232564015,0.1009314490111704,0.002238672440368461,-0.00014369345066046757,-0.00014372643638479652,1.0004593615179067,6.860749689030594e-10,0.0026546141140757797,-0.007813521074294668,-0.007813521074294668,0.14195256615226687,0.9997704964712223,6.863901253421724e-10,2.952404257141218,0.10150173153093968,0.002796189458333334,-0.000944331903403991,0.001667161251018623,0.0007541932066197771,-0.0017884964166666626,2.952441464751997,0.09976418799292944,3.720761077907753e-05,-0.0017375435380102416,-0.001742396992623442,1.0056232170726942,-6.142395398956017e-08,-0.001695887479149595,0.005816229781424388,0.005816229781424388,0.12046877400408515,0.9972144955290053,-6.176935421630665e-08,2.9517176022153846,0.10117412739342871,0.0036904376666666654,0.0013239966555231388,0.0009823802685903884,0.000514766613495957,0.0032930326916666636,2.9519741569495745,0.10325693196346943,0.000256554734189951,0.0020828045700407166,0.0020759992870772984,0.9935169135899201,1.2359695354726506e-07,0.002396692704814737,-0.008189610065423531,-0.008189610065423531,0.17670397396582407,1.0032780757709214,1.227956638173955e-07]"
/multi_agv/m2b_algorithm_state,1789558508.0871043,1789558508.0871043,m2b_algorithm_state_v1:header6+3x20,"[1.0,-0.15,0.52,2.953842330099407,0.10125037308033837,1789558508.0870137,2.9524130703321063,0.10107530923123732,0.0036904376666666654,0.0015397306641764049,0.0006967529637291739,0.0005698215324810601,0.004584685874999997,2.9546334144240944,0.09974673797938452,0.0022203440919881245,-0.0013285712518528031,-0.001331416384697343,1.0043044356755833,5.865273689372449e-08,0.0014440137302878127,-0.002966853024945416,-0.002966853024945416,0.14195254762446935,0.9978630780894387,5.890520382688044e-08,2.9533935292328435,0.10150162799969832,0.002796189458333334,-0.0009430461187320566,0.0016670833708807287,0.0007536763740529223,-0.0017884964166666626,2.9533488857840635,0.09950671158912322,-4.464344877996851e-05,-0.001994916410575101,-0.0020013266371199283,1.006474940811547,-8.087205780709077e-08,-0.002057130948094889,0.007199568406663491,0.007199568406663491,0.12046878484718222,0.9967970113294189,-8.139569959469969e-08,2.9527069047627,0.1011742703941064,0.0036904376666666654,0.0013232131709790388,0.0009824170700289741,0.0005150870808724897,0.0032930326916666636,2.9528207087579244,0.10123131216532162,0.0001138039952244263,5.704177121522436e-05,5.7036588019779835e-05,0.9998183058534645,9.278465421912807e-11,0.00019929158205031272,0.0005899114397681173,0.0005899114397681173,0.17670401048166717,1.0000908749212474,9.276779579056813e-11]"
/multi_agv/m2b_algorithm_state,1789558508.097099,1789558508.097099,m2b_algorithm_state_v1:header6+3x20,"[1.0,-0.15,0.52,2.954841353851014,0.10125037948562611,1789558508.0969932,2.9534175567538545,0.10107523600661251,0.0036904376666666654,0.0015402514075816827,0.0006967079192251365,0.0005696192416871164,0.004584685874999997,2.9549839768739132,0.09817042188754597,0.001566420120058698,-0.00290481411906654,-0.002918577381857094,1.0095796086180524,2.80773234045123e-07,-0.0009605522317837215,0.006208748570923553,0.006208748570923553,0.1419525563196282,0.9952842563379983,2.834629317377001e-07,2.954398035164545,0.10150167494652927,0.002796189458333334,-0.0009436131271956232,0.0016671151954135155,0.0007539055985727183,-0.0017884964166666626,2.954343686022954,0.09950671158912322,-5.434914159074822e-05,-0.0019949633574060516,-0.0020013738838802466,1.0064750925381003,-8.092447607674638e-08,-0.002069310310868682,0.0072419486607378045,0.0072419486607378045,0.12046877977679622,0.9967969370811584,-8.14484695479406e-08,2.9537113983798218,0.10117420828787331,0.0036904376666666654,0.0013235550543132333,0.0009824023328774082,0.0005149465534703226,0.0032930326916666636,2.9533028155361336,0.10089752926202543,-0.00040858284368816555,-0.0002766790258478813,-0.000276801278887088,1.0008846410010628,2.184019500514583e-09,-0.000787529833497295,0.0042409302506083955,0.0042409302506083955,0.176703993442261,0.9995583364365286,2.185951573711859e-09]"
/multi_agv/m2b_algorithm_state,1789558508.107052,1789558508.107052,m2b_algorithm_state_v1:header6+3x20,"[1.0,-0.15,0.52,2.955842877734375,0.10125036978770811,1789558508.1069438,2.9544165826064814,0.10107525093448297,0.0036904376666666654,0.0015401460955642553,0.0006967185538202961,0.0005696593585076678,0.004584685874999997,2.955944729447128,0.09880564903688856,0.001528146840646727,-0.0022696018975944116,-0.0022779638881727147,1.0074315940885812,1.713201562168946e-07,-0.00036778033736430604,0.0038486784347898325,0.0038486784347898325,0.14195255518072786,0.9963291821166618,1.7259333807709087e-07,2.9553970563195726,0.10150166620064163,0.002796189458333334,-0.0009434989185735185,0.00166710740567666,0.0007538601450465393,-0.0017884964166666626,2.955145178354156,0.10183588845397605,-0.0002518779654168135,0.000334222253334418,0.00033404546886967344,0.9989434542918073,-2.2674410169104645e-09,1.919801209865655e-05,-0.0011622889001148163,-0.0011622889001148163,0.12046878040824381,1.0005292227592333,-2.2650453618354676e-09,2.954710422626987,0.10117422132175376,0.0036904376666666654,0.0013234842124690825,0.0009824061213032035,0.0005149752900686943,0.0032930326916666636,2.9545318217252716,0.10210975596956628,-0.0001786009017155088,0.0009355346478125276,0.0009341496623677644,0.9970496441473187,2.4947502247623855e-08,0.0007108985352233784,-0.001630780376569792,-0.001630780376569792,0.17670399555524274,1.001482616223671,2.4873898238357797e-08]"
/multi_agv/m2b_algorithm_state,1789558508.117195,1789558508.117195,m2b_algorithm_state_v1:header6+3x20,"[1.0,-0.15,0.52,2.9568404570360776,0.1012503854574472,1789558508.117054,2.955418103540519,0.1010752269784989,0.0036904376666666654,0.0015403163174717732,0.0006967036140770764,0.0005695933452690646,0.004584685874999997,2.9571279031209317,0.10078815257272414,0.0017097995804125077,-0.0002870744057747593,-0.0002872062043449443,1.0009192139027643,2.737547741546032e-09,0.0018500432711706903,-0.004891565091791271,-0.004891565091791271,0.14195255855603026,0.9995411012429707,2.7400641334895422e-09,2.9563985837306257,0.10150168143413754,0.002796189458333334,-0.0009436841679495763,0.0016671179887506327,0.0007539349392883116,-0.0017884964166666626,2.956160555891225,0.10183588845397605,-0.00023802783940052308,0.00033420701983850887,0.00033403025150485115,0.9989435024836338,-2.267679348511896e-09,3.64954522541973e-05,-0.0012239454631311577,-0.0012239454631311577,0.12046877846317788,1.00052919857666,-2.2652835509122782e-09,2.9557119459319816,0.10117420095048787,0.0036904376666666654,0.0013235962083504916,0.0009824011852563215,0.0005149293117586301,0.0032930326916666636,2.955654655028529,0.10321020272637402,-5.729090345241161e-05,0.0020360017758861426,0.002029496596794034,0.9936592110856515,1.1807300379370277e-07,0.0019578829674785194,-0.006598459037547794,-0.006598459037547794,0.17670398898221631,1.0032053165806658,1.1732432780016383e-07]"
/multi_agv/m2b_algorithm_state,1789558508.1270397,1789558508.1270397,m2b_algorithm_state_v1:header6+3x20,"[1.0,-0.15,0.52,2.9578405045304588,0.1012503849768339,1789558508.126914,2.956415687828952,0.10107526432347504,0.0036904376666666654,0.0015400521648512183,0.000696728886481423,0.000569694699059364,0.004584685874999997,2.9585492060677145,0.10208045088134701,0.0021335182387627327,0.001005186557871976,0.001003586363180223,0.9968282339191997,3.3526845682394796e-08,0.0036704841616336387,-0.011990130555180032,-0.011990130555180032,0.14195255485935324,1.0015944763205853,3.3420506370463154e-08,2.957396156939968,0.10150165883788725,0.002796189458333334,-0.0009433973974521713,0.001667099711670783,0.0007538201413201245,-0.0017884964166666626,2.9570907192856484,0.10033590680361346,-0.00030543765431945147,-0.0011657520342737981,-0.001167927320402966,1.003748429399931,-2.7610989509626142e-08,-0.0015497243883022802,0.005057935625633098,0.005057935625633098,0.12046878061270164,0.9981374815956722,-2.7714487354465212e-08,2.956709526339313,0.10117423321097935,0.0036904376666666654,0.0013234201270893808,0.0009824099631302154,0.0005150010702321141,0.0032930326916666636,2.956538061466944,0.10139636281441237,-0.0001714648723689649,0.00022212960343302723,0.00022205110108873533,0.9992937779112412,1.407085321468577e-09,7.720010627529199e-06,0.0011959621646752492,0.0011959621646752492,0.17670399627330058,1.000353532785503,1.4060916067337876e-09]"
/multi_agv/m2b_algorithm_state,1789558508.1370413,1789558508.1370413,m2b_algorithm_state_v1:header6+3x20,"[1.0,-0.15,0.52,2.95884099053,0.10125038173224336,1789558508.136945,2.9574157353594916,0.101075261850259,0.0036904376666666654,0.0015400709735267702,0.0006967291435820749,0.0005696864125580539,0.004584685874999997,2.9594146399681653,0.10032126605749916,0.0019989046086736906,-0.0007539957927598373,-0.0007549082019462114,1.002427079477805,1.8887826205565193e-08,0.0017437225588959018,-0.004295016695340775,-0.004295016695340775,0.14195255557412675,0.9987913640572168,1.8933668460929068e-08,2.958396204271608,0.10150166151986505,0.002796189458333334,-0.0009434186997471171,0.0016670992234479876,0.0007538296290934693,-0.0017884964166666626,2.9580887708852224,0.10033590680361346,-0.0003074333863857248,-0.0011657547162515908,-0.0011679300123551848,1.0037484380019739,-2.761173973675891e-08,-0.0015522217453373408,0.005066744271944243,0.005066744271944243,0.1204687802018361,0.9981374773483153,-2.771524063128879e-08,2.9577095739602766,0.10117423156037762,0.0036904376666666654,0.0013234304730366125,0.0009824104684187816,0.0005149963228529243,0.0032930326916666636,2.9575571350487815,0.10152122417135764,-0.0001524389114950786,0.0003469926109800209,0.0003468012294085944,0.9988983601794539,3.433309719912496e-09,0.00015625259003974613,0.0006117306549213256,0.0006117306549213256,0.17670399483616803,1.0005518480189728,3.4295274492087722e-09]"
/multi_agv/m2b_algorithm_state,1789558508.1470582,1789558508.1470582,m2b_algorithm_state_v1:header6+3x20,"[1.0,-0.15,0.52,2.9598409761484916,0.10125038178233077,1789558508.1469893,2.9584162204881808,0.10107525291559123,0.0036904376666666654,0.001540135400436318,0.0006967248168487919,0.0005696607367198872,0.004584685874999997,2.96026934492852,0.0985370859620011,0.0018531244403390268,-0.002538166953590132,-0.0025486461491384597,1.0083360958607526,2.1430043071234166e-07,-0.00023224059871467624,0.003489534274616231,0.003489534274616231,0.14195255707934631,0.9958883285732425,2.160868596457603e-07,2.959396691227177,0.1015016680101223,0.002796189458333334,-0.000943489516044887,0.0016671020915302037,0.0007538588336367807,-0.0017884964166666626,2.9593048078920896,0.10301892008077893,-9.188333508758362e-05,0.00151725207065663,0.0015136413815227436,0.9952679196494894,-4.66882116159554e-08,0.001398787212663264,-0.006621438968376469,-0.006621438968376469,0.12046877932731782,1.002385432360639,-4.6467279247167054e-08,2.9587100598746434,0.10117422427101658,0.0036904376666666654,0.0013234714990491927,0.0009824093500970582,0.00051497912139533,0.0032930326916666636,2.9587953420937327,0.1025489085935577,8.52822190893221e-05,0.0013746843225411198,0.001371703839218566,0.9956863427125588,5.3848144028437986e-08,0.0014783066130802185,-0.004571175716986186,-0.004571175716986186,0.17670399187988595,1.00217283296681,5.3615861589534535e-08]"
/multi_agv/m2b_algorithm_state,1789558508.1569984,1789558508.1569984,m2b_algorithm_state_v1:header6+3x20,"[1.0,-0.15,0.52,2.960837308004453,0.10125040498020764,1789558508.156925,2.959416206224831,0.10107525218044892,0.0036904376666666654,0.001540141524671862,0.0006967255050181363,0.0005696577241738137,0.004584685874999997,2.961189089610757,0.09875598199001051,0.0017728833859260718,-0.0023192701904384133,-0.002328005438877912,1.0075984679851904,1.7890591669166983e-07,-0.00011190120647032236,0.002969683891445564,0.002969683891445564,0.14195255768064313,0.9962477542820048,1.8026532757201263e-07,2.960396676624145,0.1015016692392423,0.002796189458333334,-0.0009434968785819514,0.0016671014269609152,0.000753862370734576,-0.0017884964166666626,2.9603319224932276,0.10301892008077893,-6.475413091733273e-05,0.0015172508415366298,0.0015136401582795703,0.9952679234960179,-4.6688500083847416e-08,0.0014326974946329044,-0.006742464634853371,-0.006742464634853371,0.12046877896054503,1.0023854304058393,-4.6467566529594476e-08,2.959710045596498,0.10117422392730109,0.0036904376666666654,0.001323474293911163,0.0009824098723527188,0.0005149776382862344,0.0032930326916666636,2.959903385735861,0.10348147471193041,0.00019334013936322947,0.0023072507846293167,0.002298914005628976,0.9928367033349599,1.515849431700432e-07,0.002540589179833013,-0.00881401907073573,-0.00881401907073573,0.17670399066895026,1.0036263988039256,1.5049909525216296e-07]"
/multi_agv/m2b_algorithm_state,1789558508.167002,1789558508.167002,m2b_algorithm_state_v1:header6+3x20,"[1.0,-0.15,0.52,2.961840813508187,0.10125038184830489,1789558508.1668851,2.960412545544153,0.1010753066202634,0.0036904376666666654,0.0015397574414863341,0.0006967634678199267,0.000569804461999823,0.004584685874999997,2.96226270463467,0.10027375908076727,0.0018501590905173337,-0.000801547539496128,-0.000802579031542524,1.002581531444315,2.1341670397890015e-08,0.001510119831604143,-0.0034460692252728724,-0.0034460692252728724,0.14195255174305407,0.9987147782263718,2.1396764591096374e-08,2.961392999286391,0.10150163709225049,0.002796189458333334,-0.0009430807406510654,0.0016670738458146594,0.0007536963361285814,-0.0017884964166666626,2.9607338220178496,0.10098424240139156,-0.0006591772685413666,-0.00051739469085893,-0.0005178210921844695,1.0016514899987217,-5.434694796303831e-09,-0.0013417926778611779,0.004043996289922184,0.004043996289922184,0.12046878242900103,0.9991765470121337,-5.443670140406031e-09,2.9607063791828145,0.101174271228109,0.0036904376666666654,0.0013232170776738953,0.000982423351124995,0.000515082120405836,0.0032930326916666636,2.960339753517426,0.1019216447123997,-0.00036662566538847585,0.0007473734842907004,0.0007464883296141514,0.9976379920514941,1.5920390087176202e-08,0.0002882062478785566,-3.9741766979438766e-05,-3.9741766979438766e-05,0.17670400234424283,1.001185758224789,1.5882785999246976e-08]"
/multi_agv/m2b_algorithm_state,1789558508.1771939,1789558508.1771939,m2b_algorithm_state_v1:header6+3x20,"[1.0,-0.15,0.52,2.9628413636176414,0.101250378337787,1789558508.1770291,2.9614160440421355,0.10107524876256184,0.0036904376666666654,0.001540169516966667,0.0006967281879553858,0.0005696441951755227,0.004584685874999997,2.9633561033489055,0.10000081287727156,0.0019400593067699923,-0.0010744358852902841,-0.0010762931009526543,1.0034711003711068,3.8364399117036174e-08,0.001348781032509836,-0.00274779959700912,-0.00274779959700912,0.14195255867033277,0.9982744331811414,3.849756579704861e-08,2.962396513104591,0.1015016745705769,0.002796189458333334,-0.0009435301545656092,0.001667098789211341,0.0007538781668160743,-0.0017884964166666626,2.9617419717439923,0.10098424240139156,-0.000654541360598504,-0.0005174321691853445,-0.0005178586321918556,1.0016516094918904,-5.438071588802903e-09,-0.0013360353329399857,0.004023161971365607,0.004023161971365607,0.1204687783932523,0.999176487597192,-5.447053159456549e-09,2.961709883377835,0.1011742222117759,0.0036904376666666654,0.0013234874558294345,0.00098241197733846,0.0005149708382245662,0.0032930326916666636,2.9614863755846357,0.10334600207874924,-0.00022350779319912917,0.002171779866973339,0.002164385739721271,0.993246843653371,1.3432174187480855e-07,0.0018850009982223593,-0.006403030565568665,-0.006403030565568665,0.1767039887718385,1.0034162705456655,1.3341464615117642e-07]"
/multi_agv/m2b_algorithm_state,1789558508.1872177,1789558508.1872177,m2b_algorithm_state_v1:header6+3x20,"[1.0,-0.15,0.52,2.9638488302890527,0.10125033062260597,1789558508.1870868,2.962416593065795,0.10107523980554407,0.0036904376666666654,0.0015402336644452972,0.0006967228341187232,0.0005696191747014328,0.004584685874999997,2.964251040109501,0.09809099112467617,0.0018344470437061666,-0.0029842486808678986,-0.0029987836445494825,1.0098503402120529,2.9635094380367424e-07,-0.0007057248399167742,0.0053479259260787336,0.0053479259260787336,0.1419525602863581,0.9951530469001982,2.992701014223034e-07,2.963397064486194,0.10150168057284224,0.002796189458333334,-0.0009436005720237675,0.0016671026056598315,0.0007539067051657578,-0.0017884964166666626,2.9629438884508588,0.10187317991709266,-0.00045317603533545636,0.0003714993442504172,0.00037128098747196534,0.9988261118944651,-2.801668091683055e-09,-0.0001951890566973551,-0.00041714148797321023,-0.00041714148797321023,0.12046877745967348,1.0005881173176645,-2.798379246834572e-09,2.9627104333009338,0.10117421463497465,0.0036904376666666654,0.0013235295581843615,0.0009824103433999209,0.000514953438410399,0.0032930326916666636,2.9626941769500545,0.10324680294237291,-1.625635087920685e-05,0.00207258830739826,0.0020658491067771607,0.9935479678509724,1.2234513141960456e-07,0.002045528668178152,-0.006929470458493632,-0.006929470458493632,0.1767039855939146,1.0032621940290753,1.2155575669840828e-07]"
/multi_agv/m2b_algorithm_state,1789558508.19696,1789558508.19696,m2b_algorithm_state_v1:header6+3x20,"[1.0,-0.15,0.52,2.96483992143988,0.10125038836203597,1789558508.1968553,2.963424044546677,0.10107512593045458,0.0036904376666666654,0.0015410394204843324,0.000696645911413718,0.0005693099241456361,0.004584685874999997,2.9651148618350125,0.096528216043282,0.0016908172883356443,-0.004546909887172573,-0.004581050430279868,1.0152729304698322,6.89007661060113e-07,-0.0024675288198603125,0.012169142843858928,0.012169142843858928,0.14195257428627542,0.9925474422019823,6.995308271606659e-07,2.964404549698652,0.10150174965618257,0.002796189458333334,-0.0009444756795640966,0.0016671582287974829,0.0007542571007298077,-0.0017884964166666626,2.9639663412697996,0.10187317991709266,-0.000438208428852338,0.0003714302609100911,0.0003712119854250425,0.9988263303679707,-2.803222791606879e-09,-0.00017654855064038003,-0.00048424593507481143,-0.00048424593507481143,0.12046876926519043,1.0005880076442002,-2.7999327341445577e-09,2.9637178966218296,0.10117411628118075,0.0036904376666666654,0.0013240666482439464,0.000982383702431311,0.0005147344883466133,0.0032930326916666636,2.9637890006657908,0.10316220258108444,7.110404396115655e-05,0.0019880862999036852,0.0019818814423665635,0.9938050379782336,1.1262497734560877e-07,0.002070761497318009,-0.00697850806244194,-0.00697850806244194,0.1767039579863516,1.0031307914815086,1.1192726988825042e-07]"
/multi_agv/m2b_algorithm_state,1789558508.206951,1789558508.206951,m2b_algorithm_state_v1:header6+3x20,"[1.0,-0.15,0.52,2.965836834605717,0.10125040768593861,1789558508.2068212,2.9644151534761822,0.10107526729556396,0.0036904376666666654,0.0015400360133010294,0.0006967359426075063,0.0005696980298811573,0.004584685874999997,2.9660390381016115,0.09683530869681985,0.0016238846254292838,-0.004239958598744112,-0.004269576938178669,1.0141931612620212,5.986170087854734e-07,-0.0022397211563920643,0.011248201145567245,0.011248201145567245,0.1419525589762801,0.9930629334326524,6.071132765253544e-07,2.965395619463858,0.10150166082631372,0.002796189458333334,-0.0009433842888593039,0.0016670940719349936,0.0007538173928332281,-0.0017884964166666626,2.964872429500958,0.10078345519423275,-0.0005231899628999059,-0.0007182056320809704,-0.0007190285033960226,1.0022976890831796,-1.0476798585350324e-08,-0.001373015957020905,0.004240856573608307,0.004240856573608307,0.12046877822763209,0.9988555790053306,-1.0500871011086556e-08,2.9647089913795988,0.10117423696423025,0.0036904376666666654,0.0013234043333149965,0.0009824138401554492,0.0005150058995992274,0.0032930326916666636,2.9646214387541887,0.10190049663787022,-8.755262541004782e-05,0.0007262596736399701,0.0007254236909924267,0.9977041682742995,1.5035929974754008e-08,0.0006159829092298669,-0.0011965200613137353,-0.0011965200613137353,0.17670398818700236,1.0011524060461823,1.5001410009692556e-08]"
/multi_agv/m2b_algorithm_state,1789558508.2174003,1789558508.2174003,m2b_algorithm_state_v1:header6+3x20,"[1.0,-0.15,0.52,2.9668456473847784,0.10125035031869621,1789558508.2172287,2.9654120729467803,0.10107531198071926,0.0036904376666666654,0.0015397214331307296,0.0006967680701441374,0.0005698176762438164,0.004584685874999997,2.967288020024903,0.09901161894713599,0.001875947078122664,-0.0020636930335832665,-0.0020705958648725314,1.0067417347991432,1.4158598110202135e-07,0.0002743379827807985,0.001495371571387984,0.001495371571387984,0.14195255407648721,0.9966662585363127,1.425405162378877e-07,2.966392524806897,0.10150163504046422,0.002796189458333334,-0.0009430439232074664,0.0016670706035410987,0.0007536820635768438,-0.0017884964166666626,2.9658802296857423,0.10078345519423275,-0.0005122951211546933,-0.0007181798462314731,-0.000719002658586736,1.0022976067179081,-1.0472267674501728e-08,-0.0013593715600301026,0.0041928717175125614,0.0041928717175125614,0.12046878108086238,0.9988556198708916,-1.0496328827062396e-08,2.9657059060634725,0.10117427603663234,0.0036904376666666654,0.001323192538850174,0.0009824254511286322,0.0005150916647096103,0.0032930326916666636,2.965813672473366,0.1038113200710353,0.00010776640989362818,0.0026370440344029578,0.002626180894636764,0.991843653770327,1.979251889869527e-07,0.0027608889070037993,-0.009764399733975635,-0.009764399733975635,0.1767039977754351,1.0041364781033852,1.9631084261800164e-07]"
/multi_agv/m2b_algorithm_state,1789558508.2270324,1789558508.2270324,m2b_algorithm_state_v1:header6+3x20,"[1.0,-0.15,0.52,2.9678417183618637,0.10125037619356266,1789558508.2268848,2.96642086785534,0.10107517242897451,0.0036904376666666654,0.0015407113972054744,0.0006966776995604995,0.0005694355740635589,0.004584685874999997,2.9679384062006555,0.09924314108467844,0.00151753834531565,-0.0018320313442960756,-0.0018374619259915964,1.005969367320657,1.1163703807634096e-07,5.946100565296596e-05,0.0021504275973135215,0.0021504275973135215,0.14195257049423787,0.9970445201510285,1.1230344056320881e-07,2.967401359165146,0.10150172202686888,0.002796189458333334,-0.0009441206763158832,0.0016671353411021883,0.0007541151245180205,-0.0017884964166666626,2.9664026811351043,0.10155036750067048,-0.0009986780300415,4.864547380159512e-05,4.864172063608835e-05,0.9998457215576266,-4.8075463742879904e-11,-0.0011997058169157864,0.00329367241356498,0.00329367241356498,0.12046877147457205,1.0000771593902866,-4.8068046735217275e-11,2.9667147151338495,0.10117415650024524,0.0036904376666666654,0.0013238478864225152,0.0009823949634559792,0.0005148234555523274,0.0032930326916666636,2.9664770661078594,0.10316444644176516,-0.0002376490259901054,0.0019902899415199238,0.001984071428520194,0.9937983308867259,1.1285593368651063e-07,0.0016870101460325624,-0.005607999753593745,-0.005607999753593745,0.17670396546945702,1.0031342183100571,1.1215603852831729e-07]"
/multi_agv/m2b_algorithm_state,1789558508.2371042,1789558508.2371042,m2b_algorithm_state_v1:header6+3x20,"[1.0,-0.15,0.52,2.968836939110467,0.1012504065925283,1789558508.2369156,2.9674169467047893,0.10107523625209808,0.0036904376666666654,0.0015402580274787377,0.0006967176022569352,0.0005696113356735918,0.004584685874999997,2.9688089565370595,0.09782330302196679,0.001392009832270169,-0.0032519332301312875,-0.0032692274333648457,1.0107661554905738,3.519663484844847e-07,-0.0015292151430271344,0.008352176178325382,0.008352176178325382,0.14195256408444767,0.9947100030248559,3.557556729197182e-07,2.968397420716733,0.10150168153664549,0.002796189458333334,-0.000943627433406557,0.0016671070646085973,0.0007539160292484859,-0.0017884964166666626,2.967413011935941,0.10155036750067048,-0.0009844087807917568,4.868596402499148e-05,4.868220460805288e-05,0.9998455931296784,-4.813037794800646e-11,-0.001181828771381643,0.003230673622165385,0.003230673622165385,0.12046877522132673,1.0000772236378543,-4.8122946286980115e-11,2.967710787664068,0.10117421079194441,0.0036904376666666654,0.001323549533373471,0.0009824081863446304,0.0005149459019398589,0.0032930326916666636,2.9674502555526274,0.10257415393795968,-0.0002605321114406145,0.00139994314601527,0.0013968527190820986,0.9956083461224208,5.584743120260186e-08,0.0010711875797813305,-0.003130653646102387,-0.003130653646102387,0.1767039780583301,1.0022124214607264,5.5602168614808116e-08]"
/multi_agv/m2b_algorithm_state,1789558508.2470632,1789558508.2470632,m2b_algorithm_state_v1:header6+3x20,"[1.0,-0.15,0.52,2.969843419261272,0.10125036432395133,1789558508.2469554,2.968412177104659,0.10107530848955314,0.0036904376666666654,0.0015397474624975348,0.0006967666569864582,0.0005698071286526744,0.004584685874999997,2.9696478633661596,0.09597474373443998,0.0012356862615003905,-0.0051005647551131544,-0.005143704217083016,1.0172386398361877,8.665823558146685e-07,-0.003599096390207528,0.016331769862323636,0.016331769862323636,0.14195255615821745,0.991613152671845,8.815210569349526e-07,2.9693926296574933,0.10150163805835334,0.002796189458333334,-0.0009430736224156997,0.0016670716410769337,0.0007536943974750937,-0.0017884964166666626,2.9685383288520515,0.10143720743515024,-0.0008543008054417989,-6.443062320310444e-05,-6.443721296887406e-05,1.000204603752153,-8.425116597930192e-11,-0.0011323132197711226,0.0031047113423567033,0.0031047113423567033,0.12046877985546445,0.9998977335383391,-8.426840408398456e-11,2.9687060105692504,0.10117427322967845,0.0036904376666666654,0.0013232090765591046,0.0009824253233851948,0.0005150845627163534,0.0032930326916666636,2.968356887540573,0.10212049791442049,-0.0003491230286774005,0.0009462246847420364,0.0009448079826197583,0.9970162964771297,2.551538460200301e-08,0.0005084041967730077,-0.0009147396103081407,-0.0009147396103081407,0.17670399365871595,1.0014994603647926,2.5439254259078624e-08]"
/multi_agv/m2b_algorithm_state,1789558508.2570994,1789558508.2570994,m2b_algorithm_state_v1:header6+3x20,"[1.0,-0.15,0.52,2.9708438694957255,0.10125036202068415,1789558508.2569487,2.969418644160125,0.10107520504626698,0.0036904376666666654,0.0015404819332408611,0.0006967005130393382,0.000569523170773814,0.004584685874999997,2.9712885005392624,0.09789462510918187,0.0018698563791375022,-0.0031805799370851068,-0.0031971146768667324,1.0105215171907618,3.3672383790951524e-07,-0.0008597942029448546,0.005973472941733808,0.005973472941733808,0.14195256842304696,0.9948282306226718,3.402666835586195e-07,2.9703991255659634,0.10150170309152061,0.002796189458333334,-0.0009438729827173494,0.0016671189140753384,0.000754016302707855,-0.0017884964166666626,2.9694463004133667,0.10004868712539666,-0.000952825152596759,-0.0014530159661239467,-0.0014564027482590436,1.004687312749405,-4.2925304268640695e-08,-0.0026474341890049924,0.00905661810349094,0.00905661810349094,0.12046877270806756,0.9976745566161934,-4.312650859461118e-08,2.9697124880577266,0.10117418483406639,0.0036904376666666654,0.0013236943485537742,0.000982403217309069,0.0005148857149284503,0.0032930326916666636,2.9699533668749063,0.10392076541292995,0.0002408788171797127,0.0027465805788635667,0.0027348060270764346,0.9915155026674376,2.147731118685544e-07,0.0030359045485510755,-0.010803289100360764,-0.010803289100360764,0.17670396958345003,1.004305443117558,2.1295086997379954e-07]"
/multi_agv/m2b_algorithm_state,1789558508.2669396,1789558508.2669396,m2b_algorithm_state_v1:header6+3x20,"[1.0,-0.15,0.52,2.9718416240976193,0.10125037688724214,1789558508.2668352,2.9704190934622106,0.10107520061031479,0.0036904376666666654,0.0015405124509306964,0.0006966958443753056,0.0005695123710140332,0.004584685874999997,2.9724335725120503,0.09979549061678678,0.002014479049839757,-0.0012797099935280137,-0.0012823487340966316,1.004143852353132,5.444374396050051e-08,0.0012357500782030646,-0.0022528321568620504,-0.0022528321568620504,0.14195256986942575,0.9979422597781276,5.466935079702455e-08,2.9713995770333805,0.10150170488238626,0.002796189458333334,-0.0009439057568239612,0.0016671226129654215,0.0007540285851063422,-0.0017884964166666626,2.970363970205238,0.09967152852393678,-0.0010356068281427433,-0.0018301763584494812,-0.001835564876677022,1.0059292035684,-6.812132215406452e-08,-0.0031300734118554514,0.010913844763936215,0.010913844763936215,0.120468771872034,0.9970643814904021,-6.852522734046453e-08,2.970712937991585,0.10117418056935139,0.0036904376666666654,0.001323716697361184,0.000982401301176817,0.0005148770242728064,0.0032930326916666636,2.971045965185446,0.10277834795892511,0.00033302719386085755,0.001604167389573724,0.0016001158048580782,0.9949793933789713,7.33283200587205e-08,0.00201639979718415,-0.006600318845098391,-0.006600318845098391,0.17670396677288336,1.002532057181952,7.296016740952477e-08]"
/multi_agv/m2b_algorithm_state,1789558508.2770958,1789558508.2770958,m2b_algorithm_state_v1:header6+3x20,"[1.0,-0.15,0.52,2.9728372359870896,0.10125040480590182,1789558508.2769704,2.9714168525831264,0.10107523719747558,0.0036904376666666654,0.0015402526813363786,0.0006967187980564831,0.0005696130310169048,0.004584685874999997,2.9734974700232937,0.09977533944747799,0.0020806174401672983,-0.0012998977499975861,-0.0013026208137723934,1.004210179019902,5.6166308397585626e-08,0.0012981509864367295,-0.002464255065434076,-0.002464255065434076,0.14195256646373564,0.9979095499273335,5.640277861082649e-08,2.972397326218735,0.10150168175257009,0.002796189458333334,-0.000943623285329943,0.0016671063633482142,0.0007539145959838262,-0.0017884964166666626,2.9713611230484873,0.09967152852393678,-0.0010362031702477736,-0.0018301532286333078,-0.0018355416113994697,1.0059291289287993,-6.809922116012262e-08,-0.0031307955742091867,0.010916664716786628,0.010916664716786628,0.12046877384754734,0.99706441808091,-6.850299022233181e-08,2.9717106934909956,0.10117421171168077,0.0036904376666666654,0.001323545670249645,0.0009824089426452298,0.0005149471830673364,0.0032930326916666636,2.971979268090005,0.10175112556968138,0.00026857459900941905,0.0005769138580006133,0.0005763857456383942,0.9981731772392093,9.48989096868052e-09,0.000912103994400168,-0.0021811151836066967,-0.0021811151836066967,0.17670397340824667,1.0009162481310745,9.472554619861512e-09]"
/multi_agv/m2b_algorithm_state,1789558508.287388,1789558508.287388,m2b_algorithm_state_v1:header6+3x20,"[1.0,-0.15,0.52,2.9738388445183195,0.10125039382300878,1789558508.28721,2.9724124733360306,0.10107530351580864,0.0036904376666666654,0.0015397839828456294,0.0006967638649279626,0.0005697927508890088,0.004584685874999997,2.974434905806709,0.09858805804265122,0.00202243247067857,-0.002487245473157415,-0.002497304553348604,1.008164179334275,2.057341027171589e-07,3.073603499960864e-05,0.002541643787832622,0.002541643787832622,0.14195255923936356,0.9959720250468846,2.0741375282691796e-07,2.973392927263011,0.1015016418592885,0.002796189458333334,-0.0009431149177880275,0.0016670738277646535,0.0007537111601600421,-0.0017884964166666626,2.9719723194724152,0.10155902660890795,-0.0014206077905956072,5.738474961944351e-05,5.737952713033413e-05,0.9998180229424882,-6.68291890381008e-11,-0.0017183802111141748,0.0051325425123079915,0.0051325425123079915,0.12046877805566156,1.0000910165937325,-6.681702765892374e-11,2.9727063073622264,0.10117426904260833,0.0036904376666666654,0.0013232330852689833,0.0009824246955615129,0.0005150744824549921,0.0032930326916666636,2.9729319744298945,0.10192857417890068,0.00022566706766813383,0.0007543051362923492,0.0007534035336956884,0.9976162729799823,1.6217188375290788e-08,0.0010354873682808558,-0.0027027888384648425,-0.0027027888384648425,0.1767039876271656,1.0011967060895484,1.6178531025171892e-08]"
/multi_agv/m2b_algorithm_state,1789558508.2979214,1789558508.2979214,m2b_algorithm_state_v1:header6+3x20,"[1.0,-0.15,0.52,2.97484112479583,0.10125037892116358,1789558508.2975142,2.9734140786888865,0.101075274784737,0.0036904376666666654,0.0015399898929643187,0.0006967480225079643,0.0005697117378304388,0.004584685874999997,2.974862037927282,0.0987389473152795,0.0014479592383955797,-0.0023363274694575,-0.002345192813494169,1.0076558164775116,1.8153129808019e-07,-0.0005352437654996944,0.004467240535756309,0.004467240535756309,0.14195256276187407,0.9962197803158621,1.8292106838321638e-07,2.974394539451756,0.10150166156000844,0.002796189458333334,-0.0009433404452895075,0.0016670848003097483,0.0007538032109989518,-0.0017884964166666626,2.97298702546406,0.10155902660890795,-0.0014075139876958964,5.7365048899513105e-05,5.735982999626257e-05,0.9998180854248041,-6.679927557431317e-11,-0.001702032654623608,0.005074279854253827,0.005074279854253827,0.12046877601035573,1.000090985333305,-6.678712381247367e-11,2.9737079154143156,0.10117424512428091,0.0036904376666666654,0.00132336630765783,0.000982420022150144,0.0005150191666901992,0.0032930326916666636,2.973615477339903,0.1032319893375902,-9.243807441272622e-05,0.002057744213309287,0.002051100455132721,0.9935930938415982,1.2058534821402398e-07,0.0019355528621168134,-0.006529277804165674,-0.006529277804165674,0.17670398073284027,1.0032391188641885,1.1981276920393853e-07]"
/multi_agv/m2b_algorithm_state,1789558508.3074582,1789558508.3074582,m2b_algorithm_state_v1:header6+3x20,"[1.0,-0.15,0.52,2.97584035994184,0.10125038389171713,1789558508.3073387,2.9744163543705118,0.10107523782846915,0.0036904376666666654,0.0015402529286809613,0.0006967249573187394,0.0005696097201021679,0.004584685874999997,2.9759515346912835,0.10058899420721097,0.0015351803207717118,-0.0004862436212581811,-0.0004866223100254858,1.001560467085512,7.854578878116781e-09,0.0014323530909391541,-0.003317326963826891,-0.003317326963826891,0.141952567475023,0.9992218014679909,7.86683568992664e-09,2.9753968252168272,0.10150168525797094,0.002796189458333334,-0.000943627348795789,0.0016671012629911885,0.0007539190104220994,-0.0017884964166666626,2.9737219711739984,0.0982020892522588,-0.001674854042828855,-0.003299596005712141,-0.0033173059299569656,1.0108679624809027,-2.215673598412745e-07,-0.005410873483493034,0.019504674920313176,0.019504674920313176,0.12046877325744008,0.9946613533334702,-2.2397534559502214e-07,2.9747101948001515,0.10117421367705064,0.0036904376666666654,0.0013235395419516158,0.0009824125020768465,0.0005149479880277898,0.0032930326916666636,2.9746661166863726,0.10222496800261686,-4.407811377893367e-05,0.0010507543255662277,0.0010490087086312742,0.9966906226820585,3.1469635893064797e-08,0.0009939110664076072,-0.002692328723916836,-0.002692328723916836,0.1767039714277232,1.001664063339599,3.136549099383641e-08]"
/multi_agv/m2b_algorithm_state,1789558508.317474,1789558508.317474,m2b_algorithm_state_v1:header6+3x20,"[1.0,-0.15,0.52,2.9768412144999465,0.1012503784094007,1789558508.3173206,2.975415591040374,0.10107524957695045,0.0036904376666666654,0.0015401701772892588,0.0006967328629860603,0.000569641477274743,0.004584685874999997,2.9771179452496916,0.10172362094029792,0.0017023542093177468,0.0006483713633474719,0.0006477037891427821,0.9979458145597963,1.3953779313160329e-08,0.0027756465507899654,-0.00862833274610367,-0.00862833274610367,0.14195256674330586,1.0010306782450251,1.392511566285942e-08,2.9763960584938913,0.10150167829812894,0.002796189458333334,-0.000943538050601803,0.0016670956561539718,0.0007538832192354461,-0.0017884964166666626,2.9747327580574043,0.09860454356063479,-0.0016633004364869919,-0.0028971347374941447,-0.0029107465497714706,1.0094993115873014,-1.7075312481533932e-07,-0.00498987209538021,0.01787694158838632,0.01787694158838632,0.1204687736866949,0.9953236009921941,-1.723751619524656e-07,2.975709430291255,0.10117422380007197,0.0036904376666666654,0.0013234845611462711,0.0009824153273260807,0.000514970350487037,0.0032930326916666636,2.9756002277976386,0.10131928622044001,-0.00010920249361623391,0.0001450624203680334,0.00014502892130163948,0.9995383960030981,6.001533002925396e-10,8.525804281347092e-06,0.0012278935662746304,0.0012278935662746304,0.17670397292834106,1.0002309819730661,5.998762671303707e-10]"
/multi_agv/m2b_algorithm_state,1789558508.3273804,1789558508.3273804,m2b_algorithm_state_v1:header6+3x20,"[1.0,-0.15,0.52,2.9778520786712677,0.10125030872993031,1789558508.327295,2.9764164438575826,0.10107523601058481,0.0036904376666666654,0.001540266866139573,0.0006967242370878417,0.0005696040534244715,0.004584685874999997,2.9780146244724572,0.10140617995294288,0.0015981806148746003,0.0003309439423580668,0.00033076959992432025,0.9989477106686304,3.6364589075846847e-09,0.0023284953685175705,-0.006884667412134183,-0.006884667412134183,0.1419525689023519,1.000527081188194,3.6326323006722695e-09,2.9773969151358624,0.10150168701059573,0.002796189458333334,-0.0009436437942485177,0.001667101907747881,0.0007539258035850621,-0.0017884964166666626,2.976106596974238,0.09969356765878164,-0.001290318161624171,-0.0018081193518140887,-0.0018133778950449593,1.005856289034543,-6.646981859108768e-08,-0.003426275597075173,0.011949898256373742,0.011949898256373742,0.1204687724241814,0.9971001393337597,-6.685908506083072e-08,2.976710284506394,0.10117421220702158,0.0036904376666666654,0.0013235485011395694,0.0009824125336795001,0.0005149440881392934,0.0032930326916666636,2.976658757684311,0.10106684389935017,-5.152682208331427e-05,-0.0001073683076714127,-0.00010738669437193044,1.0003426366711148,3.28853661652401e-10,-0.0001717952219760733,0.0019814879826874346,0.0019814879826874346,0.17670396861531396,0.9998287804590198,3.2896633897631347e-10]"
/multi_agv/m2b_algorithm_state,1789558508.337238,1789558508.337238,m2b_algorithm_state_v1:header6+3x20,"[1.0,-0.15,0.52,2.9788429719490828,0.10125036842067624,1789558508.3370562,2.9774272858043314,0.10107507009502074,0.0036904376666666654,0.0015414403964637488,0.000696611667097979,0.0005691539298672996,0.004584685874999997,2.978826900076622,0.09991584815610735,0.001399614272290517,-0.0011592219389133934,-0.0011613852208844334,1.0037486061124812,4.469760491231617e-08,0.0005881326194787128,-1.8102882428248403e-05,-1.8102882428248403e-05,0.14192378993872345,0.9981373260722289,4.486515862730375e-08,2.978407806471428,0.10150178730187306,0.002796189458333334,-0.0009449179490249099,0.001667183400479999,0.0007544357158282416,-0.0017884964166666626,2.977102915846723,0.09969356765878164,-0.0013048906247052905,-0.0018082196430914271,-0.0018134787665669957,1.0058566126075015,-6.65669272075353e-08,-0.003444592047448609,0.012013267039206115,0.012013267039206115,0.12045069463961902,0.997099980671114,-6.695678391266159e-08,2.977721143738045,0.10117406879289714,0.0036904376666666654,0.0013243312065094846,0.0009823734132589305,0.0005146251647083363,0.0032930326916666636,2.9777616927489796,0.10205882764201979,4.054901093475394e-05,0.0008847588491226466,0.0008835196441501841,0.9972081555497474,2.232807034184663e-08,0.0009342059078186265,-0.0024017142906457714,-0.0024017142906457714,0.17664773750819,1.0014025777249747,2.2265733842577898e-08]"
/multi_agv/m2b_algorithm_state,1789558508.3471782,1789558508.3471782,m2b_algorithm_state_v1:header6+3x20,"[1.0,-0.15,0.52,2.979841877149641,0.10125037577693292,1789558508.3470762,2.9784181971818176,0.10107521822543485,0.0036904376666666654,0.0015403870137843793,0.0006967032210464018,0.000569562905830484,0.004584685874999997,2.979762343684274,0.09959658991382334,0.0013441465024564003,-0.00147862831161151,-0.0014821564241375926,1.0047987215251393,7.268854237046441e-08,0.00019802670393290786,0.0015032571982018543,0.0015032571982018543,0.14195257332044445,0.9976196085186249,7.303735444336855e-08,2.97939867816266,0.10150169248055987,0.002796189458333334,-0.0009437708632938323,0.0016671186407313243,0.0007539721796508969,-0.0017884964166666626,2.9781003308514284,0.09916445817441034,-0.0012983473112315735,-0.00233723430614953,-0.0023460559553047603,1.0076153320415435,-1.1111813999959753e-07,-0.003968990094344227,0.01407172402423023,0.01407172402423023,0.12046876983478683,0.996239795928446,-1.1196434153153319e-07,2.978712040502771,0.101174194556034,0.0036904376666666654,0.0013236390065648651,0.000982403413617528,0.0005149096013755596,0.0032930326916666636,2.9787166390599458,0.100680107440253,4.5985571746065546e-06,-0.0004940871157810001,-0.0004944776215736189,1.0015836652827843,6.966334563088718e-09,-0.0004887294251053607,0.0032775575644408248,0.0032775575644408248,0.17670395989411095,0.9992102659946953,6.977366905284542e-09]"
/multi_agv/m2b_algorithm_state,1789558508.3572423,1789558508.3572423,m2b_algorithm_state_v1:header6+3x20,"[1.0,-0.15,0.52,2.9808384639314287,0.10125039756835515,1789558508.357101,2.979417104640043,0.10107523624779746,0.0036904376666666654,0.0015402590638878251,0.0006967146911946104,0.0005696124006143941,0.004584685874999997,2.9808599869556556,0.1009660709405871,0.0014428823156125148,-0.00010916530721036266,-0.00010918434022440056,1.000348844520201,3.9579636735970414e-10,0.001694418554291243,-0.004423486094885306,-0.004423486094885306,0.14195257200362527,0.999825680001374,3.95934438753573e-10,2.9803975806532783,0.10150168113408722,0.002796189458333334,-0.0009436316663862464,0.001667110510911396,0.0007539160714628984,-0.0017884964166666626,2.9790844311995235,0.09916445817441034,-0.001313149453754825,-0.0023372229596768795,-0.002346044523771245,1.0076152952554742,-1.1110067741132256e-07,-0.0039874813409647766,0.014136951342749008,0.014136951342749008,0.12046877062015442,0.9962398138633,-1.1194674187289299e-07,2.979710946155602,0.10117420994891409,0.0036904376666666654,0.0013235544902750005,0.0009824072458547214,0.000514944242514317,0.0032930326916666636,2.9796071275706035,0.09947567749070184,-0.00010381858499863839,-0.0016985324582122485,-0.0017031895399460372,1.0055187462445134,8.238985062252263e-08,-0.0018329627711943352,0.008550933479390451,0.008550933479390451,0.1767039625664093,0.9972656703058802,8.28445393012317e-08]"
/multi_agv/m2b_algorithm_state,1789558508.3672168,1789558508.3672168,m2b_algorithm_state_v1:header6+3x20,"[1.0,-0.15,0.52,2.981841915515302,0.10125037502534512,1789558508.3670807,2.980413698363515,0.10107528798175357,0.0036904376666666654,0.0015398933694823597,0.0006967499617180903,0.0005697525680474155,0.004584685874999997,2.9818974220566674,0.10222449931792829,0.0014837236931524167,0.0011492113361747242,0.001147122012527414,0.9963797159775758,4.3813605738537305e-08,0.003001776628967935,-0.009678590372910797,-0.009678590372910797,0.14195256651113475,1.0018213613063764,4.3654988041717285e-08,2.981394158941707,0.10150165001106518,0.002796189458333334,-0.00094323487067648,0.0016670850308346807,0.0007537573281300447,-0.0017884964166666626,2.9798160974342394,0.09991816661542216,-0.001578061507467421,-0.001583483395643015,-0.0015875096556980982,1.0051157294083506,-5.0949983792244687e-08,-0.0035600865400323744,0.012332552443925527,0.012332552443925527,0.12046877380212596,0.9974637886197217,-5.121063012268566e-08,2.980707534489064,0.10117425471224674,0.0036904376666666654,0.001323310375450568,0.0009824195656298555,0.0005150436485364777,0.0032930326916666636,2.9804787583881245,0.1001976840855625,-0.0002287761009394096,-0.0009765706266842422,-0.0009781017460378497,1.0031472586021408,2.721704127652714e-08,-0.0012640718722121116,0.006233159415156288,0.006233159415156288,0.1767039733306888,0.9984346011447073,2.7302700343809512e-08]"
/multi_agv/m2b_algorithm_state,1789558508.3771584,1789558508.3771584,m2b_algorithm_state_v1:header6+3x20,"[1.0,-0.15,0.52,2.9828368493572537,0.10125040727569494,1789558508.376971,2.9814171430478216,0.10107523225781834,0.0036904376666666654,0.001540289499691885,0.0006967151561414469,0.0005695989661308128,0.004584685874999997,2.9828356986736995,0.10104722167863314,0.001418555625877893,-2.8010579185194784e-05,-2.8011831508019414e-05,1.0000894273047223,2.6057367341400668e-11,0.001745182700839347,-0.0046418890807459826,-0.0046418890807459826,0.14195257332134809,0.9999552930759178,2.6059697581530167e-11,2.9823976187806265,0.10150168550593455,0.002796189458333334,-0.0009436662675415281,0.0016671097959735093,0.0007539314417683018,-0.0017884964166666626,2.980886348682295,0.10088878029964232,-0.0015112700983315186,-0.0006129052062922302,-0.0006135039966698153,1.001958471727668,-7.631605344421085e-09,-0.0025025916195842136,0.008196494167840448,0.008196494167840448,0.12046876982059178,0.9990239829229549,-7.646551627724852e-09,2.981710984717458,0.10117420731228247,0.0036904376666666654,0.0013235710854336562,0.0009824081038300571,0.0005149366029028159,0.0032930326916666636,2.9815088840695894,0.10051147142537002,-0.00020210064786851945,-0.0006627358869124439,-0.0006634393710989518,1.0021282807234286,1.253448783921911e-08,-0.0009160651809346012,0.004865505747756986,0.004865505747756986,0.17670395990015542,0.9989396405803553,1.256116474806537e-08]"
/multi_agv/m2b_algorithm_state,1789558508.3872292,1789558508.3872292,m2b_algorithm_state_v1:header6+3x20,"[1.0,-0.15,0.52,2.9838418715707404,0.10125037436805812,1789558508.3870237,2.9824120871109217,0.10107530909742637,0.0036904376666666654,0.0015397461360187816,0.0006967670911634193,0.0005698074777998385,0.004584685874999997,2.9837461959740357,0.09976509005160253,0.0013341088631140252,-0.001310219045823846,-0.0013129857364852968,1.0042440980360947,5.7043394081127714e-08,0.0003546503424072347,0.0008737033049290879,0.0008737033049290879,0.14195256489477098,0.9978928250440428,5.72854918379196e-08,2.9833925401378982,0.10150163905633619,0.002796189458333334,-0.0009430766422244548,0.0016670723419340838,0.000753695341923738,-0.0017884964166666626,2.9816507096011877,0.10139461533207388,-0.0017418305367105091,-0.00010702372426231455,-0.00010704191228646929,1.0003400254498225,-2.3246934442025866e-10,-0.002284330083174606,0.0072113728276464,0.0072113728276464,0.1204687747783778,0.9998300850221542,-2.325483899136651e-10,2.9827059208229407,0.10117427367332227,0.0036904376666666654,0.0013232089719386795,0.0009824261745110755,0.0005150841653622632,0.0032930326916666636,2.9825137256608993,0.10108060263709288,-0.00019219516204138642,-9.367103622938411e-05,-9.36850294255028e-05,1.000298878916133,2.5023347057239557e-10,-0.00033392898197723585,0.002550401890216376,0.002550401890216376,0.17670397660670667,0.9998506357290541,2.503082600808604e-10]"
/multi_agv/m2b_algorithm_state,1789558508.3972645,1789558508.3972645,m2b_algorithm_state_v1:header6+3x20,"[1.0,-0.15,0.52,2.984838610558775,0.10125039527902285,1789558508.3971293,2.9834170992109756,0.1010752279690391,0.0036904376666666654,0.0015403227156541876,0.0006967160727282533,0.0005695840916480676,0.004584685874999997,2.984661792533494,0.10012612553645518,0.0012446933225183088,-0.0009491024325839204,-0.0009505502614275008,1.003061860680301,2.993640010043122e-08,0.0006053163917203851,-0.00017549322975451845,-0.00017549322975451845,0.14195244846745583,0.9984768518800824,3.002806118680849e-08,2.9843975744692037,0.10150169056776609,0.002796189458333334,-0.0009437045286095087,0.001667108695389885,0.0007539485991239214,-0.0017884964166666626,2.982652951016372,0.10133248579384943,-0.0017446234528315507,-0.0001692047739166591,-0.00016925025751607622,1.0005379604477433,-5.814850963918927e-10,-0.0023500295735555147,0.007470011711399067,0.007470011711399067,0.12046869005909368,0.9997312642232594,-5.817979123747037e-10,2.983710941032042,0.10117420456736916,0.0036904376666666654,0.0013235889085788598,0.0009824093154604087,0.0005149282470570554,0.0032930326916666636,2.9834270815674326,0.10164134309555081,-0.0002838594646092929,0.000467138528181657,0.0004667919856782147,0.9985189396461429,6.222699883686652e-09,0.00011196765491659858,0.0007149172038414879,0.0007149172038414879,0.1767037115754405,1.0007423917163847,6.213483689594972e-09]"
/multi_agv/m2b_algorithm_state,1789558508.4072104,1789558508.4072104,m2b_algorithm_state_v1:header6+3x20,"[1.0,-0.15,0.52,2.985843028500313,0.10125036665027466,1789558508.4071226,2.9844138447629764,0.10107527802497847,0.0036904376666666654,0.0015399686209142654,0.0006967494903396872,0.000569720194894346,0.004584685874999997,2.9857476471629054,0.10138725958759372,0.0013338023999289739,0.0003119815626152489,0.0003118266045856099,0.9990077917512095,3.2310920534256503e-09,0.001979079604496827,-0.005634063821834137,-0.005634063821834137,0.14195256929823505,1.0004969365261343,3.2278861372376397e-09,2.985394305460751,0.10150166012686654,0.002796189458333334,-0.0009433203362336218,0.0016670847059283567,0.0007537945435310833,-0.0017884964166666626,2.9836324681005144,0.10107311972949455,-0.0017618373602363846,-0.00042854039737198757,-0.00042883272237852405,1.001366494657112,-3.7290513109721675e-09,-0.0026311294226740046,0.00857559361978138,0.00857559361978138,0.12046877216047391,0.9993183239261335,-3.734147039664707e-09,2.984707681452597,0.10117424768522353,0.0036904376666666654,0.0013233534620708171,0.0009824208926722203,0.0005150242819483212,0.0032930326916666636,2.9845253296538345,0.10192823961037092,-0.00018235179876224805,0.0007539919251473987,0.0007530910687460182,0.9976172536016582,1.6205202712164788e-08,0.0005251513202932081,-0.0008860131720191062,-0.0008860131720191062,0.17670396779480743,1.0011962117714135,1.616658982376798e-08]"
/multi_agv/m2b_algorithm_state,1789558508.4171462,1789558508.4171462,m2b_algorithm_state_v1:header6+3x20,"[1.0,-0.15,0.52,2.9868408334011938,0.10125038107586165,1789558508.4170153,2.9854182537695397,0.10107520828260359,0.0036904376666666654,0.0015404635422834184,0.0006967044093188154,0.000569529115865791,0.004584685874999997,2.9867968111532655,0.10119621005476616,0.0013785573837257203,0.00012100177216256558,0.00012097842861536173,0.9996143382609837,4.862653684123996e-10,0.0018441751582725123,-0.005063641179785143,-0.005063641179785143,0.14194583464771263,1.000192956277173,4.860778344647942e-10,2.9863987341855354,0.10150170370423975,0.002796189458333334,-0.0009438588927030097,0.0016671170556672443,0.00075401116189526,-0.0017884964166666626,2.984636048071369,0.10107311972949455,-0.0017626861141661898,-0.0004285839747451975,-0.0004288763591304873,1.0013666334828404,-3.731938523730457e-09,-0.0026322340018382247,0.008578988487167061,0.008578988487167061,0.12046453727175634,0.9993182548325056,-3.737038715872889e-09,2.9857120975458638,0.10117418796398064,0.0036904376666666654,0.0013236810217257286,0.0009824057361411016,0.0005148901814299518,0.0032930326916666636,2.9854301607583595,0.10076001733803916,-0.00028193678750421114,-0.00041417062594148457,-0.0004144448571872491,1.0013263140284687,4.894919653474964e-09,-0.000766865841567513,0.004228168439280844,0.004228168439280844,0.17669079283883146,0.9993383166879529,4.9014118540795945e-09]"
/multi_agv/m2b_algorithm_state,1789558508.427171,1789558508.427171,m2b_algorithm_state_v1:header6+3x20,"[1.0,-0.15,0.52,2.987841628387503,0.10125037605503624,1789558508.4270334,2.9864160630625944,0.10107524364187902,0.0036904376666666654,0.0015402126496043295,0.0006967267772206569,0.0005696262327880199,0.004584685874999997,2.9878760165876215,0.10023857093541466,0.0014599535250270357,-0.0008366727064643559,-0.0008377968815089839,1.0026957302069257,2.326055281366707e-08,0.0009871450247748107,-0.001578206717365711,-0.001578206717365711,0.14195236333991912,0.9986581770958574,2.3323256988516664e-08,2.98739653381044,0.10150168147954237,0.002796189458333334,-0.0009435862434820303,0.0016671012277376107,0.0007539012110421711,-0.0017884964166666626,2.985861046684658,0.10214012263042536,-0.001535487125781998,0.0006384411508829901,0.0006377975549169828,0.9979887329202051,-8.272816209858186e-09,-0.0012815613523105146,0.0033282927550312242,0.0033282927550312242,0.12046863661720807,1.001009091303417,-8.256177366958105e-09,2.9867099033305475,0.10117421810616356,0.0036904376666666654,0.0013235156355621554,0.000982413239268243,0.0005149579670551312,0.0032930326916666636,2.9867293427774384,0.10257698276715456,1.943944689086763e-05,0.0014027646609909988,0.0013996618309618342,0.9955996369265291,5.607121992446445e-08,0.0014239611395754188,-0.004390515501697898,-0.004390515501697898,0.1767035452896737,1.0022168426405058,5.582448619882437e-08]"
/multi_agv/m2b_algorithm_state,1789558508.4370573,1789558508.4370573,m2b_algorithm_state_v1:header6+3x20,"[1.0,-0.15,0.52,2.98883675535493,0.1012504070813185,1789558508.4369483,2.9874168564457877,0.10107523138738238,0.0036904376666666654,0.0015402997481266945,0.0006967188051661738,0.0005695926258492772,0.004584685874999997,2.9888144331219135,0.09994161128495527,0.0013975766761258335,-0.0011336201024271103,-0.0011356884821435017,1.0036647500758775,4.2712673528377285e-08,0.0006112823630137901,-0.00011271792559316507,-0.00011271792559316507,0.14194828853675429,0.9981787437762092,4.286920480193134e-08,2.988397330732488,0.10150168918320142,0.002796189458333334,-0.0009436812779859095,0.0016671070349567607,0.0007539393844955139,-0.0017884964166666626,2.9868802367815874,0.10214012263042536,-0.0015170939509006054,0.0006384334472239461,0.0006377898668193656,0.9979887572232917,-8.273449506981436e-09,-0.0012585775718063912,0.0032464256331711273,0.0032464256331711273,0.12046607807741744,1.0010090790682988,-8.256809591422059e-09,2.9877106979842316,0.10117420759452495,0.0036904376666666654,0.0013235733811950978,0.0009824105921913294,0.0005149343134787918,0.0032930326916666636,2.9879077954200683,0.10425869655452817,0.000197097435836735,0.003084488960003226,0.00306967707076315,0.9905085203634134,2.707761586958559e-07,0.0033160488655590687,-0.011975718842250042,-0.011975718842250042,0.17669558596853813,1.0048252271814355,2.6820609229952107e-07]"
/multi_agv/m2b_algorithm_state,1789558508.44722,1789558508.44722,m2b_algorithm_state_v1:header6+3x20,"[1.0,-0.15,0.52,2.9898427544080377,0.10125036792426752,1789558508.4470675,2.9884119932075937,0.10107530543029761,0.0036904376666666654,0.0015397761149522626,0.0006967686229268463,0.0005697936864558409,0.004584685874999997,2.9898712156133835,0.10048052867713922,0.001459222405789884,-0.0005947767531583881,-0.0005953438246979678,1.0019111170199695,1.1749546739861573e-08,0.001228684182539387,-0.002545670930604,-0.002545670930604,0.1419525685266038,0.9990474890037409,1.177200149861305e-08,2.989392445747056,0.10150164433725571,0.002796189458333334,-0.0009431131378096055,0.0016670711763770996,0.0007537117678116378,-0.0017884964166666626,2.98793447301411,0.10207469218846636,-0.0014579727329460113,0.0005730478512106507,0.0005725290882763818,0.998193394142127,-6.6618662122645125e-09,-0.0012499368279061322,0.003244769615858392,0.003244769615858392,0.12046877263810793,1.000906090092,-6.649830845741069e-09,2.9887058271101417,0.10117427147640218,0.0036904376666666654,0.0013232247258815936,0.0009824279066581237,0.0005150764356915351,0.0032930326916666636,2.9888714902203963,0.1029494639373941,0.00016566311025467684,0.00177519246099192,0.001770237357958754,0.994454970914066,8.975258781828254e-08,0.0019773162457771,-0.006543221273851849,-0.006543221273851849,0.1767039693762121,1.0027991178758535,8.925490710829231e-08]"
/multi_agv/m2b_algorithm_state,1789558508.4574747,1789558508.4574747,m2b_algorithm_state_v1:header6+3x20,"[1.0,-0.15,0.52,2.9908424252921644,0.10125037048960538,1789558508.4573522,2.9894179801106664,0.10107520963891468,0.0036904376666666654,0.0015404562308025224,0.000696707310674593,0.0005695307759658926,0.004584685874999997,2.9909662966053405,0.10113027288885991,0.001548316494674129,5.506324994522527e-05,5.5058413531937555e-05,0.999824368979086,1.0070051598881746e-10,0.001990454031874599,-0.005551819644727417,-0.005551819644727417,0.14194178473783398,1.000087841493742,1.0068282985438778e-10,2.9903984594263435,0.10150170452942461,0.002796189458333334,-0.0009438533855405688,0.0016671150549183444,0.0007540098154712876,-0.0017884964166666626,2.988948326934106,0.10207469218846636,-0.0014501324922373549,0.0005729876590417488,0.0005724690052696529,0.9981935841468689,-6.665693018806831e-09,-0.0012401966100270407,0.0032094081937470466,0.0032094081937470466,0.12046199428259384,1.000905994503321,-6.6536520052655525e-09,2.9897118236871023,0.10117418960446325,0.0036904376666666654,0.0013236741435936942,0.0009824074134661574,0.0005148922903786103,0.0032930326916666636,2.9897316373633624,0.10117218943829856,1.9813676260138635e-05,-2.0001661646951163e-06,-2.000172540544183e-06,1.0000063753675812,1.1412788553625107e-13,2.276692278462911e-05,0.0012437522099583264,0.0012437522099583264,0.17668288245760028,0.9999968123504661,1.1412861314347262e-13]"
/multi_agv/m2b_algorithm_state,1789558508.4672968,1789558508.4672968,m2b_algorithm_state_v1:header6+3x20,"[1.0,-0.15,0.52,2.99184045994862,0.10125038334343307,1789558508.4672327,2.990417651607599,0.10107521675334022,0.0036904376666666654,0.0015404051046163012,0.0006967105323115945,0.0005695512613085897,0.004584685874999997,2.991601279676325,0.10048037236301115,0.0011836280687260725,-0.0005948443903290718,-0.0005954115918167125,1.0019113380936666,1.1757025238885281e-08,0.0008841234940908781,-0.0013244156745994807,-0.0013244156745994807,0.141941696303917,0.9990473791652089,1.1779496889092562e-08,2.9913981296534224,0.1015016993783165,0.002796189458333334,-0.0009437976148705257,0.0016671130837750958,0.0007539866661333966,-0.0017884964166666626,2.9896276034958684,0.10341001585469597,-0.0017705261575540199,0.0019083164763794708,0.0019026215979820191,0.994074814483977,-7.386005950787904e-08,-0.00031053609896050573,-0.0006978626542607513,-0.0006978626542607513,0.12046193875708006,1.0029931744722607,-7.342242495307036e-08,2.990711494615471,0.10117419533715939,0.0036904376666666654,0.0013236419682520662,0.000982408263344281,0.0005149057950518282,0.0032930326916666636,2.990601132552071,0.10355467899110687,-0.00011036206339998245,0.002380483653947482,0.002371614181759087,0.9926155250127063,1.6137198178570904e-07,0.002233661602509109,-0.007750928323215648,-0.007750928323215648,0.17668270975470873,1.0037398461590479,1.6018033442256247e-07]"
/multi_agv/m2b_algorithm_state,1789558508.4774365,1789558508.4774365,m2b_algorithm_state_v1:header6+3x20,"[1.0,-0.15,0.52,2.99283995338018,0.10125038653366246,1789558508.4773386,2.991415690196726,0.10107524808769269,0.0036904376666666654,0.0015401829412572269,0.000696730594111549,0.0005696371247808137,0.004584685874999997,2.99245240666131,0.09908105275083529,0.001036716464584142,-0.0019941953368574072,-0.0020006377068724664,1.0065096125675683,1.3224391237518197e-07,-0.0007047421261422888,0.0049154848730677886,0.0049154848730677886,0.1419474098493002,0.9967798417509933,1.3310476900916385e-07,2.992396159571237,0.10150167983336739,0.002796189458333334,-0.0009435563246260386,0.001667098867850214,0.0007538894698029125,-0.0017884964166666626,2.9907756507246677,0.10477972572226751,-0.0016205088465692796,0.0032780458889001274,0.003261416179941865,0.9899806844112644,-2.1766125453916921e-07,0.0012357801217302653,-0.006869899749235257,-0.006869899749235257,0.12046552634916786,1.0050989226890261,-2.1548043773850118e-07,2.9917095300778977,0.10117422210923917,0.0036904376666666654,0.0013234952414691204,0.0009824150521739574,0.0005149658641144159,0.0032930326916666636,2.991829875321566,0.10572258796634353,0.00012034524366821842,0.004548365857104358,0.004516515603772762,0.9862378039279116,5.880779290356487e-07,0.004666947158358035,-0.0175779662822249,-0.0175779662822249,0.17669386960923017,1.0070519524619799,5.799846852705924e-07]"
/multi_agv/m2b_algorithm_state,1789558508.4875927,1789558508.4875927,m2b_algorithm_state_v1:header6+3x20,"[1.0,-0.15,0.52,2.9938500967314585,0.10125032127034748,1789558508.4874902,2.9924151846527143,0.10107525525714199,0.0036904376666666654,0.001540132800657594,0.0006967359708727192,0.000569656061937901,0.004584685874999997,2.993806646861187,0.09828571506442232,0.001391462208472749,-0.0027895401927196667,-0.0028022217787898604,1.0091875644287327,2.5889181947116556e-07,-0.0010628940181989241,0.006518847973778479,0.006518847973778479,0.14194795068312074,0.9954744531049678,2.612704047426287e-07,2.9933956517165017,0.1015016759149168,0.002796189458333334,-0.0009435024949394025,0.0016670950089645586,0.0007538681437630063,-0.0017884964166666626,2.991874867072659,0.10317760097870346,-0.001520784643842532,0.0016759250637866652,0.001671524987978207,0.994782516661222,-5.6958231227658955e-08,-0.00022945581682495809,-0.0008822411221910462,-0.0008822411221910462,0.12046586593095744,1.0026323721392765,-5.6661052605222376e-08,2.9927090237713245,0.10117422842892859,0.0036904376666666654,0.0013234612669135617,0.000982417091014121,0.0005149795302446594,0.0032930326916666636,2.992850497510655,0.10237880770206702,0.0001414737393305998,0.0012045792731384258,0.00120228781864634,0.9962127870386063,4.135099591016442e-08,0.0013791299928095897,-0.004137336077402741,-0.004137336077402741,0.17669492603189724,1.0019059117596865,4.119439088248691e-08]"
/multi_agv/m2b_algorithm_state,1789558508.4974566,1789558508.4974566,m2b_algorithm_state_v1:header6+3x20,"[1.0,-0.15,0.52,2.99484240493476,0.10125037172803968,1789558508.4973164,2.9934253072953756,0.10107509917625135,0.0036904376666666654,0.0015412373675446865,0.0006966311205673925,0.0005692318157886566,0.004584685874999997,2.9948683405306284,0.09918897891946202,0.0014430332352528552,-0.001886120256789331,-0.0018918785872715355,1.0061493552923693,1.1837100193525479e-07,-8.808704320546648e-05,0.002695270339649659,0.002695270339649659,0.1419107353698728,0.9969562896261176,1.190989072824684e-07,2.994405820320589,0.10150177084941125,0.002796189458333334,-0.0009447021302498755,0.0016671707673916458,0.0007543487371913377,-0.0017884964166666626,2.992915497061919,0.10317760097870346,-0.0014903232586700454,0.001675830129292205,0.0016714305544896766,0.9947828133280876,-5.702417025861586e-08,-0.0001914735188478802,-0.0010190225126535488,-0.0010190225126535488,0.12044249664054602,1.0026322211178387,-5.6726664517565746e-08,2.993719162578411,0.10117409378537982,0.0036904376666666654,0.0013241967247115236,0.0009823808601597817,0.0005146795837682305,0.0032930326916666636,2.9937263291233065,0.10066097085551697,7.166544895298443e-06,-0.0005131229298628581,-0.0005135441666450753,1.001645036107975,7.516730821320508e-09,-0.0005045859855259523,0.0033427231028569683,0.0033427231028569683,0.1766222440715343,0.999179745755912,7.529096114935509e-09]"
/multi_agv/m2b_algorithm_state,1789558508.5072207,1789558508.5072207,m2b_algorithm_state_v1:header6+3x20,"[1.0,-0.15,0.52,2.9958434075436458,0.10125036565800656,1789558508.5071332,2.994417630811377,0.10107522431715914,0.0036904376666666654,0.0015403474984666638,0.000696708603241003,0.0005695772345547964,0.004584685874999997,2.9959265671542568,0.09985240492710952,0.001508936342879963,-0.0012228193900496176,-0.001225227697114486,1.0039570926780124,4.970340688920502e-08,0.0006609427314854676,-0.00024766571984581663,-0.00024766571984581663,0.14193674695669473,0.9980344004052958,4.990008787667856e-08,2.995398110255621,0.10150169079961446,0.002796189458333334,-0.0009437331254607763,0.0016671159625811782,0.0007539572147243906,-0.0017884964166666626,2.993897492469719,0.10332878962729855,-0.0015006177859020475,0.0018270988276840872,0.0018218751551808009,0.9943217129144629,-6.770632858528663e-08,-5.389707719675855e-05,-0.0015780035950418293,-0.0015780035950418293,0.12045883094687883,1.0028671956409483,-6.732187261407167e-08,2.9947114737372837,0.1011742000673454,0.0036904376666666654,0.0013236117851099078,0.0009824062765648733,0.0005149199116544502,0.0032930326916666636,2.9950076021762286,0.10294535274095566,0.00029612843894488705,0.0017711526736102629,0.0017662199415478927,0.9944673291507612,8.937098439247975e-08,0.0021363804902290017,-0.007109075034085791,-0.007109075034085791,0.17667304284668275,1.0027928186894137,8.887652415236371e-08]"
/multi_agv/m2b_algorithm_state,1789558508.5175016,1789558508.5175016,m2b_algorithm_state_v1:header6+3x20,"[1.0,-0.15,0.52,2.9968402213897947,0.1012503863467964,1789558508.5173407,2.9954186314340254,0.10107521021207475,0.0036904376666666654,0.0015404468588085265,0.0006966985689506261,0.0005695393852905986,0.004584685874999997,2.9969386399961433,0.09983884594273276,0.0015200085621178694,-0.001236364269341983,-0.0012388264761896074,1.0040015365235468,5.08143594934906e-08,0.0006611842264577293,-0.00024225937782224017,-0.00024225937782224017,0.14193193697525394,0.9980124683360031,5.1017695008924444e-08,2.9963991153281264,0.10150169899481361,0.002796189458333334,-0.0009438407238424426,0.0016671233534424346,0.000754000010421127,-0.0017884964166666626,2.995077060269564,0.10512058490707844,-0.0013220550585621993,0.0036188859122648354,0.0035986708438543163,0.988982259882802,-2.6528827502666497e-07,0.0019461020206515672,-0.009584687376372665,-0.009584687376372665,0.12045581059317113,1.005617370770389,-2.6236539775628143e-07,2.995712475868785,0.10117418776713134,0.0036904376666666654,0.001323678500256957,0.000982402678118421,0.0005148928649983836,0.0032930326916666636,2.9962155953952254,0.10498479734932066,0.0005031195264404431,0.003810609582189317,0.0037881276700517707,0.9883715753783083,4.1307084969204957e-07,0.0044170270781023245,-0.016297832074934498,-0.016297832074934498,0.17666364857377662,1.005934834856619,4.082674864529874e-07]"
/multi_agv/m2b_algorithm_state,1789558508.5272102,1789558508.5272102,m2b_algorithm_state_v1:header6+3x20,"[1.0,-0.15,0.52,2.997840543092701,0.10125038413730351,1789558508.5270936,2.9964154517364205,0.10107526033210015,0.0036904376666666654,0.0015400915148592953,0.0006967313195297639,0.0005696763769684836,0.004584685874999997,2.997888844216366,0.0988020562134615,0.001473392479945268,-0.0022732041186386553,-0.002281592900191883,1.0074436896258783,1.718587228266599e-07,-0.0004398523002602981,0.0041039575020248385,0.0041039575020248385,0.1419419783847026,0.996323278551348,1.731379858188814e-07,2.9973959213645496,0.1015016679314034,0.002796189458333334,-0.0009434544331177975,0.0016670999242633933,0.0007538447538209814,-0.0017884964166666626,2.9953425238385543,0.1036154915092524,-0.0020533975259953152,0.0021138235778489917,0.002106846997584196,0.9934521550719134,-9.057793713996117e-08,-0.0004598999099099479,-0.0002562221634845777,-0.0002562221634845777,0.12046211588934877,1.0033113843923147,-8.998484685366273e-08,2.996709291068415,0.10117423077688567,0.0036904376666666654,0.001323442888623814,0.0009824138038733617,0.0005149892062863651,0.0032930326916666636,2.9969223785848063,0.10170630379336384,0.00021308751639104173,0.000532073016478174,0.0005316236568047763,0.9983143095841371,8.071641866340515e-09,0.0007979830522935785,-0.0017545660344876518,-0.0017545660344876518,0.1766832606559374,1.0008452589865893,8.058035577006147e-09]"
/multi_agv/m2b_algorithm_state,1789558508.5371366,1789558508.5371366,m2b_algorithm_state_v1:header6+3x20,"[1.0,-0.15,0.52,2.998840450108595,0.10125038464184287,1789558508.5370343,2.997415772872448,0.1010752540836685,0.0036904376666666654,0.0015401366286897675,0.0006967285596592983,0.0005696582575452189,0.004584685874999997,2.9982579307893507,0.09898562464926267,0.0008421579169026749,-0.0020896294344058403,-0.0020967082520383347,1.0068284613631164,1.452089191145488e-07,-0.001044010855909991,0.00615224878630833,0.00615224878630833,0.14193958230684225,0.996623842336857,1.462004726083024e-07,2.9983962436775298,0.10150167257066486,0.002796189458333334,-0.0009435040294118726,0.0016671017544873656,0.0007538653000840612,-0.0017884964166666626,2.996375304929628,0.1036154915092524,-0.0020209387479019902,0.0021138189385875306,0.002106842389142349,0.9934521695115929,-9.058229950424142e-08,-0.000419331045735139,-0.0004013465443779335,-0.0004013465443779335,0.12046061133563743,1.0033113770071913,-8.998918196183752e-08,2.997709612728124,0.10117422575757716,0.0036904376666666654,0.0013234712099822158,0.0009824131533582754,0.0005149772684643712,0.0032930326916666636,2.997201250396854,0.10056853401732883,-0.0005083623312702734,-0.0006056917402483264,-0.0006062790801732531,1.0019438365589657,1.046836850575066e-08,-0.0012417319942610947,0.005994129234308258,0.005994129234308258,0.1766785807143393,0.9990312383452868,1.0488717303164864e-08]"
/multi_agv/m2b_algorithm_state,1789558508.5472844,1789558508.5472844,m2b_algorithm_state_v1:header6+3x20,"[1.0,-0.15,0.52,2.9998425368034187,0.10125037125102677,1789558508.5471642,2.9984156801415724,0.10107525454924443,0.0036904376666666654,0.0015401340431577572,0.0006967299613013004,0.0005696586492090455,0.004584685874999997,2.999294293973058,0.0996630734236629,0.0008786138314853531,-0.0014121811255815298,-0.0014153976553499378,1.0045796413378154,6.628844589930018e-08,-0.00031713036599324645,0.0032927588141476952,0.0032927588141476952,0.1419386566219076,0.9977274727308965,6.659202320636016e-08,2.9993961503228315,0.10150167293824024,0.002796189458333334,-0.0009435017473246308,0.0016671006427104729,0.0007538648891921435,-0.0017884964166666626,2.9972788608316274,0.10275397973177482,-0.002117289491204044,0.00125230679353458,0.0012498420598899957,0.9960824054321339,-3.181284896907963e-08,-0.0013967698041150594,0.0034710225893400727,0.0034710225893400727,0.1204600300726666,1.0019720360865445,-3.168821912477002e-08,2.99870951986138,0.1011742264380439,0.0036904376666666654,0.0013234682000942363,0.000982413879233657,0.0005149781955717673,0.0032930326916666636,2.9984765422954074,0.10216031585049269,-0.0002329775659726252,0.0009860894124487929,0.0009845512869683384,0.9968920003891679,2.771524997316182e-08,0.0006933293295025569,-0.001591545173544223,-0.001591545173544223,0.17667677270503593,1.001562260392946,2.762911098703112e-08]"
/multi_agv/m2b_algorithm_state,1789558508.5572329,1789558508.5572329,m2b_algorithm_state_v1:header6+3x20,"[1.0,-0.15,0.52,3.0008370539368765,0.1012504062474795,1789558508.5570827,2.999417762665638,0.10107522192542136,0.0036904376666666654,0.0015403654803495728,0.0006967089342730048,0.000569569267977704,0.004584685874999997,3.0003452466976808,0.10008906497553244,0.0009274840320427913,-0.0009861569498889194,-0.0009877204737330672,1.0031827322395195,3.232128140305699e-08,0.00017163456632042192,0.0013755429120911903,0.0013755429120911903,0.14193000307090542,0.9984170381340397,3.2424151387401085e-08,3.0003982420532624,0.10150169330537465,0.002796189458333334,-0.0009437535134514253,0.0016671157495311562,0.000753966163043629,-0.0017884964166666626,2.998688865500707,0.1049794201539377,-0.0017093765525553195,0.0034777268485630536,0.00345903793327272,0.9893947801622679,-2.450001066481309e-07,0.0013223172425785704,-0.007275580322413121,-0.007275580322413121,0.12045459620121501,1.005402922908293,-2.4240182665685966e-07,2.9997116056913558,0.1011741985222843,0.0036904376666666654,0.0013236212469951649,0.0009824068079906881,0.0005149155338848139,0.0032930326916666636,2.999622603321831,0.10356237882539218,-8.900236952458229e-05,0.0023881803031078758,0.002379253906220937,0.9925923020890901,1.624136921285377e-07,0.002268000944315209,-0.007877591458145029,-0.007877591458145029,0.1766598715928256,1.0037517630479031,1.6121058056065398e-07]"
/multi_agv/m2b_algorithm_state,1789558508.567378,1789558508.567378,m2b_algorithm_state_v1:header6+3x20,"[1.0,-0.15,0.52,3.0018379714896497,0.10125039962693677,1789558508.567185,3.00041229084255,0.10107530573446817,0.0036904376666666654,0.001539772338277826,0.0006967650144598986,0.0005697972004113368,0.004584685874999997,3.001529167770796,0.10039568529577537,0.0011168769282461355,-0.0006796204386927962,-0.0006803613065327193,1.0021858292603167,1.534159127290735e-08,0.00071573485377495,-0.0006897756492996684,-0.0006897756492996684,0.1419481882198492,0.9989110670568571,1.537512537201149e-08,3.00139274573525,0.10150164224861624,0.002796189458333334,-0.0009431095159494916,0.0016670753951206763,0.0007537080034101945,-0.0017884964166666626,2.999770900364871,0.10406486233245077,-0.001621845370379127,0.0025632200838345276,0.0025529967658926324,0.9921008994623687,-1.3309213078833384e-07,0.0005256900529187238,-0.003988365055071235,-0.003988365055071235,0.12046601508387178,1.0040044382658357,-1.3204082266646921e-07,3.0007061252328295,0.10117427075935412,0.0036904376666666654,0.0013232265862825107,0.000982426186084395,0.0005150765242268071,0.0032930326916666636,3.000248979805779,0.10068399000353064,-0.0004571454270503317,-0.0004902807558234828,-0.0004906652565689484,1.0015713956980792,6.8572554236979835e-09,-0.001062097040381863,0.005307364061091405,0.005307364061091405,0.17669538998227066,0.9992163685112856,6.868030885371412e-09]"
/multi_agv/m2b_algorithm_state,1789558508.5774379,1789558508.5774379,m2b_algorithm_state_v1:header6+3x20,"[1.0,-0.15,0.52,3.0028414100059115,0.10125037713841019,1789558508.577192,3.001413206626549,0.10107528737984475,0.0036904376666666654,0.0015399047527248602,0.0006967563126012871,0.0005697443305226368,0.004584685874999997,3.0025324887955467,0.10043206356118375,0.001119282168997593,-0.0006432238186609984,-0.0006438872759510577,1.002067918260684,1.3743211996716999e-08,0.0007552154352959335,-0.0008461164636812302,-0.0008461164636812302,0.1419436790547938,0.9989696064593305,1.3771631835765461e-08,3.00239366522325,0.10150165566135103,0.002796189458333334,-0.0009432551324945236,0.001667081200800613,0.0007537681032427496,-0.0017884964166666626,3.0008106044955047,0.10406486233245077,-0.001583060727745167,0.0025632066710997436,0.002552983460983962,0.9921009410386393,-1.3311128039025232e-07,0.0005741575513025033,-0.004162090484984199,-0.004162090484984199,0.12046318375732057,1.0040044168996856,-1.320598265380275e-07,3.00170704261915,0.10117425583961455,0.0036904376666666654,0.0013233106157737001,0.0009824239923705846,0.0005150412418288143,0.0032930326916666636,3.0012865421262482,0.10105209432579518,-0.0004205004929018763,-0.00012216151381937157,-0.0001221853188471042,1.0003899102863827,4.2564313026696083e-10,-0.0006478109349744496,0.0036769929964013317,0.0036769929964013317,0.17668658245256946,0.9998051727657851,4.2580909290178007e-10]"
/multi_agv/m2b_algorithm_state,1789558508.5873456,1789558508.5873456,m2b_algorithm_state_v1:header6+3x20,"[1.0,-0.15,0.52,3.003838116782955,0.10125039817981744,1789558508.587116,3.0024166382083726,0.10107523196488973,0.0036904376666666654,0.001540298596491505,0.0006967214025075381,0.0005695917740474259,0.004584685874999997,3.00353905976838,0.10043763368315833,0.0011224215600074139,-0.0006375982817313913,-0.0006382501575964319,1.0020497037512486,1.3507275818390678e-08,0.0007647767924128354,-0.0008821631129767387,-0.0008821631129767387,0.1419302321818298,0.9989786514624681,1.3534961732304782e-08,3.003397112051403,0.10150169083685563,0.002796189458333334,-0.0009436841466142097,0.0016671061364750273,0.0007539410953363301,-0.0017884964166666626,3.0018359066718774,0.10225837278329028,-0.001561205379525532,0.000756681946434648,0.0007557786947825196,0.9976194507659256,-1.1621086848865139e-08,-0.0011957280296243955,0.0029711176922423838,0.0029711176922423838,0.12045474008034553,1.001195127169321,-1.1593422279467962e-08,3.0027104797579582,0.10117420861348521,0.0036904376666666654,0.0013235702507641014,0.0009824124688387233,0.0005149346942713456,0.0032930326916666636,3.002537430332264,0.10233265641891738,-0.00017304942569440485,0.0011584478054321723,0.0011563277593874682,0.9963559099618017,3.8248859469157605e-08,0.0009400159772694622,-0.00255032166422171,-0.00255032166422171,0.17666031907584934,1.001833430035293,3.81094771813936e-08]"
/multi_agv/m2b_algorithm_state,1789558508.5973122,1789558508.5973122,m2b_algorithm_state_v1:header6+3x20,"[1.0,-0.15,0.52,3.0048376861219404,0.10125040042223314,1789558508.5971603,3.003413351595656,0.10107528227352942,0.0036904376666666654,0.001539942757799124,0.000696755088150613,0.0005697284938088517,0.004584685874999997,3.0047683404027588,0.09994211650468506,0.0013549888071029415,-0.0011331657688443686,-0.0011352324824645372,1.0036632600301507,4.266852885745305e-08,0.0005585035264141396,7.332303313415593e-05,7.332303313415593e-05,0.14194065301088035,0.9981794798403918,4.282483477376189e-08,3.0043938107697596,0.10150166029667596,0.002796189458333334,-0.0009432981404106982,0.0016670819604134302,0.0007537863505755193,-0.0017884964166666626,3.0028584589041314,0.10225837278329028,-0.0015353518656282539,0.0007567124866143249,0.0007558091618831157,0.9976193545236037,-1.161727241104586e-08,-0.0011633806701522016,0.0028563521850577434,0.0028563521850577434,0.12046128365769096,1.0011951756829178,-1.158961580403244e-08,3.00370718798345,0.10117425196924697,0.0036904376666666654,0.001323333550434741,0.0009824241681104292,0.0005150312091555718,0.0032930326916666636,3.0037950315888735,0.10347085298169775,8.784360542346548e-05,0.0022966010124507857,0.0022883403526570856,0.9928689016045463,1.5017401100210175e-07,0.0023981448594364175,-0.008299245450644156,-0.008299245450644156,0.17668067198658793,1.0036098912402205,1.4910310535320582e-07]"
/multi_agv/m2b_algorithm_state,1789558508.6075683,1789558508.6075683,m2b_algorithm_state_v1:header6+3x20,"[1.0,-0.15,0.52,3.0058401346099153,0.10125038426367923,1789558508.6074026,3.0044129218193394,0.10107528598437057,0.0036904376666666654,0.00153991828774489,0.0006967598567632289,0.0005697366201862116,0.004584685874999997,3.005757154558319,0.09982836087733299,0.001344232738979656,-0.001246925107037583,-0.0012494297539291776,1.004036193695724,5.1668782022713084e-08,0.0004308611697953924,0.0005760070626984467,0.0005760070626984467,0.1419409246080898,0.9979953679798981,5.18773272349789e-08,3.0053933788851745,0.10150165955094145,0.002796189458333334,-0.000943273054570746,0.0016670782897016956,0.0007537773861249208,-0.0017884964166666626,3.004126507545692,0.10377783127412915,-0.001266871339482556,0.0022761717231876977,0.002268092328317564,0.9929623659716639,-1.0499270047231618e-07,0.000684503153964369,-0.004423878166587583,-0.004423878166587583,0.1204614541934735,1.0035621984031518,-1.042538002707453e-07,3.004706757661308,0.10117425573138741,0.0036904376666666654,0.00132331475483344,0.0009824263845006117,0.0005150382034612489,0.0032930326916666636,3.0046607238922114,0.10199828609900435,-4.60337690966206e-05,0.0008240303676169403,0.0008229549471018314,0.9973979933343982,1.9354098348783575e-08,0.0007654127357310557,-0.0017735917780537145,-0.0017735917780537145,0.17668120248689498,1.0013067793308688,1.9303738855873325e-08]"
/multi_agv/m2b_algorithm_state,1789558508.6171591,1789558508.6171591,m2b_algorithm_state_v1:header6+3x20,"[1.0,-0.15,0.52,3.0068393376563463,0.1012503892977862,1789558508.61704,3.0054153653421665,0.1010752457779857,0.0036904376666666654,0.0015402045354759204,0.0006967349868784111,0.0005696254797247944,0.004584685874999997,3.0066777645086202,0.09927585692900676,0.0012623991664537648,-0.0017993888489789417,-0.0018046263417703535,1.0058608475852617,1.0765644583273504e-07,-0.00022662738370314746,0.0031444201937258515,0.0031444201937258515,0.14193098811915392,0.9970977411388809,1.0828740385333168e-07,3.006395833289794,0.10150168544096769,0.002796189458333334,-0.0009435853716429589,0.001667096039636995,0.0007539035318653436,-0.0017884964166666626,3.0051637548272705,0.10377783127412915,-0.0012320784625234893,0.0022761458331614637,0.0022680666233562403,0.9929624464349542,-1.0502506388878613e-07,0.0007279685452018787,-0.004579698900519568,-0.004579698900519568,0.12045521476837003,1.0035621571791695,-1.0428594437599645e-07,3.0057092051977845,0.10117422157208433,0.0036904376666666654,0.0013235030170653376,0.000982418330986912,0.000514960788250367,0.0032930326916666636,3.005750257533657,0.10275035558425075,4.105233587248236e-05,0.0015761340121664136,0.0015722219666570436,0.9950655553034411,7.077785440382427e-08,0.0016235373864976466,-0.00518473174754687,-0.00518473174754687,0.17666179542657343,1.0024882272302096,7.04286049955275e-08]"
/multi_agv/m2b_algorithm_state,1789558508.6272666,1789558508.6272666,m2b_algorithm_state_v1:header6+3x20,"[1.0,-0.15,0.52,3.0078414602772923,0.10125037558821266,1789558508.6271296,3.006414569943823,0.10107525754566823,0.0036904376666666654,0.0015401217577673421,0.0006967431158247271,0.0005696571321673061,0.004584685874999997,3.0075971284284844,0.09956562077036568,0.0011825584846612003,-0.001509636775302553,-0.0015133152734926893,1.0049010657297317,7.575775062768278e-08,-3.5117167666188966e-05,0.0023400592874356866,0.0023400592874356866,0.1419325583333153,0.9975692453155209,7.612904434304568e-08,3.007395034417715,0.10150167858775733,0.002796189458333334,-0.0009434961931573307,0.0016670902841084967,0.0007538678699133966,-0.0017884964166666626,3.005552442334769,0.10166779477603839,-0.0018425920829461262,0.00016611618828106522,0.00016607246119961007,0.9994738675076601,-5.60195229710054e-10,-0.002137167642483048,0.0065731021145091955,0.0065731021145091955,0.12045620077000244,1.0002633012188735,-5.599004927976497e-10,3.0067084086074987,0.10117423175993302,0.0036904376666666654,0.0013234477901201249,0.0009824212905400927,0.0005149831875439874,0.0032930326916666636,3.006606424705093,0.10311914716894599,-0.0001019839024056779,0.0019449154090129678,0.0019389751641313534,0.9939365802519103,1.0773983876903469e-07,0.001811495286124256,-0.006031716703879051,-0.006031716703879051,0.17666486211790428,1.0030636002933413,1.0708656690298653e-07]"
/multi_agv/m2b_algorithm_state,1789558508.6373644,1789558508.6373644,m2b_algorithm_state_v1:header6+3x20,"[1.0,-0.15,0.52,3.0088444019591,0.10125035708590002,1789558508.6372437,3.007416688217976,0.10107522425771823,0.0036904376666666654,0.0015403580227050409,0.0006967213368127996,0.0005695660494514364,0.004584685874999997,3.008627252543125,0.09989787634034594,0.0012105643251487663,-0.0011773479173722845,-0.0011795796801108245,1.0038079913327,4.6074507166042246e-08,0.00033362572632513344,0.0008887333636070327,0.0008887333636070327,0.14192377818123092,0.9981080017092779,4.624995848998896e-08,3.0083971622961685,0.10150169933311887,0.002796189458333334,-0.0009437535819398898,0.0016671060566291196,0.0007539712347185978,-0.0017884964166666626,3.0065632846527772,0.10166779477603839,-0.0018338776433912685,0.0001660954429195255,0.00016605172676450672,0.9994739332376071,-5.602080587965008e-10,-0.002126295327474579,0.006534234190928066,0.006534234190928066,0.12045068725441894,1.0002632682951909,-5.599133519567433e-10,3.007710530317732,0.10117420317380091,0.0036904376666666654,0.0013236045626991056,0.000982413977835695,0.0005149190365187741,0.0032930326916666636,3.0076646131301277,0.10342046745132862,-4.591718760416086e-05,0.002246264277527707,0.0022383587367422455,0.9930211789544312,1.4369800618000275e-07,0.0021809622522370445,-0.00749749619656024,-0.00749749619656024,0.1766477145125613,1.0035318470876422,1.4269516351026747e-07]"
/multi_agv/m2b_algorithm_state,1789558508.647172,1789558508.647172,m2b_algorithm_state_v1:header6+3x20,"[1.0,-0.15,0.52,3.009840578399681,0.10125038213255215,1789558508.6470459,3.008419623859121,0.10107518078739605,0.0036904376666666654,0.0015406650556357283,0.000696690884824047,0.0005694488029765408,0.004584685874999997,3.0096578816626693,0.10015100642223354,0.0012382578035481373,-0.0009241743651625112,-0.0009255468815117822,1.0029806040638882,2.8390328886621107e-08,0.0006222753729233895,-0.0002464974749408538,-0.0002464974749408538,0.14191209606724509,0.9985170752809095,2.8474949216275694e-08,3.009400111415026,0.10150172512744587,0.002796189458333334,-0.0009440869313292878,0.0016671283677767157,0.0007541041246375418,-0.0017884964166666626,3.0077596068649206,0.10299151103550873,-0.0016405045501053372,0.0014897859080628545,0.0014863040374707287,0.995352127354047,-4.5042551561996276e-08,-0.0005643266501609429,0.00039620094860807185,0.00039620094860807185,0.12044335116224253,1.002342636838995,-4.4833199518687344e-08,3.008713470603154,0.10117416534285815,0.0036904376666666654,0.001323810529709387,0.0009824032603462877,0.0005148353326397607,0.0032930326916666636,3.008737240708759,0.10377859059071477,2.377010560516979e-05,0.0026044252478566177,0.002593826546037341,0.9919415208170334,1.9315403629786415e-07,0.002623539178043803,-0.009255767913135822,-0.009255767913135822,0.17662490116099924,1.0040861258959157,1.9159750851725182e-07]"
/multi_agv/m2b_algorithm_state,1789558508.6572497,1789558508.6572497,m2b_algorithm_state_v1:header6+3x20,"[1.0,-0.15,0.52,3.010840998013498,0.10125037948784725,1789558508.6571424,3.0094158079010596,0.1010752425813975,0.0036904376666666654,0.0015402260743994788,0.0006967295095461339,0.0005696189925102372,0.004584685874999997,3.0106463376690944,0.09971360009366155,0.0012305297680348382,-0.001361642487735945,-0.0013646317750004113,1.0044132323539938,6.163030893714069e-08,0.00017353043504313636,0.0015371877569572208,0.0015371877569572208,0.14192439416316457,0.9978094550345163,6.190229781052871e-08,3.010396278759336,0.10150168591197785,0.002796189458333334,-0.00094360942823868,0.0016671010789646168,0.0007539113382770829,-0.0017884964166666626,3.008784305455242,0.10299151103550873,-0.0016119733040942386,0.0014898251235308801,0.0014863430688055164,0.9953520045986048,-4.502214670700945e-08,-0.0005286235613122818,0.0002692558386956064,0.0002692558386956064,0.12045107406847738,1.0023426992048088,-4.481288397615434e-08,3.009709648538648,0.10117421790428112,0.0036904376666666654,0.0013235216429565138,0.0009824160744461132,0.0005149538883928934,0.0032930326916666636,3.009787840566911,0.10398709586063117,7.819202826286897e-05,0.002812877956350046,0.002800534338452553,0.9913173067551379,2.252259700922487e-07,0.002898274373781139,-0.010342886107513008,-0.010342886107513008,0.17664891748044026,1.0044075938395076,2.232704020831612e-07]"
/multi_agv/m2b_algorithm_state,1789558508.6672683,1789558508.6672683,m2b_algorithm_state_v1:header6+3x20,"[1.0,-0.15,0.52,3.0118378573247786,0.10125039949977462,1789558508.667121,3.0104162266430063,0.1010752361450949,0.0036904376666666654,0.0015402718343606107,0.0006967252732349213,0.000569601360979041,0.004584685874999997,3.0116103540742443,0.09932150961633357,0.0011941274312379235,-0.0017537265287613235,-0.001758699865543977,1.005709184477398,1.022632191897615e-07,-0.00026604057649657264,0.003263350738517457,0.003263350738517457,0.14192165159471357,0.9971721514966311,1.0284705877336843e-07,3.0113966994301293,0.10150168995264584,0.002796189458333334,-0.0009436595026530558,0.0016671042498930255,0.0007539313943957793,-0.0017884964166666626,3.00959135894598,0.10161098708896048,-0.0018053404841493759,0.00010929713631463445,0.00010927819844852291,0.999653604370743,-2.425635573631119e-10,-0.002147397406738197,0.006633340176435572,0.006633340176435572,0.12044935183867514,1.000173299581988,-2.4247953440702433e-10,3.0107100679673593,0.10117421236580101,0.0036904376666666654,0.0013235520572467446,0.0009824146854379165,0.000514941427490723,0.0032930326916666636,3.0106911232799205,0.1028423939549954,-1.8944687438793295e-05,0.0016681815891943924,0.001663802324182657,0.9947828603305702,7.928380846678919e-08,0.0016401214648841655,-0.00528758449922081,-0.00528758449922081,0.17664356148790894,1.0026320825185087,7.887017376449363e-08]"
/multi_agv/m2b_algorithm_state,1789558508.6776638,1789558508.6776638,m2b_algorithm_state_v1:header6+3x20,"[1.0,-0.15,0.52,3.0128432864443155,0.10125036426863206,1789558508.6776161,3.011413092253414,0.10107528390218685,0.0036904376666666654,0.001539934107548688,0.0006967573984848485,0.0005697310416290817,0.004584685874999997,3.0126725811067083,0.10030772121144145,0.0012594888532944104,-0.0007675626907454047,-0.0007685083263863527,1.0024711287616335,1.957209266019913e-08,0.0008058527402316603,-0.0009684676762871736,-0.0009684676762871736,0.14193153035455133,0.9987695180280028,1.96204578212971e-08,3.0123935510558506,0.10150166103392251,0.002796189458333334,-0.0009432931867732392,0.0016670811932155694,0.0007537846024436717,-0.0017884964166666626,3.010603772818825,0.10161098708896048,-0.00178977823702553,0.00010932605503796711,0.00010930710714577783,0.9996535126964896,-2.4259775063721453e-10,-0.0021279156891361346,0.006564507476655103,0.006564507476655103,0.12045555526268961,1.0001733454729893,-2.4251369359675855e-10,3.0117069286650717,0.1011742535632145,0.0036904376666666654,0.0013233272045674658,0.0009824258707860078,0.0005150330742035138,0.0032930326916666636,3.011618172143332,0.10179047329937739,-8.875652173978565e-05,0.0006162197361628957,0.0006156173899515087,0.9980495859055074,1.0824965363204076e-08,0.0005046717377767767,-0.000750006041869073,-0.000750006041869073,0.17666285448334412,1.000978442489148,1.080385219818729e-08]"
/multi_agv/m2b_algorithm_state,1789558508.687428,1789558508.687428,m2b_algorithm_state_v1:header6+3x20,"[1.0,-0.15,0.52,3.013843746631681,0.10125036194399778,1789558508.6873178,3.0124185103467216,0.10107519836614906,0.0036904376666666654,0.001540540745404021,0.0006967017568380916,0.0005694970312362878,0.004584685874999997,3.013750209628685,0.1009618703460027,0.0013316992819634166,-0.00011332802014636656,-0.00011334853303223383,1.0003621639871159,4.266363790317766e-10,0.0015512755694220368,-0.003913290572792208,-0.003913290572792208,0.1419110302513245,0.9998190282192587,4.267908913638554e-10,3.0133989935091834,0.101501714210917,0.002796189458333334,-0.0009439530589842732,0.0016671211946039932,0.0007540498268548412,-0.0017884964166666626,3.011494828663812,0.10273873097963006,-0.001904164845371259,0.001237016768713059,0.0012346115760504186,0.9961295638527434,-3.1055940400429596e-08,-0.0011455944806636551,0.0025817120188741977,0.0025817120188741977,0.12044268182082302,1.001948137138269,-3.0935740366116726e-08,3.012712355477041,0.1011741802288301,0.0036904376666666654,0.001323729076258532,0.0009824070721323524,0.0005148686567974848,0.0032930326916666636,3.0128629221298957,0.10382006958664196,0.00015056665285451132,0.002645889357811862,0.0026349539408819507,0.9918171136890823,1.9933475225217445e-07,0.00282316225695009,-0.009991307715836253,-0.009991307715836253,0.17662281990854675,1.0041501358943112,1.9770361863667996e-07]"
/multi_agv/m2b_algorithm_state,1789558508.6974378,1789558508.6974378,m2b_algorithm_state_v1:header6+3x20,"[1.0,-0.15,0.52,3.014837704061692,0.10125040078704028,1789558508.6973453,3.0134189695297278,0.10107519434445487,0.0036904376666666654,0.0015405677882659578,0.0006966967554626886,0.000569487910726113,0.004584685874999997,3.014499658294853,0.10069141047727197,0.0010806887651253483,-0.00038378386718290747,-0.0003840195958639404,1.00123022430243,4.8938023299893766e-09,0.0009668413605427449,-0.0017145418932791446,-0.0017145418932791446,0.14190814443077387,0.9993861545515599,4.899822804547018e-09,3.014399455061785,0.10150171531858379,0.002796189458333334,-0.0009439817287712252,0.0016671252903126543,0.0007540601237580324,-0.0017884964166666626,3.012515384669908,0.10273873097963006,-0.0018840703918772128,0.0012370156610462674,0.0012346104727070796,0.9961295673280712,-3.105682788205668e-08,-0.0011204775171394365,0.0024921328699474225,0.0024921328699474225,0.1204408695396116,1.001948135377399,-3.09366245207355e-08,3.01371281530353,0.10117417616895467,0.0036904376666666654,0.0013237497592485906,0.0009824049030231936,0.0005148608197912581,0.0032930326916666636,3.013605206673544,0.10354558207360691,-0.00010760862998582255,0.002371405904652235,0.0023626033402325665,0.9926429189044976,1.6015771959457023e-07,0.0022280925527502883,-0.007726494948135574,-0.007726494948135574,0.17661718467698873,1.0037257902203771,1.5897942626344225e-07]"
/multi_agv/m2b_algorithm_state,1789558508.707253,1789558508.707253,m2b_algorithm_state_v1:header6+3x20,"[1.0,-0.15,0.52,3.0158399586345084,0.10125038583985851,1789558508.7071016,3.0144129390444054,0.10107528846505065,0.0036904376666666654,0.0015399006262292272,0.0006967581144917466,0.0005697451819512253,0.004584685874999997,3.015521658288818,0.10069141047727197,0.0011087192444123595,-0.000383877987778683,-0.0003841138319639198,1.0012305257560796,4.894080812590178e-09,0.0010017852235515295,-0.0018390467678455168,-0.0018390467678455168,0.141928308083019,0.9993860044455286,4.900103105082405e-09,3.015393397870705,0.10150165701667208,0.002796189458333334,-0.000943256754991142,0.0016670814270383083,0.0007537686888953593,-0.0017884964166666626,3.013558164604596,0.10273873097963006,-0.0018352332661089044,0.0012370739629579824,0.00123466854704905,0.9961293844045805,-3.1035908630814445e-08,-0.0010593730355870805,0.002274972803530997,0.002274972803530997,0.12045353184004802,1.0019482280606256,-3.091578055885e-08,3.014706775269966,0.10117425687939814,0.0036904376666666654,0.0013233077290692474,0.0009824257751293924,0.0005150415658128479,0.0032930326916666636,3.0146561760040234,0.10354558207360691,-5.059926594253028e-05,0.0023713251942087676,0.0023625232332650336,0.9926431706453859,1.6009329178284768e-07,0.002299274150836871,-0.007981679011946354,-0.007981679011946354,0.17665656126529186,1.0037256611151162,1.589155127543828e-07]"
/multi_agv/m2b_algorithm_state,1789558508.7172842,1789558508.7172842,m2b_algorithm_state_v1:header6+3x20,"[1.0,-0.15,0.52,3.016840266448245,0.10125038378894578,1789558508.717169,3.015415189083812,0.10107525103739042,0.0036904376666666654,0.0015401671782556275,0.0006967353906011545,0.0005696414625248085,0.004584685874999997,3.0164673201603316,0.10031493734216124,0.0010521310765194691,-0.0007603136952291784,-0.00076124150339629,1.002447591600548,1.9206967429122717e-08,0.0005539223422530464,-7.963052408823095e-05,-7.963052408823095e-05,0.14191906073435,0.9987811907745804,1.9253978241274236e-08,3.016395657825679,0.10150168128210128,0.002796189458333334,-0.0009435475202297693,0.0016670975735109117,0.0007538863267283202,-0.0017884964166666626,3.0146154114287307,0.10257207070729482,-0.001780246396948293,0.001070389425193538,0.0010685862750768925,0.9966445388084595,-2.3245714262534017e-08,-0.0011567217211084736,0.0026949327926266663,0.0026949327926266663,0.12044772483597448,1.0016874165041245,-2.3167714170456445e-08,3.015709028994035,0.10117422520008383,0.0036904376666666654,0.0013234824472447993,0.0009824184775990789,0.0005149696281917674,0.0032930326916666636,3.0152602569373066,0.10067041232301538,-0.0004487720567283304,-0.0005038128770684519,-0.0005042189374946647,1.0016150157098958,7.24247979986943e-09,-0.0010651840084050777,0.005324446342068445,0.005324446342068445,0.17663850188051416,0.9991946743844442,7.2541765185248215e-09]"
/multi_agv/m2b_algorithm_state,1789558508.7271972,1789558508.7271972,m2b_algorithm_state_v1:header6+3x20,"[1.0,-0.15,0.52,3.0178419169064696,0.10125037325360382,1789558508.7270875,3.0164154962583116,0.1010752457276641,0.0036904376666666654,0.001540205232434704,0.0006967323536382958,0.0005696265472928838,0.004584685874999997,3.017537785658496,0.10114124535441682,0.0011222894001843287,6.599962675271631e-05,6.599267896419102e-05,0.9997895122498033,1.4464944938557478e-10,0.0014688544291946019,-0.003705155766306648,-0.003705155766306648,0.14191671465104327,1.000105281201405,1.446190024484064e-10,3.01739596638665,0.10150168489414013,0.002796189458333334,-0.0009435894034095496,0.0016670998152150673,0.0007539033155830738,-0.0017884964166666626,3.0155310362085372,0.10302626558882051,-0.0018649301781126226,0.0015245806946803803,0.0015209352444506637,0.9952454621414719,-4.714506210769286e-08,-0.0008102274781901146,0.0012587283491304977,0.0012587283491304977,0.12044625155972197,1.0023968477573373,-4.6920909125059175e-08,3.016709336699773,0.10117422074503309,0.0036904376666666654,0.0013235072191702603,0.000982417596086904,0.0005149593490596425,0.0032930326916666636,3.0165507390095816,0.10284881863983263,-0.0001585976901914421,0.00167459789479954,0.0016701850923801955,0.9947631777347399,7.989179127726808e-08,0.001471937979640893,-0.0046901246663517936,-0.0046901246663517936,0.17663392031442526,1.0026421038239874,7.947341216589577e-08]"
/multi_agv/m2b_algorithm_state,1789558508.7374177,1789558508.7374177,m2b_algorithm_state_v1:header6+3x20,"[1.0,-0.15,0.52,3.018840053415652,0.1012503853874469,1789558508.7372942,3.01741714334964,0.10107522041861361,0.0036904376666666654,0.0015403845157410385,0.0006967154712663509,0.0005695576167653732,0.004584685874999997,3.018578745181229,0.10130141765645072,0.0011616018315887544,0.00022619723783710854,0.00022611572749565393,0.9992799144733777,1.6990645031517195e-09,0.0016781180169815968,-0.004523575412430862,-0.004523575412430862,0.14190960990988086,1.0003604806368729,1.6978410313942024e-09,3.0183976209437278,0.10150170040797198,0.002796189458333334,-0.0009437844449835834,0.0016671121117748378,0.0007539814631044028,-0.0017884964166666626,3.0165540491121683,0.10302626558882051,-0.0018435718315594762,0.001524565180848536,0.0015209198051509762,0.9952455106887121,-4.7153844599322744e-08,-0.0007835449842983691,0.0011633134368674689,0.0011633134368674689,0.1204417898530273,1.0023968230837774,-4.6929652149189136e-08,3.0177109864260405,0.10117419893422594,0.0036904376666666654,0.0013236264907851704,0.0009824118353014997,0.0005149106459906849,0.0032930326916666636,3.017450358193406,0.10152629716261977,-0.0002606282326347298,0.00035209822839382676,0.0003519011809689297,0.9988822150487141,3.535599147548532e-09,2.611589017551745e-05,0.001072174578178415,0.001072174578178415,0.17662004635938777,1.0005599510190744,3.531647108027623e-09]"
/multi_agv/m2b_algorithm_state,1789558508.747425,1789558508.747425,m2b_algorithm_state_v1:header6+3x20,"[1.0,-0.15,0.52,3.0198445292258946,0.10125035672538091,1789558508.7473207,3.0184152835732045,0.10107525001839211,0.0036904376666666654,0.0015401745609771376,0.000696734446870728,0.0005696387533015097,0.004584685874999997,3.0195912558077276,0.10099632213603925,0.0011759722345230372,-7.892788235286385e-05,-7.893782953181004e-05,1.000252132539005,2.0688564216652953e-10,0.0013910274636219865,-0.0033610795992632552,-0.0033610795992632552,0.14191495984648814,0.9998739871743981,2.0693780476877265e-10,3.0193957529796767,0.10150168191518763,0.002796189458333334,-0.0009435563752119677,0.0016670986920743758,0.0007538895832221865,-0.0017884964166666626,3.0176385236502217,0.10309047474408282,-0.00175722932945499,0.0015887928288951941,0.0015848357653647322,0.9950488463459535,-5.1195801293005806e-08,-0.0006117008964540054,0.0005215518021420243,0.0005215518021420243,0.12044514957829437,1.0024968287673337,-5.09423230143621e-08,3.0187091236940744,0.10117422422876096,0.0036904376666666654,0.0013234877817039645,0.0009824182571842146,0.0005149674305630321,0.0032930326916666636,3.0181811616198084,0.10117333321200275,-0.0005279620742659752,-8.910167582087958e-07,-8.910180234513062e-07,1.0000028400066765,2.2644868659099944e-14,-0.0006608436108559203,0.003669876143285905,0.003669876143285905,0.1766304935126119,0.9999985800034598,2.2644932970678123e-14]"
/multi_agv/m2b_algorithm_state,1789558508.7571976,1789558508.7571976,m2b_algorithm_state_v1:header6+3x20,"[1.0,-0.15,0.52,3.0208395880125427,0.10125038880990207,1789558508.7571213,3.0194197502825744,0.10107518138133709,0.0036904376666666654,0.0015406603801770484,0.0006966884755128964,0.0005694520827849211,0.004584685874999997,3.0206568628849055,0.10075780141790669,0.0012371126023311696,-0.00031737996343039754,-0.00031754109490790447,1.001016601719413,3.3468637848806134e-09,0.0012288496580060576,-0.002674154635177215,-0.002674154635177215,0.14189784265903585,0.9994925649621709,3.3502662123589646e-09,3.0204002398822083,0.10150172374557209,0.002796189458333334,-0.0009440841840077305,0.0016671319689405273,0.0007541010605735671,-0.0017884964166666626,3.0185435703484766,0.10287742565502091,-0.0018566695337316474,0.0013757019094488149,0.0013727303122854034,0.9957024514518007,-3.841127920120557e-08,-0.0009481066048791559,0.0018161709000317798,0.0018161709000317798,0.12043439986387759,1.002164734862206,-3.824620486403995e-08,3.0197135975129017,0.10117416504923353,0.0036904376666666654,0.0013238111019693798,0.0009824024232836688,0.0005148355199803842,0.0032930326916666636,3.0191558003126913,0.10085185160757058,-0.0005577972002104303,-0.00032231344166294695,-0.0003224794057011172,1.0010310837571113,2.9645500094077857e-09,-0.0010197259059641552,0.005084578641379164,0.005084578641379164,0.17659706919732213,0.999485349962707,2.96760670876963e-09]"
/multi_agv/m2b_algorithm_state,1789558508.7669866,1789558508.7669866,m2b_algorithm_state_v1:header6+3x20,"[1.0,-0.15,0.52,3.021842707142604,0.10125036871494493,1789558508.7668781,3.0204148189411457,0.10107525989917397,0.0036904376666666654,0.001540103037644043,0.000696738575774347,0.0005696676080420373,0.004584685874999997,3.0216589516557817,0.10066579717603998,0.0012441327146359704,-0.00040946272313399645,-0.0004097311039880586,1.0013129184348397,5.569014252231921e-09,0.0011454347893069044,-0.002336248258791855,-0.002336248258791855,0.14191409957196247,0.9993449829621186,5.576325913707561e-09,3.021395286795407,0.10150167442609624,0.002796189458333334,-0.0009434780445504798,0.0016670963485920787,0.0007538568485824654,-0.0017884964166666626,3.0195779259038162,0.10311282167197863,-0.0018173608915907913,0.0016111472458823911,0.0016070787374193954,0.9949804658332877,-5.264136299794586e-08,-0.0006646223770690937,0.000700565900930367,0.000700565900930367,0.12044460933871824,1.0025316173801968,-5.237712787779537e-08,3.0207086583010763,0.10117423210443605,0.0036904376666666654,0.001323443065063107,0.0009824192242555933,0.0005149863104328897,0.0032930326916666636,3.020721020274089,0.10201181930682027,1.2361973012797733e-05,0.0008375872023842212,0.0008364762191182161,0.9973555923921428,1.9997904808680054e-08,0.0008519286853842133,-0.002087763780905449,-0.002087763780905449,0.1766288135816946,1.0013281707723576,1.9945022197062776e-08]"
/multi_agv/m2b_algorithm_state,1789558508.777215,1789558508.777215,m2b_algorithm_state_v1:header6+3x20,"[1.0,-0.15,0.52,3.022842424006202,0.10125037095334823,1789558508.777093,3.0214179317656753,0.10107521126451711,0.0036904376666666654,0.0015404477385679003,0.0006967067777019053,0.0005695347342282439,0.004584685874999997,3.0226366159816465,0.10014301339022033,0.0012186842159711553,-0.0009321978742967835,-0.0009335944098788801,1.0030067522797836,2.8881508238682614e-08,0.000589760860085064,-0.0001280208037382066,-0.0001280208037382066,0.14190179022407765,0.9985041303082806,2.8968347779422863e-08,3.0223984135665662,0.1015017045108276,0.002796189458333334,-0.0009438528449013952,0.0016671192718860084,0.000754007387647998,-0.0017884964166666626,3.0206141998678837,0.10309048473771869,-0.0017842136986825352,0.0015887802268910872,0.0015848232269747534,0.9950488864352621,-5.1211070035681855e-08,-0.0006454438963784156,0.0006417123960155049,0.0006417123960155049,0.12043687902575538,1.0024968083815171,-5.095751821216345e-08,3.021711776095571,0.10117419036949009,0.0036904376666666654,0.001323671551047974,0.0009824084349851605,0.0005148928828094209,0.0032930326916666636,3.021532556549399,0.0997825453920412,-0.00017921954617206026,-0.0013916449774488832,-0.0013947640006747402,1.0045060140347897,5.530083720218119e-08,-0.0016187884333898155,0.00766508468681273,0.00766508468681273,0.17660477712388498,0.9977637627409739,5.555002355074984e-08]"
/multi_agv/m2b_algorithm_state,1789558508.7870936,1789558508.7870936,m2b_algorithm_state_v1:header6+3x20,"[1.0,-0.15,0.52,3.0238439322326074,0.10125036171119724,1789558508.7870011,3.022417649175797,0.10107521760032512,0.0036904376666666654,0.001540401915586302,0.0006967096237437962,0.0005695531162168337,0.004584685874999997,3.023608370190193,0.09979926820284656,0.00119072101439599,-0.0012759493974785624,-0.0012785725773196692,1.0041314989318189,5.412020799874896e-08,0.00020982869067531838,0.0013706785561824013,0.0013706785561824013,0.14190153891434454,0.9979483528055905,5.434380558028561e-08,3.023398129855374,0.10150169978458921,0.002796189458333334,-0.0009438025735790589,0.00166711754751514,0.0007539864937229634,-0.0017884964166666626,3.0216628973897297,0.10325461546284508,-0.0017352324656441098,0.001752915678255862,0.0017481048621761303,0.9945476352498898,-6.232795392461624e-08,-0.000420935719879007,-0.0002334308914366032,-0.0002334308914366032,0.12043672119497206,1.002752018018955,-6.198811918569118e-08,3.0227114929874355,0.10117419547513035,0.0036904376666666654,0.0013236426391545334,0.0009824091381477554,0.0005149050492200369,0.0032930326916666636,3.022380830942457,0.10054219935353978,-0.00033066204497833596,-0.0006319961215905667,-0.0006326357113076197,1.0020288591997133,1.1399051851330972e-08,-0.0010459632675305396,0.005312260758364978,0.005312260758364978,0.1766042864294504,0.9989890078830185,1.1422178922547554e-08]"
/multi_agv/m2b_algorithm_state,1789558508.7971487,1789558508.7971487,m2b_algorithm_state_v1:header6+3x20,"[1.0,-0.15,0.52,3.02483984415719,0.10125038823856648,1789558508.7970989,3.0234191543423945,0.10107519634612794,0.0036904376666666654,0.0015405514167790967,0.0006966941727435836,0.0005694963504663225,0.004584685874999997,3.024607261301387,0.10045863123417864,0.0011881069589922966,-0.0006165651119492965,-0.0006171745924401106,1.0019816176143477,1.2632706874388768e-08,0.0008679591063002601,-0.0012570323158985416,-0.0012570323158985416,0.1418949396985395,0.9990124666532294,1.2657740068847948e-08,3.024399641892263,0.10150171194360434,0.002796189458333334,-0.0009439644083146168,0.0016671289789669252,0.0007540506972213007,-0.0017884964166666626,3.0226900099767287,0.10325461546284508,-0.0017096319155345263,0.0017529035192407338,0.0017480927702547445,0.9945476732196579,-6.233777364351312e-08,-0.00038894712416341344,-0.00034784013338046073,-0.00034784013338046073,0.12043257669409077,1.0027519986741256,-6.199788773084968e-08,3.023713000463165,0.10117417684385945,0.0036904376666666654,0.0013237434781136754,0.0009824035485174855,0.0005148642469489451,0.0032930326916666636,3.0233778711913333,0.10124520507954764,-0.00033512927183165786,7.102823568819194e-05,7.102019990396061e-05,0.999773790611086,1.4392032482661302e-10,-0.0003478913898856117,0.0025270987630591516,0.0025270987630591516,0.1765914010783545,1.000113147868384,1.438877686978817e-10]"
/multi_agv/m2b_algorithm_state,1789558508.807112,1789558508.807112,m2b_algorithm_state_v1:header6+3x20,"[1.0,-0.15,0.52,3.025839333721631,0.1012503912754058,1789558508.8069973,3.0244150744847382,0.10107526102195322,0.0036904376666666654,0.001540092456851549,0.0006967358623769285,0.0005696736057284961,0.004584685874999997,3.0256416473124843,0.10075174942369995,0.0012265728277460752,-0.0003235115982532649,-0.00032367902341389853,1.0010363127918245,3.476164448110103e-09,0.0012095370112686955,-0.0026033927340495563,-0.0026033927340495563,0.14190817224291152,0.999482743247098,3.479766841794165e-09,3.0253955439112956,0.1015016715037176,0.002796189458333334,-0.000943465269612477,0.0016670992623173397,0.000753849795453343,-0.0017884964166666626,3.0234363336502095,0.10356978790026046,-0.0019592102610861417,0.002068116396542863,0.0020614359416769694,0.9935903841292166,-8.670708807634052e-08,-0.00038757688468070775,-0.0004942494450095794,-0.0004942494450095794,0.1204408869934079,1.0032406803096967,-8.6151328948497e-08,3.0247089140755357,0.10117423219002863,0.0036904376666666654,0.001323439865485001,0.0009824175959182837,0.0005149885442899808,0.0032930326916666636,3.024452236582203,0.10094719619291631,-0.000256677493332802,-0.0002270359971123237,-0.00022711828456324884,1.0007255063197884,1.4704172303228393e-09,-0.0005479651512292513,0.0033692378131873835,0.0033692378131873835,0.1766172389858564,0.9996376890082479,1.4714840273161642e-09]"
/multi_agv/m2b_algorithm_state,1789558508.8175325,1789558508.8175325,m2b_algorithm_state_v1:header6+3x20,"[1.0,-0.15,0.52,3.0268404595395615,0.10125038381294871,1789558508.8174114,3.0254145651346205,0.10107526737812571,0.0036904376666666654,0.001540048278508203,0.0006967415144184304,0.0005696898153111055,0.004584685874999997,3.0272382163166727,0.10071736589507913,0.0018236511820521883,-0.00035790148304658265,-0.000358106448523097,1.0011469209166068,4.2544707133752416e-09,0.0019214575290421383,-0.005111565855264476,-0.005111565855264476,0.1419087264542976,0.9994276409225255,4.259350254825503e-09,3.0263950320756754,0.10150166842483759,0.002796189458333334,-0.0009434179026077752,0.0016670950621335834,0.0007538314482953556,-0.0017884964166666626,3.0244721435917223,0.10356978790026046,-0.0019228884839530558,0.002068119475422875,0.002061439000541384,0.9935903745422188,-8.670299409100882e-08,-0.00034217160439993554,-0.0006565505147896817,-0.0006565505147896817,0.12044123504712384,1.0032406852105429,-8.614726037281722e-08,3.0257084039545967,0.1011742380232541,0.0036904376666666654,0.0013234088177396333,0.0009824198503322066,0.000515000829634407,0.0032930326916666636,3.0252152456419026,0.09830442359748491,-0.0004931583126941419,-0.002869814425769196,-0.0028832267134291448,1.0094480107939412,2.353535162112054e-07,-0.003499674604296822,0.01489716367506188,0.01489716367506188,0.17661832118472456,0.9953481675244342,2.375771387727609e-07]"
/multi_agv/m2b_algorithm_state,1789558508.8271987,1789558508.8271987,m2b_algorithm_state_v1:header6+3x20,"[1.0,-0.15,0.52,3.0278492299330826,0.10125032751708352,1789558508.8270702,3.0264156887208076,0.10107524852070819,0.0036904376666666654,0.0015401826483650099,0.0006967303711608247,0.0005696373677131102,0.004584685874999997,3.028225429208141,0.10018379846398125,0.0018097404873334,-0.0008914500567269446,-0.0008927267781760136,1.0028739982637735,2.6406493273288037e-08,0.0013694488309907364,-0.0029058898544831817,-0.0029058898544831817,0.14190348176135195,0.9985698631649902,2.6482385489107815e-08,3.0273961605281654,0.1015016807787972,0.002796189458333334,-0.000943564535925796,0.0016671029658121839,0.0007538908975454478,-0.0017884964166666626,3.0259905370325133,0.10342716987271766,-0.0014056234956520974,0.0019254890939204572,0.0019196920153460703,0.994022668384877,-7.517583267423448e-08,0.00016266264578094851,-0.0023964898772339425,-0.0023964898772339425,0.120437941337895,1.0030197961589906,-7.472648179289758e-08,3.026709529369711,0.10117422213934077,0.0036904376666666654,0.0013234965111562041,0.0009824163359226212,0.0005149646460211239,0.0032930326916666636,3.0267552943681157,0.10052330437990183,4.5764998404695945e-05,-0.0006509177594389431,-0.0006515963171197885,1.0020900487087456,1.2090654662760947e-08,-0.0005943900691139186,0.0037209760957140035,0.0037209760957140035,0.1766080800336569,0.9989586225965108,1.211592471992674e-08]"
/multi_agv/m2b_algorithm_state,1789558508.8369398,1789558508.8369398,m2b_algorithm_state_v1:header6+3x20,"[1.0,-0.15,0.52,3.02883733589537,0.10125040394987551,1789558508.8368337,3.0274244412503455,0.101075114095814,0.0036904376666666654,0.0015411335806202768,0.0006966398938569539,0.0005692722397000941,0.004584685874999997,3.0291888639378577,0.10005728973221788,0.0017644226875122015,-0.001017824363596126,-0.0010194903154242619,1.00328611524806,3.444834056773569e-08,0.00118603804396599,-0.0021974790749978725,-0.0021974790749978725,0.14190636577578356,0.9983658973479874,3.4561541784945695e-08,3.0284049527241073,0.10150176232114942,0.002796189458333334,-0.0009445969996459626,0.0016671683730726805,0.0007543044121977316,-0.0017884964166666626,3.027016999773061,0.10342716987271766,-0.0013879529510463229,0.0019254075515682395,0.0019196109668467166,0.9940229226216956,-7.525169378554357e-08,0.000184669778038813,-0.002476133533247735,-0.002476133533247735,0.12043978066378026,1.0030196663915942,-7.48019085889389e-08,3.0277182958247963,0.10117410613428711,0.0036904376666666654,0.0013241298179334526,0.0009823850013094496,0.0005147064312027894,0.0032930326916666636,3.0279340198862843,0.1025021489077574,0.0002157240614879541,0.0013280427734702893,0.001325260120436253,0.995830478038023,5.028285003385393e-08,0.0015949151972961956,-0.0049643876443401964,-0.0049643876443401964,0.17661380239473032,1.0020997032892835,5.007319458632698e-08]"
/multi_agv/m2b_algorithm_state,1789558508.8471274,1789558508.8471274,m2b_algorithm_state_v1:header6+3x20,"[1.0,-0.15,0.52,3.0298437529657565,0.10125036216595394,1789558508.8470137,3.0284125708863026,0.10107530059767783,0.0036904376666666654,0.0015398101008301896,0.0006967597876289303,0.000569783550641642,0.004584685874999997,3.0301639013867345,0.09968743124925612,0.001751330500431969,-0.001387869348421708,-0.0013909755105226784,1.0044995632029774,6.401114722380974e-08,0.0007981876150172829,-0.0006579640664982752,-0.0006579640664982752,0.1419120426283613,0.9977669181969974,6.429916942643836e-08,3.0293930301550307,0.10150164560648649,0.002796189458333334,-0.0009431575179847124,0.0016670827789821985,0.0007537249698329057,-0.0017884964166666626,3.028193801437883,0.1044990891464524,-0.0011992287171476157,0.0029974435399659077,0.0029835092221195962,0.9908087133791394,-1.819543243269729e-07,0.0014844733256850766,-0.00762870241625817,-0.00762870241625817,0.12044331760133556,1.0046704457097042,-1.8028192998017867e-07,3.0287064066447766,0.10117426564546224,0.0036904376666666654,0.0013232547957026087,0.0009824253205719781,0.0005150647467537291,0.0032930326916666636,3.0288903706771437,0.10124835019666341,0.00018396403236708991,7.408455120117008e-05,7.407580919787712e-05,0.9997640653762089,1.5651426139705952e-10,0.0003040308496567395,0.00021031579007225435,0.00021031579007225435,0.17662479680559307,1.000118014280068,1.5647733426367888e-10]"
/multi_agv/m2b_algorithm_state,1789558508.857062,1789558508.857062,m2b_algorithm_state_v1:header6+3x20,"[1.0,-0.15,0.52,3.0308422808336783,0.10125037212881938,1789558508.8569183,3.0294189750150693,0.10107519872600257,0.0036904376666666654,0.0015405327145656673,0.0006966943462435537,0.0005695043668437205,0.004584685874999997,3.0309308414299636,0.10018333513669012,0.001511866414894314,-0.0008918635893124527,-0.0008931415003888757,1.0028753468292466,2.643701927707418e-08,0.0009966915182290166,-0.0015862785493933845,-0.0015862785493933845,0.14188948920866037,0.9985691952777173,2.6513034876627248e-08,3.030399462835122,0.10150170924238042,0.002796189458333334,-0.0009439433208606645,0.0016671296080965625,0.0007540412292794535,-0.0017884964166666626,3.0292304978186455,0.1044990891464524,-0.001168965016476342,0.0029973799040719784,0.0029834461832787215,0.9908089098558237,-1.820981456228477e-07,0.0015222399126832938,-0.007764915218400373,-0.007764915218400373,0.12042915470525316,1.004670344272121,-1.8042446515134075e-07,3.029712821047078,0.10117417852947881,0.0036904376666666654,0.0013237324057133668,0.0009824033031053062,0.0005148691740406129,0.0032930326916666636,3.029316599505682,0.10027141264885558,-0.00039622154139573595,-0.0009027658806232269,-0.0009040735880669306,1.002906981055895,2.326486638446841e-08,-0.0013993505148116006,0.006680456865477131,0.006680456865477131,0.1765807628417169,0.9985535387152501,2.333249691031599e-08]"
/multi_agv/m2b_algorithm_state,1789558508.8676322,1789558508.8676322,m2b_algorithm_state_v1:header6+3x20,"[1.0,-0.15,0.52,3.0318412091793214,0.10125037922563607,1789558508.86748,3.0304175058613967,0.10107522384438916,0.0036904376666666654,0.0015403535618255574,0.0006967094391684189,0.0005695741715461359,0.004584685874999997,3.0319757030250294,0.10055822698874614,0.0015581971636327019,-0.0005169968556430204,-0.0005174250601819486,1.0016597387221071,8.880318530140195e-09,0.0014303213943589288,-0.003295674204790705,-0.003295674204790705,0.1418920093309873,0.9991724317744148,8.895057538669314e-09,3.031397987189325,0.10150169279544173,0.002796189458333334,-0.0009437478899053465,0.0016671190669397262,0.0007539619998670755,-0.0017884964166666626,3.0297099903804963,0.10348731829249219,-0.0016879968088288066,0.001985625497050461,0.0019794634773446693,0.9938402294541165,-7.995688613920088e-08,-0.000130532533691339,-0.0013761478133371943,-0.0013761478133371943,0.120430736320879,1.0031129746905247,-7.946437006702007e-08,3.0307113494503137,0.10117419974662722,0.0036904376666666654,0.0013236151059119708,0.0009824081297681534,0.0005149175082836371,0.0032930326916666636,3.0304557414897433,0.10159616153981593,-0.00025560796057044755,0.00042196179318870763,0.0004216789408077322,0.9986614856148307,5.077574510831651e-09,0.00010216899009467278,0.0007702317757578319,0.0007702317757578319,0.1765856795662661,1.0006707766350238,5.0707781043071335e-09]"
/multi_agv/m2b_algorithm_state,1789558508.8773513,1789558508.8773513,m2b_algorithm_state_v1:header6+3x20,"[1.0,-0.15,0.52,3.0328371756900068,0.1012504048267906,1789558508.877239,3.0314164364142475,0.10107524119401133,0.0036904376666666654,0.0015402302578653377,0.000696720661734406,0.0005696217812892006,0.004584685874999997,3.0329287394918243,0.09986137768600278,0.001512303077576771,-0.0012138635080085475,-0.0012162365068385883,1.0039277133832392,4.897399144786541e-08,0.0006741423401323754,-0.0002985113321973922,-0.0002985113321973922,0.141894552026393,0.998048900179613,4.916634724950583e-08,3.0323969128800976,0.10150168187812507,0.002796189458333334,-0.0009436136570035551,0.0016671111023289775,0.0007539079574669927,-0.0017884964166666626,3.0307486759057958,0.10355219622474277,-0.001648236974301831,0.002050514346617696,0.002043946246247374,0.9936436568227336,-8.52519284062553e-08,-1.6349971629914684e-05,-0.001813706581145956,-0.001813706581145956,0.12043233323319551,1.0032134408536333,-8.471003789278139e-08,3.0317102782436187,0.10117421460477181,0.0036904376666666654,0.001323533434529321,0.0009824119003122968,0.0005149509483568081,0.0032930326916666636,3.0315776141779773,0.10274262635647283,-0.00013266406564138578,0.0015684117517010127,0.0015645377192166582,0.9950892986005537,7.008801200701796e-08,0.001398707637164926,-0.004378505449486678,-0.004378505449486678,0.17659064415567405,1.0024761515409768,6.974383070837069e-08]"
/multi_agv/m2b_algorithm_state,1789558508.8872156,1789558508.8872156,m2b_algorithm_state_v1:header6+3x20,"[1.0,-0.15,0.52,3.0338386934255035,0.10125039441361383,1789558508.8870976,3.0324124111049695,0.1010753019714125,0.0036904376666666654,0.0015398004798423408,0.0006967622228075674,0.000569786454289875,0.004584685874999997,3.0338668323629197,0.09908989194571231,0.0014544212579501448,-0.001985410025700185,-0.00199179533091666,1.0064802896987488,1.3104794488745818e-07,-0.0001737687584789792,0.0030398159968819585,0.0030398159968819585,0.14190759104018708,0.9967941961117377,1.3189717353475458e-07,3.0333928693795027,0.10150164529248835,0.002796189458333334,-0.0009431472230833869,0.0016670810684882298,0.0007537213970932599,-0.0017884964166666626,3.031551867784976,0.10418867402566713,-0.0018410015945264924,0.0026870287331787757,0.0026758045366473584,0.9917311192755605,-1.4625211146799665e-07,0.000374552543489243,-0.0035042610931017414,-0.0035042610931017414,0.12044052199278624,1.0041946997165496,-1.4504277020257033e-07,3.0327062465855477,0.10117426721647095,0.0036904376666666654,0.0013232464004823874,0.0009824264260554164,0.0005150678107354724,0.0032930326916666636,3.032510060370643,0.1017691792149417,-0.00019618621490469224,0.000594911998470754,0.0005943504976759135,0.998116571980164,1.0088830640332107e-08,0.0003491177290450482,-0.00018695021099878698,-0.00018695021099878698,0.17661610408532452,1.000944730082731,1.0069829054016726e-08]"
/multi_agv/m2b_algorithm_state,1789558508.8971965,1789558508.8971965,m2b_algorithm_state_v1:header6+3x20,"[1.0,-0.15,0.52,3.034847421996227,0.10125033803688567,1789558508.8970752,3.0334139258678263,0.10107527477640897,0.0036904376666666654,0.0015399950677689187,0.0006967473723785917,0.0005697098329471986,0.004584685874999997,3.0347482686751097,0.09989646334346236,0.0013343428072833952,-0.001178811432946611,-0.0011810487707290152,1.003812785265621,4.6178276927726865e-08,0.00048687973837522876,0.00034727623028423036,0.00034727623028423036,0.14190095756826593,0.9981056347224143,4.6354344781588664e-08,3.034394390537109,0.10150166384725938,0.002796189458333334,-0.0009433600290568059,0.00166709133481735,0.0007538083009366175,-0.0017884964166666626,3.0325902361778994,0.10418867402566713,-0.0018041543592097753,0.0026870101784077505,0.002675786138156431,0.9917311767260096,-1.4628308030096196e-07,0.00042059318914421193,-0.003669428132448563,-0.003669428132448563,0.1204363560870969,1.0041946701536666,-1.4507349136197836e-07,3.0337077638715746,0.10117424461717317,0.0036904376666666654,0.001323372027189572,0.0009824220289294649,0.0005150156436877066,0.0032930326916666636,3.033080566096357,0.10133806073297649,-0.0006271977752176916,0.00016381611580332245,0.00016377340139324168,0.9994788307916193,7.652844489562678e-10,-0.0006202238176288729,0.0034526877070289704,0.0034526877070289704,0.17660315128849452,1.0002608140865208,7.648856062658192e-10]"
/multi_agv/m2b_algorithm_state,1789558508.9071803,1789558508.9071803,m2b_algorithm_state_v1:header6+3x20,"[1.0,-0.15,0.52,3.035843872926263,0.10125036191126964,1789558508.9070678,3.034422636689627,0.10107513917523478,0.0036904376666666654,0.0015409552918106283,0.0006966575324864441,0.0005693403457878415,0.004584685874999997,3.0358199109645887,0.10069709313501389,0.001397274274961724,-0.00037804604022088906,-0.00037827476325185506,1.001211753853718,4.749741584042178e-09,0.0013683180804503,-0.0031401237351417516,-0.0031401237351417516,0.14190873879520405,0.9993953521271158,4.7554971017108054e-09,3.0354031406802986,0.10150174698265875,0.002796189458333334,-0.0009444032499935397,0.001667156052215013,0.0007542268373192385,-0.0017884964166666626,3.033555771862613,0.10299129027304267,-0.0018473688176854353,0.0014895432903839212,0.0014860625483951425,0.9953528727832974,-4.5042972215992124e-08,-0.0008231484737116516,0.001319587659355922,0.001319587659355922,0.12044127474427843,1.002342258064802,-4.483365179388601e-08,3.034716488618755,0.10117412795276348,0.0036904376666666654,0.0013240099235204568,0.0009823912288919661,0.0005147551614239536,0.0032930326916666636,3.034219373597086,0.101640883875627,-0.0004971150216692699,0.00046675592286352097,0.0004664099464317448,0.9985201447265347,6.2144907633156445e-09,-0.00015498383065484257,0.0016647523731587975,0.0016647523731587975,0.17661844851539604,1.0007417861356154,6.205294216387651e-09]"
/multi_agv/m2b_algorithm_state,1789558508.917099,1789558508.917099,m2b_algorithm_state_v1:header6+3x20,"[1.0,-0.15,0.52,3.036837194913158,0.10125040469051545,1789558508.9170055,3.0354190947024704,0.10107519962728195,0.0036904376666666654,0.0015405241132650737,0.0006966933278815368,0.0005695086248383494,0.004584685874999997,3.0368211668964973,0.10036748602731806,0.001402072194026882,-0.0007077135999638967,-0.0007085171549983954,1.0022769099307076,1.6644595603667402e-08,0.0010440730875352073,-0.0018388391073561627,-0.0018388391073561627,0.1418974310975768,0.9988658636861086,1.6682493848690004e-08,3.0363995832740707,0.1015017072316477,0.002796189458333334,-0.0009439328897490489,0.0016671310434226427,0.0007540359611341724,-0.0017884964166666626,3.034522768005977,0.10229901414467421,-0.00187681526809369,0.0007973069130265131,0.0007963043789579893,0.9974928046983317,-1.290544136550649e-08,-0.0015497147061591231,0.004213270046497469,0.004213270046497469,0.12043415521570809,1.0012589834930152,-1.2873084903548935e-08,3.0357129408022483,0.10117417887487927,0.0036904376666666654,0.001323728346482503,0.0009824025794032522,0.0005148713099809477,0.0032930326916666636,3.035253722268177,0.10185930657302233,-0.0004592185340714927,0.0006851276981430648,0.0006843834941538319,0.9978331788793524,1.338470241814468e-08,0.000110360326564466,0.0006220118678785328,0.0006220118678785328,0.17659631025499078,1.0010874078577143,1.3355700162251462e-08]"
/multi_agv/m2b_algorithm_state,1789558508.9270668,1789558508.9270668,m2b_algorithm_state_v1:header6+3x20,"[1.0,-0.15,0.52,3.037841990258242,0.1012503733002819,1789558508.9269187,3.0364124301223114,0.10107530282652163,0.0036904376666666654,0.0015397928183563665,0.000696761432899162,0.000569790186086827,0.004584685874999997,3.037799318345886,0.09994692626051618,0.0013868882235743563,-0.0011283765660054512,-0.0011304257725103558,1.0036475795308368,4.2304361593029987e-08,0.0006031845069575895,-8.697666446695054e-05,-8.697666446695054e-05,0.14190250386723263,0.9981872259508434,4.245867011644184e-08,3.037392888963385,0.10150164366076966,0.002796189458333334,-0.0009431381718383526,0.001667082150682564,0.0007537169107625918,-0.0017884964166666626,3.0352320817001694,0.10344345205048769,-0.0021608072632157693,0.001941808389718025,0.0019359133581043355,0.9939731311225543,-7.642006838080543e-08,-0.0007650957209153761,0.0009122598910174301,0.0009122598910174301,0.12043732720502473,1.0030450906229924,-7.595949464906888e-08,3.0367062656537764,0.1011742675842551,0.0036904376666666654,0.0013232428081926726,0.0009824258654596912,0.0005150696594380224,0.0032930326916666636,3.036270082285516,0.10194454598186374,-0.0004361833682602345,0.0007702783976086397,0.0007693383194550751,0.9975662368907504,1.691122557785752e-08,0.00022410910912978193,0.00017800701250912892,0.00017800701250912892,0.1766061705783151,1.0012219307550292,1.6870067660913934e-08]"
/multi_agv/m2b_algorithm_state,1789558508.9370613,1789558508.9370613,m2b_algorithm_state_v1:header6+3x20,"[1.0,-0.15,0.52,3.0388405091214743,0.10125038295962807,1789558508.9368777,3.037417215844271,0.10107522561632504,0.0036904376666666654,0.0015403411226083599,0.0006967128259642403,0.0005695778017991482,0.004584685874999997,3.0384137563039126,0.10008966838131259,0.0009965404596417038,-0.000985557235012452,-0.000987118850633971,1.0031807750208306,3.228145778859531e-08,0.00025855672391815877,0.0010677635154136924,0.0010677635154136924,0.14189327461131124,0.9984180064837015,3.238413784316527e-08,3.0383976958523236,0.10150169248147214,0.002796189458333334,-0.0009437348675941622,0.0016671167822459587,0.0007539575435707435,-0.0017884964166666626,3.036263998303608,0.10344345205048769,-0.0021336975487153964,0.0019417595690155443,0.0019358648355659882,0.9939732833155892,-7.646455777234223e-08,-0.0007312571003282573,0.0007907466145880408,0.0007907466145880408,0.12043153814227545,1.003045012927172,-7.600372754624956e-08,3.03771105907813,0.10117420180304851,0.0036904376666666654,0.0013236040980025674,0.0009824097386204053,0.0005149214429366667,0.0032930326916666636,3.036798672227281,0.10274015557826394,-0.0009123868508491562,0.0015659537752154284,0.0015620918031579748,0.9950968562148949,6.987236406756161e-08,0.00042160823959652965,-0.0008895391169196527,-0.0008895391169196527,0.17658817317431963,1.002472307997293,6.952976981993314e-08]"
/multi_agv/m2b_algorithm_state,1789558508.9470239,1789558508.9470239,m2b_algorithm_state_v1:header6+3x20,"[1.0,-0.15,0.52,3.039842296631965,0.10125037152318712,1789558508.9469116,3.03841573772369,0.10107524902952998,0.0036904376666666654,0.001540175026291361,0.0006967281773279758,0.0005696418126645979,0.004584685874999997,3.0394484931613257,0.1006120337205043,0.0010327554376359238,-0.000463215309025683,-0.00046355891828152985,1.001486176594575,7.127741586999168e-09,0.000827385378763375,-0.0011840639832231626,-0.0011840639832231626,0.1418892863264826,0.9992587581809004,7.138334669717946e-09,3.0393962110662547,0.1015016779526799,0.002796189458333334,-0.0009435543245963299,0.001667105834342042,0.0007538849791555308,-0.0017884964166666626,3.037315385055114,0.10307317557676961,-0.0020808260111406796,0.0015714976240897016,0.0015676257338910647,0.9951017747244121,-5.0087783940693515e-08,-0.0010334067800347848,0.0020345449926143355,0.0020345449926143355,0.12042902695664136,1.0024699072711867,-4.984244269139702e-08,3.0387095785744775,0.1011742218966743,0.0036904376666666654,0.00132349393835784,0.0009824149722051255,0.0005149664705481382,0.0032930326916666636,3.0378044880043933,0.10140897490596938,-0.0009050905700842549,0.0002347530092950828,0.00023466533935868433,0.9992537507955014,1.571629789852904e-09,-0.0008966978732466342,0.004403697565148126,0.004403697565148126,0.17658036574085403,1.0003735955920805,1.57045696237246e-09]"
/multi_agv/m2b_algorithm_state,1789558508.9569654,1789558508.9569654,m2b_algorithm_state_v1:header6+3x20,"[1.0,-0.15,0.52,3.0408367904064413,0.10125040664716049,1789558508.9568486,3.0394175216635033,0.1010752213465166,0.0036904376666666654,0.0015403711260658713,0.000696710168524994,0.0005695661788089916,0.004584685874999997,3.0404576981947917,0.10052084455348304,0.001040176531288406,-0.0005543767930335647,-0.000554869295108404,1.0017804937478008,1.0211252953665687e-08,0.0007453513690021034,-0.0008513791508509587,-0.0008513791508509587,0.14189686465363685,0.999112399840501,1.0229434025706902e-08,3.0403980029010302,0.10150169506500821,0.002796189458333334,-0.0009437674773577938,0.0016671188071977205,0.0007539706254632295,-0.0017884964166666626,3.0383408370936094,0.10307317557676961,-0.00205716580742088,0.0015714805117613972,0.0015676087062862756,0.9951018282508645,-5.009800461947893e-08,-0.0010038485529898242,0.0019288325045715904,0.0019288325045715904,0.12043379856681914,1.0024698800533547,-4.985261598856374e-08,3.0397113653313594,0.10117419815803659,0.0036904376666666654,0.0013236238225472767,0.0009824088699395004,0.000514913344968154,0.0032930326916666636,3.038701194267084,0.10016319704929498,-0.001010171064275589,-0.0010110011087416104,-0.0010126425227753506,1.0032594899612712,2.917763265589639e-08,-0.002275356353119837,0.009825398115139345,0.009825398115139345,0.17659520134643172,0.9983790785032002,2.9272736856631944e-08]"
/multi_agv/m2b_algorithm_state,1789558508.9670434,1789558508.9670434,m2b_algorithm_state_v1:header6+3x20,"[1.0,-0.15,0.52,3.041842520514501,0.10125036920111043,1789558508.9669158,3.0404120265279393,0.1010753055582663,0.0036904376666666654,0.0015397749233323817,0.0006967664674160541,0.0005697953241529051,0.004584685874999997,3.0416333553555788,0.10078410188766737,0.0012213288276394785,-0.0002912036705989274,-0.0002913392920908829,1.000932478423171,2.815884670980014e-09,0.001235321742458465,-0.0027101554166261855,-0.0027101554166261855,0.14189891857984183,0.9995344895260019,2.818510422677841e-09,3.041392483172693,0.10150164366210285,0.002796189458333334,-0.0009431200167785087,0.00166707829875401,0.000753711044827049,-0.0017884964166666626,3.0394046803173507,0.10330123467047425,-0.001987802855342391,0.001799591008371404,0.0017945223784286359,0.994405437839507,-6.56416460732203e-08,-0.0006902311907493529,0.0007082483609187943,0.0007082483609187943,0.12043507556378957,1.0028245008274603,-6.527440980394659e-08,3.040705861518693,0.10117427072111235,0.0036904376666666654,0.001323227200660181,0.0009824283006945938,0.0005150751580093611,0.0032930326916666636,3.039805217138193,0.1008918701296806,-0.0009006443804997488,-0.0002824005914317529,-0.0002825279583961067,1.0009029926284028,2.2747268676100374e-09,-0.0014083334340207927,0.006444756263036377,0.006444756263036377,0.17659917000659833,0.9995491881048628,2.276780929203119e-09]"
/multi_agv/m2b_algorithm_state,1789558508.9770336,1789558508.9770336,m2b_algorithm_state_v1:header6+3x20,"[1.0,-0.15,0.52,3.0428428311011566,0.1012503676262997,1789558508.9769292,3.041417745076659,0.10107521387331206,0.0036904376666666654,0.0015404257173737977,0.0006967080810813535,0.0005695436015374113,0.004584685874999997,3.0426951294850526,0.10166951707117859,0.0012773844083935337,0.0005943031978665331,0.0005937420907009338,0.9981159571633382,1.1725983099918686e-08,0.002190472601192851,-0.006520042486111708,-0.006520042486111708,0.14190016294116262,1.0009450351834361,1.1703890845456468e-08,3.042398227184616,0.1015017012986048,0.002796189458333334,-0.0009438281346661292,0.0016671200103459682,0.0007539962924830862,-0.0017884964166666626,3.040540424737953,0.10461191429389383,-0.001857802446663115,0.003110212995289033,0.0030952233837037895,0.9904752885702621,-1.960252323608697e-07,0.0007729703253748959,-0.0051301426020304,-0.0051301426020304,0.12043587525037386,1.0048428206067979,-1.941581485896851e-07,3.041711589282227,0.10117419243141444,0.0036904376666666654,0.001323656856252462,0.0009824088054542603,0.000514899059710939,0.0032930326916666636,3.040964250143757,0.1026152040214447,-0.0007473391384698047,0.0014410115900302528,0.0014377382014458425,0.9954816281292677,5.9175177805206837e-08,0.0005035642783585866,-0.0011244892869632173,-0.0011244892869632173,0.176601658494325,1.002276762613053,5.890780234636621e-08]"
/multi_agv/m2b_algorithm_state,1789558508.9869804,1789558508.9869804,m2b_algorithm_state_v1:header6+3x20,"[1.0,-0.15,0.52,3.043842725811032,0.10125036873844395,1789558508.986848,3.0424180550254176,0.10107521100950023,0.0036904376666666654,0.0015404450345117512,0.000696704899832134,0.0005695368830759742,0.004584685874999997,3.0437711261600975,0.10206653981552594,0.0013530711346798618,0.0009913288060257042,0.0009897722642106552,0.9968714653723162,3.261745235267604e-08,0.0026811111825604823,-0.008458284622257782,-0.008458284622257782,0.14190251516323296,1.0015726262205278,3.251540752352387e-08,3.043398538628641,0.10150170224002782,0.002796189458333334,-0.0009438486360249243,0.001667122582452496,0.0007540038411843336,-0.0017884964166666626,3.0414301177768674,0.10402083136119866,-0.0019684208517736224,0.002519129121170846,0.002509251181972572,0.9922328520938681,-1.2865773735970963e-07,4.872511725554415e-05,-0.002260684758671458,-0.002260684758671458,0.12043735624502393,1.003936608367166,-1.276584336843685e-07,3.042711899649412,0.10117418962937107,0.0036904376666666654,0.0013236711984104684,0.0009824074570260466,0.0005148935443311082,0.0032930326916666636,3.041920588533934,0.10117731104067054,-0.0007913111154778107,3.1214112994754073e-06,3.121395772350057e-06,0.9999900513321097,2.7794514015030113e-13,-0.0009860174985749134,0.0048226674172300935,0.0048226674172300935,0.1766062635635539,1.0000049744173705,2.7794237496641006e-13]"
/multi_agv/m2b_algorithm_state,1789558508.9971163,1789558508.9971163,m2b_algorithm_state_v1:header6+3x20,"[1.0,-0.15,0.52,3.044839809388757,0.10125038762369086,1789558508.9970086,3.043417949948542,0.10107521462785292,0.0036904376666666654,0.0015404183942967467,0.0006967060124284604,0.0005695478517809575,0.004584685874999997,3.044785542251617,0.10125564736322609,0.0013675923030751491,0.00018043273537317328,0.00018038085309918632,0.999425304872458,1.0811589946510239e-09,0.0018898712319431227,-0.00525415996294013,-0.00525415996294013,0.14190339559717113,1.0002876262812574,1.0805376578446996e-09,3.044398433163396,0.1015016991811203,0.002796189458333334,-0.0009438191378834324,0.0016671220570922962,0.0007539913280290439,-0.0017884964166666626,3.042326523762053,0.10240146074077207,-0.002071909401343053,0.0008997615596517683,0.0008984858101561842,0.9971739300716499,-1.6432076339530913e-08,-0.0016914009415226318,0.004673574315365754,0.004673574315365754,0.12043791059415802,1.0014198883067083,-1.638563814272741e-08,3.043711794321158,0.10117419240635864,0.0036904376666666654,0.0013236549884497258,0.0009824075695488606,0.0005149005121760229,0.0032930326916666636,3.04270405047069,0.0998315683008027,-0.0010077438504678682,-0.0013426241055559396,-0.0013455261900128448,1.004344885545336,5.147114601463173e-08,-0.0026052060030976798,0.011129166417666819,0.011129166417666819,0.17660798731397664,0.9978431601863674,5.169478225295259e-08]"
/multi_agv/m2b_algorithm_state,1789558509.0069726,1789558509.0069726,m2b_algorithm_state_v1:header6+3x20,"[1.0,-0.15,0.52,3.0458402938718603,0.1012503843361513,1789558509.0068665,3.044415039419681,0.10107526041539243,0.0036904376666666654,0.0015400936691411598,0.000696735932541514,0.0005696730437459466,0.004584685874999997,3.045768577338213,0.10110762139115728,0.0013535379185318774,3.236097576485297e-05,3.2359304993107165e-05,0.9998967541927967,3.47740959398489e-11,0.001724281703157954,-0.004596373637779257,-0.004596373637779257,0.14189432747778458,1.0000516318797998,3.4770505660243823e-11,3.0453955096106333,0.10150167077404369,0.002796189458333334,-0.0009434661591144226,0.0016671006656281406,0.0007538494510585109,-0.0017884964166666626,3.043413796344579,0.10409798058425565,-0.0019817132660544523,0.002596309810211958,0.0025858234802217744,0.9920019680688763,-1.365988259652344e-07,0.00010868189765370897,-0.0025103755872210912,-0.0025103755872210912,0.12043220106473046,1.0040553154808867,-1.3550630419341046e-07,3.0447088791359573,0.10117423168163645,0.0036904376666666654,0.0013234397552561107,0.0009824177466589475,0.0005149885136516512,0.0032930326916666636,3.043815924014263,0.10139721281154573,-0.0008929551216945164,0.00022298112990928876,0.00022290202504680567,0.999291077467474,1.417914214529259e-09,-0.0008932918770713399,0.004396715321388006,0.004396715321388006,0.17659023429663204,1.0003548862441536,1.4169090231933903e-09]"
/multi_agv/m2b_algorithm_state,1789558509.0169532,1789558509.0169532,m2b_algorithm_state_v1:header6+3x20,"[1.0,-0.15,0.52,3.046840224007773,0.10125038468449439,1789558509.0168545,3.0454155229817834,0.10107525172019953,0.0036904376666666654,0.0015401559082768163,0.0006967313903538212,0.0005696484282826261,0.004584685874999997,3.0468735996474847,0.10200257818783094,0.0014580766657013022,0.0009273264676314119,0.0009259637660930795,0.9970713212622362,2.853766089895406e-08,0.0027485595982197075,-0.008667687474512594,-0.008667687474512594,0.1418972949243956,1.0014716575186111,2.845408325825378e-08,3.0463959951421757,0.10150167678836283,0.002796189458333334,-0.0009435343114033417,0.0016671038109463687,0.0007538773566346108,-0.0017884964166666626,3.044449492657417,0.10409798058425565,-0.0019465024847589163,0.002596303795892818,0.0025858175148691055,0.9920019867061952,-1.3660805729867797e-07,0.00015268940892046012,-0.0026680711360160705,-0.0026680711360160705,0.12043406947119964,1.004055305899745,-1.355154642403623e-07,3.0457093634916217,0.10117422449989152,0.0036904376666666654,0.001323479716807443,0.0009824164618123408,0.0005149718602117741,0.0032930326916666636,3.0449674411255376,0.10294837544421868,-0.0007419223660840579,0.0017741509443271603,0.0017692016117093446,0.99445815477422,8.966466546762989e-08,0.0008417986541042722,-0.0024863600824739365,-0.0024863600824739365,0.1765960436267259,1.0027974949746026,8.916775776938693e-08]"
/multi_agv/m2b_algorithm_state,1789558509.0271792,1789558509.0271792,m2b_algorithm_state_v1:header6+3x20,"[1.0,-0.15,0.52,3.047849893227992,0.10125032251843198,1789558509.027078,3.0464154532990753,0.10107525202027157,0.0036904376666666654,0.0015401542253140675,0.0006967324330989116,0.0005696486153983326,0.004584685874999997,3.04827160439253,0.10219303967541987,0.0018561510934547165,0.0011177876551483057,0.0011158105578124675,0.9964774468467281,4.1458286670689024e-08,0.003435999424630863,-0.011210474837496608,-0.011210474837496608,0.14189830064409725,1.001771893375623,4.1312247652247936e-08,3.0473959250087543,0.10150167707396388,0.002796189458333334,-0.0009435329075431253,0.0016671030029447031,0.0007538771684084677,-0.0017884964166666626,3.0458806354595427,0.10584279869949763,-0.0015152895492116514,0.004341121625533753,0.004312192566308293,0.9868931586575028,-3.81405109730893e-07,0.002418080629793729,-0.011633942649129207,-0.011633942649129207,0.12043470270178368,1.006708665900379,-3.7640609347043245e-07,3.0467092937154887,0.10117422495924772,0.0036904376666666654,0.0013234776634776413,0.0009824170198745596,0.0005149724599757726,0.0032930326916666636,3.04588933890579,0.10047697474925074,-0.0008199548096987641,-0.0006972502099969746,-0.0006980290777479521,1.00223999212712,1.387338926381211e-08,-0.0017229725898714073,0.007737872844957722,0.007737872844957722,0.17659801258657706,0.9988841901063917,1.3904465546539518e-08]"
/multi_agv/m2b_algorithm_state,1789558509.0370731,1789558509.0370731,m2b_algorithm_state_v1:header6+3x20,"[1.0,-0.15,0.52,3.048836697301916,0.10125040715362121,1789558509.0368705,3.0474251028198798,0.10107510346419842,0.0036904376666666654,0.0015412052131991635,0.0006966326298035062,0.0005692449683257825,0.004584685874999997,3.0492272761266612,0.10144141325851738,0.0018021733067814516,0.00036630979431896693,0.00036609625592034763,0.9988357244150363,4.457801465208901e-09,0.002618812889397162,-0.00793267662463467,-0.00793267662463467,0.14193378109954882,1.000583284846993,4.452611355800342e-09,3.048405618257088,0.10150176729275875,0.002796189458333334,-0.0009446740607061033,0.0016671750872894187,0.0007543343229803184,-0.0017884964166666626,3.046933895777734,0.10584279869949763,-0.0014717224793541206,0.004341031406738874,0.004312103565974907,0.986893433822659,-3.818503976170398e-07,0.0024724504667822562,-0.011830910878722078,-0.011830910878722078,0.12045704090065591,1.006708521797163,-3.768456501108281e-07,3.047718958607007,0.10117409679833878,0.0036904376666666654,0.001324177442781831,0.0009823824941167071,0.0005146870918125092,0.0032930326916666636,3.0466845116675136,0.09822692826223024,-0.0010344469394931721,-0.0029471685361085326,-0.0029613218656825177,1.0097111199749842,2.483688691505446e-07,-0.004254380540048983,0.0175790833835058,0.0175790833835058,0.17666748413660524,0.995220604103187,2.507808090369167e-07]"
/multi_agv/m2b_algorithm_state,1789558509.0471556,1789558509.0471556,m2b_algorithm_state_v1:header6+3x20,"[1.0,-0.15,0.52,3.0498420391899734,0.1012503721589636,1789558509.0469112,3.0484119331351076,0.10107530985701853,0.0036904376666666654,0.001539740684147796,0.0006967655006786082,0.0005698106682425038,0.004584685874999997,3.050162023654639,0.10039457486835972,0.0017500905195313443,-0.0006807349886588099,-0.0006814782946863692,1.002189441389614,1.5391646837751444e-08,0.0015061348547278112,-0.003488399687704315,-0.003488399687704315,0.14188921196082527,0.9989092740981553,1.542534594639234e-08,3.049392390689716,0.10150163824166644,0.002796189458333334,-0.0009430812345688189,0.0016670801633984489,0.0007536932641356991,-0.0017884964166666626,3.047739734511765,0.10450411437104022,-0.0016526561779506288,0.0030024761293737795,0.0029884955166521537,0.9907938133892368,-1.8255036825352801e-07,0.0009226752942138676,-0.005615984664864175,-0.005615984664864175,0.12042897942530412,1.0046781441175752,-1.808697754975225e-07,3.0487057680809255,0.10117427336217866,0.0036904376666666654,0.001323208997958528,0.000982427220407445,0.0005150836100564424,0.0032930326916666636,3.0479525037720046,0.10106896079385014,-0.0007532643089209756,-0.00010531256832851943,-0.00010533025739399477,1.0003360682320854,3.162996504999998e-10,-0.0010469106435452144,0.005085727005351063,0.005085727005351063,0.17658021784752936,0.9998320609299455,3.164059487643526e-10]"
/multi_agv/m2b_algorithm_state,1789558509.0571246,1789558509.0571246,m2b_algorithm_state_v1:header6+3x20,"[1.0,-0.15,0.52,3.050836754222811,0.1012504058587479,1789558509.0568383,3.049417264301322,0.10107522378344604,0.0036904376666666654,0.001540351919468335,0.000696711317987386,0.0005695739061725017,0.004584685874999997,3.0509328157562554,0.1009935371295867,0.001515551454933206,-8.168665385933915e-05,-8.169730878550482e-05,1.0002609535910594,2.2162694741651632e-10,0.0018127420098810027,-0.004856265089281945,-0.004856265089281945,0.14190848413402715,0.999869580451008,2.2168478176432018e-10,3.0503977454383517,0.101501692663603,0.002796189458333334,-0.0009437463826629413,0.0016671187451358094,0.000753961513918211,-0.0017884964166666626,3.0487897324946283,0.10450411437104022,-0.0016080129437234802,0.003002421707437225,0.0029884416061667063,0.9907939814100165,-1.826724596397521e-07,0.000978425426512356,-0.005816586586072954,-0.005816586586072954,0.12044111439988697,1.0046780573666456,-1.8099077358043055e-07,3.0497111078302455,0.10117420002984175,0.0036904376666666654,0.0013236117566564625,0.000982409239633531,0.0005149183827524492,0.0032930326916666636,3.0489739109510885,0.10111834358151843,-0.000737196879156965,-5.585644832331593e-05,-5.586142259184512e-05,1.00017814660992,8.900249690251423e-11,-0.0009773575215380513,0.004817674191191831,0.004817674191191831,0.17661794990912272,0.9999109534219075,8.901835239561183e-11]"
/multi_agv/m2b_algorithm_state,1789558509.0671659,1789558509.0671659,m2b_algorithm_state_v1:header6+3x20,"[1.0,-0.15,0.52,3.0518490612954765,0.10125032585823196,1789558509.0670695,3.0504119899928157,0.10107530449746967,0.0036904376666666654,0.0015397805351558742,0.0006967654191867281,0.0005697934368880773,0.004584685874999997,3.051995080878822,0.10160460737453808,0.0015830908860063886,0.0005293028770684133,0.000528857578692816,0.9983207825137699,9.297789210871976e-09,0.002507721186200802,-0.007617892178976274,-0.007617892178976274,0.14189103360319857,1.0008420005565541,9.282176200645798e-09,3.051392447485182,0.10150164346503882,0.002796189458333334,-0.0009431258955556361,0.0016670797871127796,0.000753712818872751,-0.0017884964166666626,3.0495368650128527,0.10590984054007997,-0.00185558247232942,0.004408197075041156,0.004378382407216183,0.9867009576754839,-3.9309217440902404e-07,0.0020589043168044076,-0.010372150146701587,-0.010372150146701587,0.12043012712501588,1.0068095166324063,-3.878644249441224e-07,3.0507058251904358,0.10117426961373521,0.0036904376666666654,0.00132323148363956,0.0009824279370746819,0.0005150734906367183,0.0032930326916666636,3.0493316007773794,0.09975076077041402,-0.0013742244130563464,-0.0014235088433211945,-0.0014267731120252752,1.004610838189183,5.784421233243914e-08,-0.0031445536283457084,0.013067013594621247,0.013067013594621247,0.17658378613565134,0.9977121318893885,5.811092263568476e-08]"
/multi_agv/m2b_algorithm_state,1789558509.0770938,1789558509.0770938,m2b_algorithm_state_v1:header6+3x20,"[1.0,-0.15,0.52,3.052842164963265,0.10125037114987251,1789558509.076946,3.051424271980079,0.10107511150198824,0.0036904376666666654,0.0015411477185249818,0.0006966383972852872,0.0005692668899312552,0.004584685874999997,3.0530210253586296,0.1015464202740533,0.0015967533785508081,0.00047130877206506827,0.0004709555521300746,0.9985037806801542,7.378804926811848e-09,0.002466897275318585,-0.0074433568654594245,-0.0074433568654594245,0.14193584991890942,1.000750006945233,7.367764616322979e-09,3.0524047849934353,0.1015017622873484,0.002796189458333334,-0.0009446115116123841,0.0016671710938749307,0.0007543092873493196,-0.0017884964166666626,3.0505902019229283,0.10590984054007997,-0.0018145830705069699,0.004408078252731568,0.004378265213972848,0.9867013198598514,-3.9368997470534507e-07,0.002110036375839136,-0.010557824795568042,-0.010557824795568042,0.12045834334052963,1.006809326822773,-3.8845441765735553e-07,3.0517181269129168,0.10117410378535925,0.0036904376666666654,0.001324138765964706,0.0009823845540894108,0.0005147027851911674,0.0032930326916666636,3.0502068958014807,0.09850684341607253,-0.0015112311114360288,-0.002667260369286717,-0.00267882855299676,1.0087612322814414,2.0338857168401288e-07,-0.004567867442291797,0.01857322631096419,0.01857322631096419,0.17667153558925192,0.9956816259491105,2.051705062039271e-07]"
/multi_agv/m2b_algorithm_state,1789558509.0872378,1789558509.0872378,m2b_algorithm_state_v1:header6+3x20,"[1.0,-0.15,0.52,3.053851408971084,0.10125031213622569,1789558509.0871198,3.0524173894177316,0.10107522392260718,0.0036904376666666654,0.001540348026470449,0.0006967080216079495,0.0005695773082141667,0.004584685874999997,3.0539341710780588,0.10036781074326673,0.0015167816603272044,-0.0007074131793404492,-0.0007082160502277185,1.0022759349235966,1.66285612985045e-08,0.001187761025181287,-0.002347957611438879,-0.002347957611438879,0.1419126889018269,0.9988663475121594,1.6666406821892932e-08,3.0533978722361184,0.10150169026738821,0.002796189458333334,-0.0009437404706304957,0.0016671218185608794,0.000753957352547116,-0.0017884964166666626,3.0511755900045956,0.10443648595079172,-0.0022222822315227653,0.0029347956834035044,0.002921431375300152,0.9909943367057019,-1.7454402805300925e-07,0.00014357858589669542,-0.002791091607127316,-0.002791091607127316,0.12044376172924165,1.004574575400382,-1.7297214330633334e-07,3.0527112332359443,0.10117419925962214,0.0036904376666666654,0.0013236130850897937,0.0009824073677016099,0.0005149187806002728,0.0032930326916666636,3.051517622053778,0.1011128877798361,-0.001193611182166432,-6.131147978603868e-05,-6.13174733355508e-05,1.0001955567908334,1.0723615961685684e-10,-0.0015533314510435907,0.00686432480535097,0.00686432480535097,0.1766261825517719,0.9999022538081546,1.0725713037609281e-10]"
/multi_agv/m2b_algorithm_state,1789558509.0969882,1789558509.0969882,m2b_algorithm_state_v1:header6+3x20,"[1.0,-0.15,0.52,3.0548423252982495,0.10125037150139603,1789558509.0968804,3.053426614637505,0.10107508380508243,0.0036904376666666654,0.001541338259729894,0.0006966126929533795,0.0005691976682655502,0.004584685874999997,3.054735492559907,0.10093941131009784,0.0013088779224021962,-0.00013567249498458445,-0.0001357018992096799,1.0004336809480336,6.117848355394837e-10,0.0015003955037930655,-0.003721471300259143,-0.003721471300259143,0.1419466705938608,0.9997833175123805,6.120501549669531e-10,3.0544071392414773,0.10150177451544766,0.002796189458333334,-0.0009448147726504345,0.0016671908111796085,0.0007543871376659156,-0.0017884964166666626,3.0522683450354853,0.1054589694685526,-0.002138794205992056,0.003957194953104939,0.003933085997383529,0.9879992176042387,-3.174513721639775e-07,0.001259593239893459,-0.007278986705022773,-0.007278986705022773,0.12046515539197959,1.0061297809754093,-3.136417073254018e-07,3.05372047303427,0.10117407808814698,0.0036904376666666654,0.001324273675942937,0.0009823740774223431,0.0005146497564464873,0.0032930326916666636,3.0522592355476785,0.10057576853091056,-0.00146123748659166,-0.000598309557236415,-0.0005988826365878886,1.0019199885163075,1.0220894528850075e-08,-0.0024254294948274635,0.010184908383423234,0.010184908383423234,0.17669272731212285,0.9990430857125217,1.0240518528971858e-08]"
/multi_agv/m2b_algorithm_state,1789558509.1070292,1789558509.1070292,m2b_algorithm_state_v1:header6+3x20,"[1.0,-0.15,0.52,3.055842362493296,0.10125037149973626,1789558509.1069036,3.05441754913283,0.10107523061626102,0.0036904376666666654,0.0015402943136075772,0.0006967044697899099,0.0005696024379416713,0.004584685874999997,3.0558439774840656,0.10229881995456364,0.0014264283512357423,0.0012235893383026192,0.0012212221484862477,0.9961486665272955,4.9678704448346294e-08,0.0030042575875309256,-0.009723524241975161,-0.009723524241975161,0.14191576297664255,1.0019383777302973,4.9487375191023786e-08,3.055398033847164,0.10150168088623769,0.002796189458333334,-0.0009436777050938977,0.0016671256467448714,0.0007539281545250187,-0.0017884964166666626,3.0534387774531857,0.10628264044586463,-0.0019592563939783147,0.004780959559626943,0.004745989205183098,0.9856384937366481,-4.6251794187933686e-07,0.0022969187127102044,-0.011412604312209019,-0.011412604312209019,0.1204456971554487,1.0073684015980597,-4.5587548756012416e-07,3.0547113929147534,0.10117420300168935,0.0036904376666666654,0.0013235863416195446,0.0009824042876593886,0.0005149319748923931,0.0032930326916666636,3.053106690530725,0.1004861455295588,-0.0016047023840282115,-0.0006880574721305488,-0.0006888158852496432,1.0022102303282299,1.3511004789678403e-08,-0.0026946938652849077,0.011175213948529892,0.011175213948529892,0.17663220156174186,0.998898961049919,1.354086722222941e-08]"
/multi_agv/m2b_algorithm_state,1789558509.1169178,1789558509.1169178,m2b_algorithm_state_v1:header6+3x20,"[1.0,-0.15,0.52,3.0568384594339206,0.10125039644916652,1789558509.116839,3.0554175864040656,0.10107523062649616,0.0036904376666666654,0.0015402938248843898,0.0006967047573660067,0.0005696025001998644,0.004584685874999997,3.056923219392336,0.10254083410683072,0.0015056329882705555,0.0014656034803345597,0.0014622134876923992,0.9953996068475571,7.126150902383034e-08,0.0033442547230305934,-0.011055551432407457,-0.011055551432407457,0.1419171479500294,1.0023183978746568,7.093367806568436e-08,3.0563980709509666,0.10150168077909648,0.002796189458333334,-0.0009436766465832263,0.0016671253730122793,0.0007539278380806619,-0.0017884964166666626,3.054461236579767,0.10595810002659423,-0.001936834371199403,0.004456419247497748,0.004425959959088706,0.986562982060169,-4.019587262903473e-07,0.0020049169950894525,-0.010201560646431539,-0.010201560646431539,0.12044656911612527,1.0068819620354887,-3.965575996741123e-07,3.0557114301248554,0.10117420309361613,0.0036904376666666654,0.0013235855169931184,0.0009824043516181826,0.0005149322990661135,0.0032930326916666636,3.0540907512941082,0.10040292762351005,-0.0016206788307471243,-0.0007712754701060809,-0.0007722290305969625,1.002479881852241,1.6977818040310414e-08,-0.002798077569030868,0.011575629881937,0.011575629881937,0.17663491335409176,0.9987651843519215,1.7019921023159228e-08]"
/multi_agv/m2b_algorithm_state,1789558509.1269236,1789558509.1269236,m2b_algorithm_state_v1:header6+3x20,"[1.0,-0.15,0.52,3.057842236077702,0.10125037178951624,1789558509.126826,3.0564136913509126,0.10107529005336646,0.0036904376666666654,0.0015398731745931557,0.0006967452771088564,0.000569763758352315,0.004584685874999997,3.0577637653223735,0.10131547699306756,0.001350073971460919,0.00024018693970109806,0.0002400950449779173,0.9992355010991656,1.915073367319469e-09,0.001927687509304066,-0.005417412604525317,-0.005417412604525317,0.14190458605962727,1.0003827431057115,1.9136092958351363e-09,3.0573941581079978,0.10150164477883636,0.002796189458333334,-0.0009432195942892948,0.0016670960222304743,0.0007537449890094861,-0.0017884964166666626,3.055021655920816,0.10426659267751867,-0.0023725021871818797,0.002764947898682313,0.002753070349704946,0.991498947350021,-1.5485999809244215e-07,-0.00021255738427240376,-0.0014361708680636198,-0.0014361708680636198,0.12043866013744814,1.0043142918518735,-1.5354352509528264e-07,3.0567075288428525,0.10117425451529677,0.0036904376666666654,0.0013233046204531363,0.0009824184162024359,0.0005150467409475519,0.0032930326916666636,3.055312188332525,0.10141971006709319,-0.0013953405103275252,0.00024545555179641965,0.0002453597135773425,0.999219823911946,1.7179406383805842e-09,-0.001498815924332064,0.006538181312514484,0.006538181312514484,0.17661031799808236,1.0003906029139007,1.7166003421738233e-09]"
/multi_agv/m2b_algorithm_state,1789558509.1372259,1789558509.1372259,m2b_algorithm_state_v1:header6+3x20,"[1.0,-0.15,0.52,3.0588492666811433,0.10125032702234855,1789558509.137117,3.057417460521075,0.10107522917496312,0.0036904376666666654,0.001540305498332257,0.0006967074275743277,0.0005695960513536543,0.004584685874999997,3.0586713859224677,0.10084219350034945,0.001253925401392575,-0.00023303567461366304,-0.00023312248853458775,1.000745725263332,1.8038404617871823e-09,0.001334284263206131,-0.0030876906681239456,-0.0030876906681239456,0.1419192071003263,0.9996276038340597,1.8051856311905576e-09,3.058397943693229,0.1015016834183729,0.002796189458333334,-0.0009436898755916254,0.0016671228465829913,0.0007539348865699819,-0.0017884964166666626,3.0560604362487482,0.10426659267751867,-0.002337507444480913,0.0027649092591457702,0.0027530320449327406,0.9914990669032164,-1.5493285683560156e-07,-0.00016885226066840064,-0.0015932590712970343,-0.0015932590712970343,0.12044786553529854,1.004314230281079,-1.5361578298514857e-07,3.0577113040188,0.1011742027752127,0.0036904376666666654,0.0013235888614291937,0.0009824059059129423,0.000514930040927728,0.0032930326916666636,3.056164812131128,0.09969661616396541,-0.0015464918876721967,-0.0014775866112472918,-0.0014811050411007876,1.0047889236940912,6.234171182812483e-08,-0.0034142199006910335,0.014041527104835952,0.014041527104835952,0.17663894531793142,0.9976244562297344,6.264026152902874e-08]"
/multi_agv/m2b_algorithm_state,1789558509.147236,1789558509.147236,m2b_algorithm_state_v1:header6+3x20,"[1.0,-0.15,0.52,3.0598503280229843,0.10125032192766066,1789558509.147103,3.058424476929152,0.10107512268859704,0.0036904376666666654,0.0015410581258722997,0.0006966353563410792,0.000569307306307262,0.004584685874999997,3.059721306598956,0.10187097815861895,0.0012968296698039339,0.0007958554700219084,0.0007948507695951041,0.9974827689639122,2.103377389603494e-08,0.0024158878568500213,-0.0074184959436716085,-0.0074184959436716085,0.1419453532151504,1.0012640113908629,2.0980827027577787e-08,3.059404991653478,0.10150174759502763,0.002796189458333334,-0.0009445063577041531,0.001667174917002523,0.0007542617180371775,-0.0017884964166666626,3.057174134354622,0.10575720114701573,-0.0022308572988558595,0.0042554535519881,0.004227636827555861,0.9871390901897287,-3.669029326973451e-07,0.001439065203986037,-0.008066955859325976,-0.008066955859325976,0.1204643260508825,1.00657973368264,-3.621842271708005e-07,3.058718331460801,0.10117411078342103,0.0036904376666666654,0.001324090482595248,0.0009823807871042426,0.0005147256734762671,0.0032930326916666636,3.0570995032891157,0.10127022910335913,-0.0016188281716851272,9.611831993809605e-05,9.610360709613152e-05,0.999693971002402,2.6362021116069805e-10,-0.0019274316075102774,0.008125536683379201,0.008125536683379201,0.17669014720530038,1.0001530935456961,2.6353953573172997e-10]"
/multi_agv/m2b_algorithm_state,1789558509.1570318,1789558509.1570318,m2b_algorithm_state_v1:header6+3x20,"[1.0,-0.15,0.52,3.060838430167589,0.10125039843750742,1789558509.1568065,3.059425536164452,0.10107511453621144,0.0036904376666666654,0.0015411114561991682,0.0006966243296179897,0.0005692899253304154,0.004584685874999997,3.0608377146634727,0.102628070391939,0.0014121784990206443,0.001552955855727553,0.0015491522340758215,0.995130258092856,8.004664884206527e-08,0.003314375357851627,-0.010991371019614145,-0.010991371019614145,0.1419503656805133,1.0024552923644723,7.965684232167263e-08,3.0604060559204034,0.10150174889322595,0.002796189458333334,-0.00094456113319251,0.0016671836922577121,0.0007542808966958803,-0.0017884964166666626,3.05794647704778,0.10676978462692334,-0.0024595788726231582,0.005268035733697385,0.0052257349993872606,0.984264534527736,-5.618665981296716e-07,0.0021512614086083128,-0.011125738803319532,-0.011125738803319532,0.12046748153280704,1.008094695639003,-5.530253656747837e-07,3.059719391984097,0.10117410235354458,0.0036904376666666654,0.0013241322022783555,0.0009823756840144473,0.0005147102439891191,0.0032930326916666636,3.0582392760890067,0.10271091287800536,-0.0014801158950903393,0.00153681052446078,0.0015330901347130528,0.9951865001860778,6.732415874783699e-08,-0.0003170547341498713,0.0017607620139090997,0.0017607620139090997,0.17669996437287258,1.00242672603749,6.70000939222318e-08]"
/multi_agv/m2b_algorithm_state,1789558509.1669614,1789558509.1669614,m2b_algorithm_state_v1:header6+3x20,"[1.0,-0.15,0.52,3.0618427717200603,0.10125037004532624,1789558509.1668415,3.060413662156012,0.10107530088281841,0.0036904376666666654,0.0015397890512132734,0.0006967448787852603,0.0005698004294879848,0.004584685874999997,3.0617046102416436,0.10230704162158485,0.0012909480856317934,0.0012317407387664459,0.0012293420543685275,0.9961233728524448,5.032598729617813e-08,0.0028430271614082693,-0.00915318133160989,-0.00915318133160989,0.14190949502126413,1.0019511936400407,5.0130892207598246e-08,3.0613941292873843,0.10150163249320242,0.002796189458333334,-0.0009431224092978328,0.0016670973593853056,0.0007537021670850075,-0.0017884964166666626,3.0588886867227862,0.1050222674059024,-0.0025054425645980594,0.0035206349126999797,0.003501488238155342,0.9892692310957598,-2.509068960790889e-07,0.0003696850324077677,-0.00387259445365842,-0.00387259445365842,0.12044175086729919,1.0054681533229208,-2.4821447216078395e-07,3.0607074990593715,0.10117426193650142,0.0036904376666666654,0.0013232568837440541,0.0009824162782080762,0.0005150685449713298,0.0032930326916666636,3.059238432532507,0.10263241647452097,-0.0014690665268646264,0.0014581545380195488,0.00145480324127737,0.9954287732898616,6.057241617128186e-08,-0.00038152991730341294,0.0020253708912116694,0.0020253708912116694,0.17661992908988305,1.0023036082454946,6.029552592458208e-08]"
/multi_agv/m2b_algorithm_state,1789558509.177144,1789558509.177144,m2b_algorithm_state_v1:header6+3x20,"[1.0,-0.15,0.52,3.0628426196791216,0.10125037126224705,1789558509.1768637,3.061417995167783,0.10107523056875714,0.0036904376666666654,0.0015402884932954105,0.0006967015454170777,0.0005696064818855122,0.004584685874999997,3.0625806352075355,0.10090165211895377,0.0011626400397526382,-0.00017357844980336878,-0.00017362659369345637,1.0005550855131087,1.000741819716549e-09,0.0012796734559973413,-0.0029216823325552794,-0.0029216823325552794,0.14192611697762317,0.9997227159211994,1.0012973170030356e-09,3.062398481036456,0.10150167728428618,0.002796189458333334,-0.0009436656165885231,0.0016671279491879964,0.0007539217168798379,-0.0017884964166666626,3.05993532089099,0.1050222674059024,-0.0024631601454658814,0.003520590121616221,0.003501443939499404,0.9892693687313333,-2.5104497972048857e-07,0.0004224937576670523,-0.00406285471233339,-0.00406285471233339,0.12045221583271196,1.0054680818678348,-2.483511086112581e-07,3.061711838955941,0.10117420228293537,0.0036904376666666654,0.0013235847502628992,0.0009824020013151193,0.0005149338538997746,0.0032930326916666636,3.060097487359212,0.10085220722961705,-0.001614351596729069,-0.00032199505331832745,-0.0003221606891508797,1.001030060998191,2.9581889514382282e-09,-0.002340100185062216,0.009766176323610943,0.009766176323610943,0.17665247575118168,0.9994858595783712,2.9612360665023843e-09]"
/multi_agv/m2b_algorithm_state,1789558509.1870708,1789558509.1870708,m2b_algorithm_state_v1:header6+3x20,"[1.0,-0.15,0.52,3.0638431767845806,0.10125036793066561,1789558509.1869333,3.062417843616261,0.10107523338745004,0.0036904376666666654,0.0015402682166387308,0.0006967038880221208,0.0005696140524716922,0.004584685874999997,3.063517927646865,0.10037785262388327,0.0011000840306043536,-0.0006973807635667767,-0.00069816096441897,1.002243403343092,1.6159308871702363e-08,0.000676944073836472,-0.0005437975047934054,-0.0005437975047934054,0.14192683217340046,0.9988824914425821,1.6195560719247198e-08,3.0633983283872954,0.10150167556477767,0.002796189458333334,-0.0009436431040311544,0.0016671261245222446,0.0007539129075918444,-0.0017884964166666626,3.0611745374116563,0.10480046800777269,-0.002223790975639073,0.0032987924429950244,0.0032819542339163833,0.9899196800792264,-2.204418829118775e-07,0.0005022155143675423,-0.004246097669012853,-0.004246097669012853,0.1204526661097437,1.0051305435355045,-2.1821975820818807e-07,3.062711687033808,0.10117420483451345,0.0036904376666666654,0.0013235705961706233,0.000982402807466887,0.0005149395698202399,0.0032930326916666636,3.0611561845351964,0.10315917519631665,-0.0015555024986113608,0.001984970361803201,0.001978784800062885,0.9938145346709996,1.1223037044956291e-07,3.440667679868378e-05,0.0003016717320019661,0.0003016717320019661,0.17665387632771767,1.003125939586821,1.1153617338428625e-07]"
/multi_agv/m2b_algorithm_state,1789558509.1969888,1789558509.1969888,m2b_algorithm_state_v1:header6+3x20,"[1.0,-0.15,0.52,3.064836716388305,0.10125040905327325,1789558509.1967497,3.0634183997755446,0.10107522527144565,0.0036904376666666654,0.0015403253899366836,0.0006966989599696653,0.0005695918335405251,0.004584685874999997,3.0648071024710415,0.10042919170587308,0.0013887026954968462,-0.0006460335655725652,-0.0006467028465328338,1.002077019096227,1.3867358972926759e-08,0.001089175522838224,-0.0020272348558095683,-0.0020272348558095683,0.1419300580714719,0.9989650873444319,1.3896161742327761e-08,3.064398886629158,0.10150168055033167,0.002796189458333334,-0.0009437047577741759,0.001667129533732048,0.0007539378589981605,-0.0017884964166666626,3.0622182452725455,0.10480046800777269,-0.002180641356612334,0.003298787457441027,0.003281949299771246,0.9899196954299821,-2.2045561515164955e-07,0.0005561476040058288,-0.0044397891379002515,-0.0044397891379002515,0.1204546970282247,1.0051305355847375,-2.182333554067503e-07,3.063712243949039,0.10117419797021952,0.0036904376666666654,0.0013236079415498928,0.000982401120493792,0.0005149242595496434,0.0032930326916666636,3.0625475212467794,0.10522240369181998,-0.0011647227022595352,0.004048205721600459,0.004022878742954726,0.9876802870459586,4.6607646561186446e-07,0.002566975365130307,-0.009760792948547047,-0.009760792948547047,0.17666019331254243,1.006295735035536,4.603345373408921e-07]"
/multi_agv/m2b_algorithm_state,1789558509.2070856,1789558509.2070856,m2b_algorithm_state_v1:header6+3x20,"[1.0,-0.15,0.52,3.065843659475172,0.10125036361504564,1789558509.206976,3.0644119525204014,0.10107532331849474,0.0036904376666666654,0.0015396315264812476,0.0006967654825465346,0.0005698579929208272,0.004584685874999997,3.0658463117246453,0.10073819411173372,0.0014343592042438402,-0.00033712920676101654,-0.0003373110419997284,1.0010800999442364,3.773873695748979e-09,0.0014556379633050719,-0.0034701400681665727,-0.0034701400681665727,0.14190844184877624,0.9994609271086001,3.777949856517313e-09,3.0653924101790038,0.10150162112902229,0.002796189458333334,-0.0009429511017585704,0.0016670813720969235,0.0007536362272471675,-0.0017884964166666626,3.063305775531021,0.10508395244739895,-0.0020866346479828657,0.0035823313183766525,0.003562517027971929,0.9890889421839776,-2.5971834154962545e-07,0.0009542237179933468,-0.00600167940825628,-0.00600167940825628,0.12044108778228656,1.0055618794939496,-2.56884539709096e-07,3.064705786465509,0.10117428271230268,0.0036904376666666654,0.0013231451390461253,0.0009824242001144068,0.0005151128613234768,0.0032930326916666636,3.0636558819563398,0.10504158830630646,-0.0010499045091694192,0.003867305594003778,0.0038441597393792013,0.9882062779514837,4.2526363881329324e-07,0.0025317791029174272,-0.009545758432038212,-0.009545758432038212,0.17661786709971783,1.0060210439195523,4.2024819765978863e-07]"
/multi_agv/m2b_algorithm_state,1789558509.2169237,1789558509.2169237,m2b_algorithm_state_v1:header6+3x20,"[1.0,-0.15,0.52,3.0668418119854657,0.10125037581704581,1789558509.2168307,3.0654188817141574,0.10107521164625498,0.0036904376666666654,0.0015404243816444724,0.0006966951209544268,0.0005695509216252999,0.004584685874999997,3.0668375359565365,0.10035905334997597,0.0014186542423790804,-0.0007161582962790097,-0.0007169811946345538,1.002304298366857,1.7043179143891207e-08,0.0010563366083392966,-0.0018784683696429585,-0.0018784683696429585,0.14193427422350985,0.998852273446358,1.708245171375853e-08,3.0663993699321734,0.10150169164391534,0.002796189458333334,-0.0009438136090982726,0.0016671313710059366,0.0007539840866090941,-0.0017884964166666626,3.0643522912711876,0.10508395244739895,-0.002047078660985857,0.003582260803483603,0.0035624473016730414,0.9890891587428872,-2.599456000339239e-07,0.00100359897544072,-0.006179946263219149,-0.006179946263219149,0.12045735134848116,1.0055617669912638,-2.571093748564688e-07,3.0657127267791835,0.10117418755496661,0.0036904376666666654,0.0013236676468462122,0.0009824007954421623,0.0005148985487488733,0.0032930326916666636,3.0645442797877855,0.1033513793364376,-0.0011684469913979534,0.00217719178147098,0.0021697610587989606,0.9932304309697981,1.3500987142475708e-07,0.0007092023195515188,-0.0021996654607990243,-0.0021996654607990243,0.1766684498126504,1.0034246732569405,1.340959127803885e-07]"
/multi_agv/m2b_algorithm_state,1789558509.2269223,1789558509.2269223,m2b_algorithm_state_v1:header6+3x20,"[1.0,-0.15,0.52,3.067842777201695,0.10125036976204667,1789558509.2268343,3.0664170380604316,0.10107524138652776,0.0036904376666666654,0.0015402131342793493,0.0006967144675233067,0.0005696324254933796,0.004584685874999997,3.0679168512932655,0.09959540150038346,0.0014998132328338798,-0.0014798398861443074,-0.0014833738140008794,1.004802717638805,7.279954501171754e-08,0.0003913927270414704,0.0008208247224376411,0.0008208247224376411,0.14192898662077752,0.9976176417412679,7.31491806706423e-08,3.0673975178087347,0.10150167302548323,0.002796189458333334,-0.0009435836202104156,0.0016671174698070779,0.0007538916253122807,-0.0017884964166666626,3.065473850151718,0.1047077240857358,-0.0019236676570169031,0.0032060510602525683,0.0031901350620282464,0.9901926112239936,-2.0822285407052227e-07,0.0007855504907571175,-0.005219879324022073,-0.005219879324022073,0.1204540224850118,1.0049891299004132,-2.06180731588603e-07,3.0667108800872307,0.10117421303912641,0.0036904376666666654,0.0013235277222933056,0.00098240731157726,0.0005149558111542606,0.0032930326916666636,3.0657293342147875,0.10511306294489905,-0.0009815458724431458,0.003938849905772646,0.003914852801399855,0.9879979770168726,4.4124685248736314e-07,0.002687920460845923,-0.01014230252425236,-0.01014230252425236,0.17665809514622371,1.0061297590459108,4.359509976225772e-07]"
/multi_agv/m2b_algorithm_state,1789558509.237019,1789558509.237019,m2b_algorithm_state_v1:header6+3x20,"[1.0,-0.15,0.52,3.0688384179517647,0.10125039763519193,1789558509.2368007,3.067418001461535,0.10107522655307362,0.0036904376666666654,0.001540318197049978,0.0006967052142442748,0.0005695916982260932,0.004584685874999997,3.068859274217831,0.09947174553903164,0.0014412727562960193,-0.0016034810140419797,-0.001607633999700201,1.0052112420320125,8.548554295159915e-08,0.00019395694566982317,0.0015734795908728515,0.0015734795908728515,0.14193365757686416,0.9974167094879831,8.593102880615793e-08,3.0683984852002393,0.10150168231963445,0.002796189458333334,-0.0009436976822906036,0.0016671239956336237,0.0007539376727633135,-0.0017884964166666626,3.06650684399427,0.1047077240857358,-0.0018916412059692966,0.003206041766101342,0.0031901258610590832,0.9901926398653109,-2.0824680969680013e-07,0.0008255743535974624,-0.005363642325102526,-0.005363642325102526,0.12045696312707471,1.0049891150805488,-2.0620445823720356e-07,3.06771184494331,0.10117420041343198,0.0036904376666666654,0.001323596857993924,0.0009824042215845537,0.000514927450814987,0.0032930326916666636,3.066907806237636,0.10666778328989095,-0.0008040387056742482,0.005493582876458972,0.005447453331849596,0.9835586192531786,8.573143503525616e-07,0.004442404949756786,-0.01725545647745408,-0.01725545647745408,0.17666724221028962,1.008468093584147,8.432189186987012e-07]"
/multi_agv/m2b_algorithm_state,1789558509.2472315,1789558509.2472315,m2b_algorithm_state_v1:header6+3x20,"[1.0,-0.15,0.52,3.0698426425805465,0.101250370058949,1789558509.2469258,3.068413651103041,0.10107529306389298,0.0036904376666666654,0.0015398474840444326,0.0006967502456752144,0.0005697723097383089,0.004584685874999997,3.069862418513445,0.09958297596260199,0.001448767410404006,-0.0014923171012909964,-0.001495911208055544,1.0048438892745455,7.401536360736828e-08,0.00031504805494946345,0.0010956523951992007,0.0010956523951992007,0.14191947789255874,0.9975973796137141,7.43738858332976e-08,3.0693941150893576,0.10150164197907907,0.002796189458333334,-0.0009431864774713571,0.0016670914127794312,0.0007537330316614438,-0.0017884964166666626,3.0675392480382375,0.10487012620319017,-0.001854867051120035,0.0033684842241110957,0.003350936356412112,0.9897149706913598,-2.2973113491787483e-07,0.0010323525425120685,-0.0061818330708458364,-0.0061818330708458364,0.12044803602151162,1.0052367057540217,-2.273683434621373e-07,3.068707487662895,0.10117425786260371,0.0036904376666666654,0.0013232830807642167,0.0009824198472442314,0.0005150553331856374,0.0032930326916666636,3.0680140182262896,0.1064580582848254,-0.0006934694366051986,0.0052838004222216794,0.0052410582594654455,0.9841479819049356,7.930344940959313e-07,0.004374221463708947,-0.01690112573768125,-0.01690112573768125,0.17663947553944148,1.008155254271223,7.804632969455123e-07]"
/multi_agv/m2b_algorithm_state,1789558509.2569454,1789558509.2569454,m2b_algorithm_state_v1:header6+3x20,"[1.0,-0.15,0.52,3.070841750165885,0.10125037601489328,1789558509.2568655,3.069417867323694,0.10107522510103374,0.0036904376666666654,0.0015403301958990903,0.0006967076920887821,0.0005695852083903384,0.004584685874999997,3.070687518838052,0.09959467715602915,0.0012696515143582054,-0.0014805479450045872,-0.0014840852750692408,1.0048050549856318,7.287480506917796e-08,0.00010297911787851598,0.0018396856197313005,0.0018396856197313005,0.14193568814396298,0.9976164913673924,7.322497251460256e-08,3.070398349783658,0.10150168506926763,0.002796189458333334,-0.0009437117939347242,0.0016671216093344654,0.0007539450309558826,-0.0017884964166666626,3.0685827232024,0.10487012620319017,-0.0018156265812581118,0.0033684411339225395,0.0033508937197919133,0.9897151032839381,-2.2985316758763566e-07,0.0010813604932192735,-0.006358331524582958,-0.006358331524582958,0.12045824148939227,1.0052366370282002,-2.2748915149913716e-07,3.0697117106342877,0.10117420000654563,0.0036904376666666654,0.0013236009616679053,0.0009824057713341272,0.0005149248659421716,0.0032930326916666636,3.0689920662316825,0.10556475324267903,-0.0007196444026051907,0.004390553236133396,0.004360839077986467,0.9866910785033538,5.480894954879516e-07,0.0034612835747299788,-0.013151764754310447,-0.013151764754310447,0.17667121876857295,1.006813862565332,5.407950154193661e-07]"
/multi_agv/m2b_algorithm_state,1789558509.2669077,1789558509.2669077,m2b_algorithm_state_v1:header6+3x20,"[1.0,-0.15,0.52,3.071841490921567,0.10125037775952243,1789558509.2668183,3.070416976797173,0.10107523951814228,0.0036904376666666654,0.001540227864162936,0.0006967172335493816,0.0005696246019710024,0.004584685874999997,3.071655465819607,0.09893680729557054,0.0012384890224339529,-0.0021384322225717345,-0.0021458482739502814,1.0069917756166513,1.520846958529698e-07,-0.0005977369959078403,0.004601280733751075,0.004601280733751075,0.14193378197570167,0.9965440001194051,1.5314803792110044e-07,3.0713974550749166,0.10150167613798647,0.002796189458333334,-0.0009436005011222754,0.001667114727093466,0.0007539003692795393,-0.0017884964166666626,3.069337238009661,0.10421632559884134,-0.0020602170652557206,0.0027146494608548677,0.002703195739273504,0.9916487741225615,-1.493429122941852e-07,0.0001279244077038535,-0.0026337245409769746,-0.0026337245409769746,0.12045704144705076,1.004237104037624,-1.4809571590042197e-07,3.0707108186255665,0.10117421238855112,0.0036904376666666654,0.0013235330637603074,0.0009824090349250577,0.000514952599449954,0.0032930326916666636,3.0696619408682193,0.10566657458752,-0.0010488777573471886,0.004492362198968883,0.004461278177011987,0.9863984629980258,5.737270130259929e-07,0.003150180980328001,-0.012081628273544049,-0.012081628273544049,0.1766674858528572,1.0069675148519242,5.659234438292877e-07]"
/multi_agv/m2b_algorithm_state,1789558509.276997,1789558509.276997,m2b_algorithm_state_v1:header6+3x20,"[1.0,-0.15,0.52,3.0728386900799065,0.10125039555906078,1789558509.276913,3.0714167181750844,0.10107524337677758,0.0036904376666666654,0.0015402007328918,0.0006967203880193112,0.000569634721459619,0.004584685874999997,3.072646465697134,0.09916736373453246,0.001229747522049518,-0.0019078796422451194,-0.0019137725558595426,1.0062218091478183,1.210381618109236e-07,-0.00037658815329764516,0.003721016429664585,0.003721016429664585,0.14193411768997,0.9969207868529724,1.2179123815331391e-07,3.072397195036788,0.10150167406042916,0.002796189458333334,-0.0009435711901319465,0.0016671123456628578,0.0007538889027202123,-0.0017884964166666626,3.070281676983129,0.10300258095695371,-0.002115518053658949,0.0015009068965245453,0.0014973731449094843,0.9953180236234509,-4.5692195909018755e-08,-0.001147024422164202,0.002471156107999907,0.002471156107999907,0.12045725281315413,1.002359967271401,-4.5478266127180075e-08,3.071710559552829,0.10117421584136053,0.0036904376666666654,0.0013235144273250122,0.0009824102425173287,0.0005149600494820839,0.0032930326916666636,3.070729211208118,0.10574033120234871,-0.000981348344710753,0.004566115360988179,0.0045340203812095315,0.9861869286978412,5.92676984064538e-07,0.0033073349503210904,-0.012685092243030074,-0.012685092243030074,0.17666814328601152,1.0070787021407448,5.844902946245061e-07]"
/multi_agv/m2b_algorithm_state,1789558509.2870548,1789558509.2870548,m2b_algorithm_state_v1:header6+3x20,"[1.0,-0.15,0.52,3.0738413071084043,0.10125037835929192,1789558509.2868845,3.072413923074194,0.10107528533593223,0.0036904376666666654,0.0015399043148196585,0.0006967495253234364,0.0005697480506649335,0.004584685874999997,3.073661947184501,0.09952357007454884,0.001248024110307,-0.0015517152613833823,-0.0015556029114971856,1.0050400615431776,8.003079625177167e-08,4.427226386564433e-06,0.0022189654361332804,0.0022189654361332804,0.14192545488399805,0.9975008724366158,8.04341563902301e-08,3.0733943871341687,0.10150164908472613,0.002796189458333334,-0.0009432497242335782,0.001667091162786516,0.0007537605769960681,-0.0017884964166666626,3.071678933100572,0.1041926782837609,-0.0017154540335968527,0.0026910291990347723,0.0026797718998494533,0.9917191893750756,-1.467034154501216e-07,0.0005354543578533874,-0.00408272725191282,-0.00408272725191282,0.12045179901636416,1.0042008423127176,-1.4548859224874953e-07,3.072707760031357,0.10117425225652396,0.0036904376666666654,0.0013233160742263743,0.000982420533242579,0.0005150406750117908,0.0032930326916666636,3.071747412245443,0.10546915824792458,-0.0009603477859139176,0.004294905991400616,0.004266451642200927,0.9869666459566862,5.243960794915562e-07,0.00306601690980853,-0.011680106025795688,-0.011680106025795688,0.17665117930266888,1.0066693242033349,5.17561439728617e-07]"
/multi_agv/m2b_algorithm_state,1789558509.2970233,1789558509.2970233,m2b_algorithm_state_v1:header6+3x20,"[1.0,-0.15,0.52,3.0748390260824507,0.10125039286939008,1789558509.296896,3.0734165349178997,0.10107524242870396,0.0036904376666666654,0.0015402096080820334,0.0006967233572849445,0.0005696293299901927,0.004584685874999997,3.0749881575750817,0.0999207376572479,0.0015716226571820258,-0.0011545047714560525,-0.0011566504020963878,1.0037331447567912,4.4298996150285175e-08,0.0008078779193811444,-0.0007983452436543088,-0.0007983452436543088,0.14193597408810696,0.9981449618342357,4.4464370715494725e-08,3.0743970103190885,0.10150167675521705,0.002796189458333334,-0.0009435824332721145,0.0016671096320521883,0.0007538951877753691,-0.0017884964166666626,3.0727139076269507,0.1041926782837609,-0.0016831026921377834,0.002691001528543846,0.0026797444627593412,0.9917192750470599,-1.4675212817319455e-07,0.000575866097587112,-0.004227843571622025,-0.004227843571622025,0.12045842149267255,1.004200798225706,-1.455369141635337e-07,3.073710376088225,0.10117421589395478,0.0036904376666666654,0.0013235164070292634,0.0009824120676858337,0.0005149582420089951,0.0032930326916666636,3.07293766260415,0.10571326861518945,-0.0007727134840753713,0.004539052721234671,0.004507330510056443,0.9862645049233463,5.856858235357756e-07,0.0035414386549622286,-0.013515502937682729,-0.013515502937682729,0.17667177874178186,1.0070379154817806,5.776411387901341e-07]"
/multi_agv/m2b_algorithm_state,1789558509.306904,1789558509.306904,m2b_algorithm_state_v1:header6+3x20,"[1.0,-0.15,0.52,3.075836729193469,0.1012504070230487,1789558509.3068025,3.0744142585526215,0.10107527664321435,0.0036904376666666654,0.0015399679567727875,0.0006967470564507741,0.0005697217487165701,0.004584685874999997,3.0759842567440723,0.09944876440358569,0.001569998191450761,-0.0016265122396286608,-0.0016307861213702927,1.0052874604929476,8.79402230308927e-08,0.0003317116179431586,0.0010972700299202696,0.0010972700299202696,0.14192915143806387,0.9973792506045853,8.840520348590954e-08,3.075394723559696,0.10150165640159446,0.002796189458333334,-0.0009433205018942732,0.0016670924317350178,0.000753790596613152,-0.0017884964166666626,3.0738468038490874,0.1046170370704613,-0.0015479197106085252,0.003115380668866838,0.0031003417879897355,0.990460024336077,-1.9657065746639238e-07,0.001165442149729079,-0.006540284220831768,-0.006540284220831768,0.12045412623477084,1.0048507170839553,-1.9469537817792166e-07,3.0747080961350353,0.10117424556336142,0.0036904376666666654,0.0013233548371044735,0.0009824204539857998,0.0005150239140695421,0.0032930326916666636,3.0739648194389244,0.10518369916881819,-0.0007432766961108506,0.004009453605456764,0.003984601878846949,0.9877927785314016,4.5712230557424784e-07,0.003055506008708386,-0.011500182527425882,-0.011500182527425882,0.1766584178907281,1.0062369409455296,4.5154211235186666e-07]"
/multi_agv/m2b_algorithm_state,1789558509.3169622,1789558509.3169622,m2b_algorithm_state_v1:header6+3x20,"[1.0,-0.15,0.52,3.076838867088549,0.1012503925481174,1789558509.3168657,3.0754119663748125,0.10107530877661065,0.0036904376666666654,0.0015397422846331085,0.000696771108547089,0.0005698070575688854,0.004584685874999997,3.0769193880333336,0.09905135295444213,0.0015074216585211353,-0.0020239558221685217,-0.002030593394328181,1.0066089658803072,1.361841448396081e-07,-0.0001463163211767619,0.0029600389472072526,0.0029600389472072526,0.14192227326585347,0.9967312155263582,1.370841812062919e-07,3.076392420766436,0.10150163841456293,0.002796189458333334,-0.0009430768014747535,0.0016670747189015955,0.0007536941745426989,-0.0017884964166666626,3.0748869068501103,0.1046170370704613,-0.0015055139163258069,0.0031153986558983687,0.0031003595997124937,0.9904599688605235,-1.9652215744321637e-07,0.001218467204305235,-0.006730308878509915,-0.006730308878509915,0.12044979593450687,1.004850745760998,-1.94647329941611e-07,3.075705800439158,0.10117427387797251,0.0036904376666666654,0.0013232019264172207,0.0009824293545940277,0.0005150855651811907,0.0032930326916666636,3.0749656586014282,0.10471035089198918,-0.0007401418377299684,0.0035360770140166753,0.0035166773146601544,0.989175216143267,3.5564348570214374e-07,0.002591500017497694,-0.00959786454757657,-0.00959786454757657,0.17664494918642243,1.0055164854835126,3.517937218393629e-07]"
/multi_agv/m2b_algorithm_state,1789558509.3269923,1789558509.3269923,m2b_algorithm_state_v1:header6+3x20,"[1.0,-0.15,0.52,3.077844310410087,0.10125035738027109,1789558509.3269026,3.076414100019736,0.10107527159635216,0.0036904376666666654,0.001540007987722497,0.000696749813793484,0.0005697029627638985,0.004584685874999997,3.0779140886616703,0.09905135295444213,0.0014999886419344577,-0.0020239186419100247,-0.002030555971658992,1.0066088449932158,1.3620266098475858e-07,-0.00015557016924091973,0.002992899626031619,0.002992899626031619,0.1419310955938558,0.9967312746648671,1.3710280325887038e-07,3.077394563607862,0.10150166334311063,0.002796189458333334,-0.0009433673187471837,0.0016670895579391498,0.0007538123849797213,-0.0017884964166666626,3.075937499592206,0.1046170370704613,-0.001457064015656151,0.0031153737273506704,0.003100334914128071,0.9904600457450812,-1.9657953204897095e-07,0.0012790048945578824,-0.006947803475212642,-0.006947803475212642,0.12045535021916312,1.0048507060169753,-1.947041723057704e-07,3.0767079376380493,0.10117424270488938,0.0036904376666666654,0.0013233748187886905,0.0009824228495125768,0.0005150140067866245,0.0032930326916666636,3.076017188426301,0.10471035089198918,-0.0006907492117482761,0.003536108187099804,0.0035167081420119763,0.9891751199380722,3.556962682703788e-07,0.002653271627326631,-0.009819671623138352,-0.009819671623138352,0.17666222510792287,1.0055165354372366,3.518458988278766e-07]"
/multi_agv/m2b_algorithm_state,1789558509.3370461,1789558509.3370461,m2b_algorithm_state_v1:header6+3x20,"[1.0,-0.15,0.52,3.078843996858238,0.10125036012423043,1789558509.3369224,3.0774195322967675,0.1010751865574402,0.0036904376666666654,0.0015406107848220099,0.0006966940000301845,0.0005694707067033147,0.004584685874999997,3.078792675308327,0.09965254241342103,0.0013731430115595522,-0.0014226441440191723,-0.0014259087739936672,1.0046141208124926,6.729568437453198e-08,0.0002905199904557731,0.0011517136141905792,0.0011517136141905792,0.1419516243654775,0.9977104916990226,6.760619479239544e-08,3.078400020304786,0.10150171593715406,0.002796189458333334,-0.000944022868031265,0.0016671296840957694,0.0007540756706489182,-0.0017884964166666626,3.076622973111478,0.10475279710503355,-0.0017770471933080678,0.003251081167879491,0.0032347205656054765,0.9900600219032386,-2.1420532207560477e-07,0.0010134115739703917,-0.006059355211110963,-0.006059355211110963,0.12046827389759888,1.0050578100773142,-2.1207612586596353e-07,3.077713378628709,0.10117416964621899,0.0036904376666666654,0.0013237748820485182,0.0009824039030793992,0.0005148504501303031,0.0032930326916666636,3.076691057374051,0.10499504395445175,-0.001022321254657843,0.0038208743082327606,0.0037982728741823377,0.9883416263043514,4.1532620349499223e-07,0.002520371305860034,-0.009481314825662768,-0.009481314825662768,0.17670242970346467,1.0059504503228427,4.104841754090526e-07]"
/multi_agv/m2b_algorithm_state,1789558509.346992,1789558509.346992,m2b_algorithm_state_v1:header6+3x20,"[1.0,-0.15,0.52,3.079839850003791,0.10125038702599747,1789558509.3468287,3.078419219320381,0.10107519492228383,0.0036904376666666654,0.001540549927669185,0.0006966969294663443,0.0005694955619980177,0.004584685874999997,3.0798139319546,0.09986207812114492,0.0013947126342186422,-0.0012131168011389054,-0.001215486869508036,1.0039252666294538,4.8923894862663916e-08,0.0005279039232652667,0.00021835788555138328,0.00021835788555138328,0.14195176782907318,0.9980501077974705,4.911593419455124e-08,3.0793997062048373,0.10150170930035354,0.002796189458333334,-0.000943955970930329,0.001667128039795518,0.0007540475283693282,-0.0017884964166666626,3.0777346441228874,0.10498147372818202,-0.0016650620819498307,0.0034797644278284773,0.0034610539015986316,0.9893888180911883,-2.453394969337587e-07,0.0013797262991613432,-0.0074829895261351136,-0.0074829895261351136,0.12046836421041011,1.0054060198892607,-2.427361549023782e-07,3.078713065049498,0.10117417615005393,0.0036904376666666654,0.001323737639811654,0.000982404410069848,0.0005148663294515269,0.0032930326916666636,3.0777143420492874,0.10466083019258138,-0.000998723000210422,0.0034866540425274456,0.003467785722752766,0.9893204311896722,3.4592479141160976e-07,0.0022193819724897388,-0.008236161084221457,-0.008236161084221457,0.17670271065071333,1.0054410281612502,3.4223046379853115e-07]"
/multi_agv/m2b_algorithm_state,1789558509.3570774,1789558509.3570774,m2b_algorithm_state_v1:header6+3x20,"[1.0,-0.15,0.52,3.080838472994684,0.1012503955543503,1789558509.3568466,3.079415080786578,0.1010752604667147,0.0036904376666666654,0.0015400849955951247,0.0006967391380075399,0.0005696751360290131,0.004584685874999997,3.080721095575814,0.09920767431875946,0.0013060147892360874,-0.0018675861479552358,-0.001873231065187084,1.0060876451294967,1.1596777384649656e-07,-0.00024071257864197474,0.003224079876131514,0.003224079876131514,0.14193833666301067,0.9969865344768429,1.1667374450013176e-07,3.0803955493070463,0.10150166840874988,0.002796189458333334,-0.0009434506186500324,0.0016670979097663796,0.0007538441482572711,-0.0017884964166666626,3.078784251416777,0.10498147372818202,-0.0016112978902693698,0.003479805319432136,0.0034610943487761673,0.9893886923914064,-2.452139539605866e-07,0.001446971985939455,-0.007724080260452582,-0.007724080260452582,0.12045990886351163,1.0054060851194606,-2.4261191326519133e-07,3.0797089199177483,0.1011742322025278,0.0036904376666666654,0.0013234303324355084,0.000982418677117125,0.0005149921140714733,0.0032930326916666636,3.078734879603504,0.10435010403687783,-0.0009740403142441956,0.0031758718343500303,0.003160180206943553,0.990237568708154,2.87007079018926e-07,0.0019426298141383084,-0.007092205889804521,-0.007092205889804521,0.17667640556011735,1.0049654217098125,2.8420519212973035e-07]"
/multi_agv/m2b_algorithm_state,1789558509.367057,1789558509.367057,m2b_algorithm_state_v1:header6+3x20,"[1.0,-0.15,0.52,3.0818400248682045,0.1012503851950871,1789558509.3668978,3.080413706597025,0.1010752798472251,0.0036904376666666654,0.0015399489110438248,0.0006967535859572216,0.0005697266079591947,0.004584685874999997,3.0816357484153576,0.09800684830850022,0.001222041818332631,-0.0030684315387248806,-0.0030838078186301485,1.010137765932787,3.1326534844410616e-07,-0.0015562555457143599,0.008369687796086964,0.008369687796086964,0.14193471458830273,0.9950138657109643,3.1644115922148547e-07,3.0813941687646302,0.10150165755805231,0.002796189458333334,-0.0009433037767504378,0.0016670873098392214,0.0007537860111060529,-0.0017884964166666626,3.0792997855258912,0.10337932086825223,-0.002094383238739006,0.001877663310199923,0.0018721486271543514,0.9941679410793876,-7.147051160185548e-08,-0.0007458304212694061,0.0008718604884231662,0.0008718604884231662,0.12045762859263152,1.0029456438263418,-7.105369136710715e-08,3.0807075436223963,0.10117424925777346,0.0036904376666666654,0.0013233382366964774,0.000982424037563212,0.0005150292457125937,0.0032930326916666636,3.0795046965814925,0.10452185789370119,-0.0012028470409037872,0.003347608635927729,0.0033301968248328137,0.9897299383604738,3.1882223565604904e-07,0.0018266380237030796,-0.006758608682102795,-0.006758608682102795,0.1766693122113633,1.0052284630641284,3.1554791164380987e-07]"
/multi_agv/m2b_algorithm_state,1789558509.3770914,1789558509.3770914,m2b_algorithm_state_v1:header6+3x20,"[1.0,-0.15,0.52,3.0828429250053873,0.101250366567458,1789558509.37695,3.0814152553702883,0.1010752535648732,0.0036904376666666654,0.0015401364648784852,0.0006967380704086417,0.00056965338155934,0.004584685874999997,3.0826471958892854,0.09869675001869799,0.00123194051899711,-0.0023785035461752063,-0.0023876947770391484,1.0077977179006175,1.8816771504891583e-07,-0.0008477691282927609,0.0055856969586752375,0.0055856969586752375,0.14194146326399393,0.9961505838382995,1.8963499380887103e-07,3.0823957242788635,0.10150167491887564,0.002796189458333334,-0.0009435087333067439,0.001667098231976638,0.0007538691713656481,-0.0017884964166666626,3.0803285341338533,0.10337932086825223,-0.0020671901450102226,0.0018776459493765885,0.0018721313688875713,0.9941679952314962,-7.148471372005927e-08,-0.0007118563123752069,0.0007502671596937933,0.0007502671596937933,0.1204618771856467,1.0029456162001569,-7.106781452876876e-08,3.081709094955462,0.10117422710151244,0.0036904376666666654,0.0013234608228600672,0.0009824191957308326,0.0005149786279312844,0.0032930326916666636,3.0806135627514513,0.10528457588489944,-0.0010955322040109294,0.004110348783386994,0.004084250631199458,0.9875001297508551,4.804187243897494e-07,0.0027148353761857966,-0.010323803549204555,-0.010323803549204555,0.17668252878090493,1.0063899487431482,4.744135526696179e-07]"
/multi_agv/m2b_algorithm_state,1789558509.3870225,1789558509.3870225,m2b_algorithm_state_v1:header6+3x20,"[1.0,-0.15,0.52,3.0838417905505353,0.10125037422914052,1789558509.386902,3.082418149630149,0.10107520858827758,0.0036904376666666654,0.0015404552601980324,0.0006967084246473295,0.0005695306172271622,0.004584685874999997,3.0837125465859816,0.09961966783358507,0.0012943969558327773,-0.001455540754692508,-0.0014589589561203728,1.0047225650994227,7.043834718521482e-08,0.0001590372386705988,0.0016306676847276658,0.0016306676847276658,0.14195248973373428,0.9976570955519172,7.077099686529273e-08,3.0833986315389663,0.10150170269336463,0.002796189458333334,-0.0009438555237475102,0.0016671196007367328,0.0007540083777198975,-0.0017884964166666626,3.081468222747447,0.10527173044102364,-0.0019304087915195112,0.0037700277476590133,0.003748114155352974,0.9885420960086605,-2.878813031174465e-07,0.0013351031659535849,-0.007460612657865056,-0.007460612657865056,0.12046881836779214,1.0058465648050614,-2.845827867854251e-07,3.082711993847047,0.10117418842073178,0.0036904376666666654,0.0013236725969401875,0.0009824091321224866,0.0005148920668061681,0.0032930326916666636,3.0817118695793346,0.10501509904329645,-0.0010001242677124544,0.0038409106225646694,0.0038180750181231447,0.988283196722164,4.1965448585423595e-07,0.0025679196834825766,-0.00966227378915931,-0.00966227378915931,0.17670412363177126,1.0059809208392008,4.147374767988205e-07]"
/multi_agv/m2b_algorithm_state,1789558509.3969543,1789558509.3969543,m2b_algorithm_state_v1:header6+3x20,"[1.0,-0.15,0.52,3.084838355435609,0.10125039619907145,1789558509.396844,3.0834170174283857,0.10107522786488402,0.0036904376666666654,0.0015403180171329684,0.0006967199142532182,0.0005695841300894038,0.004584685874999997,3.0847840489508322,0.09956733463658285,0.001367031522446549,-0.001507893228301166,-0.0015115631877351042,1.0048953110372585,7.559241274012284e-08,0.00019722621532308206,0.0015191277560232617,0.0015191277560232617,0.1419502236300583,0.9975720767324076,7.596246111254256e-08,3.0843974944174226,0.10150169016777892,0.002796189458333334,-0.0009437062080953026,0.0016671116006610198,0.0007539478159151874,-0.0017884964166666626,3.082417404907949,0.1041398590913588,-0.0019800895094737037,0.0026381689235798755,0.0026273451883947058,0.9918769261586258,-1.4107040816312e-07,0.0001522333015525762,-0.002685823585827371,-0.002685823585827371,0.12046739211013313,1.00411964717578,-1.3992448282077816e-07,3.0837108598057985,0.10117420465475864,0.0036904376666666654,0.0013235830473521384,0.0009824128590177226,0.000514928944472531,0.0032930326916666636,3.0825868809540156,0.10478006783112397,-0.0011239788517829474,0.003605863176365326,0.0035857008904604326,0.988970427902285,3.699062833293471e-07,0.0021807273257317484,-0.00815536164885683,-0.00815536164885683,0.17669968619921694,1.0056229692662135,3.6582637530796823e-07]"
/multi_agv/m2b_algorithm_state,1789558509.4070017,1789558509.4070017,m2b_algorithm_state_v1:header6+3x20,"[1.0,-0.15,0.52,3.085839904517981,0.10125038584325419,1789558509.4068966,3.0844135892236233,0.1010752804927078,0.0036904376666666654,0.0015399456135752354,0.0006967550602064772,0.00056972727045321,0.004584685874999997,3.085719925427956,0.09885333883818875,0.0013063362043328475,-0.0022219416545190412,-0.002229953262764594,1.0072716359965275,1.6417390864953515e-07,-0.0005970330073485348,0.004634899805959006,0.004634899805959006,0.14193931295626253,0.9964072752647648,1.6536772155336172e-07,3.0853940508810513,0.10150165812761687,0.002796189458333334,-0.0009433020883367242,0.0016670863363268396,0.0007537857856362712,-0.0017884964166666626,3.083274033044282,0.10316502275788768,-0.0021200178367695166,0.0016633646302708083,0.001659029846370271,0.9948208745960622,-5.609627251287816e-08,-0.0009909924495916248,0.0018427636595781645,0.0018427636595781645,0.12046052347627097,1.0026128426260814,-5.580574288284049e-08,3.0847074262021525,0.10117424997688967,0.0036904376666666654,0.00132333548019832,0.000982425035266266,0.0005150299215965922,0.0032930326916666636,3.0835397113295713,0.10403230372780414,-0.0011677148725812714,0.0028580537509144688,0.0028453148438589673,0.9911824314001922,2.3247777501718365e-07,0.0013856712531323781,-0.004942363402606691,-0.004942363402606691,0.1766783175625473,1.004477152004108,2.3042788628803897e-07]"
/multi_agv/m2b_algorithm_state,1789558509.4170065,1789558509.4170065,m2b_algorithm_state_v1:header6+3x20,"[1.0,-0.15,0.52,3.086841827096191,0.10125037344567688,1789558509.416909,3.085415135202665,0.10107525422092052,0.0036904376666666654,0.0015401330981234334,0.000696739541330959,0.0005696540758166527,0.004584685874999997,3.0866430022931834,0.09888686075338973,0.0012278670905185862,-0.0021883934675307887,-0.0021961630154902624,1.0071591466886594,1.5926962380551015e-07,-0.0006613291523420296,0.0048469227362079245,0.0048469227362079245,0.14194605218001186,0.9964622171010656,1.604098584053814e-07,3.0863956036097124,0.10150167547843596,0.002796189458333334,-0.000943506971880493,0.001667097275193985,0.0007538689055453379,-0.0017884964166666626,3.084336324058953,0.10447605515051983,-0.002059279550759463,0.002974379672083874,0.0029606565588804275,0.9908770206545932,-1.7923449252897638e-07,0.00038655712043109873,-0.0036804807607539037,-0.0036804807607539037,0.12046476606895322,1.0046351587664852,-1.7759933995565006e-07,3.085708974741566,0.10117422783040605,0.0036904376666666654,0.0013234580117151631,0.0009824201899349292,0.0005149793293224574,0.0032930326916666636,3.0845500276854882,0.10366268526878603,-0.0011589470560777748,0.0024884574383799707,0.002478773065493141,0.9922901178666409,1.7630415384532143e-07,0.0010300892453959224,-0.0034936988961814363,-0.0034936988961814363,0.17669151607839043,1.003906921945234,1.7494486959955238e-07]"
/multi_agv/m2b_algorithm_state,1789558509.427043,1789558509.427043,m2b_algorithm_state_v1:header6+3x20,"[1.0,-0.15,0.52,3.087841158929822,0.10125037793654758,1789558509.4269176,3.086417053880285,0.10107522408211031,0.0036904376666666654,0.0015403469702199935,0.000696719935651479,0.0005695715690117616,0.004584685874999997,3.087738057416388,0.09971830152809494,0.0013210035361028716,-0.0013569225540153718,-0.0013598910485092639,1.0043977015948262,6.120839824680251e-08,0.0002913633716193256,0.0011189227822093314,0.0011189227822093314,0.14195249031300933,0.9978171085859076,6.147757451738922e-08,3.0873975308967543,0.10150169428480424,0.002796189458333334,-0.0009437398854135089,0.0016671114016895139,0.0007539625173820924,-0.0017884964166666626,3.0856433226242617,0.10590157762620556,-0.001754208272492619,0.004399883341401317,0.004370179160142681,0.9867247720641744,-3.9186826761967585e-07,0.0021774188195269077,-0.010795765378155997,-0.010795765378155997,0.12046881802330811,1.0067970168201676,-3.8666612704620754e-07,3.086710896511534,0.10117420197011608,0.0036904376666666654,0.0013235998281481381,0.0009824136172184028,0.0005149212762918958,0.0032930326916666636,3.0856317462187164,0.1036693281156374,-0.0010791502928175767,0.0024951261455213175,0.0024853902873255137,0.9922700439113008,1.7726848539614435e-07,0.0011364524213035429,-0.003877555030940225,-0.003877555030940225,0.17670412253052578,1.0039172351503314,1.7589820778812193e-07]"
/multi_agv/m2b_algorithm_state,1789558509.4369564,1789558509.4369564,m2b_algorithm_state_v1:header6+3x20,"[1.0,-0.15,0.52,3.088836744947933,0.1012504059734257,1789558509.4368517,3.087416387027966,0.10107523527172782,0.0036904376666666654,0.001540267466511452,0.0006967267128987764,0.0005696025053902624,0.004584685874999997,3.088840029609106,0.10060501397605166,0.0014236425811402498,-0.000470221295676157,-0.0004705753962879435,1.0015087743858744,7.34545887466386e-09,0.0013089778301373688,-0.0028875430486283156,-0.0028875430486283156,0.14195248973760005,0.999247515670008,7.356541514866447e-09,3.0883968611651977,0.10150168712557832,0.002796189458333334,-0.0009436536207155692,0.0016671067061264644,0.0007539275670921802,-0.0017884964166666626,3.0866486768729415,0.10533944953754606,-0.0017481842922562052,0.003837762411967746,0.003815066052391886,0.9883453453093515,-2.982392979132982e-07,0.0016298356870716297,-0.008552706410264815,-0.008552706410264815,0.12046881836423841,1.0059491393501903,-2.9476342188093724e-07,3.087710228596303,0.10117421141233664,0.0036904376666666654,0.0013235478869004723,0.0009824158733149346,0.0005149426172641825,0.0032930326916666636,3.0866678221369397,0.10369880942303215,-0.0010424064593634874,0.002524598010695517,0.002514633030836332,0.992181379051443,1.8146977706057795e-07,0.0012116249566319725,-0.0041606901823965595,-0.0041606901823965595,0.17670412363280122,1.003962796852259,1.8005093366012215e-07]"
/multi_agv/m2b_algorithm_state,1789558509.4470212,1789558509.4470212,m2b_algorithm_state_v1:header6+3x20,"[1.0,-0.15,0.52,3.089840093004298,0.10125038382511516,1789558509.4468915,3.0884119819079316,0.1010753021186434,0.0036904376666666654,0.0015397947655467962,0.0006967717988248792,0.0005697839502556395,0.004584685874999997,3.089844959657347,0.10054555245856074,0.0014329777494155316,-0.0005297496600826651,-0.0005301992930774892,1.0017009231217826,9.320521654609648e-09,0.0012610228936919252,-0.0026904077235885,-0.0026904077235885,0.1419386250885236,0.9991519547447637,9.336375145399049e-09,3.0893924363576244,0.10150164670319477,0.002796189458333334,-0.0009431408433329966,0.0016670742290747498,0.000753722189307221,-0.0017884964166666626,3.0875073669421265,0.1040738827487584,-0.0018850694154979308,0.002572236045563628,0.002561941388702768,0.9920739356403153,-1.3403360582956188e-07,0.00020560461933035465,-0.002846154848024001,-0.002846154848024001,0.12046009043245984,1.004018303036227,-1.3297124684339616e-07,3.0887058165782424,0.10117426909843891,0.0036904376666666654,0.0013232331015925144,0.0009824315826666213,0.0005150708930658264,0.0032930326916666636,3.087611216204802,0.10257546984447338,-0.0010946003734404464,0.0014012007460344755,0.0013981047961700605,0.9956044675046246,5.593437203162842e-08,2.985432936950254e-05,0.0005833491367817314,0.0005833491367817314,0.17667697040361835,1.0022143904182979,5.568851068175498e-08]"
/multi_agv/m2b_algorithm_state,1789558509.4570193,1789558509.4570193,m2b_algorithm_state_v1:header6+3x20,"[1.0,-0.15,0.52,3.090841483588978,0.10125037490219678,1789558509.456872,3.0894153232027377,0.10107524702004303,0.0036904376666666654,0.0015401868915286081,0.000696737803147318,0.000569631662739911,0.004584685874999997,3.0907064382011273,0.09947431268988477,0.0012911149983896308,-0.0016009343301582601,-0.0016050740540213256,1.0052028147365493,8.52068004418425e-08,8.81969396571299e-06,0.0022256635661001617,0.0022256635661001617,0.14195173515008644,0.9974208517964054,8.565011563883553e-08,3.0903957924661385,0.10150168214569297,0.002796189458333334,-0.0009435684155875254,0.0016670983855213706,0.0007538949617334062,-0.0017884964166666626,3.0885451192654747,0.1040738827487584,-0.0018506732006637883,0.0025722006030654276,0.002561906232119029,0.9920740454945376,-1.340906564808003e-07,0.0002485647312892936,-0.0030004320986643505,-0.0030004320986643505,0.12046834364725678,1.0040182465764502,-1.330278600379259e-07,3.089709163344018,0.1011742223096095,0.0036904376666666654,0.0013234908763297905,0.000982420549457675,0.0005149648968158778,0.0032930326916666636,3.0886298165959074,0.10250210444858163,-0.001079346748110499,0.001327882138972128,0.0013251001600594824,0.9958309813332175,5.024640842557392e-08,-2.4083275078641336e-05,0.0008092862238640432,0.0008092862238640432,0.17670264667592037,1.002099448024005,5.0036930210908925e-08]"
/multi_agv/m2b_algorithm_state,1789558509.4669008,1789558509.4669008,m2b_algorithm_state_v1:header6+3x20,"[1.0,-0.15,0.52,3.09183684742802,0.1012504044532229,1789558509.466803,3.0904167109313616,0.10107522548018745,0.0036904376666666654,0.001540339679920818,0.0006967235136117183,0.0005695728679983188,0.004584685874999997,3.091430687175597,0.09995143546608917,0.0010139762442356037,-0.0011237900140982776,-0.0011258225273386205,1.003632568854927,4.1975934826271035e-08,0.00014164777795588413,0.001543347101453605,0.001543347101453605,0.1419524922351454,0.9981946415256516,4.2128415299777396e-08,3.0913971865128835,0.10150169547702129,0.002796189458333334,-0.0009437349001195942,0.0016671087717159416,0.0007539617244735619,-0.0017884964166666626,3.089419608160426,0.10484452339261263,-0.0019775783524575985,0.0033428279155913454,0.0033255429703519814,0.9897902989129475,-2.2638087899551187e-07,0.0008535700297799833,-0.005528313408072027,-0.005528313408072027,0.12046881692132651,1.0051976310014525,-2.2406959788914347e-07,3.0907105533226895,0.10117420374938156,0.0036904376666666654,0.0013235925638113446,0.000982415732558817,0.0005149233248135745,0.0032930326916666636,3.0893747980172694,0.10240154358122357,-0.0013357553054200721,0.001227339831842006,0.0012249613744156785,0.9961422265033184,4.293196916242882e-08,-0.0004447327573594117,0.0023547168211246784,0.0023547168211246784,0.17670411877561532,1.0019416591216699,4.276634734963365e-08]"
/multi_agv/m2b_algorithm_state,1789558509.4771338,1789558509.4771338,m2b_algorithm_state_v1:header6+3x20,"[1.0,-0.15,0.52,3.0928405019032694,0.10125038040712044,1789558509.47706,3.091412084038361,0.10107529635246944,0.0036904376666666654,0.0015398381522868073,0.0006967706741499487,0.0005697657289187223,0.004584685874999997,3.0925696746683036,0.10137977349118983,0.0011575906299423622,0.0003044771387203937,0.00030432953743779657,0.9990315761964184,3.0772751753815293e-09,0.0017513178248657493,-0.004821197609176104,-0.004821197609176104,0.1419427491491334,1.0004850047873757,3.074295068851519e-09,3.0923925390676876,0.10150165226118131,0.002796189458333334,-0.0009431906591337463,0.0016670749190037526,0.0007537434238752,-0.0017884964166666626,3.0904651033839974,0.10484452339261263,-0.0019274356836902484,0.0033428711314313214,0.0033255857347074687,0.9897901659027211,-2.2625621469408722e-07,0.0009162911300946582,-0.005753009774210992,-0.005753009774210992,0.12046268670358311,1.0051976999249947,-2.2394617627858227e-07,3.0917059191780103,0.10117426474601798,0.0036904376666666654,0.0013232593305279581,0.0009824320426910175,0.0005150592845871954,0.0032930326916666636,3.090387348456915,0.1023172110679671,-0.0013185707210952025,0.001142946321949112,0.0011408823932754267,0.9964040404914527,3.7223735660767015e-08,-0.0005073310080935763,0.00261530184225752,0.00261530184225752,0.17668504713051833,1.0018090634809078,3.708988061457403e-08]"
/multi_agv/m2b_algorithm_state,1789558509.48717,1789558509.48717,m2b_algorithm_state_v1:header6+3x20,"[1.0,-0.15,0.52,3.0938431296760336,0.10125036370979179,1789558509.4870617,3.092415731098295,0.10107523700083175,0.0036904376666666654,0.0015402601326683077,0.0006967333791635605,0.0005696022168890948,0.004584685874999997,3.093663363533697,0.10222664338545333,0.0012476324354020463,0.0011514063846215783,0.0011493091053347466,0.9963728891514632,4.399155309586236e-08,0.0027088496495873042,-0.008635194856459746,-0.008635194856459746,0.14195249174703958,1.0018248174290945,4.383199085638437e-08,3.0933962024184334,0.10150169004508071,0.002796189458333334,-0.000943650534803729,0.001667101545491878,0.0007539289138808053,-0.0017884964166666626,3.0915638749133207,0.1040224101661992,-0.0018323275051126409,0.0025207201211184943,0.00251082981894738,0.9922280872116788,-1.2879311664450264e-07,0.0002204204375565789,-0.002876052408279656,-0.002876052408279656,0.12046881720256396,1.0039390571581073,-1.2779214777420547e-07,3.0927095721930797,0.10117421417544886,0.0036904376666666654,0.001323537500820629,0.0009824197859181535,0.0005149450841036005,0.0032930326916666636,3.0912882605754817,0.10130339423480092,-0.0014213116175980645,0.00012918005935205756,0.00012915349091363016,0.9995888612412448,4.759546532050845e-10,-0.0016474860310839504,0.007116634301604644,0.007116634301604644,0.1767041197196812,1.0002057121200478,4.75758969799742e-10]"
/multi_agv/m2b_algorithm_state,1789558509.4974983,1789558509.4974983,m2b_algorithm_state_v1:header6+3x20,"[1.0,-0.15,0.52,3.0948487326852843,0.1012503284745725,1789558509.4974332,3.093418353475419,0.10107519736331054,0.0036904376666666654,0.0015405405173340371,0.0006967062069135992,0.00056949481538249,0.004584685874999997,3.0945938910402,0.10045768788333678,0.0011755375647810595,-0.0006175094799737574,-0.0006181208332756554,1.0019846739389402,1.2671353096406924e-08,0.000851301122700669,-0.0011976039902386704,-0.0011976039902386704,0.14195249711757893,0.9990109485573262,1.2696501600668472e-08,3.094398836794737,0.1015017139451758,0.002796189458333334,-0.0009439552813519372,0.0016671213561090248,0.0007540507061520596,-0.0017884964166666626,3.092601190132305,0.1040224101661992,-0.0017976466624318732,0.002520696221023397,0.0025108061078374477,0.99222816132493,-1.288322548576228e-07,0.0002637477797976062,-0.003031500559260731,-0.003031500559260731,0.12046881410916148,1.0039390190883626,-1.2783099135672387e-07,3.093712198757946,0.10117417982088901,0.0036904376666666654,0.0013237249704304579,0.0009824103618382377,0.000514868725353839,0.0032930326916666636,3.0924630412095815,0.10154451856340321,-0.0012491575483646322,0.00037033874251420074,0.0003701207801173181,0.998824551130373,3.91165334937523e-09,-0.001191326155338472,0.005391619335650796,0.005391619335650796,0.17670410926310037,1.0005888953244224,3.907055400867334e-09]"
/multi_agv/m2b_algorithm_state,1789558509.5072243,1789558509.5072243,m2b_algorithm_state_v1:header6+3x20,"[1.0,-0.15,0.52,3.0958430620509323,0.10125036599710945,1789558509.5071664,3.094423945001934,0.10107511503221216,0.0036904376666666654,0.0015411213300145234,0.0006966480438966192,0.0005692733105970847,0.004584685874999997,3.0954622131776346,0.09893976113448312,0.0010382681757006296,-0.0021353538977290365,-0.002142748454356665,1.0069814807486772,1.517348982942597e-07,-0.000844913234730878,0.005471546967217536,0.005471546967217536,0.14195250784375243,0.9965490318695162,1.5279423256560356e-07,3.0954044539760837,0.10150176233196323,0.002796189458333334,-0.0009445850468796681,0.0016671638723968485,0.0007543015721721558,-0.0017884964166666626,3.0935932228413683,0.10392213600350067,-0.0018112311347153742,0.00242037367153744,0.002411248176418646,0.9925288872982256,-1.1886954390676112e-07,0.00014720925802442835,-0.0025688085372745396,-0.0025688085372745396,0.12046880790244585,1.0037845524189666,-1.1798145614742519e-07,3.0947177990778365,0.10117410805954215,0.0036904376666666654,0.0013241150591760992,0.0009823896930109656,0.000514710388145303,0.0032930326916666636,3.0934787250253812,0.10139787034703837,-0.001239074052455269,0.00022376228749622362,0.00022368262775269017,0.9992885990530134,1.4285948293096733e-09,-0.0013251599378163962,0.0059313935454555124,0.0059313935454555124,0.17670408834007884,1.0003561284322067,1.4275785255952422e-09]"
/multi_agv/m2b_algorithm_state,1789558509.5176888,1789558509.5176888,m2b_algorithm_state_v1:header6+3x20,"[1.0,-0.15,0.52,3.0968372617957063,0.10125040311664923,1789558509.5174649,3.0954182856366543,0.10107520888537457,0.0036904376666666654,0.001540453188271511,0.0006967050528169589,0.0005695332691652645,0.004584685874999997,3.096427114340462,0.09932136350975425,0.001008828703807474,-0.0017538453756203165,-0.0017588193927654918,1.0057095811014323,1.0228914329869264e-07,-0.0004977835130061494,0.004081080087366726,0.004081080087366726,0.14195249827192127,0.9971719568446682,1.0287317145815256e-07,3.096398769968675,0.10150170162560258,0.002796189458333334,-0.0009438570642013033,0.0016671237532266403,0.0007540068854794413,-0.0017884964166666626,3.09462865499248,0.10392213600350067,-0.0017701149761948365,0.002420434377898087,0.0024113084216469184,0.9925286988779634,-1.1878391805544318e-07,0.00019866470140337275,-0.002752307305050299,-0.002752307305050299,0.1204688134378643,1.0037846491013933,-1.1789644763519564e-07,3.0957121305474686,0.10117418748035116,0.0036904376666666654,0.001323677171771695,0.0009824081532423309,0.0005148905929581041,0.0032930326916666636,3.094474516529675,0.10125112441000778,-0.0012376140177936534,7.693692965661525e-05,7.69275017243547e-05,0.9997549891674586,1.6885199446092522e-10,-0.0014700900205177122,0.00650928962344147,0.00650928962344147,0.17670410698931763,1.0001225560696658,1.6881062389318607e-10]"
/multi_agv/m2b_algorithm_state,1789558509.527498,1789558509.527498,m2b_algorithm_state_v1:header6+3x20,"[1.0,-0.15,0.52,3.09784917354427,0.10125032575990955,1789558509.5274255,3.0964124970366607,0.10107529828363254,0.0036904376666666654,0.0015398199344558274,0.0006967641871487018,0.0005697769997617062,0.004584685874999997,3.0974248070710897,0.09932136350975425,0.0010123100344290314,-0.0017539347738782934,-0.0017589092954926147,1.0057098710492676,1.0225748184021732e-07,-0.0004935217524563254,0.004065452310559244,0.004065452310559244,0.14195048565109697,0.9971718145858524,1.0284135887534778e-07,3.097392955559841,0.10150164670678627,0.002796189458333334,-0.0009431691159812738,0.0016670812924037826,0.0007537307704110763,-0.0017884964166666626,3.0956725629290824,0.10392213600350067,-0.001720392630758738,0.002420489296714401,0.002411362923283516,0.9925285284210225,-1.1870275142346108e-07,0.0002608721348350933,-0.0029743332129693475,-0.0029743332129693475,0.12046755705463931,1.0037847365665131,-1.1781586718985426e-07,3.096706332790618,0.10117426435952892,0.0036904376666666654,0.0013232566029469828,0.000982428427786508,0.0005150623471535487,0.0032930326916666636,3.0954915938957326,0.10125112441000778,-0.0012147388948853255,7.686005047885525e-05,7.685064138320814e-05,0.9997552340355489,1.6846112042574077e-10,-0.0014415729772234488,0.006407639162255405,0.006407639162255405,0.1767001993866756,1.0001224335344214,1.6841988687712725e-10]"
/multi_agv/m2b_algorithm_state,1789558509.5372293,1789558509.5372293,m2b_algorithm_state_v1:header6+3x20,"[1.0,-0.15,0.52,3.0988375300697837,0.10125040064874839,1789558509.5371082,3.097424384498559,0.10107511180092132,0.0036904376666666654,0.0015411409124032106,0.00069664120745525,0.0005692683783870554,0.004584685874999997,3.098918584287836,0.10069990832674514,0.0014941997892772285,-0.00037520347417618893,-0.00037542876580485537,1.0012026043198976,4.679137455253529e-09,0.0014923209707916802,-0.003580885460890054,-0.003580885460890054,0.14195251054210095,0.999399908453516,4.6847646061706115e-09,3.0984048967897193,0.10150176140573389,0.002796189458333334,-0.000944604461463145,0.001667169736348395,0.0007543069374729983,-0.0017884964166666626,3.096778773065426,0.10368848410908488,-0.0016261237242933824,0.0021867227033509906,0.0021792607734888404,0.9932320049076826,-9.704602495053785e-08,0.00014660611812211243,-0.0024596403546421576,-0.0024596403546421576,0.12046880633825546,1.0034240646887815,-9.638921792994369e-08,3.0977182393445313,0.10117410407307345,0.0036904376666666654,0.001324133471887322,0.0009823863754776065,0.000514704132559005,0.0032930326916666636,3.0963603503836907,0.10135773650733791,-0.0013578889608405476,0.00018363243426446074,0.00018357876869981975,0.9994159168123018,9.621713863865487e-10,-0.0015137824323508647,0.006618872136645675,0.006618872136645675,0.17670408302586757,1.0002923299084152,9.616093982560762e-10]"
/multi_agv/m2b_algorithm_state,1789558509.547171,1789558509.547171,m2b_algorithm_state_v1:header6+3x20,"[1.0,-0.15,0.52,3.0998427343465615,0.1012503667254221,1789558509.547047,3.0984127641986587,0.10107529466922258,0.0036904376666666654,0.001539843128374299,0.0006967585453504725,0.0005697698807181042,0.004584685874999997,3.0998515876350274,0.09824713531993191,0.001438823436368697,-0.0028281593492906626,-0.0028411982781422415,1.0093187910065584,2.6606634599080353e-07,-0.0010426689826813704,0.006464005891580806,0.006464005891580806,0.14195249022595519,0.9954107642004821,2.685457626629705e-07,3.0993932253958696,0.101501646857435,0.002796189458333334,-0.0009431928620193437,0.0016670859782568215,0.0007537386260597911,-0.0017884964166666626,3.0977293747548216,0.10303545339300574,-0.0016638506410480147,0.0015338065355707392,0.0015301170884178626,0.9952171924350518,-4.769700915532843e-08,-0.0005496962128921559,0.00032519000307934206,0.00032519000307934206,0.12046881809125383,1.002411218841227,-4.7468883539114923e-08,3.0987066006148236,0.10117426041958763,0.0036904376666666654,0.0013232757125237753,0.0009824257914636814,0.0005150554351766312,0.0032930326916666636,3.09744312396092,0.10117040421334252,-0.0012634766539036946,-3.856206245114735e-06,-3.856229944225938e-06,1.0000122915918244,4.240819683010278e-13,-0.0015832020473238442,0.006945301385396778,0.006945301385396778,0.17670412268869873,0.9999938543314206,4.2408718094348223e-13]"
/multi_agv/m2b_algorithm_state,1789558509.557155,1789558509.557155,m2b_algorithm_state_v1:header6+3x20,"[1.0,-0.15,0.52,3.1008465604408464,0.10125034273931195,1789558509.557048,3.099417958007094,0.10107521169201254,0.0036904376666666654,0.0015404319907514077,0.0006967056158908133,0.0005695421645202616,0.004584685874999997,3.1003797662648367,0.09702542916622896,0.0009618082577427245,-0.004049782525783585,-0.004076764998148446,1.0135277972807613,5.461973002769582e-07,-0.0028745046759700403,0.013391236702341255,0.013391236702341255,0.14195250023756378,0.9933814010920141,5.53586146630404e-07,3.1003984422736717,0.1015016989285591,0.002796189458333334,-0.0009438333911634574,0.0016671237813303819,0.0007539966094109868,-0.0017884964166666626,3.0987565193222366,0.10303545339300574,-0.0016419229514350597,0.0015337544644466322,0.0015300652689562192,0.9952173553669076,-4.772615034630249e-08,-0.0005223384203376054,0.00022693289219486421,0.00022693289219486421,0.12046881231506659,1.0024111360248897,-4.749789312949058e-08,3.099711802758919,0.10117418955569468,0.0036904376666666654,0.001323664499327104,0.0009824080699471832,0.0005148961292828283,0.0032930326916666636,3.0983782946613285,0.10037579014910687,-0.0013335080975904745,-0.0007983994065878103,-0.0007994214247396195,1.0025678811841043,1.819438119103099e-08,-0.0024663065467277127,0.010412452869100445,0.010412452869100445,0.17670410322207572,0.9987215527127735,1.824110220014786e-08]"
/multi_agv/m2b_algorithm_state,1789558509.5671158,1789558509.5671158,m2b_algorithm_state_v1:header6+3x20,"[1.0,-0.15,0.52,3.101837131402874,0.10125040329063124,1789558509.5670316,3.1004217763553603,0.10107515545713171,0.0036904376666666654,0.0015408286957148782,0.0006966663152652146,0.0005693906515452039,0.004584685874999997,3.1014020595490903,0.09752205707913925,0.0009802831937300027,-0.0035530983779924613,-0.0035737909464021176,1.0118029638242325,4.204136042069224e-07,-0.002348436954239614,0.011349598099615228,0.011349598099615228,0.14195250776664692,0.994209910786615,4.253757307685919e-07,3.101402277914175,0.10150173209890131,0.002796189458333334,-0.0009442633360343881,0.001667152419985829,0.0007541680787681027,-0.0017884964166666626,3.0994850057323795,0.10280024583695352,-0.001917272181795493,0.0012985137380522038,0.0012958646957960424,0.9959400020558112,-3.423023911386502e-08,-0.0011007255314483238,0.002394370161611934,0.002394370161611934,0.12046880796460277,1.0020442275067414,-3.409126441343364e-08,3.100715627053004,0.10117414066190282,0.0036904376666666654,0.0013239303190969737,0.00098239413133856,0.0005147881570552247,0.0032930326916666636,3.0990013454080154,0.1013444695076663,-0.0017142816449884357,0.0001703288457634844,0.00017028266971166756,0.9994581502825886,8.276894773964595e-10,-0.001972569386523877,0.008254085862193401,0.008254085862193401,0.1767040885259617,1.0002711729378861,8.272409940870277e-10]"
/multi_agv/m2b_algorithm_state,1789558509.5771487,1789558509.5771487,m2b_algorithm_state_v1:header6+3x20,"[1.0,-0.15,0.52,3.1028405153584,0.10125038094231557,1789558509.5770297,3.101412366184184,0.10107530253911064,0.0036904376666666654,0.0015397855416943882,0.0006967618577839113,0.0005697931191842724,0.004584685874999997,3.102585329221351,0.09889860770244466,0.001172963037166852,-0.0021766948366659794,-0.002184380856779624,1.0071199345500488,1.5753452819910075e-07,-0.0007181770603210589,0.005041713034222482,0.005041713034222482,0.14195249141315672,0.9964813736167896,1.5865616372925116e-07,3.1023928260760787,0.10150164062049503,0.002796189458333334,-0.0009431290615940116,0.001667084019613796,0.0007537119895913436,-0.0017884964166666626,3.100519807443302,0.10302448039692749,-0.0018730186327768905,0.001522839776432458,0.0015192025966243065,0.9952507939719906,-4.701457517450744e-08,-0.0008220706943468067,0.0013022289833769713,0.0013022289833769713,0.12046881738699346,1.0023941374351477,-4.679129327068437e-08,3.1017062019483594,0.10117426671228809,0.0036904376666666654,0.0013232394727961338,0.0009824264649970892,0.0005150707933222693,0.0032930326916666636,3.10005879104935,0.10192749028746986,-0.0016474108990096603,0.0007532235751817745,0.000752324548870645,0.9976196615421472,1.617080643941759e-08,-0.0013069390748914303,0.005635420329080425,0.005635420329080425,0.17670412035331481,1.0011949979732537,1.613231444695535e-08]"
/multi_agv/m2b_algorithm_state,1789558509.5870607,1789558509.5870607,m2b_algorithm_state_v1:header6+3x20,"[1.0,-0.15,0.52,3.103841540539952,0.10125037438493449,1789558509.586955,3.1024157434079322,0.10107524680311246,0.0036904376666666654,0.0015401820421070567,0.0006967278778073009,0.0005696389273681656,0.004584685874999997,3.1037538973621097,0.09815890960730994,0.0013381539541774679,-0.002916337195802518,-0.002930211069252488,1.0096188513716013,2.829945953229712e-07,-0.0012575186265306533,0.007256689701699218,0.007256689701699218,0.141952498139788,0.9952652306874571,2.857166782743493e-07,3.1033962180371173,0.10150167651139652,0.002796189458333334,-0.000943560953573327,0.0016671080361518875,0.0007538867072428429,-0.0017884964166666626,3.1018551869686957,0.10312549131091277,-0.0015410310684216277,0.001623814799516246,0.0016196824606136587,0.9949417328619637,-5.34765991626879e-08,-0.000306606374913376,-0.0005833237981541923,-0.0005833237981541923,0.12046881350606899,1.0025513265736186,-5.320610023848934e-08,3.1027095846301505,0.10117421951243774,0.0036904376666666654,0.0013234994305125684,0.0009824154303480492,0.000514963851585973,0.0032930326916666636,3.101362904576358,0.10162330729093733,-0.0013466800537922374,0.00044908777849958503,0.000448767456460162,0.9985758778221486,5.750771908322163e-09,-0.0012345826107801347,0.005510840719542054,0.005510840719542054,0.17670410719300222,1.0007137817923555,5.742582106507757e-09]"
/multi_agv/m2b_algorithm_state,1789558509.5970526,1789558509.5970526,m2b_algorithm_state_v1:header6+3x20,"[1.0,-0.15,0.52,3.1048385497281696,0.10125039351858212,1789558509.5969284,3.1034167665717063,0.10107523076059906,0.0036904376666666654,0.001540295814659383,0.0006967177096153243,0.0005695949006630311,0.004584685874999997,3.1046019311266813,0.09702909924337372,0.0011851645549749712,-0.00404613151722534,-0.004073064615916385,1.013515046839422,5.451634264848377e-07,-0.002591608922197671,0.012400232003326954,0.012400232003326954,0.14195250063247417,0.9933875100861898,5.525313357289201e-07,3.104397245647384,0.10150168656825408,0.002796189458333334,-0.000943684683678489,0.0016671153222951318,0.0007539365499587836,-0.0017884964166666626,3.1028801030672306,0.10312549131091277,-0.0015171425801532301,0.001623804742658691,0.001619672455193306,0.9949417643042484,-5.3482947059666896e-08,-0.0002767557699982317,-0.0006900126169219058,-0.0006900126169219058,0.12046881208246456,1.0025513105764905,-5.3212417707735697e-08,3.1037106094007663,0.10117420582595031,0.0036904376666666654,0.0013235744540738815,0.0009824120370709455,0.0005149330968449366,0.0032930326916666636,3.102347117820095,0.1013199356751356,-0.0013634915806712833,0.00014572984918528875,0.00014569604131528066,0.9995362755720103,6.057294915273933e-10,-0.0015586684345238234,0.006794094516374725,0.006794094516374725,0.17670410240608023,1.0002320438476082,6.054485999654182e-10]"
/multi_agv/m2b_algorithm_state,1789558509.6071968,1789558509.6071968,m2b_algorithm_state_v1:header6+3x20,"[1.0,-0.15,0.52,3.105840706276222,0.10125037934732976,1789558509.6070735,3.1044137818253907,0.10107527649127655,0.0036904376666666654,0.0015399721598415126,0.0006967485130438429,0.0005697191692305117,0.004584685874999997,3.105511609559738,0.09630093570775593,0.0010978277343474119,-0.004774340783520625,-0.0048120462141399735,1.016077552349542,7.592372861512122e-07,-0.0034397615462057086,0.01565038449578778,0.01565038449578778,0.1419524958764658,0.9921643664791597,7.714439633650325e-07,3.105394247437951,0.10150165877383992,0.002796189458333334,-0.0009433332641444686,0.0016670931293440994,0.0007537957657733907,-0.0017884964166666626,3.1037830136475284,0.10224734057767881,-0.001611233790422606,0.0007456818038388963,0.0007448045494704383,0.997653762522295,-1.1281557549325034e-08,-0.0012692376885578192,0.0032379211480550573,0.0032379211480550573,0.12046881481572584,1.0011778316460094,-1.1255088336195922e-08,3.104707619921167,0.10117424529062989,0.0036904376666666654,0.0013233588596046363,0.0009824227135384117,0.0005150209951820701,0.0032930326916666636,3.103413133476275,0.10174876482956996,-0.0012944864448920512,0.0005745195389400687,0.000573995791795551,0.9981807102902008,9.409970460490137e-09,-0.0010441122643195131,0.004778462213548139,0.004778462213548139,0.17670411161505747,1.0009124581608504,9.392850998061854e-09]"
/multi_agv/m2b_algorithm_state,1789558509.617255,1789558509.617255,m2b_algorithm_state_v1:header6+3x20,"[1.0,-0.15,0.52,3.1068399043809314,0.10125038447030003,1789558509.6169684,3.105415934077731,0.10107524124315165,0.0036904376666666654,0.0015402228509969512,0.0006967268731700388,0.0005696217609810397,0.004584685874999997,3.106683936056289,0.09854505483481665,0.001268001978557809,-0.0025301864083349945,-0.0025405991864817464,1.0083091420570849,2.1296592697659135e-07,-0.0009555967132844853,0.006030516592502769,0.006030516592502769,0.14195250041495078,0.995901447893805,2.147354911171586e-07,3.106396409102814,0.10150168140386749,0.002796189458333334,-0.0009436063853830029,0.0016671084797752478,0.0007539061696132388,-0.0017884964166666626,3.104813173962305,0.10265908957795541,-0.001583235140508954,0.0011574081740879233,0.0011553013199258983,0.9963753530582468,-2.7178918108148795e-08,-0.0008237426057102941,0.0014698228641379717,0.0014698228641379717,0.12046881221933722,1.0018236404007226,-2.7080404125747932e-08,3.105709775648122,0.1011742153949701,0.0036904376666666654,0.0013235234377089885,0.0009824156728421626,0.0005149533192879223,0.0032930326916666636,3.104381641196424,0.10130728682333864,-0.0013281344516977711,0.00013307142836854746,0.0001330432359767101,0.9995764949610452,5.050547330885333e-10,-0.0015271248286455037,0.006687464470919089,0.006687464470919089,0.17670410287035188,1.0002119039846737,5.048408398641224e-10]"
/multi_agv/m2b_algorithm_state,1789558509.6271117,1789558509.6271117,m2b_algorithm_state_v1:header6+3x20,"[1.0,-0.15,0.52,3.10784023830094,0.1012503822144336,1789558509.6269975,3.106415133828746,0.10107525325993899,0.0036904376666666654,0.0015401380140959912,0.0006967353103053847,0.0005696541456932073,0.004584685874999997,3.1073661653181324,0.09917565124709016,0.0009510314893863558,-0.0018996020128488333,-0.0019054435379741498,1.0061942370496268,1.1998460124793957e-07,-0.000716654176241205,0.004916290191384334,0.004916290191384334,0.14195249960263748,0.9969342963940421,1.2072781431037427e-07,3.1073956051788985,0.10150167430683536,0.002796189458333334,-0.000943514507980291,0.0016671023939012208,0.0007538695096059866,-0.0017884964166666626,3.1054845239342157,0.10317968678206894,-0.0019110812446827552,0.0016780124752335812,0.001673601501641429,0.994776142734668,-5.7100845772051404e-08,-0.000715250054212015,0.0008514591599240518,0.0008514591599240518,0.12046881268109379,1.0026356176113764,-5.680255910400847e-08,3.1067089741351497,0.10117422584412575,0.0036904376666666654,0.0013234665629343243,0.000982418689164044,0.0005149764033215241,0.0032930326916666636,3.104926915720872,0.10106679353665324,-0.0017820584142778095,-0.00010743230747251031,-0.0001074507161048569,1.000342841094505,3.2922543404157425e-10,-0.002335023733952119,0.00965796758596901,0.00965796758596901,0.17670410444305593,0.9998286783651715,3.2933830604971993e-10]"
/multi_agv/m2b_algorithm_state,1789558509.637198,1789558509.637198,m2b_algorithm_state_v1:header6+3x20,"[1.0,-0.15,0.52,3.1088369621416487,0.10125040291757026,1789558509.637079,3.107415467106226,0.10107524727302925,0.0036904376666666654,0.0015401809379369095,0.0006967321711756286,0.0005696371728081462,0.004584685874999997,3.1083040108224105,0.09850106636968604,0.000888543716184298,-0.002574180903343201,-0.0025849625065979837,1.0084577962597625,2.204366890297353e-07,-0.0014742828613676113,0.007873558522537294,0.007873558522537294,0.14195250083799896,0.9958291065238806,2.2230109763372542e-07,3.1083959398290872,0.10150167847728261,0.002796189458333334,-0.0009435616129675434,0.0016671045844418586,0.000753888788547083,-0.0017884964166666626,3.1064749440636175,0.10289772382768277,-0.0019209957654697796,0.0013960453504001519,0.0013929856882602682,0.9956399113330802,-3.953323441266066e-08,-0.0010082590185769562,0.002022279882901313,0.002022279882901313,0.12046881195284495,1.0021964777999297,-3.936086600533133e-08,3.1077093079675064,0.1011742208929889,0.0036904376666666654,0.0013234941669354587,0.0009824178162651572,0.000514964892116792,0.0032930326916666636,3.1058942397789675,0.10077618303945975,-0.0018150681885389375,-0.000398037853529154,-0.0003982911061732763,1.0012744181128075,4.52032316336607e-09,-0.002667126341846948,0.010957271019002303,0.010957271019002303,0.17670410196972478,0.9993641518974514,4.526083945081207e-09]"
/multi_agv/m2b_algorithm_state,1789558509.6470346,1789558509.6470346,m2b_algorithm_state_v1:header6+3x20,"[1.0,-0.15,0.52,3.109842152359924,0.10125036903716335,1789558509.6469126,3.1084121975666026,0.10107529619492507,0.0036904376666666654,0.0015398353440330029,0.000696765867572235,0.0005697694462896278,0.004584685874999997,3.109211354699674,0.09733042052240629,0.0007991571330712155,-0.0037448756725187854,-0.003767895342619715,1.0124667186263412,4.66776975472531e-07,-0.0027689489262806956,0.012899178408702158,0.012899178408702158,0.1419524955719044,0.9938905760357652,4.725961526870016e-07,3.109392655545373,0.10150164926635989,0.002796189458333334,-0.0009431869110084349,0.0016670802111717897,0.0007537390463688703,-0.0017884964166666626,3.107393143279914,0.10263470419864026,-0.0019995122654590247,0.0011330549322803724,0.0011310354325609617,0.9964506320347251,-2.603608069289092e-08,-0.0013683548992628192,0.003422072711117448,0.003422072711117448,0.12046881499180176,1.0017855317890774,-2.594366906213826e-08,3.1087060333129712,0.10117426329142584,0.0036904376666666654,0.0013232631777799994,0.0009824296880672776,0.0005150588416933614,0.0032930326916666636,3.106975180073679,0.10113623398851893,-0.0017308532392923404,-3.802930290691675e-05,-3.803160838201505e-05,1.0001212647218607,4.1245097605107963e-11,-0.0022015981574974404,0.009154993300721028,0.009154993300721028,0.17670411225705912,0.9999393800263418,4.125009918039716e-11]"
/multi_agv/m2b_algorithm_state,1789558509.6569498,1789558509.6569498,m2b_algorithm_state_v1:header6+3x20,"[1.0,-0.15,0.52,3.1108417306449123,0.10125037209664896,1789558509.6568406,3.1094173772887186,0.10107521335788042,0.0036904376666666654,0.0015404233239271277,0.0006967128725875677,0.0005695421466942239,0.004584685874999997,3.110180326585231,0.09847988581926406,0.0007629492965124385,-0.0025953275386163543,-0.0026062887567621256,1.0085293047002777,2.241116896864138e-07,-0.0016526021361215775,0.008509827848126067,0.008509827848126067,0.14195250556136846,0.9957943193679779,2.260232065746433e-07,3.1103978583990886,0.10150170126241617,0.002796189458333334,-0.0009438267474660908,0.0016671181174952032,0.0007539966757584698,-0.0017884964166666626,3.1084149549969564,0.10263470419864026,-0.0019829034021321412,0.0011330029362240923,0.0011309836224837311,0.9964507953286877,-2.6051346604154208e-08,-0.0013476456301814454,0.0033476461149816424,0.0033476461149816424,0.1204688092145192,1.001785449143752,-2.595888504309277e-08,3.1097112213919633,0.10117419249119346,0.0036904376666666654,0.001323651691904544,0.0009824119651892903,0.0005148996547034612,0.0032930326916666636,3.1079375868387014,0.10065784944647158,-0.0017736345532619602,-0.0005163430447218814,-0.0005167695948593054,1.0016554176874999,7.608250405366086e-09,-0.0027338127864367555,0.011242808258518188,0.011242808258518188,0.1767040927743891,0.9991745835249071,7.620845237658057e-09]"
/multi_agv/m2b_algorithm_state,1789558509.666919,1789558509.666919,m2b_algorithm_state_v1:header6+3x20,"[1.0,-0.15,0.52,3.1118413388775856,0.10125037486173745,1789558509.6668031,3.110416956387694,0.10107522155469652,0.0036904376666666654,0.0015403644992762248,0.0006967170709733846,0.0005695654609477376,0.004584685874999997,3.1112801146845315,0.09982580330657789,0.000863158296837252,-0.001249418248118625,-0.0012519329701913854,1.0040443810107342,5.18907398666115e-08,-0.00017298509914482046,0.002711632681303682,0.002711632681303682,0.14195250544425939,0.9979913285034933,5.2100605789560975e-08,3.111397435768855,0.1015016955200111,0.002796189458333334,-0.0009437625350268574,0.001667115371827954,0.0007539702700864459,-0.0017884964166666626,3.10941791763901,0.10431515765316765,-0.0019795181298447595,0.002813462133156544,0.002801168668706918,0.9913546124024311,-1.6042845743554043e-07,0.00032677100640096874,-0.0033920118682481187,-0.0033920118682481187,0.12046880930787449,1.0043886912583884,-1.590414912393301e-07,3.1107107997781878,0.10117419921523925,0.0036904376666666654,0.0013236141059047276,0.0009824131824922597,0.000514915313567837,0.0032930326916666636,3.108750591896333,0.10093204357292224,-0.001960207881854803,-0.00024215564231701292,-0.0002422492654468978,1.0007739548875816,1.673023926782366e-09,-0.0026925091177654016,0.010982681687540491,0.010982681687540491,0.17670409300978532,0.9996135256397488,1.6743187718275401e-09]"
/multi_agv/m2b_algorithm_state,1789558509.6770918,1789558509.6770918,m2b_algorithm_state_v1:header6+3x20,"[1.0,-0.15,0.52,3.1128416373160346,0.10125037314704967,1789558509.676962,3.111416565392818,0.10107522873258323,0.0036904376666666654,0.001540313165955974,0.0006967210629002629,0.0005695856354119118,0.004584685874999997,3.1123408248665236,0.10006614700506607,0.0009242594737055576,-0.0010090817275171665,-0.0010107190723039456,1.003257562528397,3.384084692258511e-08,0.00014460526982800143,0.0014813966148408309,0.0014813966148408309,0.1419525053533872,0.9983800198970753,3.3951085597449344e-08,3.112397043109366,0.10150169066858916,0.002796189458333334,-0.0009437066095775992,0.0016671126953395898,0.0007539474205551233,-0.0017884964166666626,3.11045579441528,0.10431515765316765,-0.0019412486940857399,0.0028134669845784888,0.0028011734773688477,0.9913545973984679,-1.6041950696761858e-07,0.0003746126097616729,-0.003563446439805242,-0.003563446439805242,0.12046880932996652,1.0043886989895352,-1.5903261574474424e-07,3.111710408130574,0.10117420518403997,0.0036904376666666654,0.0013235809379371212,0.0009824144212291054,0.0005149290462421671,0.0032930326916666636,3.109774697151456,0.10113753924805505,-0.0019357109791182658,-3.666593598491974e-05,-3.6668079098183964e-05,1.0001169156141319,3.834997935077618e-11,-0.002456306802996016,0.010058833584363927,0.010058833584363927,0.1767040931202501,0.9999415537078316,3.8354463062163915e-11]"
/multi_agv/m2b_algorithm_state,1789558509.6869643,1789558509.6869643,m2b_algorithm_state_v1:header6+3x20,"[1.0,-0.15,0.52,3.113842668022278,0.1012503668227665,1789558509.6868472,3.1124168632224545,0.10107522496917422,0.0036904376666666654,0.0015403394593287469,0.0006967180552322815,0.0005695758027582845,0.004584685874999997,3.113312487518947,0.09916670316780749,0.000895624296492592,-0.0019085218013667332,-0.0019144187125160455,1.0062239498070868,1.2113062562102464e-07,-0.0007948883419003055,0.005196193376409223,0.005196193376409223,0.1419525065324723,0.9969197380328767,1.2188453655499094e-07,3.1133973423197743,0.10150169266674834,0.002796189458333334,-0.0009437350851705193,0.0016671150112181898,0.0007539585590959907,-0.0017884964166666626,3.111427026381649,0.10298488333995814,-0.0019703159381254665,0.0014831906732098027,0.0014797393882014982,0.9953723525135776,-4.462821339907181e-08,-0.000983155534455335,0.0018940423727512785,0.0018940423727512785,0.12046880864809117,1.002332360033005,-4.442168975951207e-08,3.112710706405876,0.10117420180522647,0.0036904376666666654,0.0013235990371549635,0.0009824133066006274,0.0005149217807171422,0.0032930326916666636,3.1108194182477016,0.10129973259456872,-0.001891288158174298,0.00012553078934224304,0.00012550570009428106,0.999600459093937,4.4946561316261727e-10,-0.0022386044976235916,0.009217667709606393,0.009217667709606393,0.17670409084473965,1.0001999052468784,4.4928603326429014e-10]"
/multi_agv/m2b_algorithm_state,1789558509.696981,1789558509.696981,m2b_algorithm_state_v1:header6+3x20,"[1.0,-0.15,0.52,3.1148422214563354,0.10125037009175021,1789558509.696904,3.1134178918400592,0.10107521035933223,0.0036904376666666654,0.001540442309033353,0.0006967075239280966,0.0005695366995205533,0.004584685874999997,3.114429332620414,0.09947705332557127,0.0010114407803549774,-0.0015981570337609552,-0.0016022823226564907,1.0051936289686736,8.492536090223583e-08,-0.00033798134721276895,0.0034487541842272386,0.0034487541842272386,0.14195250903336185,0.9974253670297654,8.536643171679274e-08,3.1143983756182654,0.10150170109717925,0.002796189458333334,-0.0009438465343079546,0.0016671227879627715,0.0007540028232382312,-0.0017884964166666626,3.112507868137264,0.10434495218601303,-0.001890507481001169,0.0028432510888337786,0.0028306987692545173,0.9912660656583068,-1.6385456788906823e-07,0.00046756441800305595,-0.003910570635034798,-0.003910570635034798,0.12046880722617113,1.0044343537064409,-1.624234728515386e-07,3.1137117366085088,0.10117418901178804,0.0036904376666666654,0.001323668364406339,0.0009824095304761691,0.0005148936942356618,0.0032930326916666636,3.1120179023375187,0.1018936077748555,-0.0016938342709900134,0.0007194187630674559,0.0007185984121046079,0.9977256152119665,1.475702516232868e-08,-0.001398694426632909,0.0059771415989600864,0.0059771415989600864,0.17670408599370407,1.0011415986300964,1.4723462008782852e-08]"
/multi_agv/m2b_algorithm_state,1789558509.707015,1789558509.707015,m2b_algorithm_state_v1:header6+3x20,"[1.0,-0.15,0.52,3.1158439747441897,0.10125035924682009,1789558509.7069416,3.1144174461694103,0.10107521911426598,0.0036904376666666654,0.0015403793847573576,0.0006967120826765871,0.0005695616033486585,0.004584685874999997,3.1155039822321573,0.10070789901818772,0.001086536062747001,-0.00036732009607826077,-0.0003675360068246248,1.001177229756034,4.482334145678263e-09,0.0009906340716091266,-0.0018066761983079657,-0.0018066761983079657,0.14195250886876065,0.9994125453224857,4.487610882811042e-09,3.115397928044152,0.10150169493904167,0.002796189458333334,-0.0009437776600511863,0.0016671197634501311,0.0007539745418743415,-0.0017884964166666626,3.113652285404255,0.10489717322982536,-0.0017456426398969604,0.003395478290783696,0.003377651732228162,0.9896357796423644,-2.3356930934585861e-07,0.0011955984323569614,-0.006781437065876056,-0.006781437065876056,0.12046880732037625,1.0052777965192328,-2.3114854555501738e-07,3.1147112901554435,0.10117419622194301,0.0036904376666666654,0.0013236279958099974,0.0009824108360986907,0.0005149105133059289,0.0032930326916666636,3.113055279757892,0.10225650387425206,-0.0016560103975513663,0.0010823076523090447,0.0010804560643447648,0.9965924680548361,3.338950216770997e-08,-0.000989556932594443,0.004361190629562111,0.004361190629562111,0.17670408631070758,1.00171370963187,3.3275726372440385e-08]"
/multi_agv/m2b_algorithm_state,1789558509.7170525,1789558509.7170525,m2b_algorithm_state_v1:header6+3x20,"[1.0,-0.15,0.52,3.1168399171548944,0.10125038559404655,1789558509.716823,3.1154191959201016,0.10107519392075447,0.0036904376666666654,0.0015405568420407381,0.0006966941609275238,0.0005694940049507293,0.004584685874999997,3.116610653229999,0.10139014660489683,0.001191457309897448,0.0003149526841423611,0.00031479476397442975,0.9989983751851461,3.294179109300074e-09,0.0018041164013462396,-0.0050130767069383846,-0.0050130767069383846,0.14195251265537698,1.0005016607199482,3.290879577759626e-09,3.116399685711085,0.10150170958698553,0.002796189458333334,-0.0009439698603352226,0.0016671329006858748,0.0007540510204962769,-0.0017884964166666626,3.1145723109135077,0.10348376555103102,-0.0018273747975774413,0.0019820559640454927,0.0019759159139382675,0.9938510528850711,-7.968861217862662e-08,-0.0003083025830335341,-0.0007393168485631357,-0.0007393168485631357,0.12046880511934177,1.0031074450405064,-7.919861111667818e-08,3.115713042601383,0.10117417423272031,0.0036904376666666654,0.0013237472764510128,0.000982404421163774,0.0005148621465756501,0.0032930326916666636,3.1141034091960424,0.10258118823160976,-0.0016096334053403716,0.0014070139988894559,0.0014038924405012413,0.9955865182267926,5.642115232631994e-08,-0.0006081493161742232,0.00285731502778187,0.00285731502778187,0.176704078913308,1.002223502526376,5.6172138598904366e-08]"
/multi_agv/m2b_algorithm_state,1789558509.727016,1789558509.727016,m2b_algorithm_state_v1:header6+3x20,"[1.0,-0.15,0.52,3.1178418367369662,0.10125037317833445,1789558509.7268445,3.1164151465022103,0.10107525819023483,0.0036904376666666654,0.0015401007134903666,0.0006967355588228582,0.0005696701846753328,0.004584685874999997,3.1173808259175932,0.10124747816242512,0.0009656794153829473,0.00017221997219028784,0.00017217270257575897,0.999451412535146,9.847790258698494e-10,0.0013792719718044432,-0.0034368479905382762,-0.0034368479905382762,0.14195250597796338,1.0002745476711563,9.84238788440606e-10,3.1173956182711087,0.10150166937229156,0.002796189458333334,-0.0009434737244791366,0.0016671033486423958,0.0007538513347350173,-0.0017884964166666626,3.1151430267716242,0.10325112520605406,-0.0022525914994844243,0.0017494558337625005,0.0017446638617832815,0.9945581792868317,-6.206069027621063e-08,-0.0010710755125722489,0.002090514856044227,0.002090514856044227,0.1204688089772167,1.0027466448318136,-6.172296712639202e-08,3.1167089866913646,0.10117422921961328,0.0036904376666666654,0.001323445599272458,0.0009824183559088437,0.0005149856635730992,0.0032930326916666636,3.1148045450636714,0.10235002877782723,-0.0019044416276932097,0.0011757995582139524,0.00117361581418644,0.9963020589782209,3.939904725611017e-08,-0.001206936220430072,0.0050946624593596265,0.0050946624593596265,0.17670409188153777,1.0018606975137143,3.9253351903042786e-08]"
/multi_agv/m2b_algorithm_state,1789558509.7369082,1789558509.7369082,m2b_algorithm_state_v1:header6+3x20,"[1.0,-0.15,0.52,3.118841497350939,0.10125037554601467,1789558509.7368202,3.1174170622661177,0.10107522778354885,0.0036904376666666654,0.0015403164573844995,0.0006967162770649793,0.0005695866980376855,0.004584685874999997,3.1182766699143714,0.10105918761604377,0.0008596076482536574,-1.6040167505088077e-05,-1.604057813508896e-05,1.0000512033151696,8.544922139694431e-12,0.0010584689821819828,-0.002209816666301109,-0.002209816666301109,0.14195251008891993,0.9999744005485696,8.54535966803585e-12,3.1183975424453703,0.10150168847367759,0.002796189458333334,-0.0009437083854150615,0.0016671171252120587,0.0007539458860294362,-0.0017884964166666626,3.1162266182368854,0.1045848865365666,-0.002170924208484859,0.0030831980628890088,0.0030684646804208147,0.9905550827612697,-1.9261424825502326e-07,0.0003548094198147409,-0.003617143439619735,-0.003617143439619735,0.12046880660840417,1.0048015486579347,-1.907950226212543e-07,3.1177109054994108,0.10117420327777689,0.0036904376666666654,0.0013235878983881059,0.0009824119202342498,0.0005149273300367016,0.0032930326916666636,3.115904087095844,0.103232322175769,-0.00180681840356689,0.002058118897992109,0.002051472735242522,0.9935919510095097,1.206494540747464e-07,-0.00020705026921609025,0.0011316496491107233,0.0011316496491107233,0.17670408395383183,1.0032397031826996,1.1987632646235952e-07]"
/multi_agv/m2b_algorithm_state,1789558509.7473917,1789558509.7473917,m2b_algorithm_state_v1:header6+3x20,"[1.0,-0.15,0.52,3.119839971621458,0.10125038536376478,1789558509.7473164,3.1184167236015554,0.10107523370646641,0.0036904376666666654,0.0015402741797335769,0.000696719959598812,0.000569603108177449,0.004584685874999997,3.1193165836336507,0.10160284270081678,0.000899860032095301,0.0005276089943503648,0.0005271665354241759,0.9983261225753794,9.241350545105983e-09,0.001651991575543302,-0.0045730714113704895,-0.0045730714113704895,0.14195251011053148,1.0008393152760215,9.225881657055525e-09,3.1193972022029115,0.10150168462333216,0.002796189458333334,-0.0009436622674678999,0.001667114555918836,0.0007539272319524726,-0.0017884964166666626,3.1173597909999855,0.10499391720702891,-0.0020374112029259983,0.0034922325836967555,0.0034733895217094984,0.9893523238424804,-2.4702154979333413e-07,0.0009266255180520005,-0.005860820979949703,-0.005860820979949703,0.12046880658825176,1.0054249780709832,-2.443913443272061e-07,3.1187105662483487,0.10117420830824543,0.0036904376666666654,0.001323560069040376,0.0009824131242407884,0.0005149387666960126,0.0032930326916666636,3.116975120578738,0.10248865391909012,-0.0017354456696105913,0.0013144456108446917,0.0013117193693974543,0.9958725339663121,4.9237749133764723e-08,-0.0008575877176157849,0.003788044893953247,0.003788044893953247,0.17670408385541272,1.0020783724864029,4.903452199663987e-08]"
/multi_agv/m2b_algorithm_state,1789558509.7570941,1789558509.7570941,m2b_algorithm_state_v1:header6+3x20,"[1.0,-0.15,0.52,3.120838808759937,0.10125039256891384,1789558509.75698,3.1194152009943132,0.10107525714902636,0.0036904376666666654,0.0015401082252062227,0.0006967358322219393,0.0005696667864531293,0.004584685874999997,3.1202514832404997,0.1019956379519331,0.0008362822461864816,0.0009203808029067395,0.0009190383677077713,0.9970930276884641,2.811103821756011e-08,0.0019643911754408734,-0.005871520740287843,-0.005871520740287843,0.14195250800447232,1.001460695490131,2.8029320207813133e-08,3.120395672663203,0.10150167038503154,0.002796189458333334,-0.0009434820592956221,0.0016671031252353252,0.0007538550638002822,-0.0017884964166666626,3.118406190407131,0.10499391720702891,-0.001989482256071984,0.0034922468219973773,0.0034734036047175195,0.9893522800792522,-2.4697640406648355e-07,0.0009865507846275397,-0.006075934616311654,-0.006075934616311654,0.12046880780240515,1.0054250007843215,-2.443466684889502e-07,3.1197090412068578,0.10117422855723643,0.0036904376666666654,0.0013234494192775085,0.0009824186380900327,0.00051498386097662,0.0032930326916666636,3.1179362448529306,0.10183194404951784,-0.0017727963539271308,0.0006577154922814132,0.0006570295068539379,0.9979192273520318,1.2332715598699084e-08,-0.0015589659355549756,0.006574021595735787,0.006574021595735787,0.17670408797750942,1.001044070959248,1.230705402140614e-08]"
/multi_agv/m2b_algorithm_state,1789558509.7671647,1789558509.7671647,m2b_algorithm_state_v1:header6+3x20,"[1.0,-0.15,0.52,3.1218420846010537,0.1012503712721534,1789558509.767006,3.120414040540076,0.10107527351772999,0.0036904376666666654,0.0015399931595356524,0.0006967481393777672,0.0005697102611006725,0.004584685874999997,3.12126759079971,0.10191674057675484,0.0008535502596340727,0.000841467059024853,0.0008403442867745957,0.9973398877162362,2.349677425649928e-08,0.0019072821113171865,-0.005630655310916674,-0.005630655310916674,0.14195250654544875,1.0013360860160858,2.343427019867074e-08,3.121394506789406,0.10150166118667035,0.002796189458333334,-0.0009433576867640412,0.0016670940884067065,0.0007538058532695346,-0.0017884964166666626,3.118842126756194,0.10330647325822709,-0.0025523800332121205,0.0018048120715567356,0.0017997141917734031,0.9943895431481071,-6.603946338566768e-08,-0.0013907608497417475,0.003208187211224481,0.003208187211224481,0.12046880863773775,1.00283260520289,-6.566895182582024e-08,3.1207078789503293,0.10117424300234118,0.0036904376666666654,0.0013233713099764228,0.0009824231817824108,0.0005150153548815419,0.0032930326916666636,3.1185298333137976,0.10272683393105517,-0.002178045636531678,0.0015525909287139872,0.0015487942041540628,0.9951379582628768,6.867354013091916e-08,-0.0011737628415105347,0.0048107528303946824,0.0048107528303946824,0.1767040908308495,1.0024514067458035,6.833964651256662e-08]"
/multi_agv/m2b_algorithm_state,1789558509.777171,1789558509.777171,m2b_algorithm_state_v1:header6+3x20,"[1.0,-0.15,0.52,3.1228415632493616,0.10125037486788706,1789558509.776985,3.121417309798301,0.10107522143400666,0.0036904376666666654,0.0015403627859148276,0.0006967148974895026,0.0005695673341393453,0.004584685874999997,3.122152603535383,0.1008975876222229,0.0007352937370819213,-0.0001776338117837617,-0.00017768423310146402,1.0005680802863923,1.0481028616622666e-09,0.0007414329382509375,-0.001010172752630227,-0.001010172752630227,0.14195251308107681,0.9997162307717335,1.0486982682360883e-09,3.1223977905534936,0.10150169387558229,0.002796189458333334,-0.0009437598429565567,0.0016671178573188783,0.0007539678102866793,-0.0017884964166666626,3.1198818859603836,0.10399419875013607,-0.002515904593110019,0.002492504874553783,0.00248283266729204,0.9923125926182581,-1.2594325342260247e-07,-0.0006620480740954834,0.0002966070850577878,0.0002966070850577878,0.12046880487893111,1.0038956339624339,-1.2497507632656096e-07,3.1217111534513675,0.10117419850687125,0.0036904376666666654,0.0013236154298315369,0.000982412068658567,0.0005149153190469333,0.0032930326916666636,3.1197349122188602,0.10471137236326801,-0.001976241232507281,0.0035371738563967636,0.0035177622621410712,0.989171983734166,3.559751807806455e-07,0.0010474607215069701,-0.0040497575063982135,-0.0040497575063982135,0.17670407809042207,1.0055181654725802,3.5212067573291947e-07]"
/multi_agv/m2b_algorithm_state,1789558509.787407,1789558509.787407,m2b_algorithm_state_v1:header6+3x20,"[1.0,-0.15,0.52,3.1238380766559466,0.10125039712015162,1789558509.7872655,3.122416789504415,0.10107523055496379,0.0036904376666666654,0.0015402976840504573,0.0006967203027663507,0.0005695927415440114,0.004584685874999997,3.12313919615037,0.10116225463296394,0.0007224066459547984,8.7024078000153e-05,8.70120005959019e-05,0.9997225265829975,2.5149673248049677e-10,0.0009900203080393999,-0.0020145317998164856,-0.0020145317998164856,0.14195251278423568,1.0001388015925203,2.5142694882277045e-10,3.1233972679574653,0.1015016878669833,0.002796189458333334,-0.0009436888920106258,0.0016671141243094212,0.0007539389972887056,-0.0017884964166666626,3.121033507276868,0.10447650388222099,-0.0023637606805975153,0.0029748160152376912,0.0029610889233352778,0.9908757296424738,-1.793215833523874e-07,6.388072588383621e-06,-0.0023174140016412647,-0.0023174140016412647,0.12046880504272404,1.0046358256228765,-1.7768540474494054e-07,3.122710632286206,0.1011742061817141,0.0036904376666666654,0.001323572944222241,0.000982413800150162,0.0005149328342452268,0.0032930326916666636,3.1207361663721414,0.10339543074808356,-0.0019744659140648047,0.002221224566369459,0.002213492824421895,0.9930969975765072,1.4051144972216615e-07,-0.00025458956815911085,0.00122772510309088,0.00122772510309088,0.17670407863562837,1.0034930052007662,1.3954149884420555e-07]"
/multi_agv/m2b_algorithm_state,1789558509.7974553,1789558509.7974553,m2b_algorithm_state_v1:header6+3x20,"[1.0,-0.15,0.52,3.12483765333754,0.10125039926714687,1789558509.7971973,3.1234133099517596,0.10107528376083932,0.0036904376666666654,0.0015399211540805362,0.0006967560733843741,0.0005697373456182066,0.004584685874999997,3.1244471011988133,0.10201022852400647,0.001033791247053717,0.0009349447631671476,0.0009335596600135805,0.9970475182363076,2.9003894412240724e-08,0.002225798718830727,-0.006809712397457602,-0.006809712397457602,0.1419525071437898,1.0014836793114508,2.8918260942912522e-08,3.1243937727775632,0.10150165552519737,0.002796189458333334,-0.0009432801365421386,0.0016670883648495227,0.0007537752151372534,-0.0017884964166666626,3.1220804267256765,0.10447650388222099,-0.002313346051886711,0.002974848357023621,0.0029611209639347543,0.9908756297662138,-1.7924783029274516e-07,6.94383990763655e-05,-0.0025431458954371282,-0.0025431458954371282,0.12046880830251425,1.0046358771749149,-1.7761230672555128e-07,3.1237071472385174,0.10117425207441816,0.0036904376666666654,0.001323322254364759,0.0009824262003392372,0.0005150350484556575,0.0032930326916666636,3.121450850862906,0.10223865661560724,-0.0022562963756111998,0.0010644045411890846,0.001062613461590704,0.9966481535992331,3.228695675896124e-08,-0.0017577570079232957,0.007106098606907708,0.007106098606907708,0.17670408968503515,1.0016855419803352,3.2178735839157e-08]"
/multi_agv/m2b_algorithm_state,1789558509.807279,1789558509.807279,m2b_algorithm_state_v1:header6+3x20,"[1.0,-0.15,0.52,3.125837476119885,0.1012503997948891,1789558509.8071256,3.1244128875465784,0.10107528715108709,0.0036904376666666654,0.001539898863980915,0.0006967608965560142,0.0005697444986973134,0.004584685874999997,3.1255090717258445,0.10249678344331614,0.0010961841792660465,0.0014214962922290547,0.0014183062091265642,0.9955358159479714,6.702179144327487e-08,0.0027885364332091225,-0.009051444861938356,-0.009051444861938356,0.14195250701723972,1.0022492202896405,6.672259383077541e-08,3.1253933481893283,0.10150165502031848,0.002796189458333334,-0.0009432572115313353,0.0016670845553656832,0.0007537672595148148,-0.0017884964166666626,3.1230053465293177,0.10362312225135906,-0.00238800166001063,0.0021214672310405774,0.0021144405117861508,0.9934290521507112,-9.121460331276057e-08,-0.000870561563227137,0.0012091243296757322,0.0012091243296757322,0.12046880838230407,1.0033232049874465,-9.061523691129885e-08,3.1247067242767126,0.10117425563003506,0.0036904376666666654,0.0013233045545582686,0.0009824284462974127,0.000515041552397736,0.0032930326916666636,3.122594302718062,0.1038025870762694,-0.0021124215586505457,0.002628331446234339,0.0026175392524913628,0.9918697880733124,1.9663744624051884e-07,-2.2987695821819355e-05,0.00021301562404701067,0.00021301562404701067,0.1767040899305042,1.0041230303357263,1.9503874212986079e-07]"
/multi_agv/m2b_algorithm_state,1789558509.8175201,1789558509.8175201,m2b_algorithm_state_v1:header6+3x20,"[1.0,-0.15,0.52,3.1268376699811085,0.10125039795981182,1789558509.8172615,3.125412710723396,0.10107528660286554,0.0036904376666666654,0.0015399045683183918,0.0006967631277431604,0.0005697408655677109,0.004584685874999997,3.1264111365941667,0.10111207110204007,0.0009984258707707028,3.678449917453308e-05,3.678234049121664e-05,0.9998826471232962,4.492494900467505e-11,0.001284814678954595,-0.0030383382040781504,-0.0030383382040781504,0.14195250733701514,1.0000586880358242,4.491967693267358e-11,3.126393170327972,0.10150165698507187,0.002796189458333334,-0.0009432648396508329,0.0016670826242619619,0.0007537715705483033,-0.0017884964166666626,3.1242279957066437,0.10301575481293646,-0.0021651746213282586,0.0015140978278645884,0.0015105020490738758,0.9952775863025961,-4.6483328994590896e-08,-0.0011959662275864474,0.002640318287843832,0.002640318287843832,0.1204688082033034,1.0023805189757389,-4.626381548504591e-08,3.125706547308286,0.1011742557967299,0.0036904376666666654,0.0013233054746010216,0.0009824298285544993,0.0005150404346239441,0.0032930326916666636,3.123702228636602,0.10458872947165634,-0.0020043186716840466,0.0034144736749264493,0.0033963685664612727,0.9895328501794411,3.3166045227457864e-07,0.0008909702268562144,-0.0034300337008190836,-0.0034300337008190836,0.17670408930080198,1.005330725482494,3.2818891263106633e-07]"
/multi_agv/m2b_algorithm_state,1789558509.8272486,1789558509.8272486,m2b_algorithm_state_v1:header6+3x20,"[1.0,-0.15,0.52,3.127837541227684,0.10125039824698824,1789558509.8271217,3.126412904203983,0.1010752804907722,0.0036904376666666654,0.0015399496143597602,0.0006967614569259864,0.0005697222090641995,0.004584685874999997,3.12751126396256,0.09958933552651175,0.0010983597585769722,-0.0014859449642604522,-0.0014895082727040764,1.0048228605261451,7.338918355193191e-08,-0.00011655857448286113,0.0026169169096846583,0.0026169169096846583,0.1419525083201004,0.9976077283295948,7.374312934833054e-08,3.1273933644979413,0.10150166227083687,0.002796189458333334,-0.0009433152342419341,0.001667083550499271,0.0007537929330751758,-0.0017884964166666626,3.1251723331336163,0.10224978135273988,-0.0022210313643249435,0.0007481190819030037,0.0007472360998775679,0.9976461592754852,-1.135518912431702e-08,-0.0020290531055286113,0.005941304457457357,0.005941304457457357,0.12046880763044986,1.0011816640357452,-1.1328460817721633e-08,3.1267067412414002,0.10117425111782637,0.0036904376666666654,0.0013233328144146047,0.0009824298452457475,0.0005150285752199579,0.0032930326916666636,3.1247220554139354,0.10392623627365301,-0.001984685827464805,0.0027519851558266417,0.002740164715932193,0.9914993415810953,2.1555934422756036e-07,0.00025930743160118693,-0.0008552297047200032,-0.0008552297047200032,0.1767040873850805,1.004313769834974,2.1372694787327878e-07]"
/multi_agv/m2b_algorithm_state,1789558509.837313,1789558509.837313,m2b_algorithm_state_v1:header6+3x20,"[1.0,-0.15,0.52,3.1288372710244503,0.10125039943482872,1789558509.8372378,3.127412775694375,0.1010752796975352,0.0036904376666666654,0.0015399568326937359,0.0006967629674677225,0.0005697182945205185,0.004584685874999997,3.1284473324319753,0.0994894553410611,0.001034556737600223,-0.0015858243564740998,-0.0015898858417986805,1.0051528299920327,8.359263885449155e-08,-0.0002966899197984019,0.0032970824815461057,0.0032970824815461057,0.14195250873175064,0.9974454233015962,8.402337751109412e-08,3.128393235313384,0.1015016641191721,0.002796189458333334,-0.0009433244868431653,0.0016670822571005495,0.0007537976165515603,-0.0017884964166666626,3.126221825398498,0.10249323528143651,-0.0021714099148857358,0.0009915711622644208,0.00099002285930481,0.9968888218694185,-1.994477226849982e-08,-0.0017242395343023598,0.004751413302519839,0.004751413302519839,0.12046880738935653,1.001563906272526,-1.9882720529198637e-08,3.127706612675292,0.10117425092425743,0.0036904376666666654,0.0013233354483219075,0.0009824308955247666,0.0005150268872304406,0.0032930326916666636,3.125714435248723,0.10335876522268247,-0.0019921774265689862,0.002184514298425047,0.0021770339306520104,0.9932082375282777,1.3588465936667814e-07,-0.00031318785255922237,0.0014537324542265848,0.0014537324542265848,0.17670408658410164,1.0034360363739467,1.3496176303670877e-07]"
/multi_agv/m2b_algorithm_state,1789558509.8473158,1789558509.8473158,m2b_algorithm_state_v1:header6+3x20,"[1.0,-0.15,0.52,3.1298380950082128,0.10125039363488053,1789558509.847206,3.128412506000801,0.1010752811147552,0.0036904376666666654,0.0015399483957604715,0.0006967658490541592,0.0005697204527379873,0.004584685874999997,3.129528478022645,0.10049007498258707,0.0011159720218443248,-0.0005852061321681284,-0.0005857550614477718,1.0018801621829825,1.1375660939835534e-08,0.0008092099658576342,-0.0010639132697199895,-0.0010639132697199895,0.14195250887823144,0.9990628689092562,1.1397049027341044e-08,3.1293929643599134,0.10150166458395879,0.002796189458333334,-0.0009433167816903379,0.0016670800063889324,0.000753795447390182,-0.0017884964166666626,3.1273544314048523,0.10298254225668306,-0.0020385329550611786,0.0014808776727242706,0.001477437081944292,0.995379445314966,-4.4469489915282236e-08,-0.0010707291118821813,0.0022079763727856374,0.0022079763727856374,0.12046880730957199,1.0023287562103498,-4.426401620531311e-08,3.128706342712637,0.1011742526057722,0.0036904376666666654,0.001323327814232346,0.0009824324103497655,0.0005150294083789476,0.0032930326916666636,3.126837928568229,0.10434921459034474,-0.0018684141444080815,0.0031749619845725385,0.0031592792426651155,0.9902402663290536,2.8682060718036794e-07,0.0008237615621550136,-0.003076252718604814,-0.003076252718604814,0.17670408629333403,1.004964025242097,2.840213144429484e-07]"
/multi_agv/m2b_algorithm_state,1789558509.8573604,1789558509.8573604,m2b_algorithm_state_v1:header6+3x20,"[1.0,-0.15,0.52,3.1308377377839904,0.10125039554270303,1789558509.8571563,3.129413328264229,0.10107526587427389,0.0036904376666666654,0.0015400578138732059,0.0006967574448895058,0.000569677395952789,0.004584685874999997,3.1304887092537568,0.10048807100076386,0.0010753809895276412,-0.0005871948735100274,-0.0005877475484551282,1.0018865944574418,1.1453939857561317e-08,0.0007564786884544232,-0.0008760879554661621,-0.0008760879554661621,0.14195251099478245,0.9990596729045429,1.1475548797012463e-08,3.130393790317293,0.10150167513859956,0.002796189458333334,-0.0009434370763706582,0.001667085927239409,0.0007538445111570785,-0.0017884964166666626,3.1283837374864585,0.10298254225668306,-0.0020100528308346632,0.0014808671180834981,0.0014774265765669003,0.9953794783566723,-4.4474525030580414e-08,-0.0010351394619764287,0.002080864385960761,0.002080864385960761,0.12046880608728976,1.002328739425138,-4.4269029525099894e-08,3.1297071664431177,0.10117423989176816,0.0036904376666666654,0.0013233987759908622,0.0009824300119049669,0.0005149998968133132,0.0032930326916666636,3.1278777825314505,0.10431117569451526,-0.001829383911667204,0.0031369358027470984,0.0031216220414854853,0.9903529457857831,2.8001448116771134e-07,0.0008348921519014804,-0.0030982997416057075,-0.0030982997416057075,0.17670408215872396,1.0049057064109932,2.7731316628712065e-07]"
/multi_agv/m2b_algorithm_state,1789558509.8674362,1789558509.8674362,m2b_algorithm_state_v1:header6+3x20,"[1.0,-0.15,0.52,3.1318426189047517,0.10125036394237374,1789558509.8673177,3.1304129716796503,0.10107526957984612,0.0036904376666666654,0.0015400326887413328,0.0006967609949753311,0.0005696864400886847,0.004584685874999997,3.1314381775680697,0.09934733958814154,0.0010252058884194781,-0.0017279299917045826,-0.0017327571534984587,1.0056235687885038,9.925970901710437e-08,-0.000451249792974111,0.0039051321495412617,0.0039051321495412617,0.14195251100069545,0.9972141729242728,9.981790281868892e-08,3.1313934322351193,0.10150167372435057,0.002796189458333334,-0.0009434109957324891,0.0016670833533867224,0.0007538345449426415,-0.0017884964166666626,3.128865811413176,0.09995313949619895,-0.002527620821943355,-0.001548534228151613,-0.0015523837043095712,1.005000843433756,-4.8733714050365485e-08,-0.004711909731738765,0.01638475511472814,0.01638475511472814,0.12046880608988976,0.997520280490402,-4.89774237242768e-08,3.1307068094372017,0.10117424332391237,0.0036904376666666654,0.0013233810568370106,0.0009824315922475346,0.0005150067553578276,0.0032930326916666636,3.128704611498358,0.10453759519342856,-0.0020021979388435973,0.0033633518695161957,0.0033457780074943716,0.9896835052845803,3.2183454947570477e-07,0.000843030583939875,-0.003233760546422279,-0.003233760546422279,0.1767040821322264,1.0052525487293118,3.1851434504679915e-07]"
/multi_agv/m2b_algorithm_state,1789558509.8777084,1789558509.8777084,m2b_algorithm_state_v1:header6+3x20,"[1.0,-0.15,0.52,3.1328472544231523,0.10125033493204964,1789558509.8775601,3.1314178427969597,0.10107519337812627,0.0036904376666666654,0.001540572775461266,0.00069671057540015,0.0005694785605929367,0.004584685874999997,3.13225231229857,0.09780917535952988,0.0008344695016102577,-0.0032660180185963977,-0.0032834642112286264,1.010814498092097,3.550976473509941e-07,-0.0022403773342158043,0.010853028818266868,0.010853028818266868,0.14195252040799664,0.9946866505891653,3.5893785018077953e-07,3.132398325495432,0.10150172069482334,0.002796189458333334,-0.0009439984847296654,0.0016671197720423692,0.0007540702573488045,-0.0017884964166666626,3.129863473484523,0.09995313949619895,-0.0025348520109091943,-0.001548581198624388,-0.0015524309072393195,1.0050009946150529,-4.876701124761227e-08,-0.004720995920875813,0.016416263331479497,0.016416263331479497,0.12046880064325904,0.9975202061508958,-4.90108948082538e-08,3.1317116884218623,0.1011741777541716,0.0036904376666666654,0.001323739980013935,0.0009824144355055743,0.0005148601003960663,0.0032930326916666636,3.1297671310304778,0.10477170335359612,-0.0019445573913845493,0.0035975255994245142,0.003577455164110779,0.9889948714981726,3.6824372085534326e-07,0.0011467584248800924,-0.004435025984296957,-0.004435025984296957,0.17670406377660489,1.0056102548859545,3.6419115138733914e-07]"
/multi_agv/m2b_algorithm_state,1789558509.8874743,1789558509.8874743,m2b_algorithm_state_v1:header6+3x20,"[1.0,-0.15,0.52,3.1338418615312733,0.1012503705222898,1789558509.887329,3.132422468749479,0.10107512615022837,0.0036904376666666654,0.001541046573568464,0.0006966621857833028,0.0005692983585603881,0.004584685874999997,3.133199711470193,0.09743194682298009,0.0007772427207139998,-0.0036431793272482804,-0.003664949149242389,1.0121144102881667,4.420889316628418e-07,-0.0026933957483498893,0.012594875088277354,0.012594875088277354,0.14195252937188288,0.9940599934384877,4.474445783648628e-07,3.1334029728680552,0.10150175972671308,0.002796189458333334,-0.0009445120785485728,0.0016671553347098467,0.000754274383990311,-0.0017884964166666626,3.131080426039001,0.10127366741484571,-0.002322546829054417,-0.00022809231186736445,-0.00022817500018152106,1.0007256686119173,-1.0576057759643757e-09,-0.0031313585364995426,0.010265410817399966,0.010265410817399966,0.12046879542915244,0.99963761010588,-1.0583732472797753e-09,3.132716321651922,0.10117411891920747,0.0036904376666666654,0.0013240592998080567,0.000982397099513089,0.0005147307051625179,0.0032930326916666636,3.130901950226586,0.10539687250822247,-0.0018143714253358034,0.004222753589014999,0.00419523206515722,0.9871749090454159,5.072386439099357e-07,0.0019272677834874657,-0.007542307739502739,-0.007542307739502739,0.17670404620258573,1.0065601910526845,5.007332621661109e-07]"
/multi_agv/m2b_algorithm_state,1789558509.8972392,1789558509.8972392,m2b_algorithm_state_v1:header6+3x20,"[1.0,-0.15,0.52,3.1348376653439955,0.10125039742284574,1789558509.8970728,3.133417086528109,0.10107521513088405,0.0036904376666666654,0.0015404132239991027,0.0006967162408170852,0.0005695447726276919,0.004584685874999997,3.134326778003374,0.098965329464227,0.0009096914752650953,-0.002109885666657055,-0.0021171034932262792,1.0068962286649978,1.4806638680279024e-07,-0.00097998914914491,0.005935690472735936,0.005935690472735936,0.14195252031072292,0.996590706787685,1.490874864637823e-07,3.134397567310769,0.10150170222529663,0.002796189458333334,-0.00094382219811657,0.0016671173384863458,0.0007539951090204389,-0.0017884964166666626,3.1320916424941276,0.10127366741484571,-0.0023059248166412694,-0.00022803481045091667,-0.00022811745710777417,1.000725485764447,-1.0563007443929008e-09,-0.003110523477909361,0.010192172313864536,0.010192172313864536,0.1204688006754988,0.9996377013056986,-1.0570670755459326e-09,3.1337109307549427,0.10117419421068877,0.0036904376666666654,0.0013236442613670375,0.00098241463629667,0.0005149014861836085,0.0032930326916666636,3.1317014724070065,0.10448998621220791,-0.0020094583479361994,0.003315792001519144,0.0032987054428819827,0.98982382156324,3.1287073533921847e-07,0.0007868825079617335,-0.0030095608991476505,-0.0030095608991476505,0.17670406391823343,1.005179777016475,3.0968690690876626e-07]"
/multi_agv/m2b_algorithm_state,1789558509.9072223,1789558509.9072223,m2b_algorithm_state_v1:header6+3x20,"[1.0,-0.15,0.52,3.1358377788833156,0.10125039617742615,1789558509.9070714,3.134412898736544,0.10107528010466921,0.0036904376666666654,0.0015399528499887584,0.0006967589136597672,0.0005697221294256897,0.004584685874999997,3.1354166736957025,0.09982835280777369,0.0010037749591584877,-0.001246927296895517,-0.0012494319528238884,1.0040362012022934,5.167012465068915e-08,5.28674612422118e-06,0.002080078727857561,0.002080078727857561,0.1419525134093095,0.9979953642751728,5.187867566992691e-08,3.135393360945732,0.1015016621627683,0.002796189458333334,-0.0009433221083104308,0.0016670868052113264,0.0007537942197676784,-0.0017884964166666626,3.1327062541567363,0.09913461297863416,-0.0026871067889957523,-0.0023670491841341484,-0.0023760993738142343,1.007715070837723,-1.1391922128517252e-07,-0.005734982860058925,0.020299786964695282,0.020299786964695282,0.12046880468938123,0.9961911569104291,-1.1479811614716586e-07,3.1347067363497088,0.10117425000109972,0.0036904376666666654,0.0013233389006247404,0.000982429231762217,0.0005150262561906512,0.0032930326916666636,3.13273196909768,0.10497898889739397,-0.0019747672520287196,0.003804738896294249,0.003782325219839278,0.9883887156958819,4.116951743802647e-07,0.0013138661548033784,-0.0051346394601903215,-0.0051346394601903215,0.17670407747235406,1.005925898792998,4.06914864663902e-07]"
/multi_agv/m2b_algorithm_state,1789558509.9175003,1789558509.9175003,m2b_algorithm_state_v1:header6+3x20,"[1.0,-0.15,0.52,3.136840431190001,0.10125037879678123,1789558509.9173727,3.1354130120544066,0.10107527567334604,0.0036904376666666654,0.001539985666870082,0.0006967580272108078,0.0005697083657653641,0.004584685874999997,3.1363791294693004,0.09913633074150181,0.0009661174148938301,-0.0019389449318442248,-0.0019450327328475498,1.0063253244379875,1.2499700200013105e-07,-0.0007373859642302622,0.005006333130724121,0.005006333130724121,0.14195251425198507,0.9968700778652644,1.2578764859155765e-07,3.136393474627653,0.10150166616228803,0.002796189458333334,-0.0009433589217102282,0.0016670872330122322,0.0007538099545856547,-0.0017884964166666626,3.133694100537281,0.09913461297863416,-0.002699374090372242,-0.0023670531836538777,-0.002376103403703843,1.0077150838080122,-1.1392405020546929e-07,-0.005750321016669145,0.02035373884351267,0.02035373884351267,0.12046880419635707,0.9961911505888769,-1.1480298380055268e-07,3.1357068499678875,0.10117424669664438,0.0036904376666666654,0.001323358400497849,0.0009824294200890598,0.0005150177058138544,0.0032930326916666636,3.1338235328599766,0.10544828740743517,-0.001883317107910898,0.004274040710790794,0.004245857676073719,0.9870268411614934,5.193384164897661e-07,0.0018917112911850968,-0.007439778570288495,-0.007439778570288495,0.17670407580268424,1.0066377718866772,5.126009567217058e-07]"
/multi_agv/m2b_algorithm_state,1789558509.9273973,1789558509.9273973,m2b_algorithm_state_v1:header6+3x20,"[1.0,-0.15,0.52,3.1378376208376824,0.10125039669958669,1789558509.9272263,3.13641565897117,0.10107523301345243,0.0036904376666666654,0.001540288674061498,0.0006967309349960253,0.0005695911167120256,0.004584685874999997,3.137637649273949,0.09782331597107037,0.0012219903027790302,-0.003251917042382063,-0.003269211072084273,1.0107661004087944,3.5196984903947314e-07,-0.0017417231936104854,0.009097678373656116,0.009097678373656116,0.14195251965980635,0.9947100296307315,3.5575919177510035e-07,3.1373961334102454,0.10150169309720888,0.002796189458333334,-0.0009436889418984124,0.0016671066607329976,0.0007539429012829585,-0.0017884964166666626,3.13535865448224,0.10070223288938043,-0.0020374789280053207,-0.0007994602078284507,-0.0008004804299774881,1.0025599939172802,-1.2986408099151348e-08,-0.003347329089984139,0.011264433751223959,0.011264433751223959,0.12046880106946586,0.9987254877060943,-1.3019653224892494e-08,3.1367095011885877,0.10117421027968238,0.0036904376666666654,0.0013235584179180702,0.000982420439801568,0.0005149356772509842,0.0032930326916666636,3.1351832572174647,0.10520115509720701,-0.001526243971122998,0.004026944817524636,0.004001879115508329,0.9877419890355795,4.6118409953944373e-07,0.0020940741516045818,-0.008048359550647028,-0.008048359550647028,0.1767040652644942,1.0062634830520418,4.5553089979067284e-07]"
/multi_agv/m2b_algorithm_state,1789558509.9372852,1789558509.9372852,m2b_algorithm_state_v1:header6+3x20,"[1.0,-0.15,0.52,3.13884230087335,0.10125036632270257,1789558509.937174,3.1374128542219495,0.10107527595934912,0.0036904376666666654,0.001539984733479608,0.0006967595175662027,0.0005697079951521021,0.004584685874999997,3.138614452781334,0.0991976572944119,0.0012015985593847311,-0.001877618664937214,-0.0018833248228894853,1.0061210372523637,1.1721020388053007e-07,-0.0003813266236585714,0.003724210705984376,0.003724210705984376,0.14195251523520647,0.996970167926998,1.1792765190483993e-07,3.138393316239249,0.10150166689748327,0.002796189458333334,-0.0009433591621027205,0.0016670862047005741,0.0007538105936897299,-0.0017884964166666626,3.1363621865724443,0.10070223288938043,-0.002031129666804965,-0.0007994340081028395,-0.0008004541635432896,1.0025599101676328,-1.2981020353964795e-08,-0.0033393662470494957,0.011236565081149827,0.011236565081149827,0.12046880362402979,0.9987255292221426,-1.3014250599955159e-08,3.1377066920518484,0.1011742472419277,0.0036904376666666654,0.0013233564443413605,0.0009824303351628318,0.0005150180777602808,0.0032930326916666636,3.136100177872164,0.1037597821452045,-0.0016065141796843818,0.002585534903276801,0.0025750879049119546,0.9919982483590732,1.902995795842243e-07,0.0005669451803064773,-0.0018804545830210869,-0.0018804545830210869,0.17670407386811707,1.0040569482482204,1.8877684961101858e-07]"
/multi_agv/m2b_algorithm_state,1789558509.947339,1789558509.947339,m2b_algorithm_state_v1:header6+3x20,"[1.0,-0.15,0.52,3.139843134603065,0.10125036150712685,1789558509.9472225,3.138417524727665,0.10107520236656141,0.0036904376666666654,0.0015405064933873146,0.0006967114380368677,0.0005695068423988728,0.004584685874999997,3.139761913759284,0.10123278034456837,0.001344389031618931,0.00015757797800695916,0.00015753839995148297,0.9994979692613201,8.246730938390286e-10,0.0018380246894751468,-0.005059074671816809,-0.005059074671816809,0.141952524292082,1.0002512279894196,8.242590825965591e-10,3.1393980078117565,0.1015017125136801,0.002796189458333334,-0.0009439266409767052,0.0016671208152181372,0.0007540385729326027,-0.0017884964166666626,3.137275604484626,0.0989517316702139,-0.0021224033271303178,-0.002549980843466207,-0.002560498422169536,1.008328444833102,-1.3230804584380975e-07,-0.005213502581082433,0.01853229357639856,0.01853229357639856,0.12046879838170187,0.995892370558691,-1.3340996610459545e-07,3.13871137008063,0.1011741840878662,0.0036904376666666654,0.0013237023541850684,0.0009824140535981355,0.0005148766083429546,0.0032930326916666636,3.1371481333892013,0.10441658404016932,-0.00156323669142866,0.0032423999523031183,0.003226052286783853,0.9900406692998462,2.9920378028021494e-07,0.0012720064224980279,-0.004716610725860127,-0.004716610725860127,0.17670405615813034,1.0050673901307294,2.962239108856681e-07]"
/multi_agv/m2b_algorithm_state,1789558509.9572318,1789558509.9572318,m2b_algorithm_state_v1:header6+3x20,"[1.0,-0.15,0.52,3.140843335973852,0.10125036085682011,1789558509.9571598,3.139418356677403,0.10107519235244898,0.0036904376666666654,0.001540575932576906,0.0006967024987233998,0.0005694813931538974,0.004584685874999997,3.1409277817150616,0.10192186707305781,0.001509425037658385,0.0008466747206088282,0.0008455380516887537,0.9973235803235727,2.3797429146315782e-08,0.002732319348761735,-0.008570184227820757,-0.008570184227820757,0.1419525264323705,1.001344314330744,2.37337372387002e-08,3.1403988438470387,0.10150171729278992,0.002796189458333334,-0.0009440013456709926,0.0016671277319213473,0.0007540673569892131,-0.0017884964166666626,3.1382618407598093,0.0989517316702139,-0.0021370030872294166,-0.002549985622576023,-0.0025605032404064846,1.008328460357678,-1.323190105141408e-07,-0.005231757099443256,0.01859642947785108,0.01859642947785108,0.1204687971360101,0.9958923630072065,-1.3342102414777503e-07,3.139712203284753,0.10117417487614165,0.0036904376666666654,0.0013237511818098174,0.0009824105386262664,0.0005148572717979341,0.0032930326916666636,3.138300965673043,0.10506154806286354,-0.0014112376117099146,0.0038873731867218875,0.0038639900392682404,0.9881478010698272,4.298788134990327e-07,0.0020999430246308472,-0.008001480105977093,-0.008001480105977093,0.17670405199374029,1.0060515547959528,4.247838042855755e-07]"
/multi_agv/m2b_algorithm_state,1789558509.9671757,1789558509.9671757,m2b_algorithm_state_v1:header6+3x20,"[1.0,-0.15,0.52,3.141843330656075,0.10125036152728466,1789558509.9671202,3.1404185575619894,0.10107519258779077,0.0036904376666666654,0.001540572497390139,0.0006967000683144595,0.0005694841463260045,0.004584685874999997,3.1418744721647296,0.10099770199142807,0.0014559146027401937,-7.749059636269484e-05,-7.750018446497785e-05,1.0002475373379391,1.9947079916644064e-10,0.0017423930689602642,-0.004608357787612049,-0.004608357787612049,0.1419525274247273,0.9998762828456578,1.995201756370629e-10,3.1413990459721894,0.10150171556676232,0.002796189458333334,-0.0009439966164161463,0.0016671299950123952,0.0007540641298266065,-0.0017884964166666626,3.139502816041285,0.10053477441601698,-0.0018962299309044361,-0.0009669411507453457,-0.0009684354963496986,1.0031021708445964,-1.9005821907335023e-08,-0.0033387229099802436,0.011301503207647681,0.011301503207647681,0.12046879657200422,0.9984569487487959,-1.906478121393355e-08,3.140712404387377,0.10117417441590727,0.0036904376666666654,0.001323751875157259,0.0009824091722358212,0.0005148576819778753,0.0032930326916666636,3.1392495458431466,0.10372576777710618,-0.0014628585442304498,0.002551593361198909,0.002541416214176258,0.9921002133027452,1.8539624881292428e-07,0.0007128430338881955,-0.0023868383851395536,-0.0023868383851395536,0.17670405002571607,1.0040045180186865,1.8393165799283102e-07]"
/multi_agv/m2b_algorithm_state,1789558509.9775653,1789558509.9775653,m2b_algorithm_state_v1:header6+3x20,"[1.0,-0.15,0.52,3.1428505605477297,0.10125031584001164,1789558509.9775069,3.141418552201378,0.10107519591882097,0.0036904376666666654,0.0015405471538568116,0.0006966998545974155,0.0005694952428479751,0.004584685874999997,3.1426450119023244,0.09949266594338675,0.0012264597009465916,-0.0015825299754342187,-0.0015865745078723276,1.0051419404727318,8.327744869499582e-08,-5.3499881689088096e-05,0.002437803770521616,0.002437803770521616,0.141952528047059,0.99745077686674,8.370565637890647e-08,3.14239904086309,0.10150171199712178,0.002796189458333334,-0.0009439680220617716,0.0016671306210449544,0.0007540514095114026,-0.0017884964166666626,3.140607700362871,0.10129800677297662,-0.0017913405002190075,-0.00020370522414515924,-0.00020377116389043142,1.0006479028622275,-8.430422494880824e-10,-0.0024429467891641907,0.007813854631282941,0.007813854631282941,0.120468796196235,0.999676402960982,-8.435884589745044e-10,3.141712398903757,0.10117417666591119,0.0036904376666666654,0.001323737781001625,0.0009824085799559294,0.000514864099303858,0.0032930326916666636,3.140200108112872,0.10288487220515612,-0.0015122907908851069,0.0017106955392449247,0.001706091699162971,0.9946524927950807,8.338553561945372e-08,-0.0001842717894434125,0.0012077844416769027,0.0012077844416769027,0.17670404876799103,1.0026984716496845,8.293963086694264e-08]"
/multi_agv/m2b_algorithm_state,1789558509.9872363,1789558509.9872363,m2b_algorithm_state_v1:header6+3x20,"[1.0,-0.15,0.52,3.1438497986059613,0.10125032271695024,1789558509.9871578,3.1424257673472393,0.10107508871450885,0.0036904376666666654,0.001541303563347236,0.0006966250283458205,0.0005692062914926962,0.004584685874999997,3.1436109276316637,0.0998578226916751,0.0011851602844243914,-0.0012172660228337434,-0.0012196524096485988,1.0039388821802255,4.92833965418521e-08,0.0002617979458818904,0.0011615466954326167,0.0011615466954326167,0.14195254167616628,0.9980433877750933,4.947751803427179e-08,3.143406288919997,0.10150177532355623,0.002796189458333334,-0.0009447878983106606,0.0016671851168013063,0.0007543784506337942,-0.0017884964166666626,3.141298385960158,0.10051703413567278,-0.002107902959838981,-0.0009847411878834422,-0.0009862912648747545,1.0031599116322976,-1.9728760869874045e-08,-0.0036211699646734805,0.012307091147051953,0.012307091147051953,0.12046878828486887,0.9984283780597923,-1.9791102010837576e-08,3.1427196253759533,0.10117408348196981,0.0036904376666666654,0.001324244531363769,0.000982382063240062,0.0005146582356627244,0.0032930326916666636,3.1413889350795485,0.10431299428505951,-0.0013306902964047573,0.0031389108030897006,0.003123577950294814,0.9903470700917603,2.8054613751992616e-07,0.0014602150797888673,-0.005342393552169564,-0.005342393552169564,0.17670402212937275,1.0049087466485156,2.778380453184189e-07]"
/multi_agv/m2b_algorithm_state,1789558509.9972153,1789558509.9972153,m2b_algorithm_state_v1:header6+3x20,"[1.0,-0.15,0.52,3.1448401349937787,0.10125038532172988,1789558509.9971287,3.143425006865512,0.10107511051824569,0.0036904376666666654,0.001541143722981809,0.0006966321026640188,0.0005692718959202006,0.004584685874999997,3.144783460751924,0.10185030520748124,0.001358453886412203,0.0007751946892355505,0.0007742413275349301,0.9975475413199582,1.9957262288567326e-08,0.0024723086855501838,-0.007609286101168949,-0.007609286101168949,0.14195254094711618,1.0012313495375604,1.9908317927437858e-08,3.1444055256785357,0.10150175724541839,0.002796189458333334,-0.0009446105061563549,0.001667181217723357,0.0007543035854044172,-0.0017884964166666626,3.1422986479542208,0.10051703413567278,-0.0021068777243149484,-0.0009847231097456083,-0.0009862731299908137,1.0031598537457238,-1.972433378506361e-08,-0.003619870285384499,0.012302663573267245,0.012302663573267245,0.12046878871978357,0.9984284066978284,-1.9786659795056247e-08,3.143718863273836,0.10117410038718667,0.0036904376666666654,0.001324146612578294,0.0009823828148965985,0.0005147002885924038,0.0032930326916666636,3.1422663342953276,0.10562545439097189,-0.0014525289785085604,0.004451354003785213,0.004420825294721286,0.986516221404901,5.635800491952891e-07,0.0026051640715855856,-0.010096233296680183,-0.010096233296680183,0.1767040236027358,1.0069056583394913,5.559808605913248e-07]"
/multi_agv/m2b_algorithm_state,1789558510.0072916,1789558510.0072916,m2b_algorithm_state_v1:header6+3x20,"[1.0,-0.15,0.52,3.1458452894843574,0.10125035214221356,1789558510.0072029,3.1444153626054545,0.10107526408514343,0.0036904376666666654,0.0015400528688892055,0.0006967299079010834,0.0005696938625977308,0.004584685874999997,3.1458953557577085,0.10283630461619397,0.001479993152254,0.0017610405310505423,0.001756157020321623,0.9944908464679976,1.0284860569196123e-07,0.003606148460639123,-0.012137720002586607,-0.012137720002586607,0.1419525242078695,1.0027807938996394,1.0228199693265183e-07,3.1453958388175094,0.10150166035883468,0.002796189458333334,-0.0009434229745782291,0.0016671114711921398,0.0007538251113144295,-0.0017884964166666626,3.143197767915133,0.10023181768247467,-0.0021980709023763367,-0.001269842676360003,-0.0012724258018665992,1.0040879387941057,-3.27651235173711e-08,-0.00402001442983702,0.013832159917228026,0.013832159917228026,0.12046879841673376,0.997969920522826,-3.2899065336891426e-08,3.144709203558372,0.1011742315212115,0.0036904376666666654,0.0013234262274430145,0.0009824153960818378,0.0005149956000187338,0.0032930326916666636,3.143122400240192,0.10374738369745393,-0.0015868033181800634,0.0025731521762424325,0.0025628040288991918,0.9920354395200504,1.8849287731153284e-07,0.0005792998811741125,-0.001918888723165953,-0.001918888723165953,0.17670405631216382,1.0040378223330972,1.869916143901454e-07]"
/multi_agv/m2b_algorithm_state,1789558510.0171814,1789558510.0171814,m2b_algorithm_state_v1:header6+3x20,"[1.0,-0.15,0.52,3.1468397285439984,0.10125038811310427,1789558510.017102,3.145420506801311,0.10107518389616758,0.0036904376666666654,0.0015406206610804303,0.0006966776411720047,0.0005694749347252584,0.004584685874999997,3.146778761344035,0.10153010250842644,0.00135825454272398,0.00045491861225885333,0.00045458949173960296,0.9985555457009321,6.8722472022402215e-09,0.002152407670144578,-0.006317744521054435,-0.006317744521054435,0.14195253411220263,1.0007239950003923,6.862320555224688e-09,3.146401005789628,0.10150170975082755,0.002796189458333334,-0.0009440393835285351,0.0016671489158128772,0.0007540728258419865,-0.0017884964166666626,3.1441961780533862,0.10023181768247467,-0.0022048277362416435,-0.0012698920683528736,-0.0012724753940523638,1.0040880973630075,-3.2789075689213005e-08,-0.004028510064354418,0.01386158605197732,0.01386158605197732,0.12046879267685506,0.9979698423155647,-3.292312062307353e-08,3.145714355862132,0.10117416277964553,0.0036904376666666654,0.0013238021553368495,0.000982397531490098,0.0005148419423699215,0.0032930326916666636,3.1441178790953024,0.10331114419582837,-0.0015964767668297242,0.002136981416182848,0.0021298204460628786,0.9933524000163112,1.300860813239585e-07,0.0001342244875257234,-0.0001244540983160172,-0.0001244540983160172,0.1767040369360929,1.0033622412317467,1.292213210918712e-07]"
/multi_agv/m2b_algorithm_state,1789558510.0272117,1789558510.0272117,m2b_algorithm_state_v1:header6+3x20,"[1.0,-0.15,0.52,3.147841815725958,0.10125037447984049,1789558510.0270927,3.1464149571389695,0.10107527131366682,0.0036904376666666654,0.0015400002735368123,0.0006967346264810095,0.0005697142061316076,0.004584685874999997,3.1478744796398286,0.10046660536941454,0.0014595225008591228,-0.0006086659442522818,-0.0006092598719764857,1.001956053324782,1.2306614848761381e-08,0.0012151432540974177,-0.0024910383566250035,-0.0024910383566250035,0.14195252475362635,0.9990251652020392,1.2330687243653113e-08,3.147395431225246,0.10150165525809353,0.002796189458333334,-0.0009433642405271892,0.0016671080437444807,0.0007538014349677824,-0.0017884964166666626,3.145651552918017,0.10154785949913946,-0.0017438783072289965,4.620424104592735e-05,4.6200855061568694e-05,0.9998534596952046,-4.333662297370553e-11,-0.002133647028974677,0.00661152303985061,0.00661152303985061,0.12046879811368273,1.0000732883483248,-4.3330272411766156e-11,3.1467087972677783,0.10117423776755245,0.0036904376666666654,0.001323390859322511,0.000982416759578087,0.0005150102214765175,0.0032930326916666636,3.145732365042178,0.10463202792493628,-0.0009764322256002878,0.0034577901573838304,0.0034392288820624464,0.9894053354030896,3.401394392869696e-07,0.0022186886000620867,-0.008219983916886157,-0.008219983916886157,0.1767040552299113,1.00539692935768,3.36535776011543e-07]"
/multi_agv/m2b_algorithm_state,1789558510.037085,1789558510.037085,m2b_algorithm_state_v1:header6+3x20,"[1.0,-0.15,0.52,3.148840037114447,0.10125038587309142,1789558510.036991,3.1474170402778614,0.10107523738958055,0.0036904376666666654,0.0015402411925408595,0.0006967140905281607,0.0005696204595003387,0.004584685874999997,3.1489053684979083,0.10117703187058286,0.0014883282200468528,0.0001017944810023097,0.00010177795778158536,0.9996754859997026,3.440974726628008e-10,0.0019621882328401514,-0.005473865912798334,-0.005473865912798334,0.14195252913765655,1.0001623457680275,3.439858082154548e-10,3.148397523221544,0.10150167695686223,0.002796189458333334,-0.0009436261042415385,0.0016671224867574885,0.0007539074310652094,-0.0017884964166666626,3.146670328365815,0.10154785949913946,-0.0017271948557291417,4.6182542277228844e-05,4.617915947286384e-05,0.9998535285215179,-4.3307943076086656e-11,-0.0021128144101885634,0.006537302511426441,0.006537302511426441,0.12046879556045494,1.0000732539180794,-4.330159969763428e-11,3.147710883678469,0.1011742090930787,0.0036904376666666654,0.001323548458915311,0.0009824100283591939,0.0005149454095161434,0.0032930326916666636,3.1468952241001893,0.10582772193464281,-0.0008156595782797815,0.004653512841564109,0.004620199694470196,0.985936742382706,6.155555106063545e-07,0.003600625221620469,-0.013786626382791817,-0.013786626382791817,0.17670404663841024,1.0072103262406134,6.068987948829524e-07]"
/multi_agv/m2b_algorithm_state,1789558510.0472138,1789558510.0472138,m2b_algorithm_state_v1:header6+3x20,"[1.0,-0.15,0.52,3.1498434543569633,0.10125036381969814,1789558510.0471294,3.1484152653920794,0.10107526432974069,0.0036904376666666654,0.0015400504798751186,0.0006967329054545777,0.0005696933389677831,0.004584685874999997,3.150034211828899,0.10241579365061027,0.0016189464368197015,0.001340529320869574,0.0013376905547936488,0.9957862057639801,5.961364797441143e-08,0.0033613736008182757,-0.011054902543499053,-0.011054902543499053,0.14195252659259752,1.0021221395828448,5.936244832818873e-08,3.1493957400409713,0.10150166076339655,0.002796189458333334,-0.0009434187286049712,0.001667108779573212,0.0007538246709154067,-0.0017884964166666626,3.1476488243282414,0.1016981963569216,-0.0017469157127298907,0.00019653559352504624,0.00019647439950183252,0.9993777365716962,-7.840666773450647e-10,-0.001987170241410531,0.00602742823812504,0.00602742823812504,0.12046879704888017,1.0003114605433017,-7.835787813264012e-10,3.14870910591029,0.101174232526137,0.0036904376666666654,0.0013234204868631835,0.000982416600519032,0.0005149974618465407,0.0032930326916666636,3.1477113824360714,0.10370757145360565,-0.0009977234742186702,0.0025333389274686535,0.0025233054937040915,0.9921550960826476,1.8270975035481193e-07,0.0012761511509307537,-0.004396027909414948,-0.004396027909414948,0.1767040516399062,1.0039763055997764,1.81276409918515e-07]"
/multi_agv/m2b_algorithm_state,1789558510.0574706,1789558510.0574706,m2b_algorithm_state_v1:header6+3x20,"[1.0,-0.15,0.52,3.150843424236418,0.10125036446447211,1789558510.0574105,3.1494186758557476,0.10107521064303328,0.0036904376666666654,0.0015404309479942284,0.0006966985079055901,0.0005695463136757642,0.004584685874999997,3.1508124922874687,0.10188481625899266,0.0013938164317210955,0.0008096056159593856,0.000808566008211348,0.9974396814618941,2.1757778865657614e-08,0.0025508365478627173,-0.007906193168357552,-0.007906193168357552,0.14195253336164945,1.001285742583141,2.1702072021079862e-08,3.15039916546455,0.10150169416984244,0.002796189458333334,-0.000943832016610309,0.0016671333227598062,0.0007539910504328756,-0.0017884964166666626,3.148666009224977,0.10234466505875406,-0.0017331562395725975,0.0008429708889116233,0.0008418506185268613,0.9973505895206725,-1.4424021468800204e-08,-0.0013245946809388855,0.0033920542644638417,0.0033920542644638417,0.12046879312345653,1.0013307234800424,-1.4385806315166719e-08,3.149712521750592,0.10117418664621872,0.0036904376666666654,0.0013236717439252537,0.000982404974746021,0.0005148945989667947,0.0032930326916666636,3.1486986148071736,0.10321869389280053,-0.0010139069434185188,0.0020445072465818115,0.0020379480247948484,0.9936333398028143,1.1906762309990559e-07,0.0007705643455216999,-0.002357398451405856,-0.002357398451405856,0.17670403841718735,1.0032185422332462,1.1830956000314192e-07]"
/multi_agv/m2b_algorithm_state,1789558510.0677812,1789558510.0677812,m2b_algorithm_state_v1:header6+3x20,"[1.0,-0.15,0.52,3.151841016411073,0.10125038016009662,1789558510.0676143,3.1504186458918313,0.10107521298661055,0.0036904376666666654,0.0015404132342630278,0.0006966991753115431,0.0005695536446864571,0.004584685874999997,3.151752451929461,0.10057662054527305,0.0013338060376297811,-0.0004985924413375004,-0.000498990646227035,1.0016003212996627,8.259531647370715e-09,0.0011682669008101915,-0.002375563276159907,-0.002375563276159907,0.14195253394475826,0.9992019792504216,8.272749551791241e-09,3.1513991352235706,0.10150169196189242,0.002796189458333334,-0.0009438118394498457,0.001667132961458595,0.0007539824922609406,-0.0017884964166666626,3.149766420385425,0.10292265786222977,-0.0016327148381454215,0.0014209659003373565,0.001417796628824898,0.9955633443060399,-4.096734867096547e-08,-0.0006230969188568789,0.0006369157687686571,0.0006369157687686571,0.12046879278315734,1.0022353498717833,-4.0785590650217987e-08,3.1507124915938514,0.10117418844491334,0.0036904376666666654,0.0013236608591996259,0.0009824049328433391,0.000514899338856819,0.0032930326916666636,3.1499266086019198,0.10429154436668997,-0.0007858829919316079,0.0031173559217766295,0.0031022304696859473,0.9904109984733042,2.765888107344613e-07,0.0021198767297714374,-0.007699780077336108,-0.007699780077336108,0.17670403726651937,1.0048756700182284,2.7393660020606155e-07]"
/multi_agv/m2b_algorithm_state,1789558510.077061,1789558510.077061,m2b_algorithm_state_v1:header6+3x20,"[1.0,-0.15,0.52,3.1528400310731826,0.10125038634048322,1789558510.0769336,3.1514162430276036,0.10107525106487578,0.0036904376666666654,0.0015401429074323237,0.0006967242103704579,0.0005696577981901259,0.004584685874999997,3.152618244299424,0.09955808313608758,0.0012020012718205741,-0.001517167928788199,-0.001520883431620093,1.004925934210194,7.651694578768025e-08,-1.8381841844375283e-05,0.0022843453027102303,0.0022843453027102303,0.14195253024551602,0.9975570101201404,7.689386322859534e-08,3.1523967213963138,0.10150166825565385,0.002796189458333334,-0.0009435175332398907,0.0016671149557221376,0.0007538642866716794,-0.0017884964166666626,3.1507932878738067,0.10292265786222977,-0.001603433522507025,0.0014209896065759259,0.001417820228861718,0.9955632700521365,-4.0955944177915805e-08,-0.0005864716742720634,0.0005065346448168671,0.0005065346448168671,0.12046879491102411,1.0022353875686711,-4.077423371383862e-08,3.151710084809302,0.10117422115976024,0.0036904376666666654,0.0013234813760899093,0.0009824133993359572,0.0005149727338581186,0.0032930326916666636,3.1510543091584324,0.10523779935675924,-0.0006557756508693835,0.004063578196998999,0.004038061499229161,0.9876356990004826,4.6957230132040273e-07,0.003218341935642432,-0.012113109992025329,-0.012113109992025329,0.17670404447462637,1.0063190463480332,4.637663680458412e-07]"
/multi_agv/m2b_algorithm_state,1789558510.0871034,1789558510.0871034,m2b_algorithm_state_v1:header6+3x20,"[1.0,-0.15,0.52,3.1538430961974058,0.10125036652542303,1789558510.0869942,3.1524152598195228,0.10107526508391033,0.0036904376666666654,0.0015400441280859593,0.0006967349730648382,0.0005696950167405788,0.004584685874999997,3.153614716290215,0.09955608621501764,0.001199456470692084,-0.00151917886889269,-0.0015229042834586128,1.0049325741635284,7.671509846359239e-08,-2.358369509350769e-05,0.002303507649313919,0.002303507649313919,0.14195252911150216,0.9975537434582152,7.709350137622644e-08,3.1533957333920752,0.10150166034088437,0.002796189458333334,-0.0009434103821199264,0.001667106956678488,0.0007538220012034275,-0.0017884964166666626,3.151805354678803,0.10303871415968105,-0.001590378713272056,0.0015370538187966798,0.0015333488250423317,0.995207245340676,-4.791011541389421e-08,-0.00045462456654773824,-1.579507757382744e-05,-1.579507757382744e-05,0.12046879557482673,1.0024162758622428,-4.768049398501552e-08,3.1527091000079492,0.10117423359665498,0.0036904376666666654,0.001323413963811412,0.0009824173417254398,0.0005149999037920546,0.0032930326916666636,3.1518316757818705,0.10274221403060904,-0.0008774242260787268,0.0015679804339540637,0.0015641085202565757,0.9950906261774476,7.004316144336929e-08,0.00046732823765816716,-0.0010538585820647718,-0.0010538585820647718,0.1767040466878651,1.0024754763798953,6.96992933801304e-08]"
/multi_agv/m2b_algorithm_state,1789558510.0970733,1789558510.0970733,m2b_algorithm_state_v1:header6+3x20,"[1.0,-0.15,0.52,3.15484152212141,0.10125037688395722,1789558510.0969052,3.153418318868299,0.10107521670145694,0.0036904376666666654,0.0015403871731999902,0.0006967041623735953,0.0005695623470690745,0.004584685874999997,3.154836644702183,0.10037603348369271,0.0014183258338840155,-0.0006991832177642293,-0.0006999674676914059,1.0022492479776655,1.624422361008842e-08,0.0010729398246636134,-0.0019451315359722853,-0.0019451315359722853,0.1419525352628395,0.9988795908904693,1.6280760897192155e-08,3.1543988058328276,0.10150169058580308,0.002796189458333334,-0.0009437831855002351,0.0016671289062659689,0.0007539721811401084,-0.0017884964166666626,3.152832562354797,0.10303871415968105,-0.0015662434780305823,0.0015370235738779714,0.0015333187266072322,0.9952073399749661,-4.792715609019962e-08,-0.0004244856209309957,-0.0001237213412110848,-0.0001237213412110848,0.12046879201668488,1.0024162277590758,-4.769745752509256e-08,3.15371216389109,0.1011741922890091,0.0036904376666666654,0.0013236403498164892,0.0009824069856469997,0.0005149071611036697,0.0032930326916666636,3.152721461454315,0.10179609662105243,-0.000990702436775237,0.0006219043320433298,0.0006212908472268558,0.9980317189537586,1.1028173398012416e-08,-0.0006170871987421906,0.0032386887701601314,0.0032386887701601314,0.1767040346676687,1.0009874357866568,1.1006466853338445e-08]"
/multi_agv/m2b_algorithm_state,1789558510.107098,1789558510.107098,m2b_algorithm_state_v1:header6+3x20,"[1.0,-0.15,0.52,3.1558446211948272,0.10125035715609625,1789558510.106984,3.1544167480551133,0.1010752419585502,0.0036904376666666654,0.001540207702871076,0.0006967206201492708,0.0005696315795133852,0.004584685874999997,3.1559034489634676,0.10084968128598827,0.0014867009083543437,-0.00022556067256192247,-0.00022564200180412124,1.000721743698072,1.6898579319957075e-09,0.0016327341336388084,-0.004149920250547253,-0.004149920250547253,0.1419525330760862,0.9996395651450152,1.6910775763087624e-09,3.1553972278185585,0.10150167474884988,0.002796189458333334,-0.0009435877093983925,0.0016671170914470679,0.0007538935946779929,-0.0017884964166666626,3.1538780886380566,0.10311344658469786,-0.0015191391805018384,0.0016117718358479721,0.0016077001916557341,0.9949785558032426,-5.268828496757844e-08,-0.00029122378397156384,-0.0006328377248353135,-0.0006328377248353135,0.1204687932980486,1.0025325892311083,-5.242371368479089e-08,3.1547105904905566,0.10117421394447158,0.0036904376666666654,0.0013235213876225268,0.0009824125191577604,0.0005149558482653352,0.0032930326916666636,3.153880518227356,0.10277354964885077,-0.0008300722632004209,0.0015993357043791873,0.0015953083436179105,0.9949942416191722,7.28767547226803e-08,0.0005577180146173844,-0.001390865074631506,-0.001390865074631506,0.17670403901016848,1.002524503038794,7.251195129695971e-08]"
/multi_agv/m2b_algorithm_state,1789558510.1170309,1789558510.1170309,m2b_algorithm_state_v1:header6+3x20,"[1.0,-0.15,0.52,3.1568367731865226,0.1012504073152322,1789558510.1169062,3.155419840956253,0.10107519463786023,0.0036904376666666654,0.0015405424136076054,0.0006966892714260096,0.0005695028022994206,0.004584685874999997,3.156858905080231,0.10016530539729468,0.0014390641239780955,-0.0009098892405655506,-0.0009112195108349814,1.0029340584628894,2.751698151770356e-08,0.0008876106441376379,-0.0011919987337222185,-0.0011919987337222185,0.1419525392815558,0.9985401209548161,2.759771795019875e-08,3.156400334401674,0.10150170359683217,0.002796189458333334,-0.0009439509365534154,0.0016671396205403255,0.0007540393222077862,-0.0017884964166666626,3.1549770782139386,0.102974744559344,-0.0014232561877354222,0.001473040962511829,0.0014696364892966335,0.9954034878323867,-4.4029899184369885e-08,-0.00030943374537264427,-0.0005056978577144069,-0.0005056978577144069,0.12046878968812316,1.0023165410222121,-4.3827515217030145e-08,3.155713688226555,0.10117417323359632,0.0036904376666666654,0.0013237436771098327,0.0009824017133264864,0.000514865115190619,0.0032930326916666636,3.1549823164414215,0.10364167479843783,-0.0007313717851333834,0.0024675015648415177,0.0024579780911476723,0.9923532046539473,1.7338745062168145e-07,0.001543763359730943,-0.005322773641194772,-0.005322773641194772,0.17670402684298092,1.0038745152888644,1.7206159227120364e-07]"
/multi_agv/m2b_algorithm_state,1789558510.1270347,1789558510.1270347,m2b_algorithm_state_v1:header6+3x20,"[1.0,-0.15,0.52,3.1578430681586163,0.10125036610025125,1789558510.126942,3.156412008755778,0.1010753154663991,0.0036904376666666654,0.0015396862968826805,0.0006967693113430146,0.00056983226070241,0.004584685874999997,3.157893656344581,0.09969636585231584,0.0014816475888030922,-0.0013789496140832608,-0.001382015771644157,1.0044701944193037,6.318553495604823e-08,0.00047004371435970817,0.0004969902990013169,0.0004969902990013169,0.141952525819062,0.9977813874314556,6.346798658178948e-08,3.1573924671931977,0.10150162930888533,0.002796189458333334,-0.0009430205206930231,0.0016670820200257452,0.0007536659809593976,-0.0017884964166666626,3.1560148833892696,0.10315453585750103,-0.0013775838039280508,0.001652906548615704,0.0016486257597014564,0.9948528197669225,-5.537699851830275e-08,-7.335399520860711e-05,-0.0014287142702615017,-0.0014287142702615017,0.12046879750994725,1.0025965801450434,-5.509196312616218e-08,3.1567058436105917,0.10117427717041216,0.0036904376666666654,0.0013231749404933064,0.0009824291180730912,0.000515097385505188,0.0032930326916666636,3.1559168243746,0.10340862180628958,-0.000789019235991617,0.0022343446358774194,0.0022265220729736353,0.9930572722455144,1.4213207420274408e-07,0.001240248027984114,-0.004126624207573777,-0.004126624207573777,0.17670405324103677,1.0035133552003537,1.411452899063741e-07]"
/multi_agv/m2b_algorithm_state,1789558510.137124,1789558510.137124,m2b_algorithm_state_v1:header6+3x20,"[1.0,-0.15,0.52,3.1588402409744023,0.10125038441193794,1789558510.13706,3.157418291097598,0.10107521426709914,0.0036904376666666654,0.00154040475213572,0.000696705382203166,0.0005695540928459499,0.004584685874999997,3.158862691839422,0.09959385134053284,0.001444400741823948,-0.0014813629265663097,-0.0014849041742735754,1.0048077448281487,7.295863138825766e-08,0.00032059675300635956,0.0010716913963722881,0.0010716913963722881,0.14195253775005803,0.9976151675181342,7.330939787098337e-08,3.158398777326533,0.10150169314053965,0.002796189458333334,-0.0009438021263027535,0.0016671275037509758,0.0007539811208651659,-0.0017884964166666626,3.1570407643259717,0.10315453585750103,-0.0013580130005612645,0.0016528427169613807,0.0016485622603227435,0.9948530192806214,-5.541860266178171e-08,-4.895399037883712e-05,-0.0015165859707390711,-0.0015165859707390711,0.12046879055789589,1.0025964786054238,-5.5133364182386613e-08,3.157712136051717,0.101174190893115,0.0036904376666666654,0.0013236486249520248,0.0009824078320388452,0.0005149031339127669,0.0032930326916666636,3.15680699623773,0.10192734066261809,-0.0009051398139869882,0.0007531497695030948,0.000752250917941756,0.9976198903350871,1.6172643150930002e-08,-0.0003791738495419792,0.0023335483871835616,0.0023335483871835616,0.17670402981995847,1.0011948826380939,1.6134150486659288e-08]"
/multi_agv/m2b_algorithm_state,1789558510.1472142,1789558510.1472142,m2b_algorithm_state_v1:header6+3x20,"[1.0,-0.15,0.52,3.1598436892234574,0.10125036221826354,1789558510.147091,3.1584154696697606,0.101075258579688,0.0036904376666666654,0.0015400904949309188,0.0006967345163636728,0.0005696751562015737,0.004584685874999997,3.1599019951758653,0.10038052389029709,0.00148652550610473,-0.0006947346893909079,-0.0006955089651189947,1.0022348236008403,1.6035033335892445e-08,0.0011626479175119177,-0.002265155564445076,-0.002265155564445076,0.14195253330991084,0.9988867494641792,1.6070868806831757e-08,3.1593959431652245,0.10150166571012069,0.002796189458333334,-0.0009434604287663186,0.0016671065724667145,0.0007538438945482451,-0.0017884964166666626,3.1580490153741696,0.10271142432232222,-0.0013469277910549415,0.0012097586122015308,0.001207457772770692,0.9962136699038587,-2.968745155168735e-08,-0.000476201966047985,0.0002077796565560304,0.0002077796565560304,0.12046879314869195,1.0019055237232515,-2.957504506039946e-08,3.1587093100882218,0.10117422894600514,0.0036904376666666654,0.0013234401368124372,0.000982417755053611,0.0005149883438415061,0.0032930326916666636,3.157659150480118,0.10250962890259671,-0.00105015960810384,0.0013353999565915708,0.0013325865486369139,0.9958077379337604,5.081473181387732e-08,1.9887038507113847e-05,0.0006489995472189245,0.0006489995472189245,0.17670403850174035,1.0021112384464144,5.060170314128786e-08]"
/multi_agv/m2b_algorithm_state,1789558510.1572597,1789558510.1572597,m2b_algorithm_state_v1:header6+3x20,"[1.0,-0.15,0.52,3.1608398096078276,0.10125038729896006,1789558510.1570141,3.159418911023485,0.10107520480736977,0.0036904376666666654,0.0015404714965222342,0.0006966995741287006,0.0005695281829877523,0.004584685874999997,3.1607426057192507,0.10086029322702804,0.0013236946957655427,-0.0002149115803417312,-0.0002149854055868384,1.0006875864301361,1.5343141277624444e-09,0.00143963296412009,-0.0034696764485927394,-0.0034696764485927394,0.14195254013547604,0.9996566034568455,1.53536910133626e-09,3.160399399754779,0.10150169899855462,0.002796189458333334,-0.0009438744448782839,0.001667131593964477,0.0007540103408732318,-0.0017884964166666626,3.1590688328950973,0.10271142432232222,-0.0013305668596816922,0.0012097253237676048,0.0012074246114195041,0.9962137743731059,-2.9698840926425837e-08,-0.0004557839631826111,0.00013458991092935762,0.00013458991092935762,0.12046878917571527,1.0019054708064927,-2.958639441382115e-08,3.1597127568921084,0.10117418284886623,0.0036904376666666654,0.0013236924700697661,0.0009824058970418388,0.0005148851352718255,0.0032930326916666636,3.1587232314756553,0.1030572447019315,-0.0009895254164531408,0.0018830618530652765,0.0018774908145439792,0.9941252605906614,1.0101929333498168e-07,0.0006405840439775532,-0.0018178354366768122,-0.0018178354366768122,0.17670402509241093,1.0029672787095103,1.0042583131132313e-07]"
/multi_agv/m2b_algorithm_state,1789558510.1670516,1789558510.1670516,m2b_algorithm_state_v1:header6+3x20,"[1.0,-0.15,0.52,3.1618406973620132,0.10125038136042762,1789558510.1668968,3.16041503926533,0.10107526558546223,0.0036904376666666654,0.0015400404681853125,0.0006967393482904419,0.0005696943273978765,0.004584685874999997,3.1617750874145556,0.1010997470916894,0.0013600481492255234,2.4481506227164163e-05,2.4480549967155285e-05,0.9999218862124404,1.990106403754085e-11,0.0017245407364990595,-0.004593628859482276,-0.004593628859482276,0.14195253380958053,1.0000390620312927,1.989950949005241e-11,3.1613955106247373,0.10150166131381018,0.002796189458333334,-0.0009434057949160679,0.0016671030507291462,0.0007538220445503924,-0.0017884964166666626,3.1599771913997015,0.10292225028987062,-0.00141831922503588,0.0014205889760604412,0.0014174213752893117,0.9955645002105741,-4.0928019051294446e-08,-0.0003554776560055384,-0.00031727166440115003,-0.00031727166440115003,0.1204687928530846,1.0022347629479504,-4.074648283141081e-08,3.1607088789334155,0.10117423499760773,0.0036904376666666654,0.0013234067279122275,0.0009824194148098323,0.000515001961958981,0.0032930326916666636,3.159891308253375,0.10389700524045456,-0.0008175706800406246,0.0027227702428468253,0.002711196869469335,0.9915867660169073,2.110233705314645e-07,0.0016892335194185542,-0.005965923673951453,-0.005965923673951453,0.17670403752813388,1.0042687322000914,2.0924798153928243e-07]"
/multi_agv/m2b_algorithm_state,1789558510.1770487,1789558510.1770487,m2b_algorithm_state_v1:header6+3x20,"[1.0,-0.15,0.52,3.1628368187729965,0.10125040583002563,1789558510.1768718,3.161415925326134,0.10107525026325426,0.0036904376666666654,0.0015401498319340132,0.0006967308142935556,0.000569651361706977,0.004584685874999997,3.1627371944919767,0.10036797924495494,0.0013212691658428533,-0.0007072710182993158,-0.0007080735653851884,1.0022754730916335,1.661973629154979e-08,0.0009435128919183782,-0.0014833302664827856,-0.0014833302664827856,0.14195253603885638,0.9988665766876411,1.6657554054271257e-08,3.1623964003389626,0.1015016716049104,0.002796189458333334,-0.0009435251759120043,0.0016671089308482046,0.0007538707334483752,-0.0017884964166666626,3.161006977196076,0.10292225028987062,-0.0013894231428865922,0.0014205786849602192,0.0014174111302795746,0.995564532445011,-4.093260351402268e-08,-0.00031936779832866563,-0.0004462123693338765,-0.0004462123693338765,0.1204687915600021,1.0022347465833852,-4.0751048279195004e-08,3.1617097664209433,0.10117422221311817,0.0036904376666666654,0.001323477557210251,0.0009824168263848024,0.0005149726066257065,0.0032930326916666636,3.1607517325366365,0.10194949686979776,-0.0009580338843067082,0.0007752746566795921,0.0007743223791401685,0.9975505884153704,1.7134301005196795e-08,-0.00042321997624321676,0.002480267627719455,0.002480267627719455,0.1767040331787519,1.001229820505099,1.7092332049820134e-08]"
/multi_agv/m2b_algorithm_state,1789558510.1871848,1789558510.1871848,m2b_algorithm_state_v1:header6+3x20,"[1.0,-0.15,0.52,3.163842553235643,0.10125036829678824,1789558510.1869223,3.16241205461987,0.10107530794224011,0.0036904376666666654,0.0015397424024143572,0.0006967708414563839,0.0005698071454234314,0.004584685874999997,3.163709571547611,0.10026840967754679,0.0012975169277407161,-0.0008068982646933232,-0.0008079436163103056,1.0025989214852833,2.162742202573865e-08,0.0008139525433655896,-0.0009793172518166673,-0.0009793172518166673,0.14195252971544284,0.9987061577121478,2.168362999751263e-08,3.1633925120586017,0.10150163727289722,0.002796189458333334,-0.0009430833224941138,0.0016670798568152456,0.0007536943286147874,-0.0017884964166666626,3.1618495592403506,0.10256622925552662,-0.0015429528182511199,0.0010645919826293981,0.0010628082324974607,0.9966624899059565,-2.2983377399051855e-08,-0.0008658827903164391,0.001661612891861201,0.001661612891861201,0.12046879524967657,1.001678336766122,-2.290667014498731e-08,3.162705889640518,0.10117427227493955,0.0036904376666666654,0.0013232048931175393,0.000982430954714687,0.0005150834469125902,0.0032930326916666636,3.161676248579538,0.10330476229245748,-0.0010296410609798023,0.0021304900175179303,0.0021233721463005542,0.9933721112027927,1.2923919476811727e-07,0.0008363208200758013,-0.002633047289358307,-0.002633047289358307,0.17670404557426458,1.0033521543690667,1.2838261175695357e-07]"
/multi_agv/m2b_algorithm_state,1789558510.1969967,1789558510.1969967,m2b_algorithm_state_v1:header6+3x20,"[1.0,-0.15,0.52,3.1648369675507104,0.10125040395274436,1789558510.196872,3.1634177775312065,0.10107521587526277,0.0036904376666666654,0.0015403960816287704,0.0006967124447394995,0.0005695541776066709,0.004584685874999997,3.164584925088982,0.10039536930051575,0.001167147557775472,-0.0006798465747470256,-0.0006805879378624917,1.00218656480372,1.5358030038205392e-08,0.0007783465093568482,-0.0009107805220044084,-0.0009107805220044084,0.1419525406400641,0.9989107019472098,1.5391611366141408e-08,3.16439826039449,0.1015016953052378,0.002796189458333334,-0.0009437946731473681,0.0016671214765420217,0.0007539810253486962,-0.0017884964166666626,3.162875290662545,0.10256622925552662,-0.0015229697319449897,0.0010645339502888262,0.001062750395244598,0.9966626722710592,-2.2998200680874626e-08,-0.0008409617696866392,0.0015721277824293826,0.0015721277824293826,0.12046878888284819,1.0016782445362609,-2.29214481480266e-08,3.163711621781231,0.10117419370986412,0.0036904376666666654,0.0013236362533002748,0.0009824115095047325,0.0005149065837190777,0.0032930326916666636,3.162770961422068,0.10451053346285114,-0.0009406603591632923,0.0033363397529870137,0.0033190434735409394,0.9897631769464702,3.16753517132352e-07,0.002143218024586824,-0.007889704504456278,-0.007889704504456278,0.17670402412262362,1.0052112241324822,3.135109674258849e-07]"
/multi_agv/m2b_algorithm_state,1789558510.2071621,1789558510.2071621,m2b_algorithm_state_v1:header6+3x20,"[1.0,-0.15,0.52,3.165844303069021,0.10125035618161671,1789558510.2070777,3.1644122030763095,0.10107530151510315,0.0036904376666666654,0.0015397896990017894,0.0006967694210588066,0.0005697873831474239,0.004584685874999997,3.165610807106754,0.100608434040779,0.0011986040304443613,-0.0004668674743241452,-0.0004672165326054352,1.0014979549933258,7.2387854480390565e-09,0.0010310385054500164,-0.0019045382008289887,-0.0019045382008289887,0.14195253125743126,0.9992528982667985,7.249628822846561e-09,3.1653926610439322,0.10150164292318731,0.002796189458333334,-0.0009431361679745295,0.0016670804796654615,0.000753716911328875,-0.0017884964166666626,3.163947502727855,0.10347326753153231,-0.0014451583160770554,0.0019716246083450045,0.001965548529589156,0.993882677939938,-7.878302454401208e-08,0.00015910063449283687,-0.002404428851914081,-0.002404428851914081,0.12046879434672443,1.003091289105499,-7.830108341001059e-08,3.1647060385318895,0.10117426741994259,0.0036904376666666654,0.0013232332877392127,0.0009824311380926664,0.0005150710435895241,0.0032930326916666636,3.1638503997015075,0.1043159424310163,-0.0008556388303819773,0.003141675011073708,0.003126315502907075,0.9903389004743298,2.808250253284445e-07,0.0020567669649296035,-0.007485507299022549,-0.007485507299022549,0.17670404255714467,1.0049129744430307,2.7811194680944757e-07]"
/multi_agv/m2b_algorithm_state,1789558510.217232,1789558510.217232,m2b_algorithm_state_v1:header6+3x20,"[1.0,-0.15,0.52,3.1668500866605562,0.10125031994829616,1789558510.217141,3.1654195237327083,0.10107518534912625,0.0036904376666666654,0.0015406135835853213,0.00069669424769998,0.00056946936471354,0.004584685874999997,3.166601502600917,0.10032523820984218,0.0011819788682085886,-0.0007499471392840712,-0.0007508497496029645,1.0024139390939935,1.869206864152705e-08,0.0007266238356577712,-0.0006953472938164016,-0.0006953472938164016,0.14195254505869045,0.9987978815743487,1.873719015676844e-08,3.1664000145061824,0.10150171528130424,0.002796189458333334,-0.000944032177702689,0.001667134311485352,0.0007540772990625583,-0.0017884964166666626,3.164982366296854,0.10347326753153231,-0.001417648209328437,0.001971552250228076,0.0019654766201090707,0.9938829034468049,-7.885206113412908e-08,0.0001934163584485244,-0.002527947663929804,-0.002527947663929804,0.12046878631371445,1.0030911739457211,-7.836971546275316e-08,3.165713370968171,0.10117416791441966,0.0036904376666666654,0.0013237786754985536,0.0009824057796135053,0.0005148478297229255,0.0032930326916666636,3.164727143097463,0.1025034274560959,-0.000986227870708234,0.0013292595416762448,0.0013264718153520615,0.9958267192509299,5.036161396267989e-08,9.368697696676915e-05,0.0003889139945112078,0.0003889139945112078,0.17670401548751036,1.0021016099188231,5.015144080863734e-08]"
/multi_agv/m2b_algorithm_state,1789558510.227269,1789558510.227269,m2b_algorithm_state_v1:header6+3x20,"[1.0,-0.15,0.52,3.167849299906735,0.10125032682144242,1789558510.227103,3.166425295526588,0.10107510096008053,0.0036904376666666654,0.0015412084702415662,0.0006966343515917293,0.0005692426609065962,0.004584685874999997,3.167610854356197,0.10032523820984218,0.0011855588296092456,-0.0007498627502383476,-0.000750765157884905,1.002413667900864,1.8695084403254883e-08,0.000731183379126652,-0.0007109340077209787,-0.0007109340077209787,0.14195255606991836,0.9987980160812208,1.8740208128382962e-08,3.1674058126781235,0.10150176459736261,0.002796189458333334,-0.0009446767524544973,0.0016671780527004465,0.0007543339471993565,-0.0017884964166666626,3.1661144847235976,0.10410014199264557,-0.0012913279545259115,0.002598377395282958,0.002587874535790029,0.9919957991102683,-1.3699175754055785e-07,0.0009737145926326397,-0.005611009198966495,-0.005611009198966495,0.12046877990937284,1.004058488673881,-1.358952479929658e-07,3.1667191517769586,0.10117409428744534,0.0036904376666666654,0.001324178520805212,0.000982384389098168,0.0005146856388140377,0.0032930326916666636,3.165758409170399,0.1025034274560959,-0.0009607426065594282,0.0013293331686505677,0.0013265451322622978,0.9958264874103256,5.0382420754055195e-08,0.00012561687406301256,0.0002754002204481236,0.0002754002204481236,0.1767039938649296,1.002101727502867,5.017214908673988e-08]"
/multi_agv/m2b_algorithm_state,1789558510.2370617,1789558510.2370617,m2b_algorithm_state_v1:header6+3x20,"[1.0,-0.15,0.52,3.1688410609459416,0.10125038037770225,1789558510.2368932,3.167424510290147,0.10107512222482676,0.0036904376666666654,0.0015410530906853565,0.0006966417452748171,0.000569306165645289,0.004584685874999997,3.168609764972134,0.0994411619691486,0.0011852546819870469,-0.001633960255678163,-0.001638273619279372,1.0053121290898361,8.881049024691412e-08,-0.00015670526679556333,0.0028253969523725484,0.0028253969523725484,0.14195255530178577,0.9973671286954456,8.928226303563736e-08,3.168405024499632,0.10150174736134623,0.002796189458333334,-0.0009445047649081452,0.0016671737786908558,0.0007542616197114688,-0.0017884964166666626,3.166860364848671,0.10156926320816999,-0.0015446596509609556,6.751584682375411e-05,6.750861809305576e-05,0.9997859204215239,-9.264476607916972e-11,-0.0018633159456081388,0.005641454339966937,0.005641454339966937,0.12046878036294668,1.0001070786353288,-9.262493272669947e-11,3.167718364930426,0.10117411087815424,0.0036904376666666654,0.0013240829653262689,0.000982385442737788,0.000514726510270248,0.0032930326916666636,3.166773792645039,0.10232085772755076,-0.0009445722853871352,0.0011467468493965155,0.0011446692274129269,0.9963922317815068,3.749494669398989e-08,-3.604612932099215e-05,0.0009346205324985638,0.0009346205324985638,0.17670399539737372,1.001815041353286,3.735967361695322e-08]"
/multi_agv/m2b_algorithm_state,1789558510.2470782,1789558510.2470782,m2b_algorithm_state_v1:header6+3x20,"[1.0,-0.15,0.52,3.169841988260629,0.1012503743696171,1789558510.2469292,3.1684162878540176,0.10107525375223997,0.0036904376666666654,0.0015401187180210524,0.0006967252421289588,0.0005696677466083874,0.004584685874999997,3.1696433282928194,0.09979006202302877,0.0012270404388017297,-0.0012851917292111964,-0.0012878532327369652,1.004161857174349,5.489732711003538e-08,0.000245947315765197,0.0012469138001445427,0.0012469138001445427,0.1419525411355622,0.9979333797841913,5.512580194472086e-08,3.1693967656945583,0.10150166427485047,0.002796189458333334,-0.0009434876244084744,0.0016671142458513089,0.0007538516914446514,-0.0017884964166666626,3.1680022608829903,0.10351603255364193,-0.001394504811567998,0.0020143682787914646,0.0020080279556591953,0.9937531181580167,-8.22640294274895e-08,0.0002648969411991977,-0.0028025381368963756,-0.0028025381368963756,0.12046878858829643,1.0031574874813871,-8.175013575581053e-08,3.1687101292892477,0.10117422310601631,0.0036904376666666654,0.0013234663597133669,0.0009824132258277937,0.0005149793330975249,0.0032930326916666636,3.1680351164185696,0.10444921812037532,-0.00067501287067806,0.003274995014359003,0.0032583211622123544,0.9899443207827543,3.0518756330183653e-07,0.0024145550738647794,-0.008834281914859044,-0.008834281914859044,0.17670402315212913,1.0051173138915892,3.021186950641804e-07]"
/multi_agv/m2b_algorithm_state,1789558510.2571814,1789558510.2571814,m2b_algorithm_state_v1:header6+3x20,"[1.0,-0.15,0.52,3.1708488211537627,0.10125033072536675,1789558510.2570565,3.1694172134478933,0.10107523858320695,0.0036904376666666654,0.0015402265312822096,0.0006967164570427003,0.00056962558359081,0.004584685874999997,3.1706520442810264,0.09995444193362235,0.0012348308331331381,-0.0011207966495846017,-0.001122818303530739,1.003622770017376,4.174946090547609e-08,0.00042072023788568367,0.0005551609557269146,0.0005551609557269146,0.14195254343918368,0.9981994825522703,4.190070960068606e-08,3.170397695033502,0.1015016741443657,0.002796189458333334,-0.0009436048001922378,0.0016671203186207073,0.0007538993242457576,-0.0017884964166666626,3.169031710643075,0.10351603255364193,-0.0013659843904272329,0.0020143584092762318,0.0020080181486526634,0.9937531489047376,-8.227343683652217e-08,0.00030053766061862233,-0.002930061269188811,-0.002930061269188811,0.12046878725072062,1.0031574717727638,-8.175948692750895e-08,3.1697110563004904,0.10117421038127869,0.0036904376666666654,0.0013235364290643107,0.0009824104143281607,0.0005149504232015239,0.0032930326916666636,3.1691025915438464,0.10475221706881954,-0.0006084647566440005,0.0035780066875408523,0.003558150510527298,0.9890521292427734,3.64208066964839e-07,0.0027975695647222973,-0.01035868360903551,-0.01035868360903551,0.17670401865669993,1.005580476979489,3.6022076411896863e-07]"
/multi_agv/m2b_algorithm_state,1789558510.267057,1789558510.267057,m2b_algorithm_state_v1:header6+3x20,"[1.0,-0.15,0.52,3.171841890723807,0.10125037594520551,1789558510.2669218,3.170424032567571,0.1010751343651747,0.0036904376666666654,0.001540963528521721,0.0006966465048746425,0.0005693425114046937,0.004584685874999997,3.1716350968678664,0.1001611878079352,0.0012110643002953836,-0.0009139465572394895,-0.0009152887598178421,1.0029472792397287,2.777060651850978e-08,0.0005985416155513874,-0.00016687545674986832,-0.00016687545674986832,0.14195255632957152,0.998533574717317,2.785245425057646e-08,3.1714045447309314,0.1015017373117199,0.002796189458333334,-0.0009444045362178659,0.001667170731505685,0.000754219759059413,-0.0017884964166666626,3.1699410747135537,0.10355117775865837,-0.0014634700173776771,0.002049440446938472,0.0020428791758687233,0.9936469124689813,-8.523407951343364e-08,0.00021354165414662687,-0.0026359360431372275,-0.0026359360431372275,0.12046877974477481,1.003211776372902,-8.469257994565899e-08,3.170717886162786,0.10117412049920568,0.0036904376666666654,0.001324026959795482,0.0009823861487811012,0.0005147504191942709,0.0032930326916666636,3.169712975630697,0.102885351497272,-0.001004910532088843,0.0017112309980663182,0.0017066242906537262,0.9946508475764949,8.34559602823346e-08,0.00045048612554267255,-0.0010590560198844774,-0.0010590560198844774,0.17670399332536052,1.0026993096476011,8.30095416301344e-08]"
/multi_agv/m2b_algorithm_state,1789558510.2770789,1789558510.2770789,m2b_algorithm_state_v1:header6+3x20,"[1.0,-0.15,0.52,3.172841204818632,0.10125038031710927,1789558510.2769756,3.1714171161001183,0.10107524553291863,0.0036904376666666654,0.001540173581732007,0.0006967169915957244,0.0005696482569524344,0.004584685874999997,3.172616965739114,0.09988182356857672,0.0011998496389957758,-0.001193421964341912,-0.001195715359697873,1.003860679842832,4.733602818458359e-08,0.0003040966890468467,0.0010001740746690422,0.0010001740746690422,0.1419525445480827,0.998081988880246,4.751877743443554e-08,3.1723975975426435,0.1015016669653072,0.002796189458333334,-0.0009435443750920856,0.0016671204565086306,0.0007538730603050964,-0.0017884964166666626,3.170805554288731,0.10160153331929245,-0.0015920432539124896,9.98663539852479e-05,9.985054212270033e-05,0.9996834593387884,-2.0248661084598435e-10,-0.0018902035252679117,0.00572408851866002,0.00572408851866002,0.12046878663084955,1.0001583552999458,-2.0242251560030068e-10,3.17171095852866,0.10117421533739067,0.0036904376666666654,0.001323505714710911,0.0009824095524222365,0.0005149641849650282,0.0032930326916666636,3.170582807796099,0.10119226742414336,-0.0011281507325611173,1.8052086752692875e-05,1.8051567480910357e-05,0.9999424735364573,9.295077247374473e-12,-0.0013921368482204862,0.006257783966129391,0.006257783966129391,0.17670401652366455,1.0000287660217357,9.294542534452075e-12]"
/multi_agv/m2b_algorithm_state,1789558510.287046,1789558510.287046,m2b_algorithm_state_v1:header6+3x20,"[1.0,-0.15,0.52,3.1738418005599764,0.10125037640750197,1789558510.2869308,3.172416431756176,0.1010752553211614,0.0036904376666666654,0.00154010461613188,0.0006967248000933062,0.000569674089102154,0.004584685874999997,3.1736376742087566,0.10012178970037805,0.0012212424525808174,-0.0009534656207833558,-0.000954926839601178,1.003076086990848,3.020808703885915e-08,0.0005716262261248438,-5.453425332615949e-05,-5.453425332615949e-05,0.14195254394445234,0.9984698107150989,3.030100974241779e-08,3.173396909671298,0.10150166153008315,0.002796189458333334,-0.0009434694219584983,0.001667114557999394,0.0007538436389216141,-0.0017884964166666626,3.17219764975291,0.10279534734855168,-0.001199259918388318,0.0012936858184685318,0.001291056339126787,0.9959548703636727,-3.394773737876705e-08,-0.00020801855885861035,-0.0007861530455984335,-0.0007861530455984335,0.12046878698050338,1.0020366883009328,-3.381041438020994e-08,3.172710273028421,0.10117422410008328,0.0036904376666666654,0.0013234582614191416,0.0009824124283363657,0.0005149832581917619,0.0032930326916666636,3.171834595007972,0.10335913643182021,-0.0008756780204492998,0.0021849123317369268,0.0021774292576393632,0.9932070284439466,1.3594677390744473e-07,0.0010828317320777385,-0.003539954037086662,-0.003539954037086662,0.17670401767965724,1.0034366554372822,1.3502329133915424e-07]"
/multi_agv/m2b_algorithm_state,1789558510.297105,1789558510.297105,m2b_algorithm_state_v1:header6+3x20,"[1.0,-0.15,0.52,3.1748433701496026,0.10125036642452141,1789558510.2969017,3.173417026464452,0.10107524504392329,0.0036904376666666654,0.0015401779328791027,0.0006967194877836916,0.000569645072532265,0.004584685874999997,3.1750080956299396,0.10000566367074908,0.0015910691654874576,-0.0010695813731742138,-0.0010714217769570195,1.0034552281206552,3.8018588913679715e-08,0.0009174146799023025,-0.0012245572320740555,-0.0012245572320740555,0.14195254564766896,0.9982822789097746,3.8149951811201894e-08,3.1743975065856844,0.10150166853793416,0.002796189458333334,-0.0009435492043393208,0.0016671180771243854,0.0007538763912965513,-0.0017884964166666626,3.1732233656800695,0.10279534734855168,-0.001174140905614962,0.001293678810617524,0.001291049359874502,0.9959548923395811,-3.3950239362352525e-08,-0.00017662677214420061,-0.0008981744840998117,-0.0008981744840998117,0.12046878597477377,1.0020366771594833,-3.381290698903482e-08,3.1737108686297923,0.10117421564064848,0.0036904376666666654,0.00132350516232289,0.000982410855688576,0.0005149637465159738,0.0032930326916666636,3.1733361515485026,0.10467208211593934,-0.0003747170812897771,0.0034978664752908645,0.003478878237039864,0.9892874743482373,3.4808901321732225e-07,0.0030104818854276424,-0.011084152484416963,-0.011084152484416963,0.17670401433787475,1.0054581497129826,3.4436010073413493e-07]"
/multi_agv/m2b_algorithm_state,1789558510.3069525,1789558510.3069525,m2b_algorithm_state_v1:header6+3x20,"[1.0,-0.15,0.52,3.175842044860403,0.10125037516970921,1789558510.3068714,3.174418593025907,0.101075220697897,0.0036904376666666654,0.0015403503866177723,0.0006967040468914823,0.0005695783525570789,0.004584685874999997,3.1760041902391163,0.09989437657018047,0.0015855972132094998,-0.0011808441277165321,-0.0011830892241320751,1.0038194502385909,4.6348437179761544e-08,0.0007989072923797996,-0.0007544594164699578,-0.0007544594164699578,0.14195254910523164,0.9981023439570332,4.6525462729206095e-08,3.1753990798208123,0.10150168370510364,0.002796189458333334,-0.0009437363917123697,0.0016671290136285322,0.0007539518417466889,-0.0017884964166666626,3.1744021134745775,0.10387653634776306,-0.0009969663462348066,0.0023748526426594224,0.002366064120374739,0.9926655633785437,-1.1434143936050591e-07,0.0011198561875812307,-0.006028416991867268,-0.006028416991867268,0.12046878397758592,1.0037144057969534,-1.135028093203102e-07,3.174712437602089,0.10117419487056359,0.0036904376666666654,0.001323618870855406,0.0009824056435243428,0.0005149171694595533,0.0032930326916666636,3.1741212918795743,0.10229271010238535,-0.0005911457225149519,0.0011185152318217567,0.0011165382275751996,0.9964799236097026,3.565971835455687e-08,0.00037760607443150973,-0.0005273003470639558,-0.0005273003470639558,0.1767040075524005,1.00177065522499,3.553419342189234e-08]"
/multi_agv/m2b_algorithm_state,1789558510.316856,1789558510.316856,m2b_algorithm_state_v1:header6+3x20,"[1.0,-0.15,0.52,3.1768368325193292,0.10125040818508375,1789558510.3167694,3.1754172705339174,0.10107524184642365,0.0036904376666666654,0.001540200239099222,0.0006967181066052318,0.0005696361221307232,0.004584685874999997,3.177048653711426,0.10052432776295442,0.0016313831775085497,-0.0005509140834692311,-0.0005514004394518287,1.0017693027875445,1.0082945848370013e-08,0.0014878285324338584,-0.0034837510665149964,-0.0034837510665149964,0.14195254735518315,0.9991179622869341,1.0100785632566193e-08,3.1763977511368306,0.10150167058846132,0.002796189458333334,-0.0009435728653057361,0.001667118829282721,0.0007538862562562892,-0.0017884964166666626,3.175296900548397,0.10227063275396875,-0.0011008505884335662,0.0007689621655074252,0.0007680294447826579,0.9975811545908625,-1.1999826185734144e-08,-0.0006080337907592998,0.0008739130389553869,0.0008739130389553869,0.12046878497995471,1.0012144335495252,-1.1970800461254333e-08,3.175711112910461,0.10117421307424271,0.0036904376666666654,0.0013235190242731985,0.0009824104166086482,0.0005149579662943886,0.0032930326916666636,3.1749402641916276,0.10014646854899405,-0.0007708487188335944,-0.0010277445252486611,-0.001029440971071925,1.0033140971508887,3.0150025429615945e-08,-0.001993001869613918,0.008833613803347035,0.008833613803347035,0.1767040109903758,0.9983520708122802,3.024994554299146e-08]"
/multi_agv/m2b_algorithm_state,1789558510.3269951,1789558510.3269951,m2b_algorithm_state_v1:header6+3x20,"[1.0,-0.15,0.52,3.177841514148591,0.101250377286777,1789558510.3268409,3.1764120688114037,0.10107532001933442,0.0036904376666666654,0.001539647614403053,0.0006967718967639588,0.0005698476831252239,0.004584685874999997,3.1782247044615,0.10076834018646863,0.0018126356500962615,-0.0003069798328657891,-0.0003071305651075721,1.000983171431749,3.1290298600636587e-09,0.001958663997512755,-0.005268009678040314,-0.005268009678040314,0.14195253863963336,0.9995092242228311,3.1321062328311628e-09,3.1773925257736773,0.10150162371138824,0.002796189458333334,-0.0009429730520704995,0.0016670797630444767,0.0007536465789134278,-0.0017884964166666626,3.1762712893154803,0.10280338041006552,-0.0011212364581969503,0.0013017566986772838,0.001299094469877985,0.9959300071517587,-3.4354357044637666e-08,-0.00010245110286820282,-0.0011657667433992167,-0.0011657667433992167,0.12046879004720128,1.0020492957679583,-3.4214535057160066e-08,3.1767059029729063,0.10117428082452863,0.0036904376666666654,0.0013231496109093284,0.000982429255763662,0.0005151082932393683,0.0032930326916666636,3.176286142903497,0.1008378693382655,-0.00041976006940913635,-0.00033641148626313566,-0.00033659230538690823,1.0010763536723892,3.2279778435584596e-09,-0.0008612923921483286,0.004528299512959494,0.004528299512959494,0.17670402807244542,0.9994627948385073,3.2314522893647647e-09]"
/multi_agv/m2b_algorithm_state,1789558510.3369715,1789558510.3369715,m2b_algorithm_state_v1:header6+3x20,"[1.0,-0.15,0.52,3.1788368619385547,0.1012504067369709,1789558510.3368602,3.1774167411200493,0.10107524314295167,0.0036904376666666654,0.0015401943663776014,0.000696724753247046,0.000569635210496111,0.004584685874999997,3.179183515382427,0.10016367268707481,0.0017667742623777016,-0.0009115704558768645,-0.000912905662662224,1.0029395336547728,2.7612548399714317e-08,0.001295562165309903,-0.0026350830394732956,-0.0026350830394732956,0.1419525476793078,0.9985374098989968,2.769371641502932e-08,3.1783972184957365,0.10150167307932562,0.002796189458333334,-0.0009435685067712934,0.0016671130414356305,0.0007538873776458677,-0.0017884964166666626,3.1772993340167393,0.10280338041006552,-0.0010978844789972797,0.0013017073307399069,0.0012990453046551214,0.9959301619532362,-3.43734368013595e-08,-7.331029409147821e-05,-0.0012702604282715984,-0.0012702604282715984,0.12046878479567899,1.0020492172792173,-3.4233542480467297e-08,3.177710582829988,0.10117421563805369,0.0036904376666666654,0.0013235085085127967,0.0009824138866381116,0.000514960719544585,0.0032930326916666636,3.177460815971767,0.10270075524525347,-0.0002497668582210899,0.0015265396071997839,0.001522868499841807,0.9952181174014136,6.639645165412882e-08,0.0012106599270654446,-0.0036876406463903183,-0.0036876406463903183,0.17670401034913777,1.0024106528950847,6.607895161735606e-08]"
/multi_agv/m2b_algorithm_state,1789558510.3470025,1789558510.3470025,m2b_algorithm_state_v1:header6+3x20,"[1.0,-0.15,0.52,3.1798420361164728,0.1012503727500312,1789558510.3469155,3.1784120983537405,0.1010753128626382,0.0036904376666666654,0.0015397016308600366,0.0006967726575349601,0.0005698238735449445,0.004584685874999997,3.180121328527759,0.09920002223728644,0.0017092301740184723,-0.0018752906253517582,-0.0018809825394888225,1.0061132846570116,1.1689803334264736e-07,0.00025555517803426786,0.001477244391070206,0.001477244391070206,0.14195253996282267,0.9969739675847223,1.176126642963158e-07,3.1793925547011788,0.10150163131611181,0.002796189458333334,-0.0009430339361756815,0.0016670782878724921,0.0007536737374226887,-0.0017884964166666626,3.1786422645025665,0.1046454493764697,-0.0007502901986122801,0.003143818060357892,0.0031285066886437667,0.9903760886262442,-2.001105339548506e-07,0.0021906439403784166,-0.010232316162691178,-0.010232316162691178,0.12046878928447598,1.0048941470285822,-1.9818468791111414e-07,3.1787059327607445,0.10117427603216274,0.0036904376666666654,0.0013231793074344237,0.0009824306945963148,0.0005150946725763351,0.0032930326916666636,3.1785112242615527,0.1013809786873998,-0.0001947084991917869,0.0002067026552370621,0.00020663467036832829,0.9993427105208147,1.2182187466633984e-09,-3.675095362140534e-05,0.001360662090699209,0.001360662090699209,0.1767040254747037,1.000329009979848,1.2174180242978702e-09]"
/multi_agv/m2b_algorithm_state,1789558510.357007,1789558510.357007,m2b_algorithm_state_v1:header6+3x20,"[1.0,-0.15,0.52,3.180840899092351,0.10125038015090464,1789558510.3569245,3.179417262146908,0.10107522897738605,0.0036904376666666654,0.0015402977377197082,0.0006967201657693597,0.000569592789503795,0.004584685874999997,3.181371226283727,0.09860336883679788,0.0019539641368186977,-0.0024718601405881724,-0.002481794021375565,1.0081122844948815,2.0326257745294302e-07,-3.9338850352192613e-05,0.0027818847319689005,0.0027818847319689005,0.1419525498900881,0.9959972984454661,2.0491150130840419e-07,3.180397741302002,0.10150168464505561,0.002796189458333334,-0.0009436829696645868,0.001667115556587273,0.0007539356850732731,-0.0017884964166666626,3.1796252668334977,0.10395660144733325,-0.0007724744685044804,0.0024549168022776346,0.0024455314315636827,0.9924252551094337,-1.221668275410776e-07,0.0014799383459330822,-0.00735516447651765,-0.00735516447651765,0.12046878350488752,1.003837763274198,-1.2124144498836412e-07,3.179711104900509,0.1011742046276519,0.0036904376666666654,0.0013235718855401251,0.0009824133816614964,0.0005149335107827121,0.0032930326916666636,3.1794448430985356,0.10016088071344804,-0.00026626180197331095,-0.001013323914203862,-0.001014972908051912,1.003267064171565,2.9310755139797178e-08,-0.0013478001605185506,0.006545416925351761,0.006545416925351761,0.1767040060035891,0.9983753321542199,2.9406515257755925e-08]"
/multi_agv/m2b_algorithm_state,1789558510.366968,1789558510.366968,m2b_algorithm_state_v1:header6+3x20,"[1.0,-0.15,0.52,3.1818422398648845,0.10125037156058887,1789558510.3668866,3.1804161274459006,0.101075246777724,0.0036904376666666654,0.0015401716871194476,0.000696731971007036,0.0005696412867276703,0.004584685874999997,3.182408877141578,0.09912536624639806,0.0019927496956775315,-0.0019498805313259426,-0.00195603770526448,1.0063617842663655,1.26427144691359e-07,0.0005348994143324344,0.0005263942035449636,0.0005263942035449636,0.14195254848393118,0.9968522212419698,1.27231446911298e-07,3.1813966014471413,0.1015016737545381,0.002796189458333334,-0.0009435461847293646,0.0016671070643705654,0.0007538808109004008,-0.0017884964166666626,3.180465290142202,0.10263865134970088,-0.0009313113049391752,0.0011369775951627775,0.0011349441493591528,0.9964385046652512,-2.6226576838910865e-08,-2.919498181481626e-05,-0.0013529339704006918,-0.0013529339704006918,0.1204687843331986,1.0017916703696592,-2.6133171007852652e-08,3.1807099683840114,0.1011742199204518,0.0036904376666666654,0.0013234882734392346,0.000982417466909414,0.0005149676283895894,0.0032930326916666636,3.1803296036121678,0.1000991172526527,-0.00038036477184366646,-0.0010751026677990883,-0.0010769597222992564,1.0034686641415798,3.299295002929931e-08,-0.0015524156871038395,0.0072954707291354,0.0072954707291354,0.17670400878470516,0.9982756509257343,3.310739149199087e-08]"
/multi_agv/m2b_algorithm_state,1789558510.377034,1789558510.377034,m2b_algorithm_state_v1:header6+3x20,"[1.0,-0.15,0.52,3.1828418282335265,0.10125037439705246,1789558510.3769286,3.1814174655474066,0.10107522584656092,0.0036904376666666654,0.0015403201876109372,0.0006967184847624704,0.0005695839327833766,0.004584685874999997,3.1834645107273354,0.09925570133683076,0.002047045179928819,-0.0018195245097301638,-0.001824880689762171,1.0059277771085653,1.1008909526218717e-07,0.0007339257851488529,-0.00023419880124662647,-0.00023419880124662647,0.14195255151778913,0.997064914949204,1.1074167888098502e-07,3.1823979454350724,0.10150168684711329,0.002796189458333334,-0.0009437078269140028,0.001667116710564187,0.0007539458595732657,-0.0017884964166666626,3.1814864773921765,0.10263865134970088,-0.0009114680428958799,0.0011369645025875869,0.0011349311037754562,0.9964385457810866,-2.62304643744522e-08,-4.403949844393722e-06,-0.0014414480608733612,-0.0014414480608733612,0.12046878255186183,1.0017916495594898,-2.613704577644175e-08,3.181711308612174,0.10117420198809239,0.0036904376666666654,0.0013235866165835285,0.000982412956771839,0.0005149273464643261,0.0032930326916666636,3.1815490311865204,0.10258254741204097,-0.0001622774256535564,0.001408345423948576,0.0014052179877844838,0.9955824105662467,5.652106011910128e-08,0.0012023712057175383,-0.003602545290380074,-0.003602545290380074,0.17670400280567,1.0022255879096902,5.627137328113461e-08]"
/multi_agv/m2b_algorithm_state,1789558510.3869956,1789558510.3869956,m2b_algorithm_state_v1:header6+3x20,"[1.0,-0.15,0.52,3.18384147577502,0.10125037676541844,1789558510.386858,3.1824170547692088,0.10107523289847144,0.0036904376666666654,0.0015402700324745303,0.0006967228293443199,0.0005696034131228625,0.004584685874999997,3.1844365700692183,0.09862006560410147,0.0020195153000095445,-0.002455167294369967,-0.0024649662274073563,1.0080559901049382,2.0052071627812997e-07,5.942789760457435e-05,0.002426969891114933,0.002426969891114933,0.14195255141995294,0.9960247191509412,2.021361091843017e-07,3.183397532780894,0.10150168234224206,0.002796189458333334,-0.0009436533355667879,0.00166711364210137,0.000753923835568826,-0.0017884964166666626,3.1822283432078287,0.10484033484703595,-0.0011691895730652213,0.0033386525047938848,0.003321410160540183,0.9898025593672616,-2.2579692177886638e-07,0.0018599231942086564,-0.009139855385681527,-0.009139855385681527,0.1204687826169429,1.0051912722067717,-2.234943710739713e-07,3.1827108971504776,0.10117420795044386,0.0036904376666666654,0.0013235537978552102,0.000982414407352472,0.0005149408175682516,0.0032930326916666636,3.1826977448116347,0.10198764820089572,-1.3152338842914446e-05,0.0008134402504518523,0.0008123922093915886,0.9974311222668197,1.886338686500235e-08,0.0007959517858379455,-0.0018771857434782915,-0.0018771857434782915,0.17670400303161635,1.0012900678368748,1.881492913051248e-08]"
/multi_agv/m2b_algorithm_state,1789558510.397003,1789558510.397003,m2b_algorithm_state_v1:header6+3x20,"[1.0,-0.15,0.52,3.18484076482179,0.10125038133498603,1789558510.3968701,3.1834167030534597,0.10107523857278927,0.0036904376666666654,0.0015402298743880968,0.0006967266269135126,0.0005696188446858763,0.004584685874999997,3.1848418203170827,0.09765845066705521,0.0014251172636230436,-0.0034167879057340617,-0.00343590364175922,1.011332840756183,3.8859009334244603e-07,-0.0016545070622304156,0.008860567376563568,0.008860567376563568,0.14195255141755408,0.9944364749369483,3.9299392298972625e-07,3.1843971794116426,0.1015016789017561,0.002796189458333334,-0.0009436098539600769,0.0016671109098669312,0.0007539064090129471,-0.0017884964166666626,3.1832737675181844,0.10484033484703595,-0.001123411893458215,0.0033386559452798503,0.003321413565127135,0.9898025487776891,-2.2578698580679386e-07,0.0019171486983043662,-0.009345297181508914,-0.009345297181508914,0.12046878262426892,1.005191277693856,-2.234845340323965e-07,3.1837105448599585,0.10117421282170998,0.0036904376666666654,0.0013235271918005816,0.0009824157474312986,0.0005149516532019249,0.0032930326916666636,3.1830299683113905,0.1014749911599635,-0.0006805765485680126,0.00030077833825352396,0.00030063448997203775,0.9990445809531872,2.5799521479421234e-09,-0.0005500861957379781,0.003142929213519898,0.003142929213519898,0.1767040030229275,1.0004784822975554,2.577487212520114e-09]"
/multi_agv/m2b_algorithm_state,1789558510.4070008,1789558510.4070008,m2b_algorithm_state_v1:header6+3x20,"[1.0,-0.15,0.52,3.185841062495785,0.10125037935138642,1789558510.4068794,3.184415993571208,0.10107524928230256,0.0036904376666666654,0.0015401543164163156,0.0006967341329458417,0.0005696476916793311,0.004584685874999997,3.1858269158246024,0.09769190298036308,0.0014109222533944532,-0.0033833463019394827,-0.0034020849720533693,1.0112177188691491,3.809938833352439e-07,-0.0016384321553103028,0.008790160917930672,0.008790160917930672,0.14195255076899368,0.9944920040893109,3.852677656093641e-07,3.185396466639712,0.10150167260321719,0.002796189458333334,-0.0009435280887246586,0.0016671054537660268,0.0007538738046934945,-0.0017884964166666626,3.1842253525384088,0.10379469410532052,-0.0011711141013033277,0.0022930215021033373,0.0022848230987143774,0.9929116393056815,-1.0658037405028538e-07,0.0008209304720852178,-0.004920129229407764,-0.004920129229407764,0.12046878299034419,1.0035882005016377,-1.0582489391608157e-07,3.18470983425445,0.10117422211943831,0.0036904376666666654,0.0013234766410237819,0.0009824184416677767,0.0005149721635646317,0.0032930326916666636,3.183817568201184,0.09967757456773443,-0.0008922660532664217,-0.0014966475517038808,-0.0015002578606697974,1.004851742503937,6.395590149715345e-08,-0.0026155904272528244,0.011229154542525741,0.011229154542525741,0.17670400424599345,0.9975935410434679,6.426619906282479e-08]"
/multi_agv/m2b_algorithm_state,1789558510.4169605,1789558510.4169605,m2b_algorithm_state_v1:header6+3x20,"[1.0,-0.15,0.52,3.186840779896128,0.1012503811238765,1789558510.4168804,3.185416290683528,0.10107524400130874,0.0036904376666666654,0.0015401922344193603,0.0006967313586020646,0.0005696326988739562,0.004584685874999997,3.186895469161362,0.09818140638777427,0.0014791784778340755,-0.0028938376135344696,-0.0029074959293610065,1.009542234162934,2.7864261636413314e-07,-0.0010585228320684121,0.006548128975983326,0.006548128975983326,0.1419525519354507,0.9953023783494896,2.813014894572523e-07,3.1863967649452465,0.10150167631255044,0.002796189458333334,-0.0009435697628945349,0.0016671073483833787,0.0007538908834920643,-0.0017884964166666626,3.1852579835304087,0.10379469410532052,-0.0011387814148378084,0.00229301779277008,0.002284819416090224,0.9929116508320983,-1.0658473519579364e-07,0.0008613426475429634,-0.005064773401602437,-0.005064773401602437,0.12046878230337217,1.0035881945952145,-1.0582922537675751e-07,3.1857101318585817,0.10117421774030008,0.0036904376666666654,0.001323501115875936,0.000982417681399372,0.0005149619501377631,0.0032930326916666636,3.184802745035735,0.09958540482307617,-0.0009073868228468562,-0.0015888129172239168,-0.0015928843994140731,1.0051558736034383,7.208120555922661e-08,-0.0027271179279726434,0.011660788864890009,0.011660788864890009,0.17670400193609656,0.9974439562647146,7.245284714427344e-08]"
/multi_agv/m2b_algorithm_state,1789558510.4270236,1789558510.4270236,m2b_algorithm_state_v1:header6+3x20,"[1.0,-0.15,0.52,3.187841622113241,0.1012503756879274,1789558510.4268932,3.1864160086837683,0.1010752478703511,0.0036904376666666654,0.0015401652556359313,0.0006967344725060439,0.0005696427733664603,0.004584685874999997,3.1881673068871788,0.09859594833433317,0.0017512982034104674,-0.0024792995360179287,-0.0024892938581116244,1.0081373773035283,2.0447130161974715e-07,-0.00030017110384854013,0.0037026899202288847,0.0037026899202288847,0.14195255208303822,0.9959850774302407,2.0613516174877058e-07,3.187396481575942,0.10150167431296951,0.002796189458333334,-0.0009435408857355566,0.0016671050394418963,0.0007538795672790283,-0.0017884964166666626,3.1865379965286493,0.1039214692199262,-0.0008584850472925787,0.002419794906956693,0.002410673724362077,0.9925306151756405,-1.1868146333271e-07,0.0013375674152463538,-0.0068287023849613205,-0.0068287023849613205,0.12046878224248336,1.0037836653307488,-1.1779498581155987e-07,3.1867098494286736,0.10117422118830889,0.0036904376666666654,0.0013234826837818987,0.000982418907237049,0.0005149693021063847,0.0032930326916666636,3.186481664956124,0.10201770147984039,-0.0002281844725495752,0.000843480291531501,0.0008423536700716501,0.9973371649829598,2.0280819097242026e-08,0.0005571230793846811,-0.0010407823614238735,-0.0010407823614238735,0.17670400172859435,1.0013374684528351,2.022681462197563e-08]"
/multi_agv/m2b_algorithm_state,1789558510.4370534,1789558510.4370534,m2b_algorithm_state_v1:header6+3x20,"[1.0,-0.15,0.52,3.188841012498308,0.10125037965981254,1789558510.4368575,3.1874168492241464,0.10107523444138553,0.0036904376666666654,0.0015402607476390786,0.0006967260531379965,0.000569605760872893,0.004584685874999997,3.189118642322237,0.09812085603482251,0.0017017930980904872,-0.002954378406563013,-0.0029686206603683693,1.009748480427247,2.9044760841256456e-07,-0.0008413792877552603,0.0058114671700193275,0.0058114671700193275,0.1419525542303723,0.99520240022732,2.932790312383151e-07,3.188397325794237,0.10150168288544612,0.002796189458333334,-0.0009436450419532541,0.0016671110429897773,0.0007539215925561338,-0.0017884964166666626,3.187606314845043,0.10435511142016954,-0.0007910109491939821,0.0028534285347234234,0.0028407871689638898,0.9912358252984266,-1.6499321909734037e-07,0.0018520234824714122,-0.008878341899698616,-0.008878341899698616,0.12046878100108449,1.004449951723819,-1.635471897005963e-07,3.187710691321338,0.10117420973695057,0.0036904376666666654,0.0013235456934399463,0.0009824161636670988,0.0005149434169743603,0.0032930326916666636,3.1876984103532098,0.1041834932833268,-1.2280968128219882e-05,0.0030092835463762235,0.0029951770692804172,0.9907319459654322,2.577424866297301e-07,0.0029798258591201424,-0.010732229977997962,-0.010732229977997962,0.17670399754396057,1.004709730600066,2.5535371533664186e-07]"
/multi_agv/m2b_algorithm_state,1789558510.4470685,1789558510.4470685,m2b_algorithm_state_v1:header6+3x20,"[1.0,-0.15,0.52,3.189842191167269,0.1012503721305381,1789558510.4469602,3.1884162408518675,0.101075243915782,0.0036904376666666654,0.0015401937807278856,0.0006967324161707637,0.0005696314785265413,0.004584685874999997,3.1900816661263343,0.09791789188469727,0.0016654252744667808,-0.003157352031084734,-0.0031736432936440204,1.010441954780283,3.3175650634869237e-07,-0.0010918617005605444,0.006777603334506914,0.006777603334506914,0.14195255376178004,0.994866700176446,3.352206927860501e-07,3.189396714657241,0.10150167717369286,0.002796189458333334,-0.0009435725422919129,0.0016671064767979082,0.0007538925416409881,-0.0017884964166666626,3.1886312965195516,0.10397831987792419,-0.0007654181376892666,0.002476642704231327,0.0024670920567947956,0.9923601227652731,-1.2432217009511394e-07,0.0015103193846832124,-0.007474142372873739,-0.007474142372873739,0.12046878125165494,1.003871216483482,-1.2337236397803244e-07,3.1887100819858163,0.10117421788996274,0.0036904376666666654,0.0013235012287188485,0.0009824184064582964,0.0005149615240902425,0.0032930326916666636,3.188436399397261,0.10103885943610322,-0.00027368258855542393,-0.0001353584538595215,-0.00013538768287468092,1.0004320965943898,5.226539405460914e-10,-0.0004774909185689608,0.003078663902295422,0.003078663902295422,0.1767039983775212,0.9997841087568764,5.228797775338458e-10]"
/multi_agv/m2b_algorithm_state,1789558510.4570072,1789558510.4570072,m2b_algorithm_state_v1:header6+3x20,"[1.0,-0.15,0.52,3.190842484585724,0.10125037047860763,1789558510.456866,3.1894174171542207,0.10107522565779649,0.0036904376666666654,0.0015403232747319812,0.0006967204935996556,0.0005695815497620628,0.004584685874999997,3.190857714292549,0.09897326223133789,0.0014402971383282726,-0.002101963426458603,-0.0021091267234336873,1.0068697215836415,1.4694718946986902e-07,-0.0003087553005233466,0.003567375980411073,0.003567375980411073,0.14195255651411057,0.9966036668657715,1.4795667574902564e-07,3.190397896184924,0.10150168852506926,0.002796189458333334,-0.0009437135062131678,0.001667115052964796,0.0007539491835934775,-0.0017884964166666626,3.1896709244786994,0.10397831987792419,-0.0007269717062245995,0.0024766313528549327,0.0024670807936255125,0.9923601579796049,-1.243395978903483e-07,0.0015583661608447631,-0.007646307047793444,-0.007646307047793444,0.1204687796515554,1.0038711984034319,-1.2338966300558657e-07,3.1897112601626625,0.10117420220874855,0.0036904376666666654,0.0013235871660348397,0.0009824143951658202,0.000514926360127497,0.0032930326916666636,3.189307139092178,0.09949032421861667,-0.0004041210704843756,-0.0016838779901318796,-0.0016884545535701832,1.0054702292205748,8.097551683192617e-08,-0.002193605891675653,0.00981733240251024,0.00981733240251024,0.17670399303557233,0.9972894956345574,8.141847147025131e-08]"
/multi_agv/m2b_algorithm_state,1789558510.4671187,1789558510.4671187,m2b_algorithm_state_v1:header6+3x20,"[1.0,-0.15,0.52,3.191843306778867,0.10125036551128312,1789558510.4670236,3.1904177099812188,0.10107522206768248,0.0036904376666666654,0.0015403483686180705,0.000696717532978485,0.0005695722125647034,0.004584685874999997,3.1919432695044003,0.09973420454463398,0.0015255595231815633,-0.0013410175230484933,-0.0013439164881930222,1.0043453751827116,5.97813223865609e-08,0.000563032915783932,0.0001519839417971397,0.0001519839417971397,0.1419525576746923,0.9978428978511703,6.004109466124915e-08,3.1913981903525377,0.1015016904121694,0.002796189458333334,-0.0009437406967452368,0.0016671173004412232,0.0007539598006852943,-0.0017884964166666626,3.1902406688103304,0.102837987779055,-0.0011575215422072738,0.0013362973668856054,0.0013334927235060415,0.9958236659599969,-3.623020433690052e-08,-0.00011340920425305075,-0.001143077434038774,-0.001143077434038774,0.12046877896174589,1.0021032311088955,-3.6078894901252057e-08,3.1907115534234154,0.10117419895597103,0.0036904376666666654,0.001323604605381282,0.0009824132897983786,0.0005149193758136406,0.0032930326916666636,3.190428410051176,0.10179618872893119,-0.0002831433722394472,0.0006219897729601576,0.0006213761200159287,0.9980314506291047,1.1030904933183185e-08,0.0002674469047166197,9.162517607059833e-05,9.162517607059833e-05,0.17670399069299206,1.0009875708519553,1.1009190052216561e-08]"
/multi_agv/m2b_algorithm_state,1789558510.4769804,1789558510.4769804,m2b_algorithm_state_v1:header6+3x20,"[1.0,-0.15,0.52,3.1928368025273137,0.10125040700765542,1789558510.4768848,3.191418530515734,0.10107521070579743,0.0036904376666666654,0.0015404282820291686,0.0006967091421081761,0.0005695419379144028,0.004584685874999997,3.1929342233737628,0.09949432616005886,0.001515692858028661,-0.00158088454573857,-0.00158492062115021,1.0051364979268127,8.309785371954322e-08,0.0003096954513856164,0.001154934959464502,0.001154934959464502,0.14195255978377186,0.9974534526475459,8.352468567289623e-08,3.1923990146104457,0.1015016968793844,0.002796189458333334,-0.0009438272680936406,0.001667123494735634,0.000753994104303865,-0.0017884964166666626,3.1911833836944625,0.10199483625404784,-0.0012156309159832013,0.0004931393746634427,0.0004927549693761348,0.9984439017689117,-4.937496291150715e-09,-0.001026783675602867,0.002485323894621026,0.002485323894621026,0.12046877774182439,1.000780114481229,-4.929813061906051e-09,3.1917123752104217,0.1011741889486675,0.0036904376666666654,0.001323658763659607,0.0009824102524434997,0.0005148974802130337,0.0032930326916666636,3.1916281784865492,0.10390548008774318,-8.419672387249832e-05,0.0027312911390756783,0.0027196459614110802,0.9915612555164399,2.1238534702143872e-07,0.0026144000565704573,-0.009285234404008618,-0.009285234404008618,0.17670398658205733,1.0042818726517464,2.1059308134587255e-07]"
/multi_agv/m2b_algorithm_state,1789558510.4869952,1789558510.4869952,m2b_algorithm_state_v1:header6+3x20,"[1.0,-0.15,0.52,3.1938424802362655,0.10125036979864388,1789558510.4869397,3.1924120393276856,0.10107531039268854,0.0036904376666666654,0.0015397224635277122,0.0006967753974486787,0.0005698134183085234,0.004584685874999997,3.1938774043260523,0.09889765812482999,0.0014653649983666917,-0.002177652267858543,-0.0021853451055455957,1.0071231422160232,1.5766677846257988e-07,-0.00035363885758723113,0.0037581272242610763,0.0037581272242610763,0.14195254875394842,0.9964798064765463,1.5878986134831105e-07,3.1933924944675134,0.10150163588498598,0.002796189458333334,-0.0009430607229780176,0.0016670758205994396,0.0007536866319916846,-0.0017884964166666626,3.1922200164248933,0.10303783333755585,-0.0011724780426201065,0.0015361974525698735,0.001532496560810821,0.9952098671234386,-4.783904221917456e-08,6.689900753568782e-05,-0.0018763934772393267,-0.0018763934772393267,0.1204687841643834,1.0024149429458389,-4.760988685025729e-08,3.1927058737867418,0.10117427474529174,0.0036904376666666654,0.0013231897331748583,0.0009824330527987485,0.0005150889268279498,0.0032930326916666636,3.1925087285729945,0.10212715496045546,-0.0001971452137472518,0.0009528802151637233,0.0009514435858580676,0.9969955373808568,2.5875083151726843e-08,0.0007050120686740029,-0.001618113665534493,-0.001618113665534493,0.17670400821368226,1.0015099469133109,2.5797342431630258e-08]"
/multi_agv/m2b_algorithm_state,1789558510.4970834,1789558510.4970834,m2b_algorithm_state_v1:header6+3x20,"[1.0,-0.15,0.52,3.194843388607611,0.10125036431473106,1789558510.4969544,3.1934177055803583,0.10107521900232115,0.0036904376666666654,0.0015403715612625104,0.0006967175135722313,0.000569562169620549,0.004584685874999997,3.1947732918376843,0.09929768790217917,0.0013555862573260136,-0.001777531100141977,-0.0017826412835332535,1.0057882316414508,1.0506672702061353e-07,-8.815846187573652e-05,0.002646512645717686,0.002646512645717686,0.1419525595588573,0.9971333641611014,1.0567487757441791e-07,3.1943981859275814,0.10150169360995133,0.002796189458333334,-0.0009437672626766225,0.0016671170739477326,0.0007539714339223347,-0.0017884964166666626,3.1932428912341315,0.10303783333755585,-0.001155294693449882,0.001536139727604524,0.0015324391152646154,0.9952100477423849,-4.7871274692470114e-08,8.832074845226286e-05,-0.0019535284883610967,-0.0019535284883610967,0.12046877786026995,1.0024148511370186,-4.7641973572182004e-08,3.1937115492008568,0.10117419678365917,0.0036904376666666654,0.0013236179731265173,0.000982413815174255,0.0005149133081567207,0.0032930326916666636,3.193034672239229,0.10011519867644375,-0.0006768769616276593,-0.0010589981072154225,-0.00106079972438292,1.0034160848006615,3.201470257163808e-08,-0.0019068959264174942,0.008542364811934081,0.008542364811934081,0.176703986973975,0.998301642500383,3.212406751049075e-08]"
/multi_agv/m2b_algorithm_state,1789558510.5070071,1789558510.5070071,m2b_algorithm_state_v1:header6+3x20,"[1.0,-0.15,0.52,3.195842669783883,0.10125036934595837,1789558510.5069256,3.194418612097047,0.10107520655715418,0.0036904376666666654,0.0015404590310056556,0.0006967081446254573,0.0005695291283581119,0.004584685874999997,3.195832400610914,0.10023661628627378,0.001413788513866976,-0.0008385902708804016,-0.0008397196217052378,1.0027019684039142,2.3371069160835744e-08,0.0009275160206284821,-0.0013660294708906372,-0.0013660294708906372,0.14195256183327531,0.9986550858219285,2.3434217051274017e-08,3.195399096616566,0.10150170061021212,0.002796189458333334,-0.0009438620088710395,0.0016671240268650855,0.0007540088864431971,-0.0017884964166666626,3.1942528215312063,0.10230399604208515,-0.0011462750853596937,0.0008022954318730319,0.0008012803517521417,0.997477261107728,-1.3066410269912405e-08,-0.0006315635049474755,0.0009425675552020214,0.0009425675552020214,0.12046877654762381,1.0012668226778187,-1.3033447128542115e-08,3.19471245710922,0.10117418577682685,0.0036904376666666654,0.001323677466740235,0.0009824103983280714,0.000514889297290321,0.0032930326916666636,3.1940168466920995,0.10151417861550387,-0.0006956104171202959,0.000339992838677014,0.00033980909074377035,0.9989204967643939,3.296820958360191e-09,-0.0005297039306565996,0.0030532225445530437,0.0030532225445530437,0.17670398254274566,1.0005407387213845,3.293262029468427e-09]"
/multi_agv/m2b_algorithm_state,1789558510.5170476,1789558510.5170476,m2b_algorithm_state_v1:header6+3x20,"[1.0,-0.15,0.52,3.1968417750321083,0.10125037532629799,1789558510.5169468,3.195417894708696,0.10107521958933438,0.0036904376666666654,0.0015403658632070103,0.0006967154210204994,0.0005695657279173869,0.004584685874999997,3.1969334612679625,0.10100935675965965,0.0015155665592665457,-6.586282967473156e-05,-6.586975558921808e-05,1.000210365607441,1.4407885112164244e-10,0.0018285884434939641,-0.0049199721346124825,-0.0049199721346124825,0.1419525611890868,0.9998948544073899,1.4410916035667804e-10,3.1963983761290056,0.10150169181693161,0.002796189458333334,-0.0009437603400278098,0.001667119035367648,0.0007539674129197621,-0.0017884964166666626,3.195440504165594,0.10086453518776065,-0.0009578719634113497,-0.0006371566291709652,-0.0006378038615756878,1.0020365241013,-8.248447670699293e-09,-0.0018351438158398748,0.00584241891901851,0.00584241891901851,0.12046877693005004,0.9989852171745657,-8.265245833178984e-09,3.1957117385139475,0.10117419663160908,0.0036904376666666654,0.001323617203817649,0.0009824126281520636,0.0005149142590431238,0.0032930326916666636,3.195143562885955,0.10272498929711259,-0.0005681756279924954,0.0015507926655035087,0.0015470046768115229,0.9951434869674719,6.852738774120108e-08,0.0008367851418209036,-0.0023644452256270944,-0.0023644452256270944,0.1767039838407565,1.0024485955012064,6.819458358955083e-08]"
/multi_agv/m2b_algorithm_state,1789558510.5269341,1789558510.5269341,m2b_algorithm_state_v1:header6+3x20,"[1.0,-0.15,0.52,3.1978417707127367,0.10125037545727622,1789558510.5268564,3.196417001771257,0.10107523438436238,0.0036904376666666654,0.001540260694038877,0.0006967246349575795,0.0005696065217658835,0.004584685874999997,3.1980845003262077,0.10087116290983,0.0016674985549505195,-0.00020407147453237184,-0.0002041380346601325,1.0006528242961865,1.3832365844476568e-09,0.001880235159028017,-0.0050379584724836845,-0.0050379584724836845,0.14195256020631877,0.9996739454856051,1.3841395948973584e-09,3.197397479206718,0.10150168239411735,0.002796189458333334,-0.0009436459213416118,0.0016671125238283402,0.0007539212034580467,-0.0017884964166666626,3.196530575628257,0.10233951420851857,-0.0008669035784607537,0.0008378318144012242,0.0008367251182514873,0.9973665866627458,-1.4245932631579508e-08,-0.0002469043548244548,-0.00044256476113716577,-0.00044256476113716577,0.1204687774870523,1.0013226519983642,-1.4208417202585882e-08,3.1967108441183503,0.10117420920041427,0.0036904376666666654,0.0013235480662758619,0.0009824156811775843,0.0005149426394077112,0.0032930326916666636,3.1963032429776295,0.10330882210751403,-0.00040760114072080356,0.0021346129070997644,0.0021274676778896663,0.9933595922643921,1.297731690796384e-07,0.001617966251988662,-0.00543013126257947,-0.00543013126257947,0.17670398572456786,1.003358560642005,1.289114223238076e-07]"
/multi_agv/m2b_algorithm_state,1789558510.536972,1789558510.536972,m2b_algorithm_state_v1:header6+3x20,"[1.0,-0.15,0.52,3.198841905947557,0.10125037469664781,1789558510.536833,3.19741699748622,0.1010752347002541,0.0036904376666666654,0.001540258453982325,0.0006967248479082136,0.0005696073819714178,0.004584685874999997,3.1989752769088757,0.10016394970705139,0.0015582794226558505,-0.0009112849932027128,-0.0009126193611453853,1.0029386039863308,2.7596401013404587e-08,0.001035229917174428,-0.0017139833422366683,-0.0017139833422366683,0.14195256083399976,0.998537870223356,2.7677495907430962e-08,3.1983974748437545,0.10150168220740201,0.002796189458333334,-0.00094364356566198,0.0016671123930533938,0.0007539202503773351,-0.0017884964166666626,3.1975483008542365,0.10233951420851857,-0.0008491739895180039,0.0008378320011165619,0.0008367253044723151,0.9973665860747807,-1.4245903428402229e-08,-0.00022474218242518986,-0.0005214694463515869,-0.0005214694463515869,0.12046877711610302,1.0013226522950023,-1.4208388067936544e-08,3.1977108398082357,0.10117420946417258,0.0036904376666666654,0.0013235466182687176,0.0009824157723901331,0.0005149432196175168,0.0032930326916666636,3.1971108360277163,0.10089988752172377,-0.000600003780519387,-0.0002743219424488075,-0.0002744421192231608,1.000877081140075,2.1469485945642296e-09,-0.0010244468448723945,0.00508012194151938,0.00508012194151938,0.17670398446348629,0.9995621052093115,2.1488316426852324e-09]"
/multi_agv/m2b_algorithm_state,1789558510.5470352,1789558510.5470352,m2b_algorithm_state_v1:header6+3x20,"[1.0,-0.15,0.52,3.1998421750445263,0.10125037310873963,1789558510.5469203,3.1984171324736437,0.1010752328816568,0.0036904376666666654,0.001540271318718632,0.0006967236321346877,0.0005696024380251878,0.004584685874999997,3.1999685321257196,0.10034459295564556,0.0015513996520759576,-0.0007306399260112451,-0.0007314965342766513,1.0023512782774406,1.7737830253500065e-08,0.0012077530308182956,-0.002408066655059568,-0.002408066655059568,0.14195256171350967,0.998828964697347,1.7779536828464048e-08,3.199397610378409,0.1015016833199228,0.002796189458333334,-0.0009436576090864476,0.0016671132925565324,0.0007539258698249923,-0.0017884964166666626,3.1986285652323185,0.1022407736281561,-0.0007690451460904413,0.0007390903082332978,0.0007382284515911392,0.9976743283282508,-1.10868528147046e-08,-0.00022307798102191238,-0.0004830307384584186,-0.0004830307384584186,0.12046877661875655,1.0011674660334493,-1.1061068435184588e-08,3.1987109749906177,0.10117420788836382,0.0036904376666666654,0.001323555218517482,0.0009824153696326617,0.0005149397012430947,0.0032930326916666636,3.1979127413923636,0.1013963893279324,-0.00079823359825415,0.0002221814395685917,0.00022210290058529819,0.9992936132806414,1.4078859234776571e-09,-0.0007756890972323892,0.00397936392341827,0.00397936392341827,0.17670398279036123,1.0003536152976236,1.4068914115589405e-09]"
/multi_agv/m2b_algorithm_state,1789558510.556988,1789558510.556988,m2b_algorithm_state_v1:header6+3x20,"[1.0,-0.15,0.52,3.200836761667665,0.10125040750958224,1789558510.5567923,3.199417401051291,0.10107522915958858,0.0036904376666666654,0.0015402975760155763,0.0006967210319092309,0.0005695924090801021,0.004584685874999997,3.201030344565395,0.1009917244545078,0.001612943514104348,-8.350470508078356e-05,-8.351583971761261e-05,1.000266766953805,2.315940867990172e-10,0.0019326635529128223,-0.005281055303854053,-0.005281055303854053,0.1419525628342523,0.9998666763470654,2.3165586844807182e-10,3.2003978801135524,0.10150168552231838,0.002796189458333334,-0.0009436861391176701,0.0016671152070788509,0.0007539372407362466,-0.0017884964166666626,3.199646088620122,0.1022407736281561,-0.0007517914934305203,0.0007390881058377263,0.0007382262543434245,0.9976743352698536,-1.10871218377465e-08,-0.0002015131124447259,-0.0005598122069568384,-0.0005598122069568384,0.12046877595831555,1.0011674625350033,-1.1061336909529617e-08,3.199711243968735,0.10117420464431193,0.0036904376666666654,0.0013235728530113845,0.0009824144637592628,0.0005149325285749755,0.0032930326916666636,3.1989646228939113,0.1018543840666125,-0.0007466210748239277,0.0006801794223005725,0.0006794459021768371,0.9978487083115292,1.319055645264969e-08,-0.0002538304413530725,0.0019200795027824505,0.0019200795027824505,0.17670398057979886,1.001079585764496,1.31621797181868e-08]"
/multi_agv/m2b_algorithm_state,1789558510.5670435,1789558510.5670435,m2b_algorithm_state_v1:header6+3x20,"[1.0,-0.15,0.52,3.201841875793002,0.10125037390782994,1789558510.5668404,3.2004119985789856,0.10107531127657039,0.0036904376666666654,0.0015397166622239194,0.0006967763736382077,0.0005698154251717907,0.004584685874999997,3.2018179983998305,0.10156133326488795,0.0014059998208448832,0.00048602198831755594,0.0004856464134588149,0.9984573338550818,7.83932023862984e-09,0.002243146189514919,-0.006656201388268376,-0.006656201388268376,0.1419525537574677,1.000773350421897,7.827226784698534e-09,3.2013924534257483,0.10150163573742123,0.002796189458333334,-0.0009430555722266566,0.0016670752742498074,0.0007536846835169697,-0.0017884964166666626,3.2002225087633778,0.1019971167797816,-0.0011699446623705256,0.0004954810423603712,0.0004950929842829979,0.9984365530277043,-4.980416595914515e-09,-0.0009673378436801591,0.002273668019246165,0.002273668019246165,0.1204687812422893,1.0007838084757659,-4.972629978666861e-09,3.200705832998261,0.1011742755147551,0.0036904376666666654,0.0013231859321653889,0.0009824336717462866,0.0005150902524724342,0.0032930326916666636,3.1999208720413903,0.10315338069984548,-0.0007849609568708615,0.0019791051850903824,0.0019729558557332974,0.9938324041387188,1.1153613971040802e-07,0.0009917546596447204,-0.003118116337592455,-0.003118116337592455,0.17670399838953518,1.0031168104137835,1.1084822987674682e-07]"
/multi_agv/m2b_algorithm_state,1789558510.57702,1789558510.57702,m2b_algorithm_state_v1:header6+3x20,"[1.0,-0.15,0.52,3.2028399353572468,0.1012503863865379,1789558510.5769393,3.201417102397414,0.10107522845542755,0.0036904376666666654,0.0015403051787635335,0.0006967243249211385,0.0005695874007673626,0.004584685874999997,3.2028330017206703,0.10104350830800338,0.0014158993232564754,-3.1720147424169065e-05,-3.172175345805014e-05,1.000101274830176,3.341660404746912e-11,0.0017381524006125442,-0.0046151680155503624,-0.0046151680155503624,0.14195256357780267,0.9999493712135681,3.3419988308369086e-11,3.2023975798970046,0.10150168829989953,0.002796189458333334,-0.0009436963580123918,0.0016671123120093334,0.0007539431762087212,-0.0017884964166666626,3.201239871558908,0.1019971167797816,-0.0011577083380966968,0.0004954284798820707,0.0004950405042561083,0.9984367190661503,-4.982742325524333e-09,-0.0009520949183647627,0.002218843644158739,0.002218843644158739,0.12046877553209519,1.0007837250136642,-4.974952899448555e-09,3.201710945084586,0.10117420496816279,0.0036904376666666654,0.0013235737267222034,0.0009824164672432413,0.0005149311077572659,0.0032930326916666636,3.200804593140771,0.10154923332521439,-0.0009063519438150536,0.0003750283570515961,0.00037480484757482067,0.9988097301552225,4.0108753010059065e-09,-0.0007581350821939962,0.0038495547831727036,0.0038495547831727036,0.17670397913484645,1.0005963356083083,4.006101277083956e-09]"
/multi_agv/m2b_algorithm_state,1789558510.5872061,1789558510.5872061,m2b_algorithm_state_v1:header6+3x20,"[1.0,-0.15,0.52,3.203843629790132,0.10125036258180047,1789558510.5871003,3.2024151658624556,0.10107525845263783,0.0036904376666666654,0.0015400928432566957,0.0006967441809419656,0.0005696691113124234,0.004584685874999997,3.20382216364406,0.1008712633588336,0.0014069977816042467,-0.00020399509380422676,-0.00020406160405653286,1.000652579178066,1.3820504779718742e-09,0.0015546856229487756,-0.003883300137904624,-0.003883300137904624,0.14195256073093085,0.9996740677766716,1.3829523753368348e-09,3.203395634716707,0.101501669952464,0.002796189458333334,-0.0009434659306635845,0.0016670980783812794,0.0007538506977782938,-0.0017884964166666626,3.202421385410295,0.10321561648487125,-0.0009742493064122115,0.0017139465324072511,0.0017093458733557316,0.9946664678146622,-5.9567985077424753e-08,0.0004915342403404672,-0.0034741852069803984,-0.0034741852069803984,0.120468777196285,1.002691473459662,-5.925027731179858e-08,3.2027090054925775,0.10117423075451187,0.0036904376666666654,0.0013234327894983632,0.0009824233200864682,0.0005149886339798227,0.0032930326916666636,3.2015588342801657,0.09980342979526832,-0.001150171212411788,-0.001370800959243551,-0.0013738267717088549,1.0044374771562885,5.364621032569284e-08,-0.0028115407872235897,0.01186945751996366,0.01186945751996366,0.17670398469746756,0.9977975298431984,5.388426415853455e-08]"
/multi_agv/m2b_algorithm_state,1789558510.5969923,1789558510.5969923,m2b_algorithm_state_v1:header6+3x20,"[1.0,-0.15,0.52,3.2048388325220727,0.10125039346119853,1789558510.5968745,3.2034188528124323,0.10107520095034155,0.0036904376666666654,0.0015405003764264792,0.0006967063611915236,0.0005695121344959724,0.004584685874999997,3.204897791666381,0.10099655520275343,0.0014789388539484527,-7.86457475881186e-05,-7.865562376550915e-05,1.000251230632345,2.0545268213583074e-10,0.0017700179436700566,-0.004705925851127066,-0.004705925851127066,0.14195256798149608,0.9998744377462444,2.0550429814308071e-10,3.2043993382204166,0.10150170545206251,0.002796189458333334,-0.0009439090294938533,0.001667125290853111,0.0007540286107861754,-0.0017884964166666626,3.203303477449013,0.10154334200221754,-0.0010958607714037782,4.1636550155030316e-05,4.163380045401332e-05,0.9998679397134305,-3.5212177557749764e-11,-0.0013281921638007095,0.0037531272078640413,0.0037531272078640413,0.12046877296551285,1.000066044919921,-3.520752742749075e-11,3.2037126983375477,0.1011741813429973,0.0036904376666666654,0.0013237032859191207,0.000982410451572613,0.0005148780780076332,0.0032930326916666636,3.2026519199279178,0.0982240558517708,-0.0010607784096299255,-0.002950125491226502,-0.0029643075349844806,1.0097211749017299,2.487787705278824e-07,-0.0042902805470218875,0.01770583029583094,0.01770583029583094,0.17670397046504144,0.9952157312996025,2.5119719246802123e-07]"
/multi_agv/m2b_algorithm_state,1789558510.606963,1789558510.606963,m2b_algorithm_state_v1:header6+3x20,"[1.0,-0.15,0.52,3.2058419472530133,0.10125037313802082,1789558510.60687,3.204414065155228,0.10107527577714376,0.0036904376666666654,0.0015399700025694992,0.0006967551187757155,0.0005697166683493708,0.004584685874999997,3.205920919174262,0.10107084742895803,0.001506854019033721,-4.4283481857310125e-06,-4.428379480952232e-06,1.0000141342745918,6.511371806937771e-13,0.001879139144311199,-0.005128876320542979,-0.005128876320542979,0.141952560004308,0.9999929330308402,6.511463840454859e-13,3.2053945293195394,0.10150165911245827,0.002796189458333334,-0.0009433327205255523,0.0016670903924009828,0.0007537969537791955,-0.0017884964166666626,3.2042624259622086,0.10217666861265007,-0.001132103357330827,0.000675009500191795,0.0006742902648448596,0.9978744173844637,-9.244925524212768e-09,-0.0007408389318186742,0.001388489093402446,0.001388489093402446,0.1204687776070223,1.0010666553922454,-9.225274671236574e-09,3.2047079030914496,0.10117424549399359,0.0036904376666666654,0.0013233519812540398,0.0009824270402728494,0.0005150217261110177,0.0032930326916666636,3.203926555566545,0.10105277262854287,-0.0007813475249047741,-0.00012147286545072244,-0.00012149640272853257,1.000387709314238,4.2087076162953737e-10,-0.0010981808088595002,0.005274853988129305,0.005274853988129305,0.17670398612246957,0.999806271813144,4.210339371439116e-10]"
/multi_agv/m2b_algorithm_state,1789558510.6170647,1789558510.6170647,m2b_algorithm_state_v1:header6+3x20,"[1.0,-0.15,0.52,3.206840248212977,0.1012503841169103,1789558510.616916,3.2054171736027723,0.10107522592476981,0.0036904376666666654,0.0015403240623351917,0.00069672341974698,0.0005695796863533799,0.004584685874999997,3.2069358194940056,0.1006753518113479,0.0015186458912332945,-0.00039987411342190526,-0.0004001300534054025,1.0012820346201459,5.311970590292531e-09,0.0014981773106362156,-0.0035909222850097292,-0.0035909222850097292,0.14195256622822386,0.9993603580103044,5.318780720490483e-09,3.206397651599182,0.10150169055783974,0.002796189458333334,-0.0009437181847568666,0.00166711303850553,0.0007539522594567499,-0.0017884964166666626,3.205281052452779,0.10217666861265007,-0.0011165991464032743,0.0006749780548103296,0.0006742588866090954,0.9978745165534866,-9.247840377342224e-09,-0.0007214900463949974,0.001319266155390503,0.001319266155390503,0.12046877398337089,1.0010666054471318,-9.228184245704185e-09,3.2057110165570863,0.10117420293145292,0.0036904376666666654,0.001323585739692683,0.000982416498404715,0.0005149258844040655,0.0032930326916666636,3.2050749046280846,0.10260946384472416,-0.0006361119290017037,0.001435260913271244,0.0014320134578491486,0.9954993652938348,5.8700906777790234e-08,0.000636873546597019,-0.0015975435527332102,-0.0015975435527332102,0.17670397390209255,1.0022677548205259,5.843671543946274e-08]"
/multi_agv/m2b_algorithm_state,1789558510.627102,1789558510.627102,m2b_algorithm_state_v1:header6+3x20,"[1.0,-0.15,0.52,3.20784088495432,0.1012503799112544,1789558510.6269336,3.2064154779684464,0.10107525246218954,0.0036904376666666654,0.0015401360870721911,0.000696740766016823,0.0005696521431865633,0.004584685874999997,3.2079488119643464,0.1006753518113479,0.0015333339959000547,-0.00039990065084163917,-0.0004001566247565146,1.0012821196278785,5.3120267762830255e-09,0.0015165108701185538,-0.003656089274711054,-0.003656089274711054,0.14195256382185628,0.99936031568881,5.318837430076714e-09,3.207395948430408,0.10150167420055518,0.002796189458333334,-0.0009435141283080069,0.001667100652293918,0.000753870250934624,-0.0017884964166666626,3.2064237222388106,0.10372312438624409,-0.0009722261915974251,0.0022214501856889085,0.0022137513921690138,0.993127249668451,-1.0003474193046516e-07,0.0009984686526722324,-0.00552187492277534,-0.00552187492277534,0.12046877539033472,1.0034777136886863,-9.934722812469613e-08,3.2067093182400757,0.1011742256879862,0.0036904376666666654,0.0013234612233645605,0.0009824224429632938,0.0005149767652593757,0.0032930326916666636,3.206107358077616,0.10260946384472416,-0.0006019601624598359,0.0014352381567379613,0.0014319908047385865,0.9954994368814817,5.8693518091087694e-08,0.0006795406016637917,-0.001749888120565598,-0.001749888120565598,0.17670397862392234,1.0022677184718147,5.842936420827086e-08]"
/multi_agv/m2b_algorithm_state,1789558510.6368935,1789558510.6368935,m2b_algorithm_state_v1:header6+3x20,"[1.0,-0.15,0.52,3.2088396030269997,0.10125038803298993,1789558510.6367795,3.2074161134239723,0.10107524186761466,0.0036904376666666654,0.0015402116664001127,0.0006967343746216762,0.0005696227071645909,0.004584685874999997,3.208611832815255,0.09899524034864662,0.0011957193912826014,-0.002080001518968033,-0.002087014748905538,1.006796264610258,1.4388000822765637e-07,-0.0005923655098022864,0.00455687056590447,0.00455687056590447,0.14195256559413674,0.9966395877455189,1.4485785483569762e-07,3.208396586690731,0.10150168114618796,0.002796189458333334,-0.0009435967744145035,0.0016671052092336325,0.0007539037048006625,-0.0017884964166666626,3.2073818067757336,0.103907772200641,-0.0010147799149975434,0.0024060910544530384,0.002397071950222806,0.9925717491369689,-1.1734917805152368e-07,0.0011285970564758768,-0.006074249721835686,-0.006074249721835686,0.12046877434854318,1.0037625504855596,-1.1647747891838645e-07,3.2077099547482564,0.1011742167199606,0.0036904376666666654,0.0013235107941583124,0.00098242043326231,0.0005149563236237862,0.0032930326916666636,3.206246897480095,0.09727238769474104,-0.0014630572681615384,-0.003901829025219558,-0.003926815187114538,1.0129949966014098,4.3538002097389185e-07,-0.0057556367723164605,0.02319784811813435,0.02319784811813435,0.17670397516649142,0.9936370415452785,4.410377828667693e-07]"
/multi_agv/m2b_algorithm_state,1789558510.6472843,1789558510.6472843,m2b_algorithm_state_v1:header6+3x20,"[1.0,-0.15,0.52,3.2098503184806404,0.10125031890843589,1789558510.647123,3.208414834071546,0.10107526102908168,0.0036904376666666654,0.0015400764290392122,0.0006967475496631784,0.0005696744739690034,0.004584685874999997,3.209615161743893,0.09907837543157219,0.0012003276723469014,-0.00199688559750949,-0.0020033454910355114,1.0065185904774756,1.3259201831710405e-07,-0.0005029359006018847,0.004205293088053836,0.004205293088053836,0.14195256393987835,0.9967754470934107,1.334563313850952e-07,3.2093953015996974,0.10150166975774592,0.002796189458333334,-0.0009434503555642406,0.0016670957180946466,0.0007538451742679503,-0.0017884964166666626,3.208203390025832,0.10257348949766502,-0.001191911573865223,0.0010718197399190998,0.0010700117869857813,0.9966401093530092,-2.330545721882562e-08,-0.00041987768034574754,6.878832454479964e-05,6.878832454479964e-05,0.12046877531811273,1.0016896570255656,-2.3227153431092243e-08,3.2087086734097543,0.10117423331214222,0.0036904376666666654,0.001323420495038643,0.0009824251069068925,0.0005149930337371594,0.0032930326916666636,3.20748323340942,0.09997971842362638,-0.0012254400003341992,-0.001194514888515838,-0.0011968094462986795,1.0038591293153303,4.0730284378318034e-08,-0.0027286094467164285,0.011504001569038793,0.011504001569038793,0.1767039784230411,0.9980827709958858,4.088746781278414e-08]"
/multi_agv/m2b_algorithm_state,1789558510.6571016,1789558510.6571016,m2b_algorithm_state_v1:header6+3x20,"[1.0,-0.15,0.52,3.2108486112896055,0.10125033166490055,1789558510.6569402,3.209425527633455,0.1010750955588474,0.0036904376666666654,0.0015412475446007871,0.0006966366576643063,0.000569224524311579,0.004584685874999997,3.2108497070663033,0.09955129148002374,0.0014241794328482271,-0.0015238040788236595,-0.0015275523514439503,1.0049478607120288,7.72435480559165e-08,0.0002526719396163336,0.0013314305145825428,0.0013314305145825428,0.1419341517520353,0.9975462231348421,7.762573837260008e-08,3.210406043730359,0.10150177053646456,0.002796189458333334,-0.0009447222893075062,0.0016671757491555361,0.0007543548840859837,-0.0017884964166666626,3.2092244433641746,0.10257348949766502,-0.001181600366184643,0.0010717189612004657,0.0010699113493375396,0.9966404260263794,-2.3332479621213398e-08,-0.0004070891083932642,2.1991734932180936e-05,2.1991734932180936e-05,0.12045720134034243,1.0016894968578895,-2.3254092429937937e-08,3.2097193840781078,0.10117409062999573,0.0036904376666666654,0.0013241999923498606,0.0009823868341836805,0.0005146750599470556,0.0032930326916666636,3.208652712146412,0.10188427652087925,-0.0010666719316958506,0.0007101858908835218,0.000709386404301849,0.9977545655257838,1.4386555955626557e-08,-0.0006239535103179642,0.0032244664347965625,0.0032244664347965625,0.17666797417967697,1.001127011423992,1.4354251886918552e-08]"
/multi_agv/m2b_algorithm_state,1789558510.6672096,1789558510.6672096,m2b_algorithm_state_v1:header6+3x20,"[1.0,-0.15,0.52,3.2118443484021566,0.10125036012551179,1789558510.6671183,3.21042382376108,0.10107513109111334,0.0036904376666666654,0.0015409911518933029,0.000696653233621091,0.0005693270379095697,0.004584685874999997,3.2118895221631685,0.09997995691287145,0.0014656984020886554,-0.001095174178241884,-0.001097104084898278,1.0035389317906038,3.988152764843806e-08,0.0007350189177125412,-0.0005670430865368646,-0.0005670430865368646,0.14193894937039747,0.9982409083304314,4.0022665654490966e-08,3.2114043329402455,0.10150174447168565,0.002796189458333334,-0.0009444406519395735,0.0016671649519208742,0.0007542384203553243,-0.0017884964166666626,3.2105396909166593,0.10348991430898938,-0.0008646420235862706,0.0019881698373037243,0.001981992139595336,0.9938325205115943,-8.022060109675269e-08,0.0009011896101124976,-0.005065926793948742,-0.005065926793948742,0.12046021390556205,1.0031169133242122,-7.97258421849409e-08,3.2107176771674903,0.10117411943190265,0.0036904376666666654,0.0013240376391028897,0.0009823910061849796,0.0005147432635851544,0.0032930326916666636,3.209436911466989,0.10015952730626136,-0.0012807657005011741,-0.0010145921256412838,-0.0010162452673375378,1.0032712036282354,2.9394545009933417e-08,-0.0026172023929640054,0.01103646581519295,0.01103646581519295,0.17667734447659825,0.9983732847282183,2.949070055222024e-08]"
/multi_agv/m2b_algorithm_state,1789558510.6770773,1789558510.6770773,m2b_algorithm_state_v1:header6+3x20,"[1.0,-0.15,0.52,3.2128389558913475,0.10125039477050211,1789558510.6769385,3.211419569423181,0.10107520260424449,0.0036904376666666654,0.0015404815672118667,0.0006966963477130323,0.0005695254959542317,0.004584685874999997,3.212840972388788,0.09933232557183495,0.0014214029656072213,-0.0017428770324095372,-0.0017477886249979396,1.0056731738902338,1.0101485733292763e-07,2.8965082011087094e-05,0.0022180696453002794,0.0022180696453002794,0.14195257435067257,0.9971898246057025,1.0158793218407449e-07,3.2124000599369835,0.10150169789048813,0.002796189458333334,-0.0009438848725946652,0.0016671346044794255,0.0007540132949290096,-0.0017884964166666626,3.211569629167217,0.10348991430898938,-0.0008304307697666324,0.0019882164185012485,0.001982038429568612,0.9938323753615805,-8.017716441560215e-08,0.0009439999673603212,-0.005218420140271653,-0.005218420140271653,0.12046876925063388,1.0031169874612276,-7.968266176091386e-08,3.2117134158463068,0.10117417988180276,0.0036904376666666654,0.001323703906986461,0.0009824048228664903,0.0005148807365330335,0.0032930326916666636,3.2102934184452088,0.09863260816703749,-0.0014199974010979943,-0.0025415717147652672,-0.002552065398279295,1.0083365923948968,1.8459590380887286e-07,-0.004327062149651788,0.017677725117909306,0.017677725117909306,0.17670395795245536,0.9958881604205352,1.86134804616695e-07]"
/multi_agv/m2b_algorithm_state,1789558510.6870441,1789558510.6870441,m2b_algorithm_state_v1:header6+3x20,"[1.0,-0.15,0.52,3.2138421030609323,0.1012503741418266,1789558510.686978,3.2124141878229158,0.10107528616932017,0.0036904376666666654,0.0015398893426165276,0.0006967515624236136,0.0005697534808713763,0.004584685874999997,3.2137661111137232,0.0985000210489732,0.0013519232908074663,-0.0025752651203469756,-0.002586055890056448,1.008461457201253,2.2058076644149687e-07,-0.0008961517765471152,0.00584049414305551,0.00584049414305551,0.14195256531492262,0.9958273254066304,2.2244720115616116e-07,3.2133946541883747,0.10150164639738088,0.002796189458333334,-0.0009432410568376037,0.001667094891081522,0.0007537548806363231,-0.0017884964166666626,3.2126350015995686,0.10319730388816895,-0.000759652588806059,0.0016956574907880662,0.001691153865172868,0.9947222748193222,-5.8290393212748085e-08,0.0007415881291652942,-0.004358471358861927,-0.004358471358861927,0.12046877451405957,1.0026630490033726,-5.7982752536697556e-08,3.212708025662752,0.10117425174480527,0.0036904376666666654,0.0013233105383984914,0.0009824236719784716,0.0005150414419358832,0.0032930326916666636,3.2113580256527516,0.09959001948822056,-0.0013500000100004073,-0.0015842322565847028,-0.001588280154270562,1.005140741059269,7.165562286703033e-08,-0.0032757801667710707,0.013595396073891876,0.013595396073891876,0.1767039757053413,0.9974513956653207,7.202398586963037e-08]"
/multi_agv/m2b_algorithm_state,1789558510.6970532,1789558510.6970532,m2b_algorithm_state_v1:header6+3x20,"[1.0,-0.15,0.52,3.214840409424232,0.10125038500251483,1789558510.6970022,3.213417328753837,0.10107523504333937,0.0036904376666666654,0.001540252692403008,0.0006967199831283463,0.0005696124097611109,0.004584685874999997,3.2149697531972476,0.0991440738147995,0.0015524244434108603,-0.0019311612285398683,-0.0019371998993600178,1.0062993837474568,1.240163206921908e-07,3.3306549035575558e-06,0.002391969636811209,0.002391969636811209,0.1419525715751106,0.9968827838458258,1.247975470871786e-07,3.2143978088064125,0.10150167902938398,0.002796189458333334,-0.0009436364870766016,0.0016671172364404185,0.0007539146626721477,-0.0017884964166666626,3.2136509175181023,0.10291961093295902,-0.0007468912883101808,0.0014179319035750454,0.0014147760781675661,0.9955726630538128,-4.078510492350372e-08,0.0004811619677798401,-0.0033010860793988355,-0.0033010860793988355,0.12046877084910006,1.0022306182979617,-4.060453552162177e-08,3.2137111716225477,0.10117420835275644,0.0036904376666666654,0.0013235491796357497,0.0009824132907033881,0.0005149434001977893,0.0032930326916666636,3.212853712963066,0.10182084656803508,-0.0008574586594818356,0.0006466382152786471,0.0006459750863005978,0.9979540136944864,1.1921791605811795e-08,-0.0004258482380516968,0.002547164556070215,0.002547164556070215,0.1767039633399458,1.0010265550361188,1.1897399783449117e-08]"
/multi_agv/m2b_algorithm_state,1789558510.7070124,1789558510.7070124,m2b_algorithm_state_v1:header6+3x20,"[1.0,-0.15,0.52,3.2158425672931035,0.10125037102247103,1789558510.7068982,3.2144156386119036,0.1010752608128166,0.0036904376666666654,0.0015400704022286347,0.0006967376833372004,0.0005696822182466002,0.004584685874999997,3.216035079116604,0.10002126289954885,0.0016194405047005311,-0.001053997913267754,-0.0010557848691991568,1.0034042870219653,3.691584874222195e-08,0.0009685157616765071,-0.0014125356142048275,-0.0014125356142048275,0.14195256919634386,0.9983074620753392,3.704152088699993e-08,3.215396110890972,0.10150166350928781,0.002796189458333334,-0.0009434385028271926,0.0016671044002198876,0.0007538355203189212,-0.0017884964166666626,3.2146113974277517,0.10216290936785775,-0.0007847134632203989,0.0006612458585699421,0.0006605555830172895,0.997917432271976,-8.872837557566034e-09,-0.0003203362460082092,-0.0001017759931651375,-0.0001017759931651375,0.12046877226536201,1.0010449923827751,-8.854359272412648e-09,3.2147094787698207,0.1011742306854401,0.0036904376666666654,0.0013234272967763065,0.0009824194655090332,0.0005149930197871381,0.0032930326916666636,3.2139029933204704,0.10110201662605506,-0.0008064854493503582,-7.221405938503955e-05,-7.222237471750918e-05,1.0002303596167605,1.4874537444322127e-10,-0.001080329186405457,0.0051901018537175644,0.0051901018537175644,0.17670396808455818,0.9998848648704484,1.487796393706729e-10]"
/multi_agv/m2b_algorithm_state,1789558510.716969,1789558510.716969,m2b_algorithm_state_v1:header6+3x20,"[1.0,-0.15,0.52,3.2168372293182927,0.10125040499481978,1789558510.7168827,3.2154177922033274,0.1010752264913309,0.0036904376666666654,0.0015403140156645136,0.0006967160261215353,0.0005695878869118042,0.004584685874999997,3.2170579545085287,0.09999509312506116,0.0016401623052013647,-0.0010801333662697338,-0.001082010412096289,1.0034897322293437,3.877614509615055e-08,0.000968192469405417,-0.001399146539389076,-0.001399146539389076,0.14195257367348532,0.9982652238780967,3.891146345942229e-08,3.216398273896226,0.10150168513974461,0.002796189458333334,-0.0009437034531912577,0.0016671198093685113,0.0007539423518207189,-0.0017884964166666626,3.215637707043959,0.10226411999933148,-0.0007605668522669973,0.0007624348595868663,0.0007615178611612126,0.997601508944296,-1.179865767179951e-08,-0.00018919070417253397,-0.0006141877749201838,-0.0006141877749201838,0.12046876962413224,1.001204171920873,-1.1770358696904386e-08,3.215711635779756,0.10117420143633761,0.0036904376666666654,0.0013235878386286194,0.0009824122464580313,0.0005149271862178112,0.0032930326916666636,3.214847375150608,0.1004235353119742,-0.000864260629148017,-0.0007506661243634055,-0.0007515692648211852,1.0024130543579755,1.6082408093209834e-08,-0.0018318950512562064,0.008146374080273388,0.008146374080273388,0.17670395922182455,0.9987983270470826,1.6121215818145893e-08]"
/multi_agv/m2b_algorithm_state,1789558510.727047,1789558510.727047,m2b_algorithm_state_v1:header6+3x20,"[1.0,-0.15,0.52,3.217848114068435,0.1012503341777664,1789558510.72695,3.216412465013603,0.1010753076359573,0.0036904376666666654,0.0015397398342062657,0.0006967707094930548,0.0005698083272595799,0.004584685874999997,3.217637792205727,0.09930617870876762,0.0012253271921243147,-0.001769128927189681,-0.0017741905880702769,1.0057603196374667,1.040324890877457e-07,-0.00024253159791488344,0.0031866898908857436,0.0031866898908857436,0.1419525647586768,0.9971470591070483,1.0463174947757239e-07,3.21739292276205,0.10150163587309624,0.002796189458333334,-0.0009430799843651149,0.0016670803312717197,0.0007536926348293976,-0.0017884964166666626,3.216420624485522,0.10271666003309048,-0.0009722982765283383,0.0012150241599942352,0.0012127033397300604,0.9961974166983455,-2.9934261068284675e-08,-2.669505930362557e-06,-0.0014823809396534676,-0.0014823809396534676,0.12046877485696325,1.0019137576257449,-2.982043354699905e-08,3.2167063001792258,0.10117427147540578,0.0036904376666666654,0.0013232053338801792,0.0009824311911141633,0.0005150831328820746,0.0032930326916666636,3.215397702790823,0.09987949971811559,-0.0013085973884026103,-0.001294771757290189,-0.0012974696857873795,1.0041877637182575,4.784974228216906e-08,-0.0029332164212906423,0.012268009207568428,0.012268009207568428,0.1767039768283274,0.9979206230968294,4.80501256968263e-08]"
/multi_agv/m2b_algorithm_state,1789558510.7371614,1789558510.7371614,m2b_algorithm_state_v1:header6+3x20,"[1.0,-0.15,0.52,3.2188458881704434,0.10125034969977582,1789558510.73689,3.2174233276377975,0.1010751362744592,0.0036904376666666654,0.0015409543031774972,0.0006966586465367184,0.0005693401947818307,0.004584685874999997,3.218662971284701,0.10044861620930645,0.0012396436469033212,-0.0006265200651527497,-0.0006271494334394542,1.0020138407112493,1.3047435737647949e-08,0.0009224051251896973,-0.0014449093469875093,-0.0014449093469875093,0.14193192510652594,0.998996462002281,1.3073711194913833e-08,3.2184038343106294,0.10150174183315963,0.002796189458333334,-0.000944399928845748,0.0016671607265825727,0.0007542229661796906,-0.0017884964166666626,3.2174410884362823,0.10232237680146805,-0.0009627458743470818,0.0008206349683084202,0.000819573099038112,0.9974201350091586,-1.3678212361144486e-08,-0.00038385924389574026,5.19967368505373e-05,5.19967368505373e-05,0.12045580313809529,1.0012956370475732,-1.3642924419936675e-08,3.2177171802568787,0.10117412442568037,0.0036904376666666654,0.0013240104239892404,0.0009823930634289104,0.0005147539901899111,0.0032930326916666636,3.216545259505317,0.1015751228015967,-0.0011719207515619168,0.0004009983759163255,0.00040074288932159845,0.9987276800067267,4.58703006160109e-09,-0.0010641580501307975,0.004926443847895305,0.004926443847895305,0.17666362541249722,1.0006375324467005,4.5811938915439696e-09]"
/multi_agv/m2b_algorithm_state,1789558510.747078,1789558510.747078,m2b_algorithm_state_v1:header6+3x20,"[1.0,-0.15,0.52,3.219842509230755,0.10125037199182059,1789558510.7469547,3.2184211061857093,0.1010751768079308,0.0036904376666666654,0.0015406640296599054,0.0006966809773916607,0.000569454400913713,0.004584685874999997,3.219765629731246,0.10153345422547688,0.0013445235455367133,0.00045827741754608797,0.00045794342753640525,0.9985449361769675,6.97428155481279e-09,0.002138597859457297,-0.006270203271753503,-0.006270203271753503,0.14193856169724972,1.000729325915822,6.964133530030738e-09,3.2194016032946764,0.10150171414087582,0.002796189458333334,-0.0009440824192426386,0.0016671453727008512,0.0007540933232999814,-0.0017884964166666626,3.2183385849039796,0.10133067950943342,-0.0010630183906967794,-0.00017103463144239883,-0.00017108110475106753,1.0005437893220706,-5.943685956310054e-10,-0.0014998540931220419,0.004454104371680413,0.004454104371680413,0.12045997047901785,0.9997283551053968,-5.946918069266836e-10,3.2187149550309426,0.10117415815052086,0.0036904376666666654,0.001323822742549964,0.0009823997175090419,0.00051483188155565,0.0032930326916666636,3.217645701489088,0.1011545760208813,-0.001069253541854831,-1.9582129639553192e-05,-1.958274083993302e-05,1.0000624289207882,1.094041111205476e-11,-0.0013561496681584718,0.00614663106756907,0.00614663106756907,0.17667658732824953,0.999968788823545,1.0941094110113465e-11]"
/multi_agv/m2b_algorithm_state,1789558510.7573364,1789558510.7573364,m2b_algorithm_state_v1:header6+3x20,"[1.0,-0.15,0.52,3.2208411214250536,0.10125038096599308,1789558510.7572296,3.2194177340862944,0.10107523190842811,0.0036904376666666654,0.001540272196975318,0.0006967154989014892,0.000569606287787913,0.004584685874999997,3.2207929843362666,0.10149517168492715,0.0013752502499722041,0.0004199397764990398,0.00041965924855337945,0.9986660816947349,5.854878255769353e-09,0.0021387220610186346,-0.0062527087965447235,-0.0062527087965447235,0.14194928772553736,1.0006684660152907,5.847068326488884e-09,3.22039821617391,0.10150167901091918,0.002796189458333334,-0.0009436555511389867,0.001667120829464963,0.0007539210572957283,-0.0017884964166666626,3.219352057273404,0.10133067950943342,-0.0010461589005061889,-0.0001709995014857607,-0.00017104595571521957,1.0005436776714414,-5.93855904713946e-10,-0.0014787445813479556,0.004379622646185897,0.004379622646185897,0.12046670544792908,0.9997284108281623,-5.941787709093926e-10,3.219711577432061,0.10117420505611452,0.0036904376666666654,0.0013235646365879821,0.0009824110805473968,0.0005149378498188989,0.0032930326916666636,3.2186252012442838,0.1007976719878108,-0.0010863761877772937,-0.00037653306830372213,-0.00037675965845837626,1.001205271926615,4.045233920351911e-09,-0.0017347298931799935,0.007642840503557468,0.007642840503557468,0.17669753762136106,0.9993985816964022,4.0501095272327015e-09]"
/multi_agv/m2b_algorithm_state,1789558510.7674854,1789558510.7674854,m2b_algorithm_state_v1:header6+3x20,"[1.0,-0.15,0.52,3.2218479284206007,0.10125033727721583,1789558510.7672946,3.2204163491807027,0.10107525324942451,0.0036904376666666654,0.0015401211116112972,0.0006967301429677158,0.0005696641599311545,0.004584685874999997,3.2217179443745465,0.10043870912346244,0.001301595193843763,-0.0006365441259620769,-0.0006371938427327015,1.0020462899592977,1.346108657021448e-08,0.0009898001495720022,-0.001679841671456921,-0.001679841671456921,0.1419525742696162,0.9989803467531351,1.3488631856504346e-08,3.221396824821346,0.10150166609806843,0.002796189458333334,-0.0009434913028643979,0.0016671101888756645,0.0007538553962260497,-0.0017884964166666626,3.2205076481735966,0.10155915677729449,-0.0008891766477492347,5.749067922605766e-05,5.748543744413338e-05,0.9998176873006477,-6.710290077861734e-11,-0.00105398537224241,0.002773040486696677,0.002773040486696677,0.12046876929246658,1.000091184518329,-6.709066706764202e-11,3.2207101902731132,0.1011742235504863,0.0036904376666666654,0.0013234636009001018,0.0009824161631630801,0.0005149790010833964,0.0032930326916666636,3.2194627520218493,0.10016094360039966,-0.0012474382512639437,-0.0010132799500866402,-0.0010149287998838668,1.0032669199728235,2.930581063177027e-08,-0.0025742266139637962,0.010883337649312968,0.010883337649312968,0.1767039580910814,0.9983754034791255,2.9401550369842983e-08]"
/multi_agv/m2b_algorithm_state,1789558510.7777622,1789558510.7777622,m2b_algorithm_state_v1:header6+3x20,"[1.0,-0.15,0.52,3.2228395299156047,0.10125039148252206,1789558510.7776196,3.221423142437331,0.10107514840791032,0.0036904376666666654,0.001540863143162376,0.0006966604346243519,0.0005693787787583751,0.004584685874999997,3.2225974454932427,0.10006763105471955,0.0011743030559117074,-0.0010075173531907677,-0.0010091496076904936,1.003252458418661,3.374802366569979e-08,0.0004587292121991406,0.0003701247481917749,0.0003701247481917749,0.1419275624287002,0.9983825445827984,3.385778770938447e-08,3.2224036485358085,0.10150173012200396,0.002796189458333334,-0.0009442969680521834,0.0016671603456233086,0.0007541785343644081,-0.0017884964166666626,3.2215209850265296,0.10155915677729449,-0.0008826635092789026,5.742665529052948e-05,5.742142517902909e-05,0.9998178903570926,-6.70106832928764e-11,-0.001045907961419599,0.0027435821769464445,0.0027435821769464445,0.12045306361437504,1.0000910829273932,-6.699848000127095e-11,3.2217169942886628,0.1011741333017332,0.0036904376666666654,0.0013239567309699524,0.0009823921464941158,0.0005147777409141032,0.0032930326916666636,3.220562036692449,0.10123733484356529,-0.001154957596213979,6.320154183209192e-05,6.319517904326187e-05,0.9997986989335103,1.1396929502543992e-10,-0.001380501816224212,0.006197389594377691,0.006197389594377691,0.17665510506061036,1.0001006847187772,1.1394635288480422e-10]"
/multi_agv/m2b_algorithm_state,1789558510.787596,1789558510.787596,m2b_algorithm_state_v1:header6+3x20,"[1.0,-0.15,0.52,3.2238397592351604,0.10125038955281342,1789558510.787408,3.222414760791144,0.10107528049693176,0.0036904376666666654,0.0015399258431552467,0.0006967456888744999,0.0005697407145037886,0.004584685874999997,3.2236402330467873,0.10117696821997314,0.0012254722556432895,0.00010168772304137985,0.00010167123445656966,0.9996758261335916,3.4330575483314044e-10,0.0016335115540106815,-0.004306907315118963,-0.004306907315118963,0.1419525726929394,1.0001621755150147,3.431944640792359e-10,3.2233952296931454,0.10150164758198817,0.002796189458333334,-0.0009432773414565637,0.0016670993326224348,0.0007537682983983496,-0.0017884964166666626,3.222488654155071,0.10075666212607004,-0.0009065755380746054,-0.0007449854559181263,-0.0007458710158399188,1.0023840870606504,-1.1271594099314958e-08,-0.0018790904384331755,0.006044304655192942,0.006044304655192942,0.12046877021487594,0.9988127170744189,-1.129846656096004e-08,3.2227085992625244,0.10117424636864622,0.0036904376666666654,0.0013233365851712865,0.0009824208420677882,0.0005150316236496588,0.0032930326916666636,3.2217595389755354,0.10240515832236372,-0.0009490602869890452,0.001230911953717495,0.0012285196974663442,0.9961311582829597,4.317376442576715e-08,4.219433873003768e-05,0.0006167940646713353,0.0006167940646713353,0.17670396117523168,1.001947267313731,4.3006731964875075e-08]"
/multi_agv/m2b_algorithm_state,1789558510.797283,1789558510.797283,m2b_algorithm_state_v1:header6+3x20,"[1.0,-0.15,0.52,3.2248400355218014,0.10125038739921392,1789558510.7970922,3.223414989806326,0.10107527405135314,0.0036904376666666654,0.001539973049009233,0.0006967441711909208,0.0005697210421592102,0.004584685874999997,3.2248858502025506,0.1024483199031584,0.0014708603962247935,0.0013730458518052685,0.0013700684321418578,0.9956855925345969,6.253612659979798e-08,0.0032086439274228496,-0.010526282933394662,-0.010526282933394662,0.14195257372080083,1.0021731904725053,6.226632026833842e-08,3.2243954592201636,0.10150165307979928,0.002796189458333334,-0.0009433294939314571,0.0016670999550085774,0.0007537905809575501,-0.0017884964166666626,3.2234083120287553,0.0997360531595161,-0.0009871471914082441,-0.0017655999202831757,-0.0017706124463255533,1.0057158321572441,-6.335749618975085e-08,-0.0030045464355858585,0.010445492848025737,0.010445492848025737,0.12046876960376512,0.9971690439357411,-6.371963700387471e-08,3.2237088286789928,0.10117424152728786,0.0036904376666666654,0.0013233647055269616,0.0009824208682518215,0.000515019420973479,0.0032930326916666636,3.2226611058879797,0.10343409062234063,-0.0010477227910130615,0.0022598490950527655,0.0022518484731549543,0.9929800673391814,1.4541350059843113e-07,0.0009421949843886274,-0.003072037431058354,-0.003072037431058354,0.17670395913536743,1.0035529130814926,1.4439270761625624e-07]"
/multi_agv/m2b_algorithm_state,1789558510.8070912,1789558510.8070912,m2b_algorithm_state_v1:header6+3x20,"[1.0,-0.15,0.52,3.225837554821562,0.101250402814837,1789558510.8069963,3.2244152656619374,0.10107526734887158,0.0036904376666666654,0.0015400218648556393,0.0006967420289777588,0.0005697009967961047,0.004584685874999997,3.2259218002885817,0.10254734353456699,0.0015065346266442958,0.0014720761856954062,0.0014686563531174186,0.9953796326994401,7.187929258364897e-08,0.0033518246364227884,-0.011086042379470492,-0.011086042379470492,0.14195178224396543,1.0023285451159003,7.15471838506081e-08,3.2253957358925467,0.10150165850514094,0.002796189458333334,-0.0009433833362102895,0.0016671011122353363,0.0007538133177810713,-0.0017884964166666626,3.2244790368239475,0.10116239201527853,-0.0009166990685991472,-0.0003392664898624054,-0.0003394495825088606,1.0010807301242701,-2.3372162201768016e-09,-0.0014853234182577945,0.004475689579285992,0.004475689579285992,0.12046827176024492,0.9994606190259477,-2.3397421201528795e-09,3.2247091050109207,0.10117423634362922,0.0036904376666666654,0.0013233944670916291,0.0009824206046026972,0.0005150066576533907,0.0032930326916666636,3.2235573305288496,0.10212009840065459,-0.001151774482071044,0.0009458620570253623,0.0009444464359629783,0.9970174261388053,2.5499414624928963e-08,-0.0004952716666258267,0.002660527518771349,0.002660527518771349,0.17670241025278413,1.0014988897289243,2.5423360737392884e-08]"
/multi_agv/m2b_algorithm_state,1789558510.8171782,1789558510.8171782,m2b_algorithm_state_v1:header6+3x20,"[1.0,-0.15,0.52,3.2268435538942786,0.1012503636486007,1789558510.8170872,3.2254127900627596,0.10107530276868723,0.0036904376666666654,0.0015397725773650876,0.0006967679627004834,0.0005697955631952659,0.004584685874999997,3.2267629100275403,0.10100792328328573,0.0013501199647807383,-6.737948540150307e-05,-6.738673403631704e-05,1.0002152132551354,1.5073282453886395e-10,0.0016202632219396058,-0.004180470740302632,-0.004180470740302632,0.14195257105852616,0.9998924323174638,1.5076526424068872e-10,3.2263932488416054,0.10150163824234966,0.002796189458333334,-0.0009431135441716598,0.0016670820601296654,0.0007537062825379442,-0.0017884964166666626,3.2255773273633213,0.10204877848932956,-0.0008159214782841318,0.0005471402469798964,0.0005466672375046406,0.9982745620760245,-6.073229012565529e-09,-0.00047323461035052414,0.0004934685843760232,0.0004934685843760232,0.12046877116260313,1.0008652603317056,-6.06275003290626e-09,3.2257066255603215,0.10117426743347414,0.0036904376666666654,0.001323226054658734,0.0009824300309181355,0.000515074754712205,0.0032930326916666636,3.2245695337066067,0.10206270334562301,-0.0011370918537148,0.0008884359121488633,0.0008871864236388327,0.9971966774596337,2.2495179187694333e-08,-0.0005341783935046674,0.0028245513154695973,0.0028245513154695973,0.17670396439284375,1.0014083719912055,2.243211794482789e-08]"
/multi_agv/m2b_algorithm_state,1789558510.827085,1789558510.827085,m2b_algorithm_state_v1:header6+3x20,"[1.0,-0.15,0.52,3.227844231896919,0.10125035980113138,1789558510.8269804,3.226418777043735,0.10107520694052796,0.0036904376666666654,0.0015404527727325614,0.0006967067955957688,0.0005695325427394479,0.004584685874999997,3.2277944942175627,0.10047969145352931,0.001375717173827784,-0.0005955154869986545,-0.0005960839719825619,1.0019135092143017,1.1783939137235853e-08,0.001123562495302168,-0.0021722623754935676,-0.0021722623754935676,0.14193679534558032,0.999046300503574,1.1806487813355724e-08,3.227399262462089,0.10150169843259774,0.002796189458333334,-0.0009438535598940362,0.0016671257034319709,0.0007540043519911332,-0.0017884964166666626,3.2265960966028375,0.10124714813032115,-0.0008031658592515534,-0.00025455030227658493,-0.0002546533070703977,1.0008100878299835,-1.3163002780309512e-09,-0.0012586106311348393,0.003634646869909626,0.003634646869909626,0.12045886133152214,0.9995955096951312,-1.317366596866788e-09,3.2267126221770113,0.10117418557267638,0.0036904376666666654,0.0013236753025106553,0.0009824095665440513,0.0005148906680370172,0.0032930326916666636,3.2259357783863134,0.10333092311682017,-0.0007768437906978676,0.0021567375441437914,0.0021494446533063716,0.9932924609831466,1.3248779851137557e-07,0.0011783899149340371,-0.003868296286397687,-0.003868296286397687,0.17667313740523094,1.003392918643521,1.315991314336035e-07]"
/multi_agv/m2b_algorithm_state,1789558510.8369539,1789558510.8369539,m2b_algorithm_state_v1:header6+3x20,"[1.0,-0.15,0.52,3.228838606748827,0.10125039593807263,1789558510.8368495,3.227419453679202,0.10107519876976997,0.0036904376666666654,0.0015405095688489421,0.0006966998252998728,0.000569511549563295,0.004584685874999997,3.2288329473672075,0.10114410588890604,0.0014134936880054738,6.890711913606906e-05,6.889954588150438e-05,0.9997802467001444,1.5770556619151568e-10,0.0018357666558883466,-0.005009071138874922,-0.005009071138874922,0.14193313619226866,1.000109917336432,1.576709098729395e-10,3.2283999422202867,0.10150170249446652,0.002796189458333334,-0.0009439146202809019,0.001667130970102626,0.0007540280800054366,-0.0017884964166666626,3.2276051669899406,0.10124714813032115,-0.0007947752303461009,-0.0002545543641453707,-0.0002546573722240108,1.0008101007493708,-1.3164274237917253e-09,-0.001248126410156637,0.003597402102595998,0.003597402102595998,0.12045656363171021,0.9995955032530945,-1.3174938626342313e-09,3.2277132997912688,0.10117417813915763,0.0036904376666666654,0.0013237148688284048,0.0009824068499034722,0.0005148749306536958,0.0032930326916666636,3.227074317336398,0.10451122230750297,-0.0006389824548707068,0.003337044168345335,0.003319740673502259,0.989761096261789,3.1690595841461696e-07,0.0025210126049138755,-0.009246604119764466,-0.009246604119764466,0.1766659907366553,1.0052123031721094,3.136611888123442e-07]"
/multi_agv/m2b_algorithm_state,1789558510.847203,1789558510.847203,m2b_algorithm_state_v1:header6+3x20,"[1.0,-0.15,0.52,3.2298438984501243,0.1012503615411864,1789558510.8470213,3.228413839848296,0.10107528608657167,0.0036904376666666654,0.0015398907945694306,0.000696757163432515,0.0005697499381703021,0.004584685874999997,3.2298855285401764,0.10150181220600928,0.0014716886918804128,0.0004265261194376091,0.0004262367374953663,0.9986452627519629,6.038449080917475e-09,0.0022658476023458825,-0.006708215663735496,-0.006708215663735496,0.1419518267365996,1.000678923041555,6.03026856902718e-09,3.229394303350419,0.10150164861056694,0.002796189458333334,-0.0009432421898423905,0.001667089804775923,0.0007537580174829528,-0.0017884964166666626,3.228545108210231,0.10098612466776859,-0.0008491951401881082,-0.0005155239427983571,-0.0005159472601542747,1.0016454835284394,-5.39638172160175e-09,-0.00157744118538941,0.004878050965902312,0.004878050965902312,0.12046829969031564,0.9991795336682454,-5.4052613788378166e-09,3.2287076770477663,0.10117425311707927,0.0036904376666666654,0.0013233044460974936,0.0009824264129148167,0.000515042657019927,0.0032930326916666636,3.227998063608792,0.10322386119894732,-0.0007096134389743547,0.0020496080818680484,0.002043016351203622,0.9936178334751975,1.196287930455479e-07,0.0011559995524856787,-0.003738223821809304,-0.003738223821809304,0.1767024971677766,1.0032264698520612,1.1886530216717009e-07]"
/multi_agv/m2b_algorithm_state,1789558510.8570771,1789558510.8570771,m2b_algorithm_state_v1:header6+3x20,"[1.0,-0.15,0.52,3.2308420722499243,0.10125037365839118,1789558510.8569276,3.229419120887671,0.10107520223275596,0.0036904376666666654,0.0015404856964563634,0.0006967032107271891,0.0005695201363339702,0.004584685874999997,3.230817258528294,0.1004737489417838,0.0013981376406229096,-0.0006014532909721509,-0.0006020331950640773,1.0019327184141,1.2020409338787274e-08,0.0011456388557145596,-0.002247686012187814,-0.002247686012187814,0.14193180786769363,0.9990367572806935,1.2043641405261368e-08,3.230399607907128,0.10150170101370039,0.002796189458333334,-0.0009438892101151326,0.0016671283710105733,0.0007540184175419268,-0.0017884964166666626,3.2295487010461783,0.10098612466776859,-0.000850906860949685,-0.0005155763459318008,-0.0005159997492202616,1.0016456506038793,-5.401180183498382e-09,-0.001579633325407368,0.004885194292281883,0.004885194292281883,0.12045572952121224,0.999179450592562,-5.410068638929018e-09,3.2297129665555744,0.10117418137710289,0.0036904376666666654,0.001323697845834707,0.00098240826383571,0.0005148815739969303,0.0032930326916666636,3.229055484785004,0.10356972674320782,-0.0006574817705704561,0.002395545366104923,0.0023865643271312386,0.9925700815008399,1.634255605383868e-07,0.0015647121139181685,-0.005363584364238101,-0.005363584364238101,0.17666339645310944,1.003763166519999,1.6221132194290704e-07]"
/multi_agv/m2b_algorithm_state,1789558510.8670712,1789558510.8670712,m2b_algorithm_state_v1:header6+3x20,"[1.0,-0.15,0.52,3.2318417947962867,0.10125037555825123,1789558510.866854,3.2304172983766124,0.10107523224088166,0.0036904376666666654,0.0015402723285441052,0.000696721873251338,0.0005696029151731034,0.004584685874999997,3.2316423648035415,0.10016454265088723,0.0012250664269291,-0.0009106895899944345,-0.0009120222089044635,1.0029366643525508,2.756058897776419e-08,0.0006193108247569116,-0.00024253897257265006,-0.00024253897257265006,0.1419370272893544,0.9985388306369977,2.7641525176950494e-08,3.2313977772978517,0.10150168185931017,0.002796189458333334,-0.0009436569075231163,0.0016671151437814835,0.0007539246027569724,-0.0017884964166666626,3.230597874316905,0.10161276134903383,-0.0007999029809466762,0.00011107948972365056,0.00011105992942818911,0.9996479626481974,-2.5053823683001814e-10,-0.0008888187967551562,0.00216288315287485,0.00216288315287485,0.12045900696719242,1.0001761237879598,-2.5045003801259923e-10,3.2307111410753095,0.10117420687498171,0.0036904376666666654,0.0013235575452147127,0.0009824144103101288,0.0005149391916896926,0.0032930326916666636,3.230159841168222,0.1037552421723531,-0.0005512999070873548,0.002581035297371387,0.002570624267594171,0.9920117577488441,1.8966729509097993e-07,0.0018814993837349774,-0.0065867044510222045,-0.0065867044510222045,0.17667359038786526,1.0040500005809716,1.881521867906717e-07]"
/multi_agv/m2b_algorithm_state,1789558510.8770268,1789558510.8770268,m2b_algorithm_state_v1:header6+3x20,"[1.0,-0.15,0.52,3.232839978867686,0.10125038715747665,1789558510.8768463,3.2314170215251936,0.10107523680228812,0.0036904376666666654,0.0015402400035902848,0.0006967249345980696,0.0005696153343432763,0.004584685874999997,3.2326574080808923,0.1004940732975299,0.0012403865556986915,-0.000581163504758217,-0.0005817048599923136,1.00186708972272,1.1221132099717572e-08,0.0009687783346310507,-0.0016307689274436049,-0.0016307689274436049,0.14193675569505323,0.9990693644297491,1.1242082960138238e-08,3.2323974991092337,0.10150167907045526,0.002796189458333334,-0.000943621811111235,0.001667112938840809,0.000753910536612154,-0.0017884964166666626,3.231609713973479,0.10161276134903383,-0.000787785135754504,0.00011108227857856146,0.0001110627173005664,0.9996479538074882,-2.5054150167322747e-10,-0.0008736687023925637,0.002109113113348478,0.002109113113348478,0.12045883644358439,1.0001761282135941,-2.504532994914972e-10,3.231710863754433,0.10117421080201025,0.0036904376666666654,0.0013235360572529777,0.0009824154739155547,0.0005149479526393472,0.0032930326916666636,3.2312043712717924,0.10390438926752879,-0.0005064924826405637,0.00273017846551854,0.002718542679043099,0.9915645882703823,2.121928238870238e-07,0.0020854270757423945,-0.007389156686971752,-0.007389156686971752,0.17667305993547874,1.0042801558957084,2.104028900514665e-07]"
/multi_agv/m2b_algorithm_state,1789558510.8871033,1789558510.8871033,m2b_algorithm_state_v1:header6+3x20,"[1.0,-0.15,0.52,3.2338400155258022,0.10125038663327195,1789558510.8870313,3.2324152093051532,0.10107526429525383,0.0036904376666666654,0.0015400456811770647,0.0006967437660083673,0.0005696897699124679,0.004584685874999997,3.2336712101520373,0.1004562102273836,0.0012560008468840422,-0.0006190540678702311,-0.0006196684899817899,1.001989671188414,1.2730741687810392e-08,0.0009503325686232629,-0.001548174989955407,-0.001548174989955407,0.1419419390343354,0.9990084664276266,1.275607167775377e-08,3.233395678634668,0.1015016625752869,0.002796189458333334,-0.000943411005000349,0.0016670993009459956,0.0007538262534307477,-0.0017884964166666626,3.2328218027113618,0.101975444468586,-0.0005738759233060442,0.0004737818932991078,0.00047342702202020224,0.998504654022175,-4.555528777349505e-09,-0.000243917882112353,-0.0002895758482859051,-0.0002895758482859051,0.12046209117799381,1.000749579686836,-4.548716685715429e-09,3.2327090486632364,0.1011742346018892,0.0036904376666666654,0.0013234063000875968,0.000982422076082257,0.000515000763138593,0.0032930326916666636,3.2320523062223017,0.10230644459644347,-0.0006567424409347211,0.0011322099945542674,0.0011301844934649451,0.9964373823550093,3.653204038873266e-08,0.00030925644229654373,-0.00029017694575911085,-0.00029017694575911085,0.17668318386105175,1.0017921862324553,3.640189069703625e-08]"
/multi_agv/m2b_algorithm_state,1789558510.897144,1789558510.897144,m2b_algorithm_state_v1:header6+3x20,"[1.0,-0.15,0.52,3.234840883911298,0.10125038084157893,1789558510.8970656,3.233415245951214,0.10107526192157745,0.0036904376666666654,0.0015400635829518543,0.0006967437981908018,0.0005696819935044617,0.004584685874999997,3.2349050465268734,0.10004039556427816,0.0014898005756593946,-0.0010348663572992967,-0.0010365887819382745,1.003341772635934,3.558723862811384e-08,0.0008256619376359688,-0.0009160767243646651,-0.0009160767243646651,0.1419405536469465,0.9983383722947907,3.5706163088349717e-08,3.2343957152054528,0.10150166502160846,0.002796189458333334,-0.0009434312495013803,0.0016670990389515694,0.0007538351650095282,-0.0017884964166666626,3.233829610528777,0.101975444468586,-0.0005661046766758382,0.0004737794469775458,0.00047342457936852284,0.9985046617513389,-4.555579445812714e-09,-0.0002342062664762749,-0.0003241286948055328,-0.0003241286948055328,0.12046122126210053,1.0007495758025413,-4.5487673136225755e-09,3.23370908542074,0.10117423295662993,0.0036904376666666654,0.0013234164083300863,0.0009824224543326437,0.0005149961848729089,0.0032930326916666636,3.233258287087217,0.10272187318945797,-0.00045079833352312804,0.0015476402328280375,0.0015438675405443963,0.9951531873714947,6.823886044416073e-08,0.0009803696236404863,-0.002875670510524056,-0.002875670510524056,0.1766804779354969,1.0024436631929645,6.790811947360517e-08]"
/multi_agv/m2b_algorithm_state,1789558510.9070277,1789558510.9070277,m2b_algorithm_state_v1:header6+3x20,"[1.0,-0.15,0.52,3.235842978501695,0.10125036742291027,1789558510.9069166,3.234416112624812,0.10107524711638226,0.0036904376666666654,0.001540169321993216,0.0006967352208976146,0.000569640621493378,0.004584685874999997,3.2359104801718614,0.10027876574657024,0.0014943675470493467,-0.000796481369812016,-0.0007974998259023486,1.0025650701541617,2.1078312719743597e-08,0.0010704596079093348,-0.0018916702588157555,-0.0018916702588157555,0.1419362192961899,0.9987229387928954,2.11323800706011e-08,3.2353965855907365,0.10150167488846665,0.002796189458333334,-0.0009435468211562003,0.001667105038315686,0.0007538821406631729,-0.0017884964166666626,3.234969794195117,0.10258148597027,-0.000426791395619297,0.0010798110818033557,0.0010779761800983661,0.9966153673149254,-2.365655903783693e-08,0.0005444869355742449,-0.0033713254403026026,-0.0033713254403026026,0.12045849961410975,1.0017021727741908,-2.357649027490107e-08,3.2347099535183452,0.10117422051988786,0.0036904376666666654,0.0013234853154906476,0.000982419809303292,0.0005149676921528097,0.0032930326916666636,3.2343913215760995,0.10296254850901435,-0.00031863194224568403,0.0017883279891264814,0.001783299781729192,0.9944147741772388,9.110282616594975e-08,0.0013850098539220869,-0.004433415595215434,-0.004433415595215434,0.1766720122959141,1.002819608597952,9.059399630872116e-08]"
/multi_agv/m2b_algorithm_state,1789558510.9170976,1789558510.9170976,m2b_algorithm_state_v1:header6+3x20,"[1.0,-0.15,0.52,3.236840266029057,0.10125038497339141,1789558510.9169552,3.2354182029936025,0.1010752147114178,0.0036904376666666654,0.0015403989840671178,0.000696713890156353,0.0005695521676759765,0.004584685874999997,3.2369318869228243,0.10048900594720797,0.0015136839292217985,-0.0005862087642098252,-0.0005867595807190249,1.0018834064934914,1.1418025452606075e-08,0.0013053453308082231,-0.0028206005938741854,-0.0028206005938741854,0.1419275380441824,0.9990612568975443,1.1439530235886363e-08,3.236398685297904,0.10150169489221718,0.002796189458333334,-0.0009437965572786765,0.0016671203886269303,0.0007539824079207252,-0.0017884964166666626,3.2359896554305374,0.10258148597027,-0.0004090298673666837,0.0010797910780528247,0.0010779562445523804,0.9966154301674103,-2.36619418793615e-08,0.0005666689103440258,-0.0034506097167632138,-0.0034506097167632138,0.12045304830020356,1.001702140981804,-2.3581856384696123e-08,3.2357120472135787,0.10117419266509584,0.0036904376666666654,0.0013236378025453933,0.000982412555425527,0.0005149053681333783,0.0032930326916666636,3.235432330473776,0.10317592425094337,-0.00027971673980253797,0.00200173158584753,0.001995441919352858,0.9937634975519741,1.1413811692581398e-07,0.0016457959945996854,-0.0054663263073292286,-0.0054663263073292286,0.17665505739720916,1.0031520168207713,1.1342629428019308e-07]"
/multi_agv/m2b_algorithm_state,1789558510.9272115,1789558510.9272115,m2b_algorithm_state_v1:header6+3x20,"[1.0,-0.15,0.52,3.237850398343344,0.10125031969942501,1789558510.9270694,3.2364154959808986,0.10107525724245227,0.0036904376666666654,0.0015400975283609663,0.0006967415952284556,0.0005696684254517747,0.004584685874999997,3.2379436262124526,0.10048900594720797,0.001528130231553959,-0.0005862512952442972,-0.0005868021915437527,1.0018835429665187,1.1417445601851547e-08,0.0013233605978986963,-0.0028847027405517847,-0.0028847027405517847,0.1419358993773769,0.999061189089962,1.1438950851210523e-08,3.2373959662155367,0.10150166855618503,0.002796189458333334,-0.0009434690247704406,0.0016671005594406374,0.0007538507483808715,-0.0017884964166666626,3.2370224621417423,0.10258148597027,-0.0003735040737944395,0.0010798174140849714,0.0010779824907892453,0.9966153474186732,-2.3654886540475738e-08,0.0006111023985461959,-0.003608629610191965,-0.003608629610191965,0.1204582987222259,1.0017021828382229,-2.3574822967685525e-08,3.236709335890734,0.10117422912153692,0.0036904376666666654,0.001323438164284429,0.00098242198698677,0.0005149869976186134,0.0032930326916666636,3.2364711220841067,0.10317592425094337,-0.00023821380662747416,0.0020016951294064417,0.0019954056933943736,0.9937636116457059,1.1411672922808305e-07,0.001697638435110031,-0.005651835719225182,-0.005651835719225182,0.17667138742703517,1.003151958538,1.134050529868949e-07]"
/multi_agv/m2b_algorithm_state,1789558510.9369597,1789558510.9369597,m2b_algorithm_state_v1:header6+3x20,"[1.0,-0.15,0.52,3.2388367957465705,0.10125040684679791,1789558510.9368093,3.2374256076408674,0.10107510098735885,0.0036904376666666654,0.0015412033750795457,0.0006966369204474351,0.0005692435332507821,0.004584685874999997,3.2389446002153632,0.10048900594720797,0.0015189925744958366,-0.0005860950401508774,-0.000586645643336586,1.0018830415770943,1.141956092496716e-08,0.0013120950747832097,-0.002843760558154339,-0.002843760558154339,0.141898729584858,0.9990614382089723,1.1441064432981033e-08,3.238406123697433,0.10150176371310517,0.002796189458333334,-0.0009446699664770945,0.001667176062268183,0.0007543320410404591,-0.0017884964166666626,3.2380442794009365,0.10258148597027,-0.0003618442964965496,0.0010797222571648363,0.001077887658305513,0.9966156464050101,-2.3680813972119777e-08,0.000625582287684826,-0.0036613846345253708,-0.0036613846345253708,0.12043495685954426,1.0017020316033745,-2.3600669724220946e-08,3.2377194636917306,0.10117409439781103,0.0036904376666666654,0.001324174154780027,0.0009823858495565004,0.0005146867716447653,0.0032930326916666636,3.2374988605608483,0.10317592425094337,-0.00022060313088223538,0.002001829853132339,0.001995539565357177,0.993763190015521,1.1419562112186704e-07,0.0017197856517543828,-0.005730336318401256,-0.005730336318401256,0.1765988009181704,1.0031521739204585,1.1348340473187041e-07]"
/multi_agv/m2b_algorithm_state,1789558510.9471054,1789558510.9471054,m2b_algorithm_state_v1:header6+3x20,"[1.0,-0.15,0.52,3.239842442432568,0.10125036980998985,1789558510.9469407,3.2384120320760994,0.10107531335268792,0.0036904376666666654,0.00153969673723025,0.000696773760774238,0.0005698254208790247,0.004584685874999997,3.2397650950129395,0.10028904166464361,0.0013530629368401215,-0.0007862716880443071,-0.0007872641240451083,1.0025318955393614,2.053493878012554e-08,0.0009040645470050436,-0.001307809402875875,-0.001307809402875875,0.1419456933840641,0.9987393862231372,2.0586931100024e-08,3.2393924884912497,0.10150163108241243,0.002796189458333334,-0.0009430314940371658,0.0016670782340368895,0.0007536727068435528,-0.0017884964166666626,3.238856535051616,0.10328027616091755,-0.0005359534396336407,0.0017786450785051144,0.0017736929629884562,0.9944692281900733,-6.411746937900231e-08,0.0011037511634464053,-0.005690396560688049,-0.005690396560688049,0.12046444857144228,1.0027919801341008,-6.376285028683709e-08,3.238705866672363,0.10117427610529339,0.0036904376666666654,0.0013231777527737778,0.00098243195010399,0.000515094693406039,0.0032930326916666636,3.238180623774534,0.10351632260661156,-0.0005252428978290702,0.002342046501318168,0.00233345864700241,0.9927315726120353,1.5615243347492832e-07,0.0016769050247160723,-0.005740187813808079,-0.005740187813808079,0.1766905169310563,1.003680311338189,1.550174508507618e-07]"
/multi_agv/m2b_algorithm_state,1789558510.9572031,1789558510.9572031,m2b_algorithm_state_v1:header6+3x20,"[1.0,-0.15,0.52,3.2408461196965654,0.10125034661253797,1789558510.9571095,3.2394176674126256,0.10107522218803247,0.0036904376666666654,0.0015403443240023353,0.0006967163673350816,0.0005695745720314641,0.004584685874999997,3.2408337982222744,0.1007449211827809,0.0014161308096487524,-0.00033030100525156814,-0.0003304755405573873,1.0010581433203765,3.6242116032506237e-09,0.0014396879715035532,-0.0034160632826035747,-0.0034160632826035747,0.14192441788292487,0.9994718661915952,3.628046538550234e-09,3.2403981487839553,0.10150168880454898,0.002796189458333334,-0.0009437363024686488,0.0016671190541632797,0.0007539569836773896,-0.0017884964166666626,3.239624124858802,0.1014895461735994,-0.0007740239251532444,-1.2142630949577016e-05,-1.2142864907958513e-05,1.000038536811616,-2.9943731464101647e-12,-0.000979672771349514,0.0025394168927247913,0.0025394168927247913,0.1204510889630357,0.9999807328514918,-2.994488540004016e-12,3.2397115111011217,0.10117419843738809,0.0036904376666666654,0.0013236045011899475,0.0009824129136357003,0.0005149196166258667,0.0032930326916666636,3.2392379117033383,0.10381586284437873,-0.000473599397783353,0.0026416644069906375,0.0026307635382970917,0.9918297867388916,1.986805832654908e-07,0.0020387642910679005,-0.0071791826386618015,-0.0071791826386618015,0.17664896378083583,1.0041436140249238,1.9705732052937033e-07]"
/multi_agv/m2b_algorithm_state,1789558510.9672825,1789558510.9672825,m2b_algorithm_state_v1:header6+3x20,"[1.0,-0.15,0.52,3.2418499577005924,0.1012503231208071,1789558510.9672134,3.2404213372400785,0.10107516737583053,0.0036904376666666654,0.001540731497879704,0.000696678634764236,0.0005694263747682948,0.004584685874999997,3.24182717493616,0.10052672804145131,0.0014058376960814911,-0.0005484393343792165,-0.000548921322160895,1.0017613074210434,9.995995552599609e-09,0.0012083757979409688,-0.002494259214302886,-0.002494259214302886,0.14191012853882656,0.9991219364921351,1.0013601573747119e-08,3.2414018351729825,0.10150172154065223,0.002796189458333334,-0.0009441562673949576,0.0016671464292499216,0.0007541247843427662,-0.0017884964166666626,3.2405841221454317,0.10209047682237295,-0.0008177130275508482,0.0005887552817207126,0.000588207755895779,0.99814420839932,-7.039775974707187e-09,-0.0004339335285427812,0.00033407016802542377,0.00033407016802542377,0.12044211556265835,1.0009308374795223,-7.026711617582657e-09,3.2407151866766366,0.10117415092113118,0.0036904376666666654,0.0013238633336459362,0.0009823996626578515,0.0005148143154547211,0.0032930326916666636,3.2401738274144813,0.10313187680851074,-0.000541359262155261,0.001957725887379566,0.0019517077104612428,0.9938975289658589,1.0919708203348523e-07,0.0012750086327671666,-0.0041198679414741765,-0.0041198679414741765,0.17662105914636633,1.0030835441629224,1.0853071000336316e-07]"
/multi_agv/m2b_algorithm_state,1789558510.9772973,1789558510.9772973,m2b_algorithm_state_v1:header6+3x20,"[1.0,-0.15,0.52,3.2428498766179543,0.10125032535991184,1789558510.9771698,3.2414251674485284,0.10107511385178122,0.0036904376666666654,0.0015411075291246142,0.0006966389266095155,0.0005692840349574427,0.004584685874999997,3.242715474467302,0.09989937954105647,0.0012903070187735288,-0.0011757343107247492,-0.0011779599364356485,1.0038027087246622,4.59706298561717e-08,0.0004349238370312625,0.000530662024577734,0.000530662024577734,0.14189527254621362,0.998110610011378,4.614544277140398e-08,3.2424056829175383,0.10150175170758964,0.002796189458333334,-0.0009445627037683239,0.0016671756508381819,0.0007542857603476394,-0.0017884964166666626,3.241600387105665,0.10209047682237295,-0.0008052958118733855,0.0005887251147833061,0.0005881776451649859,0.9981443036115668,-7.042083900773066e-09,-0.00041844211967674593,0.0002785688945862361,0.0002785688945862361,0.12043278574497411,1.000930789571519,-7.029015931111358e-09,3.24171902273571,0.10117410380305042,0.0036904376666666654,0.0013241179505599538,0.0009823850910721356,0.0005147115284589044,0.0032930326916666636,3.2411459975539527,0.1025268289828744,-0.0005730251817572807,0.0013527251798239742,0.001349838671159272,0.9957541794559389,5.216788199895948e-08,0.0006335571939626711,-0.0015470627273110197,-0.0015470627273110197,0.17659205097634392,1.0021384101125383,5.1946386533828147e-08]"
/multi_agv/m2b_algorithm_state,1789558510.9871812,1789558510.9871812,m2b_algorithm_state_v1:header6+3x20,"[1.0,-0.15,0.52,3.243841792967713,0.10125037794365406,1789558510.9869657,3.2424250865177795,0.10107512347756585,0.0036904376666666654,0.0015410349981194674,0.0006966393517743967,0.0005693152529577083,0.004584685874999997,3.243731115191006,0.10055326715381109,0.0013060286732264892,-0.0005218563237547602,-0.0005222926324598787,1.001675433629924,9.052080147971201e-09,0.0011102432090732328,-0.0021585617139175312,-0.0021585617139175312,0.14189430527947733,0.9991646278771662,9.06724630747188e-09,3.243405602029888,0.10150174201245468,0.002796189458333334,-0.0009444808093148323,0.0016671762358000386,0.0007542499576285305,-0.0017884964166666626,3.242607453226762,0.10413378080330402,-0.0007981488031258976,0.0026320387908493337,0.0026212648027329976,0.9918952365739006,-1.4053144722377209e-07,0.0016235787988256255,-0.007954617729206215,-0.007954617729206215,0.12043217826793248,1.0041102249971474,-1.3939247309009604e-07,3.242718941306196,0.10117411058971498,0.0036904376666666654,0.001324076453719188,0.0009823838710127262,0.0005147301502943418,0.0032930326916666636,3.242246390038776,0.10326620667190152,-0.0004725512674199628,0.002092096082186537,0.002085230428820667,0.9934886821882891,1.247088234146006e-07,0.0014945413445457134,-0.004968018926279811,-0.004968018926279811,0.17659016236796804,1.003292515431857,1.2389680463142361e-07]"
/multi_agv/m2b_algorithm_state,1789558510.9973862,1789558510.9973862,m2b_algorithm_state_v1:header6+3x20,"[1.0,-0.15,0.52,3.2448460285080554,0.10125035082671811,1789558510.997274,3.2434170191257334,0.10107525251992443,0.0036904376666666654,0.001540118324790596,0.0006967214369982596,0.0005696698962522641,0.004584685874999997,3.244789295758527,0.10154135968739861,0.0013722766327934899,0.0004661071674741807,0.00046576168822075114,0.9985202091850389,7.2120328297191585e-09,0.0021811074792126134,-0.006425650595951819,-0.006425650595951819,0.14192169979902772,1.0007417511190095,7.201360529780542e-09,3.2443974988498385,0.10150166055352951,0.002796189458333334,-0.00094348279605688,0.0016671176463769477,0.000753847829626314,-0.0017884964166666626,3.2436425431120806,0.10413378080330402,-0.0007549557377579674,0.0026321202497745083,0.002621345589419979,0.9918949842294238,-1.403916836049485e-07,0.0016776509172225199,-0.00814736256226673,-0.00814736256226673,0.1204493820952215,1.0041103547727612,-1.3925380679527264e-07,3.2437108609275667,0.10117422075750827,0.0036904376666666654,0.0013234712268361802,0.0009824111820567758,0.0005149782864262175,0.0032930326916666636,3.243249067107931,0.10395110576222068,-0.0004617938196358473,0.002776885004712404,0.002764851967527703,0.9914248718505043,2.1949658525622522e-07,0.002187609692982894,-0.007778022157871241,-0.007778022157871241,0.17664365559657516,1.0043521451875272,2.1761437390927638e-07]"
/multi_agv/m2b_algorithm_state,1789558511.0071735,1789558511.0071735,m2b_algorithm_state_v1:header6+3x20,"[1.0,-0.15,0.52,3.24584200547424,0.1012503770868794,1789558511.0069916,3.2444212462630526,0.10107518700606735,0.0036904376666666654,0.0015405822016569199,0.0006966786889912584,0.0005694910602081962,0.004584685874999997,3.2458721639786408,0.10211583164056943,0.0014509177155881403,0.0010406446345020831,0.0010389300128927936,0.9967176700950824,3.594534905595642e-08,0.002852577157377969,-0.009093062000393937,-0.009093062000393937,0.14190543247975507,1.001650372583342,3.582736456180736e-08,3.245401744577511,0.10150170088755396,0.002796189458333334,-0.0009439862969015415,0.0016671482083672196,0.000754050182507543,-0.0017884964166666626,3.2443950822433383,0.10191428632620689,-0.001006662334172681,0.0004125854386529265,0.00041231619654185546,0.9986968950819416,-3.4569507480585426e-09,-0.0008460117211739958,0.0018778143765772518,0.0018778143765772518,0.12043916640846228,1.0006529991141004,-3.4524459785372617e-09,3.244715094683602,0.10117416458653303,0.0036904376666666654,0.0013237784159101673,0.0009823965468158226,0.0005148527445980712,0.0032930326916666636,3.2440680503774426,0.10165098830696617,-0.0006470443061594722,0.0004768237204331449,0.00047646268547883513,0.9984883982622955,6.4842902188041854e-09,-0.0003323426972205051,0.0022906808773511212,0.0022906808773511212,0.17661188913365125,1.0007577402497887,6.4744885544416604e-09]"
/multi_agv/m2b_algorithm_state,1789558511.0169973,1789558511.0169973,m2b_algorithm_state_v1:header6+3x20,"[1.0,-0.15,0.52,3.2468385782525555,0.10125039874650103,1789558511.0169082,3.2454172314596006,0.10107525099885731,0.0036904376666666654,0.0015401278642170708,0.0006967201702920529,0.0005696664201775611,0.004584685874999997,3.24673530148215,0.10035948026551382,0.0013180700225494668,-0.0007157707333434876,-0.0007165927384460701,1.0023030400448196,1.7021452903863626e-08,0.0009309947897407634,-0.0014351174040831637,-0.0014351174040831637,0.1419184364455303,0.9988528978058513,1.7060653991522234e-08,3.246397711614656,0.10150166083599102,0.002796189458333334,-0.0009434916105566524,0.0016671184212491141,0.0007538512473348885,-0.0017884964166666626,3.2454020503240417,0.10191428632620689,-0.000995661290614347,0.0004126254902158677,0.0004123561957643774,0.9986967684679947,-3.4558105480836273e-09,-0.0008322204175035563,0.0018292611848558659,0.0018292611848558659,0.12044733281636608,1.0006530627022374,-3.4513068268087284e-09,3.2457110733484624,0.10117421942578984,0.0036904376666666654,0.0013234774571453502,0.0009824104663400677,0.0005149759581082472,0.0032930326916666636,3.2449561853071587,0.10034732731914625,-0.0007548880413037473,-0.0008268921066435925,-0.000827988607831696,1.0026603775007157,1.9513790605540712e-08,-0.0017715986594613801,0.007965188227196766,0.007965188227196766,0.1766372827273083,0.9986757049822521,1.956570465502137e-08]"
/multi_agv/m2b_algorithm_state,1789558511.02699,1789558511.02699,m2b_algorithm_state_v1:header6+3x20,"[1.0,-0.15,0.52,3.2478389783025072,0.10125039546749161,1789558511.0269017,3.2464138113349144,0.10107530168228569,0.0036904376666666654,0.001539769998035637,0.0006967560484138595,0.000569802878363845,0.004584685874999997,3.2478256466305586,0.09955290088213488,0.0014118352956442592,-0.0015224008001508138,-0.0015261421224332364,1.0049432123855693,7.702728490674462e-08,0.0002386519971220877,0.0013788220028003266,0.0013788220028003266,0.14192933055032259,0.9975485099143601,7.740804713552241e-08,3.2473942756399024,0.1015016309313107,0.002796189458333334,-0.000943103224161261,0.0016670921620396406,0.000753696554428987,-0.0017884964166666626,3.246782383066833,0.10397499303588195,-0.0006118925730693725,0.0024733621045712473,0.0024638364983547174,0.9923699506213042,-1.2393168839651019e-07,0.0016989707820180017,-0.008147564663216726,-0.008147564663216726,0.12045417390870021,1.0038661681580294,-1.2298608349445966e-07,3.2467076477828507,0.10117426362590673,0.0036904376666666654,0.0013232369308222454,0.0009824231750941602,0.0005150736063322253,0.0032930326916666636,3.2463465256877613,0.10229006848823592,-0.00036112209508942783,0.0011158048623291922,0.0011138373892147283,0.9964883483237805,3.547692597730296e-08,0.0006624347703529435,-0.001541550274535656,-0.001541550274535656,0.17665855815773976,1.0017663916955157,3.535234337072765e-08]"
/multi_agv/m2b_algorithm_state,1789558511.0369346,1789558511.0369346,m2b_algorithm_state_v1:header6+3x20,"[1.0,-0.15,0.52,3.2488321703072263,0.10125043784811742,1789558511.0368469,3.247414210790632,0.10107529114965803,0.0036904376666666654,0.0015398469336580594,0.0006967530624613963,0.0005697710831227276,0.004584685874999997,3.24885387160591,0.10029418434818063,0.001439660815278021,-0.000781106801477402,-0.0007820862041479268,1.0025151179289877,2.026795068216484e-08,0.0010174898149495995,-0.0017115671199395173,-0.0017115671199395173,0.14192665715756006,0.9987477049648358,2.0318926968309392e-08,3.248394676173162,0.10150163966833148,0.002796189458333334,-0.000943188126617494,0.0016670936119638213,0.000753732602519569,-0.0017884964166666626,3.2478177952644574,0.10397499303588195,-0.0005768809087047799,0.0024733533675504737,0.0024638278291370798,0.9923699777261892,-1.239419655285024e-07,0.0017427266932561049,-0.008304309547347552,-0.008304309547347552,0.12045249512921227,1.0038661542420886,-1.2299628557086003e-07,3.2477080479437284,0.10117425558448535,0.0036904376666666654,0.0013232833681793843,0.0009824229514103335,0.0005150535939312077,0.0032930326916666636,3.2475247766329565,0.1040434529297427,-0.00018327131077189307,0.0028691973452573405,0.002856359994513974,0.9911491831611177,2.342829645046458e-07,0.0026272708560491076,-0.00939924855520404,-0.00939924855520404,0.17665333697720656,1.0044943042081609,2.3220936889734482e-07]"
/multi_agv/m2b_algorithm_state,1789558511.0471992,1789558511.0471992,m2b_algorithm_state_v1:header6+3x20,"[1.0,-0.15,0.52,3.249837488334844,0.10125040191337344,1789558511.0470824,3.2484074166275843,0.10107538981586148,0.0036904376666666654,0.0015391512805364,0.0006968232847304628,0.0005700360938778177,0.004584685874999997,3.249934807445412,0.10099999722876697,0.0015273908178277118,-7.539258709450547e-05,-7.54016628733833e-05,1.0002408290551428,1.88641285695718e-10,0.0018338368594112565,-0.004935307272189908,-0.004935307272189908,0.14194954045406286,0.9998796342344192,1.8868671599831303e-10,3.2493878510703307,0.10150158203870846,0.002796189458333334,-0.0009424343707853328,0.0016670422893132475,0.0007534325717731272,-0.0017884964166666626,3.248699895488815,0.102774971470044,-0.0006879555815157978,0.0012733894313355365,0.0012708414161284537,0.9960174064066635,-3.285530637629588e-08,0.00041089693923370644,-0.002982896428872292,-0.002982896428872292,0.12046686415652913,1.00200498282063,-3.272445704361453e-08,3.248701243223764,0.10117434168978232,0.0036904376666666654,0.001322815689063971,0.0009824480707669725,0.0005152432485690281,0.0032930326916666636,3.2483592011705205,0.10184478501298311,-0.00034204205324339654,0.0006704433232007923,0.0006697306008333478,0.997879271199552,1.2808389332424694e-08,0.00024217803427910214,0.0001586964302043802,0.0001586964302043802,0.17669803131611903,1.0010641926269421,1.278122621228007e-08]"
/multi_agv/m2b_algorithm_state,1789558511.057166,1789558511.057166,m2b_algorithm_state_v1:header6+3x20,"[1.0,-0.15,0.52,3.250837376559698,0.10125040187007245,1789558511.057057,3.2494127240527764,0.10107529840654944,0.0036904376666666654,0.0015398035021706256,0.0006967698564197093,0.0005697811735727143,0.004584685874999997,3.250843740215194,0.10020891561260477,0.0014310161624178086,-0.0008663827939446728,-0.0008675884942353266,1.0027923899125588,2.4935715737681375e-08,0.0009211817087869342,-0.0013315023629148965,-0.0013315023629148965,0.14192942892296456,0.9986102855228429,2.500534597876971e-08,3.2503931815339264,0.10150164248954505,0.002796189458333334,-0.0009431462223756628,0.0016670795972464347,0.0007537217285148168,-0.0017884964166666626,3.2497096302926414,0.102774971470044,-0.000683551241285052,0.00127332898049895,0.0012707812081362052,0.996017596009694,-3.2876993714290316e-08,0.0004163421565298903,-0.0030029971066852152,-0.0030029971066852152,0.12045423568800664,1.0020048867156932,-3.274606424333326e-08,3.24970655941783,0.10117426484402584,0.0036904376666666654,0.001323240888381904,0.0009824313224797042,0.0005150676530786937,0.0032930326916666636,3.2492055611265793,0.10014403228885062,-0.0005009982912507205,-0.0010302325551752173,-0.0010319372554791436,1.0033222111768814,3.028985790293609e-08,-0.0016581851195425442,0.007650161575208304,0.007650161575208304,0.1766587503073113,0.9983480581838914,3.039048720740737e-08]"
/multi_agv/m2b_algorithm_state,1789558511.0671358,1789558511.0671358,m2b_algorithm_state_v1:header6+3x20,"[1.0,-0.15,0.52,3.2518373392953195,0.10125040137229864,1789558511.0670147,3.2504126125617385,0.1010752959503604,0.0036904376666666654,0.0015398233456619449,0.0006967715163094463,0.0005697717088703701,0.004584685874999997,3.251750186672001,0.09887207960497135,0.0013375741102623628,-0.0022032163453890447,-0.002211092376375826,1.0072088355998186,1.6140360876146117e-07,-0.0005391247385478724,0.0044226825842317505,0.0044226825842317505,0.14192856998769693,0.9964379457543557,1.6256714084223997e-07,3.2513930691975506,0.101501646121266,0.002796189458333334,-0.0009431696365884983,0.0016670779135572467,0.000753732753580677,-0.0017884964166666626,3.2506830727237115,0.10360367991073535,-0.0007099964738390696,0.002102033789469354,0.0020951341947638745,0.9934877939972524,-8.954411691919263e-08,0.0012076386024650375,-0.006213616706337835,-0.006213616706337835,0.12045369631004867,1.0032931516858077,-8.896098718348073e-08,3.2507064479198053,0.10117426353859092,0.0036904376666666654,0.0013232504873887676,0.000982432676525381,0.0005150627879934402,0.0032930326916666636,3.2504308631987073,0.10246624685381128,-0.00027558472109801,0.0012919833152203603,0.001289349007671271,0.9959420319926249,4.7558939528015854e-08,0.0009448681062987584,-0.0026300579375265203,-0.0026300579375265203,0.17665707280011952,1.0020431299310086,4.7365946872946476e-08]"
/multi_agv/m2b_algorithm_state,1789558511.0772166,1789558511.0772166,m2b_algorithm_state_v1:header6+3x20,"[1.0,-0.15,0.52,3.2528375334491115,0.10125039943551402,1789558511.0770724,3.2514125753972234,0.10107529255719969,0.0036904376666666654,0.001539849744789342,0.000696772276117485,0.0005697598707472245,0.004584685874999997,3.2526878075989987,0.09883571637601264,0.0012752322017752782,-0.0022395761811870446,-0.002247716541610727,1.0073307993678442,1.6678174380967245e-07,-0.0006536762893916293,0.00484194099059408,0.00484194099059408,0.14192744692916517,0.9963783865656614,1.6800438731176035e-07,3.252393031609784,0.10150165020827441,0.002796189458333334,-0.0009432002034678311,0.0016670769433946298,0.0007537465079272831,-0.0017884964166666626,3.251718949869548,0.10360367991073535,-0.0006740817402364208,0.002102029702460942,0.002095130134756368,0.99348780671942,-8.954666931424755e-08,0.0012525279594608422,-0.00637416616732396,-0.00637416616732396,0.12045299107306259,1.0032931451799179,-8.896352409604099e-08,3.2517064108789504,0.10117426135142185,0.0036904376666666654,0.0013232648049010692,0.0009824336858093039,0.000515056056949373,0.0032930326916666636,3.251646846221564,0.10455561569929762,-5.9564657386435016e-05,0.003381354347875773,0.003363594289997197,0.9896304334777327,3.252559322780869e-07,0.003289138468264153,-0.012027442686554968,-0.012027442686554968,0.17665487941209967,1.0052800832524278,3.218831692515672e-07]"
/multi_agv/m2b_algorithm_state,1789558511.09076,1789558511.09076,m2b_algorithm_state_v1:header6+3x20,"[1.0,-0.15,0.52,3.253837893972909,0.10125039651731636,1789558511.0872664,3.252412769151306,0.10107528591349106,0.0036904376666666654,0.0015398990207579327,0.0006967705303975611,0.0005697394197087144,0.004584685874999997,3.2537044617422737,0.099149829826128,0.0012916925909678412,-0.0019254560873630672,-0.0019314588694498256,1.0062803663203426,1.2325584577577137e-07,-0.0003168431307400241,0.0035178135429582468,0.0035178135429582468,0.1419255034888674,0.996892099447881,1.2402993763836687e-07,3.2533932260663616,0.10150165611812717,0.002796189458333334,-0.0009432555997981439,0.0016670778517502427,0.0007537700478394277,-0.0017884964166666626,3.252568218666923,0.10311970759364499,-0.0008250073994386931,0.001618051475517815,0.0016139482371294533,0.9949593523507474,-5.308071473851955e-08,0.0005826889878310869,-0.0037552311598383838,-0.0037552311598383838,0.12045177068286238,1.0025423605875117,-5.2813153558552184e-08,3.252706605129667,0.10117425627492385,0.0036904376666666654,0.0013232947573564445,0.0009824337802219587,0.0005150430246434134,0.0032930326916666636,3.252511808108499,0.10293509466037991,-0.00019479702116820263,0.0017608383854560566,0.0017559625598716985,0.9944989051798795,8.831260496923804e-08,0.0015124662834114452,-0.004875887702174959,-0.004875887702174959,0.17665108396790197,1.0027767252535922,8.782678895549042e-08]"
/multi_agv/m2b_algorithm_state,1789558511.097295,1789558511.097295,m2b_algorithm_state_v1:header6+3x20,"[1.0,-0.15,0.52,3.254837175751348,0.1012504005610065,1789558511.0971305,3.25341312890786,0.10107527722366152,0.0036904376666666654,0.0015399625307156721,0.0006967669365259604,0.000569713760138285,0.004584685874999997,3.254794887862405,0.09968355248521871,0.0013817589545448428,-0.0013917247384428177,-0.0013948482735691276,1.0045122601547967,6.437382361251645e-08,0.00033235041961192585,0.000989409642588705,0.000989409642588705,0.14192297035413431,0.9977606631592142,6.466429505181512e-08,3.254393587368125,0.10150166301741975,0.002796189458333334,-0.0009433263470169755,0.0016670801856482065,0.0007537995003101955,-0.0017884964166666626,3.2535997716089704,0.10311970759364499,-0.0007938157591547146,0.0016180445762252332,0.0016139413729999918,0.9949593739221984,-5.308424186077558e-08,0.0006216716740565986,-0.0038944680397227684,-0.0038944680397227684,0.12045017997341269,1.0025423496131178,-5.281666404693183e-08,3.253706965642742,0.10117424931086778,0.0036904376666666654,0.001323334754205035,0.0009824331502484183,0.0005150260152770947,0.0032930326916666636,3.253219469633731,0.10158058216092,-0.0004874960090108793,0.0004063328500522184,0.0004060705318057264,0.9987108346289933,4.7074600818720604e-09,-0.00020329947945787276,0.0018629941964731418,0.0018629941964731418,0.17664613691175376,1.0006459918313342,4.701391387349115e-09]"
/multi_agv/m2b_algorithm_state,1789558511.1074946,1789558511.1074946,m2b_algorithm_state_v1:header6+3x20,"[1.0,-0.15,0.52,3.255839913157121,0.10125038247247321,1789558511.1073213,3.2544124120705957,0.10107528547317045,0.0036904376666666654,0.0015399059312622165,0.0006967742622498991,0.0005697344831972899,0.004584685874999997,3.2557892724054747,0.09924501778065306,0.0013768603348789377,-0.0018302676925173872,-0.0018356877432755645,1.0059634933535868,1.1136376156093163e-07,-0.0001146123246768924,0.002762725120077968,0.002762725120077968,0.14192426128584598,0.9970474004753631,1.1202787861283068e-07,3.2553928673274823,0.10150165936900359,0.002796189458333334,-0.0009432665613774665,0.0016670747284033283,0.0007537764239912564,-0.0017884964166666626,3.254639846615997,0.10349673409001606,-0.0007530207114854193,0.0019950747210124714,0.001988854358079255,0.993811583049595,-8.06779770726142e-08,0.001047578468722481,-0.0055912584170985085,-0.0055912584170985085,0.1204509906216235,1.0031276110832088,-8.017870811177365e-08,3.2547062478559656,0.10117425684084547,0.0036904376666666654,0.0013232953264239121,0.0009824362131007243,0.000515041512531446,0.0032930326916666636,3.254450022694518,0.10389856587167891,-0.00025622516144752083,0.002724309030833441,0.0027127227111860353,0.9915821621901294,2.1124390944371958e-07,0.0023924412593766342,-0.00848677393741422,-0.00848677393741422,0.17664865797305895,1.0042711035667704,2.0946569247569937e-07]"
/multi_agv/m2b_algorithm_state,1789558511.1176436,1789558511.1176436,m2b_algorithm_state_v1:header6+3x20,"[1.0,-0.15,0.52,3.256843177121123,0.1012503616043665,1789558511.1174822,3.255415143850867,0.1010752407497951,0.0036904376666666654,0.0015402242462836217,0.0006967460713225287,0.0005696111703319905,0.004584685874999997,3.256715347668326,0.09868733379156616,0.0013002038174589892,-0.002387906958228936,-0.002397171664666731,1.0078293745660636,1.8967049105608566e-07,-0.0007719168928429945,0.00532289358272608,0.00532289358272608,0.14191330310324793,0.9961351510305444,1.9115549237469297e-07,3.256395611457728,0.10150168797497322,0.002796189458333334,-0.0009436139409523172,0.0016670949018218195,0.0007539165075000215,-0.0017884964166666626,3.255901391496401,0.10324067166547626,-0.000494219961327147,0.0017389836905030431,0.001734248540090424,0.9945901070418759,-6.132951020211625e-08,0.0011164735884314904,-0.005717843628513622,-0.005717843628513622,0.12044410917254687,1.0027303758966246,-6.099772411674862e-08,3.255708984162767,0.10117421869265132,0.0036904376666666654,0.0013235054428579977,0.0009824270103017787,0.0005149552221864356,0.0032930326916666636,3.2556818786926462,0.10600231511749313,-2.71054701208584e-05,0.004828096424841805,0.004792284549786638,0.9854385488552982,6.624953266128583e-07,0.004758402712135565,-0.018052713232213365,-0.018052713232213365,0.17662725824643724,1.0074728190037798,6.528484332807919e-07]"
/multi_agv/m2b_algorithm_state,1789558511.1274402,1789558511.1274402,m2b_algorithm_state_v1:header6+3x20,"[1.0,-0.15,0.52,3.2578376811463836,0.10125039696057064,1789558511.1272652,3.2564184010676582,0.10107519107900312,0.0036904376666666654,0.0015405758921166759,0.0006967120965177816,0.0005694764184078018,0.004584685874999997,3.2579794145428296,0.09841397508345093,0.0015610134751713467,-0.002661215995552191,-0.0026727465448797773,1.0087523143674841,2.356688241195011e-07,-0.0007214797009155939,0.005264059160777794,0.005264059160777794,0.141900480650259,0.9956858799987316,2.377314717548103e-07,3.2573988836659655,0.10150171807761917,0.002796189458333334,-0.0009439963875637596,0.0016671196345274808,0.0007540694197580161,-0.0017884964166666626,3.2569071499901656,0.1032171330704971,-0.0004917336757999102,0.001715414992877931,0.0017108065014833451,0.9946619913762799,-5.970357273398732e-08,0.0010961394067334573,-0.005634569144909295,-0.005634569144909295,0.12043605659082623,1.0026937537299456,-5.9384874547866394e-08,3.2567122466297453,0.1011741756564772,0.0036904376666666654,0.0013237405506049114,0.0009824152727277331,0.0005148594175474691,0.0032930326916666636,3.256617108350875,0.10398870295806982,-9.513827887053239e-05,0.002814527301592623,0.0028021693517379645,0.9913123748258784,2.2552722957596773e-07,0.002683246503149799,-0.00957267616042351,-0.00957267616042351,0.17660222003875337,1.0044101366846347,2.2356793353885364e-07]"
/multi_agv/m2b_algorithm_state,1789558511.1374211,1789558511.1374211,m2b_algorithm_state_v1:header6+3x20,"[1.0,-0.15,0.52,3.2588436721773335,0.10125035812004803,1789558511.1373332,3.25741291598133,0.10107527709802003,0.0036904376666666654,0.0015399661304601217,0.0006967674496249465,0.0005697119329215401,0.004584685874999997,3.2590009926149817,0.0988489723570392,0.0015880766336517915,-0.0022263047409808306,-0.0022343481082978873,1.00728627251005,1.6482197086318392e-07,-0.0002492523162331479,0.0034121240893915214,0.0034121240893915214,0.14191870458736358,0.9964001279446182,1.660229086585366e-07,3.2583933745433935,0.10150166457290505,0.002796189458333334,-0.0009433340511383254,0.0016670801910301236,0.0007538028370032146,-0.0017884964166666626,3.257934936657058,0.1032171330704971,-0.00045843788633570526,0.0017154684975920487,0.0017108597172183888,0.9946618242363178,-5.96654169378901e-08,0.0011378123592987572,-0.005782755150586473,-0.005782755150586473,0.12044750119536261,1.0026938388503022,-5.934691245526225e-08,3.257706752914427,0.10117424921078685,0.0036904376666666654,0.001323337612652346,0.0009824340368324693,0.0005150243151067187,0.0032930326916666636,3.2574823459326088,0.10210648059989616,-0.00022440698181824814,0.0009322313891093059,0.0009308561329507752,0.9970599521116525,2.476895202469977e-08,0.000650347405677965,-0.001413740302686995,-0.001413740302686995,0.176637806324668,1.0014774099990846,2.4696130119602975e-08]"
/multi_agv/m2b_algorithm_state,1789558511.1473994,1789558511.1473994,m2b_algorithm_state_v1:header6+3x20,"[1.0,-0.15,0.52,3.2598425725348714,0.10125036582079533,1789558511.1472392,3.258418894758186,0.10107518326739791,0.0036904376666666654,0.0015406313433912787,0.0006967055946324407,0.0005694557645263218,0.004584685874999997,3.2600319065105374,0.09949308726811407,0.001613011752351401,-0.0015820959992838418,-0.0015861383012408781,1.005140506141108,8.323630981313636e-08,0.00043012638919837304,0.0007305832025352386,0.0007305832025352386,0.1418962170734749,0.9974514820341492,8.366418657489395e-08,3.259399380430367,0.10150172254995446,0.002796189458333334,-0.0009440576048775941,0.001667124759100247,0.0007540932897193153,-0.0017884964166666626,3.258950339653425,0.10309517814405963,-0.00044904077694196687,0.0015934555941051753,0.0015894754134546244,0.9950345832384672,-5.152391002520506e-08,0.0010281744422771658,-0.005334942908217683,-0.005334942908217683,0.12043337893744434,1.0025040844399726,-5.12680723387462e-08,3.2587127413434476,0.1011741685427917,0.0036904376666666654,0.0013237793749228803,0.0009824130094745701,0.0005148437659668638,0.0032930326916666636,3.2586062317473856,0.10353544954348823,-0.00010650959606195443,0.002361281000696533,0.0023525527703911484,0.9926734810307334,1.587977897436855e-07,0.0022194157753137054,-0.007690511507143958,-0.007690511507143958,0.17659389522218571,1.0037101103172845,1.5763435472485078e-07]"
/multi_agv/m2b_algorithm_state,1789558511.1573977,1789558511.1573977,m2b_algorithm_state_v1:header6+3x20,"[1.0,-0.15,0.52,3.2608393477022193,0.10125038671306519,1789558511.1572661,3.259417797183186,0.10107520371062564,0.0036904376666666654,0.001540484981938795,0.0006967161631744817,0.0005695137089136906,0.004584685874999997,3.2608604463351982,0.09929715257856839,0.0014426491520120877,-0.0017780511320572567,-0.0017831643270125224,1.0057899601198008,1.0513599714502743e-07,2.0147113002587196e-05,0.002264832270777081,0.002264832270777081,0.14189885912362168,0.9971325161243931,1.0574473037565264e-07,3.2603982784472048,0.10150170839714905,0.002796189458333334,-0.0009438979305252827,0.0016671177370004564,0.0007540277290611214,-0.0017884964166666626,3.2599800976957978,0.10309517814405963,-0.0004181807514069824,0.001593469746910589,0.0015894894952165574,0.9950345389781483,-5.1516113360635165e-08,0.0010667635559578293,-0.005472542520193769,-0.005472542520193769,0.1204350382111606,1.002504106951326,-5.126031210774564e-08,3.259711641974223,0.10117418535461133,0.0036904376666666654,0.0013236857306369236,0.0009824160930361325,0.0005148827531481848,0.0032930326916666636,3.2597595816736393,0.10482673822219545,4.793969941641052e-05,0.003652552867584119,0.0036318724143616647,0.9888336092500236,3.7956336090896774e-07,0.003691797038632178,-0.013609788216044156,-0.013609788216044156,0.17659905388016217,1.0056941574105622,3.753250081066839e-07]"
/multi_agv/m2b_algorithm_state,1789558511.1673932,1789558511.1673932,m2b_algorithm_state_v1:header6+3x20,"[1.0,-0.15,0.52,3.2618436940921742,0.10125035874725659,1789558511.1672277,3.260414578740421,0.10107525477740234,0.0036904376666666654,0.0015401227725971777,0.0006967486725151237,0.0005696538019311802,0.004584685874999997,3.2618241367374305,0.09890337275608828,0.0014095579970097027,-0.0021718820213140616,-0.002179533818205707,1.0071038120595976,1.5687254478660246e-07,-0.00041758632194357874,0.0039812291445466,0.0039812291445466,0.1419090328800812,0.9964892506701524,1.579869378620773e-07,3.261395045922551,0.10150167642680405,0.002796189458333334,-0.0009435043784723892,0.0016670946609953496,0.0007538691412166121,-0.0017884964166666626,3.2607834135025566,0.10230480029222135,-0.0006116324199942902,0.0008031238654172962,0.0008021066939711238,0.997474679191819,-1.3088440980800686e-08,3.7566168978261016e-05,-0.0014395477418964354,-0.0014395477418964354,0.12044142748086906,1.0012681248689455,-1.305538846844522e-08,3.2607084184436856,0.10117422893498915,0.0036904376666666654,0.001323446760798418,0.0009824270420857543,0.0005149806419974842,0.0032930326916666636,3.2604411938327416,0.10254733857981412,-0.00026722461094408345,0.0013731096448249686,0.0013701359504814253,0.9956912068785426,5.372390676544233e-08,0.001036105186801321,-0.0029930774755593066,-0.0029930774755593066,0.17661891958877454,1.0021703644390167,5.349242156551357e-08]"
/multi_agv/m2b_algorithm_state,1789558511.1772501,1789558511.1772501,m2b_algorithm_state_v1:header6+3x20,"[1.0,-0.15,0.52,3.2628377581823216,0.1012503969334932,1789558511.1771364,3.261418916255199,0.10107518761559772,0.0036904376666666654,0.0015405984928675053,0.0006967038522817321,0.0005694709101270313,0.004584685874999997,3.2628569093403113,0.09936756548377026,0.0014379930851120548,-0.0017076221318274576,-0.001712335780211601,1.005556212026085,9.697461075693021e-08,8.515557617846752e-05,0.002004240082606351,0.002004240082606351,0.14189237572127453,0.9972472406179815,9.751342225544277e-08,3.26239940311027,0.1015017175630447,0.002796189458333334,-0.000944021504037015,0.0016671270542873984,0.0007540764473643186,-0.0017884964166666626,3.261800094361623,0.10230480029222135,-0.0005993087486468873,0.0008030827291766462,0.0008020656621791911,0.9974748087708112,-1.3094271064825938e-08,5.292972637058191e-05,-0.001494740564953591,-0.001494740564953591,0.12043096642351846,1.0012680595185834,-1.3061205526380419e-08,3.261712762911053,0.10117417106312736,0.0036904376666666654,0.0013237632539479498,0.0009824116725946751,0.0005148514491391458,0.0032930326916666636,3.2613698491124694,0.1015582098443094,-0.0003429137985837549,0.00038403878118203894,0.0003838044184815251,0.9987812568817712,4.2064969882974046e-09,-4.483782974816855e-05,0.0013101211739392183,0.0013101211739392183,0.17658639492394018,1.000610630543132,4.201370349041067e-09]"
/multi_agv/m2b_algorithm_state,1789558511.1871948,1789558511.1871948,m2b_algorithm_state_v1:header6+3x20,"[1.0,-0.15,0.52,3.2638424175596406,0.10125036662426845,1789558511.1870737,3.262412992167229,0.10107528043378623,0.0036904376666666654,0.001539940404512696,0.0006967638570240624,0.0005697249527162217,0.004584685874999997,3.2638761457549736,0.09951015037142986,0.0014631535877445145,-0.001565130062356368,-0.0015690856215474802,1.0050844023208063,8.142317847619356e-08,0.000259856363133163,0.0013233025446355653,0.0013233025446355653,0.14191215678240424,0.9974790673390972,8.183716667380534e-08,3.2633934529213287,0.10150165984265241,0.002796189458333334,-0.0009433063318976349,0.0016670842170216638,0.0007537887274775834,-0.0017884964166666626,3.262632761829934,0.10204829054268638,-0.0007606910913948717,0.0005466307000339676,0.0005461585694820914,0.9982761594667942,-6.06316314332319e-09,-0.0004047052947614982,0.00024975623204033905,0.00024975623204033905,0.12044338928598892,1.0008644569146354,-6.05271121693729e-09,3.2627068294584065,0.10117425052404101,0.0036904376666666654,0.0013233278803017482,0.000982431997927624,0.0005150295942190765,0.0032930326916666636,3.2624520678509685,0.10220625788288076,-0.00025476160743798104,0.001032007358839751,0.0010303232366264887,0.9967489746978768,3.0352277907985284e-08,0.0007118712273290124,-0.001678939865565201,-0.001678939865565201,0.17662501976878553,1.0016345571500227,3.025360188452935e-08]"
/multi_agv/m2b_algorithm_state,1789558511.1973271,1789558511.1973271,m2b_algorithm_state_v1:header6+3x20,"[1.0,-0.15,0.52,3.2648376678893243,0.10125039709871834,1789558511.197188,3.263417642070137,0.10107520672833296,0.0036904376666666654,0.001540463310900336,0.0006967160373224422,0.0005695231678644663,0.004584685874999997,3.2646034825657297,0.09946873457659258,0.0011858404955926716,-0.0016064721517403818,-0.0016106407408526795,1.0052211404020468,8.581303444689006e-08,-0.00012834012136184007,0.0027125117879056686,0.0027125117879056686,0.14189438983462951,0.9974118442390257,8.626107634806296e-08,3.2643981237443556,0.10150170577944959,0.002796189458333334,-0.000943875233287257,0.001667118554146363,0.0007540174655434051,-0.0017884964166666626,3.263650201757385,0.10204829054268638,-0.000747921986970379,0.0005465847632367959,0.0005461127121640293,0.9982763045075592,-6.065799096125138e-09,-0.0003887897715489445,0.00019259915429375172,0.00019259915429375172,0.12043223135903412,1.000864383967361,-6.0553435055650956e-09,3.2637114868644277,0.1011741873650228,0.0036904376666666654,0.0013236741567031786,0.0009824158773262598,0.0005148878821899052,0.0032930326916666636,3.263328536623928,0.10277797130305269,-0.00038295024049972426,0.0016037839380298874,0.0015997342786221041,0.9949805719869871,7.329093114000849e-08,0.0011210464779974488,-0.003403816137820371,-0.003403816137820371,0.17659032745340958,1.0025314575438562,7.292305258714453e-08]"
/multi_agv/m2b_algorithm_state,1789558511.2074087,1789558511.2074087,m2b_algorithm_state_v1:header6+3x20,"[1.0,-0.15,0.52,3.265849527889401,0.101250320253364,1789558511.2073002,3.264412901870407,0.10107528048641887,0.0036904376666666654,0.0015399406862860458,0.0006967641544386889,0.000569724675882263,0.004584685874999997,3.265571302693387,0.09909122097780466,0.0011584008229799103,-0.0019840595086142027,-0.00199043606696959,1.0064757851442456,1.3088153423630414e-07,-0.0005424350382447021,0.004338765339388585,0.004338765339388585,0.14190996706889097,0.9967964013206937,1.3172909493136767e-07,3.2653933626074254,0.10150166019150818,0.002796189458333334,-0.0009433075275236901,0.001667084154304277,0.0007537892783695127,-0.0017884964166666626,3.2644843404117383,0.10114012067758385,-0.0009090221956871147,-0.0003615395139243277,-0.00036174747101048527,1.0011519717085093,-2.6539962585898353e-09,-0.0014980252156193787,0.0045303829561228175,0.0045303829561228175,0.12044201415258879,0.9994251318866814,-2.6570535871942204e-09,3.2647067391901397,0.10117425061822798,0.0036904376666666654,0.0013233279089731767,0.0009824322820349623,0.0005150294340152662,0.0032930326916666636,3.26428211854263,0.1019659097835687,-0.00042462064750958817,0.0007916591653407273,0.0007906663354941136,0.9974992899353073,1.7863947310681117e-08,0.0002598905261071284,4.0984254901375384e-05,4.0984254901375384e-05,0.17662074380762666,1.0012556875157625,1.781927475784616e-08]"
/multi_agv/m2b_algorithm_state,1789558511.2174642,1789558511.2174642,m2b_algorithm_state_v1:header6+3x20,"[1.0,-0.15,0.52,3.266840578589561,0.1012503785201106,1789558511.217354,3.2654247375989054,0.10107509598077924,0.0036904376666666654,0.001541247114540417,0.0006966412705428301,0.0005692223113622076,0.004584685874999997,3.266536512115993,0.09895419348713122,0.0011117745170876603,-0.002120902493648019,-0.00212819650950254,1.0069331073703947,1.496988578372122e-07,-0.0007384783631429648,0.0050904687515844075,0.0050904687515844075,0.14191082437650304,0.9965726774656605,1.5073673609182303e-07,3.2664052521389535,0.10150177305684711,0.002796189458333334,-0.0009447268238773621,0.001667172748657464,0.0007543584104493101,-0.0017884964166666626,3.2654895392006136,0.10114012067758385,-0.0009157129383399187,-0.00036165237926326366,-0.00036186046606936516,1.0011523310461112,-2.6596480842818208e-09,-0.0015065016389942637,0.0045590649902543185,0.0045590649902543185,0.12044258783703522,0.9994249529152444,-2.662712879341069e-09,3.265718593930344,0.10117409172246568,0.0036904376666666654,0.0013241965624128066,0.000982390041209081,0.0005146748785704032,0.0032930326916666636,3.265260138087653,0.10159991037322877,-0.00045845584269121886,0.00042581865076309067,0.00042553061202185884,0.9986493083713971,5.17307971724419e-09,-0.00014753919134216474,0.001656866361664733,0.001656866361664733,0.17662253194566108,1.0006768931143712,5.166092481776013e-09]"
/multi_agv/m2b_algorithm_state,1789558511.2274034,1789558511.2274034,m2b_algorithm_state_v1:header6+3x20,"[1.0,-0.15,0.52,3.267849832875689,0.10125031915596167,1789558511.227233,3.266415806063659,0.10107523992606181,0.0036904376666666654,0.0015402240782392985,0.0006967311727026802,0.0005696189926119418,0.004584685874999997,3.267760561237478,0.09841213385111675,0.0013447551738186014,-0.0026631060749450625,-0.0026746531653432273,1.0087587106383296,2.3595004422893098e-07,-0.0009937091980699755,0.006221616431256235,0.006221616431256235,0.14189714240714732,0.9956827709297841,2.3801666239143325e-07,3.2673962815917967,0.10150168146472566,0.002796189458333334,-0.0009436131640931629,0.001667109006705747,0.0007539088338451849,-0.0017884964166666626,3.266986289558422,0.10276548020785413,-0.0004099920333748841,0.001263798743128472,0.0012612887853782305,0.9960469743068713,-3.240295185594404e-08,0.0007487987436596254,-0.004184529372980795,-0.004184529372980795,0.12043396007729251,1.00198999450351,-3.2274862154724284e-08,3.2667096481132285,0.10117421416954432,0.0036904376666666654,0.0013235232234467278,0.0009824197146293791,0.0005149513098084806,0.0032930326916666636,3.266568962922112,0.10177567467099227,-0.00014068519111631872,0.0006014605014479507,0.000600886599187413,0.9980959804344071,1.0314270521144807e-08,0.00042503011029201463,-0.0004597212752322532,-0.0004597212752322532,0.1765957019076725,1.0009550924605637,1.0294631948267728e-08]"
/multi_agv/m2b_algorithm_state,1789558511.2372096,1789558511.2372096,m2b_algorithm_state_v1:header6+3x20,"[1.0,-0.15,0.52,3.2688420538191667,0.10125037010540583,1789558511.237097,3.267425041482303,0.10107509844645214,0.0036904376666666654,0.0015412246777689056,0.0006966355253760878,0.0005692350250759148,0.004584685874999997,3.2687091079501878,0.0982373696406766,0.0012840664678845926,-0.002837728805775541,-0.0028508571005125623,1.0093513505406357,2.681121744198485e-07,-0.0012457740156568216,0.00718308133163457,0.00718308133163457,0.1419144103860135,0.9953949656983296,2.7061938534706054e-07,3.268405558930488,0.10150176703921895,0.002796189458333334,-0.0009446992702115296,0.0016671781643968764,0.0007543436497718659,-0.0017884964166666626,3.26801465693634,0.10276548020785413,-0.00039090199414815174,0.001263713168635175,0.001261203552078367,0.9960472427329814,-3.243584420141567e-08,0.0007725760593931773,-0.004270358275717288,-0.004270358275717288,0.1204448455757628,1.0019898584591458,-3.230763318253664e-08,3.267718898214276,0.1011740919822139,0.0036904376666666654,0.0013241900372454427,0.0009823864785895925,0.0005146795600433872,0.0032930326916666636,3.267604779649105,0.10197719714338913,-0.00011411856517140606,0.0008031051611752243,0.0008020835009741814,0.997463458794587,1.8396083129361884e-08,0.0006594352945099238,-0.0013857668161741023,-0.0013857668161741023,0.17662955319167073,1.0012737579065047,1.8349420706486053e-08]"
/multi_agv/m2b_algorithm_state,1789558511.2472174,1789558511.2472174,m2b_algorithm_state_v1:header6+3x20,"[1.0,-0.15,0.52,3.2698446192629795,0.10125035399461252,1789558511.247116,3.268417277937624,0.10107522476392639,0.0036904376666666654,0.0015403263230768386,0.0006967139136226483,0.0005695836509707201,0.004584685874999997,3.269751813901207,0.09894543308129351,0.0013345359635832388,-0.0021297916826328728,-0.0021371474477284358,1.0069628495538305,1.5086694418699455e-07,-0.0004689774932493873,0.004144030240838673,0.004144030240838673,0.14188940603872635,0.9965581386986746,1.5191740802201472e-07,3.2693977613633023,0.10150168623095142,0.002796189458333334,-0.0009437207400475067,0.0016671226324076471,0.0007539483766367816,-0.0017884964166666626,3.268794661815043,0.10104460531279287,-0.0006030995482593227,-0.0004570809181585478,-0.0004574135488142122,1.0014579737580078,-4.244180364615219e-09,-0.0012112879841383655,0.003554778894878119,0.003554778894878119,0.12042910132681318,0.9992728010428927,-4.25036826821108e-09,3.268711122156573,0.10117419932133967,0.0036904376666666654,0.0013235992078780268,0.0009824121751460307,0.0005149222951896602,0.0032930326916666636,3.268529884322021,0.10151092207894782,-0.00018123783455203935,0.0003367227576081544,0.0003365425228599325,0.9989308400290347,3.23352382788022e-09,0.00010999522966988331,0.0007809603776442761,0.0007809603776442761,0.17658059683756228,1.000535548217474,3.230066673638288e-09]"
/multi_agv/m2b_algorithm_state,1789558511.2571564,1789558511.2571564,m2b_algorithm_state_v1:header6+3x20,"[1.0,-0.15,0.52,3.270837116474668,0.10125040207767905,1789558511.2570386,3.2694198382507795,0.10107518671125953,0.0036904376666666654,0.0015405949169794717,0.0006966878264012869,0.0005694807958924823,0.004584685874999997,3.270520093520469,0.09856654078425524,0.0011002552696894874,-0.0025086459270042966,-0.002518880513102473,1.008236416564844,2.0940290894796028e-07,-0.0011435614259906138,0.006682846623520312,0.006682846623520312,0.14189846392122196,0.9959368512936843,2.111276385359458e-07,3.270400333110447,0.10150170888785907,0.002796189458333334,-0.0009440117423912889,0.0016671415424016622,0.0007540646797396938,-0.0017884964166666626,3.269684298293324,0.1017221825183263,-0.0007160348171231234,0.00022047363046723278,0.00022039663576895618,0.9993021353238277,-9.873005005053607e-10,-0.0006746468856349481,0.0013535645000042457,0.0013535645000042457,0.12043480551359666,1.0003493460687727,-9.866114983612907e-10,3.269713686427713,0.10117416638471892,0.0036904376666666654,0.0013237784551574697,0.000982402971770169,0.0005148493856946472,0.0032930326916666636,3.2695995554768995,0.10210148341350131,-0.00011413095081369562,0.0009273170287823901,0.0009259561818683009,0.9970752840767424,2.4516756527282895e-08,0.0007832924933511814,-0.0018845313420738224,-0.0018845313420738224,0.1765983322545279,1.001469666643775,2.444505197908092e-08]"
/multi_agv/m2b_algorithm_state,1789558511.2672172,1789558511.2672172,m2b_algorithm_state_v1:header6+3x20,"[1.0,-0.15,0.52,3.27184232721994,0.10125036798521235,1789558511.2670617,3.2704123505566476,0.10107530289514606,0.0036904376666666654,0.0015397714037483192,0.0006967642357611048,0.0005697980104611862,0.004584685874999997,3.2714763745415336,0.09813039096216836,0.0010640239848860311,-0.0029449119329777035,-0.0029590620428359728,1.0097162039395309,2.884957340857345e-07,-0.0016290320617284339,0.008573184250221844,0.008573184250221844,0.14190439250763437,0.9952180421858584,2.9129881747379616e-07,3.271392812029015,0.1015016371281745,0.002796189458333334,-0.0009431164583995925,0.0016670866630414949,0.0007537051514863585,-0.0017884964166666626,3.2708219018170652,0.10280643148557966,-0.0005709102119499931,0.001304794357405159,0.0013021197516355392,0.995920652051702,-3.4520047149140703e-08,0.0005884819866980478,-0.0036312835741192234,-0.0036312835741192234,0.12043851328930795,1.0020540397811035,-3.4379227865627705e-08,3.2707061868383414,0.10117426620971659,0.0036904376666666654,0.0013232318781687589,0.0009824289945465471,0.0005150727695142896,0.0032930326916666636,3.2703881334077822,0.10201101369864207,-0.0003180534305591287,0.0008367474889254822,0.0008356387256145991,0.9973582195063392,1.9954651750419953e-08,0.0004380719374156882,-0.0006140626815386598,-0.0006140626815386598,0.17660985841896704,1.0013268452943798,1.9901935940667898e-08]"
/multi_agv/m2b_algorithm_state,1789558511.277253,1789558511.277253,m2b_algorithm_state_v1:header6+3x20,"[1.0,-0.15,0.52,3.272843339817841,0.10125036185156934,1789558511.277147,3.271417550862532,0.10107521912430964,0.0036904376666666654,0.0015403661860691254,0.0006967113925629318,0.0005695676833471497,0.004584685874999997,3.2724465069386532,0.09824994651724442,0.0010289560761211902,-0.002825272607065221,-0.002838284662281506,1.0093089871004635,2.65613256935602e-07,-0.0015520895671300183,0.008253206575034153,0.008253206575034153,0.14189285870809895,0.9954155214277113,2.680858473181276e-07,3.2723980353076603,0.1015016899982896,0.002796189458333334,-0.0009437634443969613,0.0016671242631600691,0.0007539660392317515,-0.0017884964166666626,3.2718444399778095,0.10280643148557966,-0.0005535953298507756,0.0013047414872900676,0.0013020670991188458,0.995920817830213,-3.454092182924678e-08,0.0006100729368053762,-0.0037089035999735205,-0.0037089035999735205,0.12043127628057566,1.002053955723965,-3.4400023116792914e-08,3.2717113954896284,0.1011741948330378,0.0036904376666666654,0.001323623799315082,0.0009824113918472273,0.0005149120432052998,0.0032930326916666636,3.27139718613823,0.10195947591863824,-0.0003142093513983646,0.0007852810856004422,0.0007843041410679284,0.9975192553538567,1.758127679462473e-08,0.00039154245181997264,-0.0004244726821461221,-0.0004244726821461221,0.1765873589997841,1.0012456195005979,1.7537662136344104e-08]"
/multi_agv/m2b_algorithm_state,1789558511.2875166,1789558511.2875166,m2b_algorithm_state_v1:header6+3x20,"[1.0,-0.15,0.52,3.2738494750623075,0.10125032311300453,1789558511.2874374,3.2724185614637418,0.10107520504556826,0.0036904376666666654,0.0015404650674327642,0.000696701204345551,0.0005695301217636254,0.004584685874999997,3.273522032238267,0.0992153947071592,0.001103470774525217,-0.0018598103384090542,-0.0018654080240447508,1.0060617728353305,1.1503192024679154e-07,-0.00048606955588822954,0.004086212300871219,0.004086212300871219,0.14189769500351462,0.9969992164912214,1.1572921761613945e-07,3.2733990503957178,0.10150169799257831,0.002796189458333334,-0.0009438701880652009,0.0016671317336314218,0.0007540084230268917,-0.0017884964166666626,3.272484229522226,0.10185902990632739,-0.0009148208734917063,0.0003573319137490788,0.0003571298721850454,0.9988706973176714,-2.5928212924399705e-09,-0.0007863962196795874,0.001690370390172339,0.001690370390172339,0.12043432137540323,1.0005657369482908,-2.5898932123996196e-09,3.2727124075940623,0.10117418251656148,0.0036904376666666654,0.00132369034715035,0.000982407663685115,0.0005148851365426917,0.0032930326916666636,3.272318597344584,0.10122130110480689,-0.00039381024947848786,4.711858824540949e-05,4.711505129302748e-05,0.9998498969247793,6.333364508749862e-11,-0.00044514776055508236,0.0028830222635887756,0.0028830222635887756,0.17659682688764775,1.0000750705408343,6.332413851260605e-11]"
/multi_agv/m2b_algorithm_state,1789558511.2974043,1789558511.2974043,m2b_algorithm_state_v1:header6+3x20,"[1.0,-0.15,0.52,3.274837495166082,0.10125040006434745,1789558511.2973607,3.2734246842808083,0.10107511383317058,0.0036904376666666654,0.001541108882932424,0.0006966380536352894,0.0005692839022162912,0.004584685874999997,3.2743397144369895,0.0994038123266899,0.000915030156181107,-0.0016713015064806769,-0.0016758155410895536,1.005435814585488,9.292178156245681e-08,-0.0005320278458631699,0.004166383012509774,0.004166383012509774,0.14192066369051176,0.9973063654691126,9.342688713798355e-08,3.274405200922871,0.10150175212993452,0.002796189458333334,-0.0009445679978214248,0.001667177581691881,0.000754287050789948,-0.0017884964166666626,3.273497070490205,0.10185902990632739,-0.0009081304326659101,0.00035727777639286973,0.00035707579611018834,0.998870868547229,-2.5939514715797734e-09,-0.0007780872447221993,0.0016601624963802743,0.0016601624963802743,0.12044878257998902,1.000565651004301,-2.591022559386251e-09,3.273718539983242,0.10117410337590851,0.0036904376666666654,0.0013241209985076171,0.0009823853463683642,0.0005147100745048678,0.0032930326916666636,3.273048109638615,0.10124686381174829,-0.0006704303446269932,7.27604358397721e-05,7.275200343313863e-05,0.9997682782543742,1.5106856926633763e-10,-0.0007652859273506029,0.004008836761557231,0.004008836761557231,0.1766417974296331,1.0001159061776383,1.5103356339375805e-10]"
/multi_agv/m2b_algorithm_state,1789558511.3071463,1789558511.3071463,m2b_algorithm_state_v1:header6+3x20,"[1.0,-0.15,0.52,3.2758411053121894,0.10125037627583594,1789558511.3070402,3.274412728305456,0.10107530136713777,0.0036904376666666654,0.0015397781630322916,0.000696759042837591,0.0005697977816597531,0.004584685874999997,3.2753135024650044,0.09880220541733092,0.0009007741595485896,-0.002273095949806847,-0.0022814839215917686,1.0074433222975943,1.7180735928272573e-07,-0.0011555162221560315,0.006623343583805157,0.006623343583805157,0.14189803172319976,0.9963234578576081,1.7308617683096563e-07,3.2753931921752106,0.10150163492801176,0.002796189458333334,-0.0009431204027004546,0.001667091027385048,0.000753704590992943,-0.0017884964166666626,3.2746256947395005,0.10360458266848112,-0.0007674974357101405,0.0021029477404693603,0.002096042191607273,0.9934850297448545,-8.96172658096197e-08,0.0011366703969695972,-0.005960219883936642,-0.005960219883936642,0.12043451859470133,1.0032945657724535,-8.903341198852256e-08,3.2747065650175804,0.1011742638978928,0.0036904376666666654,0.0013232405723742013,0.0009824260584402342,0.0005150705281153872,0.0032930326916666636,3.274215539468568,0.10202837182584722,-0.0004910255490124804,0.0008541079279544145,0.0008529528309619883,0.9973039414259844,2.0791137833524454e-08,0.00023917089469638775,8.622040017554474e-05,8.622040017554474e-05,0.17659743836909275,1.001354233142205,2.073508370810484e-08]"
/multi_agv/m2b_algorithm_state,1789558511.3174765,1789558511.3174765,m2b_algorithm_state_v1:header6+3x20,"[1.0,-0.15,0.52,3.2768421692438228,0.10125036952600967,1789558511.3172846,3.2754163313155935,0.10107524211001023,0.0036904376666666654,0.001540199528919909,0.0006967229008637324,0.000569633936252678,0.004584685874999997,3.276247747445884,0.0984556648619665,0.0008314161302904743,-0.0026195772480437363,-0.0026307462896654993,1.0086113396910317,2.282896894273047e-07,-0.0015914761268024063,0.008304861096166571,0.008304861096166571,0.14189354633316834,0.9957544208403375,2.3025556949092335e-07,3.2763968108142727,0.10150167298888943,0.002796189458333334,-0.0009435790353838143,0.0016671165062498439,0.0007538901391604541,-0.0017884964166666626,3.275658585599434,0.10360458266848112,-0.0007382252148389057,0.0021029096795916885,0.0020960043822858287,0.9934851482209625,-8.965758753512349e-08,0.0011732228637371966,-0.00609136972838638,-0.00609136972838638,0.12043170923124605,1.0032945051853037,-8.907348164146608e-08,3.275710173806702,0.10117421372860817,0.0036904376666666654,0.0013235167384216865,0.0009824142596160492,0.0005149569581924039,0.0032930326916666636,3.2753033105150484,0.10277881912813787,-0.0004068632916536252,0.001604605399529696,0.0016005516172722925,0.9949780498924654,7.335725172757664e-08,0.001091972502705261,-0.003300565521808837,-0.003300565521808837,0.17658870515053532,1.0025327407211722,7.29888552693749e-08]"
/multi_agv/m2b_algorithm_state,1789558511.327088,1789558511.327088,m2b_algorithm_state_v1:header6+3x20,"[1.0,-0.15,0.52,3.2778444502962567,0.101250355230027,1789558511.3269987,3.27641739320229,0.10107522564705956,0.0036904376666666654,0.0015403161188178032,0.0006967124774332587,0.0005695888211066865,0.004584685874999997,3.2773495916759603,0.09847015100914995,0.0009321984736700983,-0.002605074637909613,-0.0026161191508925013,1.0085622730782329,2.2578392331411642e-07,-0.0014508710588048783,0.007804429068963354,0.007804429068963354,0.14189856434974862,0.9957782836538158,2.2771714692220667e-07,3.277397877212366,0.10150168322942271,0.002796189458333334,-0.0009437055044998876,0.0016671239056300635,0.0007539411102391452,-0.0017884964166666626,3.276469486636351,0.10214667563051245,-0.0009283905760151256,0.0006449924010897418,0.0006443355617172413,0.9979682463232179,-8.44449502229117e-09,-0.0005161526583016658,0.0006019596253167181,0.0006019596253167181,0.12043486874875388,1.0010194057437243,-8.427337888481062e-09,3.2767112373168117,0.10117419970154672,0.0036904376666666654,0.00132359350203346,0.000982410726933925,0.0005149255217190875,0.0032930326916666636,3.276132087847245,0.10143838481450126,-0.0005791494695666088,0.0002641851129545486,0.00026407410642901463,0.9991604701756677,1.9905278803548152e-09,-0.0004598627305292464,0.0028386474855140176,0.0028386474855140176,0.17659852883992075,1.0004203612653852,1.9888567728330923e-09]"
/multi_agv/m2b_algorithm_state,1789558511.3370292,1789558511.3370292,m2b_algorithm_state_v1:header6+3x20,"[1.0,-0.15,0.52,3.2788426473978514,0.1012503673589062,1789558511.3369293,3.2774196697235682,0.1010751918216852,0.0036904376666666654,0.001540554895751682,0.000696689406069683,0.0005694973217531123,0.004584685874999997,3.278424569497727,0.09919593718986114,0.0010048997741587407,-0.0018792546318240622,-0.001884970814499639,1.0061264901929636,1.1745818827306643e-07,-0.0006288460968012133,0.004598246445680764,0.004598246445680764,0.14190789047274227,0.9969674953948322,1.1817779471160464e-07,3.2784001638229854,0.10150170342124416,0.002796189458333334,-0.0009439642032513188,0.001667140580187354,0.0007540445736515244,-0.0017884964166666626,3.2774437950296376,0.10250076770119466,-0.0009563687933478171,0.0009990642799505012,0.0009974925783253076,0.9968655808525938,-2.026096687265785e-08,-0.00019796841335946382,-0.0006896885142215495,-0.0006896885142215495,0.12044074061889827,1.0015756524502992,-2.0197460510147228e-08,3.277713517342215,0.1011741704471516,0.0036904376666666654,0.0013237527520784816,0.0009824026065306636,0.0005148607169290957,0.0032930326916666636,3.277105743815421,0.10100798221373626,-0.0006077735267941975,-0.00016618823341534028,-0.0001662323036544324,1.0005306983346447,7.880177425317417e-10,-0.0009259492121471793,0.004683676881193981,0.004683676881193981,0.1766167875800928,0.9997348876354158,7.884359422353737e-10]"
/multi_agv/m2b_algorithm_state,1789558511.347115,1789558511.347115,m2b_algorithm_state_v1:header6+3x20,"[1.0,-0.15,0.52,3.279843688228143,0.10125036102884126,1789558511.347019,3.2784178705303373,0.10107522214220528,0.0036904376666666654,0.0015403388160394882,0.0006967080262563203,0.0005695812980643309,0.004584685874999997,3.279457480363818,0.09936326488146752,0.0010396098334806148,-0.0017119572607377648,-0.0017166950249842938,1.005570586895748,9.745145228116552e-08,-0.00041718273313352534,0.003778232830187132,0.003778232830187132,0.14190276261906518,0.9972401829226641,9.79943140642146e-08,3.2793983565247555,0.10150168376249882,0.002796189458333334,-0.0009437283625501718,0.0016671273807129516,0.0007539492107778295,-0.0017884964166666626,3.2786622999133295,0.10454051441095734,-0.0007360566114260614,0.0030388306484585154,0.003024513402482345,0.9906862436043784,-1.8712094710875857e-07,0.0021044426381997684,-0.00987292197552612,-0.00987292197552612,0.12043751206898795,1.0047337353388548,-1.853781481908696e-07,3.278711715138461,0.10117419617201454,0.0036904376666666654,0.0013236107589295614,0.0009824086051471344,0.0005149191451725601,0.0032930326916666636,3.278350157035037,0.1027294515449313,-0.0003615581034237536,0.0015552553729167584,0.0015514456803724403,0.9951297592709004,6.892179601688716e-08,0.0010994980510927483,-0.003304239491860633,-0.003304239491860633,0.1766067480692671,1.0024555758493612,6.858613027880302e-08]"
/multi_agv/m2b_algorithm_state,1789558511.3570282,1789558511.3570282,m2b_algorithm_state_v1:header6+3x20,"[1.0,-0.15,0.52,3.2808395142243256,0.1012503879432904,1789558511.3569179,3.2794189093623247,0.10107520737137234,0.0036904376666666654,0.0015404427174829632,0.0006966977686846394,0.0005695415965605465,0.004584685874999997,3.280499163154835,0.09990953049828094,0.0010802537925100886,-0.0011656768730913952,-0.0011678644162807512,1.0037697471821516,4.516769005010893e-08,0.00018245282435685952,0.0014179795052475129,0.0014179795052475129,0.1419076995085814,0.9981268859990421,4.533796082239963e-08,3.280399399824886,0.10150169235580422,0.002796189458333334,-0.0009438405382757912,0.0016671347902295075,0.0007539939808889062,-0.0017884964166666626,3.2797017399756867,0.10454051441095734,-0.0006976598491994501,0.0030388220551531148,0.0030245048909007762,0.9906862701263095,-1.8714212461610222e-07,0.0021524300794014636,-0.010045170377325092,-0.010045170377325092,0.12044062040715943,1.0047337216399987,-1.8539913341943932e-07,3.279712755497218,0.1011741833593472,0.0036904376666666654,0.0013236801782631146,0.000982404908381796,0.0005148909774985578,0.0032930326916666636,3.2795144943152614,0.10431669008303594,-0.00019826118195664932,0.003142506723688737,0.00312713916156168,0.9903364239131522,2.81068555169912e-07,0.0028793126841158683,-0.010437258699650597,-0.010437258699650597,0.17661641371377737,1.0049142559167026,2.783524278014072e-07]"
/multi_agv/m2b_algorithm_state,1789558511.367299,1789558511.367299,m2b_algorithm_state_v1:header6+3x20,"[1.0,-0.15,0.52,3.28184036526878,0.10125038215935345,1789558511.3671181,3.280414743858805,0.10107527229386179,0.0036904376666666654,0.0015399825172800587,0.0006967407288351879,0.0005697187285775505,0.004584685874999997,3.2812452824859717,0.09945290496664874,0.0008305386271665327,-0.0016223673272130479,-0.0016266193215780022,1.0052737403074183,8.749317558298505e-08,-0.0005884460376198363,0.004342930710945929,0.004342930710945929,0.14189418046751703,0.9973859929557278,8.795459186968107e-08,3.2813952155065893,0.10150165232713956,0.002796189458333334,-0.0009433400944867673,0.0016671038467910293,0.0007537931515474716,-0.0017884964166666626,3.2803311638711885,0.10280638346310984,-0.0010640516354007978,0.0013047311359702801,0.001302056788650727,0.9959208476111573,-3.452488596563812e-08,-2.800775560027032e-05,-0.001432958395889145,-0.001432958395889145,0.12043210851326579,1.0020539406136997,-3.438405369457686e-08,3.2807085833075824,0.10117423920886986,0.0036904376666666654,0.001323374399614541,0.0009824195598868712,0.0005150158995021708,0.0032930326916666636,3.2799937597754223,0.10204487185618488,-0.0007148235321601248,0.0008706326473150172,0.000869432571572403,0.9972522954520993,2.16053572928261e-08,-2.4096843627753085e-05,0.001016294801855288,0.001016294801855288,0.17658994655971008,1.0013802976583266,2.1545992154333583e-08]"
/multi_agv/m2b_algorithm_state,1789558511.377204,1789558511.377204,m2b_algorithm_state_v1:header6+3x20,"[1.0,-0.15,0.52,3.282843478531524,0.10125036213172506,1789558511.3770976,3.2814155933361717,0.10107525696990984,0.0036904376666666654,0.0015400921912199547,0.0006967327762509078,0.000569675326013147,0.004584685874999997,3.282269821578648,0.10001957735817267,0.0008542282424763847,-0.0010556796117371647,-0.0010574722973671852,1.00340978360261,3.7034311486078396e-08,1.0313005728295735e-05,0.0019770238297821038,0.0019770238297821038,0.1418984451321539,0.9983047445928526,3.716059047411757e-08,3.2823960683286573,0.1015016629160699,0.002796189458333334,-0.0009434598100579094,0.0016671091796318649,0.0007538422701493797,-0.0017884964166666626,3.2813594638520827,0.10280638346310984,-0.0010366044765746096,0.0013047205470399365,0.0013020462433000236,0.9959208808136178,-3.452870551664487e-08,6.290647581761594e-06,-0.0015553879314314251,-0.0015553879314314251,0.12043479366885773,1.0020539237785708,-3.438785881149098e-08,3.281709434141511,0.1011742265920806,0.0036904376666666654,0.0013234446318179409,0.0009824172490506605,0.0005149866585996889,0.0032930326916666636,3.2809467031431048,0.10129644915187927,-0.0007627309984061803,0.00012222255979867092,0.0001221987749391223,0.999610974099318,4.260386505026738e-10,-0.0008312149730686031,0.004220513673958238,0.004220513673958238,0.17659829540776104,1.0001946407364597,4.2587291043293665e-10]"
/multi_agv/m2b_algorithm_state,1789558511.3872123,1789558511.3872123,m2b_algorithm_state_v1:header6+3x20,"[1.0,-0.15,0.52,3.2838427162026744,0.10125036744234188,1789558511.3870862,3.28241870040792,0.1010752083183396,0.0036904376666666654,0.0015404370113934075,0.0006967013553904166,0.0005695422043043126,0.004584685874999997,3.283315105619306,0.10042284482639062,0.0008964052113862309,-0.0006523634919489846,-0.0006530459853265146,1.0020975205655551,1.4141526558299552e-08,0.000467460528906274,0.0001777506282237822,0.0001777506282237822,0.1419107168234262,0.9989549076284592,1.417118870108393e-08,3.2833991890715,0.10150169312789054,0.002796189458333334,-0.000943834444406602,0.0016671316199281527,0.0007539929884964186,-0.0017884964166666626,3.2825883150219357,0.103185763201281,-0.0008108740495642586,0.00168407007339047,0.0016796274008929594,0.9947576492431859,-5.753309807004654e-08,0.0006660348389376362,-0.004083903113661798,-0.004083903113661798,0.1204425201044512,1.002645034544655,-5.723148938983717e-08,3.282712546115152,0.10117418494894505,0.0036904376666666654,0.0013236726935175382,0.0009824065992295019,0.0005148933423531447,0.0032930326916666636,3.2821853899571694,0.10261468634419768,-0.000527156157982489,0.001440501395252633,0.0014372303111838032,0.9954832011413198,5.913401449948621e-08,0.0007782851137056919,-0.002104425061904716,-0.002104425061904716,0.17662232126143407,1.0022759637362058,5.886691805028576e-08]"
/multi_agv/m2b_algorithm_state,1789558511.397061,1789558511.397061,m2b_algorithm_state_v1:header6+3x20,"[1.0,-0.15,0.52,3.284839679437415,0.1012503869820333,1789558511.396872,3.283417939691249,0.10107522179547189,0.0036904376666666654,0.0015403407018535526,0.0006967094100059686,0.0005695797608889052,0.004584685874999997,3.2844578697672313,0.10092275219858352,0.0010399300759824648,-0.00015246959688837436,-0.00015250673731582673,1.0004874651629527,7.721563693756508e-10,0.0011474058576622544,-0.0024621649197475695,-0.0024621649197475695,0.14190927173134965,0.9997564669725019,7.725327687060735e-10,3.2843984248445337,0.10150168420594691,0.002796189458333334,-0.0009437291080091194,0.001667125925577384,0.0007539502908150836,-0.0017884964166666626,3.2836961223388106,0.10410328192321551,-0.000702302505723118,0.0026015977172686028,0.00259106905458233,0.9919861664222993,-1.3719348725079698e-07,0.0017131909224284325,-0.008260343051457493,-0.008260343051457493,0.12044161028275537,1.0040634434916555,-1.360940414760247e-07,3.283711784072241,0.10117419632560684,0.0036904376666666654,0.0013236096508010453,0.000982409124401418,0.0005149193554123384,0.0032930326916666636,3.283423496655835,0.10378717909499127,-0.00028828741640607447,0.002612982769384431,0.0026023150015623713,0.9919158384093522,1.943946537815917e-07,0.0022419557310547782,-0.007893231120757042,-0.007893231120757042,0.17661949195547808,1.004099337634243,1.928231359880633e-07]"
/multi_agv/m2b_algorithm_state,1789558511.4069982,1789558511.4069982,m2b_algorithm_state_v1:header6+3x20,"[1.0,-0.15,0.52,3.2858425249022694,0.10125036851152958,1789558511.406874,3.284414909137022,0.10107526864753921,0.0036904376666666654,0.001540008869519583,0.0006967408172037887,0.0005697072600191143,0.004584685874999997,3.285458532949427,0.10079532145053666,0.0010436238124049702,-0.00027994719700255577,-0.0002800725256590385,1.0008963197274838,2.6027716122613026e-09,0.0010244572398471741,-0.0019673302565658512,-0.0019673302565658512,0.14189977697496964,0.99955251356345,2.6051045278035072e-09,3.285395380515574,0.10150165557121074,0.002796189458333334,-0.0009433684646338314,0.0016671032344759418,0.0007538057675323534,-0.0017884964166666626,3.284651975346192,0.10260332214064641,-0.0007434051693819832,0.0011016665694356664,0.0010997569551688883,0.9965477220978244,-2.4618831835128117e-08,0.00017050049344140934,-0.0020484224373521097,-0.0020484224373521097,0.12043563224124212,1.0017363966263662,-2.4533840786006326e-08,3.28470874865965,0.10117423672734992,0.0036904376666666654,0.0013233887348570211,0.000982419930894319,0.0005150094927651818,0.0032930326916666636,3.284206362730263,0.10134806421296758,-0.0005023859293871169,0.0001738274856176586,0.00017377939445978422,0.9994470430852319,8.616858558759434e-10,-0.0004542030172741119,0.0028585356423011746,0.0028585356423011746,0.17660090281877472,1.0002767368250067,8.612093807235789e-10]"
/multi_agv/m2b_algorithm_state,1789558511.417036,1789558511.417036,m2b_algorithm_state_v1:header6+3x20,"[1.0,-0.15,0.52,3.2868383298975465,0.10125039533496011,1789558511.4168983,3.2854177489624634,0.10107522327036979,0.0036904376666666654,0.0015403309890606848,0.0006967122268307867,0.0005695825058209756,0.004584685874999997,3.2864820723010357,0.10127955671303263,0.001064323338572315,0.00020433344266283793,0.00020426691706942963,0.9993493553079177,1.386455071123098e-09,0.0015346710902848233,-0.004003709865963809,-0.004003709865963809,0.14191110101314636,1.0003256797251494,1.385552981490261e-09,3.2863982327471315,0.10150168419919636,0.002796189458333334,-0.0009437187922330913,0.001667123534585535,0.0007539470630003597,-0.0017884964166666626,3.2856759533204527,0.10260332214064641,-0.0007222794266787957,0.0011016379414500455,0.0010997284267582404,0.9965478120300072,-2.462669157772285e-08,0.00019687914340974573,-0.002142765097603298,-0.002142765097603298,0.12044276199324991,1.0017363511257356,-2.454167560931751e-08,3.285711592997214,0.10117419806502258,0.0036904376666666654,0.0013236009878962365,0.0009824104060155662,0.0005149224438131188,0.0032930326916666636,3.285165420875452,0.10080172489395468,-0.0005461721217621118,-0.0003724731710678941,-0.0003726948944554078,1.0011922216178797,3.958567924828919e-09,-0.0010554100466580475,0.005232752734956032,0.005232752734956032,0.17662307351006623,0.9994050806951953,3.9632874150847455e-09]"
/multi_agv/m2b_algorithm_state,1789558511.4271138,1789558511.4271138,m2b_algorithm_state_v1:header6+3x20,"[1.0,-0.15,0.52,3.287842376614076,0.10125036891698631,1789558511.426911,3.286413562476423,0.10107528743776549,0.0036904376666666654,0.0015398767894748357,0.0006967553668546954,0.0005697569432628944,0.004584685874999997,3.287512353016234,0.10122504606902812,0.0010987905398112119,0.00014975863126262534,0.000149722881571893,0.9995228393221495,7.445590936083199e-10,0.0015232110563359077,-0.003937819290563523,-0.003937819290563523,0.14189750700894438,1.000238772393084,7.44203819286514e-10,3.287394027354958,0.10150164514394297,0.002796189458333334,-0.0009432254526181294,0.001667092372233725,0.0007537494269485717,-0.0017884964166666626,3.286236594926394,0.10110142009892928,-0.0011574324285636983,-0.00040022504501369127,-0.0004004799615263797,1.0012757953506848,-3.2521545549262596e-09,-0.0018472704972310027,0.005785164619548246,0.005785164619548246,0.12043420301096819,0.9993634724900671,-3.256303638587143e-09,3.286707399861259,0.10117425342317188,0.0036904376666666654,0.0013232985309614637,0.0009824253139319346,0.0005150457926157361,0.0032930326916666636,3.2863055122137683,0.10157540915619831,-0.00040188764749071737,0.0004011557330264315,0.0004009000466306966,0.9987271852308997,4.58815927429084e-09,-0.00010145951273270013,0.001503235933116354,0.001503235933116354,0.17659645886096384,1.0006377809079439,4.582319397403538e-09]"
/multi_agv/m2b_algorithm_state,1789558511.436978,1789558511.436978,m2b_algorithm_state_v1:header6+3x20,"[1.0,-0.15,0.52,3.288837234039916,0.10125040170823568,1789558511.4368222,3.2874176011045018,0.10107522247329322,0.0036904376666666654,0.0015403381462940273,0.0006967144249107268,0.0005695782601412955,0.004584685874999997,3.288086076999395,0.10094640927154915,0.0006684758948933833,-0.0001288132017440713,-0.0001288397064845475,1.0004117222696176,5.511268646009572e-10,0.0007067551621321817,-0.0009095523011707009,-0.0009095523011707009,0.14191308257091184,0.9997942812724478,5.51353775804498e-10,3.2883980837717517,0.10150168621473551,0.002796189458333334,-0.0009437274616338883,0.0016671214730283879,0.0007539518932475758,-0.0017884964166666626,3.2872468746255663,0.10110142009892928,-0.0011512091461853835,-0.00040026611580623594,-0.0004005210845777332,1.00127592615719,-3.254552773389784e-09,-0.0018395325173094627,0.005757249207943597,0.005757249207943597,0.12044400960633717,0.9993634073677643,-3.2587053424033072e-09,3.2877114449659732,0.10117419806293024,0.0036904376666666654,0.0013236026122842907,0.0009824117112247517,0.0005149210608089904,0.0032930326916666636,3.2870984989889633,0.1022905025616119,-0.0006129459770098933,0.001116304498681664,0.0011143352688773472,0.9964867927241128,3.5518515665284297e-08,0.0003481527976149806,-0.0004213347626988984,-0.0004213347626988984,0.17662695335977657,1.0017671789265905,3.5393731757620304e-08]"
/multi_agv/m2b_algorithm_state,1789558511.4471061,1789558511.4471061,m2b_algorithm_state_v1:header6+3x20,"[1.0,-0.15,0.52,3.289850762935473,0.10125031375700556,1789558511.447021,3.2884124689195717,0.10107530092163994,0.0036904376666666654,0.0015397829562778876,0.0006967670855961392,0.000569791520583729,0.004584685874999997,3.289110181855532,0.10104983201755122,0.0006977129359602152,-2.5468904088721267e-05,-2.546993943086799e-05,1.0000813102698116,2.1535904337229e-11,0.000846671230519401,-0.001454167954348589,-0.001454167954348589,0.14189613483882724,0.9999593504276078,2.1537655427421297e-11,3.289392928529494,0.10150163848777208,0.002796189458333334,-0.0009431245918577269,0.0016670834687331215,0.0007537103386092009,-0.0017884964166666626,3.2883510064848704,0.10140711292645485,-0.001041922044623611,-9.452556131722689e-05,-9.453974806440236e-05,1.0003002748671985,-1.8135201761506596e-10,-0.0013969423038439161,0.004056888191152481,0.004056888191152481,0.12043333903791717,0.9998499388091683,-1.814064730680715e-10,3.2887063046706833,0.10117426571529502,0.0036904376666666654,0.0013232330529108658,0.000982429922965911,0.0005150717773887599,0.0032930326916666636,3.2880528037556545,0.10146706630861599,-0.000653500915028804,0.0002928005933209715,0.0002926642664826741,0.9990698386157056,2.4443774400947543e-09,-0.000524211877303331,0.003054227960651103,0.003054227960651103,0.17659377253998454,1.0004658130626463,2.442103774591338e-09]"
/multi_agv/m2b_algorithm_state,1789558511.4570284,1789558511.4570284,m2b_algorithm_state_v1:header6+3x20,"[1.0,-0.15,0.52,3.2908421884894055,0.10125036981747765,1789558511.4569073,3.2894259702090434,0.10107508897636501,0.0036904376666666654,0.001541284236665252,0.0006966271967456799,0.0005692135408621593,0.004584685874999997,3.290126086018685,0.10113959290819885,0.0007001158096415772,6.450393183383973e-05,6.449729529202762e-05,0.9997942784365299,1.3826463603670475e-10,0.0009396420573439991,-0.0018242416843767344,-0.0018242416843767344,0.1419452809522048,1.0001028964359213,1.3823619201960667e-10,3.2904064909375537,0.10150176878619253,0.002796189458333334,-0.0009447557374022437,0.001667184006241218,0.0007543650875608959,-0.0017884964166666626,3.2893572383372702,0.10140711292645485,-0.0010492526002834346,-9.465585973768287e-05,-9.467008561206274e-05,1.0003006886939054,-1.8216675410609662e-10,-0.001406235835966356,0.004088294368441207,0.004088294368441207,0.1204642805580392,0.9998497321061041,-1.8222152958946177e-10,3.2897198276598227,0.10117408350845916,0.0036904376666666654,0.0013242297968250644,0.0009823820517208095,0.0005146646284404006,0.0032930326916666636,3.28904790870748,0.1013118063671726,-0.0006719189523427538,0.00013772285871344048,0.00013769266198831114,0.9995617139451258,5.412668419131853e-10,-0.000702206028440131,0.0037562744995958113,0.0037562744995958113,0.17669000562793913,1.0002193052606674,5.41029612204409e-10]"
/multi_agv/m2b_algorithm_state,1789558511.4670668,1789558511.4670668,m2b_algorithm_state_v1:header6+3x20,"[1.0,-0.15,0.52,3.291844151638406,0.10125035752861955,1789558511.466879,3.290417412871373,0.1010752277023954,0.0036904376666666654,0.001540297922494255,0.000696713630600687,0.00056959610862608,0.004584685874999997,3.291174995731685,0.10119950329210496,0.0007575828603121337,0.00012427558970956598,0.00012425096652627482,0.9996039186203197,5.12877688265444e-10,0.001071229541916442,-0.0023201903778786973,-0.0023201903778786973,0.14191617645970808,1.0001981729718454,5.126745469630686e-10,3.291397896043014,0.10150168029025491,0.002796189458333334,-0.000943681651649134,0.0016671226608235834,0.0007539314183317991,-0.0017884964166666626,3.290095789942699,0.09974343708356315,-0.0013021061003151146,-0.0017582432066917675,-0.0017632137705167275,1.005691541263536,-6.285375327675885e-08,-0.0033908463959106206,0.011804889553694728,0.011804889553694728,0.12044595749508148,0.9971809635858826,-6.321148800710164e-08,3.2907112565538315,0.10117420145978263,0.0036904376666666654,0.0013235808650320048,0.0009824104867182772,0.0005149311242962189,0.0032930326916666636,3.290016562150098,0.10120204366389639,-0.0006946944037333758,2.784220411375382e-05,2.784096897693258e-05,0.9999112852670419,2.2111952951439872e-11,-0.0008405270356897872,0.004295216286927376,0.004295216286927376,0.17663301118216118,1.0000443640026417,2.2109991295438603e-11]"
/multi_agv/m2b_algorithm_state,1789558511.477054,1789558511.477054,m2b_algorithm_state_v1:header6+3x20,"[1.0,-0.15,0.52,3.2928391722911137,0.10125038962804546,1789558511.4769049,3.291419372139863,0.10107519853445046,0.0036904376666666654,0.0015405039296841928,0.0006966938599530788,0.0005695170967343452,0.004584685874999997,3.2920938783378486,0.10023873129246039,0.0006745061979858136,-0.0008364672419900743,-0.0008375908639092843,1.0026950635878273,2.325352822247136e-08,5.541883572982649e-06,0.001896264336296329,0.001896264336296329,0.14192437940037753,0.9986585074317004,2.3316197959672257e-08,3.292399863941071,0.101501697793002,0.002796189458333334,-0.000943904935251416,0.00166713690799547,0.0007540207931473614,-0.0017884964166666626,3.291083068237284,0.09974343708356315,-0.001316795703787399,-0.0017582607094388525,-0.0017632313717095,1.0056915977073422,-6.286987240807867e-08,-0.0034092260014437488,0.011869510449874533,0.011869510449874533,0.1204511219238213,0.9971809358939501,-6.322770242973738e-08,3.291713218834284,0.10117417625840618,0.0036904376666666654,0.001323718165146108,0.000982403560977941,0.0005148752125327593,0.0032930326916666636,3.291011518599656,0.10115493230043392,-0.0007017002346283441,-1.9243957972259196e-05,-1.924454824313541e-05,1.0000613505604357,1.0564967131193427e-11,-0.0008963698415285655,0.004514273135916265,0.004514273135916265,0.1766490733241258,0.9999693278912679,1.056561529784791e-11]"
/multi_agv/m2b_algorithm_state,1789558511.487292,1789558511.487292,m2b_algorithm_state_v1:header6+3x20,"[1.0,-0.15,0.52,3.2938448328259216,0.1012503530147303,1789558511.487167,3.292414402880846,0.10107527612392286,0.0036904376666666654,0.0015399539154011947,0.000696744876298982,0.0005697289690060586,0.004584685874999997,3.2930810647988036,0.09997310414444092,0.0006666619179576116,-0.001102171979481939,-0.0011041267271657002,1.0035618187229,4.036579295924555e-08,-0.0002707993297186857,0.002991674114071448,0.002991674114071448,0.14190800674338092,0.9982295984367853,4.05095685963725e-08,3.293394872364546,0.1015016498490356,0.002796189458333334,-0.0009433069316468513,0.0016671002202968133,0.0007537806629704102,-0.0017884964166666626,3.2921564899582068,0.10064677619284935,-0.0012383824063393334,-0.0008548736561862502,-0.0008560407000433408,1.0027391566139767,-1.4843623367173155e-08,-0.0024040187079675075,0.007948689014710289,0.007948689014710289,0.1204408138403266,0.9986366958287948,-1.4884282376294726e-08,3.2927082416279494,0.10117424291117794,0.0036904376666666654,0.0013233531820922221,0.0009824209291964701,0.0005150243842120443,0.0032930326916666636,3.2921019008114274,0.10202403120183035,-0.0006063408165219997,0.000849788290652409,0.0008486448101650428,0.997317444136386,2.0583185394910056e-08,9.071878951254317e-05,0.0006168832865925223,0.0006168832865925223,0.1766170152476154,1.0013474194075893,2.0527969850237085e-08]"
/multi_agv/m2b_algorithm_state,1789558511.497111,1789558511.497111,m2b_algorithm_state_v1:header6+3x20,"[1.0,-0.15,0.52,3.2948443304911463,0.10125035695758389,1789558511.496959,3.29342005205388,0.10107518723520051,0.0036904376666666654,0.0015405840417889042,0.0006966872622073512,0.0005694858032740196,0.004584685874999997,3.2942619797988995,0.1012510877703512,0.0008419277450193441,0.00017590053515069426,0.00017585122484538497,0.9994397113564116,1.0276408662036425e-09,0.0012282609061195651,-0.002901662915889844,-0.002901662915889844,0.14192929799404141,1.000280409222925,1.0270650906966212e-09,3.294400546631924,0.10150170504047536,0.002796189458333334,-0.0009439917473554227,0.0016671414180073896,0.0007540560772351518,-0.0017884964166666626,3.29315144463476,0.10064677619284935,-0.0012491019971641038,-0.000854928847626002,-0.000856096041795048,1.002739333127895,-1.4856314336956421e-08,-0.0024174735382501778,0.00799564677339352,0.00799564677339352,0.12045421851851452,0.9986366083802949,-1.4897010730978069e-08,3.293713899791961,0.10117416676851505,0.0036904376666666654,0.0013237702626809318,0.0009824014002191026,0.000514853754226113,0.0032930326916666636,3.2929167827319845,0.1019071970042198,-0.0007971170599763155,0.000733030235704743,0.0007321786363225024,0.9976829415151632,1.532174785096276e-08,-0.00026421768864789204,0.0019335228474382897,0.0019335228474382897,0.1766587049234338,1.0011631032920025,1.5286246465102156e-08]"
/multi_agv/m2b_algorithm_state,1789558511.507014,1789558511.507014,m2b_algorithm_state_v1:header6+3x20,"[1.0,-0.15,0.52,3.29584239683139,0.10125036983990988,1789558511.5068748,3.294419550791193,0.10107519819610508,0.0036904376666666654,0.0015405048101103662,0.0006966925216509877,0.0005695174112141459,0.004584685874999997,3.2953410731129784,0.10151235302355685,0.0009215223217853286,0.0004371548274517689,0.00043685086751673214,0.998611669544732,6.345629728007506e-09,0.0015887537697483929,-0.00430529734812537,-0.00430529734812537,0.1419287730304341,1.0006957979430477,6.33681989699826e-09,3.2954000431236494,0.10150169698281401,0.002796189458333334,-0.0009439044675476085,0.0016671378975106066,0.0007540200756903648,-0.0017884964166666626,3.294069589878657,0.09942323537649268,-0.00133045324499248,-0.00207846160632133,-0.0020854243658905824,1.0067524581100544,-8.787231127893744e-08,-0.0037484909221311823,0.013193162254024251,0.013193162254024251,0.1204538880101353,0.996661226519103,-8.846566537988212e-08,3.294713397558595,0.10117417569383258,0.0036904376666666654,0.0013237198695274896,0.0009824027218975802,0.0005148749101917386,0.0032930326916666636,3.293858562239089,0.10143318576923799,-0.000854835319506364,0.0002590100754054081,0.00025890337101700667,0.9991768668474339,1.913497943967655e-09,-0.0008096407783659484,0.004083927153157313,0.004083927153157313,0.17665767686310352,1.0004121398187373,1.9119228803726082e-09]"
/multi_agv/m2b_algorithm_state,1789558511.5172818,1789558511.5172818,m2b_algorithm_state_v1:header6+3x20,"[1.0,-0.15,0.52,3.296838822711893,0.10125039267708129,1789558511.5169518,3.2954176211175903,0.10107523000775044,0.0036904376666666654,0.0015402785233878322,0.0006967125667073581,0.0005696050706989057,0.004584685874999997,3.296279012814058,0.10057105445981715,0.000861391696467706,-0.0005041755479332916,-0.0005045827378025137,1.001618343085302,8.444836897620908e-09,0.0005721568827821188,-0.00026072385581185,-0.00026072385581185,0.14192318076891916,0.9991930166477839,8.458503541020676e-09,3.2963981046905864,0.10150167670709472,0.002796189458333334,-0.000943657797646727,0.0016671235775884696,0.000753920601554478,-0.0017884964166666626,3.2950614731596395,0.09942323537649268,-0.0013366315309468746,-0.002078441330602032,-0.0020854039551612886,1.0067523925310364,-8.784764070792758e-08,-0.003756193368844882,0.013220540706457787,0.013220540706457787,0.12045036729351005,0.9966612585815691,-8.844082246091296e-08,3.295711464685994,0.10117420280488451,0.0036904376666666654,0.0013235706555108366,0.0009824093159700679,0.0005149361586719806,0.0032930326916666636,3.2948334592999924,0.10104772984530672,-0.0008780053860015791,-0.0001264729595777947,-0.00012649847540802646,1.000403691401148,4.5630889089521856e-10,-0.0012240052079100002,0.0057237276994455254,0.0057237276994455254,0.176646726213752,0.9997982914011456,4.5649309887074037e-10]"
/multi_agv/m2b_algorithm_state,1789558511.5270622,1789558511.5270622,m2b_algorithm_state_v1:header6+3x20,"[1.0,-0.15,0.52,3.2978437613809035,0.10125036059669545,1789558511.5268755,3.296414054317548,0.10107528434497483,0.0036904376666666654,0.0015398941086929613,0.000696749587585188,0.000569752442154836,0.004584685874999997,3.2973274246327575,0.09922111485892383,0.0009133703152093275,-0.0018541694860509939,-0.0018597330251380248,1.0060429972530438,1.1429233957898784e-07,-0.0007180201311263654,0.00490109671040654,0.00490109671040654,0.14191178216209607,0.9970084205572366,1.1498300787310762e-07,3.2973945216194056,0.10150164387379718,0.002796189458333334,-0.0009432402775927783,0.001667096722537842,0.0007537535901476489,-0.0017884964166666626,3.2963785033983797,0.10022231094186025,-0.0010160182210259272,-0.0012793329319369245,-0.0012819550006739476,1.004118933223116,-3.3250473795457546e-08,-0.0025519777769563564,0.008648331209589013,0.008648331209589013,0.12044319085389922,0.997954632779119,-3.3387430276658005e-08,3.296707892198725,0.10117424981247188,0.0036904376666666654,0.0013233140575763195,0.0009824221833759196,0.0005150406907790529,0.0032930326916666636,3.295940588896816,0.10039966259276945,-0.0007673033019091058,-0.00077458721970243,-0.0007755490101214869,1.0024906218017593,1.7120455149778904e-08,-0.0017346781375078692,0.007812086456585646,0.007812086456585646,0.17662440718012143,0.9987598586207902,1.7163095728630986e-08]"
/multi_agv/m2b_algorithm_state,1789558511.5369902,1789558511.5369902,m2b_algorithm_state_v1:header6+3x20,"[1.0,-0.15,0.52,3.2988391276049622,0.10125039042229804,1789558511.5368485,3.297418983113362,0.10107520592227077,0.0036904376666666654,0.0015404505528234021,0.0006966995363718803,0.0005695372808043355,0.004584685874999997,3.2983674297149563,0.10052047165550435,0.0009484466015945436,-0.0005547342667664296,-0.0005552274056300729,1.0017816494189602,1.0224956522200475e-08,0.0006303308463631067,-0.000443620979937017,-0.000443620979937017,0.14193051869398288,0.9991118254274864,1.0243173810047148e-08,3.2983994721719903,0.10150169303650679,0.002796189458333334,-0.000943845339908057,0.0016671323732602161,0.0007539973194339994,-0.0017884964166666626,3.29737552767252,0.09991547329035809,-0.0010239444994701863,-0.0015862197461486982,-0.0015902600146001091,1.0051247251197135,-5.11593979020708e-08,-0.0028701906389378418,0.009897787663835905,0.009897787663835905,0.12045498701567259,0.9974593661323825,-5.142157575360896e-08,3.2977128288573585,0.1011741828313088,0.0036904376666666654,0.0013236814834460785,0.0009824053877919969,0.0005148901623831512,0.0032930326916666636,3.296963455670344,0.10066502608745878,-0.0007493731870145126,-0.00050915674385002,-0.0005095714809758543,1.0016322455734765,7.398075638669331e-09,-0.001446287964743995,0.006677436539901267,0.006677436539901267,0.17666109533988963,0.9991861060885118,7.410151114882793e-09]"
/multi_agv/m2b_algorithm_state,1789558511.5472229,1789558511.5472229,m2b_algorithm_state_v1:header6+3x20,"[1.0,-0.15,0.52,3.2998427790805764,0.10125036667597674,1789558511.547013,3.2984143587329573,0.10107527781952202,0.0036904376666666654,0.00153994111567979,0.0006967470660792507,0.0005697333781427057,0.004584685874999997,3.299484978137989,0.10172664913930429,0.0010706194050316142,0.0006513713197822679,0.0006506975692171816,0.9979363811333345,1.4081077213197022e-08,0.0019889718255066994,-0.005830898163687247,-0.005830898163687247,0.14191536787466258,1.001035428126613,1.4052019236596894e-08,3.2993948269874673,0.10150164879310652,0.002796189458333334,-0.0009432916392434361,0.0016670981475153113,0.0007537751124254838,-0.0017884964166666626,3.2983290987835714,0.09947178836279591,-0.0010657282038959437,-0.002029860430310615,-0.0020364989422209452,1.006590954636121,-8.37537942288057e-08,-0.003368659197090875,0.011835957721970625,0.011835957721970625,0.12044544841090586,0.9967402330673002,-8.430581168717077e-08,3.298708197094462,0.10117424465426554,0.0036904376666666654,0.0013233431731961968,0.0009824216375421413,0.0005150283542264275,0.0032930326916666636,3.298046205294705,0.10088975460301192,-0.0006619917997570113,-0.0002844900512536247,-0.0002846193120327678,1.00090969564752,2.308718414017686e-09,-0.0011121090617290318,0.005395240313138698,0.005395240313138698,0.17663142796541245,0.9995458467725893,2.3108186451102675e-09]"
/multi_agv/m2b_algorithm_state,1789558511.556988,1789558511.556988,m2b_algorithm_state_v1:header6+3x20,"[1.0,-0.15,0.52,3.300838990563367,0.10125039098804513,1789558511.556848,3.299418002936449,0.10107521950653041,0.0036904376666666654,0.001540355136599567,0.0006967102165530642,0.0005695730845012845,0.004584685874999997,3.300487500974838,0.10115763744454884,0.0010694980383889607,8.241793801842812e-05,8.240710490204639e-05,0.9997371993506918,2.2558727956666988e-10,0.0014192796528882472,-0.00353665943264205,-0.00353665943264205,0.14192954794908721,1.000131458524051,2.2552799508312409e-10,3.30039848719058,0.10150168558332012,0.002796189458333334,-0.0009437420300829899,0.0016671243300101501,0.0007539567220301718,-0.0017884964166666626,3.299350756381299,0.09982639944133494,-0.001047730809280889,-0.0016752861419851856,-0.0016797959045423852,1.0054179267632144,-5.7063059824553184e-08,-0.0029894594161434963,0.01035513786756263,0.01035513786756263,0.12045437587336866,0.9973152913725978,-5.7372223303567537e-08,3.2997118471147004,0.10117419493807966,0.0036904376666666654,0.0013236161622983103,0.0009824093612203818,0.0005149164097507253,0.0032930326916666636,3.2990717966405056,0.1011331075084788,-0.0006400504741947977,-4.108742960086398e-05,-4.1090120838771865e-05,1.0001310208885055,4.815822318712668e-11,-0.0008411532135822689,0.004327761686129376,0.004327761686129376,0.1766591943866231,0.9999345040157354,4.81645329203175e-11]"
/multi_agv/m2b_algorithm_state,1789558511.5671396,1789558511.5671396,m2b_algorithm_state_v1:header6+3x20,"[1.0,-0.15,0.52,3.30185048975656,0.1012503165878265,1789558511.5670087,3.3004142221160575,0.10107527780083109,0.0036904376666666654,0.0015399424177074605,0.0006967491828800297,0.0005697317127261458,0.004584685874999997,3.3007741824886456,0.09989063273534643,0.0003599603725881195,-0.0011846450654846574,-0.0011869047013335647,1.0038319057766012,4.6635046587293856e-08,-0.0007369542355984153,0.004676033799025858,0.004676033799025858,0.14191738937776707,0.9980961943731721,4.6813747691703774e-08,3.3013946892984096,0.10150164999478728,0.002796189458333334,-0.0009432937096037217,0.0016670962051277272,0.0007537770202264565,-0.0017884964166666626,3.299657921406983,0.09943359266989545,-0.0017367678914266271,-0.002068057324891834,-0.0020749500142920783,1.0067178729537642,-8.693790890671918e-08,-0.004245909878575363,0.014942398169744221,0.014942398169744221,0.1204467211161892,0.9966781419538937,-8.752194673362045e-08,3.300708060275634,0.10117424516851702,0.0036904376666666654,0.0013233416226340858,0.0009824227889910116,0.0005150284274145359,0.0032930326916666636,3.2993553480809235,0.10044657488803242,-0.0013527121947105591,-0.0007276702804845936,-0.0007285187872279654,1.0023385235571596,1.510911265078819e-08,-0.002419409030616164,0.010216628690803305,0.010216628690803305,0.17663538606095963,0.9988352987482996,1.5144445666649836e-08]"
/multi_agv/m2b_algorithm_state,1789558511.577052,1789558511.577052,m2b_algorithm_state_v1:header6+3x20,"[1.0,-0.15,0.52,3.302843660767797,0.10125036161177997,1789558511.5769882,3.301425697914812,0.10107509890062544,0.0036904376666666654,0.0015412092128086596,0.0006966305693814506,0.0005692443062927294,0.004584685874999997,3.3017375993677516,0.10066723570962377,0.000311901452939356,-0.00040786319100166724,-0.00040812947649968934,1.0013077688010983,5.529556136850254e-09,-1.825266032549433e-05,0.0017892052074933238,0.0017892052074933238,0.14195249297173523,0.9993475465180661,5.536787517849948e-09,3.302406216925171,0.10150175962587611,0.002796189458333334,-0.0009446697466785449,0.0016671815058328932,0.0007543291141488134,-0.0017884964166666626,3.300638095699511,0.09942853774398958,-0.0017681212256599466,-0.002073221881886536,-0.002080149300235186,1.0067350318092791,-8.750038082130478e-08,-0.004290300832310119,0.015099448277961228,0.015099448277961228,0.12046881649036573,0.9966697494512212,-8.80896986694603e-08,3.301719554429697,0.10117409123697797,0.0036904376666666654,0.0013241832803432595,0.000982382065680465,0.0005146847842195678,0.0032930326916666636,3.3004017119679454,0.10095538314333201,-0.001317842461751706,-0.000218708093645964,-0.00021878445038601277,1.0006988294346317,1.36528240462937e-09,-0.0018660875275756453,0.00804199565588155,0.00804199565588155,0.17670411729160493,0.999650995580746,1.3662365041603098e-09]"
/multi_agv/m2b_algorithm_state,1789558511.5870125,1789558511.5870125,m2b_algorithm_state_v1:header6+3x20,"[1.0,-0.15,0.52,3.303844314525996,0.10125035790747348,1789558511.5869029,3.3024188826004424,0.10107521090358824,0.0036904376666666654,0.0015404122850494351,0.0006966995666936701,0.0005695538525052084,0.004584685874999997,3.30284640064161,0.10190654451968018,0.00042751804116747394,0.000831333616091931,0.0008302376382370286,0.9973716174115498,2.2940673577992508e-08,0.001364635189696371,-0.003693363149357278,-0.003693363149357278,0.14193643043582194,1.0013200772940498,2.2880376710992793e-08,3.3033993716451047,0.10150168766070268,0.002796189458333334,-0.000943801419223205,0.0016671326319217528,0.0007539781467681278,-0.0017884964166666626,3.302098358178566,0.10027280633047307,-0.0013010134665387696,-0.0012288813302296087,-0.00123129974599225,1.0039542403416433,-3.069686046808992e-08,-0.0028575665791657117,0.009706981523858245,0.009706981523858245,0.12045870878844049,0.9980358838126029,-3.0818243232114635e-08,3.302712728057845,0.10117418627104899,0.0036904376666666654,0.0013236598247773554,0.0009824045612055526,0.0005148999804967416,0.0032930326916666636,3.30156971661708,0.10145313985423426,-0.0011430114407651182,0.0002789535831852763,0.0002788298325914173,0.9991136872046047,2.2193853591975274e-09,-0.0011499344683649805,0.0052843145288100106,0.0052843145288100106,0.17667267243183193,1.0004438212106248,2.2174182895557577e-09]"
/multi_agv/m2b_algorithm_state,1789558511.5969145,1789558511.5969145,m2b_algorithm_state_v1:header6+3x20,"[1.0,-0.15,0.52,3.304837395645707,0.10125040215266405,1789558511.5968134,3.3034195351461646,0.1010752027098857,0.0036904376666666654,0.0015404694078017239,0.0006966932530009906,0.0005695323762169465,0.004584685874999997,3.3044472826450066,0.10217975514533202,0.0010277474988420465,0.0011045524354463265,0.0011026216860530419,0.9965186292523285,4.049100362271274e-08,0.0023873060596056,-0.007466256040508316,-0.007466256040508316,0.14193999900520524,1.0017510533464982,4.0350039427156766e-08,3.3044000269381857,0.10150169200717599,0.002796189458333334,-0.000943862664083011,0.0016671372365690829,0.0007540022991075201,-0.0017884964166666626,3.3030892469313544,0.10027280633047307,-0.0013107800068312692,-0.001228885676702915,-0.0012313041095106593,1.0039542542903843,-3.069906907772042e-08,-0.0028697791180497456,0.009750086705298491,0.009750086705298491,0.1204609553661007,0.9980358769299442,-3.08204610033318e-08,3.3037133814936377,0.10117417900535876,0.0036904376666666654,0.001323698703134008,0.0009824021392383477,0.0005148843880444114,0.0032930326916666636,3.3028807293348117,0.101914926714846,-0.0008326521588259972,0.0007407477094872467,0.0007398781350695624,0.9976587529315926,1.56451330991123e-08,-0.00030093706346293405,0.0020606816113752195,0.0020606816113752195,0.17667966107753322,1.0011752941146213,1.5608503977109158e-08]"
/multi_agv/m2b_algorithm_state,1789558511.6070716,1789558511.6070716,m2b_algorithm_state_v1:header6+3x20,"[1.0,-0.15,0.52,3.305846977984513,0.10125033980271973,1789558511.6069164,3.3044126302632217,0.10107530898242986,0.0036904376666666654,0.0015397167608321547,0.0006967640688594116,0.0005698217826605174,0.004584685874999997,3.305394700234873,0.10118653580045717,0.0009820699716511783,0.00011122681802730461,0.0001112070922603935,0.9996454545907465,4.106776927726904e-10,0.0013387945568243663,-0.003264949845913073,-0.003264949845913073,0.1419167568475625,1.0001773786771164,4.1053208888203504e-10,3.305393091029394,0.10150162693846629,0.002796189458333334,-0.0009430448026076883,0.001667086151061703,0.0007536743574067112,-0.0017884964166666626,3.3041352190393822,0.10017632757812846,-0.0012578719900115942,-0.001325299360337831,-0.0013281142141209465,1.004269145823182,-3.567649291223378e-08,-0.0029004542016354395,0.00989878493911987,0.00989878493911987,0.12044632288830208,0.9978805634687234,-3.582880106293583e-08,3.304706465644504,0.101174270537096,0.0036904376666666654,0.001323198188495015,0.0009824264590073241,0.0005150886914750265,0.0032930326916666636,3.303800432537235,0.1011121537470162,-0.0009060331072689998,-6.211679007980808e-05,-6.21229421422683e-05,1.0001981269958993,1.1003722145646284e-10,-0.001194664326228518,0.005591268725579693,0.005591268725579693,0.17663414756631207,0.9999009695573318,1.1005902280058711e-10]"
/multi_agv/m2b_algorithm_state,1789558511.6173015,1789558511.6173015,m2b_algorithm_state_v1:header6+3x20,"[1.0,-0.15,0.52,3.30684998971482,0.10125032175907323,1789558511.617004,3.305422193245655,0.10107515751724847,0.0036904376666666654,0.0015407906875295955,0.0006966659471668633,0.0005694073178970274,0.004584685874999997,3.306227348318916,0.1005320196645276,0.0008051550732610657,-0.0005431378527208652,-0.0005436105484350618,1.001744177436879,9.80401831598735e-09,0.0004628332931412703,0.00014489137035850175,0.00014489137035850175,0.14195193864707106,0.9991304515419037,9.821118263524843e-09,3.3064026967559825,0.10150172108835036,0.002796189458333334,-0.0009442121300918,0.0016671563144088353,0.0007541438568918618,-0.0017884964166666626,3.305088841452115,0.10009787863333654,-0.0013138553038674061,-0.0014038424550138207,-0.0014070027075400438,1.0045261656329252,-4.008214667843021e-08,-0.0030493218373743016,0.010455573207052647,0.010455573207052647,0.12046847175833701,0.9977539115530571,-4.026356511321998e-08,3.305716043951901,0.10117414080256039,0.0036904376666666654,0.0013239090006477074,0.0009823932345944591,0.0005147978641238194,0.0032930326916666636,3.3048859976953637,0.10206112698634297,-0.0008300462565373756,0.0008869861837825788,0.0008857407539066808,0.9972012008804595,2.2433433749331497e-08,-0.00015181706676503876,0.0014642570147964681,0.0014642570147964681,0.17670304524655503,1.001406088486281,2.2370647074705598e-08]"
/multi_agv/m2b_algorithm_state,1789558511.6273088,1789558511.6273088,m2b_algorithm_state_v1:header6+3x20,"[1.0,-0.15,0.52,3.307852044814363,0.10125031038045292,1789558511.6270967,3.3064251989192472,0.10107511715375825,0.0036904376666666654,0.0015410733765642858,0.000696634947427732,0.0005693009083878485,0.004584685874999997,3.3072535011206745,0.10123534127944714,0.0008283022014272667,0.00016022412568889033,0.0001601832080048912,0.9994895535731319,8.529149789526428e-10,0.0011955609597889747,-0.0027777185698148444,-0.0027777185698148444,0.14195249527557138,1.0002554430299453,8.524796115492141e-10,3.3074057161156523,0.10150174311683038,0.002796189458333334,-0.0009445169341415743,0.0016671792024971488,0.000754264073271449,-0.0017884964166666626,3.3058088478991765,0.10093238765802105,-0.0015968682164757553,-0.0005693554588093314,-0.0005698720080468723,1.0018184138283415,-6.591350899555662e-09,-0.002565957278641566,0.008401991455657143,0.008401991455657143,0.12046881518385029,0.9990935697310149,-6.603336703178865e-09,3.30671905410956,0.10117410500663107,0.0036904376666666654,0.0013241015972399045,0.000982381612315542,0.0005147204264091378,0.0032930326916666636,3.306049935454297,0.10188453610733852,-0.0006691186552632011,0.0007104311007074537,0.000709631063584851,0.9977537969320434,1.4395419107027168e-08,-0.00012676725549415043,0.0014548249608510651,0.0014548249608510651,0.1767041128936786,1.001127398677506,1.4363084072464441e-08]"
/multi_agv/m2b_algorithm_state,1789558511.6370544,1789558511.6370544,m2b_algorithm_state_v1:header6+3x20,"[1.0,-0.15,0.52,3.3088403066642713,0.10125038614754316,1789558511.6369088,3.3074272499128727,0.10107509406530586,0.0036904376666666654,0.0015412323939569482,0.0006966136915597331,0.0005692430371307427,0.004584685874999997,3.308225034349891,0.10245159422449415,0.0007977844370183895,0.0013765001591882903,0.001373507810468125,0.9956748979214849,6.290247014159624e-08,0.002370738356741112,-0.007537776059292976,-0.007537776059292976,0.1419524996056637,1.0021786179134615,6.263041053724308e-08,3.308407776585732,0.10150175342441663,0.002796189458333334,-0.0009446863579615451,0.0016671953141065288,0.0007543291318910933,-0.0017884964166666626,3.3068112142034782,0.10093238765802105,-0.0015965623822538078,-0.0005693657663955742,-0.0005698823343046779,1.0018184467079176,-6.592771670506629e-09,-0.0025655853121219377,0.008400508507987046,0.008400508507987046,0.12046881265821488,0.9990935533916244,-6.604760274446914e-09,3.307721107944485,0.1011740836516363,0.0036904376666666654,0.0013242139002795175,0.0009823729179009536,0.0005146762698476112,0.0032930326916666636,3.306548042703998,0.10171386726826512,-0.0011730652404868813,0.0005397836166288195,0.0005393211647447238,0.9982900275804607,8.312078854236993e-09,-0.0009270103858638779,0.004378047723462675,0.004378047723462675,0.1767041043663827,1.00085747030587,8.297865428647211e-09]"
/multi_agv/m2b_algorithm_state,1789558511.6471288,1789558511.6471288,m2b_algorithm_state_v1:header6+3x20,"[1.0,-0.15,0.52,3.309850092692099,0.10125032292664038,1789558511.6469767,3.308415535300232,0.10107527920222457,0.0036904376666666654,0.0015399180664623963,0.0006967325463124396,0.000569750921373871,0.004584685874999997,3.3093174439568367,0.10286360635703416,0.0009019086566048884,0.001788327154809588,0.001783292177928969,0.9944072266306296,1.0604906712274213e-07,0.0029106779986850795,-0.009667094229863234,-0.009667094229863234,0.14193207622308632,1.002823416680079,1.0545595872429149e-07,3.3093960100855315,0.10150163726265514,0.002796189458333334,-0.0009432559627524056,0.0016671102637801916,0.000753753345335964,-0.0017884964166666626,3.307861921456778,0.10071628329467643,-0.0015340886287535938,-0.0007853539679787136,-0.0007863384004259752,1.002514423629653,-1.2526300739837798e-08,-0.0027039491863679673,0.00898152229371058,0.00898152229371058,0.12045596758154616,0.9987480804107642,-1.2557797166410186e-08,3.308709374607051,0.10117424197774974,0.0036904376666666654,0.001323344951417078,0.0009824127215013693,0.0005150322210520615,0.0032930326916666636,3.307351973510364,0.10036227875763291,-0.0013574010966870276,-0.0008119632201168264,-0.0008130203663449934,1.0026119048929296,1.8813460246085493e-08,-0.002509771737203778,0.01057163285122587,0.01057163285122587,0.1766641454405206,0.9986997297092083,1.886259921495518e-08]"
/multi_agv/m2b_algorithm_state,1789558511.6572886,1789558511.6572886,m2b_algorithm_state_v1:header6+3x20,"[1.0,-0.15,0.52,3.310845110137219,0.10125035605944412,1789558511.6572018,3.3094253016416815,0.10107512654833814,0.0036904376666666654,0.0015409992518840327,0.000696632528983443,0.0005693342962616583,0.004584685874999997,3.3102685269748773,0.1012124238755384,0.0008432253331958073,0.00013729732720026144,0.00013726727650221847,0.9995624807526503,6.262679880130049e-10,0.0011912989429969775,-0.0027519833218383346,-0.0027519833218383346,0.14195249735350932,1.0002189210626793,6.259939837142503e-10,3.310405819984343,0.10150173126909354,0.002796189458333334,-0.0009444300648989382,0.0016671818767322044,0.0007542250273594453,-0.0017884964166666626,3.3090004301244567,0.09977010695083609,-0.0014053898598862524,-0.0017316243182574492,-0.001736444545635145,1.0056036862127609,-6.101226657572394e-08,-0.0034931818704929604,0.012154498160553712,0.012154498160553712,0.12046881395729875,0.9972240821684676,-6.135416017274361e-08,3.309719156450272,0.10117411096248949,0.0036904376666666654,0.0013240616676274933,0.0009823785054220435,0.0005147393503351946,0.0032930326916666636,3.3084691062061036,0.10156796499512061,-0.0012500502441685768,0.00039385403263111907,0.0003936075552720578,0.998750246550219,4.425231470400718e-09,-0.0011689552499386632,0.005302171327349227,0.005302171327349227,0.17670410873752543,1.000626200782378,4.419701022104506e-09]"
/multi_agv/m2b_algorithm_state,1789558511.6670482,1789558511.6670482,m2b_algorithm_state_v1:header6+3x20,"[1.0,-0.15,0.52,3.3118390548468497,0.10125039486441212,1789558511.6668792,3.3104203292529015,0.10107520892909064,0.0036904376666666654,0.0015404127783861426,0.0006966835957131316,0.0005695619458645436,0.004584685874999997,3.3111967854355657,0.10042392490748697,0.000776456182664198,-0.0006512840216036653,-0.000651964252651447,1.0020940242164433,1.4094532836086887e-08,0.00031860597567880057,0.0007044417296773389,0.0007044417296773389,0.1419515931314567,0.9989566436426301,1.412404712916511e-08,3.311400825311214,0.10150167828097928,0.002796189458333334,-0.0009437903985265238,0.0016671455219849918,0.0007539666646054766,-0.0017884964166666626,3.309990374172502,0.09990976043086013,-0.0014104511387120766,-0.0015919178501191539,-0.0015959873739879416,1.005143466499455,-5.152481379141433e-08,-0.003359051297378037,0.011625753447939634,0.011625753447939634,0.12046825423952574,0.9974501528426136,-5.178982994504113e-08,3.3107141758475414,0.10117418096826244,0.0036904376666666654,0.0013236758635762655,0.0009823951028844705,0.0005148979479911971,0.0032930326916666636,3.309821457985667,0.1006338368832928,-0.0008927178618742815,-0.0005403440849696406,-0.0005408112959095398,1.001732836854917,8.332284915891798e-09,-0.0016567086232523918,0.00743640061847904,0.00743640061847904,0.1767023684629679,0.9991360924902402,8.346723406279725e-09]"
/multi_agv/m2b_algorithm_state,1789558511.677015,1789558511.677015,m2b_algorithm_state_v1:header6+3x20,"[1.0,-0.15,0.52,3.312837325762606,0.1012504051500553,1789558511.6768918,3.3114142863740357,0.10107530175463827,0.0036904376666666654,0.0015397554479729919,0.0006967462135293971,0.0005698143007406061,0.004584685874999997,3.312231399688843,0.10128202523038955,0.0008171133148073828,0.00020672347575127759,0.00020665538609444828,0.9993417634303152,1.4185455912629663e-09,0.0012280470296036768,-0.002916095190201731,-0.002916095190201731,0.1419314047639341,1.0003294840657972,1.4176118526790318e-09,3.3123947548869803,0.10150162170684057,0.002796189458333334,-0.0009430758001049895,0.0016671001203922842,0.0007536805272853886,-0.0017884964166666626,3.3109758544761028,0.09990976043086013,-0.001418900410877555,-0.0015918612759804468,-0.0015959305119715558,1.0051432843347339,-5.14821533989758e-08,-0.0033695560255684997,0.01166352483927839,0.01166352483927839,0.12045554484616518,0.9974502423754766,-5.174694075207112e-08,3.3117081232795327,0.10117426113175748,0.0036904376666666654,0.0013232376883904914,0.0009824166685895811,0.0005150766622546337,0.0032930326916666636,3.310734411645835,0.0997773242008935,-0.0009737116336978602,-0.0013969369308639845,-0.0014000798427657893,1.0045234145928854,5.570413434489217e-08,-0.0026172193848881145,0.011193584371094583,0.011193584371094583,0.17666283048707185,0.9977551909499702,5.5956107239071905e-08]"
/multi_agv/m2b_algorithm_state,1789558511.68711,1789558511.68711,m2b_algorithm_state_v1:header6+3x20,"[1.0,-0.15,0.52,3.3138444923353787,0.1012503582653969,1789558511.687007,3.312412561092879,0.1010753232815268,0.0036904376666666654,0.001539605759920409,0.0006967654032743013,0.0005698692027996499,0.004584685874999997,3.3132498389666245,0.10128202523038955,0.0008372778737455455,0.00020670194886275584,0.00020663387339479083,0.9993418320059447,1.4181121751290938e-09,0.0012532312155767228,-0.0030057042284215765,-0.0030057042284215765,0.14192653656127377,1.0003294497017676,1.4171788190834437e-09,3.3133930208883604,0.10150161125282037,0.002796189458333334,-0.0009429145695113786,0.0016670853772637884,0.0007536183082951786,-0.0017884964166666626,3.312083845761314,0.10095238295321206,-0.0013091751270462026,-0.0005492282996083092,-0.0005497089011869167,1.001753734347178,-6.123082343583878e-09,-0.00218617780999467,0.007049629653441129,0.007049629653441129,0.12045248001227729,0.9991257162153098,-6.133820603400421e-09,3.312706395306578,0.10117428091581876,0.0036904376666666654,0.0013231324422010569,0.0009824241983961372,0.0005151183657141527,0.0032930326916666636,3.3117377204340133,0.0997773242008935,-0.0009686748725648009,-0.0013969567149252626,-0.0014000997154825852,1.0045234784639323,5.570127718438542e-08,-0.0026109433061885863,0.011171318767853907,0.011171318767853907,0.1766532974518131,0.9977551594914515,5.595324071214251e-08]"
/multi_agv/m2b_algorithm_state,1789558511.6973362,1789558511.6973362,m2b_algorithm_state_v1:header6+3x20,"[1.0,-0.15,0.52,3.314851608707464,0.10125031323000712,1789558511.6971605,3.3134197133639796,0.10107520792774681,0.0036904376666666654,0.0015404249208970928,0.0006966928611214834,0.0005695518632432086,0.004584685874999997,3.313974109390455,0.10130316970867748,0.0005543960264753345,0.0002279617809306661,0.0002278789950100636,0.9992743115531605,1.725719587061502e-09,0.0009208740281042317,-0.0018339788052442996,-0.0018339788052442996,0.14195248981668565,1.000363288949027,1.7244672522946868e-09,3.3144002046056653,0.10150168419846368,0.002796189458333334,-0.0009438056323458352,0.0016671368108611695,0.0007539777992003477,-0.0017884964166666626,3.313162240468942,0.10112309817097537,-0.0012379641367235017,-0.0003785860274883174,-0.000378814086503217,1.0012065198821882,-2.911737897280294e-09,-0.0019262692574075941,0.006055444380877249,0.006055444380877249,0.12046881831029364,0.9993979658544253,-2.9152509669450837e-09,3.31371355903649,0.10117418266998021,0.0036904376666666654,0.0013236720853492833,0.00098240007249466,0.0005148970007903819,0.0032930326916666636,3.3122713897846987,0.10063196337019902,-0.0014421692517911922,-0.0005422192997811964,-0.0005426897658246246,1.00173888736236,8.390205014998128e-09,-0.0023454013305636147,0.009877336618421367,0.009877336618421367,0.17670412345471645,0.9991330847326495,8.404794636466319e-09]"
/multi_agv/m2b_algorithm_state,1789558511.707092,1789558511.707092,m2b_algorithm_state_v1:header6+3x20,"[1.0,-0.15,0.52,3.3158433577933804,0.10125036718297094,1789558511.707007,3.314426815403573,0.10107510128206536,0.0036904376666666654,0.001541178278299869,0.0006966199236988931,0.0005692632523759564,0.004584685874999997,3.3148906687823017,0.10001840621782927,0.00046385337872845156,-0.001056695064236085,-0.0010584912177883164,1.0034131097111227,3.713181154769336e-08,-0.00047867449437775196,0.003707903173789529,0.003707903173789529,0.1419525032826642,0.9983031001844451,3.725854649427837e-08,3.315407338540437,0.10150174805521114,0.002796189458333334,-0.0009446224979326643,0.0016671894989195302,0.0007543044756120609,-0.0017884964166666626,3.313532101328631,0.09929800555353915,-0.0018752372118058247,-0.0022037425016719903,-0.0022115773268693486,1.007169581848648,-9.886799258774255e-08,-0.0045556238416266295,0.016084622126305327,0.016084622126305327,0.12046881054640536,0.9964573586904831,-9.957683475281189e-08,3.3147206721783813,0.10117409035274487,0.0036904376666666654,0.0013241750899157857,0.000982374473681969,0.0005146922833614959,0.0032930326916666636,3.31337836271479,0.09994267924784903,-0.0013423094635913735,-0.0012314111048958437,-0.001233850283939862,1.003979995050634,4.33110953668085e-08,-0.002911737113429079,0.012167173343425687,0.012167173343425687,0.17670409723092972,0.9980231158708903,4.348347331200594e-08]"
/multi_agv/m2b_algorithm_state,1789558511.7170532,1789558511.7170532,m2b_algorithm_state_v1:header6+3x20,"[1.0,-0.15,0.52,3.3168384443737033,0.10125039846705002,1789558511.716871,3.3154185811122536,0.10107523418298595,0.0036904376666666654,0.0015402337500742096,0.0006967037373983404,0.0005696290705431343,0.004584685874999997,3.315793890418274,0.09958179096363548,0.00037530930602036605,-0.0014934432193504654,-0.0014970427858471797,1.0048476098670378,7.414578229294794e-08,-0.0010279061533217222,0.0058384621631533285,0.0058384621631533285,0.14195165666290652,0.9975955486838826,7.450521211879047e-08,3.316399067697186,0.10150166374537996,0.002796189458333334,-0.0009435938396012995,0.0016671297114165817,0.0007538896872270329,-0.0017884964166666626,3.314512843600068,0.09929800555353915,-0.0018862240971180277,-0.0022036581918408044,-0.0022114924214705683,1.007169308845861,-9.875280529578406e-08,-0.004569272542868103,0.016133687681543385,0.016133687681543385,0.12046829423010319,0.9964574919842799,-9.946079465634472e-08,3.315712424570702,0.10117420362054694,0.0036904376666666654,0.0013235523917871097,0.0009824021961746263,0.000514947778571279,0.0032930326916666636,3.314308676214771,0.09932652014001024,-0.001403748355931267,-0.0018476834805366965,-0.0018532005619203498,1.006013452494418,9.75043032051678e-08,-0.0036078860068344334,0.014872836513036034,0.014872836513036034,0.17670249288358178,0.9970229442527601,9.809064070049341e-08]"
/multi_agv/m2b_algorithm_state,1789558511.7270677,1789558511.7270677,m2b_algorithm_state_v1:header6+3x20,"[1.0,-0.15,0.52,3.3178444845374337,0.1012503590460211,1789558511.7268994,3.316413677809488,0.10107530819674315,0.0036904376666666654,0.001539710489859673,0.0006967548210631055,0.0005698293110327516,0.004584685874999997,3.317155393968461,0.10071373548895804,0.0007417161589731158,-0.00036157270778511275,-0.00036178190543433524,1.001158733114916,4.341257912276267e-09,0.0005653632932820596,-0.00030222997802376874,-0.00030222997802376874,0.1419355112515397,0.9994217575669756,4.346288271579613e-09,3.3173941418652055,0.10150161938161299,0.002796189458333334,-0.0009430255983455902,0.0016670924745061377,0.0007536627436889876,-0.0017884964166666626,3.315764554767703,0.10065905077171555,-0.001629587097502494,-0.00084256860989744,-0.0008437021936766867,1.0026993540868403,-1.4414960955903322e-08,-0.002880686065554804,0.009630941030402336,0.009630941030402336,0.120458130118912,0.998656417172146,-1.4453872039671283e-08,3.316707513446417,0.10117426782279385,0.0036904376666666654,0.001323202329998633,0.0009824200558692384,0.0005150902268374032,0.0032930326916666636,3.3152030440410747,0.09864961593272209,-0.0015044694053423235,-0.002524651890071755,-0.002535004990562899,1.0082795099879434,1.8207518457528125e-07,-0.004415591747240804,0.01798210840472763,0.01798210840472763,0.1766708723351188,0.9959159447300162,1.8358267788452893e-07]"
/multi_agv/m2b_algorithm_state,1789558511.7370882,1789558511.7370882,m2b_algorithm_state_v1:header6+3x20,"[1.0,-0.15,0.52,3.318841696819795,0.10125037720571195,1789558511.7369018,3.317419705970582,0.10107521113783195,0.0036904376666666654,0.0015403997741666414,0.0006966938992577273,0.0005695622233106846,0.004584685874999997,3.318298980751815,0.10125482477052035,0.0008792747812327306,0.0001796136326883968,0.00017956222007999896,0.9994279084511375,1.0713527816667396e-09,0.0012786556966209123,-0.003082592815051298,-0.003082592815051298,0.1419524923536243,1.000286321968925,1.0707398697944977e-09,3.3184001964091685,0.10150168081216836,0.002796189458333334,-0.0009437753584708693,0.0016671356152051509,0.0007539652984417389,-0.0017884964166666626,3.31676607326717,0.10065905077171555,-0.0016341231419985114,-0.0008426300404528048,-0.0008437637891192836,1.002699550532669,-1.442852193263143e-08,-0.002886417716617423,0.009650502993644006,0.009650502993644006,0.12046881685304255,0.9986563198360737,-1.4467472456700291e-08,3.3177135512325497,0.10117418518806302,0.0036904376666666654,0.0013236562811155934,0.0009823998090561451,0.0005149039883204846,0.0032930326916666636,3.31630006561703,0.09994842363941701,-0.0014134856155196829,-0.0012257615486460094,-0.001228178291692776,1.0039614776833887,4.28975983852878e-08,-0.0029950353110923793,0.01245875504434669,0.01245875504434669,0.17670411851746848,0.998032253897408,4.306753626396209e-08]"
/multi_agv/m2b_algorithm_state,1789558511.7469792,1789558511.7469792,m2b_algorithm_state_v1:header6+3x20,"[1.0,-0.15,0.52,3.3198431586884873,0.10125036780759485,1789558511.7468464,3.318416924035737,0.10107525480914457,0.0036904376666666654,0.0015400903206896945,0.0006967230069713001,0.0005696812182079595,0.004584685874999997,3.3193111851962294,0.1007592000261585,0.0008942611604925155,-0.0003160547829860749,-0.0003162145699470877,1.0010123408408496,3.3177410686085016e-09,0.0008016118806685566,-0.0011603527045078656,-0.0011603527045078656,0.1419495360154529,0.9994946881763243,3.321099753391618e-09,3.3193974016550474,0.1015016540050191,0.002796189458333334,-0.0009434388127209392,0.0016671145057571835,0.0007538303979214706,-0.0017884964166666626,3.317959499972036,0.09876625160849588,-0.0014379016830115,-0.002735402396523229,-0.0027475220944441748,1.0089527160076694,-1.5218881660045777e-07,-0.00454489919820855,0.016252053074729007,0.016252053074729007,0.12046695924111935,0.9955888624351908,-1.5355131985502496e-07,3.3187107647686007,0.10117422280297217,0.0036904376666666654,0.0013234504841062775,0.0009824097643783567,0.000514988014947045,0.0032930326916666636,3.317432504586768,0.10101141635469842,-0.0012782601818326356,-0.0001628064482737529,-0.0001628487420694593,1.0005198787990301,7.560984474578518e-10,-0.0017606739693602537,0.007643453770121577,0.007643453770121577,0.17669833942817925,0.9997402878574994,7.564915270106647e-10]"
/multi_agv/m2b_algorithm_state,1789558511.7569027,1789558511.7569027,m2b_algorithm_state_v1:header6+3x20,"[1.0,-0.15,0.52,3.3208388077833786,0.10125039556290828,1789558511.7568026,3.319418383144707,0.10107523125541386,0.0036904376666666654,0.0015402578819084791,0.0006967088883556901,0.0005696159311610795,0.004584685874999997,3.32042738861965,0.09939657910537955,0.001009005474942981,-0.0016786521500343071,-0.0016832062237238734,1.0054601655434952,9.36895954393359e-08,-0.00042194938004514707,0.003780332967455798,0.003780332967455798,0.1419524912465347,0.9972944053881341,9.420115614013776e-08,3.3203988667852773,0.10150166925050587,0.002796189458333334,-0.0009436211120045965,0.001667124290369859,0.0007539043287330682,-0.0017884964166666626,3.319051366132005,0.10000090492890198,-0.00134750065327216,-0.001500764321603884,-0.0015043786559770268,1.0048439602721668,-4.5782098232691264e-08,-0.003188754472567227,0.010987922395730437,0.010987922395730437,0.12046881749592289,0.9975974570240128,-4.600386489770686e-08,3.319712226135478,0.10117420291686481,0.0036904376666666654,0.0013235600788650804,0.0009824051858216007,0.000514942891481828,0.0032930326916666636,3.3185587394888656,0.10197420429711583,-0.0011534866466123006,0.0008000013802510197,0.0007989875793689229,0.9974731764510482,1.8245513608268978e-08,-0.0006428707288964529,0.003251255861778212,0.003251255861778212,0.17670412071710076,1.0012688568737171,1.819941041482088e-08]"
/multi_agv/m2b_algorithm_state,1789558511.7670777,1789558511.7670777,m2b_algorithm_state_v1:header6+3x20,"[1.0,-0.15,0.52,3.3218444407445467,0.10125035888656836,1789558511.7669477,3.3204140411591143,0.1010752970631354,0.0036904376666666654,0.0015397926581018876,0.0006967539802367633,0.0005697941318935526,0.004584685874999997,3.3214145232401564,0.09925331151929474,0.0010004820810420867,-0.0018219855438406513,-0.001827356317268485,1.0059359536197339,1.1034944284167747e-07,-0.0005767537159658766,0.004388783256907034,0.004388783256907034,0.14194181279911638,0.9970609052120377,1.1100447201634914e-07,3.321394504946508,0.10150162972206991,0.002796189458333334,-0.0009431160815830623,0.0016670914893870403,0.0007537024774848938,-0.0017884964166666626,3.3202767909053517,0.10088597756799392,-0.001117714041156237,-0.0006156521540759963,-0.0006162563368690169,1.0019673120430899,-7.695693117211664e-09,-0.002013398888314313,0.006465347230710144,0.006465347230710144,0.12046209723420172,0.9990195917561024,-7.710832946961078e-09,3.3207078772445144,0.10117425990351954,0.0036904376666666654,0.0013232493433322744,0.0009824209352045088,0.0005150693910446389,0.0032930326916666636,3.3196122289285075,0.10210535711643107,-0.0010956483160069475,0.0009310972129115275,0.0009297252894774552,0.9970634915811869,2.4707090498072353e-08,-0.0004398351055312291,0.0024695308774114596,0.0024695308774114596,0.17668321334028905,1.0014756223688863,2.4634537918820386e-08]"
/multi_agv/m2b_algorithm_state,1789558511.77722,1789558511.77722,m2b_algorithm_state_v1:header6+3x20,"[1.0,-0.15,0.52,3.322847412017589,0.10125034046530097,1789558511.7771215,3.3214196628767776,0.10107520703736679,0.0036904376666666654,0.0015404318945823887,0.0006966969657974608,0.0005695467054128015,0.004584685874999997,3.322522058752858,0.10039434084336127,0.0011023958760802977,-0.0006808661940055222,-0.0006816097883578552,1.0021898696623655,1.5404501473352925e-08,0.0006963850567425168,-0.0006200218251196303,-0.0006200218251196303,0.1419524948376834,0.9989090615113897,1.5438235323793284e-08,3.322400151402634,0.10150168650671788,0.002796189458333334,-0.0009438115045979586,0.0016671319742629365,0.0007539828604485738,-0.0017884964166666626,3.3212811683170482,0.10088597756799392,-0.0011189830855857785,-0.0006157089387239661,-0.0006163132327709445,1.001967493254358,-7.702786704606512e-09,-0.0020150420897531674,0.006470496457296474,0.006470496457296474,0.12046881541679627,0.9990195017487108,-7.717941885487584e-09,3.3217135079542275,0.1011741831156204,0.0036904376666666654,0.001323671026919581,0.0009824019237447915,0.0005148964966586681,0.0032930326916666636,3.3206033560294963,0.10180036507936042,-0.0011101519247311842,0.0006261819637400218,0.000625560030514292,0.9980182766592494,1.1180630252743874e-08,-0.0007621298753996882,0.003752859190339156,0.003752859190339156,0.1767041136640414,1.0009942023073604,1.1158473336807708e-08]"
/multi_agv/m2b_algorithm_state,1789558511.787064,1789558511.787064,m2b_algorithm_state_v1:header6+3x20,"[1.0,-0.15,0.52,3.3238441000642958,0.101250362549319,1789558511.7869508,3.322422628231563,0.10107516382811547,0.0036904376666666654,0.001540736766068175,0.000696666776494847,0.0005694302591979697,0.004584685874999997,3.323597345031335,0.10083820795484638,0.001174716799771769,-0.00023695587326909295,-0.00023704563531507048,1.0007583044059885,1.8655683256116737e-09,0.0012313503643996406,-0.002720324549741338,-0.002720324549741338,0.14195250081756694,0.9996213301043986,1.8669829942926575e-09,3.3234031299587845,0.10150171202647694,0.002796189458333334,-0.0009441418386147721,0.0016671538235883965,0.0007541146835278872,-0.0017884964166666626,3.32168777388443,0.09903972287968672,-0.0017153560743543572,-0.0024619891467902166,-0.0024717868899775024,1.0080330943542593,-1.2335557596297617e-07,-0.004615981982920449,0.016396675665591574,0.016396675665591574,0.12046881196470946,0.9960361699355988,-1.2434650294381076e-07,3.3227164778624174,0.10117414554131052,0.0036904376666666654,0.0013238753947033234,0.0009823912038312132,0.0005148134872414449,0.0032930326916666636,3.3217093193578098,0.10299141684647461,-0.0010071585046076414,0.0018172713051640976,0.001812080156346346,0.9943262490000402,9.410135895074631e-08,0.0005531320255867942,-0.0014747553509656913,-0.0014747553509656913,0.17670410202885903,1.002864745689958,9.356745127130194e-08]"
/multi_agv/m2b_algorithm_state,1789558511.7971597,1789558511.7971597,m2b_algorithm_state_v1:header6+3x20,"[1.0,-0.15,0.52,3.3248401996154566,0.10125038763315086,1789558511.7970512,3.3234193230331672,0.10107521862024017,0.0036904376666666654,0.0015403470157855626,0.0006967007543132722,0.0005695815262363678,0.004584685874999997,3.324600217311201,0.10083820795484638,0.001180894278033584,-0.00023701066539379145,-0.00023710046892727032,1.0007584796610114,1.865958650958642e-09,0.0012390173786147097,-0.0027478837809006384,-0.0027478837809006384,0.1419524954918519,0.9996212426998345,1.867373942643682e-09,3.3243998099380794,0.10150167694131326,0.002796189458333334,-0.0009437171294766093,0.0016671296213517373,0.0007539431759827908,-0.0017884964166666626,3.322672759582769,0.09903972287968672,-0.0017270503553104,-0.0024619540616265395,-0.0024717515275941553,1.0080329804750263,-1.2329658899827336e-07,-0.004630564471732155,0.01644839624166589,0.01644839624166589,0.12046881503535296,0.9960362253817836,-1.2428702809033384e-07,3.32371316722164,0.10117419208640356,0.0036904376666666654,0.0013236191647826782,0.0009824023133478748,0.0005149187741833199,0.0032930326916666636,3.322733606075258,0.10299141684647461,-0.0009795611463818688,0.001817224760071054,0.0018120338786247552,0.9943263949124811,9.407830987858049e-08,0.0005875824456474193,-0.001598066277689509,-0.001598066277689509,0.1767041124009553,1.0028646712997653,9.35445467010282e-08]"
/multi_agv/m2b_algorithm_state,1789558511.8071704,1789558511.8071704,m2b_algorithm_state_v1:header6+3x20,"[1.0,-0.15,0.52,3.325851625692111,0.10125031375247073,1789558511.8071115,3.324415430587207,0.10107527851882699,0.0036904376666666654,0.0015399231501864964,0.0006967411703358011,0.0005697442320405058,0.004584685874999997,3.3256148916949257,0.10083820795484638,0.0011994611077188466,-0.00023707056398060422,-0.00023716041287904694,1.0007586712492302,1.866387758328022e-09,0.0012621659717695114,-0.002830387994051448,-0.002830387994051448,0.14195175701048598,0.9996211471495096,1.8678037330601807e-09,3.3253958997167428,0.10150164058087278,0.002796189458333334,-0.0009432566941424865,0.0016671003038575272,0.0007537588431657527,-0.0017884964166666626,3.3236693368902737,0.09903972287968672,-0.0017265628264691024,-0.0024619177011860616,-0.0024717148798616938,1.008032862456489,-1.2323281068691683e-07,-0.004629918412948072,0.01644656942905212,0.01644656942905212,0.12046835740901693,0.9960362828433592,-1.2422272290529138e-07,3.324709268542421,0.10117424379975283,0.0036904376666666654,0.0013233367620189532,0.0009824162923669057,0.0005150339134600583,0.0032930326916666636,3.323769946908134,0.10299141684647461,-0.0009393216342870048,0.0018171730467217845,0.0018119824623270648,0.9943265570266557,9.40528657606233e-08,0.0006378304194683089,-0.0017778386566928797,-0.0017778386566928797,0.17670268951186374,1.0028645886495244,9.35192621902508e-08]"
/multi_agv/m2b_algorithm_state,1789558511.817108,1789558511.817108,m2b_algorithm_state_v1:header6+3x20,"[1.0,-0.15,0.52,3.3268409255483498,0.10125038297886167,1789558511.8169694,3.325426833500688,0.101075100563938,0.0036904376666666654,0.0015411835298634186,0.0006966236351301444,0.0005692590455565552,0.004584685874999997,3.3266168664139024,0.10083820795484638,0.0011900329132146226,-0.00023689260909161292,-0.00023698232324712644,1.0007581020526795,1.865113418978524e-09,0.0012505588182711517,-0.0027880397361735075,-0.0027880397361735075,0.14195251032016604,0.999621431023697,1.8665273652899317e-09,3.326407353915575,0.10150174989345241,0.002796189458333334,-0.0009446258100927526,0.0016671846703917304,0.0007543084229450631,-0.0017884964166666626,3.324653441036039,0.09903972287968672,-0.0017539128795363013,-0.0024620270137656886,-0.002471825056157009,1.008033217262662,-1.2342258673933476e-07,-0.004664216155577386,0.01656592133141932,0.01656592133141932,0.12046880646960019,0.9960361100932629,-1.244140671937316e-07,3.325720689660071,0.10117409080002177,0.0036904376666666654,0.0013241736325416377,0.0009823760109916486,0.0005146921154505144,0.0032930326916666636,3.324793316898981,0.10299141684647461,-0.0009273727610898952,0.0018173260464528496,0.0018121345831728969,0.9943260773936196,9.412824811034065e-08,0.0006529186318105279,-0.0018309763043829128,-0.0018309763043829128,0.17670408345962432,1.0028648331796985,9.35941717154884e-08]"
/multi_agv/m2b_algorithm_state,1789558511.827158,1789558511.827158,m2b_algorithm_state_v1:header6+3x20,"[1.0,-0.15,0.52,3.327843305971701,0.10125036752840298,1789558511.827014,3.3264161547922555,0.10107526987998719,0.0036904376666666654,0.0015399816139331887,0.0006967319200656518,0.0005697237019305713,0.004584685874999997,3.3273942536859615,0.10114014803971982,0.0009780988937060364,6.487815973263422e-05,6.48714459973271e-05,0.9997930862997629,1.397552423046074e-10,0.0012874950631298727,-0.0030608797503308698,-0.0030608797503308698,0.14195249168354132,1.000103492919017,1.3972632503029462e-10,3.3273966279642484,0.10150164358377652,0.002796189458333334,-0.0009433180221005734,0.001667107247694588,0.0007537818147445446,-0.0017884964166666626,3.325577141652046,0.09909611842332718,-0.0018194863122023008,-0.00240552516044934,-0.0024148746749617575,1.0078438786643185,-1.1765525649084784e-07,-0.0046892325652146336,0.016633666749507975,0.016633666749507975,0.12046881723689866,0.996128364502988,-1.1857813004698132e-07,3.3267099938885467,0.1011742354728213,0.0036904376666666654,0.0013233796573757063,0.0009824122538300674,0.0005150174206459074,0.0032930326916666636,3.3253396325261897,0.10328335519346779,-0.0013703613623570199,0.0021091197206464934,0.002102142792693129,0.9934369871938328,1.2667824504340428e-07,0.00038919108974685415,-0.0010239171390491512,-0.0010239171390491512,0.17670411981732023,1.0033189600523882,1.2584685409892162e-07]"
/multi_agv/m2b_algorithm_state,1789558511.8370166,1789558511.8370166,m2b_algorithm_state_v1:header6+3x20,"[1.0,-0.15,0.52,3.328839745920611,0.10125039030234162,1789558511.8368924,3.327418530612932,0.10107523131833072,0.0036904376666666654,0.0015402559225942657,0.0006967084812766972,0.0005696169921777208,0.004584685874999997,3.3284825308104784,0.10143611710300543,0.0010640001975463775,0.00036088578467470545,0.00036067851511507605,0.9988528954316906,4.324113142275962e-09,0.001690678762048048,-0.0046319139892665425,-0.0046319139892665425,0.14195249661152967,1.0005746656674663,4.319152932336571e-09,3.3283990138501625,0.10150166842822862,0.002796189458333334,-0.0009436165673758516,0.001667123635384904,0.0007539026994769216,-0.0017884964166666626,3.3265662066320534,0.09909611842332718,-0.0018328072181090782,-0.0024055500049014467,-0.002414899711168673,1.0078439592624753,-1.1769491209492039e-07,-0.00470590873380502,0.016692066182422638,0.016692066182422638,0.12046881440478102,0.9961283252368682,-1.1861810619079355e-07,3.327712373452008,0.1011742028386496,0.0036904376666666654,0.0013235594288110216,0.0009824046118548143,0.0005149434717983117,0.0032930326916666636,3.3263643164646335,0.10322493070306164,-0.0013480569873745019,0.002050727864412044,0.002044128980681289,0.9936144239656863,1.1978254865636767e-07,0.00035905774646316155,-0.0008890985152316456,-0.0008890985152316456,0.17670411022580745,1.0032282129910197,1.1901766808433856e-07]"
/multi_agv/m2b_algorithm_state,1789558511.8471527,1789558511.8471527,m2b_algorithm_state_v1:header6+3x20,"[1.0,-0.15,0.52,3.3298405856292477,0.10125038446249013,1789558511.8470075,3.3284149778977783,0.10107528522850533,0.0036904376666666654,0.001539874902837953,0.0006967455395872511,0.00056976287260026,0.004584685874999997,3.329411001164959,0.10043188201886039,0.0009960232671808456,-0.000643403209644941,-0.0006440670379722485,1.0020684992440856,1.375061414307597e-08,0.0006009620460038084,-0.00029972196982303023,-0.00029972196982303023,0.14195249084846023,0.9989693179619975,1.3779057278036635e-08,3.3293954447989234,0.10150163612199506,0.002796189458333334,-0.0009432029582633322,0.0016670966349376926,0.0007537374589603046,-0.0017884964166666626,3.327737074340495,0.10105165520069757,-0.0016583704584283154,-0.00044998092129748535,-0.0004503032813728345,1.0014352119298588,-4.1110756847421355e-09,-0.002523266354408229,0.0082023173005487,0.0082023173005487,0.12046881772137048,0.9992841267459424,-4.11697594960943e-09,3.3287088150651307,0.10117424955652449,0.0036904376666666654,0.0013233047844379534,0.000982417572367656,0.0005150471086856697,0.0032930326916666636,3.3272219782875054,0.1017478244008061,-0.0014868367776252889,0.0005735748442816102,0.0005730528144367308,0.9981836823960475,9.37867277151463e-09,-0.0012854931575948803,0.005637460157929992,0.005637460157929992,0.17670412146182227,1.000910962884621,9.361638123058019e-09]"
/multi_agv/m2b_algorithm_state,1789558511.8572552,1789558511.8572552,m2b_algorithm_state_v1:header6+3x20,"[1.0,-0.15,0.52,3.3308458724839904,0.10125035038021034,1789558511.8571608,3.3294158161063034,0.10107526904170092,0.0036904376666666654,0.001539991593180569,0.00069673792286462,0.0005697162540239412,0.004584685874999997,3.3302061801289105,0.09933333497468558,0.0007903640226070152,-0.0017419340670153383,-0.00174684030709615,1.0056700392370264,1.0087339164808959e-07,-0.0007588852788373811,0.0049964995356701,0.0049964995356701,0.1419524929874018,0.9971913631366981,1.0144534773670619e-07,3.3303962861323475,0.1015016479306151,0.002796189458333334,-0.0009433309520544401,0.0016671015092994956,0.000753790404374885,-0.0017884964166666626,3.328733424098459,0.1020473104222012,-0.0016628620338883238,0.0005456624915861075,0.0005451920285261001,0.9982791935353169,-6.0418658341687e-09,-0.0015333855138343045,0.004264666051845464,0.004264666051845464,0.1204688164793735,1.0008629309223014,-6.031468952382514e-09,3.329709654649092,0.1011742364151544,0.0036904376666666654,0.00132337878147683,0.0009824156128288358,0.0005150160531524387,0.0032930326916666636,3.3283253551099325,0.10273930927885343,-0.001384299539159528,0.0015650728636990296,0.0015612152115003796,0.995099567505779,6.978192724921165e-08,-0.00016915921244903048,0.0012193664359079032,0.0012193664359079032,0.17670411723187793,1.0024709291648155,6.943996562541024e-08]"
/multi_agv/m2b_algorithm_state,1789558511.8671823,1789558511.8671823,m2b_algorithm_state_v1:header6+3x20,"[1.0,-0.15,0.52,3.331850390930319,0.10125032232954628,1789558511.8670816,3.3304210923743396,0.101075186238018,0.0036904376666666654,0.0015405788163285476,0.0006966842083222951,0.0005694896567202564,0.004584685874999997,3.3314181086917243,0.0997118484261487,0.0009970163173846913,-0.0013633378118693001,-0.0013663345879924404,1.0044188148830693,6.179810781726517e-08,-0.00012006419126157626,0.00257546300875049,0.00257546300875049,0.1419525031577892,0.997806704046376,6.207118221583362e-08,3.3314015857727997,0.10150169943819884,0.002796189458333334,-0.0009439693459510363,0.0016671398664285242,0.0007540471739655302,-0.0017884964166666626,3.329747610622882,0.10151177256794511,-0.0016539751499178301,1.0073129746268616e-05,1.0072968767453146e-05,0.9999680391937885,-2.0611501691451793e-12,-0.0020573959686298344,0.00635551303753946,0.00635551303753946,0.12046881062149921,1.0000159812682026,-2.0610842931240507e-12,3.330714939304831,0.10117416546441414,0.0036904376666666654,0.0013237676334818052,0.0009823974295085636,0.0005148569592014021,0.0032930326916666636,3.329277947691405,0.10217612930824009,-0.0014369916134260308,0.0010019638438259482,0.0010003759866805129,0.9968425345217922,2.862092712371877e-08,-0.0007958635301020256,0.003706705543356455,0.003706705543356455,0.17670409748534963,1.0015872603566827,2.8530557534371325e-08]"
/multi_agv/m2b_algorithm_state,1789558511.8771498,1789558511.8771498,m2b_algorithm_state_v1:header6+3x20,"[1.0,-0.15,0.52,3.3328389129348657,0.10125039612494187,1789558511.8769817,3.3314256017219863,0.101075120856777,0.0036904376666666654,0.0015410397897341016,0.0006966378516941589,0.0005693139562100405,0.004584685874999997,3.3325745597254137,0.10146334264916412,0.0011489580034274027,0.0003882217923871223,0.0003879819827087437,0.9987663865569867,5.006452079278018e-09,0.0018241794869929971,-0.005118619654163084,-0.005118619654163084,0.14195251191633512,1.0006180948834384,5.0002760526912185e-09,3.332406115457636,0.10150173768638039,0.002796189458333334,-0.000944468657370065,0.0016671735819513422,0.0007542460705023263,-0.0017884964166666626,3.330756562828031,0.10151177256794511,-0.0016495526296051999,1.0034881564716103e-05,1.0034721806105657e-05,0.9999681605532618,-2.046608979656043e-12,-0.002051906065200394,0.00633554010491586,0.00633554010491586,0.12046880555271919,1.0000159205819088,-2.0465438167584414e-12,3.3317194556113345,0.10117410844548146,0.0036904376666666654,0.001324077384155653,0.0009823808474879849,0.000514731319627571,0.0032930326916666636,3.3302466824113566,0.10167297351926319,-0.0014727731999779614,0.0004988650737817318,0.0004984699550149997,0.9984189185902893,7.099116502397011e-09,-0.001342496544957452,0.005873488054332845,0.005873488054332845,0.17670408038299543,1.0007926631540316,7.0878922212697e-09]"
/multi_agv/m2b_algorithm_state,1789558511.8870494,1789558511.8870494,m2b_algorithm_state_v1:header6+3x20,"[1.0,-0.15,0.52,3.333843598783654,0.10125036550505824,1789558511.88691,3.3324141467062214,0.10107530031663782,0.0036904376666666654,0.0015397669267359928,0.0006967540350030885,0.000569805256871286,0.004584685874999997,3.333668161382689,0.10225025174497826,0.0012540146764674631,0.00117495142834044,0.0011727678888677178,0.9962997133837491,4.579364511366364e-08,0.002740286234452047,-0.00875921379492017,-0.00875921379492017,0.14195249189205342,1.0018618683999188,4.5624195501540204e-08,3.333394609702764,0.10150162591582176,0.002796189458333334,-0.00094308442606278,0.0016670903036954954,0.0007536893726396571,-0.0017884964166666626,3.3319501912216865,0.10168819452441694,-0.0014444184810775695,0.00018656860859517232,0.00018651345971116873,0.9994092264282606,-7.063125287641938e-10,-0.0016190096416357931,0.0047241756723358135,0.0047241756723358135,0.1204688171138851,1.0002956831324077,-7.058952579888116e-10,3.332707982395611,0.10117426214236605,0.0036904376666666654,0.0013232349490608368,0.0009824200714497527,0.0005150760796648001,0.0032930326916666636,3.331177175877939,0.10120171296393071,-0.001530806517672012,2.745082156466183e-05,2.744962090625836e-05,0.9999125320285971,2.1489041801742037e-11,-0.0018860585261837566,0.008007040442348403,0.008007040442348403,0.17670411938387087,1.0000437404366191,2.1487162198848246e-11]"
/multi_agv/m2b_algorithm_state,1789558511.897131,1789558511.897131,m2b_algorithm_state_v1:header6+3x20,"[1.0,-0.15,0.52,3.3348418752818056,0.10125037674717846,1789558511.8969572,3.3334188232645015,0.1010752245302715,0.0036904376666666654,0.0015403056587459186,0.0006967069190247693,0.0005695962462372111,0.004584685874999997,3.334625752848176,0.10009248344658259,0.001206929583674743,-0.0009827410836889122,-0.0009842937547292043,1.0031715854194498,3.2096437277465185e-08,0.0005243682248642243,0.00012614660652037878,0.00012614660652037878,0.14195250096457707,0.9984225531932597,3.219823386995068e-08,3.3343993066462323,0.10150167425300195,0.002796189458333334,-0.0009436708267520338,0.0016671235877341317,0.0007539262438311239,-0.0017884964166666626,3.333091222980906,0.1034375593517851,-0.0013080836653260874,0.0019358850987831466,0.0019300257152762162,0.9939911105306611,-7.599777452425276e-08,0.0002949211336186069,-0.0028740291976346484,-0.0028740291976346484,0.12046881188107039,1.0030359095532009,-7.554111229722079e-08,3.333712666440229,0.10117419773190128,0.0036904376666666654,0.0013235892822638395,0.000982404545671156,0.0005149305659389886,0.0032930326916666636,3.3324464150834783,0.1023669653918706,-0.001266251356750736,0.0011927676599693127,0.0011905207213070235,0.9962494168104176,4.054830508025178e-08,-0.0003922934746313966,0.0021832618660790892,0.0021832618660790892,0.17670410174019427,1.001887357878007,4.039622528885173e-08]"
/multi_agv/m2b_algorithm_state,1789558511.9071171,1789558511.9071171,m2b_algorithm_state_v1:header6+3x20,"[1.0,-0.15,0.52,3.3358483263616,0.10125033542112111,1789558511.9069445,3.3344171033707135,0.10107525126068156,0.0036904376666666654,0.0015401166600986656,0.0006967250899340797,0.000569668717732849,0.004584685874999997,3.3354951247688134,0.09895945394896856,0.001078021398099871,-0.0021157973117130052,-0.002123055961293005,1.0069160074528318,1.488691696274012e-07,-0.0007755292136681661,0.005217649213105441,0.005217649213105441,0.14195249850725003,0.99658103709354,1.498987499140412e-07,3.335397578725681,0.10150165813746247,0.002796189458333334,-0.0009434655777070017,0.0016671103316250324,0.0007538441708520444,-0.0017884964166666626,3.334252111772781,0.10416652311999106,-0.001145466952900076,0.002664864982528589,0.0026538233247047926,0.9917972385518318,-1.4390031100353935e-07,0.0012219896335796975,-0.006530471603943181,-0.006530471603943181,0.12046881330567819,1.0041606604784155,-1.427199310800601e-07,3.3347109437490237,0.10117422084339132,0.0036904376666666654,0.0013234632324717614,0.0009824108577996425,0.0005149819203010227,0.0032930326916666636,3.3335265441948403,0.10280003815890376,-0.0011843995541833685,0.0016258173155124372,0.0016216563173759486,0.9949128943992467,7.53053281917129e-08,0.00014115687464673799,8.406892869219375e-05,8.406892869219375e-05,0.17670410655974553,1.0025658939516986,7.492224203490226e-08]"
/multi_agv/m2b_algorithm_state,1789558511.9170337,1789558511.9170337,m2b_algorithm_state_v1:header6+3x20,"[1.0,-0.15,0.52,3.3368372221484197,0.10125040648703447,1789558511.916889,3.335423541476711,0.10107515183661214,0.0036904376666666654,0.0015408207792115096,0.0006966592120132727,0.0005693977776410674,0.004584685874999997,3.3364971204568836,0.09962748081850067,0.0010735789801725737,-0.0014476710181114683,-0.0014510521588890798,1.0046966183724733,6.969490322241319e-08,-0.00010907843367336271,0.002574373617836469,0.002574373617836469,0.14195251074467752,0.9976698695791886,7.002223358535533e-08,3.3364040455657142,0.10150171911735986,0.002796189458333334,-0.0009442303716052556,0.0016671576123425957,0.0007541510887162511,-0.0017884964166666626,3.335289176385321,0.10416652311999106,-0.0011148691803932742,0.0026648040026311937,0.002653762854229531,0.9917974273997382,-1.440103353832725e-07,0.0012601763787379382,-0.006668019720812728,-0.006668019720812728,0.12046880622769626,1.0041605633239101,-1.4282908015210318e-07,3.335717392042375,0.10117413530939133,0.0036904376666666654,0.0013239310150915903,0.0009823882366789332,0.0005147909213591797,0.0032930326916666636,3.3345873842946543,0.1031915500415654,-0.0011300077477205406,0.0020174147321740665,0.002011026878362946,0.993715757138922,1.1595798195038085e-07,0.0005985171937122704,-0.0017294660809280093,-0.0017294660809280093,0.17670408266394638,1.0031764139404842,1.1522927383012416e-07]"
/multi_agv/m2b_algorithm_state,1789558511.9271605,1789558511.9271605,m2b_algorithm_state_v1:header6+3x20,"[1.0,-0.15,0.52,3.3378434535876518,0.10125036561489988,1789558511.9270408,3.336412459520923,0.10107532368184814,0.0036904376666666654,0.0015396029216411325,0.0006967718204428756,0.0005698670952100745,0.004584685874999997,3.3376481058803833,0.10127895518637733,0.001235646359460496,0.000203631504529192,0.00020356543495515805,0.9993515861602575,1.3762949784582343e-09,0.001748123384280778,-0.004762410857275637,-0.004762410857275637,0.14195249139155036,1.0003245618493557,1.3754025697466339e-09,3.337392914377544,0.10150161295280241,0.002796189458333334,-0.0009429066538751345,0.0016670766873727594,0.000753619397303798,-0.0017884964166666626,3.335876351882181,0.10428891859618991,-0.0015165624953628054,0.0027873056433875,0.0027752372808749395,0.9914324037257009,-1.5731971668584076e-07,0.0008795341616714327,-0.005360290643178285,-0.005360290643178285,0.12046881740070059,1.0043485876309486,-1.5597186486728934e-07,3.336706292546792,0.10117428282645288,0.0036904376666666654,0.0013231234574105888,0.0009824265703022531,0.0005151210265286338,0.0032930326916666636,3.335247129186183,0.10340421649399215,-0.0014591633606091392,0.0022299336675392634,0.0022221416999315736,0.9930706293435912,1.4156639747517232e-07,0.0003981874991701496,-0.0011120440784830338,-0.0011120440784830338,0.17670412041160208,1.0035065124820481,1.4058543143457437e-07]"
/multi_agv/m2b_algorithm_state,1789558511.9369807,1789558511.9369807,m2b_algorithm_state_v1:header6+3x20,"[1.0,-0.15,0.52,3.338838981866182,0.1012503942342509,1789558511.9368992,3.3374186785074267,0.10107522265128523,0.0036904376666666654,0.0015403210791515229,0.0006967087526697385,0.0005695886083787155,0.004584685874999997,3.33859994229376,0.10076880551222223,0.0011812637863330977,-0.0003064171390630005,-0.0003065673187864512,1.0009813643185483,3.1189331985390165e-09,0.001170012414129921,-0.0024709433605892596,-0.0024709433605892596,0.1419525032570503,0.9995101248102858,3.1219940082919988e-09,3.3383991607026937,0.1015016773024419,0.002796189458333334,-0.0009436884804224135,0.0016671213451258104,0.0007539350626260682,-0.0017884964166666626,3.336917859865705,0.10428891859618991,-0.0014813008369887193,0.002787241293748008,0.002775173493194989,0.9914326027870924,-1.5744285250925877e-07,0.0009235474469590898,-0.005518793977260362,-0.005518793977260362,0.12046881055475067,1.0043484850884496,-1.5609397705347874e-07,3.337712521552835,0.10117419689097251,0.0036904376666666654,0.0013235961385079497,0.0009824057657543683,0.0005149269594125665,0.0032930326916666636,3.3362675370967683,0.10328380110197165,-0.001444984456066667,0.002109604210999136,0.0021026240993023567,0.993435512478308,1.2675715928002784e-07,0.00029639352921902304,-0.0006920676636254903,-0.0006920676636254903,0.17670409725041636,1.0033197144934727,1.2592506348964897e-07]"
/multi_agv/m2b_algorithm_state,1789558511.94735,1789558511.94735,m2b_algorithm_state_v1:header6+3x20,"[1.0,-0.15,0.52,3.339843226002889,0.10125036654840348,1789558511.9472399,3.338414215880983,0.10107529087867101,0.0036904376666666654,0.0015398385977041093,0.0006967547960923246,0.0005697737946368157,0.004584685874999997,3.3394970776006425,0.09888092102134063,0.0010828617196594337,-0.002194369857330375,-0.002202182247165003,1.0071791767496034,1.601107095407021e-07,-0.0008486050975907108,0.0055087896814479285,0.0055087896814479285,0.14195249584797193,0.996452432651891,1.6126017262399924e-07,3.3393946778672294,0.10150163603188327,0.002796189458333334,-0.0009431647636395065,0.0016670880031410817,0.0007537253928971005,-0.0017884964166666626,3.3380368303253425,0.10487499114360196,-0.0013578475418869473,0.0033733551117186983,0.0033557571105458316,0.9897006752699476,-2.3038984808468558e-07,0.0016584476831871474,-0.008432528897648082,-0.008432528897648082,0.12046881484837497,1.0052441224418665,-2.2801698822475398e-07,3.3387080518503347,0.10117425579219842,0.0036904376666666654,0.0013232747447852653,0.0009824217512480974,0.0005150579560660585,0.0032930326916666636,3.3372751054903964,0.1031015260767149,-0.0014329463599382919,0.0019272702845164746,0.0019214365567293125,0.9939903810899495,1.057813187022389e-07,0.00013025360680644763,-1.4860388547774904e-05,-1.4860388547774904e-05,0.17670411172633477,1.0030361282378704,1.0514561328903585e-07]"
/multi_agv/m2b_algorithm_state,1789558511.95697,1789558511.95697,m2b_algorithm_state_v1:header6+3x20,"[1.0,-0.15,0.52,3.340837066430829,0.10125040577300733,1789558511.956809,3.339418451549856,0.10107522253326,0.0036904376666666654,0.0015403244441684898,0.0006967119227391898,0.0005695855008931768,0.004584685874999997,3.34028658703834,0.09744906843773421,0.0008681354884840786,-0.003626154095525788,-0.0036477181406578915,1.0120554856901254,4.377565233366734e-07,-0.002562548780052793,0.012128929031327758,0.012128929031327758,0.14195250411898883,0.9940883466593134,4.4303389083951775e-07,3.3403989321332306,0.1015016795133723,0.002796189458333334,-0.0009436937764434493,0.0016671183910257348,0.000753938894906464,-0.0017884964166666626,3.339085140811504,0.10490969863639987,-0.0013137913217264874,0.0034080191230275725,0.003390062354101055,0.9895990007705422,-2.3527466207488982e-07,0.0017478232019429458,-0.008770656569289874,-0.008770656569289874,0.12046881005607693,1.0052968845557648,-2.3282757049593795e-07,3.3397122943255795,0.10117419759857814,0.0036904376666666654,0.0013235948333578176,0.0009824075894982352,0.000514926576536138,0.0032930326916666636,3.338292190683927,0.10296858849995304,-0.0014201036416525703,0.0017943909013748982,0.0017893287734365786,0.9943962248822689,9.17287885883617e-08,1.4199221370865761e-05,0.0004607531700485174,0.0004607531700485174,0.17670409559152556,1.0028290652972607,9.121476108529061e-08]"
/multi_agv/m2b_algorithm_state,1789558511.967072,1789558511.967072,m2b_algorithm_state_v1:header6+3x20,"[1.0,-0.15,0.52,3.341841737274294,0.10125037500098762,1789558511.9668853,3.34041230441559,0.10107531607600931,0.0036904376666666654,0.0015396629585806656,0.0006967749655054864,0.0005698394358310318,0.004584685874999997,3.341055239938094,0.09783980209283348,0.0006429355225043842,-0.003235513983175828,-0.0032526318584616748,1.0107098150644294,3.482827130146937e-07,-0.0024489624553311945,0.011571360653468511,0.011571360653468511,0.14195249366862875,0.9947372232608142,3.520127564612188e-07,3.3413927573673265,0.10150162291292439,0.002796189458333334,-0.000942975875702896,0.0016670728094934084,0.0007536514197511723,-0.0017884964166666626,3.339544085084736,0.10492825308699978,-0.0018486722825903357,0.003426630174075393,0.0034084793097788214,0.989544434809138,-2.3766705502671343e-07,0.0010976389565409018,-0.0064435300962613065,-0.0064435300962613065,0.120468816105458,1.005325208882594,-2.3518211163916145e-07,3.34070613750957,0.1011742783300883,0.0036904376666666654,0.0013231543165688514,0.0009824294835916632,0.0005151061349844875,0.0032930326916666636,3.3389453675056724,0.10327417925632029,-0.001760770003897516,0.0020999009262319956,0.0020929843763360426,0.9934649888526156,1.255527184469503e-07,-0.00010797812853585243,0.0007579886223867918,0.0007579886223867918,0.17670411600394495,1.0033046352252573,1.2473223003231507e-07]"
/multi_agv/m2b_algorithm_state,1789558511.9769776,1789558511.9769776,m2b_algorithm_state_v1:header6+3x20,"[1.0,-0.15,0.52,3.3428393237336373,0.10125039037298432,1789558511.9769096,3.3414169659075954,0.10107523951495075,0.0036904376666666654,0.0015402078584668215,0.0006967277172063465,0.0005696278205082365,0.004584685874999997,3.3422541276287627,0.09936364541148514,0.0008371617211673232,-0.001711594103465608,-0.0017163298438269401,1.005569381137589,9.740179874713499e-08,-0.0006698776923677861,0.004669486249950912,0.004669486249950912,0.14195250271287135,0.9972407749137703,9.794426648784452e-08,3.342397439343337,0.10150167215472088,0.002796189458333334,-0.0009435697264463007,0.0016671062071278442,0.0007538914611997932,-0.0017884964166666626,3.3405896132062747,0.10493710691785545,-0.0018078261370622073,0.0034354347631345705,0.003417191740634842,0.9895186399009289,-2.390387514137821e-07,0.001157409069307083,-0.006662971295968423,-0.006662971295968423,0.12046881087059295,1.0053386007822724,-2.365333001825819e-07,3.3417108065719505,0.10117421333329121,0.0036904376666666654,0.0013235124662250891,0.0009824140868093028,0.0005149588998819956,0.0032930326916666636,3.3400000125581064,0.10360572407798875,-0.001710794013844108,0.0024315107446975376,0.002422260539517513,0.9924616396300427,1.6834141199323543e-07,0.000283768022212378,-0.000795048324684557,-0.000795048324684557,0.1767040983451064,1.003818831636446,1.6707239376444297e-07]"
/multi_agv/m2b_algorithm_state,1789558511.9869068,1789558511.9869068,m2b_algorithm_state_v1:header6+3x20,"[1.0,-0.15,0.52,3.3438372031728125,0.10125040340807667,1789558511.9867985,3.342414557268507,0.10107527571066505,0.0036904376666666654,0.0015399525703575193,0.0006967526285771789,0.0005697255196956044,0.004584685874999997,3.343294079398895,0.09910773833649555,0.0008795221303876666,-0.0019675373741694924,-0.0019738073945137894,1.006420665295441,1.2871037610285768e-07,-0.0008744047315292062,0.005501692526949237,0.005501692526949237,0.1419524990159289,0.9968233879548102,1.2953678234786447e-07,3.3433950197707785,0.10150165071768101,0.002796189458333334,-0.0009432932571151421,0.0016670881114237979,0.0007537810340900869,-0.0017884964166666626,3.3416078475195077,0.10456559046412643,-0.0017871722512707855,0.003063939746445421,0.003049387701634856,0.9906119935375157,-1.9013468636772165e-07,0.000815422387546374,-0.005260268091702354,-0.005260268091702354,0.12046881300875197,1.004772120253113,-1.8834970070335905e-07,3.342708394161626,0.10117424469060689,0.0036904376666666654,0.001323341994321841,0.0009824229053433386,0.0005150282057738232,0.0032930326916666636,3.3409748068431355,0.10238367383994532,-0.0017335873184904926,0.0012094291493384285,0.0012071192913755983,0.9961977498468816,4.168073426833974e-08,-0.0009598648567375175,0.004198980878184427,0.004198980878184427,0.1767041055738586,1.0019135291593244,4.152225369008586e-08]"
/multi_agv/m2b_algorithm_state,1789558511.99704,1789558511.99704,m2b_algorithm_state_v1:header6+3x20,"[1.0,-0.15,0.52,3.3448389604730786,0.10125039139737423,1789558511.99684,3.3434124410403547,0.1010753050392134,0.0036904376666666654,0.0015397471723032751,0.0006967747556892326,0.0005698030418527121,0.004584685874999997,3.344328562368064,0.0973174484431818,0.0009161213277093516,-0.003757856596031603,-0.003781038385170057,1.0125117468966862,4.69995491073272e-07,-0.0026358867255333674,0.0124384146387322,0.0124384146387322,0.1419524958200789,0.9938689357851067,4.758759557001645e-07,3.3443928937583705,0.1015016345996575,0.002796189458333334,-0.0009430718633184829,0.001667071756673355,0.0007536935747424617,-0.0017884964166666626,3.34265018137534,0.10456559046412643,-0.0017427123830304758,0.003063955864468934,0.0030494036651235166,0.9906119438030413,-1.9009207275790354e-07,0.0008710131863354218,-0.00545948613901,-0.00545948613901,0.1204688148510981,1.004772145948355,-1.8830747769625598e-07,3.343706274719713,0.10117427058535913,0.0036904376666666654,0.0013232026623345413,0.000982431167586029,0.0005150843031016543,0.0032930326916666636,3.3422217634873657,0.10126862482572838,-0.0014845112323471632,9.435424036924323e-05,9.434006246868793e-05,0.9996995822553665,2.538622528325751e-10,-0.0017612989779652662,0.007535432393721393,0.007535432393721393,0.17670411175131515,1.000150285045232,2.5378598810713157e-10]"
/multi_agv/m2b_algorithm_state,1789558512.0070808,1789558512.0070808,m2b_algorithm_state_v1:header6+3x20,"[1.0,-0.15,0.52,3.345842661633965,0.10125036736410224,1789558512.00693,3.3444141948365567,0.101075273692785,0.0036904376666666654,0.001539971948951429,0.0006967572344288794,0.0005697147241846806,0.004584685874999997,3.345210840317738,0.09623022870661932,0.0007966454811811907,-0.004845044986165684,-0.004883896038381209,1.016328510795066,7.819248196519239e-07,-0.003888089186904721,0.01724104538411514,0.01724104538411514,0.14195249963723244,0.9920450697741711,7.946924875105403e-07,3.3453946550931124,0.10150165608071592,0.002796189458333334,-0.0009433181829949754,0.0016670838601005045,0.0007537940500250695,-0.0017884964166666626,3.3439573590265232,0.10465686528387384,-0.0014372960665891554,0.003155209203157927,0.0031397880179291453,0.9903424869905451,-2.0162228291751103e-07,0.001343167934692701,-0.007196880290144726,-0.007196880290144726,0.12046881264994672,1.0049115370657897,-1.9967511309723918e-07,3.3447080314895676,0.10117424441862176,0.0036904376666666654,0.0013233485000670553,0.0009824259720268465,0.0005150237906793873,0.0032930326916666636,3.343263708980794,0.10170499256419291,-0.0014443225087736877,0.0005307481455711499,0.0005303010165388641,0.9983184819848513,8.030929136282552e-09,-0.0012751021194282457,0.005619199985672911,0.005619199985672911,0.17670410433488365,1.0008431608055444,8.01742498426151e-09]"
/multi_agv/m2b_algorithm_state,1789558512.017331,1789558512.017331,m2b_algorithm_state_v1:header6+3x20,"[1.0,-0.15,0.52,3.346842373069667,0.10125036955679578,1789558512.0171452,3.3454178884853047,0.10107521492248916,0.0036904376666666654,0.0015403895200239467,0.0006967193436421043,0.0005695534333089611,0.004584685874999997,3.34628702189416,0.09826565996535111,0.0008691334088553049,-0.002809554957138055,-0.0028224211175205353,1.009255567506288,2.626674465091258e-07,-0.0017360043564514042,0.00889285741825995,0.00889285741825995,0.14195250693118172,0.9954414455367373,2.650985827919953e-07,3.3463983652938802,0.10150169306903317,0.002796189458333334,-0.0009437730554708612,0.0016671109797461447,0.0007539771147927754,-0.0017884964166666626,3.344999995092992,0.10465686528387384,-0.001398370200888177,0.003155172214840671,0.003139751394654276,0.9903426010284073,-2.017147484032041e-07,0.0013917886435440546,-0.007371797053918119,-0.007371797053918119,0.12046880843391013,1.004911478091116,-1.9976670859941993e-07,3.3457117311227096,0.1011741941007844,0.0036904376666666654,0.0013236249495319806,0.0009824133234583197,0.0005149105398972813,0.0032930326916666636,3.344331379696302,0.10229388101639433,-0.0013803514264076888,0.0011196869156099298,0.0011177057847935195,0.9964762831792936,3.573460097700454e-08,-0.0006077334982160915,0.0029838962382910134,0.0029838962382910134,0.17670409010197485,1.0017724975958466,3.560868236246064e-08]"
/multi_agv/m2b_algorithm_state,1789558512.027622,1789558512.027622,m2b_algorithm_state_v1:header6+3x20,"[1.0,-0.15,0.52,3.3478488692683808,0.10125032827863195,1789558512.0274231,3.3464176004411383,0.101075220781856,0.0036904376666666654,0.0015403478781085712,0.0006967220683720575,0.0005695700660824222,0.004584685874999997,3.347812882850741,0.09976662306412357,0.0013952824096028493,-0.0013085977177324376,-0.0013113575349164468,1.0042387737097984,5.692450329676115e-08,0.00043274547708711483,0.0005976377639947856,0.0005976377639947856,0.14195250705379547,0.9978954502410472,5.716579338477879e-08,3.347398076146814,0.10150168906144653,0.002796189458333334,-0.000943728045537539,0.0016671092314415326,0.0007539585139522548,-0.0017884964166666626,3.346277305652684,0.10489318623458257,-0.0011207704941296193,0.0033914971731360405,0.0033737118510812655,0.9896474559221548,-2.3301038891288383e-07,0.0019727487334192414,-0.009570558673484294,-0.009570558673484294,0.12046880836654017,1.0052717371369684,-2.3059813859106733e-07,3.346711442621048,0.10117419882708481,0.0036904376666666654,0.0013235988461621447,0.0009824141217865236,0.0005149214394264442,0.0032930326916666636,3.345515800520774,0.10078417794652446,-0.001195642100273897,-0.00039002088056035167,-0.0003902640196500111,1.0012486368006888,4.340386676565365e-09,-0.0018848166449923825,0.008180701545145264,0.008180701545145264,0.17670408985004663,0.999376988199226,4.345806243098944e-09]"
/multi_agv/m2b_algorithm_state,1789558512.0375342,1789558512.0375342,m2b_algorithm_state_v1:header6+3x20,"[1.0,-0.15,0.52,3.348840435190981,0.10125038302491156,1789558512.037356,3.347424083376905,0.1010751229061158,0.0036904376666666654,0.0015410400035265072,0.0006966548717101337,0.0005693050106920226,0.004584685874999997,3.3488263777324674,0.09938946331471259,0.0014022943555622724,-0.0016856595914032102,-0.0016902520149397224,1.0054833993652308,9.452189609810218e-08,6.261592951311819e-05,0.0020744166149619468,0.0020744166149619468,0.14195251937130543,0.9972829947866232,9.504019740316691e-08,3.3484045885893576,0.10150174791304084,0.002796189458333334,-0.0009444795190134475,0.001667157962931043,0.0007542589032266817,-0.0017884964166666626,3.347323218794023,0.10489318623458257,-0.0010813697953344636,0.0033914383215417343,0.0033736536231253793,0.9896476369759917,-2.3318778585843573e-07,0.0020219413789572998,-0.009747951789004682,-0.009747951789004682,0.12046880125180404,1.0052716432696132,-2.307737412464645e-07,3.347717935838879,0.1011741140167392,0.0036904376666666654,0.0013240615017408321,0.0009823906543159795,0.0005147331030775654,0.0032930326916666636,3.346395074286301,0.0993955383200674,-0.001322861552578214,-0.001778575696671808,-0.0017836851372674525,1.0057840379324963,9.037753726712254e-08,-0.00343726207799022,0.014244003661624398,0.014244003661624398,0.1767040658203992,0.9971354582213585,9.090028437092117e-08]"
/multi_agv/m2b_algorithm_state,1789558512.0472703,1789558512.0472703,m2b_algorithm_state_v1:header6+3x20,"[1.0,-0.15,0.52,3.3498444246798247,0.10125035738782572,1789558512.04717,3.3484156660959155,0.10107525721515759,0.0036904376666666654,0.0015400865838344,0.0006967398972320452,0.0005696740526178991,0.004584685874999997,3.3498191546317098,0.09938946331471259,0.001403488535794306,-0.0016857939004450012,-0.0016903870521969928,1.0054838347013462,9.447842053864969e-08,6.39736175458898e-05,0.002068732557349225,0.002068732557349225,0.14195250483729002,0.9972827810376197,9.499652457972791e-08,3.3493961343327316,0.10150166331080847,0.002796189458333334,-0.0009434424462255748,0.001667097425252173,0.0007538408576907574,-0.0017884964166666626,3.348275476190186,0.10389720743043653,-0.001120658142545583,0.002395544119628057,0.0023866031915078076,0.9926034138070456,-1.1630454993754604e-07,0.0009857805133258288,-0.005557928544736256,-0.005557928544736256,0.12046880963955843,1.0037462985686367,-1.1544429330930022e-07,3.3487095051442957,0.10117422854876859,0.0036904376666666654,0.0013234328056143142,0.0009824190240043775,0.000514990861548506,0.0032930326916666636,3.347387911867278,0.0993955383200674,-0.0013215932770176408,-0.0017786902287011963,-0.0017838003239122628,1.0057844089870736,9.03462177342187e-08,-0.003435791920184314,0.014238235281001786,0.014238235281001786,0.17670409417340754,0.9971352762175428,9.086881720802861e-08]"
/multi_agv/m2b_algorithm_state,1789558512.057137,1789558512.057137,m2b_algorithm_state_v1:header6+3x20,"[1.0,-0.15,0.52,3.3508385647043077,0.10125039506801553,1789558512.0570266,3.349419647532046,0.101075195152866,0.0036904376666666654,0.0015405267227515894,0.0006966991458893011,0.0005695044674286772,0.004584685874999997,3.350552424780644,0.09871460006187086,0.0011327772485980603,-0.002360595090995149,-0.002369647223552417,1.0077374556966026,1.8538967391648618e-07,-0.0009536756628048416,0.005951115101724825,0.005951115101724825,0.14195251265065087,0.9961799661707884,1.8682411830502258e-07,3.3504001335736704,0.10150170176053608,0.002796189458333334,-0.0009439210970363871,0.0016671266815375674,0.0007540331181310894,-0.0017884964166666626,3.3493594591974714,0.10470304557307367,-0.0010406743761990356,0.003201343812537588,0.0031854739537402555,0.9902064841719646,-2.0768683332989948e-07,0.001884630983491461,-0.009162762811271201,-0.009162762811271201,0.12046880512326583,1.0049819458667049,-2.0565284904040856e-07,3.3497134929337573,0.10117417525007506,0.0036904376666666654,0.0013237248416805019,0.0009824051733423383,0.0005148714798550191,0.0032930326916666636,3.3486966550133643,0.10273237102999573,-0.0010168379203929767,0.001558195779920668,0.0015543717525012687,0.9951207137101714,6.91884734620066e-08,0.0002833243520100478,-0.0003922639826671097,-0.0003922639826671097,0.1767040789238663,1.0024601755746305,6.885088309202925e-08]"
/multi_agv/m2b_algorithm_state,1789558512.0671942,1789558512.0671942,m2b_algorithm_state_v1:header6+3x20,"[1.0,-0.15,0.52,3.351844119352608,0.10125035900102658,1789558512.0670633,3.350413799318033,0.1010752861497206,0.0036904376666666654,0.0015398821857322332,0.0006967587639913114,0.000569752837191478,0.004584685874999997,3.351636293270934,0.10017495094333724,0.0012224939529006384,-0.000900335206383357,-0.0009016375916259802,1.0029029334217965,2.6930412443276144e-08,0.0006264798494998178,-0.00027301079479132863,-0.00027301079479132863,0.14195250273671692,0.9985555335594707,2.7008589637620494e-08,3.3513942593371358,0.10150164569282696,0.002796189458333334,-0.0009432209304451387,0.0016670838984849112,0.0007537518744342997,-0.0017884964166666626,3.350282745331408,0.10527283097110053,-0.0011115140057276207,0.003771185278273567,0.0037492584039485943,0.9885387220209144,-2.8786425279619366e-07,0.0023598658967890684,-0.011145465441142153,-0.011145465441142153,0.12046881084805144,1.0058483230448667,-2.8456496057465473e-07,3.3507076354577534,0.10117425336149903,0.0036904376666666654,0.0013232975154561458,0.000982425524877528,0.0005150461230691802,0.0032930326916666636,3.3494756049311936,0.10227156179351507,-0.0012320305265598464,0.0010973084320160392,0.0010954053800657276,0.996545832313505,3.431252195770604e-08,-0.0004446327781340803,0.0024123004579775747,0.0024123004579775747,0.17670409827330763,1.0017373038191553,3.419400075311758e-08]"
/multi_agv/m2b_algorithm_state,1789558512.0771792,1789558512.0771792,m2b_algorithm_state_v1:header6+3x20,"[1.0,-0.15,0.52,3.3528372040738645,0.10125040326021861,1789558512.0770402,3.351419342746236,0.10107519819029433,0.0036904376666666654,0.0015405065128283545,0.0006967020139748029,0.0005695117357671971,0.004584685874999997,3.3527591400446064,0.10101199665165195,0.0013397972983701933,-6.320153864237954e-05,-6.320791603350599e-05,1.0002018594278224,1.3268250209368618e-10,0.0016115387069292357,-0.004150736428508595,-0.004150736428508595,0.14195251337564493,0.9998991045500841,1.3270928530764085e-10,3.352399827515265,0.10150170073414291,0.002796189458333334,-0.0009439001961521658,0.0016671244879704616,0.000754025199349001,-0.0017884964166666626,3.351332212604634,0.10527283097110053,-0.0010676149106307875,0.0037711302369576177,0.0037492040100772657,0.9885388907683802,-2.8806309112413754e-07,0.0024146853717887814,-0.01134324242670521,-0.01134324242670521,0.12046880471169893,1.0058482352044376,-2.8476156857116574e-07,3.351713187796323,0.1011741780786425,0.0036904376666666654,0.0013237105737125237,0.0009824064386816603,0.0005148770062957434,0.0032930326916666636,3.350457374218691,0.10184391335863145,-0.0012558135776319368,0.0006697352799889533,0.0006690240568247881,0.9978814891091924,1.2790012862728878e-08,-0.0009007429152151329,0.004226870706439692,0.004226870706439692,0.17670407753077827,1.001063075620241,1.2762917081185616e-08]"
/multi_agv/m2b_algorithm_state,1789558512.0871723,1789558512.0871723,m2b_algorithm_state_v1:header6+3x20,"[1.0,-0.15,0.52,3.3538408788881227,0.10125037900163929,1789558512.0870755,3.3524124413281733,0.1010753047659723,0.0036904376666666654,0.0015397519088400642,0.0006967723004456686,0.0005698022658560033,0.004584685874999997,3.353724946012287,0.10098592928677641,0.0013125046841135912,-8.937547919589395e-05,-8.938823505584295e-05,1.0002855406224667,2.652101236802931e-10,0.001551242620086146,-0.003925203133386694,-0.003925203133386694,0.14195250156258427,0.9998572982234069,2.652858519440932e-10,3.3533928954027035,0.10150163533559818,0.002796189458333334,-0.0009430806558672314,0.0016670739865176643,0.0007536962261387309,-0.0017884964166666626,3.352473013640424,0.10473571733261014,-0.0009198817622793065,0.003234081997011959,0.0032178899229223117,0.9901100498766702,-2.117623780388755e-07,0.0020680377200731786,-0.009836017407371648,-0.009836017407371648,0.12046881153028322,1.0050318918538215,-2.0966805868207333e-07,3.352706275490716,0.10117426967908533,0.0036904376666666654,0.001323209741061406,0.000982430531955925,0.0005150815653830231,0.0032930326916666636,3.3519235042582896,0.1029842719786206,-0.0007827712324264269,0.0018100022995352766,0.001804852321172057,0.9943484843363196,9.330357255087834e-08,0.0008263882806390235,-0.0024482634236557524,-0.0024482634236557524,0.17670410056615826,1.002853407064283,9.277626594912971e-08]"
/multi_agv/m2b_algorithm_state,1789558512.0971928,1789558512.0971928,m2b_algorithm_state_v1:header6+3x20,"[1.0,-0.15,0.52,3.3548411659780295,0.10125037715799634,1789558512.097049,3.353416108759978,0.10107524427191597,0.0036904376666666654,0.0015401826882795958,0.0006967350814380598,0.0005696349002841629,0.004584685874999997,3.3545801772045514,0.10029757041388478,0.0011640684445732852,-0.0007776738580311943,-0.0007786446461978589,1.0025039685137846,2.0094525367573574e-08,0.0006764409095187476,-0.0005054525518412884,-0.0005054525518412884,0.14195250881057422,0.9987532333633768,2.0144841426393426e-08,3.354396578999127,0.10150167437339529,0.002796189458333334,-0.0009435503442626085,0.0016671003330124279,0.0007538861152680265,-0.0017884964166666626,3.353516059053739,0.10473571733261014,-0.0008805199453876256,0.003234042959214853,0.003217851279883601,0.9901101701468192,-2.1186269729488402e-07,0.002117201348149069,-0.010012942153428628,-0.010012942153428628,0.12046880734686805,1.0050318296039578,-2.0976741126640167e-07,3.353709948905263,0.10117421835960658,0.0036904376666666654,0.0013234927179838047,0.0009824184507291282,0.0005149651901080465,0.0032930326916666636,3.352975679049677,0.10327950933380671,-0.0007342698555858895,0.002105290974200133,0.002098339150478527,0.9934486129785945,1.2622988984354223e-07,0.0011805018309961651,-0.0038518294758105964,-0.0038518294758105964,0.17670408640894059,1.0033130124460674,1.254029089815078e-07]"
/multi_agv/m2b_algorithm_state,1789558512.107144,1789558512.107144,m2b_algorithm_state_v1:header6+3x20,"[1.0,-0.15,0.52,3.355837046354728,0.10125040328430783,1789558512.1069977,3.354416395263553,0.10107523942603697,0.0036904376666666654,0.0015402177225516014,0.0006967322250495118,0.0005696212001316839,0.004584685874999997,3.3555863187221906,0.10076245995413188,0.001169923458637534,-0.0003127794719050836,-0.00031293596040908426,1.001001812912345,3.2495947330534164e-09,0.0011494683628878333,-0.0023952450111553165,-0.0023952450111553165,0.1419525099777594,0.9994999344153477,3.2528502190168778e-09,3.355396866766538,0.10150167777205081,0.002796189458333334,-0.0009435890650806647,0.0016671023655256967,0.0007539018421633958,-0.0017884964166666626,3.35472100766596,0.10610393746178086,-0.0006758591005779913,0.004602259689730048,0.0045698103623296755,0.9861466460282027,-4.286090710293494e-07,0.0037249864866071864,-0.016474196604111913,-0.016474196604111913,0.12046880667339187,1.0071008039344176,-4.226713978528566e-07,3.354710235903997,0.10117421427590126,0.0036904376666666654,0.0013235156910342814,0.000982417622356225,0.0005149556630776957,0.0032930326916666636,3.353957628717866,0.10331953407119414,-0.0007526071861310157,0.00214531979529288,0.0021381032945358975,0.9933271022828722,1.3107402387553055e-07,0.0011973443118721279,-0.003930875749825315,-0.003930875749825315,0.1767040841422174,1.0033751880816164,1.3019938032083677e-07]"
/multi_agv/m2b_algorithm_state,1789558512.117147,1789558512.117147,m2b_algorithm_state_v1:header6+3x20,"[1.0,-0.15,0.52,3.3568394408623097,0.10125038724186308,1789558512.1170046,3.355412283918481,0.10107530137839868,0.0036904376666666654,0.0015397801876639683,0.0006967743311137474,0.0005697889519361119,0.004584685874999997,3.3566740868179785,0.10155962710947618,0.0012618028994975106,0.0004843257310774979,0.0004839527683861869,0.9984626880831049,7.785026916384931e-09,0.002061206392758075,-0.006008331450908186,-0.006008331450908186,0.14195250318966357,1.0007706592784966,7.773058901733023e-09,3.3563927370045343,0.1015016406398018,0.002796189458333334,-0.0009431147547456324,0.0016670719494187303,0.0007537120664819347,-0.0017884964166666626,3.3557759006516887,0.10610393746178086,-0.0006168363528455956,0.00460229682197906,0.004569846963537243,0.9861465330442573,-4.2840059619353235e-07,0.0037988015224802484,-0.01673989120032796,-0.01673989120032796,0.12046881059730707,1.0071008632675744,-4.2246576269034475e-07,3.355706118141169,0.10117426783472298,0.0036904376666666654,0.0013232239370907562,0.0009824323764883848,0.0005150744525505629,0.0032930326916666636,3.354984933112106,0.1033155577297307,-0.0007211850290627098,0.0021412898950077114,0.00213410026597395,0.9933393350958564,1.3055362590361494e-07,0.001232618979645563,-0.004055431079319251,-0.004055431079319251,0.17670409738001,1.0033689274812398,1.2968405194945004e-07]"
/multi_agv/m2b_algorithm_state,1789558512.1271627,1789558512.1271627,m2b_algorithm_state_v1:header6+3x20,"[1.0,-0.15,0.52,3.357844660088638,0.10125035363455609,1789558512.1270444,3.3564146736019453,0.10107526066127828,0.0036904376666666654,0.0015400709849636173,0.0006967501369459224,0.0005696754879579211,0.004584685874999997,3.357394496462279,0.10204435566605066,0.0009798228603337122,0.0009690950047723801,0.000967607251792655,0.9969408616831843,3.116367789464865e-08,0.0021923858272097953,-0.006706948031574712,-0.006706948031574712,0.14195250814516852,1.0015375587326043,3.106834389350823e-08,3.3573951371867525,0.10150166756086246,0.002796189458333334,-0.0009434325327301136,0.0016670889733285676,0.0007538409569981253,-0.0017884964166666626,3.356219802343212,0.10436246297991651,-0.0011753348435403765,0.0028607954190540547,0.0028480894053557653,0.9912139402368532,-1.6580800581394068e-07,0.0013789208509302946,-0.007185560206462166,-0.007185560206462166,0.12046880772862163,1.0044612411655323,-1.643512067656512e-07,3.356708511798231,0.10117423350344851,0.0036904376666666654,0.0013234140621503653,0.0009824247773011947,0.0005149959935637567,0.0032930326916666636,3.3557709338956485,0.10364942895932873,-0.0009375779025826425,0.002475195455880222,0.002465613067330719,0.992330043148045,1.744259119700157e-07,0.0012936406891024157,-0.00443118102006293,-0.00443118102006293,0.17670408769984966,1.0038864121367903,1.7308807275134278e-07]"
/multi_agv/m2b_algorithm_state,1789558512.1371636,1789558512.1371636,m2b_algorithm_state_v1:header6+3x20,"[1.0,-0.15,0.52,3.358843431260297,0.10125036225621768,1789558512.137016,3.357419882190367,0.10107517966111398,0.0036904376666666654,0.0015406451605368605,0.0006966963834837967,0.0005694545664763791,0.004584685874999997,3.358282205677061,0.10053492297807859,0.0008623234866940166,-0.000540256683035395,-0.0005407243667490671,1.0017348681033962,9.699343394284311e-09,0.0005371799916184536,-0.0001199853491223445,-0.0001199853491223445,0.1419525181750015,0.9991350792706386,9.716170475762942e-09,3.358400369329718,0.10150171745299677,0.002796189458333334,-0.0009440569302287529,0.0016671277232402915,0.0007540914553220562,-0.0017884964166666626,3.357261037803146,0.10436246297991651,-0.0011393315265717519,0.002860745526919742,0.002848039960264215,0.9912140944714279,-1.6591192492926118e-07,0.0014238755520495252,-0.007347326404765884,-0.007347326404765884,0.12046880193222018,1.004461161652503,-1.6445423843076915e-07,3.3577137287458285,0.1011741637895575,0.0036904376666666654,0.001323795733498077,0.0009824064202119901,0.0005148401025279145,0.0032930326916666636,3.356746480833459,0.10304803420462665,-0.0009672479123694622,0.0018738704150691454,0.0018683532434602748,0.9941533206652988,1.0004401967993625e-07,0.0006592933529984471,-0.0018803277916201906,-0.0018803277916201906,0.1767040681398807,1.0029529595798772,9.945909437751314e-08]"
/multi_agv/m2b_algorithm_state,1789558512.1472192,1789558512.1472192,m2b_algorithm_state_v1:header6+3x20,"[1.0,-0.15,0.52,3.359843805915626,0.10125036040595468,1789558512.147079,3.3584186557424625,0.10107520218905357,0.0036904376666666654,0.0015404842230223284,0.0006967084706561261,0.000569518039068997,0.004584685874999997,3.3592091603451766,0.09991026518544072,0.000790504602714126,-0.001164937003612851,-0.0011671217587304367,1.003767323291834,4.511156506668002e-08,-0.00017899100533777914,0.002695459451949378,0.002695459451949378,0.14195251659730942,0.9981280829517203,4.528151491648681e-08,3.3593991377716614,0.10150170213300717,0.002796189458333334,-0.0009438814037354844,0.0016671195340931533,0.0007540196303685159,-0.0017884964166666626,3.3584784044215636,0.10613435720119507,-0.000920733350097791,0.004632655068187899,0.00459978335782339,0.9860600637484094,-4.344132813754287e-07,0.0034488666702011516,-0.015494172106681246,-0.015494172106681246,0.12046880284629051,1.0071463605581772,-4.2835758792621093e-07,3.3587125002667673,0.10117418244659226,0.0036904376666666654,0.0013236921796323038,0.0009824100328921235,0.0005148831099010169,0.0032930326916666636,3.3576964898214827,0.10263921121869904,-0.001016010445284543,0.0014650287721067745,0.0014616459751902555,0.9954075779456707,6.116470897225497e-08,0.00019163291858457663,-2.2465444919490948e-05,-2.2465444919490948e-05,0.17670407123667892,1.0023143750086807,6.088381481382415e-08]"
/multi_agv/m2b_algorithm_state,1789558512.1573915,1789558512.1573915,m2b_algorithm_state_v1:header6+3x20,"[1.0,-0.15,0.52,3.360844970495761,0.101250353577244,1789558512.1572828,3.3594190295857196,0.10107519891921364,0.0036904376666666654,0.0015405065093577718,0.000696704383167645,0.0005695105049615373,0.004584685874999997,3.3602162921734875,0.10033529798199724,0.0007972625877679107,-0.0007399009372164034,-0.0007407794602500197,1.002381331487003,1.8193237862756985e-08,0.00025579877445986864,0.0009669665244744911,0.0009669665244744911,0.14195251789632654,0.9988140558955024,1.8236561992930103e-08,3.360399513523781,0.10150170314958161,0.002796189458333334,-0.0009439051935398639,0.001667122824463796,0.0007540282308807766,-0.0017884964166666626,3.3595344823497117,0.10613435720119507,-0.0008650311740692196,0.0046326540516134634,0.004599782355881283,0.9860600668407297,-4.344240381151492e-07,0.0035184933882947585,-0.015745268221620774,-0.015745268221620774,0.1204688020842859,1.0071463589337333,-4.283681960610437e-07,3.3597128746373786,0.1011741791490688,0.0036904376666666654,0.0013237092386968177,0.0009824082741646256,0.0005148766302660391,0.0032930326916666636,3.3586824738467853,0.10222566145353223,-0.0010304007905932444,0.001051482304463433,0.0010497342767276825,0.996688355781088,3.15172851449786e-08,-0.000238266711513873,0.0016979142597840298,0.0016979142597840298,0.17670406867034735,1.0016652097340288,3.141291110983243e-08]"
/multi_agv/m2b_algorithm_state,1789558512.167296,1789558512.167296,m2b_algorithm_state_v1:header6+3x20,"[1.0,-0.15,0.52,3.361840486511314,0.1012503827428131,1789558512.1671538,3.360420191770275,0.10107518388907315,0.0036904376666666654,0.0015406118137123305,0.0006966922309734609,0.000569471180833558,0.004584685874999997,3.360471677810573,0.10112652452020084,5.148604029781012e-05,5.134063112768872e-05,5.133642643272563e-05,0.9998362357650153,8.755389514524859e-11,0.00011569397680498829,0.0011067161872172558,0.0011067161872172558,0.14195252063187636,1.000081904706955,8.75395569485902e-11,3.361400681145137,0.10150171117222073,0.002796189458333334,-0.0009440189278257676,0.0016671319481278424,0.0007540727849301709,-0.0017884964166666626,3.359371399728664,0.10380065831431863,-0.002029281416473072,0.0022989471420978985,0.0022907066871403876,0.9928938080888029,-1.0718717672874154e-07,-0.0002458950834509526,-0.0011059542586396738,-0.0011059542586396738,0.1204688005046743,1.003597341817602,-1.064254840804877e-07,3.360714038571871,0.10117416567043815,0.0036904376666666654,0.001323781716323841,0.0009824036696701073,0.000514847609094204,0.0032930326916666636,3.358930913457298,0.10295569518273771,-0.0017831251145725702,0.0017815295122995678,0.001776539201499265,0.9944355708700044,9.043219728662123e-08,-0.0004523671917164478,0.002133428823371211,0.002133428823371211,0.17670406334566824,1.0028090068578792,8.992899373375004e-08]"
/multi_agv/m2b_algorithm_state,1789558512.177287,1789558512.177287,m2b_algorithm_state_v1:header6+3x20,"[1.0,-0.15,0.52,3.362840530035817,0.10125038231862539,1789558512.1770983,3.3614157167771963,0.1010752550861629,0.0036904376666666654,0.001540106771193908,0.0006967377812491014,0.0005696664028769223,0.004584685874999997,3.3614839422079656,0.10065498695187602,6.822543076934195e-05,-0.0004202681342868747,-0.0004205508898523098,1.0013477301832387,5.866875053801209e-09,-0.00033526910139063234,0.0029173903267788923,0.0029173903267788923,0.14195251320431995,0.9993276543403954,5.874782018392507e-09,3.3623961863317056,0.10150166662279025,0.002796189458333334,-0.0009434697637962786,0.001667099461175603,0.000753851639931441,-0.0017884964166666626,3.360399528225959,0.10380065831431863,-0.0019966581057464516,0.0022989916915283765,0.002290750914968531,0.992893669663027,-1.0712899274606239e-07,-0.00020507171721453367,-0.0012515038712070901,-0.0012515038712070901,0.12046880480090312,1.003597412754917,-1.0636769873494168e-07,3.361709556425039,0.10117422651948617,0.0036904376666666654,0.0013234480544415347,0.000982418967827115,0.0005149842810205358,0.0032930326916666636,3.359827243845036,0.10164698901965434,-0.0018823125800033758,0.00047276250016817234,0.00047240757845659864,0.9985012050565968,6.372730000305822e-09,-0.0018804831465476211,0.0077972468850174195,0.0077972468850174195,0.17670407784620312,1.0007513040174616,6.36317858480569e-09]"
/multi_agv/m2b_algorithm_state,1789558512.1872263,1789558512.1872263,m2b_algorithm_state_v1:header6+3x20,"[1.0,-0.15,0.52,3.3638443150299095,0.10125035803808924,1789558512.187043,3.36241576025744,0.10107525319769117,0.0036904376666666654,0.0015401211619152787,0.0006967376500880632,0.0005696602333262078,0.004584685874999997,3.362428053688829,0.09951581276445454,1.2293431388865628e-05,-0.0015594404332366363,-0.0015633671190068506,1.0050655964057464,8.084145686198058e-08,-0.0015480003297707685,0.00770286085317262,0.00770286085317262,0.14195251392092675,0.9974883149821465,8.125096705529593e-08,3.3633962298378552,0.10150166856830536,0.002796189458333334,-0.0009434860983418142,0.00166709940611387,0.0007538587490399234,-0.0017884964166666626,3.362093356463143,0.10628546172654618,-0.0013028733747124654,0.004783793158240818,0.004748782091703883,0.9856304512231575,-4.6297132082925457e-07,0.0031201903733133014,-0.014383949150895959,-0.014383949150895959,0.12046880439054455,1.0073726412079633,-4.563186318523194e-07,3.3627096000121566,0.10117422518987963,0.0036904376666666654,0.0013234563048732163,0.0009824191909200142,0.0005149805887467935,0.0032930326916666636,3.3608399486304505,0.10202994304307739,-0.0018696513817060278,0.0008557178531977544,0.0008545584110928228,0.9972989076129252,2.087297293824954e-08,-0.001482505816039712,0.006216082676670811,0.006216082676670811,0.17670407646584757,1.0013567733812938,2.0816593109950415e-08]"
/multi_agv/m2b_algorithm_state,1789558512.1974037,1789558512.1974037,m2b_algorithm_state_v1:header6+3x20,"[1.0,-0.15,0.52,3.364846856664238,0.10125034249012388,1789558512.1972585,3.3634195376037606,0.10107519458877244,0.0036904376666666654,0.001540536597465966,0.0006966989558539354,0.0005695002860171324,0.004584685874999997,3.363950898004461,0.09952301056481186,0.0005313604007004535,-0.0015521840239605816,-0.001556074041772615,1.0050416168682763,8.011209626838022e-08,-0.0008918735408970481,0.005383929378193209,0.005383929378193209,0.14195252137542985,0.9975001075092789,8.051599076427986e-08,3.364400024113694,0.10150170471074738,0.002796189458333334,-0.0009439376985920537,0.0016671272513546498,0.0007540400179744111,-0.0017884964166666626,3.363140832849522,0.10628546172654618,-0.001259191264172177,0.004783757015798806,0.004748746486090691,0.9856305610140859,-4.6318586068354153e-07,0.00317475740587547,-0.014581246017341485,-0.014581246017341485,0.12046880007373548,1.0073725834408433,-4.5653013971931123e-07,3.3637133833722728,0.1011741748147479,0.0036904376666666654,0.0013237321050056186,0.0009824059753096304,0.0005148679143670227,0.0032930326916666636,3.3625629773349206,0.1023456454095238,-0.0011504060373521696,0.001171470594775903,0.0011693028283227584,0.9963154893870151,3.911806814974153e-08,-0.00026870471836745367,0.0017524111065499296,0.0017524111065499296,0.17670406188585053,1.0018538965276036,3.897393721248434e-08]"
/multi_agv/m2b_algorithm_state,1789558512.2074594,1789558512.2074594,m2b_algorithm_state_v1:header6+3x20,"[1.0,-0.15,0.52,3.365845462380362,0.10125035247241759,1789558512.2073765,3.3644220740691084,0.10107515892898669,0.0036904376666666654,0.0015407875791747,0.0006966726931823422,0.0005694051563473993,0.004584685874999997,3.3649783491013285,0.09982463449830081,0.0005562750322201104,-0.0012505244306858787,-0.0012530436307127881,1.004048015642887,5.199699606477974e-08,-0.0005576998404376501,0.004072161768053614,0.004072161768053614,0.14195252657072688,0.9979895352682361,5.2207480718233104e-08,3.3654025721913614,0.10150172505853687,0.002796189458333334,-0.0009442093283312273,0.0016671465813691277,0.000754147705238975,-0.0017884964166666626,3.36398261148909,0.10443232638143787,-0.00141996070227135,0.0029306013229010025,0.0029172747680721073,0.9910067781611758,-1.741324667730021e-07,0.0011423238902329197,-0.006371036475335947,-0.006371036475335947,0.12046879707080167,1.0045681520900076,-1.725664548699708e-07,3.3647159237322453,0.10117414348284808,0.0036904376666666654,0.0013239018088155117,0.0009823964072963823,0.0005147993312515564,0.0032930326916666636,3.363605213494412,0.10225862847087479,-0.0011107102378331568,0.0010844849880267127,0.0010826259720193767,0.9965856951260994,3.353087036727949e-08,-0.0003057618252720693,0.0019237727976792861,0.0019237727976792861,0.1767040517459603,1.0017171359780592,3.341638575315836e-08]"
/multi_agv/m2b_algorithm_state,1789558512.2172697,1789558512.2172697,m2b_algorithm_state_v1:header6+3x20,"[1.0,-0.15,0.52,3.366845430690006,0.10125035347000888,1789558512.2171764,3.3654206825760786,0.10107518532235524,0.0036904376666666654,0.0015405984099303616,0.0006966866908594046,0.000569479872471662,0.004584685874999997,3.3660321227563954,0.09971124523990474,0.0006114401803167802,-0.0013639400824504988,-0.0013669395205296458,1.00442079701887,6.185353211252384e-08,-0.0006026392951336706,0.00428050834813185,0.00428050834813185,0.1419525247056188,0.9978057272951003,6.212697402289347e-08,3.366401174734946,0.10150170677102477,0.002796189458333334,-0.0009440022526435695,0.0016671370637491023,0.000754062895821514,-0.0017884964166666626,3.364937755207735,0.10410752110059315,-0.001463419527210963,0.0026058143295683844,0.002595251852352132,0.9919735688017973,-1.376779546251134e-07,0.0007659774433384282,-0.004869705414084909,-0.004869705414084909,0.1204687981371868,1.004069923775097,-1.3657289199480567e-07,3.365714529830064,0.10117416532387279,0.0036904376666666654,0.001323780045023171,0.0009824004377914095,0.0005148500145793636,0.0032930326916666636,3.364568095872499,0.10165014159780353,-0.001146433957564863,0.00047597627393074216,0.0004756165188494437,0.9984910702843663,6.4612738067193986e-09,-0.000957425928106635,0.004513839245690073,0.004513839245690073,0.1767040553332283,1.0007563973643487,6.4515241986715944e-09]"
/multi_agv/m2b_algorithm_state,1789558512.2270417,1789558512.2270417,m2b_algorithm_state_v1:header6+3x20,"[1.0,-0.15,0.52,3.367844403478729,0.1012503607454001,1789558512.2269163,3.3664206509817727,0.10107518930310301,0.0036904376666666654,0.0015405686732938477,0.0006966870400271215,0.0005694925804387766,0.004584685874999997,3.366996969333106,0.09908568945193394,0.0005763183513334269,-0.0019894998511690715,-0.001995911697238474,1.0064939472597298,1.316544775518784e-07,-0.0012755137580716903,0.006925537176582638,0.006925537176582638,0.1419525252765716,0.9967875101497357,1.3250943478560757e-07,3.367401143075884,0.10150170291355361,0.002796189458333334,-0.0009439687636025066,0.0016671371576348903,0.0007540483306341522,-0.0017884964166666626,3.365679129138532,0.10566785889733414,-0.0017220139373521626,0.004166155983780534,0.004139476225820925,0.9873959573370749,-3.514905893969437e-07,0.0019869588041307217,-0.009996438444372532,-0.009996438444372532,0.12046879781249079,1.0064452013984735,-3.470603870125679e-07,3.3667144980123607,0.10117416819337005,0.0036904376666666654,0.0013237627703793545,0.000982400023924957,0.0005148577177206061,0.0032930326916666636,3.3656356311472484,0.10208654671363347,-0.0010788668651122713,0.000912378520263421,0.0009110610160318525,0.9971219104110474,2.3733193286361686e-08,-0.00043752256535848656,0.002470179536921924,0.002470179536921924,0.17670405424559313,1.0014461207409653,2.366488702985161e-08]"
/multi_agv/m2b_algorithm_state,1789558512.2369127,1789558512.2369127,m2b_algorithm_state_v1:header6+3x20,"[1.0,-0.15,0.52,3.368837413306719,0.1012504053821342,1789558512.2368386,3.3674196259015603,0.10107520804972502,0.0036904376666666654,0.0015404346474453923,0.0006966976949580143,0.000569545132923116,0.004584685874999997,3.367401188900379,0.09857997432921443,-1.8437001181315082e-05,-0.0024952337205105812,-0.00250535813878911,1.008191145312639,2.0714640223275703e-07,-0.002528404390265754,0.011548762852781187,0.011548762852781187,0.14195252408019746,0.9959588938117158,2.0884316851443592e-07,3.3684001133927315,0.10150169028563358,0.002796189458333334,-0.0009438221145671548,0.001667129742008111,0.0007539886207004604,-0.0017884964166666626,3.366730798859658,0.10566785889733414,-0.001669314533073507,0.004166168611700563,0.0041394886899350615,0.9873959187608917,-3.5143813118665533e-07,0.0020528455235931777,-0.01023352560285321,-0.01023352560285321,0.12046879850641191,1.006445221563323,-3.4700857643065834e-07,3.3677134711418946,0.10117418390084168,0.0036904376666666654,0.0013236755913955587,0.0009824032436055678,0.000514893831648522,0.0032930326916666636,3.366291700868222,0.10250733049207127,-0.001421770273672518,0.0013331465912295865,0.0013303426204074823,0.9958147019542813,5.0652489746841354e-08,-0.00044687022168316513,0.002315000960711458,0.002315000960711458,0.1767040566079563,1.0021077057737542,5.0440493980493115e-08]"
/multi_agv/m2b_algorithm_state,1789558512.2471821,1789558512.2471821,m2b_algorithm_state_v1:header6+3x20,"[1.0,-0.15,0.52,3.369842289637369,0.10125037331729059,1789558512.247035,3.3684126498472495,0.10107531505541588,0.0036904376666666654,0.0015396771538273742,0.0006967691835155767,0.000569836290285816,0.004584685874999997,3.3684989317939125,0.09975539566233366,8.628194666293609e-05,-0.0013199193930822223,-0.0013227274074066636,1.004275987025742,5.788896015407264e-08,-0.0012148749740779935,0.006423442740159135,0.006423442740159135,0.14195251214441648,0.9978771027887394,5.8136492596625156e-08,3.369393106036467,0.10150162496044625,0.002796189458333334,-0.0009429992074351553,0.0016670781892433872,0.0007536587349361301,-0.0017884964166666626,3.3677919431045846,0.10511370209858295,-0.0016011629318821718,0.0036120771381367017,0.0035919369988968173,0.9890021147641151,-2.6405679432347517e-07,0.0015904833340441024,-0.008302461448492584,-0.008302461448492584,0.12046880541432563,1.0056070413389961,-2.6115272800374995e-07,3.3687064840364407,0.10117427613054049,0.0036904376666666654,0.0013231715552603535,0.000982427844956813,0.0005150995150452415,0.0032930326916666636,3.367292594456272,0.10196584074627767,-0.0014138895801685258,0.0007915646157371781,0.0007905720226611715,0.997499586778691,1.7857569471802565e-08,-0.000976789952549486,0.0044433368166676155,0.0044433368166676155,0.17670407989716283,1.0012555378226837,1.7812918168994825e-08]"
/multi_agv/m2b_algorithm_state,1789558512.2571552,1789558512.2571552,m2b_algorithm_state_v1:header6+3x20,"[1.0,-0.15,0.52,3.37084232163226,0.10125037324528018,1789558512.2569838,3.369417516446915,0.1010752354893745,0.0036904376666666654,0.0015402429952059487,0.0006967199598593146,0.0005696166251736773,0.004584685874999997,3.370205636705523,0.09960531074183934,0.0007881202586079716,-0.0014699247475351562,-0.0014734112182346161,1.0047700060818319,7.182819228000087e-08,-0.0004882608949746516,0.003922674643593702,0.003922674643593702,0.14195252154263732,0.9976337422599257,7.217081319402346e-08,3.3703979939809203,0.10150167587538551,0.002796189458333334,-0.00094361531809895,0.0016671130306531445,0.0007539076742847789,-0.0017884964166666626,3.368843068352836,0.10511370209858295,-0.0015549256280844581,0.003612026223197437,0.0035918866580103366,0.9890022710870922,-2.642218166559647e-07,0.001648229622904764,-0.008510593787963733,-0.008510593787963733,0.12046879997705166,1.0056069601033168,-2.613159767435064e-07,3.3697113584842726,0.10117420858711175,0.0036904376666666654,0.0013235433251378918,0.0009824116879590733,0.0005149467715386707,0.0032930326916666636,3.3690308535593845,0.102287867406581,-0.0006805049248881367,0.001113658819469246,0.001111698873889738,0.9964950140654967,3.534883766651628e-08,0.00026106771777956715,-0.00010982090188984541,-0.00010982090188984541,0.1767040615245997,1.0017630184086184,3.52249404876941e-08]"
/multi_agv/m2b_algorithm_state,1789558512.2671082,1789558512.2671082,m2b_algorithm_state_v1:header6+3x20,"[1.0,-0.15,0.52,3.371842202900663,0.10125037413556277,1789558512.266984,3.370417548449738,0.10107523508603891,0.0036904376666666654,0.0015402461165815395,0.0006967199884264196,0.000569615257329464,0.004584685874999997,3.3711815224125017,0.09912867871717009,0.000763973962763842,-0.0019465563688688264,-0.0019526924145867395,1.0063507021445919,1.2600226216328354e-07,-0.000997724961131937,0.005927622211418682,0.005927622211418682,0.14195252224548716,0.9968576486127172,1.2680246499982733e-07,3.3713980259502128,0.10150167631869106,0.002796189458333334,-0.0009436187924260486,0.001667112953859018,0.0007539092202326764,-0.0017884964166666626,3.3703034712751148,0.10359403668785268,-0.0010945546750980029,0.0020923603691616194,0.0020855236311139794,0.9935170470368876,-8.876473653582954e-08,0.0007173302872414758,-0.0044562688688946275,-0.0044562688688946275,0.1204687995698844,1.0032781877633237,-8.81892789240847e-08,3.3707113904968287,0.10117420833111053,0.0036904376666666654,0.00132354497936531,0.0009824117471706863,0.0005149460236986056,0.0032930326916666636,3.3701172160441173,0.10240688666059712,-0.0005941744527113713,0.0012326783294865917,0.0012302792333329614,0.9961256823896676,4.330453355381709e-08,0.0004875611674437473,-0.0009716986647533535,-0.0009716986647533535,0.17670406017391196,1.0019500419812264,4.3136758036862305e-08]"
/multi_agv/m2b_algorithm_state,1789558512.2774465,1789558512.2774465,m2b_algorithm_state_v1:header6+3x20,"[1.0,-0.15,0.52,3.372841080065085,0.10125038137472314,1789558512.2773266,3.371417430027321,0.10107523699437347,0.0036904376666666654,0.0015402328778096612,0.0006967215483274277,0.0005696201844087645,0.004584685874999997,3.3721170452306892,0.09878322619814035,0.0006996152033682534,-0.002292010796233118,-0.0023005401654884274,1.0075068615381433,1.7473235140577202e-07,-0.0014260211612781106,0.007584235685811916,0.007584235685811916,0.14195252266543243,0.9962924493198325,1.7604404297400933e-07,3.372397906826363,0.1015016753499253,0.002796189458333334,-0.0009436045138767621,0.0016671117770998833,0.0007539036430875556,-0.0017884964166666626,3.3713314523049664,0.10359403668785268,-0.0010664545213967536,0.0020923613379273814,0.002085524593508737,0.993517044021018,-8.87634758985707e-08,0.000752456441762795,-0.0045818592975065565,-0.0045818592975065565,0.12046879932722496,1.0032781893054266,-8.818802619177883e-08,3.3717112718483055,0.10117421006238957,0.0036904376666666654,0.0013235357754657457,0.0009824123350722367,0.0005149497074303602,0.0032930326916666636,3.3711453947854513,0.10254944338806452,-0.0005658770628542698,0.0013752333256749488,0.0013722504730994728,0.9956846461479668,5.389376215185497e-08,0.0006649041445316356,-0.0016698563802389765,-0.0016698563802389765,0.17670405935332037,1.0021736939676462,5.3661191497752404e-08]"
/multi_agv/m2b_algorithm_state,1789558512.2873566,1789558512.2873566,m2b_algorithm_state_v1:header6+3x20,"[1.0,-0.15,0.52,3.3738377445478664,0.1012504023911611,1789558512.2872214,3.3724163095263107,0.10107525395769408,0.0036904376666666654,0.0015401132460584653,0.0006967333918819201,0.0005696658794008352,0.004584685874999997,3.373156393733789,0.09925736927033055,0.0007400842074782865,-0.001817884687363533,-0.0018232311493465447,1.0059223232338783,1.0987585357465056e-07,-0.0008981258899986866,0.0055207163809032535,0.0055207163809032535,0.14195252127784566,0.9970675896005133,1.1052657389511792e-07,3.3733967811173406,0.10150166534481149,0.002796189458333334,-0.0009434748222530874,0.0016671031567661032,0.0007538519102650298,-0.0017884964166666626,3.37228761347684,0.10405471421886242,-0.001109167640500619,0.002553048874050931,0.0025429057479964294,0.9921313281443628,-1.3209010885668087e-07,0.0011564461973706556,-0.006242990172904423,-0.006242990172904423,0.12046880013642654,1.003988793553396,-1.3105073513471224e-07,3.3727101495516045,0.10117422482166387,0.0036904376666666654,0.0013234555535888057,0.000982416522985541,0.0005149823021097216,0.0032930326916666636,3.3721436275338634,0.1021596975972635,-0.0005665220177411001,0.0009854727755996273,0.00098393656600005,0.9968939220672497,2.7680346171535615e-08,0.0002757840438236748,-0.00010384591791197384,-0.00010384591791197384,0.17670406210094441,1.0015612892666674,2.759436885912132e-08]"
/multi_agv/m2b_algorithm_state,1789558512.2973256,1789558512.2973256,m2b_algorithm_state_v1:header6+3x20,"[1.0,-0.15,0.52,3.374837629703052,0.10125040234319622,1789558512.2971961,3.3734129808036433,0.10107530312373192,0.0036904376666666654,0.0015397665090095785,0.0006967679106717911,0.0005697982206252477,0.004584685874999997,3.3741503133769,0.10015123610329735,0.0007373325732569214,-0.0009240670204345713,-0.0009254392145899621,1.0029802493467483,2.836716204918755e-08,-3.773498018810428e-06,0.0019676843564627035,0.0019676843564627035,0.14195251591602348,0.9985172509077229,2.8451703265353747e-08,3.3743934372220084,0.1015016364301151,0.002796189458333334,-0.0009430990888142951,0.0016670780224266046,0.000753702116862015,-0.0017884964166666626,3.373265064851657,0.10348501477024888,-0.0011283723703514603,0.0019833783401337762,0.001977230150009049,0.9938470374625469,-7.972132121859342e-08,0.0005667646870697236,-0.003866955008335029,-0.003866955008335029,0.12046880322795503,1.003109496446177,-7.923079891569915e-08,3.373706815617947,0.10117426761963627,0.0036904376666666654,0.0013232229611399508,0.0009824287939904641,0.0005150767390082233,0.0032930326916666636,3.3729507556825205,0.1021459760236861,-0.0007560599354263786,0.0009717084040498231,0.0009702146532730138,0.9969368275352911,2.6908040403730024e-08,2.513973399004049e-05,0.000795032394958462,0.000795032394958462,0.17670407255409343,1.0015396085513346,2.6825616435286044e-08]"
/multi_agv/m2b_algorithm_state,1789558512.307351,1789558512.307351,m2b_algorithm_state_v1:header6+3x20,"[1.0,-0.15,0.52,3.3758375905656695,0.10125040183562668,1789558512.307169,3.3744128662885915,0.10107530035872186,0.0036904376666666654,0.0015397888374683376,0.0006967697799482584,0.0005697875698825262,0.004584685874999997,3.375186641877776,0.1002312997012546,0.0007737755891845666,-0.0008440006574672587,-0.0008451446731470527,1.002719563629962,2.366338953866062e-08,0.00012207481333365554,0.0014864769987801049,0.0014864769987801049,0.14195251635775902,0.9986463670467992,2.3727743632211584e-08,3.375393321742466,0.1015016404892262,0.002796189458333334,-0.0009431252286567953,0.0016670761182422389,0.0007537144380899419,-0.0017884964166666626,3.374233158808422,0.10293900069708445,-0.0011601629340440844,0.0014373602078582431,0.0014341177854431289,0.9955129940401434,-4.1887133293238216e-08,-1.6085882111976663e-05,-0.0015354192733328226,-0.0015354192733328226,0.12046880297495896,1.0022609177907325,-4.169918547651015e-08,3.374706701078098,0.1011742661816406,0.0036904376666666654,0.001323233575550426,0.000982430272944668,0.0005150713688157798,0.0032930326916666636,3.3740059544180436,0.10248960063207627,-0.0007007466600543744,0.0013153344504356623,0.0013126045412583565,0.9958697880252366,4.929215432898529e-08,0.00043667121619038853,-0.0008285125396213823,-0.0008285125396213823,0.17670407168984767,1.0020797651474591,4.908856728291383e-08]"
/multi_agv/m2b_algorithm_state,1789558512.317512,1789558512.317512,m2b_algorithm_state_v1:header6+3x20,"[1.0,-0.15,0.52,3.3768375944140465,0.101250401089844,1789558512.3171797,3.3754128272899067,0.10107529666255198,0.0036904376666666654,0.0015398176734953395,0.0006967707193828324,0.0005697745820340298,0.004584685874999997,3.376114250567379,0.09934331878413942,0.0007014232774724682,-0.0017319778784125606,-0.0017368278291949447,1.0056369975584263,9.971164424276959e-08,-0.0008600487323543594,0.005348887434936471,0.005348887434936471,0.14195251692186606,0.9972075811425521,1.0027371853791274e-07,3.3763932822175513,0.10150164498824533,0.002796189458333334,-0.0009431584839161896,0.0016670749556451092,0.00075372945785597,-0.0017884964166666626,3.375262459773157,0.10293900069708445,-0.0011308224443942194,0.0014373557088391137,0.0014341133068100115,0.9955130081301011,-4.1888347313251815e-08,2.058525131723725e-05,-0.0016662863968726002,-0.0016662863968726002,0.12046880264429548,1.002260910636353,-4.170039463941375e-08,3.375706662189551,0.10117426385608272,0.0036904376666666654,0.001323248931378041,0.0009824313948664457,0.0005150641291157389,0.0032930326916666636,3.3750648196088204,0.10287230107087207,-0.0006418425807304118,0.0016980372147893524,0.0016935008249981645,0.9946913012662244,8.21264681711326e-08,0.0008911975990851498,-0.0026275845719807493,-0.0026275845719807493,0.17670407057580198,1.0026787053919461,8.169048349354305e-08]"
/multi_agv/m2b_algorithm_state,1789558512.3273678,1789558512.3273678,m2b_algorithm_state_v1:header6+3x20,"[1.0,-0.15,0.52,3.3778375018928295,0.10125040099794003,1789558512.3271673,3.3764128311542563,0.101075292593182,0.0036904376666666654,0.0015398490306977814,0.0006967710694333106,0.0005697608079266945,0.004584685874999997,3.3770719643865386,0.09894286115955359,0.0006591332322822829,-0.002132431433628415,-0.0021398055838701587,1.0069716802042468,1.5119450995003143e-07,-0.001315889043517305,0.007128109635929171,0.007128109635929171,0.14195251755321112,0.9965538223204342,1.5224858972204084e-07,3.3773932858450735,0.10150164955951455,0.002796189458333334,-0.0009431944879327529,0.0016670742930822158,0.0007537454090116441,-0.0017884964166666626,3.375844221979279,0.10292680454372083,-0.0015490638657946754,0.0014251549842062838,0.0014219670983779318,0.9955504751874281,-4.118217979178249e-08,-0.0005143627338654124,0.0002477360617897705,0.0002477360617897705,0.12046880227938388,1.0022418843811425,-4.099893866096316e-08,3.3767066662428085,0.10117426111683545,0.0036904376666666654,0.0013232664038824154,0.0009824322663456236,0.0005150561021866925,0.0032930326916666636,3.3761102705579216,0.10299252608322489,-0.0005963956848868968,0.0018182649663894407,0.0018130681864534004,0.9943232200302278,9.4160840497155e-08,0.0010675735803447794,-0.003313703707297583,-0.003313703707297583,0.17670406933411842,1.002866290399263,9.362631012388383e-08]"
/multi_agv/m2b_algorithm_state,1789558512.337514,1789558512.337514,m2b_algorithm_state_v1:header6+3x20,"[1.0,-0.15,0.52,3.378837379441812,0.10125040111526407,1789558512.337289,3.377412738810905,0.10107529028487905,0.0036904376666666654,0.00153986779593773,0.0006967722687075011,0.0005697520501885793,0.004584685874999997,3.3777317170488006,0.09973278537021624,0.0003189782378956174,-0.001342504914662812,-0.0013454103440556126,1.0043502638373947,5.989535799547794e-08,-0.0009466875466860908,0.005485873968125751,0.005485873968125751,0.1419525180187389,0.9978404882899575,6.015591860539347e-08,3.378393192922972,0.1015016529015997,0.002796189458333334,-0.0009432168112122061,0.0016670730904255748,0.0007537557109790205,-0.0017884964166666626,3.3768730662750617,0.10292680454372083,-0.001520126647910125,0.0014251516421211335,0.001421963771308729,0.9955504856552845,-4.118296079855285e-08,-0.00047819453857892726,0.00011867912617173821,0.00011867912617173821,0.12046880200164459,1.002241879066631,-4.0999716623721835e-08,3.377706573944613,0.10117425980734132,0.0036904376666666654,0.0013232759159856953,0.0009824333825494413,0.0005150513984832992,0.0032930326916666636,3.376627473014745,0.1027084991653321,-0.0010791009298678489,0.0015342393579907826,0.0015305313423210028,0.9951944228384966,6.705575986688753e-08,0.00018165517998619172,-1.8876310220405923e-05,-1.8876310220405923e-05,0.17670406840999972,1.002422698292579,6.673351823872396e-08]"
/multi_agv/m2b_algorithm_state,1789558512.3474545,1789558512.3474545,m2b_algorithm_state_v1:header6+3x20,"[1.0,-0.15,0.52,3.3798438552002126,0.10125035902780351,1789558512.347298,3.378412616569882,0.10107528861038913,0.0036904376666666654,0.0015398820001353924,0.0006967736593073148,0.0005697451699543553,0.004584685874999997,3.378812080329119,0.10081330727936957,0.0003994637592370509,-0.00026198133101955345,-0.0002620910747709846,1.0008386268120713,2.279204189128465e-09,0.00023723862427532904,0.0008162605201287103,0.0008162605201287103,0.14195251844151754,0.9995812762738028,2.2811155908716532e-09,3.37939307004377,0.1015016557540637,0.002796189458333334,-0.0009432341995050464,0.0016670718058744427,0.0007537639163988918,-0.0017884964166666626,3.3780229371783093,0.10398363620647283,-0.001370132865460949,0.0024819804524091327,0.0024723889797247166,0.9923441236674192,-1.2481337661177212e-07,0.0007597228978985303,-0.004788816975532684,-0.004788816975532684,0.12046880177454256,1.0038794351386748,-1.2385782083578057e-07,3.378706451711784,0.10117425898133937,0.0036904376666666654,0.001323282693046783,0.0009824345341389318,0.0005150478619064644,0.0032930326916666636,3.3776940689690234,0.10333299660397277,-0.0010123827427608312,0.002158737622633397,0.0021514313174361183,0.9932864009234883,1.326940291526279e-07,0.0008859528889850793,-0.002823661689637933,-0.002823661689637933,0.1767040676147792,1.003396020657534,1.318031746410502e-07]"
/multi_agv/m2b_algorithm_state,1789558512.3575692,1789558512.3575692,m2b_algorithm_state_v1:header6+3x20,"[1.0,-0.15,0.52,3.380837639491338,0.10125039899334665,1789558512.3573778,3.3794190790912655,0.10107518653675969,0.0036904376666666654,0.0015406061445342105,0.000696706861427465,0.0005694660282536845,0.004584685874999997,3.3802354647783392,0.10122908666400486,0.0008163856870737618,0.00015390012724517121,0.00015386237406633834,0.9995096660483006,7.866797825180927e-10,0.0011743444829085405,-0.0026998823877745523,-0.0026998823877745523,0.14195253072277372,1.0002453697927252,7.862940467116086e-10,3.380399561817262,0.10150171918676365,0.002796189458333334,-0.0009440221562735268,0.001667119851147092,0.0007540804768803727,-0.0017884964166666626,3.379066586828281,0.10398363620647283,-0.001332974988981217,0.002481917019709179,0.0024723260409806793,0.9923443204393078,-1.249112277216322e-07,0.000806107304754158,-0.004955655297564757,-0.004955655297564757,0.1204687946544133,1.003879334104613,-1.2395494738866273e-07,3.379712924692112,0.10117417135988724,0.0036904376666666654,0.001323763010150286,0.0009824119403426092,0.0005148514155523284,0.0032930326916666636,3.379123597599838,0.10393208747479783,-0.0005893270922738836,0.002757916114910594,0.002746045192409686,0.9914815910218024,2.1655895834836507e-07,0.0020093863270673317,-0.007129795411351333,-0.007129795411351333,0.17670404358947292,1.0043229159278662,2.1471422057326123e-07]"
/multi_agv/m2b_algorithm_state,1789558512.3673987,1789558512.3673987,m2b_algorithm_state_v1:header6+3x20,"[1.0,-0.15,0.52,3.3818428858238865,0.10125036488164724,1789558512.367244,3.380412875711839,0.10107528361394065,0.0036904376666666654,0.00153991818409862,0.0006967695179366901,0.0005697316398373533,0.004584685874999997,3.3812153343516127,0.10084012684531614,0.0008024586397739064,-0.00023515676862451151,-0.00023524517145153477,1.0007525303818208,1.836367454502265e-09,0.0007678281282658483,-0.0010778521775628466,-0.0010778521775628466,0.1419525201930628,0.9996242098127762,1.837749376803965e-09,3.3813933312115303,0.1015016589315851,0.002796189458333334,-0.0009432749024322938,0.00166707516057496,0.000753779814715333,-0.0017884964166666626,3.3801603616929192,0.10294351084349157,-0.0012329695186110712,0.0014418519119064749,0.0014385893050364894,0.9954992044185925,-4.215588179225308e-08,-0.00010262259322734953,-0.001228855237450356,-0.001228855237450356,0.12046880075793827,1.0022679209824257,-4.196614678575217e-08,3.380706711550647,0.10117425443451421,0.0036904376666666654,0.0013233080989659887,0.0009824332030267122,0.0005150375418221894,0.0032930326916666636,3.3801505008351698,0.10370609369560303,-0.0005562107154770679,0.002531839261088825,0.002521817591679069,0.9921596077768664,1.8247818600016468e-07,0.0018265541973327341,-0.006366566611998617,-0.006366566611998617,0.17670406420428994,1.0039739866367907,1.8104748544975745e-07]"
/multi_agv/m2b_algorithm_state,1789558512.3774703,1789558512.3774703,m2b_algorithm_state_v1:header6+3x20,"[1.0,-0.15,0.52,3.382837880782558,0.10125039705152805,1789558512.3772678,3.381418111325108,0.10107520072110102,0.0036904376666666654,0.001540506456350827,0.0006967154697905533,0.000569504761314654,0.004584685874999997,3.3822484722367823,0.10146714202196068,0.0008303609116744326,0.0003919413008596634,0.0003916968811265619,0.9987546213567229,5.1010627305839524e-09,0.0014296480207196026,-0.0037183856921289564,-0.0037183856921289564,0.14195253025812787,1.0006240022447934,5.094709976001267e-09,3.3823985905005287,0.10150171059347815,0.002796189458333334,-0.0009439151825757618,0.0016671140299262532,0.0007540371354927411,-0.0017884964166666626,3.381184672582215,0.10294351084349157,-0.0012139179183137117,0.0014418002500134197,0.001438537877957222,0.9954993662058037,-4.218146527702721e-08,-7.885951993491752e-05,-0.0013142557022038355,-0.0013142557022038355,0.12046879492154311,1.0022678388287074,-4.1991621948912705e-08,3.3817119556460233,0.10117418333036254,0.0036904376666666654,0.0013236980606727692,0.0009824149770856,0.0005148779890292656,0.0032930326916666636,3.3811310720207866,0.10312115388943124,-0.0005808836252367833,0.0019469705590687003,0.0019410178425853387,0.9939303116424867,1.0798792852252269e-07,0.0012149133110393596,-0.0039001762852698706,-0.0039001762852698706,0.17670404447834903,1.0030668015268902,1.0733247545001755e-07]"
/multi_agv/m2b_algorithm_state,1789558512.3874855,1789558512.3874855,m2b_algorithm_state_v1:header6+3x20,"[1.0,-0.15,0.52,3.38384058915347,0.10125037926789787,1789558512.3873508,3.3824131162127062,0.10107527872225226,0.0036904376666666654,0.0015399538708785803,0.0006967659740002565,0.0005697180144762642,0.004584685874999997,3.3833272111698474,0.10227271385842389,0.0009140949571411205,0.0011974351361716262,0.0011951676146355716,0.9962298689872303,4.756801763280284e-08,0.0023377863110619723,-0.007335089084102002,-0.007335089084102002,0.14195252189138152,1.0018972414482181,4.738867997430943e-08,3.3833935734521985,0.10150166230982276,0.002796189458333334,-0.0009433151404157234,0.0016670780089222959,0.0007537957748841168,-0.0017884964166666626,3.382319289297294,0.10489172067920591,-0.0010742841549045146,0.0033900583693831504,0.0033722879330402556,0.9896516725577933,-2.3271115036478656e-07,0.0020294327394096124,-0.009773025417865802,-0.009773025417865802,0.12046879977363734,1.005269548951852,-2.3030297918135915e-07,3.3827069526827684,0.10117425012250914,0.0036904376666666654,0.0013233324819074562,0.0009824321653626239,0.0005150275125228101,0.0032930326916666636,3.382150215938555,0.10329666113303251,-0.0005567367442136373,0.0021224110105233784,0.0021153465848722628,0.9933966329274196,1.282740321451697e-07,0.0014194256546052162,-0.0047145032782702195,-0.0047145032782702195,0.17670406087782495,1.0033396067110876,1.2742699162503518e-07]"
/multi_agv/m2b_algorithm_state,1789558512.3974574,1789558512.3974574,m2b_algorithm_state_v1:header6+3x20,"[1.0,-0.15,0.52,3.384839678403408,0.10125038510980956,1789558512.3973649,3.383415819033673,0.10107523490388534,0.0036904376666666654,0.0015402655985166406,0.0006967381336807849,0.0005695973745987598,0.004584685874999997,3.384339255459788,0.10233467380442156,0.0009234364261150318,0.0012594389005362167,0.0012569316483510022,0.9960374452079442,5.263003541553123e-08,0.0024112271809947922,-0.007626562697716566,-0.007626562697716566,0.1419525273981159,1.0019947402776466,5.2421486016489355e-08,3.3843962884802536,0.1015016901821678,0.002796189458333334,-0.0009436550899852153,0.0016670979803508068,0.0007539327428097709,-0.0017884964166666626,3.3833641095383684,0.10489172067920591,-0.0010321789418852312,0.0033900304970381073,0.0033722603559309277,0.9896517583067592,-2.3279116172302037e-07,0.0020820366785743887,-0.009962272514568212,-0.009962272514568212,0.12046879657215712,1.0052695044959759,-2.3038218251746027e-07,3.3837096599464833,0.10117421271764049,0.0036904376666666654,0.001323538339850269,0.0009824229916354909,0.000514943052943119,0.0032930326916666636,3.3831966366142123,0.10348612513092684,-0.0005130233322709898,0.002311912413286349,0.0023035422075350464,0.9928226120872374,1.5220493648104635e-07,0.0016622630421963091,-0.005673056464224838,-0.005673056464224838,0.1767040500483257,1.003633623783373,1.511125026096845e-07]"
/multi_agv/m2b_algorithm_state,1789558512.4074085,1789558512.4074085,m2b_algorithm_state_v1:header6+3x20,"[1.0,-0.15,0.52,3.3858429482877157,0.10125036412519604,1789558512.4072623,3.3844149100140393,0.10107524897826527,0.0036904376666666654,0.0015401663029797584,0.0006967471322506743,0.0005696357344982471,0.004584685874999997,3.385327964503015,0.10186919643274646,0.0009130544889757175,0.000793947454481192,0.0007929475529761178,0.9974887537262137,2.0920942832102768e-08,0.0019342656641957647,-0.005703916981736348,-0.005703916981736348,0.14195252639222744,1.0012609932413832,2.0868405192371554e-08,3.385395375634739,0.10150168161856873,0.002796189458333334,-0.0009435478461619559,0.001667091693992262,0.0007538895262775014,-0.0017884964166666626,3.384165346409188,0.10303065802941284,-0.0012300292255509326,0.00152897641084411,0.0015253100312485027,0.9952319930626234,-4.7415074267124646e-08,-1.2226500690163105e-05,-0.0015912004657564435,-0.0015912004657564435,0.12046879715889303,1.0024036946722277,-4.7188998864082773e-08,3.384708749561446,0.1011742247325947,0.0036904376666666654,0.0013234728891441424,0.000982426124516312,0.0005149697936760646,0.0032930326916666636,3.384187036272678,0.10280969055681044,-0.0005217132887680442,0.00163546582421574,0.0016312556003884892,0.99488326821249,7.620180263200015e-08,0.000979113989428434,-0.0029121112059563516,-0.0029121112059563516,0.1767040520393001,1.0025809712630245,7.581189844620743e-08]"
/multi_agv/m2b_algorithm_state,1789558512.4174805,1789558512.4174805,m2b_algorithm_state_v1:header6+3x20,"[1.0,-0.15,0.52,3.3868404613346854,0.10125038043433977,1789558512.4173648,3.3854181731734845,0.10107519865830412,0.0036904376666666654,0.001540522881996212,0.0006967132684120962,0.0005694987865274,0.004584685874999997,3.386354013064519,0.10256892456874923,0.0009358398910346288,0.0014937259104451095,0.0014902053217942346,0.9953128332931344,7.403201401097699e-08,0.0026600051855875206,-0.008627432151071777,-0.008627432151071777,0.14195253291388873,1.002362485624891,7.368501361966253e-08,3.386398653712249,0.10150171241448469,0.002796189458333334,-0.0009439357134862912,0.0016671162735990563,0.0007540448678659412,-0.0017884964166666626,3.385194972368955,0.10303065802941284,-0.0012036813432940718,0.0015289456149281538,0.0015252793837063471,0.9952320894280297,-4.743264895000651e-08,2.0677704588757326e-05,-0.0017090074400737056,-0.0017090074400737056,0.12046879338210902,1.0024036456933536,-4.7206494321621214e-08,3.3857120179774145,0.10117418130279932,0.0036904376666666654,0.0013237104830300813,0.0009824145035724373,0.000514872850730329,0.0032930326916666636,3.385211920982239,0.10274126527735349,-0.000500096995175614,0.0015670839745541704,0.001563216457924396,0.9950933793370709,6.997883142083799e-08,0.0009380952139548785,-0.0027335491195636242,-0.0027335491195636242,0.1767040392911059,1.0024740761972974,6.963547184062087e-08]"
/multi_agv/m2b_algorithm_state,1789558512.427155,1789558512.427155,m2b_algorithm_state_v1:header6+3x20,"[1.0,-0.15,0.52,3.387840651662161,0.10125037923515907,1789558512.4270265,3.386415691103989,0.10107523898383047,0.0036904376666666654,0.0015402365731970904,0.0006967381621827856,0.0005696099410372191,0.004584685874999997,3.387434285764168,0.10327162128265197,0.0010185946601790619,0.002196382298821492,0.0021888109032827956,0.993163007921592,1.5995104756493078e-07,0.003462054228506623,-0.011839645552366732,-0.011839645552366732,0.1419525290729876,1.003459136432179,1.588574635197963e-07,3.387396160928847,0.101501686791685,0.002796189458333334,-0.0009436245142268032,0.0016670987824851657,0.0007539190720356609,-0.0017884964166666626,3.3855625474881106,0.10495208525174782,-0.0018336134407364035,0.0034503984600628146,0.0034319982733514416,0.9894748029520065,-2.411368599476853e-07,0.0011399814724309372,-0.00660750236305122,-0.00660750236305122,0.12046879561686973,1.0053613624617022,-2.3859884698120146e-07,3.3867095319712197,0.10117421552750387,0.0036904376666666654,0.0013235224651592116,0.0009824227423934628,0.0005149500636351008,0.0032930326916666636,3.386255279783853,0.10257468261718655,-0.0004542521873664995,0.0014004670896826804,0.001397374361545649,0.9956067290200231,5.588807642014652e-08,0.0008295591273375245,-0.0022689296979503636,-0.0022689296979503636,0.17670404681661908,1.0022132423652101,5.5642544955883164e-08]"
/multi_agv/m2b_algorithm_state,1789558512.437242,1789558512.437242,m2b_algorithm_state_v1:header6+3x20,"[1.0,-0.15,0.52,3.3888397344294483,0.10125038511002427,1789558512.437108,3.387415880966955,0.10107523612161444,0.0036904376666666654,0.0015402571246935586,0.0006967360026484569,0.0005696021560958439,0.004584685874999997,3.3877547538702397,0.10332645496930067,0.0003388729032849369,0.002251218847686226,0.0022432679739555154,0.9929967002272378,1.6803303064271596e-07,0.0026668591030616865,-0.009021839331728333,-0.009021839331728333,0.14195253004911473,1.0035443263234802,1.6685624495739928e-07,3.3883963518301985,0.1015016885866716,0.002796189458333334,-0.000943647302740408,0.0016671005041142273,0.000753928054537556,-0.0017884964166666626,3.386612250012688,0.10495208525174782,-0.0017841018175106527,0.003450396665076211,0.0034319964977112894,0.989474808471228,-2.4114243086441647e-07,0.0012018692258229735,-0.006829831083489579,-0.006829831083489579,0.12046879503138394,1.0053613595984705,-2.386043605938548e-07,3.387709722189328,0.10117421299719122,0.0036904376666666654,0.0013235364803069458,0.00098242203003458,0.0005149443591553225,0.0032930326916666636,3.3864500798628354,0.10247693750831725,-0.0012596423264925605,0.0013027245111260355,0.0013000464358032093,0.9959087930690402,4.836309413097993e-08,-0.0002745064723124913,0.0017138093320060797,0.0017138093320060797,0.1767040448842357,1.002059984358306,4.8165230705068606e-08]"
/multi_agv/m2b_algorithm_state,1789558512.4470782,1789558512.4470782,m2b_algorithm_state_v1:header6+3x20,"[1.0,-0.15,0.52,3.389837170910107,0.10125040122780182,1789558512.4469695,3.3884149655068696,0.10107525021200915,0.0036904376666666654,0.001540157669854257,0.0006967451814805508,0.0005696404912834571,0.004584685874999997,3.3887340999730005,0.10267689401743942,0.00031913446613085483,0.001601643805430264,0.001597599443920564,0.9949803788049729,8.508875015500917e-08,0.001996517526584133,-0.00631176096661209,-0.00631176096661209,0.1419525290435943,1.0025315241095571,8.466163686127272e-08,3.3893954324470457,0.10150168003945617,0.002796189458333334,-0.0009435397462783561,0.001667094052791196,0.0007538847882957028,-0.0017884964166666626,3.3880435204046604,0.10369796451632483,-0.0013519120423852726,0.0021962844768686623,0.0021887576866650095,0.9932031480830079,-9.778557389882958e-08,0.0004988676336834187,-0.0037230148414089,-0.0037230148414089,0.12046879563707115,1.0034388412429158,-9.712093983342114e-08,3.3887088053344305,0.10117422507860749,0.0036904376666666654,0.0013234706446900927,0.0009824252267566893,0.0005149712335248495,0.0032930326916666636,3.387479028924411,0.10215684656149297,-0.001229776410019312,0.0009826214828854846,0.0009810941169598924,0.9969028084743138,2.7520771876965614e-08,-0.0005561263955642477,0.0028609667875595804,0.0028609667875595804,0.17670404688132427,1.0015567985774136,2.7435534775527933e-08]"
/multi_agv/m2b_algorithm_state,1789558512.4569886,1789558512.4569886,m2b_algorithm_state_v1:header6+3x20,"[1.0,-0.15,0.52,3.390837432201744,0.1012503989200098,1789558512.4568543,3.389412407089174,0.10107528818460654,0.0036904376666666654,0.0015398898267866292,0.0006967712808494395,0.0005697430145886607,0.004584685874999997,3.39026729901458,0.10197358318827819,0.0008548919254058873,0.0008982950036716536,0.0008970160094329049,0.9971620731591674,2.677472492273413e-08,0.001965630916190264,-0.005865617792682246,-0.005865617792682246,0.14195252507315972,1.0014258321203846,2.6698740212219992e-08,3.3903928626637843,0.10150165751635264,0.002796189458333334,-0.0009432497635301473,0.0016670752610328243,0.0007537688656524821,-0.0017884964166666626,3.3890757460166405,0.10369796451632483,-0.0013171166471437346,0.0021963069999721974,0.002188780054363172,0.9932030780326991,-9.775753436689626e-08,0.0005423842454335037,-0.0038783970127474485,-0.0038783970127474485,0.12046879793244351,1.003438877101434,-9.709308403408874e-08,3.3897062429773617,0.10117425798244625,0.0036904376666666654,0.0013232916965457433,0.0009824344693558865,0.0005150439929554498,0.0032930326916666636,3.389072673954124,0.10240040105071688,-0.0006335690232375235,0.0012261430682706242,0.0012237692272165266,0.9961459384770626,4.283857186394517e-08,0.0004318079481696222,-0.0007701720009014334,-0.0007701720009014334,0.17670405463306044,1.0019397783514274,4.2673469372426743e-08]"
/multi_agv/m2b_algorithm_state,1789558512.467136,1789558512.467136,m2b_algorithm_state_v1:header6+3x20,"[1.0,-0.15,0.52,3.3918486497551292,0.10125032624479159,1789558512.467002,3.3904126678085817,0.10107528090990599,0.0036904376666666654,0.0015399433508186382,0.0006967687027030322,0.0005697211551747153,0.004584685874999997,3.3912843793732232,0.102291903423621,0.0008717115646414975,0.0012166225137150155,0.001214282081734579,0.9961702940243948,4.9103644244610555e-08,0.0023039215375364507,-0.007223621531178363,-0.007223621531178363,0.1419525261769582,1.0019274203380266,4.891559172482298e-08,3.3913931245042113,0.10150166356231678,0.002796189458333334,-0.0009433095552455681,0.0016670769074025316,0.0007537939269210009,-0.0017884964166666626,3.390193948165043,0.10528978014470397,-0.0011991763391683286,0.003788116582387188,0.0037659952425076297,0.9884895162673162,-2.904783349782526e-07,0.002267024818547219,-0.010819951056790733,-0.010819951056790733,0.12046879729614664,1.005873969151599,-2.8713478882878834e-07,3.3907065042924383,0.10117425228780658,0.0036904376666666654,0.001323324764405945,0.0009824341703404517,0.0005150298148845368,0.0032930326916666636,3.3901405646047396,0.10277107023229384,-0.0005659396876986911,0.0015968179444872665,0.0015928031793782103,0.9950019810212113,7.26368112895494e-08,0.0008853785697548464,-0.0025596017714385653,-0.0025596017714385653,0.17670405251145968,1.0025205657303018,7.227377112816554e-08]"
/multi_agv/m2b_algorithm_state,1789558512.477025,1789558512.477025,m2b_algorithm_state_v1:header6+3x20,"[1.0,-0.15,0.52,3.3928373809468226,0.10125039881698683,1789558512.4769042,3.391423862362055,0.10107510638012149,0.0036904376666666654,0.0015411793845819155,0.0006966523592865309,0.0005692459017230395,0.004584685874999997,3.392301069751168,0.102291903423621,0.0008772073891130105,0.0012167970434995151,0.0012144559375285944,0.9961697431521933,4.915719094771288e-08,0.0023109651739198576,-0.007247581710609567,-0.007247581710609567,0.14195254695015416,1.0019276993907946,4.896890628046646e-08,3.3924043700431863,0.10150177039607251,0.002796189458333334,-0.0009446526806408838,0.0016671608641702917,0.0007543324538427792,-0.0017884964166666626,3.391240434766487,0.10528978014470397,-0.001163935276699224,0.0037880097486314573,0.003765889670960911,0.988489843751148,-2.9087540609618645e-07,0.002310970575086881,-0.010979274487269035,-0.010979274487269035,0.12046878520687121,1.0058737986513826,-2.8752738472307107e-07,3.391717716860147,0.10117410195818076,0.0036904376666666654,0.0013241467671132327,0.0009823942044734132,0.0005146942973731534,0.0032930326916666636,3.391195469929838,0.10313172552817959,-0.0005222469303092225,0.0019576235699988315,0.0019516060134398294,0.9938978366840849,1.0920907726154859e-07,0.0012987973505533012,-0.004204563827355375,-0.004204563827355375,0.17670401173622138,1.0030833869733757,1.0854266563651823e-07]"
/multi_agv/m2b_algorithm_state,1789558512.487156,1789558512.487156,m2b_algorithm_state_v1:header6+3x20,"[1.0,-0.15,0.52,3.3938437580369794,0.10125035743311633,1789558512.4870484,3.392412615864559,0.10107528407471422,0.0036904376666666654,0.001539918187527987,0.0006967654353504215,0.0005697337619025074,0.004584685874999997,3.3934553490679487,0.10347973225369113,0.0010427332033895453,0.002404448178976906,0.002395388661476812,0.992533117286966,1.916216383931111e-07,0.003698805165713744,-0.012791232341835353,-0.012791232341835353,0.14195252735051808,1.0037820657857288,1.9019082209395033e-07,3.393393074407622,0.10150165873150158,0.002796189458333334,-0.00094328100444199,0.0016670803823983782,0.0007537797435442639,-0.0017884964166666626,3.3921715730872246,0.10388726954878066,-0.0012215013203973335,0.002385610817279088,0.0023767432129744807,0.9926332445840674,-1.153231396331004e-07,0.0008498665624778138,-0.005066630074194939,-0.005066630074194939,0.1204687966018033,1.0037309896400248,-1.144735822696259e-07,3.3927064525682864,0.10117425364474467,0.0036904376666666654,0.0013233143317709925,0.0009824320529758348,0.0005150354383514745,0.0032930326916666636,3.3922861677657297,0.10358730914661674,-0.0004202848025567363,0.002413055501872069,0.002403943910623499,0.9925172798359555,1.6577312100951787e-07,0.0018785879074275785,-0.006495917654009778,-0.006495917654009778,0.17670405013840834,1.0037902678212682,1.6453268713428337e-07]"
/multi_agv/m2b_algorithm_state,1789558512.4972928,1789558512.4972928,m2b_algorithm_state_v1:header6+3x20,"[1.0,-0.15,0.52,3.3948447190897646,0.10125035206132256,1789558512.4971902,3.3934189799659573,0.10107518386309734,0.0036904376666666654,0.0015406287149487036,0.0006966998189662727,0.0005694599080416138,0.004584685874999997,3.394386882013811,0.10232828714763965,0.0009679020478534639,0.0012531032845423118,0.0012506210736192552,0.9960570917467515,5.21143913716682e-08,0.002460498633436085,-0.007798821258949113,-0.007798821258949113,0.14195253944982872,1.0019847825815642,5.1908909107815825e-08,3.3943994672328266,0.10150172079814801,0.002796189458333334,-0.0009440536291105478,0.0016671275875412839,0.0007540900950950141,-0.0017884964166666626,3.393204960430993,0.10388726954878066,-0.0011945068018337501,0.0023855487506326545,0.0023766816110838847,0.9926334372877028,-1.1541156589311383e-07,0.0008835481087916971,-0.00518793172305461,-0.00518793172305461,0.12046878958272005,1.0037308907964015,-1.1456137935523778e-07,3.3937128269121546,0.10117416763810366,0.0036904376666666654,0.0013237854347653193,0.000982409769129734,0.0005148428247280863,0.0032930326916666636,3.3933023099465514,0.10343710455090908,-0.0004105169656032359,0.0022629369128054216,0.0022549145921249686,0.9929707165697021,1.4585722266048883e-07,0.0017417683851209237,-0.005933932691218728,-0.005933932691218728,0.17670402649996622,1.0035577048942208,1.448319509020522e-07]"
/multi_agv/m2b_algorithm_state,1789558512.5071201,1789558512.5071201,m2b_algorithm_state_v1:header6+3x20,"[1.0,-0.15,0.52,3.395843591395153,0.10125036011935994,1789558512.5069833,3.394419938966904,0.10107517309631008,0.0036904376666666654,0.0015407030210778574,0.0006966894460268764,0.000569433094875046,0.004584685874999997,3.394457538059131,0.10226316983496657,3.759909222722513e-05,0.0011879967386564938,0.0011857646595777728,0.9962591786245241,4.6844215198343754e-08,0.0012327635248618042,-0.0033905560927145273,-0.0033905560927145273,0.14195254180677738,1.0018823963597598,4.666897935681239e-08,3.395400430981138,0.10150172552333526,0.002796189458333334,-0.0009441332140536331,0.0016671356741193577,0.0007541203860380874,-0.0017884964166666626,3.3931301090214134,0.10435148156322681,-0.0022703219597244306,0.0028497560398915434,0.002837146847855066,0.9912467409434352,-1.64654345505642e-07,-7.556018004721554e-07,-0.0022349742116730704,-0.0022349742116730704,0.120468788204021,1.0044443212539422,-1.63213083364642e-07,3.3947137873212525,0.10117415756432237,0.0036904376666666654,0.0013238384695071887,0.0009824055473510503,0.0005148220322064713,0.0032930326916666636,3.393238315261653,0.10358953093284634,-0.0014754720595995252,0.0024153733685239737,0.0024062444132592676,0.9925102811058366,1.661573112809131e-07,0.0005619043387598611,-0.0017829794841658967,-0.0017829794841658967,0.17670402184285305,1.0037938603470216,1.6491283972720906e-07]"
/multi_agv/m2b_algorithm_state,1789558512.5171025,1789558512.5171025,m2b_algorithm_state_v1:header6+3x20,"[1.0,-0.15,0.52,3.396839285607608,0.10125038799679816,1789558512.5169232,3.395418813463916,0.10107519465180863,0.0036904376666666654,0.001540548326335637,0.0006967005331860673,0.0005694943816373808,0.004584685874999997,3.3955151416779605,0.10277464972952234,9.632821404448322e-05,0.001699455077713713,0.0016949050302646183,0.9946797666599348,9.581613349338466e-08,0.0018153152978202223,-0.005711150437106481,-0.005711150437106481,0.14195254043063277,1.0026845441885226,9.530636930545702e-08,3.396399300826902,0.1015017103920493,0.002796189458333334,-0.0009439638667500085,0.0016671282952462896,0.0007540508180681471,-0.0017884964166666626,3.394167242639597,0.10435148156322681,-0.002232058187304986,0.0028497711711775037,0.0028371618440768353,0.9912466941624981,-1.646265694541716e-07,4.7089109945602694e-05,-0.0024063320285252206,-0.0024063320285252206,0.12046878902414665,1.0044443453682395,-1.631855427427605e-07,3.395712659894641,0.10117417531422183,0.0036904376666666654,0.0013237392730250648,0.000982408668779678,0.0005148634063472835,0.0032930326916666636,3.39428195092024,0.10374474550334291,-0.001430708974401007,0.002570570189121074,0.0025602425882309135,0.9920431900232238,1.8815969821460755e-07,0.0007718563702296547,-0.0026070615583473054,-0.0026070615583473054,0.1767040245644954,1.004033836847194,1.8666254725062636e-07]"
/multi_agv/m2b_algorithm_state,1789558512.5270505,1789558512.5270505,m2b_algorithm_state_v1:header6+3x20,"[1.0,-0.15,0.52,3.397844011176685,0.10125035754086019,1789558512.5269246,3.3964145163050388,0.1010752625656447,0.0036904376666666654,0.0015400665605334028,0.0006967442889340698,0.0005696804476129244,0.004584685874999997,3.396938534275008,0.10308085113467451,0.0005240179699690373,0.002005588569029812,0.001999266313736318,0.9937433003307031,1.3337321656840032e-07,0.0026542887761976147,-0.008857072667160692,-0.008857072667160692,0.141952533332153,1.0031622877102744,1.3253874040840374e-07,3.3973949846389115,0.10150166798196197,0.002796189458333334,-0.0009434399669183721,0.0016670970939105523,0.0007538399554914421,-0.0017884964166666626,3.395419571609497,0.10394069305834554,-0.001975413029414508,0.0024390250763835636,0.002429759700630433,0.9924729157774089,-1.2056066086303314e-07,-3.950658613770166e-05,-0.0019077713004556798,-0.0019077713004556798,0.1204687931368239,1.0038132889234794,-1.1965319061478585e-07,3.3967083558788738,0.10117423344278781,0.0036904376666666654,0.0013234205377312537,0.0009824234052416177,0.0005149939003523964,0.0032930326916666636,3.3957189433617536,0.10367513808494619,-0.0009894125171201473,0.0025009046421583803,0.0024911240703957968,0.9922526578839337,1.780655905656752e-07,0.0012543584239956126,-0.004302662691616818,-0.004302662691616818,0.17670403845762647,1.0039261680615648,1.7668605551646353e-07]"
/multi_agv/m2b_algorithm_state,1789558512.5374808,1789558512.5374808,m2b_algorithm_state_v1:header6+3x20,"[1.0,-0.15,0.52,3.398837448714558,0.10125039968440674,1789558512.5373528,3.3974192323099075,0.10107518906809985,0.0036904376666666654,0.001540587293586377,0.0006966959045000103,0.0005694798985524107,0.004584685874999997,3.3978910193025276,0.10208292247006864,0.0004717869926200713,0.0010077334019687884,0.0010061251175255104,0.9968202864614782,3.3708613426997514e-08,0.0015958588583005996,-0.004599790704736918,-0.004599790704736918,0.1419525424509606,1.0015984934828317,3.3601429692518896e-08,3.3983997218197963,0.10150171324271304,0.002796189458333334,-0.0009440058027909886,0.001667131929334431,0.0007540671055585452,-0.0017884964166666626,3.396449412254454,0.10394069305834554,-0.0019503095653421454,0.0024389798156325,0.002429714786297832,0.9924730562338717,-1.2062847021232548e-07,-8.172170379849852e-06,-0.002020493527231279,-0.002020493527231279,0.12046878783720441,1.003813216838008,-1.1972050650044324e-07,3.3977130794003507,0.10117417031176767,0.0036904376666666654,0.0013237659798141259,0.0009824068680802881,0.0005148527666378787,0.0032930326916666636,3.3966608229003175,0.10274145743246221,-0.0010522565000332662,0.0015672871206945382,0.0015634186066619158,0.9950927539106849,6.999990348853938e-08,0.00024809798162033305,-0.0002706460013849447,-0.0002706460013849447,0.17670402060923748,1.002474394264043,6.965639673589281e-08]"
/multi_agv/m2b_algorithm_state,1789558512.5472777,1789558512.5472777,m2b_algorithm_state_v1:header6+3x20,"[1.0,-0.15,0.52,3.3998373255594685,0.10125039981871832,1789558512.5471644,3.3984126829923804,0.10107529114523722,0.0036904376666666654,0.0015398637163992158,0.0006967625435909666,0.0005697588769858956,0.004584685874999997,3.3989145920057697,0.10208292247006864,0.0005019090133893123,0.0010076313248314206,0.001006023367173881,0.996820609265087,3.36859425991981e-08,0.0016334096339105212,-0.0047342445833206525,-0.0047342445833206525,0.14195253130382152,1.0015983303271143,3.35788418254014e-08,3.3993931434543745,0.1015016500164594,0.002796189458333334,-0.0009432192891189514,0.0016670842194490554,0.0007537509961579314,-0.0017884964166666626,3.3973167682361574,0.10202297242658687,-0.0020763752182171302,0.0005213224101274644,0.0005208929031191537,0.9983554970351309,-5.514317425566018e-09,-0.0020745761196522593,0.006200051975686036,0.006200051975686036,0.12046879431536378,1.0008245591478377,-5.5052491142104454e-09,3.3987065196969195,0.10117425789152365,0.0036904376666666654,0.001323286330449648,0.0009824295041172887,0.0005150489015837592,0.0032930326916666636,3.3976909986513104,0.10274145743246221,-0.0010155210456090913,0.001567199540938563,0.0015633314612774833,0.9950930290879296,6.996669624150355e-08,0.00029393015426611917,-0.00043468324593385135,-0.00043468324593385135,0.17670404243230659,1.0024742543452168,6.962337169823283e-08]"
/multi_agv/m2b_algorithm_state,1789558512.5576653,1789558512.5576653,m2b_algorithm_state_v1:header6+3x20,"[1.0,-0.15,0.52,3.400837984658388,0.10125039498752009,1789558512.557533,3.3994125601487006,0.10107528944024294,0.0036904376666666654,0.0015398777923598997,0.0006967643198905193,0.0005697518517157438,0.004584685874999997,3.399910321430731,0.10230151323433116,0.0004977612820304955,0.0012262237940882242,0.0012238464492318763,0.996140493222521,4.987925582762256e-08,0.0018460480517699957,-0.005595852371019918,-0.005595852371019918,0.1419525317081919,1.0019425188983797,4.968674650170024e-08,3.4003930197477223,0.1015016528411743,0.002796189458333334,-0.0009432359236287188,0.0016670825647628895,0.0007537590673679234,-0.0017884964166666626,3.39820759733429,0.101444403192887,-0.0021854224134325584,-5.7249648287294175e-05,-5.725485072935688e-05,1.000181785220431,-6.652875958548322e-11,-0.002789032867520055,0.008981586238753286,0.008981586238753286,0.12046879407646502,0.9999091353484215,-6.654085353070948e-11,3.399706396781981,0.10117425717473773,0.0036904376666666654,0.0013232922577940385,0.0009824307491144157,0.0005150456847387843,0.0032930326916666636,3.3987769616563988,0.10349927386522444,-0.0009294351255824118,0.0023250166904867087,0.002316552175906479,0.992783015948646,1.5390510777661808e-07,0.0011547582689284642,-0.0038633171017731804,-0.0038633171017731804,0.17670404164884804,1.003653927879659,1.5279437706837232e-07]"
/multi_agv/m2b_algorithm_state,1789558512.567216,1789558512.567216,m2b_algorithm_state_v1:header6+3x20,"[1.0,-0.15,0.52,3.4018445881529105,0.10125035225765511,1789558512.5671246,3.4004132179479765,0.1010752760196502,0.0036904376666666654,0.0015399746760463543,0.0006967579549076674,0.000569713167409638,0.004584685874999997,3.4011720257220093,0.10302457042579145,0.0007588077740328103,0.0019492944061412498,0.0019433195355964207,0.9939150090268153,1.259888218212211e-07,0.0028918292531374336,-0.009678705347718853,-0.009678705347718853,0.14195253352627132,1.0030745692797225,1.252221809777168e-07,3.4013936802725646,0.10150166266641446,0.002796189458333334,-0.0009433424937312458,0.001667086842530363,0.0007538030366831261,-0.0017884964166666626,3.3995827849676212,0.10325635346028324,-0.001810895304943383,0.0017546907938687795,0.0017498702919662027,0.9945422218929076,-6.242373675495349e-08,-0.000513748839213026,9.773127154406587e-05,9.773127154406587e-05,0.1204687930178508,1.0027547766967118,-6.208304185112941e-08,3.4007070557546224,0.10117424627649559,0.0036904376666666654,0.001323353682023584,0.000982429142822561,0.0005150198952795608,0.0032930326916666636,3.3996630796530005,0.1016580804376664,-0.0010439761016218796,0.00048383416117081524,0.00048346245215899665,0.9984662979538358,6.6741828449129595e-09,-0.0008215076748683528,0.0040266251958375986,0.0040266251958375986,0.176704038068807,1.0007688477360728,6.663946637027243e-09]"
/multi_agv/m2b_algorithm_state,1789558512.5772474,1789558512.5772474,m2b_algorithm_state_v1:header6+3x20,"[1.0,-0.15,0.52,3.4028443229183467,0.101250354838005,1789558512.5771136,3.401419808005529,0.10107517288269761,0.0036904376666666654,0.0015407055284906552,0.0006966900152011843,0.0005694317119656674,0.004584685874999997,3.4021561236808733,0.10221872854474084,0.0007363156753443789,0.0011435556620432302,0.0011414867605856283,0.9963972951728323,4.3406504619301224e-08,0.0020618813547661017,-0.00632494385738315,-0.00632494385738315,0.1419525460180174,1.0018124620705546,4.325012379557879e-08,3.4024003000727654,0.10150172623686723,0.002796189458333334,-0.0009441368960840853,0.001667135759563898,0.0007541219376363401,-0.0017884964166666626,3.4006121906131663,0.10325635346028324,-0.0017881094595990632,0.0017546272234160026,0.001749807072644074,0.9945424204054639,-6.247176268086559e-08,-0.00048532975185475494,-4.538925202398204e-06,-4.538925202398204e-06,0.12046878575442889,1.0027546755566858,-6.21308180636238e-08,3.401713656380438,0.10117415765340051,0.0036904376666666654,0.001323838722942484,0.0009824059598279927,0.0005148217078059319,0.0032930326916666636,3.4006031506570626,0.10085336270454004,-0.0011105057233753435,-0.00032079494886047555,-0.000320959350923395,1.0010262085403014,2.936740721127422e-09,-0.0017090915051425743,0.007528400832999188,0.007528400832999188,0.1767040136119988,0.9994877791768756,2.9397544295360944e-09]"
/multi_agv/m2b_algorithm_state,1789558512.5869875,1789558512.5869875,m2b_algorithm_state_v1:header6+3x20,"[1.0,-0.15,0.52,3.4038373510376605,0.10125039964168385,1789558512.586882,3.4024195432160385,0.1010751814272675,0.0036904376666666654,0.0015406428060967129,0.0006966922478415681,0.0005694577381981977,0.004584685874999997,3.4031183039208837,0.10153622472553281,0.0006987607048452027,0.00046104329826530954,0.00046070527166240606,0.9985362003506315,7.058609248901495e-09,0.0013341561527189095,-0.0034111195694292735,-0.0034111195694292735,0.1419525461866443,1.0007337155090146,7.0482768591579236e-09,3.4034000345134983,0.10150171894376392,0.002796189458333334,-0.0009440673933169092,0.001667134785453328,0.0007540923172767444,-0.0017884964166666626,3.4013814814059953,0.09999480689859018,-0.002018553107502985,-0.0015069120451737389,-0.0015105562184641048,1.0048641376692222,-4.617995982271084e-08,-0.004033747602842836,0.013973547051573165,0.013973547051573165,0.1204687856624495,0.9975875288547214,-4.640458550484765e-08,3.4027133910255047,0.1011741641429836,0.0036904376666666654,0.0013238009377149911,0.0009824060011009552,0.000514838064731884,0.0032930326916666636,3.401744513131793,0.1016635226760152,-0.0009688778937118059,0.0004893585330316003,0.0004889783027536439,0.998448881896831,6.8297464843826795e-09,-0.0007221190643861134,0.00367119576058711,0.00367119576058711,0.17670401325245805,1.0007776015332688,6.819152740970699e-09]"
/multi_agv/m2b_algorithm_state,1789558512.596998,1789558512.596998,m2b_algorithm_state_v1:header6+3x20,"[1.0,-0.15,0.52,3.4048389122912823,0.10125038905800972,1789558512.596882,3.403412585277384,0.10107529014906065,0.0036904376666666654,0.0015398719454756448,0.0006967629288809007,0.000569755109621528,0.004584685874999997,3.404072798705641,0.10119086645559756,0.0006602134282567285,0.00011557630653691309,0.00011555500856091378,0.9996316082769519,4.4346789467290477e-10,0.0009408217938818243,-0.0018534439960602297,-0.0018534439960602297,0.1419525343027091,1.0001843102801389,4.433045247710697e-10,3.4043930457807625,0.10150165143477796,0.002796189458333334,-0.0009432294127417152,0.0016670842293051713,0.0007537553792823642,-0.0017884964166666626,3.4023816542870464,0.1000358542566448,-0.002011391493716097,-0.0014657971781331658,-0.0014692441400527714,1.0047292302441757,-4.365439613462327e-08,-0.0039834835071978925,0.013780680417493557,0.013780680417493557,0.12046879257111048,0.9976539216147687,-4.3860847825114354e-08,3.4037064220548356,0.10117425734121291,0.0036904376666666654,0.0013232903314450936,0.000982429956620923,0.0005150469319451403,0.0032930326916666636,3.4028275115929216,0.10242688243045638,-0.0008789104619140176,0.001252625089243467,0.0012501480982710647,0.9960638866726836,4.470808752205681e-08,0.0001515100208785427,0.0002171097263560563,0.0002171097263560563,0.17670403655520955,1.001981358029363,4.4532111422922416e-08]"
/multi_agv/m2b_algorithm_state,1789558512.6070008,1789558512.6070008,m2b_algorithm_state_v1:header6+3x20,"[1.0,-0.15,0.52,3.4058368210337018,0.10125040203374684,1789558512.6068475,3.4044141434232267,0.10107526298145522,0.0036904376666666654,0.0015400660325286726,0.0006967473682938591,0.0005696790747716561,0.004584685874999997,3.40446797519104,0.10157656283562998,5.383176781315058e-05,0.0005012998541747554,0.0005009003420602871,0.9984091157710624,8.341720287622317e-09,0.0005681900518267253,-0.0007065385473441362,-0.0007065385473441362,0.1419525377383515,1.0007975880248456,8.32844957637453e-09,3.4053946106654083,0.10150166959621901,0.002796189458333334,-0.0009434414286074522,0.0016670951223791697,0.0007538416146278537,-0.0017884964166666626,3.4027793048303137,0.10141094896091718,-0.0026153058350946168,-9.07206353018275e-05,-9.073370253879621e-05,1.0002881753633261,-1.6710162950226764e-10,-0.003359865996407067,0.011021072330092481,0.011021072330092481,0.12046879057572317,0.9998559825444893,-1.6714978407506185e-10,3.4047079827852107,0.10117423459635494,0.0036904376666666654,0.00132341640375671,0.0009824251597199806,0.0005149947796864135,0.0032930326916666636,3.4028712969293498,0.10048142504347166,-0.0018366858558609422,-0.0006928095528832834,-0.0006935785054214351,1.0022256139764911,1.3696561374224626e-08,-0.002989435825247613,0.012220759428094152,0.012220759428094152,0.17670402986024913,0.9988913258814379,1.372704463264897e-08]"
/multi_agv/m2b_algorithm_state,1789558512.617018,1789558512.617018,m2b_algorithm_state_v1:header6+3x20,"[1.0,-0.15,0.52,3.406842031276167,0.10125036803869199,1789558512.6168814,3.4054120563903227,0.10107529295596754,0.0036904376666666654,0.0015398550395102797,0.0006967689673339269,0.0005697592967833619,0.004584685874999997,3.405491831306107,0.10147630742013124,7.977491578436968e-05,0.0004010144641636987,0.0004007586150287386,0.9987259244934612,5.337673541959091e-09,0.0005004772597592007,-0.0004200537527454368,-0.0004200537527454368,0.14195253462840735,1.0006384120649328,5.330872942837381e-09,3.406392514168898,0.1015016523185368,0.002796189458333334,-0.0009432131852237513,0.001667079405588634,0.0007537508543699056,-0.0017884964166666626,3.4037870808005164,0.10141094896091718,-0.0026054333683815933,-9.070335761962589e-05,-9.071641988112679e-05,1.0002881204914686,-1.6699758706996203e-10,-0.0033475081303581183,0.010977437165603792,0.010977437165603792,0.12046879238472244,0.9998560099536775,-1.6704570249682271e-10,3.4057058925418846,0.10117426082673617,0.0036904376666666654,0.0013232742262364564,0.0009824329764044574,0.0005150523421927709,0.0032930326916666636,3.4038937969294,0.10074664693530203,-0.0018120956124847432,-0.0004276138914341421,-0.0004279062431354163,1.0013695709539217,5.21628139248908e-09,-0.0026930257587413453,0.011061128084537552,0.011061128084537552,0.17670403592594047,0.9993167856137549,5.223425459971715e-09]"
/multi_agv/m2b_algorithm_state,1789558512.6272256,1789558512.6272256,m2b_algorithm_state_v1:header6+3x20,"[1.0,-0.15,0.52,3.4078429119995906,0.10125036283137841,1789558512.627117,3.4064172560622805,0.10107521000289936,0.0036904376666666654,0.0015404437546161364,0.0006967156066091987,0.0005695318687424203,0.004584685874999997,3.407525801034306,0.10146528262065177,0.0011085449720256157,0.00039007261775241,0.0003898305197445289,0.9987605329012833,5.052338224083637e-09,0.0017755117347765486,-0.0049470838274221374,-0.0049470838274221374,0.14195254460265685,1.0006210340022625,5.046076017083297e-09,3.407397737158176,0.1015017042441725,0.002796189458333334,-0.0009438537287206087,0.0016671176460256731,0.0007540086164415372,-0.0017884964166666626,3.405369567317575,0.0999570836434332,-0.0020281698406008353,-0.001544620600739302,-0.0015484505290463777,1.004987982155817,-4.8510315548623525e-08,-0.004083662829797422,0.014164835063744483,0.014164835063744483,0.12046878657634463,0.9975266059617454,-4.875228413695311e-08,3.4067111006080455,0.1011741898690041,0.0036904376666666654,0.0013236634842262985,0.0009824150616545959,0.0005148929325680595,0.0032930326916666636,3.40597553004141,0.10256405952638831,-0.000735570566635424,0.0013898696573842045,0.001386823312222771,0.9956394449945478,5.5051756089056664e-08,0.00046736010392849103,-0.0009717917970529372,-0.0009717917970529372,0.1767040163528238,1.0021966353857659,5.481169987848359e-08]"
/multi_agv/m2b_algorithm_state,1789558512.6371956,1789558512.6371956,m2b_algorithm_state_v1:header6+3x20,"[1.0,-0.15,0.52,3.4088370103456733,0.10125040067917905,1789558512.6370654,3.40741813493532,0.10107519867228464,0.0036904376666666654,0.0015405229267852097,0.000696706296364535,0.0005695023935969406,0.004584685874999997,3.408484626927915,0.10086127655871599,0.001066491992594898,-0.00021392211356864588,-0.00021399526004585798,1.0006844131276809,1.520268233705482e-09,0.0011191197306977645,-0.0023331314832435997,-0.0023331314832435997,0.14195254682699412,0.9996581864607822,1.5213087252422262e-09,3.4083986202430316,0.10150171015659783,0.002796189458333334,-0.0009439391893703557,0.0016671247303232661,0.0007540419756582595,-0.0017884964166666626,3.4063686346701787,0.0999570836434332,-0.0020299855728529437,-0.0015446265131646292,-0.001548456470657441,1.004988001185127,-4.851507816726091e-08,-0.004085938436723621,0.014172785767788843,0.014172785767788843,0.12046878529204941,0.9975265966041746,-4.875707143465574e-08,3.40771198082042,0.10117417966525276,0.0036904376666666654,0.0013237181433973571,0.0009824115136844343,0.0005148710854437199,0.0032930326916666636,3.4071515825021965,0.10423348879324743,-0.0005603983182234096,0.0030593091279946666,0.003044735285895507,0.9905832786983886,2.66407595233561e-07,0.002344237388116245,-0.008476540583288023,-0.008476540583288023,0.17670401202234384,1.004786571156669,2.6389890915661405e-07]"
/multi_agv/m2b_algorithm_state,1789558512.6472714,1789558512.6472714,m2b_algorithm_state_v1:header6+3x20,"[1.0,-0.15,0.52,3.4098439371645046,0.10125035567675104,1789558512.6471586,3.4084122450784857,0.10107529025479622,0.0036904376666666654,0.0015398738926015632,0.0006967661685701283,0.0005697525805206241,0.004584685874999997,3.4094674637874363,0.10049772439933169,0.0010552187089505338,-0.0005775658554645346,-0.0005781005141062884,1.0018554548341634,1.1079970309403961e-08,0.0007409228720818789,-0.0008255715951374109,-0.0008255715951374109,0.14195253686399484,0.9990751458808502,1.1100528693876931e-08,3.409392704305989,0.10150165353358022,0.002796189458333334,-0.0009432339398920643,0.0016670818809467747,0.000753758563203491,-0.0017884964166666626,3.4074316021539057,0.10050693578727483,-0.0019611021520833383,-0.0009947177463053847,-0.0009962995124277035,1.0031922909185467,-2.0097573520575896e-08,-0.0034476772025318764,0.011698926882070988,0.011698926882070988,0.12046879108350779,0.998412358831267,-2.0161730822010455e-08,3.4087060816525456,0.10117425824916072,0.0036904376666666654,0.0013232878987736135,0.0009824319049023264,0.0005150469730265694,0.0032930326916666636,3.4080599631735513,0.10303404867482213,-0.0006461184789943175,0.001859790425661409,0.0018543552795372885,0.9941963261796998,9.850941411903042e-08,0.0010467071807943916,-0.003258572176564943,-0.003258572176564943,0.17670403157019657,1.0029310166094367,9.79376976112547e-08]"
/multi_agv/m2b_algorithm_state,1789558512.6572642,1789558512.6572642,m2b_algorithm_state_v1:header6+3x20,"[1.0,-0.15,0.52,3.4108424564643838,0.10125036585775886,1789558512.657156,3.4094191578233084,0.10107518118042272,0.0036904376666666654,0.0015406471999861223,0.0006966950136590986,0.0005694543950098468,0.004584685874999997,3.410501439014274,0.10057955799151382,0.0010822811909654284,-0.000495623188908903,-0.0004960166564377821,1.0015907382173388,8.162673074776563e-09,0.0008568348322690034,-0.0012730745499116999,-0.0012730745499116999,0.14195254993341536,0.9992067453304797,8.175657750792253e-09,3.4103996481613814,0.10150172115154703,0.002796189458333334,-0.0009440747145073132,0.0016671329906308152,0.0007540964243879233,-0.0017884964166666626,3.408432466603106,0.10050693578727483,-0.001967181558275577,-0.0009947853642721938,-0.0009963673448126153,1.0031925074528258,-2.0118217553235925e-08,-0.0034553442926570864,0.011725235280638513,0.011725235280638513,0.12046878348588637,0.9984122517175441,-2.01824451127122e-08,3.4097130055088236,0.10117416469828341,0.0036904376666666654,0.0013238003183863585,0.0009824077665330447,0.0005148374149091584,0.0032930326916666636,3.409138725895095,0.10362677409937798,-0.0005742796137284678,0.0024526094010945687,0.002443199469657559,0.9923980588723436,1.7131012061251184e-07,0.0017253499524969742,-0.0059657672339609395,-0.0059657672339609395,0.17670400592926558,1.0038514789946023,1.700078311610438e-07]"
/multi_agv/m2b_algorithm_state,1789558512.6671686,1789558512.6671686,m2b_algorithm_state_v1:header6+3x20,"[1.0,-0.15,0.52,3.4118420555604074,0.10125036884897047,1789558512.667053,3.410417680034046,0.10107520752795102,0.0036904376666666654,0.0015404588362495845,0.0006967097657804011,0.000569528369560537,0.004584685874999997,3.4116690907133274,0.10094786828533536,0.0012514106792811397,-0.00012733924261565388,-0.00012736514397662776,1.000407004380761,5.386280469565604e-10,0.0014368982051247967,-0.0035009420298033884,-0.0035009420298033884,0.14195254792624745,0.9997966369748804,5.388472709312724e-10,3.4113981640954982,0.10150170336220933,0.002796189458333334,-0.0009438690157528725,0.0016671228933420323,0.0007540125133514292,-0.0017884964166666626,3.4094881752060298,0.10076307540395105,-0.0019099888894684725,-0.0007386279582582839,-0.0007394984259102639,1.0023635698818518,-1.1086936486057374e-08,-0.0031269845377458545,0.010459422678284088,0.010459422678284088,0.12046878464895264,0.9988228945167685,-1.1113141235217824e-08,3.410711525263608,0.10117418668311622,0.0036904376666666654,0.0013236782532413207,0.000982412258048182,0.000514887989064581,0.0032930326916666636,3.410260489008438,0.10502833712402919,-0.0004510362551704006,0.0038541504409129734,0.0038311594520575964,0.9882445999480273,4.225500704658376e-07,0.0032673641330945957,-0.012184732572661111,-0.012184732572661111,0.1767040098715626,1.0060010524602492,4.175828253455224e-07]"
/multi_agv/m2b_algorithm_state,1789558512.6771934,1789558512.6771934,m2b_algorithm_state_v1:header6+3x20,"[1.0,-0.15,0.52,3.412840279585349,0.1012503804589802,1789558512.677081,3.411417279910643,0.10107521575096705,0.0036904376666666654,0.0015403995829888798,0.0006967137420169855,0.0005695519851477757,0.004584685874999997,3.412651117104265,0.10058803229192227,0.0012338371936220227,-0.00048718345904477656,-0.00048756361593636294,1.0015635003244348,7.885728435129138e-09,0.0010547328760911654,-0.001978517733950094,-0.001978517733950094,0.14195254783964273,0.999220292738915,7.898057774095867e-09,3.412397762340774,0.10150169740402243,0.002796189458333334,-0.0009438040145334833,0.0016671203410991708,0.0007539856651559013,-0.0017884964166666626,3.4104529084770756,0.10033551637523459,-0.0019448538636983592,-0.0011661810287878355,-0.0011683579221386303,1.0037498250646042,-2.764322745478237e-08,-0.0035994252517615793,0.012303922999089691,0.012303922999089691,0.120468784707194,0.9981367924079207,-2.7746884721958867e-08,3.411711124429806,0.10117419339192191,0.0036904376666666654,0.0013236405099262371,0.0009824133036796748,0.0005149038054126022,0.0032930326916666636,3.411417326617889,0.10629758734202213,-0.00029379781191707366,0.005123393950100225,0.005083158236547161,0.9846006280821873,7.459130858810945e-07,0.004715910971650819,-0.018052346184589816,-0.018052346184589816,0.17670401005333394,1.007915494989665,7.344264928532482e-07]"
/multi_agv/m2b_algorithm_state,1789558512.6872923,1789558512.6872923,m2b_algorithm_state_v1:header6+3x20,"[1.0,-0.15,0.52,3.4138402365949427,0.10125038069800146,1789558512.6872349,3.412415507510503,0.10107524417404624,0.0036904376666666654,0.0015401977690846693,0.0006967318955649832,0.0005696300205499296,0.004584685874999997,3.413640178433612,0.10030841528259389,0.0012246709231087394,-0.0007668288914523536,-0.0007677727151602613,1.0024687471841423,1.9538026583500246e-08,0.0007630659387256629,-0.0008170629875131354,-0.0008170629875131354,0.14195254528335235,0.9987706990763396,1.958626103161196e-08,3.4133959820712243,0.10150167952232046,0.002796189458333334,-0.0009435844429635087,0.0016671074576262157,0.0007538971900208219,-0.0017884964166666626,3.411868470244014,0.10098256089230681,-0.0015275118272102262,-0.0005191186300136513,-0.0005195478829319635,1.001657024142674,-5.4738990334826855e-09,-0.0024289376669447463,0.007896499468869389,0.007896499468869389,0.12046878618319791,0.9991737952700533,-5.482969416335726e-09,3.4127093491743192,0.10117421768057386,0.0036904376666666654,0.001323507142122354,0.0009824193773985811,0.0005149584558484912,0.0032930326916666636,3.4123748729971735,0.1055082282056314,-0.0003344761771457705,0.004334010525057538,0.0043050442942790465,0.9868539041193072,5.340494079183198e-07,0.0038869490728468334,-0.014656997560390413,-0.014656997560390413,0.17670401505560568,1.0067284396625107,5.270287431967983e-07]"
/multi_agv/m2b_algorithm_state,1789558512.6972375,1789558512.6972375,m2b_algorithm_state_v1:header6+3x20,"[1.0,-0.15,0.52,3.414842785752656,0.10125036441087905,1789558512.6971228,3.413415464629151,0.10107524446947364,0.0036904376666666654,0.0015401959023228452,0.0006967325281519443,0.0005696305006763182,0.004584685874999997,3.415063500553365,0.10068015993925443,0.0016480359242141418,-0.00039508453021920575,-0.0003953343666678352,1.001266609805435,5.185032829879685e-09,0.001664710538599842,-0.004183652153084578,-0.004183652153084578,0.14195254583500527,0.9993680376165238,5.191600243303513e-09,3.4143959389288234,0.10150167957112631,0.002796189458333334,-0.0009435825792956797,0.0016671070016425205,0.0007538966193745555,-0.0017884964166666626,3.4128811147811247,0.10098256089230681,-0.0015148241476987678,-0.0005191186788194996,-0.0005195479318184006,1.0016570242982856,-5.47388925025419e-09,-0.0024130781164418604,0.007840303552355606,0.007840303552355606,0.12046878586197692,0.9991737951926809,-5.482959617747986e-09,3.4137093062268535,0.10117421805340443,0.0036904376666666654,0.0013235053252290004,0.0009824196835904742,0.0005149590841356314,0.0032930326916666636,3.413509642817314,0.1047644871512783,-0.0001996634095395855,0.003590269097873869,0.0035702784551220434,0.9890161592675448,3.6669663934918e-07,0.0033206991931975616,-0.012244867987245275,-0.012244867987245275,0.1767040139449254,1.005599183089808,3.626689018654421e-07]"
/multi_agv/m2b_algorithm_state,1789558512.7071288,1789558512.7071288,m2b_algorithm_state_v1:header6+3x20,"[1.0,-0.15,0.52,3.4158426917782205,0.10125036548626415,1789558512.707026,3.4144180086400335,0.10107520540708824,0.0036904376666666654,0.0015404723748565813,0.0006967065031550305,0.0005695241981768321,0.004584685874999997,3.4161083499755374,0.10124147822292501,0.001690341335503831,0.00016627281583676823,0.0001662287525022129,0.9994703204459484,9.181655375050694e-10,0.0022791554218820017,-0.006630164197184934,-0.006630164197184934,0.14195255105389243,1.0002650764918346,9.176792039926183e-10,3.415398494357135,0.10150170340615548,0.002796189458333334,-0.0009438828378940858,0.0016671258134364209,0.0007540169858292894,-0.0017884964166666626,3.4139390451784473,0.10133061775485476,-0.0014594491786876773,-0.00017108565130072306,-0.00017113215236435797,1.0005439519293926,-5.9459757480188e-10,-0.001995443625723955,0.00621260461506449,0.00621260461506449,0.1204687828265812,0.999728273950906,-5.949210072999056e-10,3.4147118542608,0.10117418441939344,0.0036904376666666654,0.0013236890812605207,0.0009824107197414778,0.0005148840956878428,0.0032930326916666636,3.414561379005468,0.10475063992473964,-0.00015047525533207207,0.0035764555053462016,0.0035566162998852575,0.9890566763769976,3.6393479281509787e-07,0.0033685222307201675,-0.012409650139336011,-0.012409650139336011,0.17670400372286485,1.005578112393396,3.599521365996519e-07]"
/multi_agv/m2b_algorithm_state,1789558512.7171233,1789558512.7171233,m2b_algorithm_state_v1:header6+3x20,"[1.0,-0.15,0.52,3.4168390103869943,0.1012503892373895,1789558512.7170107,3.4154179148433292,0.10107520911653906,0.0036904376666666654,0.001540444940392335,0.0006967073906602112,0.0005695356282354985,0.004584685874999997,3.417119022706903,0.10105283385635022,0.001701107863573803,-2.2375260188833845e-05,-2.237605926827396e-05,1.0000714313002486,1.6628944981020057e-11,0.0021040087701989798,-0.005918124458442439,-0.005918124458442439,0.14195255152159683,0.9999642886430299,1.6630132808181812e-11,3.4163984002721532,0.10150170012135558,0.002796189458333334,-0.0009438522632384105,0.0016671254817968162,0.0007540039052742614,-0.0017884964166666626,3.4149383883283826,0.10117699776402748,-0.001460011943770656,-0.0003247023573280938,-0.0003248700490901117,1.0010341647043877,-2.1419000064955096e-09,-0.002149884978803432,0.006825435109744005,0.006825435109744005,0.12046878255921521,0.9994838189531859,-2.144115083882555e-09,3.4157117602191804,0.10117418722089784,0.0036904376666666654,0.0013236725742921712,0.000982410670118795,0.0005148912766128827,0.0032930326916666636,3.415607616203132,0.10477499432467488,-0.00010414401604830203,0.00360080710377704,0.0035807005419067886,0.988985250236649,3.6889608135067323e-07,0.003450520521846411,-0.012716553336621066,-0.012716553336621066,0.17670400280174955,1.0056152592586098,3.648327833259148e-07]"
/multi_agv/m2b_algorithm_state,1789558512.7270885,1789558512.7270885,m2b_algorithm_state_v1:header6+3x20,"[1.0,-0.15,0.52,3.4178389382303465,0.10125038936980728,1789558512.7269707,3.416414240871379,0.1010752666619916,0.0036904376666666654,0.0015400369186328914,0.0006967450038370508,0.0005696929242831407,0.004584685874999997,3.4180700513165427,0.10028511510951361,0.00165581044516383,-0.0007901515524779829,-0.0007911538369735748,1.0025445023288215,2.074274019692419e-08,0.0012786092194812127,-0.0026315678898540637,-0.0026315678898540637,0.14195254554974457,0.998733135771134,2.0795520147661403e-08,3.417394709905877,0.10150166444575905,0.002796189458333334,-0.0009434086621711345,0.0016670985566467067,0.000753825625108645,-0.0017884964166666626,3.415797697665937,0.10162078734203889,-0.001597012239940021,0.0001191228962798413,0.00011910040201608071,0.9996225056044015,-2.8805808471478077e-10,-0.0018771648979089457,0.005669701751365466,0.005669701751365466,0.12046878603595389,1.0001888680758404,-2.879493444021941e-10,3.4167080803837284,0.10117423660441785,0.0036904376666666654,0.0013234020255607068,0.0009824234420978016,0.0005150019054714046,0.0032930326916666636,3.416614510414607,0.1044732201103133,-9.356996912135429e-05,0.003298983505895456,0.0032820675862494713,0.989873457867827,3.096540068790206e-07,0.0031651051248477785,-0.011540891546452374,-0.011540891546452374,0.17670401452893647,1.0051540436634685,3.0651828253196404e-07]"
/multi_agv/m2b_algorithm_state,1789558512.7371535,1789558512.7371535,m2b_algorithm_state_v1:header6+3x20,"[1.0,-0.15,0.52,3.4188441158699234,0.10125035596037722,1789558512.7370787,3.4174141689196875,0.1010752658510017,0.0036904376666666654,0.001540043686092569,0.0006967461541867333,0.000569689392525302,0.004584685874999997,3.418772630708636,0.0994951473111928,0.0013584617889486061,-0.0015801185398088974,-0.0015841506786157147,1.0051339609779402,8.29965536593732e-08,0.00011392655757004296,0.0018452394456763073,0.0018452394456763073,0.14195254605352908,0.997454699946636,8.342265472716394e-08,3.418394637403463,0.10150166591771684,0.002796189458333334,-0.000943416688293037,0.0016670975193497917,0.0007538296437287206,-0.0017884964166666626,3.4168070013214447,0.10162078734203889,-0.0015876360820183955,0.00011912142432204953,0.00011909893061439059,0.9996225102701859,-2.880534148779424e-10,-0.0018654461719086037,0.005628075394850493,0.005628075394850493,0.12046878574279953,1.00018886573996,-2.879446776721881e-10,3.417708008367889,0.10117423634070326,0.0036904376666666654,0.001323404515246237,0.0009824241920577187,0.0005150004362047831,0.0032930326916666636,3.4173222937789056,0.10428665706762942,-0.000385714588983177,0.003112420726926163,0.0030973425721865454,0.9904256431645074,2.7566133227314974e-07,0.002615199335957574,-0.009474987968382021,-0.009474987968382021,0.1767040135248693,1.004868093983215,2.7302205231221933e-07]"
/multi_agv/m2b_algorithm_state,1789558512.7473383,1789558512.7473383,m2b_algorithm_state_v1:header6+3x20,"[1.0,-0.15,0.52,3.419850156012913,0.10125031807987676,1789558512.7472744,3.418419336082879,0.10107518522045665,0.0036904376666666654,0.0015406148981380262,0.000696693136323833,0.0005694693729890648,0.004584685874999997,3.4197356608371754,0.09932134896847705,0.0013163247542964385,-0.0017538362519795986,-0.0017588102186130985,1.0057095526216955,1.0229882735295444e-07,-0.00011340427574255043,0.002725302900535599,0.002725302900535599,0.14195255596810588,0.9971719708125064,1.0288290789086387e-07,3.419399827755302,0.10150171557874775,0.002796189458333334,-0.0009440373810768012,0.0016671356561359651,0.0007540788551115979,-0.0017884964166666626,3.4178238721981904,0.1013821167552388,-0.0015759555571115413,-0.00011959882350895401,-0.00011962153889524078,1.0003800317194962,-2.9060645118787235e-10,-0.0020895659852846675,0.006524585877772206,0.006524585877772206,0.12046877996438876,0.999810106219193,-2.9071689085721394e-10,3.418713183771589,0.10117416708192725,0.0036904376666666654,0.0013237834586985828,0.0009824060887311248,0.0005148455956086929,0.0032930326916666636,3.4183628783261533,0.1035601106880347,-0.00035030544543568354,0.0023859436061074435,0.002377033766627061,0.9925990472984588,1.621297730310066e-07,0.0019391519598324566,-0.006699234347743603,-0.006699234347743603,0.17670399407601262,1.0037483016040725,1.609298582492925e-07]"
/multi_agv/m2b_algorithm_state,1789558512.7572126,1789558512.7572126,m2b_algorithm_state_v1:header6+3x20,"[1.0,-0.15,0.52,3.4208371980517813,0.10125040130132261,1789558512.7571058,3.4194253639160097,0.10107509691551994,0.0036904376666666654,0.0015412374022685201,0.0006966306205797854,0.0005692320607532523,0.004584685874999997,3.421334669726867,0.09995822846885657,0.0019093058108574645,-0.001116868446663366,-0.0011188758987139202,1.0036099196707917,4.1484449087128744e-08,0.0012677563648579105,-0.00244055492077986,-0.00244055492077986,0.14195256743322535,0.9982058313590797,4.1634204615920325e-08,3.4204058831145,0.10150176721707159,0.002796189458333334,-0.0009447117171585183,0.0016671813047608453,0.000754347411584505,-0.0017884964166666626,3.419210257235472,0.10129958627113649,-0.001195625879027773,-0.00020218094593510427,-0.00020224590175098222,1.0006430431481637,-8.311260664806506e-10,-0.0016967782505356984,0.005165468253440533,0.005165468253440533,0.12046877328182751,0.9996788275296776,-8.316605164029611e-10,3.4197192210082292,0.10117409010703873,0.0036904376666666654,0.0013242014978222137,0.0009823837477972667,0.0005146760127573511,0.0032930326916666636,3.4196751487086727,0.10293167189311078,-4.407229955649683e-05,0.0017575817860720488,0.0017527238481279419,0.994508862654415,8.804681369435277e-08,0.0016976334736823208,-0.005534824753365067,-0.005534824753365067,0.17670397152003373,1.002771650508034,8.756333654751595e-08]"
/multi_agv/m2b_algorithm_state,1789558512.767279,1789558512.767279,m2b_algorithm_state_v1:header6+3x20,"[1.0,-0.15,0.52,3.4218396597774383,0.10125038486523112,1789558512.767077,3.420412431742056,0.10107530010587755,0.0036904376666666654,0.0015397953176863768,0.0006967611066919224,0.0005697892723538073,0.004584685874999997,3.4223856127796046,0.10045885247701465,0.0019731810375485104,-0.0006164476288628984,-0.0006170568757172908,1.0019812346285164,1.2621688352266918e-08,0.0018494194212183472,-0.004734363451509337,-0.004734363451509337,0.14195254483845984,0.9990126568905269,1.264669487830077e-08,3.421392894086353,0.10150163992815557,0.002796189458333334,-0.0009431429389070265,0.0016670881037144092,0.000753715880498898,-0.0017884964166666626,3.4202614878299,0.10180080461275628,-0.001131406256452916,0.000299164684600714,0.00029902300426570057,0.9990539009457425,-1.8160710928267049e-09,-0.0011152348163004444,0.0028853632395755523,0.0028853632395755523,0.12046878644307236,1.0004738108205466,-1.8143529096833172e-09,3.4207062683269354,0.1011742638699347,0.0036904376666666654,0.0013232481410926176,0.000982427555937227,0.0005150664684823864,0.0032930326916666636,3.420641718231803,0.10224795512542265,-6.455009513217647e-05,0.0010736912554879519,0.001071868914405217,0.9966192673837152,3.2850746319381614e-08,0.0009911812954899965,-0.0026935671689176975,-0.0026935671689176975,0.17670401589648677,1.0017001529368412,3.273968672983038e-08]"
/multi_agv/m2b_algorithm_state,1789558512.7771912,1789558512.7771912,m2b_algorithm_state_v1:header6+3x20,"[1.0,-0.15,0.52,3.422844515298888,0.10125035364033762,1789558512.77712,3.4214148886265034,0.10107525850907961,0.0036904376666666654,0.0015400917014007421,0.0006967366633348956,0.0005696735165108432,0.004584685874999997,3.423283300252346,0.09883698076453265,0.0018684116258427252,-0.0022382777445469626,-0.0022464085929313387,1.0073264456040925,1.6661446957255146e-07,8.910593937206789e-05,0.00222605510722031,0.00222605510722031,0.14195254988352612,0.9963805122496588,1.678351614207295e-07,3.4223953615153073,0.10150166719810533,0.002796189458333334,-0.000943465959149307,0.001667105213606579,0.0007538469986226176,-0.0017884964166666626,3.4212750927876265,0.10180080461275628,-0.0011202687276807843,0.00029913741465095733,0.0002989957601672962,0.9990539872431391,-1.8163617124561905e-09,-0.0011013401494336843,0.00283567408744924,0.00283567408744924,0.12046878351021525,1.0004737675329638,-1.8146434111051333e-09,3.4217087291905046,0.10117422888850842,0.0036904376666666654,0.0013234413161714244,0.000982419795169798,0.0005149867714766185,0.0032930326916666636,3.4217173071515323,0.10288897367296754,8.577961027711467e-06,0.001714744784459113,0.0017101192691708579,0.9946400866750154,8.376171939744925e-08,0.0017208417204554972,-0.005598087666462109,-0.005598087666462109,0.17670400601535435,1.0027047910468243,8.331276384152723e-08]"
/multi_agv/m2b_algorithm_state,1789558512.7872324,1789558512.7872324,m2b_algorithm_state_v1:header6+3x20,"[1.0,-0.15,0.52,3.4238509480438957,0.10125031327842039,1789558512.787146,3.4224197343689635,0.10107518326768142,0.0036904376666666654,0.0015406245073093282,0.0006966871052321187,0.0005694683448499022,0.004584685874999997,3.4241390779462413,0.09726771976511496,0.0017193435772777654,-0.0038074635025664577,-0.0038312702697803685,1.012683966873755,4.827763481836893e-07,-0.0016820907981831617,0.009120412983534418,0.009120412983534418,0.141952559238222,0.9937861947767846,4.888998673914836e-07,3.4234002289127052,0.10150171340996468,0.002796189458333334,-0.0009440446504515314,0.0016671408414508093,0.000754079308881217,-0.0017884964166666626,3.421869544431439,0.10129047490141542,-0.0015306844812661424,-0.00021123850854926074,-0.0002113094195934227,1.000671920605869,-9.066271498196293e-10,-0.0021246650211761008,0.006687875971383119,0.006687875971383119,0.12046877806751036,0.9996644208086019,-9.072363312834333e-10,3.422713582614996,0.10117416424336673,0.0036904376666666654,0.0013237948191320566,0.0009824028188081708,0.0005148423721386616,0.0032930326916666636,3.422803787995618,0.10253048816587523,9.020538062198824e-05,0.0013563239225085066,0.0013534221166011152,0.9957430621223289,5.243287165491722e-08,0.0014661788423786005,-0.004518924991030918,-0.004518924991030918,0.17670398765523448,1.0021440509001573,5.220966817753433e-08]"
/multi_agv/m2b_algorithm_state,1789558512.797044,1789558512.797044,m2b_algorithm_state_v1:header6+3x20,"[1.0,-0.15,0.52,3.424837304512469,0.1012504008634683,1789558512.7969587,3.4234261540460995,0.10107508904027232,0.0036904376666666654,0.0015412887990261435,0.0006966206777715199,0.0005692149541040133,0.004584685874999997,3.424766562114948,0.09741996574576253,0.0013404080688483866,-0.003655123294509788,-0.003677038068344122,1.0121557567787753,4.4506579640889546e-07,-0.002001527982283639,0.010176556802220215,0.010176556802220215,0.14195257139326747,0.9940401014547551,4.504759079805939e-07,3.4244066777983635,0.10150176861333696,0.002796189458333334,-0.0009447641619672628,0.0016671892634025909,0.0007543660047496931,-0.0017884964166666626,3.4228783159213343,0.10129047490141542,-0.0015283618770292051,-0.0002112937119215369,-0.00021136466000976181,1.000672096118794,-9.077922332761485e-10,-0.002121817006296268,0.00667707690062256,0.00667707690062256,0.1204687709699571,0.9996643332512557,-9.084023569128048e-10,3.423720012287225,0.1011740821816519,0.0036904376666666654,0.0013242405533394866,0.0009823791034014656,0.0005146614994923394,0.0032930326916666636,3.42329785770192,0.10225630154638927,-0.00042215458530492356,0.0010822193647373746,0.0010803680747372138,0.9965927373079542,3.33995242945497e-08,0.0005526748431060593,-0.001133920378707067,-0.001133920378707067,0.17670396374319164,1.0017135734047038,3.32857233414888e-08]"
/multi_agv/m2b_algorithm_state,1789558512.807212,1789558512.807212,m2b_algorithm_state_v1:header6+3x20,"[1.0,-0.15,0.52,3.425842392769432,0.10125036758603877,1789558512.8071573,3.4244125376900425,0.10107530281857702,0.0036904376666666654,0.001539771539489003,0.000696758127085939,0.0005698011290254627,0.004584685874999997,3.425882609117281,0.09896492221984962,0.0014700714272386506,-0.002110380598727396,-0.0021176018303804066,1.0068978766753234,1.480741412905147e-07,-0.00028001254633209334,0.0034692649488939483,0.0034692649488939483,0.14195254757549244,0.996589901109165,1.4909553845594107e-07,3.425393001519886,0.1015016347276393,0.002796189458333334,-0.0009431134790429401,0.0016670910222504887,0.0007537015925129925,-0.0017884964166666626,3.4240201655903273,0.10238635375420116,-0.0013728359295588355,0.000884719026561856,0.0008834854354806649,0.997220698254093,-1.587553240456072e-08,-0.0008325594764678794,0.0016224253257911929,0.0016224253257911929,0.12046878486270261,1.0013962777785013,-1.583140950963152e-08,3.4247063743274793,0.1011742650441886,0.0036904376666666654,0.0013232372735550815,0.0009824252553477745,0.000515072375761141,0.0032930326916666636,3.4242747875925823,0.10192439113686788,-0.0004315867348969604,0.0007501260926792847,0.0007492344243740703,0.9976293666703302,1.603809055396668e-08,0.00020975100575286974,0.0002382767169730334,0.0002382767169730334,0.17670401056535762,1.0011901058950399,1.6000070121955185e-08]"
/multi_agv/m2b_algorithm_state,1789558512.8171992,1789558512.8171992,m2b_algorithm_state_v1:header6+3x20,"[1.0,-0.15,0.52,3.4268424341912973,0.10125036763524553,1789558512.817063,3.425417615806957,0.10107522092247463,0.0036904376666666654,0.0015403529996995042,0.0006967067477096297,0.00056957581508861,0.004584685874999997,3.4269683444954198,0.09876273199593044,0.0015507286884628435,-0.00231248892654419,-0.00232117272869317,1.0075756768599977,1.778849011614252e-07,-0.0003827618681146155,0.00392042221206278,0.00392042221206278,0.14195255732634537,0.9962588729215905,1.7923249969089678e-07,3.4263981019376772,0.10150168649663509,0.002796189458333334,-0.0009437458622058052,0.0016671275047364098,0.0007539567317889628,-0.0017884964166666626,3.4250443502114747,0.10238635375420116,-0.0013537517262025567,0.0008846672575660713,0.000883433811231283,0.9972208612046402,-1.5884315120883268e-08,-0.0008087558465219129,0.00153705079046916,0.00153705079046916,0.12046877917165653,1.0013961955260342,-1.58401704044931e-08,3.425711460563661,0.10117419533900658,0.0036904376666666654,0.0013236200487992717,0.000982408167670746,0.0005149153459513274,0.0032930326916666636,3.4253534118889126,0.1025758620301578,-0.0003580486747485345,0.0014016666911512154,0.0013985686897685728,0.995603024778649,5.598794563200348e-08,0.0009510078463329046,-0.0027026522573587813,-0.0027026522573587813,0.17670399139399037,1.0022151227932574,5.574176802236521e-08]"
/multi_agv/m2b_algorithm_state,1789558512.827064,1789558512.827064,m2b_algorithm_state_v1:header6+3x20,"[1.0,-0.15,0.52,3.427841048951836,0.10125037673655879,1789558512.8268914,3.4264176572455036,0.10107522143315292,0.0036904376666666654,0.0015403487217323757,0.0006967067263076382,0.0005695776805387963,0.004584685874999997,3.4279067808542916,0.0978687911012397,0.0014891236087879456,-0.0032064303319132292,-0.003223238198283403,1.010610101697127,3.421956304406296e-07,-0.001361833687298471,0.007745883654226719,0.007745883654226719,0.1419525580451854,0.9947854097847547,3.4582636087991715e-07,3.4273981433761422,0.10150168577111213,0.002796189458333334,-0.0009437405600966429,0.0016671275545352415,0.0007539544075997606,-0.0017884964166666626,3.425883907827823,0.10080186792973272,-0.0015142355483193093,-0.0006998178413794021,-0.0007005990081746246,1.0022383954988388,-9.950833291858267e-09,-0.0025933934435737613,0.00855416080296118,0.00855416080296118,0.12046877876891834,0.9988850015685037,-9.973107192308458e-09,3.4267115019522456,0.10117419570147157,0.0036904376666666654,0.001323617463518461,0.000982408005400148,0.0005149165509708777,0.0032930326916666636,3.4263414815714976,0.10248854710448942,-0.0003700203807479596,0.0013143514030178466,0.0013116255499295072,0.9958728246473668,4.923283258414224e-08,0.0008491000739945576,-0.0022985560020527367,-0.0022985560020527367,0.17670399000465628,1.0020782250608689,4.902964005096065e-08]"
/multi_agv/m2b_algorithm_state,1789558512.8371034,1789558512.8371034,m2b_algorithm_state_v1:header6+3x20,"[1.0,-0.15,0.52,3.42884147198894,0.10125037406174509,1789558512.8370352,3.4274162749063,0.10107524347049633,0.0036904376666666654,0.0015401922399810148,0.0006967213298995738,0.0005696379128416472,0.004584685874999997,3.4284363104141375,0.09638688042405577,0.00102003550783758,-0.004688363046440561,-0.004724699282239738,1.0157729046977808,7.322046215167546e-07,-0.0034496548974427632,0.015651683335496745,0.015651683335496745,0.14195255619731048,0.9923093018986908,7.43753615231213e-07,3.428396754626056,0.10150167206602023,0.002796189458333334,-0.0009435700792776143,0.001667117022661646,0.0007538859883843285,-0.0017884964166666626,3.4268906962169146,0.10081764305683451,-0.0015060584091415308,-0.0006840290091857243,-0.00068477523626008,1.0021875032422556,-9.50507016223223e-09,-0.0025673482476869934,0.008455540002241024,0.008455540002241024,0.12046877983802776,0.9989102598417092,-9.525862534029978e-09,3.4277101173231506,0.1011742146731598,0.0036904376666666654,0.0013235133643563495,0.0009824129405663577,0.0005149591068242193,0.0032930326916666636,3.4273588310776555,0.10245967485106006,-0.0003512862454950749,0.0012854601779002522,0.0012828522734581798,0.9959622176314725,4.708949516367839e-08,0.0008437444665893362,-0.0022661499460456536,-0.0022661499460456536,0.17670399363308148,1.0020328953660753,4.6899358030363633e-08]"
/multi_agv/m2b_algorithm_state,1789558512.8471088,1789558512.8471088,m2b_algorithm_state_v1:header6+3x20,"[1.0,-0.15,0.52,3.4298429562667265,0.10125036471543862,1789558512.846994,3.4284166972111145,0.10107523665417485,0.0036904376666666654,0.0015402406221457997,0.0006967175594890121,0.000569618902358032,0.004584685874999997,3.4294170615652786,0.09647765193468191,0.0010003643541640628,-0.004597584719492939,-0.004632503697599252,1.0154518541086257,7.041074887582314e-07,-0.003382048254894174,0.01538045842103037,0.01538045842103037,0.1419525575778764,0.9924621801976304,7.149872549513144e-07,3.429397178519516,0.10150167652241612,0.002796189458333334,-0.0009436225170711835,0.001667119591727051,0.0007539073820131137,-0.0017884964166666626,3.4280439371518034,0.10196917883194567,-0.001353241367712421,0.0004675023095295494,0.00046715676656978664,0.9985243683944035,-4.4365835331535775e-09,-0.0012243949430707397,0.0031994460854547716,0.0031994460854547716,0.1204687790254639,1.0007396723851394,-4.4300367702711875e-09,3.42871054023619,0.10117420900864428,0.0036904376666666654,0.0013235445223753806,0.0009824117402019942,0.0005149462254224794,0.0032930326916666636,3.4284415812948037,0.1030171432536645,-0.0002689589413864546,0.0018429342450202169,0.0018375964891199578,0.9942478167604987,9.675181553752668e-08,0.0015013978123868895,-0.004874978302844786,-0.004874978302844786,0.17670399089471756,1.0029047486387044,9.61952813658004e-08]"
/multi_agv/m2b_algorithm_state,1789558512.8570557,1789558512.8570557,m2b_algorithm_state_v1:header6+3x20,"[1.0,-0.15,0.52,3.4308430564229173,0.10125036447960994,1789558512.8569703,3.429418178595146,0.10107521420765356,0.0036904376666666654,0.0015403993009372075,0.0006967028157552229,0.0005695577906221048,0.004584685874999997,3.4308053437183563,0.09748343733796157,0.0013871651232104654,-0.00359177686969199,-0.003612928526694866,1.011936604794483,4.2950723244393437e-07,-0.0018789721226817845,0.00972017627185024,0.00972017627185024,0.1419525608771493,0.9941455645063021,4.3463409053398983e-07,3.430398666317318,0.1015016901993901,0.002796189458333334,-0.0009437945326998512,0.0016671301517758863,0.0007539764518544323,-0.0017884964166666626,3.4290561058580473,0.10196917883194567,-0.0013425604592707252,0.0004674886325555794,0.00046714310984190385,0.998524411609339,-4.437132424539437e-09,-0.0012110574642465025,0.0031518541104711786,0.0031518541104711786,0.12046877710352129,1.0007396506689192,-4.430585043445961e-09,3.4297120238877143,0.1011741897392722,0.0036904376666666654,0.001323649674395876,0.0009824066464090286,0.0005149032957039393,0.0032930326916666636,3.42943187243204,0.10264194393603884,-0.00028015145567428235,0.0014677541967666463,0.0014643588724390186,0.995399177988173,6.139039687867359e-08,0.0011141695528461657,-0.0033156138489052723,-0.0033156138489052723,0.17670398441250865,1.002318642234176,6.110795058939939e-08]"
/multi_agv/m2b_algorithm_state,1789558512.8670604,1789558512.8670604,m2b_algorithm_state_v1:header6+3x20,"[1.0,-0.15,0.52,3.431842274567129,0.10125036984918567,1789558512.866988,3.430418278639792,0.10107521427486123,0.0036904376666666654,0.0015403979548491947,0.0006967021320025246,0.00056955872974358,0.004584685874999997,3.431831024838595,0.09763810024886271,0.0014127461988029388,-0.003437114025998514,-0.003456460832468741,1.0114028567524378,3.932752567549605e-07,-0.0016905280839650673,0.008995496881825917,0.008995496881825917,0.14195256169001808,0.9944027120780626,3.977597181720155e-07,3.4313987666654215,0.10150168954346483,0.002796189458333334,-0.0009437923161344066,0.001667130727513566,0.0007539751915646709,-0.0017884964166666626,3.430327624768214,0.1012088836814925,-0.0010711418972073616,-0.00029280586197233394,-0.0002929421932713861,1.0009322381855268,-1.7416089962019095e-09,-0.0016318695647805882,0.004974983751034783,0.004974983751034783,0.1204687766248588,0.9995346136467073,-1.7432325906124259e-09,3.4307121239635374,0.10117418962050377,0.0036904376666666654,0.0013236495061601321,0.0009824061883549453,0.0005149036068804189,0.0032930326916666636,3.430869747118914,0.10308919932589962,0.00015762315537637406,0.0019150097053958481,0.0019092494245959942,0.9940277703676457,1.0447027475578959e-07,0.002106278368816462,-0.007070713761889997,-0.007070713761889997,0.1767039828028526,1.00301703943217,1.0384635428519286e-07]"
/multi_agv/m2b_algorithm_state,1789558512.8771055,1789558512.8771055,m2b_algorithm_state_v1:header6+3x20,"[1.0,-0.15,0.52,3.432839963334566,0.10125038473598676,1789558512.877024,3.4314174984611014,0.10107522767138774,0.0036904376666666654,0.0015403023542836978,0.0006967105129603187,0.0005695958092722078,0.004584685874999997,3.4327071679201278,0.09652133905653287,0.0012896694590263102,-0.004553888614854867,-0.0045881357832061,1.0152975420279666,6.907963814873302e-07,-0.002976048959423212,0.013946272552549594,0.013946272552549594,0.14195256092071654,0.9925357116769328,7.013638681658999e-07,3.4323979828136566,0.10150168084839024,0.002796189458333334,-0.0009436877895338744,0.0016671247395825262,0.0007539329976137266,-0.0017884964166666626,3.4313344145102973,0.1012088836814925,-0.0010635683033592969,-0.00029279716689774304,-0.0002929334901070947,1.0009322105198248,-1.7413127452214633e-09,-0.0016223938693062157,0.004941480684505022,0.004941480684505022,0.1204687770764061,0.9995346274360716,-1.742936015280864e-09,3.4317113424266292,0.10117420102777902,0.0036904376666666654,0.0013235864560925026,0.000982408887647424,0.0005149295325581607,0.0032930326916666636,3.431935314645939,0.10351419579633916,0.00022397221930958722,0.002339994768560144,0.0023314218119773306,0.992737762120692,1.5592740188502562e-07,0.0026113870861143146,-0.009083248996836999,-0.009083248996836999,0.17670398434438425,1.0036771366463035,1.547950200006341e-07]"
/multi_agv/m2b_algorithm_state,1789558512.8870723,1789558512.8870723,m2b_algorithm_state_v1:header6+3x20,"[1.0,-0.15,0.52,3.4338410173577056,0.10125037778265823,1789558512.887001,3.4324151920029893,0.10107526323003221,0.0036904376666666654,0.0015400505273176998,0.0006967346336471001,0.0005696924194662583,0.004584685874999997,3.4336097284847606,0.09574724827516819,0.0011945364817713688,-0.005328014954864027,-0.005375167916533087,1.0180530244188835,9.45908673771808e-07,-0.0038819973143188764,0.0174041463745759,0.0174041463745759,0.14195255742349003,0.9912276300198872,9.629851861574441e-07,3.4333956657549622,0.10150165921140734,0.002796189458333334,-0.0009434140352270349,0.0016671072611891269,0.0007538234262617349,-0.0017884964166666626,3.4322423117018435,0.10163365662637154,-0.0011533540531187825,0.0001319974149641967,0.00013196979838929007,0.9995817680937201,-3.5368690952009585e-10,-0.001309722768009188,0.003648843199141486,0.003648843199141486,0.12046877911962256,1.000209264356267,-3.53538986369701e-10,3.432709032245746,0.10117423176652074,0.0036904376666666654,0.0013234184272330244,0.0009824172196677868,0.0005149980325426921,0.0032930326916666636,3.4328293871058153,0.10220435501222552,0.00012035486006922724,0.0010301232457047838,0.001028445242837914,0.9967548396029124,3.024366514254774e-08,0.0011788888179244481,-0.003341900964516567,-0.003341900964516567,0.17670399122433716,1.0016315918407472,3.014551959816437e-08]"
/multi_agv/m2b_algorithm_state,1789558512.8970687,1789558512.8970687,m2b_algorithm_state_v1:header6+3x20,"[1.0,-0.15,0.52,3.434840589513367,0.10125038048524843,1789558512.8969731,3.433416244032207,0.10107524548227347,0.0036904376666666654,0.0015401769891120768,0.0006967245126526574,0.0005696428679567959,0.004584685874999997,3.4344762582176775,0.09697500786276897,0.0010600141854704148,-0.004100237619504496,-0.004127907071521526,1.0137040522425314,5.598167743059645e-07,-0.0028028893396835073,0.01316069513430419,0.01316069513430419,0.14195255994612752,0.9932969779751291,5.674885326272988e-07,3.434396722108176,0.10150167094923958,0.002796189458333334,-0.0009435517845230107,0.0016671142514099735,0.0007538794997440368,-0.0017884964166666626,3.433252431235698,0.10163365662637154,-0.0011442908724781375,0.00013198567713196274,0.000131958065470372,0.9995818052956956,-3.536756264075555e-10,-0.0012984055251273,0.0036085156276310293,0.0036085156276310293,0.12046877764846793,1.0002092457288785,-3.5352772113355037e-10,3.4337100859327347,0.10117421691646165,0.0036904376666666654,0.001323500488566744,0.0009824140512021632,0.0005149641102726987,0.0032930326916666636,3.433597476374583,0.10105057150453216,-0.00011260955815162177,-0.00012364541192949607,-0.00012366979907615496,1.00039465337776,4.3610962014366294e-10,-0.00026443174676568214,0.0023174392115645733,0.0023174392115645733,0.17670398624424583,0.9998028043480214,4.3628173227832623e-10]"
/multi_agv/m2b_algorithm_state,1789558512.9071443,1789558512.9071443,m2b_algorithm_state_v1:header6+3x20,"[1.0,-0.15,0.52,3.4358407440407945,0.10125037940441649,1789558512.9070241,3.4344158171604398,0.10107525140116844,0.0036904376666666654,0.0015401354557245898,0.0006967294168565444,0.0005696583200448354,0.004584685874999997,3.4355342156312076,0.09773742016641718,0.0011183984707678896,-0.0033378312347512595,-0.0033560628923384283,1.0110611714500692,3.7079674371440554e-07,-0.0019580648038785664,0.009892023325559005,0.009892023325559005,0.1419525598137836,0.9945675459095865,3.74898190069758e-07,3.435396293027416,0.1015016677978266,0.002796189458333334,-0.0009435068179714946,0.0016671105421481869,0.0007538619377345374,-0.0017884964166666626,3.4343590810296374,0.10201787983859492,-0.0010372119977786198,0.0005162120407683213,0.0005157908969311656,0.9983715232631549,-5.4084042469146835e-09,-0.0007807241002921091,0.0016004264250952605,0.0016004264250952605,0.12046877771955078,1.0008165011047334,-5.3995967864151285e-09,3.434709658352244,0.10117422225675023,0.0036904376666666654,0.0013234717307369095,0.0009824159071738729,0.0005149756102767016,0.0032930326916666636,3.434666047612765,0.10143215700564036,-4.3610739479227334e-05,0.0002579347488901318,0.0002578289278733155,0.9991802747449507,1.8972877849445546e-09,0.00020331550352428133,0.00048487498395187445,0.00048487498395187445,0.1767039865072444,1.00041043112458,1.895732530231139e-09]"
/multi_agv/m2b_algorithm_state,1789558512.9171863,1789558512.9171863,m2b_algorithm_state_v1:header6+3x20,"[1.0,-0.15,0.52,3.4368430492061126,0.10125036465725994,1789558512.9170585,3.435415971479405,0.10107524810607768,0.0036904376666666654,0.001540159313376616,0.00069672835614174,0.0005696485304771512,0.004584685874999997,3.4365390939115255,0.09780467845985175,0.001123122432120649,-0.003270569646225935,-0.003288065085195339,1.010830113778363,3.5599346715939294e-07,-0.0018841620450445276,0.00960496793213488,0.00960496793213488,0.14195256073334833,0.9946791080723499,3.598489169130831e-07,3.436396447743225,0.10150167040401462,0.002796189458333334,-0.000943533013890652,0.0016671111072907863,0.0007538729987943832,-0.0017884964166666626,3.4353761332860597,0.10201787983859492,-0.0010203144571652167,0.0005162094345803059,0.000515788295002171,0.9983715314942201,-5.408499741758557e-09,-0.0007596047764543499,0.0015252916718968843,0.0015252916718968843,0.12046877719552901,1.0008164969663245,-5.399692170265585e-09,3.4357098128997543,0.10117421970315717,0.0036904376666666654,0.001323486274680609,0.0009824157575930807,0.0005149693838582955,0.0032930326916666636,3.4357108248291466,0.10181304772998623,1.0119293922805639e-06,0.0006388280268290608,0.0006381807816911524,0.9979785462951405,1.1635055983221416e-08,0.0006394456934315031,-0.001239730406880447,-0.001239730406880447,0.17670398472537455,1.0010142034302463,1.1611536256197886e-08]"
/multi_agv/m2b_algorithm_state,1789558512.927038,1789558512.927038,m2b_algorithm_state_v1:header6+3x20,"[1.0,-0.15,0.52,3.437840254228107,0.10125038278819659,1789558512.9268997,3.4364182720656413,0.10107521240219586,0.0036904376666666654,0.0015404122498783295,0.0006967051284855856,0.0005695509748396885,0.004584685874999997,3.437326848614003,0.09761547827037097,0.0009085765483618502,-0.0034597341318248903,-0.0034793397541624696,1.0114808074708774,3.984781213284677e-07,-0.002343619068710157,0.01129419120346417,0.01129419120346417,0.14195256549465007,0.9943651313976668,4.030529719207968e-07,3.437398758449949,0.10150169247820773,0.002796189458333334,-0.0009438078026149307,0.0016671277315096766,0.0007539834628433745,-0.0017884964166666626,3.436394343552818,0.10204429432932816,-0.0010044148971308786,0.0005426018511204278,0.0005421366404326405,0.9982887870064485,-5.977309604550458e-09,-0.0007133819809809577,0.0013489464807346164,0.0013489464807346164,0.12046877441429862,1.0008581059701407,-5.967081154688671e-09,3.436712117102747,0.10117418909137622,0.0036904376666666654,0.0013236538061720399,0.000982407859211931,0.000514900873907331,0.0032930326916666636,3.4366344613702027,0.10026940986546265,-7.76557325443683e-05,-0.000904779225913574,-0.0009060927925199716,1.00291353006519,2.336739607951423e-08,-0.001003162458200432,0.005279319367293274,0.005279319367293274,0.1767039753410027,0.9985502957122698,2.3435477690537093e-08]"
/multi_agv/m2b_algorithm_state,1789558512.9369926,1789558512.9369926,m2b_algorithm_state_v1:header6+3x20,"[1.0,-0.15,0.52,3.4388422467961193,0.1012503699278282,1789558512.9368718,3.4374154827776393,0.10107525630213605,0.0036904376666666654,0.0015401009488781583,0.0006967339130351739,0.0005696709386528827,0.004584685874999997,3.438326231694415,0.09846818278056244,0.0009107489167758942,-0.002607073521573619,-0.002618135151763632,1.0085690317204299,2.2609922035949137e-07,-0.0014796990057937645,0.00790643278128035,0.00790643278128035,0.1419525611229256,0.9957749964960512,2.2803667175071632e-07,3.4383959565792255,0.10150166528682555,0.002796189458333334,-0.0009434693141680476,0.0016671070533540444,0.0007538474958869168,-0.0017884964166666626,3.4374147321065025,0.10204429432932816,-0.0009812244727229746,0.0005426290425026015,0.0005421637851114783,0.9982887011492827,-5.975765403044411e-09,-0.00068436680579224,0.0012460725342900896,0.0012460725342900896,0.12046877697268782,1.0008581491495738,-5.965539082578024e-09,3.4377093233274576,0.10117422677562814,0.0036904376666666654,0.0013234473551342412,0.000982417645878031,0.0005149852717545346,0.0032930326916666636,3.4375721135909063,0.09956169247033879,-0.00013720973655129143,-0.0016125343052893482,-0.0016167290209828814,1.005234250866471,7.424781941048388e-08,-0.0017882411916719956,0.008356743576913211,0.008356743576913211,0.17670398395978548,0.9974054305705583,7.463645112356677e-08]"
/multi_agv/m2b_algorithm_state,1789558512.9470804,1789558512.9470804,m2b_algorithm_state_v1:header6+3x20,"[1.0,-0.15,0.52,3.439843683360315,0.10125036102925929,1789558512.9469707,3.438417471406962,0.10107522478818577,0.0036904376666666654,0.0015403245677060298,0.0006967139554210351,0.0005695843901043772,0.004584685874999997,3.439382484719317,0.0990009226367115,0.0009650133123546567,-0.0020743021514742777,-0.0020812767029064067,1.006777209454113,1.4310256290417258e-07,-0.0008750100624630858,0.005550379411658739,0.005550379411658739,0.14195256532209274,0.9966489071720309,1.4407239894639453e-07,3.4393979538789665,0.10150168510288379,0.002796189458333334,-0.0009437125011285282,0.0016671212485417364,0.0007539455251668326,-0.0017884964166666626,3.438637825850435,0.10345162757914422,-0.000760128028531426,0.00194994247626043,0.0019439983245513554,0.993948452055783,-7.710809434919034e-08,0.0009938382888870728,-0.005378504337518368,-0.005378504337518368,0.12046877451430385,1.0030576938436644,-7.6641471019349e-08,3.438711315102429,0.10117419989241498,0.0036904376666666654,0.0013235948548788608,0.0009824109813589173,0.000514924802984291,0.0032930326916666636,3.4387164559581658,0.1007895723186542,5.140855736662786e-06,-0.0003846275737607874,-0.0003848640253310615,1.0012312951347446,4.2211481506364546e-09,-0.000378437955660233,0.0028380770019868586,0.0028380770019868586,0.17670397567422225,0.9993856230909846,4.22634562981737e-09]"
/multi_agv/m2b_algorithm_state,1789558512.9571521,1789558512.9571521,m2b_algorithm_state_v1:header6+3x20,"[1.0,-0.15,0.52,3.4408397995432036,0.10125038614897493,1789558512.9569674,3.439418905125199,0.1010752038755332,0.0036904376666666654,0.0015404720691711295,0.0006966994742678694,0.0005695279866914644,0.004584685874999997,3.440063135738676,0.09936549824539277,0.0006442306134770703,-0.0017097056301404318,-0.0017144308610494154,1.0055631205591704,9.72035469731958e-08,-0.0009091425942030775,0.005513093309297629,0.005513093309297629,0.14195256852131186,0.9972438486635202,9.774430202378667e-08,3.440399393942647,0.10150169747502877,0.002796189458333334,-0.000943872313390826,0.0016671317469962865,0.0007540093373084172,-0.0017884964166666626,3.439662659881498,0.10345162757914422,-0.0007367340611490469,0.0019499301041154549,0.0019439860282815396,0.9939484906216672,-7.712016986837112e-08,0.001023068451845231,-0.005483129134007711,-0.005483129134007711,0.12046877264087942,1.0030576741537438,-7.665347643715406e-08,3.439712751013099,0.10117418173721592,0.0036904376666666654,0.001323693564050832,0.0009824058592297737,0.0005148846807236577,0.0032930326916666636,3.43981909588977,0.10193857905014858,0.0001063448766709385,0.0007643973129326659,0.0007634714927037332,0.9975846543729137,1.665972656627243e-08,0.0008964025885424064,-0.0022119404284984285,-0.0022119404284984285,0.1767039693833271,1.0012126454462025,1.661948756856213e-08]"
/multi_agv/m2b_algorithm_state,1789558512.9670928,1789558512.9670928,m2b_algorithm_state_v1:header6+3x20,"[1.0,-0.15,0.52,3.441844226051844,0.101250357605332,1789558512.9669468,3.4404150291774034,0.10107526472240863,0.0036904376666666654,0.0015400406248331808,0.0006967392925445453,0.0005696942884746728,0.004584685874999997,3.4410150499944683,0.098888593835824,0.0006000208170648946,-0.002186670886584627,-0.0021944281062153442,1.0071533718795158,1.590092495705971e-07,-0.001444402084884226,0.0076040469610218556,0.0076040469610218556,0.14195256219947516,0.9964650381533364,1.6014670186505832e-07,3.441395500596279,0.10150165977328289,0.002796189458333334,-0.0009434032222695472,0.0016671031592268015,0.0007538208729239021,-0.0017884964166666626,3.4401619418300693,0.10292164638985817,-0.0012335587662097858,0.001419986616575275,0.0014168216869457832,0.995566350350284,-4.0893224444448484e-08,-0.000125126770816449,-0.001138799159640667,-0.001138799159640667,0.12046877633928435,1.0022338235352073,-4.0711918214214594e-08,3.440708868855928,0.10117423395123325,0.0036904376666666654,0.0013234075265455354,0.0009824193887654877,0.0005150016293116572,0.0032930326916666636,3.440407326109691,0.10047572643815816,-0.00030154274623717114,-0.0006985075130750834,-0.0006992891996395553,1.0022440629844191,1.392274184647707e-08,-0.0010762176324360193,0.005448076109670772,0.005448076109670772,0.17670398186649916,0.9988821698306297,1.3953985356096374e-08]"
/multi_agv/m2b_algorithm_state,1789558512.9771686,1789558512.9771686,m2b_algorithm_state_v1:header6+3x20,"[1.0,-0.15,0.52,3.4428436999103424,0.10125036158441995,1789558512.9770212,3.441419446805918,0.10107519554245809,0.0036904376666666654,0.0015405309276317783,0.0006966942842461239,0.0005695051735754573,0.004584685874999997,3.441963890362692,0.09903924658787445,0.0005444435567740769,-0.00203594895458363,-0.0020426660393530667,1.0066490348460575,1.378746209918935e-07,-0.0013621115933854706,0.007250516107444071,0.007250516107444071,0.1419525707793304,0.9967116089267514,1.3879135415125558e-07,3.4423999378473438,0.10150170263238409,0.002796189458333334,-0.000943936071640135,0.0016671353864987637,0.0007540350811562346,-0.0017884964166666626,3.44133440559356,0.10513245722050141,-0.0010655322537838074,0.0036307545881173187,0.003610408549270767,0.9889476385383745,-2.670557604726933e-07,0.002278493232041008,-0.010785203902766872,-0.010785203902766872,0.12046877132918125,1.005635384076038,-2.641041636775398e-07,3.441713293502271,0.10117417464115386,0.0036904376666666654,0.0013237322917397931,0.0009824041084296915,0.0005148688044763917,0.0032930326916666636,3.44140953996285,0.10044343601055049,-0.0003037535394208035,-0.0007307386306033697,-0.0007315943288227425,1.0023484680624637,1.52413370443479e-08,-0.0011112862530987468,0.005586564631974856,0.005586564631974856,0.17670396495623034,0.998830365155031,1.5277130837625796e-08]"
/multi_agv/m2b_algorithm_state,1789558512.9871862,1789558512.9871862,m2b_algorithm_state_v1:header6+3x20,"[1.0,-0.15,0.52,3.4438435469719493,0.10125036305640844,1789558512.9869936,3.4424189217678878,0.10107520635264204,0.0036904376666666654,0.0015404530322551003,0.0006966997619496592,0.0005695360887583653,0.004584685874999997,3.4430277917746097,0.10031883949870621,0.0006088700067219399,-0.0007563668539358331,-0.0007572850276883452,1.0024347788660564,1.901155570264669e-08,3.802480714079669e-06,0.0018665100636457825,0.0018665100636457825,0.14195257046751356,0.9987875453509033,1.9057844636682348e-08,3.443399410472305,0.10150169489072555,0.002796189458333334,-0.0009438505119553427,0.0016671316858873908,0.0007539999189168228,-0.0017884964166666626,3.44246346395106,0.10532342125656093,-0.0009359465212450679,0.0038217263658353734,0.003799216530021275,0.9883918976518562,-2.9581750083490227e-07,0.00262928337846494,-0.012139716256084739,-0.012139716256084739,0.12046877151191582,1.0059248625700132,-2.923836210088386e-07,3.4427127674908347,0.10117418350989224,0.0036904376666666654,0.0013236824703193695,0.0009824055958735263,0.0005148896263968,0.0032930326916666636,3.442514578476362,0.10078205184374561,-0.00019818901447266057,-0.00039213166614662787,-0.0003923774480552121,1.0012554246588354,4.3877779324510205e-09,-0.0006401137161460378,0.0037691501492446763,0.0037691501492446763,0.17670396558689816,0.9993736084736713,4.3932864570649136e-09]"
/multi_agv/m2b_algorithm_state,1789558512.9972615,1789558512.9972615,m2b_algorithm_state_v1:header6+3x20,"[1.0,-0.15,0.52,3.4448400803434733,0.1012503854633175,1789558512.9969814,3.4434187692044924,0.10107521076820329,0.0036904376666666654,0.0015404207458061116,0.0006967015496543985,0.000569549153715018,0.004584685874999997,3.444200078242795,0.10120526202971404,0.0007813090383024246,0.00013005126151074964,0.00013002429760382634,0.999585537894912,5.616996734971179e-10,0.0011066605954818572,-0.002448584884769706,-0.002448584884769706,0.14195257082306462,1.0002073759091201,5.614668702680131e-10,3.4443992571533877,0.10150169138218292,0.002796189458333334,-0.0009438146719717502,0.001667130544316553,0.0007539849773234436,-0.0017884964166666626,3.4434004105256344,0.10401938506214033,-0.0009988466277532915,0.0025176936799574112,0.0025078268854917328,0.9922371489095033,-1.285066767452183e-07,0.0012592686008001184,-0.006594884841173898,-0.006594884841173898,0.12046877130994929,1.0039344001465014,-1.2750909854951058e-07,3.4437126145579664,0.1011741870188391,0.0036904376666666654,0.0013236622973125402,0.0009824059249797573,0.0005148981994102324,0.0032930326916666636,3.443696145425368,0.10109058556159958,-1.6469132598562197e-05,-8.360145723951273e-05,-8.3612602787521e-05,1.0002667194864785,1.9939226811853665e-10,-0.00010419901853572375,0.0017310694942169148,0.0017310694942169148,0.17670396489414028,0.9998667001428411,1.99445449921897e-10]"
/multi_agv/m2b_algorithm_state,1789558513.0073166,1789558513.0073166,m2b_algorithm_state_v1:header6+3x20,"[1.0,-0.15,0.52,3.4458498750293303,0.10125032231585838,1789558513.006956,3.4444153096385075,0.10107526485366786,0.0036904376666666654,0.0015400373689252113,0.000696737260062985,0.0005696967569547767,0.004584685874999997,3.4451848212501015,0.10080361705780333,0.0007695116115939982,-0.0002716477958645269,-0.0002717657962207848,1.0008696655012421,2.4507652472189377e-09,0.0006901237182717129,-0.0007854007017728194,-0.0007854007017728194,0.14195256524395466,0.99956580129693,2.452896593206087e-09,3.445395781955322,0.10150165802143753,0.002796189458333334,-0.0009433978548670815,0.001667104835545441,0.0007538176743600855,-0.0017884964166666626,3.444376214827622,0.10430934571658042,-0.0010195671276997942,0.002807687695142891,0.002795444097077451,0.9913717795854815,-1.5970958314750082e-07,0.0015209851874527082,-0.007669560553365387,-0.007669560553365387,0.12046877456156309,1.0043798400684314,-1.5833157366179333e-07,3.4447091494365907,0.10117423351484711,0.0036904376666666654,0.0013234077301324944,0.000982418108462957,0.0005150022070036079,0.0032930326916666636,3.444579338374511,0.10006469198788072,-0.0001298110620795434,-0.0011095415269663927,-0.001111519974953579,1.0035811679405502,3.5139221029577354e-08,-0.0012737838025530083,0.006324873746160687,0.006324873746160687,0.17670397585444034,0.9982200517923495,3.5265060481384386e-08]"
/multi_agv/m2b_algorithm_state,1789558513.017039,1789558513.017039,m2b_algorithm_state_v1:header6+3x20,"[1.0,-0.15,0.52,3.446843099256815,0.10125036683111328,1789558513.016935,3.4454250844612777,0.10107511322571568,0.0036904376666666654,0.001541110722276404,0.000696636506603365,0.0005692839096122697,0.004584685874999997,3.44612301555143,0.10041125006161805,0.0006979310901522595,-0.000663863164097625,-0.0006645699933632278,1.0021347752341272,1.4651013776747736e-08,0.00020784386932709662,0.0011031006291630464,0.0011031006291630464,0.14193482479508368,0.9989364111039295,1.4682290398113193e-08,3.4464056008021946,0.10150175072452029,0.002796189458333334,-0.0009445634723637773,0.0016671773185916727,0.0007542852259857513,-0.0017884964166666626,3.4454518570787274,0.10470711941122622,-0.0009537437234672375,0.0032053686867059283,0.0031894593970690386,0.9901946321450413,-2.0835039660383207e-07,0.001997279742734992,-0.009569658468291144,-0.009569658468291144,0.12045762395198362,1.00498808345123,-2.0630744432240498e-07,3.44571893982452,0.10117410299733916,0.0036904376666666654,0.0013241210638589933,0.00098238343880035,0.0005147110383880989,0.0032930326916666636,3.4456661884451174,0.1009609187115639,-5.275137940241592e-05,-0.00021318428577525583,-0.00021325683117061301,1.0006811366942125,1.2971226869659985e-09,-0.0002791960554236329,0.002410382817262797,0.002410382817262797,0.1766692886791369,0.9996598214699197,1.2980062048249865e-09]"
/multi_agv/m2b_algorithm_state,1789558513.0270607,1789558513.0270607,m2b_algorithm_state_v1:header6+3x20,"[1.0,-0.15,0.52,3.447849869954347,0.10125032379762326,1789558513.0269659,3.446418322294232,0.10107522349244566,0.0036904376666666654,0.0015403264951984541,0.0006967051643496972,0.0005695881272352347,0.004584685874999997,3.4471328866985864,0.10086556661951897,0.0007145644043542454,-0.00020965687292669177,-0.00020972712936500863,1.0006707344876362,1.4600587842157921e-09,0.0006834783760777981,-0.0007899314571256626,-0.0007899314571256626,0.14195257191442082,0.9996650102515131,1.4610380959963418e-09,3.44739880877683,0.10150168025448626,0.002796189458333334,-0.0009437091518389117,0.001667128560045139,0.0007539402701189357,-0.0017884964166666626,3.4460917595054568,0.1046812561724946,-0.0013070492713733728,0.00317957591800834,0.0031639185406059987,0.9902706365016429,-2.0482947536380728e-07,0.0015301069513892827,-0.007879735950190878,-0.007879735950190878,0.1204687706588279,1.0049487296216364,-2.0283661494281502e-07,3.446712166699383,0.10117419674640793,0.0036904376666666654,0.0013236050720001054,0.0009824059712158608,0.0005149229802566342,0.0032930326916666636,3.4467059645211253,0.10029757644611582,-6.202178257641577e-06,-0.0008766203002921052,-0.0008778531143469715,1.002821955525956,2.193429786988937e-08,-0.0008856058371690235,0.004851013781106901,0.004851013781106901,0.17670396270867916,0.9985956488224305,2.199619548297127e-08]"
/multi_agv/m2b_algorithm_state,1789558513.0370138,1789558513.0370138,m2b_algorithm_state_v1:header6+3x20,"[1.0,-0.15,0.52,3.4488393552226095,0.10125039158678624,1789558513.0369654,3.447425079353147,0.101075121196962,0.0036904376666666654,0.0015410494387031906,0.0006966358264715914,0.0005693108272347006,0.004584685874999997,3.4476234290634458,0.10129285497584725,0.0001983497102986398,0.0002177337788852457,0.0002176582491267632,0.9993067899378087,1.574987530945151e-09,0.0004655953870000629,-0.0002111398480797663,-0.0002111398480797663,0.14193233221975562,1.000347010778528,1.573895733740874e-09,3.448405596156305,0.10150174183766343,0.002796189458333334,-0.0009444932563067161,0.0016671786058735094,0.0007542541201205066,-0.0017884964166666626,3.4471343459801886,0.1046812561724946,-0.0012712501761162898,0.003179514334831171,0.003163857569824256,0.9902708263251548,-2.049916743230944e-07,0.0015747948496788937,-0.008040869769050552,-0.008040869769050552,0.1204560587919917,1.004948631429001,-2.0299727472170772e-07,3.4477189343535892,0.10117410835824435,0.0036904376666666654,0.0013240869903357322,0.0009823817574143414,0.0005147266824656171,0.0032930326916666636,3.447155162729133,0.09969637688975475,-0.0005637716244564217,-0.0014777314684896042,-0.0014812505965572152,1.0047894070729118,6.237743587228445e-08,-0.002185965127127742,0.009704885917847466,0.009704885917847466,0.1766644205565662,0.9976242182951418,6.267618680484127e-08]"
/multi_agv/m2b_algorithm_state,1789558513.047122,1789558513.047122,m2b_algorithm_state_v1:header6+3x20,"[1.0,-0.15,0.52,3.449843759139549,0.10125036294671004,1789558513.0469737,3.448414585716018,0.10107528648779743,0.0036904376666666654,0.001539876367742775,0.0006967424233722316,0.0005697638585451939,0.004584685874999997,3.448652111900527,0.10140411722641215,0.0002375261845091181,0.0003288307386147271,0.00032865861292721534,0.9989544055876897,3.5892611642681406e-09,0.000625566343563613,-0.000831603273851175,-0.000831603273851175,0.1419525664826052,1.000523721821798,3.5855082528504592e-09,3.44939505598433,0.10150163844619271,0.002796189458333334,-0.0009432169345218646,0.001667102285161981,0.0007537405782193918,-0.0017884964166666626,3.4481159364812384,0.10416059849604735,-0.0012791195030916747,0.002658960049854636,0.0026479667737947937,0.9918148574381221,-1.432261886699313e-07,0.0010490673949302004,-0.005907917173662818,-0.005907917173662818,0.12046877383254175,1.0041515913902832,-1.4205386189707352e-07,3.44870842396748,0.1011742498263686,0.0036904376666666654,0.0013233109265094788,0.0009824175881252293,0.0005150444381724268,0.0032930326916666636,3.4480743046493956,0.09927699582618509,-0.0006341193180845472,-0.0018972540001835209,-0.0019030732512755472,1.0061782282374183,1.0279088397535777e-07,-0.0026957223988812312,0.011676229202483613,0.011676229202483613,0.1767039733947044,0.996942182289554,1.0342594951728351e-07]"
/multi_agv/m2b_algorithm_state,1789558513.057045,1789558513.057045,m2b_algorithm_state_v1:header6+3x20,"[1.0,-0.15,0.52,3.450838730764468,0.10125039515798262,1789558513.0568752,3.4494189809270663,0.10107521606492557,0.0036904376666666654,0.0015403762401918738,0.0006966982109680049,0.0005695701816229026,0.004584685874999997,3.4496799741490842,0.10129737870337731,0.0002609932220178912,0.0002221626384517339,0.00022208400751793132,0.9992927259821605,1.638989748889471e-09,0.0005483255350402954,-0.0005077581384205975,-0.0005077581384205975,0.14195148927262133,1.0003540594150897,1.6378305340245761e-09,3.4503994703419454,0.10150168290002543,0.002796189458333334,-0.0009437604020702457,0.0016671336071891751,0.0007539598599461822,-0.0017884964166666626,3.44915600411832,0.10416059849604735,-0.001243466223625589,0.002658915596021924,0.002647922690514869,0.9918149951141139,-1.4330389747129675e-07,0.0010935899109828827,-0.006067948022832148,-0.006067948022832148,0.12046808780258637,1.0041515205660774,-1.4213095437032766e-07,3.4497128261496353,0.1011741898751791,0.0036904376666666654,0.0013236400463161415,0.0009824028529512368,0.0005149094422228911,0.0032930326916666636,3.4492142505515444,0.10088900990987561,-0.0004985755980908557,-0.00028517996530348644,-0.0002853098545540213,1.000911909541415,2.320451836385891e-09,-0.000908529352167591,0.004673861917709125,0.004673861917709125,0.1767018379752937,0.9995447432030067,2.322567878555885e-09]"
/multi_agv/m2b_algorithm_state,1789558513.067109,1789558513.067109,m2b_algorithm_state_v1:header6+3x20,"[1.0,-0.15,0.52,3.451842461188928,0.10125037073413622,1789558513.0669117,3.4504139628145425,0.10107529316623655,0.0036904376666666654,0.001539830306907164,0.0006967500831399848,0.0005697798397999551,0.004584685874999997,3.450695122892136,0.10129737870337731,0.00028116007759360073,0.0002220855371407593,0.00022200696081119432,0.9992929715601461,1.6372713556492985e-09,0.0005734570578031953,-0.000597555942817231,-0.000597555942817231,0.1419525666333727,1.0003539363327971,1.6361137582370962e-09,3.451394429456626,0.10150163589746647,0.002796189458333334,-0.0009431671281833957,0.0016670960764728626,0.0007537222184515052,-0.0017884964166666626,3.450386990498277,0.10382632424885087,-0.0010074389583487608,0.002324688351384399,0.0023162639688853607,0.9928163534832987,-1.0949999688799131e-07,0.0010569652709494096,-0.005779210706164885,-0.005779210706164885,0.12046877374873244,1.0036370563166392,-1.0871338761676809e-07,3.4507078000222364,0.10117425641024488,0.0036904376666666654,0.00132327638146305,0.0009824207361627934,0.0005150577746442534,0.0032930326916666636,3.450225306838575,0.10088900990987561,-0.00048249318366133664,-0.0002852465003692767,-0.0002853764501840713,1.0009121221660782,2.320896293122092e-09,-0.0008884929297607421,0.004602470189616217,0.004602470189616217,0.17670397311018257,0.9995446372161727,2.323013234076217e-09]"
/multi_agv/m2b_algorithm_state,1789558513.0770314,1789558513.0770314,m2b_algorithm_state_v1:header6+3x20,"[1.0,-0.15,0.52,3.452837741604156,0.10125040077052122,1789558513.076926,3.4514176858797807,0.10107523257871777,0.0036904376666666654,0.0015402609272394284,0.0006967127593920706,0.0005696125976722558,0.004584685874999997,3.4516689053772622,0.1018686916437398,0.00025121949748152517,0.0007934590650220258,0.0007924603893874066,0.9974902840083671,2.0896504765153633e-08,0.001106484761239313,-0.0027567371760604687,-0.0027567371760604687,0.14195257394877672,1.0012602215176851,2.0844060472975294e-08,3.452398168656132,0.10150167461892394,0.002796189458333334,-0.000943635745396118,0.001667122401610488,0.0007539116543631708,-0.0017884964166666626,3.451359451569133,0.10331718110279785,-0.001038717086998986,0.0018155064838739077,0.0018103484304168001,0.9943569900217095,-6.684358239215936e-08,0.0005119520716680677,-0.00359410057570656,-0.00359410057570656,0.12046876946980982,1.0028492048107667,-6.646638338973572e-08,3.4517115290308724,0.10117420500476694,0.0036904376666666654,0.0013235591513398276,0.0009824084806243421,0.0005149415797808445,0.0032930326916666636,3.451227430527063,0.09810030744316257,-0.00048409850380926045,-0.0030738975616043662,-0.003089308909742619,1.010143094695301,2.7008371941612853e-07,-0.0036944320395041947,0.01566159783131281,0.01566159783131281,0.17670395869615618,0.9950113929721787,2.7282320415782543e-07]"
/multi_agv/m2b_algorithm_state,1789558513.0869758,1789558513.0869758,m2b_algorithm_state_v1:header6+3x20,"[1.0,-0.15,0.52,3.4538373453435534,0.10125040251193984,1789558513.0869231,3.452412975918833,0.10107530394638604,0.0036904376666666654,0.0015397561978879241,0.0006967614764412206,0.0005698060367915868,0.004584685874999997,3.4526686207489767,0.1015859549601504,0.00025564483014361983,0.0005106510137643516,0.0005102364873139582,0.9983796126124481,8.654032115237305e-09,0.000829792524993483,-0.001641503046593452,-0.001641503046593452,0.14195256612493573,1.0008124202417894,8.640009230746306e-09,3.4533934372910964,0.10150163160473613,0.002796189458333334,-0.0009430877551645355,0.001667087060821082,0.0007536925026447178,-0.0017884964166666626,3.4526696539734396,0.10345680538524955,-0.0007237833176567676,0.0019551737805134223,0.0019491979254322442,0.9939325759310843,-7.747077948557741e-08,0.0010444687783612847,-0.005561285389985398,-0.005561285389985398,0.12046877404410633,1.0030658020938807,-7.700073141348896e-08,3.4527068116025386,0.1011742667604415,0.0036904376666666654,0.0013232222042548506,0.0009824254599998259,0.0005150788012367059,0.0032930326916666636,3.4522489015754823,0.09912511304973576,-0.00045791002705630746,-0.0020491537107057423,-0.002055949845462067,1.0066842938406393,1.1991331264868765e-07,-0.0026283373792824515,0.011500837611414884,0.011500837611414884,0.17670397410494373,0.9966944063488099,1.2071484846583592e-07]"
/multi_agv/m2b_algorithm_state,1789558513.097081,1789558513.097081,m2b_algorithm_state_v1:header6+3x20,"[1.0,-0.15,0.52,3.454840610572744,0.10125038087235406,1789558513.096945,3.453412580634836,0.10107530534019701,0.0036904376666666654,0.0015397489481642998,0.000696766520154934,0.0005698065557844522,0.004584685874999997,3.4538450429079,0.10210861392354716,0.0004324622730642602,0.0010333085833501426,0.001031617959920305,0.9967405422269583,3.5421340333569945e-08,0.0015721958012506303,-0.004528410445207642,-0.004528410445207642,0.14195256604726525,1.0016388076744691,3.5305885970488137e-08,3.4543930395878073,0.10150163320134598,0.002796189458333334,-0.00094308155915971,0.0016670827327609494,0.0007536920682184312,-0.0017884964166666626,3.4537000137148195,0.10345680538524955,-0.0006930258729878069,0.001955172183903578,0.001949196338640064,0.9939325809077294,-7.747014351106435e-08,0.0010829139974053053,-0.005698686981539784,-0.005698686981539784,0.12046877408264707,1.0030657995528984,-7.700009968324437e-08,3.4537064158080177,0.1011742689942765,0.0036904376666666654,0.0013232127033951362,0.0009824280689107352,0.0005150815624738502,0.0032930326916666636,3.4538027960132522,0.10173487487224549,9.638020523450308e-05,0.000560605877968981,0.0005601071394198194,0.998224489589635,8.958808373340273e-09,0.0006805823959629483,-0.0013503681720081996,-0.0013503681720081996,0.1767039742437747,1.0008904341938547,8.942901915808941e-09]"
/multi_agv/m2b_algorithm_state,1789558513.1070104,1789558513.1070104,m2b_algorithm_state_v1:header6+3x20,"[1.0,-0.15,0.52,3.455842805222659,0.1012503667851725,1789558513.1068895,3.454415839380949,0.10107525106081922,0.0036904376666666654,0.0015401355000650395,0.0006967337755765079,0.0005696560336464622,0.004584685874999997,3.4549138236634733,0.10258142560890277,0.0004979842825241221,0.0015061745480835498,0.0015025953741642393,0.9952744444463535,7.525148168939682e-08,0.002125075727319392,-0.006724842924084318,-0.006724842924084318,0.14195257254514237,1.0023819945015477,7.489587663217936e-08,3.455396312490454,0.10150166845826465,0.002796189458333334,-0.0009435029628417396,0.0016671057531292277,0.0007538627577317325,-0.0017884964166666626,3.454592270415531,0.10168459970119288,-0.000804042074922684,0.00018293124292823038,0.00018287822203098489,0.9994207206036904,-6.793432399188671e-10,-0.0008221743716223701,0.0018947325022438803,0.0018947325022438803,0.12046877030069546,1.0002899246102497,-6.789497103769599e-10,3.4547096798468293,0.10117422309797836,0.0036904376666666654,0.001323465900706184,0.0009824175494620004,0.0005149772831269427,0.0032930326916666636,3.454734682624904,0.09988334751126043,2.500277807460094e-05,-0.0012908755867179211,-0.0012935572256265245,1.0041749812371559,4.757145183049843e-08,-0.0012623037530332733,0.006362359702321891,0.006362359702321891,0.1767039614728825,0.9979269267292722,4.7770061749315024e-08]"
/multi_agv/m2b_algorithm_state,1789558513.1170378,1789558513.1170378,m2b_algorithm_state_v1:header6+3x20,"[1.0,-0.15,0.52,3.45683727918262,0.10125040206820779,1789558513.1169086,3.4554180296472685,0.10107521680863267,0.0036904376666666654,0.0015403784520618036,0.0006967115868969031,0.0005695622654563219,0.004584685874999997,3.455982436612472,0.1029061844207951,0.0005644069652035455,0.0018309676121624346,0.0018256913681968909,0.9942766539965622,1.1119634051979488e-07,0.0025312000747013228,-0.008331781717013261,-0.008331781717013261,0.1419473387129217,1.0028899977605497,1.10559925388684e-07,3.4563985124286236,0.10150168980603637,0.002796189458333334,-0.0009437672449988613,0.001667121617894285,0.0007539690625915918,-0.0017884964166666626,3.455605780140827,0.10168459970119288,-0.0007927322877967491,0.00018290989515651335,0.00018285688664023046,0.9994207882319175,-6.793748812635547e-10,-0.0008080584731057059,0.0018443338605865726,0.0018443338605865726,0.12046548167482501,1.000289890729613,-6.789813793373872e-10,3.4557118735920844,0.10117419374084848,0.0036904376666666654,0.0013236268364447785,0.0009824100741119505,0.0005149114121362564,0.0032930326916666636,3.4555777050102265,0.09823060365353084,-0.00013416858185788527,-0.002943590087317635,-0.0029577086696255333,1.0096989268172216,2.476623903989938e-07,-0.00312541939694789,0.013612110746558014,0.013612110746558014,0.17669373065055774,0.9952265135329622,2.500644497988518e-07]"
/multi_agv/m2b_algorithm_state,1789558513.1271393,1789558513.1271393,m2b_algorithm_state_v1:header6+3x20,"[1.0,-0.15,0.52,3.4578489113169724,0.1012503264788467,1789558513.1270108,3.4564125147423934,0.10107530138722119,0.0036904376666666654,0.0015397798097021064,0.0006967680465062456,0.0005697923846797986,0.004584685874999997,3.4570121561891582,0.10247265965148217,0.0005996414467648314,0.0013973582642609755,0.0013942750381102454,0.9956104150461368,6.476109205661912e-08,0.0021438268465662847,-0.006739817784700851,-0.006739817784700851,0.1419525678358368,1.0022113471635474,6.447681774133164e-08,3.457392972823292,0.10150163822808884,0.002796189458333334,-0.0009431172471705777,0.0016670809220165062,0.0007537084796431365,-0.0017884964166666626,3.457001671117269,0.10354608979627036,-0.00039130170602330594,0.0020444515681815184,0.0020379219453799304,0.9936620067973155,-8.470435620932659e-08,0.001548794812850798,-0.007406190731145235,-0.007406190731145235,0.12046877304455736,1.0032040593195393,-8.416750057543411e-08,3.4567063499821744,0.10117426658931336,0.0036904376666666654,0.001323228803667436,0.0009824295640640471,0.0005150738059519324,0.0032930326916666636,3.456971648236498,0.10006785662358096,0.0002652982543236426,-0.0011064099657323995,-0.0011083772142204966,1.003570932620181,3.4936343679668736e-08,-0.0007767543963159433,0.0045658741426854626,0.0045658741426854626,0.17670397077844735,0.998225109229189,3.506109900894432e-08]"
/multi_agv/m2b_algorithm_state,1789558513.1370296,1789558513.1370296,m2b_algorithm_state_v1:header6+3x20,"[1.0,-0.15,0.52,3.4588374883948707,0.10125039989432956,1789558513.1369314,3.4574241231874248,0.10107511884647437,0.0036904376666666654,0.001541073274055377,0.0006966480552570427,0.0005692941348727997,0.004584685874999997,3.458012765391244,0.10245647541868094,0.0005886422038190453,0.001381356572206574,0.0013783431835479392,0.9956598801231524,6.334033194066343e-08,0.002114145938321746,-0.006624957506324076,-0.006624957506324076,0.14192317899251958,1.0021862397511758,6.306542730700164e-08,3.458404633677875,0.10150175081601404,0.002796189458333334,-0.0009445230104160947,0.0016671670827079765,0.0007542730115019658,-0.0017884964166666626,3.4580239667511905,0.10354608979627036,-0.00038066692668436986,0.002044338980256327,0.0020378100810637405,0.9936623574487264,-8.482123282026554e-08,0.0015619764227082782,-0.007454670061604348,-0.007454670061604348,0.1204503109936456,1.0032038801129,-8.428366616589234e-08,3.457717977085617,0.10117410977405174,0.0036904376666666654,0.0013240871017973737,0.000982388641890531,0.0005147230532332233,0.0032930326916666636,3.4581486056340327,0.10207908588812357,0.0004306285484156902,0.0009049761140718371,0.0009036798280670876,0.9971450185429076,2.335549789980772e-08,0.0014419655135867004,-0.004219634980438846,-0.004219634980438846,0.17664654439638125,1.001434452739221,2.328881838638261e-08]"
/multi_agv/m2b_algorithm_state,1789558513.1470833,1789558513.1470833,m2b_algorithm_state_v1:header6+3x20,"[1.0,-0.15,0.52,3.4598405570951556,0.10125037960574886,1789558513.1469538,3.4584127230222466,0.10107529781009901,0.0036904376666666654,0.00153980360269314,0.0006967632482460567,0.0005697845672029798,0.004584685874999997,3.459062931034383,0.10287731161621382,0.0006502080121362219,0.001802013806114805,0.0017969019972782505,0.9943653046343648,1.0766943340565695e-07,0.002609662012448528,-0.008598575647899545,-0.008598575647899545,0.14195256948074342,1.0028447900020687,1.0706274894822552e-07,3.459393183304936,0.10150163901381232,0.002796189458333334,-0.0009431423003834569,0.0016670847301951675,0.0007537173584482165,-0.0017884964166666626,3.458998582088544,0.10226966620667814,-0.0003946012163922319,0.000768027192865825,0.0007670967319328731,0.9975840688585783,-1.1965210369246597e-08,0.00027384521144258327,-0.0022643507817726614,-0.0022643507817726614,0.1204687720852059,1.0012129642771483,-1.1936303244901873e-08,3.4587065588574304,0.10117426285907741,0.0036904376666666654,0.001323247643701059,0.0009824274429145905,0.0005150667428481196,0.0032930326916666636,3.4590497264506803,0.09986385760277627,0.00034316759324992674,-0.0013104052563011337,-0.001313169055589752,1.0042390763724904,4.901431352499603e-08,-0.0008842095640273437,0.005034603237620645,0.005034603237620645,0.17670396750311018,0.9978953210351297,4.922208894337368e-08]"
/multi_agv/m2b_algorithm_state,1789558513.1570528,1789558513.1570528,m2b_algorithm_state_v1:header6+3x20,"[1.0,-0.15,0.52,3.4608374079909905,0.10125039950649468,1789558513.1568615,3.4594157856162853,0.10107524705300111,0.0036904376666666654,0.0015401649789822556,0.000696732417747814,0.0005696439620394788,0.004584685874999997,3.460125971065335,0.1031498976193631,0.0007101854490496606,0.0020746505663619963,0.002067888944074784,0.9935329531890165,1.4271852102541038e-07,0.0029556207553868598,-0.00996817973263581,-0.00996817973263581,0.14195028876889168,1.0032698188684583,1.4179555366914473e-07,3.460396259246711,0.10150167187483614,0.002796189458333334,-0.0009435362167967073,0.0016671064546667225,0.0007538768072617996,-0.0017884964166666626,3.4595477722349757,0.10088858724313379,-0.0008484870117353438,-0.0006130846317023431,-0.0006136837736418319,1.001959049407617,-7.635023298165086e-09,-0.0016742925383110116,0.005262632143166992,0.005262632143166992,0.12046733401074097,0.9990236959730363,-7.649980686034497e-09,3.45970962642247,0.10117421988940936,0.0036904376666666654,0.0013234845864018448,0.0009824174952558495,0.0005149692118159078,0.0032930326916666636,3.459861846219153,0.09786071296784096,0.00015221979668300634,-0.0033135069215683988,-0.0033314468075492263,1.0109631521130724,3.1386114740470436e-07,-0.0031411720616954684,0.0138149284161275,0.0138149284161275,0.1766994929857177,0.9946149865157158,3.173020549060856e-07]"
/multi_agv/m2b_algorithm_state,1789558513.16703,1789558513.16703,m2b_algorithm_state_v1:header6+3x20,"[1.0,-0.15,0.52,3.461840436783381,0.10125037950813609,1789558513.1668754,3.4604126429024444,0.10107529391053538,0.0036904376666666654,0.0015398342014115982,0.0006967648911262885,0.0005697704494078523,0.004584685874999997,3.460779229320562,0.10310985876797768,0.0003665864181177092,0.0020345648574423003,0.002028060029606835,0.9936550073878048,1.3723126553467952e-07,0.0024862930522539716,-0.008270824896595313,-0.008270824896595313,0.14195257060584926,1.0032074138538818,1.3636053416869978e-07,3.461393102280666,0.10150164406466117,0.002796189458333334,-0.0009431777078565077,0.0016670828690266148,0.0007537336744994072,-0.0017884964166666626,3.4606542158975566,0.10199110779982148,-0.0007388863831092607,0.000489463735160317,0.000489085028060561,0.9984554344914459,-4.8608330807438104e-09,-0.00043452295082601483,0.00038144006598690196,0.00038144006598690196,0.12046877142807053,1.0007743175072394,-4.853325205624455e-09,3.4607064787898607,0.10117426054428755,0.0036904376666666654,0.0013232633351936626,0.0009824289824809096,0.0005150591404150173,0.0032930326916666636,3.460752270443493,0.09982042316926538,4.579165363249871e-05,-0.0013538373750221627,-0.0013567883836950406,1.0043817232507315,5.2319380586681895e-08,-0.0012995488166544172,0.006520800524601581,0.006520800524601581,0.1767039653079434,0.9978250044676524,5.2548629633062426e-08]"
/multi_agv/m2b_algorithm_state,1789558513.1770842,1789558513.1770842,m2b_algorithm_state_v1:header6+3x20,"[1.0,-0.15,0.52,3.462840024103611,0.10125038209836858,1789558513.1769536,3.4614156656256805,0.10107524405699876,0.0036904376666666654,0.001540189075248105,0.0006967342916310842,0.0005696325426304463,0.004584685874999997,3.4617473927004343,0.10253113450238512,0.00033172707475381813,0.0014558904453863541,0.001452544991528644,0.9954295902384191,7.031580566007503e-08,0.0018672038349709166,-0.005780504187682493,-0.005780504187682493,0.14194820430933824,1.0023031671151126,6.999443361549279e-08,3.4623961382877013,0.10150167621519231,0.002796189458333334,-0.0009435646017097706,0.0016671045129608153,0.0007538901211686377,-0.0017884964166666626,3.4616732592352095,0.10199110779982148,-0.0007228790524917983,0.0004894315846291769,0.0004890529273518165,0.9984555360566322,-4.8621875924271725e-09,-0.0004145458882629314,0.0003100268451890198,0.0003100268451890198,0.12046602518109667,1.0007742664570292,-4.854678119004778e-09,3.4617095064367613,0.10117421825221722,0.0036904376666666654,0.001323496438161353,0.000982419066763063,0.0005149632571408583,0.0032930326916666636,3.4618635986403703,0.10106944612801602,0.0001540922036089576,-0.00010477212420119397,-0.00010478963212019956,1.0003343417948491,3.131295676897385e-10,8.782562239099743e-05,0.001058962804880238,0.001058962804880238,0.17669542139240194,0.9998329231752098,3.1323425999142024e-10]"
/multi_agv/m2b_algorithm_state,1789558513.1871717,1789558513.1871717,m2b_algorithm_state_v1:header6+3x20,"[1.0,-0.15,0.52,3.4638397681519137,0.10125038361363502,1789558513.186961,3.4624152537858266,0.10107524986405714,0.0036904376666666654,0.0015401485111648859,0.0006967386482427777,0.0005696478593940537,0.004584685874999997,3.4627499015705436,0.10255715203566368,0.0003346477847170348,0.0014819021716065417,0.001478436789574562,0.9953493117434379,7.284754353646964e-08,0.0018967465204708556,-0.0058983811081561015,-0.0058983811081561015,0.14194841218381998,1.0023439500805285,7.250875232122518e-08,3.463395724544512,0.10150167307563508,0.002796189458333334,-0.0009435211176454955,0.0016671013227029796,0.0007538729317994736,-0.0017884964166666626,3.462685505359599,0.10201107253853409,-0.0007102191849130968,0.0005093994628990045,0.0005089893404363311,0.9983928901502762,-5.266699304948049e-09,-0.00037878464070503987,0.00017397997093489314,0.00017397997093489314,0.1204661557177858,1.0008057584512906,-5.258235140619534e-09,3.4627090939804948,0.10117422335541355,0.0036904376666666654,0.0013234690678675747,0.000982420733982292,0.0005149742538824104,0.0032930326916666636,3.462727057830367,0.0991640009613067,1.7963849872071336e-05,-0.0020102223941068503,-0.002016760832597984,1.0065544319841615,1.1541876616150022e-07,-0.0019943060202578947,0.009250608931692161,0.009250608931692161,0.17669582747360366,0.9967579504790804,1.1617527061400162e-07]"
/multi_agv/m2b_algorithm_state,1789558513.1970048,1789558513.1970048,m2b_algorithm_state_v1:header6+3x20,"[1.0,-0.15,0.52,3.464839380137246,0.10125038592427682,1789558513.1969075,3.463414998357369,0.10107525290970286,0.0036904376666666654,0.0015401276862225008,0.0006967414189801954,0.0005696554449511862,0.004584685874999997,3.463945663703124,0.10249423571590532,0.0005306653457548549,0.001418982806202465,0.0014158039325260633,0.9955435798299006,6.679504271572597e-08,0.002079135614719632,-0.00651906223297246,-0.00651906223297246,0.14194806429532494,1.002245278179677,6.649737594010495e-08,3.4643954678989575,0.1015016717862753,0.002796189458333334,-0.0009434992089830821,0.0016670992411311758,0.0007538645179208381,-0.0017884964166666626,3.463702205038741,0.10201107253853409,-0.0006932628602163149,0.0005094007522587901,0.0005089906277167856,0.9983928860778665,-5.266603698721006e-09,-0.000357587947553608,9.86182300946267e-05,9.86182300946267e-05,0.12046593727416716,1.0008057604986642,-5.2581396665944314e-09,3.4637088381994148,0.1011742261449269,0.0036904376666666654,0.0013234545319311653,0.0009824219136571393,0.0005149799410333082,0.0032930326916666636,3.4636880348575994,0.09745435387395855,-2.0803341815422982e-05,-0.003719872270968344,-0.003742551365971544,1.0123637964197667,3.956579765241895e-07,-0.003768555543240823,0.016173496447497035,0.016173496447497035,0.17669514793323862,0.9939402047465786,4.0054981119779143e-07]"
/multi_agv/m2b_algorithm_state,1789558513.207054,1789558513.207054,m2b_algorithm_state_v1:header6+3x20,"[1.0,-0.15,0.52,3.4658372267094912,0.1012503993619383,1789558513.2068326,3.4644146111279364,0.10107525775316747,0.0036904376666666654,0.0015400942585594491,0.0006967455356031492,0.0005696677932048307,0.004584685874999997,3.464976220387033,0.10249423571590532,0.0005616092590967625,0.0014189779627378496,0.0014157991108550473,0.9955435950892244,6.67931357394581e-08,0.002117810684726,-0.0066570741988671404,-0.0066570741988671404,0.14194818471774126,1.002245270433093,6.649547848134269e-08,3.465395078862066,0.10150166949966852,0.002796189458333334,-0.000943463711500803,0.0016670961744602586,0.0007538507261750926,-0.0017884964166666626,3.4645891940782336,0.10056214339978437,-0.0008058847838325889,-0.0009395260998841526,-0.0009409366187722377,1.0030132834583003,-1.7932919663140016e-08,-0.0019482925985629738,0.006371401499543397,0.006371401499543397,0.12046601287489797,0.9985009416575523,-1.7986956633319983e-08,3.464708450421736,0.10117423051999447,0.0036904376666666654,0.0013234314510244863,0.0009824235937809572,0.000514989071783946,0.0032930326916666636,3.464667916653481,0.09745435387395855,-4.053376825474686e-05,-0.003719876646035916,-0.0037425557938074567,1.012363810849294,3.9565200006200226e-07,-0.0037932230041258902,0.016259856977808667,0.016259856977808667,0.17669538311661367,0.9939401978164051,4.0054376655291374e-07]"
/multi_agv/m2b_algorithm_state,1789558513.217036,1789558513.217036,m2b_algorithm_state_v1:header6+3x20,"[1.0,-0.15,0.52,3.4668396092064273,0.10125038353505583,1789558513.2169063,3.4654124620397044,0.10107528893670428,0.0036904376666666654,0.0015398747367521026,0.0006967677060530689,0.0005697514148739228,0.004584685874999997,3.4659853305522743,0.10239098540450124,0.0005728685125698796,0.001315696467796959,0.0013129613885670792,0.9958630965651178,5.741994046768111e-08,0.0020290470292794287,-0.006291140390797674,-0.006291140390797674,0.1419525734470375,1.002083137595436,5.718239971872963e-08,3.4663929200547017,0.1015016514430478,0.002796189458333334,-0.0009432263736917149,0.0016670800356313187,0.0007537562433285044,-0.0017884964166666626,3.4656496296513875,0.1019610587465622,-0.0007432904033142229,0.0004594073035143892,0.00045907360281305555,0.9985497854877547,-4.282497481152248e-09,-0.0004700394013297231,0.000521081388495506,0.000521081388495506,0.12046876976920667,1.0007269002166292,-4.276286941156427e-09,3.4657062980340676,0.10117425770606282,0.0036904376666666654,0.0013232840703763112,0.0009824316069440677,0.0005150487874426815,0.0032930326916666636,3.4658942239845105,0.10013888258069743,0.00018792595044292426,-0.0010353751253653898,-0.0010370969536774096,1.003338988780903,3.0594112729137745e-08,-0.0008021895156237542,0.004624855589977954,0.004624855589977954,0.17670395970979486,0.9983397614794697,3.069626612830202e-08]"
/multi_agv/m2b_algorithm_state,1789558513.2269804,1789558513.2269804,m2b_algorithm_state_v1:header6+3x20,"[1.0,-0.15,0.52,3.4678420877524414,0.10125036761250349,1789558513.2268953,3.4664148397176078,0.10107524931317115,0.0036904376666666654,0.0015401570974469775,0.0006967435116037805,0.000569641607955959,0.004584685874999997,3.4669578235764735,0.101895059448537,0.0005429838588657532,0.0008198101353658477,0.0008187442382286376,0.9974077124362817,2.230558516943332e-08,0.001497474061810829,-0.0041611516736445794,-0.0041611516736445794,0.14194486140009593,1.0013018682604913,2.2247762678397137e-08,3.467395308265978,0.10150167717663085,0.002796189458333334,-0.0009435345842279457,0.0016670971786520994,0.000753880924725045,-0.0017884964166666626,3.466392400707215,0.1013822730274299,-0.0010029075587629777,-0.00011940414920094677,-0.00011942679067690233,1.000379412490004,-2.8950690205648237e-10,-0.0013730612391306244,0.0039824877280793015,0.0039824877280793015,0.12046392616063896,0.9998104154367103,-2.8961674459106497e-10,3.466708679635696,0.1011742241153655,0.0036904376666666654,0.0013234694808634097,0.0009824238473344904,0.0005149724554777109,0.0032930326916666636,3.466613210243897,0.09990074850151712,-9.546939179871927e-05,-0.001273475613848385,-0.0012760851048236902,1.0041178971267797,4.629722351894176e-08,-0.0013954218445720893,0.006825295792717941,0.006825295792717941,0.17668889185327835,0.9979550807658193,4.648787072264829e-08]"
/multi_agv/m2b_algorithm_state,1789558513.2369866,1789558513.2369866,m2b_algorithm_state_v1:header6+3x20,"[1.0,-0.15,0.52,3.4688404952072696,0.1012503781020591,1789558513.236886,3.4674173131967896,0.101075210952025,0.0036904376666666654,0.0015404290770826405,0.0006967179871282701,0.0005695369925973995,0.004584685874999997,3.4677647103604636,0.10144581921403881,0.00034739716367404583,0.0003706082620138079,0.0003703896900917687,0.9988221213667362,4.5607214839913255e-09,0.000804636144684326,-0.001486753024180079,-0.001486753024180079,0.14193481778644917,1.0005901134072739,4.555349507603065e-09,3.468397792961458,0.10150170082342123,0.002796189458333334,-0.0009438305807639622,0.0016671156270491316,0.0007539996327532716,-0.0017884964166666626,3.4672836097213837,0.09995925305109725,-0.0011141832400740626,-0.0015424477723239849,-0.0015462668705337529,1.0049808434860041,-4.8372675879400423e-08,-0.002938995920626331,0.010122826580606533,0.010122826580606533,0.12045761955360865,0.9975301170305423,-4.861361260695492e-08,3.467711157099077,0.1011741910620642,0.0036904376666666654,0.0013236504781984873,0.0009824151637926716,0.0005148985170160469,0.0032930326916666636,3.4675967732098902,0.09969764724303212,-0.00011438388918660891,-0.001476543819032075,-0.0014800572573783056,1.0047854884356693,6.225660645828613e-08,-0.0016230371188615668,0.007716140943774244,0.007716140943774244,0.17666927497829638,0.9976261470097082,6.255453472853628e-08]"
/multi_agv/m2b_algorithm_state,1789558513.2470465,1789558513.2470465,m2b_algorithm_state_v1:header6+3x20,"[1.0,-0.15,0.52,3.46984100332438,0.10125037491239047,1789558513.2469356,3.4684157237897946,0.10107523689222377,0.0036904376666666654,0.0015402449144953502,0.000696733989948139,0.0005696084955836952,0.004584685874999997,3.4687458742056814,0.10103758263273915,0.0003301504158867985,-3.765425948461243e-05,-3.765652273157828e-05,1.000120229096707,4.70874252266093e-11,0.0003750314971269198,0.00022600351165754035,0.00022600351165754035,0.14193920894255818,0.9999398976113121,4.7093086505210557e-11,3.469396196663506,0.10150168435740009,0.002796189458333334,-0.0009436305118880272,0.0016671043687086495,0.0007539187660229735,-0.0017884964166666626,3.4683697882087943,0.10150026996404359,-0.0010264084547118024,-1.4143933565052835e-06,-1.4143965305874615e-06,1.000004488283498,-4.0622701631183805e-14,-0.0012844249649203404,0.003616691816682956,0.003616691816682956,0.12046037688377507,0.9999977558753085,-4.062288395738518e-14,3.468709565168509,0.10117421305655344,0.0036904376666666654,0.001323529667063336,0.0009824204824488989,0.0005149481173768247,0.0032930326916666636,3.4685588988855254,0.0993014570716449,-0.000150666282983547,-0.0018727559849085473,-0.0018784248823355617,1.0060967736672914,1.0016841501911589e-07,-0.002066757736064995,0.009448632318658673,0.009448632318658673,0.176677851454368,0.9969821005458754,1.0077911917409876e-07]"
/multi_agv/m2b_algorithm_state,1789558513.257433,1789558513.257433,m2b_algorithm_state_v1:header6+3x20,"[1.0,-0.15,0.52,3.4708407941014356,0.101250376385631,1789558513.257298,3.4694162308367336,0.10107522929551294,0.0036904376666666654,0.0015402988472383188,0.0006967286932582082,0.0005695878730445299,0.004584685874999997,3.469778613865726,0.10124218111549267,0.00036238302899249675,0.0001669518199797354,0.0001669073962719473,0.999468161672761,9.255750087229646e-10,0.0006198861825125683,-0.0007367693669461518,-0.0007367693669461518,0.1419361520128365,1.000266157814335,9.250827524585911e-10,3.4703967060865324,0.10150168900532455,0.002796189458333334,-0.0009436894569787753,0.0016671082864561093,0.0007539422788022526,-0.0017884964166666626,3.4693731312679232,0.10150026996404359,-0.001023574818609152,-1.4190412809672592e-06,-1.4190444759447153e-06,1.0000045030326745,-4.089267931343848e-14,-0.0012808875677373847,0.0036040771912306223,0.0036040771912306223,0.12045845736149563,0.9999977485008326,-4.089286345450958e-14,3.469710073049875,0.10117420643633392,0.0036904376666666654,0.0013235659434960557,0.000982418686218645,0.0005149333272831897,0.0032930326916666636,3.46960884799951,0.10004185707238993,-0.00010122505036491702,-0.0011323493639439908,-0.0011344103415371375,1.0036557254128642,3.660366780489189e-08,-0.0012609416544932838,0.006289442725252696,0.006289442725252696,0.1766718808673185,0.9981832168504793,3.6737480763490274e-08]"
/multi_agv/m2b_algorithm_state,1789558513.2675705,1789558513.2675705,m2b_algorithm_state_v1:header6+3x20,"[1.0,-0.15,0.52,3.471847112978814,0.10125033605738525,1789558513.267457,3.4704160219901774,0.1010752330804284,0.0036904376666666654,0.001540272001239732,0.00069673071266898,0.0005695984592752251,0.004584685874999997,3.4707834655009404,0.1014144197428802,0.0003674435107630103,0.0003391866624517931,0.00033900353867969535,0.998921602420685,3.81984953778158e-09,0.0007983079271334582,-0.001449928564533784,-0.001449928564533784,0.141935638491116,1.0005401824795426,3.815730221286688e-09,3.471396496426805,0.10150168652376308,0.002796189458333334,-0.0009436605134803631,0.001667106976107835,0.0007539304143962533,-0.0017884964166666626,3.4704203837336203,0.10161639735375368,-0.0009761126931846498,0.00011471082999059412,0.00011468997046021177,0.9996364690952123,-2.6718720135553553e-10,-0.0011054508960206004,0.002930639834254889,0.002930639834254889,0.12045813490004265,1.000181877546037,-2.6709007055047904e-10,3.4707098638873246,0.10117420955270151,0.0036904376666666654,0.001323548799224613,0.0009824193449424097,0.0005149404160128949,0.0032930326916666636,3.470789163094516,0.10023491854505043,7.929920719140782e-05,-0.000939291007651083,-0.0009407070627919556,1.0030258422670766,2.5182635481968838e-08,-0.0008415830538026958,0.00472252609140314,0.00472252609140314,0.1766708778803756,0.9984946906461296,2.5258834164806563e-08]"
/multi_agv/m2b_algorithm_state,1789558513.277229,1789558513.277229,m2b_algorithm_state_v1:header6+3x20,"[1.0,-0.15,0.52,3.4728419797542163,0.10125036988983582,1789558513.2771165,3.471422327976495,0.10107513718660986,0.0036904376666666654,0.0015409501726324974,0.00069666542898803,0.000569338457342505,0.004584685874999997,3.471764794791882,0.10105410384136722,0.0003424668153870769,-2.1033345242643664e-05,-2.1034051343095308e-05,1.0000671463842243,1.469898539787316e-11,0.0004070494678907508,0.00010549686930322886,0.00010549686930322886,0.14191198353160603,0.9999664306014983,1.4699972381594393e-11,3.4724028310703794,0.10150174438364223,0.002796189458333334,-0.0009443968294660242,0.001667154274695104,0.0007542249787710203,-0.0017884964166666626,3.471431479182874,0.10161639735375368,-0.0009713518875051896,0.00011465297011144238,0.00011463213162597638,0.9996366525057107,-2.671259418818533e-10,-0.0010995577277555107,0.0029089995635900477,0.0029089995635900477,0.12044328048616076,1.0001817857277049,-2.670288823402109e-10,3.471716179889569,0.10117412660190359,0.0036904376666666654,0.0013240014138473917,0.0009823966278122995,0.0005147560417336577,0.0032930326916666636,3.4718060138633713,0.1004064448053913,8.983397380246672e-05,-0.000767681796512279,-0.0007686264670341283,1.0024682293747569,1.682522355316712e-08,-0.0006563339997810449,0.003992196011343714,0.003992196011343714,0.17662468145758517,0.9987709627987514,1.6866752064177898e-08]"
/multi_agv/m2b_algorithm_state,1789558513.2872896,1789558513.2872896,m2b_algorithm_state_v1:header6+3x20,"[1.0,-0.15,0.52,3.4738447445992953,0.10125035253797947,1789558513.2872267,3.4724172049726425,0.10107522135596725,0.0036904376666666654,0.0015403514645163361,0.0006967171333980273,0.0005695710784561155,0.004584685874999997,3.472745596857469,0.10065365857721378,0.0003283918848264733,-0.0004215627787534648,-0.0004218472819800814,1.0013519023076451,5.904020899563504e-09,-1.135742594698979e-05,0.0017700510059631713,0.0017700510059631713,0.14192892444617816,0.9993255776704756,5.912002559042009e-09,3.473397685674162,0.1015016903371001,0.002796189458333334,-0.0009437448033692737,0.0016671177598373,0.0007539613417928692,-0.0017884964166666626,3.47263269244055,0.10206788739523082,-0.0007649932336120102,0.000566197058130713,0.0005656905986932235,0.9982148539986352,-6.507919187185482e-09,-0.0003905509433217893,0.00019023290769673747,0.00019023290769673747,0.12045391888065395,1.0008952940682758,-6.4963016012712725e-09,3.4727110486158446,0.10117419797644009,0.0036904376666666654,0.001323608389100213,0.0009824135114869575,0.0005149176204043123,0.0032930326916666636,3.4727258789005657,0.10004780312511163,1.4830284721156772e-05,-0.001126394851328455,-0.0011284341190542174,1.0036362575429512,3.622073183849967e-08,-0.0011098962631527715,0.0057528709013358655,0.0057528709013358655,0.17665776499961117,0.9981928340420337,3.635243974785862e-08]"
/multi_agv/m2b_algorithm_state,1789558513.2971134,1789558513.2971134,m2b_algorithm_state_v1:header6+3x20,"[1.0,-0.15,0.52,3.474842553341155,0.10125036725559705,1789558513.2969508,3.473419964221897,0.10107518051255986,0.0036904376666666654,0.0015406398497772094,0.0006966887570584385,0.0005694608353265016,0.004584685874999997,3.4739827496384605,0.10192445629253971,0.000562785416563738,0.000849275779979855,0.0008481321387596848,0.9973154370655704,2.3944819196908527e-08,0.0015516139094643574,-0.004367321590650695,-0.004367321590650695,0.14191786827787603,1.001348423397612,2.3880537822820886e-08,3.474400457401493,0.10150171459369137,0.002796189458333334,-0.0009440575505723558,0.0016671384065931605,0.000754086167135723,-0.0017884964166666626,3.4736455714906835,0.10206788739523082,-0.0007548859108092998,0.0005661728015394496,0.0005656663855695525,0.9982149305726137,-6.509517446939703e-09,-0.0003779410029420723,0.0001450766101931658,0.0001450766101931658,0.12044697602199995,1.0008952555478214,-6.497897506358133e-09,3.4737138121744957,0.10117416250768715,0.0036904376666666654,0.001323801459923011,0.0009824034984481141,0.000514839140094273,0.0032930326916666636,3.4740904885569965,0.10193187024637228,0.000376676382500829,0.0007577077386851233,0.0007567980057625414,0.9976056093740944,1.637082377090025e-08,0.0012276434838885777,-0.0033877796696744444,-0.0033877796696744444,0.17663617320090994,1.0012020815536706,1.6331625623924853e-08]"
/multi_agv/m2b_algorithm_state,1789558513.307074,1789558513.307074,m2b_algorithm_state_v1:header6+3x20,"[1.0,-0.15,0.52,3.4758421648212514,0.10125037006223762,1789558513.3069596,3.474417777369498,0.10107521750479846,0.0036904376666666654,0.001540376297224992,0.0006967110016926623,0.0005695635038886062,0.004584685874999997,3.4750144258253957,0.10192445629253971,0.0005966484558976859,0.0008492387877412494,0.0008480952464002745,0.9973155542174268,2.3938634055126386e-08,0.0015939058162723818,-0.004518153807527641,-0.004518153807527641,0.14192438073262098,1.0013483642855312,2.387437208989654e-08,3.475398260932828,0.10150169049976458,0.002796189458333334,-0.0009437701789910169,0.0016671227750202355,0.0007539697325025796,-0.0017884964166666626,3.4747954915747785,0.10327157578314733,-0.000602769358049482,0.0017698852833827466,0.0017649815033882368,0.9944959200255211,-6.353759201693614e-08,0.0010115198058263844,-0.005357593018068117,-0.005357593018068117,0.12045106564608585,1.0027783747223957,-6.318787602908912e-08,3.474711621721138,0.10117419376222812,0.0036904376666666654,0.0013236289358898993,0.0009824106283049753,0.0005149102138555469,0.0032930326916666636,3.4751222397877424,0.10193187024637228,0.00041061806660458444,0.0007576764841441541,0.0007567668264411749,0.9976057083052321,1.6367337918420287e-08,0.0012700394096969055,-0.0035388451980722636,-0.0035388451980722636,0.17664889131456768,1.00120203168426,1.6328149737176755e-08]"
/multi_agv/m2b_algorithm_state,1789558513.316992,1789558513.316992,m2b_algorithm_state_v1:header6+3x20,"[1.0,-0.15,0.52,3.4768392109699,0.10125038902913568,1789558513.3168488,3.4754173896736886,0.10107522474653755,0.0036904376666666654,0.0015403244697550656,0.0006967151396892737,0.0005695838165682946,0.004584685874999997,3.4760931284892673,0.10213649667381641,0.000675738815578697,0.0010612719272788673,0.0010594889380318615,0.9966533959744438,3.737764504202799e-08,0.0019041624575052327,-0.005723936054238322,-0.005723936054238322,0.14192450290784367,1.0016828766993244,3.725255686466453e-08,3.476397871457118,0.10150168560798277,0.002796189458333334,-0.0009437134575130575,0.0016671199076006005,0.0007539466372354225,-0.0017884964166666626,3.475758101195004,0.101887632769467,-0.0006397702621141477,0.00038594716148422636,0.00038571151623693206,0.9987806592834352,-3.0241531726460226e-09,-0.0004140013114057525,0.00035410281881631165,0.00035410281881631165,0.12045114236905848,1.0006109365092162,-3.0204656995494867e-09,3.4757112333329467,0.10117419983219257,0.0036904376666666654,0.0013235951997987946,0.0009824118845943369,0.0005149241836589899,0.0032930326916666636,3.4760182599782055,0.09942317474609803,0.00030702664525872336,-0.0017510250860945376,-0.0017559764258907823,1.0056926680101044,8.756678129244065e-08,-0.001372193119317378,0.006947642814384829,0.006947642814384829,0.1766491299083879,0.9971802925578952,8.806526990705193e-08]"
/multi_agv/m2b_algorithm_state,1789558513.3270743,1789558513.3270743,m2b_algorithm_state_v1:header6+3x20,"[1.0,-0.15,0.52,3.477841370660802,0.10125037490966889,1789558513.3268983,3.4764144418261793,0.10107527019565404,0.0036904376666666654,0.0015400027131479113,0.0006967455642946868,0.0005697074593836891,0.004584685874999997,3.477333216486094,0.10126860733396709,0.0009187746599148561,0.00019333713831304333,0.00019327757535804327,0.9993842936978431,1.240989728160807e-09,0.0013417459002516134,-0.0033135173201089634,-0.0033135173201089634,0.1419337196424101,1.0003081731281536,1.2402256429642664e-09,3.477394910295139,0.10150165787522619,0.002796189458333334,-0.0009433639320668491,0.0016670979757180682,0.0007538065382715481,-0.0017884964166666626,3.476835259839336,0.10128764374289909,-0.0005596504558029736,-0.0002140141323271061,-0.00021408692070732326,1.0006807714469863,-9.299404154550927e-10,-0.0009136499904610402,0.0023938804147343776,0.0023938804147343776,0.12045692999933538,0.9996600054782576,-9.305734923373331e-10,3.476708280788381,0.10117423901652679,0.0036904376666666654,0.0013233810412848078,0.0009824223703943213,0.0005150115587412127,0.0032930326916666636,3.4773360493106056,0.10012174471645376,0.0006277685222246809,-0.001052494300073037,-0.001054273767708256,1.0033948537132509,3.161686828489198e-08,-0.00026956311492740484,0.002748718011533824,0.002748718011533824,0.17666713025312616,0.9983121389436759,3.1724202927590305e-08]"
/multi_agv/m2b_algorithm_state,1789558513.3370283,1789558513.3370283,m2b_algorithm_state_v1:header6+3x20,"[1.0,-0.15,0.52,3.4788420105376248,0.10125037093787846,1789558513.336842,3.477416597229074,0.1010752351940717,0.0036904376666666654,0.0015402515571272218,0.0006967238944173277,0.0005696108674138914,0.004584685874999997,3.4783253714411067,0.10175348889970248,0.0009087742120326148,0.0006782537056307797,0.0006775233436079534,0.9978518694435266,1.527011211946581e-08,0.001813491108648722,-0.005218954878599996,-0.005218954878599996,0.14192480794486698,1.0010779879833174,1.523730992502121e-08,3.478397075105805,0.10150168024019442,0.002796189458333334,-0.0009436348710658705,0.0016671133350087963,0.0007539159915765647,-0.0017884964166666626,3.4778891791750386,0.10267213810804562,-0.0005078959307662778,0.0011704578678512073,0.0011683034500161382,0.996335031268716,-2.7795830797213237e-08,0.0005334335365582909,-0.003373695313317676,-0.003373695313317676,0.12045133390600184,1.0018440567260496,-2.769395994648139e-08,3.477710439647527,0.10117420929474057,0.0036904376666666654,0.0013235445670006251,0.000982415257320502,0.000514944376662605,0.0032930326916666636,3.4784695370583734,0.1016099781229631,0.0007590974108464543,0.00043576882822253526,0.00043546719408838483,0.9986179049091627,5.414956081267903e-09,0.0013843389576464527,-0.00379480126315624,-0.00379480126315624,0.17664972557969724,1.0006926678708412,5.407472097050883e-09]"
/multi_agv/m2b_algorithm_state,1789558513.3470256,1789558513.3470256,m2b_algorithm_state_v1:header6+3x20,"[1.0,-0.15,0.52,3.4798420076842387,0.10125037118102942,1789558513.3468745,3.478417235854603,0.10107522566360377,0.0036904376666666654,0.0015403190019404964,0.0006967175618202148,0.000569584926778932,0.004584685874999997,3.4794133679413153,0.10258150612250914,0.0009961320867124535,0.0015062804589053708,0.001502700783246069,0.9952741162242261,7.527103523685342e-08,0.0027478658916366356,-0.008947306019966864,-0.008947306019966864,0.14192128456791717,1.0023821613053059,7.491531307264187e-08,3.4793977165064343,0.10150168605643176,0.002796189458333334,-0.0009437080994741695,0.0016671179064284836,0.0007539453556598963,-0.0017884964166666626,3.4791190111412855,0.10441743881630329,-0.0002787053651487348,0.0029157527598715344,0.0029025594074694404,0.9910508122311519,-1.722828382997425e-07,0.002554177701033522,-0.01142605326306747,-0.01142605326306747,0.12044912136730836,1.004545420282576,-1.70741046830448e-07,3.478711079251837,0.10117420109359984,0.0036904376666666654,0.0013235893665561756,0.0009824130768282258,0.0005149260920048336,0.0032930326916666636,3.479430594000302,0.1005469523115988,0.0007195147484648778,-0.0006272487820010442,-0.0006278787764190059,1.0020135108225308,1.122795443925758e-08,0.0002715146591620914,0.0006435502376386245,0.0006435502376386245,0.17664284477471895,0.9989966304936204,1.1250562047035907e-08]"
/multi_agv/m2b_algorithm_state,1789558513.356916,1789558513.356916,m2b_algorithm_state_v1:header6+3x20,"[1.0,-0.15,0.52,3.4808367817341046,0.10125040444488652,1789558513.3567574,3.4794172330421276,0.10107522651832161,0.0036904376666666654,0.0015403126557100998,0.0006967177606465027,0.000569587574185176,0.004584685874999997,3.4805028579983186,0.10313052191291501,0.0010856249561910225,0.0020552953945933983,0.0020486583711200653,0.9935918684727847,1.4008345706957112e-07,0.0034056895663588434,-0.011567732203711592,-0.011567732203711592,0.141920039651925,1.0032396926529552,1.3918578385188228e-07,3.4803977136283826,0.10150168528651007,0.002796189458333334,-0.000943700999238596,0.001667117832432119,0.0007539423164419634,-0.0017884964166666626,3.4801592459638995,0.10441743881630329,-0.00023846766448309964,0.0029157535297932163,0.002902560170361649,0.9910508098522387,-1.722816335719142e-07,0.0026044755897577745,-0.011606400972475943,-0.011606400972475943,0.12044833957960999,1.0045454215097025,-1.707398524741122e-07,3.4797110763822054,0.10117420173825657,0.0036904376666666654,0.0013235855451683045,0.0009824130592622554,0.0005149277575612352,0.0032930326916666636,3.480246575552519,0.09958457058694449,0.0005354991703137024,-0.001589631151312082,-0.0015937068541964597,1.0051585775496816,7.216011586459632e-08,-0.0009243328913043317,0.005297836223517602,0.005297836223517602,0.1766404135266637,0.9974426269965234,7.253235941827785e-08]"
/multi_agv/m2b_algorithm_state,1789558513.3670561,1789558513.3670561,m2b_algorithm_state_v1:header6+3x20,"[1.0,-0.15,0.52,3.481840635795782,0.10125037900450475,1789558513.3669739,3.4804120176381232,0.10107530597206929,0.0036904376666666654,0.0015397505062058176,0.0006967712498743058,0.0005698034203126336,0.004584685874999997,3.4815308885769025,0.10307334521116374,0.0011188709387792706,0.0019980392390944457,0.0019917641345316896,0.9937663178632635,1.3234458393510368e-07,0.003390352808005778,-0.011484988336819518,-0.011484988336819518,0.14193731127109907,1.0031505259352567,1.315195898663336e-07,3.4813924748117735,0.10150163705704597,0.002796189458333334,-0.0009430906665991575,0.0016670792330066853,0.000753697836478398,-0.0017884964166666626,3.48066818427319,0.10070264707486529,-0.0007242905385833609,-0.000798989982180684,-0.000800009001684396,1.0025584764902582,-1.2962911703623537e-08,-0.0017053721749135972,0.005452438443577729,0.005452438443577729,0.12045918530223104,0.9987262399528424,-1.2996077008462551e-08,3.480705852752417,0.10117427030554425,0.0036904376666666654,0.0013232111266791558,0.0009824315910933476,0.000515080413882014,0.0032930326916666636,3.481229220838541,0.09977989185711521,0.0005233680861240764,-0.0013943784484290456,-0.0013975097976323646,1.0045149991234292,5.549906519338634e-08,-0.0007432996899772691,0.004573332893727158,0.004573332893727158,0.1766741450714918,0.9977593364936517,5.574964342408562e-08]"
/multi_agv/m2b_algorithm_state,1789558513.377102,1789558513.377102,m2b_algorithm_state_v1:header6+3x20,"[1.0,-0.15,0.52,3.482844187535504,0.10125035633018224,1789558513.376965,3.481415863977566,0.10107524272824321,0.0036904376666666654,0.0015402004088911894,0.0006967322710858417,0.0005696286809542036,0.004584685874999997,3.4823992536014203,0.10172425757740097,0.0009833896238542472,0.0006490148491577613,0.0006483459524007392,0.9979437906901515,1.3981758763602587e-08,0.0018775829822185483,-0.005433178216974493,-0.005433178216974493,0.14192239258287428,1.0010316972822078,1.3953009341064811e-08,3.482396338075561,0.1015016776495497,0.002796189458333334,-0.0009435808061156138,0.0016671068393372401,0.000753895935134849,-0.0017884964166666626,3.4816726888475484,0.10070264707486529,-0.0007236492280124907,-0.0007990305746844173,-0.0008000496974863242,1.0025586062471628,-1.2970964561729433e-08,-0.0017046112325019374,0.005449271938792557,0.005449271938792557,0.12044981714394588,0.998726175629953,-1.30041521526888e-08,3.4817097053342185,0.10117421663572135,0.0036904376666666654,0.001323506666343685,0.0009824188711653695,0.0005149589253730254,0.0032930326916666636,3.4822712505663604,0.10029226936935119,0.0005615452321419134,-0.0008819472663701561,-0.0008831951586800831,1.0028392738867788,2.220011294228399e-08,-0.0001812636185026913,0.0023606967618549834,0.0023606967618549834,0.17664500856108153,0.9985870707083677,2.2263145143244556e-08]"
/multi_agv/m2b_algorithm_state,1789558513.3870044,1789558513.3870044,m2b_algorithm_state_v1:header6+3x20,"[1.0,-0.15,0.52,3.4838435695050607,0.10125036096260698,1789558513.3868887,3.482419408529974,0.10107518844037984,0.0036904376666666654,0.001540584666741898,0.0006966958849259788,0.0005694810473387209,0.004584685874999997,3.4833522178766763,0.10128753052061229,0.0009328093467022569,0.00021234208023244994,0.00021227024195494076,0.9993239150433405,1.4975045746517767e-09,0.0013782819253327619,-0.003451619914997435,-0.003451619914997435,0.14190854852569018,1.0003384283960275,1.4964921343363259e-09,3.4833998985730323,0.10150171072795663,0.002796189458333334,-0.000943998197313489,0.0016671331125839295,0.00075406319332319,-0.0017884964166666626,3.482841899681829,0.10207629457941278,-0.0005579988912032263,0.0005745838514561452,0.0005740623103507818,0.9981885850263456,-6.703903062087524e-09,-0.00012343630365325108,-0.0007639394852420417,-0.0007639394852420417,0.12044112331677104,1.0009085095745873,-6.69175951169893e-09,3.4827132555035067,0.10117416982221024,0.0036904376666666654,0.0013237624425841503,0.0009824063215237103,0.0005148545841545749,0.0032930326916666636,3.4833011138800547,0.10079448648683134,0.0005878583765479561,-0.000379683335378897,-0.0003799137385232541,1.001215399770476,4.11383044426255e-09,0.00035490923216169106,0.00023618208650987623,0.00023618208650987623,0.17661797381595334,0.999393538266732,4.118830392840284e-09]"
/multi_agv/m2b_algorithm_state,1789558513.3970258,1789558513.3970258,m2b_algorithm_state_v1:header6+3x20,"[1.0,-0.15,0.52,3.484843954119635,0.10125035906338993,1789558513.3968997,3.483418791723776,0.10107520115711129,0.0036904376666666654,0.0015404930884059683,0.000696702031091067,0.0005695175458148682,0.004584685874999997,3.484480241722275,0.10189207698116186,0.0010614499984988868,0.0008168758240505725,0.0008158175193150207,0.9974169030688604,2.215107902450053e-08,0.002142630017438629,-0.006456339873747323,-0.006456339873747323,0.14190948410400028,1.0012972321756957,2.2093860640250914e-08,3.4843992791959684,0.10150170154764493,0.002796189458333334,-0.0009438977519298153,0.0016671290727225951,0.0007540217551138262,-0.0017884964166666626,3.483857742754377,0.10207629457941278,-0.0005415364415912727,0.0005745930317678505,0.0005740714739679221,0.998188556047876,-6.70340417577011e-09,-0.00010284907802116875,-0.0008370754426655585,-0.0008370754426655585,0.12044171084227058,1.000908524153488,-6.6912613348172685e-09,3.483712637595438,0.10117418018306475,0.0036904376666666654,0.0013237042254234254,0.0009824079437771973,0.0005148789751746674,0.0032930326916666636,3.4842303511718824,0.10122708788895214,0.0005177135764444785,5.290770588739502e-05,5.29032466197094e-05,0.9998314659123739,7.985288181763113e-11,0.0007000452171753075,-0.0011857349750942227,-0.0011857349750942227,0.17661980066826152,1.000084291002359,7.983942388504968e-11]"
/multi_agv/m2b_algorithm_state,1789558513.407048,1789558513.407048,m2b_algorithm_state_v1:header6+3x20,"[1.0,-0.15,0.52,3.4858434865391916,0.10125036263209104,1789558513.4068964,3.4844191755691285,0.10107519781998912,0.0036904376666666654,0.0015405154841227945,0.0006966980672856054,0.0005695098999607431,0.004584685874999997,3.4855436036145866,0.10229272352045568,0.0011244280454580924,0.0012175257004665568,0.001215181805637075,0.9961674860265113,4.919483462507005e-08,0.0026207168624596904,-0.008352925661495007,-0.008352925661495007,0.14190686616096498,1.001928842925897,4.9006294733946005e-08,3.4853996648564496,0.10150170249932138,0.002796189458333334,-0.0009439212482117319,0.0016671322104442332,0.0007540303077943483,-0.0017884964166666626,3.484797252647579,0.10000730451533318,-0.0006024122088708062,-0.001494397983988191,-0.0014979815449826601,1.004823062761528,-4.540873851760676e-08,-0.002250996806071168,0.007673770490477005,0.007673770490477005,0.12044006677762113,0.9976077402245228,-4.562774771339899e-08,3.4847130219333264,0.10117417687085928,0.0036904376666666654,0.0013237210818237638,0.0009824061948411345,0.0005148725782925536,0.0032930326916666636,3.485297556374382,0.10181874394496297,0.0005845344410557729,0.0006445670741036941,0.0006439081756344457,0.9979605179803582,1.1847102189023248e-08,0.0013745762269541618,-0.0038577843786509894,-0.0038577843786509894,0.17661468862569557,1.0010232801728278,1.1822940237123876e-08]"
/multi_agv/m2b_algorithm_state,1789558513.4170437,1789558513.4170437,m2b_algorithm_state_v1:header6+3x20,"[1.0,-0.15,0.52,3.4868408036685836,0.10125038011587763,1789558513.416933,3.485418708955877,0.10107520759626615,0.0036904376666666654,0.001540445010735243,0.0006967028822694842,0.0005695379427326313,0.004584685874999997,3.4864949546656825,0.10107010600807657,0.00107624570980569,-5.101588189573847e-06,-5.101629723970903e-06,1.0000162832419117,8.644384008929518e-13,0.0013402055075331415,-0.0032149026657930166,-0.0032149026657930166,0.1419072684993925,0.9999918586021911,8.644524767525513e-13,3.486399196208317,0.10150169543403491,0.002796189458333334,-0.000943843807009449,0.0016671290073766443,0.0007539984058315824,-0.0017884964166666626,3.4857946320959923,0.10000730451533318,-0.0006045641123249013,-0.001494390918701724,-0.0014979744459614772,1.0048230400321898,-4.54045850137311e-08,-0.0022536795863676035,0.007683318025248796,0.007683318025248796,0.12044031944203364,0.9976077514076329,-4.5623573144897286e-08,3.485712554453381,0.10117418486597209,0.0036904376666666654,0.0013236761139990547,0.0009824074627082348,0.0005148914105837809,0.0032930326916666636,3.4863425237739967,0.10217375911387269,0.0006299693206157642,0.000999574247900606,0.0009979939273432493,0.9968499799659841,2.8482650449102806e-08,0.0017854555781129545,-0.005488247499720975,-0.005488247499720975,0.17661547424181023,1.001583497167727,2.839292952956626e-08]"
/multi_agv/m2b_algorithm_state,1789558513.4270258,1789558513.4270258,m2b_algorithm_state_v1:header6+3x20,"[1.0,-0.15,0.52,3.487843965996951,0.10125035986199162,1789558513.4269104,3.486416031539725,0.10107525012295054,0.0036904376666666654,0.0015401432854125954,0.0006967304648493487,0.0005696543810887715,0.004584685874999997,3.4874227316644633,0.10026192938381864,0.0010067001247384688,-0.0008133207391319008,-0.0008143828501193991,1.0026197996006103,2.1978901185259684e-08,0.0004439923058036869,0.00033356712438645676,0.00033356712438645676,0.14191552245743239,0.9986958087497269,2.203648150180668e-08,3.4873965067519768,0.10150166891713432,0.002796189458333334,-0.0009435155707005665,0.0016671092501789886,0.000753866403770051,-0.0017884964166666626,3.486408073289037,0.10084687295458312,-0.0009884334629397529,-0.0006547959625511912,-0.0006554796190063279,1.0020933232963252,-8.709324286356734e-09,-0.001891021447681019,0.006048063994873254,0.006048063994873254,0.12044550288723145,0.998957013406194,-8.727555717780616e-09,3.4867098727140498,0.10117422130754804,0.0036904376666666654,0.001323476288852619,0.0009824167656090179,0.0005149731879979368,0.0032930326916666636,3.487340048096652,0.10175585602603564,0.0006301753826023493,0.0005816347184876003,0.0005810979469667346,0.9981583274601887,9.645298542297453e-09,0.0013688171752196713,-0.0038080320144849677,-0.0038080320144849677,0.17663159221374727,1.0009237195272631,9.627535060833821e-09]"
/multi_agv/m2b_algorithm_state,1789558513.4370039,1789558513.4370039,m2b_algorithm_state_v1:header6+3x20,"[1.0,-0.15,0.52,3.4888425250367434,0.1012503695693921,1789558513.4369102,3.487419187544382,0.10107520121756394,0.0036904376666666654,0.0015404897008325872,0.0006966983939160614,0.0005695209060394275,0.004584685874999997,3.4879508938199058,0.1004701215776953,0.0005317062755239021,-0.0006050796398686387,-0.0006056665739529816,1.0019444511148354,1.216585808805366e-08,5.8966270451896044e-05,0.001603356561633193,0.001603356561633193,0.1419030597792256,0.9990309287162534,1.2189514004375905e-08,3.4883996767500594,0.1015016990420543,0.002796189458333334,-0.0009438918521657794,0.0016671322593242444,0.0007540175401880428,-0.0017884964166666626,3.4874136545709162,0.10084687295458312,-0.00098602217914312,-0.0006548260874711803,-0.0006555098067102927,1.0020934194654985,-8.713598322644616e-09,-0.0018880375306391927,0.0060371322107575865,0.0060371322107575865,0.12043767633069047,0.9989569656592268,-8.731839538987775e-09,3.4877130336964126,0.10117417932635663,0.0036904376666666654,0.0013237059646124066,0.0009824058055896813,0.0005148793334682693,0.0032930326916666636,3.4877849947277038,0.10136272217890341,7.196103129114562e-05,0.00018854285254678305,0.0001884862806812253,0.9994003321713162,1.0139858781958306e-09,0.0002784375697951573,0.00024969639010509535,0.00024969639010509535,0.1766072561136545,1.0003001378421459,1.0133778234859369e-09]"
/multi_agv/m2b_algorithm_state,1789558513.4470353,1789558513.4470353,m2b_algorithm_state_v1:header6+3x20,"[1.0,-0.15,0.52,3.4898431992959797,0.10125036552453752,1789558513.446913,3.4884177495364552,0.1010752254515118,0.0036904376666666654,0.001540317107247419,0.0006967132635580236,0.0005695879837627426,0.004584685874999997,3.489026704826656,0.1012684271745459,0.0006089552902008855,0.00019320172303409489,0.00019314224339001698,0.9993847236276839,1.2395053026015394e-09,0.0009543363561411238,-0.0019368935329054206,-0.0019368935329054206,0.14190691170482045,1.0003079577156915,1.2387426642754882e-09,3.48939823228166,0.10150168337569371,0.002796189458333334,-0.0009437036115259147,0.001667121734748811,0.0007539414189048632,-0.0017884964166666626,3.4885475346655457,0.10156557851999459,-0.0008506976161144486,6.389514430088505e-05,6.388866991460195e-05,0.9997973924499978,-8.290445253189584e-11,-0.0009994833502284589,0.0025765037993050717,0.0025765037993050717,0.12044009538393292,1.0001013385674133,-8.288765546388407e-11,3.488711593292116,0.10117419988097075,0.0036904376666666654,0.0013235925989944675,0.0009824106148041524,0.0005149259714751758,0.0032930326916666636,3.4889264265988955,0.10262818887800068,0.00021483330677929402,0.0014539889970299341,0.0014506567123614392,0.9954416116754722,6.024231390925514e-08,0.0017191983458355567,-0.005468034738380451,-0.005468034738380451,0.1766147776004943,1.0022970869952206,5.996770604888865e-08]"
/multi_agv/m2b_algorithm_state,1789558513.4569995,1789558513.4569995,m2b_algorithm_state_v1:header6+3x20,"[1.0,-0.15,0.52,3.490842747425013,0.10125036876659084,1789558513.4568577,3.489418422507827,0.10107521603076222,0.0036904376666666654,0.0015403833932747918,0.0006967066677806774,0.0005695626823040614,0.004584685874999997,3.4900410123300207,0.1012684271745459,0.0006225898221936532,0.0001932111437836781,0.00019315165833551752,0.9993846936133861,1.2396795766239546e-09,0.000971388936077584,-0.001997409739189697,-0.001997409739189697,0.14190326741636877,1.0003079727540172,1.2389167938631031e-09,3.4903989081344102,0.10150168884774947,0.002796189458333334,-0.0009437752144969393,0.0016671265152914394,0.0007539699696358787,-0.0017884964166666626,3.4895648184454036,0.10156557851999459,-0.0008340896890066674,6.388967224511821e-05,6.388319896794803e-05,0.9997974098039901,-8.289654056318341e-11,-0.0009787289122903861,0.0025027397242304407,0.0025027397242304407,0.1204378067175011,1.0001013298844572,-8.287974653678217e-11,3.489712267245702,0.10117419169510085,0.0036904376666666654,0.0013236369583809623,0.0009824082362416726,0.0005149079806378238,0.0032930326916666636,3.490017941578731,0.1033181364086107,0.0003056743330289713,0.002143944713509857,0.0021367373834458394,0.9933312725048823,1.3091819105665474e-07,0.0025188302997320535,-0.008656467287478464,-0.008656467287478464,0.17660766148863385,1.0033730537593697,1.3004513331634415e-07]"
/multi_agv/m2b_algorithm_state,1789558513.467039,1789558513.467039,m2b_algorithm_state_v1:header6+3x20,"[1.0,-0.15,0.52,3.491842773191457,0.10125036886652185,1789558513.4668968,3.4904179716211625,0.1010752242987293,0.0036904376666666654,0.0015403242465198788,0.0006967115710520666,0.0005695857695333286,0.004584685874999997,3.49118846125065,0.09959193735047603,0.0007704896294873365,-0.001483286948253268,-0.001486837451794731,1.0048140929512381,7.31445431694047e-08,-0.0005237254149355604,0.004053854225716455,0.004053854225716455,0.14190361404122176,0.9976120432417295,7.349666779909807e-08,3.4913984551096924,0.10150168333037042,0.002796189458333334,-0.0009437104371938128,0.0016671230540383775,0.0007539436913387015,-0.0017884964166666626,3.490533744728535,0.10039072567766602,-0.0008647103811574297,-0.0011109576527044002,-0.0011129324340547104,1.0035700251224904,-2.5083752709472214e-08,-0.0021938204105014973,0.007311721873809187,0.007311721873809187,0.12043802441590999,0.9982256053558295,-2.5173302336811366e-08,3.490711815544184,0.10117419867067284,0.0036904376666666654,0.0013235982435360187,0.000982409751571778,0.0005149239737946053,0.0032930326916666636,3.4910169646957594,0.1008494594508764,0.00030514915157553446,-0.0003247392197964494,-0.0003249076943851933,1.0010388719098398,3.0088619457089916e-09,5.652874508422476e-05,0.0012691308695407645,0.0012691308695407645,0.17660833836119225,0.9994814693783639,3.0119877678649743e-09]"
/multi_agv/m2b_algorithm_state,1789558513.4770014,1789558513.4770014,m2b_algorithm_state_v1:header6+3x20,"[1.0,-0.15,0.52,3.4928429273401154,0.10125036814509052,1789558513.4769158,3.491417997419447,0.1010752247703304,0.0036904376666666654,0.0015403205377789056,0.0006967116556618079,0.0005695873331070854,0.004584685874999997,3.492154060187068,0.09962135118703866,0.0007360627676211706,-0.0014538735832917427,-0.001457283915235366,1.0047170662312828,7.027084938928717e-08,-0.0005372054557089027,0.00408854653149726,0.00408854653149726,0.141902268008978,0.9976598026589263,7.060232163998494e-08,3.4923984808584323,0.1015016828021495,0.002796189458333334,-0.0009437060260448493,0.001667123000925752,0.0007539418068829157,-0.0017884964166666626,3.4915339174503166,0.10039072567766602,-0.0008645634081156928,-0.0011109571244834748,-0.001112931903962114,1.0035700234291536,-2.508361166043414e-08,-0.00219363616410673,0.00731107457601993,0.00731107457601993,0.12043717908347101,0.9982256061924284,-2.517316074174968e-08,3.491711841296492,0.10117419902708567,0.0036904376666666654,0.0013235959578538521,0.0009824096873595868,0.0005149249979460794,0.0032930326916666636,3.49181408076666,0.0986042219083813,0.00010223947016774204,-0.002569977118704367,-0.0025807089651100627,1.008432453154206,1.887332575035292e-07,-0.002452909627400385,0.01109714916865144,0.01109714916865144,0.1766057100742599,0.9958415123321593,1.903247418560684e-07]"
/multi_agv/m2b_algorithm_state,1789558513.4873464,1789558513.4873464,m2b_algorithm_state_v1:header6+3x20,"[1.0,-0.15,0.52,3.4938392876716944,0.10125039147835573,1789558513.4872801,3.492418151343093,0.10107522326245016,0.0036904376666666654,0.0015403308486585678,0.000696710435500591,0.0005695834984321968,0.004584685874999997,3.493224363911219,0.10038905928216224,0.0008062125681260746,-0.0006861639802879238,-0.0006869192214208896,1.002207040590378,1.56441872319652e-08,0.0003208464887367036,0.0007121938646466919,0.0007121938646466919,0.14190046703914772,0.9989005386522689,1.5678714588189624e-08,3.4933986353009687,0.10150168349085592,0.002796189458333334,-0.0009437168435453116,0.001667123882559629,0.0007539460372962548,-0.0017884964166666626,3.492871410636693,0.10104406866246325,-0.0005272246642755718,-0.000457614828392669,-0.00045794823794480786,1.0014596856919273,-4.254085358018174e-09,-0.0011169790682892726,0.0032207603801883552,0.0032207603801883552,0.1204360480411872,0.9992719492630102,-4.260294985547511e-09,3.492711995376285,0.10117419768196542,0.0036904376666666654,0.0013236029797649954,0.0009824091763987585,0.0005149222199992282,0.0032930326916666636,3.4930100823356183,0.10079883059890644,0.0002980869593334212,-0.0003753670830589778,-0.00037559227009192713,1.0012015238981753,4.020332829616583e-09,-2.9835709251506025e-06,0.0015028889713146825,0.0015028889713146825,0.17660219349615255,0.9994004481697821,4.025163355589986e-09]"
/multi_agv/m2b_algorithm_state,1789558513.4971082,1789558513.4971082,m2b_algorithm_state_v1:header6+3x20,"[1.0,-0.15,0.52,3.4948410565578425,0.10125037975007352,1789558513.497,3.4934145190912207,0.10107527908695971,0.0036904376666666654,0.001539935670038239,0.0006967479748319681,0.0005697352659279811,0.004584685874999997,3.4946384310810594,0.10019118558357376,0.001223911989838733,-0.0008840935033859465,-0.0008853491697085108,1.0028500430724059,2.5968160980542822e-08,0.0006445408175899054,-0.00034426683218538546,-0.00034426683218538546,0.14191211131545414,0.9985817275652072,2.6042171357848538e-08,3.494394986591663,0.1015016494953662,0.002796189458333334,-0.000943287525421178,0.0016670967599048403,0.0007537740510314694,-0.0017884964166666626,3.493881711983547,0.10104406866246325,-0.00051327460811601,-0.00045758083290295404,-0.0004579141929876615,1.0014595773626307,-4.2515188924014456e-09,-0.001099507453132674,0.003159251242655603,0.003159251242655603,0.1204433607363846,0.9992720031617005,-4.257724313133591e-09,3.4937083573322,0.10117424585274123,0.0036904376666666654,0.0013233397625578304,0.0009824221341948386,0.00051502957428205,0.0032930326916666636,3.494552518306215,0.1027497137083554,0.0008441609740148515,0.00157546785561416,0.0015715590978262653,0.9950676050132164,7.070934181204074e-08,0.00262676031534483,-0.008765679872902802,-0.008765679872902802,0.17662493098953513,1.002487184728402,7.036057540896827e-08]"
/multi_agv/m2b_algorithm_state,1789558513.5074277,1789558513.5074277,m2b_algorithm_state_v1:header6+3x20,"[1.0,-0.15,0.52,3.4958426821182074,0.10125036932196145,1789558513.5072396,3.4944162845245637,0.10107524937904018,0.0036904376666666654,0.0015401474161169733,0.0006967305185485266,0.0005696525626658702,0.004584685874999997,3.4956160099135114,0.09979982757412913,0.0011997253889477477,-0.0012754218049110533,-0.0012780428043409748,1.0041297642639675,5.406649947464813e-08,0.0002216139318437099,0.0013285409525013142,0.0013285409525013142,0.14190458734903255,0.997949208413819,5.4289781372056355e-08,3.4953967595394775,0.10150166900851158,0.002796189458333334,-0.0009435183685253291,0.0016671089449049603,0.0007538677753141793,-0.0017884964166666626,3.4948446318866186,0.1011006249272191,-0.0005521276528588359,-0.0004010440812924898,-0.0004013000437191759,1.0012784176546137,-3.266494430070438e-09,-0.0010914596097927208,0.0031059025670753587,0.0031059025670753587,0.12043863565361548,0.9993621669603774,-3.2706703742185376e-09,3.4947101256094864,0.1011742208626688,0.0036904376666666654,0.0013234778350852332,0.0009824166040571123,0.0005149726017948456,0.0032930326916666636,3.495374014413157,0.10055682422937552,0.0006638888036705204,-0.0006173966332932851,-0.000618006947026484,1.0019816633779846,1.0877019568976027e-08,0.00021185405756166651,0.0008503185330562992,0.0008503185330562992,0.17661023885695076,0.9990124484261296,1.0898574160317488e-08]"
/multi_agv/m2b_algorithm_state,1789558513.5174775,1789558513.5174775,m2b_algorithm_state_v1:header6+3x20,"[1.0,-0.15,0.52,3.496842504889548,0.10125037070689084,1789558513.517349,3.495417906876752,0.1010752238895492,0.0036904376666666654,0.0015403282592008137,0.0006967142571763672,0.0005695826330301908,0.004584685874999997,3.496517429250705,0.09893713782630167,0.0010995223739529436,-0.0021380860632475296,-0.0021454996961118326,1.006990618071922,1.5204534842343145e-07,-0.0007710967286706531,0.005211909067890186,0.005211909067890186,0.14189757205878709,0.9965445658753818,1.5310823938387196e-07,3.4963983889613535,0.10150168498319745,0.002796189458333334,-0.0009437150030756482,0.001667120529438737,0.000753946983708037,-0.0017884964166666626,3.495849857404359,0.1011006249272191,-0.0005485315569946358,-0.0004010600559783556,-0.0004013160387723907,1.0012784685328129,-3.2674352694612104e-09,-0.0010869804850156856,0.0030898345776387537,0.0030898345776387537,0.12043422991635061,0.9993621416307753,-3.2716125826362196e-09,3.495711750516516,0.10117419909313766,0.0036904376666666654,0.0013235972383231899,0.0009824111476530286,0.0005149236833504435,0.0032930326916666636,3.4961926090116235,0.09855990736212288,0.00048085849510748346,-0.002614291731014781,-0.002625400574123437,1.008582126601715,1.9530393620670226e-07,-0.002024327455239083,0.00960824171500702,0.00960824171500702,0.17659654085475351,0.9957687054622647,1.9698005931304144e-07]"
/multi_agv/m2b_algorithm_state,1789558513.5273256,1789558513.5273256,m2b_algorithm_state_v1:header6+3x20,"[1.0,-0.15,0.52,3.497837890635225,0.10125040011752902,1789558513.5271838,3.496417730061659,0.10107522747253765,0.0036904376666666654,0.0015403025808599538,0.0006967163136391895,0.000569592693856702,0.004584685874999997,3.4973081775780344,0.09915213391130584,0.0008904475163755698,-0.0019230935612318117,-0.0019290815197843608,1.0062724984943774,1.229856245318229e-07,-0.0008160221243148985,0.0052769847579191235,0.0052769847579191235,0.14189694545225165,0.9968959535970163,1.2375705167652883e-07,3.497398211251271,0.10150168255370412,0.002796189458333334,-0.0009436868704358592,0.0016671190851695883,0.0007539355404398429,-0.0017884964166666626,3.4965678720606763,0.10176390516274811,-0.000830339190594831,0.0002622226090439883,0.00026211372843677603,0.9991703810722031,-1.3960921997533231e-09,-0.0007758102598067627,0.001694887597929975,0.001694887597929975,0.12043383638904039,1.0004153945230632,-1.3949339752394581e-09,3.496711573355714,0.10117420209443075,0.0036904376666666654,0.0013235805345537797,0.0009824117708448826,0.0005149305996210822,0.0032930326916666636,3.4971090745772857,0.10075821725304376,0.00039750122157178325,-0.0004159848413869821,-0.00041626148409419135,1.0013321508626878,4.937527615153169e-09,8.061504287053771e-05,0.001224759871595447,0.001224759871595447,0.17659531737805223,0.9993354112312092,4.94410514682524e-09]"
/multi_agv/m2b_algorithm_state,1789558513.5373015,1789558513.5373015,m2b_algorithm_state_v1:header6+3x20,"[1.0,-0.15,0.52,3.498837853868086,0.10125039962959419,1789558513.5371368,3.497413125151329,0.10107529765967573,0.0036904376666666654,0.0015398060265795085,0.0006967636791798343,0.0005697832924052375,0.004584685874999997,3.49829871220989,0.09908758332582487,0.0008855870585606773,-0.0019877143338508513,-0.0019941145808811287,1.006487979415186,1.3135299238150207e-07,-0.0008871307576802821,0.005555130274864862,0.005555130274864862,0.1419120432937213,0.9967904316574178,1.3220520789219634e-07,3.4983935855895028,0.10150164000178862,0.002796189458333334,-0.0009431477525126781,0.0016670848628312918,0.0007537196527787893,-0.0017884964166666626,3.497583041505853,0.10176390516274811,-0.0008105440836496669,0.00026226516095949337,0.0002621562449846312,0.9991702463686062,-1.3957477341579845e-09,-0.0007510238595774524,0.0016073349109356951,0.0016073349109356951,0.12044331801988169,1.0004154620648786,-1.3945896074070572e-09,3.497706961164845,0.10117426269112272,0.0036904376666666654,0.0013232496882830606,0.0009824281982482082,0.0005150654637214543,0.0032930326916666636,3.498263981998092,0.10241762110904844,0.000557020833246824,0.0012433584179257218,0.001240917768798788,0.9960925930841443,4.404799406652089e-08,0.0019371938103573182,-0.006145575314190119,-0.006145575314190119,0.17662479815710835,1.0019668097180172,4.38758806298758e-08]"
/multi_agv/m2b_algorithm_state,1789558513.5473511,1789558513.5473511,m2b_algorithm_state_v1:header6+3x20,"[1.0,-0.15,0.52,3.4998379324072997,0.1012503984420501,1789558513.5471542,3.4984130885698264,0.10107529409163435,0.0036904376666666654,0.001539833637849757,0.000696764768665136,0.000569770757388352,0.004584685874999997,3.4993137572524,0.09961290166025379,0.0009006686825734356,-0.001462392431380563,-0.0014658430637439087,1.0047451566377816,7.107466627731835e-08,-0.0003400072105271142,0.0033954190653159334,0.0033954190653159334,0.14191091873525857,0.9976459742187322,7.141192670178228e-08,3.4993935483807,0.10150164430734625,0.002796189458333334,-0.0009431793380715479,0.0016670835378413962,0.0007537340332561815,-0.0017884964166666626,3.4986086297968466,0.10183291488439844,-0.0007849185838533224,0.0003312705770521923,0.00033109689739793517,0.9989527496738732,-2.2268185090728084e-09,-0.0006500513324187178,0.0012179694124641273,0.0012179694124641273,0.12044261178835823,1.0005245583864484,-2.224486472662957e-09,3.498706924653732,0.10117426048980196,0.0036904376666666654,0.0013232641142259115,0.0009824293350267025,0.0005150586193610838,0.0032930326916666636,3.4991600987456764,0.10094360942480651,0.00045317409194423064,-0.00023065106499545185,-0.00023073599610367928,1.0007370883753859,1.517418700251528e-09,0.000335731618826609,0.00023610852082627258,0.00023610852082627258,0.17662260213866807,0.9996319121868212,1.5185371719360764e-09]"
/multi_agv/m2b_algorithm_state,1789558513.5572298,1789558513.5572298,m2b_algorithm_state_v1:header6+3x20,"[1.0,-0.15,0.52,3.5008376892333666,0.10125039935397763,1789558513.5571055,3.499413167025472,0.10107528904343832,0.0036904376666666654,0.001539871612810548,0.0006967645264157162,0.0005697544228405626,0.004584685874999997,3.5004209177908456,0.09998627151327105,0.0010077507653738493,-0.0010890175301672689,-0.0010909257068056248,1.0035187853209784,3.940554724840736e-08,0.00016876274991168682,0.0014314000342940988,0.0014314000342940988,0.141909385519568,0.9982508647230036,3.954420690963018e-08,3.500393626822996,0.10150164936308573,0.002796189458333334,-0.0009432221986908507,0.0016670832470877528,0.0007537527631068797,-0.0017884964166666626,3.4996267774794365,0.10183291488439844,-0.000766849343559528,0.0003312655213127125,0.00033109184696496354,0.998952765668362,-2.226851685743381e-09,-0.0006274698324844465,0.0011376709409156942,0.0011376709409156942,0.1204416489387405,1.0005245503606959,-2.2245196502066045e-09,3.4997070033734325,0.10117425691962625,0.0036904376666666654,0.0013232858824670404,0.0009824299664801918,0.0005150488552479351,0.0032930326916666636,3.500045830686486,0.09963114775070765,0.000338827313053347,-0.0015431091689186022,-0.0015469484551119846,1.0050049778768986,6.798072063782263e-08,-0.0011234143137953008,0.005980199241053936,0.005980199241053936,0.1766196082085488,0.9975181550615372,6.832096264067056e-08]"
/multi_agv/m2b_algorithm_state,1789558513.567299,1789558513.567299,m2b_algorithm_state_v1:header6+3x20,"[1.0,-0.15,0.52,3.5018375645681226,0.10125039949878427,1789558513.567106,3.5004129243840594,0.10107528923155831,0.0036904376666666654,0.0015398723928440462,0.0006967674354226181,0.000569752571626758,0.004584685874999997,3.5013962597835855,0.09970716216838924,0.0009833353995261085,-0.0013681270631690778,-0.0013711450356721402,1.004434570991938,6.220468549452763e-08,-0.0001419757862645046,0.002654289173862311,0.002654289173862311,0.14190899252714217,0.9977989399920899,6.248053658838429e-08,3.5013933828197383,0.1015016510621842,0.002796189458333334,-0.0009432246610305206,0.001667080759114814,0.0007537551246196983,-0.0017884964166666626,3.5006500852631466,0.10207517859838755,-0.0007432975565917488,0.0005735275362033498,0.0005730079063545215,0.9981918919162285,-6.673810468210105e-09,-0.00035611403938516444,6.498074601983496e-05,6.498074601983496e-05,0.12044140214976949,1.0009068458621002,-6.661743497552975e-09,3.5007067604963025,0.10117425776819039,0.0036904376666666654,0.001323283352398709,0.0009824316338990615,0.0005150490846356011,0.0032930326916666636,3.5011736660149078,0.10042025672022532,0.0004669055186052873,-0.0007540010479650666,-0.0007549122531103649,1.002423864191413,1.622192192406156e-08,-0.00017128035485375575,0.0022681571835873014,0.0022681571835873014,0.17661884081716142,0.9987929654850032,1.626124165972919e-08]"
/multi_agv/m2b_algorithm_state,1789558513.5772207,1789558513.5772207,m2b_algorithm_state_v1:header6+3x20,"[1.0,-0.15,0.52,3.502837403490915,0.10125039988515534,1789558513.5770967,3.5014127999852827,0.10107528763353417,0.0036904376666666654,0.0015398858263271664,0.0006967690296201029,0.0005697459195638491,0.004584685874999997,3.5023722257005088,0.09930006256644014,0.0009594257152261143,-0.00177522506709403,-0.0017803219067671165,1.00578056705078,1.0476105254760479e-07,-0.0005810397627344737,0.004383554126791268,0.004383554126791268,0.14190817953422744,0.9971371246662117,1.0536663083616651e-07,3.5023932576536954,0.1015016538203846,0.002796189458333334,-0.0009432409453070324,0.0016670792567174963,0.0007537629648010219,-0.0017884964166666626,3.501670629530292,0.10207517859838755,-0.0007226281234031795,0.0005735247780029457,0.0005730051531607103,0.9981919006228244,-6.673861424865077e-09,-0.0003302800010932641,-2.69300392698352e-05,-2.69300392698352e-05,0.12044089157908613,1.000906841481912,-6.661794420179422e-09,3.5017066360653906,0.10117425704243402,0.0036904376666666654,0.0013232894172220985,0.0009824328432291194,0.0005150458267514013,0.0032930326916666636,3.502290259907431,0.10167584732072342,0.0005836238420404705,0.0005015902782894016,0.0005011908398545804,0.9984103338581385,7.1726007522151575e-09,0.0012307206424051684,-0.003279593383219388,-0.003279593383219388,0.17661725323830976,1.0007969787215927,7.161198711650271e-09]"
/multi_agv/m2b_algorithm_state,1789558513.5874221,1789558513.5874221,m2b_algorithm_state_v1:header6+3x20,"[1.0,-0.15,0.52,3.5038408845395654,0.10125037704046295,1789558513.5872498,3.502412639221272,0.10107528671611761,0.0036904376666666654,0.0015398943992259444,0.0006967708896490341,0.0005697412360899932,0.004584685874999997,3.5033653554162543,0.09930006256644014,0.0009527161949822727,-0.0017752241496774707,-0.0017803209841101447,1.0057805640747162,1.0476152787618495e-07,-0.0005894257403823038,0.004413142322862036,0.004413142322862036,0.14190749559277305,0.9971371261260388,1.053671086006384e-07,3.5033930960278536,0.10150165608780282,0.002796189458333334,-0.0009432519888286231,0.0016670776108158591,0.0007537686079424066,-0.0017884964166666626,3.502699551267941,0.10212649098700927,-0.0006935447599127897,0.0006248348992064501,0.0006242183793185361,0.998031290646698,-7.921229217480696e-09,-0.00024271257057245112,-0.0003614529938262578,-0.0003614529938262578,0.1204404620641263,1.000987666990176,-7.905634619430592e-09,3.5027064752236194,0.10117425685154562,0.0036904376666666654,0.0013232924983099304,0.0009824341229402126,0.0005150438255898514,0.0032930326916666636,3.50330715055924,0.10167584732072342,0.0006006753356206929,0.0005015904691778039,0.0005011910304385008,0.9984103332524972,7.172622917200903e-09,0.001252035199964367,-0.003355391158380945,-0.003355391158380945,0.17661591772259863,1.0007969790260485,7.161220837057052e-09]"
/multi_agv/m2b_algorithm_state,1789558513.5974329,1789558513.5974329,m2b_algorithm_state_v1:header6+3x20,"[1.0,-0.15,0.52,3.504841278524685,0.1012503746369941,1789558513.5972898,3.503416113172705,0.10107523055201571,0.0036904376666666654,0.0015402936387851097,0.0006967351854228806,0.0005695867538291848,0.004584685874999997,3.504386799451393,0.0999786142871219,0.0009706862786877934,-0.00109661626489381,-0.0010985512758080608,1.0035436446659571,3.996854746405213e-08,0.00011480657255168105,0.001626025490164338,0.001626025490164338,0.1418939049874438,0.9982385793391142,4.0110181794079175e-08,3.504396585590975,0.10150169168158142,0.002796189458333334,-0.0009436870921168995,0.0016671031542290216,0.0007539439233553991,-0.0017884964166666626,3.5036571013601647,0.10287495633946343,-0.0007394842308103833,0.0013732646578820118,0.0013703035244985193,0.9957099438555461,-3.8259272095058676e-08,0.0004459482359855402,-0.0031549918837026195,-0.0031549918837026195,0.12043192686768947,1.0021609324726624,-3.8095137669724935e-08,3.503709954855016,0.10117420888779173,0.0036904376666666654,0.001323556219397191,0.0009824223205942015,0.0005149356518957451,0.0032930326916666636,3.5041146838217965,0.10006117216255656,0.0004047289667803433,-0.0011130367252351753,-0.001115027710737167,1.003592592051821,3.5365011635785166e-08,-0.0006091165022617379,0.003976350322454286,0.003976350322454286,0.17658938081156364,0.9982144071552487,3.549206369550044e-08]"
/multi_agv/m2b_algorithm_state,1789558513.607358,1789558513.607358,m2b_algorithm_state_v1:header6+3x20,"[1.0,-0.15,0.52,3.5058378579369474,0.10125039648400275,1789558513.6072013,3.504416506263378,0.10107522515393219,0.0036904376666666654,0.0015403318046814615,0.0006967308266307088,0.0005695724777152215,0.004584685874999997,3.505409422052016,0.1002010802616132,0.00099291578863836,-0.0008741448923189898,-0.0008753723666761298,1.0028176572770726,2.5393378763247802e-08,0.0003657723691218201,0.0006381320385636902,0.0006381320385636902,0.141891254436636,0.9985977688994219,2.5464928601709528e-08,3.505396980695611,0.1015016947382741,0.002796189458333334,-0.0009437289120355604,0.0016671065127784601,0.0007539603038399928,-0.0017884964166666626,3.504635729986287,0.1019467896560404,-0.0007612507093242016,0.0004450949177663005,0.0004447816516174027,0.9985947374323431,-4.022001648975577e-09,-0.0005067817350378493,0.0006575933759370438,0.0006575933759370438,0.12043026220260906,1.000704314460272,-4.0163496806112165e-09,3.504710348615066,0.10117420401877601,0.0036904376666666654,0.0013235826891016124,0.0009824207705418486,0.0005149249845813756,0.0032930326916666636,3.505103278435629,0.10027882673286909,0.00039292982056293724,-0.0008953772859069259,-0.0008966636031898517,1.0028829474638368,2.288289997369469e-08,-0.00040550132748618016,0.003160248846801608,0.003160248846801608,0.1765842056334828,0.9985654405081796,2.2948870172139082e-08]"
/multi_agv/m2b_algorithm_state,1789558513.6174088,1789558513.6174088,m2b_algorithm_state_v1:header6+3x20,"[1.0,-0.15,0.52,3.506840028732213,0.10125038213210724,1789558513.6172433,3.5054130924709197,0.10107527769548573,0.0036904376666666654,0.0015399600179983471,0.0006967654539896447,0.0005697156204344243,0.004584685874999997,3.506415392241537,0.10020347733577983,0.0010022997706173875,-0.000871800359705896,-0.0008730212360560545,1.002810023681085,2.5251203859307127e-08,0.00037985347721567993,0.0005868681890071674,0.0005868681890071674,0.14190212078385017,0.9986015502261161,2.5322160340127686e-08,3.506393551847423,0.10150166260853796,0.002796189458333334,-0.0009433256026661167,0.0016670817314272668,0.0007537983736056325,-0.0017884964166666626,3.5056495291316088,0.1019467896560404,-0.0007440227158141965,0.00044512704750243604,0.00044481373606444297,0.9985946358916739,-4.020863755696124e-09,-0.0004852146587033027,0.0005812993475135409,0.0005812993475135409,0.12043708662880064,1.0007043654738839,-4.015212978089399e-09,3.505706929492499,0.10117424914798456,0.0036904376666666654,0.001323336121768276,0.0009824327174075224,0.0005150256476356297,0.0032930326916666636,3.5061803640600964,0.10113657410800159,0.0004734345675974083,-3.7675039982976166e-05,-3.767730269909356e-05,1.0001201346178248,4.0482461339018666e-11,0.0005541159067976669,-0.0006265607477314774,-0.0006265607477314774,0.17660542261406828,0.9999399448486144,4.048732468404024e-11]"
/multi_agv/m2b_algorithm_state,1789558513.6273797,1789558513.6273797,m2b_algorithm_state_v1:header6+3x20,"[1.0,-0.15,0.52,3.507842812098405,0.1012503643335323,1789558513.6272442,3.506415258819617,0.10107524211429703,0.0036904376666666654,0.0015402133282980224,0.0006967431798340581,0.0005696174068153005,0.004584685874999997,3.507362735464316,0.09966402280782156,0.0009474766446992966,-0.0014112193064754613,-0.0014144314335181479,1.0045764733455216,6.620154875137385e-08,-0.00023008562764402713,0.002984969587831992,0.002984969587831992,0.141893173774207,0.9977290330470833,6.650451837466676e-08,3.5073957279515624,0.10150168543798314,0.002796189458333334,-0.0009436020457259699,0.0016670976580486219,0.0007539099176277347,-0.0017884964166666626,3.5067631078936654,0.10337141502843587,-0.0006326200578969932,0.001869729590452729,0.0018642610837530187,0.9941920582147925,-7.089063031374486e-08,0.0010734860113817773,-0.0056254965107351285,-0.0056254965107351285,0.12043146762214552,1.0029333373674794,-7.047890165976596e-08,3.5067090994254593,0.10117421884404153,0.0036904376666666654,0.0013235031008961783,0.0009824254700630426,0.000514957038480974,0.0032930326916666636,3.50728284868782,0.1011049055504708,0.0005737492623607565,-6.931329357072469e-05,-6.932095411665749e-05,1.0002210990693896,1.3704305712404093e-10,0.0006478656238342881,-0.0009446702520031379,-0.0009446702520031379,0.17658795307887226,0.9998894916258666,1.3707335721643736e-10]"
/multi_agv/m2b_algorithm_state,1789558513.6373851,1789558513.6373851,m2b_algorithm_state_v1:header6+3x20,"[1.0,-0.15,0.52,3.5088383100027207,0.10125039333437508,1789558513.63725,3.5074180364529592,0.1010751996568492,0.0036904376666666654,0.0015405139505962231,0.0006967143079195104,0.0005695021172147427,0.004584685874999997,3.508335381997758,0.09967589857694716,0.000917345544798831,-0.0013993010799020489,-0.0014024588992629337,1.0045372164423567,6.51002734350016e-08,-0.00025577696826439497,0.0030707385856714453,0.0030707385856714453,0.14189547205262912,0.9977483694085121,6.53956474660328e-08,3.5083985183169877,0.10150171123482452,0.002796189458333334,-0.0009439289657980927,0.0016671186557468687,0.0007540407038766905,-0.0017884964166666626,3.5078052207782675,0.10273823786699604,-0.0005932975387201722,0.0012365266321715251,0.001234123336083094,0.996131075608485,-3.1030554425062784e-08,0.0004925014126828788,-0.0032584369777061777,-0.0032584369777061777,0.12043292174359724,1.0019473710756162,-3.091049955616543e-08,3.5077118815252692,0.10117418210892314,0.0036904376666666654,0.001323703837379744,0.0009824155124984468,0.0005148752065578005,0.0032930326916666636,3.5082870381627234,0.1010664359012115,0.0005751566374541106,-0.00010774620771163146,-0.00010776472413023964,1.0003438442485013,3.3121164336688447e-10,0.0006111810726873987,-0.0007966904113560786,-0.0007966904113560786,0.17659247505745296,0.9998281773673376,3.3132552858549285e-10]"
/multi_agv/m2b_algorithm_state,1789558513.6474924,1789558513.6474924,m2b_algorithm_state_v1:header6+3x20,"[1.0,-0.15,0.52,3.509842362873272,0.10125036704305308,1789558513.647396,3.5084135432966423,0.10107527018733549,0.0036904376666666654,0.0015400139771438535,0.000696759752861986,0.0005696951968195722,0.004584685874999997,3.509353552094267,0.09988267304122841,0.0009400087976247917,-0.0011925971461070745,-0.0011948873574595192,1.0038579744085847,4.726568898341528e-08,-1.9876360428529522e-05,0.0021448324728693294,0.0021448324728693294,0.14189675483178754,0.998083324475611,4.744803880191742e-08,3.5093940054267856,0.10150166737544004,0.002796189458333334,-0.0009433858416941195,0.0016670862721941404,0.0007538221231949138,-0.0017884964166666626,3.508720032539614,0.10115783744024812,-0.0006739728871716366,-0.0003438299351919277,-0.00034401799296643917,1.0010953235223965,-2.4005283667752717e-09,-0.001186484101930985,0.0034180625230075404,0.0034180625230075404,0.12043371665731264,0.9994533490155856,-2.4031577219615806e-09,3.5087073812847347,0.10117424244034968,0.0036904376666666654,0.0013233733335038986,0.0009824309184444328,0.0005150104535482894,0.0032930326916666636,3.509277492487081,0.10081748443397717,0.0005701112023461796,-0.0003567580063725123,-0.0003569613905470983,1.0011417162685399,3.630914516996017e-09,0.00035567761238562625,0.00022267408575846756,0.00022267408575846756,0.17659494513731763,0.9994302348097809,3.635059991169749e-09]"
/multi_agv/m2b_algorithm_state,1789558513.6572459,1789558513.6572459,m2b_algorithm_state_v1:header6+3x20,"[1.0,-0.15,0.52,3.510840773906716,0.10125037754974686,1789558513.657066,3.5094175878938056,0.1010752064552871,0.0036904376666666654,0.0015404660372829336,0.0006967180367141159,0.0005695209461182154,0.004584685874999997,3.5104209439084935,0.10045116092255824,0.0010033560146878173,-0.0006240455327288646,-0.0006246699270213841,1.002005828748652,1.2940445838093881e-08,0.0006295250913383875,-0.00040912656689728226,-0.00040912656689728226,0.14189638822742168,0.9990004412482336,1.2966402156376304e-08,3.510398068309856,0.10150170694793965,0.002796189458333334,-0.000943877728658921,0.001667116309752803,0.0007540197146597011,-0.0017884964166666626,3.509729487813324,0.10115783744024812,-0.0006685804965318454,-0.00034386950769153823,-0.0003440576087124141,1.0010954494918018,-2.402332536420004e-09,-0.0011797832293772208,0.003393828677818815,0.003393828677818815,0.12043349858524184,0.9994532862633677,-2.4049641703761646e-09,3.5097114324161534,0.10117418772593251,0.0036904376666666654,0.0013236731898281138,0.0009824168096192803,0.0005148878163653047,0.0032930326916666636,3.5103986990746026,0.10207861779736095,0.0006872666584492038,0.0009044300714284442,0.0009031353452692529,0.9971467264739808,2.3320030693294584e-08,0.0017622186683307576,-0.005360312146599735,-0.005360312146599735,0.17659426858054408,1.0014335903981317,2.3253492267091453e-08]"
/multi_agv/m2b_algorithm_state,1789558513.6672976,1789558513.6672976,m2b_algorithm_state_v1:header6+3x20,"[1.0,-0.15,0.52,3.511839380429368,0.10125038647542565,1789558513.667199,3.510416002027759,0.10107523269628613,0.0036904376666666654,0.0015402794826376276,0.0006967338679122461,0.0005695935752292962,0.004584685874999997,3.5112301000281763,0.10040781732929156,0.0008140980004172071,-0.0006674153669945643,-0.0006681297987052711,1.0021462807195256,1.4800263668395708e-08,0.0003494927018162378,0.0006022147947148766,0.0006022147947148766,0.1418920182021602,0.9989306992262712,1.4832029188951082e-08,3.5113964756636924,0.10150169006004127,0.002796189458333334,-0.0009436748847986586,0.001667105270928726,0.0007539375308831808,-0.0017884964166666626,3.5105980993292816,0.10157125700483763,-0.0007983763344108219,6.956694479635928e-05,6.955927029693439e-05,0.9997794217604551,-9.827273528351311e-11,-0.0009284111477165929,0.0023216818748833835,0.0023216818748833835,0.12043074706914951,1.0001103303613181,-9.825105845656901e-11,3.510709844028697,0.10117420989291323,0.0036904376666666654,0.001323551158326376,0.0009824219843520337,0.0005149380205672406,0.0032930326916666636,3.5113394106765248,0.10192961763990711,0.0006295666478277617,0.000755407746993883,0.0007545035134444996,0.9976128165608267,1.626853536347453e-08,0.0015414618232292019,-0.004503977299408268,-0.004503977299408268,0.1765857136303178,1.0011984484277023,1.6229699385275236e-08]"
/multi_agv/m2b_algorithm_state,1789558513.677246,1789558513.677246,m2b_algorithm_state_v1:header6+3x20,"[1.0,-0.15,0.52,3.5128397533313405,0.10125038389818704,1789558513.6771274,3.5114146112937252,0.10107525419397342,0.0036904376666666654,0.0015401274097879654,0.0006967479323120246,0.000569652176917945,0.004584685874999997,3.5121826501072326,0.09992718113929389,0.000768038813507399,-0.0011480730546795381,-0.0011501947422032045,1.003712077528319,4.380426165042813e-08,-0.00019014622531895575,0.0027270488728712255,0.0027270488728712255,0.14188919830390612,0.9981553666993797,4.396686646574529e-08,3.512395078857263,0.10150167690182407,0.002796189458333334,-0.0009435100579968962,0.0016670952836856934,0.0007538712791952673,-0.0017884964166666626,3.5117571164819155,0.10327613018796303,-0.0006379623753476338,0.001774453286138955,0.001769524330788878,0.9944820015784575,-6.384817809892191e-08,0.0009720713616043358,-0.0052185597317373576,-0.0052185597317373576,0.12042897085035298,1.0027854691028066,-6.349586395295368e-08,3.5117084511371153,0.10117422833047945,0.0036904376666666654,0.0013234504348400692,0.0009824268436329896,0.0005149791526718474,0.0032930326916666636,3.5123381869990062,0.10180182871301478,0.0006297358618909676,0.0006276003825353288,0.0006269756356179189,0.998013820922087,1.122945459864551e-08,0.0014141454629816284,-0.003990879844516277,-0.003990879844516277,0.17658019118356175,1.0009964452873743,1.1207150890865306e-08]"
/multi_agv/m2b_algorithm_state,1789558513.6871827,1789558513.6871827,m2b_algorithm_state_v1:header6+3x20,"[1.0,-0.15,0.52,3.513837349096319,0.101250399026299,1789558513.6870992,3.5124149833921243,0.10107524751445746,0.0036904376666666654,0.0015401753759221068,0.0006967440541393972,0.000569633402820002,0.004584685874999997,3.513140333853477,0.09940016658406378,0.0007253504613524697,-0.0016750809303936742,-0.0016796155247761008,1.0054483290943628,9.328615504267241e-08,-0.0007729274480855136,0.005017147365262403,0.005017147365262403,0.1418909125220882,0.9973002188205953,9.379440871529264e-08,3.5133954526956326,0.10150168146788954,0.002796189458333334,-0.0009435628676377397,0.001667098092875019,0.0007538927091074732,-0.0017884964166666626,3.512902273174691,0.1016871079343516,-0.0004931795209417444,0.00018542646646205196,0.00018537199030552645,0.9994128358640338,-6.980454761674789e-10,-0.00043110241087165413,0.0005043609997585868,0.0005043609997585868,0.12043005088352036,1.000293874799724,-6.976356088985999e-10,3.512708823906266,0.10117422271221416,0.0036904376666666654,0.0013234817617145105,0.0009824257059629646,0.000514966165469173,0.0032930326916666636,3.5133039673901867,0.10148106483203408,0.000595143483920868,0.0003068421198199195,0.00030669241990925294,0.9990253866314567,2.6849221306787195e-09,0.001050621774810338,-0.0025484911075529144,-0.0025484911075529144,0.17658354914807334,1.000488110892049,2.6823053696766624e-09]"
/multi_agv/m2b_algorithm_state,1789558513.6969676,1789558513.6969676,m2b_algorithm_state_v1:header6+3x20,"[1.0,-0.15,0.52,3.5148373518013916,0.101250398411335,1789558513.6968548,3.513412583944535,0.10107528325655028,0.0036904376666666654,0.0015399230947354672,0.0006967685285593989,0.0005697300259095953,0.004584685874999997,3.5144330010871214,0.09979211704304954,0.0010204171425862718,-0.0012831662135007471,-0.0012858192928058266,1.004155201351984,5.4717388865670674e-08,-1.0297864572986811e-05,0.002151293001852645,0.002151293001852645,0.14189388682522816,0.9979366623911125,5.494475063386235e-08,3.5143930425871868,0.1015016601727692,0.002796189458333334,-0.0009432896389722865,0.0016670804726022226,0.000753783439410613,-0.0017884964166666626,3.5139141662633526,0.1016871079343516,-0.00047887632383414314,0.00018544776158239962,0.00018539327290567823,0.9994127684041495,-6.980036952518593e-10,-0.00041320213188700066,0.0004410372094997661,0.0004410372094997661,0.12043191545734606,1.0002939085969376,-6.97593805427987e-10,3.513706420757236,0.1011742536495775,0.0036904376666666654,0.0013233133602255855,0.0009824343523575415,0.0005150346634554366,0.0032930326916666636,3.514602756811803,0.10219773793218902,0.0008963360545668486,0.0010234842826115226,0.0010218277561221006,0.9967755114032896,2.985286120845391e-08,0.0021422478243306614,-0.00677114288978437,-0.00677114288978437,0.1765893453357386,1.0016211406271724,2.9756600997908072e-08]"
/multi_agv/m2b_algorithm_state,1789558513.70703,1789558513.70703,m2b_algorithm_state_v1:header6+3x20,"[1.0,-0.15,0.52,3.5158440145513157,0.10125035520320295,1789558513.7069025,3.5144125866059883,0.10107528021770078,0.0036904376666666654,0.0015399463712745757,0.0006967685933388695,0.0005697199028125487,0.004584685874999997,3.515466736258905,0.10008386158292819,0.0010541496529166139,-0.0009914186347725895,-0.0009929989490857713,1.0031999014167188,3.2658325465525134e-08,0.0003246881170599961,0.0008360748794423624,0.0008360748794423624,0.14189262268033645,0.9984085438210818,3.276282888744993e-08,3.515393045208583,0.10150166346853118,0.002796189458333334,-0.0009433164037142864,0.0016670802215754676,0.0007537951715885227,-0.0017884964166666626,3.5147975780750427,0.10078759681268047,-0.0005954671335404171,-0.0007140666558507064,-0.0007148800446813592,1.0022843404142394,-1.0355617415083171e-08,-0.0014592139616068805,0.004544369559403719,0.004544369559403719,0.12043112152026102,0.9988622023558997,-1.0379273170458847e-08,3.5147064235896024,0.10117425154777306,0.0036904376666666654,0.0013233265583889133,0.0009824349160958866,0.0005150286493521834,0.0032930326916666636,3.5156280695550586,0.10220508896556102,0.0009216459654561859,0.0010308374177879637,0.0010291570969753853,0.9967526170432341,3.0283494072975785e-08,0.0021812145537956178,-0.0069134892684407905,-0.0069134892684407905,0.1765868771124389,1.0016327155664735,3.018515197045188e-08]"
/multi_agv/m2b_algorithm_state,1789558513.7170103,1789558513.7170103,m2b_algorithm_state_v1:header6+3x20,"[1.0,-0.15,0.52,3.516839542714017,0.10125038431628008,1789558513.7169235,3.515419235738578,0.10107517589777386,0.0036904376666666654,0.0015406857725732428,0.0006966998172659442,0.000569435176830382,0.004584685874999997,3.5164952007518457,0.1003607681005849,0.0010759650132676768,-0.000714407797188954,-0.0007152266672363608,1.0022986216268013,1.6962824207397855e-08,0.0006297295993482352,-0.00036842269329509124,-0.00036842269329509124,0.14190975219268256,0.9988550901624362,1.700181532197261e-08,3.5163997244764733,0.101501727837342,0.002796189458333334,-0.0009441204057939459,0.0016671297754737857,0.0007541179024171257,-0.0017884964166666626,3.51593311313263,0.10196580266718644,-0.00046661134384340386,0.00046407482984443804,0.00046373432637741445,0.9985351308194981,-4.374084945911327e-09,-0.00011952985342684037,-0.000728232270821779,-0.000728232270821779,0.12044191278798463,1.000734264098333,-4.367677483681164e-09,3.5157130834388948,0.10117416187449302,0.0036904376666666654,0.0013238174819027687,0.0009824114929001485,0.000514828036946803,0.0032930326916666636,3.5166482978268925,0.10220154131428562,0.0009352143879977071,0.0010273794397926,0.001025710327712886,0.996763379161547,3.009190773396651e-08,0.0021947283127100197,-0.006959485822747566,-0.006959485822747566,0.17662043265486796,1.0016272743235763,2.999451163832595e-08]"
/multi_agv/m2b_algorithm_state,1789558513.7270157,1789558513.7270157,m2b_algorithm_state_v1:header6+3x20,"[1.0,-0.15,0.52,3.517843596117739,0.10125035831620498,1789558513.7268744,3.5164147727494504,0.10107524762030798,0.0036904376666666654,0.0015401764119771224,0.0006967447530976216,0.0005696325901786952,0.004584685874999997,3.5173050351107347,0.09973293576406524,0.0008902623612843108,-0.0013423118562427422,-0.001345216447508019,1.0043496312704392,5.989013732754388e-08,-0.00023238849590263041,0.0029625475485494522,0.0029625475485494522,0.14189517879986482,0.9978408000655526,6.015063734165466e-08,3.517395242040599,0.10150168241928927,0.002796189458333334,-0.0009435664228435335,0.0016670979797468455,0.0007538943090275863,-0.0017884964166666626,3.51689834667759,0.10130450275802863,-0.00049689536300912,-0.00019717966126063524,-0.0001972414409725659,1.0006271015088113,-7.895552376966446e-10,-0.0008183606447339658,0.0020482642613437675,0.0020482642613437675,0.12043273708892437,0.9996867812786905,-7.90050368977494e-10,3.516708613352001,0.10117422290924297,0.0036904376666666654,0.0013234821728746386,0.0009824264271871778,0.0005149656121096165,0.0032930326916666636,3.517372843910474,0.10221604830137863,0.0006642305584727559,0.0010418253921356674,0.001040109200569468,0.9967184114842348,3.093593047349873e-08,0.0018703973986604128,-0.005811162763073476,-0.005811162763073476,0.176591900926566,1.0016500109462159,3.0834411479332383e-08]"
/multi_agv/m2b_algorithm_state,1789558513.7369885,1789558513.7369885,m2b_algorithm_state_v1:header6+3x20,"[1.0,-0.15,0.52,3.518843377991472,0.1012503604018572,1789558513.736875,3.5174188178615426,0.10107518544891092,0.0036904376666666654,0.0015406165046321337,0.0006967028840906937,0.0005694636063884122,0.004584685874999997,3.5182265588083506,0.09945939174747175,0.0008077409468079111,-0.0016157937014391749,-0.0016200111046430787,1.0052519889895635,8.68209691069945e-08,-0.0006103349211331898,0.004417942562129089,0.004417942562129089,0.14191077754215728,0.9973966825339552,8.727695188080767e-08,3.5183993055586344,0.1015017202539948,0.002796189458333334,-0.0009440446333587966,0.00166712832268745,0.0007540858133694844,-0.0017884964166666626,3.5179051260216747,0.10130450275802863,-0.0004941795369597379,-0.00019721749596617044,-0.00019727929937489214,1.000627221784567,-7.90258458900397e-10,-0.0008150037205745646,0.002035893897590922,0.002035893897590922,0.12044255833531878,0.999686721268184,-7.907541262212577e-10,3.517712664933039,0.1011741692457092,0.0036904376666666654,0.001323775363047135,0.0009824119830204045,0.000514846038863993,0.0032930326916666636,3.5184091070021224,0.1024744702332364,0.0006964420690835915,0.0013003009875272031,0.0012976328166685682,0.9959162889469685,4.819210819150463e-08,0.0021681854030230576,-0.006996008399489405,-0.006996008399489405,0.17662244015841286,1.0020561832471877,4.7995305546614086e-08]"
/multi_agv/m2b_algorithm_state,1789558513.7471366,1789558513.7471366,m2b_algorithm_state_v1:header6+3x20,"[1.0,-0.15,0.52,3.519844097353259,0.10125035644376314,1789558513.7469356,3.5184186000657425,0.10107519242407713,0.0036904376666666654,0.0015405653141469106,0.000696704591865948,0.0005694849070279312,0.004584685874999997,3.519221706416259,0.09945939174747175,0.0008031063505167246,-0.0016158006766053834,-0.0016200181160477127,1.0052520115836754,8.681883146360323e-08,-0.0006161351779018069,0.004438365742102623,0.004438365742102623,0.14191125865690662,0.9973966714319107,8.727480497213124e-08,3.519399087210553,0.10150171427596215,0.002796189458333334,-0.0009439880263367841,0.0016671276572424176,0.000754061622314825,-0.0017884964166666626,3.518773302972923,0.09978645829239459,-0.0006257842376298228,-0.0017152559835675596,-0.0017199849309483244,1.005549692431452,-5.98356023595422e-08,-0.002502215227985603,0.008652042677659639,0.008652042677659639,0.12044286126011981,0.9972505879001174,-6.016767154908832e-08,3.518712446698121,0.10117417450553234,0.0036904376666666654,0.0013237447165543466,0.000982411982193421,0.0005148593233303871,0.0032930326916666636,3.5194344221798306,0.1024744702332364,0.0007219754817096025,0.0013002957277040567,0.0012976275785156776,0.9959163055137611,4.819060165502344e-08,0.0022000969306526807,-0.007109839667761632,-0.007109839667761632,0.17662338221983045,1.0020561748475099,4.7993805960756286e-08]"
/multi_agv/m2b_algorithm_state,1789558513.7572343,1789558513.7572343,m2b_algorithm_state_v1:header6+3x20,"[1.0,-0.15,0.52,3.5208389812173597,0.1012503895293436,1789558513.7571359,3.519419317896218,0.10107518470990777,0.0036904376666666654,0.0015406182251447831,0.0006966968353484754,0.0005694660068364579,0.004584685874999997,3.5202732595500708,0.10043885251723873,0.0008539416538528855,-0.0006363321926690368,-0.0006369814764352864,1.0020456056473794,1.3456468789438196e-08,0.0004304455908808204,0.00030175760767230304,0.00030175760767230304,0.14191505820532346,0.9989806865815265,1.3483995417987657e-08,3.520399808600247,0.10150171741899984,0.002796189458333334,-0.0009440444736357771,0.0016671337409621678,0.000754082925710095,-0.0017884964166666626,3.5199537109641654,0.1014389710092871,-0.00044609763608161046,-6.274640971273837e-05,-6.275265938248888e-05,1.0001992513931532,-7.9986225823183e-11,-0.0006203747044845019,0.0012860279190854132,0.0012860279190854132,0.12044525344725782,0.9999004078900877,-8.000216319011134e-11,3.519713165563314,0.10117416720238182,0.0036904376666666654,0.0013237828661765475,0.0009824087678419243,0.0005148444589093875,0.0032930326916666636,3.5204241306856834,0.10109751829457071,0.0007109651223693447,-7.664890781110267e-05,-7.665827615815407e-05,1.0002445190854028,1.6762162199478024e-10,0.0008120481268035269,-0.0015237204824037555,-0.0015237204824037555,0.17663082162475421,0.9998777907941464,1.6766260868048414e-10]"
/multi_agv/m2b_algorithm_state,1789558513.7670383,1789558513.7670383,m2b_algorithm_state_v1:header6+3x20,"[1.0,-0.15,0.52,3.5218445245292465,0.10125035375858664,1789558513.7669182,3.5204142119907815,0.10107526544386203,0.0036904376666666654,0.0015400453539204141,0.0006967486941639399,0.0005696873484285074,0.004584685874999997,3.5212826080470974,0.10043885251723873,0.0008683960563158344,-0.0006364129266232949,-0.0006370623748431399,1.0020458648244877,1.3454874315058732e-08,0.0004484326955516531,0.0002375121471052228,0.0002375121471052228,0.14189820357098404,0.9989805578770761,1.3482401169137814e-08,3.5213946801391125,0.10150166689525071,0.002796189458333334,-0.0009434214446905126,0.0016670967652578916,0.000753832097721327,-0.0017884964166666626,3.5209731100349635,0.1014389710092871,-0.000421570104149005,-6.269588596360953e-05,-6.270212557476319e-05,1.0001990909769687,-7.980478011350848e-11,-0.0005896647557610195,0.0011776324411205434,0.0011776324411205434,0.12043464157624385,0.9999004880441218,-7.982066852514805e-11,3.5207080515221856,0.10117423624891807,0.0036904376666666654,0.0013234041192064778,0.0009824262075607496,0.0005149995595089283,0.0032930326916666636,3.521440098367375,0.10109751829457071,0.0007320468451892381,-7.671795434735507e-05,-7.672733957645247e-05,1.0002447393151324,1.6787566066559393e-10,0.0008383312169100952,-0.0016173470366377869,-0.0016173470366377869,0.1765978224886726,0.9998776807699938,1.6791674643981263e-10]"
/multi_agv/m2b_algorithm_state,1789558513.7772682,1789558513.7772682,m2b_algorithm_state_v1:header6+3x20,"[1.0,-0.15,0.52,3.522838073053465,0.1012503953115601,1789558513.7771156,3.521419744062457,0.1010751792343054,0.0036904376666666654,0.0015406560032281136,0.0006966918110562928,0.0005694522449775498,0.004584685874999997,3.522248252365737,0.09981876682748014,0.0008285083032801843,-0.0012564124068252525,-0.0012589554976825952,1.004067344331874,5.2483517448299225e-08,-0.0002233201185823648,0.0028929143246437,0.0028929143246437,0.14191907697390257,0.9979799994026605,5.269698598550937e-08,3.5224002371021705,0.10150171988956962,0.002796189458333334,-0.0009440849298451774,0.0016671377187731373,0.0007540983929489181,-0.0017884964166666626,3.5221491773692497,0.10136285997557985,-0.00025105973292083306,-0.00013885991398976394,-0.00013889053950594976,1.0004413313752563,-3.9177157597035365e-10,-0.0004527152056569911,0.000724725045916147,0.000724725045916147,0.12044778361174113,0.9997794989039948,-3.9194447705876297e-10,3.521713592423111,0.10117416215188492,0.0036904376666666654,0.0013238094344014233,0.000982406744429976,0.000514833995104116,0.0032930326916666636,3.5223251188930416,0.10124317101522623,0.0006115264699304568,6.900886334131051e-05,6.900127786813441e-05,0.9997802167932923,1.3586015631992386e-10,0.0008334093652812054,-0.0016665784686486903,-0.0016665784686486903,0.1766386904975427,1.000109932357928,1.3583029653910406e-10]"
/multi_agv/m2b_algorithm_state,1789558513.7869983,1789558513.7869983,m2b_algorithm_state_v1:header6+3x20,"[1.0,-0.15,0.52,3.523840629782557,0.10125037848852729,1789558513.7869306,3.522413305494084,0.10107528030959578,0.0036904376666666654,0.0015399390682264437,0.0006967572182074548,0.0005697289850879638,0.004584685874999997,3.5232287084551506,0.09981743811171126,0.0008154029610665248,-0.0012578421978845233,-0.0012603911040852342,1.004072033091222,5.257858543726677e-08,-0.0002411374027520782,0.0029557974976012007,0.0029557974976012007,0.14189749560227566,0.9979776862971745,5.279268717705697e-08,3.52339377004508,0.10150165690856305,0.002796189458333334,-0.0009433053600316314,0.0016670909748457419,0.000753784791008863,-0.0017884964166666626,3.5231491591611355,0.10028330389298032,-0.0002446108839446737,-0.001218353015582735,-0.0012207299816471187,1.0039198975988044,-3.015705972815334e-08,-0.0015264935865779608,0.004998367384601545,0.004998367384601545,0.1204341958372068,0.9980528322396273,-3.027527231416873e-08,3.5227071436212305,0.10117424871652146,0.0036904376666666654,0.00132333489206752,0.0009824288366111714,0.0005150281992378973,0.0032930326916666636,3.5232987138805005,0.09977735997034877,0.0005915702592700356,-0.001396888746172692,-0.0014000314406439496,1.0045232568614746,5.5704384650255286e-08,-0.0006605686165564052,0.004282326939919097,0.004282326939919097,0.1765964365559458,0.9977552686461012,5.5956349890338774e-08]"
/multi_agv/m2b_algorithm_state,1789558513.7975397,1789558513.7975397,m2b_algorithm_state_v1:header6+3x20,"[1.0,-0.15,0.52,3.524837667093682,0.10125039728614332,1789558513.7973745,3.5234158570939025,0.10107523865405006,0.0036904376666666654,0.001540235180042851,0.0006967313554534721,0.0005696140853931885,0.004584685874999997,3.524388696225594,0.10052648868105628,0.0009728391316916607,-0.0005487499729937839,-0.0005492325075976888,1.00176230953184,1.0004097516591573e-08,0.0006668164070168871,-0.0005758377518054227,-0.0005758377518054227,0.14190779730656203,0.9991214383758612,1.0021727833002519e-08,3.5243963329064734,0.10150168348360766,0.002796189458333334,-0.0009436277933108509,0.0016671093717484098,0.0007539149852411192,-0.0017884964166666626,3.5241452692073723,0.10028330389298032,-0.00025106369910110615,-0.0012183795906273442,-0.001220756660011373,1.0039199828754637,-3.016868069895816e-08,-0.0015345862838877556,0.005026660659504501,0.005026660659504501,0.12044068197466344,0.9980527901572074,-3.028694141067341e-08,3.523709699347296,0.10117421332792415,0.0036904376666666654,0.00132352954090189,0.000982420339223201,0.0005149482465664395,0.0032930326916666636,3.524243180295871,0.09848338672990066,0.0005334809485750824,-0.0026908265980234852,-0.0027026021732611907,1.0088409674832528,2.0690630488548555e-07,-0.0020357509875423376,0.009680132309817784,0.009680132309817784,0.17661660517738562,0.9956428750948957,2.0873555679905811e-07]"
/multi_agv/m2b_algorithm_state,1789558513.8072493,1789558513.8072493,m2b_algorithm_state_v1:header6+3x20,"[1.0,-0.15,0.52,3.5258447878897736,0.10125035111466535,1789558513.8071265,3.5244129003756273,0.10107528337901206,0.0036904376666666654,0.0015399189123515792,0.0006967617199304494,0.0005697353802695647,0.004584685874999997,3.52547789880268,0.10143775642809064,0.0010649984270525437,0.0003624730490785766,0.00036226395492034325,0.9988478717441309,4.361273389052372e-09,0.0016935119887360227,-0.0046430714528063344,-0.0046430714528063344,0.14189856490457345,1.000577187311609,4.356248642749275e-09,3.5253933629216347,0.10150165648714929,0.002796189458333334,-0.000943284588140201,0.0016670874838577987,0.0007537776030178828,-0.0017884964166666626,3.5253001419443595,0.10189916177925575,-9.322097727526568e-05,0.00039750529210645646,0.00039725534337712237,0.9987443078109495,-3.206513004062052e-09,0.00028072912178304026,-0.002120366507364424,-0.002120366507364424,0.12043486909340752,1.0006291890933656,-3.2024866107287624e-09,3.5247067379837844,0.10117425199226864,0.0036904376666666654,0.0013233185659475666,0.000982430923078926,0.0005150341906992161,0.0032930326916666636,3.525337841783431,0.09968902405896905,0.0006311037996464819,-0.0014852279332995821,-0.0014887830507119013,1.0048141011846605,6.297562500877334e-08,-0.0006999033011537989,0.0044598280432732035,0.0044598280432732035,0.1765985299491117,0.9976120648266252,6.327879603973281e-08]"
/multi_agv/m2b_algorithm_state,1789558513.817097,1789558513.817097,m2b_algorithm_state_v1:header6+3x20,"[1.0,-0.15,0.52,3.526837116180156,0.10125040040540477,1789558513.8169856,3.5254200067075963,0.10107517176237975,0.0036904376666666654,0.0015407098969465352,0.0006966885385747182,0.0005694305864726186,0.004584685874999997,3.5264782853682437,0.10088046694224485,0.0010582786606474492,-0.00019470482013489443,-0.00019476540617941406,1.0006227948613657,1.2595319427799804e-09,0.0011280829196298975,-0.00237364998386025,-0.00237364998386025,0.14192502286792164,0.9996889281022329,1.2603163728016698e-09,3.526400501250758,0.10150172541448815,0.002796189458333334,-0.000944144303159083,0.0016671400829531002,0.0007541228994684124,-0.0017884964166666626,3.526324070168944,0.10189916177925575,-7.643108181420999e-05,0.00039743636476759214,0.0003971865028162388,0.9987445257392863,-3.208321649806167e-09,0.0003016476505484763,-0.002195559550412186,-0.002195559550412186,0.12045152703356644,1.0006290796630342,-3.2042936845547445e-09,3.5257138557109666,0.10117415616712815,0.0036904376666666654,0.001323843110508986,0.0009824059999769654,0.0005148197850720023,0.0032930326916666636,3.526445274499227,0.10081350637822581,0.0007314187882605516,-0.0003606497889023369,-0.0003608576409646183,1.0011542231650201,3.7118927658748216e-09,0.0005534158443610712,-0.00047616182910318575,-0.00047616182910318575,0.17665033334431862,0.9994240053730723,3.716177118491265e-09]"
/multi_agv/m2b_algorithm_state,1789558513.8271394,1789558513.8271394,m2b_algorithm_state_v1:header6+3x20,"[1.0,-0.15,0.52,3.5278390040098024,0.10125038769713196,1789558513.8270147,3.526412350315568,0.10107529156345092,0.0036904376666666654,0.00153986027117897,0.0006967661726256394,0.0005697584827153045,0.004584685874999997,3.5275877168020786,0.09997427936487319,0.0011753664865103985,-0.001101012198577736,-0.0011029628171273038,1.0035580234278327,4.027840214368457e-08,0.00036624529101069434,0.0007384740780774172,0.0007384740780774172,0.1418991212417597,0.9982314738817323,4.0421713642147464e-08,3.527392811039403,0.10150165086368299,0.002796189458333334,-0.0009432205926188921,0.0016670845777393417,0.000753751374834688,-0.0017884964166666626,3.527478497280324,0.10178431690356668,8.568624092086807e-05,0.00028266603988369443,0.0002825395399101811,0.9991059097557082,-1.6214376707475532e-09,0.0003896473410612662,-0.002455158123780973,-0.002455158123780973,0.12043521936627767,1.000447724851373,-1.6199879591444106e-09,3.5267061871854986,0.10117425878908036,0.0036904376666666654,0.0013232806736023866,0.0009824322625575869,0.0005150499188031547,0.0032930326916666636,3.5275204719563646,0.09990440775641292,0.0008142847708660916,-0.0012698510326674406,-0.001272445618324771,1.0041060068536611,4.602736743713158e-08,-0.0002545896547421565,0.002792014766334474,0.002792014766334474,0.17659961905759056,0.9979609457410475,4.6216356123284424e-08]"
/multi_agv/m2b_algorithm_state,1789558513.8371196,1789558513.8371196,m2b_algorithm_state_v1:header6+3x20,"[1.0,-0.15,0.52,3.5288398976248785,0.10125038174546004,1789558513.8369815,3.527414234369824,0.10107525932083515,0.0036904376666666654,0.0015400902338220516,0.0006967472224161495,0.0005696686603937266,0.004584685874999997,3.5285329330593536,0.09991903490710456,0.0011186986895297402,-0.0011562244137305888,-0.0011583764683987606,1.0037387769914232,4.4427666653348447e-08,0.00023999689351341465,0.0012099486766869848,0.0012099486766869848,0.14190705565006342,0.9981421802610109,4.4593771791214606e-08,3.528394703311301,0.10150167210748047,0.002796189458333334,-0.0009434715661145372,0.0016670979044950407,0.0007538532310455148,-0.0017884964166666626,3.528474089684597,0.10173886593958675,7.938637329640841e-05,0.0002371938321062833,0.00023710472763729728,0.9992493532765517,-1.1420607522711103e-09,0.0003363376942578078,-0.0022452847829456833,-0.0022452847829456833,0.12044021502126459,1.000375802160817,-1.1412034681094391e-09,3.5277080743482827,0.10117423166308027,0.0036904376666666654,0.0013234306509779252,0.000982426301076456,0.0005149880103980787,0.0032930326916666636,3.528434774112595,0.09911326059902421,0.0007266997643124995,-0.002060971064056061,-0.002067846425753991,1.0067237390809496,1.2132044558097273e-07,-0.0011594717203633666,0.0063301223198295,0.0063301223198295,0.17661515309141268,0.9966751100989409,1.2213617260224373e-07]"
/multi_agv/m2b_algorithm_state,1789558513.8473935,1789558513.8473935,m2b_algorithm_state_v1:header6+3x20,"[1.0,-0.15,0.52,3.529840087447369,0.10125038046716502,1789558513.847213,3.528415126174859,0.1010752443891286,0.0036904376666666654,0.001540196607951582,0.0006967381917716503,0.0005696272489065342,0.004584685874999997,3.5296275053734476,0.1008712755084393,0.0012123791985887422,-0.00020396888068929808,-0.00020403537384919813,1.0006524952526559,1.3817884738907233e-09,0.0013114386243867297,-0.003020308279056287,-0.003020308279056287,0.14191147176538144,0.9996741096475302,1.3826900843101115e-09,3.529395599074244,0.10150168181426142,0.002796189458333334,-0.0009435876701850755,0.001667104348097137,0.0007539002064040901,-0.0017884964166666626,3.5294903688374237,0.10171146040083856,9.476976317968067e-05,0.00020977858657714177,0.00020970887495614242,0.999335907316823,-8.934423772594073e-10,0.0003281710789307433,-0.0022039187208794317,-0.0022039187208794317,0.12044299542375496,1.000332420938379,-8.92849048713829e-10,3.528708967625532,0.10117421903299015,0.0036904376666666654,0.001323500333398594,0.0009824234183662735,0.0005149593052615614,0.0032930326916666636,3.5295392386397983,0.10028507387037355,0.0008302710142662484,-0.0008891451626165947,-0.0008904135759162358,1.0028626789993407,2.256396137382818e-08,0.00014742519191657472,0.0012007529912427377,0.0012007529912427377,0.1766237994241605,0.9985754784810689,2.2628554752194973e-08]"
/multi_agv/m2b_algorithm_state,1789558513.857302,1789558513.857302,m2b_algorithm_state_v1:header6+3x20,"[1.0,-0.15,0.52,3.5308438447667867,0.10125035646178861,1789558513.8571439,3.5294153155909216,0.10107524114817507,0.0036904376666666654,0.001540219761582893,0.0006967362547169557,0.0005696182203261871,0.004584685874999997,3.5304730671619615,0.10090750525382815,0.0010577515710399332,-0.00016773589434691816,-0.00016778084979834126,1.0005363660774802,9.344612076643436e-10,0.0011544086140015753,-0.0024800468148407596,-0.0024800468148407596,0.1419133968822222,0.9997320585068132,9.34962420956856e-10,3.5303957893787548,0.10150168395953992,0.002796189458333334,-0.0009436130999186249,0.0016671057941564094,0.0007539104771246696,-0.0017884964166666626,3.5305050565042757,0.10171146040083856,0.00010926712552095097,0.00020977644129864526,0.0002097067311043323,0.9993359141112418,-8.93448174374188e-10,0.000346290638005521,-0.0022683151769877664,-0.0022683151769877664,0.12044420748028875,1.0003324175335042,-8.928548480492493e-10,3.5297091573724315,0.1011742162937801,0.0036904376666666654,0.0013235154885193026,0.0009824228309089026,0.0005149530416812616,0.0032930326916666636,3.5304962233653656,0.10177960128790434,0.0007870659929340995,0.0006053849941242417,0.0006048035953587575,0.998083642342935,1.0449219129278574e-08,0.001588636086526382,-0.004601151803673801,-0.004601151803673801,0.17662756876522143,1.0009613017679555,1.042919468818983e-08]"
/multi_agv/m2b_algorithm_state,1789558513.867312,1789558513.867312,m2b_algorithm_state_v1:header6+3x20,"[1.0,-0.15,0.52,3.5318385059737842,0.10125039094965248,1789558513.8671553,3.530419065260435,0.10107518391184876,0.0036904376666666654,0.0015406246297236872,0.0006966975653826422,0.00056946285099691,0.004584685874999997,3.5314662144720903,0.10031892303448844,0.0010471492116552739,-0.000756260877360318,-0.0007571787933790851,1.0024344355427672,1.9008346315588305e-08,0.0005517577211900072,-7.335270670612228e-05,-7.335270670612228e-05,0.1419279512850464,0.9987877156270175,1.90546209094682e-08,3.531399556043657,0.10150171861682974,0.002796189458333334,-0.0009440527465768215,0.0016671338306095684,0.0007540864651233853,-0.0017884964166666626,3.5315211304347525,0.10219812946553707,0.00012157439109561352,0.0006964108487073212,0.0006956454081661043,0.9978075616136133,-9.847802057823993e-09,0.0008476133970356212,-0.004274503293946834,-0.004274503293946834,0.12045337067417249,1.0011003314795606,-9.826211358570882e-09,3.530712912996269,0.10117416685668734,0.0036904376666666654,0.0013237853294751187,0.0009824094187982808,0.0005148430525752303,0.0032930326916666636,3.5314710334690442,0.10119777306606643,0.0007581204727751256,2.3606209379092857e-05,2.3605321457818946e-05,0.9999247789391175,1.5897939220808514e-11,0.0009712559124267259,-0.00213508537694795,-0.00213508537694795,0.17665606776489604,1.000037615301088,1.589674336095448e-11]"
/multi_agv/m2b_algorithm_state,1789558513.8772595,1789558513.8772595,m2b_algorithm_state_v1:header6+3x20,"[1.0,-0.15,0.52,3.532837540128217,0.10125039670690801,1789558513.8771372,3.5314137371333896,0.10107526804223417,0.0036904376666666654,0.0015400276879915737,0.0006967516407796026,0.0005696934732027702,0.004584685874999997,3.5323781491535815,0.09966481497059096,0.0009644120201919293,-0.0014104530716432112,-0.0014136616918814175,1.0045739474092281,6.612166605751403e-08,-0.00020814666664150587,0.0029069556080909115,0.0029069556080909115,0.14191030554320644,0.9977302771542632,6.642410308067165e-08,3.5323942043958843,0.10150166599837152,0.002796189458333334,-0.0009434036087044386,0.0016670952662991567,0.0007538251461571277,-0.0017884964166666626,3.532530258168467,0.10219812946553707,0.00013605377258274487,0.0006964634671655506,0.0006956979107095183,0.9978073957038399,-9.842519796923148e-09,0.0008657651264379494,-0.004338474755210941,-0.004338474755210941,0.12044226117845971,1.0011004150569485,-9.820939045731373e-09,3.5317075763920798,0.10117423880835173,0.0036904376666666654,0.0013233906808403336,0.0009824276229434938,0.0005150046483028896,0.0032930326916666636,3.5324221615642486,0.10067571715053358,0.0007145851721688246,-0.0004985216578181489,-0.0004989192178965692,1.0015979582695773,7.0906343936938344e-09,0.0003943122473144615,0.0001500361822831509,0.0001500361822831509,0.17662151608449267,0.9992031574167531,7.101964931559787e-09]"
/multi_agv/m2b_algorithm_state,1789558513.8874295,1789558513.8874295,m2b_algorithm_state_v1:header6+3x20,"[1.0,-0.15,0.52,3.5338441526952615,0.10125035383656794,1789558513.8873217,3.5324127732571093,0.10107528065950354,0.0036904376666666654,0.0015399395340775762,0.0006967617847453583,0.0005697264079034727,0.004584685874999997,3.5334266156984726,0.10017215857749234,0.0010138424413632663,-0.0009031220820111957,-0.000904432570113656,1.0029120109513907,2.7098451615176075e-08,0.0003628704815904269,0.0006611068826067791,0.0006611068826067791,0.1419081401397656,0.9985510383573474,2.7177362603045198e-08,3.5333932360498204,0.10150165934865017,0.002796189458333334,-0.0009433087384795708,0.0016670877648099491,0.0007537879252264845,-0.0017884964166666626,3.5334971203723105,0.1011955125189498,0.00010388432249008872,-0.0003061468297003711,-0.00030629588231964567,1.000974861282063,-1.90297097139247e-09,-0.00017644047920703477,-0.0001799898780233168,-0.0001799898780233168,0.12044089781159553,0.9995133704764628,-1.9048261041133706e-09,3.5327066110777214,0.10117425011257032,0.0036904376666666654,0.0013233300686105562,0.000982431509853554,0.0005150288995442809,0.0032930326916666636,3.5334526301339104,0.10126234072555343,0.0007460190561889846,8.809061298310772e-05,8.80782543901227e-05,0.9997195052332104,2.2129842407080505e-10,0.0010206020746263535,-0.0023405905675857363,-0.0023405905675857363,0.17661727636330346,1.0001403137819953,2.2123635102095442e-10]"
/multi_agv/m2b_algorithm_state,1789558513.8972766,1789558513.8972766,m2b_algorithm_state_v1:header6+3x20,"[1.0,-0.15,0.52,3.53484094314074,0.10125037499157029,1789558513.8971107,3.5334193723832445,0.10107517704212765,0.0036904376666666654,0.001540673835090951,0.0006966938058294396,0.0005694434780434852,0.004584685874999997,3.534128381142314,0.10072311555320423,0.0007090087590695404,-0.0003520614889234164,-0.0003522598114959742,1.0011281330600628,4.118417494340457e-09,0.0005340011373409513,-0.0001944087370314685,-0.0001944087370314685,0.14193280213392756,0.9994369991520873,4.123063617270963e-09,3.5343998649102986,0.10150172332926491,0.002796189458333334,-0.0009441069076933819,0.001667136645110645,0.0007541084780908897,-0.0017884964166666626,3.534501566891666,0.1011955125189498,0.00010170198136760789,-0.0003062108103151079,-0.0003063599251838965,1.0009750648784224,-1.905376821318522e-09,-0.00017923244847438662,-0.00017085870129044127,-0.00017085870129044127,0.12045642458898437,0.9995132690129133,-1.9072346873371495e-09,3.533713220792242,0.10117416113831128,0.0036904376666666654,0.001323817109329762,0.0009824083640424417,0.0005148298258955972,0.0032930326916666636,3.534055255155717,0.10286228211426626,0.0003420343634750189,0.0016881209759549848,0.0016836370714767724,0.9947216984729337,8.120554442005999e-08,0.002111180025820546,-0.006978929637340162,-0.006978929637340162,0.17666556701064134,1.0026632250822793,8.077691707094134e-08]"
/multi_agv/m2b_algorithm_state,1789558513.907212,1789558513.907212,m2b_algorithm_state_v1:header6+3x20,"[1.0,-0.15,0.52,3.5358445594766024,0.10125035204957462,1789558513.9071236,3.5344161692156364,0.10107522968972255,0.0036904376666666654,0.0015402992728530446,0.0006967261645923093,0.0005695890038441979,0.004584685874999997,3.5351714753572523,0.10072143240136744,0.0007553061416158968,-0.0003537972883551066,-0.0003539975738447706,1.001133716655524,4.158121264654106e-09,0.0005901351031751005,-0.0003930167835796386,-0.0003930167835796386,0.14192269258559576,0.9994342179029967,4.162835395987533e-09,3.5353966477537933,0.10150168949694134,0.002796189458333334,-0.000943698974671588,0.0016671138391588514,0.0007539435161131591,-0.0017884964166666626,3.5351313920904603,0.10111300113792285,-0.0002652556633329084,-0.00038868835901849363,-0.00038892877001440963,1.0012388570103088,-3.068881595440084e-09,-0.0007204983491805451,0.0017852459336762496,0.0017852459336762496,0.1204500599452736,0.9993818636870008,-3.0726835009184026e-09,3.5347100124527913,0.10117420578804698,0.0036904376666666654,0.0013235711733644803,0.0009824189329800566,0.0005149309319957152,0.0032930326916666636,3.5349903866842722,0.10111435839299517,0.0002803742314809732,-5.984739505181247e-05,-5.985310570993017e-05,1.0001908838165225,1.0217248318311393e-10,0.0002906146836412863,0.00031903420419206185,0.00031903420419206185,0.17664577029308307,0.9999045887753029,1.021919862566475e-10]"
/multi_agv/m2b_algorithm_state,1789558513.9170952,1789558513.9170952,m2b_algorithm_state_v1:header6+3x20,"[1.0,-0.15,0.52,3.5368389851340147,0.10125038814104349,1789558513.9170208,3.5354197782047048,0.10107517537074405,0.0036904376666666654,0.0015406830486338996,0.0006966889501248904,0.0005694420100247312,0.004584685874999997,3.5361083591201194,0.10011799970050468,0.0006885809154146827,-0.0009571756702393686,-0.0009586483255205744,1.0030881890931795,3.0455153652162876e-08,-9.792218125222098e-05,0.0023164891178537443,0.0023164891178537443,0.14193674966742714,0.998463821151092,3.054920492550259e-08,3.5364002730990194,0.10150172202837356,0.002796189458333334,-0.0009441153386712977,0.0016671408672519483,0.0007541099363967546,-0.0017884964166666626,3.5361283133995807,0.10111300113792285,-0.00027195969943871745,-0.00038872089045070835,-0.00038896134164417113,1.0012389606087584,-3.0707491618030287e-09,-0.0007289109659425679,0.0018146675591935698,0.0018146675591935698,0.12045890977262153,0.9993818121038806,-3.0745536990538806e-09,3.535713627126082,0.10117415874960631,0.0036904376666666654,0.0013238274803649176,0.0009824059010616233,0.0005148266115666544,0.0032930326916666636,3.5358420083319353,0.09952422730191188,0.0001283812058532341,-0.0016499314476944305,-0.0016543242251522818,1.005357903878417,7.775589706318415e-08,-0.0014938477178357392,0.0073340025896668996,0.0073340025896668996,0.17667329762993333,0.9973446695689612,7.817250568562878e-08]"
/multi_agv/m2b_algorithm_state,1789558513.9271793,1789558513.9271793,m2b_algorithm_state_v1:header6+3x20,"[1.0,-0.15,0.52,3.537839670273307,0.10125038347524822,1789558513.9270737,3.536414215021644,0.1010752635866827,0.0036904376666666654,0.0015400568637484635,0.0006967454686732208,0.0005696840371197882,0.004584685874999997,3.5374555160493206,0.09966674566695874,0.0010413010276764112,-0.0014085179197239617,-0.0014117176950391717,1.004567572555176,6.594151601528377e-08,-0.00011009141044365767,0.0025597908579304864,0.0025597908579304864,0.14191826795541293,0.9977334170093255,6.624270867408187e-08,3.537394685322235,0.10150166668216767,0.002796189458333334,-0.0009434341376842554,0.0016671005646600179,0.0007538356233725285,-0.0017884964166666626,3.537530894986106,0.10113119572734128,0.00013620966387106748,-0.00037047095482639625,-0.00037068932827694187,1.0011805494459096,-2.7871353491192223e-09,-0.00020042724843810753,-6.633260487246386e-05,-6.633260487246386e-05,0.12044727426394639,0.9994108990092575,-2.7904257002113e-09,3.5367080550581655,0.10117423415428012,0.0036904376666666654,0.001323413658838177,0.0009824248578992117,0.0005149961264724516,0.0032930326916666636,3.537340036041665,0.10059183192335902,0.0006319809834995915,-0.0005824022309210974,-0.0005829451759548182,1.0018686013245324,9.678228341948758e-09,0.00020703105341967124,0.0008515606919866289,0.0008515606919866289,0.17663710638520358,0.9990686173312414,9.69631309224765e-09]"
/multi_agv/m2b_algorithm_state,1789558513.937081,1789558513.937081,m2b_algorithm_state_v1:header6+3x20,"[1.0,-0.15,0.52,3.538837459059716,0.10125039734979031,1789558513.9369738,3.537414898823137,0.10107525149438214,0.0036904376666666654,0.0015401432487596924,0.000696738781674266,0.0005696500710430537,0.004584685874999997,3.538554769101615,0.10072575398896007,0.0011398702784779502,-0.0003494975054220695,-0.00034969294585824044,1.001119883508286,4.057242559886679e-09,0.0010751449022391973,-0.0021147775414889812,-0.0021147775414889812,0.14192194670517563,0.9994411084396017,4.061786198918613e-09,3.5383953720125922,0.10150167484068476,0.002796189458333334,-0.0009435284782397311,0.0016671052178556245,0.0007538740963096702,-0.0017884964166666626,3.5385328915466787,0.10113119572734128,0.0001375195340864721,-0.0003704791133434804,-0.0003706974964015336,1.0011805754229057,-2.787536736188451e-09,-0.00019879807879344348,-7.219926831490079e-05,-7.219926831490079e-05,0.12044959034918103,0.9994108860724091,-2.790827633549642e-09,3.537708739984192,0.10117422409067771,0.0036904376666666654,0.001323469465664313,0.0009824228401126298,0.0005149729859699145,0.0032930326916666636,3.5384483720746447,0.10181968126904192,0.000739632090452691,0.0006454571783642143,0.0006447964637219942,0.9979577235604737,1.187757661336916e-08,0.0015693365767878579,-0.004551427592565278,-0.004551427592565278,0.1766443097438634,1.0010246871367847,1.1853319318493008e-08]"
/multi_agv/m2b_algorithm_state,1789558513.9471912,1789558513.9471912,m2b_algorithm_state_v1:header6+3x20,"[1.0,-0.15,0.52,3.539844512921651,0.10125035159874322,1789558513.9470716,3.538412692094155,0.10107528401781805,0.0036904376666666654,0.0015399136894613656,0.0006967616174906148,0.0005697376974558604,0.004584685874999997,3.539641192752613,0.1013497410959614,0.0012285006584580316,0.00027445707814334475,0.0002743371204164176,0.9991267609408091,2.5005549414671373e-09,0.0018099629434889571,-0.005015320375092872,-0.005015320375092872,0.1419153725003099,1.0004372639282102,2.498371359222595e-09,3.539393155274933,0.10150165563596188,0.002796189458333334,-0.0009432796507668315,0.001667088645651571,0.0007537748585146886,-0.0017884964166666626,3.5394581613799545,0.10031023787679472,6.50061050215811e-05,-0.0011914177591671599,-0.0011936903247845776,1.003832069143593,-2.883706763016474e-08,-0.0011124326935076012,0.0035232131482562296,0.0035232131482562296,0.12044545131282969,0.9980961849399023,-2.8947573267221996e-08,3.5387065298100593,0.10117425239559101,0.0036904376666666654,0.0013233154640679879,0.000982430954332392,0.0005150355189816529,0.0032930326916666636,3.5393498036655204,0.10027002889930009,0.0006432738554611461,-0.0009042234962909207,-0.0009055354431452544,1.002911719763922,2.3332718313821022e-08,-0.00010144312381882173,0.0020879716843948152,0.0020879716843948152,0.1766314369794632,0.998551192154581,2.3400656650881397e-08]"
/multi_agv/m2b_algorithm_state,1789558513.9570467,1789558513.9570467,m2b_algorithm_state_v1:header6+3x20,"[1.0,-0.15,0.52,3.540838891189756,0.10125038800743869,1789558513.956936,3.539419731638835,0.10107517337793392,0.0036904376666666654,0.0015406977478618225,0.0006966891674181849,0.0005694355255008221,0.004584685874999997,3.5406263974562093,0.10088610419878143,0.001206665817374386,-0.00018906917915249843,-0.0001891263062528095,1.0006047297510874,1.1876599632201641e-09,0.001319205965465173,-0.0030543059705471507,-0.0030543059705471507,0.14194159959931926,0.9996979420713968,1.1883781765340987e-09,3.540400226486306,0.10150172399038793,0.002796189458333334,-0.0009441318299377561,0.0016671406939643418,0.0007541171749341352,-0.0017884964166666626,3.5402963869020874,0.10118158379134459,-0.00010383958421877892,-0.0003201401990433339,-0.00032030320599532315,1.001019581285449,-2.082744159012323e-09,-0.0004501026862687968,0.0007958405864071168,0.0007958405864071168,0.12046196301138741,0.9994910854810749,-2.08486768597923e-09,3.539713580639813,0.1011741574279078,0.0036904376666666654,0.001323835326444822,0.0009824062951117492,0.0005148230056390237,0.0032930326916666636,3.540212212456848,0.09886466415234643,0.0004986318170350224,-0.002309493275561361,-0.002318142919267986,1.007555621563034,1.5241503370505992e-07,-0.001694853147974208,0.008321749637557736,0.008321749637557736,0.17668279577186205,0.9962687185355438,1.535666240202524e-07]"
/multi_agv/m2b_algorithm_state,1789558513.9671094,1789558513.9671094,m2b_algorithm_state_v1:header6+3x20,"[1.0,-0.15,0.52,3.5418506660428832,0.10125031197214744,1789558513.9669886,3.5404141211460494,0.10107526244393492,0.0036904376666666654,0.001540065490405779,0.0006967461011911694,0.0005696799688239966,0.004584685874999997,3.5412769873837444,0.09996964838698227,0.000862866237695048,-0.0011056140569526418,-0.0011075810844371555,1.003573081707283,4.062135185566046e-08,-2.8998287318345462e-05,0.002138316170954622,0.002138316170954622,0.14192294886558,0.9982240329740615,4.076649526490103e-08,3.541394591230044,0.1015016680574443,0.002796189458333334,-0.0009434440480279374,0.0016671001208634628,0.0007538401500168657,-0.0017884964166666626,3.541356010469317,0.1007783840929543,-3.858076072704719e-05,-0.0007232839644900069,-0.0007241185457426056,1.0023140686580811,-1.0626192142336863e-08,-0.0007723444966514146,0.002116075280925227,0.002116075280925227,0.1204502212883685,0.9988474521782305,-1.0650781880528192e-08,3.540707961193175,0.10117423352093682,0.0036904376666666654,0.001323417680210044,0.0009824253763395909,0.0005149941137029797,0.0032930326916666636,3.5411942550564217,0.10076604188396597,0.00048629386324661183,-0.00040819163697085326,-0.0004084579955406681,1.0013070780141182,4.753646457858213e-09,0.00019940933351759668,0.000799984220442843,0.000799984220442843,0.17664627210235767,0.9993478923837388,4.75985984463017e-09]"
/multi_agv/m2b_algorithm_state,1789558513.977092,1789558513.977092,m2b_algorithm_state_v1:header6+3x20,"[1.0,-0.15,0.52,3.5428391734733466,0.10125038629335777,1789558513.9769251,3.5414258719544427,0.10107508047107325,0.0036904376666666654,0.0015413531720550166,0.0006966242318727103,0.0005691852024440669,0.004584685874999997,3.54231746951678,0.10084375378951103,0.000891597562337143,-0.00023132668156221337,-0.0002314122259009617,1.0007402435681194,1.7786882312646884e-09,0.0008830847270204672,-0.001486999509182959,-0.001486999509182959,0.141952496305637,0.9996303378595695,1.7800048937875719e-09,3.5424063953901945,0.10150177880132896,0.002796189458333334,-0.000944842247507436,0.001667188041934775,0.0007544004875446042,-0.0017884964166666626,3.5422716249343122,0.09975513457828776,-0.00013477045588228265,-0.0017466442230412021,-0.00175154898631479,1.005653246857313,-6.210298339475853e-08,-0.0019200120561676433,0.006610240955268381,0.006610240955268381,0.12046881456765972,0.9971997567228151,-6.24540668904647e-08,3.5417197307840116,0.10117407664404007,0.0036904376666666654,0.001324274539124828,0.000982383272023735,0.0005146445997106148,0.0032930326916666636,3.542284535171743,0.10166745655923913,0.0005648043877313214,0.0004933799151990576,0.0004929934213381061,0.998436204911412,6.944923383743996e-09,0.0011989989060022578,-0.003161967022462396,-0.003161967022462396,0.17670411081696782,1.000783973668254,6.934062946665878e-09]"
/multi_agv/m2b_algorithm_state,1789558513.98709,1789558513.98709,m2b_algorithm_state_v1:header6+3x20,"[1.0,-0.15,0.52,3.5438504961710677,0.10125031321664485,1789558513.9869592,3.54241440224253,0.10107526312686523,0.0036904376666666654,0.001540055669729885,0.0006967398358149516,0.0005696874845720455,0.004584685874999997,3.5433867904506986,0.10136504240314276,0.0009723882081686952,0.0002897792762775325,0.00028964556629373987,0.9990781703165071,2.787773848750832e-09,0.0015051308265046088,-0.00393916899040506,-0.00393916899040506,0.14192645511352842,1.0004616331107827,2.7852039960661886e-09,3.543394875390493,0.10150166334042038,0.002796189458333334,-0.0009434300216242357,0.0016671057514408005,0.0007538311411877802,-0.0017884964166666626,3.5435519487385054,0.10102554094153565,0.00015707334801229322,-0.0004761223988847263,-0.0004764833729794447,1.0015190398236544,-4.6038040594246955e-09,-0.00028014168796407815,0.00026332976106850517,0.00026332976106850517,0.120452428720037,0.9992424203756342,-4.610797421131263e-09,3.5427082427870156,0.10117423241278775,0.0036904376666666654,0.001323418723043215,0.0009824217086150224,0.0005149955694174289,0.0032930326916666636,3.543159658853797,0.10060702437159046,0.0004514160667814515,-0.0005672080411972952,-0.0005677229671131907,1.0018195389484281,9.179767117864875e-09,-3.4528836363763435e-06,0.0015904225527354366,0.0015904225527354366,0.17665313788369452,0.9990929979132007,9.19647006167333e-09]"
/multi_agv/m2b_algorithm_state,1789558513.9970357,1789558513.9970357,m2b_algorithm_state_v1:header6+3x20,"[1.0,-0.15,0.52,3.544839437863095,0.10125038476559933,1789558513.9969158,3.543425701897143,0.10107508805955029,0.0036904376666666654,0.0015412944958561347,0.000696622964040649,0.0005692112955682167,0.004584685874999997,3.54470358892766,0.10143071661696948,0.001277887030517011,0.00035562855741919086,0.00035542727431145496,0.998869536334819,4.2018970025374464e-09,0.0019527860624577187,-0.005560045591399309,-0.005560045591399309,0.1419524972773367,1.0005663130611624,4.197146910651245e-09,3.544406226159745,0.10150176999432589,0.002796189458333334,-0.000944774990425102,0.001667189966032101,0.0007543703330431251,-0.0017884964166666626,3.5446692128205433,0.10238348869792463,0.000262986660798159,0.0008817187035987384,0.0008804934395784016,0.9972300339816358,-1.5795841766907353e-08,0.0012092267655761002,-0.005648663458260758,-0.005648663458260758,0.12046881401316571,1.0013915651897685,-1.5752087821981563e-08,3.543719560456315,0.10117408159605837,0.0036904376666666654,0.0013242425367013242,0.0009823813554561411,0.000514659468376877,0.0032930326916666636,3.544332364377243,0.09962817975966724,0.0006128039209278846,-0.0015459018363911253,-0.0015497551217763148,1.005014205376787,6.827650909834286e-08,-0.0007837502206164591,0.00478323994119924,0.00478323994119924,0.1767041089261603,0.9975136166152669,6.861886153737201e-08]"
/multi_agv/m2b_algorithm_state,1789558514.007157,1789558514.007157,m2b_algorithm_state_v1:header6+3x20,"[1.0,-0.15,0.52,3.545849803086574,0.10125031792315314,1789558514.0069714,3.5444146656557534,0.10107526373275798,0.0036904376666666654,0.001540046610430629,0.0006967344950948194,0.0005696941893395532,0.004584685874999997,3.5456797557446085,0.10086828265208944,0.0012650900888551142,-0.00020698108066853627,-0.00020704955380337938,1.0006621536709759,1.422766464080137e-09,0.0013743130572655133,-0.0032420945698597215,-0.0032420945698597215,0.14192989815258872,0.9996692910774967,1.4237085541172692e-09,3.5453951413551317,0.10150165905575387,0.002796189458333334,-0.0009434166109138064,0.001667110476110345,0.0007538228704636191,-0.0017884964166666626,3.545786120568047,0.10204967038045559,0.00039097921291553206,0.0005480113247017249,0.0005475368111811957,0.9982718327122909,-6.09453572115103e-09,0.0010362608273256108,-0.004876256611810743,-0.004876256611810743,0.12045459635380852,1.0008666330935914,-6.0840033438839625e-09,3.5447085065783996,0.10117423150828614,0.0036904376666666654,0.0013234189584255835,0.0009824184672886822,0.0005149971533407864,0.0032930326916666636,3.5454795461845383,0.10114065951461693,0.0007710396061386682,-3.3571993669212485e-05,-3.3573790319402036e-05,1.0001070462567294,3.214694443643033e-11,0.0009302257173539332,-0.001963383309612166,-0.001963383309612166,0.1766598801936017,0.9999464865249811,3.215038564649754e-11]"
/multi_agv/m2b_algorithm_state,1789558514.0170386,1789558514.0170386,m2b_algorithm_state_v1:header6+3x20,"[1.0,-0.15,0.52,3.546844709445004,0.10125035199449628,1789558514.0169358,3.5454250098703555,0.10107510338338117,0.0036904376666666654,0.0015411813544395727,0.0006966278717698059,0.0005692577848968534,0.004584685874999997,3.5466355647691614,0.10099407554305873,0.001210554898805949,-8.102784032244792e-05,-8.103832403982032e-05,1.0002588474555452,2.1818390525141306e-10,0.001432155299467616,-0.003505053224417645,-0.003505053224417645,0.14195249730091958,0.999870632598877,2.182403816001283e-10,3.546405532152846,0.1015017568985391,0.002796189458333334,-0.0009446484606818071,0.001667187198815423,0.0007543169261578775,-0.0017884964166666626,3.5467932117210017,0.10204967038045559,0.00038767956815588533,0.0005479134819164899,0.0005474391381004147,0.9982721416369986,-6.100312348781761e-09,0.0010320385982952713,-0.004862425215812357,-0.004862425215812357,0.12046881400479671,1.0008664777197356,-6.0897718730729975e-09,3.5457188672365207,0.10117409348753915,0.0036904376666666654,0.001324172985651894,0.0009823816952896141,0.0005146894392268836,0.0032930326916666636,3.5465093411761286,0.1014839120312594,0.0007904739396078497,0.00030981854372023887,0.00030966592865991967,0.999015964229289,2.73868867727042e-09,0.0012977583531697317,-0.0034274777104714746,-0.0034274777104714746,0.1767041089047695,1.0004928377525408,2.7359937096471446e-09]"
/multi_agv/m2b_algorithm_state,1789558514.0271187,1789558514.0271187,m2b_algorithm_state_v1:header6+3x20,"[1.0,-0.15,0.52,3.5478504719647135,0.1012503159015576,1789558514.0269866,3.5464199264990817,0.1010751891713166,0.0036904376666666654,0.0015405696385583558,0.0006966795306236223,0.0005694960680238502,0.004584685874999997,3.5474845002121103,0.10086396773427345,0.0010645737130285937,-0.00021122143704314922,-0.00021129274684655945,1.0006757521253764,1.4821672483275252e-09,0.0011194243944391826,-0.00233541735351768,-0.00233541735351768,0.14195107226582468,0.9996625070927683,1.4831688259957457e-09,3.5474004263744887,0.10150170080962415,0.002796189458333334,-0.000943980771446167,0.0016671507884544745,0.0007540464453836132,-0.0017884964166666626,3.5472603678746033,0.10004381317200282,-0.0001400584998854093,-0.0014578876376213218,-0.0014612972938199931,1.0047032874504414,-4.321870359129519e-08,-0.0016363704186767548,0.005487921464159902,0.005487921464159902,0.12046792635158751,0.9976666923198372,-4.3421973577520475e-08,3.5467137754614413,0.10117416600254808,0.0036904376666666654,0.0013237722968968374,0.000982398156720965,0.000514854559565377,0.0032930326916666636,3.547194119687915,0.10082992784591191,0.00048034422647358355,-0.00034423815663617297,-0.0003444274986940577,1.0011014945448424,3.3815347856421404e-09,0.00025600278439792174,0.0005708081692763336,0.0005708081692763336,0.17670134835968135,0.9994502702060588,3.38525952776172e-09]"
/multi_agv/m2b_algorithm_state,1789558514.0370307,1789558514.0370307,m2b_algorithm_state_v1:header6+3x20,"[1.0,-0.15,0.52,3.5488376148506138,0.10125039844767271,1789558514.0369267,3.54742567745509,0.1010751046774527,0.0036904376666666654,0.0015411651955116036,0.0006966205682124914,0.0005692685880118951,0.004584685874999997,3.548457941558137,0.10055399083668934,0.0010322641030473534,-0.0005211138407633653,-0.0005215489064879817,1.0016730362447572,9.027099106088774e-09,0.00076878122232121,-0.0009488370519731876,-0.0009488370519731876,0.1419524997831333,0.999165819889172,9.042201770078277e-09,3.548406203158173,0.10150175043539802,0.002796189458333334,-0.0009446253789874856,0.0016671935803773685,0.000754303601521289,-0.0017884964166666626,3.548257997476356,0.10004381317200282,-0.00014820568181672655,-0.001457937263395201,-0.0014613471507193083,1.0047034470451905,-4.325115190058366e-08,-0.0016466042529902165,0.005523439012927781,0.005523439012927781,0.12046881256451165,0.9976666137663257,-4.345458140319155e-08,3.5477195352808786,0.10117409259182206,0.0036904376666666654,0.0013241710214212214,0.0009823771158515631,0.0005146926726038478,0.0032930326916666636,3.5481433394930266,0.10020811903830162,0.000423804212148049,-0.0009659735535204328,-0.0009674715073538097,1.003112740831487,2.6646710756590932e-08,-0.0004377162421687485,0.0033060139080225703,0.0033060139080225703,0.17670410404687872,0.9984516817063956,2.6729655061187798e-08]"
/multi_agv/m2b_algorithm_state,1789558514.0470378,1789558514.0470378,m2b_algorithm_state_v1:header6+3x20,"[1.0,-0.15,0.52,3.5498428723658066,0.10125036407320036,1789558514.046943,3.5484128460981967,0.10107530569312616,0.0036904376666666654,0.0015397386583431215,0.0006967506965432687,0.0005698192465572709,0.004584685874999997,3.5494404517173765,0.10026738268528619,0.0010276056191798055,-0.0008079230078399668,-0.0008089710244222325,1.0026022522617355,2.1682352398986997e-08,0.00047553599955252443,0.00021905905913833699,0.00021905905913833699,0.14192845795388878,0.998704506650267,2.1738775349557006e-08,3.5493933149616437,0.10150162487141194,0.002796189458333334,-0.0009430731573716335,0.0016671003330901435,0.0007536792712176943,-0.0017884964166666626,3.5495396897026255,0.10170486126804777,0.0001463747409817806,0.00020323639663583082,0.00020317096199694727,0.9993565694603028,-8.381320566842332e-10,0.00038613938822417305,-0.0024063645429947805,-0.0024063645429947805,0.12045368965821722,1.0003220668851514,-8.375927769226634e-10,3.5487066834920005,0.10117426477848003,0.0036904376666666654,0.0013232265563205988,0.0009824209101437784,0.0005150792813632035,0.0032930326916666636,3.5492658573712834,0.10129378316288451,0.0005591738792829481,0.00011951838440447948,0.00011949563992915366,0.9996195698292643,4.0732855962986596e-10,0.0008184629890328389,-0.0016373516553928125,-0.0016373516553928125,0.17665705994513628,1.0001903372820908,4.071735995563804e-10]"
/multi_agv/m2b_algorithm_state,1789558514.056983,1789558514.056983,m2b_algorithm_state_v1:header6+3x20,"[1.0,-0.15,0.52,3.5508373152874904,0.10125039954334403,1789558514.0568595,3.549418093237396,0.1010752208886146,0.0036904376666666654,0.001540340715268619,0.0006966979739156714,0.0005695857034912985,0.004584685874999997,3.5508256036111367,0.10048621364250712,0.0014075103737405392,-0.0005890072461074841,-0.0005895633459137511,1.0018924573403098,1.152688786344436e-08,0.0011698246212619228,-0.002339270239514882,-0.002339270239514882,0.1419483279598095,0.9990567598713161,1.1548702006992463e-08,3.550398584898055,0.10150167859920214,0.002796189458333334,-0.0009437276273026735,0.0016671375967440838,0.0007539435780053727,-0.0017884964166666626,3.5504993392928417,0.10037216778622093,0.00010075439478685055,-0.0011295108129812104,-0.0011315523898098798,1.003630407355756,-2.5929352696626835e-08,-0.0010056093963263166,0.0031182933504352757,0.0031182933504352757,0.12046619874887798,0.9981957734815864,-2.602348680938666e-08,3.5497119389619693,0.10117419273178431,0.0036904376666666654,0.0013236222198133008,0.000982403403796894,0.0005149168827777266,0.0032930326916666636,3.5504861336824955,0.10108181578135068,0.0007741947205262001,-9.237695043362582e-05,-9.239055954417623e-05,1.0002947458381768,2.4344304524617087e-10,0.0008753528411135739,-0.0017413044561417324,-0.0017413044561417324,0.1766959733747642,0.9998527002042464,2.4351479907059025e-10]"
/multi_agv/m2b_algorithm_state,1789558514.0670462,1789558514.0670462,m2b_algorithm_state_v1:header6+3x20,"[1.0,-0.15,0.52,3.551850214184576,0.10125031569095973,1789558514.066966,3.550412547528338,0.10107530556833197,0.0036904376666666654,0.0015397411570340453,0.0006967554001215065,0.0005698157169363918,0.004584685874999997,3.551852796403418,0.10056882916361416,0.0014402488750802078,-0.0005064764047178066,-0.0005068873262890054,1.0016257692080055,8.519128014101116e-09,0.0012934237675612543,-0.0028160869589825737,-0.0028160869589825737,0.14192990441771292,0.9991893236427765,8.532978150105498e-09,3.5513930139437773,0.10150162712516507,0.002796189458333334,-0.0009430759352470133,0.0016670959688616094,0.0007536827454631134,-0.0017884964166666626,3.55140235635584,0.09948078737481189,9.342412062629535e-06,-0.002020839750353179,-0.002027418944414225,1.0065609988730895,-8.299157730581274e-08,-0.002015740929335938,0.007064495085089006,0.007064495085089006,0.12045460028715842,0.9967548916916396,-8.35360849509921e-08,3.550706384390355,0.10117426593653506,0.0036904376666666654,0.001323222178271665,0.0009824232448660385,0.0005150799646802414,0.0032930326916666636,3.5515156279399047,0.10110058394722422,0.0008092435495496986,-7.36819893108337e-05,-7.369064623069096e-05,1.0002350460462524,1.5483020803985903e-10,0.0009378637907064322,-0.00197217482680486,-0.00197217482680486,0.17665989242387745,0.999882523491107,1.5486660026809922e-10]"
/multi_agv/m2b_algorithm_state,1789558514.0770004,1789558514.0770004,m2b_algorithm_state_v1:header6+3x20,"[1.0,-0.15,0.52,3.5528367575165976,0.10125040196062818,1789558514.076821,3.5514254202796174,0.10107510300254495,0.0036904376666666654,0.0015411760594308986,0.0006966227331129276,0.0005692627528888991,0.004584685874999997,3.552817515680237,0.10016315179367437,0.0013920954006194641,-0.0009119512088705817,-0.0009132875376502614,1.0029407796508467,2.7653259667990752e-08,0.0008268317131240688,-0.0009753577804376716,-0.0009753577804376716,0.1419525018648311,0.9985367929325764,2.773458181130196e-08,3.5524059445368237,0.1015017519898479,0.002796189458333334,-0.0009446345664459346,0.0016671910567440662,0.0007543088966645295,-0.0017884964166666626,3.5524917909341975,0.10116286433846475,8.584639737385658e-05,-0.0003388876513831518,-0.00033907033460557905,1.0010795173309897,-2.3350908466072214e-09,-0.00023176233788825833,2.9472054279560127e-05,2.9472054279560127e-05,0.12046881136383787,0.9994612232219026,-2.3376116176455693e-09,3.551719277737286,0.10117409208048632,0.0036904376666666654,0.0013241734225911492,0.0009823779357767126,0.0005146912053076193,0.0032930326916666636,3.552522554647982,0.10106860186893356,0.000803276910696038,-0.00010549021155276117,-0.00010550796041238726,1.0003366366208333,3.175992492438421e-10,0.0008985881779576603,-0.00181716591128934,-0.00181716591128934,0.17670409997725972,0.9998317770568522,3.177061647818867e-10]"
/multi_agv/m2b_algorithm_state,1789558514.0869908,1789558514.0869908,m2b_algorithm_state_v1:header6+3x20,"[1.0,-0.15,0.52,3.5538439277453002,0.10125035516865755,1789558514.0869265,3.5524119905171587,0.10107531295783943,0.0036904376666666654,0.0015396863568857113,0.000696758721823265,0.000569837742734655,0.004584685874999997,3.5537666557252288,0.09951522823968381,0.0013546652080700383,-0.0015600847181556216,-0.00156401466514392,1.0050677219916955,8.088544105499724e-08,0.00012931684494362785,0.0017816023727265935,0.0017816023727265935,0.14193043670638225,0.9974872697322587,8.129534598343963e-08,3.5533924553847522,0.10150162099989847,0.002796189458333334,-0.0009430139752531421,0.0016670936044640428,0.0007536571178109047,-0.0017884964166666626,3.553373858148486,0.10220427322689296,-1.859723626607135e-05,0.0007026522269944907,0.0007018730407523146,0.9977880668731283,-1.0014038013054399e-08,0.0006786264954197254,-0.003674967145192637,-0.003674967145192637,0.12045493539138297,1.0011101526870743,-9.99188763063957e-09,3.5527058266478817,0.1011742719241466,0.0036904376666666654,0.0013231872075445453,0.0009824237737746438,0.0005150948479891561,0.0032930326916666636,3.553582817730289,0.10120376545077944,0.0008769910824071303,2.9493526632839995e-05,2.94921406577676e-05,0.9999060254409611,2.4805241254477523e-11,0.0011257309936666805,-0.002686849095888974,-0.002686849095888974,0.1766609347771823,1.0000469947261028,2.480291019286878e-11]"
/multi_agv/m2b_algorithm_state,1789558514.0972285,1789558514.0972285,m2b_algorithm_state_v1:header6+3x20,"[1.0,-0.15,0.52,3.5548442505804965,0.10125035374632792,1789558514.0971234,3.553419146432263,0.10107519832749078,0.0036904376666666654,0.0015404997130003296,0.0006966860802747547,0.0005695229710419217,0.004584685874999997,3.554592741103889,0.09972669258064279,0.0011735946716258105,-0.001348505746847986,-0.0013514373442979973,1.0043700100350224,6.04570754139775e-08,0.00011555599523426592,0.0017363872993350878,0.0017363872993350878,0.1419524918069455,0.9978307559263624,6.072127344022468e-08,3.5543996428199396,0.10150169301573377,0.002796189458333334,-0.0009438981844676099,0.0016671452239176432,0.0007540135412286569,-0.0017884964166666626,3.554347421802892,0.1017098815282473,-5.222101704749349e-05,0.00020818851251352966,0.00020811985286706358,0.9993409291722897,-8.802400407992444e-10,0.00014284358155769672,-0.0015451107914351903,-0.0015451107914351903,0.12046881716814914,1.0003299043580909,-8.79659900266971e-10,3.5537129939836984,0.1011741741627481,0.0036904376666666654,0.0013237235469737026,0.0009823994442548223,0.0005148750210064519,0.0032930326916666636,3.5542926248076916,0.1007728920830057,0.0005796308239931491,-0.00040128207974239605,-0.0004015394839751515,1.0012848533160323,4.595117274992391e-09,0.00032299904601628494,0.00035905437199020354,0.00035905437199020354,0.17670411958784343,0.9993589566081842,4.601021326660723e-09]"
/multi_agv/m2b_algorithm_state,1789558514.1071675,1789558514.1071675,m2b_algorithm_state_v1:header6+3x20,"[1.0,-0.15,0.52,3.555844385374973,0.10125035355676215,1789558514.107083,3.5544194687691504,0.10107519598838259,0.0036904376666666654,0.001540514802072328,0.0006966832819626839,0.0005695178860856518,0.004584685874999997,3.5556182016919387,0.10008993649551379,0.0011987329227882704,-0.0009852594928688035,-0.0009868201622067162,1.0031798046691953,3.226559141999064e-08,0.0005115959912786218,0.0001726801603589758,0.0001726801603589758,0.1419524930293721,0.9984184865716336,3.236818969824227e-08,3.5553999663531215,0.10150169340452317,0.002796189458333334,-0.0009439132319756238,0.0016671473178759832,0.0007540189745857129,-0.0017884964166666626,3.5551626065006063,0.10003966230290276,-0.00023735985251516212,-0.001462031101620409,-0.0014654602742143097,1.004716876002881,-4.3461729246080977e-08,-0.0017621600898582624,0.005933971858937718,0.005933971858937718,0.12046881646330335,0.9976600030350607,-4.366673283380553e-08,3.5547133166192166,0.10117417184607803,0.0036904376666666654,0.001323734841865232,0.0009823980935826258,0.0005148708276619387,0.0032930326916666636,3.555357098102349,0.10141049286843283,0.0006437814831321553,0.00023632102235479624,0.0002362321783322825,0.9992487791441174,1.5929835490625751e-09,0.0010409590322474765,-0.002481187304862847,-0.002481187304862847,0.17670411722073845,1.0003760877249703,1.5917868665974414e-09]"
/multi_agv/m2b_algorithm_state,1789558514.1170638,1789558514.1170638,m2b_algorithm_state_v1:header6+3x20,"[1.0,-0.15,0.52,3.5568372564802533,0.10125039921542499,1789558514.1169603,3.555419603455762,0.10107519664200162,0.0036904376666666654,0.0015405086499445733,0.0006966824430015164,0.0005695209891536792,0.004584685874999997,3.556829575465893,0.10016560977723103,0.0014099720101312663,-0.0009095868647705924,-0.0009109162479648143,1.0029330733177104,2.749808694647015e-08,0.0008515487646992686,-0.0010645678796251598,-0.0010645678796251598,0.14195249391203046,0.9985406087582783,2.757874085158092e-08,3.5564001013732134,0.101501691929115,0.002796189458333334,-0.0009439051449541998,0.0016671479947212298,0.0007540151170585402,-0.0017884964166666626,3.556584192194786,0.10116734285594951,0.00018409082157244683,-0.00033434907316548523,-0.0003345268899920631,1.0010650058282977,-2.271202262639686e-09,-0.00010441336302650456,-0.0004233771155529671,-0.0004233771155529671,0.12046881595307724,0.9994684528153115,-2.2736211062866403e-09,3.5557134512959436,0.10117417209916983,0.0036904376666666654,0.0013237320435415395,0.0009823974021826668,0.0005148724002497864,0.0032930326916666636,3.5564181815875577,0.10193783278512725,0.0007047302916141085,0.0007636606859574152,0.0007627366439666104,0.9975869614428948,1.6628125960185675e-08,0.001643649508484246,-0.0048714297745051805,-0.0048714297745051805,0.17670411549715623,1.0012114823617222,1.6588001651111344e-08]"
/multi_agv/m2b_algorithm_state,1789558514.1271155,1789558514.1271155,m2b_algorithm_state_v1:header6+3x20,"[1.0,-0.15,0.52,3.557841470614647,0.1012503715177272,1789558514.1270165,3.556412489042506,0.10107530642341915,0.0036904376666666654,0.0015397308135854937,0.0006967556034213726,0.0005698200946302324,0.004584685874999997,3.557742844491348,0.09914030677126356,0.001330355448842191,-0.0019349996521555862,-0.0019410625214254058,1.0063121711433398,1.2446789634962817e-07,-0.00027811821037266714,0.003385330352910604,0.003385330352910604,0.14193721777618334,0.9968765203578465,1.252535590132385e-07,3.5573929548691408,0.10150162456329377,0.002796189458333334,-0.000943059511561802,0.0016670951666619693,0.0007536760436063772,-0.0017884964166666626,3.5577709185335067,0.10323404342257839,0.0003779636643659323,0.0017324188592846151,0.0017277191541317388,0.9946101204817377,-6.083188226357219e-08,0.002200173734589154,-0.009584568839056111,-0.009584568839056111,0.12045920445781294,1.0027201788795577,-6.050400574730242e-08,3.5567063255291136,0.10117426665956201,0.0036904376666666654,0.001323214691519747,0.0009824224681263876,0.0005150836138978414,0.0032930326916666636,3.557621850864021,0.10133225528771603,0.0009155253349075743,0.0001579886281540127,0.00015794889694088605,0.999497337445239,7.117236584401138e-10,0.001302355565575354,-0.00337386628757937,-0.00337386628757937,0.17667421430481864,1.0002515447331142,7.113659016076785e-10]"
/multi_agv/m2b_algorithm_state,1789558514.1370745,1789558514.1370745,m2b_algorithm_state_v1:header6+3x20,"[1.0,-0.15,0.52,3.5588373110491176,0.10125039796016978,1789558514.1369681,3.557416694889014,0.1010752374917975,0.0036904376666666654,0.001540220845549245,0.000696713529436632,0.0005696295708589065,0.004584685874999997,3.5587350106877773,0.09975942075199265,0.0013183157987635141,-0.0013158167398048537,-0.0013186072418164766,1.0042625033832995,5.754982690990841e-08,0.000329287506637916,0.0009663136995511904,0.0009663136995511904,0.14195248993767698,0.9978837504276262,5.779513324182019e-08,3.5583971788634825,0.10150166878533405,0.002796189458333334,-0.0009435927620511531,0.001667124746506321,0.0007538918028205388,-0.0017884964166666626,3.5588351678632373,0.10363736112861259,0.00043798899975477923,0.002135692343278539,0.002128571847162957,0.9933860711492342,-9.247385332364688e-08,0.002676058096856431,-0.011481426739491901,-0.011481426739491901,0.12046881824900982,1.0033451988595417,-9.186223783720812e-08,3.557710538091445,0.10117420827605006,0.0036904376666666654,0.001323535990450367,0.0009824087142900955,0.000514951497550588,0.0032930326916666636,3.5585974769811903,0.10095887557206866,0.0008869388897454478,-0.0002153327039813996,-0.0002154067200295873,1.0006880167871772,1.3228151754995028e-09,0.0008932668921522224,-0.0017483040572724498,-0.0017483040572724498,0.1767041232444728,0.9996563893263054,1.3237252945465793e-09]"
/multi_agv/m2b_algorithm_state,1789558514.147204,1789558514.147204,m2b_algorithm_state_v1:header6+3x20,"[1.0,-0.15,0.52,3.559844726028622,0.10125034974090087,1789558514.1470776,3.558412543867555,0.10107530007085538,0.0036904376666666654,0.001539778375323818,0.0006967567191369808,0.0005697988982755501,0.004584685874999997,3.559805478439449,0.1006212240190383,0.0013929345718937114,-0.00045407605181709,-0.0004544062129803948,1.0014567026718078,6.8474459464871285e-09,0.0012867620018867446,-0.0028168051731054925,-0.0028168051731054925,0.14193991835432007,0.9992734228673078,6.8574206392924355e-09,3.559393008815082,0.10150163126198157,0.002796189458333334,-0.0009431123179541503,0.0016670932978941622,0.0007536999054353205,-0.0017884964166666626,3.559717000174968,0.10233100552574248,0.00032399135988603334,0.0008293742637609097,0.0008282897277354986,0.9973929166967667,-1.3951965215692776e-08,0.0012332789275930401,-0.005708171773680568,-0.005708171773680568,0.12046090460938587,1.001309367953139,-1.3915591280131652e-08,3.5587063804647148,0.10117426254767244,0.0036904376666666654,0.001323240028845301,0.000982423829368773,0.0005150719231315879,0.0032930326916666636,3.5595458378043654,0.10105636900311311,0.0008394573396506289,-0.0001178935445593221,-0.00011791571456908878,1.0003762697173517,3.9639885282555616e-10,0.0009314059599941973,-0.0019288356778423758,-0.0019288356778423758,0.1766795031843931,0.9998119842647972,3.9654800570986737e-10]"
/multi_agv/m2b_algorithm_state,1789558514.1571875,1789558514.1571875,m2b_algorithm_state_v1:header6+3x20,"[1.0,-0.15,0.52,3.5608440473089478,0.10125035487469608,1789558514.157047,3.5594199439583836,0.1010751825734811,0.0036904376666666654,0.001540611690508726,0.0006966812090448467,0.0005694769672202393,0.004584685874999997,3.5605583557225704,0.10099712687197233,0.0011384117641868308,-7.805570150876129e-05,-7.806543000749243e-05,1.0002493441496167,2.0239595310027324e-10,0.001344949275226046,-0.003197517862572981,-0.003197517862572981,0.14195249708487762,0.9998753801941499,2.024464193470849e-10,3.5604004417463924,0.10150170459574792,0.002796189458333334,-0.0009440182100095675,0.0016671471533094007,0.0007540645645411209,-0.0017884964166666626,3.5607339053325897,0.10233100552574248,0.00033346358619734673,0.0008293009299945586,0.0008282165862298589,0.9973931476424962,-1.3962893075099852e-08,0.0012450460689765424,-0.005750938240388307,-0.005750938240388307,0.12046881412325808,1.0013092514479043,-1.3926493874369453e-08,3.5597137923810918,0.10117416205347363,0.0036904376666666654,0.0013237909128253466,0.0009823983755193897,0.0005148463764775833,0.0032930326916666636,3.5605530860733827,0.1011041357297441,0.0008392936922909655,-7.00263237295301e-05,-7.003414274329151e-05,1.0002233755060483,1.399076248843379e-10,0.0009790829726204155,-0.0021195853199740228,-0.0021195853199740228,0.17670410930582992,0.9998883542590067,1.3993887682084646e-10]"
/multi_agv/m2b_algorithm_state,1789558514.1670494,1789558514.1670494,m2b_algorithm_state_v1:header6+3x20,"[1.0,-0.15,0.52,3.5618371799777933,0.10125039887626593,1789558514.1669471,3.5604192666979158,0.10107519646656482,0.0036904376666666654,0.0015405115574407425,0.0006966883711416294,0.0005695166453819066,0.004584685874999997,3.561496055365328,0.1001443175200034,0.0010767886674121208,-0.0009308789465614226,-0.0009322715195669793,1.0030024540334352,2.8801008647161478e-08,0.00041371431469817163,0.0004943278830416148,0.0004943278830416148,0.14195249649347594,0.9985062581272421,2.8887482351741152e-08,3.5613997613835853,0.1015016946749043,0.002796189458333334,-0.0009439081020070537,0.00166714222391251,0.0007540194006246809,-0.0017884964166666626,3.5613279481241307,0.10317714670720837,-7.18132594546006e-05,0.00167545203230407,0.0016710544253138407,0.9947839624230069,-5.695056985224232e-08,0.00158128785099559,-0.00734811039309873,-0.00734811039309873,0.12046881446421671,1.002631636003958,-5.6653513539861855e-08,3.5607131138453423,0.1011741734826191,0.0036904376666666654,0.001323726722547438,0.000982400329114519,0.0005148731842606414,0.0032930326916666636,3.561296248364116,0.1010075940355415,0.0005831345187736758,-0.0001665794470775972,-0.00016662372517614143,1.0005319499556238,7.917167965800651e-10,0.0005622944232909534,-0.0005963176156153147,-0.0005963176156153147,0.17670411046808937,0.9997342629418625,7.921379502948725e-10]"
/multi_agv/m2b_algorithm_state,1789558514.1770844,1789558514.1770844,m2b_algorithm_state_v1:header6+3x20,"[1.0,-0.15,0.52,3.5628372865483318,0.10125039744149944,1789558514.1769738,3.561412413269547,0.10107530237202379,0.0036904376666666654,0.0015397612457086324,0.000696758669744301,0.0005698053086451185,0.004584685874999997,3.562397486608641,0.10017477329085146,0.0009850733390943667,-0.0009005290811723299,-0.000901832028997118,1.002903564252358,2.6939897464729403e-08,0.0003295096448708404,0.0007778063147725505,0.0007778063147725505,0.14194321544129546,0.9985552211688056,2.7018119187970182e-08,3.5623928771537887,0.10150162963801158,0.002796189458333334,-0.000943092614337207,0.0016670915279872744,0.0007536922852369871,-0.0017884964166666626,3.5623559956184465,0.10317714670720837,-3.688153534220362e-05,0.0016755170691967886,0.0016711191190613977,0.9947837591841676,-5.6905799307404124e-08,0.0016250171998836431,-0.007503471560037877,-0.007503471560037877,0.1204629802459478,1.002631739464426,-5.660896495439928e-08,3.5617062495100433,0.10117426461876239,0.0036904376666666654,0.0013232281262920407,0.00098242441012375,0.0005150767803372299,0.0032930326916666636,3.5622819144317512,0.10079019115648548,0.000575664921707908,-0.00038407346227690986,-0.0003843092318599245,1.0012295124894026,4.207825506349672e-09,0.00033527192027496045,0.0003072553541292734,0.0003072553541292734,0.17668596033267156,0.9993865107484574,4.2129990803629555e-09]"
/multi_agv/m2b_algorithm_state,1789558514.1870873,1789558514.1870873,m2b_algorithm_state_v1:header6+3x20,"[1.0,-0.15,0.52,3.5638389531242716,0.10125038613699677,1789558514.1869955,3.562412519830749,0.10107529620152826,0.0036904376666666654,0.0015398074059147222,0.0006967586546893214,0.0005697853079616897,0.004584685874999997,3.5634731998546054,0.10150371708372219,0.0010606800238566194,0.0004284208821939278,0.000428128927712145,0.9986392740302179,6.091879203518235e-09,0.0017539789575329193,-0.004889318526931663,-0.004889318526931663,0.14194484659761364,1.0006819312195114,6.083589825281233e-09,3.5633929834842344,0.101501635789707,0.002796189458333334,-0.0009431442556103306,0.0016670908077078828,0.0007537150446226965,-0.0017884964166666626,3.5632319124860783,0.1039546430694877,-0.0001610709981560987,0.0024530072797807057,0.0024436363614784504,0.9924309761180097,-1.2190741917871508e-07,0.002242297613783327,-0.010083092618702699,-0.010083092618702699,0.12046400711595129,1.003834825201482,-1.2098469901155958e-07,3.562706356330012,0.10117426033326304,0.0036904376666666654,0.001323254145063736,0.0009824252496400737,0.0005150650655648447,0.0032930326916666636,3.5632104253357224,0.0999084435437433,0.000504069005710317,-0.0012658167895197442,-0.0012683948371821736,1.004092775885564,4.5734337092913886e-08,-0.0006383085800442773,0.004146229528507767,0.004146229528507767,0.17668915497101867,0.9979674722831916,4.592151748491002e-08]"
/multi_agv/m2b_algorithm_state,1789558514.1971927,1789558514.1971927,m2b_algorithm_state_v1:header6+3x20,"[1.0,-0.15,0.52,3.564844211837334,0.10125035221555016,1789558514.197064,3.563414183194697,0.10107526681155213,0.0036904376666666654,0.0015400175860037215,0.0006967424278315974,0.0005697026440118296,0.004584685874999997,3.564588731068602,0.10288448904247408,0.0011745478739051407,0.0018092222309219474,0.001804069723070861,0.9943432275391798,1.0854707574991503e-07,0.003272254565452287,-0.010968981188262505,-0.010968981188262505,0.14195200245671605,1.0028560469615975,1.0793304964111034e-07,3.5643946537583155,0.10150165574391791,0.002796189458333334,-0.0009433739096306065,0.001667101902132373,0.0007538088207634241,-0.0017884964166666626,3.5642671011381357,0.1039546430694877,-0.00012755262017982716,0.002452987325569797,0.0024436165608604896,0.9924310380335054,-1.2193511035440196e-07,0.0022841757856357056,-0.010233243375434839,-0.010233243375434839,0.12046851191742473,1.0038347934202934,-1.2101218814174918e-07,3.5637080224198017,0.10117423585552027,0.0036904376666666654,0.001323390134306822,0.0009824203793847852,0.0005150086528650389,0.0032930326916666636,3.564087946250212,0.09907827990188181,0.00037992383041052236,-0.0020959559536384564,-0.0021030685875427497,1.0068405663587185,1.2547328583408655e-07,-0.0016281637995295968,0.007996373291459824,0.007996373291459824,0.1767031702166341,0.9966179734001905,1.2633159417208108e-07]"
/multi_agv/m2b_algorithm_state,1789558514.2073336,1789558514.2073336,m2b_algorithm_state_v1:header6+3x20,"[1.0,-0.15,0.52,3.5658417718885205,0.10125036845985418,1789558514.207053,3.5644194313298105,0.10107518468862267,0.0036904376666666654,0.0015405996278391987,0.0006966888003838705,0.0005694782472877687,0.004584685874999997,3.5655782529246136,0.10237512729064083,0.0011588215948030722,0.001299942602018156,0.0012972723068506037,0.9959118918752955,5.6080162741283705e-08,0.0027457993003544437,-0.00883897226786505,-0.00883897226786505,0.14195249934770013,1.0020583921767627,5.585090097234631e-08,3.565399925270854,0.10150170657216737,0.002796189458333334,-0.000944006538320696,0.001667140300561698,0.0007540630698516376,-0.0017884964166666626,3.5651170839319217,0.10285043783265564,-0.00028284133893219376,0.0013487312604882756,0.001345874451766204,0.9957854057721708,-3.6917626191892747e-08,0.0009923227781009618,-0.0050928153276059455,-0.0050928153276059455,0.12046881281131136,1.0021226413194206,-3.676203337763924e-08,3.5647132789113356,0.10117416538586042,0.0036904376666666654,0.001323776001984784,0.0009824021580137733,0.0005148508722925306,0.0032930326916666636,3.565189830634712,0.10010283000805828,0.0004765517233762395,-0.0010713353778021434,-0.0010731793893655284,1.0034563650044361,3.276917912825577e-08,-0.000477489735145229,0.003492779367101865,0.003492779367101865,0.17670410488210922,0.9982817303596604,3.2882441372218776e-08]"
/multi_agv/m2b_algorithm_state,1789558514.2171533,1789558514.2171533,m2b_algorithm_state_v1:header6+3x20,"[1.0,-0.15,0.52,3.5668420311649545,0.10125036705597412,1789558514.2169926,3.5654169963309026,0.1010752250413049,0.0036904376666666654,0.0015403125515398423,0.0006967137532223324,0.0005695897037511027,0.004584685874999997,3.5664035004956616,0.10092234672086461,0.0009865041647589834,-0.0001528783204402806,-0.00015291566037209934,1.0004887741461783,7.762877636558349e-10,0.0010802145455766298,-0.0022236038936778338,-0.0022236038936778338,0.14195249558650644,0.9997558135528574,7.766671930447045e-10,3.566397479412073,0.10150168070648251,0.002796189458333334,-0.0009436938202738812,0.0016671225706574866,0.0007539367398850111,-0.0017884964166666626,3.5661385299932515,0.10285043783265564,-0.0002589494188214303,0.0013487571261731335,0.001345900207429352,0.9957853247008541,-3.690681581190292e-08,0.0010222134339025642,-0.005199126601178588,-0.005199126601178588,0.1204688149886227,1.0021226824455567,-3.6751265566930366e-08,3.565710839922586,0.10117419963177511,0.0036904376666666654,0.001323587436025782,0.0009824103284842073,0.0005149283583225938,0.0032930326916666636,3.5661939536615144,0.10020760410622617,0.00048311373892850895,-0.0009665955255489384,-0.0009680954138866466,1.003114762467626,2.6669275840031724e-08,-0.0003642032402260104,0.0030456349903756536,0.0030456349903756536,0.17670411223336016,0.9984506812900945,2.6752344299457018e-08]"
/multi_agv/m2b_algorithm_state,1789558514.227183,1789558514.227183,m2b_algorithm_state_v1:header6+3x20,"[1.0,-0.15,0.52,3.5678442693059496,0.10125035308459625,1789558514.2270331,3.5664172551643567,0.10107522186458952,0.0036904376666666654,0.001540334771429393,0.0006967114252683258,0.0005695812832320595,0.004584685874999997,3.567638708803418,0.10114057979114979,0.0012214536390611208,6.535792656027495e-05,6.535111318344171e-05,0.9997915571938716,1.4186234248903586e-10,0.0015921681620098427,-0.004142590774462095,-0.004142590774462095,0.1419524966818015,1.0001042580072679,1.418327723042835e-10,3.567397739236807,0.10150168247476142,0.002796189458333334,-0.0009437177485973262,0.0016671242155572585,0.0007539462563618676,-0.0017884964166666626,3.567656570967178,0.10437705556551646,0.0002588317303708898,0.002875373090755043,0.0028625386838233282,0.9911706504877658,-1.6755089703482635e-07,0.0031860783467869405,-0.013671856905279438,-0.013671856905279438,0.12046881435073548,1.0044835750183025,-1.660715316038175e-07,3.5667110990937,0.10117419682857146,0.0036904376666666654,0.0013236025254310967,0.0009824094712166838,0.0005149222635670277,0.0032930326916666636,3.5673197442766202,0.09940164495448522,0.0006086451829201422,-0.0017725518740862312,-0.0017776265271991951,1.0057640505463759,8.973486588228548e-08,-0.0010168200485490173,0.005703304762314825,0.005703304762314825,0.1767041100832833,0.9971452647475059,9.025210218500324e-08]"
/multi_agv/m2b_algorithm_state,1789558514.2370665,1789558514.2370665,m2b_algorithm_state_v1:header6+3x20,"[1.0,-0.15,0.52,3.568838877838236,0.10125038790105041,1789558514.2369604,3.567419488852448,0.10107518887221696,0.0036904376666666654,0.001540567723465217,0.0006966887439834751,0.0005694921058309043,0.004584685874999997,3.5687821257917753,0.10258060210836599,0.0013626369393273663,0.001505413236149028,0.001501837655936783,0.995276788050251,7.519658823306613e-08,0.003205133830095991,-0.010578513796558067,-0.010578513796558067,0.14195250136803808,1.0023808034098165,7.484141880894335e-08,3.5683999828369353,0.10150170215559573,0.002796189458333334,-0.0009439703076491645,0.0016671405929571392,0.0007540472129984321,-0.0017884964166666626,3.5686973310797963,0.10437705556551646,0.00029734824286098416,0.0028753534099207334,0.002862519180220713,0.991170711320228,-1.6759343046649493e-07,0.003234204483796943,-0.0138446434710024,-0.0138446434710024,0.12046881165427047,1.0044835436522843,-1.6611369968807297e-07,3.5677133362284654,0.10117416822597607,0.0036904376666666654,0.0013237582759543748,0.0009824014957905414,0.0005148589002720591,0.0032930326916666636,3.5682405285642904,0.09864937587016555,0.0005271923358249886,-0.002524792355810518,-0.0025351466331421497,1.0082799947107355,1.8217205376235494e-07,-0.001876156213360914,0.009049982403358102,0.009049982403358102,0.17670410097291986,0.9959157087024989,1.8368043740395106e-07]"
/multi_agv/m2b_algorithm_state,1789558514.247212,1789558514.247212,m2b_algorithm_state_v1:header6+3x20,"[1.0,-0.15,0.52,3.5698419425610606,0.10125036797128144,1789558514.2470565,3.568414108283393,0.10107527324688838,0.0036904376666666654,0.0015399694819535972,0.0006967438507907704,0.0005697227549543686,0.004584685874999997,3.5698682854213963,0.10325275036659047,0.001454177138003221,0.0021774771197020926,0.0021700344398043483,0.993220395603877,1.571842986529857e-07,0.003987755862308375,-0.01371092126855924,-0.01371092126855924,0.14195249228898357,1.003429751971317,1.5611865129083641e-07,3.5693945781724747,0.10150164985661393,0.002796189458333334,-0.0009433198755605964,0.0016671010027162758,0.0007537858666905456,-0.0017884964166666626,3.5696314543158865,0.1036289779102518,0.00023687614341172392,0.0021273280536378697,0.002120262770824358,0.9934113410395684,-9.172497988287777e-08,0.0024163579500890127,-0.010548322751074257,-0.010548322751074257,0.12046881688978821,1.0033322675428409,-9.112063527227703e-08,3.56870794705884,0.10117424059964894,0.0036904376666666654,0.001323361823979712,0.000982420204912949,0.000515021015015266,0.0032930326916666636,3.5694279916443232,0.10042632022840592,0.0007200445854831372,-0.0007479203712430216,-0.000748816897795849,1.0024041520903286,1.5962213023680827e-08,0.00015123883405807254,0.0011236371554710636,0.0011236371554710636,0.17670411865380486,0.998802742625779,1.600058861148798e-08]"
/multi_agv/m2b_algorithm_state,1789558514.2571032,1789558514.2571032,m2b_algorithm_state_v1:header6+3x20,"[1.0,-0.15,0.52,3.5708422167978626,0.10125036648611828,1789558514.2570095,3.569417166932001,0.10107522415081681,0.0036904376666666654,0.0015403182058310134,0.0006967130521197793,0.0005695876175256544,0.004584685874999997,3.5705775925302743,0.10190987107233133,0.0011604255982731182,0.0008346469215145258,0.0008335422180338242,0.9973612417615707,2.312243065221434e-08,0.002284074215875222,-0.006968634193590616,-0.006968634193590616,0.14195249845068708,1.0013253119719687,2.30614161478383e-08,3.5703976501668775,0.10150168097169711,0.002796189458333334,-0.0009436993333817676,0.001667122817450295,0.0007539390012470393,-0.0017884964166666626,3.5706677238873383,0.1036289779102518,0.00027007372046083944,0.002127296938554693,0.002120231863751885,0.9934114378732012,-9.175918181308048e-08,0.002457824014327934,-0.010696979146320127,-0.010696979146320127,0.12046881333585595,1.0033322180104896,-9.115462074300077e-08,3.5697110105843035,0.10117419879133037,0.0036904376666666654,0.0013235915500983022,0.0009824099990090934,0.0005149267464088455,0.0032930326916666636,3.570474300808318,0.10088636104469371,0.0007632902240146677,-0.0002878377466366544,-0.000287970070857942,1.0009204358262622,2.3638227169598812e-09,0.0006661427091603927,-0.0009093902532694037,-0.0009093902532694037,0.1767041066419022,0.9995404931460642,2.3659984640755036e-09]"
/multi_agv/m2b_algorithm_state,1789558514.2671292,1789558514.2671292,m2b_algorithm_state_v1:header6+3x20,"[1.0,-0.15,0.52,3.571841099876527,0.10125037388292246,1789558514.267004,3.570417440695716,0.10107522080201911,0.0036904376666666654,0.0015403416307671223,0.000696710568234593,0.0005695787557761952,0.004584685874999997,3.5714674961352797,0.10001808030781582,0.001050055439563824,-0.0010571404942032875,-0.0010589381654892362,1.0034145601272544,3.714293897471742e-08,0.0002536311339655438,0.00111741561890391,0.00111741561890391,0.14195249957026557,0.9983023831376234,3.726976577314953e-08,3.57139792499154,0.10150168282404365,0.002796189458333334,-0.0009437245485114003,0.0016671245810306878,0.000753949013776109,-0.0017884964166666626,3.5716030241204093,0.10376056176859352,0.000205099128869346,0.0022588789445498747,0.002250920802166305,0.9930144505893994,-1.0345425165379942e-07,0.0025072947132529877,-0.010937920164293475,-0.010937920164293475,0.1204688126807612,1.0035355052811767,-1.027315668671351e-07,3.5707112847063334,0.10117419583229208,0.0036904376666666654,0.001323607473929768,0.0009824090773480126,0.0005149203234566476,0.0032930326916666636,3.571100520769713,0.09977605664293085,0.0003892360633797054,-0.0013981391893612277,-0.001401287544719878,1.004527372985341,5.5815713644381426e-08,-0.0009147424654952462,0.0051809420362746335,0.0051809420362746335,0.1767041044488091,0.9977532410314262,5.6068412198492525e-08]"
/multi_agv/m2b_algorithm_state,1789558514.2772613,1789558514.2772613,m2b_algorithm_state_v1:header6+3x20,"[1.0,-0.15,0.52,3.5728371111004886,0.10125039920733596,1789558514.2770956,3.5714163261102154,0.10107523872029286,0.0036904376666666654,0.0015402145410230348,0.0006967223227876569,0.0005696277297882605,0.004584685874999997,3.5723357474412682,0.09940336817143595,0.0009194213310528276,-0.0016718705488569102,-0.0016763876696349119,1.0054376911184941,9.293108862440516e-08,-0.0005271110058188773,0.004148388215242354,0.004148388215242354,0.1419524982092211,0.9973054438064525,9.343641917965008e-08,3.572396805235798,0.10150167172126086,0.002796189458333334,-0.0009435863094609926,0.0016671160778125582,0.0007538935150152304,-0.0017884964166666626,3.5726431837701567,0.10372588338948635,0.0002463785343587155,0.0022242116682254925,0.0022164938839681013,0.9931189237246754,-1.0029106976062802e-07,0.0025244670519164957,-0.010982349601618565,-0.010982349601618565,0.12046881347606025,1.0034819785938567,-9.960095925987123e-08,3.571710168283568,0.10117421120721362,0.0036904376666666654,0.0013235232358809888,0.000982413070714983,0.0005149547601782187,0.0032930326916666636,3.571996453564544,0.0987461925718168,0.000286285280976184,-0.0024280186353968225,-0.0024375874021051363,1.0079539684607004,1.68433989494008e-07,-0.0020797308008849063,0.009725644782996954,0.009725644782996954,0.17670410712001197,0.9960744928776502,1.6977370813415328e-07]"
/multi_agv/m2b_algorithm_state,1789558514.287287,1789558514.287287,m2b_algorithm_state_v1:header6+3x20,"[1.0,-0.15,0.52,3.573841919933462,0.10125036775372466,1789558514.2871704,3.572412345460242,0.10107529867510143,0.0036904376666666654,0.0015397908396857659,0.0006967634943156214,0.000569789971420595,0.004584685874999997,3.573398685303061,0.10011575826755123,0.0009863398428189285,-0.0009595404075501968,-0.0009610203722488473,1.003095896103172,3.0588129021143974e-08,0.0002719044312748133,0.0010082731176241297,0.0010082731176241297,0.14195249166108498,0.9984600069453394,3.068282669058385e-08,3.5733928064911025,0.10150163580669107,0.002796189458333334,-0.000943126588733367,0.0016670861718419694,0.0007537097980652996,-0.0017884964166666626,3.573673455289292,0.1035861846299719,0.00028064879818945343,0.002084548823280838,0.0020777626310875858,0.993540668688831,-8.805776170411633e-08,0.0024285736288244025,-0.010571058033984865,-0.010571058033984865,0.12046881725288626,1.003266105613662,-8.748896744674947e-08,3.572706181350121,0.10117426314021541,0.0036904376666666654,0.0013232401795519396,0.0009824275034439056,0.0005150699467555394,0.0032930326916666636,3.573181426322321,0.10037704226938034,0.000475244972200084,-0.000797220870835072,-0.000798239863889807,1.0025640539750305,1.8134870451581926e-08,-0.000204183648639702,0.002403844095462968,0.002403844095462968,0.17670411988361284,0.9987234500545119,1.8181369238249967e-08]"
/multi_agv/m2b_algorithm_state,1789558514.2973607,1789558514.2973607,m2b_algorithm_state_v1:header6+3x20,"[1.0,-0.15,0.52,3.5748495485573333,0.1012503191743553,1789558514.297268,3.573417144660091,0.10107522123939486,0.0036904376666666654,0.0015403409534953602,0.0006967147397278772,0.0005695768795670018,0.004584685874999997,3.574462548084984,0.10090580895904364,0.00104540342489301,-0.00016941228035122213,-0.00016945813947332483,1.0005417370558796,9.533091405690514e-10,0.0011372961416429377,-0.002418434939407,-0.002418434939407,0.141952500950635,0.9997293778732302,9.538255834562064e-10,3.5743976268656463,0.10150168486657649,0.002796189458333334,-0.0009437253702793249,0.0016671207965544,0.000753951338555478,-0.0017884964166666626,3.574431481750994,0.10305320866271554,3.385488534757286e-05,0.0015515237961390566,0.0015477491319283807,0.9951629276093058,-4.883219986221035e-08,0.0015900677386128468,-0.0073205504159522565,-0.0073205504159522565,0.12046881189608101,1.0024388088048695,-4.8595994976479995e-08,3.573710988274647,0.10117419715520264,0.0036904376666666654,0.001323602795902022,0.0009824113441103677,0.0005149211721540824,0.0032930326916666636,3.5740852940150223,0.10010763985672032,0.00037430574037511377,-0.001066557298482318,-0.001068384831749065,1.0034407627243724,3.247317452055476e-08,-0.0006005026562801727,0.00392553105208223,0.00392553105208223,0.17670410178353352,0.9982894428931988,3.258490700898713e-08]"
/multi_agv/m2b_algorithm_state,1789558514.3071969,1789558514.3071969,m2b_algorithm_state_v1:header6+3x20,"[1.0,-0.15,0.52,3.5758419831854904,0.10125036871615471,1789558514.3070674,3.574424757791585,0.10107510591345154,0.0036904376666666654,0.0015411561720353973,0.0006966360993629016,0.0005692644208441091,0.004584685874999997,3.575456043571367,0.09988262962053801,0.001031285779781843,-0.0011924762929135246,-0.0011947660431016573,1.0038575867040291,4.729119076068958e-08,9.434118162564655e-05,0.0017421810074262731,0.0017421810074262731,0.14195251532349415,0.9980835158470118,4.7473620629385724e-08,3.575405274447903,0.10150175424564341,0.002796189458333334,-0.0009446100080099298,0.001667177671709208,0.0007543052138643119,-0.0017884964166666626,3.57539209637961,0.10236958388530613,-1.3178068293040468e-05,0.0008678296396627261,0.0008666425476248394,0.9972732349023367,-1.529960220425399e-08,0.0008501699622585388,-0.004363475519987261,-0.004363475519987261,0.12046880357720849,1.0013697597021287,-1.5257883782955298e-08,3.5747186134325117,0.10117409736397097,0.0036904376666666654,0.0013241469928057608,0.0009823838884267747,0.0005146995653242344,0.0032930326916666636,3.5749026487869706,0.0995154083891313,0.00018403535445887798,-0.0016586889748396727,-0.0016631288048000632,1.0053868786917577,7.860296556307705e-08,-0.0014330846117264658,0.007123626713311472,0.007123626713311472,0.17670407370240798,0.9973304352930595,7.902639020337775e-08]"
/multi_agv/m2b_algorithm_state,1789558514.317256,1789558514.317256,m2b_algorithm_state_v1:header6+3x20,"[1.0,-0.15,0.52,3.576837000623518,0.10125040045081841,1789558514.3171532,3.575417207563832,0.10107522839300158,0.0036904376666666654,0.0015402854829083584,0.0006967125691724973,0.0005696020527409137,0.004584685874999997,3.5762518293930006,0.09806779739067172,0.0008346218291683805,-0.0030074310023298634,-0.0030221952387997396,1.00992944168906,3.0098771372182376e-07,-0.001978917952339264,0.009828453272537223,0.009828453272537223,0.14195250234181425,0.9951147310801336,3.0397635367434813e-07,3.5763976909614197,0.10150167621646738,0.002796189458333334,-0.0009436618798082724,0.001667123327788289,0.0007539225009380451,-0.0017884964166666626,3.576409227666527,0.10236958388530613,1.153670510722904e-05,0.0008679076688387494,0.0008667203627635598,0.9972729892563829,-1.5286998840300573e-08,0.0008811412441475961,-0.00447284627476403,-0.00447284627476403,0.12046881108699582,1.0013698836743652,-1.524531103022541e-08,3.575711051031219,0.10117420153899515,0.0036904376666666654,0.0013235739828668914,0.0009824090789450016,0.0005149348396694549,0.0032930326916666636,3.5758393749191972,0.09895321895432689,0.00012832388797834327,-0.0022209825846682546,-0.0022289766094514365,1.0072588213954665,1.409202983159935e-07,-0.0020685717494785074,0.009600289714459552,0.009600289714459552,0.1767040990496505,0.9964135896494898,1.4194321359246516e-07]"
/multi_agv/m2b_algorithm_state,1789558514.3273494,1789558514.3273494,m2b_algorithm_state_v1:header6+3x20,"[1.0,-0.15,0.52,3.5778409198975125,0.10125037464585258,1789558514.3272598,3.5764122351373047,0.10107530393892329,0.0036904376666666654,0.001539751135495386,0.000696763873539296,0.0005698069842699602,0.004584685874999997,3.577700690791516,0.09753775403161158,0.001288455654211429,-0.003537549907311713,-0.0035580593345120775,1.0117492460439854,4.164463303921156e-07,-0.0019474897667477913,0.009937171959703853,0.009937171959703853,0.14195249400872503,0.9942357826915844,4.213392607920074e-07,3.5773926960057594,0.10150163056944844,0.002796189458333334,-0.0009430817057447575,0.0016670861467247278,0.0007536903558900826,-0.0017884964166666626,3.577913984666714,0.103505122308515,0.0005212886609546885,0.002003491739066554,0.0019972191782877484,0.993786071258283,-8.13437173980166e-08,0.002648830004481109,-0.011319049422382545,-0.011319049422382545,0.12046881589263757,1.0031406471793363,-8.083825333451895e-08,3.5767060707274894,0.10117426684408351,0.0036904376666666654,0.001323217581247647,0.0009824269166899494,0.0005150800474175215,0.0032930326916666636,3.5774488973436362,0.10053188888276884,0.0007428266161468855,-0.0006423779613146663,-0.0006430387879407765,1.0020624275871597,1.1772932472297396e-08,0.0002854944822428304,0.0006004957296482165,0.0006004957296482165,0.17670411529309402,0.9989723378457054,1.1797213293010031e-08]"
/multi_agv/m2b_algorithm_state,1789558514.3375106,1789558514.3375106,m2b_algorithm_state_v1:header6+3x20,"[1.0,-0.15,0.52,3.5788408261939613,0.10125037529218471,1789558514.3373358,3.57741614662577,0.10107523970589163,0.0036904376666666654,0.0015402080677952902,0.0006967244669962007,0.0005696294203621277,0.004584685874999997,3.5788353671610142,0.09924379048206397,0.0014192205352441256,-0.0018314492238276636,-0.0018368763262950013,1.005967426107563,1.1152957982413001e-07,-6.285065723984429e-05,0.002581008402286674,0.002581008402286674,0.14195250170661958,0.9970454720387822,1.1219512435053807e-07,3.5783966245429153,0.1015016718540078,0.002796189458333334,-0.000943579378018089,0.0016671139362078868,0.0007538916244656524,-0.0017884964166666626,3.5789329326663757,0.103505122308515,0.0005363081234603939,0.0020034504545071996,0.00199717815380377,0.9937861998858132,-8.138327621746704e-08,0.0026675633081292625,-0.011386493288394991,-0.011386493288394991,0.12046881145232519,1.0031405814706533,-8.087757680641405e-08,3.5777099885238526,0.1011742123776583,0.0036904376666666654,0.001323517546642687,0.0009824140698516228,0.0005149567065417444,0.0032930326916666636,3.578307456603043,0.09909578564564624,0.0005974680791904774,-0.0020784267320120703,-0.0020854199714997,1.0067820205227689,1.2339376709580845e-07,-0.0013385848725116032,0.006968784283590804,0.006968784283590804,0.1767041002868035,0.9966466037617351,1.2423062615663398e-07]"
/multi_agv/m2b_algorithm_state,1789558514.3471613,1789558514.3471613,m2b_algorithm_state_v1:header6+3x20,"[1.0,-0.15,0.52,3.579839613768563,0.10125038302376672,1789558514.3469696,3.578416053194413,0.10107524086845125,0.0036904376666666654,0.0015402002036079667,0.0006967258176691076,0.000569632126612912,0.004584685874999997,3.5799154522846743,0.09966151008791026,0.0014993990902611998,-0.0014137307805409949,-0.0014169544117220419,1.0045847477283187,6.643693642838425e-08,0.00045729445110445784,0.0005582512913073685,0.0005582512913073685,0.14195250217951477,0.9977249577302002,6.674153302175074e-08,3.5793965304677413,0.10150167149284148,0.002796189458333334,-0.000943571067288089,0.0016671128213401332,0.000753888601970315,-0.0017884964166666626,3.579783124007756,0.10247522909330872,0.00038659354001469026,0.0009735576004672453,0.000972064837683305,0.9969447143340525,-1.9231968218739684e-08,0.0014553067627016678,-0.006566960770972952,-0.006566960770972952,0.12046881118082572,1.001535661744023,-1.917320906191301e-08,3.5787098949197294,0.10117421351526139,0.0036904376666666654,0.001323511720934875,0.0009824146600092122,0.0005149589247879184,0.0032930326916666636,3.5791908934450163,0.09949888730804038,0.0004809985252869353,-0.001675326207221009,-0.0016798561107939998,1.005441922708598,8.015008459772027e-08,-0.0010786079541853307,0.005879267234693241,0.005879267234693241,0.17670409937530526,0.9973033978661127,8.058625516318866e-08]"
/multi_agv/m2b_algorithm_state,1789558514.3570578,1789558514.3570578,m2b_algorithm_state_v1:header6+3x20,"[1.0,-0.15,0.52,3.5808394507929227,0.10125038385098582,1789558514.3569248,3.5794148432945008,0.10107525887005867,0.0036904376666666654,0.0015400733077381248,0.0006967386096737192,0.0005696804769647896,0.004584685874999997,3.5806462055446566,0.09900583255966469,0.001231362250155854,-0.0020694263103939736,-0.0020763678537988324,1.0067609051645205,1.4240688528196352e-07,-0.0005371650411040148,0.004357621850127875,0.004357621850127875,0.14195250062496959,0.996656881683003,1.4336968472812962e-07,3.580395314914076,0.1015016609910312,0.002796189458333334,-0.0009434336126347715,0.0016671034365391968,0.0007538339017933854,-0.0017884964166666626,3.580722586166341,0.10307397974459183,0.00032727125226506004,0.0015723187535606337,0.001568442839356038,0.995099260199018,-5.013369994042265e-08,0.001977531904687363,-0.008713152274403639,-0.008713152274403639,0.12046881207953174,1.0024711861391054,-4.988800772175413e-08,3.579708683097112,0.10117422921021034,0.0036904376666666654,0.0013234265065198568,0.0009824192431916014,0.0005149934779372016,0.0032930326916666636,3.5802130245401944,0.09986205478914917,0.0005043414430825344,-0.0013121744210611713,-0.0013149457263668884,1.0042448861609912,4.915345997544339e-08,-0.0006845189225137204,0.00432998120366479,0.00432998120366479,0.17670410240568935,0.9978924565096887,4.936211081745798e-08]"
/multi_agv/m2b_algorithm_state,1789558514.3669806,1789558514.3669806,m2b_algorithm_state_v1:header6+3x20,"[1.0,-0.15,0.52,3.5818371454276985,0.10125039824685779,1789558514.3668838,3.58041468073274,0.10107525978461057,0.0036904376666666654,0.0015400679169879964,0.0006967407449553593,0.0005696817029749441,0.004584685874999997,3.5815323885140375,0.09771346052683529,0.0011177077812973835,-0.003361799257775286,-0.0033802970153107804,1.0111435877653454,3.761302814773746e-07,-0.001983162288689051,0.009989880306452087,0.009989880306452087,0.14195250096280052,0.9945277715385037,3.803217222802218e-07,3.5813951513336586,0.10150166139628566,0.002796189458333334,-0.0009434285149854341,0.001667101622207845,0.0007538326358995234,-0.0017884964166666626,3.5818472087640716,0.10392938137101965,0.00045205743041298874,0.002427719974733983,0.002418539500896419,0.9925068321039395,-1.1944519554176144e-07,0.002983611288912655,-0.01272494524461628,-0.01272494524461628,0.1204688118793064,1.0037958750866633,-1.1855017263718924e-07,3.580708520312369,0.10117423037206123,0.0036904376666666654,0.001323421263730262,0.000982420325397749,0.0005149951875758961,0.0032930326916666636,3.5812872323554705,0.10043454463221387,0.0005787120431013371,-0.0007396857398473677,-0.0007405625791142259,1.0023774612478742,1.5613272325111683e-08,-1.71725252375546e-05,0.0017162763969470918,0.0017162763969470918,0.17670410173569123,0.9988159822119194,1.5650392275017143e-08]"
/multi_agv/m2b_algorithm_state,1789558514.3771284,1789558514.3771284,m2b_algorithm_state_v1:header6+3x20,"[1.0,-0.15,0.52,3.5828431894490347,0.10125035891299083,1789558514.377036,3.5814123800864857,0.1010752930050292,0.0036904376666666654,0.0015398341115523202,0.0006967647413564032,0.0005697705662396744,0.004584685874999997,3.5825308658616772,0.09868789218839526,0.00111848577519158,-0.002387400816633939,-0.0023966615542482675,1.0078276650839157,1.8954196289852354e-07,-0.0009985543352587925,0.0061199033518812545,0.0061199033518812545,0.14195249746422706,0.9961359844080139,1.9102563390344116e-07,3.5823928401017637,0.1015016422970336,0.002796189458333334,-0.000943175575968706,0.0016670840221961747,0.0007537321505274031,-0.0017884964166666626,3.582827449817063,0.10335705061550356,0.0004346097152994055,0.0018554083184699616,0.0018500226739439976,0.9942355962250151,-6.97780091572774e-08,0.0023932848180682545,-0.010333906731954102,-0.010333906731954102,0.12046881390593639,1.0029111235239527,-6.937578053788026e-08,3.5817062160948456,0.10117425943851059,0.0036904376666666654,0.0013232637893886823,0.0009824290213634509,0.0005150589232939939,0.0032930326916666636,3.5822133708052784,0.09970793863421254,0.0005071547104327223,-0.001466320804298052,-0.0014697854895045189,1.0047518033723144,6.137913084336665e-08,-0.000835842101463616,0.00493156376253297,0.00493156376253297,0.1767041085689004,0.9976427273019038,6.167079240429789e-08]"
/multi_agv/m2b_algorithm_state,1789558514.3870506,1789558514.3870506,m2b_algorithm_state_v1:header6+3x20,"[1.0,-0.15,0.52,3.5838424534241486,0.10125036417788776,1789558514.386966,3.5824184118970455,0.10107519708430084,0.0036904376666666654,0.0015405147997264242,0.0006967029603548447,0.0005695076514884791,0.004584685874999997,3.583641870776798,0.10025144818896531,0.0012234588797523926,-0.0008237488953355271,-0.0008248385035463314,1.0026537043710713,2.2551734100799128e-08,0.0007044850961441594,-0.0005833622609339039,-0.0005833622609339039,0.141952508971522,0.9986790041855229,2.2611579736157657e-08,3.5833988988408145,0.10150170230408272,0.002796189458333334,-0.0009439160957646279,0.0016671281753399825,0.0007540301732756743,-0.0017884964166666626,3.583853495725756,0.10170020715835057,0.00045459688494142725,0.00019850485426785303,0.00019844242875553854,0.9993715160017176,-8.002783057220664e-10,0.0007666885349323226,-0.003756947671087961,-0.003756947671087961,0.12046880724907186,1.0003145774454887,-7.997753436127475e-10,3.5827122576092436,0.10117417735058892,0.0036904376666666654,0.0013237140849128798,0.0009824082591399774,0.0005148745374194729,0.0032930326916666636,3.583107726125703,0.09965378939827038,0.0003954685164595517,-0.0015203879523185415,-0.0015241143749529168,1.0049300251960558,6.601389042550787e-08,-0.0010297787293784772,0.005640241994865187,0.005640241994865187,0.17670408610574403,0.997555024284519,6.63393405685953e-08]"
/multi_agv/m2b_algorithm_state,1789558514.3973064,1789558514.3973064,m2b_algorithm_state_v1:header6+3x20,"[1.0,-0.15,0.52,3.5848496739502402,0.1012503183611756,1789558514.3972287,3.5834176773407975,0.1010752109131228,0.0036904376666666654,0.001540415850363797,0.0006967103597161461,0.0005695466931534414,0.004584685874999997,3.5849397864234724,0.1006722650465706,0.0015221090826749162,-0.0004029458665521929,-0.00040320575987678916,1.0012919281123374,5.394228370752574e-09,0.0014994305934668561,-0.003593836245702402,-0.003593836245702402,0.14195250828884493,0.9993554325100026,5.401197326029116e-09,3.584398161130177,0.10150169283579007,0.002796189458333334,-0.0009438080590573727,0.0016671231180853674,0.0007539859737069332,-0.0017884964166666626,3.5848398220683495,0.10231963149066517,0.00044166093817255003,0.0008179386548751028,0.0008168837297052251,0.9974285307812834,-1.3579989750941481e-08,0.0013689599024209126,-0.006186570466321501,-0.006186570466321501,0.12046880765050749,1.0012914018623658,-1.3545069225306448e-08,3.583711521801471,0.1011741887847504,0.0036904376666666654,0.0013236505001339217,0.0009824104557329518,0.0005149009563501757,0.0032930326916666636,3.5842892995493147,0.09962250124795341,0.0005777777478437329,-0.0015516875367969918,-0.001555569882512556,1.0050332926326164,6.87580095094387e-08,-0.0008333476977078899,0.004960257133287177,0.004960257133287177,0.17670408745059601,0.9975042293122227,6.910408869213592e-08]"
/multi_agv/m2b_algorithm_state,1789558514.4070184,1789558514.4070184,m2b_algorithm_state_v1:header6+3x20,"[1.0,-0.15,0.52,3.585837502682589,0.10125039663809855,1789558514.4069293,3.584424883178002,0.1010751025813022,0.0036904376666666654,0.0015411812604308674,0.0006966358026864398,0.0005692537003921637,0.004584685874999997,3.585836519595146,0.0994048105304836,0.0014116364171439244,-0.001670292050818603,-0.0016748006005832651,1.005432470446329,9.281386781329408e-08,8.974492084664037e-05,0.0019719778803957864,0.0019719778803957864,0.1419525219043508,0.9973080080320654,9.33180764071993e-08,3.585405399671901,0.10150175762737174,0.002796189458333334,-0.0009446384327331421,0.001667177164981215,0.0007543177985884497,-0.0017884964166666626,3.585967232738232,0.10362320907001016,0.0005618330663308413,0.0021214514426384223,0.0021144248369853185,0.9934291091198098,-9.13467684763507e-08,0.00281671616989887,-0.011978534117678104,-0.011978534117678104,0.12046879976584927,1.00332317589644,-9.074653882843461e-08,3.584718739000819,0.10117409487485282,0.0036904376666666654,0.0013241622285661702,0.000982384292647187,0.0005146927509759123,0.0032930326916666636,3.585435385163331,0.10085551978092233,0.0007166461625121023,-0.0003185750939304899,-0.00031873722600714045,1.0010190825703484,2.896941805218097e-09,0.0005770704771329875,-0.0005789078565584262,-0.0005789078565584262,0.17670406083075155,0.999491329962673,2.8998940281191087e-09]"
/multi_agv/m2b_algorithm_state,1789558514.4169545,1789558514.4169545,m2b_algorithm_state_v1:header6+3x20,"[1.0,-0.15,0.52,3.586837037254552,0.10125039893923378,1789558514.416876,3.5854127361569694,0.10107529363138197,0.0036904376666666654,0.0015398255701374063,0.0006967584676882408,0.0005697775317973244,0.004584685874999997,3.586682441236897,0.09902600671142602,0.001269705079927519,-0.002049286919955956,-0.0020560929775462304,1.0066935895000204,1.3962424948938992e-07,-0.0004689616276368318,0.004108244082682245,0.004108244082682245,0.14195250065627518,0.9966898104003075,1.4055883689972032e-07,3.586393199180126,0.10150163804870609,0.002796189458333334,-0.0009431638722605645,0.0016670894926109625,0.0007537242318225723,-0.0017884964166666626,3.5869994330571133,0.10362320907001016,0.0006062338769874387,0.0021215710213040723,0.0021145436184024,0.9934287369580341,-9.121450174459076e-08,0.0028723359646366984,-0.012176023626891085,-0.012176023626891085,0.1204688120632235,1.0033233662528946,-9.06151072603852e-08,3.5857065727106714,0.10117425823420763,0.0036904376666666654,0.0013232661644816146,0.0009824255103874305,0.0005150597199970234,0.0032930326916666636,3.5864662813047956,0.10113901069718136,0.0007597085941242199,-3.524753702627281e-05,-3.5249517514002925e-05,1.0001123909184422,3.5431806794332136e-11,0.0009143862251412719,-0.0019065394780223201,-0.0019065394780223201,0.17670410234039888,0.9999438151818865,3.5435789007639816e-11]"
/multi_agv/m2b_algorithm_state,1789558514.427006,1789558514.427006,m2b_algorithm_state_v1:header6+3x20,"[1.0,-0.15,0.52,3.5878426099685896,0.10125036259989528,1789558514.4269278,3.5864122718121925,0.10107529673917832,0.0036904376666666654,0.0015398059123953828,0.0006967640467007812,0.0005697831507136484,0.004584685874999997,3.5878523522890364,0.10072719644235356,0.0014400804768439635,-0.0003481002968247632,-0.00034829417557170694,1.0011153881627346,4.023981286185328e-09,0.0014518064204832473,-0.003451252286900308,-0.003451252286900308,0.14195250045121077,0.9994433477199971,4.028469587279004e-09,3.587392732215522,0.10150163828083622,0.002796189458333334,-0.0009431440209852165,0.0016670848829098972,0.0007537180248073233,-0.0017884964166666626,3.587674701684321,0.10153980489944925,0.0002819694687992147,3.816661861302806e-05,3.816430806404736e-05,0.9998789405482026,-2.956377186440468e-11,0.0003906261440630657,-0.0023472306786607947,-0.0023472306786607947,0.12046881217476733,1.000060542142591,-2.9560192890389716e-11,3.5867061077359415,0.1011742617976868,0.0036904376666666654,0.0013232490875866826,0.0009824281827246926,0.0005150657321537594,0.0032930326916666636,3.587085709297869,0.10047622595984126,0.0003796015619275117,-0.0006980358378455287,-0.0006988164660080551,1.0022425348522843,1.3902274324968807e-08,-0.00022431451359866542,0.002430983211728633,0.002430983211728633,0.1767041027243607,0.9988829282071935,1.3933450659668567e-08]"
/multi_agv/m2b_algorithm_state,1789558514.4369633,1789558514.4369633,m2b_algorithm_state_v1:header6+3x20,"[1.0,-0.15,0.52,3.5888370519703034,0.10125039819500105,1789558514.436866,3.587417833312223,0.10107520776385637,0.0036904376666666654,0.00154043759303548,0.0006967072932251737,0.0005695388636346415,0.004584685874999997,3.5890530103759186,0.10226951473991253,0.0016351770636955365,0.0011943069760561587,0.0011920512307262647,0.9962395805031705,4.733479734057753e-08,0.0032360225603456855,-0.010535236270213133,-0.010535236270213133,0.14195251111235094,1.001892322470503,4.7156798645779545e-08,3.5883983184149963,0.1015016942324981,0.002796189458333334,-0.0009438313122740113,0.0016671253392193108,0.0007539948978084604,-0.0017884964166666626,3.5886859654386196,0.10153980489944925,0.000287647023623272,3.811066695115495e-05,3.810836317243752e-05,0.9998791180343461,-2.9498629658477397e-11,0.0003976671427015275,-0.0023728914193451188,-0.0023728914193451188,0.12046880601376607,1.0000604533631372,-2.949506380614018e-11,3.5877116781785503,0.10117418580333136,0.0036904376666666654,0.0013236662592972502,0.000982409207617563,0.0005148947745786401,0.0032930326916666636,3.5880290038580838,0.09986085633722408,0.00031732567953346447,-0.0013133294661072797,-0.0013161056782595322,1.0042486805816635,4.9249001715790635e-08,-0.0009194485788427016,0.005160803148310381,0.005160803148310381,0.1767040819409838,0.9978905856891949,4.9458244993046826e-08]"
/multi_agv/m2b_algorithm_state,1789558514.4471416,1789558514.4471416,m2b_algorithm_state_v1:header6+3x20,"[1.0,-0.15,0.52,3.589843115543714,0.10125035873477163,1789558514.4470015,3.588412286501269,0.10107529338701157,0.0036904376666666654,0.0015398313034771828,0.0006967639892574867,0.0005697721746239833,0.004584685874999997,3.5901084199976885,0.10258285553839785,0.0016961334964196162,0.0015075621513862825,0.001503976419363938,0.9952701684218148,7.537521856786073e-08,0.0036241432898884585,-0.012075666827810676,-0.012075666827810676,0.14195250175091098,1.0023841677144518,7.501870647886585e-08,3.589392746817099,0.10150164175307572,0.002796189458333334,-0.0009431727919947024,0.0016670845403869983,0.0007537306742239902,-0.0017884964166666626,3.589722844487324,0.10306521222676542,0.0003300976702251823,0.0015635704736896988,0.0015597373143869304,0.9951260389112698,-4.9563985854017056e-08,0.0019723594021684083,-0.008690242742588332,-0.008690242742588332,0.1204688114290101,1.002457567224565,-4.93224129155622e-08,3.588706122592542,0.10117425944491587,0.0036904376666666654,0.0013232636206185438,0.0009824286735582444,0.0005150591773589049,0.0032930326916666636,3.58914674669555,0.1011058502071299,0.00044062410300771404,-6.840923778597685e-05,-6.841669974649567e-05,1.0002182129104087,1.3346719187687028e-10,0.00048236342901314687,-0.0003579335822367839,-0.0003579335822367839,0.17670410020674157,0.99989093363833,1.334963161412538e-10]"
/multi_agv/m2b_algorithm_state,1789558514.4570913,1789558514.4570913,m2b_algorithm_state_v1:header6+3x20,"[1.0,-0.15,0.52,3.5908425518916594,0.10125036290896576,1789558514.45696,3.5894183378330453,0.10107519713943006,0.0036904376666666654,0.0015405143025835088,0.0006967020416834835,0.0005695083448221477,0.004584685874999997,3.5907984426911894,0.1005271667819372,0.0013801048581441044,-0.0005480303574928597,-0.0005485116250176058,1.0017599851511962,9.979681656886635e-09,0.0011766194476625247,-0.0023821513411061766,-0.0023821513411061766,0.1419525133070505,0.9991225937559105,9.99724574841642e-09,3.5903988251460146,0.10150170196837068,0.002796189458333334,-0.0009439157636506996,0.0016671288069014523,0.0007540297007971319,-0.0017884964166666626,3.5907881722210035,0.10317970256163264,0.00038934707498894383,0.0016780005932619663,0.0016735896834046105,0.9947761809933471,-5.712431377639135e-08,0.00216027352714079,-0.009416745646154743,-0.009416745646154743,0.12046880474445212,1.0026355981403892,-5.6825906700344237e-08,3.5897121836520824,0.10117417709651416,0.0036904376666666654,0.0013237153390937254,0.0009824078500952904,0.0005148742065449728,0.0032930326916666636,3.590136613897571,0.10094224718833947,0.0004244302454887716,-0.00023192990817469394,-0.00023201578462015606,1.0007411867285942,1.5348171251101573e-09,0.00029852202224080844,0.00036912500656943216,0.00036912500656943216,0.1767040776476671,0.9996298680902134,1.5359547111941082e-09]"
/multi_agv/m2b_algorithm_state,1789558514.4672024,1789558514.4672024,m2b_algorithm_state_v1:header6+3x20,"[1.0,-0.15,0.52,3.5918425757121764,0.10125036320902868,1789558514.4670694,3.590417775310029,0.10107520835767743,0.0036904376666666654,0.0015404338032026254,0.0006967077081126755,0.0005695402905681461,0.004584685874999997,3.591657621838502,0.09905926843798261,0.0012398465284730875,-0.0020159399196948147,-0.0020225246311875757,1.0065822063074454,1.3516758443875535e-07,-0.00047271647059621627,0.004107486098281666,0.004107486098281666,0.14195251292867708,0.9967443108522765,1.360572853656103e-07,3.591398260224237,0.10150169407776384,0.002796189458333334,-0.0009438276925027873,0.0016671249977346925,0.0007539935063942405,-0.0017884964166666626,3.591623958640055,0.10126615229746427,0.00022569841581798755,-0.00023554178029956685,-0.00023562996304829639,1.0007494329063042,-1.1270054288236478e-09,4.6493056724188054e-05,-0.00100282498063711,-0.00100282498063711,0.12046880496436488,0.9996257574903091,-1.1278500437775917e-09,3.5907116201407105,0.10117418629145601,0.0036904376666666654,0.001323663963551458,0.0009824094374244917,0.0005148956501614408,0.0032930326916666636,3.590854494530012,0.10040832844404353,0.00014287438930127294,-0.0007658578474124822,-0.0007667980206472465,1.0024623123089182,1.6741074303255965e-08,-0.0005882050340206553,0.0037498600709326983,0.0037498600709326983,0.17670407838228555,0.9987738971548588,1.6782296056577386e-08]"
/multi_agv/m2b_algorithm_state,1789558514.4771624,1789558514.4771624,m2b_algorithm_state_v1:header6+3x20,"[1.0,-0.15,0.52,3.5928377510176848,0.10125039416732244,1789558514.4770074,3.591417799099018,0.10107520991375366,0.0036904376666666654,0.0015404220264700506,0.0006967074929919541,0.0005695455071817731,0.004584685874999997,3.5926318915219118,0.0995028953105153,0.001214092422893831,-0.0015723146032383534,-0.0015763067806321876,1.0051081599294633,8.219854469117306e-08,-5.869125201489879e-05,0.0024514622710285674,0.0024514622710285674,0.14195251359415284,0.9974673855096703,8.261842800342471e-08,3.5923982841554327,0.10150169240331286,0.002796189458333334,-0.0009438144254156743,0.0016671253297695365,0.0007539875828525694,-0.0017884964166666626,3.5926365570742167,0.10126615229746427,0.00023827291878397716,-0.0002355401058485862,-0.00023562828734443247,1.0007494275813875,-1.1269735708547084e-09,6.221286113553898e-05,-0.0010585712790199208,-0.0010585712790199208,0.12046880457109276,0.999625760146033,-1.1278181559322016e-09,3.591711643882078,0.1011741873100195,0.0036904376666666654,0.00132365761260237,0.0009824091063879384,0.0005148985752319751,0.0032930326916666636,3.5918138884412643,0.09991772223781743,0.00010224455918628195,-0.001256465072202062,-0.0012590049912716858,1.0040621141522834,4.5074541245865105e-08,-0.0011311992922888334,0.0058844270919450655,0.0058844270919450655,0.17670407705985627,0.9979825980935483,4.5257639177767613e-08]"
/multi_agv/m2b_algorithm_state,1789558514.4870894,1789558514.4870894,m2b_algorithm_state_v1:header6+3x20,"[1.0,-0.15,0.52,3.593843101356285,0.10125035941804794,1789558514.4870148,3.592412984138199,0.10107528440135356,0.0036904376666666654,0.0015398945451946134,0.0006967568056984062,0.0005697484984789028,0.004584685874999997,3.593787108940073,0.10124308364960177,0.0013741248018739327,0.0001677992482482099,0.00016775437273735635,0.9994654676564318,9.347488637475389e-10,0.0018854103750797723,-0.005232846620262028,-0.005232846620262028,0.1419525055522638,1.0002675072495655,9.342492102467523e-10,3.5933934476310556,0.1015016467241003,0.002796189458333334,-0.0009432414314993927,0.0016670898401125456,0.0007537576703335602,-0.0017884964166666626,3.5940640792031466,0.10214718316222687,0.0006706315720910183,0.0006455364381265788,0.0006448784926155423,0.9979665441735941,-8.454585014926986e-09,0.0014831679577293152,-0.006511504034062393,-0.006511504034062393,0.12046880922886131,1.0010202627604587,-8.437392989768538e-09,3.5927068212838,0.10117425137651347,0.0036904376666666654,0.0013233072888052433,0.0009824260236388944,0.0005150416272748431,0.0032930326916666636,3.5931036156922382,0.0999834894776557,0.00039679440843842784,-0.0011907618988577645,-0.0011930419958718975,1.0038468405925423,4.047118050640406e-08,-0.0006970489853238627,0.004321035891197115,0.004321035891197115,0.17670409278218963,0.9980888375916166,4.0626866686404194e-08]"
/multi_agv/m2b_algorithm_state,1789558514.4972942,1789558514.4972942,m2b_algorithm_state_v1:header6+3x20,"[1.0,-0.15,0.52,3.5948424085311417,0.10125036438458884,1789558514.4971743,3.5934183236970836,0.1010751996870088,0.0036904376666666654,0.0015404956352600527,0.000696702237697177,0.0005695163343696545,0.004584685874999997,3.595066672973854,0.10042523168927528,0.0016483492767704888,-0.0006499679977335221,-0.0006506454758845712,1.0020897620785048,1.4038372752920413e-08,0.0014097911200785399,-0.0031607923914885486,-0.0031607923914885486,0.1419525158190856,0.9989587599143328,1.406770961194338e-08,3.5943988109677876,0.10150169967773488,0.002796189458333334,-0.0009438952144410723,0.001667128834508702,0.0007540207790608378,-0.0017884964166666626,3.5950836379201756,0.10214718316222687,0.000684826952388029,0.0006454834844919904,0.0006448256471290449,0.9979667112180699,-8.459055389270979e-09,0.0015008593376140812,-0.006575079729170742,-0.006575079729170742,0.12046880328742357,1.0010201786574007,-8.441855686842249e-09,3.593712169403983,0.10117417888940013,0.0036904376666666654,0.0013237048516855786,0.0009824076592476194,0.0005148788516883824,0.0032930326916666636,3.594077958808409,0.09975244294479318,0.00036578940442622,-0.0014217359446069416,-0.0014249920479083513,1.0046050091759189,5.772081523289003e-08,-0.0009677552923755763,0.005378517822377558,0.005378517822377558,0.17670407272425298,0.9977150024758461,5.7986620116679007e-08]"
/multi_agv/m2b_algorithm_state,1789558514.5071769,1789558514.5071769,m2b_algorithm_state_v1:header6+3x20,"[1.0,-0.15,0.52,3.595841994949153,0.10125036741200412,1789558514.5070472,3.5944176322776693,0.1010752126783919,0.0036904376666666654,0.0015404026727044084,0.0006967092965164837,0.0005695529581355437,0.004584685874999997,3.595959336010622,0.09871795364098152,0.001541703732952815,-0.002357259037410381,-0.002366285374004267,1.007726229524905,1.8485074254340762e-07,-0.0004391557078132482,0.004138571525932284,0.004138571525932284,0.1419525152166606,0.9961854403982511,1.8627894180814711e-07,3.5953981165259457,0.10150169080531032,0.002796189458333334,-0.0009437936152213626,0.0016671239844110453,0.0007539792621644587,-0.0017884964166666626,3.5960478300762566,0.10098325143904048,0.0006497135503109597,-0.0005184393662698433,-0.0005188674943070647,1.0016548429364824,-5.460790703341259e-09,0.0002932744435816349,-0.0017500868273325366,-0.0017500868273325366,0.12046880364469624,0.9991748798259312,-5.469827454264292e-09,3.594711476789811,0.1011741896700643,0.0036904376666666654,0.0013236449084141817,0.000982409756899694,0.0005149037436336748,0.0032930326916666636,3.595128387134518,0.10030828607979447,0.0004169103447071443,-0.0008659035902698203,-0.0008671063490318728,1.0027871197211935,2.140176853837148e-08,-0.0003459684181479425,0.002936588567150188,0.002936588567150188,0.17670407391846776,0.9986129051374202,2.1461417829533194e-08]"
/multi_agv/m2b_algorithm_state,1789558514.5173953,1789558514.5173953,m2b_algorithm_state_v1:header6+3x20,"[1.0,-0.15,0.52,3.596841578396333,0.10125037035747386,1789558514.517254,3.5954172195631746,0.1010752205533211,0.0036904376666666654,0.0015403463554295852,0.0006967136380201739,0.0005695751111047472,0.004584685874999997,3.596875133603522,0.09860426646699824,0.0014579140403472302,-0.002470954086322863,-0.002480880619444628,1.0081092293496259,2.031198922826507e-07,-0.0006584880690105903,0.004959866101238754,0.004959866101238754,0.14195251511148346,0.9959987864615641,2.0476703807464203e-07,3.596397701941389,0.10150168546020663,0.002796189458333334,-0.0009437320600001672,0.0016671209767076256,0.0007539541446075215,-0.0017884964166666626,3.597059194708538,0.10098325143904048,0.0006614927671488857,-0.0005184340211661503,-0.0005188621403890877,1.0016548258943905,-5.460322064792448e-09,0.0003080038185470195,-0.0018022208773907445,-0.0018022208773907445,0.12046880369944596,0.9991748882995851,-5.469357947136979e-09,3.595711063342896,0.10117419622248464,0.0036904376666666654,0.0013236085142894522,0.0009824110581103229,0.0005149188422238398,0.0032930326916666636,3.59618156101704,0.10083141576893193,0.00047049767414408805,-0.00034278045355271014,-0.00034296819329481573,1.0010968116297034,3.3525379714199063e-09,0.00024515389938529434,0.0006084517687877864,0.0006084517687877864,0.17670407411188696,0.9994526030524813,3.356215074055982e-09]"
/multi_agv/m2b_algorithm_state,1789558514.5272386,1789558514.5272386,m2b_algorithm_state_v1:header6+3x20,"[1.0,-0.15,0.52,3.5978392139874895,0.10125038555533332,1789558514.5269456,3.596416803898671,0.10107522793140168,0.0036904376666666654,0.0015402938339730186,0.0006967180940304902,0.0005695955591859505,0.004584685874999997,3.5978347899958,0.09928356508917408,0.0014179860971292868,-0.0017916628422276065,-0.0017968551544893972,1.0058351768291787,1.0673959071932835e-07,-2.437253307778866e-05,0.0024277225964191643,0.0024277225964191643,0.14195251500001205,0.9971103334351586,1.073624351058498e-07,3.5973972843341167,0.10150168067961403,0.002796189458333334,-0.0009436747920950964,0.0016671178133522702,0.0007539309664204713,-0.0017884964166666626,3.597776011427573,0.09900252224824846,0.00037872709345654343,-0.0024991584313655696,-0.0025092570802033197,1.008157789077216,-1.2704857408452376e-07,-0.0020358482133826404,0.007334251458001427,0.007334251458001427,0.12046880376944037,0.9959754427246921,-1.2808500955446634e-07,3.5967106469562102,0.1011742024614059,0.0036904376666666654,0.0013235741211280795,0.000982412489605889,0.0005149330057090881,0.0032930326916666636,3.5969355560507434,0.09989138288849425,0.00022490909453320995,-0.0012828195729116532,-0.0012854676853212574,1.004148550278823,4.698313228129948e-08,-0.001004331317154745,0.0054474088225693745,0.0054474088225693745,0.17670407434867225,0.9979399618988147,4.717804416782505e-08]"
/multi_agv/m2b_algorithm_state,1789558514.5370386,1789558514.5370386,m2b_algorithm_state_v1:header6+3x20,"[1.0,-0.15,0.52,3.5988430985417845,0.10125036048359133,1789558514.5368798,3.5974144443140497,0.10107526421055675,0.0036904376666666654,0.0015400372001998738,0.0006967425301743543,0.0005696940888473692,0.004584685874999997,3.5988400644105,0.09915362721718562,0.0014256200964504195,-0.0019216369933711258,-0.001927615816191494,1.006267641845442,1.227780971103246e-07,-0.00014559069562846967,0.0029125336935051566,0.0029125336935051566,0.14195251137975717,0.99689833276416,1.2354762624947702e-07,3.598394914036335,0.10150165868178491,0.002796189458333334,-0.0009433961614437689,0.0016671001465367041,0.0007538193793548142,-0.0017884964166666626,3.598752280843604,0.09900252224824846,0.00035736680726916603,-0.0024991364335364558,-0.0025092349059070815,1.008157717652323,-1.2700883665011164e-07,-0.002062526396820624,0.00742837687944776,0.00742837687944776,0.12046880585806571,0.9959754774864431,-1.2804493887885327e-07,3.5977082836120835,0.10117423377365826,0.0036904376666666654,0.0013234031855703112,0.0009824209569739848,0.0005150026952324299,0.0032930326916666636,3.5979274133362202,0.09996920689929296,0.00021912972413673515,-0.0012050268743653003,-0.0012073621801670653,1.0038935524299668,4.145006292220601e-08,-0.0009334500249961464,0.005162977274064609,0.005162977274064609,0.17670408140433425,0.9980657785707336,4.161145091541904e-08]"
/multi_agv/m2b_algorithm_state,1789558514.547158,1789558514.547158,m2b_algorithm_state_v1:header6+3x20,"[1.0,-0.15,0.52,3.5998390911179414,0.10125038638079238,1789558514.5469296,3.5984183210698384,0.10107520327083927,0.0036904376666666654,0.0015404694093500305,0.0006967030258022255,0.000569527292274127,0.004584685874999997,3.5997855943862898,0.09824409638620875,0.0013672733164513673,-0.0028311068846305215,-0.0028441733116888928,1.009328822925318,2.667302908216055e-07,-0.0011350816661246836,0.0067905890211295335,0.0067905890211295335,0.1419525190048013,0.9954058963268269,2.692185704734988e-07,3.59939880801085,0.10150169661064005,0.002796189458333334,-0.0009438660998186757,0.0016671284071967385,0.000754008381146129,-0.0017884964166666626,3.6000095436571176,0.10020032774655226,0.0006107356462674574,-0.0013013688640877985,-0.001304082488554545,1.0041909211808928,-3.442911915815628e-08,-0.0005406629307202232,0.0015497871235079313,0.0015497871235079313,0.12046880144509324,0.9979191312738551,-3.457340888287568e-08,3.598712166544665,0.10117418156929471,0.0036904376666666654,0.0013236893168505517,0.0009824075976526238,0.0005148856174605663,0.0032930326916666636,3.5990530214478755,0.1009344048993817,0.0003408549032104524,-0.00023977666991301105,-0.00023986846091630083,1.000766330973158,1.6404039485915621e-09,0.0001862001680967647,0.0007710570820147728,0.0007710570820147728,0.17670406651068263,0.999617327751472,1.6416610409458587e-09]"
/multi_agv/m2b_algorithm_state,1789558514.5572727,1789558514.5572727,m2b_algorithm_state_v1:header6+3x20,"[1.0,-0.15,0.52,3.600843949538205,0.10125035503950065,1789558514.5570693,3.5994143217368464,0.10107526594928516,0.0036904376666666654,0.001540025194059169,0.0006967439889690396,0.0005696985342226928,0.004584685874999997,3.6005552135539025,0.09815087456077111,0.0011408918170561222,-0.0029243913885140527,-0.0029383428409594714,1.0096462849685055,2.845323521653014e-07,-0.0015122280696393186,0.008154573739167292,0.008154573739167292,0.14195251243642748,0.9952519317177899,2.872770323170471e-07,3.60039479078728,0.10150165784651073,0.002796189458333334,-0.0009433833013150622,0.0016670990080172032,0.0007538143971550226,-0.0017884964166666626,3.600709674810901,0.09844236775600324,0.0003148840236208983,-0.0030592900905074966,-0.0030744868362710476,1.0100493006708215,-1.903911003397173e-07,-0.0026808818067449247,0.00983173656820317,0.00983173656820317,0.12046880525018609,0.9950571439811456,-1.9230439775207966e-07,3.599708160829697,0.10117423534658128,0.0036904376666666654,0.001323394888387001,0.000982421530943767,0.0005150059931852686,0.0032930326916666636,3.6001371171643894,0.10184638730935032,0.0004289563346926428,0.0006721519627690409,0.0006714356112255984,0.9978739046980657,1.2879384792233192e-08,0.001207631029591402,-0.0032769880873035084,-0.0032769880873035084,0.17670407935248184,1.0010668953678743,1.285200199273462e-08]"
/multi_agv/m2b_algorithm_state,1789558514.5672438,1789558514.5672438,m2b_algorithm_state_v1:header6+3x20,"[1.0,-0.15,0.52,3.6018500784521916,0.10125031654256682,1789558514.5670967,3.600419170371327,0.10107519002154906,0.0036904376666666654,0.0015405634601342063,0.0006966944116387982,0.0005694910058104487,0.004584685874999997,3.60165587068705,0.09941340625001459,0.0012367003157232048,-0.0016617837715344752,-0.0016662462150119914,1.0054042738515514,9.183332050220236e-08,-0.00012037082035798539,0.002709017697211329,0.002709017697211329,0.14195252181409884,0.9973218582960238,9.232961291489355e-08,3.601399661051416,0.10150170488482292,0.002796189458333334,-0.0009439684025759265,0.0016671345396339632,0.0007540495359667776,-0.0017884964166666626,3.6015082171820665,0.09703948635608899,0.0001085561306504168,-0.0044622185287339355,-0.004494891999636641,1.0148900683827689,-4.056563936726598e-07,-0.00435919683632362,0.01625810073538865,0.01625810073538865,0.12046879982016666,0.992730977539539,-4.116966451143531e-07,3.6007130171918713,0.10117417021213,0.0036904376666666654,0.001323751638586411,0.0009824046865510201,0.0005148601176563289,0.0032930326916666636,3.6008083934836557,0.10090354617899129,9.53762917843548e-05,-0.0002706240331387111,-0.0002707409885364634,1.0008652221476135,2.0897748658859278e-09,-0.0001515206238060199,0.001982805984591436,0.001982805984591436,0.17670406102660932,0.9995680173940985,2.0915829853834184e-09]"
/multi_agv/m2b_algorithm_state,1789558514.5770576,1789558514.5770576,m2b_algorithm_state_v1:header6+3x20,"[1.0,-0.15,0.52,3.602840495789065,0.1012503787725866,1789558514.5769362,3.6014252868331824,0.1010750998596858,0.0036904376666666654,0.0015411995835680685,0.0006966311277179389,0.0005692481897408812,0.004584685874999997,3.602743442833437,0.09967310774349614,0.0013181560002544224,-0.0014019921161896598,-0.0014051621615433936,1.0045460860834172,6.538014127828867e-08,0.00024253283877463433,0.0013125161187560917,0.0013125161187560917,0.14195253344289524,0.9977440003435248,6.567736502868575e-08,3.6024058053165735,0.10150175801483809,0.002796189458333334,-0.0009446578147845591,0.0016671805931443018,0.0007543244168138064,-0.0017884964166666626,3.6024733361057937,0.09703948635608899,6.753078922017153e-05,-0.004462271658749101,-0.004494945897593953,1.0148902440423824,-4.05962239312073e-07,-0.004410532411068739,0.01643670525752574,0.01643670525752574,0.12046879306853722,0.9927308938551758,-4.1200711612742183e-07,3.6017191432068203,0.10117409175317657,0.0036904376666666654,0.0013241782626138062,0.0009823821935342819,0.0005146868926958707,0.0032930326916666636,3.6017866573203783,0.10064042382584192,6.751411355798709e-05,-0.0005336679273346551,-0.0005341236420324419,1.0017112997730815,8.130710343828544e-09,-0.00044973100008495806,0.0031574215381250186,0.0031574215381250186,0.17670403824168024,0.9991467992391185,8.14462442659493e-09]"
/multi_agv/m2b_algorithm_state,1789558514.5870564,1789558514.5870564,m2b_algorithm_state_v1:header6+3x20,"[1.0,-0.15,0.52,3.6038506201921545,0.10125031365974653,1789558514.5869622,3.6024157233220726,0.10107525275905713,0.0036904376666666654,0.0015401135541505944,0.0006967279096283358,0.0005696685974025422,0.004584685874999997,3.6037345917393946,0.09924056028204835,0.0013188684173219833,-0.0018346924770087786,-0.0018401389498858406,1.005978210812586,1.1191830521685436e-07,-0.00019155342823336144,0.0030362295842926304,0.0030362295842926304,0.14195251686784296,0.9970401839070903,1.1258737643922808e-07,3.603396199664574,0.10150166140497636,0.002796189458333334,-0.0009434757280014539,0.00166711162652744,0.0007538478971692991,-0.0017884964166666626,3.6036228277764355,0.09847133573651126,0.00022662811186169307,-0.003030325668465103,-0.003045232766291338,1.0099509168159513,-1.8681786645894727e-07,-0.0027619476264642215,0.010104519608265378,0.010104519608265378,0.12046880268474429,0.9951047755720855,-1.8867687550781376e-07,3.6027095643805476,0.1011742221537263,0.0036904376666666654,0.001323461921219122,0.0009824143650536419,0.0005149806644073741,0.0032930326916666636,3.6029031127925064,0.10171551184222914,0.00019354841195884376,0.0005412896885028384,0.000540824658579402,0.9982852890784137,8.353766461857284e-09,0.0007827601735279567,-0.0017046561884676375,-0.0017046561884676375,0.17670407068537797,1.0008598534036113,8.339442167268756e-09]"
/multi_agv/m2b_algorithm_state,1789558514.5970163,1789558514.5970163,m2b_algorithm_state_v1:header6+3x20,"[1.0,-0.15,0.52,3.60483707103697,0.10125040057977958,1789558514.5967994,3.603425827196405,0.10107509678148226,0.0036904376666666654,0.0015412173595592553,0.0006966237076593269,0.0005692443440926728,0.004584685874999997,3.6043785716060577,0.09908591965848773,0.0009527444096528725,-0.001989177122994526,-0.001995586881413474,1.0064928782970934,1.3166721379569644e-07,-0.0008046563693473834,0.005266489293179456,0.005266489293179456,0.1419525356913853,0.9967880333957656,1.325221129905893e-07,3.604406349075326,0.10150175642925899,0.002796189458333334,-0.0009446740607660753,0.0016671866495157062,0.0007543283085374025,-0.0017884964166666626,3.6046048012673553,0.09847133573651126,0.00019845219202929698,-0.003030420692747726,-0.003045328717163812,1.0099512268638529,-1.8706680977842446e-07,-0.002797263477127191,0.010227359164232494,0.010227359164232494,0.1204687917671716,0.9951046255427,-1.8892835404122676e-07,3.6037196843047314,0.10117408776849832,0.0036904376666666654,0.0013241960409018558,0.0009823783640862567,0.0005146811783760781,0.0032930326916666636,3.6038460138976514,0.10274834756746916,0.00012632959291991597,0.0015742597989708423,0.0015703569891596736,0.9950713085919284,7.064674135457163e-08,0.0017282689803095686,-0.005556997541881912,-0.005556997541881912,0.17670403385011052,1.002485301009968,7.029854536744909e-08]"
/multi_agv/m2b_algorithm_state,1789558514.6072333,1789558514.6072333,m2b_algorithm_state_v1:header6+3x20,"[1.0,-0.15,0.52,3.605849992190875,0.10125031654971733,1789558514.6069822,3.60441230507217,0.10107530849244437,0.0036904376666666654,0.0015397152949076561,0.0006967603870700495,0.0005698243331302421,0.004584685874999997,3.6053985299134927,0.09936355681115336,0.0009862248413226027,-0.0017117516812910072,-0.0017164882949172867,1.0055698986222081,9.738855831110081e-08,-0.00048370724326403337,0.004012226871216787,0.004012226871216787,0.14195251197543485,0.9972405208702528,9.793100270785665e-08,3.6053927673042594,0.10150162424099238,0.002796189458333334,-0.0009430402004580868,0.0016670888018688323,0.0007536709836383909,-0.0017884964166666626,3.6054843919855593,0.09667304593826247,9.162468129986223e-05,-0.004828578302729911,-0.004866942677515586,1.016178723601518,-4.7464091829927984e-07,-0.004752411825890758,0.017768663598688793,0.017768663598688793,0.12046880551693545,0.992117356351265,-4.823200025264146e-07,3.60470614073448,0.101174269005902,0.0036904376666666654,0.0013232022014952236,0.000982424387424019,0.0005150880295120225,0.0032930326916666636,3.604801901270889,0.10210667035653256,9.576053640936166e-05,0.0009324013506305656,0.000931025595101506,0.997059422569009,2.477544373930847e-08,0.0010507262656132082,-0.0028399655766234984,-0.0028399655766234984,0.1767040802483114,1.0014776774519392,2.4702589628605872e-08]"
/multi_agv/m2b_algorithm_state,1789558514.6171439,1789558514.6171439,m2b_algorithm_state_v1:header6+3x20,"[1.0,-0.15,0.52,3.6068427524177444,0.10125036409849009,1789558514.616922,3.6054252000039817,0.10107510533048093,0.0036904376666666654,0.001541154822499558,0.0006966273861541694,0.0005692695379355599,0.004584685874999997,3.606403526800149,0.09931602641404116,0.0009783267961673836,-0.0017590789164397685,-0.0017640828673333093,1.005726964082479,1.0294780165552018e-07,-0.0005411743721240798,0.004237137955239233,0.004237137955239233,0.1419525358494768,0.9971634263978171,1.0353738001797152e-07,3.6064057202345854,0.10150174966237095,0.002796189458333334,-0.0009446042038879473,0.0016671841311315383,0.0007542993379608537,-0.0017884964166666626,3.606446934858611,0.09667304593826247,4.1214624025620594e-05,-0.004828703724108485,-0.0048670700639293655,1.0161791396794853,-4.754525557055031e-07,-0.00481555178389734,0.0179873337969215,0.0179873337969215,0.12046879167649947,0.9921171589237601,-4.831449690152307e-07,3.6057190563340575,0.10117409465630012,0.0036904376666666654,0.0013241564887316736,0.0009823790206141547,0.0005146979811795865,0.0032930326916666636,3.6057861868883063,0.10176641509186361,6.713055424878434e-05,0.0005923204355634953,0.0005917638039293551,0.9981247169793173,1.000802884021613e-08,0.0006756769967403355,-0.001346567849381901,-0.001346567849381901,0.17670403352820188,1.000940631431737,9.98926095366157e-09]"
/multi_agv/m2b_algorithm_state,1789558514.627209,1789558514.627209,m2b_algorithm_state_v1:header6+3x20,"[1.0,-0.15,0.52,3.607853726674126,0.10125029390088454,1789558514.6269624,3.6064179748020897,0.1010752229423349,0.0036904376666666654,0.00154031850928437,0.0006967008533119486,0.0005695938311272406,0.004584685874999997,3.607481956876998,0.09963912867127195,0.0010639820749083206,-0.0014360942710629487,-0.0014394212580255891,1.00465844808695,6.856177103770114e-08,-0.00010944366439018835,0.002570017888668131,0.002570017888668131,0.1419525234626787,0.9976886634513068,6.888116248882962e-08,3.6073984630423084,0.10150167462451098,0.002796189458333334,-0.0009436930759780257,0.0016671318736922736,0.000753931578062722,-0.0017884964166666626,3.6077144291841323,0.097458696113594,0.00031596614182394234,-0.004042978510916978,-0.004069716437354881,1.0134279428114665,-3.328284465214546e-07,-0.003674758760074953,0.013705357089798326,0.013705357089798326,0.12046879886158923,0.9934300271654107,-3.3729764786737394e-07,3.606711819408835,0.10117419472862435,0.0036904376666666654,0.0013236058553721757,0.0009824031526091351,0.0005149241067507531,0.0032930326916666636,3.6069464360019503,0.10244690970706052,0.00023461659311552197,0.0012727149784361735,0.001270158284233019,0.9960016701795277,4.616400803964674e-08,0.0015634290256274215,-0.004826442440564139,-0.004826442440564139,0.17670405778287795,1.002012894168303,4.597942910966929e-08]"
/multi_agv/m2b_algorithm_state,1789558514.6370175,1789558514.6370175,m2b_algorithm_state_v1:header6+3x20,"[1.0,-0.15,0.52,3.6088443746140833,0.10125035533117087,1789558514.6369588,3.6074289268215245,0.10107505582332516,0.0036904376666666654,0.001541499979413156,0.0006965878204873374,0.0005691405067364706,0.004584685874999997,3.608470137036262,0.09955334235089816,0.0010412102147374647,-0.0015217134724269943,-0.0015254514102313755,1.0049409586551243,7.704426479046896e-08,-0.00022393864180954466,0.003013463894574169,0.003013463894574169,0.1419525438225603,0.9975496185723711,7.742493731741312e-08,3.608409464479676,0.101501775475556,0.002796189458333334,-0.0009449747511701342,0.001667213416649549,0.000754444724014397,-0.0017884964166666626,3.608676862753487,0.097458696113594,0.00026739827381083714,-0.004043079361961993,-0.004069818606591324,1.0134282749588273,-3.332969704691834e-07,-0.003735570764327778,0.013916822099356478,0.013916822099356478,0.12046878704261502,0.993429868204439,-3.377725738315877e-07,3.607722788721178,0.10117405040377245,0.0036904376666666654,0.0013243931233421695,0.0009823637449347007,0.0005146033550263692,0.0032930326916666636,3.6080188196346397,0.10309530022682176,0.00029603091346164234,0.0019212498230493091,0.001915452204453094,0.9940087253049139,1.0521087799414417e-07,0.002285490846280147,-0.007713448684876303,-0.007713448684876303,0.17670401791687138,1.0030267623398468,1.0458053072317007e-07]"
/multi_agv/m2b_algorithm_state,1789558514.6472685,1789558514.6472685,m2b_algorithm_state_v1:header6+3x20,"[1.0,-0.15,0.52,3.6098425130884,0.10125036770217404,1789558514.646961,3.6084195935541845,0.10107520816275219,0.0036904376666666654,0.0015404162598280755,0.0006966825001320834,0.0005695610066608538,0.004584685874999997,3.6094955384823857,0.09992291227135722,0.001075944928201178,-0.0011522958913949694,-0.001154433284942825,1.0037259110958758,4.4135507864071204e-08,0.00019049787530864737,0.0013835044533130393,0.0013835044533130393,0.1419525276582716,0.9981485343711642,4.429995284254406e-08,3.6094000899898493,0.10150167792218474,0.002796189458333334,-0.0009437936820956214,0.0016671461272985688,0.0007539677730416527,-0.0017884964166666626,3.60969944320076,0.09745867004115209,0.00029935321091079103,-0.004043007881032651,-0.004069746200673603,1.0134280441880048,-3.3286876621436155e-07,-0.003695554687035114,0.013778007447086576,0.013778007447086576,0.12046879643444695,0.9934299785975532,-3.3733854271589465e-07,3.6087134402982155,0.10117417990857565,0.0036904376666666654,0.001323680091610401,0.0009823947023752224,0.0005148963236238416,0.0032930326916666636,3.608986223059085,0.10265987254425965,0.00027278276086928344,0.0014856926356840022,0.0014822142834973768,0.9953438999561656,6.290077833657845e-08,0.001823192734583981,-0.005854121802241543,-0.005854121802241543,0.17670404960039943,1.0023467269377666,6.260790601980828e-08]"
/multi_agv/m2b_algorithm_state,1789558514.6570766,1789558514.6570766,m2b_algorithm_state_v1:header6+3x20,"[1.0,-0.15,0.52,3.610837091921869,0.10125040214316901,1789558514.656823,3.6094177360390933,0.10107523803555153,0.0036904376666666654,0.001540204114067085,0.0006967024852695398,0.0005696425677972124,0.004584685874999997,3.610429185020935,0.10020181215303084,0.0010114489818415784,-0.0008734258825206925,-0.0008746513315834445,1.002815316321689,2.5349506726051986e-08,0.00038965989571852853,0.0005531433519043308,0.0005531433519043308,0.1419525249539013,0.9985989284889861,2.5420873606084607e-08,3.6103982236007117,0.101501659374853,0.002796189458333334,-0.0009435621886176608,0.0016671315369336526,0.0007538750180368925,-0.0017884964166666626,3.610499070510778,0.09754024528252911,0.00010084691006628788,-0.003961414092323895,-0.003987068323006829,1.0131450293235171,-3.1947420356489907e-07,-0.0038610096854239688,0.014325396796999946,0.014325396796999946,0.12046879799732065,0.9935656405647981,-3.2367370133886693e-07,3.6097115796253965,0.10117420569611758,0.0036904376666666654,0.0013235386189074604,0.0009824014201790694,0.0005149541521938467,0.0032930326916666636,3.6100453005405515,0.10300464390567647,0.00033372091515504465,0.0018304382095588878,0.0018251720943220618,0.9942860040227351,9.544466711363339e-08,0.0022423232382658676,-0.007516186893862341,-0.007516186893862341,0.1767040548688855,1.0028852705195352,9.489929666969471e-08]"
/multi_agv/m2b_algorithm_state,1789558514.6672308,1789558514.6672308,m2b_algorithm_state_v1:header6+3x20,"[1.0,-0.15,0.52,3.6118429281249553,0.1012503638968128,1789558514.6670494,3.610412326046784,0.1010753193735403,0.0036904376666666654,0.001539629137949344,0.0006967588891672702,0.0005698624576738223,0.004584685874999997,3.611439721041512,0.1000733087167224,0.001027394994728148,-0.0010020106568179032,-0.001003625046801013,1.0032344732468386,3.335324029576508e-08,0.0002806186966091721,0.0009964222010966097,0.0009964222010966097,0.141952515835829,0.9983914411181193,3.346112045919711e-08,3.6113927887180357,0.10150161071732806,0.002796189458333334,-0.000942937687590956,0.0016670903885009913,0.0007536257224771137,-0.0017884964166666626,3.6115045745729044,0.0977043427149959,0.00011178585486870674,-0.0037972680023321687,-0.0038208111752120414,1.0125771990070982,-2.933228022556446e-07,-0.003681078856626158,0.013632496002982596,0.013632496002982596,0.12046880328538816,0.993838174199078,-2.9701198151293353e-07,3.6107061610007865,0.10117427633863871,0.0036904376666666654,0.0013231535155857582,0.000982421156407987,0.0005151108135045212,0.0032930326916666636,3.610931615840478,0.10245038851536775,0.00022545483969160784,0.001276112176729044,0.001273541884391668,0.9959911572424098,4.639479092803499e-08,0.0015553604340061778,-0.004799729641422369,-0.004799729641422369,0.17670407271596641,1.0020182236398167,4.620880150643323e-08]"
/multi_agv/m2b_algorithm_state,1789558514.677173,1789558514.677173,m2b_algorithm_state_v1:header6+3x20,"[1.0,-0.15,0.52,3.6128378177627103,0.10125039653515627,1789558514.6769378,3.6114181507082295,0.10107522465181674,0.0036904376666666654,0.0015403022540242408,0.0006967002861523852,0.0005696011720964286,0.004584685874999997,3.6123741618342255,0.09944505089964992,0.0009560111259960813,-0.0016301737521668275,-0.0016344670192005438,1.0052995855784383,8.835601553053823e-08,-0.00043945311170544223,0.0038208408036963524,0.0038208408036963524,0.1419525269650403,0.9973732923434475,8.882426579621215e-08,3.612398638702092,0.10150167111046574,0.002796189458333334,-0.0009436699805258444,0.0016671317314100875,0.0007539216409588323,-0.0017884964166666626,3.6124782873567156,0.0977043427149959,7.964865462373183e-05,-0.00379732839546984,-0.0038208723089089335,1.0125773974581649,-2.9355986614813757e-07,-0.0037213114906292687,0.01377264357452271,0.01377264357452271,0.12046879683066616,0.9938380789684603,-2.972520852624484e-07,3.611711994964544,0.1011741959281559,0.0036904376666666654,0.0013235957112831243,0.000982401829401969,0.0005149291920628052,0.0032930326916666636,3.6119075778112055,0.10194803645867001,0.00019558284666132408,0.0007738405305141166,0.0007728917621813245,0.9975550786673627,1.7072512213081233e-08,0.0010173703205079796,-0.0026470211455474177,-0.0026470211455474177,0.17670405095280292,1.0012275565340667,1.703077126376976e-08]"
/multi_agv/m2b_algorithm_state,1789558514.687144,1789558514.687144,m2b_algorithm_state_v1:header6+3x20,"[1.0,-0.15,0.52,3.613850972601536,0.10125031108474564,1789558514.6870499,3.612413050823556,0.10107530227375335,0.0036904376666666654,0.001539753161598672,0.0006967532064996,0.0005698116544267354,0.004584685874999997,3.613360576964219,0.09926789464664504,0.0009475261406630686,-0.0018074076271083067,-0.001812692219574086,1.0058874927730905,1.0858682404623514e-07,-0.0006282845437452502,0.004564116257652838,0.004564116257652838,0.1419525184229809,0.9970846719543922,1.092261281880602e-07,3.613393515523174,0.10150162423355123,0.002796189458333334,-0.0009430735172887995,0.0016670932813904749,0.0007536830951848789,-0.0017884964166666626,3.6134741483345167,0.09794087021232972,8.063281134296219e-05,-0.00356075402122151,-0.003581418923802412,1.0117625823173542,-2.579201139974834e-07,-0.0034806279096237093,0.012837592933682718,0.012837592933682718,0.12046880178326443,0.9942299677807694,-2.609539205696802e-07,3.612706886941401,0.10117426309816424,0.0036904376666666654,0.0013232291122691094,0.000982420209357726,0.0005150785379484787,0.0032930326916666636,3.6129752864785027,0.10233328708841588,0.0002683995371017822,0.0011590239902516397,0.0011569018455926338,0.9963541241027828,3.827702342990135e-08,0.0014924012669698616,-0.004519887647301731,-0.004519887647301731,0.1767040676359105,1.0018343342324938,3.813747015276106e-08]"
/multi_agv/m2b_algorithm_state,1789558514.6971836,1789558514.6971836,m2b_algorithm_state_v1:header6+3x20,"[1.0,-0.15,0.52,3.614844662921643,0.10125035294828798,1789558514.6970334,3.6134261789792,0.10107509585143283,0.0036904376666666654,0.0015412156331289844,0.0006966178166697638,0.0005692481565768818,0.004584685874999997,3.6141990211909922,0.10029358098764934,0.0007728422117923017,-0.0007815148637834862,-0.0007824952956290244,1.0025164500789772,2.0307190845506695e-08,0.00018355746911135273,0.0012421844367549735,0.0012421844367549735,0.1419525426837394,0.9987470444218454,2.0358292877513676e-08,3.6144067027080053,0.10150175152595893,0.002796189458333334,-0.0009446623507751947,0.0016671903194085402,0.0007543213236398949,-0.0017884964166666626,3.6144478938017017,0.09794087021232972,4.1191093696379966e-05,-0.003560881313629208,-0.003581547678300292,1.0117629996867077,-2.583729837601759e-07,-0.003530058811179817,0.013009268933419119,0.013009268933419119,0.12046878770204866,0.9942297669813818,-2.6141222508720054e-07,3.6137200361174022,0.10117408587684514,0.0036904376666666654,0.0013241989697191964,0.000982373976214257,0.0005146821911653828,0.0032930326916666636,3.6136019643400283,0.10219248281584559,-0.00011807177737388486,0.0010183969390004516,0.001016756772561408,0.9967913459813957,2.957673680420116e-08,0.000869167050844052,-0.0022321850383782214,-0.0022321850383782214,0.1767040201563129,1.0016131354944522,2.948183528879716e-08]"
/multi_agv/m2b_algorithm_state,1789558514.707024,1789558514.707024,m2b_algorithm_state_v1:header6+3x20,"[1.0,-0.15,0.52,3.6158429078148235,0.10125036473871414,1789558514.7069294,3.614419882038792,0.10107520016075117,0.0036904376666666654,0.001540473160145084,0.000696681931702958,0.0005695366384162542,0.004584685874999997,3.615255164173306,0.10048948936985518,0.0008352821345138928,-0.0005857107908959908,-0.0005862606700278891,1.0018817963493165,1.1399180618313396e-08,0.0004578419981144769,0.00018159318127667517,0.00018159318127667517,0.14195253198513397,0.9990620569313098,1.1420631554786138e-08,3.615400377864208,0.10150168432198413,0.002796189458333334,-0.0009438529072229801,0.0016671448276945888,0.0007539941210884943,-0.0017884964166666626,3.6151386449088916,0.09814911346227954,-0.0002617329553165071,-0.0033525708597045845,-0.003370861307641826,1.0110490170460715,-2.2880135986933044e-07,-0.0036980275017874597,0.01351719998708599,0.01351719998708599,0.1204687939114541,0.9945739541713636,-2.3132938999469101e-07,3.6147137288619295,0.1011741743621286,0.0036904376666666654,0.0013237113421582878,0.000982394781429652,0.0005148827366299965,0.0032930326916666636,3.614582456559917,0.10170341951664483,-0.0001312723020125972,0.0005292451545162308,0.0005288005488115236,0.9983232135429178,7.987709646538282e-09,0.0003647101712957771,-0.0002119984303828213,-0.0002119984303828213,0.1767040411046769,1.00084078147367,7.97431596317986e-09]"
/multi_agv/m2b_algorithm_state,1789558514.7169278,1789558514.7169278,m2b_algorithm_state_v1:header6+3x20,"[1.0,-0.15,0.52,3.6168372541979177,0.1012504007504031,1789558514.7167869,3.615418130675081,0.10107522897583848,0.0036904376666666654,0.0015402683462850141,0.0006967006025309524,0.0005696157051120695,0.004584685874999997,3.6161765865274376,0.09955655946753014,0.0007584558523565654,-0.0015186695083083401,-0.0015223924126501391,1.0049308944215931,7.667481203170286e-08,-0.0005743225972044323,0.004247962863773585,0.004247962863773585,0.14195252947926393,0.9975545698265021,7.705288743462668e-08,3.6163986182451056,0.10150166617496256,0.002796189458333334,-0.0009436294666737457,0.0016671312908460578,0.0007539043087452513,-0.0017884964166666626,3.616115017370949,0.09814911346227954,-0.00028360087415668644,-0.0033525527126830185,-0.003370842964561687,1.0110489576593396,-2.287447352815264e-07,-0.003725344057257545,0.013613212968976995,0.013613212968976995,0.1204687953720451,0.9945739828075774,-2.312721261764488e-07,3.615711974524284,0.10117419906534139,0.0036904376666666654,0.0013235755996321786,0.0009824009742696038,0.0005149383544530567,0.0032930326916666636,3.615548418809963,0.10124042246826624,-0.00016355571432091764,6.62234029248504e-05,6.621641730668471e-05,0.9997890815229786,1.2509196288715543e-10,-0.00013822822559446233,0.0017845940475247567,0.0017845940475247567,0.17670404601364773,1.000105496770285,1.2506557868085565e-10]"
/multi_agv/m2b_algorithm_state,1789558514.7273347,1789558514.7273347,m2b_algorithm_state_v1:header6+3x20,"[1.0,-0.15,0.52,3.617849959316683,0.1012503180824987,1789558514.7272596,3.6164124886487836,0.10107531440995939,0.0036904376666666654,0.0015396642057694263,0.0006967591512736071,0.0005698471209041154,0.004584685874999997,3.6175635903939916,0.09857398935114195,0.0011511017452079386,-0.0025013250588174357,-0.0025114994202536166,1.0082116915068189,2.0805562195602377e-07,-0.0010726222387436933,0.0064292317961226145,0.0064292317961226145,0.14195251995370617,0.9959488895939487,2.0976411053978596e-07,3.61739295043091,0.10150161476991118,0.002796189458333334,-0.0009429733472368063,0.0016670886989773592,0.0007536420585242537,-0.0017884964166666626,3.6175317181411035,0.09811621617981714,0.00013876771019338818,-0.003385398590094041,-0.0034040536126623546,1.0111613297078181,-2.330915755514796e-07,-0.0032305939749206194,0.011891882724064112,0.011891882724064112,0.12046880089409953,0.9945197624094635,-2.3569318747832446e-07,3.6167063235140593,0.10117427307133872,0.0036904376666666654,0.0013231719098579023,0.0009824213744523249,0.0005151027269011763,0.0032930326916666636,3.61708212405942,0.10165207640021401,0.00037580054536068275,0.000477803328875287,0.0004774408121630843,0.9984853118397897,6.507969970380039e-09,0.0009471914938639378,-0.0022603792074136824,-0.0022603792074136824,0.17670406463640634,1.000759291419936,6.498112425318901e-09]"
/multi_agv/m2b_algorithm_state,1789558514.7371392,1789558514.7371392,m2b_algorithm_state_v1:header6+3x20,"[1.0,-0.15,0.52,3.6188425837987523,0.10125036639613842,1789558514.7370052,3.6174251680463625,0.10107511410496599,0.0036904376666666654,0.0015410839160169276,0.0006966286488953694,0.0005692996160971239,0.004584685874999997,3.6185696114051664,0.09962354696480344,0.001144443358803926,-0.001451567140162549,-0.0014549666062885793,1.00470946758018,7.008271134556377e-08,-2.4412407783671762e-05,0.0022773696194859773,0.0022773696194859773,0.14195254340572003,0.9976635435402178,7.041276360257681e-08,3.618405686674035,0.10150173881891769,0.002796189458333334,-0.0009445160776131922,0.0016671820720555175,0.0007542622092569645,-0.0017884964166666626,3.618568752658463,0.09877668530355793,0.00016306598442783482,-0.00272505351535976,-0.0027370807296302887,1.00891779661746,-1.5121083176267602e-07,-0.002533248249095495,0.00917578582303756,0.00917578582303756,0.1204687872800675,0.9956058240663755,-1.5255929920669254e-07,3.617719023229652,0.10117410132361243,0.0036904376666666654,0.0013241124110048219,0.0009823769964667503,0.0005147181399599706,0.0032930326916666636,3.618105557333782,0.10179080802534134,0.00038653410413003186,0.0006167067017289057,0.0006161034041154912,0.9980480513668933,1.084851794202525e-08,0.0010992710342780311,-0.0028648664133250606,-0.0028648664133250606,0.1767040187269543,1.000979214867804,1.0827342192257081e-08]"
/multi_agv/m2b_algorithm_state,1789558514.7471757,1789558514.7471757,m2b_algorithm_state_v1:header6+3x20,"[1.0,-0.15,0.52,3.6198413562802716,0.10125037441125927,1789558514.7470472,3.618417807418452,0.10107523306411284,0.0036904376666666654,0.0015402385651766735,0.0006967037062643117,0.000569626999581646,0.004584685874999997,3.6196776240113735,0.10103745551111332,0.0012598165929214034,-3.77775529995239e-05,-3.777983109435453e-05,1.000120622944495,4.7396101779799155e-11,0.0015369909100573997,-0.003898349152116606,-0.003898349152116606,0.14195253079077907,0.9999397007671914,4.740181883715342e-11,3.6193982932999713,0.1015016634024618,0.002796189458333334,-0.0009435954626512248,0.0016671285036564676,0.0007538910189701514,-0.0017884964166666626,3.6196547319355443,0.09940529937631355,0.0002564386355730086,-0.0020963640261482536,-0.002103448207142606,1.0068119970994895,-8.936437717457198e-08,-0.0017828999126763452,0.006275175080418342,0.006275175080418342,0.1204687946060997,0.9966321105647875,-8.997312705268285e-08,3.618711650677834,0.10117420272184062,0.0036904376666666654,0.0013235550536215787,0.0009824018309045456,0.0005149468147574369,0.0032930326916666636,3.6191202706748484,0.10185150708583715,0.0004086199970143589,0.0006773043639965309,0.0006765770159717407,0.997857731567214,1.3079132648449224e-08,0.0011873520122396893,-0.003207071584835491,-0.003207071584835491,0.17670404342467416,1.001075040989599,1.3051113635448232e-08]"
/multi_agv/m2b_algorithm_state,1789558514.757013,1789558514.757013,m2b_algorithm_state_v1:header6+3x20,"[1.0,-0.15,0.52,3.620837459310098,0.10125039906030141,1789558514.7569187,3.6194165826064166,0.10107525166224013,0.0036904376666666654,0.001540107272844792,0.0006967172020571504,0.0005696768895429912,0.004584685874999997,3.6204452734260153,0.10095862504016281,0.0010286908195986655,-0.00011662662207731489,-0.00011664834699104427,1.0003727190324625,4.517075570257413e-10,0.0011692151775072877,-0.0025564240177496085,-0.0025564240177496085,0.14195252923366297,0.9998137572088265,4.518759170293519e-10,3.6203970624261403,0.10150165253749618,0.002796189458333334,-0.0009434527147431579,0.001667118437606696,0.000753834378710766,-0.0017884964166666626,3.6206467880756534,0.09940529937631355,0.0002497256495130884,-0.002096353161182632,-0.002103437269201045,1.0068119619524547,-8.934993570543925e-08,-0.0017912802073096843,0.006304839568738673,0.006304839568738673,0.12046879551540599,0.9966321277453148,-8.995858406791897e-08,3.6197104238082574,0.10117421903404147,0.0036904376666666654,0.0013234663737469433,0.0009824066139008103,0.0005149827661133201,0.0032930326916666636,3.6201364388231116,0.10185943334324908,0.0004260150148542863,0.0006852143092076074,0.000684469917941207,0.9978329082735221,1.3385433842755986e-08,0.0012169886865090649,-0.0033163169180717568,-0.0033163169180717568,0.17670404648999283,1.0010875441664981,1.3356426379820033e-08]"
/multi_agv/m2b_algorithm_state,1789558514.767572,1789558514.767572,m2b_algorithm_state_v1:header6+3x20,"[1.0,-0.15,0.52,3.6218380626687146,0.10125039442001173,1789558514.7673652,3.62041269371342,0.10107530920993299,0.0036904376666666654,0.001539701243816439,0.0006967580053767177,0.0005698316624916097,0.004584685874999997,3.621403928983627,0.1003777245390149,0.000991235270206836,-0.0006975846709180861,-0.0006983653284863943,1.0022440621734245,1.616280481305333e-08,0.0005406787592721509,-6.17342160864631e-05,-6.17342160864631e-05,0.14195252286998628,0.9988821644825924,1.6199075151950748e-08,3.6213931554776817,0.10150161874271896,0.002796189458333334,-0.0009430123045833052,0.0016670885027503246,0.0007536590472526777,-0.0017884964166666626,3.621315656097274,0.09887868238138674,-7.749938040779725e-05,-0.0026229363613322204,-0.002634070506259478,1.0085737720773846,-1.3985816555103434e-07,-0.0027309447317692245,0.00983069767554624,0.00983069767554624,0.12046879920524643,0.9957730269934693,-1.4105727758563005e-07,3.620706528739193,0.10117426922825225,0.0036904376666666654,0.001323193514086218,0.0009824211125492926,0.0005150934985526539,0.0032930326916666636,3.620977838617699,0.10194740829326526,0.00027130987850609856,0.0007731390650130149,0.0007721920118791621,0.9975572778704189,1.703639917873553e-08,0.0011113293600117854,-0.002981560996991601,-0.002981560996991601,0.1767040589440493,1.0012264477219184,1.6994783989453254e-08]"
/multi_agv/m2b_algorithm_state,1789558514.7775478,1789558514.7775478,m2b_algorithm_state_v1:header6+3x20,"[1.0,-0.15,0.52,3.622838875569787,0.10125038861756273,1789558514.7772756,3.621413296106131,0.10107529493469211,0.0036904376666666654,0.0015398052827976104,0.0006967531089926203,0.0005697891127815295,0.004584685874999997,3.622339415055077,0.1000767792900863,0.0009261189489460087,-0.0009985156446058047,-0.0010001187505304175,1.0032230652974063,3.312468774156885e-08,0.00015752993565209335,0.0014304273577991113,0.0014304273577991113,0.14195252458386434,0.9983970844224622,3.323145077311613e-08,3.6223937597250067,0.10150163022040955,0.002796189458333334,-0.0009431270559588714,0.0016670911688763113,0.0007537074011934458,-0.0017884964166666626,3.6223050723827797,0.09887868238138674,-8.86873422270007e-05,-0.00262294783902281,-0.002634082080640526,1.008573809386889,-1.3987640215719222e-07,-0.002744941258424277,0.009879805975956613,0.009879805975956613,0.12046879820984643,0.9957730088596902,-1.410756757670118e-07,3.621707132175006,0.10117425810493354,0.0036904376666666654,0.0013232573983427086,0.0009824203787965674,0.0005150661889239262,0.0032930326916666636,3.6220068354844375,0.10210004529463085,0.0002997033094316315,0.0009257871896973108,0.0009244308151642235,0.9970800619368875,2.4426328691252072e-08,0.0012990599519537628,-0.0037212886238193557,-0.0037212886238193557,0.17670405560144772,1.0014672536990736,2.435500532436439e-08]"
/multi_agv/m2b_algorithm_state,1789558514.7875037,1789558514.7875037,m2b_algorithm_state_v1:header6+3x20,"[1.0,-0.15,0.52,3.623837598514323,0.10125039630077241,1789558514.7872822,3.622414107561118,0.10107527848409538,0.0036904376666666654,0.0015399242266639244,0.0006967457987497204,0.0005697413579837353,0.004584685874999997,3.6237763256427766,0.1004310234821422,0.001362218081658817,-0.000644255001953184,-0.0006449205934475353,1.0020712578311746,1.3787496884430963e-08,0.001057852008625986,-0.0019175148149413327,-0.0019175148149413327,0.1419525266747119,0.9989679481456885,1.3816054345325135e-08,3.6233945741531075,0.10150164251304537,0.002796189458333334,-0.0009432577888016415,0.0016670957499602679,0.0007537616864479318,-0.0017884964166666626,3.6237326770906684,0.10034107446465179,0.00033810293756086907,-0.0011605680483935815,-0.0011627239469667644,1.0037315424686832,-2.7361824895264016e-08,-0.0007400952750156781,0.002193560536988812,0.002193560536988812,0.12046879699392048,0.9981458207867766,-2.7463926706881367e-08,3.622707944995137,0.10117424485554743,0.0036904376666666654,0.001323332369563457,0.0009824186410277054,0.0005150345957695354,0.0032930326916666636,3.623374696728948,0.10239492856806127,0.0006667517338110329,0.0012206837125138398,0.0012183308655439816,0.9961628592478549,4.2459422887769996e-08,0.002051770532807773,-0.006543157730803935,-0.006543157730803935,0.17670405149216642,1.0019312052549925,4.229650010589477e-08]"
/multi_agv/m2b_algorithm_state,1789558514.797359,1789558514.797359,m2b_algorithm_state_v1:header6+3x20,"[1.0,-0.15,0.52,3.624837721735403,0.10125039486339217,1789558514.7972395,3.623412833232805,0.10107529481025235,0.0036904376666666654,0.001539810807148411,0.0006967596640191859,0.000569783308649435,0.004584685874999997,3.6247946115650507,0.10044454452675287,0.00138177833224562,-0.0006307502834994733,-0.0006313881983732053,1.002027530642569,1.3214436949823425e-08,0.0010958347169338198,-0.0020583968454376514,-0.0020583968454376514,0.14195252503122063,0.998989662975368,1.3241229625663488e-08,3.6243932935827,0.10150163443202603,0.002796189458333334,-0.0009431360310674748,0.0016670852051299256,0.0007537143937608459,-0.0017884964166666626,3.6247362981502067,0.10034107446465179,0.0003430045675067994,-0.0011605599673742417,-0.0011627158360281481,1.0037315165512481,-2.7357912846141846e-08,-0.0007339601266446488,0.0021719890157935197,0.0021719890157935197,0.12046879795685532,0.9981458335845234,-2.745999935073483e-08,3.623706668727465,0.10117425966003887,0.0036904376666666654,0.0013232536558800208,0.0009824240782888138,0.0005150658868673251,0.0032930326916666636,3.624419086172647,0.10260836522492248,0.0007124174451820231,0.0014341055648836032,0.001430863309704495,0.9955029324370885,5.859176941456806e-08,0.0023213851161820237,-0.007607439370670604,-0.007607439370670604,0.17670405474303247,1.002265943334432,5.832827826888022e-08]"
/multi_agv/m2b_algorithm_state,1789558514.8074672,1789558514.8074672,m2b_algorithm_state_v1:header6+3x20,"[1.0,-0.15,0.52,3.6258377140678966,0.10125039432348142,1789558514.8072352,3.6244129563381398,0.10107528886666285,0.0036904376666666654,0.0015398555010162698,0.000696759186339246,0.0005697641841954259,0.004584685874999997,3.6257981911065778,0.10042957684591722,0.0013852347684379929,-0.000645712020745634,-0.0006463806334454158,1.0020759759962863,1.3849324967516761e-08,0.0010851628271020754,-0.0020136410410727386,-0.0020136410410727386,0.1419525258831493,0.9989656053025323,1.3878075833714095e-08,3.6253934167141697,0.10150164031824807,0.002796189458333334,-0.0009431863948428819,0.0016670849363005225,0.0007537363645676864,-0.0017884964166666626,3.6256127430241674,0.09855727227331018,0.00021932630999765834,-0.0029443680449378895,-0.0029584323262934137,1.0096593163118845,-1.763059020043653e-07,-0.002684274438796341,0.009797178157824049,0.009797178157824049,0.12046879745385976,0.9952460358039877,-1.7800889647947757e-07,3.624706792153899,0.1011742554052656,0.0036904376666666654,0.0013232795538976137,0.000982424712315356,0.0005150543313223728,0.0032930326916666636,3.6254886540287568,0.10295921574617407,0.0007818618748576256,0.0017849603409084702,0.0017799509276171242,0.9944250802008624,9.07461334507926e-08,0.0027572782711891564,-0.009334002160588394,-0.009334002160588394,0.17670405303621292,1.0028143547182238,9.02402310347226e-08]"
/multi_agv/m2b_algorithm_state,1789558514.8175478,1789558514.8175478,m2b_algorithm_state_v1:header6+3x20,"[1.0,-0.15,0.52,3.626838042259108,0.10125039168227921,1789558514.8172784,3.6254129487808093,0.10107528533564968,0.0036904376666666654,0.0015398829400231177,0.0006967598837555045,0.0005697519277810034,0.004584685874999997,3.6267710697880418,0.09986550695690692,0.0013581210072324268,-0.001209778378742754,-0.0012121353583244327,1.00391431237714,4.863379824859604e-08,0.00048551590071610083,0.00036600313389171754,0.00036600313389171754,0.14195252649934392,0.9980555145384615,4.8824166127027845e-08,3.6263934087052156,0.10150164452101229,0.002796189458333334,-0.0009432179894761457,0.0016670839119572456,0.0007537505925926669,-0.0017884964166666626,3.6266294610276257,0.09855727227331018,0.00023605232241008522,-0.0029443722477021095,-0.002958436568860297,1.0096593300139327,-1.7631230826059546e-07,-0.0026633711658476905,0.009723730330976451,0.009723730330976451,0.12046879710392006,0.9952460291674919,-1.7801536703160278e-07,3.6257067847176647,0.10117425311378224,0.0036904376666666654,0.0013232945195302726,0.000982425683359378,0.0005150473392344515,0.0032930326916666636,3.626590304474109,0.10343212274836208,0.0008835197564440733,0.0022578696345798427,0.0022498829036946715,0.9929860586010562,1.451513775294448e-07,0.003354282599249763,-0.011701474887070016,-0.011701474887070016,0.1767040518493356,1.0035498429149603,1.4413329427347728e-07]"
/multi_agv/m2b_algorithm_state,1789558514.8274643,1789558514.8274643,m2b_algorithm_state_v1:header6+3x20,"[1.0,-0.15,0.52,3.627843187801602,0.10125035834691432,1789558514.827348,3.626413276370603,0.10107527698169229,0.0036904376666666654,0.0015399443743738975,0.0006967570009935634,0.0005697267980195788,0.004584685874999997,3.6277382307720094,0.09986550695690692,0.0013249544014062309,-0.001209770024785367,-0.0012121269719320316,1.003914285417459,4.863506842016646e-08,0.000444066029825757,0.0005125698704692169,0.0005125698704692169,0.14195252772376532,0.99805552784383,4.882543995926064e-08,3.627393737440779,0.10150165149301281,0.002796189458333334,-0.0009432864818032364,0.0016670855450140465,0.0007537794322008129,-0.0017884964166666626,3.6275839522361886,0.09855727227331018,0.00019021479540937136,-0.002944379219702628,-0.002958443606889906,1.0096593527443738,-1.7632594146689312e-07,-0.0027206751126281916,0.009924931661216335,0.009924931661216335,0.12046879638786155,0.9952460181581547,-1.7802913593350564e-07,3.626707112965941,0.10117424657213252,0.0036904376666666654,0.0013233325434704158,0.0009824253642380489,0.0005150310233580238,0.0032930326916666636,3.6275920068302017,0.10343212274836208,0.0008848938642604942,0.0022578761762295646,0.0022498893987490604,0.9929860381761375,1.451563930985707e-07,0.003356006729074678,-0.01170760895396864,-0.01170760895396864,0.17670404944123827,1.0035498533772127,1.4413827169888775e-07]"
/multi_agv/m2b_algorithm_state,1789558514.837296,1789558514.837296,m2b_algorithm_state_v1:header6+3x20,"[1.0,-0.15,0.52,3.6288379273509594,0.10125039222773775,1789558514.8371415,3.627418411488888,0.10107519588400361,0.0036904376666666654,0.001540519940455076,0.0006967043002821243,0.0005695047262286753,0.004584685874999997,3.6278553276897942,0.09994825721098324,0.0004369162009063565,-0.0011269386730203695,-0.0011289826410218512,1.0036428775375068,4.221651872578438e-08,-0.0005828373898889056,0.004106481066033474,0.004106481066033474,0.14195253760970444,0.9981895487785079,4.2370308333562277e-08,3.628398895563531,0.10150170211794984,0.002796189458333334,-0.0009439128579101655,0.0016671232857872198,0.0007540313131065846,-0.0017884964166666626,3.6276605838129177,0.09959690829853918,-0.0007383117506134518,-0.0019047938194106662,-0.0019106339702779154,1.006176139489778,-7.379346898286357e-08,-0.00283352365854473,0.009898434860215945,0.009898434860215945,0.12046879065154711,0.9969433439590737,-7.424922774073633e-08,3.627712256352387,0.10117417703878949,0.0036904376666666654,0.0013237139771316232,0.0009824076136510486,0.0005148749198815119,0.0032930326916666636,3.6276130234670956,0.10236518387963373,-9.923288529156693e-05,0.001191006840844236,0.001188766500842375,0.9962548774355756,4.043253916397343e-08,0.0010647253942279162,-0.003009889667151209,-0.003009889667151209,0.176704030093546,1.0018845921383834,4.0281114349213465e-08]"
/multi_agv/m2b_algorithm_state,1789558514.8473566,1789558514.8473566,m2b_algorithm_state_v1:header6+3x20,"[1.0,-0.15,0.52,3.6298387018152187,0.10125038683373844,1789558514.8472526,3.6284131615660606,0.10107527784123954,0.0036904376666666654,0.0015399394414052983,0.0006967577017260136,0.0005697285717759206,0.004584685874999997,3.628859294440464,0.09994825721098324,0.0004461328744032045,-0.001127020630256298,-0.0011290648945744758,1.0036431418272656,4.220673545767107e-08,-0.0005713988015704702,0.0040654935070376964,0.0040654935070376964,0.14195252880263753,0.9981894182274189,4.2360500581009244e-08,3.629393622353132,0.10150165155057901,0.002796189458333334,-0.0009432824588926853,0.0016670850065176879,0.0007537779685237583,-0.0017884964166666626,3.628661021311194,0.09959690829853918,-0.0007326010419381745,-0.0019047432520398339,-0.0019105830945776556,1.0061759761975706,-7.374028473273283e-08,-0.0028263343970003738,0.00987369677844726,0.00987369677844726,0.12046879576386958,0.9969434239450797,-7.419570297604427e-08,3.6287069981336857,0.10117424729139472,0.0036904376666666654,0.0013233296305697442,0.000982425836493329,0.0005150320403464227,0.0032930326916666636,3.6286412679198667,0.10236518387963373,-6.573021381894861e-05,0.0011909365882390027,0.0011886965134716655,0.9962550989301204,4.041602005838763e-08,0.0011065337461979797,-0.0031592820275436746,-0.0031592820275436746,0.17670404733318662,1.0018844799677211,4.02646660616307e-08]"
/multi_agv/m2b_algorithm_state,1789558514.8574307,1789558514.8574307,m2b_algorithm_state_v1:header6+3x20,"[1.0,-0.15,0.52,3.630842207828268,0.10125036418473886,1789558514.857286,3.6294139344916334,0.10107526326668032,0.0036904376666666654,0.0015400445811717808,0.0006967500823642499,0.0005696869612644231,0.004584685874999997,3.6298724783008907,0.10011406790912565,0.00045854380925725025,-0.0009611953575546645,-0.0009626804509808963,1.0031012951181322,3.069883047063181e-08,-0.00038950068940933353,0.003349187763258262,0.003349187763258262,0.1419525308236933,0.9984573350121332,3.0794036603702744e-08,3.630394398539142,0.10150166198906228,0.002796189458333334,-0.000943398233357371,0.001667090171770802,0.0007538254659715388,-0.0017884964166666626,3.6295692351033226,0.09851555268465555,-0.0008251634358193982,-0.0029861093044067366,-0.003000579727044739,1.009800847959,-1.8138576454542336e-07,-0.004032034021818986,0.014546881296389945,0.014546881296389945,0.12046879459682108,0.9951774577067297,-1.8316349884566e-07,3.62970777241488,0.10117423524547271,0.0036904376666666654,0.0013233973801846165,0.0009824237689506805,0.0005150037490016073,0.0032930326916666636,3.6297360547123905,0.10321292560716593,2.8282297510617838e-05,0.002038690361693213,0.002032168126900089,0.9936510359732792,1.1836700724905138e-07,0.0020675209987883613,-0.00699193273529462,-0.00699193273529462,0.17670404339568835,1.0032094956646491,1.1761549937807655e-07]"
/multi_agv/m2b_algorithm_state,1789558514.8674254,1789558514.8674254,m2b_algorithm_state_v1:header6+3x20,"[1.0,-0.15,0.52,3.631838670673923,0.10125038703687252,1789558514.8672583,3.6304174333893235,0.10107520817312704,0.0036904376666666654,0.0015404357295548286,0.0006967141624879319,0.0005695360983588443,0.004584685874999997,3.6306928829773155,0.09943495568582637,0.0002754495879919716,-0.0016402524873006669,-0.0016445993365765954,1.005332957418522,8.946029918123831e-08,-0.001300287351586631,0.006863343233378942,0.006863343233378942,0.1419525377600909,0.9973568946677451,8.993738714742008e-08,3.6313979131403578,0.10150169640762634,0.002796189458333334,-0.000943824113957238,0.001667115936270669,0.0007539966686624794,-0.0017884964166666626,3.6304937762078557,0.0994624216605722,-0.0009041369325020199,-0.0020392747470541345,-0.0020459754511978545,1.0066222217496041,-8.458070658556129e-08,-0.0031761466168253793,0.011160774147663723,0.011160774147663723,0.12046879056862342,0.9967249342411234,-8.514081878030907e-08,3.6307112769551213,0.10117418797346316,0.0036904376666666654,0.001323656796091843,0.000982411683174522,0.0005148975888567588,0.0032930326916666636,3.630617100227496,0.10211038199746185,-9.417672762523921e-05,0.0009361940239986932,0.0009348070918536336,0.9970475855123778,2.4985930951562372e-08,0.0008170861823220846,-0.0020091209352206593,-0.0020091209352206593,0.17670402982067507,1.001483655993997,2.4912162127034253e-08]"
/multi_agv/m2b_algorithm_state,1789558514.8773594,1789558514.8773594,m2b_algorithm_state_v1:header6+3x20,"[1.0,-0.15,0.52,3.6328385120185565,0.10125038776092636,1789558514.8772192,3.631413903302897,0.10107526346494354,0.0036904376666666654,0.001540044228551717,0.0006967500655674632,0.0005696871228506177,0.004584685874999997,3.631764884182972,0.10030089456634435,0.0003509808800750136,-0.0007743688985991926,-0.0007753314287413058,1.0024932334029228,1.992225457217205e-08,-0.0003366053286475388,0.0030792672342915043,0.0030792672342915043,0.14195253203647729,0.9987585565263672,1.997192540273292e-08,3.6323943674214187,0.10150166231226042,0.002796189458333334,-0.0009433991491602277,0.0016670902424871237,0.0007538258261637065,-0.0017884964166666626,3.6314900046538607,0.0994624216605722,-0.000904362767558009,-0.002039240651688215,-0.002045941133122376,1.006622111512576,-8.453980775679353e-08,-0.003176394592569887,0.011162059168553222,0.011162059168553222,0.12046879388436782,0.9967249881603703,-8.509963979101075e-08,3.631707741297453,0.10117423533341359,0.0036904376666666654,0.0013233977834552191,0.0009824239449678146,0.0005150034826480404,0.0032930326916666636,3.6315448024305366,0.10107970327525795,-0.00016293886691665094,-9.453205815564136e-05,-9.454630988444766e-05,1.0003016293037372,2.548914581175539e-10,-0.00029821989353026135,0.0024242495650586586,0.0024242495650586586,0.1767040410081762,0.9998492619244082,2.549683408505944e-10]"
/multi_agv/m2b_algorithm_state,1789558514.8873494,1789558514.8873494,m2b_algorithm_state_v1:header6+3x20,"[1.0,-0.15,0.52,3.6338404376817355,0.10125037519685946,1789558514.8872626,3.6324137449646456,0.10107526403605144,0.0036904376666666654,0.0015400417092479154,0.0006967518503885543,0.0005696872865007609,0.004584685874999997,3.6327688729680747,0.10030089456634435,0.0003551280034290727,-0.0007743694697070896,-0.0007753320012657023,1.0024932352386466,1.9922251323350843e-08,-0.0003314219969793614,0.003060915039408906,0.003060915039408906,0.141952532386168,0.9987585556161215,1.9971922182383396e-08,3.6333942082731867,0.10150166308530571,0.002796189458333334,-0.0009433977138630567,0.0016670887638912113,0.0007538259731380559,-0.0017884964166666626,3.632558082051735,0.09979602107266192,-0.0008361262214515719,-0.001705642012643796,-0.001710317761079561,1.0055179913165655,-5.9129363110361424e-08,-0.0027554755378940256,0.009542252638820754,0.009542252638820754,0.12046879368258245,0.9972661522074041,-5.945563842255845e-08,3.6327075828178366,0.10117423616142193,0.0036904376666666654,0.0013233947123638566,0.0009824249687402364,0.0005150042813368673,0.0032930326916666636,3.63255658691091,0.10107970327525795,-0.00015099590692635445,-9.453288616398381e-05,-9.454713814238324e-05,1.0003016319451694,2.548953310008343e-10,-0.0002832920218003263,0.002371270698070355,0.002371270698070355,0.17670404031606676,0.9998492606050332,2.549722155753387e-10]"
/multi_agv/m2b_algorithm_state,1789558514.8976088,1789558514.8976088,m2b_algorithm_state_v1:header6+3x20,"[1.0,-0.15,0.52,3.6348430892467043,0.10125035840563686,1789558514.8974786,3.6334156667112985,0.10107523297022969,0.0036904376666666654,0.001540262938185986,0.0006967321776245147,0.000569601625708471,0.004584685874999997,3.633769517721352,0.10030089456634435,0.0003538510100535852,-0.0007743384038853413,-0.0007753008583939622,1.002493135383116,1.992351694156907e-08,-0.00033298709582698066,0.003066663219602673,0.003066663219602673,0.14195253649087775,0.9987586051296079,1.9973188966612205e-08,3.6343961386186048,0.10150168297327863,0.002796189458333334,-0.000943639169668171,0.001667102810607446,0.0007539233292575553,-0.0017884964166666626,3.6335536899704493,0.09979602107266192,-0.0008424486481555249,-0.0017056619006167173,-0.0017103377575413696,1.0055180554213916,-5.914587150227611e-08,-0.0027633985677357757,0.009569974531801867,0.009569974531801867,0.12046879130124336,0.9972661207389972,-5.947224169917218e-08,3.6337095077153037,0.10117420964707002,0.0036904376666666654,0.0013235408495354348,0.0009824185297941717,0.0005149442858591686,0.0032930326916666636,3.633565001393977,0.10107970327525795,-0.0001445063213267872,-9.450637181207533e-05,-9.452061579912755e-05,1.000301547361632,2.547805237987232e-10,-0.0002751535174576116,0.0023425230057074293,0.0023425230057074293,0.1767040322791448,0.9998493028538612,2.548573521934699e-10]"
/multi_agv/m2b_algorithm_state,1789558514.9074216,1789558514.9074216,m2b_algorithm_state_v1:header6+3x20,"[1.0,-0.15,0.52,3.6358510842855907,0.101250307822225,1789558514.9073005,3.634418312850922,0.10107519299859151,0.0036904376666666654,0.0015405459949860006,0.0006967047854074867,0.0005694931803592288,0.004584685874999997,3.6348336070307234,0.10080973822454477,0.00041529417980123995,-0.00026545477404674167,-0.0002655674502341022,1.00084978013502,2.3410575927652594e-09,0.00025355027451744774,0.0007606436332449071,0.0007606436332449071,0.14195254187758627,0.9995757153700078,2.343046977002529e-09,3.6353987968132935,0.10150170720520878,0.002796189458333334,-0.0009439469569227127,0.0016671226997675426,0.0007540463987157769,-0.0017884964166666626,3.634733325354966,0.0988451829763049,-0.0006654714583276267,-0.0026565242289038754,-0.002667948233698897,1.008686835764975,-1.436082550379413e-07,-0.00349978755660843,0.012546699879052816,0.012546699879052816,0.12046878816950789,0.9957180560511916,-1.4485575636395055e-07,3.634712158075897,0.10117417501311027,0.0036904376666666654,0.0013237301238902283,0.000982409041860666,0.0005148671780381689,0.0032930326916666636,3.6351799014405173,0.10228100059851378,0.0004677433646200768,0.0011068255854035092,0.0011048895167806519,0.9965162474850002,3.492148498127973e-08,0.0016895687225557479,-0.00519743173767922,-0.00519743173767922,0.17670402171902508,1.0017522735019684,3.479982717014867e-08]"
/multi_agv/m2b_algorithm_state,1789558514.9172504,1789558514.9172504,m2b_algorithm_state_v1:header6+3x20,"[1.0,-0.15,0.52,3.636845970531482,0.10125034239167784,1789558514.9171238,3.635426291524082,0.1010750740305798,0.0036904376666666654,0.0015413861804430798,0.0006966217813027418,0.0005691721693006687,0.004584685874999997,3.6361633373342404,0.09953258581731078,0.000737045810158321,-0.001542488213269022,-0.001546329510073294,1.0050095849109886,7.915752966697235e-08,-0.0006250222473753928,0.004438499850089892,0.004438499850089892,0.14195255685705035,0.9975158614129468,7.955407603318315e-08,3.6364068119840556,0.10150177783723305,0.002796189458333334,-0.0009448583608822145,0.0016671830953942646,0.0007544100450241342,-0.0017884964166666626,3.6358295569310886,0.10025109151632249,-0.0005772550529670184,-0.0012506863209105629,-0.0012531917315087057,1.0040253911931858,-3.1831945092760506e-08,-0.001974760547717479,0.006594873626807723,0.006594873626807723,0.1204687794487222,0.9980007763096819,-3.196008112419888e-08,3.635720149348635,0.10117407159886216,0.0036904376666666654,0.0013242931879618902,0.0009823797357779275,0.000514638355515394,0.0032930326916666636,3.6360179481359505,0.10139441457235161,0.0002977987873156174,0.00022034297348945409,0.00022026572767218028,0.9992994424524411,1.385457610412594e-09,0.000592514211816702,-0.0008799984525221047,-0.0008799984525221047,0.17670399232447564,1.0003506937647093,1.3844870176267965e-09]"
/multi_agv/m2b_algorithm_state,1789558514.927168,1789558514.927168,m2b_algorithm_state_v1:header6+3x20,"[1.0,-0.15,0.52,3.6378424189755685,0.10125036598375053,1789558514.9270627,3.6364211879178288,0.10107516208436243,0.0036904376666666654,0.001540757995084973,0.0006966729380878608,0.0005694178524053406,0.004584685874999997,3.6372004167318424,0.10002992713561794,0.0007792288140135994,-0.0010452349487444917,-0.001046992200842259,1.0033756542819134,3.632056984987612e-08,-7.295618332525959e-05,0.0022675204721483064,0.0022675204721483064,0.14195254833279908,0.9983216187318744,3.6443175537011395e-08,3.63740168633688,0.10150171955636297,0.002796189458333334,-0.0009441729312073166,0.0016671474161942257,0.0007541314940554128,-0.0017884964166666626,3.6368386949446565,0.10025109151632249,-0.0005629913922233776,-0.0012506280400404884,-0.0012531332180120555,1.004025204120444,-3.180589599215277e-08,-0.0019568724582912774,0.006532314822204125,0.006532314822204125,0.12046878441488883,0.9980008685943692,-3.19339212157548e-08,3.636715037339737,0.1011741455343081,0.0036904376666666654,0.0013238841368847939,0.0009823957461560402,0.0005148073352019356,0.0032930326916666636,3.6370385949594497,0.10139441457235161,0.00032355761971292196,0.00022026903804350795,0.00022019184409084475,0.9992996776360257,1.3840999397746046e-09,0.0006246388687319972,-0.000994505103861715,-0.000994505103861715,0.17670400906810563,1.0003505758943159,1.383130623632805e-09]"
/multi_agv/m2b_algorithm_state,1789558514.9373488,1789558514.9373488,m2b_algorithm_state_v1:header6+3x20,"[1.0,-0.15,0.52,3.638842614510761,0.10125036507190828,1789558514.937202,3.6374176435209855,0.1010752206821777,0.0036904376666666654,0.0015403412696870459,0.0006967090612952196,0.0005695796961141084,0.004584685874999997,3.638193911667465,0.10002992713561794,0.000776268146479353,-0.0010452935465597585,-0.0010470509950829465,1.0033758431025062,3.631480936714144e-08,-7.671581198375518e-05,0.002280426636263961,0.002280426636263961,0.14195254259183515,0.9983215253779987,3.643740246586233e-08,3.638398126248622,0.10150168199362156,0.002796189458333334,-0.0009437189638530803,0.0016671218191595116,0.0007539480296130663,-0.0017884964166666626,3.6378343864798213,0.10025109151632249,-0.0005637397688005308,-0.0012505904772990711,-0.0012530955053456142,1.0040250835497235,-3.178869844015303e-08,-0.001957770216346278,0.006535925761884893,0.006535925761884893,0.12046878775343452,0.9980009280730344,-3.191665060731161e-08,3.6377114871570986,0.10117419527545235,0.0036904376666666654,0.001323610335805307,0.000982407534425001,0.0005149198854945405,0.0032930326916666636,3.6380456419529104,0.10139441457235161,0.00033415479581178076,0.00022021929689926278,0.00022014213782945566,0.9992998358591524,1.3831885029039406e-09,0.0006378356325941816,-0.001041641137368458,-0.001041641137368458,0.17670402032184293,1.000350496595372,1.3822200439141746e-09]"
/multi_agv/m2b_algorithm_state,1789558514.9473941,1789558514.9473941,m2b_algorithm_state_v1:header6+3x20,"[1.0,-0.15,0.52,3.6398443912063008,0.10125035411645432,1789558514.9472556,3.6384178387417423,0.10107521874828629,0.0036904376666666654,0.001540354732531707,0.0006967073828085366,0.0005695747335906303,0.004584685874999997,3.639229622023627,0.10034066386213854,0.0008117832818848036,-0.0007345548861477508,-0.0007354207246049548,1.0023639820685681,1.7929447881351822e-08,0.00027930837775104976,0.0008811631078296762,0.0008811631078296762,0.1419525435680031,0.9988226624186187,1.7971832774642666e-08,3.6393983221923665,0.10150168293830066,0.002796189458333334,-0.0009437332835912499,0.0016671230448159768,0.0007539535991771262,-0.0017884964166666626,3.6390556136252004,0.1012279247832876,-0.00034270856716611675,-0.0002737581550130569,-0.00027387730872626917,1.0008714055753458,-1.5222723344213788e-09,-0.0007022630176839152,0.0016699711033914943,0.0016699711033914943,0.1204687871884419,0.9995649376220089,-1.5235988510207883e-09,3.6387116825981747,0.1011741935291379,0.0036904376666666654,0.0013236196441253059,0.0009824068447112705,0.0005149162094581551,0.0032930326916666636,3.6383286688358805,0.10283111984751901,-0.00038301376229421535,0.0016569263183811161,0.0016526055782417463,0.9948173936603717,7.822220555675343e-08,0.001173838375373977,-0.00361726310073965,-0.00361726310073965,0.17670401841273645,1.0026145017276094,7.781681065833529e-08]"
/multi_agv/m2b_algorithm_state,1789558514.957033,1789558514.957033,m2b_algorithm_state_v1:header6+3x20,"[1.0,-0.15,0.52,3.640837717009742,0.10125039696381204,1789558514.956929,3.6394196119228748,0.10107519296232213,0.0036904376666666654,0.0015405367968029287,0.0006966894614834011,0.00056950513803663,0.004584685874999997,3.639505785464932,0.09990664330215593,8.617354205719963e-05,-0.0011685496601662043,-0.0011707480469832798,1.003779160864373,4.539345804207598e-08,-0.0010630311194117802,0.005822320606972089,0.005822320606972089,0.14195254739580515,0.9981222374679677,4.5565007222207146e-08,3.6404001032129076,0.10150169823416344,0.002796189458333334,-0.0009439305383503642,0.0016671360198219354,0.0007540323531273763,-0.0017884964166666626,3.6389240960870013,0.10180688514455653,-0.0014760071259063423,0.0003051869103930932,0.0003050394754034915,0.9990349227216713,-1.891492206659601e-09,-0.0015399694319794364,0.004391373157326532,0.004391373157326532,0.12046878495132024,1.000483330852201,-1.889666770508818e-09,3.6397134584831186,0.10117417115287737,0.0036904376666666654,0.001323741450581391,0.000982400482376744,0.0005148667205284087,0.0032930326916666636,3.6392854434979665,0.10295638523211337,-0.0004280149851521031,0.001782214079235997,0.001777219958867243,0.9944334766116772,9.049890844340816e-08,0.001242201227427114,-0.003920141979673528,-0.003920141979673528,0.17670401086921217,1.0028100744332946,8.999514415294025e-08]"
/multi_agv/m2b_algorithm_state,1789558514.9669726,1789558514.9669726,m2b_algorithm_state_v1:header6+3x20,"[1.0,-0.15,0.52,3.6418427785133947,0.10125036395735564,1789558514.9668648,3.640412951193997,0.10107529622639032,0.0036904376666666654,0.001539805307336916,0.0006967576179977895,0.000569786756832488,0.004584685874999997,3.6405091388920177,0.09990664330215593,9.618769802077765e-05,-0.0011686529242343896,-0.0011708516982656418,1.0037794939899372,4.53799049051525e-08,-0.0010506170757396697,0.005777748524034369,0.005777748524034369,0.14195253604860536,0.9981220729879716,4.5551417983005445e-08,3.6413934126692316,0.10150163472511876,0.002796189458333334,-0.0009431355986449976,0.0016670869784682907,0.0007537132839201682,-0.0017884964166666626,3.639946533471888,0.10180688514455653,-0.0014468791973434314,0.0003052504194377692,0.0003051029230234839,0.9990347217546802,-1.8906863869829316e-09,-0.0015034960736558054,0.004262521040142492,0.004262521040142492,0.1204687915565774,1.0004834316656939,-1.8888613485448545e-09,3.640706787165998,0.10117425993992704,0.0036904376666666654,0.0013232557310335217,0.0009824237722095624,0.0005150651465902299,0.0032930326916666636,3.640319425208778,0.10295638523211337,-0.00038736195722011146,0.0017821252921863262,0.0017771316720763266,0.9944337550357221,9.045665739385879e-08,0.0012929292255511873,-0.004101792939272929,-0.004101792939272929,0.1767040331535043,1.0028099325381812,8.995315348015481e-08]"
/multi_agv/m2b_algorithm_state,1789558514.9769878,1789558514.9769878,m2b_algorithm_state_v1:header6+3x20,"[1.0,-0.15,0.52,3.6428417593483524,0.1012503708322237,1789558514.9769056,3.641418002573349,0.10107521506800163,0.0036904376666666654,0.0015403818021373513,0.0006967063443262585,0.0005695635402125669,0.004584685874999997,3.641503344766936,0.09990664330215593,8.534219358713457e-05,-0.0011685717658456996,-0.0011707702355506417,1.0037792321763825,4.53906043062478e-08,-0.0010640924935667235,0.005825927294978429,0.005825927294978429,0.14195254576823516,0.9981222022578083,4.556214593854742e-08,3.6423984863220933,0.10150168603469877,0.002796189458333334,-0.0009437628849748624,0.0016671234260954293,0.0007539662320293766,-0.0017884964166666626,3.6409596493165646,0.10180688514455653,-0.0014388370055287147,0.00030519910985776777,0.0003050516630700812,0.9990348841178874,-1.8913075403950085e-09,-0.0014934945938408122,0.004226372497726139,0.004226372497726139,0.12046878590590933,1.0004833502174768,-1.889482209449814e-09,3.6417118466447422,0.10117419076936653,0.0036904376666666654,0.0013236357630440417,0.000982406703789707,0.0005149092958479174,0.0032930326916666636,3.641343980130001,0.10295638523211337,-0.00036786651474107757,0.0017821944627468417,0.0017772004529067512,0.9944335381263141,9.048968415052958e-08,0.0013173673094804043,-0.00418874160539583,-0.00418874160539583,0.17670401407935432,1.0028100430831661,8.998597677374377e-08]"
/multi_agv/m2b_algorithm_state,1789558514.9870713,1789558514.9870713,m2b_algorithm_state_v1:header6+3x20,"[1.0,-0.15,0.52,3.6438424285401276,0.10125036675685019,1789558514.9869351,3.642416985531433,0.10107523189688189,0.0036904376666666654,0.0015402623915068657,0.0006967170329306598,0.0005696097400984143,0.004584685874999997,3.6438807038207353,0.10022389390269253,0.0014637182893024736,-0.0008513379941893634,-0.0008525020528651599,1.002743436093176,2.408414791569144e-08,0.000977145808762932,-0.0015360202935525667,-0.0015360202935525667,0.14195254458587805,0.9986345385657615,2.4150221236356734e-08,3.643397464605089,0.10150167545669764,0.002796189458333334,-0.0009436329070380747,0.001667115770209282,0.0007539138734218437,-0.0017884964166666626,3.6431458500511686,0.10244421970014106,-0.0002516145539201986,0.0009425442434434217,0.0009411447425649395,0.9970409963981758,-1.8027772158883e-08,0.0006266265501646913,-0.0036008923804732593,-0.0036008923804732593,0.12046878659408924,1.0014870198123489,-1.7974427916132e-08,3.6427108279085356,0.10117420514309154,0.0036904376666666654,0.0013235569138652149,0.000982410255620736,0.0005149416263711243,0.0032930326916666636,3.643551892920602,0.10321932774410728,0.0008410650120662666,0.0020451226010157336,0.0020385594625546236,0.9936314699647212,1.1912890766016892e-07,0.003089890727637457,-0.010650192208896576,-0.010650192208896576,0.17670401640061975,1.0032194981709708,1.1837023163366517e-07]"
/multi_agv/m2b_algorithm_state,1789558514.9969592,1789558514.9969592,m2b_algorithm_state_v1:header6+3x20,"[1.0,-0.15,0.52,3.6448413177222054,0.1012503741228578,1789558514.9968781,3.6434176534533655,0.10107522202734139,0.0036904376666666654,0.0015403323993113433,0.0006967105453624888,0.0005695827691218926,0.004584685874999997,3.6448394924875998,0.09985728595400943,0.0014218390342342069,-0.0012179360733319544,-0.0012203250958489403,1.0039410730941627,4.930657295788457e-08,0.0005569736969438183,0.00011757699733292576,0.00011757699733292576,0.1419525464107038,0.9980423064926615,4.950089376593426e-08,3.644398135336414,0.10150168156433313,0.002796189458333334,-0.0009437089257726657,0.0016671203888578567,0.0007539444224488184,-0.0017884964166666626,3.6442828710244517,0.10395747446338761,-0.00011526431196218212,0.002455792899054482,0.002446400890584076,0.9924226277181847,-1.2225732367859218e-07,0.0023023205006313485,-0.01029989860308287,-0.01029989860308287,0.12046878553005586,1.003839112594569,-1.213309344229011e-07,3.6437114968306044,0.10117419667887606,0.0036904376666666654,0.0013236033060056128,0.0009824080258179716,0.0005149226770401042,0.0032930326916666636,3.644510048561105,0.10247344840779972,0.0007985517305004741,0.0012992517289236588,0.0012965878422238014,0.995919536979153,4.810814082979168e-08,0.002294777505349394,-0.0074471284372050126,-0.0074471284372050126,0.1767040128254535,1.0020545362320292,4.791183734013402e-08]"
/multi_agv/m2b_algorithm_state,1789558515.0072527,1789558515.0072527,m2b_algorithm_state_v1:header6+3x20,"[1.0,-0.15,0.52,3.6458439004697847,0.1012503577392127,1789558515.0071878,3.6444165449525436,0.10107523976579638,0.0036904376666666654,0.0015402068099415233,0.0006967222314279368,0.0005696311284086512,0.004584685874999997,3.6458539030122643,0.09985728595400943,0.0014373580597206725,-0.001217953811786951,-0.0012203429036429317,1.0039411303435855,4.9303985493717765e-08,0.000576354671007909,4.895732711954898e-05,4.895732711954898e-05,0.1419525450588958,0.9980422782409363,4.9498298927006754e-08,3.6453970217063634,0.10150167066799802,0.002796189458333334,-0.0009435724088809232,0.001667111952474265,0.0007538896354206681,-0.0017884964166666626,3.645338933736408,0.10395747446338761,-5.808796995543375e-05,0.002455803795389594,0.002446411702952488,0.9924225939090566,-1.2224072776626786e-07,0.0023738017405081956,-0.01055568452472819,-0.01055568452472819,0.12046878631862817,1.0038391299492933,-1.2131446013113039e-07,3.644710386507709,0.10117421193477899,0.0036904376666666654,0.001323519901579711,0.0009824120054319208,0.0005149567595733972,0.0032930326916666636,3.6455510356415206,0.10247344840779972,0.0008406491338117661,0.001299236473020729,0.00129657264912388,0.9959195850309014,4.8103976854216797e-08,0.0023473840663885874,-0.0076348097397591005,-0.0076348097397591005,0.17670401548093403,1.0020545118691566,4.790769266698768e-08]"
/multi_agv/m2b_algorithm_state,1789558515.0170858,1789558515.0170858,m2b_algorithm_state_v1:header6+3x20,"[1.0,-0.15,0.52,3.646843778538097,0.10125035911518203,1789558515.016951,3.64541912255638,0.10107520029880022,0.0036904376666666654,0.0015404864126874747,0.0006966961118701316,0.0005695235182792107,0.004584685874999997,3.6469069429118846,0.10032099074192609,0.0014878203555044323,-0.0007542095568741358,-0.000755122485714322,1.0024277754497215,1.890364352072966e-08,0.0011046529586662183,-0.002031914847774257,-0.002031914847774257,0.14195255032712287,0.9987910188645456,1.8949537322379577e-08,3.646399610702256,0.10150169491645546,0.002796189458333334,-0.0009438761166052469,0.0016671306974140876,0.0007540115317282436,-0.0017884964166666626,3.6464856073663197,0.10410754600827166,8.59966640636145e-05,0.0026058510918161998,0.002595288317813176,0.9919734576441815,-1.3766344612093517e-07,0.002702784147892694,-0.011807251843845408,-0.011807251843845408,0.12046878325760264,1.0040699809460572,-1.3655848463979756e-07,3.645712968150718,0.10117417800238244,0.0036904376666666654,0.001323705556864389,0.0009824030368421619,0.0005148809503413504,0.0032930326916666636,3.6466996537824095,0.10353022798701075,0.000986685631691575,0.0023560499846283084,0.002347360039276713,0.9926892750781049,1.5808678676088408e-07,0.003580717078891182,-0.01256032651085391,-0.01256032651085391,0.1767040051594531,1.0037020078753123,1.5693105774908898e-07]"
/multi_agv/m2b_algorithm_state,1789558515.027142,1789558515.027142,m2b_algorithm_state_v1:header6+3x20,"[1.0,-0.15,0.52,3.647841921816903,0.10125037144622995,1789558515.0269775,3.646419000927493,0.10107520456769706,0.0036904376666666654,0.0015404552787611917,0.0006966975262749913,0.0005695362778362217,0.004584685874999997,3.6479412757731176,0.10033550667668648,0.001522274845624505,-0.0007396978910105823,-0.0007405759305239445,1.0023806723506674,1.8182646214781097e-08,0.0011622676265066866,-0.0022426402558455385,-0.0022426402558455385,0.1419525507387527,0.9988143828645077,1.8225933137886593e-08,3.647399488490511,0.10150169144718145,0.002796189458333334,-0.0009438415746256222,0.0016671298572412674,0.0007539969959982351,-0.0017884964166666626,3.646804323219226,0.10299756292788662,-0.0005951652712852251,0.001495871480705166,0.0014923612667500409,0.9953334638316704,-4.539929209045492e-08,0.0007484046776435095,-0.00429080214224417,-0.00429080214224417,0.12046878300897955,1.0023521207855852,-4.5187434651898254e-08,3.646712846196288,0.1011741813306676,0.0036904376666666654,0.001323686432023422,0.0009824031933437062,0.000514889158796536,0.0032930326916666636,3.6473361367251305,0.10220403495301636,0.0006232905288423574,0.001029853622348753,0.0010281764931915017,0.9967556768057982,3.023396963520346e-08,0.0018072896542444484,-0.005580413633693042,-0.005580413633693042,0.1767040043357647,1.001631168547771,3.013588086626318e-08]"
/multi_agv/m2b_algorithm_state,1789558515.0376198,1789558515.0376198,m2b_algorithm_state_v1:header6+3x20,"[1.0,-0.15,0.52,3.648841858336869,0.10125037200302589,1789558515.0372715,3.6474171480250823,0.10107523474480093,0.0036904376666666654,0.0015402410773788047,0.0006967167712460304,0.0005696191149935637,0.004584685874999997,3.648622585630228,0.10006704383303214,0.0012054376051455762,-0.0010081909117687915,-0.001009825355830757,1.003254653765299,3.377952148763003e-08,0.0004969716506012132,0.0002345368490814508,0.0002345368490814508,0.14195254805340415,0.9983814586824067,3.388946213442975e-08,3.648397627176601,0.10150167247668951,0.002796189458333334,-0.0009436084036715305,0.0016671160790950879,0.0007539030913786826,-0.0017884964166666626,3.6478315678681237,0.10299756292788662,-0.0005660593084773069,0.0014958904511971072,0.0014923801478066879,0.9953334044519738,-4.538923096317299e-08,0.0007848060122100542,-0.004420477198847895,-0.004420477198847895,0.12046878457835936,1.002352150955357,-4.517741778003191e-08,3.6477109902490246,0.1011742071171994,0.0036904376666666654,0.0013235449197303308,0.0009824096033868466,0.000514947164608287,0.0032930326916666636,3.6482468077885915,0.10099425290646719,0.0005358175395668852,-0.0001799542107322194,-0.00018000588970213904,1.0005747473661255,9.23837098194705e-10,0.0004897660347564674,-0.0003330814036842085,-0.0003330814036842085,0.17670400961064514,0.9997129040055014,9.243680711336214e-10]"
/multi_agv/m2b_algorithm_state,1789558515.0470674,1789558515.0470674,m2b_algorithm_state_v1:header6+3x20,"[1.0,-0.15,0.52,3.6498438344859747,0.1012503595538478,1789558515.0469518,3.648417084778508,0.10107523576827415,0.0036904376666666654,0.0015402341464052084,0.0006967178936327478,0.0005696215354771657,0.004584685874999997,3.6496279891396646,0.10006704383303214,0.0012109043611565617,-0.0010081919352420143,-0.0010098263826125134,1.0032546570621292,3.3779437929456775e-08,0.0005038040688331888,0.00021036280151057727,0.00021036280151057727,0.14195254857638737,0.9983814570517849,3.3889378415668635e-08,3.64939756338673,0.1015016721152382,0.002796189458333334,-0.0009436009330768469,0.0016671151495826209,0.0007539003366369146,-0.0017884964166666626,3.6489648928915224,0.1045746797642182,-0.00043267049520778755,0.0030730076489800112,0.0030583703574146837,0.9905851939746895,-1.9132282696521684e-07,0.0025175322384049493,-0.01137131831838396,-0.01137131831838396,0.12046878427681004,1.0047859774503245,-1.8952155966112527e-07,3.6487109268453697,0.10117420812556532,0.0036904376666666654,0.0013235397315142627,0.0009824100565626994,0.0005149491777775225,0.0032930326916666636,3.6492615272448243,0.10099425290646719,0.0005506003994546482,-0.00017995521909813794,-0.00018000689864691057,1.0005747505854348,9.238438265343099e-10,0.0005082436006713997,-0.0003986395706728964,-0.0003986395706728964,0.17670400859412974,0.9997129023989574,9.243748063144608e-10]"
/multi_agv/m2b_algorithm_state,1789558515.057228,1789558515.057228,m2b_algorithm_state_v1:header6+3x20,"[1.0,-0.15,0.52,3.650845638080051,0.10125034860413216,1789558515.0571039,3.649419057027308,0.1010752057893563,0.0036904376666666654,0.0015404464989049087,0.0006966980538093636,0.0005695398091419665,0.004584685874999997,3.6505815512557844,0.09966839400161964,0.0011624942284762518,-0.0014068117877366615,-0.0014100037774448604,1.0045619556705854,6.579844785309831e-08,4.31140081504544e-05,0.002018289160554655,0.002018289160554655,0.14195255274438756,0.997736183576768,6.609861745539747e-08,3.6503995442749835,0.10150169051653007,0.002796189458333334,-0.0009438315093641845,0.0016671293670258436,0.0007539928880468394,-0.0017884964166666626,3.650174902685136,0.10567645189512476,-0.0002246415898476961,0.0041747613785946824,0.004147973046677705,0.987371176812384,-3.5289045756794925e-07,0.003867171059368085,-0.016770434214896962,-0.016770434214896962,0.12046878184407149,1.0064581740564666,-3.484338663747267e-07,3.649712902155633,0.101174182355657,0.0036904376666666654,0.0013236807029877872,0.000982403229414253,0.0005148916233445417,0.0032930326916666636,3.6503229642467234,0.10115859365610311,0.0006100620910904908,-1.5588699553897856e-05,-1.5589086874230204e-05,1.000049695376904,6.9324333982239525e-12,0.0007469885269888833,-0.0013209673856657833,-0.0013209673856657833,0.17670400040308382,0.9999751543925907,6.932777908114539e-12]"
/multi_agv/m2b_algorithm_state,1789558515.0670376,1789558515.0670376,m2b_algorithm_state_v1:header6+3x20,"[1.0,-0.15,0.52,3.651843435046569,0.10125036345451162,1789558515.0669112,3.6504208570457988,0.10107518047947166,0.0036904376666666654,0.0015406247322881333,0.0006966797878674488,0.0005694720533676307,0.004584685874999997,3.6516534940865872,0.10065591807814323,0.0012326370407884646,-0.0004192624013284324,-0.0004195438033499839,1.001344491019533,5.840790520054562e-09,0.001121252497635597,-0.0022454673863542274,-0.0022454673863542274,0.14195255662056624,0.9993292666479529,5.8486434104557495e-09,3.65140135230861,0.10150170511406573,0.002796189458333334,-0.000944024303696835,0.0016671426856773586,0.0007540695298006994,-0.0017884964166666626,3.650800363557173,0.10492520916275107,-0.0006009887514371037,0.0034235040486853413,0.0034053858759393843,0.9895536091639445,-2.3749784811820218e-07,0.0026541499366430047,-0.012033742928660237,-0.012033742928660237,0.12046877959404155,1.0053204463182777,-2.350168527740373e-07,3.6507147048857442,0.1011741602188591,0.0036904376666666654,0.0013238007383306227,0.000982396604767866,0.0005148430385617307,0.0032930326916666636,3.6513395144401093,0.10115859365610311,0.0006248095543650578,-1.556656275598922e-05,-1.55669489771219e-05,1.0000496248091768,6.913385980990865e-12,0.0007654449939792004,-0.0013863743592930347,-0.0013863743592930347,0.1767039928014004,0.9999751896705483,6.913729056450938e-12]"
/multi_agv/m2b_algorithm_state,1789558515.0771768,1789558515.0771768,m2b_algorithm_state_v1:header6+3x20,"[1.0,-0.15,0.52,3.6528447134799507,0.1012503557118077,1789558515.0770714,3.6514186585242308,0.10107521750476027,0.0036904376666666654,0.0015403612154598202,0.0006967024702181134,0.000569574478769294,0.004584685874999997,3.6527130644083456,0.10160665358193698,0.0012944058841148909,0.0005314360771767057,0.000530987188990716,0.9983140537629687,9.376408417496348e-09,0.0021489945441343296,-0.0063424684193531065,-0.0063424684193531065,0.14195255330981188,1.0008453842113272,9.360600297008e-09,3.6523991439104173,0.101501681237699,0.002796189458333334,-0.0009437369639190459,0.0016671265915451094,0.0007539533495621448,-0.0017884964166666626,3.6516435327657657,0.1036637044405975,-0.0007556111446516134,0.0021620232028985026,0.002154727510530481,0.9933065492174182,-9.478074652309973e-08,0.0012102135797159644,-0.006251617634857396,-0.006251617634857396,0.12046878151504109,1.003385900227461,-9.4146336261111e-08,3.6517125027050588,0.10117419162107558,0.0036904376666666654,0.0013236276990311545,0.000982403937535659,0.0005149142301279471,0.0032930326916666636,3.652078218495965,0.09976374168046184,0.00036571579090605155,-0.0014104499406137339,-0.0014136542807869073,1.004567871461006,5.680430804590477e-08,-0.0009565095421543428,0.005333829395724814,0.005333829395724814,0.17670399928886668,0.997733292915585,5.706378282348985e-08]"
/multi_agv/m2b_algorithm_state,1789558515.0870647,1789558515.0870647,m2b_algorithm_state_v1:header6+3x20,"[1.0,-0.15,0.52,3.653844173679795,0.1012503597795155,1789558515.0869625,3.6524199344880737,0.10107519934640295,0.0036904376666666654,0.00154048928805254,0.0006966898042214168,0.0005695255528150254,0.004584685874999997,3.6536818963040174,0.10106148113878459,0.0012619618159437351,-1.3718207618362843e-05,-1.3718507963199572e-05,1.0000437900352108,6.250764381936045e-12,0.0015637337619664694,-0.004004322183897642,-0.004004322183897642,0.14195255623354763,0.9999781065960281,6.251038103128425e-12,3.6534004253889956,0.10150169192948563,0.002796189458333334,-0.0009438755113104031,0.0016671357271351717,0.000754008653033808,-0.0017884964166666626,3.65280042415789,0.1061558935836915,-0.0006000012311053737,0.004654201654205867,0.004621028920228809,0.9859987205797032,-4.3845342130326123e-07,0.003871027381347092,-0.017027402084921782,-0.017027402084921782,0.120468779813318,1.0071786466931298,-4.323145124388091e-07,3.6527137805627823,0.1011741758595345,0.0036904376666666654,0.0013237133848746892,0.0009823993993058446,0.0005148794492515377,0.0032930326916666636,3.6531071069756185,0.09967301370456269,0.0003933264128361813,-0.0015011621549718135,-0.0015047944034848693,1.0048666284304484,6.435404549192461e-08,-0.0010131363874396426,0.005573168947688785,0.005573168947688785,0.17670399355688668,0.9975862160939434,6.466723271932999e-08]"
/multi_agv/m2b_algorithm_state,1789558515.0971303,1789558515.0971303,m2b_algorithm_state_v1:header6+3x20,"[1.0,-0.15,0.52,3.654844159404909,0.10125036037273756,1789558515.0969858,3.6534193958865795,0.10107520996360012,0.0036904376666666654,0.001540413203317236,0.000696695695293669,0.0005695554681498043,0.004584685874999997,3.6546805444609753,0.10097778414056369,0.001261148574395854,-9.742582303642888e-05,-9.74409812528238e-05,1.000311288987849,3.152757899253441e-10,0.0014789947367419936,-0.0036643725530866567,-0.0036643725530866567,0.14195255590320555,0.9998444369483965,3.1537393180688325e-10,3.6543998842086087,0.10150168464986707,0.002796189458333334,-0.0009437920079426732,0.00166713158644205,0.0007539746110547252,-0.0017884964166666626,3.6538541510180544,0.1061558935836915,-0.0005457331905542873,0.0046542089338244275,0.004621036094589095,0.9859986984401443,-4.3841601534079484e-07,0.0039388696063962355,-0.0172719773392751,-0.0172719773392751,0.12046878000840298,1.0071786583260356,-4.3227762050133805e-07,3.653713240944196,0.1011741847250793,0.0036904376666666654,0.0013236640229435286,0.0009824011103514389,0.0005148999556971235,0.0032930326916666636,3.6540560753587323,0.09922892552339492,0.0003428344145364193,-0.0019452592016843823,-0.00195137887893138,1.0063379829012284,1.0809073592812921e-07,-0.001522835860760856,0.007561632470054404,0.007561632470054404,0.17670399420929755,0.9968639215515395,1.0877581316422288e-07]"
/multi_agv/m2b_algorithm_state,1789558515.1070664,1789558515.1070664,m2b_algorithm_state_v1:header6+3x20,"[1.0,-0.15,0.52,3.655844035407675,0.10125036164086054,1789558515.1069384,3.654419381768371,0.10107521189836144,0.0036904376666666654,0.0015403989056113816,0.000696696313058886,0.000569561344278235,0.004584685874999997,3.655730310044559,0.10152191208053754,0.0013109282761880614,0.00044670018217610186,0.00044638282624039543,0.998581509035944,6.625270150005196e-09,0.0020850431714754722,-0.006074513624993354,-0.006074513624993354,0.1419525565007744,1.0007109501464904,6.615872264162984e-09,3.6553998697906596,0.10150168297626391,0.002796189458333334,-0.0009437758042940879,0.001667131157252033,0.0007539678105790426,-0.0017884964166666626,3.6548392474353917,0.10478866959187606,-0.0005606223552678813,0.0032869866156121502,0.0032702672098685877,0.9899543916202442,-2.188996040050623e-07,0.002569489265783736,-0.011662576159476933,-0.011662576159476933,0.12046877965416151,1.0051125503424028,-2.1670062430874382e-07,3.654713226655696,0.10117418624358734,0.0036904376666666654,0.0013236551490074509,0.0009824011110427964,0.0005149038018359255,0.0032930326916666636,3.655308632570486,0.10007071662038411,0.0005954059147899038,-0.0011034696232032348,-0.0011054263881696792,1.0035613282813836,3.476204006112124e-08,-0.00036116899468229945,0.0030955099110724256,0.0030955099110724256,0.17670399300942582,0.998229855024825,3.48858390975095e-08]"
/multi_agv/m2b_algorithm_state,1789558515.1172593,1789558515.1172593,m2b_algorithm_state_v1:header6+3x20,"[1.0,-0.15,0.52,3.656849726798313,0.10125032569328853,1789558515.1171932,3.6554192581572478,0.1010752153561981,0.0036904376666666654,0.0015403739107556933,0.0006966980920448224,0.0005695712531703281,0.004584685874999997,3.6567959372539045,0.10204766347895079,0.00137667909665673,0.0009724481227526977,0.00097095009365102,0.9969303920706307,3.1385809548844556e-08,0.0026917989644719325,-0.008487248658429734,-0.008487248658429734,0.1419525569329966,1.0015428487122802,3.128946741898375e-08,3.6563997453623163,0.10150168045538736,0.002796189458333334,-0.0009437480287430378,0.0016671298639230336,0.0007539564435804225,-0.0017884964166666626,3.6558724924296633,0.10478866959187606,-0.0005272529326529884,0.0032869891364886994,0.003270269704842568,0.9899543838575117,-2.188934995751919e-07,0.0026112035390263326,-0.011812310350265573,-0.011812310350265573,0.12046877940763658,1.0051125543625266,-2.1669457950237358e-07,3.6557131027034617,0.10117418911099621,0.0036904376666666654,0.0013236389928779047,0.0009824015403105965,0.0005149105815948712,0.0032930326916666636,3.656360819799738,0.10081349186695429,0.0006477170962764234,-0.0003606972440419187,-0.0003609051507891384,1.001154375147385,3.7122967583903435e-09,0.0004487412195563908,-0.00010522604182566699,-0.00010522604182566699,0.17670399218314797,0.9994239296758024,3.7165821415079474e-09]"
/multi_agv/m2b_algorithm_state,1789558515.1272607,1789558515.1272607,m2b_algorithm_state_v1:header6+3x20,"[1.0,-0.15,0.52,3.657849769552992,0.10125032699643723,1789558515.1270053,3.6564249381230063,0.10107513006002787,0.0036904376666666654,0.0015409766811003158,0.000696639954815303,0.0005693402172438186,0.004584685874999997,3.6583097134273275,0.10223372331789764,0.0018847753043211846,0.0011585932578697666,0.0011564698276314948,0.9963505425540311,4.456295287753354e-08,0.0035124389580329755,-0.011502353503521426,-0.011502353503521426,0.14195256776321277,1.0018361311186308,4.440032227734027e-08,3.6574054507444695,0.10150173167482024,0.002796189458333334,-0.0009444016789815954,0.0016671718384708711,0.0007542179445951397,-0.0017884964166666626,3.6574109154544256,0.10434313307046741,5.464709956104485e-06,0.002841401395647175,0.002828865231338674,0.9912715657289708,-1.6373789974852872e-07,0.002835696118783805,-0.012399630580912946,-0.012399630580912946,0.12046877308619731,1.004431516980598,-1.623087242528973e-07,3.656718791527462,0.10117411534501747,0.0036904376666666654,0.0013240411233335866,0.000982381164351077,0.000514746872450257,0.0032930326916666636,3.6578690499978848,0.10046662480331642,0.001150258470422827,-0.0007074905417010502,-0.0007082925186854853,1.0022731568803258,1.429008075839112e-08,0.0007295305693430483,-0.0009416249429057212,-0.0009416249429057212,0.17670397087452608,0.9988677319563907,1.4322564353787468e-08]"
/multi_agv/m2b_algorithm_state,1789558515.1370635,1789558515.1370635,m2b_algorithm_state_v1:header6+3x20,"[1.0,-0.15,0.52,3.6588459472843184,0.10125035270581212,1789558515.1369493,3.6574249808790658,0.10107513655395506,0.0036904376666666654,0.001540927208727836,0.000696639554333522,0.0005693618697494074,0.004584685874999997,3.6592571423813394,0.10160149297739235,0.0018321615022736104,0.0005263564234372908,0.0005259160581082182,0.9983300705018313,9.201435550728291e-09,0.0028161179359502313,-0.008712169405175049,-0.008712169405175049,0.1419525684659792,1.0008373300687123,9.186069802076631e-09,3.6584054937997985,0.10150172466519722,0.002796189458333334,-0.0009443452289689966,0.0016671727404200531,0.0007541930062799629,-0.0017884964166666626,3.658443821484611,0.10434313307046741,3.832768481260018e-05,0.002841408405270196,0.00282887217857388,0.9912715440558839,-1.637289247728312e-07,0.0028767817845896304,-0.012546862943089515,-0.012546862943089515,0.12046877267918214,1.0044315281514895,-1.6229982406617404e-07,3.657718833980111,0.10117411977015942,0.0036904376666666654,0.0013240134449438632,0.0009823798981653427,0.0005147595285292989,0.0032930326916666636,3.658867201136589,0.10053630307732807,0.0011483671564778142,-0.0006378166928313472,-0.0006384681471043723,1.0020476815275563,1.161328833201645e-08,0.0007969907984928954,-0.001212453577376287,-0.001212453577376287,0.17670396951859424,0.9989796604952345,1.1637068648008104e-08]"
/multi_agv/m2b_algorithm_state,1789558515.1470184,1789558515.1470184,m2b_algorithm_state_v1:header6+3x20,"[1.0,-0.15,0.52,3.659842040204366,0.10125037811495445,1789558515.1468823,3.6584211664435538,0.1010752008405261,0.0036904376666666654,0.0015404692675661637,0.0006966788448773186,0.0005695399312898748,0.004584685874999997,3.6602618721708797,0.1017642889900858,0.0018407057273259753,0.0006890881495597023,0.0006883343289452338,0.9978178227127386,1.576396692019853e-08,0.0029892164881027026,-0.009407864749928371,-0.009407864749928371,0.14195256224937305,1.001095137323201,1.5729567149628132e-08,3.6594016622319425,0.10150168300327497,0.002796189458333334,-0.0009438454768971229,0.0016671448428717817,0.0007539908923885758,-0.0017884964166666626,3.659552813811484,0.10428197915437185,0.00015115157954159741,0.0027802961510968727,0.002768287781515651,0.9914532694829319,-1.5668608958002993e-07,0.002957227255942648,-0.012804613308883637,-0.012804613308883637,0.12046877630364076,1.0043378328154333,-1.5534693579661622e-07,3.6587150131774595,0.10117417427363527,0.0036904376666666654,0.001323712764837085,0.0009823925229342839,0.0005148832947105644,0.0032930326916666636,3.659974638369041,0.10121373475384574,0.0012596251915812928,3.9560480210462656e-05,3.9557986806511445e-05,0.9998739635551342,4.46460185628153e-11,0.0016140894762831275,-0.004424913064003716,-0.004424913064003716,0.17670398172499818,1.00006303161896,4.464039153735823e-11]"
/multi_agv/m2b_algorithm_state,1789558515.157136,1789558515.157136,m2b_algorithm_state_v1:header6+3x20,"[1.0,-0.15,0.52,3.660844012727335,0.10125036540946315,1789558515.156992,3.6594172674512877,0.10107526201038967,0.0036904376666666654,0.0015400357107680234,0.0006967195452229011,0.0005697066899322477,0.004584685874999997,3.661325408671534,0.10230137952731497,0.0019081412202464065,0.001226117516925293,0.0012237405813439314,0.9961408216183143,4.987573459853939e-08,0.0036089171066519396,-0.011880823906356603,-0.011880823906356603,0.14195255587957048,1.0019423525031352,4.968325524180602e-08,3.66039774532886,0.10150164535789968,0.002796189458333334,-0.0009433737148435051,0.0016671153734830746,0.000753801728835754,-0.0017884964166666626,3.6605902267909727,0.10428197915437185,0.00019248146211259254,0.002780333796472162,0.002768325098947758,0.9914531530220736,-1.5661203659274852e-07,0.0030089269265884985,-0.0129894571932901,-0.0129894571932901,0.12046878002227303,1.0043378928034747,-1.552734974810889e-07,3.6597111078329494,0.10117422697657394,0.0036904376666666654,0.0013234242960489507,0.0009824063807797774,0.0005150011263947239,0.0032930326916666636,3.661032031604628,0.10176793670969686,0.0013209237716784727,0.0005937097331229213,0.0005931504941307247,0.9981203515194624,1.0049455889194557e-08,0.0022443052087288157,-0.006928241632063847,-0.006928241632063847,0.17670399425403197,1.0009428281654156,1.0030566444702203e-08]"
/multi_agv/m2b_algorithm_state,1789558515.1669955,1789558515.1669955,m2b_algorithm_state_v1:header6+3x20,"[1.0,-0.15,0.52,3.6618369692349138,0.1012504101451573,1789558515.1668563,3.660419236251699,0.10107523017270376,0.0036904376666666654,0.0015402621438664523,0.0006967004848349666,0.0005696184548278578,0.004584685874999997,3.6623532650049087,0.10230137952731497,0.0019340287532094713,0.0012261493546112112,0.0012237722951337956,0.9961407211370413,4.988566460240005e-08,0.0036413082366456347,-0.011996097898760912,-0.011996097898760912,0.14195256006048734,1.001942403408598,4.9693141911435366e-08,3.661399722262571,0.10150166592097046,0.002796189458333334,-0.000943619844375541,0.0016671286057068357,0.0007539015345219141,-0.0017884964166666626,3.66151869930816,0.10294642116450048,0.00011897704558894162,0.0014447552435300215,0.0014414795567308863,0.9954902915935456,-4.234121099135577e-08,0.0015902008637170633,-0.007270353261315232,-0.007270353261315232,0.12046877758095818,1.0022724476277445,-4.2150264476208595e-08,3.660713079667736,0.10117420013471524,0.0036904376666666654,0.001323572159091862,0.0009824001569665123,0.0005149402709188839,0.0032930326916666636,3.662054528258777,0.10176793670969686,0.0013414485910412388,0.0005937365749816154,0.0005931772853315675,0.9981202664285519,1.0051488538291339e-08,0.002269988024133116,-0.007019471762335586,-0.007019471762335586,0.17670398602538903,1.000942870982889,1.0032594417842887e-08]"
/multi_agv/m2b_algorithm_state,1789558515.1771023,1789558515.1771023,m2b_algorithm_state_v1:header6+3x20,"[1.0,-0.15,0.52,3.6628371059416414,0.10125040813432672,1789558515.1769407,3.6614122071181385,0.10107533632545519,0.0036904376666666654,0.0015395116013904421,0.0006967731006202625,0.0005699060128410759,0.004584685874999997,3.6630444141392333,0.1019932220267008,0.0016322070210947892,0.0009178857012456104,0.0009165505109424696,0.9971008292035042,2.7948039022399785e-08,0.002956809287310956,-0.009405414891736838,-0.009405414891736838,0.14195254806653543,1.0014567558330942,2.7867012883846718e-08,3.662392661188611,0.10150160205210054,0.002796189458333334,-0.0009428049012156817,0.0016670758610919378,0.0007535757208297494,-0.0017884964166666626,3.662166343571894,0.10300814892179268,-0.0002263176167169867,0.0015065468696921352,0.0015029866595989065,0.995300728396279,-4.5998676190535876e-08,0.0012200896387026732,-0.00597799724048235,-0.00597799724048235,0.1204687845734176,1.0023687569483677,-4.578251591770494e-08,3.6617060393979917,0.10117429205791614,0.0036904376666666654,0.001323070796607454,0.0009824254619015928,0.000515144429429851,0.0032930326916666636,3.662689828535773,0.10109297792914004,0.000983789137781521,-8.131412877609989e-05,-8.132467258762608e-05,1.0002594149712238,1.8854613027913263e-10,0.0011484117496392754,-0.0027160328272756427,-0.0027160328272756427,0.17670400958738297,0.9998703491672245,1.8859504196809336e-10]"
/multi_agv/m2b_algorithm_state,1789558515.1869774,1789558515.1869774,m2b_algorithm_state_v1:header6+3x20,"[1.0,-0.15,0.52,3.663842204942243,0.10125037450338552,1789558515.1868525,3.6624123438394434,0.1010753272973015,0.0036904376666666654,0.0015395795274112433,0.0006967732386962127,0.0005698764979400746,0.004584685874999997,3.6640759697109724,0.10227639070091318,0.0016636258715290175,0.001201063403611688,0.0011987821840949181,0.9962186040286984,4.784494939358036e-08,0.00327831452350619,-0.010690199632581401,-0.010690199632581401,0.1419525489459553,1.0019029474637147,4.7664028694696346e-08,3.663392797500985,0.10150161124980597,0.002796189458333334,-0.0009428810553766351,0.001667074678029845,0.0007536093464377835,-0.0017884964166666626,3.6634046871130033,0.10346327444128908,1.1889612018478601e-05,0.0019616631914831095,0.001955647896843559,0.9939128881561433,-7.796844000942336e-08,0.0019705099118666573,-0.00887398852954046,-0.00887398852954046,0.12046878405811615,1.00307585769875,-7.749383739479496e-08,3.6627061764844964,0.10117428585587267,0.0036904376666666654,0.0013231088275242673,0.0009824267794204646,0.0005151272592408616,0.0032930326916666636,3.6637133308668295,0.10138434005332893,0.0010071543823331197,0.00021005419745626086,0.00020998399184623054,0.9993320785105569,1.2579741413187654e-09,0.0014689269697626302,-0.003990049227948718,-0.003990049227948718,0.17670400785339557,1.0003343379150622,1.2571339133566148e-09]"
/multi_agv/m2b_algorithm_state,1789558515.1970377,1789558515.1970377,m2b_algorithm_state_v1:header6+3x20,"[1.0,-0.15,0.52,3.664843608044395,0.10125036562161312,1789558515.1969063,3.663417432706717,0.10107524338245738,0.0036904376666666654,0.0015401767701956844,0.0006967219508370978,0.0005696442953183555,0.004584685874999997,3.665274457903901,0.10237155444364197,0.0018570251971841145,0.0012963110611845935,0.0012936555938337737,0.9959231471633712,5.575209329515945e-08,0.003614937090313917,-0.011937126646948397,-0.011937126646948397,0.14195255871780754,1.0020526849367615,5.5524800215461086e-08,3.6643979085439886,0.10150166536701494,0.002796189458333334,-0.0009435317107277688,0.0016671108052368488,0.0007538725908882854,-0.0017884964166666626,3.664419297460936,0.10316607626401308,2.1388916947362446e-05,0.0016644108969981475,0.0016600706931080616,0.9948176794146997,-5.618049194464484e-08,0.0016868068392922647,-0.007719267121396242,-0.007719267121396242,0.12046877836266331,1.0026144693163397,-5.588934662474781e-08,3.6637112735760233,0.10117421476068421,0.0036904376666666654,0.0013235006527969723,0.0009824101068387275,0.0005149660906954658,0.0032930326916666636,3.664822981972736,0.10162234159233519,0.0011117083967127073,0.00044812683165097733,0.0004478078766400532,0.9985789095231288,5.7261968511301655e-09,0.0018374433725309373,-0.0054117044356752995,-0.0054117044356752995,0.17670398865286643,1.000712258599195,5.718059407316334e-09]"
/multi_agv/m2b_algorithm_state,1789558515.2070203,1789558515.2070203,m2b_algorithm_state_v1:header6+3x20,"[1.0,-0.15,0.52,3.665837169957142,0.10125040662355744,1789558515.2068791,3.6644188330820238,0.10107522155539157,0.0036904376666666654,0.0015403318871414443,0.0006967080824765931,0.0005695842721743838,0.004584685874999997,3.6661844735545506,0.10102800153608435,0.0017656404725268082,-4.722001930722308e-05,-4.7223578795056206e-05,1.0001507886961807,7.405536297904633e-11,0.0021598270118634542,-0.0061045220748346994,-0.0061045220748346994,0.14195256186309244,0.9999246247759287,7.406652969067513e-11,3.665399314915485,0.10150167917681885,0.002796189458333334,-0.0009437005281981697,0.0016671206132694572,0.0007539406656171671,-0.0017884964166666626,3.6654192429305277,0.10283878656322464,1.9928015042580682e-05,0.0013371073864057864,0.0013342993586744334,0.995821172421825,-3.6272577338238326e-08,0.0013592093774776593,-0.0063956270426126375,-0.0063956270426126375,0.12046877652837046,1.002104496051128,-3.612100049172581e-08,3.664712676135677,0.10117419613262896,0.0036904376666666654,0.001323603067857939,0.0009824054812483506,0.0005149241038088352,0.0032930326916666636,3.6658569819618196,0.10164271118330974,0.0011443058261426664,0.0004685150506807817,0.00046816646643682845,0.998514598441578,6.25948798749057e-09,0.0018985487491151615,-0.005638555502631409,-0.005638555502631409,0.17670398247825084,1.0007445732852382,6.250190134279028e-09]"
/multi_agv/m2b_algorithm_state,1789558515.216999,1789558515.216999,m2b_algorithm_state_v1:header6+3x20,"[1.0,-0.15,0.52,3.666841617873391,0.10125037725445198,1789558515.216826,3.6654124080109267,0.10107531933307148,0.0036904376666666654,0.0015396403905386198,0.0006967740330334313,0.0005698497031582705,0.004584685874999997,3.667068327672783,0.10057491935102851,0.0016559196618564087,-0.0005003999820429733,-0.0005008010842760892,1.001606153455274,8.315358899514388e-09,0.0015690984930444218,-0.003795912500384931,-0.003795912500384931,0.14195255095305875,0.9991990787446164,8.328714641942686e-09,3.6663928609299954,0.10150161999680601,0.002796189458333334,-0.000942949937607949,0.0016670729185608302,0.0007536401197457132,-0.0017884964166666626,3.6669089051538157,0.10255548588984506,0.0005160442238203444,0.0010538658930390465,0.0010521177627638044,0.9966957112409777,-2.2519571869279025e-08,0.001697173042539235,-0.0074659412217603065,-0.0074659412217603065,0.12046878288328526,1.0016615347987758,-2.244516070109337e-08,3.6657062409305032,0.10117428054079483,0.0036904376666666654,0.0013231424401569177,0.000982428370939959,0.0005151118616841311,0.0032930326916666636,3.666852252005941,0.10148352396768436,0.0011460110754377695,0.00030924342688952444,0.00030909137762636507,0.9990177869738996,2.726405722348224e-09,0.001741605221923577,-0.005005619945361618,-0.005005619945361618,0.176704003905675,1.00049192334101,2.723727811133299e-09]"
/multi_agv/m2b_algorithm_state,1789558515.2270966,1789558515.2270966,m2b_algorithm_state_v1:header6+3x20,"[1.0,-0.15,0.52,3.6678437093733613,0.10125036392537339,1789558515.2268298,3.666416847055775,0.10107524596024195,0.0036904376666666654,0.0015401628404325524,0.0006967292053743357,0.0005696465598836239,0.004584685874999997,3.6680914732095187,0.10057491935102851,0.0016746261537434748,-0.000500326609213439,-0.0005007275940040154,1.0016059182027284,8.315743771714194e-09,0.001592555098175328,-0.00387854684859106,-0.00387854684859106,0.14195255957246006,0.9991991957396038,8.329098176006415e-09,3.6673973193805747,0.10150166743151318,0.002796189458333334,-0.00094351941841481,0.001667104521551721,0.0007538705311835869,-0.0017884964166666626,3.6679521989325528,0.10255548588984506,0.0005548795519780825,0.0010538184583318844,0.00105207048592012,0.9966958603179552,-2.2531139725958908e-08,0.001745669925892723,-0.007639287545845262,-0.007639287545845262,0.12046877786303796,1.0016614594128033,-2.2456693693108673e-08,3.6667106871838224,0.10117421837160082,0.0036904376666666654,0.001323485271784244,0.0009824138501137725,0.0005149708107152597,0.0032930326916666636,3.667884640749275,0.10148352396768436,0.001173953565452468,0.00030930559608353947,0.00030915348562284294,0.9990175893792104,2.7282094116499342e-09,0.0017765954424384279,-0.005129657728758209,-0.005129657728758209,0.17670398697516235,1.0004920224670606,2.725529189748191e-09]"
/multi_agv/m2b_algorithm_state,1789558515.2370164,1789558515.2370164,m2b_algorithm_state_v1:header6+3x20,"[1.0,-0.15,0.52,3.6688429089720773,0.10125036943270722,1789558515.236896,3.667418934380185,0.1010752135415182,0.0036904376666666654,0.0015403929948458852,0.0006967080654296074,0.0005695577934168163,0.004584685874999997,3.66908476931709,0.10057491935102851,0.0016658349369049752,-0.0005002941904896918,-0.0005006951233954414,1.001605814259769,8.31590972422658e-09,0.0015815985477357776,-0.003839505500161226,-0.003839505500161226,0.14195256395599648,0.9991992474321886,8.329263530644695e-09,3.668399415920026,0.10150168767576302,0.002796189458333334,-0.0009437699207239946,0.001667119639994219,0.0007539712511689389,-0.0017884964166666626,3.668965055473744,0.10255548588984506,0.0005656395537179115,0.0010537982140820384,0.001052050309041283,0.9966959239412234,-2.2536254054228928e-08,0.0017590997511886723,-0.007687380266476144,-0.007687380266476144,0.12046877531058592,1.0016614272394906,-2.2461792556753842e-08,3.667712777819873,0.1011741905588389,0.0036904376666666654,0.0013236379028561313,0.0009824067194581293,0.0005149083601777246,0.0032930326916666636,3.6688869104004977,0.10148352396768436,0.0011741325806249314,0.00030933340884545246,0.0003091812710026923,0.9990175009808445,2.7290150571936885e-09,0.0017768469967838565,-0.005130412255942986,-0.005130412255942986,0.17670397836213356,1.0004920668133188,2.726333802576735e-09]"
/multi_agv/m2b_algorithm_state,1789558515.246917,1789558515.246917,m2b_algorithm_state_v1:header6+3x20,"[1.0,-0.15,0.52,3.669842740342163,0.10125037074993191,1789558515.246826,3.6684181356251506,0.10107522717340148,0.0036904376666666654,0.001540296297946372,0.0006967163844605827,0.0005695953803732638,0.004584685874999997,3.670900823654453,0.10185178025101117,0.0024826880293025155,0.0007765530776096957,0.000775596383136843,0.9975432856409943,2.0016223934505444e-08,0.0038789564197649873,-0.012618078666797913,-0.012618078666797913,0.14195256314991192,1.0012334952736415,1.9967049789752472e-08,3.669398613549661,0.10150167902687333,0.002796189458333334,-0.000943664857165885,0.0016671137327510799,0.0007539287824982754,-0.0017884964166666626,3.6699914154904967,0.10278216481113625,0.0005928019408356633,0.0012804857842629164,0.0012779094329716386,0.9959955419792456,-3.326571017268594e-08,0.0020189118590162175,-0.008721389207331499,-0.008721389207331499,0.1204687757798216,1.0020160671991338,-3.313249903276883e-08,3.6687119777414203,0.10117420209784692,0.0036904376666666654,0.0013235745976718522,0.0009824094616417648,0.0005149343741304244,0.0032930326916666636,3.6703279275975262,0.10211065924021168,0.0016159498561059138,0.0009364571423647605,0.000935069433543203,0.9970467651413226,2.4998418723206614e-08,0.0029550067536755955,-0.009623969034329952,-0.009623969034329952,0.17670397994892778,1.0014840703500478,2.4924592521621427e-08]"
/multi_agv/m2b_algorithm_state,1789558515.256894,1789558515.256894,m2b_algorithm_state_v1:header6+3x20,"[1.0,-0.15,0.52,3.670841838739625,0.10125037668049841,1789558515.2568178,3.669417967383585,0.10107523032066909,0.0036904376666666654,0.0015402742349004427,0.0006967183478007396,0.0005696039225594527,0.004584685874999997,3.671674131488077,0.10054119610565453,0.002256164104492253,-0.0005340342150145644,-0.000534491165798894,1.0017147647315197,9.474878666792768e-09,0.0022857139648164225,-0.00631866490852522,-0.00631866490852522,0.14195256348137641,0.9991450732704876,9.491125854566012e-09,3.670398444443747,0.10150167716006347,0.002796189458333334,-0.0009436411069390005,0.0016671123047520275,0.000753919230394709,-0.0017884964166666626,3.671008922228894,0.10278216481113625,0.0006104777851470011,0.0012804876510727758,0.001277911292240386,0.9959955361244144,-3.326497017049807e-08,0.0020410085236741374,-0.008800160679134004,-0.008800160679134004,0.1204687755880732,1.0020160701670247,-3.3131761799127876e-08,3.6697118091991574,0.10117420476906315,0.0036904376666666654,0.0013235601785949228,0.000982410147263902,0.0005149402676059675,0.0032930326916666636,3.6711838463498165,0.101156163753412,0.0014720371506591334,-1.8041015651143466e-05,-1.8041534427777232e-05,1.0000575147223671,9.284297686357026e-12,0.0018220049038961395,-0.00513602534843037,-0.00513602534843037,0.1767039793032083,0.999971245426167,9.284831670160831e-12]"
/multi_agv/m2b_algorithm_state,1789558515.267032,1789558515.267032,m2b_algorithm_state_v1:header6+3x20,"[1.0,-0.15,0.52,3.6718426845388357,0.10125037131644461,1789558515.2668693,3.6704170676525654,0.10107524433999315,0.0036904376666666654,0.0015401753973643536,0.0006967278423758211,0.0005696418259397731,0.004584685874999997,3.6726606568942013,0.101019329271156,0.0022435892416359238,-5.591506883714792e-05,-5.592006022488007e-05,1.0001785723168435,1.0382941465653183e-10,0.002748566491820025,-0.008190140138291845,-0.008190140138291845,0.14195256249894878,0.9999107406588604,1.0384795571566356e-10,3.6713975405429755,0.10150166882419677,0.002796189458333334,-0.0009435340956473206,0.0016671054100512173,0.0007538764310950352,-0.0017884964166666626,3.6718939176300944,0.10174312164797375,0.0004963770871189155,0.0002414528237769803,0.0002413604936818457,0.9992359118320217,-1.1835169601839248e-09,0.0008618318525804901,-0.0041143763116885685,-0.0041143763116885685,0.1204687761602659,1.0003825402149544,-1.1826126488780465e-09,3.6707109080233344,0.10117421687730535,0.0036904376666666654,0.0013234943760531324,0.0009824134870848765,0.0005149670532068134,0.0032930326916666636,3.672040116245334,0.10076650835158812,0.001329208221999778,-0.0004077085257172264,-0.0004079742532580697,1.0013055241877864,4.7426744584340984e-09,0.001253536024241653,-0.0029368792249119887,-0.0029368792249119887,0.17670398124973621,0.9993486659054555,4.7488661346543806e-09]"
/multi_agv/m2b_algorithm_state,1789558515.2773852,1789558515.2773852,m2b_algorithm_state_v1:header6+3x20,"[1.0,-0.15,0.52,3.6728425814587453,0.10125037216440662,1789558515.277293,3.671417911801085,0.10107523095597831,0.0036904376666666654,0.00154027086098559,0.0006967195067448797,0.0005696047821939772,0.004584685874999997,3.673748291390126,0.10181583695042837,0.0023303795890412538,0.0007406059944500554,0.0007397355852193348,0.9976560512606033,1.820615949930877e-08,0.003652710071520902,-0.011794835927141192,-0.011794835927141192,0.14195256465136483,1.0011766491272183,1.816348519470111e-08,3.672398388303952,0.10150167749930436,0.002796189458333334,-0.0009436383226794445,0.0016671112953483558,0.0007539185485792438,-0.0017884964166666626,3.6729042667113627,0.10174312164797375,0.0005058784074107869,0.00024144414866938968,0.0002413518252135559,0.9992359392994234,-1.1835626045695279e-09,0.0008736998344770396,-0.0041566437211052985,-0.0041566437211052985,0.12046877490218766,1.0003825264455823,-1.1826582908967043e-09,3.6717117535114707,0.10117420549405116,0.0036904376666666654,0.0013235572728550137,0.0009824107832268952,0.0005149411963383389,0.0032930326916666636,3.6730031481027625,0.10039715397713055,0.0012913945912917946,-0.0007770515169206182,-0.0007780194553994325,1.002498616648191,1.723276297762502e-08,0.0008362237837153107,-0.0012880236323585211,-0.0012880236323585211,0.1767039769996479,0.9987558942490489,1.7275821046095243e-08]"
/multi_agv/m2b_algorithm_state,1789558515.287397,1789558515.287397,m2b_algorithm_state_v1:header6+3x20,"[1.0,-0.15,0.52,3.6738406830335606,0.10125038437731111,1789558515.2873256,3.6724178089728894,0.10107523286647019,0.0036904376666666654,0.0015402576729295608,0.000696720797209682,0.0005696098274364705,0.004584685874999997,3.6747797666760587,0.10184489669019829,0.0023619577031692707,0.0007696638237281034,0.0007687239798398245,0.9975648901458871,1.966225196669224e-08,0.003721171108801413,-0.012053008806109662,-0.012053008806109662,0.14195256510622428,1.0012226025373563,1.96143722231741e-08,3.6733982849051974,0.10150167648640164,0.002796189458333334,-0.00094362429648308,0.0016671103393566256,0.0007539129659850791,-0.0017884964166666626,3.6737091324982023,0.102291534028088,0.0003108475930049259,0.0007898575416863535,0.0007888735977717675,0.9975160179229474,-1.2661341259921364e-08,0.0011774330890279249,-0.005491406504087264,-0.005491406504087264,0.120468774645048,1.0012472770255783,-1.2629890715160273e-08,3.6727116504981487,0.10117420714034801,0.0036904376666666654,0.001323548570522561,0.000982411271898776,0.0005149447142748379,0.0032930326916666636,3.6741920019203134,0.10151073262405644,0.0014803514221646275,0.0003365254837084247,0.0003363454598350702,0.9989314641321398,3.229612899368424e-09,0.0021867847375408546,-0.006600380298830725,-0.006600380298830725,0.17670397614105318,1.0005352350331793,3.2261619421461452e-09]"
/multi_agv/m2b_algorithm_state,1789558515.2970304,1789558515.2970304,m2b_algorithm_state_v1:header6+3x20,"[1.0,-0.15,0.52,3.674836793007606,0.10125040879399431,1789558515.2968595,3.673415914421797,0.10107526177542223,0.0036904376666666654,0.0015400536233041232,0.000696740468923096,0.0005696880422665692,0.004584685874999997,3.675790524621897,0.10184489669019829,0.0023746102001003244,0.0007696349147760656,0.000768695141651063,0.9975649817650828,1.9658168132715022e-08,0.0037369578917764686,-0.012109393781051707,-0.012109393781051707,0.1419525623396656,1.0012225563478703,1.9610300134846793e-08,3.6743963817291805,0.1015016592185338,0.002796189458333334,-0.0009434031577540934,0.0016670960868601092,0.0007538245236680396,-0.0017884964166666626,3.674724323088708,0.102291534028088,0.00032794135952762815,0.0007898748095541974,0.0007888908225149413,0.9975159635226237,-1.26589283925604e-08,0.0011988175219244765,-0.0055673186043908515,-0.0055673186043908515,0.12046877624811235,1.0012473044573127,-1.2627483152668786e-08,3.673709752949704,0.10117423213797733,0.0036904376666666654,0.0013234125129430734,0.0009824181751001415,0.0005150000991728703,0.0032930326916666636,3.674816994186515,0.0995338664437623,0.0011072412368111628,-0.0016403656942150235,-0.0016447073663258967,1.005326261056014,7.683229443234321e-08,-0.0002606558203119432,0.0029774676066527134,0.0029774676066527134,0.1767039815390427,0.997360216048298,7.72415232900224e-08]"
/multi_agv/m2b_algorithm_state,1789558515.3070674,1789558515.3070674,m2b_algorithm_state_v1:header6+3x20,"[1.0,-0.15,0.52,3.675846266977212,0.10125034700517184,1789558515.3069804,3.6744120322902427,0.10107531870619932,0.0036904376666666654,0.001539652465580001,0.0006967806140226955,0.0005698410460804131,0.004584685874999997,3.6762423136931583,0.0999159089330904,0.0018302814029156345,-0.0011594097731089242,-0.0011615737520157476,1.003749208947329,4.466018380362938e-08,0.0011262780016287955,-0.0019222867572768177,-0.0019222867572768177,0.14195255600295556,0.9981370284038634,4.48276241643353e-08,3.675392481947162,0.10150162595325408,0.002796189458333334,-0.0009429688203773426,0.0016670668186686832,0.0007536514777793657,-0.0017884964166666626,3.675698855410712,0.101585966626388,0.0003063734635500026,8.434067313391191e-05,8.432939414701639e-05,0.999732622872204,-1.4433507021038677e-10,0.0004672962235845197,-0.002640327407967668,-0.002640327407967668,0.12046877995179157,1.0001337491750013,-1.442964783138737e-10,3.674705864785413,0.10117428172252949,0.0036904376666666654,0.0013231433548408882,0.0009824325298485315,0.0005151093019836964,0.0032930326916666636,3.6756990964213188,0.09990554894967636,0.0009932316359058113,-0.0012687327728531234,-0.0012713227681791228,1.004102337975935,4.594153002130368e-08,-2.9783223296858674e-05,0.001996944713861144,0.001996944713861144,0.17670399400570339,0.9979627554930767,4.612999770458263e-08]"
/multi_agv/m2b_algorithm_state,1789558515.3172727,1789558515.3172727,m2b_algorithm_state_v1:header6+3x20,"[1.0,-0.15,0.52,3.6768456866092873,0.10125035169406894,1789558515.317133,3.6754214870166804,0.10107516829113708,0.0036904376666666654,0.0015407197252084036,0.0006966832629409217,0.0005694290703849466,0.004584685874999997,3.677233868482408,0.0999159089330904,0.0018123814657275972,-0.0011592593580466853,-0.0011614227774313305,1.0037487237558524,4.467957265013621e-08,0.001104054054728166,-0.0018427214731599538,-0.0018427214731599538,0.14195257361974994,0.9981372679900165,4.484706402553111e-08,3.6764019791431775,0.10150171982648049,0.002796189458333334,-0.0009441297686518593,0.0016671364978968484,0.0007541184639259096,-0.0017884964166666626,3.676706983673814,0.101585966626388,0.00030500453063675437,8.424679990751138e-05,8.423554602054755e-05,0.9997329205247139,-1.441912043475301e-10,0.0004654912093164905,-0.0026350358356163053,-0.0026350358356163053,0.12046876967038787,1.0001336002138703,-1.4415269383633208e-10,3.6757153347717777,0.10117415289789798,0.0036904376666666654,0.0013238498393039412,0.000982399709276694,0.000514820140459902,0.0032930326916666636,3.6766905483992014,0.09990554894967636,0.0009752136274236989,-0.0012686039482216194,-0.0012711934195830776,1.0041019225662167,4.5956749326712025e-08,-5.217638530345399e-05,0.0020767283608819883,0.0020767283608819883,0.17670395936982594,0.997962960379147,4.6145260353845225e-08]"
/multi_agv/m2b_algorithm_state,1789558515.3269994,1789558515.3269994,m2b_algorithm_state_v1:header6+3x20,"[1.0,-0.15,0.52,3.677837122021014,0.10125040650679377,1789558515.3269072,3.6764209077604932,0.10107518173946602,0.0036904376666666654,0.001540622656472622,0.0006966888286477511,0.0005694682506422244,0.004584685874999997,3.6782646066049782,0.10035496644627773,0.0018436988444849867,-0.0007202152931882894,-0.0007210475671051727,1.0023174592650004,1.7239092645150687e-08,0.0015835759885010608,-0.003743284976679642,-0.003743284976679642,0.1419525732129416,0.9988457433949544,1.727904354012139e-08,3.6774013976183646,0.10150170972834965,0.002796189458333334,-0.000944023263277899,0.0016671330272308715,0.0007540741028420894,-0.0017884964166666626,3.6776630705916546,0.10105360521937114,0.00026167297329005024,-0.00044810450897851684,-0.00044842418132947655,1.0014291952792411,-4.0803999291688e-09,-0.00012133296471691376,-0.00031261173025778086,-0.00031261173025778086,0.12046876990276945,0.9992871206231297,-4.086231617484984e-09,3.676714754449005,0.1011741636143912,0.0036904376666666654,0.0013237892987624151,0.0009824009532462437,0.0005148457353359747,0.0032930326916666636,3.6777317005816497,0.10025776717812776,0.0010169461326445806,-0.0009163964362634419,-0.0009177440699603583,1.002951327703447,2.397396258728242e-08,0.0003534385958453674,0.0004843293535314304,0.0004843293535314304,0.17670396016228923,0.9985315800548026,2.404471760722767e-08]"
/multi_agv/m2b_algorithm_state,1789558515.3370886,1789558515.3370886,m2b_algorithm_state_v1:header6+3x20,"[1.0,-0.15,0.52,3.678843241935748,0.10125036644396745,1789558515.3369493,3.6774123603158397,0.10107531400715855,0.0036904376666666654,0.0015396857895945276,0.0006967757167601894,0.0005698291488035408,0.004584685874999997,3.6788804535350255,0.0998532929759704,0.0014680932191857288,-0.001222021031188153,-0.0012244261772167873,1.003954468784169,4.961715562653026e-08,0.0006106903467653737,-7.107591835183867e-05,-7.107591835183867e-05,0.14195255849624977,0.9980356953539645,4.981336511961463e-08,3.6783928122333247,0.101501628303311,0.002796189458333334,-0.0009430054966689961,0.0016670706369326105,0.000753665389551697,-0.0017884964166666626,3.678326397609833,0.10150328449167215,-6.641462349188387e-05,1.6561883611487804e-06,1.6561840091633116e-06,0.9999947446096439,-5.56620593835215e-14,-8.136209535569153e-05,-0.0006549136577907238,-0.0006549136577907238,0.12046877849289284,1.0000026277185656,-5.5661766857671415e-14,3.677706193513877,0.10117427720991175,0.0036904376666666654,0.001323167874276819,0.0009824306429452537,0.0005150996552459397,0.0032930326916666636,3.6784203593147446,0.09874617716907053,0.0007141658008675833,-0.0024281000408412218,-0.00243766944659002,1.0079542354072628,1.684000147665896e-07,-0.001544962195505541,0.007843542384596306,0.007843542384596306,0.1767039891054541,0.9960743628459616,1.6973950812662957e-07]"
/multi_agv/m2b_algorithm_state,1789558515.3470266,1789558515.3470266,m2b_algorithm_state_v1:header6+3x20,"[1.0,-0.15,0.52,3.6798429672438107,0.10125036856996572,1789558515.346942,3.6784184678845477,0.10107521548914936,0.0036904376666666654,0.0015403858315315745,0.0006967133231150942,0.000569558163670977,0.004584685874999997,3.6798184456403864,0.09915013218036756,0.0013999777558386661,-0.0019250833087817998,-0.0019310837555841225,1.0062791299831775,1.2324708383633884e-07,-0.00018111156078578984,0.003039631170315132,0.003039631170315132,0.14195257010191106,0.9968927050497053,1.240209682957948e-07,3.6793989469614887,0.10150169065872404,0.002796189458333334,-0.0009437676590865352,0.001667115077223169,0.0007539726442697542,-0.0017884964166666626,3.67933571975098,0.10079142148553245,-6.322721050855407e-05,-0.0007102691731915856,-0.0007110739102357216,1.0022720934370524,-1.0250639013353623e-08,-0.0007901079233714142,0.002172950051715236,0.002172950051715236,0.12046877172180227,0.9988682793271527,-1.0273929422981457e-08,3.6787123109612065,0.10117419318402897,0.0036904376666666654,0.0013236296996067946,0.000982409920772121,0.0005149102508274447,0.0032930326916666636,3.6793658161231244,0.09924244321027867,0.0006535051619178667,-0.0019317499737502991,-0.0019377843328435202,1.006293009644904,1.0659090909335647e-07,-0.0011209028804461869,0.006138920044189285,0.006138920044189285,0.17670396628432564,0.9968859490754751,1.0726168671234005e-07]"
/multi_agv/m2b_algorithm_state,1789558515.357177,1789558515.357177,m2b_algorithm_state_v1:header6+3x20,"[1.0,-0.15,0.52,3.6808541909994896,0.10125029673272634,1789558515.3570457,3.679418193736677,0.10107522110284076,0.0036904376666666654,0.0015403458661565673,0.0006967161128369696,0.0005695740359286992,0.004584685874999997,3.680812201686652,0.09950038101115459,0.001394007949974796,-0.0015748400916861666,-0.0015788451796211892,1.0051165095808352,8.245887403484213e-08,0.00016366475784730574,0.0016676121146164777,0.0016676121146164777,0.14195257024661578,0.9974632801323918,8.28807756538663e-08,3.680398671654453,0.10150168683190133,0.002796189458333334,-0.0009437242454204556,0.001667113231927253,0.0007539547858068096,-0.0017884964166666626,3.6803406242331986,0.10079142148553245,-5.804742125414819e-05,-0.0007102653463688796,-0.0007110700747597994,1.0022720812142947,-1.025005718041246e-08,-0.0007836293513274847,0.0021500508469083947,0.0021500508469083947,0.12046877164491107,0.9988682853919966,-1.0273346142777521e-08,3.6797120363403013,0.1011741977751551,0.0036904376666666654,0.0013236043049271577,0.0009824107348866962,0.0005149208349560538,0.0032930326916666636,3.680397705308024,0.09971190959414877,0.0006856689677228189,-0.001462288181006327,-0.001465733733622392,1.004738523552613,6.105754890351476e-08,-0.0006086475239688684,0.004127838802811449,0.004127838802811449,0.17670396602101793,0.9976492642988096,6.134687153705888e-08]"
/multi_agv/m2b_algorithm_state,1789558515.3673022,1789558515.3673022,m2b_algorithm_state_v1:header6+3x20,"[1.0,-0.15,0.52,3.6818413527253804,0.10125037985879058,1789558515.367119,3.680429394554396,0.10107505039301562,0.0036904376666666654,0.0015415529749214663,0.0006965997785983722,0.0005691113154782349,0.004584685874999997,3.682145383767651,0.09978733000530575,0.0017159892132552201,-0.0012877203877098703,-0.0012903924329621145,1.0041701760660262,5.5165035974406624e-08,0.0008545940836069106,-0.0009012346857807793,-0.0009012346857807793,0.14191988033077838,0.9979292770292286,5.539508388710857e-08,3.681409923476438,0.10150178970417374,0.002796189458333334,-0.0009450344445074998,0.001667197430845313,0.0007544789143421743,-0.0017884964166666626,3.6814993430104392,0.10058765371203437,8.941953400132263e-05,-0.0009141359921393671,-0.0009154710458498022,1.002931003835206,-1.7004724295290135e-08,-0.0008036966283481489,0.0023089916339552414,0.0023089916339552414,0.12044823954308415,0.9985416756581352,-1.705456520741625e-08,3.6807232549676345,0.10117405010098969,0.0036904376666666654,0.0013244099394077499,0.0009823701606927141,0.0005145927288385003,0.0032930326916666636,3.6817370140599137,0.09923623372015263,0.0010137590922791873,-0.0019378163808370652,-0.0019438889888064518,1.006313215277695,1.0732516101125657e-07,-0.0006766901234574677,0.004576347906112441,0.004576347906112441,0.17664010245668013,0.9968760520768652,1.0800272785743391e-07]"
/multi_agv/m2b_algorithm_state,1789558515.377354,1789558515.377354,m2b_algorithm_state_v1:header6+3x20,"[1.0,-0.15,0.52,3.6828414257743147,0.10125037929507386,1789558515.377215,3.68141658178605,0.10107525482009458,0.0036904376666666654,0.001540100995583821,0.0006967287441749014,0.0005696736069372043,0.004584685874999997,3.683127370366426,0.09925262419439812,0.001710788580375766,-0.0018226306256964586,-0.0018280052320395312,1.0059381017428977,1.1044977788708164e-07,0.0003104804934301764,0.0012603593411737858,0.0012603593411737858,0.14195256860749578,0.9970598517723738,1.1110563990565558e-07,3.682397054607637,0.10150166042152939,0.002796189458333334,-0.0009434542282710573,0.001667105646769862,0.0007538416882164195,-0.0017884964166666626,3.6824996742507983,0.10058765371203437,0.00010261964316127248,-0.0009140067094950133,-0.0009153413866370334,1.0029305901376218,-1.6971497374900018e-08,-0.0007870668326854428,0.0022516713547379363,0.0022516713547379363,0.12046877259398209,0.9985418804814193,-1.7021233877727574e-08,3.681710421782454,0.10117422433474778,0.0036904376666666654,0.001323452784224985,0.0009824129854783875,0.0005149853425270019,0.0032930326916666636,3.6827252224802614,0.0992276917473673,0.0010148006978072388,-0.0019465325873804784,-0.0019526603347643843,1.0063422193666354,1.082150962382062e-07,-0.0006841594625053358,0.004605516473333503,0.004605516473333503,0.1767039692232316,0.9968618467457908,1.0890142011733047e-07]"
/multi_agv/m2b_algorithm_state,1789558515.3871086,1789558515.3871086,m2b_algorithm_state_v1:header6+3x20,"[1.0,-0.15,0.52,3.683843613056199,0.10125036528628373,1789558515.3869743,3.6824166548102975,0.10107525242895977,0.0036904376666666654,0.0015401189805838967,0.0006967286159484053,0.0005696658778904654,0.004584685874999997,3.6841219357535335,0.09925262419439812,0.001705280943236076,-0.0018226282345616546,-0.0018280028268784344,1.0059380939827682,1.104507789353699e-07,0.0003035983521666606,0.0012846475411179945,0.0012846475411179945,0.14195256937651726,0.9970598555769424,1.1110664604115808e-07,3.6833971275980173,0.10150166279093743,0.002796189458333334,-0.0009434743175219329,0.0016671054711094868,0.0007538504875907598,-0.0017884964166666626,3.6836089774768728,0.101658111880773,0.00021184987885547457,0.00015644908983557249,0.00015641030119461168,0.9995044311137209,-4.968834020786299e-10,0.0004212226497639549,-0.0025100762453196456,-0.0025100762453196456,0.12046877214342602,1.0002479928793984,-4.966371621244512e-10,3.6827104949146277,0.10117422266532433,0.0036904376666666654,0.001323462974428273,0.000982413234525215,0.000514980795939356,0.0032930326916666636,3.683719538030662,0.0992276917473673,0.001009043116034558,-0.0019465309179570317,-0.0019526586548904623,1.0063422139497862,1.0821574455491833e-07,-0.0006913547598472647,0.004630890310819331,0.004630890310819331,0.1767039677141341,0.9968618493979561,1.0890207195962103e-07]"
/multi_agv/m2b_algorithm_state,1789558515.3969798,1789558515.3969798,m2b_algorithm_state_v1:header6+3x20,"[1.0,-0.15,0.52,3.6848402136967686,0.10125038720099548,1789558515.3968515,3.6834188377685946,0.10107521813051377,0.0036904376666666654,0.0015403625308203547,0.0006967066920297248,0.0005695717126748792,0.004584685874999997,3.6853623604219323,0.09782057914840853,0.001943522653337748,-0.0032546389821052485,-0.0032719623326385064,1.0107754425783066,3.5257685544999687e-07,-0.0008425590159663213,0.0059446513107387095,0.0059446513107387095,0.14195257393577584,0.9947055165151342,3.563760271103382e-07,3.6843993200843403,0.10150168435046873,0.002796189458333334,-0.0009437392209671923,0.001667121084424128,0.0007539571925549993,-0.0017884964166666626,3.684964214741383,0.10061353974901517,0.0005648946570424584,-0.000888144601453561,-0.0008894045701053743,1.0028468333914065,-1.6029213192829554e-08,-0.0001832862488023012,0.00010341930100680368,0.00010341930100680368,0.12046876948023834,0.9985833571198494,-1.6074845692184876e-08,3.683712681315662,0.10117419337786869,0.0036904376666666654,0.0013236237816059192,0.0009824058740985023,0.0005149149208985354,0.0032930326916666636,3.68514562325881,0.10031579285457291,0.001432941943147803,-0.000858400523295777,-0.0008595824615354629,1.0027627348680672,2.1032037843713823e-08,0.0009315949673992909,-0.0015882098179305555,-0.0015882098179305555,0.1767039587280625,0.9986249856266556,2.109014378801116e-08]"
/multi_agv/m2b_algorithm_state,1789558515.4069905,1789558515.4069905,m2b_algorithm_state_v1:header6+3x20,"[1.0,-0.15,0.52,3.6858433905616157,0.10125036662120714,1789558515.4068582,3.6844154453262834,0.10107527064810787,0.0036904376666666654,0.0015399908873195115,0.0006967417183992625,0.0005697145857866178,0.004584685874999997,3.6864489061230192,0.0989444764246865,0.002033460796735831,-0.00213079422342137,-0.002138156966210233,1.0069662013807412,1.509761936603984e-07,0.0004036690297095557,0.001070056886683715,0.001070056886683715,0.14195256847955162,0.9965565003387412,1.5202792422913451e-07,3.6853959123040596,0.10150165232506278,0.002796189458333334,-0.0009433355876482721,0.001667095821873854,0.0007537953722019097,-0.0017884964166666626,3.6857488241432734,0.09920287735952382,0.00035291183921382085,-0.0022987749655389578,-0.0023073062110850295,1.0074867805140981,-1.0743905107605694e-07,-0.0018661664120677534,0.006653714597970732,0.006653714597970732,0.12046877266971805,0.9963025083081366,-1.0824342367010636e-07,3.684709283459962,0.10117423862981578,0.0036904376666666654,0.0013233765840453496,0.0009824179317631685,0.0005150157994995895,0.0032930326916666636,3.686131536533689,0.10035994427596956,0.00142225307372712,-0.0008142943538462233,-0.0008153575976426348,1.0026194727727074,1.8922124510564834e-08,0.0009624587445162652,-0.001717967699426354,-0.001717967699426354,0.1767039694673644,0.9986959785504108,1.897169050052204e-08]"
/multi_agv/m2b_algorithm_state,1789558515.417162,1789558515.417162,m2b_algorithm_state_v1:header6+3x20,"[1.0,-0.15,0.52,3.686843093534867,0.10125036885513279,1789558515.4169297,3.6854186158613595,0.10107522005199072,0.0036904376666666654,0.0015403503690002381,0.0006967096764356909,0.0005695754319935879,0.004584685874999997,3.6875294241361742,0.09907763320190884,0.0021108082748146906,-0.0019975868500818894,-0.0020040513191603242,1.006520934643668,1.3270884840054418e-07,0.000634459024358039,0.00019719721453549059,0.00019719721453549059,0.14195189694445762,0.9967742996316363,1.335742341276006e-07,3.6863990967670794,0.10150168432137933,0.002796189458333334,-0.0009437268189746092,0.0016671186163912388,0.0007539531005165689,-0.0017884964166666626,3.686824873100547,0.10018556173181749,0.0004257763334676312,-0.0013161225895618467,-0.0013188984018819478,1.0042391418276166,-3.5209352071951155e-08,-0.0007866779850474088,0.002425662689835042,0.002425662689835042,0.1204683437785154,0.9978953554601778,-3.5358609509042645e-08,3.685712459056408,0.10117419549025138,0.0036904376666666654,0.0013236136557882934,0.0009824072619754268,0.0005149185881439529,0.0032930326916666636,3.687150932723521,0.10060868304905575,0.0014384736671129161,-0.0005655124411956258,-0.0005660242867972854,1.001814065758148,9.126300442312685e-09,0.0012320677970938598,-0.002787406597706789,-0.002787406597706789,0.17670263430141242,0.9990957179513342,9.142856151443656e-09]"
/multi_agv/m2b_algorithm_state,1789558515.4271858,1789558515.4271858,m2b_algorithm_state_v1:header6+3x20,"[1.0,-0.15,0.52,3.6878497097480163,0.10125032679240298,1789558515.4270809,3.6864183194895577,0.10107522566191891,0.0036904376666666654,0.0015403105256984848,0.0006967129618558939,0.0005695909935024168,0.004584685874999997,3.687882135576832,0.09797014304144835,0.0014638160872744166,-0.003105082620470559,-0.0031208327678619256,1.0102630794246754,3.2087665694847313e-07,-0.0012910626587689048,0.007454634235341139,0.007454634235341139,0.14195169469932867,0.9949532228853912,3.2416983956425965e-07,3.6873987989685206,0.10150168068543494,0.002796189458333334,-0.0009436834152367485,0.0016671163009589485,0.0007539354909064794,-0.0017884964166666626,3.6875241808443255,0.10037901842218186,0.00012538187580490856,-0.0011226622632530825,-0.0011246790533348434,1.003608115446557,-2.56145523260814e-08,-0.0009679517085787077,0.0029822151847277703,0.0029822151847277703,0.12046821678198702,0.9982067861264233,-2.570697258798578e-08,3.6867121621465246,0.10117420021804449,0.0036904376666666654,0.0013235876548530526,0.0009824082987611952,0.0005149293192389273,0.0032930326916666636,3.687660503540644,0.10104832465537834,0.0009483413941193675,-0.0001258755626661473,-0.00012590083790365116,1.0004017818528106,4.5201392977698265e-10,0.0010595259047455582,-0.002379427787386102,-0.002379427787386102,0.17670223921643188,0.9997992448825225,4.5219554077118466e-10]"
/multi_agv/m2b_algorithm_state,1789558515.4368908,1789558515.4368908,m2b_algorithm_state_v1:header6+3x20,"[1.0,-0.15,0.52,3.688836728828513,0.10125040983586608,1789558515.436809,3.6874249223053983,0.10107512558348908,0.0036904376666666654,0.001541018271992311,0.0006966449679239872,0.0005693195818114141,0.004584685874999997,3.688661743256466,0.0961531184928907,0.0012368209510675854,-0.004922007090598382,-0.004962125423960609,1.0166021479810836,8.075500586781632e-07,-0.0034160992351261275,0.015626311584763464,0.015626311584763464,0.1419269802362294,0.9919150908260989,8.209571242544708e-07,3.688405431565536,0.10150174108491063,0.002796189458333334,-0.0009444515356492687,0.0016671654525612922,0.0007542428775229593,-0.0017884964166666626,3.6885265658226687,0.10037901842218186,0.00012113425713256021,-0.0011227226627287673,-0.001124739669099221,1.0036083090921506,-2.5638153952581607e-08,-0.0009733218476835207,0.003000461114458084,0.003000461114458084,0.1204526980063439,0.9982066904672536,-2.5730664336594663e-08,3.6877187753731127,0.10117411370880922,0.0036904376666666654,0.0013240596970407106,0.000982384599213959,0.0005147370348806855,0.0032930326916666636,3.688708519092822,0.10147560671897898,0.0009897437197095016,0.0003014930101697677,0.0003013484780747551,0.9990423172886561,2.5932698514156258e-09,0.001538528127711632,-0.004279346211045576,-0.004279346211045576,0.17665396797014538,1.0004796178030697,2.590786321713076e-09]"
/multi_agv/m2b_algorithm_state,1789558515.4469898,1789558515.4469898,m2b_algorithm_state_v1:header6+3x20,"[1.0,-0.15,0.52,3.6898420787112194,0.10125037458463089,1789558515.446831,3.6884119672761084,0.10107532703200289,0.0036904376666666654,0.00153959004215905,0.0006967760152904563,0.0005698704960286958,0.004584685874999997,3.6896269385424842,0.09619991620186649,0.0012149712663758194,-0.004875410830136401,-0.004914759321518757,1.0164363974084512,7.915748950707182e-07,-0.003396045238548983,0.015536864655185029,0.015536864655185029,0.14195256476927143,0.9919938111292502,8.045855346246536e-07,3.6893924193355154,0.1015016160655155,0.002796189458333334,-0.0009428988198435777,0.0016670715210067577,0.0007536186889482294,-0.0017884964166666626,3.6893159337794286,0.09781173390604386,-7.648555608685825e-05,-0.0036898821594716358,-0.0037120946125316716,1.012206812008489,-2.769370997029019e-07,-0.0038077015576402445,0.014034119712332633,0.014034119712332633,0.12046877483716419,0.9940161942572668,-2.8031761881715137e-07,3.6887057998739157,0.10117428641007987,0.0036904376666666654,0.0013231136451527991,0.0009824290046338566,0.0005151240135778776,0.0032930326916666636,3.6895597780848486,0.10021077935989975,0.0008539782109329153,-0.0009635070501801263,-0.0009649973324441382,1.003104698192728,2.648956810160329e-08,0.0001024754312220059,0.001392787753387752,0.001392787753387752,0.1767039767757868,0.9984556617786318,2.6571810215814483e-08]"
/multi_agv/m2b_algorithm_state,1789558515.4571013,1789558515.4571013,m2b_algorithm_state_v1:header6+3x20,"[1.0,-0.15,0.52,3.690842718612945,0.10125037060639658,1789558515.4569654,3.689417306474981,0.10107523938026604,0.0036904376666666654,0.001540213624821712,0.0006967219897695996,0.0005696283001532434,0.004584685874999997,3.690732824402565,0.09733154883754515,0.0013155179275838869,-0.00374369054272089,-0.003766695458003896,1.0124626175249307,4.665959543969206e-07,-0.0021222980485240375,0.010634847616991377,0.010634847616991377,0.1419515267993118,0.9938925470509905,4.7241096131524944e-07,3.6903977819503555,0.10150167232845171,0.002796189458333334,-0.000943578022777264,0.001667109717408799,0.0007538932314624519,-0.0017884964166666626,3.6902911129518143,0.09781173390604386,-0.00010666899854117062,-0.0036899384224078485,-0.0037121515455373097,1.0122069967046585,-2.7714497677990903e-07,-0.003845487793713773,0.014165807449866029,0.014165807449866029,0.12046811135575645,0.994016105523449,-2.8052808459817405e-07,3.689711147708321,0.10117421204517493,0.0036904376666666654,0.0013235231953119485,0.0009824113399889318,0.0005149556780140395,0.0032930326916666636,3.690555513098964,0.10018449831759597,0.0008443653906429205,-0.0009897137275789586,-0.0009912864940247398,1.0031900911836755,2.795932051104025e-08,6.41702442789108e-05,0.0015404513858676865,0.0015404513858676865,0.17670191124199433,0.9984134087821619,2.8048513292904078e-08]"
/multi_agv/m2b_algorithm_state,1789558515.4670143,1789558515.4670143,m2b_algorithm_state_v1:header6+3x20,"[1.0,-0.15,0.52,3.6918427828176585,0.10125037042024987,1789558515.4668891,3.690417945157005,0.10107522948573013,0.0036904376666666654,0.001540284129065234,0.0006967158093618584,0.0005696009542238281,0.004584685874999997,3.691766626863523,0.09755124377612621,0.001348681706518029,-0.0035239857096039107,-0.0035443361055270736,1.0117024303596296,4.1339848738830367e-07,-0.0018584839723795373,0.009620186433895733,0.009620186433895733,0.14194800199350385,0.9942583334883427,4.182362543977415e-07,3.6913984233081143,0.1015016786952642,0.002796189458333334,-0.0009436548623003435,0.0016671140855071265,0.0007539242666028956,-0.0017884964166666626,3.690635600238562,0.09982790961151647,-0.0007628230695524429,-0.0016737690837477365,-0.0016782706312043554,1.005412928321271,-5.6954442576883585e-08,-0.002631799468144909,0.009092514213310754,0.009092514213310754,0.12046589814463192,0.9973177463914812,-5.7262732892130194e-08,3.6907117873737163,0.10117420363819539,0.0036904376666666654,0.001323569579770679,0.0009824093068290908,0.0005149366297303956,0.0032930326916666636,3.6916283816688615,0.10032580594144613,0.0009165942951452344,-0.0008483976967492562,-0.0008495521622358835,1.002730232033283,2.0543743421978076e-08,0.00029619070669565945,0.0006559955640341754,0.0006559955640341754,0.17669502620995828,0.9986410893433678,2.0599832608352306e-08]"
/multi_agv/m2b_algorithm_state,1789558515.4769633,1789558515.4769633,m2b_algorithm_state_v1:header6+3x20,"[1.0,-0.15,0.52,3.6928417808661305,0.10125037701202215,1789558515.4768884,3.691418009294261,0.10107522899124177,0.0036904376666666654,0.0015402877958043781,0.000696715455115715,0.0005695995491057814,0.004584685874999997,3.691780916244007,0.09679184562115548,0.00036290694974594473,-0.004283383370086297,-0.0043136213663569735,1.0143454852053886,6.110580791341214e-07,-0.0038599876791745426,0.016927759540663546,0.016927759540663546,0.14194651878211864,0.9929901134794746,6.19824003767973e-07,3.692398487593395,0.1015016790538246,0.002796189458333334,-0.0009436589222458769,0.0016671143272097844,0.0007539259007241922,-0.0017884964166666626,3.6916431679730666,0.09912454362225229,-0.0007553196203282653,-0.002377135431572308,-0.002386263605517364,1.0077488241642232,-1.1493390535164831e-07,-0.0033304131309276957,0.011839885162724498,0.011839885162724498,0.12046496684424311,0.9961747000943441,-1.158245079747257e-07,3.691711851565319,0.10117420321568323,0.0036904376666666654,0.0013235720272498095,0.0009824091861702971,0.0005149356316058863,0.0032930326916666636,3.691725602885474,0.1004518354022801,1.3751320155019897e-05,-0.0007223678134031242,-0.0007232039662239942,1.0023213450759971,1.48922583777127e-08,-0.0007060148160302193,0.004147766260705503,0.004147766260705503,0.17669212914111487,0.9988438215774232,1.492682844836828e-08]"
/multi_agv/m2b_algorithm_state,1789558515.4869745,1789558515.4869745,m2b_algorithm_state_v1:header6+3x20,"[1.0,-0.15,0.52,3.6938367982840496,0.10125040855052436,1789558515.4868605,3.6924170094275754,0.1010752446569167,0.0036904376666666654,0.0015401771614560484,0.0006967260186267585,0.0005696420099083414,0.004584685874999997,3.69271807768313,0.09636871980380544,0.0003010682555544264,-0.004706524853111252,-0.0047431481367126264,1.0158372121500836,7.378894200523865e-07,-0.0043668128172695934,0.018858304427893498,0.018858304427893498,0.14194881630027423,0.9922786970708534,7.495755313410583e-07,3.693397483093834,0.10150166963069306,0.002796189458333334,-0.0009435389105560649,0.0016671066831102088,0.0007538778560127329,-0.0017884964166666626,3.6933089707035336,0.09769817081562447,-8.851239030027713e-05,-0.0038034988150685844,-0.003827120402536038,1.0125987065997752,-2.944749078640419e-07,-0.003937760890411385,0.014532957482515816,0.014532957482515816,0.1204664094567778,0.9938278431345404,-2.9818491082921684e-07,3.692710850076982,0.10117421674845668,0.0036904376666666654,0.0013234983051848026,0.000982412857654636,0.0005149656774924567,0.0032930326916666636,3.6926799982078267,0.10016169481611115,-3.0851869155412714e-05,-0.0010125219323455364,-0.0010141683068472164,1.0032644483923132,2.926273373979328e-08,-0.0010527331432914823,0.005501301069921067,0.005501301069921067,0.17669661681868953,0.9983766259598487,2.9358260423904836e-08]"
/multi_agv/m2b_algorithm_state,1789558515.4971359,1789558515.4971359,m2b_algorithm_state_v1:header6+3x20,"[1.0,-0.15,0.52,3.6948444015829804,0.10125035886581607,1789558515.497051,3.693412036937978,0.10107531916762037,0.0036904376666666654,0.0015396509597097687,0.0006967772463312369,0.000569843450509416,0.004584685874999997,3.6944632806314033,0.09690625165094552,0.0010512436934253522,-0.004169067516674854,-0.004197688472923066,1.013944802184839,5.785965426666012e-07,-0.0028836338561413757,0.01346995009910112,0.01346995009910112,0.1419525680719021,0.9931817340822624,5.866649569989186e-07,3.6943924881275274,0.10150162515832736,0.002796189458333334,-0.0009429682579081256,0.001667069530433718,0.0007536498234090305,-0.0017884964166666626,3.694280883439795,0.09769817081562447,-0.00011160468773230292,-0.0038034543427028916,-0.0038270753839336653,1.0125985604558392,-2.942899792915053e-07,-0.003966581243599044,0.014634409407633494,0.014634409407633494,0.12046877290577873,0.993827913259839,-2.9799760938715695e-07,3.693705869786643,0.10117428132562532,0.0036904376666666654,0.001323146626553869,0.0009824308543087586,0.0005151087553583768,0.0032930326916666636,3.6943982580205854,0.09965200743619318,0.0006923882339422427,-0.0015222738894321436,-0.0015260096104257413,1.0049362386340208,6.614944622671016e-08,-0.0006605243179979379,0.004336795053964929,0.004336795053964929,0.17670397027121165,0.9975519675839031,6.647597567879354e-08]"
/multi_agv/m2b_algorithm_state,1789558515.5072281,1789558515.5072281,m2b_algorithm_state_v1:header6+3x20,"[1.0,-0.15,0.52,3.695850281274339,0.10125032189762619,1789558515.507076,3.6944196248693277,0.10107519754393982,0.0036904376666666654,0.0015405145347213312,0.0006966995239491955,0.0005695095537995547,0.004584685874999997,3.6955032817625066,0.09782193090872138,0.0010836568931789081,-0.003253266635218438,-0.003270575206096753,1.0107707363937355,3.5231407109034777e-07,-0.0019160040896231178,0.009709841347529734,0.009709841347529734,0.14193701267313297,0.9947077899795578,3.561087530778657e-07,3.6954001099165614,0.10150170163212609,0.002796189458333334,-0.0009439079621678891,0.0016671250007425087,0.0007540282989300651,-0.0017884964166666626,3.6954063771466354,0.09928211533486662,6.267230074019636e-06,-0.0022195862972594627,-0.0022275351393418797,1.007222421626359,-1.002199246345405e-07,-0.002219701101749355,0.007864987460375382,0.007864987460375382,0.12045899779577432,0.9964315525524029,-1.0094375518561307e-07,3.6947134699630526,0.1011741774213823,0.0036904376666666654,0.0013237170709606847,0.0009824048523980672,0.0005148750151086779,0.0032930326916666636,3.6954043651128043,0.09971343236895051,0.0006908951497517357,-0.0014607450524317805,-0.0014641832977598944,1.0047334419850436,6.093388404366084e-08,-0.0006005643605702248,0.004098731022095311,0.004098731022095311,0.1766735618323263,0.9976517657772942,6.122231104870488e-08]"
/multi_agv/m2b_algorithm_state,1789558515.5171046,1789558515.5171046,m2b_algorithm_state_v1:header6+3x20,"[1.0,-0.15,0.52,3.696843992721632,0.10125036340397116,1789558515.5169978,3.6954254925947074,0.10107511072701945,0.0036904376666666654,0.0015411274864740804,0.0006966387910518177,0.0005692754547827581,0.004584685874999997,3.6965663426418,0.098482785132074,0.0011408500470926342,-0.0025923255949454604,-0.0026032612388619033,1.0085191636366366,2.2369541909053856e-07,-0.0011771986799961106,0.006837427578109261,0.006837427578109261,0.14191491390734692,0.9957992522021251,2.2560111697053687e-07,3.69640600434158,0.10150175304092218,0.002796189458333334,-0.0009445726584104376,0.001667169201722718,0.0007542934298880033,-0.0017884964166666626,3.6964994734958325,0.09987771878274589,9.346915425245683e-05,-0.0016240342581762962,-0.001628270664135843,1.0052491327388338,-5.367035877993015e-08,-0.0015114342213202719,0.005116924653185846,0.005116924653185846,0.12044512073194846,0.9973982175980584,-5.3952081617306834e-08,3.69571934688673,0.10117410192493691,0.0036904376666666654,0.0013241279640943521,0.000982383350085248,0.0005147080935576738,0.0032930326916666636,3.696400070566431,0.09978157287817399,0.0006807236797010674,-0.0013925290467629164,-0.001395652058619171,1.0045089268844412,5.539026943786352e-08,-0.0005447474589928367,0.0038721000815512274,0.0038721000815512274,0.17663040382743103,0.9977623277686098,5.5640020112868345e-08]"
/multi_agv/m2b_algorithm_state,1789558515.5270767,1789558515.5270767,m2b_algorithm_state_v1:header6+3x20,"[1.0,-0.15,0.52,3.6978437927370593,0.10125036511608038,1789558515.5269334,3.6964192166183882,0.1010752138791659,0.0036904376666666654,0.0015403938418505,0.0006967023103118025,0.0005695604197879566,0.004584685874999997,3.6975637806268837,0.09855725400867393,0.0011445640084954967,-0.0025179598704919703,-0.002528271312787918,1.0082678579024031,2.109344369705915e-07,-0.001097566302168547,0.006524831753137583,0.006524831753137583,0.14193595166032535,0.9959215443992138,2.1267841292218775e-07,3.697399700804023,0.10150168687839245,0.002796189458333334,-0.0009437735394127486,0.0016671242471741898,0.0007539704232638472,-0.0017884964166666626,3.6969474773097857,0.09836932730434812,-0.0004522234942374581,-0.003132359574044327,-0.003148299686297061,1.0102977701845368,-1.9968636616117622e-07,-0.0037135790540938837,0.01348556391632501,0.01348556391632501,0.12045833155001666,0.994936913940527,-2.0174269046888927e-07,3.696713060742484,0.10117418945435515,0.0036904376666666654,0.001323646090214074,0.0009824040852944192,0.0005149061814449375,0.0032930326916666636,3.697437603267131,0.10008018953900154,0.0007245425246469317,-0.0010939999153536106,-0.0010959231019999967,1.0035303881425617,3.4167506576941106e-08,-0.0001902449461913321,0.0024869074768581476,0.0024869074768581476,0.1766714895443884,0.9982451445335202,3.428813113702124e-08]"
/multi_agv/m2b_algorithm_state,1789558515.5369549,1789558515.5369549,m2b_algorithm_state_v1:header6+3x20,"[1.0,-0.15,0.52,3.6988419931292476,0.10125037691889956,1789558515.5368454,3.6974190171160117,0.10107521843880926,0.0036904376666666654,0.0015403611456584337,0.0006967046701452867,0.0005695733647625433,0.004584685874999997,3.6981167372073083,0.0986486239603298,0.0006977200912965387,-0.0024265944784794546,-0.002436164607104703,1.007959682487989,1.9588855142443585e-07,-0.0015640144929840298,0.008127039586214916,0.008127039586214916,0.14193540538394336,0.9960716412194239,1.974477620968065e-07,3.6983995002769467,0.10150168368178938,0.002796189458333334,-0.000943737613338008,0.0016671226196622868,0.0007539556971270095,-0.0017884964166666626,3.6979275622975343,0.09836932730434812,-0.0004719379794124734,-0.0031323563774412616,-0.0031482964574594398,1.0102977597447607,-1.996783597954375e-07,-0.0037382189317250315,0.013572079774537248,0.013572079774537248,0.12045798853677928,0.9949369189866443,-2.017345995708388e-07,3.6977128608182195,0.1011741932276425,0.0036904376666666654,0.0013236250361740132,0.000982404724824205,0.0005149149748873228,0.0032930326916666636,3.6980531444693234,0.099708209512919,0.0003402836511039453,-0.0014659837147234928,-0.0014694468014180815,1.0047506971502365,6.13676667952218e-08,-0.00104409223753815,0.005667180064077156,0.005667180064077156,0.17667042266223962,0.9976432718140958,6.165920599498252e-08]"
/multi_agv/m2b_algorithm_state,1789558515.5469422,1789558515.5469422,m2b_algorithm_state_v1:header6+3x20,"[1.0,-0.15,0.52,3.6998430815363474,0.10125036999911714,1789558515.5468526,3.6984172212266877,0.1010752468506133,0.0036904376666666654,0.0015401599375770366,0.0006967234515771628,0.000569650810976163,0.004584685874999997,3.69910859101719,0.0986486239603298,0.0006913697905024385,-0.002426622890283489,-0.0024361932414170475,1.0079597752080167,1.9586752819890197e-07,-0.0015719810032889994,0.008154883360683415,0.008154883360683415,0.14194053077997773,0.9960715960577939,1.974265896939151e-07,3.699397696155697,0.10150166622936385,0.002796189458333334,-0.0009435188901210337,0.0016671090793480836,0.0007538679313928986,-0.0017884964166666626,3.698807924930559,0.09722354678975145,-0.000589771225137703,-0.004278119439612399,-0.004308110969709027,1.0142463758653673,-3.7265460002140574e-07,-0.005045325001131156,0.018586584382651487,0.018586584382651487,0.1204612068975204,0.9930383571111553,-3.7796357752126877e-07,3.698711062005358,0.10117421767672151,0.0036904376666666654,0.001323491332176427,0.0009824111310228426,0.0005149695981132053,0.0032930326916666636,3.6990556517878406,0.099708209512919,0.00034458978248252947,-0.001466008163802504,-0.0014694713655092834,1.0047507761319714,6.136350867697733e-08,-0.0010387341374061216,0.005648135677991379,0.005648135677991379,0.1766804332191924,0.9976432329420866,6.165503296937393e-08]"
/multi_agv/m2b_algorithm_state,1789558515.5569472,1789558515.5569472,m2b_algorithm_state_v1:header6+3x20,"[1.0,-0.15,0.52,3.700841693542658,0.10125037904270943,1789558515.5568464,3.6994183075433655,0.10107522963714384,0.0036904376666666654,0.0015402824239458043,0.0006967128344911085,0.0005696032406872718,0.004584685874999997,3.7001540393858225,0.09960869001173314,0.0007357318424570103,-0.0014665396254106983,-0.0014700099682302238,1.004758839946505,7.149941258480784e-08,-0.000550345165158961,0.004140465509983296,0.004140465509983296,0.14193541633292892,0.9976392385803319,7.183966684556806e-08,3.7003987870561295,0.10150167727574708,0.002796189458333334,-0.0009436522094933902,0.001667116559346038,0.0007539218298898143,-0.0017884964166666626,3.6999469018348474,0.09929123706564537,-0.00045188522128203346,-0.002210440210101708,-0.002218323137362748,1.0071919216672274,-9.93681708328134e-08,-0.0027831796639652896,0.00984592384953796,0.00984592384953796,0.12045799541391024,0.9964464477116658,-1.0008281893365866e-07,3.6997121500095473,0.1011742030844605,0.0036904376666666654,0.001323571717343353,0.0009824076375118066,0.000514936571466069,0.0032930326916666636,3.700037284644924,0.10026902847009199,0.0003251346353767559,-0.0009051746143685091,-0.0009064893329573722,1.002914815751758,2.3386378034999563e-08,-0.0005000710387364273,0.003499207231313026,0.003499207231313026,0.1766704440374986,0.9985496590626458,2.3454545018072548e-08]"
/multi_agv/m2b_algorithm_state,1789558515.566913,1789558515.566913,m2b_algorithm_state_v1:header6+3x20,"[1.0,-0.15,0.52,3.701841711623956,0.10125037887413178,1789558515.5668013,3.7004169224405525,0.10107525108122269,0.0036904376666666654,0.0015401309094978614,0.0006967274555138118,0.0005696613108074232,0.004584685874999997,3.7012847632070733,0.10074907057500668,0.0008678407665207999,-0.0003261805062160089,-0.00032635070867368965,1.0010448938701717,3.5338513673286275e-09,0.0007584502494773103,-0.001002616439691388,-0.001002616439691388,0.14193908226173846,0.9994784676326506,3.537543866960447e-09,3.7013973955246575,0.10150166439545794,0.002796189458333334,-0.0009434877388114385,0.001667105945999392,0.000753856058245489,-0.0017884964166666626,3.700997603753302,0.09947979329333725,-0.00039979177135540667,-0.0020218711021206814,-0.002028457061340876,1.0065644204062263,-8.311262831328416e-08,-0.0025281967755351343,0.008870546219356389,0.008870546219356389,0.1204602973388239,0.9967532173366092,-8.365821454659898e-08,3.700710762662763,0.1011742216514477,0.0036904376666666654,0.0013234705288098516,0.0009824127266126357,0.0005149777856107676,0.0032930326916666636,3.701135562060271,0.10022847116795153,0.0004247993975079467,-0.0009457504834961689,-0.0009471861516809162,1.0030468727554394,2.552878857137757e-08,-0.00041618690479598285,0.0032202123628512153,0.0032202123628512153,0.17667760402080687,0.9984842808541915,2.560657154175507e-08]"
/multi_agv/m2b_algorithm_state,1789558515.5770023,1789558515.5770023,m2b_algorithm_state_v1:header6+3x20,"[1.0,-0.15,0.52,3.7028430150071436,0.10125037053591107,1789558515.576895,3.701416940588433,0.10107524981037884,0.0036904376666666654,0.0015401408206200183,0.0006967278075707738,0.0005696568316316402,0.004584685874999997,3.702260497438631,0.10015434221633546,0.0008435568501981017,-0.0009209075940433825,-0.0009222703895629507,1.0029699559103504,2.8180311222055988e-08,0.0001321756731846764,0.0014856155196820932,0.0014856155196820932,0.14193776277570877,0.9985223470958294,2.826400550392545e-08,3.702397413450639,0.10150166593907954,0.002796189458333334,-0.0009434990297244915,0.0016671054800485585,0.0007538611948432888,-0.0017884964166666626,3.701990597620184,0.09947979329333725,-0.0004068158304550984,-0.002021872645742287,-0.002028458614958595,1.006564425396262,-8.311374934357733e-08,-0.002536978403027468,0.008901484372924595,0.008901484372924595,0.12045946881182963,0.9967532148954183,-8.365934335054687e-08,3.7017107808327965,0.10117422087293695,0.0036904376666666654,0.0013234756980290813,0.0009824130989085416,0.0005149753513129214,0.0032930326916666636,3.7020154373527947,0.0988872606133446,0.0003046565199982254,-0.002286960259592352,-0.0022954404971104883,1.0074800018899293,1.494125493886711e-07,-0.0019146198471127066,0.009085638080657057,0.009085638080657057,0.17667502691862216,0.9963056164911216,1.505301555404775e-07]"
/multi_agv/m2b_algorithm_state,1789558515.586989,1789558515.586989,m2b_algorithm_state_v1:header6+3x20,"[1.0,-0.15,0.52,3.703841565267709,0.10125037996801038,1789558515.5868366,3.702418241424315,0.10107522915061998,0.0036904376666666654,0.0015402878076437444,0.0006967149115297388,0.0005695998267216478,0.004584685874999997,3.703264263085339,0.10015434221633546,0.00084602166102421,-0.0009208869342845205,-0.0009222496688253332,1.002969889414001,2.8181738451920664e-08,0.00013527740745492923,0.0014747783329475998,0.0014747783329475998,0.14193188638083554,0.9985223800160878,2.8265435098617166e-08,3.70339871987847,0.10150167914661846,0.002796189458333334,-0.0009436591080979927,0.0016671146139795034,0.0007539258321221792,-0.0017884964166666626,3.702876308192017,0.09831263947806354,-0.0005224116864530615,-0.0031890396685549244,-0.0032055689300586753,1.0104907873624234,-2.0696081118151334e-07,-0.003858583538125002,0.014016726032163761,0.014016726032163761,0.12045577881809832,0.9948435794505133,-2.0913199304397324e-07,3.702712083718646,0.10117420331049477,0.0036904376666666654,0.0013235724057498745,0.0009824088477025763,0.0005149356435977439,0.0032930326916666636,3.7030065040694664,0.0988872606133446,0.00029442035082061224,-0.002286942697150171,-0.0022954228052992198,1.0074799447257767,1.494211825352205e-07,-0.0019273973667734545,0.00913071335684742,0.00913071335684742,0.17666354974119353,0.996305644376508,1.5053884472144415e-07]"
/multi_agv/m2b_algorithm_state,1789558515.5970466,1789558515.5970466,m2b_algorithm_state_v1:header6+3x20,"[1.0,-0.15,0.52,3.70484317688974,0.10125036963669659,1789558515.5969083,3.7034167946759835,0.1010752515787397,0.0036904376666666654,0.0015401293342311804,0.00069673007123967,0.0005696606330663709,0.004584685874999997,3.70422451826742,0.09991634746269071,0.0008077235914365488,-0.0011589041160489921,-0.0011610662015133979,1.0037475557904816,4.463505546376179e-08,-0.00015141171221771184,0.00259492449709216,0.00259492449709216,0.1419357710179954,0.9981378448002469,4.480232782432348e-08,3.704397266483172,0.10150166563585808,0.002796189458333334,-0.0009434871600023202,0.0016671036463900002,0.0007538570035430792,-0.0017884964166666626,3.704140537288448,0.09974991649046583,-0.00025672919472397027,-0.0017517491453922507,-0.0017566828185832007,1.005670105003255,-6.23771864792193e-08,-0.0020775943119881635,0.0071696521751110544,0.0071696521751110544,0.12045821813583098,0.9971914832098551,-6.27308716763641e-08,3.7037106346439708,0.10117422268943338,0.0036904376666666654,0.0013234667712772059,0.0009824141187119387,0.0005149786902619372,0.0032930326916666636,3.704390669821463,0.10099155845594522,0.0006800351774920443,-0.0001826642334881584,-0.00018271748177765235,1.0005834205721342,9.518172204654245e-10,0.000667326490087403,-0.0009618554317967678,-0.0009618554317967678,0.17667113679391602,0.9997085758353504,9.523725302127556e-10]"
/multi_agv/m2b_algorithm_state,1789558515.6070359,1789558515.6070359,m2b_algorithm_state_v1:header6+3x20,"[1.0,-0.15,0.52,3.705841423195442,0.10125038103059582,1789558515.6068754,3.7044184031163554,0.10107522612831754,0.0036904376666666654,0.0015403102696791046,0.0006967139761575145,0.0005695905769007799,0.004584685874999997,3.7055617721821,0.09990386932282624,0.0011433690657445261,-0.001171356805491297,-0.0011735658128869998,1.0037883576335336,4.5605185862794735e-08,0.00025564551929365786,0.0011616529122207848,0.0011616529122207848,0.14192880203556937,0.9981176961944142,4.5777954616786774e-08,3.705398881920906,0.10150168178485278,0.002796189458333334,-0.000943684166081793,0.0016671150934981505,0.0007539364444685698,-0.0017884964166666626,3.705478191748481,0.1025778041982523,7.930982757509142e-05,0.0010761224133995217,0.001074299975591233,0.9966267876823729,-2.3498693822069982e-08,0.0011734372600600972,-0.005610954290062434,-0.005610954290062434,0.12045384200989491,1.0016963956527,-2.3419427738621227e-08,3.704712245631958,0.10117420099691944,0.0036904376666666654,0.0013235860791120557,0.0009824087742497994,0.0005149297549458193,0.0032930326916666636,3.705491615426493,0.10125437786169507,0.0007793697945350786,8.017686477562735e-05,8.016662632654364e-05,0.9997446808042423,1.8335963091219545e-10,0.0010543788694953918,-0.002456611564746057,-0.002456611564746057,0.17665752593418738,1.0001277146058514,1.833128156786965e-10]"
/multi_agv/m2b_algorithm_state,1789558515.6169906,1789558515.6169906,m2b_algorithm_state_v1:header6+3x20,"[1.0,-0.15,0.52,3.7068421453376694,0.10125037633969364,1789558515.61687,3.7054166530122434,0.10107525335912892,0.0036904376666666654,0.0015401177256356316,0.0006967321818467369,0.0005696645670870026,0.004584685874999997,3.7065480396960075,0.10003845257843597,0.0011313866837641129,-0.0010368007806929591,-0.0010385296760468178,1.0033480927318796,3.572171025512547e-08,0.00037570367865832335,0.0006762867257422472,0.0006762867257422472,0.14193376413919523,0.9983352470384479,3.5841309853600965e-08,3.7063971238500133,0.10150166526173568,0.002796189458333334,-0.0009434751973366887,0.0016671019637128914,0.0007538526934195572,-0.0017884964166666626,3.7064908057756947,0.1025778041982523,9.368192568137701e-05,0.0010761389365166185,0.0010743164425618577,0.9966267357644094,-2.349421323889487e-08,0.001191418849663579,-0.005674828243365339,-0.005674828243365339,0.12045695794658984,1.0016964219130955,-2.3414961049632768e-08,3.7057104927240703,0.10117422447092288,0.0036904376666666654,0.001323457984310487,0.0009824150691066348,0.0005149820047222263,0.0032930326916666636,3.7062743287971864,0.098894042056234,0.000563836073116164,-0.002280182414688872,-0.0022886120305627357,1.0074572647215863,1.4852558311958905e-07,-0.0015838169391675307,0.0079180956902803,0.0079180956902803,0.17666721716727657,0.9963167125920461,1.496331777108398e-07]"
/multi_agv/m2b_algorithm_state,1789558515.6270616,1789558515.6270616,m2b_algorithm_state_v1:header6+3x20,"[1.0,-0.15,0.52,3.7078416084734465,0.10125037980997037,1789558515.6268752,3.7064173737667168,0.10107524129447368,0.0036904376666666654,0.0015402040673976446,0.0006967252043296845,0.000569630770869356,0.004584685874999997,3.707553640626863,0.10003845257843597,0.001136266860146229,-0.001036788716037712,-0.0010385175712789836,1.003348053858813,3.572288318126266e-08,0.0003818160039038025,0.0006547493808385027,0.0006547493808385027,0.14192994868376205,0.9983352662592484,3.584248531814562e-08,3.7073978476113907,0.1015016733698558,0.002796189458333334,-0.0009435696079678974,0.0016671068211628892,0.0007538910904864998,-0.0017884964166666626,3.7075219326346995,0.1025778041982523,0.00012408502330885085,0.0010761308283964988,0.0010743083619936906,0.9966267612412665,-2.349620943307214e-08,0.0012294146411297542,-0.005810312196610501,-0.005810312196610501,0.12045456205092157,1.0016964090267584,-2.3416951108729184e-08,3.7067112146349017,0.10117421435475142,0.0036904376666666654,0.0013235141857810338,0.0009824129156877472,0.0005149587637062365,0.0032930326916666636,3.7072684259486777,0.098894042056234,0.0005572113137759516,-0.002280172298517416,-0.0022886018400962303,1.0074572317964214,1.4853057834963733e-07,-0.0015920876978762909,0.007947267274427454,0.007947267274427454,0.17665976535428654,0.996316728654531,1.4963820530124712e-07]"
/multi_agv/m2b_algorithm_state,1789558515.6371677,1789558515.6371677,m2b_algorithm_state_v1:header6+3x20,"[1.0,-0.15,0.52,3.7088424659688735,0.10125037430661481,1789558515.6370444,3.7074168380397388,0.10107524912500543,0.0036904376666666654,0.0015401492762183119,0.0006967310193929598,0.0005696514958775292,0.004584685874999997,3.708019697382585,0.10036721360781244,0.0006028593428464291,-0.0007080355171929925,-0.0007088398048355606,1.0022779523967231,1.665568757077663e-08,4.473437372247576e-05,0.001699618880858703,0.001699618880858703,0.14193059677327202,0.9988653463912701,1.669362843419755e-08,3.7083973093211484,0.10150166905106565,0.002796189458333334,-0.0009435105663339171,0.0016671025431058695,0.000753867723285867,-0.0017884964166666626,3.707583779167622,0.1008470824395781,-0.000813530153526365,-0.0006545866114875537,-0.0006552698297725704,1.0020926490506248,-8.703708671473444e-09,-0.0016721825216805268,0.005272906500122731,0.005272906500122731,0.1204549690132182,0.9989573481732651,-8.721922479161718e-09,3.707710678059452,0.10117422125384001,0.0036904376666666654,0.001323477091106922,0.0009824150726609696,0.0005149737208380314,0.0032930326916666636,3.707851201405985,0.10169754950836,0.00014052334653280596,0.0005233282545199919,0.0005228935153403104,0.9983418494254446,7.808753831323943e-09,0.0006985476985063179,-0.0013968480816134647,-0.0013968480816134647,0.17666103109016879,1.0008314105394833,7.795805741671971e-09]"
/multi_agv/m2b_algorithm_state,1789558515.6471405,1789558515.6471405,m2b_algorithm_state_v1:header6+3x20,"[1.0,-0.15,0.52,3.7098422651554266,0.1012503757158331,1789558515.6470463,3.7084176938535984,0.10107523531189057,0.0036904376666666654,0.0015402478314245193,0.0006967225622585005,0.000569613175258471,0.004584685874999997,3.7090237106717647,0.10035137096651958,0.0006060168181662995,-0.0007238643453709864,-0.0007247050968086256,1.0023292953021183,1.741002553447084e-08,3.2815925899248714e-05,0.0017490169709118983,0.0017490169709118983,0.14192630165110545,0.9988398709470354,1.7450578625158043e-08,3.709398168811164,0.10150167805836033,0.002796189458333334,-0.0009436181746853194,0.0016671085268695762,0.0007539112552366056,-0.0017884964166666626,3.708835787132397,0.1044513040062197,-0.0005623816787667657,0.0029496259478593717,0.0029361277551027383,0.9909503702480268,-1.762876960342773e-07,0.002233150656644281,-0.010291265870468129,-0.010291265870468129,0.12045227188949131,1.0045972770541658,-1.746923576553387e-07,3.70871153524186,0.10117420954959348,0.0036904376666666654,0.0013235417950424005,0.0009824123534564189,0.0005149470886312464,0.0032930326916666636,3.7088849325125506,0.10125367399981608,0.00017339727069076716,7.946445022259663e-05,7.945439286040861e-05,0.9997469474373251,1.8010966692242675e-10,0.00029620098122386756,0.00023596392009390997,0.00023596392009390997,0.17665264271768652,1.0001265803164048,1.800640897096495e-10]"
/multi_agv/m2b_algorithm_state,1789558515.657004,1789558515.657004,m2b_algorithm_state_v1:header6+3x20,"[1.0,-0.15,0.52,3.7108417542209016,0.1012503790522062,1789558515.6568694,3.7094174934805593,0.10107523847974986,0.0036904376666666654,0.0015402257940230167,0.0006967248448090046,0.0005696215402934078,0.004584685874999997,3.709988753327318,0.1001555724925452,0.0005712598467586538,-0.0009196659872046653,-0.0009210250979256991,1.0029659105574338,2.8105902781730557e-08,-0.00020695028947738186,0.002685080979603724,0.002685080979603724,0.14192575840083413,0.998524349961695,2.81892623755171e-08,3.7103979674450738,0.1015016763440332,0.002796189458333334,-0.0009435945671787036,0.001667106868941115,0.0007539018846002971,-0.0017884964166666626,3.7098769915729535,0.1044513040062197,-0.0005209758721202995,0.0029496276621864964,0.002936129453598459,0.9909503649527132,-1.7628349171509388e-07,0.0022849096134480848,-0.010476857500089745,-0.010476857500089745,0.12045193074609233,1.0045972797866574,-1.7468819045021086e-07,3.709711334540647,0.10117421232371625,0.0036904376666666654,0.0013235269789919723,0.0009824132100068276,0.0005149530652717098,0.0032930326916666636,3.709698746568727,0.09912299295389379,-1.2587971920385854e-05,-0.0020512193698224573,-0.0020580293241474483,1.0066911923957278,1.2018306266821706e-07,-0.0020737642890479306,0.009547798137005382,0.009547798137005382,0.17665158176084775,0.9966910314420269,1.2098723066323793e-07]"
/multi_agv/m2b_algorithm_state,1789558515.6670432,1789558515.6670432,m2b_algorithm_state_v1:header6+3x20,"[1.0,-0.15,0.52,3.7118383819856375,0.10125040040510479,1789558515.6669004,3.710416983613394,0.10107524612717457,0.0036904376666666654,0.0015401721902270301,0.000696730318466176,0.0005696419282011753,0.004584685874999997,3.7110016392515375,0.1001555724925452,0.000584655638143694,-0.0009196736346293727,-0.0009210327678921137,1.002965935171472,2.8105391193317534e-08,-0.0001902132202124962,0.0026258095863072738,0.0026258095863072738,0.14192631452400462,0.9985243377758952,2.8188749961565772e-08,3.7113974551821105,0.10150167202166197,0.002796189458333334,-0.0009435367788007154,0.0016671028836268142,0.0007538789083672975,-0.0017884964166666626,3.710933320771233,0.1044513040062197,-0.00046413441087755913,0.002949631984557735,0.0029361337360535823,0.9909503516015199,-1.762732151293183e-07,0.0023559657224566334,-0.010731618345099132,-0.010731618345099132,0.12045227998432222,1.0045972866761497,-1.7467800451032834e-07,3.7107108238672004,0.10117421900778206,0.0036904376666666654,0.0013234909397247178,0.000982415211757859,0.0005149676456644289,0.0032930326916666636,3.7107011898859668,0.09912299295389379,-9.633981233658773e-06,-0.002051226053888272,-0.0020580360523266947,1.0066912141046729,1.2018057018053296e-07,-0.002070078528868768,0.009534777105530304,0.009534777105530304,0.17665266790560685,0.9966910208250609,1.2098472410683256e-07]"
/multi_agv/m2b_algorithm_state,1789558515.677234,1789558515.677234,m2b_algorithm_state_v1:header6+3x20,"[1.0,-0.15,0.52,3.712843546559776,0.10125036671418793,1789558515.6771207,3.7114136182080766,0.10107529641155907,0.0036904376666666654,0.0015398173444949154,0.0006967650499322352,0.0005697776735778341,0.004584685874999997,3.7123437375618815,0.10031033978141476,0.0009301193538049368,-0.0007649566301443089,-0.0007658958367427708,1.0024626657555264,1.9437904353293943e-08,0.0003967533555134002,0.00047855668665371695,0.00047855668665371695,0.1419370148957577,0.9987737149708813,1.9485773414704e-08,3.7123940745522392,0.10150164217891673,0.002796189458333334,-0.0009431522343557948,0.0016670776998051196,0.0007537253214358469,-0.0017884964166666626,3.711853015731013,0.10293390841127041,-0.0005410588212262368,0.0014322662323536794,0.0014290466268729446,0.9955286357699067,-4.159211002217919e-08,0.0007527231003401486,-0.004276056962676628,-0.004276056962676628,0.12045899919619624,1.0022529744097852,-4.140613654917191e-08,3.711707453196597,0.10117426262483854,0.0036904376666666654,0.0013232536464987022,0.0009824274779040246,0.0005150641226904363,0.0032930326916666636,3.7122787093951315,0.10314007421214927,0.0005712561985347087,0.0019658115873107257,0.001959743977264405,0.9938729001903637,1.1004952389654504e-07,0.002673814225432791,-0.009124146474581587,-0.009124146474581587,0.17667356620925523,1.0030961238389875,1.0937523947962795e-07]"
/multi_agv/m2b_algorithm_state,1789558515.687417,1789558515.687417,m2b_algorithm_state_v1:header6+3x20,"[1.0,-0.15,0.52,3.71384399008909,0.10125036429434685,1789558515.6872976,3.712418772355276,0.1010752137941565,0.0036904376666666654,0.0015404042056147683,0.0006967123803648604,0.0005695506896611882,0.004584685874999997,3.713398638985791,0.1007544636186923,0.0009798666305149695,-0.00032075017546420725,-0.00032091475128984126,1.0010274356033038,3.4177600443881904e-09,0.0009039185368538706,-0.0015206565519786915,-0.0015206565519786915,0.14191745088837138,0.9994871665295143,3.421271572741344e-09,3.713399251660012,0.10150169427625595,0.002796189458333334,-0.0009437910938202023,0.0016671153007088435,0.0007539826862040799,-0.0017884964166666626,3.713129553088015,0.10345679461295504,-0.0002696985719969902,0.0019551003366990866,0.0019491249323410806,0.9939328039596558,-7.752271348554373e-08,0.0016120017173448429,-0.007590395051194156,-0.007590395051194156,0.12044671390885975,1.0030656856617337,-7.70523679852475e-08,3.7127126156640387,0.10117419207215132,0.0036904376666666654,0.0013236412053981507,0.0009824099176042322,0.0005149052651895842,0.0032930326916666636,3.713218106506763,0.1013835797576448,0.0005054908427242211,0.00020938768549347286,0.00020931792426795722,0.9993341919766082,1.2505076736637482e-09,0.0008411814776732335,-0.0017590555110556885,-0.0017590555110556885,0.17663535809284409,1.000333278794731,1.2496750756213099e-09]"
/multi_agv/m2b_algorithm_state,1789558515.6970322,1789558515.6970322,m2b_algorithm_state_v1:header6+3x20,"[1.0,-0.15,0.52,3.7148428900335815,0.10125037175238683,1789558515.6969016,3.7134192149644387,0.10107520871082733,0.0036904376666666654,0.0015404397316036858,0.0006967077597437304,0.0005695376940248879,0.004584685874999997,3.714565013914656,0.10041461919388736,0.0011457989502172694,-0.0006605895169399661,-0.0006612893741636973,1.002124166885327,1.4500520284946851e-08,0.0007709593136078894,-0.0008933924759393958,-0.0008933924759393958,0.14191462383833767,0.9989416778023746,1.4531321809956146e-08,3.7143996963762684,0.1015016967926053,0.002796189458333334,-0.000943829530094812,0.0016671188615347,0.0007539974947753797,-0.0017884964166666626,3.7142277908258117,0.10429274822543712,-0.00017190555045676348,0.0027910514328318148,0.002778950970940154,0.9914212690420154,-1.5789672188171182e-07,0.0025640690328691995,-0.011400729971420453,-0.011400729971420453,0.12044493855822241,1.0043543272329007,-1.565421683855409e-07,3.7137130589265634,0.1011741873796079,0.0036904376666666654,0.0013236663123942804,0.0009824081172034706,0.0005148953187721853,0.0032930326916666636,3.7141108205046818,0.10007796857537704,0.00039776157811832746,-0.0010962188042308585,-0.001098149832512592,1.0035376373363813,3.4306822924910546e-08,-0.0006009478598646826,0.003940193540622951,0.003940193540622951,0.17662983733711635,0.9982415621033104,3.442818802258233e-08]"
/multi_agv/m2b_algorithm_state,1789558515.7072268,1789558515.7072268,m2b_algorithm_state_v1:header6+3x20,"[1.0,-0.15,0.52,3.7158486027346114,0.10125033546015542,1789558515.7069764,3.7144181171141426,0.10107522731934597,0.0036904376666666654,0.0015403075103621847,0.0006967189664053733,0.0005695891773095704,0.004584685874999997,3.7155224833968488,0.09950042367034631,0.0011043662827061596,-0.0015748036489996592,-0.001578808550143049,1.005116388655239,8.245300020993807e-08,-0.00019835069676034964,0.002945439530833076,0.002945439530833076,0.14191726804172644,0.9974633395904607,8.287486180480262e-08,3.715398593703736,0.10150168483303779,0.002796189458333334,-0.0009436857200444265,0.0016671110104637954,0.0007539392419529112,-0.0017884964166666626,3.715258932825511,0.10354072519782642,-0.00013966087822492312,0.0020390403647886357,0.002032544997968479,0.9936783943034652,-8.430766910746797e-08,0.001857968900187325,-0.008509538021911406,-0.008509538021911406,0.12044659907126012,1.0031956816831356,-8.377470926617663e-08,3.7147119592828655,0.10117420310477669,0.0036904376666666654,0.0013235798091738248,0.0009824117629127164,0.0005149309181883286,0.0032930326916666636,3.715293591195921,0.10226212939038665,0.0005816319130556025,0.0010879262856099553,0.0010860555030665756,0.9965749977874779,3.37357084080529e-08,0.0018130953943860787,-0.005628819788409643,-0.005628819788409643,0.17663500096295398,1.0017225478238427,3.362016353211432e-08]"
/multi_agv/m2b_algorithm_state,1789558515.717159,1789558515.717159,m2b_algorithm_state_v1:header6+3x20,"[1.0,-0.15,0.52,3.7168403573619138,0.10125038881709521,1789558515.7170196,3.7154238182132255,0.10107514105558323,0.0036904376666666654,0.0015409175756175126,0.0006966601611235737,0.0005693553268299012,0.004584685874999997,3.7164598928352723,0.09933182881137492,0.001036074622046801,-0.0017433122442083032,-0.001748226310204135,1.00567462301319,1.0109397529835707e-07,-0.0004531330326456339,0.003919412656362234,0.003919412656362234,0.14189576724116526,0.9971891133504002,1.0166764549707999e-07,3.716404320601276,0.10150173684448366,0.002796189458333334,-0.0009443479751353487,0.0016671535999934761,0.0007542041529847582,-0.0017884964166666626,3.716284494182849,0.10354072519782642,-0.00011982641842722686,0.0020389883533427633,0.0020324933199313898,0.9936785562993333,-8.436251339893756e-08,0.0018827102968973562,-0.008598629679325306,-0.008598629679325306,0.12043309643336547,1.00319559889702,-8.382922052003943e-08,3.715717669389333,0.10117412848039933,0.0036904376666666654,0.0013239869828482013,0.0009823912619518543,0.0005147650880281242,0.0032930326916666636,3.7164872208854525,0.10424111398210698,0.0007695514961194583,0.003066985501707642,0.003052339275580405,0.9905604752705923,2.6779907710065074e-07,0.004014278645729728,-0.014471623579850764,-0.014471623579850764,0.1765930168747295,1.0047983611272873,2.6527118108984657e-07]"
/multi_agv/m2b_algorithm_state,1789558515.7269447,1789558515.7269447,m2b_algorithm_state_v1:header6+3x20,"[1.0,-0.15,0.52,3.7178366740636513,0.10125041181179,1789558515.726786,3.7164155893222603,0.10107527138704707,0.0036904376666666654,0.0015399927733397898,0.0006967435924795312,0.0005697127935026551,0.004584685874999997,3.7175059588633443,0.09986675618848803,0.0010903695410839909,-0.0012085151985590376,-0.0012108672367167961,1.003910170294532,4.8535713133653716e-08,0.00015209468963819244,0.0015440601826845256,0.0015440601826845256,0.14192373561408794,0.9980575590069344,4.872549603737285e-08,3.7173960553794947,0.1015016551941914,0.002796189458333334,-0.0009433421367283533,0.0016670940527423461,0.0007537991312885489,-0.0017884964166666626,3.7167799937273225,0.1025774261244875,-0.0006160616521722062,0.0010757709302961077,0.0010739496772642339,0.9966278746946017,-2.3474843529900827e-08,0.0003038726120489761,-0.0025118649447754514,-0.0025118649447754514,0.12045066053418235,1.0016958457834946,-2.3395683415993383e-08,3.7167094273839867,0.10117423987004717,0.0036904376666666654,0.0013233759650378226,0.0009824192584068966,0.0005150153777865184,0.0032930326916666636,3.7174007685210273,0.10234507447515216,0.0006913411370406131,0.0011708346051049895,0.001168669183248244,0.9963174662914291,3.9065098784475055e-08,0.0020328456045490104,-0.006451786041185136,-0.006451786041185136,0.1766476314255206,1.0018528954881198,3.892124024137258e-08]"
/multi_agv/m2b_algorithm_state,1789558515.7373805,1789558515.7373805,m2b_algorithm_state_v1:header6+3x20,"[1.0,-0.15,0.52,3.7188378393113144,0.10125040334013076,1789558515.7371728,3.717411913530986,0.1010753246272034,0.0036904376666666654,0.0015396178784459632,0.0006967817802944862,0.0005698554315505501,0.004584685874999997,3.7182854853357163,0.1003892923048602,0.0008735718047301333,-0.0006860323223431969,-0.0006867872718984533,1.0022066108195269,1.563093720659427e-08,0.0004051774840142133,0.00041277949602853384,0.00041277949602853384,0.14193553847466953,0.9989007519705926,1.5665428601753685e-08,3.7183923627766413,0.10150162439042844,0.002796189458333334,-0.0009429363022909806,0.0016670661389710517,0.000753637735915344,-0.0017884964166666626,3.717802894179397,0.1025774261244875,-0.0005894685972442915,0.0010758017340590648,0.0010739803763875704,0.9966277779044864,-2.3466091020388082e-08,0.0003371446298322061,-0.002630033808495009,-0.002630033808495009,0.12045807209943121,1.0016958947402939,-2.3386958149753797e-08,3.7177057458833254,0.10117428641773814,0.0036904376666666654,0.0013231235657375014,0.0009824330076594117,0.0005151176312672805,0.0032930326916666636,3.717805514314835,0.10098429131126038,9.97684315096059e-05,-0.00018999510647775553,-0.00019005271770629355,1.000606884901289,1.0294868725467876e-09,-6.534217831928618e-05,0.0016403766845562086,0.0016403766845562086,0.17667068255896376,0.9996968671154335,1.0301116525858115e-09]"
/multi_agv/m2b_algorithm_state,1789558515.7473423,1789558515.7473423,m2b_algorithm_state_v1:header6+3x20,"[1.0,-0.15,0.52,3.7198418129864046,0.10125037721614942,1789558515.7471266,3.718413076527149,0.10107530102606647,0.0036904376666666654,0.0015397883703164748,0.0006967706322529741,0.0005697873290639115,0.004584685874999997,3.719288811701801,0.09986513241793082,0.0008757351746520037,-0.0012101686081356505,-0.0012125271149489797,1.0039155913999345,4.866219890174203e-08,-0.00011785814663397513,0.0024987734198901007,0.0024987734198901007,0.14193015196438444,0.9980548832399277,4.8852740189263593e-08,3.719393530475821,0.10150164174230784,0.002796189458333334,-0.000943123851704631,0.0016670734935213538,0.0007537152065312525,-0.0017884964166666626,3.7189538761028733,0.10366673471311667,-0.0004396543729479063,0.0021650929708088296,0.002157776712923778,0.9932972776091015,-9.498813806784587e-08,0.001608208746738895,-0.007675952966275794,-0.007675952966275794,0.1204546897089762,1.0033906464191737,-9.435145894794876e-08,3.718706910930972,0.10117426725201796,0.0036904376666666654,0.0013232317257416775,0.000982430208283547,0.000515072204282976,0.0032930326916666636,3.7189845748969446,0.10340594065478438,0.00027766396597250775,0.002231673402766421,0.002223869373648485,0.9930653597240524,1.4179880447467648e-07,0.0025709493311141195,-0.008886047530577265,-0.008886047530577265,0.17666016240854188,1.0035092120114648,1.4081548077408517e-07]"
/multi_agv/m2b_algorithm_state,1789558515.7573206,1789558515.7573206,m2b_algorithm_state_v1:header6+3x20,"[1.0,-0.15,0.52,3.720843618294595,0.1012503658071076,1789558515.7571778,3.719417042182366,0.10107523632455982,0.0036904376666666654,0.0015402486766167467,0.0006967302191521966,0.0005696088262250876,0.004584685874999997,3.72049374178513,0.09884450695579412,0.0010766996027640197,-0.0022307293687656993,-0.0022388050123790916,1.0073011205545879,1.6550864232450674e-07,-0.0008929305089240671,0.0056810045963620135,0.0056810045963620135,0.14191481084251897,0.9963928776428768,1.6671704087494412e-07,3.720397513734145,0.10150168311715829,0.002796189458333334,-0.0009436255090498947,0.001667102243221752,0.0007539177030266159,-0.0017884964166666626,3.71998233542895,0.10366673471311667,-0.0004151783051953295,0.002165051595958381,0.002157735619533923,0.9932974063279203,-9.503501590359556e-08,0.001638762738039761,-0.0077857168933064495,-0.0077857168933064495,0.12044505599917874,1.003390580550382,-9.439803480737412e-08,3.7197108830427026,0.10117421220673015,0.0036904376666666654,0.00132353479495521,0.0009824169545258332,0.0005149477296827049,0.0032930326916666636,3.7202109876698684,0.10556927231282438,0.000500104627165765,0.004395060106094237,0.004365285942139114,0.9866781120881857,5.49185854833014e-07,0.00499041672609632,-0.018664269162558245,-0.018664269162558245,0.1766302025174236,1.0068206675003133,5.418696624321746e-07]"
/multi_agv/m2b_algorithm_state,1789558515.767196,1789558515.767196,m2b_algorithm_state_v1:header6+3x20,"[1.0,-0.15,0.52,3.721844551197224,0.10125036032229455,1789558515.7670984,3.7204188438011365,0.1010752090827912,0.0036904376666666654,0.0015404417013802013,0.0006967116444084095,0.0005695348196305014,0.004584685874999997,3.7214868037827635,0.09884450695579412,0.0010679599816270091,-0.0022307021269970806,-0.002238777574664867,1.0073010318127908,1.6552535890813327e-07,-0.0009038275976311055,0.00571955888666781,0.00571955888666781,0.14190715749200714,0.996392920958664,1.6673386481934516e-07,3.721399323547445,0.10150169970679795,0.002796189458333334,-0.0009438355056473053,0.0016671157585497198,0.0007540016990710691,-0.0017884964166666626,3.721146104211609,0.10360614021009108,-0.00025321933583599687,0.0021044405032931285,0.0020975252318810853,0.9934805224288155,-8.98124604904563e-08,0.0017810010620860892,-0.008265730591885297,-0.008265730591885297,0.1204402497307779,1.0032968716213446,-8.922693016867587e-08,3.720712687535204,0.10117418863173364,0.0036904376666666654,0.0013236637280327592,0.0009824105478382092,0.000514895174716487,0.0032930326916666636,3.721271611428137,0.10556927231282438,0.0005589238929326612,0.004395083681090747,0.004365309193419399,0.9866780398976248,5.492452952274204e-07,0.0050639640595852254,-0.018929177658479006,-0.018929177658479006,0.1766152575096931,1.0068207053274103,5.419282713179834e-07]"
/multi_agv/m2b_algorithm_state,1789558515.777246,1789558515.777246,m2b_algorithm_state_v1:header6+3x20,"[1.0,-0.15,0.52,3.722848940435162,0.10125033291774128,1789558515.7771258,3.721419774764789,0.10107519694277346,0.0036904376666666654,0.0015405269123980234,0.0006967018758159858,0.000569502965305013,0.004584685874999997,3.7224301334480616,0.09870448617528031,0.0010103586832728162,-0.0023707107674931505,-0.0023798413415920994,1.0077714954072212,1.869832155929348e-07,-0.0011168929875010791,0.006529925255341636,0.006529925255341636,0.1419025965795027,0.9961633685660573,1.8843635479414275e-07,3.7224002589046044,0.10150170627586264,0.002796189458333334,-0.0009439277665951413,0.0016671231221412341,0.0007540378607042569,-0.0017884964166666626,3.7221047526152846,0.10234784610638055,-0.00029550628931973577,0.0008461398305179141,0.0008450111488629546,0.9973407262152192,-1.4534112913530158e-08,0.0004756282872132849,-0.0030191835251893832,-0.0030191835251893832,0.12043738542408673,1.0013357003117394,-1.4495462728074163e-08,3.7217136199222787,0.10117417774824755,0.0036904376666666654,0.0013237223843602366,0.0009824068880898602,0.0005148716531250914,0.0032930326916666636,3.7220565564361516,0.10176780291596392,0.0003429365138729601,0.000593625167716369,0.0005930660872931585,0.998120616187129,1.004885906594415e-08,0.0010217367296343587,-0.0025786890390163664,-0.0025786890390163664,0.17660635161060342,1.0009426949798497,1.0029973402877792e-08]"
/multi_agv/m2b_algorithm_state,1789558515.7870753,1789558515.7870753,m2b_algorithm_state_v1:header6+3x20,"[1.0,-0.15,0.52,3.723844237659838,0.1012503641453606,1789558515.7869544,3.7224241550470114,0.10107513303347075,0.0036904376666666654,0.0015409777419366196,0.0006966564594549133,0.000569331172662085,0.004584685874999997,3.7234201278959747,0.09870448617528031,0.0009959728489632447,-0.0023706468581904394,-0.0023797769434423352,1.0077712869504778,1.870278987130249e-07,-0.0011348108822382794,0.006593412073087823,0.006593412073087823,0.14189174495208104,0.9961634701617501,1.884813461816687e-07,3.7234046592111594,0.10150174372626766,0.002796189458333334,-0.0009444164732939605,0.0016671563279917478,0.000754232425579135,-0.0017884964166666626,3.7231312895370334,0.10234784610638055,-0.00027336967412594504,0.000846102380112887,0.0008449737986216828,0.9973408441373858,-1.454034846411802e-08,0.0005032617059642515,-0.0031180448569933126,-0.0031180448569933126,0.12043057502324815,1.0013356408128218,-1.4501683411255206e-08,3.7227180070473156,0.10117412199348544,0.0036904376666666654,0.0013240254146209018,0.000982390682097334,0.0005147487309950572,0.0032930326916666636,3.723077275592566,0.10176780291596392,0.0003592685452504796,0.0005936809224784817,0.0005931217368432477,0.9981204394396589,1.0053049799458412e-08,0.0010422074184063472,-0.002651235174126206,-0.002651235174126206,0.17658517871925494,1.0009427839185427,1.0034154483544205e-08]"
/multi_agv/m2b_algorithm_state,1789558515.7970588,1789558515.7970588,m2b_algorithm_state_v1:header6+3x20,"[1.0,-0.15,0.52,3.7248369965291612,0.10125041030397675,1789558515.7968965,3.723419461663171,0.10107521101748677,0.0036904376666666654,0.0015404227828743349,0.0006967039238353397,0.0005695470358221458,0.004584685874999997,3.7244722245614645,0.09985134528400119,0.00105276289829348,-0.0012238657334855824,-0.0012262781832558995,1.0039605261388598,4.979097569134216e-08,8.96754396109505e-05,0.0017719885761395603,0.0017719885761395603,0.1419011982776343,0.9980327059526478,4.998817415204705e-08,3.7243999452840137,0.10150169339132416,0.002796189458333334,-0.0009438118343296662,0.0016671228725257947,0.0007539877378907184,-0.0017884964166666626,3.723948273867581,0.1023603833765891,-0.00045167141643265296,0.0008586899852649488,0.0008575276840116091,0.997301668798828,-1.4966485222379787e-08,0.00029293841347079294,-0.002374316385713698,-0.002374316385713698,0.12043650726476353,1.0013554095978596,-1.492610068833236e-08,3.7237133060323306,0.10117418802727082,0.0036904376666666654,0.0013236615311629017,0.000982406059601982,0.0005148984614999357,0.0032930326916666636,3.724187773919454,0.10368885485776536,0.0004744678871233532,0.002514666830494533,0.002504779347290868,0.9922112476078984,1.8006168899608716e-07,0.0030978642061950594,-0.010910607751226735,-0.010910607751226735,0.1766036212749506,1.00394744679381,1.7865923308519302e-07]"
/multi_agv/m2b_algorithm_state,1789558515.8071206,1789558515.8071206,m2b_algorithm_state_v1:header6+3x20,"[1.0,-0.15,0.52,3.7258446246789005,0.10125036042458924,1789558515.8069854,3.7244122350971827,0.10107532165584848,0.0036904376666666654,0.0015396397134279194,0.0006967777721398774,0.0005698480518259773,0.004584685874999997,3.7253893134866494,0.09891551640229568,0.0009770783894667012,-0.0021598052535528045,-0.0021673714968952354,1.0070633458529545,1.5508286903047684e-07,-0.0009460235100618589,0.005836785099127337,0.005836785099127337,0.14192560870022206,0.9965090233246724,1.5617827297030755e-07,3.7253926864228246,0.10150162589842188,0.002796189458333334,-0.0009429614250583548,0.00166706968098973,0.0007536467833354071,-0.0017884964166666626,3.7251106270794074,0.1027269036847136,-0.00028205934341718475,0.001225277786291723,0.001222917813213347,0.9961657748948315,-3.0437573573408765e-08,0.000870343633941866,-0.004599389239340603,-0.004599389239340603,0.12045183674957508,1.0019297887829233,-3.032086906467319e-08,3.724706068067477,0.10117428335765986,0.0036904376666666654,0.0013231406544203634,0.0009824315096899298,0.0005151110031660004,0.0032930326916666636,3.725209939800079,0.10317255940129567,0.0005038717326022457,0.0019982760436358105,0.0019920079172074754,0.9937740253967469,1.1370191194689712e-07,0.0026218475829602825,-0.008954342832641758,-0.008954342832641758,0.17665128942125302,1.0031466373071056,1.1299400673077441e-07]"
/multi_agv/m2b_algorithm_state,1789558515.8172193,1789558515.8172193,m2b_algorithm_state_v1:header6+3x20,"[1.0,-0.15,0.52,3.7268505254292563,0.10125032329285606,1789558515.8171098,3.7254198478345257,0.1010751995406635,0.0036904376666666654,0.001540506695183073,0.0006966998281549223,0.0005695127937006188,0.004584685874999997,3.7269349944918173,0.09876554756953754,0.0015151466572915773,-0.002309651971125967,-0.0023183142974246124,1.007566143993397,1.774661030819602e-07,-0.00042438097581014083,0.004065848089310488,0.004065848089310488,0.14189731748705547,0.996263523755917,1.7880883717182533e-07,3.72640033311805,0.10150170266836907,0.002796189458333334,-0.0009439047257030061,0.0016671253174473932,0.00075402673133948,-0.0017884964166666626,3.7261379529242324,0.1027269036847136,-0.0002623801938175241,0.001225201016344532,0.0012228413400785464,0.9961660157882436,-3.04641952774623e-08,0.0008948660978066413,-0.004687724664089765,-0.004687724664089765,0.1204340700276151,1.0019296667430577,-3.034739603374464e-08,3.725713693084127,0.10117417906473515,0.0036904376666666654,0.0013237131646963323,0.000982405430382416,0.0005148764077012448,0.0032930326916666636,3.726097316665509,0.10166583679001778,0.00038362358138233077,0.0004916577252826321,0.0004912739204322943,0.9984416351683135,6.893605867138268e-09,0.0009708033971602077,-0.0023502238362174467,-0.0023502238362174467,0.17659604375680313,1.0007812440969799,6.882863114191412e-09]"
/multi_agv/m2b_algorithm_state,1789558515.82701,1789558515.82701,m2b_algorithm_state_v1:header6+3x20,"[1.0,-0.15,0.52,3.727842213338308,0.10125037744998573,1789558515.8268824,3.72642573658078,0.10107511232493843,0.0036904376666666654,0.0015411223830602144,0.0006966389073133064,0.0005692776064463054,0.004584685874999997,3.727932638818697,0.09876554756953754,0.0015069022379172736,-0.0023095647554008947,-0.002318226431948077,1.007565859676312,1.7752368364302992e-07,-0.00043459863455148516,0.004102395529854143,0.004102395529854143,0.14190236590539881,0.9962636624154511,1.7886680292269507e-07,3.727406248650562,0.10150175430238748,0.002796189458333334,-0.0009445722871700753,0.0016671696639165567,0.0007542930285942412,-0.0017884964166666626,3.727497870953463,0.10122661226690796,9.1622302901051e-05,-0.0002751420354795142,-0.00027526239805504067,1.0008758235461137,-1.5390698102444053e-09,-0.00016073451942872691,-0.0002508131242711937,-0.0002508131242711937,0.1204372622920907,0.9995627351342685,-1.5404177638233302e-09,3.726719591056428,0.10117410325124228,0.0036904376666666654,0.0013241257174708468,0.0009823838580047322,0.0005147088032053568,0.0032930326916666636,3.7271242572111447,0.10166583679001778,0.0004046661547167929,0.0004917335387755045,0.0004913496153767014,0.9984413946087427,6.8978831894074294e-09,0.0009971823087726924,-0.002443654271151083,-0.002443654271151083,0.17660597139158546,1.0007813650134005,6.887132111480156e-09]"
/multi_agv/m2b_algorithm_state,1789558515.8372264,1789558515.8372264,m2b_algorithm_state_v1:header6+3x20,"[1.0,-0.15,0.52,3.728843640305391,0.10125036838205981,1789558515.8370528,3.7274174411001373,0.10107524560418847,0.0036904376666666654,0.0015401755970769148,0.0006967228959389614,0.0005696443122715387,0.004584685874999997,3.7289146860903046,0.09876554756953754,0.0014972449901673457,-0.002309698034650934,-0.002318360704129534,1.0075662941571824,1.7743500558395705e-07,-0.00044680446642035186,0.00414447628029152,0.00414447628029152,0.14190335323564998,0.9962634505220996,1.7877753102998656e-07,3.7283979166472556,0.10150166991420587,0.002796189458333334,-0.0009435417340607766,0.0016671099268439349,0.0007538773926603765,-0.0017884964166666626,3.728504389125408,0.10122661226690796,0.00010647247815231964,-0.00027505764729790494,-0.00027517793611318126,1.0008755550862383,-1.5364482335020031e-09,-0.0001420873384227817,-0.00031595338038542596,-0.00031595338038542596,0.12043786062891092,0.999562868967711,-1.5377934785675876e-09,3.72771128226753,0.10117421683156289,0.0036904376666666654,0.0013235016173934696,0.000982411708025311,0.0005149648397724223,0.0032930326916666636,3.7281351426878344,0.10166583679001778,0.0004238604203044005,0.0004916199584548975,0.0004912362126531526,0.9984417550041012,6.8914443077667425e-09,0.0010210617380336533,-0.002529144891341125,-0.002529144891341125,0.17660782912651032,1.0007811838619802,6.880705749159649e-09]"
/multi_agv/m2b_algorithm_state,1789558515.8472967,1789558515.8472967,m2b_algorithm_state_v1:header6+3x20,"[1.0,-0.15,0.52,3.729845831604895,0.10125035473036786,1789558515.8471816,3.7284188652815153,0.1010752234028819,0.0036904376666666654,0.0015403331641996205,0.0006967087631487338,0.0005695833646196132,0.004584685874999997,3.7299838996355574,0.10003312061255037,0.0015650343540420941,-0.0010421027903315255,-0.0010438494839318888,1.0033654170196415,3.609317691616548e-08,0.0009124434586207288,-0.0012194218987630337,-0.0012194218987630337,0.1418970418083116,0.9983266805921253,3.6214645508052075e-08,3.7293993469710074,0.10150168384405853,0.002796189458333334,-0.0009437129851203076,0.0016671199968483208,0.0007539463859961848,-0.0017884964166666626,3.72950568966114,0.10209369007871044,0.0001063426901324327,0.000592006234651915,0.0005914526589076932,0.9981340293273883,-7.114377198774783e-09,0.000724381021573234,-0.00378751015135586,-0.00378751015135586,0.12043389689227324,1.0009359595157525,-7.101101979567972e-09,3.728712708663651,0.10117419789923897,0.0036904376666666654,0.0013236054978065918,0.0009824069496677358,0.0005149222867714223,0.0032930326916666636,3.7298316126321116,0.10407442005436984,0.001118903968460483,0.0029002221551308743,0.002887108763718503,0.9910566537462918,2.394296856248544e-07,0.004285738724294106,-0.015360892303064337,-0.015360892303064337,0.1765955054633764,1.0045420496716866,2.3728838304289485e-07]"
/multi_agv/m2b_algorithm_state,1789558515.8570437,1789558515.8570437,m2b_algorithm_state_v1:header6+3x20,"[1.0,-0.15,0.52,3.7308422911256245,0.10125037789632567,1789558515.856925,3.7294210522209306,0.1010751911083348,0.0036904376666666654,0.001540561296852959,0.0006966865957109825,0.0005694960089443503,0.004584685874999997,3.7306284327670016,0.10068382714680542,0.0012073805460710574,-0.0003913639615293757,-0.00039160910793346437,1.0012546300452696,5.0890313351173864e-09,0.0011176165746553572,-0.0022455589753215205,-0.0022455589753215205,0.14188951413488962,0.9993740022917692,5.095416186731743e-09,3.730401543623628,0.10150170314089015,0.002796189458333334,-0.0009439602922992666,0.001667136056199503,0.0007540452315668439,-0.0017884964166666626,3.73074876332672,0.10358571151156148,0.0003472197030918167,0.002084008370671339,0.0020772256752418284,0.9935423093616089,-8.808991590695443e-08,0.0025112503041065993,-0.01086725661660825,-0.01086725661660825,0.12042917040156975,1.003265266509245,-8.752105848166542e-08,3.729714898970126,0.10117416994187865,0.0036904376666666654,0.0013237578027937916,0.0009823991413780986,0.0005148603300447149,0.0032930326916666636,3.7306839449829443,0.10204234753030389,0.0009690460128184419,0.0008681775884252368,0.0008669842479206536,0.9972599644866431,2.148995006887056e-08,0.002078291763943706,-0.00646851891347147,-0.00646851891347147,0.1765808116764171,1.001376426973668,2.143106684250159e-08]"
/multi_agv/m2b_algorithm_state,1789558515.8671448,1789558515.8671448,m2b_algorithm_state_v1:header6+3x20,"[1.0,-0.15,0.52,3.731847639394191,0.10125034370981095,1789558515.8669322,3.7304175189307203,0.10107524765317182,0.0036904376666666654,0.00154015999727297,0.0006967229287389459,0.0005696510570709493,0.004584685874999997,3.7316394498200314,0.10068382714680542,0.001221930889311107,-0.0003914205063663967,-0.00039166572353140804,1.0012548111621928,5.0891748379674474e-09,0.0011357478881074757,-0.0023102105229014123,-0.0023102105229014123,0.14189931349116836,0.9993739121136249,5.09556079136048e-09,3.731397994485942,0.10150166771583004,0.002796189458333334,-0.0009435236150183669,0.0016671100809513284,0.0007538694585131483,-0.0017884964166666626,3.731083770588417,0.10184095212988989,-0.0003142238975248901,0.0003392844140598511,0.00033910224084651865,0.9989275135433937,-2.3366996965838846e-09,-5.367763105959398e-05,-0.0009055799133367956,-0.0009055799133367956,0.12043532358217662,1.0005372220864057,-2.3341936178061423e-09,3.730711359960212,0.10117421831997511,0.0036904376666666654,0.001323492383834507,0.0009824113169437654,0.0005149690455715315,0.0032930326916666636,3.731708603623839,0.10204234753030389,0.0009972436636269677,0.0008681292103287774,0.000866936003161373,0.9972601174650615,2.1483242771753144e-08,0.0021134905826950827,-0.006594099146334149,-0.006594099146334149,0.17659994110098187,1.0013763497686718,2.1424381210088973e-08]"
/multi_agv/m2b_algorithm_state,1789558515.8770318,1789558515.8770318,m2b_algorithm_state_v1:header6+3x20,"[1.0,-0.15,0.52,3.732844573470903,0.10125036422251305,1789558515.87692,3.7314228564489134,0.10107516553860346,0.0036904376666666654,0.001540741323430473,0.0006966683797730681,0.0005694274498857173,0.004584685874999997,3.7325455265573204,0.1002483546164474,0.0011226701084070534,-0.0008268109221560571,-0.000827908671790569,1.002663661941893,2.2723095572481337e-08,0.0005754289637182478,-0.00012494216550061675,-0.00012494216550061675,0.14189841722272659,0.9986740691673904,2.278362221735975e-08,3.732403355835449,0.10150171792770221,0.002796189458333334,-0.0009441548256032008,0.0016671493237723212,0.0007541226536737639,-0.0017884964166666626,3.7320429461443894,0.1024954338033432,-0.0003604096910594379,0.0009937158756409825,0.000992160894100571,0.9968821711207556,-2.0048740501926353e-08,0.0005416487802762738,-0.003322253785837293,-0.003322253785837293,0.1204347761093158,1.0015672675164455,-1.998623195979697e-08,3.731716705898212,0.1011741476631272,0.0036904376666666654,0.0013238785864719566,0.000982392525981801,0.0005148114160766501,0.0032930326916666636,3.7322702506645467,0.1026193146779119,0.0005535447663347348,0.0014451670147846984,0.0014418748218160248,0.9954688104617282,5.952675639068736e-08,0.0021338057797344436,-0.006942872207838329,-0.006942872207838329,0.17659824081433423,1.0022832723887412,5.925702937488262e-08]"
/multi_agv/m2b_algorithm_state,1789558515.8872368,1789558515.8872368,m2b_algorithm_state_v1:header6+3x20,"[1.0,-0.15,0.52,3.733843671339169,0.10125037036880007,1789558515.8871813,3.7324197967529185,0.10107521667465616,0.0036904376666666654,0.0015403773331628505,0.0006966997553205618,0.000569568904593856,0.004584685874999997,3.7335486932960213,0.1002483546164474,0.0011288965431028863,-0.0008268620582087549,-0.0008279599433004104,1.0026638263887846,2.2720532983927473e-08,0.0005831607355781975,-0.00015264958057309343,-0.00015264958057309343,0.1418888207199987,0.9986739876723031,2.278105653925731e-08,3.7334002825092636,0.10150168495068508,0.002796189458333334,-0.0009437579741972484,0.001667127115081879,0.0007539621845161215,-0.0017884964166666626,3.733068598988804,0.1024954338033432,-0.00033168352045942484,0.0009937488526581134,0.0009921937676012024,0.9968820674242534,-2.0041646187706943e-08,0.0005775893670269213,-0.0034499054443748027,-0.0034499054443748027,0.12042873379557618,1.0015673199204533,-1.9979157686186705e-08,3.732713641150527,0.10117419104219788,0.0036904376666666654,0.0013236395053649722,0.0009824026871344546,0.0005149097629747958,0.0032930326916666636,3.733297143161955,0.1026193146779119,0.0005835020114282052,0.0014451236357140157,0.0014418316412427702,0.9954689469116423,5.951242353839682e-08,0.0021712091555280266,-0.007076545408575151,-0.007076545408575151,0.17657945427693708,1.0022832030988085,5.924276958792752e-08]"
/multi_agv/m2b_algorithm_state,1789558515.897035,1789558515.897035,m2b_algorithm_state_v1:header6+3x20,"[1.0,-0.15,0.52,3.7348400143590736,0.10125039375058875,1789558515.8969154,3.7334188965590696,0.10107523169200752,0.0036904376666666654,0.0015402706228411613,0.0006967094659062307,0.0005696101081383519,0.004584685874999997,3.7341193842483444,0.10152795824065405,0.0007004876892748868,0.0004527265486465315,0.0004524005870844737,0.9985624710923571,6.804640493503788e-09,0.0013280101986780821,-0.0033857460970240045,-0.0033857460970240045,0.14189065903678644,1.0007205153383165,6.794858626088259e-09,3.734399378047866,0.10150167548984293,0.002796189458333334,-0.000943641570857366,0.0016671201260924917,0.0007539153631286183,-0.0017884964166666626,3.733494412410064,0.10241631139844731,-0.0009049656378019577,0.0009146359086043832,0.0009133177788798451,0.9971276973241775,-1.6976484557134556e-08,-0.000217889268372602,-0.0005804090135723345,-0.0005804090135723345,0.12042988826441367,1.001443232306454,-1.6927722955115038e-08,3.7337127394105702,0.10117420392454972,0.0036904376666666654,0.0013235687255239437,0.000982405900717299,0.0005149387716978601,0.0032930326916666636,3.7342557064066253,0.10233235793125392,0.0005429669960550498,0.0011581540067042012,0.0011560350310196026,0.9963568217330321,3.822942594350539e-08,0.001834743776088415,-0.005739401153013194,-0.005739401153013194,0.17658304316765897,1.0018329684029814,3.8090149329749354e-08]"
/multi_agv/m2b_algorithm_state,1789558515.907015,1789558515.907015,m2b_algorithm_state_v1:header6+3x20,"[1.0,-0.15,0.52,3.7358399511477067,0.10125039363092464,1789558515.9069037,3.734415247073571,0.10107528720016472,0.0036904376666666654,0.0015398781275105808,0.0006967474003952028,0.0005697605070019039,0.004584685874999997,3.735051811899488,0.10020630382907411,0.0006365648259167855,-0.0008689833710906064,-0.0008701963443953161,1.0028008543741413,2.5086898796811767e-08,-7.449031199933422e-05,0.002193422546101855,0.002193422546101855,0.14190236302811432,0.9986060923922261,2.515716354704046e-08,3.735395711897595,0.1015016420608903,0.002796189458333334,-0.0009432153724281299,0.001667092615565302,0.0007537449309046179,-0.0017884964166666626,3.7344189547092594,0.10234933998737522,-0.0009767571883356752,0.0008476979264849249,0.0008465650966584313,0.9973358743707378,-1.4576667389470471e-08,-0.0003743813887611626,7.322162316358307e-06,7.322162316358307e-06,0.12043723874558251,1.0013381485144677,-1.4537833316288952e-08,3.7347090841060537,0.10117425199071126,0.0036904376666666654,0.001323306522998871,0.0009824191083216416,0.0005150455562205032,0.0032930326916666636,3.7346383369670386,0.1024603211859776,-7.074713901511487e-05,0.0012860691952663456,0.0012834588324943169,0.9959603347196672,4.7126730099943934e-08,0.0011950249087254233,-0.003519316956282628,-0.003519316956282628,0.17660589556613923,1.002033850019915,4.693635388458357e-08]"
/multi_agv/m2b_algorithm_state,1789558515.9170623,1789558515.9170623,m2b_algorithm_state_v1:header6+3x20,"[1.0,-0.15,0.52,3.7368418067590334,0.10125038131034043,1789558515.9169545,3.73541518415568,0.10107528472704827,0.0036904376666666654,0.0015398977160584661,0.0006967489553401757,0.0005697512073923184,0.004584685874999997,3.7369826217060833,0.09942722442987384,0.0015674375504031168,-0.0016480602971744307,-0.0016524488815951232,1.0053588087131127,9.028290940041061e-08,0.0003068480564087728,0.0011946256728921584,0.0011946256728921584,0.14190133231948943,0.9973441935362889,9.076671824195069e-08,3.7363956481372336,0.1015016454788115,0.002796189458333334,-0.000943237879500178,0.0016670909685809754,0.0007537555436605836,-0.0017884964166666626,3.7354282524603755,0.10234933998737522,-0.0009673956768581071,0.000847694508563715,0.0008465616878956548,0.9973358851327928,-1.457689747815398e-08,-0.00036268290817697906,-3.4351912344644125e-05,-3.4351912344644125e-05,0.12043659145811918,1.0013381430842636,-1.4538062948864675e-08,3.735709021150206,0.10117425068691416,0.0036904376666666654,0.0013233157817012448,0.0009824203011690189,0.0005150409224895613,0.0032930326916666636,3.735659933665275,0.10257601287349717,-4.908748493104298e-05,0.0014017621865830138,0.0013986637676264384,0.9956027333167266,5.598268471556643e-08,0.0013373044114626347,-0.004081098242292602,-0.004081098242292602,0.17660388304595823,1.0022152707664926,5.573651392122647e-08]"
/multi_agv/m2b_algorithm_state,1789558515.927136,1789558515.927136,m2b_algorithm_state_v1:header6+3x20,"[1.0,-0.15,0.52,3.737845726228528,0.10125035620063326,1789558515.927009,3.7364170361426923,0.10107525333669448,0.0036904376666666654,0.0015401217402625,0.0006967306691096015,0.000569663613770421,0.004584685874999997,3.7380128439955183,0.099751315998929,0.0015958078528259811,-0.0013239373377654795,-0.0013267625616536366,1.0042892013607514,5.825892700448511e-08,0.0006679972543788399,-0.0002268384186788681,-0.0002268384186788681,0.1418935022054024,0.9978705881746952,5.8508811273468664e-08,3.737397507998679,0.10150166626756332,0.002796189458333334,-0.0009434823287695114,0.0016671037189368576,0.000753854871668666,-0.0017884964166666626,3.7376052845211953,0.10471870762457194,0.00020777652251613432,0.003217041357008621,0.003201017393271745,0.9901602353714294,-2.096286133916972e-07,0.003460738046416913,-0.014827033593827432,-0.014827033593827432,0.12043167390524163,1.0050058971158846,-2.075659171765093e-07,3.7367108761357293,0.1011742243267635,0.0036904376666666654,0.00132346168355381,0.0009824145646457182,0.0005149806636516592,0.0032930326916666636,3.73737873644406,0.10225243327167001,0.0006678603083307699,0.0010782089449065113,0.0010763712979993093,0.996605215302469,3.313301883435935e-08,0.0019111966834127717,-0.005973896878977546,-0.005973896878977546,0.1765885943952707,1.0017072611566453,3.302053936903746e-08]"
/multi_agv/m2b_algorithm_state,1789558515.9371781,1789558515.9371781,m2b_algorithm_state_v1:header6+3x20,"[1.0,-0.15,0.52,3.738841748933357,0.1012503820904893,1789558515.936853,3.7374209477422013,0.1010751926818427,0.0036904376666666654,0.0015405515790087479,0.0006966907979196078,0.0005694980354661954,0.004584685874999997,3.7390955726782034,0.10026426922652158,0.0016746249360020116,-0.0008109234553211192,-0.0008119792960631707,1.0026120089550825,2.185528745798413e-08,0.0012813018739393437,-0.0026309475460453992,-0.0026309475460453992,0.14189916457026444,0.9986996703645392,2.1912373664540285e-08,3.738401437011863,0.1015017036882385,0.002796189458333334,-0.0009439494573046077,0.0016671323500050406,0.0007540424628157405,-0.0017884964166666626,3.7386460556916625,0.10471870762457194,0.0002446186797997463,0.0032170039363334374,0.003200980349037485,0.990160350677296,-2.0972749392279348e-07,0.003506753698787168,-0.014992646842394403,-0.014992646842394403,0.12043524665671461,1.0050058374462594,-2.0766384892926365e-07,3.737714793931519,0.10117417223181857,0.0036904376666666654,0.001323746848287575,0.000982400956540186,0.0005148641342428277,0.0032930326916666636,3.7383673950451226,0.10199791284832392,0.0006526011136034349,0.0008237406165053501,0.0008226659485760674,0.997398896747404,1.9346816471282682e-08,0.0016384173405803609,-0.004881189206616281,-0.004881189206616281,0.1765997039146695,1.0013063235826678,1.9296493404031852e-08]"
/multi_agv/m2b_algorithm_state,1789558515.947165,1789558515.947165,m2b_algorithm_state_v1:header6+3x20,"[1.0,-0.15,0.52,3.739850380560401,0.10125032662098983,1789558515.947062,3.7384169784826726,0.10107525569642323,0.0036904376666666654,0.001540104638411555,0.0006967314706725067,0.0005696706097776863,0.004584685874999997,3.7401160573971772,0.10026426922652158,0.0016990789145046037,-0.000810986469901645,-0.0008120424743483578,1.0026122115721954,2.1852337240398036e-08,0.001311806168782397,-0.002739341709713427,-0.002739341709713427,0.1418911980354152,0.9986995699362152,2.190942016861692e-08,3.739397450018631,0.10150166440085807,0.002796189458333334,-0.0009434634542386036,0.001667103255822422,0.0007538469311063334,-0.0017884964166666626,3.7396798350258034,0.10439710099647681,0.0002823850071722589,0.002895436595618736,0.0028824244402405603,0.9911110896141911,-1.698489508150302e-07,0.003235405699205884,-0.01385841617015683,-0.01385841617015683,0.12043022677870353,1.00451430927261,-1.6833917871211174e-07,3.738710818298767,0.10117422617418659,0.0036904376666666654,0.001323451161187685,0.0009824146721524544,0.0005149851687604808,0.0032930326916666636,3.7394055247021973,0.10199791284832392,0.0006947064034301675,0.0008236866741373333,0.0008226121472993931,0.9973990673901095,1.9339957721524346e-08,0.0016909951515871025,-0.005068652423652422,-0.005068652423652422,0.1765840955408175,1.0013062375038686,1.928965579481253e-08]"
/multi_agv/m2b_algorithm_state,1789558515.9570112,1789558515.9570112,m2b_algorithm_state_v1:header6+3x20,"[1.0,-0.15,0.52,3.7408401377021576,0.10125039270030499,1789558515.956886,3.739425592605349,0.10107512265193443,0.0036904376666666654,0.0015410464684565348,0.0006966427200079115,0.0005693085290899372,0.004584685874999997,3.741079896026013,0.09976564462078885,0.0016543034206639717,-0.001309478031145575,-0.001312241584699305,1.0042416728870283,5.702702841617504e-08,0.0007556376911306596,-0.0005421501654389684,-0.0005421501654389684,0.14191814464336225,0.9978940207459108,5.7268918416435723e-08,3.7404061029555997,0.10150174563749183,0.002796189458333334,-0.0009444863098226246,0.001667167185595897,0.0007542570495059492,-0.0017884964166666626,3.740472235670793,0.10270203914786712,6.613271519340103e-05,0.0012002935103752888,0.0011980283731394404,0.9962428921784431,-2.925668964208033e-08,0.0012806942671311917,-0.006052181199752028,-0.006052181199752028,0.12044719662538123,1.0018907208599013,-2.914676910459321e-08,3.7397194461202545,0.10117411157354328,0.0036904376666666654,0.0013240774758060798,0.000982384084686783,0.0005147295961416623,0.0032930326916666636,3.7404462636980877,0.10246887692841093,0.0007268175778332164,0.0012947653548676524,0.0012921197404520374,0.9959334144184439,4.7793765657832533e-08,0.002200641712743558,-0.007108790241903787,-0.007108790241903787,0.17663686493790312,1.0020474994172675,4.7599408219520115e-08]"
/multi_agv/m2b_algorithm_state,1789558515.9672577,1789558515.9672577,m2b_algorithm_state_v1:header6+3x20,"[1.0,-0.15,0.52,3.741841180134857,0.10125038558432357,1789558515.9671242,3.7404153702234186,0.10107528388676273,0.0036904376666666654,0.001539902374818213,0.0006967463122838238,0.0005697505627858033,0.004584685874999997,3.741832654896716,0.09997950989370638,0.001417284673297381,-0.0010957739930563537,-0.0010977060190321716,1.003540886725807,3.989700429698476e-08,0.0006738998225895546,-0.0003517367747403596,-0.0003517367747403596,0.14189439807557777,0.9982399422592931,4.003827506989942e-08,3.741395835418399,0.10150164474414042,0.002796189458333334,-0.0009432418518870011,0.0016670931487254848,0.000753756131506314,-0.0017884964166666626,3.7411541886295225,0.10351888595605468,-0.00024164678887661495,0.002017241211914267,0.00201088292770857,0.9937444128716227,-8.247719165614561e-08,0.0017088244416128013,-0.007965496082455573,-0.007965496082455573,0.12043223655074256,1.0031619365394595,-8.196124839763672e-08,3.740709207464654,0.10117424947001179,0.0036904376666666654,0.0013233211060469587,0.0009824188912108903,0.00051503934797827,0.0032930326916666636,3.7410976741440076,0.10197792943397382,0.0003884666793534386,0.0008036799639620368,0.0008026568474184819,0.9974616653502366,1.8410315973589505e-08,0.00128824019661028,-0.003625481313066201,-0.003625481313066201,0.17659034358444942,1.0012746624498943,1.836358443064065e-08]"
/multi_agv/m2b_algorithm_state,1789558515.9772186,1789558515.9772186,m2b_algorithm_state_v1:header6+3x20,"[1.0,-0.15,0.52,3.7428412610060664,0.1012503848297196,1789558515.9770718,3.7414164106989505,0.10107526488939587,0.0036904376666666654,0.0015400387119797287,0.0006967364566512473,0.0005696965926932584,0.004584685874999997,3.7428769024893387,0.10038040894348915,0.0014604917903882075,-0.0006948559459067222,-0.0006956304925797017,1.002235216532213,1.6040092756503055e-08,0.0011299842454055577,-0.00214948283919144,-0.00214948283919144,0.14188944990910213,0.9988865544549275,1.6075945837010622e-08,3.7423968800637444,0.10150165803377653,0.002796189458333334,-0.0009433910441215467,0.0016670997866636839,0.0007538173483588734,-0.0017884964166666626,3.742259697452095,0.1044760260080898,-0.00013718261164941126,0.0029743679743132745,0.002960644964544506,0.9908770531112251,-1.7921107636043651e-07,0.002789166699982742,-0.01229714306496507,-0.01229714306496507,0.12042912887800654,1.0046351419819364,-1.7757614322892007e-07,3.7417102496418746,0.10117423382979832,0.0036904376666666654,0.0013234084789752565,0.0009824160796300776,0.000515002937712639,0.0032930326916666636,3.7420542599125532,0.10142398433527997,0.00034401027067865186,0.00024975050548164957,0.00024965128718110055,0.9992062109461066,1.7787216484903858e-09,0.0006796641255294154,-0.0012040110031511855,-0.0012040110031511855,0.176580682440965,1.0003974275545275,1.777309718715891e-09]"
/multi_agv/m2b_algorithm_state,1789558515.9871519,1789558515.9871519,m2b_algorithm_state_v1:header6+3x20,"[1.0,-0.15,0.52,3.7438428764531455,0.1012503743365208,1789558515.9870348,3.7424164915163987,0.10107526178027366,0.0036904376666666654,0.0015400620167758446,0.0006967362440889241,0.0005696866016047489,0.004584685874999997,3.743883398580581,0.10038040894348915,0.0014669070641821769,-0.0006948528367845125,-0.0006956273765404011,1.002235206545774,1.604019213592291e-08,0.00113800645368732,-0.0021778691671264913,-0.0021778691671264913,0.141889627871016,0.9988865594109584,1.6076045278380596e-08,3.7433969608861064,0.10150166108026708,0.002796189458333334,-0.0009434171754997534,0.0016670996401204619,0.0007538287516424547,-0.0017884964166666626,3.7433072595502415,0.1044760260080898,-8.970133586494455e-05,0.0029743649278227285,0.0029606419464203626,0.9908770625192839,-1.7921567120769635e-07,0.002848515276589182,-0.012510017018576364,-0.012510017018576364,0.12042924201529698,1.0046351371259055,-1.7758069784370397e-07,3.7427103306156937,0.10117423162861804,0.0036904376666666654,0.001323421821096917,0.0009824164041663417,0.0005149969856281756,0.0032930326916666636,3.743071219744318,0.10142398433527997,0.00036088912862419775,0.0002497527066619293,0.0002496534866111436,0.9992062039462005,1.7787709501596146e-09,0.0007007648973913908,-0.0012789726350400294,-0.0012789726350400294,0.17658103432897773,1.000397431063882,1.7773589687987647e-09]"
/multi_agv/m2b_algorithm_state,1789558515.997245,1789558515.997245,m2b_algorithm_state_v1:header6+3x20,"[1.0,-0.15,0.52,3.744839431967909,0.10125039629367076,1789558515.99697,3.7434181037825374,0.10107523562264048,0.0036904376666666654,0.0015402482156722077,0.0006967201827684725,0.0005696142463937706,0.004584685874999997,3.7448846174729638,0.10038040894348915,0.0014665136904263854,-0.000694826679151328,-0.0006956011607136405,1.0022351225279686,1.604092530900794e-08,0.0011375409523193413,-0.0021760466324169114,-0.0021760466324169114,0.14189659733138235,0.9988866011069936,1.6076778742535566e-08,3.744398580118255,0.10150167793731014,0.002796189458333334,-0.0009436200920748764,0.0016671109953292351,0.0007539108023680297,-0.0017884964166666626,3.7443493291347485,0.1044760260080898,-4.925098350661017e-05,0.0029743480707796616,0.0029606252463356135,0.9908771145765751,-1.7925217484859635e-07,0.002899061516952351,-0.012691491957038373,-0.012691491957038373,0.12043363024202229,1.004635110256198,-1.7761687779555288e-07,3.7437119454586436,0.10117420944961178,0.0036904376666666654,0.0013235440633667657,0.000982411179333842,0.0005149467161263271,0.0032930326916666636,3.744082847514378,0.10142398433527997,0.00037090205573431234,0.00024977488566818584,0.00024967564798122124,0.9992061334154185,1.7792513722128262e-09,0.0007133032176491116,-0.0013234109760971893,-0.0013234109760971893,0.17659467795198236,1.0003974664240065,1.7778388840028557e-09]"
/multi_agv/m2b_algorithm_state,1789558516.0076306,1789558516.0076306,m2b_algorithm_state_v1:header6+3x20,"[1.0,-0.15,0.52,3.745838424507522,0.10125040213281639,1789558516.0074012,3.7444146662900533,0.10107528772222661,0.0036904376666666654,0.0015398800456066942,0.0006967556837780716,0.0005697553670359647,0.004584685874999997,3.7460988309759897,0.10042541471638095,0.0016841646859364623,-0.0006498730058456664,-0.0006505502846971862,1.0020894519427537,1.4028654906929891e-08,0.0014546555727233917,-0.0033203516849216108,-0.0033203516849216108,0.14189188054568494,0.9989589139111128,1.4057967107179397e-08,3.7453951270713346,0.10150164664085014,0.002796189458333334,-0.0009432207030365593,0.0016670853102782601,0.0007537510415381588,-0.0017884964166666626,3.7448989252767646,0.1004280426834136,-0.0004962017945699948,-0.0010736039574365391,-0.0010754476554906023,1.0034485339865526,-2.341258294601514e-08,-0.0016956998987030958,0.005534993246546465,0.005534993246546465,0.1204306554334994,0.9982856459404134,-2.3493322034017456e-08,3.7447085025423377,0.1011742545179355,0.0036904376666666654,0.001323298389945036,0.0009824235902919703,0.0005150467503105571,0.0032930326916666636,3.745331789941251,0.10253975162922666,0.0006232873989131527,0.0013654971112911501,0.0013625561292960006,0.9957147245864192,5.3124198764191004e-08,0.0021416653779374414,-0.006933219860825017,-0.006933219860825017,0.17658542814038658,1.0021584299772437,5.2896546941360635e-08]"
/multi_agv/m2b_algorithm_state,1789558516.0173767,1789558516.0173767,m2b_algorithm_state_v1:header6+3x20,"[1.0,-0.15,0.52,3.7468377146457996,0.10125040591380313,1789558516.0172276,3.7454136609525843,0.10107529955100485,0.0036904376666666654,0.0015397985788370406,0.0006967666214310769,0.0005697849903090409,0.004584685874999997,3.7471101631299137,0.10029266777173154,0.0016965021773294175,-0.0007826317792733045,-0.0007836150211086944,1.0025200714006695,2.034654899232095e-08,0.0013370127005530776,-0.0028420479446108478,-0.0028420479446108478,0.14189419577771667,0.9987452488672323,2.039782374853882e-08,3.7463941168332657,0.10150164137274542,0.002796189458333334,-0.0009431338302760875,0.0016670769772306748,0.0007537177197871198,-0.0017884964166666626,3.745904001997549,0.1004280426834136,-0.000490114835716593,-0.0010735986893318228,-0.0010754423693499072,1.0034485171041783,-2.3410197329146494e-08,-0.0016880859139956485,0.005508151527352716,0.005508151527352716,0.12043210949659752,0.9982856542845722,-2.3490927795048244e-08,3.7457074957367165,0.10117426547469888,0.0036904376666666654,0.0013232407809401826,0.0009824280545641662,0.0005150693994629462,0.0032930326916666636,3.746203832929533,0.10083004381024237,0.0004963371928163873,-0.00034422166445650937,-0.0003444109880944311,1.001101440088574,3.3798515854121494e-09,0.00027601050292605305,0.0004993287297136782,0.0004993287297136782,0.1765899485975487,0.9994502973352586,3.3835742894417528e-09]"
/multi_agv/m2b_algorithm_state,1789558516.0273623,1789558516.0273623,m2b_algorithm_state_v1:header6+3x20,"[1.0,-0.15,0.52,3.7478378759439277,0.10125040405774388,1789558516.0271928,3.74641295259322,0.10107530609794246,0.0036904376666666654,0.0015397549184374987,0.0006967744789145409,0.0005697998282386149,0.004584685874999997,3.748190472297795,0.10020761605079409,0.001777519704574626,-0.0008676900471483728,-0.0008688994004553279,1.002796644248921,2.5010254102581492e-08,0.0013530002302629546,-0.002859151772483223,-0.002859151772483223,0.1418954565485667,0.9986081779935383,2.5080198885881528e-08,3.7473934049179674,0.10150163965613371,0.002796189458333334,-0.000943088388551741,0.0016670708165040793,0.0007537012269917404,-0.0017884964166666626,3.747212207332947,0.10181354444753588,-0.00018119758502033179,0.00031190479140216776,0.00031175080191106166,0.9990137536891897,-1.973909602494254e-09,8.525382063564693e-05,-0.0013865657027811978,-0.0013865657027811978,0.12043290131169132,1.0004939505854105,-1.971962841430921e-09,3.7467067864262105,0.10117427198733321,0.0036904376666666654,0.0013232078607664432,0.0009824315816141524,0.0005150818344786859,0.0032930326916666636,3.747235897955703,0.10221713549741214,0.0005291115294925319,0.0010428635100789285,0.0010411439113053663,0.9967151825817452,3.099115789551539e-08,0.0017025333231710312,-0.005213827455593658,-0.005213827455593658,0.17659241026047856,1.001651643691991,3.0889357600248314e-08]"
/multi_agv/m2b_algorithm_state,1789558516.037523,1789558516.037523,m2b_algorithm_state_v1:header6+3x20,"[1.0,-0.15,0.52,3.7488379646054146,0.10125040274259729,1789558516.037273,3.7474131136054294,0.10107529904019892,0.0036904376666666654,0.0015398077286824944,0.0006967733246511006,0.0005697775375969631,0.004584685874999997,3.7492047168507305,0.10036584674096656,0.0017916032453011432,-0.0007094522992323604,-0.0007102598169486247,1.002282545600678,1.6718714554002492e-08,0.0015292442396778044,-0.003556748503980906,-0.003556748503980906,0.1418936304358346,0.9988630671523366,1.6756875782356723e-08,3.7483935663315107,0.1015016463426691,0.002796189458333334,-0.0009431479270278079,0.0016670711627488899,0.0007537268547756493,-0.0017884964166666626,3.748231187728028,0.10181354444753588,-0.00016237860348278232,0.00031189810486677294,0.0003117441219841479,0.9990137748466656,-1.9739495303454293e-09,0.00010877086763067,-0.0014701994548011331,-0.0014701994548011331,0.12043175443688102,1.0004939399711692,-1.9720027716671903e-09,3.747706947894843,0.10117426679036363,0.0036904376666666654,0.0013232390773178057,0.0009824320464533196,0.0005150680615626621,0.0032930326916666636,3.7483775331498466,0.10347009280884038,0.0006705852550035196,0.0022958260184767487,0.0022875708860021575,0.9928712462619953,1.500620379370916e-07,0.003125802454756557,-0.01090281087675974,-0.01090281087675974,0.17658884474778525,1.0036086892542238,1.4899228262321495e-07]"
/multi_agv/m2b_algorithm_state,1789558516.0474548,1789558516.0474548,m2b_algorithm_state_v1:header6+3x20,"[1.0,-0.15,0.52,3.7498376934472777,0.10125040377418515,1789558516.0472531,3.7484132020879883,0.10107529359112928,0.0036904376666666654,0.0015398489189596535,0.0006967727394372673,0.0005697599877365648,0.004584685874999997,3.7502492932390035,0.10084394884164719,0.001836091151015129,-0.00023134474948209582,-0.00023143030694987296,1.000740299407733,1.7772282264759573e-09,0.0020636836318190382,-0.005676172260525171,-0.005676172260525171,0.14189206173923205,0.9996303100103665,1.778543907479424e-09,3.7493936550057954,0.10150165179047664,0.002796189458333334,-0.0009431947792446762,0.0016670712011417343,0.0007537471436380311,-0.0017884964166666626,3.7489217185052452,0.09863665588081763,-0.0004719365005501075,-0.00286499590965901,-0.0028783041780584408,1.009390541792415,-1.6692151361123292e-07,-0.003468224803746075,0.012519172318069934,0.012519172318069934,0.12043076922191075,0.995376350942725,-1.6848899706085237e-07,3.7487070367224606,0.10117426284618597,0.0036904376666666654,0.0013232631890867427,0.0009824326237845016,0.0005150573097755561,0.0032930326916666636,3.7495368535186104,0.10409421617107537,0.000829816796149796,0.002919953324889396,0.002906662902381197,0.9909978543943236,2.4263213089537994e-07,0.003943933897568442,-0.014145601152039897,-0.014145601152039897,0.1765857818804652,1.0045723989862434,2.404479211244442e-07]"
/multi_agv/m2b_algorithm_state,1789558516.0575233,1789558516.0575233,m2b_algorithm_state_v1:header6+3x20,"[1.0,-0.15,0.52,3.750838794582492,0.10125039605668835,1789558516.0572948,3.7494129314443074,0.10107529398617314,0.0036904376666666654,0.0015398485885270066,0.0006967756957303448,0.0005697585932688763,0.004584685874999997,3.7512525349427883,0.10054040893123703,0.0018396034984808907,-0.00053488505493611,-0.0005353434654864525,1.0017175117995387,9.502470199849252e-09,0.0017641609076146608,-0.004470702175628446,-0.004470702175628446,0.1418917679938431,0.9991437075823351,9.518790804542257e-09,3.750393383035717,0.10150165349455043,0.002796189458333334,-0.0009431965104249266,0.0016670687653168592,0.0007537491610958569,-0.0017884964166666626,3.7499076102271918,0.09863665588081763,-0.00048577280852502014,-0.002864997613732795,-0.002878305897829996,1.009390547344054,-1.6692201742965624e-07,-0.003485521908486271,0.012579941342565685,0.012579941342565685,0.1204305847463518,0.9953763482515063,-1.6848950653709446e-07,3.7497067658618093,0.10117426384183185,0.0036904376666666654,0.0013232601322569243,0.0009824343652119708,0.000515057728999103,0.0032930326916666636,3.7503327850167905,0.10143688169986312,0.0006260191549811722,0.0002626178580312638,0.00026250816346706725,0.9991654364935029,1.9664868564826373e-09,0.0010450321071935325,-0.0025083309062308686,-0.0025083309062308686,0.176585208391855,1.0004178710587426,1.9648456983162108e-09]"
/multi_agv/m2b_algorithm_state,1789558516.0676172,1789558516.0676172,m2b_algorithm_state_v1:header6+3x20,"[1.0,-0.15,0.52,3.7518473966545325,0.10125034045034133,1789558516.067502,3.750414030292281,0.1010752735813935,0.0036904376666666654,0.001539995368530445,0.0006967644738074871,0.000569700807312409,0.004584685874999997,3.752201118129305,0.09962097365792513,0.0017870878370240817,-0.0014542999234683635,-0.001457712264547912,1.00471846906955,7.029722968569516e-08,0.0007761475317321902,-0.0005496506030740794,-0.0005496506030740794,0.1418909230853804,0.9976591120466378,7.062892498964217e-08,3.7513944867862743,0.10150166774826054,0.002796189458333334,-0.0009433579877716237,0.0016670766113451307,0.0007538150747165434,-0.0017884964166666626,3.749942896967158,0.09985775858668212,-0.0014515898191160836,-0.0016439091615784163,-0.0016482505487115243,1.005314570435117,-5.492206526979628e-08,-0.003462737822606629,0.012013021522668818,0.012013021522668818,0.12043005754227258,0.997366063589967,-5.5213952454114704e-08,3.7507078666689226,0.10117424684041104,0.0036904376666666654,0.0013233552814921556,0.0009824311737033579,0.0005150181456317115,0.0032930326916666636,3.751262799372009,0.10191028277959534,0.0005549327030864859,0.0007360359391842958,0.0007351773621845126,0.9976735227238965,1.5442773911611383e-08,0.0014288432410426198,-0.004094208582756451,-0.004094208582756451,0.1765835698389338,1.0011678501596295,1.5406846649026017e-08]"
/multi_agv/m2b_algorithm_state,1789558516.0771778,1789558516.0771778,m2b_algorithm_state_v1:header6+3x20,"[1.0,-0.15,0.52,3.7528434068583416,0.10125036703344963,1789558516.0771022,3.75142261472909,0.10107513993305968,0.0036904376666666654,0.001540942219382906,0.0006966753703502519,0.0005693367338199332,0.004584685874999997,3.7520628210796394,0.09865039947076247,0.0006402063505492883,-0.002424740462297209,-0.002434295849381163,1.0079534436610198,1.9566294764809581e-07,-0.0016340379111945526,0.008373241192368165,0.008373241192368165,0.14192262197392394,0.9960746812732795,1.9721914187876402e-07,3.7524031103016497,0.1015017497218786,0.002796189458333334,-0.0009443873713906757,0.0016671409413522298,0.0007542278146118186,-0.0017884964166666626,3.7509417620435124,0.09985775858668212,-0.0014613482581373738,-0.0016439911351964764,-0.0016483329531968888,1.0053148345104521,-5.4987461562660197e-08,-0.003475018275868606,0.012055364526130898,0.012055364526130898,0.1204500154884566,0.9973659338715569,-5.5279710821015585e-08,3.751716464932857,0.1011741316960857,0.0036904376666666654,0.0013239851837402402,0.0009824006455199097,0.0005147609870836257,0.0032930326916666636,3.751170873082659,0.10234112909648099,-0.0005455918501979795,0.0011669974003952893,0.0011648460831662874,0.996329369345241,3.882745377358152e-08,0.00048285627041881303,-0.0009243081633638346,-0.0009243081633638346,0.17664563202652714,1.0018468682344315,3.868493253151397e-08]"
/multi_agv/m2b_algorithm_state,1789558516.087295,1789558516.087295,m2b_algorithm_state_v1:header6+3x20,"[1.0,-0.15,0.52,3.7538408808373025,0.10125038350505039,1789558516.087177,3.7524186327615277,0.10107520688109105,0.0036904376666666654,0.0015404655825921355,0.000696715105870637,0.0005695226676825788,0.004584685874999997,3.7530662706927327,0.0987745544631572,0.0006476379312050362,-0.0023006524179338544,-0.00230924678756581,1.0075358996463513,1.7608005594192982e-07,-0.0014996993735595147,0.007847520041599304,0.007847520041599304,0.14190975214853746,0.9962782801395536,1.7740697757323213e-07,3.753399111262208,0.10150170611983055,0.002796189458333334,-0.0009438683460378005,0.001667113211597293,0.0007540172591427863,-0.0017884964166666626,3.752905594741153,0.09879288133257541,-0.0004935165210548931,-0.0027088247872551346,-0.0027207077263514895,1.008863073173065,-1.4931114606233118e-07,-0.003337603377670106,0.011997384334313885,0.011997384334313885,0.12044191275458067,0.9956324088099349,-1.506345016754358e-07,3.7527124765512907,0.10117418809942726,0.0036904376666666654,0.0013236740466981661,0.0009824133991741093,0.0005148892188933905,0.0032930326916666636,3.752326361668311,0.10306687108789106,-0.00038611488297979335,0.0018926829884638036,0.0018870552874041195,0.9940958939477089,1.0205205779695468e-07,0.0014044116836793778,-0.004551836525746901,-0.004551836525746901,0.17662043255948373,1.00298226612503,1.0144953162486692e-07]"
/multi_agv/m2b_algorithm_state,1789558516.0972114,1789558516.0972114,m2b_algorithm_state_v1:header6+3x20,"[1.0,-0.15,0.52,3.7548376971533846,0.10125040360429205,1789558516.0970728,3.753416111729359,0.1010752472453546,0.0036904376666666654,0.0015401793337458292,0.0006967405433617731,0.0005696335133924283,0.004584685874999997,3.755362345994383,0.09972233415281412,0.0019462342650236053,-0.0013529130925404864,-0.0013558639801482958,1.0043845076103257,6.084041937509252e-08,0.0010769288511312109,-0.001658269626510543,-0.001658269626510543,0.14190206490412366,0.9978236108850044,6.110717465685802e-08,3.754396579248193,0.10150168078881604,0.002796189458333334,-0.0009435574564650223,0.0016670952326705013,0.0007538918512969423,-0.0017884964166666626,3.7538884835368447,0.09879288133257541,-0.0005080957113481332,-0.0027087994562406265,-0.0027206821748699973,1.008862990766746,-1.4925918958849175e-07,-0.003355801814055164,0.012061658899405334,0.012061658899405334,0.12043707276233419,0.9956324488251044,-1.5058207240766654e-07,3.753709951534356,0.10117422248098053,0.0036904376666666654,0.0013234855216155794,0.0009824219424337428,0.000514966493302568,0.0032930326916666636,3.754251433916449,0.10145112939608825,0.0005414823820930614,0.00027690691510771914,0.00027678497192813495,0.9991201700304645,2.186652622919652e-09,0.0009536379495444617,-0.0021899668519739734,-0.0021899668519739734,0.17660538202887585,1.0004405700885228,2.184728740409044e-09]"
/multi_agv/m2b_algorithm_state,1789558516.1073542,1789558516.1073542,m2b_algorithm_state_v1:header6+3x20,"[1.0,-0.15,0.52,3.755841198800636,0.10125038055218268,1789558516.1071897,3.754412934401816,0.10107529476214255,0.0036904376666666654,0.0015398439571403006,0.0006967730014402203,0.000569762002208848,0.004584685874999997,3.7563826843963093,0.09951089320826625,0.001969749994493508,-0.001564401553876299,-0.0015683534091537005,1.0050819930384451,8.134225723733422e-08,0.0008938340839631847,-0.0009150903489931637,-0.0009150903489931637,0.14189205119396164,0.9974802520564967,8.175563802234577e-08,3.7553933877690326,0.10150165245601715,0.002796189458333334,-0.0009431941965745657,0.0016670718469433687,0.000753746555175322,-0.0017884964166666626,3.7549174493178024,0.09923512004215575,-0.00047593845123028444,-0.002266532413861405,-0.0022748240028043418,1.0073790897501667,-1.0442844947044017e-07,-0.0028697470668421973,0.010174049500407815,0.010174049500407815,0.12043076784794901,0.9963550635421838,-1.0519903637155329e-07,3.754706769289306,0.10117426359471643,0.0036904376666666654,0.0013232617375647563,0.000982433388256588,0.000515057541324053,0.0032930326916666636,3.755062795528174,0.10042820365053168,0.00035602623886799023,-0.0007460599441847515,-0.0007469520033212026,1.0023981206546246,1.588167759252029e-08,-0.00030191920473621485,0.0027271308645542332,0.0027271308645542332,0.17658577822352642,0.9988057343276613,1.5919763771585003e-08]"
/multi_agv/m2b_algorithm_state,1789558516.1172552,1789558516.1172552,m2b_algorithm_state_v1:header6+3x20,"[1.0,-0.15,0.52,3.7568377419660517,0.10125040248808455,1789558516.1171174,3.755416428918827,0.10107523779775085,0.0036904376666666654,0.0015402491889661492,0.0006967371729293063,0.0005696049871978051,0.004584685874999997,3.757299459516148,0.09870125935606225,0.0018830305973209782,-0.002373978441688601,-0.0023831344234593456,1.0077824887225857,1.8746559360659333e-07,-2.9346176808122803e-05,0.0027033871843154915,0.0027033871843154915,0.14190569639226527,0.9961580086794042,1.8892454247470946e-07,3.756396897950772,0.10150168879733402,0.002796189458333334,-0.0009436359811336474,0.0016670974504071623,0.0007539247354540202,-0.0017884964166666626,3.7559104334398197,0.09923512004215575,-0.00048646451095235577,-0.0022665687551782776,-0.0022748606082358042,1.0073792074947239,-1.0448069835744576e-07,-0.002882941246926249,0.01022008061318145,0.01022008061318145,0.12043935922040441,0.9963550060924582,-1.0525168310981901e-07,3.75571026953231,0.10117421506146318,0.0036904376666666654,0.0013235288803014572,0.0009824216232675598,0.0005149478650500819,0.0032930326916666636,3.755984406456978,0.09951197003248469,0.00027413692466815576,-0.001662245028978493,-0.0016667040288352484,1.005398635420965,7.89036557472176e-08,-0.0013240328730000537,0.006739702774212607,0.006739702774212607,0.1766124918822718,0.9973246600598478,7.932962781797816e-08]"
/multi_agv/m2b_algorithm_state,1789558516.127339,1789558516.127339,m2b_algorithm_state_v1:header6+3x20,"[1.0,-0.15,0.52,3.75784109926283,0.10125038041088598,1789558516.127202,3.756412978953516,0.1010752900928492,0.0036904376666666654,0.0015398796665861986,0.0006967722449407346,0.0005697469171536598,0.004584685874999997,3.7582333893653366,0.09810148626512584,0.0018204104118204611,-0.002973803827723359,-0.0029882360824046513,1.0098147081085902,2.9421043323103953e-07,-0.0007127230676290748,0.0053676390546956235,0.0053676390546956235,0.14189471558432326,0.9951703097468529,2.9709802275570406e-07,3.757393432730138,0.10150165722850261,0.002796189458333334,-0.0009432354863695477,0.001667072292259597,0.0007537642212541856,-0.0017884964166666626,3.7566838439947365,0.10022240136688668,-0.0007095887354013897,-0.0012792558616159383,-0.0012818776124425028,1.0041186807575258,-3.324629508444388e-08,-0.00216886353169424,0.007294451487431715,0.007294451487431715,0.12043244543374146,0.9979547573020103,-3.33832259602672e-08,3.7567068142145,0.10117426014290185,0.0036904376666666654,0.0013232830712752272,0.000982433862516419,0.0005150480473275431,0.0032930326916666636,3.757129269435505,0.1003120012324305,0.0004224552210048138,-0.0008622589104713418,-0.0008634515315284317,1.0027752714887506,2.121612183011456e-08,-0.00033538250527241447,0.0028971477070237036,0.0028971477070237036,0.17659099409234216,0.9986187747504729,2.1275002328131535e-08]"
/multi_agv/m2b_algorithm_state,1789558516.1373994,1789558516.1373994,m2b_algorithm_state_v1:header6+3x20,"[1.0,-0.15,0.52,3.758841658181655,0.10125037690948312,1789558516.137313,3.7574163293874077,0.10107523567382563,0.0036904376666666654,0.0015402667105799258,0.000696737789734935,0.0005695970714886811,0.004584685874999997,3.7590685665647494,0.09921886440248195,0.0016522371773417532,-0.0018563712713436792,-0.001861948127521015,1.0060503270470236,1.1459185469967208e-07,0.00020334834415617654,0.0016534344248002532,0.0016534344248002532,0.1419078503623664,0.9970048273123694,1.152851728975301e-07,3.7583967982548745,0.10150169184078628,0.002796189458333334,-0.0009436574534984108,0.001667096976134097,0.0007539342897009138,-0.0017884964166666626,3.757684576197961,0.10022240136688668,-0.0007122220569133475,-0.0012792904738996025,-0.0012819123660599975,1.0041187918870098,-3.326296358444817e-08,-0.002172189937201682,0.007305798923070773,0.007305798923070773,0.12044071537868857,0.9979547024977585,-3.33999668089977e-08,3.7577101701462072,0.10117421371804601,0.0036904376666666654,0.0013235385068271952,0.0009824225133490353,0.0005149432293659363,0.0032930326916666636,3.75809020271592,0.0998617832620342,0.0003800325697129736,-0.001312430456011815,-0.0013152028488424184,1.0042457275832948,4.917681722201158e-08,-0.0008401621367012013,0.004880141224019093,0.004880141224019093,0.17661670905370666,0.9978920416473828,4.9385608591349716e-08]"
/multi_agv/m2b_algorithm_state,1789558516.1470475,1789558516.1470475,m2b_algorithm_state_v1:header6+3x20,"[1.0,-0.15,0.52,3.7598417112335842,0.10125037673569681,1789558516.1469326,3.758416887061215,0.10107522751814386,0.0036904376666666654,0.0015403245832895,0.0006967317180665226,0.0005695751442404748,0.004584685874999997,3.7601150226361675,0.09947747987678118,0.001698135574952353,-0.0015977476413626818,-0.0016018708033528355,1.0051922734019412,8.487533957472588e-08,0.0005207986653376058,0.000417293940761006,0.000417293940761006,0.14191108182985504,0.9974260333720276,8.531603554288045e-08,3.7593973587158556,0.10150169669158982,0.002796189458333334,-0.0009437208106888185,0.0016671016026035268,0.00075395934632011,-0.0017884964166666626,3.7586543249224595,0.09980107940862214,-0.0007430337933960196,-0.0017006172829676786,-0.001705265344508491,1.0055014209942341,-5.8801417800316614e-08,-0.0026340575862535158,0.009111459000375435,0.009111459000375435,0.1204427499156638,0.9972742883940141,-5.912490915469401e-08,3.7587107287678925,0.10117420651871566,0.0036904376666666654,0.0013235778657022332,0.0009824204064508013,0.0005149272647484477,0.0032930326916666636,3.758953570187652,0.09949412603050818,0.00024284141975972062,-0.001680080488207475,-0.0016846363020436507,1.005457658825863,8.060992159368706e-08,-0.001381084527344,0.0069486952087516535,0.0069486952087516535,0.17662303595245504,0.997295669201329,8.104986304372497e-08]"
/multi_agv/m2b_algorithm_state,1789558516.1570802,1789558516.1570802,m2b_algorithm_state_v1:header6+3x20,"[1.0,-0.15,0.52,3.7608443209194196,0.10125036026795602,1789558516.1569712,3.7594169398909605,0.10107522758195707,0.0036904376666666654,0.0015403240063194142,0.0006967308063406282,0.0005695758685631741,0.004584685874999997,3.76112872334984,0.09960630426728734,0.0017117834588793457,-0.0014689233146697317,-0.0014724050105524736,1.004766703070829,7.173408202729485e-08,0.0006673243130467085,-0.00015837431779842318,-0.00015837431779842318,0.1419125228211603,0.9976353680829736,7.207601709637745e-08,3.7603974120867405,0.10150169630404966,0.002796189458333334,-0.0009437204795585872,0.0016671025594678923,0.0007539587050585661,-0.0017884964166666626,3.7596502254227215,0.09980107940862214,-0.0007471866640189617,-0.0017006168954275258,-0.001705264954860597,1.005501419745136,-5.880137045798544e-08,-0.002639248284884299,0.009129774075287752,0.009129774075287752,0.12044365717749461,0.997274289007217,-5.912486147846405e-08,3.7597107817230526,0.10117420632108369,0.0036904376666666654,0.0013235786979087262,0.0009824199969120434,0.0005149271170397187,0.0032930326916666636,3.7599165973405815,0.09917043656218841,0.00020581561752885946,-0.0020037697588952824,-0.0020102659749249747,1.0065329198286403,1.1468800466962792e-07,-0.0017529964530139004,0.008397551487848483,0.008397551487848483,0.17662585738206282,0.9967684793401854,1.1543725220944133e-07]"
/multi_agv/m2b_algorithm_state,1789558516.1670053,1789558516.1670053,m2b_algorithm_state_v1:header6+3x20,"[1.0,-0.15,0.52,3.7618405644835335,0.10125038474096053,1789558516.1668797,3.760419544182561,0.10107518883626539,0.0036904376666666654,0.001540597854147771,0.0006967036449791128,0.0005694712948384136,0.004584685874999997,3.7619623940910536,0.09906731170012438,0.0015428499084926273,-0.0020078771361410064,-0.0020144088869684996,1.0065552878180588,1.341021104773962e-07,-8.584650135271552e-05,0.002740673138286398,0.002740673138286398,0.1419230141420482,0.9967574851015857,1.3498118840858466e-07,3.7614000284123343,0.10150171936311284,0.002796189458333334,-0.0009440179467775996,0.0016671224787438987,0.0007540772854705002,-0.0017884964166666626,3.7607652404194405,0.10093155751717328,-0.0006347879928938482,-0.0005701618459395541,-0.0005706798627342564,1.0018210065103001,-6.606547306554282e-09,-0.0013641648538515667,0.0041450888147214985,0.0041450888147214985,0.12045026239315303,0.9990922812796998,-6.6185778722101235e-09,3.760713390163364,0.10117417260448978,0.0036904376666666654,0.001323762412548089,0.000982410451800187,0.0005148524488748233,0.0032930326916666636,3.761196677392998,0.09929638062917236,0.0004832872296343105,-0.0018777919753174277,-0.001883491621288975,1.006113518378003,1.0072592756024843e-07,-0.001279382584246087,0.006674665550903309,0.006674665550903309,0.17664639994700848,0.9969738936414027,1.0134171736952941e-07]"
/multi_agv/m2b_algorithm_state,1789558516.177206,1789558516.177206,m2b_algorithm_state_v1:header6+3x20,"[1.0,-0.15,0.52,3.7628440750765098,0.10125036223864277,1789558516.1768703,3.761415795187396,0.10107524897729082,0.0036904376666666654,0.0015401709577831254,0.0006967414801013476,0.0005696366567934483,0.004584685874999997,3.7629565591326575,0.09906731170012438,0.0015407639452615918,-0.002007937277166444,-0.0020144694169720676,1.0065554833306933,1.3407295051885717e-07,-8.85144853950779e-05,0.0027496757012090258,0.0027496757012090258,0.14191097022522683,0.9967573894393283,1.3495186351108042e-07,3.7623962630543817,0.10150168141574128,0.002796189458333334,-0.0009435538174754972,0.0016670957125435315,0.0007538900243422852,-0.0017884964166666626,3.7617781136301516,0.10093155751717328,-0.0006181494242301078,-0.0005701238985680035,-0.000570641846528626,1.0018208854632165,-6.602421210121352e-09,-0.0013433286268162608,0.004071717514869127,0.004071717514869127,0.12044267966325581,0.999092341433119,-6.6144434629248936e-09,3.761709635208824,0.10117422382984946,0.0036904376666666654,0.0013234811846075845,0.0009824230722622175,0.0005149677855572311,0.0032930326916666636,3.762024077786962,0.09740194284156739,0.0003144425781380633,-0.00377228098828207,-0.003795612811124893,1.0125453434426441,4.0690687424641403e-07,-0.0034025595884523137,0.014912471047874033,0.014912471047874033,0.17662281748979436,0.9938529497069781,4.120116607330081e-07]"
/multi_agv/m2b_algorithm_state,1789558516.1870687,1789558516.1870687,m2b_algorithm_state_v1:header6+3x20,"[1.0,-0.15,0.52,3.7638424366252323,0.1012503732468588,1789558516.1869478,3.762419298605785,0.10107519503329,0.0036904376666666654,0.0015405530132975489,0.0006967052958758654,0.0005694898727640922,0.004584685874999997,3.764032865422866,0.1007080323780979,0.0016135668170811357,-0.00036716265519209923,-0.0003673783807043488,1.0011767234571893,4.478997341510634e-09,0.0016495801406470707,-0.0041427751597577335,-0.0041427751597577335,0.14192465067483415,0.999412797476444,4.484267882747078e-09,3.763399782390804,0.10150171437168616,0.002796189458333334,-0.0009439691191834949,0.0016671219428832096,0.0007540563991301347,-0.0017884964166666626,3.7628425368169496,0.10084275115514875,-0.0005572455738542814,-0.0006589632165374115,-0.0006596556239422324,1.0021067438399391,-8.824796333270886e-09,-0.0013562125912600842,0.004155246291326578,0.004155246291326578,0.12045129270633446,0.9989503501832018,-8.843387918584722e-09,3.7627131442329396,0.10117417731095218,0.0036904376666666654,0.0013237355186432637,0.000982410630211917,0.0005148640135146866,0.0032930326916666636,3.7629831832748595,0.09839965490618126,0.0002700390419199117,-0.0027745224047709266,-0.002787049800742736,1.0091245328291336,2.2002399286612426e-07,-0.002449500998342846,0.011169134319374432,0.011169134319374432,0.1766496045215312,0.9955051409671721,2.2203160901222827e-07]"
/multi_agv/m2b_algorithm_state,1789558516.1969326,1789558516.1969326,m2b_algorithm_state_v1:header6+3x20,"[1.0,-0.15,0.52,3.764840124417482,0.10125038816043364,1789558516.1968358,3.7634176633664405,0.10107522285709607,0.0036904376666666654,0.0015403548349691423,0.0006967216626668992,0.0005695672616685158,0.004584685874999997,3.7649013236965168,0.10177749822702287,0.0014836603300762974,0.0007022753699267997,0.0007014924995216514,0.9977763957406295,1.63717239249724e-08,0.002556067912117023,-0.00787294001871748,-0.00787294001871748,0.14192010376976924,1.0011160068078877,1.633531968991959e-08,3.7643981401639706,0.10150169615708109,0.002796189458333334,-0.0009437532767970886,0.0016671106162138294,0.0007539687306668819,-0.0017884964166666626,3.7638453675558123,0.10084275115514875,-0.0005527726081582252,-0.0006589450019323373,-0.0006596373711348157,1.0021066856904206,-8.822291393428303e-09,-0.0013506031313325973,0.004135587260083857,0.004135587260083857,0.12044843007418594,0.998950379052528,-8.840877188463559e-09,3.763711506345287,0.10117420072639922,0.0036904376666666654,0.00132360623849515,0.0009824158487717009,0.000514917336920156,0.0032930326916666636,3.764044829072899,0.09931890019389723,0.00033332272761210646,-0.0018553005325019911,-0.0018608635152669612,1.0060387611092945,9.831438106907445e-08,-0.0014442101057518281,0.0072461198702472186,0.0072461198702472186,0.1766407010865193,0.9970105369258251,9.890807812995874e-08]"
/multi_agv/m2b_algorithm_state,1789558516.207059,1789558516.207059,m2b_algorithm_state_v1:header6+3x20,"[1.0,-0.15,0.52,3.765841180059834,0.10125038121329001,1789558516.206849,3.7644153557700273,0.10107525893605096,0.0036904376666666654,0.0015400992721382335,0.0006967451713284056,0.0005696658095463489,0.004584685874999997,3.7658690428454875,0.10117575614664659,0.0014536870754602305,0.00010049721059562922,0.00010048110568256988,0.9996796169934825,3.3535236171306494e-10,0.001917589950007858,-0.005315011269350197,-0.005315011269350197,0.14191317224676572,1.0001602780239125,3.352449205151766e-10,3.765395822378233,0.10150167387598188,0.002796189458333334,-0.0009434757726118183,0.0016670938822525017,0.0007538571466447486,-0.0017884964166666626,3.7644219948884214,0.10065406570087268,-0.0009738274898114518,-0.0008476081751092046,-0.000848755402686713,1.0027156524507836,-1.4594924499131867e-08,-0.002066039764951028,0.006749278794122963,0.006749278794122963,0.12044406605153102,0.9986483413550277,-1.4634559241616937e-08,3.764709195104186,0.10117423166926806,0.0036904376666666654,0.0013234369019900975,0.0009824238709428947,0.0005149865648840933,0.0032930326916666636,3.76495182271951,0.09882671185454334,0.00024262761532378718,-0.0023475198147247245,-0.0023564591911343,1.007683303887538,1.5743196633779498e-07,-0.0020531746719795662,0.009598620434789809,0.009598620434789809,0.17662712891794133,0.9962064369952985,1.586415639767809e-07]"
/multi_agv/m2b_algorithm_state,1789558516.2169943,1789558516.2169943,m2b_algorithm_state_v1:header6+3x20,"[1.0,-0.15,0.52,3.7668419914609537,0.10125037604776153,1789558516.2168925,3.7654164092591698,0.10107524163486309,0.0036904376666666654,0.0015402225119325848,0.0006967344477456724,0.0005696179680731438,0.004584685874999997,3.7667085361878474,0.09984302544174284,0.0012921269286776393,-0.0012322161931202502,-0.001234661828487891,1.0039879228550623,5.0466460564822326e-08,0.0003804968323591581,0.0007476689733604561,0.0007476689733604561,0.14191816227108583,0.9980191860546657,5.0667716916322886e-08,3.7663968805924846,0.10150168502768966,0.002796189458333334,-0.0009436102931377165,0.0016671015979508041,0.0007539114431989458,-0.0017884964166666626,3.7654240215125454,0.10065406570087268,-0.000972859079939159,-0.000847619326816984,-0.0008487665845058739,1.0027156881139223,-1.459738890402832e-08,-0.0020648404344298225,0.006744904179093801,0.006744904179093801,0.12044720773301622,0.9986483236854126,-1.4637030859569292e-08,3.7657102503278486,0.1011742169773173,0.0036904376666666654,0.001323517906611791,0.0009824203983505482,0.0005149532588472313,0.0032930326916666636,3.765806670525947,0.0974059628353199,9.642019809863456e-05,-0.0037682541419973986,-0.003791535476900151,1.012531388010669,4.0604885536541397e-07,-0.0036710102292768576,0.01585082708450672,0.01585082708450672,0.17663689949028075,0.9938596552651048,4.1113721112328597e-07]"
/multi_agv/m2b_algorithm_state,1789558516.2269902,1789558516.2269902,m2b_algorithm_state_v1:header6+3x20,"[1.0,-0.15,0.52,3.767842209601097,0.10125037482205392,1789558516.2268565,3.766417218980391,0.10107522922517431,0.0036904376666666654,0.0015403105207291408,0.0006967260910927023,0.0005695841666153525,0.004584685874999997,3.7681375444528706,0.10051911908236524,0.0017203254724798,-0.0005561101428090687,-0.0005566057359047873,1.0017860955690872,1.0274814778632e-08,0.001593801104694963,-0.0038566693314555775,-0.0038566693314555775,0.1419222880149807,0.9991096155433739,1.0293166579781307e-08,3.7673976940442957,0.10150169264692259,0.002796189458333334,-0.0009437061586526287,0.0016671077500260978,0.0007539497974832082,-0.0017884964166666626,3.7668918877958535,0.10130429376066852,-0.0005058062484422088,-0.00019739888625407154,-0.0001974608035103382,1.0006278001979334,-7.914291456445786e-10,-0.0008297186140630992,0.0020885134458257224,0.0020885134458257224,0.12044980522187616,0.9996864326733916,-7.919260050188645e-10,3.7667110613581745,0.10117420627118766,0.0036904376666666654,0.00132357651323907,0.0009824175488609256,0.00051492933734772,0.0032930326916666636,3.767137973442872,0.09863804454068727,0.0004269120846975838,-0.0025361617305003914,-0.0025466103588552644,1.008318338593002,1.8379251719153618e-07,-0.0020129702529832847,0.009535789102273557,0.009535789102273557,0.17664497804209123,0.9958970447447759,1.853213655803955e-07]"
/multi_agv/m2b_algorithm_state,1789558516.2372053,1789558516.2372053,m2b_algorithm_state_v1:header6+3x20,"[1.0,-0.15,0.52,3.768843742462824,0.10125036525999265,1789558516.237097,3.7674174366321713,0.10107522665295295,0.0036904376666666654,0.0015403284951942655,0.0006967237461693362,0.000569577595137188,0.004584685874999997,3.7692663876990538,0.10175032273628434,0.0018489510668824316,0.0006750960833313974,0.0006743724885419229,0.997861793164562,1.5129053040320862e-08,0.0029855613221449625,-0.009388152667179604,-0.009388152667179604,0.14192431368275138,1.0010729897820105,1.5096703995696346e-08,3.7683979128192386,0.10150169391282002,0.002796189458333334,-0.0009437256882837957,0.0016671096544245145,0.0007539572722982946,-0.0017884964166666626,3.76789796738022,0.10130429376066852,-0.0004999454390186564,-0.00019740015215150009,-0.00019746207020143763,1.000627804222203,-7.914556710152749e-10,-0.0008223938689747581,0.0020625097776803144,0.0020625097776803144,0.12045108053990711,0.9996864306655229,-7.919525502272248e-10,3.7677112793518814,0.1011742039003888,0.0036904376666666654,0.0013235891686914345,0.0009824166470755466,0.0005149243207701708,0.0032930326916666636,3.768221940797021,0.09976268375734577,0.0005106614451397817,-0.0014115201430430213,-0.0014147293731172955,1.0045713918386872,5.6888925024016335e-08,-0.0007764025666925683,0.004698109960312083,0.004698109960312083,0.17664894460741787,0.9977315590279978,5.714898659158281e-08]"
/multi_agv/m2b_algorithm_state,1789558516.247063,1789558516.247063,m2b_algorithm_state_v1:header6+3x20,"[1.0,-0.15,0.52,3.7698415903046434,0.10125037940851818,1789558516.246909,3.7684189663478374,0.10107520431713926,0.0036904376666666654,0.0015404861225378143,0.0006967079039383428,0.0005695175105382362,0.004584685874999997,3.7703578439682324,0.1025306177438375,0.0019388776203950187,0.001455413426698235,0.001452070150855341,0.9954310604167216,7.02833255025513e-08,0.0038756671763491143,-0.012946467103691617,-0.012946467103691617,0.14193099408260387,1.0023024203348059,6.996220523461826e-08,3.7693994495716554,0.10150170703590361,0.002796189458333334,-0.0009438966981318987,0.0016671213264931595,0.0007540253277328601,-0.0017884964166666626,3.7687591422162274,0.10034523276801667,-0.0006403073554279715,-0.0011564742678869394,-0.0011586149157742666,1.0037182044050743,-2.718745282154426e-08,-0.001958999110059231,0.0065004158308420955,0.0065004158308420955,0.12045528630427674,0.9981524077947014,-2.7288541328388076e-08,3.7687128114689803,0.1011741844269351,0.0036904376666666654,0.0013236950418177265,0.000982411019018148,0.0005148813563759696,0.0032930326916666636,3.769171313278303,0.09861751186174332,0.000458501809322609,-0.002556672565191778,-0.00256729252240486,1.0083875469466494,1.8679657598301945e-07,-0.0019941652607515987,0.009478299569944242,0.009478299569944242,0.17666202628146369,0.9958633630097073,1.883633410335504e-07]"
/multi_agv/m2b_algorithm_state,1789558516.2570083,1789558516.2570083,m2b_algorithm_state_v1:header6+3x20,"[1.0,-0.15,0.52,3.770840289936608,0.10125038770321239,1789558516.2567694,3.769416818478778,0.10107523924441966,0.0036904376666666654,0.0015402379679382958,0.0006967297116044152,0.0005696137320206907,0.004584685874999997,3.77128461912176,0.10128026609834273,0.001867800642981976,0.00020502685392306819,0.00020495987641602878,0.9993471526010618,1.395795900653938e-09,0.002539710680143499,-0.007574612980903398,-0.007574612980903398,0.14192462812184928,1.00032678350617,1.3948846589307474e-09,3.770397292288434,0.10150168483723224,0.002796189458333334,-0.0009436266899526691,0.0016671059513719833,0.0007539162861421589,-0.0017884964166666626,3.769766669062084,0.10034523276801667,-0.0006306232263497691,-0.001156452069215566,-0.0011585926352062487,1.0037181332122591,-2.717863459383236e-08,-0.00194687166814346,0.006457801382079256,0.006457801382079256,0.12045127849352144,0.9981524429504927,-2.7279688377779543e-08,3.7697106601467176,0.10117421414390265,0.0036904376666666654,0.00132353166883472,0.0009824182329435157,0.0005149484197935275,0.0032930326916666636,3.770014331744264,0.0969585216182974,0.00030367159754618456,-0.004215692525605247,-0.004244928936151941,1.0140896628200435,5.08348753737571e-07,-0.0038653394392192102,0.01670402915107892,0.01670402915107892,0.17664956029976478,0.9931126266219201,5.155112162727227e-07]"
/multi_agv/m2b_algorithm_state,1789558516.2672198,1789558516.2672198,m2b_algorithm_state_v1:header6+3x20,"[1.0,-0.15,0.52,3.771846421181692,0.10125034826159061,1789558516.2671108,3.770415520726156,0.10107525893737149,0.0036904376666666654,0.0015400988104465187,0.0006967430979023526,0.0005696670881534412,0.004584685874999997,3.7722938058746833,0.10128026609834273,0.0018782851485275032,0.00020500716097124339,0.00020494019633791145,0.9993472153355659,1.3954015893727918e-09,0.0025527966319972904,-0.0076212315312910745,-0.0076212315312910745,0.14192127804031437,1.0003267520697672,1.3944906926145223e-09,3.771395988726169,0.10150167299337076,0.002796189458333334,-0.0009434758122594073,0.0016670963686840068,0.0007538558704750925,-0.0017884964166666626,3.770766538864264,0.10034523276801667,-0.0006294498619050515,-0.0011564402253540912,-0.0011585807476503394,1.0037180952280982,-2.717373361267633e-08,-0.0019453930750316538,0.006452719869848637,0.006452719869848637,0.12044916935985618,0.9981524617074904,-2.7274768141951234e-08,3.770709360357498,0.10117423117889494,0.0036904376666666654,0.0013234387825632192,0.0009824229187186395,0.0005149862450246575,0.0032930326916666636,3.7709804553473076,0.0969585216182974,0.0002710949898094839,-0.004215709560597539,-0.0042449462045269105,1.0140897192611338,5.083171508868722e-07,-0.0039060774672650556,0.016846332228237476,0.016846332228237476,0.1766430003900786,0.9931125996606994,5.154791968384877e-07]"
/multi_agv/m2b_algorithm_state,1789558516.2774167,1789558516.2774167,m2b_algorithm_state_v1:header6+3x20,"[1.0,-0.15,0.52,3.772844419435975,0.1012503619919547,1789558516.2771926,3.771421639506827,0.10107516424222676,0.0036904376666666654,0.001540769291015378,0.0006966800367504073,0.0005694092638339863,0.004584685874999997,3.7729405193481518,0.10052670816475806,0.001518879841324594,-0.0005484560774687008,-0.0005489380947609273,1.0017613615991212,9.99685135996032e-09,0.0013496617068948153,-0.0029947976745445435,-0.0029947976745445435,0.1419442400497111,0.9991219095617031,1.0014459430057876e-08,3.772402135142995,0.10150173090182438,0.002796189458333334,-0.0009442041880515627,0.0016671418839075969,0.0007541479207012897,-0.0017884964166666626,3.7717391321602043,0.10132891098899305,-0.0006630029827907613,-0.00017281991283132903,-0.00017286736202283868,1.0005494764784577,-6.069205257716691e-10,-0.0010016210905112904,0.002687104989760449,0.002687104989760449,0.12046362527635464,0.999725516772198,-6.072540143248738e-10,3.7717154888952553,0.1011741496407207,0.0036904376666666654,0.0013238844972113394,0.0009824012348605745,0.0005148043241599339,0.0032930326916666636,3.7719911304654588,0.10065785855484481,0.00027564157020343316,-0.0005162910858758918,-0.0005167175502507355,1.001655251088477,7.608058371050017e-09,-0.00017216558749644402,0.002165888297868369,0.002165888297868369,0.1766879670497325,0.9991746663633997,7.620651617949894e-09]"
/multi_agv/m2b_algorithm_state,1789558516.2875338,1789558516.2875338,m2b_algorithm_state_v1:header6+3x20,"[1.0,-0.15,0.52,3.7738486429943747,0.10125033560717006,1789558516.287411,3.7724196417277263,0.10107519962159003,0.0036904376666666654,0.0015405164414951486,0.0006967000914441357,0.0005695084321651913,0.004584685874999997,3.773958478730919,0.10052670816475806,0.0015388370031925724,-0.0005484914568319732,-0.0005489735362120907,1.00176147508479,9.996499001208325e-09,0.0013745727177786249,-0.0030832951748343547,-0.0030832951748343547,0.14193840551450684,0.999121853152624,1.0014107585134083e-08,3.773400128794321,0.10150170712433822,0.002796189458333334,-0.0009439280265820102,0.0016671280750384376,0.0007540353971505487,-0.0017884964166666626,3.772677126964714,0.09982135314631443,-0.0007230018296069396,-0.0016803539780237825,-0.0016848912387449888,1.0054346257251154,-5.742032303971106e-08,-0.0025886435257536635,0.008942666782309448,0.008942666782309448,0.12045995220184091,0.9973070898483716,-5.773238100444712e-08,3.7727134877858775,0.10117417922993585,0.0036904376666666654,0.0013237203222399973,0.000982407378839545,0.0005148722917325877,0.0032930326916666636,3.7730104179109127,0.10065785855484481,0.0002969301250352885,-0.0005163206750910393,-0.0005167471882745318,1.0016553458465134,7.60798598591408e-09,-0.00014558453198042123,0.0020715480503215064,0.0020715480503215064,0.17667654040264963,0.9991746192467603,7.620579833916194e-09]"
/multi_agv/m2b_algorithm_state,1789558516.2969906,1789558516.2969906,m2b_algorithm_state_v1:header6+3x20,"[1.0,-0.15,0.52,3.7748370180380277,0.10125041004098347,1789558516.2968585,3.7734238567045764,0.1010751381384991,0.0036904376666666654,0.0015409498306679361,0.0006966565333394569,0.0005693432326269312,0.004584685874999997,3.7754585233381626,0.10083357239828411,0.002034666633586202,-0.00024156574021498567,-0.0002416590320715703,1.0007730974784403,1.9391365403174577e-09,0.002301674259911182,-0.0065143527710167,-0.0065143527710167,0.1419524905642649,0.9996139525355833,1.940635681887129e-09,3.774404362967348,0.10150174304380837,0.002796189458333334,-0.0009443974455602975,0.001667159918918859,0.0007542223099149259,-0.0017884964166666626,3.7739760751689233,0.09903670010392647,-0.00042828779842452036,-0.002465042939881895,-0.0024748652260181956,1.0080433316688717,-1.2369548815690252e-07,-0.003010224974048846,0.010747694229800767,0.010747694229800767,0.12046881788111956,0.9960311834224188,-1.246904119940915e-07,3.7737177093112004,0.10117412563920271,0.0036904376666666654,0.0013240113187306048,0.000982391796374116,0.0005147542614389899,0.0032930326916666636,3.774053772675662,0.09858417454529657,0.0003360633644615696,-0.00258995109390614,-0.0026008520541570056,1.0084999058539483,1.9174105955776902e-07,-0.0021807728485800436,0.010148718150693011,0.010148718150693011,0.17670412199741983,0.9958086965256473,1.9337084051234635e-07]"
/multi_agv/m2b_algorithm_state,1789558516.3070073,1789558516.3070073,m2b_algorithm_state_v1:header6+3x20,"[1.0,-0.15,0.52,3.7758414290628313,0.10125038088598814,1789558516.30688,3.7744122549370966,0.10107531891448501,0.0036904376666666654,0.0015396677813486982,0.0006967739609229362,0.0005698378679712676,0.004584685874999997,3.776474681226524,0.10083357239828411,0.0020624262894273215,-0.00024174651620090248,-0.00024183994763937695,1.0007736757228312,1.9404228166832398e-09,0.002336192914144775,-0.006637984178672688,-0.006637984178672688,0.14191470914033477,0.9996136641634831,1.9419240747085354e-09,3.7753927099909674,0.10150163062907228,0.002796189458333334,-0.0009430033992228228,0.0016670758588204215,0.0007536617642664306,-0.0017884964166666626,3.7750898461486915,0.10024107268519303,-0.00030286384227595775,-0.001260557943879248,-0.0012631032557318895,1.004057624484192,-3.227317876827974e-08,-0.0016416830585768366,0.005423774385976044,0.005423774385976044,0.12044503367639439,0.9979848742839581,-3.2404131208632615e-08,3.774706089186018,0.10117428057939311,0.0036904376666666654,0.0013231621935281775,0.000982431525040961,0.0005151016588528256,0.0032930326916666636,3.7750472620884556,0.09858417454529657,0.00034117290243784737,-0.00259010603409654,-0.0026010082887333663,1.0085004115776262,1.9164090036938635e-07,-0.002174542160686057,0.010126021620543173,0.010126021620543173,0.17663013816442139,0.9958084506366045,1.9326992689763298e-07]"
/multi_agv/m2b_algorithm_state,1789558516.3170295,1789558516.3170295,m2b_algorithm_state_v1:header6+3x20,"[1.0,-0.15,0.52,3.77684001209799,0.10125038984349011,1789558516.3168867,3.7754166571477277,0.10107524636801435,0.0036904376666666654,0.0015401837711638065,0.0006967294541043493,0.000569637357985228,0.004584685874999997,3.7773901079686314,0.10011709210092055,0.0019734508209037216,-0.0009581542670937943,-0.0009596299446180579,1.0030913776010324,3.050757985174423e-08,0.0015071835815115941,-0.003362169952899846,-0.003362169952899846,0.14193157826290237,0.9984622431463923,3.060189030075962e-08,3.7763971315187757,0.10150167720247454,0.002796189458333334,-0.0009435653243502562,0.001667107367834042,0.0007538889494592138,-0.0017884964166666626,3.7762506919845515,0.10094871263143866,-0.0001464395342241076,-0.0005529645710358744,-0.000553451747033879,1.0017657378192646,-6.21097117654701e-09,-0.0007365011648140135,0.0019142892235623024,0.0019142892235623024,0.12045565408849966,0.9991197498235111,-6.2219381232478014e-09,3.7757104985219896,0.10117421908747551,0.0036904376666666654,0.001323500743978499,0.000982416996858926,0.0005149624674289787,0.0032930326916666636,3.7762930921422355,0.10130914390910384,0.0005825936202459303,0.00013492482162832942,0.0001348958388587658,0.999570605513306,5.192117253456998e-10,0.0008631378641661787,-0.0018028461568320477,-0.0018028461568320477,0.17666317031153855,1.0002148529547599,5.189887786934095e-10]"
/multi_agv/m2b_algorithm_state,1789558516.3269546,1789558516.3269546,m2b_algorithm_state_v1:header6+3x20,"[1.0,-0.15,0.52,3.7778407646099055,0.1012503847363309,1789558516.3268442,3.776415243088654,0.10107526730010134,0.0036904376666666654,0.0015400360632611266,0.0006967442661339083,0.0005696936787761173,0.004584685874999997,3.778339945285352,0.10041630014901956,0.001924702196697936,-0.0006589671510817824,-0.0006596635658430498,1.0021189095396354,1.4425581793204387e-08,0.0017462141800293702,-0.004348551330549462,-0.004348551330549462,0.1419278150687519,0.9989442879714338,1.44561482960808e-08,3.7773957109733964,0.10150166488606238,0.002796189458333334,-0.0009434051981426681,0.0016670966262193332,0.0007538251277168506,-0.0017884964166666626,3.7767681011823018,0.09882551550915464,-0.0006276097910946632,-0.002676149376907744,-0.002687744517364788,1.0087529477627812,-1.4565615156304687e-07,-0.003472256756233117,0.01245823292852389,0.01245823292852389,0.12045328491781626,0.9956859216409405,-1.4693107224900596e-07,3.7767090822319194,0.10117423734430657,0.0036904376666666654,0.0013234014450056457,0.0009824222688248792,0.0005150027674076358,0.0032930326916666636,3.776795157683336,0.1002455190902451,8.607545141670059e-05,-0.0009287182540614752,-0.0009301024991452602,1.0029914245904543,2.4615987346733767e-08,-0.0008225081848743845,0.004650272649261546,0.004650272649261546,0.17665580102193607,0.9985117284545981,2.46896242166011e-08]"
/multi_agv/m2b_algorithm_state,1789558516.336948,1789558516.336948,m2b_algorithm_state_v1:header6+3x20,"[1.0,-0.15,0.52,3.7788422956473124,0.10125037483885925,1789558516.3368309,3.777415994133099,0.10107525398704505,0.0036904376666666654,0.0015401313049339792,0.0006967369558018349,0.0005696561979313147,0.004584685874999997,3.7794163700762113,0.10065724657650355,0.00200037594311242,-0.0004180074105415016,-0.0004182871274991372,1.001340446154707,5.804009504421013e-09,0.002082182801391388,-0.005652764509729787,-0.005652764509729787,0.14193173285624136,0.9993312800245421,5.811789466643097e-09,3.778396465182074,0.10150167394118352,0.002796189458333334,-0.0009435093232437507,0.0016671017165053037,0.0007538676145578821,-0.0017884964166666626,3.77775202125733,0.09882551550915464,-0.0006444439247439426,-0.002676158432028883,-0.002687753650334764,1.0087529772118617,-1.456732084606598e-07,-0.0034933085562646924,0.012532145826299895,0.012532145826299895,0.12045575140127775,0.9956859073358761,-1.4694828273469474e-07,3.777709834514544,0.10117422628076411,0.0036904376666666654,0.0013234629159384237,0.0009824200870214737,0.000514977257052514,0.0032930326916666636,3.777759451703481,0.09986206112239567,4.9617188937034484e-05,-0.0013121651583684474,-0.0013149364244644923,1.0042448559194854,4.915411864495187e-08,-0.0012529149382931992,0.006338336048240098,0.006338336048240098,0.1766634730073255,0.9978924714195415,4.936277079644898e-08]"
/multi_agv/m2b_algorithm_state,1789558516.3470995,1789558516.3470995,m2b_algorithm_state_v1:header6+3x20,"[1.0,-0.15,0.52,3.779843463520178,0.10125036757508853,1789558516.3469949,3.7784175221006557,0.10107522977804488,0.0036904376666666654,0.0015403031206960927,0.0006967215018037539,0.0005695897613103155,0.004584685874999997,3.7804035895834125,0.09997614201839916,0.0019860674827567593,-0.00109908775964572,-0.0011010315386709975,1.0035517302376482,4.014922339841636e-08,0.0013815528147749516,-0.0028521082985960245,-0.0028521082985960245,0.1419384074813792,0.998234583699915,4.029182260917861e-08,3.779397999919206,0.10150168913194514,0.002796189458333334,-0.0009436962772934876,0.0016671128156806603,0.0007539428792576464,-0.0017884964166666626,3.779021590168946,0.10076597240856791,-0.00037640975026009826,-0.0007357167233772305,-0.0007365803239617788,1.0023541768807287,-1.0997678095716793e-08,-0.0012070925117869016,0.0036605941739678814,0.0036605941739678814,0.12045995343102849,0.9988275540949787,-1.1023568575231426e-08,3.7787113649220756,0.10117420560658776,0.0036904376666666654,0.0013235763363773356,0.0009824149192968487,0.0005149307817589512,0.0032930326916666636,3.7788239336639773,0.10019898729582605,0.00011256874190168631,-0.000975218310761708,-0.0009767451780170505,1.0031428544660164,2.7147151336672022e-08,-0.0008360342506399427,0.004718603333625516,0.004718603333625516,0.17667654421819415,0.9984367803499757,2.7232470882490103e-08]"
/multi_agv/m2b_algorithm_state,1789558516.357021,1789558516.357021,m2b_algorithm_state_v1:header6+3x20,"[1.0,-0.15,0.52,3.7808434374119755,0.10125036813828016,1789558516.3568904,3.7794186876142293,0.1010752127371515,0.0036904376666666654,0.0015404233571975332,0.0006967095991337038,0.0005695438349332615,0.004584685874999997,3.781362315446187,0.09990222991738813,0.0019436278319577838,-0.0011729828197633713,-0.001175197991813737,1.0037936867022943,4.573529807896965e-08,0.0012543367981334927,-0.0023679572696178115,-0.0023679572696178115,0.14194379668172363,0.9981150648096777,4.59088034711173e-08,3.780399170702497,0.10150169919299848,0.002796189458333334,-0.0009438266595327761,0.001667121546958139,0.0007539948537298724,-0.0017884964166666626,3.780023613145301,0.10076597240856791,-0.0003755575571959824,-0.0007357267844305682,-0.0007365904085832498,1.0023542090229365,-1.0999497951488186e-08,-0.0012060373550782278,0.0036567321261477543,0.0036567321261477543,0.12046334615636098,0.998827538150622,-1.1025393068813351e-08,3.7797125322438068,0.10117419079511558,0.0036904376666666654,0.0013236568667649115,0.0009824107083883154,0.0005148980653134892,0.0032930326916666636,3.779835682326876,0.10053714846639009,0.000123150083069401,-0.0006370423287254956,-0.0006376921976942039,1.002045175595842,1.1581976365015013e-08,-0.00048375459385745266,0.003323159389923986,0.003323159389923986,0.17668709869220792,0.9989809049396274,1.160566354042836e-08]"
/multi_agv/m2b_algorithm_state,1789558516.367067,1789558516.367067,m2b_algorithm_state_v1:header6+3x20,"[1.0,-0.15,0.52,3.78184382657722,0.10125036603586224,1789558516.3669076,3.7804186615547417,0.10107521494821757,0.0036904376666666654,0.0015404068165783933,0.0006967098619375274,0.0005695508679018187,0.004584685874999997,3.782389528236876,0.1001855487609361,0.001970866682134087,-0.0008896661872814654,-0.0008909377876489874,1.0028681906540013,2.6304715484213155e-08,0.0015726455650186214,-0.0036255489291402367,-0.0036255489291402367,0.14194495800439666,0.998572739437983,2.638016242332114e-08,3.781399144616129,0.10150169706904519,0.002796189458333334,-0.0009438081405055338,0.0016671216124599653,0.0007539867922950749,-0.0017884964166666626,3.7807796413369132,0.09852194753131716,-0.0006195032792155608,-0.0029797495377280325,-0.002994157691078676,1.009779270563529,-1.806916720128973e-07,-0.003768536790098127,0.013618649375299696,0.013618649375299696,0.12046407725458405,0.9951879109795809,-1.8245870476208784e-07,3.780712506065056,0.10117419239757773,0.0036904376666666654,0.0013236471988935573,0.0009824105344071526,0.0005149023464461923,0.0032930326916666636,3.780807435208878,0.10038472878567677,9.492914382214224e-05,-0.0007894636119009646,-0.000790462813513402,1.0025388845336953,1.7789050297410193e-08,-0.0006718013837357242,0.004056165988550131,0.004056165988550131,0.17668937316628147,0.9987359283759394,1.7834214642079417e-08]"
/multi_agv/m2b_algorithm_state,1789558516.3772583,1789558516.3772583,m2b_algorithm_state_v1:header6+3x20,"[1.0,-0.15,0.52,3.7828396569062916,0.10125039286463496,1789558516.3771396,3.7814190499427593,0.10107521071168786,0.0036904376666666654,0.0015404359413275725,0.0006967059246845151,0.0005695402914831227,0.004584685874999997,3.783450612475071,0.10058060907458063,0.002031562532311515,-0.0004946016371072254,-0.0004949934811426244,1.0015874405014027,8.12793727826243e-09,0.0020444596842467693,-0.005482390283900752,-0.005482390283900752,0.14194758997255835,0.9992083854629871,8.140839895090804e-09,3.7823995348037744,0.10150169892261915,0.002796189458333334,-0.0009438392005076605,0.0016671246796629013,0.0007539986602707743,-0.0017884964166666626,3.781765396574577,0.09852194753131716,-0.0006341382291972231,-0.0029797513913019935,-0.0029941595624209073,1.009779276608603,-1.806978419215059e-07,-0.003786832348917436,0.013682869530258353,0.013682869530258353,0.12046573415497135,0.9951879080528147,-1.8246493610023393e-07,3.7817128949851266,0.10117418847327966,0.0036904376666666654,0.0013236677676352828,0.0009824089255205063,0.0005148942675657353,0.0032930326916666636,3.781858476424447,0.10089081345428735,0.00014558143932053014,-0.0002833750189923101,-0.000283503267522987,1.000906119424507,2.291216936704405e-09,-0.00010152646837232433,0.0018111247592938332,0.0018111247592938332,0.17669452794031287,0.9995476294442831,2.2932930528765125e-09]"
/multi_agv/m2b_algorithm_state,1789558516.3872337,1789558516.3872337,m2b_algorithm_state_v1:header6+3x20,"[1.0,-0.15,0.52,3.7838394487255864,0.10125039376260199,1789558516.3871076,3.782414888681161,0.10107527550507289,0.0036904376666666654,0.0015399767437710389,0.0006967485659180811,0.0005697171547785095,0.004584685874999997,3.7844549785773323,0.10020163071441263,0.0020400898961714375,-0.0008736447906602662,-0.0008748708554779296,1.0028160274723201,2.5358470471162284e-08,0.0016752415147363673,-0.003996546726801058,-0.003996546726801058,0.14193407880839704,0.9985985762241517,2.5429880620665094e-08,3.7833953549399824,0.10150165894179991,0.002796189458333334,-0.0009433401186416915,0.001667094101073907,0.0007537982314948372,-0.0017884964166666626,3.782862110587644,0.10072581959524186,-0.000533244352338258,-0.0007758393465580465,-0.0007768000011328826,1.002483692738556,-1.2225634901530268e-08,-0.001443355441555705,0.004514727520520722,0.004514727520520722,0.12045722832056749,0.9987633180053616,-1.2255999622159436e-08,3.78270872709773,0.10117424414703209,0.0036904376666666654,0.0013233629776428922,0.0009824234744696177,0.0005150188143703961,0.0032930326916666636,3.782952796733207,0.10102170013146078,0.00024406963547685123,-0.00015254401557131259,-0.00015258114258392817,1.0004870516882758,6.637333093889764e-10,0.00015250590176213587,0.0008508709843244941,0.0008508709843244941,0.17666806711929126,0.9997566736492672,6.640565818178792e-10]"
/multi_agv/m2b_algorithm_state,1789558516.3973124,1789558516.3973124,m2b_algorithm_state_v1:header6+3x20,"[1.0,-0.15,0.52,3.7848388327599793,0.10125039723314512,1789558516.397169,3.78341468099509,0.10107527617444899,0.0036904376666666654,0.0015399733903060007,0.0006967512120634287,0.0005697172319878399,0.004584685874999997,3.7853204882905693,0.09934043982133223,0.0019058072954791783,-0.0017348363531167615,-0.001739702432008996,1.0056464841982482,1.0005136401306883e-07,0.0006425566873399769,4.932762421999671e-05,4.932762421999671e-05,0.1419345953106676,0.9972029245906066,1.006163024589818e-07,3.7843951460284377,0.10150165982891869,0.002796189458333334,-0.0009433374124758719,0.0016670919085535196,0.0007537981989501064,-0.0017884964166666626,3.7838651578399825,0.10072581959524186,-0.0005299881884552882,-0.0007758402336768278,-0.0007768008904434701,1.0024836955736933,-1.2225627745810426e-08,-0.0014392861260125803,0.004500324344397219,0.004500324344397219,0.12045755348742389,0.9987633165995807,-1.2255992483328317e-08,3.783708519153232,0.10117424528443829,0.0036904376666666654,0.001323358173184463,0.0009824248558502951,0.0005150201783959201,0.0032930326916666636,3.7836886396304625,0.10115922680100217,-1.987952276927274e-05,-1.5018483436116115e-05,-1.5018842937395836e-05,1.0000478772287857,6.432976409961482e-12,-3.9868246398986763e-05,0.0014716408961971243,0.0014716408961971243,0.17666907861137332,0.9999760633171797,6.433284403044836e-12]"
/multi_agv/m2b_algorithm_state,1789558516.407008,1789558516.407008,m2b_algorithm_state_v1:header6+3x20,"[1.0,-0.15,0.52,3.7858386385688907,0.10125039792484729,1789558516.4068425,3.7844140663272556,0.1010752829810628,0.0036904376666666654,0.0015399266775299155,0.0006967579608819993,0.0005697339696590222,0.004584685874999997,3.786319282106324,0.09934043982133223,0.0019052157790682145,-0.0017348431597305758,-0.0017397092766116011,1.0056465062704585,1.0004911149991248e-07,0.000641810447223667,5.1916615209647706e-05,5.1916615209647706e-05,0.14193366797122633,0.9972029137589569,1.0061403943535054e-07,3.785394528350611,0.10150165701309381,0.002796189458333334,-0.0009432877406209675,0.0016670867718948656,0.000753779339846064,-0.0017884964166666626,3.7849934763720325,0.10129219196849314,-0.0004010519785784261,-0.00020946504460067628,-0.00020953476908527115,1.000666266555327,-8.90752157022963e-10,-0.0007108497423083037,0.0016725569231160952,0.0016725569231160952,0.12045696968388193,0.9996672414563975,-8.913456353942728e-10,3.7847079036020714,0.10117425170527876,0.0036904376666666654,0.0013233245675473406,0.0009824276726018606,0.0005150332799889004,0.0032930326916666636,3.784705719988845,0.10115922680100217,-2.1836132262365027e-06,-1.5024904276586537e-05,-1.502526408531279e-05,1.000047897697028,6.438314495616128e-12,-1.775478061810842e-05,0.0013931115564536334,0.0013931115564536334,0.17666726260119828,0.9999760530847105,6.43862287605321e-12]"
/multi_agv/m2b_algorithm_state,1789558516.4170294,1789558516.4170294,m2b_algorithm_state_v1:header6+3x20,"[1.0,-0.15,0.52,3.786837558177007,0.10125040423396242,1789558516.4169228,3.7854138725665654,0.10107528295731068,0.0036904376666666654,0.001539928533131344,0.000696760353577108,0.0005697319207876388,0.004584685874999997,3.787303016042581,0.09924239501400202,0.0018891434760157644,-0.0018328879433086587,-0.0018383236315143675,1.005972207155243,1.1168468732029983e-07,0.000523105713505338,0.000514949266923623,0.000514949266923623,0.14193423399836191,0.9970431277102002,1.1235169140904521e-07,3.7863943334877734,0.10150165852948657,0.002796189458333334,-0.0009432910299188579,0.0016670847566482294,0.0007537818139178726,-0.0017884964166666626,3.7858882194086387,0.09916312014743078,-0.0005061140791347007,-0.002338538382055791,-0.002347369969057865,1.0076196964769015,-1.1118572723386318e-07,-0.002980012567976241,0.010591348003647761,0.010591348003647761,0.12045732603015659,0.9962376672111815,-1.1203292872794878e-07,3.7857077096523333,0.1011742522877446,0.0036904376666666654,0.0013233230744366053,0.000982429052132994,0.0005150332096391461,0.0032930326916666636,3.78567633495946,0.10140011843958292,-3.137469287306516e-05,0.0002258661518383248,0.00022578498854400098,0.9992819288431635,1.45471132404044e-09,0.00018656662245266953,0.0005587676852388949,0.0005587676852388949,0.1766683710722655,1.0003594716143318,1.453666737797123e-09]"
/multi_agv/m2b_algorithm_state,1789558516.427092,1789558516.427092,m2b_algorithm_state_v1:header6+3x20,"[1.0,-0.15,0.52,3.787844059896161,0.10125036188790748,1789558516.4269273,3.786412794370994,0.10107529635324033,0.0036904376666666654,0.0015398355004360973,0.0006967717337615469,0.0005697663272240552,0.004584685874999997,3.788320864127077,0.09960295822495388,0.0019080697560829307,-0.0014723381282864545,-0.0014758361175725176,1.004777963722053,7.204527810130814e-08,0.0009092510775311458,-0.0010116112694228976,-0.0010116112694228976,0.1419316623301371,0.9976298253956429,7.238950782642142e-08,3.7873932502691723,0.10150165191465672,0.002796189458333334,-0.000943191407350232,0.0016670762764952052,0.0007537430420829216,-0.0017884964166666626,3.7864130393303235,0.10092657465836219,-0.0009802109388488134,-0.0005750772562945344,-0.00057560426339905,1.0018368095885135,-6.715089726113005e-09,-0.0018008679369600667,0.005695168798634687,0.005695168798634687,0.12045570700215409,0.9990844280731981,-6.7274240673096576e-09,3.786706629890855,0.10117426443399019,0.0036904376666666654,0.0013232584794920783,0.0009824335565697066,0.0005150588660269725,0.0032930326916666636,3.7866868404546663,0.10022677830112954,-1.9789436188855092e-05,-0.0009474861328606504,-0.0009489270934218385,1.003052522504243,2.5618495941759637e-08,-0.0009736638886579074,0.005193112711171802,0.005193112711171802,0.17666333488917485,0.9984814844352351,2.5696696977146718e-08]"
/multi_agv/m2b_algorithm_state,1789558516.4370975,1789558516.4370975,m2b_algorithm_state_v1:header6+3x20,"[1.0,-0.15,0.52,3.788844327208649,0.1012503608061735,1789558516.4369705,3.7874192828658106,0.10107519342964653,0.0036904376666666654,0.0015405655579824149,0.0006967049496271467,0.0005694846152707044,0.004584685874999997,3.7889410928467475,0.09975695593512404,0.0015218099809368724,-0.0013182374945224923,-0.0013210383263014167,1.0042704643545382,5.777480865927087e-08,0.0005812241498696737,7.760204776781007e-05,7.760204776781007e-05,0.14195249124059156,0.9978798254954752,5.8021533920240544e-08,3.7883997679666948,0.10150171600239419,0.002796189458333334,-0.0009439855551357985,0.0016671242116013119,0.0007540623434600935,-0.0017884964166666626,3.7874181783911225,0.10092657465836219,-0.0009815895755722615,-0.0005751413440319986,-0.0005756684684028717,1.001837014029256,-6.722240047352921e-09,-0.0018026554378681985,0.005700734629424838,0.005700734629424838,0.1204688174970753,0.9990843264833742,-6.7345888966279354e-09,3.7877131288559776,0.10117417623168175,0.0036904376666666654,0.001323741950217038,0.0009824110227439238,0.0005148610215088634,0.0032930326916666636,3.786929520134823,0.09916733825780738,-0.0007836087211545717,-0.0020068379738743675,-0.002013354252631575,1.0065431517750498,1.1505393845013092e-07,-0.0029928651540747898,0.012768738980938997,0.012768738980938997,0.17670412069116456,0.9967634713321362,1.1580675383172737e-07]"
/multi_agv/m2b_algorithm_state,1789558516.447191,1789558516.447191,m2b_algorithm_state_v1:header6+3x20,"[1.0,-0.15,0.52,3.7898420126144288,0.10125037612439071,1789558516.4470043,3.788419549541723,0.10107519256731572,0.0036904376666666654,0.001540570080954208,0.0006967017842056218,0.0005694843012278818,0.004584685874999997,3.7899192850631973,0.09946952505120071,0.0014997355214743102,-0.001605667516115003,-0.0016098319059750454,1.0052184789730187,8.573299441366342e-08,0.0002648374958678424,0.001324536613989749,0.001324536613989749,0.14195249234789312,0.9974131523641779,8.618039024230506e-08,3.7894000362103637,0.1015017150314615,0.002796189458333334,-0.0009439896743094018,0.00166712700514271,0.0007540626758640312,-0.0017884964166666626,3.7889175915679525,0.1024553550560372,-0.0004824446424112061,0.0009536400245756943,0.0009522075008514498,0.9970065429449733,-1.846154884615341e-08,0.00034915169783744215,-0.002618029189531435,-0.002618029189531435,0.12046881685695537,1.001504423902315,-1.8406284992513173e-08,3.7887133958738617,0.10117417481974326,0.0036904376666666654,0.0013237480079419913,0.000982409432161325,0.0005148592230569161,0.0032930326916666636,3.7879396182203773,0.09942531986148627,-0.0007737776534844087,-0.0017488549582569957,-0.0017537939537022097,1.0056854757205445,8.735983227622222e-08,-0.0027210160205577206,0.0117050985474457,0.0117050985474457,0.17670411854678228,0.9971838222872258,8.785651448157951e-08]"
/multi_agv/m2b_algorithm_state,1789558516.4570346,1789558516.4570346,m2b_algorithm_state_v1:header6+3x20,"[1.0,-0.15,0.52,3.7908477692154077,0.10125033945921247,1789558516.4569182,3.789417239543241,0.10107523074835248,0.0036904376666666654,0.0015402984427537688,0.0006967251273424678,0.0005695899032001767,0.004584685874999997,3.7914116166034573,0.09889927730049725,0.0019943770602162125,-0.0021759534478552334,-0.0021836341976421278,1.0071174569793544,1.5747964683983827e-07,0.0003093371276281379,0.0014228782775623878,0.0014228782775623878,0.14195119689553454,0.9964825840357382,1.5860050145134473e-07,3.7903977161526554,0.10150169046165515,0.002796189458333334,-0.0009436939417635229,0.0016671106146808334,0.0007539430117933094,-0.0017884964166666626,3.7899399858719054,0.1024553550560372,-0.00045773028075002387,0.0009536645943820504,0.0009522319966291121,0.9970064656566919,-1.8456717977315843e-08,0.0003800691456915823,-0.0027278685027528372,-0.0027278685027528372,0.12046800480818105,1.0015044629439147,-1.8401467158185997e-08,3.789711082147389,0.10117420716316451,0.0036904376666666654,0.0013235698354255566,0.0009824170537968031,0.0005149324894159167,0.0032930326916666636,3.789459420627183,0.10059110540310717,-0.00025166152020572596,-0.000583101760057339,-0.0005836460132205497,1.0018708612067602,9.702642312680662e-09,-0.0008982229134777072,0.004767533992262052,0.004767533992262052,0.17670159245548478,0.9990674944214772,9.720794609786525e-09]"
/multi_agv/m2b_algorithm_state,1789558516.467159,1789558516.467159,m2b_algorithm_state_v1:header6+3x20,"[1.0,-0.15,0.52,3.7918502974498884,0.10125032464977453,1789558516.4669683,3.7904229844211295,0.10107514372318946,0.0036904376666666654,0.0015409135967603695,0.0006966657541768834,0.0005693541423408554,0.004584685874999997,3.7923959204587714,0.09915384547161081,0.001972936037641926,-0.0019212982515786486,-0.0019272749611404937,1.006266523211167,1.228047006894547e-07,0.0005388950859119136,0.0005001555574921288,0.0005001555574921288,0.14195249983073574,0.9968988807085896,1.2357425919676557e-07,3.7914034871087225,0.10150174279515639,0.002796189458333334,-0.0009443615778344417,0.0016671536799441888,0.000754210007831782,-0.0017884964166666626,3.790807606159797,0.10161743004827298,-0.0005958809489254868,0.00011568725311658645,0.00011566603713368504,0.9996333790549392,-2.71956812205289e-10,-0.0006291851490231735,0.0012380791640076187,0.0012380791640076187,0.12046881253315139,1.0001834244816123,-2.718571071417826e-10,3.7907168361163714,0.10117413185929154,0.0036904376666666654,0.0013239804495608666,0.0009823963344260953,0.0005147652815563142,0.0032930326916666636,3.7904690204122664,0.09972611407121171,-0.0002478157041050366,-0.0014480177880798334,-0.0014513960584569786,1.004691529600986,5.988810520541212e-08,-0.0017611656885882744,0.008192164757337958,0.008192164757337958,0.17670410394103325,0.9976723993719971,6.016907202373027e-08]"
/multi_agv/m2b_algorithm_state,1789558516.4771247,1789558516.4771247,m2b_algorithm_state_v1:header6+3x20,"[1.0,-0.15,0.52,3.792844116038905,0.10125036543812288,1789558516.4769766,3.7914255074564918,0.10107511190260342,0.0036904376666666654,0.001541135142135904,0.0006966392393497499,0.0005692719032433232,0.004584685874999997,3.7934408564634126,0.09971264006832622,0.002015349006920797,-0.001362471834277193,-0.0013654647880308602,1.0044159693872408,6.174189857918331e-08,0.0011537214706201359,-0.0019241998863699845,-0.0019241998863699845,0.14195250502068663,0.9978081062361311,6.201454891321911e-08,3.7924060220056193,0.10150175893335048,0.002796189458333334,-0.0009445997505033868,0.001667173667194266,0.0007543028507278338,-0.0017884964166666626,3.7918188293542356,0.10161743004827298,-0.0005871926513836279,0.00011567111492249982,0.00011564990486043074,0.9996334302110397,-2.719494951159167e-10,-0.0006183409093691041,0.0011993353721571794,0.0011993353721571794,0.1204688095411517,1.0001833988717472,-2.718498066468842e-10,3.7917193628875525,0.1011741031133697,0.0036904376666666654,0.0013241337783198603,0.000982386043633144,0.0005147041723225589,0.0032930326916666636,3.7913905358190125,0.09896110035750875,-0.000328827068539983,-0.002213002755860949,-0.002220938973623179,1.0072321013537529,1.3996798504035027e-07,-0.002631972809298158,0.011581640193002512,0.011581640193002512,0.1767040938317879,0.9964266385269995,1.4098024769444264e-07]"
/multi_agv/m2b_algorithm_state,1789558516.4870596,1789558516.4870596,m2b_algorithm_state_v1:header6+3x20,"[1.0,-0.15,0.52,3.793845571936737,0.1012503565856167,1789558516.4869516,3.792419338411596,0.10107521352478449,0.0036904376666666654,0.0015404118384480716,0.000696701688442846,0.0005695529425262135,0.004584685874999997,3.7944420148737033,0.09967111273456164,0.002022676462107409,-0.0014041007902228508,-0.001407280424255014,1.0045530249362324,6.554350103913419e-08,0.001121065153379247,-0.0017903983172833115,-0.0017903983172833115,0.14195249451781158,0.9977405824899139,6.584192223377335e-08,3.7933998258838213,0.10150169347601523,0.002796189458333334,-0.0009438114679109853,0.0016671295347490123,0.000753984113677067,-0.0017884964166666626,3.792697802810883,0.1029944174028025,-0.0007020230729382071,0.0014927239267872733,0.0014892283859137413,0.9953431155930412,-4.520709962784686e-08,0.0006116995447409824,-0.0038014820968379584,-0.0038014820968379584,0.1204688156034578,1.0023472161198346,-4.499657539050611e-08,3.7927131838212977,0.1011741893135689,0.0036904376666666654,0.0013236587363811354,0.000982406349023579,0.0005148995224009893,0.0032930326916666636,3.792460200770237,0.09983179267359803,-0.00025298305106069563,-0.0013423966399708775,-0.0013452977363215836,1.0043441384725618,5.145384564935224e-08,-0.0016615265501474532,0.007795125424764951,0.007795125424764951,0.1767041143106864,0.9978435284083368,5.167736827979884e-08]"
/multi_agv/m2b_algorithm_state,1789558516.4971824,1789558516.4971824,m2b_algorithm_state_v1:header6+3x20,"[1.0,-0.15,0.52,3.794845060365542,0.10125036052647135,1789558516.4969044,3.793420791444242,0.10107519315915134,0.0036904376666666654,0.0015405548738703719,0.0006966870576848192,0.0005694985527709248,0.004584685874999997,3.795210938459617,0.09916173262481508,0.0017901470153751653,-0.0019134605343362615,-0.0019193882270687943,1.0062404051353655,1.2177578907326768e-07,0.00031829554215016234,0.0012739902748720457,0.0012739902748720457,0.14195249778510288,0.996911675997104,1.225357193327637e-07,3.7944012853512565,0.10150170507346906,0.002796189458333334,-0.0009439658522009189,0.001667140243558407,0.0007540454635570903,-0.0017884964166666626,3.793722656485831,0.1029944174028025,-0.00067862886542569,0.0014927123293334427,0.001489216843020611,0.9953431518953697,-4.521378981549048e-08,0.0006409307612384985,-0.003905942588265422,-0.003905942588265422,0.12046881371940596,1.0023471976758884,-4.500323606408506e-08,3.7937146390147127,0.1011741715242297,0.0036904376666666654,0.0013237548670660734,0.0009824010043382849,0.000514860633572616,0.0032930326916666636,3.7932018764164948,0.10172433461543363,-0.0005127625982179751,0.0005501630912039396,0.0005496827216927522,0.9982573541819005,8.631756804291245e-09,-9.127052607971664e-05,0.0014003805676359722,0.0014003805676359722,0.17670410794269206,1.0008739032395053,8.616714709393396e-09]"
/multi_agv/m2b_algorithm_state,1789558516.5072753,1789558516.5072753,m2b_algorithm_state_v1:header6+3x20,"[1.0,-0.15,0.52,3.795850784856475,0.10125032448427573,1789558516.5070286,3.7944202809824072,0.1010752039788139,0.0036904376666666654,0.0015404766302133987,0.0006966925250702968,0.0005695296242847977,0.004584685874999997,3.7962168380233856,0.09955653967375494,0.0017965570409783638,-0.0015186643050589532,-0.0015223871849946065,1.0049308788900857,7.668466353310958e-08,0.0007233091162283482,-0.0003332944823506989,-0.0003332944823506989,0.14195249750266875,0.9975545774607487,7.70627863217183e-08,3.7954007725556442,0.10150169717956992,0.002796189458333334,-0.0009438795363113104,0.0016671365703064822,0.0007540099592957122,-0.0017884964166666626,3.7948066094166024,0.10324327605038595,-0.0005941631390418145,0.001741578870816038,0.0017368296710850392,0.9945821950895509,-6.15298914265601e-08,0.000994125747282771,-0.005282354923514713,-0.005282354923514713,0.12046881387717395,1.0027344072997277,-6.119653447864988e-08,3.7947141275585747,0.10117418042103023,0.0036904376666666654,0.0013237046371848932,0.0009824024218801916,0.0005148816689030215,0.0032930326916666636,3.7941326284045003,0.10040259711904448,-0.0005814991540744607,-0.0007715833019857482,-0.0007725376263087709,1.002480881015358,1.6992907698085485e-08,-0.0014994115689018468,0.006978300985054321,0.006978300985054321,0.17670410847879872,0.998764688876602,1.7035065080189397e-08]"
/multi_agv/m2b_algorithm_state,1789558516.517009,1789558516.517009,m2b_algorithm_state_v1:header6+3x20,"[1.0,-0.15,0.52,3.796838882903401,0.1012504009209111,1789558516.5169184,3.7954259939391974,0.1010751191683046,0.0036904376666666654,0.0015410750351140187,0.0006966338550550507,0.0005693007577196844,0.004584685874999997,3.797251334039342,0.09997554112428969,0.001825340100144679,-0.0010995780440149067,-0.001101523567687176,1.0035533395428482,4.0205223612702364e-08,0.0011801515574936727,-0.0021389493283088296,-0.0021389493283088296,0.14195250843273205,0.9982337884278278,4.034808642359443e-08,3.796406511236744,0.10150174742957556,0.002796189458333334,-0.0009445278472275595,0.0016671791408064962,0.0007542688358994909,-0.0017884964166666626,3.7957742286757687,0.10251402590020789,-0.0006322825609754723,0.0010122784706323301,0.0010106650803958866,0.9968246037986382,-2.081269524126549e-08,0.00022031187917654618,-0.002186364264641396,-0.002186364264641396,0.12046880755850492,1.0015963648766926,-2.0746606687856276e-08,3.7957198493934845,0.10117410685494703,0.0036904376666666654,0.0013241047716925822,0.0009823816508769852,0.0005147190304009824,0.0032930326916666636,3.7950163521132905,0.09920548223377604,-0.000703497280194032,-0.001968624621170992,-0.0019748933036234594,1.006415805472347,1.1074160896365238e-07,-0.0028542649038659994,0.012265071713733616,0.012265071713733616,0.17670408714817837,0.9968258120876878,1.114521055844579e-07]"
/multi_agv/m2b_algorithm_state,1789558516.5270133,1789558516.5270133,m2b_algorithm_state_v1:header6+3x20,"[1.0,-0.15,0.52,3.797849764260041,0.10125033022136402,1789558516.5269296,3.796414115808647,0.10107530522866642,0.0036904376666666654,0.0015397548388707597,0.0006967543136181748,0.0005698103516076827,0.004584685874999997,3.7981981921383237,0.09969911101891754,0.0017840763296765871,-0.0013761942097488822,-0.0013792480630341261,1.0044611241496868,6.293596093727622e-08,0.0008508473490616078,-0.0008493637992074811,-0.0008493637992074811,0.14194889028797147,0.9977858563900929,6.321672607249725e-08,3.797394580530909,0.1015016313070239,0.002796189458333334,-0.0009430916399038201,0.001667092882521981,0.0007536911583383848,-0.0017884964166666626,3.7966756353199544,0.1027871142020877,-0.0007189452109543915,0.0012854828950638053,0.0012828864928899105,0.9959801412950767,-3.35053774130224e-08,0.0003842049791969212,-0.002893917358233939,-0.002893917358233939,0.120466552748344,1.0020238752128772,-3.3370690529966924e-08,3.7967079523706486,0.101174266227043,0.0036904376666666654,0.0013232307626584046,0.0009824222402047954,0.0005150767662982928,0.0032930326916666636,3.7958729443699615,0.100485362007612,-0.000835008000687143,-0.0006889042194309913,-0.0006896645045687699,1.0022129696197946,1.3540644794119685e-08,-0.0017334245054276987,0.007771083443260933,0.007771083443260933,0.17669707474546473,0.9988976014674643,1.3570609829681501e-08]"
/multi_agv/m2b_algorithm_state,1789558516.537009,1789558516.537009,m2b_algorithm_state_v1:header6+3x20,"[1.0,-0.15,0.52,3.798848802631054,0.10125033782415095,1789558516.5369205,3.797424975171835,0.10107513406462772,0.0036904376666666654,0.0015409676343377757,0.0006966427671912356,0.0005693426758525436,0.004584685874999997,3.799188889343333,0.09969911101891754,0.0017639141714980155,-0.0013760230457101758,-0.0013790761424852368,1.0044605709296113,6.296990847254611e-08,0.0008258165718872826,-0.0007598086989209943,-0.0007598086989209943,0.14195250788282912,0.9977861289300827,6.325079021571904e-08,3.7984054885207645,0.10150173712766793,0.002796189458333334,-0.0009444092114155866,0.0016671727821728766,0.0007542207189117217,-0.0017884964166666626,3.797697017614243,0.1027871142020877,-0.0007084709065217076,0.00128537707441978,0.0012827811013564503,0.9959804731628027,-3.3546649583376174e-08,0.0003971924682043158,-0.0029414991427320417,-0.0029414991427320417,0.12046880787762493,1.0020237069758704,-3.341180792507774e-08,3.797718829087521,0.10117411947179641,0.0036904376666666654,0.0013240340587691857,0.0009823842561359044,0.0005147483265311114,0.0032930326916666636,3.7970468395118044,0.10241229704592468,-0.0006719895757165695,0.0012381775741282658,0.0012357571223767113,0.9961086372852737,4.370776534242338e-08,0.00039577015273099944,-0.0006464614917888389,-0.0006464614917888389,0.176704088221788,1.0019586791835755,4.3537682574025864e-08]"
/multi_agv/m2b_algorithm_state,1789558516.5470781,1789558516.5470781,m2b_algorithm_state_v1:header6+3x20,"[1.0,-0.15,0.52,3.7998445333301025,0.10125036607350568,1789558516.5469706,3.798424015562335,0.10107515565448283,0.0036904376666666654,0.001540811071633595,0.0006966526397786941,0.0005694054040477928,0.004584685874999997,3.8002599875171796,0.10105144341111956,0.0018359719548444176,-2.371224336326916e-05,-2.371314079982272e-05,1.000075700717695,1.8680027904551345e-11,0.0022712518027556993,-0.006510784060391251,-0.006510784060391251,0.14195250679613922,0.9999621544627454,1.8681441996070284e-11,3.7994045247346615,0.10150172087064056,0.002796189458333334,-0.0009442363127368809,0.00166716631082231,0.0007541491394688488,-0.0017884964166666626,3.7988641392117373,0.10361330483861465,-0.000540385522924236,0.00211158396797409,0.0021046220497854193,0.9934589294781317,-9.046113811468208e-08,0.0014291401461301242,-0.007011273650032817,-0.007011273650032817,0.12046880851692256,1.0033079184879683,-8.986942543078549e-08,3.7987178675961655,0.10117413694732945,0.0036904376666666654,0.0013239348771983176,0.0009823865460178108,0.0005147901267303196,0.0032930326916666636,3.7980055015917022,0.10153453638500859,-0.0007123660044632274,0.0003603994376791403,0.00036019300217591664,0.9988559685616712,3.7051200758033083e-09,-0.0005302645034031176,0.003046404101530567,0.003046404101530567,0.17670409036956158,1.0005731246914198,3.700881301953806e-09]"
/multi_agv/m2b_algorithm_state,1789558516.557101,1789558516.557101,m2b_algorithm_state_v1:header6+3x20,"[1.0,-0.15,0.52,3.800843909716786,0.1012503703478388,1789558516.55695,3.7994197549912396,0.10107522553720902,0.0036904376666666654,0.001540313777455309,0.0006966965533798941,0.0005695981188136911,0.004584685874999997,3.8013565516767716,0.10167338957574588,0.0019367966855319274,0.0005981640385368664,0.0005975956340045464,0.9981038010734566,1.1877935047509082e-08,0.0030185914909194554,-0.009468042634149795,-0.009468042634149795,0.14195249973122587,1.0009511524180843,1.1855412119822444e-08,3.800400244998347,0.10150167619362571,0.002796189458333334,-0.000943694023872785,0.0016671350047325895,0.0007539303603601027,-0.0017884964166666626,3.7998974834044104,0.10361330483861465,-0.0005027615939368069,0.0021116286449889415,0.002104666430309353,0.9934587904183747,-9.04130261702979e-08,0.0014762144378883445,-0.00717909203382946,-0.00717909203382946,0.12046881258837717,1.003307989607914,-8.982161561720901e-08,3.799713600000722,0.1011741964896823,0.0036904376666666654,0.0013236069713989294,0.000982400935372274,0.0005149247763287118,0.0032930326916666636,3.798944618716865,0.10073213187405339,-0.0007689812838571619,-0.00044206461562891486,-0.0004423770949610578,1.00141608688752,5.57625451109617e-09,-0.0014036036997825102,0.006497204171056524,0.006497204171056524,0.17670410413022575,0.9992936358240462,5.584150971990807e-09]"
/multi_agv/m2b_algorithm_state,1789558516.5670416,1789558516.5670416,m2b_algorithm_state_v1:header6+3x20,"[1.0,-0.15,0.52,3.801842195035386,0.10125038140581168,1789558516.5668743,3.8004191328572503,0.10107523573157932,0.0036904376666666654,0.0015402411415863702,0.0006967038266210144,0.0005696258202806835,0.004584685874999997,3.802198750460217,0.10141834003021853,0.0017796176029665212,0.00034310429863920744,0.00034291692580082274,0.9989091953531148,3.908509094804276e-09,0.002567438929508974,-0.007739812919951733,-0.007739812919951733,0.141952499261821,1.00054640883633,3.9042456749212705e-09,3.8013996195801365,0.10150166989295878,0.002796189458333334,-0.0009436143369356371,0.0016671295900514416,0.0007538986353599342,-0.0017884964166666626,3.800619219342135,0.10191647969606409,-0.0007804002380016328,0.0004148098031053066,0.000414537654522683,0.9986899022873352,-3.4929441366953154e-09,-0.000560962642979358,0.0008638046406535171,0.0008638046406535171,0.12046881286746886,1.0006565111266839,-3.488368038571365e-09,3.8007129767129713,0.1011742054189783,0.0036904376666666654,0.0013235578399884624,0.000982403385784725,0.0005149447982745925,0.0032930326916666636,3.7997394042420005,0.10242248417588767,-0.0009735724709707405,0.001248278756909374,0.0012458188426010127,0.9960773471268491,4.440749766666061e-08,2.8853253887587077e-05,0.0006566976764055023,0.0006566976764055023,0.1767041050605576,1.0019745361237478,4.423330246834904e-08]"
/multi_agv/m2b_algorithm_state,1789558516.5773056,1789558516.5773056,m2b_algorithm_state_v1:header6+3x20,"[1.0,-0.15,0.52,3.8028496620974046,0.1012503334090888,1789558516.5771759,3.801417421858691,0.10107526170684435,0.0036904376666666654,0.0015400573076624281,0.0006967223098738092,0.0005696958906196534,0.004584685874999997,3.803100174109758,0.10038982740184782,0.0016827522510669546,-0.0006854343049965267,-0.0006861879361789293,1.0022046742739321,1.5608149572240783e-08,0.001417252377654764,-0.0031711269718311314,-0.0031711269718311314,0.1419524968078951,0.9989017131566036,1.5642560458066387e-08,3.8023979003666053,0.10150165440035977,0.002796189458333334,-0.000943414265375476,0.0016671159936585411,0.0007538189836442666,-0.0017884964166666626,3.8016389149201215,0.10191647969606409,-0.0007589854464837842,0.0004148252957043158,0.0004145531267672189,0.998689853311971,-3.492464611067062e-09,-0.0005341786813375113,0.000768775944437091,0.000768775944437091,0.12046881428037647,1.0006565357237065,-3.487888970123814e-09,3.801711262880861,0.10117422811023093,0.0036904376666666654,0.001323434014990178,0.0009824098594935163,0.0005149951042305199,0.0032930326916666636,3.80086259905213,0.10353235833367416,-0.0008486638287310555,0.002358130223443236,0.002349425069456077,0.9926829993685973,1.5833330087370884e-07,0.0012885952835422578,-0.004357784124397249,-0.004357784124397249,0.17670410983730842,1.0037052273342661,1.5717477601124384e-07]"
/multi_agv/m2b_algorithm_state,1789558516.5876052,1789558516.5876052,m2b_algorithm_state_v1:header6+3x20,"[1.0,-0.15,0.52,3.803846585328524,0.10125035426414468,1789558516.587423,3.802424873950455,0.10107514611251893,0.0036904376666666654,0.0015408755933960416,0.0006966462430585624,0.0005693807637772719,0.004584685874999997,3.80411805277153,0.10038982740184782,0.0016931788210752252,-0.0006853187106711095,-0.0006860720882010426,1.0022043030191863,1.5611182992717133e-08,0.0014304014381429889,-0.003216927516038103,-0.003216927516038103,0.14195251087639607,0.9989018974202718,1.564559477052105e-08,3.8034053856082104,0.10150172529738866,0.002796189458333334,-0.00094430257266408,0.0016671705324182717,0.0007541756648995479,-0.0017884964166666626,3.802694050333279,0.10213830195226974,-0.0007113352749312796,0.0006365766548810797,0.0006359368038596788,0.9979945652090898,-8.230820118861073e-09,-0.00025323228980442063,-0.00033034413787975275,-0.00033034413787975275,0.12046880615225275,1.001006155041692,-8.214313745836985e-09,3.8027187267335476,0.10117412881735884,0.0036904376666666654,0.0013239767940292201,0.0009823837435589244,0.0005147734151253434,0.0032930326916666636,3.801912340655221,0.10353235833367416,-0.0008063860783265042,0.002358229516315327,0.0023495236239939833,0.9926826896305828,1.5841163769422358e-07,0.001341541026085853,-0.004546789343383748,-0.004546789343383748,0.17670408239445518,1.003705386161023,1.572524905750873e-07]"
/multi_agv/m2b_algorithm_state,1789558516.5974944,1789558516.5974944,m2b_algorithm_state_v1:header6+3x20,"[1.0,-0.15,0.52,3.8048412351034195,0.10125038876750132,1789558516.5972912,3.803421803513112,0.10107519869815827,0.0036904376666666654,0.0015405003480297675,0.0006966779638071677,0.0005695269175423622,0.004584685874999997,3.805510357606703,0.10044862872388079,0.0020885540935906555,-0.0006265699742774855,-0.0006271994425475517,1.0020140005789266,1.3045666959094825e-08,0.0019834931744407676,-0.005203781482638972,-0.005203781482638972,0.14195250598682582,0.9989963826059708,1.3071940939902925e-08,3.8044023013588575,0.10150169080940091,0.002796189458333334,-0.0009438926151985631,0.0016671480909993264,0.0007540096357687015,-0.0017884964166666626,3.8041306448869547,0.10326872507696581,-0.0002716564719027481,0.0017670342675649015,0.0017621461674268888,0.9945046070394584,-6.334140700184799e-08,0.0014225755775484536,-0.006824612126630124,-0.006824612126630124,0.12046880898272695,1.002773947035932,-6.299332107969924e-08,3.8037156511136034,0.10117417328487485,0.0036904376666666654,0.0013237308713048884,0.0009823938039227546,0.0005148747800158534,0.0032930326916666636,3.8029175310870706,0.10331031280018135,-0.0007981200265327892,0.002136139515306501,0.002128984141755916,0.9933549559548249,1.2997667806066304e-07,0.0011313341085899295,-0.003690257151025825,-0.003690257151025825,0.17670409194925302,1.0033609332311342,1.291129773101044e-07]"
/multi_agv/m2b_algorithm_state,1789558516.6070926,1789558516.6070926,m2b_algorithm_state_v1:header6+3x20,"[1.0,-0.15,0.52,3.80584317068527,0.10125037601131985,1789558516.6069956,3.8044164642487233,0.10107528180930547,0.0036904376666666654,0.001539911157211785,0.0006967332599088214,0.0005697535451078399,0.004584685874999997,3.806514547771384,0.10044862872388079,0.002098083522660943,-0.000626653085424686,-0.0006272827203864024,1.0020142673635353,1.30441329598126e-08,0.0019953216829397763,-0.005246228656104152,-0.005246228656104152,0.14195249698509807,0.9989962501097932,1.3070407331119165e-08,3.805396937820598,0.1015016396319433,0.002796189458333334,-0.0009432516930038479,0.0016671081515338138,0.0007537525933258848,-0.0017884964166666626,3.8051852451613954,0.10293513783434911,-0.00021169265920262248,0.0014334982024058196,0.0014302730858959257,0.995524852542322,-4.166804873524496e-08,0.0011656572618926476,-0.005749981254161566,-0.005749981254161566,0.12046881417985286,1.002254895615178,-4.148157807288103e-08,3.804710303240939,0.10117424486125523,0.0036904376666666654,0.0013233389860340694,0.0009824126756654786,0.0005150348306876386,0.0032930326916666636,3.8039503296562702,0.10331031280018135,-0.0007599735846688382,0.002136067938926123,0.0021289130479768556,0.9933551796852745,1.2992945571290346e-07,0.0011789460671408078,-0.0038608972887100904,-0.0038608972887100904,0.17670410951061868,1.0033608187784215,1.2906609782610113e-07]"
/multi_agv/m2b_algorithm_state,1789558516.6173267,1789558516.6173267,m2b_algorithm_state_v1:header6+3x20,"[1.0,-0.15,0.52,3.8068394136858363,0.10125039979954394,1789558516.6171486,3.8054183961846677,0.10107524933101124,0.0036904376666666654,0.0015401424578569945,0.000696714663137498,0.0005696629589777177,0.004584685874999997,3.8075437630609317,0.10069595075448197,0.0021253668762639677,-0.0003792985765292689,-0.00037952881950882453,1.0012157840418197,4.778746952621432e-09,0.002277179775821135,-0.0063624531521645315,-0.0063624531521645315,0.14195250110198418,0.9993933452014169,4.784556876906323e-09,3.80639887766926,0.10150166102747546,0.002796189458333334,-0.0009435034166425868,0.0016671209519714125,0.0007538550484668255,-0.0017884964166666626,3.8061251450656566,0.10174000347992011,-0.000273732603603527,0.00023834245244465369,0.00023825248367205339,0.9992457279799701,-1.1531865342390155e-09,-0.0001039132708323554,-0.0006816353449736954,-0.0006816353449736954,0.12046881179866967,1.0003776194531686,-1.152316717902364e-09,3.805712238201881,0.10117421767547286,0.0036904376666666654,0.0013234891103472597,0.0009824068025557908,0.0005149728126240412,0.0032930326916666636,3.805078901262848,0.10416571771094131,-0.0006333369390332244,0.0029915000354684557,0.0029775579081721174,0.9907848371969336,2.546977543492538e-07,0.002185886734380587,-0.007875797247593574,-0.007875797247593574,0.17670410146756638,1.004682403407864,2.5235067307735e-07]"
/multi_agv/m2b_algorithm_state,1789558516.627229,1789558516.627229,m2b_algorithm_state_v1:header6+3x20,"[1.0,-0.15,0.52,3.8078458255301677,0.1012503580177919,1789558516.6271253,3.806414646967619,0.10107530511196046,0.0036904376666666654,0.0015397484584140468,0.0006967539986703741,0.0005698132810652539,0.004584685874999997,3.808520423082979,0.10030899634253887,0.002105776115359781,-0.0007663087694215892,-0.000767251308745062,1.0024670561702145,1.9505826785596033e-08,0.001864968835454664,-0.004718798493130424,-0.004718798493130424,0.14195249498380513,0.9987715376790762,1.9553948755922574e-08,3.8073951110779207,0.10150162801543479,0.002796189458333334,-0.000943075772463318,0.0016670921762527158,0.0007536846476725728,-0.0017884964166666626,3.8071485991393628,0.10174000347992011,-0.0002465119385579584,0.0002383754644853242,0.00023828547077061623,0.9992456234531983,-1.1529833236892414e-09,-6.985445242683176e-05,-0.0008022329190592739,-0.0008022329190592739,0.12046881533966756,1.000377671850562,-1.1521135401109968e-09,3.8067084830119695,0.10117426627123655,0.0036904376666666654,0.0013232245372054702,0.000982420712250587,0.000515080259526378,0.0032930326916666636,3.8061267568209898,0.10416571771094131,-0.0005817261909797367,0.002991451439704765,0.002977509769488279,0.9907849879164145,2.5463851843879126e-07,0.002250352030763608,-0.008107262165551146,-0.008107262165551146,0.17670411341931294,1.0046823255995168,2.522920214144315e-07]"
/multi_agv/m2b_algorithm_state,1789558516.6372194,1789558516.6372194,m2b_algorithm_state_v1:header6+3x20,"[1.0,-0.15,0.52,3.808844700499137,0.10125036575300878,1789558516.6371758,3.80742104601268,0.1010752027227585,0.0036904376666666654,0.0015404750895268954,0.0006966890894890545,0.0005695320790790822,0.004584685874999997,3.8094803057961992,0.09929870757738771,0.002059259783519174,-0.0017764951453707878,-0.0017815993353137113,1.0057847920226095,1.0495128423263581e-07,0.0007924753940852561,-0.0004601060359186522,-0.0004601060359186522,0.14195250716852276,0.997135051724733,1.0555840558442739e-07,3.8084015383029435,0.10150169240075466,0.002796189458333334,-0.0009438659226138311,0.0016671383183264332,0.0007540031488882659,-0.0017884964166666626,3.8082965740259804,0.10263974920569312,-0.00010496427696304877,0.0011380568049384615,0.001136019514251201,0.9964351689355221,-2.6285270066523218e-08,0.00100481416804739,-0.005039095987118292,-0.005039095987118292,0.12046880829309574,1.001793358883103,-2.6191567519251884e-08,3.8077148922748805,0.10117417892986255,0.0036904376666666654,0.0013237038223240182,0.0009823990053109194,0.0005148837992017957,0.0032930326916666636,3.807003259268702,0.10180545594073628,-0.0007116330061784915,0.000631277010873732,0.0006306449398542534,0.9980022675597118,1.1363557417772137e-08,-0.0002588963178688609,0.0019601788472227177,0.0019601788472227177,0.17670408962123443,1.001002261303523,1.1340856070481576e-08]"
/multi_agv/m2b_algorithm_state,1789558516.6471124,1789558516.6471124,m2b_algorithm_state_v1:header6+3x20,"[1.0,-0.15,0.52,3.8098375613315896,0.10125041115297817,1789558516.6470149,3.808419923381863,0.10107522204626362,0.0036904376666666654,0.0015403372711581928,0.0006967010710830831,0.0005695855854049412,0.004584685874999997,3.8104844738071475,0.09929870757738771,0.002064550425284306,-0.0017765144688759171,-0.0017816187692777806,1.0057848547081143,1.0494416977146967e-07,0.000799069262327602,-0.00048349362931423504,-0.00048349362931423504,0.1419525057823465,0.997135020976495,1.055512565460613e-07,3.8094004104126404,0.1015016798696152,0.002796189458333334,-0.0009437153663027584,0.001667129740509754,0.0007539423498192643,-0.0017884964166666626,3.8093896758054546,0.10280340429528997,-1.0734607185813871e-05,0.0013017244256747773,0.00129906233026229,0.9959301096773513,-3.437968826166394e-08,0.0012856440712800227,-0.006116654544738635,-0.006116654544738635,0.12046880910279695,1.0020492437895183,-3.423976670111212e-08,3.808713767702908,0.1011741953431475,0.0036904376666666654,0.0013236131692056642,0.0009824028689348289,0.000514921084085288,0.0032930326916666636,3.808032777020643,0.10180545594073628,-0.0006809906822651257,0.0006312605975887786,0.0006306285594988425,0.9980023195733446,1.1362187608731988e-08,-0.00022060979333256465,0.0018238755738518183,0.0018238755738518183,0.1767040923447191,1.001002235119891,1.1339489588942038e-08]"
/multi_agv/m2b_algorithm_state,1789558516.6570404,1789558516.6570404,m2b_algorithm_state_v1:header6+3x20,"[1.0,-0.15,0.52,3.8108447082008206,0.10125036428531,1789558516.6569326,3.809412798692055,0.10107533034441224,0.0036904376666666654,0.001539570959591665,0.0006967743600357671,0.0005698796285130729,0.004584685874999997,3.8114448769469744,0.09913602954018684,0.002032078254919245,-0.0019393008042253995,-0.0019453908519808398,1.0063265060900104,1.250092148321791e-07,0.0005947069666682166,0.0003101878738548461,0.0003101878738548461,0.14195249356465445,0.9968694991295762,1.258000863911223e-07,3.8103932535618963,0.10150161422111688,0.002796189458333334,-0.0009428831429955887,0.0016670766909183676,0.0007536092044161252,-0.0017884964166666626,3.810357791606523,0.1016724864127359,-3.546195537307284e-05,0.0001708721916190148,0.0001708259264572171,0.9994588328180093,-5.92344915313926e-10,0.00012649848224087604,-0.0014691568591087847,-0.0014691568591087847,0.12046881615138336,1.000270832201863,-5.92024357685339e-10,3.809706631740819,0.10117428889340539,0.0036904376666666654,0.001323102331581822,0.0009824282844074885,0.0005151292921965378,0.0032930326916666636,3.809144126141277,0.10328792180252883,-0.0005625055995421846,0.0021136329091234335,0.002106626335231889,0.9934232874654293,1.27193850085178e-07,0.0014034943358041583,-0.004653605197206463,-0.004653605197206463,0.17670411615690299,1.0033259690028384,1.263573326970025e-07]"
/multi_agv/m2b_algorithm_state,1789558516.6672628,1789558516.6672628,m2b_algorithm_state_v1:header6+3x20,"[1.0,-0.15,0.52,3.8118439333401817,0.1012503696199532,1789558516.6670356,3.8104199312423974,0.10107521495641829,0.0036904376666666654,0.0015403905148218418,0.0006967018497333831,0.0005695621014976725,0.004584685874999997,3.8124547503010766,0.09913602954018684,0.0020348190586791937,-0.0019391854162314481,-0.0019452747434335934,1.0063261312115943,1.2506093405771863e-07,0.0005982490799153987,0.0002984685949206996,0.0002984685949206996,0.1419525070697782,0.9968696826899643,1.258520859360123e-07,3.8114004175887994,0.10150168728432077,0.002796189458333334,-0.0009437749491744262,0.0016671281639353275,0.0007539689970322977,-0.0017884964166666626,3.811087740706967,0.10117038423055856,-0.0003126768818324521,-0.00033130305376220803,-0.00033147764140411,1.001055266898148,-2.2296958537015205e-09,-0.0007223237436946752,0.0017663986352236807,0.0017663986352236807,0.12046880835385823,0.9994733049228829,-2.2320487779288695e-09,3.810713775771266,0.10117419061519095,0.0036904376666666654,0.0013236422778105188,0.0009824042318260732,0.0005149077577624272,0.0032930326916666636,3.8101962937589713,0.10328792180252883,-0.0005174820122948454,0.002113731187337875,0.0021067239576975823,0.993422980208832,1.272576381421369e-07,0.0014598714423290256,-0.004854726625234685,-0.004854726625234685,0.17670408982574032,1.0033261261470396,1.2642066213749876e-07]"
/multi_agv/m2b_algorithm_state,1789558516.6770947,1789558516.6770947,m2b_algorithm_state_v1:header6+3x20,"[1.0,-0.15,0.52,3.8128403403835205,0.10125039261839965,1789558516.6769328,3.811419158041282,0.10107522817668176,0.0036904376666666654,0.0015402963750137514,0.0006967101613278173,0.0005695985839287154,0.004584685874999997,3.813272802299309,0.0987942328671689,0.0018536442580270318,-0.002280995309512854,-0.0022894421918440823,1.007469859403542,1.7306273240273304e-07,2.7613130689707437e-05,0.002461741730382071,0.002461741730382071,0.14195250630917278,0.9963105063926403,1.7435548668177427e-07,3.8123996407384246,0.10150167882118952,0.002796189458333334,-0.0009436722920797714,0.001667122194728865,0.0007539276037089315,-0.0017884964166666626,3.812227316177207,0.10244905152707805,-0.00017232456121751838,0.0009473727058885301,0.0009459588814358854,0.9970260019181846,-1.8213647143279647e-08,0.0007305531799139875,-0.003973319307667153,-0.003973319307667153,0.12046880879384159,1.0014945939833013,-1.815947979161267e-08,3.8117130012408382,0.10117420186198835,0.0036904376666666654,0.0013235803056681397,0.0009824069635447023,0.0005149331993365251,0.0032930326916666636,3.8107321803818808,0.10068108900832057,-0.000980820858957454,-0.0004931128536677792,-0.0004935018180466304,1.0015805249616698,6.938575969886432e-09,-0.001719527891743448,0.007638732672844087,0.007638732672844087,0.17670409131676953,0.9992118278704814,6.94954256240528e-09]"
/multi_agv/m2b_algorithm_state,1789558516.6873717,1789558516.6873717,m2b_algorithm_state_v1:header6+3x20,"[1.0,-0.15,0.52,3.8138447639613133,0.1012503638805151,1789558516.6872783,3.812415572429878,0.10107528296902486,0.0036904376666666654,0.0015399087364288844,0.0006967473439370762,0.0005697472686823548,0.004584685874999997,3.8142315777960274,0.09846294613455632,0.0018160053661495645,-0.0026123368344685427,-0.0026234436090501823,1.0085868356611138,2.2698548611925015e-07,-0.0003534369013632266,0.0039480569383309305,0.0039480569383309305,0.14195250047637586,0.995766337594098,2.289345731860142e-07,3.813396038800035,0.10150164567823998,0.002796189458333334,-0.0009432514045922867,0.001667095249544115,0.0007537591795210019,-0.0017884964166666626,3.813482097803182,0.10190404840439193,8.605900314684334e-05,0.00040240272615195416,0.0004021465900048307,0.9987289078032989,-3.285884100682694e-09,0.0005097203439383849,-0.002936630060508459,-0.002936630060508459,0.12046881216258508,1.0006369223399862,-3.281707439043052e-09,3.8127094099206484,0.1011742492079341,0.0036904376666666654,0.001323321848099197,0.0009824198915927345,0.0005150385059786581,0.0032930326916666636,3.812106523576843,0.1024685081890461,-0.0006028863438052312,0.0012942589811120037,0.0012916154304558418,0.9959349889996932,4.772912310524959e-08,0.0005380075006993028,-0.0011801263127125773,-0.0011801263127125773,0.17670410268006428,1.0020467010488012,4.753510369479175e-08]"
/multi_agv/m2b_algorithm_state,1789558516.6972954,1789558516.6972954,m2b_algorithm_state_v1:header6+3x20,"[1.0,-0.15,0.52,3.8148441055069835,0.10125036849977975,1789558516.6971114,3.8134199871748984,0.1010752125598899,0.0036904376666666654,0.0015404085183443944,0.0006967026012663518,0.0005695539068187315,0.004584685874999997,3.815602000429036,0.0984147783420278,0.0021820132541376935,-0.0026604342178620927,-0.0026719579225477834,1.0087496639484672,2.3550464872766288e-07,5.555864512433355e-05,0.002531651807352029,0.002531651807352029,0.14195250908117993,0.9956871683537957,2.3756523526233174e-07,3.814400472990243,0.10150168997774323,0.002796189458333334,-0.0009437950992278793,0.0016671270867885113,0.0007539782916843735,-0.0017884964166666626,3.814493681050868,0.10190404840439193,9.320806062484976e-05,0.0004023584266487079,0.0004021023469613425,0.9987290478592808,-3.2870536909606365e-09,0.0005186124227424048,-0.0029687650724922725,-0.0029687650724922725,0.12046880718810299,1.0006368520087001,-3.2828760030354515e-09,3.813713831718799,0.10117418910391218,0.0036904376666666654,0.0013236517477506525,0.0009824049508375676,0.0005149032789297002,0.0032930326916666636,3.8131714101624326,0.10297206820291056,-0.0005424215563665236,0.0017978790989983812,0.0017927974047878181,0.9943855543825553,9.208949290861064e-08,0.0011147704593296637,-0.003472375442169424,-0.003472375442169424,0.17670408589143993,1.0028345055592962,9.157246145873717e-08]"
/multi_agv/m2b_algorithm_state,1789558516.7071972,1789558516.7071972,m2b_algorithm_state_v1:header6+3x20,"[1.0,-0.15,0.52,3.8158381277052933,0.10125040655941997,1789558516.7070286,3.8144193301208293,0.1010752241939319,0.0036904376666666654,0.001540325543403197,0.000696709620376356,0.0005695862220266574,0.004584685874999997,3.8166210816390604,0.09900832045726543,0.0022017515182310987,-0.0020669037366664728,-0.0020738282390462288,1.0067524753653387,1.420829685251403e-07,0.0006783611587426446,7.382163617467735e-05,7.382163617467735e-05,0.14195250852907276,0.9966610048752442,1.430423802699405e-07,3.815399812873409,0.10150168238328386,0.002796189458333334,-0.000943704583345183,0.001667122099275442,0.0007539416505123048,-0.0017884964166666626,3.8154631494674267,0.10198136471669683,6.333659401791536e-05,0.00047968233341297295,0.0004793185843896305,0.9984861331965192,-4.671136859822936e-09,0.0005584893269120247,-0.003145866924904906,-0.003145866924904906,0.12046880751000481,1.000758887794442,-4.664065380796334e-09,3.814713173526713,0.10117419892212351,0.0036904376666666654,0.0013235974994175175,0.000982407205315683,0.0005149256207732131,0.0032930326916666636,3.8142100921253856,0.10337633059832238,-0.0005030814013271545,0.0022021316761988707,0.0021945311796261733,0.9931548384089607,1.3811078838248274e-07,0.0015656794279672302,-0.0052751685443492916,-0.0052751685443492916,0.1767040869737926,1.0034633805357882,1.371653977185388e-07]"
/multi_agv/m2b_algorithm_state,1789558516.717186,1789558516.717186,m2b_algorithm_state_v1:header6+3x20,"[1.0,-0.15,0.52,3.816839292014572,0.10125039822438087,1789558516.7170775,3.8154133644146406,0.10107531502728637,0.0036904376666666654,0.0015396829153879843,0.00069677091678324,0.0005698328913551152,0.004584685874999997,3.8176468674921717,0.09926986190345215,0.002233503077531118,-0.0018054531238342192,-0.0018107262146216654,1.0058809957329207,1.083470115959906e-07,0.0009811526322922324,-0.001113176747202074,-0.001113176747202074,0.1419524983958342,0.9970878585923891,1.0898419990886134e-07,3.8163938203002576,0.10150162732133935,0.002796189458333334,-0.0009430069138186645,0.001667077784892168,0.0007536622857581554,-0.0017884964166666626,3.8164756613508612,0.10198136471669683,8.18410506036038e-05,0.00047973739535747684,0.00047937356270073156,0.9984859592374793,-4.668756189551327e-09,0.0005816748759552363,-0.003227642101940466,-0.003227642101940466,0.12046881335944332,1.0007589752231965,-4.661687502370075e-09,3.8157071984009825,0.10117427732963419,0.0036904376666666654,0.001323169415996524,0.0009824284753784836,0.000515100114435309,0.0032930326916666636,3.815274784338608,0.10376564802874719,-0.00043241406237459756,0.0025913706991129992,0.0025808769573340508,0.9919807269496278,1.911317141896664e-07,0.002040359379365804,-0.007161087179859771,-0.007161087179859771,0.1767041067341824,1.004065959730908,1.8959897678499376e-07]"
/multi_agv/m2b_algorithm_state,1789558516.7271545,1789558516.7271545,m2b_algorithm_state_v1:header6+3x20,"[1.0,-0.15,0.52,3.8178389108023882,0.10125040001141017,1789558516.7270179,3.8164145265192375,0.10107529206584719,0.0036904376666666654,0.0015398483684127438,0.0006967599069334081,0.0005697669011162945,0.004584685874999997,3.8186101995939015,0.09884868694141734,0.002195673074663951,-0.002226605124429848,-0.0022346506789598093,1.007287278756513,1.648538648449047e-07,0.0005099406643701292,0.0007386724304500767,0.0007386724304500767,0.14195250114874783,0.996399636593892,1.6605520091211806e-07,3.817394987020912,0.10150164398709734,0.002796189458333334,-0.0009431886245643418,0.0016670850190201314,0.0007537372881493837,-0.0017884964166666626,3.8171070685841935,0.10359045808786886,-0.0002879184367183818,0.0020888141007715244,0.0020820003309873266,0.9935277689680577,-8.842402033328951e-08,0.0017221022850893494,-0.008047016590213792,-0.008047016590213792,0.12046881177708364,1.0032727035067122,-8.78517196449193e-08,3.816708362503566,0.1011742586201981,0.0036904376666666654,0.0013232746410859913,0.000982425637376428,0.000515055979710266,0.0032930326916666636,3.8162478361497847,0.1033464989228525,-0.0004605263537813542,0.0021722403026543935,0.0021648430693584743,0.9932454508520885,1.3435702621640795e-07,0.0015891851271317816,-0.00534536195520241,-0.00534536195520241,0.1767041013803131,1.0034169836144802,1.3344950507946199e-07]"
/multi_agv/m2b_algorithm_state,1789558516.737128,1789558516.737128,m2b_algorithm_state_v1:header6+3x20,"[1.0,-0.15,0.52,3.818840608729452,0.10125038852212469,1789558516.7369964,3.8174141461689013,0.10107529411958392,0.0036904376666666654,0.0015398361078070959,0.0006967644486260303,0.0005697698532405313,0.004584685874999997,3.8191015177199503,0.0986969197354216,0.0016873715510490328,-0.0023783743841623156,-0.0023875646028924916,1.0077972789212322,1.8811053549567457e-07,-0.0002783501640812006,0.0035812832125705473,0.0035812832125705473,0.14195250108752913,0.996150797880383,1.8957728580895668e-07,3.8183946045525987,0.10150164474938589,0.002796189458333334,-0.0009431770101978464,0.0016670812506309751,0.0007537342139271597,-0.0017884964166666626,3.818137237982951,0.10359045808786886,-0.00025736656964792104,0.0020888133384829727,0.0020819995737034833,0.9935277713412196,-8.842286669020918e-08,0.001760291361643582,-0.008183559635364249,-0.008183559635364249,0.1204688118060624,1.0032727022932906,-8.785057367832529e-08,3.817707981685665,0.1011742611652607,0.0036904376666666654,0.0013232630393009933,0.0009824279421015271,0.0005150598098356742,0.0032930326916666636,3.816798590506841,0.10424516927304811,-0.0009093911788240483,0.003070908107787415,0.0030562248579305306,0.9905488450166631,2.6833676283633046e-07,0.0019194858844004702,-0.006958738321703715,-0.006958738321703715,0.17670410148251758,1.0048043748544166,2.6580067050303736e-07]"
/multi_agv/m2b_algorithm_state,1789558516.7472556,1789558516.7472556,m2b_algorithm_state_v1:header6+3x20,"[1.0,-0.15,0.52,3.819837330909601,0.10125040899861888,1789558516.7471423,3.8184158407212414,0.10107526453140525,0.0036904376666666654,0.001540047711041632,0.0006967475428976569,0.0005696869255285008,0.004584685874999997,3.8200914375307327,0.09869718783923898,0.0016755968094912532,-0.0023780766921662755,-0.0023872645934999138,1.0077962799691607,1.880892807355235e-07,-0.00029276858163584723,0.0036321094066613115,0.0036321094066613115,0.1419525047797518,0.9961512848811751,1.895556774273357e-07,3.8193963063986054,0.10150166467215574,0.002796189458333334,-0.0009434085203883277,0.0016670930074615953,0.0007538284500931552,-0.0017884964166666626,3.818944052789785,0.1022182837064323,-0.00045225360882028554,0.0007166190342765555,0.0007158086503217254,0.9977444599662162,-1.0420349990840175e-08,0.00015049163929636844,-0.0018021953366370276,-0.0018021953366370276,0.12046880967738777,1.0011321237239392,-1.0396846474269795e-08,3.818709679068508,0.10117423636281307,0.0036904376666666654,0.001323400743084392,0.0009824228071872113,0.0005150027916120828,0.0032930326916666636,3.817886033084432,0.10313675629487154,-0.0008236459840755828,0.001962519932058468,0.0019564724716422967,0.9938829275036968,1.0969376068577162e-07,0.0009269149915478183,-0.0028783851750775716,-0.0028783851750775716,0.17670409429492376,1.0030910020477286,1.0902275599926461e-07]"
/multi_agv/m2b_algorithm_state,1789558516.7571962,1789558516.7571962,m2b_algorithm_state_v1:header6+3x20,"[1.0,-0.15,0.52,3.820838615421819,0.10125039988556911,1789558516.7571428,3.8194125695167607,0.10107531220112981,0.0036904376666666654,0.0015397118875723113,0.0006967812762429298,0.0005698149447188743,0.004584685874999997,3.821103615424174,0.0990587450630417,0.0016910459074135353,-0.0020165671380881073,-0.0020231559695409467,1.0065842915410799,1.3518831338022523e-07,9.06514147259725e-05,0.0021216232054993424,0.0021216232054993424,0.14195249952075373,0.9967432904076425,1.360784326484675e-07,3.8203930203894343,0.10150163691331555,0.002796189458333334,-0.0009430452031837758,0.0016670684395001523,0.0007536837440900168,-0.0017884964166666626,3.820129446304778,0.10375629791734492,-0.0002635740846561596,0.002254661004029365,0.002246732294500774,0.9930271529684627,-1.0299440871667793e-07,0.0019172646886805745,-0.008824196904517608,-0.008824196904517608,0.1204688127145571,1.0035289961104836,-1.022762444595929e-07,3.8197064028226078,0.10117427788141128,0.0036904376666666654,0.0013231754497088646,0.0009824349424879973,0.0005150941352382423,0.0032930326916666636,3.8188199462096257,0.10215234263958389,-0.0008864566129820339,0.0009780647581726087,0.0009765514740221444,0.9969170134739948,2.7260120249525354e-08,-0.00013151929220539798,0.0013501588532417287,0.0013501588532417287,0.1767041045483639,1.0015496204662224,2.7176077666098785e-08]"
/multi_agv/m2b_algorithm_state,1789558516.7671616,1789558516.7671616,m2b_algorithm_state_v1:header6+3x20,"[1.0,-0.15,0.52,3.821844264653935,0.10125036314135105,1789558516.767057,3.8204138514605344,0.10107528769493428,0.0036904376666666654,0.0015398882398884005,0.0006967685654917231,0.0005697451148094303,0.004584685874999997,3.82225999759267,0.09955954714402737,0.0018461461321357397,-0.001515740550906905,-0.0015194490241079357,1.0049212182368095,7.636032168687497e-08,0.000788233641061739,-0.0005644397623648487,-0.0005644397623648487,0.14195250247090735,0.9975593302952641,7.673610749452905e-08,3.821394307784495,0.10150165430794043,0.002796189458333334,-0.0009432390402821958,0.0016670770880264918,0.0007537632671139605,-0.0017884964166666626,3.8213148809710646,0.1043850405988912,-7.942681343031666e-05,0.002883386290950765,0.002870481032367146,0.9911468564356575,-1.683996075477836e-07,0.0027711975155792503,-0.012187864542321248,-0.012187864542321248,0.12046881101373519,1.0044958522415237,-1.6690874164598413e-07,3.820707687020429,0.10117425765383263,0.0036904376666666654,0.001323288851001699,0.0009824314670706883,0.0005150467880020862,0.0032930326916666636,3.819649705147734,0.10110968319650251,-0.001057981872695013,-6.457445733011602e-05,-6.458110596368658e-05,1.0002059717166256,1.1892513849432292e-10,-0.0013870584468324528,0.0062752705176578796,0.0062752705176578796,0.1767040988098985,0.9998970498651061,1.1894963370924854e-10]"
/multi_agv/m2b_algorithm_state,1789558516.777114,1789558516.777114,m2b_algorithm_state_v1:header6+3x20,"[1.0,-0.15,0.52,3.8228429880056773,0.1012503718008943,1789558516.777038,3.821419489186677,0.10107519834594694,0.0036904376666666654,0.0015405222592198625,0.0006967104980208916,0.0005695004974740872,0.004584685874999997,3.823232850609599,0.09928161142142407,0.0018133614229220996,-0.0017935869245228747,-0.0017987904723619815,1.0058415721152996,1.0698498669052571e-07,0.0004679113062906429,0.0006924803862025584,0.0006924803862025584,0.14195251328246822,0.9971071962415533,1.0760994720553277e-07,3.822399970907036,0.10150171004346194,0.002796189458333334,-0.0009439290958138981,0.0016671187593040315,0.0007540407063326704,-0.0017884964166666626,3.8223517051155858,0.1043850405988912,-4.8265791450230466e-05,0.0028833305554292615,0.002870425800137778,0.9911470286988009,-1.6851625481728763e-07,0.00281009356082499,-0.01232798247279213,-0.01232798247279213,0.1204688047598302,1.0044957634128233,-1.6702438524960462e-07,3.821713333868091,0.10117418103464426,0.0036904376666666654,0.001323709045987709,0.00098241192538695,0.0005148748146589456,0.0032930326916666636,3.8208290968536827,0.10308676988666024,-0.0008842370144082068,0.0019125888520159784,0.0019068430194977752,0.9940351545169921,1.0421118839353736e-07,0.0008015467514875167,-0.0024067342338393574,-0.0024067342338393574,0.1767040776856483,1.0030132698179404,1.0358958475716928e-07]"
/multi_agv/m2b_algorithm_state,1789558516.787269,1789558516.787269,m2b_algorithm_state_v1:header6+3x20,"[1.0,-0.15,0.52,3.8238462170083234,0.10125035147737005,1789558516.787224,3.822418215007449,0.10107522041416306,0.0036904376666666654,0.0015403650748599894,0.0006967231174127334,0.0005695620664006443,0.004584685874999997,3.8242178249143155,0.09916109785907407,0.0017996099068664506,-0.0019141225550889929,-0.001920054377659924,1.0062426084243046,1.218450928980208e-07,0.0003294580059231393,0.001234743834581568,0.001234743834581568,0.14195251161485686,0.9969105965747904,1.2260572410140616e-07,3.8233986913630558,0.10150169551220008,0.002796189458333334,-0.0009437581682576195,0.0016671100721343812,0.0007539711339173,-0.0017884964166666626,3.8235087320536385,0.10315435395102115,0.00011004069058273558,0.001652658438821078,0.0016483789307451145,0.9948535824479704,-5.5403672237655335e-08,0.001785929793973534,-0.008067822820372305,-0.008067822820372305,0.12046880572634117,1.0025961919290178,-5.511854180640457e-08,3.822712057646528,0.1011741994763198,0.0036904376666666654,0.0013236071982929126,0.0009824159399207224,0.0005149168734529721,0.0032930326916666636,3.8219041448701803,0.10156058990702463,-0.0008079127763478411,0.00038639043070483325,0.00038615319330224636,0.9987738271585757,4.257661770008282e-09,-0.000623737777132555,0.003366808238535118,0.003366808238535118,0.17670408096479293,1.0006143608461662,4.252441140777927e-09]"
/multi_agv/m2b_algorithm_state,1789558516.7972834,1789558516.7972834,m2b_algorithm_state_v1:header6+3x20,"[1.0,-0.15,0.52,3.8248443333864075,0.10125036433734981,1789558516.7971265,3.8234214373919637,0.10107517263553321,0.0036904376666666654,0.0015407026034259317,0.0006966896672150108,0.0005694331608478956,0.004584685874999997,3.8255751814940875,0.09939449570340597,0.002153744102123767,-0.0016806769321272425,-0.001685242071849846,1.0054668805167146,9.394301709735247e-08,0.0010069380558048627,-0.0012602228573738885,-0.0012602228573738885,0.14195251805516676,0.9972911074326595,9.445659234720337e-08,3.8244019285035598,0.10150172390691788,0.002796189458333334,-0.0009441246423653091,0.0016671344857090986,0.0007541172886435105,-0.0017884964166666626,3.82453409932936,0.10315435395102115,0.00013217082580041506,0.0016526300441032787,0.0016483506838154442,0.9948536711992869,-5.5423275679223145e-08,0.001813564216065963,-0.008166843098297372,-0.008166843098297372,0.12046880199396014,1.0025961467604265,-5.5138049279365296e-08,3.8237152851294467,0.10117415788965903,0.0036904376666666654,0.0013238336979627965,0.0009824041749555866,0.0005148248143201665,0.0032930326916666636,3.822961501713118,0.10016158806385814,-0.0007537834163287016,-0.0010125698258008908,-0.0010142163579577727,1.0032646071548004,2.927292729508015e-08,-0.00195644562836865,0.00869822727639857,0.00869822727639857,0.17670406836743968,0.9983765474260372,2.936849190296962e-08]"
/multi_agv/m2b_algorithm_state,1789558516.8071923,1789558516.8071923,m2b_algorithm_state_v1:header6+3x20,"[1.0,-0.15,0.52,3.8258424579353556,0.10125037672102977,1789558516.8070784,3.824419557477211,0.10107520559427371,0.0036904376666666654,0.0015404674055272414,0.0006967084565959953,0.0005695253360873702,0.004584685874999997,3.826599263594402,0.09965050055144843,0.0021797061171913157,-0.0014247050428252833,-0.001427979188196322,1.0046209111751796,6.748460694615043e-08,0.0012966534582928226,-0.0024010112479367247,-0.0024010112479367247,0.1419525153037536,0.9977071476964771,6.77964473205405e-08,3.825400040554094,0.10150170196829215,0.002796189458333334,-0.0009438682229611019,0.0016671215030594766,0.0007540128928270051,-0.0017884964166666626,3.8257634416855417,0.10506059912594587,0.000363401131447727,0.003558897157653715,0.003539337778538871,0.9891574017802546,-2.565853571985347e-07,0.003993589192848529,-0.01691316419576797,-0.01691316419576797,0.12046880358816786,1.0055262821292288,-2.5380330526136116e-07,3.8247134021279177,0.10117418544948359,0.0036904376666666654,0.0013236811119861432,0.000982410032477522,0.0005148879075236633,0.0032930326916666636,3.8239922349992814,0.1008477271252921,-0.0007211671286362353,-0.0003264583241914948,-0.0003266285894845313,1.0010443920070777,3.0409970984709947e-09,-0.0012280875002798255,0.005825081570043402,0.005825081570043402,0.1767040737438444,0.9994787189532147,3.0441730915341845e-09]"
/multi_agv/m2b_algorithm_state,1789558516.817405,1789558516.817405,m2b_algorithm_state_v1:header6+3x20,"[1.0,-0.15,0.52,3.8268426496458616,0.10125037558523786,1789558516.8172743,3.8254176857734117,0.10107523617034449,0.0036904376666666654,0.0015402502327867148,0.000696727492842086,0.0005696095697713897,0.004584685874999997,3.827496724593844,0.09873292760350214,0.002079038820432366,-0.002342308566842352,-0.0023512197658269026,1.00767593547841,1.8249353994436097e-07,0.0002475787597135551,0.0017146128654237439,0.0017146128654237439,0.14195251256791264,0.9962099676457014,1.838943485822005e-07,3.8263981606171003,0.10150168256498665,0.002796189458333334,-0.0009436320766444753,0.001667108045233956,0.0007539175318706653,-0.0017884964166666626,3.826808302542999,0.10506059912594587,0.00041014192589861054,0.003558916560959219,0.003539356966244033,0.9891573421779306,-2.5652397807456595e-07,0.004052034373617296,-0.01712295391175639,-0.01712295391175639,0.1204688051736958,1.005526313085041,-2.537425763571474e-07,3.825711527415555,0.10117421142775815,0.0036904376666666654,0.0013235383621139443,0.0009824163522216276,0.0005149464967452197,0.0032930326916666636,3.8251634496815967,0.1027286996536772,-0.0005480777339581522,0.001554488225919054,0.001550682269449907,0.995132119992449,6.885008775948939e-08,0.0008655851020022169,-0.0024690383516018845,-0.0024690383516018845,0.17670407909000993,1.0024543754346897,6.851493379376684e-08]"
/multi_agv/m2b_algorithm_state,1789558516.8269818,1789558516.8269818,m2b_algorithm_state_v1:header6+3x20,"[1.0,-0.15,0.52,3.8278388113185997,0.1012504000123501,1789558516.8268468,3.8264178770972994,0.10107523341812352,0.0036904376666666654,0.0015402698539914638,0.0006967256182577755,0.0005696020398565146,0.004584685874999997,3.8288107950094576,0.09846878088967648,0.0023929179121582322,-0.0026064525284470452,-0.0026175088413662824,1.0085669335070948,2.2601623864305714e-07,0.00037363854883150794,0.0013890864633022914,0.0013890864633022914,0.14195251355528843,0.9957760169728916,2.279525047310359e-07,3.827398352793926,0.10150168430408646,0.002796189458333334,-0.0009436536524491754,0.0016671094441926826,0.0007539261565457922,-0.0017884964166666626,3.827714800468227,0.10326644791921295,0.0003164476743009459,0.001764763615126494,0.001759887984827563,0.9945115255958918,-6.316283570809489e-08,0.0021554475777037455,-0.009440987963266116,-0.009440987963266116,0.12046880459756121,1.002770420811418,-6.281616810102013e-08,3.82671171904636,0.1011742090335036,0.0036904376666666654,0.0013235515540374727,0.0009824157467587472,0.0005149410934985484,0.0032930326916666636,3.8263893361880665,0.10269289087312558,-0.0003223828582936683,0.001518681839621977,0.0015150482118302055,0.9952423051000472,6.571718530268127e-08,0.00111206963896312,-0.0033320515485421357,-0.0033320515485421357,0.17670407714558053,1.0023983578630689,6.540452298532744e-08]"
/multi_agv/m2b_algorithm_state,1789558516.8370757,1789558516.8370757,m2b_algorithm_state_v1:header6+3x20,"[1.0,-0.15,0.52,3.82884244241464,0.10125037618707822,1789558516.8369362,3.8274140464970765,0.10107529164405592,0.0036904376666666654,0.0015398581458284356,0.0006967648963443365,0.0005697600678138125,0.004584685874999997,3.8298665644380554,0.09942294425567261,0.0024525179409788933,-0.00165234738838331,-0.0016567589765321884,1.0053730074877552,9.075115159545407e-08,0.0014088884496914283,-0.0026924890808648016,-0.0026924890808648016,0.14195250728517328,0.9973372178986999,9.123875821249884e-08,3.8283945050266315,0.10150164910573614,0.002796189458333334,-0.0009432070019256113,0.0016670811240961925,0.0007537472801581041,-0.0017884964166666626,3.828766535920205,0.10442124777098628,0.00037203089357351615,0.002919598665250142,0.002906370866478547,0.9910393997324003,-1.72645427987605e-07,0.0033714094834454422,-0.014357837578889254,-0.014357837578889254,0.1204688082290873,1.0045513113705349,-1.7109842131937942e-07,3.8277078824320903,0.10117425928725826,0.0036904376666666654,0.0013232773568727942,0.000982429424270426,0.0005150528328018615,0.0032930326916666636,3.8274099888399213,0.10268614109398021,-0.00029789359216891853,0.0015118818067219458,0.0015082804626933561,0.9952632440506007,6.511681029466627e-08,0.001135913472482208,-0.0034142373329201013,-0.0034142373329201013,0.1767040894105666,1.0023877150952143,6.48083678560971e-08]"
/multi_agv/m2b_algorithm_state,1789558516.8471825,1789558516.8471825,m2b_algorithm_state_v1:header6+3x20,"[1.0,-0.15,0.52,3.8298397103591246,0.101250393623504,1789558516.8470614,3.8284176702682573,0.10107523284177251,0.0036904376666666654,0.0015402761738221881,0.0006967279694555012,0.0005695980775145878,0.004584685874999997,3.8309218193626773,0.09997286707665115,0.002504149094419983,-0.001102365765121363,-0.001104321204234845,1.0035624548289355,4.0388452073621076e-08,0.0020258651637901333,-0.005128892697488566,-0.005128892697488566,0.14195251444561657,0.998229284101416,4.0532334109743973e-08,3.8293981448898498,0.10150168651939356,0.002796189458333334,-0.0009436623968538506,0.0016671074256309204,0.0007539309969460117,-0.0017884964166666626,3.8299716946414146,0.10582645725225141,0.0005735497515648724,0.004324770732857849,0.004296055602541986,0.9869400583070754,-3.7859417859718355e-07,0.0050129927919980765,-0.020973960260799597,-0.020973960260799597,0.12046880408250357,1.0066840685904699,-3.736497606994237e-07,3.8287115120858113,0.1011742092000686,0.0036904376666666654,0.0013235528428839662,0.0009824172607240554,0.000514939747356496,0.0032930326916666636,3.8283722358920986,0.10191996278780097,-0.0003392761937126565,0.0007457535877323646,0.0007448722544116705,0.9976430661974842,1.5855496731406555e-08,0.00032077701227084987,-0.00015459802187226023,-0.00015459802187226023,0.17670407541884725,1.0011832006300063,1.5818126375204626e-08]"
/multi_agv/m2b_algorithm_state,1789558516.8571293,1789558516.8571293,m2b_algorithm_state_v1:header6+3x20,"[1.0,-0.15,0.52,3.8308420136247707,0.10125037850807296,1789558516.8569283,3.829414943692033,0.10107527448970056,0.0036904376666666654,0.001539981688944847,0.0006967558767513532,0.0005697112085436963,0.004584685874999997,3.8318324410132805,0.09884914916141188,0.0024174973212476303,-0.0022261253282886834,-0.0022341673886911214,1.0072856708873887,1.6479705411238846e-07,0.0007877042628684165,-0.00023954467824904868,-0.00023954467824904868,0.14195251016750554,0.9964004217216914,1.6599771121186251e-07,3.830395406147505,0.10150166128984363,0.002796189458333334,-0.0009433430340664867,0.0016670873651412066,0.0007538029990188794,-0.0017884964166666626,3.8304917901255098,0.10565795032724169,9.638397800459941e-05,0.004156289037398064,0.004129733487430396,0.9874243671970626,-3.4959852190399786e-07,0.004250213459936146,-0.018139705036436686,-0.018139705036436686,0.12046880655888864,1.00643033020133,-3.452020992640835e-07,3.8297087812378363,0.10117424509096781,0.0036904376666666654,0.0013233569889114336,0.0009824269715093866,0.0005150195912670577,0.0032930326916666636,3.829297637724709,0.10103389524565021,-0.0004111435131273211,-0.00014034984531760553,-0.00014038127091266583,1.0004480554883501,5.618513982052675e-10,-0.0006543106623218173,0.0037081310187458377,0.0037081310187458377,0.17670408376800273,0.9997761411130133,5.621031388078706e-10]"
/multi_agv/m2b_algorithm_state,1789558516.8670452,1789558516.8670452,m2b_algorithm_state_v1:header6+3x20,"[1.0,-0.15,0.52,3.8318420197022873,0.10125037852095464,1789558516.8669083,3.830417242295766,0.101075237102966,0.0036904376666666654,0.001540247642011024,0.0006967324449583142,0.0005696081169533403,0.004584685874999997,3.8323475857067697,0.09744552318389876,0.001930343411003843,-0.0036297139190672317,-0.0036513208973225414,1.0120677989208842,4.3859553188875447e-07,-0.0012383916335677375,0.007491780787251329,0.007491780787251329,0.14195251496076114,0.9940824214406481,4.438884145751862e-07,3.8313977149859135,0.10150168517174554,0.002796189458333334,-0.0009436329955657989,0.0016671040834284057,0.000753919991017718,-0.0017884964166666626,3.8313212248183675,0.10374940297313473,-7.649016754607274e-05,0.0022477178013891874,0.0022398374383299866,0.9930480770936146,-1.0242535289858782e-07,0.0021442247288973957,-0.009633448182766534,-0.009633448182766534,0.12046880379155687,1.0035182745516908,-1.0171329974157752e-07,3.830711083592633,0.10117421324950737,0.0036904376666666654,0.0013235322638260236,0.0009824192993660224,0.0005149476071747193,0.0032930326916666636,3.8301020389003924,0.10273742085834336,-0.0006090446922404347,0.0015632076088359925,0.0015593590906305239,0.9951053021653056,6.962387057628648e-08,0.0007980532253299805,-0.0022320485714340497,-0.0022320485714340497,0.17670407442638433,1.0024680128064103,6.928308276773369e-08]"
/multi_agv/m2b_algorithm_state,1789558516.8772445,1789558516.8772445,m2b_algorithm_state_v1:header6+3x20,"[1.0,-0.15,0.52,3.832840375570561,0.10125038900703966,1789558516.8771813,3.8314172483212943,0.1010752371367636,0.0036904376666666654,0.0015402475930237254,0.0006967323227859085,0.0005696082017353915,0.004584685874999997,3.833293570018199,0.09774903804144551,0.0018763216969048813,-0.0033261990953180887,-0.0033443023238197574,1.0110211902935191,3.6824093710583484e-07,-0.0009989002026886558,0.006523513324464621,0.006523513324464621,0.14195251559736805,0.9945868445048378,3.7229939054754203e-07,3.8323977211260862,0.10150168520161197,0.002796189458333334,-0.0009436333386769117,0.0016671042713962692,0.0007539200419719588,-0.0017884964166666626,3.832354312507205,0.10374940297313473,-4.3408618881191074e-05,0.0022477177715227586,0.002239837408674406,0.9930480771864604,-1.024253874075058e-07,0.0021855766350729173,-0.00978139266455676,-0.00978139266455676,0.12046880341647868,1.0035182745041373,-1.0171333402010192e-07,3.831711089659482,0.10117421322448839,0.0036904376666666654,0.0013235325326968026,0.0009824193025510086,0.0005149474889736896,0.0032930326916666636,3.8312700000543205,0.10430968313121136,-0.0004410896051614266,0.0031354699067229763,0.003120170278271688,0.9903572880849645,2.7978146198725093e-07,0.002568808271819905,-0.009319681659975335,-0.009319681659975335,0.17670407316093595,1.0049034594547075,2.770836099501404e-07]"
/multi_agv/m2b_algorithm_state,1789558516.8870692,1789558516.8870692,m2b_algorithm_state_v1:header6+3x20,"[1.0,-0.15,0.52,3.8338421273767946,0.10125037756889384,1789558516.886968,3.832415607468929,0.10107526211169253,0.0036904376666666654,0.0015400711571886432,0.0006967490983841526,0.0005696759535425532,0.004584685874999997,3.8343140359450656,0.09815077293541186,0.0018984284761365267,-0.002924489176280673,-0.002938441572746958,1.0096466185980297,2.8455989692554014e-07,-0.0005654059775762996,0.004829119267199574,0.004829119267199574,0.14195251329099226,0.995251769987299,2.873049377194755e-07,3.8333960729862357,0.1015016701582768,0.002796189458333334,-0.0009434422209178292,0.0016670922470232163,0.0007538434537114058,-0.0017884964166666626,3.8334500446654753,0.10485398028869383,5.3971679239595005e-05,0.0033523101304170355,0.003334928236542789,0.98976245255059,-2.2759476519670838e-07,0.0034023928355922826,-0.014685118968446018,-0.014685118968446018,0.12046880475517682,1.0052120743360482,-2.2526475298876975e-07,3.832709446256519,0.10117423475114966,0.0036904376666666654,0.0013234151934780843,0.0009824251820351078,0.000514995292685839,0.0032930326916666636,3.832103693123614,0.10236809573323097,-0.000605753132905118,0.00119386098208131,0.0011916099421015788,0.996246027564761,4.0617292274931356e-08,0.00043441852597018125,-0.0007645431376646018,-0.0007645431376646018,0.1767040776681425,1.0018890745202758,4.0464816079337215e-08]"
/multi_agv/m2b_algorithm_state,1789558516.8970284,1789558516.8970284,m2b_algorithm_state_v1:header6+3x20,"[1.0,-0.15,0.52,3.8348422840718253,0.1012503766606263,1789558516.8969104,3.833417355708613,0.10107523397043458,0.0036904376666666654,0.0015402712550569757,0.0006967312093696162,0.0005695985243750366,0.004584685874999997,3.8353460178166014,0.09788728403901381,0.001928662107988366,-0.0031879499314207693,-0.003204562301353706,1.0105467642875776,3.382414388438306e-07,-0.0007937346663682487,0.005744630831231173,0.005744630831231173,0.141952517071089,0.9948160252880964,3.4180879157160755e-07,3.834397829070818,0.10150168801922113,0.002796189458333334,-0.0009436604012395592,0.0016671050820686872,0.0007539313509818679,-0.0017884964166666626,3.8344921430786454,0.10485398028869383,9.431400782755617e-05,0.003352292269472701,0.003334910562714845,0.9897625075184808,-2.2764495756679874e-07,0.0034528030724992904,-0.014866347857930506,-0.014866347857930506,0.12046880256316836,1.005212045849801,-2.2531444402525288e-07,3.833711197350954,0.10117421071702581,0.0036904376666666654,0.001323547380383871,0.0009824192870707908,0.0005149410611444459,0.0032930326916666636,3.8330495159150635,0.10171555996135603,-0.0006616814358904044,0.0005413492443302192,0.0005408841122080905,0.9982851013102637,8.356144447836679e-09,-0.000286217682654915,0.002097528857688614,0.002097528857688614,0.17670407028087035,1.0008599478365705,8.341814506671837e-09]"
/multi_agv/m2b_algorithm_state,1789558516.907235,1789558516.907235,m2b_algorithm_state_v1:header6+3x20,"[1.0,-0.15,0.52,3.835842382605167,0.10125037614990016,1789558516.9070525,3.8344175120367536,0.10107523195091671,0.0036904376666666654,0.0015402855880844797,0.0006967294914013594,0.0005695932052006496,0.004584685874999997,3.83632497865766,0.09788728403901381,0.0019074666209064617,-0.003187947911902897,-0.0032045602609846228,1.0105467576506955,3.3824416053064316e-07,-0.0008202269848515457,0.005837601754316149,0.005837601754316149,0.14195251799347566,0.9948160284941494,3.418115397185228e-07,3.835397986226827,0.10150168916298168,0.002796189458333334,-0.0009436762628053184,0.0016671064650051193,0.0007539375070660798,-0.0017884964166666626,3.8355407771452605,0.10485398028869383,0.00014279091843372171,0.0033522911257121563,0.00333490943093663,0.9897625110384575,-2.2764862762215978e-07,0.0035133980789787823,-0.015083955674436614,-0.015083955674436614,0.12046880203259368,1.0052120440256287,-2.2531807730976762e-07,3.834711353951895,0.10117420886798056,0.0036904376666666654,0.00132355745841377,0.0009824186908548027,0.0005149370028373363,0.0032930326916666636,3.8340667629569656,0.10171555996135603,-0.000644590994929306,0.0005413510933754695,0.0005408859580707563,0.9982850954458296,8.356265218235029e-09,-0.0002648527855908763,0.0020215477082545057,0.0020215477082545057,0.176704068493771,1.000859950785878,8.341935020956421e-09]"
/multi_agv/m2b_algorithm_state,1789558516.9173923,1789558516.9173923,m2b_algorithm_state_v1:header6+3x20,"[1.0,-0.15,0.52,3.8368424792398996,0.10125037566577082,1789558516.9172716,3.8354176103228754,0.10107523094996683,0.0036904376666666654,0.001540292630529814,0.0006967283704341297,0.0005695907356612239,0.004584685874999997,3.837185966238378,0.09671771338109528,0.0017683559155026174,-0.004357517568871552,-0.004388828703755915,1.014605849444799,6.324237818655216e-07,-0.002178383809377643,0.011081998715574764,0.011081998715574764,0.14195251881397958,0.9928657195352447,6.416608684087597e-07,3.836398085081746,0.10150168962229475,0.002796189458333334,-0.0009436841341080205,0.001667107429735637,0.0007539404171837405,-0.0017884964166666626,3.8363815867929785,0.10208115823658026,-1.6498288767596847e-05,0.000579468614285511,0.0005789381873313566,0.9981732865639747,-6.8160811229136795e-09,0.0005583153263718605,-0.0031909719921746934,-0.0031909719921746934,0.12046880155840008,1.0009162065411499,-6.803630095945415e-09,3.835711452410881,0.10117420787743893,0.0036904376666666654,0.0013235627665735155,0.0009824182765542314,0.00051493491745716,0.0032930326916666636,3.8352042716436725,0.10152797908506192,-0.0005071807672085704,0.00035377120762299097,0.0003535722857663065,0.9988769254093518,3.5691012328556027e-09,-0.00028040367324440655,0.0021608617526944662,0.0021608617526944662,0.17670406689143403,1.000562605907455,3.5650928659495314e-09]"
/multi_agv/m2b_algorithm_state,1789558516.927017,1789558516.927017,m2b_algorithm_state_v1:header6+3x20,"[1.0,-0.15,0.52,3.8378388289421985,0.10125039893046495,1789558516.9269145,3.8364177067179135,0.10107523004546505,0.0036904376666666654,0.0015402989407711305,0.0006967272791169596,0.0005695885680791486,0.004584685874999997,3.8383189405592923,0.09702423337757679,0.0019012338413788576,-0.00405099666788826,-0.004077995560895214,1.0135320332424473,5.464780176084135e-07,-0.001701453259171642,0.00928898540385788,0.00928898540385788,0.1419525196106388,0.9933793716536005,5.538729763089572e-07,3.8373981820322305,0.10150168998872539,0.002796189458333334,-0.0009436911575305303,0.0016671083769921324,0.0007539429688637189,-0.0017884964166666626,3.837372617209691,0.10231290835567937,-2.5564822539347887e-05,0.0008112183669539835,0.0008101806524241651,0.99744946284677,-1.3356166583907625e-08,0.0007782246242499803,-0.004080220779068006,-0.004080220779068006,0.12046880109216053,1.0012808433856244,-1.332210118481064e-08,3.8367115489695554,0.101174206963122,0.0036904376666666654,0.001323567611775761,0.000982417858791407,0.0005149330345514745,0.0032930326916666636,3.8361671942896463,0.1014370442684974,-0.0005443546799090981,0.0002628373053753935,0.00026272742750756416,0.9991647405567541,1.970232595595966e-09,-0.0004177159223788085,0.002689461013303142,0.002689461013303142,0.17670406532449218,1.0004182200117886,1.9685869402151035e-09]"
/multi_agv/m2b_algorithm_state,1789558516.9371552,1789558516.9371552,m2b_algorithm_state_v1:header6+3x20,"[1.0,-0.15,0.52,3.838848691839291,0.10125033501139397,1789558516.9369867,3.8374140637307703,0.1010752857247587,0.0036904376666666654,0.0015399050592802524,0.0006967644811441075,0.0005697399487718549,0.004584685874999997,3.839358267204068,0.09745277312338363,0.001944203473297712,-0.003622512601375069,-0.0036440327513244004,1.0120428784826814,4.36757664713967e-07,-0.0012137784097022604,0.007402174015650423,0.007402174015650423,0.14195251368942746,0.9940944136845339,4.42017484196497e-07,3.838394522825933,0.10150165613621796,0.002796189458333334,-0.000943263779799924,0.0016670816512029951,0.0007537716172590636,-0.0017884964166666626,3.8383921498922065,0.10231290835567937,-2.3729337264022377e-06,0.0008112522194614058,0.0008102144181097885,0.9974493562194059,-1.3351233836104897e-08,0.0008072482509517857,-0.004183136214329061,-0.004183136214329061,0.12046880452720436,1.0012808971655163,-1.3317179594557579e-08,3.8377079002698924,0.10117425493041816,0.0036904376666666654,0.001323305685674662,0.0009824307506293376,0.0005150398634995771,0.0032930326916666636,3.83734303285272,0.10323046546481447,-0.0003648674171725652,0.0020562105343963077,0.0020495765996673674,0.9935977576874591,1.2040028188950856e-07,0.001593492328201661,-0.005305572301429433,-0.005305572301429433,0.1767040769116574,1.0032367342259942,1.1962945011035369e-07]"
/multi_agv/m2b_algorithm_state,1789558516.9470265,1789558516.9470265,m2b_algorithm_state_v1:header6+3x20,"[1.0,-0.15,0.52,3.839835559411885,0.10125041883136399,1789558516.9468658,3.8384239064991514,0.10107513175986503,0.0036904376666666654,0.0015409957619879856,0.0006966626257420389,0.0005693201543807507,0.004584685874999997,3.8403441670698797,0.0973425896889405,0.0019202605707282494,-0.0037325420709245355,-0.0037554082953986,1.0124239732576985,4.6405360745185903e-07,-0.0013550825819882884,0.00794455465012802,0.00794455465012802,0.14195253205167882,0.9939111215943996,4.6981899706097946e-07,3.839404410168693,0.10150175076893912,0.002796189458333334,-0.0009444491173099881,0.0016671549882052439,0.0007542472726354554,-0.0017884964166666626,3.8395123706072716,0.10277392236915389,0.00010796043857874693,0.0012721716002147693,0.0012696284386962478,0.9960211690824599,-3.286260065246213e-08,0.0014045789869196815,-0.006527614261334061,-0.006527614261334061,0.12046879388309023,1.0020030754203435,-3.273184592095534e-08,3.838717758850029,0.10117412250537776,0.0036904376666666654,0.0013240301515146974,0.0009823959044991124,0.0005147439613443585,0.0032930326916666636,3.838319559060069,0.10168180914254227,-0.00039819978995980776,0.0005076866371645089,0.0005072774482532352,0.9983911214415572,7.352098522884605e-09,9.527710803475492e-06,0.001061311620631663,0.001061311620631663,0.17670404099235745,1.0008066373001259,7.340269889211577e-09]"
/multi_agv/m2b_algorithm_state,1789558516.9570796,1789558516.9570796,m2b_algorithm_state_v1:header6+3x20,"[1.0,-0.15,0.52,3.84083895202839,0.10125039594281587,1789558516.9569142,3.8394108001395115,0.10107533522725858,0.0036904376666666654,0.0015395531618380633,0.00069679474514368,0.0005698767399153284,0.004584685874999997,3.84130260615373,0.09721568872360106,0.0018918060142185666,-0.003859646503657513,-0.003884119839379688,1.0128652839825676,4.957713012218674e-07,-0.0015193623216064795,0.00857150152395568,0.00857150152395568,0.14195250907672224,0.9936991296009847,5.021495398024938e-07,3.8403912462270355,0.10150162441470985,0.002796189458333334,-0.0009428810555297496,0.0016670604454507298,0.0007536167500375862,-0.0017884964166666626,3.8405401948249973,0.10277392236915389,0.0001489485979617733,0.0012722979544440433,0.0012697542857788664,0.9960207727708799,-3.281457246601713e-08,0.001455940033231083,-0.00670924857578187,-0.00670924857578187,0.12046880719423265,1.0020032762981512,-3.268399582574842e-08,3.839704631869109,0.10117429685212354,0.0036904376666666654,0.0013230749888482707,0.0009824406906139508,0.0005151346911859492,0.0032930326916666636,3.8392052547210325,0.10028811936240423,-0.000499377148076352,-0.0008861774897193087,-0.000887437420522154,1.00285302565155,2.2406333779029426e-08,-0.001511658855617594,0.007070107963329042,0.007070107963329042,0.17670408591574072,0.9985802595499027,2.2470259624058186e-08]"
/multi_agv/m2b_algorithm_state,1789558516.9670281,1789558516.9670281,m2b_algorithm_state_v1:header6+3x20,"[1.0,-0.15,0.52,3.8418388397139065,0.10125039616589292,1789558516.9668727,3.8404141859445255,0.10107527711626733,0.0036904376666666654,0.0015399678059162167,0.0006967605388462413,0.0005697148013015074,0.004584685874999997,3.842264748579273,0.09764401648798043,0.0018505626347473658,-0.0034312606282869,-0.0034505407321482316,1.0113826823262047,3.918258828874246e-07,-0.0011373374387140243,0.0070533457276681245,0.0070533457276681245,0.14195251582604387,0.9944124398585703,3.962859124395168e-07,3.8413946468507203,0.10150166277251396,0.002796189458333334,-0.0009433337657758787,0.0016670844669914864,0.000753800489094264,-0.0017884964166666626,3.8412495870832504,0.10166429892276121,-0.00014505976746992388,0.00016263615024725286,0.00016259423497481392,0.9994848691874274,-5.368784670564993e-10,-1.8730474362590934e-05,-0.0009500258972883551,-0.0009500258972883551,0.12046880328667328,1.0002577906433487,-5.366019044155118e-10,3.8407080232899236,0.10117424793966633,0.0036904376666666654,0.001323345582880644,0.0009824299489139768,0.0005150229866546655,0.0032930326916666636,3.8402488746964027,0.10143778372275385,-0.0004591485935208084,0.0002635357830875207,0.0002634253210979803,0.9991625279976134,1.9803844913123606e-09,-0.0003105104208030302,0.0023079932754167757,0.0023079932754167757,0.17670407271648894,1.0004193294292285,1.978725974746926e-09]"
/multi_agv/m2b_algorithm_state,1789558516.9773138,1789558516.9773138,m2b_algorithm_state_v1:header6+3x20,"[1.0,-0.15,0.52,3.8428374885698005,0.10125040425695477,1789558516.9771385,3.8414140738363884,0.10107527624934733,0.0036904376666666654,0.0015399755173667643,0.000696761842137849,0.000569710780812635,0.004584685874999997,3.8432734683239524,0.09809552165920411,0.0018593944875640034,-0.002979754590143213,-0.0029942453128893125,1.0098350058986079,2.9540861774950757e-07,-0.0006700022034343083,0.005220284734778987,0.005220284734778987,0.14195251626030594,0.9951604757687282,2.9831396324757355e-07,3.8423945341615964,0.10150166459347366,0.002796189458333334,-0.0009433434759182325,0.001667083343070086,0.0007538052827422426,-0.0017884964166666626,3.842262364999162,0.10166429892276121,-0.0001321691624345256,0.0001626343292875504,0.0001625924149541745,0.9994848749571719,-5.368719671932511e-10,-2.619038088982499e-06,-0.0010072631888064143,-0.0010072631888064143,0.12046880303618991,1.0002577877534307,-5.365954109981574e-10,3.841707911143734,0.10117424765485776,0.0036904376666666654,0.0013233486687149348,0.0009824308863837896,0.0005150211614499836,0.0032930326916666636,3.8413307810172346,0.10219266077518763,-0.0003771301264996474,0.0010184131203298669,0.0010167729055720507,0.9967913026497129,2.9558661868473917e-08,0.0005453602474474915,-0.0010794091017246707,-0.0010794091017246707,0.17670407187387913,1.0016131574207254,2.9463817068458513e-08]"
/multi_agv/m2b_algorithm_state,1789558516.9872904,1789558516.9872904,m2b_algorithm_state_v1:header6+3x20,"[1.0,-0.15,0.52,3.843842120074489,0.10125037393978244,1789558516.9870973,3.842412725380216,0.10107529418703426,0.0036904376666666654,0.0015398502178537638,0.0006967757548991926,0.0005697578562569995,0.004584685874999997,3.844255338401464,0.09769365209662574,0.0018426130212483294,-0.003381642090408518,-0.0034003616369321786,1.0112118478169658,3.805345194415312e-07,-0.001097095360371767,0.006891064139315891,0.006891064139315891,0.14195251445961138,0.9944948365725743,3.8480101456261186e-07,3.843393179615958,0.10150165500187446,0.002796189458333334,-0.0009432088490684003,0.001667073138473807,0.0007537522347590697,-0.0017884964166666626,3.8433945296579077,0.10135502843263604,1.35004194978805e-06,-0.00014662656923841721,-0.0001466607184675534,1.0004660572525668,-4.364191205241098e-10,-0.00014497316603031833,-0.00036286919341909404,-0.00036286919341909404,0.12046880407500778,0.9997671549035555,-4.3662251682038886e-10,3.8427065607132262,0.10117426358195558,0.0036904376666666654,0.0013232632508868693,0.000982436197215675,0.0005150554242893085,0.0032930326916666636,3.84217998548091,0.10108413580646322,-0.0005265752323162509,-9.012777549236017e-05,-9.014072973436389e-05,1.0002875618213767,2.3166947268849597e-10,-0.0007483597701296776,0.004019636289932472,0.004019636289932472,0.17670407538380423,0.9998562886938912,2.3173609198401966e-10]"
/multi_agv/m2b_algorithm_state,1789558516.9974809,1789558516.9974809,m2b_algorithm_state_v1:header6+3x20,"[1.0,-0.15,0.52,3.8448394010559634,0.10125039141971619,1789558516.9973145,3.8434173474364823,0.10107522003640429,0.0036904376666666654,0.0015403768101167536,0.0006967281702533689,0.0005695543514703191,0.004584685874999997,3.8453081068309283,0.09707861822027712,0.00189075939444594,-0.003996601816127168,-0.004022869803136929,1.0133422219777741,5.319096802686664e-07,-0.0016594205600795036,0.00911946141337013,0.00911946141337013,0.1419525234246647,0.9934703362785249,5.390065372949378e-07,3.844397822495715,0.10150170162053629,0.002796189458333334,-0.0009437822703080943,0.0016671072636773587,0.0007539830422615412,-0.0017884964166666626,3.8444085801292993,0.10135502843263604,1.0757633584379533e-05,-0.00014667318790025086,-0.00014670735883821814,1.0004662053837499,-4.3696208564195884e-10,-0.00013326031685774372,-0.00040498079698245723,-0.00040498079698245723,0.1204687988831501,0.999767080954644,-4.371657997187797e-10,3.84371119029127,0.10117420016240675,0.0036904376666666654,0.0013236114608649028,0.0009824203186531658,0.0005149127482368052,0.0032930326916666636,3.843334083109807,0.10013211716241317,-0.00037710718146310995,-0.0010420829999935738,-0.0010438273005813725,1.0033608782727028,3.0999634194795504e-08,-0.00151521127741026,0.007149910649381164,0.007149910649381164,0.176704057864405,0.9983289375677113,3.110382019182253e-08]"
/multi_agv/m2b_algorithm_state,1789558517.0071511,1789558517.0071511,m2b_algorithm_state_v1:header6+3x20,"[1.0,-0.15,0.52,3.8458403683201308,0.10125038494569788,1789558517.00696,3.8444146337789107,0.1010752624539237,0.0036904376666666654,0.001540076333287807,0.0006967555471916846,0.0005696703556218097,0.004584685874999997,3.846282661216776,0.09707861822027712,0.001868027437865294,-0.003996644233646582,-0.004022912771760443,1.013342362419953,5.318171204978642e-07,-0.0016878784744288255,0.009218727449862177,0.009218727449862177,0.14195251918424587,0.9934702690303755,5.389128172606825e-07,3.8453950969970423,0.10150167535592339,0.002796189458333334,-0.0009434561868431135,0.001667087823236546,0.0007538518086216139,-0.0017884964166666626,3.845459081571171,0.10190973881443405,6.398457412881697e-05,0.00040806345851066017,0.0004078000767814805,0.998711110478309,-3.3797011563483785e-09,0.00048778079444250174,-0.0028614272713884063,-0.0028614272713884063,0.12046880134905272,1.0006458599303325,-3.375345094941514e-09,3.8447084723919374,0.10117423644930146,0.0036904376666666654,0.0013234128444083526,0.0009824296600177583,0.0005149939817262182,0.0032930326916666636,3.844339291009691,0.10013211716241317,-0.00036918138224617536,-0.001042119286888285,-0.0010438637085812955,1.0033609950410247,3.0997136713265666e-08,-0.0015053404363890147,0.007114816608233506,0.007114816608233506,0.17670406617066392,0.9983288798349151,3.110131793604492e-08]"
/multi_agv/m2b_algorithm_state,1789558517.0172827,1789558517.0172827,m2b_algorithm_state_v1:header6+3x20,"[1.0,-0.15,0.52,3.846840004545658,0.10125038714981759,1789558517.017096,3.845415599008592,0.10107524627248049,0.0036904376666666654,0.0015401917891956314,0.0006967455030771673,0.0005696255347161225,0.004584685874999997,3.847318527303471,0.09752162065323572,0.001902928294879036,-0.0035536256192447713,-0.0035743243860650955,1.0118047706875675,4.2036451623358385e-07,-0.0011956640174663005,0.007309856451486436,0.007309856451486436,0.14195252153750093,0.9942090407627745,4.2532682295291156e-07,3.846396066681875,0.10150168588269362,0.002796189458333334,-0.000943582563259192,0.0016670950852337718,0.0007539028109872226,-0.0017884964166666626,3.846524257621807,0.10215329266203045,0.0001281909399319936,0.0006516067793368302,0.0006509364328036892,0.9979475654594515,-8.617415644290428e-09,0.0008111751077186812,-0.004123663845957465,-0.004123663845957465,0.12046879997372885,1.0010298187339948,-8.599728962771824e-09,3.8457094392699243,0.10117422268191953,0.0036904376666666654,0.001323488911972513,0.0009824264675076582,0.0005149626700248298,0.0032930326916666636,3.84545772517588,0.10106913354141805,-0.00025171409404434186,-0.00010508914050147422,-0.00010510675457176807,1.0003353546208487,3.150256224366222e-10,-0.0004197493721271954,0.0028603173244333424,0.0028603173244333424,0.1767040615391236,0.9998324173325909,3.1513126773479205e-10]"
/multi_agv/m2b_algorithm_state,1789558517.0270581,1789558517.0270581,m2b_algorithm_state_v1:header6+3x20,"[1.0,-0.15,0.52,3.8478390770833997,0.10125039286405783,1789558517.026926,3.8464152358718664,0.10107525136592367,0.0036904376666666654,0.0015401561901427475,0.000696748982664807,0.0005696391555267382,0.004584685874999997,3.8483017513255215,0.09722679247514905,0.0018865154536551465,-0.0038484588907746198,-0.0038727885394571663,1.012826402484882,4.930911596537037e-07,-0.0015146442223882331,0.008550915204367399,0.008550915204367399,0.14195252153827934,0.9937177957343477,4.994157453291594e-07,3.8473957021165495,0.10150168301118133,0.002796189458333334,-0.0009435445878526478,0.0016670927126756219,0.0007538875840912285,-0.0017884964166666626,3.8472847965789128,0.1013800953289645,-0.00011090553763670741,-0.00012158768221683103,-0.00012161115973600994,1.0003863603227539,-3.001957224627522e-10,-0.0002602430817818942,3.4614994958738314e-05,3.4614994958738314e-05,0.12046879997757054,0.9998069460135905,-3.003117061789722e-10,3.846709075648557,0.10117422707234776,0.0036904376666666654,0.0013234652855355026,0.0009824277898638602,0.0005149722233317383,0.0032930326916666636,3.846376716128668,0.10161338500235839,-0.00033235951988874746,0.0004391579300106335,0.0004388515937652533,0.9986072098928718,5.499167876227766e-09,2.3402193904318983e-05,0.0010423563428614707,0.0010423563428614707,0.17670406155422805,1.0006980406354502,5.491508689612319e-09]"
/multi_agv/m2b_algorithm_state,1789558517.0374913,1789558517.0374913,m2b_algorithm_state_v1:header6+3x20,"[1.0,-0.15,0.52,3.8488458260862726,0.10125034931262888,1789558517.0373394,3.847414310188634,0.10107526463996762,0.0036904376666666654,0.001540062912535055,0.0006967582651082435,0.0005696747592506379,0.004584685874999997,3.849221083804965,0.0968018385699817,0.001806773616331192,-0.004273426069985917,-0.004303521383632011,1.014310539562419,6.081277514059113e-07,-0.002045054363218021,0.01058160037162092,0.01058160037162092,0.14195252050887744,0.9930068167523092,6.168303876514106e-07,3.8483947724532395,0.10150167535447013,0.002796189458333334,-0.0009434441240113453,0.0016670861095184897,0.0007538474712369542,-0.0017884964166666626,3.8483018953215926,0.10167416216685296,-9.28771316468513e-05,0.00017248681238282715,0.00017243966936014599,0.9994537296544121,-6.039505422687806e-10,5.6343254801581865e-05,-0.0012212452178865345,-0.0012212452178865345,0.12046880057869695,1.0002733885007788,-6.036206219973375e-10,3.8477081486083264,0.1011742385977357,0.0036904376666666654,0.0013234029009099907,0.000982431186194988,0.0005149974980082185,0.0032930326916666636,3.847439086909932,0.10213823132359034,-0.0002690616983942462,0.000963992725854651,0.0009625225161512644,0.9969608820925256,2.6486172149698232e-08,0.0006261953931584566,-0.0013422803911046456,-0.0013422803911046456,0.17670406357397278,1.0015274548685524,2.6405677549617635e-08]"
/multi_agv/m2b_algorithm_state,1789558517.047181,1789558517.047181,m2b_algorithm_state_v1:header6+3x20,"[1.0,-0.15,0.52,3.8498414876895057,0.10125037780114753,1789558517.0470867,3.8484210453705368,0.10107516012578913,0.0036904376666666654,0.0015408030741686529,0.0006966884479592034,0.0005693902452051008,0.004584685874999997,3.8502269542832708,0.09721053123284347,0.0018059089127340222,-0.003864628892945657,-0.0038891664289414773,1.0128826390651882,4.974576029863098e-07,-0.0016317802880239495,0.008968280536044667,0.008968280536044667,0.1419525332714301,0.9936907981583861,5.038661697358161e-07,3.8494015382787587,0.10150173928663207,0.002796189458333334,-0.0009442485768784092,0.0016671365774576508,0.000754169922009551,-0.0017884964166666626,3.8493590270197204,0.1021327907365954,-4.2511259038313653e-05,0.0006310514499633241,0.0006304226317596611,0.99801184676627,-8.08812923158688e-09,0.0005772835579617691,-0.003282680099766695,-0.003282680099766695,0.12046879317070473,1.000997454996036,-8.072048791300274e-09,3.848714894609523,0.10117414852546547,0.0036904376666666654,0.0013238953736087722,0.0009824072130852233,0.0005147965001270197,0.0032930326916666636,3.8484126111997963,0.10173171981903548,-0.00030228340972682233,0.0005575712935700083,0.0005570779276616129,0.9982340367350755,8.866678247189106e-09,0.000179223665503085,0.0004350387588799139,0.0004350387588799139,0.17670403857971045,1.00088563176514,8.851020019122665e-09]"
/multi_agv/m2b_algorithm_state,1789558517.0569668,1789558517.0569668,m2b_algorithm_state_v1:header6+3x20,"[1.0,-0.15,0.52,3.850839022870005,0.10125039353719201,1789558517.0568998,3.849416715536561,0.10107523097052261,0.0036904376666666654,0.001540299298865048,0.0006967319162439977,0.0005695860008988362,0.004584685874999997,3.851365128617095,0.09811252552186984,0.0019484130805342836,-0.0029627054486527638,-0.0029770289973254037,1.0097768701721068,2.9209608031353814e-07,-0.0005415126466575492,0.004762009127363516,0.004762009127363516,0.14195252611589632,0.9951886432125758,2.949518657685449e-07,3.8503971896869746,0.1015016938511426,0.002796189458333334,-0.0009437002486410262,0.0016671059924071585,0.0007539481499852785,-0.0017884964166666626,3.850378153454782,0.1021327907365954,-1.9036232192792824e-05,0.0006310968854527921,0.0006304679765247173,0.9980117034192498,-8.084597895847414e-09,0.0006066726862837263,-0.003386715391517881,-0.003386715391517881,0.12046879732557471,1.0009975271567977,-8.068523317494362e-09,3.8497105578449813,0.10117420858177732,0.0036904376666666654,0.0013235647727167063,0.0009824214489224884,0.0005149323977937446,0.0032930326916666636,3.8494308563725355,0.10172866949402497,-0.00027970147244582577,0.0005544609122476452,0.0005539730243314507,0.9982438274371871,8.765857107170276e-09,0.00020434618377416852,0.000346760246746122,0.000346760246746122,0.1767040526016595,1.0008807069925167,8.750462749429125e-09]"
/multi_agv/m2b_algorithm_state,1789558517.0670214,1789558517.0670214,m2b_algorithm_state_v1:header6+3x20,"[1.0,-0.15,0.52,3.851843752053995,0.10125036293209232,1789558517.0669217,3.8504142556108265,0.1010752688150193,0.0036904376666666654,0.001540031445401421,0.0006967569029646898,0.000569689107446805,0.004584685874999997,3.852204053615885,0.09729915189340285,0.0017897980050585183,-0.003776116921616446,-0.003799527769127497,1.0125751180199802,4.7466738922675914e-07,-0.0015622802628043491,0.008687319554527279,0.008687319554527279,0.14195252231598576,0.9938384849556116,4.806363876665215e-07,3.8513947189241526,0.10150167068680933,0.002796189458333334,-0.000943409624106903,0.0016670881624412104,0.0007538314488520076,-0.0017884964166666626,3.8509866470808416,0.10070570391346755,-0.00040807184331104196,-0.0007959667733417886,-0.0007969780723423922,1.0025487073102681,-1.2869321839358244e-08,-0.0013070678764811948,0.004040849022590628,0.004040849022590628,0.12046879952680611,0.9987310830301375,-1.290212197400841e-08,3.8507080940750376,0.10117424110974736,0.0036904376666666654,0.0013233869839498953,0.0009824300659697204,0.0005150049800562617,0.0032930326916666636,3.8502532670437177,0.10208864183381991,-0.0004548270313198266,0.0009144007240725477,0.0009130773946837544,0.9971156006074355,2.383170487127036e-08,0.00034454360553397116,-0.00031637611572777734,-0.00031637611572777734,0.1767040600307074,1.0014493069223904,2.3762964716215893e-08]"
/multi_agv/m2b_algorithm_state,1789558517.0770595,1789558517.0770595,m2b_algorithm_state_v1:header6+3x20,"[1.0,-0.15,0.52,3.8528373877287243,0.10125040371275655,1789558517.0769384,3.851418975147564,0.1010751949228894,0.0036904376666666654,0.0015405551414740303,0.0006967082158205065,0.0005694874314949499,0.004584685874999997,3.8530869274064115,0.09668667022380022,0.001667952258847638,-0.00438852469908918,-0.004420290424734809,1.0147148797666539,6.415779107414473e-07,-0.0023353501011752617,0.011643148546757878,0.011643148546757878,0.14195253144410458,0.9928136564358133,6.510186525589487e-07,3.8523994598132676,0.10150171626942668,0.002796189458333334,-0.0009439790558920464,0.0016671232778167067,0.0007540600120031216,-0.0017884964166666626,3.8519887624910853,0.10070570391346755,-0.00041069732218224075,-0.0007960123559591359,-0.0007970237705163842,1.0025488530143256,-1.2878562241834319e-08,-0.0013103954232441851,0.0040520786493402185,0.0040520786493402185,0.12046879423117551,0.9987310107995988,-1.2911387804024598e-08,3.8517128212011547,0.10117417760396084,0.0036904376666666654,0.0013237346094106413,0.0009824134864518056,0.0005148629219658648,0.0032930326916666636,3.8512992927413507,0.10240644849705123,-0.0004135284598039135,0.001232270893090387,0.0012298733742167535,0.996126943369715,4.328213068860773e-08,0.0007129627994618617,-0.001774961652638415,-0.001774961652638415,0.17670404217870264,1.001949403023023,4.311449654537135e-08]"
/multi_agv/m2b_algorithm_state,1789558517.0870428,1789558517.0870428,m2b_algorithm_state_v1:header6+3x20,"[1.0,-0.15,0.52,3.853843833572192,0.10125036174160616,1789558517.08694,3.8524126234969827,0.10107529373190897,0.0036904376666666654,0.001539854824248336,0.0006967725864554626,0.0005697575076352823,0.004584685874999997,3.854093816991018,0.09704167554247752,0.0016811934940355044,-0.004033618189431459,-0.0040603824207727825,1.0134713546040444,5.416371147671306e-07,-0.001958890553228402,0.010181747827839337,0.010181747827839337,0.14195252064012023,0.9934084456664972,5.489337004068701e-07,3.853393080152886,0.10150165508310649,0.002796189458333334,-0.0009432181384906044,0.0016670772724860505,0.0007537541110498175,-0.0017884964166666626,3.8533882465379246,0.10196443131218995,-4.833614961619048e-06,0.0004627762290834586,0.00046243762491447,0.9985392068633173,-4.345488196297768e-09,0.0004563956062124462,-0.002774610133434392,-0.002774610133434392,0.12046880049739792,1.0007322158724676,-4.339140336965081e-09,3.8527064595363036,0.10117426232325419,0.0036904376666666654,0.001323270683281657,0.0009824353884131396,0.000515052623339088,0.0032930326916666636,3.8523077109453516,0.10229307042484675,-0.00039874859095201387,0.0011188081015925666,0.001116830068100593,0.9964790168929849,3.566899087318639e-08,0.0006183943294105756,-0.001385943670755188,-0.001385943670755188,0.1767040633108797,1.0017711141099002,3.5543400958877624e-08]"
/multi_agv/m2b_algorithm_state,1789558517.0969841,1789558517.0969841,m2b_algorithm_state_v1:header6+3x20,"[1.0,-0.15,0.52,3.8548385278399735,0.1012503959099017,1789558517.0968866,3.853419056213906,0.10107519185186087,0.0036904376666666654,0.0015405773355879945,0.000696706299199689,0.0005694788081975151,0.004584685874999997,3.855707832013927,0.09833776580589178,0.002288775800020737,-0.0027374260459690908,-0.0027496334510059605,1.0090106599641389,2.4937253893277064e-07,0.00011133629901996078,0.0023698467457240417,0.0023698467457240417,0.14195253287310042,0.9955603518598438,2.516195500854878e-07,3.854399541872175,0.10150171839323413,0.002796189458333334,-0.0009440039405868746,0.001667124899949357,0.000754069954883918,-0.0017884964166666626,3.8544021334294323,0.10196443131218995,2.5915572572365875e-06,0.00046271291895581823,0.0004623744075547064,0.9985394069120945,-4.347917513525703e-09,0.0004656138541262521,-0.002808145052761272,-0.002808145052761272,0.12046879340267264,1.0007321153497706,-4.341566975258664e-09,3.8537129026304946,0.10117417497972347,0.0036904376666666654,0.0013237492919371137,0.0009824129713534415,0.0005148568255996843,0.0032930326916666636,3.8536144279354456,0.10271146486869964,-9.847469504897788e-05,0.0015372898889761677,0.0015335671951309917,0.9951850298442837,6.734663812063901e-08,0.0014104738263197693,-0.004405606049238543,-0.004405606049238543,0.1767040393747926,1.0024274735772878,6.70223660680003e-08]"
/multi_agv/m2b_algorithm_state,1789558517.10712,1789558517.10712,m2b_algorithm_state_v1:header6+3x20,"[1.0,-0.15,0.52,3.8558494581986262,0.10125032518323056,1789558517.1069388,3.854413761038763,0.10107527503494386,0.0036904376666666654,0.001539987390172812,0.0006967599197340133,0.0005697066343881642,0.004584685874999997,3.8566972709168565,0.09833776580589178,0.002283509878093337,-0.002737509229052082,-0.002749717370048204,1.0090109322036305,2.4929211240254845e-07,0.00010466997756846752,0.0023927243984058506,0.0023927243984058506,0.14195252397478386,0.9955602197050863,2.5153846672630765e-07,3.8553942234035543,0.10150166653822813,0.002796189458333334,-0.000943362724390065,0.0016670866907428916,0.0007538118849792774,-0.0017884964166666626,3.855474645285993,0.10244469377386176,8.042188243884141e-05,0.0009430272356336228,0.000941626305047214,0.9970394960484307,-1.80410804332304e-08,0.001042153658095766,-0.005080841896784511,-0.005080841896784511,0.12046879856822769,1.001487777666044,-1.7987669743317243e-08,3.8547075990776025,0.10117424615653313,0.0036904376666666654,0.0013233591318661995,0.0009824310955029785,0.0005150165173229424,0.0032930326916666636,3.854647873410693,0.10271146486869964,-5.9725666909482555e-05,0.0015372187121665132,0.0015334963646311559,0.9951852535443882,6.732053567987934e-08,0.0014588392809943027,-0.00457858499947171,-0.00457858499947171,0.176704056794174,1.0024273598693876,6.699640436932476e-08]"
/multi_agv/m2b_algorithm_state,1789558517.117068,1789558517.117068,m2b_algorithm_state_v1:header6+3x20,"[1.0,-0.15,0.52,3.8568374111675916,0.1012504026038948,1789558517.1168985,3.855424669036604,0.10107510537548932,0.0036904376666666654,0.0015411884966727504,0.0006966467348531674,0.0005692448775454935,0.004584685874999997,3.857723513440705,0.0982904637670458,0.002298844404100997,-0.002784641608443522,-0.002797278254543261,1.0091709448492703,2.5815955592914734e-07,7.627725058298538e-05,0.0025145811878020266,0.0025145811878020266,0.14195254423930564,0.9954825208828565,2.6052712297888565e-07,3.856405180985259,0.10150177017231354,0.002796189458333334,-0.0009446674739710791,0.001667168359897886,0.0007543349672489569,-0.0017884964166666626,3.8563115131703247,0.10084536318745178,-9.366781493413967e-05,-0.0006564069848617599,-0.0006570940169456535,1.0020985090350258,-8.762923770365645e-09,-0.0007741787856133281,0.0020920390223268764,0.0020920390223268764,0.12046878679144006,0.9989544386858258,-8.781312845071e-09,3.8557185245740158,0.10117410000188881,0.0036904376666666654,0.001324157929331066,0.0009823921417380765,0.0005146905319225862,0.0032930326916666636,3.8557941001200327,0.10292044119491611,7.557554601689276e-05,0.001746341193027301,0.0017415447859360138,0.9945432818262465,8.692206664132966e-08,0.0018360142184571297,-0.006023773390273948,-0.006023773390273948,0.17670401707275818,1.0027541106780722,8.644775742058771e-08]"
/multi_agv/m2b_algorithm_state,1789558517.1274238,1789558517.1274238,m2b_algorithm_state_v1:header6+3x20,"[1.0,-0.15,0.52,3.857852932274589,0.10125030167722493,1789558517.1272235,3.8564126459021595,0.10107529465920971,0.0036904376666666654,0.001539845054914854,0.0006967677842746765,0.0005697642400588287,0.004584685874999997,3.858615977771597,0.097366447793167,0.0022033318694374415,-0.0037088468660427115,-0.003731419626162382,1.012341804672798,4.5783110068921164e-07,-0.0009772547893655802,0.0066103090636327674,0.0066103090636327674,0.14195252324149904,0.9939506240570198,4.6348156270705e-07,3.8573931051905683,0.10150165141874287,0.002796189458333334,-0.0009432062078038672,0.0016670820689310695,0.0007537464445441788,-0.0017884964166666626,3.8572619789598948,0.10078140292512097,-0.00013112623067357276,-0.0007202484936219,-0.0007210760656329595,1.002304278255592,-1.053450995922551e-08,-0.0008849838539749255,0.0025138303306841787,0.0025138303306841787,0.12046879899234053,0.998852309693107,-1.055878440145787e-08,3.856706482410046,0.10117426173373185,0.0036904376666666654,0.0013232704543954398,0.0009824327372586874,0.0005150541015323997,0.0032930326916666636,3.856827680812062,0.10292044119491611,0.00012119840201574306,0.001746179461184258,0.0017413839471347298,0.9945437891615979,8.684766740875697e-08,0.0018928819496544086,-0.006227697444839215,-0.006227697444839215,0.17670405822505525,1.0027538522204817,8.637380822455137e-08]"
/multi_agv/m2b_algorithm_state,1789558517.1375108,1789558517.1375108,m2b_algorithm_state_v1:header6+3x20,"[1.0,-0.15,0.52,3.8588550310097225,0.10125029080921981,1789558517.137369,3.857428135190559,0.10107505228889953,0.0036904376666666654,0.0015415610128431743,0.0006966066019142396,0.0005691042823218888,0.004584685874999997,3.8595749693009758,0.09722969680396737,0.0021468341104169397,-0.0038453554849321586,-0.0038696454092705416,1.0128156483864827,4.927447514442561e-07,-0.001186102771249367,0.007401086962189114,0.007401086962189114,0.14195255173322305,0.993722958625565,4.990595949230504e-07,3.8584086650095895,0.10150179966188282,0.002796189458333334,-0.0009450700693282017,0.0016671982050020517,0.000754493953973645,-0.0017884964166666626,3.858340811853959,0.10223561312790924,-6.78531556306261e-05,0.0007338134660264256,0.0007329638394886358,0.9976907976179193,-1.0945499662810433e-08,0.0006481473949503532,-0.003582890770917154,-0.003582890770917154,0.12046878243398476,1.0011591656941528,-1.0920224288916008e-08,3.857721996623618,0.10117405308089246,0.0036904376666666654,0.0013244109882227495,0.0009823773107693777,0.0005145885551840835,0.0032930326916666636,3.857830835843314,0.10286882125666934,0.00010883921969595534,0.0016947681757768784,0.0016902491109848,0.9947013085902795,8.188267579985901e-08,0.001826298135604744,-0.005964200871450545,-0.005964200871450545,0.17670400238414927,1.0026736087377355,8.144880476899337e-08]"
/multi_agv/m2b_algorithm_state,1789558517.1473143,1789558517.1473143,m2b_algorithm_state_v1:header6+3x20,"[1.0,-0.15,0.52,3.8598431043706767,0.10125036848683545,1789558517.1472542,3.8584302295203363,0.10107503323944676,0.0036904376666666654,0.0015416887958204437,0.0006965838786898706,0.0005690607131111188,0.004584685874999997,3.8602120826844453,0.09977621427975288,0.0017818531641089486,-0.001298818959693887,-0.0013015374909370273,1.0042066453112783,5.612541543705587e-08,0.0009257789641991584,-0.0011475547178782688,-0.0011475547178782688,0.14195255613479404,0.997911292404506,5.636151515274771e-08,3.859410769740107,0.10150180503384851,0.002796189458333334,-0.0009452040494505026,0.0016672161911555072,0.0007545426738861244,-0.0017884964166666626,3.858741575421239,0.10132444510233275,-0.0006691943188683602,-0.00017735993151575535,-0.00017740990812325128,1.000563939855462,-6.399059745232106e-10,-0.0010139028067087015,0.0027316614985713724,0.0027316614985713724,0.12046877986861927,0.999718298667619,-6.402668430059924e-10,3.8587240937687226,0.10117403415436413,0.0036904376666666654,0.0013245072582542187,0.0009823672619358797,0.0005145520527861935,0.0032930326916666636,3.85815130836413,0.10338847081133504,-0.0005727854045924907,0.0022144366569709084,0.002206751684171222,0.9931175422500947,1.3975337532191673e-07,0.0014907699284306087,-0.005012126149984022,-0.005012126149984022,0.1767039937447575,1.0034824819008001,1.38791528620857e-07]"
/multi_agv/m2b_algorithm_state,1789558517.1577184,1789558517.1577184,m2b_algorithm_state_v1:header6+3x20,"[1.0,-0.15,0.52,3.860856554953284,0.10125028210660454,1789558517.1575491,3.859418326625526,0.10107522550259383,0.0036904376666666654,0.0015403215420045848,0.0006967037919135772,0.0005695909881346907,0.004584685874999997,3.861147789185197,0.09895194568331128,0.0017294625596711022,-0.0021232798192825503,-0.0021305903141529206,1.0069410522432467,1.499446871050107e-07,3.1237885435957125e-05,0.0023790163046623243,0.0023790163046623243,0.14195253538036842,0.9965687937179623,1.5098546101180388e-07,3.860398814735948,0.10150168226398999,0.002796189458333334,-0.0009437146431530916,0.0016671310958145114,0.0007539413314636007,-0.0017884964166666626,3.8597403206481413,0.10132444510233275,-0.0006584940878067158,-0.0001772371616572399,-0.00017728706913697754,1.0005635496439849,-6.380137525619442e-10,-0.0010004046788953723,0.0026852089530294827,0.0026852089530294827,0.12046879195089888,0.9997184934017997,-6.38373304985058e-10,3.8597121717505556,0.10117419769392255,0.0036904376666666654,0.00132360725098802,0.0009824066474340542,0.0005149216840451901,0.0032930326916666636,3.859142297859178,0.10308754815202915,-0.0005698738913775259,0.0019133504581066024,0.0019076000831457552,0.9940328325401259,1.0428611303517586e-07,0.0011952577189238479,-0.003814209675802508,-0.003814209675802508,0.17670403446388877,1.003014455184634,1.0366382033495561e-07]"
/multi_agv/m2b_algorithm_state,1789558517.167656,1789558517.167656,m2b_algorithm_state_v1:header6+3x20,"[1.0,-0.15,0.52,3.8618558667100147,0.10125028948473182,1789558517.1674259,3.8604317498166574,0.10107502002300629,0.0036904376666666654,0.0015417739197564795,0.0006965646645072708,0.0005690338095946681,0.004584685874999997,3.862155140277402,0.09895194568331128,0.001723390460744767,-0.002123074339695011,-0.0021303834285291124,1.0069403835405242,1.5005714501101048e-07,2.3854647401846344e-05,0.002406387003266434,0.002406387003266434,0.14195256014741117,0.9965691204990511,1.5109859915038294e-07,3.861412298822057,0.10150180608688546,0.002796189458333334,-0.0009452900666043519,0.0016672316063193193,0.0007545719408427604,-0.0017884964166666626,3.8607718242707945,0.10132444510233275,-0.0006404745512624821,-0.00017736098455270466,-0.00017741096175333848,1.0005639432024311,-6.399718051062745e-10,-0.000978004150831441,0.0026042156272559147,0.0026042156272559147,0.12046877753610101,0.9997182969973224,-6.403327128555117e-10,3.860725616221137,0.10117402020992186,0.0036904376666666654,0.0013245751043515501,0.0009823581013449273,0.0005145274090180645,0.0032930326916666636,3.860191750232313,0.10308754815202915,-0.0005338659888241004,0.0019135279421072932,0.0019077764941186706,0.9940322766397801,1.0438180303926044e-07,0.001240444008088545,-0.0039748094097849795,-0.0039748094097849795,0.17670398586494046,1.0030147388891482,1.0375888131488118e-07]"
/multi_agv/m2b_algorithm_state,1789558517.177447,1789558517.177447,m2b_algorithm_state_v1:header6+3x20,"[1.0,-0.15,0.52,3.862843458552939,0.10125037007452105,1789558517.1773396,3.861431062981393,0.10107504523546534,0.0036904376666666654,0.0015415874024156426,0.0006965710971510214,0.0005691113111330414,0.004584685874999997,3.863408333796398,0.09763715450663982,0.0019772708150047613,-0.0034378907288255267,-0.003457246436635064,1.0114055582659598,3.937573325227534e-07,-0.0009856579178791122,0.006526060258699786,0.006526060258699786,0.1419525595488082,0.9944014092821292,3.9824835472149056e-07,3.862411609543304,0.10150178386592915,0.002796189458333334,-0.0009450814846342628,0.0016672284998668907,0.0007544831435919858,-0.0017884964166666626,3.862124343868008,0.10146512158201718,-0.00028726567529613334,-3.666228391197013e-05,-3.6664417114782384e-05,1.000116386584152,-2.733664541938476e-11,-0.00039574651123494906,0.00047613285486332226,0.00047613285486332226,0.12046877788514726,0.9999418181719465,-2.7339827038167296e-11,3.8617249276053482,0.10117403935280096,0.0036904376666666654,0.0013244624755306801,0.0009823578496262362,0.0005145763600609334,0.0032930326916666636,3.861608409003944,0.10352005138194607,-0.00011651860140426962,0.0023460120291451114,0.002337395300100913,0.9927195724937296,1.568335047596671e-07,0.0021917470483455758,-0.007583417667855616,-0.007583417667855616,0.1767039870429613,1.003686466317369,1.5569168979771003e-07]"
/multi_agv/m2b_algorithm_state,1789558517.1870332,1789558517.1870332,m2b_algorithm_state_v1:header6+3x20,"[1.0,-0.15,0.52,3.86384259855693,0.10125037564642636,1789558517.186948,3.8624186797261615,0.10107524364150651,0.0036904376666666654,0.001540177039351407,0.0006966966565665977,0.0005696573353730664,0.004584685874999997,3.864528200358503,0.10062287500506541,0.0021095206323415994,-0.0004523686364411028,-0.0004526963153574201,1.0014511982590941,6.797800538122751e-09,0.002184204475069579,-0.005997985591300883,-0.005997985591300883,0.1419525379223533,0.9992761617331507,6.807665494429344e-09,3.8633991715369747,0.10150165797599907,0.002796189458333334,-0.0009435449863782423,0.001667138952107905,0.0007538637044340185,-0.0017884964166666626,3.8632670868490555,0.10156421739460585,-0.00013208468791914285,6.255941860677794e-05,6.255321201975662e-05,0.9998016248738026,-7.946117905144199e-11,-0.00010255264787917195,-0.0006075599539674484,-0.0006075599539674484,0.12046879047176737,1.0000992209164152,-7.944541593001987e-11,3.86271252439568,0.10117420860605761,0.0036904376666666654,0.001323531761149186,0.0009823993614534125,0.0005149581956368611,0.0032930326916666636,3.862590085757052,0.10291053927584108,-0.00012243863862781978,0.001736330669783473,0.001731588740852735,0.9945739493962245,8.588835592346417e-08,0.0015785404425679602,-0.005100033872707228,-0.005100033872707228,0.1767040294781289,1.0027384845020433,8.542232135794836e-08]"
/multi_agv/m2b_algorithm_state,1789558517.1970534,1789558517.1970534,m2b_algorithm_state_v1:header6+3x20,"[1.0,-0.15,0.52,3.8648429913880853,0.10125037308594892,1789558517.1969717,3.86341782182604,0.10107525609272767,0.0036904376666666654,0.0015400889091664442,0.0006967069309610878,0.0005696901919425204,0.004584685874999997,3.8655577444649367,0.10170316883525028,0.0021399226388965076,0.0006279127425226072,0.0006272865359162778,0.9980101699199089,1.3086581860017217e-08,0.0033021898345369123,-0.01049183749104587,-0.01049183749104587,0.14195253700675903,1.000998278411021,1.306054178578658e-08,3.864398308914924,0.10150165095226908,0.002796189458333334,-0.0009434483585065564,0.0016671310739817535,0.0007538259175281364,-0.0017884964166666626,3.8642749608838343,0.10156421739460585,-0.00012334803108959846,6.256644233676445e-05,6.256023435574012e-05,0.9998016025985738,-7.947088549643031e-11,-9.162480450625796e-05,-0.0006462688887766242,-0.0006462688887766242,0.12046879100364725,1.0000992320615207,-7.945511867925877e-11,3.8637116649298258,0.10117421989428235,0.0036904376666666654,0.001323470317331149,0.0009824030422585176,0.0005149829145405381,0.0032930326916666636,3.863386300454089,0.10231566379125448,-0.00032536447573683347,0.0011414438969721274,0.0011393853661991866,0.9964087038174856,3.713190497618028e-08,0.0007326797715281447,-0.0018035185546805034,-0.0018035185546805034,0.17670403127936593,1.0018067028364668,3.6998553307589836e-08]"
/multi_agv/m2b_algorithm_state,1789558517.2071679,1789558517.2071679,m2b_algorithm_state_v1:header6+3x20,"[1.0,-0.15,0.52,3.8658417056640246,0.1012503812767558,1789558517.2070475,3.864418214213832,0.1010752487375913,0.0036904376666666654,0.0015401413542066012,0.0006967043788767661,0.0005696687866652085,0.004584685874999997,3.8665089111894253,0.10090278512359638,0.002090696975593165,-0.00017246361399492205,-0.00017251114103529778,1.0005515132889466,9.878330193422304e-10,0.0024408600784561582,-0.007042033135050916,-0.007042033135050916,0.1419525383533669,0.9997244987188045,9.883778223796579e-10,3.8653987021817393,0.10150165631193024,0.002796189458333334,-0.0009435047419282102,0.0016671323809629435,0.0007538496779439519,-0.0017884964166666626,3.86480679889626,0.09998319247577586,-0.0005919032854793116,-0.0015184638361543795,-0.0015221644211291306,1.0049020694299817,-4.686312319718322e-08,-0.00226204352797827,0.007723221245086172,0.007723221245086172,0.12046879021842229,0.9975688664618727,-4.70928494808016e-08,3.8647120577686835,0.10117421420832523,0.0036904376666666654,0.0013235019977346691,0.0009824024154110548,0.0005149695083935301,0.0032930326916666636,3.8643844493581927,0.10213555384927425,-0.00032760841049084277,0.0009613396409490216,0.0009598774828255219,0.996969153798568,2.634260893310475e-08,0.0005503669697119684,-0.001070857469776427,-0.001070857469776427,0.17670402862796536,1.0015232757822339,2.626276853688404e-08]"
/multi_agv/m2b_algorithm_state,1789558517.2173467,1789558517.2173467,m2b_algorithm_state_v1:header6+3x20,"[1.0,-0.15,0.52,3.8668370159952175,0.10125041072629037,1789558517.217257,3.8654169314073616,0.10107526727802411,0.0036904376666666654,0.0015400104549228993,0.0006967188877795571,0.0005697179792914145,0.004584685874999997,3.8673436371785765,0.10011524215885916,0.0019267057712148983,-0.0009600251191649589,-0.0009615065854898054,1.003097478252962,3.06234216862691e-08,0.0014468756285288173,-0.0031481126326364708,-0.0031481126326364708,0.14195253667293342,0.9984592239437531,3.0718277068973605e-08,3.8663974128094782,0.10150164578690736,0.002796189458333334,-0.0009433620765563759,0.0016671214363599418,0.0007537935304546828,-0.0017884964166666626,3.8658007452104095,0.09998319247577586,-0.0005966675990687342,-0.0015184533111314985,-0.0015221538450373635,1.004902035563011,-4.6855389503074195e-08,-0.0022679883438732813,0.0077443491540693,0.0077443491540693,0.120468791194902,0.9975688831205007,-4.7085076288736994e-08,3.865710772775235,0.10117423076533592,0.0036904376666666654,0.00132341207133529,0.0009824076488994526,0.000515005765746358,0.0032930326916666636,3.865440026965895,0.10257757848763997,-0.0002707458093400561,0.0014033477223040491,0.00140024232660312,0.9955978379255687,5.611342345805381e-08,0.00106181006492805,-0.0030989277255742613,-0.0030989277255742613,0.17670403192987863,1.0022177559140515,5.586640307344026e-08]"
/multi_agv/m2b_algorithm_state,1789558517.227344,1789558517.227344,m2b_algorithm_state_v1:header6+3x20,"[1.0,-0.15,0.52,3.8678369087010274,0.10125041026007453,1789558517.2272193,3.8664122514879256,0.1010753357958875,0.0036904376666666654,0.0015395268526586167,0.0006967681280934277,0.000569901988529983,0.004584685874999997,3.8686354372990115,0.1009988736314577,0.002223185811085937,-7.646216442980247e-05,-7.64714996295179e-05,1.0002442487789958,1.9407921389236159e-10,0.0027025107642279036,-0.008017380392013723,-0.008017380392013723,0.14195252888475407,0.9998779257663227,1.9412661750338325e-10,3.8673927110837476,0.10150160566784062,0.002796189458333334,-0.0009428371889320308,0.001667085265590007,0.0007535848246507798,-0.0017884964166666626,3.86717339119551,0.1006105704841491,-0.0002193198882376457,-0.0008910351836915187,-0.0008923033962244988,1.002856195308686,-1.611833823102784e-08,-0.001166453256521556,0.003584795779821741,0.003584795779821741,0.12046879571389106,0.998578720490871,-1.6164375353067118e-08,3.8667060854139796,0.10117429071514297,0.0036904376666666654,0.0013230860826276766,0.0009824251851036532,0.0005151379475496569,0.0032930326916666636,3.866641400113044,0.10243160910325155,-6.468530093561853e-05,0.0012573183881085803,0.0012548228907988547,0.9960493519862802,4.503662393526297e-08,0.0011739662646293315,-0.0034309816951692386,-0.0034309816951692386,0.17670404717111593,1.0019887247260344,4.485870008636848e-08]"
/multi_agv/m2b_algorithm_state,1789558517.2375207,1789558517.2375207,m2b_algorithm_state_v1:header6+3x20,"[1.0,-0.15,0.52,3.8688411345934917,0.10125038217391336,1789558517.2372837,3.867412144747574,0.10107533060772891,0.0036904376666666654,0.0015395670610297931,0.0006967709356510807,0.0005698830995507134,0.004584685874999997,3.869800516717877,0.10242571778638672,0.0023883719703028383,0.0013503871786578053,0.0013475067258001965,0.9957556991066512,6.047419175496745e-08,0.004332971688678744,-0.014525812974589181,-0.014525812974589181,0.14195252932996286,1.0021376166830622,6.021752108887729e-08,3.8683926027499225,0.10150161232047243,0.002796189458333334,-0.000942882715455784,0.0016670821466862051,0.0007536061811936889,-0.0017884964166666626,3.8681763506065914,0.1006105704841491,-0.0002162521433310971,-0.0008910418363233252,-0.0008923100677435356,1.0028562165922883,-1.611935681233028e-08,-0.0011626252469074069,0.0035712067434409854,0.0035712067434409854,0.12046879545452785,0.9985787099506592,-1.6165397186714672e-08,3.8677059786055845,0.10117428785202226,0.0036904376666666654,0.0013231054213262588,0.0009824273656418919,0.0005151284307989708,0.0032930326916666636,3.867646317242374,0.10226215838066549,-5.966136321067239e-05,0.001087870528643231,0.0010859999392151913,0.9965751750960842,3.3720148731109396e-08,0.0010114232352018508,-0.002772442648559949,-0.002772442648559949,0.17670404630191133,1.001722458133277,3.3604663125971346e-08]"
/multi_agv/m2b_algorithm_state,1789558517.2475147,1789558517.2475147,m2b_algorithm_state_v1:header6+3x20,"[1.0,-0.15,0.52,3.869837507598632,0.10125040496469044,1789558517.247378,3.8684163623366676,0.10107525991465115,0.0036904376666666654,0.0015400703927013933,0.000696728874718921,0.0005696868041243667,0.004584685874999997,3.870836824233833,0.10254197020604397,0.0024204618971652714,0.0014667102913928226,0.0014633152064449527,0.9953961925650721,7.135876170856879e-08,0.004488892577901542,-0.015140715908114145,-0.015140715908114145,0.14195253756143847,1.0023201323494193,7.103023971086764e-08,3.8693968384486896,0.10150165835613863,0.002796189458333334,-0.000943431013394583,0.0016671115655939595,0.0007538285466758415,-0.0017884964166666626,3.8689435985736447,0.09885279403885003,-0.0004532398750449751,-0.002648864317288599,-0.0026602218879370316,1.0086610468841053,-1.4270256052237715e-07,-0.0032267717317432504,0.011584217839393358,0.011584217839393358,0.1204687906812301,0.9957305927374199,-1.4393851408954333e-07,3.8687102029951177,0.10117422825095027,0.0036904376666666654,0.0013234342074612787,0.000982413884956279,0.0005149929269686023,0.0032930326916666636,3.868660643825739,0.10233838733367345,-4.9559169378543544e-05,0.0011641590827231874,0.0011620181742160666,0.9963381833387637,3.8622797655350244e-08,0.0011000692124928872,-0.0031236273081600313,-0.0031236273081600313,0.1767040301847584,1.0018424053552908,3.8481368051392325e-08]"
/multi_agv/m2b_algorithm_state,1789558517.2571497,1789558517.2571497,m2b_algorithm_state_v1:header6+3x20,"[1.0,-0.15,0.52,3.870837243639112,0.10125040574357924,1789558517.2570417,3.86941274281378,0.10107531305064615,0.0036904376666666654,0.001539695481455682,0.0006967667264815344,0.0005698296240539188,0.004584685874999997,3.8719332183972828,0.10130807902101359,0.002520475583502879,0.00023276597036743507,0.0002326796615844998,0.9992590594247851,1.7983645549180416e-09,0.0033832741409630987,-0.01058566234922418,-0.01058566234922418,0.14195253167376543,1.0003709339370168,1.7970320736502745e-09,3.8703932022162126,0.10150162721507602,0.002796189458333334,-0.0009430244969448028,0.0016670838527419463,0.0007536667511567896,-0.0017884964166666626,3.8699296716037463,0.09885279403885003,-0.0004635306124662897,-0.0026488331762259953,-0.002660190481912912,1.0086609456325104,-1.426377348514741e-07,-0.0032396037474957742,0.011629730835982094,0.011629730835982094,0.12046879409712227,0.9957306419355542,-1.4387311251816715e-07,3.8697065777659034,0.1011742746283491,0.0036904376666666654,0.0013231820943273086,0.0009824273891684502,0.0005150951838623534,0.0032930326916666636,3.8697145287291814,0.1027081701625328,7.950963277991718e-06,0.0015338955341836907,0.0015301891713509444,0.9951954819029163,6.702096891868508e-08,0.001540127875448434,-0.004867318272676552,-0.004867318272676552,0.17670404171419818,1.0024221598885543,6.669896546063118e-08]"
/multi_agv/m2b_algorithm_state,1789558517.2673087,1789558517.2673087,m2b_algorithm_state_v1:header6+3x20,"[1.0,-0.15,0.52,3.871837272852043,0.10125040465688145,1789558517.2672207,3.8704124795748953,0.10107531185784352,0.0036904376666666654,0.0015397067565352794,0.000696770492629816,0.0005698227778393568,0.004584685874999997,3.872854870618737,0.10035364000983646,0.0024423910438415852,-0.0007216718480070605,-0.0007225074994062376,1.0023221802221847,1.7298608303107156e-08,0.002330481305395744,-0.006388200509595146,-0.006388200509595146,0.14195253184302986,0.9988434010721496,1.733877878917995e-08,3.871392937099793,0.10150163062903564,0.002796189458333334,-0.0009430385692434785,0.001667080382044439,0.000753674656369191,-0.0017884964166666626,3.8715218307259947,0.10001092391926998,0.00012889362620160938,-0.0014907067097656573,-0.0014942724933281369,1.0048109534190708,-4.5142339563884504e-08,-0.0013331554605761251,0.004432121999702455,0.004432121999702455,0.12046879400404022,0.9976136992560589,-4.535951725675423e-08,3.8707063142426463,0.10117427474385857,0.0036904376666666654,0.0013231844034440657,0.0009824296497156883,0.0005150930071430304,0.0032930326916666636,3.871072673076529,0.10254925128138959,0.0003663588338826962,0.0013749765375310197,0.0013719947956068704,0.9956854431008159,5.3859329349735115e-08,0.0018299433379602406,-0.005825934392334493,-0.005825934392334493,0.1767040413958879,1.0021732895297393,5.362695020870378e-08]"
/multi_agv/m2b_algorithm_state,1789558517.2772856,1789558517.2772856,m2b_algorithm_state_v1:header6+3x20,"[1.0,-0.15,0.52,3.872838036228311,0.10125039895505843,1789558517.277183,3.8714125088714284,0.10107530633518469,0.0036904376666666654,0.0015397486513478893,0.0006967710804122612,0.0005698043124633956,0.004584685874999997,3.8738796137080853,0.10098271805472207,0.002467104836656908,-9.258828046261602e-05,-9.260197021337191e-05,1.000295815776222,2.846200075588377e-10,0.0029912790756077634,-0.009034145929718353,-0.009034145929718353,0.14195253253282805,0.9998521656642473,2.8470420264730206e-10,3.872392965943296,0.1015016365884299,0.002796189458333334,-0.0009430860050131697,0.0016670792737585316,0.0007536957946453066,-0.0017884964166666626,3.8725191676157587,0.09978280445678786,0.00012620167246257807,-0.001718832131642034,-0.001723580951607373,1.0055614933765704,-6.002811613034447e-08,-0.0015658288610291503,0.0053506871507100874,0.0053506871507100874,0.12046879360031738,0.9972447943562441,-6.036196210061138e-08,3.871706343741405,0.10117427104702979,0.0036904376666666654,0.0013232074849022515,0.0009824307909453989,0.0005150824086453433,0.0032930326916666636,3.872081886257523,0.1023844647277688,0.00037554251611782163,0.0012101936807390051,0.0012078809157584263,0.9961953807796101,4.1729177075951376e-08,0.0016773090609057033,-0.005203268438040386,-0.005203268438040386,0.17670404003084525,1.0019147293002197,4.157041344679716e-08]"
/multi_agv/m2b_algorithm_state,1789558517.287189,1789558517.287189,m2b_algorithm_state_v1:header6+3x20,"[1.0,-0.15,0.52,3.873837199932835,0.10125040362406872,1789558517.2870858,3.8724132708010224,0.10107529008966495,0.0036904376666666654,0.0015398662097974775,0.0006967639439079847,0.0005697570678166228,0.004584685874999997,3.8749731769163294,0.101911181731108,0.002559906115306987,0.0008358916414430428,0.0008347836520116805,0.9973573462993132,2.318461447390142e-08,0.004034666296145414,-0.013202616877946431,-0.013202616877946431,0.14195253454383056,1.0013272773474808,2.3123345566662966e-08,3.8733937308432975,0.10150164881418508,0.002796189458333334,-0.0009432155666857876,0.001667083844960171,0.0007537495773800029,-0.0017884964166666626,3.8733881893810005,0.09985973716408741,-5.541462297031785e-06,-0.001641911650097666,-0.001646242428990146,1.0053079943150005,-5.4780334953997405e-08,-0.0016531692568614357,0.005626101510059198,0.005626101510059198,0.12046879243178907,0.9973692945727705,-5.5071108660507046e-08,3.8727071070406125,0.1011742579613252,0.0036904376666666654,0.001323281602583924,0.0009824291803265384,0.0005150511193297018,0.0032930326916666636,3.87307528901763,0.10217432256070691,0.00036818197701737887,0.0010000645993817059,0.0009984827354022425,0.9968484554112029,2.8502085205839326e-08,0.0014587102066739661,-0.004324846229806603,-0.004324846229806603,0.17670403609951552,1.0015842677328077,2.8412259613439432e-08]"
/multi_agv/m2b_algorithm_state,1789558517.2971432,1789558517.2971432,m2b_algorithm_state_v1:header6+3x20,"[1.0,-0.15,0.52,3.8748371022334775,0.10125040346860477,1789558517.2970285,3.873412436243444,0.10107529919732622,0.0036904376666666654,0.0015398039040010712,0.0006967729669268502,0.0005697793814969292,0.004584685874999997,3.875985579845335,0.10126535838360089,0.0025731436018907594,0.00019005918627466867,0.0001900016245257007,0.9993947104873796,1.1991133146006012e-09,0.00340643112688915,-0.0106467564193279,-0.0106467564193279,0.1419525336604581,1.000302953983218,1.19838750388683e-09,3.8743928922375015,0.1015016451555626,0.002796189458333334,-0.0009431496140977266,0.0016670769139985886,0.0007537245944816556,-0.0017884964166666626,3.8743866624272685,0.09985973716408741,-6.229810233016053e-06,-0.0016419079914751916,-0.0016462387511613596,1.0053079825290787,-5.477626121306909e-08,-0.0016540260139526297,0.005629189540693328,0.005629189540693328,0.12046879294131246,0.9973693003623485,-5.506701265059631e-08,3.8737062713175603,0.10117426651931734,0.0036904376666666654,0.001323237015520003,0.0009824330007074163,0.0005150684589038941,0.0032930326916666636,3.8741525797782805,0.10333031178393293,0.0004463084607202461,0.0021560452646155887,0.0021487570245857703,0.9932945683591576,1.3235893793660786e-07,0.002706642600486078,-0.009334505217600625,-0.009334505217600625,0.1767040378133393,1.0033918400016508,1.3147141412621944e-07]"
/multi_agv/m2b_algorithm_state,1789558517.3073363,1789558517.3073363,m2b_algorithm_state_v1:header6+3x20,"[1.0,-0.15,0.52,3.8758377797032644,0.10125039840403034,1789558517.307233,3.8744123387694858,0.10107529653198556,0.0036904376666666654,0.0015398252075718506,0.0006967743764282547,0.0005697694141495456,0.004584685874999997,3.8769984334282537,0.10126535838360089,0.0025860946587679123,0.00019006185161532518,0.0001900042882509688,0.9993947019954285,1.1991635498742052e-09,0.003422622611710859,-0.01070425494232111,-0.01070425494232111,0.14195253413982156,1.0003029582378706,1.1984376985703113e-09,3.8753927940510398,0.10150164888173507,0.002796189458333334,-0.0009431747251399496,0.0016670754526875164,0.0007537362393909008,-0.0017884964166666626,3.875401920046202,0.1000369762274311,9.125995162229117e-06,-0.0014646726543039723,-0.0014681143002837546,1.0047255422037977,-4.358488106824362e-08,-0.0014567068063309682,0.004857139370509399,0.004857139370509399,0.12046879266914086,0.9976557370368797,-4.379084326317911e-08,3.8747061738799062,0.10117426499209368,0.0036904376666666654,0.0013232477968094822,0.0009824342740832655,0.0005150631233060013,0.0032930326916666636,3.875186086973486,0.10333031178393293,0.00047991309357975354,0.0021560467918392417,0.002148758541416987,0.9932945635862973,1.3236020464044958e-07,0.002748649908391679,-0.009484742589211658,-0.009484742589211658,0.1767040368940078,1.0033918424437995,1.3147267170452836e-07]"
/multi_agv/m2b_algorithm_state,1789558517.3173952,1789558517.3173952,m2b_algorithm_state_v1:header6+3x20,"[1.0,-0.15,0.52,3.876841682988152,0.10125037291372259,1789558517.3172543,3.8754130148643555,0.1010752823270476,0.0036904376666666654,0.0015399280356111962,0.0006967677000932143,0.000569728315164497,0.004584685874999997,3.8776726142350837,0.09786246445814524,0.0022595993707281714,-0.0032128178689023595,-0.0032296935638962683,1.010631990296628,3.4346784541761764e-07,-0.000405194350486054,0.004391774331903029,0.004391774331903029,0.1419525359864302,0.9947748309057688,3.471195922173015e-07,3.876393473002923,0.10150165946267017,0.002796189458333334,-0.0009432883427924034,0.0016670798989748548,0.0007537831759194952,-0.0017884964166666626,3.8763951930851546,0.10006572773123437,1.7200822317597897e-06,-0.0014359317314358022,-0.0014392389148125343,1.0046313088011842,-4.189538689714462e-08,-0.0014370888120228346,0.004775461219097709,0.004775461219097709,0.12046879159266997,0.9977021303810681,-4.208941737121038e-08,3.8757068512425152,0.10117425342237325,0.0036904376666666654,0.001323313273880624,0.0009824326996964016,0.0005150355605062131,0.0032930326916666636,3.8761586750271784,0.10239312161587397,0.0004518237846631301,0.0012188681935007134,0.0012165223080972554,0.9961684874286966,4.233266060247084e-08,0.001781302038926168,-0.005578032398979893,-0.005578032398979893,0.17670403326398426,1.0019283537900157,4.217046248119575e-08]"
/multi_agv/m2b_algorithm_state,1789558517.327537,1789558517.327537,m2b_algorithm_state_v1:header6+3x20,"[1.0,-0.15,0.52,3.877843405442158,0.1012503621883183,1789558517.3274083,3.876416910186362,0.10107522004782186,0.0036904376666666654,0.0015403703210454503,0.0006967276018374766,0.0005695574598507417,0.004584685874999997,3.8788003925845866,0.09785220879022144,0.0023834823982245013,-0.003223011257600425,-0.003239995520857321,1.0106669495281269,3.4575239435176943e-07,-0.00026064252307669454,0.003889505750519711,0.003889505750519711,0.14195254363378626,0.9947579361923309,3.494405176915488e-07,3.877397385871673,0.10150169859686865,0.002796189458333334,-0.0009437701093012998,0.0016671086505635202,0.0007539770494381648,-0.0017884964166666626,3.8772213402074924,0.10080140045794056,-0.00017604566418061296,-0.0007002981389280932,-0.0007010803810553186,1.0022399435535392,-9.964811547849531e-09,-0.0009211374612810848,0.002632578988202657,0.002632578988202657,0.12046878714846647,0.9988842333227926,-9.98713216323837e-09,3.8767107529064204,0.10117420009647728,0.0036904376666666654,0.0013236060653691885,0.0009824193299086351,0.0005149156012431788,0.0032930326916666636,3.8769315099486588,0.10230275167992238,0.0002207570422383398,0.0011285515834451032,0.001126539094146597,0.9964487443323559,3.630191711553404e-08,0.0014024853969445217,-0.004184667125351548,-0.004184667125351548,0.17670401827718607,1.001786435383346,3.6172999726631157e-08]"
/multi_agv/m2b_algorithm_state,1789558517.3376174,1789558517.3376174,m2b_algorithm_state_v1:header6+3x20,"[1.0,-0.15,0.52,3.8788398092064895,0.10125038554454018,1789558517.3374097,3.8774186290474812,0.10107519523617671,0.0036904376666666654,0.0015405453474411136,0.0006967095317425447,0.0005694909923035257,0.004584685874999997,3.879981088201238,0.09950690061613716,0.0025624591537569685,-0.0015682946200395453,-0.0015722662902145248,1.0050948699996551,8.17850943069053e-08,0.0016308076519816858,-0.003514122921868409,-0.003514122921868409,0.14195254734997562,0.9974739201624442,8.220177873030852e-08,3.8783991127742135,0.10150171302984339,0.002796189458333334,-0.000943960244594309,0.001667121996165477,0.0007540525245752216,-0.0017884964166666626,3.8782263672649733,0.10080140045794056,-0.00017274550924017973,-0.0007003125719028253,-0.0007010948462066967,1.0022399896478091,-9.967229366039037e-09,-0.0009170267327569214,0.00261783834456026,0.00261783834456026,0.12046878498761723,0.9988842104486947,-9.989555856636303e-09,3.87771247450478,0.10117417829893484,0.0036904376666666654,0.0013237244900623523,0.0009824128994542214,0.0005148676136055986,0.0032930326916666636,3.878017514070549,0.1029963318148104,0.00030503956576888314,0.0018221535158755575,0.0018169346325014478,0.9943113257717897,9.459651699722445e-08,0.002198234089712552,-0.007354488484417693,-0.007354488484417693,0.1767040109947252,1.002872356154566,9.405838822890388e-08]"
/multi_agv/m2b_algorithm_state,1789558517.347297,1789558517.347297,m2b_algorithm_state_v1:header6+3x20,"[1.0,-0.15,0.52,3.8798374398036644,0.10125040039734358,1789558517.347169,3.878415039944213,0.10107525246595807,0.0036904376666666654,0.0015401392663300486,0.0006967457886399404,0.0005696481526234475,0.004584685874999997,3.881044682546369,0.09957673010783602,0.0026296426021557018,-0.001498522358122048,-0.0015021465879864586,1.0048643736095573,7.464664345256766e-08,0.0017849066647081687,-0.0040911813384444055,-0.0040911813384444055,0.14195254153580705,0.9975872994730369,7.500975261502036e-08,3.8793955079589306,0.1015016770896458,0.002796189458333334,-0.0009435189689412388,0.0016670962573241965,0.0007538746353168702,-0.0017884964166666626,3.879144981407063,0.10003857269496524,-0.00025052655186774686,-0.0014631043946805589,-0.0014665386325095687,1.0047203970036993,-4.350741857757927e-08,-0.0017796968223442523,0.005996750557441089,0.005996750557441089,0.12046878836466554,0.9976582697837745,-4.3712790865871564e-08,3.878708879716324,0.10117422707801667,0.0036904376666666654,0.0013234568736339952,0.0009824250806333987,0.0005149772787285756,0.0032930326916666636,3.878988493538586,0.10293991840020751,0.00027961382226227016,0.0017656913221908432,0.0017607887621454384,0.9944840473217417,8.881063443437248e-08,0.002110306039973276,-0.007013465630179301,-0.007013465630179301,0.17670402238013616,1.0027842976686376,8.832075917750638e-08]"
/multi_agv/m2b_algorithm_state,1789558517.3573935,1789558517.3573935,m2b_algorithm_state_v1:header6+3x20,"[1.0,-0.15,0.52,3.8808506531854543,0.1012503146404875,1789558517.3572214,3.87941267527229,0.10107528733676122,0.0036904376666666654,0.0015398933739798732,0.0006967699831696983,0.0005697421520037353,0.004584685874999997,3.8819297019510772,0.0983502059256213,0.002517026678787282,-0.002725081411139918,-0.0027371778259036874,1.008968771860619,2.4701667222408436e-07,0.000409105522580415,0.0013170511612928845,0.0013170511612928845,0.141952537910301,0.9955806982471899,2.492321084030315e-07,3.880393132725559,0.10150165653356007,0.002796189458333334,-0.0009432529148700654,0.0016670787656840602,0.0007537684086494217,-0.0017884964166666626,3.8801203912502444,0.09999794706819447,-0.0002727414753147528,-0.0015037094653655991,-0.0015073380807563974,1.00485362854823,-4.594412213267337e-08,-0.0018482649248998384,0.006256299578596162,0.006256299578596162,0.12046879047288021,0.9975926997153967,-4.6167117835479874e-08,3.8797065114131444,0.1011742573217095,0.0036904376666666654,0.0013232924997333916,0.000982433718753728,0.0005150440352192222,0.0032930326916666636,3.8800074019212762,0.10289402312540705,0.000300890508131868,0.001719765803697551,0.001715113339352886,0.9946247021966279,8.424317385556076e-08,0.002091226474517721,-0.006923406525436666,-0.006923406525436666,0.17670402949466044,1.0027126279283798,8.379034170818587e-08]"
/multi_agv/m2b_algorithm_state,1789558517.3677053,1789558517.3677053,m2b_algorithm_state_v1:header6+3x20,"[1.0,-0.15,0.52,3.8818417714868985,0.10125037267718734,1789558517.367614,3.8804258615650844,0.10107508137211314,0.0036904376666666654,0.0015413518743942023,0.000696632855255252,0.0005691812795233118,0.004584685874999997,3.882399605689502,0.09730008657478777,0.0019737441244176424,-0.003774994797325376,-0.003798391594641184,1.0125712546240375,4.747921393787526e-07,-0.001331211439119131,0.007879185020038672,0.007879185020038672,0.14195256226036668,0.9938403409093427,4.807608722563744e-07,3.881406379053958,0.10150178261456999,0.002796189458333334,-0.0009448376474187024,0.0016671776055123821,0.0007544039222474735,-0.0017884964166666626,3.8806814890098122,0.10070288850334762,-0.0007248900441458872,-0.000798894111222373,-0.0007999128834519967,1.00255816169174,-1.2983798268151385e-08,-0.0017060254386343557,0.005452963177188542,0.005452963177188542,0.12046877629487454,0.9987263960229927,-1.3017012923494251e-08,3.8807197189373195,0.10117407993477937,0.0036904376666666654,0.001324262369519318,0.0009823866303483083,0.0005146481279489361,0.0032930326916666636,3.8805238495041787,0.10331653830489267,-0.00019586943314076066,0.002142458370113301,0.002135260937751544,0.9933357723359313,1.3079871342431692e-07,0.001890424146325593,-0.00640760418134664,-0.00640760418134664,0.17670398168627394,1.0033707507286374,1.2992704101989e-07]"
/multi_agv/m2b_algorithm_state,1789558517.3771136,1789558517.3771136,m2b_algorithm_state_v1:header6+3x20,"[1.0,-0.15,0.52,3.882839736375386,0.10125038579518524,1789558517.3769913,3.881416997466661,0.10107522531254994,0.0036904376666666654,0.0015403284045322927,0.0006967219180628698,0.0005695785852873779,0.004584685874999997,3.883485343145254,0.0991913246979844,0.00206834567859282,-0.0018839006145655313,-0.00188964529415676,1.0061419547646644,1.1802267100046437e-07,0.000695786804084265,-7.049243224085781e-05,-7.049243224085781e-05,0.14195254695762333,0.9969599164409358,1.1874756090695409e-07,3.882397476350964,0.10150169057321379,0.002796189458333334,-0.0009437233450250914,0.0016671145921964836,0.0007539536880793313,-0.0017884964166666626,3.8816831224354855,0.10070288850334762,-0.0007143539154785827,-0.0007988020698661696,-0.0007998206079205681,1.002557867475573,-1.2965502311373625e-08,-0.0016927630022687966,0.005407090173548949,0.005407090173548949,0.12046878521382086,0.9987265418716248,-1.2998666348040354e-08,3.8817108406430707,0.10117420214579831,0.0036904376666666654,0.0013235898385793887,0.000982415871171539,0.0005149244339521177,0.0032930326916666636,3.881523892939558,0.10299744442330781,-0.00018694770351279644,0.0018232422775095042,0.0018180172004097525,0.9943079993227116,9.469987569064974e-08,0.001584332571018757,-0.005161902163270027,-0.005161902163270027,0.1767040117558315,1.00287405262094,9.416084393407944e-08]"
/multi_agv/m2b_algorithm_state,1789558517.3870776,1789558517.3870776,m2b_algorithm_state_v1:header6+3x20,"[1.0,-0.15,0.52,3.8838387913548273,0.10125039158502223,1789558517.3869624,3.882414966447814,0.10107525696019339,0.0036904376666666654,0.0015401042325589105,0.0006967427335088587,0.0005696649274047308,0.004584685874999997,3.8844827581382493,0.0991913246979844,0.00206779169043525,-0.0018839322622089816,-0.0018896771337403987,1.0061420575309659,1.1800944459441212e-07,0.0006950624793036638,-6.814833901175083e-05,-6.814833901175083e-05,0.14195254394351653,0.9969598660909624,1.1873426539230833e-07,3.8833954362726404,0.10150167110423443,0.002796189458333334,-0.0009434799308269256,0.001667099691763152,0.0007538559271475787,-0.0017884964166666626,3.882750045707054,0.10125274282172926,-0.0006453905655865455,-0.0002489282825051675,-0.0002490267834424984,1.0007921458995521,-1.258295456653981e-09,-0.0010557649904256803,0.0029131157043614676,0.0029131157043614676,0.1204687869708765,0.9996044564525582,-1.2592922102403944e-09,3.8827088064057036,0.10117422932112789,0.0036904376666666654,0.0013234411624090058,0.0009824230130235367,0.0005149851643741965,0.0032930326916666636,3.8825595802400437,0.10299744442330781,-0.00014922616565993252,0.0018232151021799203,0.0018179901816942432,0.9943080845089163,9.468640570614551e-08,0.0016314574746193276,-0.0053303979649508195,-0.0053303979649508195,0.17670401768583158,1.0028740091878867,9.414745868671167e-08]"
/multi_agv/m2b_algorithm_state,1789558517.3972335,1789558517.3972335,m2b_algorithm_state_v1:header6+3x20,"[1.0,-0.15,0.52,3.8848393439550457,0.1012503876791994,1789558517.3970525,3.883414023351117,0.1010752699993266,0.0036904376666666654,0.0015400128114339707,0.0006967526225929886,0.0005696994108797229,0.004584685874999997,3.885738570033893,0.10037032817536182,0.0023245466827757078,-0.0007049418239647859,-0.0007057390796162208,1.002267919173808,1.6508954971214215e-08,0.002199944273853414,-0.005933644258908529,-0.005933644258908529,0.14195254287832432,0.9988703252030928,1.6546395946732965e-08,3.8843944888333852,0.1015016639132134,0.002796189458333334,-0.0009433813832793797,0.0016670924356749772,0.0007538169845734966,-0.0017884964166666626,3.883727237465002,0.09981684303090407,-0.0006672513683834147,-0.0016848208823093264,-0.0016893824545203254,1.0054493506770357,-5.769276450004402e-08,-0.002523446664999594,0.008714998849708007,0.008714998849708007,0.12046878758780019,0.9972998581826198,-5.8007152605332394e-08,3.8837078618799783,0.1011742408425267,0.0036904376666666654,0.0013233790724312025,0.0009824267166091312,0.0005150101515157294,0.0032930326916666636,3.8836736448600173,0.10294839657585285,-3.4217019960980366e-05,0.0017741557333261493,0.0017692063752694773,0.9944581413550057,8.965832389698377e-08,0.0017264351003182519,-0.005646414148228921,-0.005646414148228921,0.17670401976172248,1.002797501821074,8.916145013959956e-08]"
/multi_agv/m2b_algorithm_state,1789558517.4071274,1789558517.4071274,m2b_algorithm_state_v1:header6+3x20,"[1.0,-0.15,0.52,3.885849741011969,0.10125032063752427,1789558517.4070337,3.884414574848468,0.10107525949309785,0.0036904376666666654,0.0015400883823697563,0.0006967472045405819,0.0005696694722168934,0.004584685874999997,3.8866709133544175,0.09941425141869621,0.002256338505949529,-0.0016610080744016431,-0.0016654663226364401,1.005401698997147,9.171923732952546e-08,0.001154956809800471,-0.0017921736553978928,-0.0017921736553978928,0.14195254451279202,0.9973231231552376,9.221467704182745e-08,3.8853950426733377,0.10150167136428417,0.002796189458333334,-0.0009434644470606348,0.0016670961548763685,0.0007538510552543426,-0.0017884964166666626,3.8846640084070434,0.10011901462742269,-0.0007310342662942837,-0.0013826567368614845,-0.0013857218362900226,1.004456795750119,-3.885016288262327e-08,-0.0022995146691578774,0.007799014674082404,0.007799014674082404,0.12046878663654424,0.9977880846297809,-3.9023310123449974e-08,3.884708414343331,0.10117423218021615,0.0036904376666666654,0.00132342759988436,0.0009824252439902597,0.0005149898827671072,0.0032930326916666636,3.884821510018418,0.10406177408125006,0.00011309567508677176,0.0028875419010339076,0.002874541679927579,0.9910944649433171,2.3731095798408105e-07,0.0030159112737860438,-0.01080157779193784,-0.01080157779193784,0.17670401654809056,1.004522537000283,2.3519757692841882e-07]"
/multi_agv/m2b_algorithm_state,1789558517.4170213,1789558517.4170213,m2b_algorithm_state_v1:header6+3x20,"[1.0,-0.15,0.52,3.886844602992601,0.10125035499909611,1789558517.4169164,3.885424950663344,0.10107509905987073,0.0036904376666666654,0.0015412238022611195,0.0006966396122273007,0.0005692332788233302,0.004584685874999997,3.8874688262445076,0.09853517527968945,0.00204387558116359,-0.00253992378018128,-0.002550417647633986,1.0083420474648712,2.1474924880634324e-07,4.426828820501463e-06,0.002658948182094882,0.002658948182094882,0.14195256379375232,0.9958854317596019,2.165406972329312e-07,3.8864054656195925,0.10150176903326515,0.002796189458333334,-0.0009446976071512182,0.0016671738228706268,0.0007543451872225881,-0.0017884964166666626,3.8856549852123976,0.10011901462742269,-0.0007504804071949422,-0.0013827544058424568,-0.0013858199365369805,1.004457109633251,-3.890642334075733e-08,-0.0023239204455306585,0.007884035366416174,0.007884035366416174,0.12046877540452808,0.9977879300090139,-3.907983353502476e-08,3.8857188067529704,0.10117409381943697,0.0036904376666666654,0.0013241834403561032,0.000982388099451171,0.0005146815764588372,0.0032930326916666636,3.8857959463860383,0.10348093792405358,7.713963306787974e-05,0.0023068441046166094,0.0022985102237458336,0.9928379198637344,1.5161284090842383e-07,0.0023949347650806833,-0.00829188318515145,-0.00829188318515145,0.17670397869596993,1.0036257749844568,1.505269775921508e-07]"
/multi_agv/m2b_algorithm_state,1789558517.4269788,1789558517.4269788,m2b_algorithm_state_v1:header6+3x20,"[1.0,-0.15,0.52,3.8878389326214986,0.10125039158584759,1789558517.4268425,3.88641982284658,0.1010751859207018,0.0036904376666666654,0.0015406045507145721,0.0006966911268969859,0.0005694749033434723,0.004584685874999997,3.8884641066971715,0.09853517527968945,0.0020442838505916328,-0.0025400106410123496,-0.0025505052208702615,1.0083423312253066,2.1467757277425328e-07,4.849592369279409e-06,0.0026568804383004844,0.0026568804383004844,0.14195255522752218,0.9958852937166971,2.1646848419298096e-07,3.8874003155769006,0.1015017120667618,0.002796189458333334,-0.0009440222439604253,0.0016671377528978404,0.0007540712029970725,-0.0017884964166666626,3.8866662636509424,0.10011901462742269,-0.0007340519259582123,-0.001382697439339109,-0.0013857627184893646,1.0044569265574912,-3.887541448232135e-08,-0.0023033276259371302,0.007811943098668764,0.007811943098668764,0.12046878040307243,0.9977880201932426,-3.904867934956108e-08,3.8867136705543235,0.10117416700982472,0.0036904376666666654,0.0013237790001867978,0.0009824044688694356,0.0005148483707473179,0.0032930326916666636,3.886841182815027,0.10348093792405358,0.00012751226070362165,0.002306770914228859,0.0022984375658648233,0.9928381482837201,1.5155687442727386e-07,0.0024578278917443503,-0.008517316862176268,-0.008517316862176268,0.17670399553217742,1.0036256579198837,1.5047144656604287e-07]"
/multi_agv/m2b_algorithm_state,1789558517.4371252,1789558517.4371252,m2b_algorithm_state_v1:header6+3x20,"[1.0,-0.15,0.52,3.8888393797909555,0.10125038831386605,1789558517.436863,3.887414163871972,0.10107527482304121,0.0036904376666666654,0.001539973988450613,0.000696748837126648,0.000569718208002717,0.004584685874999997,3.8897401592312213,0.10154382968064045,0.0023259953592491556,0.00046855485759923765,0.00046820574692194543,0.9985124800668442,7.287281003177652e-09,0.00337569994598339,-0.010674801136142676,-0.010674801136142676,0.14195254567816404,1.0007456351819417,7.276441027426918e-09,3.8883946314360434,0.10150165674455724,0.002796189458333334,-0.0009433365732187645,0.0016670964436333868,0.0007537954761289989,-0.0017884964166666626,3.8874543044627727,0.10010589864446172,-0.0009403269732706221,-0.001395758100095526,-0.0013988818712292186,1.0044996933409658,-3.9584886474128244e-08,-0.002574290587817496,0.00877519668948569,0.00877519668948569,0.12046878595507293,0.9977669514503412,-3.976300632419876e-08,3.887708002556481,0.10117424318994428,0.0036904376666666654,0.001323361441115872,0.0009824239896992779,0.0005150192123732676,0.0032930326916666636,3.8876136742162655,0.1030846968496069,-9.432834021572134e-05,0.0019104536596626226,0.0019047205611361295,0.9940416733602576,1.039514679213097e-07,0.0017868101358664778,-0.005927125344699125,-0.005927125344699125,0.17670401426247453,1.003009942058416,1.0333209112075384e-07]"
/multi_agv/m2b_algorithm_state,1789558517.4471204,1789558517.4471204,m2b_algorithm_state_v1:header6+3x20,"[1.0,-0.15,0.52,3.889844728493616,0.1012503538149185,1789558517.4469848,3.888414610223839,0.101075265540363,0.0036904376666666654,0.0015400410168334893,0.0006967447897038065,0.0005696912592526609,0.004584685874999997,3.890911909009721,0.10325997905993507,0.0024972987858817852,0.0021847135195720707,0.002177221699471823,0.9931984266553592,1.5823727565755658e-07,0.005298845181824054,-0.018404377711730056,-0.018404377711730056,0.14195254712849278,1.0034410001067255,1.5716101322131556e-07,3.889395079473282,0.10150166366387793,0.002796189458333334,-0.0009434102309329884,0.0016670990469798141,0.0007538260500355998,-0.0017884964166666626,3.8883923124976514,0.1007353280973029,-0.0010027669756307311,-0.0007663355665750299,-0.0007672727624545668,1.0024530040174344,-1.1928757857615705e-08,-0.0020207314819929807,0.006554682042418238,0.006554682042418238,0.12046878511921123,0.998778536231967,-1.195801914856344e-08,3.8887084496757454,0.10117423573735726,0.0036904376666666654,0.001323403525135216,0.000982423048164138,0.0005150014603569511,0.0032930326916666636,3.8887651056190156,0.10401837839283841,5.665594327020074e-05,0.0028441426554811494,0.002831526119240485,0.9912239481409265,2.3023447197144733e-07,0.002902346048328236,-0.010373011372007539,-0.010373011372007539,0.17670401143179215,1.004455737192369,2.2821392230567952e-07]"
/multi_agv/m2b_algorithm_state,1789558517.457216,1789558517.457216,m2b_algorithm_state_v1:header6+3x20,"[1.0,-0.15,0.52,3.89085313296461,0.10125030073405834,1789558517.4569712,3.889419948117169,0.10107518226716,0.0036904376666666654,0.0015406309616003149,0.0006966900565458006,0.0005694640120680076,0.004584685874999997,3.8919315513240633,0.10117179701180874,0.002511603206894364,9.661474464874031e-05,9.659985959596521e-05,0.9996919803402368,3.1004977706006805e-10,0.00323610386821392,-0.009994966826982343,-0.009994966826982343,0.14195255734593348,1.0001540897972043,3.0995427563322834e-10,3.890400441287081,0.10150171496951808,0.002796189458333334,-0.000944051282495259,0.0016671383803945616,0.0007540834637987798,-0.0017884964166666626,3.889404811540654,0.1007353280973029,-0.0009956297464270847,-0.0007663868722151829,-0.0007673241933015086,1.0024531679704731,-1.1938459500889835e-08,-0.0020118613763353646,0.006522659504512661,0.006522659504512661,0.12046877916608022,0.9987784549288186,-1.1967746547354208e-08,3.889713796076599,0.10117416420807739,0.0036904376666666654,0.0013237949123672895,0.0009824043667922442,0.0005148415265435061,0.0032930326916666636,3.889831295141949,0.10423838988665171,0.00011749906535030163,0.0030642256785743255,0.003049605499702421,0.9905686753768881,2.672790759174043e-07,0.003196479331390298,-0.011536421349876282,-0.011536421349876282,0.17670399137326323,1.0047941213620355,2.647582801874619e-07]"
/multi_agv/m2b_algorithm_state,1789558517.4669962,1789558517.4669962,m2b_algorithm_state_v1:header6+3x20,"[1.0,-0.15,0.52,3.8918418906298555,0.10125037383539615,1789558517.4668682,3.8904283354442257,0.10107505782384085,0.0036904376666666654,0.001541508963697175,0.000696602984241945,0.0005691287251303993,0.004584685874999997,3.892774443829217,0.09933008058120382,0.0023461083849913855,-0.0017449772426370302,-0.00174990076697383,1.0056801555281742,1.0132619751732482e-07,0.001182734714265402,-0.0018501341582485712,-0.0018501341582485712,0.1419525730410783,0.9971863979776897,1.0190174607830172e-07,3.8914088668837006,0.10150178839478309,0.002796189458333334,-0.000945002880710272,0.0016672017572720854,0.0007544629821742144,-0.0017884964166666626,3.8908093041958867,0.10069415064908381,-0.0005995626878139149,-0.00080763774569928,-0.0008086790089973468,1.0025864159008215,-1.3271960089160162e-08,-0.0015581323687647404,0.004933009322389456,0.004933009322389456,0.12046877000623014,0.9987123898524858,-1.3306286897769836e-08,3.8907221965659033,0.10117405598355111,0.0036904376666666654,0.0013243834158290528,0.0009823734673235947,0.0005146025058444543,0.0032930326916666636,3.890992224983203,0.10357145813155554,0.000270028417299617,0.002397402148004421,0.002388407292702711,0.99256446780184,1.6376363897561305e-07,0.0027259428143272322,-0.009520557821446611,-0.009520557821446611,0.17670396050074516,1.0037660474949948,1.6254596916512203e-07]"
/multi_agv/m2b_algorithm_state,1789558517.4770107,1789558517.4770107,m2b_algorithm_state_v1:header6+3x20,"[1.0,-0.15,0.52,3.8928366855550753,0.10125040684456249,1789558517.4767318,3.8914171155030317,0.10107523826216566,0.0036904376666666654,0.0015402264056369138,0.0006967161269590071,0.0005696258097369261,0.004584685874999997,3.8937294239216773,0.09968228758359671,0.0023123084186456033,-0.001392950678568955,-0.0013960797495696168,1.0045162996821642,6.44983996407666e-08,0.0014943057737373873,-0.0031140963768659263,-0.0031140963768659263,0.14195255353163946,0.9977586731691892,6.47896937425643e-08,3.8923975977456715,0.10150167364554356,0.002796189458333334,-0.0009436062798138106,0.0016671213474470647,0.0007538994304422675,-0.0017884964166666626,3.8918125907060976,0.10069415064908381,-0.0005850070395738705,-0.000807522996459753,-0.0008085639646051273,1.0025860490680163,-1.324858612506918e-08,-0.0015398227640724654,0.004869544142520448,0.004869544142520448,0.12046878138498557,0.9987125716814715,-1.3282847618870448e-08,3.8917109586408642,0.1011742095984792,0.0036904376666666654,0.0013235386271115398,0.0009824108169620652,0.0005149492609979379,0.0032930326916666636,3.891966659021582,0.10298263773613092,0.0002557003807175384,0.0018084281376517242,0.0018032870476951094,0.9943532933523996,9.316463493425456e-08,0.0021229125235920324,-0.0070789745212022906,-0.0070789745212022906,0.17670399884084814,1.0028509548511348,9.263856157085004e-08]"
/multi_agv/m2b_algorithm_state,1789558517.48711,1789558517.48711,m2b_algorithm_state_v1:header6+3x20,"[1.0,-0.15,0.52,3.893843738510983,0.1012503607314685,1789558517.48705,3.892411921031502,0.10107531657629153,0.0036904376666666654,0.0015396725724633486,0.0006967698203845351,0.0005698379448705935,0.004584685874999997,3.8949392032840033,0.10194518525963657,0.0025272822525015393,0.0008698686833450431,0.0008686690977270136,0.9972509914906075,2.5103946917239343e-08,0.004027771913353938,-0.013195340047736263,-0.013195340047736263,0.14195254483077283,1.0013809465781254,2.5034935953544513e-08,3.893392379688374,0.10150162651414449,0.002796189458333334,-0.0009430048917938322,0.0016670823998965467,0.000753659008745966,-0.0017884964166666626,3.892755843616647,0.10109818805752091,-0.0006365360717270896,-0.00040343845662357825,-0.0004036974893904332,1.0012860859356716,-3.3038222811555052e-09,-0.0011993675790492953,0.003489983763007096,0.003489983763007096,0.12046878645607052,0.9993583493242771,-3.3080712805252577e-09,3.8927057559453497,0.10117427744325148,0.0036904376666666654,0.0013231684839571582,0.0009824295474730295,0.000515099960788423,0.0032930326916666636,3.893081959332147,0.10336835528730447,0.0003762033867973358,0.002194077844052983,0.0021865323870604216,0.993179252368235,1.3705874878295974e-07,0.0026567866205570913,-0.009174833995971202,-0.009174833995971202,0.17670401594127214,1.0034508782203337,1.361239056467857e-07]"
/multi_agv/m2b_algorithm_state,1789558517.4971077,1789558517.4971077,m2b_algorithm_state_v1:header6+3x20,"[1.0,-0.15,0.52,3.8948410164252247,0.10125037851997992,1789558517.4969838,3.8934189598191855,0.10107520361416872,0.0036904376666666654,0.0015404743072279024,0.0006966980633439587,0.0005695277504750822,0.004584685874999997,3.895700068001281,0.1013182458034741,0.0022811081820957035,0.0002430421893053758,0.00024294809869829335,0.9992264371750882,1.9616375967087637e-09,0.0030943333263179227,-0.009563328151023447,-0.009563328151023447,0.14195255811611207,1.0003872868632708,1.9601201467880003e-09,3.894399449680992,0.10150169752503944,0.002796189458333334,-0.0009438768361643632,0.001667133510027341,0.0007540103807128218,-0.0017884964166666626,3.893759786232584,0.10109818805752091,-0.0006396634484078234,-0.0004035094675185341,-0.0004037685913703819,1.0012863121052153,-3.30804044711428e-09,-0.0012033479018801613,0.0035032525801990963,0.0035032525801990963,0.12046877871391694,0.9993582367291911,-3.3122956195859454e-09,3.893712806032771,0.10117418105519735,0.0036904376666666654,0.001323697430351007,0.0009824055438903308,0.0005148831688590819,0.0032930326916666636,3.893839173090675,0.10288808193062612,0.00012636705790392,0.0017139008754287754,0.001709279879320259,0.9946426694522406,8.369555736064969e-08,0.001867238701700159,-0.00612025675205709,-0.00612025675205709,0.17670398984003863,1.0027034754017898,8.324717259448974e-08]"
/multi_agv/m2b_algorithm_state,1789558517.5073805,1789558517.5073805,m2b_algorithm_state_v1:header6+3x20,"[1.0,-0.15,0.52,3.895840940509693,0.10125037896203638,1789558517.507233,3.894416243283394,0.10107524701203739,0.0036904376666666654,0.0015401661835237296,0.0006967260956892924,0.0005696467283179434,0.004584685874999997,3.8965848585861,0.09919210034865865,0.0021686153027058452,-0.001883146663378743,-0.001888886711510634,1.0061394428345831,1.1791573197780297e-07,0.0008218824168716725,-0.0005155997167342651,-0.0005155997167342651,0.14195255385779365,0.9969611474860234,1.1863966887357872e-07,3.8953967209041176,0.10150167033532424,0.002796189458333334,-0.0009435414549545783,0.0016671134366794682,0.0007538754460329616,-0.0017884964166666626,3.8945346092797366,0.10100610129177803,-0.0008621116243809901,-0.0004955690435462096,-0.000495960164445616,1.0015814317727856,-4.9882138146463065e-09,-0.0015735996949218537,0.0048555848355292,0.0048555848355292,0.12046878119770309,0.9992113864631775,-4.996102334462236e-09,3.8947100850881617,0.10117421821257813,0.0036904376666666654,0.001323493485038576,0.0009824149551050498,0.0005149666758622637,0.0032930326916666636,3.8947196403847713,0.10291050591978168,9.555296609509156e-06,0.0017362877072035487,0.0017315460120071022,0.9945740817058696,8.588162084957962e-08,0.0017434901327689886,-0.005689181091990127,-0.005689181091990127,0.17670399821280847,1.0027384170929134,8.541563419188232e-08]"
/multi_agv/m2b_algorithm_state,1789558517.517088,1789558517.517088,m2b_algorithm_state_v1:header6+3x20,"[1.0,-0.15,0.52,3.896843007065513,0.10125036574663186,1789558517.5170147,3.8954161676278525,0.10107524750154302,0.0036904376666666654,0.001540163089008418,0.0006967273897541476,0.000569647396559533,0.004584685874999997,3.8975785712964948,0.09919210034865865,0.0021624036686422876,-0.0018831471528843735,-0.0018888872039838501,1.006139444424096,1.17915556134707e-07,0.0008141173818190094,-0.00048822368265886594,-0.00048822368265886594,0.14195255436894688,0.996961146707241,1.1863949213833241e-07,3.896396644620423,0.10150167050054011,0.002796189458333334,-0.0009435382135372199,0.0016671123321896353,0.0007538746155111853,-0.0017884964166666626,3.895546494765862,0.10100610129177803,-0.0008501498545609998,-0.0004955692087620783,-0.0004959603299218877,1.001581432299442,-4.988200001057241e-09,-0.0015586476481231374,0.004802601609384116,0.004802601609384116,0.12046878089875833,0.9992113862012493,-4.99608850165499e-09,3.895710009280804,0.10117421888402602,0.0036904376666666654,0.0013234902423707182,0.0009824155652062624,0.0005149677640892045,0.0032930326916666636,3.8957507355039103,0.10292778473324839,4.072622310635765e-05,0.0017535658492223716,0.001748729947126814,0.9945211679672848,8.759804501986212e-08,0.001799637726009761,-0.005897961903707097,-0.005897961903707097,0.17670399720222246,1.0027653795850544,8.711811004480407e-08]"
/multi_agv/m2b_algorithm_state,1789558517.5269976,1789558517.5269976,m2b_algorithm_state_v1:header6+3x20,"[1.0,-0.15,0.52,3.897837436926354,0.10125040133157433,1789558517.5268805,3.8964182300962658,0.10107521546186339,0.0036904376666666654,0.001540390063862551,0.0006967066421482921,0.0005695598042237682,0.004584685874999997,3.898690939634747,0.09755206540106058,0.0022727095384813545,-0.00352315006080281,-0.003543490682615371,1.0116995481030642,4.1323067686232927e-07,-0.0007026037595136781,0.005569270281544957,0.005569270281544957,0.14195255871163456,0.9942597219424469,4.1806528904394184e-07,3.8973987161200467,0.10150169033283998,0.002796189458333334,-0.0009437847335826604,0.0016671271635995133,0.0007539737586244044,-0.0017884964166666626,3.896452425865658,0.10073887653847152,-0.0009462902543888596,-0.000762813794368461,-0.0007637423710140288,1.002441632686407,-1.1824032078565804e-08,-0.0019466051890001035,0.006290385177879388,0.006290385177879388,0.12046877836966245,0.99878417555342,-1.1852902021773955e-08,3.896712074980228,0.10117419144519217,0.0036904376666666654,0.0013236404132526804,0.0009824085144415125,0.0005149063383901205,0.0032930326916666636,3.897057465750439,0.10288876854592031,0.000345390770210674,0.001714577100728143,0.001709952481810409,0.9946405978210491,8.375796146044806e-08,0.0021416909445737516,-0.007100789165685055,-0.007100789165685055,0.1767039886724992,1.002704530662067,8.330906885929244e-08]"
/multi_agv/m2b_algorithm_state,1789558517.537055,1789558517.537055,m2b_algorithm_state_v1:header6+3x20,"[1.0,-0.15,0.52,3.8988475787370103,0.10125033543775708,1789558517.5369449,3.8974126712185746,0.10107530081091107,0.0036904376666666654,0.0015397857318268818,0.000696763686341661,0.0005697920856143649,0.004584685874999997,3.8998893473804053,0.09942763045452323,0.002476676161830671,-0.0016476703563878398,-0.0016520568504946567,1.0053575161037034,9.023359876222836e-08,0.001443788351793682,-0.0028178888574702135,-0.0028178888574702135,0.1419525493542267,0.9973448285962412,9.071702672069211e-08,3.8983931322705505,0.10150163818943532,0.002796189458333334,-0.0009431282105907455,0.0016670860325889159,0.0007537105735829497,-0.0017884964166666626,3.897459714798816,0.10073887653847152,-0.0009334174717343657,-0.0007627616509637974,-0.0007636901009534875,1.0024414660616026,-1.1814194027921865e-08,-0.0019304619406214445,0.006233866321369677,0.006233866321369677,0.12046878381906535,0.9987842581846605,-1.1843037981686224e-08,3.8977065072899375,0.10117426499437662,0.0036904376666666654,0.0013232383507455043,0.0009824281598783454,0.0005150703980585482,0.0032930326916666636,3.897903584962519,0.10089920395880146,0.0001970776725817025,-0.00027506103557516093,-0.00027518186137950006,1.0008794509223289,2.1580308486390477e-09,-2.883477065237193e-05,0.0015491682698367084,0.0015491682698367084,0.1767040070555496,0.9995609238060481,2.1599287308592975e-09]"
/multi_agv/m2b_algorithm_state,1789558517.547117,1789558517.547117,m2b_algorithm_state_v1:header6+3x20,"[1.0,-0.15,0.52,3.899842766726439,0.10125036722381812,1789558517.5469592,3.898422792456671,0.10107514137882738,0.0036904376666666654,0.0015409155714840891,0.0006966594523391656,0.0005693565642103907,0.004584685874999997,3.900901019642603,0.09942763045452323,0.002478227185931825,-0.001647510924304152,-0.0016518965736842836,1.0053569995173015,9.028239129558276e-08,0.0014458874087304977,-0.0028242404711842496,-0.0028242404711842496,0.14195256817660562,0.9973450823435331,9.076603402217402e-08,3.8994032989984255,0.10150173674475603,0.002796189458333334,-0.0009443560610476213,0.0016671607842457803,0.0007542039209968848,-0.0017884964166666626,3.898653773248222,0.10248046191871081,-0.0007495257502037056,0.0009787251739547809,0.0009772165826626381,0.9969286808471335,-1.945276586452168e-08,4.030939490800613e-05,-0.0015297089362653847,-0.0015297089362653847,0.12046877284801938,1.0015437635002389,-1.9393020212145748e-08,3.8987166447559343,0.1011741281896878,0.0036904376666666654,0.0013239872869985408,0.0009823926832182696,0.0005147642169171613,0.0032930326916666636,3.898930230427731,0.10089920395880146,0.0002135856717968565,-0.00027492423088633366,-0.00027504493663076053,1.0008790137793158,2.1571060946519053e-09,-8.062846884689904e-06,0.0014761875214748866,0.0014761875214748866,0.17670397007616875,0.9995611417323093,2.1590022206325504e-09]"
/multi_agv/m2b_algorithm_state,1789558517.557376,1789558517.557376,m2b_algorithm_state_v1:header6+3x20,"[1.0,-0.15,0.52,3.9008431938844343,0.10125036482153153,1789558517.557255,3.899417990112392,0.10107522040290924,0.0036904376666666654,0.0015403532835945163,0.0006967082444756297,0.0005695749134842246,0.004584685874999997,3.901801340772938,0.09777233399530125,0.0023833506605459576,-0.003302886407607994,-0.003320733640309114,1.010941090450001,3.631167011332044e-07,-0.0003415453146266671,0.004208114226473748,0.004208114226473748,0.14195256018667798,0.9946255151318131,3.670895938042087e-07,3.900398475467584,0.10150168599912775,0.002796189458333334,-0.000943743388357818,0.0016671262234360107,0.0007539563259288812,-0.0017884964166666626,3.899637509764004,0.10146589560338304,-0.0007609657035798634,-3.579039574470866e-05,-3.579242868126043e-05,1.0001136177490788,-2.6014997281487525e-11,-0.0009869995581560896,0.0025757660208217004,0.0025757660208217004,0.1204687775104235,0.9999432020506385,-2.601795304692094e-11,3.89971183459934,0.10117419526941737,0.0036904376666666654,0.0013236178036524983,0.0009824086108263467,0.0005149160886174175,0.0032930326916666636,3.899934195452892,0.10240569619359431,0.00022236085355231694,0.0012315009241769398,0.0012291063870925624,0.9961293303829316,4.3224265269883e-08,0.0015070574540329586,-0.0046059548794682,-0.0046059548794682,0.17670398578934554,1.0019481935083272,4.305695841958276e-08]"
/multi_agv/m2b_algorithm_state,1789558517.5675175,1789558517.5675175,m2b_algorithm_state_v1:header6+3x20,"[1.0,-0.15,0.52,3.9018417447809557,0.10125037440730227,1789558517.5672555,3.900418416494255,0.1010752150747923,0.0036904376666666654,0.0015403903776888372,0.0006967042120121106,0.0005695609322112962,0.004584685874999997,3.9025249134133597,0.09641010739911025,0.0021064969191049165,-0.00466510767568204,-0.0047010780774214885,1.015690604281555,7.250418572406207e-07,-0.002067956928540343,0.010821908468232935,0.010821908468232935,0.14195256157744918,0.9923484781262815,7.36418202110147e-07,3.9013989036074794,0.10150168882682632,0.002796189458333334,-0.0009437831198168623,0.0016671291691348067,0.0007539720158843549,-0.0017884964166666626,3.9003669987937366,0.10055555060252429,-0.0010319048137428233,-0.0009461382243020344,-0.0009475687378814148,1.003034716504849,-1.8192459076657414e-08,-0.002237449755059944,0.00739693001557321,0.00739693001557321,0.12046877669224135,0.9984903326564165,-1.8247668032481135e-08,3.9007122615515692,0.101174190562976,0.0036904376666666654,0.0013236429461358007,0.0009824070684031575,0.0005149059926310303,0.0032930326916666636,3.901084994553824,0.10192323748393566,0.00037273300225493244,0.000749046920959659,0.000748157808252291,0.9976327457506146,1.5996897837319443e-08,0.0012140740610709566,-0.0033355908822524415,-0.0033355908822524415,0.17670398303216944,1.0011884026305158,1.5959029112937064e-08]"
/multi_agv/m2b_algorithm_state,1789558517.5774229,1789558517.5774229,m2b_algorithm_state_v1:header6+3x20,"[1.0,-0.15,0.52,3.902842664664194,0.10125036863272924,1789558517.5771842,3.901416970403324,0.10107523847679631,0.0036904376666666654,0.0015402241097509204,0.0006967193801727051,0.000569625112758806,0.004584685874999997,3.903562034825653,0.09811178018471262,0.0021450644223288684,-0.0029634582920836927,-0.0029777892007369464,1.0097794361126096,2.9223041249306775e-07,-0.0002964586728258609,0.0039016784598747516,0.0039016784598747516,0.14195255961591513,0.995187399883878,2.9508826114220526e-07,3.902397450871675,0.1015016741309122,0.002796189458333334,-0.0009436019905086947,0.0016671182721599287,0.0007538991708297693,-0.0017884964166666626,3.9013644642034935,0.10055555060252429,-0.0010329866681817457,-0.0009461235283879099,-0.0009475539976538379,1.0030346694648402,-1.8188403615244552e-08,-0.00223878733288102,0.007401837404886586,0.007401837404886586,0.12046877784338722,0.9984903559380575,-1.8243599408309925e-08,3.9017108130678664,0.10117421061419832,0.0036904376666666654,0.0013235328060642632,0.0009824121468798418,0.0005149510924366304,0.0032930326916666636,3.901944670712492,0.10026831223165392,0.00023385764462569014,-0.0009058983825444011,-0.0009072152115025573,1.0029171699705242,2.342311417172108e-08,-0.0006148931557204446,0.0039057873967966897,0.0039057873967966897,0.176703986910723,0.9985484932996492,2.3491443376998983e-08]"
/multi_agv/m2b_algorithm_state,1789558517.587331,1789558517.587331,m2b_algorithm_state_v1:header6+3x20,"[1.0,-0.15,0.52,3.9038437678514857,0.10125036187580261,1789558517.5872219,3.902417888536634,0.10107522443590429,0.0036904376666666654,0.0015403234913150218,0.0006967104414376199,0.0005695866844483196,0.004584685874999997,3.904556190113298,0.09811178018471262,0.002138301576664059,-0.002963444251191674,-0.002977775025223296,1.0097793900642944,2.9224651535297504e-07,-0.0003048980543932222,0.0039314091570463484,0.0039314091570463484,0.14195256190548008,0.9951874221825918,2.9510450802154257e-07,3.9033983728660573,0.10150168283128469,0.002796189458333334,-0.0009437097713662387,0.0016671246055888211,0.0007539425956663431,-0.0017884964166666626,3.902511778529553,0.10187684034095805,-0.0008865943365043982,0.00037515750967336003,0.00037493483757187953,0.9988146019604885,-2.8574391910150105e-09,-0.0007333080830586183,0.001493953906614459,0.001493953906614459,0.12046877650535842,1.000593895469737,-2.8540519881999583e-09,3.902711732589892,0.10117419863099875,0.0036904376666666654,0.0013235983396581554,0.000982409109812666,0.000514924265938803,0.0032930326916666636,3.902960677889211,0.10026831223165392,0.000248945299319292,-0.0009058863993448296,-0.000907203193558874,1.0029171314576686,2.3423655338727772e-08,-0.000596021569409759,0.0038390702422163832,0.0038390702422163832,0.17670398240230853,0.9985485123692315,2.349198522056996e-08]"
/multi_agv/m2b_algorithm_state,1789558517.5971663,1789558517.5971663,m2b_algorithm_state_v1:header6+3x20,"[1.0,-0.15,0.52,3.9048389574227973,0.1012503927843762,1789558517.5970533,3.90341898958779,0.1010752085718715,0.0036904376666666654,0.0015404352598536093,0.0006966995129332962,0.0005695439218706768,0.004584685874999997,3.906027995693223,0.0989671935458711,0.0026090061054326874,-0.002108015026000401,-0.0021152199586919654,1.0068899700871528,1.4780588527819418e-07,0.0011460376730988938,-0.0015550895316315569,-0.0015550895316315569,0.14195256451431895,0.9965937666851347,1.4882426340646608e-07,3.904399478681896,0.1015016921747023,0.002796189458333334,-0.0009438306642468234,0.0016671324912307384,0.0007539908966990999,-0.0017884964166666626,3.9040644848815385,0.10222025330229627,-0.00033499380035761916,0.0007185611275939696,0.0007177463575874921,0.9977383981675843,-1.0481578645965076e-08,0.0002990041071404681,-0.0023320484283297065,-0.0023320484283297065,0.12046877498286404,1.0011351781835802,-1.045787348849275e-08,3.903712835284771,0.101174184880834,0.0036904376666666654,0.0013236730018525112,0.0009824052205031249,0.0005148939258438102,0.0032930326916666636,3.9046491813299142,0.10285485849539246,0.0009363460451430328,0.0016806736145584533,0.0016762289358914885,0.9947445394700343,8.048229785869487e-08,0.0028466614923202795,-0.009601815507928178,-0.009601815507928178,0.17670397726200657,1.0026515940464904,8.005932631893756e-08]"
/multi_agv/m2b_algorithm_state,1789558517.607411,1789558517.607411,m2b_algorithm_state_v1:header6+3x20,"[1.0,-0.15,0.52,3.9058438152972648,0.10125036123934716,1789558517.6072507,3.9044141889211135,0.10107528297145171,0.0036904376666666654,0.0015399081339199706,0.0006967488999191751,0.0005697467205049542,0.004584685874999997,3.907016916071814,0.0989671935458711,0.0026027271507005345,-0.00210808942558062,-0.0021152948637039397,1.0068902121754686,1.4776569355213803e-07,0.0011381140746717284,-0.0015276676719235523,-0.0015276676719235523,0.14195255651667743,0.9965936483622416,1.4878383053296754e-07,3.9053946563910418,0.10150164647109178,0.002796189458333334,-0.0009432577293777816,0.0016670969047321016,0.0007537610601467681,-0.0017884964166666626,3.9050182207810455,0.10078520969093596,-0.0003764356099962285,-0.0007164367801558158,-0.0007172555924036768,1.0022919846615432,-1.042384543798153e-08,-0.0011878001048989625,0.003584377585969351,0.003584377585969351,0.12046877964826098,0.9988584093919479,-1.0447736731839681e-08,3.904708026956238,0.10117424891058507,0.0036904376666666654,0.0013233226705486895,0.000982422134792338,0.00051503698268028,0.0032930326916666636,3.905676948835073,0.10285485849539246,0.0009689218788349052,0.0016806095848073827,0.0016761652465123583,0.994744740444644,8.045484648287702e-08,0.00288731759505599,-0.009747312758710366,-0.009747312758710366,0.17670399299486939,1.0026514917334504,8.003203538212318e-08]"
/multi_agv/m2b_algorithm_state,1789558517.6172206,1789558517.6172206,m2b_algorithm_state_v1:header6+3x20,"[1.0,-0.15,0.52,3.906846719342612,0.10125034323006539,1789558517.6169853,3.905419037077701,0.10107520591948786,0.0036904376666666654,0.0015404547744291308,0.0006966996495190606,0.0005695353920747988,0.004584685874999997,3.9078398246155017,0.09824064757733926,0.002420787537800617,-0.002834558342148602,-0.0028476569870293923,1.0093405571620635,2.673790943344953e-07,0.00017832743522137916,0.002177380729546342,0.002177380729546342,0.14195256586618898,0.995400202713862,2.6987656404906746e-07,3.906399525968019,0.10150169471824153,0.002796189458333334,-0.0009438520981076854,0.001667132012263206,0.0007540004366830833,-0.0017884964166666626,3.9058308199763125,0.09918473324039918,-0.0005687059917063308,-0.0023169614778423414,-0.0023256294294983593,1.0075475534877645,-1.0920680275976984e-07,-0.003036511919131273,0.010780960253087219,0.010780960253087219,0.12046877420022367,0.9962728577708585,-1.1003104694482695e-07,3.9057128828460734,0.1011741830803121,0.0036904376666666654,0.0013236837048972473,0.0009824055926419776,0.0005148890929328391,0.0032930326916666636,3.9064966342530343,0.10051229359931327,0.0007837514069608531,-0.0006618894809988368,-0.0006625911651842642,1.0021255429594256,1.2503549612501326e-08,0.0003170980935168022,0.0004978472057510294,0.0004978472057510294,0.1767039746287958,0.9989409997864487,1.2530126444348006e-08]"
/multi_agv/m2b_algorithm_state,1789558517.6271048,1789558517.6271048,m2b_algorithm_state_v1:header6+3x20,"[1.0,-0.15,0.52,3.907839059972993,0.10125039261193185,1789558517.6269078,3.9064219353034657,0.10107516395349123,0.0036904376666666654,0.0015407504785321493,0.0006966700062309703,0.0005694226355291513,0.004584685874999997,3.908840862528329,0.09824064757733926,0.0024189272248631433,-0.002834516376151966,-0.0028476146364018805,1.0093404196940265,2.6742254609368165e-07,0.00017604439467704862,0.002185679226567487,0.002185679226567487,0.14195257171328812,0.995400269375471,2.699203849098418e-07,3.90740243720405,0.1015017192244115,0.002796189458333334,-0.0009441722330379475,0.0016671535843140184,0.000754127983038283,-0.0017884964166666626,3.9068414777925606,0.09918473324039918,-0.0005609594114894811,-0.0023169859840123097,-0.002325654117774054,1.0075476329236779,-1.0924614381558727e-07,-0.0030268533821359053,0.010746647715246489,0.010746647715246489,0.12046877078392546,0.9962728190337948,-1.1007069360743465e-07,3.9067157855203205,0.10117414651229348,0.0036904376666666654,0.0013238822089212498,0.0009823949829043336,0.0005148085679145434,0.0032930326916666636,3.907520819446021,0.10051229359931327,0.0008050339257006378,-0.0006618529129802098,-0.0006625545197870241,1.0021254256958176,1.2504044714179447e-08,0.0003437378873387732,0.0004036810071562229,0.0004036810071562229,0.17670396311843248,0.9989410580022308,1.2530621132116617e-08]"
/multi_agv/m2b_algorithm_state,1789558517.637144,1789558517.637144,m2b_algorithm_state_v1:header6+3x20,"[1.0,-0.15,0.52,3.9088406625840784,0.1012503818906635,1789558517.6370769,3.9074142913446503,0.1010752839582095,0.0036904376666666654,0.0015398992377975828,0.0006967479401421171,0.0005697510758207926,0.004584685874999997,3.9096032319874077,0.1000596008422355,0.00218894064275732,-0.0010156831159739976,-0.0010173420351086897,1.0032791153395384,3.427599984893987e-08,0.0017188337683379602,-0.004084253141691494,-0.004084253141691494,0.14195255860973138,0.9983693594902772,3.438839480582254e-08,3.9083947592112467,0.10150164452548495,0.002796189458333334,-0.0009432464294584402,0.0016670977147610344,0.0007537557406593343,-0.0017884964166666626,3.907729813323304,0.1005886708383252,-0.0006649458879426362,-0.0009129736871597433,-0.0009143053389513103,1.0029272443328296,-1.692941594900062e-08,-0.0017454876988796057,0.005642777348539056,0.005642777348539056,0.12046877843074155,0.9985435371151891,-1.6978972485895448e-08,3.907708129363082,0.10117424935210106,0.0036904376666666654,0.0013233184823413222,0.000982421322525618,0.0005150392205950554,0.0032930326916666636,3.9082705691908464,0.1030541462884452,0.0005624398277643827,0.0018798969363441331,0.0018743444806230932,0.994134927784555,1.0065176604784002e-07,0.002577394265328572,-0.0087376009670955,-0.0087376009670955,0.17670398889031821,1.0029623453844483,1.0006143617135736e-07]"
/multi_agv/m2b_algorithm_state,1789558517.6472526,1789558517.6472526,m2b_algorithm_state_v1:header6+3x20,"[1.0,-0.15,0.52,3.9098437734558487,0.10125036189122709,1789558517.6471446,3.9084158908761064,0.10107525642486495,0.0036904376666666654,0.0015400957411515412,0.0006967323478682449,0.0005696740100866098,0.004584685874999997,3.9105741121122195,0.09975573694660693,0.0021582212361130892,-0.0013195194782580216,-0.0013223257850272542,1.0042746755546084,5.786961508595498e-08,0.0013754507601141074,-0.0027284469329773306,-0.0027284469329773306,0.14195256211986884,0.9978777493405872,5.811698891491751e-08,3.9093963654058026,0.10150166290917402,0.002796189458333334,-0.000943460764588911,0.0016671084651731505,0.0007538430555315556,-0.0017884964166666626,3.9087136648731517,0.09893737878881186,-0.0006827005326508484,-0.0025642841203621647,-0.0025749211739286085,1.0083765146963655,-1.337317249629055e-07,-0.003428296839742169,0.012259134099556791,0.012259134099556791,0.12046877638499848,0.9958689789519986,-1.3485193072242758e-07,3.9087097314703256,0.10117422633795153,0.0036904376666666654,0.0013234459385429733,0.0009824165055517756,0.0005149864789152736,0.0032930326916666636,3.9091935160531786,0.10202029832482493,0.0004837845828529197,0.0008460719868733924,0.0008449384537350677,0.9973290620214746,2.0405036043622757e-08,0.0014496691823012173,-0.004219994439820934,-0.004219994439820934,0.17670398199129633,1.0013415570486985,2.0350535457900666e-08]"
/multi_agv/m2b_algorithm_state,1789558517.657164,1789558517.657164,m2b_algorithm_state_v1:header6+3x20,"[1.0,-0.15,0.52,3.9108485944090496,0.1012503315786315,1789558517.6569307,3.909418995557342,0.10107520784433889,0.0036904376666666654,0.001540440099645528,0.0006967009382353054,0.0005695410826567159,0.004584685874999997,3.911426348519058,0.09922385855880796,0.002007352961716169,-0.0018513492855309344,-0.001856895801079831,1.0060336204841636,1.1398515201979388e-07,0.0006522954010653801,6.822543207137661e-05,6.822543207137661e-05,0.14195256832471195,0.9970130173455768,1.1467289516791101e-07,3.9103994837549676,0.10150169309009135,0.002796189458333334,-0.0009438349802068551,0.001667130897358149,0.0007539935965927974,-0.0017884964166666626,3.9096984703265116,0.09893737878881186,-0.0007010134284559655,-0.0025643143012794994,-0.0025749516033444124,1.0083766127497573,-1.337879018229499e-07,-0.0034512183889143693,0.012339392416328813,0.012339392416328813,0.12046877275769134,0.995868931264146,-1.349085912671233e-07,3.909712841055235,0.10117418473925102,0.0036904376666666654,0.0013236737924783052,0.0009824058694265728,0.0005148932456025324,0.0032930326916666636,3.9101135501249464,0.10098900777539628,0.0004007090697113469,-0.00018517696385474125,-0.0001852316882549536,1.0005914632505741,9.783386388618182e-10,0.00031565464888423005,0.0002871161345128336,0.0002871161345128336,0.1767039697816262,0.999704562428125,9.789172902133217e-10]"
/multi_agv/m2b_algorithm_state,1789558517.6671598,1789558517.6671598,m2b_algorithm_state_v1:header6+3x20,"[1.0,-0.15,0.52,3.911853644382018,0.1012503007556389,1789558517.6669445,3.9104238067885992,0.10107513649987702,0.0036904376666666654,0.0015409436554826026,0.0006966515020145889,0.0005693485262794366,0.004584685874999997,3.9122305100500188,0.09975137149455357,0.0018067032614195178,-0.0013237650053234545,-0.0013265894945293341,1.0042886414380587,5.827486871811796e-08,0.0009317895822450631,-0.0011581112299970907,-0.0011581112299970907,0.14194635479826617,0.9978708641840393,5.8524788734899915e-08,3.911404316660281,0.10150173542281114,0.002796189458333334,-0.0009443807843446056,0.0016671667536938273,0.0007542115325389065,-0.0017884964166666626,3.910425412788864,0.09921527478054522,-0.0009789038714171916,-0.002286460642265925,-0.002294899937055738,1.0074456330617938,-1.0640792060546801e-07,-0.0035185297763272276,0.012465220172974915,0.012465220172974915,0.12046486387629843,0.9963225870315546,-1.0720019493716482e-07,3.9107176597782694,0.10117412281320635,0.0036904376666666654,0.0013240107606012487,0.0009823884005410125,0.0005147562696428032,0.0032930326916666636,3.9109206496237676,0.10068911576245491,0.00020298984549826926,-0.00048500705075144035,-0.00048538330998638854,1.0015544033067239,6.714485509462203e-09,-0.00023164600311355196,0.0023628421028935227,0.0023628421028935227,0.17669180882820854,0.9992248204105768,6.724922527941061e-09]"
/multi_agv/m2b_algorithm_state,1789558517.6772683,1789558517.6772683,m2b_algorithm_state_v1:header6+3x20,"[1.0,-0.15,0.52,3.9128376346751303,0.10125040326075763,1789558517.6772456,3.9114288465339473,0.10107506652416896,0.0036904376666666654,0.0015414348858366548,0.0006965992956156513,0.0005691627533744188,0.004584685874999997,3.9132223847201826,0.09975137149455357,0.0017935381862352884,-0.0013236950296153932,-0.0013265192213859865,1.004288415377531,5.8287299177347606e-08,0.0009154035114081239,-0.0010997576896200519,-0.0010997576896200519,0.1419271944429278,0.9978709756141773,5.8537259327454503e-08,3.9124093794329267,0.10150177460050253,0.002796189458333334,-0.000944911336395409,0.0016672051527266696,0.0007544215345909044,-0.0017884964166666626,3.911411956797971,0.09921527478054522,-0.0009974226349558357,-0.0022864998199573078,-0.0022949394020050397,1.0074457600192346,-1.0647133264336214e-07,-0.0035417176956998343,0.012546346337075251,0.012546346337075251,0.12045283253583842,0.996322525100071,-1.0726409263515271e-07,3.9117227071791794,0.10117406114224518,0.0036904376666666654,0.0013243436797650654,0.0009823691438466398,0.0005146219786629999,0.0032930326916666636,3.9118999399583365,0.1004469148157284,0.00017723277915715485,-0.0007271463265167838,-0.0007279936105291922,1.002336831667315,1.5098793799447704e-08,-0.0005064526365827487,0.0034440263581474104,0.0034440263581474104,0.1766543863736112,0.9988361381196842,1.513407713893651e-08]"
/multi_agv/m2b_algorithm_state,1789558517.6871297,1789558517.6871297,m2b_algorithm_state_v1:header6+3x20,"[1.0,-0.15,0.52,3.9138443463788444,0.10125035939356168,1789558517.6870618,3.912412868692289,0.10107531643736309,0.0036904376666666654,0.0015396614251048575,0.0006967603896373296,0.0005698476821128201,0.004584685874999997,3.914342298925971,0.10077395270317692,0.0019294302336820834,-0.00030136373418616913,-0.0003015089955283764,1.0009651233232215,3.0156031972228213e-09,0.0021102787965742277,-0.005808312585777825,-0.005808312585777825,0.14195255923383193,0.9995182188778391,3.0185136262020424e-09,3.9133933312956186,0.10150161833288,0.002796189458333334,-0.0009429820271397516,0.0016670898614647989,0.0007536452163671437,-0.0017884964166666626,3.912506849010267,0.10017139140347284,-0.0008864822853515975,-0.0013302269294071661,-0.0013330628597257696,1.0042852580839166,-3.594001054859883e-08,-0.0024411657164152664,0.008278125026537277,0.008278125026537277,0.12046877806903984,0.9978726207110843,-3.6094022769338254e-08,3.9127067040374834,0.10117427501202977,0.0036904376666666654,0.001323170570983414,0.0009824233173264087,0.0005151022967024689,0.0032930326916666636,3.912909236484773,0.1004469148157284,0.00020253244728962727,-0.0007273601963013743,-0.0007282079777201119,1.002337517900078,1.5094281821955256e-08,-0.00047504241860807784,0.003331730634321772,0.003331730634321772,0.17670398766478052,0.9988357976777569,1.51295649759029e-08]"
/multi_agv/m2b_algorithm_state,1789558517.6970732,1789558517.6970732,m2b_algorithm_state_v1:header6+3x20,"[1.0,-0.15,0.52,3.9148454597881748,0.10125035281647658,1789558517.6969705,3.9134195670200804,0.10107520860510226,0.0036904376666666654,0.0015404269564732714,0.000696692530721065,0.0005695511527840979,0.004584685874999997,3.915243183919795,0.09987640738499078,0.001823616899714775,-0.001198801220111484,-0.0012011154316375718,1.003878318818947,4.777175735171991e-08,0.001078405693005897,-0.0017341386248555962,-0.0017341386248555962,0.14195257189491595,0.998073281330727,4.7957031457271257e-08,3.9144000590458767,0.1015016864051802,0.002796189458333334,-0.0009438145251528967,0.0016671380010970793,0.0007539810348556192,-0.0017884964166666626,3.9134768618403624,0.10027971167449544,-0.00092319720551437,-0.0012219747306847634,-0.0012243659139413612,1.0039317095068656,-3.0353062885441485e-08,-0.0023783624208343237,0.00801036996951142,0.00801036996951142,0.12046877067378425,0.9980470027551647,-3.047240231135066e-08,3.913713413070576,0.10117418317040253,0.0036904376666666654,0.0013236748378860149,0.000982400705911735,0.0005148954782241756,0.0032930326916666636,3.913983229017641,0.10088449247532888,0.00026981594706487755,-0.00028969069507364664,-0.00028982473035093863,1.0009263807450859,2.394508709855886e-09,4.7445203480158305e-05,0.0012856555555098804,0.0012856555555098804,0.17670396275152014,0.9995375298818368,2.3967269366186373e-09]"
/multi_agv/m2b_algorithm_state,1789558517.707152,1789558517.707152,m2b_algorithm_state_v1:header6+3x20,"[1.0,-0.15,0.52,3.9158499881254714,0.1012503246140503,1789558517.707055,3.9144206783320583,0.1010751935825184,0.0036904376666666654,0.0015405322355851823,0.000696681666216658,0.0005695111698110069,0.004584685874999997,3.916188545014045,0.09960218085976975,0.0017678666819866962,-0.0014730127227486484,-0.0014765139408090505,1.0047801958117737,7.214400799966581e-08,0.0007333194116743197,-0.0003893520939198588,-0.0003893520939198588,0.14195244858046974,0.9976287267166041,7.248887048455039e-08,3.91540117507204,0.10150169483855707,0.002796189458333334,-0.0009439278328315726,0.0016671458515968851,0.0007540260662414477,-0.0017884964166666626,3.914516904353717,0.10046199309486241,-0.000884270718322977,-0.0010397017436946654,-0.0010414303955759857,1.003338353036247,-2.197323634308253e-08,-0.0021467687934797067,0.007115234180478334,0.007115234180478334,0.12046869014557775,0.998340117699019,-2.204659076334463e-08,3.914714525960425,0.1011741700283543,0.0036904376666666654,0.0013237456799636304,0.0009823966802963158,0.0005148668648962324,0.0032930326916666636,3.914991223864208,0.10033035507991253,0.00027669790378315184,-0.0008438149484417679,-0.0008449569365951177,1.0027153448536237,2.0325045666741547e-08,-0.0004990845568661779,0.003468827941465761,0.003468827941465761,0.17670371184601794,0.9986484658520568,2.03802351748924e-08]"
/multi_agv/m2b_algorithm_state,1789558517.7170568,1789558517.7170568,m2b_algorithm_state_v1:header6+3x20,"[1.0,-0.15,0.52,3.9168408767886143,0.10125038359508125,1789558517.7169473,3.9154251976278327,0.10107512759816949,0.0036904376666666654,0.001540997347962687,0.0006966355238970934,0.000569333563756996,0.004584685874999997,3.9171716177595144,0.09964275230024895,0.0017464201316816919,-0.001432375297920535,-0.0014356849872762217,1.0046461955390222,6.823704795205885e-08,0.0007473401773258931,-0.00045689905757518613,-0.00045689905757518613,0.14193513598922045,0.9976946966883274,6.855409061984975e-08,3.9164057145600153,0.10150173357966222,0.002796189458333334,-0.0009444312899129625,0.001667179303631805,0.000754226896835769,-0.0017884964166666626,3.915517260175369,0.10046199309486241,-0.0008884543846461312,-0.0010397404847998087,-0.0010414692651101395,1.003338477148785,-2.1986591178244907e-08,-0.0021520372459178034,0.00713338081165788,0.00713338081165788,0.12045781937257256,0.9983400563336375,-2.2059992910473155e-08,3.915719052188566,0.10117411266431918,0.0036904376666666654,0.0013240572716548744,0.00098238020964736,0.0005147403693841796,0.0032930326916666636,3.915945176584028,0.0998403466424291,0.0002261243954619907,-0.0013337660218900732,-0.0013366297509371248,1.0043157930488815,5.080936672814359e-08,-0.0010539742566096364,0.005645353232994825,0.005645353232994825,0.1766698964803646,0.997857500145389,5.1028649439886984e-08]"
/multi_agv/m2b_algorithm_state,1789558517.7270298,1789558517.7270298,m2b_algorithm_state_v1:header6+3x20,"[1.0,-0.15,0.52,3.917842564541944,0.10125037254730769,1789558517.7268784,3.9164161046567982,0.10107527156797694,0.0036904376666666654,0.0015399753304018125,0.0006967282313937947,0.0005697283442452957,0.004584685874999997,3.9181912959796064,0.09985175288852494,0.0017751913228081229,-0.0012235186794520014,-0.0012259297529395206,1.003959384326787,4.9748260653527165e-08,0.000993059400570633,-0.0014215637455008336,-0.0014215637455008336,0.14195256757524963,0.9980332694579457,4.994523313704366e-08,3.917396581086193,0.1015016433613834,0.002796189458333334,-0.0009433189921125027,0.0016671128927354673,0.0007537792989064512,-0.0017884964166666626,3.9162446627738325,0.10136755406673104,-0.0011519183123605004,-0.00013408929465236197,-0.00013411785099648498,1.0004261465136115,-3.650174036765484e-10,-0.0015740157414471105,0.0047021035493815646,0.0047021035493815646,0.12046877319779047,0.9997870802140739,-3.651729545705327e-10,3.9167099446228524,0.10117423585588341,0.0036904376666666654,0.0013233812400065274,0.0009824112992985919,0.0005150172311493956,0.0032930326916666636,3.9166997478122516,0.0999274989529619,-1.0196810600771045e-05,-0.0012467369029215136,-0.0012492374585606047,1.0040302181371086,4.43696959090499e-08,-0.0012619834718115685,0.006342161986430188,0.006342161986430188,0.17670397125296758,0.9979983344063568,4.454851546224054e-08]"
/multi_agv/m2b_algorithm_state,1789558517.7370272,1789558517.7370272,m2b_algorithm_state_v1:header6+3x20,"[1.0,-0.15,0.52,3.9188426891058916,0.10125037181923575,1789558517.7369473,3.917417789259063,0.10107524347424257,0.0036904376666666654,0.001540175364544323,0.000696712102994023,0.0005696500269241621,0.004584685874999997,3.9188900737767582,0.09983231761844985,0.0014722845176953214,-0.0012429258557927203,-0.001245414388603476,1.0040230692690595,5.134632091194204e-08,0.0005949412585156758,-5.431907275974587e-06,-5.431907275974587e-06,0.14195257124205865,0.9980018435361534,5.155289071768214e-08,3.9183982725290014,0.1015016618340531,0.002796189458333334,-0.0009435365844503748,0.001667123961171857,0.000753867860236207,-0.0017884964166666626,3.9172988665794297,0.10187646668019627,-0.0010994059495716968,0.0003748048461431758,0.0003745825918293178,0.9988157111933219,-2.851547076606973e-09,-0.0009996748451353032,0.0024411327257092396,0.0024411327257092396,0.12046877105544418,1.0005933386086434,-2.8481700213224316e-09,3.917711631837768,0.10117421233362742,0.0036904376666666654,0.001323511100455894,0.0009824061812218733,0.0005149636039400137,0.0032930326916666636,3.9177110949645764,0.10004403488935265,-5.368731916810532e-07,-0.0011301774442747659,-0.0011322304894748145,1.003648623729948,3.646182024249628e-08,-0.0011329015809644159,0.005835748103285081,0.005835748103285081,0.1767039640298207,0.9981867250359941,3.6594855705070154e-08]"
/multi_agv/m2b_algorithm_state,1789558517.7471893,1789558517.7471893,m2b_algorithm_state_v1:header6+3x20,"[1.0,-0.15,0.52,3.9198407859898037,0.10125038398708502,1789558517.7470284,3.918417913789551,0.10107524101675705,0.0036904376666666654,0.0015401931117693464,0.0006967117520255244,0.0005696425167991205,0.004584685874999997,3.9198877574597413,0.09965038268557717,0.0014698436701903184,-0.0014248583311798763,-0.0014281331833622128,1.0046214141432876,6.748710663572728e-08,0.0004091714043756851,0.0007332329899473772,0.0007332329899473772,0.14195257210019485,0.9977069000143063,6.779899250482319e-08,3.919398397065264,0.10150166388680217,0.002796189458333334,-0.0009435557307540679,0.0016671238781182929,0.0007538762026992191,-0.0017884964166666626,3.9183385036419107,0.10157155436125379,-0.0010598934233532198,6.989047445161989e-05,6.988272842003176e-05,0.9997783966702841,-9.917638486753223e-11,-0.001254984050771493,0.0034812788784684265,0.0034812788784684265,0.12046877055143192,1.0001108432907995,-9.91544070504164e-11,3.9187117564628586,0.10117421055414806,0.0036904376666666654,0.0013235212975873083,0.0009824062320408448,0.0005149591574549412,0.0032930326916666636,3.9187133999476167,0.10040941746203032,1.643484758062641e-06,-0.0007647930921177437,-0.0007657306451239301,1.0024588586075143,1.6692743719207692e-08,-0.0007636762891763518,0.004370472230161777,0.004370472230161777,0.17670396234320887,0.9987756099195498,1.6733788815784696e-08]"
/multi_agv/m2b_algorithm_state,1789558517.7570517,1789558517.7570517,m2b_algorithm_state_v1:header6+3x20,"[1.0,-0.15,0.52,3.920842717134656,0.10125037139714554,1789558517.7569118,3.9194160147161434,0.1010752693738509,0.0036904376666666654,0.0015399928830198144,0.0006967320897165229,0.0005697187290332,0.004584685874999997,3.9208898598764295,0.09982484348475981,0.0014738451602860358,-0.0012504258890910919,-0.0012529446864943414,1.0040476861602174,5.19619573105381e-08,0.0005893617638632034,1.7508474362631487e-05,1.7508474362631487e-05,0.14195256932421135,0.9979896978450845,5.217228300600178e-08,3.9203964889485228,0.1015016472391299,0.002796189458333334,-0.0009433382968370469,0.001667108876157286,0.0007537897561346041,-0.0017884964166666626,3.9193509405573197,0.10157155436125379,-0.0010455483912030772,6.990712212388839e-05,6.989937240093136e-05,0.9997783438769987,-9.920077864770963e-11,-0.0012370361166029152,0.003417758194932455,0.003417758194932455,0.12046877217847664,1.0001108697072782,-9.917879018771587e-11,3.919709854304745,0.10117423534827429,0.0036904376666666654,0.0013233864186695536,0.0009824134551291502,0.0005150138650613766,0.0032930326916666636,3.9197471304414213,0.10075117476302275,3.7276136676478444e-05,-0.0004230605852515307,-0.00042334673433632396,1.0013549181553474,5.10620244847284e-09,-0.0003767515634907259,0.0028489558740193745,0.0028489558740193745,0.17670396782123107,0.9993240786769222,5.113120934875154e-09]"
/multi_agv/m2b_algorithm_state,1789558517.7668633,1789558517.7668633,m2b_algorithm_state_v1:header6+3x20,"[1.0,-0.15,0.52,3.9218368565621664,0.10125040855889182,1789558517.7667797,3.920417942163222,0.10107523775155089,0.0036904376666666654,0.001540217883384014,0.0006967132490292008,0.0005696310006831153,0.004584685874999997,3.921798599098983,0.09939440477501683,0.0013806569357610599,-0.0016808329765340552,-0.0016853989653802962,1.0054673929366902,9.393088315698786e-08,4.0422204321028657e-05,0.002149754484600924,0.002149754484600924,0.14195257342226186,0.9972908557913996,9.444444020409745e-08,3.921398424461147,0.10150166775875404,0.002796189458333334,-0.0009435831712518005,0.0016671219794730519,0.0007538890848255153,-0.0017884964166666626,3.9204116193700784,0.10133542518248187,-0.0009868050910686321,-0.00016624257627216588,-0.00016628648031523875,1.0005285249835878,-5.612303920610422e-10,-0.001399792844151029,0.004097531125520347,0.004097531125520347,0.12046876978565424,0.9997359734658544,-5.615270163447953e-10,3.920711784779599,0.10117420868113167,0.0036904376666666654,0.0013235334151713478,0.000982407378234274,0.0005149533087778326,0.0032930326916666636,3.9209813120661163,0.10115101849698037,0.00026952728651741253,-2.31901841512977e-05,-2.3191041354360016e-05,1.0000739345732923,1.53401026758408e-11,0.00031371806679240564,0.00022036068487888403,0.00022036068487888403,0.17670395975087277,0.999963037319057,1.53412368397864e-11]"
/multi_agv/m2b_algorithm_state,1789558517.7771778,1789558517.7771778,m2b_algorithm_state_v1:header6+3x20,"[1.0,-0.15,0.52,3.9228411659294,0.10125037998855035,1789558517.7770705,3.921412093530992,0.10107532580026286,0.0036904376666666654,0.0015395954644948392,0.0006967736891835049,0.0005698693555774734,0.004584685874999997,3.9228459941799927,0.09989274846764619,0.00143390064900073,-0.0011825773326166744,-0.0011848290506611936,1.0038251257003337,4.6461844827247e-08,0.0006075467605897189,-7.797128557881041e-05,-7.797128557881041e-05,0.14195256354599092,0.9980995418341045,4.6639567223980615e-08,3.9223925492501093,0.10150161492014245,0.002796189458333334,-0.0009429075821227014,0.0016670780638290417,0.000753619083751933,-0.0017884964166666626,3.921480775285446,0.10209278883436676,-0.0009117739646633538,0.0005911739142243078,0.000590621889964009,0.9981366333457874,-7.088338397989127e-09,-0.0005490955658651833,0.000743914227311982,0.000743914227311982,0.12046877554443162,1.0009346491717948,-7.07513022458454e-09,3.9217059269053975,0.10117428495627011,0.0036904376666666654,0.0013231175302561835,0.000982428518262802,0.0005151225825090178,0.0032930326916666636,3.9218780531104787,0.09997159808193304,0.00017212620508111343,-0.0012026868743370694,-0.0012050130765892263,1.0038858863618503,4.128025073726757e-08,-0.0009898553202378345,0.00536105193272024,0.00536105193272024,0.1767039791641626,0.9980695626484476,4.144066110062128e-08]"
/multi_agv/m2b_algorithm_state,1789558517.7871904,1789558517.7871904,m2b_algorithm_state_v1:header6+3x20,"[1.0,-0.15,0.52,3.9238436856699153,0.10125036381066671,1789558517.7870493,3.9224163943701034,0.10107525410797076,0.0036904376666666654,0.0015401059680565043,0.0006967305369501627,0.0005696705190726567,0.004584685874999997,3.92388348095229,0.10019265632788134,0.0014670865821866386,-0.0008825977800894225,-0.0008838491875991255,1.0028451742186395,2.588320707593437e-08,0.0009500090401341727,-0.0014257685858856286,-0.0014257685858856286,0.14195257189616167,0.9985841390960573,2.5956849309402528e-08,3.9233968687084806,0.10150166148550618,0.002796189458333334,-0.0009434639224972187,0.0016671083372425954,0.0007538444908675029,-0.0017884964166666626,3.9225827261092414,0.10247758613624604,-0.000814142599239176,0.0009759246507398539,0.0009744246470428378,0.9969373681549375,-1.9323374347525092e-08,-4.325360200613216e-05,-0.0012298843977162075,-0.0012298843977162075,0.1204687706700672,1.0015393737233231,-1.9264193965894296e-08,3.922710234709615,0.1011742243721741,0.0036904376666666654,0.0013234517288515661,0.000982414638935781,0.0005149849399437591,0.0032930326916666636,3.922854757492092,0.10118100561138225,0.0001445227824765638,6.781239208150658e-06,6.781165926545485e-06,0.9999783875115275,1.3116018389600778e-12,0.00018743464402225024,0.0006549911160893762,0.0006549911160893762,0.176703962740809,1.0000108066379687,1.3115734919804527e-12]"
/multi_agv/m2b_algorithm_state,1789558517.7972791,1789558517.7972791,m2b_algorithm_state_v1:header6+3x20,"[1.0,-0.15,0.52,3.9248488961648627,0.10125033091814971,1789558517.7971563,3.9234189091225384,0.10107521462624644,0.0036904376666666654,0.0015403860846721512,0.0006967052197115462,0.0005695622688801523,0.004584685874999997,3.9243658132330523,0.10050355144530664,0.000946904110513902,-0.0005716631809398048,-0.0005721869442976306,1.001836371553188,1.0858224712684175e-08,0.0006114431938447469,-0.00036904551642979837,-0.00036904551642979837,0.1419474399017098,0.999084628960787,1.087816444766467e-08,3.924399394452314,0.10150168620003461,0.002796189458333334,-0.000943768549812467,0.0016671263471956799,0.0007539671681036919,-0.0017884964166666626,3.923612733143943,0.10247758613624604,-0.0007866613083709062,0.0009758999362114301,0.0009744000087095781,0.9969374458826707,-1.9328632672902487e-08,-8.92662675405461e-06,-0.0013524553593128904,-0.0013524553593128904,0.1204655452115618,1.0015393344503747,-1.9269437689327746e-08,3.923712753434894,0.10117419060571908,0.0036904376666666654,0.0013236369365729468,0.0009824061350873995,0.0005149090829799905,0.0032930326916666636,3.9239710469288536,0.10227666874115615,0.00025829349395944945,0.0011024781354370683,0.0011005571832899885,0.996529760131219,3.4645358252316006e-08,0.0014234240507393003,-0.00424698712783622,-0.00424698712783622,0.17669392830587527,1.0017454360175428,3.452513054884062e-08]"
/multi_agv/m2b_algorithm_state,1789558517.8072572,1789558517.8072572,m2b_algorithm_state_v1:header6+3x20,"[1.0,-0.15,0.52,3.925843557230907,0.10125036611274374,1789558517.8071012,3.9244241091080747,0.1010751368053588,0.0036904376666666654,0.0015409358754844807,0.0006966518045858014,0.000569351741184698,0.004584685874999997,3.9253550331759173,0.10033651202024932,0.0009309240678425645,-0.0007386247851094846,-0.0007395002725772832,1.0023771919676645,1.8135576550515397e-08,0.0004241548122259225,0.00037073278641469977,0.00037073278641469977,0.14192771018291667,0.9988161093372592,1.8178688297420247e-08,3.925404617828227,0.1015017327727385,0.002796189458333334,-0.0009443648982129247,0.0016671649900925622,0.0007542055637663747,-0.0017884964166666626,3.9239699530912415,0.101051480811376,-0.0014346647369856136,-0.00045025196136250223,-0.00045057471013316047,1.001436078948046,-4.1210992027929194e-09,-0.0022439056313651776,0.007211119826766726,0.007211119826766726,0.12045315638647058,0.9992836953264358,-4.12701742660086e-09,3.924717961558287,0.10117412317635181,0.0036904376666666654,0.001324004361008955,0.0009823873980579385,0.0005147595650364001,0.0032930326916666636,3.9246262303437414,0.10121052880075158,-9.173121454564281e-05,3.640562439977124e-05,3.6403512773001133e-05,0.9998840104374991,3.78175438455737e-11,-7.826050540905239e-05,0.0015854805465974342,0.0015854805465974342,0.17665539356342333,1.0000580061265867,3.781315740520819e-11]"
/multi_agv/m2b_algorithm_state,1789558517.816977,1789558517.816977,m2b_algorithm_state_v1:header6+3x20,"[1.0,-0.15,0.52,3.926842726017153,0.10125037169296593,1789558517.816886,3.925418780936282,0.10107522391834076,0.0036904376666666654,0.0015403164528075327,0.0006967060877941299,0.0005695919998440737,0.004584685874999997,3.926359978624074,0.1003919262282395,0.0009411976877919948,-0.0006832976901012533,-0.0006840466185237246,1.0021977499774257,1.5513584587364733e-08,0.0004924504912162688,0.00010317542604089251,0.00010317542604089251,0.1419453843384075,0.99890515002605,1.5547679567541405e-08,3.9263992660273894,0.10150167717798823,0.002796189458333334,-0.0009436902266856213,0.0016671263894476596,0.0007539331957334555,-0.0017884964166666626,3.9249731227703695,0.101051480811376,-0.0014261432570199517,-0.0004501963666122405,-0.0004505190357922998,1.0014359018030787,-4.117138990138835e-09,-0.0022331981070672392,0.0071738200310962905,0.0071738200310962905,0.12046425451842463,0.9992837834710094,-4.1230507974383015e-09,3.9257126247290492,0.10117419724190226,0.0036904376666666654,0.0013235968376491933,0.000982405239697482,0.0005149269299996838,0.0032930326916666636,3.9254015035116248,0.09871309753930352,-0.0003111212174244926,-0.0024610997025987374,-0.0024709334387852493,1.0080653385933986,1.7306837361175586e-07,-0.002859834960565865,0.012484212030652721,0.012484212030652721,0.17668991325675218,0.9960202342838719,1.7446422864474348e-07]"
/multi_agv/m2b_algorithm_state,1789558517.8270912,1789558517.8270912,m2b_algorithm_state_v1:header6+3x20,"[1.0,-0.15,0.52,3.9278457637132895,0.10125035244669826,1789558517.8269713,3.9264179515356648,0.10107523727806092,0.0036904376666666654,0.0015402217593363113,0.0006967151444470683,0.0005696283347271069,0.004584685874999997,3.927370018480923,0.1003919262282395,0.0009520669452580677,-0.0006833110498214168,-0.0006840600074706461,1.0021977928840609,1.5513236659853066e-08,0.0005060236741019385,5.501953287346422e-05,5.501953287346422e-05,0.14194707636370338,0.998905128729863,1.5547331540992843e-08,3.927398432598058,0.10150166901586988,0.002796189458333334,-0.00094358714019715,0.0016671197427142737,0.0007538919687118534,-0.0017884964166666626,3.92601658422498,0.10131842768105322,-0.0013818483730778652,-0.00018324133481666116,-0.00018329468338665968,1.000582680555416,-6.818840376089869e-10,-0.0019106051497339912,0.005917077977402746,0.005917077977402746,0.12046531693988193,0.9997089464407106,-6.822813581787503e-10,3.926711793917737,0.10117420878496698,0.0036904376666666654,0.0013235336923108046,0.0009824083468073846,0.0005149526848504888,0.0032930326916666636,3.9263946527284355,0.09871309753930352,-0.00031714118930148416,-0.0024611112456634637,-0.002470945073427412,1.0080653762252354,1.73061732448496e-07,-0.0028673715600542674,0.01251067064941492,0.01251067064941492,0.1766932181970657,0.9960202159612119,1.7445754043088416e-07]"
/multi_agv/m2b_algorithm_state,1789558517.8372934,1789558517.8372934,m2b_algorithm_state_v1:header6+3x20,"[1.0,-0.15,0.52,3.928852704288128,0.10125030876064604,1789558517.8370385,3.927420983217554,0.10107519102885229,0.0036904376666666654,0.0015405491029351218,0.0006966845278793875,0.0005695023700325929,0.004584685874999997,3.928765639380545,0.10095666634187121,0.0013446561629906206,-0.00011852468698107799,-0.00011854712512251394,1.000378793380725,4.666646124032646e-10,0.0015622730786157618,-0.003949868389241514,-0.003949868389241514,0.1419350499310457,0.9998107238668775,4.668413818694615e-10,3.928401477601272,0.10150169730879902,0.002796189458333334,-0.0009439424633108703,0.0016671416639475467,0.0007540345863022435,-0.0017884964166666626,3.9276799102892386,0.10223329249106784,-0.0007215673120333221,0.0007315951822688266,0.0007307506693437386,0.9976977168292361,-1.0866465795557688e-08,-0.00017120847069791408,-0.000664557870885507,-0.000664557870885507,0.12045776532929929,1.0011556786199682,-1.0841448114230895e-08,3.927714830321042,0.1011741690024435,0.0036904376666666654,0.0013237511133630205,0.0009823978061794586,0.0005148639241057185,0.0032930326916666636,3.9281958943548925,0.10300496186174407,0.000481064033850398,0.001830792859300573,0.0018255247147723412,0.9942849172057531,9.549697638395046e-08,0.002426854757085339,-0.008175426380181946,-0.008175426380181946,0.17666972838835115,1.0028858248182573,9.495120325731594e-08]"
/multi_agv/m2b_algorithm_state,1789558517.8471274,1789558517.8471274,m2b_algorithm_state_v1:header6+3x20,"[1.0,-0.15,0.52,3.929842988417118,0.10125037202251123,1789558517.8469694,3.928427909772596,0.10107508828439163,0.0036904376666666654,0.0015412742560963356,0.0006966131830682615,0.000569225156134223,0.004584685874999997,3.9297783550843004,0.10095666634187121,0.0013504453117043624,-0.00011842194252041638,-0.00011844434179090333,1.0003784651040735,4.660753662251307e-10,0.0015696122978395496,-0.003975234720935097,-0.003975234720935097,0.14190919174855365,0.9998108877963418,4.662517594871152e-10,3.929408435418021,0.10150175821062576,0.002796189458333334,-0.000944728384466085,0.0016671933896805768,0.0007543483499391906,-0.0017884964166666626,3.9287022152996065,0.10158973300953972,-0.0007062201184147021,8.797479891395343e-05,8.796252735337299e-05,0.9997211139727585,-1.5733399412739536e-10,-0.0007948126206650046,0.0018381327245373196,0.0018381327245373196,0.12044152724603065,1.0001395089585268,-1.5729011587482314e-10,3.928721767673766,0.10117407978692071,0.0036904376666666654,0.0013242365469164213,0.0009823725595697452,0.0005146666398166671,0.0032930326916666636,3.92922915690428,0.10300496186174407,0.0005073892305142991,0.0018308820748233617,0.0018256134140089133,0.9942846375619045,9.554133975423453e-08,0.002459849952151787,-0.00829286718303529,-0.00829286718303529,0.17661922979214745,1.0028859674091015,9.499528636971785e-08]"
/multi_agv/m2b_algorithm_state,1789558517.8570013,1789558517.8570013,m2b_algorithm_state_v1:header6+3x20,"[1.0,-0.15,0.52,3.9308369900962177,0.10125040999679503,1789558517.8568976,3.929418213397407,0.10107524387255105,0.0036904376666666654,0.0015401688170044942,0.0006967115757461782,0.0005696531392433642,0.004584685874999997,3.9308300629967827,0.10133133104594137,0.0014118495993757918,0.00025608717339031806,0.0002559827216845244,0.9991850381818757,2.177413267487524e-09,0.002020794720904264,-0.0057554991920564635,-0.0057554991920564635,0.14194237946321514,1.0004080420159076,2.175638758812244e-09,3.930398696153341,0.10150165973956754,0.002796189458333334,-0.0009435248177451722,0.001667123208668464,0.0007538631511689736,-0.0017884964166666626,3.9295984436510336,0.10034516225351471,-0.0008002525023074192,-0.0011564974860528293,-0.0011586382216383381,1.0037182824011097,-2.717783896178179e-08,-0.002158953849522612,0.007207712732960672,0.007207712732960672,0.12046236772588385,0.9981523692680518,-2.7278893842093575e-08,3.9297120557006067,0.10117421245541505,0.0036904376666666654,0.0013235074924393092,0.0009824052001612855,0.0005149656781584912,0.0032930326916666636,3.929956816654751,0.09945559668259595,0.00024476095414449617,-0.001718615772819107,-0.0017233843570001906,1.005585263027407,8.434784957648265e-08,-0.0014174331643195704,0.007093323945405447,0.007093323945405447,0.1766840440827224,0.997233011799304,8.481895450216346e-08]"
/multi_agv/m2b_algorithm_state,1789558517.8672063,1789558517.8672063,m2b_algorithm_state_v1:header6+3x20,"[1.0,-0.15,0.52,3.9318432506859957,0.10125036881269626,1789558517.8670313,3.93041222735059,0.10107533351271689,0.0036904376666666654,0.0015395353946922592,0.0006967736565173686,0.0005698954103027369,0.004584685874999997,3.9317820775956283,0.10111931628063316,0.0013698502450383288,4.3982767916270205e-05,4.397968188399953e-05,0.9998596941599374,6.42120575549762e-11,0.0017562924881819105,-0.0047160715368365705,-0.0047160715368365705,0.14195256950425283,1.000070169499607,6.42030482282988e-11,3.9313926827575862,0.10150160621584976,0.002796189458333334,-0.0009428372927434824,0.0016670779841061467,0.0007535886571641698,-0.0017884964166666626,3.9309350477878193,0.10216232802843163,-0.000457634969766918,0.0006607218125818659,0.0006600326274244131,0.9979190686893155,-8.853139784493202e-09,8.798891521576559e-05,-0.001553858916923524,-0.001553858916923524,0.12046877207737963,1.0010441683165607,-8.834717008717784e-09,3.9307060601804764,0.10117429026181847,0.0036904376666666654,0.0013230835305598873,0.0009824269890504446,0.0005151381154319757,0.0032930326916666636,3.9311339108249355,0.10128029304688274,0.0004278506444590491,0.00010600278506427141,0.00010598489197731874,0.9996625387261472,3.20381277397612e-10,0.0006407981975511301,-0.0010003222508851847,-0.0010003222508851847,0.17670396747759137,1.0001688267697297,3.202731611236228e-10]"
/multi_agv/m2b_algorithm_state,1789558517.8776248,1789558517.8776248,m2b_algorithm_state_v1:header6+3x20,"[1.0,-0.15,0.52,3.9328429219475627,0.10125037110992041,1789558517.8773763,3.931418475482121,0.10107523138043065,0.0036904376666666654,0.001540261486502117,0.0006967105245601064,0.0005696135176691734,0.004584685874999997,3.932735918242393,0.10063173045259387,0.001317442760271792,-0.0004435009278367791,-0.0004438158647713833,1.0014226081856807,6.534218739347368e-09,0.0012029875855683566,-0.002524310351822982,-0.002524310351822982,0.14193893871446958,0.9992903882902733,6.543514372412992e-09,3.9323989582075916,0.10150167150705063,0.002796189458333334,-0.000943627702410816,0.0016671225647866272,0.0007539080830630956,-0.0017884964166666626,3.931951511461889,0.10216232802843163,-0.00044744674570251775,0.0006606565213810034,0.0006599674726950728,0.9979192746246547,-8.85880833588334e-09,0.00010065904056692559,-0.0015997030789874737,-0.0015997030789874737,0.12046020721506724,1.0010440646159677,-8.840375588583547e-09,3.9317123183682754,0.10117420355060751,0.0036904376666666654,0.001323560645766662,0.0009824062589276934,0.0005149420875932491,0.0032930326916666636,3.9322934163595042,0.10292333309376824,0.0005810979912288516,0.0017491295431607268,0.0017443179157057426,0.9945347508576405,8.716030848258602e-08,0.002470690404741807,-0.008292592176692516,-0.008292592176692516,0.1766773236964824,1.0027584578543056,8.668395568140379e-08]"
/multi_agv/m2b_algorithm_state,1789558517.8870816,1789558517.8870816,m2b_algorithm_state_v1:header6+3x20,"[1.0,-0.15,0.52,3.9338403665376185,0.10125038745092525,1789558517.887024,3.9324181475527102,0.10107523661383465,0.0036904376666666654,0.0015402245977153644,0.0006967145018524684,0.0005696274386454477,0.004584685874999997,3.9337487532628366,0.10063173045259387,0.0013306057101263313,-0.0004435061612407809,-0.000443821105598279,1.0014226249566238,6.534216320736488e-09,0.0012194360320596353,-0.002582644521536503,-0.002582644521536503,0.14193884895198378,0.9992903799446996,6.543512059946346e-09,3.9333986284529354,0.10150166853675158,0.002796189458333334,-0.0009435875875970848,0.0016671195161186425,0.0007538922804935233,-0.0017884964166666626,3.933016150168912,0.101949028250677,-0.00038247828402360184,0.00044735971392542706,0.0004470432569746085,0.9985876228764922,-4.062421958719176e-09,-3.105459805489378e-05,-0.0010347627662572116,-0.0010347627662572116,0.12046015084488425,1.000707888880732,-4.056684286878645e-09,3.932711989837042,0.10117420817917498,0.0036904376666666654,0.0013235355665647238,0.0009824076955904813,0.0005149522111594063,0.0032930326916666636,3.93332931582888,0.10292333309376824,0.000617325991838058,0.001749124914593253,0.0017443133127376476,0.9945347653765729,8.715819411403411e-08,0.00251597080253522,-0.008454344227700854,-0.008454344227700854,0.176677148342354,1.002758450457535,8.668185413384671e-08]"
/multi_agv/m2b_algorithm_state,1789558517.8970618,1789558517.8970618,m2b_algorithm_state_v1:header6+3x20,"[1.0,-0.15,0.52,3.934844724640557,0.10125035924589466,1789558517.8969336,3.933415597438055,0.10107527510596569,0.0036904376666666654,0.0015399527156962434,0.0006967412580190838,0.0005697313710355006,0.004584685874999997,3.9347485368950714,0.1007078215232547,0.0013329394570162911,-0.0003674535827109804,-0.0003676696504672128,1.0011776584589618,4.484349358392572e-09,0.0012985046708031511,-0.0028985517288544664,-0.0028985517288544664,0.14194665465654738,0.9994123318148292,4.489630390347423e-09,3.9343960665276327,0.10150164564110174,0.002796189458333334,-0.0009432925763325729,0.0016670999700414413,0.0007537745705294557,-0.0017884964166666626,3.933933983138049,0.10066273343271057,-0.0004620833895838672,-0.0008389122083911765,-0.0008400359434685701,1.0026875277420975,-1.4294130577197801e-08,-0.001417640180448404,0.0044508408798124765,0.0044508408798124765,0.12046505216111435,0.9986622773869013,-1.4332546449673184e-08,3.933709435647169,0.10117424160570834,0.0036904376666666654,0.0013233535483537198,0.0009824171174281473,0.0005150262081111442,0.0032930326916666636,3.934083515274739,0.10026194557315991,0.00037407962757018964,-0.0009122960325484292,-0.0009136315905601513,1.0029379828150693,2.375200394715046e-08,-0.0004460320560974142,0.0033109157047385247,0.0033109157047385247,0.17669239452859534,0.9985381875741585,2.3821786926570646e-08]"
/multi_agv/m2b_algorithm_state,1789558517.9070616,1789558517.9070616,m2b_algorithm_state_v1:header6+3x20,"[1.0,-0.15,0.52,3.9358508581924863,0.10125032054931989,1789558517.9069579,3.9344199468585126,0.101075206122071,0.0036904376666666654,0.0015404423097417018,0.0006966972153960242,0.0005695420610608957,0.004584685874999997,3.935073920957955,0.10054819840602097,0.0006539740994422338,-0.0005270077160500347,-0.0005274526979267886,1.001692068995149,9.228152436326054e-09,0.0002900149263760037,0.0007495674996017324,0.0007495674996017324,0.1419299470127992,0.9991563568098087,9.243767106946069e-09,3.935400435073729,0.1015016889412376,0.002796189458333334,-0.0009438250571843628,0.0016671312995168996,0.0007539890860287779,-0.0017884964166666626,3.934354405307615,0.10265573731676315,-0.0010460297661141205,0.0011540483755255598,0.001151953682219558,0.9963857367004386,-2.7027680395285318e-08,-0.00015558352542309256,-0.0009104514314690109,-0.0009104514314690109,0.12045456100871933,1.0018183832721173,-2.6929995241960363e-08,3.9347137919894286,0.1011741826743754,0.0036904376666666654,0.0013236769324379244,0.0009824023535022208,0.0005148937133253369,0.0032930326916666636,3.9344718868466013,0.10127049504154524,-0.00024190514282729225,9.631236716983738e-05,9.629759489828165e-05,0.9996933541528567,2.6460290590206575e-10,-0.00020608383363583367,0.0020121701266613053,0.0020121701266613053,0.17665976213520068,1.0001534022897594,2.645217665198288e-10]"
/multi_agv/m2b_algorithm_state,1789558517.917068,1789558517.917068,m2b_algorithm_state_v1:header6+3x20,"[1.0,-0.15,0.52,3.9368446056377606,0.10125036179344978,1789558517.916938,3.93542606802836,0.1010751147168,0.0036904376666666654,0.001541087929357757,0.0006966342535204006,0.0005692949612841804,0.004584685874999997,3.9360724747689524,0.10054819840602097,0.0006464067405924645,-0.0005269163107790298,-0.0005273611385535587,1.0016917758539812,9.228821211865079e-09,0.00028064728718702196,0.0007833644337902966,0.0007833644337902966,0.14190695078679827,0.9991565025520293,9.244434308752022e-09,3.9364065838172024,0.10150174350414042,0.002796189458333334,-0.0009445251933981377,0.0016671768741480797,0.0007542688644615742,-0.0017884964166666626,3.9353738892898584,0.10265573731676315,-0.0010326945273440025,0.001153993812622739,0.0011518993180735203,0.9963859080226203,-2.7045166503225723e-08,-0.0001389688411064828,-0.0009703472497635033,-0.0009703472497635033,0.12044011992555158,1.0018182965441125,-2.6947422783939516e-08,3.935719922731897,0.10117410342701925,0.0036904376666666654,0.0013241086062651948,0.0009823802081980748,0.0005147181186167535,0.0032930326916666636,3.9355648579157823,0.10219918525015502,-0.00015506481611460288,0.001025081823135765,0.0010234201380332636,0.9967705304732664,2.996410984555082e-08,0.00082958911789001,-0.0020943668881646172,-0.0020943668881646172,0.1766148539070196,1.0016236587895317,2.986734166590891e-08]"
/multi_agv/m2b_algorithm_state,1789558517.9269657,1789558517.9269657,m2b_algorithm_state_v1:header6+3x20,"[1.0,-0.15,0.52,3.937842337859076,0.10125037659190962,1789558517.926878,3.9364198280686495,0.10107521695154624,0.0036904376666666654,0.0015403608412223459,0.0006966977493322974,0.0005695770965222695,0.004584685874999997,3.937086957928282,0.10054819840602097,0.0006671298596323538,-0.0005270185455252679,-0.0005274635456614433,1.0016921037257973,9.22804324367441e-09,0.000306448778878999,0.0006912603750661371,0.0006912603750661371,0.141927858519295,0.9991563395426364,9.243658050028851e-09,3.937400316220062,0.1015016781238237,0.002796189458333334,-0.0009437330956150779,0.0016671317469030278,0.0007539489911217861,-0.0017884964166666626,3.9364096365072863,0.10265573731676315,-0.0009906797127756661,0.001154059192939455,0.001151964460227633,0.9963857027348112,-2.7025554715547335e-08,-8.638518074194964e-05,-0.0011570105949277115,-0.0011570105949277115,0.12045324953415003,1.0018184004664588,-2.692787632704872e-08,3.9367136726245713,0.10117419030497937,0.0036904376666666654,0.0013236304398606302,0.0009824010151592297,0.0005149145621387674,0.0032930326916666636,3.936595998741547,0.10219918525015502,-0.00011767388302441617,0.0010249949451756474,0.0010233335425904563,0.9967708048004197,2.9948202058373894e-08,0.000876241188809936,-0.002261016959564255,-0.002261016959564255,0.17665568325490766,1.001623520109568,2.9851493468050934e-08]"
/multi_agv/m2b_algorithm_state,1789558517.9370003,1789558517.9370003,m2b_algorithm_state_v1:header6+3x20,"[1.0,-0.15,0.52,3.9388415734599733,0.101250381391971,1789558517.9369166,3.937417565025395,0.1010752524180119,0.0036904376666666654,0.0015401096321050428,0.0006967215726279001,0.000569673593591388,0.004584685874999997,3.93818493851181,0.10019267961328224,0.0007673734864153126,-0.000882572804729656,-0.0008838241412096058,1.0028450929693165,2.5881803566350567e-08,7.539271680953488e-05,0.001669315086642461,0.001669315086642461,0.14193464320521207,0.9985841793388478,2.595543970371042e-08,3.9383980426692133,0.10150165645334154,0.002796189458333334,-0.000943459915154151,0.0016671144304107877,0.0007538395842957291,-0.0017884964166666626,3.937383739064431,0.10181957118020792,-0.001014303604782274,0.0003179147268663751,0.00031775475323544527,0.9989948191621275,-2.0515099952086168e-09,-0.0009501247527423972,0.002290056320244523,0.002290056320244523,0.12045750994062031,1.0005034500013013,-2.049447856672729e-09,3.937711405882621,0.10117422090437546,0.0036904376666666654,0.001323463136412596,0.000982409192833389,0.0005149828279688148,0.0032930326916666636,3.9374626910454533,0.10067757281640535,-0.00024871483716770726,-0.0004966480879701057,-0.0004970426599150025,1.001591919371221,7.037814505909e-09,-0.0008079362063746365,0.004409695129974358,0.004409695129974358,0.17666893405042838,0.9992061608052634,7.049018139152017e-09]"
/multi_agv/m2b_algorithm_state,1789558517.9470165,1789558517.9470165,m2b_algorithm_state_v1:header6+3x20,"[1.0,-0.15,0.52,3.9398405048460376,0.10125038797870418,1789558517.946911,3.938416802358693,0.1010752627793732,0.0036904376666666654,0.0015400372750148518,0.0006967302535954005,0.0005697004420007641,0.004584685874999997,3.939241422702603,0.10058953967449291,0.0008246203439101762,-0.00048572310488029236,-0.0004861009817088971,1.0015587869285332,7.83667035277883e-09,0.0005446744481788232,-0.00017198206660796133,-0.00017198206660796133,0.14193609807753552,0.9992226371827592,7.848886052087965e-09,3.939397276052977,0.10150165111506196,0.002796189458333334,-0.0009433817662132062,0.0016671077790104682,0.0007538091692729093,-0.0017884964166666626,3.9384644264225104,0.10274108580396145,-0.0009328496304665812,0.0012394346888994906,0.001237020126738461,0.9961221022577592,-3.115855067579577e-08,7.09580886552345e-05,-0.0017562606177969153,-0.0017562606177969153,0.12045842349403707,1.0019519182500254,-3.103772100247861e-08,3.9387106419682505,0.1011742302814778,0.0036904376666666654,0.0013234129596075366,0.0009824125122234852,0.0005150028510600931,0.0032930326916666636,3.938539259686517,0.10021313669716299,-0.00017138228173330106,-0.000961093584314815,-0.0009625763841038911,1.0030968392056545,2.6362953888512545e-08,-0.0011768042362705175,0.005917855172452184,0.005917855172452184,0.17667177552493687,0.998459551040766,2.6444595717691353e-08]"
/multi_agv/m2b_algorithm_state,1789558517.956941,1789558517.956941,m2b_algorithm_state_v1:header6+3x20,"[1.0,-0.15,0.52,3.940839865411012,0.10125039164380871,1789558517.9568322,3.939415736081703,0.10107527704282161,0.0036904376666666654,0.0015399377277398683,0.0006967420502011375,0.0005697374556343611,0.004584685874999997,3.940232570264578,0.10058953967449291,0.000816834182875148,-0.00048573736832870085,-0.00048611526731861214,1.0015588326547717,7.836623588050564e-09,0.0005349274612753228,-0.00013753322047990453,-0.00013753322047990453,0.1419386316097979,0.999222614438761,7.848839572802771e-09,3.940396204451354,0.10150164374816686,0.002796189458333334,-0.0009432744377484772,0.0016670988159472877,0.000753767308388012,-0.0017884964166666626,3.939476773998996,0.10274108580396145,-0.0009194304523578722,0.0012394420557945846,0.001237027464823028,0.9961220791444624,-3.1155377008016916e-08,8.773939937568778e-05,-0.0018159885211557199,-0.0018159885211557199,0.12046001436704523,1.0019519299613142,-3.103455892175539e-08,3.9397095740050574,0.1011742431451241,0.0036904376666666654,0.0013233441531080902,0.000982417035615391,0.0005150303231298975,0.0032930326916666636,3.939485343114708,0.09979837525572,-0.00022423089034928623,-0.0013758678894041088,-0.0013789162279470516,1.0044541333776609,5.404009379220692e-08,-0.0016592048408836594,0.007800821685868434,0.007800821685868434,0.17667672383885244,0.9977893228891205,5.428079557769871e-08]"
/multi_agv/m2b_algorithm_state,1789558517.9669724,1789558517.9669724,m2b_algorithm_state_v1:header6+3x20,"[1.0,-0.15,0.52,3.941841559597522,0.10125038035529423,1789558517.9668455,3.940415098106739,0.10107528386202996,0.0036904376666666654,0.0015398913744472395,0.0006967494633278721,0.0005697536919486129,0.004584685874999997,3.9416090984612744,0.09955155746300462,0.0011940003545354294,-0.0015237263990253436,-0.0015274742778237627,1.004947591666946,7.716764085980808e-08,-3.497383465447595e-05,0.002345592884833868,0.002345592884833868,0.14193964347060403,0.9975463555407564,7.754943483668394e-08,3.9413955630566755,0.10150164133109184,0.002796189458333334,-0.0009432252882992588,0.0016670929369895227,0.0007537490618494125,-0.0017884964166666626,3.941112309288547,0.10378286280100138,-0.00028325376812832204,0.0022812214699095418,0.0022731064963563167,0.992947159346462,-1.0545334710240685e-07,0.0019190392861959142,-0.008843459564592648,-0.008843459564592648,0.12046064973932064,1.0035699926801638,-1.0470960144891135e-07,3.9407089350696225,0.1011742497383043,0.0036904376666666654,0.0013233101012499779,0.0009824201984494525,0.0005150434381297241,0.0032930326916666636,3.9409351375821027,0.09995443556605556,0.00022620251248017809,-0.0012198141722487427,-0.0012222074107623134,1.0039419886076653,4.247103659884937e-08,-0.0009394542701620908,0.005190530304052848,0.005190530304052848,0.1766787001590628,0.9980418720321144,4.263845694127777e-08]"
/multi_agv/m2b_algorithm_state,1789558517.9769905,1789558517.9769905,m2b_algorithm_state_v1:header6+3x20,"[1.0,-0.15,0.52,3.942842649009768,0.10125037329724536,1789558517.976903,3.941416789009602,0.10107525486331849,0.0036904376666666654,0.0015400985971200775,0.0006967328649439605,0.0005696725031625518,0.004584685874999997,3.942604421602744,0.09955155746300462,0.0011876325931421405,-0.0015236974003138698,-0.0015274451371002236,1.0049474978131288,7.717509650252414e-08,-4.290439567254797e-05,0.0023737865893387004,0.0023737865893387004,0.1419323813509151,0.9975464017035213,7.755692012369837e-08,3.942397261062014,0.1015016607603892,0.002796189458333334,-0.0009434516332401943,0.001667104393476393,0.0007538412152849061,-0.0017884964166666626,3.942149937304283,0.10378286280100138,-0.000247323757730733,0.0022812020406121764,0.002273087206246976,0.9929472197277677,-1.0547684810836968e-07,0.00196393250908356,-0.009004308610021246,-0.009004308610021246,0.1204560896379545,1.0035699617431741,-1.0473294307485372e-07,3.9417106287209496,0.10117422544217501,0.0036904376666666654,0.0013234448650610762,0.0009824150865719314,0.0005149876822847796,0.0032930326916666636,3.9420605686811436,0.10130992205684428,0.0003499399601940567,0.00013569661466926453,0.00013566729955215808,0.9995681531213141,5.251461995609967e-10,0.0005730922497947289,-0.0007731010775000311,-0.0007731010775000311,0.17666451649986287,1.000216080936255,5.249194168138625e-10]"
/multi_agv/m2b_algorithm_state,1789558517.986958,1789558517.986958,m2b_algorithm_state_v1:header6+3x20,"[1.0,-0.15,0.52,3.9438410687982035,0.10125038343433163,1789558517.9868555,3.9424178763143627,0.10107523704359618,0.0036904376666666654,0.0015402257196111871,0.0006967221944104366,0.000569622951109755,0.004584685874999997,3.943687398854999,0.10138211974682193,0.001269522540636281,0.00030688270322574984,0.000306732763046198,0.9990239508780325,3.1268744828338903e-09,0.001893635938841549,-0.005327726194845783,-0.005327726194845783,0.14192726395854946,1.0004888300097543,3.123822499740418e-09,3.943398352953426,0.1015016724622381,0.002796189458333334,-0.0009435903950012802,0.0016671118309745658,0.0007538974949782007,-0.0017884964166666626,3.9432783518841648,0.10335251724533659,-0.00012000106926102205,0.001850844783098493,0.001845485415175848,0.9942494763156765,-6.9465943648336e-08,0.0016954840785995704,-0.007838960957822765,-0.007838960957822765,0.12045287617599545,1.002904042415385,-6.906647809413236e-08,3.9427117177615143,0.10117421038590181,0.0036904376666666654,0.0013235281369688408,0.0009824117007349864,0.0005149533483443931,0.0032930326916666636,3.9430298318439516,0.10019150206546734,0.0003181140824373152,-0.0009827083204344694,-0.0009842588189990103,1.0031672604418866,2.756488821353925e-08,-0.0005866162159523663,0.0038394987861472933,0.0038394987861472933,0.17665452208723192,0.9984247044226459,2.765219339356302e-08]"
/multi_agv/m2b_algorithm_state,1789558517.996949,1789558517.996949,m2b_algorithm_state_v1:header6+3x20,"[1.0,-0.15,0.52,3.9448383056795198,0.10125040074118924,1789558517.9968388,3.9434162993621125,0.10107526084410547,0.0036904376666666654,0.001540057867337144,0.0006967387203409281,0.000569687112166167,0.004584685874999997,3.944983485062481,0.10133814675930176,0.001567185700368512,0.0002628859151962981,0.00026277584946921077,0.9991634668281444,2.294385742275224e-09,0.002221757974929851,-0.00647293151000161,-0.00647293151000161,0.14193161090727965,1.0004188578490363,2.2924664124927782e-09,3.9443967687220356,0.10150165842108808,0.002796189458333334,-0.0009434085866124311,0.0016670997714953728,0.0007538249602693642,-0.0017884964166666626,3.9443102282739106,0.10335251724533659,-8.654044812494988e-05,0.0018508588242485136,0.0018454993745538398,0.9942494325076159,-6.945361665780512e-08,0.0017373238143976524,-0.007988273757748536,-0.007988273757748536,0.12045560584669623,1.0029040647580656,-6.905421894762424e-08,3.9437101383104634,0.10117423103780132,0.0036904376666666654,0.0013234159002458432,0.0009824175688506465,0.0005149989462407841,0.0032930326916666636,3.9441989734301877,0.09923804901562684,0.0004888351197243068,-0.001936182022174479,-0.001942244301801779,1.006307759356589,1.070635778050469e-07,-0.0013312004021463954,0.0068819654712685766,0.0068819654712685766,0.1766630117759308,0.9968787244623779,1.0773890908969658e-07]"
/multi_agv/m2b_algorithm_state,1789558518.0069745,1789558518.0069745,m2b_algorithm_state_v1:header6+3x20,"[1.0,-0.15,0.52,3.945841104565964,0.10125038214556968,1789558518.0068688,3.944413541895135,0.1010753008649678,0.0036904376666666654,0.0015397761843999945,0.000696767451587376,0.0005697942655183695,0.004584685874999997,3.945926821035462,0.1004188564009031,0.0015132791403269508,-0.0006564444640646955,-0.0006571355434753741,1.0021107366973336,1.4312901064666947e-08,0.0012344633819333143,-0.0025375384351867853,-0.0025375384351867853,0.14194015229258744,0.9989483457141525,1.4343111830189446e-08,3.945393998584419,0.10150163534755757,0.002796189458333334,-0.0009431038466973258,0.001667078714697734,0.0007537038191049866,-0.0017884964166666626,3.9456146781554704,0.10490783173303997,0.0002206795710515408,0.0034061963854823962,0.0033882585590918318,0.989604339016841,-2.3487651773293217e-07,0.0036641080229062577,-0.01565166706732616,-0.01565166706732616,0.12046096923790663,1.0052941137984972,-2.3243482108167567e-07,3.944707376559005,0.10117426601104236,0.0036904376666666654,0.0013232263948969644,0.000982427953976672,0.0005150756875219676,0.0032930326916666636,3.9452519238485255,0.10023141563266261,0.0005445472895204695,-0.0009428503783797532,-0.000944277223152697,1.0030374283048196,2.5367726788739843e-08,-0.0002635931112521102,0.0026788030577010375,0.0026788030577010375,0.1766796939756043,0.9984889556393408,2.5444779440116893e-08]"
/multi_agv/m2b_algorithm_state,1789558518.0169985,1789558518.0169985,m2b_algorithm_state_v1:header6+3x20,"[1.0,-0.15,0.52,3.9468418457490366,0.10125037728949364,1789558518.0168798,3.945416335203284,0.10107525395391379,0.0036904376666666654,0.0015401107540624712,0.0006967393405210131,0.0005696638654077099,0.004584685874999997,3.946788285040545,0.09970300733065086,0.0013719498372610772,-0.001372246623262921,-0.0013752828936168813,1.0044481325937378,6.258972950976872e-08,0.00033965440295946527,0.0009549883335387756,0.0009549883335387756,0.14192897367411503,0.9977922576016525,6.286813692563434e-08,3.946396804049104,0.10150166609657343,0.002796189458333334,-0.0009434690413034144,0.001667098449421367,0.0007538518530112726,-0.0017884964166666626,3.946651792154223,0.10490783173303997,0.00025498810511859205,0.003406165636466535,0.003388228137309111,0.9896044336019847,-2.3496319851211844e-07,0.0037069632687073513,-0.015805934328599478,-0.015805934328599478,0.12045394979681594,1.005294064753169,-2.3252062298089565e-07,3.945710174445503,0.10117422638622181,0.0036904376666666654,0.0013234454357277273,0.0009824190246918276,0.00051498538653897,0.0032930326916666636,3.9463496503178286,0.10140051243911373,0.0006394758723256011,0.00022628605289191916,0.0002262045877706483,0.9992805970738676,1.4602599236204967e-09,0.0010255494281776498,-0.0024220752282144258,-0.0024220752282144258,0.1766578611477225,1.0003601391204031,1.4592094083585302e-09]"
/multi_agv/m2b_algorithm_state,1789558518.02699,1789558518.02699,m2b_algorithm_state_v1:header6+3x20,"[1.0,-0.15,0.52,3.9478417271341084,0.10125037806390381,1789558518.0268724,3.946417074913805,0.10107524153348948,0.0036904376666666654,0.0015401997038924338,0.0006967319788740761,0.0005696291385054422,0.004584685874999997,3.947814955232831,0.10069710678998407,0.0013978803190264344,-0.0003781347435054122,-0.00037836357371955596,1.001212037718697,4.749638755568951e-09,0.0013689868250634871,-0.003143208819329317,-0.003143208819329317,0.14192509096247757,0.9993952107707034,4.755395496890886e-09,3.9473975469498352,0.1015016744363597,0.002796189458333334,-0.0009435665530836985,0.0016671036023954144,0.0007538914405981478,-0.0017884964166666626,3.9468379310423027,0.10377599283170542,-0.0005596159075325069,0.0022743183953457258,0.002266252039989668,0.9929679482561555,-1.0485454645274318e-07,0.0015667321555740345,-0.0075799333634011,-0.0075799333634011,0.12045151163754256,1.0035593372730487,-1.0411720385651015e-07,3.9467109153834703,0.10117421589863176,0.0036904376666666654,0.0013235037376216796,0.000982416768564076,0.0005149612884965326,0.0032930326916666636,3.9472720957932705,0.10039085350645768,0.0005611804098002438,-0.0007833623921740807,-0.0007843461635706912,1.0025190886934177,1.7513180466546694e-08,-8.287065132038648e-05,0.0019684821582898293,0.0019684821582898293,0.176650278338284,0.9987457433435615,1.7557297721445756e-08]"
/multi_agv/m2b_algorithm_state,1789558518.037201,1789558518.037201,m2b_algorithm_state_v1:header6+3x20,"[1.0,-0.15,0.52,3.948846924157104,0.10125034485338276,1789558518.037019,3.9474169565462067,0.10107524299424783,0.0036904376666666654,0.0015401900311841975,0.000696733322678877,0.0005696326322479098,0.004584685874999997,3.948549822091237,0.10196472076326389,0.0011328655450304481,0.0008894777690160588,0.0008882236751166648,0.9971896454749125,2.6256978909212945e-08,0.002304305606404725,-0.007067178590026148,-0.007067178590026148,0.1419242563318683,1.0014119122632363,2.618318748972031e-08,3.948397427993184,0.10150167396837563,0.002796189458333334,-0.0009435567242810014,0.0016671025772256876,0.0007538877134154465,-0.0017884964166666626,3.9478706806656856,0.10377599283170542,-0.0005267473274983558,0.002274318863329794,0.0022662525046312073,0.9929679468016887,-1.0485349755786168e-07,0.0016078183452582625,-0.007726930482586606,-0.007726930482586606,0.1204509875232234,1.003559338018205,-1.0411616218500578e-07,3.9477107968629355,0.10117421722908798,0.0036904376666666654,0.001323497083488747,0.000982417393983615,0.0005149638474916548,0.0032930326916666636,3.947734097201695,0.09951302565398203,2.3300338759746353e-05,-0.0016611915751059553,-0.0016656448894554533,1.0053951498085758,7.880172682712699e-08,-0.0016365194660057703,0.007841929893159669,0.007841929893159669,0.1766486483560253,0.9973263722791755,7.92268739485338e-08]"
/multi_agv/m2b_algorithm_state,1789558518.0470157,1789558518.0470157,m2b_algorithm_state_v1:header6+3x20,"[1.0,-0.15,0.52,3.9498422591560582,0.10125037542389213,1789558518.0468855,3.9484221430154607,0.1010751634846302,0.0036904376666666654,0.001540753003214614,0.0006966798810970505,0.0005694164048092752,0.004584685874999997,3.949607633416009,0.10231988226795223,0.0011854904005481615,0.0012447187833220241,0.0012422695220115447,0.996083098768055,5.1423797680259594e-08,0.0027241325226967468,-0.008734636537699639,-0.008734636537699639,0.14190458089712618,1.0019716021902505,5.122237574377449e-08,3.9494026378717204,0.10150172245870409,0.002796189458333334,-0.0009441684538457956,0.00166714114384936,0.0007541328159639676,-0.0017884964166666626,3.948967302236166,0.10431718416469662,-0.00043533563555442356,0.0028154617059925335,0.00280315095306237,0.9913486699602495,-1.6072541367925514e-07,0.0022589814086193404,-0.010319395787859016,-0.010319395787859016,0.12043863161766742,1.0043917552555328,-1.5933492507974049e-07,3.948715991584131,0.10117414861681401,0.0036904376666666654,0.001323872123174693,0.0009823989719723652,0.0005148108647860601,0.0032930326916666636,3.9487330674977668,0.09978485239222518,1.7075913635977713e-05,-0.0013892962245888318,-0.0013924046751188517,1.0044982923354284,5.5122600842180773e-08,-0.0013710597830738796,0.006789228871635341,0.006789228871635341,0.17661022630556422,0.9977675667242681,5.5370558415058034e-08]"
/multi_agv/m2b_algorithm_state,1789558518.0569806,1789558518.0569806,m2b_algorithm_state_v1:header6+3x20,"[1.0,-0.15,0.52,3.9508413117873666,0.1012503815095756,1789558518.0568264,3.9494174873450834,0.10107523874951675,0.0036904376666666654,0.0015402185265487684,0.0006967271081520284,0.0005696235131540271,0.004584685874999997,3.9505277126262044,0.10127801090226668,0.0011102252811210356,0.00020277215274992766,0.0002027066391431907,0.9993543155187479,1.3652502324620005e-09,0.001590488240544485,-0.0042013820521202,-0.0042013820521202,0.14191986027181233,1.0003231941835447,1.364368711573874e-09,3.950397961682201,0.10150167483882577,0.002796189458333334,-0.0009435870216293052,0.0016671075784286948,0.0007538982448009185,-0.0017884964166666626,3.950004984803265,0.10431718416469662,-0.0003929768789361354,0.002815509325870852,0.00280319815292558,0.9913485226892671,-1.6063189938029438e-07,0.0023119770542554107,-0.01050880180763639,-0.01050880180763639,0.12044822694578716,1.0043918311420201,-1.5924219614742583e-07,3.9497113284408902,0.10117421268333388,0.0036904376666666654,0.0013235202354712748,0.0009824146568540252,0.0005149552357288163,0.0032930326916666636,3.9497181554074574,0.09970815695374056,6.8269665671749635e-06,-0.0014660557295933102,-0.0014695191575108727,1.00475093314138,6.136883428027709e-08,-0.001460985449301904,0.007139296979702982,0.007139296979702982,0.17664006327166323,0.997643155654106,6.166039350890712e-08]"
/multi_agv/m2b_algorithm_state,1789558518.0669475,1789558518.0669475,m2b_algorithm_state_v1:header6+3x20,"[1.0,-0.15,0.52,3.9518411723557434,0.10125038227442944,1789558518.0667937,3.9504165419228197,0.10107525292436517,0.0036904376666666654,0.0015401187911377608,0.0006967370285115848,0.0005696615842561758,0.004584685874999997,3.951421133066492,0.10058657308442148,0.00100459114367224,-0.0004886798399436898,-0.0004890623398483844,1.0015683283622203,7.932805347435756e-09,0.0007666765897419154,-0.000957288665235085,-0.000957288665235085,0.1419219634264527,0.9992178913125611,7.945246591054111e-09,3.951397011903951,0.101501666602385,0.002796189458333334,-0.0009434792241217295,0.0016671003497523706,0.000753855278428181,-0.0017884964166666626,3.950920769609292,0.10406056097270167,-0.00047624229465936807,0.0025588943703166722,0.0025487051970341087,0.9921138411691962,-1.326957083565763e-07,0.0019534023287098986,-0.009099999346346858,-0.009099999346346858,0.12044954765391049,1.0039977841668077,-1.3164924892431032e-07,3.9507103815353304,0.10117422500197663,0.0036904376666666654,0.0013234534869829445,0.0009824182242933466,0.000514982312965618,0.0032930326916666636,3.9508036914905897,0.09956161557338432,9.330995525935748e-05,-0.0016126094285923154,-0.0016168045376094235,1.0052344992718019,7.425508594555012e-08,-0.0015001670935352266,0.00734003848168749,0.00734003848168749,0.17664417046219624,0.9974053084837881,7.464377413885969e-08]"
/multi_agv/m2b_algorithm_state,1789558518.077001,1789558518.077001,m2b_algorithm_state_v1:header6+3x20,"[1.0,-0.15,0.52,3.9528420289531367,0.10125037668498765,1789558518.0768688,3.9514164028128556,0.10107525392140317,0.0036904376666666654,0.001540112765040748,0.0006967387485657275,0.0005696633016414707,0.004584685874999997,3.952462795519985,0.10133287042012587,0.0010463927071295842,0.0002576164987227042,0.0002575107969788634,0.9991801856473868,2.2034147994981886e-09,0.0015655016808908437,-0.00413851733004981,-0.00413851733004981,0.14192120261943883,1.0004104749978677,2.2016084084207997e-09,3.9523968720038116,0.10150166678389635,0.002796189458333334,-0.0009434735001292625,0.0016670989442046924,0.0007538535284007525,-0.0017884964166666626,3.951956166987942,0.10406056097270167,-0.0004407050158694581,0.0025588941888053107,0.002548705016979502,0.9921138417318602,-1.3269488438854297e-07,0.0019978237471426795,-0.009259086271481483,-0.009259086271481483,0.12044906989998144,1.0039977838776666,-1.316484315288824e-07,3.951710242250563,0.10117422611798879,0.0036904376666666654,0.0013234483874683296,0.000982419099724208,0.0005149840680536482,0.0032930326916666636,3.951787141899749,0.0994711193384955,7.689964918577985e-05,-0.0017031067794932853,-0.001707789139372727,1.005533892818173,8.282782391515267e-08,-0.0016116645778905022,0.007771952028595512,0.007771952028595512,0.1766426847191054,0.9972582330151359,8.328618421506163e-08]"
/multi_agv/m2b_algorithm_state,1789558518.0869927,1789558518.0869927,m2b_algorithm_state_v1:header6+3x20,"[1.0,-0.15,0.52,3.953842282809567,0.10125037511574923,1789558518.0868423,3.95241725770774,0.10107523977005535,0.0036904376666666654,0.001540213903142368,0.0006967302161247522,0.0005696239006160699,0.004584685874999997,3.95355396201389,0.10215142119118738,0.0011367043061500937,0.0010761814211320275,0.0010743481898691128,0.9966069567772815,3.843206023444939e-08,0.00249522857255673,-0.00783739231244942,-0.00783739231244942,0.14191691125189773,1.0017063660368228,3.8301658592935786e-08,3.9533977306052206,0.10150167613806414,0.002796189458333334,-0.0009435841389160001,0.0016671049562519968,0.0007538983592294823,-0.0017884964166666626,3.9530551080331247,0.10341930424296131,-0.0003426225720959408,0.001917628104897165,0.001911877919889092,0.9940465352864466,-7.456524418419894e-08,0.001483599704769166,-0.007113523807428402,-0.007113523807428402,0.12044637501532877,1.003007610971524,-7.412132263409082e-08,3.952711098546449,0.10117421414684345,0.0036904376666666654,0.0013235147317918893,0.0009824164173285917,0.0005149567056580324,0.0032930326916666636,3.952716711634247,0.09858576641206254,5.613087798117533e-06,-0.0025884477347809104,-0.00259933590752588,1.0084948185256044,1.9144643136578404e-07,-0.002592319547778233,0.011594916811716554,0.011594916811716554,0.17663430423489238,0.9958111713405546,1.9307273405761096e-07]"
/multi_agv/m2b_algorithm_state,1789558518.096996,1789558518.096996,m2b_algorithm_state_v1:header6+3x20,"[1.0,-0.15,0.52,3.954839853103882,0.1012503906219263,1789558518.0968645,3.9534175110611143,0.10107523572767274,0.0036904376666666654,0.001540243032019144,0.0006967277443684409,0.0005696125601402143,0.004584685874999997,3.954597093879087,0.10203138731689608,0.001179582817972591,0.0009561515892233391,0.0009547031699167985,0.9969812748044595,3.0340457418934776e-08,0.002429181692382537,-0.007544021667571177,-0.007544021667571177,0.14191475649487875,1.0015171409839005,3.0248867915680014e-08,3.9543979850475717,0.10150167890841749,0.002796189458333334,-0.000943616282427459,0.0016671067140139328,0.0007539113780047901,-0.0017884964166666626,3.9541341208676415,0.10399132079509804,-0.0002638641799301844,0.002489641886680549,0.002479991674116521,0.9923211688393061,-1.25635257026545e-07,0.0021501614492037903,-0.009771383957501734,-0.009771383957501734,0.12044502188102843,1.003891227807233,-1.246705251000078e-07,3.953711352320015,0.10117421071115745,0.0036904376666666654,0.001323533969283679,0.0009824156775149586,0.0005149487517800712,0.0032930326916666636,3.9537520209377037,0.09736878487348244,4.0668617688588427e-05,-0.003805425837675014,-0.0038291753825110226,1.0126602682857633,4.1411397252447465e-07,-0.003778339610400287,0.016241054644001003,0.016241054644001003,0.17663009643496083,0.9937977390786329,4.193567665175177e-07]"
/multi_agv/m2b_algorithm_state,1789558518.1071148,1789558518.1071148,m2b_algorithm_state_v1:header6+3x20,"[1.0,-0.15,0.52,3.955840479129766,0.10125038624661149,1789558518.1069279,3.954415086258729,0.10107527250422563,0.0036904376666666654,0.0015399833443737513,0.0006967526919608778,0.0005697121475013109,0.004584685874999997,3.95558027659276,0.1012427899397305,0.0011651903340310632,0.0001675174355048742,0.0001674727104985979,0.9994663635932574,9.31665705425256e-10,0.001623960628037427,-0.004303926139118917,-0.004303926139118917,0.1419221139224436,1.00026705847265,9.311685346859276e-10,3.9553955493348965,0.10150165687543924,0.002796189458333334,-0.0009433348496534922,0.0016670886930434392,0.000753798760538868,-0.0017884964166666626,3.9552404221598727,0.10399599583846411,-0.0001551271750237504,0.002494338963024867,0.0024846526464320164,0.992307093889303,-1.2607172001349436e-07,0.0022907436776523284,-0.010276747701918262,-0.010276747701918262,0.12044964216278599,1.0038984590488977,-1.2510186210821646e-07,3.9547089237180204,0.101174242486114,0.0036904376666666654,0.0013233609165616074,0.000982424427211282,0.000515019212159535,0.0032930326916666636,3.9548740786417786,0.09957686002274492,0.00016515492375823726,-0.0015973824633690736,-0.0016014982489841736,1.0051841817626477,7.285356118751788e-08,-0.001395054594286377,0.006962451346751643,0.006962451346751643,0.17664446437324277,0.9974300405150549,7.323124729077014e-08]"
/multi_agv/m2b_algorithm_state,1789558518.1169655,1789558518.1169655,m2b_algorithm_state_v1:header6+3x20,"[1.0,-0.15,0.52,3.956837045874279,0.10125040775646882,1789558518.1168406,3.9554157110476917,0.1010752606027031,0.0036904376666666654,0.0015400692440801483,0.0006967465890785004,0.0005696780879607287,0.004584685874999997,3.9570698162338482,0.10107214792985428,0.001654105186156496,-3.112672848817888e-06,-3.1126883105175333e-06,1.0000099347937679,3.217240620158651e-13,0.0020645187943851024,-0.005787490771638964,-0.005787490771638964,0.14191863978275213,0.9999950326861853,3.2172725827807143e-13,3.956396176740032,0.10150166544951408,0.002796189458333334,-0.0009434294373147694,0.0016670928307993549,0.0007538376087077581,-0.0017884964166666626,3.956273394315309,0.10399599583846411,-0.00012278242472296697,0.002494330388950028,0.0024846441394536767,0.9923071204835819,-1.260834902330537e-07,0.002331166108549968,-0.010421577272503636,-0.010421577272503636,0.1204474605080133,1.0038984453920554,-1.2511354513368137e-07,3.9557095496015733,0.10117423268761731,0.0036904376666666654,0.0013234160723491636,0.0009824227956100502,0.0005149961529858538,0.0032930326916666636,3.956053308732637,0.10163691544099575,0.00034375913106377,0.000462682753378435,0.0004623427789684366,0.9985329929789234,6.1037777194858506e-09,0.000892041692798149,-0.0020570291636748915,-0.0020570291636748915,0.1766376798190189,1.0007353297714672,6.094823434716274e-09]"
/multi_agv/m2b_algorithm_state,1789558518.1270754,1789558518.1270754,m2b_algorithm_state_v1:header6+3x20,"[1.0,-0.15,0.52,3.957840349538222,0.10125038576547359,1789558518.126888,3.9564122847092276,0.10107531081721954,0.0036904376666666654,0.0015397154374035037,0.0006967818436159233,0.0005698131108785778,0.004584685874999997,3.958111982848917,0.10135517324211245,0.0016996981396895094,0.00027986242489290436,0.00027973770071682187,0.9991096176810494,2.599675144693152e-09,0.0024043603753287086,-0.007130281804552421,-0.007130281804552421,0.14192955530897533,1.000445861161234,2.597360439909302e-09,3.9573927349408256,0.10150163607793315,0.002796189458333334,-0.0009430465306526107,0.0016670671996386055,0.0007536849643930282,-0.0017884964166666626,3.957568212036676,0.10163929721552341,0.00017547709585041815,0.0001376611375902559,0.00013763110151589466,0.999563850615649,-3.8453860586461916e-10,0.0003569774713289174,-0.002272906023109826,-0.002272906023109826,0.12045431504303522,1.0002182360965683,-3.843708895884121e-10,3.956706117972785,0.10117427637425373,0.0036904376666666654,0.0013231789259263043,0.0009824354100564266,0.0005150923852128542,0.0032930326916666636,3.9572287109658566,0.10024163341559049,0.0005225929930716688,-0.0009326429586632434,-0.0009340389685388247,1.0030041978019384,2.482036638117572e-08,-0.0002807977271992386,0.0027350978670907943,0.0027350978670907943,0.17665899713219152,0.998505405103424,2.4894931671301354e-08]"
/multi_agv/m2b_algorithm_state,1789558518.1371152,1789558518.1371152,m2b_algorithm_state_v1:header6+3x20,"[1.0,-0.15,0.52,3.958840373518385,0.10125038541549193,1789558518.137051,3.957415581698012,0.10107525563020182,0.0036904376666666654,0.0015401088630542814,0.0006967482955611884,0.0005696600271833799,0.004584685874999997,3.9591401760663674,0.10130266587310295,0.001724594368355259,0.0002274102429011271,0.00022732785679551148,0.9992760632464175,1.7170270958800987e-09,0.002383070817239585,-0.007029023293726462,-0.007029023293726462,0.14191658916057115,1.0003624109547196,1.715784076858494e-09,3.958396046511914,0.10150167202203271,0.002796189458333334,-0.0009434759636724002,0.0016670909210767526,0.0007538587696773319,-0.0017884964166666626,3.9585787652213704,0.10163929721552341,0.0001827187094565197,0.00013762519349069802,0.00013759517310593279,0.9995639645312754,-3.8451278326153963e-10,0.0003659935599265824,-0.0023053417576303402,-0.0023053417576303402,0.12044617275733335,1.0002181790544507,-3.843451220498596e-10,3.957709420404739,0.10117422964418626,0.0036904376666666654,0.0013234370152998107,0.0009824246662278437,0.000514986102062175,0.0032930326916666636,3.958099260048015,0.09885209604203848,0.00038983964327599097,-0.00232213360214778,-0.0023308790110815286,1.0075980474827348,1.5404286441657015e-07,-0.00184357945698654,0.008850226434856721,0.008850226434856721,0.17663367526097423,0.9962480210718057,1.5521328941478374e-07]"
/multi_agv/m2b_algorithm_state,1789558518.1471074,1789558518.1471074,m2b_algorithm_state_v1:header6+3x20,"[1.0,-0.15,0.52,3.9598425897392224,0.10125037111450245,1789558518.1470077,3.9584156055788573,0.1010752540584389,0.0036904376666666654,0.0015401211110298665,0.0006967480071529584,0.0005696548682153245,0.004584685874999997,3.960130902501971,0.10077566606246816,0.0017152969231135629,-0.00029958799597074037,-0.00029973154869375674,1.000959418011864,2.981056896968071e-09,0.0018443896051981968,-0.004865797741128703,-0.004865797741128703,0.1419152492065802,0.9995210623518213,2.9839169766494135e-09,3.9593960705472075,0.1015016737249203,0.002796189458333334,-0.0009434903699672187,0.0016670910864675648,0.0007538649282851223,-0.0017884964166666626,3.9597498257527075,0.10266405533553029,0.00035375520549996153,0.0011623816106099832,0.0011602566910559667,0.996359984023025,-2.740953008212728e-08,0.0016024506979309186,-0.007180284603980553,-0.007180284603980553,0.12044533128394613,1.0018314219348157,-2.7309758954706958e-08,3.9587094444290902,0.10117422846311659,0.0036904376666666654,0.0013234444970319924,0.0009824248509186402,0.0005149827629642246,0.0032930326916666636,3.959321066792004,0.10131273610851986,0.0006116223629137885,0.00013850764540326854,0.0001384771037985161,0.9995592212466614,5.471277031612144e-10,0.0009030050574407517,-0.001946152941997612,-0.001946152941997612,0.1766310585573187,1.0002205534627362,5.46886540894298e-10]"
/multi_agv/m2b_algorithm_state,1789558518.1570997,1789558518.1570997,m2b_algorithm_state_v1:header6+3x20,"[1.0,-0.15,0.52,3.96084299127948,0.10125036883952156,1789558518.156973,3.9594178172506878,0.10107521934107395,0.0036904376666666654,0.0015403676881678577,0.0006967251514517158,0.0005695598756275649,0.004584685874999997,3.9610189290594984,0.10039187773263082,0.001601111808810618,-0.0006833416084431332,-0.0006840906334364732,1.0021978924621862,1.5516095784959314e-08,0.0013172991275767992,-0.002817823335465856,-0.002817823335465856,0.14190613951098566,0.9989050793027565,1.5550198494927635e-08,3.960398292268614,0.10150169538716404,0.002796189458333334,-0.0009437590726669161,0.0016671075881742325,0.0007539728179847965,-0.0017884964166666626,3.960770930044215,0.10266405533553029,0.0003726377756012589,0.0011623599483662483,0.0011602351082894203,0.9963600520351906,-2.741631204256961e-08,0.001626032327790994,-0.007264598338820899,-0.007264598338820899,0.12043961043238988,1.0018313875021079,-2.7316518093347677e-08,3.9597116596983657,0.10117419861526933,0.0036904376666666654,0.0013236083299045446,0.0009824171617729641,0.0005149157473866477,0.0032930326916666636,3.9603265560284937,0.10356070273502062,0.0006148963301280119,0.00238650411975129,0.002377590135297218,0.9925973593234282,1.621844076577177e-07,0.003146210547957233,-0.011020341313893693,-0.011020341313893693,0.17661326972422295,1.0037491678324773,1.6098381476448498e-07]"
/multi_agv/m2b_algorithm_state,1789558518.1672418,1789558518.1672418,m2b_algorithm_state_v1:header6+3x20,"[1.0,-0.15,0.52,3.9618488886714105,0.10125033147659988,1789558518.1670732,3.960418217889013,0.10107521454224282,0.0036904376666666654,0.001540401397449365,0.0006967207132227309,0.000569547572588133,0.004584685874999997,3.9619804027433085,0.0998713714469242,0.0015621848542957117,-0.0012038430953186102,-0.001206176902335205,1.0038948513215253,4.8173800431246285e-08,0.0007465541655344347,-0.0005588529811364662,-0.0005588529811364662,0.1419034617158517,0.9980651204544904,4.8361430221518826e-08,3.9613986949665168,0.10150169782317121,0.002796189458333334,-0.0009437958448488969,0.0016671110611095052,0.0007539869509489427,-0.0017884964166666626,3.961579821653358,0.10052257966178338,0.0001811266868414485,-0.0009791181613878347,-0.0009806505230104043,1.0031416713325378,-1.9483547940588777e-08,-0.0007542421644585937,0.0021636810240967894,0.0021636810240967894,0.12043792874600001,0.998437402941605,-1.954475884460985e-08,3.960712060982911,0.10117419415315067,0.0036904376666666654,0.0013236323374524635,0.0009824154753464986,0.0005149062182536659,0.0032930326916666636,3.961117538000974,0.10098544445972973,0.0004054770180630385,-0.00018874969342093373,-0.0001888065513804921,1.0006028990307543,1.0164248216701571e-09,0.00031803972119830604,0.0002802333570365552,0.0002802333570365552,0.176608040903391,0.9996988560029161,1.0170376232099767e-09]"
/multi_agv/m2b_algorithm_state,1789558518.1771038,1789558518.1771038,m2b_algorithm_state_v1:header6+3x20,"[1.0,-0.15,0.52,3.962840457202321,0.10125038614113958,1789558518.176966,3.961424103208464,0.10107512635921459,0.0036904376666666654,0.0015410245642224385,0.0006966595791037195,0.0005693092544818756,0.004584685874999997,3.962974537655011,0.0998713714469242,0.001550434446547122,-0.0012037549122903834,-0.0012060883786280748,1.003894566754648,4.8186245569786134e-08,0.0007319546795558278,-0.0005066654331254833,-0.0005066654331254833,0.14189621801596655,0.9980652609053862,4.837391011981352e-08,3.962404607184072,0.10150175047425472,0.002796189458333334,-0.0009444722019188011,0.0016671555379854652,0.0007542569929645387,-0.0017884964166666626,3.9625804387912664,0.10052257966178338,0.0001758316071942545,-0.0009791708124713416,-0.0009807033384203563,1.003141839913853,-1.9499603501501297e-08,-0.0007609138294275382,0.0021866296461271664,0.0021866296461271664,0.12043339141636676,0.9984373195348931,-1.956086813408662e-08,3.961717955621695,0.10117411759633031,0.0036904376666666654,0.001324049533639948,0.000982394002249953,0.0005147365493828695,0.0032930326916666636,3.9620746402600355,0.10048871294892073,0.0003566846383407096,-0.0006854046474095848,-0.0006861572094329129,1.0022016452053935,1.341169407397204e-08,-0.00024030141150702589,0.0024827762436859992,0.0024827762436859992,0.17659393536675255,0.9989032221581552,1.3441221865926204e-08]"
/multi_agv/m2b_algorithm_state,1789558518.1870823,1789558518.1870823,m2b_algorithm_state_v1:header6+3x20,"[1.0,-0.15,0.52,3.96384045186448,0.101250385937864,1789558518.1869364,3.962415688507807,0.10107526048153208,0.0036904376666666654,0.0015400724047364418,0.0006967445044952388,0.000569677802243329,0.004584685874999997,3.9639398889291946,0.09936800598006916,0.001524200421387789,-0.0017072545014629181,-0.0017119661028287985,1.0055549874257272,9.689970297254648e-08,0.00019328442390593786,0.0016220499626788064,0.0016220499626788064,0.14190993300129737,0.9972478419063935,9.743797960411568e-08,3.96339615557436,0.10150166596268567,0.002796189458333334,-0.0009434364613039293,0.001667095116117956,0.0007538394646382507,-0.0017884964166666626,3.9635906438733453,0.10052257966178338,0.00019448829898527364,-0.0009790863009022932,-0.0009806185630910804,1.0031415693197547,-1.947486382758023e-08,-0.0007375081893594884,0.0021048277363685717,0.0021048277363685717,0.12044199276390198,0.998437453413122,-1.9536045462287357e-08,3.962709527524795,0.10117423197920102,0.0036904376666666654,0.0013234215893518498,0.0009824223350839217,0.0005149940011311494,0.0032930326916666636,3.963084504997432,0.10048871294892073,0.00037497747263692816,-0.0006855190302802877,-0.0006862718429937339,1.002202012079145,1.3409802079831112e-08,-0.00021755000219757367,0.002401629080620844,0.002401629080620844,0.17662067729932618,0.9989030400691334,1.3439330625989844e-08]"
/multi_agv/m2b_algorithm_state,1789558518.1969879,1789558518.1969879,m2b_algorithm_state_v1:header6+3x20,"[1.0,-0.15,0.52,3.964837894543907,0.10125040193149097,1789558518.1968522,3.963415683200312,0.10107525900204617,0.0036904376666666654,0.0015400840502271021,0.0006967448001955032,0.0005696726006057445,0.004584685874999997,3.964928522584812,0.09936800598006916,0.0015128393845000865,-0.0017072530219770093,-0.0017119646152179721,1.0055549826293237,9.690026831393781e-08,0.00017908461540713599,0.001672160698389189,0.001672160698389189,0.14190869708666254,0.9972478442608682,9.743854762119855e-08,3.9643961501150407,0.10150166777943444,0.002796189458333334,-0.000943450004479757,0.0016670947516828072,0.0007538455247113468,-0.0017884964166666626,3.9645907646307545,0.10052257966178338,0.00019461451571389787,-0.0009790881176510585,-0.0009806203855096734,1.003141575136729,-1.9475215528739647e-08,-0.0007373522408673011,0.0021042633001194045,0.0021042633001194045,0.12044121659744204,0.998437450535134,-1.9536398381627175e-08,3.9637095222780867,0.10117423103211136,0.0036904376666666654,0.0013234278921489518,0.0009824227609634755,0.0005149910476014521,0.0032930326916666636,3.9640842888076344,0.10048871294892073,0.00037476652954770984,-0.000685518083190631,-0.0006862708938281932,1.0022020090414325,1.3409828940474294e-08,-0.00021781273189355591,0.002402565372751379,0.002402565372751379,0.17661826385759627,0.9989030415768285,1.3439357505045283e-08]"
/multi_agv/m2b_algorithm_state,1789558518.2071023,1789558518.2071023,m2b_algorithm_state_v1:header6+3x20,"[1.0,-0.15,0.52,3.9658429421004997,0.10125036895468416,1789558518.2070282,3.9644131310410535,0.10107529617462364,0.0036904376666666654,0.0015398223036263581,0.0006967711373739858,0.0005697723576528201,0.004584685874999997,3.9658352608094676,0.09833381254127152,0.0014221297684140488,-0.0027414836333521236,-0.002753727610769577,1.0090244144644198,2.499903184158947e-07,-0.0009760654002520159,0.006192807470664624,0.006192807470664624,0.14191650619219437,0.9955536715506763,2.52246334661372e-07,3.965393586409369,0.1015016461770698,0.002796189458333334,-0.0009431668171178704,0.0016670755963845707,0.0007537327367364982,-0.0017884964166666626,3.9654293260786235,0.10117747046904774,3.573966925474181e-05,-0.0003241757080220675,-0.00032434285570742287,1.0010324819296517,-2.1334068479307996e-09,-0.0002796682691389956,0.00019424708327157978,0.00019424708327157978,0.12044612066346991,0.9994846574160211,-2.135609551949883e-09,3.9647069661812995,0.10117426344277947,0.0036904376666666654,0.001323252111115765,0.0009824322269132105,0.0005150623180409696,0.0032930326916666636,3.9653233872131546,0.10113566686318382,0.0006164210318551078,-3.8596579595651104e-05,-3.8598954374687066e-05,1.0001230743984317,4.248442902475831e-11,0.0007319273354441976,-0.001257367877994714,-0.001257367877994714,0.1766335132700848,0.9999384755604283,4.248965777030325e-11]"
/multi_agv/m2b_algorithm_state,1789558518.2174351,1789558518.2174351,m2b_algorithm_state_v1:header6+3x20,"[1.0,-0.15,0.52,3.9668435626836285,0.10125036534705047,1789558518.21722,3.965418168364325,0.10107521539442767,0.0036904376666666654,0.0015403960657374817,0.0006967194919536893,0.00056955051890315,0.004584685874999997,3.9670176873108107,0.09941342668408162,0.0015995189464859116,-0.0016617887103460433,-0.0016662511789936243,1.0054042883774374,9.182387744487542e-08,0.00033314750411376527,0.00110848298339914,0.00110848298339914,0.14189736259464705,0.9973218511687557,9.2320120158522e-08,3.9663986462762377,0.10150169704897222,0.002796189458333334,-0.00094379144893933,0.001667112527212744,0.000753984282864148,-0.0017884964166666626,3.9663698254321487,0.09946604092188066,-2.882084408906138e-05,-0.0020356561270915563,-0.0020423328896232037,1.0066102010304714,-8.427768337786379e-08,-0.0020783589447345304,0.007290645979386088,0.007290645979386088,0.12043409836116463,0.9967308157423448,-8.483477580737388e-08,3.965712011660938,0.10117419442065262,0.0036904376666666654,0.0013236311927591125,0.0009824149915412363,0.0005149069660845625,0.0032930326916666636,3.9659489806415937,0.10072648491280854,0.00023696898065583838,-0.0004477095078440768,-0.00044803003213761335,1.00143426112099,5.7197015491262236e-09,-0.00015181880631781537,0.002062904305211652,0.002062904305211652,0.17659613183778716,0.9992845919457513,5.727905094681802e-09]"
/multi_agv/m2b_algorithm_state,1789558518.2273386,1789558518.2273386,m2b_algorithm_state_v1:header6+3x20,"[1.0,-0.15,0.52,3.9678437243837954,0.1012503647678429,1789558518.227185,3.96641878762743,0.10107520754925398,0.0036904376666666654,0.001540451079750435,0.0006967128864522106,0.0005695301084496808,0.004584685874999997,3.967964825896131,0.0984101923157966,0.0015460382687009222,-0.0026650152334573712,-0.002676579056806121,1.008765181278815,2.363236207922151e-07,-0.0007440312209299684,0.005344862424285687,0.005344862424285687,0.1418939089803823,0.9956796257075446,2.383950401689248e-07,3.9673992685420982,0.10150170117971742,0.002796189458333334,-0.000943851063941085,0.0016671175754092715,0.000754007498000836,-0.0017884964166666626,3.967729717090391,0.10073922813259538,0.00033044854829267223,-0.000762473047122042,-0.0007634007918393192,1.0024405322349805,-1.181429781786637e-08,-0.0003503401064734789,0.0006387779625269352,0.0006387779625269352,0.12043192936497442,0.9987847213060365,-1.1843130992524533e-08,3.9667126318813573,0.10117418731218003,0.0036904376666666654,0.0013236694232740711,0.0009824124902241497,0.0005148916957204695,0.0032930326916666636,3.9674018555088426,0.10050660285723545,0.000689223627485358,-0.0006675844549445809,-0.0006682982964691433,1.0021439693425835,1.2719551741482188e-08,0.00019323123788755425,0.0009390884361788244,0.0009390884361788244,0.1765893885690256,0.9989318519464527,1.274682207046733e-08]"
/multi_agv/m2b_algorithm_state,1789558518.2372143,1789558518.2372143,m2b_algorithm_state_v1:header6+3x20,"[1.0,-0.15,0.52,3.9688376062817796,0.10125040388229241,1789558518.236996,3.9674189489427203,0.10107520718501865,0.0036904376666666654,0.0015404528797555287,0.0006967109881883538,0.0005695303155946739,0.004584685874999997,3.9688718428743703,0.0979865865388194,0.0014528939316500455,-0.003088620646199247,-0.0031042023102732428,1.0102067877159473,3.1750934885158644e-07,-0.0012880848957106858,0.007437351929699573,0.007437351929699573,0.14189208146223228,0.994980461156662,3.2075009937314326e-07,3.9683994308066426,0.10150170053824745,0.002796189458333334,-0.000943852664824974,0.0016671192685420166,0.0007540073112136114,-0.0017884964166666626,3.9687348001263905,0.10073922813259538,0.0003353693197478691,-0.0007624724056520676,-0.0007634001488118664,1.0024405301851635,-1.1814298007029822e-08,-0.00034418849912703,0.0006169970043386204,0.0006169970043386204,0.12043078161742161,0.9987847223225688,-1.1843131157932497e-08,3.967712793402023,0.10117418658026263,0.0036904376666666654,0.0013236725554481043,0.000982411534078298,0.0005148908353810678,0.0032930326916666636,3.9683869182830884,0.10029887566938692,0.000674124881065552,-0.0008753109108757123,-0.0008765400328472318,1.0028176991200013,2.186991755791161e-08,-3.388393151529173e-05,0.001836345920591374,0.001836345920591374,0.17658582041937423,0.9985977571754174,2.193154040536904e-08]"
/multi_agv/m2b_algorithm_state,1789558518.2469974,1789558518.2469974,m2b_algorithm_state_v1:header6+3x20,"[1.0,-0.15,0.52,3.9698402885710986,0.10125038599435848,1789558518.2468877,3.96841284308795,0.10107530133574995,0.0036904376666666654,0.001539786260134165,0.0006967731510490786,0.0005697869335981623,0.004584685874999997,3.9698951600222916,0.09843578501604842,0.0014823169343416431,-0.0026395163197015237,-0.002650857727226645,1.0086788207943922,2.3171895692837472e-07,-0.0007979615592995913,0.005522799358954651,0.005522799358954651,0.1419125081903345,0.9957216083652339,2.3373000423021956e-07,3.9693932978306585,0.10150164278799938,0.002796189458333334,-0.0009431287203099221,0.0016670746466362907,0.0007537167171209197,-0.0017884964166666626,3.9697494294578557,0.09971174808321026,0.00035613162719716485,-0.0017898947047891162,-0.001795047071070307,1.0057960725432682,-6.510029770008873e-08,-0.0013498825370738508,0.004619133426225901,0.004619133426225901,0.12044360996510424,0.99712967622731,-6.54776237481468e-08,3.968706677926731,0.10117426752312789,0.0036904376666666654,0.001323229996029272,0.000982432859413085,0.0005150715750639827,0.0032930326916666636,3.9691946944997247,0.0992765445118099,0.0004880165729939101,-0.0018977230113179921,-0.0019035451590498527,1.0061797867000253,1.0283544533220782e-07,-0.001293524442807465,0.006732520311996828,0.006732520311996828,0.17662570598421734,0.9969414186450051,1.0347094644956298e-07]"
/multi_agv/m2b_algorithm_state,1789558518.257297,1789558518.257297,m2b_algorithm_state_v1:header6+3x20,"[1.0,-0.15,0.52,3.970851367694823,0.10125031457972801,1789558518.2571962,3.9694155199789516,0.10107525629666869,0.0036904376666666654,0.001540107406128794,0.0006967460292920606,0.00056966183750112,0.004584685874999997,3.970976838378298,0.09890339805087357,0.0015613183993465896,-0.002171858245795119,-0.0021795098736350498,1.0071037322514835,1.568675415316327e-07,-0.00022786187445181282,0.0033129614431240285,0.0033129614431240285,0.14190174718554507,0.9964892896643918,1.5798188654562189e-07,3.9703959865056495,0.10150167222022914,0.002796189458333334,-0.0009434792103553504,0.0016670938036531524,0.0007538586776120043,-0.0017884964166666626,3.9707437570039765,0.09971174808321026,0.0003477704983270158,-0.0017899241370188806,-0.0017950766718494125,1.0057961674855782,-6.512662484309095e-08,-0.0013603635489406428,0.0046557648003314,0.0046557648003314,0.12043685199863335,0.9971296296635488,-6.550410966845192e-08,3.9697093592286943,0.10117422946617759,0.0036904376666666654,0.0013234402604904963,0.0009824242064313538,0.0005149849345709896,0.0032930326916666636,3.9704024369631004,0.10165428370125962,0.0006930777344060779,0.0004800542350820308,0.00047968830074559936,0.9984782142307115,6.570754924037558e-09,0.0013460354687531966,-0.003679451417252531,-0.003679451417252531,0.17660469311045726,1.0007628585810049,6.560755642700675e-09]"
/multi_agv/m2b_algorithm_state,1789558518.2673228,1789558518.2673228,m2b_algorithm_state_v1:header6+3x20,"[1.0,-0.15,0.52,3.971843446364563,0.10125036659285742,1789558518.2669487,3.970426576434859,0.10107508550442822,0.0036904376666666654,0.0015413161812644744,0.0006966312204147228,0.0005691976013400266,0.004584685874999997,3.971970767681397,0.09890339805087357,0.0015441912465377072,-0.0021716874535546438,-0.0021793378856979463,1.007103176185723,1.5696607710536816e-07,-0.0002490988275258123,0.0033888950568361333,0.0033888950568361333,0.14191627018480363,0.9964895612591746,1.5808103480622937e-07,3.97140709327168,0.10150177611627145,0.002796189458333334,-0.0009447920436187569,0.0016671767305709295,0.0007543846096302875,-0.0017884964166666626,3.9717052503031094,0.09911645109957655,0.00029815703142954675,-0.002385325016694903,-0.002394516750546845,1.0077762272242143,-1.1586672957834139e-07,-0.0020218204612599115,0.007236356286891559,0.007236356286891559,0.12044601649799924,0.9961613407591144,-1.1676773559526917e-07,3.9707204333779296,0.1011740821184844,0.0036904376666666654,0.0013242451925747504,0.000982384521301372,0.0005146566704727542,0.0032930326916666636,3.971424011280539,0.10165428370125962,0.0007035779026094424,0.0004802015827752165,0.0004798354234420349,0.9984777466405904,6.578791817371554e-09,0.001359307801703838,-0.0037259122268473444,-0.0037259122268473444,0.17663319470370215,1.000763093584369,6.568777229426704e-09]"
/multi_agv/m2b_algorithm_state,1789558518.277157,1789558518.277157,m2b_algorithm_state_v1:header6+3x20,"[1.0,-0.15,0.52,3.972843465334652,0.10125036684993749,1789558518.276975,3.971418670836529,0.10107521481646708,0.0036904376666666654,0.0015403964491711689,0.0006967107727682267,0.0005695548879390721,0.004584685874999997,3.9721360935692966,0.09771876899530142,0.0007174227327677585,-0.003356445821165663,-0.003374883982565371,1.0111251820852514,3.750120903198527e-07,-0.002478105566605673,0.011723571964194622,0.011723571964194622,0.14188948840151383,0.9945366532612796,3.791841681088318e-07,3.972399153203088,0.10150169314242294,0.002796189458333334,-0.0009437903441904959,0.00166712051557516,0.000753979648696515,-0.0017884964166666626,3.9719726704761524,0.100611972872641,-0.00042648272693535105,-0.0008897202697819434,-0.0008909847279677852,1.0028519345439606,-1.608702696553569e-08,-0.0014240881366369739,0.004494984946302941,0.004494984946302941,0.12042915419020339,0.998580830685251,-1.6132906113448327e-08,3.9717125150540715,0.10117419181968228,0.0036904376666666654,0.0013236412044121816,0.000982410500105369,0.0005149049626249689,0.0032930326916666636,3.971411791407342,0.09919564674902025,-0.000300723646729395,-0.00197854507066203,-0.001984877557499707,1.0064488493165837,1.1182206806591497e-07,-0.0023607821159114506,0.010529259401769131,0.010529259401769131,0.17658076126076383,0.9968096335142941,1.1254319173314083e-07]"
/multi_agv/m2b_algorithm_state,1789558518.2869968,1789558518.2869968,m2b_algorithm_state_v1:header6+3x20,"[1.0,-0.15,0.52,3.9738420555504224,0.10125037616376549,1789558518.2869236,3.972418689782577,0.10107521608669755,0.0036904376666666654,0.0015403868574154684,0.0006967106375010519,0.0005695591159214611,0.004584685874999997,3.9730921293059693,0.09742045062330926,0.0006734395233922719,-0.0036547654633882903,-0.0036766758506113577,1.0121544976287882,4.4471790057084714e-07,-0.002834876446371018,0.013094443733822955,0.013094443733822955,0.14189080836343368,0.9940407073907742,4.5012322323881517e-07,3.973399172267223,0.10150169178169859,0.002796189458333334,-0.0009437794859983055,0.0016671207977134728,0.0007539747952832743,-0.0017884964166666626,3.9732367923539886,0.09988946266022933,-0.00016237991323420076,-0.001612229121469258,-0.0016164037934769846,1.0052102862261914,-5.2848115348461226e-08,-0.0018193786850197356,0.006199592944175901,0.006199592944175901,0.1204299853016489,0.9974173087043141,-5.3123469155941485e-08,3.972712533954155,0.10117419268141635,0.0036904376666666654,0.0013236358577847379,0.0009824102343365402,0.00051490741841343,0.0032930326916666636,3.9723668534501013,0.09969482349131782,-0.00034568050405381356,-0.0014793691900985284,-0.0014828961623001987,1.0047947981429948,6.24945190897857e-08,-0.0019149967923674657,0.008748284364805212,0.008748284364805212,0.17658334522466088,0.997621564954218,6.279416769386476e-08]"
/multi_agv/m2b_algorithm_state,1789558518.2970827,1789558518.2970827,m2b_algorithm_state_v1:header6+3x20,"[1.0,-0.15,0.52,3.974842552300719,0.10125037306884815,1789558518.29694,3.9734172828683514,0.10107523886250427,0.0036904376666666654,0.001540225221859926,0.0006967251749562028,0.0005696216165842313,0.004584685874999997,3.974637751082584,0.0989520987230207,0.0012204682142327172,-0.002123140139483573,-0.00213044966355242,1.0069405834870688,1.4991556126347068e-07,-0.0006048643957615235,0.004619722206869463,0.004619722206869463,0.14189046748120182,0.9965690228716042,1.5095606273243059e-07,3.9743977590346358,0.10150167747696992,0.002796189458333334,-0.000943603608466668,0.0016671104526402303,0.000753903939613304,-0.0017884964166666626,3.9742284928416005,0.09988946266022933,-0.0001692661930352557,-0.0016122148167405925,-0.0016163894150220957,1.0052102401573935,-5.283733220053834e-08,-0.0018279721563161653,0.006230093803168451,0.006230093803168451,0.12042976795856292,0.9974173313418747,-5.311262739057912e-08,3.97371112474828,0.10117421215182226,0.0036904376666666654,0.0013235290160329943,0.0009824150889097497,0.0005149512049911998,0.0032930326916666636,3.9738681862758627,0.10211654503878667,0.00015706152758276914,0.0009423328869644088,0.0009409277720247766,0.9970284343213559,2.53121248788453e-08,0.001137254681503238,-0.00315245946962853,-0.00315245946962853,0.17658266917368706,1.001493329223994,2.523690823730177e-08]"
/multi_agv/m2b_algorithm_state,1789558518.3070567,1789558518.3070567,m2b_algorithm_state_v1:header6+3x20,"[1.0,-0.15,0.52,3.975843682553896,0.1012503660401549,1789558518.3069212,3.9744177786630552,0.10107523124813142,0.0036904376666666654,0.0015402793275768691,0.0006967203546599516,0.0005696006712739089,0.004584685874999997,3.9757077337802427,0.0993854787349651,0.0012899551171874357,-0.0016897525131663177,-0.0016943674008780387,1.0054969589016014,9.493479661294586e-08,-8.192350439374402e-05,0.0025854770279589516,0.0025854770279589516,0.14189008324628735,0.9972763358706445,9.54566492882591e-08,3.975398256937224,0.10150168228381824,0.002796189458333334,-0.0009436624446382711,0.0016671139095145726,0.0007539276449102933,-0.0017884964166666626,3.975255472546997,0.10061192277138721,-0.00014278439022730183,-0.000889759512431032,-0.0008910240827224638,1.0028520620189103,-1.6086267063940196e-08,-0.001069504570506591,0.0032403393602922622,0.0032403393602922622,0.12042952873120559,0.9985807675505605,-1.613214609525931e-08,3.9747116213018785,0.10117420567459477,0.0036904376666666654,0.0013235646032585331,0.000982413471874933,0.0005149366204338099,0.0032930326916666636,3.974834829225883,0.10040241714873879,0.0001232079240045536,-0.0007717885258559792,-0.0007727433590581384,1.0024815457877523,1.700015016515775e-08,-0.0006187334540524464,0.0038604491384835226,0.0038604491384835226,0.17658192572484335,0.9987643592261692,1.7042336816191256e-08]"
/multi_agv/m2b_algorithm_state,1789558518.3170893,1789558518.3170893,m2b_algorithm_state_v1:header6+3x20,"[1.0,-0.15,0.52,3.9768421632359985,0.10125037607079991,1789558518.3168833,3.9754189066697023,0.10107521454908801,0.0036904376666666654,0.0015403973980077663,0.0006967089693883813,0.0005695554146759956,0.004584685874999997,3.9766162024954177,0.09830056628723227,0.001197295825715372,-0.002774648261855736,-0.0027871934107791905,1.009136994991706,2.5617659043451633e-07,-0.0012905736286349754,0.007312876770774205,0.007312876770774205,0.14189533571269347,0.9954990030921652,2.585172746583088e-07,3.9763993899451093,0.10150169232834542,0.002796189458333334,-0.0009437905249432823,0.0016671221736399566,0.0007539788645715972,-0.0017884964166666626,3.9762587285606124,0.10061192277138721,-0.00014066138449697618,-0.0008897695569582142,-0.0008910341557257062,1.0028520941537102,-1.6088813020214603e-08,-0.0010668608863469264,0.0032308602474039666,0.0032308602474039666,0.12043283589656935,0.9985807516363254,-1.6134699829769693e-08,3.9757127510468764,0.10117419124303124,0.0036904376666666654,0.001323643311591321,0.0009824094839169465,0.0005149045778107147,0.0032930326916666636,3.975696964427754,0.09888332122895821,-1.578661912216006e-05,-0.002290870014073035,-0.002299379525585727,1.007493121982871,1.499432469075233e-07,-0.002319112799488427,0.010511522259488823,0.010511522259488823,0.17659220813877483,0.9962992140192583,1.5106678994710914e-07]"
/multi_agv/m2b_algorithm_state,1789558518.3270702,1789558518.3270702,m2b_algorithm_state_v1:header6+3x20,"[1.0,-0.15,0.52,3.9778428467221545,0.10125037178685364,1789558518.3268604,3.9764173904474585,0.1010752390793844,0.0036904376666666654,0.0015402232904306204,0.0006967246399784514,0.0005696227320435174,0.004584685874999997,3.9775905996662466,0.09684658801271018,0.0011732092187881626,-0.004228651066674222,-0.004258109151663712,1.014153527776886,5.954966699691768e-07,-0.002791597628178509,0.013172594759968811,0.013172594759968811,0.14189121222421563,0.9930818858934182,6.039250486286287e-07,3.9773978669065397,0.10150167691910264,0.002796189458333334,-0.0009436010616925882,0.0016671110116237564,0.0007539025449081888,-0.0017884964166666626,3.9775350984742976,0.10143618635692314,0.00013723156775791168,-6.549056217949878e-05,-6.549737059432037e-05,1.0002079720536865,-8.709470658704156e-11,0.00010604208910306923,-0.0012904986744935378,-0.0012904986744935378,0.12043023958419423,0.9998960505626439,-8.711281985203569e-11,3.9767112323539973,0.10117421221391269,0.0036904376666666654,0.0013235282237650907,0.0009824147177277974,0.0005149517414759336,0.0032930326916666636,3.9768005774571265,0.09983323845104679,8.93451031291903e-05,-0.0013409737628659046,-0.0013438686804747332,1.0043394628935844,5.133970871609688e-08,-0.0012321873015632453,0.00627755847484922,0.00627755847484922,0.17658413580292087,0.9978458329665024,5.1562495477037816e-08]"
/multi_agv/m2b_algorithm_state,1789558518.3369484,1789558518.3369484,m2b_algorithm_state_v1:header6+3x20,"[1.0,-0.15,0.52,3.978836716305436,0.10125041072224233,1789558518.3368266,3.977418072606846,0.10107522861609242,0.0036904376666666654,0.0015402975429832577,0.0006967179290399803,0.0005695940373312085,0.004584685874999997,3.978568265597209,0.09834379313074951,0.0011501929903632302,-0.002731435485342909,-0.002743588966371756,1.0089903323657445,2.482361824454478e-07,-0.0013058477284177182,0.007348110620479285,0.007348110620479285,0.14189488374677686,0.9955702252859985,2.50467908230836e-07,3.9783985519963294,0.10150168346076376,0.002796189458333334,-0.0009436817585329795,0.001667115822523435,0.0007539350217303509,-0.0017884964166666626,3.978544209899425,0.10143618635692314,0.0001456579030953975,-6.549710384061436e-05,-6.550391361538259e-05,1.0002079928244165,-8.711955435396817e-11,0.00011656846525386428,-0.0013279364093592217,-0.0013279364093592217,0.12043255132085443,0.9998960401845878,-8.713767459614016e-11,3.9777119155632894,0.10117420328370474,0.0036904376666666654,0.0013235772029286455,0.0009824124481937263,0.0005149316914389319,0.0032930326916666636,3.9778830357275177,0.10077104190645697,0.0001711201642282667,-0.0004031613772477738,-0.00040342120167987457,1.0012908975399206,4.637750724083468e-09,-0.0001895209963945412,0.0021765959072295913,0.0021765959072295913,0.17659132333110614,0.9993559475034558,4.643737585083952e-09]"
/multi_agv/m2b_algorithm_state,1789558518.3468838,1789558518.3468838,m2b_algorithm_state_v1:header6+3x20,"[1.0,-0.15,0.52,3.9798370040109323,0.10125040785825858,1789558518.3468091,3.97841195454868,0.10107532146433237,0.0036904376666666654,0.0015396408184161557,0.0006967806205645738,0.0005698460912619523,0.004584685874999997,3.979707165721479,0.10027823444298734,0.0012952111727990712,-0.0007970870213450387,-0.0007981070305483534,1.0025670356529128,2.1103138799963172e-08,0.0008209069354504856,-0.0010085302355589414,-0.0010085302355589414,0.1419031142330402,0.9987219643929038,2.1157311309651044e-08,3.9793924064923454,0.10150162723476504,0.002796189458333334,-0.000942968834682964,0.0016670705607277903,0.0007536495375681379,-0.0017884964166666626,3.9793757221395043,0.1005519572914328,-1.668435284107872e-05,-0.000949669943332232,-0.000951111196095737,1.0030461687462897,-1.831276483128167e-08,-0.0009719666371470854,0.0029219311480956902,0.0029219311480956902,0.12043771052092611,0.9984846642859202,-1.836854860316887e-08,3.978705787875283,0.10117428346762956,0.0036904376666666654,0.001323139530288096,0.0009824342030948074,0.0005151100894614912,0.0032930326916666636,3.9789753899825637,0.10134613110956275,0.00026960210728077527,0.0001718476419331899,0.00017180063935095735,0.9994533291681247,8.420113536024452e-10,0.0005088032734519264,-0.0005615860573417906,-0.0005615860573417906,0.17660736240021493,1.0002735879354707,8.415510505553228e-10]"
/multi_agv/m2b_algorithm_state,1789558518.3569622,1789558518.3569622,m2b_algorithm_state_v1:header6+3x20,"[1.0,-0.15,0.52,3.9808418053271093,0.10125037626589913,1789558518.356859,3.979412241782848,0.10107531139191119,0.0036904376666666654,0.0015397153452008576,0.000696778470848968,0.0005698149051887396,0.004584685874999997,3.9807936544261495,0.10047965009465477,0.001381412643301605,-0.0005956612972564113,-0.000596230060483039,1.0019139781942639,1.1784062061824844e-08,0.0011305357436439672,-0.002197634797087463,-0.002197634797087463,0.14190083994710498,0.9990460675092985,1.1806616499651029e-08,3.98039269448999,0.10150163622935458,0.002796189458333334,-0.000943051959185513,0.001667071437173373,0.000753685113287994,-0.0017884964166666626,3.9803762926456328,0.1005519572914328,-1.640184435736103e-05,-0.0009496789379217774,-0.0009511202179092379,1.0030461975379403,-1.8314725416965353e-08,-0.0009716225233559392,0.0029206344607246395,0.0029206344607246395,0.12043628223675384,0.998484650036534,-1.8370515688438565e-08,3.979706075759959,0.10117427595350999,0.0036904376666666654,0.0013231838414327975,0.0009824344705718028,0.0005150907432159343,0.0032930326916666636,3.980034653934486,0.10190209050686966,0.00032857817452702776,0.0007278145533596708,0.000726974997624082,0.9976992949204285,1.5097845593279926e-08,0.0011376977157828666,-0.0030542970612740003,-0.0030542970612740003,0.1766029216450771,1.0011548619118027,1.506310990323288e-08]"
/multi_agv/m2b_algorithm_state,1789558518.367092,1789558518.367092,m2b_algorithm_state_v1:header6+3x20,"[1.0,-0.15,0.52,3.981840209458865,0.10125038649937279,1789558518.3670154,3.9804170334067805,0.10107523334210666,0.0036904376666666654,0.0015402702586593993,0.0006967295752246187,0.0005695998062486215,0.004584685874999997,3.9812349986966487,0.09948992909780272,0.0008179652898681056,-0.0015853042443039478,-0.0015893630525538737,1.0051511130048216,8.355480609991896e-08,-0.0005669064402187417,0.004250969744822317,0.004250969744822317,0.1418949572778903,0.9974462673940959,8.398520634823561e-08,3.9813975074047745,0.10150168593588713,0.002796189458333334,-0.0009436563817527628,0.0016671062329955966,0.0007539290099639606,-0.0017884964166666626,3.9812687110873655,0.10293752948269777,-0.00012879631740903008,0.0014358435468106445,0.0014326079281363959,0.9955176537118469,-4.1822361683659166e-08,0.0012716125313751083,-0.006129511228355861,-0.006129511228355861,0.12043259761321305,1.0022585514226894,-4.163489937600462e-08,3.980710875169773,0.10117420951970363,0.0036904376666666654,0.0013235492935537454,0.0009824183606852444,0.0005149407137014297,0.0032930326916666636,3.980353755456534,0.10007777247891986,-0.00035711971323904024,-0.001096437040783771,-0.0010983688406089956,1.0035383492801229,3.431745147422448e-08,-0.0015447684821577959,0.007277598590304538,0.007277598590304538,0.17659146725099514,0.9982412102803704,3.4438878603943957e-08]"
/multi_agv/m2b_algorithm_state,1789558518.3770893,1789558518.3770893,m2b_algorithm_state_v1:header6+3x20,"[1.0,-0.15,0.52,3.982842434067797,0.1012503721043138,1789558518.3768759,3.981415440725569,0.10107525780658407,0.0036904376666666654,0.001540097357471174,0.0006967458570426464,0.0005696662827715303,0.004584685874999997,3.982226361518607,0.09948992909780272,0.0008109207930377949,-0.00158532870878135,-0.0015893876417175554,1.0051511922284695,8.354799727916258e-08,-0.0005757366504203119,0.00428197622204619,0.00428197622204619,0.14189056291069044,0.9974462284532306,8.397836907345119e-08,3.982395907652807,0.101501671112182,0.002796189458333334,-0.0009434689802126413,0.0016670945818253458,0.0007538538384276317,-0.0017884964166666626,3.9822944273647694,0.10293752948269777,-0.00010148028803769193,0.001435858370515769,0.0014326226847421557,0.995517607286582,-4.18149219060958e-08,0.0013057723246950408,-0.006251206082008759,-0.006251206082008759,0.1204298307618625,1.0022585749954083,-4.1627491004831774e-08,3.9817092799982197,0.1011742305793523,0.0036904376666666654,0.0013234344199923721,0.0009824240223166754,0.0005149875619638931,0.0032930326916666636,3.981308669662985,0.09965187486434436,-0.0004006103352347523,-0.0015223557150079448,-0.001526091842472962,1.0049365118819686,6.61709663850398e-08,-0.0020268547615164027,0.009161101995479582,0.009161101995479582,0.17658286475847257,0.9975518331459244,6.64976201468409e-08]"
/multi_agv/m2b_algorithm_state,1789558518.3870685,1789558518.3870685,m2b_algorithm_state_v1:header6+3x20,"[1.0,-0.15,0.52,3.9838387907271904,0.10125039542291119,1789558518.3869343,3.9824176608144266,0.10107522273163727,0.0036904376666666654,0.001540346393300421,0.0006967231023892843,0.0005695701718838514,0.004584685874999997,3.9830470321739506,0.09940852433791907,0.0006293713595240114,-0.001666698393718205,-0.001671187435199069,1.0054205543009285,9.23645810878615e-08,-0.0008844732357940548,0.005407286180867027,0.005407286180867027,0.14189968824982122,0.9973138611586504,9.286524831513076e-08,3.983398137718326,0.101501693058286,0.002796189458333334,-0.0009437401402159779,0.0016671109515860039,0.0007539628619166183,-0.0017884964166666626,3.9831040033252845,0.10104369259399198,-0.00029413439304137867,-0.00045800046429401997,-0.00045833443694851764,1.0014609219825963,-4.261364430431171e-09,-0.000826002428250241,0.002189613867033524,0.002189613867033524,0.12043557638053141,0.9992713341447325,-4.267589951403442e-09,3.982711503670639,0.10117420052301812,0.0036904376666666654,0.0013235993662229252,0.000982416383139362,0.0005149200377985706,0.0032930326916666636,3.9826107769403785,0.10179581039092976,-0.00010072673026062517,0.0006216098679116405,0.0006209969626154945,0.9980326445472125,1.101739322252953e-08,0.0004950885497897131,-0.0007181080961061845,-0.0007181080961061845,0.1766007291446643,1.000986969877541,1.0995718093897683e-08]"
/multi_agv/m2b_algorithm_state,1789558518.3969197,1789558518.3969197,m2b_algorithm_state_v1:header6+3x20,"[1.0,-0.15,0.52,3.9848409550466344,0.10125038113152106,1789558518.3968413,3.983414024763212,0.10107527876168121,0.0036904376666666654,0.001539949864448515,0.0006967601758105062,0.0005697227669902937,0.004584685874999997,3.9842341799329586,0.10038404473716403,0.0008201551697464282,-0.0006912340245171789,-0.0006920004965329377,1.0022234740844596,1.587235485264019e-08,0.00033319346565009755,0.0006703811690264666,0.0006703811690264666,0.14188949045994692,0.9988923822748695,1.5907646622314384e-08,3.984394485516644,0.10150165880037598,0.002796189458333334,-0.0009433097547283074,0.0016670843683623815,0.0007537901323943774,-0.0017884964166666626,3.984108086724878,0.10104369259399198,-0.0002863987917662847,-0.0004579662063839973,-0.00045830012914713355,1.0014608128167044,-4.2587844588724114e-09,-0.0008162986188549894,0.0021556366078453303,0.0021556366078453303,0.12042915433924557,0.9992713884594411,-4.2650057457935134e-09,3.983707861901714,0.10117424870667638,0.0036904376666666654,0.0013233360769405777,0.0009824291519257454,0.0005150275216361747,0.0032930326916666636,3.9837991620499515,0.1037424913317177,9.130014823766075e-05,0.0025682426250413226,0.0025579335463288603,0.9920501907541317,1.877621665219481e-07,0.002672058731625936,-0.009412329589484576,-0.009412329589484576,0.1765807615920672,1.0040302371135708,1.8626949311450766e-07]"
/multi_agv/m2b_algorithm_state,1789558518.406982,1789558518.406982,m2b_algorithm_state_v1:header6+3x20,"[1.0,-0.15,0.52,3.9858417248389166,0.10125037619741821,1789558518.4068487,3.9844161846981367,0.10107524318114887,0.0036904376666666654,0.0015402032311745638,0.0006967381660741615,0.0005696243913762388,0.004584685874999997,3.985255983599635,0.10050446672435939,0.0008397989014983231,-0.0005707764567894763,-0.0005712985928623185,1.0018335040139152,1.0823272779467001e-08,0.0004784500340105854,0.00010153180471199797,0.00010153180471199797,0.14189696006372304,0.9990860539840887,1.0843117293551853e-08,3.9853966550606352,0.10150168172554588,0.002796189458333334,-0.0009435861379573996,0.001667100042002101,0.0007539017820745175,-0.0017884964166666626,3.985158484191111,0.10259293704234725,-0.00023817086952426791,0.0010912553168013622,0.001089381478024252,0.9965799426598009,-2.4161464548712393e-08,0.0007916678911189172,-0.004257471036217176,-0.004257471036217176,0.12043385862682902,1.0017200942139284,-2.4078830954532607e-08,3.9847100253811316,0.10117421848786838,0.0036904376666666654,0.0013235026709361307,0.0009824220095685067,0.000514959024812551,0.0032930326916666636,3.9841397789134327,0.10109392486897772,-0.0005702464676988761,-8.029361889065612e-05,-8.030389963962742e-05,1.0002561565491241,1.8390317873839724e-10,-0.0007931119842632226,0.004174370661831732,0.004174370661831732,0.17659538806486105,0.9998719769647869,1.8395028674203583e-10]"
/multi_agv/m2b_algorithm_state,1789558518.4170256,1789558518.4170256,m2b_algorithm_state_v1:header6+3x20,"[1.0,-0.15,0.52,3.9868419264094483,0.10125037503735805,1789558518.4168944,3.9854169528882126,0.10107523121682808,0.0036904376666666654,0.0015402882828539446,0.0006967302019551089,0.0005695916675309081,0.004584685874999997,3.9862547585972354,0.10050446672435939,0.0008378057090228097,-0.0005707644924686922,-0.0005712866066893617,1.0018334656283954,1.0823417194650268e-08,0.00047597052958915046,0.00011039574182004496,0.00011039574182004496,0.1419009373340106,0.9990860730593789,1.0843261558058443e-08,3.9863974267952123,0.10150168919623238,0.002796189458333334,-0.0009436789834607181,0.0016671058688868534,0.0007539389964425075,-0.0017884964166666626,3.986178013608936,0.10259293704234725,-0.00021941318627627382,0.0010912478461148623,0.0010893740330784794,0.9965799661305019,-2.4163510408393594e-08,0.0008151075502331371,-0.00434108913614255,-0.00434108913614255,0.12043636281818376,1.001720082340395,-2.4080870384390917e-08,3.985710794833325,0.10117420817919417,0.0036904376666666654,0.0013235592934808592,0.0009824193408047638,0.000514935869330874,0.0032930326916666636,3.985090840482741,0.10050463720324775,-0.0006199543505838179,-0.0006695709759464291,-0.000670289082693691,1.0021503968275034,1.2794314853902169e-08,-0.0014452320209234633,0.006742535469340316,0.006742535469340316,0.1766031745042975,0.9989286611317373,1.282182770797408e-08]"
/multi_agv/m2b_algorithm_state,1789558518.427003,1789558518.427003,m2b_algorithm_state_v1:header6+3x20,"[1.0,-0.15,0.52,3.987841396687601,0.10125037855980316,1789558518.4268486,3.986417153996599,0.10107522868166194,0.0036904376666666654,0.0015403062028848608,0.0006967279910730533,0.0005695850499272958,0.004584685874999997,3.987196230219911,0.09991786627409124,0.0007790762233121917,-0.0011573624075706945,-0.001159518719954112,1.0037425064091596,4.4521447230963735e-08,-0.0001856734408138723,0.002715540758447999,0.002715540758447999,0.14190290376288153,0.9981403384470561,4.468806903257068e-08,3.987397628954194,0.10150169057198188,0.002796189458333334,-0.0009436986521680086,0.0016671076342373858,0.0007539466038715276,-0.0017884964166666626,3.9872646803747176,0.10311790688962931,-0.00013294857947654393,0.001616216317647426,0.0016121223264191783,0.9949649660668431,-5.298531572868628e-08,0.0014459366020734984,-0.006836626877037632,-0.006836626877037632,0.12043760092731927,1.002539504081766,-5.271853286603331e-08,3.986710996277552,0.1011742058584303,0.0036904376666666654,0.001323571874608224,0.0009824185334698088,0.0005149308358428023,0.0032930326916666636,3.986102712225191,0.10050463720324775,-0.0006082840523609079,-0.0006695686551825564,-0.0006702867569617455,1.002150389384929,1.2794347894583122e-08,-0.0014306418224128803,0.006690875466950472,0.006690875466950472,0.17660702435822345,0.9989286648263137,1.2821860724482724e-08]"
/multi_agv/m2b_algorithm_state,1789558518.437021,1789558518.437021,m2b_algorithm_state_v1:header6+3x20,"[1.0,-0.15,0.52,3.9888399200366322,0.10125038797601134,1789558518.436944,3.9874166252932293,0.10107523738571275,0.0036904376666666654,0.0015402445343264183,0.0006967332783170291,0.0005696090305330747,0.004584685874999997,3.9884487384934455,0.10060274727766506,0.0010321132002162337,-0.0004724901080476879,-0.0004728476400776075,1.0015160930667544,7.416414583692284e-09,0.0008172938601926846,-0.0011439716456491207,-0.0011439716456491207,0.14190228205637298,0.9992438747714572,7.4276585584227955e-09,3.9883970980194934,0.10150168507252616,0.002796189458333334,-0.0009436318455477571,0.0016671039956781541,0.0007539195381689873,-0.0017884964166666626,3.9882730830981745,0.10254710422069893,-0.00012401492131886016,0.0010454191481727715,0.0010436988193921908,0.9967218821851521,-2.217618318776686e-08,0.0008886801677436156,-0.004581961677293717,-0.004581961677293717,0.12043720948747504,1.0016483000158825,-2.2103487046593713e-08,3.9877104667500793,0.10117421322117058,0.0036904376666666654,0.0013235315119029035,0.0009824203035583515,0.0005149474107715582,0.0032930326916666636,3.9876504301724713,0.10322806329830897,-6.003657760800252e-05,0.002053850077138389,0.0020472312423963283,0.9936049310802698,1.2014474318425107e-07,0.001972185520386325,-0.0066582238376971855,-0.0066582238376971855,0.17660580717526067,1.003233066497321,1.193764092712445e-07]"
/multi_agv/m2b_algorithm_state,1789558518.4471614,1789558518.4471614,m2b_algorithm_state_v1:header6+3x20,"[1.0,-0.15,0.52,3.989840290468235,0.10125038536407227,1789558518.4469936,3.9884151515826396,0.10107525980349209,0.0036904376666666654,0.001540086191644981,0.0006967483306845595,0.0005696698360452529,0.004584685874999997,3.989503523614807,0.10108457183880341,0.001088372032167495,9.312035311320743e-06,9.311896942336845e-06,0.9999702827335071,2.8794318240851873e-12,0.0013697769371517057,-0.003326973272941298,-0.003326973272941298,0.141898309159907,1.00001485937664,2.8793462552423227e-12,3.9893956177786594,0.10150167157049515,0.002796189458333334,-0.0009434603054406516,0.001667093226080496,0.0007538507834514013,-0.0017884964166666626,3.9893064850292266,0.10295977013567767,-8.913274943278537e-05,0.0014580985651825168,0.0014547624308891127,0.9954493355128322,-4.311921185435706e-08,0.001343346494098131,-0.006395717688614586,-0.006395717688614586,0.1204347080612277,1.002293250239742,-4.292299078825677e-08,3.9887089907485986,0.10117423255404681,0.0036904376666666654,0.001323426145235626,0.0009824255692364005,0.000514990344125857,0.0032930326916666636,3.988417904104081,0.10088856540880088,-0.0002910866445176019,-0.00028566714524592973,-0.0002857974790660591,1.000913471892677,2.3280108436634813e-09,-0.0006496557847130615,0.0037557931543708402,0.0037557931543708402,0.17659802921422912,0.9995439644164978,2.3301374161350156e-09]"
/multi_agv/m2b_algorithm_state,1789558518.4570298,1789558518.4570298,m2b_algorithm_state_v1:header6+3x20,"[1.0,-0.15,0.52,3.990837104585933,0.10125040538673986,1789558518.456923,3.9894155212422016,0.10107525276502559,0.0036904376666666654,0.0015401369713687564,0.0006967446079063847,0.0005696497615467195,0.004584685874999997,3.9905112796832567,0.10108457183880341,0.001095758441055139,9.319073777824816e-06,9.318935199584712e-06,0.9999702602713676,2.8838814475856965e-12,0.0013790169865185086,-0.0033597290429991135,-0.0033597290429991135,0.14190087311657276,1.000014870608834,2.883795681734037e-12,3.9903959890854432,0.10150167659385967,0.002796189458333334,-0.0009435162998151494,0.0016670958516264989,0.0007538736893621806,-0.0017884964166666626,3.990332935765209,0.10295977013567767,-6.305332023437416e-05,0.0014580935418180008,0.0014547574306127422,0.995449351241939,-4.312147302801557e-08,0.0013759407803197745,-0.006512070063219895,-0.006512070063219895,0.12043632240016008,1.0022932422512896,-4.292524235033487e-08,3.9897093610770584,0.10117422673333157,0.0036904376666666654,0.0013234588553555598,0.00098242455952946,0.0005149766907821987,0.0032930326916666636,3.989433105893032,0.10100586263009692,-0.00027625518402629723,-0.00016836410323464723,-0.00016840933574350866,1.0005376595098054,8.086090046543506e-10,-0.0005137283157763802,0.0032218263539576407,0.0032218263539576407,0.17660304883226957,0.9997314132933205,8.090437609754173e-10]"
/multi_agv/m2b_algorithm_state,1789558518.4671535,1789558518.4671535,m2b_algorithm_state_v1:header6+3x20,"[1.0,-0.15,0.52,3.9918403381985166,0.10125038396292359,1789558518.4669235,3.990412341740628,0.10107529990755348,0.0036904376666666654,0.001539804333470886,0.00069677716455363,0.0005697770119778816,0.004584685874999997,3.9918067365560486,0.09995438047572017,0.0013943948154206964,-0.001120919431833317,-0.001122941528947327,1.0036231689244837,4.174715371339963e-08,0.0006200519903285435,-0.00014999273675093678,-0.00014999273675093678,0.14189085181390834,0.9981992854820272,4.189841070341966e-08,3.991392795361499,0.10150164863519469,0.002796189458333334,-0.0009431559922154636,0.0016670723266987153,0.0007537297453644176,-0.0017884964166666626,3.9917842942517314,0.10271177073376941,0.0003914988902322669,0.0012101220985747257,0.001207819882125013,0.9962125470882389,-2.9695703299477106e-08,0.0016971934949153466,-0.007540292610855164,-0.007540292610855164,0.1204300126532748,1.001906092525702,-2.958323222154871e-08,3.9907061766556717,0.10117426761747148,0.0036904376666666654,0.0013232364430405736,0.0009824360873351926,0.0005150671015676346,0.0032930326916666636,3.9911637353459763,0.10191172692737041,0.0004575586903046158,0.0007374593098989357,0.0007365974185272988,0.9976690620836995,1.550114971272628e-08,0.0013085457814080686,-0.0036668296714745716,-0.0036668296714745716,0.17658343025559856,1.0011700982788672,1.5465017495114635e-08]"
/multi_agv/m2b_algorithm_state,1789558518.4772265,1789558518.4772265,m2b_algorithm_state_v1:header6+3x20,"[1.0,-0.15,0.52,3.9928490040103237,0.10125032829397629,1789558518.4771028,3.9914155687848543,0.10107524664539459,0.0036904376666666654,0.0015401834692618677,0.0006967441645791435,0.0005696298372564994,0.004584685874999997,3.9928248873328527,0.10039153921223729,0.0014093185479984172,-0.0006837074331573073,-0.0006844572621349769,1.0021990773805933,1.5530857563678893e-08,0.0010771909228630447,-0.0019675337277087405,-0.0019675337277087405,0.14190354814424863,0.9989044911652618,1.5565011121248397e-08,3.9923960368064417,0.10150168287573698,0.002796189458333334,-0.0009435694403142946,0.001667095823775,0.0007538967384401463,-0.0017884964166666626,3.9928057956794456,0.10271177073376941,0.0004097588730038737,0.0012100878580324353,0.0012077857723392902,0.9962126545451595,-2.970703579772418e-08,0.0017199843635941324,-0.007621939853067938,-0.007621939853067938,0.12043800664787105,1.001906038095387,-2.9594524990718883e-08,3.991709409004254,0.10117422236763922,0.0036904376666666654,0.0013234857792131936,0.00098242535103863,0.0005149646086634301,0.0032930326916666636,3.992249339327004,0.10271696326651068,0.0005399303227497931,0.0015427408988714642,0.0015389919152772687,0.9951682601580375,6.781130066438523e-08,0.0022139048187145103,-0.007276042354969573,-0.007276042354969573,0.17660828595741596,1.0024359995377365,6.748365410122982e-08]"
/multi_agv/m2b_algorithm_state,1789558518.4872622,1789558518.4872622,m2b_algorithm_state_v1:header6+3x20,"[1.0,-0.15,0.52,3.993837232036327,0.10125040390078173,1789558518.4871361,3.992424216851325,0.10107511383925274,0.0036904376666666654,0.0015411231494857174,0.0006966543592807461,0.0005692692369889561,0.004584685874999997,3.993834442721648,0.10039153921223729,0.001410225870322801,-0.0006835746270154597,-0.0006843241653123405,1.0021986508532348,1.5534304508061277e-08,0.0010784581725911608,-0.0019711431165759822,-0.0019711431165759822,0.14193547826584343,0.9989047028661647,1.5568459019922336e-08,3.993404724287724,0.10150176339388925,0.002796189458333334,-0.000944589998088826,0.0016671608322007536,0.000754305299738911,-0.0017884964166666626,3.9938347212784406,0.10264155542878872,0.0004299969907166634,0.0011397920348994728,0.0011377485557320167,0.9964298076889593,-2.6385671409071296e-08,0.001675244794127846,-0.0074301509304593415,-0.0074301509304593415,0.12045810934704512,1.001796072741346,-2.6291469487884983e-08,3.992718070891922,0.10117410764878684,0.0036904376666666654,0.0013241121829580768,0.0009823942313659908,0.0005147092742363167,0.0032930326916666636,3.9932822795986653,0.10271696326651068,0.00056420870674323,0.00154285561772384,0.0015391060739674424,0.9951678996285779,6.785351570661733e-08,0.00224436695739648,-0.007384196642281118,-0.007384196642281118,0.17667080771983557,1.0024361828075516,6.752564070816908e-08]"
/multi_agv/m2b_algorithm_state,1789558518.4971979,1789558518.4971979,m2b_algorithm_state_v1:header6+3x20,"[1.0,-0.15,0.52,3.994837502026046,0.10125040141698276,1789558518.4970505,3.9934124682204093,0.1010752984383456,0.0036904376666666654,0.0015398133615738534,0.0006967726444118579,0.0005697754498018791,0.004584685874999997,3.9949059232221766,0.1011139313032513,0.001493455001767341,3.863286490569939e-05,3.863048386434916e-05,0.9998767529190382,4.95502004972475e-11,0.0019054492360735253,-0.005242846164148748,-0.005242846164148748,0.14189506149747688,1.0000616363325552,4.954409357967514e-11,3.994392924193543,0.10150164783183069,0.002796189458333334,-0.0009431656904541914,0.001667076471647544,0.0007537317931468751,-0.0017884964166666626,3.9949588563505647,0.10257484227541161,0.0005659321570217202,0.0010731944435809215,0.0010713818683266503,0.9966358517541115,-2.3358207401288982e-08,0.0017787970646038005,-0.007766170600033852,-0.007766170600033852,0.12043266323282763,1.0016918106492714,-2.3279626928832835e-08,3.993706303695029,0.1011742654321689,0.0036904376666666654,0.0013232467491162575,0.0009824339878917515,0.0005150637263066239,0.0032930326916666636,3.994226326843415,0.10203516315112204,0.0005200231483857287,0.0008608977189531464,0.0008597242442603901,0.9972827188410459,2.112300820329018e-08,0.001509753179742551,-0.004441114048872666,-0.004441114048872666,0.17659167127044081,1.0013649431205303,2.1065611051078945e-08]"
/multi_agv/m2b_algorithm_state,1789558518.5071511,1789558518.5071511,m2b_algorithm_state_v1:header6+3x20,"[1.0,-0.15,0.52,3.9958374050063767,0.10125040136239323,1789558518.5070481,3.994412737685978,0.10107529029510355,0.0036904376666666654,0.0015398733057893793,0.0006967702574699249,0.0005697507080530184,0.004584685874999997,3.9959894472267186,0.10092791215890592,0.0015767095407404064,-0.00014737813619762619,-0.00014741283619277797,1.0004711594983586,7.212260202750501e-10,0.00182347408973273,-0.004863779744201602,-0.004863779744201602,0.1418972698804668,0.9997646066920087,7.215658327649661e-10,3.995393194631863,0.1015016547678056,0.002796189458333334,-0.0009432324993549753,0.0016670778174505685,0.0007537600524684801,-0.0017884964166666626,3.9959585408985347,0.10232170908490555,0.0005653462666717068,0.000820054317099958,0.0008189939440503823,0.9974219403064956,-1.3641989366620854e-08,0.0015256767773900158,-0.006744933293089816,-0.006744933293089816,0.12043405371330035,1.0012947263618721,-1.3606819503695553e-08,3.9947065737602974,0.10117425918803916,0.0036904376666666654,0.0013232831473028533,0.0009824338770237926,0.0005150480068074948,0.0032930326916666636,3.9951755072462256,0.10229691878248283,0.0004689334859282468,0.001122659594443673,0.0011206679767817498,0.9964670507059398,3.591523286788411e-08,0.0017068348341920583,-0.005266922651566613,-0.005266922651566613,0.1765959946566828,1.0017771701370841,3.578834617127751e-08]"
/multi_agv/m2b_algorithm_state,1789558518.5170765,1789558518.5170765,m2b_algorithm_state_v1:header6+3x20,"[1.0,-0.15,0.52,3.9968370997996865,0.10125040264662581,1789558518.5169787,3.9954126408485005,0.10107528828729266,0.0036904376666666654,0.0015398895769219456,0.0006967714705417903,0.0005697430242283498,0.004584685874999997,3.996998249060211,0.10092791215890592,0.0015856082117107206,-0.00014737612838673642,-0.00014741082743683633,1.0004711530815604,7.212139954181902e-10,0.0018345994372015646,-0.004903238711932351,-0.004903238711932351,0.1418981795223004,0.9997646098953297,7.21553797614596e-10,3.9963930972279393,0.10150165770140741,0.002796189458333334,-0.0009432517971612428,0.0016670766646877944,0.0007537690170425632,-0.0017884964166666626,3.9969812741100212,0.10232170908490555,0.0005881768820819033,0.0008200513834981382,0.0008189910180538688,0.9974219495459019,-1.3642170711493713e-08,0.001554212120656248,-0.006846543141724972,-0.006846543141724972,0.12043462643706558,1.0012947217013308,-1.3607000507096062e-08,3.9957064769426904,0.1011742580984796,0.0036904376666666654,0.0013232911130272658,0.000982434922792797,0.0005150440100334802,0.0032930326916666636,3.9961979926719216,0.10229691878248283,0.0004915157292311179,0.0011226606840032266,0.0011206690624624759,0.9964670472686018,3.591551892979082e-08,0.0017350637240013732,-0.005367523339970639,-0.005367523339970639,0.17659777542239133,1.0017771718765704,3.578863109908823e-08]"
/multi_agv/m2b_algorithm_state,1789558518.5271208,1789558518.5271208,m2b_algorithm_state_v1:header6+3x20,"[1.0,-0.15,0.52,3.9978369715593374,0.10125040277859504,1789558518.5269704,3.9964123362186106,0.10107528958729893,0.0036904376666666654,0.0015398823902432004,0.0006967747116019213,0.0005697444535351869,0.004584685874999997,3.9979081936573837,0.09961583178441583,0.0014958574387731183,-0.0014594578028831046,-0.0014628945243847238,1.0047354780440665,7.079179946051059e-08,0.0004069272740816741,0.0007564501604410698,0.0007564501604410698,0.14189835239749576,0.9976507386935057,7.112703247255579e-08,3.997392791164903,0.10150165854419504,0.002796189458333334,-0.0009432456590094769,0.0016670740956490349,0.0007537676927076992,-0.0017884964166666626,3.9979857195321498,0.10218821360807682,0.0005929283672467811,0.0006865550638817802,0.0006858110792331151,0.997838345099063,-9.562924667731547e-09,0.0014269715382915914,-0.006330819342423108,-0.006330819342423108,0.1204347352909192,1.001084824481834,-9.542252924756253e-09,3.9967061720155463,0.10117425980838346,0.0036904376666666654,0.0013232837214613561,0.0009824366482381174,0.0005150463165052841,0.0032930326916666636,3.997291471758977,0.10360592514703403,0.0005852997434305784,0.0024316653386505654,0.002422413973917079,0.992461178488457,1.6833366502692687e-07,0.003154038653205302,-0.01107104498789233,-0.01107104498789233,0.17659811388521449,1.0038190684305404,1.6706462757190502e-07]"
/multi_agv/m2b_algorithm_state,1789558518.5371156,1789558518.5371156,m2b_algorithm_state_v1:header6+3x20,"[1.0,-0.15,0.52,3.9988370633703014,0.10125040152052044,1789558518.5370042,3.9974122081758474,0.10107528813979283,0.0036904376666666654,0.0015398946857330918,0.000696776061260884,0.000569738421940355,0.004584685874999997,3.998990928607205,0.09983258748782403,0.0015787204313575387,-0.0012427006519687978,-0.0012451882773576936,1.0040223277070257,5.131834358982251e-08,0.0007282122618392298,-0.0004768193380108557,-0.0004768193380108557,0.14189915154392724,0.9980022094376163,5.152476278512252e-08,3.9983926625310646,0.10150166106342866,0.002796189458333334,-0.0009432607645736323,0.0016670729151821995,0.0007537748545008577,-0.0017884964166666626,3.999139715825159,0.10285114620057123,0.000747053294094524,0.0013494851371425726,0.00134662514848781,0.9957830837016485,-3.692969768462988e-08,0.0022804417661059654,-0.009686805967492048,-0.009686805967492048,0.12043523846116803,1.0021238194296118,-3.6773968240570366e-08,3.9977060439710996,0.10117425913256363,0.0036904376666666654,0.0013232893867401473,0.0009824377273926384,0.0005150432995179666,0.0032930326916666636,3.9983866084256876,0.1044974530219621,0.000680564454587973,0.0033231938893984736,0.003306031942221072,0.9898019813995163,3.14183010347632e-07,0.004156737510456038,-0.01511376482603576,-0.01511376482603576,0.1765996784256746,1.005191101440439,3.1097896616415086e-07]"
/multi_agv/m2b_algorithm_state,1789558518.5470703,1789558518.5470703,m2b_algorithm_state_v1:header6+3x20,"[1.0,-0.15,0.52,3.9998375214596464,0.10125039798477507,1789558518.5469801,3.998412299716369,0.10107528347880546,0.0036904376666666654,0.0015399296547674289,0.0006967750612450804,0.0005697237844845685,0.004584685874999997,4.000021907595773,0.10011709039612031,0.001609607879403896,-0.0009581930826851465,-0.0009596688794681029,1.0030915026479787,3.050501338854552e-08,0.001052340969786767,-0.0017532489818837395,-0.0017532489818837395,0.1419007294831683,0.998462181264256,3.0599319718212836e-08,3.9993927545289574,0.1015016654498301,0.002796189458333334,-0.0009433005027267836,0.0016670734759660633,0.0007537917879289757,-0.0017884964166666626,4.000087796135769,0.10231125139704121,0.0006950416068112197,0.0008095859472111167,0.0008085523917329917,0.9974545470983113,-1.3296977561914316e-08,0.0016773544002470163,-0.007280054246338985,-0.007280054246338985,0.12043623196940009,1.0012782789200707,-1.3263130731795651e-08,3.9987061358655795,0.10117425563292576,0.0036904376666666654,0.00132331039509017,0.0009824379685583482,0.000515034067793645,0.0032930326916666636,3.9992892014307864,0.10399639689102166,0.0005830655652068195,0.002822141258095906,0.002809717088041119,0.991289642620627,2.2667401406279606e-07,0.0035385490445496433,-0.01264289518987814,-0.01264289518987814,0.1766027676320583,1.0044218580253748,2.246996023916921e-07]"
/multi_agv/m2b_algorithm_state,1789558518.5571308,1789558518.5571308,m2b_algorithm_state_v1:header6+3x20,"[1.0,-0.15,0.52,4.0008398713116025,0.10125038251110519,1789558518.556965,3.9994127567707167,0.10107527360537355,0.0036904376666666654,0.0015400013115517436,0.0006967701965901792,0.0005696952545971992,0.004584685874999997,4.0008639254952705,0.09926736154455514,0.001451168724553753,-0.0018079120608184146,-0.0018131996255916821,1.0058891716266207,1.0866500487962907e-07,7.612801005091405e-07,0.0023460049717314705,0.0023460049717314705,0.14190360377790645,0.9970838485191381,1.0930495174317278e-07,4.000393213758358,0.10150167280643706,0.002796189458333334,-0.0009433799925799196,0.0016670768961368765,0.0007538244649859666,-0.0017884964166666626,4.00111095530367,0.10231125139704121,0.0007177415453112346,0.0008095785906041542,0.000808545053955276,0.9974545702702291,-1.3297856016830889e-08,0.0017057219855943192,-0.0073811212560271535,-0.0073811212560271535,0.1204380416681724,1.0012782672330034,-1.3264007258783434e-08,3.9997065938498633,0.1011742475425146,0.0036904376666666654,0.001323356266554236,0.0009824368071742482,0.0005150147884248634,0.0032930326916666636,4.0004106115587055,0.10352229916489386,0.0007040177088422084,0.002348051622379263,0.0023394200624581706,0.9927134338107552,1.569747148630775e-07,0.003219442198510931,-0.011263661539916925,-0.011263661539916925,0.176608394858737,1.0036896152425154,1.5583090821318985e-07]"
/multi_agv/m2b_algorithm_state,1789558518.5671976,1789558518.5671976,m2b_algorithm_state_v1:header6+3x20,"[1.0,-0.15,0.52,4.001837632850347,0.10125039670961929,1789558518.5670614,4.000415101728981,0.10107523569947564,0.0036904376666666654,0.0015402708368166432,0.0006967457530285155,0.0005695911408750389,0.004584685874999997,4.0018502984633955,0.09914640063175201,0.00143519673441439,-0.001928835067723636,-0.0019348590941280124,1.0062916311559549,1.2371900077594226e-07,-0.00014086317611002475,0.0028992851256143958,0.0028992851256143958,0.14191317406799903,0.9968865813419394,1.244973950958078e-07,4.001395569501439,0.10150169675292402,0.002796189458333334,-0.0009436740265465512,0.0016670945695080874,0.0007539427254564662,-0.0017884964166666626,4.0021335737218005,0.10259890914405916,0.000738004220361077,0.0010972123911351384,0.00109531812429606,0.9965615072759674,-2.4428143903183153e-08,0.0020178233997474064,-0.008629889055888148,-0.008629889055888148,0.1204440671988668,1.0017294216146526,-2.4344147908110435e-08,4.00070894270439,0.10117421508091592,0.0036904376666666654,0.001323534740176395,0.0009824287160714379,0.0005149416357394798,0.0032930326916666636,4.001644802716086,0.10516990056153153,0.0009358600116966542,0.003995685480615602,0.003971001538953913,0.9878327622741956,4.540549199547489e-07,0.005140826553574731,-0.01899772462052267,-0.01899772462052267,0.17662713249649986,1.0062160493818875,4.4853032580308837e-07]"
/multi_agv/m2b_algorithm_state,1789558518.5775306,1789558518.5775306,m2b_algorithm_state_v1:header6+3x20,"[1.0,-0.15,0.52,4.00285619408866,0.10125027606835761,1789558518.5773015,4.001412867611675,0.10107526986066247,0.0036904376666666654,0.0015400293122295214,0.0006967680846352124,0.0005696842160023252,0.004584685874999997,4.00290283962806,0.09990946931935457,0.0014899720163850105,-0.001165800541307896,-0.001167988548880656,1.0037701492168445,4.5165141032274976e-08,0.0006944764716006072,-0.00039247066333927523,-0.00039247066333927523,0.14190650421793033,0.9981266874792076,4.533542035336648e-08,4.002393325766965,0.10150167589648121,0.002796189458333334,-0.0009434124284471573,0.0016670787498513917,0.0007538375605857378,-0.0017884964166666626,4.003154731122812,0.10259890914405916,0.0007614053558473444,0.0010972332475779473,0.0010953389084854108,0.9965614417547323,-2.4422302517711288e-08,0.002047095603294591,-0.008733952957994373,-0.008733952957994373,0.12043986782934397,1.0017294547631435,-2.433832500802059e-08,4.001706705172404,0.10117424437171421,0.0036904376666666654,0.001323374827394125,0.0009824364560248487,0.0005150069256886327,0.0032930326916666636,4.002682838165087,0.10509165701329337,0.0009761329926831763,0.00391741264157916,0.003893672169446859,0.988060356115009,4.3641374496187384e-07,0.005113838410300829,-0.01885994411086067,-0.01885994411086067,0.1766140734621429,1.0060971933689202,4.3120312026051376e-07]"
/multi_agv/m2b_algorithm_state,1789558518.5873086,1789558518.5873086,m2b_algorithm_state_v1:header6+3x20,"[1.0,-0.15,0.52,4.003843432744081,0.10125035950209714,1789558518.587158,4.0024313904943645,0.10107498171629606,0.0036904376666666654,0.001542068231062605,0.0006965738818648141,0.0005689014436351721,0.004584685874999997,4.00390845860942,0.09990946931935457,0.0014770681150553244,-0.0011655123969414871,-0.0011676993267812129,1.0037692196987837,4.520263525289879e-08,0.0006786358170379426,-0.0003345634881648295,-0.0003345634881648295,0.14195250015455158,0.9981271464412382,4.537301391613095e-08,4.003411933809476,0.10150185085486194,0.002796189458333334,-0.0009456267616077384,0.0016672191624467203,0.000754724359513001,-0.0017884964166666626,4.0041874201282175,0.10259890914405916,0.0007754863187416916,0.0010970582891972197,0.001095164556174072,0.996561991392336,-2.447180280258822e-08,0.0020645224546011866,-0.008798186424911736,-0.008798186424911736,0.12046881234837233,1.0017291766908192,-2.438766853390787e-08,4.00272525796214,0.10117399563391481,0.0036904376666666654,0.0013247332249066751,0.0009823692422176846,0.0005144530751925039,0.0032930326916666636,4.003740617430606,0.10509165701329337,0.0010153594684654266,0.003917661379378559,0.003893917856257497,0.988059591125928,4.369175987601727e-07,0.005163117191839281,-0.01903601383885498,-0.01903601383885498,0.1767041033165825,1.0060975921931448,4.317006239866985e-07]"
/multi_agv/m2b_algorithm_state,1789558518.597208,1789558518.597208,m2b_algorithm_state_v1:header6+3x20,"[1.0,-0.15,0.52,4.004838640137784,0.10125039048286037,1789558518.5970194,4.003418654269395,0.10107518990529436,0.0036904376666666654,0.0015405867193635228,0.0006967009379550857,0.0005694775293390795,0.004584685874999997,4.004245361837083,0.09969163676993567,0.0008267075676879898,-0.0013835531353586922,-0.0013866399116505379,1.0044853581608415,6.364555334314932e-08,-0.0003532554520405506,0.003408172661227514,0.003408172661227514,0.1419295419287419,0.9977739164537882,6.393102644523828e-08,4.004399142614523,0.10150171662343749,0.002796189458333334,-0.000944012845246099,0.0016671296113255352,0.0007540713640210583,-0.0017884964166666626,4.005147017282603,0.10211525594494063,0.0007478746680797954,0.0006135393215031398,0.0006129448402238233,0.998066633271314,-7.64364268545509e-09,0.0015477881753235675,-0.0067271277470740964,-0.0067271277470740964,0.12045437208962068,1.0009698772879783,-7.628864721001067e-09,4.003712501348326,0.10117417197755955,0.0036904376666666654,0.0013237615347792497,0.000982410513300014,0.0005148527973479265,0.0032930326916666636,4.004485551335651,0.10297295388477137,0.0007730499873250807,0.0017987819072118189,0.0017936951418011068,0.9943827916600398,9.218959355307155e-08,0.002760007625957458,-0.009350027680878104,-0.009350027680878104,0.17665918261710703,1.0028359141373402,9.16717453993077e-08]"
/multi_agv/m2b_algorithm_state,1789558518.6071975,1789558518.6071975,m2b_algorithm_state_v1:header6+3x20,"[1.0,-0.15,0.52,4.0058385192016575,0.10125039091629955,1789558518.6070693,4.0044138712348065,0.1010752654887418,0.0036904376666666654,0.0015400504228473767,0.0006967494955000928,0.0005696847344655503,0.004584685874999997,4.005248522988601,0.09969163676993567,0.0008346517537942688,-0.0013836287188061236,-0.0013867158309893138,1.0044856024711908,6.363033033484303e-08,-0.00034340113874647775,0.0033728606303515237,0.0033728606303515237,0.1419138291064912,0.997773796105733,6.391575070183569e-08,4.0053943384797694,0.10150166933070011,0.002796189458333334,-0.000943429613841619,0.0016670950259554118,0.0007538365435192235,-0.0017884964166666626,4.005637386777097,0.10183957217561329,0.00024304829732724187,0.0003379028449131821,0.00033772215041284737,0.9989318639525439,-2.3174796568830245e-09,0.0006415325220718997,-0.0033757967273009473,-0.0033757967273009473,0.12044447960000476,1.0005350389369303,-2.3150042733222615e-09,4.004707710698777,0.1011742366291392,0.0036904376666666654,0.0013234069075000444,0.0009824268443302314,0.0005149980196974915,0.0032930326916666636,4.005521731203302,0.10297295388477137,0.0008140205045252813,0.0017987172556321734,0.0017936308578533236,0.9943829943679212,9.21582486204141e-08,0.002811156488509925,-0.00953307145883889,-0.00953307145883889,0.17662841501569043,1.0028358108116726,9.164059521887071e-08]"
/multi_agv/m2b_algorithm_state,1789558518.617086,1789558518.617086,m2b_algorithm_state_v1:header6+3x20,"[1.0,-0.15,0.52,4.00684091011527,0.10125037533738651,1789558518.6169918,4.005413750552178,0.10107526554618303,0.0036904376666666654,0.0015400509801448913,0.0006967509493922101,0.0005696837366671119,0.004584685874999997,4.006241516504537,0.09988655263924223,0.0008277659523594494,-0.0011887129069407948,-0.0011909881578708442,1.0038452408881506,4.695931080416063e-08,-0.00015628071742153252,0.0026253092700858818,0.0026253092700858818,0.1419146542870625,0.9980896107866286,4.713988066614416e-08,4.006394217156504,0.10150167015236451,0.002796189458333334,-0.0009434309069966448,0.001667093864536895,0.0007538377081949404,-0.0017884964166666626,4.006645969806231,0.102124116350773,0.0002517526497269884,0.0006224461984084828,0.000621834372369991,0.9980387639065406,-7.862284286423712e-09,0.0009365251845287265,-0.004556010537613212,-0.004556010537613212,0.12044499913345752,1.000983905145288,-7.846864490704138e-09,4.005707589896293,0.10117423705035106,0.0036904376666666654,0.0013234055524154239,0.0009824276576129607,0.0005149981840491522,0.0032930326916666636,4.006259849179035,0.10379001820803636,0.0005522592827418293,0.002615781157685307,0.0026050907614343466,0.991907444543738,1.9478076600047495e-07,0.0032954148648616332,-0.011668568815454338,-0.011668568815454338,0.1766300307370741,1.0041036559682375,1.9320449184980293e-07]"
/multi_agv/m2b_algorithm_state,1789558518.62703,1789558518.62703,m2b_algorithm_state_v1:header6+3x20,"[1.0,-0.15,0.52,4.007840948476717,0.10125037525208878,1789558518.6269526,4.0064161366176645,0.10107522749332469,0.0036904376666666654,0.0015403210526596027,0.0006967265400088958,0.000569579367955758,0.004584685874999997,4.007283767136142,0.10018381447893841,0.0008676305184778244,-0.0008914130143862775,-0.0008926896297394794,1.002873878451099,2.640667342176732e-08,0.00019184851835780102,0.0012613892889846716,0.0012613892889846716,0.14192437140958294,0.9985699225008647,2.6482562991479347e-08,4.007396613918845,0.10150169399142742,0.002796189458333334,-0.0009437247732561509,0.0016671114107245089,0.0007539559621227016,-0.0017884964166666626,4.007677910737622,0.10082853185258174,0.00028129681877775425,-0.000673162138845676,-0.0006738847846620506,1.0021524855836526,-9.2069027828908e-09,-0.0003222637611898578,0.0004998600070134057,0.0004998600070134057,0.12045111689190208,0.9989276418865325,-9.226720508401062e-09,4.0067099798093,0.10117420452740744,0.0036904376666666654,0.001323583963816728,0.0009824194747508402,0.0005149251060610582,0.0032930326916666636,4.0071803815779266,0.10288573058012138,0.0004704017686263384,0.0017115260527139353,0.001706917772145588,0.9946499494157701,8.345675935679307e-08,0.002294919982928511,-0.00764659924317722,-0.00764659924317722,0.17664905767419717,1.0026997671730575,8.301026147263833e-08]"
/multi_agv/m2b_algorithm_state,1789558518.6370764,1789558518.6370764,m2b_algorithm_state_v1:header6+3x20,"[1.0,-0.15,0.52,4.008844203224739,0.10125035465162902,1789558518.6369438,4.007416174858514,0.10107522774357591,0.0036904376666666654,0.001540318858359025,0.0006967260282376485,0.0005695805852879071,0.004584685874999997,4.008224244144888,0.09941416308335135,0.0008080692863732253,-0.0016610646602245593,-0.001665523216025415,1.00540188875691,9.173923040279392e-08,-0.0006554366080588833,0.00459659236244756,0.00459659236244756,0.14192576067153412,0.9973230299296004,9.223479552007435e-08,4.008396652475635,0.10150169343286163,0.002796189458333334,-0.0009437222010331191,0.001667111996753512,0.0007539545423185662,-0.0017884964166666626,4.00861499312321,0.10037864236667532,0.00021834064757531024,-0.0011230510661863063,-0.001125069259012446,1.003609380275555,-2.56333559420704e-08,-0.0008521434495433083,0.002572870145106639,0.002572870145106639,0.1204519915256727,0.99820616125632,-2.572587647140399e-08,4.0077100180960015,0.10117420457982877,0.0036904376666666654,0.001323583209223535,0.0009824191676989008,0.0005149255928581322,0.0032930326916666636,4.008127730314951,0.10203793507527073,0.00041771221894926214,0.0008637304954419583,0.0008625493097839867,0.9972738632399092,2.126761595592739e-08,0.0013846895834705643,-0.003996785766914865,-0.003996785766914865,0.17665177807217067,1.0013694123275891,2.120963752627044e-08]"
/multi_agv/m2b_algorithm_state,1789558518.6471157,1789558518.6471157,m2b_algorithm_state_v1:header6+3x20,"[1.0,-0.15,0.52,4.009845134526647,0.10125034953337296,1789558518.6470175,4.0084194229706664,0.10107517912487794,0.0036904376666666654,0.0015406622459333665,0.0006966924558668092,0.0005694492036471791,0.004584685874999997,4.009154951820877,0.09858149145787166,0.0007355288502104429,-0.002493687667006278,-0.0025037994292856714,1.0081859310871912,2.0692017078612809e-07,-0.0015843883665226178,0.008227336203888195,0.008227336203888195,0.14193853798848433,0.9959614327884568,2.0861400504473317e-07,4.009399915379953,0.10150172241001897,0.002796189458333334,-0.0009440946892261323,0.0016671364656417609,0.000754103275169879,-0.0017884964166666626,4.009629028723377,0.10112172790243695,0.00022911334342357037,-0.0003799945075820127,-0.00038022426901197445,1.0012110273089574,-2.9343444531731548e-09,-9.383258973251149e-05,-0.0004406435832327295,-0.0004406435832327295,0.12046003559351987,0.9993957212921765,-2.937898024439835e-09,4.0087132713235984,0.10117416241999011,0.0036904376666666654,0.0013238127916137322,0.0009824073612710645,0.0005148322190544471,0.0032930326916666636,4.009328809346671,0.10337565240177501,0.0006155380230721264,0.0022014899817849043,0.002193893873309745,0.9931567794352344,1.3805285070421148e-07,0.002963316402149903,-0.010274344904511986,-0.010274344904511986,0.1766767998031229,1.0034623864752854,1.371081245972479e-07]"
/multi_agv/m2b_algorithm_state,1789558518.656955,1789558518.656955,m2b_algorithm_state_v1:header6+3x20,"[1.0,-0.15,0.52,4.010839558480881,0.10125038573212304,1789558518.6568263,4.00942035232566,0.10107516913090245,0.0036904376666666654,0.0015407306903390773,0.0006966825325868341,0.0005694246974031452,0.004584685874999997,4.010216120675157,0.09997002360662008,0.0007957683494970169,-0.0011051455242823693,-0.0011071108804884741,1.0035715531134746,4.060446562265217e-08,-0.000112400443617203,0.002433678164621118,0.002433678164621118,0.1419430894704891,0.9982247882838641,4.074948662826772e-08,4.010400849263343,0.10150172646875295,0.002796189458333334,-0.0009441674963845334,0.0016671442100886225,0.0007541308061400215,-0.0017884964166666626,4.0106266255123835,0.10112172790243695,0.0002257762490405213,-0.0003799985663160005,-0.00038022833264859566,1.0012110402332226,-2.934633387960306e-09,-9.800802134794404e-05,-0.0004259117359797376,-0.0004259117359797376,0.12046290093964315,0.9993957148564004,-2.9381873470628845e-09,4.0097142019909375,0.10117415300046344,0.0036904376666666654,0.0013238619159266305,0.0009824032238673567,0.0005148130776605067,0.0032930326916666636,4.010273157286164,0.1025536445580571,0.0005589552952267596,0.0013794915575936623,0.0013764902989105733,0.9956714909281148,5.4241237249472275e-08,0.002075184417944023,-0.006702228717783913,-0.006702228717783913,0.17668571362037447,1.0021803703850758,5.400645356196766e-08]"
/multi_agv/m2b_algorithm_state,1789558518.6669507,1789558518.6669507,m2b_algorithm_state_v1:header6+3x20,"[1.0,-0.15,0.52,4.01183889087284,0.10125038975845847,1789558518.6669,4.010414787447814,0.10107525782840025,0.0036904376666666654,0.001540100834045167,0.0006967390752418362,0.0005696683033605402,0.004584685874999997,4.01123003874795,0.09997002360662008,0.0008152513001355999,-0.0011052342217801742,-0.0011071998924407122,1.0035718390816941,4.0594367554366925e-08,-8.813576727121231e-05,0.002347289143863953,0.002347289143863953,0.14192460008364843,0.9982246469910643,4.073936410289427e-08,4.01139525979804,0.10150167060892533,0.002796189458333334,-0.0009434820509294532,0.001667103951477067,0.0007538546304068638,-0.0017884964166666626,4.0116522244246715,0.10112172790243695,0.00025696462663127306,-0.0003799427064883759,-0.0003801724053512471,1.0012108623582157,-2.931641449705564e-09,-5.896662206215578e-05,-0.0005636618014852866,-0.0005636618014852866,0.1204512608601731,0.9993958034311855,-2.9351912639847973e-09,4.010708628196789,0.10117422875904354,0.0036904376666666654,0.0013234458937969019,0.000982422100782544,0.0005149835880111416,0.0032930326916666636,4.011313279013628,0.1025536445580571,0.0006046508168386922,0.0013794157990135586,0.001376414871333512,0.9956717293714309,5.4218220596190116e-08,0.002132228392381877,-0.006906094702832381,-0.006906094702832381,0.17664950546479105,1.00218024938741,5.398354946445035e-08]"
/multi_agv/m2b_algorithm_state,1789558518.6771119,1789558518.6771119,m2b_algorithm_state_v1:header6+3x20,"[1.0,-0.15,0.52,4.012837272645556,0.1012503996922872,1789558518.6769865,4.011414121244347,0.10107526664056769,0.0036904376666666654,0.0015400391369797032,0.0006967462791894969,0.0005696912993593979,0.004584685874999997,4.012109127315686,0.10102378732905037,0.0006950060713384332,-5.147931151731899e-05,-5.1483542238052576e-05,1.000164397816881,8.800114357004912e-11,0.0008172740469349889,-0.0013375913229408463,-0.0013375913229408463,0.14192349005976684,0.9999178238219504,8.801561076593507e-11,4.01239459041239,0.10150166593191973,0.002796189458333334,-0.0009434154158887696,0.001667098618649554,0.000753828520383748,-0.0017884964166666626,4.012406888677272,0.10043108048372629,1.22982648820269e-05,-0.0010705854481934396,-0.0010724187511488648,1.0034387198388497,-2.3285872125857072e-08,-0.0010570459200463312,0.0032749330808007526,0.0032749330808007526,0.12045056200260988,0.9982904971090245,-2.3365945716301172e-08,4.0117079609617825,0.10117423670288801,0.0036904376666666654,0.00132340318846127,0.0009824248334409976,0.0005150006777017457,0.0032930326916666636,4.011958184828778,0.10203416483100448,0.0002502238669954693,0.0008599281281164717,0.0008587572861491682,0.997285748199818,2.1077964294360748e-08,0.0011715371198935047,-0.003236195998240309,-0.003236195998240309,0.17664733182897638,1.0013634143036547,2.1020753391830606e-08]"
/multi_agv/m2b_algorithm_state,1789558518.6870277,1789558518.6870277,m2b_algorithm_state_v1:header6+3x20,"[1.0,-0.15,0.52,4.013841543123093,0.1012503717804068,1789558518.686935,4.0124125063330345,0.10107528922004627,0.0036904376666666654,0.0015398804170900318,0.000696763217638896,0.0005697512873400726,0.004584685874999997,4.012990904481587,0.09918319889122655,0.0005783981485523171,-0.0018920903288197205,-0.0018978854159545277,1.006169218415392,1.1901703063491188e-07,-0.0011748877302641314,0.006528407479941571,0.006528407479941571,0.1419190148150007,0.9969465558425757,1.1975127269205006e-07,4.013392968043916,0.10150165321668599,0.002796189458333334,-0.0009432437539367718,0.0016670861950789373,0.0007537605731963298,-0.0017884964166666626,4.013681936432628,0.09981486061325914,0.0002889683887126182,-0.0016867926034268427,-0.0016913649273037367,1.0054558502261175,-5.7819519979977217e-08,-0.001330154441412964,0.004505316111913708,0.004505316111913708,0.12044774448079558,0.9972966662586632,-5.813497462113398e-08,4.012706343559718,0.10117425664012937,0.0036904376666666654,0.0013232953712678454,0.0009824310559072291,0.0005150441755939509,0.0032930326916666636,4.012882338150383,0.10111367438902874,0.00017599459066452994,-6.058225110062987e-05,-6.0588102888629355e-05,1.0001932291233346,1.0467521805783494e-10,0.00015940513544203307,0.0007847854212302538,0.0007847854212302538,0.1766385688135295,0.9999034168802043,1.0469544435845512e-10]"
/multi_agv/m2b_algorithm_state,1789558518.6971471,1789558518.6971471,m2b_algorithm_state_v1:header6+3x20,"[1.0,-0.15,0.52,4.014841734979922,0.10125037081426545,1789558518.6970348,4.013416768193264,0.10107522087440422,0.0036904376666666654,0.001540365544798132,0.0006967196987265104,0.0005695636409301734,0.004584685874999997,4.013974782870596,0.09918319889122655,0.0005580146773320749,-0.001892021983177672,-0.001897816653995687,1.0061689964667178,1.1904595739522152e-07,-0.0012002983073305933,0.00661845599518115,0.00661845599518115,0.14193538730121544,0.9969466645759404,1.1978035148576967e-07,4.014397248892168,0.10150169616974346,0.002796189458333334,-0.0009437715429851255,0.001667117307225574,0.0007539731680099582,-0.0017884964166666626,4.014672080785274,0.09981486061325914,0.0002748318931056204,-0.0016868355564843146,-0.0016914081120622349,1.005455988652571,-5.7854809326632064e-08,-0.0013478682456802094,0.004567311430442382,0.004567311430442382,0.12045805208351838,0.9972965982926821,-5.8170464509814824e-08,4.013710612283846,0.10117419829707273,0.0036904376666666654,0.0013236155476325133,0.0009824165085856153,0.0005149129585613598,0.0032930326916666636,4.014172290988402,0.1001983988993646,0.0004616787045552684,-0.0009757993977081297,-0.0009773280919358413,1.0031447480989988,2.718032932374328e-08,-0.0004002297112417558,0.0031771836633272396,0.0031771836633272396,0.17667062958164892,0.9984358433566731,2.7265804612714284e-08]"
/multi_agv/m2b_algorithm_state,1789558518.7070448,1789558518.7070448,m2b_algorithm_state_v1:header6+3x20,"[1.0,-0.15,0.52,4.015837673950244,0.10125039680475227,1789558518.7069285,4.014416959639782,0.1010752192284567,0.0036904376666666654,0.0015403764885998355,0.0006967176655267686,0.0005695599548077217,0.004584685874999997,4.015300786381881,0.10092761736767607,0.000883826742099636,-0.00014760186078063842,-0.00014763666629929618,1.0004718763813092,7.236541096018716e-10,0.0009571467613252488,-0.0017893226755720248,-0.0017893226755720248,0.14193732026180683,0.999764248817518,7.239955848844301e-10,4.015397441313526,0.10150169656699663,0.002796189458333334,-0.0009437830113368422,0.0016671190008112902,0.0007539772581935389,-0.0017884964166666626,4.0158133307301975,0.10055207912039495,0.0004158894166712557,-0.000949617446601686,-0.0009510585381053522,1.0030459956975293,-1.8326543620538768e-08,-0.00043119676726628264,0.0010078444003554239,0.0010078444003554239,0.12045926898942627,0.9984847499434293,-1.8382366193557513e-08,4.01471080398646,0.10117419664734302,0.0036904376666666654,0.0013236238334914689,0.0009824156064154547,0.0005149098362283995,0.0032930326916666636,4.0152675452861715,0.1011254377517668,0.0005567412997118382,-4.875889557622026e-05,-4.8762685819056546e-05,1.0001554974187632,6.78211394092182e-11,0.0006471639388207412,-0.0009514727001209283,-0.0009514727001209283,0.1766744150626359,0.9999222716556191,6.783168542133392e-11]"
/multi_agv/m2b_algorithm_state,1789558518.7173758,1789558518.7173758,m2b_algorithm_state_v1:header6+3x20,"[1.0,-0.15,0.52,4.016853510604378,0.10125029397955403,1789558518.7171648,4.015412906770115,0.10107528182023201,0.0036904376666666654,0.001539933092715468,0.0006967590930210925,0.0005697306000604889,0.004584685874999997,4.016413167890131,0.10168248129170253,0.0010002611200157219,0.0006071994714705181,0.0006066138058949416,0.9980753574239418,1.2236376983911983e-08,0.001856940205914594,-0.005340132532001064,-0.005340132532001064,0.14192419564100692,1.0009654669410508,1.2212826331792047e-08,4.016393370378207,0.10150165810684662,0.002796189458333334,-0.0009433012897357585,0.001667089283889922,0.0007537839062830981,-0.0017884964166666626,4.016811588242518,0.10055207912039495,0.0004182178643112877,-0.0009495789864516768,-0.0009510199615573294,1.003045872586884,-1.831570852583906e-08,-0.0004282476311682198,0.0009978750396189766,0.0009978750396189766,0.12045100622253122,0.9984848108726414,-1.8371495840347272e-08,4.015706744702409,0.10117425048717814,0.0036904376666666654,0.0013233292726174402,0.0009824298065431057,0.0005150301305542043,0.0032930326916666636,4.0163455265276005,0.10191805250206931,0.0006387818251916144,0.0007438020148911734,0.0007429252758217307,0.9976491832471807,1.5769975211426432e-08,0.0015414025573112487,-0.004498517769824505,-0.004498517769824505,0.1766487134478326,1.0011801174330393,1.5732902889507866e-08]"
/multi_agv/m2b_algorithm_state,1789558518.7271407,1789558518.7271407,m2b_algorithm_state_v1:header6+3x20,"[1.0,-0.15,0.52,4.017854435308192,0.101250290819599,1789558518.726981,4.016428710945929,0.10107503538410928,0.0036904376666666654,0.0015416773278207306,0.0006965945137570977,0.0005690601522333247,0.004584685874999997,4.017435383908206,0.10168248129170253,0.0010066729622772996,0.0006074459075932487,0.0006068597656646231,0.998074575250267,1.2260194178614978e-08,0.0018652009685112478,-0.0053678940844862875,-0.0053678940844862875,0.14195250425153694,1.0009658605855731,1.223658809730694e-08,4.017409246589565,0.10150180839815212,0.002796189458333334,-0.000945195508975598,0.001667207955563299,0.0007545432557942988,-0.0017884964166666626,4.017822440304957,0.10055207912039495,0.00041319371539128014,-0.0009497292777571748,-0.0009511707077396475,1.0030463536680827,-1.8358286885984697e-08,-0.0004346785635005473,0.0010187999768204764,0.0010187999768204764,0.12046880998357122,0.9984845727788463,-1.841421272057953e-08,4.0167225742776385,0.10117403815640066,0.0036904376666666654,0.0013244894075096002,0.0009823730538461193,0.0005145567777420789,0.0032930326916666636,4.017370110747765,0.10191805250206931,0.0006475364701268305,0.0007440143456686477,0.0007431371048519975,0.9976485110638492,1.579282618265682e-08,0.0015525576925105354,-0.004537162402628539,-0.004537162402628539,0.17670409531795214,1.0011804562185398,1.575568952661775e-08]"
/multi_agv/m2b_algorithm_state,1789558518.7373774,1789558518.7373774,m2b_algorithm_state_v1:header6+3x20,"[1.0,-0.15,0.52,4.018839072864993,0.101250389712723,1789558518.7372088,4.017429633626055,0.10107503526667323,0.0036904376666666654,0.0015416706169894072,0.0006965838053677226,0.0005690686310013127,0.004584685874999997,4.018446984275235,0.10168248129170253,0.00101735064917996,0.0006074460250292957,0.0006068598828736238,0.9980745748775317,1.2260145556738095e-08,0.0018785481943485738,-0.005415385243692478,-0.005415385243692478,0.1419525065506905,1.0009658607731597,1.2236539564478033e-08,4.018410174427998,0.10150180180992352,0.002796189458333334,-0.000945183066910799,0.0016672173594161066,0.0007545329709735399,-0.0017884964166666626,4.018822794730336,0.10055207912039495,0.0004126203023382402,-0.0009497226895285732,-0.0009511640995693916,1.0030463325792254,-1.8357791001631893e-08,-0.0004353887216465913,0.0010213220540192182,0.0010213220540192182,0.12046880865524318,0.9984845832160079,-1.8413714938442774e-08,4.0177234978705245,0.10117403538220027,0.0036904376666666654,0.0013244969377512778,0.0009823669988844761,0.0005145566631285445,0.0032930326916666636,4.018384054723248,0.10191805250206931,0.0006605568527238148,0.0007440171198690448,0.0007431398724958799,0.9976485022814573,1.57930339146955e-08,0.0015688359384006484,-0.004595095570954565,-0.004595095570954565,0.17670409084036004,1.001180460644937,1.5755896631476226e-08]"
/multi_agv/m2b_algorithm_state,1789558518.747695,1789558518.747695,m2b_algorithm_state_v1:header6+3x20,"[1.0,-0.15,0.52,4.019847287676019,0.10125033663269432,1789558518.7475007,4.018414301702967,0.10107527792548072,0.0036904376666666654,0.0015399470623859556,0.0006967380662624473,0.0005697354817346289,0.004584685874999997,4.019434116734785,0.1005902700791879,0.0010198150318174726,-0.0004850078462928231,-0.0004853846089341384,1.001556478605274,7.813145210251094e-09,0.0007893841808377023,-0.0010396158543229243,-0.0010396158543229243,0.14193290890708482,0.99922378535623,7.825306203610748e-09,4.019394775326339,0.10150164869730374,0.002796189458333334,-0.0009433069710038456,0.001667107384037081,0.000753776953742194,-0.0017884964166666626,4.020142449360435,0.09974858535780093,0.0007476740340957022,-0.001753063339502814,-0.0017580044682907526,1.0056744442968446,-6.245894334182162e-08,-0.0008234119256711248,0.002745960681718071,0.002745960681718071,0.12045649179875459,0.9971893536808,-6.281336313665457e-08,4.018708141565674,0.10117424251538457,0.0036904376666666654,0.0013233591615922006,0.000982418367129023,0.0005150231250038609,0.0032930326916666636,4.019415604224933,0.10058192608256925,0.0007074626592586952,-0.0005923164328153208,-0.0005928780622081417,1.0019006233718881,1.0010192840282515e-08,0.0002914502618652274,0.0005569206795064023,0.0005569206795064023,0.17666577608468695,0.9990527067391748,1.0029218446751863e-08]"
/multi_agv/m2b_algorithm_state,1789558518.7573693,1789558518.7573693,m2b_algorithm_state_v1:header6+3x20,"[1.0,-0.15,0.52,4.020851516044061,0.10125031091422966,1789558518.7572408,4.01942249998908,0.10107514976480494,0.0036904376666666654,0.0015408546376722153,0.0006966541783029355,0.0005693857197377802,0.004584685874999997,4.020527402036071,0.10140522356710725,0.0011049020469906523,0.0003300738023023081,0.00032990037410610205,0.9989504658332099,3.618745671413656e-09,0.0017110279328444175,-0.004689089477236336,-0.004689089477236336,0.14195249495344095,1.0005256986951772,3.6149476741905834e-09,4.020403010183858,0.1015017275754683,0.002796189458333334,-0.00094429241782727,0.0016671675235171435,0.0007541728283219501,-0.0017884964166666626,4.0207585174634595,0.09818259432414611,0.0003555072796013192,-0.003319133251322187,-0.003337056147452171,1.0109347051156385,-2.2435973363220738e-07,-0.002892672047950522,0.010679003877695737,0.010679003877695737,0.12046881534984173,0.9946291295866665,-2.2681304115929878e-07,4.019716352855119,0.1011741325578097,0.0036904376666666654,0.0013239605491016698,0.0009823896598610384,0.0005147773793215105,0.0032930326916666636,4.020508670186079,0.10160290755710503,0.0007923173309594134,0.0004287749992953338,0.00042848295380617276,0.9986399772816176,5.244212909708227e-09,0.0014188796175054394,-0.003913913371515346,-0.003913913371515346,0.1767041134488219,1.0006815801808844,5.23708066101099e-09]"
/multi_agv/m2b_algorithm_state,1789558518.7672935,1789558518.7672935,m2b_algorithm_state_v1:header6+3x20,"[1.0,-0.15,0.52,4.02185104575472,0.1012503159647864,1789558518.7671602,4.020426719873316,0.10107509147400766,0.0036904376666666654,0.0015412634154457787,0.0006966107775095757,0.0005692311063827279,0.004584685874999997,4.021548450319521,0.10140522356710725,0.0011217304462052269,0.00033013209309959435,0.00032995860358302074,0.9989502803521283,3.6209851069598112e-09,0.0017321216613395544,-0.004763678551094,-0.004763678551094,0.14195250320726208,1.000525791765057,3.6171840877483845e-09,4.021407249187566,0.10150176002946831,0.002796189458333334,-0.0009447333165917256,0.0016671994305124116,0.0007543473457159722,-0.0017884964166666626,4.021747117122066,0.09818259432414611,0.0003398679345005817,-0.0033191657053222023,-0.0033370889485335085,1.0109348112896241,-2.2446884995815767e-07,-0.0029122540304077813,0.010747257082977319,0.010747257082977319,0.12046881058930617,0.9946290783710808,-2.2692337447284908e-07,4.020720579071303,0.101174081239213,0.0036904376666666654,0.001324237216650866,0.0009823735634141963,0.0005146658273973959,0.0032930326916666636,4.021531708947845,0.10160290755710503,0.0008111298765420827,0.0004288263178920393,0.0004285342024012191,0.9986398143516823,5.24656549616309e-09,0.0014424465480788223,-0.003997450203187106,-0.003997450203187106,0.17670409737144893,1.0006816620218022,5.23942919307225e-09]"
/multi_agv/m2b_algorithm_state,1789558518.7770095,1789558518.7770095,m2b_algorithm_state_v1:header6+3x20,"[1.0,-0.15,0.52,4.022837432384552,0.10125040317521065,1789558518.7768745,4.021426250630156,0.10107510848328388,0.0036904376666666654,0.0015411375531214455,0.0006966155207010153,0.0005692831952748527,0.004584685874999997,4.022277029663477,0.10055901016972586,0.0008507790333212029,-0.0005160983135580194,-0.0005165250287192633,1.001656839830614,8.85398060174884e-09,0.0005469487629322403,-0.0001651067301295041,-0.0001651067301295041,0.14195250300320578,0.9991738732152013,8.868650229469301e-09,4.022406778066811,0.10150174514529871,0.002796189458333334,-0.0009445923559500439,0.0016671969362720418,0.0007542875415369049,-0.0017884964166666626,4.022567010096555,0.09735580595167713,0.00016023202974402295,-0.004145939193621578,-0.004174078059054413,1.0137857797648666,-3.5035208059661066e-07,-0.003973788021874384,0.014790037879394508,0.014790037879394508,0.12046881070304928,0.9932586633420053,-3.5518195721987836e-07,4.0217201085671945,0.10117409426577663,0.0036904376666666654,0.0013241606482807086,0.0009823735586316218,0.0005146990192269243,0.0032930326916666636,4.021961906878154,0.09949327792769158,0.00024179831095949567,-0.0016808163380850477,-0.001685376175714837,1.0054601026869066,8.071615477774152e-08,-0.0013831282870154673,0.006956803775320547,0.006956803775320547,0.1767040977651819,0.997294468917092,8.115687327132024e-08]"
/multi_agv/m2b_algorithm_state,1789558518.7872832,1789558518.7872832,m2b_algorithm_state_v1:header6+3x20,"[1.0,-0.15,0.52,4.023846417558986,0.10125034460080735,1789558518.787195,4.022412664568916,0.10107532037966903,0.0036904376666666654,0.0015396341381956652,0.0006967534618322439,0.0005698631133213919,0.004584685874999997,4.023251769318532,0.10067249500876822,0.0008391047496152382,-0.0004028253709008056,-0.00040308510819346896,1.0012915381115806,5.388263778352183e-09,0.0006457958288255787,-0.0005686192359850993,-0.0005686192359850993,0.14193211491146235,0.999355626671927,5.395222926377174e-09,4.0233931317008675,0.10150161316490784,0.002796189458333334,-0.0009429565569212591,0.0016670979489461502,0.0007536299690916043,-0.0017884964166666626,4.023810267211984,0.09912706809650447,0.0004171355111166619,-0.002374545068403372,-0.002383653189378201,1.0077401612521433,-1.1459803650531551e-07,-0.0018622338004823736,0.00667200061406687,0.00667200061406687,0.12045599193617987,0.9961789235886261,-1.1548504378704565e-07,4.0227065008838725,0.10117427598105505,0.0036904376666666654,0.001323164296684927,0.0009824201094275507,0.000515106684941806,0.0032930326916666636,4.023076364587873,0.10076986939604125,0.0003698637040008279,-0.00040440658501379734,-0.0004046680191186269,1.0012949016007646,4.66499008523263e-09,5.7661610882408e-05,0.0013005030160431006,0.0013005030160431006,0.17666422120867464,0.9993539541241758,4.671030788361549e-09]"
/multi_agv/m2b_algorithm_state,1789558518.7972746,1789558518.7972746,m2b_algorithm_state_v1:header6+3x20,"[1.0,-0.15,0.52,4.024844419891518,0.10125035822330487,1789558518.797149,4.023421631795229,0.1010751773189548,0.0036904376666666654,0.0015406486481104897,0.0006966622985929755,0.0005694707838397871,0.004584685874999997,4.024411567896214,0.101803880633696,0.0009899361009848562,0.0007287033147412025,0.0007278605818434235,0.9976934085420653,1.7630138079448713e-08,0.001965280708074494,-0.005782744378441068,-0.005782744378441068,0.1419524959407382,1.001157821866991,1.7589472553552447e-08,4.024402138497485,0.10150170261229916,0.002796189458333334,-0.0009440588519586375,0.0016671628154956153,0.000754074034475416,-0.0017884964166666626,4.024772148100214,0.09800230255365197,0.0003700096027294819,-0.003499400058647184,-0.003519349722233459,1.0115519388362757,-2.493589641146827e-07,-0.0030568377188216066,0.01132707956802603,0.01132707956802603,0.12046881478276637,0.9943314347362971,-2.522395436164126e-07,4.023715482384245,0.1011741538711681,0.0036904376666666654,0.0013238336603956214,0.0009823893976715235,0.0005148325168988473,0.0032930326916666636,4.024050177624632,0.10186873839886976,0.00033469524038753917,0.0006945845277016582,0.0006938196918860021,0.9978035055950863,1.375775391695176e-08,0.001112188742370426,-0.002947375649095901,-0.002947375649095901,0.17670411153832993,1.0011023553015295,1.3727535087448998e-08]"
/multi_agv/m2b_algorithm_state,1789558518.8070269,1789558518.8070269,m2b_algorithm_state_v1:header6+3x20,"[1.0,-0.15,0.52,4.025837546219088,0.10125040212276376,1789558518.8069215,4.024419638376641,0.10107521147551775,0.0036904376666666654,0.001540404725470059,0.0006966834347828402,0.0005695655202063469,0.004584685874999997,4.025531729026624,0.10285396507589555,0.0011120906499826333,0.001778753600377797,0.001773772021225639,0.9944365540270201,1.0495060049003417e-07,0.0031638853337039308,-0.010566395759027864,-0.010566395759027864,0.14195249297695478,1.0028084664165104,1.0436671349437608e-07,4.025400135791579,0.10150168027862912,0.002796189458333334,-0.0009437918618826306,0.0016671477001857227,0.0007539661659727026,-0.0017884964166666626,4.025606864219143,0.09649459805348992,0.00020672842756397358,-0.005007082225139195,-0.005048390868297841,1.016810291681593,-5.10844651998047e-07,-0.004789980333842874,0.017965124997288445,0.017965124997288445,0.12046881648935315,0.9918174633786678,-5.19432099602116e-07,4.024713485506331,0.10117418291576778,0.0036904376666666654,0.0013236729527025775,0.000982396112560036,0.0005148986845877482,0.0032930326916666636,4.024981334518556,0.10066662344697545,0.00026784901222498547,-0.000507559468792329,-0.0005079716028855001,1.0016270956453848,7.351675935738562e-09,-0.00017316033760426822,0.002165304740551024,0.002165304740551024,0.1767041173065058,0.999188667061643,7.363637815639882e-09]"
/multi_agv/m2b_algorithm_state,1789558518.817155,1789558518.817155,m2b_algorithm_state_v1:header6+3x20,"[1.0,-0.15,0.52,4.026845728711586,0.10125034878139615,1789558518.817012,4.025412778761942,0.10107531645305856,0.0036904376666666654,0.0015396612449235566,0.0006967543982872469,0.0005698508765909767,0.004584685874999997,4.026435063733849,0.10093817606505709,0.0010222849719063731,-0.0001371403880014721,-0.00013717043217853497,1.0004383790196494,6.244145779129478e-10,0.0011406857827044314,-0.0024461135799266065,-0.0024461135799266065,0.14193627878952086,0.9997809719151153,6.24688308163468e-10,4.0263932449786255,0.10150161629893406,0.002796189458333334,-0.0009429835269570597,0.001667096278612945,0.0007536425285109005,-0.0017884964166666626,4.0265667158638685,0.09649459805348992,0.00017347088524299892,-0.005007018245444139,-0.0050483258483041285,1.0168100790821282,-5.103942130565727e-07,-0.00483148724175038,0.018110555204927454,0.018110555204927454,0.12045861332707372,0.991817564059605,-5.189739801411143e-07,4.025706614916696,0.10117427361629866,0.0036904376666666654,0.0013231771020961298,0.000982420562665576,0.0005151008985508037,0.0032930326916666636,4.025884761275713,0.09961189893953631,0.00017814635901736153,-0.0015623746767623459,-0.0015663109979886553,1.0050685639574377,6.968394590921924e-08,-0.0013436280492169534,0.006765767770801156,0.006765767770801156,0.17667237546112413,0.9974868840023697,7.003714344586674e-08]"
/multi_agv/m2b_algorithm_state,1789558518.8272655,1789558518.8272655,m2b_algorithm_state_v1:header6+3x20,"[1.0,-0.15,0.52,4.027847697321528,0.10125033706829556,1789558518.827141,4.026420944919723,0.10107518601750695,0.0036904376666666654,0.0015405864439259655,0.0006966714538270578,0.0005694929846952855,0.004584685874999997,4.027242333745368,0.0997801348840049,0.0008213888256456414,-0.0012950511335020481,-0.0012977538326100152,1.0041942551738199,5.576017165220351e-08,-0.00027101780055296346,0.003078514651746295,0.003078514651746295,0.14195249660629536,0.9979174023300463,5.5994044040648846e-08,4.027401447130997,0.10150169801489503,0.002796189458333334,-0.0009439890309240247,0.0016671552582332438,0.0007540477004966822,-0.0017884964166666626,4.027847135488893,0.0986666502384598,0.00044568835789604577,-0.002835047776435229,-0.002848076324435853,1.0092892465590688,-1.6358449762660278e-07,-0.0022909658770657957,0.008369972715593761,0.008369972715593761,0.12046881439572539,0.9954254919754637,-1.6510407435829771e-07,4.026714794084039,0.10117416231178643,0.0036904376666666654,0.0013237874506761582,0.0009823926890595754,0.0005148508349761532,0.0032930326916666636,4.026952195967712,0.10057473557557153,0.00023740188367327164,-0.0005994267362148947,-0.0006000019618995884,1.0019235956950059,1.0255336777302706e-08,-0.0003032496073079988,0.0026672384743898652,0.0026672384743898652,0.17670411023734747,0.9990412936603199,1.027506389897836e-08]"
/multi_agv/m2b_algorithm_state,1789558518.8371916,1789558518.8371916,m2b_algorithm_state_v1:header6+3x20,"[1.0,-0.15,0.52,4.028846280765283,0.10125034724456082,1789558518.837064,4.027422909738723,0.10107515954714054,0.0036904376666666654,0.001540771676959533,0.0006966518650447279,0.0005694228829313057,0.004584685874999997,4.028199898547198,0.09982785459006167,0.0007769888084752097,-0.0012473049570788652,-0.0012498111416176742,1.0040374473874607,5.1728961127815515e-08,-0.00027857513102366206,0.0030842700013292553,0.0030842700013292553,0.14195250079544325,0.9979947494022455,5.193781408677707e-08,4.028403420497615,0.10150171261432632,0.002796189458333334,-0.0009441882634295385,0.0016671695282628463,0.0007541266380922534,-0.0017884964166666626,4.028830469327833,0.0986666502384598,0.00042704883021738027,-0.0028350623758665178,-0.0028480910569317454,1.0092892941088716,-1.6362069848434318e-07,-0.00231428001916002,0.00845169846243288,0.00845169846243288,0.12046881197816227,0.9954254689176745,-1.6514061927486323e-07,4.027716761728245,0.10117413904341985,0.0036904376666666654,0.0013239125950554724,0.0009823853555462224,0.0005148004043398716,0.0032930326916666636,4.028031484770492,0.1014002510146905,0.0003147230422468894,0.0002261119712706483,0.00022603063124000255,0.9992811482396663,1.4585294598472268e-09,0.0006194344340486143,-0.0009786650315103894,-0.0009786650315103894,0.17670410205742332,1.0003598628654866,1.457480993377517e-09]"
/multi_agv/m2b_algorithm_state,1789558518.8472185,1789558518.8472185,m2b_algorithm_state_v1:header6+3x20,"[1.0,-0.15,0.52,4.029849573565386,0.10125032708978043,1789558518.8470976,4.02842149623452,0.10107518612097104,0.0036904376666666654,0.0015405808402063513,0.000696666901207621,0.0005694977816854685,0.004584685874999997,4.029214711380999,0.09982785459006167,0.0007932151464791204,-0.0012473315309093624,-0.0012498378218439585,1.0040375331755138,5.172475260815565e-08,-0.000258318888745058,0.0030125028127407846,0.0030125028127407846,0.14195249888487524,0.9979947070805568,5.1933593012806324e-08,4.029402000416084,0.1015016943343216,0.002796189458333334,-0.000943978627333824,0.001667158952404435,0.000754041269282385,-0.0017884964166666626,4.029872467575365,0.09828000288805523,0.00047046715928100724,-0.00322169144626637,-0.003238565064048623,1.0106020853878583,-2.1129645260041466e-07,-0.002650481114947364,0.009790350089015088,0.009790350089015088,0.12046881308586081,0.9947897857697635,-2.135366356330358e-07,4.028715345645244,0.10117416127838978,0.0036904376666666654,0.0013237884917394797,0.000982389772087977,0.0005148519009565318,0.0032930326916666636,4.029062282001414,0.1014002510146905,0.00034693635616989127,0.0002260897363007136,0.0002260084122774047,0.9992812189637921,1.4581058004303405e-09,0.0006596788574897688,-0.0011217610017730095,-0.0011217610017730095,0.17670410580508042,1.0003598274174375,1.4570577416322064e-09]"
/multi_agv/m2b_algorithm_state,1789558518.8571434,1789558518.8571434,m2b_algorithm_state_v1:header6+3x20,"[1.0,-0.15,0.52,4.030836869878637,0.10125040828367766,1789558518.8569243,4.029424782598575,0.10107513945006721,0.0036904376666666654,0.0015409089388679444,0.0006966338355644194,0.0005693727635732224,0.004584685874999997,4.0303898938604,0.10174264064462622,0.0009651112618254132,0.0006675011945590087,0.0006667937477247397,0.9978856632790628,1.4796221571848025e-08,0.0018731828250065062,-0.005425599847377945,-0.005425599847377945,0.14195250544853058,1.001060968007998,1.4764937377247544e-08,4.0304053011960566,0.10150172120597861,0.002796189458333334,-0.0009443328237778107,0.0016671828920129528,0.000754182348594562,-0.0017884964166666626,4.030741582614884,0.09703640289986762,0.0003362814188276886,-0.0044653183061109936,-0.0044980379426147726,1.0149009255150006,-4.0637775007582814e-07,-0.004077686169080162,0.015275833723557933,0.015275833723557933,0.1204688092913295,0.9927257980210015,-4.1243315466066156e-07,4.029718636901525,0.10117412061329545,0.0036904376666666654,0.0013240086052720965,0.0009823777637605786,0.0005147627365414621,0.0032930326916666636,4.029950262439319,0.10037732481391094,0.00023162553779343398,-0.000796795799384506,-0.0007978137047825154,1.002562679446856,1.812606344039686e-08,-0.0005082817825407229,0.003480902641899047,0.003480902641899047,0.17670409299779463,0.9987241314709091,1.8172514730627976e-08]"
/multi_agv/m2b_algorithm_state,1789558518.86714,1789558518.86714,m2b_algorithm_state_v1:header6+3x20,"[1.0,-0.15,0.52,4.031840085994522,0.10125038664412321,1789558518.8669147,4.030412104479472,0.10107533576747012,0.0036904376666666654,0.001539517018529874,0.0006967629898802835,0.0005699089238038052,0.004584685874999997,4.031401507373184,0.09962311549068985,0.0009894028937118549,-0.0014522202767802694,-0.001455622809398373,1.0047116073009548,7.007443190472867e-08,-0.00021886919225855435,0.002962816057749333,0.002962816057749333,0.14194015233128676,0.9976624901752469,7.040459510970125e-08,4.03139256652161,0.10150159979131108,0.002796189458333334,-0.000942819019133206,0.0016670899289197294,0.0007535745229002577,-0.0017884964166666626,4.031933951805803,0.09813214088173053,0.0005413852841922306,-0.0033694589095805555,-0.003387936462521186,1.0111067927867763,-2.3086167475443086e-07,-0.002711204857280898,0.010064364287810828,0.010064364287810828,0.12046105189501242,0.9945460745368051,-2.3342580753833648e-07,4.030705938634829,0.10117428929225179,0.0036904376666666654,0.0013230847332951945,0.0009824216700824893,0.0005151403607297107,0.0032930326916666636,4.031120716004982,0.10034491911409976,0.0004147773701532742,-0.0008293701781520307,-0.0008304732808777751,1.0026684224842437,1.9625127547442902e-08,-0.00031200156818618236,0.002799615653863566,0.002799615653863566,0.17667996137076156,0.9986717179816088,1.967749567904665e-08]"
/multi_agv/m2b_algorithm_state,1789558518.877046,1789558518.877046,m2b_algorithm_state_v1:header6+3x20,"[1.0,-0.15,0.52,4.032842251079754,0.10125037244257784,1789558518.8768816,4.031415314469315,0.10107527999584814,0.0036904376666666654,0.0015399150253956298,0.0006967318307530938,0.0005697526117529216,0.004584685874999997,4.032397646575955,0.09962311549068985,0.000982332106640449,-0.001452164505158296,-0.0014555667775578765,1.0047114269155895,7.008717980429702e-08,-0.0002276516442573154,0.0029942044996746917,0.0029942044996746917,0.1419524896319516,0.9976625789678376,7.041739042966474e-08,4.032395789743784,0.10150163713702348,0.002796189458333334,-0.0009432528372298483,0.0016671112477855132,0.0007537514787008259,-0.0017884964166666626,4.0329151826386544,0.09813214088173053,0.0005193928948701299,-0.003369496255292953,-0.0033879742137806956,1.0111069150210195,-2.3097298658121057e-07,-0.0027387330951930333,0.010160478695374862,0.010160478695374862,0.12046881842305326,0.9945460156064404,-2.3353838391531915e-07,4.031709153770469,0.101174242799498,0.0036904376666666654,0.0013233422654163264,0.000982412068352501,0.0005150337250680831,0.0032930326916666636,4.032124072577762,0.10034491911409976,0.00041491880729349617,-0.0008293236853982311,-0.0008304266647565587,1.0026682731659222,1.9626750401349453e-08,-0.0003117781556396885,0.0027990617894420276,0.0027990617894420276,0.17670412383248607,0.9986717919773795,1.9679119932779626e-08]"
/multi_agv/m2b_algorithm_state,1789558518.8875628,1789558518.8875628,m2b_algorithm_state_v1:header6+3x20,"[1.0,-0.15,0.52,4.033843791920689,0.10125036269120387,1789558518.887444,4.0324174754619095,0.10107524406546621,0.0036904376666666654,0.0015401707378448924,0.0006967109209451644,0.0005696526472418722,0.004584685874999997,4.033236701803118,0.09847861789509274,0.0008192263412087897,-0.00259662617037347,-0.002607598463286935,1.0085336934502023,2.2429939827332938e-07,-0.0015835655367759478,0.00826734562714166,0.00826734562714166,0.14195249417347067,0.9957921846220011,2.262135005792588e-07,4.033397959636755,0.1015016606312482,0.002796189458333334,-0.0009435310365329447,0.0016671256710019122,0.0007538645660110505,-0.0017884964166666626,4.0339012108574765,0.09813214088173053,0.000503251220721701,-0.0033695197495176715,-0.003387997963137738,1.0111069919186928,-2.3104430926839512e-07,-0.002758933937235612,0.010231048149800479,0.010231048149800479,0.120468815801101,0.9945459785333065,-2.3361051654429914e-07,4.032711318140598,0.10117421263101914,0.0036904376666666654,0.0013235086815248428,0.000982405393123954,0.0005149650623757192,0.0032930326916666636,4.033125445277197,0.1002789088681229,0.0004141271365991628,-0.0008953037628962324,-0.0008965898680756732,1.0028827080043268,2.287786077805188e-08,-0.00037893094732671976,0.003066119014033065,0.003066119014033065,0.1767041149779057,0.9985655590976048,2.2943810970438646e-08]"
/multi_agv/m2b_algorithm_state,1789558518.8972964,1789558518.8972964,m2b_algorithm_state_v1:header6+3x20,"[1.0,-0.15,0.52,4.0348435579071875,0.10125036455241099,1789558518.8971968,4.033419013418808,0.1010752200864187,0.0036904376666666654,0.0015403406561035914,0.0006966960894381194,0.0005695867093222726,0.004584685874999997,4.0342782062973725,0.09906874093759248,0.0008591928785648406,-0.0020064791488262207,-0.002013001735972629,1.006550617939203,1.338929374595449e-07,-0.0009390106377665784,0.005746621440958192,0.005746621440958192,0.14195249758657763,0.9967597707295284,1.3477001893759998e-07,4.034399503927227,0.10150167571447882,0.002796189458333334,-0.0009437153345414812,0.0016671360196101048,0.0007539390698248771,-0.0017884964166666626,4.034940936666547,0.09802213848097073,0.000541432739320058,-0.0034795372335080926,-0.0034992581267290685,1.0114838134683661,-2.464434685859063e-07,-0.002822467202578996,0.010497964799971364,0.010497964799971364,0.1204688138311073,0.9943642645078571,-2.49273579409644e-07,4.0337128584160356,0.10117419227271407,0.0036904376666666654,0.001323620257062189,0.0009824004219548326,0.0005149192845356853,0.0032930326916666636,4.034129222830373,0.10057266395126017,0.0004163644143373446,-0.0006015283214538952,-0.0006021075966395484,1.0019303849190064,1.0326082325939462e-08,-8.16520787178676e-05,0.0018830198340299004,0.0018830198340299004,0.1767041083224629,0.9990379208153389,1.0346015639533874e-08]"
/multi_agv/m2b_algorithm_state,1789558518.9070268,1789558518.9070268,m2b_algorithm_state_v1:header6+3x20,"[1.0,-0.15,0.52,4.035837194924599,0.101250405059151,1789558518.906888,4.0344187800828175,0.10107522464709758,0.0036904376666666654,0.0015403078964899473,0.0006966992800020216,0.0005695992496861199,0.004584685874999997,4.03531671461423,0.0997164155706436,0.0008979345314124032,-0.0013588090764539706,-0.0013617858731434951,1.0044039093318131,6.137723326529462e-08,-0.00023936770887799112,0.0029946423460286377,0.0029946423460286377,0.14195249780949537,0.9978140493683835,6.164753303563252e-08,4.035399269088612,0.10150167277039387,0.002796189458333334,-0.0009436791068309523,0.0016671335442719482,0.0007539246539486621,-0.0017884964166666626,4.035462418375458,0.09743566151516375,6.314928684592047e-05,-0.004066011255230123,-0.004093059385747923,1.0135079260673583,-3.3663131736639943e-07,-0.004014122777190522,0.014901249673545607,0.014901249673545607,0.12046881370267115,0.9933917082630217,-3.411785083133422e-07,4.034712624550134,0.10117419623974151,0.0036904376666666654,0.0013235982287429391,0.000982401447903669,0.0005149282992947665,0.0032930326916666636,4.035149103563747,0.10057266395126017,0.00043647901361243413,-0.0006015322884813379,-0.000602111571293898,1.001930397633139,1.0326046511760986e-08,-5.6512804278355385e-05,0.0017939464126272126,0.0017939464126272126,0.17670410789150964,0.9990379144992758,1.0345979887506973e-08]"
/multi_agv/m2b_algorithm_state,1789558518.9170842,1789558518.9170842,m2b_algorithm_state_v1:header6+3x20,"[1.0,-0.15,0.52,4.036844121400942,0.10125035974474449,1789558518.9169843,4.035412430084017,0.10107532107044725,0.0036904376666666654,0.0015396256936731291,0.0006967649150324104,0.0005698608163207993,0.004584685874999997,4.036312434420975,0.0995617948374853,0.0009000043369580268,-0.0015135262329619564,-0.001517223815458363,1.004913904109336,7.612427129581872e-08,-0.00039221839426082945,0.003602111749758058,0.003602111749758058,0.1419475722460125,0.9975629287790415,7.649833866535945e-08,4.036392890226121,0.10150161447663456,0.002796189458333334,-0.0009429381432739829,0.001667085904564658,0.0007536282524506638,-0.0017884964166666626,4.036525067892483,0.09841878179817785,0.00013217766636230976,-0.003082832678456701,-0.0030982669615213006,1.0101293197604089,-1.9324438690185218e-07,-0.0029330448785684134,0.010726944141491467,0.010726944141491467,0.12046572299562049,0.9950184140823614,-1.952018210886852e-07,4.035706264463659,0.10117427963037119,0.0036904376666666654,0.0013231429994058595,0.0009824242525714238,0.0005151137614170568,0.0032930326916666636,4.035691836720093,0.09851136931792828,-1.442774356608112e-05,-0.0026629103124429093,-0.0026744403891456143,1.0087464957115102,2.0257250665098453e-07,-0.0026924750686032157,0.011977064052034515,0.011977064052034515,0.17669449323917885,0.9956887890455512,2.0434430621167723e-07]"
/multi_agv/m2b_algorithm_state,1789558518.9272647,1789558518.9272647,m2b_algorithm_state_v1:header6+3x20,"[1.0,-0.15,0.52,4.037843742122706,0.10125036264823427,1789558518.9269948,4.036419342735237,0.10107520959632207,0.0036904376666666654,0.0015404172729227075,0.0006966948068543029,0.0005695541662686793,0.004584685874999997,4.037653876219516,0.09741233876582535,0.0012345334842791544,-0.0036628708304967256,-0.0036848798500059743,1.0121825588901636,4.467037596708569e-07,-0.0021417129946570313,0.010669884258386898,0.010669884258386898,0.14195250008488997,0.9940272083744568,4.5214575452950463e-07,4.037399833272846,0.10150168496552002,0.002796189458333334,-0.0009437992683337996,0.0016671356157109685,0.0007539756623265864,-0.0017884964166666626,4.037979547866523,0.09949161282506944,0.0005797145936767834,-0.0020100721404505834,-0.0020165808756525414,1.006525242439572,-8.217189856475418e-08,-0.0012919376335565622,0.004508282451121292,0.004508282451121292,0.12046881238453228,0.9967723906933055,-8.270809012460912e-08,4.036713188194744,0.10117418467239138,0.0036904376666666654,0.0013236645622977882,0.000982400951027796,0.0005148998047811958,0.0032930326916666636,4.037152937120031,0.09934319308516705,0.0004397489252871978,-0.0018309915872243288,-0.0018364087568526258,1.0059580085788398,9.575761834423777e-08,-0.0012867226002436286,0.006680427506757788,0.006680427506757788,0.17670410344748633,0.997050128623008,9.6328143055822e-08]"
/multi_agv/m2b_algorithm_state,1789558518.9371097,1789558518.9371097,m2b_algorithm_state_v1:header6+3x20,"[1.0,-0.15,0.52,4.038842890835989,0.10125036845221623,1789558518.936947,4.0374189643646945,0.1010752170922847,0.0036904376666666654,0.0015403634652333006,0.0006966992099192377,0.0005695751994159974,0.004584685874999997,4.038624818217603,0.09741233876582535,0.0012058538529089446,-0.003662878326459354,-0.00368488743508847,1.0121825836326719,4.466899709431067e-07,-0.002177570118952289,0.01079542498287694,0.01079542498287694,0.14195250004785204,0.994027196483795,4.5213180887199687e-07,4.0383994529265985,0.10150167988523358,0.002796189458333334,-0.0009437401679957217,0.0016671324116792618,0.0007539517109979715,-0.0017884964166666626,4.038971214698191,0.09949161282506944,0.0005717617715923495,-0.002010067060164142,-0.002016575762661242,1.0065252260184154,-8.216633929397226e-08,-0.001301873548170805,0.004543357710757417,0.004543357710757417,0.12046881241128482,0.9967723987277769,-8.270249322897123e-08,4.037712809076823,0.10117419096718448,0.0036904376666666654,0.0013236294967641183,0.000982402284803596,0.0005149143105406383,0.0032930326916666636,4.038154120297262,0.09952167050142308,0.0004413112204391112,-0.0016525204657614062,-0.001656927124106848,1.005366465587026,7.798857113778529e-08,-0.001105288098557959,0.005963705597100231,0.005963705597100231,0.17670410353039873,0.9973404633907378,7.840709412097755e-08]"
/multi_agv/m2b_algorithm_state,1789558518.947111,1789558518.947111,m2b_algorithm_state_v1:header6+3x20,"[1.0,-0.15,0.52,4.039844484613423,0.1012503585152566,1789558518.9469995,4.038418114949974,0.1010752312070668,0.0036904376666666654,0.0015402631340973687,0.0006967085167490332,0.0005696138478618301,0.004584685874999997,4.039867869838027,0.0997992325439596,0.0014497548880525457,-0.0012759986631071946,-0.0012786220460131103,1.0041316599941759,5.411950946103113e-08,0.0005335715640525718,0.00022653281837575886,0.00022653281837575886,0.14195249915999483,0.9979482733665543,5.4343112873175694e-08,4.039398599368082,0.10150167106129833,0.002796189458333334,-0.0009436307500607579,0.0016671255962785736,0.0007539078272462835,-0.0017884964166666626,4.0399942497730175,0.09980038629993254,0.0005956504049358102,-0.0017012847613657872,-0.001705936497327769,1.0055036236313701,-5.884200223044505e-08,-0.0009613734911580062,0.003209925667434416,0.003209925667434416,0.12046881292405939,0.997273206846053,-5.916584646443767e-08,4.038711958189911,0.10117420308828358,0.0036904376666666654,0.001323562926697623,0.0009824054121610358,0.0005149415393429996,0.0032930326916666636,4.039109262106444,0.09814229153428175,0.0003973039165332537,-0.0030319115540018288,-0.003046900042253401,1.0099998415985478,2.627496776447131e-07,-0.0025502701465868337,0.011628037307661541,0.011628037307661541,0.1767041052642435,0.9950807417231557,2.6537713280122973e-07]"
/multi_agv/m2b_algorithm_state,1789558518.9570498,1789558518.9570498,m2b_algorithm_state_v1:header6+3x20,"[1.0,-0.15,0.52,4.040840783343685,0.1012503824844539,1789558518.956888,4.039419705666374,0.10107520731542559,0.0036904376666666654,0.0015404321027383,0.0006966928323015147,0.0005695487652145502,0.004584685874999997,4.0408595557501625,0.0997992325439596,0.001439850083788663,-0.0012759747714659875,-0.001278598056503609,1.004131582844776,5.412342465755118e-08,0.0005212145482322197,0.0002703576703213565,0.0002703576703213565,0.14195250265303777,0.9979483114147734,5.434704007036685e-08,4.040400196856312,0.10150168566850862,0.002796189458333334,-0.0009438139785356379,0.0016671367286678063,0.0007539814597560535,-0.0017884964166666626,4.040985947149807,0.09980038629993254,0.0005857502934949466,-0.0017012993685760758,-0.0017059511840151057,1.0055036707128442,-5.885443507666871e-08,-0.0009737633171464225,0.003253465031062534,0.003253465031062534,0.12046881090305711,0.9972731837331468,-5.917835050732117e-08,4.039713551317582,0.1011741825618356,0.0036904376666666654,0.0013236750345988475,0.0009824000086049887,0.0005148957556481118,0.0032930326916666636,4.040084483312243,0.09814229153428175,0.0003709319946612055,-0.003031891027553843,-0.003046879314660445,1.0099997743273887,2.627683963949931e-07,-0.002583214321333938,0.011743806546655418,0.011743806546655418,0.17670409844328697,0.995080774274687,2.6539602105931285e-07]"
/multi_agv/m2b_algorithm_state,1789558518.9671683,1789558518.9671683,m2b_algorithm_state_v1:header6+3x20,"[1.0,-0.15,0.52,4.041843571538935,0.1012503644722449,1789558518.9669085,4.040416011992851,0.10107526503677444,0.0036904376666666654,0.0015400230647510918,0.0006967311562092954,0.0005697061320713264,0.004584685874999997,4.041743609271373,0.09809072726646587,0.0013275972785224965,-0.0029845377703085763,-0.002999075576858617,1.0098513230553583,2.9636785481219474e-07,-0.0013395789787054965,0.007573637254336298,0.007573637254336298,0.14195249663339057,0.9951525707914074,2.992874702931732e-07,4.041396486350214,0.10150165018813652,0.002796189458333334,-0.0009433692786124793,0.001667109019589219,0.0007538031110478627,-0.0017884964166666626,4.041983454824459,0.10018986277328075,0.0005869684742449977,-0.0013117874148557696,-0.001314544881741976,1.0042249733614979,-3.4964433484282515e-08,-0.000580834288935729,0.001696802526591633,0.001696802526591633,0.12046881438168552,0.9979023410120827,-3.511215728435347e-08,4.040709851687988,0.10117423222845073,0.0036904376666666654,0.0013234032522689222,0.0009824131210173,0.0005150067421482206,0.0032930326916666636,4.0410653296977666,0.0984182230122643,0.00035547800977830946,-0.0027560092161864336,-0.0027683682599270575,1.0090617585614337,2.1704038337908314e-07,-0.0023240207477041707,0.01072021020429572,0.01072021020429572,0.1767041101882985,0.9955356214996666,2.190071509313454e-07]"
/multi_agv/m2b_algorithm_state,1789558518.9770632,1789558518.9770632,m2b_algorithm_state_v1:header6+3x20,"[1.0,-0.15,0.52,4.042841483426316,0.10125037806413405,1789558518.9769952,4.041418794728268,0.10107522066904077,0.0036904376666666654,0.0015403381051212264,0.0006967033896389193,0.0005695840179007397,0.004584685874999997,4.042719792788884,0.09809072726646587,0.0013009980606160099,-0.0029844934025749087,-0.002999030780669581,1.009851177519368,2.9641972138724594e-07,-0.0013727832048995685,0.0076905310334102455,0.0076905310334102455,0.1419525022926133,0.9951526412505088,2.9933980468287326e-07,4.042399281077571,0.1015016782862913,0.002796189458333334,-0.0009437119228629725,0.0016671286159057885,0.0007539414421391527,-0.0017884964166666626,4.04298052860897,0.10018986277328075,0.0005812475313993204,-0.0013118155130105447,-0.0013145730975661404,1.0042250636030665,-3.49786276077095e-08,-0.0005880136833169899,0.001721839851719025,0.001721839851719025,0.12046881111245811,0.9979022965244754,-3.512641453410005e-08,4.041712638810967,0.10117419446140266,0.0036904376666666654,0.0013236107131407034,0.0009824039066253405,0.0005149216089126028,0.0032930326916666636,4.042156335217663,0.09962300852534689,0.00044369640669561505,-0.0015511859360557712,-0.0015550657571870568,1.0050316367263865,6.871147265965215e-08,-0.001000445248817538,0.005549893984586355,0.005549893984586355,0.17670409914074658,0.9975050436849026,6.905720382901056e-08]"
/multi_agv/m2b_algorithm_state,1789558518.9870863,1789558518.9870863,m2b_algorithm_state_v1:header6+3x20,"[1.0,-0.15,0.52,4.043841912067671,0.10125037525126396,1789558518.9868805,4.04241671096507,0.10107525320893572,0.0036904376666666654,0.0015401076684516137,0.0006967252969575454,0.0005696725075692158,0.004584685874999997,4.043826234281232,0.09983495081428788,0.0014095233161617315,-0.0012403023946478409,-0.00124278038406278,1.0040144584039636,5.112745409651421e-08,0.0005191237611393844,0.0002612649899375863,0.0002612649899375863,0.14195249916920227,0.9980060922696266,5.1332703134285224e-08,4.043397187654839,0.10150165845338828,0.002796189458333334,-0.0009434614742732444,0.0016671126855678509,0.0007538411677626977,-0.0017884964166666626,4.043904374200394,0.10081921142760011,0.0005071865455548163,-0.000682447025788166,-0.0006831897964382079,1.0021824053822808,-9.460056756760207e-09,-4.920661449468744e-05,-0.0004627592359933594,-0.0004627592359933594,0.1204688129193886,0.9989127901881522,-9.480702435542843e-09,4.04271055165904,0.10117422253007814,0.0036904376666666654,0.0013234572977308453,0.0009824114626932005,0.0005149841781545896,0.0032930326916666636,4.043074310706544,0.09850025711605295,0.0003637590475040753,-0.0026739654140251895,-0.002685592399749762,1.008783904031296,2.0430800519805327e-07,-0.002230893590369668,0.010359112813716187,0.010359112813716187,0.17670410525487212,0.9956706067064921,2.061026271085385e-07]"
/multi_agv/m2b_algorithm_state,1789558518.9969676,1789558518.9969676,m2b_algorithm_state_v1:header6+3x20,"[1.0,-0.15,0.52,4.044842199140196,0.10125037343615699,1789558518.9968646,4.043417138901456,0.10107524549459573,0.0036904376666666654,0.0015401631059252306,0.0006967216480857625,0.0005696503756880827,0.004584685874999997,4.044819244716041,0.09983495081428788,0.0014021058145843313,-0.0012402946803078546,-0.001242772639011115,1.0040144335014598,5.1128660003517356e-08,0.0005098596292192992,0.0002940583843966337,0.0002940583843966337,0.1419525005731329,0.9980061045556715,5.1333912609120226e-08,4.044397617057895,0.10150166400911527,0.002796189458333334,-0.0009435221352169518,0.0016671149706715127,0.0007538662735539353,-0.0017884964166666626,4.044907174604062,0.10081921142760011,0.0005095575461675494,-0.0006824525815151555,-0.0006831953642342661,1.0021824231225869,-9.46081883456152e-09,-4.624843152482925e-05,-0.00047329352367498706,-0.00047329352367498706,0.12046881210680245,0.998912781382902,-9.481466344344672e-09,4.043710980243661,0.10117421625008087,0.0036904376666666654,0.0013234925247300583,0.0009824105028509063,0.0005149694079062718,0.0032930326916666636,4.044054045582454,0.09850025711605295,0.0003430653387930249,-0.0026739591340279173,-0.0026855860655676453,1.0087838835176024,2.043124887425985e-07,-0.002256754392076364,0.010450063103019597,0.010450063103019597,0.17670410250236543,0.9956706166714228,2.0610714584490494e-07]"
/multi_agv/m2b_algorithm_state,1789558519.0070057,1789558519.0070057,m2b_algorithm_state_v1:header6+3x20,"[1.0,-0.15,0.52,4.045841922199922,0.10125037526984774,1789558519.0068407,4.04441742553472,0.10107524045887958,0.0036904376666666654,0.0015401993370507201,0.0006967193465188253,0.000569635868160831,0.004584685874999997,4.045913331089365,0.09999472125457463,0.0014959055546457378,-0.00108051920430495,-0.001082397596493252,1.003490993354548,3.8800971474818174e-08,0.0007874843468139202,-0.0007600519467625242,-0.0007600519467625242,0.14195250172449128,0.9982646005549276,3.893642540838677e-08,4.045397904594157,0.10150166768514456,0.002796189458333334,-0.0009435618086635917,0.001667116361882215,0.0007538827469627252,-0.0017884964166666626,4.04592217851525,0.100550796026785,0.0005242739210924441,-0.0009508716583595533,-0.0009523165733008726,1.0030500632104506,-1.8370696766736853e-08,-0.0002969741719353175,0.0005337408378459265,0.0005337408378459265,0.1204688114409703,0.9984827367476018,-1.842672855309542e-08,4.044711267291713,0.1011742121644468,0.0036904376666666654,0.0013235155003537766,0.0009824099227035534,0.0005149597506464406,0.0032930326916666636,4.044767823863981,0.09745667778829545,5.6556572268107175e-05,-0.0037175343761513546,-0.0037401845795861526,1.0123557049476624,3.951784475090419e-07,-0.0036694888642510187,0.015825728648308092,0.015825728648308092,0.17670410024945135,0.9939440947491143,4.000611558081389e-07]"
/multi_agv/m2b_algorithm_state,1789558519.0171032,1789558519.0171032,m2b_algorithm_state_v1:header6+3x20,"[1.0,-0.15,0.52,4.046841915999399,0.10125037532888549,1789558519.0170553,4.045417149280776,0.1010752443107636,0.0036904376666666654,0.0015401725471877467,0.0006967227558686057,0.0005696457070894417,0.004584685874999997,4.046857828512105,0.09949997154005027,0.0014406792313295114,-0.001575272770713329,-0.001579280071514824,1.0051179386709965,8.249492240373794e-08,0.00022156896764706524,0.0014632360691799573,0.0014632360691799573,0.1419525018782363,0.9974625774909884,8.29171263572689e-08,4.046397626759716,0.1015016658201247,0.002796189458333334,-0.0009435329909531212,0.001667113679381771,0.0007538716508308507,-0.0017884964166666626,4.046898378029074,0.10045407761906106,0.0005007512693584459,-0.00104758820106364,-0.0010493432824451039,1.0033639770411127,-2.2298639398414954e-08,-0.00042340419574704645,0.001023804357921058,0.001023804357921058,0.12046881135807203,0.9983274478325393,-2.2373651509399272e-08,4.045710990559274,0.10117421567865494,0.0036904376666666654,0.001323496826115923,0.0009824112708261444,0.0005149671439690106,0.0032930326916666636,4.0460686288801915,0.10042160449877512,0.0003576383209171752,-0.0007526111798798196,-0.0007535190198203256,1.0024193595778774,1.616476750179e-08,-0.00030647111867385666,0.002746390244461801,0.002746390244461801,0.1767040999548651,0.9987951997008351,1.6203875886869615e-08]"
/multi_agv/m2b_algorithm_state,1789558519.0270314,1789558519.0270314,m2b_algorithm_state_v1:header6+3x20,"[1.0,-0.15,0.52,4.047843702339365,0.10125036397539834,1789558519.0269182,4.046417143214341,0.10107524380732148,0.0036904376666666654,0.0015401767108211774,0.0006967233841681511,0.0005696435755225492,0.004584685874999997,4.047833727600304,0.0989480204929364,0.001416584385963482,-0.002127223314385085,-0.0021345612054861837,1.0069542502780475,1.5048840768968645e-07,-0.00036383072303183134,0.0037723510546294817,0.0037723510546294817,0.14195250249696997,0.996562342142151,1.515349417407054e-07,4.047397620328658,0.1015016667075479,0.002796189458333334,-0.0009435378942338063,0.001667112987774999,0.0007538741359871953,-0.0017884964166666626,4.047685533019767,0.10089208842986828,0.00028791269110950424,-0.0006095782776796149,-0.0006101705703186854,1.0019477679245796,-7.54793594708535e-09,-0.00025027970643180515,0.00021681838921188768,0.00021681838921188768,0.12046881099796879,0.9990292998910761,-7.562637574619865e-09,4.0467109844552,0.10117421547178712,0.0036904376666666654,0.00132349860445248,0.0009824116950504008,0.0005149661524733577,0.0032930326916666636,4.046537948208733,0.09935330929706158,-0.00017303624646736182,-0.0018209061747255367,-0.0018262634220532125,1.005924515401101,9.469310048913592e-08,-0.002042558730137415,0.009341597877767872,0.009341597877767872,0.1767040987546606,0.997066552796829,9.525411122136181e-08]"
/multi_agv/m2b_algorithm_state,1789558519.037017,1789558519.037017,m2b_algorithm_state_v1:header6+3x20,"[1.0,-0.15,0.52,4.048843673316999,0.10125036454785015,1789558519.0369785,4.047418926049304,0.10107521615855566,0.0036904376666666654,0.0015403728320699437,0.0006967055621506901,0.0005695678352038434,0.004584685874999997,4.048724534167664,0.09920593725753007,0.001305608118359558,-0.0018692789010255895,-0.0018749341312685442,1.0060932825745126,1.1619996040893219e-07,-0.00024292398331909664,0.0032329122777602776,0.0032329122777602776,0.14195250635522372,0.9969837712436712,1.1690799960285099e-07,4.048399410888503,0.10150168397320256,0.002796189458333334,-0.0009437511581732137,0.0016671256474127816,0.0007539599934126284,-0.0017884964166666626,4.0486882079775475,0.10089208842986828,0.00028879708904483437,-0.0006095955433342709,-0.0006101878694649141,1.0019478230196752,-7.550069145668506e-09,-0.00024919150815887116,0.00021275806214965322,0.00021275806214965322,0.12046880876592135,0.9990292725236204,-7.56477534415058e-09,4.047712770080288,0.10117419179443682,0.0036904376666666654,0.0013236284380724558,0.0009824056937006278,0.0005149129963231153,0.0032930326916666636,4.047431222975677,0.09835620799089302,-0.00028154710461159027,-0.002817983803543797,-0.002830910965721246,1.0092719843232671,2.2695911613775332e-07,-0.0031828448464857337,0.013763620484551944,0.013763620484551944,0.17670409121470426,0.9954335680867464,2.2906347750460514e-07]"
/multi_agv/m2b_algorithm_state,1789558519.0471833,1789558519.0471833,m2b_algorithm_state_v1:header6+3x20,"[1.0,-0.15,0.52,4.049843982459456,0.10125036294915656,1789558519.0470927,4.0484188971694355,0.10107521792803535,0.0036904376666666654,0.0015403599070828167,0.0006967061822040319,0.0005695731151265089,0.004584685874999997,4.049766751580146,0.09971580201197726,0.0013478544107101698,-0.0013594159160580932,-0.0013623953860892723,1.0044059066442763,6.14341687268694e-08,0.0003224226272984399,0.001010334374413136,0.001010334374413136,0.14195250693248201,0.9978130650899136,6.170484193904872e-08,4.049399381718985,0.10150168255480202,0.002796189458333334,-0.0009437368497991292,0.0016671252059552444,0.0007539540208556239,-0.0017884964166666626,4.049568863585818,0.09962009703399252,0.00016948186683318767,-0.0018815855208094978,-0.0018872832273265359,1.0060992926278298,-7.199167306448902e-08,-0.0016754308937850513,0.0058056159608363715,0.0058056159608363715,0.12046880843440255,0.9969810008193052,-7.24307713452764e-08,4.0487127410625785,0.10117419316071306,0.0036904376666666654,0.0013236205950924672,0.000982405788725194,0.000514916346516701,0.0032930326916666636,4.048574302076036,0.09982158435640609,-0.0001384389865428659,-0.0013526088043069734,-0.0013555544348738764,1.004377690238483,5.223853938637177e-08,-0.0015286031680524588,0.007329832666963812,0.007329832666963812,0.1767040901061813,0.997826992047592,5.246722353031609e-08]"
/multi_agv/m2b_algorithm_state,1789558519.0570056,1789558519.0570056,m2b_algorithm_state_v1:header6+3x20,"[1.0,-0.15,0.52,4.050840151535776,0.10125038762453457,1789558519.05687,4.049419205777334,0.10107521445269005,0.0036904376666666654,0.0015403841357463505,0.0006967033654031944,0.0005695640781592541,0.004584685874999997,4.050817078728916,0.09975196564194223,0.001397872951582002,-0.0013232488107478152,-0.0013260710836599928,1.0042869396714837,5.820824517535417e-08,0.00042127010581750977,0.000644835201675384,0.000644835201675384,0.14195250812811283,0.997871703148531,5.845778041080385e-08,4.050399691535685,0.10150168436774586,0.002796189458333334,-0.0009437628889528695,0.0016671272286874483,0.0007539642557678888,-0.0017884964166666626,4.050562133035562,0.09962009703399252,0.00016244149987709733,-0.0018815873337533345,-0.001887285051188911,1.0060992984809416,-7.199379764808605e-08,-0.0016842331763425394,0.00583662822819288,0.00583662822819288,0.12046880774163828,0.9969809979515352,-7.243290930871824e-08,4.049713050065349,0.10117419002703378,0.0036904376666666654,0.0013236373730501458,0.0009824047074928899,0.0005149096363348507,0.0032930326916666636,4.0496162462141685,0.1003252546114229,-9.68038511803826e-05,-0.0008489354156108742,-0.0008500913498765802,1.0027319795724534,2.0570855602493142e-08,-0.0009710961638520584,0.005141542247550991,0.005141542247550991,0.17670408776031182,0.9986402234702496,2.0627054759787042e-08]"
/multi_agv/m2b_algorithm_state,1789558519.0669446,1789558519.0669446,m2b_algorithm_state_v1:header6+3x20,"[1.0,-0.15,0.52,4.051843037617808,0.10125036885311932,1789558519.0668216,4.050415382658577,0.1010752736628823,0.0036904376666666654,0.00153996494234016,0.0006967428407801172,0.0005697252480352795,0.004584685874999997,4.051988407905283,0.0986571979096517,0.0015730252467056616,-0.0024180757532305946,-0.002427578190734585,1.0079309746961223,1.94464436131473e-07,-0.00046129663235250796,0.004242626778487274,0.004242626778487274,0.14195250186816963,0.9960856307161355,1.9600672865372738e-07,4.051395851105341,0.10150164819729021,0.002796189458333334,-0.0009433075524152333,0.001667098708697523,0.0007537817182669548,-0.0017884964166666626,4.051827331822567,0.1006436145509765,0.0004314807172258739,-0.000858033646313705,-0.0008592093620578427,1.0027493802040375,-1.4953605611038394e-08,-0.0003198584655255003,0.0005737988857389032,0.0005737988857389032,0.12046881136212892,0.998631630664124,-1.4994718758284368e-08,4.050709220843408,0.10117424101343117,0.0036904376666666654,0.001323358711846525,0.0009824182990875842,0.0005150233553103153,0.0032930326916666636,4.050488376639236,0.09970301415983512,-0.00022084420417201045,-0.001471226853596047,-0.0014747148918948195,1.0047679670282177,6.179518744268895e-08,-0.0017507701471098326,0.008164650895084015,0.008164650895084015,0.17670409999158543,0.9976347710883351,6.208982485891823e-08]"
/multi_agv/m2b_algorithm_state,1789558519.0771067,1789558519.0771067,m2b_algorithm_state_v1:header6+3x20,"[1.0,-0.15,0.52,4.052843529135449,0.10125036596558813,1789558519.076987,4.05141826302967,0.10107522724464076,0.0036904376666666654,0.0015402949076405719,0.0006967138995214832,0.000569597275541311,0.004584685874999997,4.052969846750372,0.0986571979096517,0.0015515837207020766,-0.0024180293349890525,-0.0024275314102626595,1.0079308232252364,1.9449867185787973e-07,-0.0004880517593850637,0.004337086649053086,0.004337086649053086,0.14195250769991127,0.9960857045006973,1.9604120644192783e-07,4.052398744006915,0.1015016777883952,0.002796189458333334,-0.0009436668185428673,0.0016671191673198749,0.0007539268058276288,-0.0017884964166666626,4.052828531480812,0.1006436145509765,0.00042978747389721406,-0.0008580632374186881,-0.0008592390340510307,1.002749474845412,-1.496033090872906e-08,-0.0003220046916795131,0.0005810486193241545,0.0005810486193241545,0.12046880798590082,0.9986315837784986,-1.500146396224165e-08,4.05171210581684,0.101174201526322,0.0036904376666666654,0.0013235759316200585,0.0009824087705479377,0.0005149341553811098,0.0032930326916666636,4.051425787970522,0.09910865078182744,-0.0002863178463181626,-0.0020655507444945626,-0.0020724569365692586,1.0067390299128116,1.2187398065815225e-07,-0.002430354244466962,0.010810298263151528,0.010810298263151528,0.17670408859214556,0.9966676306017107,1.2269529305940097e-07]"
/multi_agv/m2b_algorithm_state,1789558519.0872347,1789558519.0872347,m2b_algorithm_state_v1:header6+3x20,"[1.0,-0.15,0.52,4.0538421595509915,0.1012503749905403,1789558519.0872047,4.052418753636096,0.10107522038077807,0.0036904376666666654,0.0015403434641812633,0.0006967092153848491,0.0005695786647435695,0.004584685874999997,4.053851390126846,0.09792334035546892,0.0014326364907502054,-0.0031518800253091533,-0.0031681142057990073,1.0104232219828873,3.306385728687858e-07,-0.0013773185923612505,0.007777182268387342,0.007777182268387342,0.1419525092272078,0.9948757590682373,3.340848921099022e-07,4.053399236631568,0.10150168194322973,0.002796189458333334,-0.0009437195438315917,0.0016671224883557656,0.00075394793292477,-0.0017884964166666626,4.053788190574395,0.09955480628507356,0.00038895394282700835,-0.0019468756581561691,-0.001952978647575019,1.0063155859256026,-7.707643413264197e-08,-0.0014667862190412585,0.005097720982218613,0.005097720982218613,0.12046880710489018,0.9968750352563106,-7.756321697524571e-08,4.052712597138685,0.10117419557275661,0.0036904376666666654,0.0013236084510397567,0.0009824071442734892,0.0005149209054015201,0.0032930326916666636,4.052422255582535,0.09910865078182744,-0.0002903415561501532,-0.002065544790929172,-0.002072450943434563,1.006739010573884,1.2187627531310045e-07,-0.0024353778886222546,0.010828029574937982,0.010828029574937982,0.17670408560481093,0.9966676400581304,1.2269760082114104e-07]"
/multi_agv/m2b_algorithm_state,1789558519.0969636,1789558519.0969636,m2b_algorithm_state_v1:header6+3x20,"[1.0,-0.15,0.52,4.054838527617773,0.10125039803864132,1789558519.0968444,4.053417386893887,0.10107524213298617,0.0036904376666666654,0.0015401894047770421,0.0006967235545637606,0.000569637984594756,0.004584685874999997,4.054875231703083,0.09842285418292371,0.001457844809196196,-0.0026523879500624653,-0.0026638413577109985,1.008722410107482,2.3404771716526728e-07,-0.0008415353462157536,0.0056819575706661685,0.0056819575706661685,0.14195250739073667,0.9957004167626654,2.3608917733910273e-07,4.0543978635894184,0.10150166858429346,0.002796189458333334,-0.0009435521777945793,0.0016671121152826984,0.0007538807812594306,-0.0017884964166666626,4.055025515395596,0.0989582754866022,0.0006276518061776315,-0.0025433930976912628,-0.0025538558897961654,1.0083063175607951,-1.3157255227546544e-07,-0.001769291132074126,0.006415168200563629,0.006415168200563629,0.12046880816858843,0.9959031391917194,-1.3266543567694978e-07,4.053711228169667,0.10117421425434132,0.0036904376666666654,0.0013235062919489948,0.000982412056096527,0.0005149626324538379,0.0032930326916666636,4.053944472634403,0.10001666371569465,0.00023324446473615978,-0.0011575505386466761,-0.0011597046830810458,1.0037381490263888,3.825000593542832e-08,-0.0008681491021608461,0.004911592089226131,0.004911592089226131,0.17670408920593644,0.9981425060484825,3.8392990157875204e-08]"
/multi_agv/m2b_algorithm_state,1789558519.1069422,1789558519.1069422,m2b_algorithm_state_v1:header6+3x20,"[1.0,-0.15,0.52,4.055841776861148,0.10125037662927518,1789558519.1068175,4.054413762370703,0.1010752964860094,0.0036904376666666654,0.0015398055984032059,0.0006967611194651723,0.0005697848093996066,0.004584685874999997,4.056515749792972,0.09833812724002403,0.0021019874222689694,-0.0027371692459853686,-0.0027493743201103082,1.0090097761524566,2.4920069412098993e-07,-0.00012189004227409648,0.003188700908339554,0.003188700908339554,0.14195250149469327,0.9955607812164151,2.5144593659205683e-07,4.055394222546206,0.10150163623747534,0.002796189458333334,-0.0009431359948725467,0.0016670847852990889,0.0007537145965020864,-0.0017884964166666626,4.056261585579995,0.10074835927787945,0.0008673630337892035,-0.000753276959595886,-0.0007541823982633247,1.0024108482069962,-1.1522229746242666e-08,0.0003300213939731797,-0.0017734071364638652,-0.0017734071364638652,0.12046881157295836,0.9987994433846193,-1.1550008093166994e-08,4.05470759793641,0.1011742613924392,0.0036904376666666654,0.0013232496603787416,0.0009824252963771766,0.0005150669851931682,0.0032930326916666636,4.054932954532979,0.09989195449115099,0.0002253565965686377,-0.0012823069012882077,-0.0012849528851860668,1.0041468650612007,4.693404942054385e-08,-0.0010032571394752697,0.00544306642695836,0.00544306642695836,0.176704100704091,0.9979407930606919,4.712867859026657e-08]"
/multi_agv/m2b_algorithm_state,1789558519.1170325,1789558519.1170325,m2b_algorithm_state_v1:header6+3x20,"[1.0,-0.15,0.52,4.05683906396699,0.10125039384345848,1789558519.1169274,4.055417005152233,0.10107524299792216,0.0036904376666666654,0.001540186433575215,0.0006967284665449821,0.0005696367175488906,0.004584685874999997,4.057380597096012,0.0971931997748725,0.0019635919437792637,-0.0038820432230496638,-0.003906805601583689,1.0129431944513732,5.017552835050608e-07,-0.0014523156718596096,0.008346854114047734,0.008346854114047734,0.14195250798230388,0.9936617326124475,5.082495997064707e-07,4.056397479457844,0.10150167082355217,0.002796189458333334,-0.0009435511436418883,0.0016671077900864972,0.0007538825828309753,-0.0017884964166666626,4.057268422771301,0.10074835927787945,0.0008709433134574951,-0.0007533115456727218,-0.000754217067300279,1.0024109587175636,-1.1528358595516257e-08,0.00033446207452158985,-0.0017895288918706707,-0.0017895288918706707,0.1204688078251819,0.9987993885754952,-1.1556152992171316e-08,4.055710845973368,0.10117421606635121,0.0036904376666666654,0.001323499597765255,0.0009824147350627763,0.0005149641406705712,0.0032930326916666636,4.055919772265794,0.09974699985169405,0.00020892629242563743,-0.001427216214657162,-0.0014304976024323158,1.0046230432375605,5.815784385525934e-08,-0.001169339736900269,0.0060926506832939265,0.0060926506832939265,0.17670408804541626,0.9977061214436331,5.842671008200549e-08]"
/multi_agv/m2b_algorithm_state,1789558519.127293,1789558519.127293,m2b_algorithm_state_v1:header6+3x20,"[1.0,-0.15,0.52,4.057843946787661,0.10125036212101761,1789558519.1271422,4.056414297781144,0.10107528349623397,0.0036904376666666654,0.0015399006708084113,0.0006967565155637343,0.0005697459941925967,0.004584685874999997,4.05804494962662,0.0979982075542039,0.001630651845475839,-0.0030770759420300775,-0.0030925399838149124,1.0101673106483948,3.15024779659976e-07,-0.0010542251769701137,0.00661098939420111,0.00661098939420111,0.14195250373685786,0.9949995660959059,3.182277344567211e-07,4.057394759763057,0.10150164683974665,0.002796189458333334,-0.0009432415310589065,0.0016670873882036474,0.0007537589888644836,-0.0017884964166666626,4.057708090801392,0.09960876342450807,0.00031333103833475207,-0.0018928834152385776,-0.0018986502449851758,1.0061367007669517,-7.282112821330456e-08,-0.0015069864470667357,0.005216966036750219,0.005216966036750219,0.12046881028031965,0.9969626687369988,-7.326800968666144e-08,4.056708134356767,0.10117425119439484,0.0036904376666666654,0.0013233085375700822,0.0009824246710473444,0.0005150417895335288,0.0032930326916666636,4.056629132581361,0.10011049250685877,-7.900177540598463e-05,-0.0010637586875360677,-0.0010655766029086826,1.0034316233225187,3.229572987990938e-08,-0.0011643288221661633,0.00591797856983485,0.00591797856983485,0.17670409632726525,0.99829396087747,3.2406556659783044e-08]"
/multi_agv/m2b_algorithm_state,1789558519.1373742,1789558519.1373742,m2b_algorithm_state_v1:header6+3x20,"[1.0,-0.15,0.52,4.058841469210051,0.10125037832534968,1789558519.1372588,4.057419170761548,0.10107520599253428,0.0036904376666666654,0.0015404508862851465,0.0006967067421843609,0.000569533388190077,0.004584685874999997,4.059234317571579,0.09939003629374579,0.0018151468100304768,-0.0016851696987884857,-0.001689759431324721,1.0054817694186369,9.443078291540875e-08,0.000579174081213375,0.0002509416307007145,0.0002509416307007145,0.14195251316155044,0.9972837952840202,9.494843069337238e-08,4.058399654429168,0.10150169547245545,0.002796189458333334,-0.0009438403106366224,0.0016671229245206476,0.0007540000543135722,-0.0017884964166666626,4.05869039656713,0.09960876342450807,0.00029074213796143056,-0.0018929320479473821,-0.0018986991723644485,1.006136857794634,-7.287108623970327e-08,-0.0015352714999126603,0.005316119175764621,0.005316119175764621,0.12046880482906362,0.9969625918096943,-7.331828573329683e-08,4.057713015172268,0.10117418489806305,0.0036904376666666654,0.0013236724183028356,0.0009824079985889522,0.0005148927337716058,0.0032930326916666636,4.057592176879282,0.0998398663565425,-0.00012083829298514814,-0.0013343185415205516,-0.0013371846528431543,1.0043176036169403,5.0836693056870274e-08,-0.0014882325190745894,0.0071794553062113926,0.0071794553062113926,0.17670407793351056,0.9978566076745583,5.10561857466859e-08]"
/multi_agv/m2b_algorithm_state,1789558519.1471295,1789558519.1471295,m2b_algorithm_state_v1:header6+3x20,"[1.0,-0.15,0.52,4.05984290224394,0.10125036917558805,1789558519.1470168,4.058416698176004,0.10107524548547883,0.0036904376666666654,0.0015401708901933127,0.0006967320414080545,0.0005696415955114855,0.004584685874999997,4.06027248137411,0.09921884553945581,0.0018557831981054207,-0.0018563999460230185,-0.0018619769749585095,1.0060504216626853,1.145882628411497e-07,0.00045775202267326633,0.0007562557749072384,0.0007562557749072384,0.1419525093336392,0.9970047809341922,1.1528157014893328e-07,4.059397170824578,0.10150167085686541,0.002796189458333334,-0.0009435360998342442,0.001667104843580347,0.000753877594547217,-0.0017884964166666626,4.059822843205843,0.10070620531670134,0.00042567238126522966,-0.0007954655401640753,-0.0007964755620715477,1.0025470878792602,-1.2854837597421125e-08,-0.0002643850854900106,0.0003494417896304381,0.0003494417896304381,0.12046880704504724,0.9987318858787766,-1.2887579998455374e-08,4.058710538629572,0.10117421863370478,0.0036904376666666654,0.0013234875802203834,0.0009824165470092355,0.0005149684073282265,0.0032930326916666636,4.058542395532326,0.09996724586692315,-0.00016814309724555443,-0.001206972766781625,-0.0012093156556956775,1.0038999262399042,4.158674889497012e-08,-0.0014194945272526206,0.006881911638136489,0.006881911638136489,0.17670408540855567,0.9980626324458648,4.1748934148217926e-08]"
/multi_agv/m2b_algorithm_state,1789558519.1569812,1789558519.1569812,m2b_algorithm_state_v1:header6+3x20,"[1.0,-0.15,0.52,4.060838108324693,0.10125039977327675,1789558519.1568658,4.059418128347254,0.10107522314707211,0.0036904376666666654,0.0015403295857212389,0.0006967175809307945,0.000569580329188643,0.004584685874999997,4.061123717629558,0.09773359818433987,0.0017055892823041319,-0.0033416249627322425,-0.003359898615027714,1.0110742180146726,3.7168789971008934e-07,-0.0012279120121475493,0.00733327764205104,0.00733327764205104,0.1419525125537534,0.9945612488978866,3.758040525448946e-07,4.060398607302788,0.10150168489429824,0.002796189458333334,-0.0009437089773869549,0.0016671151765432768,0.0007539471561305994,-0.0017884964166666626,4.06082513440324,0.10070620531670134,0.000426527100452212,-0.0007954795775969026,-0.0007964896350675268,1.002547132749471,-1.2857645977820144e-08,-0.00026333075950226185,0.0003455428721029065,0.0003455428721029065,0.1204688051831328,0.9987318636349378,-1.2890396108971355e-08,4.059711971081779,0.10117419948539377,0.0036904376666666654,0.0013235927653222042,0.0009824117147071215,0.0005149253272588115,0.0032930326916666636,4.059543968206384,0.10004641940563426,-0.00016800287539453507,-0.0011277800797595133,-0.001129824387627739,1.0036407862432835,3.630947975939835e-08,-0.0013398279818709077,0.006566419253391417,0.006566419253391417,0.1767040791161881,0.9981905967948541,3.6441674813807145e-08]"
/multi_agv/m2b_algorithm_state,1789558519.1671076,1789558519.1671076,m2b_algorithm_state_v1:header6+3x20,"[1.0,-0.15,0.52,4.061843985688081,0.10125036148266518,1789558519.166931,4.060413344086214,0.10107529628872775,0.0036904376666666654,0.001539812247034022,0.0006967665879949784,0.0005697790830780367,0.004584685874999997,4.0617453374731625,0.09675746864204103,0.001331993386948227,-0.004317827646686714,-0.004348561817516112,1.014466391103363,6.20746435827183e-07,-0.0026835700838308283,0.012830371852352421,0.012830371852352421,0.14195250457138808,0.9929323366852921,6.297263965438775e-07,4.0613938015997295,0.10150164050238822,0.002796189458333334,-0.0009431475544482556,0.0016670798251112728,0.0007537221873344102,-0.0017884964166666626,4.061551796348636,0.0998414210325658,0.00015799474890609844,-0.0016602194698224215,-0.0016646479789168074,1.005368290488981,-5.600542969019054e-08,-0.0014671545427841844,0.004977499895075079,0.004977499895075079,0.12046880979878243,0.9973396723208304,-5.630608310572768e-08,4.0607071792881335,0.10117426252871428,0.0036904376666666654,0.001323248626184877,0.000982428702166649,0.0005150656619795722,0.0032930326916666636,4.060418449776835,0.10028805693525639,-0.00028872951129876867,-0.000886205593457895,-0.0008874656050256757,1.002853118354875,2.2410699678049436e-08,-0.0012483774941491365,0.006138602056095911,0.006138602056095911,0.17670409470014284,0.9985802136323422,2.247464005664647e-08]"
/multi_agv/m2b_algorithm_state,1789558519.1770735,1789558519.1770735,m2b_algorithm_state_v1:header6+3x20,"[1.0,-0.15,0.52,4.062842071610724,0.10125037415578007,1789558519.1769638,4.06141920957178,0.1010752027104634,0.0036904376666666654,0.001540476600738094,0.0006967065313729036,0.000569522351709045,0.004584685874999997,4.062709291495106,0.09675746864204103,0.0012900819233259142,-0.004317734068422369,-0.004348466923795765,1.0144660803514363,6.20987573038685e-07,-0.0027358645196383724,0.013013704754151395,0.013013704754151395,0.14195251577298965,0.9929324849626382,6.29970829167506e-07,4.062399693262364,0.10150169923781391,0.002796189458333334,-0.0009438705465294045,0.0016671227228490793,0.0007540132654462184,-0.0017884964166666626,4.062546474492986,0.0998414210325658,0.0001467812306215066,-0.0016602782052481113,-0.0016647070261502424,1.0053684797316798,-5.605231491797361e-08,-0.0014812304878733592,0.0050264749950732655,0.0050264749950732655,0.12046880332082426,0.9973395793778963,-5.635323063452448e-08,4.061713054230099,0.1011741824997182,0.0036904376666666654,0.0013236878951681545,0.0009824085888940019,0.0005148857181249559,0.0032930326916666636,4.061417577567097,0.10028805693525639,-0.00029547666300189235,-0.0008861255644618121,-0.0008873853490668102,1.002852861195918,2.2414097444588002e-08,-0.0012567311778191757,0.006168568526649391,0.006168568526649391,0.1767040728281835,0.9985803409912921,2.2478041753429193e-08]"
/multi_agv/m2b_algorithm_state,1789558519.1869235,1789558519.1869235,m2b_algorithm_state_v1:header6+3x20,"[1.0,-0.15,0.52,4.063839249465378,0.10125039216557997,1789558519.186825,4.062417299330077,0.1010752339578188,0.0036904376666666654,0.0015402547865194971,0.0006967259818157598,0.0005696083818375217,0.004584685874999997,4.063907528705123,0.09985175118717904,0.0014902293750456153,-0.0012234827706397583,-0.0012258937031723236,1.0039592685185543,4.975437518388937e-08,0.0006368930156346955,-0.00016245459148526856,-0.00016245459148526856,0.14195251296644337,0.9980333266038267,4.995136611521529e-08,4.063397774587772,0.10150167946218983,0.002796189458333334,-0.0009436294195728249,0.0016671089311417475,0.000753915919229256,-0.0017884964166666626,4.063632849887216,0.10092318509142133,0.00023507529944399863,-0.0005784943707684981,-0.0005790276730326552,1.0018477948258568,-6.79829984200419e-09,-0.0002851835487276569,0.0003265443054376114,0.0003265443054376114,0.12046880494213824,0.9990789692980235,-6.810861705276868e-09,4.062711140914325,0.1011742090473316,0.0036904376666666654,0.0013235421337970698,0.0009824150532028236,0.0005149455375175484,0.0032930326916666636,4.0624107485706435,0.10063670993149113,-0.0003003923436812883,-0.0005374991158404729,-0.000537961409795024,1.0017236571447357,8.243924897679816e-09,-0.0009134518393966344,0.00480153965682195,0.00480153965682195,0.1767040783159834,0.9991406559167001,8.258134597730367e-09]"
/multi_agv/m2b_algorithm_state,1789558519.1970885,1789558519.1970885,m2b_algorithm_state_v1:header6+3x20,"[1.0,-0.15,0.52,4.064843714617855,0.10125036320048997,1789558519.1970105,4.063414482884593,0.10107527675720573,0.0036904376666666654,0.0015399524075228582,0.0006967549514085283,0.0005697243820890041,0.004584685874999997,4.0650459432917225,0.0996096264475664,0.0016314604071299144,-0.0014656503096393408,-0.001469116419456799,1.0047559034945037,7.13973647372263e-08,0.0005702090894555939,0.00018271218859440552,0.00018271218859440552,0.1419525085354227,0.9976406840386823,7.173692371367842e-08,4.0643949454652555,0.10150165373229836,0.002796189458333334,-0.0009433015803946734,0.0016670879996345533,0.0007537847001551218,-0.0017884964166666626,4.064636510677389,0.10092318509142133,0.00024156521213392068,-0.0005784686408770306,-0.0005790018957843865,1.0018477127445997,-6.795334114813574e-09,-0.0002770453806169857,0.0002980294690783955,0.0002980294690783955,0.12046880750484751,0.9990790100840112,-6.807889940261329e-09,4.063708320046284,0.10117424600723586,0.0036904376666666654,0.001323340702763159,0.0009824251854063442,0.0005150275796649085,0.0032930326916666636,4.063619972657929,0.10174990497791075,-8.834738835439282e-05,0.0005756589706748944,0.0005751331485368653,0.9981771257513895,9.447195302482508e-09,0.0004646989130938743,-0.0005892226530762748,-0.0005892226530762748,0.17670408695595757,1.000914261574675,9.429974253444018e-09]"
/multi_agv/m2b_algorithm_state,1789558519.2070892,1789558519.2070892,m2b_algorithm_state_v1:header6+3x20,"[1.0,-0.15,0.52,4.065842347697216,0.1012503723586295,1789558519.2069852,4.064418939013559,0.10107520613613713,0.0036904376666666654,0.0015404536816945313,0.0006967093434640851,0.0005695308234634651,0.004584685874999997,4.065958113243184,0.09862461934624173,0.0015391742296246846,-0.0024505867898954037,-0.002460348861302916,1.0080405495782951,1.9979645158098818e-07,-0.0005363810742720601,0.004521497333927484,0.004521497333927484,0.14195251719678206,0.996032240971574,2.0140292485549257e-07,4.065399421496639,0.10150169792727126,0.002796189458333334,-0.0009438470834390441,0.0016671206363501057,0.0007540041803438535,-0.0017884964166666626,4.065909967875718,0.10079702051756625,0.000510546379079102,-0.0007046774097050068,-0.0007054694920741611,1.002254062781619,-1.0090683193112892e-08,-6.728651822528349e-05,-0.0003891756980790071,-0.0003891756980790071,0.12046880249306886,0.9988772266156749,-1.0113428226539595e-08,4.064712783343368,0.10117418553806154,0.0036904376666666654,0.0013236724911535338,0.0009824098637060798,0.0005148917320698027,0.0032930326916666636,4.064614148080308,0.10101686242532722,-9.863526306030934e-05,-0.00015732311273432276,-0.00015736260397199777,1.0005023382764036,7.061410476719404e-10,-0.00028065668279738445,0.0023902063023684686,0.0023902063023684686,0.1767040700498134,0.9997490430592898,7.064957693487257e-10]"
/multi_agv/m2b_algorithm_state,1789558519.216956,1789558519.216956,m2b_algorithm_state_v1:header6+3x20,"[1.0,-0.15,0.52,4.066842551045901,0.10125037124906229,1789558519.2168822,4.06541757482328,0.10107522890792571,0.0036904376666666654,0.0015402919116843622,0.000696723202959681,0.0005695937350441438,0.004584685874999997,4.066939406902761,0.09862461934624173,0.0015218320794812001,-0.0024506095616839835,-0.002460371813212767,1.0080406239089135,1.9977916482867694e-07,-0.0005580817138612667,0.0045976999617024965,0.0045976999617024965,0.1419525153847838,0.9960322047763845,2.0138551395790118e-07,4.066398051321811,0.10150168336388807,0.002796189458333334,-0.0009436711923084609,0.0016671108737877915,0.0007539330157757124,-0.0017884964166666626,4.066912876457711,0.10079702051756625,0.0005148251358999545,-0.000704662846321813,-0.0007054548960205709,1.0022540162689946,-1.0088386309370087e-08,-6.192347614562778e-05,-0.00040799749692655275,-0.00040799749692655275,0.12046880354180668,0.9988772496962941,-1.0111125696239308e-08,4.065711416946555,0.10117420480407471,0.0036904376666666654,0.0013235665661840723,0.0009824144135651466,0.0005149352797544082,0.0032930326916666636,4.065511323751963,0.09983343975883341,-0.00020009319459202146,-0.0013407650452413045,-0.0013436590574878837,1.0043387776867894,5.1325209628442975e-08,-0.0015937755507279105,0.007554979601511183,0.007554979601511183,0.1767040735842676,0.9978461707004829,5.154789830274865e-08]"
/multi_agv/m2b_algorithm_state,1789558519.2270665,1789558519.2270665,m2b_algorithm_state_v1:header6+3x20,"[1.0,-0.15,0.52,4.0678407466647295,0.10125038291707071,1789558519.2269838,4.066417777762744,0.10107522638105156,0.0036904376666666654,0.0015403098647740476,0.0006967211767666013,0.0005695870070459792,0.004584685874999997,4.068493071294012,0.09952586689202138,0.0020752935312673415,-0.0015493594890301776,-0.0015532352781465948,1.0050322802635892,7.980888759220974e-08,0.0010408816359375821,-0.0014406097103428195,-0.0014406097103428195,0.1419525163812445,0.997504699274509,8.021050828209902e-08,4.0673982551789205,0.10150168483495042,0.002796189458333334,-0.0009436908831155968,0.0016671123990610326,0.0007539407576643564,-0.0017884964166666626,4.068314577319416,0.10120925012445461,0.0009163221404957511,-0.00029243471049580916,-0.00029257069602197554,1.000931052647161,-1.7370094634625616e-09,0.0008528319795977134,-0.003836636453772025,-0.003836636453772025,0.12046880296420578,0.9995352045573417,-1.7386267107216622e-09,4.066711620196036,0.10117420253118493,0.0036904376666666654,0.0013235790040543667,0.0009824136961115839,0.0005149302616114177,0.0032930326916666636,4.067103219059614,0.10096050089165347,0.00039159886357875706,-0.00021370163953146615,-0.00021377453764602662,1.0006827927545807,1.3028923054091652e-09,0.0002757240418274197,0.0004416005166427529,0.0004416005166427529,0.17670407163448956,0.9996589953351638,1.3037819108352976e-09]"
/multi_agv/m2b_algorithm_state,1789558519.237351,1789558519.237351,m2b_algorithm_state_v1:header6+3x20,"[1.0,-0.15,0.52,4.0688543577293865,0.10125029505986281,1789558519.237218,4.0674159770247895,0.10107525437217985,0.0036904376666666654,0.0015401119004935632,0.0006967396983005964,0.0005696631823930902,0.004584685874999997,4.06965095331385,0.10089577350392064,0.002234976289060775,-0.00017948086825921028,-0.00017953234429668604,1.0005739989986888,1.0698397116161433e-09,0.0026141880170292824,-0.00765361341248234,-0.00765361341248234,0.1419525137685959,0.9997132770828708,1.0704537985393685e-09,4.068396446362115,0.10150166778242316,0.002796189458333334,-0.0009434761406945996,0.0016670990921578976,0.0007538545960573267,-0.0017884964166666626,4.069327135788049,0.10120925012445461,0.0009306894259335508,-0.0002924176579685439,-0.0002925536276497876,1.0009309983901724,-1.7364117857864868e-09,0.0008708081547671509,-0.0039001789411665226,-0.0039001789411665226,0.12046880447549337,0.9995352316006609,-1.7380283823637305e-09,4.067709816607283,0.10117422659660914,0.0036904376666666654,0.0013234476224829113,0.0009824200958368232,0.0005149838815253628,0.0032930326916666636,4.068205964654856,0.10192700645941707,0.0004961480475733637,0.0007527798628079313,0.000751881891885505,0.9976210504650506,1.6154308945313475e-08,0.0013720669513522096,-0.003899894100604146,-0.003899894100604146,0.1767040767312539,1.0011942978440065,1.6115878659560592e-08]"
/multi_agv/m2b_algorithm_state,1789558519.2471135,1789558519.2471135,m2b_algorithm_state_v1:header6+3x20,"[1.0,-0.15,0.52,4.069842536067093,0.10125037193789005,1789558519.246995,4.068429560230203,0.10107504435768702,0.0036904376666666654,0.0015415980442666341,0.0006965984745763258,0.0005690924580885739,0.004584685874999997,4.070662505155189,0.1008588081315877,0.0022329449249864908,-0.00021623622609932835,-0.00021631096512860238,1.000691836364568,1.5544249608921034e-09,0.002574870191104511,-0.007494922865819605,-0.007494922865819605,0.14195253886889903,0.9996544833997223,1.5555003686060409e-09,4.069410091402292,0.10150179542956984,0.002796189458333334,-0.0009450899530410554,0.0016672010187184227,0.0007545011091211196,-0.0017884964166666626,4.070493363396836,0.10161448327818999,0.001083271994543722,0.00011268784862014658,0.00011266771805940341,0.9996428724554723,-2.582371658169872e-10,0.0014667577112390559,-0.006204877171334685,-0.006204877171334685,0.12046878991616426,1.000178671948717,-2.581449422120532e-10,4.068723421555664,0.10117404539233155,0.0036904376666666654,0.00132443733435049,0.0009823712348619121,0.0005145802954928239,0.0032930326916666636,4.069204117180229,0.10144724338944393,0.0004806956245655414,0.0002731979971123816,0.00027307929507959646,0.9991319159360457,2.130006499715138e-09,0.0008739488257865232,-0.0019041288011292876,-0.0019041288011292876,0.17670402762390394,1.000434679724622,2.1281574750166162e-09]"
/multi_agv/m2b_algorithm_state,1789558519.2570815,1789558519.2570815,m2b_algorithm_state_v1:header6+3x20,"[1.0,-0.15,0.52,4.0708412466265,0.10125038027510251,1789558519.2569385,4.0694177620504135,0.1010752342091366,0.0036904376666666654,0.0015402487881927738,0.0006967171688740941,0.0005696155658654221,0.004584685874999997,4.071060830009806,0.09881027971173445,0.001643067959392397,-0.002264954497402147,-0.0022732819885167887,1.007415990923294,1.706301262560425e-07,-0.0002194470392762925,0.0033244685453470463,0.0033244685453470463,0.14195251826395763,0.9963367980053918,1.7189551772359781e-07,4.070398241642106,0.10150167468045107,0.002796189458333334,-0.0009436210281350997,0.0016671167250379426,0.0007539082276830783,-0.0017884964166666626,4.0715019775802626,0.10161448327818999,0.0011037359381562695,0.00011280859773891982,0.00011278842399921363,0.9996424896851878,-2.5838877318538587e-10,0.0014924583466945506,-0.0062947384063828165,-0.0062947384063828165,0.12046880187488429,1.0001788635658775,-2.582963965337404e-10,4.069711604508761,0.10117420692408247,0.0036904376666666654,0.0013235491460845713,0.0009824104039681371,0.0005149449162416904,0.0032930326916666636,4.070101066178079,0.10027204688794268,0.0003894616693180808,-0.0009021600361397847,-0.0009034659825022212,1.0029050091883598,2.3230421663010323e-08,-0.0004166388958546202,0.0032026254147397917,0.0032026254147397917,0.176704067955746,0.998554515180727,2.329790625139084e-08]"
/multi_agv/m2b_algorithm_state,1789558519.2672522,1789558519.2672522,m2b_algorithm_state_v1:header6+3x20,"[1.0,-0.15,0.52,4.071843489562792,0.10125036587203923,1789558519.2671058,4.070416475309809,0.10107525384109593,0.0036904376666666654,0.001540110139118981,0.0006967308117907575,0.0005696685681412124,0.004584685874999997,4.071972255357502,0.09844613204592768,0.0015557800476928563,-0.002629121795168249,-0.0026403731805085514,1.0086436401537875,2.2994436086244428e-07,-0.000695648120892481,0.00515888298938598,0.00515888298938598,0.14195251658304836,0.9957387139729484,2.319319171731319e-07,4.071396948883761,0.10150166299779056,0.002796189458333334,-0.0009434705271531259,0.0016671067717810573,0.0007538481680641612,-0.0017884964166666626,4.071898768102695,0.1009968766844405,0.0005018192189343296,-0.0005047863133500613,-0.0005051921471011063,1.0016110139531484,-5.175138715450776e-09,0.0001220818765668057,-0.0011492921258236147,-0.0011492921258236147,0.12046880284997781,0.9991966744665892,-5.183475936130847e-09,4.070710315685932,0.10117422398642104,0.0036904376666666654,0.0013234562396276048,0.0009824151938648837,0.000514982696064223,0.0032930326916666636,4.070585392924722,0.10112325257122345,-0.00012492276120923407,-5.097141519758153e-05,-5.097555729015281e-05,1.0001625574011868,7.41065119739698e-11,-0.0002071290088016954,0.0020815645830183148,0.0020815645830183148,0.1767040712393901,0.9999187435549217,7.41185585359673e-11]"
/multi_agv/m2b_algorithm_state,1789558519.2772026,1789558519.2772026,m2b_algorithm_state_v1:header6+3x20,"[1.0,-0.15,0.52,4.0728450142896975,0.10125035651671878,1789558519.2770872,4.071418713810211,0.10107521861029037,0.0036904376666666654,0.0015403601944984704,0.0006967083109072902,0.0005695718833234022,0.004584685874999997,4.073103409659366,0.10038224253649874,0.0016846958491543162,-0.0006929760737916235,-0.0006937464247523712,1.0022291233788305,1.5956732985212263e-08,0.0014121233866905242,-0.0031491466562329554,-0.0031491466562329554,0.14195252124635863,0.9988895784781557,1.5992302511759356e-08,4.072399197159907,0.10150168510413886,0.002796189458333334,-0.0009437424313559193,0.001667122791340958,0.0007539576962988931,-0.0017884964166666626,4.072898613043618,0.1009968766844405,0.0004994158837110518,-0.0005048084196983549,-0.0005052142889423558,1.00161108442725,-5.177083138786972e-09,0.00011905556569645904,-0.0011388298972733286,-0.0011388298972733286,0.12046880014557183,0.9991966394203726,-5.185423856810451e-09,4.071712557718262,0.10117419390168846,0.0036904376666666654,0.001323621330101805,0.000982407636605398,0.0005149150667655596,0.0032930326916666636,4.071651492537234,0.10184606017997502,-6.106518102733105e-05,0.0006718662782865675,0.0006711505336053212,0.9978748002549914,1.287064583550548e-08,0.0005948190573211574,-0.0010959886194872085,-0.0010959886194872085,0.1767040621256078,1.0010664443301587,1.2843293142257768e-08]"
/multi_agv/m2b_algorithm_state,1789558519.2872474,1789558519.2872474,m2b_algorithm_state_v1:header6+3x20,"[1.0,-0.15,0.52,4.073844296028008,0.10125036172525591,1789558519.28715,4.072420235520784,0.10107519670339367,0.0036904376666666654,0.0015405147394129248,0.0006966929349744076,0.0005695128922854979,0.004584685874999997,4.074239477386948,0.10179303279201965,0.0018192418661637788,0.000717836088625981,0.0007170182368182166,0.9977275270187795,1.7106863890450554e-08,0.0029910705695229403,-0.009428485207785798,-0.009428485207785798,0.14195252463631874,1.001140629018578,1.7067989004466088e-08,4.073400725607036,0.10150169799903307,0.002796189458333334,-0.0009439098173882046,0.0016671339520160089,0.0007540244469428359,-0.0017884964166666626,4.073881472012733,0.10284491265125821,0.00048074640569684135,0.0013432146522251442,0.0013403810466184152,0.9958023794247957,-3.6612637951479096e-08,0.0019413140537394668,-0.008474880195684018,-0.008474880195684018,0.12046879818098419,1.002114029897601,-3.645895198910146e-08,4.072714081741272,0.10117417484772963,0.0036904376666666654,0.0013237249247296736,0.0009824021523932918,0.0005148730151895843,0.0032930326916666636,4.0728376660766745,0.10287488849067833,0.0001235843354026045,0.0017007136429487008,0.0016961630283142235,0.994683089687902,8.241507254746837e-08,0.001850643447567479,-0.0060546647209141075,-0.0060546647209141075,0.1767040554996416,1.0026828875282112,8.197687899836843e-08]"
/multi_agv/m2b_algorithm_state,1789558519.297212,1789558519.297212,m2b_algorithm_state_v1:header6+3x20,"[1.0,-0.15,0.52,4.0748430538023435,0.10125037008439852,1789558519.2970636,4.073419518769638,0.10107521026312567,0.0036904376666666654,0.0015404176668659241,0.0006967004597354879,0.00056955105520296,0.004584685874999997,4.074934125483462,0.10002298595021164,0.0015146067138234187,-0.0010522243129140324,-0.0010540052373529,1.0033984927806814,3.6799974016979335e-08,0.0008392531549263735,-0.0009558490221540971,-0.0009558490221540971,0.14195252397237934,0.9983103267652254,3.69250384630053e-08,4.074400005602877,0.10150168875717644,0.002796189458333334,-0.0009438035337162604,0.001667128724608169,0.0007539810957616078,-0.0017884964166666626,4.074903312530848,0.10284491265125821,0.000503306927971181,0.0013432238940817715,0.0013403902493241276,0.9958023504564025,-3.660902045340841e-08,0.001969523909288104,-0.008575393377396726,-0.008575393377396726,0.12046879856693818,1.0021140445919183,-3.645534861541061e-08,4.073713363711508,0.1011741861554656,0.0036904376666666654,0.0013236620376148862,0.0009824043845467756,0.000514899113213734,0.0032930326916666636,4.073448708560244,0.10141625319976222,-0.00026465515126350425,0.00024206704429662051,0.00024197383142654383,0.999230563923894,1.6712916030352179e-09,-8.884510765283648e-05,0.0015303167172540648,0.0015303167172540648,0.17670405679839024,1.000385218804559,1.6700056509821496e-09]"
/multi_agv/m2b_algorithm_state,1789558519.3072083,1789558519.3072083,m2b_algorithm_state_v1:header6+3x20,"[1.0,-0.15,0.52,4.075842498631771,0.10125037381424247,1789558519.3070767,4.074418279136481,0.10107523080525936,0.0036904376666666654,0.00154027170675457,0.0006967134892372326,0.0005696075455707851,0.004584685874999997,4.075941087089965,0.10002298595021164,0.0015228079534841399,-0.001052244855047721,-0.0010540258488071406,1.0033985589781016,3.679792086007772e-08,0.0008494840930480343,-0.0009921686113273107,-0.0009921686113273107,0.14195252238293637,0.9983102940393396,3.692298076439221e-08,4.075398760266501,0.10150167575403234,0.002796189458333334,-0.000943644487303049,0.0016671193924731043,0.0007539170089014557,-0.0017884964166666626,4.075840103559845,0.10180313382679958,0.0004413432933434436,0.0003014580727672411,0.00030131421444157085,0.9990466735110021,-1.8449990496227885e-09,0.0008529933311208753,-0.004110770207073055,-0.004110770207073055,0.12046879948772603,1.0004774362402282,-1.843240163156607e-09,4.0747121220040485,0.10117420369390386,0.0036904376666666654,0.0013235656559174719,0.00098240868917352,0.0005149386518246168,0.0032930326916666636,4.074469696608914,0.10141625319976222,-0.00024242539513430472,0.00024204950585836327,0.00024195630650463042,0.9992306197012979,1.6709276419248302e-09,-6.107543741325048e-05,0.0014315614218302125,0.0014315614218302125,0.17670405990792062,1.0003851908432528,1.6696420631165766e-09]"
/multi_agv/m2b_algorithm_state,1789558519.3172274,1789558519.3172274,m2b_algorithm_state_v1:header6+3x20,"[1.0,-0.15,0.52,4.076843835384987,0.10125036539025911,1789558519.3170905,4.075417725194789,0.10107523956195928,0.0036904376666666654,0.0015402098438085294,0.000696719644995447,0.0005696311586817657,0.004584685874999997,4.07671763353687,0.09840814127752548,0.0012999083420801583,-0.0026670982844338026,-0.002678680368489158,1.0087722337343863,2.3665641946953406e-07,-0.0010537949408889603,0.006434557893760748,0.006434557893760748,0.14195252202223577,0.9956761978056051,2.387324248958638e-07,4.0763982035841435,0.10150167055094841,0.002796189458333334,-0.0009435772202917503,0.00166711485711879,0.0007538902101177913,-0.0017884964166666626,4.076731472660551,0.10168187725070203,0.0003332690764077384,0.00018020669975361836,0.00018015524540052348,0.9994293306192367,-6.593110619620631e-10,0.0005967415909101965,-0.0031444945689760085,-0.0031444945689760085,0.12046879969761862,1.000285611184845,-6.589348133266028e-10,4.075711567116379,0.10117421132981975,0.0036904376666666654,0.0013235240730846724,0.0009824108400937172,0.0005149555575425561,0.0032930326916666636,4.075418068738665,0.10238058191447691,-0.00029349837771341925,0.0012063705846571543,0.00120407234057808,0.9962072316324635,4.147598970122201e-08,0.000837199368436306,-0.0022061072278921567,-0.0022061072278921567,0.17670406060775717,1.0019087259142343,4.1318680879470946e-08]"
/multi_agv/m2b_algorithm_state,1789558519.3271894,1789558519.3271894,m2b_algorithm_state_v1:header6+3x20,"[1.0,-0.15,0.52,4.077842165244353,0.10125037634552116,1789558519.3270156,4.076419059353961,0.10107521905976982,0.0036904376666666654,0.0015403552204818049,0.0006967064332627608,0.0005695750159957044,0.004584685874999997,4.077701961954079,0.09840814127752548,0.0012829026001179855,-0.0026670777822443426,-0.0026786596896282012,1.0087721666787541,2.3667513742238072e-07,-0.0010750314394807193,0.006509355630908653,0.006509355630908653,0.14195252505216746,0.9956762303816704,2.387512911765669e-07,4.077399543469308,0.10150168331276896,0.002796189458333334,-0.0009437351217351881,0.0016671242529655572,0.0007539537675295555,-0.0017884964166666626,4.07781439212812,0.10293052939134077,0.0004148486588118061,0.0014288460785718132,0.001425641749680919,0.9955391412796298,-4.1419386530956514e-08,0.0019442025731956766,-0.00852591267356572,-0.00852591267356572,0.12046879793525456,1.0022476396272846,-4.123462049935752e-08,4.07671290333169,0.10117419379823854,0.0036904376666666654,0.001323620149441131,0.000982406355103516,0.0005149162450996036,0.0032930326916666636,4.076442131533071,0.10238058191447691,-0.0002707717986192293,0.0012063881162383688,0.0012040898051182628,0.996207176366132,4.148020889936311e-08,0.0008656250568442262,-0.002307358250401426,-0.002307358250401426,0.17670405466720754,1.0019087539071725,4.1322881782711824e-08]"
/multi_agv/m2b_algorithm_state,1789558519.337117,1789558519.337117,m2b_algorithm_state_v1:header6+3x20,"[1.0,-0.15,0.52,4.078841669070156,0.10125037950457368,1789558519.3369868,4.077417392673553,0.101075245460824,0.0036904376666666654,0.0015401681649054328,0.0006967238895333237,0.0005696470169665207,0.004584685874999997,4.078362799951281,0.10002385197356312,0.0009454072777277389,-0.0010513934872608821,-0.00105317158843034,1.0033957759158143,3.673590528510482e-08,0.00012858750872933372,0.0015568896137553151,0.0015568896137553151,0.14195252268630323,0.9983116700175059,3.686065218751762e-08,4.0783978691281995,0.10150166706374529,0.002796189458333334,-0.0009435317198210483,0.0016671116515381001,0.0007538721546723609,-0.0017884964166666626,4.078335222955631,0.10427177180512529,-6.264617256857008e-05,0.0027701047413799945,0.0027581833178713746,0.9914835993583426,-1.554890047443177e-07,0.002679875602160662,-0.011805252209097377,-0.011805252209097377,0.12046879931267872,1.0043222012950976,-1.5416479808454253e-07,4.077711233931308,0.10117421651199422,0.0036904376666666654,0.001323495867052485,0.0009824123046030314,0.0005149670219813519,0.0032930326916666636,4.076783758551258,0.10187241924099394,-0.0009274753800498914,0.0006982027289997167,0.0006974299259459587,0.9977921563941711,1.3897872733255024e-08,-0.0004619142991164055,0.002652430080278467,0.002652430080278467,0.17670405931183703,1.0011080726894674,1.3867188403806283e-08]"
/multi_agv/m2b_algorithm_state,1789558519.3473186,1789558519.3473186,m2b_algorithm_state_v1:header6+3x20,"[1.0,-0.15,0.52,4.079841019097993,0.10125038354519239,1789558519.347176,4.078416897614144,0.1010752523295463,0.0036904376666666654,0.0015401202094491766,0.0006967295125573257,0.0005696648788627214,0.004584685874999997,4.0793677788014095,0.10002385197356312,0.0009508811872658285,-0.0010514003559831814,-0.0010531784803129679,1.0033957980502255,3.673524044311326e-08,0.00013542300376931772,0.0015326700576451743,0.0015326700576451743,0.1419525224358346,0.9983116590748625,3.6859985900984544e-08,4.07939737153408,0.10150166348263555,0.002796189458333334,-0.0009434799595712338,0.0016671073917713386,0.0007538519341856037,-0.0017884964166666626,4.079323379339416,0.10366425433234129,-7.399219466375229e-05,0.0021625908497057422,0.0021552913555631698,0.9933048337458869,-9.480466595986582e-08,0.0020628011122334794,-0.009301039873688107,-0.009301039873688107,0.1204687994600002,1.0033867783693056,-9.416993295959886e-08,4.078710738062245,0.1011742227015392,0.0036904376666666654,0.0013234627330018871,0.0009824144420457872,0.00051498027249844,0.0032930326916666636,4.077807310681361,0.10187241924099394,-0.0009034273808845583,0.0006981965394547429,0.0006974237501313232,0.9977921759968086,1.389727806237492e-08,-0.00043186047597437466,0.002545445859867512,0.002545445859867512,0.17670405979930648,1.0011080628144284,1.3866595318289783e-08]"
/multi_agv/m2b_algorithm_state,1789558519.3571029,1789558519.3571029,m2b_algorithm_state_v1:header6+3x20,"[1.0,-0.15,0.52,4.080840797589049,0.10125038474302818,1789558519.3569896,4.079416249062444,0.10107526106296223,0.0036904376666666654,0.0015400593313156948,0.0006967367169970369,0.0005696875196336433,0.004584685874999997,4.080147370127731,0.09743445655668442,0.0007311210652876099,-0.003640804506277809,-0.003662545529354467,1.0121061701820295,4.412289796322777e-07,-0.0027486441977449547,0.012786458020780128,0.012786458020780128,0.14195252190509533,0.9940639582764478,4.465705727489493e-07,4.0803967197472515,0.10150165899284319,0.002796189458333334,-0.0009434143879694891,0.0016671019477776383,0.0007538263429523878,-0.0017884964166666626,4.080118418886723,0.10222071610939286,-0.00027830086052826886,0.0007190571165496679,0.0007182412240615215,0.9977368488567672,-1.0491422112276512e-08,0.00037036514840118543,-0.0025858295088810714,-0.0025858295088810714,0.12046879976875491,1.0011359588684323,-1.0467678438328975e-08,4.079710088484282,0.10117423057977176,0.0036904376666666654,0.001323420643655033,0.000982417209223963,0.0005149970772278371,0.0032930326916666636,4.078594048051017,0.10055079659756172,-0.0011160404332644092,-0.0006234339822100421,-0.0006240563187623672,1.0020011779084057,1.1090352821559365e-08,-0.0020191068603428786,0.008755300828770664,0.008755300828770664,0.17670406084635576,0.999002755787235,1.1112546590622294e-08]"
/multi_agv/m2b_algorithm_state,1789558519.3672154,1789558519.3672154,m2b_algorithm_state_v1:header6+3x20,"[1.0,-0.15,0.52,4.081841456000613,0.10125038031549631,1789558519.367069,4.080416028102199,0.10107526272949076,0.0036904376666666654,0.0015400487624961812,0.0006967395385641944,0.000569690633152414,0.004584685874999997,4.08112584796038,0.09743445655668442,0.0007098198581809712,-0.003640806172806335,-0.003662547215575032,1.012106175681748,4.4122635264621e-07,-0.002775272392848818,0.012879722571605101,0.012879722571605101,0.14195252213902604,0.9940639556327784,4.4656791638676193e-07,4.08139649746233,0.10150165904873334,0.002796189458333334,-0.0009434036910167956,0.001667099619840684,0.000753822917115482,-0.0017884964166666626,4.081146733304307,0.10319094985263907,-0.00024976415802235863,0.0016892908039057297,0.00168482071882444,0.9947417091286281,-5.786373099561571e-08,0.0013726155212964916,-0.006609016942195405,-0.006609016942195405,0.12046879962668164,1.0026531517753465,-5.755946666713795e-08,4.08070986720262,0.10117423245086045,0.0036904376666666654,0.0013234116609852978,0.000982418552269504,0.0005150002722821454,0.0032930326916666636,4.079603821482335,0.10055079659756172,-0.0011060457202844987,-0.0006234358532987289,-0.0006240581935797298,1.0020011839063558,1.1090344034871634e-08,-0.002006615343935353,0.008711046264714119,0.008711046264714119,0.17670406037093656,0.9990027528083062,1.1112537852870169e-08]"
/multi_agv/m2b_algorithm_state,1789558519.377156,1789558519.377156,m2b_algorithm_state_v1:header6+3x20,"[1.0,-0.15,0.52,4.0828391049401045,0.10125039513794175,1789558519.3770475,4.0814166852679925,0.10107525096627792,0.0036904376666666654,0.0015401332407956993,0.0006967332826063098,0.0005696572693526106,0.004584685874999997,4.082667730581595,0.09923992828456045,0.001251045313602539,-0.0018353226817174745,-0.0018407729228827091,1.0059803068519308,1.1199668446801504e-07,-0.00027696628087953536,0.003337739796306127,0.003337739796306127,0.14195252396085759,0.9970391561623477,1.1266645900753265e-07,4.082397157287636,0.10150166726028405,0.002796189458333334,-0.0009434962552278825,0.0016671038610676092,0.000753860834363268,-0.0017884964166666626,4.08271682461304,0.10508405586004442,0.000319667325404005,0.003582388599760372,0.0035625736969181285,0.9890887818904135,-2.5987673859560556e-07,0.003962157853673135,-0.01681174630185712,-0.01681174630185712,0.1204687985749804,1.0055619629312889,-2.570411668191809e-07,4.081710525446211,0.1011742227199269,0.0036904376666666654,0.0013234660512534365,0.000982416756128402,0.0005149776305145241,0.0032930326916666636,4.081047703433788,0.10121103429594197,-0.0006628220124227369,3.681157601506668e-05,3.680941704263821e-05,0.9998827177595725,3.8649888092188766e-11,-0.0007917180984857829,0.0041178649355235394,0.0041178649355235394,0.1767040568144917,1.0000586527199269,3.864535514672104e-11]"
/multi_agv/m2b_algorithm_state,1789558519.3873348,1789558519.3873348,m2b_algorithm_state_v1:header6+3x20,"[1.0,-0.15,0.52,4.08384390627596,0.10125036391283644,1789558519.387272,4.082414339008995,0.10107528550323634,0.0036904376666666654,0.0015398898725640271,0.0006967576947912938,0.0005697500614209173,0.004584685874999997,4.083665720843521,0.09923992828456045,0.0012513818345256666,-0.0018353572186758926,-0.0018408076638581176,1.0059804189503716,1.119831862227572e-07,-0.00027658037070103433,0.003336150750283655,0.003336150750283655,0.1419525203640954,0.9970391012112576,1.1265289259176677e-07,4.083394800290861,0.10150164709584857,0.002796189458333334,-0.0009432327412673015,0.0016670860522705055,0.0007537558737204519,-0.0017884964166666626,4.0837735853971795,0.10508405586004442,0.0003787851063181691,0.0035824087641958546,0.003562593635840909,0.9890887199632963,-2.598071008248623e-07,0.00403607501873862,-0.01707712636439935,-0.01707712636439935,0.1204688006545743,1.0055619951025563,-2.569722727922381e-07,4.082708175520457,0.10117425281474034,0.0036904376666666654,0.0013233026889396308,0.000982425492003225,0.0005150438976761827,0.0032930326916666636,4.082065515803998,0.10121103429594197,-0.0006426597164592707,3.6781481201633714e-05,3.677932575822754e-05,0.999882813649817,3.8581951046787745e-11,-0.0007665453198158608,0.004028339801155112,0.004028339801155112,0.1767040638475939,1.0000586047558444,3.8577429768761634e-11]"
/multi_agv/m2b_algorithm_state,1789558519.3970625,1789558519.3970625,m2b_algorithm_state_v1:header6+3x20,"[1.0,-0.15,0.52,4.084847626702326,0.10125034062768563,1789558519.3969345,4.083419130668995,0.10107520914068024,0.0036904376666666654,0.0015404320395523289,0.0006967087682909323,0.0005695405036013371,0.004584685874999997,4.084953112325256,0.09848894349164644,0.0015339816562613962,-0.002586265649033803,-0.002597149715035165,1.008498659487148,2.225493439151495e-07,-0.00067967264470842,0.005084466801718522,0.005084466801718522,0.1419525296373331,0.9958092265769845,2.2444071500817253e-07,4.084399613273088,0.10150169506020028,0.002796189458333334,-0.0009438227364653422,0.0016671209913816654,0.0007539934420914829,-0.0017884964166666626,4.084871433503782,0.10366539237621777,0.00047182023069414214,0.002163697316017496,0.0021563904152058946,0.9933014960713973,-9.49360895290313e-08,0.0027461657035735723,-0.011746083741328931,-0.011746083741328931,0.12046879527912731,1.003388486964177,-9.430015976035491e-08,4.083712974885799,0.10117418753762883,0.0036904376666666654,0.0013236610222657412,0.0009824091118648239,0.0005148970944461539,0.0032930326916666636,4.083313975762189,0.09969522797004914,-0.00039899912361018863,-0.0014789595675796935,-0.0014824845762444097,1.004793448700227,6.246108736536232e-08,-0.0019812334807571457,0.008982030188714778,0.008982030188714778,0.17670404570750453,0.997622229113745,6.276049138340859e-08]"
/multi_agv/m2b_algorithm_state,1789558519.4070077,1789558519.4070077,m2b_algorithm_state_v1:header6+3x20,"[1.0,-0.15,0.52,4.085842184485526,0.10125037621673942,1789558519.4068727,4.084422843543121,0.10107515451872424,0.0036904376666666654,0.001540817654531245,0.0006966704461591532,0.000569393288712841,0.004584685874999997,4.085942209798772,0.09848894349164644,0.001519366255651633,-0.0025862110270778033,-0.002597094636828879,1.0084984809701185,2.225956999568345e-07,-0.0006978868172643378,0.005148883551257993,0.005148883551257993,0.1419525369547718,0.9958093133778272,2.2448742527694787e-07,4.085403343001626,0.10150172736124456,0.002796189458333334,-0.0009442409350532265,0.0016671488978987625,0.0007541602006767845,-0.0017884964166666626,4.085870440401017,0.10379928418675927,0.0004670973993912142,0.0022975568255147044,0.0022893262493277797,0.9928979940178645,-1.0708285045144779e-07,0.0028731979985667975,-0.01226656304603584,-0.01226656304603584,0.12046879103028355,1.0035951958308003,-1.0632234740695749e-07,4.084716693562232,0.1011741400030881,0.0036904376666666654,0.0013239196950124606,0.0009823955362869624,0.0005147920313418718,0.0032930326916666636,4.0843151876201995,0.09969522797004914,-0.0004015059420323652,-0.0014789120330389594,-0.001482436816106689,1.0047932951235428,6.246928953366262e-08,-0.0019843192436471454,0.008993165213707847,0.008993165213707847,0.17670403136589286,0.9976223046881778,6.27687232745555e-08]"
/multi_agv/m2b_algorithm_state,1789558519.4170785,1789558519.4170785,m2b_algorithm_state_v1:header6+3x20,"[1.0,-0.15,0.52,4.0868409884413275,0.10125038384698966,1789558519.4169948,4.085417412236074,0.10107524204708832,0.0036904376666666654,0.0015401960092956404,0.0006967256218558752,0.0005696340465368404,0.004584685874999997,4.086838600875377,0.09877201050608646,0.0014211886393029616,-0.0023032315410018572,-0.0023118453537635665,1.0075445628076345,1.7644445169218567e-07,-0.0005353595546348645,0.004453424037253576,0.004453424037253576,0.14195252781586448,0.9962740532156762,1.77775647940036e-07,4.0863978876979035,0.10150167201403239,0.002796189458333334,-0.0009435644545148737,0.0016671096371316807,0.0007538873918788991,-0.0017884964166666626,4.0869573009712346,0.1046309260568351,0.0005594132733310886,0.0031292540428027177,0.0031140825294261243,0.9904190723883366,-1.983744671119573e-07,0.003813349121089985,-0.01604850362745293,-0.01604850362745293,0.12046879633757535,1.0048719047209673,-1.9647385570255532e-07,4.085711253522601,0.10117421458909756,0.0036904376666666654,0.001323509984891324,0.0009824138635505797,0.0005149600915859811,0.0032930326916666636,4.085482564946294,0.10094813348667503,-0.00022868857630697903,-0.00022608110242253177,-0.00022616269857135896,1.0007224472569074,1.4581507323251014e-09,-0.0005120234189550828,0.0032413948040740242,0.0032413948040740242,0.17670404927262495,0.9996392148248024,1.4592041693218271e-09]"
/multi_agv/m2b_algorithm_state,1789558519.4270277,1789558519.4270277,m2b_algorithm_state_v1:header6+3x20,"[1.0,-0.15,0.52,4.08784392885926,0.1012503648960605,1789558519.4269457,4.086416218676032,0.10107525976168341,0.0036904376666666654,0.0015400712480769193,0.0006967382357599302,0.0005696815642452223,0.004584685874999997,4.08797127292916,0.10043324413415286,0.0015550542531279632,-0.0006420156275305511,-0.0006426765889896706,1.0020640065927249,1.3693102370139606e-08,0.0013011412274202834,-0.0027800994093983137,-0.0027800994093983137,0.14195252629634847,0.99897154887786,1.372136502370643e-08,4.087396688578009,0.10150166172519925,0.002796189458333334,-0.0009434293644414627,0.0016671004100450304,0.0007538336346287616,-0.0017884964166666626,4.08747636277326,0.10387015674971271,7.967419525112263e-05,0.002368495024513459,0.0023597530684286716,0.992684662510259,-1.1369361264501164e-07,0.002459345812492575,-0.010819351326483886,-0.010819351326483886,0.12046879721773203,1.0037046063004418,-1.1286190549808549e-07,4.086710058069941,0.10117423005408634,0.0036904376666666654,0.0013234261030075373,0.0009824183874621367,0.0005149940979655371,0.0032930326916666636,4.085945878764072,0.10087470477249863,-0.0007641793058690283,-0.0002995252815877064,-0.0002996685825101585,1.0009579361337129,2.559384685568871e-09,-0.0012548927148464438,0.005908207058480029,0.005908207058480029,0.1767040522453455,0.9995218019812031,2.561836412639249e-09]"
/multi_agv/m2b_algorithm_state,1789558519.4369578,1789558519.4369578,m2b_algorithm_state_v1:header6+3x20,"[1.0,-0.15,0.52,4.0888407632051615,0.10125038536318036,1789558519.43688,4.087419153209502,0.10107521354217051,0.0036904376666666654,0.0015403992693613796,0.0006967084505626882,0.0005695548733708061,0.004584685874999997,4.088766031587858,0.10071810793546374,0.001346878378356564,-0.0003571056067067785,-0.00035730966054332776,1.0011443609989943,4.2365341865178855e-09,0.0013262883124023773,-0.0030014275309302907,-0.0030014275309302907,0.14195253222016943,0.9994289159821791,4.241382311011843e-09,4.088399636091255,0.10150169063948909,0.002796189458333334,-0.0009437861815652145,0.0016671216959842639,0.0007539772302857517,-0.0017884964166666626,4.0885095824893645,0.10387015674971271,0.0001099463981093507,0.0023684661102236215,0.0023597243691142814,0.9926847522969543,-1.1373382355540866e-07,0.0024971573667509697,-0.010955027084261439,-0.010955027084261439,0.1204687937867044,1.0037045602544763,-1.1290183246388636e-07,4.087712997277024,0.10117419050652192,0.0036904376666666654,0.0013236430627824726,0.0009824083647942856,0.0005149052677531941,0.0032930326916666636,4.086943518275611,0.10079349597343684,-0.0007694790014136643,-0.00038069453308507695,-0.0003809261668178293,1.0012186503147102,4.135401615161741e-09,-0.0013427749185849097,0.006255139441513194,0.006255139441513194,0.17670404066263098,0.9993919196082343,4.140441223641511e-09]"
/multi_agv/m2b_algorithm_state,1789558519.4474244,1789558519.4474244,m2b_algorithm_state_v1:header6+3x20,"[1.0,-0.15,0.52,4.089846919175229,0.10125034574001186,1789558519.447301,4.088415993962495,0.10107526289692996,0.0036904376666666654,0.0015400497219941406,0.0006967409170535175,0.000569689500241094,0.004584685874999997,4.08967515627737,0.09963030988796207,0.0012591623148754394,-0.0014449530089678947,-0.0014483213914445888,1.004687649863217,6.939853507677874e-08,0.00012563150214971045,0.001743497076019671,0.001743497076019671,0.14195252716815324,0.9976742852128045,6.972385111023885e-08,4.089396462661862,0.10150166028536936,0.002796189458333334,-0.0009434064579404516,0.001667098370101705,0.0007538247665669767,-0.0017884964166666626,4.089399286148191,0.10324487569076532,2.8234863282960987e-06,0.0017432154053959592,0.0017384573327605803,0.9945772028444259,-6.161462227612662e-08,0.0017419866906709504,-0.007953674308162018,-0.007953674308162018,0.12046879671315738,1.0027369510575352,-6.128049867770586e-08,4.088709832991128,0.10117423290724178,0.0036904376666666654,0.0013234111465316657,0.0009824194663471623,0.0005150000198290402,0.0032930326916666636,4.087949044845896,0.1007692815312782,-0.0007607881452322829,-0.00040495137596358033,-0.0004052135161488988,1.0012966547607816,4.678442655570886e-09,-0.0013561986976892524,0.006312968344711397,0.006312968344711397,0.17670405054036672,0.9993530813389202,4.684508980513276e-09]"
/multi_agv/m2b_algorithm_state,1789558519.457352,1789558519.457352,m2b_algorithm_state_v1:header6+3x20,"[1.0,-0.15,0.52,4.090841397190629,0.10125038166552058,1789558519.457198,4.089422137486335,0.10107516734823926,0.0036904376666666654,0.0015407266992981117,0.0006966778595744571,0.0005694288579491252,0.004584685874999997,4.090676154554234,0.09963030988796207,0.0012540170678985163,-0.001444857460277199,-0.0014482253991954124,1.0046873408448644,6.941988568107922e-08,0.00011929593567773294,0.001766505879651796,0.001766505879651796,0.14195253887002468,0.9976744373354559,6.974528034667796e-08,4.090402633737572,0.1015017190984187,0.002796189458333334,-0.000944142112924205,0.0016671436870279166,0.0007541200752204796,-0.0017884964166666626,4.09043660042311,0.10324487569076532,3.396668553801163e-05,0.0017431565923466258,0.0017383988424572504,0.994577386520213,-6.165849389631353e-08,0.001780857199379765,-0.008093210107499095,-0.008093210107499095,0.12046878992211621,1.0027368574881528,-6.132414371616801e-08,4.089715986301781,0.10117415077337764,0.0036904376666666654,0.0013238605955276854,0.000982397902663923,0.0005148164177651189,0.0032930326916666636,4.089023457065398,0.10142929604785618,-0.000692529236382633,0.0002551452744785354,0.00025504172763567905,0.9991891133335181,1.8570224218942751e-09,-0.0006106198178426122,0.003378608216413843,0.003378608216413843,0.17670402761612905,1.0004059996135388,1.8555165871730033e-09]"
/multi_agv/m2b_algorithm_state,1789558519.4674263,1789558519.4674263,m2b_algorithm_state_v1:header6+3x20,"[1.0,-0.15,0.52,4.091843367914964,0.10125036897500311,1789558519.4672046,4.090416626591073,0.10107525520001392,0.0036904376666666654,0.001540103217020986,0.000696733966181284,0.0005696699278463555,0.004584685874999997,4.092010880027818,0.10014934749952717,0.001594253436745241,-0.0009259077004867555,-0.000927285386737385,1.002986249797508,2.8486555761275298e-08,0.0010655314091941662,-0.0018146188889316657,-0.0018146188889316657,0.14195252958607704,0.9985142802093789,2.8571623732649103e-08,4.091397098405021,0.10150166397477178,0.002796189458333334,-0.0009434639113572916,0.0016671036431761266,0.0007538469277535848,-0.0017884964166666626,4.09190172191527,0.10321179030413152,0.0005046235102490471,0.0017101263293597402,0.0017055460228478552,0.9946781227101569,-5.9302780655627715e-08,0.002336325410659164,-0.010060455923157812,-0.010060455923157812,0.12046879531216213,1.002685536743381,-5.898717853403198e-08,4.090710466575793,0.10117422582177606,0.0036904376666666654,0.0013234488231730142,0.0009824166977546959,0.0005149851285684123,0.0032930326916666636,4.090362980840309,0.10204140823274647,-0.00034748573548348816,0.0008671824109704185,0.0008659917966425727,0.9972630764396346,2.1435716529378234e-08,0.00043163462728821255,-0.0006048599478820304,-0.0006048599478820304,0.17670404580271123,1.0013748563582954,2.1377048611775666e-08]"
/multi_agv/m2b_algorithm_state,1789558519.4774318,1789558519.4774318,m2b_algorithm_state_v1:header6+3x20,"[1.0,-0.15,0.52,4.0928452880774016,0.10125035701770228,1789558519.4772768,4.091418593407995,0.10107522404112988,0.0036904376666666654,0.0015403245473677037,0.0006967141851575319,0.0005695842794067983,0.004584685874999997,4.09316336362225,0.10150376815714514,0.0017447702142554533,0.0004285441160152559,0.00042825199353675096,0.9986388831953319,6.097432935134799e-09,0.0026092147613560675,-0.007929552259041666,-0.007929552259041666,0.1419525337590728,1.0006821275391913,6.08913361670145e-09,4.09239907382271,0.1015016836432665,0.002796189458333334,-0.0009437047633459152,0.0016671177232376877,0.0007539440047901746,-0.0017884964166666626,4.092925217608561,0.10321179030413152,0.0005261437858505857,0.0017101066608650184,0.0017055264602555424,0.9946781841543154,-5.931655084206973e-08,0.002363206192568775,-0.010156682637606034,-0.010156682637606034,0.12046879289010547,1.0026855054531312,-5.900087908188705e-08,4.091712436514188,0.10117419924061295,0.0036904376666666654,0.001323594849728119,0.000982410100595122,0.0005149252633313197,0.0032930326916666636,4.09142369472567,0.10255862242265079,-0.0002887417885180099,0.0013844231820378389,0.0013814005411182141,0.995656263591033,5.461852198366266e-08,0.0010204733054707017,-0.0029424470766849574,-0.0029424470766849574,0.17670403763850145,1.0021880988385727,5.438127352111826e-08]"
/multi_agv/m2b_algorithm_state,1789558519.487988,1789558519.487988,m2b_algorithm_state_v1:header6+3x20,"[1.0,-0.15,0.52,4.093842757204903,0.10125037371530876,1789558519.4878967,4.092420509731302,0.10107519578454445,0.0036904376666666654,0.001540524212491881,0.0006966946842830162,0.0005695078762147143,0.004584685874999997,4.094182319958295,0.10150376815714514,0.0017618102269931768,0.0004285723726006885,0.0004282802115486913,0.9986387933639994,6.099028200671267e-09,0.0026305429952901624,-0.008005196364994246,-0.008005196364994246,0.14195253784329723,1.0006821726620072,6.0907261630113584e-09,4.09340099869737,0.10150170052829921,0.002796189458333334,-0.0009439213444607649,0.001667131859905524,0.0007540305317908086,-0.0017884964166666626,4.093859870989916,0.10192463891928258,0.00045887229254581996,0.0004229383909833684,0.0004226554894320902,0.9986643538086949,-3.632340457134359e-09,0.0009962458551143652,-0.004676431555879148,-0.004676431555879148,0.12046879051510714,1.0006693431372635,-3.6274889354372644e-09,4.092714355803532,0.10117417474026316,0.0036904376666666654,0.0013237283648539129,0.0009824032411837715,0.0005148709577099731,0.0032930326916666636,4.092453240328074,0.10255862242265079,-0.00026111547545859537,0.0013844476823876295,0.0013814249340373588,0.9956561864818888,5.4625970077252746e-08,0.0010550305897141146,-0.0030655993373930423,-0.0030655993373930423,0.176704029635252,1.002188137969565,5.4388685049991236e-08]"
/multi_agv/m2b_algorithm_state,1789558519.497028,1789558519.497028,m2b_algorithm_state_v1:header6+3x20,"[1.0,-0.15,0.52,4.094837152019047,0.10125040926102881,1789558519.4968863,4.09341798399401,0.10107523678363152,0.0036904376666666654,0.0015402330794661522,0.0006967206315350082,0.0005696205738609877,0.004584685874999997,4.095224830036495,0.10187069647406641,0.001806846042484267,0.0007954596904348882,0.000794455987583072,0.9974840133643896,2.1001604051279214e-08,0.0030530135406884058,-0.00968727676652407,-0.00968727676652407,0.14195253393135487,1.0012633838343514,2.0948764296159814e-08,4.094398461659842,0.10150167465235736,0.002796189458333334,-0.0009436044998912228,0.0016671133648173964,0.0007539028111458318,-0.0017884964166666626,4.094680543460898,0.10147291114592523,0.0002820818010560444,-2.8763506432133434e-05,-2.876481939193952e-05,1.0000913033905054,-1.6799966178539267e-11,0.000323837431928116,-0.0020801681912673052,-0.0020801681912673052,0.12046879278597641,0.9999543553606859,-1.6801500072411746e-11,4.093711825960856,0.10117420970993737,0.0036904376666666654,0.001323536328627878,0.000982411868988376,0.000514949710083984,0.0032930326916666636,4.09323915419264,0.10161302507358087,-0.000472671768216415,0.0004388153636434994,0.00043850950426407306,0.998608290600944,5.4908884486209975e-09,-0.00015233020600644568,0.0016673997209566557,0.0016673997209566557,0.17670403728964904,1.0006974977200087,5.483246727557884e-09]"
/multi_agv/m2b_algorithm_state,1789558519.5071154,1789558519.5071154,m2b_algorithm_state_v1:header6+3x20,"[1.0,-0.15,0.52,4.0958432389293025,0.10125036931074155,1789558519.5069969,4.09441239015135,0.10107532115613163,0.0036904376666666654,0.0015396367109273257,0.0006967781583172791,0.0005698491523951905,0.004584685874999997,4.095923257287654,0.10102521846001225,0.001510867136304661,-5.0102696119380674e-05,-5.010670355225791e-05,1.0001599990191494,8.33356870540645e-11,0.0018384772168285684,-0.004963253192749586,-0.004963253192749586,0.14195252449752907,0.9999200220211443,8.33490206822533e-11,4.095392842588308,0.10150162391604767,0.002796189458333334,-0.0009429573555608242,0.0016670717077831299,0.0007536439650565746,-0.0017884964166666626,4.095746335426599,0.10199785879546398,0.0003534928382906699,0.0004962348794163157,0.0004958456418006559,0.9984341875462172,-4.995060100523239e-09,0.0009377116896639933,-0.004501295133079092,-0.004501295133079092,0.12046879826328336,1.0007849975533643,-4.987238773210446e-09,4.094706223317483,0.10117428271090713,0.0036904376666666654,0.0013231382818538564,0.0009824319533873645,0.0005151118007694906,0.0032930326916666636,4.09425625870906,0.10161302507358087,-0.0004499646084230591,0.0004387423626737441,0.0004384366051843783,0.9986085223480364,5.487409320185746e-09,-0.00012401915534444554,0.0015663743888685517,0.0015663743888685517,0.17670405576409984,1.0006973812992581,5.479773712749531e-09]"
/multi_agv/m2b_algorithm_state,1789558519.5172386,1789558519.5172386,m2b_algorithm_state_v1:header6+3x20,"[1.0,-0.15,0.52,4.096843872693468,0.1012503655582971,1789558519.5170493,4.095418464817299,0.10107522266787279,0.0036904376666666654,0.0015403366136194888,0.0006967162555188363,0.0005695779723075777,0.004584685874999997,4.096913310940152,0.10122799466376181,0.0014948461228527776,0.00015277199588902002,0.00015273479386557087,0.9995132543472073,7.750537525525932e-10,0.002021292447431543,-0.005707921671098241,-0.005707921671098241,0.14195253607116942,1.0002435726824752,7.746764985078576e-10,4.096398944166324,0.10150168643127366,0.002796189458333334,-0.0009437193207428815,0.0016671157110668133,0.000753951361596325,-0.0017884964166666626,4.096773467186458,0.10153767866981264,0.0003745230201337435,3.5992238538978816e-05,3.599018372554719e-05,0.999885834647069,-2.6307258117660356e-11,0.0005041439588927266,-0.002749856080853772,-0.002749856080853772,0.12046879154729617,1.0000570937188675,-2.6304254740252708e-11,4.095712307804283,0.10117419883307821,0.0036904376666666654,0.0013235994130884033,0.000982411465271716,0.0005149225754697163,0.0032930326916666636,4.095499837616102,0.10385893505997171,-0.00021247018818115748,0.002684736226893497,0.0026734806711758187,0.9917006692443836,2.0520483632443477e-07,0.002407892935949372,-0.008522581958309466,-0.008522581958309466,0.17670403310601634,1.0042100755913554,2.0350177351512617e-07]"
/multi_agv/m2b_algorithm_state,1789558519.5271614,1789558519.5271614,m2b_algorithm_state_v1:header6+3x20,"[1.0,-0.15,0.52,4.097843936449132,0.10125036554879263,1789558519.5269947,4.096419097318472,0.10107521405016548,0.0036904376666666654,0.0015403973693788493,0.0006967098584913949,0.0005695549646106801,0.004584685874999997,4.098023429794641,0.10208181346890373,0.0016043324761687572,0.0010065994187382493,0.0010049947385749563,0.9968238246466548,3.36286702494363e-08,0.003010410333785903,-0.009638915423492702,-0.009638915423492702,0.14195253783976874,1.0015967050390417,3.3521859695824264e-08,4.097399579502589,0.10150169138035986,0.002796189458333334,-0.0009437852033959858,0.0016671204273617235,0.0007539774661882437,-0.0017884964166666626,4.097743021910684,0.10087037707636243,0.00034344240809502935,-0.0006313143039974323,-0.0006319496933101834,1.00201771684394,-8.098055831079247e-09,-0.0002026466831913967,5.752670948502934e-05,5.752670948502934e-05,0.12046879051982363,0.9989945571309278,-8.114395414732781e-09,4.096712941259344,0.101174191244366,0.0036904376666666654,0.0013236405993240284,0.0009824091479682107,0.0005149059282044443,0.0032930326916666636,4.096544788638051,0.10385893505997171,-0.00016815262129377118,0.0026847438156057113,0.0026734881957399524,0.9917006456421921,2.0521238770414193e-07,0.0024632974191227384,-0.00872106459124175,-0.00872106459124175,0.17670402964192855,1.0042100877361995,2.035092573799734e-07]"
/multi_agv/m2b_algorithm_state,1789558519.5370417,1789558519.5370417,m2b_algorithm_state_v1:header6+3x20,"[1.0,-0.15,0.52,4.09884154598578,0.10125038110015028,1789558519.5368483,4.097419160963317,0.10107521465171763,0.0036904376666666654,0.001540392603050601,0.0006967092769063037,0.0005695573331225581,0.004584685874999997,4.098874407621112,0.10116593767775423,0.0014552466577955059,9.072302603659044e-05,9.070990047924167e-05,0.999710744673375,2.733469303599414e-10,0.001909768222723624,-0.005282304796153433,-0.005282304796153433,0.14195253859281182,1.000144698178252,2.732678633043182e-10,4.098399643449746,0.10150169047979303,0.002796189458333334,-0.0009437797257730489,0.001667121001839078,0.000753974793001197,-0.0017884964166666626,4.0985536840098185,0.10110220226535352,0.0001540405600728434,-0.0003994882144395112,-0.0003997421916204966,1.0012734351331045,-3.2420926054193428e-09,-0.00020719149152944238,-2.974626214744306e-05,-2.974626214744306e-05,0.12046879008128616,0.9993646475495723,-3.2462212000478623e-09,4.097713004934335,0.10117419151486723,0.0036904376666666654,0.001323638576167145,0.0009824087536639773,0.0005149070102575689,0.0032930326916666636,4.097309332892899,0.10287205490095025,-0.0004036720414362094,0.0016978633860830206,0.0016933279145846885,0.9946918289473202,8.213387018741466e-08,0.0011887378627894267,-0.0036896596702119928,-0.0036896596702119928,0.17670402815768976,1.002678436621323,8.169788955524127e-08]"
/multi_agv/m2b_algorithm_state,1789558519.5471087,1789558519.5471087,m2b_algorithm_state_v1:header6+3x20,"[1.0,-0.15,0.52,4.099843297750293,0.10125036983827035,1789558519.5469398,4.098416775347538,0.10107525227245005,0.0036904376666666654,0.0015401260593481338,0.0006967338390529319,0.0005696600927833084,0.004584685874999997,4.0998298796777295,0.10093701349972953,0.0014131043301919277,-0.00013823877272052532,-0.00013826930036412423,1.0004418959641093,6.346489688531742e-10,0.0016281111123757853,-0.004174648672247204,-0.004174648672247204,0.14195253492811077,0.9997792160405924,6.349294176711365e-10,4.099397247115223,0.10150166723838105,0.002796189458333334,-0.0009434901057514332,0.0016671033883310926,0.0007538584146923322,-0.0017884964166666626,4.099534544350032,0.10101157733714124,0.00013729723480881972,-0.000490089901239818,-0.0004904724054334125,1.0015638499305115,-4.8782376630412604e-09,-0.0003188508619223878,0.00040666542535767883,0.00040666542535767883,0.1204687922074218,0.999220131062712,-4.885866494671626e-09,4.098710615494578,0.10117422378961972,0.0036904376666666654,0.0013234619365941514,0.0009824171134033667,0.0005149792282272241,0.0032930326916666636,4.098475464621995,0.10356533137865834,-0.0002351508725828566,0.002391107589038613,0.0023821594978604985,0.9925834731963321,1.6279211777442806e-07,0.0020882209071319277,-0.007235636241767748,-0.007235636241767748,0.1767040353357386,1.0037562938947417,1.6158476566952816e-07]"
/multi_agv/m2b_algorithm_state,1789558519.557125,1789558519.557125,m2b_algorithm_state_v1:header6+3x20,"[1.0,-0.15,0.52,4.100843785283187,0.1012503669950301,1789558519.5568783,4.099418523627698,0.1010752246610777,0.0036904376666666654,0.001540322195568699,0.000696716222046411,0.0005695842393401595,0.004584685874999997,4.100837391764182,0.10093701349972953,0.001418868136484619,-0.00013821116134817013,-0.00013824167680301394,1.0004418077277675,6.344763276924719e-10,0.0016353434938027598,-0.0042001278559312145,-0.0042001278559312145,0.1419525387201804,0.9997792600932692,6.34756644237132e-10,4.100399003068981,0.1015016846434536,0.002796189458333334,-0.0009437035902957538,0.0016671159560655013,0.0007539444155497815,-0.0017884964166666626,4.100542800702288,0.10101157733714124,0.00014379763330740758,-0.0004901073063123679,-0.0004904898376352312,1.0015639054096659,-4.879687713536736e-09,-0.00031074279600097176,0.00037772604193409974,0.00037772604193409974,0.12046879000819048,0.9992201034689981,-4.887319083549416e-09,4.099712366554199,0.10117420021027973,0.0036904376666666654,0.0013235914634546846,0.0009824112315893977,0.0005149261428695723,0.0032930326916666636,4.099568415697575,0.10424158332062815,-0.00014395085662410878,0.003067383110348418,0.0030527331451252063,0.9905593039094048,2.677883270274531e-07,0.0028727945743450703,-0.0103769069416842,-0.0103769069416842,0.1767040279134819,1.0047989668689534,2.65260218815378e-07]"
/multi_agv/m2b_algorithm_state,1789558519.5670595,1789558519.5670595,m2b_algorithm_state_v1:header6+3x20,"[1.0,-0.15,0.52,4.101839258098734,0.10125039599041692,1789558519.5668359,4.1004190102075615,0.10107521812050252,0.0036904376666666654,0.0015403683124151565,0.0006967113867711199,0.0005695667646617078,0.004584685874999997,4.101857607278469,0.10093701349972953,0.0014385970709076545,-0.00013820462077299145,-0.0001382351333409221,1.0004417868263624,6.344352888275726e-10,0.001660011205293646,-0.004287612166028465,-0.004287612166028465,0.14195254023722823,0.9997792705284596,6.347155739803561e-10,4.101399491788167,0.10150168840537564,0.002796189458333334,-0.0009437535751249783,0.0016671195149395857,0.000753964231036644,-0.0017884964166666626,4.10156376986661,0.10101157733714124,0.00016427807844276998,-0.0004901110682344056,-0.0004904936054210993,1.0015639174008968,-4.8800210173504514e-09,-0.0002851460073676368,0.0002869669652537537,0.0002869669652537537,0.12046878912674676,0.9992200975049101,-4.8876529671362275e-09,4.1007128538538336,0.10117419445921212,0.0036904376666666654,0.0013236226817614654,0.0009824094776171854,0.0005149135232920374,0.0032930326916666636,4.100622031976184,0.10424158332062815,-9.082187764963834e-05,0.003067388861416026,0.003052738840746111,0.9905592860848116,2.677956531456037e-07,0.002939211493684063,-0.0106151632024706,-0.0106151632024706,0.17670402494351534,1.0047989760782599,2.65267470996525e-07]"
/multi_agv/m2b_algorithm_state,1789558519.5774143,1789558519.5774143,m2b_algorithm_state_v1:header6+3x20,"[1.0,-0.15,0.52,4.102844706718954,0.10125036058426966,1789558519.5770836,4.1014144921634355,0.10107528763217846,0.0036904376666666654,0.0015398763615812857,0.0006967577331330687,0.0005697558979294581,0.004584685874999997,4.103177985489756,0.10144788149847823,0.001763493326320642,0.0003725938662997724,0.00037237294956721706,0.9988158385652063,4.608060139516959e-09,0.0025767396074680197,-0.007787489150387129,-0.007787489150387129,0.14195253274024291,1.0005932674025118,4.602603452410533e-09,4.102394953475538,0.10150164600456177,0.002796189458333334,-0.0009432193823043938,0.001667086130413331,0.0007537500424344978,-0.0017884964166666626,4.102741552348166,0.10230152090456017,0.0003465988726283342,0.0007998748999984012,0.0007988659163704934,0.9974848009743729,-1.2978869366522594e-08,0.0012321145071559113,-0.005690341546734399,-0.005690341546734399,0.12046879348156606,1.0012630199977637,-1.2946224926938175e-08,4.101708328657227,0.10117425433451058,0.0036904376666666654,0.0013232955562785384,0.0009824254538618685,0.0005150470092463721,0.0032930326916666636,4.101553915187188,0.1033612621016558,-0.00015441347003886108,0.002187007767145227,0.0021795104552500143,0.9932006793823427,1.3619068096036753e-07,0.001986493617701438,-0.006773565381604225,-0.006773565381604225,0.17670403962893386,1.0034399063684936,1.352646768553809e-07]"
/multi_agv/m2b_algorithm_state,1789558519.587114,1789558519.587114,m2b_algorithm_state_v1:header6+3x20,"[1.0,-0.15,0.52,4.103840905102,0.10125038522059292,1789558519.5869567,4.102419929798116,0.10107520123857767,0.0036904376666666654,0.0015404894888397147,0.0006967021568827995,0.0005695190406368677,0.004584685874999997,4.1041108266978625,0.10039052649821091,0.0016908968997464413,-0.0006846747403667641,-0.000685426698504423,1.002202214049862,1.557794289961018e-08,0.0014281944261786287,-0.0032097980945986772,-0.0032097980945986772,0.14195254315343903,0.9989029342753942,1.561224886433165e-08,4.103400415338397,0.10150170007997789,0.002796189458333334,-0.0009438863554902671,0.0016671258583302873,0.000754018487124683,-0.0017884964166666626,4.103604100807313,0.10123065661768332,0.00020368546891624817,-0.00027104346229456233,-0.0002711602621475793,1.0008627375932315,-1.4924702370361938e-09,-1.6553426002269094e-05,-0.0007633121337532031,-0.0007633121337532031,0.12046878742798113,0.9995692589611327,-1.4937578472164642e-09,4.102713775020348,0.10117418043425341,0.0036904376666666654,0.0013237009751024252,0.0009824067729040653,0.0005148809930808338,0.0032930326916666636,4.10264663559311,0.1031626149555398,-6.713942723823862e-05,0.0019884345212863863,0.001982227511771334,0.9938039829917523,1.1263325705274154e-07,0.0018983032277235358,-0.006362562544646819,-0.006362562544646819,0.1767040192204872,1.0031313305249738,1.1193537947634842e-07]"
/multi_agv/m2b_algorithm_state,1789558519.5970573,1789558519.5970573,m2b_algorithm_state_v1:header6+3x20,"[1.0,-0.15,0.52,4.104842484722144,0.10125037493481331,1789558519.596937,4.1034161358343635,0.10107526101903543,0.0036904376666666654,0.0015400657463583373,0.0006967409421365638,0.0005696825413100954,0.004584685874999997,4.105110535136885,0.10039052649821091,0.0016943993025213544,-0.0006847345208245148,-0.0006854866100113723,1.0022024060457393,1.5576373889576315e-08,0.0014325125181403207,-0.0032254857324458116,-0.0032254857324458116,0.1419525369683195,0.9989028389820115,1.5610679389601414e-08,4.1043966044680165,0.10150166298897231,0.002796189458333334,-0.0009434258298215868,0.001667098098047326,0.0007538333051382295,-0.0017884964166666626,4.10461217542589,0.10123065661768332,0.00021557095787372305,-0.00027100637128898986,-0.00027112313920308093,1.0008626196018402,-1.4913340222871955e-09,-1.6594418609271254e-06,-0.0008156912096556394,-0.0008156912096556394,0.12046879102614837,0.9995693177851426,-1.4926204762477117e-09,4.103709975003622,0.10117423165377097,0.0036904376666666654,0.0013234204544447649,0.0009824199233083421,0.0005149957475382226,0.0032930326916666636,4.10365943949574,0.10302727214361898,-5.0535507882365494e-05,0.0018530404898480096,0.0018476444466116841,0.9942169422448228,9.780594650268496e-08,0.0017844750617587272,-0.0058913240051612446,-0.0058913240051612446,0.1767040313552629,1.0029204987172835,9.724032906526016e-08]"
/multi_agv/m2b_algorithm_state,1789558519.6069734,1789558519.6069734,m2b_algorithm_state_v1:header6+3x20,"[1.0,-0.15,0.52,4.105836928418559,0.10125041016867455,1789558519.606826,4.104417712313181,0.10107523544123476,0.0036904376666666654,0.0015402478184583855,0.0006967251046253501,0.0005696118584794488,0.004584685874999997,4.106026920450806,0.09985596443112055,0.0016092081376255507,-0.001219271010114209,-0.0012216652962054907,1.0039454514660897,4.941204697652306e-08,0.0007898448758264477,-0.000704982311907854,-0.000704982311907854,0.14195254043706668,0.9980401456121261,4.9606999809709074e-08,4.105398187832571,0.10150167943206852,0.002796189458333334,-0.0009436242995724048,0.001667109331283001,0.0007539134917655954,-0.0017884964166666626,4.105025289503683,0.10226786004931558,-0.00037289832888820484,0.0007661806172470642,0.0007652546127065401,0.9975898281169642,-1.1913842453851456e-08,0.000299131701596284,-0.002354000054877842,-0.002354000054877842,0.12046878900577777,1.001210060710708,-1.1885128045750264e-08,4.104711554020678,0.10117420993113668,0.0036904376666666654,0.0013235401615648524,0.000982414757487682,0.0005149465462285464,0.0032930326916666636,4.1046947536506835,0.10302727214361898,-1.680036999474055e-05,0.0018530622124822982,0.0018476660420258628,0.9942168741696477,9.781709480713282e-08,0.0018266655795324371,-0.00604196138537098,-0.00604196138537098,0.17670402454222608,1.0029205334371567,9.725140623950367e-08]"
/multi_agv/m2b_algorithm_state,1789558519.6171067,1789558519.6171067,m2b_algorithm_state_v1:header6+3x20,"[1.0,-0.15,0.52,4.106840533850665,0.10125038615271259,1789558519.6169665,4.105412167201101,0.10107531922323973,0.0036904376666666654,0.0015396555872427085,0.0006967819278569818,0.0005698390096057378,0.004584685874999997,4.106676247181945,0.10010343478402876,0.0012640799808441017,-0.0009718844392109655,-0.0009734028678293878,1.0031361595208064,3.137770064160467e-08,0.0006066971082257393,-0.00017068161693955457,-0.00017068161693955457,0.1419525310998195,0.9984400820373497,3.147610611621285e-08,4.106392617841997,0.1015016289461918,0.002796189458333334,-0.0009429817621344453,0.0016670682703141537,0.0007536563325517553,-0.0017884964166666626,4.106189793640073,0.1036366244382129,-0.00020282420192341277,0.002134995492021091,0.002127879600220654,0.9933881727894472,-9.235374137918632e-08,0.001874349347816388,-0.008613307487820762,-0.008613307487820762,0.12046879443096992,1.0033441233233775,-9.174311439893906e-08,4.105706000212578,0.10117428233659212,0.0036904376666666654,0.0013231452914821413,0.000982434572879676,0.0005151073998671042,0.0032930326916666636,4.104985123316609,0.10275676009561627,-0.0007208768959694467,0.0015824777590241479,0.0015785343520466832,0.99504605735324,7.132910891133926e-08,0.0006774382320848748,-0.0018108257835892849,-0.0018108257835892849,0.17670404284849076,1.0024981445429755,7.0975748596748e-08]"
/multi_agv/m2b_algorithm_state,1789558519.627019,1789558519.627019,m2b_algorithm_state_v1:header6+3x20,"[1.0,-0.15,0.52,4.107843094224607,0.10125036961008087,1789558519.6269188,4.106415765400884,0.10107525885669721,0.0036904376666666654,0.0015400858317024058,0.000696745511935503,0.0005696714582041959,0.004584685874999997,4.107677366138006,0.10004655719873808,0.0012616007371217819,-0.0010287016579591385,-0.0010304035437188137,1.003321634687836,3.516487540810046e-08,0.0005465973776834136,6.815705344260419e-05,6.815705344260419e-05,0.141952538201042,0.9983483308359625,3.528168027804944e-08,4.107396231832416,0.10150166829697771,0.002796189458333334,-0.0009434511316821258,0.0016670939452518851,0.0007538464327953437,-0.0017884964166666626,4.107143949574902,0.1023250531586397,-0.00025228225751394717,0.0008233848616619882,0.0008223158851937285,0.9974115685906679,-1.3756178881117081e-08,0.0005069630633012946,-0.0031198401319517347,-0.0031198401319517347,0.12046879030759886,1.001299958431434,-1.3720571955628808e-08,4.106709604318696,0.10117423130446286,0.0036904376666666654,0.0013234270905058206,0.000982422917622872,0.0005149913135985254,0.0032930326916666636,4.106052933645632,0.10315158043158071,-0.0006566706730639638,0.0019773491271178473,0.0019712106200230938,0.9938377492882331,1.1135875532021283e-07,0.001150372278693139,-0.003684035398704637,-0.003684035398704637,0.17670402893365425,1.0031140797601228,1.1067253475097938e-07]"
/multi_agv/m2b_algorithm_state,1789558519.637043,1789558519.637043,m2b_algorithm_state_v1:header6+3x20,"[1.0,-0.15,0.52,4.108840591756733,0.10125038578666438,1789558519.6369586,4.107418320582993,0.10107521856349282,0.0036904376666666654,0.0015403719178570885,0.0006967193420969408,0.0005695610639429886,0.004584685874999997,4.108947748822499,0.09947966926810567,0.001529428239505748,-0.001595549295387147,-0.0015996610514523463,1.0051850015538557,8.464441918589738e-08,0.00031212424792983855,0.0011528938371312624,0.0011528938371312624,0.14195254343341948,0.9974296079400907,8.508330063090148e-08,4.108398798472271,0.10150169350218537,0.002796189458333334,-0.0009437626247350318,0.0016671127429921384,0.0007539716763135113,-0.0017884964166666626,4.108166594956124,0.1023250531586397,-0.00023220351614661183,0.0008233596564543311,0.0008222907455935692,0.997411647972268,-1.375987686726303e-08,0.0005320363504103045,-0.003209407359044903,-0.003209407359044903,0.12046878726364561,1.0012999183883435,-1.3724261462072306e-08,4.107712163618556,0.1011741967645644,0.0036904376666666654,0.001323616648642719,0.0009824141267386292,0.0005149137202031711,0.0032930326916666636,4.107298306798686,0.10355188782735468,-0.000413856819870162,0.002377691062790274,0.002368842200827072,0.9926239523264345,1.609908429474841e-07,0.0018515211759893694,-0.006381772745606065,-0.006381772745606065,0.1767040186734388,1.00373552191873,1.5980336681489596e-07]"
/multi_agv/m2b_algorithm_state,1789558519.6470382,1789558519.6470382,m2b_algorithm_state_v1:header6+3x20,"[1.0,-0.15,0.52,4.109845343546106,0.10125035522523045,1789558519.6469638,4.108415823118091,0.1010752576733333,0.0036904376666666654,0.0015400950005596292,0.0006967447971669924,0.0005696678556739719,0.004584685874999997,4.1099428395603,0.09941785758419912,0.0015270164422087618,-0.0016574000891341756,-0.0016618388697893947,1.0053897467247088,9.132138328751524e-08,0.0002469316829715575,0.001410452139418841,0.001410452139418841,0.14195253957764964,0.9973289945638462,9.181358241398501e-08,4.109396289943166,0.10150166940165689,0.002796189458333334,-0.0009434620473901946,0.0016670945592975883,0.0007538508449775466,-0.0017884964166666626,4.109235066974552,0.1036862630850133,-0.00016122296861365015,0.0021845936833564117,0.0021771461464822465,0.9932384207963583,-9.674020016620895e-08,0.001975617435715184,-0.008999754798405311,-0.008999754798405311,0.12046878950567975,1.0034207794851984,-9.608608364060897e-08,4.108709662208943,0.10117423028500294,0.0036904376666666654,0.001323433323262355,0.0009824228292128374,0.0005149886579336781,0.0032930326916666636,4.108303068735324,0.10353898764817648,-0.00040659347361859943,0.002364757363173542,0.002356003652364682,0.9926629927260897,1.5922361599307755e-07,0.0018477618103414327,-0.006362302546429096,-0.006362302546429096,0.17670402623514794,1.0037154911878314,1.5805539116435805e-07]"
/multi_agv/m2b_algorithm_state,1789558519.657321,1789558519.657321,m2b_algorithm_state_v1:header6+3x20,"[1.0,-0.15,0.52,4.110841269257446,0.10125038178522149,1789558519.6572437,4.109420565252052,0.10107518405121386,0.0036904376666666654,0.0015406167147652043,0.0006966959817418681,0.000569467105503479,0.004584685874999997,4.110930326067421,0.09905700785062833,0.001509760815368466,-0.002018176200585531,-0.002024775642241634,1.0065896758448125,1.354839353362669e-07,-0.00013757462303105135,0.0029275513677878237,0.0029275513677878237,0.14195254874126798,0.9967406553504382,1.3637673055231244e-07,4.110401053459124,0.10150171469156696,0.002796189458333334,-0.0009440292284086326,0.0016671297390535855,0.0007540783990095945,-0.0017884964166666626,4.110305115232148,0.1040561486362478,-9.593822697606669e-05,0.0025544339446808423,0.002544279923952139,0.9921271897623457,-1.3231100580844683e-07,0.002424357140232056,-0.010785078127189492,-0.010785078127189492,0.12046878417682537,1.0039909212162987,-1.3126934636736374e-07,4.109714411927142,0.10117416693291047,0.0036904376666666654,0.0013237800338955987,0.000982406140672288,0.0005148470530925856,0.0032930326916666636,4.109353323544158,0.10370500154327444,-0.00036108838298343215,0.0025308346103639773,0.0025208208043304295,0.9921626193347645,1.8239863452258864e-07,0.0020694603256011393,-0.007235519800158978,-0.007235519800158978,0.17670400825695373,1.0039724386661462,1.8096910699101595e-07]"
/multi_agv/m2b_algorithm_state,1789558519.6672204,1789558519.6672204,m2b_algorithm_state_v1:header6+3x20,"[1.0,-0.15,0.52,4.111842790892602,0.10125037200765637,1789558519.6671295,4.110416499098305,0.10107524914659047,0.0036904376666666654,0.00154015474706427,0.0006967372340380244,0.000569645891988779,0.004584685874999997,4.111998377178296,0.09887976822677087,0.001581878079991661,-0.002195480919819595,-0.002203301292612249,1.0071829054573522,1.6030594116452212e-07,-0.00022595369262267285,0.003316693008026751,0.003316693008026751,0.14195254206255173,0.996450611262801,1.6145740358415875e-07,4.111396969394095,0.10150167375602678,0.002796189458333334,-0.0009435268985865568,0.001667100409943778,0.0007538759124159217,-0.0017884964166666626,4.11103074863701,0.10209958960092999,-0.000366220757085145,0.0005979158449032074,0.000597351187257204,0.9981155291332628,-7.255661257746681e-09,0.0001395752409007727,-0.0017096231269609526,-0.0017096231269609526,0.12046878805985131,1.0009452691449332,-7.241988175487544e-09,4.110710339279941,0.10117422245304718,0.0036904376666666654,0.0013234753688330515,0.0009824199380581876,0.0005149719366664236,0.0032930326916666636,4.110393751495198,0.10335356073141323,-0.0003165877847433052,0.0021793382783660553,0.0021718930213929,0.9932239263806669,1.3525632710246992e-07,0.0017761582904637684,-0.006017335946829523,-0.006017335946829523,0.17670402135310598,1.00342800354337,1.34339820272543e-07]"
/multi_agv/m2b_algorithm_state,1789558519.6771991,1789558519.6771991,m2b_algorithm_state_v1:header6+3x20,"[1.0,-0.15,0.52,4.112840581318836,0.10125038624822318,1789558519.677098,4.111418017658928,0.10107522530720174,0.0036904376666666654,0.0015403240650636264,0.0006967217587378726,0.0005695805491242321,0.004584685874999997,4.112980384374812,0.0989333984170523,0.001562366715884167,-0.0021418268901494397,-0.002149266696991903,1.0070031433781774,1.5257781677382442e-07,-0.0001963083021366942,0.0031887988607940815,0.0031887988607940815,0.14195254544149,0.9965384440875225,1.536463411010208e-07,4.112398494739946,0.10150168869213363,0.002796189458333334,-0.0009437112998008498,0.0016671115420292537,0.0007539500534317761,-0.0017884964166666626,4.112047699449378,0.10209958960092999,-0.00035079529056769587,0.000597900908796356,0.0005973362794112972,0.9981155762703663,-7.2567163098659095e-09,0.0001588421662016774,-0.0017783420696263932,-0.0017783420696263932,0.12046878609936806,1.0009452454245962,-7.243041581452378e-09,4.111711860278934,0.10117420202363375,0.0036904376666666654,0.001323587529404501,0.0009824147462409007,0.0005149260200076628,0.0032930326916666636,4.111390942507603,0.10301656513695724,-0.00032091777133125277,0.0018423631133234891,0.0018370286416717002,0.9942495613324431,9.669504317151209e-08,0.0014358814275076343,-0.004640583354569237,-0.004640583354569237,0.17670401473647834,1.0029038587264127,9.613900425629754e-08]"
/multi_agv/m2b_algorithm_state,1789558519.687085,1789558519.687085,m2b_algorithm_state_v1:header6+3x20,"[1.0,-0.15,0.52,4.113839972877918,0.10125038988515284,1789558519.6869652,4.112415812523801,0.10107525954415857,0.0036904376666666654,0.001540081802018907,0.0006967443426963973,0.0005696738130815448,0.004584685874999997,4.114028972639604,0.0995081913932634,0.0016131601158031472,-0.0015670681508951623,-0.001571033571429788,1.005090810878131,8.163256388966478e-08,0.0004454165733241461,0.0006692840680967688,0.0006692840680967688,0.1419525421072405,0.9974759161059705,8.2048139833924e-08,4.113396279773057,0.10150166775076827,0.002796189458333334,-0.0009434483912578112,0.0016670953626629625,0.0007538445076352707,-0.0017884964166666626,4.113546031807504,0.10273593060646108,0.00014975203444667073,0.0012342628556928081,0.0012318683086614724,0.9961380565565182,-3.0901356077390165e-08,0.0014190583517198108,-0.006560392092471414,-0.006560392092471414,0.12046878803876525,1.0019438336180089,-3.0782016787892395e-08,4.11270965165965,0.1011742314497427,0.0036904376666666654,0.0013234267563935298,0.0009824225189868146,0.0005149916657744996,0.0032930326916666636,4.1124798664461615,0.10348898903142556,-0.0002297852134889311,0.0023147575816828553,0.0023063669449653063,0.9928140149332195,1.525665894443438e-07,0.0020191354281041424,-0.006951637426443613,-0.006951637426443613,0.1767040212818473,1.0036380319861353,1.5147024821090712e-07]"
/multi_agv/m2b_algorithm_state,1789558519.6971354,1789558519.6971354,m2b_algorithm_state_v1:header6+3x20,"[1.0,-0.15,0.52,4.1148412616461405,0.10125038134400706,1789558519.6970289,4.1134152053237765,0.10107526728058716,0.0036904376666666654,0.0015400281922447957,0.000696750788127964,0.0005696936981179454,0.004584685874999997,4.115463266905257,0.09898084916193396,0.0020480615814806313,-0.002094418118653199,-0.0021015296727219662,1.0068444771249345,1.4586539912543598e-07,0.00045854730412882294,0.0008604194937620447,0.0008604194937620447,0.14195254164392723,0.996616010632124,1.4686377151306946e-07,4.11439566973648,0.10150166393814511,0.002796189458333334,-0.0009433910886655376,0.0016670905756841492,0.000753822158976819,-0.0017884964166666626,4.114640021654046,0.10351064654178563,0.0002443519175665543,0.002008982603640519,0.0020026758802158574,0.9937694357112198,-8.181668427947319e-08,0.0023081157771740503,-0.010104053940352176,-0.010104053940352176,0.1204687883038379,1.0031491483404602,-8.13069201681751e-08,4.113709043573499,0.10117423843672624,0.0036904376666666654,0.0013233896867239294,0.000982425069511939,0.0005150064073644418,0.0032930326916666636,4.113988732049254,0.102623596144504,0.0002796884757554352,0.0014493577077777653,0.0014460465029940124,0.9954558936550688,5.985016932498125e-08,0.0017956570976883064,-0.005738844503653504,-0.005738844503653504,0.1767040221862031,1.0022898328490109,5.95782037908064e-08]"
/multi_agv/m2b_algorithm_state,1789558519.707153,1789558519.707153,m2b_algorithm_state_v1:header6+3x20,"[1.0,-0.15,0.52,4.1158403029366655,0.10125038737579002,1789558519.7070193,4.11441649148941,0.1010752457571463,0.0036904376666666654,0.0015401817882579986,0.000696737771350797,0.0005696338912888898,0.004584685874999997,4.116455571792874,0.09898084916193396,0.0020390803034633365,-0.002094396595212336,-0.0021015080040177056,1.006844407098737,1.458769612647287e-07,0.00044734237531146494,0.0009000403660626452,0.0009000403660626452,0.1419525445979012,0.9966160448631297,1.468754025739512e-07,4.11539696158311,0.10150167804410401,0.002796189458333334,-0.0009435589109557064,0.001667099810907402,0.0007538901002908105,-0.0017884964166666626,4.11567773876148,0.10351064654178563,0.0002807771783706059,0.002008968497681618,0.0020026618633604554,0.9937694796579887,-8.183008531001349e-08,0.0023536333363237127,-0.010266930726511699,-0.010266930726511699,0.12046878658902754,1.0031491258891705,-8.132024129890094e-08,4.1147103318659015,0.10117422023077091,0.0036904376666666654,0.0013234903682062013,0.000982420936762019,0.0005149649155676813,0.0032930326916666636,4.115017556280417,0.102623596144504,0.0003072244145156944,0.001449375913733092,0.001446064625399389,0.9954558363900498,5.985623055915987e-08,0.0018300951435440069,-0.005861629027035636,-0.005861629027035636,0.17670401639114272,1.0022898619297795,5.958423405442414e-08]"
/multi_agv/m2b_algorithm_state,1789558519.7172449,1789558519.7172449,m2b_algorithm_state_v1:header6+3x20,"[1.0,-0.15,0.52,4.116840372915539,0.10125038668525303,1789558519.716983,4.115415534691469,0.10107525974992218,0.0036904376666666654,0.0015400834313630705,0.0006967476166726877,0.0005696714038927238,0.004584685874999997,4.117484470285506,0.09965599656125235,0.002068935594036425,-0.0014192631886698337,-0.0014225122341451676,1.0046029752791314,6.695310247852182e-08,0.0011636572584003638,-0.001934180458981812,-0.001934180458981812,0.14195254351172804,0.9977159806451252,6.726128595409161e-08,4.116396000507267,0.10150166996965518,0.002796189458333334,-0.0009434527631217936,0.001667092711805651,0.0007538477815954292,-0.0017884964166666626,4.1165802431879905,0.10224608782364182,0.0001842426807234787,0.0007444178539866425,0.0007435435627858345,0.9976577060782886,-1.1244778766405356e-08,0.0009738469136901829,-0.004745407491629288,-0.004745407491629288,0.12046878722058081,1.0011758439512708,-1.1218440189449816e-08,4.115709373611259,0.10117423240779275,0.0036904376666666654,0.0013234244544104256,0.0009824245070835678,0.0005149916294993036,0.0032930326916666636,4.115951558107673,0.10194273634706025,0.0002421844964137776,0.0007685039392675008,0.0007675681743479794,0.9975717932967488,1.683573489262598e-08,0.0010702987948652013,-0.0028331166420111228,-0.0028331166420111228,0.17670401852018425,1.0012191293891468,1.6794854248305544e-08]"
/multi_agv/m2b_algorithm_state,1789558519.7272732,1789558519.7272732,m2b_algorithm_state_v1:header6+3x20,"[1.0,-0.15,0.52,4.117837162906698,0.10125040681052226,1789558519.7270937,4.116415604510594,0.1010752572361863,0.0036904376666666654,0.0015401023126959197,0.0006967469962573245,0.0005696635423333538,0.004584685874999997,4.1189581487647535,0.10000438070815999,0.002542544254159118,-0.0010708765280263016,-0.001072721409303992,1.0034594620532227,3.810887837693738e-08,0.0021054589083949055,-0.0054254268333134605,-0.0054254268333134605,0.14195254427150183,0.9982801860187657,3.824071459557327e-08,4.117396070607107,0.10150167231665005,0.002796189458333334,-0.0009434742212476414,0.001667093074703807,0.0007538568941910517,-0.0017884964166666626,4.117835648003731,0.1023043063673138,0.0004395773966239247,0.0008026340506637475,0.0008016181157264154,0.9974762051215715,-1.3072067906164727e-08,0.0013510898615063213,-0.006115438338544401,-0.006115438338544401,0.12046878677884522,1.0012673552623141,-1.303907668813268e-08,4.116709443628916,0.10117423050292276,0.0036904376666666654,0.001323435890531088,0.0009824245952029468,0.0005149866265616752,0.0032930326916666636,4.117479726352359,0.10260944833295998,0.0007702827234430387,0.001435217830037222,0.001431970569731378,0.9954994998736714,5.869073173317186e-08,0.0023948239740351762,-0.007869814459732508,-0.007869814459732508,0.17670401702451632,1.0022676864835658,5.8426594087592406e-08]"
/multi_agv/m2b_algorithm_state,1789558519.7371051,1789558519.7371051,m2b_algorithm_state_v1:header6+3x20,"[1.0,-0.15,0.52,4.118837091964837,0.10125040641193221,1789558519.7369773,4.117412400938301,0.10107530440961116,0.0036904376666666654,0.0015397697209681527,0.0006967798450045136,0.0005697906208179501,0.004584685874999997,4.119887661354407,0.09881363215438557,0.0024752604161060177,-0.002261672255225583,-0.0022699754155356485,1.007404963990119,1.700826087232056e-07,0.0008241001045968736,-0.0003517860476739583,-0.0003517860476739583,0.14195253915226064,0.9963421805129524,1.7134206431614644e-07,4.118392852668195,0.10150164454264399,0.002796189458333334,-0.0009431141632146771,0.0016670692844922286,0.000753713196365205,-0.0017884964166666626,4.118858093303342,0.1023043063673138,0.00046524063514752356,0.0008026618246698147,0.0008016458192515158,0.9974761176331545,-1.3067984962407884e-08,0.0013831966131859202,-0.0062293913178495435,-0.0062293913178495435,0.12046878975598017,1.0012673993849897,-1.303500290559106e-08,4.117706235113596,0.10117427147931161,0.0036904376666666654,0.0013232132341568768,0.0009824362944167667,0.0005150770539805406,0.0032930326916666636,4.118471308306283,0.10227438627257429,0.000765073192686927,0.001100114793262677,0.0010982020358999865,0.9965371097929633,3.4485985083093734e-08,0.002054543526758645,-0.006495440194780239,-0.006495440194780239,0.17670402706840613,1.0017417171887895,3.436656390306947e-08]"
/multi_agv/m2b_algorithm_state,1789558519.7472935,1789558519.7472935,m2b_algorithm_state_v1:header6+3x20,"[1.0,-0.15,0.52,4.119837282766107,0.10125040438015613,1789558519.7471,4.118412330132998,0.10107530101093579,0.0036904376666666654,0.001539796498578066,0.0006967808709946502,0.000569778480185931,0.004584685874999997,4.120784732282135,0.09786530995154537,0.002372402149137365,-0.0032099910593904185,-0.00322683670926633,1.0106222966672531,3.428337709902056e-07,-0.000261334022844624,0.0038856717658181284,0.0038856717658181284,0.14195253966001697,0.9947795158560281,3.4647545301321666e-07,4.119392781345106,0.10150164885272793,0.002796189458333334,-0.0009431453793098976,0.0016670681408079702,0.0007537273223871543,-0.0017884964166666626,4.119893473289279,0.10171179770136418,0.0005006919441727931,0.00021014884863625183,0.0002100788908791491,0.9993347376874255,-8.961786720083345e-10,0.0008359438210951405,-0.004007573379125158,-0.004007573379125158,0.12046878945810324,1.0003330070756276,-8.955824781125144e-10,4.118706164416407,0.10117426937213292,0.0036904376666666654,0.0013232274120924957,0.0009824374636348667,0.0005150703002490893,0.0032930326916666636,4.119486187736906,0.10242714228869286,0.0007800233204990903,0.0012528729165599412,0.0012503949504210465,0.9960631196867277,4.472364280261901e-08,0.0022254241010449096,-0.007177861457650227,-0.007177861457650227,0.1767040260645654,1.0019817467577425,4.4547571173731555e-08]"
/multi_agv/m2b_algorithm_state,1789558519.7572172,1789558519.7572172,m2b_algorithm_state_v1:header6+3x20,"[1.0,-0.15,0.52,4.120836992843103,0.10125040548618192,1789558519.757092,4.1194125205073435,0.10107529390609937,0.0036904376666666654,0.001539849371984496,0.0006967790706735144,0.0005697564982099692,0.004584685874999997,4.121770481547721,0.09833611857985752,0.0023579610403778872,-0.0027391753262418495,-0.002751398481949651,1.009016582714227,2.495735311725674e-07,0.0001960528185227079,0.002072136305631811,0.002072136305631811,0.14195254063105028,0.9955574753028357,2.5182383155966655e-07,4.120392972469696,0.10150165525686526,0.002796189458333334,-0.0009432049279178363,0.0016670691107654179,0.0007537526301273911,-0.0017884964166666626,4.120910663990228,0.10171179770136418,0.0005176915205327148,0.00021014244449892028,0.00021007249100826476,0.9993347579702282,-8.961806095805627e-10,0.0008571868916741584,-0.0040830987396036035,-0.0040830987396036035,0.12046878889572044,1.000332996911303,-8.955844325728032e-10,4.1197063553212825,0.10117426397750376,0.0036904376666666654,0.0013232593937880176,0.0009824376065132425,0.0005150563631394463,0.0032930326916666636,4.120518780325434,0.10251240506910779,0.0008124250041516845,0.001338141091604031,0.0013353161818235016,0.9957992658300073,5.10164791827553e-08,0.0023508474370131072,-0.007666204290638575,-0.007666204290638575,0.17670402417410255,1.0021155362445109,5.0802172515419584e-08]"
/multi_agv/m2b_algorithm_state,1789558519.7671936,1789558519.7671936,m2b_algorithm_state_v1:header6+3x20,"[1.0,-0.15,0.52,4.121837103130666,0.10125040402790138,1789558519.767063,4.120412231095074,0.10107529458889258,0.0036904376666666654,0.0015398469163224403,0.0006967820452601359,0.000569756015424902,0.004584685874999997,4.122699041014192,0.09939596736168782,0.0022868099191182267,-0.0016793272272047632,-0.0016838849838060677,1.0054623982683228,9.373996301570606e-08,0.0011746274150917157,-0.0018533986653166581,-0.0018533986653166581,0.14195254074764482,0.9972933088392993,9.42520080273557e-08,4.121392681751954,0.10150165668875898,0.002796189458333334,-0.0009432043221010667,0.0016670667265517025,0.0007537536077311807,-0.0017884964166666626,4.121284197437133,0.10144948730946121,-0.00010848431482113341,-5.216937929776455e-05,-5.2173699222818104e-05,1.000165644237347,-5.5243224254587026e-11,-0.00018777909274923487,-0.0002532389940077688,-0.0002532389940077688,0.12046878882683547,0.9999172010971448,-5.525237497633727e-11,4.120706065682282,0.10117426518089419,0.0036904376666666654,0.0013232550952010725,0.0009824393235198237,0.0005150573333177139,0.0032930326916666636,4.121119272517101,0.10238768438049567,0.00041320683481860243,0.0012134191996014815,0.0012110941464363375,0.9961853802038404,4.195332662684722e-08,0.0017276026899595905,-0.0053840540366390435,-0.0053840540366390435,0.17670402393681248,1.0019197955600607,4.17932906365817e-08]"
/multi_agv/m2b_algorithm_state,1789558519.7772222,1789558519.7772222,m2b_algorithm_state_v1:header6+3x20,"[1.0,-0.15,0.52,4.122837222781606,0.10125040257101674,1789558519.7771096,4.121412341060875,0.1010752891890947,0.0036904376666666654,0.001539887500120489,0.0006967808294984221,0.0005697390564240786,0.004584685874999997,4.123731417675108,0.09917078684769282,0.00231907661423314,-0.0019045023414018813,-0.0019103742574824766,1.00621055555548,1.2058519556146673e-07,0.0009884715103089482,-0.0010934962544579684,-0.0010934962544579684,0.14195254158215345,0.9969263006672141,1.2133409661766963e-07,4.122392792264429,0.10150166178676764,0.002796189458333334,-0.0009432505076220343,0.0016670674012875253,0.0007537732765988125,-0.0017884964166666626,4.12245615835684,0.1031781666517971,6.3366092411421e-05,0.00167650486502946,0.0016721017627553925,0.99478074522515,-5.6982405180841985e-08,0.0017513093782696688,-0.007955055041144613,-0.007955055041144613,0.12046878834384683,1.0026332741057649,-5.668499949051944e-08,4.121706176066695,0.10117426110784178,0.0036904376666666654,0.0013232795980955697,0.0009824395852159554,0.0005150465761689523,0.0032930326916666636,4.122130587297199,0.10221964573223999,0.0004244112305036296,0.0010453846243982101,0.001043656734078124,0.9967073355655643,3.114281385047239e-08,0.001574170772207661,-0.004757587993404063,-0.004757587993404063,0.1767040223037954,1.0016556117195108,3.104027101491869e-08]"
/multi_agv/m2b_algorithm_state,1789558519.7874115,1789558519.7874115,m2b_algorithm_state_v1:header6+3x20,"[1.0,-0.15,0.52,4.123850484447586,0.10125031650445822,1789558519.7872412,4.122412460343914,0.1010752840381453,0.0036904376666666654,0.0015399261211548922,0.0006967793953307931,0.0005697230618016967,0.004584685874999997,4.124626552203953,0.09742942170180703,0.002214091860039069,-0.0036458623363382625,-0.0036676646279507593,1.0121236704220435,4.424188452107249e-07,-0.0009000498029019229,0.006313144020354083,0.006313144020354083,0.14195254242543356,0.9940555383809236,4.4778258547856087e-07,4.12339291221868,0.1015016665254061,0.002796189458333334,-0.0009432944785343579,0.0016670683112192108,0.000753791863168124,-0.0017884964166666626,4.123603359755094,0.10176542948562653,0.00021044753641419334,0.00026376296022043166,0.00026365279794265305,0.9991655221526503,-1.41195348010237e-09,0.0005267122184603947,-0.0029336517457398334,-0.0029336517457398334,0.12046878784828019,1.0004178308693792,-1.4107752362017364e-09,4.122706295782227,0.10117425714949878,0.0036904376666666654,0.0013233032560225435,0.0009824397025873129,0.0005150362603496697,0.0032930326916666636,4.123133773742499,0.10294006778281553,0.0004274779602715384,0.0017658106333167528,0.001760907417142124,0.9944836843767314,8.881230709174468e-08,0.0022952548674815467,-0.007674301134500294,-0.007674301134500294,0.1767040206468944,1.0027844826632548,8.832239037459597e-08]"
/multi_agv/m2b_algorithm_state,1789558519.7972217,1789558519.7972217,m2b_algorithm_state_v1:header6+3x20,"[1.0,-0.15,0.52,4.124841523248388,0.10125037505032598,1789558519.7971337,4.123425694698017,0.10107507764370172,0.0036904376666666654,0.0015413876718388636,0.0006966412878103511,0.0005691613766952319,0.004584685874999997,4.125907066459381,0.09677902091318757,0.002481371761364315,-0.004296056730514142,-0.004326476875400296,1.014389994097943,6.151235254660977e-07,-0.0012247621736949021,0.007726009078866404,0.007726009078866404,0.1419525668522166,0.9929688414471556,6.239751493670608e-07,4.124406207138376,0.10150179264965609,0.002796189458333334,-0.0009448827593853681,0.0016671680723687743,0.0007544284355936043,-0.0017884964166666626,4.124623181755364,0.10176542948562653,0.00021697461698799714,0.0002636368359704433,0.00026352677910391846,0.999165921409598,-1.412977915357182e-09,0.0005347450503389149,-0.002963725386637494,-0.002963725386637494,0.120468773618837,1.0004176306745716,-1.411799380729272e-09,4.123719551506367,0.10117407922001685,0.0036904376666666654,0.0013242759914435533,0.000982392203752092,0.0005146393244238249,0.0032930326916666636,4.124530385809533,0.10358232324765447,0.0008108343031656418,0.0024082440276376182,0.002399168382799645,0.9925317708114396,1.6523341502374244e-07,0.003412711261756697,-0.011984443127993369,-0.011984443127993369,0.1767039726740962,1.0037828294600075,1.6399941401073662e-07]"
/multi_agv/m2b_algorithm_state,1789558519.8073406,1789558519.8073406,m2b_algorithm_state_v1:header6+3x20,"[1.0,-0.15,0.52,4.125851174105375,0.10125031331105712,1789558519.8072104,4.124416751142854,0.1010752231082706,0.0036904376666666654,0.0015403533996019379,0.0006967307117124115,0.0005695631770157527,0.004584685874999997,4.126905775063042,0.09716127337215957,0.002489023920188238,-0.003913949736111033,-0.003939126864684707,1.013054232842478,5.101025845194424e-07,-0.0008278469644494094,0.0061752329654230454,0.0061752329654230454,0.1419525514187543,0.9936084494258378,5.16761582431309e-07,4.125397224916325,0.10150169945988022,0.002796189458333334,-0.0009437569185908349,0.0016671050038121749,0.0007539732286626771,-0.0017884964166666626,4.125371145877113,0.10005085399122698,-2.6079039211701627e-05,-0.0014508454686532335,-0.001454222084876703,1.0046801963232126,-4.279183315387713e-08,-0.00148682088389133,0.004957002114554168,0.004957002114554168,0.12046878261474196,0.9976780601404801,-4.299210733406743e-08,4.124710593685984,0.10117420258282715,0.0036904376666666654,0.001323597053392815,0.0009824214949956112,0.0005149183814298166,0.0032930326916666636,4.1256102724503725,0.10365389290846014,0.0008996787643882342,0.0024796903256329855,0.0024700734271526103,0.992316506874643,1.7508362954132138e-07,0.003594671882637903,-0.012672255851439915,-0.012672255851439915,0.17670400299795672,1.0038933654257645,1.737383756773781e-07]"
/multi_agv/m2b_algorithm_state,1789558519.8172555,1789558519.8172555,m2b_algorithm_state_v1:header6+3x20,"[1.0,-0.15,0.52,4.12683737044521,0.10125040198387035,1789558519.8171482,4.125426382184453,0.10107507677063503,0.0036904376666666654,0.0015413878800389974,0.0006966303764830428,0.0005691669619143774,0.004584685874999997,4.128040362052203,0.09826652761424763,0.002613979867749805,-0.0028085491563873966,-0.002821406032990567,1.009252166699533,2.6264952884390027e-07,0.00044606880169668905,0.0012259701266051273,0.0012259701266051273,0.14195256935756662,0.9954430959412308,2.6507960606831785e-07,4.126406900057411,0.10150178732917316,0.002796189458333334,-0.0009448797786671122,0.0016671778561079265,0.0007544220543481139,-0.0017884964166666626,4.126368558443399,0.10005085399122698,-3.834161401172764e-05,-0.0014509333379461725,-0.001454310361424539,1.0046804788894808,-4.284792078250501e-08,-0.0015022373789391986,0.005010361932961822,0.005010361932961822,0.12046877215846627,0.9976779210490816,-4.304846957118567e-08,4.125720240074261,0.10117407583336317,0.0036904376666666654,0.001324288185765668,0.000982386421908954,0.0005146370460585893,0.0032930326916666636,4.12652812378541,0.10237065049075317,0.0008078837111487047,0.0011965746573899955,0.0011943134140467541,0.9962376028397008,4.082901479699074e-08,0.002204168052982635,-0.007073943752104836,-0.007073943752104836,0.1767039677483772,1.0018933416611135,4.067539982766073e-08]"
/multi_agv/m2b_algorithm_state,1789558519.8273919,1789558519.8273919,m2b_algorithm_state_v1:header6+3x20,"[1.0,-0.15,0.52,4.127843165520739,0.10125036422385841,1789558519.827274,4.126412605830641,0.10107529384832163,0.0036904376666666654,0.0015398470410315297,0.0006967686871714558,0.000569762909510024,0.004584685874999997,4.128885462786491,0.09813021997873111,0.002472856955850311,-0.002945073869590517,-0.0029592255546143265,1.0097167570328243,2.8854167833724454e-07,0.00013184564019856236,0.002389039925844798,0.002389039925844798,0.14195254523494694,0.9952177741227793,2.9134536771949086e-07,4.127393063557335,0.10150165091579502,0.002796189458333334,-0.0009432037390612307,0.0016670793363759984,0.0007537467957740157,-0.0017884964166666626,4.127198379141682,0.10010752953426522,-0.00019468441565262395,-0.001394121381529806,-0.0013972377925631349,1.004494334033447,-3.948649998000988e-08,-0.0016405933121289148,0.005476517080286745,0.005476517080286745,0.12046878621504266,0.9977695915112544,-3.9663965500731735e-08,4.126706441947653,0.1011742611874944,0.0036904376666666654,0.001323270917813583,0.0009824327098446614,0.0005150539149089404,0.0032930326916666636,4.127327186314246,0.10329179594935554,0.0006207443665928736,0.002117534761861148,0.002110502500837115,0.9934114379516702,1.2767980567783012e-07,0.002886432959078207,-0.009958609083404813,-0.009958609083404813,0.176704015128146,1.003332031599699,1.2683857935580304e-07]"
/multi_agv/m2b_algorithm_state,1789558519.837298,1789558519.837298,m2b_algorithm_state_v1:header6+3x20,"[1.0,-0.15,0.52,4.128837706689329,0.10125039924603814,1789558519.8371606,4.127418389150216,0.10107520186615926,0.0036904376666666654,0.0015404996659207238,0.0006967093026229768,0.0005695109125148199,0.004584685874999997,4.129782037427185,0.09722667380731598,0.0023636482769697764,-0.0038485280588432813,-0.0038728586107631595,1.012826651338059,4.932189887946949e-07,-0.000918298264550939,0.0064640289550227875,0.0064640289550227875,0.14195255626932304,0.9937176761753552,4.995453367972745e-07,4.128398872826074,0.10150170834199163,0.002796189458333334,-0.0009439136160176221,0.0016671219160064865,0.0007540323543996502,-0.0017884964166666626,4.128132883522251,0.09940334185569862,-0.0002659893038234884,-0.00209836648629301,-0.00210546431041575,1.0068186538061585,-8.956547007643865e-08,-0.0024379509401951105,0.00858362736547806,0.00858362736547806,0.12046877979092183,0.9966288556459366,-9.017618600987574e-08,4.1277122345859265,0.10117418246342434,0.0036904376666666654,0.001323702607308673,0.0009824127042156851,0.0005148772004706014,0.0032930326916666636,4.128436659170722,0.10414082001001078,0.0007244245847957131,0.002966637546586437,0.0029529236049833864,0.990858813745421,2.5052692535911695e-07,0.003858454335978028,-0.013862198084366296,-0.013862198084366296,0.17670399347365817,1.004644191126349,2.4823681207262226e-07]"
/multi_agv/m2b_algorithm_state,1789558519.847367,1789558519.847367,m2b_algorithm_state_v1:header6+3x20,"[1.0,-0.15,0.52,4.129841005998237,0.10125037758976618,1789558519.8472571,4.128412941225384,0.10107528659868166,0.0036904376666666654,0.0015398992373924542,0.000696764675473637,0.0005697423712385545,0.004584685874999997,4.130696685544816,0.09658264381957235,0.002283744319432124,-0.00449264277910931,-0.0045259596280261384,1.0150814842519194,6.721386337716005e-07,-0.0016712792287359836,0.009366074927726358,0.009366074927726358,0.1419525471142526,0.9926387215850268,6.822754819919335e-07,4.129393400791773,0.1015016559676193,0.002796189458333334,-0.0009432612162078545,0.0016670823073345886,0.0007537701647434558,-0.0017884964166666626,4.129492786358586,0.09943620144523513,9.938556681277078e-05,-0.002065454522384172,-0.0020723297371947184,1.0067092205549735,-8.67160725026908e-08,-0.001948097778678755,0.006844606759424986,0.006844606759424986,0.12046878512354235,0.9966823740994745,-8.729786975877243e-08,4.128706778050828,0.10117425517181348,0.0036904376666666654,0.0013233045711212275,0.0009824315623919505,0.000515039924378406,0.0032930326916666636,4.129432142933167,0.10358415384439237,0.0007253648823386527,0.002409898672578889,0.002400810688164956,0.9925267991173328,1.6533883705764288e-07,0.003307516791088272,-0.011609665396056165,-0.011609665396056165,0.17670401144853745,1.003785381520806,1.6410322671460453e-07]"
/multi_agv/m2b_algorithm_state,1789558519.857143,1789558519.857143,m2b_algorithm_state_v1:header6+3x20,"[1.0,-0.15,0.52,4.130839407339169,0.10125038782571527,1789558519.8570008,4.1294162338553235,0.10107523325088796,0.0036904376666666654,0.0015402783745226737,0.0006967310374532678,0.0005695955278119665,0.004584685874999997,4.132465549694666,0.09747249950482768,0.0030493158393420927,-0.00360273374606028,-0.003624016393080572,1.0119744828126138,4.3210072893187384e-07,0.00018762840609704403,0.002484564607969521,0.002484564607969521,0.1419525536753523,0.9941273314709814,4.372749116837865e-07,4.130396708113879,0.10150168979972934,0.002796189458333334,-0.0009436740974128619,0.0016671063469235747,0.0007539366298894984,-0.0017884964166666626,4.130487107803068,0.09943620144523513,9.039968918944652e-05,-0.002065488354494216,-0.0020723637931625224,1.0067093299672267,-8.67568601268748e-08,-0.0019593641816757143,0.006883907583905518,0.006883907583905518,0.12046878130569097,0.9966823205988296,-8.733894052838653e-08,4.1297100760255105,0.10117420971868123,0.0036904376666666654,0.0013235544322142234,0.0009824204293057198,0.0005149374103292866,0.0032930326916666636,4.13075233510682,0.10215752719177071,0.0010422590813092825,0.0009833174730894817,0.0009817879504751964,0.9969006386363252,2.756150444561039e-08,0.0022846118021117995,-0.00725878492364653,-0.00725878492364653,0.17670399857721109,1.0015578950765742,2.7476081383606915e-08]"
/multi_agv/m2b_algorithm_state,1789558519.8674014,1789558519.8674014,m2b_algorithm_state_v1:header6+3x20,"[1.0,-0.15,0.52,4.131843259284878,0.10125036300572143,1789558519.8672931,4.1304146383732725,0.10107525783484005,0.0036904376666666654,0.001540104442400301,0.0006967472869769504,0.0005696624679989686,0.004584685874999997,4.133447117064234,0.09747249950482768,0.003032478690961682,-0.0036027583300123622,-0.0036240412644344927,1.0119745639137987,4.320577890261287e-07,0.00016655709926760966,0.0025582217590382037,0.0025582217590382037,0.14195255143590624,0.9941272924701503,4.3723149263527663e-07,4.131395105598171,0.10150167477854259,0.002796189458333334,-0.0009434854094833483,0.0016670947770061062,0.0007538608584819334,-0.0017884964166666626,4.131537379764304,0.09995006032635195,0.00014227416613366017,-0.0015516144521906389,-0.0015554793476001214,1.0050109650225425,-4.8931741593756297e-08,-0.0013776366399330462,0.004614809513174839,0.004614809513174839,0.1204687826103927,0.9975153026522366,-4.9176936839374694e-08,4.130708478046063,0.1011742308637632,0.0036904376666666654,0.0013234389065923942,0.0009824260360071788,0.0005149845698052173,0.0032930326916666636,4.131781081632831,0.10215752719177071,0.00107260358676875,0.0009832963280075047,0.0009817668713677113,0.9969007054297464,2.7557911266362473e-08,0.002322521354828649,-0.007393934965620396,-0.007393934965620396,0.1767040029676128,1.0015578613257368,2.7472501181607107e-08]"
/multi_agv/m2b_algorithm_state,1789558519.8771887,1789558519.8771887,m2b_algorithm_state_v1:header6+3x20,"[1.0,-0.15,0.52,4.132840701796386,0.10125037977638592,1789558519.8770912,4.131418482475417,0.10107519804216139,0.0036904376666666654,0.0015405280918036638,0.0006967076893966244,0.0005694994301991523,0.004584685874999997,4.134514745222835,0.09816103045957139,0.0030962627474178106,-0.0029141675825899993,-0.002928020603901554,1.0096114677981838,2.8263683948606024e-07,0.0009423078303707091,-0.00047067742044355505,-0.00047067742044355505,0.1419525589728614,0.9952688101671499,2.8535339436736097e-07,4.132398967076167,0.1015017115392522,0.002796189458333334,-0.0009439459242734996,0.0016671233738687619,0.0007540456005923624,-0.0017884964166666626,4.13247088650875,0.09923110328786354,7.191943258266775e-05,-0.002270608251388667,-0.0022789299374227343,1.0073926930257557,-1.048881497035681e-07,-0.0021890306466943996,0.007778117977646227,0.007778117977646227,0.12046877821298098,0.9963484239258894,-1.0566355559636609e-07,4.131712328303048,0.10117417943575066,0.0036904376666666654,0.0013237202887753127,0.0009824124959098238,0.0005148696446077962,0.0032930326916666636,4.1328507789729505,0.10312238434764617,0.0011384506699023689,0.0019482049118955125,0.0019422447006368594,0.9939265488565265,1.081266163994449e-07,0.0033653080380148205,-0.011586594853631943,-0.011586594853631943,0.17670398816840485,1.003068723141167,1.0746991467743378e-07]"
/multi_agv/m2b_algorithm_state,1789558519.8869798,1789558519.8869798,m2b_algorithm_state_v1:header6+3x20,"[1.0,-0.15,0.52,4.133836942189856,0.10125040359899203,1789558519.8868632,4.132415930065299,0.10107523947880391,0.0036904376666666654,0.001540233673758603,0.0006967334962762802,0.0005696136247776678,0.004584685874999997,4.135352237096913,0.09654546357933493,0.0029363070316135165,-0.004529775899468985,-0.004563655223216278,1.0152124473703967,6.834596028055422e-07,-0.0008932714336993821,0.0066657754060577765,0.0066657754060577765,0.14195255502799525,0.9925762744795134,6.938566960430138e-07,4.133396403521548,0.10150168517795087,0.002796189458333334,-0.0009436255709662283,0.001667105175485517,0.0007539162046948239,-0.0017884964166666626,4.13305604366133,0.09964860762774388,-0.00034035986021763165,-0.0018530775502069857,-0.0018586027229756242,1.0060049497112036,-6.981714598758825e-08,-0.002284052548247664,0.007939938806855788,0.007939938806855788,0.12046878051527388,0.9970272437996902,-7.023639443822347e-08,4.132709771802311,0.101174214672403,0.0036904376666666654,0.0013235265536379486,0.0009824210218174487,0.0005149491863933641,0.0032930326916666636,4.133786547218665,0.10225958117980197,0.001076775416353648,0.0010853665073989605,0.0010835044822074035,0.9965829574237932,3.3575851342552126e-08,0.0024294737526494633,-0.007824151745243039,-0.007824151745243039,0.1767039959196929,1.0017185209864232,3.3461121228982235e-08]"
/multi_agv/m2b_algorithm_state,1789558519.8969884,1789558519.8969884,m2b_algorithm_state_v1:header6+3x20,"[1.0,-0.15,0.52,4.134837525495935,0.10125039914381939,1789558519.896907,4.133412178001652,0.10107529617442756,0.0036904376666666654,0.001539832845626041,0.0006967718869024244,0.0005697673983052927,0.004584685874999997,4.136158170317215,0.09702687843074925,0.0027459923155630506,-0.004048417743678312,-0.004075381726459313,1.0135230170871972,5.456162471643172e-07,-0.0006428913320055,0.005585223325777749,0.005585223325777749,0.14195254891995857,0.9933836914942377,5.529946249977726e-07,4.134392634701124,0.10150165096026531,0.002796189458333334,-0.0009431907054640899,0.0016670775338010202,0.0007537420838198416,-0.0017884964166666626,4.134048999984628,0.09964860762774388,-0.0003436347164953446,-0.0018530433325214257,-0.001858568302363333,1.006004839267919,-6.978240326467276e-08,-0.0022881116979825136,0.007954673777886619,0.007954673777886619,0.12046878407371452,0.9970272979287972,-7.020143538000623e-08,4.133706013866794,0.10117426366228321,0.0036904376666666654,0.001323259296002488,0.0009824344011422964,0.0005150580727865104,0.0032930326916666636,4.1344002171665615,0.10194856843596345,0.0006942032997674374,0.0007743047736802344,0.0007733548708445352,0.9975536270723449,1.708864717845454e-08,0.0016411089955538321,-0.004867890298115553,-0.004867890298115553,0.1767040079176728,1.0012282884242545,1.704684197462692e-08]"
/multi_agv/m2b_algorithm_state,1789558519.9070334,1789558519.9070334,m2b_algorithm_state_v1:header6+3x20,"[1.0,-0.15,0.52,4.135842291725755,0.10125036810947007,1789558519.906939,4.134412760140121,0.10107528347007032,0.0036904376666666654,0.0015399248806522662,0.0006967662399235406,0.000569730442224686,0.004584685874999997,4.137245108591047,0.09885610232226211,0.002832348450926503,-0.0022191811478082107,-0.002227172695115486,1.0072623761850181,1.637637220673942e-07,0.0013132628685426427,-0.0020935343883272373,-0.0020935343883272373,0.14195255060588519,0.9964117971970464,1.6495303582250637e-07,4.13539321925552,0.10150166052430956,0.002796189458333334,-0.0009432922259905233,0.0016670812787573652,0.0007537841414705093,-0.0017884964166666626,4.135088121107037,0.1000807807370861,-0.00030509814848311834,-0.0014208797872234669,-0.0014241176316033882,1.0045819821585842,-4.1021419160528525e-08,-0.0018054903172072861,0.006070215804717328,0.006070215804717328,0.12046878309088992,0.9977264206916138,-4.120937857124187e-08,4.134706597092162,0.1011742534370783,0.0036904376666666654,0.0013233172534877391,0.0009824331131226497,0.0005150336204760055,0.0032930326916666636,4.135396993305566,0.1013195025149307,0.0006903962134039432,0.00014524907785240515,0.0001452154925822955,0.999537803203249,6.016225507748501e-10,0.0010082107593372244,-0.002323065517222602,-0.002323065517222602,0.17670400460594898,1.0002312788361105,6.013444827590288e-10]"
/multi_agv/m2b_algorithm_state,1789558519.917114,1789558519.917114,m2b_algorithm_state_v1:header6+3x20,"[1.0,-0.15,0.52,4.13683739822418,0.10125039947359189,1789558519.9170055,4.135417516665581,0.10107520798172166,0.0036904376666666654,0.0015404604547630961,0.0006967172888998612,0.0005695237548967084,0.004584685874999997,4.138378889423698,0.09984071058837397,0.0029613727581168092,-0.0012344973933476888,-0.0012369521356150816,1.0039954102998345,5.0661402166414275e-08,0.00246476381203093,-0.006617470756198653,-0.006617470756198653,0.14195255977472623,0.9980154913058361,5.086381525443403e-08,4.13639799721107,0.10150170758286568,0.002796189458333334,-0.0009438749176900636,0.0016671164559447504,0.0007540184201868805,-0.0017884964166666626,4.136082799767234,0.1000807807370861,-0.0003151974438360128,-0.0014209268457795882,-0.0014241649037286302,1.004582133445896,-4.104947033366382e-08,-0.0018181617085236462,0.00611440837356868,0.00611440837356868,0.1204687777462665,0.9977263461972947,-4.123756448461601e-08,4.135711361300614,0.10117418876382282,0.0036904376666666654,0.001323671841551299,0.0009824166129121627,0.0005148885031228995,0.0032930326916666636,4.136354944611628,0.10078960374130307,0.0006435833110138844,-0.0003845850225197567,-0.0003848214217353322,1.0012311585086981,4.220459792446727e-09,0.00041965771703202337,8.771071405742296e-06,8.771071405742296e-06,0.176703986583306,0.9993856911226265,4.225655847430816e-09]"
/multi_agv/m2b_algorithm_state,1789558519.9269173,1789558519.9269173,m2b_algorithm_state_v1:header6+3x20,"[1.0,-0.15,0.52,4.1378372228815925,0.10125039999247132,1789558519.926827,4.1364126329087965,0.10107528386898715,0.0036904376666666654,0.0015399227660642064,0.000696766827981676,0.0005697310529364365,0.004584685874999997,4.13938117973688,0.0998101851685869,0.0029685468280833405,-0.001265098700400244,-0.0012676772416431376,1.0040958596877212,5.31866861141772e-08,0.0024430062934610378,-0.006526494260731569,-0.006526494260731569,0.14195255163411097,0.9979659323697005,5.340453131775574e-08,4.137393091912438,0.10150166069398374,0.002796189458333334,-0.0009432908611556262,0.0016670810647738676,0.0007537836611755389,-0.0017884964166666626,4.136663281439331,0.10002952460957759,-0.0007298104731070509,-0.0014721360844061476,-0.0014756130899364883,1.0047500216724745,-4.403583764465413e-08,-0.0023878761813203022,0.008148487654586353,0.008148487654586353,0.12046878249416941,0.9976436875261859,-4.42450088278318e-08,4.136706469851306,0.10117425385780479,0.0036904376666666654,0.0013233155315065565,0.0009824335061658033,0.0005150341624482776,0.0032930326916666636,4.137389333569951,0.10121452091116973,0.0006828637186453435,4.026705336493408e-05,4.0264470114878225e-05,0.9998717136369636,4.624114771417793e-11,0.0008938441184215576,-0.0018684066406978402,-0.0018684066406978402,0.17670400257698396,1.0000641570607656,4.6235215605515043e-11]"
/multi_agv/m2b_algorithm_state,1789558519.9369743,1789558519.9369743,m2b_algorithm_state_v1:header6+3x20,"[1.0,-0.15,0.52,4.13883724524874,0.10125039924966676,1789558519.9368384,4.137412457893285,0.10107528352234907,0.0036904376666666654,0.001539926951779562,0.0006967687696199925,0.0005697282286735187,0.004584685874999997,4.139854971104629,0.09832249223666586,0.002442513211343922,-0.0027527912856832037,-0.0027651375270731013,1.0090627882927523,2.520758128432045e-07,0.00028800398710680103,0.0017550932512690692,0.0017550932512690692,0.14195255195761752,0.9955350353213838,2.543603225687259e-07,4.138392916036108,0.10150166234925974,0.002796189458333334,-0.0009432968045922185,0.0016670794635489372,0.0007537870703652472,-0.0017884964166666626,4.137661999519912,0.10002952460957759,-0.0007309165161961673,-0.0014721377396821472,-0.0014756147529974486,1.0047500269964844,-4.403621384689645e-08,-0.0023892603982426574,0.008153370541668703,0.008153370541668703,0.12046878230263937,0.9976436849060785,-4.424538705149217e-08,4.1377062947153815,0.10117425410580516,0.0036904376666666654,0.0013233158619065833,0.0009824347118907008,0.0005150333920836488,0.0032930326916666636,4.138113204599703,0.10165450833271009,0.00040690988432157127,0.0004802542269049248,0.0004798879882829826,0.9984775842177218,6.575611028894225e-09,0.0009885253436849467,-0.0024083547645772432,-0.0024083547645772432,0.1767040019459577,1.0007631752218942,6.565600214885714e-09]"
/multi_agv/m2b_algorithm_state,1789558519.9470863,1789558519.9470863,m2b_algorithm_state_v1:header6+3x20,"[1.0,-0.15,0.52,4.139840719207469,0.10125037652066064,1789558519.9469798,4.138412480167033,0.10107528022289176,0.0036904376666666654,0.0015399520125842971,0.000696768603681619,0.0005697174521786113,0.004584685874999997,4.140764769550635,0.09781592912194866,0.002352289383601658,-0.0032593511009431086,-0.00327672525033269,1.0107916041209186,3.535052555873676e-07,-0.0003363635208306179,0.0041705777179116225,0.0041705777179116225,0.14195255263923895,0.9946977094317512,3.5732014436033064e-07,4.139392938387481,0.10150166575515755,0.002796189458333334,-0.0009433254608066039,0.0016670794162232383,0.0007537995164723782,-0.0017884964166666626,4.138652537247592,0.10045838137639142,-0.0007404011398888244,-0.001043284378766135,-0.0010450250122813816,1.0033499935819254,-2.2110867005633758e-08,-0.001970526437142412,0.006494002797312665,0.006494002797312665,0.12046878190934023,0.9983343618623571,-2.2184938268193438e-08,4.138706317191705,0.10117425177095096,0.0036904376666666654,0.0013233302669539738,0.0009824351785119312,0.0005150269053588912,0.0032930326916666636,4.139146586927714,0.10102516111814847,0.0004402697360088581,-0.00014909065280249711,-0.00014912611691627128,1.0004760069083392,6.340044362369751e-10,0.00040121105309480135,-3.315678434014178e-05,-3.315678434014178e-05,0.17670400061147223,0.9997621871037244,6.343062267285415e-10]"
/multi_agv/m2b_algorithm_state,1789558519.9570105,1789558519.9570105,m2b_algorithm_state_v1:header6+3x20,"[1.0,-0.15,0.52,4.140837353992723,0.10125039800717565,1789558519.956903,4.1394159470095735,0.10107522472264403,0.0036904376666666654,0.0015403461065421598,0.0006967328280461866,0.0005695652374630516,0.004584685874999997,4.1417516822622265,0.09820204619511053,0.0023357352526529596,-0.002873178527533507,-0.0028866404393898732,1.0094719197932014,2.747021540716646e-07,3.3028626426326226e-05,0.002704840740026785,0.002704840740026785,0.14195255950866292,0.995336477770951,2.773041108420511e-07,4.140396420926632,0.10150170057234971,0.002796189458333334,-0.00094375462613687,0.001667105157489246,0.0007539721550672285,-0.0017884964166666626,4.139713973234937,0.10099715796680692,-0.0006824476916955646,-0.0005045426055427932,-0.0005049480465662419,1.001610230896574,-5.171697949339146e-09,-0.0013580076611856978,0.0040952356710102725,0.0040952356710102725,0.12046877790901338,0.9991970638836889,-5.1800255771649205e-09,4.139709789686202,0.10117420426698816,0.0036904376666666654,0.0013235910140158434,0.0009824232168450294,0.0005149201036560463,0.0032930326916666636,4.1401008527676355,0.10050357029729995,0.00039106308143388446,-0.0006706339696882085,-0.0006713543641601001,1.0021538367493792,1.2835288201345081e-08,-0.00018252551236774448,0.002271131472192998,0.002271131472192998,0.17670398712831475,0.998926953468467,1.2862933316762012e-08]"
/multi_agv/m2b_algorithm_state,1789558519.9670053,1789558519.9670053,m2b_algorithm_state_v1:header6+3x20,"[1.0,-0.15,0.52,4.1418404510829765,0.10125037773413503,1789558519.9669104,4.1404125884483935,0.10107527656832582,0.0036904376666666654,0.0015399790317525042,0.0006967667793198011,0.0005697066894356085,0.004584685874999997,4.143092655644621,0.09855778286187564,0.002680067196227043,-0.0025174937064501857,-0.0025278012862828187,1.0082662770484,2.107994347553647e-07,0.0008222827090009848,-0.00022915837082255076,-0.00022915837082255076,0.1419525540969637,0.9959223140329238,2.125419612846987e-07,4.141393047645983,0.10150166869657888,0.002796189458333334,-0.0009433562698026761,0.0016670809597814085,0.0007538120682096805,-0.0017884964166666626,4.140760894448605,0.10092939264392545,-0.0006321531973778605,-0.0005722760526534337,-0.0005727979269744807,1.0018278040161883,-6.650979578963794e-09,-0.0013629894236968062,0.004142497674714812,0.004142497674714812,0.12046878105715755,0.99908890326506,-6.663136266149811e-09,4.140706425883791,0.10117424875662226,0.0036904376666666654,0.0013233477150788437,0.0009824348705323336,0.0005150195024849927,0.0032930326916666636,4.141212758204936,0.10050681188534195,0.0005063323211444981,-0.0006674368712803053,-0.0006681503958338125,1.002143490020443,1.2710833598252115e-08,-3.523499440318987e-05,0.0017478258323538757,0.0017478258323538757,0.17670399774693035,0.9989320899037756,1.2738079143221479e-08]"
/multi_agv/m2b_algorithm_state,1789558519.9771423,1789558519.9771423,m2b_algorithm_state_v1:header6+3x20,"[1.0,-0.15,0.52,4.1428412334027875,0.10125037288711507,1789558519.9769623,4.141415679180951,0.10107522707204056,0.0036904376666666654,0.0015403305074115354,0.0006967348483607689,0.0005695709481794094,0.004584685874999997,4.144111984559346,0.09832073994507076,0.0026963053783948254,-0.0027544871269697957,-0.00276684875162638,1.0090685507380786,2.5245297310167265e-07,0.0006035329713671516,0.0006473084931394784,0.0006473084931394784,0.14195256028532124,0.9955322369358577,2.5474235569722393e-07,4.142396152403761,0.10150169974621268,0.002796189458333334,-0.0009437390758463378,0.0016671039623536998,0.0007539660362329559,-0.0017884964166666626,4.1417317982784985,0.10049349987303641,-0.0006643541252628893,-0.0010081998731762687,-0.0010098249721374511,1.0032360501568163,-2.0657301319425605e-08,-0.0018402676287160627,0.0060180238430619926,0.0060180238430619926,0.12046877745285625,0.9983907122461602,-2.0724149382599732e-08,4.141709521664218,0.10117420638415184,0.0036904376666666654,0.0013235802992994784,0.0009824241987545623,0.0005149242373268777,0.0032930326916666636,4.142290122780581,0.10130096876120001,0.0005806011163631553,0.00012676237704817295,0.00012673679332172967,0.9995965448430364,4.58321431926527e-10,0.0008524881887756737,-0.001761178530562531,-0.001761178530562531,0.17670398559432127,1.000201865028874,4.581365197812693e-10]"
/multi_agv/m2b_algorithm_state,1789558519.987267,1789558519.987267,m2b_algorithm_state_v1:header6+3x20,"[1.0,-0.15,0.52,4.143842347265334,0.10125036607742022,1789558519.9869707,4.142416459790921,0.10107521614284111,0.0036904376666666654,0.0015404074179790764,0.0006967263827984734,0.0005695420139873394,0.004584685874999997,4.145039876883581,0.09721478454585153,0.0026234170926606737,-0.0038604315969895803,-0.003884915073089224,1.012868034144592,4.962487322751732e-07,-0.0006056437072633819,0.005374740330325303,0.005374740330325303,0.1419525623293498,0.9936978091826921,5.026344779063006e-07,4.1433969368733035,0.1015017058558226,0.002796189458333334,-0.0009438226454793835,0.0016671104115486557,0.0007539989061226549,-0.0017884964166666626,4.142904347709374,0.1010437827980906,-0.0004925891639295799,-0.0004579230577319987,-0.0004582569172533033,1.001460673537127,-4.260296068266658e-09,-0.001073993372165278,0.0030684369072227374,0.0030684369072227374,0.12046877625841883,0.9992714577593161,-4.266518969993902e-09,4.1427103035441375,0.10117419666268145,0.0036904376666666654,0.001323632868797134,0.0009824211170387457,0.0005149030534740452,0.0032930326916666636,4.1433608655959,0.10080900288063617,0.0006505620517627264,-0.00036519378204527553,-0.0003654069119499144,1.0011688252497057,3.8054246001947734e-09,0.00044779565275349364,-9.983557292229223e-05,-9.983557292229223e-05,0.17670398156768258,0.9994167326953353,3.809872476553332e-09]"
/multi_agv/m2b_algorithm_state,1789558519.9971452,1789558519.9971452,m2b_algorithm_state_v1:header6+3x20,"[1.0,-0.15,0.52,4.1448409428343025,0.10125037547969605,1789558519.9970672,4.143417571275264,0.10107520092614208,0.0036904376666666654,0.0015405142217336572,0.0006967144835588349,0.0005695019083592628,0.004584685874999997,4.146149830772238,0.09684684022355969,0.0027322594969740877,-0.0042283607025823955,-0.004257814693001309,1.0141525171638217,5.955273572882986e-07,-0.0008424903217836991,0.0063606339675692245,0.0063606339675692245,0.14195256496118763,0.9930823691159393,6.039555684338466e-07,4.144398053737118,0.10150171419971855,0.002796189458333334,-0.000943938327725016,0.0016671194153516922,0.0007540443668950098,-0.0017884964166666626,4.143921779097834,0.1008995416439675,-0.0004762746392836803,-0.0006021725557510543,-0.0006027505116134914,1.0019239418697699,-7.36873811751911e-09,-0.0011980938107180917,0.003570674832670802,0.003570674832670802,0.120468774725853,0.999041135840947,-7.382915141310775e-09,4.14371141678362,0.10117418310640001,0.0036904376666666654,0.0013237059422295271,0.0009824167124813602,0.0005148736700478114,0.0032930326916666636,4.144463403135827,0.10039923811419638,0.0007519863522071901,-0.0007749449922036383,-0.0007759076747722423,1.0024917845068169,1.714135845871016e-08,0.0001640752654867454,0.0010906902938544215,0.0010906902938544215,0.17670397639674792,0.9987592820642142,1.7184071030143368e-08]"
/multi_agv/m2b_algorithm_state,1789558520.0069637,1789558520.0069637,m2b_algorithm_state_v1:header6+3x20,"[1.0,-0.15,0.52,4.145837064878586,0.10125040021396052,1789558520.0068727,4.144416169559828,0.1010752248446154,0.0036904376666666654,0.001540343689451551,0.0006967283639953683,0.0005695686071245348,0.004584685874999997,4.147136533708101,0.09698031393143762,0.0027203641482733687,-0.004094910913177777,-0.0041225074249032915,1.0136854384178655,5.584218114260512e-07,-0.0007220522395615806,0.005882482121858113,0.005882482121858113,0.14195256308195095,0.9933058915652137,5.660640587375153e-07,4.145396646129468,0.10150169841110195,0.002796189458333334,-0.0009437525463958439,0.001667109885497453,0.0007539687942177131,-0.0017884964166666626,4.144915685544347,0.10067276841658941,-0.0004809605851212595,-0.0008289299945125339,-0.0008300270624449868,1.0026552467284726,-1.3962689289870324e-08,-0.0014312277938465612,0.004494186197778815,0.004494186197778815,0.12046877582007019,0.9986782745020129,-1.3999763674927931e-08,4.1447100128136105,0.10117420318337078,0.0036904376666666654,0.0013235949169313897,0.000982421100956899,0.0005149195124641475,0.0032930326916666636,4.145351486345752,0.09940301297075956,0.00064147353214139,-0.0017711902126112261,-0.0017762570196807926,1.0057595338070113,8.959645229507313e-08,-0.0009744151045040551,0.005553130239277653,0.005553130239277653,0.1767039800900116,0.9971474809031425,9.011248609105487e-08]"
/multi_agv/m2b_algorithm_state,1789558520.0169823,1789558520.0169823,m2b_algorithm_state_v1:header6+3x20,"[1.0,-0.15,0.52,4.146841522681638,0.10125037113327645,1789558520.016896,4.145412299331705,0.10107528437282368,0.0036904376666666654,0.0015399221865143179,0.0006967677038975488,0.000569730848552388,0.004584685874999997,4.148202603518345,0.09773851511784537,0.002790304186640391,-0.0033367692549783057,-0.003354989159742876,1.0110575158367712,3.7050921154920266e-07,0.0001328910735576127,0.0025586432617174214,0.0025586432617174214,0.14195255676385649,0.994569310392059,3.746061230235776e-07,4.1463927587923255,0.10150166190053807,0.002796189458333334,-0.0009432948992848895,0.0016670817412176575,0.0007537850597326701,-0.0017884964166666626,4.145973771473922,0.1013419581059987,-0.0004189873184037296,-0.000159703794539362,-0.00015974431076632944,1.0005076989725141,-5.177885719032835e-10,-0.0006834784587709914,0.0015535145458936196,0.0015535145458936196,0.12046877950496875,0.9997463682633012,-5.180514526292183e-10,4.145706136511729,0.10117425436851979,0.0036904376666666654,0.0013233150205206783,0.0009824346209875937,0.0005150338040764714,0.0032930326916666636,4.1464371053055045,0.1004701833738573,0.0007309687937757658,-0.0007040709946624923,-0.0007048652159257192,1.002262078215134,1.414447329447613e-08,0.00020884577629398811,0.0008998763940898107,0.0008998763940898107,0.17670399250542518,0.9988732295972588,1.4176469199380109e-08]"
/multi_agv/m2b_algorithm_state,1789558520.0270345,1789558520.0270345,m2b_algorithm_state_v1:header6+3x20,"[1.0,-0.15,0.52,4.147841736171966,0.10125037009663007,1789558520.0269039,4.146416748055047,0.10107521357041402,0.0036904376666666654,0.0015404245247746026,0.0006967219268091181,0.0005695369166676759,0.004584685874999997,4.149306026546037,0.09771242681226101,0.002889278490989966,-0.003362786758153005,-0.0033812955330820953,1.0111469911940565,3.7643874717778127e-07,0.00023030258065536227,0.0022290561166789834,0.0022290561166789834,0.1419525653931754,0.9945261291868744,3.8063490657767366e-07,4.147397227561305,0.1015017060847964,0.002796189458333334,-0.0009438414414824708,0.0016671146389999336,0.0007540048545598282,-0.0017884964166666626,4.146993850007491,0.10148928260061568,-0.0004033775538134776,-1.2423484180720812e-05,-1.2423729087418083e-05,1.0000394282661622,-3.1348414640131804e-12,-0.0005166456713542651,0.0008957605828899748,0.0008957605828899748,0.12046877447413662,0.9999802871830554,-3.1349650653768e-12,4.146710592428563,0.10117419374461896,0.0036904376666666654,0.0013236474256980986,0.0009824192145784236,0.0005148977331888289,0.0032930326916666636,4.147576558606653,0.10052862656616812,0.0008659661780905381,-0.0006455671784508371,-0.0006462345997113424,1.0020727437408603,1.1894013596603313e-08,0.0004362231229018302,6.851064761581789e-05,6.851064761581789e-05,0.17670397554505493,0.9989672152175024,1.1918666838839381e-08]"
/multi_agv/m2b_algorithm_state,1789558520.037083,1789558520.037083,m2b_algorithm_state_v1:header6+3x20,"[1.0,-0.15,0.52,4.148844380602715,0.10125035358708977,1789558520.0369298,4.147416961015218,0.10107521216490564,0.0036904376666666654,0.0015404335027001848,0.0006967193588296888,0.0005695343608331653,0.004584685874999997,4.150224243279917,0.09724046940090475,0.0028072822646985074,-0.0038347427640008924,-0.003858896823706738,1.0127787354160973,4.896666309251687e-07,-0.0003497939928336037,0.004468176072170083,0.004468176072170083,0.14195256640180517,0.9937406826848914,4.959239512438532e-07,4.148397441800364,0.10150170600457468,0.002796189458333334,-0.000943850756356196,0.001667116885197828,0.0007540077238337994,-0.0017884964166666626,4.147966746588865,0.10079202270779304,-0.0004306952114996321,-0.0007096832967816435,-0.0007104867030464865,1.0022702037230216,-1.0234631422367273e-08,-0.0012488557174210266,0.0037970621958490136,0.0037970621958490136,0.12046877388083853,0.9988692170291181,-1.0257866120726086e-08,4.147710805700313,0.10117419212040993,0.0036904376666666654,0.0013236552566068356,0.000982418023168563,0.0005148949585051217,0.0032930326916666636,4.148576987371332,0.1006162601408898,0.0008661816710189285,-0.0005579319795201293,-0.0005584301664392099,1.0017895955408669,8.883504413902992e-09,0.0005242969223344507,-0.000283288358405101,-0.000283288358405101,0.1767039735597656,0.9991078796436496,8.899402293789384e-09]"
/multi_agv/m2b_algorithm_state,1789558520.0471516,1789558520.0471516,m2b_algorithm_state_v1:header6+3x20,"[1.0,-0.15,0.52,4.149844984605797,0.10125035060556824,1789558520.0469906,4.148419600003261,0.10107517394494703,0.0036904376666666654,0.0015407027440045708,0.0006966918447185218,0.000569431967322867,0.004584685874999997,4.151206131597907,0.09724809003614251,0.0027865315946460356,-0.0038270839088045128,-0.003851140212200472,1.0127521278526967,4.87795612821732e-07,-0.0003679757188929274,0.004528767248210226,0.004528767248210226,0.14195257177204731,0.9937534594768198,4.940160448424194e-07,4.149400092986683,0.10150172812735499,0.002796189458333334,-0.0009441424498204407,0.001667137151903475,0.0007541236207956742,-0.0017884964166666626,4.1489127490683835,0.10038685656112609,-0.000487343918299743,-0.0011148715662289005,-0.0011168603440686485,1.0035827588545212,-2.527243046946794e-08,-0.0017260402419433272,0.0056589020318949705,0.0056589020318949705,0.12046877074565605,0.9982193137662109,-2.5362975493507698e-08,4.148713448818202,0.10117415868896727,0.0036904376666666654,0.0013238365811626272,0.0009824081352443068,0.0005148215046572044,0.0032930326916666636,4.149478110032256,0.09982401086626883,0.0007646612140543851,-0.001350147822698447,-0.001353082691161767,1.0043696060236431,5.2057038015026106e-08,-0.0003972561735937855,0.0033321453884132546,0.0033321453884132546,0.17670396300329205,0.9978309762718197,5.228450676190958e-08]"
/multi_agv/m2b_algorithm_state,1789558520.057022,1789558520.057022,m2b_algorithm_state_v1:header6+3x20,"[1.0,-0.15,0.52,4.150840622777068,0.1012503791460589,1789558520.0568926,4.149420202691048,0.10107516930194888,0.0036904376666666654,0.0015407331126294,0.0006966851462580689,0.0005694222879621067,0.004584685874999997,4.152222376976775,0.09768823406577562,0.0028021742857271548,-0.003386935236173255,-0.0034057142081546483,1.0112300814023742,3.8194710000116056e-07,9.70036490042952e-05,0.002707430570514972,0.002707430570514972,0.14195257348446166,0.9944860399805632,3.8623639702557436e-07,4.150400698822175,0.10150172872845051,0.002796189458333334,-0.0009441738418062154,0.0016671426491328134,0.0007541343686468527,-0.0017884964166666626,4.149703228784573,0.10066758202014535,-0.0006974700376014553,-0.0008341467083051585,-0.000835257671441797,1.0026721138154804,-1.4145345608042751e-08,-0.0017070952184436161,0.005472432019904042,0.005472432019904042,0.12046876974584897,0.99866991567438,-1.4183143581466747e-08,4.1497140523041685,0.10117415378630529,0.0036904376666666654,0.0013238608115611135,0.0009824050501410228,0.0005148126064383435,0.0032930326916666636,4.150523543161947,0.10037203275662782,0.0008094908577787052,-0.0008021210296774717,-0.0008031526274879366,1.0025799607695858,1.836717108471981e-08,0.0002087109447354449,0.000945064746146513,0.000945064746146513,0.17670395961806776,0.9987155644205615,1.8414557665566654e-08]"
/multi_agv/m2b_algorithm_state,1789558520.0671444,1789558520.0671444,m2b_algorithm_state_v1:header6+3x20,"[1.0,-0.15,0.52,4.15184999636654,0.10125031900997121,1789558520.0669727,4.150415849577385,0.10107523982640944,0.0036904376666666654,0.0015402317260084426,0.0006967292750552187,0.0005696166646992791,0.004584685874999997,4.15310278540811,0.09800089908044202,0.002686935830724657,-0.0030743407459674216,-0.003089776999958547,1.010157967470467,3.145320958586755e-07,0.0002688927884472742,0.0019655522354704576,0.0019655522354704576,0.1419525663098925,0.9950040880000943,3.1772710265682577e-07,4.1513963265770135,0.10150168379916652,0.002796189458333334,-0.0009436278601989024,0.0016671113998389941,0.0007539139593228245,-0.0017884964166666626,4.150787630898834,0.10094551491023523,-0.0006086956781796715,-0.0005561688889312855,-0.0005566617393672006,1.0017760342807092,-6.283592504185466e-09,-0.00131753133709179,0.003974223209197891,0.003974223209197891,0.12046877393601883,0.9991146320987045,-6.294752379878907e-09,4.150709692176803,0.10117421381260078,0.0036904376666666654,0.0013235305812059647,0.0009824195991870793,0.0005149481805778303,0.0032930326916666636,4.151383252470323,0.10073758466497795,0.0006735602935199481,-0.00043662914762282456,-0.0004369339773438965,1.0013985888131003,5.439635368905215e-09,0.0004050163895560386,8.415948778876825e-05,8.415948778876825e-05,0.17670397374304694,0.9993023437478474,5.4472431820795106e-09]"
/multi_agv/m2b_algorithm_state,1789558520.0770524,1789558520.0770524,m2b_algorithm_state_v1:header6+3x20,"[1.0,-0.15,0.52,4.152837532407019,0.10125039915734683,1789558520.076911,4.151425204065001,0.10107509658107368,0.0036904376666666654,0.0015412446023853961,0.000696632428088328,0.0005692279996500929,0.004584685874999997,4.154081166292471,0.0978943891625514,0.002655962227469999,-0.0031807074185222772,-0.00319724352358996,1.0105219690967975,3.369177477174422e-07,0.00012270926074753894,0.0025267429398858144,0.0025267429398858144,0.14193420756137656,0.9948280120217071,3.4046278584708775e-07,4.152405723515257,0.10150177034142137,0.002796189458333334,-0.000944727073090605,0.001667181446150856,0.0007543539943505179,-0.0017884964166666626,4.151795381986699,0.10094551491023523,-0.0006103415285583225,-0.000556255431186134,-0.0005567484347586084,1.001776310303663,-6.292867953360375e-09,-0.0013196753454565115,0.0039807575987988305,0.0039807575987988305,0.1204572363790804,0.9991144949106356,-6.304046039545519e-09,4.151719061519363,0.10117409010741854,0.0036904376666666654,0.0013242054916068227,0.0009823859101223418,0.0005146731568951095,0.0032930326916666636,4.152424918055538,0.10110540095265251,0.0007058565361752756,-6.86891547660301e-05,-6.869667795033524e-05,1.0002191069909274,1.346575781814683e-10,0.0008136239922687592,-0.0015325524783761225,-0.0015325524783761225,0.17666808318820776,0.9998904869270306,1.346870825982292e-10]"
/multi_agv/m2b_algorithm_state,1789558520.0872223,1789558520.0872223,m2b_algorithm_state_v1:header6+3x20,"[1.0,-0.15,0.52,4.153837473283027,0.1012503988694342,1789558520.0871508,4.152412764903971,0.10107529255276838,0.0036904376666666654,0.0015398534152824962,0.0006967579124189877,0.000569765750974818,0.004584685874999997,4.15504317910774,0.09767172376790194,0.0026304142037689715,-0.0034035687848664453,-0.0034225349978885566,1.01128731674845,3.854915101109318e-07,-0.0001345172431773422,0.003525595687824197,0.003525595687824197,0.14195256203447826,0.9944584312406413,3.898426748893922e-07,4.153393229709333,0.10150164730679483,0.002796189458333334,-0.0009432134084545497,0.0016670919069436962,0.0007537444483439876,-0.0017884964166666626,4.152785313070699,0.09936295820515434,-0.0006079166386339097,-0.002138689101640487,-0.002146064582792765,1.0069528482342098,-9.297423644744699e-08,-0.002905960381085152,0.010249637824234888,0.010249637824234888,0.12046877642895595,0.9965632529368338,-9.362067220315763e-08,4.152706602607751,0.10117425761247728,0.0036904376666666654,0.0013232861293964349,0.000982427941420427,0.0005150498015598012,0.0032930326916666636,4.153298700618986,0.10026608595679523,0.0005920980112357199,-0.0009081716556820496,-0.0009094951237318976,1.002924563629496,2.35364623006256e-08,-0.00016937260968724773,0.0023300709548048333,0.0023300709548048333,0.1767039821431498,0.9985448321653255,2.360529618223701e-08]"
/multi_agv/m2b_algorithm_state,1789558520.0971136,1789558520.0971136,m2b_algorithm_state_v1:header6+3x20,"[1.0,-0.15,0.52,4.154846642329287,0.10125033940171158,1789558520.096987,4.15341270602607,0.10107528977770201,0.0036904376666666654,0.001539874840158727,0.0006967592700169326,0.0005697557580418899,0.004584685874999997,4.156139357499022,0.09738837063167056,0.0027266514729520352,-0.0036869191460314477,-0.0037092221130313446,1.0122658286363677,4.5243595431446705e-07,-0.0003009077718413005,0.004232281018902518,0.004232281018902518,0.1419525625764054,0.9939871578675373,4.579854561990198e-07,4.154393170107008,0.1015016507752165,0.002796189458333334,-0.0009432376838680017,0.0016670904719422452,0.0007537557173469406,-0.0017884964166666626,4.153815513734393,0.09976546255553195,-0.0005776563726156425,-0.001736188219684548,-0.0017410340613532589,1.0056187509737793,-6.125707252105347e-08,-0.0024631045271228122,0.00852345423164587,0.00852345423164587,0.12046877611634436,0.9972166876132542,-6.1601260756932e-08,4.153706543716004,0.10117425605538405,0.0036904376666666654,0.0013232964965716218,0.00098242903628778,0.0005150447383128046,0.0032930326916666636,4.154413567705086,0.10016667928678516,0.0007070239890820673,-0.001007576768598889,-0.0010092070388765398,1.0032483216347532,2.897307132399927e-08,-0.00012542705252395567,0.002218871803458262,0.002218871803458262,0.17670398107686705,0.9983846027476524,2.9067185178406266e-08]"
/multi_agv/m2b_algorithm_state,1789558520.10716,1789558520.10716,m2b_algorithm_state_v1:header6+3x20,"[1.0,-0.15,0.52,4.1558443705732335,0.10125035506883058,1789558520.1069772,4.154421856464631,0.10107514622065555,0.0036904376666666654,0.00154089176455246,0.0006966650136552835,0.0005693639908575825,0.004584685874999997,4.157108975033283,0.09746363577371349,0.0026871185686516696,-0.003611510446942065,-0.0036328983484274734,1.0120048467416516,4.3438409954720557e-07,-0.0002740001376128863,0.004106245187576589,0.004106245187576589,0.14194233369638481,0.9941127167803453,4.395988140892801e-07,4.155402361727795,0.10150173919697313,0.002796189458333334,-0.0009443424916521902,0.0016671581955218784,0.0007541993857846513,-0.0017884964166666626,4.154949090080837,0.10060270893163437,-0.00045327164695763145,-0.00089903026533876,-0.0009003214145450524,1.00288207911546,-1.6435166821369098e-08,-0.0014669109732420916,0.004649965372073661,0.004649965372073661,0.12046233898961645,0.9985659019263194,-1.6482534272424066e-08,4.154715708795437,0.10117413278750605,0.0036904376666666654,0.0013239709055713543,0.0009823968392624676,0.0005147691558922414,0.0032930326916666636,4.155459367922069,0.10012618384488942,0.0007436591266323234,-0.0010479489426166305,-0.00104971301566786,1.0033800238275163,3.135826244155548e-08,-0.0001201391073774559,0.0022188241535914385,0.0022188241535914385,0.17668395469507656,0.9983194711079131,3.146425411579745e-08]"
/multi_agv/m2b_algorithm_state,1789558520.1170824,1789558520.1170824,m2b_algorithm_state_v1:header6+3x20,"[1.0,-0.15,0.52,4.1568441852604,0.10125035698446479,1789558520.116943,4.155419589256993,0.10107518684348277,0.0036904376666666654,0.001540600965974795,0.0006966878838374762,0.0005694781440525485,0.004584685874999997,4.158501626839676,0.09819958869798967,0.003082037582683661,-0.0028755981454930968,-0.0028890829925689514,1.009480158514727,2.752110312069268e-07,0.0009634639857856249,-0.0005624202749921086,-0.0005624202749921086,0.1419491338997463,0.9953324819292007,2.7782007540776996e-07,4.156400084712048,0.10150171163646002,0.002796189458333334,-0.0009440243794852699,0.0016671424164433901,0.0007540697028882992,-0.0017884964166666626,4.155950502926306,0.10060270893163437,-0.0004495817857419482,-0.0008990027048256521,-0.0009002937750826062,1.0028819909354676,-1.6428624907090687e-08,-0.0014622710072600413,0.004633852418114325,0.004633852418114325,0.12046660887683151,0.9985659455916648,-1.647597205515512e-08,4.155713437750659,0.10117416672654897,0.0036904376666666654,0.0013237821846497932,0.0009824037414147392,0.0005148473687987408,0.0032930326916666636,4.156456387598433,0.10011880175409318,0.0007429498477735663,-0.0010553649724557856,-0.0010571542007949155,1.003404226833594,3.1799282081871614e-08,-0.00012846689107795756,0.0022513902461234,0.0022513902461234,0.17669723718422306,0.9983075048675166,3.190753405122375e-08]"
/multi_agv/m2b_algorithm_state,1789558520.1269722,1789558520.1269722,m2b_algorithm_state_v1:header6+3x20,"[1.0,-0.15,0.52,4.157841831733632,0.1012503725730108,1789558520.1268644,4.156419404358961,0.10107519317113745,0.0036904376666666654,0.001540554152853675,0.0006966898332642294,0.0005694974215927737,0.004584685874999997,4.15954401170989,0.0987929502807232,0.0031246073509292316,-0.002282242890414246,-0.002290699098580166,1.007474053293701,1.732812613313628e-07,0.0016150600900813735,-0.0031264235549151704,-0.0031264235549151704,0.14194853550574024,0.9963084596439744,1.7457637471335314e-07,4.157399899054342,0.10150170615893256,0.002796189458333334,-0.0009439719701240671,0.0016671413818256653,0.0007540475234032867,-0.0017884964166666626,4.157032244132721,0.09952361773443408,-0.0003676549216207192,-0.001978088424498481,-0.0019843901540428613,1.006419096578792,-7.959057927377088e-08,-0.0024439588060687603,0.008555117186055491,0.008555117186055491,0.1204662331437244,0.9968243495204098,-8.010147888889122e-08,4.156713252367897,0.10117417162332439,0.0036904376666666654,0.0013237534367601706,0.0009824038347785446,0.0005148597813022264,0.0032930326916666636,4.157616306520527,0.09974592827196564,0.000903054152630034,-0.0014282433513587434,-0.0014315294913322914,1.0046264266972202,5.825280655209486e-08,-0.000302711800544749,0.0030325696905775437,0.0030325696905775437,0.17669606833871246,0.9977044552742745,5.8522308891515477e-08]"
/multi_agv/m2b_algorithm_state,1789558520.1369603,1789558520.1369603,m2b_algorithm_state_v1:header6+3x20,"[1.0,-0.15,0.52,4.158842683068875,0.10125036731313442,1789558520.1368647,4.157417055645144,0.10107523178385724,0.0036904376666666654,0.001540279256646827,0.0006967140820513858,0.0005696039647037298,0.004584685874999997,4.160496113957676,0.09846323369371544,0.00307905831253219,-0.002611998090141801,-0.00262310196378329,1.0085856954053722,2.269812277584224e-07,0.001225720926881948,-0.001604707041678666,-0.001604707041678666,0.1419525729138854,0.9957668921014897,2.2893001944269366e-07,4.158397539782921,0.10150168140978205,0.002796189458333334,-0.0009436721132018602,0.001667124147868293,0.0007539265103137377,-0.0017884964166666626,4.158024032214806,0.09952361773443408,-0.0003735075681152722,-0.001978063675347974,-0.001984365248126239,1.0064190166049403,-7.956331372859128e-08,-0.002451249708270329,0.008581105997157298,0.008581105997157298,0.12046877007997359,0.9968243886632185,-8.007403196055917e-08,4.15771089977283,0.10117420452539312,0.0036904376666666654,0.0013235721201254112,0.00098241176433902,0.0005149342503452969,0.0032930326916666636,4.15863262433695,0.09997198565414253,0.0009217245641197636,-0.0012022188712505905,-0.0012045432577717455,1.0038843579192194,4.126230408501309e-08,-5.23875526220411e-05,0.002047611699449627,0.002047611699449627,0.17670396075500752,0.9980703171047134,4.1422581642650947e-08]"
/multi_agv/m2b_algorithm_state,1789558520.147057,1789558520.147057,m2b_algorithm_state_v1:header6+3x20,"[1.0,-0.15,0.52,4.1598440044982645,0.10125035922425397,1789558520.1469538,4.158417905371193,0.10107521931258297,0.0036904376666666654,0.0015403670274305526,0.0006967058289843561,0.0005695702125326214,0.004584685874999997,4.161486547846806,0.09846323369371544,0.0030686424756130037,-0.002611985618867524,-0.002623089387288288,1.00858565463677,2.2699200559778674e-07,0.0012127137072279665,-0.0015588861094023338,-0.0015588861094023338,0.14195135149015783,0.995766911918986,2.289408805631571e-07,4.159398393094223,0.1015016888062173,0.002796189458333334,-0.0009437668210509932,0.0016671300760453533,0.0007539644792486366,-0.0017884964166666626,4.159050434183155,0.09978340899429296,-0.00034795891106842447,-0.0017182798119243364,-0.0017230255573302939,1.0055596677070442,-6.003281424319396e-08,-0.0021579741961658245,0.007438967656302342,0.007438967656302342,0.12046800128950676,0.9972456906481929,-6.036657674190483e-08,4.158711750741208,0.10117419382060298,0.0036904376666666654,0.0013236301876663804,0.0009824088347237586,0.0005149106041936395,0.0032930326916666636,4.159638234642858,0.09997198565414253,0.0009264839016500659,-0.0012022081664604528,-0.001204532511735571,1.0038843234214312,4.126338122669077e-08,-4.642763467298857e-05,0.0020265983145836657,0.0020265983145836657,0.1767015688308505,0.9980703341317297,4.1423661544837044e-08]"
/multi_agv/m2b_algorithm_state,1789558520.1571121,1789558520.1571121,m2b_algorithm_state_v1:header6+3x20,"[1.0,-0.15,0.52,4.160844499429297,0.10125035665106942,1789558520.156916,4.1594192242292545,0.10107520055532623,0.0036904376666666654,0.0015404988039933207,0.0006966926633934273,0.0005695199409222777,0.004584685874999997,4.162121658031495,0.09797714723638183,0.002702433802240556,-0.003098053318944402,-0.0031137314138109757,1.0102390425939185,3.19463134461262e-07,0.0002643108389897191,0.0019924338776122867,0.0019924338776122867,0.14194540995855884,0.9949648531671571,3.227341311021976e-07,4.160399717714603,0.10150169960021292,0.002796189458333334,-0.0009439089965746451,0.0016671396490153256,0.0007540211278768,-0.0017884964166666626,4.16019579433021,0.10102004379632645,-0.00020392338439290114,-0.0004816558038864688,-0.0004820252323715462,1.001536789508528,-4.713844188570383e-09,-0.0007369294628626726,0.0018841424780804239,0.0018841424780804239,0.12046427060370496,0.9992335909818251,-4.721088374864214e-09,4.159713071550937,0.10117417751722281,0.0036904376666666654,0.001323718354258065,0.000982404056729935,0.0005148748727219735,0.0032930326916666636,4.160304649692259,0.09938246893564617,0.0005915781413223797,-0.001791708581576637,-0.0017968942649449536,1.0058276039768206,9.169415639898865e-08,-0.001057421588291979,0.005854894423501669,0.005854894423501669,0.17668996329423783,0.9971140854142158,9.222851362947061e-08]"
/multi_agv/m2b_algorithm_state,1789558520.1670697,1789558520.1670697,m2b_algorithm_state_v1:header6+3x20,"[1.0,-0.15,0.52,4.161844473538484,0.10125035746224874,1789558520.1669066,4.160419718254367,0.10107519560031605,0.0036904376666666654,0.0015405322932633614,0.0006966878902838751,0.0005695079074312547,0.004584685874999997,4.163144153257673,0.09837749191735168,0.0027244350033059916,-0.0026977036829643752,-0.002709555838581736,1.0088759499559834,2.4217449153299145e-07,0.0006959879155507536,0.00029697083133149314,0.00029697083133149314,0.14194239950496482,0.9956257939221639,2.4432402020045403e-07,4.161400213859799,0.10150170145569962,0.002796189458333334,-0.0009439440183436603,0.001667143291506079,0.0007540344138905891,-0.0017884964166666626,4.160839637319485,0.09998387069631821,-0.0005605765403133844,-0.0015178307593814028,-0.0015215282393765232,1.0048999876382299,-4.684582579151739e-08,-0.002222248914768254,0.00758201321484233,0.00758201321484233,0.1204623803054564,0.9975698906537315,-4.7075369758798496e-08,4.160713566173724,0.10117417289719259,0.0036904376666666654,0.00132374208645793,0.0009824019872739067,0.0005148656621693846,0.0032930326916666636,4.1612686432033215,0.09941752999002432,0.0005550770295972285,-0.0017566429071682738,-0.0017616262814741117,1.0057112953326266,8.813968665285913e-08,-0.001067779994477576,0.005876344007415284,0.005876344007415284,0.17668408320782392,0.9971711512491356,8.864307843385879e-08]"
/multi_agv/m2b_algorithm_state,1789558520.1769464,1789558520.1769464,m2b_algorithm_state_v1:header6+3x20,"[1.0,-0.15,0.52,4.162837279525519,0.10125040347479886,1789558520.1768427,4.1614196925213705,0.10107519885448397,0.0036904376666666654,0.0015405075502637365,0.0006966884822215743,0.0005695183245889631,0.004584685874999997,4.164129756844786,0.09847424757136768,0.002710064323415473,-0.0026009512831162984,-0.0026119605235149397,1.008548327928885,2.2509713367005714e-07,0.0007756198807544017,-2.6729366155322284e-05,-2.6729366155322284e-05,0.14194123587660362,0.9957850663133966,2.2702133778452084e-07,4.162400187895922,0.1015016982107819,0.002796189458333334,-0.0009439156832194559,0.001667143072313415,0.0007540222455994783,-0.0017884964166666626,4.161837649188803,0.09997927836126148,-0.0005625387071184207,-0.0015224198495204094,-0.0015261398507408588,1.0049150575755266,-4.7128257408500706e-08,-0.002229313234638885,0.007608897819032712,0.007608897819032712,0.12046164965341438,0.9975624768472933,-4.7359895507097726e-08,4.16171354019816,0.10117417532148033,0.0036904376666666654,0.0013237272095993741,0.0009824017324152837,0.0005148722432577408,0.0032930326916666636,4.1622901126682805,0.09975587816815476,0.0005765724701207731,-0.0014182971533255734,-0.0014215374405747996,1.00459369295889,5.7442768891102674e-08,-0.0007008218529238332,0.004434254018339138,0.004434254018339138,0.17668181045576611,0.9977205755144121,5.770664333409687e-08]"
/multi_agv/m2b_algorithm_state,1789558520.1870644,1789558520.1870644,m2b_algorithm_state_v1:header6+3x20,"[1.0,-0.15,0.52,4.163843960692062,0.1012503598540019,1789558520.1869347,4.162412513066078,0.1010753095968877,0.0036904376666666654,0.0015397228072698234,0.0006967621139860822,0.0005698201786349663,0.004584685874999997,4.165108762233438,0.09829958308806724,0.0026962491673598876,-0.0027757265088204502,-0.0027882814956910243,1.0091406446982485,2.562635245967739e-07,0.0005820299635088352,0.0007318161446756491,0.0007318161446756491,0.14195256792928834,0.9954972312193096,2.586059384242339e-07,4.163392976197421,0.10150163015321725,0.002796189458333334,-0.0009430625387874944,0.001667090015704531,0.0007536800352551665,-0.0017884964166666626,4.162653527155694,0.10176757504923228,-0.0007394490417267363,0.00026594489601503013,0.00026583290539654287,0.9991586395357955,-1.4350554956139673e-09,-0.0006584783967618776,0.001276951756694311,0.001276951756694311,0.12046877299188324,1.00042128200164,-1.4338480966560183e-09,4.1627063493130585,0.10117427067429165,0.0036904376666666654,0.0013232053964694502,0.0009824269316523367,0.0005150853212871225,0.0032930326916666636,4.16324139228547,0.09911583687114865,0.0005350429724115813,-0.002058433803142995,-0.002065292112113778,1.006715266235679,1.2100109055824627e-07,-0.0013964883965993016,0.007163980337645995,0.007163980337645995,0.17670397055951598,0.9966792547501846,1.2181364509615242e-07]"
/multi_agv/m2b_algorithm_state,1789558520.196949,1789558520.196949,m2b_algorithm_state_v1:header6+3x20,"[1.0,-0.15,0.52,4.164837050796612,0.10125040402208761,1789558520.1968188,4.163419180853018,0.10107520282702155,0.0036904376666666654,0.0015404803397136252,0.0006966942947574488,0.0005695270958613855,0.004584685874999997,4.165722760873587,0.09809653312416856,0.0023035800205688517,-0.0029786697028529874,-0.002993149771945917,1.0098313151273979,2.9529020989747525e-07,-0.00011367474623485236,0.003266717735259264,0.003266717735259264,0.14194054350726273,0.9951622637702103,2.981933010050128e-07,4.164399673459966,0.10150169715905817,0.002796189458333334,-0.0009438861286113149,0.0016671383037136778,0.0007540119151688146,-0.0017884964166666626,4.163669501861169,0.10176757504923228,-0.0007301715987972912,0.0002658778901741127,0.00026576595602643575,0.999158851644329,-1.4355847020265596e-09,-0.0006469485424701782,0.0012351884891634518,0.0012351884891634518,0.12046121489590188,1.0004211756439783,-1.4343771623150235e-09,4.163713027763201,0.10117417957592598,0.0036904376666666654,0.001323705104144098,0.0009824042024038524,0.0005148805403432264,0.0032930326916666636,4.163851154727234,0.09854324767799019,0.00013812696403281421,-0.0026309318979357843,-0.0026421840199005696,1.0086383691118035,1.9781638049498605e-07,-0.002469525314859552,0.011180678165187589,0.011180678165187589,0.1766804581053946,0.9957413556814984,1.995251914060627e-07]"
/multi_agv/m2b_algorithm_state,1789558520.2069511,1789558520.2069511,m2b_algorithm_state_v1:header6+3x20,"[1.0,-0.15,0.52,4.165837395208793,0.1012504009680582,1789558520.206808,4.164412284922807,0.10107530906896667,0.0036904376666666654,0.0015397276229479804,0.0006967649688515818,0.0005698166062958502,0.004584685874999997,4.1667088700704324,0.0980102038385498,0.0022965851476257626,-0.0030651052304168647,-0.00308044780190127,1.0101263946936008,3.1254090134710627e-07,-0.00020971636736906657,0.0036410875591293594,0.0036410875591293594,0.14195256880013196,0.9950193697569116,3.157058138720408e-07,4.165392746591095,0.10150163194486946,0.002796189458333334,-0.0009430679922221895,0.0016670873834518929,0.000753683768345545,-0.0017884964166666626,4.164637385366423,0.09988252180882053,-0.0007553612246722352,-0.001619110136048929,-0.001623320741414857,1.0052329346862365,-5.326026889897088e-08,-0.0025675222722551507,0.008843747650436492,0.008843747650436492,0.12046877248657234,0.9974061778066988,-5.353897640749059e-08,4.164706120875932,0.1011742710524267,0.0036904376666666654,0.0013232046242578656,0.0009824284266351851,0.0005150848784026174,0.0032930326916666636,4.16486701427292,0.09915988563393856,0.00016089339698766025,-0.0020143854184881405,-0.0020209511679292204,1.006568309311299,1.1587444603690906e-07,-0.0018198344216946451,0.008637203137059766,0.008637203137059766,0.17670396884244832,0.9967511587883604,1.166355452397549e-07]"
/multi_agv/m2b_algorithm_state,1789558520.2170303,1789558520.2170303,m2b_algorithm_state_v1:header6+3x20,"[1.0,-0.15,0.52,4.166837038536056,0.10125040248909267,1789558520.2167892,4.165412628821348,0.10107529897090704,0.0036904376666666654,0.001539801546151472,0.0006967624566732048,0.0005697858703810174,0.004584685874999997,4.1677173410142325,0.09845901381198376,0.0023047121928847503,-0.002616285158923287,-0.002627425861105272,1.008600193263512,2.2765686505065463e-07,0.00025346438000066604,0.0018155896561831682,0.0018155896561831682,0.14195257004876513,0.9957598414680678,2.2961475808785553e-07,4.166393091379562,0.10150164050772328,0.002796189458333334,-0.0009431497469081047,0.001667088512309789,0.0007537186189952583,-0.0017884964166666626,4.165625523054795,0.09988252180882053,-0.0007675683247665432,-0.0016191186989027578,-0.0016233293485915339,1.005232962264923,-5.326544764856044e-08,-0.002582789754549713,0.008897555336165566,0.008897555336165566,0.12046877175445748,0.9974061642559292,-5.354418372612959e-08,4.165706465425466,0.10117426342554427,0.0036904376666666654,0.001323248863512152,0.0009824284156946476,0.0005150657081345314,0.0032930326916666636,4.1659101876937275,0.09984516558392116,0.0002037222682611528,-0.0013290978416231058,-0.0013319414537870235,1.004300452562345,5.0423324221601995e-08,-0.0010772886184605825,0.005724897809761964,0.005724897809761964,0.1767039663897191,0.9978650621948639,5.0640167335452734e-08]"
/multi_agv/m2b_algorithm_state,1789558520.227018,1789558520.227018,m2b_algorithm_state_v1:header6+3x20,"[1.0,-0.15,0.52,4.16784369634215,0.10125035910143672,1789558520.2268655,4.166412273003604,0.10107530020105306,0.0036904376666666654,0.001539795030029187,0.0006967669137777574,0.0005697863765094398,0.004584685874999997,4.168857902952173,0.09862884725742613,0.0024456299485686728,-0.0024464529436269283,-0.0024561817931872897,1.0080266033785552,1.990371896758984e-07,0.0006008556425235513,0.0005175696609487892,0.0005175696609487892,0.14195257003898723,0.9960390352264047,2.006347822550091e-07,4.167392733447483,0.10150164186729554,0.002796189458333334,-0.0009431440956973501,0.001667084734280344,0.0007537181346085747,-0.0017884964166666626,4.166967883537681,0.10145502333076933,-0.0004248499098018499,-4.661853652621062e-05,-4.662198592950029e-05,1.0001480103206681,-4.4109848047694956e-11,-0.0005776843731818127,0.0011282730308054476,0.0011282730308054476,0.12046877175995158,0.999926013377146,-4.4116376760449116e-11,4.166706109157081,0.10117426539892946,0.0036904376666666654,0.0013232403580616925,0.0009824307144253204,0.0005150681992391799,0.0032930326916666636,4.166929543794806,0.09898617757054032,0.00022343463772500627,-0.0021880878283891403,-0.002195844881349701,1.0071486600839041,1.367394122788016e-07,-0.001916551584193443,0.00905084195471528,0.00905084195471528,0.176703966408623,0.9964673948390231,1.377169158572556e-07]"
/multi_agv/m2b_algorithm_state,1789558520.2369807,1789558520.2369807,m2b_algorithm_state_v1:header6+3x20,"[1.0,-0.15,0.52,4.168837110236976,0.10125040130971709,1789558520.2368608,4.167418917364705,0.10107519448999956,0.0036904376666666654,0.0015405448574925622,0.0006966988746880173,0.0005694967478826335,0.004584685874999997,4.169756588509061,0.09770160202939179,0.0023376711443559017,-0.003373592460607769,-0.0033922218921788047,1.0111841659678853,3.78894109463943e-07,-0.0004701329617339276,0.004689961247593067,0.004689961247593067,0.14193645934657664,0.9945081919275421,3.831317240684418e-07,4.16839940746962,0.1015017078633383,0.002796189458333334,-0.0009439595153320846,0.001667133382410313,0.0007540462857047459,-0.0017884964166666626,4.167969030446401,0.10145502333076933,-0.0004303770232185755,-4.668453256896632e-05,-4.6687991744173494e-05,1.0001482198315896,-4.4273058669877046e-11,-0.0005846592707673928,0.0011522436264067605,0.0011522436264067605,0.12045865034665819,0.999925908674202,-4.4279620815177054e-11,4.1677127641921246,0.10117417495097229,0.0036904376666666654,0.0013237362251346352,0.0009824078092638636,0.0005148651745441636,0.0032930326916666636,4.167834240101614,0.09822204951402372,0.00012147590948963227,-0.0029521254369485744,-0.002966326930551581,1.0097279841735773,2.4912271643976034e-07,-0.002814482043689541,0.012523620463429825,0.012523620463429825,0.17667248114480355,0.9952124314225992,2.515461782825649e-07]"
/multi_agv/m2b_algorithm_state,1789558520.2470984,1789558520.2470984,m2b_algorithm_state_v1:header6+3x20,"[1.0,-0.15,0.52,4.169844151866871,0.10125035549206851,1789558520.2469532,4.168412344477043,0.10107529651381933,0.0036904376666666654,0.0015398217751977483,0.0006967658572186505,0.0005697753331626447,0.004584685874999997,4.170634816182345,0.09656314821852124,0.002222471705302098,-0.004512148295298085,-0.004545759982617686,1.0151502573104263,6.779617027009788e-07,-0.0017676703509900632,0.009710584632577084,0.009710584632577084,0.14195257143044465,0.9926059256432087,6.882329969435134e-07,4.1693928053411495,0.10150164486632955,0.002796189458333334,-0.0009431737082242781,0.0016670853125217988,0.0007537306698373741,-0.0017884964166666626,4.1690021790274825,0.10010279223950061,-0.0003906263136670418,-0.001398852626828942,-0.0014019903385666538,1.0045098280519098,-3.975382828067841e-08,-0.001890273230650456,0.006360497168903534,0.006360497168903534,0.12046877094454912,0.9977619590867368,-3.9933111210629416e-08,4.168706180892734,0.1011742625490024,0.0036904376666666654,0.0013232566460868816,0.0009824306593559937,0.0005150611676708614,0.0032930326916666636,4.168930252204782,0.09932888109773358,0.00022407131204804642,-0.001845381451268821,-0.0018508846939553464,1.0060057998871388,9.723958467740102e-08,-0.0015707955538952884,0.007687943295496944,0.007687943295496944,0.17670396366467742,0.9970266960959275,9.782358616408198e-08]"
/multi_agv/m2b_algorithm_state,1789558520.257063,1789558520.257063,m2b_algorithm_state_v1:header6+3x20,"[1.0,-0.15,0.52,4.170841289975695,0.10125037436850685,1789558520.256892,4.1694193718596155,0.10107518517134258,0.0036904376666666654,0.0015406113045925568,0.0006966937547201008,0.0005694706089720693,0.004584685874999997,4.171722663467757,0.09741027943255036,0.0023032916081415777,-0.003664905738792218,-0.003686939563037309,1.0121896083254796,4.4725718564369867e-07,-0.0008078250528603366,0.005998937695088832,0.005998937695088832,0.14193233372738093,0.9940238173508492,4.5270907555745167e-07,4.170399864181189,0.10150171413448388,0.002796189458333334,-0.0009440321707511207,0.00166713694295062,0.0007540759272460923,-0.0017884964166666626,4.169999179213929,0.10010279223950061,-0.0004006849672597568,-0.0013989218949832655,-0.0014020599161832584,1.004510050695258,-3.9793941564052835e-08,-0.0019029161252579543,0.006404326220950157,0.006404326220950157,0.12045605973034637,0.9977618494304186,-3.9973414257870846e-08,4.169713219559811,0.10117416717037908,0.0036904376666666654,0.0013237792854978955,0.0009824062975980494,0.0005148472958708089,0.0032930326916666636,4.169989274128004,0.10003957421343586,0.0002760545681930182,-0.0011345929569432228,-0.001136662145820074,1.0036630634483323,3.6754847904339274e-08,-0.0007915939355788012,0.004631199588370247,0.004631199588370247,0.17666442345649902,0.9981795919882962,3.6889483244246674e-08]"
/multi_agv/m2b_algorithm_state,1789558520.2671778,1789558520.2671778,m2b_algorithm_state_v1:header6+3x20,"[1.0,-0.15,0.52,4.171854172624087,0.10125029154448578,1789558520.2670557,4.170416515713006,0.1010752319885155,0.0036904376666666654,0.0015402782965268694,0.0006967228157867206,0.0005695998380589452,0.004584685874999997,4.172705175594095,0.09741027943255036,0.0022886598810893943,-0.003664952555965134,-0.0036869869371394283,1.0121897628615075,4.4717185050046676e-07,-0.0008261620857776854,0.006062850757132221,0.006062850757132221,0.14194122543025917,0.9940237430861663,4.526227693164089e-07,4.171396995431004,0.10150168418090193,0.002796189458333334,-0.0009436695269919131,0.0016671163659269794,0.0007539294371852329,-0.0017884964166666626,4.1708529963638075,0.0991669699453723,-0.0005439990671964878,-0.002334714235529625,-0.002343516705111272,1.0076069058555495,-1.1086656364739726e-07,-0.0030235155391068816,0.010742562399247469,0.010742562399247469,0.12046164308097064,0.9962439057667274,-1.117099151595913e-07,4.170710358783075,0.10117420693610313,0.0036904376666666654,0.001323560365856507,0.0009824158470669083,0.0005149372217383391,0.0032930326916666636,4.17099830618654,0.10003957421343586,0.0002879474034651608,-0.0011346327226672698,-0.0011367020561028557,1.0036631915199143,3.67513398712496e-08,-0.0007767678017714047,0.004578578878392697,0.004578578878392697,0.17668178999602827,0.9981795287300873,3.6885967067811456e-08]"
/multi_agv/m2b_algorithm_state,1789558520.2770529,1789558520.2770529,m2b_algorithm_state_v1:header6+3x20,"[1.0,-0.15,0.52,4.172839174301521,0.10125038817750077,1789558520.2769399,4.171429372022341,0.10107503490920082,0.0036904376666666654,0.0015416717215704346,0.0006965892036632218,0.000569065344304789,0.004584685874999997,4.173864770027822,0.09913114206800894,0.002435398005481204,-0.0019438928411918827,-0.001950011999899455,1.006341839220088,1.2577387127573162e-07,0.00109423550695205,-0.0014465413757959351,-0.0014465413757959351,0.1418943065540184,0.9968619892042265,1.2657150894545036e-07,4.172409910278939,0.10150180311026134,0.002796189458333334,-0.0009451817756956069,0.001667212964555631,0.0007545346973266698,-0.0017884964166666626,4.172129357069525,0.10169588295346654,-0.0002805532094143359,0.0001940798432051999,0.00019402016789495108,0.9993854959026865,-7.660246536441176e-10,-0.00015667134387296883,-0.00047600680863059554,-0.00047600680863059554,0.12043217906547077,1.0003075727172914,-7.655539283558101e-10,4.171723235570982,0.1011740366139952,0.0036904376666666654,0.001324489515793815,0.0009823693320370813,0.0005145586666662296,0.0032930326916666636,4.171854176271079,0.097690131612403,0.00013094070009689318,-0.003483905001592194,-0.0035037629155489267,1.0115489884495663,3.472734014857266e-07,-0.0033400870404278102,0.014580961422904068,0.014580961422904068,0.1765901648606684,0.9943324036370704,3.512840579883269e-07]"
/multi_agv/m2b_algorithm_state,1789558520.2869544,1789558520.2869544,m2b_algorithm_state_v1:header6+3x20,"[1.0,-0.15,0.52,4.173837377614304,0.10125039920916114,1789558520.2868645,4.172414403458604,0.10107527223658053,0.0036904376666666654,0.0015399859922392862,0.0006967396593937632,0.0005697177786033317,0.004584685874999997,4.174800469255599,0.09847408046433198,0.002386065796994963,-0.0026011917722485456,-0.0026122030577087956,1.0085491330448197,2.2506249698977164e-07,0.00037037918853490785,0.0013979128014670718,0.0013979128014670718,0.14194621651212003,0.9957846747680067,2.2698658621993653e-07,4.1733948762238215,0.10150165323542333,0.002796189458333334,-0.0009433470638291223,0.001667105766900434,0.0007537951737676268,-0.0017884964166666626,4.173132680903348,0.10057196665773943,-0.00026219532047377925,-0.0009296865776838997,-0.000931067604502378,1.0029813942534351,-1.7556981216737054e-08,-0.0012588117550946022,0.003927794713417975,0.003927794713417975,0.12046477704923172,0.9985167276663907,-1.76093254996443e-08,4.1727082432221385,0.10117423906049851,0.0036904376666666654,0.0013233774096521752,0.0009824194084769207,0.0005150146735335894,0.0032930326916666636,4.172883174975053,0.09837187147698896,0.00017493175291427576,-0.0028023675835095463,-0.002815150358088879,1.0092189805003955,2.2440575198653914e-07,-0.0025964856669460344,0.011696677310112128,0.011696677310112128,0.17669153872909696,0.9954592924166188,2.2647454423827964e-07]"
/multi_agv/m2b_algorithm_state,1789558520.2970488,1789558520.2970488,m2b_algorithm_state_v1:header6+3x20,"[1.0,-0.15,0.52,4.174840136277678,0.10125038091191713,1789558520.2969403,4.173412610559072,0.10107529699784178,0.0036904376666666654,0.0015398120695350377,0.0006967588606530122,0.0005697831793785024,0.004584685874999997,4.175279390571973,0.09767401446627524,0.0018667800129010814,-0.0034012825315665324,-0.0034202229467968862,1.0112794454219753,3.849628919791611e-07,-0.0010867479306705344,0.006863096827763204,0.006863096827763204,0.1419513323503144,0.9944622278942102,3.8930505990872586e-07,4.174393074772557,0.10150163955432578,0.002796189458333334,-0.0009431588767907602,0.0016670914747614063,0.00075372103549394,-0.0017884964166666626,4.17413554010205,0.10057196665773943,-0.00025753467050737555,-0.0009296728965863532,-0.0009310538828717647,1.0029813504683331,-1.7552963110638514e-08,-0.0012529722210059841,0.003907315175952109,0.003907315175952109,0.12046798926124569,0.9985167493409167,-1.760529464542905e-08,4.1737064475112815,0.10117426107531585,0.0036904376666666654,0.001323258565894095,0.0009824265327677663,0.0005150624819246288,0.0032930326916666636,4.173764096862638,0.0994264838256115,5.764935135665894e-05,-0.0017477772497043464,-0.0017527101140711995,1.005681896569459,8.721983867438467e-08,-0.0016806484248753758,0.008034058408609886,0.008034058408609886,0.176701531413637,0.9971855788773906,8.771541277653743e-08]"
/multi_agv/m2b_algorithm_state,1789558520.3071077,1789558520.3071077,m2b_algorithm_state_v1:header6+3x20,"[1.0,-0.15,0.52,4.175844105884816,0.10125035546414617,1789558520.3069952,4.174415363788837,0.10107525104281376,0.0036904376666666654,0.0015401391819204273,0.0006967313776630841,0.0005696556849924483,0.004584685874999997,4.176263594257369,0.09826915285277316,0.0018482304685321083,-0.0028060981900406012,-0.0028189323701831013,1.0092438169057516,2.619782784613166e-07,-0.000508644284517966,0.004578368714534927,0.004578368714534927,0.141940294550039,0.9954471486161741,2.64399957700697e-07,4.1753958398627935,0.1015016694026798,0.002796189458333334,-0.0009435152279353631,0.001667110755347423,0.0007538654722879928,-0.0017884964166666626,4.174672966040147,0.10133913174897136,-0.0007228738226467968,-0.00016253765370843887,-0.00016257962146685477,1.0005167243965807,-5.364536870310208e-10,-0.0010661718997753507,0.0029123249160633146,0.0029123249160633146,0.1204610585760219,0.9997418633526314,-5.367308857387454e-10,4.1747092051814025,0.10117422229025784,0.0036904376666666654,0.0013234724243985463,0.000982417705515771,0.000514974374200903,0.0032930326916666636,4.17470702656032,0.09846637147255637,-2.1786210826491015e-06,-0.0027078508177014737,-0.0027197773926504708,1.0088986020550583,2.095259494230913e-07,-0.002722500669003782,0.01210121363332565,0.01210121363332565,0.17667997186222426,0.9956148709150883,2.1139043746721568e-07]"
/multi_agv/m2b_algorithm_state,1789558520.3169725,1789558520.3169725,m2b_algorithm_state_v1:header6+3x20,"[1.0,-0.15,0.52,4.1768410994569845,0.1012503752175372,1789558520.3168683,4.175419325432019,0.10107518978931472,0.0036904376666666654,0.0015405728181656386,0.0006966909802386563,0.0005694887343484028,0.004584685874999997,4.177361429070192,0.0994028915487774,0.0019421036381732648,-0.001672298240537315,-0.0016768176902435402,1.0054391119303063,9.300031718398173e-08,0.0007508118574730408,-0.00036041001241265275,-0.00036041001241265275,0.14192496561675183,0.997304745928838,9.35061563186994e-08,4.176399819141538,0.10150170696616899,0.002796189458333334,-0.0009439861451258653,0.001667139770167303,0.0007540545060684828,-0.0017884964166666626,4.175680505934831,0.10133913174897136,-0.0007193132067069286,-0.00016257521719763302,-0.0001626172043468889,1.0005168437722622,-5.36969465977753e-10,-0.0010617587127305496,0.002896212573583226,0.002896212573583226,0.12045143292777755,0.9997418037690138,-5.372469953021385e-10,4.175713173080889,0.10117416963695477,0.0036904376666666654,0.0013237602594052913,0.0009824038559683506,0.0005148568129184298,0.0032930326916666636,4.175608969438882,0.0975975556944283,-0.00010420364200758314,-0.00357661394252648,-0.0035975573255517617,1.011868608272054,3.6582141069996003e-07,-0.0037278118780612406,0.01597534330393325,0.01597534330393325,0.1766500335475358,0.9941784435576521,3.7016320172108803e-07]"
/multi_agv/m2b_algorithm_state,1789558520.327042,1789558520.327042,m2b_algorithm_state_v1:header6+3x20,"[1.0,-0.15,0.52,4.177839970423319,0.1012503824481998,1789558520.3269138,4.1764163251005835,0.10107523841183777,0.0036904376666666654,0.0015402272052021985,0.0006967217621761885,0.0005696225320285019,0.004584685874999997,4.178560588833707,0.1003072643562721,0.002144263733123708,-0.0007679740555656678,-0.0007689207085970366,1.0024724661343263,1.9596815909769522e-08,0.0019114089578075983,-0.004881944735092795,-0.004881944735092795,0.1419343688266716,0.9987688548106656,1.9645268373447053e-08,4.177396805399984,0.10150167614249092,0.002796189458333334,-0.0009436097730979123,0.0016671178289984212,0.0007539027748611621,-0.0017884964166666626,4.177012273361407,0.1021411426035528,-0.00038453203857713447,0.0006394664610618744,0.0006388208012325817,0.9979855262874686,-8.29961024261868e-09,0.00015815575301116362,-0.0017946566114962555,-0.0017946566114962555,0.12045733763746423,1.0010107057065876,-8.282890895960669e-09,4.176710167870386,0.10117421109828291,0.0036904376666666654,0.0013235322867505496,0.0009824140669377531,0.0005149503188319883,0.0032930326916666636,4.176881111461227,0.09825225013442779,0.00017094359084079969,-0.002921960963855122,-0.002935870559689873,1.00962532195059,2.440153191556439e-07,-0.0027221910711388735,0.012187063891293561,0.012187063891293561,0.1766683981238048,0.9952621903616145,2.463640451633929e-07]"
/multi_agv/m2b_algorithm_state,1789558520.3370001,1789558520.3370001,m2b_algorithm_state_v1:header6+3x20,"[1.0,-0.15,0.52,4.178838645423699,0.1012503906938682,1789558520.3368976,4.177415198438945,0.10107525541231269,0.0036904376666666654,0.001540106992207614,0.0006967337521233566,0.0005696684028187292,0.004584685874999997,4.1794687710546485,0.09903088593538356,0.0020535726157033807,-0.0020443694769291254,-0.002051142663046711,1.006677161747362,1.3897993890140034e-07,0.0005158231065825148,0.0006361597835486992,0.0006361597835486992,0.1419371165152226,0.9966978473805792,1.3990793043308347e-07,4.178395673444739,0.10150166602913696,0.002796189458333334,-0.0009434792178764123,0.0016671090642592645,0.0007538507428114516,-0.0017884964166666626,4.178029723345368,0.1021411426035528,-0.0003659500993711262,0.0006394765744158343,0.0006388308941245194,0.9979854943827027,-8.298724742726892e-09,0.00018139326991061162,-0.0018772091772888684,-0.0018772091772888684,0.12045906300387743,1.0010107217688646,-8.282006915116264e-09,4.177709039386274,0.10117422590314978,0.0036904376666666654,0.0013234515713537935,0.0009824183004186974,0.0005149831037298564,0.0032930326916666636,4.177971657577495,0.09948878611447666,0.00026261819122108676,-0.0016854397886731237,-0.0016900248980844346,1.0054753974867612,8.111756135878094e-08,-0.001361752159058076,0.006882643699385092,0.006882643699385092,0.17667376467351162,0.997286957478255,8.156171225037701e-08]"
/multi_agv/m2b_algorithm_state,1789558520.3469727,1789558520.3469727,m2b_algorithm_state_v1:header6+3x20,"[1.0,-0.15,0.52,4.179842648413348,0.10125036472031101,1789558520.3468711,4.178413876213748,0.1010752742170644,0.0036904376666666654,0.0015399746567050648,0.000696747834031796,0.0005697184400866749,0.004584685874999997,4.180366523044596,0.09796364040281817,0.0019526468308486145,-0.0031116338142462285,-0.003127451260196714,1.0102854812396136,3.2216309637685817e-07,-0.0006866427216359458,0.005335647516340856,0.005335647516340856,0.1419405591549527,0.9949423845059411,3.2547669886073817e-07,4.179394344977084,0.10150165538030753,0.002796189458333334,-0.0009433359645438476,0.0016670986601523552,0.0007537940593180248,-0.0017884964166666626,4.1789712916100115,0.10201935633483494,-0.000423053367072157,0.0005177009545274114,0.0005172773824812174,0.9983668536444104,-5.4386577565358725e-09,-1.1539326358978876e-05,-0.0011356378536883027,-0.0011356378536883027,0.1204612247258066,1.0008188489590677,-5.429775632441487e-09,4.178707715080267,0.10117424248423264,0.0036904376666666654,0.0013233618015718448,0.0009824234585158907,0.0005150193324109068,0.0032930326916666636,4.178934199572693,0.09856573273261267,0.0002264844924262377,-0.0026085097516199696,-0.0026195690231031864,1.0085625846028583,1.9440563326790264e-07,-0.0023364634075703893,0.010703233028364918,0.010703233028364918,0.17668048868405067,0.9957782095506245,1.960702479500313e-07]"
/multi_agv/m2b_algorithm_state,1789558520.3570151,1789558520.3570151,m2b_algorithm_state_v1:header6+3x20,"[1.0,-0.15,0.52,4.180842239717759,0.10125036772972706,1789558520.356831,4.179417871180976,0.10107521086502914,0.0036904376666666654,0.0015404240229840217,0.0006967072095289233,0.0005695447892462317,0.004584685874999997,4.181573395692614,0.09894529623858841,0.0021555245116378074,-0.0021299146264407293,-0.0021372712489717916,1.0069632624082234,1.508939547659622e-07,0.0005571343905754677,0.0005294801942184876,0.0005294801942184876,0.1419251118278374,0.9965579368858297,1.5194466896881219e-07,4.180398357633927,0.10150169498056118,0.002796189458333334,-0.0009438246011694617,0.0016671276617374886,0.0007539907807504742,-0.0017884964166666626,4.17998353490694,0.10201935633483494,-0.00041482272698711853,0.0005176613542737657,0.0005172378471260242,0.998366978711304,-5.440641651422287e-09,-1.2905616078739577e-06,-0.0011725579662272094,-0.0011725579662272094,0.1204515247366908,1.0008187860770335,-5.431756967781348e-09,4.179711716425141,0.10117418831534274,0.0036904376666666654,0.001323658796098344,0.0009824098028296206,0.0005148977000052077,0.0032930326916666636,4.179817138024574,0.09771829472280223,0.0001054215994331642,-0.0034558935925405043,-0.003475429314461384,1.0114525152818648,3.4149089531637796e-07,-0.0033436523151699287,0.01458155893324105,0.01458155893324105,0.17665031907620862,0.9943789039703408,3.4540182501360643e-07]"
/multi_agv/m2b_algorithm_state,1789558520.3672445,1789558520.3672445,m2b_algorithm_state_v1:header6+3x20,"[1.0,-0.15,0.52,4.1818498031048295,0.10125031959786086,1789558520.367079,4.180417463346139,0.10107521887046839,0.0036904376666666654,0.0015403664551678683,0.0006967115090475309,0.0005695675061102218,0.004584685874999997,4.182756361715928,0.10099837561025538,0.0023388983697891774,-7.684326021301091e-05,-7.685268874196457e-05,1.0002454675888346,1.9612571857900812e-10,0.002846770273494507,-0.008528337803692198,-0.008528337803692198,0.14192530552384358,0.999877316862845,1.9617386108625618e-10,4.1813979479563255,0.10150168938115504,0.002796189458333334,-0.0009437614845057007,0.0016671247156994085,0.0007539649542839394,-0.0017884964166666626,4.181324357234998,0.10343309275078577,-7.359072132739897e-05,0.001931403369630727,0.0019255708870613555,0.9940047152342882,-7.565381232222837e-08,0.0018335824854021068,-0.008371007159113805,-0.008371007159113805,0.12045164636416342,1.0030289627915348,-7.52002461737449e-08,4.180711307850813,0.10117419493755776,0.0036904376666666654,0.0013236217310796843,0.0009824110461981398,0.0005149131194867617,0.0032930326916666636,4.1808942652169705,0.09878653323590342,0.00018295736615758784,-0.002387661701654345,-0.0023969122122957957,1.0078182172105028,1.6288914540267718e-07,-0.002168215504598811,0.010020382894739836,0.010020382894739836,0.17665069733125086,0.9961406552171594,1.6416264812266848e-07]"
/multi_agv/m2b_algorithm_state,1789558520.3770416,1789558520.3770416,m2b_algorithm_state_v1:header6+3x20,"[1.0,-0.15,0.52,4.182836972242369,0.10125040193463859,1789558520.376877,4.181425011382545,0.1010751047931155,0.0036904376666666654,0.0015411724953021356,0.0006966335729090996,0.0005692586595412773,0.004584685874999997,4.183814913543638,0.10038202430486401,0.00238990216109336,-0.0006930804882514935,-0.0006938510731646548,1.0022294652993509,1.596996867645608e-08,0.0022935266282020457,-0.006269525404306566,-0.006269525404306566,0.14189724392617156,0.9988894087752194,1.600557316745196e-08,4.182405530147478,0.10150175780404228,0.002796189458333334,-0.0009446358518981502,0.00166718112794495,0.0007543146185442356,-0.0017884964166666626,4.182351528730692,0.10343309275078577,-5.400141678624237e-05,0.001931334946743496,0.0019255028798333589,0.9940049285550459,-7.571851839247384e-08,0.001858001108850556,-0.008459117193412066,-0.008459117193412066,0.1204340238347171,1.0030288539016061,-7.526458046500489e-08,4.1817188677844666,0.10117409619642481,0.0036904376666666654,0.0013241598776908242,0.0009823837683723196,0.0005146940427061086,0.0032930326916666636,4.181967082214402,0.09977142979280647,0.0002482144299351674,-0.001402666403618344,-0.0014058352933210003,1.0045422707723668,5.620140788985469e-08,-0.001095567255902041,0.005822160312913539,0.005822160312913539,0.17659590014300805,0.9977459025835306,5.645668990227864e-08]"
/multi_agv/m2b_algorithm_state,1789558520.3872242,1789558520.3872242,m2b_algorithm_state_v1:header6+3x20,"[1.0,-0.15,0.52,4.18384341100418,0.10125035992031772,1789558520.3870914,4.182412206098608,0.10107530549234717,0.0036904376666666654,0.0015397483717090187,0.0006967629638854329,0.0005698086554350054,0.004584685874999997,4.184712637964171,0.09863185382603819,0.0023004318655628353,-0.0024434516663089795,-0.0024531564403013177,1.0080164856373999,1.9854272455430446e-07,0.0004223833916522264,0.0011441485381841815,0.0011441485381841815,0.1419414702602955,0.9960439644888094,2.0013433945410429e-07,4.18339266843125,0.10150163236941084,0.002796189458333334,-0.0009430867975476456,0.0016670885666414392,0.0007536913043167531,-0.0017884964166666626,4.183069120437174,0.10334755089160809,-0.0003235479940766339,0.0018459185221972457,0.0018405874430326063,0.9942644555703117,-6.906003679798211e-08,0.001436152450436814,-0.00690957144405005,-0.00690957144405005,0.12046179682135272,1.0028964009207058,-6.866393988861137e-08,4.1827060421972515,0.10117426794215777,0.0036904376666666654,0.0013232179066842691,0.0009824273230725662,0.0005150796949979475,0.0032930326916666636,4.182924646620221,0.098706289159051,0.00021860442296972593,-0.0024679787831067695,-0.0024778680717236685,1.0080884998633444,1.7398812326703516e-07,-0.002204612543011511,0.01018131976536676,0.01018131976536676,0.1766822682175277,0.9960089527244201,1.7539542617830411e-07]"
/multi_agv/m2b_algorithm_state,1789558520.3970666,1789558520.3970666,m2b_algorithm_state_v1:header6+3x20,"[1.0,-0.15,0.52,4.184842114781053,0.10125036868857727,1789558520.39697,4.183418631944573,0.10107520268894526,0.0036904376666666654,0.0015404778594733108,0.0006966975211364352,0.0005695264927426249,0.004584685874999997,4.1852965466818555,0.09791489039565268,0.0018779147372827154,-0.003160312293292583,-0.0031766344907695455,1.0104520973309432,3.3244089316810686e-07,-0.0008292410691661512,0.005857557090962683,0.005857557090962683,0.14191738839093657,0.994861795549853,3.359155977402856e-07,4.184399122730643,0.10150169689348877,0.002796189458333334,-0.0009438800824575497,0.001667135179389767,0.000754010919513104,-0.0017884964166666626,4.184097771992457,0.10334755089160809,-0.0003013507381863789,0.0018458539981193178,0.0018405232937265816,0.9942646568930608,-6.911327817684429e-08,0.001463834870993608,-0.007009238128105832,-0.007009238128105832,0.1204466746623837,1.0028962982489305,-6.871688981325476e-08,4.183712478337324,0.10117418017851917,0.0036904376666666654,0.0013236993934391803,0.000982405400086029,0.0005148823927269897,0.0032930326916666636,4.1834984346505655,0.0977181912042128,-0.00021404368675881358,-0.0034559889743063787,-0.0034755257907274277,1.0114528448410454,3.4152025352442025e-07,-0.0037430803991759447,0.015981775103284204,0.015981775103284204,0.1766352360323779,0.9943787450885352,3.4543163199810993e-07]"
/multi_agv/m2b_algorithm_state,1789558520.4071393,1789558520.4071393,m2b_algorithm_state_v1:header6+3x20,"[1.0,-0.15,0.52,4.185844747150704,0.1012503521635227,1789558520.407028,4.184417338408005,0.1010752246235422,0.0036904376666666654,0.0015403214831504583,0.0006967110083659015,0.0005695872600161244,0.004584685874999997,4.186360958399922,0.09867942940514059,0.001943619991917167,-0.0023957952184016085,-0.0024051217917501386,1.007855936102637,1.9093874075187665e-07,2.4403198146320196e-05,0.002523953890441291,0.002523953890441291,0.14192072805792366,0.9961222032994249,1.9243874329874136e-07,4.185397823313795,0.10150168266075155,0.002796189458333334,-0.0009437093957550455,0.0016671255982263489,0.0007539419165228101,-0.0017884964166666626,4.185201513551883,0.10368707415543947,-0.00019630976191198357,0.0021853914946879244,0.002177938563740236,0.9932360145491946,-9.6836189647483e-08,0.0019325513613502564,-0.008846340572754298,-0.008846340572754298,0.12044877188908791,1.0034220115625712,-9.6181191069596e-08,4.184711182621359,0.10117419878143809,0.0036904376666666654,0.0013235966715169061,0.000982409752073865,0.0005149246549380087,0.0032930326916666636,4.184553491901781,0.09845808198091988,-0.00015769071957816294,-0.002716116800518212,-0.0027281170506255076,1.0089265971965389,2.108280454649602e-07,-0.0029252304500982113,0.0128173110223019,0.0128173110223019,0.1766417579503249,0.995601270075804,2.1271002250455948e-07]"
/multi_agv/m2b_algorithm_state,1789558520.4169855,1789558520.4169855,m2b_algorithm_state_v1:header6+3x20,"[1.0,-0.15,0.52,4.186838519230559,0.1012503922807505,1789558520.4168239,4.185419965542147,0.10107518550582584,0.0036904376666666654,0.0015405976529666763,0.0006966843471134963,0.0005694814196757907,0.004584685874999997,4.187463720320178,0.09925083458799427,0.0020437547780307597,-0.0018243509178315631,-0.0018297357493741086,1.0059438270327932,1.1069422072278214e-07,0.0007249577231643409,-0.00020010246811224337,-0.00020010246811224337,0.14191014271871,0.9970570441418181,1.1135216802428818e-07,4.186400462098797,0.1015017060442135,0.002796189458333334,-0.0009440086969208523,0.001667144844277324,0.0007540616420723678,-0.0017884964166666626,4.186416020778944,0.10332039095893492,1.5558680146909865e-05,0.0018186849147214107,0.0018135089121947582,0.9943473187608584,-6.710417960431412e-08,0.0018329572623783956,-0.008315200672340206,-0.008315200672340206,0.12044212445602145,1.0028541368017807,-6.672486106719683e-08,4.18571381381117,0.1011741649405288,0.0036904376666666654,0.0013237809311911542,0.0009824003897948687,0.0005148496554213929,0.0032930326916666636,4.185597248252857,0.09923665298978984,-0.0001165655583132974,-0.0019375119507389627,-0.001943582627567907,1.0063121921386062,1.0724040730400025e-07,-0.002089289575459529,0.009555351501755075,0.009555351501755075,0.1766210867700543,0.9968765532564259,1.0791732935992549e-07]"
/multi_agv/m2b_algorithm_state,1789558520.4269564,1789558520.4269564,m2b_algorithm_state_v1:header6+3x20,"[1.0,-0.15,0.52,4.1878384905888275,0.10125039195272972,1789558520.426834,4.186413750203768,0.10107528268136058,0.0036904376666666654,0.0015399085705393302,0.0006967479682778326,0.0005697470158331552,0.004584685874999997,4.188626023418351,0.09845739118603533,0.0022122732145826163,-0.0026178914953252502,-0.002629046019108413,1.0086056306160258,2.279526015018386e-07,0.00013629549911985724,0.0022284183662445284,0.0022284183662445284,0.14193096405604802,0.9957571972106651,2.2991427738832557e-07,4.187394218943912,0.10150164581631871,0.002796189458333334,-0.0009432593657224425,0.0016670991400600244,0.0007537606067046371,-0.0017884964166666626,4.187460438162633,0.10347800264771566,6.621921872085323e-05,0.00197635683139695,0.0019702517703948843,0.9938683278585413,-7.91717254361398e-08,0.002053025793795951,-0.009176354699833524,-0.009176354699833524,0.1204551996597474,1.0030986197265752,-7.868627037289181e-08,4.186707588543996,0.1011742483445722,0.0036904376666666654,0.001323323996559254,0.000982421990806115,0.0005150364827947091,0.0032930326916666636,4.186755814949867,0.09934428639831228,4.822640587143212e-05,-0.0018299619462599226,-0.0018353729784105083,1.005954584018366,9.562524830052898e-08,-0.001775089971071218,0.008401943197246908,0.008401943197246908,0.17666174845191643,0.9970518078808854,9.619465687581158e-08]"
/multi_agv/m2b_algorithm_state,1789558520.4369256,1789558520.4369256,m2b_algorithm_state_v1:header6+3x20,"[1.0,-0.15,0.52,4.188838410668943,0.10125039197530102,1789558520.436797,4.1874137217814695,0.1010752799760288,0.0036904376666666654,0.0015399293858992017,0.0006967491050430038,0.0005697374019650617,0.004584685874999997,4.189499618961761,0.09756387630569689,0.002085897180291063,-0.0035114036703319113,-0.003531607085400482,1.011658998340011,4.103538553492435e-07,-0.000924235610036653,0.006340482819282605,0.006340482819282605,0.1419298103859441,0.9942792574088747,4.1513817026757747e-07,4.188394189859484,0.10150164912593633,0.002796189458333334,-0.0009432829479443889,0.001667097811970386,0.0007537715196197919,-0.0017884964166666626,4.188491356907441,0.10347800264771566,9.716704795703635e-05,0.001976353521779328,0.0019702484813468226,0.9938683381726483,-7.917343862091187e-08,0.002091707291293118,-0.00931463967290111,-0.00931463967290111,0.12045447521153692,1.0030986144591938,-7.868797386957986e-08,4.187707560125529,0.10117424675622406,0.0036904376666666654,0.0013233344381446337,0.0009824229728284898,0.0005150314459895825,0.0032930326916666636,4.187751926185506,0.0994206731986031,4.436605997693022e-05,-0.0017535735576209716,-0.001758539412654109,1.0057011133123044,8.780468800097212e-08,-0.0017030818376829462,0.008115723178864567,0.008115723178864567,0.17665949527604555,0.9971761480024819,8.83052724766172e-08]"
/multi_agv/m2b_algorithm_state,1789558520.4470425,1789558520.4470425,m2b_algorithm_state_v1:header6+3x20,"[1.0,-0.15,0.52,4.189841876412196,0.10125036939201774,1789558520.4469147,4.188413642154377,0.10107527824759463,0.0036904376666666654,0.0015399432256022198,0.0006967506433378282,0.0005697306028986989,0.004584685874999997,4.190478527054991,0.09750539714527953,0.0020648849006139613,-0.003569881102315098,-0.0035907722088707543,1.011860921947524,4.2415493789141013e-07,-0.0010096660831033027,0.006664790330912629,0.006664790330912629,0.14192883850964474,0.9941820017142702,4.2918580650339705e-07,4.189394109418964,0.10150165173859763,0.002796189458333334,-0.0009432989995312941,0.0016670962500615616,0.0007537792898898305,-0.0017884964166666626,4.189500914079358,0.10284642485015633,0.00010680466039403314,0.0013447731115587003,0.0013419329586032438,0.9957975812987595,-3.6673865191370426e-08,0.0014754387840957852,-0.006813384792436191,-0.006813384792436191,0.12045386492901566,1.0021164641178593,-3.651974625444344e-08,4.1887074804334885,0.10117424593971079,0.0036904376666666654,0.0013233405806519628,0.0009824240645243789,0.0005150282156181052,0.0032930326916666636,4.188797514564215,0.09997054728825586,9.003413072683486e-05,-0.0012036986514549347,-0.001206028788258316,1.0038892018740846,4.135674169827403e-08,-0.0010934861248497725,0.005728018361512679,0.005728018361512679,0.1766575972144266,0.9980679260511298,4.1517586415592985e-08]"
/multi_agv/m2b_algorithm_state,1789558520.457151,1789558520.457151,m2b_algorithm_state_v1:header6+3x20,"[1.0,-0.15,0.52,4.190837182834171,0.10125039934552325,1789558520.4570262,4.1894171009730385,0.10107522278676467,0.0036904376666666654,0.0015403370116701437,0.0006967155964455072,0.000569578142587587,0.004584685874999997,4.191384335090834,0.09776594646874318,0.0019672341177958685,-0.003309276318021498,-0.0033271935328729667,1.0109630417425006,3.6452069758790616e-07,-0.000868150885628131,0.00605781315034961,0.00605781315034961,0.14191529801011463,0.9946149165431932,3.6851695321156784e-07,4.1903975834703004,0.10150168674461328,0.002796189458333334,-0.0009437274827345781,0.0016671211743153336,0.0007539520577866249,-0.0017884964166666626,4.190520560789626,0.10284642485015633,0.0001229773193252015,0.0013447381055430446,0.0013418981010508224,0.9957976910228284,-3.66886087933703e-08,0.0014956197502073243,-0.00688577580587682,-0.00688577580587682,0.12044536193265595,1.0021164084590315,-3.6534431923277986e-08,4.189710944793247,0.10117419864467526,0.0036904376666666654,0.001323600287018827,0.0009824124096670774,0.000514921705429374,0.0032930326916666636,4.1898482556209276,0.10062186064597572,0.00013731082768053682,-0.0005523379986995397,-0.0005528262251135297,1.0017715402750487,8.705864953388063e-09,-0.00038118769051285865,0.0029222585633568946,0.0029222585633568946,0.17663115386397718,0.9991168537384605,8.721287743782125e-09]"
/multi_agv/m2b_algorithm_state,1789558520.4674659,1789558520.4674659,m2b_algorithm_state_v1:header6+3x20,"[1.0,-0.15,0.52,4.19184322506667,0.10125036000105044,1789558520.4673831,4.1904124168784564,0.10107529449319533,0.0036904376666666654,0.001539829482358512,0.0006967636712568385,0.0005697731294287713,0.004584685874999997,4.192393940067452,0.09808321816399701,0.001981523188995915,-0.0029920763291983177,-0.0030066884917090146,1.00987703710234,2.9783088617259265e-07,-0.0005297845054641208,0.004733098264356343,0.004733098264356343,0.14193068103466777,0.9951401142649163,3.0077257288554216e-07,4.191392878330057,0.10150164308409297,0.002796189458333334,-0.0009431763778386844,0.0016670864876582314,0.0007537312157091525,-0.0017884964166666626,4.191313778165628,0.10283816637220758,-7.910016442913559e-05,0.0013365232881146077,0.0013337176993240367,0.995822967964044,-3.6220786248501694e-08,0.0012348424937876172,-0.0059512636590565385,-0.0059512636590565385,0.12045502193208904,1.002103585182976,-3.606949086397419e-08,4.190706253294,0.10117426045928146,0.0036904376666666654,0.0013232625689057029,0.0009824290324198515,0.000515059446590345,0.0032930326916666636,4.190417613424302,0.10036183406381755,-0.00028863986969795974,-0.0008124263954639166,-0.0008134847515465249,1.0026134078574118,1.8833762081784603e-08,-0.0011742845886689745,0.005844507786137227,0.005844507786137227,0.1766611956800894,0.9986989847313101,1.8882982383593765e-08]"
/multi_agv/m2b_algorithm_state,1789558520.4773324,1789558520.4773324,m2b_algorithm_state_v1:header6+3x20,"[1.0,-0.15,0.52,4.1928420346742765,0.10125036812664269,1789558520.4772122,4.191418446921295,0.1010751985542437,0.0036904376666666654,0.0015405101410252637,0.000696701982497138,0.0005695101794880112,0.004584685874999997,4.193453825125348,0.09892565993455782,0.0020353782040531954,-0.0021495386196858784,-0.00215703253513691,1.007028970405411,1.5369788752945474e-07,0.000387190219929584,0.0011370346127191448,0.0011370346127191448,0.14190800820692864,0.9965258217810998,1.5477822543227345e-07,4.19239893525497,0.1015017030663412,0.002796189458333334,-0.0009439167083113466,0.00166713056490142,0.0007540291958722661,-0.0017884964166666626,4.192336018334054,0.10283816637220758,-6.291692091586754e-05,0.0013364633058663838,0.0013336579699117187,0.9958231559886698,-3.62459551962265e-08,0.0012550118187668843,-0.006023911326773352,-0.006023911326773352,0.1204407839942856,1.0021034898136971,-3.60945614953302e-08,4.191712293023744,0.10117417838256643,0.0036904376666666654,0.0013237126791423655,0.0009824082961093607,0.0005148751275515884,0.0032930326916666636,4.1913912006173915,0.10008355206805654,-0.00032109240635236347,-0.0010906263145098877,-0.001092537609911088,1.0035193678253564,3.395873665635414e-08,-0.0014939031178515423,0.007095413015984896,0.007095413015984896,0.17661691872553403,0.998250590749589,3.407824994153226e-08]"
/multi_agv/m2b_algorithm_state,1789558520.4879231,1789558520.4879231,m2b_algorithm_state_v1:header6+3x20,"[1.0,-0.15,0.52,4.193839739373185,0.10125038298449729,1789558520.4877856,4.192417258930668,0.10107521920182588,0.0036904376666666654,0.001540362819021198,0.0006967141016520626,0.0005695677336907843,0.004584685874999997,4.194473328881254,0.09920347992719951,0.00205606995058627,-0.0018717392746263745,-0.0018774095064632637,1.0061014713427057,1.1650548233246174e-07,0.0006926779317695739,-6.500960346589812e-05,-6.500960346589812e-05,0.14191097234144012,0.9969797575769334,1.1721633719418135e-07,4.1933977420366215,0.10150168944469967,0.002796189458333334,-0.0009437560228379334,0.0016671220870350112,0.000753963954170947,-0.0017884964166666626,4.1933420647013175,0.10209796115181848,-5.5677335303983e-05,0.0005962717071188034,0.0005957101436914011,0.998120676229702,-7.217573364759771e-09,0.0005261134745614223,-0.0030841932611946816,-0.0030841932611946816,0.1204426454603498,1.0009426789745808,-7.204009207571508e-09,4.19271110305554,0.10117419573340251,0.0036904376666666654,0.0013236166905815873,0.000982412129860855,0.0005149147406757768,0.0032930326916666636,4.192518518605707,0.10121981527970719,-0.00019258444983361045,4.561954630467879e-05,4.561623078629299e-05,0.9998546698952154,5.93646802647632e-11,-0.00019511433150572007,0.0019958527535462417,0.0019958527535462417,0.1766227068322993,1.0000726828659152,5.935605278955982e-11]"
/multi_agv/m2b_algorithm_state,1789558520.497222,1789558520.497222,m2b_algorithm_state_v1:header6+3x20,"[1.0,-0.15,0.52,4.194845646931173,0.10125034503144127,1789558520.4970896,4.193414968288828,0.10107525510145952,0.0036904376666666654,0.0015401083846993666,0.0006967377045420159,0.0005696657433940319,0.004584685874999997,4.195460040534133,0.09866879529441865,0.002045072245304702,-0.0024064598070408783,-0.0024158703483770027,1.007891848029411,1.9261707561724762e-07,0.00014046995825387496,0.0021200140199173108,0.0021200140199173108,0.1419178529489399,0.9961046993509208,1.941371803058885e-07,4.1943954410821584,0.10150166729533394,0.002796189458333334,-0.000943479544629428,0.001667105126919921,0.0007538529325099991,-0.0017884964166666626,4.194358126662438,0.10209796115181848,-3.7314419720324565e-05,0.0005962938564845338,0.0005957322512614479,0.9981206063271149,-7.2159956229338846e-09,0.0005490892266110422,-0.0031656617946904907,-0.0031656617946904907,0.12044696639108014,1.000942714150353,-7.202433926416576e-09,4.1937088087485686,0.10117422655669836,0.0036904376666666654,0.0013234479504595775,0.0009824201957149723,0.0005149836874094177,0.0032930326916666636,4.193543084777013,0.10153387534313382,-0.00016572397155556473,0.0003596487864354625,0.0003594432090596292,0.9988583430431069,3.6883452909430755e-09,0.00015228824461517327,0.0006201063903413593,0.0006201063903413593,0.17663614323555157,1.0005719328412717,3.6841344658822466e-09]"
/multi_agv/m2b_algorithm_state,1789558520.5070941,1789558520.5070941,m2b_algorithm_state_v1:header6+3x20,"[1.0,-0.15,0.52,4.195843019293875,0.10125036272419602,1789558520.5069528,4.194420863898906,0.10107516392497817,0.0036904376666666654,0.0015407539117602317,0.0006966771448173143,0.0005694174342706553,0.004584685874999997,4.196403189520653,0.09817948477398873,0.0019823256217463836,-0.0028956791509894414,-0.002909355059614267,1.0095485138793707,2.7909954677668273e-07,-0.00043144803243128733,0.0043467526873099075,0.0043467526873099075,0.14189566150341548,0.9952993332389487,2.81764532672806e-07,4.195401363166329,0.10150172310095855,0.002796189458333334,-0.0009441807404540863,0.0016671487054695788,0.0007541342085518321,-0.0017884964166666626,4.19532679279714,0.10194833258612011,-7.457036918978588e-05,0.0004466094851615643,0.0004462940871665183,0.9985899804598418,-4.05135418667066e-09,0.000353081125679286,-0.002400842500028988,-0.002400842500028988,0.12043303002814462,1.000706704399891,-4.045641698103353e-09,4.194714713728283,0.1011741480683871,0.0036904376666666654,0.0013238770112380563,0.000982399393782086,0.0005148085266072871,0.0032930326916666636,4.194463193005837,0.10062030477476772,-0.0002515207224460525,-0.0005538432936193771,-0.0005543341907155509,1.0017763997459188,8.75522328121689e-09,-0.0008687350937731165,0.00465058229228836,0.00465058229228836,0.17659281043399375,0.9991144383579512,8.770776057629107e-09]"
/multi_agv/m2b_algorithm_state,1789558520.517135,1789558520.517135,m2b_algorithm_state_v1:header6+3x20,"[1.0,-0.15,0.52,4.196843125409597,0.10125036250381558,1789558520.517023,4.195418241546951,0.1010752085848923,0.0036904376666666654,0.0015404355011223525,0.0006967037827317667,0.0005695415963728493,0.004584685874999997,4.197408805239167,0.09864375455551094,0.00199056369221573,-0.002431454029381358,-0.002441062879545316,1.0079760591302418,1.9668404833478017e-07,4.714173572434657e-05,0.0024598535198965977,0.0024598535198965977,0.1419037183637844,0.9960636613483107,1.982528119342737e-07,4.196398729289139,0.10150169385584491,0.002796189458333334,-0.0009438334210736202,0.0016671299857895505,0.0007539933949466809,-0.0017884964166666626,4.1963464840975995,0.10194833258612011,-5.2245191539235236e-05,0.0004466387302752006,0.00044632329091730337,0.9985898880368582,-4.050394750700068e-09,0.0003810168014932593,-0.002499836015341795,-0.002499836015341795,0.12043808992908231,1.0007067508335696,-4.0446832406066585e-09,4.195712087045536,0.10117418573185084,0.0036904376666666654,0.0013236689030654914,0.0009824078798076124,0.0005148943192758099,0.0032930326916666636,4.195395424664913,0.09977325879111683,-0.00031666238062300067,-0.0014009269407340152,-0.0014040879304939007,1.0045365433866513,5.6041226510275615e-08,-0.0017999159062726516,0.008308801156381895,0.008308801156381895,0.1766085420586045,0.9977487237862849,5.629545996578063e-08]"
/multi_agv/m2b_algorithm_state,1789558520.5269442,1789558520.5269442,m2b_algorithm_state_v1:header6+3x20,"[1.0,-0.15,0.52,4.197840132598022,0.10125038192658785,1789558520.5269017,4.1964183475022425,0.10107520891050889,0.0036904376666666654,0.0015404322245425924,0.0006967028673779292,0.0005695434927479952,0.004584685874999997,4.198433022721654,0.09951955042361586,0.002014675219411899,-0.0015556584868930273,-0.0015595660408127055,1.005053099033207,8.046588004229469e-08,0.0009587779834521681,-0.0011477586705881263,-0.0011477586705881263,0.14190208757352124,0.9974944607554791,8.087248210294255e-08,4.197398835672491,0.10150169287963319,0.002796189458333334,-0.000943829153490958,0.0016671307886824138,0.0007539911274528632,-0.0017884964166666626,4.197194039234719,0.10232348581919198,-0.00020479643777182588,0.0008217929395587936,0.0008207280800818282,0.9974165270209393,-1.3708542877674374e-08,0.0005647325328670458,-0.0033251610745040705,-0.0033251610745040705,0.12043706576935014,1.001297457102795,-1.3673127227567607e-08,4.196712193054057,0.10117418572130463,0.0036904376666666654,0.0013236680155390775,0.0009824072930975985,0.0005148950091560301,0.0032930326916666636,4.1964271604524646,0.10123862469751468,-0.0002850326015924054,6.443897621005723e-05,6.443236189227146e-05,0.9997947606493216,1.184498674666596e-10,-0.00029185839009823527,0.00233099835512053,0.00233099835512053,0.17660535776191688,1.0001026552122492,1.184255568927728e-10]"
/multi_agv/m2b_algorithm_state,1789558520.537013,1789558520.537013,m2b_algorithm_state_v1:header6+3x20,"[1.0,-0.15,0.52,4.19884106589102,0.101250375820093,1789558520.5369282,4.197415360786449,0.10107525597941601,0.0036904376666666654,0.0015400984029754973,0.0006967336768152414,0.000569672165048923,0.004584685874999997,4.199499660708787,0.09977788036117911,0.002084299922337607,-0.0012973756182368956,-0.0013000880731525982,1.004201889633523,5.5942861434369817e-08,0.0013052868297694104,-0.0024907909989098447,-0.0024907909989098447,0.14191143944559773,0.9979136375667803,5.6177927163900506e-08,4.198395835479913,0.10150166368518934,0.002796189458333334,-0.0009434661033168217,0.0016671086456723216,0.0007538452758044795,-0.0017884964166666626,4.198102279960991,0.10106888172468427,-0.00029355551892251697,-0.00043278196050507145,-0.0004330801103948533,1.001380086142803,-3.80383346905466e-09,-0.0008000245090479995,0.0020867540148977208,0.0020867540148977208,0.12044293880137442,0.9993115594952859,-3.809083086914833e-09,4.197709201527705,0.1011742261151582,0.0036904376666666654,0.0013234466741385647,0.0009824177487485208,0.0005149855134154238,0.0032930326916666636,4.197465397519629,0.10158781569866689,-0.0002438040080763315,0.0004135895835086917,0.0004133178269003272,0.9986879190221846,4.877491217342191e-09,0.0001085628168049128,0.0007511204483862801,0.0007511204483862801,0.17662361896903647,1.0006575003318936,4.871091553896455e-09]"
/multi_agv/m2b_algorithm_state,1789558520.547079,1789558520.547079,m2b_algorithm_state_v1:header6+3x20,"[1.0,-0.15,0.52,4.199843587283701,0.10125035978354142,1789558520.547,4.198416292299476,0.10107524052440557,0.0036904376666666654,0.0015402084640016183,0.000696724643770707,0.0005696291566943151,0.004584685874999997,4.200458208781907,0.09877451005651237,0.0020419164824305724,-0.0023007304678931972,-0.0023093254218372683,1.0075361585288656,1.7606259348105268e-07,0.00024307018120094722,0.0017118905542679048,0.0017118905542679048,0.14190687686565864,0.9962781538440635,1.7738942909652911e-07,4.199396770863672,0.10150167381471283,0.002796189458333334,-0.0009435859991203232,0.0016671149179590117,0.0007538939838595132,-0.0017884964166666626,4.199090871408633,0.10158156319883961,-0.00030589945503844973,7.988938412678559e-05,7.987926394121082e-05,0.9997467217167746,-1.2958696125661664e-10,-0.00030249505485685133,9.461496540851618e-05,9.461496540851618e-05,0.12044007349310142,1.0001266935256468,-1.2955413969354116e-10,4.198710134509908,0.10117421312116057,0.0036904376666666654,0.001323518398977663,0.000982414885966022,0.0005149559126061023,0.0032930326916666636,4.198434406486285,0.10109651157421527,-0.00027572802362296756,-7.770154694529408e-05,-7.771117444568064e-05,1.0002478799323749,1.722228944275335e-10,-0.00042237120397439006,0.0028574795972894328,0.0028574795972894328,0.17661470952217356,0.9998761117631378,1.722655850269576e-10]"
/multi_agv/m2b_algorithm_state,1789558520.5572176,1789558520.5572176,m2b_algorithm_state_v1:header6+3x20,"[1.0,-0.15,0.52,4.200861320918335,0.1012502456084905,1789558520.5571187,4.199418808667109,0.10107520200540003,0.0036904376666666654,0.001540481072917608,0.000696699124679334,0.0005695242657669766,0.004584685874999997,4.201701787252228,0.09777460988210215,0.0022829785851188333,-0.003300592123297877,-0.0033184142674457556,1.010933212178091,3.626419944466358e-07,-0.000464691036047214,0.004639159030135129,0.004639159030135129,0.14189668686928328,0.9946293190929422,3.66606836316607e-07,4.20039929836433,0.10150169736586843,0.002796189458333334,-0.0009438819733985429,0.001667133241885388,0.0007540127469810032,-0.0017884964166666626,4.200106654026613,0.10158156319883961,-0.00029264433771647447,7.986583297117655e-05,7.985571875295124e-05,0.9997467963956066,-1.2955118052848566e-10,-0.00028594970339264184,3.557695468940419e-05,3.557695468940419e-05,0.12043367398148842,1.0001266561541646,-1.2951837770262243e-10,4.199712654819665,0.10117417997935584,0.0036904376666666654,0.0013236994953503248,0.0009824061101059824,0.0005148819792333342,0.0032930326916666636,4.199402947087907,0.10062018166106626,-0.000309707731758202,-0.0005539983182895752,-0.0005544894905987857,1.0017768993250462,8.758950293522713e-09,-0.0009416241552965382,0.004908718217982296,0.004908718217982296,0.17659481244314096,0.999114190047714,8.774514066387387e-09]"
/multi_agv/m2b_algorithm_state,1789558520.5670564,1789558520.5670564,m2b_algorithm_state_v1:header6+3x20,"[1.0,-0.15,0.52,4.201840330638124,0.1012503803312708,1789558520.566917,4.2004365058745075,0.10107493125954653,0.0036904376666666654,0.0015423944350121512,0.0006965141981652315,0.0005687910919902754,0.004584685874999997,4.202714691585178,0.09809850243744683,0.0022781857106703995,-0.002976428822099697,-0.002990886921439633,1.0098237076056515,2.952123768174249e-07,-0.0001431547831016334,0.0033711698040134732,0.0033711698040134732,0.14194488643480874,0.9951659491917613,2.981124568888487e-07,4.201417076614464,0.10150185991,0.002796189458333334,-0.0009459577561161648,0.0016672670883863816,0.0007548429045284855,-0.0017884964166666626,4.201539505324392,0.10318694182762941,0.00012242870992729138,0.001685081917629408,0.001680633949251965,0.9947545721494441,-5.773175340179334e-08,0.0018336698366610792,-0.008255941497286291,-0.008255941497286291,0.12046403219297758,1.0026466015276096,-5.7428925654638145e-08,4.200730380266035,0.101173945655925,0.0036904376666666654,0.0013249768715703557,0.0009823414126585387,0.0005143619393790074,0.0032930326916666636,4.200954640604214,0.10188508042394018,0.0002242603381796826,0.0007111347680151814,0.0007103331478045078,0.9977515852360133,1.4433487932670009e-08,0.000990658570529111,-0.002521428792615495,-0.002521428792615495,0.17668923297096478,1.0011285130268117,1.4401035465306368e-08]"
/multi_agv/m2b_algorithm_state,1789558520.577017,1789558520.577017,m2b_algorithm_state_v1:header6+3x20,"[1.0,-0.15,0.52,4.202840511608093,0.10125037898304501,1789558520.5768933,4.201415557006249,0.10107526281326742,0.0036904376666666654,0.001540038758147057,0.0006967234334506849,0.0005697033466019322,0.004584685874999997,4.203879820886702,0.09948455698014387,0.002464263880453288,-0.001590705833123554,-0.0015947925122009705,1.0051689768185377,8.411281708967389e-08,0.0014855373383656394,-0.0029914173552547446,-0.0029914173552547446,0.1419057182526035,0.9974374854119571,8.454759429135231e-08,4.2023960366719315,0.10150164993055437,0.002796189458333334,-0.0009433932963182896,0.001667118101424947,0.0007538087978507108,-0.0017884964166666626,4.202565498452705,0.10318694182762941,0.00016946178077326124,0.0016852918970750447,0.0016808428144472792,0.994753916027337,-5.7589640737892606e-08,0.0018926700404138558,-0.008464158391696583,-0.008464158391696583,0.12043934588848716,1.0026469355668028,-5.7287520646626126e-08,4.201709398236189,0.1011742282499906,0.0036904376666666654,0.0013234238244703754,0.0009824108016759595,0.0005149990313086644,0.0032930326916666636,4.201955658476965,0.10177476517496409,0.00024626024077623043,0.0006005369249734854,0.0005999647799888849,0.9980988845749,1.0281852433847921e-08,0.000907790080959173,-0.002176829784982547,-0.002176829784982547,0.17661244716957386,1.0009536309524887,1.026230544558733e-08]"
/multi_agv/m2b_algorithm_state,1789558520.5870614,1789558520.5870614,m2b_algorithm_state_v1:header6+3x20,"[1.0,-0.15,0.52,4.203840384232358,0.10125037964827095,1789558520.5869386,4.202415737866629,0.10107525818595763,0.0036904376666666654,0.0015400724164320594,0.0006967227073676695,0.0005696891348128032,0.004584685874999997,4.204922742574523,0.09937414655518631,0.0025070047078932234,-0.0017011116307713153,-0.0017057891712792842,1.0055346173402717,9.62032535766383e-08,0.001427966713587245,-0.002737001385501383,-0.002737001385501383,0.14190382215101316,0.997257843708516,9.673570177207412e-08,4.2033962176495585,0.10150165387663311,0.002796189458333334,-0.0009434299655853434,0.0016671181243976818,0.0007538246807643062,-0.0017884964166666626,4.203381763245276,0.10215252209652094,-1.4454404282382427e-05,0.0006508682198878291,0.00065019938805588,0.9979498736380431,-8.596507328644642e-09,0.000632131382702902,-0.0034861115095586536,-0.0034861115095586536,0.12043815510974024,1.001028656507889,-8.578883402349432e-09,4.20270957930809,0.10117422488654429,0.0036904376666666654,0.0013234432604841543,0.0009824109169017884,0.0005149905466342946,0.0032930326916666636,4.202891339953606,0.10217215726693796,0.00018176064551589377,0.000997932380393668,0.0009963572284081416,0.9968550970319972,2.8384192381588703e-08,0.0012235580353030088,-0.0034859582008465637,-0.0034859582008465637,0.1766087447239111,1.0015809108827796,2.8294926850723482e-08]"
/multi_agv/m2b_algorithm_state,1789558520.597345,1789558520.597345,m2b_algorithm_state_v1:header6+3x20,"[1.0,-0.15,0.52,4.204839300530984,0.1012503863737172,1789558520.5972388,4.203415610978244,0.10107525855154217,0.0036904376666666654,0.0015400706356753298,0.0006967250272277067,0.0005696887000329384,0.004584685874999997,4.2057760712649195,0.0982262440383915,0.002360460286675803,-0.0028490145131506717,-0.0028622485327142707,1.009389709608861,2.7004840865937296e-07,8.832682563048293e-05,0.0024996112571963355,0.0024996112571963355,0.1419030188240946,0.9953763555427351,2.7258408479701953e-07,4.204396089568121,0.10150165464834299,0.002796189458333334,-0.0009434281619766617,0.0016671160072867508,0.0007538250002161045,-0.0017884964166666626,4.20440007730171,0.10215252209652094,3.9877335886728815e-06,0.0006508674481779525,0.0006501986179351226,0.9979498760723158,-8.59647048357351e-09,0.0006551832849209637,-0.0035681307280106727,-0.0035681307280106727,0.12043765059803715,1.001028655282218,-8.578846653741505e-09,4.2037094521507115,0.1011742257449277,0.0036904376666666654,0.0013234395119513728,0.0009824120434702719,0.000514991585496124,0.0032930326916666636,4.204075885654582,0.10251119088308039,0.00036643350387066675,0.0013369651381526931,0.0013341451646372785,0.995802898989303,5.0933836998078276e-08,0.001792187044475612,-0.0056729043970648535,-0.0056729043970648535,0.17660717609494933,1.0021136931648522,5.072006253933496e-08]"
/multi_agv/m2b_algorithm_state,1789558520.6073632,1789558520.6073632,m2b_algorithm_state_v1:header6+3x20,"[1.0,-0.15,0.52,4.205839747175998,0.1012503831717445,1789558520.6072533,4.204414529674927,0.10107527336201338,0.0036904376666666654,0.0015399667521617047,0.0006967370670189152,0.000569727466751482,0.004584685874999997,4.206702447983795,0.09754994614300162,0.0022879183088679866,-0.003525327219011762,-0.0035456933050384064,1.0117070541832274,4.136283144054825e-07,-0.0006857954189534231,0.005510880258857974,0.005510880258857974,0.14190560462575552,0.9942561061336849,4.184706834939445e-07,4.205395002825967,0.10150164669787705,0.002796189458333334,-0.0009433156434870004,0.0016671068849518633,0.0007537809724795369,-0.0017884964166666626,4.205656016365415,0.1042462047358231,0.0002610135394478519,0.002744558037946057,0.0027328532056343094,0.9915596612052425,-1.526023005335552e-07,0.0030591201299441243,-0.013151615886682764,-0.013151615886682764,0.120439274517973,1.0042830080619098,-1.5131428541619258e-07,4.204708369092056,0.10117423906126118,0.0036904376666666654,0.001323367818810229,0.0009824165595706986,0.0005150203126021206,0.0032930326916666636,4.20526343610845,0.10351088390273563,0.0005550670163945171,0.0023366448414744584,0.0023280962003462665,0.9927478845473294,1.5545595088165618e-07,0.003021929970839413,-0.01055112033235356,-0.01055112033235356,0.17661222526197573,1.0036719449681335,1.5432856637805772e-07]"
/multi_agv/m2b_algorithm_state,1789558520.617383,1789558520.617383,m2b_algorithm_state_v1:header6+3x20,"[1.0,-0.15,0.52,4.206839375927509,0.10125038528434159,1789558520.6172757,4.205414975618143,0.10107526401721954,0.0036904376666666654,0.0015400342667863816,0.00069673344535861,0.0005697000857773359,0.004584685874999997,4.20786688646447,0.0998521969249306,0.00245191084632701,-0.0012230670922889486,-0.0012254763783485607,1.0039579032020305,4.9713433347433426e-08,0.001839412179560202,-0.004413093757969977,-0.004413093757969977,0.14190276700080034,0.9980340004081851,4.9910194304463164e-08,4.206395450171978,0.10150165382013093,0.002796189458333334,-0.0009433896207269761,0.001667108987938093,0.0007538119451592634,-0.0017884964166666626,4.206691561989828,0.1042462047358231,0.00029611181785060836,0.0027445509156921732,0.0027328461446370386,0.9915596832460496,-1.526134717874425e-07,0.003102985916950299,-0.013308886989999772,-0.013308886989999772,0.12043749246240484,1.00428299671319,-1.513253657446364e-07,4.205708815737874,0.10117423167788306,0.0036904376666666654,0.0013234096453308831,0.000982415801242675,0.0005150025769069229,0.0032930326916666636,4.206266506202325,0.10325476261226302,0.0005576904644506442,0.0020805309343799594,0.0020737403933899883,0.9935238316244649,1.2327272937053805e-07,0.0027708534739532935,-0.009527009333534597,-0.009527009333534597,0.17660668442472371,1.0032745376478251,1.2247439441902266e-07]"
/multi_agv/m2b_algorithm_state,1789558520.6273358,1789558520.6273358,m2b_algorithm_state_v1:header6+3x20,"[1.0,-0.15,0.52,4.207837592091156,0.10125039630131932,1789558520.6272268,4.206414605288474,0.10107526770700109,0.0036904376666666654,0.0015400092936269098,0.0006967380540032755,0.0005697085134344328,0.004584685874999997,4.2090115135750175,0.10098244886719161,0.0025969082865433535,-9.281883980948036e-05,-9.283259785551391e-05,1.0002965533330395,2.8608778608261104e-10,0.003153302760323678,-0.00960876724443332,-0.00960876724443332,0.14190282792387204,0.9998517972527822,2.861726263691157e-10,4.207395077676575,0.1015016527467484,0.002796189458333334,-0.0009433630816924779,0.0016671052471961545,0.0007538023872204203,-0.0017884964166666626,4.206874870363127,0.10272102344693154,-0.00052020731344804,0.001219370700183145,0.0012170333232230288,0.9961840038390775,-3.015776642570561e-08,0.0005667741814129787,-0.003514781536928451,-0.003514781536928451,0.12043753072585282,1.0019205529672157,-3.004268450480312e-08,4.2067084448174805,0.10117423539927528,0.0036904376666666654,0.0013233905459430731,0.0009824178004157252,0.0005150098158751629,0.0032930326916666636,4.207229758420263,0.10323774365156918,0.0005213136027828469,0.0020635082522938997,0.002056827513070999,0.9935755695270361,1.212635553215533e-07,0.0027084695165495577,-0.009295634483226777,-0.009295634483226777,0.1766068033851963,1.0032480794721215,1.2048450604148555e-07]"
/multi_agv/m2b_algorithm_state,1789558520.6373785,1789558520.6373785,m2b_algorithm_state_v1:header6+3x20,"[1.0,-0.15,0.52,4.20883722232388,0.10125039800908624,1789558520.6372235,4.207412825201829,0.10107529249916852,0.0036904376666666654,0.0015398352511859226,0.0006967570598607864,0.0005697740677482241,0.004584685874999997,4.209545162411221,0.10047436574769245,0.002132337209391544,-0.0006009267514760774,-0.0006015056376594272,1.0019310125826382,1.1994296232516504e-08,0.0020639158740800023,-0.005501475179743268,-0.005501475179743268,0.14190789503581666,0.9990376047253651,1.2017457369461383e-08,4.208393289123935,0.10150163903046044,0.002796189458333334,-0.0009431749246578661,0.0016670910983371812,0.0007537281874233775,-0.0017884964166666626,4.207896644703757,0.10272102344693154,-0.0004966444201777165,0.0012193844164710976,0.0012170469867325653,0.9961839607969576,-3.0152431280734796e-08,0.0005962414615104197,-0.003619654715920029,-0.003619654715920029,0.12044071290937745,1.0019205747715687,-3.003736842090047e-08,4.207706661947703,0.10117425737432899,0.0036904376666666654,0.0013232719907396834,0.000982424851417152,0.0005150575373107547,0.0032930326916666636,4.207749056610697,0.10321004329559962,4.239466299438277e-05,0.0020357859212706275,0.0020292821157965914,0.9936598725838584,1.1801904152751466e-07,0.00208227544453957,-0.007043411530670634,-0.007043411530670634,0.176616697690806,1.0032049784617962,1.172707857666993e-07]"
/multi_agv/m2b_algorithm_state,1789558520.6474116,1789558520.6474116,m2b_algorithm_state_v1:header6+3x20,"[1.0,-0.15,0.52,4.209839937087548,0.10125038002315222,1789558520.6473856,4.208412456328321,0.10107529425252412,0.0036904376666666654,0.0015398250732356219,0.0006967616708914543,0.0005697760810622703,0.004584685874999997,4.210431513761548,0.09912893030165443,0.002019057433226834,-0.001946363950869695,-0.0019524987697899494,1.0063500556036924,1.2594286481675429e-07,0.0005713230217435931,0.0003960644184984243,0.0003960644184984243,0.14190795070949289,0.9968579652826545,1.2674260901122898e-07,4.209392918052934,0.1015016400310882,0.002796189458333334,-0.0009431653370575682,0.0016670871871617976,0.0007537260660059608,-0.0017884964166666626,4.209122076364931,0.10488814892576592,-0.0002708416880032871,0.003386508894677717,0.0033687751655545354,0.9896620817180694,-2.3218787373397168e-07,0.0030302230555504265,-0.013365337027879167,-0.013365337027879167,0.12044074787559009,1.0052641474279755,-2.2978753446925466e-07,4.208706292590386,0.10117425974364633,0.0036904376666666654,0.001323261348178428,0.0009824271807978855,0.0005150609388259956,0.0032930326916666636,4.208888404233671,0.1039649715202958,0.00018211164328540974,0.0027907117766494682,0.0027785598938382303,0.9913835444928492,2.2165036285300585e-07,0.0030061994479449925,-0.01071906687917719,-0.01071906687917719,0.1766168064260001,1.0043734464166802,2.197405223633391e-07]"
/multi_agv/m2b_algorithm_state,1789558520.6570497,1789558520.6570497,m2b_algorithm_state_v1:header6+3x20,"[1.0,-0.15,0.52,4.210837178514857,0.10125039742131649,1789558520.6568959,4.209415165705391,0.10107524909251385,0.0036904376666666654,0.001540146754143028,0.0006967344688858287,0.0005696507948429071,0.004584685874999997,4.211830826807615,0.0990139213497248,0.0024156611022245755,-0.002061327742789054,-0.002068214643073817,1.0067338343208843,1.413004513707528e-07,0.0009513617347069025,-0.0008908280561304598,-0.0008908280561304598,0.14189707533394597,0.9966701230417134,1.4225194519974962e-07,4.210395639186207,0.10150166941320807,0.002796189458333334,-0.0009435161007138393,0.0016671062959776606,0.0007538681701675376,-0.0017884964166666626,4.210089736340156,0.1038682708909969,-0.0003059028460512536,0.0023666014777888322,0.0023578733691688434,0.9926903529580521,-1.1352248796367952e-07,0.0019754948116047764,-0.00908675498665414,-0.00908675498665414,0.12043391794825652,1.0037016867547326,-1.1269267864534125e-07,4.209709006371046,0.10117422156373475,0.0036904376666666654,0.0013234720460403903,0.0009824184634865682,0.0005149741439309818,0.0032930326916666636,4.209873609747472,0.10345066197042685,0.00016460337642598688,0.0022764404066921012,0.0022683228962499455,0.9929298684250556,1.4756667880417584e-07,0.002474077116782429,-0.00856101410710175,-0.00856101410710175,0.17659557093826733,1.003578639732278,1.4652336296895276e-07]"
/multi_agv/m2b_algorithm_state,1789558520.667094,1789558520.667094,m2b_algorithm_state_v1:header6+3x20,"[1.0,-0.15,0.52,4.2118433625780956,0.10125035722382013,1789558520.6669872,4.210412412743935,0.10107528989694163,0.0036904376666666654,0.0015398588747266443,0.0006967629807130388,0.0005697607482380323,0.004584685874999997,4.21290787984747,0.10070494424398749,0.0024954671035350984,-0.00037034565295414323,-0.00037056513999665424,1.0011869659099635,4.5549472243105584e-09,0.0027487687394222187,-0.008038946966401225,-0.008038946966401225,0.14190559638109046,0.9994076964646136,4.5603537913874975e-09,4.211392873693165,0.10150164534796131,0.002796189458333334,-0.0009432042201415239,0.0016670855349252278,0.0007537437799344793,-0.0017884964166666626,4.210941900918587,0.10286466732430742,-0.0004509727745780623,0.0013630219763461071,0.0013601046214841465,0.9957414409171014,-3.7671679261279226e-08,0.0007963886532615686,-0.004399792975111285,-0.004399792975111285,0.12043926934422564,1.0021449488634024,-3.751125218939306e-08,4.21070624910747,0.10117425701904652,0.0036904376666666654,0.0013232792665994267,0.0009824286049318074,0.0005150524311493469,0.0032930326916666636,4.211099269849122,0.10305325766232751,0.0003930207416518172,0.0018790006432809897,0.0018734534437363957,0.994137664730096,1.0055289509387387e-07,0.002364729370801167,-0.00797728475100283,-0.00797728475100283,0.17661220917211026,1.0029609487031237,9.99634203104741e-08]"
/multi_agv/m2b_algorithm_state,1789558520.677011,1789558520.677011,m2b_algorithm_state_v1:header6+3x20,"[1.0,-0.15,0.52,4.212836825840279,0.10125039915810756,1789558520.6768594,4.211418584302018,0.10107519206965901,0.0036904376666666654,0.00154055287648595,0.0006966997075476653,0.000569492838746213,0.004584685874999997,4.214112251441054,0.10231810124561017,0.002693667139035405,0.0012429091759511568,0.001240466998562105,0.9960887142176768,5.126778446093522e-08,0.004607550922356362,-0.015449322267846104,-0.015449322267846104,0.14189510089907817,1.0019687564376019,5.1067261504481955e-08,4.212399072845632,0.10150170637428958,0.002796189458333334,-0.0009439591089589229,0.0016671308026108278,0.0007540474514083767,-0.0017884964166666626,4.21196556451875,0.10286466732430742,-0.0004335083268820483,0.0013629609500178386,0.0013600438574611763,0.995741632168246,-3.7698444816982085e-08,0.0008181584488586159,-0.0044781703262795885,-0.0044781703262795885,0.12043268805376553,1.0021448518300782,-3.753791097226629e-08,4.211712430586635,0.10117417322751178,0.0036904376666666654,0.0013237386932967465,0.0009824072849527804,0.0005148643773870663,0.0032930326916666636,4.212090093060323,0.10268640455754015,0.0003776624736877565,0.0015122313300283685,0.0015086283259883263,0.9952621623103256,6.516964303675587e-08,0.001980706418098022,-0.006428852932393153,-0.006428852932393153,0.17659174846335132,1.0023882648747708,6.48608798457537e-08]"
/multi_agv/m2b_algorithm_state,1789558520.6870518,1789558520.6870518,m2b_algorithm_state_v1:header6+3x20,"[1.0,-0.15,0.52,4.213842878245379,0.1012503597574198,1789558520.6869948,4.212412060664155,0.10107529343368132,0.0036904376666666654,0.0015398346654416201,0.0006967661062143187,0.0005697696162376805,0.004584685874999997,4.2151880668288415,0.10283376067042407,0.0027760061646864287,0.00175846723674275,0.001753597894480892,0.9944987373619375,1.0253390460196496e-07,0.005223605600338928,-0.01791400191764978,-0.01791400191764978,0.14190433672064975,1.0027767724158334,1.019698386634435e-07,4.213392520224557,0.10150164382778484,0.002796189458333334,-0.0009431788202090424,0.0016670831528333707,0.0007537340090318922,-0.0017884964166666626,4.213413964483148,0.10500782916179262,2.1444258591074572e-05,0.0035061853340077748,0.0034871934121934135,0.9893114949971102,-2.488691885141231e-07,0.0035139987354322567,-0.0151627073509702,-0.0151627073509702,0.12043847826392362,1.005446191125492,-2.462091489476248e-07,4.212705896632125,0.10117426021285647,0.0036904376666666654,0.0013232626235824417,0.0009824299477685372,0.0005150589467684472,0.0032930326916666636,4.213279362469811,0.10388316139541623,0.0005734658376859159,0.0027089011825597586,0.002697444208841289,0.9916282933501314,2.0885847392437923e-07,0.003414276505948684,-0.012140951350028737,-0.012140951350028737,0.17660974949101782,1.0042473440899786,2.0710997204934508e-07]"
/multi_agv/m2b_algorithm_state,1789558520.6974885,1789558520.6974885,m2b_algorithm_state_v1:header6+3x20,"[1.0,-0.15,0.52,4.214840521137768,0.10125037528428232,1789558520.697378,4.213418100828699,0.10107519738974768,0.0036904376666666654,0.0015405161852794893,0.0006967041939702765,0.0005695064092601034,0.004584685874999997,4.216201132578465,0.10117603127973797,0.0027830317497663515,0.00010083388999028442,0.00010081767701690401,0.9996785446258599,3.3769448433664217e-10,0.0035796073642248433,-0.011217027049674175,-0.011217027049674175,0.1418958928223596,1.0001608147882408,3.375859306298347e-10,4.214398587386358,0.1015017038801201,0.002796189458333334,-0.0009439202562457035,0.0016671274229356214,0.0007540323681008848,-0.0017884964166666626,4.214460182791973,0.10500782916179262,6.159540561512244e-05,0.0035061252816725175,0.0034871340173982038,0.9893116795522244,-2.4905623723231164e-07,0.003564128274417107,-0.015343521632635887,-0.015343521632635887,0.12043318666811006,1.005446095326294,-2.463942443592555e-07,4.213711946521082,0.10117417800239163,0.0036904376666666654,0.001323713546750943,0.0009824091372771186,0.0005148743139412474,0.0032930326916666636,4.214664551374963,0.10295046936062682,0.0009526048538814891,0.0017762913582351908,0.0017713301536242331,0.9944516008923759,8.989690404552737e-08,0.0029620862209760943,-0.01006091657193842,-0.01006091657193842,0.17659329876687793,1.0028008356323674,8.9398120143343e-08]"
/multi_agv/m2b_algorithm_state,1789558520.7073984,1789558520.7073984,m2b_algorithm_state_v1:header6+3x20,"[1.0,-0.15,0.52,4.215842017876508,0.10125036583137943,1789558520.7073214,4.214415748443901,0.10107523569398073,0.0036904376666666654,0.0015402441092124534,0.0006967281204710571,0.0005696118975962502,0.004584685874999997,4.217112404701144,0.10028208520480007,0.00269665625724258,-0.0007931504891806607,-0.0007941604195095766,1.0025542473196738,2.090335074725004e-08,0.0025766599020436484,-0.0072249918175878135,-0.0072249918175878135,0.14188880473677526,0.9987283043776727,2.0956743074868403e-08,4.2153962246188295,0.10150167959228393,0.002796189458333334,-0.0009436243240140622,0.0016671104431829065,0.0007539129240047848,-0.0017884964166666626,4.215298213685381,0.10312870861992453,-9.801093344830036e-05,0.0016270290276406002,0.0016228804146958776,0.9949319068554219,-5.369199374320759e-08,0.0015003667478855022,-0.007035980894502332,-0.007035980894502332,0.12042872372848581,1.00255632695247,-5.341987771779891e-08,4.214709590350575,0.10117421056658234,0.0036904376666666654,0.0013235346191070897,0.0009824170799012325,0.0005149477406582079,0.0032930326916666636,4.215553260798591,0.10229200692355082,0.0008436704480159207,0.0011177963569684868,0.0011158218828343388,0.9964821579365302,3.56116448311407e-08,0.00217040994285424,-0.006916524225454818,-0.006916524225454818,0.17657942296613832,1.0017695244774485,3.548636868900436e-08]"
/multi_agv/m2b_algorithm_state,1789558520.717122,1789558520.717122,m2b_algorithm_state_v1:header6+3x20,"[1.0,-0.15,0.52,4.216837079674311,0.10125039744565113,1789558520.7169573,4.215417242168664,0.10107521309307017,0.0036904376666666654,0.0015404041256487596,0.0006967128748199154,0.0005695504671182432,0.004584685874999997,4.218142050169429,0.10097664194866582,0.002724808000764689,-9.857114440435522e-05,-9.858666124398327e-05,1.0003149525203845,3.2273037065663037e-10,0.0033074233397118783,-0.010152492878859318,-0.010152492878859318,0.14189535402259643,0.9998426071089915,3.228320154002733e-10,4.216397725027949,0.10150169336311864,0.002796189458333334,-0.0009437982683167655,0.0016671214543260149,0.0007539825952175977,-0.0017884964166666626,4.216326290478009,0.10312870861992453,-7.143454994018583e-05,0.0016270152568058915,0.0016228667144323247,0.9949319499080127,-5.370097925993206e-08,0.0015335735270070924,-0.007154701118091988,-0.007154701118091988,0.12043284742186154,1.002556305047527,-5.3428820007053955e-08,4.215711086432909,0.1011741910379495,0.0036904376666666654,0.0013236413522164565,0.000982411832688968,0.0005149042054014997,0.0032930326916666636,4.216519001833935,0.10169521473389165,0.0008079154010260936,0.0005210236959421466,0.0005205927695271878,0.9983491074574411,7.741105548545761e-09,0.001530487020809805,-0.004354443372915517,-0.004354443372915517,0.17659224396386625,1.0008277610450682,7.728325815124506e-09]"
/multi_agv/m2b_algorithm_state,1789558520.7270322,1789558520.7270322,m2b_algorithm_state_v1:header6+3x20,"[1.0,-0.15,0.52,4.217841812180276,0.10125036658406499,1789558520.7268589,4.216412313897177,0.10107528911089925,0.0036904376666666654,0.0015398659024452059,0.000696763238396691,0.0005697575679869586,0.004584685874999997,4.219357433815166,0.10230904344096639,0.0029451199179888476,0.0012337543300671439,0.0012313478330511821,0.996117123907177,5.04931115996734e-08,0.004912747730537242,-0.016533485894485864,-0.016533485894485864,0.1418984183959485,1.001954360052755,5.029705310379078e-08,4.217392774749655,0.10150164680843797,0.002796189458333334,-0.0009432137889345319,0.0016670852260336488,0.000753748088360498,-0.0017884964166666626,4.217106107400845,0.10434673261077843,-0.0002866673488099991,0.002845085802340455,0.0028325174441383837,0.9912606074747057,-1.6395592746224797e-07,0.002474183258125885,-0.011104274637640599,-0.011104274637640599,0.12043476144255597,1.0044371688612477,-1.625230522553067e-07,4.216706150376099,0.1011742564176162,0.0036904376666666654,0.0013232839317557413,0.0009824291489908274,0.0005150501260023084,0.0032930326916666636,4.217737429693637,0.10313836504054366,0.0010312793175373258,0.0019641086229274657,0.001958051442183612,0.9938780884229517,1.0986159285837409e-07,0.003247150589105269,-0.011172593364899118,-0.011172593364899118,0.17659819338008725,1.0030934737532222,1.0918902990118145e-07]"
/multi_agv/m2b_algorithm_state,1789558520.7370074,1789558520.7370074,m2b_algorithm_state_v1:header6+3x20,"[1.0,-0.15,0.52,4.218837043863284,0.1012503971152381,1789558520.7368982,4.217417036855307,0.10107521356782093,0.0036904376666666654,0.00154040226999659,0.0006967149756391671,0.0005695501787378459,0.004584685874999997,4.220309606908639,0.10102459139711663,0.0028925700533317666,-5.0622170704298086e-05,-5.0626261689669906e-05,1.0001616591066174,8.511510131368493e-11,0.0035650863049750386,-0.011090601835357948,-0.011090601835357948,0.14189713199414006,0.9999191924263164,8.512886094492294e-11,4.218397518738204,0.10150169431830776,0.002796189458333334,-0.0009437975331309011,0.0016671196737831906,0.0007539832027283616,-0.0017884964166666626,4.218148123785636,0.10434673261077843,-0.0002493949525677053,0.002845038292470667,0.002832470357658689,0.9912607543659179,-1.640518891927332e-07,0.0025207266669490572,-0.011271687541088486,-0.011271687541088486,0.12043396688844142,1.0044370931466222,-1.6261819943634268e-07,4.217710880947317,0.10117419186606623,0.0036904376666666654,0.0013236383165342127,0.0009824130284205703,0.0005149048992977587,0.0032930326916666636,4.218662870014471,0.10201617173991001,0.000951989067154102,0.0008419798738437817,0.0008408572437826389,0.9973418553228915,2.021113149442402e-08,0.0020308435777252666,-0.006287167213649086,-0.006287167213649086,0.17659572468554405,1.0013351018492658,2.0157407382823777e-08]"
/multi_agv/m2b_algorithm_state,1789558520.747103,1789558520.747103,m2b_algorithm_state_v1:header6+3x20,"[1.0,-0.15,0.52,4.219840465646102,0.10125037467539932,1789558520.7469578,4.218412278112197,0.10107528702099429,0.0036904376666666654,0.001539882207301065,0.0006967635522828525,0.0005697503372508376,0.004584685874999997,4.2211975008329485,0.09945804220643832,0.0027852227207514346,-0.0016172448145559681,-0.0016214698367100504,1.0052567844727114,8.693557221905527e-08,0.001860058564229243,-0.004301070924685593,-0.004301070924685593,0.14189603604925727,0.99739432577873,8.739257378522267e-08,4.2193927387829016,0.10150164930878565,0.002796189458333334,-0.0009432328198872909,0.0016670847588518,0.0007537565806426116,-0.0017884964166666626,4.2190580814081535,0.10282769029038688,-0.00033465737474802637,0.0013260409816012314,0.0013232790088805733,0.9958552324676893,-3.565726167663227e-08,0.0009049572904455403,-0.00476988579526745,-0.00476988579526745,0.12043326525338956,1.0020872187211636,-3.550947061614386e-08,4.218706114694754,0.1011742550159344,0.0036904376666666654,0.0013232930750000402,0.000982429724431899,0.0005150458634581895,0.0032930326916666636,4.219536238719803,0.10185478595550866,0.000830124025048562,0.0006805309395742642,0.0006797966635418788,0.9978476065941584,1.3201396267203578e-08,0.0017174516948525813,-0.005095211756548708,-0.005095211756548708,0.1765935417388659,1.0010801406828915,1.3172981668930147e-08]"
/multi_agv/m2b_algorithm_state,1789558520.757004,1789558520.757004,m2b_algorithm_state_v1:header6+3x20,"[1.0,-0.15,0.52,4.220841645864432,0.10125036727976738,1789558520.7568913,4.219415692999712,0.10107523164213705,0.0036904376666666654,0.0015402759055539073,0.0006967287618039103,0.0005695977816329491,0.004584685874999997,4.222275673439259,0.09920075587310181,0.0028599804395463835,-0.0018744757690352387,-0.0018801627090275495,1.0061105788979108,1.1684000848318772e-07,0.00169481284040543,-0.0035974178041600917,-0.0035974178041600917,0.14189487273502946,0.9969752936993139,1.175539685734568e-07,4.22039616881676,0.10150168454551024,0.002796189458333334,-0.0009436617016746868,0.0016671095119731305,0.0007539296103327431,-0.0017884964166666626,4.219801081523402,0.10168354662186074,-0.0005950872933579987,0.00018186207635050022,0.00018180967300468934,0.9994240994059812,-6.715388373364358e-10,-0.0005620494436928091,0.0009710088205793649,0.0009710088205793649,0.12043254439054402,1.0002882318907726,-6.71152097721107e-10,4.219709535121834,0.10117420783855069,0.0036904376666666654,0.0013235525691225954,0.0009824182619067477,0.0005149393452292999,0.0032930326916666636,4.220544178373269,0.10170836134266284,0.0008346432514354518,0.0005341535041121503,0.0005337006304249137,0.9983077577449057,8.135550970234033e-09,0.0015770046947192284,-0.004526160966826103,-0.004526160966826103,0.176591301787158,1.0008485537798149,8.12178364711373e-09]"
/multi_agv/m2b_algorithm_state,1789558520.766924,1789558520.766924,m2b_algorithm_state_v1:header6+3x20,"[1.0,-0.15,0.52,4.2218383197982154,0.10125038870313481,1789558520.7668154,4.220416870809856,0.1010752141520679,0.0036904376666666654,0.0015403996344392603,0.000696716620619142,0.0005695504655167712,0.004584685874999997,4.223373077980432,0.10031187798961369,0.0029562071705759863,-0.0007633361624542062,-0.0007642713836822845,1.002457406624341,1.9362943061759658e-08,0.0029309875795376986,-0.008493597533823779,-0.008493597533823779,0.14190030238421172,0.998776323112384,1.9410525686306363e-08,4.221397351985311,0.10150169505242976,0.002796189458333334,-0.0009437962256052673,0.0016671183626346675,0.0007539833179871502,-0.0017884964166666626,4.220778398165575,0.10258369062216555,-0.0006189538197354238,0.0010819955697357886,0.0010801532674608615,0.9966086055702971,-2.375861035708341e-08,0.00030646099279158174,-0.0025243856387676734,-0.0025243856387676734,0.12043596305412423,1.0017055933916283,-2.3678035538260917e-08,4.22071071479813,0.10117419263480447,0.0036904376666666654,0.001323635532931946,0.0009824140371673014,0.0005149055811868703,0.0032930326916666636,4.221926296520489,0.10290080571458043,0.001215581722358472,0.0017266130797759655,0.0017219237333245014,0.9946037173159619,8.493694966058443e-08,0.003241400886272591,-0.011034145953224824,-0.011034145953224824,0.17660193147022374,1.0027233183216602,8.4478605869896e-08]"
/multi_agv/m2b_algorithm_state,1789558520.7770658,1789558520.7770658,m2b_algorithm_state_v1:header6+3x20,"[1.0,-0.15,0.52,4.222840607154796,0.10125037379275213,1789558520.7769227,4.221413551414495,0.1010752659224815,0.0036904376666666654,0.001540032920060691,0.0006967504872401162,0.0005696918052972732,0.004584685874999997,4.224437025015079,0.10054636148952607,0.0030234736005843033,-0.0005289044329554321,-0.0005293526296564405,1.0016981938585776,9.292236268659069e-09,0.0032499893710739385,-0.009738077859482967,-0.009738077859482967,0.14188978511039718,0.999153311656732,9.308016287222958e-09,4.222394017830303,0.1015016631405628,0.002796189458333334,-0.0009433979741010215,0.0016670940962635328,0.0007538233122839355,-0.0017884964166666626,4.221798125289768,0.10258369062216555,-0.000595892540535381,0.001082027481602743,0.0010801850702998575,0.9966085053041118,-2.374998878502333e-08,0.0003353193946306313,-0.002626837446803032,-0.002626837446803032,0.12042934101727217,1.0017056441100172,-2.366944082403152e-08,4.221707390149848,0.10117423704636017,0.0036904376666666654,0.00132339254393532,0.0009824256151723448,0.0005150048850343955,0.0032930326916666636,4.2228284464039545,0.10160263905783457,0.0011210562541066338,0.00042840201147439916,0.0004281104734501846,0.9986411565231997,5.232846003791813e-09,0.0018294307910834769,-0.0053739702191023435,-0.0053739702191023435,0.1765813421197613,1.0006809878344367,5.22573538513446e-09]"
/multi_agv/m2b_algorithm_state,1789558520.7870526,1789558520.7870526,m2b_algorithm_state_v1:header6+3x20,"[1.0,-0.15,0.52,4.223840569194946,0.1012503741805449,1789558520.786924,4.222415834155262,0.10107522927130295,0.0036904376666666654,0.001540293391488852,0.000696727219470183,0.0005695910044513336,0.004584685874999997,4.225412208545577,0.09959624890451922,0.002996374390314749,-0.0014789803667837331,-0.0014825101684050326,1.0047998824136006,7.271875373663178e-08,0.0022629578194884037,-0.00578825219856071,-0.00578825219856071,0.14189913240791252,0.997619037159727,7.30677952038312e-08,4.223396310723999,0.10150168634817096,0.002796189458333334,-0.000943681721374736,0.001667110707608721,0.0007539376662564906,-0.0017884964166666626,4.22279190625827,0.10285540149840511,-0.0006044044657285141,0.00135371515023415,0.0013508372974356218,0.9957700714475763,-3.717804145423833e-08,0.0005953317152749792,-0.0036788282277080836,-0.0036788282277080836,0.12043522640053282,1.002130421483025,-3.702078099516786e-08,4.222709676585127,0.10117420575878247,0.0036904376666666654,0.0013235645294231873,0.0009824179102957417,0.0005149343438037276,0.0032930326916666636,4.223594830535888,0.10112937714809171,0.000885153950761719,-4.482861069075861e-05,-4.483181442823101e-05,1.000142956926166,5.732542006901228e-11,0.0010616106240239178,-0.002424383881982907,-0.002424383881982907,0.176599640930668,0.999928538750589,5.733361513485652e-11]"
/multi_agv/m2b_algorithm_state,1789558520.7969792,1789558520.7969792,m2b_algorithm_state_v1:header6+3x20,"[1.0,-0.15,0.52,4.224837081074749,0.10125039641065796,1789558520.796847,4.223415796249808,0.10107523041147368,0.0036904376666666654,0.0015402852665594145,0.0006967275653614988,0.0005695943463548151,0.004584685874999997,4.226388525087399,0.09892994360601827,0.0029727288375918093,-0.002145286805455407,-0.002152750862112693,1.0070147286837285,1.530676557718668e-07,0.0015631601848770686,-0.003007471336222109,-0.003007471336222109,0.14190025107305276,0.9965327819448829,1.541413838473608e-07,4.224396272714556,0.10150168550821302,0.002796189458333334,-0.000943673045614493,0.001667110558829954,0.0007539339830043013,-0.0017884964166666626,4.223685521781677,0.10132343969122555,-0.0007107509328792005,-0.00017824581698747122,-0.00017829629451306678,1.000566763266773,-6.452682793212541e-10,-0.0010667349606120675,0.00292101536144719,0.00292101536144719,0.12043593075035303,0.9997168896541937,-6.456339936791872e-10,4.223709638620475,0.10117420662194807,0.0036904376666666654,0.0013235597146747245,0.0009824179957055095,0.0005149363863807934,0.0032930326916666636,4.2249204509424665,0.10070668692262631,0.0012108123219913836,-0.00046751969932175286,-0.00046786926843184456,1.001498059729713,6.23681779320356e-09,0.0010456461340573849,-0.002172244514501131,-0.002172244514501131,0.176601831024902,0.9992528487471225,6.246160918781116e-09]"
/multi_agv/m2b_algorithm_state,1789558520.807056,1789558520.807056,m2b_algorithm_state_v1:header6+3x20,"[1.0,-0.15,0.52,4.225842448475665,0.10125036152968551,1789558520.806923,4.224412315137434,0.1010752835215491,0.0036904376666666654,0.0015399096558502473,0.000696763183528403,0.0005697386312654758,0.004584685874999997,4.227365005777182,0.09870785642979979,0.0029526906397476793,-0.002367427091749308,-0.002376532154360019,1.0077604358315044,1.863904030425595e-07,0.0013143311453245802,-0.0020290861791124283,-0.0020290861791124283,0.1418891603834058,0.9961687610268571,1.8783687380497954e-07,4.225392776043383,0.10150165330366101,0.002796189458333334,-0.0009432655210855232,0.0016670849059030601,0.0007537706790091969,-0.0017884964166666626,4.224590411628875,0.10135090596192388,-0.0008023644145076503,-0.00015074734173713134,-0.00015078343851573987,1.000479177693503,-4.6132298562570353e-10,-0.0011537389566503027,0.0032181295333335268,0.0032181295333335268,0.12042894765566313,0.9997606051502483,-4.6154404130991556e-10,4.224706152043428,0.10117425240676373,0.0036904376666666654,0.0013233098138737812,0.0009824303630122438,0.0005150382756708371,0.0032930326916666636,4.226110542906694,0.10185636995273058,0.0014043908632661584,0.000682117545966851,0.0006813798509571674,0.9978426272833477,1.3263176993333523e-08,0.0024368684300398653,-0.0076560216256273805,-0.0076560216256273805,0.17658011915171157,1.0010826486997633,1.3234563377151975e-08]"
/multi_agv/m2b_algorithm_state,1789558520.8170888,1789558520.8170888,m2b_algorithm_state_v1:header6+3x20,"[1.0,-0.15,0.52,4.2268369505125305,0.10125039683354942,1789558520.8168895,4.22541767165407,0.1010751986923938,0.0036904376666666654,0.0015405114657735253,0.0006967081722796915,0.0005695063856811008,0.004584685874999997,4.22843653475856,0.09940040050684444,0.003018863104490066,-0.0016747981855493588,-0.001679331242549474,1.0054473956603327,9.327501817576415e-08,0.0020942476380631085,-0.005099807364789343,-0.005099807364789343,0.1419094085340984,0.9973006772664854,9.378312410499226e-08,4.226398156588075,0.10150170617845686,0.002796189458333334,-0.000943920194187267,0.0016671243372288203,0.00075403394631407,-0.0017884964166666626,4.225997553345896,0.10229799023441864,-0.0004006032421788319,0.0007962840559617851,0.0007952840847513096,0.9974959919280331,-1.2872186443103823e-08,0.00029453003202776975,-0.0023516379978790114,-0.0023516379978790114,0.12044169640349862,1.0012573761120696,-1.2839954384346427e-08,4.22571151718485,0.10117417971820584,0.0036904376666666654,0.0013237083461254168,0.0009824118114960543,0.000514875177232419,0.0032930326916666636,4.227001501415072,0.10054145689329107,0.0012899842302216413,-0.0006327228249147776,-0.0006333638900005651,1.0020312092192865,1.1425855140077133e-08,0.0009791163977764866,-0.0018601810809425485,-0.0018601810809425485,0.17661975975818775,0.998987840803828,1.144906344237589e-08]"
/multi_agv/m2b_algorithm_state,1789558520.827001,1789558520.827001,m2b_algorithm_state_v1:header6+3x20,"[1.0,-0.15,0.52,4.227841479119051,0.10125036732783506,1789558520.826864,4.226412184682561,0.10107528412387225,0.0036904376666666654,0.0015399061241569987,0.0006967639417867484,0.0005697397677042581,0.004584685874999997,4.22980978630141,0.09952148424754173,0.0033976016188494995,-0.0015537998763305166,-0.0015576980402763354,1.0050469511113524,8.024617900661729e-08,0.002689303983285539,-0.0072582060607149215,-0.0072582060607149215,0.14189120406836073,0.997497484207448,8.065117754893653e-08,4.227392645310979,0.10150165338858608,0.002796189458333334,-0.0009432625693392687,0.0016670843953452419,0.0007537696651099685,-0.0017884964166666626,4.227045284041769,0.10193864662038968,-0.0003473612692097561,0.0004369932318036007,0.0004366912473839052,0.9986201882383061,-3.87502325019222e-09,2.4896608717101085e-06,-0.0011490292466876332,-0.0011490292466876332,0.12043023445183351,1.0006915284460236,-3.869676447534768e-09,4.226706021544052,0.10117425298818994,0.0036904376666666654,0.001323307285734058,0.0009824308208441941,0.0005150391333814718,0.0032930326916666636,4.228183350698588,0.10050127285884232,0.0014773291545360223,-0.0006729801293476195,-0.0006737055854939859,1.002161427707865,1.2922499093723014e-08,0.001172955857676042,-0.002528522005699817,-0.002528522005699817,0.1765841198549727,0.9989231851984209,1.2950430141319048e-08]"
/multi_agv/m2b_algorithm_state,1789558520.836971,1789558520.836971,m2b_algorithm_state_v1:header6+3x20,"[1.0,-0.15,0.52,4.228842349155307,0.10125036215785167,1789558520.8368566,4.2274167041139465,0.10107521208525617,0.0036904376666666654,0.0015404174930936329,0.0006967176068565447,0.000569542211558496,0.004584685874999997,4.230701911575736,0.09837068669023658,0.0032852074617890636,-0.0027045253950195997,-0.002716438176061289,1.008899073945103,2.43383742611538e-07,0.0013900711511750405,-0.0021399157966559192,-0.0021399157966559192,0.14190848387380203,0.9956145583777054,2.45549632534074e-07,4.228397184972331,0.10150169854279782,0.002796189458333334,-0.0009438190862315981,0.001667117559840392,0.0007539936448882623,-0.0017884964166666626,4.22801816835396,0.10123047419225989,-0.0003790166183712529,-0.0002712243505379325,-0.0002713413065047085,1.000863315155194,-1.4943566736391578e-09,-0.0007451120794687747,0.0018207376336376174,0.0018207376336376174,0.12044111423694198,0.9995689710192576,-1.4956467744027757e-09,4.227710548270875,0.1011741913554512,0.0036904376666666654,0.0013236454983959925,0.0009824152900997259,0.0005149006098526913,0.0032930326916666636,4.229183399064801,0.10049262381790738,0.001472850793925673,-0.0006815675375438229,-0.000682311674701967,1.0021892225289857,1.3257862207334942e-08,0.001158751817705124,-0.002473906663983247,-0.002473906663983247,0.17661794938465578,0.998909388208154,1.3286886617965429e-08]"
/multi_agv/m2b_algorithm_state,1789558520.8470836,1789558520.8470836,m2b_algorithm_state_v1:header6+3x20,"[1.0,-0.15,0.52,4.229837174403014,0.10125039540588614,1789558520.8469615,4.228417572336464,0.10107520066389543,0.0036904376666666654,0.0015404975452112924,0.0006967084547138561,0.0005695122727566697,0.004584685874999997,4.231598958538526,0.09737887328750774,0.0031813862020619865,-0.003696327376387684,-0.0037187459230895977,1.0122984370645722,4.549347254427447e-07,0.0002579868294878855,0.00227968447002291,0.00227968447002291,0.14191281660378072,0.9939714766306789,4.6052971153209076e-07,4.229398057303288,0.10150170469211427,0.002796189458333334,-0.0009439056877973435,0.0016671244439443456,0.0007540276027877824,-0.0017884964166666626,4.228965378957634,0.10096058546447766,-0.00043267834565430263,-0.0005411192276366106,-0.0005415857130985443,1.0017276803184791,-5.949820449783106e-09,-0.0010824336451664227,0.003134451399449226,0.003134451399449226,0.1204438421335799,0.9991386673417493,-5.960099837472681e-09,4.228711417826168,0.10117418111754532,0.0036904376666666654,0.0013237005862870468,0.0009824118615967773,0.0005148785147554274,0.0032930326916666636,4.230352042636638,0.10150438914610374,0.0016406248104701149,0.000330208028558418,0.00033003469192893623,0.9989514477550029,3.1098660952989416e-09,0.00238081570501658,-0.007286820804944451,-0.007286820804944451,0.1766264325763921,1.0005252073000832,3.1066052382230756e-09]"
/multi_agv/m2b_algorithm_state,1789558520.856971,1789558520.856971,m2b_algorithm_state_v1:header6+3x20,"[1.0,-0.15,0.52,4.230839994773203,0.10125037688295695,1789558520.8568423,4.22941240794094,0.10107528112120273,0.0036904376666666654,0.0015399274207489348,0.0006967609955321305,0.000569732069003767,0.004584685874999997,4.232659248478674,0.09859116545213838,0.0032468405377343856,-0.0024841156690643545,-0.002494149216508077,1.0081536218489837,2.0523537822161494e-07,0.0015644014556599052,-0.0028551818838220824,-0.0028551818838220824,0.1418957550546827,0.9959771663309825,2.0690878988566714e-07,4.230392870007276,0.10150165496599665,0.002796189458333334,-0.00094328626832808,0.0016670868127874883,0.0007537786803315516,-0.0017884964166666626,4.229972547118942,0.10096058546447766,-0.00042032288833393494,-0.0005410695015189981,-0.0005415359013879966,1.0017275217409627,-5.9448243980827805e-09,-0.0010669395118054151,0.003080150530223524,0.003080150530223524,0.12043309992426944,0.9991387461702852,-5.955094211476674e-09,4.229706245260825,0.10117425013045903,0.0036904376666666654,0.0013233228037879386,0.0009824297639381202,0.0005150329566657704,0.0032930326916666636,4.231252945057246,0.10031264774644919,0.0015466997964210805,-0.0008616023840098408,-0.0008627931838888984,1.0027731381861877,2.1184453587512122e-08,0.0010705815616374522,-0.0020789249410178194,-0.0020789249410178194,0.17659302906294794,0.9986198316105253,2.1243201004709174e-08]"
/multi_agv/m2b_algorithm_state,1789558520.867062,1789558520.867062,m2b_algorithm_state_v1:header6+3x20,"[1.0,-0.15,0.52,4.2318416886241765,0.10125036615548551,1789558520.8668222,4.230415222620774,0.10107523534106602,0.0036904376666666654,0.0015402529565499692,0.0006967323191460644,0.0005696058787406307,0.004584685874999997,4.233543779801881,0.09925332453504676,0.003128557181106828,-0.0018219108060192613,-0.0018272811402653504,1.005935710035339,1.1037340051470625e-07,0.0020834153361181844,-0.004992447949113184,-0.004992447949113184,0.14190698962730225,0.9970610246405163,1.1102854501577588e-07,4.231395697183952,0.1015016841500018,0.002796189458333334,-0.0009436409501676819,0.001667107232247389,0.0007539218011345383,-0.0017884964166666626,4.230635855969964,0.10093512339564821,-0.0007598412139886435,-0.0005665607543535872,-0.0005670722346227864,1.0018094321775648,-6.520737852562959e-09,-0.0015168737521085909,0.004684940669433313,0.004684940669433313,0.12044017344700794,0.9990980333051583,-6.532536685454851e-09,4.230709064514883,0.10117421115780303,0.0036904376666666654,0.0013235372337591397,0.0009824203358368422,0.0005149449137628161,0.0032930326916666636,4.231984509844378,0.10083336969907565,0.001275445329494751,-0.0003408414587273839,-0.0003410270777582811,1.0010905831670458,3.314533654421474e-09,0.0012532795841101577,-0.0029670050362159404,-0.0029670050362159404,0.17661502382366423,0.9994557058867075,3.3181484290315928e-09]"
/multi_agv/m2b_algorithm_state,1789558520.8771992,1789558520.8771992,m2b_algorithm_state_v1:header6+3x20,"[1.0,-0.15,0.52,4.23285102690794,0.1012503066399739,1789558520.8771307,4.231416913014664,0.10107520983198044,0.0036904376666666654,0.001540433461944862,0.0006967148789406962,0.0005695367086430619,0.004584685874999997,4.234503489062552,0.09864642341491744,0.003086576047888201,-0.0024287864170629975,-0.0024383740020235537,1.0079670695252856,1.9625210608149345e-07,0.0014198460578366975,-0.0023716300687969152,-0.0023716300687969152,0.14191423828268565,0.9960680416734267,1.9781566025512843e-07,4.232397395263316,0.10150169956660636,0.002796189458333334,-0.0009438371148996288,0.0016671199174167484,0.0007540002333625145,-0.0017884964166666626,4.231644706767579,0.10093512339564821,-0.0007526884957371749,-0.0005665761709581496,-0.0005670876790163012,1.0018094813528837,-6.522447945345884e-09,-0.0015079482986877697,0.004653129425240569,0.004653129425240569,0.12044473721576614,0.9990980088669202,-6.534250193278142e-09,4.231710757594551,0.10117418906786976,0.0036904376666666654,0.0013236578357551498,0.0009824142865477283,0.0005148957840902025,0.0032930326916666636,4.233035570820471,0.10131217895991207,0.0013248132259198186,0.00013798989204230616,0.0001379595782102024,0.9995608661019257,5.431327638479209e-10,0.0017939761106099757,-0.0051101940256970905,-0.0051101940256970905,0.17662921617893387,1.0002197298114204,5.428942558401605e-10]"
/multi_agv/m2b_algorithm_state,1789558520.8873339,1789558520.8873339,m2b_algorithm_state_v1:header6+3x20,"[1.0,-0.15,0.52,4.233844180282351,0.1012503521330375,1789558520.8872337,4.232426232203624,0.10107506909107233,0.0036904376666666654,0.0015414278810519022,0.0006966180366006819,0.0005691560416415773,0.004584685874999997,4.235377794148004,0.09740816590616466,0.0029515619443802876,-0.0036669031849076716,-0.0036889613982934682,1.0121965431785775,4.4798297275825685e-07,4.910321818912995e-07,0.0031694834026408905,0.0031694834026408905,0.14194855456217498,0.994020481375598,4.534468164287705e-07,4.233406756971124,0.10150178375140723,0.002796189458333334,-0.0009449159879400845,0.0016671901895488617,0.0007544313342999626,-0.0017884964166666626,4.2328084563391455,0.10147639080608711,-0.000598300631978077,-2.5392945320112936e-05,-2.5393968571166134e-05,1.0000806010838486,-1.3111514490693726e-11,-0.0007732697585437625,0.0018113714064950247,0.0018113714064950247,0.12046634139647526,0.9999597049570914,-1.3112571292972572e-11,4.232720091549075,0.10117406707744216,0.0036904376666666654,0.0013243225811460958,0.0009823803111546512,0.0005146253154681866,0.0032930326916666636,4.234068912008659,0.1011664010488814,0.001348820459584843,-7.666028560754379e-06,-7.666122223321928e-06,1.000024436455021,1.6773170317519608e-12,0.0016783594522577318,-0.004630241850161563,-0.004630241850161563,0.17669641717391776,0.9999877822757293,1.6773580194341633e-12]"
/multi_agv/m2b_algorithm_state,1789558520.8972,1789558520.8972,m2b_algorithm_state_v1:header6+3x20,"[1.0,-0.15,0.52,4.234838845466036,0.10125038665448134,1789558520.89708,4.233419399195837,0.10107518344771116,0.0036904376666666654,0.0015406131757848478,0.0006966867565450835,0.0005694734379288885,0.004584685874999997,4.236554767691539,0.09797108611255875,0.00313536849570184,-0.003104097335152406,-0.0031198373810210848,1.0102597152768782,3.2073591936753915e-07,0.0007993732386062154,0.00011718825336337634,0.00011718825336337634,0.141925565458558,0.9949548505430346,3.2402657857931786e-07,4.2343998942383045,0.1015017092727064,0.002796189458333334,-0.0009440276804387961,0.0016671418678582128,0.0007540714190066855,-0.0017884964166666626,4.233807016437382,0.10133601366263073,-0.0005928778009227642,-0.00016569561007566402,-0.0001657392254853598,1.0005267824788957,-5.578057140570474e-10,-0.0009068364766388151,0.0023478803626111374,0.0023478803626111374,0.12045186862058771,0.9997368431669206,-5.580995563338406e-10,4.233713247412914,0.10117416367869494,0.0036904376666666654,0.001323789382869658,0.0009824023316096662,0.0005148449819272899,0.0032930326916666636,4.235277033178463,0.10084395353928188,0.0015637857655486087,-0.0003302101394130619,-0.0003303843457228959,1.0010564398518176,3.111558862945718e-09,0.0016243478612128649,-0.0042874409553624385,-0.0042874409553624385,0.17665139578772981,0.9994727162104099,3.11484603772981e-09]"
/multi_agv/m2b_algorithm_state,1789558520.907186,1789558520.907186,m2b_algorithm_state_v1:header6+3x20,"[1.0,-0.15,0.52,4.2358424286816065,0.101250363475194,1789558520.9070823,4.23441407514085,0.10107526740884219,0.0036904376666666654,0.001540017538385488,0.0006967411796484409,0.0005697033139032054,0.004584685874999997,4.237586249217659,0.09846721208322995,0.003172174076809142,-0.0026080553256122435,-0.002619125368896966,1.0085723519627832,2.2625742576555986e-07,0.001346092227114462,-0.0020300576924555174,-0.0020300576924555174,0.14190793436374494,0.9957733816730642,2.2819698405341552e-07,4.235394546428822,0.10150165693586731,0.002796189458333334,-0.000943379761002961,0.0016671028883585848,0.0007538108441579039,-0.0017884964166666626,4.234744314730073,0.10072812354002693,-0.0006502316987484491,-0.0007735333958403812,-0.0007744883317540379,1.0024762460785888,-1.2153560422615553e-08,-0.0015872779551895993,0.005023218748011881,0.005023218748011881,0.12044076826309978,0.9987670105868555,-1.2183655628952946e-08,4.234707914828435,0.10117423561873452,0.0036904376666666654,0.001323394954442237,0.000982420688107278,0.0005150064029585144,0.0032930326916666636,4.236334136097991,0.1014813804430946,0.0016262212695563605,0.0003071448243600755,0.000306994829310713,0.9990244286827027,2.6900449903106428e-09,0.0023397714162561637,-0.007130173043968516,-0.007130173043968516,0.17661687350569497,1.000488591451847,2.6874206595758564e-09]"
/multi_agv/m2b_algorithm_state,1789558520.9172513,1789558520.9172513,m2b_algorithm_state_v1:header6+3x20,"[1.0,-0.15,0.52,4.236836992292219,0.10125039827399562,1789558520.9170954,4.235417651206811,0.10107521087442735,0.0036904376666666654,0.0015404185220297428,0.0006967049321985989,0.0005695483582074248,0.004584685874999997,4.238882484339012,0.0986026787670223,0.0034648331322006953,-0.0024725321074050427,-0.002482471442549561,1.0081145529890494,2.0338915928904779e-07,0.001848569972701308,-0.003859828825953204,-0.003859828825953204,0.14192187132758977,0.9959961935617231,2.0503957139949697e-07,4.2363981382665195,0.10150169224632695,0.002796189458333334,-0.000943815606753687,0.0016671287547396219,0.0007539863133988051,-0.0017884964166666626,4.236146782528554,0.10078852633517049,-0.0002513557379657527,-0.0007131659111564576,-0.0007139772433720164,1.00228143470607,-1.0334966753855404e-08,-0.0010281719158292072,0.0030171583142972747,0.0030171583142972747,0.1204495428811696,0.9988636441524005,-1.035854530569373e-08,4.235711496571488,0.10117418730482775,0.0036904376666666654,0.0013236598187407046,0.0009824084681219428,0.0005148979509591437,0.0032930326916666636,4.237394843588713,0.10205628089310831,0.0016833470172246123,0.0008820935882805636,0.0008808618151872401,0.9972164858344374,2.2182529227894595e-08,0.0029850455867180053,-0.009704251963227065,-0.009704251963227065,0.1766441621028098,1.0013983726755844,2.2120783843560744e-08]"
/multi_agv/m2b_algorithm_state,1789558520.9272487,1789558520.9272487,m2b_algorithm_state_v1:header6+3x20,"[1.0,-0.15,0.52,4.23784288250316,0.10125035992285292,1789558520.927083,4.236412225804556,0.10107529449328105,0.0036904376666666654,0.00153982631893731,0.000696760568261467,0.000569776114640641,0.004584685874999997,4.239851597234503,0.09833222964357259,0.003439371429946547,-0.0027430648497084598,-0.0027553231011952072,1.0090297799198022,2.5027968927225044e-07,0.0015438911862379768,-0.002663411500658453,-0.002663411500658453,0.14190388164230372,0.9955510656875667,2.525396597847754e-07,4.237392688518247,0.10150164101790826,0.002796189458333334,-0.0009431721224469666,0.0016670886780794092,0.0007537282317379296,-0.0017884964166666626,4.237191701093147,0.10136406902442888,-0.00020098742509944145,-0.0001375719934793851,-0.00013760205326805437,1.000437232115658,-3.8416593982130173e-10,-0.0003888363346423562,0.0004984063880712486,0.0004984063880712486,0.12043821662155114,0.9997815454932877,-3.8433390950793357e-10,4.236706062553858,0.10117425931079754,0.0036904376666666654,0.0013232660546495271,0.000982427565004996,0.0005150586989208744,0.0032930326916666636,4.238796950044678,0.10114106016761928,0.0020908874908203146,-3.319914317825856e-05,-3.320090013725463e-05,1.0001058569140062,3.143321738496759e-11,0.0025804084633881384,-0.00782116716376055,-0.00782116716376055,0.1766089388750041,0.9999470809830815,3.143654480835725e-11]"
/multi_agv/m2b_algorithm_state,1789558520.9373124,1789558520.9373124,m2b_algorithm_state_v1:header6+3x20,"[1.0,-0.15,0.52,4.23884025885931,0.10125037710878489,1789558520.9371457,4.237418104167727,0.10107520085263384,0.0036904376666666654,0.0015404907287552734,0.0006967005720129643,0.0005695193275443485,0.004584685874999997,4.240783454892807,0.09827147691046678,0.003365350725080596,-0.0028037239421670607,-0.002816536193375428,1.00923575586073,2.615944995395383e-07,0.0013901522129753166,-0.0020945069387984976,-0.0020945069387984976,0.1419259847901744,0.9954510610449451,2.640105224717954e-07,4.238398593005288,0.10150169963545239,0.002796189458333334,-0.0009438946342927267,0.0016671315063838676,0.0007540191377984062,-0.0017884964166666626,4.238199357147392,0.10136406902442888,-0.00019923585789527465,-0.00013763061102350926,-0.00013766069642321362,1.0004374183579656,-3.847878368655276e-10,-0.00038670551879230696,0.0004901492294081147,0.0004901492294081147,0.12045213263107651,0.9997814525097863,-3.849561501292945e-10,4.237711950336465,0.10117417928047252,0.0036904376666666654,0.0013237050063544167,0.0009824073998135228,0.0005148789195982182,0.0032930326916666636,4.239847705328378,0.10161969565121373,0.00213575499191343,0.00044551637074120853,0.00044520111452968017,0.9985871451976327,5.660563162110535e-09,0.0031148948544214676,-0.009952355760552143,-0.009952355760552143,0.1766522169662866,1.0007081208946689,5.652565608262844e-09]"
/multi_agv/m2b_algorithm_state,1789558520.9473078,1789558520.9473078,m2b_algorithm_state_v1:header6+3x20,"[1.0,-0.15,0.52,4.239841826537582,0.10125036712495245,1789558520.9471948,4.23841548584225,0.10107524292625601,0.0036904376666666654,0.0015401919817233725,0.0006967274536750162,0.0005696348395146708,0.004584685874999997,4.241751898042867,0.09793377557484373,0.0033364122006167563,-0.003141467351412283,-0.003157593179028668,1.010387572242133,3.284230281946534e-07,0.0010129220717422774,-0.0006158187875277823,-0.0006158187875277823,0.1419179502429508,0.994893000237179,3.318345461260054e-07,4.239395962964583,0.10150167316961603,0.002796189458333334,-0.0009435694928109067,0.0016671123158173984,0.0007538881824933896,-0.0017884964166666626,4.239215299124621,0.10058120525294326,-0.00018066383996195867,-0.0009204679166727736,-0.0009218215963547785,1.0029515222050613,-1.7214469785875152e-08,-0.0011476513963072268,0.003530267915818082,0.003530267915818082,0.12044707423823284,0.9985315166325482,-1.726527867569652e-08,4.238709327771098,0.10117421523048266,0.0036904376666666654,0.001323507627607959,0.0009824163807523167,0.0005149598040616707,0.0032930326916666636,4.241015477196767,0.10223911910505391,0.0023061494256690906,0.0010649038745712547,0.0010631111199994926,0.9966465985620385,3.232177761117044e-08,0.003945797902085856,-0.013217398506423339,-0.013217398506423339,0.17663648430050632,1.0016863284919482,3.2213389715651666e-08]"
/multi_agv/m2b_algorithm_state,1789558520.9572787,1789558520.9572787,m2b_algorithm_state_v1:header6+3x20,"[1.0,-0.15,0.52,4.240841246984402,0.10125037112450547,1789558520.9571655,4.23941705042134,0.10107521874504623,0.0036904376666666654,0.0015403633082765131,0.0006967117243595663,0.0005695687581497074,0.004584685874999997,4.242839182310137,0.09779874271008517,0.0034221318887963648,-0.003276476034961062,-0.00329403550755548,1.0108503941179856,3.573291407760075e-07,0.0009836293534399758,-0.000451658924442707,-0.000451658924442707,0.14192475330510795,0.9946693128977688,3.6120630278326833e-07,4.240397534395532,0.10150168812065408,0.002796189458333334,-0.0009437555760796134,0.0016671235738501267,0.000753962987104867,-0.0017884964166666626,4.240216744544706,0.10058120525294326,-0.00018078985082592425,-0.0009204828677108201,-0.0009218365912479273,1.0029515700504281,-1.721842302257161e-08,-0.0011478239047803328,0.003530698710340076,0.003530698710340076,0.12045135732342627,0.9985314929457567,-1.7269244404280636e-08,4.2397108947958735,0.10117419450915706,0.0036904376666666654,0.0013236210417408062,0.0009824110222298463,0.000514913430743732,0.0032930326916666636,4.242049599710066,0.10278528389471357,0.0023387049141927463,0.0016110893855565134,0.0016070029753940509,0.9949581285218992,7.395678466084088e-08,0.004530384118134984,-0.015578742093632955,-0.015578742093632955,0.17664980549182763,1.0025428765378983,7.358390405764734e-08]"
/multi_agv/m2b_algorithm_state,1789558520.9672792,1789558520.9672792,m2b_algorithm_state_v1:header6+3x20,"[1.0,-0.15,0.52,4.2418375808906825,0.10125039453197826,1789558520.9671838,4.240416472090193,0.1010752287506302,0.0036904376666666654,0.0015402919931110752,0.0006967178604913467,0.0005695964786097793,0.004584685874999997,4.243866585861503,0.09832606205362375,0.0034501137713096597,-0.00274916669700645,-0.0027614801208329584,1.009050493879187,2.5147150429156247e-07,0.0015511620933041162,-0.0026856817244322196,-0.0026856817244322196,0.1419239550051158,0.9955410058056857,2.537474456019432e-07,4.241396953392384,0.10150168162422896,0.002796189458333334,-0.0009436777137988217,0.0016671192239448018,0.0007539314991704404,-0.0017884964166666626,4.241148103342985,0.10074040534622647,-0.00024885004939889654,-0.0007612762780024873,-0.0007622011045227272,1.0024366692071238,-1.177506809950917e-08,-0.0010732636662713479,0.0031978610636899055,0.0031978610636899055,0.1204508547241391,0.9987866371292927,-1.180376004535903e-08,4.240710315470629,0.10117420299865727,0.0036904376666666654,0.0013235741711231934,0.0009824129934471243,0.0005149327219771986,0.0032930326916666636,4.242790155803584,0.10065684579997328,0.0020798403329544968,-0.0005173571986839959,-0.000517785429267459,1.0016586879082758,7.637724282420483e-09,0.002082014986925662,-0.005821546885555539,-0.005821546885555539,0.17664824226853854,0.9991729574467383,7.650392883334478e-09]"
/multi_agv/m2b_algorithm_state,1789558520.977249,1789558520.977249,m2b_algorithm_state_v1:header6+3x20,"[1.0,-0.15,0.52,4.2428373104579595,0.1012503956944149,1789558520.9771667,4.241412813443068,0.10107528459966035,0.0036904376666666654,0.0015398968518957248,0.0006967555925850629,0.0005697481296282222,0.004584685874999997,4.2448752379248385,0.09855903593410892,0.0034624244817704763,-0.002516248665551432,-0.0025265459550405742,1.0082620725185538,2.105795647266905e-07,0.0018014846471725212,-0.003674320066135945,-0.003674320066135945,0.14191223070695952,0.995924360897296,2.1231938836138792e-07,4.242393278208289,0.10150164776200604,0.002796189458333334,-0.0009432486262502147,0.0016670919528189998,0.0007537596900833443,-0.0017884964166666626,4.242233389911299,0.10162384456619586,-0.00015988829698976303,0.00012219680418981693,0.00012217313458675382,0.9996127779896166,-3.030642388650291e-10,-7.768723665044997e-05,-0.0007223496173330724,-0.0007223496173330724,0.12044347325806741,1.0001937381990171,-3.0294688572118047e-10,4.241706651020691,0.10117425123426839,0.0036904376666666654,0.0013233107941805788,0.0009824260728942494,0.0005150400822232274,0.0032930326916666636,4.2438981742791055,0.1017678329386127,0.0021915232584142075,0.0005935817043443148,0.0005930227061592214,0.9981207547352775,1.0044260479278375e-08,0.0033324267791769806,-0.010799220257050598,-0.010799220257050598,0.1766252854187698,1.0009426252642397,1.0025384850335053e-08]"
/multi_agv/m2b_algorithm_state,1789558520.9872398,1789558520.9872398,m2b_algorithm_state_v1:header6+3x20,"[1.0,-0.15,0.52,4.243837086614313,0.10125039653832295,1789558520.9870625,4.242412543660477,0.10107528544234594,0.0036904376666666654,0.0015398927616036644,0.0006967589933140055,0.0005697481337291559,0.004584685874999997,4.24586136575537,0.09839148180081486,0.0034488220948922788,-0.0026838036415310768,-0.002695532734414556,1.0088288283068179,2.395835205385061e-07,0.0016154948842007923,-0.0029424467191714846,-0.0029424467191714846,0.14191252670761142,0.9956486920994388,2.4169876230648353e-07,4.243393006810693,0.10150164896060247,0.002796189458333334,-0.0009432454028875312,0.0016670890581993447,0.0007537597985627642,-0.0017884964166666626,4.243175101722827,0.10011308924088415,-0.00021790508786523333,-0.0013885597197183241,-0.0013916511855099096,1.004476123189756,-3.9173660105497955e-08,-0.0016640325453414512,0.005556908630633829,0.005556908630633829,0.12044365961881945,0.9977785627434703,-3.93490062339238e-08,4.242706380902709,0.10117425268029624,0.0036904376666666654,0.0013233048059122887,0.0009824278525054188,0.0005150417522465666,0.0032930326916666636,4.245084062037801,0.10102612707773997,0.002377681135092402,-0.00014812560255626772,-0.0001481606087882604,1.0004729205814957,6.258108275996021e-10,0.0028239408100772423,-0.008629788377251462,-0.008629788377251462,0.17662586497348542,0.9997637278067429,6.261067864200968e-10]"
/multi_agv/m2b_algorithm_state,1789558520.9971702,1789558520.9971702,m2b_algorithm_state_v1:header6+3x20,"[1.0,-0.15,0.52,4.2448371731027565,0.10125039539703855,1789558520.997078,4.243412320346241,0.10107528554078778,0.0036904376666666654,0.0015398939893104483,0.0006967618189108286,0.0005697461318525052,0.004584685874999997,4.246276868657097,0.09765263898561247,0.00286454831085603,-0.00342264655517531,-0.0034418287334188682,1.011353010319874,3.898401777295116e-07,0.00013885665515116913,0.0025756101574545354,0.0025756101574545354,0.1419129876149069,0.9944267481826431,3.9426603729037625e-07,4.244392782150217,0.10150165061504221,0.002796189458333334,-0.0009432480718935868,0.0016670866077124202,0.0007537622301578284,-0.0017884964166666626,4.244175750170259,0.10011308924088415,-0.00021703197995837087,-0.0013885613741580621,-0.0013916528472861106,1.0044761285069934,-3.917386404726632e-08,-0.0016629428222340742,0.005553057314890867,0.005553057314890867,0.12044394980506386,0.9977785601243319,-3.934921129685737e-08,4.24370615734648,0.10117425345913882,0.0036904376666666654,0.0013233024953583504,0.000982429441610355,0.0005150419272176641,0.0032930326916666636,4.2454220220095795,0.10033659324050614,0.0017158646630992536,-0.0008376602186326715,-0.0008387855548336493,1.0026953487755788,2.002282981538795e-08,0.0013060452740404176,-0.002923383127949667,-0.002923383127949667,0.17662676741157515,0.9986583743669727,2.007679832521448e-08]"
/multi_agv/m2b_algorithm_state,1789558521.0072181,1789558521.0072181,m2b_algorithm_state_v1:header6+3x20,"[1.0,-0.15,0.52,4.245837230751885,0.10125039448942215,1789558521.0070944,4.244412406710524,0.10107528095283728,0.0036904376666666654,0.001539928382132981,0.0006967613633790393,0.0005697314609490606,0.004584685874999997,4.247260686229458,0.09772291665252218,0.0028482795189335164,-0.0033523643003151027,-0.003370757066457065,1.0111111360084044,3.739858336565639e-07,0.00018959233220983054,0.0023667026145513773,0.0023667026145513773,0.14191454701885944,0.9945434317041143,3.7814124111953845e-07,4.245392868623647,0.10150165508186328,0.002796189458333334,-0.0009432868313286082,0.001667086562670228,0.000753779054474199,-0.0017884964166666626,4.244580092926638,0.10077779791128923,-0.0008127756970086608,-0.0007238571705740493,-0.0007246930789415134,1.00231591801718,-1.0641272684269865e-08,-0.0017406627002023393,0.005545179156469305,0.005545179156469305,0.12044493159225722,0.9988465346341033,-1.066591699940509e-08,4.244706243974099,0.10117425015641507,0.0036904376666666654,0.0013233224630710585,0.0009824298894187677,0.0005150330390838107,0.0032930326916666636,4.2461590831841285,0.09866844402431187,0.0014528392100299214,-0.0025058061321032027,-0.002516003800175917,1.0082159679716851,1.793811472386822e-07,-0.0006999547876385152,0.0049039063003589655,0.0049039063003589655,0.1766298206808279,0.9959468789069392,1.8085493699911935e-07]"
/multi_agv/m2b_algorithm_state,1789558521.0171618,1789558521.0171618,m2b_algorithm_state_v1:header6+3x20,"[1.0,-0.15,0.52,4.246837315724145,0.10125039344938941,1789558521.0170774,4.245412464265139,0.10107527713278297,0.0036904376666666654,0.0015399571917810361,0.0006967610788310094,0.000569719121181647,0.004584685874999997,4.248301401673578,0.09821583701449553,0.00288893740843843,-0.00285944011828744,-0.0028727722127948442,1.009425169807889,2.720102165018871e-07,0.0007383995477531933,0.00022029178615624694,0.00022029178615624694,0.1419160043555679,0.9953591536258861,2.745739589818981e-07,4.2463929262399045,0.10150165891111936,0.002796189458333334,-0.0009433194967035882,0.0016670864640566663,0.000753793265091604,-0.0017884964166666626,4.245729342111944,0.10239323981453222,-0.0006635841279605259,0.0008915809034128613,0.0008903281683092729,0.9971993620338685,-1.612618923085215e-08,6.0848008358615514e-05,-0.0015623273617043948,-0.0015623273617043948,0.12044584912683716,1.0014070487132485,-1.6081025613043204e-08,4.245706301750613,0.10117424742436414,0.0036904376666666654,0.001323339145955575,0.0009824303419299525,0.0005150255723463987,0.0032930326916666636,4.247336672418783,0.10072362268239733,0.0016303706681695118,-0.00045062474196680413,-0.0004509494609170582,1.0014436468307792,5.793162883486159e-09,0.0015870138742948316,-0.004099042551795013,-0.004099042551795013,0.17663267418143513,0.9992799216355782,5.801526164723092e-09]"
/multi_agv/m2b_algorithm_state,1789558521.027093,1789558521.027093,m2b_algorithm_state_v1:header6+3x20,"[1.0,-0.15,0.52,4.247837202478922,0.1012503937137344,1789558521.0269532,4.246412549062885,0.10107527317634683,0.0036904376666666654,0.0015399868360632986,0.0006967604067222403,0.0005697066212229426,0.004584685874999997,4.249417952468704,0.09810281368269197,0.003005403405818896,-0.0029724594936548637,-0.0029868785604321977,1.0098101256273002,2.939647177311903e-07,0.0007698756968414224,0.0001607418440069449,0.0001607418440069449,0.1419175584567077,0.9951725299554035,2.968485485421271e-07,4.247393011292762,0.10150166267545546,0.002796189458333334,-0.0009433530377158713,0.0016670867058508065,0.0007538076781981873,-0.0017884964166666626,4.246713718273911,0.10077074978789707,-0.000679293018850835,-0.0007309128875583881,-0.0007317652165962862,1.0023386789001831,-1.0850546640148614e-08,-0.00158088149015983,0.004982366497548484,0.004982366497548484,0.12044682756960431,0.998835242481376,-1.0875922584631382e-08,4.246706386816788,0.1011742444963659,0.0036904376666666654,0.0013233567526132737,0.000982430613003871,0.0005150177995635308,0.0032930326916666636,4.248580795137571,0.09988799452254694,0.0018744083207833384,-0.0012862499738189592,-0.001288912335216677,1.004159802636287,4.722708779359175e-08,0.001054098065762496,-0.0018250875437293736,-0.0018250875437293736,0.17663571714233636,0.9979344123529781,4.742354315789969e-08]"
/multi_agv/m2b_algorithm_state,1789558521.0374553,1789558521.0374553,m2b_algorithm_state_v1:header6+3x20,"[1.0,-0.15,0.52,4.248842383619904,0.10125036014954343,1789558521.0372748,4.247412436021743,0.10107527250645237,0.0036904376666666654,0.0015399930991514348,0.0006967616694096177,0.0005697032496586651,0.004584685874999997,4.250346821296861,0.09754549862988564,0.0029343852751182453,-0.003529773876566736,-0.003550192054214891,1.0117224042957522,4.146806961865417e-07,0.00011778953968291563,0.0026968003272325124,0.0026968003272325124,0.14191841090396262,0.9942487118059109,4.1954175096088435e-07,4.248392897681443,0.10150166430303664,0.002796189458333334,-0.0009433611546397634,0.0016670856075631235,0.0007538117679067452,-0.0017884964166666626,4.247721385161178,0.10077074978789707,-0.000671512520264983,-0.0007309145151395691,-0.0007317668479650967,1.0023386840996154,-1.0850688257108585e-08,-0.0015711574982963253,0.004947928489523239,0.004947928489523239,0.12044736425933038,0.9988352399020293,-1.0876064589205367e-08,4.24770627373358,0.10117424433171417,0.0036904376666666654,0.0013233591273195179,0.0009824315083768022,0.0005150163045011627,0.0032930326916666636,4.2495103129809495,0.09914090522239276,0.0018040392473697153,-0.002033339109321408,-0.0020400299539208963,1.0066315285363436,1.1808055414139324e-07,0.00021501910529124783,0.001474487002187272,0.001474487002187272,0.17663738628222234,0.9967202223738781,1.1886360870576917e-07]"
/multi_agv/m2b_algorithm_state,1789558521.0474951,1789558521.0474951,m2b_algorithm_state_v1:header6+3x20,"[1.0,-0.15,0.52,4.24984347325364,0.10125035383559992,1789558521.0474043,4.2484176065945,0.10107519133409153,0.0036904376666666654,0.0015405686322477702,0.0006967083039922882,0.0005694815379078122,0.004584685874999997,4.251300709785052,0.0972378713432622,0.00288310319055185,-0.003837319990829327,-0.0038615070024918406,1.012787695634646,4.903688896414899e-07,-0.0002576280143020281,0.004146826460322447,0.004146826460322447,0.14193800771885223,0.9937363802145365,4.966395777509246e-07,4.2493980916263725,0.10150171452958712,0.002796189458333334,-0.0009439871625268213,0.0016671240194066073,0.000754063140131031,-0.0017884964166666626,4.249301386698429,0.10130169377465932,-9.670492794366936e-05,-0.00020002075492779603,-0.00020008432913081654,1.000636157441257,-8.128357879721655e-10,-0.0003209654890604033,0.00028458732380614725,0.00028458732380614725,0.12045970177074818,0.9996822629573406,-8.13352879507204e-10,4.2487114526388385,0.10117417458495168,0.0036904376666666654,0.001323741153956416,0.0009824133881254585,0.000514860136271264,0.0032930326916666636,4.250327708547918,0.0985155991917102,0.0016162559090791007,-0.0026585753932414774,-0.00267006760254486,1.0087318445233295,2.0200431987329563e-07,-0.000649747716195984,0.004793962018434512,0.004793962018434512,0.17667576135503751,0.9956959107355826,2.0376819018747018e-07]"
/multi_agv/m2b_algorithm_state,1789558521.057446,1789558521.057446,m2b_algorithm_state_v1:header6+3x20,"[1.0,-0.15,0.52,4.250837681953249,0.10125039124282802,1789558521.0573206,4.249418693910519,0.1010751780382999,0.0036904376666666654,0.0015406611655214802,0.0006966965967556858,0.0005694475180656383,0.004584685874999997,4.252831711924752,0.09769250039956913,0.0034130180142328825,-0.003382677638730777,-0.003401408826552572,1.0112154285078268,3.809685984729543e-07,0.0008648636912385313,1.3156544695326882e-05,1.3156544695326882e-05,0.14194311984105956,0.9944931089507464,3.8524132455285466e-07,4.250399184246057,0.10150172107187112,0.002796189458333334,-0.0009440868896569152,0.0016671329772517396,0.0007541017088136259,-0.0017884964166666626,4.250310918047496,0.10130169377465932,-8.826619856172613e-05,-0.00020002729721180224,-0.00020009087557117632,1.0006361782395778,-8.129748180328926e-10,-0.000310423623773334,0.00024709335997719485,0.00024709335997719485,0.12046292005702704,0.9996822525805208,-8.134920149214499e-10,4.249712541604344,0.10117416239662871,0.0036904376666666654,0.0013238060792717453,0.0009824088211142891,0.0005148343692292973,0.0032930326916666636,4.252152716017186,0.10093082767395684,0.0024401744128415004,-0.0002433347226718785,-0.00024342926063157107,1.000777734126339,1.6896025333893336e-09,0.0028067887554203046,-0.008522265408895818,-0.008522265408895818,0.17668577310080735,0.9996116409364786,1.6909165949394994e-09]"
/multi_agv/m2b_algorithm_state,1789558521.067384,1789558521.067384,m2b_algorithm_state_v1:header6+3x20,"[1.0,-0.15,0.52,4.251840953263961,0.10125036998167221,1789558521.067197,4.2504129141514735,0.10107526929275007,0.0036904376666666654,0.0015400138351994073,0.0006967551275806727,0.0005696976641479776,0.004584685874999997,4.25382657119967,0.09773103727209345,0.0034136570481964057,-0.003344232020656618,-0.003362534544487718,1.0110831746287794,3.721923196841357e-07,0.0009045367657577893,-0.0001439610354465467,-0.0001439610354465467,0.14192386841197036,0.9945569261552708,3.7631739215868547e-07,4.251393379033811,0.10150166403482513,0.002796189458333334,-0.0009433831604914269,0.0016670912416847372,0.0007538183759913525,-0.0017884964166666626,4.251383470735107,0.10119279983988672,-9.908298704175422e-06,-0.00030886419493841855,-0.00030901590839983934,1.0009835444388433,-1.9370589349301825e-09,-0.0003214012817800586,0.00033519843937627287,0.00033519843937627287,0.12045080020259287,0.9995090432003764,-1.938964118473345e-09,4.250706752674463,0.10117424040090885,0.0036904376666666654,0.0013233783600879617,0.0009824285373891241,0.0005150095132014807,0.0032930326916666636,4.253226024133429,0.09945388290440241,0.0025192714589659104,-0.0017203574965064389,-0.001725135811902774,1.0055910310133016,8.451074142046481e-08,0.001423953511804614,-0.0029306410862294133,-0.0029306410862294133,0.17664807268265728,0.9972301801612566,8.498324359670374e-08]"
/multi_agv/m2b_algorithm_state,1789558521.07726,1789558521.07726,m2b_algorithm_state_v1:header6+3x20,"[1.0,-0.15,0.52,4.252841113280067,0.10125036925197715,1789558521.0771248,4.2514161788268625,0.10107521747775103,0.0036904376666666654,0.0015403815759469116,0.0006967216500958879,0.000569555677073957,0.004584685874999997,4.254810057073064,0.09780269897434486,0.0033938782462010764,-0.003272518503406166,-0.003290035062404127,1.0108368081502432,3.564697803334584e-07,0.0009523127453472183,-0.00034358332416920315,-0.00034358332416920315,0.1419367040255404,0.9946758746743687,3.6033277495429146e-07,4.252396658349703,0.10150169643408219,0.002796189458333334,-0.0009437833615334656,0.0016671152572271808,0.0007539793572299419,-0.0017884964166666626,4.252394397127172,0.10119279983988672,-2.2612225309970313e-06,-0.00030889659419547355,-0.00030904833945807545,1.0009836475409335,-1.9382870095035316e-09,-0.00031187486762182173,0.00030103086116764597,0.00030103086116764597,0.12045888103957132,0.9995089918202829,-1.9401936007540533e-09,4.251710022615316,0.10117419603318341,0.0036904376666666654,0.0013236217452166012,0.0009824172912749072,0.0005149098650163351,0.0032930326916666636,4.254094447259997,0.09811449007510219,0.00238442464468136,-0.0030597059580812214,-0.003074973704980041,1.0100946603614416,2.6760584917512854e-07,-9.444289912834093e-05,0.00301801197756316,0.00301801197756316,0.17667320824610921,0.9950348365990602,2.7030723933328664e-07]"
/multi_agv/m2b_algorithm_state,1789558521.0873578,1789558521.0873578,m2b_algorithm_state_v1:header6+3x20,"[1.0,-0.15,0.52,4.253840947501271,0.10125037061096842,1789558521.087247,4.252416338466633,0.10107521646899538,0.0036904376666666654,0.001540388122807363,0.0006967198062612914,0.0005695537983447709,0.004584685874999997,4.2557591721222865,0.09750272587360673,0.0033428336556537985,-0.0035724905953886527,-0.003593412681945479,1.0118699482931377,4.248988016968325e-07,0.0005851293876217691,0.001078576759249477,0.001078576759249477,0.1419385242927852,0.9941776555022622,4.299423285027901e-07,4.253396818891453,0.1015016964264671,0.002796189458333334,-0.0009437902513758736,0.0016671168341559905,0.0007539815234698377,-0.0017884964166666626,4.252938278774163,0.10174937465753045,-0.00045854011728962973,0.0002476782310633502,0.00024758108309378904,0.9992162670385236,-1.2456657104041706e-09,-0.00032559406351824813,0.00010153617909658278,0.00010153617909658278,0.12046002697822261,1.00039238849894,-1.244689441127946e-09,4.252710182482117,0.10117419486046898,0.0036904376666666654,0.0013236275021491378,0.0009824164513710714,0.0005149078064856003,0.0032930326916666636,4.254916102026205,0.09771544769499034,0.0022059195440879975,-0.003458747165478643,-0.0034783155802913753,1.0114623371110782,3.420475975118526e-07,-0.0007209161501813784,0.005389125382460412,0.005389125382460412,0.17667677301151782,0.9943741692319092,3.4596826238256785e-07]"
/multi_agv/m2b_algorithm_state,1789558521.0972059,1789558521.0972059,m2b_algorithm_state_v1:header6+3x20,"[1.0,-0.15,0.52,4.254837614370079,0.10125039198590113,1789558521.0970664,4.253416172980531,0.10107522045478468,0.0036904376666666654,0.001540359296199936,0.0006967213391035894,0.0005695654961716034,0.004584685874999997,4.256200515109321,0.09772689617565178,0.002784342128790307,-0.003348324279132897,-0.0033666721989328912,1.0110972525608346,3.7318851813735655e-07,0.00011375546205499246,0.0026312856778678458,0.0026312856778678458,0.14193919097050328,0.9945501317871667,3.773298853759304e-07,4.2543966528229715,0.10150169337364495,0.002796189458333334,-0.0009437586744868516,0.0016671159651027168,0.0007539682880295662,-0.0017884964166666626,4.254091698180672,0.10331847610603381,-0.00030495464229929325,0.0018167827323888608,0.001811617475892772,0.9943531070683114,-6.69462451077795e-08,0.0014304241730186554,-0.006876011670692513,-0.006876011670692513,0.12046044668303148,1.0028511849575437,-6.656820682947729e-08,4.2537100167003095,0.10117419800447566,0.0036904376666666654,0.0013236096586234482,0.0009824167733055063,0.0005149153734926777,0.0032930326916666636,4.255693210322818,0.10055924415691338,0.001983193622508317,-0.0006149538475622857,-0.0006155593303464,1.0019737688145662,1.0792175774178756e-08,0.0018634326977889962,-0.005000908520820631,-0.005000908520820631,0.17667807863995985,0.9990163697400646,1.0813477034163147e-08]"
/multi_agv/m2b_algorithm_state,1789558521.1074545,1789558521.1074545,m2b_algorithm_state_v1:header6+3x20,"[1.0,-0.15,0.52,4.25584393723627,0.10125035110804326,1789558521.1073306,4.254412846535281,0.10107527194400935,0.0036904376666666654,0.0015399946708382567,0.0006967553007006791,0.0005697058810494285,0.004584685874999997,4.257213163652959,0.0979854157161207,0.0028003171176775865,-0.0030898562278886543,-0.0031054504923976925,1.0102110034811833,3.176690730575204e-07,0.0003949459046992906,0.0015297423866236159,0.0015297423866236159,0.14192864301566457,0.9949784211510653,3.2091279306837504e-07,4.255393311574798,0.10150166175610754,0.002796189458333334,-0.0009433626937508394,0.0016670916141574565,0.0007538093106192328,-0.0017884964166666626,4.2550533666327865,0.10167092670128479,-0.0003399449420111722,0.00016926494517724433,0.00016921954575098422,0.9994639136579472,-5.815501313880131e-10,-0.00025571163176298106,-0.00011125407970873048,-0.00011125407970873048,0.12045380616571785,1.0002682871299449,-5.81238370305357e-10,4.254706685000157,0.1011742422575865,0.0036904376666666654,0.001323367640052721,0.0009824284223046492,0.0005150142197719093,0.0032930326916666636,4.256700806430989,0.0980951082700313,0.0019941214308323296,-0.003079133987555202,-0.0030945984883537143,1.0101609652422998,2.709663385632637e-07,-0.0006019466998133023,0.004807803304104472,0.004807803304104472,0.17665742233828033,0.9950027440210059,2.737196181112382e-07]"
/multi_agv/m2b_algorithm_state,1789558521.117301,1789558521.117301,m2b_algorithm_state_v1:header6+3x20,"[1.0,-0.15,0.52,4.2568372335565945,0.10125039431507216,1789558521.1171966,4.25541915655698,0.10107517330332585,0.0036904376666666654,0.0015406936070470035,0.0006966903097975314,0.0005694367261521809,0.004584685874999997,4.258197034020978,0.09808945611016504,0.0027778774639983794,-0.0029857171931608195,-0.0030002666388006193,1.0098553584178551,2.96731632408815e-07,0.000472080191197355,0.0012131415902923623,0.0012131415902923623,0.14195228601162113,0.9951506157980625,2.996560290001191e-07,4.256399650025586,0.10150172253258531,0.002796189458333334,-0.0009441223454847757,0.0016671383679485174,0.0007541142736261497,-0.0017884964166666626,4.256056176365739,0.10167092670128479,-0.0003434736598473265,0.0001692041686994772,0.0001691588018862382,0.9994641062176199,-5.816004079074724e-10,-0.0002601832729229199,-9.610274982374653e-05,-9.610274982374653e-05,0.12046869042366143,1.0002681906748754,-5.81288731865045e-10,4.255713005126244,0.10117415748821862,0.0036904376666666654,0.00132383155310324,0.0009824062380723317,0.0005148246708896174,0.0032930326916666636,4.257466271984656,0.09588731599034607,0.0017532668584117062,-0.005286841497872549,-0.005333193334513942,1.0178820354337275,8.002006356791399e-07,-0.003141609761499309,0.014595639941982123,0.014595639941982123,0.1767037256124389,0.991308802487728,8.145098518004454e-07]"
/multi_agv/m2b_algorithm_state,1789558521.1272879,1789558521.1272879,m2b_algorithm_state_v1:header6+3x20,"[1.0,-0.15,0.52,4.257839250022985,0.10125038096137896,1789558521.1271145,4.256412466266302,0.10107527850614963,0.0036904376666666654,0.0015399474010989096,0.0006967581617322693,0.0005697248823508442,0.004584685874999997,4.259354207620327,0.09773973631143923,0.0029417413540251403,-0.0033355421947103975,-0.003353748535250693,1.0110532985335707,3.702425424214213e-07,0.00032342815728073245,0.0018899332213331928,0.0018899332213331928,0.14192980181624468,0.9945713459584308,3.743349437726335e-07,4.257392930189822,0.10150165691807321,0.002796189458333334,-0.0009433110323658032,0.0016670898996835604,0.0007537878090031758,-0.0017884964166666626,4.257132702932873,0.10111390151618646,-0.0002602272569491859,-0.0003877554018867496,-0.0003879946585809744,1.001235870881848,-3.0529099388499953e-09,-0.0007132787297674568,0.0017596290865011638,0.0017596290865011638,0.12045453569655361,0.9993833505463713,-3.0566829413483248e-09,4.256706304213659,0.10117424752099362,0.0036904376666666654,0.0013233379841471955,0.000982429135543983,0.0005150267034414496,0.0032930326916666636,4.258565067139501,0.09659594889668198,0.0018587629258419724,-0.004578298624311639,-0.004612874691443927,1.0153636369786903,5.996056380243765e-07,-0.002289421034141461,0.011342745292441513,0.011342745292441513,0.1766596915257909,0.9925044425775492,6.08817761377359e-07]"
/multi_agv/m2b_algorithm_state,1789558521.1375036,1789558521.1375036,m2b_algorithm_state_v1:header6+3x20,"[1.0,-0.15,0.52,4.258840480952558,0.10125037305372608,1789558521.1373935,4.257414478684819,0.10107524514863934,0.0036904376666666654,0.001540184895009896,0.0006967377935056965,0.0005696325331140616,0.004584685874999997,4.260283604690111,0.09767369802634976,0.0028691260052919887,-0.003401547122289586,-0.003420490535187962,1.0112803640442278,3.851161684888779e-07,0.00016591697142702378,0.0024717135162136165,0.0024717135162136165,0.14193819508394892,0.994461784734237,3.894604190687506e-07,4.258394951467575,0.10150167847339026,0.002796189458333334,-0.0009435699576356474,0.0016671043337712632,0.0007538925360338622,-0.0017884964166666626,4.258132070469848,0.10111390151618646,-0.0002628809977265334,-0.0003877769572037948,-0.00038801624046849693,1.001235939525594,-3.054087187923314e-09,-0.0007166174876266637,0.001771215959803286,0.001771215959803286,0.1204598197309713,0.9993833163673427,-3.057861854993479e-09,4.25770831991656,0.1011742192621073,0.0036904376666666654,0.0013234937745890385,0.000982422550085538,0.0005149625998611598,0.0032930326916666636,4.259814043884157,0.09978616158609821,0.0021057239675972284,-0.001388057676009094,-0.001391160554758402,1.004494215085257,5.500857245543809e-08,0.0012409944047381335,-0.0024383447965879925,-0.0024383447965879925,0.17667612830864038,0.9977695753817237,5.525579281158577e-08]"
/multi_agv/m2b_algorithm_state,1789558521.1470888,1789558521.1470888,m2b_algorithm_state_v1:header6+3x20,"[1.0,-0.15,0.52,4.2598445710896184,0.1012503471268092,1789558521.1469536,4.258415707115134,0.10107522601157659,0.0036904376666666654,0.0015403206078521414,0.0006967252198849746,0.0005695802473837966,0.004584685874999997,4.261303548354131,0.09848002975169642,0.002887841238996991,-0.002595196259880167,-0.0026061563564822787,1.008528859257237,2.240740432469675e-07,0.00100364519226396,-0.000831402763111261,-0.000831402763111261,0.14194380757344813,0.9957945360512039,2.2598513922502094e-07,4.259396185426458,0.10150169032674651,0.002796189458333334,-0.0009437176286078378,0.0016671134216972305,0.0007539518190612521,-0.0017884964166666626,4.259260174881164,0.10171106398607349,-0.00013601054529388534,0.0002093736593269807,0.00020930421636431503,0.9993371862131673,-8.901193504077484e-10,3.929103474695835e-05,-0.0011775834974345146,-0.0011775834974345146,0.12046335301348579,1.0003317800466323,-8.895293670303715e-10,4.258709550316085,0.10117420282285518,0.0036904376666666654,0.0013235838297228721,0.000982418290786092,0.0005149257799873983,0.0032930326916666636,4.260811493198782,0.09763809877382246,0.002101942882696939,-0.0035361040490327206,-0.0035565694579558485,1.011728854193684,3.5752462630227555e-07,-0.0009291408545846749,0.006152009851779036,0.006152009851779036,0.17668712001489828,0.9942457446241214,3.6171798051482627e-07]"
/multi_agv/m2b_algorithm_state,1789558521.1574438,1789558521.1574438,m2b_algorithm_state_v1:header6+3x20,"[1.0,-0.15,0.52,4.260850099443834,0.10125031279304973,1789558521.1573577,4.259419788926418,0.10107516467232604,0.0036904376666666654,0.0015407540501215984,0.0006966830415921161,0.0005694143071296867,0.004584685874999997,4.262483592773314,0.0989917661017537,0.003063803846895752,-0.0020833985705723396,-0.0020904349143500483,1.0068076313356025,1.4440157020887936e-07,0.0017393198942696414,-0.0036563838032969104,-0.0036563838032969104,0.1419524930714508,0.9966340287710431,1.4538460286314353e-07,4.260400285776317,0.10150172704450973,0.002796189458333334,-0.0009441879570430932,0.0016671440600957155,0.0007541397531015681,-0.0017884964166666626,4.26031589432135,0.10078119642364826,-8.439145496730305e-05,-0.0007205306208614704,-0.0007213588422532957,1.0023051858747387,-1.0553736454611149e-08,-0.0008268481609624245,0.002307118036803195,0.002307118036803195,0.12046881643981125,0.9988518593752339,-1.0578064778812033e-08,4.2597136385661205,0.10117414966359185,0.0036904376666666654,0.001323873533230106,0.0009824035094871519,0.0005148078934294775,0.0032930326916666636,4.261562734546117,0.09571263995748057,0.0018490959799963846,-0.005461509706111284,-0.005511039673054062,1.0185087829803408,8.540649361804853e-07,-0.003199669698058581,0.014865859387246754,0.014865859387246754,0.17670411713486422,0.9910125911114464,8.698726387353685e-07]"
/multi_agv/m2b_algorithm_state,1789558521.167342,1789558521.167342,m2b_algorithm_state_v1:header6+3x20,"[1.0,-0.15,0.52,4.261841242972754,0.10125037065013909,1789558521.1670794,4.260425305983971,0.10107508554802995,0.0036904376666666654,0.0015413109772138343,0.000696625619409196,0.0005692027704042201,0.004584685874999997,4.263480098490273,0.0990322361705916,0.0030547925063020287,-0.002042849377438344,-0.0020496124328739543,1.0066720979869814,1.3888179284956674e-07,0.0017688782000035816,-0.0037788978876136608,-0.0037788978876136608,0.14195250365923218,0.996700324740845,1.3980842578006672e-07,4.2614058281726095,0.10150177249592135,0.002796189458333334,-0.0009447906999005542,0.0016671861863271076,0.0007543791086148943,-0.0017884964166666626,4.261263019324734,0.10085864492994151,-0.00014280884787520876,-0.0006431275659798397,-0.0006437870150122989,1.0020557457097785,-8.412974484247703e-09,-0.0008222980748563098,0.0022565283605553684,0.0022565283605553684,0.12046881032561609,0.9989756720513436,-8.430269420450171e-09,4.260719164174921,0.10117408033519786,0.0036904376666666654,0.0013242491693521191,0.0009823827137126267,0.0005146558868894323,0.0032930326916666636,4.26251232280598,0.09672724076740734,0.0017931586310595549,-0.004446839567790517,-0.004479426467049175,1.0149006451535882,5.660105892830924e-07,-0.0022379781782247317,0.011110725588646292,0.011110725588646292,0.17670409648294713,0.992725207233924,5.744445122271731e-07]"
/multi_agv/m2b_algorithm_state,1789558521.1771772,1789558521.1771772,m2b_algorithm_state_v1:header6+3x20,"[1.0,-0.15,0.52,4.262839270294128,0.10125038335857722,1789558521.1769915,4.261416467175925,0.10107522872213154,0.0036904376666666654,0.001540292981778177,0.0006967148561725974,0.0005695976127510075,0.004584685874999997,4.2643544179222115,0.09779448837296362,0.002937950746286333,-0.003280740349167921,-0.003298346120122099,1.0108650333264217,3.582444736835905e-07,0.0003740923127358172,0.0016882264410814107,0.0016882264410814107,0.14195026761847568,0.9946622427383315,3.6213681182916914e-07,4.262396950596912,0.10150168113294362,0.002796189458333334,-0.0009436819749693136,0.001667122872472504,0.000753931448413625,-0.0017884964166666626,4.262265768781676,0.10085864492994151,-0.00013118181523630312,-0.0006430362030021147,-0.0006436954650439531,1.0020554540790707,-8.400717402070452e-09,-0.000807672734089332,0.0022057955700797885,0.0022057955700797885,0.12046741980378942,0.9989758168611715,-8.417984690921658e-09,4.261710311145427,0.10117420209534209,0.0036904376666666654,0.0013235792246543564,0.0009824120485861796,0.0005149310229392527,0.0032930326916666636,4.263711601089815,0.09931821072058458,0.002001289944388418,-0.001855991374757504,-0.0018615585300443941,1.0060410565997668,9.838564833408365e-08,0.0006400539004411284,-0.00010336343172078909,-0.00010336343172078909,0.17669977234174047,0.9970094116316841,9.898000160427461e-08]"
/multi_agv/m2b_algorithm_state,1789558521.1872191,1789558521.1872191,m2b_algorithm_state_v1:header6+3x20,"[1.0,-0.15,0.52,4.263842644905455,0.1012503616208818,1789558521.1870968,4.262414498570856,0.10107525908709183,0.0036904376666666654,0.0015400779262866814,0.0006967354353561101,0.0005696801261452525,0.004584685874999997,4.265292447344692,0.09772211262267277,0.0028779487738352927,-0.00335314646441906,-0.0033715479277165003,1.0111138289918076,3.741969284042983e-07,0.00022588803957761553,0.00223992129325309,0.00223992129325309,0.14194453552770364,0.9945421320734708,3.783556890758433e-07,4.263394972953274,0.10150166263399994,0.002796189458333334,-0.0009434481153871065,0.001667107977438853,0.0007538378262681306,-0.0017884964166666626,4.263362247684348,0.10143730504812082,-3.272526892672545e-05,-6.435758587912399e-05,-6.436416070746824e-05,1.000204371579592,-8.409362965896582e-11,-0.00010527074686587505,-0.0005408668451907402,-0.0005408668451907402,0.12046381128808575,0.999897849544343,-8.411081600689286e-11,4.262708339358253,0.10117422835463992,0.0036904376666666654,0.0013234356598994207,0.0009824191377046706,0.0005149895651943895,0.0032930326916666636,4.264669139574333,0.09732294400712578,0.0019608002160795834,-0.003851284347514139,-0.003875618116048234,1.012819406728913,4.241356186514283e-07,-0.0014246178459487546,0.008020469618006239,0.008020469618006239,0.17668854573944592,0.9937213193339837,4.2957278565514006e-07]"
/multi_agv/m2b_algorithm_state,1789558521.1970708,1789558521.1970708,m2b_algorithm_state_v1:header6+3x20,"[1.0,-0.15,0.52,4.264836706133875,0.10125039963424624,1789558521.1969664,4.263417866454394,0.10107520631540132,0.0036904376666666654,0.0015404519168183196,0.0006967012993346344,0.0005695357725844811,0.004584685874999997,4.265851717600023,0.09868982091371306,0.0024338511456285516,-0.002385385401688256,-0.0023946303808829636,1.007820889029831,1.8929782378915836e-07,0.0006476835511527259,0.0003259071980833538,0.0003259071980833538,0.1419524921515326,0.9961392876042529,1.9077830106260187e-07,4.264398355701146,0.10150169536371965,0.002796189458333334,-0.0009438543745939349,0.001667132387074055,0.0007540012285135594,-0.0017884964166666626,4.26393807334932,0.10100414306582403,-0.0004602823518258248,-0.0004975522978956232,-0.0004979465613541052,1.001587795796251,-5.029892999851125e-09,-0.001073299501136386,0.003083188452192899,0.003083188452192899,0.12046881696931946,0.9992082213452586,-5.0378794428118805e-09,4.2637117125608235,0.10117418318352443,0.0036904376666666654,0.001323682999381882,0.0009824075442999014,0.0005148883835941484,0.0032930326916666636,4.265472695048136,0.09552089908497635,0.0017609824873128233,-0.005653284098548081,-0.005706429749370034,1.0191996097126277,9.150694109776179e-07,-0.0035052016402290047,0.016002255195625557,0.016002255195625557,0.17670411892800955,0.9906867072484647,9.326383865283524e-07]"
/multi_agv/m2b_algorithm_state,1789558521.2071629,1789558521.2071629,m2b_algorithm_state_v1:header6+3x20,"[1.0,-0.15,0.52,4.265838966438597,0.10125038450302087,1789558521.207039,4.264411939677814,0.10107529777272065,0.0036904376666666654,0.001539804037300775,0.0006967620244957115,0.0005697850153482091,0.004584685874999997,4.266938495462841,0.0996198417782269,0.0025265557850273623,-0.0014554559944937456,-0.0014588737915511023,1.004722279934299,7.04003366748401e-08,0.0016993209397331006,-0.0038094552478390806,-0.0038094552478390806,0.14193796319912116,0.9976572359602658,7.07327867720876e-08,4.265392402355845,0.10150163922127574,0.002796189458333334,-0.0009431502591244131,0.0016670886659087003,0.0007537187610885121,-0.0017884964166666626,4.264928248754471,0.10089013464461342,-0.0004641536013743064,-0.000611504576662314,-0.0006121006274757436,1.0019539663662622,-7.592605526265316e-09,-0.0011922926291936266,0.00355495527079631,0.00355495527079631,0.12045967373892427,0.999026220875009,-7.607441222095935e-09,4.264705776367967,0.10117426190874232,0.0036904376666666654,0.0013232523382699347,0.0009824283483677925,0.000515064236966423,0.0032930326916666636,4.265866227379954,0.09613143057356817,0.0011604510119864742,-0.00504283133517415,-0.005084926151397249,1.017010381508224,7.276141066514452e-07,-0.0036343623864141562,0.016216366142830233,0.016216366142830233,0.1766756741477824,0.9917216464959807,7.399911001963519e-07]"
/multi_agv/m2b_algorithm_state,1789558521.2171345,1789558521.2171345,m2b_algorithm_state_v1:header6+3x20,"[1.0,-0.15,0.52,4.266839776248894,0.10125037912041106,1789558521.21702,4.265414195542663,0.10107525932435636,0.0036904376666666654,0.0015400781844074514,0.0006967396028247919,0.0005696778465743039,0.004584685874999997,4.2678139177188195,0.09831988328085535,0.0023997221761566934,-0.002755376043501012,-0.0027677457253458045,1.0090715638838046,2.525746675559374e-07,0.00023190699485006218,0.0019535510169982027,0.0019535510169982027,0.14194722092689488,0.995530773751535,2.548659147881018e-07,4.266394667874815,0.10150166456929242,0.002796189458333334,-0.0009434491861895645,0.0016671043086526893,0.000753840198814637,-0.0017884964166666626,4.2659551681437815,0.10125312068323596,-0.00043949973103352136,-0.00024854388605646816,-0.00024864208274019136,1.0007909192822573,-1.2543711486281855e-09,-0.000798016746532093,0.0019987770748060127,0.0019987770748060127,0.12046550183208647,0.9996050681258739,-1.2553632549567428e-09,4.265708035898315,0.10117422961541385,0.0036904376666666654,0.0013234308634594272,0.0009824212818687617,0.000514990528986414,0.0032930326916666636,4.266944889523495,0.09756122489227975,0.0012368536251807782,-0.0036130047231340973,-0.0036343822828089184,1.0119942431778164,3.732190893825447e-07,-0.0020883152513329457,0.010245583138646291,0.010245583138646291,0.1766938051624586,0.9941179661325282,3.776955698992021e-07]"
/multi_agv/m2b_algorithm_state,1789558521.2273173,1789558521.2273173,m2b_algorithm_state_v1:header6+3x20,"[1.0,-0.15,0.52,4.267841942741966,0.1012503652652489,1789558521.2270963,4.266415003792483,0.1010752455473741,0.0036904376666666654,0.0015401764758501912,0.0006967317307445592,0.0005696393359719747,0.004584685874999997,4.2691290909612984,0.09718423854345681,0.0027140871688153823,-0.003891007003917285,-0.003915885541333713,1.012974380268131,5.040746735357822e-07,-0.0005232765803144853,0.005099412393858686,0.005099412393858686,0.14195134268246135,0.9936467659348506,5.106147300337695e-07,4.267395479508427,0.10150167372794124,0.002796189458333334,-0.0009435563897930762,0.0016671097786007394,0.0007538838225905481,-0.0017884964166666626,4.267569462691939,0.10044721696348465,0.0001739831835116945,-0.0010544567644565905,-0.0010562350279864565,1.003386295990822,-2.2592667193580025e-08,-0.0008387560485968383,0.002495779491594368,0.002495779491594368,0.12046809657732269,0.9983164130304827,-2.266917265191962e-08,4.266708845445771,0.10117421808591782,0.0036904376666666654,0.0013234946691343904,0.0009824188346676975,0.0005149641446581528,0.0032930326916666636,4.268273526569715,0.09687143272269272,0.001564681123944034,-0.004302785363225106,-0.0043332621618227965,1.0143947415187304,5.295836516584877e-07,-0.002377410756892754,0.011538598594302263,0.011538598594302263,0.1767018779766358,0.9929667771162799,5.37206871436657e-07]"
/multi_agv/m2b_algorithm_state,1789558521.2375326,1789558521.2375326,m2b_algorithm_state_v1:header6+3x20,"[1.0,-0.15,0.52,4.268840281250227,0.10125037619988102,1789558521.2373536,4.267417165951545,0.10107521211755446,0.0036904376666666654,0.001540413252016563,0.0006967097696211507,0.000569548126382896,0.004584685874999997,4.270078606432208,0.09750459753647928,0.002661440480663302,-0.0035706145810751877,-0.00359151440673284,1.0118634666987585,4.2445909450615023e-07,-0.0002647138059037129,0.0040554252259315075,0.0040554252259315075,0.14195249343733812,0.9941807763269799,4.294946508388091e-07,4.268397651260291,0.10150169430107897,0.002796189458333334,-0.0009438135988699423,0.0016671255549756125,0.0007539871074901949,-0.0017884964166666626,4.268566707583866,0.10044721696348465,0.00016905632357477884,-0.0010544773375943256,-0.001056255670297319,1.003386361908689,-2.2599705879360303e-08,-0.0008449352658288455,0.0025173851617054507,0.0025173851617054507,0.12046881622780478,0.9983163804436734,-2.267623666249774e-08,4.267711011014062,0.10117418937711328,0.0036904376666666654,0.0013236517088308286,0.0009824113278678942,0.0005148999788049976,0.0032930326916666636,4.269177290328314,0.09625533890039699,0.0014662793142523611,-0.004918850476716294,-0.004958863727314129,1.016569275485865,6.924334637119461e-07,-0.0031260145844986776,0.014396987450604824,0.014396987450604824,0.17670411641339276,0.9919309638662911,7.039065845278211e-07]"
/multi_agv/m2b_algorithm_state,1789558521.2472835,1789558521.2472835,m2b_algorithm_state_v1:header6+3x20,"[1.0,-0.15,0.52,4.26984507724853,0.10125034560227648,1789558521.2471542,4.268415507837035,0.1010752389445956,0.0036904376666666654,0.0015402226853245848,0.0006967268473024638,0.0005696218461958223,0.004584685874999997,4.271160268029969,0.09862852423658,0.002744760192934237,-0.002446714708015593,-0.0024564456667537887,1.0080274923644736,1.991351669003013e-07,0.0009745045744140074,-0.0007966005182274195,-0.0007966005182274195,0.14195249108873723,0.9960386020867887,2.0073372293209165e-07,4.269395985711572,0.10150167737316929,0.002796189458333334,-0.0009436061577873735,0.0016671133840366892,0.0007539035198647903,-0.0017884964166666626,4.269850723575548,0.1004435066535753,0.00045473786397565163,-0.0010581707195939788,-0.0010599615820002313,1.0033983657074972,-2.2753354142193643e-08,-0.0004915392520306668,0.0012693729434126544,0.0012693729434126544,0.12046881758527204,0.9983104459287355,-2.2830678360641014e-08,4.268709350202073,0.10117421228187819,0.0036904376666666654,0.0013235258770757509,0.000982417018822135,0.0005149515617557938,0.0032930326916666636,4.270195207558247,0.09675914359654772,0.001485857356174236,-0.004415068685330467,-0.004447183896231737,1.0147889133349108,5.576356338208052e-07,-0.0025898622010139417,0.012326073895056081,0.012326073895056081,0.17670412098998836,0.9927785286935219,5.658824588818391e-07]"
/multi_agv/m2b_algorithm_state,1789558521.2572799,1789558521.2572799,m2b_algorithm_state_v1:header6+3x20,"[1.0,-0.15,0.52,4.270839747469277,0.10125038030913529,1789558521.257002,4.269420294149409,0.10107516587935625,0.0036904376666666654,0.001540739505038634,0.0006966777122515916,0.0005694233838323734,0.004584685874999997,4.272411970766749,0.09789481434871501,0.002991676617339678,-0.003180351530641237,-0.0031968838759799676,1.0105207401619807,3.36731781919771e-07,0.00054271189569463,0.0010523140485085999,0.0010523140485085999,0.14195250035396298,0.9948286062365457,3.4027444950162965e-07,4.270400793529922,0.10150172168193261,0.002796189458333334,-0.0009441671351372257,0.0016671488441764026,0.0007541282389683379,-0.0017884964166666626,4.270907099066299,0.10106984767420135,0.0005063055363772051,-0.00043187400773125884,-0.0004321709056556918,1.0013771755328353,-3.790700904228641e-09,0.0002007110148158146,-0.001461521341300496,-0.001461521341300496,0.1204688122362002,0.9993130080703084,-3.795921364766241e-09,4.269714144066259,0.10117414924554063,0.0036904376666666654,0.0013238699842004925,0.0009823999828280968,0.0005148112661569411,0.0032930326916666636,4.271400748796431,0.09628391034857456,0.0016866047301720144,-0.004890238896966076,-0.004929779549589538,1.0164676518132498,6.845026013341827e-07,-0.0028215236368745204,0.013324464369080925,0.013324464369080925,0.17670410294213038,0.991979224988518,6.957747518382178e-07]"
/multi_agv/m2b_algorithm_state,1789558521.267175,1789558521.267175,m2b_algorithm_state_v1:header6+3x20,"[1.0,-0.15,0.52,4.271841413721428,0.1012503695882669,1789558521.2670329,4.270414975085004,0.10107525097441596,0.0036904376666666654,0.0015401351860313654,0.0006967318819452112,0.0005696571547289166,0.004584685874999997,4.273300292229779,0.09647140173106084,0.0028853171447753567,-0.004603849243355121,-0.004638865082636284,1.0154739864543618,7.059819230047204e-07,-0.001032218651667088,0.007181991396926391,0.007181991396926391,0.141952491399531,0.9924516366271935,7.169062777183197e-07,4.271395450873198,0.10150166805621925,0.002796189458333334,-0.0009435094287162499,0.0016671102117653547,0.0007538632412519286,-0.0017884964166666626,4.271861842801186,0.10036946746195209,0.00046639192798725304,-0.0011322005942671631,-0.001134251948165575,1.0036391639610007,-2.604701951683557e-08,-0.0005512620381815088,0.0015132490800771861,0.0015132490800771861,0.12046881740450785,0.9981914477627923,-2.614180889155272e-08,4.270708816449628,0.10117422189677062,0.0036904376666666654,0.0013234710021165727,0.000982418050330348,0.0005149748113360076,0.0032930326916666636,4.272395410928361,0.09715637982120269,0.0016865944787332054,-0.0040178420755679345,-0.004044359235141509,1.0133987461886993,4.616748411433871e-07,-0.0019361161367250019,0.009879449537753908,0.009879449537753908,0.17670412039226194,0.9934434213105586,4.6786070516157537e-07]"
/multi_agv/m2b_algorithm_state,1789558521.2773006,1789558521.2773006,m2b_algorithm_state_v1:header6+3x20,"[1.0,-0.15,0.52,4.272843235012972,0.10125035822400902,1789558521.2770889,4.271416638056219,0.10107522474832623,0.0036904376666666654,0.0015403212028111024,0.0006967152329561792,0.0005695851841293479,0.004584685874999997,4.274174849089405,0.09613831606164848,0.0027582110331865195,-0.004936908686677746,-0.004977274760475097,1.0166551548263258,8.120867219235264e-07,-0.0015295109689919479,0.009055773852635821,0.009055773852635821,0.14195249503023147,0.991889924559138,8.256121520095662e-07,4.2723971210741984,0.10150168449002243,0.002796189458333334,-0.0009437115813783945,0.001667122058310433,0.0007539447052665876,-0.0017884964166666626,4.272858717270121,0.10036946746195209,0.0004615961959224535,-0.0011322170280703425,-0.0011342684413191537,1.0036392166537278,-2.6053354886782118e-08,-0.0005572731964160868,0.0015343077298013165,0.0015343077298013165,0.12046881530738522,0.9981914217357353,-2.6148168689771577e-08,4.271710482033868,0.10117419952645205,0.0036904376666666654,0.001323593663048159,0.0009824124587454628,0.0005149245511241168,0.0032930326916666636,4.273433776720621,0.09795350823862867,0.0017232946867533627,-0.003220691287823388,-0.003237628397135869,1.0106449838178408,2.9653096904510084e-07,-0.0010835100386941657,0.0065588024192402075,0.0065588024192402075,0.17670411330882224,0.9947686679152355,2.996875364120746e-07]"
/multi_agv/m2b_algorithm_state,1789558521.287344,1789558521.287344,m2b_algorithm_state_v1:header6+3x20,"[1.0,-0.15,0.52,4.273842191347414,0.10125036544433019,1789558521.287162,4.27241845572376,0.10107519796015679,0.0036904376666666654,0.001540510239962667,0.000696696787361261,0.0005695128388193302,0.004584685874999997,4.27521940904324,0.09694949601854444,0.0028009533194799374,-0.004125701941612353,-0.0041537215092123814,1.0137930919150715,5.669235573675629e-07,-0.0006525298598624597,0.005652740609093576,0.005652740609093576,0.14195249894760545,0.9932543461236183,5.74743186103153e-07,4.2733989468194,0.10150170040061743,0.002796189458333334,-0.0009439163831704549,0.0016671354192867582,0.0007540265298252441,-0.0017884964166666626,4.273487157763594,0.10147315139444321,8.821094419353415e-05,-2.854900617421663e-05,-2.8550299622018845e-05,1.0000906222543884,-1.6555799000471904e-11,8.171338061989883e-05,-0.0012211237323145772,-0.0012211237323145772,0.12046881304599084,0.999954695823885,-1.6557299324300528e-11,4.272712302495753,0.10117417631125282,0.0036904376666666654,0.0013237199661920583,0.00098240594113026,0.000514873193826542,0.0032930326916666636,4.27450887324878,0.09840496252960115,0.0017965707530267494,-0.0027692137816516665,-0.0027816927868660976,1.0091065318292325,2.1917950487860915e-07,-0.0005359793455826608,0.004442050915485138,0.004442050915485138,0.17670410567368833,0.995513880873779,2.2117547001610162e-07]"
/multi_agv/m2b_algorithm_state,1789558521.2970896,1789558521.2970896,m2b_algorithm_state_v1:header6+3x20,"[1.0,-0.15,0.52,4.274840199081285,0.10125037843831651,1789558521.2968578,4.273417414213627,0.10107521639217543,0.0036904376666666654,0.0015403785110100318,0.000696707586161871,0.0005695643208622202,0.004584685874999997,4.275988904660217,0.09762509337048715,0.0025714904465896637,-0.0034501230216882756,-0.0034696184588734304,1.0114476816134161,3.962561494725069e-07,-0.0002552554006363507,0.003969731883193493,0.003969731883193493,0.14195249770455654,0.9943811005687683,4.0079236370902637e-07,4.274397900629698,0.10150168812288429,0.002796189458333334,-0.0009437723507352493,0.0016671278468551876,0.0007539680356623141,-0.0017884964166666626,4.274496642405299,0.10147315139444321,9.874177560043051e-05,-2.8536728441080905e-05,-2.8538020776701767e-05,1.0000905832839944,-1.653903885516666e-11,9.488919872383637e-05,-0.0012677546768599063,-0.0012677546768599063,0.12046881376135773,0.9999547153031049,-1.654053701562027e-11,4.273711259198914,0.10117419181793084,0.0036904376666666654,0.0013236339923376294,0.0009824092916832063,0.0005149087173059322,0.0032930326916666636,4.274903193584236,0.09665181540729403,0.0011919343853215025,-0.004522376410636811,-0.004556098847263208,1.0151665181011036,5.851580950465949e-07,-0.00306618086561133,0.014032151729119157,0.014032151729119157,0.17670410809338893,0.9925983966202458,5.940329058871264e-07]"
/multi_agv/m2b_algorithm_state,1789558521.3071048,1789558521.3071048,m2b_algorithm_state_v1:header6+3x20,"[1.0,-0.15,0.52,4.275844279892426,0.10125035232787875,1789558521.3069472,4.274415426043184,0.10107524787420534,0.0036904376666666654,0.0015401551679766461,0.0006967282559681815,0.0005696503794214654,0.004584685874999997,4.276975069051829,0.09719523569685122,0.002559643008645196,-0.0038800121773541196,-0.003904748273236505,1.0129361281676792,5.012195687943072e-07,-0.00070519451243001,0.005731302390069497,0.005731302390069497,0.14195249476108387,0.9936651240614077,5.077034093763792e-07,4.275395903406234,0.10150166857879059,0.002796189458333334,-0.0009435293090715178,0.0016671129748475622,0.0007538704214222203,-0.0017884964166666626,4.275454358124755,0.10061539257701532,5.845471852072848e-05,-0.0008862760017752658,-0.0008875306567548756,1.0028407843250995,-1.595826571622569e-08,-0.000814462258603965,0.0023364132144123215,0.0023364132144123215,0.1204688154627894,0.9985863530796814,-1.6003599707328117e-08,4.274709267794436,0.10117421886195362,0.0036904376666666654,0.0013234857509918214,0.0009824162905300868,0.0005149693336314954,0.0032930326916666636,4.275894378193236,0.09831036502042674,0.0011851103987998712,-0.0028638538415268755,-0.0028772098773125598,1.0094277590731857,2.3438961804978742e-07,-0.0013958218788127207,0.007503701926141967,0.007503701926141967,0.17670411383857126,0.9953579904298954,2.3659938689801682e-07]"
/multi_agv/m2b_algorithm_state,1789558521.3170784,1789558521.3170784,m2b_algorithm_state_v1:header6+3x20,"[1.0,-0.15,0.52,4.276842036158862,0.10125036732899417,1789558521.316891,4.275419498678364,0.10107518507833059,0.0036904376666666654,0.0015405996908008242,0.0006966867461946076,0.0005694792884839924,0.004584685874999997,4.277857870573607,0.09643169993607699,0.0024383718952432076,-0.0046434851422536005,-0.004679117114604897,1.015614120209817,7.184245588653778e-07,-0.0016311522455508872,0.009289105613793685,0.009289105613793685,0.1419525027465721,0.9923848940989148,7.296421262891866e-07,4.276399994154632,0.1015017070329857,0.002796189458333334,-0.0009440119334583703,0.0016671427866166155,0.0007540641153208488,-0.0017884964166666626,4.276456757184689,0.10061539257701532,5.67630300567501e-05,-0.0008863144559703717,-0.0008875692195401555,1.0028409073451796,-1.596781167973498e-08,-0.0008166154319692179,0.0023435670964649493,0.0023435670964649493,0.120468810851075,0.9985862921537163,-1.6013174753222386e-08,4.275713346844284,0.10117416487231995,0.0036904376666666654,0.001323780851271952,0.000982402021114482,0.0005148488415337065,0.0032930326916666636,4.277012678285962,0.09983544447494724,0.0012993314416780422,-0.0013387203973727058,-0.0013416055467636745,1.0043320634994288,5.1177011342263325e-08,0.00028255875533387815,0.0009252824887270243,0.0009252824887270243,0.1767040982595542,0.9978494801263096,5.1398713405109e-08]"
/multi_agv/m2b_algorithm_state,1789558521.327053,1789558521.327053,m2b_algorithm_state_v1:header6+3x20,"[1.0,-0.15,0.52,4.277842861020988,0.10125036236313108,1789558521.326846,4.276417259521767,0.1010752224748877,0.0036904376666666654,0.001540333387003481,0.0006967097788184154,0.0005695827397266843,0.004584685874999997,4.278661764154476,0.09617663574086442,0.002244504632709088,-0.004898586734023283,-0.004938317163681789,1.0165188179623583,7.995159822630311e-07,-0.002132686372795429,0.011142577056684363,0.011142577056684363,0.14195249933898796,0.9919546622175874,8.127230412320303e-07,4.277397744975544,0.101501682901415,0.002796189458333334,-0.000943721493254117,0.0016671264500454086,0.0007539467172624215,-0.0017884964166666626,4.277353153036639,0.1020561018156318,-4.459193890493651e-05,0.0005544189142168005,0.0005539332631366961,0.9982517543394744,-6.239875680620328e-09,0.0004981933395055254,-0.002965674427051021,-0.002965674427051021,0.12046881281961803,1.0008767321127356,-6.228966845039464e-09,4.276711103979276,0.10117419661067986,0.0036904376666666654,0.0013236058496917664,0.000982409486210179,0.0005149208148405001,0.0032930326916666636,4.2778639550962465,0.09909290350150592,0.0011528511169709432,-0.0020812931091739456,-0.002088305803692998,1.0067915941612784,1.237428480036079e-07,-0.0006472419074793189,0.004534227903882877,0.004534227903882877,0.17670410491035377,0.9966419216444972,1.245832592076092e-07]"
/multi_agv/m2b_algorithm_state,1789558521.337086,1789558521.337086,m2b_algorithm_state_v1:header6+3x20,"[1.0,-0.15,0.52,4.278841493790207,0.10125037147986955,1789558521.3369057,4.277418082815741,0.10107521092716848,0.0036904376666666654,0.0015404145669700845,0.000696701707418689,0.0005695517499059221,0.004584685874999997,4.2797731609201835,0.09776271311874071,0.002355078104442576,-0.0033124978084277668,-0.0033304503612836835,1.010974111611539,3.652499061834716e-07,-0.00038660273073046333,0.004370385437124385,0.004370385437124385,0.1419525014671048,0.9946095720072533,3.6925819942003315e-07,4.278398571778558,0.10150168958193001,0.002796189458333334,-0.0009438090847700871,0.0016671322727095372,0.0007539816563967849,-0.0017884964166666626,4.278438169729616,0.10284444396215224,3.959795105767938e-05,0.0013427543802222303,0.0013399227060118938,0.995803795258619,-3.658365962057903e-08,0.001389420144833993,-0.006506143355501609,-0.006506143355501609,0.12046881159094856,1.002113311609417,-3.643014709462209e-08,4.2777119284686655,0.10117418658029476,0.0036904376666666654,0.001323660151740823,0.0009824065620224424,0.0005148987980573548,0.0032930326916666636,4.278627581360885,0.096658174274604,0.0009156528922193985,-0.00451601230569075,-0.004549638294687832,1.0151441002899702,5.835215919423945e-07,-0.003405072179413584,0.01521280764642981,0.01521280764642981,0.17670410075788737,0.9926090852021482,5.923585014521332e-07]"
/multi_agv/m2b_algorithm_state,1789558521.3471222,1789558521.3471222,m2b_algorithm_state_v1:header6+3x20,"[1.0,-0.15,0.52,4.279841603659355,0.10125037092411786,1789558521.3469949,4.278416718439249,0.10107523332552595,0.0036904376666666654,0.0015402552729723291,0.0006967160376317944,0.0005696133433962302,0.004584685874999997,4.2808586874307,0.0986439300987498,0.0024419689914507714,-0.002431303226776149,-0.0024409108709842276,1.0079755483012274,1.9663660104185168e-07,0.0006115503683292367,0.000473572783978812,0.000473572783978812,0.14195249964881157,0.9960639102712486,1.9820488575125014e-07,4.27939720112002,0.1015016753840512,0.002796189458333334,-0.0009436353849619134,0.0016671219894375255,0.0007539117125448802,-0.0017884964166666626,4.27933064736967,0.10100295326652921,-6.655375034991806e-05,-0.0004987221175219853,-0.0004991182407181911,1.0015915504856456,-5.052404894742122e-09,-0.0005823104286555887,0.0013439860663896608,0.0013439860663896608,0.12046881264121101,0.9992063539981311,-5.060446052206027e-09,4.278710561811352,0.10117420573003155,0.0036904376666666654,0.001323554810657677,0.0009824113013367618,0.0005149419941053433,0.0032930326916666636,4.279719516082755,0.09952946361211545,0.0010089542714029065,-0.0016447421179160981,-0.001649107133222558,1.005340736592703,7.725135332237881e-08,-0.0003879142939689248,0.0034286427083330905,0.0034286427083330905,0.17670410431139105,0.9973531038593411,7.766393245190346e-08]"
/multi_agv/m2b_algorithm_state,1789558521.3571,1789558521.3571,m2b_algorithm_state_v1:header6+3x20,"[1.0,-0.15,0.52,4.280841679808272,0.10125037060129316,1789558521.3568718,4.279416828204729,0.10107523185949163,0.0036904376666666654,0.001540265568297147,0.0006967154109116078,0.0005696092067885764,0.004584685874999997,4.281540000815385,0.09792051013116672,0.0021231726106556437,-0.0031547217283249135,-0.003170985539846242,1.0104329500581855,3.312188785173831e-07,-0.0005170197765266872,0.00475927074505781,0.00475927074505781,0.14195250047775193,0.9948710546557342,3.3467446853528313e-07,4.280397311102482,0.10150167634749223,0.002796189458333334,-0.000943646307187115,0.0016671223293815984,0.0007539162701231256,-0.0017884964166666626,4.280339811206023,0.10100295326652921,-5.749989645931208e-05,-0.0004987230809630205,-0.0004991192056874262,1.001591553556883,-5.052482876421417e-09,-0.0005709940762615663,0.0013038735278810276,0.0013038735278810276,0.12046881216334232,0.9992063524707289,-5.060524173514475e-09,4.279710671670854,0.1011742045653697,0.0036904376666666654,0.0013235611553664788,0.0009824110972690208,0.0005149393500702257,0.0032930326916666636,4.280953423534283,0.10214965981638592,0.001242751863429703,0.0009754552510162218,0.00097394999983035,0.9969251446045656,2.7122816801559036e-08,0.0025273898291174788,-0.008119816549841855,-0.008119816549841855,0.17670410268840786,1.001545511767682,2.7039418061977383e-08]"
/multi_agv/m2b_algorithm_state,1789558521.3670533,1789558521.3670533,m2b_algorithm_state_v1:header6+3x20,"[1.0,-0.15,0.52,4.281842853925032,0.10125036330063632,1789558521.366927,4.280416904313684,0.1010752310031666,0.0036904376666666654,0.0015402715101329838,0.0006967151079875216,0.00056960678881523,0.004584685874999997,4.282407585946306,0.09665292993544765,0.001990681632621616,-0.004422301067718945,-0.004454565799890063,1.0148337162350216,6.51385286187457e-07,-0.001966213759113043,0.010367372930847876,0.010367372930847876,0.1419525012539897,0.9927569299409803,6.610477506824301e-07,4.281397387291296,0.10150167689740469,0.002796189458333334,-0.0009436524910091367,0.0016671224490742986,0.0007539188883346204,-0.0017884964166666626,4.281045600711698,0.10151812401217707,-0.0003517865795981123,1.6447114772374927e-05,1.6446685632884053e-05,0.999947819083866,-5.4930370563726735e-12,-0.00042328653886475635,0.000551700390461923,0.000551700390461923,0.12046881171493279,1.0000260927642475,-5.492750424666714e-12,4.280710747819834,0.10117420390330817,0.0036904376666666654,0.0013235647128462687,0.0009824109912916603,0.0005149378631670435,0.0032930326916666636,4.281605159516392,0.10042080253577396,0.0008944116965583504,-0.0007534013675342122,-0.0007543111203794046,1.0024219217530583,1.6199569585561246e-08,0.0003637035003185334,0.00037408215758246257,0.00037408215758246257,0.17670410117337607,0.9987939288966933,1.62388036755307e-08]"
/multi_agv/m2b_algorithm_state,1789558521.3771548,1789558521.3771548,m2b_algorithm_state_v1:header6+3x20,"[1.0,-0.15,0.52,4.2828405398439235,0.10125037838094707,1789558521.3770123,4.2814180761654965,0.10107521356205162,0.0036904376666666654,0.0015403947137917224,0.0006967035186223206,0.0005695594133354992,0.004584685874999997,4.283341422710132,0.09738442934067817,0.0019233465446353293,-0.00369078422137345,-0.0037131346453160258,1.0122792304092991,4.535393814520283e-07,-0.0013089514645218642,0.007764831743643751,0.007764831743643751,0.14195250399956025,0.9939807127730286,4.5910849601656874e-07,4.28239856416961,0.1015016874426158,0.002796189458333334,-0.0009437859434266302,0.0016671307337334795,0.0007539724259384151,-0.0017884964166666626,4.2820556127504625,0.10151812401217707,-0.0003429514191477523,1.6436569561267822e-05,1.6436140971920657e-05,0.9999478525413259,-5.486771108892965e-12,-0.0004122531329627697,0.0005124007641521668,0.0005124007641521668,0.12046881012889941,1.0000260760325612,-5.4864849877233104e-12,4.281711921439991,0.10117418889724156,0.0036904376666666654,0.0013236465167925445,0.0009824069509120296,0.0005149045059847134,0.0032930326916666636,4.282399319288526,0.09819960693811589,0.0006873978485355536,-0.0029745819591256717,-0.002989002765280272,1.0098044519636178,2.5291374210509765e-07,-0.00212975545461083,0.01012804238183716,0.01012804238183716,0.17670409582518723,0.9951753787844864,2.553934227405059e-07]"
/multi_agv/m2b_algorithm_state,1789558521.387127,1789558521.387127,m2b_algorithm_state_v1:header6+3x20,"[1.0,-0.15,0.52,4.283843567293128,0.10125035899751748,1789558521.3869774,4.282415766847038,0.10107525005051687,0.0036904376666666654,0.001540135912157264,0.0006967275372932846,0.0005696590998188919,0.004584685874999997,4.284422062493315,0.09889722433734041,0.0020062956462769677,-0.0021780257131764624,-0.0021857212174264656,1.0071243994145995,1.5776329394544596e-07,0.000322148340419744,0.0013785207760197847,0.0013785207760197847,0.14195250047317545,0.99647919222788,1.5888726266447618e-07,4.2833962443172995,0.10150166483884449,0.002796189458333334,-0.0009435043564881593,0.001667113420126931,0.0007538593736922672,-0.0017884964166666626,4.283086942871118,0.1012126185862397,-0.0003093014461814647,-0.00028904625260478545,-0.00028917910167206273,1.0009202293446484,-1.6966497558273607e-09,-0.0006758059093988937,0.001583105700504954,0.001583105700504954,0.12046881216754007,0.9995405993499905,-1.6982110627202635e-09,4.282709608367434,0.10117422025347983,0.0036904376666666654,0.001323474702660623,0.0009824151002268524,0.0005149747417675945,0.0032930326916666636,4.283613471148171,0.10128979719336362,0.0009038627807367305,0.00011557693988378803,0.00011555567014870942,0.9996320988823622,3.8097857129187915e-10,0.0012453841460696225,-0.0031514787451869582,-0.0031514787451869582,0.1767041027098971,1.0001840648325715,3.808384088497048e-10]"
/multi_agv/m2b_algorithm_state,1789558521.3970973,1789558521.3970973,m2b_algorithm_state_v1:header6+3x20,"[1.0,-0.15,0.52,4.284844022618468,0.10125035664339917,1789558521.3969824,4.283418788287609,0.10107520312801685,0.0036904376666666654,0.0015404683155996498,0.000696697000718771,0.0005695309002861383,0.004584685874999997,4.285634433478051,0.09926165791071842,0.0022156451904420393,-0.001813545217298429,-0.001818866014467972,1.005907901494519,1.0937682997181095e-07,0.0009506904735845771,-0.00100125640907684,-0.00100125640907684,0.14195250656413244,0.9970746623845741,1.1002301750906715e-07,4.2843992790400085,0.1015016938326627,0.002796189458333334,-0.0009438653588593787,0.00166713524064388,0.0007540045054356542,-0.0017884964166666626,4.28409653388331,0.1012126185862397,-0.0003027451566985917,-0.00028907524642300675,-0.0002892081221203925,1.000920321593068,-1.6976392589854578e-09,-0.0006676395679936322,0.0015537966195588527,0.0015537966195588527,0.1204688086471194,0.9995405533689318,-1.699201633052742e-09,4.283712634551764,0.10117418003187291,0.0036904376666666654,0.001323694821340563,0.0009824046916698144,0.0005148847430124386,0.0032930326916666636,4.284996632545873,0.1040800226323316,0.00128399799410861,0.0029058426004586885,0.002892678893158279,0.991039897421321,2.403737977756503e-07,0.004497676385794042,-0.016123627589593577,-0.016123627589593577,0.176704090820428,1.0045506977395742,2.3822002389035381e-07]"
/multi_agv/m2b_algorithm_state,1789558521.4073377,1789558521.4073377,m2b_algorithm_state_v1:header6+3x20,"[1.0,-0.15,0.52,4.285842237685073,0.10125036857842702,1789558521.4072165,4.284419242776639,0.10107519848057409,0.0036904376666666654,0.0015405000501768399,0.0006966925944109192,0.0005695194365920695,0.004584685874999997,4.286590049366592,0.09880423401356485,0.002170806589952612,-0.002270964467009237,-0.0022793365926527683,1.0074361747703804,1.7156553974840328e-07,0.00043417164478799656,0.00102605318540272,0.00102605318540272,0.1419525080249055,0.9963269463270507,1.7284133108654704e-07,4.285399735470016,0.10150169574658321,0.002796189458333334,-0.0009438988746987213,0.0016671385546462858,0.0007540173095521574,-0.0017884964166666626,4.284969169425054,0.1010834146611718,-0.0004305660449626103,-0.0004182810854114205,-0.0004185595596032528,1.0013336247378024,-3.5547936187014057e-09,-0.0009567671158065157,0.002635571522467092,0.002635571522467092,0.12046880780290009,0.9993346844303443,-3.559534379409088e-09,4.284713089608747,0.10117417570304019,0.0036904376666666654,0.0013237173547036595,0.0009824028350448712,0.0005148759414059711,0.0032930326916666636,4.285813511912837,0.10178067043619006,0.0011004223040895766,0.0006064947331498732,0.0006059112054707102,0.998080152596248,1.0489156663569054e-08,0.001981439085582681,-0.005998909416776452,-0.005998909416776452,0.17670408795763343,1.0009630580750024,1.0469019083380954e-08]"
/multi_agv/m2b_algorithm_state,1789558521.4172065,1789558521.4172065,m2b_algorithm_state_v1:header6+3x20,"[1.0,-0.15,0.52,4.286836877548394,0.10125040269320777,1789558521.4171083,4.285417461537462,0.10107522800345627,0.0036904376666666654,0.0015402899718587018,0.0006967111440868477,0.0005696008482265892,0.004584685874999997,4.2874020407083275,0.09779817750201346,0.0019845791708652527,-0.0032770505014428075,-0.0032946162056196404,1.010852365016912,3.5743755094190716e-07,-0.0008138922420380746,0.005853637316638417,0.005853637316638417,0.141952505443882,0.9946683610227891,3.6131659371547977e-07,4.286397946117194,0.10150167687995561,0.002796189458333334,-0.0009436697872853427,0.0016671252963664784,0.0007539249045857704,-0.0017884964166666626,4.285979068347913,0.1010834146611718,-0.00041887776928106746,-0.0004182622187838131,-0.00041854066788635566,1.0013335646395023,-3.5536105249915754e-09,-0.0009421378794876899,0.002583935519345824,0.002583935519345824,0.12046880929363758,0.9993347143446089,-3.5583494943302676e-09,4.28571130540056,0.10117420085186918,0.0036904376666666654,0.0013235788761213293,0.000982408914150446,0.000514932804358863,0.0032930326916666636,4.286719708915449,0.10059095200216824,0.0010084035148887338,-0.000583248849700943,-0.0005837933781297751,1.001871336411852,9.707605564023243e-09,0.0006767110154811422,-0.0008117920176695065,-0.0008117920176695065,0.17670409299675555,0.9990672582985158,9.725771759787098e-09]"
/multi_agv/m2b_algorithm_state,1789558521.4272232,1789558521.4272232,m2b_algorithm_state_v1:header6+3x20,"[1.0,-0.15,0.52,4.287839672446801,0.10125038401334403,1789558521.4271088,4.286412112302783,0.10107530924949308,0.0036904376666666654,0.0015397152039084926,0.0006967663196725477,0.0005698212867713351,0.004584685874999997,4.288362980866029,0.09809755731178721,0.0019508685632452227,-0.002977751937705872,-0.0029922229648092643,1.0098281709375407,2.949613766592873e-07,-0.0005536372607527359,0.004810529859599229,0.004810529859599229,0.14195249642493782,0.9951637871664036,2.9786030748906713e-07,4.287392572655185,0.10150162773852554,0.002796189458333334,-0.000943045601838379,0.001667085320373296,0.0007536751359533272,-0.0017884964166666626,4.286537309319672,0.10145082486510854,-0.0008552633355130013,-5.0802873417007954e-05,-5.0806969956086635e-05,1.0001613029713414,-5.2378226161939315e-11,-0.0011198861393473382,0.003054694454258268,0.003054694454258268,0.1204688144998772,0.9999193705296298,-5.238667492545283e-11,4.286705947687214,0.10117427109160468,0.0036904376666666654,0.0013231954523350077,0.0009824280762041667,0.0005150890363114502,0.0032930326916666636,4.2879866638644675,0.10195478527250026,0.0012807161772538933,0.0007805141808955862,0.000779549027261623,0.9975341831549261,1.736290945209603e-08,0.0023804442488289898,-0.007502751268325595,-0.007502751268325595,0.17670411058941768,1.0012380922818331,1.7320095697489558e-08]"
/multi_agv/m2b_algorithm_state,1789558521.4374976,1789558521.4374976,m2b_algorithm_state_v1:header6+3x20,"[1.0,-0.15,0.52,4.288848437216337,0.10125032755949463,1789558521.437403,4.287414901718728,0.1010752618087005,0.0036904376666666654,0.0015400534868413112,0.0006967385941949898,0.0005696890765503028,0.004584685874999997,4.289154468809773,0.09963230016506978,0.0017395670910449468,-0.0014429616436307108,-0.0014463206978701532,1.0046810845686824,6.92074598205734e-08,0.0007281381659360302,-0.00038520860892706887,-0.00038520860892706887,0.14195250210579363,0.9976775176871984,6.95314257927772e-08,4.288395373988687,0.10150165901372886,0.002796189458333334,-0.0009434145058858333,0.0016671046256551136,0.0007538250011544512,-0.0017884964166666626,4.287544000376464,0.10145082486510854,-0.0008513736122228721,-5.083414862032398e-05,-5.0838250204000114e-05,1.00016140226138,-5.246324443681216e-11,-0.0011150552654825903,0.0030371926576166063,0.0030371926576166063,0.12046881122497916,0.9999193209117214,-5.24717121231036e-11,4.28770874163299,0.10117423121760277,0.0036904376666666654,0.0013234159096030488,0.0009824193370988167,0.0005149980224375336,0.0032930326916666636,4.288308907936701,0.10315745606720002,0.0006001663037107363,0.0019832248495972454,0.0019770500822419777,0.9938198529346263,1.1202011256053226e-07,0.002727257961880398,-0.009323526300663234,-0.009323526300663234,0.17670409950811755,1.0031232225277094,1.1132781179062845e-07]"
/multi_agv/m2b_algorithm_state,1789558521.4474614,1789558521.4474614,m2b_algorithm_state_v1:header6+3x20,"[1.0,-0.15,0.52,4.289850050044105,0.10125031884619529,1789558521.4474268,4.288423648725352,0.1010751262160227,0.0036904376666666654,0.0015410134361772587,0.000696648496873919,0.0005693198423646876,0.004584685874999997,4.290236222496365,0.10051874618746932,0.0018125737710121825,-0.0005563800285533771,-0.0005568761044975641,1.001786970311585,1.0289490368404426e-08,0.001708841109267664,-0.004263421628793904,-0.004263421628793904,0.1419525185025037,0.9991091807671753,1.0307877382214104e-08,4.289404160360108,0.10150174196264967,0.002796189458333334,-0.0009444570758837152,0.0016671694313128427,0.0007542432094651552,-0.0017884964166666626,4.288313038484955,0.0998455637684351,-0.0010911218751523677,-0.0016561781942145692,-0.0016605850294386106,1.0053549713964574,-5.581031320822371e-08,-0.00302448737337907,0.01047026282683691,0.01047026282683691,0.12046880173701381,0.9973462152519037,-5.610917583908108e-08,4.28871750256355,0.1011741144998115,0.0036904376666666654,0.0013240539172988497,0.000982388350250529,0.0005147375890703198,0.0032930326916666636,4.289054981689336,0.10054299448820493,0.00033747912578618866,-0.0006311200116065618,-0.000631757825757479,1.0020260288096408,1.1370999110940303e-08,-0.00020990891852474321,0.0023509730844670502,0.0023509730844670502,0.17670406748874584,0.9989904135336157,1.1394037082733468e-08]"
/multi_agv/m2b_algorithm_state,1789558521.4575527,1789558521.4575527,m2b_algorithm_state_v1:header6+3x20,"[1.0,-0.15,0.52,4.290845600631293,0.10125034880088903,1789558521.45751,4.289425258285247,0.101075109266324,0.0036904376666666654,0.0015411293950177546,0.0006966315949176397,0.000569278370523024,0.004584685874999997,4.291128384912361,0.09910917816436565,0.0017031266271141376,-0.0019659311019583486,-0.001972190827247306,1.0064153218889937,1.2859846755885926e-07,0.00015671745664536585,0.001867625356086256,0.001867625356086256,0.14195252204451286,0.9968260042575623,1.2942346812268066e-07,4.290405777514765,0.10150174878687332,0.002796189458333334,-0.0009445801876696068,0.0016671824119791623,0.000754289822034071,-0.0017884964166666626,4.289311505604879,0.0998455637684351,-0.0010942719098858689,-0.0016561850184382138,-0.001660591889800431,1.0053549933829315,-5.5818046686500244e-08,-0.003028431777157767,0.010484062221004054,0.010484062221004054,0.12046879968482276,0.9973462044531924,-5.6116951957154615e-08,4.289719114332304,0.10117409848538857,0.0036904376666666654,0.0013241373956838884,0.0009823812661253761,0.0005147050892694649,0.0032930326916666636,4.290091499937924,0.10087358328509265,0.0003723856056199182,-0.00030051520029591994,-0.0003006594513259834,1.0009611145551867,2.5777179823866044e-09,0.0001648225556989143,0.0008747417667031362,0.0008747417667031362,0.17670406056468466,0.9995202178763138,2.5801954646586426e-09]"
/multi_agv/m2b_algorithm_state,1789558521.467559,1789558521.467559,m2b_algorithm_state_v1:header6+3x20,"[1.0,-0.15,0.52,4.291849806141342,0.10125032277595403,1789558521.4674768,4.2904208178623895,0.1010751849020048,0.0036904376666666654,0.0015405899800395259,0.000696676767505799,0.0005694886880346719,0.004584685874999997,4.292200972055789,0.09848616168661997,0.0017801541933994969,-0.002589023215384831,-0.0025999307333997215,1.0085079871844331,2.2304747000367544e-07,-0.00037473799165035036,0.004013448588877591,0.004013448588877591,0.14195251468039302,0.9958046889962227,2.2494515501998695e-07,4.291401317494145,0.10150169918524475,0.002796189458333334,-0.0009439913923328883,0.0016671505885579307,0.0007540511530671756,-0.0017884964166666626,4.290848733402959,0.10115376919060298,-0.0005525840911859703,-0.00034792999464176855,-0.0003481225701063692,1.0011084359882785,-2.4597052303691013e-09,-0.001038852684088832,0.002895790703080884,0.002895790703080884,0.12046880395162897,0.9994468170663517,-2.462431656166999e-09,4.290714666537343,0.10117416231541752,0.0036904376666666654,0.0013237845874083513,0.0009823955923762293,0.0005148505659243359,0.0032930326916666636,4.291430866428465,0.1009255637406957,0.000716199891122038,-0.00024859857472182834,-0.00024869725096249117,1.0007946055617398,1.7634704880638684e-09,0.0006465526129400562,-0.0008576709705972428,-0.0008576709705972428,0.17670407496110133,0.9996032274571556,1.764871751521648e-09]"
/multi_agv/m2b_algorithm_state,1789558521.4772556,1789558521.4772556,m2b_algorithm_state_v1:header6+3x20,"[1.0,-0.15,0.52,4.292849901727371,0.10125032380185194,1789558521.4771376,4.291425014985089,0.10107512440374718,0.0036904376666666654,0.001541015990361941,0.000696633907196542,0.0005693263239632258,0.004584685874999997,4.293243202457087,0.09942316653920633,0.0018181874719980229,-0.0016519578645408511,-0.0016563673699310291,1.0053717293207771,9.077662071300858e-08,0.0006163669700664995,0.00010522837499921936,0.00010522837499921936,0.14195252287743385,0.9973378457761084,9.126424814813372e-08,4.292405533383698,0.10150173433618459,0.002796189458333334,-0.0009444521553844936,0.0016671817270692557,0.0007542346806916622,-0.0017884964166666626,4.2918574866350605,0.10115376919060298,-0.0005480467486371765,-0.00034796514558160796,-0.00034815775991904043,1.0011085478868846,-2.4614027484453217e-09,-0.001033216195715511,0.0028753603818057884,0.0028753603818057884,0.12046879920104207,0.999446761326023,-2.4641313312608828e-09,4.291718870055237,0.10117410958793034,0.0036904376666666654,0.0013240705709665875,0.0009823801585046258,0.0005147346312470015,0.0032930326916666636,4.292444192710651,0.10096277398480688,0.000725322655413585,-0.0002113356031234609,-0.00021140689477975198,1.0006752158398728,1.274673265829235e-09,0.0006952464244872293,-0.0010471658302218289,-0.0010471658302218289,0.17670405892563187,0.9996627751598861,1.2755339454089853e-09]"
/multi_agv/m2b_algorithm_state,1789558521.4874814,1789558521.4874814,m2b_algorithm_state_v1:header6+3x20,"[1.0,-0.15,0.52,4.293844153157417,0.1012503617025089,1789558521.4873927,4.292425110502307,0.10107513047473074,0.0036904376666666654,0.0015409690250721489,0.0006966330646816839,0.0005693471196733772,0.004584685874999997,4.294345130380943,0.10047876135982321,0.0019200198786366585,-0.0005963691149075273,-0.0005969392350826308,1.0019162725563866,1.1821717809327533e-08,0.0018030856132131923,-0.004578526361617013,-0.004578526361617013,0.1419525236801362,0.9990449276214446,1.1844371442734894e-08,4.2934056293738365,0.10150172732456318,0.002796189458333334,-0.0009443979828542247,0.0016671829393981596,0.0007542105681337397,-0.0017884964166666626,4.2930544271558215,0.09930924437803693,-0.00035120221801498985,-0.0021924829465262557,-0.002200237258916135,1.0071320471819538,-9.783630910835832e-08,-0.0026392400314348722,0.009330894920486032,0.009330894920486032,0.12046879873284325,0.9964756926288489,-9.853408228102734e-08,4.292718965305968,0.10117411360626188,0.0036904376666666654,0.0013240446928624327,0.0009823786538829546,0.0005147466309938387,0.0032930326916666636,4.293714165644444,0.10030199446533755,0.0009952003384761099,-0.0008721191409243323,-0.0008733392872075807,1.0028073260378048,2.1716777104813455e-08,0.0003706611358875566,0.000403627688640612,0.000403627688640612,0.17670405736464248,0.9986028954598507,2.1777743178637e-08]"
/multi_agv/m2b_algorithm_state,1789558521.4970262,1789558521.4970262,m2b_algorithm_state_v1:header6+3x20,"[1.0,-0.15,0.52,4.294837386745183,0.10125040477254005,1789558521.4969258,4.293419373658934,0.10107522403421527,0.0036904376666666654,0.0015403035889273052,0.000696692018343192,0.0005696048939306335,0.004584685874999997,4.295819257459176,0.10004911943833641,0.0023998838002414757,-0.00102610459587886,-0.0010277978669562145,1.0033131533059454,3.4992435396816284e-08,0.00197205688334563,-0.004974602373743369,-0.004974602373743369,0.1419525139860982,0.9983525252077347,3.510837069983433e-08,4.294399866764263,0.10150166771611512,0.002796189458333334,-0.0009436725821674479,0.0016671408205377602,0.000753918040818688,-0.0017884964166666626,4.294034750913506,0.09930924437803693,-0.0003651158507569363,-0.0021924233380781893,-0.0022001772315626555,1.007131854184406,-9.775586734532587e-08,-0.002656572045008826,0.009392640196393668,0.009392640196393668,0.1204688043505471,0.9964757868715155,-9.845304793690288e-08,4.293713219049055,0.10117419335719627,0.0036904376666666654,0.0013236058269077444,0.0009823980337162483,0.0005149267816435183,0.0032930326916666636,4.294856813559535,0.1019894153302664,0.0011435945104798506,0.0008152219730701293,0.0008141693498077291,0.9974255471695788,1.894683415488734e-08,0.0022436624879075425,-0.0070320967824061085,-0.0070320967824061085,0.176704076319597,1.0012928799919192,1.8898056424069768e-08]"
/multi_agv/m2b_algorithm_state,1789558521.5073202,1789558521.5073202,m2b_algorithm_state_v1:header6+3x20,"[1.0,-0.15,0.52,4.2958444854868425,0.10125035829911515,1789558521.5072446,4.294412621110492,0.10107532644377441,0.0036904376666666654,0.0015395789860147987,0.0006967620074782128,0.0005698825744660213,0.004584685874999997,4.296729687221634,0.09849511502705108,0.0023170661111420188,-0.0025802114167233353,-0.00259104407482437,1.008478175311228,2.213849629689371e-07,0.0003052885641031534,0.0016170408065021948,0.0016170408065021948,0.14195250244814167,0.9958191918824195,2.2326190349625746e-07,4.295393083393452,0.10150160584512873,0.002796189458333334,-0.0009428852369998512,0.0016670899448083532,0.0007536032177660329,-0.0017884964166666626,4.295251517583596,0.1008476137218876,-0.00014156580985602574,-0.0006539921232411317,-0.0006546740986232121,1.0020907362282985,-8.682147518311908e-09,-0.0008316313609432443,0.002296246031309101,0.002296246031309101,0.12046881102349366,0.9989582979019412,-8.700299598667875e-09,4.294706455731603,0.101174282028717,0.0036904376666666654,0.0013231217539336738,0.0009824223305245914,0.0005151239702084033,0.0032930326916666636,4.296000758780524,0.10232031030032986,0.001294303048920753,0.0011460282716128506,0.001143953246112768,0.9963944713874767,3.7420776008510824e-08,0.002761832057263709,-0.009038498943882513,-0.009038498943882513,0.17670409884210658,1.0018139076112889,3.7285854329909314e-08]"
/multi_agv/m2b_algorithm_state,1789558521.517202,1789558521.517202,m2b_algorithm_state_v1:header6+3x20,"[1.0,-0.15,0.52,4.2968442533342746,0.10125036025902677,1789558521.5171123,4.295419705751669,0.10107521187150813,0.0036904376666666654,0.001540392640332977,0.000696690410716627,0.0005695671300745493,0.004584685874999997,4.297557265662182,0.09739740521698273,0.0021375599105128984,-0.003677806654525398,-0.003699998016134873,1.0122342782923917,4.5035121561960944e-07,-0.0010280481279937499,0.006775539669145516,0.006775539669145516,0.14195251586521787,0.9940023314843134,4.5586093772081664e-07,4.296400199018531,0.10150167844739164,0.002796189458333334,-0.0009437701371545551,0.0016671405950656748,0.0007539604448294351,-0.0017884964166666626,4.29607963291687,0.10055501506513378,-0.00032056610166097954,-0.0009466633822578507,-0.000948095490190689,1.0030364194163275,-1.821241713810763e-08,-0.0013488031172669134,0.004253087973285426,0.004253087973285426,0.12046880326558046,0.9984894897743368,-1.8267717675124035e-08,4.295713551690326,0.10117418457844571,0.0036904376666666654,0.0013236571224750381,0.0009823985613756307,0.0005149042725938443,0.0032930326916666636,4.297047290249254,0.10262306827024344,0.0013337385589275996,0.0014488836917977282,0.0014455746382234982,0.9954573519318494,5.982314978344039e-08,0.0031127478368829977,-0.010437783289068062,-0.010437783289068062,0.176704072644246,1.0022890921621983,5.955139426764596e-08]"
/multi_agv/m2b_algorithm_state,1789558521.5271406,1789558521.5271406,m2b_algorithm_state_v1:header6+3x20,"[1.0,-0.15,0.52,4.297843796952375,0.10125036357847755,1789558521.5270638,4.296419474278735,0.10107521690416027,0.0036904376666666654,0.001540356315742703,0.0006966935653952781,0.0005695812343717684,0.004584685874999997,4.298823683278784,0.09774376589676961,0.002404209000049562,-0.0033314510073906567,-0.0033496121705214473,1.0110392444405891,3.6943207474335924e-07,-0.00034435092045949486,0.00423039194465794,0.00423039194465794,0.14195251607503112,0.9945781295844877,3.735103257206452e-07,4.297399966063126,0.10150167499470486,0.002796189458333334,-0.0009437297864936254,0.0016671381865540624,0.0007539442070342989,-0.0017884964166666626,4.297077044518783,0.10074660473507153,-0.0003229215443427691,-0.0007550702596333253,-0.0007559800263882867,1.002416635465291,-1.1584457270702292e-08,-0.0011596319568167482,0.0035008994150343654,0.0035008994150343654,0.12046880314002319,0.998796573026793,-1.1612452680988819e-08,4.296713319660963,0.10117418887821515,0.0036904376666666654,0.001323633042123421,0.000982399478188123,0.0005149142335940417,0.0032930326916666636,4.297826647562623,0.10292374968925051,0.0011133279016597442,0.001749560811035361,0.0017447468253478152,0.9945334291521893,8.720804252257939e-08,0.0031364067024224956,-0.010670489575282906,-0.010670489575282906,0.1767040722290666,1.0027591313637074,8.673131357963082e-08]"
/multi_agv/m2b_algorithm_state,1789558521.5372257,1789558521.5372257,m2b_algorithm_state_v1:header6+3x20,"[1.0,-0.15,0.52,4.298838952731109,0.10125039453751773,1789558521.5370827,4.297419019035086,0.10107522497941278,0.0036904376666666654,0.0015402986776269483,0.0006966990574072795,0.0005696033614382922,0.004584685874999997,4.300074958810778,0.09998380248273189,0.0026559397756917846,-0.0010914224966808855,-0.0010933391469918675,1.0035266548917272,3.959083804992815e-08,0.0022265855726228633,-0.005843815881161961,-0.005843815881161961,0.1419525158932629,0.998246975500461,3.973046127260451e-08,4.298399508300183,0.10150166988050777,0.002796189458333334,-0.0009436664456701572,0.0016671340434237791,0.0007539189060906115,-0.0017884964166666626,4.298114250963358,0.10109407353642348,-0.00028525733682549514,-0.000407596344084285,-0.00040786075177892147,1.0012994010284892,-3.374647242328102e-09,-0.0007644324228107904,0.0019493347678353674,0.0019493347678353674,0.12046880324740945,0.9993517206706378,-3.3790322624255717e-09,4.297712863521856,0.10117419587551214,0.0036904376666666654,0.001323594446895521,0.0009824012702388087,0.0005149300309667589,0.0032930326916666636,4.298800911132984,0.10232987722584481,0.0010880476111276849,0.0011556813503326713,0.0011535713732556425,0.9963644971463363,3.806717016381933e-08,0.0025136308871652486,-0.008158038352446707,-0.008158038352446707,0.17670407258342163,1.001829082383584,3.7928776858057865e-08]"
/multi_agv/m2b_algorithm_state,1789558521.5471935,1789558521.5471935,m2b_algorithm_state_v1:header6+3x20,"[1.0,-0.15,0.52,4.299843649533096,0.10125036386817805,1789558521.5470605,4.298414184777473,0.10107529857733075,0.0036904376666666654,0.0015397779964350447,0.0006967493440038549,0.0005698028986198699,0.004584685874999997,4.301168526570045,0.10013340121559516,0.00275434179257239,-0.000941897361735583,-0.0009433232129304869,1.0030383666189042,2.9473021852824544e-08,0.0024996040277850008,-0.006881382918093844,-0.006881382918093844,0.1419525078124367,0.9984884807504372,2.95625716985804e-08,4.299394651885349,0.10150162544864116,0.002796189458333334,-0.0009431007701458435,0.0016670974627182034,0.0007536927333702675,-0.0017884964166666626,4.299067504515741,0.1007470625786834,-0.0003271473696075944,-0.0007545628699577589,-0.000755471411561176,1.0024149992751668,-1.1561181211624445e-08,-0.001164405623570669,0.003518209746679075,0.003518209746679075,0.12046880792641762,0.9987973845343272,-1.1589101455870589e-08,4.298708021530507,0.10117425958658131,0.0036904376666666654,0.0013232467018352064,0.0009824187423570505,0.0005150716766184542,0.0032930326916666636,4.29991115562095,0.10342676802617888,0.0012031340904430365,0.002252508439597567,0.002244559269029256,0.9930022843977073,1.4445824094672365e-07,0.0037484768820830517,-0.01310923313416688,-0.01310923313416688,0.17670408838091878,1.003541528476434,1.43447363260171e-07]"
/multi_agv/m2b_algorithm_state,1789558521.5571675,1789558521.5571675,m2b_algorithm_state_v1:header6+3x20,"[1.0,-0.15,0.52,4.300842799548241,0.10125036959317905,1789558521.557034,4.2994188723106745,0.10107522272931085,0.0036904376666666654,0.001540316897788582,0.0006967022640074205,0.0005695937958657469,0.004584685874999997,4.301677875642156,0.09834575575793351,0.002259003331481324,-0.0027294669713773395,-0.002741602762339821,1.0089836554020988,2.478813136073182e-07,8.21514020118339e-05,0.0024686406257136036,0.0024686406257136036,0.14195251690703875,0.9955734685093021,2.501081939093859e-07,4.300399359759121,0.10150167373013003,0.002796189458333334,-0.0009436870452640342,0.0016671306780731143,0.0007539295858559336,-0.0017884964166666626,4.30006891842962,0.1007470625786834,-0.00033044132950088567,-0.0007546111514466214,-0.0007555198090601881,1.0024151535476011,-1.1569846477539695e-08,-0.0011685714709362951,0.0035323935254035913,0.0035323935254035913,0.12046880265981812,0.9987973080220134,-1.1597789433305125e-08,4.299712716529494,0.10117419514509327,0.0036904376666666654,0.0013236009945597747,0.0009824031945422362,0.000514926191899787,0.0032930326916666636,4.301029290328472,0.10443958858468248,0.0013165737989782045,0.0032653934395892176,0.003248815995233551,0.9899726923263834,3.0343383623944907e-07,0.004894533243956306,-0.017732783611587383,-0.017732783611587383,0.17670407059895074,1.005102611037371,3.003912118048903e-07]"
/multi_agv/m2b_algorithm_state,1789558521.5672207,1789558521.5672207,m2b_algorithm_state_v1:header6+3x20,"[1.0,-0.15,0.52,4.3018447431581155,0.10125035735831041,1789558521.5671158,4.300418024216296,0.10107523637669041,0.0036904376666666654,0.0015402201598750192,0.0006967116481392914,0.0005696308465922617,0.004584685874999997,4.30253100661398,0.09682441838477383,0.0021129823976835382,-0.004250817991916581,-0.004280590679459734,1.0142312440291725,6.017633832874243e-07,-0.0016393626823553113,0.00915472973218793,0.00915472973218793,0.14195251601003608,0.9930447244848669,6.103272248428081e-07,4.3013985074579235,0.10150166542931752,0.002796189458333334,-0.0009435816341156365,0.0016671237290495355,0.0007538875084154018,-0.0017884964166666626,4.300988187967526,0.10268536424916659,-0.00041031949039727067,0.0011836988198490744,0.0011814956031011568,0.996294130212724,-2.8426401437805018e-08,0.0006685962401045684,-0.0038615454505123836,-0.0038615454505123836,0.12046880318099465,1.0018647693162248,-2.8321056895555677e-08,4.300711866970501,0.10117420697352922,0.0036904376666666654,0.0013235363091192772,0.0009824064167103684,0.0005149525544767331,0.0032930326916666636,4.301636023048014,0.10377897772719036,0.0009241560775130608,0.0026047707536611397,0.002594169273438231,0.9919404882686207,1.9316517916078306e-07,0.003749364370329557,-0.013289074050836135,-0.013289074050836135,0.17670407235831734,1.0040866570780318,1.9160836213324275e-07]"
/multi_agv/m2b_algorithm_state,1789558521.577345,1789558521.577345,m2b_algorithm_state_v1:header6+3x20,"[1.0,-0.15,0.52,4.3028376645720385,0.10125040257460417,1789558521.577218,4.301419964072534,0.10107520675637723,0.0036904376666666654,0.001540429915160724,0.0006966924375078059,0.0005695499187689827,0.004584685874999997,4.303617162587106,0.0990692281414832,0.0021971985145716744,-0.00200597861489403,-0.002012497924817786,1.0065489481230285,1.3383386286218955e-07,0.000734000218396807,-0.00014974414822824093,-0.00014974414822824093,0.1419525201365769,0.996760588001925,1.3471033388717853e-07,4.302400455604863,0.10150168372122027,0.002796189458333334,-0.0009438092425871712,0.001667137340242597,0.0007539790887296088,-0.0017884964166666626,4.302010322909474,0.10268536424916659,-0.0003901326953883455,0.001183680527946318,0.0011814773795342972,0.9962941876319669,-2.8432377625933694e-08,0.0006938115102988654,-0.003951649529039689,-0.003951649529039689,0.12046880078865284,1.0018647402397913,-2.8327012569274922e-08,4.301713809796949,0.10117418159733371,0.0036904376666666654,0.0013236751527208259,0.0009823998495776644,0.000514895787145538,0.0032930326916666636,4.302488615194321,0.1018051012292161,0.0007748053973717361,0.0006309196318823873,0.0006302882746327,0.9980033904804999,1.135045169121881e-08,0.0015987950213473701,-0.004649178997929082,-0.004649178997929082,0.17670406429899607,1.0010016960097428,1.1327789271321497e-08]"
/multi_agv/m2b_algorithm_state,1789558521.5871673,1789558521.5871673,m2b_algorithm_state_v1:header6+3x20,"[1.0,-0.15,0.52,4.303843787745563,0.10125036250360504,1789558521.5870237,4.302412899843613,0.10107531503596336,0.0036904376666666654,0.0015396634073975256,0.0006967650372200034,0.000569844405424552,0.004584685874999997,4.304770951376305,0.10058933123427057,0.0023580515326919738,-0.0004859838016927909,-0.0004863620847352173,1.001559627059341,7.843179808420914e-09,0.00246120233112975,-0.006964125852390701,-0.006964125852390701,0.14195250805319373,0.9992222193006012,7.855412243881404e-09,4.303393359518653,0.1015016177249676,0.002796189458333334,-0.0009429765427437266,0.001667084839843902,0.0007536454510903012,-0.0017884964166666626,4.302889880043986,0.10158728147336721,-0.0005034794746672233,8.566374839960589e-05,8.565211287926918e-05,0.999728432507377,-1.4890012402599613e-10,-0.00054369723045476,0.0009491730211573302,0.0009491730211573302,0.12046880778731542,1.000135846273321,-1.4885968759266314e-10,4.3027067343538485,0.10117427496288155,0.0036904376666666654,0.001323164980638759,0.000982424883327804,0.0005151039053214995,0.0032930326916666636,4.303680939176989,0.10408322207849692,0.0009742048231400346,0.0029089471156153734,0.002895755594297571,0.9910306557473817,2.4079059501369643e-07,0.004113511623222614,-0.01474820695795915,-0.01474820695795915,0.17670408790934417,1.0045554677831856,2.386308612742258e-07]"
/multi_agv/m2b_algorithm_state,1789558521.5971513,1789558521.5971513,m2b_algorithm_state_v1:header6+3x20,"[1.0,-0.15,0.52,4.304844158118485,0.10125036054328877,1789558521.5970306,4.303419010800985,0.10107521624950395,0.0036904376666666654,0.0015403652222470776,0.0006967031078536578,0.0005695724103151942,0.004584685874999997,4.305868856127635,0.10019917996192217,0.0024498453266499354,-0.0008760362875817884,-0.000877269097212937,1.0028238145260073,2.550397287826176e-08,0.0021850375610994823,-0.005799145475823907,-0.005799145475823907,0.14195251969213102,0.9985947189578829,2.5575991367346292e-08,4.304399497315883,0.10150168039623467,0.002796189458333334,-0.0009437402647274242,0.0016671287109613075,0.0007539536778888717,-0.0017884964166666626,4.303903450992509,0.10158728147336721,-0.0004960463233736334,8.560107713254106e-05,8.558945863534247e-05,0.9997286312225797,-1.4880271676385948e-10,-0.0005344684455816993,0.0009156650075910966,0.0009156650075910966,0.12046880104450916,1.0001357468242449,-1.4876233635253447e-10,4.303712855119819,0.10117419086507651,0.0036904376666666654,0.0013236271989047676,0.000982404366829082,0.0005149142235996097,0.0032930326916666636,4.304876496055983,0.10614070311343583,0.0011636409361637234,0.0049665122483593255,0.004928657574966606,0.9850450412835784,7.010128512873982e-07,0.00638320874517126,-0.023990172832872438,-0.023990172832872438,0.17670406516390053,1.0076805241218196,6.905292330367142e-07]"
/multi_agv/m2b_algorithm_state,1789558521.6071804,1789558521.6071804,m2b_algorithm_state_v1:header6+3x20,"[1.0,-0.15,0.52,4.305844228324614,0.10125036055214155,1789558521.6070566,4.304419380543559,0.1010752118975655,0.0036904376666666654,0.0015403956182167425,0.0006966997534929567,0.0005695609796877803,0.004584685874999997,4.306735481364762,0.09869419745827387,0.0023161008212033707,-0.0023810144392916316,-0.002390225265143969,1.0078061741817257,1.8859728404755357e-07,0.0005049007613602443,0.0008263944845254463,0.0008263944845254463,0.14195252099444367,0.9961464611780921,1.9006950729702917e-07,4.305399868478943,0.10150168273827502,0.002796189458333334,-0.0009437728857456624,0.0016671310813753948,0.0007539665849587707,-0.0017884964166666626,4.305030865539159,0.10367441782300645,-0.0003690029397844796,0.0021727350847314253,0.002165367519855843,0.9932742118649422,-9.572514891660934e-08,0.0017041138451252434,-0.008023266452699426,-0.008023266452699426,0.12046880029195114,1.0034024546909583,-9.508132184579938e-08,4.304713225332953,0.10117418699402576,0.0036904376666666654,0.0013236479858575304,0.0009824030868862193,0.0005149058790356927,0.0032930326916666636,4.305742462948093,0.103623824087345,0.0010292376151399552,0.002449637093319232,0.002440249746739826,0.9924070156345959,1.7087585067777479e-07,0.00372679676566477,-0.01313020390434542,-0.01313020390434542,0.17670406261530366,1.0038468794400848,1.6957839301515332e-07]"
/multi_agv/m2b_algorithm_state,1789558521.6170917,1789558521.6170917,m2b_algorithm_state_v1:header6+3x20,"[1.0,-0.15,0.52,4.30684051229926,0.1012503845386268,1789558521.6169753,4.305419450726901,0.10107521238392041,0.0036904376666666654,0.0015403916425619723,0.0006966994653435413,0.0005695628528462225,0.004584685874999997,4.3081063524358765,0.09914339065570754,0.0026869017089756753,-0.0019318217282128652,-0.0019378645623381369,1.0063015870168253,1.2411243087970678e-07,0.0014207625738814572,-0.0026044572000005115,-0.0026044572000005115,0.14195252176358417,0.9968817046130507,1.2489453616276497e-07,4.306399938746298,0.1015016820206375,0.002796189458333334,-0.0009437680781556844,0.0016671312650524683,0.0007539644054878336,-0.0017884964166666626,4.3062575245135815,0.10405492455782148,-0.00014241423271688092,0.002553242537183975,0.002543097889518384,0.9921307505584464,-1.3215118311861384e-07,0.002365080098622283,-0.010571944596301458,-0.010571944596301458,0.12046879984875913,1.003989090513347,-1.3111125249465703e-07,4.305713295500643,0.10117418725186676,0.0036904376666666654,0.001323646086330461,0.0009824028236997242,0.0005149068392997372,0.0032930326916666636,4.3066048038755955,0.10171928315845609,0.0008915083749521102,0.0005450959065893268,0.0005446243270743038,0.99827330549597,8.472820059596905e-09,0.0016590097957644417,-0.004822902720046833,-0.004822902720046833,0.17670406111305428,1.0008658803721757,8.458190087766364e-09]"
/multi_agv/m2b_algorithm_state,1789558521.6272933,1789558521.6272933,m2b_algorithm_state_v1:header6+3x20,"[1.0,-0.15,0.52,4.307845752564526,0.10125035073755458,1789558521.6272113,4.306415742308707,0.10107526993952531,0.0036904376666666654,0.0015399841100523387,0.000696737878919506,0.0005697195205018905,0.004584685874999997,4.309192393838675,0.10060520101497862,0.002776651529967644,-0.00047006892454669325,-0.00047042279513679697,1.0015082821765517,7.339346796661377e-09,0.0030003916173227583,-0.008882357024063847,-0.008882357024063847,0.1419525157174171,0.9992477605384729,7.350416602622313e-09,4.307396213455179,0.10150164684542458,0.002796189458333334,-0.0009433252647100872,0.0016671034677546714,0.0007537869203933373,-0.0017884964166666626,4.307106121064957,0.10236595903184093,-0.0002900923902213748,0.0008643121864163467,0.0008631346646807309,0.9972841740454266,-1.515523541064552e-08,0.0005005191769040124,-0.0031155393299831485,-0.0031155393299831485,0.12046880335056875,1.0013642387263537,-1.511407642896962e-08,4.306709581133895,0.1011742368309305,0.0036904376666666654,0.001323375083293869,0.0009824160308412825,0.000515017438734906,0.0032930326916666636,4.308025057510114,0.10399639065994777,0.0013154763762184274,0.0028221538290172654,0.0028097295462723966,0.991289602826008,2.2668713152944935e-07,0.004454075016545431,-0.015924779743088573,-0.015924779743088573,0.17670407293526713,1.0044218785261207,2.2471259657959487e-07]"
/multi_agv/m2b_algorithm_state,1789558521.6374183,1789558521.6374183,m2b_algorithm_state_v1:header6+3x20,"[1.0,-0.15,0.52,4.308850163974508,0.10125032334639529,1789558521.6372647,4.307420972097591,0.10107518777562688,0.0036904376666666654,0.0015405667609841413,0.0006966846996585118,0.0005694946266383614,0.004584685874999997,4.310303681407776,0.1012821388446662,0.002882709310184417,0.0002069510690393267,0.00020688282938482986,0.9993410394259519,1.4224204302680228e-09,0.003810269467115351,-0.012089006045324015,-0.012089006045324015,0.1419525257742796,1.0003298468737098,1.4214831112847556e-09,4.308401466368207,0.10150169797743713,0.002796189458333334,-0.0009439586164460122,0.0016671414110422944,0.0007540417196476856,-0.0017884964166666626,4.308072316051386,0.10249752779068545,-0.00032915031682101414,0.0009958298132483195,0.00099426823345722,0.9968756130280126,-2.0129917871081793e-08,0.0005828303374309522,-0.0034697334675722847,-0.0034697334675722847,0.12046879752230447,1.0015705820004626,-2.006702421793821e-08,4.3077148192277805,0.1011741664595997,0.0036904376666666654,0.001323760747671029,0.0009823980367244635,0.0005148596280806291,0.0032930326916666636,4.309245779628178,0.10601564993997334,0.001530960400397241,0.004841483480373637,0.004805476389316806,0.9854004229284045,6.662958272061976e-07,0.006719176889813357,-0.025135208150875853,-0.025135208150875853,0.17670405326616406,1.0074929285131604,6.565681899244182e-07]"
/multi_agv/m2b_algorithm_state,1789558521.6472065,1789558521.6472065,m2b_algorithm_state_v1:header6+3x20,"[1.0,-0.15,0.52,4.30984441799129,0.10125036128917624,1789558521.6471207,4.308425374641843,0.10107512391165084,0.0036904376666666654,0.0015410169846428868,0.0006966395033106913,0.0005693229821791962,0.004584685874999997,4.311284250785839,0.10085165551999394,0.0028588761439962695,-0.0002234683916569058,-0.00022354821795726954,1.0007150330694816,1.6595233760986626e-09,0.0033500469620380675,-0.010241708568409221,-0.010241708568409221,0.14195253433753477,0.9996429123833187,1.660709990192151e-09,4.309405888726681,0.10150173534207564,0.002796189458333334,-0.0009444462044073962,0.0016671742565161907,0.000754235987041052,-0.0017884964166666626,4.309154957048632,0.10351688864819697,-0.00025093167804879357,0.0020151533061213284,0.002008808084245088,0.9937507459365672,-8.241173134333979e-08,0.0016951434866840959,-0.007916798232048411,-0.007916798232048411,0.12046879255344255,1.003158699890749,-8.189671949636789e-08,4.3087192285550024,0.10117411078545939,0.0036904376666666654,0.0013240631614582945,0.0009823818695433584,0.0005147369529791869,0.0032930326916666636,4.310041306862321,0.10307181362146003,0.0013220783073188969,0.0018977028360006448,0.0018920454528197556,0.9940805679649455,1.0262392286965573e-07,0.003544643336968377,-0.012202034832772995,-0.012202034832772995,0.17670403650277425,1.0029900884106446,1.0201644753305812e-07]"
/multi_agv/m2b_algorithm_state,1789558521.657215,1789558521.657215,m2b_algorithm_state_v1:header6+3x20,"[1.0,-0.15,0.52,4.310837132543619,0.10125040766763838,1789558521.6570683,4.309419640268366,0.10107521789313198,0.0036904376666666654,0.0015403486341054695,0.0006966979898624713,0.0005695822626693186,0.004584685874999997,4.312113482872058,0.09979716714579331,0.002693842603691543,-0.001278050747338666,-0.0012806826161460248,1.0041384011176342,5.429681419378057e-08,0.002086620638468404,-0.005260511141577091,-0.005260511141577091,0.14195252464530064,0.9979449484406377,5.452151619032409e-08,4.310400128869983,0.10150167529291408,0.002796189458333334,-0.0009437180601340562,0.0016671326360802041,0.0007539420112135098,-0.0017884964166666626,4.310184302074958,0.10351688864819697,-0.0002158267950242987,0.0020152133552828883,0.0020088677529313055,0.9937505588655671,-8.235312068777569e-08,0.0017390842591509322,-0.00807318124118706,-0.00807318124118706,0.12046879817451189,1.0031587954669108,-8.183845970780058e-08,4.309713484835519,0.10117419068148267,0.0036904376666666654,0.0013236234800480698,0.0009824010472872851,0.0005149175622128801,0.0032930326916666636,4.310914420094787,0.10141194123897587,0.001200935259268121,0.0002377505574931993,0.00023766063635767817,0.9992442473687441,1.6121767397691948e-09,0.0017388297104428295,-0.004961487665191262,-0.004961487665191262,0.17670405547939544,1.000378359398928,1.6109583329560645e-09]"
/multi_agv/m2b_algorithm_state,1789558521.6670651,1789558521.6670651,m2b_algorithm_state_v1:header6+3x20,"[1.0,-0.15,0.52,4.311844048163544,0.10125036232330457,1789558521.6669135,4.3104123696142755,0.1010753284831516,0.0036904376666666654,0.0015395662448544644,0.0006967728135089499,0.0005698824765178519,0.004584685874999997,4.312643996795161,0.1001865253889444,0.0022316271808850985,-0.0008888030942071912,-0.0008900722183315096,1.002865375828149,2.6239346755353104e-08,0.0018994617577748635,-0.004783303815298465,-0.004783303815298465,0.14195251218117308,0.9985741335386275,2.631453234529231e-08,4.311392825350165,0.10150160830247879,0.002796189458333334,-0.0009428683769662017,0.0016670784196390898,0.0007536019045212006,-0.0017884964166666626,4.3106498584107245,0.10276435229747218,-0.0007429669394403149,0.00126274399499339,0.0012602382024765996,0.9960502219312227,-3.232339112738356e-08,0.000331529528176206,-0.002695450471282882,-0.002695450471282882,0.12046880539639682,1.0019883483232503,-3.219572090600011e-08,4.310706202666415,0.10117428621728478,0.0036904376666666654,0.001323101925821768,0.0009824269860735152,0.0005151301433476362,0.0032930326916666636,4.31158983792222,0.10363647101516694,0.0008836352558052596,0.0024621847978821693,0.0024527019524740725,0.9923692287571256,1.7255795732793463e-07,0.003557246022230647,-0.012529988277995226,-0.012529988277995226,0.17670407984505185,1.0038662852608453,1.712412070294275e-07]"
/multi_agv/m2b_algorithm_state,1789558521.6769273,1789558521.6769273,m2b_algorithm_state_v1:header6+3x20,"[1.0,-0.15,0.52,4.312837190869456,0.10125040601460074,1789558521.676864,4.311419271415439,0.10107521660069041,0.0036904376666666654,0.0015403612268115444,0.0006967027786565431,0.0005695743133954711,0.004584685874999997,4.313703442790348,0.10075041611847,0.002284171374908439,-0.00032480048222041646,-0.0003249692458396458,1.001040457305341,3.504533351930754e-09,0.002530244972795903,-0.007285617454665017,-0.007285617454665017,0.1419525252524173,0.9994806781829668,3.508179669258582e-09,4.31239975750626,0.10150167936579504,0.002796189458333334,-0.0009437335615908272,0.0016671280281448375,0.0007539511274713973,-0.0017884964166666626,4.311567120886451,0.10164767542692102,-0.000832636619808369,0.00014599606112597474,0.00014596227992706059,0.9995374873212012,-4.3282582324651923e-10,-0.0008948334948334006,0.0021688328302917415,0.0021688328302917415,0.12046879782414077,1.00023143786827,-4.3262563581555617e-10,4.311713115568935,0.10117419100342828,0.0036904376666666654,0.00132362535574229,0.0009824038102217436,0.0005149153120519155,0.0032930326916666636,4.312802361928497,0.10561706903048751,0.0010892463595624235,0.004442878027059227,0.004412463540866562,0.9865405965887957,5.612183406156196e-07,0.005774021490319591,-0.02151320949445583,-0.02151320949445583,0.17670405428852803,1.0068928583570105,5.536646765675073e-07]"
/multi_agv/m2b_algorithm_state,1789558521.6871376,1789558521.6871376,m2b_algorithm_state_v1:header6+3x20,"[1.0,-0.15,0.52,4.313844381879263,0.10125035897580469,1789558521.6870875,4.312412428006299,0.10107532092067592,0.0036904376666666654,0.0015396231960994695,0.0006967730606836752,0.0005698576619747678,0.004584685874999997,4.314759343915216,0.10127760466653435,0.002346915908916891,0.00020228374585842812,0.00020221854730196093,0.9993558678946186,1.358156130781131e-09,0.0031358634334480748,-0.009691764375678289,-0.009691764375678289,0.1419525135657068,1.0003224163032376,1.3572812988131744e-09,4.313392883260651,0.10150161608708373,0.002796189458333334,-0.0009429321992463942,0.0016670771735816103,0.0007536302174489529,-0.0017884964166666626,4.312950296050705,0.10239518207111407,-0.0004425872099460548,0.0008935659840303423,0.0008923076825753046,0.997193188376418,-1.6191407883026405e-08,0.0003390736701427361,-0.0025536357364923596,-0.0025536357364923596,0.12046880459607477,1.0014101654391299,-1.614596165117817e-08,4.312706261341421,0.10117428103604259,0.0036904376666666654,0.0013231338094314002,0.000982428155733306,0.0005151157146798743,0.0032930326916666636,4.3135652530841915,0.10273352609763937,0.0008589917427705984,0.001559245061596784,0.0015554159182481647,0.9951174935003559,6.925066666473066e-08,0.0026291555967114127,-0.008766538632278435,-0.008766538632278435,0.17670407714235511,1.0024618131418714,6.891254983463542e-08]"
/multi_agv/m2b_algorithm_state,1789558521.6969326,1789558521.6969326,m2b_algorithm_state_v1:header6+3x20,"[1.0,-0.15,0.52,4.314837171621921,0.10125040501023459,1789558521.6968498,4.313419604575005,0.10107520536178617,0.0036904376666666654,0.0015404439535369034,0.000696699916995768,0.0005695399433059131,0.004584685874999997,4.315837817589743,0.10064053004345945,0.00241821301473788,-0.00043467531832672157,-0.0004349778255268024,1.001394159768361,6.277451968213279e-09,0.0025877884428955476,-0.007436652154583924,-0.007436652154583924,0.1419525271293697,0.9993045456978998,6.286203739195181e-09,4.314400091598127,0.10150168908596544,0.002796189458333334,-0.0009438253566282969,0.0016671291565941715,0.0007539903304822904,-0.0017884964166666626,4.313969162926675,0.10239518207111407,-0.00043092867145233527,0.000893492985148639,0.0008922348898291931,0.997193418132616,-1.6204092161068612e-08,0.000353574050513774,-0.0026061331691371956,-0.0026061331691371956,0.12046879673740495,1.001410049454227,-1.6158614049831936e-08,4.313713449464656,0.10117418247966241,0.0036904376666666654,0.0013236752156237925,0.0009824038102172142,0.0005148936997785244,0.0032930326916666636,4.314576798465827,0.10053008571118525,0.0008633490011717981,-0.0006440967684771537,-0.0006447611455518389,1.0020679885675552,1.1840130425393782e-08,0.00043442510591290876,7.423970267987959e-05,7.423970267987959e-05,0.17670405061731742,0.9989695764404094,1.1864615679751858e-08]"
/multi_agv/m2b_algorithm_state,1789558521.7069862,1789558521.7069862,m2b_algorithm_state_v1:header6+3x20,"[1.0,-0.15,0.52,4.3158386463381095,0.10125039468450293,1789558521.706894,4.314412408852108,0.101075315741629,0.0036904376666666654,0.001539662703046217,0.0006967735242804805,0.0005698402962337645,0.004584685874999997,4.316829339970353,0.10078256245468951,0.002416931118244925,-0.0002927532869394789,-0.0002928903572537945,1.0009374568430742,2.845728936465665e-09,0.002728273540552362,-0.008004004011588045,-0.008004004011588045,0.14195251480349289,0.9995320081015955,2.848396684530689e-09,4.31539286363765,0.10150162174533792,0.002796189458333334,-0.0009429769592929037,0.0016670760471875212,0.000753650205309972,-0.0017884964166666626,4.31506694385686,0.10218771644031908,-0.00032591978079032913,0.000686094694981168,0.0006853517047883765,0.9978397821832414,-9.547388377902347e-09,0.00027795197880046507,-0.002241485694041239,-0.002241485694041239,0.1204688038769255,1.0010841005976938,-9.52676393942489e-09,4.314706242376006,0.10117427754373687,0.0036904376666666654,0.0013231558124979469,0.000982429181819411,0.000515105643514212,0.0032930326916666636,4.315719949526088,0.10210979965699317,0.0010137071500819772,0.0009355221132563013,0.0009341371658493162,0.9970496855110732,2.494063740922271e-08,0.002201271103451788,-0.006939354301500382,-0.006939354301500382,0.17670407472143462,1.0014825953378335,2.486705468531121e-08]"
/multi_agv/m2b_algorithm_state,1789558521.7169845,1789558521.7169845,m2b_algorithm_state_v1:header6+3x20,"[1.0,-0.15,0.52,4.3168362568646454,0.10125040925751727,1789558521.7168837,4.315413880737548,0.101075287873011,0.0036904376666666654,0.0015398631738542117,0.0006967593173998303,0.0005697607901719105,0.004584685874999997,4.317879892729388,0.10124454039937082,0.0024660119918396006,0.00016925252635982546,0.00016920687066943158,0.9994608470798133,9.50989984860842e-10,0.003251721860468932,-0.010086884521293348,-0.010086884521293348,0.14195251809194093,1.0002698217289478,9.50477255833436e-10,4.316394341515723,0.10150164154930315,0.002796189458333334,-0.0009431968688549818,0.001667085532840673,0.0007537405944006426,-0.0017884964166666626,4.316086713808363,0.10218771644031908,-0.00030762770736014744,0.0006860748910159364,0.0006853319438034759,0.9978398446325306,-9.549062887158706e-09,0.00030079730960329157,-0.002322992932406229,-0.002322992932406229,0.12046880197527886,1.001084069142228,-9.528435427708707e-09,4.315707716761057,0.10117425463119466,0.0036904376666666654,0.001323284261522006,0.000982425273770948,0.0005150519987149613,0.0032930326916666636,4.316865360977225,0.10349923900109029,0.001157644216167597,0.00232498436989563,0.0023165200882773298,0.9927831133535612,1.538999044009857e-07,0.003763575358486826,-0.013199615453751787,-0.013199615453751787,0.17670406829133614,1.003653877927126,1.5278922623602603e-07]"
/multi_agv/m2b_algorithm_state,1789558521.7269654,1789558521.7269654,m2b_algorithm_state_v1:header6+3x20,"[1.0,-0.15,0.52,4.317839265675089,0.10125038904149967,1789558521.7268612,4.3164114961713915,0.10107532039632361,0.0036904376666666654,0.0015396355676782114,0.0006967843498200562,0.0005698464274392883,0.004584685874999997,4.319171627991157,0.10147963377934918,0.002760131819765199,0.00040431338302557296,0.0004040533137064118,0.9987154919585126,5.425068046565225e-09,0.0038542180884129106,-0.012344604121238466,-0.012344604121238466,0.14195251443412435,1.0006436509993584,5.418099503033796e-09,4.317391945844367,0.10150162390642135,0.002796189458333334,-0.0009429515908979508,0.0016670669391638526,0.0007536439467122763,-0.0017884964166666626,4.31719897447459,0.10214973826703014,-0.0001929713697768065,0.0006481143606087841,0.0006474511624106494,0.9979584829662018,-8.519612400054802e-09,0.0004062369501896413,-0.0026806160896188087,-0.0026806160896188087,0.12046880409403947,1.0010243215807435,-8.502219466218732e-09,4.316705328578179,0.10117428346980682,0.0036904376666666654,0.0013231292839432792,0.0009824346899994568,0.0005151142775464699,0.0032930326916666636,4.317753642289815,0.10108661595107961,0.0010483137116361618,-8.766751872721357e-05,-8.76797751558273e-05,1.0002797042476483,2.1917154878307123e-10,0.001222712364389375,-0.002976710027405681,-0.002976710027405681,0.17670407544631084,0.9998602137312516,2.1923285199622952e-10]"
/multi_agv/m2b_algorithm_state,1789558521.7370734,1789558521.7370734,m2b_algorithm_state_v1:header6+3x20,"[1.0,-0.15,0.52,4.318837269183281,0.10125040134820949,1789558521.7368155,4.3174144989650935,0.1010752689312943,0.0036904376666666654,0.0015400031342898348,0.0006967540897644393,0.0005697028423194358,0.004584685874999997,4.320121151764019,0.10065583627585911,0.0027066527989250133,-0.0004194326554351896,-0.00041971428607249524,1.0013450379773767,5.843174947688783e-09,0.0029636017125837712,-0.00877657703466544,-0.00877657703466544,0.1419525204777617,0.999328994397734,5.851034239901881e-09,4.318394961705965,0.10150165805370406,0.002796189458333334,-0.0009433532220252117,0.0016670880926294984,0.0007538070366131522,-0.0017884964166666626,4.318219016836389,0.10214973826703014,-0.00017594486957595024,0.0006480802133260744,0.0006474170851462362,0.9979585906827437,-8.52234192762398e-09,0.00042748599817629836,-0.002756607989740028,-0.002756607989740028,0.12046880059082775,1.0010242673464331,-8.504944339408083e-09,4.317708336354207,0.10117424013950067,0.0036904376666666654,0.0013233693230623464,0.000982425244709529,0.0005150151430371418,0.0032930326916666636,4.318639020855148,0.09973687027017378,0.0009306845009406928,-0.001437369869326896,-0.0014406983664849201,1.0046564647067928,5.898288433558782e-08,-0.00027734274030905416,0.002946622012052284,0.002946622012052284,0.17670406362160265,0.9976896640994012,5.925753605480133e-08]"
/multi_agv/m2b_algorithm_state,1789558521.7470193,1789558521.7470193,m2b_algorithm_state_v1:header6+3x20,"[1.0,-0.15,0.52,4.3198444939562295,0.10125035434242886,1789558521.7469418,4.318412506503075,0.1010752968744382,0.0036904376666666654,0.0015398072658747773,0.0006967747158048709,0.0005697770145514341,0.004584685874999997,4.321101877527379,0.10075125052240683,0.002689371024303888,-0.0003240463520313708,-0.0003242143317426025,1.0010380315618295,3.487020798270503e-09,0.003037499448637258,-0.009085210290700106,-0.009085210290700106,0.14195251752562946,0.9994818868421737,3.4906404359158637e-09,4.319392960161122,0.10150164248861655,0.002796189458333334,-0.0009431421309879758,0.0016670729335208634,0.0007537234212212085,-0.0017884964166666626,4.319337200827158,0.10257084202039671,-5.575933396340105e-05,0.0010691995317801545,0.0010674003711621436,0.9966482216150027,-2.3184119833566906e-08,0.0009977012037078923,-0.004980977359023919,-0.004980977359023919,0.12046880230143077,1.0016855536747211,-2.310641180183357e-08,4.318706340885647,0.1011742646815737,0.0036904376666666654,0.0013232370822831093,0.0009824329011958177,0.0005150684816884509,0.0032930326916666636,4.319695302564591,0.10058134217812283,0.0009889616789440225,-0.0005929225034508739,-0.0005934852851806585,1.0019025806059993,1.0029766454449843e-08,0.0006427168134993696,-0.0006872897655082837,-0.0006872897655082837,0.17670406940018163,0.9990517343161872,1.0048848893588782e-08]"
/multi_agv/m2b_algorithm_state,1789558521.7570705,1789558521.7570705,m2b_algorithm_state_v1:header6+3x20,"[1.0,-0.15,0.52,4.32084436509517,0.10125035593051322,1789558521.7569036,4.3194197165729245,0.10107518258185673,0.0036904376666666654,0.0015406182908013627,0.000696700406931505,0.0005694641205845337,0.004584685874999997,4.32214560276353,0.10115354309369202,0.002725886190605209,7.836051183529591e-05,7.835071878520033e-05,0.9997501253831926,2.0395819049205303e-10,0.0034857084570417115,-0.010872359396710687,-0.010872359396710687,0.14195253114986991,1.0001249899202895,2.039072265173591e-10,4.320400202687396,0.10150171376135211,0.002796189458333334,-0.0009440246456591194,0.001667126193499513,0.0007540782567697635,-0.0017884964166666626,4.319977190037784,0.10149074977926069,-0.00042301264961164264,-1.0963982091424795e-05,-1.0964172833115367e-05,1.0000347956808626,-2.44202005450862e-12,-0.0005397299848476687,0.000976876244212697,0.000976876244212697,0.12046879440359208,0.99998260318462,-2.442105026259097e-12,4.319713562608368,0.10117416668407773,0.0036904376666666654,0.0013237745315773652,0.0009824078497078677,0.0005148485491529502,0.0032930326916666636,4.320766472191906,0.10129113319431376,0.0010529095835378754,0.00011696651023603011,0.00011694472619153793,0.9996276812412411,3.9028268962112554e-10,0.0014330817056138823,-0.0038184289413692746,-0.0038184289413692746,0.1767040427437933,1.000186276416232,3.9013738005456075e-10]"
/multi_agv/m2b_algorithm_state,1789558521.7668982,1789558521.7668982,m2b_algorithm_state_v1:header6+3x20,"[1.0,-0.15,0.52,4.321837149615505,0.10125040217209579,1789558521.7668192,4.320419587868751,0.10107518822558849,0.0036904376666666654,0.0015405769472948837,0.0006967012171639193,0.0005694816198246577,0.004584685874999997,4.323168143295341,0.10115354309369202,0.002748555426589583,7.83548681035362e-05,7.834507646436205e-05,0.9997501433829038,2.0392333528649116e-10,0.003514039359701341,-0.010973000624601322,-0.010973000624601322,0.14195253154826765,1.0001249809128543,2.038723836917895e-10,4.321400073793819,0.10150170879531087,0.002796189458333334,-0.0009439791677198434,0.0016671260959437717,0.0007540585943929534,-0.0017884964166666626,4.32100313932319,0.10149074977926069,-0.0003969344706291622,-1.0959016050179904e-05,-1.0959206619125663e-05,1.000034779920839,-2.4396908819330173e-12,-0.0005071272949055784,0.000861184450686187,0.000861184450686187,0.12046879417191926,0.9999826110637035,-2.4397757341887624e-12,4.3207134336229425,0.1011741707706403,0.0036904376666666654,0.0013237506838025292,0.0009824076073308603,0.0005148590122870606,0.0032930326916666636,4.321790403593976,0.10129113319431376,0.00107696997103357,0.00011696242367346954,0.000116940641151659,0.9996276942526021,3.9024838214997206e-10,0.0014631531049436215,-0.003925248585208228,-0.003925248585208228,0.17670404196730788,1.0001862699023711,3.901030904343849e-10]"
/multi_agv/m2b_algorithm_state,1789558521.7770638,1789558521.7770638,m2b_algorithm_state_v1:header6+3x20,"[1.0,-0.15,0.52,4.322841830189553,0.10125037150149403,1789558521.7769303,4.3214123867961725,0.10107529995500888,0.0036904376666666654,0.0015397855666435243,0.0006967742967113105,0.0005697866382524284,0.004584685874999997,4.323917822516147,0.10033968765520421,0.002505435719974969,-0.0007356122998046777,-0.000736480638832756,1.0023674107909355,1.7974467291364417e-08,0.002395314011135955,-0.006611016025401479,-0.006611016025401479,0.14195251921568516,0.9988209614994707,1.801702023919131e-08,4.3223928408456525,0.10150163993374844,0.002796189458333334,-0.0009431196550522027,0.0016670736904416117,0.0007537132849580047,-0.0017884964166666626,4.321946609822618,0.1017956764876881,-0.0004462310230346489,0.00029403655393965555,0.00029389968388124414,0.9990700642565219,-1.754307398426312e-09,-0.000263889094912067,-0.0001377808361358794,-0.0001377808361358794,0.12046880132467426,1.000465703319595,-1.7526760052714673e-09,4.321706221204691,0.10117426662753,0.0036904376666666654,0.0013232262736092453,0.0009824325688439382,0.0005150733396929422,0.0032930326916666636,4.3223831416679985,0.09995754766199998,0.0006769204633076953,-0.0012167189655300226,-0.0012191000179253178,1.0039318477847254,4.2253005657288825e-08,-0.0003729494387906987,0.0031867680013242788,0.0031867680013242788,0.17670406610224224,0.9980468769089615,4.241913804398043e-08]"
/multi_agv/m2b_algorithm_state,1789558521.787018,1789558521.787018,m2b_algorithm_state_v1:header6+3x20,"[1.0,-0.15,0.52,4.323844248906769,0.10125035630794028,1789558521.786905,4.322417057895948,0.10107522443042041,0.0036904376666666654,0.001540322485862077,0.0006967264923675382,0.0005695787714385056,0.004584685874999997,4.324877074239054,0.09979034001665568,0.0024600163431056643,-0.0012848844137647308,-0.001287544639491657,1.0041608492063743,5.4878331892614874e-08,0.0017874757893904234,-0.00420023358276898,-0.00420023358276898,0.14195252826764665,0.9979338768961236,5.5106672356317406e-08,4.323397532774752,0.10150168787244648,0.002796189458333334,-0.0009437045862263245,0.0016671077555958647,0.0007539491128573522,-0.0017884964166666626,4.3233157276763485,0.10220859445911236,-8.180509840371997e-05,0.0007069065866658758,0.0007061179625222118,0.9977747841299378,-1.0143058315583701e-08,0.0006038615895175619,-0.003411542079399789,-0.003411542079399789,0.12046879607599491,1.001116844756147,-1.0120487821248897e-08,4.32271089989796,0.1011742022016152,0.0036904376666666654,0.0013235805995288302,0.0009824167584337583,0.0005149279771744265,0.0032930326916666636,4.323411898160056,0.09973326166673996,0.0007009982620953537,-0.001440940534875243,-0.0014442856814056843,1.0046682225058006,5.9285911592254735e-08,-0.0005680378537864922,0.00397504849892049,0.00397504849892049,0.1767040483970108,0.997683874753099,5.95626714190266e-08]"
/multi_agv/m2b_algorithm_state,1789558521.7968683,1789558521.7968683,m2b_algorithm_state_v1:header6+3x20,"[1.0,-0.15,0.52,4.324837138671687,0.10125040188414157,1789558521.7967718,4.3234194716584256,0.10107518857551556,0.0036904376666666654,0.001540576092512813,0.0006967014562466287,0.0005694818659842084,0.004584685874999997,4.326146144353804,0.10004642428347998,0.002726672695378518,-0.0010287642920355777,-0.0010304663874594428,1.0033218424160102,3.51803660878004e-08,0.0023778744817637048,-0.006408422198870226,-0.006408422198870226,0.1419525332587909,0.9983482280988695,3.529722972008162e-08,4.324399957573357,0.10150170933407558,0.002796189458333334,-0.0009439801688865654,0.0016671259997629306,0.0007540590784058804,-0.0017884964166666626,4.324222819939847,0.10064514749751226,-0.00017713763350979406,-0.0008565618365633243,-0.0008577335082786655,1.002744616096343,-1.4912955704772415e-08,-0.001079155550165908,0.003259772817451868,0.003259772817451868,0.12046879317851156,0.9986339909726826,-1.4953886043043782e-08,4.323713317488526,0.10117417101422972,0.0036904376666666654,0.0013237507344918942,0.0009824079917320821,0.000514858790374783,0.0032930326916666636,4.324606107755163,0.09950444398232083,0.0008927902666373555,-0.001669727031908888,-0.0016742265196501877,1.0054233959168692,7.962932867594078e-08,-0.0005582386863534933,0.004040859006075379,0.004040859006075379,0.17670403861621095,0.9973124976289112,8.006119005194491e-08]"
/multi_agv/m2b_algorithm_state,1789558521.8069265,1789558521.8069265,m2b_algorithm_state_v1:header6+3x20,"[1.0,-0.15,0.52,4.325837157373415,0.1012504010074914,1789558521.8068397,4.324412375619933,0.10107529872620671,0.0036904376666666654,0.0015397958510939111,0.0006967734705510145,0.0005697826101016571,0.004584685874999997,4.32711045037232,0.09957281454387462,0.0026980747523870363,-0.0015024841823320922,-0.0015061277076311907,1.0048774488659122,7.502532173904433e-08,0.0018664657328526047,-0.004377640829789212,-0.004377640829789212,0.1419525211116938,0.9975808656326834,7.539125390947514e-08,4.325392830129955,0.10150164141151381,0.002796189458333334,-0.0009431326967589923,0.001667074374802624,0.000753718582116758,-0.0017884964166666626,4.325096899417528,0.10010275416415326,-0.0002959307124266175,-0.0013988872473605501,-0.0014020251153791501,1.004509941641306,-3.9754068937107915e-08,-0.001771938505912422,0.005942561498902212,0.005942561498902212,0.12046880022462479,0.9977619031327043,-3.9933357468018727e-08,4.324706210265174,0.10117426551470415,0.0036904376666666654,0.0013232336990095608,0.0009824325737163523,0.0005150701185459893,0.0032930326916666636,4.325610781168712,0.09980893713280202,0.0009045709035380156,-0.001365328381902134,-0.0013683299577488875,1.0044194867300127,5.32105160020638e-08,-0.000237616328326368,0.0027742860947876143,0.0027742860947876143,0.17670406239073572,0.9978063947005212,5.344567917143205e-08]"
/multi_agv/m2b_algorithm_state,1789558521.8170245,1789558521.8170245,m2b_algorithm_state_v1:header6+3x20,"[1.0,-0.15,0.52,4.32684196701166,0.10125036957032836,1789558521.8168983,4.325412394312098,0.10107529422186022,0.0036904376666666654,0.0015398304440978165,0.0006967736785346897,0.0005697675073054738,0.004584685874999997,4.328039548090728,0.09917029469263484,0.002627153778630209,-0.0019049995292253763,-0.0019108745331335008,1.0062122112157796,1.206437304379461e-07,0.0013730676901542605,-0.002449273098348614,-0.002449273098348614,0.14195252178067147,0.9969254894519471,1.213931947732862e-07,4.3263928486282675,0.10150164636705972,0.002796189458333334,-0.0009431723288518832,0.0016670737645574363,0.0007537360787049363,-0.0017884964166666626,4.3260954701372745,0.10010275416415326,-0.0002973784909929833,-0.0013988922029064543,-0.0014020300930644922,1.0045099575695475,-3.9756020371565146e-08,-0.0017737532068057213,0.005948933998505029,0.005948933998505029,0.12046879983738228,0.9977618952877257,-3.993531833657497e-08,4.32570622917988,0.10117426243355428,0.0036904376666666654,0.0013232531967405639,0.000982433437701014,0.0005150612176600812,0.0032930326916666636,4.3266146345802525,0.09993761573778083,0.000908405400372736,-0.0012366466957734468,-0.0012391067516592548,1.0039971437493411,4.364988024446826e-08,-0.00010360000119333484,0.0022436369381057834,0.0022436369381057834,0.17670406107821518,0.9980146537959593,4.3824355090446926e-08]"
/multi_agv/m2b_algorithm_state,1789558521.8270135,1789558521.8270135,m2b_algorithm_state_v1:header6+3x20,"[1.0,-0.15,0.52,4.327842297711087,0.10125036777038597,1789558521.8268871,4.3264171941758764,0.10107521715851453,0.0036904376666666654,0.0015403780077792167,0.0006967243787981297,0.0005695558043833757,0.004584685874999997,4.329109489103853,0.09925208271083893,0.002692294927976846,-0.001823134447675595,-0.001828512048905304,1.0059397798646363,1.1053078222245746e-07,0.0015368566110657534,-0.0030641976010791355,-0.0030641976010791355,0.1419525310649217,0.9970590288245962,1.1118731073712492e-07,4.327397670016033,0.10150169498740419,0.002796189458333334,-0.0009437687031394839,0.0016671090131206157,0.0007539762512274589,-0.0017884964166666626,4.327455167072707,0.10153055720946502,5.749705667401628e-05,2.8862222060832554e-05,2.8860900650759845e-05,0.9999084432504421,-1.6917737247222204e-11,0.00010073222149328019,-0.0013143936953295687,-0.0013143936953295687,0.12046879445043325,1.0000457854759524,-1.6916188314189975e-11,4.3267110368430695,0.10117419656506639,0.0036904376666666654,0.00132361513324167,0.0009824170237271446,0.0005149128701968401,0.0032930326916666636,4.327616664916674,0.09893851052932442,0.00090562807360417,-0.0022356860357419656,-0.002243787152944002,1.007308085516403,1.427981559747182e-07,-0.0011117520609387897,0.006237130280634572,0.006237130280634572,0.17670404290400163,0.9963895340110993,1.4384173711016608e-07]"
/multi_agv/m2b_algorithm_state,1789558521.837022,1789558521.837022,m2b_algorithm_state_v1:header6+3x20,"[1.0,-0.15,0.52,4.32884192803852,0.101250370475174,1789558521.8368812,4.3274175241191175,0.10107521353212076,0.0036904376666666654,0.0015404034054554159,0.00069672065953501,0.0005695467301104843,0.004584685874999997,4.330076115636933,0.09899249838758552,0.002658591517815445,-0.0020827151445352438,-0.0020897468319740708,1.0068053414525773,1.4427390919184822e-07,0.0012334925652952356,-0.0018748562188574038,-0.0018748562188574038,0.14195253229875784,0.996635148654737,1.452557424065969e-07,4.328398001697559,0.10150169668298971,0.002796189458333334,-0.0009437964311859856,0.0016671119594171557,0.0007539867378112408,-0.0017884964166666626,4.328465338752177,0.10153055720946502,6.733705461758888e-05,2.8860526475313342e-05,2.8859205220508758e-05,0.9999084486295206,-1.6916246429397068e-11,0.00011303052349249486,-0.001358084078067157,-0.001358084078067157,0.1204687937381531,1.0000457827855787,-1.6914697723853088e-11,4.327711367316584,0.10117419309604742,0.0036904376666666654,0.001323633700804777,0.000982415572718942,0.0005149055766298471,0.0032930326916666636,4.328515239868263,0.09801329545761017,0.0008038725516792411,-0.0031608976384372434,-0.003177204365837959,1.0104403549529706,2.8562040845561715e-07,-0.002172363676238908,0.010354435732267998,0.010354435732267998,0.1767040404944245,0.9948675862415243,2.8860238690170623e-07]"
/multi_agv/m2b_algorithm_state,1789558521.847227,1789558521.847227,m2b_algorithm_state_v1:header6+3x20,"[1.0,-0.15,0.52,4.329840805851519,0.10125037786547493,1789558521.8470724,4.328417155115269,0.10107522075134137,0.0036904376666666654,0.0015403519468801304,0.0006967241439062022,0.0005695672228711089,0.004584685874999997,4.331076323356308,0.09908463350403349,0.002659168241039289,-0.0019905872473078845,-0.001997006154135524,1.0064975733915444,1.3177996783650323e-07,0.0013269541471635873,-0.0022466849545431473,-0.0022466849545431473,0.14195253226778512,0.9967857350793101,1.326362178490563e-07,4.329397631277231,0.1015016917077009,0.002796189458333334,-0.0009437405856432442,0.0016671097161307102,0.0007539636975806563,-0.0017884964166666626,4.329281284381882,0.09896875033556464,-0.0001163468953482294,-0.002532941372136263,-0.0025433175291365026,1.0082712080353882,-1.3051857022258963e-07,-0.0026887511483217894,0.009644924559773855,0.009644924559773855,0.12046879375346944,0.9959202274661464,-1.3159811646938207e-07,4.328710997723062,0.10117419896647978,0.0036904376666666654,0.0013236011547069436,0.0009824165819962705,0.0005149191591014529,0.0032930326916666636,4.329499012009739,0.09836072942915272,0.0007880142866776296,-0.002813469537327057,-0.002826354876646774,1.0092566611405505,2.262272122270282e-07,-0.001841337018299737,0.009047963021989422,0.009047963021989422,0.17670404055167363,0.9954410044449179,2.283213208713852e-07]"
/multi_agv/m2b_algorithm_state,1789558521.8571904,1789558521.8571904,m2b_algorithm_state_v1:header6+3x20,"[1.0,-0.15,0.52,4.330837264594169,0.10125040032549083,1789558521.857039,4.329416035133864,0.10107523885000658,0.0036904376666666654,0.0015402237927484301,0.0006967354270079437,0.0005696169034749897,0.004584685874999997,4.331998890527761,0.09869412497834326,0.002582855393897354,-0.002381113871663315,-0.0023903254703927634,1.007806506084943,1.8859198598108202e-07,0.0008382437719789294,-0.00034691419315860026,-0.00034691419315860026,0.14195253088776588,0.9961462993874493,1.9006423046721484e-07,4.330396506440449,0.1015016803970443,0.002796189458333334,-0.0009436016175710148,0.001667101766789969,0.0007539075947081142,-0.0017884964166666626,4.330271290465646,0.09896875033556464,-0.00012521597480308344,-0.0025329300614796574,-0.002543306126504497,1.0082711712993289,-1.3049819139994573e-07,-0.0026998260950083512,0.009684016571912937,0.009684016571912937,0.12046879455622873,0.9959202453386529,-1.315775642952673e-07,4.329709875980244,0.1011742143493739,0.0036904376666666654,0.0013235169545954416,0.0009824203839995166,0.000514953678916501,0.0032930326916666636,4.330546025206624,0.09907171243434497,0.0008361492263802006,-0.0021025019150289342,-0.0021096594006590487,1.006862437813949,1.2627090967742762e-07,-0.001064472867683798,0.00601332169827423,0.00601332169827423,0.17670404325310765,0.9966072790575206,1.2713743594279973e-07]"
/multi_agv/m2b_algorithm_state,1789558521.8671093,1789558521.8671093,m2b_algorithm_state_v1:header6+3x20,"[1.0,-0.15,0.52,4.331840640117746,0.10125037810804632,1789558521.866903,4.330412500970074,0.10107529217042086,0.0036904376666666654,0.0015398472037211016,0.0006967715428254798,0.0005697613535964149,0.004584685874999997,4.332786661503205,0.09871240155901541,0.0023741605331304427,-0.0023628906114054465,-0.002371960502526708,1.007745169576672,1.856686707663866e-07,0.0005957401638863455,0.0004979751567227722,0.0004979751567227722,0.1419525251542796,0.9961762048265138,1.8710670610654753e-07,4.3313929565013565,0.10150164839370318,0.002796189458333334,-0.0009431934236920209,0.0016670757215644372,0.0007537442046370163,-0.0017884964166666626,4.331245924131787,0.10061564830689555,-0.0001470323695693665,-0.0008860000868076284,-0.0008872539584377103,1.0028398918337005,-1.5942652075223716e-08,-0.0010710444203994186,0.0032446264560719897,0.0032446264560719897,0.12046879787862975,0.9985867951129915,-1.5987927482659673e-08,4.330706336311074,0.10117426041234849,0.0036904376666666654,0.0013232659999737142,0.000982433029657859,0.0005150558802139334,0.0032930326916666636,4.33119373471488,0.09811440978937579,0.0004873984038056278,-0.003059850622972704,-0.0030751198171015503,1.010095145375385,2.67559170022903e-07,-0.0024658718123445156,0.011342829277837963,0.011342829277837963,0.17670405447830184,0.9950346018896792,2.7026021874080155e-07]"
/multi_agv/m2b_algorithm_state,1789558521.8771574,1789558521.8771574,m2b_algorithm_state_v1:header6+3x20,"[1.0,-0.15,0.52,4.3328404212399265,0.10125037953614198,1789558521.876959,4.331415869645963,0.10107523715985053,0.0036904376666666654,0.0015402386620026222,0.000696737077805664,0.0005696095996273879,0.004584685874999997,4.333768969323349,0.09873365574513188,0.0023530996773857282,-0.0023415814147186576,-0.0023504870329015327,1.0076734897464812,1.8237879184840096e-07,0.0005908875638306276,0.0005058441072903256,0.0005058441072903256,0.14195253186298182,0.9962111604709082,1.8377827363762528e-07,4.33239634020953,0.10150168358261681,0.002796189458333334,-0.0009436201961894024,0.0016671002753536612,0.0007539164237114759,-0.0017884964166666626,4.332246372990975,0.10061564830689555,-0.0001499672185554246,-0.0008860352757212586,-0.000887289246689524,1.002840004407458,-1.595113053093196e-08,-0.001074748269883805,0.003257322217891193,0.003257322217891193,0.12046879399004365,0.9985867393604239,-1.5996431811943745e-08,4.331709710497743,0.10117421358167161,0.0036904376666666654,0.001323523904686597,0.000982421733112737,0.0005149499645982093,0.0032930326916666636,4.332085534756856,0.09721138082949289,0.0003758242591125338,-0.0039628327521787216,-0.003988618128804758,1.013207176292951,4.491220866259294e-07,-0.0035188378049140906,0.015394185394615983,0.015394185394615983,0.17670404134866807,0.9935352606358024,4.5505372120105607e-07]"
/multi_agv/m2b_algorithm_state,1789558521.8873308,1789558521.8873308,m2b_algorithm_state_v1:header6+3x20,"[1.0,-0.15,0.52,4.3338378841121825,0.10125039561700477,1789558521.8871586,4.3324156511434495,0.10107524051267248,0.0036904376666666654,0.0015402153657536918,0.0006967391431924588,0.0005696186232771376,0.004584685874999997,4.335243428155151,0.09902538299966532,0.002827777011701116,-0.0020498575130071667,-0.0020566673953085813,1.0066955009506273,1.3973746456046547e-07,0.0014780538693178135,-0.002751927399989007,-0.002751927399989007,0.14195253210039394,0.9966888752566659,1.4067307688726833e-07,4.333396120871184,0.10150168167801525,0.002796189458333334,-0.000943595472769696,0.0016670988937725895,0.0007539064256198158,-0.0017884964166666626,4.333444967997035,0.09923256493210818,4.884712585084827e-05,-0.002269116745907074,-0.0022774274127512198,1.007387715740205,-1.0471142017423078e-07,-0.0022163685054376594,0.007874107773977394,0.007874107773977394,0.1204687938499195,0.9963508532488828,-1.0548499838123115e-07,4.332709491705145,0.1011742164177382,0.0036904376666666654,0.0013235087405902564,0.0009824225066049413,0.0005149561353053537,0.0032930326916666636,4.333596965842158,0.09782897635686201,0.0008874741370128447,-0.0033452400608761923,-0.003363529571073534,1.0110720819586612,3.199138906003727e-07,-0.002254186899807478,0.010717094372701122,0.010717094372701122,0.1767040408841181,0.9945624054104855,3.234560034168142e-07]"
/multi_agv/m2b_algorithm_state,1789558521.8971722,1789558521.8971722,m2b_algorithm_state_v1:header6+3x20,"[1.0,-0.15,0.52,4.334841719549584,0.10125037062300508,1789558521.897034,4.333413119067719,0.10107527864189826,0.0036904376666666654,0.001539946245805716,0.0006967649398678328,0.0005697218575009015,0.004584685874999997,4.33621349270015,0.09862958320579124,0.002800373632430464,-0.0024456954361070232,-0.002455418209229552,1.0080240520973998,1.989334063132607e-07,0.001045048831308528,-0.0010455579859466753,-0.0010455579859466753,0.14195252817464646,0.9960402781546611,2.005296583294315e-07,4.334393577557581,0.10150165886260683,0.002796189458333334,-0.0009433040034967323,0.0016670803361931164,0.0007537897368061486,-0.0017884964166666626,4.334425910778065,0.09923256493210818,3.233322048412646e-05,-0.00226909393049865,-0.002277404431340408,1.0073876418173662,-1.0467697999731059e-07,-0.00223698790573525,0.007946992044855165,0.007946992044855165,0.12046879613155748,0.9963508893161911,-1.0545029603205433e-07,4.333706955711249,0.10117424934650925,0.0036904376666666654,0.001323329480394065,0.0009824315707457117,0.0005150291228222118,0.0032930326916666636,4.334630967717818,0.09857092421444924,0.0009240120065685531,-0.0026033251320600054,-0.0026143400541959135,1.0085450673562117,1.9362821811094574e-07,-0.0014593250459852222,0.007616539690084986,0.007616539690084986,0.17670404857682256,0.9957867293819603,1.9528278427676704e-07]"
/multi_agv/m2b_algorithm_state,1789558521.9070358,1789558521.9070358,m2b_algorithm_state_v1:header6+3x20,"[1.0,-0.15,0.52,4.335837199247961,0.10125039951783778,1789558521.906878,4.3344169466864555,0.10107521757427484,0.0036904376666666654,0.0015403800138235973,0.0006967255457951181,0.000569554327853694,0.004584685874999997,4.337153575195993,0.09787312381199463,0.0027366285095373755,-0.0032020937622802143,-0.0032188556503005635,1.0105952377346838,3.412766344617093e-07,0.00020192998662115587,0.00225737040330183,0.00225737040330183,0.141952535697684,0.9947925940640476,3.4489254153712394e-07,4.3353974224163885,0.1015016972216177,0.002796189458333334,-0.000943776385175136,0.001667108600414302,0.0007539797958378419,-0.0017884964166666626,4.335481839643294,0.1000795124616619,8.441722690566422e-05,-0.0014221847599557996,-0.001425428584881281,1.0045862557492387,-4.111792677329647e-08,-0.0013199070512492008,0.004355212623424284,0.004355212623424284,0.12046879176033495,0.9977243160689444,-4.1306504101357274e-08,4.334710789545907,0.10117419707312271,0.0036904376666666654,0.0013236165415977338,0.0009824183918617285,0.0005149115481130613,0.0032930326916666636,4.335620508913449,0.09778602580064964,0.0009097193675415838,-0.0033881712724730673,-0.0034069392908606757,1.0112195738945318,3.2821356316088486e-07,-0.002269790081433696,0.010789510226599701,0.010789510226599701,0.17670403383657465,0.9944912377987026,3.3189597948595596e-07]"
/multi_agv/m2b_algorithm_state,1789558521.917021,1789558521.917021,m2b_algorithm_state_v1:header6+3x20,"[1.0,-0.15,0.52,4.336839955807233,0.10125038131104393,1789558521.9168868,4.33541243538215,0.10107528709538574,0.0036904376666666654,0.001539888039226754,0.0006967713203406944,0.0005697437688498477,0.004584685874999997,4.338057169882014,0.09740636947419731,0.002644734499864576,-0.003668917621188428,-0.003691000346556829,1.0122034831539246,4.4802741730924704e-07,-0.00038508222172610896,0.004519287200172713,0.004519287200172713,0.14195252821947824,0.9940171435125978,4.534949123488768e-07,4.336392891185632,0.10150165465864062,0.002796189458333334,-0.0009432424825196006,0.0016670758130139518,0.0007537654224085144,-0.0017884964166666626,4.3364760651483945,0.1000795124616619,8.31739627624728e-05,-0.0014221421969787262,-0.001425385828565231,1.0045861189130467,-4.1092213124402855e-08,-0.00132141837511214,0.004361066194867095,0.004361066194867095,0.12046879610285287,0.9977243834465721,-4.128066690019163e-08,4.3357062711761,0.101174256799487,0.0036904376666666654,0.0013232901809007666,0.0009824341350359147,0.0005150448237939156,0.0032930326916666636,4.336523747843333,0.09703071182074156,0.0008174766672324196,-0.004143544978745431,-0.00417177394210269,1.0138373639812865,4.909861238579364e-07,-0.0031499281080621657,0.014174750504223182,0.014174750504223182,0.17670404847659849,0.9932333429977198,4.977800775635197e-07]"
/multi_agv/m2b_algorithm_state,1789558521.9270515,1789558521.9270515,m2b_algorithm_state_v1:header6+3x20,"[1.0,-0.15,0.52,4.337839937947382,0.10125038138332854,1789558521.9268785,4.336415186316906,0.1010752419080077,0.0036904376666666654,0.0015402097920117824,0.0006967430882223618,0.0005696189872833349,0.004584685874999997,4.338863311588151,0.09720190616405457,0.0024481252712451607,-0.0038733357439531407,-0.0038979855521234464,1.0129129059160515,4.995117656102497e-07,-0.0008378289630669956,0.006192682231557613,0.006192682231557613,0.14195253381376557,0.9936762700013403,5.059619140435356e-07,4.337395654460565,0.10150168367519495,0.002796189458333334,-0.0009435934904893891,0.0016670959599958124,0.000753907092453085,-0.0017884964166666626,4.3371681164994795,0.10014022635778112,-0.0002275379610852113,-0.0013614573174138278,-0.001364428670383763,1.0043874101604706,-3.767257673535295e-08,-0.0016488511217402772,0.005491415998465577,0.005491415998465577,0.1204687928558031,0.9978222731356858,-3.7837861781292745e-08,4.336709026644228,0.10117421834992911,0.0036904376666666654,0.0013235020951870842,0.0009824249292116338,0.0005149577557251989,0.0032930326916666636,4.337259829887164,0.09752818167737301,0.0005508032429357712,-0.0036460366725560994,-0.0036678123135464014,1.0121083789342122,3.8010302088150917e-07,-0.0029793082598766874,0.013380240242673064,0.013380240242673064,0.17670403752035588,0.9940630438177336,3.8470545229238124e-07]"
/multi_agv/m2b_algorithm_state,1789558521.9369369,1789558521.9369369,m2b_algorithm_state_v1:header6+3x20,"[1.0,-0.15,0.52,4.338836720107594,0.10125040173237014,1789558521.9367828,4.337415168401559,0.10107524194050085,0.0036904376666666654,0.0015402100951994132,0.0006967430166600506,0.000569618893088705,0.004584685874999997,4.339912532841419,0.09802890866041865,0.002497364439859595,-0.0030463332800822057,-0.003061486374999525,1.0100622680963072,3.0881746982747656e-07,6.021917482496898e-05,0.002685682473628602,0.002685682473628602,0.14195253441192138,0.9950504124267673,3.1192487400170386e-07,4.338395636660358,0.10150168386362944,0.002796189458333334,-0.0009435945090728211,0.0016670961389300132,0.0007539074409027291,-0.0017884964166666626,4.338170001238668,0.10014022635778112,-0.0002256354216907397,-0.001361457505848318,-0.0013644288596374365,1.0043874107659332,-3.7672627802381155e-08,-0.0016464731367508611,0.005483014214218602,0.005483014214218602,0.12046879250701752,0.9978222728373628,-3.7837913095182316e-08,4.3377090087802275,0.1011742183458553,0.0036904376666666654,0.0013235025340899566,0.0009824249948935833,0.0005149575313153553,0.0032930326916666636,4.338253575847241,0.0977751816016034,0.0005445670670134461,-0.0033990367442519043,-0.003417926866139189,1.011256920738477,3.302958250797179e-07,-0.0027372180323723813,0.01243270130356716,0.01243270130356716,0.17670403634995496,0.994473222328299,3.3401393900289014e-07]"
/multi_agv/m2b_algorithm_state,1789558521.947408,1789558521.947408,m2b_algorithm_state_v1:header6+3x20,"[1.0,-0.15,0.52,4.339841598070344,0.1012503698815942,1789558521.947226,4.33841195695389,0.10107529026592255,0.0036904376666666654,0.001539868864963061,0.0006967756523067687,0.0005697498268477817,0.004584685874999997,4.340926337753792,0.09806717308753274,0.0025143807999015166,-0.0030081171783898075,-0.00302288821679207,1.0099317754199957,3.010436747773258e-07,0.00012008778308482577,0.0024582541725629,0.0024582541725629,0.14195252926227092,0.9951136008535777,3.040335729468244e-07,4.339392411001536,0.10150165486392515,0.002796189458333334,-0.0009432248190440421,0.0016670726818270865,0.0007537593946650156,-0.0017884964166666626,4.3390572973918875,0.09897367636952079,-0.00033511360964855186,-0.002527978494404365,-0.0025383136488874216,1.0082545448235845,-1.2993616358067784e-07,-0.0029572056609481114,0.010587760976582915,0.010587760976582915,0.120468795497647,0.9959283382935805,-1.3100872746715915e-07,4.338705792367355,0.10117426006726274,0.0036904376666666654,0.0013232752757108561,0.0009824364353135714,0.0005150500881305202,0.0032930326916666636,4.3393104568516145,0.09803524880985806,0.0006046644842596649,-0.003139011257404678,-0.003155090287807354,1.0103655117353503,2.8159845553462675e-07,-0.002399259682482773,0.011141366436031136,0.011141366436031136,0.17670404644051438,0.9949037812119632,2.8451736763012744e-07]"
/multi_agv/m2b_algorithm_state,1789558521.957478,1789558521.957478,m2b_algorithm_state_v1:header6+3x20,"[1.0,-0.15,0.52,4.340845449683159,0.10125034564155133,1789558521.9573479,4.339416824952137,0.10107521252920004,0.0036904376666666654,0.0015404208821980852,0.0006967254397665099,0.000569536668286505,0.004584685874999997,4.341880387231263,0.09741131374231124,0.0024635622791260303,-0.003663898786888803,-0.0036859203305052613,1.0121861174842095,4.4695585440973834e-07,-0.0006064674815977234,0.005293053794283405,0.005293053794283405,0.14195253866618227,0.9940254965810832,4.5240251096183063e-07,4.340397300979671,0.10150170360503806,0.002796189458333334,-0.0009438258488928169,0.0016671087279798158,0.0007540011703316418,-0.0017884964166666626,4.340053186953148,0.09897367636952079,-0.0003441140265225684,-0.0025280272355172745,-0.0025383627855698875,1.008254703123437,-1.300239486405519e-07,-0.002968505318723098,0.010626928659980005,0.010626928659980005,0.12046879003682723,0.9959282612747994,-1.310972577355167e-07,4.339710668279225,0.10117419351054444,0.0036904376666666654,0.0013236406344460535,0.0009824196076634543,0.0005149004724357698,0.0032930326916666636,4.340316668770461,0.09822883843450832,0.0006060004912358252,-0.0029453550760361186,-0.0029594907821857168,1.009704934544297,2.479623458098919e-07,-0.0022019901681409352,0.010369660055070267,0.010369660055070267,0.1767040280221458,0.9952236018997976,2.5036880414542723e-07]"
/multi_agv/m2b_algorithm_state,1789558521.9673276,1789558521.9673276,m2b_algorithm_state_v1:header6+3x20,"[1.0,-0.15,0.52,4.34184430257931,0.10125035402438853,1789558521.9672189,4.3404206686159785,0.10107515579909958,0.0036904376666666654,0.0015408214707166587,0.0006966852746860038,0.0005693839215965138,0.004584685874999997,4.342751287220212,0.09630250849738008,0.0023306186042333366,-0.0047726473017195015,-0.004810325570799293,1.0160715717540603,7.591168413943015e-07,-0.0018970523155076224,0.010270096617984024,0.010270096617984024,0.14195254621083186,0.9921672101970571,7.713170421804856e-07,4.34140116240044,0.10150173707719388,0.002796189458333334,-0.0009442605823197364,0.0016671381518413853,0.0007541743069276741,-0.0017884964166666626,4.341176846711749,0.09991625869228271,-0.00022431568869141216,-0.0015854783849111737,-0.0015895148525966474,1.0051222840162746,-5.1134038420045795e-08,-0.0018699094634609126,0.006366189670673247,0.006366189670673247,0.12046878565140323,0.9974605662357419,-5.139596148773237e-08,4.34071451803306,0.10117414404836052,0.0036904376666666654,0.001323909804784282,0.0009824053727168994,0.0005147912020097172,0.0032930326916666636,4.341183731217144,0.09794479775508974,0.00046921318408355006,-0.0032293462932707767,-0.00324637567587713,1.0106746336411638,2.9819978968683116e-07,-0.0026598591957726924,0.012093194061453705,0.012093194061453705,0.1767040132270384,0.9947543401298583,3.013829631936102e-07]"
/multi_agv/m2b_algorithm_state,1789558521.9770362,1789558521.9770362,m2b_algorithm_state_v1:header6+3x20,"[1.0,-0.15,0.52,4.342836768558743,0.1012504023663023,1789558521.9768984,4.341419523672019,0.10107517878694992,0.0036904376666666654,0.0015406562024533298,0.0006966962194733025,0.0005694498655914701,0.004584685874999997,4.343703593414979,0.09678330227879609,0.0022840697429602486,-0.0042918765081538385,-0.004322236489469399,1.0143753020426893,6.136338137634207e-07,-0.0014671493107690885,0.008570458334198594,0.008570458334198594,0.14195254479754196,0.992975862984469,6.224549851798772e-07,4.3424000129314315,0.1015017205444789,0.002796189458333334,-0.0009440796279317652,0.001667131056366955,0.0007540995602711015,-0.0017884964166666626,4.342173794255133,0.09991625869228271,-0.00022621867629890602,-0.001585461852196185,-0.0015894982360967005,1.0051222307852994,-5.1123176404518614e-08,-0.001872271581470333,0.006374701649500965,0.006374701649500965,0.12046878647300195,0.997460592400261,-5.138504111254013e-08,4.341713371134477,0.10117416274173677,0.0036904376666666654,0.0013238049605719068,0.0009824082653650205,0.0005148351432162418,0.0032930326916666636,4.342128327894889,0.09760499366563671,0.0004149567604114779,-0.003569169076100054,-0.0035900241964821476,1.01184291717168,3.643106475101286e-07,-0.0030713282459678003,0.01367226239914916,0.01367226239914916,0.17670401599243735,0.9941908134205532,3.6862514833335216e-07]"
/multi_agv/m2b_algorithm_state,1789558521.9870558,1789558521.9870558,m2b_algorithm_state_v1:header6+3x20,"[1.0,-0.15,0.52,4.343838385881594,0.10125039132908635,1789558521.9868412,4.342412004668235,0.10107529602373705,0.0036904376666666654,0.0015398252324840159,0.0006967723907749237,0.0005697704361696253,0.004584685874999997,4.344727380568095,0.09749362653740842,0.0023153758998599727,-0.003581669486328626,-0.003602700649099141,1.0119016558109886,4.2693127431007916e-07,-0.0007084807742741752,0.0056144478142264274,0.0056144478142264274,0.1419525318979872,0.9941623896018742,4.3201246339186444e-07,4.343392460753608,0.101501647850791,0.002796189458333334,-0.0009431765773717168,0.001667076584594973,0.0007537364534660473,-0.0017884964166666626,4.343308215984672,0.10007381907842189,-8.424476893598154e-05,-0.0014278287723691052,-0.0014310985365475818,1.004604753330254,-4.141875823429013e-08,-0.0015364044977175587,0.005122882945566913,0.005122882945566913,0.12046879396707744,0.9977152068184175,-4.160948139920447e-08,4.3427058402543866,0.10117426322437889,0.0036904376666666654,0.001323254662714567,0.00098243411499297,0.0005150602299476463,0.0032930326916666636,4.343213202157205,0.09884867183950566,0.0005073619028186371,-0.0023255913848732324,-0.0023343630823259493,1.0076096538119381,1.5448100128280945e-07,-0.001700160703802653,0.008346629303961217,0.008346629303961217,0.17670404126948247,0.9962423594173805,1.556565482230932e-07]"
/multi_agv/m2b_algorithm_state,1789558521.9969847,1789558521.9969847,m2b_algorithm_state_v1:header6+3x20,"[1.0,-0.15,0.52,4.344841767223304,0.10125036938817263,1789558521.9968872,4.343413618732613,0.10107526755493568,0.0036904376666666654,0.0015400289343544407,0.0006967561238610637,0.000569690601092232,0.004584685874999997,4.346004338023442,0.09749414135927402,0.002590719290829213,-0.0035811261956616575,-0.0036021509008684572,1.0118997826439342,4.2685813515019457e-07,-0.0003637517873319408,0.004406612418826909,0.004406612418826909,0.14195253543559985,0.9941632913818987,4.31937654178277e-07,4.344394081872767,0.10150166703434485,0.002796189458333334,-0.0009433994012175029,0.001667087973518555,0.0007538271157755128,-0.0017884964166666626,4.344239420425219,0.099219396889162,-0.00015466144754761046,-0.0022822701451828548,-0.0022906782761308634,1.0074316430129728,-1.0590781098112662e-07,-0.0024840050855653765,0.008822079159380927,0.008822079159380927,0.12046879191420669,0.9963294142893735,-1.0669488002462376e-07,4.343707457039402,0.10117423939797851,0.0036904376666666654,0.0013233870032009925,0.0009824291526203685,0.0005150054467539552,0.0032930326916666636,4.344344342067707,0.09992715707440858,0.0006368850283049454,-0.0012470823235699313,-0.0012495842714058461,1.0040313502725902,4.439448844640537e-08,-0.00045347798602466435,0.003484935992958893,0.003484935992958893,0.17670403435465923,0.9979977758257952,4.457345817950529e-08]"
/multi_agv/m2b_algorithm_state,1789558522.006975,1789558522.006975,m2b_algorithm_state_v1:header6+3x20,"[1.0,-0.15,0.52,4.345839755423874,0.10125038248443326,1789558522.0067866,4.344416993183954,0.10107521420950542,0.0036904376666666654,0.0015404075195912604,0.0006967213940745503,0.0005695445647647952,0.004584685874999997,4.3469861041595035,0.09751460078331434,0.002569110975549904,-0.0035606134261910866,-0.003581394775691953,1.0118289133948422,4.2208038558319044e-07,-0.0003700060562545726,0.004419997968480268,0.004419997968480268,0.141952542141169,0.9941974144704974,4.270731379099156e-07,4.3453974715453105,0.10150170028920205,0.002796189458333334,-0.0009438114007891511,0.0016671129660190687,0.0007539927030882632,-0.0017884964166666626,4.345192865982216,0.09966967660820802,-0.00020460556309487288,-0.0018320236809940271,-0.0018374231583492624,1.0059353124297732,-6.825217247212494e-08,-0.0020931801122178535,0.007257857008199737,0.007257857008199737,0.12046878801701238,0.9970613860336417,-6.865727043975777e-08,4.344710836940648,0.10117419366581042,0.0036904376666666654,0.0013236378130494358,0.0009824174370571814,0.0005149028244291263,0.0032930326916666636,4.3452695118507245,0.09886814435419655,0.0005586749100761068,-0.002306049311613864,-0.002314672949746225,1.0075440586700208,1.5193776188137627e-07,-0.0016163293121510915,0.00804366223004402,0.00804366223004402,0.1767040212042679,0.9962743599983287,1.5308398927120103e-07]"
/multi_agv/m2b_algorithm_state,1789558522.0170457,1789558522.0170457,m2b_algorithm_state_v1:header6+3x20,"[1.0,-0.15,0.52,4.346836742687484,0.10125040149107963,1789558522.0168486,4.345414985359565,0.10107524626627397,0.0036904376666666654,0.0015401801965082731,0.0006967416595477609,0.0005696325588218919,0.004584685874999997,4.347961394064523,0.09773125617599612,0.0025464087049575923,-0.0033439900902778458,-0.003362289938478854,1.0110823462072644,3.7217865363873873e-07,-0.00017927905728186378,0.0036568023418347174,0.0036568023418347174,0.14195253917583614,0.9945573259487289,3.763032663293168e-07,4.346395454972116,0.10150168018562297,0.002796189458333334,-0.000943564439972221,0.0016670986447264724,0.0007538931035691726,-0.0017884964166666626,4.346321883455131,0.1012313683445208,-7.357151698528241e-05,-0.0002703118411021693,-0.00027042801064389757,1.0008604019128353,-1.4839170449418965e-09,-0.0003623924068755006,0.0004632354645622357,0.0004632354645622357,0.12046878973977818,0.9995704234134191,-1.4851938100058535e-09,4.345708825939941,0.1011742210014028,0.0036904376666666654,0.0013234879311501114,0.0009824242380275464,0.0005149642547947171,0.0032930326916666636,4.346138937212029,0.09761623849737519,0.0004301112720881406,-0.0035579825040276125,-0.00357870534253506,1.011804311108305,3.619412021354962e-07,-0.003041066252424884,0.013561450651129665,0.013561450651129665,0.17670402701748075,0.9942094035345285,3.662136686884175e-07]"
/multi_agv/m2b_algorithm_state,1789558522.0270307,1789558522.0270307,m2b_algorithm_state_v1:header6+3x20,"[1.0,-0.15,0.52,4.3478420814942,0.10125036667738324,1789558522.0268388,4.346411978646924,0.10107529121809522,0.0036904376666666654,0.0015398628383781541,0.0006967723850245014,0.0005697541385870723,0.004584685874999997,4.348774653323909,0.09801979459986519,0.0023626746769851437,-0.0030554966182300275,-0.003070742050491339,1.010093565347185,3.1060982029896106e-07,-0.0001173987042599094,0.0033129251681102696,0.0033129251681102696,0.1419525343922622,0.995035261180967,3.13744980817626e-07,4.347392434853876,0.10150165333982313,0.002796189458333334,-0.0009432205216073604,0.00166707649917619,0.000753755546230514,-0.0017884964166666626,4.347141142905625,0.10038586174743756,-0.00025129194825090906,-0.0011157915923855621,-0.0011177836698467918,1.0035857564001522,-2.5289464751901256e-08,-0.001431898605160428,0.004620160687403479,0.004620160687403479,0.12046879252021742,0.9982178327390461,-2.538014661199181e-08,4.346705814561651,0.10117425991532052,0.0036904376666666654,0.0013232760446070242,0.0009824350445716947,0.0005150504782359604,0.0032930326916666636,4.347005187791415,0.09940498167244421,0.0002993732297635887,-0.0017692782428763015,-0.0017743340400996714,1.0057531881992654,8.938144497264171e-08,-0.0014001175028951855,0.007053619149136596,0.007053619149136596,0.176704036398985,0.9971505944714413,8.98956732470916e-08]"
/multi_agv/m2b_algorithm_state,1789558522.0368445,1789558522.0368445,m2b_algorithm_state_v1:header6+3x20,"[1.0,-0.15,0.52,4.3488367571384225,0.101250400773388,1789558522.03676,4.347417306586265,0.10107520637395842,0.0036904376666666654,0.0015404650159947702,0.0006967175459088536,0.0005695216440893571,0.004584685874999997,4.349728103048597,0.09771428391740165,0.002310796462332121,-0.003360922456556767,-0.0033794104578859533,1.01114057989305,3.760309229236586e-07,-0.0004909148799708022,0.0047572621905879724,0.0047572621905879724,0.14195254461889073,0.9945292229045323,3.8022012546274694e-07,4.348397786776993,0.10150170638220592,0.002796189458333334,-0.0009438757904047914,0.0016671158483800852,0.0007540191144680408,-0.0017884964166666626,4.3481362978681135,0.10038586174743756,-0.00026148890887967013,-0.0011158446347683537,-0.0011178369010038263,1.0035859264476519,-2.530943460776666e-08,-0.001444698037103414,0.004664785627906532,0.004664785627906532,0.12046878657548714,0.9982177487308895,-2.5400192378701768e-08,4.347711151119341,0.10117418727598537,0.0036904376666666654,0.0013236745277000034,0.0009824166013229444,0.0005148873447915051,0.0032930326916666636,4.348133530721008,0.10097744830331369,0.00042237960166691124,-0.00019673897267168117,-0.00019680074952959254,1.0006284751067067,1.1043324489157178e-09,0.0003311737525540465,0.0002373050608126654,0.0002373050608126654,0.17670401635063074,0.999686094397206,1.1050264943693898e-09]"
/multi_agv/m2b_algorithm_state,1789558522.047035,1789558522.047035,m2b_algorithm_state_v1:header6+3x20,"[1.0,-0.15,0.52,4.349842027610145,0.10125036642726719,1789558522.0468836,4.348411992832259,0.10107528876132695,0.0036904376666666654,0.0015398814563485803,0.0006967714253061526,0.0005697465676718634,0.004584685874999997,4.350763393995777,0.09823263111397543,0.0023514011635183962,-0.002842657647351518,-0.002855832041183717,1.0093680870527055,2.688104922233754e-07,8.341941321427827e-05,0.00251385078386606,0.00251385078386606,0.14195253569782845,0.9953868457100375,2.713287323152046e-07,4.349392449577217,0.10150165558486976,0.002796189458333334,-0.0009432420072626874,0.0016670773163829367,0.0007537644344453032,-0.0017884964166666626,4.348885681612382,0.09843566398672966,-0.0005067679648353973,-0.003065991598140097,-0.003081255766133089,1.0100720728975385,-1.9119831627473323e-07,-0.0037147157221773357,0.013464055002437646,0.013464055002437646,0.12046879175955763,0.9950461210780474,-1.9312407965413898e-07,4.348705829005793,0.10117425797396727,0.0036904376666666654,0.0013232877147784507,0.0009824350011097055,0.0005150454422884958,0.0032930326916666636,4.349092125676013,0.10008925596783622,0.00038629667022060943,-0.0010850020061310556,-0.00108689355715919,1.0035009925014806,3.359846148219019e-08,-0.0006040227193834281,0.003945763329791396,0.003945763329791396,0.1767040338318778,0.9982596722414306,3.371608944390063e-08]"
/multi_agv/m2b_algorithm_state,1789558522.0568693,1789558522.0568693,m2b_algorithm_state_v1:header6+3x20,"[1.0,-0.15,0.52,4.350836763303754,0.10125040015817545,1789558522.0567918,4.34941725256774,0.1010752051427687,0.0036904376666666654,0.0015404748560528042,0.0006967172533364867,0.0005695175310190063,0.004584685874999997,4.351761835827192,0.09895551889858216,0.002344583259452193,-0.0021196862441865416,-0.0021269718194644647,1.00692902665471,1.4945209702130273e-07,0.0008037572548507768,-0.000343895716983098,-0.000343895716983098,0.1419525457935357,0.996574672399864,1.5048765458516565e-07,4.350397733015067,0.10150170778753546,0.002796189458333334,-0.0009438876873406085,0.0016671162147678942,0.0007540240808048687,-0.0017884964166666626,4.350101518141788,0.09982379431325279,-0.00029621487327968765,-0.0016779134742826718,-0.0016824374815531849,1.0054265830129652,-5.725111226248759e-08,-0.002052706073152794,0.007050539359763209,0.007050539359763209,0.12046878589398606,0.9973110398929436,-5.756179017576457e-08,4.349711097247627,0.10117418635149736,0.0036904376666666654,0.001323680535652905,0.0009824167573685653,0.0005148846594180997,0.0032930326916666636,4.349997305956675,0.09918686402056018,0.00028620870904827456,-0.00198732233093718,-0.0019937115498297148,1.0064780983278712,1.1282041610986073e-07,-0.0016359506635193716,0.00797818419361401,0.00797818419361401,0.1767040140426145,0.9967953143005666,1.1355127785881174e-07]"
/multi_agv/m2b_algorithm_state,1789558522.0669112,1789558522.0669112,m2b_algorithm_state_v1:header6+3x20,"[1.0,-0.15,0.52,4.351840906296039,0.10125037307148403,1789558522.066836,4.350411998737089,0.10107528672482463,0.0036904376666666654,0.0015398969249073237,0.0006967704964496943,0.0005697403458418817,0.004584685874999997,4.3527970967213925,0.09919292264408106,0.0023850979843036413,-0.001882364080743576,-0.0018880993222170576,1.0061368341484878,1.1779706696076493e-07,0.001093273158162494,-0.0014731303032933579,-0.0014731303032933579,0.14195253698039073,0.9969624259666875,1.1851996802388145e-07,4.351392456024472,0.10150165741952853,0.002796189458333334,-0.0009432599776630483,0.0016670781621543895,0.0007537717840592484,-0.0017884964166666626,4.351254562642759,0.10028549728373408,-0.0001378933817131056,-0.001216160135794453,-0.0012185285138204837,1.0039127452057832,-3.004710941328682e-08,-0.0013908952409618658,0.004518188380451527,0.004518188380451527,0.12046879101740957,0.9980563622441587,-3.0164676096591305e-08,4.350705835149701,0.10117425633017318,0.0036904376666666654,0.001323297580062363,0.0009824349175662668,0.0005150412095360616,0.0032930326916666636,4.3509734604998025,0.1002548575225213,0.0002676253501014969,-0.0009193988076518778,-0.0009207553153016925,1.0029610938392972,2.4122386557090532e-08,-0.0005862236276748214,0.003810042317759465,0.003810042317759465,0.17670403131160714,0.9985267446983238,2.419381520731388e-08]"
/multi_agv/m2b_algorithm_state,1789558522.0770283,1789558522.0770283,m2b_algorithm_state_v1:header6+3x20,"[1.0,-0.15,0.52,4.352838106064595,0.10125039105778594,1789558522.0768912,4.351416133287849,0.1010752204863569,0.0036904376666666654,0.0015403673195677377,0.0006967279652354101,0.0005695585718463207,0.004584685874999997,4.353760513860637,0.0988232132207285,0.002344380572788296,-0.0022520072656284085,-0.002260239023093849,1.0073725271171776,1.6869649627545325e-07,0.0006702366928915209,0.0001861968414773364,0.0001861968414773364,0.14195254504530438,0.996358014625297,1.6994021576881688e-07,4.352396609186807,0.1015016990373843,0.002796189458333334,-0.0009437720923100492,0.001667108672307016,0.0007539778977008194,-0.0017884964166666626,4.3522213345549075,0.09921930961707541,-0.00017527463189992432,-0.0022823894203088946,-0.002290798434071017,1.0074320382049602,-1.0596071720376285e-07,-0.0025098917239459225,0.008912899747997912,0.008912899747997912,0.12046878632702848,0.9963292214465248,-1.067482213022462e-07,4.351709976413459,0.10117419969071088,0.0036904376666666654,0.0013236085453896189,0.0009824206958301222,0.0005149138157718317,0.0032930326916666636,4.3520597688155185,0.1011705233351929,0.0003497924020594567,-3.6763555179841756e-06,-3.676377058015141e-06,1.00001171830642,3.855436833957024e-13,0.00043356412551630573,-0.00021386969173985658,-0.00021386969173985658,0.1767040155137246,0.9999941409625223,3.855482013147228e-13]"
/multi_agv/m2b_algorithm_state,1789558522.0869362,1789558522.0869362,m2b_algorithm_state_v1:header6+3x20,"[1.0,-0.15,0.52,4.35384183901881,0.10125036689574772,1789558522.0868714,4.352413338599591,0.10107526403519627,0.0036904376666666654,0.0015400588896173476,0.0006967562300170364,0.0005696775615358556,0.004584685874999997,4.3547245774354675,0.09853828012430324,0.0023112388358761393,-0.002536983910893034,-0.002547453245289186,1.008332098480237,2.140898931197581e-07,0.0003415952995559882,0.0014705249167142839,0.0014705249167142839,0.14195254065564866,0.9958902741726421,2.1587371119285537e-07,4.3533938022515954,0.10150167213242232,0.002796189458333334,-0.0009434372674042312,0.0016670885610032826,0.0007538432239091453,-0.0017884964166666626,4.353116420854355,0.09795526225679282,-0.00027738139724053923,-0.0035464098756295,-0.0035669063942538213,1.0117133053002383,-2.5594259597449795e-07,-0.003913633140804495,0.014348987791552721,0.014348987791552721,0.12046878888171092,0.9942536987633483,-2.589405297404828e-07,4.352707177342596,0.10117423700573923,0.0036904376666666654,0.0013234043674077056,0.0009824303380342684,0.0005149973034817633,0.0032930326916666636,4.352943730984847,0.10002333357055469,0.00023655364225039222,-0.001150903435184536,-0.0011530328033749395,1.0037164030843975,3.780888763745983e-08,-0.0008573407505619492,0.004870383984230436,0.004870383984230436,0.17670402412339742,0.9981532457843604,3.7949400704093325e-08]"
/multi_agv/m2b_algorithm_state,1789558522.0969257,1789558522.0969257,m2b_algorithm_state_v1:header6+3x20,"[1.0,-0.15,0.52,4.354836697511944,0.1012503998438425,1789558522.096839,4.353417063921519,0.10107520561780761,0.0036904376666666654,0.0015404731184421355,0.000696717756592768,0.0005695180224390528,0.004584685874999997,4.355875037291211,0.09842454940697944,0.0024579733696921124,-0.0026506562108281756,-0.002662094524204548,1.0087165500766033,2.3378503071647447e-07,0.00041037218791059246,0.0012798932888056637,0.0012798932888056637,0.14195254799349283,0.9957032655030195,2.3582282964387487e-07,4.354397544462827,0.10150170825936908,0.002796189458333334,-0.0009438878512558202,0.0016671163320518545,0.0007540240908640722,-0.0017884964166666626,4.354153262352376,0.0986405883707087,-0.00024428211045091075,-0.0028611198886603767,-0.002874391774476356,1.009377421615428,-1.6659203157935997e-07,-0.0031797444125399943,0.011503407947953072,0.011503407947953072,0.12046878461219337,0.995382715072514,-1.6815423529725035e-07,4.353710908672084,0.10117418681006647,0.0036904376666666654,0.001323679304052134,0.0009824172615045864,0.0005148849310476844,0.0032930326916666636,4.35387286796047,0.10014573586809032,0.00016195928838591556,-0.00102845094197615,-0.0010301497303481205,1.0033164027169428,3.0195161150914836e-08,-0.000827700619865726,0.0047124586276133815,0.0047124586276133815,0.1767040097309761,0.9983509306250108,3.0295300465394256e-08]"
/multi_agv/m2b_algorithm_state,1789558522.1070452,1789558522.1070452,m2b_algorithm_state_v1:header6+3x20,"[1.0,-0.15,0.52,4.355837294846012,0.10125039542080384,1789558522.1069555,4.35441193264368,0.10107528534333217,0.0036904376666666654,0.001539908282937341,0.0006967697505629641,0.0005697358105851642,0.004584685874999997,4.356865892375792,0.09850801293941884,0.002453959732111599,-0.0025672724039133288,-0.0025779956516912505,1.008434439013474,2.1921523320337713e-07,0.0004894540134482484,0.000963885202851777,0.000963885202851777,0.14195253939818958,0.9958404709601092,2.2106419071865552e-07,4.355392390574272,0.10150165900094324,0.002796189458333334,-0.0009432743278509287,0.0016670791869835,0.0007537774713022305,-0.0017884964166666626,4.355380115092476,0.10006420354246802,-1.2275481795498422e-05,-0.0014374554584752203,-0.0014407697025280127,1.0046363031464707,-4.198376728257929e-08,-0.0014561140547723857,0.004843319664500912,0.004843319664500912,0.12046878961199632,0.9976996711917406,-4.2178416754932205e-08,4.35470576931788,0.10117425518725208,0.0036904376666666654,0.001323305058369167,0.0009824349845310113,0.0005150379331586167,0.0032930326916666636,4.354947935970261,0.10037047952158949,0.00024216665238174784,-0.0008037756656625872,-0.0008048115353956599,1.0025853276058696,1.8435295826233534e-08,-0.0005021032199184751,0.0034614073567254106,0.0034614073567254106,0.17670402658824264,0.9987129039687987,1.848295710545547e-08]"
/multi_agv/m2b_algorithm_state,1789558522.1171508,1789558522.1171508,m2b_algorithm_state_v1:header6+3x20,"[1.0,-0.15,0.52,4.356843998373496,0.10125035204672961,1789558522.116932,4.355412528734316,0.10107527315289316,0.0036904376666666654,0.0015399963608353925,0.0006967637322185631,0.0005697007629177405,0.004584685874999997,4.357854132650435,0.09856919363986594,0.0024416039161190284,-0.002506079513027226,-0.0025162929603657347,1.0082277438781573,2.088930523984489e-07,0.0005357119347830508,0.0007737878608933568,0.0007737878608933568,0.1419525411100055,0.9959410738338577,2.106117709315098e-07,4.3563929892886275,0.10150166788784204,0.002796189458333334,-0.0009433714145786207,0.0016670833278480401,0.000753817401114576,-0.0017884964166666626,4.356378113631772,0.10006420354246802,-1.4875656855650732e-05,-0.0014374643453740205,-0.0014407786302319174,1.0046363317210805,-4.198860618602304e-08,-0.0014593732013014808,0.004854736987833282,0.004854736987833282,0.12046878861494605,0.9976996571240349,-4.2183279292807254e-08,4.355706366515091,0.10117424522167634,0.0036904376666666654,0.0013233612414979014,0.0009824334408337519,0.0005150143829504585,0.0032930326916666636,4.355962993983443,0.10053522513680123,0.00025662746835219963,-0.000639020084875111,-0.0006396740045464071,1.0020515694194354,1.1651412799599961e-08,-0.00031888966910615757,0.0027398002136980694,0.0027398002136980694,0.1767040232282469,0.9989777298019796,1.1675316481792838e-08]"
/multi_agv/m2b_algorithm_state,1789558522.126918,1789558522.126918,m2b_algorithm_state_v1:header6+3x20,"[1.0,-0.15,0.52,4.357837112442059,0.10125039643013252,1789558522.1267867,4.3564192185562725,0.10107516869159125,0.0036904376666666654,0.001540736506729363,0.0006966944891923172,0.0005694159570678868,0.004584685874999997,4.3587863316463755,0.09847052134448173,0.002367113090103068,-0.0026046473471095233,-0.002615688210238119,1.0085608341065133,2.2577145995806278e-07,0.00034320315239071576,0.001495772777653937,0.001495772777653937,0.14195255377421323,0.9957789834868772,2.2770425197274907e-07,4.357399709469148,0.10150173210254779,0.002796189458333334,-0.0009441759848439688,0.0016671332869551136,0.0007541401674545506,-0.0017884964166666626,4.356909816190744,0.09789676865970091,-0.0004898932784040966,-0.003604963442846873,-0.0036261516900297705,1.0119145138892678,-2.646807089137546e-07,-0.004238518288034891,0.01550921799904308,0.01550921799904308,0.12046878124576292,0.9941568227161717,-2.678342508963288e-07,4.356713067095069,0.10117415534604977,0.0036904376666666654,0.0013238530029935735,0.0009824097586945257,0.000514813542001156,0.0032930326916666636,4.356679170517742,0.10021923988861356,-3.389657732721929e-05,-0.0009549154574362145,-0.0009563791881972926,1.0030767203646793,2.6033661641744147e-08,-0.0009987499098563168,0.005285688701443343,0.005285688701443343,0.17670399837848988,0.9984695079324791,2.6113759938684474e-08]"
/multi_agv/m2b_algorithm_state,1789558522.136965,1789558522.136965,m2b_algorithm_state_v1:header6+3x20,"[1.0,-0.15,0.52,4.358838916647843,0.10125038442502203,1789558522.1368384,4.357412346295666,0.1010752770263419,0.0036904376666666654,0.0015399679761352834,0.0006967638659380877,0.0005697129969433639,0.004584685874999997,4.359725457466779,0.09816527188454574,0.0023131111711132135,-0.0029100051417961653,-0.002923818170858639,1.009597281213762,2.817266784557537e-07,-3.242920696712231e-05,0.0029506482840192935,0.0029506482840192935,0.14195254204786353,0.9952756880711165,2.8443048861431264e-07,4.358392807071751,0.10150166432784706,0.002796189458333334,-0.0009433404639300666,0.001667083889075549,0.0007538036931435815,-0.0017884964166666626,4.357880317000861,0.09788139435684892,-0.0005124900708901592,-0.0036202699709981384,-0.0036416410102821897,1.0119671676987523,-2.666995683834559e-07,-0.004282253598894888,0.01566914243246813,0.01566914243246813,0.1204687880697091,0.9941314810483213,-2.6989120684348554e-07,4.3577061839587605,0.10117424793620863,0.0036904376666666654,0.0013233452426152708,0.0009824331006207838,0.0005150214947905632,0.0032930326916666636,4.357700981003918,0.10054875278724726,-5.202954842964402e-06,-0.0006254951489613747,-0.0006261216169950948,1.0020078404467296,1.1163185755614365e-08,-0.0006326253105488003,0.003845057151071204,0.003845057151071204,0.176704021393464,0.9989994467261383,1.1185599651488845e-08]"
/multi_agv/m2b_algorithm_state,1789558522.1471143,1789558522.1471143,m2b_algorithm_state_v1:header6+3x20,"[1.0,-0.15,0.52,4.35984434560302,0.1012503496013425,1789558522.146972,4.358414146809979,0.10107524709364897,0.0036904376666666654,0.0015401811752922237,0.0006967454023952152,0.0005696301877541663,0.004584685874999997,4.360703980934459,0.0981713199768462,0.002289834124479917,-0.0029039271168027764,-0.0029176818817592087,1.0095765867541495,2.8058881840671134e-07,-5.5389226159312504e-05,0.0030288317670882324,0.0030288317670882324,0.1419525459268221,0.9952857215029424,2.832759015684275e-07,4.359394615677698,0.10150168364664636,0.002796189458333334,-0.0009435730964966528,0.0016670970895660275,0.0007538976648730072,-0.0017884964166666626,4.359144561336113,0.1001522589549,-0.00025005434158487105,-0.0013494246917463565,-0.0013523434895120815,1.0043480425046323,-3.7008515201722476e-08,-0.0016649114164931703,0.005543061811542601,0.005543061811542601,0.12046878581491169,0.9978416742577892,-3.7169429798852894e-08,4.358707987455851,0.10117422253477074,0.0036904376666666654,0.0013234853103120075,0.0009824271260954198,0.0005149638886227663,0.0032930326916666636,4.35881557364275,0.10057134010265772,0.00010758618689887811,-0.0006028824321130111,-0.0006034643239780598,1.0019347592891914,1.0371575839855626e-08,-0.0004689815903544622,0.003255556792368176,0.003255556792368176,0.17670401377950765,0.9990357476955506,1.0391642342555339e-08]"
/multi_agv/m2b_algorithm_state,1789558522.1570268,1789558522.1570268,m2b_algorithm_state_v1:header6+3x20,"[1.0,-0.15,0.52,4.360838583201548,0.10125038700156626,1789558522.156921,4.359419564656297,0.10107516394886976,0.0036904376666666654,0.0015407695688083116,0.000696689252749038,0.0005694043497510375,0.004584685874999997,4.3617840028386725,0.09828728194801388,0.00236443818237575,-0.0027878820008558763,-0.0028005483723223057,1.009181943395532,2.586908660564094e-07,0.00015499935564738162,0.0022389577928808974,0.0022389577928808974,0.14195255630377435,0.9954771816864117,2.610661509454805e-07,4.360400058197529,0.10150173411479065,0.002796189458333334,-0.00094421223192564,0.0016671377835288936,0.0007541535403444988,-0.0017884964166666626,4.360147621049501,0.10034090164052059,-0.00025243714802769546,-0.0011608324742700543,-0.0011629893570052115,1.0037323992277882,-2.7401986961776667e-08,-0.0014785357920398309,0.0048033460885591565,0.0048033460885591565,0.12046877977279638,0.9981453977010492,-2.7504262116752666e-08,4.359713413955232,0.10117415074036704,0.0036904376666666654,0.0013238774034008507,0.000982407692693421,0.0005148040400127841,0.0032930326916666636,4.3598199835064095,0.10056496022278608,0.00010656955117749334,-0.0006091905175809598,-0.0006097846789368372,1.001955144485337,1.0592938234017532e-08,-0.00047657273996497057,0.0032856287522504603,0.0032856287522504603,0.17670399340551546,0.99902562104887,1.0613648958789287e-08]"
/multi_agv/m2b_algorithm_state,1789558522.1671762,1789558522.1671762,m2b_algorithm_state_v1:header6+3x20,"[1.0,-0.15,0.52,4.361839052765842,0.10125038379019645,1789558522.1670682,4.360413813700193,0.1010752558080992,0.0036904376666666654,0.0015401173227424167,0.0006967473010067941,0.0005696568776062252,0.004584685874999997,4.36276116632974,0.09817209260182758,0.002347352629547217,-0.002903163206271625,-0.0029169106549641996,1.009573984396685,2.804294373866072e-07,1.7280131969821515e-05,0.002773173079472899,0.002773173079472899,0.14195254660432924,0.9952869832782918,2.8311426444451776e-07,4.361394282064038,0.10150167613895915,0.002796189458333334,-0.0009435027013645148,0.0016670965874725496,0.000753867412178616,-0.0017884964166666626,4.361113261884697,0.09915366251472152,-0.0002810201793410627,-0.00234801362423763,-0.0023569175577307783,1.0076513847040054,-1.1211439156934145e-07,-0.0027081927819071067,0.00963815168770691,0.00963815168770691,0.12046878542019165,0.9962222125827256,-1.1297222191009398e-07,4.36070765384041,0.10117422905764048,0.0036904376666666654,0.0013234473145635303,0.0009824270347533748,0.0005149804057806629,0.0032930326916666636,4.360685210021882,0.10099854228010542,-2.2443818528117276e-05,-0.00017568677753505846,-0.00017573603293434897,1.0005610905141022,8.804732325721679e-10,-0.00020379080609449557,0.00212546714451763,0.00212546714451763,0.17670401244501727,0.9997197194083189,8.809672577508851e-10]"
/multi_agv/m2b_algorithm_state,1789558522.1773858,1789558522.1773858,m2b_algorithm_state_v1:header6+3x20,"[1.0,-0.15,0.52,4.3628410474106945,0.10125037096556377,1789558522.1772761,4.3614142822838495,0.10107524756632967,0.0036904376666666654,0.0015401762961370935,0.0006967425041832336,0.0005696338101529471,0.004584685874999997,4.36374109966878,0.09788259379060257,0.0023268173849304574,-0.0031926537757270973,-0.003209315790879853,1.010562880864314,3.392204185965596e-07,-0.00030079405971678106,0.004016935568730604,0.004016935568730604,0.1419525480770399,0.9948082344529307,3.4280356346493774e-07,4.36239475278243,0.10150168166081208,0.002796189458333334,-0.0009435672985166656,0.0016671000497643362,0.0007538936118469397,-0.0017884964166666626,4.362100306749778,0.09915366251472152,-0.00029444603265194047,-0.002348019146090563,-0.0023569231211724106,1.0076514026080237,-1.1212259243062687e-07,-0.002724980661987336,0.009697183442641808,0.009697183442641808,0.12046878456160377,0.9962222038547366,-1.1298048752676895e-07,4.361708123231247,0.10117422214344755,0.0036904376666666654,0.0013234856840800657,0.000982425566985379,0.0005149645375706843,0.0032930326916666636,4.361736907028449,0.1015192447321853,2.8783797202613925e-05,0.0003450225887377395,0.00034483337126058956,0.9989045900119458,3.3945822165157792e-09,0.00038081311776385696,-0.00018548454911194588,-0.00018548454911194588,0.1767040095613589,1.0005487214780235,3.3908637572505366e-09]"
/multi_agv/m2b_algorithm_state,1789558522.187404,1789558522.187404,m2b_algorithm_state_v1:header6+3x20,"[1.0,-0.15,0.52,4.36384358431468,0.10125035508758173,1789558522.1873243,4.362416272844993,0.10107521674754037,0.0036904376666666654,0.0015403946217797978,0.0006967219528801747,0.0005695498647830615,0.004584685874999997,4.36469658113949,0.09758713880608842,0.002280308294496436,-0.0034880779414519503,-0.0035080103573196493,1.0115785359053235,4.0503657256187177e-07,-0.0006576249891991045,0.005396550753255727,0.005396550753255727,0.1419525522866292,0.9943180282161628,4.097263030602486e-07,4.363396752401308,0.10150170054504608,0.002796189458333334,-0.0009438046613089793,0.0016671149718412437,0.0007539887384469118,-0.0017884964166666626,4.363232672054963,0.10061228911288593,-0.0001640803463454077,-0.0008894114321601476,-0.0008906750095892647,1.0028509343312926,-1.6076100652144295e-08,-0.0010957754425210244,0.003333012861684849,0.003333012861684849,0.12046878211239664,0.9985813260555051,-1.6121932559406808e-08,4.362710116985782,0.10117419560410487,0.0036904376666666654,0.0013236308290561715,0.0009824185228036967,0.0005149052869785568,0.0032930326916666636,4.36274575276702,0.10042151834506348,3.563578123788602e-05,-0.0007526772590413927,-0.0007535852591040497,1.0024195744591564,1.6169245339876016e-08,-0.0007090405325566922,0.004171838365371606,0.004171838365371606,0.1767040013033295,0.9987950931209343,1.6208368032924214e-08]"
/multi_agv/m2b_algorithm_state,1789558522.1972423,1789558522.1972423,m2b_algorithm_state_v1:header6+3x20,"[1.0,-0.15,0.52,4.364842525354301,0.10125036259846193,1789558522.1971283,4.363418804540239,0.10107517978866598,0.0036904376666666654,0.0015406552235319119,0.0006966956155871167,0.0005694506040414656,0.004584685874999997,4.365794838538983,0.09768977837006237,0.002376033998744198,-0.0033854014186036063,-0.0034041631671105016,1.0112248013839218,3.8158155606058227e-07,-0.00043412066868025404,0.004568922576833338,0.004568922576833338,0.14195255747192095,0.9944885871840213,3.858647332391301e-07,4.364399295754362,0.10150172212479955,0.002796189458333334,-0.0009440871220842638,0.0016671343190441945,0.0007541011116534574,-0.0017884964166666626,4.364236049538558,0.10061228911288593,-0.00016324621580388055,-0.0008894330119136179,-0.0008906966504973088,1.0028510033697504,-1.6081690886940344e-08,-0.0010947544202521593,0.003329126596399524,0.003329126596399524,0.12046877909012547,0.9985812918652098,-1.6127539841850296e-08,4.363712652649441,0.10117416334927966,0.0036904376666666654,0.0013238060082921875,0.0009824091095174568,0.0005148342500028262,0.0032930326916666636,4.36352989961648,0.09938415959293957,-0.00018275303296100276,-0.0017900037563400861,-0.0017951795104692969,1.005821948265253,9.152570594935513e-08,-0.0020236208016705505,0.009262185147442852,0.009262185147442852,0.17670399112065815,0.9971168598465912,9.205856387433304e-08]"
/multi_agv/m2b_algorithm_state,1789558522.2072392,1789558522.2072392,m2b_algorithm_state_v1:header6+3x20,"[1.0,-0.15,0.52,4.36584309799866,0.10125035948798311,1789558522.207113,4.364417747637276,0.10107519984584955,0.0036904376666666654,0.0015405112498831103,0.0006967060246953589,0.000569507596343399,0.004584685874999997,4.366796948065028,0.09790660298519425,0.0023792004277520817,-0.0031685968606552928,-0.0031850057673826915,1.0104804700794567,3.34195150327986e-07,-0.00021100523269258938,0.00369169562578813,0.00369169562578813,0.14195255620622765,0.9948480762906489,3.37697672601698e-07,4.365398234480045,0.10150170806203179,0.002796189458333334,-0.0009439294812983671,0.0016671273772335127,0.000754036390709617,-0.0017884964166666626,4.365410643903548,0.10106901954868333,1.2409423503001449e-05,-0.0004326885133484615,-0.00043298653410802246,1.0013797858607063,-3.804057389171952e-09,-0.00041747475472927065,0.0007302796129549888,0.0007302796129549888,0.12046877982798214,0.999311708942231,-3.809306173770847e-09,4.3647115939455805,0.10117417988750442,0.0036904376666666654,0.0013237135692407156,0.000982412056746985,0.0005148727856743958,0.0032930326916666636,4.36461090836981,0.1003075543312932,-0.00010068557577014303,-0.0008666255562112257,-0.0008678303281847436,1.002789466670223,2.143859539506172e-08,-0.0009936872978974225,0.005229265476713378,0.005229265476713378,0.17670399360520261,0.998611742486532,2.149839764237264e-08]"
/multi_agv/m2b_algorithm_state,1789558522.2173305,1789558522.2173305,m2b_algorithm_state_v1:header6+3x20,"[1.0,-0.15,0.52,4.366838013707388,0.10125039226292698,1789558522.217195,4.36541831908747,0.10107519383424406,0.0036904376666666654,0.0015405523339774808,0.0006966999517713287,0.0005694929469069296,0.004584685874999997,4.367836284161807,0.09841573550456169,0.002417965074336337,-0.002659458329682368,-0.002670973500173029,1.0087463608191245,2.3535374867771095e-07,0.000351482842747392,0.0014909531483038453,0.0014909531483038453,0.14195255787324226,0.9956887739657788,2.3741223748377974e-07,4.366398808715857,0.1015017104260609,0.002796189458333334,-0.000943973099528983,0.0016671321515939752,0.0007540528142333525,-0.0017884964166666626,4.366382957329966,0.10073133551169484,-1.5851385890996994e-05,-0.0007703749143660593,-0.0007713220445243862,1.0024660450754759,-1.20620651468446e-08,-0.0007911362768881324,0.002202704469443365,0.002202704469443365,0.12046877885749807,0.9987720691181452,-1.2091810743200044e-08,4.36571216619265,0.1011741742036444,0.0036904376666666654,0.0013237431209802367,0.0009824095011001796,0.0005148613054726239,0.0032930326916666636,4.365661975165215,0.10092364500175245,-5.0191027435531055e-05,-0.00025052920189194694,-0.00025062941817735417,1.0008007938858972,1.7909134352850484e-09,-0.000313368202471768,0.002547856083748864,0.002547856083748864,0.17670399032466144,0.9996001415710255,1.7923475878141956e-09]"
/multi_agv/m2b_algorithm_state,1789558522.2272837,1789558522.2272837,m2b_algorithm_state_v1:header6+3x20,"[1.0,-0.15,0.52,4.3678375571140355,0.10125039473205953,1789558522.2271273,4.36641324499909,0.10107527345977252,0.0036904376666666654,0.0015399875835539222,0.000696751655139138,0.0005697108493274147,0.004584685874999997,4.368660367018506,0.09827943551685203,0.0022471220194155705,-0.002795837942920487,-0.0028085774542359384,1.00920895493015,2.6003862335910303e-07,3.250700335247908e-07,0.0027852320057765254,0.0027852320057765254,0.14195254939519952,0.9954640697922583,2.6243330732171527e-07,4.36739371210343,0.10150166087414458,0.002796189458333334,-0.0009433589611938988,0.0016670951881270213,0.0007538058336528375,-0.0017884964166666626,4.367174815904636,0.10181951349689675,-0.00021889619879456035,0.00031785262275216275,0.0003176927115506225,0.9989950148728883,-2.05048916993733e-09,4.4072463057422085e-05,-0.0012431668865269699,-0.0012431668865269699,0.12046878379657662,1.0005033518104955,-2.0484284588182396e-09,4.366707084019644,0.10117424245486381,0.0036904376666666654,0.001323369018146644,0.0009824269803654587,0.0005150143724537344,0.0032930326916666636,4.3663423188353505,0.09995842729395071,-0.0003647651842930699,-0.0012158151609130974,-0.0012181926617979403,1.003928888319975,4.2194786230490105e-08,-0.0016741491421642777,0.007785669379043686,0.007785669379043686,0.17670400697228553,0.9980483375418352,4.236056483327492e-08]"
/multi_agv/m2b_algorithm_state,1789558522.2372456,1789558522.2372456,m2b_algorithm_state_v1:header6+3x20,"[1.0,-0.15,0.52,4.368837540243683,0.10125039433822287,1789558522.237101,4.36741278938376,0.10107527799148838,0.0036904376666666654,0.001539956787989564,0.0006967567440350204,0.0005697215509535831,0.004584685874999997,4.369611558300538,0.09796245225908756,0.002198768916778171,-0.00311282573240082,-0.0031286554394346798,1.0102895580400768,3.224064546549112e-07,-0.00038019429346196603,0.004260559682952728,0.004260559682952728,0.14195254920495867,0.9949404121545835,3.257238745825783e-07,4.368393254203244,0.10150165930730867,0.002796189458333334,-0.0009433263236971919,0.0016670912676275407,0.0007537937257474508,-0.0017884964166666626,4.36819340559022,0.10181951349689675,-0.00019984861302457801,0.00031785418958807377,0.0003176942768084806,0.9989950099153913,-2.050438456232522e-09,6.788351052775806e-05,-0.0013277588094093374,-0.0013277588094093374,0.12046878390652156,1.0005033542977217,-2.048377785914908e-09,4.367706627755101,0.10117424689738151,0.0036904376666666654,0.0013233460421262833,0.0009824291596869823,0.0005150231980853219,0.0032930326916666636,4.367260798897597,0.09907358931228802,-0.0004458288575044378,-0.0021006575850934933,-0.002107802416685533,1.0068562727629429,1.2603302514505e-07,-0.0026650884885660803,0.011651539189064081,0.011651539189064081,0.17670400733923936,0.9966102934812672,1.268971419425833e-07]"
/multi_agv/m2b_algorithm_state,1789558522.2472143,1789558522.2472143,m2b_algorithm_state_v1:header6+3x20,"[1.0,-0.15,0.52,4.369837898037315,0.10125039158475231,1789558522.2471166,4.368412772587098,0.10107527557223081,0.0036904376666666654,0.0015399753314406833,0.0006967572818609824,0.0005697132333981832,0.004584685874999997,4.370619416928779,0.09828874678408414,0.0022066443416814963,-0.0027865287881466694,-0.0027991827187055416,1.0091773335990841,2.5830621365286993e-07,-4.087729160367126e-05,0.0029259000695916653,0.0029259000695916653,0.141952549806658,0.9954794195911856,2.606767759462786e-07,4.369393237118419,0.10150166207448916,0.002796189458333334,-0.0009433474288556227,0.0016670906242071126,0.0007538032087988505,-0.0017884964166666626,4.369303769063692,0.10212536938999595,-8.946805472653807e-05,0.0006237073155067885,0.0006230930135646692,0.9980348183231433,-7.893470267197416e-09,0.0005112579451564966,-0.00304350397312292,-0.00304350397312292,0.12046878355889003,1.0009858912373368,-7.877958164061506e-09,4.368706611025533,0.10117424536794865,0.0036904376666666654,0.00132335582604784,0.000982429809399843,0.0005150186192003922,0.0032930326916666636,4.368350330711495,0.09981722911553692,-0.0003562803140377824,-0.001357016252411733,-0.0013599812072542029,1.004392170163363,5.256915688093317e-08,-0.0018053315998014308,0.008309056426873537,0.008309056426873537,0.17670400617259238,0.9978198560195871,5.280004956329874e-08]"
/multi_agv/m2b_algorithm_state,1789558522.257186,1789558522.257186,m2b_algorithm_state_v1:header6+3x20,"[1.0,-0.15,0.52,4.370837554949993,0.10125039338447477,1789558522.2570734,4.369413129674597,0.1010752676567842,0.0036904376666666654,0.0015400326687333267,0.0006967538837015395,0.0005696901476192617,0.004584685874999997,4.37160228562347,0.09828874678408414,0.002189155948872923,-0.0027865208727000657,-0.0027991747319562168,1.0091773076819315,2.583143716355884e-07,-6.272979586506317e-05,0.0030027465172904402,0.0030027465172904402,0.1419525510832331,0.9954794321655984,2.60685002102753e-07,4.370393595660622,0.1015016680669916,0.002796189458333334,-0.000943410654326707,0.0016670928699209497,0.0007538294467178408,-0.0017884964166666626,4.370325003251646,0.10212536938999595,-6.859240897583163e-05,0.0006237013230043498,0.0006230870328885733,0.9980348372305202,-7.893847436190001e-09,0.0005373465216687838,-0.003136381876759443,-0.003136381876759443,0.12046878281253694,1.0009858817201325,-7.878334741100448e-09,4.369706968776726,0.10117423903048114,0.0036904376666666654,0.0013233917586918365,0.0009824290626209821,0.000515003432259839,0.0032930326916666636,4.369583704877543,0.10111297758867996,-0.00012326389918282388,-6.126144180118587e-05,-6.126742556620853e-05,1.0001953969756776,1.0704326885893118e-10,-0.00021534729954473836,0.002115270657334593,0.002115270657334593,0.1767040036663221,0.9999023336631601,1.0706418478993285e-10]"
/multi_agv/m2b_algorithm_state,1789558522.2671878,1789558522.2671878,m2b_algorithm_state_v1:header6+3x20,"[1.0,-0.15,0.52,4.371837776471129,0.10125039154538758,1789558522.2670593,4.370412787273692,0.10107527090535685,0.0036904376666666654,0.0015400107760863615,0.0006967575525809618,0.0005696977288178832,0.004584685874999997,4.37300716558363,0.09901465241845579,0.002594378309937362,-0.0020606184869010613,-0.002067500610001587,1.0067314617040104,1.4119068422557877e-07,0.0011754722774201154,-0.0016809674878816242,-0.0016809674878816242,0.1419525511067202,0.9966712836420781,1.421411039094063e-07,4.371393251647802,0.10150166703863674,0.002796189458333334,-0.0009433877494315823,0.0016670900934245836,0.0007538209624859127,-0.0017884964166666626,4.371459477882644,0.10223888416083471,6.622623484275891e-05,0.0007372171221979723,0.0007363596163074941,0.9976801725948337,-1.1027587032875189e-08,0.0008191424098609427,-0.004191377910531979,-0.004191377910531979,0.12046878279888393,1.0011645205297626,-1.1002004934263468e-08,4.370706625928486,0.1011742422094307,0.0036904376666666654,0.0013233754694462773,0.0009824306829767432,0.000515009650183008,0.0032930326916666636,4.3706137963253955,0.10124945725087746,-9.282960309064947e-05,7.521504144675228e-05,7.520603068552388e-05,0.9997604681362863,1.613419532185096e-10,-4.083097317778796e-05,0.001434509028010495,0.001434509028010495,0.17670400362042427,1.0001198143439598,1.6130330667975995e-10]"
/multi_agv/m2b_algorithm_state,1789558522.2776697,1789558522.2776697,m2b_algorithm_state_v1:header6+3x20,"[1.0,-0.15,0.52,4.372840821643218,0.10125037176269569,1789558522.2775958,4.371413008328598,0.10107526539576511,0.0036904376666666654,0.001540050944582211,0.0006967554003972864,0.0005696814369056833,0.004584685874999997,4.373944340008146,0.09837814508786906,0.00253133167954811,-0.002697120307896053,-0.002708967275017774,1.0088739641976152,2.419939569024236e-07,0.0004551973244173637,0.00114267925235229,0.00114267925235229,0.14195255213530716,0.9956267588645408,2.44141402612015e-07,4.372393473643385,0.10150167139459271,0.002796189458333334,-0.0009434323331400062,0.0016670915167660283,0.0007538395476154036,-0.0017884964166666626,4.37248205208335,0.10223888416083471,8.857843996512571e-05,0.0007372127662420014,0.0007363552705073592,0.9976801863243562,-1.1027977680176189e-08,0.0008470783204637663,-0.004290849645045342,-0.004290849645045342,0.12046878219945485,1.0011645136104632,-1.1002394826739022e-08,4.371706847441406,0.1011742378458049,0.0036904376666666654,0.0013234004555975221,0.0009824303151219297,0.0005149990110172005,0.0032930326916666636,4.371600797284438,0.1007073970052422,-0.00010605015696718567,-0.0004668408405626989,-0.0004671893932971435,1.0014958723590381,6.217966589760366e-09,-0.0005997520895061257,0.0036587411903864853,0.0036587411903864853,0.17670400159767088,0.9992539369697913,6.227267874111411e-09]"
/multi_agv/m2b_algorithm_state,1789558522.2874007,1789558522.2874007,m2b_algorithm_state_v1:header6+3x20,"[1.0,-0.15,0.52,4.373842129311927,0.10125036370900424,1789558522.2872841,4.372416047289951,0.10107521738375053,0.0036904376666666654,0.0015403914804968059,0.0006967241108950964,0.0005695501039193885,0.004584685874999997,4.3750074694408525,0.09751815898587898,0.002591422150901579,-0.003557058397871543,-0.003577797716200969,1.0118166324523312,4.2123262771069343e-07,-0.0003385200275739953,0.004308112671663646,0.004308112671663646,0.14195255824492842,0.9942033284230928,4.2621017884928035e-07,4.373396526330181,0.10150170123556433,0.002796189458333334,-0.0009438028302412027,0.0016671140608863766,0.0007539884186059526,-0.0017884964166666626,4.373660676990064,0.10266036469273981,0.0002641506598832777,0.0011586634571754822,0.0011565520511910884,0.9963714748643212,-2.724354795624768e-08,0.0014867403760451855,-0.006766401380705467,-0.006766401380705467,0.12046877864338587,1.0018256039425286,-2.7144694057703366e-08,4.372709891309524,0.10117419666877218,0.0036904376666666654,0.0013236261106152336,0.0009824197461344667,0.0005149066959270958,0.0032930326916666636,4.372504051127299,0.10015758775417274,-0.0002058401822253586,-0.00101660891459944,-0.0010182686585281438,1.0032777773351065,2.9502378698040626e-08,-0.001275568886309842,0.006291393526292729,0.006291393526292729,0.176703989603897,0.9983700333749809,2.959908092626879e-08]"
/multi_agv/m2b_algorithm_state,1789558522.2974114,1789558522.2974114,m2b_algorithm_state_v1:header6+3x20,"[1.0,-0.15,0.52,4.374844585264592,0.10125034857748909,1789558522.2972825,4.373417352230544,0.10107519907233513,0.0036904376666666654,0.0015405202111207607,0.0006967103753234831,0.0005695014490699282,0.004584685874999997,4.376032937679448,0.09848840189733167,0.0026155854489040564,-0.002586797175003458,-0.0025976857602082767,1.0085004579846348,2.2265366064020636e-07,0.0006717960509217938,0.0003320040994535755,0.0003320040994535755,0.1419525612094153,0.995808351659923,2.2454631872760357e-07,4.374397837414221,0.10150171154863176,0.002796189458333334,-0.000943942241373329,0.0016671243068824282,0.0007540435188825578,-0.0017884964166666626,4.374681341632233,0.10266036469273981,0.000283504218012709,0.0011586531441080544,0.001156541775841329,0.9963715072449764,-2.7247086029248494e-08,0.0015109220483572152,-0.006852728925729139,-0.006852728925729139,0.12046877691065848,1.001825587549736,-2.7148220174995862e-08,4.373711198291015,0.10117418050604583,0.0036904376666666654,0.0013237134821870518,0.0009824147292713638,0.0005148714333124242,0.0032930326916666636,4.3736230483724965,0.1014966099232218,-8.81499185183543e-05,0.0003224294171759734,0.00032226414111248016,0.9989760577676701,2.9651207071256196e-09,0.00021207674296453728,0.00042473733283179393,0.00042473733283179393,0.1767039837751095,1.0005128589948689,2.9620845948096377e-09]"
/multi_agv/m2b_algorithm_state,1789558522.3074362,1789558522.3074362,m2b_algorithm_state_v1:header6+3x20,"[1.0,-0.15,0.52,4.375842103677383,0.10125036529896163,1789558522.3072712,4.37441980312598,0.10107516455600941,0.0036904376666666654,0.001540762841108029,0.0006966847580072153,0.000569409603842838,0.004584685874999997,4.377105512047947,0.09945740488259867,0.002685708921966956,-0.0016177596734107402,-0.0016219874094601894,1.005258497120978,8.704076185419846e-08,0.0017351487429985058,-0.0038590975374171565,-0.0038590975374171565,0.14195256625228134,0.997393484052471,8.749846544981649e-08,4.375400299686669,0.10150173105908634,0.002796189458333334,-0.0009442047489033678,0.0016671432662311858,0.0007541474447918112,-0.0017884964166666626,4.375727065831001,0.1029283345247124,0.00032676614433135853,0.0014266034656260501,0.0014234091350715957,0.995546031507197,-4.1310076036600236e-08,0.0018318668154857938,-0.0081245321028189,-0.0081245321028189,0.12046877396961234,1.0022441408276432,-4.112608225949792e-08,4.374713652981127,0.10117415011737146,0.0036904376666666654,0.0013238777873606825,0.000982405366248296,0.0005148050836662078,0.0032930326916666636,4.374725135530683,0.10115718887562286,1.1482549556518507e-05,-1.696124174860314e-05,-1.6961700281506556e-05,1.000054071783339,8.208170358795593e-12,-2.6085133358584224e-06,0.0013407695904976717,0.0013407695904976717,0.17670397385278702,0.9999729665719943,8.208614189204844e-12]"
/multi_agv/m2b_algorithm_state,1789558522.3173864,1789558522.3173864,m2b_algorithm_state_v1:header6+3x20,"[1.0,-0.15,0.52,4.376843764430155,0.10125035515976662,1789558522.3172717,4.37541732645918,0.10107520710214983,0.0036904376666666654,0.001540459222641778,0.0006967096375513292,0.0005695282687651624,0.004584685874999997,4.378143300372683,0.09959949456647685,0.0027259739135025995,-0.0014757125356729822,-0.00147922667075295,1.0047891020442918,7.24054044327988e-08,0.0019282407211252994,-0.00460768867008628,-0.00460768867008628,0.141952562439975,0.9976243430777386,7.275216130318569e-08,4.376397812333064,0.10150170290733179,0.002796189458333334,-0.0009438734234565082,0.001667125967044214,0.0007540128251105477,-0.0017884964166666626,4.376751832680929,0.1029283345247124,0.0003540203478653581,0.0014266316173806026,0.0014234371602116684,0.9955459433334078,-4.129721443631403e-08,0.001865962595043366,-0.008245857253263742,-0.008245857253263742,0.120468776195079,1.002244185594016,-4.1113274303042276e-08,4.375711172239903,0.1011741858874032,0.0036904376666666654,0.0013236798123753045,0.0009824131772961046,0.0005148868350861955,0.0032930326916666636,4.375706829022097,0.10086764805398189,-4.3432178058466775e-06,-0.0003065378334213137,-0.00030668793091771313,1.0009804419899273,2.681156865154107e-09,-0.0003121169531750215,0.002568291863853648,0.002568291863853648,0.17670398135284995,0.999510585578147,2.683785583926286e-09]"
/multi_agv/m2b_algorithm_state,1789558522.3272676,1789558522.3272676,m2b_algorithm_state_v1:header6+3x20,"[1.0,-0.15,0.52,4.377841329478174,0.10125037134813646,1789558522.3270977,4.376418983834284,0.10107518408260951,0.0036904376666666654,0.0015406207921753864,0.0006966924840348552,0.0005694671574486745,0.004584685874999997,4.379080396938647,0.09891683492065571,0.002661413104362964,-0.0021583491619538014,-0.002165905137905032,1.0070584813218633,1.5497246958748887e-07,0.001160861242548673,-0.0015840403757233518,-0.0015840403757233518,0.14195256604558787,0.9965114003291301,1.560663398694752e-07,4.37739947731925,0.10150171578252858,0.002796189458333334,-0.0009440479458536063,0.0016671386672868493,0.0007540818682859052,-0.0017884964166666626,4.377192169796759,0.10210172619684517,-0.00020730752249153994,0.000600010414316593,0.0005994418029738974,0.998108973799978,-7.310607797259699e-09,0.00034030739985947244,-0.002425195738076755,-0.002425195738076755,0.12046877408962291,1.0009485680509345,-7.2967832463769956e-09,4.3767128321369295,0.10117416561416173,0.0036904376666666654,0.0013237892068628057,0.000982406853740559,0.0005148427060800514,0.0032930326916666636,4.376671057744531,0.1011558239262691,-4.177439239860803e-05,-1.8341687892636793e-05,-1.8342224106768318e-05,1.0000584734951563,9.598005668476015e-12,-7.056021460502836e-05,0.001582514939867563,0.001582514939867563,0.17670397426567006,0.9999707661334633,9.59856689741398e-12]"
/multi_agv/m2b_algorithm_state,1789558522.3374057,1789558522.3374057,m2b_algorithm_state_v1:header6+3x20,"[1.0,-0.15,0.52,4.378838624805286,0.10125038871509977,1789558522.337275,4.377416553775731,0.10107522456227087,0.0036904376666666654,0.0015403324605116355,0.0006967172091208332,0.0005695792765234683,0.004584685874999997,4.3794247247734965,0.0990479268887376,0.0020081709977652906,-0.002027297673533268,-0.0020339573580464587,1.006620134557833,1.3668696431051758e-07,0.0004762563891601546,0.0007681282419825722,0.0007681282419825722,0.14195256232903694,0.9967257501801381,1.3759185040655492e-07,4.378397036563643,0.101501689560621,0.002796189458333334,-0.0009437335323628096,0.001667121256410553,0.0007539546374536604,-0.0017884964166666626,4.378210898154098,0.1020954405618782,-0.00018613840954539995,0.0005937510012572061,0.0005931941651077533,0.9981285672502361,-7.156520855623475e-09,0.0003605211531760034,-0.0024939362730456577,-0.0024939362730456577,0.12046877626219023,1.0009387080693075,-7.143127908119894e-09,4.377710398095145,0.10117419992151747,0.0036904376666666654,0.0013235999286372343,0.0009824148388176916,0.0005149205972800885,0.0032930326916666636,4.377035644251546,0.10305900039527771,-0.0006747538435991629,0.0018848004737602453,0.0018792192179793077,0.9941199546000499,1.0119870705037374e-07,0.001035776913480354,-0.0032309106548619464,-0.0032309106548619464,0.17670398157173672,1.002969986538845,1.0060365405850129e-07]"
/multi_agv/m2b_algorithm_state,1789558522.3473947,1789558522.3473947,m2b_algorithm_state_v1:header6+3x20,"[1.0,-0.15,0.52,4.379842483534529,0.10125036375359481,1789558522.3472307,4.378413854592487,0.10107526633601363,0.0036904376666666654,0.0015400364479817024,0.0006967450322383321,0.0005696931135091426,0.004584685874999997,4.380440672851662,0.09944687604513106,0.002026818259174945,-0.0016283902908825754,-0.0016326741091771113,1.0052936783674336,8.814745617674534e-08,0.00090084871479157,-0.0009104265885420725,-0.0009104265885420725,0.14195255810851823,0.9973761951203507,8.861408045865247e-08,4.37939432522431,0.10150166389950256,0.002796189458333334,-0.0009434117368481631,0.001667101257075032,0.0007538255532084231,-0.0017884964166666626,4.379358878694172,0.10303302639070079,-3.5446530137761556e-05,0.0015313624911982293,0.0015276847251441022,0.9952246813158311,-4.755623903097895e-08,0.0014833765624719002,-0.006929908634460216,-0.006929908634460216,0.12046877872198782,1.0024074116822632,-4.7329142834185514e-08,4.378707694599059,0.10117423590978307,0.0036904376666666654,0.0013234029772158746,0.0009824243693354,0.0005150010106550508,0.0032930326916666636,4.378144554004302,0.10264181743318954,-0.0005631405947568169,0.0014675815234064665,0.0014641869956033057,0.9953997130892875,6.136450896472343e-08,0.0007602612521572846,-0.0020529394332387133,-0.0020529394332387133,0.17670398987069216,1.00231837040853,6.108221461735073e-08]"
/multi_agv/m2b_algorithm_state,1789558522.3571694,1789558522.3571694,m2b_algorithm_state_v1:header6+3x20,"[1.0,-0.15,0.52,4.380838468939184,0.10125038963613485,1789558522.3570437,4.379417705564406,0.10107520578157594,0.0036904376666666654,0.001540465611066044,0.0006967057577616834,0.0005695275176979874,0.004584685874999997,4.381728239959693,0.10004160594954248,0.002310534395286723,-0.001033599832033466,-0.001035318028151548,1.003337637596793,3.550943040829379e-08,0.0018528499659568557,-0.0045492821340566165,-0.0045492821340566165,0.14195256565770129,0.9983404170782675,3.5627948018265216e-08,4.380398193340317,0.1015017014367394,0.002796189458333334,-0.0009438780814536164,0.0016671294173624673,0.0007540130494337743,-0.0017884964166666626,4.380385272272207,0.10303302639070079,-1.2921068109683631e-05,0.0015313249539613966,0.001527647369040458,0.9952247987733877,-4.757740750046001e-08,0.0015114960339033534,-0.007030714713004347,-0.007030714713004347,0.1204687743157518,1.00240735198153,-4.735021580580478e-08,4.379711551698865,0.10117418404246907,0.0036904376666666654,0.0013236869746689173,0.000982411040318443,0.0005148848420490691,0.0032930326916666636,4.3791302717494265,0.10226965413488344,-0.0005812799494382404,0.001095470092414369,0.0010935733833593874,0.996551543713651,3.420777067054822e-08,0.000366973446561587,-0.00047878933992105514,-0.00047878933992105514,0.17670397502547688,1.0017344140629638,3.4089806668737376e-08]"
/multi_agv/m2b_algorithm_state,1789558522.3672707,1789558522.3672707,m2b_algorithm_state_v1:header6+3x20,"[1.0,-0.15,0.52,4.381844285964188,0.1012503520741817,1789558522.3671248,4.380413699063977,0.10107526852988215,0.0036904376666666654,0.0015400206005151055,0.0006967467621299397,0.000569699082926886,0.004584685874999997,4.382753022168871,0.10025639730125335,0.002339323104894042,-0.0008188712286287952,-0.0008199479305953841,1.0026378431016711,2.227822225355482e-08,0.0021042059505221684,-0.0055405528815816,-0.0055405528815816,0.14195255910181093,0.998686865438142,2.2336988708443858e-08,4.381394168954894,0.10150166248962601,0.002796189458333334,-0.0009433941527313312,0.0016671000471291109,0.0007538185604734904,-0.0017884964166666626,4.381346032905018,0.10099929085568907,-4.813604987585762e-05,-0.0005023716339369461,-0.0005027735869658576,1.001603263665593,-5.125322416876964e-09,-0.0005629436493106797,0.001277207914711219,0.001277207914711219,0.12046877814231802,0.9992005287482637,-5.133539660082392e-09,4.380707538798681,0.10117423788889639,0.0036904376666666654,0.0013233918957640187,0.0009824249456348083,0.0005150055142644143,0.0032930326916666636,4.379991836466917,0.10335998650521126,-0.000715702331764767,0.0021857486163148754,0.0021782598617077916,0.993204494667121,1.3604394648089945e-07,0.0012836319470018328,-0.004258687012729338,-0.004258687012729338,0.17670398791246975,1.0034379528075281,1.351194591170826e-07]"
/multi_agv/m2b_algorithm_state,1789558522.3771794,1789558522.3771794,m2b_algorithm_state_v1:header6+3x20,"[1.0,-0.15,0.52,4.382838892979474,0.10125038700486373,1789558522.3770726,4.381419504335185,0.10107517788958877,0.0036904376666666654,0.001540662611105068,0.0006966872209195783,0.0005694517682712032,0.004584685874999997,4.383679652365539,0.09992337166157157,0.0022601480303539034,-0.0011518062280171937,-0.001153941798385387,1.0037243087232448,4.410504925053113e-08,0.0016712432395569923,-0.003851426211129007,-0.003851426211129007,0.14195257016351578,0.9981493257535332,4.426931007019403e-08,4.382400000242649,0.10150171828106129,0.002796189458333334,-0.0009440915951694218,0.001667142835383828,0.0007540986206387573,-0.0017884964166666626,4.382362729093451,0.10110082469773221,-3.727114919804819e-05,-0.0004008935833290789,-0.00040114935322210305,1.001277934874634,-3.266025250419513e-09,-0.0004477382897196633,0.0008232977278530478,0.0008232977278530478,0.12046877168528897,0.9993624073154554,-3.270199017988459e-09,4.381713353314729,0.10117416005189506,0.0036904376666666654,0.0013238176902495903,0.0009824045952300693,0.0005148315344105829,0.0032930326916666636,4.381066053814256,0.10393074141222364,-0.000647299500473153,0.0027565813603285805,0.0027447218033162554,0.9914855821285722,2.1635855842960455e-07,0.0019355974277248142,-0.006864640012795574,-0.006864640012795574,0.17670396616154146,1.0043208594029442,2.1451639125307516e-07]"
/multi_agv/m2b_algorithm_state,1789558522.3872633,1789558522.3872633,m2b_algorithm_state_v1:header6+3x20,"[1.0,-0.15,0.52,4.383840442861873,0.10125037684636395,1789558522.3871918,4.382414122183143,0.1010752631944837,0.0036904376666666654,0.00154005707384738,0.0006967420432991026,0.0005696857277374733,0.004584685874999997,4.384654931728311,0.099522408778975,0.002240809545167366,-0.0015528544155087032,-0.001556747810331948,1.0050438278134193,8.015636513156029e-08,0.0012442641211272594,-0.0021572386035199407,-0.0021572386035199407,0.1419525611275152,0.9974990202026268,8.056066003543344e-08,4.383394594210564,0.10150166480365452,0.002796189458333334,-0.0009434327544441405,0.0016671036932711658,0.0007538333963723748,-0.0017884964166666626,4.383596216932894,0.10238619090433704,0.0002016227223293754,0.0008845261006825145,0.0008832930462473292,0.9972212993486784,-1.5873981448466932e-08,0.0011353214491590484,-0.005385455770337626,-0.005385455770337626,0.12046877696085793,1.0013959743489704,-1.582987240587701e-08,4.382707962544714,0.10117423301645297,0.0036904376666666654,0.0013234172709880201,0.0009824229924119358,0.0005149955310682765,0.0032930326916666636,4.382067289739427,0.10348753856614748,-0.0006406728052867905,0.0023133055496945137,0.0023049253442501898,0.9928184035146902,1.5237431377056595e-07,0.0015040843376417016,-0.005107782000991696,-0.005107782000991696,0.17670398393890666,1.0036357817250912,1.5128002293433975e-07]"
/multi_agv/m2b_algorithm_state,1789558522.3973053,1789558522.3973053,m2b_algorithm_state_v1:header6+3x20,"[1.0,-0.15,0.52,4.3848418811510514,0.10125036772926936,1789558522.3971941,4.383415669007363,0.10107523798250816,0.0036904376666666654,0.001540236198303597,0.0006967265862074961,0.0005696161247124378,0.004584685874999997,4.385870471590965,0.09987495340299493,0.0024548025836024223,-0.001200284579513225,-0.0012026045466705683,1.0038831811778703,4.788416446297384e-08,0.0018658986828324596,-0.00451722229394712,-0.00451722229394712,0.14195256453953406,0.9980708811023822,4.807010734913451e-08,4.384396147743184,0.10150168090521709,0.002796189458333334,-0.0009436276404639009,0.0016671146439328766,0.0007539121765594015,-0.0017884964166666626,4.3846529441506235,0.10219109844774055,0.0002567964074398077,0.0006894175425234544,0.0006886673576137932,0.9978294038783122,-9.646717303023462e-09,0.0010096628669135528,-0.004847512727741297,-0.004847512727741297,0.1204687749696199,1.001089328398344,-9.6257781758585e-09,4.383709511835072,0.10117421165136663,0.0036904376666666654,0.0013235347301838187,0.0009824179217934326,0.0005149472546246156,0.0032930326916666636,4.38295353024012,0.10401505159788028,-0.0007559815949518267,0.002840839946513657,0.0028282523745935696,0.9912338043545542,2.297234448791786e-07,0.0018832753809037862,-0.006717896764599503,-0.006717896764599503,0.1767039772256825,1.0044506537086868,2.2770964421702196e-07]"
/multi_agv/m2b_algorithm_state,1789558522.4072673,1789558522.4072673,m2b_algorithm_state_v1:header6+3x20,"[1.0,-0.15,0.52,4.385841939709036,0.10125036768583369,1789558522.407109,4.384417104431996,0.10107521619127387,0.0036904376666666654,0.001540390219055143,0.0006967120637778371,0.0005695569169317597,0.004584685874999997,4.386921835047766,0.10040554157510481,0.0025047306157697236,-0.0006696746161690553,-0.0006703939052918477,1.0021536015048371,1.4901728826376463e-08,0.002460519364420307,-0.00687288405904911,-0.00687288405904911,0.1419525677531587,0.9989270649432899,1.4933821212001622e-08,4.3853975895285915,0.10150169410703862,0.002796189458333334,-0.0009437946955730449,0.0016671251326192404,0.0007539791333078111,-0.0017884964166666626,4.3855996023261525,0.1007465401011899,0.0002020127975610464,-0.0007551540058487183,-0.0007560639747638464,1.0024169051681053,-1.15878237185413e-08,-0.0005035479778125384,0.0011780184824276467,0.0011780184824276467,0.12046877309494232,0.998796439262415,-1.1615830389573738e-08,4.384710949492567,0.10117419288949556,0.0036904376666666654,0.001323637055484109,0.0009824128875430384,0.0005149055192063992,0.0032930326916666636,4.3840980346526255,0.10496686716859675,-0.0006129148399418582,0.0037926742791011964,0.0037704004585000688,0.988423917894522,4.091845007557952e-07,0.003004256908572746,-0.011207846559341412,-0.011207846559341412,0.176703970908923,1.0059075477117856,4.0444774737875706e-07]"
/multi_agv/m2b_algorithm_state,1789558522.4171495,1789558522.4171495,m2b_algorithm_state_v1:header6+3x20,"[1.0,-0.15,0.52,4.386841123139113,0.1012503731968893,1789558522.4169924,4.38541716290127,0.10107521680052876,0.0036904376666666654,0.0015403850331129733,0.000696711567651497,0.0005695594228765585,0.004584685874999997,4.387893464936129,0.1003255810336356,0.002476302034859046,-0.0007496357668931586,-0.0007505376253532242,1.0024129273342406,1.8673772869836132e-08,0.0023448399182205834,-0.006425005313372214,-0.006425005313372214,0.14195256848677323,0.9987983834126355,1.871883132682716e-08,4.386397648260329,0.10150169306513065,0.002796189458333334,-0.0009437884107100954,0.0016671256538769441,0.0007539761378908966,-0.0017884964166666626,4.386603252858677,0.1007465401011899,0.00020560459834850775,-0.0007551529639407556,-0.0007560629303505163,1.002416901838912,-1.1587714624710837e-08,-0.0004990571824148816,0.0011621247351569848,0.0011621247351569848,0.12046877266468162,0.9987964409135377,-1.1615720993496087e-08,4.385711007965511,0.10117419319184165,0.0036904376666666654,0.0013236345514400353,0.0009824124840983389,0.0005149068144583713,0.0032930326916666636,4.385140874990109,0.10493213763242433,-0.0005701329754019824,0.0037579444405826806,0.0037360708946682156,0.9885253355273966,4.0173501188232516e-07,0.0030234046754157376,-0.011259471978769786,-0.011259471978769786,0.1767039694622945,1.005854692411132,3.9712523741407813e-07]"
/multi_agv/m2b_algorithm_state,1789558522.4271011,1789558522.4271011,m2b_algorithm_state_v1:header6+3x20,"[1.0,-0.15,0.52,4.3878383702982555,0.10125039079311049,1789558522.4269931,4.3864163480194724,0.10107523059708971,0.0036904376666666654,0.001540286610754258,0.0006967200752775677,0.0005695976596487543,0.004584685874999997,4.389277280891537,0.1001804623962273,0.002860932872064126,-0.0008947682008624142,-0.0008960544768895998,1.0028848046184913,2.6605297468516235e-08,0.0026801116131905576,-0.007542211559233276,-0.007542211559233276,0.14195256765796851,0.998564511354655,2.6682048553529744e-08,4.387396829688927,0.10150168408669942,0.002796189458333334,-0.0009436809240243823,0.001667119649442661,0.0007539326694303572,-0.0017884964166666626,4.388047968912641,0.10199189348742163,0.000651139223713848,0.0004902094007222108,0.0004898295412273178,0.9984530954207669,-4.8782525221988e-09,0.001303753570869628,-0.0058009179841390455,-0.0058009179841390455,0.1204687731480705,1.0007754932337098,-4.870706331033555e-09,4.386710191708939,0.10117420490687877,0.0036904376666666654,0.0013235697997087828,0.000982415222337751,0.0005149334574817933,0.0032930326916666636,4.386194928612714,0.10474386989287376,-0.0005152630962248494,0.003569664985994994,0.0035499000292867895,0.9890766043303432,3.625233157204665e-07,0.0029058211590057277,-0.010743560267251536,-0.010743560267251536,0.17670397109834618,1.0055677502310327,3.585633301033759e-07]"
/multi_agv/m2b_algorithm_state,1789558522.4371684,1789558522.4371684,m2b_algorithm_state_v1:header6+3x20,"[1.0,-0.15,0.52,4.388838528068676,0.10125038937417263,1789558522.437062,4.3874136007838676,0.10107527265601476,0.0036904376666666654,0.0015399888317051747,0.0006967484802823157,0.000569711959681207,0.004584685874999997,4.390256679743385,0.10002533968882688,0.00284307895951752,-0.0010499329671878888,-0.0010517061115950092,1.0033910016094945,3.662960773293143e-08,0.0025021425878018907,-0.006838398320425839,-0.006838398320425839,0.1419525633638437,0.9983140305190094,3.675381879170895e-08,4.388394070013296,0.10150165849253376,0.002796189458333334,-0.0009433573992051942,0.001667099145120865,0.0007538030982697924,-0.0017884964166666626,4.389064667657462,0.10199189348742163,0.0006705976441656603,0.0004902349948878726,0.0004898550956681045,0.9984530145680633,-4.877089811294844e-09,0.0013281021508751798,-0.005887192945098303,-0.005887192945098303,0.12046877565573018,1.0007755338734405,-4.869545024406524e-09,4.387707440097604,0.10117424123078296,0.0036904376666666654,0.001323371283005924,0.0009824250436818007,0.0005150143980726793,0.0032930326916666636,4.387224160838521,0.10459119428033287,-0.0004832792590834245,0.003416953049549906,0.003398821976428958,0.9895255459379304,3.321581946779245e-07,0.0027947229025746772,-0.010269205280267018,-0.010269205280267018,0.17670397953124312,1.00533451685516,3.2867901892643063e-07]"
/multi_agv/m2b_algorithm_state,1789558522.4471898,1789558522.4471898,m2b_algorithm_state_v1:header6+3x20,"[1.0,-0.15,0.52,4.389843132233297,0.10125035960763906,1789558522.447067,4.388413758322265,0.10107526789997877,0.0036904376666666654,0.0015400236698950441,0.0006967473828948909,0.0005696974295859636,0.004584685874999997,4.391251183486537,0.0998820492710944,0.0028374251642713233,-0.001193218628884371,-0.0011955112386051534,1.0038600120461594,4.73152820408425e-08,0.0023512702167340005,-0.006236460203190047,-0.006236460203190047,0.1419525642765582,0.9980823185539793,4.749791959948758e-08,4.389394227946351,0.10150166256161644,0.002796189458333334,-0.0009433959670919617,0.0016670996330239163,0.0007538195623314342,-0.0017884964166666626,4.390136418932416,0.10096188179849744,0.0007421909860649833,-0.0005397807631190021,-0.0005402449392842812,1.0017233817075542,-5.917221531627403e-09,0.00038749379329694803,-0.0020738770656057734,-0.0020738770656057734,0.12046877512359859,0.9991408042324393,-5.927419162974556e-09,4.388707597937413,0.10117423766092268,0.0036904376666666654,0.0013233920176664252,0.0009824250874391543,0.0005150053876611022,0.0032930326916666636,4.388376314607336,0.1051662849466444,-0.00033128333007681476,0.003992047285721723,0.003967407599254419,0.9878433352331714,4.5318080148049514e-07,0.0035533034366584003,-0.013282922507411303,-0.013282922507411303,0.17670397774923782,1.0062105256016385,4.4767163439813406e-07]"
/multi_agv/m2b_algorithm_state,1789558522.4570653,1789558522.4570653,m2b_algorithm_state_v1:header6+3x20,"[1.0,-0.15,0.52,4.390836684784962,0.1012504009206377,1789558522.456983,4.389418353202008,0.10107519584172299,0.0036904376666666654,0.0015405342957098053,0.000696700373249648,0.0005695005465003369,0.004584685874999997,4.391947690453054,0.09944191686363785,0.00252933725104576,-0.0016332789780851426,-0.0016375887191586978,1.005309868223399,8.870650304725839e-08,0.0015240828446485024,-0.00310718584205607,-0.00310718584205607,0.14195257316438709,0.9973682396421433,8.917752288899786e-08,4.390398843354496,0.1015017071268433,0.002796189458333334,-0.0009439508920763597,0.0016671333635960295,0.0007540425576126886,-0.0017884964166666626,4.391141606533409,0.10096188179849744,0.0007427631789127531,-0.0005398253283458582,-0.0005402895810371714,1.0017235238252014,-5.921678824414246e-09,0.00038816439260377,-0.002076787855381978,-0.002076787855381978,0.12046876993117764,0.9991407335850859,-5.9318849789533144e-09,4.3897122001433875,0.10117417585435091,0.0036904376666666654,0.0013237303596772276,0.0009824091051382489,0.000514867042938049,0.0032930326916666636,4.389341130067474,0.10425524441345453,-0.00037107007591341556,0.003081068559103617,0.003066289110748037,0.9905186692052722,2.702087501979974e-07,0.0026024515158562674,-0.009413559828941835,-0.009413559828941835,0.17670396025641452,1.0048199787501364,2.676468116537402e-07]"
/multi_agv/m2b_algorithm_state,1789558522.467389,1789558522.467389,m2b_algorithm_state_v1:header6+3x20,"[1.0,-0.15,0.52,4.391843447208157,0.10125035690573995,1789558522.4673128,4.390411918697456,0.10107529569249475,0.0036904376666666654,0.0015398265942111722,0.0006967659602540972,0.0005697731907248813,0.004584685874999997,4.392913950784878,0.09914621618416178,0.002502032087421391,-0.0019290795083329731,-0.0019351050679167047,1.0062924407511007,1.2371465450561364e-07,0.0011924350413600338,-0.0018013618686576862,-0.0018013618686576862,0.14195256224569006,0.9968861847950103,1.244931216391331e-07,4.391392380217556,0.10150164546362886,0.002796189458333334,-0.0009431817172376655,0.0016670862977807843,0.0007537336289735186,-0.0017884964166666626,4.391740966822673,0.10162119964673474,0.00034858660511716266,0.0001195541831058855,0.00011953152573360397,0.9996211406381824,-2.9007784049933237e-10,0.0005552647821300573,-0.002969022495962843,-0.002969022495962843,0.12046877630588365,1.0001895514354266,-2.8996794179380336e-10,4.390705755439875,0.10117426160578945,0.0036904376666666654,0.0013232608701269472,0.0009824314671134102,0.0005150589165594838,0.0032930326916666636,4.3899636981349515,0.10524825087828008,-0.0007420573049232715,0.004073989272490627,0.004048343706128584,0.9876055150885776,4.718989480129259e-07,0.0031207720749744945,-0.011767307720257908,-0.011767307720257908,0.1767039817314624,1.0063348293088898,4.660500036220636e-07]"
/multi_agv/m2b_algorithm_state,1789558522.4772773,1789558522.4772773,m2b_algorithm_state_v1:header6+3x20,"[1.0,-0.15,0.52,4.392841479410315,0.1012503700718742,1789558522.477166,4.391418667446095,0.10107518868179811,0.0036904376666666654,0.001540585425279475,0.0006966967516092376,0.0005694802677502827,0.004584685874999997,4.393892645984151,0.0992034206162552,0.0024739785380560875,-0.0018717680655429142,-0.0018774384753706766,1.006101569662861,1.1652592251800373e-07,0.0012150346971994328,-0.0019066400644040357,-0.0019066400644040357,0.14195150898773445,0.9969797093741553,1.1723691355177647e-07,4.392399159157929,0.10150171206473527,0.002796189458333334,-0.000944006749720264,0.0016671358493134392,0.0007540654769859628,-0.0017884964166666626,4.392843617948369,0.10245802231193518,0.0004444587904401942,0.0009563102471999152,0.0009548697191520707,0.9969982524558582,-1.8565379862076477e-08,0.0015104432072023135,-0.006755669319086195,-0.006755669319086195,0.12046810017193664,1.001508612137291,-1.850965127866943e-08,4.3917125150204495,0.10117416997068646,0.0036904376666666654,0.0013237630164752135,0.0009824080852378191,0.0005148534180080557,0.0032930326916666636,4.391092786187319,0.10617793503899647,-0.0006197288331302175,0.005003765068310018,0.004965351300699347,0.9849393549330657,7.116204769705657e-07,0.004190690259286575,-0.016093839482838858,-0.016093839482838858,0.1767018764548791,1.007736364515691,7.009030135445495e-07]"
/multi_agv/m2b_algorithm_state,1789558522.4872215,1789558522.4872215,m2b_algorithm_state_v1:header6+3x20,"[1.0,-0.15,0.52,4.393843015806851,0.10125036054106562,1789558522.4871101,4.392416703598506,0.10107522178215755,0.0036904376666666654,0.0015403495126477696,0.0006967167093499425,0.0005695721450799743,0.004584685874999997,4.394891799650949,0.09923941453244535,0.0024750960524437815,-0.001835807249712204,-0.0018412603912692522,1.005981920753832,1.1207161844489363e-07,0.0012526096742854747,-0.002055933810563186,-0.002055933810563186,0.14195257210272655,0.997038364816348,1.1274202198518468e-07,4.393397186686737,0.10150169049094586,0.002796189458333334,-0.0009437494915539154,0.0016671218292678702,0.0007539612572150245,-0.0017884964166666626,4.393847167923995,0.10175128379318203,0.0004499812372573686,0.00024959330223617293,0.0002494946475681232,0.9992102242799578,-1.264947083126162e-09,0.000811971194139834,-0.003941187110666048,-0.003941187110666048,0.12046877055371882,1.0003954179739378,-1.2639480586327705e-09,4.392710547945701,0.10117419794251914,0.0036904376666666654,0.0013236085464871164,0.0009824144913678891,0.0005149170424999863,0.0032930326916666636,4.3921012888820865,0.10495544715118554,-0.0006092590636148643,0.003781249208666404,0.0037591074566255796,0.9884572728041735,4.067177952176633e-07,0.0029975336271069993,-0.011178027740997508,-0.011178027740997508,0.17670396235386254,1.0058901620388103,4.0202316266177777e-07]"
/multi_agv/m2b_algorithm_state,1789558522.4971263,1789558522.4971263,m2b_algorithm_state_v1:header6+3x20,"[1.0,-0.15,0.52,4.3948403612344515,0.10125037791999619,1789558522.497023,4.393418236912639,0.10107519959348475,0.0036904376666666654,0.0015405057857778076,0.0006967010468667211,0.0005695125539799587,0.004584685874999997,4.3960584938141185,0.09898661085242544,0.0026402569014791766,-0.0020885887410593135,-0.002095660459336061,1.0068249856939366,1.4509902601392851e-07,0.0012046606675129097,-0.0017704713069546106,-0.0017704713069546106,0.14195052768063646,0.9966255419644706,1.4608932479067772e-07,4.3943987268951235,0.10150170342003832,0.002796189458333334,-0.0009439186586748935,0.0016671332648163784,0.0007540286369181193,-0.0017884964166666626,4.394861373336447,0.10175128379318203,0.0004626464413233222,0.0002495803731437096,0.00024948172870379345,0.9992102652133978,-1.2650426914457219e-09,0.0008277897803579462,-0.00399755569098283,-0.00399755569098283,0.1204674840227443,1.000395397452265,-1.2640436432257504e-09,4.393712083612791,0.10117417860967377,0.0036904376666666654,0.001323713421610148,0.0009824088860449724,0.0005148744988746176,0.0032930326916666636,4.393047124358792,0.10231508969722136,-0.0006649592539993421,0.0011409110875475886,0.0011388544686572457,0.9964103563868584,3.710408344086999e-08,0.00030765540115806813,-0.00028814066212087906,-0.00028814066212087906,0.17669995965409052,1.001805866286645,3.6970893004725e-08]"
/multi_agv/m2b_algorithm_state,1789558522.5073102,1789558522.5073102,m2b_algorithm_state_v1:header6+3x20,"[1.0,-0.15,0.52,4.395843875949622,0.10125035548552623,1789558522.5072372,4.3944155877098465,0.10107524227657008,0.0036904376666666654,0.0015402024894877078,0.0006967281945435382,0.0005696298994964624,0.004584685874999997,4.397032787460768,0.09882183249144887,0.0026171997509214506,-0.002253409785121216,-0.0022616518835940195,1.0073772327697874,1.6888875055736742e-07,0.0010098478050577938,-0.0010091417077121557,-0.0010091417077121557,0.14195257137238687,0.996355717459176,1.7013468218242768e-07,4.395396065875264,0.10150167644082493,0.002796189458333334,-0.0009435884462165815,0.0016671139224380127,0.0007538955624862426,-0.0017884964166666626,4.395760349765765,0.1016034041702048,0.000364283890500694,0.00010172772937987185,0.00010171132283378607,0.9996775663071951,-2.10114644127121e-10,0.0005570661859596535,-0.0029676751943661273,-0.0029676751943661273,0.12046877098054228,1.0001613050113662,-2.1004689608650268e-10,4.394709430118244,0.10117421504259354,0.0036904376666666654,0.001323513188414276,0.0009824179214972693,0.0005149565922731676,0.0032930326916666636,4.3941866660739555,0.10509729083575398,-0.0005227640442884152,0.003923075793160438,0.0038992676487639303,0.9880438706600047,4.377203339510385e-07,0.0032458125934034113,-0.012141785589122612,-0.012141785589122612,0.17670396377933734,1.0061057989707516,4.324868930235739e-07]"
/multi_agv/m2b_algorithm_state,1789558522.5171096,1789558522.5171096,m2b_algorithm_state_v1:header6+3x20,"[1.0,-0.15,0.52,4.396851377899478,0.10125030814351105,1789558522.5170352,4.395419095361743,0.10107518857181565,0.0036904376666666654,0.00154058237901802,0.00069669236050629,0.0005694838721802928,0.004584685874999997,4.397968364964861,0.09832086193113156,0.002549269603117743,-0.0027543266406840905,-0.0027666868163728426,1.0090680106917795,2.5246485066368244e-07,0.0004199001875243363,0.0012928758761799105,0.0012928758761799105,0.14194496644665955,0.9955324991554497,2.5475420462879923e-07,4.396399589197545,0.10150170910546555,0.002796189458333334,-0.0009440007714367916,0.001667139743768864,0.0007540608598179954,-0.0017884964166666626,4.396915888573977,0.10337899783386462,0.0005162993764322721,0.001877288728399068,0.0018717762336046353,0.9941690836586994,-7.149478910970353e-08,0.002517150454144975,-0.010787923351441613,-0.010787923351441613,0.12046399211885989,1.0029450607906356,-7.107790897556592e-08,4.395712943289578,0.10117416877929745,0.0036904376666666654,0.00132376577762972,0.000982405537467557,0.0005148535463606945,0.0032930326916666636,4.395467575526932,0.1076376400695964,-0.0002453677626457207,0.00646347129029895,0.0064000877430105425,0.9808726865530961,1.1859617110994754e-06,0.006093378039703392,-0.02374523100824733,-0.02374523100824733,0.17668909701130897,1.0099035434877637,1.1632774497152492e-06]"
/multi_agv/m2b_algorithm_state,1789558522.5271811,1789558522.5271811,m2b_algorithm_state_v1:header6+3x20,"[1.0,-0.15,0.52,4.397850659981985,0.10125031489221353,1789558522.5270016,4.396426582058767,0.10107507753066866,0.0036904376666666654,0.001541365742589713,0.0006966148420177723,0.0005691846377123082,0.004584685874999997,4.399215609538021,0.09784557947397804,0.0027890274792534697,-0.0032294980566906217,-0.003246551618917459,1.0106892153446048,3.473715589959522e-07,0.00023973273014937834,0.0021378688600561186,0.0021378688600561186,0.1419171147288497,0.9947471766265883,3.51084688394651e-07,4.397407109938158,0.10150177464134176,0.002796189458333334,-0.0009448496434364597,0.001667196116042824,0.0007543994934921389,-0.0017884964166666626,4.398257158469649,0.10302289217887182,0.0008500485314906214,0.0015211175375300645,0.0015174885390787677,0.9952560803517931,-4.6993900799156665e-08,0.0025800492034420445,-0.010840359990134553,-0.010840359990134553,0.12044650280289089,1.0023914503192888,-4.6770965509809664e-08,4.396720441701507,0.10117407225852272,0.0036904376666666654,0.0013242905950452796,0.0009823780284604405,0.0005146403675039737,0.0032930326916666636,4.396461451348725,0.1050488516572966,-0.0002589903527816517,0.0038747793987738838,0.003851545251698941,0.9881844682560337,4.272764257342513e-07,0.003527807310721876,-0.013131324067827544,-0.013131324067827544,0.1766347016077416,1.0060324221985173,4.2222792756253977e-07]"
/multi_agv/m2b_algorithm_state,1789558522.5370421,1789558522.5370421,m2b_algorithm_state_v1:header6+3x20,"[1.0,-0.15,0.52,4.3988431363810685,0.10125036428159744,1789558522.536909,4.397425865561085,0.10107509926668974,0.0036904376666666654,0.001541206068564734,0.0006966215823871018,0.00056925034373933,0.004584685874999997,4.400116865424151,0.09761231254409589,0.002690999863065535,-0.0034627867225938552,-0.0034824274368532747,1.0114913471061104,3.9938829580968074e-07,-0.00011867760802135568,0.003497347456172937,0.003497347456172937,0.14191840446335305,0.9943600506785671,4.039778053469477e-07,4.398406390787945,0.10150175637515632,0.002796189458333334,-0.0009446720784372486,0.001667192417880159,0.0007543244488283779,-0.0017884964166666626,4.399285984219646,0.10302289217887182,0.0008795934317014087,0.0015211358037155037,0.0015175067177061645,0.9952560231899042,-4.698620099209057e-08,0.0026169985073329254,-0.010972057610625594,-0.010972057610625594,0.120447312736103,1.0023914793700717,-4.676329954418959e-08,4.397719723596924,0.10117408903479452,0.0036904376666666654,0.0013241931037006132,0.0009823785655923793,0.0005146823467384641,0.0032930326916666636,4.397221536238018,0.10188955040643959,-0.0004981873589064989,0.0007154613716450625,0.0007146499956594955,0.9977380213552176,1.4600954324130359e-08,9.191579702637191e-05,0.0006743664600126416,0.0006743664600126416,0.17663722028433496,1.0011353473595397,1.4567927277255733e-08]"
/multi_agv/m2b_algorithm_state,1789558522.5471878,1789558522.5471878,m2b_algorithm_state_v1:header6+3x20,"[1.0,-0.15,0.52,4.399846558154663,0.10125034278523792,1789558522.5470457,4.398418357112578,0.10107522159834856,0.0036904376666666654,0.0015403357879652832,0.0006966979498452372,0.0005695878517920109,0.004584685874999997,4.401121092647997,0.09811717125200395,0.0027027355354185545,-0.0029580503463446095,-0.002972328421417082,1.0097610001590027,2.911849340801802e-07,0.0004060909978561111,0.0014321578794672277,0.0014321578794672277,0.14194382251751886,0.9951963332956104,2.94027190268036e-07,4.399398849088511,0.10150167813214474,0.002796189458333334,-0.0009437235832005205,0.00166713812232544,0.0007539415516419068,-0.0017884964166666626,4.400133692458873,0.1022046817398954,0.0007348433703615598,0.000703003607750663,0.000702223644690931,0.9977869713153659,-1.0031593971898846e-08,0.0016207778576428807,-0.007028733056826323,-0.007028733056826323,0.12046327383091326,1.0011107046389405,-1.0009393766686431e-08,4.398712202942119,0.10117419311429901,0.0036904376666666654,0.0013236200672405852,0.0009824035895587896,0.0005149177192089881,0.0032930326916666636,4.398476918880437,0.10490606708286913,-0.00023528406168171756,0.0037318739685701235,0.0037102985795573248,0.9886015210741732,3.961840100319378e-07,0.003416193502455178,-0.012658873108456224,-0.012658873108456224,0.1766868626322961,1.005815000747291,3.916681149428392e-07]"
/multi_agv/m2b_algorithm_state,1789558522.5569487,1789558522.5569487,m2b_algorithm_state_v1:header6+3x20,"[1.0,-0.15,0.52,4.400838893794362,0.1012503921397415,1789558522.5568438,4.399421772155768,0.10107517059613767,0.0036904376666666654,0.001540695718343798,0.0006966635452858583,0.0005694497323950054,0.004584685874999997,4.402294123445361,0.09834652368424743,0.002872351289592956,-0.002728646911890245,-0.0027407753453214754,1.0089808798850968,2.4779323971242593e-07,0.0008496637666697195,-0.00022906759551289887,-0.00022906759551289887,0.14193043497768842,0.9955748166474374,2.500186410346222e-07,4.400402279105613,0.10150170864564792,0.002796189458333334,-0.000944113218867137,0.0016671628528523996,0.0007540975812299761,-0.0017884964166666626,4.401408994745874,0.10373702063097506,0.0010067156402611133,0.002235311985327143,0.002227517637153413,0.9930854658305642,-1.0135031794879164e-07,0.0034859121874798045,-0.014427883313200312,-0.014427883313200312,0.12045486742756124,1.0034991185002202,-1.0064952771225154e-07,4.399715623202606,0.10117414911392819,0.0036904376666666654,0.0013238595604327017,0.0009823914810975776,0.0005148202065660065,0.0032930326916666636,4.399793722368501,0.10761365516415966,7.809916589529564e-05,0.006439506050231469,0.006376580090449733,0.9809382824995596,1.177290289821059e-06,0.006474204047818853,-0.025113551311799463,-0.025113551311799463,0.17666071514423448,1.0098682928606166,1.1548491149004784e-06]"
/multi_agv/m2b_algorithm_state,1789558522.5671165,1789558522.5671165,m2b_algorithm_state_v1:header6+3x20,"[1.0,-0.15,0.52,4.401849843897734,0.10125032119022838,1789558522.567011,4.400414123337927,0.10107529015052448,0.0036904376666666654,0.0015398476812501587,0.0006967420008203717,0.0005697765127219728,0.004584685874999997,4.403273966228544,0.09818564143448213,0.002859842890616804,-0.002889648716042345,-0.002903267081891702,1.0095279680897002,2.7777355025724496e-07,0.0006715365313793029,0.00046868052652595995,0.00046868052652595995,0.1419525725547949,0.995309296228963,2.8042016778025874e-07,4.401394595930399,0.1015016344689328,0.002796189458333334,-0.0009431905286360932,0.0016671064081092979,0.0007537269875739216,-0.0017884964166666626,4.402562119151184,0.10364681510550755,0.0011675232207846165,0.0021451806365747478,0.0021379972462117593,0.9933574063507732,-9.325693747273378e-08,0.00359740127219253,-0.014780790686033982,-0.014780790686033982,0.12046877028936437,1.0033598688565744,-9.263746953213106e-08,4.400707962114762,0.1011742517997672,0.0036904376666666654,0.001323296790150107,0.0009824180603672517,0.0005150503200772589,0.0032930326916666636,4.400620132515393,0.10493063547147038,-8.7829599368483e-05,0.003756383671703181,0.0037345280490990508,0.9885299045143675,4.0129933020431147e-07,0.003624741049888447,-0.013421396821118233,-0.013421396821118233,0.176703961452248,1.0058523118093605,3.9669638856854765e-07]"
/multi_agv/m2b_algorithm_state,1789558522.577326,1789558522.577326,m2b_algorithm_state_v1:header6+3x20,"[1.0,-0.15,0.52,4.402837295572784,0.10125040164162734,1789558522.577193,4.401425051348205,0.1010751188248955,0.0036904376666666654,0.001541061061203389,0.000696629811108806,0.000569308918217176,0.004584685874999997,4.404199663443988,0.09794363509354535,0.002774612095782558,-0.0031314837313501515,-0.003147506050535999,1.0103534191543535,3.2652111586244197e-07,0.00032075906919219873,0.001809728767884346,0.001809728767884346,0.14191627720537864,0.9949095191784877,3.2990172583771306e-07,4.402405572823508,0.10150173997429263,0.002796189458333334,-0.0009445082115726667,0.0016671867773201399,0.000754256352192742,-0.0017884964166666626,4.403590999422551,0.10364681510550755,0.0011854265990436375,0.002145075131214924,0.0021378924520257746,0.9933577346418195,-9.337799853602971e-08,0.0036196757008303214,-0.014861718627598476,-0.014861718627598476,0.12044597686124534,1.003359700897182,-9.275775709113762e-08,4.40171890752149,0.101174104771497,0.0036904376666666654,0.0013241010607701986,0.0009823796955195094,0.0005147216559586313,0.0032930326916666636,4.401485481950829,0.10301241707851275,-0.00023342557066108327,0.0018383123070157409,0.0018330010971739207,0.9942619318079517,9.630798608217969e-08,0.0015412191338475666,-0.005014507129878588,-0.005014507129878588,0.17663306609335125,1.0028975486430471,9.57553642906013e-08]"
/multi_agv/m2b_algorithm_state,1789558522.587106,1789558522.587106,m2b_algorithm_state_v1:header6+3x20,"[1.0,-0.15,0.52,4.403839063435826,0.10125038949608751,1789558522.5869813,4.402412528188219,0.10107531429589592,0.0036904376666666654,0.0015396743317686256,0.0006967569623931517,0.0005698438702734339,0.004584685874999997,4.405176156095634,0.09795324171489886,0.0027636279074148007,-0.0031220725809970595,-0.0031379975725496297,1.0103211883213308,3.2426714382899797e-07,0.0003165373117188712,0.0018189743283402223,0.0018189743283402223,0.14195257095042157,0.9949251103022266,3.276139660868771e-07,4.403392994086744,0.10150161827523133,0.002796189458333334,-0.0009429996506813928,0.001667095541879604,0.0007536499008119757,-0.0017884964166666626,4.404392500976845,0.10254873922898013,0.0009995068901016424,0.0010471209537488008,0.0010453950401928056,0.9967166065913403,-2.2233515758519126e-08,0.002294778652819859,-0.009592075339514495,-0.009592075339514495,0.12046877122621043,1.0016509678060812,-2.2160514379426274e-08,4.402706364443389,0.10117427235375476,0.0036904376666666654,0.0013231823247897736,0.0009824226389245627,0.0005150975547510914,0.0032930326916666636,4.402687784777844,0.10361960537163237,-1.857966554474899e-05,0.00244533301787761,0.0024359783350669257,0.9924199921574021,1.702164918584903e-07,0.0024127537531359895,-0.008423958080170857,-0.008423958080170857,0.17670396461698284,1.0038402159313242,1.6892624951526342e-07]"
/multi_agv/m2b_algorithm_state,1789558522.597066,1789558522.597066,m2b_algorithm_state_v1:header6+3x20,"[1.0,-0.15,0.52,4.4048437014380015,0.10125035939680953,1789558522.596956,4.4034142927817355,0.10107528208258167,0.0036904376666666654,0.0015399048824201096,0.0006967403147351439,0.000569752595413958,0.004584685874999997,4.405841882389594,0.09850757175588976,0.0024275896078584935,-0.0025677103266919105,-0.0025784372688951738,1.0084359195946684,2.1928960843259509e-07,0.00045604974092794317,0.001081561184743003,0.001081561184743003,0.14195198805114073,0.9958397505602844,2.2113951793727878e-07,4.404394765651813,0.10150164055634994,0.002796189458333334,-0.000943251243929015,0.0016671066479601038,0.0007537531807872699,-0.0017884964166666626,4.405418000880081,0.10254873922898013,0.0010232352282679713,0.001047098672630184,0.0010453728327546824,0.9967166766203794,-2.2238499345024154e-08,0.0023244168680896463,-0.009697917728083373,-0.009697917728083373,0.12046840097661982,1.0016509323960083,-2.216548316019696e-08,4.40370813187393,0.10117424584933095,0.0036904376666666654,0.0013233298844028572,0.0009824178038696733,0.0005150361084455459,0.0032930326916666636,4.403773294325226,0.10414715250900067,6.516245129528642e-05,0.002972906659669719,0.0029591353643856847,0.990840163235772,2.5151476018021453e-07,0.0030405884285047927,-0.010932396992999832,-0.010932396992999832,0.17670281224557607,1.0046538240358238,2.4921092603316983e-07]"
/multi_agv/m2b_algorithm_state,1789558522.6071255,1789558522.6071255,m2b_algorithm_state_v1:header6+3x20,"[1.0,-0.15,0.52,4.4058537917903555,0.10125029510388002,1789558522.6070092,4.404418921605037,0.10107520835850069,0.0036904376666666654,0.00154042786004008,0.0006966936665200759,0.0005695501703415315,0.004584685874999997,4.406827216430345,0.09836720958596434,0.0024082948253072445,-0.0027079987725363436,-0.0027199424844684184,1.008910850641602,2.440114895399266e-07,0.00029042604716563716,0.0017271252682707762,0.0017271252682707762,0.14193428676171096,0.99560883658376,2.4618583947805174e-07,4.405399414686211,0.1015016868395904,0.002796189458333334,-0.0009438196014385208,0.001667139744625068,0.000753982328342645,-0.0017884964166666626,4.406190655320395,0.10398262778176923,0.0007912406341841205,0.002480940942178822,0.0024713574303155453,0.9923472421204956,-1.247863269592641e-07,0.003460408223045696,-0.014458729830290182,-0.014458729830290182,0.12045728610873709,1.0038778331882383,-1.238313674123722e-07,4.404712768022759,0.10117418299233748,0.0036904376666666654,0.0013236746399490178,0.000982402165461061,0.0005148948048358621,0.0032930326916666636,4.404233396700956,0.10332150047043878,-0.00047937132180297937,0.0021473174781013044,0.0021400876378739027,0.9933210382768731,1.31333839219926e-07,0.0015408734856201785,-0.005160320326046048,-0.005160320326046048,0.1766682378482702,1.0033782916640666,1.304566655348248e-07]"
/multi_agv/m2b_algorithm_state,1789558522.617083,1789558522.617083,m2b_algorithm_state_v1:header6+3x20,"[1.0,-0.15,0.52,4.4068426342176705,0.10125036774740344,1789558522.6169837,4.4054289915142215,0.10107505595945293,0.0036904376666666654,0.0015415044982490665,0.0006965897151943064,0.0005691375625027915,0.004584685874999997,4.407792564552408,0.09804637512393953,0.0023635730381865727,-0.0030286808355134004,-0.003043656876166049,1.0100020061535684,3.055021796390234e-07,-8.919057843283316e-05,0.0032037519769487766,0.0032037519769487766,0.1418972665194142,0.9950795896968804,3.085578143197015e-07,4.406409530079915,0.10150177821107853,0.002796189458333334,-0.0009449871000622558,0.0016672148686778243,0.0007544493215955322,-0.0017884964166666626,4.407216824831828,0.10398262778176923,0.0008072947519126572,0.0024808495706906963,0.00247126677004606,0.9923475255626643,-1.249314405629522e-07,0.0034803852099368816,-0.014531379121793576,-0.014531379121793576,0.12043403802832413,1.0038776876542785,-1.239754059076247e-07,4.405722853776931,0.1011740511411086,0.0036904376666666654,0.001324393127331886,0.0009823657371302646,0.0005146023170751867,0.0032930326916666636,4.405312887798175,0.10401278787659772,-0.0004099659787559773,0.0028387367354891224,0.0028261675665509738,0.9912400638531291,2.2953272445721901e-07,0.002313710093106002,-0.008259119759259609,-0.008259119759259609,0.17659594427237355,1.004447425229456,2.2752203244735648e-07]"
/multi_agv/m2b_algorithm_state,1789558522.6269867,1789558522.6269867,m2b_algorithm_state_v1:header6+3x20,"[1.0,-0.15,0.52,4.407841863562432,0.10125037281961961,1789558522.6268842,4.406417856296996,0.10107523510050914,0.0036904376666666654,0.001540231056785264,0.000696702478279753,0.0005696308929091145,0.004584685874999997,4.408739914108997,0.0975561904238689,0.0023220578120008994,-0.003519044676640243,-0.003539337291082737,1.011685375150598,4.1222452748526997e-07,-0.0006367650260816126,0.005336617078949596,0.005336617078949596,0.14193555996344476,0.9942665497030698,4.170415257352134e-07,4.407398345726651,0.10150166437577747,0.002796189458333334,-0.0009436000747303558,0.001667134526939229,0.0007538898851220388,-0.0017884964166666626,4.4080739557552615,0.10276912950869806,0.0006756100286109401,0.0012674651329205866,0.0012649406605301427,0.9960356712707801,-3.259069591803013e-08,0.002109453196293818,-0.009037942312406351,-0.009037942312406351,0.12045808559119388,1.0019957239649375,-3.246149568589702e-08,4.406711700629366,0.10117420376592376,0.0036904376666666654,0.0013235537800870873,0.0009824029776400959,0.0005149467703284226,0.0032930326916666636,4.4064233253423755,0.10371459922132126,-0.00028837528699021675,0.0025403954553974983,0.0025303065850299285,0.9921338768683117,1.8374658487682234e-07,0.0021698374762921576,-0.0075998433400991765,-0.0075998433400991765,0.17667072452480587,1.0039872126276155,1.8230121161515404e-07]"
/multi_agv/m2b_algorithm_state,1789558522.6370285,1789558522.6370285,m2b_algorithm_state_v1:header6+3x20,"[1.0,-0.15,0.52,4.408838929792268,0.10125039143487784,1789558522.6368687,4.407417087461783,0.10107524672178776,0.0036904376666666654,0.001540148772508383,0.0006967114289011531,0.0005696619040767736,0.004584685874999997,4.409760378883022,0.09722783992235852,0.002343291421238902,-0.0038474067994292427,-0.0038717229569937496,1.0128227459725376,4.928189052294271e-07,-0.0009426086804451218,0.006548289390299115,0.006548289390299115,0.14193703702412205,0.9937195512606131,4.991381968616482e-07,4.408397572802579,0.10150165763636051,0.002796189458333334,-0.0009435101588845755,0.001667127720440753,0.0007538544502227185,-0.0017884964166666626,4.409100250931725,0.10276912950869806,0.0007026781291461504,0.0012674718723375417,0.0012649473729979131,0.9960356501315881,-3.258793774019724e-08,0.002143295034430601,-0.009158526572738954,-0.009158526572738954,0.12045901309131622,1.001995734679179,-3.245874775350507e-08,4.407710930422933,0.10117421410071055,0.0036904376666666654,0.0013234974546229776,0.0009824061541225063,0.0005149695329501182,0.0032930326916666636,4.407436692261847,0.10344788965546031,-0.0002742381610865152,0.002273675554749763,0.002265577579788295,0.9929382314129122,1.4721157746948184e-07,0.001922779878430151,-0.0065870317680782435,-0.0065870317680782435,0.17667360942108618,1.003574353415973,1.461720033760522e-07]"
/multi_agv/m2b_algorithm_state,1789558522.6471014,1789558522.6471014,m2b_algorithm_state_v1:header6+3x20,"[1.0,-0.15,0.52,4.409842135398922,0.10125037042405122,1789558522.646949,4.408414159864472,0.10107529018115617,0.0036904376666666654,0.0015398417984053645,0.0006967425062498474,0.0005697787997744144,0.004584685874999997,4.410818483371392,0.09814362408289352,0.002404323506919326,-0.0029316660982626475,-0.002945687810237801,1.0096710668156752,2.8591697715809526e-07,5.971657341135618e-05,0.002636431239728906,0.002636431239728906,0.14194618420606991,0.9952399192044653,2.886820993479271e-07,4.409394631406194,0.10150163204340494,0.002796189458333334,-0.0009431767404556837,0.0016671048417755685,0.0007537218255813105,-0.0017884964166666626,4.410138278031078,0.10274772403100331,0.0007436466248842422,0.001246091987598369,0.0012436515401313005,0.9961015684435411,-3.148717576407e-08,0.002173209821236603,-0.009254594763855177,-0.009254594763855177,0.12046475675689453,1.0019623241626114,-3.1364425164447584e-08,4.40870799810614,0.1011742520800724,0.0036904376666666654,0.0013232907383552918,0.0009824171672117472,0.0005150534078474968,0.0032930326916666636,4.4085828809147225,0.104094565863052,-0.00012511719141716782,0.0029203137829796055,0.0029070201134248417,0.9909967789953978,2.426970368993565e-07,0.002750623624153382,-0.009866612796728397,-0.009866612796728397,0.17669147559843515,1.0045729541028536,2.4051198183898954e-07]"
/multi_agv/m2b_algorithm_state,1789558522.6570904,1789558522.6570904,m2b_algorithm_state_v1:header6+3x20,"[1.0,-0.15,0.52,4.410839715139158,0.10125038589238872,1789558522.6568823,4.409417359247794,0.10107523770506224,0.0036904376666666654,0.0015402148964227171,0.0006967108323438608,0.0005696335524250137,0.004584685874999997,4.411898783433313,0.09847900618921215,0.00248142418551911,-0.0025962315158500893,-0.0026072004421001317,1.0085323593571838,2.2423759985943716e-07,0.0004945797897987557,0.0009591570914950425,0.0009591570914950425,0.1419335626187579,0.9957928335417101,2.2615087564283027e-07,4.410397844395668,0.10150166584038067,0.002796189458333334,-0.0009435826420078467,0.0016671269902372998,0.0007538862489883669,-0.0017884964166666626,4.411161874798095,0.10274772403100331,0.0007640304024274513,0.001246058190622637,0.0012436178760328286,0.9961016744735741,-3.149901363773074e-08,0.0021986558790671427,-0.0093457115417639,-0.0093457115417639,0.12045683139579082,1.0019622704343822,-3.137622022880954e-08,4.4097112025533045,0.10117420772671074,0.0036904376666666654,0.0013235349241029547,0.0009824068566348211,0.0005149529260108309,0.0032930326916666636,4.40945083319835,0.10224458202018771,-0.00026036935495454827,0.0010703742934769778,0.001068563147665268,0.9966295816659239,3.2655250271494716e-08,0.0007431014539720827,-0.0018077375201441923,-0.0018077375201441923,0.17666682355826469,1.0016949356859883,3.2545188417275824e-08]"
/multi_agv/m2b_algorithm_state,1789558522.667232,1789558522.667232,m2b_algorithm_state_v1:header6+3x20,"[1.0,-0.15,0.52,4.411844174765597,0.10125035704617726,1789558522.6669412,4.410414944069797,0.1010752740664907,0.0036904376666666654,0.001539957872202474,0.000696736418949761,0.0005697316529213233,0.004584685874999997,4.4128117844688335,0.09806046543729431,0.0023968403990366483,-0.0030148086291963833,-0.003029646205211185,1.009954617154419,3.0240329254930556e-07,-3.3595706415374526e-05,0.0030009062903823035,0.0030009062903823035,0.1419408885227593,0.9951025383791413,3.0541360155286965e-07,4.411395417875863,0.1015016442235612,0.002796189458333334,-0.0009433034403551481,0.00166710821011673,0.0007537749935174337,-0.0017884964166666626,4.412143730389762,0.10209885950386968,0.0007483125138989521,0.0005972152803084829,0.0005966519418617456,0.9981177213520878,-7.236958859414279e-09,0.0015320425842354358,-0.0066627169991652115,-0.0066627169991652115,0.1204614315404707,1.0009441659487095,-7.223336886277384e-09,4.410708783471813,0.10117423938711427,0.0036904376666666654,0.001323362403361688,0.0009824158641828628,0.0005150230216762037,0.0032930326916666636,4.410489523455672,0.10322214341687015,-0.00021926001614147594,0.0020479040297558815,0.0020413231689894048,0.9936230142547634,1.1943534547400775e-07,0.0017672481488125598,-0.005922810587430886,-0.005922810587430886,0.17668113199939212,1.0032238211305535,1.186737079784426e-07]"
/multi_agv/m2b_algorithm_state,1789558522.6771417,1789558522.6771417,m2b_algorithm_state_v1:header6+3x20,"[1.0,-0.15,0.52,4.412839677632942,0.10125038606585152,1789558522.6769109,4.411419394861531,0.10107520358031662,0.0036904376666666654,0.0015404578116561944,0.0006966915144635873,0.0005695383069380163,0.004584685874999997,4.4136610934381215,0.09684506553112314,0.002241698576590956,-0.004230138049193477,-0.004259617198035623,1.0141587465110296,5.960069352507583e-07,-0.001457493977296928,0.0085107589823999,0.0085107589823999,0.14192382236607035,0.9930793901255397,6.044456463657895e-07,4.412399888132236,0.10150168835688186,0.002796189458333334,-0.0009438467976499824,0.0016671400999177521,0.0007539939321138112,-0.0017884964166666626,4.41315622793315,0.10209885950386968,0.0007563398009144962,0.0005971711469878183,0.0005966078919471401,0.9981178606340944,-7.2400560488789464e-09,0.0015420326430902603,-0.006698778715553609,-0.006698778715553609,0.120450715006771,1.0009440958597444,-7.226429254377988e-09,4.411713241303024,0.1011741792013333,0.0036904376666666654,0.001323692422603271,0.0009824007708886476,0.0005148878221314249,0.0032930326916666636,4.41159665578709,0.10412013903680785,-0.00011658551593374256,0.0029459598354745486,0.002932434275651061,0.9909203750116171,2.470486976219049e-07,0.0027867023807338826,-0.010008199801180654,-0.010008199801180654,0.17664780083076462,1.0046123999899315,2.448055880936296e-07]"
/multi_agv/m2b_algorithm_state,1789558522.6872418,1789558522.6872418,m2b_algorithm_state_v1:header6+3x20,"[1.0,-0.15,0.52,4.413844626931845,0.10125035407919414,1789558522.6871426,4.412414906919028,0.10107527349691693,0.0036904376666666654,0.0015399623017529804,0.0006967379000059279,0.0005697289625318149,0.004584685874999997,4.414621123030362,0.09669511759318332,0.0022062161113343137,-0.004380155903733612,-0.004411798573646162,1.014685432010366,6.388838110010641e-07,-0.0016540284344782694,0.009259332322513886,0.009259332322513886,0.14193851074120434,0.992827716545908,6.482660957700437e-07,4.413395379831331,0.10150164534162752,0.002796189458333334,-0.000943308039956626,0.0016671065951676667,0.0007537778273280227,-0.0017884964166666626,4.414104036071307,0.10103409487203878,0.0007086562399756247,-0.00046755046958874,-0.0004678985405051909,1.0014915469432082,-4.438926014346294e-09,0.0004179217594643399,-0.002214383545958297,-0.002214383545958297,0.12045993847587871,0.9992560974520778,-4.44554688087412e-09,4.412708746148467,0.10117423935901008,0.0036904376666666654,0.0013233631748706784,0.0009824166271313224,0.0005150222904136393,0.0032930326916666636,4.412700400018706,0.10388114261748457,-8.346129760639087e-06,0.0027069032584744884,0.0026954630015545208,0.9916342739157116,2.0856668642971383e-07,0.002685030339353722,-0.009526693200011408,-0.009526693200011408,0.17667648778835415,1.004244264125818,2.0682187466073516e-07]"
/multi_agv/m2b_algorithm_state,1789558522.6971474,1789558522.6971474,m2b_algorithm_state_v1:header6+3x20,"[1.0,-0.15,0.52,4.414841672575605,0.10125037346563448,1789558522.6970458,4.413419846365819,0.10107519557077613,0.0036904376666666654,0.0015405148767811175,0.0006966878560845655,0.0005695154744817741,0.004584685874999997,4.415463110476962,0.09784199228994857,0.0020432641111423067,-0.0032332032808275596,-0.003250296445587047,1.010701906562372,3.479775391037397e-07,-0.0006962163066591637,0.00542220199090466,0.00542220199090466,0.1419197093986068,0.9947410443799072,3.517015622130321e-07,4.414400341006352,0.10150169395123179,0.002796189458333334,-0.0009439085987185255,0.0016671422235203792,0.0007540196161129747,-0.0017884964166666626,4.415108433083192,0.10103409487203878,0.0007080920768398613,-0.00046759907919301236,-0.00046794722238762765,1.0014917018556928,-4.44267486049976e-09,0.000417167873662199,-0.0022122901766115817,-0.0022122901766115817,0.12044813219523859,0.9992560203844377,-4.449302006833408e-09,4.413713693423364,0.10117417271557448,0.0036904376666666654,0.001323728438325626,0.0009823997431749557,0.0005148727453047823,0.0032930326916666636,4.413465604550079,0.1009551667144085,-0.0002480888732847575,-0.0002190060011659778,-0.00021908256615041445,1.0006997829184097,1.368533840274133e-09,-0.0005291936577563613,0.0032993867683444966,0.0032993867683444966,0.17663976860692354,0.9996505199579226,1.3694915168788225e-09]"
/multi_agv/m2b_algorithm_state,1789558522.7069855,1789558522.7069855,m2b_algorithm_state_v1:header6+3x20,"[1.0,-0.15,0.52,4.415841730395203,0.10125037313680174,1789558522.7068765,4.414416898082649,0.10107524285411607,0.0036904376666666654,0.0015401791685630043,0.0006967184292976819,0.0005696450874369454,0.004584685874999997,4.416522219862137,0.09841675101358643,0.0021053217794877455,-0.002658491840529631,-0.0026699985517904365,1.0087430817021905,2.3512554795832993e-07,-3.8346327430754685e-05,0.0028607150182377696,0.0028607150182377696,0.14192892729625034,0.995690367976758,2.3718126983440192e-07,4.415397379318107,0.10150166434929071,0.002796189458333334,-0.0009435431561287252,0.0016671202275082564,0.0007538726509687121,-0.0017884964166666626,4.415944040110145,0.1013915801966837,0.0005466607920379118,-0.00011008415260700677,-0.00011010339614524557,1.0003497607845881,-2.460768944457642e-10,0.0005732225939021442,-0.002928170955781281,-0.002928170955781281,0.12045392067149002,0.9998252230275131,-2.4616296249343453e-10,4.414710740326057,0.10117421319349665,0.0036904376666666654,0.0013235063045327193,0.0009824100095536803,0.0005149636914832194,0.0032930326916666636,4.414218560901286,0.10189323906679111,-0.0004921794247705336,0.0007190258732944627,0.0007182064159408158,0.9977268478946704,1.4739109069373663e-08,0.0001029821349776489,0.0006326790210425479,0.0006326790210425479,0.1766577705788674,1.0011409774898397,1.4705604832561933e-08]"
/multi_agv/m2b_algorithm_state,1789558522.7172172,1789558522.7172172,m2b_algorithm_state_v1:header6+3x20,"[1.0,-0.15,0.52,4.416846562099047,0.10125034232684853,1789558522.7170618,4.4154169559517635,0.10107524144404412,0.0036904376666666654,0.0015401895467114651,0.0006967185521391519,0.0005696405250486561,0.004584685874999997,4.4174553528794345,0.09768910473540135,0.002038396927670938,-0.0033861367086427674,-0.0034049066961159493,1.0112273225902557,3.8163201235512217e-07,-0.0008569105365272768,0.0060511722318346076,0.0060511722318346076,0.14192746714035165,0.9944873709771275,3.859167180686016e-07,4.416397437012774,0.10150166572592974,0.002796189458333334,-0.0009435545098795744,0.0016671198527138387,0.0007538777673839481,-0.0017884964166666626,4.416951847069405,0.1013915801966837,0.0005544100566305943,-0.00011008552924603177,-0.00011010477326540876,1.0003497651574054,-2.46086008860497e-10,0.0005829077975228341,-0.0029625507780988397,-0.0029625507780988397,0.12045300376437815,0.9998252208436904,-2.461720811721214e-10,4.415710798221071,0.10117421224043141,0.0036904376666666654,0.001323512003531768,0.0009824102273806373,0.0005149611078919202,0.0032930326916666636,4.415307642442171,0.10272252483348286,-0.000403155778900377,0.0015483125930514513,0.00154453664020448,0.9951511175242634,6.830307124521751e-08,0.0010405919165790087,-0.0030908377633493372,-0.0030908377633493372,0.17665491889688015,1.0024447156180585,6.79718776800176e-08]"
/multi_agv/m2b_algorithm_state,1789558522.7270288,1789558522.7270288,m2b_algorithm_state_v1:header6+3x20,"[1.0,-0.15,0.52,4.417840075052735,0.10125038432935213,1789558522.7269335,4.416421777998433,0.10107516751284021,0.0036904376666666654,0.001540712738562202,0.0006966694414908044,0.000569439287937842,0.004584685874999997,4.418519336867656,0.09687480206767822,0.0020975588692229152,-0.004200365445161988,-0.004229424618389033,1.014054427821265,5.8773328633974e-07,-0.0016074760318603894,0.009022828642156895,0.009022828642156895,0.14190908553555537,0.9931292845129099,5.959935413907568e-07,4.417402280459945,0.10150171086925218,0.002796189458333334,-0.0009441224566472126,0.001667155082693661,0.0007541056272109548,-0.0017884964166666626,4.418034103587001,0.10005777577729652,0.0006318231270556751,-0.0014439350919556587,-0.0014472794440258717,1.0046575400759061,-4.2401386461642136e-08,-0.0006575005352062778,0.0020247746024941817,0.0020247746024941817,0.12044146055011122,0.9976892146958779,-4.259887261836122e-08,4.416715627838763,0.1011741485984532,0.0036904376666666654,0.0013238597291615945,0.0009823933012193201,0.0005148191866859789,0.0032930326916666636,4.416628168681397,0.10249111312108378,-8.745915736607657e-05,0.0013169645226305815,0.0013142278724275623,0.9958647397078937,4.9437754737909e-08,0.0012049039257199666,-0.0035684707372879653,-0.0035684707372879653,0.17661902240553864,1.0020823254934963,4.9233316753810436e-08]"
/multi_agv/m2b_algorithm_state,1789558522.7370553,1789558522.7370553,m2b_algorithm_state_v1:header6+3x20,"[1.0,-0.15,0.52,4.418839339018241,0.101250388692815,1789558522.7368376,4.4174153040720485,0.1010752696622535,0.0036904376666666654,0.0015399880435088783,0.0006967356978126553,0.0005697189500131621,0.004584685874999997,4.419500370455761,0.0978252016736039,0.0020850663837128636,-0.003250067988649602,-0.0032673421086643196,1.0107597506626473,3.515006053901439e-07,-0.0006610091290232402,0.005305434743354306,0.005305434743354306,0.1419308252314773,0.9947130972392177,3.5528266426191145e-07,4.4183957775591605,0.10150164721827158,0.002796189458333334,-0.0009433341553855704,0.0016671075192773444,0.0007537886667583621,-0.0017884964166666626,4.418964070154474,0.09937230682642097,0.0005682925953136575,-0.002129340391850615,-0.002136651018331965,1.0069217261542376,-9.217441940217269e-08,-0.0014262852741898932,0.005033003913115197,0.005033003913115197,0.12045511247817804,0.9965784648879827,-9.281242549170037e-08,4.417709143526995,0.1011742361075313,0.0036904376666666654,0.0013233799603868317,0.0009824156642802787,0.0005150155153773118,0.0032930326916666636,4.417541763512564,0.10144373097815496,-0.00016738001443084016,0.00026949487062365163,0.0002693793617944056,0.9991436488079243,2.071003399403194e-09,6.015434375585541e-05,0.0009882496546460913,0.0009882496546460913,0.17666147729429077,1.000428796135222,2.069229893173322e-09]"
/multi_agv/m2b_algorithm_state,1789558522.7470725,1789558522.7470725,m2b_algorithm_state_v1:header6+3x20,"[1.0,-0.15,0.52,4.4198423978660735,0.10125036874786009,1789558522.7469323,4.418414569716996,0.1010752784247784,0.0036904376666666654,0.001539927498043291,0.0006967441503682884,0.0005697407973855732,0.004584685874999997,4.420565823494926,0.09877709977200413,0.002151253777930684,-0.002298178652774263,-0.0023067543824200343,1.0075275802580737,1.756398842861153e-07,0.00038231283999332066,0.0012202636902311687,0.0012202636902311687,0.1419321794608535,0.9962823395021474,1.769620276115978e-07,4.41939503931935,0.10150164334530319,0.002796189458333334,-0.0009432692120315989,0.001667100903326002,0.0007537639574645566,-0.0017884964166666626,4.420058743921006,0.10032593179830916,0.0006637046016555459,-0.0011757115469940294,-0.0011779243277054536,1.0037808805770911,-2.8081165028231087e-08,-0.0003482935756360212,0.0008150997545070548,0.0008150997545070548,0.12045596285062232,0.9981214576697515,-2.8187336559668418e-08,4.418708408018379,0.10117424430836343,0.0036904376666666654,0.001323336731727649,0.000982419092023035,0.0005150324703644873,0.0032930326916666636,4.4184269341763045,0.10036929358856864,-0.0002814738420742202,-0.0008049507197947919,-0.0008059896298209209,1.002589141913266,1.8489695405678626e-08,-0.0011578319324136962,0.0057831084521519464,0.0057831084521519464,0.17666412213726299,0.9987110131598594,1.853756785101699e-08]"
/multi_agv/m2b_algorithm_state,1789558522.7569966,1789558522.7569966,m2b_algorithm_state_v1:header6+3x20,"[1.0,-0.15,0.52,4.420841240065504,0.10125037630830226,1789558522.7568426,4.419417622538736,0.10107522901304092,0.0036904376666666654,0.0015402787023089683,0.0006967135671297692,0.000569604472756474,0.004584685874999997,4.421617552172601,0.09905712102597267,0.002199929633865061,-0.0020181079870682517,-0.002024706975247367,1.0065894441005363,1.3544501938769947e-07,0.0007252050670839591,-0.00011339932149229538,-0.00011339932149229538,0.1419200806084002,0.9967407687829448,1.3633752677165076e-07,4.420398105352887,0.10150167489663303,0.002796189458333334,-0.0009436514850508513,0.0016671224604394297,0.0007539184463188214,-0.0017884964166666626,4.421059516660769,0.10032593179830916,0.0006614113078819983,-0.0011757430983238698,-0.0011779559973858396,1.0037809817825374,-2.8094049650948955e-08,-0.00035119186253334167,0.0008249772712912338,0.0008249772712912338,0.12044836530998586,0.9981214077037844,-2.8200272740876894e-08,4.419711465706598,0.10117420233390632,0.0036904376666666654,0.0013235676333925562,0.0009824090422313244,0.0005149376110047243,0.0032930326916666636,4.419332794583803,0.09933429709542063,-0.0003786711227951045,-0.0018399052384856923,-0.0018453756463707865,1.0059876130679055,9.668571064080629e-08,-0.002318714549864667,0.01032347754577691,0.01032347754577691,0.17664049356357536,0.9970356128326217,9.726462726531891e-08]"
/multi_agv/m2b_algorithm_state,1789558522.7670412,1789558522.7670412,m2b_algorithm_state_v1:header6+3x20,"[1.0,-0.15,0.52,4.42184210150392,0.10125037079690753,1789558522.7669072,4.420416467188337,0.10107524694395206,0.0036904376666666654,0.0015401518848836633,0.0006967258892078825,0.000569653033534967,0.004584685874999997,4.422543145196052,0.09818980531962307,0.0021266780077144887,-0.0028854416243289938,-0.0028990199431130253,1.0095136527276372,2.77019324574104e-07,-0.0002406724334699144,0.0036715291151843566,0.0036715291151843566,0.14192292972251808,0.9953162382286163,2.7965479022694665e-07,4.4213969445421535,0.10150166412383507,0.002796189458333334,-0.0009435137645405836,0.0016671134299492962,0.0007538634465984184,-0.0017884964166666626,4.422095120350904,0.09914460867261281,0.0006981758087505341,-0.0023570554512222647,-0.0023660287053999043,1.007681632605807,-1.1298152324533954e-07,-0.0014933089444617367,0.005365527310185675,0.005365527310185675,0.12045015445167584,0.9962074618295372,-1.1384940579815466e-07,4.42071030846602,0.10117421785711966,0.0036904376666666654,0.0013234829658568506,0.0009824133488684607,0.0005149720709464499,0.0032930326916666636,4.4208568285471825,0.10151743059039295,0.0001465200811621159,0.00034321273327328483,0.0003430254931395122,0.9989103136585971,3.359059765976716e-09,0.000526175594592157,-0.0007013256565691979,-0.0007013256565691979,0.1766460575399682,1.0005458490331403,3.3553994444297753e-09]"
/multi_agv/m2b_algorithm_state,1789558522.7771344,1789558522.7771344,m2b_algorithm_state_v1:header6+3x20,"[1.0,-0.15,0.52,4.422843619768893,0.10125036128077984,1789558522.7770467,4.421417327007673,0.10107523309445221,0.0036904376666666654,0.0015402504784994514,0.0006967176178632065,0.0005696145996284373,0.004584685874999997,4.423435841656251,0.09796042272910982,0.0020185146485776073,-0.003114810365342391,-0.0031306605096177343,1.0102963534572054,3.2287974138923213e-07,-0.0006075171988957251,0.0050595781262298386,0.0050595781262298386,0.1419186210779411,0.9949371245375697,3.2620422533074675e-07,4.422397807885931,0.10150167313910724,0.002796189458333334,-0.0009436211625258482,0.0016671191460320145,0.0007539070265991377,-0.0017884964166666626,4.423073508002076,0.09914460867261281,0.0006757001161457055,-0.0023570644664944324,-0.002366037788836378,1.0076816618392999,-1.1299524402381821e-07,-0.001521412643654246,0.005464346723464376,0.005464346723464376,0.12044744876388895,0.9962074475799653,-1.1386323527785834e-07,4.421711169618156,0.10117420615716313,0.0036904376666666654,0.0013235475155663821,0.0009824106973549632,0.0005149454703806625,0.0032930326916666636,4.42199400863357,0.10301351875461168,0.0002828390154139271,0.0018393125974485447,0.001833995653683089,0.9942588830487956,9.637240203416587e-08,0.002187544422950498,-0.007324746073475804,-0.007324746073475804,0.17663764329661077,1.0028991037981896,9.581911680321923e-08]"
/multi_agv/m2b_algorithm_state,1789558522.7870638,1789558522.7870638,m2b_algorithm_state_v1:header6+3x20,"[1.0,-0.15,0.52,4.423842807061292,0.10125036689676416,1789558522.7869322,4.422418842302588,0.10107521022780339,0.0036904376666666654,0.0015404123418998666,0.0006967024701046035,0.000569552317650082,0.004584685874999997,4.424459681348152,0.09882094535320836,0.002040839045563736,-0.0022542648745950272,-0.0022625132860319952,1.0073801062533132,1.6904009841496713e-07,0.0002885355209226747,0.0015312691540244907,0.0015312691540244907,0.1419119846846428,0.9963543146960104,1.702876323023401e-07,4.423399329753509,0.10150168714285253,0.002796189458333334,-0.0009437969123758634,0.0016671299538462137,0.0007539775862180909,-0.0017884964166666626,4.424306324630477,0.10022726774642657,0.0009069948769679925,-0.0012744193964259604,-0.0012770212645444065,1.0041028832583783,-3.301490953764199e-08,-0.00014327766833441584,0.000133706282180188,0.000133706282180188,0.12044328120084122,0.9979625491049482,-3.315036585726085e-08,4.422712687250583,0.10117418647168358,0.0036904376666666654,0.0013236551303033623,0.0009824054932915608,0.0005149015305295312,0.0032930326916666636,4.422905922618153,0.09991125670281409,0.00019323536756932214,-0.0012629297688694918,-0.001265496016821793,1.004083312267875,4.5539679187877304e-08,-0.0010239518073601403,0.005508208733516059,0.005508208733516059,0.17662468366104647,0.9979721406324564,4.572563191858025e-08]"
/multi_agv/m2b_algorithm_state,1789558522.7970026,1789558522.7970026,m2b_algorithm_state_v1:header6+3x20,"[1.0,-0.15,0.52,4.424844191833267,0.10125035835299782,1789558522.7969034,4.423418031320107,0.10107522422988612,0.0036904376666666654,0.0015403126457871254,0.0006967110851663343,0.0005695910506597872,0.004584685874999997,4.425777878477338,0.0996480712589185,0.00235984715723081,-0.0014271529709676128,-0.0014304384370482576,1.0046289773914465,6.771001346334485e-08,0.0015193705094902548,-0.0031866291607001284,-0.0031866291607001284,0.14191361029687108,0.9977031754771465,6.80234415848412e-08,4.424398514984752,0.10150167812348122,0.002796189458333334,-0.0009436882012911832,0.0016671237703773656,0.0007539336801511975,-0.0017884964166666626,4.425379145920258,0.10043664571039104,0.0009806309355058218,-0.0010650324130901806,-0.0010668466705356615,1.0034206679547257,-2.3051510031837238e-08,0.00015894199884661578,-0.0010281394664199322,-0.0010281394664199322,0.12044430207556145,0.9982994206237997,-2.3130361593511184e-08,4.423711874879019,0.10117419833692513,0.0036904376666666654,0.001323589741051586,0.0009824082927003099,0.0005149284180764584,0.0032930326916666636,4.423648731234488,0.09712808355488925,-6.314364453086085e-05,-0.004046114782035884,-0.004073012161863816,1.013497299985467,4.682454396285468e-07,-0.004151941717527392,0.017641082931888714,0.017641082931888714,0.17662785813742798,0.9933961945707466,4.7456548879404017e-07]"
/multi_agv/m2b_algorithm_state,1789558522.8070388,1789558522.8070388,m2b_algorithm_state_v1:header6+3x20,"[1.0,-0.15,0.52,4.4258443880037,0.10125035764761553,1789558522.8069324,4.424419413391265,0.1010752039889546,0.0036904376666666654,0.0015404556195004527,0.0006966972738169375,0.0005695362614431235,0.004584685874999997,4.426755852165525,0.09938900756873366,0.0023364387742601522,-0.0016861964202209423,-0.0016907917828780832,1.0054851728585812,9.454624193205954e-08,0.001229756684947107,-0.0020441512384716965,-0.0020441512384716965,0.14190744748148404,0.9972821238524601,9.506484441218613e-08,4.42539990305864,0.10150169025799345,0.002796189458333334,-0.0009438432020592584,0.0016671336761184818,0.0007539957149869242,-0.0017884964166666626,4.426347042987666,0.09918238099779929,0.000947139929025731,-0.0023193092601941634,-0.0023279949415964656,1.00755540174197,-1.0942737310821651e-07,-0.001144070030314302,0.004119732683120934,0.004119732683120934,0.12044043184256213,0.9962690290914696,-1.1025414087361752e-07,4.424713259049897,0.10117418081204538,0.0036904376666666654,0.0013236852431005937,0.0009824034505370172,0.0005148895403540394,0.0032930326916666636,4.4248167123299,0.09928817889357458,0.00010345328000305187,-0.0018860019184707977,-0.0018917518674958658,1.0061408144671564,1.0160325444630005e-07,-0.001762435267492051,0.008381304036578859,0.008381304036578859,0.17661582374850676,0.9969605162686165,1.0222718118111407e-07]"
/multi_agv/m2b_algorithm_state,1789558522.8168929,1789558522.8168929,m2b_algorithm_state_v1:header6+3x20,"[1.0,-0.15,0.52,4.42683719269595,0.10125040361663028,1789558522.8168194,4.425419609253805,0.1010752031452876,0.0036904376666666654,0.0015404606805069325,0.0006966955472973877,0.0005695349657476255,0.004584685874999997,4.427678778777329,0.09896680997175722,0.002259169523523674,-0.0021083931735303846,-0.0021156007124108088,1.0068912358511999,1.4786139928041753e-07,0.000708361191993784,-1.2957903995999007e-05,-1.2957903995999007e-05,0.14190549745940725,0.9965931478288214,1.4888034705614733e-07,4.4264000996717785,0.1015016900150523,0.002796189458333334,-0.0009438479963790481,0.0016671350042356536,0.0007539971023102915,-0.0017884964166666626,4.427332146100325,0.09918238099779929,0.0009320464285469399,-0.00231930901725301,-0.0023279946968481732,1.0075554009544672,-1.0942790613257051e-07,-0.0011629366611644984,0.004186146194268442,0.004186146194268442,0.12043920721555967,0.996269029475487,-1.1025467783900987e-07,4.425713455085516,0.1011741797825067,0.0036904376666666654,0.0013236899897635982,0.0009824025796330467,0.0005148879358590334,0.0032930326916666636,4.425883369243228,0.1001594392313032,0.00016991415771183682,-0.0010147405512034996,-0.0010163941771213108,1.003271685005127,2.9395420452323284e-08,-0.0008040014799815148,0.004622659353222666,0.004622659353222666,0.17661201598786133,0.9983730466436804,2.9491593008636556e-08]"
/multi_agv/m2b_algorithm_state,1789558522.8269398,1789558522.8269398,m2b_algorithm_state_v1:header6+3x20,"[1.0,-0.15,0.52,4.427838940118493,0.10125039158100713,1789558522.8268356,4.426412428481862,0.10107531346092562,0.0036904376666666654,0.0015396796199373367,0.0006967691077766956,0.0005698352606973737,0.004584685874999997,4.428707694628792,0.09942167635999594,0.0022952661469304303,-0.0016536371009296807,-0.001658055620173784,1.0053772778376253,9.08824072639933e-08,0.001211027063489254,-0.001993838628342223,-0.001993838628342223,0.14192974692489566,0.9973351200102443,9.137110721840401e-08,4.427392886667393,0.101501622593611,0.002796189458333334,-0.0009429995158762904,0.0016670819143298488,0.0007536569309421759,-0.0017884964166666626,4.4284908649039245,0.10019877344239506,0.0010979782365314605,-0.0013028491512159374,-0.001305568985747067,1.004195762700889,-3.447585297270156e-08,6.690380991725858e-05,-0.0005955376677769728,-0.0005955376677769728,0.12045443536126507,0.9979167439171563,-3.4620505470685754e-08,4.426706262938595,0.1011742747953542,0.0036904376666666654,0.0013231706427864927,0.000982427891616267,0.0005150998862662845,0.0032930326916666636,4.426899841814031,0.09793710234967777,0.000193578875435918,-0.003237172445676423,-0.0032542854445823492,1.0107014231684357,2.9948090518101044e-07,-0.0030123118502874517,0.013332117360996203,0.013332117360996203,0.17665937133399978,0.9947413958617503,3.026857770782186e-07]"
/multi_agv/m2b_algorithm_state,1789558522.8372493,1789558522.8372493,m2b_algorithm_state_v1:header6+3x20,"[1.0,-0.15,0.52,4.428842185016955,0.10125037038418905,1789558522.8371105,4.42741417255233,0.10107528161139404,0.0036904376666666654,0.0015399079805694074,0.0006967522014914348,0.0005697450696450667,0.004584685874999997,4.429736458929326,0.09967908156057803,0.002322286376995386,-0.0013962000508160044,-0.001399343812509223,1.0045269981626883,6.478639763501705e-08,0.0015035141587350096,-0.0031454295927827547,-0.0031454295927827547,0.1419222971383546,0.9977534029413533,6.507968553807796e-08,4.428394637896744,0.10150164468478176,0.002796189458333334,-0.000943249410982441,0.0016670933347544548,0.0007537593113239038,-0.0017884964166666626,4.429489520728535,0.10019877344239506,0.0010948828317909332,-0.001302871242386705,-0.0013055911687968778,1.0041958336443035,-3.448615557253033e-08,6.301237094178866e-05,-0.0005820272475173144,-0.0005820272475173144,0.12044975721115075,0.9979167089398443,-3.4630853744344235e-08,4.427708009906404,0.10117424844684558,0.0036904376666666654,0.001323317619775458,0.0009824230020222483,0.0005150387208746848,0.0032930326916666636,4.427729926549685,0.09667377093799309,2.1916643281549852e-05,-0.004500477508852491,-0.004533868634824014,1.015089376425356,5.793582764299558e-07,-0.004506472830722076,0.019051858826996202,0.019051858826996202,0.17664482216009258,0.9926351800943127,5.881004315481528e-07]"
/multi_agv/m2b_algorithm_state,1789558522.8474061,1789558522.8474061,m2b_algorithm_state_v1:header6+3x20,"[1.0,-0.15,0.52,4.429844075947224,0.10125035852827174,1789558522.8473341,4.4284174109900745,0.10107522917733634,0.0036904376666666654,0.0015402807756819624,0.0006967194984827778,0.0005696004888760763,0.004584685874999997,4.4307417255530455,0.09974823876035763,0.002324314562970997,-0.0013269904169787156,-0.0013298287523854453,1.0042992419135504,5.853410534186422e-08,0.0015755644513283011,-0.003431819602910145,-0.003431819602910145,0.1419095406049316,0.9978656384127368,5.8785757620922134e-08,4.4293978905096285,0.10150167813740518,0.002796189458333334,-0.0009436554103037409,0.0016671164780195369,0.0007539232596484036,-0.0017884964166666626,4.430560469390107,0.09929108726522419,0.0011625788804785486,-0.0022105908721809925,-0.002218474882938353,1.007192423993988,-9.938206357357796e-08,-0.0007652512823401671,0.002739188418478319,0.002739188418478319,0.12044174632843482,0.9964462023807463,-1.000968615121966e-07,4.428711253551163,0.10117420383782562,0.0036904376666666654,0.001323563065113623,0.0009824122486028928,0.0005149379233985057,0.0032930326916666636,4.428618409035026,0.09629666346739767,-9.284451613744693e-05,-0.004877540370427952,-0.004916872165878267,1.0164225530855056,6.807890149410778e-07,-0.005032927811050076,0.021028838920518888,0.021028838920518888,0.17661991101545307,0.9920006471343169,6.919693086789767e-07]"
/multi_agv/m2b_algorithm_state,1789558522.8570888,1789558522.8570888,m2b_algorithm_state_v1:header6+3x20,"[1.0,-0.15,0.52,4.430837217514541,0.1012504023915552,1789558522.8569767,4.429419298146816,0.10107520094266123,0.0036904376666666654,0.0015404805249322777,0.0006967003233043555,0.0005695238798100021,0.004584685874999997,4.431779280298988,0.09985541121190647,0.0023599821521722575,-0.0012197897307547612,-0.0012221860649865377,1.0039471549227459,4.9461596173260384e-08,0.0017277916252287841,-0.004019667120407551,-0.004019667120407551,0.14190158439584266,0.9980393048976525,4.965682875608254e-08,4.430399786043653,0.10150169522959113,0.002796189458333334,-0.0009438723329603113,0.0016671302892889983,0.0007540101039581332,-0.0017884964166666626,4.431553258730469,0.09929108726522419,0.0011534726868163148,-0.002210607964366937,-0.0022184920962459763,1.0071924793435447,-9.94064395232341e-08,-0.0007766512377255829,0.0027791276003869933,0.0027791276003869933,0.12043674976584176,0.9964461753583073,-1.0012141828612029e-07,4.429713143651201,0.10117417941256289,0.0036904376666666654,0.0013236964280776216,0.000982405594277847,0.0005148835770589647,0.0032930326916666636,4.429757271794146,0.09824020620930655,4.412814294507683e-05,-0.002933973203256335,-0.0029479986721846173,1.0096661986477777,2.460582031283393e-07,-0.0028928384935032712,0.012791452546112528,0.012791452546112528,0.17660437524999137,0.995242376103959,2.484366505986931e-07]"
/multi_agv/m2b_algorithm_state,1789558522.8670783,1789558522.8670783,m2b_algorithm_state_v1:header6+3x20,"[1.0,-0.15,0.52,4.4318428391317655,0.10125036561422451,1789558522.866921,4.430412453516468,0.10107530641998903,0.0036904376666666654,0.0015397336597662505,0.000696770235942167,0.0005698112498902284,0.004584685874999997,4.432320120738685,0.10034154618485232,0.0019076672222162472,-0.0007337602351367156,-0.0007346241950570419,1.0023614006919908,1.7883445689446572e-08,0.0016499598327132672,-0.003972879719744088,-0.003972879719744088,0.14192463829216864,0.9988239430090384,1.792567567047281e-08,4.431392910826395,0.10150163061168899,0.002796189458333334,-0.0009430611128244722,0.0016670799355633648,0.0007536846604013492,-0.0017884964166666626,4.432104870848779,0.09956718094112664,0.0007119600223832734,-0.0019344496705623465,-0.0019404744426728738,1.0062744012076994,-7.604198898627108e-08,-0.001050524414693782,0.003625604460449644,0.003625604460449644,0.12045122738207464,0.996895206668,-7.65191069338024e-08,4.430706288200759,0.10117427014298759,0.0036904376666666654,0.0013232003831427385,0.0009824296072312505,0.0005150861026393806,0.0032930326916666636,4.430725725287891,0.09896974443185144,1.9437087131812802e-05,-0.002204525711136149,-0.002212400724739772,1.0072036953602301,1.3879893302115048e-07,-0.002188104365825006,0.01001403073395335,0.01001403073395335,0.17664939430494694,0.9964405121027299,1.3979879825095985e-07]"
/multi_agv/m2b_algorithm_state,1789558522.8770385,1789558522.8770385,m2b_algorithm_state_v1:header6+3x20,"[1.0,-0.15,0.52,4.432839473759997,0.10125038728961626,1789558522.8769448,4.431418063831277,0.10107521599725049,0.0036904376666666654,0.0015403760298350064,0.0006967130536521529,0.0005695625524375744,0.004584685874999997,4.43333140259176,0.10031021832898872,0.00191333876048283,-0.0007649976682617687,-0.0007659369769438519,1.0024628016783692,1.944705108342233e-08,0.0016257364736596857,-0.0038718348132208294,-0.0038718348132208294,0.14190345802417378,0.9987736475580129,1.9494945313469916e-08,4.432398545997705,0.10150168781762664,0.002796189458333334,-0.0009437603633770664,0.0016671205978182613,0.0007539666102063663,-0.0017884964166666626,4.43309556967577,0.09956718094112664,0.000697023678065456,-0.0019345068765,-0.001940532002907043,1.0062745859876852,-7.610285553034352e-08,-0.001069252405325223,0.003690953515968251,0.003690953515968251,0.12043792643572356,0.996895116185656,-7.658036944127704e-08,4.4317119075663145,0.10117419302779643,0.0036904376666666654,0.0013236241272207598,0.0009824106196854926,0.000514912302674214,0.0032930326916666636,4.431766747820235,0.09959448260780406,5.484025392021863e-05,-0.0015797104199923723,-0.0015837351090307007,1.005125810715363,7.126384309124441e-08,-0.0015151847916304274,0.007379208032839158,0.007379208032839158,0.1766080337364324,0.9974587359872374,7.162912806177946e-08]"
/multi_agv/m2b_algorithm_state,1789558522.8870034,1789558522.8870034,m2b_algorithm_state_v1:header6+3x20,"[1.0,-0.15,0.52,4.433840843701993,0.10125037823091787,1789558522.8869226,4.4324147052601,0.10107526813261675,0.0036904376666666654,0.0015400069574426647,0.0006967475184035613,0.0005697046032041405,0.004584685874999997,4.434305745789112,0.09994621163621886,0.0018910405290126775,-0.0011290564963978844,-0.0011311081847175256,1.003649807169655,4.236127673814986e-08,0.0012326924765483213,-0.0023121699642815,-0.0023121699642815,0.1419141305755341,0.9981861254764471,4.251588722970449e-08,4.433395172353978,0.10150165589568566,0.002796189458333334,-0.0009433596384823681,0.0016670957819435728,0.0007538058182082197,-0.0017884964166666626,4.434424417569384,0.10010430054001943,0.0010292452154061493,-0.0013973553556662355,-0.0014004863181733417,1.0045049240147976,-3.9676550284023767e-08,-0.00011392979891565501,8.510399900556014e-05,8.510399900556014e-05,0.12044462880410899,0.9977643747986129,-3.985529012822259e-08,4.432708543665913,0.10117423784054635,0.0036904376666666654,0.0013233791949083008,0.0009824224693704142,0.0005150123075595078,0.0032930326916666636,4.43245059255168,0.09714035057130727,-0.00025795111423310146,-0.004033887269239089,-0.004060619857213734,1.0134546643150462,4.6534193329929976e-07,-0.0043830587500051105,0.018444571273938098,0.018444571273938098,0.17662887412010173,0.993416623837084,4.716029528035564e-07]"
/multi_agv/m2b_algorithm_state,1789558522.897645,1789558522.897645,m2b_algorithm_state_v1:header6+3x20,"[1.0,-0.15,0.52,4.434838002221966,0.10125039620485249,1789558522.8975475,4.433416072495022,0.10107524517195614,0.0036904376666666654,0.001540170856232387,0.0006967338791266536,0.0005696406543428371,0.004584685874999997,4.435613582408578,0.10012439550678229,0.0021975099135564946,-0.0009508496651738502,-0.0009523028484407212,1.0030675571628407,3.004379457847441e-08,0.001794584543504897,-0.00438239347295,-0.00438239347295,0.14190802026232527,0.9984740324265012,3.013595563573252e-08,4.43439654547501,0.10150167105248172,0.002796189458333334,-0.0009435386778129514,0.0016671053190506768,0.000753878464691507,-0.0017884964166666626,4.435422716215386,0.10010430054001943,0.0010261707403760312,-0.0013973705124622898,-0.001400501542609625,1.0045049727314608,-3.968493899929584e-08,-0.00011778811713958597,9.856043793178863e-05,9.856043793178863e-05,0.12044079156245237,0.9977643508042833,-3.9863718567337356e-08,4.433709913135947,0.10117421846831579,0.0036904376666666654,0.0013234864257082655,0.0009824181819837463,0.0005149680573270452,0.0032930326916666636,4.433955741807685,0.09820372770677518,0.00024582867173794654,-0.0029704907615406007,-0.002984871478559498,1.0097905138355139,2.5218730770899745e-07,-0.002677585638887065,0.012050042926764124,0.012050042926764124,0.1766169422595014,0.9951821319201867,2.5465635103426336e-07]"
/multi_agv/m2b_algorithm_state,1789558522.9072902,1789558522.9072902,m2b_algorithm_state_v1:header6+3x20,"[1.0,-0.15,0.52,4.435839997763228,0.10125038288740944,1789558522.907208,4.434413236772622,0.10107528745656501,0.0036904376666666654,0.00153987251966416,0.0006967631442364559,0.0005697547486597231,0.004584685874999997,4.436629955579874,0.100191000932874,0.0022167188072517163,-0.0008842865236910052,-0.0008855427400488026,1.0028506712033265,2.5978438312050306e-08,0.0018853557690158428,-0.004735209753108389,-0.004735209753108389,0.1419168365278496,0.9985814164568407,2.605249429805386e-08,4.435393696906583,0.10150164601664174,0.002796189458333334,-0.0009432154899197192,0.0016670840538486331,0.0007537494353677954,-0.0017884964166666626,4.436264805233257,0.09939534142053345,0.0008711083266748076,-0.002106304596108291,-0.0021134566582632595,1.0068450670892761,-9.017815572354868e-08,-0.00102457124991975,0.0036080130783889153,0.0036080130783889153,0.12044632809247717,0.9966159409387434,-9.079543124946357e-08,4.434707072986694,0.10117425514135069,0.0036904376666666654,0.0013232869810567596,0.0009824285526622853,0.000515049114415426,0.0032930326916666636,4.435274630107826,0.10043211996042672,0.0005675571211316566,-0.0007421351809239612,-0.0007430178530700851,1.0023853993871867,1.5715279028080762e-08,-3.357145165551435e-05,0.0017753005750207862,0.0017753005750207862,0.17663415830795945,0.9988120444986932,1.5752766245043813e-08]"
/multi_agv/m2b_algorithm_state,1789558522.9173584,1789558522.9173584,m2b_algorithm_state_v1:header6+3x20,"[1.0,-0.15,0.52,4.436836840988995,0.101250402726648,1789558522.9172504,4.4354152283264785,0.10107525369636089,0.0036904376666666654,0.0015401135146626095,0.0006967430936489548,0.000569660716630979,0.004584685874999997,4.437633817211663,0.10024189487957916,0.002218588885184225,-0.0008333588167817318,-0.0008344740761811391,1.0026849521006613,2.3075118179345622e-08,0.0019387620302991422,-0.004948010165013518,-0.004948010165013518,0.14190850873998873,0.9986635182191507,2.3137073766374265e-08,4.436395697133799,0.10150166830242784,0.002796189458333334,-0.0009434787683722029,0.0016670981117128392,0.0007538562450551956,-0.0017884964166666626,4.437252532622671,0.09939534142053345,0.0008568354888724983,-0.0021063268818943826,-0.0021134790944525674,1.0068451391880817,-9.020522793329e-08,-0.0010424347333619446,0.003670695630658977,0.003670695630658977,0.12044109831667697,0.9966159056993001,-9.082269527398601e-08,4.435709067829406,0.10117422666343959,0.0036904376666666654,0.0013234446097013211,0.0009824222520050446,0.0005149840659104373,0.0032930326916666636,4.4364532074920096,0.10246080717667667,0.0007441396626033381,0.0012865805132370872,0.001283968083607964,0.9959587507703069,4.716912051986787e-08,0.002214142661862137,-0.007153632038606734,-0.007153632038606734,0.1766178960720633,1.0020346530902717,4.6978498347901656e-08]"
/multi_agv/m2b_algorithm_state,1789558522.9272583,1789558522.9272583,m2b_algorithm_state_v1:header6+3x20,"[1.0,-0.15,0.52,4.437837192960848,0.1012503996983266,1789558522.9271054,4.436412077915621,0.1010753001762215,0.0036904376666666654,0.001539785837690232,0.0006967754975891081,0.0005697858961389437,0.004584685874999997,4.438612961773566,0.09991290107094462,0.002200883857944369,-0.001162399105276879,-0.0011645743069946823,1.0037590033293817,4.489476128010712e-08,0.001586530515435779,-0.003547867783285369,-0.003547867783285369,0.14191844265088563,0.9981321915615528,4.5063520837230835e-08,4.437392532509468,0.10150164097151636,0.002796189458333334,-0.000943124044497715,0.00166707456141868,0.0007537147346050876,-0.0017884964166666626,4.438451198125054,0.1006807733242696,0.0010586656155862073,-0.0008208676472467591,-0.0008219434135717172,1.0026291831622134,-1.3683211545890368e-08,0.0005013886059110419,-0.0023494270296669116,-0.0023494270296669116,0.12044733670261544,0.9986911917448388,-1.3719187215291827e-08,4.436705912541895,0.10117426703220612,0.0036904376666666654,0.001323225304614711,0.000982433805620398,0.000515073116411443,0.0032930326916666636,4.437269874986783,0.10048425074810569,0.0005639624448878777,-0.0006900162841004392,-0.0006907790321970621,1.0022165697610028,1.3584350423538515e-08,1.41740239127851e-05,0.0015828383033855936,0.0015828383033855936,0.17663729481051424,0.9988958146367054,1.3614461083910196e-08]"
/multi_agv/m2b_algorithm_state,1789558522.937349,1789558522.937349,m2b_algorithm_state_v1:header6+3x20,"[1.0,-0.15,0.52,4.438840960691635,0.1012503749786932,1789558522.93722,4.437412429201954,0.10107529052658724,0.0036904376666666654,0.0015398568089100336,0.0006967722782716731,0.0005697568076021339,0.004584685874999997,4.4385387630750115,0.09942357102855556,0.0011263338730573835,-0.0016517194980316813,-0.0016561277132400793,1.0053709278483631,9.068207751235463e-08,-0.00024821037191834986,0.0031549829669130433,0.0031549829669130433,0.141915940074704,0.9973382395734604,9.116912440781316e-08,4.438392885097806,0.10150164906064049,0.002796189458333334,-0.0009432032073166344,0.0016670764108743796,0.0007537480869416746,-0.0017884964166666626,4.439451398783228,0.1006807733242696,0.001058513685421758,-0.0008208757363708935,-0.0008219515238460753,1.0026292090248812,-1.3684629342204944e-08,0.0005011905829311223,-0.0023488015877617787,-0.0023488015877617787,0.12044576514175338,0.9986911789272584,-1.3720609093173623e-08,4.437706264582784,0.10117425950775207,0.0036904376666666654,0.0013232690551852745,0.0009824334983920217,0.0005150543120822685,0.0032930326916666636,4.438101645144473,0.09868381727183748,0.00039538056168897384,-0.002490442235914589,-0.002500514071272781,1.0081641826508292,1.7717926509606726e-07,-0.002006288369161564,0.009492949470379921,0.009492949470379921,0.1766324077118527,0.9959720941090062,1.7862578897825124e-07]"
/multi_agv/m2b_algorithm_state,1789558522.9470787,1789558522.9470787,m2b_algorithm_state_v1:header6+3x20,"[1.0,-0.15,0.52,4.43984165940542,0.10125037065881463,1789558522.9468994,4.438416189276105,0.10107522962793566,0.0036904376666666654,0.0015402898619268864,0.0006967337107582237,0.0005695891579478168,0.004584685874999997,4.439475049686615,0.09852465736415734,0.00105886041050951,-0.0025505722637783196,-0.0025611551344200604,1.0083780080663467,2.1642382199354007e-07,-0.0012375796212831728,0.00703114337229788,0.00703114337229788,0.14190133187461534,0.995867930646014,2.1823702251995154e-07,4.4393966620006475,0.10150168776878456,0.002796189458333334,-0.0009436752087654196,0.0016671039270379495,0.0007539383702740987,-0.0017884964166666626,4.439128287364361,0.09984283020048733,-0.00026837463628659464,-0.0016588575682972284,-0.0016632787665463236,1.0053638009016237,-5.594480171968504e-08,-0.001998747061904567,0.006852352340824921,0.006852352340824921,0.12043659117636782,0.9973418777789874,-5.6244878497590245e-08,4.438710030798152,0.10117420753935935,0.0036904376666666654,0.0013235549585788064,0.0009824207788820434,0.0005149370002973178,0.0032930326916666636,4.438002664939974,0.10146046937807922,-0.0007073658581777664,0.0002862618387198673,0.0002861315261863234,0.9990905425538134,2.337001774010019e-09,-0.0005980757965358846,0.00331993740360801,0.00331993740360801,0.1766038821744251,1.0004554287857783,2.334876370344894e-09]"
/multi_agv/m2b_algorithm_state,1789558522.9568923,1789558522.9568923,m2b_algorithm_state_v1:header6+3x20,"[1.0,-0.15,0.52,4.440838292358948,0.10125039225218496,1789558522.9568434,4.439416886496204,0.10107521957590479,0.0036904376666666654,0.001540361098014532,0.000696726278911619,0.0005695621457243671,0.004584685874999997,4.441142129572654,0.09779197079320949,0.001725243076450056,-0.0032832487826953,-0.0033008818208192783,1.0108736474760638,3.5880896380546e-07,-0.0011443279752567084,0.007015400677119236,0.007015400677119236,0.14189760119785455,0.9946580825727346,3.627105259891323e-07,4.440397362556243,0.10150169373188891,0.002796189458333334,-0.0009437530075697238,0.001667109452468729,0.0007539692192228831,-0.0017884964166666626,4.440122530953824,0.09984283020048733,-0.0002748316024190345,-0.001658863531401586,-0.0016632847612802286,1.0053638201142063,-5.5949814877519895e-08,-0.0020068242643040217,0.006880781054090003,0.006880781054090003,0.12043424821871704,0.9973418683429529,-5.6249919619946056e-08,4.439710729163813,0.10117419866865016,0.0036904376666666654,0.0013236034172538704,0.0009824181830767834,0.0005149173455801324,0.0032930326916666636,4.439235600371171,0.10391128299449216,-0.00047512879264210994,0.002737084325842007,0.002725390212286535,0.9915439190905994,2.1327739743061786e-07,0.0021314792214838976,-0.0075574628611728475,-0.0075574628611728475,0.17659659775100867,1.0042908033876226,2.1147390650179815e-07]"
/multi_agv/m2b_algorithm_state,1789558522.9669247,1789558522.9669247,m2b_algorithm_state_v1:header6+3x20,"[1.0,-0.15,0.52,4.441836948360564,0.10125040035731643,1789558522.9667726,4.44041352615063,0.10107527159380505,0.0036904376666666654,0.001539993002120711,0.0006967603836379507,0.0005697039604857096,0.004584685874999997,4.442166152499212,0.0982517693738325,0.001752626348581643,-0.0028235022199725596,-0.0028364977908850613,1.0093029626060053,2.65215843080257e-07,-0.0006457148551580077,0.0050674069511703525,0.0050674069511703525,0.14190827879627954,0.9954184449026322,2.676831361509528e-07,4.44139398736995,0.10150166185984281,0.002796189458333334,-0.000943353671362673,0.0016670850330076092,0.0007538088229735451,-0.0017884964166666626,4.442129641505494,0.10198004431548828,0.0007356541355436619,0.0004783824556454652,0.0004780206717112718,0.9984902128212451,-4.644131977286358e-09,0.001397588341140849,-0.0061287347699613085,-0.0061287347699613085,0.12044095390985345,1.0007568374248301,-4.6371203263706055e-09,4.440707363556262,0.10117424330290703,0.0036904376666666654,0.0013233595306468763,0.0009824299173299082,0.0005150169572353605,0.0032930326916666636,4.440595210325819,0.10291657278768707,-0.00011215323044311276,0.0017423294847800364,0.001737554953119285,0.9945555784042169,8.647119918049728e-08,0.001597363415065394,-0.005170280420622729,-0.005170280420622729,0.17661744705035567,1.002747844983078,8.600041351626573e-08]"
/multi_agv/m2b_algorithm_state,1789558522.9769151,1789558522.9769151,m2b_algorithm_state_v1:header6+3x20,"[1.0,-0.15,0.52,4.442841030804189,0.10125037362093314,1789558522.976803,4.441412184829761,0.10107528959211587,0.0036904376666666654,0.001539867375693428,0.0006967742023558541,0.0005697512265504049,0.004584685874999997,4.443172907196607,0.09817455517855216,0.0017607223668463234,-0.002900734413563713,-0.0029144586128762033,1.0095657099289033,2.7991449926822234e-07,-0.000713555654318299,0.005339008253386644,0.005339008253386644,0.14191178735059196,0.9952909952977694,2.8259208017311635e-07,4.442392639981324,0.10150165223753636,0.002796189458333334,-0.000943218775257275,0.001667074862281126,0.000753755640659784,-0.0017884964166666626,4.443146666255802,0.10198004431548828,0.0007540262744782922,0.00047839207795191685,0.0004780302794426421,0.9984901824208037,-4.643654857676765e-09,0.0014205631225405074,-0.006210302119366329,-0.006210302119366329,0.1204431572826852,1.0007568527033404,-4.636643785940924e-09,4.441706020270606,0.10117425924229707,0.0036904376666666654,0.0013232741328300947,0.0009824351877927746,0.0005150512323987689,0.0032930326916666636,4.441338629185542,0.0998168291411454,-0.000367391085063673,-0.001357430101151677,-0.0013603968734157443,1.004393529336392,5.2597989956584673e-08,-0.0018196357297453356,0.008359682394386942,0.008359682394386942,0.1766242983369582,0.9978191862080528,5.2829080768494175e-08]"
/multi_agv/m2b_algorithm_state,1789558522.987241,1789558522.987241,m2b_algorithm_state_v1:header6+3x20,"[1.0,-0.15,0.52,4.443849570552723,0.10125031905932558,1789558522.9871101,4.442416258949421,0.10107522399319603,0.0036904376666666654,0.001540333594262604,0.0006967322797850168,0.0005695709461335877,0.004584685874999997,4.444705747466453,0.09810053923494681,0.0022894885170323676,-0.0029746847582492186,-0.0029891256730904055,1.0098177211195833,2.94471803624689e-07,-0.00012726502679994605,0.0033125442783482396,0.0033125442783482396,0.14189606482560527,0.9951688498843688,2.973628456702569e-07,4.443396732424545,0.10150169369566293,0.002796189458333334,-0.0009437267462982877,0.0016671048610668038,0.0007539602241893872,-0.0017884964166666626,4.4445240877790395,0.10116172021284459,0.001127355354494597,-0.00033997348281834816,-0.00034015734024493146,1.0010829904160408,-2.3478224736576466e-09,0.0010690368528733147,-0.004581415316977038,-0.004581415316977038,0.12043328332717729,0.9994594929909467,-2.350365142895183e-09,4.442710101038602,0.10117420317394045,0.0036904376666666654,0.001323582316771116,0.00098242127043613,0.0005149248859343393,0.0032930326916666636,4.4431499509314385,0.10174243425408303,0.00043984989283618603,0.0005682310801425755,0.0005677187110280472,0.9982004939022516,9.2066998198174e-09,0.0011175310770732798,-0.0029077874208071224,-0.0029077874208071224,0.1765935979288599,1.000902505245248,9.1901323073515e-09]"
/multi_agv/m2b_algorithm_state,1789558522.997013,1789558522.997013,m2b_algorithm_state_v1:header6+3x20,"[1.0,-0.15,0.52,4.444841991298266,0.10125036877991193,1789558522.9968953,4.443424781181048,0.10107509458490438,0.0036904376666666654,0.001541248618644406,0.0006966435769953704,0.0005692204596771025,0.004584685874999997,4.44569746642325,0.0982900309667624,0.0022726852422021437,-0.0027850636181419725,-0.0027977041365964375,1.0091723794410417,2.582479670435973e-07,4.315241615624214e-05,0.002631233771484922,0.002631233771484922,0.14191295756382077,0.9954818244398626,2.6061671538719883e-07,4.444405293625388,0.10150177151798624,0.002796189458333334,-0.0009447202006661447,0.001667169217995479,0.000754357375981965,-0.0017884964166666626,4.445533670012004,0.10116172021284459,0.0011283763866165586,-0.00034005130514165594,-0.00034023524666484657,1.001083238135568,-2.351369419823858e-09,0.0010702352366058518,-0.004586621921179437,-0.004586621921179437,0.1204439308786257,0.99945936958327,-2.3539165128502196e-09,4.443718636851732,0.10117409107508614,0.0036904376666666654,0.0013241937707527689,0.0009823903114588367,0.0005146759480512933,0.0032930326916666636,4.444327568897215,0.10350038915357379,0.0006089320454831793,0.0023262980784876514,0.0023178242944702923,0.9927791278693253,1.541797333204819e-07,0.0030789893513242664,-0.010749392687222588,-0.010749392687222588,0.1766267085549287,1.0036559216492704,1.530664211810332e-07]"
/multi_agv/m2b_algorithm_state,1789558523.006979,1789558523.006979,m2b_algorithm_state_v1:header6+3x20,"[1.0,-0.15,0.52,4.4458419255747685,0.10125036949715573,1789558523.0068543,4.444417216942872,0.10107521815556186,0.0036904376666666654,0.001540369895891536,0.0006967195598873487,0.0005695618270822153,0.004584685874999997,4.446714787987581,0.09861537253804786,0.002297571044708846,-0.0024598456175140004,-0.0024696822779177274,1.0080717665001897,2.0129931068796336e-07,0.00040228152796833007,0.0012228428980182976,0.0012228428980182976,0.14189015236910593,0.9960170340566963,2.0292415172048574e-07,4.445397696477235,0.10150169230575934,0.002796189458333334,-0.0009437634426404679,0.0016671155369047952,0.0007539705775422428,-0.0017884964166666626,4.446664525836318,0.10262049515530232,0.001266829359082955,0.0011188028495429797,0.001116833622796992,0.9964947096149032,-2.5400986107431047e-08,0.002700370321650686,-0.01107282845311463,-0.01107282845311463,0.12042957004901303,1.0017632230135192,-2.531194827505669e-08,4.444711060474693,0.10117419587841457,0.0036904376666666654,0.0013236168966419205,0.0009824151664067143,0.0005149130719068673,0.0032930326916666636,4.4454292825070505,0.10334049910019624,0.0007182220323578292,0.002166303221781671,0.002158946031052938,0.993263449069616,1.3365878187070656e-07,0.0030567235715002247,-0.010591319856454055,-0.010591319856454055,0.17658205391739026,1.0034077696352348,1.3275838267934145e-07]"
/multi_agv/m2b_algorithm_state,1789558523.0170372,1789558523.0170372,m2b_algorithm_state_v1:header6+3x20,"[1.0,-0.15,0.52,4.446838994351118,0.10125038834903109,1789558523.0168827,4.445417151324123,0.10107522045234069,0.0036904376666666654,0.0015403532428183916,0.0006967201282993328,0.0005695687498355721,0.004584685874999997,4.447734390594307,0.0987051555029846,0.0023172392701837907,-0.002370064949356085,-0.0023791905023100722,1.0077693195239381,1.8686018777513524e-07,0.0005173585854196662,0.0007775848633584435,0.0007775848633584435,0.1418891307472792,0.996164429479217,1.8831196428026335e-07,4.446397630679668,0.10150169042708564,0.002796189458333334,-0.000943745209733263,0.0016671153146985418,0.0007539627897897028,-0.0017884964166666626,4.44769039275596,0.10262049515530232,0.0012927620762921421,0.0011188047282166824,0.0011168354948350057,0.9964947037141495,-2.5400580864196447e-08,0.002732788090200183,-0.011188344921827397,-0.011188344921827397,0.12042892842248923,1.0017632259995173,-2.5311544302434734e-08,4.445710994720514,0.10117419761204088,0.0036904376666666654,0.0013236069668966983,0.0009824151962352983,0.0005149173605419766,0.0032930326916666636,4.446288865672661,0.10148340088442985,0.0005778709521466752,0.0003092032723889665,0.000309051262392862,0.9990179129609782,2.726655783453341e-09,0.001031389952576206,-0.002481113968101478,-0.002481113968101478,0.17658005929076384,1.000491860136495,2.7239779701485374e-09]"
/multi_agv/m2b_algorithm_state,1789558523.026964,1789558523.026964,m2b_algorithm_state_v1:header6+3x20,"[1.0,-0.15,0.52,4.447838569853009,0.10125039071766373,1789558523.026815,4.446414225990326,0.10107526583772634,0.0036904376666666654,0.001540031949297535,0.0006967500385810506,0.000569692459445839,0.004584685874999997,4.448321631160846,0.09866270406034926,0.0019074051705203487,-0.002412561777377087,-0.002422020535882242,1.0079124002978799,1.9358629590924062e-07,-3.776407273180628e-05,0.0027498614494428095,0.0027498614494428095,0.14189826263987065,0.9960946827803381,1.9511802817465836e-07,4.447394692303715,0.10150166259347192,0.002796189458333334,-0.0009433963523031962,0.0016670938577902916,0.0007538227333224873,-0.0017884964166666626,4.4481588039089,0.10183745614507023,0.0007641116051848584,0.0003357935515983096,0.0003356151030887961,0.9989385060163449,-2.2885599170136657e-09,0.0012907546095698693,-0.005682259344328946,-0.005682259344328946,0.12043466361177463,1.000531705837643,-2.2861306244305213e-09,4.446708064759314,0.101174236615895,0.0036904376666666654,0.0013233937454863271,0.0009824254592849975,0.0005150044452897603,0.0032930326916666636,4.446738421256537,0.10075272471343345,3.035649722349376e-05,-0.00042151190246154935,-0.0004217959570620559,1.0013499345658874,5.068909268199632e-09,-0.0003838503355326887,0.002873438457670377,0.002873438457670377,0.17659788920689326,0.9993265592148272,5.075751964032121e-09]"
/multi_agv/m2b_algorithm_state,1789558523.0369716,1789558523.0369716,m2b_algorithm_state_v1:header6+3x20,"[1.0,-0.15,0.52,4.44883821918591,0.10125039255108355,1789558523.0368414,4.44741380237169,0.10107527031200951,0.0036904376666666654,0.0015400016272008477,0.000696754641748498,0.000569703208493491,0.004584685874999997,4.449304528842026,0.098712011528737,0.001890726470335835,-0.0023632587832725094,-0.0023723315288322147,1.0077464106854037,1.8574522418277967e-07,-8.923440912420814e-06,0.002626515228807744,0.002626515228807744,0.141898512245199,0.9961755996371336,1.8718408297215186e-07,4.448394266629734,0.10150166096173906,0.002796189458333334,-0.0009433644326771965,0.001667090330172094,0.0007538107322260096,-0.0017884964166666626,4.449165675923555,0.10204152919704154,0.0007714092938213568,0.0005398682353024847,0.000539407690505577,0.9982973543363262,-5.9144668412300136e-09,0.001503669307782273,-0.0065348726970563395,-0.0065348726970563395,0.12043482038192739,1.000853797239109,-5.904396599909851e-09,4.4477076405576055,0.1011742408792426,0.0036904376666666654,0.0013233717659901466,0.000982427438990064,0.0005150129427976867,0.0032930326916666636,4.447679952503568,0.10009106114298955,-2.7688054037078302e-05,-0.0010831797362530482,-0.0010850649133850884,1.0034950414360673,3.348778640354884e-08,-0.0011196749809314363,0.005768522990506817,0.005768522990506817,0.17659837662537956,0.998262613500091,3.360482760463142e-08]"
/multi_agv/m2b_algorithm_state,1789558523.047025,1789558523.047025,m2b_algorithm_state_v1:header6+3x20,"[1.0,-0.15,0.52,4.449838905254019,0.10125038774286198,1789558523.0469165,4.448413452422798,0.10107527337770257,0.0036904376666666654,0.00153998143686503,0.000696758458377466,0.0005697099749612546,0.004584685874999997,4.450284690457354,0.09858009597117692,0.001871238034556022,-0.0024951774065256477,-0.0025053013546771103,1.0081909481355407,2.0707604052277328e-07,-0.0001662538114820828,0.003238354773786822,0.003238354773786822,0.14189850024354378,0.995958989870595,2.0877218963080845e-07,4.449393914971736,0.10150166031083739,0.002796189458333334,-0.0009433436714597829,0.0016670873574788914,0.0007538032792615279,-0.0017884964166666626,4.4501857230864115,0.1016540938597201,0.0007918081146751632,0.00015243354888271055,0.00015239672472418364,0.9995171287007208,-4.716399872250414e-10,0.0011421568680681376,-0.005068808033739895,-0.005068808033739895,0.12043481283258069,1.000241633529812,-4.71412245811618e-10,4.448707290163195,0.10117424396471068,0.0036904376666666654,0.0013233563758487479,0.000982429194796586,0.0005150187005417231,0.0032930326916666636,4.44900781048477,0.10262464139137652,0.00030052032157446007,0.0014503974266658337,0.0014470814958714923,0.9954526881156476,5.993451326376521e-08,0.0018227318978395674,-0.005835977464538603,-0.005835977464538603,0.17659835314144093,1.002291460988066,5.966197233931801e-08]"
/multi_agv/m2b_algorithm_state,1789558523.0569437,1789558523.0569437,m2b_algorithm_state_v1:header6+3x20,"[1.0,-0.15,0.52,4.450838461991933,0.10125039027932183,1789558523.0568228,4.449414137098286,0.10107526054672346,0.0036904376666666654,0.0015400737827693358,0.0006967515967536634,0.0005696735159189835,0.004584685874999997,4.451408620985602,0.09929986286045306,0.0019944838873167114,-0.0017753976862703996,-0.0017804955256834685,1.0057811424713863,1.0479424170702533e-07,0.0007126093334624208,-0.00017929363397527643,-0.00017929363397527643,0.14189481452137445,0.9971368423343203,1.0540007214851454e-07,4.45039460262132,0.10150166934708363,0.002796189458333334,-0.0009434451819436236,0.0016670921019041884,0.0007538448126649666,-0.0017884964166666626,4.451161162804484,0.10119453218544351,0.0007665601831634561,-0.00030713716164011695,-0.0003072871812422819,1.0009780256492362,-1.9155807128387645e-09,0.0006509130477120382,-0.003113596173806746,-0.003113596173806746,0.12043249808431544,0.9995117934905112,-1.917454199909103e-09,4.4497079760424505,0.10117423333477883,0.0036904376666666654,0.0013234159349171438,0.0009824272689975544,0.0005149938857457398,0.0032930326916666636,4.45000915814574,0.10239023174572841,0.00030118210328922146,0.0012159984109495758,0.0012136635077519495,0.9961773825945455,4.213691415753489e-08,0.0015901411368634763,-0.0048950445077578855,-0.0048950445077578855,0.17659115666127811,1.0019238472465497,4.197584085606415e-08]"
/multi_agv/m2b_algorithm_state,1789558523.0671105,1789558523.0671105,m2b_algorithm_state_v1:header6+3x20,"[1.0,-0.15,0.52,4.451839029236155,0.1012503863169691,1789558523.0670023,4.450413694700187,0.1010752657075324,0.0036904376666666654,0.0015400384256523758,0.0006967561714159131,0.0005696864622640047,0.004584685874999997,4.45243830643031,0.09938251843566163,0.002024611730123027,-0.0016927472718707703,-0.0016973786343706658,1.0055068843699264,9.525687741867058e-08,0.000833386028283118,-0.0006430005998554968,-0.0006430005998554968,0.1418951306090942,0.9972714617669188,9.578144602805546e-08,4.451394158227268,0.10150166707240134,0.002796189458333334,-0.000943407809026367,0.001667088706005515,0.0007538303792385403,-0.0017884964166666626,4.452217587670892,0.10190657061004675,0.0008234294436233469,0.0004049035376454124,0.00040464421297956986,0.9987210451183329,-3.327397984888405e-09,0.0014339310175087534,-0.0062235544309083065,-0.0062235544309083065,0.12043269660710437,1.0006408708132337,-3.323142392992383e-09,4.450707533048344,0.10117423805803173,0.0036904376666666654,0.001323391232996982,0.0009824291709663148,0.0005150036037504767,0.0032930326916666636,4.450540882213378,0.10031135305934674,-0.00016665083496558708,-0.0008628849986849901,-0.0008640793582994088,1.0027773070972217,2.124869112330916e-08,-0.0010723929020063927,0.005505861135385941,0.005505861135385941,0.1765917738560254,0.9986177662931686,2.1307705263972597e-08]"
/multi_agv/m2b_algorithm_state,1789558523.0770175,1789558523.0770175,m2b_algorithm_state_v1:header6+3x20,"[1.0,-0.15,0.52,4.452836682174982,0.10125040098321982,1789558523.0768743,4.4514142607588045,0.10107525522672928,0.0036904376666666654,0.001540113869503393,0.0006967503757946854,0.000569656775078239,0.004584685874999997,4.4534593969000165,0.0997056495895642,0.002045136141211934,-0.0013696056371650805,-0.0013726301714900102,1.0044394395869638,6.234905887477404e-08,0.0011837900050249072,-0.002028152886564494,-0.002028152886564494,0.14189186610211485,0.9977965409855106,6.262585375495265e-08,4.452394726829808,0.10150167440210643,0.002796189458333334,-0.0009434908509847011,0.0016670927809556702,0.0007538642554119623,-0.0017884964166666626,4.453267885675534,0.10210880401663026,0.0008731588457262518,0.0006071296145238325,0.0006065474609419051,0.9980866905854526,-7.48066600032506e-09,0.0016979960180997199,-0.007257962879565489,-0.007257962879565489,0.1204306463588468,1.000959782406843,-7.466353171639552e-09,4.4517081001198555,0.10117422932207162,0.0036904376666666654,0.0013234401555955086,0.0009824275217368067,0.0005149832555856218,0.0032930326916666636,4.451374321982144,0.0984475327420212,-0.00033377813771195974,-0.002726696580050425,-0.00273879145619914,1.0089624288987917,2.1244997866887974e-07,-0.0031560141283390897,0.01363261936407463,0.01363261936407463,0.17658539991705566,0.9955838637800118,2.143540464972494e-07]"
/multi_agv/m2b_algorithm_state,1789558523.086998,1789558523.086998,m2b_algorithm_state_v1:header6+3x20,"[1.0,-0.15,0.52,4.453838227355763,0.10125039046345985,1789558523.0868807,4.452411918372041,0.1010752895173038,0.0036904376666666654,0.0015398723107257852,0.000696774295865942,0.0005697490387950085,0.004584685874999997,4.454916177223738,0.09947486979401832,0.0025042588516965836,-0.0016004197232854789,-0.001604556767820639,1.0052011092239905,8.513459291451059e-08,0.0015257667968000905,-0.00312906574338302,-0.00312906574338302,0.1418989282549431,0.9974216901401506,8.557738723099892e-08,4.4533923740018,0.10150165431885547,0.002796189458333334,-0.0009432295898803072,0.0016670754804550825,0.0007537600069069533,-0.0017884964166666626,4.454665221936413,0.10120430051283909,0.0012728479346124644,-0.00029735380601637884,-0.0002974944101868266,1.0009467672941115,-1.7950665332778768e-09,0.001293565508078754,-0.00539687047239742,-0.00539687047239742,0.12043508163471903,0.9995273720593291,-1.7967660435623384e-09,4.452705754151104,0.10117425911350018,0.0036904376666666654,0.001323278446909955,0.000982436085714156,0.0005150488953769442,0.0032930326916666636,4.453216524137378,0.10076634556374563,0.0005107699862740844,-0.0004079135497545572,-0.00040817954487514955,1.0013061829828491,4.746670752465417e-09,0.00023028293796745599,0.0006902772303832897,0.0006902772303832897,0.17659918886245313,0.9993483379460533,4.752870773027475e-09]"
/multi_agv/m2b_algorithm_state,1789558523.0970738,1789558523.0970738,m2b_algorithm_state_v1:header6+3x20,"[1.0,-0.15,0.52,4.454838572846197,0.10125038793362127,1789558523.0968437,4.4534134603833815,0.10107526259829298,0.0036904376666666654,0.001540064869419365,0.0006967585246233192,0.0005696737759975641,0.004584685874999997,4.455883902839113,0.09963397578807248,0.0024704424557313587,-0.0014412868102205018,-0.0014446380290114198,1.0046755629609978,6.904732798349463e-08,0.0016434150406527785,-0.0036183803275804537,-0.0036183803275804537,0.14189219834218667,0.9976802363473628,6.937016311277013e-08,4.454393922892768,0.10150167232776783,0.002796189458333334,-0.000943440392735851,0.0016670866110155558,0.0007538455929239768,-0.0017884964166666626,4.455668946555265,0.10120430051283909,0.0012750236624965439,-0.0002973718149287402,-0.0002975124361156457,1.0009468245966886,-1.7956850757858095e-09,0.001296267142005034,-0.005406653601431428,-0.005406653601431428,0.12043085502074585,0.9995273434995138,-1.7973852745834702e-09,4.453707298791139,0.1011742364643187,0.0036904376666666654,0.0013234041514282955,0.0009824312337597622,0.0005149969311785854,0.0032930326916666636,4.454291820197479,0.10157088628486453,0.0005845214063402437,0.00039664982054583853,0.0003963998372204857,0.9987414172223674,4.486039470648429e-09,0.0011270515951457903,-0.0028619621468150107,-0.0028619621468150107,0.17658604861411334,1.0006306342785247,4.480393418630891e-09]"
/multi_agv/m2b_algorithm_state,1789558523.1071217,1789558523.1071217,m2b_algorithm_state_v1:header6+3x20,"[1.0,-0.15,0.52,4.455836988703262,0.10125039774309329,1789558523.1069572,4.454413805091553,0.10107525573271581,0.0036904376666666654,0.0015401146251530318,0.0006967548221481926,0.0005696541347960687,0.004584685874999997,4.456932599600538,0.10053796019270217,0.002518794508985067,-0.0005372955400136381,-0.0005377581002243816,1.001725299764562,9.589984124502288e-09,0.0026107350360069525,-0.007468881618660807,-0.007468881618660807,0.14188971968283187,0.9991398359028891,9.606529721854445e-09,4.455394269267021,0.10150167731144903,0.002796189458333334,-0.0009434955753372005,0.0016670892624714995,0.0007538681334833125,-0.0017884964166666626,4.456632234982909,0.10138913254302226,0.0012379657158874124,-0.00011254476842677275,-0.000112564882219026,1.0003575886150466,-2.571879833433556e-10,0.0014348922626402395,-0.005984709907418036,-0.005984709907418036,0.12042929829864277,0.9998213137893742,-2.5727995083812597e-10,4.454707644180018,0.10117423075669894,0.0036904376666666654,0.0013234363998462844,0.0009824302657223342,0.0005149834562907306,0.0032930326916666636,4.455063067104427,0.09913467073486744,0.00035542292440915446,-0.0020395600218315046,-0.0020462921863714546,1.0066522843548702,1.1881161878107253e-07,-0.0016020135308600116,0.007880431432799888,0.007880431432799888,0.1765812091216767,0.996710066829758,1.1960198745386666e-07]"
/multi_agv/m2b_algorithm_state,1789558523.1170757,1789558523.1170757,m2b_algorithm_state_v1:header6+3x20,"[1.0,-0.15,0.52,4.456838350313233,0.10125038852196981,1789558523.1168826,4.455412224047849,0.10107527852490684,0.0036904376666666654,0.0015399543849842043,0.0006967708034895988,0.0005697152795901548,0.004584685874999997,4.458013471698654,0.10105920913002134,0.0026012476508050497,-1.6069394885506738e-05,-1.606980701312756e-05,1.000051296596439,8.574072793846868e-12,0.0032354897564931847,-0.009938147861750091,-0.009938147861750091,0.14189407823453792,0.9999743539159812,8.574512614598812e-12,4.456392681288855,0.1015016641332529,0.002796189458333334,-0.0009433226713741255,0.0016670777567782125,0.0007537991704788249,-0.0017884964166666626,4.457642373288208,0.10138913254302226,0.0012496919993534306,-0.00011253159023064119,-0.00011255169931439047,1.000357546754302,-2.570806492666561e-10,0.0014495632998773977,-0.006036604637390916,-0.006036604637390916,0.12043203566389592,0.9998213346944402,-2.5717256761839525e-10,4.455706060773083,0.10117425057112013,0.0036904376666666654,0.0013233291129659363,0.0009824360618613257,0.0005150269460659409,0.0032930326916666636,4.455854119885644,0.09695677905157299,0.0001480591125613273,-0.004217471519547142,-0.004246732986856171,1.0140958819413435,5.087004954600761e-07,-0.004061659096154512,0.01739069256365731,0.01739069256365731,0.17658971904164392,0.993109652196266,5.158710775875842e-07]"
/multi_agv/m2b_algorithm_state,1789558523.127036,1789558523.127036,m2b_algorithm_state_v1:header6+3x20,"[1.0,-0.15,0.52,4.457838560022663,0.10125038693895165,1789558523.126827,4.456413582814708,0.10107525518443429,0.0036904376666666654,0.0015401212118535887,0.000696756707215406,0.0005696502992346471,0.004584685874999997,4.458569768517676,0.10049680677370447,0.0021561857029679388,-0.0005784484107298205,-0.0005789847084259036,1.0018583095009563,1.1115651483405579e-08,0.0021162474202840197,-0.0056972490300787,-0.0056972490300787,0.14188953769395699,0.9990737273570814,1.113630780416651e-08,4.457394046254046,0.10150167956000611,0.002796189458333334,-0.0009435053374747676,0.0016670878224385177,0.0007538731141088634,-0.0017884964166666626,4.45836937078911,0.10133941207234345,0.0009753245350641038,-0.00016226748766265398,-0.00016230931593015885,1.0005158638565743,-5.346660788938432e-10,0.001056846352899971,-0.004620174439707263,-0.004620174439707263,0.1204291852383394,0.9997422928729311,-5.349418937992808e-10,4.456707421870945,0.10117423082146906,0.0036904376666666654,0.0013234385446616367,0.0009824316529457814,0.0005149818050456611,0.0032930326916666636,4.456789164252563,0.09840893985604318,8.174238161817726e-05,-0.0027652909654258817,-0.0027777342643958087,1.0090932246158926,2.1851189692000572e-07,-0.002675556287373087,0.011959519069876209,0.011959519069876209,0.17658085780336538,0.9955203421978044,2.204988746799441e-07]"
/multi_agv/m2b_algorithm_state,1789558523.1370082,1789558523.1370082,m2b_algorithm_state_v1:header6+3x20,"[1.0,-0.15,0.52,4.458839587088199,0.10125038020732939,1789558523.1368172,4.457413791980437,0.10107525091806818,0.0036904376666666654,0.0015401522847261957,0.0006967542345611471,0.0005696381165859574,0.004584685874999997,4.459468476460677,0.09976363456532039,0.0020546844802407094,-0.0013116163527477909,-0.0013143889790949756,1.0042486944921631,5.718027721128166e-08,0.0012539666212059112,-0.0023028155536029223,-0.0023028155536029223,0.14189153261245108,0.9978905587377233,5.7423218740129595e-08,4.458394256587276,0.10150168267487783,0.002796189458333334,-0.0009435400971177519,0.001667089693840218,0.0007538872077785808,-0.0017884964166666626,4.459380704375568,0.10133941207234345,0.0009864477882919331,-0.00016227060253437564,-0.00016231243240697962,1.0005158737555218,-5.34706297801332e-10,0.0010707473029579369,-0.004669527821614028,-0.004669527821614028,0.12043044132481712,0.9997422879320847,-5.349821387472799e-10,4.457707631500275,0.1011742272239089,0.0036904376666666654,0.001323458957491155,0.0009824310139916912,0.0005149732892444176,0.0032930326916666636,4.458058156242693,0.10151219823564542,0.0003505247424175906,0.0003379710117365209,0.00033778944000933275,0.9989268921923478,3.257193573341996e-09,0.000775945368031321,-0.0015866938904496612,-0.0015866938904496612,0.17658476303727622,1.000537529317622,3.2536982534874083e-09]"
/multi_agv/m2b_algorithm_state,1789558523.1470876,1789558523.1470876,m2b_algorithm_state_v1:header6+3x20,"[1.0,-0.15,0.52,4.459838841709541,0.10125038496303485,1789558523.1469233,4.458414816841189,0.10107523456122902,0.0036904376666666654,0.001540268684572289,0.0006967433289849715,0.0005695933346074488,0.004584685874999997,4.460482211980022,0.10042819274199011,0.002067395138833028,-0.0006470418192389138,-0.0006477131959233381,1.0020802841128056,1.3910174846546632e-08,0.001936530727617947,-0.005027990849172487,-0.005027990849172487,0.14189642002589797,0.9989634661009689,1.3939111962286251e-08,4.459395286322258,0.10150169294113254,0.002796189458333334,-0.0009436673490083322,0.0016670977021773226,0.0007539382014094681,-0.0017884964166666626,4.460182708027834,0.10029777254729483,0.0007874217055761079,-0.0012039203938377097,-0.001206241124045188,1.0038728282811795,-2.945781737881439e-08,-0.00022196399207505312,0.0003806281673231142,0.0003806281673231142,0.12043351861757719,0.99807606442757,-2.9571902447060883e-08,4.45870865810115,0.10117421311962659,0.0036904376666666654,0.0013235365252624626,0.0009824273875511658,0.0005149415529693761,0.0032930326916666636,4.459064949001884,0.09982687683434908,0.0003562909007337467,-0.0013473362852775006,-0.0013502588792752047,1.0043603652920563,5.1828595854934276e-08,-0.0009048952533580214,0.005124025533652259,0.005124025533652259,0.1765943308897484,0.9978355306211555,5.2054587465436143e-08]"
/multi_agv/m2b_algorithm_state,1789558523.1568668,1789558523.1568668,m2b_algorithm_state_v1:header6+3x20,"[1.0,-0.15,0.52,4.460836695032807,0.10125039844893458,1789558523.1567924,4.459414072828459,0.10107524616509084,0.0036904376666666654,0.001540186732747072,0.0006967504957001932,0.0005696251295636554,0.004584685874999997,4.461595939975173,0.1015009127535577,0.0021818671467146444,0.00042566658846686367,0.0004253783696399269,0.9986479788853733,6.015296953426579e-09,0.0031527123030332324,-0.009860620965917081,-0.009860620965917081,0.14189503521774274,1.0006775587277292,6.0071641449347966e-09,4.460394539303439,0.10150168576739857,0.002796189458333334,-0.0009435788810727547,0.0016670927816955228,0.0007539024130911592,-0.0017884964166666626,4.461178167131384,0.10029777254729483,0.0007836278279444997,-0.0012039132201037417,-0.0012062339227534664,1.0038728052644452,-2.945470553783363e-08,-0.0002266991378228418,0.0003974511064592629,0.0003974511064592629,0.12043264669014517,0.9980760757876652,-2.9568777876503235e-08,4.459707912996724,0.10117422295661514,0.0036904376666666654,0.001323482829305641,0.0009824298557111096,0.0005149635442358563,0.0032930326916666636,4.4599165515165895,0.09828974483956092,0.00020863851986518966,-0.0028844781170542233,-0.002898029315550162,1.00949785137362,2.3778036868625494e-07,-0.0026372311657186748,0.01187336203271446,0.01187336203271446,0.17659161984831956,0.9953239953705003,2.4003877128760153e-07]"
/multi_agv/m2b_algorithm_state,1789558523.1669066,1789558523.1669066,m2b_algorithm_state_v1:header6+3x20,"[1.0,-0.15,0.52,4.461838544826926,0.10125038610780175,1789558523.1668239,4.460411930356453,0.1010752781349113,0.0036904376666666654,0.0015399611605549568,0.0006967720852841799,0.0005697116759554418,0.004584685874999997,4.462485920993681,0.10151780563399382,0.0020739906372284622,0.0004425274990825234,0.0004422160348338949,0.9985946940519532,6.500242876706763e-09,0.0030347043313694727,-0.009449536625023545,-0.009449536625023545,0.1418888461868493,1.0007043259947495,6.491108046728378e-09,4.4613923874802195,0.10150166666141106,0.002796189458333334,-0.0009433347860372055,0.0016670773422369223,0.0007538046374294116,-0.0017884964166666626,4.462192346096442,0.10142052033751145,0.000799958616222618,-8.114632389960574e-05,-8.115677778723546e-05,1.0002577344098937,-1.3367624143548727e-10,0.0009187914924910371,-0.004167602919691907,-0.004167602919691907,0.12042874970626771,0.9998711889762663,-1.3371069440269047e-10,4.460705767261749,0.1011742505504814,0.0036904376666666654,0.0013233326516009342,0.0009824374708463429,0.0005150246793393445,0.0032930326916666636,4.4607119796680985,0.09892501034563896,6.212406349348498e-06,-0.002249240204842448,-0.002257440678981469,1.007353507406487,1.4450528245418365e-07,-0.0022496751710447834,0.010249515469758797,0.010249515469758797,0.17657950371415204,0.9963673578599989,1.4556790311898697e-07]"
/multi_agv/m2b_algorithm_state,1789558523.176995,1789558523.176995,m2b_algorithm_state_v1:header6+3x20,"[1.0,-0.15,0.52,4.462838643092209,0.10125038532543523,1789558523.1768897,4.461413776302455,0.10107524744431387,0.0036904376666666654,0.0015401798678977524,0.0006967529076156603,0.0005696268506477721,0.004584685874999997,4.463401069244927,0.10047637075710752,0.001987292942472685,-0.0005988766872063456,-0.0005994516218373536,1.001924381491237,1.1915250257794234e-08,0.0018846645562535023,-0.004867120578470488,-0.004867120578470488,0.1418964904868839,0.9990408990316085,1.1938179744853791e-08,4.4623942418671705,0.10150168645078965,0.002796189458333334,-0.0009435736946830633,0.0016670911207343764,0.0007539010289636661,-0.0017884964166666626,4.4630615283419255,0.09984179497631779,0.0006672864747550022,-0.0016598914744718613,-0.0016643182202270772,1.0053672067268105,-5.60085735812824e-08,-0.0008302101267833244,0.0027292006378051145,0.0027292006378051145,0.12043356297603906,0.9973402047148098,-5.6309183174166915e-08,4.461707616311152,0.10117422442830176,0.0036904376666666654,0.0013234767537278276,0.0009824312681308012,0.0005149654430985683,0.0032930326916666636,4.461903480694802,0.10124229160027505,0.00019586438364971315,6.806717197328782e-05,6.805979206323518e-05,0.9997832138110548,1.3214440669565718e-10,0.0003128902716253766,0.0001818112906084642,0.0001818112906084642,0.17659446880918622,1.000108432744634,1.3211575961333922e-10]"
/multi_agv/m2b_algorithm_state,1789558523.1873603,1789558523.1873603,m2b_algorithm_state_v1:header6+3x20,"[1.0,-0.15,0.52,4.4638417761912965,0.10125036521329338,1789558523.187223,4.462413874230342,0.1010752454299245,0.0036904376666666654,0.001540194645421085,0.0006967514773725365,0.0005696211891454222,0.004584685874999997,4.464375958015023,0.1004335551853164,0.0019620837846812123,-0.0006416902446081119,-0.0006423505347737155,1.0020629533345016,1.3680320024150087e-08,0.0018102541960777997,-0.004583339634734188,-0.004583339634734188,0.1418980912093845,0.9989720718986617,1.3708541885960957e-08,4.463394340536952,0.10150168788769119,0.002796189458333334,-0.0009435905103646778,0.0016670923342250177,0.0007539076867678768,-0.0017884964166666626,4.464222482569128,0.09993344478955621,0.0008281420321765154,-0.0015682430981349832,-0.0015721917727924463,1.005065618124253,-4.999228649098507e-08,-0.000537014232571802,0.0016543305783757283,0.0016543305783757283,0.12043457083304254,0.9974884268409254,-5.024552832350665e-08,4.462707714509336,0.10117422265869,0.0036904376666666654,0.001323486816924957,0.000982430881591113,0.0005149612821596984,0.0032930326916666636,4.462986334396568,0.1002832588579764,0.00027861988723199005,-0.0008909638007136012,-0.0008922374255059568,1.0028685930742178,2.2656155927372892e-08,-0.0005439625664659692,0.003648175148479259,0.003648175148479259,0.17659760252723383,0.9985725494627918,2.2721147219354553e-08]"
/multi_agv/m2b_algorithm_state,1789558523.197252,1789558523.197252,m2b_algorithm_state_v1:header6+3x20,"[1.0,-0.15,0.52,4.464841433408369,0.10125036789829796,1789558523.1971412,4.463417000837268,0.10107519746648962,0.0036904376666666654,0.0015405342660792525,0.0006967188178609971,0.0005694909654879758,0.004584685874999997,4.465797690742416,0.1006038137159604,0.002380689905148614,-0.000471383750529214,-0.0004717396073840394,1.001512524951013,7.383107731174056e-09,0.002504122774051728,-0.0071223722377458856,-0.0071223722377458856,0.1419104330409852,0.9992456498261855,7.394274865833474e-09,4.464397481570133,0.10150171700985276,0.002796189458333334,-0.0009439598225440557,0.0016671161365096054,0.0007540553896781821,-0.0017884964166666626,4.465293041513682,0.10155915391955057,0.0008955599435491735,5.743690969781112e-05,5.743167771778702e-05,0.9998178578274559,-6.70106869365091e-11,0.0011768816071542538,-0.005148587680740467,-0.005148587680740467,0.12044234145039139,1.0000910992022523,-6.699848146440681e-11,4.463710846166489,0.10117418116353773,0.0036904376666666654,0.001323713553007679,0.0009824196028930038,0.0005148688676229721,0.0032930326916666636,4.463920046110736,0.09944693401726606,0.00020919994424684063,-0.0017272471462716626,-0.0017320640643798083,1.0056138620679844,8.521098367352473e-08,-0.0014705641340712575,0.007284656102517658,0.007284656102517658,0.17662176570921154,0.9972189723190923,8.568934638254518e-08]"
/multi_agv/m2b_algorithm_state,1789558523.2072668,1789558523.2072668,m2b_algorithm_state_v1:header6+3x20,"[1.0,-0.15,0.52,4.465843605888745,0.10125035446713353,1789558523.2071068,4.46441665857644,0.10107520553665596,0.0036904376666666654,0.001540475846160423,0.0006967216110625783,0.000569514835206522,0.004584685874999997,4.46681596015738,0.10066649287777175,0.0023993015809393725,-0.0004087126588842027,-0.0004089800560673353,1.0013105032373568,5.549971649198927e-09,0.00259014692010688,-0.007457483944572392,-0.007457483944572392,0.14191047294622516,0.9993461852744021,5.557244905012441e-09,4.46539713830437,0.10150171070419904,0.002796189458333334,-0.0009438958602747457,0.001667114688005178,0.0007540284177032369,-0.0017884964166666626,4.466454668464886,0.10216693798007975,0.001057530160515796,0.0006652272758807115,0.0006645286844317791,0.9979049893174279,-8.984333286497214e-09,0.0019864413850765243,-0.008312213400654096,-0.008312213400654096,0.12044236657438503,1.0010512585314955,-8.965511012286215e-09,4.464710503344294,0.10117418745403889,0.0036904376666666654,0.0013236777450065227,0.0009824201029416729,0.0005148841288714666,0.0032930326916666636,4.464726856194468,0.09837130590108036,1.6352850173539935e-05,-0.0028028815529585333,-0.0028156690750952428,1.009220730848392,2.2453914897703641e-07,-0.002795228012378318,0.012395560675425495,0.012395560675425495,0.17662184384286436,0.9954584428085615,2.2660956403468067e-07]"
/multi_agv/m2b_algorithm_state,1789558523.217048,1789558523.217048,m2b_algorithm_state_v1:header6+3x20,"[1.0,-0.15,0.52,4.466841808940428,0.10125036669349889,1789558523.2169929,4.465418826516972,0.10107517490347258,0.0036904376666666654,0.0015406913807102275,0.0006966987128919299,0.0005694333203684482,0.004584685874999997,4.467818492618217,0.10064494146210044,0.0023996661012448683,-0.00043023344137213537,-0.00043052978780338483,1.0013798443057478,6.150780605847304e-09,0.0025690528387527006,-0.007372134311477055,-0.007372134311477055,0.14191941626549948,0.9993116703195811,6.159267725442186e-09,4.466399316460264,0.10150172805506187,0.002796189458333334,-0.0009441293338703083,0.001667131714556902,0.0007541207637850461,-0.0017884964166666626,4.467363429895641,0.10093487227748216,0.0009641134353763903,-0.000566855777579714,-0.0005673677915090548,1.0018103793779332,-6.530909018544994e-09,0.000637774002711433,-0.0029490453014269493,-0.0029490453014269493,0.12044799722578632,0.9990975625740419,-6.5427324415513255e-09,4.465712674689,0.10117416044286612,0.0036904376666666654,0.001323823927406236,0.0009824117541500591,0.0005148251071820514,0.0032930326916666636,4.465794131408675,0.09935070770384222,8.145671967518808e-05,-0.0018234527390239008,-0.0018288250882489976,1.0059329754636142,9.498167182351094e-08,-0.0017270041886550125,0.008230113545201624,0.008230113545201624,0.1766393548758319,0.9970624040212394,9.554519575193288e-08]"
/multi_agv/m2b_algorithm_state,1789558523.2270286,1789558523.2270286,m2b_algorithm_state_v1:header6+3x20,"[1.0,-0.15,0.52,4.467840870253542,0.10125037307329032,1789558523.2268872,4.466417033054896,0.10107520644627224,0.0036904376666666654,0.0015404660716364922,0.0006967164224906946,0.0005695217708592821,0.004584685874999997,4.468686411981911,0.10049079532416057,0.0022693789270151754,-0.0005844111221116749,-0.0005849585582166177,1.001877592970225,1.1348585335427163e-08,0.0022517651005523514,-0.0061741556211889915,-0.0061741556211889915,0.14191430865929464,0.9990641454898758,1.136989335947496e-08,4.467397515474702,0.10150170685661739,0.002796189458333334,-0.0009438834675748373,0.0016671196028212876,0.0007540204893555225,-0.0017884964166666626,4.467888839058665,0.10055368281659198,0.000491323583962533,-0.0009480240400254053,-0.0009494602819354486,1.0030408294008404,-1.8267016750054778e-08,-0.0003353058019822824,0.000667774720646319,0.000667774720646319,0.12044478152199635,0.9984873070128689,-1.832256363165399e-08,4.466710878291687,0.101174186777607,0.0036904376666666654,0.001323677877014959,0.0009824171809582173,0.000514885591501982,0.0032930326916666636,4.466775035466569,0.10071770297519372,6.41571748820624e-05,-0.00045648380241328224,-0.00045681703532182824,1.0014625154290435,5.946336123703329e-09,-0.00037662056671925023,0.0028636206690372725,0.0028636206690372725,0.17662935397084256,0.9992705330957913,5.955032732030524e-09]"
/multi_agv/m2b_algorithm_state,1789558523.237037,1789558523.237037,m2b_algorithm_state_v1:header6+3x20,"[1.0,-0.15,0.52,4.468839478833346,0.1012503821127302,1789558523.2369218,4.467416096181199,0.10107522286823459,0.0036904376666666654,0.0015403488135833266,0.0006967256827207884,0.0005695677806536901,0.004584685874999997,4.46968930619839,0.10058277834376435,0.002273210017190941,-0.0004924445244702397,-0.0004928329516628321,1.001580478359096,8.056726689133733e-09,0.002348679569825844,-0.006561585867436541,-0.006561585867436541,0.14191223925798963,0.9992118481702942,8.06946017131106e-09,4.46839657468966,0.10150169584547017,0.002796189458333334,-0.0009437555519936666,0.001667113308355006,0.0007539683165395245,-0.0017884964166666626,4.468888528790728,0.10055368281659198,0.0004919541010686146,-0.0009480130288781891,-0.0009494492375191509,1.003040794154765,-1.8264117701590473e-08,-0.0003345066111833827,0.0006650701924620942,0.0006650701924620942,0.12044347863924112,0.998487324456951,-1.831965512393941e-08,4.467709939889765,0.10117420050616623,0.0036904376666666654,0.0013236017671812528,0.0009824200302489764,0.0005149171000494107,0.0032930326916666636,4.467888924259947,0.10192423185160628,0.00017898437018182278,0.0007500313454400498,0.0007491399009515625,0.9976296614704419,1.6038461829305318e-08,0.000972870363678841,-0.0024775542957922204,-0.0024775542957922204,0.17662530216232364,1.00118995729283,1.600044524527647e-08]"
/multi_agv/m2b_algorithm_state,1789558523.247037,1789558523.247037,m2b_algorithm_state_v1:header6+3x20,"[1.0,-0.15,0.52,4.469842469875676,0.1012503629557077,1789558523.2468722,4.468414707516483,0.10107524500031535,0.0036904376666666654,0.0015401917579671797,0.0006967397432315885,0.0005696285441847942,0.004584685874999997,4.470697458651,0.10058277834376435,0.002282751134517369,-0.000492466656551005,-0.0004928551186077082,1.0015805493152627,8.05662865387802e-09,0.002360583799539003,-0.006603918171540463,-0.006603918171540463,0.14190856747964847,0.9992118128796134,8.069362552780233e-09,4.469395179964545,0.10150168193198984,0.002796189458333334,-0.0009435847976913912,0.001667103393594438,0.0007538994577789004,-0.0017884964166666626,4.469951991175009,0.10174858989341054,0.0005568112104636924,0.0002469079614206976,0.0002468114161817669,0.9992186974193766,-1.2376610842295228e-09,0.0009428254292613824,-0.004404721656745673,-0.004404721656745673,0.12044116687719475,1.0003911700699437,-1.2366940964304773e-09,4.468708549019013,0.10117421940588543,0.0036904376666666654,0.001323498040839091,0.0009824247387927977,0.0005149596121771802,0.0032930326916666636,4.468910522251309,0.10192423185160628,0.00020197323229620423,0.0007500124457208435,0.0007491210462589881,0.9976297212985797,1.6036395555381404e-08,0.0010015875866292434,-0.002579865001937681,-0.002579865001937681,0.1766181130736132,1.0011899271370186,1.5998384828548933e-08]"
/multi_agv/m2b_algorithm_state,1789558523.25694,1789558523.25694,m2b_algorithm_state_v1:header6+3x20,"[1.0,-0.15,0.52,4.470841757504205,0.10125036800441266,1789558523.2568145,4.469417692466748,0.10107519917144868,0.0036904376666666654,0.0015405161031796758,0.0006967089670510511,0.0005695039621874425,0.004584685874999997,4.471868633670919,0.09987797056509763,0.0024509412041711087,-0.0011972286063510473,-0.0011995367231270304,1.0038731629330393,4.7649211946313053e-08,0.0018641397820868555,-0.004512162530908135,-0.004512162530908135,0.1419204082244931,0.9980758264991119,4.7833765107812046e-08,4.470398178442271,0.1015017098066467,0.002796189458333334,-0.0009439370702459416,0.0016671256997851103,0.0007540405528170396,-0.0017884964166666626,4.4711052703072465,0.10270806064510857,0.0007070918649754176,0.0012063508384618643,0.001204062885439156,0.9962241910264932,-2.953541454286634e-08,0.0020879277166584278,-0.008932245217491605,-0.008932245217491605,0.12044862174730632,1.0019001939602799,-2.9423894459599143e-08,4.469711538718009,0.10117417988902769,0.0036904376666666654,0.0013237138848471567,0.000982414103395746,0.0005148715843121851,0.0032930326916666636,4.469972629424478,0.09886104591713714,0.0002610907064690693,-0.002313133971890549,-0.0023218111429523644,1.0075678397995103,1.5288227251958434e-07,-0.0019954477598660278,0.00938136469239982,0.00938136469239982,0.1766412972197934,0.9962627575941507,1.5403926106619762e-07]"
/multi_agv/m2b_algorithm_state,1789558523.266952,1789558523.266952,m2b_algorithm_state_v1:header6+3x20,"[1.0,-0.15,0.52,4.471842186934722,0.10125036562542987,1789558523.2667978,4.470416981471804,0.10107521265416133,0.0036904376666666654,0.001540419323526413,0.0006967159599586378,0.0005695422747884093,0.004584685874999997,4.472871520535106,0.10006466528255625,0.0024545390633017306,-0.0010105473716050806,-0.0010121894946813993,1.0032623486657104,3.394159842543891e-08,0.002055984334445764,-0.005278698043613826,-0.005278698043613826,0.14191913979112414,0.9983776525196644,3.4052327753774224e-08,4.471397464526397,0.1015017003480101,0.002796189458333334,-0.0009438311054901297,0.0016671210665757386,0.0007539970307923194,-0.0017884964166666626,4.471978898567774,0.10086270542729264,0.0005814340413765606,-0.0006389949207174506,-0.0006396459022117482,1.0020424420985086,-8.296744558733606e-09,8.714664950895256e-05,-0.0009655304108323661,-0.0009655304108323661,0.12044782316752681,0.9989822783323605,-8.313690179100936e-09,4.470710826514415,0.10117419101106653,0.0036904376666666654,0.0013236517100171743,0.0009824160814178922,0.0005148975057738428,0.0032930326916666636,4.471230580126783,0.10042683169430286,0.0005197536123686675,-0.0007473593167636738,-0.0007482544955650722,1.0024023349743076,1.5941762613268955e-08,-9.85624801042379e-05,0.002008105606680134,0.002008105606680134,0.1766388135422935,0.9988036439383872,1.598006006714692e-08]"
/multi_agv/m2b_algorithm_state,1789558523.2770052,1789558523.2770052,m2b_algorithm_state_v1:header6+3x20,"[1.0,-0.15,0.52,4.472841380717539,0.10125037116633899,1789558523.2768867,4.471417410001808,0.10107520792730372,0.0036904376666666654,0.0015404517911891437,0.0006967114101817269,0.0005695305679577735,0.004584685874999997,4.473869551215653,0.10001036178842974,0.0024521412138449605,-0.001064846138873976,-0.0010666702189064824,1.0034397490677867,3.7689288368342144e-08,0.0019985062983997183,-0.0050497000883122905,-0.0050497000883122905,0.1419219133616427,0.9982899306644407,3.781893006287269e-08,4.4723978951491485,0.10150170234651963,0.002796189458333334,-0.0009438656940942538,0.0016671246432791165,0.0007540101632692864,-0.0017884964166666626,4.472992234733263,0.10173022809799571,0.0005943395841141452,0.000228525751476083,0.0002284430351295141,0.9992767141319447,-1.0605635441214946e-09,0.0009713675152721957,-0.004497907866112833,-0.004497907866112833,0.12044956935213799,1.0003620874084518,-1.059796453497857e-09,4.47171125565321,0.10117418660246626,0.0036904376666666654,0.0013236747729191158,0.000982414199711324,0.0005148884876797176,0.0032930326916666636,4.4723614144663015,0.10184700409690219,0.0006501588130918279,0.0006728174944359289,0.0006720997267392583,0.9978718142346744,1.2907628471195387e-08,0.0014847982431040433,-0.004263298409648104,-0.004263298409648104,0.17664424444221177,1.0010679482048785,1.2880158640018878e-08]"
/multi_agv/m2b_algorithm_state,1789558523.2869112,1789558523.2869112,m2b_algorithm_state_v1:header6+3x20,"[1.0,-0.15,0.52,4.473842079004067,0.10125036695985783,1789558523.2868383,4.472416605390582,0.10107522220968097,0.0036904376666666654,0.0015403496453880142,0.000696719546027857,0.0005695706120657368,0.004584685874999997,4.474867387513346,0.09987447199872906,0.0024507821227635063,-0.0012007502109519091,-0.001203071987088605,1.0038847088243514,4.7924871818009214e-08,0.0018604056663657777,-0.004497473524060443,-0.004497473524060443,0.14192031269536146,0.9980701270068514,4.8111045990466546e-08,4.473397087074053,0.10150169271786087,0.002796189458333334,-0.0009437540174407999,0.0016671190695447535,0.0007539646545656337,-0.0017884964166666626,4.473925646349926,0.10312342770588924,0.0005285592758728086,0.0016217349880283671,0.0016176131636671354,0.9949480925663853,-5.3350690525963063e-08,0.002278312258508146,-0.009810930630271632,-0.009810930630271632,0.1204485615970397,1.0025480902689292,-5.308116777590647e-08,4.4727104496879795,0.10117419857147514,0.0036904376666666654,0.0013236082930023923,0.0009824166789735864,0.0005149160145084333,0.0032930326916666636,4.473164024972486,0.09968928763458608,0.0004535752845065133,-0.0014849109368890584,-0.0014884645309675606,1.0048130599417986,6.296252976304308e-08,-0.000921495425334419,0.005242442127508688,0.005242442127508688,0.17664111014060638,0.9976125772535593,6.326557219287989e-08]"
/multi_agv/m2b_algorithm_state,1789558523.2970116,1789558523.2970116,m2b_algorithm_state_v1:header6+3x20,"[1.0,-0.15,0.52,4.474842039495923,0.10125036757549162,1789558523.296934,4.4734173022674595,0.10107521273741396,0.0036904376666666654,0.001540415997863373,0.0006967124019736197,0.0005695455669877695,0.004584685874999997,4.475519491288121,0.09903784298580785,0.0021021890206611715,-0.002037369751606108,-0.0020440962851249493,1.006653779709908,1.38056940024373e-07,0.0005836399907015151,0.00039433369592568207,0.00039433369592568207,0.14192403809222906,0.9967092873423866,1.3897554049071915e-07,4.474397787139778,0.10150169792021839,0.002796189458333334,-0.0009438255409201166,0.001667124407133791,0.000753992881081661,-0.0017884964166666626,4.474928844924764,0.10286114628566945,0.0005310577849861886,0.0013594483654510575,0.0013565462114621038,0.9957524358081206,-3.74991748908455e-08,0.00202036844269484,-0.008764524710970428,-0.008764524710970428,0.12045090704075029,1.0021393697939902,-3.733989473835412e-08,4.473711147604963,0.10117419022194116,0.0036904376666666654,0.0013236532106301615,0.0009824140083559028,0.0005148979336062733,0.0032930326916666636,4.473744523545269,0.09939256758494854,3.3375940306612506e-05,-0.001781622636992622,-0.0017867497113555864,1.0057941397253496,9.065964849285771e-08,-0.0017450297859723208,0.00827586000765081,0.00827586000765081,0.1766484049891948,0.9971305022016348,9.118494316367641e-08]"
/multi_agv/m2b_algorithm_state,1789558523.3070972,1789558523.3070972,m2b_algorithm_state_v1:header6+3x20,"[1.0,-0.15,0.52,4.475843058362458,0.10125036142995024,1789558523.306966,4.474417262842613,0.10107521507935283,0.0036904376666666654,0.0015403984501513941,0.0006967127969797814,0.0005695529677242376,0.004584685874999997,4.476494330742545,0.09914974008987595,0.0020770678999317838,-0.001925474989476872,-0.001931477895981817,1.0062804352590904,1.232982834921521e-07,0.0006648569789329127,5.746239690526591e-05,5.746239690526591e-05,0.14192515167420094,0.9968920656470192,1.2407265037918153e-07,4.475397747615238,0.1015016956838302,0.002796189458333334,-0.0009438057431547411,0.0016671243579446937,0.0007539843250157496,-0.0017884964166666626,4.475742507966785,0.10110786248376971,0.00034476035154717977,-0.00039383320006049216,-0.00039408002712840493,1.0012553282046452,-3.151028866173203e-09,3.6870412305569776e-05,-0.0008975072569682253,-0.0008975072569682253,0.12045160811230977,0.9993736625788641,-3.1549844415825617e-09,4.4747111080299184,0.10117419196329183,0.0036904376666666654,0.0013236427164382545,0.0009824138539143773,0.0005149025627525202,0.0032930326916666636,4.474926140237142,0.10035197024555713,0.000215032207223409,-0.000822221717734703,-0.0008233058297423283,1.0026452126914076,1.929633024248779e-08,-0.0005545155707130671,0.0036554012810644946,0.0036554012810644946,0.1766505855211275,0.998683220780831,1.9347373140142813e-08]"
/multi_agv/m2b_algorithm_state,1789558523.3170264,1789558523.3170264,m2b_algorithm_state_v1:header6+3x20,"[1.0,-0.15,0.52,4.476842214115543,0.10125036731864294,1789558523.3168976,4.475418279664606,0.10107520121596847,0.0036904376666666654,0.0015404955793234059,0.0006967023882626928,0.000569516280333973,0.004584685874999997,4.47756624796401,0.10005454813025459,0.0021479682994041127,-0.0010206530857138768,-0.0010223283441498894,1.0032953493347796,3.462579597217835e-08,0.0016626320301052515,-0.0038825385831338754,-0.0038825385831338754,0.14193001232770483,0.9983613303440142,3.4739900065901486e-08,4.476398769056257,0.10150170332635967,0.002796189458333334,-0.000943910438239087,0.0016671320813950175,0.0007540256892283048,-0.0017884964166666626,4.47675020514027,0.10110786248376971,0.00035143608401266846,-0.00039384084258996255,-0.00039408767922630297,1.0012553525439218,-3.1515006212762843e-09,4.520742578953261e-05,-0.0009271636357903813,-0.0009271636357903813,0.1204546682316763,0.9993736504606665,-3.1554568655983748e-09,4.475712126366514,0.10117417974752257,0.0036904376666666654,0.0013237084679551914,0.000982409969961396,0.0005148760822958555,0.0032930326916666636,4.476000942903576,0.10120742372671755,0.0002888165370613649,3.324397919497735e-05,3.324221836979222e-05,0.999894079830933,3.15272535404995e-11,0.0003942628896964983,-9.105117134994918e-05,-9.105117134994918e-05,0.17666010376303878,1.000052969545099,3.1523914168474275e-11]"
/multi_agv/m2b_algorithm_state,1789558523.3269792,1789558523.3269792,m2b_algorithm_state_v1:header6+3x20,"[1.0,-0.15,0.52,4.477841103670252,0.101250374699693,1789558523.3268352,4.47641743713993,0.10107521649373781,0.0036904376666666654,0.0015403861171451607,0.0006967110387130048,0.000569559228115701,0.004584685874999997,4.478599189146637,0.10017305579820845,0.002181752006706894,-0.0009021606955293554,-0.0009034683866991337,1.0029088820018832,2.7048620930314213e-08,0.0018237216216844838,-0.004508174164461193,-0.004508174164461193,0.14192827683117215,0.9985525877949576,2.7127302176914166e-08,4.477397922822851,0.10150169292298666,0.002796189458333334,-0.0009437905299304987,0.001667126121925655,0.0007539768130311458,-0.0017884964166666626,4.477737485030207,0.10164671651879793,0.0003395622073565363,0.00014502359581126945,0.0001449902629005388,0.9995405630776983,-4.2710505295434257e-10,0.0005694430220962092,-0.003031637414383822,-0.003031637414383822,0.12045357562726122,1.0002298975811466,-4.269088251233137e-10,4.476711282383846,0.10117419253920437,0.0036904376666666654,0.001323637254348821,0.0009824125605712554,0.0005149056030737953,0.0032930326916666636,4.476522453856851,0.09995275630381734,-0.00018882852699508845,-0.0012214362353870356,-0.0012238358742128902,1.0039473058176591,4.259465038960717e-08,-0.0014598715329567507,0.007030966209694595,0.007030966209694595,0.17665670525633873,0.998039247846532,4.276278450089122e-08]"
/multi_agv/m2b_algorithm_state,1789558523.3369815,1789558523.3369815,m2b_algorithm_state_v1:header6+3x20,"[1.0,-0.15,0.52,4.478841070105104,0.10125037500321386,1789558523.3369055,4.477416328980909,0.1010752347407042,0.0036904376666666654,0.001540256211824926,0.0006967225695875706,0.0005696095389063876,0.004584685874999997,4.479401996504725,0.09858694497319698,0.001985667523816126,-0.002488289767507229,-0.0024983573846166424,1.0081677104222648,2.0597025285782997e-07,-1.62729798464851e-05,0.0027079581219282955,0.0027079581219282955,0.14192559896519225,0.9959703054609387,2.076525582387734e-07,4.478396809649587,0.10150168124182761,0.002796189458333334,-0.0009436487801620392,0.0016671179380072232,0.0007539196264037956,-0.0017884964166666626,4.478817701090697,0.10242427791426248,0.0004208914411094611,0.0009225966724348694,0.000921255578627036,0.9971029607222702,-1.7273321551346545e-08,0.0014473698800138623,-0.006514788520974242,-0.006514788520974242,0.12045188972055514,1.0014557239477802,-1.7223280060355437e-08,4.477710172380259,0.10117420811654722,0.0036904376666666654,0.0013235514104971116,0.0009824163322627033,0.0005149408511497056,0.0032930326916666636,4.477464064141747,0.09938747451306808,-0.0002461082385112334,-0.0017867336034791403,-0.0017918903335868912,1.005811094616435,9.117383912257576e-08,-0.002099525631725933,0.00952829364934228,0.00952829364934228,0.1766514614230114,0.9971221843150254,9.170365892826066e-08]"
/multi_agv/m2b_algorithm_state,1789558523.3470604,1789558523.3470604,m2b_algorithm_state_v1:header6+3x20,"[1.0,-0.15,0.52,4.479842471773034,0.10125036616018786,1789558523.34694,4.478416295548841,0.10107523545483033,0.0036904376666666654,0.0015402509647782976,0.0006967232149763798,0.000569611477584947,0.004584685874999997,4.480337545842085,0.0985746808478854,0.0019212502932441922,-0.002500554606944927,-0.0025107226534199466,1.0082090997782402,2.0800668324607554e-07,-0.00010915978686470637,0.0030401416502658747,0.0030401416502658747,0.1419267335983754,0.995950151458916,2.097142308633834e-07,4.479396775927181,0.10150168076045474,0.002796189458333334,-0.0009436427817986785,0.001667117466229051,0.0007539172717226233,-0.0017884964166666626,4.4797900615945165,0.1013304236754133,0.0003932856673358742,-0.00017125708504144022,-0.00017130367941790275,1.0005444982150393,-5.95638393215274e-10,0.00032030340475194005,-0.0020030070647902363,-0.0020030070647902363,0.12045260405746643,0.999728001309599,-5.959627172571886e-10,4.478710138839292,0.10117420879435653,0.0036904376666666654,0.0013235475496270951,0.0009824165299548333,0.0005149424218544884,0.0032930326916666636,4.478570568957727,0.10038493600955738,-0.00013956988156493821,-0.0007892727847991499,-0.0007902715017618715,1.0025382648050225,1.7779109236044463e-08,-0.0009647338537180442,0.005092964523794515,0.005092964523794515,0.1766536832750649,0.9987362356348484,1.7824237323282966e-08]"
/multi_agv/m2b_algorithm_state,1789558523.3570578,1789558523.3570578,m2b_algorithm_state_v1:header6+3x20,"[1.0,-0.15,0.52,4.480840862256244,0.1012503767356851,1789558523.3569,4.479417694444386,0.1010752143617043,0.0036904376666666654,0.0015403999652532129,0.0006967091242161766,0.0005695542213531548,0.004584685874999997,4.48144032265723,0.09998684524350432,0.0020226282128437134,-0.0010883691181999833,-0.0010902750158189758,1.0035166679950034,3.937213694894272e-08,0.001438010250235666,-0.003056632577504756,-0.003056632577504756,0.14193294971340814,0.9982519111312838,3.9510595682845956e-08,4.480398180985648,0.10150169348165729,0.002796189458333334,-0.0009438042332482904,0.0016671276378428246,0.0007539819644082763,-0.0017884964166666626,4.480797170489168,0.1013304236754133,0.00039898950351968665,-0.0001712698062439899,-0.00017131640753934697,1.0005445386458793,-5.958287819083778e-10,0.00032742047186026135,-0.002028413036343185,-0.002028413036343185,0.12045651749195231,0.9997279811313674,-5.961532337064541e-10,4.479711539889067,0.101174190637202,0.0036904376666666654,0.0013236464970433899,0.0009824116120002568,0.0005149020901241592,0.0032930326916666636,4.479648666890538,0.10129789566690318,-6.28729985283627e-05,0.00012370502970118769,0.00012368066461789564,0.9996062619301602,4.3650258627015287e-10,4.5089416457442264e-05,0.0011078192834429088,0.0011078192834429088,0.17666585599514323,1.000196999938247,4.363307185843548e-10]"
/multi_agv/m2b_algorithm_state,1789558523.3671858,1789558523.3671858,m2b_algorithm_state_v1:header6+3x20,"[1.0,-0.15,0.52,4.481851740014744,0.10125030685294067,1789558523.3671145,4.480416088223682,0.10107524027612197,0.0036904376666666654,0.0015402157739487277,0.0006967257650622115,0.0005696254049196988,0.004584685874999997,4.48223634996378,0.10059956381934514,0.0018202617400984167,-0.0004756764567768329,-0.00047603883597010816,1.0015263721474443,7.51665673067907e-09,0.0017992883391529128,-0.0046227082866325195,-0.0046227082866325195,0.14192850472701257,0.9992387612818674,7.52812994615468e-09,4.481396567510212,0.10150167711737568,0.002796189458333334,-0.0009436035325864588,0.001667115761905258,0.0007539011450717198,-0.0017884964166666626,4.481216594968859,0.10021008896324649,-0.00017997254135337926,-0.0012915881541291918,-0.0012942609454051207,1.004158964532199,-3.390389037696142e-08,-0.0015192266220968448,0.005003655355209522,0.005003655355209522,0.1204537190977301,0.997934889957533,-3.404489545454277e-08,4.480709931034838,0.10117421281355767,0.0036904376666666654,0.001323524586521014,0.0009824171461382484,0.0005149520549430236,0.0032930326916666636,4.48015776376786,0.10145677774694403,-0.0005521672669779321,0.00028256493338636723,0.00028243796139961456,0.9991022500646531,2.276983160977523e-09,-0.0004077711223228005,0.002645288842697449,0.002645288842697449,0.1766571515154633,1.0004495570854692,2.2749389994919693e-09]"
/multi_agv/m2b_algorithm_state,1789558523.3770323,1789558523.3770323,m2b_algorithm_state_v1:header6+3x20,"[1.0,-0.15,0.52,4.482840690441143,0.10125037853758273,1789558523.3769376,4.481426943832708,0.10107507364967806,0.0036904376666666654,0.0015413941071765178,0.0006966133744919386,0.0005691731061790328,0.004584685874999997,4.483120451827631,0.09915287020574293,0.0016935079949229603,-0.001922203443935136,-0.0019281858328959226,1.0062695453267552,1.229588880855505e-07,0.00018869916075777782,0.0017356304989914967,0.0017356304989914967,0.14195249750511849,0.9968974002097082,1.237297844077303e-07,4.482407472323529,0.10150177792802173,0.002796189458333334,-0.0009448822948100646,0.0016671969263537534,0.000754413225243139,-0.0017884964166666626,4.482216023455839,0.10021008896324649,-0.00019144886768973635,-0.001291688964775245,-0.0012943621716978943,1.0041592882409545,-3.395512310831287e-08,-0.0015336732563100647,0.005053469064242898,0.005053469064242898,0.1204688138788987,0.9979347303396987,-3.409635225257743e-08,4.481720803887996,0.10117406898112226,0.0036904376666666654,0.0013243094703001331,0.0009823780858389869,0.0005146321559853502,0.0032930326916666636,4.481129237271501,0.10103463401275731,-0.000591566616495065,-0.0001394349683649515,-0.000139465985456346,1.0004451312624878,5.549495925908669e-10,-0.0008789242560751772,0.004505663262425916,0.004505663262425916,0.1767041084853067,0.999777601030868,5.551966180036339e-10]"
/multi_agv/m2b_algorithm_state,1789558523.387108,1789558523.387108,m2b_algorithm_state_v1:header6+3x20,"[1.0,-0.15,0.52,4.483843320280853,0.10125036169391537,1789558523.387,4.482415916300646,0.1010752501420095,0.0036904376666666654,0.0015401399406468866,0.0006967247345315277,0.0005696588114972478,0.004584685874999997,4.484651075814347,0.09756954775652482,0.002235159513701568,-0.0035057023854846853,-0.0035258393933804834,1.0116393301234416,4.09076897016162e-07,-0.0007318900012535236,0.005664156870811106,0.005664156870811106,0.14193040347919247,0.994288733646347,4.138382780664063e-07,4.483396396329438,0.10150166604769198,0.002796189458333334,-0.0009435167324920949,0.0016671176648861419,0.0007538625303277202,-0.0017884964166666626,4.483856142613172,0.10070300340745349,0.0004597462837345745,-0.0007986626402384928,-0.0007996808220194806,1.002557417811405,-1.2958139118699085e-08,-0.00022499796735126246,0.00021145430721436595,0.00021145430721436595,0.12045491447960575,0.9987267647879606,-1.299127849448391e-08,4.4827097586933435,0.10117421942304673,0.0036904376666666654,0.0013234825059957188,0.000982414973681101,0.0005149714251649058,0.0032930326916666636,4.482835915616493,0.10281268613720801,0.00012615692314987825,0.0016384667141612769,0.0016342411214558734,0.9948740547340904,7.648209105669916e-08,0.0017919372753932212,-0.005815582060424656,-0.005815582060424656,0.17666086971407663,1.0025856604939907,7.609004804412022e-08]"
/multi_agv/m2b_algorithm_state,1789558523.3970883,1789558523.3970883,m2b_algorithm_state_v1:header6+3x20,"[1.0,-0.15,0.52,4.4848415489429,0.10125037339214658,1789558523.396954,4.483418540968214,0.10107520931054131,0.0036904376666666654,0.0015404290309362742,0.0006966984021630649,0.0005695471996058712,0.004584685874999997,4.485572155022014,0.09767224649810578,0.0021536140538005455,-0.003402962812435531,-0.003421922207353728,1.0112852430545638,3.854983058242408e-07,-0.0007299046401030461,0.005613334917862407,0.005613334917862407,0.14194096875571757,0.9944594313460858,3.8984874790258997e-07,4.4843990324309795,0.10150169126472998,0.002796189458333334,-0.0009438303761994185,0.001667136450380191,0.0007539887124438649,-0.0017884964166666626,4.484856819395465,0.10070300340745349,0.00045778696448550704,-0.0007986878572764922,-0.0007997061032017742,1.0025574984192385,-1.296326395583634e-08,-0.00022747239759489044,0.00021991119226783852,0.00021991119226783852,0.12046156587408112,0.9987267248290274,-1.2996417482911564e-08,4.483712387443365,0.10117418450647478,0.0036904376666666654,0.001323673469611986,0.0009824059806376358,0.0005148933277001749,0.0032930326916666636,4.484006664253589,0.10445273800248919,0.0002942768102238702,0.0032785534960144136,0.003261843833378808,0.989933800727069,3.058982153831274e-07,0.003629689846158646,-0.013198435056065135,-0.013198435056065135,0.17668156030944748,1.0051227659842612,3.0281898298984685e-07]"
/multi_agv/m2b_algorithm_state,1789558523.4072578,1789558523.4072578,m2b_algorithm_state_v1:header6+3x20,"[1.0,-0.15,0.52,4.485841213527618,0.1012503756043424,1789558523.4071538,4.48441677332006,0.1010752379451277,0.0036904376666666654,0.001540225399388888,0.0006967169348573771,0.0005696258256679353,0.004584685874999997,4.486704088226597,0.09929281185933317,0.002287314906537219,-0.0017824260857945279,-0.0017875646409843313,1.0058044897256457,1.0563650389943077e-07,0.0010715789921871923,-0.0014421192458202413,-0.0014421192458202413,0.14193595030304784,0.9971253877638943,1.0624966990096815e-07,4.4853972566561735,0.10150167317819989,0.002796189458333334,-0.0009436082639379404,0.0016671231398204256,0.0007538993581599207,-0.0017884964166666626,4.485849309637112,0.10016074541906161,0.00045205298093886626,-0.0013409277591382718,-0.0013438097303700729,1.0043202497221615,-3.654507332557715e-08,-0.00077874350419649,0.002408567044329957,0.002408567044329957,0.12045840652600596,0.9978553725526252,-3.6702957168458347e-08,4.484710616852467,0.10117420905311215,0.0036904376666666654,0.0013235384691528272,0.0009824121312654198,0.000514948645822732,0.0032930326916666636,4.484998125252306,0.10350621587285583,0.00028750839983970877,0.0023320068197436733,0.0023234917781084726,0.9927618922787717,1.5485995790321437e-07,0.0026828772779081086,-0.009335247801401743,-0.009335247801401743,0.17667173215639323,1.0036647608205151,1.5373906484620602e-07]"
/multi_agv/m2b_algorithm_state,1789558523.4171472,1789558523.4171472,m2b_algorithm_state_v1:header6+3x20,"[1.0,-0.15,0.52,4.486840381558398,0.10125038090107302,1789558523.4170613,4.485416438726894,0.10107524293040035,0.0036904376666666654,0.0015401900701098796,0.0006967209845702978,0.0005696390329928275,0.004584685874999997,4.487788279438902,0.09920748476556518,0.002371840712008577,-0.0018677581648351704,-0.0018734041306227409,1.0060882190558451,1.1599707383107244e-07,0.0010913967593879806,-0.0014729181371940553,-0.0014729181371940553,0.14193601631363525,0.9969862531552689,1.1670328942639305e-07,4.486396920214,0.10150167033013345,0.002796189458333334,-0.0009435695451646053,0.0016671200591460433,0.0007538841773731819,-0.0017884964166666626,4.486822523204943,0.09939823151725816,0.0004256029909424086,-0.002103438812875294,-0.002110571269879171,1.006835530768013,-8.996651265089918e-08,-0.0015785675312011602,0.005558272015461413,0.005558272015461413,0.12045844807755846,0.9966206035751232,-9.058148151621524e-08,4.4857102816419605,0.10117421355249337,0.0036904376666666654,0.0013235139330086956,0.0009824135772316563,0.0005149585291550213,0.0032930326916666636,4.485930719148157,0.10242868342817911,0.00022043750619626934,0.0012544698756857403,0.001251985616676294,0.996058170306353,4.484739653053997e-08,0.0015275324994216306,-0.004689911264097294,-0.004689911264097294,0.17667186141020175,1.0019842552313354,4.4670615731213126e-08]"
/multi_agv/m2b_algorithm_state,1789558523.427118,1789558523.427118,m2b_algorithm_state_v1:header6+3x20,"[1.0,-0.15,0.52,4.487842712359062,0.10125036589588869,1789558523.427011,4.4864156085793345,0.10107525508470157,0.0036904376666666654,0.001540104246285892,0.0006967301263424374,0.0005696714789808179,0.004584685874999997,4.488617234021606,0.09776266347654386,0.0022016254422716486,-0.0033125916081577084,-0.003330545179811686,1.0109744274589791,3.651969545663734e-07,-0.0005785133769721251,0.005043184633524295,0.005043184633524295,0.1419343241404708,0.9946094195740672,3.6920478205250215e-07,4.487396085979718,0.10150166331684789,0.002796189458333334,-0.0009434761935952557,0.001667113263960296,0.0007538472473246072,-0.0017884964166666626,4.487833721201561,0.10004220355178087,0.0004376352218429247,-0.00145945976506702,-0.0014628768212138512,1.0047084453147785,-4.3288866486629575e-08,-0.0009158327939101953,0.002944512831961153,0.002944512831961153,0.12045738277558898,0.9976641531964423,-4.349268974722062e-08,4.486709450116141,0.1011742243016696,0.0036904376666666654,0.0013234554941662638,0.0009824168563038697,0.0005149821544813728,0.0032930326916666636,4.487036478374435,0.10388588688575956,0.00032702825829389326,0.0027116625840899605,0.0027001824756790406,0.9916200204158082,2.0931460508169137e-07,0.003108967798546407,-0.011048083641042407,-0.011048083641042407,0.1766685475872199,1.0042516046653598,2.0756055296443362e-07]"
/multi_agv/m2b_algorithm_state,1789558523.4372504,1789558523.4372504,m2b_algorithm_state_v1:header6+3x20,"[1.0,-0.15,0.52,4.4888403828283225,0.10125038099955523,1789558523.437196,4.4874179347999235,0.10107521845880713,0.0036904376666666654,0.0015403638500501443,0.0006967068348963318,0.0005695710665439085,0.004584685874999997,4.489401695171251,0.09618960681734963,0.0019837603713277474,-0.004885611641457496,-0.004925128039353398,1.0164726830682358,7.952956349133502e-07,-0.002445427575193714,0.012227604491623384,0.012227604491623384,0.14194383104588115,0.9919765745011798,8.083962878528291e-07,4.488398422299575,0.10150168617514428,0.002796189458333334,-0.0009437581149026849,0.0016671298215378272,0.0007539608377667428,-0.0017884964166666626,4.488830980402813,0.10004220355178087,0.0004325581032382786,-0.0014594826233634145,-0.0014628997860843783,1.004708518827362,-4.3303154224401167e-08,-0.00092220215703653,0.002966734278019311,0.002966734278019311,0.1204633677957016,0.9976641170137086,-4.350704794135092e-08,4.487711779977689,0.1011741930537147,0.0036904376666666654,0.0013236266832813213,0.0009824089957672488,0.0005149120394110172,0.0032930326916666636,4.4881926945715405,0.10521670842881085,0.0004809145938518,0.004042515375096159,0.004017258451206588,0.9876967967355984,4.6477576800158693e-07,0.004618401693521338,-0.01714170209783111,-0.01714170209783111,0.17668716600773868,1.0062871045506134,4.5905753725549504e-07]"
/multi_agv/m2b_algorithm_state,1789558523.4472978,1789558523.4472978,m2b_algorithm_state_v1:header6+3x20,"[1.0,-0.15,0.52,4.489843248294229,0.10125036257708407,1789558523.4471529,4.488415610068198,0.10107525488312655,0.0036904376666666654,0.001540105538004263,0.0006967310454603745,0.0005696704409988095,0.004584685874999997,4.490352204933848,0.0960618421602373,0.001936594865650676,-0.005013412722889243,-0.0050550633879360984,1.0169276619748346,8.373719748111993e-07,-0.0026343198058727535,0.01293684078398293,0.01293684078398293,0.141936835904401,0.9917606047935513,8.515467245480031e-07,4.489396086944571,0.10150166369662111,0.002796189458333334,-0.0009434770421316756,0.0016671123487457251,0.0007538480911976758,-0.0017884964166666626,4.489938953053576,0.10062913889269874,0.0005428661090052245,-0.0008725248039223726,-0.0008737407008592606,1.002796272234105,-1.5465898165531065e-08,-0.00019515806460273003,0.0001387423127259704,0.0001387423127259704,0.1204589640558976,0.9986084007123711,-1.5509145027146837e-08,4.488709451472198,0.101174224418918,0.0036904376666666654,0.001323454871897225,0.000982417242700962,0.0005149822232267559,0.0032930326916666636,4.489168714950347,0.10394751557767665,0.0004592634781488414,0.0027732911587586423,0.002761288920556051,0.9914356174550563,2.1892669426772484e-07,0.0033353682682421026,-0.011890064214230582,-0.011890064214230582,0.17667346649061558,1.0043466071635034,2.1705172230871611e-07]"
/multi_agv/m2b_algorithm_state,1789558523.4572203,1789558523.4572203,m2b_algorithm_state_v1:header6+3x20,"[1.0,-0.15,0.52,4.4908372870828694,0.10125040068363227,1789558523.457081,4.489418469857928,0.10107521013356016,0.0036904376666666654,0.0015404226128395565,0.0006967022053942173,0.0005695480033451409,0.004584685874999997,4.491483842851117,0.09748017179590282,0.002065372993188319,-0.0035950383376573414,-0.0036162289450521134,1.0119478803166142,4.3029501299114993e-07,-0.0010345127035667145,0.006763025805981669,0.006763025805981669,0.1419482365643955,0.9941401366681261,4.3543612630720415e-07,4.4903989592691635,0.10150169146234832,0.002796189458333334,-0.0009438214007857866,0.0016671329248012512,0.0007539866557927377,-0.0017884964166666626,4.490945622606807,0.10062913889269874,0.000546663337643416,-0.0008725525696495762,-0.0008737685437717938,1.0027963610491564,-1.5472526067698357e-08,-0.00019043937171752377,0.00012171090896145528,0.00012171090896145528,0.12046614120570352,0.9986083567199974,-1.5515792836926125e-08,4.489712315755598,0.10117418613534374,0.0036904376666666654,0.0013236644678183257,0.000982407455651835,0.000514896462395702,0.0032930326916666636,4.490047515930928,0.10218219381393953,0.0003352001753302858,0.0010080076785957959,0.001006400681805725,0.996823708106094,2.896486397432962e-08,0.0014254009009685821,-0.0042095369588289605,-0.0042095369588289605,0.1766957943485911,1.0015967763328495,2.8872863111679867e-08]"
/multi_agv/m2b_algorithm_state,1789558523.4671378,1789558523.4671378,m2b_algorithm_state_v1:header6+3x20,"[1.0,-0.15,0.52,4.491837101279451,0.1012504010870748,1789558523.467031,4.490412520709228,0.1010753016458972,0.0036904376666666654,0.0015397744556400442,0.0006967632546112765,0.0005697971979163937,0.004584685874999997,4.4920469739560085,0.09786482315332315,0.0016344532467806872,-0.0032104784925740537,-0.0032273293203741774,1.010623967574361,3.429330934905748e-07,-0.0011842627618983185,0.007124002641395188,0.007124002641395188,0.14192838222123969,0.9947787082979899,3.4657640355599396e-07,4.491392983382789,0.10150163543298052,0.002796189458333334,-0.0009431170583282331,0.0016670888997563083,0.0007537042480447731,-0.0017884964166666626,4.491195404340856,0.09962607259364266,-0.00019757904193262732,-0.0018755628393378604,-0.001881223875387334,1.0060793603552094,-7.148429278796919e-08,-0.0021281976778031184,0.007400214386335098,0.007400214386335098,0.12045364196774953,0.9969907696135802,-7.191887156356455e-08,4.4907063571565935,0.10117426497201906,0.0036904376666666654,0.0013232333366919135,0.000982428428427085,0.0005150724317484175,0.0032930326916666636,4.490519734937153,0.1035541348653853,-0.0001866222194406575,0.002379869893366235,0.002371004961331657,0.9926173841499502,1.612390094735548e-07,0.002137727187030835,-0.007407650625511341,-0.007407650625511341,0.17665691159617417,1.0037388922331056,1.60048643806569e-07]"
/multi_agv/m2b_algorithm_state,1789558523.4771564,1789558523.4771564,m2b_algorithm_state_v1:header6+3x20,"[1.0,-0.15,0.52,4.492837473887673,0.10125039794577644,1789558523.4770572,4.491412335440116,0.10107530002927827,0.0036904376666666654,0.0015397882539950666,0.0006967660512842138,0.0005697897622345821,0.004584685874999997,4.492953096315697,0.09686394411583608,0.001540760875580638,-0.004211355913442183,-0.0042405697114579885,1.0140929067206919,5.904621399418552e-07,-0.002314618616982191,0.011498097646253256,0.011498097646253256,0.14192897790512285,0.9931108789611759,5.987834678021558e-07,4.492392796696446,0.10150163867093816,0.002796189458333334,-0.0009431334973100669,0.0016670862509871043,0.0007537127515900438,-0.0017884964166666626,4.4921921081039375,0.09962607259364266,-0.0002006885925087687,-0.0018755660772954985,-0.0018812271327827844,1.0060793708084241,-7.148578470951489e-08,-0.0021320878734187453,0.007413916737611508,0.007413916737611508,0.12045401699544336,0.9969907644916263,-7.192037330229521e-08,4.491706171701789,0.101174264561008,0.0036904376666666654,0.0013232380313747218,0.0009824301907889856,0.0005150694801088346,0.0032930326916666636,4.491667960056703,0.10479340168025905,-3.8211645086327906e-05,0.003619137119251048,0.0035988281858417084,0.9889315247787743,3.7253364179279657e-07,0.0035510636294837986,-0.013087554983111023,-0.013087554983111023,0.1766580781106039,1.005643207277646,3.6841026240954006e-07]"
/multi_agv/m2b_algorithm_state,1789558523.4872684,1789558523.4872684,m2b_algorithm_state_v1:header6+3x20,"[1.0,-0.15,0.52,4.493837135435951,0.10125039944347454,1789558523.4871519,4.4924127074154825,0.10107529008817338,0.0036904376666666654,0.0015398609002806453,0.000696762970687636,0.0005697598754703492,0.004584685874999997,4.493819910192514,0.09574068341863258,0.0014072027770311024,-0.005334606669540803,-0.005381878692739961,1.0180766787095559,9.481375119484002e-07,-0.0036228752214510834,0.016504703630369454,0.016504703630369454,0.14193155066435975,0.9912164457993214,9.652766891243691e-07,4.493393169857357,0.1015016468604518,0.002796189458333334,-0.0009432139071659366,0.0016670879090519009,0.0007537467440260487,-0.0017884964166666626,4.493356037243105,0.1011782561507376,-3.713261425186687e-05,-0.0003233907097141969,-0.00032355704788636624,1.0010299725679297,-2.123192015424381e-09,-0.0003699728157011998,0.0005140644164992353,0.0005140644164992353,0.1204556367088925,0.9994859077456174,-2.1253788449567154e-09,4.492706544390179,0.10117425688870416,0.0036904376666666654,0.001323282302180356,0.0009824298911403238,0.000515050446334678,0.0032930326916666636,4.492633214299479,0.10364920850823557,-7.333009070009666e-05,0.0024749516195314153,0.002465371104164613,0.9923307797831452,1.7437419833574094e-07,0.0023737084907894924,-0.008298454775396917,-0.008298454775396917,0.17666311624341252,1.003886033770177,1.7303688420856664e-07]"
/multi_agv/m2b_algorithm_state,1789558523.497164,1789558523.497164,m2b_algorithm_state_v1:header6+3x20,"[1.0,-0.15,0.52,4.494837234604586,0.10125039812720764,1789558523.497073,4.4934123697262125,0.1010752916140789,0.0036904376666666654,0.00153985211924113,0.0006967669870201467,0.0005697615926111343,0.004584685874999997,4.4949911056713745,0.09702415622984,0.001578735945162002,-0.004051135384238902,-0.004078136132252858,1.01353250656475,5.463567981455411e-07,-0.002104716200800356,0.010698958125823187,0.010698958125823187,0.14193160591718545,0.9933791449970453,5.537503751031414e-07,4.494392830289493,0.10150164776866974,0.002796189458333334,-0.0009432058091882289,0.0016670845606236995,0.0007537449755855435,-0.0017884964166666626,4.4943676061161355,0.1011782561507376,-2.5224173357152324e-05,-0.0003233916179321422,-0.00032355795703770584,1.0010299754584793,-2.123185704797081e-09,-0.00035508817373414625,0.00046129292291153395,0.00046129292291153395,0.12045567149433652,0.9994859063053602,-2.125372533966816e-09,4.493706206292149,0.10117425894767504,0.0036904376666666654,0.0013232731111041608,0.0009824319452468094,0.0005150533618709847,0.0032930326916666636,4.493577089322147,0.10236559076723682,-0.00012911697000195232,0.0011913318195617834,0.001189090264804875,0.9962538735820708,4.044110882915231e-08,0.0010276940523024345,-0.002878470491022403,-0.002878470491022403,0.17666322444931853,1.001885100587613,4.028961132299708e-08]"
/multi_agv/m2b_algorithm_state,1789558523.5071802,1789558523.5071802,m2b_algorithm_state_v1:header6+3x20,"[1.0,-0.15,0.52,4.495837379547045,0.10125039657694283,1789558523.5070646,4.494412468745516,0.10107528643069073,0.0036904376666666654,0.0015398908644703294,0.0006967664186776183,0.0005697450937996145,0.004584685874999997,4.496064021820935,0.09817867984393422,0.0016515530754190877,-0.0028966065867565144,-0.002910291330061255,1.0095516558797697,2.79121929753504e-07,-0.0008458499857873954,0.005801957815204109,0.005801957815204109,0.14193321061622352,0.9952978098228906,2.817880063750067e-07,4.495392929455045,0.10150165275694355,0.002796189458333334,-0.0009432494315811221,0.0016670845513759858,0.0007537638892077536,-0.0017884964166666626,4.49516716652595,0.10023315735256694,-0.00022576292909537443,-0.00126849540437661,-0.0012710730255459514,1.0040835397917862,-3.2689591415882426e-08,-0.0015532766869151694,0.005114481652345813,0.005114481652345813,0.12045668173982889,0.9979720904168867,-3.282308066320642e-08,4.494706305613199,0.10117425519398861,0.0036904376666666654,0.0013232956984751865,0.0009824324208230987,0.0005150433237759511,0.0032930326916666636,4.494647533807492,0.10277830453107395,-5.8771805706570035e-05,0.001604049337085342,0.0015999983491559225,0.9949797612023117,7.329419099386282e-08,0.00152653359202271,-0.004851886558447302,-0.004851886558447302,0.17666636690642779,1.002531870068214,7.292623665259026e-08]"
/multi_agv/m2b_algorithm_state,1789558523.5174048,1789558523.5174048,m2b_algorithm_state_v1:header6+3x20,"[1.0,-0.15,0.52,4.496849747941426,0.10125031640668951,1789558523.5171168,4.495412613414346,0.10107528092710127,0.0036904376666666654,0.0015399317025207833,0.0006967652421693052,0.0005697280041719681,0.004584685874999997,4.49715315283127,0.09859327320597526,0.0017405394169243138,-0.0024820077211260144,-0.002492024088681096,1.008146510088889,2.0488749940820578e-07,-0.0003163498175257039,0.003760562856880249,0.003760562856880249,0.14193497741770847,0.9959806297216082,2.0655661748922196e-07,4.496393074567022,0.10150165774364896,0.002796189458333334,-0.0009432952839843844,0.0016670850599300735,0.0007537835001183435,-0.0017884964166666626,4.4961703373517015,0.10023315735256694,-0.0002227372153207341,-0.0012685003910820197,-0.0012710780324412835,1.0040835558009964,-3.269143688763937e-08,-0.0015494995515922011,0.005101089735798441,0.005101089735798441,0.12045779403909304,0.9979720825209187,-3.2824934194384794e-08,4.495706450659768,0.1011742510600783,0.0036904376666666654,0.00132332016857843,0.0009824326228779602,0.0005150326118618462,0.0032930326916666636,4.495711734804382,0.10317064542147406,5.2841446134266334e-06,0.001996394361395759,0.0019901379421302548,0.9937797516283781,1.135034497684026e-07,0.001996743122897038,-0.006718652995480507,-0.006718652995480507,0.17666982688160227,1.003143711364453,1.1279743011980721e-07]"
/multi_agv/m2b_algorithm_state,1789558523.5274112,1789558523.5274112,m2b_algorithm_state_v1:header6+3x20,"[1.0,-0.15,0.52,4.49784240029462,0.10125036475041538,1789558523.527025,4.49642495649105,0.10107508845221787,0.0036904376666666654,0.0015412945501628987,0.0006966370332738947,0.0005692039539809316,0.004584685874999997,4.4981186715784185,0.09804259795558916,0.0016937150873683748,-0.003032490496628709,-0.00304750465979409,1.0100150106477306,3.0623021467374927e-07,-0.0009303608005836214,0.006158478777200068,0.006158478777200068,0.14195250348205105,0.9950732927947697,3.092971135343637e-07,4.497405473759604,0.10150177548974289,0.002796189458333334,-0.0009447759317701989,0.0016671774545322648,0.0007543772491601514,-0.0017884964166666626,4.497682052941166,0.10270758332115548,0.0002765791815626528,0.0012058078314125947,0.0012035219302712848,0.9962258705984934,-2.9535058123247044e-08,0.0015492459072246009,-0.007012437181373347,-0.007012437181373347,0.12046881042661592,1.001899343155961,-2.9423588992008893e-08,4.496718813573625,0.10117408527810776,0.0036904376666666654,0.0013242264789890801,0.0009823885628814201,0.0005146626798468172,0.0032930326916666636,4.496945541861184,0.10242503954490174,0.00022672828755876395,0.0012509542667939882,0.0012484838422695775,0.9960690528533157,4.4620532052592364e-08,0.0015318942017180325,-0.004703089840064643,-0.004703089840064643,0.1767040968305003,1.0019787396847042,4.444513109943669e-08]"
/multi_agv/m2b_algorithm_state,1789558523.5372388,1789558523.5372388,m2b_algorithm_state_v1:header6+3x20,"[1.0,-0.15,0.52,4.498842795491094,0.10125036265175992,1789558523.5371373,4.497417623424599,0.1010752090080475,0.0036904376666666654,0.0015404366864709635,0.0006967107439360013,0.0005695374617438603,0.004584685874999997,4.499020678701147,0.09826365256703613,0.0016030552765480266,-0.002811556441011373,-0.002824441134088763,1.0092623697214416,2.6305022341975536e-07,-0.0008206220384037299,0.005677268124807288,0.005677268124807288,0.1419524908917217,0.9954381442325414,2.6548669184437696e-07,4.498398108771836,0.10150169783115141,0.002796189458333334,-0.0009438414454953749,0.00166712543164671,0.0007539992422081476,-0.0017884964166666626,4.498700765706698,0.10270758332115548,0.000302656934862533,0.0012058854900040689,0.0012035992933410091,0.996225626873676,-2.9509654236311674e-08,0.0015819204619191753,-0.007128023411829396,-0.007128023411829396,0.1204688176959423,1.001899466604632,-2.9398273790395024e-08,4.497711468687426,0.10117418741204717,0.0036904376666666654,0.001323663763057052,0.000982412542624012,0.0005148941219261516,0.0032930326916666636,4.497960419898334,0.10242765845023355,0.0002489512109073999,0.0012534710381863767,0.0012509907139982913,0.9960612626612866,4.478111474979034e-08,0.0015621797276325412,-0.004812828725962549,-0.004812828725962549,0.17670412137371402,1.0019826879291198,4.4604733701056135e-08]"
/multi_agv/m2b_algorithm_state,1789558523.5472562,1789558523.5472562,m2b_algorithm_state_v1:header6+3x20,"[1.0,-0.15,0.52,4.499837834314454,0.10125039450692556,1789558523.5471146,4.498418017819742,0.10107520496710753,0.0036904376666666654,0.0015404642814856309,0.0006967066431489142,0.0005695276334623546,0.004584685874999997,4.50000069767964,0.09826365256703613,0.0015826798598981284,-0.0028115524000714015,-0.0028244370564165736,1.0092623564873346,2.6305418370287635e-07,-0.0008460872315439131,0.005766773680544797,0.005766773680544797,0.14195249224132167,0.9954381506516846,2.654906853278172e-07,4.499398505030668,0.10150169941950461,0.002796189458333334,-0.0009438707877250123,0.0016671286187222023,0.0007540103032340345,-0.0017884964166666626,4.499675397281624,0.10218380688634084,0.0002768922509561733,0.0006821074668362237,0.0006813730658672501,0.9978522409711486,-9.445710266678744e-09,0.0010274883795624668,-0.0049077929816902155,-0.0049077929816902155,0.12046881691678114,1.0010778250649501,-9.42542315716957e-09,4.498711863622872,0.10117418356866766,0.0036904376666666654,0.0013236837486069277,0.0009824108295183546,0.0005148863500451122,0.0032930326916666636,4.498981968014871,0.10242765845023355,0.0002701043919985935,0.0012534748815658942,0.0012509945421102084,0.9960612505506722,4.4782066167725135e-08,0.0015886250321084502,-0.0049071047384255904,-0.0049071047384255904,0.17670411874460693,1.001982694066356,4.4605680829267245e-08]"
/multi_agv/m2b_algorithm_state,1789558523.5571508,1789558523.5571508,m2b_algorithm_state_v1:header6+3x20,"[1.0,-0.15,0.52,4.500834973181952,0.10125041210067537,1789558523.5570228,4.4994130666284535,0.10107528190443556,0.0036904376666666654,0.0015399190644221914,0.0006967572355902614,0.0005697376468326381,0.004584685874999997,4.501164252335297,0.10021202151817737,0.0017511857068432946,-0.0008632603862581828,-0.0008644573836999519,1.0027822287531165,2.4758111793168145e-08,0.0013245247498541663,-0.0027602701057156476,-0.0027602701057156476,0.14194160241373713,0.9986153193155157,2.482699452367197e-08,4.500393531744944,0.1015016519625702,0.002796189458333334,-0.0009432782779077564,0.0016670922914689967,0.0007537723669339552,-0.0017884964166666626,4.500492430239981,0.10077654180990309,9.889849503696979e-05,-0.0007251101526671161,-0.0007259489654058831,1.0023199598607235,-1.067805673335333e-08,-0.0006023258466096708,0.001515028799460835,0.001515028799460835,0.12046196478272708,0.9988445293281767,-1.0702829396365238e-08,4.499706904569965,0.10117424965377089,0.0036904376666666654,0.0013233220130087564,0.0009824280986521668,0.0005150341656200348,0.0032930326916666636,4.500041604054909,0.10412536513938989,0.0003346994849433571,0.0029511154856189936,0.0029375430879245087,0.9909050316251741,2.4784373621443446e-07,0.003355917444103705,-0.012052489391264097,-0.012052489391264097,0.17668280126687122,1.0046203229325479,2.455896052716655e-07]"
/multi_agv/m2b_algorithm_state,1789558523.5674195,1789558523.5674195,m2b_algorithm_state_v1:header6+3x20,"[1.0,-0.15,0.52,4.501841325808447,0.10125037036302027,1789558523.5671768,4.500410211337595,0.10107532206705037,0.0036904376666666654,0.001539636725371002,0.0006967869918659269,0.0005698445514192182,0.004584685874999997,4.502196310118408,0.1004817697882792,0.001786098780812928,-0.00059355227877117,-0.0005941170124952252,1.0019071557504076,1.1700148584351425e-08,0.0016385064635209348,-0.003998166986366578,-0.003998166986366578,0.14193272525823863,0.9990494570729704,1.1722462590004694e-08,4.501390663318137,0.10150162924170619,0.002796189458333334,-0.0009429730018536203,0.0016670704085548493,0.0007536514230924718,-0.0017884964166666626,4.501671626913168,0.10330198822387018,0.0002809635950304923,0.001800358982163991,0.001795286053847325,0.9944030984413118,-6.568740921218449e-08,0.0021464905476354405,-0.009425438451955467,-0.009425438451955467,0.12045637618496573,1.0028256936023063,-6.531976324917862e-08,4.500704044890124,0.10117428499326954,0.0036904376666666654,0.001323130890230732,0.0009824390025352072,0.0005151113381638753,0.0032930326916666636,4.500829100761382,0.10170425256402693,0.00012505587125755113,0.000529967570757392,0.0005295217535614402,0.9983209410394149,8.006010477552408e-09,0.0006858415926333791,-0.0013550589429893079,-0.0013550589429893079,0.17666541645312092,1.000841924232486,7.992567913921536e-09]"
/multi_agv/m2b_algorithm_state,1789558523.5771728,1789558523.5771728,m2b_algorithm_state_v1:header6+3x20,"[1.0,-0.15,0.52,4.502837813310791,0.10125039287139027,1789558523.5770812,4.501416551121907,0.10107521950418079,0.0036904376666666654,0.0015403652180579568,0.0006967221042136979,0.0005695625313218208,0.004584685874999997,4.503018823454186,0.09880847997347159,0.0016022723322786092,-0.0022667395307092025,-0.0022750802666076297,1.0074219858923508,1.709123141909104e-07,-0.0002722398512593682,0.0035112509589064955,0.0035112509589064955,0.14195249150231937,0.9963338718106574,1.7218082297566434e-07,4.502397031356083,0.10150169406240184,0.002796189458333334,-0.0009437659707594928,0.0016671166429098605,0.0007539710981447068,-0.0017884964166666626,4.502724323779308,0.1035900953840535,0.0003272924232247121,0.0020884013216516673,0.0020815902278739844,0.9935290218208876,-8.84431878590949e-08,0.0024907057569048745,-0.01079573580984904,-0.01079573580984904,0.1204688173437659,1.0032720627174734,-8.787087392036757e-08,4.50171039494735,0.10117419752247818,0.0036904376666666654,0.0013236114086464046,0.0009824174473414878,0.0005149142643250679,0.0032930326916666636,4.501822445515407,0.10152095512849385,0.000112050568056965,0.0003467576060156713,0.00034656648315966205,0.9988991028336498,3.429130657607273e-09,0.0004866296932308683,-0.0005622591913911326,-0.0005622591913911326,0.17670412019131912,1.0005514753021318,3.4253555373832686e-09]"
/multi_agv/m2b_algorithm_state,1789558523.5871947,1789558523.5871947,m2b_algorithm_state_v1:header6+3x20,"[1.0,-0.15,0.52,4.503837837416136,0.10125039225677847,1789558523.5870833,4.502413045663087,0.1010752737468562,0.0036904376666666654,0.0015399810677192405,0.000696757855947183,0.0005697104483294218,0.004584685874999997,4.503916817191696,0.09813721552230334,0.0015037715286085884,-0.002938058224552856,-0.0029521418279156663,1.009692850195783,2.871923286702787e-07,-0.0010724274171549308,0.00661564405131063,0.00661564405131063,0.14194528934121675,0.9952293608560284,2.899760408894578e-07,4.50339351031053,0.10150166074508098,0.002796189458333334,-0.0009433488300751554,0.0016670909992173577,0.00075380362107208,-0.0017884964166666626,4.503338462050858,0.10160900089003949,-5.5048259671508504e-05,0.00010734014495851485,0.00010732187891694626,0.999659798964848,-2.338783355964187e-10,3.851155432756063e-05,-0.0011284358898723025,-0.0011284358898723025,0.12046428583547765,1.0001701986747988,-2.3379876994454913e-10,4.502706883958755,0.10117424412223368,0.0036904376666666654,0.0013233565409179501,0.000982429717893707,0.0005150183569065749,0.0032930326916666636,4.503030041905038,0.1029514756697121,0.00032315794628345884,0.0017772315474784278,0.0017722651294399304,0.9944487287237135,8.996773339154966e-08,0.002176212562294254,-0.007254538662992855,-0.007254538662992855,0.17669002206799972,1.0028022996988417,8.946829809738055e-08]"
/multi_agv/m2b_algorithm_state,1789558523.5969467,1789558523.5969467,m2b_algorithm_state_v1:header6+3x20,"[1.0,-0.15,0.52,4.504837288437131,0.10125039531325454,1789558523.5968466,4.503413069731095,0.10107527094118764,0.0036904376666666654,0.001540002333232946,0.0006967578419814656,0.0005697012378857861,0.004584685874999997,4.5049452903038505,0.09915208234638459,0.0015322205727557048,-0.0019231885948030464,-0.0019291771459756994,1.006272811524053,1.2297378745299944e-07,-1.3901430031068454e-05,0.0024489274938514745,0.0024489274938514745,0.1419466285153386,0.9968958002715586,1.2374517884409105e-07,4.504393534340347,0.10150166367060677,0.002796189458333334,-0.0009433730593253866,0.0016670907726332729,0.0007538142414848792,-0.0017884964166666626,4.50435602356131,0.10160900089003949,-3.751077903757505e-05,0.00010733721943272101,0.0001073189543871308,0.9996598082391265,-2.338715912166278e-10,6.043048059016199e-05,-0.001206300454032276,-0.001206300454032276,0.12046512888750448,1.0001701940323078,-2.337920300281935e-10,4.503706908176967,0.10117424215854103,0.0036904376666666654,0.001323368670676142,0.0009824301682892058,0.0005150128648686286,0.0032930326916666636,4.503846305188777,0.10418919235491703,0.00013939701180998298,0.003014950196376001,0.0030007911590016864,0.9907151014754545,2.586783301640198e-07,0.003175037423764165,-0.011435447326014892,-0.011435447326014892,0.17669264487834863,1.0047184347807214,2.56276528117948e-07]"
/multi_agv/m2b_algorithm_state,1789558523.607122,1789558523.607122,m2b_algorithm_state_v1:header6+3x20,"[1.0,-0.15,0.52,4.5058394886391,0.10125038077443897,1789558523.6069796,4.504412521852475,0.1010752770128271,0.0036904376666666654,0.00153996072599955,0.0006967636151832927,0.000569716269980294,0.004584685874999997,4.506122216329392,0.10118555450273499,0.0017096944769168232,0.000110277489907884,0.00011025809927795516,0.9996484767243401,4.037615829177317e-10,0.002247376195423984,-0.006490989297000366,-0.006490989297000366,0.14194593823122797,1.0001758658099116,4.0361965132351885e-10,4.505392983907248,0.1015016611219318,0.002796189458333334,-0.0009433290314159277,0.0016670864103494054,0.0007537974260317659,-0.0017884964166666626,4.505304969881473,0.10260188172991185,-8.801402577507389e-05,0.0011002206079800403,0.001098315982483202,0.9965521966639664,-2.455324736769544e-08,0.0009882984502643597,-0.0049620903057917415,-0.0049620903057917415,0.12046469434408563,1.0017341325513007,-2.4468592599510645e-08,4.504706359551671,0.10117424780500474,0.0036904376666666654,0.0013233391670758104,0.0009824325973092577,0.000515024390068116,0.0032930326916666636,4.504677027601412,0.10215564988244251,-2.9331950258892903e-05,0.0009814020774377707,0.0009798784863971233,0.9969066100311509,2.744980335440911e-08,0.0009432135485735072,-0.002479664669258505,-0.002479664669258505,0.17669129297768119,1.0015548775300185,2.73648904080657e-08]"
/multi_agv/m2b_algorithm_state,1789558523.6169987,1789558523.6169987,m2b_algorithm_state_v1:header6+3x20,"[1.0,-0.15,0.52,4.506839288511705,0.10125038199830493,1789558523.6168954,4.505414717577402,0.10107524099037639,0.0036904376666666654,0.001540217028188779,0.0006967411307973841,0.0005696168688520322,0.004584685874999997,4.507189620417956,0.10038051777857601,0.0017749028405535938,-0.0006947232118003771,-0.000695497462061826,1.0022347869189285,1.6035822076697098e-08,0.0015231310886301662,-0.003541575759730974,-0.003541575759730974,0.14195249074598432,0.9988867676682046,1.6071658722108366e-08,4.506395189454236,0.10150168418924709,0.002796189458333334,-0.0009436085445639212,0.0016671024454080197,0.0007539102444243245,-0.0017884964166666626,4.50663485246332,0.10350896907119997,0.000239663009084623,0.002007284881952884,0.0020009887336680794,0.9937745816418164,-8.169738410911276e-08,0.002300567495023858,-0.010076467047727557,-0.010076467047727557,0.12046881778063324,1.0031465186079598,-8.118878371426431e-08,4.505708558885662,0.10117421714369346,0.0036904376666666654,0.0013235080040545767,0.0009824252636574824,0.0005149550205007696,0.0032930326916666636,4.505686963330342,0.10208660334180454,-2.1595555319997572e-05,0.0009123861981110842,0.000911068672656989,0.9971218883576457,2.3729019591943456e-08,0.0008840742285069921,-0.0022368227768333844,-0.0022368227768333844,0.17670412166901173,1.0014461318818622,2.366072482439423e-08]"
/multi_agv/m2b_algorithm_state,1789558523.6272132,1789558523.6272132,m2b_algorithm_state_v1:header6+3x20,"[1.0,-0.15,0.52,4.507844737889676,0.10125034708010187,1789558523.6269157,4.5064145177911605,0.10107524384972576,0.0036904376666666654,0.001540197045181106,0.0006967430163479448,0.0005696245498905793,0.004584685874999997,4.508076539191204,0.09855049933361809,0.0016620214000431233,-0.002524744516107666,-0.0025351121264430717,1.008290763946449,2.1204651293980854e-07,-0.0004575853763891676,0.0042763643664883375,0.0042763643664883375,0.14195249102499233,0.9959103937741987,2.138045405242601e-07,4.507394988902881,0.10150168256595177,0.002796189458333334,-0.0009435873131704185,0.0016671011735294172,0.0007539017029405681,-0.0017884964166666626,4.507512561282052,0.10158765581013221,0.00011757237917109364,8.597324418044283e-05,8.596152446974018e-05,0.9997274525558403,-1.5007505875902715e-10,0.00023292699843360722,-0.0018094273551461854,-0.0018094273551461854,0.12046881761767769,1.0001363367015064,-1.5003415618533025e-10,4.506708358841072,0.10117421957923721,0.0036904376666666654,0.0013234948988715997,0.0009824259897614155,0.000514960323398787,0.0032930326916666636,4.507095593286497,0.10361498192998848,0.0003872344454247667,0.0024407623507512743,0.002431442275447085,0.992433758951438,1.696214527691601e-07,0.0029154853322280435,-0.010221280365673881,-0.010221280365673881,0.17670412111012204,1.0038331468520985,1.6833805597050136e-07]"
/multi_agv/m2b_algorithm_state,1789558523.6370811,1789558523.6370811,m2b_algorithm_state_v1:header6+3x20,"[1.0,-0.15,0.52,4.508837184150771,0.10125039575450268,1789558523.6368504,4.507419956033967,0.10107516054562968,0.0036904376666666654,0.0015407864759526967,0.000696686689052583,0.0005693983546837893,0.004584685874999997,4.508922600118002,0.09777497993461114,0.0015026440840344435,-0.003300180611018541,-0.003317998266170402,1.0109318046790867,3.6262342347968215e-07,-0.0014396931611273477,0.008058971437134162,0.008058971437134162,0.1419525014736318,0.9946299986550547,3.665875519172238e-07,4.508400451874226,0.10150173308669273,0.002796189458333334,-0.0009442275702083863,0.0016671419536518073,0.0007541580197725772,-0.0017884964166666626,4.508525436737625,0.10158765581013221,0.00012498486339929116,8.592272343947716e-05,8.59110175020552e-05,0.999727612744117,-1.5000041457997977e-10,0.00024214209675116913,-0.0018427682350433852,-0.0018427682350433852,0.12046881158749222,1.0001362565333565,-1.4995955637867103e-10,4.507713805760833,0.10117414760798321,0.0036904376666666654,0.0013238878953836606,0.000982406492585186,0.0005148001163623895,0.0032930326916666636,4.5082526813084955,0.10496475198497512,0.0005388755476625207,0.003790604376991913,0.0037683544976731343,0.9884299528103216,4.0881618799409297e-07,0.004441948932251285,-0.016376988486196606,-0.016376988486196606,0.17670410074712467,1.0059044018636032,4.0408616540709687e-07]"
/multi_agv/m2b_algorithm_state,1789558523.6472464,1789558523.6472464,m2b_algorithm_state_v1:header6+3x20,"[1.0,-0.15,0.52,4.5098460471284145,0.10125033836473908,1789558523.6471293,4.508412417328476,0.10107527931990884,0.0036904376666666654,0.0015399438029063735,0.0006967628943993272,0.0005697239803456932,0.004584685874999997,4.509985586653189,0.09869715946113333,0.0015731693247129641,-0.002378119858775507,-0.0023873080948309537,1.007796423729208,1.8808341066807139e-07,-0.0004208464389397486,0.004082792126755556,0.004082792126755556,0.1419505843232851,0.9961512148032585,1.8954978863407433e-07,4.509392880015503,0.10150165880259857,0.002796189458333334,-0.0009433113461633103,0.0016670875941979801,0.0007537891442876837,-0.0017884964166666626,4.509349697733907,0.10103631371614805,-4.3182281595832706e-05,-0.0004653450864505193,-0.00046568987567060485,1.0014844740800837,-4.397157379307442e-09,-0.0005196677276653957,0.0011075665017937298,0.0011075665017937298,0.12046761917560223,0.9992596162422707,-4.403684845463072e-09,4.508706255108333,0.10117424914100061,0.0036904376666666654,0.0013233310632861299,0.0009824321470756295,0.0005150281369258485,0.0032930326916666636,4.509184833523337,0.10396099856680123,0.0004785784150040939,0.002786749425800622,0.0027746316591904466,0.9913953864056672,2.2103371405495734e-07,0.003372854677945564,-0.01203125479698777,-0.01203125479698777,0.17670039263900938,1.0043673424434691,2.1913180435419417e-07]"
/multi_agv/m2b_algorithm_state,1789558523.657003,1789558523.657003,m2b_algorithm_state_v1:header6+3x20,"[1.0,-0.15,0.52,4.510838806765847,0.10125038534067465,1789558523.6568248,4.509421262237265,0.1010751411498848,0.0036904376666666654,0.0015409224906914347,0.000696671434424267,0.0005693473326050996,0.004584685874999997,4.510629688954473,0.09943561644586929,0.0012084267172074448,-0.0016395247040155159,-0.0016438676768407619,1.0053305522635556,8.940915670733853e-08,-0.0001333342803314559,0.0027452538584333474,0.0027452538584333474,0.14195250511097296,0.9973580763911651,8.988575689000743e-08,4.510401764941865,0.10150174365803184,0.002796189458333334,-0.0009443748371086537,0.001667153440352287,0.0007542158798782422,-0.0017884964166666626,4.51035639931506,0.10103631371614805,-4.536562680534928e-05,-0.0004654299418837965,-0.0004657748566848414,1.0014847444977706,-4.403718883422426e-09,-0.000522481890191528,0.0011165143373966123,0.0011165143373966123,0.12046880948642649,0.9992594817086095,-4.410257280804316e-09,4.509715114206113,0.10117413028630064,0.0036904376666666654,0.0013239811831435434,0.000982400833243081,0.0005147626234968694,0.0032930326916666636,4.510171496061182,0.1034571336416718,0.0004563818550691323,0.0022830033553711687,0.0022748393687131003,0.9929100087190698,1.4847520116641098e-07,0.0028453166875495157,-0.009892082847451888,-0.009892082847451888,0.17670409364902975,1.0035888189602975,1.4742251328470677e-07]"
/multi_agv/m2b_algorithm_state,1789558523.6672451,1789558523.6672451,m2b_algorithm_state_v1:header6+3x20,"[1.0,-0.15,0.52,4.511843442614347,0.10125035550350907,1789558523.6670952,4.510414036291427,0.10107525655030654,0.0036904376666666654,0.0015401029369633938,0.0006967444332014231,0.0005696646048895301,0.004584685874999997,4.511620057350467,0.09871134133500471,0.0012060210590405518,-0.002363915215301826,-0.002372993048252231,1.0077486209407047,1.858607439486549e-07,-0.0008654667244515414,0.005641654328537372,0.005641654328537372,0.1419524927166309,0.996174521894579,1.873009084012704e-07,4.511394507273689,0.10150167079297417,0.002796189458333334,-0.0009434831204002516,0.0016671015235250053,0.0007538563568985635,-0.0017884964166666626,4.511035442046226,0.10112397461017154,-0.00035906522746298464,-0.00037769618280263095,-0.00037792316951058456,1.001203672092443,-2.8970743184683717e-09,-0.0008267547038393154,0.0021573326459578576,0.0021573326459578576,0.12046881664469432,0.9993993839852486,-2.900561445975246e-09,4.510707876732426,0.10117422867874325,0.0036904376666666654,0.001323440757260477,0.0009824251475578196,0.0005149842297015464,0.0032930326916666636,4.510610635392396,0.10380193934700413,-9.724134002997431e-05,0.0026277106682608825,0.002616923517025885,0.9918716475197202,1.9656491659794848e-07,0.002495371841988417,-0.00880837792825708,-0.00880837792825708,0.1767041178167177,1.004122073558824,1.9496716767058357e-07]"
/multi_agv/m2b_algorithm_state,1789558523.6770523,1789558523.6770523,m2b_algorithm_state_v1:header6+3x20,"[1.0,-0.15,0.52,4.512840835281139,0.10125037275697348,1789558523.676941,4.511418662744539,0.1010751847744734,0.0036904376666666654,0.0015406112311218971,0.0006966968744682943,0.0005694690180845729,0.004584685874999997,4.5124390936778145,0.09716507785616378,0.001020430933275307,-0.003910106918309619,-0.003935233920383107,1.013040862333246,5.091854907748125e-07,-0.0026596952537889735,0.012583960855640139,0.012583960855640139,0.14195250170316237,0.9936148644319873,5.158257086620931e-07,4.512399154541388,0.10150171480798956,0.002796189458333334,-0.0009440353586774052,0.0016671357811244292,0.000754077913441481,-0.0017884964166666626,4.51204285020493,0.10112397461017154,-0.00035630433645827964,-0.0003777401978180134,-0.0003779672373733655,1.001203812247013,-2.899445193095176e-09,-0.000823347657946215,0.0021447208777973428,0.0021447208777973428,0.12046881145589175,0.9993993141920715,-2.902935580728167e-09,4.511712510557112,0.10117416692806423,0.0036904376666666654,0.0013237784221339232,0.0009824088428495251,0.0005148463461890889,0.0032930326916666636,4.511671126320637,0.10408514743747793,-4.1384236475039415e-05,0.0029109805094136992,0.0028977707242142533,0.9910245820146965,2.412388816775988e-07,0.002846040428620454,-0.010203688409362097,-0.010203688409362097,0.17670410029862585,1.0045586026144382,2.390736618802352e-07]"
/multi_agv/m2b_algorithm_state,1789558523.687049,1789558523.687049,m2b_algorithm_state_v1:header6+3x20,"[1.0,-0.15,0.52,4.513843968904738,0.10125035293507839,1789558523.686983,4.5124160606259744,0.10107522775876264,0.0036904376666666654,0.001540305340670396,0.0006967232547129493,0.0005695878872369551,0.004584685874999997,4.513332952934875,0.09624394102277045,0.0009168923089006853,-0.004831286735992188,-0.004869913496194781,1.0162796570599897,7.776523003369762e-07,-0.003723798110068924,0.016663252082938,0.016663252082938,0.1419524976386397,0.9920682861753551,7.903122130983743e-07,4.513396541004492,0.10150168713786095,0.002796189458333334,-0.0009437021103606115,0.0016671171700597398,0.0007539431426624166,-0.0017884964166666626,4.513088398110514,0.09974984412740076,-0.00030814289397795847,-0.0017518430104601912,-0.001756777214460688,1.0056704131987768,-6.239808182980936e-08,-0.002141955831933136,0.007396527815465798,0.007396527815465798,0.12046881380125334,0.997191331968629,-6.275190473659547e-08,4.51270990421295,0.10117420337429685,0.0036904376666666654,0.0013235776059186814,0.000982417436399442,0.0005149289221562099,0.0032930326916666636,4.5126976169720905,0.1039573025871373,-1.2287240859443216e-05,0.002783099212840451,0.002771012827429723,0.9914062921869171,2.2049678037919006e-07,0.002755653776355419,-0.00981696059278646,-0.00981696059278646,0.17670410822518928,1.004361721205722,2.186018954748858e-07]"
/multi_agv/m2b_algorithm_state,1789558523.6969225,1789558523.6969225,m2b_algorithm_state_v1:header6+3x20,"[1.0,-0.15,0.52,4.514839232405509,0.10125038368784912,1789558523.6968362,4.513419187910837,0.10107518085420099,0.0036904376666666654,0.0015406366730810256,0.0006966911039508971,0.0005694609915623232,0.004584685874999997,4.514838167990531,0.09866728214820815,0.0014189800796939878,-0.002407898705992839,-0.0024173206157579947,1.0078967022755907,1.9291388726039277e-07,-0.00064359551614051,0.004880380952966084,0.004880380952966084,0.141952503913205,0.9961023334249764,1.9443727079291496e-07,4.514399682402634,0.10150171519686539,0.002796189458333334,-0.0009440614812931507,0.0016671404936872136,0.0007540867853609856,-0.0017884964166666626,4.514079877147444,0.09974984412740076,-0.00031980525518982006,-0.0017518710694646306,-0.0017568054307067198,1.0056705036796392,-6.242383637659012e-08,-0.0021565619996939947,0.0074477070921287105,0.0074477070921287105,0.12046881017863023,0.9971912875746836,-6.277781097046077e-08,4.513713036400744,0.10117416275416881,0.0036904376666666654,0.0013237988944308824,0.000982406160462546,0.0005148388674873963,0.0032930326916666636,4.513685402361545,0.10300863182428607,-2.7634039199142535e-05,0.0018344690701172645,0.0018291798946376255,0.994273681261971,9.588407827653862e-08,0.0017946373456386973,-0.005918392631213663,-0.005918392631213663,0.17670409598747,1.0028915556611706,9.533501548242504e-08]"
/multi_agv/m2b_algorithm_state,1789558523.7072709,1789558523.7072709,m2b_algorithm_state_v1:header6+3x20,"[1.0,-0.15,0.52,4.515840789241026,0.10125037357155954,1789558523.7071195,4.514414460925438,0.10107525607422743,0.0036904376666666654,0.001540102654363861,0.000696739244405364,0.0005696674263049924,0.004584685874999997,4.515985286551858,0.1000009412107756,0.0015708256264206355,-0.0010743148634518307,-0.001076171658876479,1.0034707043135043,3.835408747907229e-08,0.0008873603741493153,-0.0011161794819276381,-0.0011161794819276381,0.14195249602717408,0.9982746289503787,3.848720317592643e-08,4.515394934453926,0.10150166795037929,0.002796189458333334,-0.000943480432253202,0.0016671061452520064,0.000753852787590506,-0.0017884964166666626,4.5152554328825545,0.1007643343845315,-0.00013950157137188057,-0.000737333565847792,-0.0007382009772314198,1.0023593944197087,-1.1043555976897802e-08,-0.0009125779414462705,0.002618719950198284,0.002618719950198284,0.12046881473215494,0.9988249658150263,-1.1069612081243434e-08,4.514708301837163,0.10117422703894065,0.0036904376666666654,0.001323446028113583,0.0009824222817164333,0.0005149834356433453,0.0032930326916666636,4.514715317283764,0.10257496921686718,7.0154466014216155e-06,0.001400742177926531,0.0013976482416196466,0.9956058805346811,5.590679118904746e-08,0.0014064175498714237,-0.00432704552901768,-0.00432704552901768,0.1767041113701339,1.002213673093667,5.566113006964015e-08]"
/multi_agv/m2b_algorithm_state,1789558523.7171166,1789558523.7171166,m2b_algorithm_state_v1:header6+3x20,"[1.0,-0.15,0.52,4.516837416225241,0.10125039506533338,1789558523.7169828,4.515416014674659,0.10107523119609248,0.0036904376666666654,0.0015402792481751812,0.000696723628538187,0.0005695990027948543,0.004584685874999997,4.516982255254343,0.09945723408690943,0.0015662405796836865,-0.0016179971091830475,-0.0016222260900955747,1.0052592782731486,8.703897336918836e-08,0.00033557463450903336,0.0010801204488057909,0.0010801204488057909,0.1419524994734226,0.9973931001736769,8.74967355507461e-08,4.516396494993035,0.10150168365697569,0.002796189458333334,-0.0009436724847303752,0.001667117256026529,0.0007539302562484251,-0.0017884964166666626,4.516258818127158,0.1007643343845315,-0.00013767686587762284,-0.0007373492724441905,-0.000738216720701983,1.0023594445985815,-1.1046273897483675e-08,-0.0009103128030490115,0.002610514566532966,0.002610514566532966,0.1204688127424861,0.9988249409238962,-1.1072336968765544e-08,4.515709858055385,0.10117420586161048,0.0036904376666666654,0.0013235622788882132,0.000982417087875032,0.0005149357470960012,0.0032930326916666636,4.515699418673282,0.10214356184290976,-1.043938210276707e-05,0.000969355981299283,0.000967869426526984,0.9969441588456367,2.6784833793664026e-08,0.0009548201988985251,-0.002515190149347869,-0.002515190149347869,0.17670410464434308,1.001535904256872,2.6702983596244566e-08]"
/multi_agv/m2b_algorithm_state,1789558523.7271545,1789558523.7271545,m2b_algorithm_state_v1:header6+3x20,"[1.0,-0.15,0.52,4.517843862897307,0.10125035325549103,1789558523.7270367,4.516412648489311,0.1010752825163385,0.0036904376666666654,0.0015399160839371555,0.0006967582692235293,0.0005697384011124515,0.004584685874999997,4.517721813613621,0.09790903973267819,0.0013091651243097857,-0.003166242783660317,-0.003182627009949038,1.0104723959894673,3.3356920725536627e-07,-0.001546170604561806,0.008375342851153447,0.008375342851153447,0.141952494031985,0.9948519803805147,3.3706247608363716e-07,4.517393113642774,0.1015016525045302,0.002796189458333334,-0.0009432781173907582,0.0016670922525987564,0.0007537723175904398,-0.0017884964166666626,4.5171099758134865,0.09847628455851329,-0.00028313782928712783,-0.0030253679460169047,-0.0030402257534624453,1.0099340843937201,-1.8616749945697206e-07,-0.003394148040071355,0.012322497719355913,0.012322497719355913,0.12046881588418196,0.9951129262593018,-1.8801690310794546e-07,4.5167064865436375,0.10117425017513144,0.0036904376666666654,0.001323320253069223,0.0009824290926330201,0.0005150344114710401,0.0032930326916666636,4.516854322376369,0.10292191814747702,0.00014783583273114687,0.0017476679723455735,0.001742864332517002,0.9945392299924766,8.69989782426324e-08,0.0019276591234309356,-0.006352573409808914,-0.006352573409808914,0.17670411525768442,1.00275617541707,8.652389683155985e-08]"
/multi_agv/m2b_algorithm_state,1789558523.736931,1789558523.736931,m2b_algorithm_state_v1:header6+3x20,"[1.0,-0.15,0.52,4.5188391011610625,0.10125038415885572,1789558523.7368305,4.517419082120774,0.10107518121570085,0.0036904376666666654,0.0015406341067834947,0.000696692238338414,0.000569461513897898,0.004584685874999997,4.518656417471148,0.09887572021023074,0.0012373353503747353,-0.0021994610054701103,-0.002207310000542781,1.0071962555081748,1.609382390430904e-07,-0.0006606408125743621,0.0048498113194815895,0.0048498113194815895,0.14195250627166703,0.996444090286031,1.620963917322802e-07,4.51839957609873,0.10150171524723343,0.002796189458333334,-0.0009440585450057951,0.001667139604269785,0.0007540859752272339,-0.0017884964166666626,4.518119711917313,0.09883145875596164,-0.0002798641814170111,-0.002670256491271797,-0.0026818001022972317,1.0087330887571346,-1.4511522867625363e-07,-0.0030316303290684955,0.010906063218075454,0.010906063218075454,0.12046880881431618,0.9956955736501216,-1.4638253284829523e-07,4.517712930472417,0.10117416330353879,0.0036904376666666654,0.001323795964819133,0.000982406667015657,0.0005148398738759178,0.0032930326916666636,4.5179065571987325,0.10328053655326858,0.00019362672631562106,0.002106373249729787,0.0020994143286017087,0.9934453212287723,1.2638858863176338e-07,0.002341447736496235,-0.008003684611914428,-0.008003684611914428,0.1767040913842833,1.0033146964052175,1.2556015203293332e-07]"
/multi_agv/m2b_algorithm_state,1789558523.747258,1789558523.747258,m2b_algorithm_state_v1:header6+3x20,"[1.0,-0.15,0.52,4.519843623789025,0.10125035506039994,1789558523.7470973,4.518414329941406,0.10107525678961354,0.0036904376666666654,0.0015400976155706507,0.0006967406075771619,0.0005696689013630708,0.004584685874999997,4.519784955190771,0.10081560316056926,0.001370625249365709,-0.00025965362904428746,-0.0002597614294663769,1.0008311540769725,2.239192872277257e-09,0.0014535201322407594,-0.003498386639010932,-0.003498386639010932,0.14195249834778895,0.9995850021987063,2.241053986562178e-09,4.519394802858855,0.10150166779995994,0.002796189458333334,-0.0009434748691174713,0.0016671050933796394,0.0007538509233126905,-0.0017884964166666626,4.519287750160854,0.09992391935465025,-0.00010705269800137529,-0.0015777484453096818,-0.0015817454200278715,1.0050968701957788,-5.059426949642676e-08,-0.0017155612925295906,0.005818870479982524,0.005818870479982524,0.1204688133931402,0.9974730606660336,-5.0852141920700296e-08,4.518708170682925,0.10117422788699364,0.0036904376666666654,0.0013234414947754483,0.0009824228761297965,0.0005149850914836366,0.0032930326916666636,4.51889460391244,0.10200067814979703,0.0001864332295147264,0.0008264502628033965,0.0008253685361376794,0.9973904229652396,1.9469771128403797e-08,0.0010584100730310873,-0.0028177527876265458,-0.0028177527876265458,0.17670410684279675,1.001310598379215,1.9418963260795073e-08]"
/multi_agv/m2b_algorithm_state,1789558523.7571356,1789558523.7571356,m2b_algorithm_state_v1:header6+3x20,"[1.0,-0.15,0.52,4.5208405176879305,0.10125037545573252,1789558523.7570262,4.519418843445203,0.10107518669168009,0.0036904376666666654,0.0015405940314678307,0.0006966943725311475,0.0005694777747777349,0.004584685874999997,4.520923008430139,0.10157741437036741,0.001504164984935663,0.0005022276786873225,0.0005018266887391867,0.9984061864422579,8.375495076726262e-09,0.0023820329199087656,-0.007157018735885522,-0.007157018735885522,0.14195250712044097,1.000799060626176,8.362146099120174e-09,4.520399336566898,0.10150171085155367,0.002796189458333334,-0.0009440141061523247,0.0016671383336221979,0.0007540673734612174,-0.0017884964166666626,4.520007541109593,0.09939475629867864,-0.00039179545730494425,-0.0021069545528750316,-0.002114111058485428,1.0068472235436459,-9.031023048067874e-08,-0.0026038553801166083,0.009171577775242747,0.009171577775242747,0.12046880832349495,0.9966148866296913,-9.092860481705812e-08,4.519712691354971,0.10117416763796604,0.0036904376666666654,0.0013237709819942955,0.0009824070415612061,0.0005148505081190476,0.0032930326916666636,4.519799492332725,0.10081645751591628,8.680097775393136e-05,-0.0003577101220497564,-0.0003579145949332916,1.0011447767774952,3.651421272384334e-09,-0.0002494133727408774,0.002368843989424263,0.002368843989424263,0.17670408972895313,0.9994287104062539,3.6556013346618117e-09]"
/multi_agv/m2b_algorithm_state,1789558523.767187,1789558523.767187,m2b_algorithm_state_v1:header6+3x20,"[1.0,-0.15,0.52,4.521845096616639,0.10125034626562544,1789558523.7670686,4.5204157436004,0.1010752370171753,0.0036904376666666654,0.0015402362815035088,0.000696725992048108,0.0005696163976769975,0.004584685874999997,4.521503560721681,0.10054065212393336,0.0010878171212809207,-0.0005345848932419434,-0.0005350427887583259,1.001716543473722,9.494198480302435e-09,0.0008247286128428249,-0.001141828073091081,-0.001141828073091081,0.14195250216729044,0.9991441889770253,9.51049568474202e-09,4.52139622297597,0.10150167885197994,0.002796189458333334,-0.0009436245189226936,0.001667115864119495,0.0007539101887422128,-0.0017884964166666626,4.520924074616398,0.09833983013245116,-0.00047214835957198886,-0.0031618487195287787,-0.0031780939860378507,1.0103981624482021,-2.034356164093506e-07,-0.0037682794355028367,0.013689240380782293,0.013689240380782293,0.12046881118605389,0.994888361835603,-2.0555097299652515e-07,4.520709586487421,0.10117421049804237,0.0036904376666666654,0.0013235352512043128,0.0009824174878357633,0.0005149472544836234,0.0032930326916666636,4.520621618491077,0.10181520530773204,-8.796799634414043e-05,0.0006409948096896684,0.0006403431770451128,0.9979717396039662,1.1714533444617887e-08,0.0005303831816149372,-0.0008526300157021493,-0.0008526300157021493,0.17670409939212386,1.0010176303393479,1.1690773320374156e-08]"
/multi_agv/m2b_algorithm_state,1789558523.7770896,1789558523.7770896,m2b_algorithm_state_v1:header6+3x20,"[1.0,-0.15,0.52,4.522842697811684,0.10125036245497711,1789558523.7769449,4.521420313288731,0.10107516739936016,0.0036904376666666654,0.0015407285661049267,0.0006966790986020041,0.0005694274042980672,0.004584685874999997,4.522331801207682,0.09973043001789432,0.000911487918950904,-0.0013447373814658437,-0.0013476525356921837,1.0043576148087545,6.012844229771986e-08,-0.00020829263700355375,0.0028790465324222527,0.0028790465324222527,0.1419525110504981,0.9978368651049635,6.039045888830375e-08,4.522400813188656,0.10150172097948731,0.002796189458333334,-0.0009441587287497212,0.001667149716050531,0.000754124141585627,-0.0017884964166666626,4.521900893098028,0.09833983013245116,-0.0004999200906281587,-0.00316189084703615,-0.003178136542419973,1.0103983000696992,-2.0355617667019285e-07,-0.0038030366557051712,0.013810700499082122,0.013810700499082122,0.12046880605161135,0.9948882953369106,-2.0567281487625022e-07,4.521714163372531,0.10117415041802884,0.0036904376666666654,0.001323863083661001,0.0009824011980031694,0.0005148136251952049,0.0032930326916666636,4.52180999291241,0.10371776277511371,9.582953987941067e-05,0.002543612357084876,0.0025334981592509288,0.9921242003453801,1.8425488376337654e-07,0.002653285084100192,-0.009332508706263145,-0.009332508706263145,0.17670408204671054,1.0039921867703026,1.828037292134709e-07]"
/multi_agv/m2b_algorithm_state,1789558523.7870197,1789558523.7870197,m2b_algorithm_state_v1:header6+3x20,"[1.0,-0.15,0.52,4.523843951660689,0.10125035492076333,1789558523.786926,4.5224179193268,0.10107520836915852,0.0036904376666666654,0.0015404362571781473,0.0006967034693367675,0.0005695414316629647,0.004584685874999997,4.523379347917782,0.10111525513574868,0.0009614285909815834,4.004676659015438e-05,4.004420809905843e-05,0.9998722441624689,5.32649954046372e-11,0.0012418299468260378,-0.0028867102201496687,-0.0028867102201496687,0.14195250736110412,1.0000638916641733,5.325819049053819e-11,4.5233984086796895,0.10150169402681315,0.002796189458333334,-0.0009438396094751701,0.0016671326040151868,0.000753994715508105,-0.0017884964166666626,4.523288807550408,0.0984752512779925,-0.00010960112928160015,-0.0030264427488206486,-0.0030413112271268023,1.009937728150129,-1.8641078904319348e-07,-0.0031783126387288025,0.011564522451677692,0.011564522451677692,0.12046880818445709,0.9951111618654694,-1.8826328878895577e-07,4.522711765428563,0.10117418496895968,0.0036904376666666654,0.0013236719825528895,0.000982408903793753,0.0005148924518112341,0.0032930326916666636,4.522753108707116,0.10228248751709057,4.134327855265241e-05,0.0011083025481308934,0.0011063613310081228,0.9965116578523509,3.501316955287143e-08,0.0011580404291989383,-0.0033039106849022744,-0.0033039106849022744,0.17670408926119785,1.0017545959609793,3.4891031637797364e-08]"
/multi_agv/m2b_algorithm_state,1789558523.7968848,1789558523.7968848,m2b_algorithm_state_v1:header6+3x20,"[1.0,-0.15,0.52,4.524837298986701,0.10125039760725975,1789558523.7967799,4.523419170705787,0.10107519130482284,0.0036904376666666654,0.0015405558317132186,0.0006966908068388726,0.0005694961874396135,0.004584685874999997,4.525028540037224,0.10265614223572937,0.0016093693314367385,0.00158095093090653,0.0015770097777885548,0.9950440582982839,8.292701412094471e-08,0.003588721442084478,-0.011985123145471802,-0.011985123145471802,0.14195251026499658,1.0024991304261295,8.251603267346392e-08,4.5243996656258805,0.10150170350045319,0.002796189458333334,-0.0009439684703366454,0.0016671418955747086,0.0007540457390696059,-0.0017884964166666626,4.524312825269451,0.09880777441107291,-8.684035642936294e-05,-0.0026939290893802786,-0.0027056803812424276,1.0088128587000407,-1.476877928668173e-07,-0.0028142308267791313,0.010151407862539003,0.010151407862539003,0.12046880650448374,0.9956568070849695,-1.4898934451707345e-07,4.523713018650399,0.10117416995701393,0.0036904376666666654,0.001323752841574868,0.0009824041979113575,0.0005148598503726715,0.0032930326916666636,4.523742761381789,0.10096448800342922,2.974273138978134e-05,-0.00020968195358471442,-0.0002097521329922436,1.0006699193441122,1.2545003898844359e-09,-0.00017257371875501693,0.002030225694970373,0.002030225694970373,0.1767040835825648,0.9996654174309073,1.2553408039628157e-09]"
/multi_agv/m2b_algorithm_state,1789558523.8071048,1789558523.8071048,m2b_algorithm_state_v1:header6+3x20,"[1.0,-0.15,0.52,4.525844899678957,0.10125034822976507,1789558523.8069887,4.5244125314537555,0.1010752944272589,0.0036904376666666654,0.0015398248574012446,0.0006967587063611441,0.0005697777166095454,0.004584685874999997,4.526070688761569,0.10281763149920667,0.0016581573078138234,0.0017423370719477638,0.0017375560671548389,0.9945481967441954,1.0066203102796034e-07,0.003810252701922118,-0.012857603313307119,-0.012857603313307119,0.1419524989158379,1.0027515686447768,1.001132414394662e-07,4.5253929966795665,0.10150163982049555,0.002796189458333334,-0.0009431737303283189,0.0016670930785984694,0.0007537266397074083,-0.0017884964166666626,4.52533630292634,0.09917247970891213,-5.6693753226255694e-05,-0.00232916011158342,-0.002337920388267612,1.007588339218951,-1.1028135288036776e-07,-0.0024087875798004315,0.008576793947291068,0.008576793947291068,0.12046881306391065,0.996252961936534,-1.1111820519554884e-07,4.524706368826779,0.10117425857402479,0.0036904376666666654,0.0013232676191323564,0.000982427327980595,0.0005150581440580546,0.0032930326916666636,4.5247318804073196,0.10130475232247603,2.5511580540538148e-05,0.00013049374845124084,0.00013046663717834387,0.999584686627878,4.855846769924758e-10,0.00016235611285401655,0.0006878898750565396,0.0006878898750565396,0.17670410572779002,1.0002078023430612,4.853830071828233e-10]"
/multi_agv/m2b_algorithm_state,1789558523.817012,1789558523.817012,m2b_algorithm_state_v1:header6+3x20,"[1.0,-0.15,0.52,4.526837210993716,0.10125039762398692,1789558523.8168952,4.525420116823878,0.1010751745261489,0.0036904376666666654,0.0015406748367335333,0.0006966810348778547,0.0005694496865803614,0.004584685874999997,4.5268957427968655,0.10136505872159857,0.0014756259729873378,0.0002898841954496606,0.00028975038857045806,0.9990778365452174,2.7909154722733305e-09,0.0021342828548046302,-0.006174383008854159,-0.006174383008854159,0.14195251323374083,1.000461800516861,2.788341792019413e-09,4.526400615892112,0.10150171428059766,0.002796189458333334,-0.0009440974803375472,0.001667148639466376,0.0007540981524977869,-0.0017884964166666626,4.526322010433223,0.09917247970891213,-7.860545888949133e-05,-0.0023292345716855317,-0.0023379954046345687,1.0075885806060756,-1.1039638885252293e-07,-0.002436252228246433,0.008672584541394286,0.008672584541394286,0.12046880478674338,0.9962528442392697,-1.1123414074794996e-07,4.52571396632088,0.10117415588254863,0.0036904376666666654,0.0013238301277311358,0.0009824010048838268,0.0005148280107273601,0.0032930326916666636,4.525868759517864,0.1027182486853058,0.00015479319698386007,0.0015440928027571632,0.0015403372809075122,0.9951640962805556,6.794782647140545e-08,0.0017338287771373373,-0.005562856586820387,-0.005562856586820387,0.17670407778945146,1.0024381165710918,6.761923732464421e-08]"
/multi_agv/m2b_algorithm_state,1789558523.8270793,1789558523.8270793,m2b_algorithm_state_v1:header6+3x20,"[1.0,-0.15,0.52,4.527844468749886,0.10125035045965271,1789558523.8269715,4.526412443597984,0.10107529424460289,0.0036904376666666654,0.0015398259168989156,0.0006967592449417018,0.0005697769772202294,0.004584685874999997,4.527825178498042,0.10055584191795275,0.0014127349000583322,-0.0005194523266501411,-0.0005198846159538602,1.0016676663588475,8.96181426336038e-09,0.0012460340091190552,-0.0026420474039059827,-0.0026420474039059827,0.14195250004370602,0.9991684899101583,8.976759579521626e-09,4.527392908498575,0.10150164002890764,0.002796189458333334,-0.0009431743801403265,0.0016670925145749749,0.0007537272147621343,-0.0017884964166666626,4.527184781519419,0.09877123174469539,-0.00020812697915584266,-0.0027304082842122546,-0.0027424833155998756,1.0089358703319575,-1.5159063080745581e-07,-0.003002642039544679,0.010829268114846852,0.010829268114846852,0.12046881241434382,0.995597044722593,-1.5294522502789088e-07,4.526706280884591,0.10117425859845026,0.0036904376666666654,0.001323267376076082,0.0009824275352287694,0.0005150581416131887,0.0032930326916666636,4.526692746422447,0.10032667395683034,-1.353446214391596e-05,-0.0008475846416199223,-0.0008487368874975099,1.0027275884543914,2.049968814488299e-08,-0.0008656549651774049,0.004767400686231107,0.004767400686231107,0.17670410353517327,0.9986423991998451,2.0555602857585596e-08]"
/multi_agv/m2b_algorithm_state,1789558523.8369887,1789558523.8369887,m2b_algorithm_state_v1:header6+3x20,"[1.0,-0.15,0.52,4.528839084133093,0.10125038532970082,1789558523.836885,4.527419686729238,0.10107517962282754,0.0036904376666666654,0.0015406385787405442,0.0006966851177997665,0.0005694632791899465,0.004584685874999997,4.528892433865093,0.1016700796145226,0.0014727471358551014,0.0005948999916950554,0.0005943377593228308,0.9981140771300228,1.1751165600020602e-08,0.0024352716791417074,-0.007390979928150888,-0.007390979928150888,0.14195251373170734,1.0009459812428294,1.1729003808066634e-08,4.528400183922827,0.10150171129911342,0.002796189458333334,-0.000944057667777358,0.0016671455188221884,0.000754082518382132,-0.0017884964166666626,4.528142878779868,0.09886684799177156,-0.00025730514295840834,-0.0026348633073418615,-0.0026460999365930256,1.0086139040211526,-1.4129046103049847e-07,-0.002967731365291036,0.010667120157105319,0.010667120157105319,0.12046880449923994,0.9957535128980685,-1.425075235009196e-07,4.527713535597593,0.10117416045701717,0.0036904376666666654,0.0013238050686189373,0.0009824024478289235,0.0005148381223166157,0.0032930326916666636,4.527493855256948,0.09816113016943433,-0.00021968034064556718,-0.0030130302875828463,-0.003027830582418209,1.009935468684989,2.5953168167119357e-07,-0.003302431008225168,0.014261579759524029,0.014261579759524029,0.17670407681646902,0.9951119144772155,2.621102505672003e-07]"
/multi_agv/m2b_algorithm_state,1789558523.847191,1789558523.847191,m2b_algorithm_state_v1:header6+3x20,"[1.0,-0.15,0.52,4.529841410368043,0.10125037021216114,1789558523.847051,4.528414312974003,0.10107526457235147,0.0036904376666666654,0.0015400357427831153,0.0006967400238441,0.0005696960242380613,0.004584685874999997,4.530072645835685,0.10330539916410833,0.0016583328616821547,0.0022301345917568605,0.0022223307066295875,0.9930606218317307,1.648791491110625e-07,0.004295246783732281,-0.014837531242974617,-0.014837531242974617,0.14195250467909973,1.0035115768791714,1.6373499034331838e-07,4.529394786199891,0.10150165822472627,0.002796189458333334,-0.0009434018243990932,0.0016671062003936754,0.0007538186850763601,-0.0017884964166666626,4.529194336845916,0.09987442779800203,-0.00020044935397489638,-0.0016272304267242466,-0.0016314836320461257,1.0052596598215893,-5.381516761863589e-08,-0.0018820453245147462,0.006427473444554312,0.006427473444554312,0.12046880973251271,0.9973930444422878,-5.4098217093551724e-08,4.528708153225385,0.10117423319202472,0.0036904376666666654,0.0013234061150780687,0.000982420933043438,0.0005150014378531055,0.0032930326916666636,4.528533039930639,0.0992401525906174,-0.0001751132947465095,-0.0019340806014073175,-0.0019401296329530544,1.0063007640230093,1.0683036231670394e-07,-0.002159021251386191,0.009799370073810158,0.009799370073810158,0.17670409448664565,0.9968821508403386,1.0750347522015408e-07]"
/multi_agv/m2b_algorithm_state,1789558523.856952,1789558523.856952,m2b_algorithm_state_v1:header6+3x20,"[1.0,-0.15,0.52,4.530837488487925,0.10125039524075707,1789558523.8568735,4.529416634618017,0.10107522735545652,0.0036904376666666654,0.0015402999450478037,0.0006967167311479722,0.0005695936191946554,0.004584685874999997,4.531011669822359,0.10187671523252179,0.0015950352043416771,0.0008014878770652711,0.000800468950299416,0.9974651199452624,2.1321954758779697e-08,0.0027942629557265123,-0.00876900268731766,-0.00876900268731766,0.14195250951349114,1.0012729122915687,2.1267906160933648e-08,4.530397117936231,0.10150168175631032,0.002796189458333334,-0.0009436891190215436,0.0016671227045650383,0.0007539346324475366,-0.0017884964166666626,4.530181753665919,0.09987442779800203,-0.00021536427031243477,-0.001627253958308289,-0.001631507286049778,1.005259735616221,-5.383310795665795e-08,-0.0019007126239403214,0.006493079541175138,0.006493079541175138,0.12046880693872312,0.9973930072039169,-5.411625587190945e-08,4.52971047854988,0.10117420152471658,0.0036904376666666654,0.0013235799941903998,0.0009824131915048282,0.0005149300948800919,0.0032930326916666636,4.529604591247442,0.10024712601801206,-0.00010588730243821232,-0.000927075506704525,-0.0009284548426910733,1.0029860792730765,2.4532267047051416e-08,-0.0010608139707388386,0.005492918210734428,0.005492918210734428,0.1767040850501544,0.998514374719022,2.4605522341202194e-08]"
/multi_agv/m2b_algorithm_state,1789558523.8672605,1789558523.8672605,m2b_algorithm_state_v1:header6+3x20,"[1.0,-0.15,0.52,4.53185313651021,0.10125029360185207,1789558523.8671508,4.530412720710588,0.10107528712322193,0.0036904376666666654,0.0015398769489021222,0.0006967570988923198,0.000569755973238664,0.004584685874999997,4.531546993304966,0.10000330330204,0.0011342725943777054,-0.0010719838211819266,-0.0010738325343590419,1.0034630810464313,3.818216435148582e-08,0.00034400820861308994,0.0008040243271490416,0.0008040243271490416,0.14195250309289573,0.9982783971262159,3.831439228116318e-08,4.531393186325213,0.10150164546271655,0.002796189458333334,-0.0009432296783721547,0.0016670935118652253,0.0007537506658784193,-0.0017884964166666626,4.530826959111337,0.09983772080983094,-0.0005662272138753366,-0.0016639246528856039,-0.0016683730747935228,1.005380495900277,-5.6260724495696414e-08,-0.0023761570921376936,0.00818675831069779,0.00818675831069779,0.12046881065211928,0.9973336767566395,-5.6563435093192125e-08,4.530706558427972,0.10117425313633274,0.0036904376666666654,0.0013232980800915346,0.0009824271697906452,0.0005150450227211227,0.0032930326916666636,4.530218362956951,0.09876090985629554,-0.00048819547102052496,-0.0024133432800372,-0.0024227956764658436,1.0079045849635402,1.66374114087443e-07,-0.0030330400152414998,0.013074075320517603,0.013074075320517603,0.17670409758334166,0.9960985581572309,1.6768923240798092e-07]"
/multi_agv/m2b_algorithm_state,1789558523.876919,1789558523.876919,m2b_algorithm_state_v1:header6+3x20,"[1.0,-0.15,0.52,4.532837225488742,0.10125039574641687,1789558523.876815,4.53142833673071,0.10107504308311065,0.0036904376666666654,0.0015416045873806773,0.0006965948273458971,0.0005690915190066257,0.004584685874999997,4.532400233365917,0.09921846344423685,0.0009718966352068037,-0.0018565796388737982,-0.001862157770233264,1.0060510359428474,1.1471725554003526e-07,-0.0006472869762247594,0.004654431780816863,0.004654431780816863,0.14195253186436457,0.9970044797231293,1.1541141377657282e-07,4.532408873277699,0.1015017946787336,0.002796189458333334,-0.0009451059879550788,0.0016672103024655271,0.0007545032306445904,-0.0017884964166666626,4.531740290820189,0.09899354383617269,-0.000668582457509892,-0.0025082508425609135,-0.0025184237885205346,1.008188294397951,-1.281694906016667e-07,-0.0033541518604078995,0.011974347887473615,0.011974347887473615,0.12046879398883205,0.995960590109579,-1.2921898012354856e-07,4.531722199522223,0.10117404304371197,0.0036904376666666654,0.0013244464018812565,0.000982371337122201,0.0005145763118722018,0.0032930326916666636,4.5310731916925455,0.09738528489871978,-0.0006490078296774726,-0.003788758144992188,-0.0038122972067663966,1.012602494269654,4.1077329801083124e-07,-0.004623556993863237,0.019194552481977913,0.019194552481977913,0.17670404134187762,0.9938254914300938,4.1595006614513967e-07]"
/multi_agv/m2b_algorithm_state,1789558523.8871398,1789558523.8871398,m2b_algorithm_state_v1:header6+3x20,"[1.0,-0.15,0.52,4.533844252718134,0.10125035010163908,1789558523.8870716,4.532412457277615,0.10107529315823376,0.0036904376666666654,0.0015398291051066122,0.0006967544474745675,0.0005697780906347647,0.004584685874999997,4.533474080775472,0.10013557323289601,0.0010616234978568784,-0.0009397199253377425,-0.0009411391685144584,1.003031268350775,2.933784123420526e-08,0.0003858902038066396,0.0005960896883322213,0.0005960896883322213,0.14195250388936867,0.9984919943572681,2.9426772103818565e-08,4.533392924278971,0.10150163743803148,0.002796189458333334,-0.0009431740708480056,0.0016670963706868491,0.000753725074843864,-0.0017884964166666626,4.533070259882892,0.0995987432126633,-0.0003226643960791975,-0.0019028942253681846,-0.0019087226551309775,1.0061698533254155,-7.358864547875027e-08,-0.0023120531502299744,0.008059796027482514,0.008059796027482514,0.1204688101911292,0.9969464239620539,-7.404267662777016e-08,4.53270629490964,0.10117425664298534,0.0036904376666666654,0.0013232738397344203,0.0009824247074986308,0.0005150568106955865,0.0032930326916666636,4.532212201117937,0.09914137691964023,-0.0004940937917030652,-0.0020328797233451074,-0.0020395675207601025,1.006629994924867,1.1801955577457473e-07,-0.002657184760388934,0.011595879106885637,0.011595879106885637,0.17670409603420287,0.9967209727812775,1.1880202483039521e-07]"
/multi_agv/m2b_algorithm_state,1789558523.8970819,1789558523.8970819,m2b_algorithm_state_v1:header6+3x20,"[1.0,-0.15,0.52,4.534837498663323,0.10125039355629827,1789558523.8969572,4.533419470394099,0.10107518210709729,0.0036904376666666654,0.0015406164898151766,0.0006966828628639731,0.0005694740266984992,0.004584685874999997,4.535057306903129,0.1011806030625889,0.001637836509029711,0.00010542095549161135,0.00010540323447790291,0.9996639386043324,3.691405211941173e-10,0.0021526988707650414,-0.006151778957087186,-0.006151778957087186,0.14195251716910232,1.0001681259004642,3.6901646731536736e-10,4.534399968546033,0.10150170657458983,0.002796189458333334,-0.0009440298052617946,0.0016671474836966738,0.0007540694188522823,-0.0017884964166666626,4.534062546026523,0.0995987432126633,-0.00033742251951007773,-0.001902963361926538,-0.0019087922128317985,1.006170076577501,-7.366074413079558e-08,-0.0023305703622193957,0.008124257121014205,0.008124257121014205,0.12046880250890174,0.9969463146035089,-7.41152365628383e-08,4.533713319214271,0.10117416162323009,0.0036904376666666654,0.0013237944954402978,0.0009824005035942388,0.0005148437166460577,0.0032930326916666636,4.533475477816139,0.09889227123229452,-0.0002378413981318772,-0.0022818903909355703,-0.0022903327556494995,1.0074630002053528,1.4878620548228306e-07,-0.002587634503314346,0.011453370140665355,0.011453370140665355,0.17670407009235234,0.9963139134725709,1.49896596964351e-07]"
/multi_agv/m2b_algorithm_state,1789558523.9071198,1789558523.9071198,m2b_algorithm_state_v1:header6+3x20,"[1.0,-0.15,0.52,4.535842477325004,0.1012503611658117,1789558523.9069655,4.534412729974962,0.10107528732379543,0.0036904376666666654,0.0015398704396452764,0.0006967517990135617,0.0005697615514247686,0.004584685874999997,4.536062669510481,0.10001513860869878,0.0016499395355191737,-0.0010601487150966593,-0.0010619566713044486,1.0034243898747053,3.734326766246684e-08,0.0010004677480945185,-0.0015229098434404783,-0.0015229098434404783,0.14195250565041106,0.9982975235650918,3.74711455701386e-08,4.535393197978565,0.10150164139561482,0.002796189458333334,-0.0009432185089753367,0.001667097945729168,0.0007537435179496843,-0.0017884964166666626,4.535251386522917,0.10020597500915737,-0.00014181145564773345,-0.0012956663864574502,-0.0012983561674237217,1.0041722910118394,-3.4104511731603836e-08,-0.0014756204869833885,0.004851694663385503,0.004851694663385503,0.12046880917428482,0.997928318104262,-3.424680567936478e-08,4.534706568036439,0.10117425194948453,0.0036904376666666654,0.0013232996865465483,0.0009824239106849932,0.000515046021585914,0.0032930326916666636,4.5343600953514525,0.09880467522373164,-0.00034647268498666506,-0.0023695767257528866,-0.002378686386936529,1.0077574161865774,1.6038995267125887e-07,-0.0028117772431698602,0.012277664608215035,0.012277664608215035,0.17670409260124761,0.99617029750804,1.616341642862753e-07]"
/multi_agv/m2b_algorithm_state,1789558523.9170284,1789558523.9170284,m2b_algorithm_state_v1:header6+3x20,"[1.0,-0.15,0.52,4.536844200300999,0.1012503506574896,1789558523.9169152,4.535417698697333,0.10107520805998393,0.0036904376666666654,0.0015404328515921887,0.0006967013880066373,0.0005695439904202403,0.004584685874999997,4.536885027613715,0.09862441346483497,0.0014673289163820158,-0.002450794595148964,-0.0024605583372461423,1.0080412499640699,1.998276611035042e-07,-0.0006263971917686226,0.004838291623460561,0.004838291623460561,0.14195251524513022,0.9960318997727541,2.014345252761729e-07,4.5363981885960944,0.10150169113786925,0.002796189458333334,-0.0009438299886881003,0.0016671338132727698,0.0007539899161726621,-0.0017884964166666626,4.5362391025893345,0.10020597500915737,-0.00015908600675995643,-0.0012957161287118768,-0.0012984061154151486,1.0041724507431429,-3.4129235108968856e-08,-0.0014972636238650941,0.004927582648079332,0.004927582648079332,0.12046880362194765,0.9979282393456599,-3.427163766136217e-08,4.535711544681583,0.1011741842995819,0.0036904376666666654,0.0013236708020038985,0.0009824070108624301,0.0005148939481192587,0.0032930326916666636,4.53532540790701,0.09869411999472702,-0.00038613677457366435,-0.0024800643048548815,-0.002490051604415969,1.0081292217383468,1.7575790480272047e-07,-0.0029727225726330496,0.012889130907522793,0.012889130907522793,0.17670407386319403,0.9959891194450043,1.7718667978312903e-07]"
/multi_agv/m2b_algorithm_state,1789558523.9269674,1789558523.9269674,m2b_algorithm_state_v1:header6+3x20,"[1.0,-0.15,0.52,4.5378396434567305,0.10125038028180278,1789558523.926803,4.536419418272057,0.10107518384110124,0.0036904376666666654,0.001540603109528767,0.0006966839744059422,0.0005694792483262514,0.004584685874999997,4.538164324416713,0.0976457064932644,0.0017449061446557224,-0.003429477347836843,-0.0034487371826383358,1.0113765535290713,3.915799139710881e-07,-0.0012676045018186828,0.007509894641802239,0.007509894641802239,0.14195251898546055,0.9944153950325787,3.960347438232893e-07,4.537399915797193,0.10150170500831603,0.002796189458333334,-0.0009440139239742184,0.0016671464885824605,0.0007540630524793118,-0.0017884964166666626,4.537204617332768,0.09896298701257883,-0.00019529846442534193,-0.002538717995737197,-0.002549141986568953,1.008290609020436,-1.3115303046811047e-07,-0.0027932650671006302,0.010014640671873293,0.010014640671873293,0.12046880145622543,0.995910784535864,-1.322403689655669e-07,4.536713266833747,0.1011741631230515,0.0036904376666666654,0.0013237853960157081,0.0009824006777839674,0.0005148475702791435,0.0032930326916666636,4.536815111281363,0.10005990895640074,0.00010184444761573985,-0.0011142541666507577,-0.001116249529575111,1.0035965732879966,3.5448592358150456e-08,-0.000988943970055436,0.005320127912588305,0.005320127912588305,0.17670406654777052,0.9982124400759098,3.557608581852286e-08]"
/multi_agv/m2b_algorithm_state,1789558523.936889,1789558523.936889,m2b_algorithm_state_v1:header6+3x20,"[1.0,-0.15,0.52,4.538841192899523,0.10125037025410195,1789558523.9367805,4.53741487067532,0.10107525604521403,0.0036904376666666654,0.0015400906086167573,0.0006967306527661419,0.0005696771165020348,0.004584685874999997,4.539313126920325,0.09953020116655381,0.0018982562450045037,-0.001545054878660218,-0.001548909034850956,1.0050180536229358,7.935449670634918e-08,0.0008239112714046738,-0.0006768346988852772,-0.0006768346988852772,0.14195251143121573,0.9975116962300444,7.975270182604272e-08,4.538395347795357,0.101501659849709,0.002796189458333334,-0.000943456185992321,0.0016671130158822933,0.0007538387037186872,-0.0017884964166666626,4.5381940561053655,0.09896298701257883,-0.00020129168999183378,-0.0025386728371301764,-0.002549096459898734,1.008290462341303,-1.3107090347670447e-07,-0.002800711072388526,0.0100413717440151,0.0100413717440151,0.12046880583136318,0.9959108558924555,-1.3215754186601865e-07,4.537708711899512,0.1011742249504853,0.0036904376666666654,0.0013234461866778028,0.0009824163681344984,0.0005149864428087396,0.0032930326916666636,4.537748172519244,0.09932092768676451,3.9460619731812585e-05,-0.001853297263720785,-0.0018588481540852905,1.0060321026860712,9.8090180350952e-08,-0.0018095223794205248,0.008533322133329316,0.008533322133329316,0.17670408130452625,0.9970138010722899,9.86818703913242e-08]"
/multi_agv/m2b_algorithm_state,1789558523.9470446,1789558523.9470446,m2b_algorithm_state_v1:header6+3x20,"[1.0,-0.15,0.52,4.539844622480238,0.10125034854084282,1789558523.9469411,4.538416417132982,0.10107523116315695,0.0036904376666666654,0.001540267323102721,0.0006967154378259006,0.0005696084321441862,0.004584685874999997,4.540434639196002,0.10053156524690492,0.0020182220630200476,-0.0005436659162520313,-0.0005441395329828739,1.0017458818989713,9.819755045628147e-09,0.0019786380457921856,-0.0052260669350426055,-0.0052260669350426055,0.14195251484970178,0.9991296042611602,9.836899178214642e-09,4.539396900794458,0.10150167572688071,0.002796189458333334,-0.0009436482756659788,0.0016671236848049276,0.0007539164183362757,-0.0017884964166666626,4.5394413211864,0.10012437980758607,4.442039194252345e-05,-0.001377295919294641,-0.0013803371735142292,1.004439246635321,-3.8556859414231124e-08,-0.0013248116835860749,0.004353405033391235,0.004353405033391235,0.12046880385076836,0.9977967309162259,-3.872802282265429e-08,4.538710260771128,0.10117420387226819,0.0036904376666666654,0.0013235620426455667,0.0009824113583643442,0.000514938829650802,0.0032930326916666636,4.5387567155831325,0.09994149167867925,4.645481200427071e-05,-0.0012327121935889473,-0.0012351565499975682,1.0039842526803853,4.338258901920589e-08,-0.0011770880349922298,0.0060362613619060635,0.0060362613619060635,0.17670407463136814,0.9980210148999932,4.355543621578772e-08]"
/multi_agv/m2b_algorithm_state,1789558523.956953,1789558523.956953,m2b_algorithm_state_v1:header6+3x20,"[1.0,-0.15,0.52,4.540843017637688,0.10125035957818429,1789558523.9568844,4.53941983987699,0.1010751793821535,0.0036904376666666654,0.00154063336230514,0.0006966806373725372,0.000569467870751597,0.004584685874999997,4.541109671857478,0.09953039838489103,0.001689831980487888,-0.0015447809972624765,-0.0015486337831941467,1.005017153778205,7.93543352801575e-08,0.0005636561924157134,0.0002423610460912961,0.0002423610460912961,0.14195252165400513,0.9975121387809819,7.97524681832253e-08,4.540400338720286,0.10150170703489113,0.002796189458333334,-0.0009440452770165769,0.0016671487201440627,0.0007540754821449003,-0.0017884964166666626,4.540440811305963,0.10012437980758607,4.04725856775201e-05,-0.0013773272273050613,-0.0013803686192252712,1.004439347246316,-3.857482957847929e-08,-0.001329777887128371,0.004370564881148764,0.004370564881148764,0.12046879991022505,0.9977966813517415,-3.8746076641945624e-08,4.539713688843437,0.10117415920548385,0.0036904376666666654,0.0013238056986262683,0.0009823992494875982,0.0005148395128215019,0.0032930326916666636,4.539803699626224,0.10048451404997777,9.001078278636498e-05,-0.0006896451555060829,-0.0006904070823014582,1.002215371488494,1.357569676307188e-08,-0.0005778936038185019,0.003679924820882057,0.003679924820882057,0.1767040613275411,0.9988964093577437,1.360577197461723e-08]"
/multi_agv/m2b_algorithm_state,1789558523.9669883,1789558523.9669883,m2b_algorithm_state_v1:header6+3x20,"[1.0,-0.15,0.52,4.541842438431927,0.10125036374677533,1789558523.9668603,4.5404182383529585,0.10107520746875387,0.0036904376666666654,0.0015404327102819006,0.0006966972213819033,0.000569546218912159,0.004584685874999997,4.5419418044485065,0.097642746167285,0.0015235660955479347,-0.0034324613014688754,-0.003451755092629957,1.011386828950439,3.9221894593166815e-07,-0.0015472974731950387,0.008491480281706681,0.008491480281706681,0.14195251939957426,0.9944104402996965,3.9668507598011354e-07,4.541398729978272,0.10150168840479745,0.002796189458333334,-0.0009438259114085785,0.0016671370217506976,0.0007539864798395135,-0.0017884964166666626,4.540873107491138,0.09840126355640333,-0.0005256224871335036,-0.0031004248483941232,-0.0031160378388131287,1.010189126573523,-1.9564233347667884e-07,-0.003773065947730008,0.013681800622815397,0.013681800622815397,0.12046880121483905,0.994989473418926,-1.9763575797561213e-07,4.540712084581834,0.10117418286100152,0.0036904376666666654,0.0013236746399252213,0.000982404424798933,0.0005148936296531766,0.0032930326916666636,4.540578909576322,0.10068061367024886,-0.0001331750055122427,-0.0004935691907526629,-0.000493958876819213,1.0015819961883101,6.951922371401645e-09,-0.0006604276337095164,0.003885821794350557,0.003885821794350557,0.17670406573761285,0.9992110961360601,6.96292028609463e-09]"
/multi_agv/m2b_algorithm_state,1789558523.976997,1789558523.976997,m2b_algorithm_state_v1:header6+3x20,"[1.0,-0.15,0.52,4.5428371472871625,0.10125039755584762,1789558523.9768608,4.541417660440167,0.10107521813576399,0.0036904376666666654,0.0015403562695882863,0.0006967035739096513,0.0005695760485157406,0.004584685874999997,4.542855245392332,0.0980630164737337,0.0014375849521650608,-0.0030122016620302977,-0.0030270133093575798,1.0099457259215379,3.019581988551978e-07,-0.0012300321191512538,0.007201041464710685,0.007201041464710685,0.1419525190004559,0.9951068443334907,3.049613923407728e-07,4.542398149254504,0.10150168123986897,0.002796189458333334,-0.000943742007597597,0.0016671324677304256,0.0007539524792808672,-0.0017884964166666626,4.541994833374721,0.10010010574858025,-0.0004033158797831504,-0.0014015754912887202,-0.001404725493271292,1.0045187432876985,-3.9932853563297127e-08,-0.00190887034300023,0.006426766946381283,0.006426766946381283,0.12046880144760222,0.9977575675833744,-4.011329987729492e-08,4.5417115056011115,0.10117419186469308,0.0036904376666666654,0.0013236245774708422,0.0009824063660293985,0.0005149143200178755,0.0032930326916666636,4.541458672062959,0.09943144544817599,-0.00025283353815286347,-0.001742746416517088,-0.0017476507427192504,1.0056652258474452,8.674217300687991e-08,-0.00206369266541033,0.009383587709683516,0.009383587709683516,0.1767040665167658,0.997193760696985,8.723358700746205e-08]"
/multi_agv/m2b_algorithm_state,1789558523.9872239,1789558523.9872239,m2b_algorithm_state_v1:header6+3x20,"[1.0,-0.15,0.52,4.543851451374653,0.10125030459155955,1789558523.9870212,4.542412380070731,0.1010752989826584,0.0036904376666666654,0.0015397839345984688,0.0006967580488641541,0.0005697957969028999,0.004584685874999997,4.543956523594808,0.09998837390257576,0.0015441435240770574,-0.0010869250800826374,-0.0010888259007444745,1.0035119408876163,3.925197130280672e-08,0.0008413535043518472,-0.0009480320110317264,-0.0009480320110317264,0.1419525101251649,0.9982542473865312,3.938982190574459e-08,4.543392844967073,0.10150163203316523,0.002796189458333334,-0.0009431201438031018,0.00166709303973267,0.0007537034319528568,-0.0017884964166666626,4.543206673380938,0.10025450890948873,-0.0001861715861348756,-0.0012471231236765024,-0.001249614216635996,1.0040137690111184,-3.1592543728628746e-08,-0.0014823286993045906,0.004854748552537071,0.004854748552537071,0.12046880658591112,0.9980065103883022,-3.171934890162912e-08,4.5427062168236825,0.10117426165171921,0.0036904376666666654,0.0013232432497565522,0.0009824251743078445,0.0005150698274201124,0.0032930326916666636,4.542455610183618,0.10013589285451653,-0.00025060664006471,-0.0010383687972026767,-0.0010401006358795593,1.0033487561444956,3.077040053584891e-08,-0.0013533589359604468,0.006575511244860351,0.006575511244860351,0.1767040838604743,0.9983349316237866,3.0873443103711925e-08]"
/multi_agv/m2b_algorithm_state,1789558523.9970071,1789558523.9970071,m2b_algorithm_state_v1:header6+3x20,"[1.0,-0.15,0.52,4.544844343082526,0.10125035168965868,1789558523.996902,4.54342665503212,0.10107507498553077,0.0036904376666666654,0.0015413703556020402,0.0006966103105716212,0.0005691849951355353,0.004584685874999997,4.545431219328034,0.10123006744966825,0.002004564295913447,0.00015499246413748502,0.00015495417339357593,0.9995061911754083,7.982822285830313e-10,0.0026606595432853847,-0.007978945626568593,-0.007978945626568593,0.14195253646930128,1.0002471101169494,7.978880297740423e-10,4.544407184413645,0.10150176966516147,0.002796189458333334,-0.0009448433877823782,0.0016671991169738831,0.0007543952208057536,-0.0017884964166666626,4.5441564428964,0.09915613496901599,-0.0002507415172452454,-0.0023456346961454877,-0.0023545204258334706,1.0076434181610112,-1.120460912058986e-07,-0.0026679473223900274,0.009494173493559648,0.009494173493559648,0.12046879131355617,0.9962260978539452,-1.1290250633429208e-07,4.543720514678196,0.10117406912398642,0.0036904376666666654,0.0013242962879716318,0.0009823745671816214,0.0005146397001806464,0.0032930326916666636,4.543540662286189,0.10075681632815137,-0.00017985239200690728,-0.0004172527958350575,-0.00041753113073502357,1.0013362329397173,4.970367220304103e-09,-0.0006423466207436577,0.0037887499273475413,0.0037887499273475413,0.1767040323288376,0.9993333792872496,4.977008788706365e-09]"
/multi_agv/m2b_algorithm_state,1789558524.0070941,1789558524.0070941,m2b_algorithm_state_v1:header6+3x20,"[1.0,-0.15,0.52,4.545853650762083,0.10125029268482255,1789558524.0070045,4.544419561009019,0.10107519269543679,0.0036904376666666654,0.0015405321461485722,0.0006966821770795653,0.0005695109428344833,0.004584685874999997,4.546368415082487,0.10038634607740071,0.0019488540734675652,-0.0006888466180360736,-0.0006896077918368162,1.0022157373599125,1.5768843777137168e-08,0.0017464597999976403,-0.004334874448709066,-0.004334874448709066,0.1419525243287401,0.9988962221573581,1.5803783393416795e-08,4.545400059170812,0.10150169352778554,0.002796189458333334,-0.0009439294556867067,0.0016671482648566993,0.0007540255143805852,-0.0017884964166666626,4.545037544424146,0.09846460024552936,-0.0003625147466657097,-0.0030370932822561814,-0.0030520677953559242,1.009973894466543,-1.8774426904687026e-07,-0.0035052112286880614,0.012716446615930759,0.012716446615930759,0.12046879835890115,0.9950936499108807,-1.89616810573042e-07,4.544713409067748,0.10117416884575371,0.0036904376666666654,0.0013237463679032463,0.0009823977928996811,0.0005148659879616211,0.0032930326916666636,4.544564993060322,0.1003296530552949,-0.00014841600742609984,-0.0008445157904588135,-0.0008456596824559991,1.0027176216904292,2.0358842661376103e-08,-0.001031179691738624,0.0053523817877713774,0.0053523817877713774,0.17670405609736486,0.9986473376691397,2.0414170293784694e-08]"
/multi_agv/m2b_algorithm_state,1789558524.0170577,1789558524.0170577,m2b_algorithm_state_v1:header6+3x20,"[1.0,-0.15,0.52,4.5468372616047965,0.10125039770433304,1789558524.0168705,4.545428849863812,0.10107505338281807,0.0036904376666666654,0.0015415157536872578,0.0006965863657097053,0.0005691344259394881,0.004584685874999997,4.547158666757359,0.09882854567328757,0.0017298168935475644,-0.0022465077095304986,-0.0022546989904733885,1.0073540847231575,1.679982450839262e-07,-9.242787353893299e-05,0.0028703529281129646,0.0028703529281129646,0.14195254168538535,0.9963670179578294,1.6923371841161516e-07,4.546409389959257,0.10150177654315712,0.002796189458333334,-0.0009449955662151257,0.0016672175915228848,0.0007544515750037006,-0.0017884964166666626,4.546021723901325,0.09846460024552936,-0.00038766605793139064,-0.0030371762976277583,-0.003052151622048694,1.0099741653482124,-1.8796652825585627e-07,-0.0035367341944629324,0.01282609255372015,0.01282609255372015,0.12046878828121112,0.9950935188433123,-1.8984133748860962e-07,4.545722712463179,0.10117404812849247,0.0036904376666666654,0.001324403606990876,0.0009823640244259746,0.0005145986653949742,0.0032930326916666636,4.5455156372562895,0.09978302273667397,-0.00020707520688922898,-0.0013910253918184984,-0.0013941416297781036,1.0045039849953186,5.528217621577415e-08,-0.0016529856383896398,0.007786348164417631,0.007786348164417631,0.17670402210130753,0.9977647622787784,5.553116630795855e-08]"
/multi_agv/m2b_algorithm_state,1789558524.027149,1789558524.027149,m2b_algorithm_state_v1:header6+3x20,"[1.0,-0.15,0.52,4.547845881252342,0.1012503416234105,1789558524.0269582,4.546412493363886,0.10107530961794188,0.0036904376666666654,0.0015396971272382395,0.0006967513488760344,0.0005698369092052735,0.004584685874999997,4.548142018982367,0.09962176113187673,0.0017295256184812757,-0.0014535484860651454,-0.0014569572807905395,1.0047159888153847,7.02109559833156e-08,0.0007049497423110551,-0.00029885809736813216,-0.00029885809736813216,0.14195251287933935,0.997660333099441,7.054207006645038e-08,4.547392961432192,0.101501616124931,0.002796189458333334,-0.0009430167470107602,0.0016670994821863516,0.0007536552617938841,-0.0017884964166666626,4.546805090153286,0.10009658468695473,-0.000587871278906249,-0.0014050314379762674,-0.0014081970788349483,1.0045300663450225,-4.009929145115374e-08,-0.0021430361774677593,0.007256069652580731,0.007256069652580731,0.1204688049926874,0.9977519901821555,-4.028094390181586e-08,4.546706330018312,0.10117426737012623,0.0036904376666666654,0.001323200765520797,0.0009824194165070303,0.0005150912375247656,0.0032930326916666636,4.546051779399237,0.10059061500200586,-0.0006545506190747119,-0.0005836523681203715,-0.0005841976514413927,1.0018726379581735,9.718265249510811e-09,-0.0014023859252847827,0.006553463065135519,0.006553463065135519,0.17670407847481737,0.9990666115831245,9.736464041904643e-09]"
/multi_agv/m2b_algorithm_state,1789558524.037076,1789558524.037076,m2b_algorithm_state_v1:header6+3x20,"[1.0,-0.15,0.52,4.548841956908481,0.10125036746693981,1789558524.0369947,4.54742109578002,0.10107517280089785,0.0036904376666666654,0.0015406673994393908,0.0006966638101010502,0.0005694618696746671,0.004584685874999997,4.549231104029982,0.10183671255226241,0.00181000824996147,0.0007615397513645594,0.0007606195862345066,0.9975903691911828,1.925459694871645e-08,0.0030231298986863444,-0.00956383940179285,-0.00956383940179285,0.1419525290123847,1.0012097573434944,1.9208200478697464e-08,4.548401601845944,0.10150170158686202,0.002796189458333334,-0.0009440711199473276,0.0016671617808068362,0.0007540798903545587,-0.0017884964166666626,4.547796474654973,0.10009658468695473,-0.0006051271909708333,-0.0014051168999072855,-0.0014082829242751957,1.0045303410544804,-4.0148996181166844e-08,-0.0021646919129887374,0.0073315435170359464,0.0073315435170359464,0.12046879564387977,0.997751854891275,-4.033088482686256e-08,4.547714946131061,0.10117415048247162,0.0036904376666666654,0.00132384151148443,0.000982389896082259,0.0005148288544751726,0.0032930326916666636,4.547129774712621,0.10160487556916706,-0.0005851714184395007,0.0004307250866954354,0.0004304303831130345,0.998633822425447,5.291539620321771e-09,-0.0003010338899363414,0.0022000421806931915,0.0022000421806931915,0.17670404692725605,1.0006846718864721,5.284310437557629e-09]"
/multi_agv/m2b_algorithm_state,1789558524.0473616,1789558524.0473616,m2b_algorithm_state_v1:header6+3x20,"[1.0,-0.15,0.52,4.549850044290669,0.10125031580407969,1789558524.0471613,4.548417179530583,0.10107523612791662,0.0036904376666666654,0.001540217329991367,0.000696704453847374,0.0005696358152968732,0.004584685874999997,4.550368478006463,0.10308622595466481,0.0019512984758796037,0.0020109898267481885,0.002004633730658335,0.9937268350157067,1.3410516524483835e-07,0.004443756825507839,-0.015256840665320008,-0.015256840665320008,0.14195252258485033,1.0031707019554967,1.3326390141801156e-07,4.549397667763671,0.10150166162273712,0.002796189458333334,-0.0009435806085314339,0.001667132565570384,0.000753882467391942,-0.0017884964166666626,4.54882009894727,0.10000843585781832,-0.0005775688164009196,-0.0014932257649187958,-0.0014968036764547532,1.004819218324229,-4.532113996543406e-08,-0.0022187646969559025,0.007559808579219718,0.007559808579219718,0.12046879937087925,0.9976096320497877,-4.553955243363043e-08,4.5487110234311885,0.10117420465016567,0.0036904376666666654,0.0013235438223416587,0.0009824033982183348,0.000514950867835485,0.0032930326916666636,4.5481317122640466,0.100997594740598,-0.0005793111671419382,-0.0001766099095676793,-0.00017665968430752443,1.000564044804509,8.898158492622348e-10,-0.0009007986432349471,0.004598802138798011,0.004598802138798011,0.1767040595068186,0.999718245053815,8.903177452689809e-10]"
/multi_agv/m2b_algorithm_state,1789558524.05689,1789558524.05689,m2b_algorithm_state_v1:header6+3x20,"[1.0,-0.15,0.52,4.550836690683591,0.10125040135027201,1789558524.0567834,4.549425250696367,0.10107511254924645,0.0036904376666666654,0.0015410913250720852,0.0006966219040240413,0.0005692999128880631,0.004584685874999997,4.551436258308002,0.10083443608633672,0.002011007611635307,-0.00024067646290973355,-0.00024076906856916247,1.0007702439824386,1.9250614897859982e-09,0.0022729904459749713,-0.006412896367141692,-0.006412896367141692,0.14195253775171016,0.9996153755962953,1.9265442568143304e-09,4.550405774910636,0.10150173667303962,0.002796189458333334,-0.0009445287404887567,0.001667191859898054,0.0007542626068798297,-0.0017884964166666626,4.55016582930641,0.09991000401142341,-0.00023994560422568867,-0.0015917326616162047,-0.0015958012298270558,1.0051428533619942,-5.1553105771970173e-08,-0.0018957332351091667,0.0064597102379294665,0.0064597102379294665,0.12046879056670878,0.9974504542703655,-5.181823583531079e-08,4.549719107265006,0.10117409818995296,0.0036904376666666654,0.0013241249711297078,0.000982374771480111,0.0005147138529479709,0.0032930326916666636,4.549378591140674,0.10053050419456748,-0.0003405161243321686,-0.0006435939953854802,-0.0006442573338942547,1.002066364920336,1.1825670367603483e-08,-0.0010699024893094655,0.005402575416958688,0.005402575416958688,0.17670402981365047,0.9989703826811487,1.1850106518010557e-08]"
/multi_agv/m2b_algorithm_state,1789558524.067333,1789558524.067333,m2b_algorithm_state_v1:header6+3x20,"[1.0,-0.15,0.52,4.5518499235535055,0.10125031516825128,1789558524.0671442,4.550411923878184,0.10107532018181575,0.0036904376666666654,0.001539618607981018,0.000696757216440779,0.000569867892022327,0.004584685874999997,4.552327775393696,0.10005127421130183,0.0019158515155117684,-0.0010240459705139204,-0.0010257324257881427,1.003306425176522,3.4836605492345384e-08,0.0013690819686015677,-0.0028435432708059072,-0.0028435432708059072,0.14195251438850556,0.9983558526260623,3.495179012180984e-08,4.55139238890621,0.10150160760930778,0.002796189458333334,-0.0009429268000268986,0.0016670946678596366,0.0007536187771073066,-0.0017884964166666626,4.551168367687978,0.10007427803323296,-0.00022402121823184018,-0.0014273295760748178,-0.0014305970437598712,1.0046031199418515,-4.1378834372650474e-08,-0.0017106235665496714,0.005738246859944219,0.005738246859944219,0.12046880411851807,0.9977160111582043,-4.156930611032179e-08,4.550705759266377,0.1011742762596925,0.0036904376666666654,0.0013231490303871464,0.0009824205338091032,0.0005151130814862338,0.0032930326916666636,4.5504793182699705,0.10209656646987186,-0.0002264409964061187,0.0009222902101793662,0.0009209440278591744,0.9970909764099738,2.4240219664267064e-08,0.000637892782351526,-0.0013649909213801826,-0.0013649909213801826,0.1767040755314194,1.0014617417339913,2.4169704293436293e-08]"
/multi_agv/m2b_algorithm_state,1789558524.0772338,1789558524.0772338,m2b_algorithm_state_v1:header6+3x20,"[1.0,-0.15,0.52,4.552850203431292,0.10125031521389312,1789558524.0771232,4.551425130009227,0.10107511123443791,0.0036904376666666654,0.0015410994409487976,0.0006966214578392636,0.0005692966270718884,0.004584685874999997,4.55338060218229,0.10094278466680401,0.001955472173062134,-0.00013232656763390027,-0.0001323545387036617,1.0004229694132363,5.818898883989316e-10,0.0023119856776240054,-0.006603067725986239,-0.006603067725986239,0.1419525388118316,0.999788665579319,5.821360100235959e-10,4.552405654119018,0.10150173706550751,0.002796189458333334,-0.0009445356612854906,0.0016671916965380618,0.000754265691768688,-0.0017884964166666626,4.552172560729194,0.10007427803323296,-0.00023309338982357986,-0.00142745903227455,-0.0014307270901813126,1.0046035361520564,-4.145693479803302e-08,-0.0017220938274607875,0.0057772049856398755,0.0057772049856398755,0.12046878995208982,0.9977158062294408,-4.1647783296129214e-08,4.55171898653227,0.10117409720480842,0.0036904376666666654,0.0013241294847917205,0.0009823743826060218,0.0005147120987227995,0.0032930326916666636,4.551632285529042,0.10350651345943866,-8.670100322838437e-05,0.0023324162546302374,0.002323898236211431,0.9927606442862273,1.549835483964689e-07,0.0022155219821759506,-0.007662267070139809,-0.007662267070139809,0.176704027733099,1.0036654007848007,1.5386156735984416e-07]"
/multi_agv/m2b_algorithm_state,1789558524.087107,1789558524.087107,m2b_algorithm_state_v1:header6+3x20,"[1.0,-0.15,0.52,4.553842266864161,0.1012503670496927,1789558524.0870306,4.5524254094798655,0.10107511531897238,0.0036904376666666654,0.0015410661315170071,0.0006966188011721991,0.0005693124471606828,0.004584685874999997,4.554527604815184,0.10240769424265575,0.002102195335318413,0.0013325789236833668,0.0013297735554352538,0.9958108091253063,5.894786495367096e-08,0.00395751772458327,-0.013176173542590937,-0.013176173542590937,0.14195253994997997,1.0021096586231892,5.870092109572436e-08,4.553405934840396,0.10150173093898203,0.002796189458333334,-0.0009444959809594721,0.0016671942273109863,0.0007542471752667312,-0.0017884964166666626,4.5533636878381945,0.10223645746821691,-4.2247002201456496e-05,0.0007347265292348831,0.00073387479215253,0.9976879462330136,-1.0966085777470152e-08,0.0006810660394007094,-0.0036998994168296363,-0.0036998994168296363,0.12046878929050306,1.0011606027233266,-1.0940731597539256e-08,4.552719265973615,0.10117409938372494,0.0036904376666666654,0.0013241132754761523,0.0009823721310131981,0.0005147202959661741,0.0032930326916666636,4.552631024508002,0.10314333920666151,-8.824146561359214e-05,0.0019692398229365637,0.0019631511763046174,0.9938624416413466,1.105052387855916e-07,0.0018528493442876272,-0.006190488188499894,-0.006190488188499894,0.17670402550407777,1.003101466002943,1.0982700643360811e-07]"
/multi_agv/m2b_algorithm_state,1789558524.0969443,1789558524.0969443,m2b_algorithm_state_v1:header6+3x20,"[1.0,-0.15,0.52,4.554839026423992,0.10125038770473398,1789558524.096821,4.553417489037268,0.10107524246761906,0.0036904376666666654,0.001540162705689257,0.0006966999589950609,0.000569661830599996,0.004584685874999997,4.555448897043705,0.10067570781958747,0.0020314080064371964,-0.00039953464803159366,-0.0003997901529372476,1.0012809410564318,5.302398261968733e-09,0.002139469855109248,-0.005864591080439957,-0.005864591080439957,0.1419525263353424,0.999360902454008,5.309190321600042e-09,4.554397978890093,0.10150165066783078,0.002796189458333334,-0.0009435118926345125,0.001667136077794673,0.0007538508544142342,-0.0017884964166666626,4.553435629621705,0.10258860904751982,-0.0009623492683878965,0.001086958379689043,0.0010850992073231254,0.9965932410437255,-2.3969753902578333e-08,-0.00011783737816174517,-0.0010143764826323935,-0.0010143764826323935,0.12046879719727788,1.001713366255703,-2.3888094728791028e-08,4.553711332665124,0.10117420801362825,0.0036904376666666654,0.0013235163971479654,0.0009823990995893265,0.0005149649914631895,0.0032930326916666636,4.553556081439892,0.10212067378555265,-0.00015525122523207813,0.000946465771924393,0.0009450483491243436,0.9970155418047135,2.5534320578626422e-08,0.0007509843175842459,-0.001778572125268362,-0.001778572125268362,0.17670405216809948,1.0014998415703946,2.545811446631447e-08]"
/multi_agv/m2b_algorithm_state,1789558524.107157,1789558524.107157,m2b_algorithm_state_v1:header6+3x20,"[1.0,-0.15,0.52,4.55584913075793,0.1012503222911323,1789558524.1070454,4.554414255472267,0.10107529067541059,0.0036904376666666654,0.001539822178336404,0.0006967344684419168,0.0005697914850382845,0.004584685874999997,4.555493629490926,0.09891083090587875,0.0010793740186594292,-0.0021644597695318346,-0.002172058928773499,1.0070789411661345,1.5577097619331697e-07,-0.0008228414054492123,0.00540509412510225,0.00540509412510225,0.1419525211360217,0.9965014028206152,1.568736697691808e-07,4.555394729954872,0.10150162227539139,0.002796189458333334,-0.0009431418539636244,0.0016671105926402419,0.0007537037119722395,-0.0017884964166666626,4.554338331515055,0.1014703323828745,-0.0010563984398173076,-3.128989251688363e-05,-3.1291446279031216e-05,1.000099325765798,-1.9871048395464907e-11,-0.0013517894960506658,0.0038692596350778687,0.0038692596350778687,0.1204688002097395,0.9999503454671372,-1.9873022102563996e-11,4.554708093844837,0.10117425016339995,0.0036904376666666654,0.0013232869869320564,0.0009824113021099645,0.0005150580846100235,0.0032930326916666636,4.553679032874533,0.10254913464066795,-0.0010290609703043074,0.0013748844772679958,0.0013719031315339194,0.9956857260060514,5.3856302107288336e-08,8.557691865353515e-05,0.00039659048747490587,0.00039659048747490587,0.17670406233792413,1.0021731459499936,5.362395126369662e-08]"
/multi_agv/m2b_algorithm_state,1789558524.1171834,1789558524.1171834,m2b_algorithm_state_v1:header6+3x20,"[1.0,-0.15,0.52,4.556841972436751,0.1012503690323574,1789558524.1170897,4.5554243395435465,0.10107513217548866,0.0036904376666666654,0.001540945255359897,0.0006966314540111538,0.0005693582605978379,0.004584685874999997,4.5563712681403645,0.09843048270724065,0.0009469285968179975,-0.0026446494682480087,-0.0026560354958311124,1.0086962193903481,2.3279715000059004e-07,-0.0014723747498086156,0.007897406395106405,0.007897406395106405,0.1419525399311166,0.9957131493155963,2.3482160509044296e-07,4.5564048588028125,0.10150172036221893,0.002796189458333334,-0.0009443616868466172,0.001667184134649169,0.0007541942132598262,-0.0017884964166666626,4.5553205127127,0.10175951867026595,-0.0010843460901126534,0.000257798308047022,0.000257693067104219,0.999184338035801,-1.3503479356403852e-09,-0.0010977395455365976,0.0028400512625107017,0.0028400512625107017,0.12046878930225126,1.0004083964849562,-1.3492465081908487e-09,4.555718193927429,0.10117411433568936,0.0036904376666666654,0.0013240305618577807,0.0009823762244962177,0.0005147540198290742,0.0032930326916666636,4.554732307350881,0.10290878164230605,-0.0009858865765481895,0.0017346673066166857,0.0017299343928684696,0.9945790375293768,8.575632573921102e-08,0.0004975761721832327,-0.0012380283055358054,-0.0012380283055358054,0.17670402554033907,1.0027358920475407,8.529144391576022e-08]"
/multi_agv/m2b_algorithm_state,1789558524.1271186,1789558524.1271186,m2b_algorithm_state_v1:header6+3x20,"[1.0,-0.15,0.52,4.557838451602012,0.10125039140020882,1789558524.1270099,4.556417195797147,0.10107524656902721,0.0036904376666666654,0.0015401327416814992,0.0006967048114285385,0.0005696722947690384,0.004584685874999997,4.55826445707454,0.09953776803690825,0.0018472612773932084,-0.001537478532118955,-0.0015412947651137186,1.0049930214356277,7.857990992241267e-08,0.000767781831627792,-0.0004820885818549998,-0.0004820885818549998,0.14195252771461928,0.9975240083330315,7.897226109706497e-08,4.5573976829346705,0.1015016483803556,0.002796189458333334,-0.0009434768382363288,0.001667131493756635,0.0007538380439945508,-0.0017884964166666626,4.557116928262945,0.10305422683638142,-0.00028075467172516966,0.0015525784560258271,0.0015487986867644542,0.9951596955102832,-4.888570344205014e-08,0.0011978553471079921,-0.00592090589584928,-0.00592090589584928,0.12046879639743896,1.0024404522638568,-4.864908175219662e-08,4.556711038578437,0.10117421214768943,0.0036904376666666654,0.001323493414874425,0.000982400689727215,0.000514974126261739,0.0032930326916666636,4.556200816004313,0.10296523032941672,-0.0005102225741246968,0.0017910181817272913,0.001785974937351615,0.994406543432607,9.13775067192295e-08,0.001148196719695744,-0.0035887240900879117,-0.0035887240900879117,0.176704049468131,1.0028238046739641,9.086639060415884e-08]"
/multi_agv/m2b_algorithm_state,1789558524.1371133,1789558524.1371133,m2b_algorithm_state_v1:header6+3x20,"[1.0,-0.15,0.52,4.558838664677353,0.10125038940811082,1789558524.137012,4.55741368238261,0.10107529870668962,0.0036904376666666654,0.0015397646735306647,0.0006967421247715314,0.0005698124285587106,0.004584685874999997,4.559367376203873,0.09980842539660949,0.0019536938212629806,-0.00126687331008013,-0.0012694591245300184,1.0041016864058718,5.333059038083134e-08,0.0011726581520487074,-0.002036552485371802,-0.002036552485371802,0.14195252201247174,0.9979630581245805,5.3549335738413515e-08,4.558394152923167,0.1015016177751137,0.002796189458333334,-0.000943077176321608,0.001667103963464811,0.0007536791247146346,-0.0017884964166666626,4.5582469356611535,0.1042463751326747,-0.00014721726201383234,0.002744757357561009,0.00273305083822494,0.9915590641991958,-1.5258588057735333e-07,0.0025490292607076494,-0.011323475477945499,-0.011323475477945499,0.12046879970405651,1.0042833156165043,-1.5129791295529073e-07,4.557707519500259,0.10117425771882314,0.0036904376666666654,0.0013232455676479397,0.000982413931324322,0.0005150746706513065,0.0032930326916666636,4.557106207567195,0.10163271816541633,-0.0006013119330647854,0.00045846044659318685,0.0004581266383346767,0.9985463112384662,5.992128690367584e-09,-0.000293513277996305,0.002160292417578548,0.002160292417578548,0.1767040606346862,1.000728637521982,5.983418000232732e-09]"
/multi_agv/m2b_algorithm_state,1789558524.147174,1789558524.147174,m2b_algorithm_state_v1:header6+3x20,"[1.0,-0.15,0.52,4.559842394068908,0.10125036505834017,1789558524.1470578,4.558413895373945,0.10107529095587024,0.0036904376666666654,0.001539822088046094,0.0006967415323826383,0.0005697878499002575,0.004584685874999997,4.560333969935345,0.0987652351842865,0.001920074561400753,-0.0023100557715837466,-0.0023187211427543857,1.0075674919010988,1.7744924003139066e-07,8.13720589965556e-05,0.0022849024725777487,0.0022849024725777487,0.14195252304201658,0.9962628661934113,1.7879208571818435e-07,4.559394365825041,0.10150162505883327,0.002796189458333334,-0.000943140749429504,0.0016671034430633114,0.0007537069521673656,-0.0017884964166666626,4.559205034310207,0.1028769266677718,-0.00018933151483402355,0.001375301608938534,0.0013723317278440223,0.9957036765081597,-3.83505946192107e-08,0.0011356673343014929,-0.005615648097540271,-0.005615648097540271,0.12046879910713386,1.0021641131180268,-3.818582805862214e-08,4.558707732833073,0.10117425220962893,0.0036904376666666654,0.001323278412779722,0.000982414591777659,0.0005150600900614153,0.0032930326916666636,4.558077911204074,0.10223354888769667,-0.000629821628999494,0.001059296678067742,0.0010575226786618311,0.9966640444769849,3.1976881818208185e-08,0.0002702456424124636,-0.00011797963657048192,-0.00011797963657048192,0.1767040586107119,1.0016775048343698,3.1870208362697933e-08]"
/multi_agv/m2b_algorithm_state,1789558524.1571898,1789558524.1571898,m2b_algorithm_state_v1:header6+3x20,"[1.0,-0.15,0.52,4.560841566139995,0.10125037055897133,1789558524.157093,4.55941761749695,0.10107523030499771,0.0036904376666666654,0.0015402533750259666,0.0006967045299985483,0.0005696201516532077,0.004584685874999997,4.561273356299309,0.09804844097249699,0.0018557388023587862,-0.0030267893325007234,-0.0030417464255824644,1.0099955244857546,3.048724471763341e-07,-0.0007220729226339816,0.005423701922255168,0.005423701922255168,0.14195253037583294,0.9950827284760013,3.0791980718711705e-07,4.5603981038524015,0.10150166403161061,0.002796189458333334,-0.0009436100920694286,0.0016671293504799678,0.0007538969198113005,-0.0017884964166666626,4.560225471986101,0.1028769266677718,-0.0001726318663006765,0.0013752626361611953,0.0013722929240818455,0.9957037986317494,-3.836749901380422e-08,0.001156503091206,-0.005690421492567229,-0.005690421492567229,0.12046879485211826,1.0021640511491645,-3.8202664512044764e-08,4.559711460857373,0.1011742008384122,0.0036904376666666654,0.0013235612547139006,0.0009824025005459097,0.0005149437785011268,0.0032930326916666636,4.559138341071246,0.10278038254574576,-0.0005731197861269521,0.001606181707333551,0.001602120004407697,0.9949732060139588,7.350384115676596e-08,0.0008857202717490068,-0.0025649437121227515,-0.0025649437121227515,0.176704044264595,1.0025352051748182,7.31343524900882e-08]"
/multi_agv/m2b_algorithm_state,1789558524.167154,1789558524.167154,m2b_algorithm_state_v1:header6+3x20,"[1.0,-0.15,0.52,4.561840684681022,0.10125037622847306,1789558524.166995,4.56041679145486,0.10107524300845899,0.0036904376666666654,0.0015401637293823312,0.0006967138641561729,0.0005696541541720692,0.004584685874999997,4.562272136467133,0.09819241723290034,0.0018553450122729132,-0.0028828257755586506,-0.0028963792204245546,1.0095047496061709,2.76518941879375e-07,-0.0005771979550834132,0.004852564608309118,0.004852564608309118,0.1419525295294623,0.9953205558269689,2.791471851833018e-07,4.561397273570941,0.10150165667374554,0.002796189458333334,-0.000943512629537244,0.0016671222928383855,0.000753858344322636,-0.0017884964166666626,4.56119047054184,0.10289017343020043,-0.0002068030291013656,0.0013885167564548911,0.0013854898316486412,0.9956630501509808,-3.910618233809323e-08,0.0011269860452719342,-0.005591233356305702,-0.005591233356305702,0.12046879534430817,1.0021847326029438,-3.893658078650632e-08,4.5607106333941845,0.10117421199470945,0.0036904376666666654,0.001323500671835925,0.0009824058308669954,0.0005149683065254229,0.0032930326916666636,4.560244412133809,0.10254967329885734,-0.00046622126037565437,0.001375461304147882,0.001372477467762727,0.9956839421011087,5.391019272069725e-08,0.000789700892293159,-0.0021151637149565724,-0.0021151637149565724,0.17670404591397362,1.0021740512724182,5.367751320757433e-08]"
/multi_agv/m2b_algorithm_state,1789558524.1769683,1789558524.1769683,m2b_algorithm_state_v1:header6+3x20,"[1.0,-0.15,0.52,4.56283932265029,0.10125038477357991,1789558524.1768322,4.561415911992006,0.10107525565913983,0.0036904376666666654,0.001540074945365655,0.0006967237965092459,0.0005696874720641813,0.004584685874999997,4.563331064669667,0.09927608902578619,0.0019151526776610694,-0.0017991666333536382,-0.0018044028231606426,1.0058601083657714,1.0762078071625042e-07,0.0005895380239156942,0.0002655690591799381,0.0002655690591799381,0.1419525285817815,0.9970981037383699,1.0825145015365657e-07,4.562396389585476,0.10150164976251934,0.002796189458333334,-0.0009434164632125368,0.0016671147133626718,0.0007538206021388549,-0.0017884964166666626,4.562214895010245,0.10289017343020043,-0.0001814945752318664,0.0013885236676810936,0.0013854967126159154,0.9956630284968516,-3.910258678376556e-08,0.0011586284935760824,-0.005704015962170877,-0.005704015962170877,0.12046879589383074,1.0021847435923994,-3.893299997918498e-08,4.5617097524655845,0.10117422326376,0.0036904376666666654,0.0013234399582247717,0.0009824095165453794,0.0005149927063807795,0.0032930326916666636,4.561133336689081,0.10113559916913964,-0.0005764157765035804,-3.862409462035421e-05,-3.862647278828486e-05,1.0001231622419708,4.2551072175160364e-11,-0.0007591461934177604,0.004035418340044327,0.004035418340044327,0.17670404776884788,0.999938431656867,4.255631286060772e-11]"
/multi_agv/m2b_algorithm_state,1789558524.1870673,1789558524.1870673,m2b_algorithm_state_v1:header6+3x20,"[1.0,-0.15,0.52,4.563841081922566,0.10125037320641155,1789558524.186902,4.562414552921553,0.10107527471626414,0.0036904376666666654,0.0015399413460852108,0.0006967386715960088,0.0005697376445601529,0.004584685874999997,4.564702763372563,0.09948842508696946,0.0022882104510095758,-0.0015868496292946732,-0.0015909163996862693,1.0051562213167593,8.369998093087692e-08,0.0012693466640757004,-0.0022302055899931466,-0.0022302055899931466,0.14195252676986767,0.9974437560688934,8.413155655676506e-08,4.563395023810685,0.10150163938699486,0.002796189458333334,-0.0009432720353044961,0.0016671034811839291,0.0007537638402448643,-0.0017884964166666626,4.563707320608606,0.10277020377199074,0.00031229679792144083,0.0012685643849958822,0.0012660355520853496,0.9960322815181243,-3.263587919945963e-08,0.0016564065494871507,-0.0074226921288491066,-0.0074226921288491066,0.12046879694409453,1.001997442256947,-3.250638921838767e-08,4.562708391218632,0.10117424021748071,0.0036904376666666654,0.0013233487069051254,0.000982415067665921,0.000515029372821575,0.0032930326916666636,4.562560658918252,0.10152239139531842,-0.00014773230038045426,0.00034815117783770777,0.00034795851784314645,0.9988946966030807,3.456058296776886e-09,0.00016329314236757862,0.0005860993544317283,0.0005860993544317283,0.1767040513132885,1.0005536866743643,3.4522383038015074e-09]"
/multi_agv/m2b_algorithm_state,1789558524.1969333,1789558524.1969333,m2b_algorithm_state_v1:header6+3x20,"[1.0,-0.15,0.52,4.564836764164224,0.10125040055691252,1789558524.196804,4.56341630883736,0.10107524520990842,0.0036904376666666654,0.001540151906924803,0.0006967215773364894,0.0005696552667451753,0.004584685874999997,4.565677750092692,0.09925696497430753,0.0022614412553316754,-0.0018182802356008915,-0.001823629041036552,1.0059236389225727,1.0992646677149825e-07,0.0010031725281280423,-0.0011845012891485325,-0.0011845012891485325,0.14195253055789966,0.997066944364617,1.105776314686868e-07,4.564396786999199,0.10150165896768719,0.002796189458333334,-0.0009435017072829434,0.0016671152298979308,0.0007538572838269586,-0.0017884964166666626,4.564729812196996,0.10277020377199074,0.0003330251977970988,0.0012685448043035508,0.0012660160497578578,0.9960323429353024,-3.264281534339006e-08,0.0016822975470042313,-0.007515233216607437,-0.007515233216607437,0.12046879474593299,1.0019974111277474,-3.2513299846481245e-08,4.563710149931139,0.101174215441639,0.0036904376666666654,0.0013234858808611103,0.0009824097171481135,0.0005149726964016259,0.0032930326916666636,4.563602420824117,0.10187632802356252,-0.00010772910702172567,0.0007021125819235141,0.0007013311225371335,0.9977798913750806,1.4053816100122312e-08,0.0005666697387599764,-0.0010098417471791385,-0.0010098417471791385,0.17670404390465627,1.001114251686926,1.40226151017854e-08]"
/multi_agv/m2b_algorithm_state,1789558524.2070744,1789558524.2070744,m2b_algorithm_state_v1:header6+3x20,"[1.0,-0.15,0.52,4.5658431203330565,0.10125035904707508,1789558524.2069998,4.564411999923958,0.10107530950503907,0.0036904376666666654,0.0015396980653835392,0.0006967663399114696,0.0005698287050304673,0.004584685874999997,4.56666878568442,0.09915927920798923,0.0022567857604620656,-0.0019160302970498422,-0.0019219740278641122,1.0062489569219446,1.2203533013055557e-07,0.0008990081727134698,-0.0007730139184423564,-0.0007730139184423564,0.14195252343518283,0.9969074864029899,1.227979236514967e-07,4.565392458345179,0.10150162088260062,0.002796189458333334,-0.0009430096046603295,0.0016670825428644065,0.0007536609770642938,-0.0017884964166666626,4.565532505291927,0.10142870192111066,0.00014004694674785156,-7.291896148996224e-05,-7.292740249743939e-05,1.0002315814200404,-1.0790593573709457e-10,0.00010213128093737506,-0.0012726762097496499,-0.0012726762097496499,0.12046879887881229,0.9998842546534212,-1.0793092474692336e-10,4.564705834223536,0.10117427128309787,0.0036904376666666654,0.0013231820642932149,0.000982425543261601,0.0005150961569579168,0.0032930326916666636,4.5646439324022925,0.1015048986362105,-6.19018212431044e-05,0.0003306273531126225,0.00033045357673346033,0.998950122499502,3.116545909023983e-09,0.00025307630017957984,0.00027476860212512656,0.00027476860212512656,0.1767040578519073,1.0005258722900805,3.1132739175948293e-09]"
/multi_agv/m2b_algorithm_state,1789558524.217121,1789558524.217121,m2b_algorithm_state_v1:header6+3x20,"[1.0,-0.15,0.52,4.56684053919074,0.10125037591284246,1789558524.2169888,4.565418343353843,0.10107520748313788,0.0036904376666666654,0.0015404227734058915,0.0006967017934890402,0.0005695481479381506,0.004584685874999997,4.567673996718287,0.09889454017763352,0.002255653364443333,-0.002180667305504355,-0.0021883816456076733,1.0071332560460418,1.581759718228592e-07,0.0006311850599464929,0.00029154536600031864,0.00029154536600031864,0.14195253549632228,0.9964748652874139,1.5930428153020315e-07,4.566398829789244,0.10150168539189007,0.002796189458333334,-0.0009437983512219509,0.0016671283685623095,0.0007539790344449765,-0.0017884964166666626,4.566541858920505,0.10142870192111066,0.00014302913126140737,-7.298347077941414e-05,-7.299192672526133e-05,1.0002317862605314,-1.0818732945144669e-10,0.00010579448735149789,-0.0012864368875142983,-0.0012864368875142983,0.12046879187892554,0.9998841523134603,-1.0821240578797712e-10,4.565712187856082,0.10117418426619729,0.0036904376666666654,0.0013236601808829058,0.000982404085027212,0.0005149000737829771,0.0032930326916666636,4.565557519400699,0.10047978765671073,-0.0001546684553828115,-0.0006943966094865583,-0.0006951690988019302,1.0022307538602886,1.37619369275172e-08,-0.0008885046680304446,0.0047818122849537965,0.0047818122849537965,0.1767040342278796,0.99888877495173,1.3792636421443307e-08]"
/multi_agv/m2b_algorithm_state,1789558524.227033,1789558524.227033,m2b_algorithm_state_v1:header6+3x20,"[1.0,-0.15,0.52,4.5678400741260825,0.10125037882941405,1789558524.2269492,4.566415767488965,0.10107524826591414,0.0036904376666666654,0.0015401338738575054,0.0006967284312691994,0.0005696595182920731,0.004584685874999997,4.5684529908746905,0.09856968865115709,0.0020372233857255395,-0.0025055596147570552,-0.002515768788364097,1.0082259916969873,2.0882498779398928e-07,3.0760443792827476e-05,0.0025500181451260794,0.0025500181451260794,0.1419525314908374,0.9959419269154379,2.105427804097061e-07,4.567396242240335,0.10150166024088476,0.002796189458333334,-0.0009434844904306445,0.0016671091487863166,0.000753852984126932,-0.0017884964166666626,4.567560903412084,0.10210052769643094,0.00016466117174918082,0.0005988674555461732,0.0005983010030962532,0.9981125500184398,-7.278443437494258e-09,0.0008041274677827292,-0.0040741381013944915,-0.0040741381013944915,0.12046879420280411,1.0009467683440085,-7.2647057395623725e-09,4.566709607842919,0.10117421923172845,0.0036904376666666654,0.0013234688943919563,0.0009824131685877814,0.0005149782641186238,0.0032930326916666636,4.5663080458464895,0.1020598889950784,-0.0004015619964290451,0.0008856697633499444,0.0008844280164851825,0.9972053158455368,2.2359471750914722e-08,0.0003824755209488761,-0.00043824593191831213,-0.00043824593191831213,0.17670404208035181,1.001404011227162,2.2296984089510275e-08]"
/multi_agv/m2b_algorithm_state,1789558524.2371075,1789558524.2371075,m2b_algorithm_state_v1:header6+3x20,"[1.0,-0.15,0.52,4.568842533204742,0.10125036303407713,1789558524.2370548,4.567415303475069,0.10107525433485887,0.0036904376666666654,0.0015400919558920564,0.0006967337239178299,0.0005696749350327462,0.004584685874999997,4.5694708494303145,0.09913000636196934,0.002055545955245819,-0.00194524797288953,-0.0019513757106454457,1.0063463384020288,1.258202167318248e-07,0.0006180567334118279,0.00023108558321201103,0.00023108558321201103,0.14195253129673083,0.9968597857795981,1.266187144050216e-07,4.568395775802839,0.10150165739932725,0.002796189458333334,-0.0009434396962953963,0.0016671050302674573,0.0007538357097395948,-0.0017884964166666626,4.568472257977787,0.10064210563521954,7.648217494882203e-05,-0.0008595517641077077,-0.0008607316573164102,1.0027542916931942,-1.5008684363426362e-08,-0.0007651289386303826,0.0021502214618827013,0.0021502214618827013,0.12046879431798337,0.9986291973826301,-1.505002265809432e-08,4.567709143100341,0.10117422475405603,0.0036904376666666654,0.0013234397774342893,0.0009824152928864741,0.0005149897802229375,0.0032930326916666636,4.567383561385344,0.10222830551942934,-0.0003255817149971918,0.0010540807653733053,0.0010523241230418594,0.9966802721802096,3.166673719263644e-08,0.0006453469792953696,-0.0014519853822371272,-0.0014519853822371272,0.17670404245632923,1.0016692977885637,3.1561612244216053e-08]"
/multi_agv/m2b_algorithm_state,1789558524.2471225,1789558524.2471225,m2b_algorithm_state_v1:header6+3x20,"[1.0,-0.15,0.52,4.569843120237258,0.10125035968636668,1789558524.2470298,4.568417757675161,0.10107521564183981,0.0036904376666666654,0.00154036681687718,0.0006967089685360854,0.0005695686706900095,0.004584685874999997,4.570533987795399,0.0998831576367705,0.002116230120238427,-0.0011920580050693158,-0.0011943461385849434,1.003856209691904,4.723377757033188e-08,0.0014509415117130904,-0.0030541556452598076,-0.0030541556452598076,0.1419525363438958,0.9980841956601135,4.7415920921183826e-08,4.5693982407375024,0.10150168179074122,0.002796189458333334,-0.0009437389094140991,0.0016671225982820559,0.0007539562699923202,-0.0017884964166666626,4.569385105291549,0.10079151074387709,-1.313544595316074e-05,-0.0007101710468641331,-0.0007109755610681204,1.0022717772849263,-1.0247494431447451e-08,-0.0007273948685095714,0.0019508657436003744,0.0019508657436003744,0.12046879138638684,0.9988684362050663,-1.0270774456524223e-08,4.568711601201562,0.1011741916696503,0.0036904376666666654,0.0013236215497825356,0.0009824070311394099,0.000514915286430172,0.0032930326916666636,4.5682796688795095,0.10069411455316891,-0.0004319323220522975,-0.0004800771164813894,-0.00048044575142632885,1.0015385160463721,6.5767198003644714e-09,-0.0010203611539917007,0.0051554101740813605,0.0051554101740813605,0.17670403257021244,0.9992327230621875,6.586838189309826e-09]"
/multi_agv/m2b_algorithm_state,1789558524.2570062,1789558524.2570062,m2b_algorithm_state_v1:header6+3x20,"[1.0,-0.15,0.52,4.5708371719886385,0.10125039776460272,1789558524.2569177,4.569418343583116,0.10107520802344927,0.0036904376666666654,0.0015404205091820548,0.0006967031734758321,0.0005695484115948695,0.004584685874999997,4.571488630086336,0.09875155277812074,0.0020702865032200535,-0.002323655245328529,-0.0023324238509760094,1.0076132140487333,1.7961615795272254e-07,0.00025543427804905743,0.0016788073618700429,0.0016788073618700429,0.14195253803419158,0.9962405608038133,1.809836142098277e-07,4.570398829165801,0.10150168612771217,0.002796189458333334,-0.0009437971197392243,0.0016671267856276373,0.0007539793240364245,-0.0017884964166666626,4.570388471375734,0.10079151074387709,-1.0357790066528594e-05,-0.0007101753838350822,-0.0007109799078445318,1.002271791137072,-1.0248251499150281e-08,-0.0007239271454276925,0.001938530055678015,0.001938530055678015,0.12046879040358062,0.9988684293317251,-1.0271533386076536e-08,4.569712187962858,0.10117418490793864,0.0036904376666666654,0.0013236582504714749,0.0009824049166514918,0.0005149004779780838,0.0032930326916666636,4.569208955447417,0.09991706427693196,-0.0005032325154408213,-0.001257120631006678,-0.0012596632138177665,1.0040642637544914,4.51216309778022e-08,-0.001888703858118793,0.008561748595337941,0.008561748595337941,0.17670402925457832,0.9979815376179935,4.530501718712882e-08]"
/multi_agv/m2b_algorithm_state,1789558524.2670538,1789558524.2670538,m2b_algorithm_state_v1:header6+3x20,"[1.0,-0.15,0.52,4.571842438771777,0.10125036338178457,1789558524.2669382,4.570412407347392,0.10107529932420976,0.0036904376666666654,0.0015397743841978118,0.0006967639982740079,0.0005697968420179333,0.004584685874999997,4.572025309064236,0.09697733158568309,0.0016129017168440285,-0.004097967738526678,-0.004125606073164396,1.0136961086859984,5.590500137336028e-07,-0.0021094789271093603,0.01073470312019195,0.01073470312019195,0.1419525279900426,0.9933007819584387,5.667068234826071e-07,4.5713928662822205,0.10150163045045335,0.002796189458333334,-0.0009430955543556505,0.0016670828807470173,0.000753698057551877,-0.0017884964166666626,4.571446798339669,0.102456934483378,5.393205744841367e-05,0.0009553040329246532,0.0009538665221094508,0.9970013731006714,-1.850846991704949e-08,0.0010212815939199679,-0.0050119458246708284,-0.0050119458246708284,0.12046879623588093,1.0015070356091578,-1.8452969921290814e-08,4.570706242336302,0.10117426351914506,0.0036904376666666654,0.0013232288163878988,0.0009824258887486618,0.0005150757120842338,0.0032930326916666636,4.570039000988349,0.10119892985485418,-0.0006672413479522632,2.4666335709119802e-05,2.4665366255180222e-05,0.9999214018997384,1.7350598818398474e-11,-0.0008093863186851487,0.004185700814026399,0.004185700814026399,0.1767040489275597,1.000039304258836,1.7349235094292946e-11]"
/multi_agv/m2b_algorithm_state,1789558524.2771082,1789558524.2771082,m2b_algorithm_state_v1:header6+3x20,"[1.0,-0.15,0.52,4.572841743289437,0.10125036819043959,1789558524.2770076,4.571417663564812,0.10107521472716513,0.0036904376666666654,0.001540375526182974,0.0006967105122170022,0.0005695640926371034,0.004584685874999997,4.572909158931721,0.09676289311473123,0.001491495366908957,-0.004312321612433903,-0.004342976217319801,1.0144470713526095,6.193889285090029e-07,-0.002478607008683605,0.012112612863750307,0.012112612863750307,0.14195253809211553,0.992941567406322,6.283372845541888e-07,4.572398145728389,0.10150168404437182,0.002796189458333334,-0.000943750026048646,0.0016671208698344486,0.0007539619877617171,-0.0017884964166666626,4.572467875747261,0.102456934483378,6.973001887189412e-05,0.0009552504390061833,0.0009538130899432092,0.9970015416865691,-1.8519232171251096e-08,0.0010409756135330767,-0.00508272318535295,-0.00508272318535295,0.12046879037082907,1.0015069504477652,-1.846370302558885e-08,4.5717115070221315,0.1011741913738168,0.0036904376666666654,0.0013236253975999748,0.0009824081439271833,0.000514913039747216,0.0032930326916666636,4.57114684322617,0.10230831192966196,-0.0005646637959610956,0.001134120555845164,0.001132088241294609,0.9964314461081212,3.666146227112412e-08,0.0004262584963432394,-0.0007078446277594807,-0.0007078446277594807,0.17670402914623967,1.0017951909369105,3.6530633867254526e-08]"
/multi_agv/m2b_algorithm_state,1789558524.2871196,1789558524.2871196,m2b_algorithm_state_v1:header6+3x20,"[1.0,-0.15,0.52,4.573841717479218,0.1012503685902123,1789558524.2870145,4.572416969526714,0.10107522660479515,0.0036904376666666654,0.0015402913268974154,0.0006967177762350117,0.0005695968111608437,0.004584685874999997,4.574021511596701,0.09830480135893056,0.0016045420699875024,-0.0027704252458645856,-0.0027829318373718713,1.0091226547777596,2.5537908074741933e-07,-0.0007772542498874933,0.005506996280037447,0.005506996280037447,0.14195253747406453,0.9955059655650436,2.5770881593853965e-07,4.573397448510617,0.10150167654523337,0.002796189458333334,-0.000943658596568267,0.0016671156635421625,0.00075392506438135,-0.0017884964166666626,4.573589864264781,0.10016121076312501,0.0001924157541637328,-0.0013404657821083632,-0.001343345757702172,1.0043187385549313,-3.652183266457442e-08,-0.001102826064997506,0.003553307530999205,0.003553307530999205,0.12046879073005283,0.9978561174014238,-3.667956091139967e-08,4.572710811830978,0.10117420142129024,0.0036904376666666654,0.0013235703363787548,0.0009824105538525979,0.000514935653091604,0.0032930326916666636,4.572054251379435,0.10098554948312782,-0.0006565604515431644,-0.00018865193816242076,-0.0001887087371951442,1.0006025860570695,1.015324597189157e-09,-0.0010094093016240998,0.004989413671370204,0.004989413671370204,0.17670403035700458,0.9996990121731105,1.015936417634823e-09]"
/multi_agv/m2b_algorithm_state,1789558524.2973042,1789558524.2973042,m2b_algorithm_state_v1:header6+3x20,"[1.0,-0.15,0.52,4.574846163917253,0.10125034042275836,1789558524.2972775,4.573416943823397,0.10107522754220559,0.0036904376666666654,0.0015402849212005545,0.0006967182787120049,0.0005695993264022617,0.004584685874999997,4.575287452379718,0.09742481687579205,0.0018705085563208712,-0.003650410666413542,-0.0036722681527501977,1.0121394218312936,4.4362812946629984e-07,-0.0013341324573491087,0.00783591299860597,0.00783591299860597,0.14195253805894653,0.9940479601631796,4.4901351846611897e-07,4.574397422561161,0.10150167604514153,0.002796189458333334,-0.0009436518673725191,0.0016671152458318517,0.0007539223647876486,-0.0017884964166666626,4.57458707769268,0.10016121076312501,0.0001896551315185846,-0.0013404652820165203,-0.0013433452554700018,1.0043187369483861,-3.6521545049664994e-08,-0.001106276341071771,0.0035655039611522652,0.0035655039611522652,0.12046879038901828,0.9978561181931789,-3.667927199568313e-08,4.573710786053094,0.10117420218328982,0.0036904376666666654,0.0013235663762440095,0.000982410745144647,0.0005149372701540524,0.0032930326916666636,4.573108651095533,0.10056439104964601,-0.0006021349575604518,-0.0006098111336438061,-0.00061040650860283,1.0019571486822123,1.0612040751652852e-08,-0.0013630752055533947,0.0064258382216036795,0.0064258382216036795,0.1767040292101841,0.9990246254739541,1.0632810093225534e-08]"
/multi_agv/m2b_algorithm_state,1789558524.3072326,1789558524.3072326,m2b_algorithm_state_v1:header6+3x20,"[1.0,-0.15,0.52,4.575849982734742,0.10125031717582583,1789558524.3071406,4.5744213812908905,0.10107516042063036,0.0036904376666666654,0.001540759835969567,0.0006966727322998516,0.0005694171614670256,0.004584685874999997,4.576181501762176,0.09642804828033688,0.0017601204712853757,-0.00464711214029348,-0.004682800779988166,1.0156269533991287,7.196237905011086e-07,-0.0024826501908814464,0.012261961240525643,0.012261961240525643,0.14195254668648177,0.9923787832599668,7.308693179401737e-07,4.575401879951681,0.10150171669091103,0.002796189458333334,-0.0009441675509942026,0.001667148103283722,0.0007541288044580069,-0.0017884964166666626,4.575804228403676,0.10179398220119455,0.0004023484519954934,0.00029226551028352366,0.0002921302823793833,0.9990756477966523,-1.735165276409324e-09,0.0007950658473737501,-0.0039011968222781566,-0.0039011968222781566,0.12046878537334815,1.000462902726273,-1.7335613725629026e-09,4.574715230509187,0.10117414415673369,0.0036904376666666654,0.001323883229583034,0.0009823949230594485,0.0005148081565822175,0.0032930326916666636,4.574052753187569,0.10065458463782798,-0.0006624773216179491,-0.0005195595189057128,-0.0005199914106148472,1.0016657915550666,7.70470070819192e-09,-0.0013480880626372837,0.0063341481107211575,0.0063341481107211575,0.17670401228654165,0.9991694253014225,7.717535133565941e-09]"
/multi_agv/m2b_algorithm_state,1789558524.317165,1789558524.317165,m2b_algorithm_state_v1:header6+3x20,"[1.0,-0.15,0.52,4.576841611632329,0.10125037177298084,1789558524.316885,4.575425192371002,0.10107510746439123,0.0036904376666666654,0.0015411320909955312,0.0006966332625530918,0.0005692763344832649,0.004584685874999997,4.577057632662882,0.09586278119788263,0.001632440291880144,-0.005212326266508596,-0.005257414789477808,1.0176383456173754,9.058505255781278e-07,-0.003216864424627628,0.015045362781402795,0.015045362781402795,0.14195255416767813,0.9914238223966175,9.21828230225956e-07,4.576405708432538,0.10150174657671582,0.002796189458333334,-0.0009445700696251598,0.0016671770933847085,0.000754288202669956,-0.0017884964166666626,4.57693548544282,0.10129288040519539,0.0005297770102821175,-0.00020886617152042486,-0.00020893549748351648,1.0006643563362827,-8.868692741610105e-10,0.0004532857653691305,-0.002458617682722135,-0.002458617682722135,0.12046878101722153,0.9996681944239894,-8.874584713827538e-10,4.575719047400689,0.10117409748637045,0.0036904376666666654,0.0013241356123136847,0.0009823804372927738,0.0005147062933787928,0.0032930326916666636,4.575059975207174,0.100713979937898,-0.0006590721935149091,-0.000460117548472444,-0.00046045611746080555,1.0014742198906597,6.043488974047387e-09,-0.001284296359354442,0.006082663950625452,0.006082663950625452,0.1767039976046714,0.9992647095444652,6.0523984057019105e-09]"
/multi_agv/m2b_algorithm_state,1789558524.3270679,1789558524.3270679,m2b_algorithm_state_v1:header6+3x20,"[1.0,-0.15,0.52,4.577838530422231,0.10125039137626789,1789558524.3269026,4.576416838053363,0.10107524171440145,0.0036904376666666654,0.001540178530992294,0.0006967180136834726,0.0005696455799496902,0.004584685874999997,4.578379036662013,0.09720080190545685,0.001962198608650212,-0.003874439808944599,-0.0038991038759857762,1.0129167460906365,4.997867731405765e-07,-0.0014463556151730114,0.008322803963281607,0.008322803963281607,0.14195253978104147,0.9936744267848107,5.062423919886919e-07,4.577397317188346,0.10150166168370764,0.002796189458333334,-0.0009435321513007284,0.0016671166680506389,0.0007538697321804178,-0.0017884964166666626,4.577847072737717,0.09980829730496107,0.0004497555493712113,-0.0016933643787465646,-0.0016979726278983373,1.00547751214809,-5.828899929582772e-08,-0.0011357781911843232,0.0038219838586581144,0.0038219838586581144,0.12046878938967316,0.9972860285990142,-5.8608277997570624e-08,4.576710679655279,0.10117421192083341,0.0036904376666666654,0.0013235069730378902,0.0009824085693413316,0.0005149641508130501,0.0032930326916666636,4.576280849152273,0.1015180842253773,-0.0004298305030063787,0.0003438723045438852,0.00034368434498128613,0.9989082276338952,3.3720424400899604e-09,-0.00019360378377668725,0.001856721353659422,0.001856721353659422,0.17670402583792494,1.0005468959099935,3.3683609373365378e-09]"
/multi_agv/m2b_algorithm_state,1789558524.337225,1789558524.337225,m2b_algorithm_state_v1:header6+3x20,"[1.0,-0.15,0.52,4.578838496003062,0.10125039105482635,1789558524.337058,4.577413763210337,0.10107528768076217,0.0036904376666666654,0.0015398541652010692,0.0006967501946002483,0.0005697694402024944,0.004584685874999997,4.579531442938027,0.09811897955355614,0.0021176797276902803,-0.002956308127206028,-0.0029705691890520402,1.0097550520327891,2.907506788085647e-07,-0.0003234695294391898,0.003993042756686016,0.003993042756686016,0.14195253488855497,0.9951992157265447,2.93586966808911e-07,4.578394228130467,0.10150163453749206,0.002796189458333334,-0.0009431803470602144,0.0016670931247055876,0.000753729483672555,-0.0017884964166666626,4.578778917739049,0.09904598168668546,0.00038468960858217827,-0.0024556528508065945,-0.0024653997713954524,1.0080118566032492,-1.2259600521243707e-07,-0.0019845377606677295,0.007136089441455044,0.007136089441455044,0.12046879223208784,0.9960465151729363,-1.235782268263303e-07,4.577707599925891,0.10117425191054939,0.0036904376666666654,0.0013232894967641511,0.0009824199496421219,0.0005150524987442154,0.0032930326916666636,4.577260541909723,0.10113644092948654,-0.0004470580161681781,-3.781098106285519e-05,-3.781326013959335e-05,1.0001205682752285,4.0773697080992194e-11,-0.000596635780349816,0.0034580752619740355,0.0034580752619740355,0.17670403541360735,0.9999397281078185,4.077861309532394e-11]"
/multi_agv/m2b_algorithm_state,1789558524.347323,1789558524.347323,m2b_algorithm_state_v1:header6+3x20,"[1.0,-0.15,0.52,4.579841778615046,0.10125036960495372,1789558524.3472078,4.578413729040993,0.1010752845413349,0.0036904376666666654,0.0015398787734381362,0.000696751478624868,0.0005697581056863519,0.004584685874999997,4.580540999759467,0.09791232341908672,0.0021272707184740725,-0.0031629611222481757,-0.0031793109996779735,1.01046115690046,3.3286933844908286e-07,-0.0005202226015853829,0.004773695467510261,0.004773695467510261,0.14195253545209047,0.9948574148828304,3.3635153682595107e-07,4.57939419319219,0.1015016385576801,0.002796189458333334,-0.0009432085264880633,0.0016670915673824283,0.0007537425085612504,-0.0017884964166666626,4.579940906367513,0.10075485832875578,0.0005467131753231769,-0.0007467802289243264,-0.0007476700730476366,1.0023898795467465,-1.1325157324489623e-08,-6.427860389366551e-05,-0.00038036336083563935,-0.00038036336083563935,0.1204687919039024,0.9988098438664489,-1.1352223086343107e-08,4.578707565776004,0.10117425006546406,0.0036904376666666654,0.00132330201220179,0.0009824211111704182,0.0005150464696389214,0.0032930326916666636,4.57813511219741,0.10043855144982133,-0.0005724535785942564,-0.0007356986156427242,-0.000736566001206744,1.0023645388036755,1.5443970131817116e-08,-0.0014521329744495645,0.0067951166160775175,0.0067951166160775175,0.17670403432193618,0.9988223926130194,1.5480487998476602e-08]"
/multi_agv/m2b_algorithm_state,1789558524.357431,1789558524.357431,m2b_algorithm_state_v1:header6+3x20,"[1.0,-0.15,0.52,4.5808411761506855,0.10125037361864331,1789558524.3573222,4.579417005141768,0.10107523125141737,0.0036904376666666654,0.0015402579511194438,0.0006967184987376027,0.0005696109023586107,0.004584685874999997,4.581244267695129,0.09651055657220801,0.0018272625533608533,-0.00456467467920936,-0.004599087051541804,1.0153356190204048,6.940571957177975e-07,-0.002315008859840737,0.011643146731243316,0.011643146731243316,0.14195254199288912,0.9925175644759959,7.047009924496963e-07,4.580397483561768,0.10150167275427492,0.002796189458333334,-0.0009436215816119443,0.001667114840164352,0.00075390944796358,-0.0017884964166666626,4.580942611672792,0.10075485832875578,0.0005451281110238071,-0.0007468144255191461,-0.0007477043509584665,1.0023899888063128,-1.1331153073800313e-08,-6.62942121787076e-05,-0.0003736246880993541,-0.0003736246880993541,0.12046878810303904,0.9988097896739806,-1.1358234402809312e-08,4.5797108471416035,0.10117420480916889,0.0036904376666666654,0.0013235513021040602,0.000982410316690308,0.0005149440270549518,0.0032930326916666636,4.579130707067464,0.09977886381780289,-0.0005801400741392015,-0.001395340991365998,-0.0013984766907367446,1.0045181688664333,5.5590054430253794e-08,-0.0021236517834107467,0.009449837441011612,0.009449837441011612,0.17670402149772507,0.9977577750194073,5.58412196834639e-08]"
/multi_agv/m2b_algorithm_state,1789558524.367129,1789558524.367129,m2b_algorithm_state_v1:header6+3x20,"[1.0,-0.15,0.52,4.58184117761497,0.10125037367045812,1789558524.366892,4.580416403972082,0.10107524059192952,0.0036904376666666654,0.0015401922791525476,0.0006967250163253166,0.0005696359783179251,0.004584685874999997,4.582110388341167,0.0954140700478458,0.0016939843690852996,-0.005661170544083716,-0.005714537650463461,1.0192530733469647,1.0682112287469374e-06,-0.003597057189106837,0.01654050725343764,0.01654050725343764,0.14195254153684775,0.9906611681217259,1.0887775778840535e-06,4.581396879491811,0.10150166733942194,0.002796189458333334,-0.0009435505467364396,0.0016671100233756064,0.0007538811623358926,-0.0017884964166666626,4.582028635409948,0.10061525623066889,0.0006317559181372445,-0.0008864111087530518,-0.0008876661475930226,1.0028412217787828,-1.5963492427812076e-08,-9.797124992146696e-05,-0.0001990776287822719,-0.0001990776287822719,0.12046878836910649,0.9985861364169694,-1.6008848250163408e-08,4.580710244988164,0.10117421292457847,0.0036904376666666654,0.001323507383393268,0.000982412646469256,0.0005149618522516937,0.0032930326916666636,4.580406882224388,0.10230699677218692,-0.00030336276377607163,0.001132783847608454,0.0011307563009918327,0.9964355989053141,3.657186342115441e-08,0.0007515528462717432,-0.0018667438095231127,-0.0018667438095231127,0.17670402239164418,1.001793088939538,3.644150663114134e-08]"
/multi_agv/m2b_algorithm_state,1789558524.3771458,1789558524.3771458,m2b_algorithm_state_v1:header6+3x20,"[1.0,-0.15,0.52,4.582838608545495,0.10125039002511455,1789558524.376867,4.581416405515265,0.10107524016330661,0.0036904376666666654,0.0015401960358958989,0.0006967253944551997,0.0005696341532460537,0.004584685874999997,4.583167732496504,0.09726493685436369,0.001751326981239032,-0.003810303308942928,-0.0038341460920894564,1.0126938207214236,4.833630454538526e-07,-0.0016449873655406664,0.008991281892629734,0.008991281892629734,0.1419525421800711,0.9937814620064372,4.894987692962051e-07,4.582396880807037,0.10150166812779139,0.002796189458333334,-0.0009435551077798194,0.0016671095762008648,0.0007538833719998306,-0.0017884964166666626,4.582921267763791,0.09929985068908281,0.0005243869567541637,-0.002201817438708578,-0.0022096384765981016,1.0071631711604614,-9.858372634595113e-08,-0.001554154780655397,0.005513954496956947,0.005513954496956947,0.12046878799581226,0.9964604898166127,-9.928989845140326e-08,4.581710246522609,0.10117421272027634,0.0036904376666666654,0.0013235092063240829,0.0009824129460868306,0.0005149609062403411,0.0032930326916666636,4.58138268981899,0.10179153208226858,-0.00032755670361872546,0.0006173193619922468,0.0006167148688203223,0.9980461287826888,1.0865121099521677e-08,0.00020726898929691547,0.0003077525506758772,0.0003077525506758772,0.17670402113235464,1.0009801825811024,1.084389205213272e-08]"
/multi_agv/m2b_algorithm_state,1789558524.3871205,1789558524.3871205,m2b_algorithm_state_v1:header6+3x20,"[1.0,-0.15,0.52,4.583839872681233,0.10125038152825445,1789558524.3870056,4.582413841699248,0.1010752785881193,0.0036904376666666654,0.0015399250168597754,0.0006967520314292482,0.0005697377735678074,0.004584685874999997,4.5842898293365675,0.0986154270907813,0.0018759876373195539,-0.0024598514973379892,-0.0024696881972410827,1.0080717798225505,2.0124207949599173e-07,-0.00012470365059164034,0.003076552611232058,0.003076552611232058,0.1419525382029098,0.9960170276093628,2.0286646125271558e-07,4.583394305267571,0.10150164541693374,0.002796189458333334,-0.0009432614442987566,0.0016670901662312332,0.0007537661754575958,-0.0017884964166666626,4.583694467026883,0.10020756788626498,0.00030016175931191214,-0.0012940775306687635,-0.0012967606864447859,1.0041670995013359,-3.402243084219855e-08,-0.0009215584873048957,0.002893128168011904,0.002893128168011904,0.1204687903058622,0.9979308782228905,-3.416420569679531e-08,4.582707678669664,0.10117424607029059,0.0036904376666666654,0.0013233279158197937,0.0009824223736505386,0.0005150345847827636,0.0032930326916666636,4.58223641049043,0.10116511446296896,-0.0004712681792335971,-9.131607321632984e-06,-9.13174022115159e-06,1.0000291085895943,2.3781679741661327e-12,-0.000598216964263148,0.003451038460258342,0.003451038460258342,0.17670402892845594,0.9999854464192598,2.378237199281679e-12]"
/multi_agv/m2b_algorithm_state,1789558524.3971267,1789558524.3971267,m2b_algorithm_state_v1:header6+3x20,"[1.0,-0.15,0.52,4.584841932972766,0.1012503682380901,1789558524.3969984,4.583415103371449,0.1010752564449887,0.0036904376666666654,0.0015400837395350975,0.0006967396307773651,0.0005696754240719052,0.004584685874999997,4.5850080414554535,0.09807305092325416,0.0015929380840047358,-0.0030022055217345384,-0.003016917913177431,1.0099116047096979,2.999023406191643e-07,-0.001025745308171511,0.006479212755045871,0.006479212755045871,0.1419525411136282,0.9951233703182206,3.0287485407089464e-07,4.58439557224158,0.10150166055038361,0.002796189458333334,-0.0009434352068033759,0.0016670986810414234,0.0007538370663874583,-0.0017884964166666626,4.584693634181089,0.10020756788626498,0.00029806193950854265,-0.0012940926641186318,-0.0012967758824094847,1.0041671480968501,-3.4029492151481405e-08,-0.0009241984580238064,0.0029022896433017363,0.0029022896433017363,0.12046878861607901,0.9979308542615187,-3.4171298084937226e-08,4.58370894243067,0.10117422758939106,0.0036904376666666654,0.001323430873544524,0.0009824186613466073,0.0005149918876335138,0.0032930326916666636,4.582944341267207,0.10059263847858904,-0.0007646011634632188,-0.0005815891108020138,-0.0005821305375540022,1.0018659754790835,9.651343120378968e-09,-0.0015378819918830259,0.0070328195159791215,0.0070328195159791215,0.17670402321936624,0.9990699220929666,9.669352289981816e-09]"
/multi_agv/m2b_algorithm_state,1789558524.407044,1789558524.407044,m2b_algorithm_state_v1:header6+3x20,"[1.0,-0.15,0.52,4.585840618857792,0.10125037684611886,1789558524.40692,4.584417159544248,0.10107522373781495,0.0036904376666666654,0.0015403163665469281,0.0006967188075623903,0.0005695854210924414,0.004584685874999997,4.585892766789778,0.09705771077086488,0.001475607245529531,-0.004017512966950076,-0.004044060716478392,1.0134151650936039,5.374763225371557e-07,-0.002199551659566478,0.011017373235292586,0.011017373235292586,0.14195254544264282,0.9934353731584343,5.446866561378947e-07,4.585397637469647,0.10150168131812572,0.002796189458333334,-0.0009436886922402367,0.0016671134906429685,0.0007539392401068462,-0.0017884964166666626,4.5858036895675856,0.10086201781490595,0.0004060520979383142,-0.0006396635032197701,-0.0006403158511426551,1.002044595132914,-8.312865508310692e-09,-0.00013275072871976232,-0.0001862236045867779,-0.0001862236045867779,0.12046878609635774,0.9989812091615086,-8.329861952669552e-09,4.584711001904403,0.10117419965832963,0.0036904376666666654,0.0013235845726166044,0.0009824117606864304,0.0005149288545299182,0.0032930326916666636,4.5841631109026455,0.10214178836455548,-0.0005478910017577832,0.000967588706225847,0.0009661075469720356,0.9969496684822995,2.6687741946965074e-08,0.00028124379477480665,-0.00011500554424001856,-0.00011500554424001856,0.17670401473089975,1.0015331204672333,2.660633548656799e-08]"
/multi_agv/m2b_algorithm_state,1789558524.4169898,1789558524.4169898,m2b_algorithm_state_v1:header6+3x20,"[1.0,-0.15,0.52,4.586839933144701,0.10125038119408152,1789558524.4168785,4.585415848099893,0.10107524439315498,0.0036904376666666654,0.001540170424991512,0.000696732357356033,0.0005696416327919088,0.004584685874999997,4.5868293407301115,0.09788685069109793,0.0014134926302187267,-0.003188393702057049,-0.0032050107503580768,1.010548283408012,3.3831354521306294e-07,-0.0014381449625846684,0.008005853379110878,0.008005853379110878,0.14195254372332558,0.9948152909318101,3.4188217236873957e-07,4.586396320101972,0.10150166875940368,0.002796189458333334,-0.000943530487942741,0.0016671037325401983,0.0007538757398544704,-0.0017884964166666626,4.586780472080739,0.10055479181829219,0.0003841519787668446,-0.0009468769411114936,-0.0009483096977601148,1.0030371121461306,-1.8216011925224732e-08,-0.0004681197243015591,0.0011375212325966905,0.0011375212325966905,0.12046878709682939,0.9984891468978907,-1.827133599629689e-08,4.585709688371511,0.10117421738579792,0.0036904376666666654,0.0013234879091826505,0.000982416438260891,0.0005149683212772342,0.0032930326916666636,4.585038639674383,0.10061451971893634,-0.00067104869712864,-0.0005596976668615777,-0.0005601990185075491,1.001795294327302,8.938700276226983e-09,-0.0013990098899183492,0.006531476503166949,0.006531476503166949,0.17670401809561181,0.9991050472610485,8.954747874126347e-09]"
/multi_agv/m2b_algorithm_state,1789558524.427345,1789558524.427345,m2b_algorithm_state_v1:header6+3x20,"[1.0,-0.15,0.52,4.587840468728433,0.1012503776463332,1789558524.427152,4.586415163807789,0.10107525415098861,0.0036904376666666654,0.0015401022975770088,0.000696739618141961,0.0005696673865152044,0.004584685874999997,4.5881526968349675,0.09939904555721875,0.001737533027178273,-0.001676208593769865,-0.0016807493337358298,1.0054520656600423,9.340743328288192e-08,0.0004911669502370114,0.0005570806291674347,0.0005570806291674347,0.1419525431234395,0.9972983835990152,9.391669674227622e-08,4.587395632597273,0.10150166345624093,0.002796189458333334,-0.0009434572429186791,0.0016670983577169451,0.00075384678647826,-0.0017884964166666626,4.587797285278785,0.10100685573396484,0.0004016526815115995,-0.000494807722276086,-0.0004951976401641615,1.0015789888012059,-4.972452938277738e-09,6.868211725337826e-06,-0.0007454792178836309,-0.0007454792178836309,0.12046878744527355,0.9992126014818119,-4.9803043857818026e-09,4.58670900302904,0.10117422597501498,0.0036904376666666654,0.0013234418668582864,0.000982419162587833,0.0005149868617548761,0.0032930326916666636,4.586062012192047,0.10105538637115101,-0.0006469908369934885,-0.0001188396038639683,-0.00011886213128854593,1.0003792934196711,4.0284810905610717e-10,-0.0009276006775304066,0.004668492291905574,0.004668492291905574,0.176704019281677,0.999810474334143,4.030009066929991e-10]"
/multi_agv/m2b_algorithm_state,1789558524.4373167,1789558524.4373167,m2b_algorithm_state_v1:header6+3x20,"[1.0,-0.15,0.52,4.588840210259058,0.10125037926837016,1789558524.4371178,4.587415698344445,0.10107524476598355,0.0036904376666666654,0.001540169900946469,0.0006967343934242357,0.0005696408008973639,0.004584685874999997,4.5892841748461635,0.10036555087271737,0.0018684765017180638,-0.0007096938932661806,-0.0007105019631175302,1.0022833307914616,1.673404513426104e-08,0.0016250936640300495,-0.003895676686315797,-0.003895676686315797,0.1419525447159144,0.9988626775247685,1.6772254494781807e-08,4.588396169375883,0.10150167002721888,0.002796189458333334,-0.0009435315758992823,0.0016671019423482036,0.0007538771426571084,-0.0017884964166666626,4.588804897854427,0.10100685573396484,0.00040872847854434013,-0.0004948142932540422,-0.000495204221483,1.0015790097472888,-4.97297665845688e-09,1.5706376697425194e-05,-0.0007768710650797715,-0.0007768710650797715,0.1204687865199654,0.9992125910643694,-4.980829037073622e-09,4.5877095384649715,0.1011742181457971,0.0036904376666666654,0.0013234857692111172,0.0009824176526853634,0.0005149686171971872,0.0032930326916666636,4.587110338598401,0.10146099055520788,-0.0005991998665706433,0.00028677240941077375,0.0002866416321409421,0.9990889258748118,2.345222097895954e-09,-0.000462358201072362,0.002837355460106633,0.002837355460106633,0.17670401615823478,1.0004562396217704,2.3430854267247417e-09]"
/multi_agv/m2b_algorithm_state,1789558524.447322,1789558524.447322,m2b_algorithm_state_v1:header6+3x20,"[1.0,-0.15,0.52,4.589842875023817,0.10125036221551242,1789558524.4471228,4.58841544041548,0.10107524805667893,0.0036904376666666654,0.0015401475189171922,0.0006967372120318055,0.0005696490364877401,0.004584685874999997,4.590286236838326,0.10018672637910482,0.0018707964228452667,-0.0008885216775741112,-0.0008897899968367415,1.0028644625745704,2.623263858510538e-08,0.001448705531719842,-0.0031877537709546935,-0.0031877537709546935,0.14195254489647313,0.9985745858380749,2.6307780996564646e-08,4.589395910193975,0.10150166861734017,0.002796189458333334,-0.0009435080269398393,0.0016670998047505492,0.0007538680469100362,-0.0017884964166666626,4.589859319194183,0.10111222917870039,0.00046340900020780396,-0.0003894394386397826,-0.00038968078108717345,1.0012412618362196,-3.0801318632238457e-09,0.0001895804691725815,-0.0014405569624235139,-0.0014405569624235139,0.12046878641453415,0.9993806662809555,-3.0839551133561895e-09,4.588709280167719,0.10117422113109137,0.0036904376666666654,0.0013234703043501083,0.000982418829495969,0.0005149747084905358,0.0032930326916666636,4.588226951489566,0.10138936069496494,-0.00048232867815301006,0.0002151395638735759,0.00021506592055731705,0.9993159471495033,1.319978187725009e-09,-0.0003878449271339455,0.002604488202129912,0.002604488202129912,0.1767040157980755,1.000342422063282,1.3190752528831021e-09]"
/multi_agv/m2b_algorithm_state,1789558524.4570515,1789558524.4570515,m2b_algorithm_state_v1:header6+3x20,"[1.0,-0.15,0.52,4.590836842894114,0.10125040080976089,1789558524.4568772,4.589418099794273,0.10107520677051277,0.0036904376666666654,0.0015404404891234962,0.0006967099830438527,0.000569536209189625,0.004584685874999997,4.591093387514544,0.09865759260161416,0.0016752877202712568,-0.002417614168898602,-0.0024271129544586253,1.007929426720363,1.9445023045930712e-07,-0.0003330033041195543,0.0037914408627633947,0.0037914408627633947,0.14195255030396456,0.9960863850433603,1.9599210931249187e-07,4.5903985814800565,0.10150169423713243,0.002796189458333334,-0.000943826840064119,0.0016671193687161079,0.0007539960648599853,-0.0017884964166666626,4.590857315640855,0.10112459968102788,0.0004587341607988904,-0.0003770945561045458,-0.00037732081915860976,1.001201746196299,-2.8889028116482923e-09,0.00019609688184000324,-0.0014695494701160877,-0.0014695494701160877,0.12046878326715772,0.9994003430434385,-2.892374539613668e-09,4.589711943797124,0.1011741856388921,0.0036904376666666654,0.0013236649103203508,0.0009824095874237052,0.0005148951617430148,0.0032930326916666636,4.589051843107099,0.09949331866727208,-0.0006601006900250894,-0.0016808669716200236,-0.0016854270801178251,1.0054602635984944,8.069076642367083e-08,-0.002510552942649187,0.01093452497137383,0.01093452497137383,0.17670400519414467,0.9972943899195671,8.113135927830862e-08]"
/multi_agv/m2b_algorithm_state,1789558524.467034,1789558524.467034,m2b_algorithm_state_v1:header6+3x20,"[1.0,-0.15,0.52,4.591842826294769,0.10125036179051079,1789558524.4668639,4.590412079760891,0.10107529951771779,0.0036904376666666654,0.0015397840843723353,0.0006967713419101067,0.0005697888176688478,0.004584685874999997,4.591986800608058,0.09860125301336264,0.0015747208471674767,-0.0024740465043551485,-0.0024839981202083227,1.0081196515576605,2.0355463065217122e-07,-0.0005155970612489768,0.00445792259849268,0.00445792259849268,0.1419525401183632,0.9959937103928487,2.0520742332601514e-07,4.591392534641308,0.10150163751344535,0.002796189458333334,-0.0009431141943725967,0.0016670752415839374,0.0007537101110533795,-0.0017884964166666626,4.591569231426798,0.10131379024998365,0.00017669678549037116,-0.00018784726346170177,-0.00018790332964167722,1.0005973582265584,-7.162375739840992e-10,3.296765222128673e-05,-0.0009755901053302658,-0.0009755901053302658,0.12046878919283617,0.9997016222113659,-7.166654243910888e-10,4.590705914280141,0.10117426539811952,0.0036904376666666654,0.0013232290907590765,0.0009824306862688207,0.0005150730977732457,0.0032930326916666636,4.5898764135091,0.10078249892685237,-0.0008295007710410474,-0.00039176647126715203,-0.0003920117946442371,1.0012542489017522,4.378106167314345e-09,-0.0014288877584455462,0.006564781584900191,0.006564781584900191,0.1767040251697996,0.9993741938879475,4.3835974021664535e-09]"
/multi_agv/m2b_algorithm_state,1789558524.477261,1789558524.477261,m2b_algorithm_state_v1:header6+3x20,"[1.0,-0.15,0.52,4.592841618467793,0.10125036996651289,1789558524.476921,4.591418051051466,0.10107520404302348,0.0036904376666666654,0.0015404621402143755,0.000696710131572508,0.0005695267470965963,0.004584685874999997,4.593087595369308,0.0999974764653023,0.0016695443178420533,-0.001077727577721177,-0.0010795962380180048,1.0034818660366926,3.8607257618766226e-08,0.0010073341592845618,-0.0015385199874773177,-0.0015385199874773177,0.1419525514965763,0.9982691118855154,3.874168291783885e-08,4.592398532615486,0.10150169755281004,0.002796189458333334,-0.0009438522412642007,0.0016671189621524363,0.0007540072868977288,-0.0017884964166666626,4.592580100103024,0.10131379024998365,0.00018156748753828111,-0.00018790730282639,-0.000187963404831465,1.0005975490742554,-7.17256184787603e-10,3.899595459138638e-05,-0.0009976873955680843,-0.0009976873955680843,0.1204687825745491,0.9997015269800773,-7.176847805568268e-10,4.591711895217354,0.10117418377569887,0.0036904376666666654,0.0013236773088424673,0.000982410210801055,0.0005148894632334049,0.0032930326916666636,4.590988428418923,0.10198151880014403,-0.0007234667984308274,0.0008073350244451605,0.000806302608311203,0.9974502249556554,1.8583111046991685e-08,-9.803088972733123e-05,0.001308429208977891,0.001308429208977891,0.1767040028458325,1.0012804325861226,1.853572829419778e-08]"
/multi_agv/m2b_algorithm_state,1789558524.4870338,1789558524.4870338,m2b_algorithm_state_v1:header6+3x20,"[1.0,-0.15,0.52,4.593841400743247,0.10125037159163297,1789558524.4868867,4.592416845619124,0.10107522449467447,0.0036904376666666654,0.0015403168861251398,0.0006967222931120176,0.0005695833829006456,0.004584685874999997,4.594181212389822,0.10101154807004531,0.0017643667706979116,-6.367642462916379e-05,-6.368289823860167e-05,1.0002033771882013,1.3466735201187305e-10,0.0021417755651337877,-0.006032617775830971,-0.006032617775830971,0.1419525499652603,0.9998983461868581,1.3469474027926773e-10,4.5933973219493405,0.10150168439148236,0.002796189458333334,-0.0009436943451388916,0.0016671104446421836,0.0007539432749083391,-0.0017884964166666626,4.59376778443916,0.10058914374488676,0.00037046248981909,-0.0009125406465955999,-0.0009138710303584349,1.0029258399647416,-1.6921383364911905e-08,-0.00045079291808457233,0.0010608906811887665,0.0010608906811887665,0.12046878346446611,0.9985442324806891,-1.6970892624619677e-08,4.592710687834915,0.1011742010133819,0.0036904376666666654,0.001323582526637417,0.0009824141558449906,0.0005149284955637133,0.0032930326916666636,4.591992223694222,0.10112230272105734,-0.000718464140692987,-5.1898292324562e-05,-5.190258645992261e-05,1.000165515176547,7.683354874436351e-11,-0.0009499827623261565,0.0047187506586511795,0.0047187506586511795,0.1767040058520578,0.9999172654841791,7.684626586274866e-11]"
/multi_agv/m2b_algorithm_state,1789558524.4969537,1789558524.4969537,m2b_algorithm_state_v1:header6+3x20,"[1.0,-0.15,0.52,4.594838198415963,0.10125039207295304,1789558524.4968104,4.593416628320753,0.10107522858290126,0.0036904376666666654,0.001540288077906422,0.0006967245028514305,0.0005695947206737245,0.004584685874999997,4.595398849961863,0.09983088294118372,0.001982221641109838,-0.0012443456417175341,-0.0012468398902331,1.004027730098369,5.14675124327666e-08,0.0012309371611541977,-0.002252389151355261,-0.002252389151355261,0.14195255020511285,0.9979995438587551,5.167480968168024e-08,4.594397103724524,0.10150168178925824,0.002796189458333334,-0.0009436632868254939,0.0016671089438320408,0.0007539305928757761,-0.0017884964166666626,4.594769827738325,0.10058914374488676,0.0003727240138013954,-0.0009125380443714831,-0.0009138684205674343,1.002925831637875,-1.6920730126358952e-08,-0.00044796340331569,0.0010509084012203691,0.0010509084012203691,0.12046878332564763,0.9985442366034214,-1.69702373338986e-08,4.593710470184463,0.10117420440273944,0.0036904376666666654,0.0013235640533834359,0.0009824148707509028,0.0005149361311323863,0.0032930326916666636,4.593128949121606,0.09917431183998072,-0.0005815210628563605,-0.0019998925627587177,-0.0020063634746011224,1.0065199945667835,1.1424304564999365e-07,-0.002733264803171573,0.011850800994481728,0.011850800994481728,0.176704005386704,0.9967748057994869,1.1498790968692441e-07]"
/multi_agv/m2b_algorithm_state,1789558524.5071902,1789558524.5071902,m2b_algorithm_state_v1:header6+3x20,"[1.0,-0.15,0.52,4.595853561463983,0.10125029244422172,1789558524.5070744,4.59441343243895,0.10107527742341094,0.0036904376666666654,0.0015399429284203518,0.0006967572531825894,0.0005697272936102724,0.004584685874999997,4.596302884069484,0.09869917454807131,0.0018894516305341114,-0.002376102875339625,-0.0023852753932172804,1.0077896349378934,1.877641491595286e-07,-2.346085504964122e-05,0.0026833074641388847,0.0026833074641388847,0.1419525450944659,0.9961545245870821,1.892267633359055e-07,4.595393893527821,0.10150165227790897,0.002796189458333334,-0.0009432889588446387,0.0016670853355771342,0.0007537806148677911,-0.0017884964166666626,4.5958617870075305,0.10158888080751781,0.0004678934797093248,8.722852960883765e-05,8.721646527314397e-05,0.9997234769536727,-1.5444054688962978e-10,0.0006720833149098,-0.0033691825996680896,-0.0033691825996680896,0.12046878629964516,1.0001383263545007,-1.543978405191274e-10,4.594707269281115,0.10117424651753922,0.0036904376666666654,0.0013233344095250651,0.0009824262546950903,0.0005150297513333538,0.0032930326916666636,4.594231794843807,0.1013020886414481,-0.00047547443730788785,0.00012784212390888616,0.00012781610271449584,0.9995931134643711,4.660754972592836e-10,-0.00046652694392036395,0.0029227023816803003,0.0029227023816803003,0.17670401541719383,1.0002035830684686,4.658858574148623e-10]"
/multi_agv/m2b_algorithm_state,1789558524.5173361,1789558524.5173361,m2b_algorithm_state_v1:header6+3x20,"[1.0,-0.15,0.52,4.5968440102631485,0.10125035527364408,1789558524.5171232,4.5954287639877744,0.1010750384773992,0.0036904376666666654,0.0015416346988732488,0.0006965976346318564,0.0005690770067253432,0.004584685874999997,4.597285760801275,0.09916472880088585,0.0018569968135002668,-0.0019103096765133443,-0.0019162177354165044,1.0062299211834445,1.214599750608173e-07,0.0004050282814588291,0.0009678749381161447,0.0009678749381161447,0.14195257327922753,0.9969168123256744,1.2221666113238932e-07,4.596409294923168,0.10150179822889813,0.002796189458333334,-0.0009451266605467164,0.0016672003775557442,0.0007545173540292188,-0.0017884964166666626,4.596871885452578,0.10158888080751781,0.0004625905294100008,8.708257861968216e-05,8.707055463287926e-05,0.9997239397214955,-1.5422394430490763e-10,0.0006653087163953803,-0.0033468961436149023,-0.0033468961436149023,0.12046876986614774,1.000138094753773,-1.5418136919989077e-10,4.595722625481006,0.10117404062636784,0.0036904376666666654,0.0013244598356140012,0.0009823712700205434,0.0005145705237837197,0.0032930326916666636,4.5954122672552575,0.10322865482424062,-0.00031035822574843053,0.002054614197872784,0.002047990460059494,0.9936025925981538,1.2031851673581178e-07,0.0016600426778739558,-0.005541607851334292,-0.005541607851334292,0.1767039600248503,1.003234262044901,1.1954879016626694e-07]"
/multi_agv/m2b_algorithm_state,1789558524.5271885,1789558524.5271885,m2b_algorithm_state_v1:header6+3x20,"[1.0,-0.15,0.52,4.59785089030492,0.10125031190824439,1789558524.5270772,4.596419231751536,0.10107519505982754,0.0036904376666666654,0.0015405206674628156,0.000696693417730287,0.0005695100716016973,0.004584685874999997,4.598479531830414,0.1008270875793558,0.002060300078877475,-0.00024810748047174314,-0.00024820589832494626,1.0007940915987432,2.045023611427589e-09,0.0023271692002718976,-0.0066020794938751876,-0.0066020794938751876,0.14195255679115093,0.9996034830200758,2.046647547496655e-09,4.597399721165398,0.10150169743515805,0.002796189458333334,-0.0009439130238573373,0.00166713270674812,0.0007540264845418698,-0.0017884964166666626,4.597714596677751,0.10145822737124521,0.00031487551235276356,-4.347006391283714e-05,-4.3473063051705345e-05,1.0001380091184218,-3.838413062814899e-11,0.0003501213273892491,-0.0021670940353461245,-0.0021670940353461245,0.1204687794888733,0.9999310115584762,-3.838942798817836e-11,4.596713077872511,0.10117417332594669,0.0036904376666666654,0.0013237288875523755,0.00098240240596934,0.0005148711655493118,0.0032930326916666636,4.596309931168668,0.1019070834691862,-0.0004031467038432268,0.0007329101432395069,0.0007320588221716252,0.9976833181624524,1.5316250059382436e-08,0.0002281254423675917,0.000181199612982696,0.000181199612982696,0.17670399245226792,1.001162913473751,1.5280767181050528e-08]"
/multi_agv/m2b_algorithm_state,1789558524.5371351,1789558524.5371351,m2b_algorithm_state_v1:header6+3x20,"[1.0,-0.15,0.52,4.598842973461873,0.1012503638602601,1789558524.537045,4.597426097842613,0.10107509296952497,0.0036904376666666654,0.001541241515841008,0.0006966225052490664,0.0005692344987732606,0.004584685874999997,4.599601147625119,0.10094439104261418,0.0021750497825063775,-0.0001307019269107812,-0.00013072921503859866,1.0004177688187186,5.677410199750827e-10,0.0025880830130943734,-0.007583393708844475,-0.007583393708844475,0.1419992019854547,0.999791262207079,5.679782044703358e-10,4.598406618365922,0.10150175805865029,0.002796189458333334,-0.0009446945000612062,0.0016671841830051548,0.0007543384512176815,-0.0017884964166666626,4.598723086283451,0.10145822737124521,0.00031646791752937276,-4.353068740507726e-05,-4.3533694913904636e-05,1.0001382015679596,-3.852312485127468e-11,0.0003520512019978113,-0.0021746979738248556,-0.0021746979738248556,0.12052544955020598,0.9999309153786894,-3.8528448807531826e-11,4.597719954706226,0.10117408469655793,0.0036904376666666654,0.0013242113683803393,0.0009823773301844696,0.0005146750722966713,0.0032930326916666636,4.597191372897454,0.10050956449589177,-0.0005285818087719107,-0.000664520200666166,-0.0006652274886936955,1.0021340573810888,1.2608191969116215e-08,-0.001325954749658584,0.006318586069642302,0.006318586069642302,0.17713011298149237,0.9989367726987374,1.2635098574250093e-08]"
/multi_agv/m2b_algorithm_state,1789558524.5472293,1789558524.5472293,m2b_algorithm_state_v1:header6+3x20,"[1.0,-0.15,0.52,4.599849781753794,0.10125032063838131,1789558524.5471241,4.598418196870066,0.10107522150149678,0.0036904376666666654,0.0015403277383183914,0.0006967025886787325,0.0005695889280790175,0.004584685874999997,4.600555292744465,0.09965691070981818,0.002137095874399364,-0.0014183107916786036,-0.0014215554564567534,1.0045998394283775,6.687385023919046e-08,0.0012498143865424516,-0.0022386757139664887,-0.0022386757139664887,0.1433023209006463,0.9977175250086712,6.718145921224811e-08,4.59939868255949,0.1015016760634257,0.002796189458333334,-0.0009436991864144699,0.0016671272928494574,0.0007539366094967692,-0.0017884964166666626,4.599748711392282,0.10165134440818736,0.0003500288327922263,0.00014966834476166924,0.00014963284375830546,0.9995258733713605,-4.548559316029115e-10,0.0005871688847485883,-0.003096631236762138,-0.003096631236762138,0.12203231329290512,1.0002372540845452,-4.546402722935439e-10,4.598712040956064,0.10117419401585784,0.0036904376666666654,0.0013236099754598374,0.0009824036267584105,0.00051492207422858,0.0032930326916666636,4.598388257143771,0.10218182924661293,-0.00032378381229314357,0.0010076352307550884,0.0010060294169237974,0.9968248685926339,2.894227873058628e-08,0.000601299651557368,-0.001273482432129532,-0.001273482432129532,0.18916464978159922,1.0015961897378718,2.885038319238805e-08]"
/multi_agv/m2b_algorithm_state,1789558524.5574942,1789558524.5574942,m2b_algorithm_state_v1:header6+3x20,"[1.0,-0.15,0.52,4.600855714253157,0.10125028443308377,1789558524.5572207,4.5994249914604435,0.10107511864256327,0.0036904376666666654,0.0015410549414804917,0.000696632903624738,0.0005693099622779444,0.004584685874999997,4.601354258767275,0.09799559221346053,0.001929267306831406,-0.0030795264291027385,-0.003095015430136337,1.0101757093440649,3.1576398067728024e-07,-0.0006834312965970798,0.005311599806886246,0.005311599806886246,0.14338084550161115,0.9949955011911148,3.1897710316597715e-07,4.600405507608506,0.10150173809417347,0.002796189458333334,-0.0009444879628850702,0.00166717756413437,0.0007542523673764873,-0.0017884964166666626,4.600759906539675,0.10165134440818736,0.0003543989311696194,0.0001496063140138948,0.00014957084244473544,0.999526069940207,-4.5485873547050547e-10,0.0005925695064067597,-0.003116573939090095,-0.003116573939090095,0.1219793143871693,1.0002371556419658,-4.5464316424280655e-10,4.599718846192434,0.10117410517840718,0.0036904376666666654,0.0013240945739875685,0.000982379289545099,0.0005147246788734972,0.0032930326916666636,4.599541058035254,0.10368342693595609,-0.00017778815717939267,0.0025093217575489074,0.002499475851686803,0.9922273185867206,1.7935648579095327e-07,0.002277240655212562,-0.0079688902997944,-0.0079688902997944,0.18882703900092498,1.0039391882323887,1.7796240496749482e-07]"
/multi_agv/m2b_algorithm_state,1789558524.5673168,1789558524.5673168,m2b_algorithm_state_v1:header6+3x20,"[1.0,-0.15,0.52,4.601850497522803,0.10125032025240721,1789558524.5670598,4.600430911979912,0.10107503624554995,0.0036904376666666654,0.0015416336419311841,0.0006965716782634244,0.0005690909659154611,0.004584685874999997,4.6023144470614135,0.09739894771588087,0.0018835350815011864,-0.0036760885296690804,-0.0036982589282982333,1.0122283563734953,4.502929004503292e-07,-0.0013438400764217502,0.007882071949066417,0.007882071949066417,0.14344792401265866,0.9940051794482238,4.557992425094907e-07,4.60141145509339,0.1015017843933164,0.002796189458333334,-0.0009451129221907531,0.001667222520698175,0.0007544998806978814,-0.0017884964166666626,4.601669953296114,0.10163538143146515,0.00025849820272405566,0.00013359703814874724,0.00013356874856082195,0.9995767081272896,-3.629630578166849e-10,0.00045669150196589155,-0.0026272754853300367,-0.0026272754853300367,0.1219204926862609,1.0002117979559597,-3.6280941850421696e-10,4.60072477568617,0.10117403266038498,0.0036904376666666654,0.001324486296057917,0.000982356708739385,0.0005145666281868334,0.0032930326916666636,4.6002659935204395,0.10149770323864928,-0.0004587821657304758,0.0003236705782642957,0.00032350402855307664,0.9989721286232625,2.9897363941206477e-09,-0.00024997367861001813,0.0020671043793537743,0.0020671043793537743,0.1884650064153368,1.0005148304086475,2.9866633296571405e-09]"
/multi_agv/m2b_algorithm_state,1789558524.5772278,1789558524.5772278,m2b_algorithm_state_v1:header6+3x20,"[1.0,-0.15,0.52,4.602843036648285,0.10125036897451155,1789558524.5770798,4.6014257058138455,0.10107512820907666,0.0036904376666666654,0.0015409763095096105,0.0006966245420018773,0.0005693483951846544,0.004584685874999997,4.603497547802036,0.09919361676911946,0.002071841988190215,-0.001881511439957198,-0.0018872414623150118,1.006134008538191,1.1777288950681297e-07,0.000702561022922757,-9.481323554352524e-05,-9.481323554352524e-05,0.1435381778492775,0.9969638106875922,1.1849530941661517e-07,4.602406226049746,0.10150172275857008,0.002796189458333334,-0.0009443941173350109,0.0016671855808292335,0.0007542075184886338,-0.0017884964166666626,4.602679834257892,0.10163538143146515,0.0002736082081460367,0.00013365867289506783,0.0001336303571879642,0.9995765127848115,-3.6302182030888087e-10,0.00047564061737051007,-0.002693885865310317,-0.002693885865310317,0.12187864235562074,1.000211895767545,-3.628680852091456e-10,4.601719560704818,0.10117410978957488,0.0036904376666666654,0.0013240584595896787,0.0009823728959237775,0.0005147436586270312,0.0032930326916666636,4.601230696816341,0.10100984710044955,-0.0004888638884770202,-0.0001642626891253246,-0.00016430574344766336,1.0005245383701353,7.700397251047049e-10,-0.0007753856040439386,0.004148950485053636,0.004148950485053636,0.1881590129560743,0.9997379621586236,7.704436404870508e-10]"
/multi_agv/m2b_algorithm_state,1789558524.5870082,1789558524.5870082,m2b_algorithm_state_v1:header6+3x20,"[1.0,-0.15,0.52,4.603840526140115,0.10125038498093385,1789558524.5869007,4.602418260133781,0.10107524741209414,0.0036904376666666654,0.0015401296705219608,0.0006967010235888079,0.0005696755962276783,0.004584685874999997,4.604496068640395,0.09919361676911946,0.002077808506613543,-0.0018816306429746826,-0.0018873613873810473,1.0061343956064488,1.1772304293539019e-07,0.0007098992458858817,-0.0001214799191632831,-0.0001214799191632831,0.14361686008495267,0.9969636210401036,1.1844520265275083e-07,4.603398746894862,0.10150164774241764,0.002796189458333334,-0.0009434719186172781,0.0016671307397269075,0.0007538363037182944,-0.0017884964166666626,4.603619500179256,0.10076484742130565,0.0002207532843945259,-0.0007368003211119939,-0.0007376664750564643,1.0023576744875107,-1.102748567755299e-08,-0.00046172486956330694,0.0010221545401162212,0.0010221545401162212,0.12183097062849813,0.9988258190201689,-1.1053484899196345e-08,4.6027121029162155,0.10117421176902285,0.0036904376666666654,0.0013234984317442929,0.0009823983627839988,0.0005149731620130112,0.0032930326916666636,4.602247500523016,0.10100984710044955,-0.0004646023931993426,-0.00016436466857329413,-0.00016440777634498844,1.0005248639033668,7.706697427009736e-10,-0.0007451607678441666,0.004041199758934171,0.004041199758934171,0.18782910676397627,0.9997377996792325,7.710742394303343e-10]"
/multi_agv/m2b_algorithm_state,1789558524.5970726,1789558524.5970726,m2b_algorithm_state_v1:header6+3x20,"[1.0,-0.15,0.52,4.604837046730403,0.10125040661326512,1789558524.5969384,4.603415755038338,0.10107528431561354,0.0036904376666666654,0.0015398693969005698,0.0006967281444419269,0.0005697743071729957,0.004584685874999997,4.605631757258333,0.09894253351443308,0.0022160022199955165,-0.002132750801180458,-0.0021401271789400402,1.0069727501406458,1.5124183926322644e-07,0.0006298755960543554,0.0002739602572654112,0.0002739602572654112,0.14369637148017436,0.996553299340259,1.5229641081922063e-07,4.604396229670661,0.1015016263739726,0.002796189458333334,-0.0009431890702924616,0.001667110591635712,0.0007537241791162885,-0.0017884964166666626,4.604972290592325,0.1020737353352,0.0005760609216647339,0.000572108961227405,0.0005715918929905504,0.9981963343875516,-6.640593887482547e-09,0.0012916680450714678,-0.005795740179358333,-0.005795740179358333,0.12178454986963566,1.0009046108651913,-6.6286164766414604e-09,4.603709593711348,0.10117424425321538,0.0036904376666666654,0.001323322034999431,0.0009824080314146501,0.0005150445939142373,0.0032930326916666636,4.603760460214127,0.1020907250303951,5.0866502778745826e-05,0.0009164807771797207,0.0009151514413908291,0.9971091077936106,2.3939040405657816e-08,0.0009787345698642614,-0.0025760358875927805,-0.0025760358875927805,0.18749855267732596,1.0014525855817604,2.386983522032066e-08]"
/multi_agv/m2b_algorithm_state,1789558524.6069725,1789558524.6069725,m2b_algorithm_state_v1:header6+3x20,"[1.0,-0.15,0.52,4.6058372370825325,0.10125040432379252,1789558524.6068552,4.604412282992057,0.1010753333055948,0.0036904376666666654,0.0015395250494111916,0.0006967652867340131,0.0005699042480227119,0.004584685874999997,4.6064813782806855,0.0973444615699145,0.0020690952886281977,-0.003730871735680305,-0.003753717151399244,1.012418148314293,4.631949544728693e-07,-0.0011673480406139969,0.007285002084640424,0.007285002084640424,0.14377623047066773,0.9939139219079351,4.6894697811594565e-07,4.605392741042692,0.10150159890141136,0.002796189458333334,-0.000942816030671065,0.0016670829368656825,0.000753576864438707,-0.0017884964166666626,4.606165084868825,0.10270238730741685,0.0007723438261324489,0.0012007884060054874,0.001198521404483337,0.9962413567794987,-2.9229047764202626e-08,0.002163951187148898,-0.009199476738820635,-0.009199476738820635,0.12173965911815125,1.001891498569546,-2.9119186201981995e-08,4.6047061161564615,0.10117428763278921,0.0036904376666666654,0.0013230875799320522,0.0009824216169354479,0.0005151391544463619,0.0032930326916666636,4.604546130634755,0.100093761664136,-0.00015998552170692903,-0.001080525968653212,-0.0010824018810766847,1.00348637198418,3.331667510810134e-08,-0.001282383783210346,0.006342475807796769,0.006342475807796769,0.1871693794714184,0.99826689840782,3.343282943080425e-08]"
/multi_agv/m2b_algorithm_state,1789558524.6171165,1789558524.6171165,m2b_algorithm_state_v1:header6+3x20,"[1.0,-0.15,0.52,4.606840320405902,0.10125038368522228,1789558524.6170027,4.605412473311409,0.10107532359364944,0.0036904376666666654,0.0015395976947057493,0.0006967650879117215,0.0005698728627494903,0.004584685874999997,4.60746865095141,0.09873082603588106,0.002056177640000989,-0.002344497557768388,-0.002353425556906879,1.0076832889859126,1.8275752608018072e-07,0.00021679649309435745,0.0018232881622464998,0.0018232881622464998,0.14385681614609108,0.9962063813268753,1.841617049674052e-07,4.606392931059596,0.10150160848643223,0.002796189458333334,-0.0009428970067752711,0.0016670819311928042,0.0007536124879191364,-0.0017884964166666626,4.607188174316143,0.10270238730741685,0.0007952432565465628,0.0012007788209846132,0.0011985118557850262,0.9962413868627096,-2.9231090430821532e-08,0.00219256592646823,-0.009301562144078861,-0.009301562144078861,0.12169607761478234,1.0018914833329722,-2.9121222070310922e-08,4.60570630687659,0.10117428089129589,0.0036904376666666654,0.0013231284721528032,0.000982422783865955,0.0005151208223231362,0.0032930326916666636,4.60563205150783,0.10103869796798724,-7.425536876048966e-05,-0.00013558292330864696,-0.00013561224937186456,1.0004328138870786,5.242410864301084e-10,-0.00022843146032247664,0.0021946552199119725,0.0021946552199119725,0.1868400690573035,0.9997837506320155,5.244679852524926e-10]"
/multi_agv/m2b_algorithm_state,1789558524.6272874,1789558524.6272874,m2b_algorithm_state_v1:header6+3x20,"[1.0,-0.15,0.52,4.60784783047326,0.10125033529240346,1789558524.627151,4.606415550667995,0.10107527062693462,0.0036904376666666654,0.0015399759427254605,0.0006967348401019533,0.0005697246413156633,0.004584685874999997,4.608532276354556,0.10080371501309864,0.002116725686561516,-0.0002715556138359887,-0.00027167353402917136,1.0008693694107258,2.4490043168219468e-09,0.0023742335741727236,-0.006758316957552251,-0.006758316957552251,0.1439380664010258,0.999565948911424,2.4511334062617273e-09,4.607396021336746,0.10150164385557751,0.002796189458333334,-0.0009433096682928393,0.001667102792532127,0.0007537805110656992,-0.0017884964166666626,4.607779019189168,0.10246173137837249,0.0003829978524221289,0.0009600875227949723,0.0009586356328237486,0.9969865230332532,-1.869846749957179e-08,0.0014373829483514096,-0.006496515913920088,-0.006496515913920088,0.12165384243400557,1.0015145378718575,-1.8642120098448367e-08,4.606709389212965,0.1011742365731547,0.0036904376666666654,0.00132337407964201,0.000982413390565551,0.0005150192471038103,0.0032930326916666636,4.606668051826137,0.10121059335745071,-4.1337386828210754e-05,3.635678429600442e-05,3.6354678333608134e-05,0.9998841661572532,3.76981705710912e-11,-1.531705520165531e-05,0.0013613941488235894,0.0013613941488235894,0.18651092309982858,1.0000579282362771,3.769380384712943e-11]"
/multi_agv/m2b_algorithm_state,1789558524.637027,1789558524.637027,m2b_algorithm_state_v1:header6+3x20,"[1.0,-0.15,0.52,4.608841532738045,0.10125037632881874,1789558524.636845,4.607423045636032,0.10107515358550671,0.0036904376666666654,0.0015408054040406583,0.000696658191450616,0.0005694049729677908,0.004584685874999997,4.60961877471162,0.10099294174043447,0.002195729075588737,-8.221184507224699e-05,-8.222263750016035e-05,1.0002626331615538,2.2455218304151823e-10,0.002662438706985761,-0.007871105445812538,-0.007871105445812538,0.14402011008982119,0.9998687414045391,2.2461115789128424e-10,4.608403549696363,0.10150171616544051,0.002796189458333334,-0.0009442109007389296,0.001667157669307251,0.0007541426191112061,-0.0017884964166666626,4.6087931463684315,0.10246173137837249,0.000389596672068393,0.0009600152129319722,0.0009585635422855449,0.9969867504823275,-1.8713507528451044e-08,0.0014455593823710362,-0.006526507098849167,-0.006526507098849167,0.12161289100279885,1.0015144229697763,-1.865711906091698e-08,4.607716896087387,0.10117413612626311,0.0036904376666666654,0.0013239240069957076,0.000982387243853201,0.0005147944754987283,0.0032930326916666636,4.607686784401231,0.10136835555807457,-3.0111686156075734e-05,0.00019421943181145707,0.0001941594047165349,0.9993823170135725,1.0761355881342089e-09,0.00015651979702144023,0.0006804427281184071,0.0006804427281184071,0.1861814739004206,1.000309163983119,1.0754708774903293e-09]"
/multi_agv/m2b_algorithm_state,1789558524.6469803,1789558524.6469803,m2b_algorithm_state_v1:header6+3x20,"[1.0,-0.15,0.52,4.60984157164998,0.10125037602058706,1789558524.6469064,4.608416760634787,0.10107525379387616,0.0036904376666666654,0.0015400942573793558,0.0006967224672262511,0.0005696797925533125,0.004584685874999997,4.610505975017035,0.09958409433153187,0.0020892143822477394,-0.0014911594623442936,-0.0014947479657392443,1.0048400711173104,7.39123747366705e-08,0.00111677001207043,-0.0017354928620782416,-0.0017354928620782416,0.14410142565101364,0.9975992585524772,7.427011588684528e-08,4.609397236617672,0.10150165338117947,0.002796189458333334,-0.0009434371238985695,0.0016671116388797813,0.0007538311570822048,-0.0017884964166666626,4.610051330644051,0.10342031441958092,0.0006540940263795036,0.0019186610384014507,0.0019129047004508117,0.9940433970194882,-7.463391591025964e-08,0.0027305222334251915,-0.011569985840944083,-0.011569985840944083,0.12157395496382642,1.0030092131350206,-7.418935130430132e-08,4.608710600961676,0.10117422181140058,0.0036904376666666654,0.001323453956225139,0.0009824087805480278,0.000514987021651014,0.0032930326916666636,4.608671338585696,0.10119262483738388,-3.926237598061988e-05,1.8403025983299015e-05,1.8402486327077643e-05,0.9999413554392568,9.659609137415561e-12,-3.067548364869721e-05,0.001424077172482065,0.001424077172482065,0.18585778816423837,1.0000293251798578,9.659042653880746e-12]"
/multi_agv/m2b_algorithm_state,1789558524.6571999,1789558524.6571999,m2b_algorithm_state_v1:header6+3x20,"[1.0,-0.15,0.52,4.610837515086449,0.10125040166375204,1789558524.6570914,4.609416799657534,0.10107525185466086,0.0036904376666666654,0.0015401091320239937,0.0006967229267315737,0.0005696731060096657,0.004584685874999997,4.611373605887751,0.0993578051780892,0.0019568062302166567,-0.0017174466765716573,-0.0017222150681572143,1.0055887922878763,9.806313600696011e-08,0.0007237927196136066,-0.0002450226945815584,-0.0002450226945815584,0.14418368657939146,0.9972312449973747,9.861119050520078e-08,4.610397275286377,0.10150165560680244,0.002796189458333334,-0.0009434537849694895,0.0016671109091905834,0.0007538387586461387,-0.0017884964166666626,4.611083285844293,0.10342031441958092,0.0006860105579162834,0.001918658812778487,0.0019129024882600092,0.994043403959083,-7.46350601562768e-08,0.0027704156856553632,-0.011712568419067428,-0.011712568419067428,0.12153619192508061,1.0030092095931735,-7.419048925243631e-08,4.609710640006028,0.10117422060029788,0.0036904376666666654,0.0013234617730152514,0.0009824092673079042,0.0005149833801986665,0.0032930326916666636,4.609666351371139,0.10101923973606794,-4.428863488925572e-05,-0.00015498086422993662,-0.0001550191876225333,1.0004948460260055,6.851609919188152e-10,-0.00021037998123410294,0.002139605936482254,0.002139605936482254,0.1855332186516527,0.9997527829091066,6.855000411128402e-10]"
/multi_agv/m2b_algorithm_state,1789558524.6671243,1789558524.6671243,m2b_algorithm_state_v1:header6+3x20,"[1.0,-0.15,0.52,4.611840539232944,0.1012503815321414,1789558524.666984,4.610412751429362,0.1010753118185845,0.0036904376666666654,0.001539686188529035,0.0006967651276779557,0.0005698344837038401,0.004584685874999997,4.612346288692072,0.10042209504406713,0.001933537262710061,-0.0006532167745173789,-0.0006539010578971437,1.0021002814238877,1.4171635452632107e-08,0.0017630205204904326,-0.004411128976683831,-0.004411128976683831,0.1442660176509416,0.9989535368210515,1.4201399875319378e-08,4.611393208436901,0.10150162035097743,0.002796189458333334,-0.000942995275058115,0.0016670800513551853,0.0007536560616761695,-0.0017884964166666626,4.6115672663073815,0.10261341487116911,0.0001740578704803042,0.0011117945201916807,0.0011098497818045768,0.9965163852139656,-2.5063470946973986e-08,0.001327422119904957,-0.0061757159259354065,-0.0061757159259354065,0.1215000025121858,1.0017522537004437,-2.4976159468993764e-08,4.6107065853930855,0.10117427282169418,0.0036904376666666654,0.0013231779601062823,0.0009824242526119686,0.0005150986073057051,0.0032930326916666636,4.610696752780652,0.10193098278057677,-9.832612433591237e-06,0.0007567099588825926,0.0007558026148324998,0.99760873885705,1.6320049845669147e-08,0.0007435118492905107,-0.0016646836960250355,-0.0016646836960250355,0.18521123578958418,1.0012005039838265,1.6281024344622193e-08]"
/multi_agv/m2b_algorithm_state,1789558524.6772993,1789558524.6772993,m2b_algorithm_state_v1:header6+3x20,"[1.0,-0.15,0.52,4.612839735962055,0.10125038645265716,1789558524.6771522,4.611415769641577,0.10107526060831563,0.0036904376666666654,0.0015400516792337493,0.0006967351186712982,0.0005696916678200321,0.004584685874999997,4.6134646775100405,0.1012949461572824,0.0020489078684633455,0.00021968554896677206,0.00021960866031753716,0.9993005927871229,1.6023091908574477e-09,0.002780743495896719,-0.008438205562195444,-0.008438205562195444,0.14434935906288837,1.0003501166535225,1.6011885242521027e-09,4.6123962395438864,0.10150165422488436,0.002796189458333334,-0.0009433941035932227,0.0016671009328286246,0.0007538180782288573,-0.0017884964166666626,4.612592815354401,0.10261341487116911,0.00019657581051468753,0.0011117606462847512,0.0011098160267966448,0.9965164916159236,-2.5072540097541543e-08,0.0013555357899400042,-0.006276290789523918,-0.006276290789523918,0.12146496122414999,1.0017521998611962,-2.4985199693901665e-08,4.611709608513367,0.10117422976322422,0.0036904376666666654,0.0013234162983948492,0.0009824148105441301,0.0005150002083624812,0.0032930326916666636,4.611789949341916,0.1027720378738273,8.034082854901925e-05,0.0015978081106030745,0.001593788393886867,0.9949989367652724,7.273190664869605e-08,0.001694214429573141,-0.005447410680540476,-0.005447410680540476,0.18488820203108045,1.0025221144360352,7.236816978436362e-08]"
/multi_agv/m2b_algorithm_state,1789558524.6875703,1789558524.6875703,m2b_algorithm_state_v1:header6+3x20,"[1.0,-0.15,0.52,4.613843744536297,0.10125036053855922,1789558524.6874456,4.612414968108126,0.10107527100150773,0.0036904376666666654,0.001539979669442589,0.0006967439512482797,0.000569718286832535,0.004584685874999997,4.614506474454674,0.10159252227134791,0.0020915063465478667,0.0005172512698401743,0.0005168259795153105,0.9983587910573659,8.880435887233527e-09,0.0031312089127001437,-0.00982930458839492,-0.00982930458839492,0.14443278770354187,1.0008228888285817,8.865861236440911e-09,4.613395434029548,0.10150164916109057,0.002796189458333334,-0.0009433169259482443,0.0016670942024790136,0.0007537881253002338,-0.0017884964166666626,4.613860747956766,0.10351871903311191,0.00046531392721771425,0.0020170698720213404,0.0020107126599865424,0.9937449323122289,-8.2469753563956e-08,0.0025923550690086852,-0.011124014802975691,-0.011124014802975691,0.12143145896455075,1.003161671063851,-8.195389967321967e-08,4.612708805748491,0.10117423919537318,0.0036904376666666654,0.0013233663131383693,0.0009824182876957193,0.0005150200663675188,0.0032930326916666636,4.612847581189098,0.1027393090058316,0.00013877544060747482,0.0015650698104584249,0.0015612121733678422,0.9950995770810535,6.978099679265358e-08,0.0017346814741271857,-0.0055763442869992096,-0.0055763442869992096,0.18456771883584303,1.0024709242961263,6.943904039666393e-08]"
/multi_agv/m2b_algorithm_state,1789558524.6972303,1789558524.6972303,m2b_algorithm_state_v1:header6+3x20,"[1.0,-0.15,0.52,4.614837565872588,0.10125040008097186,1789558524.6971033,4.613418968652964,0.10107520761540952,0.0036904376666666654,0.0015404298057798307,0.000696703287320588,0.0005695443227123452,0.004584685874999997,4.61543789455645,0.10056759597111459,0.0020189259034859575,-0.000507611644294928,-0.0005080244141292659,1.0016294363521157,8.561199027531506e-09,0.002015632965228181,-0.005374073651286079,-0.005374073651286079,0.14451703553668835,0.9991875000042167,8.575148956444663e-09,4.614399452265373,0.1015016890010989,0.002796189458333334,-0.0009438067901851041,0.0016671231872305015,0.0007539853876190605,-0.0017884964166666626,4.614892633521071,0.10351871903311191,0.000493181255698083,0.0020170300320130063,0.002010673072638854,0.993745056423652,-8.250930808049499e-08,0.0026271496422614576,-0.011248871955694628,-0.011248871955694628,0.1213991857218475,1.003161607653008,-8.199321701392798e-08,4.613712812690552,0.10117418499916923,0.0036904376666666654,0.0013236639138552585,0.0009824046640500407,0.0005148981545381025,0.0032930326916666636,4.61396964629889,0.10065028795476855,0.0002568336083381695,-0.0005238970444006869,-0.0005243361916199478,1.0016797798813903,7.832606877901779e-09,-0.00020329418119723595,0.0022793625060955587,0.0022793625060955587,0.184246998264511,0.9991624701359938,7.845763933354118e-09]"
/multi_agv/m2b_algorithm_state,1789558524.707081,1789558524.707081,m2b_algorithm_state_v1:header6+3x20,"[1.0,-0.15,0.52,4.615837619100196,0.10125039899178818,1789558524.7069528,4.614412802438217,0.10107530245194785,0.0036904376666666654,0.001539758707259694,0.0006967663712996947,0.0005698024030165807,0.004584685874999997,4.6164190368067555,0.10072255760481244,0.0020062343685385287,-0.00035274484713540555,-0.00035294394104120344,1.001130329617054,4.131964691980456e-09,0.0021548490196319574,-0.005941795214265079,-0.005941795214265079,0.14460081696549407,0.999435905018767,4.136635174048423e-09,4.61539325844452,0.10150163114831594,0.002796189458333334,-0.000943078154655161,0.0016670777157949956,0.000753693202032224,-0.0017884964166666626,4.615732335854412,0.10252691747404742,0.0003390774098921412,0.0010252863257314837,0.0010236313654849798,0.9967842717944236,-2.1318062656684192e-08,0.0014474781278501563,-0.006562927185635765,-0.006562927185635765,0.12136862167950845,1.0016167541385563,-2.1249509561310848e-08,4.614706636735028,0.1011742666426518,0.0036904376666666654,0.0013232179300677925,0.0009824264006682345,0.0005150801646227054,0.0032930326916666636,4.615045297779796,0.10211734406868905,0.0003386610447675409,0.0009430774260372476,0.0009416700988268723,0.9970261138779596,2.5346160215740998e-08,0.0013649964047862985,-0.0039642858446682925,-0.0039642858446682925,0.18393092407823766,1.0014945013249636,2.5270783621628393e-08]"
/multi_agv/m2b_algorithm_state,1789558524.717085,1789558524.717085,m2b_algorithm_state_v1:header6+3x20,"[1.0,-0.15,0.52,4.616837526179013,0.10125039888806071,1789558524.716965,4.61541285567267,0.10107529706777693,0.0036904376666666654,0.0015397998258450088,0.0006967665751247403,0.0005697844738173416,0.004584685874999997,4.617512943028585,0.10166178512236936,0.002100087355914937,0.0005864880545924239,0.0005859415759433399,0.9981405695950045,1.1415034766834074e-08,0.003211050770837011,-0.01014748895936725,-0.01014748895936725,0.1446855345027071,1.0009326504066627,1.1393809304114542e-08,4.616393311414256,0.10150163694943987,0.002796189458333334,-0.0009431249138541955,0.0016670769421800458,0.0007537138729550585,-0.0017884964166666626,4.616829112512082,0.10380783366733759,0.0004358010978267046,0.002306196717897724,0.0022979046585610155,0.9928719844229701,-1.0776156124868807e-07,0.0028426560308443963,-0.01216039850292315,-0.01216039850292315,0.12133922099190281,1.0036085306262885,-1.0699343516150236e-07,4.615706690213662,0.10117426295814774,0.0036904376666666654,0.001323241061377363,0.0009824273510221195,0.0005150696438005549,0.0032930326916666636,4.616174670758876,0.10322053977197533,0.0004679805452143526,0.0020462768138275883,0.002039706327878175,0.993627964822313,1.1923481727220885e-07,0.002624682009396116,-0.008987789251009709,-0.008987789251009709,0.18361420358738867,1.0032212901728104,1.1847504882214525e-07]"
/multi_agv/m2b_algorithm_state,1789558524.7271364,1789558524.7271364,m2b_algorithm_state_v1:header6+3x20,"[1.0,-0.15,0.52,4.6178375341029065,0.10125039816632854,1789558524.727008,4.616412763012427,0.10107529429259231,0.0036904376666666654,0.0015398223189830372,0.0006967681024230286,0.0005697739295719427,0.004584685874999997,4.618583412054881,0.10226345693530911,0.0021706490424540092,0.001188162642716803,0.0011859299466500208,0.9962586694494261,4.6830483291978075e-08,0.0038992412497175326,-0.012897089961504054,-0.012897089961504054,0.1447706398166073,1.0018826542605563,4.6655274974139656e-08,4.6173932179476,0.10150164096207301,0.002796189458333334,-0.0009431514392815327,0.0016670753057645982,0.0007537262220368296,-0.0017884964166666626,4.6179779715349385,0.10424088235478475,0.000584753587338227,0.0027392413927117415,0.0027275813916746465,0.9915754963648843,-1.519857956897747e-07,0.0034585233758474302,-0.014580129853737502,-0.014580129853737502,0.1213111816420884,1.0042748498991394,-1.5070539080150025e-07,4.616706597577009,0.10117426140951688,0.0036904376666666654,0.0013232523357983674,0.0009824286960728127,0.0005150640571694983,0.0032930326916666636,4.617171379625253,0.10236403024089472,0.0004647820482439613,0.0011897688313778354,0.001187533128058199,0.9962587219037516,4.033447569321287e-08,0.0017685106883631506,-0.005518657836508508,-0.005518657836508508,0.1832989260041552,1.0018826450115896,4.018357320277819e-08]"
/multi_agv/m2b_algorithm_state,1789558524.7370496,1789558524.7370496,m2b_algorithm_state_v1:header6+3x20,"[1.0,-0.15,0.52,4.6188374802716,0.1012503978787432,1789558524.7369266,4.617412770958246,0.10107529020712772,0.0036904376666666654,0.0015398539919960403,0.0006967684530684074,0.000569760018265122,0.004584685874999997,4.618576607340697,0.10116860513670733,0.0011638363824504339,9.331492957961873e-05,9.330104361620912e-05,0.9997024898626468,2.890870152952367e-10,0.0015480965216792516,-0.00399971306678761,-0.00399971306678761,0.14485615147741895,1.0001488296686878,2.890010089776092e-10,4.618393225632393,0.10150164564103077,0.002796189458333334,-0.0009431879564613267,0.00166707458846016,0.0007537424241066959,-0.0017884964166666626,4.617921148258097,0.10334829391611303,-0.0004720773742956652,0.001846648275082255,0.0018413130105447006,0.9942622370821185,-6.912202319698886e-08,0.001251216292675119,-0.0062492742108091,-0.0062492742108091,0.12128448591083163,1.0028975326340501,-6.872541741548023e-08,4.617706605718079,0.10117425865082713,0.0036904376666666654,0.0013232701036979843,0.0009824295952469255,0.000515055887793524,0.0032930326916666636,4.618089848987496,0.1011816524607806,0.0003832432694164112,7.393809953473718e-06,7.393722834811123e-06,0.9999764353618036,1.5590519789008925e-12,0.0004864478096053251,-0.00040699219481285737,-0.00040699219481285737,0.18298503467495805,1.000011782787175,1.5590152404050804e-12]"
/multi_agv/m2b_algorithm_state,1789558524.7470353,1789558524.7470353,m2b_algorithm_state_v1:header6+3x20,"[1.0,-0.15,0.52,4.619837615565396,0.101250396414865,1789558524.7469208,4.618412717240342,0.10107528736171169,0.0036904376666666654,0.0015398767551885887,0.0006967692964972017,0.0005697497126736894,0.004584685874999997,4.6195219605187345,0.10063791630644744,0.0011092432783925688,-0.00043737105526424347,-0.00043767733212499437,1.001402847192091,6.353224837891864e-09,0.0009488767658657165,-0.0016268515127622744,-0.0016268515127622744,0.14494205263466586,0.999300222245315,6.362137441516423e-09,4.619393171468642,0.10150164940252346,0.002796189458333334,-0.0009432147831378822,0.0016670735911246126,0.0007537545713407617,-0.0017884964166666626,4.618817306493,0.10288145224432865,-0.0005758649756417711,0.0013798028418051944,0.001376813591801535,0.9956898381020742,-3.860494067016825e-08,0.0006569823722493212,-0.0039103048018699245,-0.0039103048018699245,0.12125912818235658,1.0021711363262678,-3.843854712582e-08,4.618706552105817,0.10117425687199447,0.0036904376666666654,0.0013232823626758354,0.0009824306132779626,0.0005150500444936314,0.0032930326916666636,4.6183584001740545,0.10154449697180504,-0.00034815193176207515,0.0003702400998105704,0.0003700222535750651,0.9988248641315349,3.908261492979242e-09,-6.516766112752884e-05,0.0013881225004198354,0.0013881225004198354,0.18267260331846089,1.000588738199934,3.903668754715501e-09]"
/multi_agv/m2b_algorithm_state,1789558524.7574325,1789558524.7574325,m2b_algorithm_state_v1:header6+3x20,"[1.0,-0.15,0.52,4.620840521545484,0.10125037734458679,1789558524.7572193,4.619412852236118,0.10107528187149697,0.0036904376666666654,0.0015399181215464916,0.0006967680805029623,0.0005697324145872483,0.004584685874999997,4.620550059896695,0.10110100498295,0.001137207660577566,2.5723111453018754e-05,2.5722055748075046e-05,0.9999179257626797,2.196909221787264e-11,0.0014472316314700327,-0.0036097997702013054,-0.0036097997702013054,0.14502836236405983,1.0000410427904383,2.196728912138424e-11,4.620393306947024,0.10150165463562932,0.002796189458333334,-0.0009432617972297743,0.0016670741448843174,0.0007537746622929831,-0.0017884964166666626,4.619845671114853,0.10288145224432865,-0.0005476358321709895,0.001379797608699329,0.0013768083814644227,0.9956898544996541,-3.860657129603628e-08,0.0006922635912506858,-0.004036201444110899,-0.004036201444110899,0.12123509190566392,1.0021711280052834,-3.844017135648089e-08,4.619706687513046,0.10117425273746869,0.0036904376666666654,0.0013233073566113526,0.0009824308759876386,0.0005150390739713825,0.0032930326916666636,4.619405267823183,0.10190668430509657,-0.00030141968986363565,0.0007324315676278809,0.0007315813558239694,0.9976848208087912,1.5291382889442997e-08,0.0003548067434944248,-0.0002698844413889672,-0.0002698844413889672,0.1823615735831591,1.0011621561937618,1.5255980597972552e-08]"
/multi_agv/m2b_algorithm_state,1789558524.7672834,1789558524.7672834,m2b_algorithm_state_v1:header6+3x20,"[1.0,-0.15,0.52,4.621844365447896,0.10125035289240836,1789558524.76711,4.62041575227263,0.10107523470081366,0.0036904376666666654,0.0015402540417063311,0.0006967382424180712,0.0005696023273929619,0.004584685874999997,4.621936908460131,0.10185270464530209,0.0015211561875005941,0.0007774699444884348,0.00077651099631537,0.9975404109052669,2.0062953331543437e-08,0.0026779562306911125,-0.008343327317176883,-0.008343327317176883,0.14511530546524828,1.0012349447433648,2.0013606710321032e-08,4.621396220033617,0.10150168484263965,0.002796189458333334,-0.000943628427511012,0.0016670954643975833,0.000753922494158607,-0.0017884964166666626,4.621325862625149,0.10481721472689927,-7.035740846816907e-05,0.0033155298842596215,0.0032985225468723793,0.9898704879500474,-2.2267819375245954e-07,0.003210575786287168,-0.01397821762633333,-0.01397821762633333,0.12121230718498005,1.005156047031835,-2.2042257230558233e-07,4.620709592330206,0.10117421249030703,0.0036904376666666654,0.0013235291867993546,0.0009824211122259731,0.0005149479979616486,0.0032930326916666636,4.620697406638122,0.10117877290744359,-1.2185692083832578e-05,4.560417136562078e-06,4.560383993445637e-06,0.9999854651255665,5.93224590357581e-13,-1.0671731111345086e-05,0.0013593622268151268,0.0013593622268151268,0.18205115526507382,1.0000072676152905,5.932159679126493e-13]"
/multi_agv/m2b_algorithm_state,1789558524.777242,1789558524.777242,m2b_algorithm_state_v1:header6+3x20,"[1.0,-0.15,0.52,4.622839410109783,0.1012503850893921,1789558524.7770243,4.621419588269575,0.10107517647845682,0.0036904376666666654,0.0015406663659019832,0.0006966983528627676,0.0005694443504670687,0.004584685874999997,4.622953524811497,0.10136398290898463,0.0015339365419224649,0.0002888064305278104,0.00028867361568602623,0.9990812538639992,2.7701881373648254e-09,0.0022060942930891073,-0.006429068194189267,-0.006429068194189267,0.14520271979654412,1.0004600865287552,2.767643037717626e-09,4.622400073597453,0.10150172015098707,0.002796189458333334,-0.0009440768098148075,0.0016671244486721193,0.000754101775736149,-0.0017884964166666626,4.622298838713965,0.10402379001393232,-0.00010123488348856569,0.002522069862945245,0.002512169072052519,0.9922240493388531,-1.2898917418925335e-07,0.002385625467691812,-0.010630694989963692,-0.010630694989963692,0.12119081560130739,1.0039411323874936,-1.2798616073493564e-07,4.62171343447666,0.10117416204778118,0.0036904376666666654,0.0013238048733842946,0.0009824072996456054,0.0005148356833113588,0.0032930326916666636,4.621694251005147,0.10111606636065788,-1.9183471512640438e-05,-5.8095687123296824e-05,-5.810106830863049e-05,1.0001852931583637,9.629582520991492e-11,-8.208040769943105e-05,0.0016412683781170106,0.0016412683781170106,0.1817419535851912,0.9999073823340892,9.63136681675053e-11]"
/multi_agv/m2b_algorithm_state,1789558524.7872455,1789558524.7872455,m2b_algorithm_state_v1:header6+3x20,"[1.0,-0.15,0.52,4.623838553675321,0.10125039034727783,1789558524.7870474,4.622414642755509,0.10107525526710853,0.0036904376666666654,0.001540107620350417,0.0006967482448791522,0.0005696605921935743,0.004584685874999997,4.623898508341431,0.10030758116870357,0.0014838655859215066,-0.0007676740984049607,-0.0007686200097336818,1.0024714914960453,1.95799846626624e-08,0.0010862119726682015,-0.001960789321979448,-0.001960789321979448,0.1452897385396704,0.9987693381427205,1.962837642824887e-08,4.623395106441548,0.1015016707742805,0.002796189458333334,-0.0009434696962780701,0.0016670889952958845,0.0007538570546652135,-0.0017884964166666626,4.623622390277164,0.10290961750320209,0.0002272838356152107,0.001407946728921583,0.0014048349577493555,0.9956033386460105,-4.020589049355644e-08,0.0016889397522683689,-0.007605023271510962,-0.007605023271510962,0.12117081463322076,1.0022150439488016,-4.002911880862068e-08,4.622708481132292,0.10117422922678726,0.0036904376666666654,0.0013234365675265105,0.0009824240481012495,0.0005149866176614548,0.0032930326916666636,4.622620142756104,0.09979416718911154,-8.833837618738016e-05,-0.001380062037675725,-0.001383129087005424,1.0044679234261331,5.4374018420337235e-08,-0.0014935520572396492,0.007217535759572664,0.007217535759572664,0.18143702272381598,0.9977825285011254,5.461695737101045e-08]"
/multi_agv/m2b_algorithm_state,1789558524.7973382,1789558524.7973382,m2b_algorithm_state_v1:header6+3x20,"[1.0,-0.15,0.52,4.624842784899715,0.1012503629911451,1789558524.7971954,4.623413787995457,0.10107526700259292,0.0036904376666666654,0.0015400259071749506,0.0006967569610370808,0.0005696914777722911,0.004584685874999997,4.625242753925523,0.09969851616578271,0.0018289659300663175,-0.0013767508368102144,-0.0013798071753585587,1.0044629588276068,6.299800589420417e-08,0.0009064002372243382,-0.0010450769542112346,-0.0010450769542112346,0.14537749942865927,0.9977849524173188,6.327916340073133e-08,4.6243942478933535,0.10150166449047719,0.002796189458333334,-0.000943382207048316,0.0016670826540972072,0.0007538224295980944,-0.0017884964166666626,4.624647321494156,0.10290961750320209,0.0002530736008026224,0.001407953012724894,0.001404841213658242,0.9956033189612111,-4.020252196873237e-08,0.00172118321466152,-0.007719965937182775,-0.007719965937182775,0.12115200762377036,1.0022150539408998,-4.0025764302680945e-08,4.623707625137153,0.10117423954876337,0.0036904376666666654,0.0013233814003707814,0.0009824273712488287,0.0005150088019187163,0.0032930326916666636,4.624139118787315,0.09986417410581747,0.0004314936501614852,-0.0013100654429459013,-0.0013128278027959345,1.0042379621751174,4.899384198798319e-08,-0.0007734607400940779,0.004643275719688651,0.004643275719688651,0.18113234568316736,0.997895870392027,4.920147603714194e-08]"
/multi_agv/m2b_algorithm_state,1789558524.8072855,1789558524.8072855,m2b_algorithm_state_v1:header6+3x20,"[1.0,-0.15,0.52,4.625840825243773,0.10125037595883951,1789558524.807165,4.62441801057653,0.10107520066537869,0.0036904376666666654,0.001540496725637839,0.000696713377436708,0.0005695100674699525,0.004584685874999997,4.626267397129306,0.09994776781945235,0.001849386552775556,-0.0011274328459263405,-0.0011294786144073038,1.0036444950607468,4.2252928066207296e-08,0.0011822545765621411,-0.0021340995124031173,-0.0021340995124031173,0.1454660922247217,0.9981887496984287,4.240691865384668e-08,4.625398489577957,0.1015017057457254,0.002796189458333334,-0.0009438947214880202,0.0016671140347277458,0.000754028263740894,-0.0017884964166666626,4.625641100688992,0.10281417874363272,0.00024261111103474065,0.0013124729979073213,0.0013097669800312647,0.9958970089701099,-3.495615619854029e-08,0.0016130308688246905,-0.007289434089383856,-0.007289434089383856,0.12113438253038766,1.002066030001758,-3.481273140321824e-08,4.624711854544657,0.10117418256233121,0.0036904376666666654,0.0013236939312507908,0.000982412630170338,0.0005148809996831181,0.0032930326916666636,4.625307310586337,0.10168366517408776,0.0005954560416805421,0.0005094826117565537,0.0005090705285942113,0.9983854641824065,7.402315866271865e-09,0.001253390580694889,-0.0033634965098869396,-0.0033634965098869396,0.18082765370316276,1.0008094814749549,7.3903645621726285e-09]"
/multi_agv/m2b_algorithm_state,1789558524.8174846,1789558524.8174846,m2b_algorithm_state_v1:header6+3x20,"[1.0,-0.15,0.52,4.626846673314566,0.1012503386801649,1789558524.8173332,4.62541605475996,0.10107523279448798,0.0036904376666666654,0.0015402687619213403,0.0006967329588382747,0.000569598695031617,0.004584685874999997,4.627629134590245,0.10018915906191297,0.0022130798302857357,-0.0008860737325750018,-0.000887335049806169,1.0028564923764702,2.609030357417272e-08,0.0018790147380510006,-0.00471153155786507,-0.00471153155786507,0.14555450553236918,0.9985785332930974,2.6164830327432138e-08,4.626396525343979,0.10150168531955127,0.002796189458333334,-0.0009436471224345796,0.0016671003006170082,0.0007539280821352579,-0.0017884964166666626,4.626666880629115,0.10281417874363272,0.0002703552851359703,0.0013124934240814484,0.0013097873216429583,0.9958969449267373,-3.494807714271925e-08,0.0016477314280629212,-0.0074129482800073376,-0.0074129482800073376,0.12111814246715816,1.0020660624773001,-3.4804683257498044e-08,4.625709895627381,0.1011742097624793,0.0036904376666666654,0.0013235446074582537,0.0009824190950789456,0.0005149423629326388,0.0032930326916666636,4.626425243329719,0.10279941098779191,0.000715347702338498,0.0016252012253126086,0.001621043360082389,0.9949147856050726,7.525293095117303e-08,0.0025152279880055117,-0.008391494337558912,-0.008391494337558912,0.18052644618285,1.0025649315327434,7.487025366343965e-08]"
/multi_agv/m2b_algorithm_state,1789558524.8273342,1789558524.8273342,m2b_algorithm_state_v1:header6+3x20,"[1.0,-0.15,0.52,4.627851062391145,0.101250311958675,1789558524.8271909,4.626421890870118,0.10107514408382798,0.0036904376666666654,0.0015408964849166246,0.0006966724458564492,0.0005693580789134647,0.004584685874999997,4.628659794900499,0.10047648678210318,0.002237904030381266,-0.0005986573017248004,-0.0005992318150528763,1.0019236744423896,1.1912065812427165e-08,0.002198148222923706,-0.005976997895212902,-0.005976997895212902,0.14563135210501005,0.9990412502913829,1.1934980748986595e-08,4.6274023880422135,0.10150173895235738,0.002796189458333334,-0.0009443289774180687,0.0016671441829405609,0.0007542008165774272,-0.0017884964166666626,4.628048393603826,0.10300470299401963,0.0006460055616122062,0.0015029640416622525,0.0014994206551913153,0.9953117208853366,-4.585424722116151e-08,0.002306927607206573,-0.009856353551541509,-0.009856353551541509,0.12109543461887963,1.0023631703742837,-4.5639269711595925e-08,4.626715741031369,0.10117413300430936,0.0036904376666666654,0.0013239637089608896,0.0009823980584881655,0.0005147716411381593,0.0032930326916666636,4.627563538071479,0.10129652862194219,0.0008477970401106205,0.00012239561763283113,0.000122371765371505,0.999610423539621,4.274136857440233e-10,0.0011821180655097806,-0.0029294752498125252,-0.0029294752498125252,0.18020046840794907,1.0001949163784123,4.2724717543321364e-10]"
/multi_agv/m2b_algorithm_state,1789558524.837227,1789558524.837227,m2b_algorithm_state_v1:header6+3x20,"[1.0,-0.15,0.52,4.6288421231399575,0.10125037038419842,1789558524.8371317,4.627426270908067,0.10107508374884909,0.0036904376666666654,0.0015413202408910255,0.0006966265145234012,0.0005691982893858274,0.004584685874999997,4.629652264272503,0.10024028540685916,0.002225993364435297,-0.0008347983419899341,-0.0008359174723771977,1.0026896399085405,2.3173089553870497e-08,0.0019465742331669234,-0.004973774144048655,-0.004973774144048655,0.1457035720436901,0.9986611951248235,2.323541682033877e-08,4.628406788463015,0.10150177252825444,0.002796189458333334,-0.0009447871335321869,0.0016671782156061354,0.0007543817087383303,-0.0017884964166666626,4.629077873489871,0.10300470299401963,0.0006710850268563107,0.0015029304657651898,0.0014993872383283467,0.9953118259746444,-4.5874438509588625e-08,0.002338243521898735,-0.009968550091977557,-0.009968550091977557,0.12107111348605444,1.0023631169762346,-4.56593711585402e-08,4.627720127802356,0.10117407959892147,0.0036904376666666654,0.0013242520618595003,0.0009823810662467737,0.0005146554900238771,0.0032930326916666636,4.628512994186453,0.1010147738973943,0.000792866384096591,-0.00015930570152716816,-0.00015934619503970497,1.0005086809079993,7.243691794399017e-10,0.0008317367850810338,-0.0015550929257341947,-0.0015550929257341947,0.17986762813104223,0.9997458771291857,7.247376522118258e-10]"
/multi_agv/m2b_algorithm_state,1789558524.8473446,1789558524.8473446,m2b_algorithm_state_v1:header6+3x20,"[1.0,-0.15,0.52,4.629843526405456,0.10125036167870866,1789558524.8472624,4.628417349441611,0.101075228244039,0.0036904376666666654,0.0015402932688034481,0.0006967164388894881,0.0005695966650837072,0.004584685874999997,4.630639337270575,0.10013062537093273,0.0022219878289639894,-0.0009446028731062706,-0.0009460369579266102,1.003047190007316,2.9652566174638108e-08,0.0018314478282783764,-0.004515630407608511,-0.004515630407608511,0.14582260091790683,0.9984841133231384,2.974292317797674e-08,4.629397827959244,0.10150168045690251,0.002796189458333334,-0.00094366903916898,0.0016671144578603858,0.0007539302181123059,-0.0017884964166666626,4.630073876809196,0.10183734125935845,0.0006760488499519823,0.00033566080245593655,0.0003354824948743462,0.9989389243114505,-2.287411812292873e-09,0.001180543557314324,-0.00529075829776303,-0.00529075829776303,0.12107681476573257,1.0005314959329163,-2.284984695229148e-09,4.628711192019017,0.10117420245165372,0.0036904376666666654,0.001323576436184849,0.0009824106590003556,0.0005149329544178955,0.0032930326916666636,4.629626105059844,0.10232930891500754,0.0009149130408276918,0.0011551064633538166,0.0011529985759553072,0.99636628214298,3.8028804230882924e-08,0.002296639876989922,-0.007384331942852389,-0.007384331942852389,0.1796302138333794,1.0018281786660168,3.7890618285868043e-08]"
/multi_agv/m2b_algorithm_state,1789558524.8572795,1789558524.8572795,m2b_algorithm_state_v1:header6+3x20,"[1.0,-0.15,0.52,4.6308375260112085,0.10125040009770032,1789558524.8571486,4.629418749921075,0.10107520753686196,0.0036904376666666654,0.0015404397849336999,0.0006967022915684851,0.0005695405151322883,0.004584685874999997,4.6313398008867,0.09991097407073785,0.001921050965624893,-0.0011642334661241122,-0.00116641557144238,1.0037650179464104,4.505577084160858e-08,0.0012348981355887363,-0.002303268952850224,-0.002303268952850224,0.1459078273516856,0.9981292213755603,4.522540662741659e-08,4.630399234640199,0.10150169294335001,0.002796189458333334,-0.0009438280037057851,0.0016671247042285842,0.0007539937939241015,-0.0017884964166666626,4.631092075061563,0.10183734125935845,0.0006928404213635275,0.0003356483160084356,0.0003354700217058979,0.9989389638123426,-2.2876268177627413e-09,0.0012015205484103074,-0.005365467790964489,-0.005365467790964489,0.12106254023528837,1.0005314761111321,-2.2851995629252395e-09,4.629712594655095,0.10117418455591397,0.0036904376666666654,0.001323674128579884,0.000982405697867117,0.0005148931891496384,0.0032930326916666636,4.630651859756428,0.10237034882546218,0.0009392651013326869,0.0011961642695482166,0.0011939045733229724,0.996238881211896,4.078208630692356e-08,0.002367985949988831,-0.007658358534242102,-0.007658358534242102,0.17932517806301013,1.0018926941698152,4.062870003589651e-08]"
/multi_agv/m2b_algorithm_state,1789558524.8672545,1789558524.8672545,m2b_algorithm_state_v1:header6+3x20,"[1.0,-0.15,0.52,4.631849242634274,0.10125032401438866,1789558524.867213,4.630412761621796,0.10107529980202763,0.0036904376666666654,0.0015397866257558183,0.0006967635801229824,0.0005697917533628802,0.004584685874999997,4.632354832508527,0.10026146675882762,0.001942070886731706,-0.0008138330432000129,-0.0008148964960363801,1.0026214632101291,2.200150509228938e-08,0.0016126921123782523,-0.0038033769850935916,-0.0038033769850935916,0.1460026422288604,0.9986949841586755,2.2059181228456284e-08,4.631393219541385,0.10150163649727889,0.002796189458333334,-0.00094311850845742,0.0016670805905318886,0.0007537091987356581,-0.0017884964166666626,4.63168359779629,0.1019905457181132,0.00029037825490441094,0.0004889092208343049,0.0004885313696969444,0.9984571744349777,-4.849523300228964e-09,0.0008515041883274581,-0.004191501244203871,-0.004191501244203871,0.12105550372057591,1.000773442936929,-4.8420413317031995e-09,4.630706596870443,0.10117426399379449,0.0036904376666666654,0.001323239939744081,0.000982426743705878,0.000515070445895504,0.0032930326916666636,4.6312338845118335,0.10096974954376856,0.0005272876413906502,-0.00020451445002593605,-0.0002045812102949683,1.0006533704467189,1.1929620512855485e-09,0.00045452834144334446,-0.00019719329775406752,-0.00019719329775406752,0.17904250584317957,0.999673673506301,1.1937414974339157e-09]"
/multi_agv/m2b_algorithm_state,1789558524.8772213,1789558524.8772213,m2b_algorithm_state_v1:header6+3x20,"[1.0,-0.15,0.52,4.6328449070912505,0.10125035316303765,1789558524.8771195,4.63142445440195,0.10107511601964245,0.0036904376666666654,0.0015410889915677232,0.0006966427854930401,0.0005692900630209992,0.004584685874999997,4.6333921130304425,0.10059595682502878,0.0019676586284926856,-0.0004791591946136653,-0.00047952690994323353,1.0015376108556702,7.631475355145872e-09,0.0019800463756726233,-0.00526078832109939,-0.00526078832109939,0.1460657907010351,0.9992331706063968,7.643209594496723e-09,4.632404965080519,0.1015017498657951,0.002796189458333334,-0.0009445337977863491,0.0016671673387342878,0.0007542775542193347,-0.0017884964166666626,4.632698380166369,0.1019905457181132,0.0002934150858502349,0.0004887958523180913,0.0004884181766501828,0.9984575325737578,-4.854546471517479e-09,0.0008551870339629764,-0.0042059607271830845,-0.0042059607271830845,0.12102940428243962,1.0007732629250181,-4.847058491715984e-09,4.6317183084203535,0.10117410615772843,0.0036904376666666654,0.0013241038934650759,0.000982385507730177,0.0005147174049255814,0.0032930326916666636,4.6321866793736115,0.10090359137401833,0.0004683709532580238,-0.0002705147837100963,-0.00027063164470308835,1.0008648725400853,2.08864404828823e-09,0.0003148320468694414,0.00032914895617667,0.00032914895617667,0.1786939420713384,0.9995681916905163,2.090450459171607e-09]"
/multi_agv/m2b_algorithm_state,1789558524.8873005,1789558524.8873005,m2b_algorithm_state_v1:header6+3x20,"[1.0,-0.15,0.52,4.633849590548556,0.10125032401100677,1789558524.8872464,4.632420127537148,0.10107518956216294,0.0036904376666666654,0.0015405648905591966,0.0006966865305326302,0.000569494485101679,0.004584685874999997,4.634425137524023,0.10082690169277263,0.002005009986874917,-0.00024828786939030956,-0.00024838643054837225,1.000794670632289,2.048057501474294e-09,0.002257876053045274,-0.006356175547975284,-0.006356175547975284,0.1461712125193418,0.9996031942733543,2.049685032623955e-09,4.633400619305167,0.10150170173697265,0.002796189458333334,-0.0009439621260374574,0.001667136641749778,0.0007540457218049995,-0.0017884964166666626,4.633596835957581,0.1009227372438822,0.00019621665241409403,-0.0005789644930904447,-0.0005794986642384542,1.0018493057645566,-6.811756183004905e-09,-0.00033422784872083665,0.0005001704723881565,0.0005001704723881565,0.12103059005137194,0.9990782184999315,-6.82435320298089e-09,4.632713974431437,0.10117416818997736,0.0036904376666666654,0.0013237612994866864,0.0009823994020778052,0.0005148586787415347,0.0032930326916666636,4.633319668188198,0.10226647416128627,0.0006056937567615606,0.00109230597130891,0.001090420157619516,0.9965613795160567,3.401243687168188e-08,0.0018475373535714666,-0.005753459926686634,-0.005753459926686634,0.17843215446042174,1.0017294376632866,3.3895481009546086e-08]"
/multi_agv/m2b_algorithm_state,1789558524.8971903,1789558524.8971903,m2b_algorithm_state_v1:header6+3x20,"[1.0,-0.15,0.52,4.634846681697898,0.1012503441168044,1789558524.8970563,4.633424801546588,0.10107512152600867,0.0036904376666666654,0.0015410446300644534,0.0006966384400104878,0.00056931155214891,0.004584685874999997,4.635362261811877,0.10032569148262402,0.0019374602652888484,-0.0007494300433846524,-0.0007503314066746756,1.0024122626367926,1.8671522256236317e-08,0.0016714939249363849,-0.004040463581777811,-0.004040463581777811,0.14624448885865415,0.9987987130992986,1.8716562871747076e-08,4.634405314440033,0.10150174157533023,0.002796189458333334,-0.0009444816461498954,0.0016671716744305343,0.0007542526929703863,-0.0017884964166666626,4.634603231538936,0.1009227372438822,0.00019791709890260023,-0.0005790043314480298,-0.0005795385759838446,1.0018494328539034,-6.81644203065907e-09,-0.0003321422023555943,0.0004922798097630138,0.0004922798097630138,0.12101303482135434,0.9990781553498698,-6.829048582497298e-09,4.633718655659048,0.10117410893168141,0.0036904376666666654,0.0013240832353754194,0.0009823821873070852,0.000514728086482283,0.0032930326916666636,4.634401186532223,0.10227539009602503,0.0006825308731750468,0.0011012811643436177,0.001099364361620999,0.9965334767108907,3.45818686682627e-08,0.0019525279530898075,-0.00613157065448338,-0.00613157065448338,0.1781081601766082,1.001743555448525,3.446198981514325e-08]"
/multi_agv/m2b_algorithm_state,1789558524.9072,1789558524.9072,m2b_algorithm_state_v1:header6+3x20,"[1.0,-0.15,0.52,4.63584486898118,0.10125035662370822,1789558524.9071004,4.634421898592335,0.10107517320939523,0.0036904376666666654,0.0015406752478044393,0.0006966679884893522,0.0005694562943979047,0.004584685874999997,4.636317380474576,0.0995682917964771,0.0018954818822409791,-0.0015068814129181318,-0.0015105464235828639,1.0048919740280458,7.550847524087857e-08,0.0008588059292183601,-0.0008168650531761527,-0.0008168650531761527,0.14634546253939185,0.9975737186176383,7.587786074065429e-08,4.6354023987289965,0.10150170689547168,0.002796189458333334,-0.0009440777787272829,0.001667151093296404,0.0007540883360018236,-0.0017884964166666626,4.6355347878851845,0.10099895572604511,0.000132389156187962,-0.0005027511694265657,-0.0005031537309401002,1.0016044808536024,-5.1367895325681065e-09,-0.00033766728570514774,0.00047838581345252605,0.00047838581345252605,0.12101343589200736,0.9991999234254262,-5.1450314130220976e-09,4.634715747772361,0.10117415224554631,0.0036904376666666654,0.0013238429713981078,0.0009823912093637425,0.000514827538600591,0.0032930326916666636,4.635316255990306,0.10120146819817223,0.0006005082179445509,2.7315952625922568e-05,2.7314763733494222e-05,0.9999129615059906,2.1288194540395707e-11,0.0007779500361641829,-0.0014504404150159317,-0.0014504404150159317,0.1778394913253943,1.000043525634706,2.1286341648002732e-11]"
/multi_agv/m2b_algorithm_state,1789558524.9173622,1789558524.9173622,m2b_algorithm_state_v1:header6+3x20,"[1.0,-0.15,0.52,4.636850040849807,0.10125032417351142,1789558524.9172845,4.635420089654767,0.10107520483544129,0.0036904376666666654,0.001540449568203627,0.0006966868659830537,0.0005695442980214932,0.004584685874999997,4.637262271518824,0.09940977516869498,0.0018421818640570464,-0.001665429666746307,-0.0016699118347676613,1.005416351962133,9.22301211534767e-08,0.0006328154953036467,5.272205529585237e-05,5.272205529585237e-05,0.14644282834986383,0.9973159253512459,9.27296719511541e-08,4.6364005815659075,0.10150168606333716,0.002796189458333334,-0.0009438310331777704,0.0016671377541817023,0.0007539883188868585,-0.0017884964166666626,4.636647906910342,0.10173400825611735,0.00024732534443483445,0.00023232219278018773,0.00023223670775373166,0.9992647299465292,-1.0960508942969543e-09,0.0005413933882972747,-0.0029719721116283305,-0.0029719721116283305,0.12101258711929308,1.0003680943778566,-1.0952450008972978e-09,4.635713935722866,0.10117417897234618,0.0036904376666666654,0.0013236951276598698,0.000982397116244549,0.0005148885505579432,0.0032930326916666636,4.636238546131292,0.10026683720898591,0.0005246104084255521,-0.0009073417633602698,-0.0009086628068577734,1.002921866838551,2.3500722897813228e-08,-0.0002528997963258333,0.0026256712886210515,0.0026256712886210515,0.17756469610924117,0.998546167524924,2.3569388880730322e-08]"
/multi_agv/m2b_algorithm_state,1789558524.9272285,1789558524.9272285,m2b_algorithm_state_v1:header6+3x20,"[1.0,-0.15,0.52,4.637842312152748,0.10125037453593823,1789558524.9270947,4.63642525118528,0.10107512821911785,0.0036904376666666654,0.0015409904915373546,0.0006966341771418522,0.0005693372362327307,0.004584685874999997,4.638292049482377,0.10001932375959938,0.0018667982970974606,-0.0010558044595184723,-0.0010575975739852232,1.0034101975574685,3.7064703093081214e-08,0.0012759002973866025,-0.0024978768226374868,-0.0024978768226374868,0.14651536205498597,0.9983045399206106,3.719110105303754e-08,4.637405766135826,0.10150173168082072,0.002796189458333334,-0.0009444170624188781,0.001667175858059089,0.0007542225219279303,-0.0017884964166666626,4.6375261057153105,0.10058589705690235,0.00012033957948442975,-0.0009158346239183657,-0.0009171746620496852,1.0029365089567919,-1.7056852745905006e-08,-0.0007667501876941481,0.002179618823887016,0.002179618823887016,0.12099755979846048,0.9985389499004205,-1.7106940346768036e-08,4.636719105228313,0.10117411262059565,0.0036904376666666654,0.0013240563473976203,0.0009823784902611276,0.0005147416643443547,0.0032930326916666636,4.637365501397645,0.10095457038707328,0.0006463961693317088,-0.00021954223352237123,-0.00021961917427606222,1.0007015011553857,1.3755852724101785e-09,0.0005883760373885738,-0.0006643262001593772,-0.0006643262001593772,0.1772429896669956,0.9996496628586978,1.3765502470681057e-09]"
/multi_agv/m2b_algorithm_state,1789558524.9370606,1789558524.9370606,m2b_algorithm_state_v1:header6+3x20,"[1.0,-0.15,0.52,4.638837483492019,0.10125040508188499,1789558524.9369526,4.637417538109705,0.10107525155031523,0.0036904376666666654,0.0015401146547804252,0.0006967129738413291,0.0005696758890929464,0.004584685874999997,4.639284733869261,0.10001932375959938,0.0018671957595559618,-0.001055927790715852,-0.0010577213228139702,1.0034105950080154,3.705227391076347e-08,0.0012762733766309821,-0.0025000149621212573,-0.0025000149621212573,0.1466347153018392,0.9983043434414778,3.717864421119914e-08,4.638398018656692,0.10150165402895045,0.002796189458333334,-0.0009434634631848358,0.0016671195118309612,0.0007538384790366226,-0.0017884964166666626,4.638524413300244,0.10058589705690235,0.0001263946435523522,-0.0009157569720480985,-0.0009170967835701008,1.0029362604708973,-1.703674582086658e-08,-0.0007591034791296605,0.0021534809805060394,0.0021534809805060394,0.12101202233251608,0.9985390729244663,-1.7086770144173116e-08,4.637711379691847,0.10117421802854905,0.0036904376666666654,0.001323477539311718,0.000982404740512921,0.0005149789007425323,0.0032930326916666636,4.638367468038099,0.10095457038707328,0.0006560883462514155,-0.00021964764147576477,-0.00021972465608135992,1.0007018378032255,1.3763040216216078e-09,0.0006003857767329095,-0.0007074581686340614,-0.0007074581686340614,0.17701256613873737,0.9996494949316628,1.3772699638127132e-09]"
/multi_agv/m2b_algorithm_state,1789558524.9472582,1789558524.9472582,m2b_algorithm_state_v1:header6+3x20,"[1.0,-0.15,0.52,4.639845462934549,0.1012503529801151,1789558524.9471364,4.638412719412928,0.10107532315314643,0.0036904376666666654,0.0015396091250604181,0.0006967633374395984,0.0005698688186955929,0.004584685874999997,4.640259263248992,0.09878472444676858,0.001846543836063752,-0.00229059870637785,-0.0022991174687841047,1.0075021089421679,1.7444620884680791e-07,9.062326295585389e-06,0.0025306236928204907,0.0025306236928204907,0.14673834723659815,0.9962947685266557,1.7575492331012482e-07,4.639393177725452,0.10150161168053805,0.002796189458333334,-0.0009429147891729076,0.0016670827002984723,0.0007536197959591984,-0.0017884964166666626,4.639754604655095,0.10075529382818546,0.00036142692964258316,-0.0007463178523525876,-0.0007472065921196587,1.0023883881829423,-1.1307612744712113e-08,-0.00029542293006642973,0.00043811144929310677,0.00043811144929310677,0.12101792599118659,0.9988105836104177,-1.1334619713368871e-08,4.638706553337678,0.10117428041197046,0.0036904376666666654,0.0013231380581886867,0.0009824225164591924,0.0005151168062724355,0.0032930326916666636,4.639426919911773,0.10085418190808748,0.0007203665740949106,-0.0003200985038829818,-0.00032026219175531717,1.00102397087166,2.9224526037014723e-09,0.0005801960258633211,-0.0005903198738816437,-0.0005903198738816437,0.17675343546886188,0.9994888941731204,2.9254451100414695e-09]"
/multi_agv/m2b_algorithm_state,1789558524.9577541,1789558524.9577541,m2b_algorithm_state_v1:header6+3x20,"[1.0,-0.15,0.52,4.640851350980057,0.10125031604994046,1789558524.9575343,4.639420682884841,0.10107519533863586,0.0036904376666666654,0.0015405165100168382,0.0006966823473300461,0.0005695176318993494,0.004584685874999997,4.641363778760988,0.09768522960891501,0.0019430958761468275,-0.003389965729720848,-0.003408778743656001,1.0112405071325306,3.8257780892539897e-07,-0.0009799088984724664,0.006484392639395575,0.006484392639395575,0.14680734740302873,0.9944810105466172,3.8687817751537284e-07,4.640401176360091,0.10150169217456746,0.002796189458333334,-0.0009439015729876222,0.0016671402766261778,0.0007540175833570667,-0.0017884964166666626,4.6407552492059,0.10075529382818546,0.000354072845809128,-0.0007463983463820018,-0.0007472872774427027,1.0023886453637456,-1.1321884741476967e-08,-0.0003046962201812927,0.0004699933602429526,0.0004699933602429526,0.12100358104830698,0.9988104560487863,-1.1348928708973558e-08,4.639714529558714,0.101174171427142,0.0036904376666666654,0.0013237363683341638,0.0009823954308284316,0.000514871551021734,0.0032930326916666636,4.640600736501474,0.09994850968557965,0.0008862069427602037,-0.0012256617415623422,-0.0012280780896895568,1.0039611513918012,4.289320772080553e-08,-0.00012031941123930219,0.002298325114312187,0.002298325114312187,0.17642804595022696,0.9980324149192942,4.306311421026762e-08]"
/multi_agv/m2b_algorithm_state,1789558524.967318,1789558524.967318,m2b_algorithm_state_v1:header6+3x20,"[1.0,-0.15,0.52,4.641843873614252,0.10125036509882346,1789558524.9672246,4.640426559102821,0.10107510841172658,0.0036904376666666654,0.0015411300659084527,0.0006966221039110816,0.0005692830164127416,0.004584685874999997,4.642392926006559,0.09818132410765942,0.0019663669037379705,-0.002893784304067157,-0.0029074421359703523,1.0095420698881066,2.788021761057922e-07,-0.0004494835062978891,0.004409657127707162,0.004409657127707162,0.14687861342752456,0.9953024578772445,2.8146252595514986e-07,4.641407078954713,0.10150174372972917,0.002796189458333334,-0.0009445663547500904,0.0016671839239688069,0.0007542830393661298,-0.0017884964166666626,4.641905593592031,0.10100230570183891,0.0004985146373179816,-0.0004994380278902644,-0.0004998352909488259,1.0015938466067758,-5.071920487451699e-09,0.0001233080056986511,-0.0011571403690817602,-0.0011571403690817602,0.1209916900398922,0.9992052120653436,-5.080004350710461e-09,4.640720414882637,0.10117409600836563,0.0036904376666666654,0.0013241467688385623,0.0009823740854333803,0.000514704761385361,0.0032930326916666636,4.641640556622485,0.10039885860097261,0.0009201417398481126,-0.0007752374073930202,-0.000776200819867481,1.0024927359127875,1.7160020154169826e-08,0.00037397635494265983,0.0003481745208801483,0.0003481745208801483,0.17610925859192963,0.9987588102849141,1.7202795552672282e-08]"
/multi_agv/m2b_algorithm_state,1789558524.9771748,1789558524.9771748,m2b_algorithm_state_v1:header6+3x20,"[1.0,-0.15,0.52,4.642838730664095,0.10125039791942163,1789558524.9770842,4.641419096831009,0.10107522933061393,0.0036904376666666654,0.0015402706284784995,0.0006966981919838131,0.0005696159697283623,0.004584685874999997,4.643495492400303,0.09919633840482851,0.002076395569294398,-0.0018788909257854147,-0.0018846048775634598,1.006125276343569,1.1739101347296299e-07,0.0007108895840545377,-0.00012607348777094254,-0.00012607348777094254,0.14699834572332343,0.9969680903163995,1.1811006587073653e-07,4.642399583511391,0.10150166691652725,0.002796189458333334,-0.0009436301873671821,0.0016671296914170242,0.0007539054531113393,-0.0017884964166666626,4.64279958766698,0.09973171781174248,0.00040000415558871794,-0.001769949104784771,-0.0017749865203254929,1.0057301921665247,-6.369049215002372e-08,-0.0012749813258395954,0.004345889985126781,0.004345889985126781,0.12101008167172952,0.9971619978613706,-6.405545090922388e-08,4.641712940500357,0.10117419904932923,0.0036904376666666654,0.0013235802033164726,0.0009823991846186434,0.0005149372898382147,0.0032930326916666636,4.642744074441501,0.10150530317028181,0.001031133941144624,0.00033110412095258,0.00033092984349560137,0.9989486132273545,3.126481007462226e-09,0.0016198472699263814,-0.004582769888544752,-0.004582769888544752,0.17588316840123758,1.0005266296177393,3.1231938666860526e-09]"
/multi_agv/m2b_algorithm_state,1789558524.9871707,1789558524.9871707,m2b_algorithm_state_v1:header6+3x20,"[1.0,-0.15,0.52,4.643842111509744,0.1012503756078923,1789558524.987061,4.64241396445481,0.10107530713871045,0.0036904376666666654,0.0015397204566736608,0.0006967515979029667,0.0005698266673570148,0.004584685874999997,4.644503592776719,0.09862051255334109,0.002089628321908954,-0.0024547945853693603,-0.0024645905063610304,1.008054725465489,2.003881977195756e-07,0.0001474448960251621,0.002116569114580154,0.002116569114580154,0.1471099824702262,0.9960253352569578,2.020022696387309e-07,4.643394427612092,0.10150162012694355,0.002796189458333334,-0.0009430325902660287,0.0016670908439904153,0.0007536666225658045,-0.0017884964166666626,4.6433408279228345,0.10058477719054955,-5.359968925766623e-05,-0.000916842936394005,-0.0009181859391159272,1.002939779974659,-1.706939263048909e-08,-0.00098518555068801,0.0029543622714416286,0.0029543622714416286,0.1210244730136905,0.9985373303328786,-1.7119572889123797e-08,4.642707799925384,0.10117426649261085,0.0036904376666666654,0.0013232123448232158,0.0009824177811946118,0.0005150870689846752,0.0032930326916666636,4.643706621440747,0.10068283049447418,0.000998821515362458,-0.0004914359981366689,-0.0004918223163978063,1.0015751190412958,6.889540326366878e-09,0.0007567045778052662,-0.0011375980352269582,-0.0011375980352269582,0.1756426347590612,0.999214516608423,6.900392172520714e-09]"
/multi_agv/m2b_algorithm_state,1789558524.997154,1789558524.997154,m2b_algorithm_state_v1:header6+3x20,"[1.0,-0.15,0.52,4.644840259312265,0.10125038734913756,1789558524.9970329,4.643417338725575,0.10107525082244068,0.0036904376666666654,0.0015401216749248115,0.000696718222723724,0.0005696701159737606,0.004584685874999997,4.644925081997563,0.09761532151138634,0.0015077432719881045,-0.0034599293110543355,-0.003479537164218825,1.0114814743872556,3.984478859642299e-07,-0.0015948580742336945,0.008669388646968791,0.008669388646968791,0.14719121752090758,0.9943648099620481,4.030226551615843e-07,4.644397816213986,0.10150165692935574,0.002796189458333334,-0.000943469638803031,0.0016671141127266864,0.0007538439643903216,-0.0017884964166666626,4.644342622530559,0.10058477719054955,-5.519368342721265e-05,-0.0009168797388061922,-0.0009182228490531476,1.0029398977435737,-1.7078671997702104e-08,-0.0009872149533371633,0.002961122134801179,0.002961122134801179,0.12102144443930293,0.9985372720267848,-1.7128881546971383e-08,4.64371117958967,0.10117421907188048,0.0036904376666666654,0.0013234741705454643,0.0009824070901884871,0.0005149791387988991,0.0032930326916666636,4.64423134625239,0.09995646497010745,0.0005201666627199231,-0.0012177541017730359,-0.0012201392274486717,1.0039352413374862,4.2332898901689065e-08,-0.0005699308990487679,0.0038837092856107663,0.0038837092856107663,0.17534638029083205,0.9980452020376205,4.249948907538262e-08]"
/multi_agv/m2b_algorithm_state,1789558525.007027,1789558525.007027,m2b_algorithm_state_v1:header6+3x20,"[1.0,-0.15,0.52,4.645840579906483,0.10125038493413414,1789558525.0068972,4.644415490460073,0.10107527772680976,0.0036904376666666654,0.001539932345778359,0.0006967380597936662,0.0005697418640830839,0.004584685874999997,4.645873442032732,0.09729523205522601,0.0014579515726591552,-0.0037800456715837427,-0.003803505947588846,1.0125887529760802,4.756261600859564e-07,-0.001981066481764902,0.010155028498061505,0.010155028498061505,0.14729160970957472,0.9938319339240221,4.816137003242401e-07,4.645395959119344,0.10150164157250924,0.002796189458333334,-0.0009432644637229854,0.001667099421236884,0.0007537626701149824,-0.0017884964166666626,4.645451368881595,0.10089349964018705,5.540976225137939e-05,-0.0006081419323221843,-0.0006087314308131556,1.001943147431753,-7.510223942700717e-09,-0.0005394692279989314,0.001240860673176863,0.001240860673176863,0.12103089309129943,0.999031595115462,-7.524817415066866e-09,4.6447093283573775,0.10117424274809374,0.0036904376666666654,0.0013233459672677699,0.000982414263115584,0.0005150309788726098,0.0032930326916666636,4.645206948436795,0.0998291038365522,0.000497620079417338,-0.0013451389115415324,-0.0013480519309573464,1.0043531443113958,5.165215734718042e-08,-0.000726026831685674,0.00449095767890002,0.00449095767890002,0.17508707096515752,0.9978390896159726,5.1877006642107617e-08]"
/multi_agv/m2b_algorithm_state,1789558525.016979,1789558525.016979,m2b_algorithm_state_v1:header6+3x20,"[1.0,-0.15,0.52,4.646838702330798,0.10125039656453522,1789558525.0168395,4.645415810604532,0.10107526996282618,0.0036904376666666654,0.0015399891973185685,0.0006967357604484186,0.0005697184173155093,0.004584685874999997,4.646971565989852,0.09862686516119752,0.0015557553853202677,-0.0024484048016286536,-0.0024581493283469527,1.0080331866061594,1.9938033441231163e-07,-0.0005134550966966181,0.004439415993376417,0.004439415993376417,0.14738447653398135,0.9960358280085239,2.009819938442442e-07,4.6463962800857095,0.10150164803468385,0.002796189458333334,-0.0009433272421093615,0.001667100537679822,0.000753789301649127,-0.0017884964166666626,4.646460347665776,0.10089349964018705,6.406758006693991e-05,-0.0006081483944967991,-0.000608737905493243,1.0019431680524344,-7.510883212418162e-09,-0.0005286534304095681,0.001202487495418451,0.001202487495418451,0.12103673328187517,0.9990315848723661,-7.5254781207221e-09,4.645709649029207,0.1011742368048924,0.0036904376666666654,0.0013233803975445527,0.0009824140471657028,0.0005150161670415916,0.0032930326916666636,4.646254054592035,0.10035200356447098,0.0005444055628274214,-0.0008222332404214244,-0.000823317382253765,1.0026452485092716,1.929304301602997e-08,-0.00014281042871948835,0.002197879324755318,0.002197879324755318,0.17481502004864302,0.99868320303238,1.9344077909307437e-08]"
/multi_agv/m2b_algorithm_state,1789558525.0269446,1789558525.0269446,m2b_algorithm_state_v1:header6+3x20,"[1.0,-0.15,0.52,4.647841780112908,0.10125037629650496,1789558525.0268571,4.646413936980435,0.10107529597791963,0.0036904376666666654,0.0015398069123795494,0.0006967558061356622,0.0005697870035460265,0.004584685874999997,4.648322570885803,0.09926833436175483,0.0019086339053675516,-0.0018069616161647956,-0.0018122435835213407,1.0058860108708332,1.0853699863154988e-07,0.0005735487981880988,0.0003252186428164088,0.0003252186428164088,0.14748555465227722,0.9970853987816132,1.0917584858538279e-07,4.647394397531762,0.10150163381040063,0.002796189458333334,-0.0009431303806414736,0.0016670856028948577,0.0007537117375962521,-0.0017884964166666626,4.647550284880728,0.10055731033129328,0.0001558873489653223,-0.0009443234791073479,-0.0009457484918472677,1.0030288357661734,-1.8110185831506073e-08,-0.0007508893056406148,0.002137255276859612,0.002137255276859612,0.1210484206937637,0.9984932434445267,-1.8165038610084586e-08,4.646707772480195,0.10117425990528538,0.0036904376666666654,0.0013232560662444054,0.0009824215153086966,0.0005150661752128371,0.0032930326916666636,4.647565800206748,0.10040996449428401,0.000858027726553523,-0.00076429541100137,-0.0007652317400585126,1.0024572430717689,1.6667675196370483e-08,0.0003073029181333911,0.000578378089387453,0.000578378089387453,0.1745593151079146,0.9987764111077372,1.6708631725769258e-08]"
/multi_agv/m2b_algorithm_state,1789558525.0369833,1789558525.0369833,m2b_algorithm_state_v1:header6+3x20,"[1.0,-0.15,0.52,4.648842647662746,0.10125037079951975,1789558525.0368636,4.6474170086815185,0.10107524511575658,0.0036904376666666654,0.0015401692717891369,0.0006967250563608468,0.0005696459302536399,0.004584685874999997,4.64926945804001,0.09854669171574162,0.0018524493584912705,-0.0025285534000149545,-0.002538952613227485,1.008303626561912,2.126834850197381e-07,-0.0002233909151133969,0.00345421608728974,0.00345421608728974,0.1475690871638567,0.9959041326102929,2.1444952925522802e-07,4.6483974825148024,0.10150166687429076,0.002796189458333334,-0.0009435254128307004,0.0016671072056819725,0.0007538717333574058,-0.0017884964166666626,4.648578910491463,0.1009505166172735,0.00018142797666076405,-0.000551150257017255,-0.0005516342347685372,1.0017599083553368,-6.170012386330809e-09,-0.0003248492639425822,0.0004550239461051011,0.0004550239461051011,0.12105050289215027,0.9991226473616429,-6.1808710426820434e-09,4.647710849142404,0.10117421689946753,0.0036904376666666654,0.0013234934319797487,0.0009824116138162252,0.0005149684367994158,0.0032930326916666636,4.648567128806012,0.10045586508278961,0.0008562796636075731,-0.0007183518166779118,-0.0007191786729570482,1.0023083343291668,1.4726215757945421e-08,0.00035117090655241824,0.0004025291638724255,0.0004025291638724255,0.17427275105124104,0.9988502769753494,1.4760208787318203e-08]"
/multi_agv/m2b_algorithm_state,1789558525.0471027,1789558525.0471027,m2b_algorithm_state_v1:header6+3x20,"[1.0,-0.15,0.52,4.6498447849119495,0.10125035738699067,1789558525.0469928,4.648417874563979,0.10107523134282288,0.0036904376666666654,0.0015402674953392693,0.0006967166084136166,0.0005696077486148003,0.004584685874999997,4.650177067942159,0.09765998527707095,0.0017591933781799796,-0.0034152460657519285,-0.003434344334286408,1.011327532320059,3.8824858123054737e-07,-0.0012353526115614338,0.007390473153738818,0.007390473153738818,0.14766086753287366,0.9944390350309915,3.926464795826535e-07,4.649398352040767,0.10150167583350082,0.002796189458333334,-0.0009436325778406215,0.0016671131340615375,0.0007539151019432117,-0.0017884964166666626,4.649624942611558,0.10110638079136391,0.00022659057079099654,-0.0003952950421369089,-0.00039554370778429097,1.0012600090057413,-3.1738855161532793e-09,-0.0001123054942955453,-0.00036784410719447236,-0.00036784410719447236,0.12105844822657116,0.9993713320614428,-3.177884640486824e-09,4.6487117163834935,0.10117420522223555,0.0036904376666666654,0.0013235579609226686,0.0009824088825515003,0.0005149418867179708,0.0032930326916666636,4.649503097806216,0.10010272903489735,0.0007913814227222815,-0.0010714761873382023,-0.0010733206846333192,1.0034568229327259,3.277239190361434e-08,-8.409390623046733e-05,0.0021014181895532987,0.0021014181895532987,0.1740026591353027,0.9982815040075863,3.288568025950703e-08]"
/multi_agv/m2b_algorithm_state,1789558525.0574079,1789558525.0574079,m2b_algorithm_state_v1:header6+3x20,"[1.0,-0.15,0.52,4.650840359029657,0.10125038602697843,1789558525.0572612,4.649420007553615,0.10107519923767372,0.0036904376666666654,0.0015404948548478513,0.0006966949851555876,0.0005695204450142986,0.004584685874999997,4.651152676957423,0.09895457094319288,0.0017326694038084511,-0.002120628294480842,-0.002127920399312829,1.006932180093763,1.495870076217809e-07,3.7916355447734865e-05,0.002354485121938922,0.002354485121938922,0.1477483686276417,0.996573130820898,1.5062397169830218e-07,4.65040049448007,0.10150169540916737,0.002796189458333334,-0.0009438795727100212,0.0016671287043612537,0.0007540140665300982,-0.0017884964166666626,4.65044023263974,0.10060950253756315,3.97381596703994e-05,-0.0008921928716042193,-0.0008934643913471686,1.0028599402839826,-1.6178121943784534e-08,-0.0008437916917591694,0.002442438618777325,0.002442438618777325,0.12106474982095465,0.9985768657875307,-1.6224390406450747e-08,4.649713852702163,0.10117417751413092,0.0036904376666666654,0.001323709450286406,0.000982401407281187,0.0005148801103144122,0.0032930326916666636,4.65048631769527,0.09993742472994416,0.0007724649931066807,-0.0012367527841867648,-0.0012392132669545542,1.0039974959993607,4.367244290194546e-08,-0.00027363202557120336,0.0028450817258448744,0.0028450817258448744,0.17372620129381083,0.9980144799661188,4.38470233177283e-08]"
/multi_agv/m2b_algorithm_state,1789558525.067266,1789558525.067266,m2b_algorithm_state_v1:header6+3x20,"[1.0,-0.15,0.52,4.651848604857964,0.10125033288812559,1789558525.067048,4.650415590622238,0.10107526844281459,0.0036904376666666654,0.0015400045931571052,0.000696740296312725,0.0005697093845649672,0.004584685874999997,4.652252948966332,0.10001930685315617,0.0018373583440940422,-0.0010559615896584135,-0.0010577552366250896,1.0034107047040404,3.7051995869683913e-08,0.0012389426934924631,-0.0023680863767157083,-0.0023680863767157083,0.14785975081425207,0.9983042892111801,3.717836928629073e-08,4.6513960577470135,0.10150165272409663,0.002796189458333334,-0.0009433468709683676,0.001667096152070613,0.0007538000913546172,-0.0017884964166666626,4.651432860274087,0.10058566406015497,3.680252707383147e-05,-0.0009159886639416581,-0.0009173291558820063,1.0029370111191231,-1.7043264054003992e-08,-0.000871325997039717,0.002550791473381764,0.002550791473381764,0.12108620936486053,0.998538701259245,-1.7093320310036752e-08,4.650709428719718,0.10117423691402405,0.0036904376666666654,0.0013233844324363406,0.000982416848448642,0.0005150129610106261,0.0032930326916666636,4.651457606772731,0.10011875619008893,0.0007481780530129711,-0.0010554807239351177,-0.001057270344648284,1.0034046014438704,3.17966934255077e-08,-0.00012204777838207008,0.002228342175776601,0.002228342175776601,0.17349413497408792,0.9983073196725653,3.190494849385449e-08]"
/multi_agv/m2b_algorithm_state,1789558525.0771666,1789558525.0771666,m2b_algorithm_state_v1:header6+3x20,"[1.0,-0.15,0.52,4.652848191493558,0.10125033692664846,1789558525.0770273,4.651423819755245,0.10107514036671321,0.0036904376666666654,0.0015409119834924336,0.0006966556680646711,0.0005693600877963859,0.004584685874999997,4.653249037504882,0.09966905049460094,0.0018252177496362876,-0.0014060898721122705,-0.0014092785721361064,1.0045595815647312,6.575078526457382e-08,0.000872243614909253,-0.0009101238959920242,-0.0009101238959920242,0.14792585997083849,0.997737352935834,6.605058133293277e-08,4.652404323842693,0.10150173150434878,0.002796189458333334,-0.0009443328424300055,0.0016671569541859554,0.0007541958486695921,-0.0017884964166666626,4.652430607597867,0.10058566406015497,2.628375517410575e-05,-0.0009160674441938133,-0.0009174081660949576,1.0029372632163778,-1.706400699385244e-08,-0.0008845534721273255,0.002596644499319684,0.002596644499319684,0.12108157753365531,0.9985385764475464,-1.7114128473919495e-08,4.6517176709759545,0.10117412679331476,0.0036904376666666654,0.0013239869866652127,0.0009823878791415108,0.0005147668459018189,0.0032930326916666636,4.652468351960683,0.10028323409056876,0.0007506809847281914,-0.0008908927027460045,-0.000892166125240962,1.0028683655595119,2.2661109892214798e-08,4.6185105669277276e-05,0.0015602838034139582,0.0015602838034139582,0.17318213394372114,0.9985726621321633,2.2726110239369942e-08]"
/multi_agv/m2b_algorithm_state,1789558525.0873046,1789558525.0873046,m2b_algorithm_state_v1:header6+3x20,"[1.0,-0.15,0.52,4.6538423305047365,0.1012503752227989,1789558525.0871751,4.652423407225115,0.10107515313896868,0.0036904376666666654,0.0015408186287569846,0.0006966596550221026,0.0005693984793664368,0.004584685874999997,4.65425044923308,0.09966905049460094,0.0018270420079655736,-0.001406102644367746,-0.0014092914020805037,1.0045596228573952,6.57479929420582e-08,0.0008745111078764633,-0.0009182203892842125,-0.0009182203892842125,0.14802336859008455,0.9977373325998796,6.604777899350466e-08,4.6534039097384285,0.1015017209848225,0.002796189458333334,-0.0009442294231602867,0.0016671547346112092,0.000754152174522113,-0.0017884964166666626,4.653462528708008,0.10095996356765605,5.861896957970458e-05,-0.000541757417166458,-0.0005422250057669437,1.0017297300599728,-5.965910653000401e-09,-0.00046895129379231296,0.0009607259045458923,0.0009607259045458923,0.12109656379641967,0.9991376484014706,-5.976230067992008e-09,4.652717257517131,0.10117413665615421,0.0036904376666666654,0.0013239300828432644,0.000982388263393386,0.0005147913115803636,0.0032930326916666636,4.653475934618104,0.10028323409056876,0.0007586771009728821,-0.0008909025655854524,-0.0008921760162014989,1.0028683972534074,2.2660636793998577e-08,5.617036001460377e-05,0.0015248964223429505,0.0015248964223429505,0.17292789477830853,0.9985726464364418,2.2725636502338945e-08]"
/multi_agv/m2b_algorithm_state,1789558525.0970128,1789558525.0970128,m2b_algorithm_state_v1:header6+3x20,"[1.0,-0.15,0.52,4.654837192304822,0.10125040774748012,1789558525.0968819,4.6534175580643975,0.10107524694386492,0.0036904376666666654,0.0015401526766732686,0.0006967193919823697,0.000569656069836166,0.004584685874999997,4.65492015981621,0.09880248421829775,0.0015026017518122714,-0.0022727627255671734,-0.0022811482233590337,1.0074422086802295,1.7179877194213183e-07,-0.0004028960335936945,0.003973707883199238,0.003973707883199238,0.148140703301466,0.996324001348973,1.7307733425393233e-07,4.654398034526577,0.1015016619668011,0.002796189458333334,-0.0009435047112925183,0.001667112065520726,0.0007538602320066451,-0.0017884964166666626,4.654478687974182,0.1005837519031313,8.065344760499471e-05,-0.0009179100636697995,-0.0009192562045944338,1.0029432355312018,-1.711772513479167e-08,-0.0008184393950881904,0.002364337274566068,0.002364337274566068,0.12112421379145598,0.9985356194302455,-1.7168106631621735e-08,4.653711398923235,0.10117421675773064,0.0036904376666666654,0.0013234903894111254,0.0009824081937739766,0.0005149715345470194,0.0032930326916666636,4.654219367361561,0.10142804622955681,0.0005079684383257899,0.00025382947182617244,0.0002537269892984012,0.9991932838095465,1.8374054089293758e-09,0.0008886875372056385,-0.0019485021941785374,-0.0019485021941785374,0.17271010750813753,1.0004039086581,1.8359231442375658e-09]"
/multi_agv/m2b_algorithm_state,1789558525.107079,1789558525.107079,m2b_algorithm_state_v1:header6+3x20,"[1.0,-0.15,0.52,4.655840653110094,0.101250384669223,1789558525.1069307,4.6544124303480725,0.10107532355231412,0.0036904376666666654,0.0015396117468283446,0.0006967725100903259,0.0005698629111675703,0.004584685874999997,4.655974808483562,0.09998363728218122,0.0015623781354898725,-0.0010916862701328967,-0.0010936038482517868,1.0035275130388348,3.959230106573282e-08,0.0008593688211105538,-0.0010097301544865758,-0.0010097301544865758,0.14825569338326922,0.9982465514162595,3.973196342397967e-08,4.655392883441155,0.10150161641605489,0.002796189458333334,-0.0009429179652500072,0.0016670734089965222,0.0007536260057243171,-0.0017884964166666626,4.655165469383288,0.10068939606282444,-0.0002274140578668593,-0.0008122203532304473,-0.0008132735054416349,1.0026012325210594,-1.3393437960670484e-08,-0.001097541077775209,0.0033066742579571434,0.0033066742579571434,0.12115132526469438,0.9987050454685404,-1.3428277407062571e-08,4.654706263125241,0.10117428327407134,0.0036904376666666654,0.0013231282859192828,0.0009824268971694748,0.0005151187635685931,0.0032930326916666636,4.655243282059162,0.10108280723300211,0.0005370189339215514,-9.147604106922447e-05,-9.148938592034226e-05,1.0002918679819433,2.3862849443352035e-10,0.000579784281481597,-0.0006932857519321173,-0.0006932857519321173,0.17248919868807866,0.99985413771244,2.386981424506248e-10]"
/multi_agv/m2b_algorithm_state,1789558525.1169832,1789558525.1169832,m2b_algorithm_state_v1:header6+3x20,"[1.0,-0.15,0.52,4.656836882103193,0.10125040831522518,1789558525.11681,4.655415884328209,0.10107526496838277,0.0036904376666666654,0.00154002971419055,0.0006967380407761677,0.0005696996688560132,0.004584685874999997,4.657105656774632,0.10106067159875842,0.0016897724464222108,-1.4593369624352204e-05,-1.4593709514893079e-05,1.0000465840696733,7.07163936972333e-12,0.0020976218485128702,-0.005899575188457457,-0.005899575188457457,0.1483400702018949,0.9999767097912611,7.071968795464433e-12,4.656396352266935,0.1015016550559339,0.002796189458333334,-0.0009433739886825837,0.001667097470521739,0.0007538111601327335,-0.0017884964166666626,4.656207421603599,0.10120936860830056,-0.00018893066333536268,-0.00029228644763334977,-0.000292422295208903,1.0009305794176888,-1.734665956245557e-09,-0.0005285856243781063,0.0010625724754743187,0.0010625724754743187,0.12116115741815761,0.9995354404305727,-1.7362802006810045e-09,4.655709722735138,0.1011742339833523,0.0036904376666666654,0.001323400962572616,0.0009824160165293975,0.0005150062285730166,0.0032930326916666636,4.656253116842996,0.1013936915473328,0.0005433941078578641,0.00021945756398049354,0.00021938093736880208,0.9993022520438292,1.3734194339986657e-09,0.0008986235721911322,-0.001968017676636192,-0.001968017676636192,0.17221565018435764,1.0003492856426384,1.3724611333956278e-09]"
/multi_agv/m2b_algorithm_state,1789558525.1269283,1789558525.1269283,m2b_algorithm_state_v1:header6+3x20,"[1.0,-0.15,0.52,4.657839794375294,0.10125038876755431,1789558525.1267884,4.656412121016436,0.10107531988145528,0.0036904376666666654,0.001539642928003284,0.0006967771419850166,0.000569846986184666,0.004584685874999997,4.658364068738785,0.10038453840888488,0.0019519477223486348,-0.0006907814725704009,-0.0006915469382563895,1.0022220057782252,1.5848410925657724e-08,0.0017483877146794039,-0.004341681127166807,-0.004341681127166807,0.14845064887219744,0.9988931110187277,1.5883626186310222e-08,4.657392571731778,0.10150162315256948,0.002796189458333334,-0.0009429552310535197,0.0016670688857525207,0.0007536445120329,-0.0017884964166666626,4.657551966736195,0.10058659820304523,0.00015939500441675136,-0.0009150249495242513,-0.0009163626130637332,1.0029338902353666,-1.700035069867356e-08,-0.000717118857542794,0.002005108242683685,0.002005108242683685,0.12118738844581602,0.9985402464914956,-1.7050227861586207e-08,4.656705953561367,0.10117428191165079,0.0036904376666666654,0.0013231409690788861,0.0009824300503653571,0.0005151116258107174,0.0032930326916666636,4.6576504958742735,0.10192673461404123,0.0009445423129061936,0.0007524527023904382,0.0007515555102714541,0.9976220773045851,1.613653043666783e-08,0.0019322334014041961,-0.00589391434942279,-0.00589391434942279,0.17198945439164035,1.0011937802420743,1.6098159014717225e-08]"
/multi_agv/m2b_algorithm_state,1789558525.1371055,1789558525.1371055,m2b_algorithm_state_v1:header6+3x20,"[1.0,-0.15,0.52,4.658839910273282,0.1012503876994456,1789558525.136991,4.657415027507116,0.10107526995840696,0.0036904376666666654,0.001539999564327248,0.0006967480477539918,0.0005697075324890052,0.004584685874999997,4.659166604105421,0.0992107424743988,0.001751576598304716,-0.0018645274840081577,-0.00187015379603037,1.0060774650262012,1.15581576549146e-07,0.0003193169518505251,0.0012478892848503244,0.0012478892848503244,0.14853750594319332,0.9969915244221332,1.1628401953829662e-07,4.658395490769968,0.10150165637822864,0.002796189458333334,-0.0009433448318003708,0.0016670891840240287,0.0007538028320230178,-0.0017884964166666626,4.658552934854999,0.10058659820304523,0.00015744408503071128,-0.0009150581751834058,-0.0009163959356042927,1.0029339965567772,-1.7008607668327783e-08,-0.0007195908293159036,0.002013480164762177,0.002013480164762177,0.12120045977328844,0.9985401938519022,-1.705851086466223e-08,4.6577088648487965,0.1011742399660273,0.0036904376666666654,0.0013233734349058436,0.0009824209938329893,0.000515015571812672,0.0032930326916666636,4.658729188444731,0.10261116431373224,0.0010203235959345136,0.0014369243477049404,0.0014336694031436624,0.9954942368812791,5.882753258535458e-08,0.0027090738980618044,-0.008991912112069064,-0.008991912112069064,0.17172322173037974,1.0022703592293598,5.856246965866614e-08]"
/multi_agv/m2b_algorithm_state,1789558525.147055,1789558525.147055,m2b_algorithm_state_v1:header6+3x20,"[1.0,-0.15,0.52,4.659844596059693,0.1012503574847196,1789558525.1469786,4.658415143212391,0.10107526594332529,0.0036904376666666654,0.0015400297343097246,0.0006967472311458776,0.0005696948798223324,0.004584685874999997,4.660164225067967,0.0992107424743988,0.0017490818555758736,-0.0018645234689264878,-0.0018701497568503818,1.0060774519907438,1.1558334493061656e-07,0.00031620256261946015,0.001258899496289032,0.001258899496289032,0.14863463693289192,0.9969915308101477,1.1628579716036196e-07,4.659395606772101,0.10150166018739638,0.002796189458333334,-0.0009433789621716027,0.0016670894964576632,0.0007538174638523631,-0.0017884964166666626,4.659480172634235,0.09971526504445674,8.456586213423378e-05,-0.0017863951429396424,-0.001791527244532477,1.0057845103359109,-6.486303069886349e-08,-0.0016858199168646847,0.0058023406807226514,0.0058023406807226514,0.12122048142205999,0.9971353482853822,-6.523823157035957e-08,4.658708980835353,0.10117423696761511,0.0036904376666666654,0.0013233915191822542,0.0009824211945440812,0.0005150076286004092,0.0032930326916666636,4.659761002600714,0.10261116431373224,0.0010520217653606778,0.0014369273461171256,0.0014336723879130112,0.9954942274490024,5.882858267277162e-08,0.0027486995946138584,-0.00913327571408493,-0.00913327571408493,0.1714763457702139,1.0022703640186952,5.856351445975055e-08]"
/multi_agv/m2b_algorithm_state,1789558525.1569977,1789558525.1569977,m2b_algorithm_state_v1:header6+3x20,"[1.0,-0.15,0.52,4.660841830476826,0.10125037569904866,1789558525.156858,4.659419819503835,0.10107519270004021,0.0036904376666666654,0.0015405493253896666,0.0006966992379297209,0.0005694946222710048,0.004584685874999997,4.661287865990175,0.10119987206333615,0.0018680464863400914,0.00012467936329593754,0.00012465457991428478,0.9996026333756135,5.162999907211004e-10,0.002459712687839399,-0.007251421806993912,-0.007251421806993912,0.14871564898593057,1.0001988164547968,5.160948303366167e-10,4.660400304047244,0.1015017056727337,0.002796189458333334,-0.0009439442398900639,0.0016671239626546708,0.0007540445640423221,-0.0017884964166666626,4.660299067727638,0.10105063649516353,-0.00010123631960645696,-0.0004510691775701653,-0.0004513931011171648,1.0014386993233333,-4.134233007792483e-09,-0.000577938500625236,0.0013071522695064755,0.0013071522695064755,0.12123187238708165,0.9992823914539282,-4.140180926023296e-09,4.659713664627999,0.10117417408138486,0.0036904376666666654,0.0013237362340503462,0.0009824049332271215,0.0005148666666270388,0.0032930326916666636,4.660764319335656,0.10264166877947709,0.0010506547076571948,0.0014674946980922227,0.0014641005668454218,0.9953999768206827,6.13727204162999e-08,0.002777418951416915,-0.009250326653406082,-0.009250326653406082,0.17120317059517876,1.0023182364133045,6.109040447980717e-08]"
/multi_agv/m2b_algorithm_state,1789558525.1670635,1789558525.1670635,m2b_algorithm_state_v1:header6+3x20,"[1.0,-0.15,0.52,4.66184214080126,0.10125037382103437,1789558525.1668189,4.660417059449092,0.1010752374757965,0.0036904376666666654,0.0015402316194851168,0.0006967272827111508,0.0005696177471294916,0.004584685874999997,4.662278241661558,0.10241343295553947,0.001861182212466339,0.001338195479742968,0.0013353665385316478,0.9957934285766991,5.941335159515031e-08,0.0036618443041145717,-0.012125253651025522,-0.012125253651025522,0.14882357388831083,1.002118475437037,5.916342508816762e-08,4.661397531832346,0.10150167744010555,0.002796189458333334,-0.000943598906344783,0.0016671040665583448,0.0007539052231706617,-0.0017884964166666626,4.661327947026237,0.10053035911142985,-6.958480610919082e-05,-0.0009713183286756966,-0.0009728262848826278,1.0031163698741719,-1.91702642626455e-08,-0.0010598072925191164,0.0032414730011812447,0.0032414730011812447,0.12125999571988143,0.9984499224266816,-1.923000589667352e-08,4.660710900149042,0.10117421218124394,0.0036904376666666654,0.0013235271778616218,0.0009824142784765847,0.0005149524233048937,0.0032930326916666636,4.66141764633677,0.10178984897517537,0.0007067461877277026,0.0006156367939314372,0.000615035583827558,0.9980514169894055,1.0806133539902445e-08,0.0014984683184871863,-0.004285183560784636,-0.004285183560784636,0.17097779097722093,1.0009775208454406,1.0785076891676376e-08]"
/multi_agv/m2b_algorithm_state,1789558525.177305,1789558525.177305,m2b_algorithm_state_v1:header6+3x20,"[1.0,-0.15,0.52,4.662849893282594,0.10125032431457626,1789558525.17719,4.661417369152382,0.10107523274934856,0.0036904376666666654,0.001540265598201022,0.0006967242235644373,0.0005696046099797149,0.004584685874999997,4.663177210122596,0.10092066421473692,0.0017598409702141993,-0.00015456853461164044,-0.00015460670524727893,1.000494187412918,7.935245625420712e-10,0.0020451945075204703,-0.005646664218390459,-0.005646664218390459,0.1489207199610035,0.999753111382993,7.939167123927208e-10,4.662397842894111,0.10150168058596286,0.002796189458333334,-0.0009436363308265219,0.001667106278556929,0.0007539202947854373,-0.0017884964166666626,4.662328691565565,0.10053035911142985,-6.915132854601325e-05,-0.0009713214745330073,-0.0009728294404794982,1.003116379946044,-1.9171148528051378e-08,-0.0010592686011620146,0.003239531195316823,0.003239531195316823,0.12128262959302738,0.9984499174431362,-1.923089311086683e-08,4.661711210357284,0.10117420812779172,0.0036904376666666654,0.0013235497801256527,0.0009824133142712918,0.0005149431276480149,0.0032930326916666636,4.662478417972935,0.10230053815161218,0.0007672076156506336,0.0011263300238204543,0.0011243254164013462,0.9964556457297237,3.6157656024886445e-08,0.0020833349359646383,-0.006610265608116855,-0.006610265608116855,0.170735326473633,1.001782942366921,3.6029500482351453e-08]"
/multi_agv/m2b_algorithm_state,1789558525.1870987,1789558525.1870987,m2b_algorithm_state_v1:header6+3x20,"[1.0,-0.15,0.52,4.663841977928198,0.10125037595327986,1789558525.186877,4.6624251058443065,0.10107511479159746,0.0036904376666666654,0.0015411001236805832,0.0006966442046373084,0.0005692844995603266,0.004584685874999997,4.664039897289155,0.09898376289323707,0.0016147914448483291,-0.0020913518983603913,-0.0020984424959774677,1.0068342351035897,1.4553965763189835e-07,-7.995318991705627e-05,0.0027573673831815682,0.0027573673831815682,0.14900173065847297,0.996621018860098,1.4653430986905068e-07,4.663405614667362,0.10150175197603768,0.002796189458333334,-0.0009445425037450566,0.0016671641543029025,0.0007542829843843052,-0.0017884964166666626,4.663559755391394,0.10063179091437789,0.00015414072403174828,-0.0008699610616597908,-0.0008711697988688439,1.0027879716665873,-1.5392474540588426e-08,-0.0006784938938291585,0.0018470726670445866,0.0018470726670445866,0.12129656253082718,0.998612512496849,-1.5435388323486254e-08,4.662718959336115,0.1011741061760936,0.0036904376666666654,0.0013241063820868698,0.0009823855156170678,0.0005147163221136592,0.0032930326916666636,4.663487857267218,0.10214683165406226,0.0007688979311026856,0.0009727254779686584,0.0009712286068268279,0.996933650113221,2.6982400798503758e-08,0.0019323510207051849,-0.005998328787601219,-0.005998328787601219,0.1704658673372556,1.001541214016256,2.689966331687024e-08]"
/multi_agv/m2b_algorithm_state,1789558525.197018,1789558525.197018,m2b_algorithm_state_v1:header6+3x20,"[1.0,-0.15,0.52,4.664842529860917,0.10125037250234455,1789558525.1968663,4.663417206282332,0.10107524195240028,0.0036904376666666654,0.001540196912289194,0.0006967240882994824,0.0005696344528009319,0.004584685874999997,4.6652720030364545,0.09870490996634994,0.0018547967541229227,-0.002370331986050342,-0.0023794596111886925,1.0077702159805797,1.8688334299118926e-07,-6.096366853503921e-05,0.0028130019382153234,0.0028130019382153234,0.1491184859005986,0.9961639924059098,1.8833546692940356e-07,4.664397680386264,0.1015016714398419,0.002796189458333334,-0.000943559588459493,0.0016671073741978404,0.00075388645968609,-0.0017884964166666626,4.664634782016265,0.10144910237830577,0.00023710163000068007,-5.256906153612573e-05,-5.2573447919119e-05,1.0001669140023925,-5.611406995784317e-11,0.0002438035895817311,-0.0017852494347434962,-0.0017852494347434962,0.1213325139482367,0.9999165665717795,-5.612343618185037e-11,4.663711047115998,0.10117421446759743,0.0036904376666666654,0.0013235114120467356,0.0009824119970087263,0.0005149604438515788,0.0032930326916666636,4.664774173878392,0.10198884506602433,0.001063126762393729,0.000814630598426902,0.0008135794973845046,0.997427398153293,1.8918012134426294e-08,0.002142487950376666,-0.006671706345943647,-0.006671706345943647,0.1702606912784237,1.0012919463258065,1.8869343621473244e-08]"
/multi_agv/m2b_algorithm_state,1789558525.2071805,1789558525.2071805,m2b_algorithm_state_v1:header6+3x20,"[1.0,-0.15,0.52,4.66585351446233,0.10125030208169633,1789558525.2070744,4.664417757167177,0.10107523323048792,0.0036904376666666654,0.0015402592355734674,0.000696718800815077,0.0005696101885255652,0.004584685874999997,4.666398307030252,0.10015908536948927,0.001980549863074721,-0.0009161478609986534,-0.0009174965575322757,1.00295444748025,2.7891818207095232e-08,0.0015581907713111253,-0.0035621721731893125,-0.0035621721731893125,0.14921543463179482,0.998530025510668,2.797422311911678e-08,4.665398233558282,0.10150167717802,0.002796189458333334,-0.0009436276475498608,0.0016671110920949417,0.00075391402702632,-0.0017884964166666626,4.665700318635266,0.10113557433288961,0.00030208507698414877,-0.0003661028451303894,-0.0003663160923088677,1.0011665719633043,-2.7223481959830716e-09,1.129025392131828e-05,-0.0008190990566956035,-0.0008190990566956035,0.12135760313327791,0.9994178601951822,-2.7255240110628574e-09,4.664711598857291,0.10117420709852576,0.0036904376666666654,0.001323552236678968,0.000982410303282233,0.0005149436289777695,0.0032930326916666636,4.665726073875694,0.10151640117061256,0.001014475018402905,0.00034219407208679886,0.00034200794030621795,0.9989135351437882,3.339327213357584e-09,0.0016101017133098492,-0.004553385615682366,-0.004553385615682366,0.17002232204152742,1.0005442323368698,3.3356991516968797e-09]"
/multi_agv/m2b_algorithm_state,1789558525.2171512,1789558525.2171512,m2b_algorithm_state_v1:header6+3x20,"[1.0,-0.15,0.52,4.66684339304345,0.10125036816246415,1789558525.2170143,4.665428719379032,0.10107506537749679,0.0036904376666666654,0.00154144654835792,0.0006966052294194109,0.0005691546117249312,0.004584685874999997,4.667478856979295,0.10024231362065872,0.0020501376002624028,-0.000832751756838071,-0.000833865389734835,1.0026829846462817,2.3061466084085583e-08,0.0017288066105931683,-0.004203840169572686,-0.004203840169572686,0.1493199446438552,0.9986644932018126,2.312333964350993e-08,4.666409245511689,0.10150177875596145,0.002796189458333334,-0.0009449165128657365,0.0016671931480765068,0.0007544300227953216,-0.0017884964166666626,4.666582114619176,0.09969862754643966,0.00017286910748737228,-0.0018031512095217916,-0.0018083806921969105,1.0058398631184293,-6.619395524031005e-08,-0.0015922943078376952,0.005478020151276153,0.005478020151276153,0.12138763092164027,0.9971081959137897,-6.65805188781809e-08,4.665722578496269,0.10117406211163078,0.0036904376666666654,0.00132434364662551,0.0009823708308866596,0.0005146211155365368,0.0032930326916666636,4.666825369341275,0.10247557761027819,0.0011027908450058632,0.0013015154986474042,0.0012988423619028425,0.995912525265175,4.830288336656091e-08,0.0026773309181601715,-0.008811750375035801,-0.008811750375035801,0.16979336176940865,1.0020580917461344,4.81054465511809e-08]"
/multi_agv/m2b_algorithm_state,1789558525.2270515,1789558525.2270515,m2b_algorithm_state_v1:header6+3x20,"[1.0,-0.15,0.52,4.667843285271363,0.10125036911614689,1789558525.226925,4.6664186181485485,0.10107522862457508,0.0036904376666666654,0.0015402862879894063,0.0006967072181970121,0.000569604487068609,0.004584685874999997,4.6681630143576385,0.09910588406120174,0.001744396209089949,-0.001969344563373332,-0.001975626196489589,1.0064266974052942,1.2897505315779915e-07,0.000204869064872847,0.0016985801661230104,0.0016985801661230104,0.14941082610711348,0.9968204343881352,1.2980393679727606e-07,4.667399099945644,0.10150167485743841,0.002796189458333334,-0.0009436531606906813,0.0016671207065801497,0.0007539200849227684,-0.0017884964166666626,4.667332736876735,0.10044129035734158,-6.636306890950294e-05,-0.0010603845000968365,-0.0010621828937639503,1.0034055608077654,-2.2849830310740116e-08,-0.001145136729900829,0.003581815349967454,0.003581815349967454,0.12141120976212495,0.9983068888816868,-2.2927646797310464e-08,4.66671246103616,0.10117420100537898,0.0036904376666666654,0.001323579858911082,0.0009824044390502893,0.0005149347060800259,0.0032930326916666636,4.667781861529676,0.10234162414782366,0.001069400493515893,0.0011674231424446818,0.0011652702642191849,0.9963280514991495,3.884386922005368e-08,0.0025020208811140513,-0.008122356433987697,-0.008122356433987697,0.1695526150316021,1.0018475355388388,3.870123653270387e-08]"
/multi_agv/m2b_algorithm_state,1789558525.23697,1789558525.23697,m2b_algorithm_state_v1:header6+3x20,"[1.0,-0.15,0.52,4.668841833438019,0.10125037857182934,1789558525.2368596,4.667418510727944,0.10107523075378273,0.0036904376666666654,0.001540271316714552,0.0006967088988433896,0.0005696101023098418,0.004584685874999997,4.668962217708174,0.09744519138696502,0.0015437069802297643,-0.0036300393668177167,-0.0036516502745243796,1.0120689259027704,4.386810321720837e-07,-0.0017220165492371742,0.009186074294857575,0.009186074294857575,0.14951074916801782,0.9940818791280669,4.439754410443194e-07,4.668398991736576,0.10150167366277732,0.002796189458333334,-0.0009436367189182399,0.001667119395637684,0.0007539136398913016,-0.0017884964166666626,4.668335480847827,0.10044129035734158,-6.351088874900768e-05,-0.0010603833054357442,-0.0010621816950633954,1.0034055569797737,-2.284938080679039e-08,-0.001141570305999655,0.0035692182546943857,0.0035692182546943857,0.12144058449054149,0.9983068907739518,-2.292719567508046e-08,4.667712353349571,0.1011742029318806,0.0036904376666666654,0.0013235694494696157,0.0009824050174584995,0.0005149389173039732,0.0032930326916666636,4.668790672506529,0.10221047790705415,0.0010783191569583295,0.0010362749751735428,0.001034576949385903,0.9967356873258026,3.060932477197565e-08,0.002382475895583815,-0.007632939312586764,-0.007632939312586764,0.16932372654442204,1.0016412754881576,3.0509406365173866e-08]"
/multi_agv/m2b_algorithm_state,1789558525.2472727,1789558525.2472727,m2b_algorithm_state_v1:header6+3x20,"[1.0,-0.15,0.52,4.669853906126541,0.10125030084083031,1789558525.247128,4.668417061957074,0.10107525305472248,0.0036904376666666654,0.0015401137819815963,0.000696724341859322,0.0005696703544157742,0.004584685874999997,4.669915176125269,0.09702324777086034,0.0014981141681946752,-0.0040520052838621395,-0.004079017818992002,1.0135355508476154,5.46684736916213e-07,-0.0022063751087486577,0.011055113897195832,0.011055113897195832,0.1496156476438218,0.9933776864116426,5.540844159703576e-07,4.669397536145981,0.10150166035097366,0.002796189458333334,-0.000943465619580126,0.0016671081238879282,0.0007538453374329596,-0.0017884964166666626,4.6696175337430335,0.10265067856362617,0.00021999759705249033,0.0011490182126525084,0.0011469416597698274,0.9964012822344345,-2.6782479656592794e-08,0.0014219386560854403,-0.006530545231772287,-0.006530545231772287,0.12147370266359712,1.0018105130849444,-2.6686097071246717e-08,4.668710902211,0.10117422230979188,0.0036904376666666654,0.001323463898936358,0.0009824104102515996,0.0005149818642384602,0.0032930326916666636,4.669754192677973,0.10175979948803528,0.0010432904669732679,0.0005855771782433961,0.0005850331215659573,0.9981459272449004,9.776378888307055e-09,0.0018891462052825422,-0.005660879561654491,-0.005660879561654491,0.16910453570226464,1.000929958761963,9.758252770566713e-09]"
/multi_agv/m2b_algorithm_state,1789558525.2572994,1789558525.2572994,m2b_algorithm_state_v1:header6+3x20,"[1.0,-0.15,0.52,4.670840529400838,0.10125038713083179,1789558525.2572663,4.669429110095389,0.10107506693893739,0.0036904376666666654,0.001541430924719455,0.00069659976610783,0.0005691642256253983,0.004584685874999997,4.67099187000214,0.09905025835841051,0.0015627599067506992,-0.0020248085805268795,-0.00203145181130094,1.0066118352434235,1.364486356076306e-07,-7.800192786256615e-05,0.0027213587260168865,0.0027213587260168865,0.14973029685156655,0.99672981129205,1.3735081150545818e-07,4.6704096387521385,0.1015017736827823,0.002796189458333334,-0.0009448956641702794,0.0016671978767934803,0.0007544185258559905,-0.0017884964166666626,4.670630923722312,0.10265067856362617,0.00022128497017348536,0.0011489048808438623,0.0011468287389955034,0.9964016381016938,-2.681777208742219e-08,0.00142343495171236,-0.006537255063792496,-0.006537255063792496,0.12151295138736934,1.0018103329448975,-2.672127203814535e-08,4.669722969532095,0.10117406190077123,0.0036904376666666654,0.0013243401991944966,0.000982367345124224,0.0005146244229572933,0.0032930326916666636,4.670789919268734,0.10208328643865314,0.0010669497366393443,0.0009092245378819058,0.000907916093679767,0.9971317525579384,2.3579737455475668e-08,0.0022416032644789474,-0.0070691850422213345,-0.0070691850422213345,0.16889675621271516,1.0014411510174204,2.3512104933834514e-08]"
/multi_agv/m2b_algorithm_state,1789558525.2670736,1789558525.2670736,m2b_algorithm_state_v1:header6+3x20,"[1.0,-0.15,0.52,4.671841242227395,0.10125038223101636,1789558525.266868,4.670415760044224,0.10107527814044888,0.0036904376666666654,0.0015399315723765373,0.0006967345865605875,0.00056974400591592,0.004584685874999997,4.672121719015938,0.10030744433355693,0.0017059589717138834,-0.0007678338068919516,-0.0007687801126886174,1.002472009370016,1.9585893424047355e-08,0.001363668601953737,-0.002943161286097498,-0.002943161286097498,0.1498203057001937,0.9987690813263153,1.963430993611173e-08,4.671396229937351,0.10150164092851875,0.002796189458333334,-0.000943264143559548,0.0016671016095397562,0.000753761393060895,-0.0017884964166666626,4.670994697008913,0.10121228576748467,-0.0004015329284374758,-0.00028935516103408,-0.00028948829456348576,1.0009212163367902,-1.6998458339843482e-09,-0.0007914044551103305,0.0019934366903219497,0.0019934366903219497,0.12153944223238439,0.9995401073829029,-1.7014117597366393e-09,4.670709598220937,0.10117424232352773,0.0036904376666666654,0.0013233498762398503,0.0009824124035078272,0.0005150302517650794,0.0032930326916666636,4.671764123727021,0.10146921665493923,0.0010545255060838699,0.00029497433141149887,0.0002948359751218749,0.999062955962889,2.481021518468853e-09,0.0016129928577267123,-0.004541616965979239,-0.004541616965979239,0.16866206341979892,1.0004692652908682,2.4786966920490278e-09]"
/multi_agv/m2b_algorithm_state,1789558525.2770195,1789558525.2770195,m2b_algorithm_state_v1:header6+3x20,"[1.0,-0.15,0.52,4.672836724954089,0.10125041062642577,1789558525.2767856,4.671416471655155,0.101075264423726,0.0036904376666666654,0.001540030459122882,0.0006967283750826773,0.0005697043735217147,0.004584685874999997,4.673133776211175,0.09997841155310772,0.0017173045560205935,-0.0010968528706182812,-0.0010987887191882951,1.003544417093535,3.997896464738452e-08,0.0010478419758374467,-0.0016733982798558555,-0.0016733982798558555,0.14991805978051337,0.9982381976296189,4.0120666773062544e-08,4.6723969440727995,0.10150165098726303,0.002796189458333334,-0.0009433723833207047,0.0016671055362138532,0.000753806268740026,-0.0017884964166666626,4.672001171714981,0.10121228576748467,-0.00039577235781873554,-0.00028936521977836194,-0.0002894983625560642,1.0009212483403789,-1.7001590230900472e-09,-0.0007842138098294836,0.001967832216472488,0.001967832216472488,0.12157089897740314,0.9995400914308231,-1.701725291768449e-09,4.67171031095423,0.10117423128206005,0.0036904376666666654,0.0013234120797632003,0.0009824108158828174,0.0005150041148032766,0.0032930326916666636,4.672721948815199,0.10090306269294473,0.0010116378609685839,-0.0002711685891153143,-0.0002712860160535726,1.0008669678000615,2.0976555101156932e-09,0.0009932613101571572,-0.002077349506047018,-0.002077349506047018,0.1684356210348857,0.9995671471019164,2.099474109898585e-09]"
/multi_agv/m2b_algorithm_state,1789558525.2869723,1789558525.2869723,m2b_algorithm_state_v1:header6+3x20,"[1.0,-0.15,0.52,4.673838475352867,0.10125039839450867,1789558525.2868931,4.672411963656299,0.10107533054992342,0.0036904376666666654,0.0015395642378374349,0.0006967753824632438,0.0005698820102845139,0.004584685874999997,4.673984684636157,0.09826230750377807,0.0015727209798575004,-0.0028130230461453493,-0.0028259213061473934,1.009267338768473,2.631756920770274e-07,-0.0008600200813255179,0.00581546378386804,0.00581546378386804,0.1500345302987591,0.9954357327735964,2.656146303711326e-07,4.673392415336161,0.10150161233008954,0.002796189458333334,-0.0009428670459252783,0.0016670711462136723,0.00075360511099129,-0.0017884964166666626,4.672996215591678,0.10371081826091653,-0.00039619974448257267,0.0022092059308269907,0.0022015910565389065,0.9931641660388367,-9.886810848905338e-08,0.0017063413759356907,-0.008047712472511664,-0.008047712472511664,0.1216140636950787,1.0034588050607618,-9.819226251536793e-08,4.672705795869809,0.10117428899926438,0.0036904376666666654,0.0013230985894382157,0.0009824275847734936,0.0005151312781694513,0.0032930326916666636,4.673614545324623,0.09993719259780053,0.0009087494548145614,-0.0012370964014638552,-0.0012395582543388904,1.0039986161762076,4.367653679616732e-08,-0.0001036214358206887,0.0022437582118506627,0.0022437582118506627,0.1682410280150953,0.9980139272467285,4.38511825027212e-08]"
/multi_agv/m2b_algorithm_state,1789558525.2970521,1789558525.2970521,m2b_algorithm_state_v1:header6+3x20,"[1.0,-0.15,0.52,4.674839834935532,0.1012503890732133,1789558525.2968695,4.673413710721786,0.10107529754428025,0.0036904376666666654,0.0015398015246827928,0.0006967586349107429,0.0005697878675294419,0.004584685874999997,4.674788501980967,0.09850800608975252,0.0013747912591810518,-0.0025672914545277342,-0.0025780148612359606,1.008434502034271,2.1920327908971226e-07,-0.0008595257872596458,0.00570815994520818,0.00570815994520818,0.15012894599386303,0.9958404403056522,2.2105214959311333e-07,4.674394169467363,0.10150163572529333,0.002796189458333334,-0.000943127056950085,0.0016670823434878912,0.0007537119923539948,-0.0017884964166666626,4.67402503489456,0.10371081826091653,-0.00036913457280363104,0.0022091825356232025,0.002201567823696398,0.9931642387929914,-9.889326959675758e-08,0.0017401496076918594,-0.008168900770431397,-0.008168900770431397,0.12164523812583888,1.0034587678130302,-9.821725882081382e-08,4.673707545869452,0.10117426191395242,0.0036904376666666654,0.0013232503115234722,0.0009824229403074813,0.0005150679284658785,0.0032930326916666636,4.674569590239857,0.09956832270754892,0.0008620443704048242,-0.0016059392064034922,-0.0016100994716015274,1.0052124533733262,7.363042725044413e-08,-0.0005325440085954972,0.003921734877425375,0.003921734877425375,0.16801221347388398,0.9974161439889816,7.401422241934516e-08]"
/multi_agv/m2b_algorithm_state,1789558525.3070128,1789558525.3070128,m2b_algorithm_state_v1:header6+3x20,"[1.0,-0.15,0.52,4.675844755452805,0.10125035728725051,1789558525.3069036,4.674415067686465,0.10107527276246721,0.0036904376666666654,0.0015399794814718367,0.0006967454985209896,0.0005697175635411524,0.004584685874999997,4.675779315503344,0.09850800608975252,0.0013642478168787164,-0.002567266672714688,-0.0025779898739592797,1.0084344210558758,2.1922440185937885e-07,-0.0008726801028608841,0.005754591023096886,0.005754591023096886,0.15022492083925212,0.9958404796881056,2.2107343277038336e-07,4.67539553202156,0.10150165302814433,0.002796189458333334,-0.00094332201944439,0.001667091258086728,0.000753791864793088,-0.0017884964166666626,4.674968386429815,0.1026780384079594,-0.0004271455917450595,0.0011763853798150703,0.0011742091827561744,0.996316718718474,-2.8068648887488943e-08,0.00064027719307485,-0.003756964262242763,-0.003756964262242763,0.12167814992524703,1.0018533299610106,-2.7965264158443932e-08,4.674708905098568,0.10117424142902837,0.0036904376666666654,0.0013233647999938464,0.0009824191707022319,0.0005150202630013964,0.0032930326916666636,4.675571068642019,0.09956832270754892,0.0008621635434504782,-0.0016059187214794435,-0.0016100788810472278,1.0052123871126188,7.363492516572151e-08,-0.0005323744517341301,0.003921241919087444,0.003921241919087444,0.16778753345366548,0.997416176550879,7.401873890069397e-08]"
/multi_agv/m2b_algorithm_state,1789558525.3171685,1789558525.3171685,m2b_algorithm_state_v1:header6+3x20,"[1.0,-0.15,0.52,4.676844181853169,0.10125036160220365,1789558525.3169465,4.675419978291037,0.10107519544527774,0.0036904376666666654,0.0015405280660926901,0.0006966953358466198,0.0005695058669360208,0.004584685874999997,4.67697776980021,0.1007801843932389,0.001557791509172901,-0.00029501105203884326,-0.0002951502473253132,1.0009447123491817,2.8914220787992775e-09,0.0016520891391408133,-0.004185603440375055,-0.004185603440375055,0.15031471535872046,0.9995283917674767,2.894153640943816e-09,4.6764004645099515,0.10150170123331292,0.002796189458333334,-0.0009439187321186853,0.0016671271714407965,0.0007540318381872163,-0.0017884964166666626,4.675753850575541,0.10159750888609628,-0.000646613934410567,9.580765278335845e-05,9.579309959352116e-05,0.9996963101029904,-1.8643685490274334e-10,-0.0007124743184196876,0.0015430937145292857,0.0015430937145292857,0.12170827765170643,1.000151923154163,-1.8638023591347914e-10,4.675713823557425,0.1011741751831609,0.0036904376666666654,0.001323728071841852,0.0009824022328516428,0.000514871609209073,0.0032930326916666636,4.676524252194298,0.09894704080084363,0.000810428636873084,-0.002227134382317267,-0.0022351731281344493,1.0072794334902748,1.417191258148432e-07,-0.0012221373320430943,0.006622296436112311,0.006622296436112311,0.16755398055896634,0.9964035243104895,1.4275076076551225e-07]"
/multi_agv/m2b_algorithm_state,1789558525.3271995,1789558525.3271995,m2b_algorithm_state_v1:header6+3x20,"[1.0,-0.15,0.52,4.677850472441762,0.10125032188923656,1789558525.3269994,4.676419405856561,0.1010752069478569,0.0036904376666666654,0.001540445701033398,0.0006967011936872319,0.0005695385218142722,0.004584685874999997,4.677875380532956,0.10067413586038637,0.001455974676394689,-0.00040107108747053366,-0.0004013285643892947,1.0012858899757278,5.344246567386511e-09,0.0014186397811040666,-0.0033082858327405994,-0.0033082858327405994,0.15041625832831715,0.9993584385921973,5.351118680475331e-09,4.677399889595805,0.1015016932259091,0.002796189458333334,-0.0009438287171926003,0.0016671232279099613,0.0007539948711163535,-0.0017884964166666626,4.677102554287015,0.10437316905700494,-0.0002973353087902808,0.0028714758310958433,0.002858675813768853,0.9911822240986091,-1.671171432323207e-07,0.002487006677781002,-0.011163726334885035,-0.011163726334885035,0.12174608141654114,1.0044776036741694,-1.6564354171401743e-07,4.67671325010714,0.10117418463284494,0.0036904376666666654,0.0013236754263249262,0.0009824038913804232,0.0005148935662754833,0.0032930326916666636,4.677684334155667,0.0991770373334122,0.0009710840485270822,-0.001997147299432747,-0.002003600326447401,1.0065108450621671,1.1393900627797961e-07,-0.0007897452657885484,0.0049999025426288824,0.0049999025426288824,0.16734159845865454,0.9967792843066183,1.1468084549439283e-07]"
/multi_agv/m2b_algorithm_state,1789558525.3370576,1789558525.3370576,m2b_algorithm_state_v1:header6+3x20,"[1.0,-0.15,0.52,4.678842307291993,0.10125037514035656,1789558525.3368688,4.677425683683706,0.10107511317055988,0.0036904376666666654,0.0015411082358165198,0.000696636407530881,0.0005692850389118372,0.004584685874999997,4.678760603515544,0.10002511794959443,0.0013349198318381994,-0.0010499952209654523,-0.0010517685802883452,1.0033912123213635,3.666060901305287e-08,0.0006168812095094041,-0.0001697251085851256,-0.0001697251085851256,0.15054356623079115,0.9983139263178914,3.678493292204662e-08,4.67840619585207,0.10150174920467991,0.002796189458333334,-0.0009445474010835522,0.001667170230924775,0.0007542819463300654,-0.0017884964166666626,4.678141288172758,0.10437316905700494,-0.0002649076793126426,0.00287141985232503,0.0028586203384256296,0.9911823971322616,-1.6723783929732453e-07,0.0025274857392848264,-0.011309542842572448,-0.011309542842572448,0.12179936414279785,1.0044775144594575,-1.6576320244594209e-07,4.67771953778951,0.10117410329246988,0.0036904376666666654,0.001324118593912986,0.0009823811002077857,0.0005147133254233918,0.0032930326916666636,4.678659817925932,0.09904290624061651,0.0009402801364215563,-0.00213119705185337,-0.0021385528429016198,1.0069583535494293,1.2980265194143905e-07,-0.0009632026723746744,0.00566950885215955,0.00566950885215955,0.16716650667925662,0.9965603884549005,1.307058646853011e-07]"
/multi_agv/m2b_algorithm_state,1789558525.3472197,1789558525.3472197,m2b_algorithm_state_v1:header6+3x20,"[1.0,-0.15,0.52,4.679842146699913,0.1012503762205918,1789558525.3469396,4.678417534881635,0.10107524412813214,0.0036904376666666654,0.0015401780737394851,0.0006967190312961329,0.0005696452488952505,0.004584685874999997,4.67973332486087,0.09982135259728406,0.0013157899792357597,-0.0012538915308480808,-0.0012564243766557688,1.0040590646353635,5.2256801195067554e-08,0.00038831309738893084,0.0007297809973093948,0.0007297809973093948,0.15062090291370256,0.9979840841560002,5.2468914928755676e-08,4.679398011093202,0.10150166637762345,0.002796189458333334,-0.0009435350146792002,0.0016671114036279633,0.0007538737118006622,-0.0017884964166666626,4.678982978163964,0.10288675947721182,-0.0004150329292382793,0.0013850930995883692,0.0013820810053930298,0.9956735751126466,-3.891459080730532e-08,0.0008632898438451807,-0.004649003697381277,-0.004649003697381277,0.12182504891899738,1.0021793904869438,-3.874622975315542e-08,4.678711375901141,0.1011742149153141,0.0036904376666666654,0.0013235053856795373,0.0009824085242284841,0.0005149648623903819,0.0032930326916666636,4.6796125320910855,0.09894378370633634,0.0009011561899443521,-0.0022304312089777567,-0.002238493967736145,1.0072904756886234,1.421153813574847e-07,-0.0011120487303057048,0.0062358118581434425,0.0062358118581434425,0.16692408498940886,0.9963981324611106,1.4315147009025088e-07]"
/multi_agv/m2b_algorithm_state,1789558525.3570914,1789558525.3570914,m2b_algorithm_state_v1:header6+3x20,"[1.0,-0.15,0.52,4.68083733460631,0.10125040669623807,1789558525.3568292,4.679417374742332,0.10107524601584712,0.0036904376666666654,0.0015401654141135187,0.0006967212914110728,0.0005696495607268228,0.004584685874999997,4.680813187575729,0.0997740209974232,0.0013958128333966258,-0.0013012250184239182,-0.0013039536728075222,1.004214540429964,5.627792446990435e-08,0.00044081236893826,0.0005656214578892219,0.0005656214578892219,0.1507230061545347,0.9979073992884048,5.6515110057897225e-08,4.680397849890133,0.10150166583451255,0.002796189458333334,-0.0009435215799466629,0.0016671095706577432,0.0007538688417622619,-0.0017884964166666626,4.680006934253499,0.10288675947721182,-0.00039091563663351536,0.0013850936426992727,0.0013820815461319017,0.9956735734109285,-3.8914067311643715e-08,0.0008934370003400075,-0.0047565307480055986,-0.0047565307480055986,0.1218656170662224,1.002179391350533,-3.8745708456137705e-08,4.679711215467275,0.10117421681141571,0.0036904376666666654,0.0013234957397506388,0.0009824094907680443,0.0005149685407782401,0.0032930326916666636,4.680587578623147,0.09882189043568454,0.0008763631558714735,-0.00235232637573117,-0.002361302723004637,1.007699453073641,1.58084850111623e-07,-0.0012658487781652952,0.006829404347241561,0.006829404347241561,0.16671707909011946,0.9961985614186543,1.59302016996711e-07]"
/multi_agv/m2b_algorithm_state,1789558525.3672674,1789558525.3672674,m2b_algorithm_state_v1:header6+3x20,"[1.0,-0.15,0.52,4.681851038233239,0.10125031744729525,1789558525.3669643,4.680412572446878,0.10107531785783469,0.0036904376666666654,0.0015396581310167193,0.0006967709784987614,0.0005698436022291278,0.004584685874999997,4.681849256345031,0.10008355215091669,0.0014366838981532126,-0.000991765706918002,-0.0009933471312230395,1.0032010325493494,3.2675080253715047e-08,0.0008025077414684763,-0.0008542973493546316,-0.0008542973493546316,0.1508415843534191,0.9984079842229066,3.277967424915979e-08,4.681393025759756,0.10150162307502193,0.002796189458333334,-0.0009429713888896001,0.0016670734603376758,0.0007536491363515918,-0.0017884964166666626,4.681184138881058,0.10451543803650849,-0.00020888687869824452,0.0030138149614865606,0.002999729768142757,0.9907602491468656,-1.8390877852392812e-07,0.0027386211697699512,-0.012134808177214828,-0.012134808177214828,0.12191650050673916,1.0046954874046952,-1.8220950723066274e-07,4.6807064056122965,0.10117427915585758,0.0036904376666666654,0.0013231563186543948,0.0009824269778099023,0.0005151065705613898,0.0032930326916666636,4.681805627204237,0.09868551525034773,0.0010992215919403137,-0.0024887639055098526,-0.002498822040769563,1.0081585247320692,1.7692525543392365e-07,-0.001124795050844171,0.006390976228197117,0.006390976228197117,0.16653733193037518,0.9959748493107525,1.7836870450610897e-07]"
/multi_agv/m2b_algorithm_state,1789558525.3770733,1789558525.3770733,m2b_algorithm_state_v1:header6+3x20,"[1.0,-0.15,0.52,4.682837265970178,0.1012504057006522,1789558525.3768473,4.6814262481566935,0.10107510198057079,0.0036904376666666654,0.001541188190688359,0.0006966295391469756,0.0005692539543789481,0.004584685874999997,4.682901068220426,0.10048766888102158,0.0014748200637324516,-0.0005874330995492144,-0.0005879862252442407,1.0018873691016228,1.1471659882331623e-08,0.0012555388544213237,-0.002642799731127624,-0.002642799731127624,0.15096221751902625,0.9990592880049248,1.1493311138737861e-08,4.6824067632100475,0.10150175651083644,0.002796189458333334,-0.0009446343487636783,0.0016671749304251193,0.000754317190623563,-0.0017884964166666626,4.682223038326003,0.10451543803650849,-0.00018372488404416742,0.0030136815256720517,0.002999597590996985,0.9907606610703479,-1.84216700871398e-07,0.0027699414859417757,-0.01224874784053933,-0.01224874784053933,0.12196910388920534,1.0046952746986257,-1.825146603355448e-07,4.681720103332976,0.10117409385047853,0.0036904376666666654,0.0013241709186895376,0.0009823788053314967,0.0005146918383793146,0.0032930326916666636,4.6828409881700805,0.09927870801517637,0.0011208848371042635,-0.0018953858353021602,-0.0019011935624154925,1.0061720277867392,1.0265517011380763e-07,-0.0005000875160351631,0.003934965912818072,0.003934965912818072,0.1663555395832987,0.9969452205035066,1.0328876067620249e-07]"
/multi_agv/m2b_algorithm_state,1789558525.387056,1789558525.387056,m2b_algorithm_state_v1:header6+3x20,"[1.0,-0.15,0.52,4.683845537978108,0.10125035176586257,1789558525.3868937,4.682412503308862,0.1010753167011719,0.0036904376666666654,0.00153966528364958,0.0006967682907474068,0.0005698418998814732,0.004584685874999997,4.683913715030979,0.09993338644952378,0.00150121172211648,-0.0011419302516481183,-0.0011440291966356604,1.0036919569379288,4.332356607268159e-08,0.0007324854560099396,-0.0005380868738681789,-0.0005380868738681789,0.1510454945401755,0.9981653047022622,4.3483514813019444e-08,4.683392957847818,0.10150162271386029,0.002796189458333334,-0.0009429783868753726,0.0016670756329215664,0.0007536510396242563,-0.0017884964166666626,4.68324506863945,0.10381986426906072,-0.00014788920836839026,0.002318241555200426,0.002309863420188473,0.9928357442102512,-1.0887224981878494e-07,0.0021250019097279853,-0.009598008722359698,-0.009598008722359698,0.12200150700051891,1.0036271127282796,-1.0809226117267773e-07,4.682706336753853,0.10117427768692443,0.0036904376666666654,0.0013231632683651704,0.0009824256319728615,0.0005151042581670352,0.0032930326916666636,4.683805569658321,0.09879922241283468,0.001099232904468117,-0.002375055274089752,-0.0023842074819354505,1.007775827824157,1.6111641440339472e-07,-0.0010101663513503042,0.005938873190422134,0.005938873190422134,0.16613047398855507,0.9961613207260517,1.6236922790144107e-07]"
/multi_agv/m2b_algorithm_state,1789558525.3970604,1789558525.3970604,m2b_algorithm_state_v1:header6+3x20,"[1.0,-0.15,0.52,4.684837367146372,0.10125040410982954,1789558525.3969343,4.683420758636301,0.10107518493085911,0.0036904376666666654,0.0015406005066631815,0.0006966838303810612,0.0005694804514900033,0.004584685874999997,4.6849516329549346,0.09900425115885574,0.0015308743186333018,-0.002070933772003375,-0.0020778855179050095,1.0067659514968146,1.4266344297286366e-07,-0.00016429261961338221,0.003044997473936194,0.003044997473936194,0.1511507862331082,0.9966544134208879,1.4362869690838662e-07,4.684401249948388,0.10150170530766299,0.002796189458333334,-0.0009439956313785488,0.0016671359108384465,0.0007540606254012316,-0.0017884964166666626,4.684268825212281,0.10381986426906072,-0.00013242473610652894,0.002318158961397726,0.002309781427565578,0.9928360008040865,-1.0898189622666219e-07,0.0021442505074324167,-0.009667867802498148,-0.009667867802498148,0.12204703253372422,1.0036269812079048,-1.0820115000972525e-07,4.6837146053496355,0.10117416505906564,0.0036904376666666654,0.0013237812455855415,0.0009823972691200833,0.0005148511423605307,0.0032930326916666636,4.685026527599543,0.0983390727282874,0.0013119222499078376,-0.0028350923307782355,-0.0028481786244656977,1.0093300711315891,2.2975240279186157e-07,-0.0012082758120809008,0.006832878509029387,0.006832878509029387,0.1659314188819246,0.995405381679698,2.3189600905256317e-07]"
/multi_agv/m2b_algorithm_state,1789558525.4070845,1789558525.4070845,m2b_algorithm_state_v1:header6+3x20,"[1.0,-0.15,0.52,4.685846980051458,0.10125034156278086,1789558525.4069679,4.684412604222123,0.10107531112568748,0.0036904376666666654,0.0015397066421773422,0.0006967669869402113,0.0005698246508626547,0.004584685874999997,4.685869985171177,0.09815752192852994,0.0014573809490538991,-0.0029177891971575304,-0.0029316770288390194,1.0096237889204995,2.8318920747658803e-07,-0.0011099508425216455,0.006738512730487539,0.006738512730487539,0.15124926633625502,0.9952628370912369,2.8591456063390624e-07,4.685393059191213,0.10150162769010698,0.002796189458333334,-0.000943024439253164,0.0016670761345229934,0.0007536707408323795,-0.0017884964166666626,4.685255247663741,0.10326821578929471,-0.00013781152747238679,0.001766588099187727,0.0017617024464066631,0.9945059618073337,-6.325123223448392e-08,0.0015894380370661796,-0.007419539769835547,-0.007419539769835547,0.12208966469179185,1.002773256511637,-6.290372754885446e-08,4.68470643802578,0.10117427351369411,0.0036904376666666654,0.001323187965695543,0.000982425699191847,0.0005150935178936038,0.0032930326916666636,4.685979374502465,0.09821182239858654,0.001272936476684805,-0.002962451115107567,-0.0029767532193837364,1.009763127981932,2.5076613521714915e-07,-0.00138558262352773,0.007509136128379513,0.007509136128379513,0.16572974051658665,0.9951954014249358,2.5321439708880864e-07]"
/multi_agv/m2b_algorithm_state,1789558525.4170442,1789558525.4170442,m2b_algorithm_state_v1:header6+3x20,"[1.0,-0.15,0.52,4.6868374885698705,0.10125040248655091,1789558525.416893,4.685422197659696,0.10107515909284646,0.0036904376666666654,0.0015407849669028225,0.000696668404986766,0.0005694085191417091,0.004584685874999997,4.68690553911607,0.09928127227267086,0.0014833414563746317,-0.0017938868201756025,-0.0017990921227690722,1.0058425716452615,1.0703905766846685e-07,5.508469769921736e-05,0.002148949948217054,0.002148949948217054,0.15136555008288247,0.9971067059170611,1.0766444103173614e-07,4.68640269561625,0.10150172232215739,0.002796189458333334,-0.0009441969437529044,0.0016671466943742885,0.0007541422781295604,-0.0017884964166666626,4.68626372816482,0.1030132968754239,-0.0001389674514298278,0.0015115745532665176,0.0015079906838587895,0.9952853245509287,-4.637437924151165e-08,0.0013342813695715048,-0.00638926676339928,-0.00638926676339928,0.12214308171589447,1.0023765859073859,-4.6155739094235776e-08,4.68571604687843,0.10117414327333875,0.0036904376666666654,0.0013239018415512967,0.000982392358088946,0.0005148014232453724,0.0032930326916666636,4.687023604726135,0.09891339762553315,0.0013075578477046435,-0.0022607456478055954,-0.0022690309611084892,1.0073920894960395,1.460513984510626e-07,-0.0006345836514776849,0.0045680276128995945,0.0045680276128995945,0.16554914172416565,0.9963485234688707,1.471310234594346e-07]"
/multi_agv/m2b_algorithm_state,1789558525.4270127,1789558525.4270127,m2b_algorithm_state_v1:header6+3x20,"[1.0,-0.15,0.52,4.687844404571209,0.10125035742575654,1789558525.426896,4.686412725179503,0.10107530668708166,0.0036904376666666654,0.0015397388389483536,0.0006967646279587569,0.0005698119219241069,0.004584685874999997,4.6879930071167255,0.10024452183828222,0.001580281937222594,-0.0008307848487994346,-0.0008318932072000609,1.0026765794470391,2.2927170387866295e-08,0.0011434592143281816,-0.002134657590183756,-0.002134657590183756,0.15145338008235099,0.998667667446935,2.2988536780905223e-08,4.687393181136971,0.1015016309192385,0.002796189458333334,-0.0009430599027769127,0.001667077701300812,0.0007536852980628006,-0.0017884964166666626,4.68688593776176,0.1035456572717918,-0.0005072433752113525,0.0020440263525532965,0.0020374994238397696,0.9936632935095844,-8.466400670602288e-08,0.001403445204825579,-0.0068862751605197016,-0.0068862751605197016,0.12218123620915566,1.0032034015014475,-8.412751574522423e-08,4.686706559393139,0.10117426985333254,0.0036904376666666654,0.0013232087064166784,0.0009824250375582988,0.0005150848717608942,0.0032930326916666636,4.687957008154733,0.09785680073846946,0.0012504487615938586,-0.003317469114863081,-0.00333545245390023,1.0109767415867392,3.145473499649559e-07,-0.0017723915019079066,0.009015658818689157,0.009015658818689157,0.16533590768978512,0.9946084259075194,3.1800005494231484e-07]"
/multi_agv/m2b_algorithm_state,1789558525.4369383,1789558525.4369383,m2b_algorithm_state_v1:header6+3x20,"[1.0,-0.15,0.52,4.688838613150118,0.10125039469286727,1789558525.4367661,4.687419627244346,0.10107519647223055,0.0036904376666666654,0.0015405212740544354,0.0006966941026725229,0.0005695094524332003,0.004584685874999997,4.688615159449381,0.10002414400311897,0.0011955322050356543,-0.0010510524691115797,-0.0010528294136215252,1.003394663668174,3.6720495247243084e-08,0.00044158584267304265,0.0004501260633525141,0.0004501260633525141,0.15156581567576932,0.9983122199219026,3.684514897833626e-08,4.688400113914522,0.10150170012890548,0.002796189458333334,-0.0009439111601694493,0.0016671280299407343,0.0007540281094468443,-0.0017884964166666626,4.687915373154508,0.1035456572717918,-0.0004847407600143683,0.002043957142886313,0.0020374306589004483,0.9936635090617081,-8.473466823324663e-08,0.001431504708882488,-0.006987412405439463,-0.006987412405439463,0.12223409296557754,1.0032032913401758,-8.419774777582749e-08,4.687713472554758,0.10117417567613357,0.0036904376666666654,0.0013237256274362657,0.0009824014040990207,0.0005148730998373193,0.0032930326916666636,4.688626496182063,0.09687861453265614,0.0009130236273051651,-0.004295561143477428,-0.004325934059944249,1.0143694217752424,5.278966894346284e-07,-0.003184654525812793,0.014356554134927374,0.014356554134927374,0.16515383496821243,0.9929788766897633,5.354822596188687e-07]"
/multi_agv/m2b_algorithm_state,1789558525.4470897,1789558525.4470897,m2b_algorithm_state_v1:header6+3x20,"[1.0,-0.15,0.52,4.689844117544496,0.10125035898050101,1789558525.44699,4.6884138474825345,0.10107528639146823,0.0036904376666666654,0.0015398843749034412,0.0006967531836801647,0.0005697547908665554,0.004584685874999997,4.689622379773988,0.10002414400311897,0.001208532291453679,-0.0010511423883492604,-0.001052919635966991,1.0033949534315407,3.6711581573182424e-08,0.0004577457283501077,0.00039237811985545377,0.00039237811985545377,0.1516543719690925,0.9983120766704116,3.6836215683021586e-08,4.689394308349977,0.10150164477768808,0.002796189458333334,-0.000943219234534633,0.0016670855995775113,0.0007537502544624208,-0.0017884964166666626,4.688958054314824,0.1035456572717918,-0.00043625403515257233,0.002044012494103714,0.0020374856544430773,0.9936633366714538,-8.467715813926339e-08,0.001492168110502362,-0.007203631618673765,-0.007203631618673765,0.12227422216626929,1.0032033794428952,-8.414058749651681e-08,4.688707683617841,0.10117425290944551,0.0036904376666666654,0.001323303130141435,0.0009824215876487411,0.0005150457372788296,0.0032930326916666636,4.6896020417420825,0.09687861453265614,0.0008943581242411014,-0.004295638376789368,-0.004326012371820623,1.0143696778568543,5.277470129387212e-07,-0.003208064716519246,0.014437961705795331,0.014437961705795331,0.16494378500392376,0.9929787544693334,5.353305675045677e-07]"
/multi_agv/m2b_algorithm_state,1789558525.4575925,1789558525.4575925,m2b_algorithm_state_v1:header6+3x20,"[1.0,-0.15,0.52,4.690841087736216,0.10125037880606443,1789558525.4573972,4.689419340792071,0.1010751992227402,0.0036904376666666654,0.0015405030921994737,0.0006966971005256889,0.000569515774190654,0.004584685874999997,4.690616491334378,0.10002414400311897,0.0011971505423069573,-0.001051055219621233,-0.0010528321734024606,1.0033946725316507,3.672025364727753e-08,0.00044360600448123595,0.00044296453326875783,0.00044296453326875783,0.15177486899602494,0.9983122155400276,3.684490688368919e-08,4.690399826104865,0.10150169937235815,0.002796189458333334,-0.0009438923451314907,0.001667125681106718,0.0007540211755713705,-0.0017884964166666626,4.6899871651954825,0.1035456572717918,-0.0004126609093821898,0.0020439578994336516,0.002037431410586445,0.9936635067054566,-8.473304218269649e-08,0.001521605273858708,-0.0073095230194902185,-0.0073095230194902185,0.12233329695555346,1.0032032925443746,-8.419613182907956e-08,4.689713185736552,0.10117417834640471,0.0036904376666666654,0.0013237122613476613,0.0009824027409715882,0.0005148781981412364,0.0032930326916666636,4.690564890778395,0.09687861453265614,0.000851705041843509,-0.004295563813748571,-0.004325936767505462,1.0143694306290318,5.278920097554502e-07,-0.0032613054652010755,0.014624373538652721,0.014624373538652721,0.1647766514082457,0.992978872464101,5.354775173692514e-07]"
/multi_agv/m2b_algorithm_state,1789558525.4675398,1789558525.4675398,m2b_algorithm_state_v1:header6+3x20,"[1.0,-0.15,0.52,4.69185265600403,0.10125030440375031,1789558525.467388,4.690416317101464,0.1010752475309476,0.0036904376666666654,0.001540160556111364,0.0006967280913871216,0.000569648129505623,0.004584685874999997,4.691956948529677,0.10155305607464467,0.0015406314282131461,0.0004778085436970697,0.00047744553264974176,0.9984832611679804,7.578831482090225e-09,0.0024032348179161746,-0.007221094776299078,-0.007221094776299078,0.15186888522636757,1.000760319287759,7.567336374080007e-09,4.691396788918982,0.10150166923675541,0.002796189458333334,-0.0009435200057602254,0.0016671035482955787,0.0007538712920729246,-0.0017884964166666626,4.69127615615602,0.1021311705596984,-0.00012063276296192527,0.0006295013229429963,0.0006288755822754387,0.9980166935979539,-8.042243736994685e-09,0.0004780846285730321,-0.002928305004138945,-0.002928305004138945,0.1223781132451171,1.0009950150477993,-8.026293503504289e-09,4.690710157188204,0.1011742196504903,0.0036904376666666654,0.0013234859100258564,0.0009824131808877212,0.0005149708821877339,0.0032930326916666636,4.691918283599953,0.09695384588895077,0.0012081264117487223,-0.004220373761539525,-0.00424967616531903,1.0141060451458734,5.094622060062825e-07,-0.0027395181506331273,0.012770838378679377,0.012770838378679377,0.16457668512573628,0.9931047913677193,5.166487028843234e-07]"
/multi_agv/m2b_algorithm_state,1789558525.4771755,1789558525.4771755,m2b_algorithm_state_v1:header6+3x20,"[1.0,-0.15,0.52,4.692839146917893,0.10125039145104764,1789558525.4769366,4.691427861779639,0.10107506968574305,0.0036904376666666654,0.0015414190564682051,0.0006966084820572141,0.0005691648364738205,0.004584685874999997,4.69310180399029,0.10233914769535214,0.0016739422106510915,0.0012640780096090931,0.0012615523356660355,0.9960230503515184,5.3058037007678605e-08,0.0033539800989799,-0.010989304134169434,-0.010989304134169434,0.15201661321874302,1.0020020365954332,5.284702786605179e-08,4.69240838595902,0.10150177731600203,0.002796189458333334,-0.000944886536280071,0.0016671898649702754,0.0007544187367551636,-0.0017884964166666626,4.692293723630773,0.1021311705596984,-0.00011466232824641764,0.0006293932436963745,0.0006287677182838974,0.998017034588386,-8.051122910406048e-09,0.0004854398079758754,-0.0029557906817363924,-0.0029557906817363924,0.12245428353625884,1.000994843396516,-8.03515781215006e-09,4.6917217202734305,0.10117406620950585,0.0036904376666666654,0.0013243239785686047,0.0009823717771152212,0.0005146291486928588,0.0032930326916666636,4.692768273267997,0.09566906952984335,0.001046552994566241,-0.005504996679662505,-0.0055553349935606915,1.0186652092040709,8.680380494015061e-07,-0.00424714375035289,0.018526184663365475,0.018526184663365475,0.16444849946589168,0.9909387437559509,8.842401611906788e-07]"
/multi_agv/m2b_algorithm_state,1789558525.4869516,1789558525.4869516,m2b_algorithm_state_v1:header6+3x20,"[1.0,-0.15,0.52,4.693839189534979,0.10125039072903551,1789558525.486837,4.692414379558911,0.1010752827243146,0.0036904376666666654,0.0015399068473583607,0.0006967443755405253,0.0005697496315039043,0.004584685874999997,4.694062127879084,0.10156479387253688,0.0016477483201731147,0.0004895111482222797,0.000489130171393623,0.9984463199638303,7.953244998429621e-09,0.0025488155716100165,-0.007744689872200039,-0.007744689872200039,0.15207228817072146,1.0007788863802272,7.940888200452794e-09,4.693394844552146,0.10150164346757158,0.002796189458333334,-0.0009432413677927195,0.0016670929027604586,0.000753756049571841,-0.0017884964166666626,4.69311624080457,0.10129847318687957,-0.000278603747576156,-0.00020317028069201382,-0.00020323587436294914,1.0006461981015466,-8.37974684944279e-10,-0.0005514905588331442,0.0011045119332705597,0.0011045119332705597,0.12247886935254704,0.9996772534812521,-8.385161825948341e-10,4.692708216642621,0.10117424816125672,0.0036904376666666654,0.001323325400190005,0.0009824172350877186,0.0005150383480557129,0.0032930326916666636,4.693941213007862,0.09767069141257063,0.0012329963652408793,-0.0035035567486860902,-0.0035236422288706048,1.0116166568260176,3.508975550019231e-07,-0.0019823967723195056,0.00982922928548633,0.00982922928548633,0.16420186356177033,0.9942997958135631,3.549738114794691e-07]"
/multi_agv/m2b_algorithm_state,1789558525.4971812,1789558525.4971812,m2b_algorithm_state_v1:header6+3x20,"[1.0,-0.15,0.52,4.694847987410799,0.1012503338927937,1789558525.497051,4.693414422248393,0.10107527892581837,0.0036904376666666654,0.0015399357885029319,0.0006967448070309239,0.0005697368622945534,0.004584685874999997,4.694644004823656,0.10037831700509142,0.0012295825752630662,-0.000696961920726949,-0.000697741181751858,1.0022420439811321,1.6136412887027178e-08,0.0008392370373269748,-0.0011190276585618976,-0.0011190276585618976,0.152177788857255,0.9988831660717625,1.61725914344176e-08,4.69439488690034,0.10150164760483184,0.002796189458333334,-0.0009432740306009159,0.001667092096082179,0.0007537706273890027,-0.0017884964166666626,4.694122760465283,0.10129847318687957,-0.0002721264350569186,-0.00020317441795227043,-0.00020324001429304468,1.0006462112545427,-8.380378188431931e-10,-0.0005433980581141929,0.0010757733644942659,0.0010757733644942659,0.12253259668948621,0.9996772469191048,-8.38579368313462e-10,4.693708259456204,0.1011742456564563,0.0036904376666666654,0.0013233411697909183,0.0009824180035867157,0.0005150311128314022,0.0032930326916666636,4.694839503426003,0.0973758135558653,0.0011312439697990229,-0.0037984321005909982,-0.003822093176630764,1.0126360062395283,4.125312433178079e-07,-0.0024080382143819856,0.011440981195418153,0.011440981195418153,0.1640218163176287,0.9938093931920772,4.1774399068237207e-07]"
/multi_agv/m2b_algorithm_state,1789558525.507119,1789558525.507119,m2b_algorithm_state_v1:header6+3x20,"[1.0,-0.15,0.52,4.695844478917878,0.10125035751948214,1789558525.5069764,4.694423202313273,0.10107514168302052,0.0036904376666666654,0.0015409082966245128,0.0006966545430763913,0.0005693622710757989,0.004584685874999997,4.69565161150418,0.10037831700509142,0.0012284091909071648,-0.0006968246779291004,-0.0006976036327209275,1.002241603151432,1.6140253691241697e-08,0.0008379078559130285,-0.0011134112357122417,-0.0011134112357122417,0.15231535182396858,0.9988833848402008,1.6176433734780896e-08,4.695403706378123,0.10150173222546595,0.002796189458333334,-0.0009443308172661382,0.001667156901974387,0.0007541949980167384,-0.0017884964166666626,4.695139603757294,0.10129847318687957,-0.00026410262082876557,-0.0002032590385863814,-0.00020332468954608436,1.0006464802766886,-8.396754302959788e-10,-0.0005334529655820413,0.0010394743310815453,0.0010394743310815453,0.12260536576124652,0.9996771127016129,-8.402182639004851e-10,4.694717053540998,0.10117412776989464,0.0036904376666666654,0.0013239864029029997,0.0009823871766450947,0.0005147674643594898,0.0032930326916666636,4.695816970703675,0.0973758135558653,0.0010999171626773219,-0.003798314214029333,-0.0038219738376892368,1.0126356171530086,4.127069606548224e-07,-0.0024470773843425844,0.011578246932013867,0.011578246932013867,0.16388466685084402,0.9938095799017274,4.1792176780603854e-07]"
/multi_agv/m2b_algorithm_state,1789558525.517035,1789558525.517035,m2b_algorithm_state_v1:header6+3x20,"[1.0,-0.15,0.52,4.696843042171704,0.10125036727166355,1789558525.5169551,4.695419700892885,0.10107520107579804,0.0036904376666666654,0.0015404852226378126,0.000696690183923465,0.0005695271175279844,0.004584685874999997,4.696651610110545,0.10037831700509142,0.0012319092176600321,-0.000696884070706616,-0.000697663158015588,1.0022417939235901,1.613856918954932e-08,0.0008422233640594522,-0.0011290890121156924,-0.0011290890121156924,0.15240791100406326,0.9988832901665784,1.617474853589389e-08,4.696400189521951,0.10150169354293914,0.002796189458333334,-0.0009438694690950076,0.0016671318122192247,0.0007540080703710289,-0.0017884964166666626,4.6961487692328285,0.10129847318687957,-0.00025142028912217285,-0.00020322035605957467,-0.00020328598204857678,1.0006463572989368,-8.389459236908836e-10,-0.0005175613434512928,0.0009835438364306681,0.0009835438364306681,0.12265330708754564,0.9996771740562692,-8.394881825120745e-10,4.695713546338797,0.10117417793970922,0.0036904376666666654,0.001323709532132737,0.0009823985737348112,0.0005148815487100063,0.0032930326916666636,4.696787057478936,0.0973758135558653,0.001073511140138983,-0.0037983643838439135,-0.003822024625598023,1.0126357827393235,4.1263147334999974e-07,-0.002480135700424294,0.01169372155389743,0.01169372155389743,0.16369103571027405,0.9938095004423455,4.178453949986573e-07]"
/multi_agv/m2b_algorithm_state,1789558525.5270994,1789558525.5270994,m2b_algorithm_state_v1:header6+3x20,"[1.0,-0.15,0.52,4.697846770737747,0.1012503437977802,1789558525.5269926,4.696418267137356,0.10107522520479202,0.0036904376666666654,0.0015403136699930838,0.0006967052182870852,0.000569593658368708,0.004584685874999997,4.697662340865429,0.10037831700509142,0.001244073728073225,-0.0006969081997005994,-0.0006976873408493807,1.0022418714269432,1.6137887892523516e-08,0.0008574048192421506,-0.001183009577646582,-0.001183009577646582,0.15250809269991114,0.9988832517043627,1.6174066962280976e-08,4.697398749204702,0.10150167813445014,0.002796189458333334,-0.0009436824768629341,0.001667121098995139,0.0007539325883597625,-0.0017884964166666626,4.69716876523722,0.10129847318687957,-0.00022998396748175054,-0.00020320494757057606,-0.00020327056361426967,1.0006463083129553,-8.386525778521416e-10,-0.0004907505229664579,0.0008886139848287675,0.0008886139848287675,0.12270637397266242,0.9996771984958032,-8.391946059848888e-10,4.696712110173052,0.1011741984757485,0.0036904376666666654,0.0013235965510575436,0.0009824034843315841,0.0005149279673000683,0.0032930326916666636,4.697767555384054,0.0973758135558653,0.001055445211002315,-0.0037983849198831993,-0.0038220454146444443,1.012635850518856,4.1260068211350275e-07,-0.0025027389008915506,0.01177274652345831,0.01177274652345831,0.16350887905506997,0.9938094679172079,4.17814242656667e-07]"
/multi_agv/m2b_algorithm_state,1789558525.5372276,1789558525.5372276,m2b_algorithm_state_v1:header6+3x20,"[1.0,-0.15,0.52,4.698840860826064,0.1012503822025506,1789558525.5370646,4.697421988259766,0.1010751693157334,0.0036904376666666654,0.0015407088602285269,0.0006966673669550612,0.0005694420481233917,0.004584685874999997,4.698658912756809,0.10037831700509142,0.001236924497042935,-0.0006968523106419822,-0.0006976313270865125,1.0022416919089012,1.6139442897145162e-08,0.0008485242942171562,-0.0011511925963887358,-0.0011511925963887358,0.15262711954216013,0.9988833407929317,1.6175622555701865e-08,4.698402486872215,0.101501711869222,0.002796189458333334,-0.0009441111818984322,0.0016671484034054274,0.0007541042143254101,-0.0017884964166666626,4.698174472585476,0.10129847318687957,-0.00022801428673879798,-0.00020323868234242704,-0.00020330432016098859,1.0006464155610348,-8.393120640549729e-10,-0.0004883221785844861,0.0008795858070629698,0.0008795858070629698,0.12277096024297614,0.999677144988805,-8.398546084337423e-10,4.697715837081259,0.10117415020838517,0.0036904376666666654,0.0013238598966223022,0.0009823902739983133,0.0005148206887349567,0.0032930326916666636,4.698734317943791,0.0973758135558653,0.0010184808625322006,-0.003798336652519871,-0.003821996552621937,1.0126356912116274,4.1267236540186166e-07,-0.0025488954744566864,0.011934575650525362,0.011934575650525362,0.1633523571375249,0.9938095443634465,4.1788676598265145e-07]"
/multi_agv/m2b_algorithm_state,1789558525.5470629,1789558525.5470629,m2b_algorithm_state_v1:header6+3x20,"[1.0,-0.15,0.52,4.6998373365107335,0.10125040435743611,1789558525.5469582,4.698416090302757,0.10107526280201562,0.0036904376666666654,0.0015400456650052513,0.0006967277774277741,0.0005696980932862802,0.004584685874999997,4.699667284822,0.10037831700509142,0.0012511945192423823,-0.0006969457969241977,-0.0006977250219685795,1.002241992190806,1.613681860288274e-08,0.0008662681270843985,-0.0012146467872630822,-0.0012146467872630822,0.15271108062747493,0.9988831917734822,1.6172997224174854e-08,4.699396562533882,0.10150165353924262,0.002796189458333334,-0.0009433897471378188,0.0016671051234524725,0.0007538140100760843,-0.0017884964166666626,4.699192088278346,0.10129847318687957,-0.00020447425553626886,-0.00020318035236305265,-0.00020324595253349005,1.0006462301209602,-8.381895684879123e-10,-0.0004588387719538261,0.0007756904924048021,0.0007756904924048021,0.12281635746665634,0.9996772375064809,-8.387312318341438e-10,4.698709929641554,0.10117423026639354,0.0036904376666666654,0.0013234209612013226,0.0009824106106608886,0.0005150003718090443,0.0032930326916666636,4.699712527712042,0.0973758135558653,0.00100259807048797,-0.0037984167105282324,-0.0038220775969576783,1.0126359554443862,4.1255279931827746e-07,-0.0025688300088477158,0.012003956433064664,0.012003956433064664,0.163152857450431,0.9938094175669591,4.1776579810892004e-07]"
/multi_agv/m2b_algorithm_state,1789558525.5571408,1789558525.5571408,m2b_algorithm_state_v1:header6+3x20,"[1.0,-0.15,0.52,4.700837733937132,0.10125040096550682,1789558525.5570467,4.69941257325805,0.10107531415926616,0.0036904376666666654,0.0015396838097616388,0.000696764637626046,0.000569835769743848,0.004584685874999997,4.7006916279933595,0.09836778699338389,0.0012790547353098702,-0.0027075271658822675,-0.0027194666588721507,1.0089092390842886,2.438084919560353e-07,-0.0011206482397348129,0.006686337479190641,0.006686337479190641,0.15280378038828277,0.9956096196469514,2.4598064010165145e-07,4.700393029212119,0.1015016237288382,0.002796189458333334,-0.0009429976733863663,0.0016670781041554505,0.0007536581142062598,-0.0017884964166666626,4.7003132596896275,0.10235066140598023,-7.976952249144631e-05,0.0008490376771420338,0.0008479012749747807,0.9973317039172732,-1.4619391576151029e-08,0.0007481893718604728,-0.003990054979293086,-0.003990054979293086,0.12286751254475392,1.0013402529289592,-1.4580382710876537e-08,4.699706407062033,0.10117427518420398,0.0036904376666666654,0.001323177228723803,0.000982423828363022,0.0005150991450486248,0.0032930326916666636,4.701020901055453,0.09707561473747472,0.0013144939934202071,-0.004098660446729255,-0.004126271838251816,1.0136806043835132,4.803521516769961e-07,-0.002483154346476557,0.011825316784273166,0.011825316784273166,0.1629662108333274,0.9933083925138924,4.869236594288584e-07]"
/multi_agv/m2b_algorithm_state,1789558525.5670547,1789558525.5670547,m2b_algorithm_state_v1:header6+3x20,"[1.0,-0.15,0.52,4.7018430521469545,0.10125036624158784,1789558525.5669653,4.700412970069278,0.10107530283895427,0.0036904376666666654,0.0015397671142361753,0.0006967616560679341,0.0005698012115880304,0.004584685874999997,4.701803033986703,0.09971486406065709,0.0013900639174249108,-0.0013604387782971822,-0.001363422753278798,1.0044092675974066,6.15029936343721e-08,0.0003741571435023404,0.0008274408695020918,0.0008274408695020918,0.15291073172669822,0.9978114088426058,6.177417679134764e-08,4.701393427105241,0.10150163345715475,0.002796189458333334,-0.0009430901583665297,0.0016670795043269848,0.0007536974749437625,-0.0017884964166666626,4.701423425275082,0.10207195845830083,2.9998169840617095e-05,0.0005703250011460798,0.0005698111456420688,0.9982019222565911,-6.598560928779282e-09,0.0006073088579428401,-0.0033604610253796055,-0.0033604610253796055,0.12292757130601602,1.0009017996715945,-6.586696203234716e-09,4.700706804636877,0.10117426660041147,0.0036904376666666654,0.0013232273549105568,0.0009824237796264967,0.0005150774426899256,0.0032930326916666636,4.7011094734617584,0.09697875868925351,0.00040266882488104727,-0.004195507911157956,-0.004224460619858205,1.0140190301894232,5.03370292352983e-07,-0.003721124588756896,0.016191841782323385,0.016191841782323385,0.16279921068931272,0.9931464129256763,5.104270556779383e-07]"
/multi_agv/m2b_algorithm_state,1789558525.5770538,1789558525.5770538,m2b_algorithm_state_v1:header6+3x20,"[1.0,-0.15,0.52,4.702840284345255,0.10125038417837323,1789558525.5769675,4.70141827760877,0.10107521738525148,0.0036904376666666654,0.0015403742974657206,0.0006967076933744203,0.0005695660915005004,0.004584685874999997,4.702876539201462,0.09925384999366171,0.0014582615926919118,-0.001821367391589765,-0.0018267345020698338,1.0059339047429594,1.1031622812118707e-07,-3.907511204944087e-06,0.0023688251844809277,0.0023688251844809277,0.1530354724998869,0.9970619099414897,1.1097083411046077e-07,4.702398758111691,0.10150168757796987,0.002796189458333334,-0.0009437511184023674,0.001667117894209369,0.0007539640091460686,-0.0017884964166666626,4.702440683089194,0.10207195845830083,4.1924977502993954e-05,0.0005702708803309586,0.0005697571225137105,0.9982020931005666,-6.601930963654097e-09,0.0006221633443924529,-0.003413936270592632,-0.003413936270592632,0.1229985566288529,1.0009017137249316,-6.59006130642496e-09,4.701712120720403,0.1011741937615422,0.0036904376666666654,0.0013236276929450494,0.0009824058662211144,0.0005149132296073298,0.0032930326916666636,4.7019336876243205,0.09543428184256333,0.00022156690391739176,-0.0057399119189788655,-0.005794734335241616,1.0195126005080146,9.43337223249032e-07,-0.005517775705344876,0.023028450775975658,0.023028450775975658,0.1626560704387172,0.9905392701216105,9.617441856306301e-07]"
/multi_agv/m2b_algorithm_state,1789558525.5869715,1789558525.5869715,m2b_algorithm_state_v1:header6+3x20,"[1.0,-0.15,0.52,4.703841599642607,0.10125037562452684,1789558525.5868506,4.70241551542417,0.10107526051423635,0.0036904376666666654,0.0015400690491437774,0.0006967361786701428,0.0005696835873880643,0.004584685874999997,4.703898125450647,0.09786909800351506,0.0014826100264766495,-0.0032061625107212832,-0.0032229675268316254,1.0106091781349205,3.4207622745360973e-07,-0.0013697049937358135,0.007773108306523853,0.007773108306523853,0.15313094169131442,0.9947858562115695,3.4570537508638666e-07,4.703395983482817,0.10150166117883513,0.002796189458333334,-0.0009434196927441069,0.0016670974126880012,0.0007538310013857075,-0.0017884964166666626,4.703475816676015,0.10050123511474864,7.983319319748716e-05,-0.0010004260640864987,-0.0010020261055319686,1.0032108174367478,-2.033298222126737e-08,-0.0009022346140351097,0.0026968844072850465,0.0026968844072850465,0.12305363349405186,0.9984031938522994,-2.03982677151245e-08,4.7027093541287766,0.10117423084204821,0.0036904376666666654,0.001323425064756204,0.0009824156482898258,0.0005149959727939052,0.0032930326916666636,4.704151342994886,0.0980452588247828,0.0014419888661096891,-0.003128972017265419,-0.0031449471643003085,1.0103312015925732,2.798300166697948e-07,-0.0013424610816631971,0.007428389614632479,0.007428389614632479,0.1624778381834707,0.9949203766548987,2.8272099698366354e-07]"
/multi_agv/m2b_algorithm_state,1789558525.5968926,1789558525.5968926,m2b_algorithm_state_v1:header6+3x20,"[1.0,-0.15,0.52,4.7048367614052555,0.10125040633325348,1789558525.5967991,4.703416828134703,0.10107523898267087,0.0036904376666666654,0.0015402226424419611,0.0006967231515815795,0.0005696237870991216,0.004584685874999997,4.70477792228737,0.09739015014203674,0.0013610941526671638,-0.0036850888406341348,-0.0037073693783161265,1.0122594967488352,4.520885292863665e-07,-0.0020060016874821718,0.010203508919953717,0.010203508919953717,0.1532411460480414,0.9939902029152242,4.576309071413384e-07,4.704397301839619,0.10150167525825798,0.002796189458333334,-0.0009435873510314904,0.0016671065910367489,0.0007538989011934283,-0.0017884964166666626,4.704474220065941,0.10050123511474864,7.69182263216095e-05,-0.0010004401435093485,-0.001002040229857168,1.0032108625259097,-2.033716696225192e-08,-0.0009058924469551562,0.002709661977472547,0.002709661977472547,0.12311789472412382,0.9984031715492625,-2.0402466809534183e-08,4.703710668953499,0.10117421263265167,0.0036904376666666654,0.0013235257277644488,0.0009824114836314742,0.0005149545056018973,0.0032930326916666636,4.705294142870804,0.09948510203276735,0.0015834739173055112,-0.0016891105998843164,-0.0016937158315713417,1.0054875506130034,8.147605727641747e-08,0.0002856265650605474,0.0010715731683865692,0.0010715731683865692,0.1623196110901162,0.9972809891711572,8.192316126446977e-08]"
/multi_agv/m2b_algorithm_state,1789558525.607053,1789558525.607053,m2b_algorithm_state_v1:header6+3x20,"[1.0,-0.15,0.52,4.705842413009131,0.1012503693259184,1789558525.6069162,4.704411999673305,0.10107531176538985,0.0036904376666666654,0.0015397084784786173,0.0006967728030819128,0.0005698208296795845,0.004584685874999997,4.705814291039249,0.09792929469874592,0.0014022913659434977,-0.0031460170666439274,-0.0031621901753103396,1.0104031371638493,3.292724709592987e-07,-0.0014093259678809675,0.007886398728149583,0.007886398728149583,0.1533291712043185,0.9948854724827468,3.3269793763896787e-07,4.705392451625182,0.10150163162957751,0.002796189458333334,-0.0009430297460802269,0.0016670706597805562,0.0007536758889720718,-0.0017884964166666626,4.705761203517309,0.10325683418177703,0.00036875189212626225,0.0017552025521995196,0.001750379254790629,0.9945406597645102,-6.243943188716626e-08,0.0022113191199484568,-0.009635320605660892,-0.009635320605660892,0.1231702777890354,1.0027555727684099,-6.209855378438353e-08,4.704705832917279,0.1011742756047931,0.0036904376666666654,0.0013231826064510855,0.0009824288734475058,0.0005150941898536985,0.0032930326916666636,4.7062426945852005,0.09826950304654575,0.001536861667921663,-0.002904772558247351,-0.002918517200780512,1.0095668475519641,2.4108646537031993e-07,-0.0009974401158784332,0.006121338129557218,0.006121338129557218,0.16213550157863116,0.9952905391376536,2.4339290283135966e-07]"
/multi_agv/m2b_algorithm_state,1789558525.616955,1789558525.616955,m2b_algorithm_state_v1:header6+3x20,"[1.0,-0.15,0.52,4.706840255713816,0.10125038333541085,1789558525.6168797,4.705417639881357,0.10107522064151675,0.0036904376666666654,0.0015403561111710625,0.0006967152495287003,0.0005695700442112593,0.004584685874999997,4.707030024213565,0.09964894976568824,0.0016123843322075615,-0.0014262708758285142,-0.0014295522601511395,1.0046260705381138,6.762820799830866e-08,0.0005859281551083124,0.00010975910459461169,0.00010975910459461169,0.15345490041424237,0.9977046069499563,6.794106085887507e-08,4.7063981168913775,0.10150168941522453,0.002796189458333334,-0.0009437349902802665,0.0016671116467392721,0.0007539602679184215,-0.0017884964166666626,4.706477374023826,0.10241645953130027,7.925713244816279e-05,0.0009147701160757415,0.0009134516010886143,0.9971272808033176,-1.698314537920697e-08,0.0010125230166488177,-0.004962535417508919,-0.004962535417508919,0.12324496121636734,1.0014434426362118,-1.6934357571456074e-08,4.705711482254658,0.10117419792101388,0.0036904376666666654,0.001323609701885982,0.0009824098073905494,0.0005149189780460843,0.0032930326916666636,4.707056870476535,0.09658381345949237,0.0013453882218765756,-0.004590384461521518,-0.004625146491637708,1.015406281896481,6.029038813487145e-07,-0.0029434112142919886,0.01363047937222598,0.01363047937222598,0.1619996285153628,0.9924841234371624,6.121923885012554e-07]"
/multi_agv/m2b_algorithm_state,1789558525.6270652,1789558525.6270652,m2b_algorithm_state_v1:header6+3x20,"[1.0,-0.15,0.52,4.7078432790395155,0.10125036393534004,1789558525.6269386,4.706415486925161,0.10107525439950879,0.0036904376666666654,0.001540117268506507,0.0006967373284593843,0.0005696620882648995,0.004584685874999997,4.707903643781405,0.09953040191361491,0.0014881568562437053,-0.00154485248589388,-0.0015487056266197403,1.0050173849576471,7.93350712590292e-08,0.00031149044368489133,0.0011320972567452432,0.0011320972567452432,0.1535525258796942,0.997512025100425,7.973312585217811e-08,4.707395954328972,0.10150166872490343,0.002796189458333334,-0.0009434758721847984,0.0016670958454678697,0.000753856168477729,-0.0017884964166666626,4.7072482066161445,0.10110316084776731,-0.00014774771282777266,-0.00039850787713612,-0.0003987606075343042,1.0012702963905182,-3.2251594920073346e-09,-0.00058344524856902,0.0013039358299205567,0.0013039358299205567,0.12330437824007663,0.9993662102188405,-3.229256400468877e-09,4.706709325887315,0.10117422688182034,0.0036904376666666654,0.0013234514824787733,0.0009824173897623476,0.0005149836159493771,0.0032930326916666636,4.708311230917701,0.09886959616798241,0.0016019050303857085,-0.002304630713837935,-0.002313243649525683,1.0075392942343775,1.5172935912614303e-07,-0.00031086236154354713,0.0034470077474961654,0.0034470077474961654,0.16183066539110907,0.9962766846071258,1.5287329140858854e-07]"
/multi_agv/m2b_algorithm_state,1789558525.6369467,1789558525.6369467,m2b_algorithm_state_v1:header6+3x20,"[1.0,-0.15,0.52,4.708837042151494,0.10125040383584666,1789558525.6368287,4.7074185041406595,0.10107520736292229,0.0036904376666666654,0.001540451011117373,0.0006967064785737159,0.0005695334712277566,0.004584685874999997,4.708758775547804,0.09802131723989176,0.0013402714071446553,-0.0030538901230305338,-0.003069119361503588,1.0100880880212517,3.104016024156519e-07,-0.0013937801025727687,0.007793691312144704,0.007793691312144704,0.15366867391694392,0.9950379126129546,3.1353296110275857e-07,4.7083989850489765,0.10150169795238206,0.002796189458333334,-0.0009438390417586392,0.001667118028382042,0.000754002051126107,-0.0017884964166666626,4.708243268585935,0.10171789969374873,-0.00015571646304124442,0.0002162017413666617,0.00021612769904755827,0.9993156237780527,-9.492405799131918e-10,2.148212024600274e-05,-0.0011175151510340482,-0.0011175151510340482,0.12337515325892161,1.0003425859777795,-9.485909422313916e-10,4.707712347928911,0.10117418649071573,0.0036904376666666654,0.0013236729320157876,0.0009824069442698757,0.0005148930595336425,0.0032930326916666636,4.709415367996859,0.09953106963107825,0.001703020067947314,-0.0016431168596374862,-0.0016474732003623463,1.0053353627709332,7.710555978869851e-08,0.0004813018845717962,0.00036053316003661256,0.00036053316003661256,0.16168602908932161,0.9973557441032109,7.751694592182709e-08]"
/multi_agv/m2b_algorithm_state,1789558525.6471431,1789558525.6471431,m2b_algorithm_state_v1:header6+3x20,"[1.0,-0.15,0.52,4.70984329462465,0.1012503630634073,1789558525.6469889,4.708412279755956,0.1010753032731047,0.0036904376666666654,0.0015397721357863965,0.0006967699424778922,0.0005697947248376574,0.004584685874999997,4.70959579817968,0.09631318889069623,0.0011835184237236618,-0.004762114382408464,-0.004799623494142588,1.0160341890369435,7.552498258513459e-07,-0.003320225464488011,0.015228510745061041,0.015228510745061041,0.15375166066469262,0.9921849887225737,7.67359644329165e-07,4.70939273296106,0.10150163926153632,0.002796189458333334,-0.0009431019737683797,0.0016670724286989014,0.0007537062770689995,-0.0017884964166666626,4.70936522985416,0.1029022744552564,-2.750310690036173e-05,0.001400635193720079,0.0013975554854381137,0.9956258034831859,-3.977410176242791e-08,0.0013631766018126616,-0.006439068745662038,-0.006439068745662038,0.12342775278761385,1.0022036393646294,-3.960012202503928e-08,4.708706113737465,0.10117426897289895,0.0036904376666666654,0.0013232221538198963,0.0009824287659055296,0.0005150771035823502,0.0032930326916666636,4.710319118577931,0.09816082312707386,0.0016130048404656705,-0.003013445845825094,-0.0030282502482288603,1.0099368709572634,2.5948890367959343e-07,-0.0010119941976467722,0.006218983647405479,0.006218983647405479,0.16150250274334316,0.9951112354692533,2.620674114302993e-07]"
/multi_agv/m2b_algorithm_state,1789558525.6570778,1789558525.6570778,m2b_algorithm_state_v1:header6+3x20,"[1.0,-0.15,0.52,4.710843448655809,0.1012503626257953,1789558525.656944,4.709418519569534,0.10107520355949254,0.0036904376666666654,0.0015404801809437937,0.0006967059929166902,0.0005695210799457003,0.004584685874999997,4.710654464079721,0.09837165388495403,0.001235944510186826,-0.002703549674538508,-0.002715453775543371,1.0088957670021443,2.432179141424136e-07,-0.0011705231378098383,0.006860756251736785,0.006860756251736785,0.15387919025609775,0.9956161651094646,2.4538152403737206e-07,4.710399000675395,0.10150170191024946,0.002796189458333334,-0.0009438726172361456,0.0016671181522331935,0.0007540165405264532,-0.0017884964166666626,4.710389339735423,0.1029022744552564,-9.660939971567473e-06,0.001400572545006945,0.001397493113387068,0.9956259997512811,-3.9803032162500226e-08,0.0013854169384226087,-0.006519149283511499,-0.006519149283511499,0.12350659191255772,1.0022035397458335,-3.962893368992168e-08,4.709712363629022,0.10117418372047993,0.0036904376666666654,0.0013236901962329515,0.0009824073650220198,0.0005148853573323274,0.0032930326916666636,4.711175424901234,0.09687518283019086,0.001463061272212407,-0.004299000890289062,-0.0043294232514091025,1.0143814793606256,5.287294270927825e-07,-0.0025005966611435938,0.011967688838816971,0.011967688838816971,0.16137483491591553,0.9929731145805302,5.363333384358727e-07]"
/multi_agv/m2b_algorithm_state,1789558525.6675508,1789558525.6675508,m2b_algorithm_state_v1:header6+3x20,"[1.0,-0.15,0.52,4.711849418255505,0.10125032500090247,1789558525.6674745,4.71041867324276,0.10107520359258398,0.0036904376666666654,0.0015404791773411604,0.0006967042285769048,0.0005695224326775269,0.004584685874999997,4.7116240959413815,0.10004205031394425,0.001205422698621561,-0.0010331532786397313,-0.0010348699847007171,1.0033361788958288,3.547905623544784e-08,0.0004719083885762342,0.0003347366133157892,0.0003347366133157892,0.15398487579604134,0.9983411384170329,3.559742071410446e-08,4.711399155241249,0.10150170099358038,0.002796189458333334,-0.0009438712266418223,0.001667119756320723,0.0007540151033552378,-0.0017884964166666626,4.710888864921834,0.10130918999340474,-0.0005102903194149633,-0.0001925110001756436,-0.0001925698868848574,1.0006122208978105,-7.528495701750589e-10,-0.0008304327861535615,0.002088736088952032,0.002088736088952032,0.12357371906336677,0.9996942060351885,-7.533104804148278e-10,4.710712517483418,0.10117418329122155,0.0036904376666666654,0.001323691674166416,0.0009824064438577638,0.000514885195845216,0.0032930326916666636,4.712034850244404,0.0984009968644102,0.0013223327609859226,-0.002773186426811347,-0.0027857016346325672,1.0091200017087214,2.1980467640474648e-07,-0.001132785683400164,0.006541138433710051,0.006541138433710051,0.1612221598839289,0.9955073408919218,2.2180929542914271e-07]"
/multi_agv/m2b_algorithm_state,1789558525.677238,1789558525.677238,m2b_algorithm_state_v1:header6+3x20,"[1.0,-0.15,0.52,4.712840991762373,0.10125037984015837,1789558525.6771398,4.7114246306751255,0.10107511505702081,0.0036904376666666654,0.0015411044696271004,0.0006966425325041212,0.0005692834855472671,0.004584685874999997,4.712636397461691,0.09955697526690288,0.001211766786565427,-0.001518139790117931,-0.0015218600886334635,1.0049291526085018,7.666293859456792e-08,-7.151605426679872e-06,0.00224608956838561,0.00224608956838561,0.15411022097658578,0.9975554267154262,7.704082191831675e-08,4.71240513980784,0.1015017535878085,0.002796189458333334,-0.0009445495118955809,0.0016671646570056708,0.0007542857607180514,-0.0017884964166666626,4.711898537737915,0.10130918999340474,-0.0005066020699251439,-0.00019256359440375515,-0.0001926225132746638,1.0006123880865865,-7.538021401510883e-10,-0.0008258751006810937,0.002071912128881509,0.002071912128881509,0.12365287603538878,0.9996941226136704,-7.542637596013602e-10,4.71171848428355,0.10117410635787813,0.0036904376666666654,0.001324110581595261,0.0009823846666968897,0.0005147149433762685,0.0032930326916666636,4.713087084835554,0.09873102041054192,0.0013686005520048283,-0.002443085947336207,-0.0024527749546311194,1.00800469423284,1.7060838824991773e-07,-0.000742024264625084,0.005025539686179525,0.005025539686179525,0.16109468177467817,0.9960497773036134,1.7197405623141596e-07]"
/multi_agv/m2b_algorithm_state,1789558525.6872816,1789558525.6872816,m2b_algorithm_state_v1:header6+3x20,"[1.0,-0.15,0.52,4.713844456467883,0.1012503577006788,1789558525.6871796,4.712416220995416,0.10107524986845295,0.0036904376666666654,0.001540147063971611,0.0006967276017544317,0.0005696542324750971,0.004584685874999997,4.713478100486803,0.09787228031290472,0.001061879491387252,-0.0032029695555482324,-0.0032197407168862813,1.0105982350402458,3.414118443633518e-07,-0.0018923913526522162,0.009605760614359495,0.009605760614359495,0.15418622511528307,0.9947911453707776,3.450302073354384e-07,4.713396693144412,0.10150166838787716,0.002796189458333334,-0.000943507691124371,0.001667104146118703,0.0007538656431563678,-0.0017884964166666626,4.713013695407229,0.10131123605124677,-0.0003829977371827553,-0.0001904323366303945,-0.00019048995764926128,1.0006055963345892,-7.363946626139425e-10,-0.0006692371291277054,0.0015163277890320923,0.0015163277890320923,0.12370455838488482,0.9996975115141089,-7.368406205224326e-10,4.7127100611472885,0.101174221264145,0.0036904376666666654,0.0013234794341185304,0.0009824129400535682,0.0005149738145157341,0.0032930326916666636,4.714047846154117,0.09832756077933653,0.0013377850068287955,-0.002846660484808472,-0.002859854927494495,1.0093693504273737,2.315800305817718e-07,-0.0011876236689585006,0.006764940523314217,0.006764940523314217,0.16090958261107258,0.9953863244743038,2.3374978504027435e-07]"
/multi_agv/m2b_algorithm_state,1789558525.6970286,1789558525.6970286,m2b_algorithm_state_v1:header6+3x20,"[1.0,-0.15,0.52,4.714840459839087,0.1012503836753032,1789558525.6969461,4.713419678752692,0.10107519639369238,0.0036904376666666654,0.0015405260571667088,0.0006966924076930777,0.0005695082608040883,0.004584685874999997,4.714485461159201,0.09855744160440816,0.0010657824065090082,-0.0025177547892842184,-0.0025280645384826656,1.0082671673959098,2.1091816898362e-07,-0.0011958365303464053,0.006870557063273372,0.006870557063273372,0.1543033957212989,0.995921880536865,2.126618647934464e-07,4.714400166279551,0.10150170137429652,0.002796189458333334,-0.0009439195627889843,0.001667129435002579,0.000754031020853127,-0.0017884964166666626,4.71402445613133,0.10131123605124677,-0.00037571014822113113,-0.0001904653230497544,-0.00019052296402103977,1.0006057011912795,-7.369712763877937e-10,-0.0006601606492974537,0.0014837306639442186,0.0014837306639442186,0.12378058696734827,0.9996974591930082,-7.374176607678405e-10,4.713713524371408,0.10117417533404754,0.0036904376666666654,0.0013237308722766103,0.0009824009181851343,0.0005148710791660562,0.0032930326916666636,4.715074130036001,0.09882510551612075,0.001360605664593173,-0.002349069817926791,-0.002358021114279363,1.0076885167253484,1.5767514857036096e-07,-0.0006572640335378967,0.004686093108910203,0.004686093108910203,0.16077547055203933,0.996203894741075,1.5888743658731597e-07]"
/multi_agv/m2b_algorithm_state,1789558525.7069685,1789558525.7069685,m2b_algorithm_state_v1:header6+3x20,"[1.0,-0.15,0.52,4.715842959881466,0.10125036757987217,1789558525.706878,4.714415690200795,0.10107525945437111,0.0036904376666666654,0.0015400789817219466,0.0006967333076252297,0.0005696807754006299,0.004584685874999997,4.71554103651381,0.0993683300092524,0.0011253463130147523,-0.0017069294451187156,-0.001711639241040856,1.0055539095192527,9.686320064723075e-08,-0.00030495634977241557,0.0033798058943814674,0.0033798058943814674,0.15439410084064614,0.9972483711466698,9.740117009937068e-08,4.715396159891296,0.1015016621980384,0.002796189458333334,-0.0009434335210781611,0.0016671001566255228,0.0007538355682055881,-0.0017884964166666626,4.7150910176941085,0.10137850180926089,-0.000305142197187358,-0.00012316038877750735,-0.00012318447787015185,1.0003913648983846,-3.079759729097333e-10,-0.0005046122243543493,0.0009025609582419968,0.0009025609582419968,0.12384222357957048,0.9998044470126352,-3.0809650389507607e-10,4.714709529425171,0.1011742293735001,0.0036904376666666654,0.0013234348328222422,0.0009824147546787284,0.0005149922035399463,0.0032930326916666636,4.716074141464725,0.09845785391082897,0.0013646120395538475,-0.0027163754626711306,-0.0027283780169473013,1.0089274695855384,2.1084242510542644e-07,-0.001022612967504992,0.0061293634144060655,0.0061293634144060655,0.16061134113150694,0.9956008462897674,2.1272471444289629e-07]"
/multi_agv/m2b_algorithm_state,1789558525.7171266,1789558525.7171266,m2b_algorithm_state_v1:header6+3x20,"[1.0,-0.15,0.52,4.716842655491523,0.10125036987125591,1789558525.7169871,4.71541818527011,0.1010752200132921,0.0036904376666666654,0.0015403590766515747,0.0006967081502217806,0.0005695724514712784,0.004584685874999997,4.716608602156268,0.09991660533073823,0.0011904168861578412,-0.001158614682553863,-0.0011607756844050938,1.0037466092006846,4.46194158721716e-08,0.0003272454232922078,0.0009028455416338578,0.0009028455416338578,0.15450763729962652,0.9981383122680259,4.478658738620745e-08,4.716398665917439,0.10150168702343532,0.002796189458333334,-0.0009437382746615439,0.0016671181079193076,0.0007539583306894471,-0.0017884964166666626,4.7160800082618595,0.1011942360352237,-0.0003186576555798126,-0.00030745098821161054,-0.0003076013148655676,1.000979028228768,-1.920093894777051e-09,-0.0007059233843403334,0.0016977824917395884,0.0016977824917395884,0.12391772020823463,0.9995112938511893,-1.921973720901923e-09,4.715712028456849,0.10117419570288909,0.0036904376666666654,0.0013236197277719107,0.0009824063356943307,0.0005149164380092702,0.0032930326916666636,4.717046255473317,0.09861021501880052,0.0013342270164677927,-0.002563980684088571,-0.0025746620270068084,1.0084122116876175,1.8785619706126924e-07,-0.0009068782564220675,0.005657174778683211,0.005657174778683211,0.16047601965562353,0.9958513611471347,1.8943648315777943e-07]"
/multi_agv/m2b_algorithm_state,1789558525.7270975,1789558525.7270975,m2b_algorithm_state_v1:header6+3x20,"[1.0,-0.15,0.52,4.717843694479618,0.10125036354143468,1789558525.7269495,4.716417881545311,0.10107522581847667,0.0036904376666666654,0.0015403177580771022,0.0006967115103307718,0.0005695886135998556,0.004584685874999997,4.717543604975033,0.09992659990652056,0.0011257234297215035,-0.0011486259119561082,-0.001150749653040216,1.003713889669617,4.385190124417563e-08,0.00025640463411166336,0.001148751747174167,0.001148751747174167,0.1546111802244784,0.998154471671143,4.4014762367199434e-08,4.717398360749835,0.1015016832095098,0.002796189458333334,-0.000943693220394403,0.0016671157749348353,0.0007539400147616587,-0.0017884964166666626,4.717055700939545,0.1010297276974329,-0.00034265981028980264,-0.0004719555120768909,-0.0004723101842556079,1.0015056740570116,-4.524822873231124e-09,-0.0009006349471178611,0.002460279029750357,0.002460279029750357,0.12398825908775366,0.9992490693816479,-4.531635781643921e-09,4.716711724179423,0.10117420058578126,0.0036904376666666654,0.0013235927867924187,0.0009824073834442176,0.0005149275708729636,0.0032930326916666636,4.718208345383459,0.1001050141300845,0.0014966212040361526,-0.0010691864556967579,-0.001071023046469264,1.0034493467631131,3.263328152417213e-08,0.0007997534585759269,-0.0010252317874364942,-0.0010252317874364942,0.16033041110579302,0.998285199577581,3.2745845028167294e-08]"
/multi_agv/m2b_algorithm_state,1789558525.7371092,1789558525.7371092,m2b_algorithm_state_v1:header6+3x20,"[1.0,-0.15,0.52,4.718837459193279,0.10125040341350483,1789558525.737044,4.717418918490824,0.10107521087531478,0.0036904376666666654,0.0015404233724302927,0.0006967011426954877,0.000569548226871938,0.004584685874999997,4.718540867734805,0.099714409271524,0.00112194924398068,-0.001360801603790776,-0.001363787182475167,1.0044104670192646,6.15620715415667e-08,3.864937250068305e-05,0.002013498195680116,0.002013498195680116,0.15471932356974646,0.9978108177560576,6.183358902773838e-08,4.7183994022501015,0.10150169212408995,0.002796189458333334,-0.000943807770357664,0.001667123311450247,0.0007539857479657713,-0.0017884964166666626,4.7180400186999565,0.10071024349882574,-0.00035938355014497603,-0.0007914486252642156,-0.0007924484415140639,1.0025341096345342,-1.2728965266846343e-08,-0.001241677879195284,0.0038070209425707514,0.0038070209425707514,0.12406221084431254,0.9987383201259906,-1.2761221860366709e-08,4.7177127626979285,0.10117418762489935,0.0036904376666666654,0.0013236634244886756,0.0009824037221048522,0.0005148988566616389,0.0032930326916666636,4.719319731964044,0.10129060418085095,0.0016069692661151436,0.00011641655595159839,0.00011639497619078582,0.9996294296066632,3.865889105012996e-10,0.0021251065588347154,-0.0062759840981062385,-0.0062759840981062385,0.1601918283056443,1.000185401136018,3.864456520966755e-10]"
/multi_agv/m2b_algorithm_state,1789558525.7470524,1789558525.7470524,m2b_algorithm_state_v1:header6+3x20,"[1.0,-0.15,0.52,4.719844087426456,0.10125036020506578,1789558525.7469127,4.718412695778984,0.1010753064964528,0.0036904376666666654,0.0015397465516092043,0.000696764885308098,0.0005698084449685973,0.004584685874999997,4.719508874508541,0.09932776223478955,0.0010961787295578063,-0.0017475442616632503,-0.0017524823615162077,1.005688657028422,1.0150840717420657e-07,-0.00038225894956894985,0.0036700782326121997,0.0036700782326121997,0.15480189989044282,0.9971822256466621,1.0208585368812205e-07,4.719393151659969,0.1015016337492494,0.002796189458333334,-0.0009430727121943483,0.0016670774000688837,0.0007536910072337283,-0.0017884964166666626,4.719082177812566,0.10138307802111317,-0.0003109738474034174,-0.00011855572813623816,-0.00011857804886895847,1.000376713182701,-2.8526753798206264e-10,-0.0005072953581232302,0.0009104015507344831,0.0009104015507344831,0.12412224577132201,0.9998117633665486,-2.8537500202421716e-10,4.718706530140886,0.10117426999481229,0.0036904376666666654,0.0013232133225747574,0.000982425671955234,0.0005150825408784501,0.0032930326916666636,4.7201589794545065,0.09959995575951068,0.0014524493136205407,-0.0015743142353016049,-0.0015783113084633649,1.005107985289387,7.075556106751296e-08,0.00023725033356231107,0.0011905034764252398,0.0011905034764252398,0.1600248210503656,0.9974675001437762,7.111697943258813e-08]"
/multi_agv/m2b_algorithm_state,1789558525.7569685,1789558525.7569685,m2b_algorithm_state_v1:header6+3x20,"[1.0,-0.15,0.52,4.720841943440717,0.10125037440871036,1789558525.756868,4.719419310653927,0.10107520077201898,0.0036904376666666654,0.00154049711609873,0.0006966973131444119,0.0005695182540038451,0.004584685874999997,4.72083061392107,0.09952757471322032,0.0014113032671430048,-0.0015476260587986568,-0.0015514931311037558,1.005026553679477,7.964000330617148e-08,0.0002126359528250002,0.0014827056550156493,0.0014827056550156493,0.154929317778178,0.9975075156779147,8.004031805782367e-08,4.720399795971649,0.10150170016553291,0.002796189458333334,-0.000943889304787498,0.0016671256355795805,0.0007540198814013493,-0.0017884964166666626,4.7200900202998906,0.10138307802111317,-0.0003097756717584943,-0.00011862214441973884,-0.00011864449015924621,1.0003769241667646,-2.858344599636408e-10,-0.0005058640798573641,0.0009045354933019645,0.0009045354933019645,0.12420881817013864,0.9998116580089191,-2.859421978792952e-10,4.719713155653792,0.10117417967764548,0.0036904376666666654,0.0013237090650355774,0.0009824030419396841,0.000514879427083342,0.0032930326916666636,4.72146747871342,0.09983007782227443,0.0017543230596279713,-0.001344101855371052,-0.0013470103645669676,1.004349740975716,5.158667312413248e-08,0.0008458934599679965,-0.0010625777794869792,-0.0010625777794869792,0.159912009052518,0.9978407670256862,5.181106179002139e-08]"
/multi_agv/m2b_algorithm_state,1789558525.7670207,1789558525.7670207,m2b_algorithm_state_v1:header6+3x20,"[1.0,-0.15,0.52,4.721840048537326,0.10125038657772405,1789558525.7668276,4.720417171007322,0.10107523568286568,0.0036904376666666654,0.0015402492711758132,0.0006967192889163693,0.0005696142538154062,0.004584685874999997,4.721955706104761,0.10079165158995075,0.0015385350974383982,-0.00028358409291492914,-0.0002837127026926276,1.0009080019233592,2.6712621194112282e-09,0.0016394561691053702,-0.0041464518800678534,-0.0041464518800678534,0.15502596900195317,0.9995466900971375,2.67368763055345e-09,4.7213976467827745,0.10150167811798096,0.002796189458333334,-0.0009436196798750431,0.0016671100261724803,0.0007539111278118127,-0.0017884964166666626,4.721452753036402,0.10156893578243642,5.510625362781241e-05,6.7257664455464e-05,6.725049088400046e-05,0.9997867382413235,-9.185146085896697e-11,0.00013613330791876598,-0.0014572799412602344,-0.0014572799412602344,0.12427847761217535,1.0001066694290144,-9.183187245488717e-11,4.720711012532054,0.10117420942528442,0.0036904376666666654,0.0013235457302285376,0.0009824103448407683,0.0005149464276733252,0.0032930326916666636,4.7227074668065105,0.10224386202313672,0.001996454274456383,0.0010696525978522997,0.0010678438836884303,0.9966318265632632,3.2611512809294894e-08,0.003563411726758909,-0.01185716555805246,-0.01185716555805246,0.15976476746783433,1.0016938001813729,3.2501671578118826e-08]"
/multi_agv/m2b_algorithm_state,1789558525.7770395,1789558525.7770395,m2b_algorithm_state_v1:header6+3x20,"[1.0,-0.15,0.52,4.72283686270525,0.10125040652869845,1789558525.7768233,4.7214152799814935,0.10107526445778249,0.0036904376666666654,0.001540046084996634,0.0006967389953896229,0.000569692076297151,0.004584685874999997,4.7230692716362075,0.10100985489992591,0.0016539916547140265,-6.540955785658276e-05,-6.541638874248323e-05,1.0002089166598351,1.4207298216830645e-10,0.00200207317965005,-0.005536233943245844,-0.005536233943245844,0.1551233812239033,0.9998955783706225,1.4210266358119387e-10,4.722395747126184,0.10150166092591054,0.002796189458333334,-0.0009433993609834351,0.0016670957665745334,0.0007538230445594818,-0.0017884964166666626,4.722320811250666,0.1000135320979792,-7.493587551810066e-05,-0.0014881288279313398,-0.00149168221887607,1.0048024919744136,-4.5003472017486235e-08,-0.001585352063273696,0.005321196762945687,0.005321196762945687,0.12434934003879197,0.9976178633091117,-4.521960083067096e-08,4.721709118504299,0.1011742343494791,0.0036904376666666654,0.0013234100019397861,0.000982417259095359,0.0005150016640872632,0.0032930326916666636,4.723729122275534,0.10234318353072026,0.0020200037712347907,0.0011689491812411634,0.0011667906968436182,0.9963233171463454,3.8940440881294065e-08,0.0036917954108871068,-0.01236431873185774,-0.01236431873185774,0.15962006804179613,1.0018499328143293,3.879726922999206e-08]"
/multi_agv/m2b_algorithm_state,1789558525.7869186,1789558525.7869186,m2b_algorithm_state_v1:header6+3x20,"[1.0,-0.15,0.52,4.723841752022474,0.10125037442856945,1789558525.7868433,4.72241210064021,0.10107531072855479,0.0036904376666666654,0.0015397202274387554,0.0006967720379485337,0.0005698161349910328,0.004584685874999997,4.724024792641766,0.09967857760909032,0.001612692001555338,-0.0013967331194644633,-0.0013998792935949126,1.0045287520150161,6.482798748997981e-08,0.00061598570834926,-1.0436456722919419e-05,-1.0436456722919419e-05,0.155216209693166,0.9977525389904368,6.51215773689545e-08,4.7233925532552,0.1015016340946495,0.002796189458333334,-0.0009430466421235539,0.0016670716498516924,0.0007536826978531419,-0.0017884964166666626,4.7232508622769505,0.10083290313407794,-0.00014169097824989763,-0.0006687309605715591,-0.0006694441005496685,1.0021382109084558,-9.079536283967576e-09,-0.0008465578233620405,0.0023553974415007925,0.0023553974415007925,0.12441832694967796,0.9989347281161732,-9.098950247493675e-09,4.722705934220339,0.10117427476289108,0.0036904376666666654,0.001323190815691298,0.000982429142401875,0.0005150904915898046,0.0032930326916666636,4.724510607302238,0.10054685174181369,0.001804673081899466,-0.0006274230210773918,-0.0006280533657501528,1.002014072111563,1.1230807954620603e-08,0.0016277879866241798,-0.00416077534618515,-0.00416077534618515,0.15947171866387125,0.9989963517319773,1.1253427611712324e-08]"
/multi_agv/m2b_algorithm_state,1789558525.7970335,1789558525.7970335,m2b_algorithm_state_v1:header6+3x20,"[1.0,-0.15,0.52,4.724842184441777,0.10125037185665813,1789558525.7968688,4.723416980115152,0.10107523138163874,0.0036904376666666654,0.0015402844314041809,0.0006967223681771269,0.0005695974116739997,0.004584685874999997,4.72468580598989,0.09822306276756446,0.0012688258747379777,-0.0028521686140742797,-0.0028654322714673016,1.009400440774478,2.706848316516879e-07,-0.0012793999280448294,0.0073064149338992745,0.0073064149338992745,0.15533682923307338,0.9953711495731044,2.7322938838017917e-07,4.724397454346318,0.10150168466829379,0.002796189458333334,-0.0009436612112358701,0.0016671069715306075,0.0007539307191730127,-0.0017884964166666626,4.72425356180731,0.10083290313407794,-0.00014389253900759513,-0.0006687815342158454,-0.0006694947818471609,1.0021383723777428,-9.08682574109899e-09,-0.0008493604556066548,0.002364730734555055,0.002364730734555055,0.12450409586843685,0.9989346479604403,-9.106256758265118e-09,4.723710821605953,0.10117420723577583,0.0036904376666666654,0.0013235623495890156,0.0009824127860852188,0.000514937954046005,0.0032930326916666636,4.725413390812853,0.10198075232342343,0.0017025692069001508,0.0008065450876476032,0.000805514685026317,0.9974526977109608,1.85451613307312e-08,0.0029337261936515056,-0.009484663467362462,-0.009484663467362462,0.15935707083270367,1.0012791853959218,1.849792119882283e-08]"
/multi_agv/m2b_algorithm_state,1789558525.807053,1789558525.807053,m2b_algorithm_state_v1:header6+3x20,"[1.0,-0.15,0.52,4.725843701046236,0.10125036246061236,1789558525.806918,4.724417411654198,0.1010752253136607,0.0036904376666666654,0.0015403275172232796,0.0006967180018794031,0.0005695810068834958,0.004584685874999997,4.725721643558504,0.09874553129861638,0.0013042319043066186,-0.00232969401504432,-0.0023385086543984534,1.0076335156359901,1.8054075620824002e-07,-0.0007082187740151801,0.005073577816297461,0.005073577816297461,0.15544184832470992,0.9962306578008365,1.819189168936891e-07,4.72539788784899,0.10150168833157769,0.002796189458333334,-0.000943708265003089,0.0016671102216374578,0.0007539494247587181,-0.0017884964166666626,4.725483317673117,0.10223295319800707,8.542982412684808e-05,0.0007312648664293819,0.0007304211137116309,0.9976987473696248,-1.0853964974269035e-08,0.000837208393870191,-0.004253246194240367,-0.004253246194240367,0.12458164859097874,1.0011551592662258,-1.0828987258821998e-08,4.724711253822145,0.10117420192473596,0.0036904376666666654,0.0013235914377718,0.000982411271847017,0.0005149261330968497,0.0032930326916666636,4.726636246917496,0.10358122601625279,0.001924993095351546,0.0024070240915168295,0.002397957570377901,0.9925354623100093,1.649807851969495e-07,0.004804198939567334,-0.016965691923351345,-0.016965691923351345,0.15922596756779314,1.00378093476337,1.6374927990772262e-07]"
/multi_agv/m2b_algorithm_state,1789558525.8170583,1789558525.8170583,m2b_algorithm_state_v1:header6+3x20,"[1.0,-0.15,0.52,4.726839912630175,0.10125038700739132,1789558525.8169558,4.725418925181001,0.10107520321655725,0.0036904376666666654,0.0015404837204395093,0.0006967024690041508,0.000569521378674939,0.004584685874999997,4.726915969339179,0.10005718368597409,0.0014970441581780847,-0.0010180195305831558,-0.0010196861218153043,1.0032867486630652,3.444701153692776e-08,0.0008516190759073016,-0.001015176438068784,-0.001015176438068784,0.15555041771879202,0.9983655840787734,3.4560230206043346e-08,4.726399408242311,0.10150170147730735,0.002796189458333334,-0.000943877916008098,0.0016671215882233525,0.0007540170500849458,-0.0017884964166666626,4.726504263891007,0.10223295319800707,0.00010485564869622266,0.0007312517206997243,0.0007304079983841895,0.9976987888058484,-1.0855525344515792e-08,0.0008614775592544679,-0.004339786498613559,-0.004339786498613559,0.12466202163495824,1.0011551383848496,-1.0830544488074597e-08,4.725712769715398,0.1011741826879725,0.0036904376666666654,0.0013236962777787085,0.0009824058005537322,0.0005148835349794772,0.0032930326916666636,4.72755010810087,0.10224358492085431,0.00183733838547262,0.0010694022328818081,0.0010675943612368254,0.9966326041022313,3.2599965952694464e-08,0.0033642673430776004,-0.011147268619964084,-0.011147268619964084,0.15910050502957856,1.0016934068880694,3.249018896107796e-08]"
/multi_agv/m2b_algorithm_state,1789558525.8270118,1789558525.8270118,m2b_algorithm_state_v1:header6+3x20,"[1.0,-0.15,0.52,4.727843852091034,0.10125036163331946,1789558525.826891,4.726415144375154,0.10107526274422624,0.0036904376666666654,0.0015400618709656695,0.0006967410901417275,0.0005696841441731769,0.004584685874999997,4.72791767232718,0.09912184501584373,0.0015025279520264334,-0.001953417728382506,-0.001959597424740942,1.0063735771982063,1.2687749539041707e-07,-8.14374847079003e-05,0.0027004738042468966,0.0027004738042468966,0.1556406002657474,0.9968464459687413,1.2768615890200296e-07,4.727395610624117,0.10150166458651042,0.002796189458333334,-0.0009434195803724368,0.0016670939818252961,0.0007538327373572684,-0.0017884964166666626,4.726943286888165,0.10095213018269071,-0.00045232373595194275,-0.0005495344038197042,-0.000550015542026977,1.0017547165897747,-6.13319234775634e-09,-0.0011154202119669054,0.0032554703452577086,0.0032554703452577086,0.12473254651819211,0.9991252279790138,-6.143954362117227e-09,4.726708982891255,0.10117423369143733,0.0036904376666666654,0.0013234170176456522,0.0009824189142752628,0.0005149977621300432,0.0032930326916666636,4.728177878790031,0.10166946004667476,0.001468895898775635,0.0004952263552374381,0.0004948369693784099,0.9984303887799018,6.992457355862405e-09,0.0023309568428479537,-0.0071891674427405124,-0.0071891674427405124,0.158955630652976,1.0007868972674319,6.981481916340585e-09]"
/multi_agv/m2b_algorithm_state,1789558525.8369286,1789558525.8369286,m2b_algorithm_state_v1:header6+3x20,"[1.0,-0.15,0.52,4.728841669106786,0.1012503760623158,1789558525.836856,4.727419075881979,0.10107520120666955,0.0036904376666666654,0.00154049833348873,0.0006967008913171917,0.00056951586515718,0.004584685874999997,4.728429346892225,0.09757889874540716,0.0010102710102461998,-0.003496302461262382,-0.003516330225840067,1.011606907665284,4.0697844704275853e-07,-0.002253491463032317,0.010993331206471647,0.010993331206471647,0.15575587721616624,0.9943043561635624,4.1170220829934454e-07,4.7283995597107875,0.10150170279443228,0.002796189458333334,-0.000943894282713297,0.0016671228592599618,0.0007540234833384452,-0.0017884964166666626,4.728021361967753,0.10214652258349283,-0.0003781977430348249,0.0006448197890605439,0.0006441633005212086,0.9979687866059012,-8.441664428916814e-09,0.0001714161217276775,-0.0018445511785159746,-0.0018445511785159746,0.12481834419155702,1.0010191337178074,-8.42451760706031e-09,4.727712920680336,0.10117418089885657,0.0036904376666666654,0.001323706331542294,0.0009824052903926626,0.0005148794424306856,0.0032930326916666636,4.729244856017849,0.10315832931182208,0.0015319353375131683,0.0019841484129655,0.001977967932317078,0.9938170359015736,1.1214902421960671e-07,0.0038928871042085383,-0.013490347054279796,-0.013490347054279796,0.15884086478524576,1.0031246617032776,1.1145561082918333e-07]"
/multi_agv/m2b_algorithm_state,1789558525.8471467,1789558525.8471467,m2b_algorithm_state_v1:header6+3x20,"[1.0,-0.15,0.52,4.7298439629049795,0.1012503615634159,1789558525.8470206,4.728416897283099,0.1010752367170421,0.0036904376666666654,0.001540246236668551,0.0006967231451550752,0.0005696135633537434,0.004584685874999997,4.7293807395609955,0.09723196389512256,0.0009638422778968092,-0.003843272821919541,-0.003867536003478619,1.012808377864644,4.917902864274537e-07,-0.0026627331561076073,0.012567320850734044,0.012567320850734044,0.15585243859313488,0.993726449724772,4.98089322246178e-07,4.7293973714727215,0.10150168034219972,0.002796189458333334,-0.0009436201149063284,0.0016671070978047098,0.0007539128396518158,-0.0017884964166666626,4.729140900805372,0.10229361215532823,-0.0002564706673497952,0.0007919318131285047,0.0007909427101082047,0.997509553659271,-1.2727853799782052e-08,0.0004703543759209607,-0.0029752650282086866,-0.0029752650282086866,0.12489408013913611,1.0012505368690543,-1.2696155762861051e-08,4.72871073856454,0.10117421112770553,0.0036904376666666654,0.0013235403410517504,0.000982412683862721,0.0005149475470451292,0.0032930326916666636,4.730388243261672,0.10373071435966734,0.0016775046971320151,0.0025565032319618125,0.0025462872669020854,0.9920854612173294,1.8607996875414737e-07,0.004643168138317104,-0.016466016844399956,-0.016466016844399956,0.15870658385797257,1.0040121023234572,1.8460723162476454e-07]"
/multi_agv/m2b_algorithm_state,1789558525.8569987,1789558525.8569987,m2b_algorithm_state_v1:header6+3x20,"[1.0,-0.15,0.52,4.7308372275244785,0.10125040466865298,1789558525.856841,4.729419186459103,0.10107520202647166,0.0036904376666666654,0.0015404918663059217,0.0006966997757771756,0.0005695192486525584,0.004584685874999997,4.731113790217171,0.0988702143051988,0.0016946037580680695,-0.0022049877212728664,-0.002212876537009774,1.007214784180906,1.6173369476970325e-07,-9.46218394246869e-05,0.0028587005208821764,0.0028587005208821764,0.15595894855638895,0.9964350402722569,1.6290056847224718e-07,4.730399670909385,0.10150170147223618,0.002796189458333334,-0.0009438870004155647,0.00166712401321778,0.0007540197264608167,-0.0017884964166666626,4.73015806787408,0.10229361215532823,-0.00024160303530518235,0.000791910683092048,0.000790921632978558,0.9975096202256151,-1.2730773218716151e-08,0.0004889178388470801,-0.0030416056674836003,-0.0030416056674836003,0.12497637024543491,1.0012505033017816,-1.2699068758579979e-08,4.729713031346449,0.10117418119153988,0.0036904376666666654,0.0013237039539201133,0.0009824046120740174,0.000514880825859201,0.0032930326916666636,4.731766046435778,0.10267052814891883,0.00205301508932898,0.0014963469573789495,0.001492818822818733,0.9953110795028963,6.380682389858616e-08,0.004059087684479958,-0.013838244749016529,-0.013838244749016529,0.15858478136996096,1.0023634043905976,6.350763877415299e-08]"
/multi_agv/m2b_algorithm_state,1789558525.8670976,1789558525.8670976,m2b_algorithm_state_v1:header6+3x20,"[1.0,-0.15,0.52,4.731844511110412,0.10125035722571112,1789558525.8669536,4.730412464598938,0.10107530577568447,0.0036904376666666654,0.0015397572059657168,0.0006967683528454668,0.000569802023141519,0.004584685874999997,4.732212934562107,0.099769726851438,0.0018004699631690713,-0.0013055789242464588,-0.0013083259572852003,1.0042288465357327,5.6640302684749706e-08,0.0009422614966761388,-0.001204629143250762,-0.001204629143250762,0.15604241110090686,0.9979003450757475,5.6879825832540966e-08,4.731392919107083,0.10150163782277685,0.002796189458333334,-0.0009430890352618618,0.0016670747478153558,0.000753699462371582,-0.0017884964166666626,4.731223059066343,0.10110384008656866,-0.00016986004074048822,-0.0003977977362081969,-0.00039804956542970727,1.0012680230369324,-3.212356493869343e-09,-0.0006103746163553176,0.0013994737003267203,0.0013994737003267203,0.12504602987598265,0.9993673420513889,-3.216429835906409e-09,4.730706298867413,0.10117427040749766,0.0036904376666666654,0.0013232161092030692,0.0009824281288690626,0.0005150800550448326,0.0032930326916666636,4.732709152211582,0.10276677725582438,0.00200285334416872,0.0015925068483267218,0.0015885136025849934,0.9950152307951615,7.22394210857262e-08,0.004092080282795894,-0.014005005925030265,-0.014005005925030265,0.15843920056971048,1.0025138253366104,7.187932424412272e-08]"
/multi_agv/m2b_algorithm_state,1789558525.8769636,1789558525.8769636,m2b_algorithm_state_v1:header6+3x20,"[1.0,-0.15,0.52,4.732838826720839,0.1012503938817375,1789558525.876864,4.731419733443417,0.10107519009430134,0.0036904376666666654,0.0015405781114218894,0.0006966938134617346,0.0005694849662766009,0.004584685874999997,4.733215238001771,0.09953143658885114,0.0017955045583537554,-0.0015437535054502044,-0.0015476011374879074,1.005013757917553,7.924590648220855e-08,0.000696779560454287,-0.0002281261771695112,-0.0002281261771695112,0.15616127275376218,0.9975138089883105,7.96432262732674e-08,4.7324002204734175,0.10150171015750775,0.002796189458333334,-0.0009439820230159632,0.0016671280890170337,0.0007540587953899225,-0.0017884964166666626,4.7322297411049465,0.10110384008656866,-0.0001704793684709216,-0.00039787007093909643,-0.0003981219916442996,1.0012682534109405,-3.216566760482226e-09,-0.0006112212022329516,0.0014016137763616814,0.0014016137763616814,0.12513704725751296,0.9993672273562113,-3.220646182247725e-09,4.731713579414401,0.10117417142532424,0.0036904376666666654,0.0013237590413000557,0.000982403052072511,0.0005148577590955643,0.0032930326916666636,4.733755726096267,0.10314739985447569,0.002042146681866086,0.001973228429151444,0.001967115283982239,0.9938502965801577,1.1092329140401934e-07,0.0045197986363148465,-0.01572567494852485,-0.01572567494852485,0.15833413471849217,1.0031076700074384,1.1024114605953187e-07]"
/multi_agv/m2b_algorithm_state,1789558525.88743,1789558525.88743,m2b_algorithm_state_v1:header6+3x20,"[1.0,-0.15,0.52,4.733841532113055,0.10125037618841835,1789558525.8872974,4.732414060447924,0.10107527895555041,0.0036904376666666654,0.0015399483028197647,0.0006967515989698466,0.0005697279051006611,0.004584685874999997,4.734102246401652,0.09824463119525967,0.0016881859537276611,-0.0028306477602907387,-0.0028437098913951238,1.0093272526258836,2.6655341361426343e-07,-0.0007334774492355474,0.005378814336798706,0.005378814336798706,0.15625207344873707,0.9954066583430644,2.6903962464133533e-07,4.733394522301888,0.10150165509355409,0.002796189458333334,-0.0009432976162349468,0.0016670867431463066,0.0007537836354497979,-0.0017884964166666626,4.733471318638481,0.10318839219621252,7.679633659307683e-05,0.001686737102658431,0.0016822804354867764,0.9947495044555005,-5.76825406270183e-08,0.0017782758562281224,-0.0080562666156173,-0.0080562666156173,0.12521245720659868,1.0026491820731214,-5.737967870446073e-08,4.732707897412705,0.10117424759610798,0.0036904376666666654,0.0013233419314276312,0.0009824226758405894,0.0005150283524701241,0.0032930326916666636,4.734830522587299,0.1034034833766535,0.0021226251745947167,0.002229235780545527,0.0022214486443770686,0.9930727393524102,1.415012585449394e-07,0.004874730112620464,-0.017126725442522094,-0.017126725442522094,0.15820036295429457,1.00350543155169,1.405210424450366e-07]"
/multi_agv/m2b_algorithm_state,1789558525.8973062,1789558525.8973062,m2b_algorithm_state_v1:header6+3x20,"[1.0,-0.15,0.52,4.734837913270794,0.10125039923808588,1789558525.8970935,4.73341676041213,0.10107523512875669,0.0036904376666666654,0.0015402600755885574,0.0006967242527917247,0.0005696069886351153,0.004584685874999997,4.734721100348805,0.09818938641327124,0.0013043399366754471,-0.002885848715485445,-0.002899430909621381,1.009515039894202,2.771170497310951e-07,-0.001269005988777072,0.007284174270838413,0.007284174270838413,0.15636240222590564,0.9953155655163691,2.797538295146501e-07,4.734397234181887,0.10150168311342454,0.002796189458333334,-0.0009436373520819797,0.0016671062064963493,0.0007539207750185822,-0.0017884964166666626,4.7344979258156314,0.10318839219621252,0.00010069163374470946,0.0016867090827879794,0.0016822525644376906,0.9947495920079746,-5.7701392140466955e-08,0.0018081171066185774,-0.008163152128137941,-0.008163152128137941,0.12530002636934062,1.002649137498434,-5.739843629002166e-08,4.733710601745147,0.10117421032307382,0.0036904376666666654,0.0013235471267924238,0.0009824137039618824,0.00051494407510096,0.0032930326916666636,4.735409636971141,0.1030749933974565,0.0016990352259940167,0.0019007830743826837,0.001895107451157526,0.9940711765360929,1.0291693169983235e-07,0.004018901483650047,-0.01389888786879665,-0.01389888786879665,0.15808936140839072,1.0029948820166852,1.0230675538033707e-07]"
/multi_agv/m2b_algorithm_state,1789558525.9071739,1789558525.9071739,m2b_algorithm_state_v1:header6+3x20,"[1.0,-0.15,0.52,4.735840401338993,0.1012503827766225,1789558525.9069731,4.734413148859482,0.10107528996365199,0.0036904376666666654,0.0015398725312402019,0.0006967613350971286,0.0005697556847151338,0.004584685874999997,4.7357917807833365,0.09989881160626302,0.0013786319238544564,-0.0011764783573889742,-0.0011787068081197513,1.0038051381587525,4.599193181203742e-08,0.0005445830966983192,0.00014211396278770625,0.00014211396278770625,0.15645235246465686,0.9981094104866232,4.616693746677015e-08,4.735393606429828,0.10150165006512957,0.002796189458333334,-0.0009432170241420413,0.001667079477103428,0.000753752481131062,-0.0017884964166666626,4.734691837285628,0.10081703889282845,-0.0007017691442001706,-0.0006846111723011195,-0.0006853586736277888,1.0021893800772386,-9.51769839198621e-09,-0.001562570103878002,0.004897839716614141,0.004897839716614141,0.1253765151689451,0.9989093282752043,-9.53853625122679e-09,4.734706984523071,0.10117425768547608,0.0036904376666666654,0.0013232888646652389,0.0009824266390515476,0.0005150492933652384,0.0032930326916666636,4.736400122698651,0.10202006097970946,0.0016931381755798114,0.0008458032942333799,0.0008446704791252949,0.9973299032259167,2.0389658543985327e-08,0.0029610931986000593,-0.009601571216520813,-0.009601571216520813,0.15795735064222238,1.0013411325908512,2.0335216182482372e-08]"
/multi_agv/m2b_algorithm_state,1789558525.9172134,1789558525.9172134,m2b_algorithm_state_v1:header6+3x20,"[1.0,-0.15,0.52,4.736840494553444,0.10125038211810344,1789558525.9170227,4.735415631926652,0.1010752487135271,0.0036904376666666654,0.0015401664915226012,0.0006967362128019513,0.0005696413324759619,0.004584685874999997,4.736967435586094,0.10122647507553305,0.0015518036594421858,0.00015122636200594342,0.0001511899085266883,0.999518170606114,7.593671079302665e-10,0.0020909444828294205,-0.0059547536362371785,-0.0059547536362371785,0.15656198950734487,1.0002411105318494,7.590012225369155e-10,4.736396100431989,0.10150167686163819,0.002796189458333334,-0.0009435377737168661,0.0016670972789913918,0.0007538822550471058,-0.0017884964166666626,4.7356967432188375,0.10081703889282845,-0.000699357213151508,-0.0006846379688097426,-0.000685385528534303,1.0021894656443915,-9.521679315676925e-09,-0.0015595820449736879,0.004886948618166755,0.004886948618166755,0.125465223512947,0.9989092858056705,-9.542526705415513e-09,4.735709471658335,0.10117422275470217,0.0036904376666666654,0.0013234816775120908,0.0009824185645503922,0.0005149699165604388,0.0032930326916666636,4.7373073140186115,0.10066570173689626,0.0015978423602769354,-0.0005085210178059074,-0.0005089347176993159,1.0016301949688486,7.378494366592555e-09,0.0014883682326468533,-0.0037222051427353788,-0.0037222051427353788,0.15784872597008937,0.999187125815903,7.390522750986653e-09]"
/multi_agv/m2b_algorithm_state,1789558525.9271288,1789558525.9271288,m2b_algorithm_state_v1:header6+3x20,"[1.0,-0.15,0.52,4.737840282121341,0.10125038342718441,1789558525.9269795,4.736415724937422,0.10107524664801892,0.0036904376666666654,0.0015401818372153936,0.0006967353523300796,0.0005696351283322409,0.004584685874999997,4.738212032452469,0.10074704934320142,0.001796307515046891,-0.00032819730481750686,-0.00032836962116506265,1.0010513785860453,3.57781001371153e-09,0.001917014772643551,-0.005109739032372638,-0.005109739032372638,0.15666272549159715,0.9994752366344231,3.5815716465448845e-09,4.73739619385478,0.10150167860543796,0.002796189458333334,-0.000943555150103601,0.0016670979040060985,0.0007538894620035264,-0.0017884964166666626,4.737354492876886,0.10300643870436549,-4.170097789391036e-05,0.0015047600989275267,0.0015012082841705588,0.9953062108179119,-4.592619275729948e-08,0.0014490820618031708,-0.006795101516947861,-0.006795101516947861,0.1255495290718395,1.00236597066138,-4.571062489056078e-08,4.736709564868131,0.10117422110085347,0.0036904376666666654,0.001323491371111527,0.0009824184521453738,0.0005149657732379052,0.0032930326916666636,4.738760151852959,0.10017002108551307,0.0020505869848275182,-0.0010042000153404063,-0.0010058193361889396,1.0032373133749126,2.8783374676775692e-08,0.0015574143948454582,-0.003735086508482867,-0.003735086508482867,0.1577317629172087,0.998390048003383,2.887655548059194e-08]"
/multi_agv/m2b_algorithm_state,1789558525.937399,1789558525.937399,m2b_algorithm_state_v1:header6+3x20,"[1.0,-0.15,0.52,4.738837469035144,0.10125040118135524,1789558525.9372618,4.737415512912681,0.10107524935691556,0.0036904376666666654,0.0015401633362034234,0.0006967375928081051,0.0005696419823747243,0.004584685874999997,4.739038024362984,0.09968502373084706,0.0016225114503036764,-0.0013902256260684975,-0.001393342401677679,1.0045073252326153,6.424353542296161e-08,0.0006347969112019164,-7.9392848795204e-05,-7.9392848795204e-05,0.156762361718238,0.997763094264964,6.453310193120594e-08,4.738395980892278,0.10150167738639335,0.002796189458333334,-0.0009435357435521501,0.0016670963128095906,0.0007538818776267747,-0.0017884964166666626,4.738371940314272,0.10300643870436549,-2.4040578006534474e-05,0.001504761317972142,0.0015012094974341766,0.9953062070024797,-4.592532279632741e-08,0.0014711587749260085,-0.006873866600398469,-0.006873866600398469,0.12563396125564089,1.0023659726001175,-4.570975883777715e-08,4.737709352559066,0.10117422353824436,0.0036904376666666654,0.0013234786536511982,0.0009824193922308051,0.0005149707967728842,0.0032930326916666636,4.739865071893516,0.10140338549276266,0.0021557193344499126,0.00022916195451830323,0.00022907840734863498,0.999271477826495,1.4976476525435671e-09,0.0029237275754110258,-0.009167374484258755,-0.009167374484258755,0.1576151804562456,1.0003647099289508,1.4965565830205914e-09]"
/multi_agv/m2b_algorithm_state,1789558525.9474084,1789558525.9474084,m2b_algorithm_state_v1:header6+3x20,"[1.0,-0.15,0.52,4.739837654443225,0.10125039936351558,1789558525.9472275,4.73841270547212,0.10107529114289042,0.0036904376666666654,0.0015398685817431036,0.0006967664188124438,0.0005697547523965673,0.004584685874999997,4.73998518891131,0.0994703391217067,0.001572483439189476,-0.0016049520211837143,-0.0016091126725860003,1.0052161046595707,8.561752130864769e-08,0.0003564916264008446,0.0010000189842252869,0.0010000189842252869,0.1568546664832439,0.9974143194114558,8.606411126048661e-08,4.739393160866533,0.10150165263378202,0.002796189458333334,-0.0009432165727287214,0.0016670754941658927,0.000753754357280409,-0.0017884964166666626,4.73925854801643,0.1012752487539985,-0.00013461285010318846,-0.00022640387978352383,-0.00022648534752030112,1.000720284156169,-1.0405761287671035e-09,-0.0003947514101492867,0.0005588382192605384,0.0005588382192605384,0.12571486983705998,0.9996402957733503,-1.0413256392659421e-09,4.73870654076678,0.10117425976739322,0.0036904376666666654,0.0013232816353551963,0.0009824296093243314,0.0005150508820190277,0.0032930326916666636,4.7408900861712535,0.09973101411801541,0.002183545404473186,-0.0014432456493778112,-0.0014466015628440063,1.0046758083436151,5.946238874089451e-08,0.0012828301927474764,-0.0025608226305483934,-0.0025608226305483934,0.15749226128805308,0.99768013974795,5.974042347430047e-08]"
/multi_agv/m2b_algorithm_state,1789558525.9573143,1789558525.9573143,m2b_algorithm_state_v1:header6+3x20,"[1.0,-0.15,0.52,4.7408372242635535,0.10125040153131326,1789558525.9571953,4.739412890505006,0.1010752848139771,0.0036904376666666654,0.001539915617410952,0.0006967648191821495,0.0005697351964469077,0.004584685874999997,4.74107102972016,0.1005854548516234,0.0016581392151540086,-0.0004898299623536939,-0.0004902142679970567,1.0015720392422525,7.969143228922601e-09,0.001582459750945454,-0.003847938617712004,-0.003847938617712004,0.15695557616211403,0.9992160455775125,7.981671034805597e-09,4.740393346559678,0.1015016583071662,0.002796189458333334,-0.0009432694454582797,0.0016670763493600305,0.0007537768309518744,-0.0017884964166666626,4.740271596734073,0.1012752487539985,-0.00012174982560519965,-0.00022640955316770295,-0.0002264910249847165,1.0007203021965816,-1.0406865906758204e-09,-0.00037867830699121605,0.0005017740442463995,0.0005017740442463995,0.1258015747413714,0.9996402867750762,-1.0414361995130372e-09,4.7397067262649895,0.10117425496940344,0.0036904376666666654,0.0013233100289877374,0.000982429720483147,0.0005150385166905387,0.0032930326916666636,4.741712333214102,0.09752778294956335,0.0020056069491127815,-0.0036464720198400857,-0.0036682529218609937,1.0121098778388722,3.801386637407979e-07,-0.0011612442354700168,0.007011851119245271,0.007011851119245271,0.15738028278015573,0.9940623227228678,3.847420965205311e-07]"
/multi_agv/m2b_algorithm_state,1789558525.967315,1789558525.967315,m2b_algorithm_state_v1:header6+3x20,"[1.0,-0.15,0.52,4.741837340040459,0.10125040017337943,1789558525.9671812,4.74041246116383,0.10107528825673202,0.0036904376666666654,0.0015398933231822068,0.0006967693928093147,0.0005697424811165668,0.004584685874999997,4.742178019023724,0.10217254755267736,0.0017655578598940735,0.0010972592959453409,0.001095353856111757,0.996541333087623,3.9943313422629934e-08,0.0033023011809793492,-0.010724095063978306,-0.010724095063978306,0.15705418136504345,1.0017395655503945,3.980516280612438e-08,4.741392915206414,0.10150165783983454,0.002796189458333334,-0.0009432469827815905,0.0016670728285808067,0.0007537689255638774,-0.0017884964166666626,4.740942543004733,0.10144893115497677,-0.0004503722016808709,-5.2726684857770656e-05,-5.2731097590584126e-05,1.0001674148087647,-5.6432387058395036e-11,-0.0006156963496916727,0.0012657910785732135,0.0012657910785732135,0.12588770218897266,0.9999163163102022,-5.6441834675682554e-11,4.740706296420417,0.10117425849737319,0.0036904376666666654,0.0013232927457252981,0.0009824319024866138,0.0005150448733441423,0.0032930326916666636,4.742435330943917,0.09721866283951637,0.0017290345234997062,-0.003955595657856817,-0.003981285528656438,1.0131819821406944,4.4740289896542563e-07,-0.0018199923742818055,0.009447344288021547,0.009447344288021547,0.1572673614654953,0.9935473427829501,4.533005559892828e-07]"
/multi_agv/m2b_algorithm_state,1789558525.9772792,1789558525.9772792,m2b_algorithm_state_v1:header6+3x20,"[1.0,-0.15,0.52,4.742837237247623,0.10125040026183797,1789558525.9771981,4.74141257665689,0.10107528322085194,0.0036904376666666654,0.001539931116385691,0.0006967683097380828,0.0005697266627028656,0.004584685874999997,4.74314612465866,0.10056709673864098,0.0017335480017699467,-0.0005081864822109594,-0.0005086001888186667,1.0016312905282256,8.577822638223102e-09,0.0016583348133937669,-0.004108189279796776,-0.004108189279796776,0.15715430288581062,0.9991865779510066,8.591815559045635e-09,4.742393031173975,0.10150166258126743,0.002796189458333334,-0.0009432898826344663,0.0016670734005463927,0.0007537872236640236,-0.0017884964166666626,4.741957026838041,0.10144893115497677,-0.00043600433593393717,-5.273142629065586e-05,-5.273583981700735e-05,1.0001674298617502,-5.644510287715099e-11,-0.0005977412597344288,0.0012020215779544427,0.0012020215779544427,0.12597548549451887,0.9999163087879741,-5.645455347292218e-11,4.741706412290514,0.1011742547180189,0.0036904376666666654,0.0013233154519678328,0.0009824321522149404,0.0005150349011973222,0.0032930326916666636,4.743628250432501,0.09962746955629574,0.0019218381419863206,-0.0015467851617231576,-0.0015506428685894305,1.005017108799457,6.830668953956859e-08,0.0008516548088934703,-0.0009907694254463976,-0.0009907694254463976,0.1571576599338305,0.9975121886899837,6.864939163271934e-08]"
/multi_agv/m2b_algorithm_state,1789558525.9872417,1789558525.9872417,m2b_algorithm_state_v1:header6+3x20,"[1.0,-0.15,0.52,4.74383712956467,0.10125040039052778,1789558525.9871461,4.742412473996136,0.10107528185832615,0.0036904376666666654,0.0015399427460269454,0.0006967693518669543,0.000569721079685989,0.004584685874999997,4.743998309067999,0.0986731452382505,0.0015858350718627179,-0.0024021366200756428,-0.0024115130715903405,1.0078772850076707,1.9190441682549276e-07,-0.0004292192317619432,0.004122758393651279,0.004122758393651279,0.15725341751615673,0.9961117973503191,1.93416102611058e-07,4.743392928083816,0.10150166490938504,0.002796189458333334,-0.0009433043128331872,0.001667072508579892,0.0007537939426412177,-0.0017884964166666626,4.7429641329308705,0.10140296663749662,-0.00042879515294558246,-9.869827188842273e-05,-9.871373927590011e-05,1.0003135448663378,-1.9775474977152109e-10,-0.0006347076804578782,0.0013535226531290966,0.0013535226531290966,0.12606344912822615,0.999843310692201,-1.9781675475810588e-10,4.742706309662916,0.10117425401780272,0.0036904376666666654,0.001323321154680823,0.000982433078360545,0.0005150319475707033,0.0032930326916666636,4.744561563526918,0.09779508082039207,0.0018552538640017602,-0.0033791731974106565,-0.0033978403861610195,1.0111886412961972,3.2639776920193294e-07,-0.0010787730561588192,0.006609378311193636,0.006609378311193636,0.15704843193509382,0.994506160787778,3.300497167614123e-07]"
/multi_agv/m2b_algorithm_state,1789558525.997844,1789558525.997844,m2b_algorithm_state_v1:header6+3x20,"[1.0,-0.15,0.52,4.744853561236596,0.10125029366333808,1789558525.9977288,4.743412366435324,0.10107528068178973,0.0036904376666666654,0.0015399530046256416,0.0006967703640162518,0.0005697161065524037,0.004584685874999997,4.7450658184768875,0.0980039590637953,0.001653452041563419,-0.0030713216179944214,-0.0030867272109478456,1.0101476430325889,3.138571570670946e-07,-0.0010199121589935718,0.006488134242356202,0.006488134242356202,0.15735222108328384,0.9950090850598057,3.1704206746023463e-07,4.744392820123877,0.10150166705311975,0.002796189458333334,-0.0009433172616937473,0.0016670716776197025,0.0007537999877759299,-0.0017884964166666626,4.743979514907209,0.10140296663749662,-0.0004133052166679363,-9.870041562312637e-05,-9.871588368231849e-05,1.000313551675081,-1.9776605344372922e-10,-0.0006153474045172389,0.0012848056411712255,0.0012848056411712255,0.12615200000253587,0.9998433072914396,-1.9782806332106065e-10,4.74370620213481,0.10117425343667384,0.0036904376666666654,0.0013233261398789714,0.0009824339730896805,0.0005150293212993796,0.0032930326916666636,4.745421029933058,0.0962634701338394,0.0017148277982483862,-0.00491078330283444,-0.004950662967866672,1.016540599428481,6.899907330061501e-07,-0.0028071282200561893,0.013281890505424956,0.013281890505424956,0.15694043357604928,0.9919445808993503,7.014035933301689e-07]"
/multi_agv/m2b_algorithm_state,1789558526.0072556,1789558526.0072556,m2b_algorithm_state_v1:header6+3x20,"[1.0,-0.15,0.52,4.745843920267419,0.10125035718540006,1789558526.0071392,4.744428764233086,0.10107502514754685,0.0036904376666666654,0.0015417619360811128,0.0006965989330083742,0.0005690211794679793,0.004584685874999997,4.746148832803708,0.099147669919699,0.001720068570621791,-0.0019273552278478434,-0.0019333699642870147,1.0062867171131598,1.2364881825648552e-07,0.00021671574899022415,0.0016395311701887217,0.0016395311701887217,0.1574537051266422,0.9968889883724922,1.2442616339824055e-07,4.74540929307552,0.10150182279844634,0.002796189458333334,-0.0009452824346516237,0.0016671955167719688,0.0007545874053247748,-0.0017884964166666626,4.744702026187358,0.0993350510669643,-0.000707266888161584,-0.0021667717314820395,-0.0021743437621167434,1.0070463582822444,-9.564294350187455e-08,-0.0030584273723187234,0.010796024237690698,0.010796024237690698,0.1262433871364123,0.9965175558866862,-9.631687794895722e-08,4.744722626401182,0.10117403304402106,0.0036904376666666654,0.0013245304763419047,0.0009823748508490217,0.0005145380413677752,0.0032930326916666636,4.746444019857973,0.09752757974862238,0.0017213934567914535,-0.0036464532953986856,-0.0036682340351919473,1.0121098487674485,3.80485731740255e-07,-0.0015164922142026304,0.00825743674339683,0.00825743674339683,0.15683341756117047,0.9940623363764952,3.8509335640980144e-07]"
/multi_agv/m2b_algorithm_state,1789558526.0171864,1789558526.0171864,m2b_algorithm_state_v1:header6+3x20,"[1.0,-0.15,0.52,4.746838997694507,0.10125038909552758,1789558526.01703,4.745419142258583,0.10107518427553602,0.0036904376666666654,0.0015406291416961457,0.000696695047024675,0.0005694622051817779,0.004584685874999997,4.747255499749995,0.09941629459502425,0.0018363574914124214,-0.0016588896805117687,-0.0016633364977459908,1.0053946865755319,9.151745942348792e-08,0.000632110366519536,5.242599846340141e-05,5.242599846340141e-05,0.1575502079562225,0.9973265678711144,9.201116743326659e-08,4.746399629594493,0.10150171970893894,0.002796189458333334,-0.0009440482776135904,0.001667127981219707,0.0007540875706166794,-0.0017884964166666626,4.745699628933559,0.0993350510669643,-0.0007000006609345633,-0.0021666686419746367,-0.002174239956724451,1.0070460245830142,-9.55090223643935e-08,-0.003049240782892655,0.010764857682405888,0.010764857682405888,0.12633184838180725,0.9965177188808448,-9.618198128387267e-08,4.745712988949184,0.10117416757172518,0.0036904376666666654,0.0013237887203697502,0.000982405884083182,0.0005148434213589209,0.0032930326916666636,4.74753084819732,0.09870274143293402,0.0018178592481357114,-0.002471426138791158,-0.0024813433447009817,1.0081001227998267,1.7455026778092637e-07,-0.00020901928453134246,0.0031622132033827023,0.0031622132033827023,0.1567280787000606,0.9960032915513274,1.7596414638469452e-07]"
/multi_agv/m2b_algorithm_state,1789558526.027188,1789558526.027188,m2b_algorithm_state_v1:header6+3x20,"[1.0,-0.15,0.52,4.747838870793724,0.10125038964835965,1789558526.0270188,4.7464142295027525,0.1010752622151306,0.0036904376666666654,0.0015400761942449704,0.0006967448790076596,0.0005696759648994352,0.004584685874999997,4.748449359046355,0.09900501490229294,0.002035129543602743,-0.0020702473128376697,-0.0020771944077772396,1.0067636495633308,1.4252024424870525e-07,0.0004667175217261889,0.0008208103952056384,0.0008208103952056384,0.15764685208760884,0.9966555393594555,1.434842012364838e-07,4.7473946952045925,0.10150167090152273,0.002796189458333334,-0.0009434470923382825,0.001667092530256653,0.0007538454179854548,-0.0017884964166666626,4.747280459936386,0.10089622907852462,-0.00011423526820664165,-0.0006054418229981123,-0.0006060260862742723,1.0019344600072981,-7.445108564600123e-09,-0.0007488201715325744,0.0019810858608017255,0.0019810858608017255,0.1264212987301423,0.9990359106820765,-7.459510829368334e-09,4.746708068376176,0.1011742341699294,0.0036904376666666654,0.0013234234469561685,0.0009824226297781014,0.0005149930426998216,0.0032930326916666636,4.748615376948794,0.09801235860646659,0.001907308572618227,-0.0031618755634628126,-0.0031781924934220305,1.0104436938112364,2.857518947519576e-07,-0.0007940567776492467,0.005517813976626916,0.005517813976626916,0.1566234294118141,0.9948659717770433,2.887362000467277e-07]"
/multi_agv/m2b_algorithm_state,1789558526.0374813,1789558526.0374813,m2b_algorithm_state_v1:header6+3x20,"[1.0,-0.15,0.52,4.74883744481549,0.10125039843648598,1789558526.037364,4.747414102857242,0.101075262612388,0.0036904376666666654,0.0015400744386572167,0.0006967463742698849,0.0005696759481219863,0.004584685874999997,4.749400522510217,0.09876407373841152,0.00198641965297508,-0.00231118887397648,-0.0023198628253421685,1.007571303088237,1.7765262876696936e-07,0.0001631617408766814,0.001997729259300647,0.001997729259300647,0.15774363295708702,0.9962610067841365,1.7899769066378614e-07,4.748394567918494,0.10150167150205815,0.002796189458333334,-0.0009434460353182411,0.0016670913743110916,0.0007538455610954647,-0.0017884964166666626,4.748286223312228,0.10089622907852462,-0.00010834460626618636,-0.0006054424235335254,-0.0006060266879666494,1.0019344619235475,-7.445114975390458e-09,-0.0007414574457993824,0.0019550056374515153,0.0019550056374515153,0.12651174903725385,0.9990359097301731,-7.459517266826784e-09,4.747707941605435,0.10117423483063283,0.0036904376666666654,0.0013234208421510256,0.0009824234539697937,0.0005149937430818782,0.0032930326916666636,4.749590800766652,0.0984772205178555,0.0018828591612169987,-0.0026970143127773294,-0.0027088446547956957,1.008861911001826,2.078427303476725e-07,-0.00035527070327444734,0.0037751106782859855,0.0037751106782859855,0.1565194703269664,0.9956326982437247,2.096846141263901e-07]"
/multi_agv/m2b_algorithm_state,1789558526.047306,1789558526.047306,m2b_algorithm_state_v1:header6+3x20,"[1.0,-0.15,0.52,4.749840932469552,0.101250375648902,1789558526.04721,4.748412679744437,0.10107528263110489,0.0036904376666666654,0.0015399339395531226,0.0006967611265336513,0.0005697291752890407,0.004584685874999997,4.7503829097240295,0.09864035556817943,0.0019702299795927303,-0.00243492706292546,-0.002444563624977927,1.0079877556622354,1.971824867557231e-07,1.8223849512985935e-05,0.0025626459918614854,0.0025626459918614854,0.15770498504345512,0.9960579622661472,1.987575322807998e-07,4.749393138365482,0.10150166024561116,0.002796189458333334,-0.0009432944380617933,0.0016670806499758939,0.0007537854273755723,-0.0017884964166666626,4.749098789135526,0.09902668212147217,-0.0002943492299563033,-0.0024749781241389934,-0.002484880498800383,1.0080766622466402,-1.2454980741057566e-07,-0.002852817036245762,0.01019898443280846,0.01019898443280846,0.12660266195035236,0.9960149493441756,-1.2555575413791496e-07,4.748706516336552,0.10117425243274186,0.0036904376666666654,0.001323325802395091,0.0009824288934619403,0.000515032109722481,0.0032930326916666636,4.750639398224023,0.09891344446981291,0.001932881887471538,-0.0022608079629289485,-0.0022690937247452883,1.007392287650956,1.4599583109148422e-07,0.0001470086345941343,0.001815453161064788,0.001815453161064788,0.15641686699039148,0.9963484268075925,1.4707507427075285e-07]"
/multi_agv/m2b_algorithm_state,1789558526.0571342,1789558526.0571342,m2b_algorithm_state_v1:header6+3x20,"[1.0,-0.15,0.52,4.750837762003111,0.10125039593807787,1789558526.0570095,4.7494161603145955,0.1010752267484091,0.0036904376666666654,0.0015403309355216514,0.000696725474285031,0.0005695756384944376,0.004584685874999997,4.751312091194504,0.09885782912834129,0.0018959308799084695,-0.0022173976200678125,-0.00222537622612649,1.0072563995233945,1.6354356101168524e-07,0.00014453737375909673,0.0020218082318269504,0.0020218082318269504,0.15765400085610617,0.9964147158736547,1.6473029842986468e-07,4.750396634540834,0.10150169549206763,0.002796189458333334,-0.0009437267668514181,0.0016671062138460258,0.0007539595294968754,-0.0017884964166666626,4.750083651872644,0.09902668212147217,-0.0003129826681904646,-0.0024750133705954552,-0.0024849160252410937,1.0080767766631364,-1.2461042262774948e-07,-0.0028761443604791745,0.010280641239978022,0.010280641239978022,0.1266945864665004,0.9960148936442721,-1.2561687318121285e-07,4.749710002553227,0.10117420470622927,0.0036904376666666654,0.001323587976569653,0.0009824170278381669,0.0005149246394668084,0.0032930326916666636,4.751651915047026,0.0992169186150508,0.0019419124937991583,-0.00195728609117847,-0.0019634822338056423,1.0063780303501,1.0942602368604067e-07,0.0004639083834433056,0.0005634014860358731,0.0005634014860358731,0.15631494453471442,0.9968443092988098,1.1012394618620099e-07]"
/multi_agv/m2b_algorithm_state,1789558526.0672164,1789558526.0672164,m2b_algorithm_state_v1:header6+3x20,"[1.0,-0.15,0.52,4.7518378490117605,0.10125039493561405,1789558526.0670505,4.750412996166418,0.10107527552035463,0.0036904376666666654,0.0015399857855220977,0.0006967576884484566,0.0005697084905375182,0.004584685874999997,4.752015506889963,0.10016121616418823,0.0016025107235453362,-0.0009140593561663968,-0.0009154018886634443,1.0029476411525595,2.77598210876538e-08,0.001087736515768226,-0.001898767542619288,-0.001898767542619288,0.15760369590302342,0.9985333955351483,2.7841647078679457e-08,4.751393456400119,0.10150166565676119,0.002796189458333334,-0.0009433522291338366,0.0016670831910250428,0.0007538091560499588,-0.0017884964166666626,4.750769277751854,0.10040987925317336,-0.0006241786482643619,-0.0010917864035878272,-0.0010936933414237569,1.003507658771094,-2.421599772973247e-08,-0.0018739166517542092,0.006172805161865013,0.006172805161865013,0.12678648567803943,0.9982564236576157,-2.430093918656996e-08,4.750706833442795,0.1011742466371178,0.0036904376666666654,0.0013233588405830257,0.000982428126536439,0.0005150181878937096,0.0032930326916666636,4.7522102152102255,0.09952860582388041,0.0015033817674305894,-0.001645640813237384,-0.0016500106271714458,1.0053437059907862,7.732437888461369e-08,0.00022921658211679094,0.0012509730483486795,0.0012509730483486795,0.15621493051769753,0.997351644976037,7.773757763129321e-08]"
/multi_agv/m2b_algorithm_state,1789558526.0771098,1789558526.0771098,m2b_algorithm_state_v1:header6+3x20,"[1.0,-0.15,0.52,4.752842837079539,0.10125036265794192,1789558526.076987,4.751413082971241,0.10107527180912816,0.0036904376666666654,0.001540013561048477,0.0006967569355667885,0.0005696968426197518,0.004584685874999997,4.753208592355723,0.10181548663592957,0.0017955093844816972,0.000740214826801408,0.0007393453346887549,0.9976572801560829,1.8183896191866114e-08,0.0029837320652908762,-0.009413819011176348,-0.009413819011176348,0.15755361030059423,1.001176029754782,1.81412964174177e-08,4.752393543547545,0.10150166912383939,0.002796189458333334,-0.0009433836622673216,0.0016670836073551243,0.0007538225646759739,-0.0017884964166666626,4.751771234400023,0.10040987925317336,-0.0006223091475225928,-0.0010917898706660212,-0.0010936968205739843,1.00350766988368,-2.421695810149317e-08,-0.0018715832549772253,0.006164523836683725,0.006164523836683725,0.12687924174829276,0.9982564181662681,-2.430190319610012e-08,4.751706920516495,0.10117424387387464,0.0036904376666666654,0.0013233753809492959,0.0009824283158153422,0.0005150109198509404,0.0032930326916666636,4.753153827598002,0.09835089120063231,0.0014469070815072982,-0.002823352673242324,-0.0028363296553709405,1.0092902028482262,2.2778193362914634e-07,-0.0010276958034868178,0.006192973146199711,0.006192973146199711,0.1561157603799073,0.995424727127877,2.2989807399772232e-07]"
/multi_agv/m2b_algorithm_state,1789558526.0871253,1789558526.0871253,m2b_algorithm_state_v1:header6+3x20,"[1.0,-0.15,0.52,4.753843738333039,0.1012503575484184,1789558526.087016,4.752418060859479,0.10107519378800019,0.0036904376666666654,0.0015405667004820688,0.0006967055880371827,0.0005694837879900075,0.004584685874999997,4.754211324799028,0.1015771563797849,0.0017932639395494832,0.0005019625917847131,0.0005015620242632873,0.9984070230520148,8.36650874659875e-09,0.002743141948700141,-0.008441131979210228,-0.008441131979210228,0.1575036740098948,1.0007986400525721,8.353181091030302e-09,4.753398543960131,0.10150171734875026,0.002796189458333334,-0.000943985259985122,0.0016671206417759876,0.0007540640724250092,-0.0017884964166666626,4.752806411742215,0.10072182612150417,-0.000592132217915875,-0.0007798912272460878,-0.0007808619711915997,1.0024967766561101,-1.2362146574965877e-08,-0.0015210272435864434,0.00479079372173964,0.00479079372173964,0.12697300562428818,0.9987568302961015,-1.2393012093953665e-08,4.752711906419007,0.10117417683707532,0.0036904376666666654,0.0013237424926351702,0.0009824108587948915,0.0005148608716841166,0.0032930326916666636,4.754044808482104,0.09773953279479364,0.0013329020630967747,-0.0034346440422816787,-0.0034539371833887645,1.0113793891723504,3.3732108643377306e-07,-0.001787809604517796,0.009119020609722528,0.009119020609722528,0.15601726830157908,0.9944141598174184,3.41159594352343e-07]"
/multi_agv/m2b_algorithm_state,1789558526.0970573,1789558526.0970573,m2b_algorithm_state_v1:header6+3x20,"[1.0,-0.15,0.52,4.7548371968309775,0.10125039963219111,1789558526.0969207,4.753418960174725,0.10107518333120308,0.0036904376666666654,0.0015406391626972687,0.0006966958583760167,0.0005694574394855846,0.004584685874999997,4.755073911556365,0.09992258937277994,0.0016549513816395134,-0.0011525939584231398,-0.0011547324634022347,1.0037268886620523,4.416474794914263e-08,0.0009139567636471571,-0.0011738138515035856,-0.0011738138515035856,0.15745429754656656,0.9981480515644343,4.432934504753669e-08,4.754399447740885,0.10150172218320679,0.002796189458333334,-0.0009440631802202287,0.0016671282235387608,0.0007540939043651912,-0.0017884964166666626,4.753808339287348,0.10072182612150417,-0.0005911084535368261,-0.0007798960617026174,-0.0007808668176552556,1.00249679210708,-1.2363320038295197e-08,-0.0015197523845762882,0.004786204662048725,0.004786204662048725,0.12706695764796166,0.9987568226351925,-1.2394188678184116e-08,4.753712807083505,0.1011741671308453,0.0036904376666666654,0.0013237938639045267,0.0009824069788642474,0.000514840622401739,0.0032930326916666636,4.755253031817809,0.09948046130566837,0.0015402247343034858,-0.0016937058251769305,-0.0016983363111820215,1.0055027677760686,8.193683728133395e-08,0.0002269446066973358,0.0012809564765253138,0.0012809564765253138,0.15592037724031624,0.9972735164557202,8.238771666919866e-08]"
/multi_agv/m2b_algorithm_state,1789558526.106974,1789558526.106974,m2b_algorithm_state_v1:header6+3x20,"[1.0,-0.15,0.52,4.755843198589353,0.10125036066905739,1789558526.1068978,4.754412431711099,0.10107528559209479,0.0036904376666666654,0.0015399141060762353,0.0006967620438580006,0.0005697372951340954,0.004584685874999997,4.756011556470315,0.09986034997006353,0.0015991247592159752,-0.0012149356220312602,-0.0012173128322832238,1.003931227636226,4.905049513812418e-08,0.0007815931167367452,-0.0006781289819855927,-0.0006781289819855927,0.1574056269748087,0.9980471657006152,4.924332380018174e-08,4.755392890492934,0.10150165859574246,0.002796189458333334,-0.0009432751469847893,0.0016670809858707614,0.0007537768906540759,-0.0017884964166666626,4.754695583148499,0.1000110911829735,-0.0006973073444349609,-0.00149056741276897,-0.0014941325248669977,1.0048104944845613,-4.514521605138116e-08,-0.0023657667054106987,0.008078084238565946,0.008078084238565946,0.12716077755648447,0.9976139251112647,-4.5362386864200654e-08,4.754706268288898,0.10117425470873606,0.0036904376666666654,0.0013233139996657044,0.000982429390928896,0.0005150369669850502,0.0032930326916666636,4.756267825004176,0.09841221549561109,0.001561556715278023,-0.00276203921312497,-0.002774452957134946,1.0090821972886097,2.1797729616869213e-07,-0.0008225070630374174,0.00544552887671605,0.00544552887671605,0.15582540165721223,0.9955256967042629,2.1995700897693389e-07]"
/multi_agv/m2b_algorithm_state,1789558526.1170568,1789558526.1170568,m2b_algorithm_state_v1:header6+3x20,"[1.0,-0.15,0.52,4.7568430116359,0.10125036252866489,1789558526.1169372,4.755418421269518,0.1010751910935894,0.0036904376666666654,0.0015405842084416873,0.0006967004292588895,0.0005694788823339181,0.004584685874999997,4.757134556076039,0.10132174281932282,0.001716134806521552,0.0002465517257334293,0.00024645490071634906,0.9992152980040767,2.018837952454234e-09,0.002391623408868289,-0.007068136146766088,-0.007068136146766088,0.1573567708667362,1.0003928711370673,2.0172537662834972e-09,4.756398907016965,0.1015017172442508,0.002796189458333334,-0.0009440038711296694,0.0016671252828404093,0.0007540697255802448,-0.0017884964166666626,4.755693904061818,0.1000110911829735,-0.0007050029551471937,-0.0014906260612773115,-0.0014941914526886626,1.0048106831528443,-4.518363789051427e-08,-0.0023754451466226545,0.008111555532472217,0.008111555532472217,0.12725630197973486,0.9976138322803711,-4.540100205609838e-08,4.755712267481573,0.10117417366933197,0.0036904376666666654,0.0013237579932515093,0.0009824085172154724,0.0005148553707410041,0.0032930326916666636,4.757099362364262,0.0962447837389638,0.0013870948826895102,-0.004929389930368178,-0.004969578017828384,1.016606732355904,6.954642874780944e-07,-0.0032357094144664965,0.014783587796441084,0.014783587796441084,0.15573032129318526,0.9919131790836099,7.070136767633327e-07]"
/multi_agv/m2b_algorithm_state,1789558526.126903,1789558526.126903,m2b_algorithm_state_v1:header6+3x20,"[1.0,-0.15,0.52,4.757836753575257,0.10125040266005826,1789558526.126767,4.756418234609829,0.1010751972872385,0.0036904376666666654,0.001540538767597036,0.0006967019723727926,0.0005694977763929794,0.004584685874999997,4.758406822469474,0.1027342679374353,0.0019885878596443973,0.0016590706501967978,0.0016547329533655125,0.9948038000420993,9.13185990517844e-08,0.004140467777921009,-0.013994199102452523,-0.013994199102452523,0.1573085656842569,1.0026213878332833,9.084408935123597e-08,4.7573987198684256,0.10150171194434943,0.002796189458333334,-0.0009439536180942433,0.0016671246975752396,0.000754048247053607,-0.0017884964166666626,4.756957346073074,0.10267243272458049,-0.00044137379535147403,0.0011707207802310604,0.0011685653996544425,0.9963342206174131,-2.7817703350539618e-08,0.0006168481554650999,-0.0036714698832229636,-0.0036714698832229636,0.12735180024158424,1.0018444672221642,-2.7715729787126292e-08,4.7567120804294465,0.10117417835440674,0.0036904376666666654,0.0013237307061385547,0.0009824085257964747,0.00051486719415629,0.0032930326916666636,4.758223605426842,0.09694619119607811,0.0015115249973955969,-0.0042279871583286305,-0.004257397074647789,1.0141327017246187,5.11399051347256e-07,-0.002367990827903293,0.01147561382071162,0.01147561382071162,0.1556370109937497,0.9930920429070874,5.186265016021998e-07]"
/multi_agv/m2b_algorithm_state,1789558526.1370568,1789558526.1370568,m2b_algorithm_state_v1:header6+3x20,"[1.0,-0.15,0.52,4.75883876175189,0.10125038918095212,1789558526.1368072,4.757411989064293,0.10107529435174346,0.0036904376666666654,0.001539850915684092,0.0006967654970081226,0.000569762889384509,0.004584685874999997,4.759333569148488,0.1008673958001878,0.0019215800841951847,-0.00020789855155566028,-0.00020796763351825298,1.0006650953879113,1.4352259390741807e-09,0.002194007471725728,-0.006149625423479032,-0.006149625423479032,0.1572610003425892,0.9996678234904921,1.4361805012268696e-09,4.758392446653317,0.10150165196376058,0.002796189458333334,-0.0009432061894332246,0.0016670792341795249,0.0007537479111069528,-0.0017884964166666626,4.757957278178287,0.10239773618851614,-0.0004351684750298901,0.0008960842247555528,0.0008948188458328057,0.9971853604309459,-1.6287496695887248e-08,0.0003508582520454431,-0.002597026475513126,-0.002597026475513126,0.12744726919394206,1.0014141174257114,-1.6241653263206164e-08,4.757705825008161,0.10117426166467075,0.0036904376666666654,0.0013232746151370539,0.0009824301701849341,0.0005150536332879808,0.0032930326916666636,4.759376227109275,0.09895199314240877,0.0016704021011140213,-0.002222268522261983,-0.0022302718777507755,1.0072631234297371,1.4105169991290813e-07,-0.00014226925135824887,0.0028169520250731087,0.0028169520250731087,0.15554542957720327,0.996411488855402,1.4207617581934983e-07]"
/multi_agv/m2b_algorithm_state,1789558526.1471264,1789558526.1471264,m2b_algorithm_state_v1:header6+3x20,"[1.0,-0.15,0.52,4.759842742206079,0.10125036353180239,1789558526.1469307,4.7584139932081735,0.10107526019081929,0.0036904376666666654,0.001540094606564328,0.0006967453050465975,0.0005696677623382326,0.004584685874999997,4.760208778569681,0.09942031871380153,0.001794785361507678,-0.0016549414770177656,-0.0016593670162386182,1.005381602291115,9.10504745887377e-08,0.0005841146856459794,0.0002194729265399503,0.0002194729265399503,0.15721345091638048,0.997332995547372,9.154047203139156e-08,4.759394459583378,0.10150167445163072,0.002796189458333334,-0.0009434722282763005,0.0016670934944640337,0.0007538558120358252,-0.0017884964166666626,4.758796831969868,0.10133732585002461,-0.000597627613509566,-0.00016434860160610687,-0.00016439151034522878,1.0005224922999796,-5.484499910992766e-10,-0.0009114260272321862,0.0023641290745585607,0.0023641290745585607,0.1275440471619336,0.9997389844583104,-5.487365519965498e-10,4.758707832464118,0.10117423290040632,0.0036904376666666654,0.001323433663834945,0.0009824238071149075,0.0005149880017093328,0.0032930326916666636,4.760306529555478,0.09768517228682175,0.0015986970913592913,-0.003489060613584574,-0.0035089780632068914,1.011566716769948,3.4802514370919484e-07,-0.0015106066990077773,0.008169763580018911,0.008169763580018911,0.1554541728630792,0.9943238603195728,3.5205065197529953e-07]"
/multi_agv/m2b_algorithm_state,1789558526.1570365,1789558526.1570365,m2b_algorithm_state_v1:header6+3x20,"[1.0,-0.15,0.52,4.760836922074839,0.10125040089004277,1789558526.1567633,4.759417965567806,0.10107519834291193,0.0036904376666666654,0.0015405328457016375,0.0006967044525589821,0.0005694990532331551,0.004584685874999997,4.7614081358039355,0.09866636632234663,0.0019901702361293516,-0.002408832020565299,-0.002418261299695858,1.0078998440604299,1.9305055687695844e-07,6.945149546583144e-05,0.002371412693291687,0.002371412693291687,0.15716619662880751,0.9961008022037383,1.9457562617206556e-07,4.7603984498689345,0.10150171252462008,0.002796189458333334,-0.0009439486405754738,0.0016671229885663053,0.0007540469784530351,-0.0017884964166666626,4.759991310902975,0.10193522342973034,-0.0004071389659596747,0.0004335109051102626,0.0004332137068344157,0.998631130579693,-3.816292589904852e-09,-7.571000061517766e-05,-0.0008701116098091589,-0.0008701116098091589,0.12764154611495546,1.0006860315616941,-3.811068583679587e-09,4.759711811181496,0.1011741797278752,0.0036904376666666654,0.0013237246273616289,0.0009824098614285683,0.0005148691343446025,0.0032930326916666636,4.76133017376937,0.09725249634164065,0.0016183625878731789,-0.00392168338623454,-0.003946928253113647,1.0130640282206784,4.3989874330264816e-07,-0.0019239750182721733,0.009797600153691053,0.009797600153691053,0.15536385737732694,0.9936039205021798,4.4564559289939496e-07]"
/multi_agv/m2b_algorithm_state,1789558526.1670585,1789558526.1670585,m2b_algorithm_state_v1:header6+3x20,"[1.0,-0.15,0.52,4.761841407943879,0.10125037162134304,1789558526.1668599,4.7604121570619595,0.10107528880121258,0.0036904376666666654,0.0015398917420665803,0.0006967634864132315,0.0005697462386602067,0.004584685874999997,4.762480004236275,0.09954365681983691,0.002067847174315851,-0.0015316319813756668,-0.001535419076731225,1.004973704061869,7.797089137042557e-08,0.0010493898911635889,-0.001479199624153394,-0.001479199624153394,0.15711973931183917,0.9975335102885262,7.83586955095422e-08,4.761392615669308,0.10150165654801221,0.002796189458333334,-0.0009432520261831306,0.0016670807834087142,0.0007537669739083458,-0.0017884964166666626,4.761122676516422,0.10345764049372667,-0.00026993915288642256,0.0019559839457144595,0.001950003176060041,0.9939301201531692,-7.754844605702176e-08,0.0016125792349520128,-0.007592339869524383,-0.007592339869524383,0.12773864224478568,1.0030670563657762,-7.707773630714719e-08,4.760705993493248,0.1011742573209035,0.0036904376666666654,0.0013232997575387175,0.0009824299545242,0.0005150428472312958,0.0032930326916666636,4.762367064264815,0.098097351273882,0.0016610707715667417,-0.003076906047021502,-0.0030923479151552594,1.0101533574415376,2.705600736697513e-07,-0.0010160094506968323,0.006260281961805273,0.006260281961805273,0.155275584058586,0.9950064260046296,2.73307166807129e-07]"
/multi_agv/m2b_algorithm_state,1789558526.177001,1789558526.177001,m2b_algorithm_state_v1:header6+3x20,"[1.0,-0.15,0.52,4.762838673270718,0.10125038927911201,1789558526.1768367,4.761416633838067,0.10107521727670868,0.0036904376666666654,0.0015403994443051404,0.0006967176293628079,0.0005695500233075218,0.004584685874999997,4.7636145487555375,0.10030934826048563,0.002197914917470456,-0.000765869016223053,-0.000766810472078844,1.0024656310911324,1.949168535083987e-08,0.001980583174759226,-0.005127662988805027,-0.005127662988805027,0.15707322492684048,0.9987722443940564,1.953974465625947e-08,4.762397112496005,0.10150170140810218,0.002796189458333334,-0.0009438045172605837,0.0016671136563779498,0.0007539893602774295,-0.0017884964166666626,4.76215514031634,0.10345764049372667,-0.00024197217966559492,0.0019559390856244974,0.0019499585919279516,0.9939302599813206,-7.759029605590662e-08,0.001647493367345958,-0.007717659247582658,-0.007717659247582658,0.1278372437957942,1.0030669849715284,-7.711934313087489e-08,4.761710477497566,0.10117419617921825,0.0036904376666666654,0.00132363525649699,0.0009824145975188435,0.000514905409615578,0.0032930326916666636,4.763405735304827,0.09873267540015057,0.001695257807261541,-0.002441520779067674,-0.002451197250141707,1.0079994157010874,1.7032844574638403e-07,-0.00033212499106478064,0.0035820765329561146,0.0035820765329561146,0.1551874512783018,0.9960523490822808,1.7169097378962948e-07]"
/multi_agv/m2b_algorithm_state,1789558526.187298,1789558526.187298,m2b_algorithm_state_v1:header6+3x20,"[1.0,-0.15,0.52,4.763850285575317,0.10125031435444792,1789558526.1872377,4.762413904617768,0.10107526014692068,0.0036904376666666654,0.0015400955528598434,0.000696745403502596,0.0005696673009491528,0.004584685874999997,4.764635479214721,0.09995556271993382,0.0022215745969536016,-0.0011196974269868654,-0.0011217151000943307,1.0036191710420457,4.16640306877705e-08,0.0016552531460976713,-0.003810484528778069,-0.003810484528778069,0.15702739518496886,0.9982012606344555,4.1814819941130585e-08,4.763394371237861,0.10150167479048232,0.002796189458333334,-0.0009434743824425209,0.001667093901429162,0.0007538565341109055,-0.0017884964166666626,4.763006929658604,0.10194024336607221,-0.00038744157925663103,0.0004385685755898955,0.00043826441368226884,0.9986152393008159,-3.9038839218144915e-09,-4.603756038851995e-05,-0.0009774144418694339,-0.0009774144418694339,0.1279356731045182,1.0006940146133954,-3.898477976785386e-09,4.762707743956525,0.10117423289993305,0.0036904376666666654,0.0013234340981476541,0.0009824240313518915,0.0005149876968170972,0.0032930326916666636,4.764434296017936,0.09928256695329052,0.0017265520614113683,-0.001891665946642529,-0.0018974507267063218,1.0061596450712795,1.0219540695432886e-07,0.00026073935005788856,0.0012500442472377284,0.0012500442472377284,0.15510108763297606,0.9969512883879551,1.028248943890825e-07]"
/multi_agv/m2b_algorithm_state,1789558526.1972597,1789558526.1972597,m2b_algorithm_state_v1:header6+3x20,"[1.0,-0.15,0.52,4.764840666796462,0.10125037703371516,1789558526.1971297,4.763425493161126,0.1010750809858867,0.0036904376666666654,0.0015413633473712724,0.00069662507167223,0.0005691803550947892,0.004584685874999997,4.765460546445415,0.09847414855893272,0.002035053284289212,-0.0026009324269539863,-0.0026119415235343673,1.0085482775726338,2.252190359632031e-07,-6.812491817285212e-05,0.0029412033218045325,0.0029412033218045325,0.15698135406221514,0.9957850907146328,2.2714427079725754e-07,4.764406012522263,0.1015017837171115,0.002796189458333334,-0.0009448511401262726,0.0016671808408377231,0.0007544080879906823,-0.0017884964166666626,4.763979196811486,0.10217178373778422,-0.00042681571077718417,0.0006700000206727313,0.000669291395379781,0.9978900752491215,-9.122903410025977e-09,0.00013577175690830082,-0.0017301036072070747,-0.0017301036072070747,0.128036004699577,1.0010587694655007,-9.10365477032129e-09,4.763719351042563,0.1011740783603456,0.0036904376666666654,0.001324278142038378,0.0009823824280570381,0.0005146434770258636,0.0032930326916666636,4.76537480123098,0.09937146365772927,0.0016554501884167294,-0.0018026147026163342,-0.0018078641468864101,1.0058638046663715,9.285380636852928e-08,0.00026144858863450166,0.001208505069692204,0.001208505069692204,0.15501451318422907,0.9970963281289046,9.339828295160342e-08]"
/multi_agv/m2b_algorithm_state,1789558526.207141,1789558526.207141,m2b_algorithm_state_v1:header6+3x20,"[1.0,-0.15,0.52,4.765845049964968,0.10125034915178636,1789558526.20703,4.764415893486632,0.10107523598296318,0.0036904376666666654,0.0015402615237698602,0.0006967217351007797,0.0005696076704998744,0.004584685874999997,4.76629365085902,0.0967680962662662,0.0018777573723882668,-0.004307139716696981,-0.004337719496859034,1.0144288723359198,6.17853471934689e-07,-0.0019905227813737008,0.010405068208679081,0.010405068208679081,0.15693657167864097,0.9929502633390205,6.267684008035395e-07,4.765396370910488,0.10150168493625593,0.002796189458333334,-0.000943651480187655,0.0016671123420772815,0.0007539237076222977,-0.0017884964166666626,4.765090402814163,0.10380367557560179,-0.0003059680963248823,0.002301990639345858,0.002293728539808872,0.9928846461737634,-1.0742910476694902e-07,0.0019112684194027693,-0.008826037024839178,-0.008826037024839178,0.12813479067562947,1.0036020389481983,-1.0666470867529634e-07,4.764709735992267,0.10117421018192638,0.0036904376666666654,0.0013235530257798087,0.0009824142712021814,0.000514941223093146,0.0032930326916666636,4.7663101329090765,0.09865660888734283,0.0016003969168094656,-0.0025176012945835463,-0.002527896111371713,1.008255740110051,1.8110684245986312e-07,-0.000527399965359881,0.004302251262458224,0.004302251262458224,0.15493094126093607,0.9959275158730394,1.826020134833637e-07]"
/multi_agv/m2b_algorithm_state,1789558526.2171793,1789558526.2171793,m2b_algorithm_state_v1:header6+3x20,"[1.0,-0.15,0.52,4.766840134920215,0.10125038122826117,1789558526.2170138,4.765420267794369,0.10107516959990828,0.0036904376666666654,0.0015407308373977563,0.0006966768372736352,0.0005694275960652139,0.004584685874999997,4.767313342656416,0.09784077774813973,0.0018930748620471505,-0.0032343918517685477,-0.0032514977448594817,1.0107059869699497,3.4828255388215987e-07,-0.0008851541673005436,0.006085767959794123,0.006085767959794123,0.15689159967710087,0.9947390727494805,3.520112623658831e-07,4.766400764916818,0.1015017249965866,0.002796189458333334,-0.0009441607231171489,0.0016671448555491963,0.0007541275344007253,-0.0017884964166666626,4.766179978132056,0.10443545233767657,-0.00022078678476145086,0.002933727341089959,0.0029203726587863415,0.9909975087558286,-1.744947564478974e-07,0.002644389177834528,-0.011758779294676374,-0.011758779294676374,0.12823544418771862,1.0045729377254091,-1.7292386893082138e-07,4.765714117183718,0.1011741528588642,0.0036904376666666654,0.0013238656888987072,0.0009823986377377027,0.0005148138277040674,0.0032930326916666636,4.76729802066513,0.09873157162245691,0.001583903481412463,-0.0024425812364072957,-0.002452266198037325,1.0080029902001184,1.7050627068555414e-07,-0.00047238684627174624,0.0040763083938828906,0.0040763083938828906,0.1548471892137259,0.9960506075409836,1.7187083069890937e-07]"
/multi_agv/m2b_algorithm_state,1789558526.2271092,1789558526.2271092,m2b_algorithm_state_v1:header6+3x20,"[1.0,-0.15,0.52,4.767843350542144,0.10125036067183757,1789558526.226966,4.766415362625697,0.10107524839920896,0.0036904376666666654,0.0015401710311581432,0.0006967268161162108,0.0005696442523901582,0.004584685874999997,4.768375322226841,0.09868487105911425,0.0019599596011437015,-0.0023903773400947154,-0.002399661397399486,1.0078376910677964,1.9005687199090276e-07,5.0288104030140734e-05,0.002430305566755279,0.002430305566755279,0.15684738877595392,0.9961310969477478,1.9154647903887919e-07,4.767395838023548,0.1015016751846765,0.002796189458333334,-0.0009435513209946557,0.0016671093099986933,0.0007538818692459787,-0.0017884964166666626,4.766283573954048,0.10245315343143226,-0.0011122640694996022,0.0009514782467557603,0.0009500521861921203,0.9970132534695855,-1.8369441729267305e-08,-0.0004402779006823825,0.00019521824366364963,0.00019521824366364963,0.12833568925702143,1.0015010339267318,-1.8314576862916763e-08,4.7667092041114,0.10117422010089805,0.0036904376666666654,0.0013234962013317316,0.0009824152537668777,0.0005149653431565497,0.0032930326916666636,4.768480327456222,0.1003023460899837,0.0017711233448221009,-0.0008718740109143475,-0.0008730934673847755,1.0028065251739016,2.1695565285668464e-08,0.0013408107136428505,-0.0030303429478247914,-0.0030303429478247914,0.15476532302537663,0.9986032921835036,2.1756454435804717e-08]"
/multi_agv/m2b_algorithm_state,1789558526.237034,1789558526.237034,m2b_algorithm_state_v1:header6+3x20,"[1.0,-0.15,0.52,4.7688429142165765,0.10125036405109716,1789558526.236924,4.767418571805977,0.10107519894973725,0.0036904376666666654,0.0015405210339534668,0.0006966941809976035,0.0005695095158213728,0.004584685874999997,4.768877770268335,0.09914333973013612,0.0014591984623582022,-0.001931859219601137,-0.0019379022910732786,1.0063017131038163,1.2412768481308726e-07,-0.00011390421312552587,0.002805834929099988,0.002805834929099988,0.15680323773861216,0.9968816428465055,1.2490990187102027e-07,4.768399061481042,0.10150170545411293,0.002796189458333334,-0.0009439312935803955,0.0016671328166957267,0.0007540343468260963,-0.0017884964166666626,4.767305312205588,0.10245315343143226,-0.0010937492754541367,0.0009514479773193307,0.0009500220077489029,0.9970133486888939,-1.8375667821588417e-08,-0.000417164586568768,0.00011252591554599127,0.00011252591554599127,0.12843723135496657,1.0015009858285353,-1.832078610919662e-08,4.7677124183394115,0.1011741776116625,0.0036904376666666654,0.0013237283875644512,0.0009824040356762875,0.0005148705346704001,0.0032930326916666636,4.7686517688529495,0.09949876281269969,0.0009393505135379954,-0.0016754147989628126,-0.0016799451868445405,1.005442218530767,8.017170198578e-08,-0.0005057570449220462,0.003858138018287331,0.003858138018287331,0.15468380612816057,0.9973032525601402,8.060801390797014e-08]"
/multi_agv/m2b_algorithm_state,1789558526.2470112,1789558526.2470112,m2b_algorithm_state_v1:header6+3x20,"[1.0,-0.15,0.52,4.769841597996945,0.10125037289630627,1789558526.2469268,4.7684181363983615,0.10107520830661289,0.0036904376666666654,0.001540453365250675,0.0006966987599106743,0.0005695364656703115,0.004584685874999997,4.769855556638688,0.09886846679529082,0.001437420240326226,-0.002206741511322066,-0.002214642984767331,1.0072206643784054,1.619872090482691e-07,-0.00041786768435954835,0.003997817659874194,0.003997817659874194,0.15675962011324054,0.9964321682999869,1.6315686431840124e-07,4.769398624156209,0.10150169857751448,0.002796189458333334,-0.0009438567157311582,0.001667129818899049,0.0007540035792519689,-0.0017884964166666626,4.7683356456666806,0.10404798091447713,-0.001062978489528632,0.002546282336962649,0.002536192390665904,0.9921515771781915,-1.3144469093151478e-07,0.0012074692787551141,-0.006422914275091069,-0.006422914275091069,0.1285389072672261,1.0039783836328346,-1.3041305741940231e-07,4.768711982095158,0.10117418526916411,0.0036904376666666654,0.0013236851156690293,0.0009824051981801142,0.0005148886866472679,0.0032930326916666636,4.769507750702544,0.09818270261788252,0.0007957686073858383,-0.002991482651281588,-0.003006069646672331,1.009862028046028,2.5580611928911036e-07,-0.002011358887440033,0.00971931200451656,0.00971931200451656,0.15460365732107473,0.9951474858851357,2.5832888641188517e-07]"
/multi_agv/m2b_algorithm_state,1789558526.2569716,1789558526.2569716,m2b_algorithm_state_v1:header6+3x20,"[1.0,-0.15,0.52,4.770841490342038,0.1012503737816214,1789558526.2568593,4.769416822895571,0.10107523030822692,0.0036904376666666654,0.0015402966132082785,0.0006967124671030328,0.0005695972813900438,0.004584685874999997,4.770793030165685,0.09829891727580317,0.001376207270114449,-0.0027763130324237467,-0.0027888733944049335,1.009142645970529,2.564675686304239e-07,-0.0010686143067618723,0.0065334585335288424,0.0065334585335288424,0.15671642495632193,0.9954962595267376,2.5881236081333423e-07,4.770397304705597,0.10150168438545892,0.002796189458333334,-0.0009436856438812761,0.0016671201259574886,0.0007539344674579312,-0.0017884964166666626,4.7696950944478,0.10484736496320181,-0.0007022102577964873,0.003345680577742885,0.0033283664930892566,0.9897819203716441,-2.2675509672566535e-07,0.0024506036708436475,-0.0112643159054783,-0.0112643159054783,0.12864098419502645,1.0052019766121243,-2.2443809509118698e-07,4.769710666389665,0.101174203995233,0.0036904376666666654,0.0013235817983426935,0.000982409647567772,0.000514931156280382,0.0032930326916666636,4.770506985573621,0.09846770940540255,0.0007963191839559514,-0.002706494589830452,-0.00271840910228067,1.0088940119115948,2.0933325103885514e-07,-0.0017230101223357306,0.008587333782891076,0.008587333782891076,0.1545246246499169,0.9956171010315474,2.1119506346708758e-07]"
/multi_agv/m2b_algorithm_state,1789558526.2669697,1789558526.2669697,m2b_algorithm_state_v1:header6+3x20,"[1.0,-0.15,0.52,4.7718413076792965,0.1012503751140561,1789558526.2668796,4.7704167155453705,0.10107523253343784,0.0036904376666666654,0.0015402805207696789,0.0006967139804102014,0.0005696034696483801,0.004584685874999997,4.772094058729873,0.09828655275928523,0.001677343184502078,-0.0027886797741526054,-0.0028013534601815672,1.0091846446943418,2.5875683515715333e-07,-0.0007046744795539696,0.005259806730541258,0.005259806730541258,0.15667357194301718,0.9954758704286676,2.6113342475030416e-07,4.771397196694328,0.1015016828741822,0.002796189458333334,-0.0009436677742271217,0.0016671190568695593,0.0007539272776823508,-0.0017884964166666626,4.770583020791272,0.1029637317861478,-0.0008141759030557694,0.0014620489119656077,0.0014586947775412373,0.9954372133172997,-4.336257574030165e-08,0.0004409748987215256,-0.0031780135384127835,-0.0031780135384127835,0.12874366614892502,1.0022994079885745,-4.316472155718622e-08,4.770710558786416,0.1011742059372442,0.0036904376666666654,0.0013235708859096551,0.0009824101110354816,0.0005149356453158275,0.0032930326916666636,4.771978538231802,0.09877439708113345,0.0012679794453864801,-0.002399808856110755,-0.00240915458254817,1.0078590640191094,1.6454573057792264e-07,-0.0008241802758150699,0.00529538649349587,0.00529538649349587,0.15444652457850255,0.9961207443868008,1.6583890600860565e-07]"
/multi_agv/m2b_algorithm_state,1789558526.2770367,1789558526.2770367,m2b_algorithm_state_v1:header6+3x20,"[1.0,-0.15,0.52,4.77284150957053,0.1012503739586827,1789558526.276946,4.77141653334072,0.10107523573899892,0.0036904376666666654,0.0015402575844943775,0.0006967162771992716,0.0005696122168994343,0.004584685874999997,4.773139962507492,0.09900682071256597,0.001723429166771595,-0.002068415026432943,-0.002075349736503532,1.0067575264887008,1.422846796722139e-07,7.893672196096187e-05,0.002186519615941961,0.002186519615941961,0.15663111259486776,0.9966585342467281,1.4324617216403518e-07,4.772397013479569,0.10150168084881026,0.002796189458333334,-0.0009436425476667077,0.0016671174008164868,0.0007539172042625025,-0.0017884964166666626,4.771613184665657,0.1029637317861478,-0.0007838288139119243,0.0014620509373375473,0.0014586967935791867,0.9954372069757058,-4.336153702571747e-08,0.0004789107761892814,-0.0033133490116222884,-0.0033133490116222884,0.12884682117034305,1.0022994112094608,-4.3163687307053855e-08,4.771710376217602,0.10117420875435909,0.0036904376666666654,0.0013235552888510344,0.0009824108759198154,0.0005149420081703802,0.0032930326916666636,4.772910196311915,0.09747133916409259,0.0011998200943130755,-0.0037028695902665,-0.0037253389731677863,1.0123049455988946,3.9207499476319257e-07,-0.002225563855276442,0.010763306969214863,0.010763306969214863,0.1543694581279223,0.9939684997625384,3.968994562444405e-07]"
/multi_agv/m2b_algorithm_state,1789558526.2870102,1789558526.2870102,m2b_algorithm_state_v1:header6+3x20,"[1.0,-0.15,0.52,4.77384144880581,0.10125037450999404,1789558526.2869582,4.7724167349141835,0.10107523290219833,0.0036904376666666654,0.0015402775037719522,0.0006967146474563528,0.0005696044304281888,0.004584685874999997,4.774179909784779,0.09948426531410559,0.0017631748705957406,-0.0015909675880927399,-0.0015950556219314896,1.005169844703653,8.415357171684715e-08,0.0006089129663131862,0.00010316543212535666,0.00010316543212535666,0.15658903069882707,0.997437058756735,8.458863261388098e-08,4.77339721575582,0.10150168258323661,0.002796189458333334,-0.0009436639339645957,0.0016671185558703172,0.0007539258736617288,-0.0017884964166666626,4.772975448058865,0.10310238744659828,-0.00042176769695512206,0.0016007048633616683,0.001596688604494697,0.9950124042260459,-5.1971834803996755e-08,0.0010694789833007945,-0.005485384171509887,-0.005485384171509887,0.1289504914211533,1.0025153676525689,-5.17126203003637e-08,4.772710578041587,0.10117420639061316,0.0036904376666666654,0.0013235680884034011,0.0009824103146622411,0.0005149367520069555,0.0032930326916666636,4.773773230966699,0.0966600580370719,0.0010626529251123173,-0.004514148353541261,-0.004547746111921008,1.015137530761265,5.829987292584122e-07,-0.0032194299555306114,0.014563866384792522,0.014563866384792522,0.1542933802977902,0.992612217667192,5.918238904563398e-07]"
/multi_agv/m2b_algorithm_state,1789558526.2969944,1789558526.2969944,m2b_algorithm_state_v1:header6+3x20,"[1.0,-0.15,0.52,4.774839207047656,0.10125038887616804,1789558526.296883,4.77341667435821,0.1010752342338953,0.0036904376666666654,0.0015402678488861217,0.0006967156841970017,0.0005696080761607575,0.004584685874999997,4.775440762522001,0.09969561024240382,0.002024088163790516,-0.0013796239914914826,-0.001382693167750917,1.0044724194492591,6.327129363579083e-08,0.0011474170369872281,-0.0018948943588474637,-0.0018948943588474637,0.15654735206785428,0.997780291151343,6.355426940002733e-08,4.774397154741234,0.10150168170938324,0.002796189458333334,-0.0009436531709132302,0.001667117806268159,0.0007539215981676173,-0.0017884964166666626,4.773998690693048,0.10310238744659828,-0.0003984640481853319,0.001600705737215033,0.0015966894739417462,0.9950124014934085,-5.1971298952190676e-08,0.0010986094137100813,-0.005589364126756487,-0.005589364126756487,0.1290546072743152,1.0025153690425301,-5.171208697915111e-08,4.773710517317989,0.10117420758670356,0.0036904376666666654,0.0013235613658210432,0.000982410651212096,0.0005149394909242377,0.0032930326916666636,4.77516632322841,0.09800207086396685,0.0014558059104210486,-0.0031721367227367098,-0.003188561003006032,1.010478795604926,2.8764149241835536e-07,-0.0013688036149797213,0.0075392119695636035,0.0075392119695636035,0.15421833618039027,0.9948489992025124,2.9065562882490316e-07]"
/multi_agv/m2b_algorithm_state,1789558526.3070438,1789558526.3070438,m2b_algorithm_state_v1:header6+3x20,"[1.0,-0.15,0.52,4.775845634869193,0.10125034744018839,1789558526.306958,4.774414437206452,0.10107526841473859,0.0036904376666666654,0.00154002595048612,0.0006967390349235099,0.0005697007832284104,0.004584685874999997,4.776431731902961,0.09931932308652894,0.002017294696509353,-0.0017559453282096488,-0.0017609313385392729,1.0057165480213583,1.0250591864712316e-07,0.0007606870320974184,-0.0003577687877129362,-0.0003577687877129362,0.15650614855363537,0.9971685379091724,1.0309189865354289e-07,4.775394907353807,0.10150166103513591,0.002796189458333334,-0.0009433903916114894,0.0016671009184525687,0.0007538164769036043,-0.0017884964166666626,4.77515813333758,0.1035210194551969,-0.00023677401622634875,0.002019358420060985,0.0020129868861041124,0.9937380005160414,-8.266329140293193e-08,0.0017170193658211765,-0.007995949189977923,-0.007995949189977923,0.12915896798947132,1.003165213842602,-8.214565391482446e-08,4.774708276582709,0.10117423717862964,0.0036904376666666654,0.0013233997546830225,0.0009824187686107606,0.0005150053207158283,0.0032930326916666636,4.776290222000398,0.09869987658871571,0.001581945417688857,-0.002474360589913932,-0.0024843015704671886,1.0081100003923764,1.7491388919167646e-07,-0.0005068697983561174,0.00421103217242302,0.00421103217242302,0.1541444683947387,0.9959984807515188,1.7633244090165305e-07]"
/multi_agv/m2b_algorithm_state,1789558526.3170085,1789558526.3170085,m2b_algorithm_state_v1:header6+3x20,"[1.0,-0.15,0.52,4.77683905061216,0.10125039003131231,1789558526.3168838,4.775420852061094,0.10107516846766647,0.0036904376666666654,0.001540733832186573,0.000696673328343422,0.0005694281230896877,0.004584685874999997,4.777335020075375,0.09855189733980259,0.0019141680142809037,-0.0025232711278638797,-0.0025336265368025176,1.0082857968706662,2.1187277864574366e-07,-0.00014091651895138798,0.0031623487202374913,0.0031623487202374913,0.15646502199152354,0.9959128116207268,2.1362831345202592e-07,4.776401350911822,0.10150172252028739,0.002796189458333334,-0.0009441593575806959,0.0016671481278862643,0.0007541252402970128,-0.0017884964166666626,4.776047988593639,0.10139886478909149,-0.0003533623181830592,-0.00010285773119589336,-0.00010287453026012154,1.000326773826971,-2.1496924755819807e-10,-0.0005445774279889456,0.0010346589377029404,0.0010346589377029404,0.12926468025037469,0.9998367033687959,-2.1503949388190373e-10,4.775714701634664,0.10117415133261129,0.0036904376666666654,0.0013238693192428055,0.0009823962991707628,0.0005148134704770963,0.0032930326916666636,4.777290869267903,0.0986204396893108,0.0015761676332388674,-0.0025537116433004964,-0.0025643067851341727,1.0083775582178975,1.863883672201019e-07,-0.0005940972435855884,0.004552881841719096,0.004552881841719096,0.15407091963623823,0.9958682237651523,1.8794984661762719e-07]"
/multi_agv/m2b_algorithm_state,1789558526.3270097,1789558526.3270097,m2b_algorithm_state_v1:header6+3x20,"[1.0,-0.15,0.52,4.7778423813089,0.10125036843074413,1789558526.326856,4.776414281043876,0.10107527227127368,0.0036904376666666654,0.0015399971955252956,0.0006967403282505552,0.0005697125745797224,0.004584685874999997,4.778589931644328,0.09842546881401923,0.002175650600451995,-0.0026498034572544488,-0.0026612343285957957,1.0087136547000501,2.335622487936119e-07,5.832892196919789e-05,0.0025167944403948683,0.0025167944403948683,0.15642476831216673,0.9957046731215968,2.3559742958056666e-07,4.777394750686765,0.10150165763427979,0.002796189458333334,-0.0009433580261271062,0.0016671002238171084,0.000753802808902429,-0.0017884964166666626,4.777101236170357,0.10034716543964146,-0.0002935145164082442,-0.0011544921946383263,-0.0011566254805935137,1.0037117510377436,-2.7078847192381893e-08,-0.001523518626103819,0.004960520049471803,0.004960520049471803,0.12936951572590105,0.9981555948827165,-2.7179357131549116e-08,4.7767081201058375,0.10117424018838347,0.0036904376666666654,0.0013233819143001198,0.0009824188523768207,0.0005150130102407756,0.0032930326916666636,4.778446608135906,0.09875840755491203,0.0017384880300683747,-0.0024158326334714486,-0.002425304719274002,1.007912961280186,1.6672836362713219e-07,-0.0002521946816885336,0.0032892855901038628,0.0032892855901038628,0.15399937156034912,0.99609447599418,1.6804767871282245e-07]"
/multi_agv/m2b_algorithm_state,1789558526.3370397,1789558526.3370397,m2b_algorithm_state_v1:header6+3x20,"[1.0,-0.15,0.52,4.778841738848239,0.10125037285261924,1789558526.3369179,4.777417605110482,0.10107521939017612,0.0036904376666666654,0.0015403723854128665,0.0006967067611686414,0.0005695674052177521,0.004584685874999997,4.779690112065256,0.09985187859504374,0.0022725069547737675,-0.00122334079513238,-0.0012257511660511806,1.003958803510875,4.97466250669973e-08,0.0016148825274160288,-0.0036190416057120863,-0.0036190416057120863,0.15638455295887482,0.998033556087435,4.9943562180966716e-08,4.778398089360202,0.10150169082815186,0.002796189458333334,-0.0009437659731932144,0.0016671241539061299,0.00075396719222319,-0.0017884964166666626,4.778097548957624,0.10034716543964146,-0.00030054040257798675,-0.001154525388510394,-0.0011566587967183515,1.0037118574911197,-2.7092111529142456e-08,-0.001532334299940835,0.004991293254423818,0.004991293254423818,0.12947582701416,0.9981555423137658,-2.7192673586272153e-08,4.777711449456016,0.1011741950739044,0.0036904376666666654,0.0013236293770107583,0.000982407613591186,0.0005149115907730336,0.0032930326916666636,4.779411942119473,0.09859762775959469,0.001700492663457176,-0.002576567314309719,-0.0025873548061142054,1.0084547028546327,1.8970804568796987e-07,-0.0004617389767927354,0.0040970779332451055,0.0040970779332451055,0.15392804195778387,0.9958306870866748,1.9131197084339474e-07]"
/multi_agv/m2b_algorithm_state,1789558526.3469193,1789558526.3469193,m2b_algorithm_state_v1:header6+3x20,"[1.0,-0.15,0.52,4.779840990580641,0.10125037780168868,1789558526.3468583,4.778416964013613,0.10107523043433478,0.0036904376666666654,0.001540293587524849,0.0006967136341804901,0.0005695979858399341,0.004584685874999997,4.78076964870016,0.10028960158241024,0.002352684686546702,-0.0007856288519245413,-0.0007866196621095531,1.002529809973955,2.050932073749513e-08,0.0021542361960738246,-0.005733161281898415,-0.005733161281898415,0.15634488049689554,0.9987404202656789,2.056120542165589e-08,4.779397445279415,0.10150168365739538,0.002796189458333334,-0.0009436799084305289,0.0016671192935246992,0.0007539324143284176,-0.0017884964166666626,4.779580011183186,0.10185141783131899,0.00018256590377152548,0.00034973417392360207,0.0003495406216181169,0.9988946132570737,-2.483246992170024e-09,0.0005777480013325238,-0.003154763247812497,-0.003154763247812497,0.12958217853839402,1.0005537333674956,-2.4805020438654678e-09,4.7787108072516915,0.10117420446612757,0.0036904376666666654,0.001323577463382602,0.0009824098362801077,0.0005149329371493387,0.0032930326916666636,4.780523463367377,0.0995675155325442,0.0018126561156854848,-0.0016066889335833723,-0.001610853110844369,1.0052149348749635,7.371746905183695e-08,0.000654967033762487,-0.0002689600970990219,-0.0002689600970990219,0.1538579907215035,0.9974149242826902,7.410190085208942e-08]"
/multi_agv/m2b_algorithm_state,1789558526.3570898,1789558526.3570898,m2b_algorithm_state_v1:header6+3x20,"[1.0,-0.15,0.52,4.780841824318071,0.10125037253465859,1789558526.3568788,4.779416217337072,0.10107524232021049,0.0036904376666666654,0.0015402092445177154,0.0006967216813530182,0.0005696303593059836,0.004584685874999997,4.781720265478872,0.0992428457589248,0.0023040481417995196,-0.0018323965612856985,-0.001837829318220912,1.005970576279829,1.1164514408759042e-07,0.0010422308590284873,-0.0013157278458481385,-0.0013157278458481385,0.15630561215691052,0.9970439273759804,1.1231172993663788e-07,4.7803966950770045,0.1015016763469947,0.002796189458333334,-0.0009435880956144881,0.0016671134890913208,0.000753895635918031,-0.0017884964166666626,4.7805220796903924,0.10009244824763416,0.0001253846133879577,-0.0014092280993605322,-0.0014124127776297293,1.0045438089634073,-4.03637361080147e-08,-0.0012556820108947822,0.0041229896455037725,0.0041229896455037725,0.1296889645997155,0.9977452212840062,-4.0547141213938904e-08,4.779710059327845,0.10117421473786087,0.0036904376666666654,0.001323521164892575,0.0009824125964995826,0.0005149559045960332,0.0032930326916666636,4.781786904998468,0.10005204168151578,0.0020768456706221627,-0.0011221730563450855,-0.0011241970012143025,1.003622455136245,3.594725057884291e-08,0.001471860087063401,-0.003377491252425931,-0.003377491252425931,0.15378891351240825,0.9981996528481833,3.6077467881336127e-08]"
/multi_agv/m2b_algorithm_state,1789558526.3669508,1789558526.3669508,m2b_algorithm_state_v1:header6+3x20,"[1.0,-0.15,0.52,4.781841519647171,0.10125037467764363,1789558526.3668818,4.780417049476479,0.10107522944302007,0.0036904376666666654,0.0015403004619208246,0.000696713581159969,0.0005695950336542714,0.004584685874999997,4.782555089402947,0.09739388422351505,0.002138039926467883,-0.003681345219505014,-0.0037035798893767504,1.012246531250843,4.5119220527033343e-07,-0.0010310299812918968,0.006787394938482941,0.006787394938482941,0.15626669080025096,0.9939964384363589,4.5671774471231336e-07,4.781397530738118,0.1015016843901868,0.002796189458333334,-0.0009436871405889618,0.0016671192601380724,0.0007539355665846237,-0.0017884964166666626,4.781335244959396,0.0985087421066829,-6.228577872136043e-05,-0.0029929422835038993,-0.0030074797499587197,1.009824026375702,-1.82273411402416e-07,-0.00308533697336042,0.01122479269135181,0.01122479269135181,0.12979635776838241,0.9951662296462612,-1.840640702036225e-07,4.780710892739618,0.1011742037707689,0.0036904376666666654,0.0013235812049494952,0.000982409877704482,0.0005149312937809468,0.0032930326916666636,4.78277124184746,0.09958211310764671,0.002060349107841475,-0.0015920906631221865,-0.0015961790634685552,1.0051667021129573,7.238346558645681e-08,0.0009792573213332884,-0.001420231193617099,-0.001420231193617099,0.15372067996261302,0.9974386330206059,7.275744939104554e-08]"
/multi_agv/m2b_algorithm_state,1789558526.3770888,1789558526.3770888,m2b_algorithm_state_v1:header6+3x20,"[1.0,-0.15,0.52,4.782839399088849,0.10125038826714493,1789558526.376882,4.781416745495042,0.10107523468678571,0.0036904376666666654,0.0015402630686163978,0.0006967170583658698,0.0005696094334345338,0.004584685874999997,4.783579297703079,0.09883679451895877,0.0021625522080368498,-0.002238440167826941,-0.0022465722088373754,1.0073269929628141,1.6665722980640553e-07,0.0004566180512086868,0.0009321769034575979,0.0009321769034575979,0.15622821266638523,0.9963802449890349,1.6787832615639916e-07,4.782397225237026,0.10150168106324671,0.002796189458333334,-0.0009436462946853484,0.0016671167695641032,0.0007539191568092796,-0.0017884964166666626,4.78232397966664,0.0985087421066829,-7.324557038579371e-05,-0.002992938956563815,-0.0030074763909836177,1.009824015524208,-1.8226511919271604e-07,-0.00309903335396586,0.01127292887450915,0.01127292887450915,0.12990406920001768,0.9951662348993375,-1.8405569455318691e-07,4.781710588209446,0.10117420828289843,0.0036904376666666654,0.0013235563094295129,0.000982411040023657,0.0005149414804258672,0.0032930326916666636,4.783836043346131,0.10028169063792353,0.0021254551366851615,-0.0008925176449749023,-0.0008937957312878006,1.0028736469259787,2.2736469167255354e-08,0.0017630231895686514,-0.004514771748718368,-0.004514771748718368,0.15365348273156296,0.9985700465238777,2.2801805751985447e-08]"
/multi_agv/m2b_algorithm_state,1789558526.3871524,1789558526.3871524,m2b_algorithm_state_v1:header6+3x20,"[1.0,-0.15,0.52,4.783842280991824,0.1012503695989753,1789558526.387011,4.782414629291851,0.10107526699500144,0.0036904376666666654,0.0015400344804271876,0.0006967391440218405,0.0005696970291032052,0.004584685874999997,4.784705540899628,0.10065616132498874,0.0022909116077771685,-0.00041910567001270105,-0.00041938686102178853,1.0013439844630083,5.83418541498887e-09,0.002444252648699672,-0.006935768305347465,-0.006935768305347465,0.15619020067815473,0.9993295187922618,5.842026469540925e-09,4.783395099351164,0.10150166155877072,0.002796189458333334,-0.0009433980729090714,0.0016671007869435428,0.0007538198748773678,-0.0017884964166666626,4.783503984912496,0.09979625289548714,0.00010888556133181737,-0.0017054086632835724,-0.0017100831242855502,1.0055172219752242,-5.9113198915146935e-08,-0.0015739761726207785,0.005373417470799783,0.005373417470799783,0.13001202142507698,0.9972665299507412,-5.943933955522738e-08,4.782708468623534,0.10117423624766263,0.0036904376666666654,0.001323403641209957,0.000982418737954083,0.0005150036520015647,0.0032930326916666636,4.7849152170591305,0.10052777812530125,0.0022067484355963174,-0.0006464581223613736,-0.0006471273912201423,1.0020756240511421,1.1924674341202303e-08,0.0021113081532752546,-0.005864180537429806,-0.005864180537429806,0.15358735937932572,0.9989657849940382,1.194942548206694e-08]"
/multi_agv/m2b_algorithm_state,1789558526.397012,1789558526.397012,m2b_algorithm_state_v1:header6+3x20,"[1.0,-0.15,0.52,4.784840588038769,0.10125038065009863,1789558526.3968682,4.783417505452536,0.10107522131071515,0.0036904376666666654,0.0015403586311518156,0.0006967100931381861,0.0005695716340042037,0.004584685874999997,4.785262834125981,0.10094967607058727,0.0018453286734452234,-0.0001255452401278806,-0.00012557041646807515,1.0004012621248535,5.235234229428553e-10,0.0021810904253384542,-0.006142584830693921,-0.006142584830693921,0.15615242633543625,0.9997995042072593,5.237334930639559e-10,4.7843979881622225,0.101501690235148,0.002796189458333334,-0.0009437506124449248,0.001667121511196079,0.0007539619085180777,-0.0017884964166666626,4.7844983355156705,0.09979625289548714,0.00010034735344799373,-0.001705437339660859,-0.0017101119570712988,1.0055173144074818,-5.9137271080712525e-08,-0.0015846777652613066,0.005410836075055559,0.005410836075055559,0.1301209316551115,0.997266484576574,-5.94635499984653e-08,4.783711349360713,0.10117419725106278,0.0036904376666666654,0.0013236175608059035,0.0009824090194358263,0.0005149159813836678,0.0032930326916666636,4.78536071132494,0.10000142813808748,0.0016493619642270474,-0.0011727691129752998,-0.001174980526113118,1.0037879469122681,3.926609047604172e-08,0.0008867219291706912,-0.0012853209722968164,-0.0012853209722968164,0.1535218209548625,0.9981179150729131,3.941482834221728e-08]"
/multi_agv/m2b_algorithm_state,1789558526.4069555,1789558526.4069555,m2b_algorithm_state_v1:header6+3x20,"[1.0,-0.15,0.52,4.78584193721019,0.10125037201434621,1789558526.406858,4.784415815965,0.10107524808819067,0.0036904376666666654,0.0015401686869727094,0.0006967276550714266,0.000569644832102961,0.004584685874999997,4.786117466442474,0.099145099386085,0.0017016504774742813,-0.0019301487021056718,-0.001936180995285844,1.0062960080921775,1.2387946112620955e-07,0.00019088210155700767,0.0017302584404753313,0.0017302584404753313,0.1561152130459909,0.9968844373563942,1.2465940721591476e-07,4.78539629101356,0.10150167362573356,0.002796189458333334,-0.0009435440703538184,0.001667108924373828,0.0007538789269047746,-0.0017884964166666626,4.784996852863898,0.09841265705204916,-0.00039943814966214575,-0.0030890165736844055,-0.0031045135481100506,1.0101503355830457,-1.941458199676324e-07,-0.0036038112351877327,0.013083469021714887,0.013083469021714887,0.13022978097191307,0.9950082439050462,-1.9611646519234943e-07,4.784709657137747,0.10117422023637168,0.0036904376666666654,0.0013234915793365505,0.0009824149918604254,0.0005149674828245172,0.0032930326916666636,4.786339301916475,0.09989264200189678,0.0016296447787276236,-0.0012815782344749033,-0.0012842211990249017,1.0041444768298908,4.6889280868111614e-08,0.0007528347743846278,-0.0007625238206596706,-0.0007625238206596706,0.15345753503056417,0.9979419709377128,4.708361240623974e-08]"
/multi_agv/m2b_algorithm_state,1789558526.4170246,1789558526.4170246,m2b_algorithm_state_v1:header6+3x20,"[1.0,-0.15,0.52,4.7868368202168385,0.1012504046078632,1789558526.4168298,4.785417162479895,0.10107522700044679,0.0036904376666666654,0.0015403182164035949,0.0006967142232099377,0.0005695870038689983,0.004584685874999997,4.786937802786491,0.09843572329335791,0.0015206403065954888,-0.002639503707088875,-0.0026508450164351924,1.0086787866900009,2.3179687225373516e-07,-0.0007500446331908314,0.005354846865530772,0.005354846865530772,0.1560783084821418,0.9957216248871581,2.3380858786343472e-07,4.786397643383942,0.1015016868165427,0.002796189458333334,-0.000943706647706097,0.001667118521257116,0.0007539444065895046,-0.0017884964166666626,4.785943927408359,0.09802509753919977,-0.00045371597558307997,-0.0034765892773429286,-0.0034962763287582424,1.0114737028055036,-2.4602332249533863e-07,-0.004063421298237092,0.01484667438933247,0.01484667438933247,0.13033937429405604,0.9943691374582208,-2.4884612098087274e-07,4.785711005766731,0.10117420222604911,0.0036904376666666654,0.0013235902901623142,0.0009824104905731268,0.0005149270369201975,0.0032930326916666636,4.787392182243877,0.10050539562361027,0.0016811764771462734,-0.0006688066024388428,-0.0006695230664825937,1.002147923566322,1.2765412447869746e-08,0.001431947529950248,-0.003447399666811374,-0.003447399666811374,0.15339396353862508,0.9989298889319602,1.2792831578100345e-08]"
/multi_agv/m2b_algorithm_state,1789558526.4270365,1789558526.4270365,m2b_algorithm_state_v1:header6+3x20,"[1.0,-0.15,0.52,4.787838387507459,0.10125039382166212,1789558526.4268372,4.7864120558267675,0.10107530487495282,0.0036904376666666654,0.0015397671433289477,0.0006967666777971,0.0005697985869906191,0.004584685874999997,4.7883564958994205,0.09967196098885808,0.001944440072652931,-0.0014033438860947406,-0.0014065200709667328,1.0045505261506922,6.544539259512943e-08,0.001024030019849431,-0.0014486515832823513,-0.0014486515832823513,0.15604202374869267,0.9977418133323835,6.574320356557588e-08,4.787392513774914,0.10150163951983916,0.002796189458333334,-0.0009431083129598731,0.001667080674224053,0.0007537047359278543,-0.0017884964166666626,4.787303902320974,0.09869862192923053,-8.861145393979086e-05,-0.0028030175906086363,-0.002815750346270378,1.0091809964216036,-1.5975659244677845e-07,-0.0029265146636951165,0.010591055858858268,0.010591055858858268,0.13044868964638195,0.9954780239382348,-1.6122331715035991e-07,4.786705891048836,0.10117426942879765,0.0036904376666666654,0.0013232232464980742,0.0009824286682603494,0.0005150766807528115,0.0032930326916666636,4.788674353071536,0.10012849778987853,0.001968462022699846,-0.001045771638919113,-0.0010475283571337237,1.0033729120748343,3.1210392065302136e-08,0.001413049171241084,-0.0032053650982766893,-0.0032053650982766893,0.1533317459394031,0.9983229874373831,3.131566197355951e-08]"
/multi_agv/m2b_algorithm_state,1789558526.4370291,1789558526.4370291,m2b_algorithm_state_v1:header6+3x20,"[1.0,-0.15,0.52,4.788838734356239,0.10125039117122493,1789558526.436832,4.787413620052855,0.10107527660576092,0.0036904376666666654,0.0015399695633378577,0.0006967513332226003,0.00056971882779582,0.004584685874999997,4.789501079574522,0.10093170246031485,0.002087459521666446,-0.0001435741454460654,-0.00014360707632930393,1.0004589786697686,6.845162513887698e-10,0.0024657173257537535,-0.00714428104103244,-0.00714428104103244,0.15600593464324594,0.9997706876006371,6.848304297472672e-10,4.788394084579933,0.10150165890477207,0.002796189458333334,-0.0009433297783914456,0.0016670912174223673,0.0007537952493298777,-0.0017884964166666626,4.788285274069158,0.09869862192923053,-0.00010881051077493709,-0.002803036975541545,-0.002815769905863043,1.009181059539033,-1.597963052555128e-07,-0.0029517830443317144,0.01067963838256477,0.01067963838256477,0.1305591326197689,0.9954779933207665,-1.6126340464818113e-07,4.787707457889588,0.10117424595445335,0.0036904376666666654,0.0013233538884996586,0.0009824241572132138,0.0005150223990298868,0.0032930326916666636,4.789631307009417,0.09962561822711247,0.0019238491198292351,-0.0015486277273408788,-0.0015524946846171737,1.0050231902296554,6.84715998067139e-08,0.0008523167151693702,-0.0009922268242581133,-0.0009922268242581133,0.15326998730656932,0.9975091977353543,6.881554567787185e-08]"
/multi_agv/m2b_algorithm_state,1789558526.4470353,1789558526.4470353,m2b_algorithm_state_v1:header6+3x20,"[1.0,-0.15,0.52,4.78984043332002,0.10125038000212505,1789558526.4469051,4.788413966252673,0.10107526880150669,0.0036904376666666654,0.0015400262461954558,0.0006967482140876058,0.0005696958805541104,0.004584685874999997,4.790473891890601,0.10043668670155632,0.0020599256379281172,-0.0006385820999503661,-0.0006392359935935961,1.002052888268687,1.3546602831823653e-08,0.0019356710538165505,-0.005029187717291911,-0.005029187717291911,0.1559702986907627,0.9989770700495852,1.3574412493857665e-08,4.789394432086962,0.10150166496965066,0.002796189458333334,-0.0009433924665198379,0.0016670931921707322,0.0007538213952771738,-0.0017884964166666626,4.789418450122771,0.09984312673062085,2.4018035808204274e-05,-0.001658538239029811,-0.0016629577259865875,1.005362750676928,-5.590650338967082e-08,-0.0016329351812263322,0.005561569591948894,0.005561569591948894,0.13066985141921453,0.9973423936834265,-5.620631602856846e-08,4.788707804729081,0.10117423974251745,0.0036904376666666654,0.0013233892898242556,0.0009824235720885532,0.0005150073583117388,0.0032930326916666636,4.79061810821758,0.09962619640850714,0.0019103034884988546,-0.0015480433340103045,-0.001551907356654057,1.0050212620042842,6.842173776511384e-08,0.0008359720039695113,-0.0009347566881158765,-0.0009347566881158765,0.1532092150096553,0.9975101460617576,6.876530123722091e-08]"
/multi_agv/m2b_algorithm_state,1789558526.4569447,1789558526.4569447,m2b_algorithm_state_v1:header6+3x20,"[1.0,-0.15,0.52,4.790836715727736,0.10125040356167642,1789558526.4567642,4.789415661803145,0.10107524102974128,0.0036904376666666654,0.0015402238604997356,0.0006967310770408016,0.0005696191367752178,0.004584685874999997,4.791303669828268,0.09923598525070818,0.0018880080251229003,-0.0018392557790330999,-0.0018447295677814605,1.0059933887641197,1.1248413533425832e-07,0.0005152804636221649,0.0005457138183247155,0.0005457138183247155,0.15593503628369232,0.9970327419021403,1.1315829648711238e-07,4.790396135115312,0.10150168282596617,0.002796189458333334,-0.0009436079831254777,0.0016671053858754448,0.0007539084715233318,-0.0017884964166666626,4.7904112710051,0.09984312673062085,1.513588978774294e-05,-0.0016585560953453204,-0.0016629756769977078,1.0053628082082098,-5.592047532819172e-08,-0.0016440558147630291,0.005600605819400393,0.005600605819400393,0.13078111956515978,0.9973423654275172,-5.6220366112288737e-08,4.789709503041604,0.10117421615066773,0.0036904376666666654,0.0013235192378780185,0.0009824180190424418,0.0005149539193767382,0.0032930326916666636,4.791754927447309,0.10123596266822055,0.0020454244057050985,6.174651755282146e-05,6.174044429957145e-05,0.999803330256831,1.0874622733416026e-10,0.0026185209514309445,-0.008002056301762718,-0.008002056301762718,0.15314925339188518,1.0000983675015447,1.0872484024155985e-10]"
/multi_agv/m2b_algorithm_state,1789558526.4671054,1789558526.4671054,m2b_algorithm_state_v1:header6+3x20,"[1.0,-0.15,0.52,4.79184140410291,0.10125037288082221,1789558526.4668343,4.790411951688009,0.10107529700032936,0.0036904376666666654,0.0015398282535427402,0.00069676913300487,0.0005697708212146988,0.004584685874999997,4.792137400475108,0.1000870667798922,0.0017254487870985713,-0.0009882302204371612,-0.000989800348373123,1.0031894949672726,3.244604190705714e-08,0.0011670106355000911,-0.002145154229344306,-0.002145154229344306,0.15590035729323162,0.9984136922778999,3.2549528394427614e-08,4.79139240837045,0.10150164915973794,0.002796189458333334,-0.0009431789755769116,0.0016670779281406922,0.0007537367941845979,-0.0017884964166666626,4.791105498800191,0.09945200170319728,-0.00028690957025911956,-0.002049647456540668,-0.002056417034099767,1.0066566883388914,-8.538552929398956e-08,-0.0024150539969236664,0.0084835788859303,0.0084835788859303,0.13089219632911334,0.9967080716377833,-8.595391415115093e-08,4.790705787124751,0.10117426452496193,0.0036904376666666654,0.0013232554581101082,0.0009824313447227345,0.0005150613261553079,0.0032930326916666636,4.792571587309443,0.10020369475276517,0.00186580018469229,-0.0009705697721967693,-0.000972082063773346,1.0031277067968203,2.6882353898786193e-08,0.0013601681670920166,-0.0030532309006707265,-0.0030532309006707265,0.15309052871129414,0.9984442758148357,2.6966434019789953e-08]"
/multi_agv/m2b_algorithm_state,1789558526.4771638,1789558526.4771638,m2b_algorithm_state_v1:header6+3x20,"[1.0,-0.15,0.52,4.792841646559186,0.10125037159529963,1789558526.4769034,4.791416630571482,0.10107522176804729,0.0036904376666666654,0.0015403625420638382,0.0006967212570877729,0.0005695641319251541,0.004584685874999997,4.793309305463566,0.10171287920674421,0.001892674892084223,0.0006376574386969258,0.0006370116921241146,0.9979795120574563,1.34982257742188e-08,0.0030028553072293934,-0.009431336527678994,-0.009431336527678994,0.15586584018075827,1.0010137122768625,1.3470952771796258e-08,4.792397108150471,0.1015016965953589,0.002796189458333334,-0.0009437606752034484,0.0016671121426830027,0.0007539711436101021,-0.0017884964166666626,4.792076804495924,0.09943465247330507,-0.0003203036545471605,-0.0020670441220538294,-0.0020739300022728697,1.0067145007547893,-8.689566147469203e-08,-0.0024743095704568203,0.00869897728354064,0.00869897728354064,0.13100458310679947,0.9966797914049684,-8.747912245925177e-08,4.791710473586777,0.10117420027906042,0.0036904376666666654,0.001323608282743621,0.0009824154198870613,0.0005149166739012927,0.0032930326916666636,4.793469684892714,0.09891102875928777,0.0017592113059370362,-0.00226317151977265,-0.0022714747688550754,1.0074002177549704,1.4633274558086914e-07,-7.246063643378013e-05,0.002589543215529455,0.002589543215529455,0.15303215529261063,0.9963445558822513,1.4741563976285025e-07]"
/multi_agv/m2b_algorithm_state,1789558526.4869213,1789558526.4869213,m2b_algorithm_state_v1:header6+3x20,"[1.0,-0.15,0.52,4.793841717533382,0.10125037143614286,1789558526.4868343,4.792416872485261,0.10107521932818823,0.0036904376666666654,0.0015403793008467808,0.0006967186173056912,0.0005695582407631819,0.004584685874999997,4.7943597232405715,0.10200522358207682,0.0019428507553103103,0.0009300042538885889,0.0009286336981693211,0.9970629524210027,2.8706823902187484e-08,0.0033571971423072087,-0.010836516490055991,-0.010836516490055991,0.15583187873009274,1.001475884110139,2.8622510594544863e-08,4.793397351322103,0.10150169755997661,0.002796189458333334,-0.0009437788236783978,0.0016671142887521029,0.0007539778940309078,-0.0017884964166666626,4.793379477256602,0.10016482206789952,-1.787406550057824e-05,-0.0013368754920770887,-0.0013397399824135149,1.004306995238627,-3.633099196064782e-08,-0.0013620825642892377,0.004467608111980612,0.004467608111980612,0.13111687422163143,0.9978619057622913,-3.6487469370036926e-08,4.792710715870192,0.10117419789773408,0.0036904376666666654,0.001323620734731352,0.000982414361598894,0.0005149118269212839,0.0032930326916666636,4.794437736489327,0.0991358669392189,0.001727020619134656,-0.002038330958515175,-0.0020450549524624294,1.0066481865685883,1.1868491729178566e-07,0.0001137208214558906,0.0018339476521013714,0.0018339476521013714,0.15297494127680342,0.9967120717518333,1.1947395676481892e-07]"
/multi_agv/m2b_algorithm_state,1789558526.4970891,1789558526.4970891,m2b_algorithm_state_v1:header6+3x20,"[1.0,-0.15,0.52,4.794840157750642,0.10125038162788443,1789558526.4968948,4.793416943271736,0.10107521964612601,0.0036904376666666654,0.00154037645129909,0.0006967177578777843,0.0005695599229492863,0.004584685874999997,4.795339405367741,0.10018972431245231,0.0019224620960054395,-0.0008854953336736998,-0.000886754999480518,1.0028546096128292,2.605806594042648e-08,0.0015163226205262815,-0.0034282155029959284,-0.0034282155029959284,0.15579834378265567,0.9985794657965773,2.613245154595176e-08,4.7943974225854324,0.1015016967818072,0.002796189458333334,-0.0009437755804152675,0.0016671151561524766,0.0007539760369929954,-0.0017884964166666626,4.794372567495048,0.10016482206789952,-2.4855090384079404e-05,-0.0013368747139076848,-0.0013397392009226248,1.0043069927388413,-3.6330824926009114e-08,-0.001370808063902724,0.004498438844879566,0.004498438844879566,0.13122953096064272,0.997861906994311,-3.648730152516155e-08,4.7937107867429765,0.1011741978804954,0.0036904376666666654,0.001323620186723645,0.0009824138924110935,0.0005149123085057311,0.0032930326916666636,4.795853949806532,0.10025237802373853,0.0021431630635557752,-0.000921819856756878,-0.000923183543971781,1.0029689748293267,2.425555514462144e-08,0.001755770285472938,-0.004475278096723682,-0.004475278096723682,0.15291860851373745,0.998522842804329,2.4327569277317164e-08]"
/multi_agv/m2b_algorithm_state,1789558526.5071042,1789558526.5071042,m2b_algorithm_state_v1:header6+3x20,"[1.0,-0.15,0.52,4.795842784331753,0.10125036484931217,1789558526.506918,4.794415386603176,0.10107524458585902,0.0036904376666666654,0.0015401994804674344,0.0006967336357927673,0.0005696283735789757,0.004584685874999997,4.796210379104372,0.09876460153860724,0.001794992501196191,-0.002310643047251787,-0.0023193128685927438,1.0075694703893345,1.7758309538132617e-07,-7.557224209750512e-05,0.0028380414105874524,0.0028380414105874524,0.15576527884380542,0.9962619009024783,1.7892730536346149e-07,4.795395859054652,0.10150168114295428,0.002796189458333334,-0.000943583314565843,0.0016671039120303988,0.000753898545209547,-0.0017884964166666626,4.795491148452288,0.1006702533430382,9.528939763558952e-05,-0.0008314277999160874,-0.0008325315104823867,1.002663323725652,-1.4044469541800943e-08,-0.0007134197634378998,0.001954737629935467,0.001954737629935467,0.13134238732090564,0.9986742717213672,-1.4081874510745817e-08,4.794709227594098,0.10117421915484,0.0036904376666666654,0.0013235034631362448,0.0009824192482879033,0.0005149601177164894,0.0032930326916666636,4.796968716807627,0.10054323447893834,0.002259489213528809,-0.0006309846759016552,-0.0006316222149879305,1.0020255883956957,1.1361391087865721e-08,0.002192739301923081,-0.006159860499489094,-0.006159860499489094,0.15286323741553592,0.9989906322622177,1.1384404589812261e-08]"
/multi_agv/m2b_algorithm_state,1789558526.5170488,1789558526.5170488,m2b_algorithm_state_v1:header6+3x20,"[1.0,-0.15,0.52,4.796841384907354,0.1012503742296007,1789558526.5168533,4.795418007855291,0.10107520438057757,0.0036904376666666654,0.001540484100274082,0.0006967067346362653,0.0005695189953080298,0.004584685874999997,4.797174138568403,0.09914931291803289,0.0017561307131117587,-0.0019258914625446821,-0.0019318969858328878,1.0062818240301625,1.2335852615702777e-07,0.00026326640555681064,0.0014734909395425907,0.0014734909395425907,0.1557325179580896,0.996891385341845,1.2413344271096643e-07,4.796398492125188,0.1015017056821101,0.002796189458333334,-0.0009438926354981931,0.0016671233803053909,0.0007540224983938054,-0.0017884964166666626,4.796492899821318,0.1006702533430382,9.440769613000555e-05,-0.0008314523390719059,-0.0008325561146286548,1.0026634021901613,-1.4049901503141073e-08,-0.0007145464944661479,0.0019584271570469262,0.0019584271570469262,0.13145608217700128,0.9986742328386582,-1.4087322041576089e-08,4.795711853014779,0.10117418448524883,0.0036904376666666654,0.0013236929208007109,0.0009824100067273639,0.0005148828022874651,0.0032930326916666636,4.797937590199571,0.09974436102562276,0.0022257371847924645,-0.00142982345962607,-0.0014331169133937763,1.0046316267941593,5.8379161356509945e-08,0.0013490545675968043,-0.002800506916709021,-0.002800506916709021,0.15280847403423375,0.9977018945649683,5.864955184446931e-08]"
/multi_agv/m2b_algorithm_state,1789558526.5269794,1789558526.5269794,m2b_algorithm_state_v1:header6+3x20,"[1.0,-0.15,0.52,4.7978416808433355,0.10125037253763586,1789558526.526845,4.796416611218574,0.10107522793434781,0.0036904376666666654,0.0015403163519197966,0.0006967209058760914,0.0005695843360973033,0.004584685874999997,4.798915278125961,0.10065481873492585,0.0024986669073872037,-0.00042040919942196164,-0.00042069214524083684,1.0013481852006498,5.87161442918171e-09,0.0027026414889931676,-0.007850767576317792,-0.007850767576317792,0.1557002982389655,0.9993274278541301,5.879530452859055e-09,4.7973970894008655,0.10150169038256567,0.002796189458333334,-0.0009437099472866832,0.00166711348053461,0.0007539484588948986,-0.0017884964166666626,4.797712810816987,0.09965357744372252,0.0003157214161211286,-0.001848112938843141,-0.0018536083397537636,1.005988525803506,-6.944952921719923e-08,-0.0014589565696023529,0.005028084020403629,0.005028084020403629,0.13156970178610986,0.9970352955407221,-6.986542951495777e-08,4.796710454102622,0.10117420437188862,0.0036904376666666654,0.0013235831919651913,0.0009824145906400352,0.0005149279810832035,0.0032930326916666636,4.799289454857725,0.09903281268175275,0.002579000755102534,-0.0021413916901358715,-0.0021488185827558035,1.0069924315383394,1.3099528459434352e-07,0.001074932361122364,-0.0015061732591205284,-0.0015061732591205284,0.15275480036068323,0.9965437321328414,1.3191126015371476e-07]"
/multi_agv/m2b_algorithm_state,1789558526.536907,1789558526.536907,m2b_algorithm_state_v1:header6+3x20,"[1.0,-0.15,0.52,4.798841530376703,0.10125037373470959,1789558526.5368297,4.797416906553036,0.10107522423940928,0.0036904376666666654,0.0015403421467816408,0.0006967179235099149,0.0005695747063666708,0.004584685874999997,4.799951808443384,0.09984014728773233,0.002534901890347996,-0.0012350769516769472,-0.0012375340095314633,1.0039973112798788,5.070510295541219e-08,0.0019310933534035315,-0.004731169088341656,-0.004731169088341656,0.15566845826885503,0.9980145532683613,5.0907787035403274e-08,4.798397386101232,0.10150169232590328,0.002796189458333334,-0.0009437378589282706,0.0016671157736896092,0.0007539593648022702,-0.0017884964166666626,4.798703710982312,0.09965357744372252,0.0003063248810795116,-0.001848114882180757,-0.0018536102945852426,1.0059885320756647,-6.94517288222644e-08,-0.001470704193235853,0.0050694850471907,0.0050694850471907,0.13168387594404565,0.997035292466524,-6.986764272802691e-08,4.797710749875739,0.10117420104759502,0.0036904376666666654,0.001323600981929048,0.0009824134768390731,0.0005149208491770857,0.0032930326916666636,4.800320610649953,0.09953324126231783,0.002609860774214212,-0.0016409597852771879,-0.0016453046240716713,1.0053282279632156,7.689894857835307e-08,0.0016170213436960939,-0.003648561259837732,-0.003648561259837732,0.15270187190575288,0.9973592496301802,7.730868370651012e-08]"
/multi_agv/m2b_algorithm_state,1789558526.5473552,1789558526.5473552,m2b_algorithm_state_v1:header6+3x20,"[1.0,-0.15,0.52,4.799840477456865,0.10125038062008562,1789558526.5471401,4.798416756389622,0.10107522755122843,0.0036904376666666654,0.0015403182490131948,0.00069671951443766,0.0005695842375351919,0.004584685874999997,4.8008330868593605,0.09798667728701534,0.002416330469738881,-0.0030885502642130913,-0.003104131205681146,1.0102065443146695,3.174670862062982e-07,-8.371811850754491e-05,0.0032096699955173023,0.0032096699955173023,0.15563706007765438,0.9949805789653676,3.207073280901118e-07,4.799397235304722,0.10150168991792063,0.002796189458333334,-0.0009437117208801909,0.0016671147840581213,0.000753948549633135,-0.0017884964166666626,4.799938985586898,0.10080555289249893,0.0005417502821760678,-0.0006961370254217059,-0.0006969099748904891,1.0022265292594161,-9.846106258520783e-09,-1.972212217040434e-05,-0.0005612956175442688,-0.0005612956175442688,0.13179836208343096,0.9988908905071924,-9.868028902196701e-09,4.798710599435765,0.1011742037349797,0.0036904376666666654,0.0013235858282411718,0.0009824139111445978,0.0005149271917969005,0.0032930326916666636,4.801496755879136,0.10067178611544085,0.0027861564433715458,-0.0005024176195388558,-0.0005028214298572247,1.0016105181280968,7.202977099180246e-09,0.0029798741243572077,-0.009010329158481175,-0.009010329158481175,0.15264980762192776,0.9991969110813682,7.214577624374742e-09]"
/multi_agv/m2b_algorithm_state,1789558526.5572946,1789558526.5572946,m2b_algorithm_state_v1:header6+3x20,"[1.0,-0.15,0.52,4.800840734733402,0.101250378961751,1789558526.557111,4.7994157056035975,0.10107524427820729,0.0036904376666666654,0.0015401995978929902,0.0006967303920346164,0.0005696300099014644,0.004584685874999997,4.801557714544556,0.09754273169375281,0.0021420089409582843,-0.0035325125844544725,-0.0035529628869928917,1.0117318635214687,4.153809045726698e-07,-0.0008754517107950363,0.006178812831478783,0.006178812831478783,0.15560611699938778,0.9942441553180063,4.202540966545406e-07,4.800396179806365,0.10150167951719626,0.002796189458333334,-0.0009435828015344648,0.0016671070485001493,0.0007538966913318845,-0.0017884964166666626,4.800534749411853,0.09908672246818255,0.00013856960548874753,-0.002414957049013705,-0.0024243806905432223,1.0078754667288021,-1.1861369626527828e-07,-0.002251168683682288,0.008057031914741757,0.008057031914741757,0.1319131039478229,0.9961129695652685,-1.1954783448379572e-07,4.7997095469606315,0.10117421806485334,0.0036904376666666654,0.0013235072663073263,0.0009824176142447802,0.0005149593191285991,0.0032930326916666636,4.802537320626347,0.10057952560975883,0.002827773665715405,-0.0005946924550945115,-0.0005952586097160599,1.0019082994680084,1.0091810849297133e-08,0.0029394584724281967,-0.008822370851686181,-0.008822370851686181,0.1525986255444249,0.9990488930150572,1.0111069046572089e-08]"
/multi_agv/m2b_algorithm_state,1789558526.5671558,1789558526.5671558,m2b_algorithm_state_v1:header6+3x20,"[1.0,-0.15,0.52,4.801841830812241,0.10125037201814759,1789558526.566975,4.800415962384124,0.10107524004486872,0.0036904376666666654,0.001540229782990009,0.0006967279667351887,0.0005696181874329266,0.004584685874999997,4.802620069676068,0.09841507519791125,0.0022041072919440907,-0.002660164846957469,-0.002671686190623217,1.0087487483850206,2.354295695490849e-07,8.34479243068966e-05,0.0024333009761557662,0.0024333009761557662,0.15557557128095212,0.995687613423244,2.3748928361546355e-07,4.801396437663878,0.10150168232946029,0.002796189458333334,-0.000943615833942711,0.0016671087914277294,0.0007539101031278778,-0.0017884964166666626,4.801391340086281,0.09867002621519048,-5.097577597368286e-06,-0.002831656114269804,-0.002844653178467351,1.0092777815658018,-1.6312846639921647e-07,-0.0028510251504640614,0.010336854660446166,0.010336854660446166,0.1320283453911828,0.9954310549011989,-1.6464193667763264e-07,4.800709804152205,0.10117421451092398,0.0036904376666666654,0.0013235269077083922,0.0009824168816647385,0.0005149511864084911,0.0032930326916666636,4.803199223699746,0.09998470952729538,0.0024894195475413383,-0.0011895049836286031,-0.0011917802492057918,1.0038427274194104,4.039246130274987e-08,0.0019199941852208811,-0.004930251770499646,-0.004930251770499646,0.15254819610198292,0.9980908681959573,4.054767852133542e-08]"
/multi_agv/m2b_algorithm_state,1789558526.576984,1789558526.576984,m2b_algorithm_state_v1:header6+3x20,"[1.0,-0.15,0.52,4.802836832816026,0.10125040388518387,1789558526.5768785,4.801417056262476,0.10107522338664919,0.0036904376666666654,0.0015403476786004814,0.0006967168881775612,0.0005695728470766461,0.004584685874999997,4.803796789089538,0.09964420833145886,0.002379732827061609,-0.0014310150551903322,-0.0014343184233883632,1.00464170619122,6.80787019609286e-08,0.0015403476104386483,-0.003258883287644938,-0.003258883287644938,0.15554543857616487,0.9976969073643862,6.839470329331087e-08,4.802397536420951,0.10150169250653103,0.002796189458333334,-0.0009437439673604126,0.0016671168261312985,0.0007539614651503046,-0.0017884964166666626,4.8023707098561745,0.09867002621519048,-2.6826564776705197e-05,-0.0028316662913405455,-0.002844663448183201,1.0092778147111132,-1.6315178376509422e-07,-0.0028781966541540824,0.010432204415202036,0.010432204415202036,0.13214402994456123,0.9954310388278247,-1.6466547578465437e-07,4.801710899753295,0.10117420016126256,0.0036904376666666654,0.0013236052991947773,0.000982413089580492,0.0005149191792428974,0.0032930326916666636,4.804099384479667,0.09898390736297698,0.0023884847263717646,-0.002190292798285587,-0.002198065628767538,1.0071560476275376,1.3705316859361038e-07,0.0007875402791971678,-0.00047159450259367684,-0.00047159450259367684,0.15249854197469384,0.9964637859851758,1.380339275955712e-07]"
/multi_agv/m2b_algorithm_state,1789558526.5870109,1789558526.5870109,m2b_algorithm_state_v1:header6+3x20,"[1.0,-0.15,0.52,4.803841400296176,0.1012503739510755,1789558526.5869014,4.802412068321268,0.10107529975989406,0.0036904376666666654,0.0015398070673515855,0.0006967679390745827,0.0005697806255569341,0.004584685874999997,4.804827339088371,0.09935235936555269,0.002415270767103017,-0.0017229403943413713,-0.0017277395361454183,1.005607012794673,9.867248722478571e-08,0.0012913489227333532,-0.0022451656822692428,-0.0022451656822692428,0.15551589830567986,0.997222300176823,9.92257451231373e-08,4.803392526179291,0.10150164592810186,0.002796189458333334,-0.0009431569645728449,0.0016670800897928828,0.0007537261287539621,-0.0017884964166666626,4.803665906334623,0.10031635083411923,0.0002733801553320703,-0.0011852950939826301,-0.0011875442585148092,1.0038121127000046,-2.8537614015385457e-08,-0.0008458190643497213,0.002578206757389463,0.002578206757389463,0.13225936783059622,0.9981060372983555,-2.8646402616201338e-08,4.802705903947521,0.1011742659675557,0.0036904376666666654,0.0013232456915230665,0.000982430720061123,0.0005150658844943587,0.0032930326916666636,4.805229994212246,0.10028051519123204,0.0025240902647247765,-0.0008937507763236568,-0.0008950324076968175,1.0028776551156457,2.2794002029540988e-08,0.002260080423209153,-0.006273425185351638,-0.006273425185351638,0.15245002724112133,0.9985680614890151,2.2859595306087337e-08]"
/multi_agv/m2b_algorithm_state,1789558526.596978,1789558526.596978,m2b_algorithm_state_v1:header6+3x20,"[1.0,-0.15,0.52,4.804837318156136,0.10125040000048642,1789558526.5968776,4.803416626591183,0.10107522616967679,0.0036904376666666654,0.0015403297693977404,0.0006967214521273134,0.0005695782360533472,0.004584685874999997,4.805584472886323,0.09795217560952742,0.0021678462951397748,-0.0031230505601493735,-0.003138985666008657,1.0103245466426354,3.2460878983348915e-07,-0.00042917779708393855,0.004437302825637534,0.004437302825637534,0.15548655212174609,0.9949234856240853,3.279602284247344e-07,4.8043971047107,0.10150169246100957,0.002796189458333334,-0.000943725975413064,0.0016671132435730485,0.0007539555298022305,-0.0017884964166666626,4.804669223226665,0.10031635083411923,0.0002721185159648698,-0.0011853416268903377,-0.0011875909674012842,1.0038122619741492,-2.8557067780058718e-08,-0.0008474428224451969,0.002583398051460472,0.002583398051460472,0.13237612900359935,0.9981059636081028,-2.8665934803649838e-08,4.803710469586645,0.10117420322254012,0.0036904376666666654,0.0013235903768969073,0.0009824152985737026,0.0005149244984722786,0.0032930326916666636,4.806427967459811,0.10087071905422362,0.00271749787316633,-0.0003034841683164924,-0.0003036312868008798,1.0009706412394601,2.627821334278222e-09,0.003093241054657033,-0.009509136415795283,-0.009509136415795283,0.15240181245087395,0.9995154699440314,2.6303720060352054e-09]"
/multi_agv/m2b_algorithm_state,1789558526.6069667,1789558526.6069667,m2b_algorithm_state_v1:header6+3x20,"[1.0,-0.15,0.52,4.8058416164802775,0.10125037192999746,1789558526.60681,4.804412552648798,0.10107528863151022,0.0036904376666666654,0.0015398876544269586,0.00069676311988438,0.0005697482011130682,0.004584685874999997,4.806505333933545,0.0972974779074301,0.002092781284747325,-0.0037778107240801218,-0.0038012428701456823,1.0125809936556092,4.7504941962763206e-07,-0.0011852662642115263,0.007367948786526676,0.007367948786526676,0.1554578625440536,0.9938356619489924,4.810260133620681e-07,4.805393012589458,0.10150165435578151,0.002796189458333334,-0.0009432460303678749,0.0016670832999636787,0.000753763065885274,-0.0017884964166666626,4.805451260896805,0.0978927571899294,5.8248307347241735e-05,-0.0036088971658521096,-0.0036301323301414262,1.0119280536129276,-2.649981498212965e-07,-0.003557321945957374,0.013125063810805663,0.013125063810805663,0.13249224111822577,0.9941503057304555,-2.6815906195969153e-07,4.804706389230154,0.10117425701416753,0.0036904376666666654,0.0013232964315503123,0.00098242969532203,0.000515044423720763,0.0032930326916666636,4.80737958157051,0.09997790924882749,0.00267319234035579,-0.0011963477653400417,-0.0011986494011969613,1.0038651295429462,4.085159073100115e-08,0.002142841024247776,-0.005714978145283685,-0.005714978145283685,0.15235485237583601,0.9980798089461179,4.100948742121189e-08]"
/multi_agv/m2b_algorithm_state,1789558526.6169977,1789558526.6169977,m2b_algorithm_state_v1:header6+3x20,"[1.0,-0.15,0.52,4.806836801626635,0.1012504026698662,1789558526.6168242,4.805416842278213,0.10107521993149722,0.0036904376666666654,0.0015403753757051567,0.0006967192508193771,0.0005695596126296192,0.004584685874999997,4.807595421932871,0.09871831307111749,0.002178579654658286,-0.0023569068603797316,-0.0023659304753048433,1.0077250439037986,1.8479218917767964e-07,0.00035729409301801405,0.0013350793045401538,0.0013350793045401538,0.1554294083640914,0.9961860185583228,1.8621971695215626e-07,4.806397321374555,0.1015016975438325,0.002796189458333334,-0.0009437768683921198,0.0016671146828315386,0.0007539768415051468,-0.0017884964166666626,4.806507625191747,0.09880003653519757,0.00011030381719212556,-0.00270166100863492,-0.0027134805425100056,1.0088389223624952,-1.4850737377622861e-07,-0.0025756007710198486,0.009315843990969436,0.009315843990969436,0.13260963875813803,0.9956441427569065,-1.4982001892329475e-07,4.805710685788066,0.10117419831466262,0.0036904376666666654,0.0013236186240378777,0.0009824150535767025,0.0005149123818931501,0.0032930326916666636,4.808284513982733,0.09897760549222795,0.002573828194667449,-0.002196592822434673,-0.0022044108028211017,1.0071771396182276,1.378446873074609e-07,0.0010128744405132097,-0.0012623242892355205,-0.0012623242892355205,0.15230825774402765,0.9964534830003446,1.3883401787389746e-07]"
/multi_agv/m2b_algorithm_state,1789558526.6269906,1789558526.6269906,m2b_algorithm_state_v1:header6+3x20,"[1.0,-0.15,0.52,4.807842566089107,0.10125036510746681,1789558526.6268678,4.8064120370668535,0.10107529382472927,0.0036904376666666654,0.001539852197119487,0.0006967682541278105,0.0005697608998229712,0.004584685874999997,4.808691028354143,0.09983145862569019,0.002278991287289145,-0.0012438351990390756,-0.0012463273898699143,1.0040260511798167,5.141071019414449e-08,0.0016024117192415168,-0.0035659157198178566,-0.0035659157198178566,0.1554016176743,0.9980003722528324,5.1617692344576835e-08,4.807392494797264,0.10150165230761761,0.002796189458333334,-0.0009432088346171879,0.0016670795118862713,0.0007537489132542485,-0.0017884964166666626,4.807209327445912,0.0997634737732009,-0.00018316735135215367,-0.0017381785344167122,-0.0017430355656036713,1.0056253184283064,-6.139580277258763e-08,-0.001971994754793863,0.006791707233313225,0.006791707233313225,0.13272631909569726,0.9972134640951651,-6.174117371334493e-08,4.806705873015788,0.1011742618772517,0.0036904376666666654,0.0013232711249804058,0.0009824319278739953,0.0005150542318656461,0.0032930326916666636,4.809408374139549,0.10036784292820378,0.0027025011237613583,-0.0008064189490479268,-0.0008074616637794534,1.0025939069422918,1.855630450724822e-08,0.0025706647409222444,-0.007414398380999908,-0.007414398380999908,0.15226291484487514,0.9987086510997364,1.8604437834332852e-08]"
/multi_agv/m2b_algorithm_state,1789558526.6371083,1789558526.6371083,m2b_algorithm_state_v1:header6+3x20,"[1.0,-0.15,0.52,4.8088393753859435,0.10125038582996197,1789558526.636917,4.807417789829954,0.10107520236128693,0.0036904376666666654,0.0015405010878142326,0.0006967091751045366,0.0005695103625272119,0.004584685874999997,4.80927492897678,0.09957928121798769,0.001857139146825837,-0.0014959211432992447,-0.0014995327334820431,1.0048557906923206,7.440507953811211e-08,0.000821891200050253,-0.0006917002170569032,-0.0006917002170569032,0.15537402143478807,0.9975915229443428,7.476637503079464e-08,4.808398273378535,0.10150170940092719,0.002796189458333334,-0.0009439147721225652,0.0016671218682855482,0.0007540328803811863,-0.0017884964166666626,4.808207010568928,0.0997634737732009,-0.00019126280960701791,-0.0017382356277262923,-0.0017430929763491791,1.0056255025120016,-6.144577661806319e-08,-0.0019821714883579518,0.0068269280826034695,0.0068269280826034695,0.13284453352287798,0.9972133737621613,-6.179143998877999e-08,4.807711635058831,0.10117418356018626,0.0036904376666666654,0.0013237005481918375,0.0009824120515772973,0.000514878432499595,0.0032930326916666636,4.809979185736768,0.10012442886437488,0.002267550677937713,-0.0010497546958113807,-0.0010515248764615141,1.0033859147922402,3.146003024901746e-08,0.0017829134709606272,-0.004511126854272761,-0.004511126854272761,0.15221783046613568,0.9983165584668903,3.1566551230801926e-08]"
/multi_agv/m2b_algorithm_state,1789558526.647153,1789558526.647153,m2b_algorithm_state_v1:header6+3x20,"[1.0,-0.15,0.52,4.809843454757143,0.10125035962686192,1789558526.6469607,4.808414605483856,0.10107525306901206,0.0036904376666666654,0.0015401412263885222,0.0006967414872237397,0.0005696495404045181,0.004584685874999997,4.810197278519681,0.09863352173064224,0.0017826730358248,-0.002441731338369821,-0.0024514223331702097,1.0080106923897663,1.9831366189236628e-07,-0.00022308103838920975,0.003414934213232126,0.003414934213232126,0.15534708204720096,0.9960467869329328,1.9990229163447414e-07,4.809395075026128,0.10150167758065097,0.002796189458333334,-0.0009435235876293045,0.0016670989205538334,0.0007538752520670211,-0.0017884964166666626,4.8090971339189785,0.0978064523675593,-0.0002979411071493132,-0.0036952252130916657,-0.0037175029186385985,1.0122252102831957,-2.779245917892555e-07,-0.00408992930257524,0.015024043615760384,0.015024043615760384,0.13296203468548679,0.9940073468576882,-2.8132227836675043e-07,4.808708445647846,0.10117422684022286,0.0036904376666666654,0.0013234630634885633,0.000982422913950654,0.0005149757226853716,0.0032930326916666636,4.810919284832542,0.09943893689358885,0.0022108391846957787,-0.0017352899466340083,-0.0017401521201031876,1.005640510250968,8.599055821358677e-08,0.0010233968607665357,-0.0015105290449729959,-0.0015105290449729959,0.15217396656463636,0.9972058917073922,8.647558883867697e-08]"
/multi_agv/m2b_algorithm_state,1789558526.6571412,1789558526.6571412,m2b_algorithm_state_v1:header6+3x20,"[1.0,-0.15,0.52,4.810839726243684,0.10125038391071443,1789558526.6568646,4.809418676559629,0.1010751901614579,0.0036904376666666654,0.0015405866613406303,0.0006966995763450605,0.0005694782627312765,0.004584685874999997,4.8116376718959595,0.09858231061323855,0.0022189953363307424,-0.0024928795482193483,-0.0025029846949024943,1.0081832028384958,2.06775816155525e-07,0.00027075947551093377,0.0017005433902200955,0.0017005433902200955,0.15532042578310276,0.9959627612970525,2.084679046012212e-07,4.810399164490034,0.10150171607024275,0.002796189458333334,-0.0009440076579333339,0.0016671291986742887,0.0007540693301424928,-0.0017884964166666626,4.810066340405682,0.0978064523675593,-0.0003328240843520902,-0.0036952637026834434,-0.0037175418672999324,1.0122253366403582,-2.7807292990703563e-07,-0.004133571972740046,0.015176428177892852,0.015176428177892852,0.1330806856465713,0.9940072861552814,-2.814724650857199e-07,4.809712523221766,0.1011741726488851,0.0036904376666666654,0.0013237593101881585,0.0009824085355290444,0.000514854790359438,0.0032930326916666636,4.811862594083944,0.09897717961677113,0.0021500708621786657,-0.0021969930321139725,-0.0022048138878223407,1.0071784820395897,1.379096307563794e-07,0.0004827746899009914,0.0006049470946312609,0.0006049470946312609,0.15213052643833894,0.9964528272651201,1.3889961256385054e-07]"
/multi_agv/m2b_algorithm_state,1789558526.6671846,1789558526.6671846,m2b_algorithm_state_v1:header6+3x20,"[1.0,-0.15,0.52,4.811842315627833,0.1012503672937054,1789558526.6669893,4.810414955487775,0.1010752497744598,0.0036904376666666654,0.001540163352062385,0.000696737339920261,0.0005696421070485845,0.004584685874999997,4.812623873146517,0.09857153905907315,0.0022089176587423154,-0.002503710715386645,-0.002513904685526222,1.0082197507546837,2.0852064688256463e-07,0.0002472423879016721,0.001787679998284398,0.001787679998284398,0.15529439556893807,0.9959449655357785,2.1023463462714473e-07,4.81139542704029,0.10150167847646013,0.002796189458333334,-0.0009435472337386949,0.0016671023898178206,0.0007538836972370982,-0.0017884964166666626,4.811713667843968,0.10003911296908491,0.0003182408036774831,-0.0014625655073752242,-0.0014659972018542095,1.004718629573569,-4.347666173343647e-08,-0.0010681961972573556,0.00348385575362838,0.00348385575362838,0.13319874043739516,0.9976591398164711,-4.3681811995251924e-08,4.810708796202988,0.10117422348122337,0.0036904376666666654,0.0013234801499745802,0.0009824211517506683,0.0005149692329692954,0.0032930326916666636,4.813433514794725,0.10021553823651685,0.002724718591736952,-0.0009586852447065197,-0.0009601605958361229,1.0030889952788573,2.6232286485903228e-08,0.002445737643835067,-0.006899100494158461,-0.006899100494158461,0.15208822536484565,0.9984634329548605,2.6313317895011816e-08]"
/multi_agv/m2b_algorithm_state,1789558526.6771333,1789558526.6771333,m2b_algorithm_state_v1:header6+3x20,"[1.0,-0.15,0.52,4.812843376307613,0.10125036096091784,1789558526.6769342,4.811417539625005,0.10107520978629138,0.0036904376666666654,0.0015404465601842514,0.0006967108599747361,0.0005695331215931601,0.004584685874999997,4.813611338069759,0.09862623987412346,0.0021937984447539804,-0.00244896991216792,-0.002458718986920141,1.0080350981752235,1.995317529301058e-07,0.00028352906902233454,0.0016358862013698898,0.0016358862013698898,0.15526867873119554,0.9960348967067469,2.0113501015397364e-07,4.812398022800375,0.10150170302081411,0.002796189458333334,-0.0009438550639058888,0.0016671215176264909,0.0007540071813261218,-0.0017884964166666626,4.8127450693308,0.0996127889942871,0.0003470465304253878,-0.0018889140265270082,-0.0018946565190624137,1.0061235531733597,-7.25629939956851e-08,-0.001460848356030679,0.005051982951658151,0.005051982951658151,0.13331782910348,0.9969691115631623,-7.300733734783586e-08,4.8117113844581185,0.10117418907401073,0.0036904376666666654,0.0013236683072139419,0.00098241210195198,0.0005148923814790587,0.0032930326916666636,4.814475562159424,0.1001626403405295,0.002764177701305215,-0.0010115487334812212,-0.0010131919331823726,1.0032612760874036,2.9210244090008113e-08,0.002442030193449146,-0.006860511986143769,-0.006860511986143769,0.15204639139384787,0.9983781950414958,2.9305506760566076e-08]"
/multi_agv/m2b_algorithm_state,1789558526.6870384,1789558526.6870384,m2b_algorithm_state_v1:header6+3x20,"[1.0,-0.15,0.52,4.8138427890398106,0.10125036530131243,1789558526.686957,4.812418598125972,0.1010751957531906,0.0036904376666666654,0.0015405447471304686,0.0006966998447808228,0.000569496291158053,0.004584685874999997,4.814700673320219,0.09971769655846079,0.0022820751942473905,-0.0013574991947298137,-0.0013604702267961844,1.0043996007264648,6.126832942366153e-08,0.0014921237660130537,-0.003122558895767204,-0.003122558895767204,0.1552434510965591,0.9978161726674702,6.153788561030316e-08,4.813399086236397,0.10150171057062628,0.002796189458333334,-0.0009439610675654733,0.0016671297863544154,0.0007540488291252756,-0.0017884964166666626,4.813370883342443,0.09807430435376213,-2.8202893954443198e-05,-0.0034274062168641456,-0.0034465330962553022,1.0113051396825468,-2.391686003877147e-07,-0.0034817867136983562,0.012788253810452982,0.012788253810452982,0.13343703828617073,0.9944504001972481,-2.41872434822777e-07,4.812712444560468,0.10117417655893668,0.0036904376666666654,0.0013237355198276084,0.0009824079709116256,0.0005148653962161035,0.0032930326916666636,4.8153725228328925,0.09897175220346771,0.0026600782724246486,-0.002202424355468968,-0.0022102842488082777,1.0071966676883979,1.3859034715108925e-07,0.001114813591722533,-0.0016185551988621614,-0.0016185551988621614,0.15200538785875775,0.996443944554395,1.3958773582435534e-07]"
/multi_agv/m2b_algorithm_state,1789558526.6970356,1789558526.6970356,m2b_algorithm_state_v1:header6+3x20,"[1.0,-0.15,0.52,4.814839987383638,0.10125038352111397,1789558526.696933,4.813418012016936,0.1010752076206055,0.0036904376666666654,0.0015404592429741552,0.0006967057044148458,0.0005695303057691863,0.004584685874999997,4.815782055993348,0.0993564280638582,0.002364043976411878,-0.0017187795567473046,-0.001723555403306493,1.0055932169084212,9.823784018735083e-08,0.0012314995672083548,-0.0020352823922858685,-0.0020352823922858685,0.15521871504853751,0.9972290727933514,9.878730573613351e-08,4.814398497689209,0.10150170202630386,0.002796189458333334,-0.0009438672870179625,0.0016671259481944034,0.0007540101749742983,-0.0017884964166666626,4.814326349487418,0.09781660087721765,-7.214820179068937e-05,-0.0036851011490862118,-0.0037072552551348174,1.0121903280103421,-2.7650267501118606e-07,-0.003797440507373179,0.013995353469627726,0.013995353469627726,0.1335563479997589,0.9940241217493937,-2.7987333331530944e-07,4.813711857413287,0.10117418625702793,0.0036904376666666654,0.0013236810005738016,0.0009824095497348757,0.000514888206930156,0.0032930326916666636,4.816332203480994,0.09938597721794776,0.0026203460677072243,-0.0017882090390801686,-0.0017933743482122014,1.0058159916224991,9.133351988789137e-08,0.001482058236421829,-0.0031038580849397646,-0.0031038580849397646,0.15196521120608467,0.997119781970127,9.186471487441271e-08]"
/multi_agv/m2b_algorithm_state,1789558526.7070553,1789558526.7070553,m2b_algorithm_state_v1:header6+3x20,"[1.0,-0.15,0.52,4.815843312431589,0.10125036218599642,1789558526.7069483,4.814415216009268,0.10107525207212188,0.0036904376666666654,0.0015401437339132569,0.0006967343443617933,0.0005696521688144827,0.004584685874999997,4.816732293383583,0.09860071895260608,0.0023170773743155237,-0.002474533119515801,-0.0024844886932394793,1.0081212981164944,2.0368238484245278e-07,0.0004118580246549254,0.0011955015378958044,0.0011955015378958044,0.15519448176237435,0.9959929084198419,2.053365502108369e-07,4.81539568922551,0.10150167420075379,0.002796189458333334,-0.000943524101185431,0.0016671055256161083,0.0007538720389194536,-0.0017884964166666626,4.815520642676796,0.09994885499275077,0.00012495345128549218,-0.0015528192080030145,-0.0015566901428167206,1.005014924095593,-4.9009806976069474e-08,-0.0014004983287098554,0.004695995071285702,0.004695995071285702,0.13367568578724956,0.997513355608007,-4.9255587437994125e-08,4.814709056916136,0.10117422429046624,0.0036904376666666654,0.0013234723046459487,0.0009824191915503103,0.0005149736531909936,0.0032930326916666636,4.817476347788237,0.10013671438922836,0.002767290872101036,-0.001037509901237882,-0.0010392388657553741,1.0033459554134398,3.072482241764496e-08,0.0024198747243709207,-0.006769933439722844,-0.006769933439722844,0.15192587710339436,0.9983363165346636,3.082762630354026e-08]"
/multi_agv/m2b_algorithm_state,1789558526.7170317,1789558526.7170317,m2b_algorithm_state_v1:header6+3x20,"[1.0,-0.15,0.52,4.816839530472583,0.10125038669035563,1789558526.716914,4.8154185343614975,0.10107520069169242,0.0036904376666666654,0.0015405075452805846,0.0006967004610400444,0.0005695120960546887,0.004584685874999997,4.817676622914147,0.09849460716691644,0.0022580885526499728,-0.0025805935247759787,-0.0025914294409442595,1.008479481444847,2.2158428484968197e-07,0.00023118124986820643,0.0018787628388024738,0.0018787628388024738,0.1551705856290484,0.9958185563546224,2.2346320468153453e-07,4.816399022406846,0.10150170573823299,0.002796189458333334,-0.0009439193113324707,0.0016671299257708938,0.0007540306567097033,-0.0017884964166666626,4.816515347674524,0.09994885499275077,0.00011632526767790807,-0.0015528507454822121,-0.0015567218368091721,1.005015025607555,-4.9032321077014365e-08,-0.001411315252211787,0.004733800430129003,0.004733800430129003,0.1337960240742398,0.9975133056944235,-4.927821942281345e-08,4.815712380526423,0.10117418012806385,0.0036904376666666654,0.0013237137653150086,0.0009824075936336833,0.000514875022169519,0.0032930326916666636,4.8184486340262,0.09914440146961388,0.0027362534997763532,-0.002029778658449971,-0.002036445918708974,1.0066196569033705,1.1769867922411162e-07,0.0013838709560114676,-0.002645844496089365,-0.002645844496089365,0.15188701811317784,0.9967260312696005,1.184778040985551e-07]"
/multi_agv/m2b_algorithm_state,1789558526.7269943,1789558526.7269943,m2b_algorithm_state_v1:header6+3x20,"[1.0,-0.15,0.52,4.817839353067119,0.10125038758452327,1789558526.7268696,4.816414760020449,0.10107526034853,0.0036904376666666654,0.0015400842516304996,0.0006967390653809247,0.0005696754962780464,0.004584685874999997,4.818992869295975,0.09915487560209638,0.0025781092755261525,-0.0019203847464336204,-0.0019263557235406814,1.0062634695639971,1.2262177713293188e-07,0.0012962808708670093,-0.0021712031721207005,-0.0021712031721207005,0.1551472921154671,0.9969003766884309,1.2338981490188723e-07,4.817395231254345,0.10150166850788216,0.002796189458333334,-0.000943458950345955,0.001667102345286331,0.0007538454525795879,-0.0017884964166666626,4.817558215319467,0.09990475833550312,0.0001629840651222736,-0.0015969101723790347,-0.0016010054156187256,1.0051598882709745,-5.1830455508117804e-08,-0.0013972753342158836,0.00470353301950817,0.00470353301950817,0.13391580632144467,0.9974420803329336,-5.2097894867573404e-08,4.816708600142954,0.10117423121465473,0.0036904376666666654,0.001323433589829634,0.0009824206244739564,0.0005149896891979266,0.0032930326916666636,4.819434472069633,0.09848070495387629,0.0027258719266791687,-0.002693526260778442,-0.0027053257131551722,1.0088501036614943,2.0730700148673128e-07,0.0007020141951937886,5.682003789495103e-05,5.682003789495103e-05,0.15184919984930362,0.9956384355793636,2.091416899396424e-07]"
/multi_agv/m2b_algorithm_state,1789558526.7369545,1789558526.7369545,m2b_algorithm_state_v1:header6+3x20,"[1.0,-0.15,0.52,4.818840183461922,0.1012503820452733,1789558526.7368765,4.817414583035289,0.10107526158611618,0.0036904376666666654,0.0015400762650867568,0.0006967412913478903,0.0005696778002857529,0.004584685874999997,4.820079095279253,0.09960072617338406,0.0026645122439639124,-0.0014745354127321253,-0.0014780439101669135,1.00478521497373,7.227189329875106e-08,0.001852596394787977,-0.004341509893026501,-0.004341509893026501,0.15512439193188393,0.9976262562900502,7.261772984474406e-08,4.818395053257183,0.10150166853438315,0.002796189458333334,-0.0009434508150952567,0.001667100570191593,0.0007538428495796196,-0.0017884964166666626,4.81844331319199,0.09861788517011154,4.8259934806615945e-05,-0.0028837833642716137,-0.00289726865119605,1.0094541160553125,-1.6916583896590827e-07,-0.00283694373268778,0.01030863062670041,0.01030863062670041,0.1340362850324181,0.9953455172619672,-1.7076515244008627e-07,4.817708422908886,0.1011742326330705,0.0036904376666666654,0.001323426643749532,0.0009824216862974302,0.0005149921477466271,0.0032930326916666636,4.820522097874194,0.09962397088396974,0.002813674965307378,-0.0015502617491007648,-0.0015541369194793492,1.0050285839404665,6.862002253650507e-08,0.001962956787154873,-0.004912248875427693,-0.004912248875427693,0.15181195856391339,0.9975065450604682,6.896508407982659e-08]"
/multi_agv/m2b_algorithm_state,1789558526.7470279,1789558526.7470279,m2b_algorithm_state_v1:header6+3x20,"[1.0,-0.15,0.52,4.8198399810832475,0.10125038325808867,1789558526.7469,4.818415411800062,0.10107524747877471,0.0036904376666666654,0.001540176852045883,0.00069673313578491,0.0005696384421252167,0.004584685874999997,4.821059954798027,0.09888062763486656,0.002644542997964905,-0.0021946198439081466,-0.0022024340330914624,1.0071800189530118,1.6018242969270608e-07,0.0011032447143646687,-0.0013649341039515643,-0.0013649341039515643,0.1551019397633178,0.9964520212338221,1.6133254257383918e-07,4.819395885563294,0.10150167786403898,0.002796189458333334,-0.0009435606031101785,0.0016671063041160394,0.0007538874562970227,-0.0017884964166666626,4.819511802831859,0.10013191543983414,0.00011591726856519102,-0.0013697624242048345,-0.0013727703281766674,1.004414588865575,-3.813248140820077e-08,-0.0012278737424701786,0.004007811965582324,0.004007811965582324,0.13415715149358393,0.9978088804003887,-3.8300820636042164e-08,4.818709253022409,0.10117422079300623,0.0036904376666666654,0.001323492094729963,0.000982419151499726,0.0005149650958065051,0.0032930326916666636,4.821664293626065,0.09926967236570586,0.00295504060365559,-0.0019045484273003677,-0.0019104128358047646,1.0062024936808769,1.0359750763367417e-07,0.0017833879187647227,-0.0041124961982966154,-0.0041124961982966154,0.151775402799422,0.9969302925553646,1.0424007052012663e-07]"
/multi_agv/m2b_algorithm_state,1789558526.7568696,1789558526.7568696,m2b_algorithm_state_v1:header6+3x20,"[1.0,-0.15,0.52,4.820836733347327,0.10125040372881956,1789558526.7567604,4.819415209857208,0.10107524998541115,0.0036904376666666654,0.0015401594403489116,0.0006967354393447418,0.0005696447911822886,0.004584685874999997,4.821911459217434,0.09768873391898641,0.002496249360225633,-0.003386516066424733,-0.0034052903111770937,1.0112286268367106,3.817101433692311e-07,-0.0002849786108950524,0.004045985824772995,0.004045985824772995,0.15507997559111864,0.9944867417938674,3.859962241289115e-07,4.820395682618222,0.10150167668442497,0.002796189458333334,-0.0009435420061193319,0.0016671046049259175,0.00075388027900887,-0.0017884964166666626,4.820506692716231,0.10013191543983414,0.0001110100980090678,-0.0013697612445908308,-0.0013727691434030375,1.0044145850750457,-3.813166434003133e-08,-0.0012340065208917028,0.004029495025200217,0.004029495025200217,0.13427816001931073,0.997808882267888,-3.8299999816313486e-08,4.81970905077431,0.10117422310442993,0.0036904376666666654,0.0013234798052203854,0.0009824200930104174,0.0005149699330994346,0.0032930326916666636,4.822590467172178,0.0983651134887353,0.0028814163978685414,-0.0028091096156946244,-0.0028219546248037055,1.0092418611919287,2.2550526601380073e-07,0.0007798158725319713,-0.0001644043252761664,-0.0001644043252761664,0.15173961117676263,0.995448187225911,2.2758935438034924e-07]"
/multi_agv/m2b_algorithm_state,1789558526.7670174,1789558526.7670174,m2b_algorithm_state_v1:header6+3x20,"[1.0,-0.15,0.52,4.821840217829602,0.10125038074179317,1789558526.7668598,4.820411968687012,0.10107529827296911,0.0036904376666666654,0.001539818372854251,0.0006967688530565392,0.0005697752496918863,0.004584685874999997,4.822547735199772,0.0969651001899961,0.002135766512759929,-0.004110198082973013,-0.004138004187555452,1.0137388615975529,5.624123106175235e-07,-0.0014682960466055406,0.008497800389315174,0.008497800389315174,0.15505853517999396,0.9932803101876837,5.701392155138576e-07,4.821392426817178,0.10150164791914977,0.002796189458333334,-0.0009431722104278669,0.0016670804095557656,0.000753732570990609,-0.0017884964166666626,4.821397065536035,0.10270908614080768,4.63871885703071e-06,0.0012074382216579055,0.001205146159126444,0.9962208312957567,-2.9564693689610675e-08,0.0012109445576977324,-0.005805561398469966,-0.005805561398469966,0.13439906614291244,1.0019018958937917,-2.945296372446836e-08,4.820705804537789,0.10117426499433982,0.0036904376666666654,0.0013232516426229819,0.0009824318857341039,0.000515062698607491,0.0032930326916666636,4.823107708567771,0.0982782290717759,0.0024019040299823047,-0.0028960359225639193,-0.002909697114758201,1.0095371398163668,2.39649584237568e-07,9.268292271967992e-05,0.0022883453842591603,0.0022883453842591603,0.15170465533868066,0.9953049435540933,2.4193515582937587e-07]"
/multi_agv/m2b_algorithm_state,1789558526.7770336,1789558526.7770336,m2b_algorithm_state_v1:header6+3x20,"[1.0,-0.15,0.52,4.822841274107987,0.1012503740091959,1789558526.776931,4.821415446151933,0.10107524132135741,0.0036904376666666654,0.0015402233176235926,0.0006967334969646183,0.0005696181133802878,0.004584685874999997,4.823652092210672,0.09857389871889126,0.002236646058738856,-0.00250134260246615,-0.0025115171179236275,1.008211758721083,2.081341672283e-07,0.00028429045549994243,0.0016563542502680377,0.0016563542502680377,0.15503745044461845,0.9959488568145262,2.0984331479119234e-07,4.8223959196789,0.10150168431601381,0.002796189458333334,-0.0009436133708344402,0.0016671055478933994,0.0007539107226618991,-0.0017884964166666626,4.822419035116991,0.10270908614080768,2.311543809074834e-05,0.001207401824793869,0.001205109900946769,0.9962209455226541,-2.9576734981297584e-08,0.0012340041985602044,-0.00588819296848166,-0.00588819296848166,0.1345210258064735,1.0019018380359328,-2.9464962888541238e-08,4.821709287657974,0.1011742165880083,0.0036904376666666654,0.0013235179907683022,0.0009824203115301076,0.0005149532675206123,0.0032930326916666636,4.8242654419365465,0.10022908706824449,0.0025561542785723645,-0.0009451295197638182,-0.000946563296676687,1.003044851075605,2.5496180099292382e-08,0.002248629551538769,-0.006208176486503107,-0.006208176486503107,0.15167014847678165,0.9984852815253848,2.557381217069153e-08]"
/multi_agv/m2b_algorithm_state,1789558526.7870982,1789558526.7870982,m2b_algorithm_state_v1:header6+3x20,"[1.0,-0.15,0.52,4.823842960072109,0.10125036347674456,1789558526.7869508,4.82241650027323,0.10107522520458959,0.0036904376666666654,0.0015403374071924522,0.0006967226842769843,0.0005695742844929767,0.004584685874999997,4.824753480171737,0.09962374173635576,0.002336979898506897,-0.0014514834682338301,-0.0014548825352455677,1.0047091846600462,7.004064776296457e-08,0.0014663423378880533,-0.002988015180947563,-0.002988015180947563,0.15501688412488387,0.9976636828545311,7.037048210698962e-08,4.823396978585064,0.10150169414979686,0.002796189458333334,-0.0009437374863575645,0.0016671134312291613,0.0007539604218028823,-0.0017884964166666626,4.823222248339884,0.10143664865897008,-0.0001747302451802213,-6.504549082678168e-05,-6.505220699238901e-05,1.0002065575910188,-8.592733244360563e-11,-0.0002834650134676656,9.159659960000354e-05,9.159659960000354e-05,0.1346429473429621,0.9998967572982095,-8.594508138639786e-11,4.822710343465669,0.10117420267320125,0.0036904376666666654,0.001323594014435125,0.000982416617180926,0.0005149222358745301,0.0032930326916666636,4.825322545474365,0.09944020872805755,0.002612202008696052,-0.0017339939451437025,-0.0017388488128630278,1.0056362171625608,8.587059284711306e-08,0.001526403698007037,-0.0032855407318043567,-0.0032855407318043567,0.15163644561240064,0.9972079989453875,8.635457815627723e-08]"
/multi_agv/m2b_algorithm_state,1789558526.7971096,1789558526.7971096,m2b_algorithm_state_v1:header6+3x20,"[1.0,-0.15,0.52,4.824839867115064,0.10125038361054588,1789558526.796907,4.823418182792345,0.10107520062892782,0.0036904376666666654,0.0015405107157511833,0.0006967052955225476,0.0005695082071595719,0.004584685874999997,4.8257467719143055,0.09962374173635576,0.0023285891219604338,-0.0014514588925720606,-0.0014548578449761684,1.0047091051739945,7.004616302452669e-08,0.0014558785574743738,-0.0029509004404710626,-0.0029509004404710626,0.15499678595612318,0.9976637219809172,7.037601777324394e-08,4.824398668803452,0.10150170856396813,0.002796189458333334,-0.0009439254567217832,0.0016671261940306437,0.0007540352616707269,-0.0017884964166666626,4.824233615547646,0.10143664865897008,-0.0001650532558059581,-6.505990499805492e-05,-6.506662414003562e-05,1.000206603357921,-8.598253738757566e-11,-0.00027138319389748323,4.8534459680376696e-05,4.8534459680376696e-05,0.13476518935521237,0.9998967344307544,-8.600030166852251e-11,4.823712028620529,0.10117418123733772,0.0036904376666666654,0.001323710473590803,0.0009824104479074338,0.0005148749643670274,0.0032930326916666636,4.826314007313554,0.09944020872805755,0.002601978693025586,-0.0017339725092801739,-0.0017388272575815736,1.0056361477443148,8.587603233479905e-08,0.0015136461087004091,-0.003240426950341393,-0.003240426950341393,0.15160342384781741,0.9972080330117716,8.636004234073353e-08]"
/multi_agv/m2b_algorithm_state,1789558526.8070536,1789558526.8070536,m2b_algorithm_state_v1:header6+3x20,"[1.0,-0.15,0.52,4.825837251218806,0.10125040008126342,1789558526.806938,4.824415096026233,0.10107524995817423,0.0036904376666666654,0.0015401604783030348,0.0006967367146000208,0.0005696436779561552,0.004584685874999997,4.8266760256701735,0.09833609556370185,0.0022609296439402016,-0.002739154394472379,-0.002751377368634938,1.0090165169716043,2.49620186443556e-07,7.478468629031412e-05,0.0024986658529605093,0.0024986658529605093,0.15497724318615339,0.995557507195524,2.518708910910794e-07,4.825395568402587,0.10150167753080497,0.002796189458333334,-0.0009435445336787047,0.0016671038625668544,0.0007538817607773279,-0.0017884964166666626,4.825788738668287,0.10552536432465678,0.0003931702657000713,0.004023686793851816,0.00399877345648167,0.9878069198909378,-3.277510529193974e-07,0.004490236288606759,-0.018935982110320673,-0.018935982110320673,0.13488710015615124,1.0062302447591183,-3.2375475807532174e-07,4.824708936916373,0.10117422334265838,0.0036904376666666654,0.001323479300901756,0.0009824209764816684,0.0005149696921686823,0.0032930326916666636,4.82711901086857,0.098230325850031,0.002410073952196612,-0.002943897492627384,-0.0029580190510040513,1.0096999693290227,2.4768652524146094e-07,5.457338924171355e-05,0.0024435909295812937,0.0024435909295812937,0.15157127592338226,0.99522600830719,2.500890769395153e-07]"
/multi_agv/m2b_algorithm_state,1789558526.8171422,1789558526.8171422,m2b_algorithm_state_v1:header6+3x20,"[1.0,-0.15,0.52,4.826840062954073,0.10125038151873923,1789558526.8170226,4.825412485415457,0.10107528874521807,0.0036904376666666654,0.0015398865870813435,0.0006967636457199326,0.0005697483902506903,0.004584685874999997,4.827520153627562,0.09808506580719163,0.0021076682121048407,-0.002990222938026435,-0.0030048168015048894,1.0098707145906936,2.9747271134567104e-07,-0.0003702315363738385,0.004172088223992303,0.004172088223992303,0.15495817193021522,0.9951431769580279,3.004089795778839e-07,4.8263929460081245,0.10150165448751061,0.002796189458333334,-0.0009432476645916104,0.0016670843679573721,0.0007537632187415572,-0.0017884964166666626,4.826804383516272,0.10506280653284286,0.00041143750814764957,0.00356115204533225,0.003541568197165302,0.9891508068321427,-2.5674130143243786e-07,0.0040558650823498636,-0.017137469622690124,-0.017137469622690124,0.13500930179864323,1.0055297108728904,-2.539558654590303e-07,4.8257063222328345,0.1011742570110616,0.0036904376666666654,0.0013232959853842785,0.0009824305098948827,0.0005150441934158498,0.0032930326916666636,4.828229339742587,0.09960575608474995,0.002523017509752812,-0.0015685009263116528,-0.0015724683616643832,1.0050887909431305,7.023809950881651e-08,0.0015813035255266316,-0.003556552399043038,-0.003556552399043038,0.15153980044585755,0.9974769378834873,7.059552651345968e-08]"
/multi_agv/m2b_algorithm_state,1789558526.8270264,1789558526.8270264,m2b_algorithm_state_v1:header6+3x20,"[1.0,-0.15,0.52,4.827839782556901,0.10125038326721221,1789558526.8269315,4.826415291484794,0.1010752427021385,0.0036904376666666654,0.0015402140273780155,0.0006967351314356657,0.0005696212901516672,0.004584685874999997,4.829325116721609,0.0992906199300701,0.0029098252368147115,-0.001784622772068395,-0.001789774085586962,1.0058117866086351,1.0589641148325751e-07,0.0018475074604314273,-0.004177976831515681,-0.004177976831515681,0.1549395026958598,0.9971218079644516,1.0651185882941843e-07,4.8273957645044066,0.10150168396286377,0.002796189458333334,-0.0009436044731740457,0.0016671046510010612,0.0007539073323736128,-0.0017884964166666626,4.8279043515543805,0.10388712946046975,0.0005085870499739187,0.002385445497605984,0.0023765791141915045,0.9926337436785406,-1.1534669867344789e-07,0.003012312926658903,-0.012807030889038055,-0.012807030889038055,0.13513238453537102,1.0037307335411367,-1.1449702532518513e-07,4.826709132873018,0.10117421789121543,0.0036904376666666654,0.0013235112903996504,0.000982421201591822,0.0005149557089032374,0.0032930326916666636,4.8296419797803,0.09859628592507896,0.0029328469072824603,-0.002577931966136468,-0.0025887309955091023,1.0084593079052953,1.8989225920475195e-07,0.0010773276385939732,-0.0013152069070087378,-0.0013152069070087378,0.1515088216521109,0.9958284466824213,1.914986162941971e-07]"
/multi_agv/m2b_algorithm_state,1789558526.836989,1789558526.836989,m2b_algorithm_state_v1:header6+3x20,"[1.0,-0.15,0.52,4.8288367872899585,0.10125040216382714,1789558526.8368657,4.827415011630195,0.10107524674720153,0.0036904376666666654,0.0015401855749187167,0.0006967380223892755,0.0005696321193871673,0.004584685874999997,4.830533355603864,0.10129725095334274,0.0031183439736688356,0.00022200420614121308,0.0002219256872551896,0.9992932293887454,1.636450305721633e-09,0.004119855654341234,-0.013196787292749508,-0.013196787292749508,0.15492136595283226,1.0003538071099143,1.6352937107387705e-09,4.828395483432896,0.10150168164614494,0.002796189458333334,-0.0009435739104495986,0.0016671026279819756,0.0007538951367981328,-0.0017884964166666626,4.828939654429975,0.10388712946046975,0.000544170997079263,0.002385447814324815,0.0023765814135636716,0.9926337364856159,-1.1534318772794675e-07,0.0030567951599127503,-0.01296621900254242,-0.01296621900254242,0.13525532173317464,1.003730737230604,-1.1449353941255362e-07,4.827708852607615,0.10117422140829022,0.0036904376666666654,0.0013234922302125282,0.00098242228654577,0.0005149634064048614,0.0032930326916666636,4.830601130746853,0.0988432301836098,0.0028922781392379804,-0.0023309912246804176,-0.0023398040669408175,1.0076277901709054,1.552276639426667e-07,0.001275543607106658,-0.0021257444271269342,-0.0021257444271269342,0.15147863731733757,0.9962335127180448,1.564117079919412e-07]"
/multi_agv/m2b_algorithm_state,1789558526.8471134,1789558526.8471134,m2b_algorithm_state_v1:header6+3x20,"[1.0,-0.15,0.52,4.829836854169769,0.10125040105222034,1789558526.8469589,4.828412022376601,0.10107529148693997,0.0036904376666666654,0.0015398694841829885,0.0006967686780461333,0.0005697531861055926,0.004584685874999997,4.831596746141935,0.10182771573047283,0.0031847237653339633,0.0007524242435328621,0.0007515259145255608,0.9976189693114582,1.8786784945589107e-08,0.004732430621193015,-0.01564431042341137,-0.01564431042341137,0.15490375439861884,1.0011953400274538,1.8742053034094625e-08,4.829392480793246,0.10150165486846588,0.002796189458333334,-0.0009432312579892577,0.0016670805098604191,0.0007537581139162308,-0.0017884964166666626,4.83010025360603,0.10584226234853948,0.0007077728127846683,0.004340607480073602,0.004311685150435672,0.986894629011155,-3.8119305596594214e-07,0.005196401166416507,-0.021642509821351474,-0.021642509821351474,0.1353781519575199,1.006707894623291,-3.7619737954913693e-07,4.8287058587000296,0.10117426013607556,0.0036904376666666654,0.001323281182579706,0.0009824330754867553,0.0005150492753672508,0.0032930326916666636,4.8316200046338516,0.09904869576348985,0.002914145933821999,-0.0021255643725857087,-0.0021328810070941136,1.0069395085168975,1.290351992631308e-07,0.001509801410183385,-0.0030456779793101648,-0.0030456779793101648,0.15144922406594385,0.996569600233642,1.2993064012739687e-07]"
/multi_agv/m2b_algorithm_state,1789558526.8570013,1789558526.8570013,m2b_algorithm_state_v1:header6+3x20,"[1.0,-0.15,0.52,4.830836801335749,0.10125040075076441,1789558526.8568769,4.829412089126533,0.1010752869599785,0.0036904376666666654,0.0015399034414280695,0.0006967682920231864,0.0005697386678520179,0.004584685874999997,4.832108039512265,0.09991600646760498,0.0026959503857320044,-0.0011592804923735156,-0.0011614439875313235,1.0037487870192536,4.465750558279658e-08,0.002208493994633682,-0.005748006898060534,-0.005748006898060534,0.15488659022720233,0.998137236766444,4.482491706003761e-08,4.830392547664422,0.10150165931370876,0.002796189458333334,-0.0009432696856540614,0.0016670804839602482,0.0007537747844652554,-0.0017884964166666626,4.831156269482312,0.10584226234853948,0.000763721817889973,0.00434060303483072,0.00431168076522225,0.9868946425691092,-3.8120779878060006e-07,0.005266333037584716,-0.021894481011595992,-0.021894481011595992,0.1355015663806906,1.0067078875230642,-3.762119343221372e-07,4.829705925718351,0.10117425688297377,0.0036904376666666654,0.0013233008654538162,0.0009824335792512524,0.000515040481594166,0.0032930326916666636,4.832609434635371,0.09905525628635044,0.002903508917020403,-0.00211900059662333,-0.002126271754076998,1.006917568619462,1.282408568515629e-07,0.0015031143921985057,-0.0030251413095543846,-0.0030251413095543846,0.1514203829287103,0.9965803254265472,1.291279717786522e-07]"
/multi_agv/m2b_algorithm_state,1789558526.8670745,1789558526.8670745,m2b_algorithm_state_v1:header6+3x20,"[1.0,-0.15,0.52,4.8318400816933496,0.10125037921098277,1789558526.86698,4.830412036376057,0.10107528457267555,0.0036904376666666654,0.0015399221139247112,0.0006967690089901162,0.000569730201182422,0.004584685874999997,4.83299774858449,0.09907083748330259,0.0025857122084333994,-0.00200444708937296,-0.0020109563665360987,1.0065438285841941,1.3358534700841525e-07,0.0012211838940056506,-0.001867951154389627,-0.001867951154389627,0.15486992057592833,0.9967630937839037,1.3445950662059842e-07,4.831392494579235,0.10150166229307464,0.002796189458333334,-0.0009432914878657675,0.001667079730454546,0.0007537846269306536,-0.0017884964166666626,4.831888609001291,0.10505878318337895,0.0004961144220567704,0.0035571208903043133,0.0035375807552755485,0.9891625855682644,-2.561730652187858e-07,0.004157723782846512,-0.017501482336451407,-0.017501482336451407,0.13562517706131894,1.0055235869879788,-2.533968115447618e-07,4.830705873051958,0.10117425538654308,0.0036904376666666654,0.0013233107915041555,0.0009824344121576178,0.0005150357458154641,0.0032930326916666636,4.833347329570072,0.09976386649051491,0.0026414565181145377,-0.0014103888960281669,-0.0014135929546148542,1.004567666708658,5.678577302852562e-08,0.001888227693028318,-0.0047142779725764875,-0.0047142779725764875,0.15139221806930397,0.9977333937777298,5.704515151351343e-08]"
/multi_agv/m2b_algorithm_state,1789558526.877129,1789558526.877129,m2b_algorithm_state_v1:header6+3x20,"[1.0,-0.15,0.52,4.832839219312863,0.10125038476750031,1789558526.8768628,4.831415310034625,0.10107523173448428,0.0036904376666666654,0.0015402974837823422,0.0006967353403053874,0.0005695850066606805,0.004584685874999997,4.83403844413964,0.09997676211330214,0.0026231341050149126,-0.0010984696211821382,-0.0011004112053202536,1.0035497078524869,4.01039113714958e-08,0.002178506425948387,-0.005670458134370501,-0.005670458134370501,0.15485370546979324,0.9982355830904591,4.024626854060664e-08,4.832395782985692,0.10150169565562038,0.002796189458333334,-0.000943700441389487,0.0016671038770272872,0.0007539493339128317,-0.0017884964166666626,4.832939185381718,0.10505878318337895,0.0005434023960253498,0.0035570875277585734,0.003537547763253945,0.9891626880517443,-2.5627928649910587e-07,0.004216800758285632,-0.017714159023137055,-0.017714159023137055,0.1357493975387112,1.005523533761889,-2.535019079254387e-07,4.831709152059732,0.10117421024284365,0.0036904376666666654,0.0013235587922750106,0.0009824232528917514,0.0005149340517591307,0.0032930326916666636,4.8344160699430185,0.1005997572598946,0.002706917883286586,-0.0005744529829490447,-0.0005749811762112086,1.0018429315030435,9.416815620552444e-09,0.002808666177897024,-0.00836878531143333,-0.00836878531143333,0.15136461693724998,0.9990813729492078,9.434170166717912e-09]"
/multi_agv/m2b_algorithm_state,1789558526.8871124,1789558526.8871124,m2b_algorithm_state_v1:header6+3x20,"[1.0,-0.15,0.52,4.833837162128411,0.10125039771818523,1789558526.8870125,4.832414449292436,0.10107524538303123,0.0036904376666666654,0.0015402007322914408,0.0006967438509599686,0.0005696225176081898,0.004584685874999997,4.8351549718254025,0.1011977262627409,0.0027405225329664162,0.00012248087970967436,0.00012245696225764006,0.9996096307305494,4.9814049273445e-10,0.00354811012846566,-0.011116202182319655,-0.011116202182319655,0.15483803973895074,1.0001953131254715,4.979460339942176e-10,4.833394918638866,0.10150168709651723,0.002796189458333334,-0.000943595668709329,0.0016670979780100126,0.0007539069870507314,-0.0017884964166666626,4.833984231329789,0.10514375278451044,0.0005893126909235491,0.003642065687993204,0.00362159444384441,0.9889146498283502,-2.686230692336598e-07,0.004358235307498846,-0.018265724907820295,-0.018265724907820295,0.135873317273288,1.0056525501312241,-2.656452884470214e-07,4.832708290007285,0.1011742218229525,0.0036904376666666654,0.0013234953007971117,0.000982426154975036,0.0005149600632914247,0.0032930326916666636,4.835373078761308,0.09962924390435454,0.0026647887540232063,-0.0015449779185979645,-0.0015488265654206037,1.005011146984273,6.815635472131552e-08,0.0017821593771084041,-0.004276394292092089,-0.004276394292092089,0.15133781159643148,0.9975151208608085,6.849789623273628e-08]"
/multi_agv/m2b_algorithm_state,1789558526.8969245,1789558526.8969245,m2b_algorithm_state_v1:header6+3x20,"[1.0,-0.15,0.52,4.834836728011393,0.1012503999657206,1789558526.8968413,4.833412396170924,0.10107527613744452,0.0036904376666666654,0.0015399834965948668,0.0006967646877868098,0.0005697058420200542,0.004584685874999997,4.835703276631799,0.09997308765224822,0.002290880460875222,-0.0011021884851963037,-0.0011041432916705177,1.003561872726163,4.036777784175034e-08,0.0017594572844235098,-0.00418725387145246,-0.00418725387145246,0.15482288659991691,0.9982295717512748,4.051156272866068e-08,4.834392856480917,0.10150166864567851,0.002796189458333334,-0.0009433604349127931,0.001667083057515839,0.0007538127824799068,-0.0017884964166666626,4.834657270309306,0.10513392031867777,0.0002644138283889319,0.0036322516729992566,0.003611889075044034,0.9889432669073335,-2.671127793909224e-07,0.0039424063605301984,-0.016765878217526942,-0.016765878217526942,0.13599728734370234,1.0056376587243268,-2.641593846835567e-07,4.833706233733394,0.1011742483714326,0.0036904376666666654,0.0013233506252866836,0.0009824334991002104,0.0005150189543757402,0.0032930326916666636,4.836292856809981,0.09885590867954337,0.002586623076586747,-0.002318339691889229,-0.0023270562964859613,1.0075853082935564,1.5352950506482772e-07,0.0009062225492474725,-0.000831579848351938,-0.000831579848351938,0.1513117012605845,0.9962542356152299,1.5469407369290156e-07]"
/multi_agv/m2b_algorithm_state,1789558526.9072874,1789558526.9072874,m2b_algorithm_state_v1:header6+3x20,"[1.0,-0.15,0.52,4.835843385488334,0.10125035678412052,1789558526.9071257,4.834411962865876,0.10107528029079157,0.0036904376666666654,0.0015399554978242566,0.0006967691136265939,0.0005697156762393156,0.004584685874999997,4.836581495530554,0.09835766661536424,0.002169532664678009,-0.002717613675427333,-0.0027296432094784627,1.0089434454575732,2.4567341755086323e-07,-1.7727378630951612e-05,0.00281410816084816,0.00281410816084816,0.15480821638818987,0.9955930013089775,2.47870584361105e-07,4.835392421265088,0.10150166726440459,0.002796189458333334,-0.0009433313642433026,0.0016670797610869315,0.0007538018960519671,-0.0017884964166666626,4.83572550669282,0.10542403881879284,0.0003330854277319162,0.0039223715543882515,0.00389867871643647,0.9881000240439627,-3.1140769746685774e-07,0.004315035501101365,-0.018253435188966376,-0.018253435188966376,0.1361216452955594,1.006077145534433,-3.077019533544772e-07,4.8347057999032135,0.10117425234196563,0.0036904376666666654,0.0013233302788592059,0.0009824354850248799,0.0005150267407779416,0.0032930326916666636,4.837047514874106,0.09989596400916291,0.002341714970892639,-0.0012782883328027184,-0.0012809176790487366,1.0041336824148284,4.664305742847557e-08,0.0016462260345670619,-0.0039212066068045675,-0.0039212066068045675,0.1512861969737336,0.9979472949050316,4.6835865014741493e-08]"
/multi_agv/m2b_algorithm_state,1789558526.917446,1789558526.917446,m2b_algorithm_state_v1:header6+3x20,"[1.0,-0.15,0.52,4.8368483422397075,0.10125032592634968,1789558526.917197,4.835418606719313,0.10107517613988522,0.0036904376666666654,0.001540693549854714,0.0006967003394949595,0.0005694315340983552,0.004584685874999997,4.837414149724627,0.09734118087948797,0.0019955430053144596,-0.0037339952603972493,-0.0037568795293785625,1.0124290049659943,4.6432426914635696e-07,-0.001262450772735488,0.007620503605436662,0.007620503605436662,0.15479397795683886,0.9939087030067482,4.700953577934087e-07,4.8363990952743094,0.10150173143799594,0.002796189458333334,-0.0009441338831203006,0.0016671293579264557,0.0007541239616262879,-0.0017884964166666626,4.8367775845177,0.10542403881879284,0.00037848924339023426,0.003922307380796894,0.003898615327435219,0.9881002205188819,-3.116623470942679e-07,0.004371726881673012,-0.018458161485208263,-0.018458161485208263,0.13624705413962307,1.006077043096545,-3.0795363389127845e-07,4.83571245447138,0.10117416277448038,0.0036904376666666654,0.001323820480092989,0.0009824120500614873,0.0005148264475728125,0.0032930326916666636,4.838047241080229,0.0992050377695892,0.0023347866088494484,-0.001969125004891187,-0.0019753968934160706,1.0064174675850757,1.1077413203108243e-07,0.0009430863676457399,-0.0011200623781771964,-0.0011200623781771964,0.15126114159427978,0.9968249982847559,1.114850214326568e-07]"
/multi_agv/m2b_algorithm_state,1789558526.9274182,1789558526.9274182,m2b_algorithm_state_v1:header6+3x20,"[1.0,-0.15,0.52,4.837841936959677,0.10125036814041503,1789558526.9273057,4.836423553236462,0.1010751051711021,0.0036904376666666654,0.001541193090402267,0.00069664850153277,0.0005692419674340808,0.004584685874999997,4.8392110381816735,0.09770470924368324,0.002787484945211638,-0.003370395927418862,-0.0033889896481798243,1.0111731821259733,3.7833494757589873e-07,9.536653333472311e-05,0.0027063377126246776,0.0027063377126246776,0.15478026997891,0.9945134914262873,3.8256215284978483e-07,4.837404064756317,0.10150177212647127,0.002796189458333334,-0.0009446748833715391,0.0016671675498276528,0.0007543386003647651,-0.0017884964166666626,4.838265809190885,0.10448862001088594,0.0008617444345677683,0.0029868478844146673,0.002973010812080599,0.9908401037363703,-1.809622337945015e-07,0.004050191355290309,-0.016827320235388653,-0.016827320235388653,0.13637243873450997,1.004654228729288,-1.7930463850530916e-07,4.8367174087263445,0.10117410048147567,0.0036904376666666654,0.001324157960990877,0.0009823932989982964,0.0005146899162624323,0.0032930326916666636,4.839379904272179,0.09851026187612114,0.002662495545834531,-0.002663838605354532,-0.002675376830511645,1.008749656860931,2.0286955387125892e-07,0.0006527426017815191,0.00021738046707742566,0.00021738046707742566,0.15123679160354722,0.9956872523431003,2.046445928551626e-07]"
/multi_agv/m2b_algorithm_state,1789558526.937279,1789558526.937279,m2b_algorithm_state_v1:header6+3x20,"[1.0,-0.15,0.52,4.838837596501185,0.10125039600066627,1789558526.9371443,4.837417160642546,0.10107521069281337,0.0036904376666666654,0.0015404419242580855,0.0006967127033995267,0.0005695341722290497,0.004584685874999997,4.840355637264677,0.09889960533937794,0.002938476622131425,-0.002175605353435431,-0.0021832836279426886,1.007116292433622,1.5744390894376395e-07,0.0014898121497215928,-0.002734911146695652,-0.002734911146695652,0.15476718171107004,0.9964831529861776,1.5856432584170035e-07,4.838397644416855,0.10150170392451506,0.002796189458333334,-0.0009438564829675191,0.0016671223715309935,0.000754007352300079,-0.0017884964166666626,4.839308526102753,0.10448862001088594,0.0009108816858987012,0.002986916086370875,0.002973078376361368,0.990839893141873,-1.8081376467015805e-07,0.0041116804837347445,-0.017047072176861897,-0.017047072176861897,0.1364966112779769,1.0046543374434826,-1.791574912643592e-07,4.837711005819632,0.10117418980391667,0.0036904376666666654,0.0013236655273833812,0.0009824141121489221,0.0005148925408300707,0.0032930326916666636,4.840405147504198,0.09897907452050154,0.0026941416845653876,-0.002195115283415122,-0.0022029226638438457,1.0071721935256526,1.3766405629696393e-07,0.0011647544418628888,-0.001797858931676014,-0.001797858931676014,0.15121340377728545,0.9964558989941569,1.3865140955025207e-07]"
/multi_agv/m2b_algorithm_state,1789558526.9472694,1789558526.9472694,m2b_algorithm_state_v1:header6+3x20,"[1.0,-0.15,0.52,4.839843303650314,0.10125035900517669,1789558526.9471986,4.838412828883893,0.10107527810640488,0.0036904376666666654,0.0015399640516805808,0.0006967568712310521,0.0005697183363119333,0.004584685874999997,4.841386371219979,0.09881472976975024,0.0029735423360861546,-0.002260548336654636,-0.002268843179432658,1.007401193265446,1.6993494760408345e-07,0.0014480847406750353,-0.002549161476768464,-0.002549161476768464,0.15475458120736763,0.9963440211059028,1.7119266899385473e-07,4.839393293423867,0.10150166222573277,0.002796189458333334,-0.0009433371424153163,0.0016670907680476077,0.0007537986751994935,-0.0017884964166666626,4.840321874202071,0.10464840581812482,0.0009285807782042355,0.0031467435923920456,0.0031314040594988372,0.9903674612822642,-2.005471241791148e-07,0.0042921300322541316,-0.017775188602101172,-0.017775188602101172,0.13662120566789937,1.0048986118053584,-1.986153462407289e-07,4.838706667195793,0.10117424766986118,0.0036904376666666654,0.0013233486161666748,0.0009824291636523434,0.0005150220803032037,0.0032930326916666636,4.841451590637758,0.0990642882194366,0.002744923441965419,-0.002109959450424581,-0.002117168202617998,1.0068873535898046,1.2715269297164054e-07,0.0013139860998387758,-0.0023629800688210493,-0.0023629800688210493,0.1511905940899298,0.9965950970808543,1.280284385280321e-07]"
/multi_agv/m2b_algorithm_state,1789558526.957354,1789558526.957354,m2b_algorithm_state_v1:header6+3x20,"[1.0,-0.15,0.52,4.840841972997274,0.10125036813116524,1789558526.9572847,4.839418524458524,0.1010751886018583,0.0036904376666666654,0.0015405983289586383,0.0006966983474145038,0.0005694738445314594,0.004584685874999997,4.842273262366536,0.09771460820826322,0.0028547379080121615,-0.003360580393595075,-0.0033790645887313707,1.0111394060052141,3.759868687814381e-07,0.00018935779628383121,0.0023718284064415543,0.0023718284064415543,0.15474240831147001,0.9945297893393523,3.8017513916542374e-07,4.840399014596749,0.10150171754867171,0.002796189458333334,-0.0009440265615154914,0.0016671328393060847,0.0007540756304850599,-0.0017884964166666626,4.841366298779626,0.10464840581812482,0.0009672841828765044,0.0031466882694531073,0.003131349281103321,0.9903676318603285,-2.0068659123623318e-07,0.004340454509698952,-0.017949261173860614,-0.017949261173860614,0.1367471972099035,1.004898523598869,-1.9875350410875e-07,4.8397123718956685,0.10117417086500007,0.0036904376666666654,0.0013237690491139423,0.0009824092657598985,0.0005148501890918098,0.0032930326916666636,4.842427210605568,0.098774032019871,0.0027148387098998583,-0.00240013884512906,-0.0024094871695500577,1.0078601775261096,1.6461569046016617e-07,0.0009840612178247652,-0.0010678984053828651,-0.0010678984053828651,0.1511681554995626,0.9961202016183621,1.6590959901076617e-07]"
/multi_agv/m2b_algorithm_state,1789558526.967296,1789558526.967296,m2b_algorithm_state_v1:header6+3x20,"[1.0,-0.15,0.52,4.841842089719271,0.10125036776363838,1789558526.9671826,4.840417196436644,0.1010752122142053,0.0036904376666666654,0.0015404293929911798,0.0006967116758227476,0.0005695401384944675,0.004584685874999997,4.8429729601255325,0.09707441352164137,0.002555763688888213,-0.004000798692563937,-0.004027122708688427,1.0133568605462862,5.330470100925797e-07,-0.0008324180975781605,0.006228363796930395,0.006228363796930395,0.15473081285283088,0.9934633190918926,5.401668446710011e-07,4.8413976808973445,0.10150170158924035,0.002796189458333334,-0.0009438419790843526,0.001667123700209494,0.0007540003742253637,-0.0017884964166666626,4.84207904106412,0.10395709460515187,0.0006813601667756686,0.0024553930159115223,0.0024460040398385434,0.9924238288907468,-1.222347688126289e-07,0.003297704248308129,-0.013863505771558985,-0.013863505771558985,0.13687248731432428,1.003838495734291,-1.213086972886044e-07,4.840711041657835,0.10117419059005003,0.0036904376666666654,0.001323659436978198,0.0009824133349767283,0.0005148955850179855,0.0032930326916666636,4.843149007677005,0.09941574388004641,0.0024379660191700125,-0.0017584467100036222,-0.0017634403905670065,1.0057172747813703,8.831537637046472e-08,0.0012840171333955092,-0.002419082059465472,-0.002419082059465472,0.15114653744129014,0.9971682169751264,8.88202996445948e-08]"
/multi_agv/m2b_algorithm_state,1789558526.9773684,1789558526.9773684,m2b_algorithm_state_v1:header6+3x20,"[1.0,-0.15,0.52,4.842839754913912,0.10125038294942056,1789558526.9772303,4.841417312910276,0.10107521232009313,0.0036904376666666654,0.0015404275335152563,0.000696710425037494,0.0005695415950871694,0.004584685874999997,4.843998601565083,0.09786272846859212,0.0025812886548068903,-0.0032124838515010107,-0.0032293560111935635,1.0106308550582308,3.4350785575551055e-07,-2.7451926849506383e-06,0.002980126832437987,0.002980126832437987,0.15471972544593904,0.9947753794768769,3.47159637981411e-07,4.842397798012693,0.10150170062257977,0.002796189458333334,-0.0009438392486062173,0.0016671248802682115,0.000753998576824122,-0.0017884964166666626,4.843112413984234,0.10395709460515187,0.0007146159715407663,0.002455393982572107,0.0024460049990512995,0.9924238258913842,-1.2223451188933233e-07,0.0033392749634772573,-0.014012334788489098,-0.014012334788489098,0.136998111114608,1.0038384972739014,-1.2130844194517707e-07,4.841711158234842,0.10117419034824228,0.0036904376666666654,0.0013236596457357856,0.000982412604389405,0.0005148958745393112,0.0032930326916666636,4.84422375262219,0.10033986440223741,0.002512594387347633,-0.0008343259460048685,-0.0008354423141832273,1.002684521157213,1.986906829938956e-08,0.002305300670001314,-0.006461367524397808,-0.006461367524397808,0.15112551316461031,0.9986637399621658,1.9922407233613383e-08]"
/multi_agv/m2b_algorithm_state,1789558526.98728,1789558526.98728,m2b_algorithm_state_v1:header6+3x20,"[1.0,-0.15,0.52,4.84384165230863,0.1012503707528513,1789558526.9872289,4.842414982813618,0.10107524943564626,0.0036904376666666654,0.0015401639488802766,0.0006967343044660618,0.0005696434272268484,0.004584685874999997,4.8450566992382775,0.09872020204544336,0.0026417164246597125,-0.0023550473902028968,-0.002364056642894445,1.0077187849690092,1.8447514771228082e-07,0.0009380888879301956,-0.0007102358324143306,-0.0007102358324143306,0.15470917700880582,0.9961890707151088,1.8589907170959813e-07,4.843395457539993,0.10150167731245187,0.002796189458333334,-0.0009435524169351139,0.0016671078782399817,0.0007538830890939652,-0.0017884964166666626,4.8443795166677575,0.10346387712031166,0.0009840591277647803,0.0019621998078597908,0.0019561812517721426,0.993911265942484,-7.806659459312379e-08,0.003186255161478118,-0.013220262672420302,-0.013220262672420302,0.13712358416281936,1.003076686315338,-7.759126785987034e-08,4.8427088243881276,0.10117422210016351,0.0036904376666666654,0.0013234852833966817,0.0009824206199656512,0.0005149672844317202,0.0032930326916666636,4.845174453653858,0.09974110462082143,0.0024656292657301293,-0.0014331174793420776,-0.0014364262059633928,1.0046424672421614,5.8639378910566647e-08,0.0016456103761992688,-0.0038465534063268805,-0.0038465534063268805,0.15110517594169062,0.997696556490282,5.8911610306259645e-08]"
/multi_agv/m2b_algorithm_state,1789558526.9971213,1789558526.9971213,m2b_algorithm_state_v1:header6+3x20,"[1.0,-0.15,0.52,4.844836662168498,0.10125040259547553,1789558526.9969823,4.843416876405108,0.10107521997479946,0.0036904376666666654,0.0015403725314209918,0.0006967150848414144,0.000569563012417118,0.004584685874999997,4.846318283946051,0.09905128135951151,0.002901407540942813,-0.0020239386152879485,-0.0020305760816343612,1.006608916258252,1.3623762544249805e-07,0.001596183344544155,-0.0031800720474031035,-0.0031800720474031035,0.15469912498992058,0.9967312397666626,1.3713800850027065e-07,4.844397359548341,0.10150169545008894,0.002796189458333334,-0.0009437789683139049,0.0016671217191355225,0.0007539740917129056,-0.0017884964166666626,4.845411760974452,0.10346387712031166,0.0010144014261106449,0.001962181670222718,0.0019561632260613063,0.9939113224739754,-7.8083889778348e-08,0.0032241650086996124,-0.013355978493667455,-0.013355978493667455,0.13724972428612806,1.0030766574492505,-7.760846215351e-08,4.843710720972439,0.10117419683366552,0.0036904376666666654,0.0013236234248003463,0.0009824140699878914,0.0005149108125520122,0.0032930326916666636,4.846263293585153,0.0998519254177616,0.0025525726127142434,-0.0013222714159039223,-0.0013250857503868136,1.0042780391684978,4.992060364907905e-08,0.0018656300155059907,-0.004675556488391177,-0.004675556488391177,0.15108536129953096,0.9978761114274531,5.013416594680486e-08]"
/multi_agv/m2b_algorithm_state,1789558527.0073009,1789558527.0073009,m2b_algorithm_state_v1:header6+3x20,"[1.0,-0.15,0.52,4.8458416394963955,0.10125037005520138,1789558527.0072525,4.844411896312154,0.10107529646718794,0.0036904376666666654,0.0015398307665719425,0.0006967660581429051,0.0005697713312948768,0.004584685874999997,4.8472833951892795,0.09872823661590194,0.0028714988771252337,-0.0023470598512859986,-0.002356007551559397,1.0076919102513895,1.831852735241218e-07,0.0012333660448471452,-0.001753546704940324,-0.001753546704940324,0.1546896416826974,0.9962021767428225,1.8459431820744558e-07,4.845392357190241,0.10150164860720187,0.002796189458333334,-0.0009431904031023857,0.0016670850652298341,0.0007537380351789746,-0.0017884964166666626,4.846563235584799,0.10324631003038966,0.0011708783945580947,0.001744661423187785,0.0017398955051440078,0.9945727934789504,-6.170268840805726e-08,0.003203493498341626,-0.013174027877762211,-0.013174027877762211,0.13737515594229613,1.0027391978596913,-6.136781517516276e-08,4.8447057330030985,0.10117426271203683,0.0036904376666666654,0.0013232631369924012,0.0009824316025666578,0.0005150578635380169,0.0032930326916666636,4.847363607345808,0.10089715862475365,0.0026578743427094764,-0.0002771040872831809,-0.00027722671654874985,1.0008860036875928,2.1902521878231675e-09,0.0030451162118380957,-0.009351669150184927,-0.009351669150184927,0.15106632748849985,0.9995576571151022,2.192192759338337e-09]"
/multi_agv/m2b_algorithm_state,1789558527.0173922,1789558527.0173922,m2b_algorithm_state_v1:header6+3x20,"[1.0,-0.15,0.52,4.8468396313957784,0.10125038310497525,1789558527.01723,4.845416863603305,0.10107521684039678,0.0036904376666666654,0.0015403958510868741,0.0006967153380935892,0.0005695527725911113,0.004584685874999997,4.848219470360591,0.09850784688731729,0.0028026067572861635,-0.0025673699530794902,-0.0025780940334807967,1.0084347764371286,2.1930138954635957e-07,0.0009251644131269077,-0.0005679800879379473,-0.0005679800879379473,0.15468063210522798,0.995840306729686,2.2115114773953478e-07,4.846397346596423,0.10150169860176973,0.002796189458333334,-0.0009438051065173243,0.0016671213000831742,0.0007539856397050376,-0.0017884964166666626,4.8473894532969295,0.10097476794144625,0.0009921067005063122,-0.0005269306603234852,-0.0005273729558297822,1.001682108678412,-5.641237007604796e-09,0.0007127604198031081,-0.003232651839444348,-0.003232651839444348,0.13750195364477696,0.9991613231179043,-5.650726181332267e-09,4.845710708289459,0.10117419472343765,0.0036904376666666654,0.0013236361542339342,0.000982414640046737,0.0005149049983350913,0.0032930326916666636,4.84835571660625,0.10080594139773612,0.002645008316791042,-0.00036825332570153413,-0.0003684700467259336,1.0011786583679239,3.8694722294936316e-09,0.002937790349262869,-0.008926345912638342,-0.008926345912638342,0.15104768500906995,0.9994118354359462,3.8740330153163734e-09]"
/multi_agv/m2b_algorithm_state,1789558527.0272472,1789558527.0272472,m2b_algorithm_state_v1:header6+3x20,"[1.0,-0.15,0.52,4.847843697570524,0.10125035703936779,1789558527.0271742,4.846414859541158,0.10107524872761903,0.0036904376666666654,0.0015401694287769385,0.0006967358485038488,0.0005696402487967211,0.004584685874999997,4.8490644412476405,0.09809586007367943,0.002649581706482884,-0.0029793886539395964,-0.0029938757832593606,1.0098337613402208,2.953732214819454e-07,0.0003181013498442446,0.0017504993330894956,0.0017504993330894956,0.15467219307301414,0.9951610786924525,2.9827785124829107e-07,4.8473953336331235,0.1015016785934558,0.002796189458333334,-0.0009435588066523124,0.001667106712033295,0.000753886465441625,-0.0017884964166666626,4.84832558500258,0.10247351952827957,0.0009302513694562364,0.0009718409348237755,0.000970353412514681,0.996950042276068,-1.916397892092324e-08,0.0021331676243349766,-0.008980742323069509,-0.008980742323069509,0.13762801958846677,1.0015329696272615,-1.91055295953921e-08,4.846708701013056,0.10117422199385094,0.0036904376666666654,0.0013234864277668567,0.0009824215408779317,0.0005149663093837833,0.0032930326916666636,4.8490982156776035,0.10072945448878003,0.0023895146645473986,-0.00044476750507091434,-0.00044508382358043186,1.001424788282714,5.644147957229113e-09,0.0025418095071038163,-0.007485801068256354,-0.007485801068256354,0.15102981444489322,0.9992893057604904,5.652189673104477e-09]"
/multi_agv/m2b_algorithm_state,1789558527.037359,1789558527.037359,m2b_algorithm_state_v1:header6+3x20,"[1.0,-0.15,0.52,4.848853777519197,0.10125029304039988,1789558527.037179,4.8474189174849664,0.10107518629271771,0.0036904376666666654,0.001540611188508003,0.0006966941863201011,0.0005694704348196549,0.004584685874999997,4.850069454786341,0.0985816298130815,0.002650537301374989,-0.0024935564796362136,-0.0025036671670834133,1.0081854876021012,2.068915189153881e-07,0.0008095044596353228,-0.00019442048148337666,-0.00019442048148337666,0.15466426268034078,0.9959616487446381,2.085850268784499e-07,4.848399409835664,0.10150171662240713,0.002796189458333334,-0.0009440385036184919,0.0016671367954197436,0.0007540787491180645,-0.0017884964166666626,4.849486574185448,0.10423983392679781,0.0010871643497845085,0.0027381173043906776,0.002726466783437625,0.9915788535352217,-1.5200398872040883e-07,0.004085422220668261,-0.01682700826565938,-0.01682700826565938,0.13775496285267363,1.004273120444315,-1.5072394086816376e-07,4.847712765390941,0.10117416820297849,0.0036904376666666654,0.00132378020060488,0.0009824071791093578,0.0005148464407159986,0.0032930326916666636,4.850143415044412,0.10156414294470476,0.002430649653470951,0.000389974741726265,0.0003897330889416741,0.9987625025314262,4.337576117102626e-09,0.003428045155780363,-0.011038271515059065,-0.011038271515059065,0.15101242692960276,1.000620046876818,4.332208377637965e-09]"
/multi_agv/m2b_algorithm_state,1789558527.0473537,1789558527.0473537,m2b_algorithm_state_v1:header6+3x20,"[1.0,-0.15,0.52,4.849842615730874,0.10125036591321168,1789558527.0472775,4.84842897682687,0.10107503583602141,0.0036904376666666654,0.0015416730802403698,0.0006965895791889664,0.000569064560074986,0.004584685874999997,4.851112049227483,0.099170848257979,0.0026830724006128293,-0.0019041875780424072,-0.0019100575593887998,1.0062095281621126,1.2068523418694062e-07,0.0014437829413772368,-0.0026971228410895783,-0.0026971228410895783,0.15466498938042164,0.9969268039502062,1.2143463254737558e-07,4.849409515141511,0.10150180576321192,0.002796189458333334,-0.0009451896662479994,0.0016672128669430464,0.0007545381684361391,-0.0017884964166666626,4.850621809253186,0.1035490357482502,0.001212294111674339,0.002047229985038271,0.002040682755956225,0.9936536099946589,-8.512113635495734e-08,0.003556050395549149,-0.014586034856156845,-0.014586034856156845,0.1378765731918115,1.0032083522355135,-8.458092442595096e-08,4.848722840589209,0.1011740375219663,0.0036904376666666654,0.0013244911846355188,0.000982370190495541,0.0005145574967883718,0.0032930326916666636,4.851172332298588,0.10138269669468307,0.0024494917093784707,0.00020865917271677137,0.00020858989555420175,0.9993365016184995,1.2426201057838868e-09,0.0032704545322772903,-0.010388160550216671,-0.010388160550216671,0.15098722824023025,1.0003321213733078,1.2417956293548791e-09]"
/multi_agv/m2b_algorithm_state,1789558527.0571585,1789558527.0571585,m2b_algorithm_state_v1:header6+3x20,"[1.0,-0.15,0.52,4.850850487637615,0.10125031584596123,1789558527.0569947,4.849417837241377,0.10107521664446159,0.0036904376666666654,0.0015403868985799881,0.0006967017187378124,0.000569563737150813,0.004584685874999997,4.852308173634535,0.09937279577223597,0.002890336393157611,-0.0017024208722256212,-0.0017071056643393025,1.0055389617379926,9.63711720392266e-08,0.0019058148271077111,-0.004422053435182644,-0.004422053435182644,0.15465006090354252,0.9972557105212966,9.690496827379737e-08,4.850398326864775,0.10150168995601436,0.002796189458333334,-0.0009437884584137402,0.0016671334017024364,0.0007539721284080259,-0.0017884964166666626,4.851655914228119,0.1035490357482502,0.00125758736334447,0.0020473457922358385,0.002040797817811597,0.9936532493267147,-8.500460130736813e-08,0.0036127820219921847,-0.014787521896996777,-0.014787521896996777,0.13800806635847748,1.00320853656697,-8.446509829678826e-08,4.849711683086469,0.1011741911391591,0.0036904376666666654,0.0013236453829298992,0.0009824069089133585,0.000514905019356156,0.0032930326916666636,4.852122340386773,0.1007149371721113,0.0024106573003033205,-0.00045925396704779575,-0.00045959126370172487,1.001471436728421,6.018589297609455e-09,0.0025537303616774256,-0.007520925558926885,-0.007520925558926885,0.15097967357946987,0.9992660942873186,6.027445270955239e-09]"
/multi_agv/m2b_algorithm_state,1789558527.0672264,1789558527.0672264,m2b_algorithm_state_v1:header6+3x20,"[1.0,-0.15,0.52,4.851852680249709,0.10125030382938649,1789558527.0670836,4.850425693232725,0.10107509802286647,0.0036904376666666654,0.0015412247104397776,0.0006966208286769413,0.0005692426553355414,0.004584685874999997,4.853282956574968,0.09878710198366226,0.0028572633422427884,-0.00228799603920421,-0.002296495313137174,1.0074933880979733,1.742325301558858e-07,0.0012750838646663114,-0.0019261427557253716,-0.0019261427557253716,0.15464818272413375,0.9962990240457519,1.755381221236357e-07,4.851406218278445,0.10150176098338416,0.002796189458333334,-0.0009446967763726,0.0016671919224906517,0.0007543354122688251,-0.0017884964166666626,4.852477347148573,0.10235811060943734,0.0010711288701283905,0.0008563496260531739,0.0008551936324054917,0.9973089537841705,-1.489899107713055e-08,0.0021941047200659796,-0.009143547166150463,-0.009143547166150463,0.13813243674168513,1.0013517332261124,-1.485889720357276e-08,4.850719551401674,0.10117408853163302,0.0036904376666666654,0.001324204320783071,0.0009823785344175388,0.0005146775008235648,0.0032930326916666636,4.853380124691823,0.10145200852239852,0.002660573290148349,0.0002779199907654989,0.0002777971544034987,0.9991169596864072,2.203877887207006e-09,0.0036035137670889354,-0.01160602838844811,-0.01160602838844811,0.15095952821451145,1.0004421800585537,2.2019317741863668e-09]"
/multi_agv/m2b_algorithm_state,1789558527.0769093,1789558527.0769093,m2b_algorithm_state_v1:header6+3x20,"[1.0,-0.15,0.52,4.8528387595327045,0.10125039336130043,1789558527.0768309,4.851427881447623,0.101075074302856,0.0036904376666666654,0.0015413870515627926,0.0006965980488036648,0.0005691841360819541,0.004584685874999997,4.854220979113358,0.09850020287399101,0.0027930976657355444,-0.0025748714288649915,-0.0025856588982289498,1.0084601501575057,2.2072796163469739e-07,0.0009057131839404807,-0.0004951726663032893,-0.0004951726663032893,0.15464582774247254,0.9958279611547575,2.2259535333408708e-07,4.852408416700843,0.10150177081836052,0.002796189458333334,-0.00094486892774208,0.0016672093534042531,0.000754400966922128,-0.0017884964166666626,4.853500438880541,0.10235811060943734,0.001092022179697949,0.0008563397910768128,0.0008551838240500445,0.9973089847491933,-1.4901363261223597e-08,0.002220211548672481,-0.00923667221858486,-0.00923667221858486,0.13825699216106785,1.00135171760066,-1.4861263465429832e-08,4.85172174260066,0.10117406636694291,0.0036904376666666654,0.0013243199312908149,0.000982369017614993,0.0005146323383648072,0.0032930326916666636,4.854451131148597,0.1020756049687699,0.0027293885479373614,0.0009015386018269844,0.0009002521106505875,0.9971557501597264,2.3182542964057957e-08,0.004311987795572289,-0.014438715825241767,-0.014438715825241767,0.15094116783563202,1.0014290343351344,2.31166060199353e-08]"
/multi_agv/m2b_algorithm_state,1789558527.0871282,1789558527.0871282,m2b_algorithm_state_v1:header6+3x20,"[1.0,-0.15,0.52,4.853840697126265,0.1012503804281696,1789558527.0870388,4.852413988563796,0.1010752930919822,0.0036904376666666654,0.0015398335979475452,0.0006967386348531329,0.0005697843680617484,0.004584685874999997,4.855225067156308,0.09864564119166852,0.002811078592512395,-0.0024296519003136757,-0.0024392463712020105,1.007969977171885,1.9631555603895563e-07,0.0010746018694384831,-0.0011569825506924378,-0.0011569825506924378,0.1546328439478827,0.9960666249208738,1.9788018653907203e-07,4.853394462465752,0.10150163347976557,0.002796189458333334,-0.0009431780974689385,0.0016671087991406708,0.0007537203553954069,-0.0017884964166666626,4.854763108641831,0.10400176664484202,0.0013686461760791246,0.002500133165076454,0.0024904022208265845,0.9922897338854729,-1.2663653185337872e-07,0.00420120994092549,-0.017120269908861382,-0.017120269908861382,0.13838825889648637,1.0039073785625843,-1.2566013049296838e-07,4.852707827568567,0.10117425351215353,0.0036904376666666654,0.0013232926212829186,0.0009824160911413582,0.0005150531514248281,0.0032930326916666636,4.855435214787556,0.10138533380390596,0.002727387218988575,0.00021108029175243015,0.00021100939909100494,0.9993288232995583,1.2704700459947578e-09,0.0036202434228267237,-0.011633228077732323,-0.011633228077732323,0.1509351007226682,1.0003359692114693,1.269617336101277e-09]"
/multi_agv/m2b_algorithm_state,1789558527.0971658,1789558527.0971658,m2b_algorithm_state_v1:header6+3x20,"[1.0,-0.15,0.52,4.854836768863472,0.10125040514142081,1789558527.0970526,4.853415922550625,0.10107525983373888,0.0036904376666666654,0.0015400705306224949,0.000696720205724155,0.0005696912534836476,0.004584685874999997,4.856333239421142,0.09889884488731188,0.002917316870516551,-0.0021764149464270077,-0.002184098978270859,1.0071190006929245,1.5752316909916784e-07,0.0014625471098748295,-0.0026388773039125292,-0.0026388773039125292,0.15462820037451797,0.9964818298436571,1.5864457664913648e-07,4.854396404251602,0.10150165560184642,0.002796189458333334,-0.0009434358059021404,0.0016671213760108827,0.0007538255210304406,-0.0017884964166666626,4.855796610285593,0.10400176664484202,0.0014002060339910471,0.0025001110429956064,0.002490380272259419,0.992289802498108,-1.266688809540981e-07,0.0042406378147482274,-0.01726169704469707,-0.01726169704469707,0.1385155874555475,1.0039073433260692,-1.2569223886459835e-07,4.8537097645765686,0.10117422584892351,0.0036904376666666654,0.0013234455160195994,0.0009824103554302967,0.0005149898610250663,0.0032930326916666636,4.85650523016306,0.10075820589154176,0.0027954655864910194,-0.0004160199573817469,-0.00041629664678199507,1.0013322634208368,4.937857086992538e-09,0.003078035336331779,-0.00940045219478638,-0.00940045219478638,0.15092138010030937,0.9993353552031057,4.9444356133668576e-09]"
/multi_agv/m2b_algorithm_state,1789558527.1071837,1789558527.1071837,m2b_algorithm_state_v1:header6+3x20,"[1.0,-0.15,0.52,4.855841099751128,0.10125037654771618,1789558527.1070993,4.854412002449753,0.10107531749684708,0.0036904376666666654,0.0015396633212139505,0.0006967614418314835,0.0005698463129638646,0.004584685874999997,4.857352419229952,0.09920401796402717,0.002940416780198518,-0.0018712995328199061,-0.0018769670744301942,1.0060999996692503,1.1639777709446002e-07,0.0017985539008179535,-0.003965310389802944,-0.003965310389802944,0.15462411634944853,0.9969804789399362,1.171078034962377e-07,4.85539246590889,0.10150162168137843,0.002796189458333334,-0.0009429937155709502,0.001667091136254406,0.0007536496198728843,-0.0017884964166666626,4.856487337760106,0.10166887265433584,0.0010948718512153732,0.00016725097295741675,0.0001672066467592125,0.9994702797792289,-5.675723239427625e-10,0.001535796460778429,-0.0064735888996230884,-0.0064735888996230884,0.13864227579939922,1.0002650983023902,-5.672716694060199e-10,4.854705838231773,0.10117427624603689,0.0036904376666666654,0.0013231712585411218,0.000982424999090981,0.0005151011239342977,0.0032930326916666636,4.857613026518978,0.10188116741784664,0.0029071882872049315,0.0007068911718097481,0.0007060990682747464,0.9977649045429687,1.4242328822507025e-08,0.0043400844272809104,-0.014441373932692509,-0.014441373932692509,0.15090835240527392,1.00112180226627,1.4210495858058294e-08]"
/multi_agv/m2b_algorithm_state,1789558527.117157,1789558527.117157,m2b_algorithm_state_v1:header6+3x20,"[1.0,-0.15,0.52,4.856841405579227,0.10125037459535872,1789558527.1170397,4.855416324820821,0.10107524612953549,0.0036904376666666654,0.0015401707562670594,0.0006967182465080759,0.0005696488289402082,0.004584685874999997,4.858311540095991,0.09875444980377317,0.0028952152751697824,-0.00232079632576232,-0.002329543175116176,1.0076035989639793,1.7914502799348682e-07,0.0012894759188460522,-0.0019627825376930977,-0.0019627825376930977,0.15462058780215257,0.9962452512375437,1.8050717494274014e-07,4.8563968069128505,0.10150166761434352,0.002796189458333334,-0.0009435459314417064,0.0016671214851662342,0.0007538731998820297,-0.0017884964166666626,4.857500569744978,0.10166887265433584,0.0011037628321277637,0.00016720503999231862,0.00016716073815001647,0.9994704253125879,-5.675927025303927e-10,0.0015468642783097212,-0.0065134334582568525,-0.0065134334582568525,0.13877007765348648,1.0002650254048435,-5.672921198023727e-10,4.855710167519714,0.10117421589926953,0.0036904376666666654,0.0013235034677758699,0.00098241094373206,0.0005149644352384353,0.0032930326916666636,4.858666727842841,0.10185944698794573,0.0029565603231267445,0.0006852310886761998,0.0006844866610150724,0.9978328555270933,1.338646462954856e-08,0.004380187064923503,-0.014572788532021222,-0.014572788532021222,0.15089577943753882,1.00108757073516,1.3357454226714873e-08]"
/multi_agv/m2b_algorithm_state,1789558527.1272254,1789558527.1272254,m2b_algorithm_state_v1:header6+3x20,"[1.0,-0.15,0.52,4.857841117068742,0.10125037648726376,1789558527.1270092,4.856416630206315,0.10107524088140006,0.0036904376666666654,0.0015402080374040828,0.0006967158843295346,0.0005696338978022461,0.004584685874999997,4.85902793782241,0.09802311016956856,0.002611307616095182,-0.0030521307118314966,-0.003067342199683054,1.0100820727361002,3.0999474524228546e-07,0.00019679232043592334,0.0022087811395021016,0.0022087811395021016,0.1546176222034343,0.9950408246418905,3.13120134811627e-07,4.857397113225458,0.10150167123188536,0.002796189458333334,-0.0009435862247933859,0.0016671229386941988,0.0007538899095799606,-0.0017884964166666626,4.858694118057948,0.10395581349008642,0.0012970048324900674,0.002454142258201064,0.002444762751839224,0.9924275763107756,-1.2207731243346038e-07,0.004066018792451808,-0.01661333342265637,-0.01661333342265637,0.13889745792101438,1.003836571198896,-1.211528913008724e-07,4.856710473305907,0.1011742116727907,0.0036904376666666654,0.0013235268201200463,0.000982410273902402,0.000514954661331799,0.0032930326916666636,4.8593344642698,0.1009203291047165,0.002623990963892986,-0.00025388256807419574,-0.00025398548768600836,1.0008115430310678,1.8388809845728904e-09,0.003026003217180224,-0.009294940988133773,-0.009294940988133773,0.15088386217046085,0.9995947815257071,1.8403733156208835e-09]"
/multi_agv/m2b_algorithm_state,1789558527.1371546,1789558527.1371546,m2b_algorithm_state_v1:header6+3x20,"[1.0,-0.15,0.52,4.858837103579642,0.10125040190084167,1789558527.1370192,4.857416342439671,0.10107524499013562,0.0036904376666666654,0.001540178981778112,0.0006967195413462685,0.0005696445900200959,0.004584685874999997,4.860078708584974,0.099110406748942,0.002662366145303352,-0.001964838241193617,-0.001971090946035483,1.00641166514499,1.2837613941969793e-07,0.001356866735593707,-0.002364173114325643,-0.002364173114325643,0.15461522032343017,0.9968277948541938,1.2919924423826357e-07,4.858396823766602,0.10150166902517566,0.002796189458333334,-0.0009435544442296887,0.001667120093582497,0.000753877613735715,-0.0017884964166666626,4.859743560623462,0.10395581349008642,0.0013467368568598204,0.002454144464910768,0.0024447649415554463,0.9924275694636969,-1.2207342135135152e-07,0.004128186012630222,-0.016835872599796915,-0.016835872599796915,0.13902483857915754,1.0038365747135405,-1.2114902884783955e-07,4.857710184999951,0.10117421544647998,0.0036904376666666654,0.0013235063416596271,0.0009824116414816073,0.0005149628265917849,0.0032930326916666636,4.860339016941612,0.10077195111649774,0.0026288319416609696,-0.0004022643299822354,-0.00040252299766990567,1.001288011959132,4.616885062511986e-09,0.0028835169294063063,-0.008717549037547269,-0.008717549037547269,0.1508725405109363,0.9993573840770151,4.622831665686439e-09]"
/multi_agv/m2b_algorithm_state,1789558527.147145,1789558527.147145,m2b_algorithm_state_v1:header6+3x20,"[1.0,-0.15,0.52,4.859843428931221,0.10125036062889543,1789558527.1470308,4.85841233718473,0.1010753049739968,0.0036904376666666654,0.001539754963896744,0.0006967612182993571,0.0005698067059659081,0.004584685874999997,4.861146635124006,0.09993417888278351,0.0027342979392752653,-0.0011411260912132931,-0.0011432220686647112,1.0036893241250189,4.326506817669012e-08,0.0022746503554293704,-0.0059906720297441575,-0.0059906720297441575,0.1546133783646043,0.9981666051514677,4.342468703648497e-08,4.859392800162097,0.10150163319201283,0.002796189458333334,-0.0009430941415101866,0.001667089747364514,0.0007536938735134696,-0.0017884964166666626,4.860468674224108,0.10190775541443335,0.0010758740620104845,0.0004061222224205213,0.0004058613366569903,0.9987172129000265,-3.3463424878525047e-09,0.001750703914170096,-0.007349963619782914,-0.007349963619782914,0.13915182341186214,1.0006427953095505,-3.3420498428769943e-09,4.8587061733920995,0.10117426753651539,0.0036904376666666654,0.001323222385385263,0.0009824262857027755,0.0005150782932524184,0.0032930326916666636,4.861418585468476,0.10094145495492418,0.0027124120763764026,-0.00023281258159120466,-0.00023289911340494506,1.000744014050111,1.5459460809079353e-09,0.003157615982065558,-0.009772356420113463,-0.009772356420113463,0.15086185533295743,0.9996284579512764,1.5470962865128447e-09]"
/multi_agv/m2b_algorithm_state,1789558527.1571126,1789558527.1571126,m2b_algorithm_state_v1:header6+3x20,"[1.0,-0.15,0.52,4.86084275886585,0.10125036541280154,1789558527.1570268,4.859418649858862,0.10107520397331278,0.0036904376666666654,0.0015404716250319284,0.0006966969817343127,0.0005695294756896227,0.004584685874999997,4.861935986337696,0.09972108781690645,0.002517336478834231,-0.0013541161564063348,-0.001357072322957812,1.0043884685605586,6.096029941174945e-08,0.001789598275584977,-0.00417510987648587,-0.00417510987648587,0.15461212688749867,0.997821658800738,6.122782176916015e-08,4.8603991407603395,0.10150169659443647,0.002796189458333334,-0.0009438734782123087,0.001667135487354976,0.0007540078966230684,-0.0017884964166666626,4.861483946950296,0.10190775541443335,0.0010848061899562111,0.00040605881999687676,0.00040579801578344716,0.99871741334443,-3.348061335450482e-09,0.0017618057532287111,-0.007390180817681505,-0.007390180817681505,0.13928016342683372,1.000642694649273,-3.3437671566596032e-09,4.859712496174462,0.1011741813189371,0.0036904376666666654,0.0013236953722916387,0.000982404779944446,0.0005148844583091955,0.0032930326916666636,4.862429279110623,0.10093192194183366,0.002716782936160733,-0.00024225937710344037,-0.00024235308055927147,1.0007742875318282,1.6745606821201245e-09,0.003153625589641645,-0.009753108341218114,-0.009753108341218114,0.15085160775097928,0.9996133597492763,1.6758572735775798e-09]"
/multi_agv/m2b_algorithm_state,1789558527.1670837,1789558527.1670837,m2b_algorithm_state_v1:header6+3x20,"[1.0,-0.15,0.52,4.861842546100024,0.10125036713257318,1789558527.1669998,4.86041798122474,0.10107521638835601,0.0036904376666666654,0.0015403825572966605,0.0006967041018469894,0.0005695643793314218,0.004584685874999997,4.8628325636423995,0.09851591779915118,0.002414582417659794,-0.0025592985892048253,-0.0025699546996150037,1.0084074970973076,2.1792163631477464e-07,0.00044827332245973893,0.0011056191295661221,0.0011056191295661221,0.15461143494146937,0.9958535804495796,2.1975381183953162e-07,4.861398469030036,0.10150168814013247,0.002796189458333334,-0.0009437758631609412,0.0016671304925566233,0.0007539681819927618,-0.0017884964166666626,4.86249828901851,0.1021252215210847,0.0010998199884744153,0.0006235333809522375,0.0006229194209933502,0.998035363162491,-7.892651312118942e-09,0.001997694406586369,-0.008332264016047974,-0.008332264016047974,0.13940768883785606,1.0009856169806173,-7.877145118605539e-09,4.860711826342775,0.10117419170991616,0.0036904376666666654,0.0013236374637259824,0.0009824069349115404,0.0005149084384773236,0.0032930326916666636,4.863309624050637,0.10044935589934166,0.0025977977078621706,-0.0007248358105745034,-0.0007256777024660237,1.0023293414041647,1.4994959735107466e-08,0.0025215694323616894,-0.007279393230272751,-0.007279393230272751,0.15084203813245617,0.9988398542649729,1.5029888115672236e-08]"
/multi_agv/m2b_algorithm_state,1789558527.1772463,1789558527.1772463,m2b_algorithm_state_v1:header6+3x20,"[1.0,-0.15,0.52,4.862837399831084,0.10125039998805334,1789558527.1770897,4.861417768987946,0.10107522103049019,0.0036904376666666654,0.001540348913626402,0.0006967066614107507,0.00056957763110817,0.004584685874999997,4.863807974389229,0.09887098078876232,0.0023902054012836516,-0.00220424024172787,-0.0022121236634896893,1.0072122759741642,1.6160896739462276e-07,0.0007756330881148752,-0.00020659247114919043,-0.00020659247114919043,0.1546113201039947,0.996436265344505,1.627745358673725e-07,4.862398255659838,0.10150168480240435,0.002796189458333334,-0.000943738684611571,0.0016671286794416318,0.0007539530094935049,-0.0017884964166666626,4.863515120641383,0.1021252215210847,0.0011168649815447296,0.0006235367186803592,0.0006229227521361724,0.9980353526313709,-7.892424989730531e-09,0.0020190039790670845,-0.00840804316318584,-0.00840804316318584,0.1395353250804191,1.000985622281545,-7.876919157742354e-09,4.861711613652289,0.101174195564825,0.0036904376666666654,0.0013236156869182135,0.000982407647853423,0.0005149175070247531,0.0032930326916666636,4.864326299655185,0.1006354996607123,0.0026146860028966046,-0.0005386959041127071,-0.000539160263314961,1.00172751872398,8.281144949558564e-09,0.002729197240305795,-0.008104462027017043,-0.008104462027017043,0.1508330401427317,0.9991387362277055,8.29545078251492e-09]"
/multi_agv/m2b_algorithm_state,1789558527.1870587,1789558527.1870587,m2b_algorithm_state_v1:header6+3x20,"[1.0,-0.15,0.52,4.863837495236663,0.10125039864469587,1789558527.1869311,4.862412633174147,0.10107529963652985,0.0036904376666666654,0.001539792394610271,0.000696759581254724,0.0005697913328156111,0.004584685874999997,4.8648443587465815,0.0995732908898464,0.002431725572434651,-0.0015020087466834503,-0.0015056499533980417,1.0048758792974948,7.497765560764969e-08,0.001534007012145272,-0.00320400589040654,-0.00320400589040654,0.1546117641568896,0.997581637945544,7.534323760640171e-08,4.863393096639519,0.10150163693681916,0.002796189458333334,-0.0009431341110880901,0.0016670904253039964,0.0007537108462974534,-0.0017884964166666626,4.864266914528812,0.10166434095516626,0.0008738178892935267,0.00016270401834710124,0.00016266206809172323,0.9994846544401288,-5.372129532595168e-10,0.0012549344297086316,-0.005473961465903096,-0.005473961465903096,0.139662392656415,1.0002578982049728,-5.369361029493493e-10,4.862706469679587,0.10117426339081101,0.0036904376666666654,0.0013232450256444148,0.0009824259360925233,0.0005150686614439322,0.0032930326916666636,4.865289937569008,0.10007243907942243,0.0025834678894209873,-0.0011018243113885828,-0.001103775219255067,1.003555948463038,3.464766473378045e-08,0.0021255596425211673,-0.005698730235431456,-0.005698730235431456,0.15082467580495226,0.998232513438922,3.47708700439384e-08]"
/multi_agv/m2b_algorithm_state,1789558527.197036,1789558527.197036,m2b_algorithm_state_v1:header6+3x20,"[1.0,-0.15,0.52,4.864837476312727,0.10125039808941334,1789558527.1969247,4.863412728552336,0.10107529393474544,0.0036904376666666654,0.001539834982420647,0.0006967595272490354,0.000569772900875828,0.004584685874999997,4.865836091302601,0.10021992146873504,0.002423362750264779,-0.000855372466010404,-0.0008565476184990827,1.002756560486794,2.4306271075402648e-08,0.0021726558193318913,-0.005765677209094548,-0.005765677209094548,0.15461280925450063,0.9986280360095589,2.437327278183041e-08,4.864393191850009,0.10150164258468848,0.002796189458333334,-0.0009431817947817274,0.001667089840039715,0.000753731819977857,-0.0017884964166666626,4.86528311590181,0.10166434095516626,0.0008899240518003282,0.00016269837047777624,0.00016265642313616734,0.9994846723355012,-5.372028050540456e-10,0.0012750614878865776,-0.005545498567433957,-0.005545498567433957,0.13979015898262834,1.0002578892416303,-5.369259695871548e-10,4.863706565307643,0.10117425941465366,0.0036904376666666654,0.001323269087263801,0.0009824267017877648,0.0005150578334166297,0.0032930326916666636,4.866373734015392,0.10025544657716734,0.002667168707748857,-0.0009188128374863214,-0.0009201676105258378,1.0029591868980727,2.4091119259138595e-08,0.0024137932741602336,-0.006805358210332135,-0.006805358210332135,0.1508168212929537,0.9985276888427508,2.4162409383610147e-08]"
/multi_agv/m2b_algorithm_state,1789558527.2070982,1789558527.2070982,m2b_algorithm_state_v1:header6+3x20,"[1.0,-0.15,0.52,4.865837611897473,0.10125039658587719,1789558527.2069764,4.864412709791774,0.10107529037448322,0.0036904376666666654,0.0015398622535816144,0.0006967604725872433,0.0005697605882587605,0.004584685874999997,4.866800514813391,0.09980931473397082,0.002387805021616174,-0.0012659756405123956,-0.001268557774615678,1.004098739032328,5.325838468291575e-08,0.0017161985024045394,-0.003957679239362293,-0.003957679239362293,0.15461443945141592,0.9979645120191197,5.347667690301435e-08,4.865393172520448,0.10150164672644396,0.002796189458333334,-0.0009432128425260738,0.0016670886231642257,0.000753745911091841,-0.0017884964166666626,4.866184126450012,0.09991133843515153,0.0007909539295640755,-0.0015903082912924332,-0.0015943695424377724,1.0051381747968469,-5.1389159872649876e-08,-0.000605677130482678,0.0019067534830007685,0.0019067534830007685,0.1399179490823215,0.9974527541844976,-5.165320635873866e-08,4.864706546625957,0.10117425716731286,0.0036904376666666654,0.00132328351645865,0.0009824277496680361,0.0005150510338859694,0.0032930326916666636,4.867470000510213,0.10123331859386861,0.0027634538842562506,5.90614265557482e-05,5.905586990766198e-05,0.9998118769559625,9.947650317323116e-11,0.0035133732252279753,-0.011178385489035556,-0.011178385489035556,0.15080954055125298,1.0000940913764356,9.9457789350644e-11]"
/multi_agv/m2b_algorithm_state,1789558527.2171187,1789558527.2171187,m2b_algorithm_state_v1:header6+3x20,"[1.0,-0.15,0.52,4.8668375474650825,0.10125039641710654,1789558527.216986,4.865412845193063,0.10107528473701917,0.0036904376666666654,0.001539904113611358,0.0006967596901429115,0.0005697428506751533,0.004584685874999997,4.867731030869895,0.09913552423419292,0.002318185676831952,-0.0019397605028262516,-0.0019458534629483131,1.0063280423364238,1.250956157808496e-07,0.0009518786330916268,-0.0009483683428626911,-0.0009483683428626911,0.15461665928350662,0.9968687466769314,1.2588722613361184e-07,4.866393308138913,0.10150165198244313,0.002796189458333334,-0.0009432597464118378,0.0016670887243215304,0.0007537661896978437,-0.0017884964166666626,4.867174914781926,0.0997525438387959,0.0007816066430130775,-0.0017491081436472183,-0.0017540268544972658,1.0056613887855026,-6.217414863417577e-08,-0.000777018550730919,0.0025806240664665945,0.0025806240664665945,0.1400457913572232,0.9971957608075178,-6.252614066200146e-08,4.865706682360441,0.10117425303816924,0.0036904376666666654,0.0013233080902842098,0.0009824281546586553,0.0005150401714561674,0.0032930326916666636,4.8684862468663015,0.10122649637541088,0.0027795645058601437,5.224333724164476e-05,5.2238989244422716e-05,0.9998335811261192,7.783673775026508e-11,0.003526694621569602,-0.011222290049512883,-0.011222290049512883,0.1508028289589086,1.0000832327976659,7.782378424802213e-11]"
/multi_agv/m2b_algorithm_state,1789558527.227066,1789558527.227066,m2b_algorithm_state_v1:header6+3x20,"[1.0,-0.15,0.52,4.8678375121560595,0.10125039608199497,1789558527.2269387,4.866412780948611,0.1010752825314833,0.0036904376666666654,0.0015399215203076252,0.0006967608139294864,0.0005697347210715906,0.004584685874999997,4.868857797693286,0.09900786274780106,0.0024450167446747884,-0.002067419783682245,-0.0020743477656816438,1.0067541952005177,1.4211664934133178e-07,0.0009819231651618417,-0.000995958491173145,-0.000995958491173145,0.15461946998610812,0.9966601636842113,1.4307653293222665e-07,4.8673932433085145,0.101501654956063,0.002796189458333334,-0.0009432800619130666,0.001667087530294431,0.0007537756168693871,-0.0017884964166666626,4.868393338798067,0.10094608663026489,0.0010000954895525993,-0.000555568325798117,-0.0005560601103848196,1.0017741050918223,-6.267716765383988e-09,0.0006940592515559295,-0.0031527674508446952,-0.0031527674508446952,0.14017363619133733,0.9991155909630666,-6.278836353611555e-09,4.8667066181381236,0.10117425176377332,0.0036904376666666654,0.0013233168815202328,0.0009824291559400239,0.0005150358399949725,0.0032930326916666636,4.869629619321708,0.10078255115838633,0.0029230011835847947,-0.00039170060538698537,-0.0003919458462039906,1.0012540373263137,4.3769245950446e-09,0.003261805633277003,-0.010063919475734866,-0.010063919475734866,0.15079668847686076,0.9993742992319464,4.3824134218612464e-09]"
/multi_agv/m2b_algorithm_state,1789558527.2376332,1789558527.2376332,m2b_algorithm_state_v1:header6+3x20,"[1.0,-0.15,0.52,4.868843872659596,0.10125035485075035,1789558527.2374933,4.867412745742154,0.10107528005268207,0.0036904376666666654,0.0015399407962828206,0.0006967615307175374,0.0005697259929121426,0.004584685874999997,4.86988837866273,0.09953494012567672,0.002475632920575954,-0.0015403399270053492,-0.0015441704588081235,1.0050024729606333,7.886298158960949e-08,0.0015503706919118192,-0.0032437942154146296,-0.0032437942154146296,0.15462287601604507,0.9975193594846186,7.925749152260643e-08,4.868393207716631,0.1015016579997768,0.002796189458333334,-0.0009433024283145635,0.0016670866817136698,0.0007537857533454623,-0.0017884964166666626,4.869401148993961,0.10094608663026489,0.001007941277330282,-0.0005555713695119119,-0.0005560631594782371,1.001774114799574,-6.267933984869346e-09,0.0007038634371846154,-0.0031875247217366992,-0.0031875247217366992,0.14030150699836555,0.9991155861381166,-6.279054019314656e-09,4.867706583009394,0.10117425019352606,0.0036904376666666654,0.0013233272058709865,0.0009824299876012976,0.0005150309322163975,0.0032930326916666636,4.870693379063927,0.10223382343393984,0.002986796054533336,0.0010595732404137803,0.0010577983182406179,0.9966631839355519,3.1994754705670034e-08,0.004791293386407288,-0.016227599980324352,-0.016227599980324352,0.15079111512360566,1.0016779400596085,3.1887994094190076e-08]"
/multi_agv/m2b_algorithm_state,1789558527.2471566,1789558527.2471566,m2b_algorithm_state_v1:header6+3x20,"[1.0,-0.15,0.52,4.869842635143519,0.10125036349036041,1789558527.2470262,4.8684190933148015,0.10107518031361908,0.0036904376666666654,0.0015406477934265818,0.0006966961516706499,0.0005694535458283411,0.004584685874999997,4.870917105402983,0.09984699486407052,0.002498012088181234,-0.0012281854495485578,-0.0012306150392810133,1.0039747003836752,5.015055592965889e-08,0.0018919000709455291,-0.004595586537078927,-0.004595586537078927,0.15463021690552653,0.9980257110023009,5.034988936355403e-08,4.869399583877077,0.10150171970699759,0.002796189458333334,-0.0009440712277937599,0.0016671336524423097,0.0007540945687417588,-0.0017884964166666626,4.870375514346204,0.09918537428178285,0.0009759304691270287,-0.002316345425214736,-0.0023250087249033304,1.0075454917846873,-1.0917402083255059e-07,-0.0011050956384945445,0.003981027248225763,0.003981027248225763,0.14042755870331894,0.9962738635791766,-1.0999779250984389e-07,4.86871294078691,0.10117416453163434,0.0036904376666666654,0.0013237962949921157,0.0009824077939520224,0.0005148391446112908,0.0032930326916666636,4.871874797446551,0.10333303958092584,0.0031618566596405273,0.002158875049291492,0.0021515678120293995,0.9932859753996529,1.327624769834616e-07,0.006103888636580059,-0.021486366209215145,-0.021486366209215145,0.150782748664521,1.0033962384179749,1.318711064469916e-07]"
/multi_agv/m2b_algorithm_state,1789558527.2571418,1789558527.2571418,m2b_algorithm_state_v1:header6+3x20,"[1.0,-0.15,0.52,4.870840207733241,0.10125037937666963,1789558527.2569182,4.86941785821435,0.10107520299616976,0.0036904376666666654,0.0015404853934777698,0.0006967083864555682,0.0005695175755438789,0.004584685874999997,4.871717325108739,0.09936535574663426,0.0022994668943896457,-0.0017098472495355038,-0.0017145732683793193,1.0055635903048068,9.722050141309082e-08,0.0011597603496077379,-0.0017862642804885027,-0.0017862642804885027,0.15463381918247127,0.9972436180296439,9.776139645218115e-08,4.870398343587943,0.10150170416901134,0.002796189458333334,-0.000943893912305338,0.0016671253332702918,0.0007540220359528033,-0.0017884964166666626,4.871361912794251,0.09918537428178285,0.0009635692063083567,-0.002316329887228491,-0.002324993071486115,1.0075454414191338,-1.0915205804670743e-07,-0.0011205315636006689,0.004035539360568675,0.004035539360568675,0.14055610371434366,0.9962738881401972,-1.0997565850647675e-07,4.8697117036282656,0.10117418330590013,0.0036904376666666654,0.0013236918091793057,0.0009824114497686501,0.0005148825335081512,0.0032930326916666636,4.872771679452709,0.10190841408966338,0.003059975824443839,0.0007342307837632511,0.0007333764005735907,0.9976791788634424,1.537105107092708e-08,0.00455834618112839,-0.015231526399300623,-0.015231526399300623,0.15077932366748634,1.001164999567742,1.5335377610710565e-08]"
/multi_agv/m2b_algorithm_state,1789558527.2671258,1789558527.2671258,m2b_algorithm_state_v1:header6+3x20,"[1.0,-0.15,0.52,4.87183860140212,0.1012503895520211,1789558527.2669764,4.870415435661588,0.10107524206332012,0.0036904376666666654,0.0015402079315149741,0.0006967330299207921,0.0005696250255147971,0.004584685874999997,4.8726856948228425,0.09896115122489164,0.002270259161254451,-0.0021140908384284784,-0.0021213376917927997,1.0069102976705904,1.486377753018814e-07,0.0007164862597752639,-3.9254411399385764e-05,-3.9254411399385764e-05,0.15463677203068024,0.9965838285001211,1.4966490657431172e-07,4.871395910344257,0.10150167949215289,0.002796189458333334,-0.0009435921753714275,0.0016671078330485756,0.000753900346449829,-0.0017884964166666626,4.8722503572957505,0.10005862022715822,0.0008544469514939479,-0.0014430592649946616,-0.0014463995405370304,1.0046546709104074,-4.232615910029519e-08,-0.00037834085116959554,0.001039009695434941,0.001039009695434941,0.14068551174908353,0.9976906273482854,-4.252317344180861e-08,4.8707092771938765,0.10117421657453582,0.0036904376666666654,0.0013235090636306113,0.0009824196814110847,0.00051495746480377,0.0032930326916666636,4.873583678978724,0.10193670944080284,0.0028744017848474357,0.00076249286626702,0.0007615716406897838,0.9975906210178523,1.6574526188649152e-08,0.004354573871749079,-0.014520755307560518,-0.014520755307560518,0.15077771514732088,1.001209637449737,1.6534591873611164e-08]"
/multi_agv/m2b_algorithm_state,1789558527.2772684,1789558527.2772684,m2b_algorithm_state_v1:header6+3x20,"[1.0,-0.15,0.52,4.872837725630123,0.1012503947734268,1789558527.277046,4.871413832579591,0.10107526608566651,0.0036904376666666654,0.0015400382815053478,0.0006967495946669895,0.0005696899456239799,0.004584685874999997,4.873649092826816,0.09896178807186681,0.0022352602472253125,-0.0021134780137996995,-0.0021207206306588506,1.006908244717703,1.4853517533519677e-07,0.0006733546783727899,0.00011224793867773168,0.00011224793867773168,0.15464252895681618,0.9965848321771167,1.4956129267559922e-07,4.8723943000180086,0.10150166518962386,0.002796189458333334,-0.0009434083820715803,0.001667095847664335,0.0007538269128082309,-0.0017884964166666626,4.873239371618534,0.10005862022715822,0.0008450716005254932,-0.0014430449624656394,-0.0014463851720793116,1.004654624920221,-4.231707831721842e-08,-0.0003900456714224451,0.001080525245157303,0.001080525245157303,0.14081326236125677,0.9976906499885709,-4.251404844450469e-08,4.871707671608762,0.10117423738077298,0.0036904376666666654,0.0013233957607401508,0.0009824255497268295,0.0005150035247367315,0.0032930326916666636,4.874675634604411,0.10358111408688866,0.0029679629956484987,0.002406876706115682,0.0023978112894938214,0.9925359104121139,1.649361858541655e-07,0.006107765034054444,-0.021632244614505143,-0.021632244614505143,0.15077445854664878,1.0037807047875624,1.6370508738666577e-07]"
/multi_agv/m2b_algorithm_state,1789558527.2872477,1789558527.2872477,m2b_algorithm_state_v1:header6+3x20,"[1.0,-0.15,0.52,4.873838119939551,0.10125039176630435,1789558527.2870867,4.872412958597678,0.101075277443975,0.0036904376666666654,0.0015399590723566541,0.0006967588247043461,0.0005697194785187651,0.004584685874999997,4.874674212352125,0.09934996130248472,0.002261253754446635,-0.0017253161414902823,-0.001730128614943353,1.005614896132953,9.895472728658383e-08,0.0010964385781149406,-0.0015562802083420682,-0.0015562802083420682,0.15464895270095166,0.9972184302302703,9.951034780216268e-08,4.873393421957371,0.10150165931783448,0.002796189458333334,-0.0009433233671829557,0.0016670889817449464,0.0007537936332230044,-0.0017884964166666626,4.87429434580041,0.09923897558231266,0.0009009238430390809,-0.0022626837355218116,-0.0022709469486863225,1.00736623955369,-1.0408808851055624e-07,-0.0011447921448874713,0.004098529376598091,0.004098529376598091,0.14094106038677498,0.9963613358870884,-1.0485482630521068e-07,4.8727067963353194,0.10117424755847094,0.0036904376666666654,0.0013233413417739798,0.0009824291409594298,0.0005150252452393359,0.0032930326916666636,4.8757606315187045,0.10344117113724649,0.0030538351833850896,0.0022669235787755454,0.002258873219419548,0.992958661712508,1.4632200222679764e-07,0.00607616719865091,-0.021444956198889732,-0.021444956198889732,0.15077170641308757,1.0035638827742914,1.452916995102156e-07]"
/multi_agv/m2b_algorithm_state,1789558527.2974176,1789558527.2974176,m2b_algorithm_state_v1:header6+3x20,"[1.0,-0.15,0.52,4.874837542837437,0.10125039504025461,1789558527.297225,4.873413352124644,0.10107526881917486,0.0036904376666666654,0.001540021606116132,0.0006967550530822203,0.0005696943345441406,0.004584685874999997,4.875954689956655,0.09947339636280327,0.002541337832010271,-0.0016018724563715975,-0.0016060170613737413,1.0052059170115,8.529758033479475e-08,0.0015706552286390972,-0.0032866775185973916,-0.0032866775185973916,0.15465600398578766,0.9974193269163661,8.574163245929944e-08,4.874393817087732,0.1015016658767745,0.002796189458333334,-0.0009433925289691904,0.001667091444542912,0.000753822331410442,-0.0017884964166666626,4.875286410548589,0.09923897558231266,0.0008925934608567943,-0.0022626902944618416,-0.002270953555212087,1.0073662608036664,-1.0409632076130333e-07,-0.001155211729141094,0.004135151970274739,0.004135151970274739,0.14106900820102503,0.9963613255184017,-1.048631214087332e-07,4.873707190606277,0.1011742406029637,0.0036904376666666654,0.0013233808328547533,0.0009824283378717432,0.0005150085451466795,0.0032930326916666636,4.876957390857669,0.10218271635601048,0.003250200251391888,0.0010084757530467725,0.001006867270363584,0.9968222524582011,2.8985540835596303e-08,0.005069617584603444,-0.01719292373661022,-0.01719292373661022,0.1507695058915029,1.0015975121354455,2.8893432104458275e-08]"
/multi_agv/m2b_algorithm_state,1789558527.3071647,1789558527.3071647,m2b_algorithm_state_v1:header6+3x20,"[1.0,-0.15,0.52,4.8758382333077455,0.10125039015887945,1789558527.3070452,4.874412776177418,0.10107527550175133,0.0036904376666666654,0.0015399755816737442,0.0006967611116998284,0.0005697111328561207,0.004584685874999997,4.876951146278802,0.09942350323990824,0.0025383701013845794,-0.0016517722618430847,-0.0016561807613363383,1.005371103694037,9.069487570695744e-08,0.001516781865394386,-0.0030733849142642908,-0.0030733849142642908,0.15466366359146388,0.9973381531797914,9.11820072888973e-08,4.875393238469947,0.10150166288418791,0.002796189458333334,-0.0009433437019556335,0.001667086897532144,0.0007538035317998931,-0.0017884964166666626,4.87618495243219,0.09918410930588865,0.0007917139622435343,-0.0023175535782992557,-0.0023262260031640773,1.007549535849878,-1.0920383073255202e-07,-0.0013365835503596595,0.004797212164331075,0.004797212164331075,0.1411968196180855,0.9962718906705429,-1.1002826896761144e-07,4.8747066138649435,0.1011742467348246,0.0036904376666666654,0.001323348586805355,0.0009824308521710016,0.0005150212147312936,0.0032930326916666636,4.877862518205728,0.10250954185171464,0.003155904340784055,0.0013352951168900395,0.001332482149113945,0.9958080630680726,5.080323853558091e-08,0.005277362575094013,-0.018102566880432137,-0.018102566880432137,0.15076786860125402,1.0021110735164183,5.059027456370209e-08]"
/multi_agv/m2b_algorithm_state,1789558527.3170874,1789558527.3170874,m2b_algorithm_state_v1:header6+3x20,"[1.0,-0.15,0.52,4.876840831689197,0.10125037327293336,1789558527.3169968,4.875413465230391,0.10107526254705337,0.0036904376666666654,0.0015400686783343786,0.000696754157823775,0.0005696743963765738,0.004584685874999997,4.877900642050467,0.09893668326118261,0.0024871768200762645,-0.002138579285870759,-0.0021459963632289728,1.0069922658630246,1.5208989297670796e-07,0.0009629746618663578,-0.0008965835092470146,-0.0008965835092470146,0.15467195948764678,0.9965437605182826,1.5315334594348007e-07,4.876393930549137,0.10150167195852441,0.002796189458333334,-0.0009434460810176775,0.001667091724174341,0.0007538453989348881,-0.0017884964166666626,4.877310960017464,0.10063330250943553,0.0009170294683276126,-0.0008683694490888849,-0.0008695737543290939,1.0027828238554635,-1.5318391050248348e-08,0.00027671308108042183,-0.001533048561652782,-0.001533048561652782,0.1413247698463553,0.9986150625703533,-1.5361019434290296e-08,4.875707304143708,0.10117423597106057,0.0036904376666666654,0.0013234087772114374,0.0009824289135750954,0.0005149961329312712,0.0032930326916666636,4.878943234650176,0.10337687751156464,0.0032359305064684207,0.0022026415405040772,0.00219503755727514,0.9931532969247301,1.381549726580938e-07,0.0062399506903606655,-0.0219967009427251,-0.0219967009427251,0.15076678257047124,1.003464169988224,1.372090665819318e-07]"
/multi_agv/m2b_algorithm_state,1789558527.3271558,1789558527.3271558,m2b_algorithm_state_v1:header6+3x20,"[1.0,-0.15,0.52,4.87784056488523,0.1012503751865204,1789558527.3269875,4.876416058299315,0.10107522150885308,0.0036904376666666654,0.0015403599007675346,0.0006967274313410597,0.0005695620652889279,0.004584685874999997,4.878779653095211,0.09860049520301883,0.002363594795896873,-0.0024747263058342434,-0.002484683452619976,1.0081219530761958,2.0374283582174977e-07,0.0004698100422511151,0.0009919163013469715,0.0009919163013469715,0.15468364679326835,0.9959925894080258,2.0539762557390507e-07,4.877396535344749,0.10150169755771045,0.002796189458333334,-0.0009437632105482232,0.0016671109666557271,0.0007539728543312779,-0.0017884964166666626,4.878088009818623,0.09931055796253623,0.0006914744738741874,-0.002191139595174224,-0.002198884332828427,1.0071275722401587,-9.765070313824549e-08,-0.0013345412404856928,0.0047357280404876035,0.0047357280404876035,0.1414506917335873,0.9964778785593325,-9.834671557916563e-08,4.876709901423528,0.10117420075223654,0.0036904376666666654,0.0013236019218703459,0.0009824199433828623,0.0005149170781866149,0.0032930326916666636,4.8800276121888855,0.10280370475511044,0.0033177107653576954,0.0016295040028738994,0.0016253242281581261,0.9949015719757841,7.565496798649692e-08,0.005772462684855245,-0.020022701099834853,-0.020022701099834853,0.1507635055913557,1.0025716559461555,7.526924657754341e-08]"
/multi_agv/m2b_algorithm_state,1789558527.3370254,1789558527.3370254,m2b_algorithm_state_v1:header6+3x20,"[1.0,-0.15,0.52,4.878840128914889,0.1012503781088298,1789558527.3369372,4.877415791949199,0.10107522675188461,0.0036904376666666654,0.0015403223196541879,0.0006967298609058751,0.000569577091402301,0.004584685874999997,4.879863571979408,0.09956023679602446,0.002447780030209401,-0.0015149899558601493,-0.0015186947391832733,1.0049187436634115,7.630619987709296e-08,0.001541030298578478,-0.003222233235849292,-0.003222233235849292,0.1546932332767025,0.9975605477338281,7.668153051421742e-08,4.8783962680424455,0.10150169383866661,0.002796189458333334,-0.0009437224332605244,0.0016671094716471657,0.0007539559564386095,-0.0017884964166666626,4.879076495371781,0.09931055796253623,0.0006802273293358141,-0.0021911358761303873,-0.0021988805876644083,1.0071275601989513,-9.764615388849878e-08,-0.0013485964259946407,0.004785270692065987,0.004785270692065987,0.1415784234446559,0.9964778844392603,-9.834213272853513e-08,4.877709634664045,0.10117420496901,0.0036904376666666654,0.0013235783485935526,0.0009824206400463886,0.0005149269339001948,0.0032930326916666636,4.880953353585117,0.10174692559328946,0.003243718921071448,0.0005727206242794602,0.0005722001445070928,0.9981863687223252,9.352699105029438e-09,0.004626848795846403,-0.015393153388377021,-0.015393153388377021,0.15076349308275402,1.0009096113962286,9.335736757401876e-09]"
/multi_agv/m2b_algorithm_state,1789558527.3469625,1789558527.3469625,m2b_algorithm_state_v1:header6+3x20,"[1.0,-0.15,0.52,4.879843057090349,0.10125035949506339,1789558527.3468666,4.87841535678897,0.10107523419231015,0.0036904376666666654,0.0015402693732053502,0.0006967340971774753,0.0005695978379961995,0.004584685874999997,4.880894955028137,0.09946492544870725,0.0024795982391667692,-0.0016103087436029062,-0.0016144973869078286,1.0052338338410978,8.621275916788461e-08,0.001485000412050633,-0.002980188352670631,-0.002980188352670631,0.1547032863809348,0.9974056053983805,8.66639824243519e-08,4.879395831121073,0.10150168896564438,0.002796189458333334,-0.00094366505826202,0.0016671066185534045,0.0007539325704437883,-0.0017884964166666626,4.88029551852423,0.0988919871503232,0.0008996874031570457,-0.0026097018153211776,-0.00262072277455926,1.008529232840275,-1.3854496173489697e-07,-0.0014961135206129528,0.005482202462798349,0.005482202462798349,0.14170623212039496,0.99579468712026,-1.397266439723809e-07,4.878709198834622,0.10117421116853481,0.0036904376666666654,0.0013235441387670585,0.0009824220225157724,0.0005149410434177842,0.0032930326916666636,4.881891201229912,0.10151108389827738,0.0031820023952899845,0.0003368727297425739,0.0003366923346435152,0.9989303658311826,3.236269639162358e-09,0.004314195328755996,-0.014161858143888546,-0.014161858143888546,0.1507641983232252,1.0005357861777568,3.2328080145768037e-09]"
/multi_agv/m2b_algorithm_state,1789558527.3570125,1789558527.3570125,m2b_algorithm_state_v1:header6+3x20,"[1.0,-0.15,0.52,4.880841984991096,0.10125036694697997,1789558527.356818,4.879418278971015,0.10107519007021891,0.0036904376666666654,0.0015405813183521281,0.0006967038283947949,0.0005694783669876635,0.004584685874999997,4.8821736228982315,0.09871277938947269,0.002755343927216103,-0.0023624106807462186,-0.002371476867511784,1.0077435652368534,1.8568176507329427e-07,0.0010727030415083444,-0.0011802669600354618,-0.0011802669600354618,0.15471718527869957,0.9961769870540301,1.871196039344334e-07,4.8803987666362785,0.10150171548824144,0.002796189458333334,-0.0009440038690506245,0.0016671286377896166,0.0007540679795341731,-0.0017884964166666626,4.881279460865344,0.0988919871503232,0.0008806942290657815,-0.0026097283379182407,-0.0026207495194476827,1.0085293190443247,-1.3859750713347118e-07,-0.0015198817331154558,0.00556545921424322,0.00556545921424322,0.14183181665703495,0.9957946452159362,-1.3977964949056064e-07,4.879712125663752,0.1011741729267298,0.0036904376666666654,0.0013237526916512273,0.0009824114830418564,0.0005148561260714317,0.0032930326916666636,4.883474650710782,0.10090882183605066,0.0037625250470298965,-0.00026535109067914175,-0.00026546352838711126,1.0008483131308792,2.0091264622232895e-09,0.004437692780400259,-0.014295896668888702,-0.014295896668888702,0.15076229536076824,0.9995764476248294,2.0108308305827905e-09]"
/multi_agv/m2b_algorithm_state,1789558527.3670046,1789558527.3670046,m2b_algorithm_state_v1:header6+3x20,"[1.0,-0.15,0.52,4.881842404643341,0.10125036467232625,1789558527.3668427,4.880417208952384,0.1010752096155913,0.0036904376666666654,0.001540441391624563,0.0006967143964798691,0.0005695335224284307,0.004584685874999997,4.883136366529585,0.09840241669137534,0.0027191575772009813,-0.002672792924215961,-0.002684425022573092,1.0087915290979539,2.37704734342623e-07,0.0007145219489281345,0.0002204868352967558,0.0002204868352967558,0.15472787608022423,0.9956668194271331,2.397945224313176e-07,4.881397692151511,0.1015017021047415,0.002796189458333334,-0.0009438510798482503,0.0016671214812440383,0.0007540054732845941,-0.0017884964166666626,4.882668426616707,0.1014647340110771,0.0012707344651960994,-3.69680936644079e-05,-3.697026261028143e-05,1.0001173579330955,-2.7758422159716013e-11,0.0015514478188848428,-0.006434138022834393,-0.006434138022834393,0.14195997255014517,0.9999413326895621,-2.776167983076667e-11,4.880711053869394,0.10117418912060712,0.0036904376666666654,0.0013236625678787043,0.0009824146415378108,0.000514893548272893,0.0032930326916666636,4.8843858048372715,0.10004231098118074,0.0036747509678773937,-0.001131878139426376,-0.0011339373951953242,1.0036541854997953,3.657587022008104e-08,0.003459501314651418,-0.01040039075461892,-0.01040039075461892,0.15076473884815725,0.9981839775479021,3.6709525234681655e-08]"
/multi_agv/m2b_algorithm_state,1789558527.3769917,1789558527.3769917,m2b_algorithm_state_v1:header6+3x20,"[1.0,-0.15,0.52,4.8828386421316745,0.10125038895843326,1789558527.3768218,4.881417627711449,0.10107520524969446,0.0036904376666666654,0.0015404712493263758,0.0006967098966207169,0.000569522920942178,0.004584685874999997,4.884173107278135,0.09910582527684438,0.002755479566686425,-0.0019693799728500855,-0.00197566183550436,1.0064268175281106,1.2899519637440224e-07,0.0014686876228536716,-0.0027559305577585483,-0.0027559305577585483,0.15474061249361826,0.9968203755615541,1.2982422496350332e-07,4.882398112987046,0.10150170382187443,0.002796189458333334,-0.0009438829667969568,0.001667125031114658,0.0007540174486445478,-0.0017884964166666626,4.88368332112491,0.1014647340110771,0.0012852081378644797,-3.696981079732986e-05,-3.697197994467672e-05,1.0001173633838163,-2.7761938613945074e-11,0.001569538192385923,-0.006498381544506317,-0.006498381544506317,0.14208712385761604,0.9999413299652844,-2.7765196849002106e-11,4.881711473231528,0.10117418494540985,0.0036904376666666654,0.0013236843032189195,0.000982412780979036,0.0005148850946241272,0.0032930326916666636,4.8854288414239715,0.10050383038355219,0.0037173681924436153,-0.0006703545618576556,-0.0006710743548446232,1.0021529331484593,1.2825497804967144e-08,0.003975635885709896,-0.012455100182294603,-0.012455100182294603,0.1507663560849496,0.9989274020355997,1.285311024433695e-08]"
/multi_agv/m2b_algorithm_state,1789558527.3871078,1789558527.3871078,m2b_algorithm_state_v1:header6+3x20,"[1.0,-0.15,0.52,4.883843794419503,0.1012503557129137,1789558527.3869572,4.882413872743119,0.1010752642662604,0.0036904376666666654,0.001540052710456053,0.0006967481639566834,0.0005696844354595803,0.004584685874999997,4.885173103215079,0.0987935054057285,0.002759230471959917,-0.0022817588605319045,-0.0022902114433730513,1.0074724204197765,1.7315127805726183e-07,0.001158826646576845,-0.0015208707900538207,-0.0015208707900538207,0.1547501521014217,0.9963092565685997,1.744451372031273e-07,4.883394341360431,0.10150166711419005,0.002796189458333334,-0.0009434280164516825,0.0016670976862691589,0.0007538344672703423,-0.0017884964166666626,4.883775333957689,0.09937706925711398,0.0003809925972584338,-0.0021245978570760687,-0.002131875692514077,1.0069059387647803,-9.177312428661104e-08,-0.0016556349459410347,0.0058388776674944635,0.0058388776674944635,0.14221682494731913,0.9965861820820211,-9.240690386318694e-08,4.882707712291473,0.10117423549484936,0.0036904376666666654,0.0013234072631569038,0.0009824257491230616,0.000514998435182551,0.0032930326916666636,4.886408894310158,0.10018672249438679,0.0037011820186849675,-0.0009875130004625698,-0.0009890787537859887,1.0031829175637321,2.783263502582776e-08,0.003637398769570221,-0.011100853517621374,-0.011100853517621374,0.1507722874070028,0.9984169578838636,2.7921224008696412e-08]"
/multi_agv/m2b_algorithm_state,1789558527.3972318,1789558527.3972318,m2b_algorithm_state_v1:header6+3x20,"[1.0,-0.15,0.52,4.884836991815724,0.10125039940120474,1789558527.3969371,4.883419014588339,0.10107518411054173,0.0036904376666666654,0.0015406205145045535,0.0006966953236025473,0.0005694658008171147,0.004584685874999997,4.885786744274244,0.09837902290246589,0.00236772968590504,-0.002696161208075837,-0.002707999678615933,1.008870722728343,2.4191125548619614e-07,0.0002516624287653671,0.0018583093961531438,0.0018583093961531438,0.15476846677261027,0.9956283338459823,2.440571831584796e-07,4.884399506322218,0.10150171643070091,0.002796189458333334,-0.0009440450525098499,0.0016671357081445848,0.0007540821533615905,-0.0017884964166666626,4.884854809343043,0.10115542778424459,0.00045530302082497087,-0.0003462886464563192,-0.0003464794068551621,1.0011031861738886,-2.4366883508360576e-09,0.0002226493691760515,-0.00157782074336788,-0.00157782074336788,0.1423409567899434,0.9994494322171282,-2.4393764717347753e-09,4.883712862347952,0.1011741665974985,0.0036904376666666654,0.0013237841808135934,0.0009824076995342164,0.0005148444447370406,0.0032930326916666636,4.887118326112766,0.1004121538990836,0.0034054637648139874,-0.0007620126984149017,-0.0007629434279121806,1.002449843903728,1.6574855069105098e-08,0.0034938862781053034,-0.010703747624411822,-0.010703747624411822,0.15077082627747526,0.9987800805889032,1.6615460876751318e-08]"
/multi_agv/m2b_algorithm_state,1789558527.4070563,1789558527.4070563,m2b_algorithm_state_v1:header6+3x20,"[1.0,-0.15,0.52,4.8858424180884885,0.10125036405460597,1789558527.406871,4.884412225595722,0.10107529009138548,0.0036904376666666654,0.0015398690758249055,0.0006967643125921788,0.0005697556337528938,0.004584685874999997,4.886798318889209,0.09853049087944986,0.002386093293487157,-0.002544799211935622,-0.0025553337636771245,1.0083584964498764,2.1538547873389042e-07,0.0004272828531818218,0.0011724377838115733,0.0011724377838115733,0.15477667124721314,0.9958774263107051,2.1718577749324257e-07,4.885392687255508,0.1015016506617171,0.002796189458333334,-0.0009432282348443835,0.0016670863193528618,0.0007537537815370254,-0.0017884964166666626,4.886039040648123,0.10188818478101325,0.0006463533926153175,0.0003865341192961502,0.0003862977576932713,0.9987788124566587,-3.031798161549873e-09,0.0011942394984624182,-0.005362697350111936,-0.005362697350111936,0.14247230907761385,1.0006118637713308,-3.028095767401063e-09,4.884706062595941,0.10117425745051169,0.0036904376666666654,0.0013232864361934359,0.0009824311129115419,0.0005150480189281487,0.0032930326916666636,4.888178776844415,0.10080107994692555,0.0034727142484740625,-0.00037317750358613344,-0.00037340006731290067,1.0011944846313423,3.9726096342133414e-09,0.003967492743279678,-0.012574893892902941,-0.012574893892902941,0.15078041858104488,0.9994039537047519,3.977354855367732e-09]"
/multi_agv/m2b_algorithm_state,1789558527.4170654,1789558527.4170654,m2b_algorithm_state_v1:header6+3x20,"[1.0,-0.15,0.52,4.8868425351735665,0.10125036378525376,1789558527.4169273,4.8854176408975345,0.10107520396771857,0.0036904376666666654,0.0015404800261488256,0.0006967088430467779,0.0005695196645675302,0.004584685874999997,4.887813109196451,0.09909444922128428,0.002395468298916903,-0.0019807547464342906,-0.00198710992860419,1.0064647649708252,1.3049133582809755e-07,0.0010072254450419387,-0.0011241586901007895,-0.0011241586901007895,0.15479640972549363,0.996801796378541,1.313349316449552e-07,4.886398126762681,0.10150170444082504,0.002796189458333334,-0.0009438927155287482,0.0016671260225766815,0.0007540211586572199,-0.0017884964166666626,4.887044267135744,0.10188818478101325,0.0006461403730630977,0.00038648034018820554,0.0003862440444277567,0.9987789825077628,-3.0330891838871657e-09,0.0011939195107566287,-0.005362199263321512,-0.005362199263321512,0.14259623241602365,1.0006117783920756,-3.029385728938124e-09,4.885711486605251,0.10117418375527429,0.0036904376666666654,0.0013236904926392135,0.000982412447096826,0.0005148825854221026,0.0032930326916666636,4.889100030812393,0.10000827346842772,0.0033885442071417415,-0.0011659102868465665,-0.00116809579648751,1.0037655025793901,3.881010541189567e-08,0.0030675844624396672,-0.008998155174225392,-0.008998155174225392,0.15077997016160735,0.9981289979404812,3.895624496393057e-08]"
/multi_agv/m2b_algorithm_state,1789558527.427041,1789558527.427041,m2b_algorithm_state_v1:header6+3x20,"[1.0,-0.15,0.52,4.887842262127221,0.10125036599448868,1789558527.4268334,4.8864177577153685,0.1010752045557763,0.0036904376666666654,0.001540474618226604,0.0006967074790781066,0.0005695227181350208,0.004584685874999997,4.8885326659084924,0.09904106788875075,0.0021149081931239877,-0.0020341366670255517,-0.002040841706507117,1.006642980035009,1.3762407178661518e-07,0.0006027935348978677,0.0003254363541662817,0.0003254363541662817,0.15481208077921588,0.9967145715122409,1.3853830574783032e-07,4.887398244282606,0.10150170299025317,0.002796189458333334,-0.000943886105837656,0.0016671273271189335,0.0007540176149982286,-0.0017884964166666626,4.887323983975041,0.1009565370077251,-7.426030756452207e-05,-0.000545165982528073,-0.0005456394858038314,1.001740680670452,-6.039036180725517e-09,-0.000638464870259484,0.001563187665064825,0.001563187665064825,0.14272327623628225,0.9991322048933816,-6.049548214273467e-09,4.886711603522724,0.10117418380973181,0.0036904376666666654,0.001323688927309405,0.0009824116107144407,0.00051488369896872,0.0032930326916666636,4.889865939702794,0.1005750056734702,0.0031543361800698833,-0.000599178136261605,-0.0005997528836736083,1.001922791958477,1.0246066762072504e-08,0.0033431673414137456,-0.010250118191257722,-0.010250118191257722,0.15078467758625794,0.9990416929578014,1.0265767816848636e-08]"
/multi_agv/m2b_algorithm_state,1789558527.4375904,1789558527.4375904,m2b_algorithm_state_v1:header6+3x20,"[1.0,-0.15,0.52,4.88884681735626,0.10125033730078682,1789558527.4373312,4.887417485207791,0.10107521099599193,0.0036904376666666654,0.0015404278322371976,0.0006967101831433452,0.0005695415913951672,0.004584685874999997,4.889490995352553,0.09874514967698515,0.0020735101447613147,-0.0023300613190067737,-0.002338878764099772,1.0076347521188151,1.8060950665475102e-07,0.0002530089168518712,0.001690211286832557,0.001690211286832557,0.15482807432893764,0.9962300546619431,1.8198841546836155e-07,4.8883979706820355,0.10150169803701464,0.002796189458333334,-0.0009438345393685162,0.0016671256644436028,0.0007539961275778856,-0.0017884964166666626,4.888329591949824,0.1009565370077251,-6.837873221154922e-05,-0.0005451610292895454,-0.0005456345239750821,1.0017406648738967,-6.038596640092709e-09,-0.0006311079392395186,0.0015371704250855714,0.0015371704250855714,0.14285046789932532,0.9991322127454706,-6.049107813151749e-09,4.887711330491836,0.10117418895045947,0.0036904376666666654,0.001323659626743709,0.0009824121966703018,0.0005148960948175223,0.0032930326916666636,4.890969359031788,0.10217748888991592,0.0032580285399523845,0.0010032999394564424,0.0010017078613620601,0.9968383732002122,2.8694936490917793e-08,0.0050742435363025406,-0.017206455667928704,-0.017206455667928704,0.15079026773100093,1.00158936368156,2.8604213810689898e-08]"
/multi_agv/m2b_algorithm_state,1789558527.4470406,1789558527.4470406,m2b_algorithm_state_v1:header6+3x20,"[1.0,-0.15,0.52,4.889843425549196,0.10125036008378542,1789558527.4468627,4.88842203119579,0.10107514359186096,0.0036904376666666654,0.00154090346764864,0.0006966632693087504,0.000569359825347168,0.004584685874999997,4.890482300715083,0.0987508887082579,0.0020602695192923903,-0.0023242548836030497,-0.0023330280626034663,1.0076152365588058,1.797653401914462e-07,0.00024230883651202165,0.001725761868431804,0.001725761868431804,0.1548487829002316,0.9962395741649903,1.8113429578207828e-07,4.889402537286723,0.10150173791731935,0.002796189458333334,-0.0009443500908113732,0.0016671597913902048,0.0007542018495975689,-0.0017884964166666626,4.889439006698983,0.10200467008156552,3.646941225987632e-05,0.0005029321642461698,0.0005025323701959297,0.9984131784750341,-5.138349591932037e-09,0.0005481191355207751,-0.0031202890411905337,-0.0031202890411905337,0.14297485219810263,1.0007955588016832,-5.130195948196759e-09,4.888715883586266,0.10117413039318018,0.0036904376666666654,0.0013239781303618593,0.0009823955929368026,0.0005147666724833284,0.0032930326916666636,4.892003406951098,0.10160918555631274,0.003287523364831735,0.00043505516313255277,0.0004347545142264237,0.9986201557280646,5.3990070053244555e-09,0.004544158720266092,-0.015028643576669987,-0.015028643576669987,0.15079250825120463,1.0006915371693472,5.39155721643402e-09]"
/multi_agv/m2b_algorithm_state,1789558527.4571042,1789558527.4571042,m2b_algorithm_state_v1:header6+3x20,"[1.0,-0.15,0.52,4.8908389066783515,0.10125038922910763,1789558527.4568648,4.8894186461945415,0.10107520118191442,0.0036904376666666654,0.0015404927067748792,0.000696697567481585,0.0005695200329643543,0.004584685874999997,4.891812153386625,0.0992091401878895,0.0023935071920835327,-0.0018660609940249206,-0.0018716966350155572,1.0060825741055097,1.1580900648011771e-07,0.0011201873550888586,-0.0015749134915235326,-0.0015749134915235326,0.1548634812611774,0.9969890200766484,1.1651342334411848e-07,4.890399137458147,0.10150170010421267,0.002796189458333334,-0.0009439018293029037,0.0016671357268513987,0.0007540200612817377,-0.0017884964166666626,4.890459436631344,0.10200467008156552,6.0299173197719824e-05,0.0005029699773528573,0.0005025701230922715,0.9984130590363389,-5.136683603041056e-09,0.0005779440895894213,-0.0032259240016544025,-0.0032259240016544025,0.14310363416151592,1.0007956188444418,-5.128531989414024e-09,4.8897124929949,0.10117417896522918,0.0036904376666666654,0.0013237095887213587,0.0009824064736669415,0.0005148774150672822,0.0032930326916666636,4.893159374014357,0.09892883552767845,0.0034468810194567823,-0.0022453434375507286,-0.002253515290078885,1.0073404529114673,1.4404570655262908e-07,0.0020550859842420927,-0.004909867099757853,-0.004909867099757853,0.15080174285717152,0.9963737310484941,1.451030672786777e-07]"
/multi_agv/m2b_algorithm_state,1789558527.4670112,1789558527.4670112,m2b_algorithm_state_v1:header6+3x20,"[1.0,-0.15,0.52,4.891841542874271,0.10125037204077036,1789558527.4668267,4.89041413647413,0.10107527175854908,0.0036904376666666654,0.0015399921932435054,0.0006967438538477914,0.0005697129090070054,0.004584685874999997,4.892825220770749,0.09927706157062482,0.0024110842966198476,-0.001798210187924254,-0.0018034407732469312,1.0058569287826142,1.0750053439162261e-07,0.0012104145975278782,-0.0019247916932721315,-0.0019247916932721315,0.1548780164310277,0.9970996633766575,1.0813015736564732e-07,4.891394607509028,0.10150165635955678,0.002796189458333334,-0.0009433574777595165,0.0016671024920276167,0.0007538013913474528,-0.0017884964166666626,4.891554028265556,0.10192155007253695,0.00015942075652830567,0.00041989371298016553,0.0004196148633067698,0.9986739222067842,-3.5781009476990654e-09,0.0006188908089671519,-0.003332866142211463,-0.003332866142211463,0.14323287171429946,1.0006645371691514,-3.573356107490437e-09,4.890707976051899,0.10117423956921703,0.0036904376666666654,0.0013233775231551903,0.0009824221887611007,0.0005150131781856832,0.0032930326916666636,4.894114699009138,0.09994848987163846,0.0034067229572389834,-0.0012257496975785764,-0.0012281663919084798,1.003961435958674,4.288772388593672e-08,0.0030302373046402495,-0.008837399195589643,-0.008837399195589643,0.1508123189424886,0.9980322744981256,4.305762085752415e-08]"
/multi_agv/m2b_algorithm_state,1789558527.4771676,1789558527.4771676,m2b_algorithm_state_v1:header6+3x20,"[1.0,-0.15,0.52,4.8928430498661175,0.10125036261735565,1789558527.4770715,4.891416767450394,0.10107522940551246,0.0036904376666666654,0.001540292881868755,0.0006967174083172263,0.0005695963285845732,0.004584685874999997,4.8937673196978935,0.09871387081249808,0.002350552247499138,-0.0023613585930143816,-0.0023704166299587837,1.0077400211270346,1.854815215638195e-07,0.0005677736794151389,0.0005961640467067294,0.0005961640467067294,0.15489906777047036,0.9961787152393713,1.8691715245939798e-07,4.892397249958423,0.10150168316705711,0.002796189458333334,-0.0009436844843612032,0.0016671212524554946,0.0007539333788602748,-0.0017884964166666626,4.892571223171551,0.10192155007253695,0.00017397321312806469,0.00041986690547983485,0.00041958809145567217,0.9986740069469953,-3.578883873432881e-09,0.000637054607865753,-0.0033977576150163794,-0.0033977576150163794,0.1433580972911091,1.0006644946075458,-3.5741382982791985e-09,4.891710611213996,0.10117420354974149,0.0036904376666666654,0.001323575317864751,0.0009824134154921456,0.0005149320053995728,0.0032930326916666636,4.895204228034593,0.10103400604948669,0.003493616820597012,-0.00014019750025480449,-0.00014022885764553518,1.000447568617689,5.607248593629039e-10,0.0042267921681007296,-0.013611008171794713,-0.013611008171794713,0.15081784764434833,0.9997763841818494,5.609758222131128e-10]"
/multi_agv/m2b_algorithm_state,1789558527.4871156,1789558527.4871156,m2b_algorithm_state_v1:header6+3x20,"[1.0,-0.15,0.52,4.893842742305207,0.10125036504025871,1789558527.4870403,4.892418271463844,0.10107520711746704,0.0036904376666666654,0.0015404501383084555,0.0006967022473059357,0.000569536050423064,0.004584685874999997,4.894711636064086,0.09817621832686584,0.0022933646002423203,-0.0028989887906012007,-0.0029126963120957162,1.0095597767552873,2.7968329986978894e-07,-4.599056179281592e-05,0.0029939113170680386,0.0029939113170680386,0.15491984119954763,0.9952938720601967,2.823570097787262e-07,4.893398760603409,0.10150169645402363,0.002796189458333334,-0.0009438548136812509,0.0016671322118755327,0.0007540015100039599,-0.0017884964166666626,4.893518745726161,0.10051392200374748,0.00011998512275201989,-0.0009877744502761465,-0.0009893341286977447,1.0031697572065061,-1.9830931173720265e-08,-0.0008393527252577198,0.0024684908630784605,0.0024684908630784605,0.14348386080999417,0.998423506905952,-1.9893790410719892e-08,4.892712117531099,0.10117418428057626,0.0036904376666666654,0.0013236801495021687,0.0009824080816496668,0.0005148893394145704,0.0032930326916666636,4.896143960341065,0.09974068960256026,0.0034318428099657794,-0.001433494678015998,-0.001436805157688309,1.0046437112586297,5.867891451074449e-08,0.0028529983547689155,-0.008110382518611172,-0.008110382518611172,0.15082485653347644,0.9976959439109772,5.89514024467022e-08]"
/multi_agv/m2b_algorithm_state,1789558527.4970694,1789558527.4970694,m2b_algorithm_state_v1:header6+3x20,"[1.0,-0.15,0.52,4.8948374075744985,0.1012503991563279,1789558527.4969866,4.893417964581878,0.10107521384388249,0.0036904376666666654,0.0015404013990993094,0.0006967055797016284,0.0005695554434990228,0.004584685874999997,4.8958233000987,0.09956590215941162,0.0024053355168218715,-0.0015093116844708682,-0.0015129885917032108,1.004899995235667,7.573887436544017e-08,0.0014936808043241286,-0.0030576170518054648,-0.0030576170518054648,0.15493985007383995,0.9975697720045573,7.610999448898561e-08,4.894398452296977,0.10150169148928494,0.002796189458333334,-0.0009438010001508478,0.0016671299753099333,0.0007539793470786316,-0.0017884964166666626,4.8945171564437455,0.10051392200374748,0.00011870414676895535,-0.000987769485537457,-0.0009893291483267204,1.0031697413088507,-1.982960156849692e-08,-0.0008409489648655262,0.0024741892462951214,0.0024741892462951214,0.1436104787364245,0.9984235147706895,-1.9892456275726635e-08,4.893711810036765,0.10117418978760875,0.0036904376666666654,0.0013236489682810293,0.000982408927537471,0.0005149024152505152,0.0032930326916666636,4.89702572085508,0.09855234107522476,0.0033139108183144472,-0.002621848712383995,-0.002633022508350527,1.0086076661192274,1.9644332900380411e-07,0.001509366014542532,-0.002814224905440397,-0.002814224905440397,0.15083380432689303,0.9957562854358083,1.981342475912184e-07]"
/multi_agv/m2b_algorithm_state,1789558527.5070922,1789558527.5070922,m2b_algorithm_state_v1:header6+3x20,"[1.0,-0.15,0.52,4.89584081910128,0.10125037668857813,1789558527.506956,4.894412640649346,0.1010752957756745,0.0036904376666666654,0.0015398210753853883,0.000696760249685191,0.0005697785532198544,0.004584685874999997,4.896267865168976,0.10011800276974007,0.001855224519630383,-0.0009572930059344315,-0.0009587660212048833,1.0030885667530853,3.044556331540908e-08,0.0013602646283330953,-0.002843158027405709,-0.002843158027405709,0.15495670749912122,0.9984636342570831,3.0539596470044004e-08,4.895393104429982,0.10150164132010696,0.002796189458333334,-0.0009431703733587924,0.0016670905664515345,0.0007537264913371616,-0.0017884964166666626,4.8949158616892685,0.10153137896117417,-0.00047724274071381245,2.9737641067215104e-05,2.973623829048798e-05,0.9999056671157334,-1.79481709576575e-11,-0.0005668171876017776,0.0010558586874891843,0.0010558586874891843,0.1437395231027064,1.0000471739805628,-1.7946477854923755e-11,4.894706477644167,0.10117426037320225,0.0036904376666666654,0.0013232629353178028,0.0009824277136913475,0.0005150599736989431,0.0032930326916666636,4.897438975689362,0.0978084568095443,0.002732498045195264,-0.003365803563657954,-0.0033843214698936635,1.011142703540692,3.2380309127241815e-07,3.130108660041658e-05,0.002711101017577617,0.002711101017577617,0.1508469445879252,0.9945283252786588,3.274111331240263e-07]"
/multi_agv/m2b_algorithm_state,1789558527.516965,1789558527.516965,m2b_algorithm_state_v1:header6+3x20,"[1.0,-0.15,0.52,4.896837473650147,0.10125039791143553,1789558527.5168574,4.8954160453963445,0.10107523996141218,0.0036904376666666654,0.0015402178777064262,0.0006967259533128707,0.0005696243951103377,0.004584685874999997,4.897232298945216,0.09956030962898572,0.0018162535488714937,-0.001514930332426459,-0.0015186348218255107,1.0049185459077583,7.629501256640077e-08,0.0007516821142638565,-0.00043542745076534644,-0.00043542745076534644,0.15498096667371328,0.9975606450307793,7.667027308824161e-08,4.896396524036439,0.1015016770669301,0.002796189458333334,-0.0009436023617710818,0.0016671148054783202,0.000753901135055926,-0.0017884964166666626,4.895926797851946,0.10153137896117417,-0.00046972618449370174,2.9701894244074656e-05,2.970049483810094e-05,0.9999057805181867,-1.7913245202093053e-11,-0.0005574572357790262,0.0010222112213698889,0.0010222112213698889,0.14386399470568378,1.0000471172612222,-1.7911557425412517e-11,4.895709887871056,0.10117421303739209,0.0036904376666666654,0.001323523404899689,0.0009824164955130948,0.0005149529055507676,0.0032930326916666636,4.898356836150011,0.09724465180799557,0.0026469482789552856,-0.003929561229396514,-0.003954909109289987,1.0130914186520046,4.4160282000173837e-07,-0.0006462237605958801,0.005329712789925552,0.005329712789925552,0.1508542787876159,0.993590780674597,4.4738402739628693e-07]"
/multi_agv/m2b_algorithm_state,1789558527.5271156,1789558527.5271156,m2b_algorithm_state_v1:header6+3x20,"[1.0,-0.15,0.52,4.897840774739987,0.10125037620854245,1789558527.5270422,4.896412706750641,0.1010752902785729,0.0036904376666666654,0.0015398621198784261,0.000696760469484125,0.0005697606478250041,0.004584685874999997,4.8987829669454,0.0981802494720465,0.002370260194759055,-0.0028950408065264027,-0.0029087105975073254,1.0095463245457827,2.7881475670308556e-07,5.411464594149351e-05,0.002639943731191899,0.002639943731191899,0.1550008320068499,0.9953003949610398,2.8147641285872667e-07,4.897393170246508,0.10150164683796072,0.002796189458333334,-0.00094321624521464,0.0016670897890804781,0.0007537467795755426,-0.0017884964166666626,4.897325399371917,0.09906929923222915,-6.777087459042264e-05,-0.0024323476057315635,-0.002441908716822954,1.007933736660119,-1.2028280629559338e-07,-0.002526622310060982,0.009033900557174152,0.009033900557174152,0.1439917020872037,0.9960845747322488,-1.2123709840548272e-07,4.896706543953294,0.10117425661777299,0.0036904376666666654,0.0013232857142328465,0.0009824285734909566,0.0005150496527247862,0.0032930326916666636,4.900162090929827,0.09852178979748373,0.0034555469765331637,-0.0026524668202892593,-0.0026639057410190775,1.0087111743170716,2.0100704395636004e-07,0.001655527979647377,-0.003314344968991616,-0.003314344968991616,0.15086697779577546,0.9957059589032449,2.0275805135522317e-07]"
/multi_agv/m2b_algorithm_state,1789558527.5369895,1789558527.5369895,m2b_algorithm_state_v1:header6+3x20,"[1.0,-0.15,0.52,4.898841749978408,0.10125037006032366,1789558527.5368996,4.897416001244036,0.10107523654421745,0.0036904376666666654,0.0015402440524782076,0.000696727136677921,0.0005696124339232556,0.004584685874999997,4.899786667062409,0.09918553176628708,0.0023706658183728635,-0.001889704777930365,-0.0018954851616417286,1.0061612791894816,1.18744980505167e-07,0.0010678471113243508,-0.0013797693358803859,-0.0013797693358803859,0.15502632100824607,0.9969504463404202,1.194766014824089e-07,4.898396479213571,0.10150168112378835,0.002796189458333334,-0.0009436320997395593,0.0016671134207513205,0.0007539147457377021,-0.0017884964166666626,4.898296971388191,0.09887892903980028,-9.950782537959668e-05,-0.0026227520839880725,-0.0026338846396907808,1.0085731447851483,-1.399303665246462e-07,-0.0027582694214152766,0.009926089585214591,0.009926089585214591,0.14411603122487773,0.9957733320833613,-1.4113000981670086e-07,4.897709843762355,0.10117421095762155,0.0036904376666666654,0.0013235368525226269,0.000982417628911358,0.0005149464870104897,0.0032930326916666636,4.9012634784019316,0.09987941773024886,0.003553634639576586,-0.0012947932273726925,-0.0012974912479799534,1.0041878375782367,4.7863331998405967e-08,0.003144552051490779,-0.009207679957443598,-0.009207679957443598,0.1508755975664212,0.9979205866617895,4.806377585876851e-08]"
/multi_agv/m2b_algorithm_state,1789558527.5470796,1789558527.5470796,m2b_algorithm_state_v1:header6+3x20,"[1.0,-0.15,0.52,4.899842858941944,0.1012503632555564,1789558527.5470085,4.898416974540707,0.10107522185583154,0.0036904376666666654,0.0015403479048519248,0.0006967173116311897,0.0005695725287146594,0.004584685874999997,4.900878693143865,0.10032003085258119,0.002461718603157692,-0.0007551910032503467,-0.000756106316119622,1.0024309609452855,1.8951180673929075e-08,0.002321041937827493,-0.006338133928174051,-0.006338133928174051,0.1550507663406583,0.9987894389323809,1.8997250254014446e-08,4.899397456817835,0.10150169003751065,0.002796189458333334,-0.0009437448601084981,0.0016671205182801074,0.0007539599315610351,-0.0017884964166666626,4.899551206797732,0.10112870714503445,0.00015374997989692218,-0.000372982892476198,-0.00037320424141928623,1.0011885875317226,-2.8259942742959607e-09,-0.0001810167665481335,-0.0001343381480415183,-0.0001343381480415183,0.14424137603960108,0.9994068959606501,-2.829353215855108e-09,4.898710818576682,0.10117419828762873,0.0036904376666666654,0.001323605984492503,0.0009824142424125883,0.0005149182825145101,0.0032930326916666636,4.902035761989033,0.09778300029380825,0.0033249434123510113,-0.003391197993820483,-0.003409999986170824,1.0112299771663613,3.287982340129804e-07,0.00074617927926794,0.00021610477810822992,0.00021610477810822992,0.15088642505364902,0.9944862192297381,3.324906306732861e-07]"
/multi_agv/m2b_algorithm_state,1789558527.557001,1789558527.557001,m2b_algorithm_state_v1:header6+3x20,"[1.0,-0.15,0.52,4.900837353112737,0.10125039852780449,1789558527.5569053,4.899418081280598,0.10107520613928586,0.0036904376666666654,0.0015404584879295633,0.0006967060184670962,0.0005695304696607558,0.004584685874999997,4.901872308635336,0.10061072781972807,0.0024542273547378812,-0.0004644783195577873,-0.0004648238086426371,1.001490250978968,7.1679905069027556e-09,0.0026029603847797143,-0.007476058180498972,-0.007476058180498972,0.1550759903851757,0.9992567310915964,7.178672611772901e-09,4.90039856853927,0.10150169909216489,0.002796189458333334,-0.0009438645512467973,0.0016671287919791666,0.0007540075098254606,-0.0017884964166666626,4.9005571736901565,0.10112870714503445,0.00015860515088661487,-0.0003729919471304327,-0.00037321330680875403,1.001188616362704,-2.8264898122911637e-09,-0.00017495686820048545,-0.0001559380215525449,-0.0001559380215525449,0.14436653369507016,0.9994068816028718,-2.829849424331069e-09,4.899711927005963,0.10117418453521845,0.0036904376666666654,0.0013236804781605774,0.000982410175801052,0.0005148881076916302,0.0032930326916666636,4.902934897720385,0.09784072982095532,0.0032229707144226794,-0.0033334547142631343,-0.003351613982325033,1.0110316226147606,3.177026138884622e-07,0.000677099410703316,0.0004324772576034154,0.0004324772576034154,0.15089774962890457,0.9945819333140203,3.2120738922860276e-07]"
/multi_agv/m2b_algorithm_state,1789558527.5671375,1789558527.5671375,m2b_algorithm_state_v1:header6+3x20,"[1.0,-0.15,0.52,4.9018408405393314,0.1012503756158107,1789558527.5670402,4.90041258653357,0.10107529118026767,0.0036904376666666654,0.0015398559625449063,0.0006967621758624525,0.0005697624292067132,0.004584685874999997,4.902791391716684,0.09963272314283145,0.002378805183113286,-0.001442568037436226,-0.0014459252481018045,1.0046797850741496,6.916080929029978e-08,0.0015275812307898031,-0.0032089106249866385,-0.0032089106249866385,0.15509730696842852,0.9976781575188719,6.948446701333263e-08,4.90139304925626,0.1015016467651308,0.002796189458333334,-0.000943209845045985,0.001667088430566288,0.0007537447119789903,-0.0017884964166666626,4.901270959118861,0.0983973832586649,-0.00012209013739905572,-0.003104263506465907,-0.003119915643255889,1.0102021874995144,-1.9599958614978615e-07,-0.0032725283150047088,0.011926944307659495,0.011926944307659495,0.14449454805029813,0.994983153847824,-1.9799921067751348e-07,4.9007064235483835,0.10117425763801495,0.0036904376666666654,0.001323280457556353,0.0009824293953641485,0.0005150515037916784,0.0032930326916666636,4.904172310508974,0.09997053695212132,0.0034658869605905807,-0.001203720685893625,-0.0012060509080271536,1.0038892734243723,4.135637520338991e-08,0.003126307792711072,-0.009187766783837628,-0.009187766783837628,0.15091392916640597,0.9980678907349438,4.151722145439682e-08]"
/multi_agv/m2b_algorithm_state,1789558527.577129,1789558527.577129,m2b_algorithm_state_v1:header6+3x20,"[1.0,-0.15,0.52,4.9028373361671,0.1012503978958208,1789558527.5769944,4.901416066975454,0.10107523454611755,0.0036904376666666654,0.0015402584509674536,0.000696726887554355,0.0005696063223608076,0.004584685874999997,4.903646354663309,0.09943543503237146,0.002230287687854826,-0.0016397995137460986,-0.0016441439461341517,1.005331455580311,8.940056735395645e-08,0.001143715663684381,-0.0017620882428191903,-0.0017620882428191903,0.15512560736843597,0.997357632585475,8.987720250765867e-08,4.902396545032578,0.10150168282858331,0.002796189458333334,-0.0009436480716272602,0.001667113479737914,0.0007539216383177783,-0.0017884964166666626,4.902254232854066,0.0983973832586649,-0.00014231217851179423,-0.003104299569918409,-0.003119952067066068,1.0102023052485964,-1.9609517807043142e-07,-0.003297842290205811,0.012015377066558171,0.012015377066558171,0.1446183301982806,0.9949830969158515,-1.9809580093488383e-07,4.901709909609964,0.10117420947273129,0.0036904376666666654,0.001323545307676408,0.0009824177814111495,0.0005149427427142946,0.0032930326916666636,4.905221177179774,0.10050723245706478,0.00351126756981035,-0.0006669770156665089,-0.0006676895552438365,1.002142003176296,1.2695217962795819e-08,0.003721394907019101,-0.011556513456155444,-0.011556513456155444,0.15092484249648522,0.9989328280310338,1.2722411159995898e-08]"
/multi_agv/m2b_algorithm_state,1789558527.5870962,1789558527.5870962,m2b_algorithm_state_v1:header6+3x20,"[1.0,-0.15,0.52,4.90384293130425,0.10125036149705328,1789558527.586979,4.902412569681081,0.10107528764239529,0.0036904376666666654,0.0015398828898051933,0.0006967628255390322,0.0005697504194428853,0.004584685874999997,4.905095528706063,0.1004202281505903,0.0026829590249821678,-0.0006550594918049851,-0.0006557476511332028,1.0021062508493557,1.425354473082617e-08,0.002697951130094507,-0.007721309697198578,-0.007721309697198578,0.15514985267781506,0.9989505729421545,1.4283566271521801e-08,4.903393032010727,0.10150165071605123,0.002796189458333334,-0.000943240483509679,0.001667087530881517,0.0007537584606913117,-0.0017884964166666626,4.903653381997262,0.09954841986609006,0.00026034998653479136,-0.001953230849961171,-0.0019593740456745464,1.0063366588529914,-7.754141250287698e-08,-0.0016339365625060573,0.005690134509054952,0.005690134509054952,0.14474504353833986,0.9968647151742484,-7.803276598088679e-08,4.902706406809491,0.10117425532901586,0.0036904376666666654,0.0013232950170856757,0.0009824302926027435,0.0005150447261213931,0.0032930326916666636,4.906215285030077,0.09831347968801436,0.003508878220586098,-0.002860775641001498,-0.0028741026658463268,1.009417295779005,2.3385181196165715e-07,0.0015119951098862957,-0.002713549660851792,-0.002713549660851792,0.15094073592371124,0.9953630658350529,2.3605406364335635e-07]"
/multi_agv/m2b_algorithm_state,1789558527.596975,1789558527.596975,m2b_algorithm_state_v1:header6+3x20,"[1.0,-0.15,0.52,4.904837364407647,0.10125039722934052,1789558527.5968895,4.903418153503373,0.1010751990677666,0.0036904376666666654,0.0015405111463914424,0.0006967055978503109,0.0005695078632066833,0.004584685874999997,4.906232427023562,0.10155790115760803,0.002814273520189481,0.0004827020898414275,0.0004823316185192245,0.9984678113672558,7.736601293032522e-09,0.0040001735187560755,-0.012901915007791122,-0.012901915007791122,0.15518091060044292,1.0007680842556834,7.724747360475264e-09,4.904398640804626,0.10150170593912604,0.002796189458333334,-0.0009439237603185301,0.0016671285011282677,0.0007540333262182758,-0.0017884964166666626,4.9046476286099665,0.09954841986609006,0.00024898780534066134,-0.0019532860730359786,-0.0019594296141154204,1.0063368372589212,-7.760195397988297e-08,-0.0016481948574395937,0.005739737373834011,0.005739737373834011,0.14486766977530077,0.9968646278308827,-7.809370493322778e-08,4.9037119996047505,0.1011741794842672,0.0036904376666666654,0.0013237107777337481,0.0009824110042553798,0.0005148745431153134,0.0032930326916666636,4.90709797532017,0.09791957884916751,0.0033859757154193204,-0.0032546006350996914,-0.0032719006828125304,1.0107611526805933,3.028413387556106e-07,0.0009605689614616201,-0.0005973092829013359,-0.0005973092829013359,0.15095158340252465,0.9947125388604497,3.06100260639955e-07]"
/multi_agv/m2b_algorithm_state,1789558527.6070979,1789558527.6070979,m2b_algorithm_state_v1:header6+3x20,"[1.0,-0.15,0.52,4.905843092305564,0.10125036000185032,1789558527.6070108,4.90441259776516,0.10107528552732362,0.0036904376666666654,0.0015398983656602634,0.0006967621752368201,0.000569744049559606,0.004584685874999997,4.907241173353567,0.1013962654183564,0.0028285755884072117,0.00032097989103278823,0.00032081587651249405,0.9989792782826415,3.4199875204791804e-09,0.0038565353620215086,-0.01231096170865175,-0.01231096170865175,0.15520532585806224,1.0005112419063455,3.4164966649439323e-09,4.90539306038909,0.10150165249194079,0.002796189458333334,-0.0009432578832079654,0.0016670879443294595,0.0007537657878008142,-0.0017884964166666626,4.905769659020269,0.09867158021605664,0.00037659863117855963,-0.0028300722758841518,-0.0028430546550156977,1.009272430723728,-1.6288407518873008e-07,-0.002372306366042498,0.008654466180700846,0.008654466180700846,0.1449948565986239,0.9954336512283918,-1.6439440649191608e-07,4.904706435068691,0.10117425366875715,0.0036904376666666654,0.00132330460128928,0.0009824302870168116,0.0005150405746553359,0.0032930326916666636,4.9081866221907315,0.09924105084925405,0.0034801871220402347,-0.0019332028195030992,-0.0019392463199727078,1.006297840457471,1.0672515493635445e-07,0.002410987582577586,-0.006311772036412177,-0.006311772036412177,0.15096976294125392,0.9968835828603281,1.0739729293494248e-07]"
/multi_agv/m2b_algorithm_state,1789558527.6176677,1789558527.6176677,m2b_algorithm_state_v1:header6+3x20,"[1.0,-0.15,0.52,4.906837224636006,0.10125039767435422,1789558527.6175728,4.905418314068209,0.10107519506977261,0.0036904376666666654,0.001540539861718984,0.0006967035301851609,0.0005694964918004389,0.004584685874999997,4.9080972490897725,0.10062688403232863,0.0026789350215636887,-0.00044831103744398526,-0.0004486328547333003,1.0014381164186181,6.677954787825291e-09,0.0029000359222213106,-0.008536697918225533,-0.008536697918225533,0.1552378060868513,0.9992826711509875,6.687558464248452e-09,4.906398802294223,0.10150170877470106,0.002796189458333334,-0.0009439554913292991,0.0016671299659769545,0.0007540463185522622,-0.0017884964166666626,4.9065880993241935,0.09677566054192528,0.00018929702997017017,-0.004726048232775781,-0.004762772308422142,1.015817034952573,-4.551106643937642e-07,-0.0045261510209594295,0.01694026957682827,0.01694026957682827,0.14511718232672327,0.9922893488774552,-4.623091656797691e-07,4.905712160554261,0.10117417616107725,0.0036904376666666654,0.0013237293541925278,0.0009824104790897795,0.000514866764120115,0.0032930326916666636,4.909282281411323,0.10041572158621494,0.003570120857061987,-0.0007584545748623162,-0.0007593766079192822,1.0024383062585052,1.6419707000356654e-08,0.0037032744634082015,-0.011446871052265346,-0.011446871052265346,0.1509818006563783,0.9987858026605633,1.6459743274698443e-08]"
/multi_agv/m2b_algorithm_state,1789558527.62722,1789558527.62722,m2b_algorithm_state_v1:header6+3x20,"[1.0,-0.15,0.52,4.907843351932532,0.101250357865129,1789558527.6270847,4.90641245814949,0.10107528630535834,0.0036904376666666654,0.001539893160256772,0.0006967631094298094,0.0005697458199688169,0.004584685874999997,4.908974210804127,0.10113780375931748,0.002561752654636429,6.25174539591461e-05,6.251121980718478e-05,0.9998006099279939,1.2976255025979e-10,0.003264702038102721,-0.010080509519097156,-0.010080509519097156,0.15526362610625188,1.0000997285284234,1.2973667689555e-10,4.907392920395767,0.10150165230435533,0.002796189458333334,-0.0009432527069376771,0.0016670872792845515,0.0007537638900033394,-0.0017884964166666626,4.907378005699999,0.0991951111200729,-1.4914695768197817e-05,-0.002306541184282432,-0.002315130674573053,1.007512731340967,-1.0815727234857162e-07,-0.0023337740442833004,0.008303303829889818,0.008303303829889818,0.14524402947162982,0.9962898464501553,-1.0896982887829824e-07,4.90670629536276,0.10117425441334899,0.0036904376666666654,0.0013233008303206143,0.0009824307583427682,0.0005150419640630112,0.0032930326916666636,4.90988000963329,0.09829465782092635,0.003173714270530148,-0.002879596592422637,-0.0028931014617376207,1.0094812543814158,2.3694286784206311e-07,0.0010740413764250643,-0.0011663508954392388,-0.0011663508954392388,0.1510011407784618,0.995332044349778,2.391893834459359e-07]"
/multi_agv/m2b_algorithm_state,1789558527.6372728,1789558527.6372728,m2b_algorithm_state_v1:header6+3x20,"[1.0,-0.15,0.52,4.908852132166238,0.10125030222564353,1789558527.6372464,4.907418573031297,0.1010751896791227,0.0036904376666666654,0.0015405783064949435,0.0006967003114329625,0.0005694815018175727,0.004584685874999997,4.910076384705753,0.10196056017159033,0.002657811674455779,0.0008853704924676326,0.0008841279141917027,0.9972024899984511,2.602169061468365e-08,0.004206392507261426,-0.013838309784051135,-0.013838309784051135,0.15529770939395432,1.0014054281693683,2.5948894674931862e-08,4.908399062699954,0.10150171233357273,0.002796189458333334,-0.0009439977139244111,0.0016671323022645623,0.0007540634053312123,-0.0017884964166666626,4.9083697594129285,0.0991951111200729,-2.9303287025328473e-05,-0.0023066012134998343,-0.002315191147844587,1.0075129259050672,-1.0824830661402143e-07,-0.0023518202566262477,0.00836611693327892,0.00836611693327892,0.14536593129121403,0.9962897515599305,-1.0906156812096157e-07,4.907712420066346,0.10117417158269155,0.0036904376666666654,0.0013237546533127463,0.0009824095124979513,0.0005148563007234147,0.0032930326916666636,4.910728333006192,0.09714356694195833,0.0030159129398459328,-0.0040306046407332236,-0.004057293104396911,1.0134432338536767,4.6471588352170315e-07,-0.0002874019295894953,0.004118253131315317,0.004118253131315317,0.15101422588859445,0.9934221011455235,4.709631678194034e-07]"
/multi_agv/m2b_algorithm_state,1789558527.6472776,1789558527.6472776,m2b_algorithm_state_v1:header6+3x20,"[1.0,-0.15,0.52,4.909844120857035,0.10125035514310105,1789558527.647144,4.908427335316067,0.10107505894117676,0.0036904376666666654,0.0015415011043134847,0.0006966092111859719,0.0005691288929246472,0.004584685874999997,4.911109858262079,0.10209074469628912,0.0026825229460119004,0.0010156857551123638,0.0010140520829597466,0.9967954784928154,3.426285859225001e-08,0.004367205765474622,-0.014476129520599533,-0.014476129520599533,0.15532543776366414,1.0016110337723967,3.415306252499352e-08,4.909407865022576,0.10150178976883598,0.002796189458333334,-0.000944998241262783,0.0016671985690130953,0.0007544626295773321,-0.0017884964166666626,4.909538738039276,0.09922867064478172,0.0001308730167002281,-0.002273119124054257,-0.0022814593739487513,1.007401069620413,-1.0523757607904166e-07,-0.002117868103073466,0.007527543503521269,0.007527543503521269,0.14549425593077928,0.9963443355644511,-1.0601644670628616e-07,4.908721196160072,0.10117405796691786,0.0036904376666666654,0.0013243728424024285,0.0009823772966877538,0.0005146050971713795,0.0032930326916666636,4.911685221842861,0.09743236274099604,0.0029640256827887512,-0.003741695225921826,-0.0037646450115233683,1.0124393948574948,4.005975055673989e-07,-5.961290803742922e-05,0.0031957859634639788,0.0031957859634639788,0.1510349744645162,0.9939038646323107,4.0558069611807924e-07]"
/multi_agv/m2b_algorithm_state,1789558527.6570015,1789558527.6570015,m2b_algorithm_state_v1:header6+3x20,"[1.0,-0.15,0.52,4.9108371072754275,0.10125040009991022,1789558527.6569047,4.909419339957852,0.10107519135708327,0.0036904376666666654,0.001540558183645928,0.0006966897111622564,0.0005694957378955312,0.004584685874999997,4.911935813064638,0.10024419080861233,0.0025164731067857105,-0.0008310005484709476,-0.0008321094860073237,1.0026772850533086,2.2951299477173762e-08,0.002313481897474814,-0.006274984374055423,-0.006274984374055423,0.15536089584893986,0.998667317756829,2.3012746648218007e-08,4.9103998347852595,0.10150170402080871,0.002796189458333334,-0.0009439703998054419,0.0016671417846731984,0.0007540466331230067,-0.0017884964166666626,4.910529099709514,0.09922867064478172,0.00012926492425435754,-0.002273033376026995,-0.0022813730009257262,1.007400791783499,-1.0511521743222936e-07,-0.0021197918456077793,0.007535309014791291,0.007535309014791291,0.14561372475313838,0.9963444711165832,-1.0589315326972252e-07,4.909713187827994,0.10117417005141115,0.0036904376666666654,0.001323754686067288,0.0009824032969850908,0.000514859519481973,0.0032930326916666636,4.91277254082003,0.09869703164004938,0.0030593529920359686,-0.002477138411361768,-0.002487101942009817,1.0081193657436525,1.7535423091070485e-07,0.0013370892980351435,-0.0022748730501597836,-0.0022748730501597836,0.15104865492918773,0.9959939194772217,1.7677799604616574e-07]"
/multi_agv/m2b_algorithm_state,1789558527.6670911,1789558527.6670911,m2b_algorithm_state_v1:header6+3x20,"[1.0,-0.15,0.52,4.911843783420573,0.1012503566191157,1789558527.6670067,4.9104123405194775,0.10107529989116135,0.0036904376666666654,0.001539788925285425,0.0006967612759790852,0.0005697919551135437,0.004584685874999997,4.912584741911969,0.09904670712347685,0.0021724013924915297,-0.002028592767684495,-0.0020352610219587968,1.0066244535141486,1.3681343487667233e-07,0.0006802407186556154,4.931991495548999e-05,4.931991495548999e-05,0.15538928858819642,0.996723636819869,1.3771974911612386e-07,4.9113928040497195,0.1015016370664137,0.002796189458333334,-0.0009431341109257412,0.001667090322873932,0.0007537108995104014,-0.0017884964166666626,4.9108449494247655,0.0991538003358216,-0.0005478546249539917,-0.0023478367305920927,-0.0023567393153339634,1.0076507970241468,-1.1205371427036195e-07,-0.003041557596526453,0.010811907767998988,0.010811907767998988,0.1457399976779954,0.9962224991606214,-1.1291101449404623e-07,4.9107061772570875,0.10117426334215565,0.0036904376666666654,0.001323243947494977,0.0009824277045033195,0.0005150682089385657,0.0032930326916666636,4.91344347311277,0.0976471786511429,0.002737295855682831,-0.003527084691012747,-0.0035474444369915955,1.0116977471262008,3.556096392400044e-07,-0.00012582461738805699,0.003332666253412634,0.003332666253412634,0.1510705814689574,0.9942607287188083,3.5976947087547344e-07]"
/multi_agv/m2b_algorithm_state,1789558527.6772296,1789558527.6772296,m2b_algorithm_state_v1:header6+3x20,"[1.0,-0.15,0.52,4.912841818523575,0.10125036973071826,1789558527.6771502,4.911419003243443,0.101075193839157,0.0036904376666666654,0.0015405411545960476,0.0006966932689971726,0.0005695012686854264,0.004584685874999997,4.913571778072941,0.09953953240209161,0.0021527748294980498,-0.0015356614370653915,-0.0015394686054172088,1.0049870217675203,7.841498937895988e-08,0.0011514999314553534,-0.0018371917689649548,-0.0018371917689649548,0.1554262937897367,0.9975269594076681,7.880604663789263e-08,4.912399496374278,0.10150170333201032,0.002796189458333334,-0.0009439519088778135,0.0016671388611166904,0.0007540401386838258,-0.0017884964166666626,4.911833994007507,0.0991538003358216,-0.00056550236677122,-0.002347902996188714,-0.002356806079988862,1.0076510118829962,-1.1215717834946605e-07,-0.003063684038452887,0.010889003000648689,0.010889003000648689,0.1458612460313082,0.9962223944194042,-1.1301529425378113e-07,4.911712850643997,0.10117417268617981,0.0036904376666666654,0.0013237409717015533,0.0009824048086994443,0.0005148646778046191,0.0032930326916666636,4.9143007205407025,0.0960692179168611,0.0025878698967058966,-0.005104954769318715,-0.005148113257938418,1.0172318791785888,7.459553583638378e-07,-0.0019132758870560474,0.010245766201598356,0.010245766201598356,0.1510861003631699,0.9916166396391624,7.588095709717844e-07]"
/multi_agv/m2b_algorithm_state,1789558527.6870713,1789558527.6870713,m2b_algorithm_state_v1:header6+3x20,"[1.0,-0.15,0.52,4.913844559024465,0.10125035248079124,1789558527.6869457,4.912417042362166,0.10107522647038879,0.0036904376666666654,0.0015403087824239986,0.0006967134854225065,0.0005695914768206298,0.004584685874999997,4.9147162005883835,0.10113336218654487,0.0022991582262177346,5.813571615607971e-05,5.81303250782857e-05,0.9998145754681375,1.1224099871927749e-10,0.002932078107850454,-0.008896882535871651,-0.008896882535871651,0.1554593603690439,1.00009274122907,1.1222018648463418e-10,4.913397526693123,0.10150168231427614,0.002796189458333334,-0.0009436984776395869,0.001667124508641038,0.0007539377506737138,-0.0017884964166666626,4.9131116273097115,0.10124363446765401,-0.00028589938341117005,-0.00025804784662213087,-0.000258153704278956,1.0008212512938917,-1.3525020815731174e-09,-0.0006155279335429186,0.0013554584643331127,0.0013554584643331127,0.14598509765062403,0.9995899432970724,-1.3536128256576004e-09,4.9127108865154385,0.10117420040748978,0.0036904376666666654,0.0013235881306228902,0.0009824113849096873,0.0005149275077627946,0.0032930326916666636,4.9151650442518005,0.09562064706670453,0.0024541577363619282,-0.00555355334078525,-0.005604802127120215,1.0188399879813597,8.829526937274938e-07,-0.002537104956667805,0.012597549959110032,0.012597549959110032,0.1511063419331474,0.9908562719659655,8.99587511865429e-07]"
/multi_agv/m2b_algorithm_state,1789558527.6971724,1789558527.6971724,m2b_algorithm_state_v1:header6+3x20,"[1.0,-0.15,0.52,4.914840216169354,0.10125038073132557,1789558527.6969535,4.913419777402264,0.10107518558436875,0.0036904376666666654,0.0015405974934452385,0.0006966856895624924,0.0005694807905533422,0.004584685874999997,4.915583933727164,0.09999095765815487,0.0021641563249001905,-0.0010842279262138765,-0.0010861192894136274,1.0035031248741615,3.907799394969734e-08,0.0016190761167116108,-0.0036986500690762143,-0.0036986500690762143,0.15549400013868328,0.9982586045398641,3.921488904233486e-08,4.914400273883507,0.10150170679637573,0.002796189458333334,-0.0009440113861918448,0.0016671445771239135,0.0007540629467534393,-0.0017884964166666626,4.913511652819556,0.09962065419593451,-0.0008886210639502679,-0.0018810526004412187,-0.0018867470551316076,1.0060975264769494,-7.197179582520254e-08,-0.0029975233850694427,0.010466926673853887,0.010466926673853887,0.14610874429713963,0.9969818663954444,-7.24106457558403e-08,4.913713625787626,0.10117416506162927,0.0036904376666666654,0.001323780633520876,0.0009824016343058968,0.000514849137120979,0.0032930326916666636,4.916148032474784,0.09687704831873162,0.0024344066871586634,-0.00429711674289765,-0.004327512020967373,1.0143748773246566,5.283015917578189e-07,-0.001284503662019044,0.00771780435944437,0.00771780435944437,0.15112662399681553,0.9929762695233533,5.358958623297583e-07]"
/multi_agv/m2b_algorithm_state,1789558527.7070298,1789558527.7070298,m2b_algorithm_state_v1:header6+3x20,"[1.0,-0.15,0.52,4.915844745972644,0.10125035165921427,1789558527.706932,4.914415443352246,0.1010752545242418,0.0036904376666666654,0.0015401080567881268,0.0006967301557320837,0.0005696698119997898,0.004584685874999997,4.916460422283022,0.09823971442794231,0.0020449789307761534,-0.0028355400962994937,-0.0028486479044284633,1.0093438891334503,2.6750422902854276e-07,-0.00029242424095827146,0.0038314506486418426,0.0038314506486418426,0.15552889693462485,0.9953985860770674,2.7000375888731453e-07,4.91539592041367,0.1015016636004468,0.002796189458333334,-0.0009434786939784921,0.0016671127329477287,0.0007538486073637024,-0.0017884964166666626,4.9143734244930055,0.09908768392669919,-0.0010224959206643902,-0.00241397967374761,-0.002423395621605648,1.007872194409688,-1.1850456228671637e-07,-0.003701515522436136,0.013160774676337413,0.013160774676337413,0.14623153111439474,0.9961145643022168,-1.1943745323947238e-07,4.9147092847421465,0.10117422406928808,0.0036904376666666654,0.0013234567857877675,0.0009824165577331902,0.0005149817499155579,0.0032930326916666636,4.917200006253254,0.09656122170790654,0.0024907215111076297,-0.004613002361381541,-0.0046481137396134865,1.015486094995736,6.087978443265731e-07,-0.0015347118507289493,0.008723051421564341,0.008723051421564341,0.15114759541566727,0.9924461017524787,6.182257455770137e-07]"
/multi_agv/m2b_algorithm_state,1789558527.7170534,1789558527.7170534,m2b_algorithm_state_v1:header6+3x20,"[1.0,-0.15,0.52,4.916842479092352,0.1012503668200792,1789558527.716948,4.915419964094318,0.10107518441739463,0.0036904376666666654,0.0015406044451956374,0.0006966841397101572,0.0005694785834052831,0.004584685874999997,4.917266861005888,0.09701079482483575,0.0018468969115694733,-0.0040643895925588786,-0.004091570048760063,1.0135788110101065,5.502112173760329e-07,-0.0017829489092982213,0.009579851927010614,0.009579851927010614,0.15556518624286525,0.993356961783064,5.576824315124227e-07,4.9164004612115955,0.10150170668550564,0.002796189458333334,-0.0009440176726874011,0.0016671457168522252,0.000754065078874086,-0.0017884964166666626,4.915435112052359,0.10103641669859018,-0.0009653491592365171,-0.00046528998691545975,-0.00046563469412310164,1.001484296420718,-4.399406706775655e-09,-0.001672321143168748,0.005192009193617222,0.005192009193617222,0.14635491576352389,0.9992597046311358,-4.405936730403805e-09,4.915713812612021,0.10117416387474255,0.0036904376666666654,0.0013237859368061002,0.000982400797340733,0.0005148472736979126,0.0032930326916666636,4.9180815836470755,0.09517568902375002,0.002367771035054922,-0.00599847485099253,-0.006058463637126573,1.0204502722222766,1.0305196144964461e-06,-0.0030987498433079205,0.014724025238932306,0.014724025238932306,0.15116904165214703,0.9900983500558741,1.0515940211432939e-06]"
/multi_agv/m2b_algorithm_state,1789558527.7269752,1789558527.7269752,m2b_algorithm_state_v1:header6+3x20,"[1.0,-0.15,0.52,4.917843573181762,0.10125036014750244,1789558527.7268827,4.916417701858192,0.10107522220798935,0.0036904376666666654,0.001540335256927268,0.0006967074840574126,0.0005695831228036904,0.004584685874999997,4.918702489245821,0.09693332818319453,0.0022847873876292724,-0.004141894024794826,-0.004170137380685566,1.0138497255509256,5.713230807255307e-07,-0.001314153146148976,0.007972645904848204,0.007972645904848204,0.1556030537313046,0.993227236104606,5.792357485944887e-07,4.917398188803102,0.10150168228883968,0.002796189458333334,-0.000943723994507881,0.0016671291322509774,0.0007539464062814999,-0.0017884964166666626,4.917009819302306,0.10300697198978755,-0.00038836950079623733,0.0015052897009478622,0.0015017354000993058,0.9953045874899498,-4.5966731502180735e-08,0.0010162735241040092,-0.0052509782043301,-0.0052509782043301,0.1464763041886851,1.0023667956740725,-4.5750898736039276e-08,4.916711546615762,0.10117419596340851,0.0036904376666666654,0.0013236089491352305,0.0009824083639009109,0.0005149200551196886,0.0032930326916666636,4.919101396908943,0.09379554737679234,0.002389850293181617,-0.007378648586616174,-0.0074703599251573355,1.025543547337435,1.5603185730585228e-06,-0.0044830470586803145,0.02003522699051848,0.02003522699051848,0.15118990625548784,0.987723303902358,1.6001746443909223e-06]"
/multi_agv/m2b_algorithm_state,1789558527.7370229,1789558527.7370229,m2b_algorithm_state_v1:header6+3x20,"[1.0,-0.15,0.52,4.918840452371256,0.10125038042350916,1789558527.7368894,4.917418793854904,0.1010752065946629,0.0036904376666666654,0.0015404451072298622,0.0006966967237575616,0.0005695411042099084,0.004584685874999997,4.919816552591686,0.09808114680376623,0.002397758736782052,-0.002994059790896675,-0.0030086915680354637,1.0098838159719412,2.9834561802407147e-07,-1.1493147057898851e-05,0.002914644343915516,0.002914644343915516,0.1556401892734314,0.9951368304766637,3.0129441120865644e-07,4.918399285472505,0.10150169141285348,0.002796189458333334,-0.0009438426103239106,0.0016671368722303015,0.0007539937960531345,-0.0017884964166666626,4.918037571262327,0.10300697198978755,-0.0003617142101779436,0.0015052805769340677,0.001501726319368711,0.9953046160466467,-4.597195010655859e-08,0.0010495835566462816,-0.0053699643887916764,-0.0053699643887916764,0.14659932360958886,1.0023667811634618,-4.575609414972389e-08,4.917712640217876,0.10117418243499092,0.0036904376666666654,0.001323682281250758,0.0009824045023083096,0.0005148902771439489,0.0032930326916666636,4.9201492202112025,0.09500266644661999,0.002436579993326582,-0.006171515988370929,-0.0062350980080772625,1.021080687912343,1.0908578457177125e-06,-0.003189373016419035,0.01510547638548133,0.01510547638548133,0.15121302576361353,0.9898025629069558,1.1138538795200184e-06]"
/multi_agv/m2b_algorithm_state,1789558527.7470908,1789558527.7470908,m2b_algorithm_state_v1:header6+3x20,"[1.0,-0.15,0.52,4.919844559933151,0.10125035405292775,1789558527.7469747,4.918415679443953,0.10107525571239707,0.0036904376666666654,0.0015400966362795472,0.000696729001552753,0.0005696753626457271,0.004584685874999997,4.920840390294527,0.0980605746284567,0.002424710850573497,-0.0030146810839403737,-0.003029517393958531,1.0099541842085626,3.024049537218442e-07,1.3711692583404274e-06,0.0028782155478674415,0.0028782155478674415,0.1556793101780962,0.995102748032494,3.0541514833677333e-07,4.919396156912483,0.10150166092780871,0.002796189458333334,-0.0009434633960713618,0.0016671136236814377,0.0007538415128986453,-0.0017884964166666626,4.918842125410993,0.1014473309101972,-0.0005540315014895825,-5.433001761151468e-05,-5.433470284940526e-05,1.0001725087556417,-5.993041590615822e-11,-0.0007468740797113833,0.0017318751135700031,0.0017318751135700031,0.14672037475373065,0.9999137708012581,-5.994075442763128e-11,4.918709520757331,0.1011742246303217,0.0036904376666666654,0.0013234509857136096,0.0009824154377570341,0.0005149848465618007,0.0032930326916666636,4.921280269262186,0.09610023527954666,0.002570748504854947,-0.005073989350775049,-0.005116615927616312,1.0171214349279214,7.367578491625814e-07,-0.0019031802965476276,0.010197663294735796,0.010197663294735796,0.15123531181493502,0.9916689903161988,7.493722007346538e-07]"
/multi_agv/m2b_algorithm_state,1789558527.756929,1789558527.756929,m2b_algorithm_state_v1:header6+3x20,"[1.0,-0.15,0.52,4.920837096449811,0.1012504018357251,1789558527.7568362,4.919419778825812,0.10107519194236668,0.0036904376666666654,0.001540548287186656,0.000696687433712739,0.0005695012121855884,0.004584685874999997,4.921569485097458,0.0967878410037798,0.0021497062716457904,-0.004287350938586884,-0.0043176458941108315,1.014359416029311,6.122957569011749e-07,-0.0016305130545535935,0.009139290510152602,0.009139290510152602,0.1557174789274631,0.9929834552747205,6.210879664075007e-07,4.9204002743824,0.10150170026653936,0.002796189458333334,-0.0009439538374967733,0.0016671433477464248,0.0007540386408348559,-0.0017884964166666626,4.919853333333408,0.1014473309101972,-0.0005469410489924442,-5.436935634216267e-05,-5.43740483662842e-05,1.0001726336491061,-6.00484246063873e-11,-0.0007380503596068395,0.0017000838096104323,0.0017000838096104323,0.14684386719419176,0.999913708390997,-6.005879098505017e-11,4.919713626591242,0.10117416994987719,0.0036904376666666654,0.0013237501348028588,0.0009824012504331412,0.0005148625567663965,0.0032930326916666636,4.922237037742919,0.09534379172266387,0.0025234111516772018,-0.005830378227213315,-0.005886980702529523,1.0198400886005292,9.734493960676116e-07,-0.002732716762933021,0.013387212183013692,0.013387212183013692,0.15126032599286493,0.9903851433907559,9.927627183337245e-07]"
/multi_agv/m2b_algorithm_state,1789558527.7670143,1789558527.7670143,m2b_algorithm_state_v1:header6+3x20,"[1.0,-0.15,0.52,4.921843829767692,0.10125035790484671,1789558527.7668805,4.920412330409567,0.10107530709447637,0.0036904376666666654,0.0015397323305596099,0.0006967636511479465,0.0005698152511117048,0.004584685874999997,4.922424944169245,0.09548217169574001,0.0020126137596783167,-0.0055931353987363625,-0.005645200935867871,1.0190072943095576,1.0423364670256393e-06,-0.0031294337362699747,0.014888261309514199,0.014888261309514199,0.15575761917894806,0.9907770267660978,1.06214846302398e-06,4.921392792602896,0.10150162941631494,0.002796189458333334,-0.0009430669150431829,0.0016670884592562274,0.0007536827417694986,-0.0017884964166666626,4.920868702518482,0.10378765558130393,-0.0005240900844141194,0.0022860261649889912,0.0022778772686073063,0.9929326928442804,-1.0587987114223019e-07,0.001622764663089657,-0.007785489849277024,-0.007785489849277024,0.1469642380482886,1.0035774080078805,-1.0513158557126003e-07,4.920706166336969,0.101174268996384,0.0036904376666666654,0.0013232081077655627,0.0009824273099650954,0.0005150839492447626,0.0032930326916666636,4.922797189912043,0.09379560773460081,0.002091023575073514,-0.007378661261783187,-0.007470372835800002,1.0255435704955873,1.5598508873770539e-06,-0.00485659336695811,0.021324314388252347,0.021324314388252347,0.1512840607254484,0.987723293598238,1.599695048481374e-06]"
/multi_agv/m2b_algorithm_state,1789558527.7770562,1789558527.7770562,m2b_algorithm_state_v1:header6+3x20,"[1.0,-0.15,0.52,4.922840949844744,0.10125037674094912,1789558527.776978,4.921419050220167,0.10107519961731586,0.0036904376666666654,0.0015404949911036613,0.0006966951927962475,0.0005695202779585819,0.004584685874999997,4.923431550136913,0.0962546692450353,0.0020124999167459023,-0.004820530372280557,-0.004858982242356698,1.0162414710192935,7.742837762496979e-07,-0.0023433573464243197,0.011845658910137568,0.011845658910137568,0.1557987796069144,0.9920864353565758,7.868592837623664e-07,4.922399542170882,0.10150169686373205,0.002796189458333334,-0.0009438962618386129,0.0016671372095711234,0.0007540168766560357,-0.0017884964166666626,4.92190114381856,0.10378765558130393,-0.0004983983523221269,0.0022859587175718815,0.002277810305373449,0.9929329024444883,-1.0596670299054691e-07,0.0016548123649707904,-0.00790095840848459,-0.00790095840848459,0.14708639238272578,1.003577300611561,-1.0521782596287678e-07,4.921712896912026,0.1011741772334922,0.0036904376666666654,0.0013237115407910812,0.000982404367388368,0.0005148776644711599,0.0032930326916666636,4.923720022446842,0.09368704594765041,0.00200712553481619,-0.007487131285841789,-0.0075816357309523505,1.0259502302292354,1.6067581445253434e-06,-0.005072728812432113,0.02210947908942769,0.02210947908942769,0.15130908308792826,0.9875350849784641,1.6484538882984751e-06]"
/multi_agv/m2b_algorithm_state,1789558527.787209,1789558527.787209,m2b_algorithm_state_v1:header6+3x20,"[1.0,-0.15,0.52,4.92385209982275,0.10125030504610864,1789558527.787086,4.922416176177985,0.10107524558942617,0.0036904376666666654,0.0015401685795162936,0.0006967248590875384,0.0005696463329444008,0.004584685874999997,4.924478424663902,0.09739120806099329,0.00206224848591674,-0.003684037528432882,-0.003706305177508732,1.0122558540642734,4.518144415866948e-07,-0.001128494570112807,0.007129754651106044,0.007129754651106044,0.1558416318100559,0.9939919547880248,4.5735181344691254e-07,4.923396655155516,0.10150166805355951,0.002796189458333334,-0.0009435409704415428,0.001667115932313834,0.0007538739378311482,-0.0017884964166666626,4.922580909472616,0.10335000957029826,-0.0008157456828996601,0.0018483415167387524,0.0018429965340581104,0.9942570890243256,-6.927466581571407e-08,0.0008233144304335353,-0.004721599250644925,-0.004721599250644925,0.14720596779371778,1.002900158834739,-6.887682757706483e-08,4.922710018200733,0.1011742165798617,0.0036904376666666654,0.001323495581266387,0.0009824143238315935,0.0005149660955607138,0.0032930326916666636,4.924912651174655,0.09582468510420078,0.0022026329739217587,-0.005349531475660918,-0.005397011340306777,1.0181066956904186,8.191129068723672e-07,-0.0026437201229045785,0.012887170918929,0.012887170918929,0.15133322034400576,0.9912025634833741,8.339443350131993e-07]"
/multi_agv/m2b_algorithm_state,1789558527.7971613,1789558527.7971613,m2b_algorithm_state_v1:header6+3x20,"[1.0,-0.15,0.52,4.924848851850544,0.10125032787439575,1789558527.7970722,4.923427303492405,0.10107507429381007,0.0036904376666666654,0.0015413802924309754,0.000696609819594407,0.0005691809433310043,0.004584685874999997,4.925401605999863,0.09783479939253167,0.0019743025074578924,-0.0032402749012784005,-0.003257443859433891,1.0107261805618455,3.496995072709491e-07,-0.0007895657251115254,0.005753598616072807,0.005753598616072807,0.15588000206728922,0.9947293157161351,3.534504473283257e-07,4.9244078327764615,0.10150177201862257,0.002796189458333334,-0.0009448562230130915,0.001667198861132313,0.0007544009175417671,-0.0017884964166666626,4.923614107992991,0.10335000957029826,-0.0007937247834703953,0.0018482375516756938,0.0018428931736291312,0.9942574134002465,-6.936340019433149e-08,0.0008507371942911371,-0.004820843091981514,-0.004820843091981514,0.1473322614656527,1.002899993403328,-6.896507486186219e-08,4.923721163199386,0.10117406882589329,0.0036904376666666654,0.0013243022506658152,0.000982374463050828,0.000514637169767932,0.0032930326916666636,4.92575926294014,0.09614372425772238,0.0020380997407540846,-0.005030344568170905,-0.0050722273648848605,1.0169659435920317,7.245848501392966e-07,-0.0025246026889422547,0.01234589123782393,0.01234589123782393,0.15136403126188824,0.9917427209584668,7.368781158344006e-07]"
/multi_agv/m2b_algorithm_state,1789558527.8071969,1789558527.8071969,m2b_algorithm_state_v1:header6+3x20,"[1.0,-0.15,0.52,4.9258494026343325,0.10125032585913346,1789558527.8071184,4.924424062059348,0.10107513429564427,0.0036904376666666654,0.0015409500758726156,0.000696642487478094,0.0005693504321551714,0.004584685874999997,4.926298883502624,0.09686229750354278,0.001874821443275998,-0.004212836792101493,-0.004242071528339274,1.0140981263479596,5.913243072877131e-07,-0.0018985447242442768,0.010045593962552838,0.010045593962552838,0.1559246930714534,0.9931083820622831,5.996608720844749e-07,4.925404577308505,0.10150173066807207,0.002796189458333334,-0.0009443850583473173,0.0016671763738846934,0.0007542083810289785,-0.0017884964166666626,4.924662986308657,0.10427690630743515,-0.000741590999848718,0.002775175639363081,0.002763211002217722,0.9914685138823871,-1.561992939482399e-07,0.0018362222524068244,-0.008784900109267628,-0.008784900109267628,0.14745104467130518,1.0043299759358792,-1.5486668184033955e-07,4.924717916183778,0.10117411865947089,0.0036904376666666654,0.0013240244463505646,0.0009823840292126464,0.0005147526111161879,0.0032930326916666636,4.926646030149101,0.09512386044266233,0.0019281139653228863,-0.00605025821680856,-0.006111310900837771,1.020638696964021,1.048609762352087e-06,-0.003701168444184163,0.016835011731275034,0.016835011731275034,0.15138913833053533,0.9900098874006164,1.070251701470786e-06]"
/multi_agv/m2b_algorithm_state,1789558527.8171628,1789558527.8171628,m2b_algorithm_state_v1:header6+3x20,"[1.0,-0.15,0.52,4.926852204401,0.1012503095278907,1789558527.8170505,4.925424611843456,0.1010751328394783,0.0036904376666666654,0.0015409566156744051,0.0006966369693611079,0.0005693504676391568,0.004584685874999997,4.927209737775427,0.09668219853212594,0.0017851259319705548,-0.004392934307352367,-0.004424764980339253,1.0147304022984835,6.430373499045877e-07,-0.0021933575653760593,0.011149385103749576,0.011149385103749576,0.15596881943637017,0.9928062455004232,6.52509548761633e-07,4.926405129607581,0.10150172846281219,0.002796189458333334,-0.0009443891985539852,0.0016671809197452703,0.0007542078110362033,-0.0017884964166666626,4.9257026140299285,0.10427690630743515,-0.0007025155776521075,0.0027751778446229586,0.002763213188301814,0.9914685070598158,-1.5620022828322782e-07,0.0018850687162366795,-0.008959973047730517,-0.008959973047730517,0.1475713988400981,1.004329979449938,-1.548676071383743e-07,4.9257184664519595,0.10117411627510987,0.0036904376666666654,0.0013240337832379954,0.0009823809998956712,0.0005147501396243533,0.0032930326916666636,4.927488279159791,0.09397484891788334,0.0017698127078311643,-0.007199267357226535,-0.007286456922907824,1.0248731519308143,1.48570323232046e-06,-0.005074191038118869,0.02201240061369965,0.02201240061369965,0.15141644995688747,0.9880340244094253,1.5226573545420686e-06]"
/multi_agv/m2b_algorithm_state,1789558527.8269124,1789558527.8269124,m2b_algorithm_state_v1:header6+3x20,"[1.0,-0.15,0.52,4.927838957299618,0.1012503946246845,1789558527.8268206,4.926427408088743,0.10107509727130373,0.0036904376666666654,0.0015412043064286533,0.000696608451078617,0.0005692579377000014,0.004584685874999997,4.928154595219603,0.09766419184838063,0.001727187130859953,-0.003410905422923105,-0.0034299545892153187,1.0113126058483548,3.874970178862733e-07,-0.0012709706756403776,0.007514445897580516,0.007514445897580516,0.15601303908614383,0.9944462336754809,3.918806189170336e-07,4.927407938414132,0.1015017468602788,0.002796189458333334,-0.0009446548988473386,0.001667202039395299,0.0007543119971643031,-0.0017884964166666626,4.926514235881673,0.10421675454695474,-0.0008937025324584624,0.0027150076866759437,0.0027035509843811984,0.9916477145927118,-1.4954916377067996e-07,0.0015864228188081204,-0.007861208255680594,-0.007861208255680594,0.1476924913482737,1.0042376498024015,-1.4830008647244596e-07,4.926721266700126,0.10117408445208956,0.0036904376666666654,0.0013242037046833541,0.000982369955122354,0.0005146822302976306,0.0032930326916666636,4.928581950196193,0.09621259640950333,0.0018606834960674945,-0.004961488042586226,-0.005002211054353301,1.0167208696143064,7.04802152047507e-07,-0.0026763566842689327,0.012847119217314436,0.012847119217314436,0.15144523849567593,0.9918589976863063,7.16587056935776e-07]"
/multi_agv/m2b_algorithm_state,1789558527.8369946,1789558527.8369946,m2b_algorithm_state_v1:header6+3x20,"[1.0,-0.15,0.52,4.928844444824434,0.10125035882992721,1789558527.8369074,4.927414187577633,0.10107530440745201,0.0036904376666666654,0.001539734391687724,0.0006967426948499161,0.0005698252579812793,0.004584685874999997,4.929260603117039,0.09876111499447923,0.00184641553940601,-0.0023141894129727753,-0.0023228860925885836,1.0075813840459735,1.7807519917129562e-07,-1.4866668331071139e-05,0.0026254411870772713,0.0026254411870772713,0.15606349279304585,0.9962560886461217,1.7942525564527645e-07,4.928394659211894,0.10150161754801569,0.002796189458333334,-0.0009430554159762187,0.0016671057368293773,0.0007536687699935679,-0.0017884964166666626,4.927564318931576,0.10447403689268933,-0.0008303402803182536,0.0029724193446736408,0.0029587140989145565,0.9908828205750951,-1.78912959708948e-07,0.0019207887485167396,-0.009181496164162693,-0.009181496164162693,0.1478058181311526,1.004632162926493,-1.7728177815384075e-07,4.927708025109325,0.1011742619185858,0.0036904376666666654,0.0013232303664036395,0.0009824151487867194,0.0005150806265579247,0.0032930326916666636,4.929692129571021,0.09753954038749864,0.0019841044616955017,-0.0036347215310871678,-0.0036563603727258866,1.012069265941466,3.7766711975528493e-07,-0.0011762297956065095,0.007059289707599168,0.007059289707599168,0.15146823940059503,0.9940818629913695,3.8222528466095897e-07]"
/multi_agv/m2b_algorithm_state,1789558527.847233,1789558527.847233,m2b_algorithm_state_v1:header6+3x20,"[1.0,-0.15,0.52,4.929845480128056,0.10125035268573622,1789558527.8470855,4.9284196643277145,0.10107521604198604,0.0036904376666666654,0.0015403617653243261,0.0006966878529635063,0.0005695818435026255,0.004584685874999997,4.93025394757161,0.09876638284487675,0.0018342832438955625,-0.0023088331971092835,-0.0023174893276584046,1.0075633905334103,1.773235083609607e-07,-2.463527278895143e-05,0.002658085861090492,0.002658085861090492,0.1561085180751738,0.9962648671362525,1.7866467530544908e-07,4.9294001596249855,0.10150167357910897,0.002796189458333334,-0.0009437373381676077,0.0016671444016527204,0.0007539442475452823,-0.0017884964166666626,4.928636676662062,0.10462455646367631,-0.0007634829629230566,0.0031228828845673434,0.0031077723532149794,0.9904378784998076,-1.9760466531168698e-07,0.0021534186495611586,-0.010089302368751496,-0.010089302368751496,0.14792753062517283,1.0048621744564823,-1.9571514549297177e-07,4.928713510520604,0.10117418686868662,0.0036904376666666654,0.0013236425851876278,0.0009823969432623432,0.0005149114155844226,0.0032930326916666636,4.930703458796964,0.09736382346884438,0.0019899482763605647,-0.00381036339984224,-0.003834175505396288,1.0126773993338871,4.152247074545709e-07,-0.0013467401599455823,0.0077308947675269815,0.0077308947675269815,0.15149927194827034,0.9937895108034217,4.2048867688426893e-07]"
/multi_agv/m2b_algorithm_state,1789558527.8571434,1789558527.8571434,m2b_algorithm_state_v1:header6+3x20,"[1.0,-0.15,0.52,4.930843298070626,0.10125036716342029,1789558527.8570688,4.9294206978036605,0.10107520157533474,0.0036904376666666654,0.001540463351086084,0.0006966782282024297,0.0005695428165957109,0.004584685874999997,4.931315323312938,0.09812247556722854,0.0018946255092773256,-0.002952726008106199,-0.002966952164442398,1.009742851799606,2.901606983035421e-07,-0.0005986702778457411,0.004958577931643751,0.004958577931643751,0.15615590789216904,0.9952051278390351,2.929876909851837e-07,4.930401197172372,0.10150168204421219,0.002796189458333334,-0.0009438465263116418,0.0016671511329491295,0.000753988075427911,-0.0017884964166666626,4.929680464595868,0.10462455646367631,-0.0007207325765037353,0.003122874419464128,0.003107763970811513,0.9904379046060634,-1.9762644995301028e-07,0.002206848250181844,-0.010281123541150378,-0.010281123541150378,0.14804684453366246,1.0048621609602704,-1.9573672698619457e-07,4.9297145454081335,0.10117417443766172,0.0036904376666666654,0.0013237098633608318,0.000982393454567321,0.0005148840677912268,0.0032930326916666636,4.931727178036588,0.09575731769663264,0.0020126326284541918,-0.005416856741029083,-0.005465563802725369,1.0183483293379114,8.400301093822398e-07,-0.0029497730171576296,0.013978902698842537,0.013978902698842537,0.15152911976721842,0.9910883737791152,8.554432584829468e-07]"
/multi_agv/m2b_algorithm_state,1789558527.866978,1789558527.866978,m2b_algorithm_state_v1:header6+3x20,"[1.0,-0.15,0.52,4.931844060611533,0.10125036248497025,1789558527.8669064,4.930418520401347,0.10107523673243694,0.0036904376666666654,0.001540213509721279,0.0006967014560043338,0.0005696390305422292,0.004584685874999997,4.932286957197107,0.09835930620025637,0.0018684367957595427,-0.002715930532180569,-0.0027279450249379157,1.008937742742328,2.4541008907669193e-07,-0.00039239903023848737,0.0041306162775697685,0.0041306162775697685,0.15620515715380703,0.9955957716715275,2.476035013192312e-07,4.93139900948088,0.10150166007011027,0.002796189458333334,-0.0009435739617757828,0.0016671342307628123,0.0007538787200699337,-0.0017884964166666626,4.930804391014645,0.10408744249114078,-0.0005946184662350973,0.002585782421030511,0.0025753801222823647,0.9920334342634182,-1.3550988315617784e-07,0.0018321070394884931,-0.008678563006660475,-0.008678563006660475,0.1481644059641743,1.0040391314113768,-1.3443033476405761e-07,4.93071236432965,0.10117420468771367,0.0036904376666666654,0.001323543738980653,0.000982401235624675,0.0005149520288386554,0.0032930326916666636,4.9327160392935845,0.0970709906824776,0.0020036749639347207,-0.004103214005236069,-0.004130887754382838,1.0136965131973366,4.815549473125886e-07,-0.0016262940494644372,0.00883129975833193,0.00883129975833193,0.15155835766199388,0.9933007743632328,4.881505710036982e-07]"
/multi_agv/m2b_algorithm_state,1789558527.877019,1789558527.877019,m2b_algorithm_state_v1:header6+3x20,"[1.0,-0.15,0.52,4.93283730377881,0.10125040547442404,1789558527.8769348,4.931419281684948,0.10107522497457565,0.0036904376666666654,0.001540296752861796,0.0006966947754424519,0.0005696064229846444,0.004584685874999997,4.933314866824301,0.09877391239049625,0.001895585139353173,-0.0023013125840793958,-0.0023099119273044763,1.0075381161544885,1.7616187491123453e-07,5.956949688699009e-05,0.002358249799195351,0.002358249799195351,0.15625438653536688,0.9962771986570435,1.774898035863079e-07,4.932399773497632,0.10150166760779546,0.002796189458333334,-0.0009436638223808119,0.0016671386583011483,0.0007539153684756328,-0.0017884964166666626,4.931844774146827,0.10408744249114078,-0.0005549993508049411,0.0025857748833453265,0.002575372645720442,0.9920334576236267,-1.3552199434874183e-07,0.0018816234572142658,-0.008856005436865422,-0.008856005436865422,0.14828292264785845,1.004039119403621,-1.3444235263783194e-07,4.931713126652015,0.10117419487253963,0.0036904376666666654,0.0013235975618730118,0.0009823990217873845,0.0005149298502661222,0.0032930326916666636,4.933830146037106,0.09898992957143196,0.0021170193850910124,-0.0021842653011076713,-0.0021919950598899966,1.0071358714638619,1.3629855358780597e-07,0.0004542791714737689,0.0006994241990692376,0.0006994241990692376,0.15158928055375168,0.9964736422431931,1.3727116254691884e-07]"
/multi_agv/m2b_algorithm_state,1789558527.8871894,1789558527.8871894,m2b_algorithm_state_v1:header6+3x20,"[1.0,-0.15,0.52,4.933844781168926,0.10125035654056526,1789558527.8870807,4.932412538678622,0.10107532717594148,0.0036904376666666654,0.0015395737066039605,0.0006967646016944327,0.0005698835134984785,0.004584685874999997,4.934340938271875,0.09912975678614559,0.0019283995932530829,-0.0019455703897958837,-0.001951700167901253,1.0063474071254537,1.2581956006728006e-07,0.00045879932366510055,0.0007921133744811977,0.0007921133744811977,0.15630661741939172,0.9968592623978912,1.2661818803937255e-07,4.933392999745158,0.10150160590636574,0.002796189458333334,-0.0009428783481501037,0.0016670878990439064,0.0007536012958251209,-0.0017884964166666626,4.9329981501937885,0.1043925953729259,-0.00039484955136970257,0.002890989466560162,0.0028780168015604133,0.9911242813681231,-1.692232092700268e-07,0.002384454862348285,-0.010804598851684118,-0.010804598851684118,0.1483979320000634,1.0045075014825193,-1.6772123167856282e-07,4.932706372912651,0.10117428334096489,0.0036904376666666654,0.0013231146746193437,0.0009824232928786984,0.000515126538245043,0.0032930326916666636,4.9349576973370874,0.09967829722951571,0.0022513244244368735,-0.001495986111449174,-0.0014995932090281956,1.004849558133631,6.388186089352419e-08,0.0013145623215178963,-0.0026486610293192637,-0.0026486610293192637,0.15161815389867536,0.9975946159549769,6.419165969161185e-08]"
/multi_agv/m2b_algorithm_state,1789558527.8970509,1789558527.8970509,m2b_algorithm_state_v1:header6+3x20,"[1.0,-0.15,0.52,4.934837461467798,0.1012504032756583,1789558527.8969657,4.9334200011733484,0.10107520673582508,0.0036904376666666654,0.0015404289319977016,0.0006966889986042442,0.0005695521336577439,0.004584685874999997,4.934973768336773,0.09948378415014357,0.0015537671634247019,-0.0015914225856815123,-0.0015955129735673503,1.0051713515361407,8.421002641301447e-08,0.00034669598071352704,0.0010290691940767836,0.0010290691940767836,0.15635576493420467,0.9974363180032987,8.464550606246386e-08,4.9344004949843026,0.10150168208977962,0.002796189458333334,-0.0009438085381641408,0.001667141446130671,0.0007539766476430954,-0.0017884964166666626,4.933273577266277,0.10217097407054801,-0.001126917718025311,0.0006692919807683856,0.0006685848476258946,0.9978922850510444,-9.093595225492832e-09,-0.0007400622999057441,0.0013877808207209308,0.0013877808207209308,0.14851854541163356,1.0010576565487568,-9.074428518896309e-09,4.933713847349126,0.10117418079609107,0.0036904376666666654,0.001323677910484836,0.0009823981573181323,0.0005148954719834298,0.0032930326916666636,4.935271150396252,0.0990120231563468,0.0015573030471260907,-0.0021621576397442693,-0.002169730460366844,1.0070618918312062,1.3355963756249173e-07,-0.0002231016514592306,0.0030755308743352907,0.0030755308743352907,0.15165259800298378,0.996509787385621,1.3450282127597316e-07]"
/multi_agv/m2b_algorithm_state,1789558527.9070916,1789558527.9070916,m2b_algorithm_state_v1:header6+3x20,"[1.0,-0.15,0.52,4.935843487191413,0.10125036379154749,1789558527.9069498,4.934412696344568,0.10107531860339258,0.0036904376666666654,0.0015396369551497432,0.000696764164752217,0.0005698563251764653,0.004584685874999997,4.935967254448175,0.099218306478946,0.0015545581036073841,-0.0018570121244465831,-0.0018625928524666617,1.006052452669558,1.1462410739323708e-07,8.060477704256849e-05,0.002085917007993107,0.002085917007993107,0.15640979751852593,0.9970037853346813,1.1531786437802498e-07,4.935393157149043,0.10150161392728455,0.002796189458333334,-0.0009429480518358306,0.0016670870437334173,0.0007536319548787362,-0.0017884964166666626,4.934353968801191,0.1037527362726167,-0.0010391883478515496,0.00225112234533216,0.002243218288981015,0.9930378121450354,-1.0266106998572139e-07,0.0009442328541665779,-0.005341160604621675,-0.005341160604621675,0.14863272541384065,1.003523534196369,-1.0194632433108913e-07,4.934706530909784,0.10117427729629777,0.0036904376666666654,0.001323150573423517,0.0009824240842147176,0.0005151105659309237,0.0032930326916666636,4.936119627962641,0.09889833997165969,0.0014130970528567488,-0.002275937324638086,-0.002284335308024295,1.0074430207199172,1.4793824752134958e-07,-0.000517963991953359,0.004163282969715682,0.004163282969715682,0.15168258739011353,0.99632366432515,1.4903935496291923e-07]"
/multi_agv/m2b_algorithm_state,1789558527.9169223,1789558527.9169223,m2b_algorithm_state_v1:header6+3x20,"[1.0,-0.15,0.52,4.936837179057672,0.10125040397745812,1789558527.9168036,4.93541871008803,0.10107522105380012,0.0036904376666666654,0.0015403300654333288,0.0006967033960103561,0.0005695874994388005,0.004584685874999997,4.936892987147915,0.0985424777107596,0.0014742770598852317,-0.0025327433430405305,-0.0025431773809819424,1.0083177800853358,2.1341181052666272e-07,-0.0007003310561254027,0.005133836009619956,0.005133836009619956,0.15646125323734567,0.9958972433384166,2.1518692303423685e-07,4.936399197191684,0.10150167597263843,0.002796189458333334,-0.0009437022831980503,0.0016671300008130885,0.0007539365432728401,-0.0017884964166666626,4.935393669783742,0.1037527362726167,-0.0010055274079423526,0.0022510602999782775,0.0022431566823003734,0.9930380050192037,-1.0273749717020249e-07,0.0009862474223724326,-0.005492202363369942,-0.005492202363369942,0.148751921157629,1.003523435407017,-1.0202223923056396e-07,4.9357125542945255,0.10117419434820389,0.0036904376666666654,0.0013236065960514861,0.0009824040144205352,0.0005149233374210035,0.0032930326916666636,4.937163555165139,0.10000876341285425,0.0014510008706132282,-0.00116543093534964,-0.0011676146400557274,1.0037639335288204,3.877572692871165e-08,0.0006461364482108079,-0.00043817483009624884,-0.00043817483009624884,0.15171763541483385,0.9981297727596297,3.892167618740301e-08]"
/multi_agv/m2b_algorithm_state,1789558527.9270597,1789558527.9270597,m2b_algorithm_state_v1:header6+3x20,"[1.0,-0.15,0.52,4.937843673801741,0.10125036147789711,1789558527.9269311,4.936412414774838,0.10107531686986428,0.0036904376666666654,0.0015396521930408835,0.0006967682498739689,0.0005698475953361731,0.004584685874999997,4.938227202587143,0.09821173602626385,0.0018147878123047079,-0.00286358084360043,-0.0028769519872057455,1.009439251678989,2.727452292021116e-07,-0.0006084672218248607,0.004953559790088116,0.004953559790088116,0.15651669262907109,0.9953523229915623,2.7531974006479385e-07,4.937392873389802,0.10150161795137862,0.002796189458333334,-0.0009429661884000746,0.0016670829963878475,0.0007536419217614859,-0.0017884964166666626,4.936971266362569,0.1051838744375537,-0.0004216070272331507,0.003682256486175081,0.0036613373387915805,0.9887975031536835,-2.7439277715500213e-07,0.003134328554750142,-0.013885896245844364,-0.013885896245844364,0.14886588856489713,1.0057135263560295,-2.7131889293427123e-07,4.936706249008378,0.10117427711113147,0.0036904376666666654,0.0013231547804002691,0.000982426520794855,0.0005151074750020649,0.0032930326916666636,4.938622173845492,0.10117718141046933,0.0019159248371138915,2.904299337858074e-06,2.9042858956066785e-06,0.9999907433068779,2.4053056027304936e-13,0.0023978103322879712,-0.007190466520600642,-0.007190466520600642,0.15174928240772398,1.0000046284187847,2.405283337554664e-13]"
/multi_agv/m2b_algorithm_state,1789558527.9370174,1789558527.9370174,m2b_algorithm_state_v1:header6+3x20,"[1.0,-0.15,0.52,4.938837388691088,0.10125040161724665,1789558527.936971,4.937418896526518,0.10107521227770729,0.0036904376666666654,0.0015403951086124666,0.0006967024078633698,0.0005695598199265016,0.004584685874999997,4.939289032186906,0.09931786212811787,0.0018701356603880726,-0.001757350149589415,-0.001762344197687845,1.0057212162587765,1.0269473541495182e-07,0.0005753253777972458,0.0002971116599509169,0.0002971116599509169,0.1565699728071117,0.9971662470333651,1.0328227420489859e-07,4.938399383701276,0.1015016841643333,0.002796189458333334,-0.0009437746276560648,0.001667129698604164,0.0007539680593085935,-0.0017884964166666626,4.937808907596385,0.10274925088870517,-0.0005904761048904916,0.0012475667243718597,0.0012451205261281438,0.996097023184745,-3.158171532031618e-08,0.0005070253950150293,-0.0033151406268877993,-0.0033151406268877993,0.14898442079620883,1.0019646276744971,-3.1458452617635e-08,4.937712741177429,0.10117418799165073,0.0036904376666666654,0.0013236444423403802,0.0009824046671519596,0.0005149065930451576,0.0032930326916666636,4.939720343393616,0.10213867829929232,0.00200760221618701,0.0009644903076415912,0.0009630185843317143,0.9969593285228842,2.6518357570344177e-08,0.003472521354565477,-0.011481033738465735,-0.011481033738465735,0.1517855925060796,1.0015282397804381,2.6437723956860072e-08]"
/multi_agv/m2b_algorithm_state,1789558527.9469461,1789558527.9469461,m2b_algorithm_state_v1:header6+3x20,"[1.0,-0.15,0.52,4.939843380579038,0.10125036245246899,1789558527.946854,4.9384126241366815,0.10107530837212417,0.0036904376666666654,0.0015397150033784669,0.0006967667946046418,0.0005698211266382948,0.004584685874999997,4.940353046453982,0.09988155417629757,0.0019404223173005164,-0.0011937541958265963,-0.00119604887206304,1.0038617658164843,4.734828228847908e-08,0.0012294790245626055,-0.002271189804061809,-0.002271189804061809,0.15662711624800268,0.9980814527817031,4.753113026648998e-08,4.939393083078349,0.10150162565808381,0.002796189458333334,-0.0009430360596445865,0.0016670831617826565,0.0007536721225114978,-0.0017884964166666626,4.938823544728309,0.10432467181858733,-0.0005695383500397,0.002823046160503523,0.0028106696900152494,0.9913261088452161,-1.6139786236472654e-07,0.0020987467524656244,-0.009747560570274517,-0.009747560570274517,0.14909773904028403,1.0044033884636963,-1.599979148739601e-07,4.938706458858233,0.10117427082153195,0.0036904376666666654,0.0013231919594320894,0.000982426909917589,0.0005150911569701331,0.0032930326916666636,4.940662185525211,0.10163309837835259,0.001955726666977853,0.00045882755682064014,0.00045849321474490906,0.998545153527675,6.001483799530754e-09,0.0029031515484672253,-0.009206487124601941,-0.009206487124601941,0.15181856320212106,1.0007292192446449,5.992752561996292e-09]"
/multi_agv/m2b_algorithm_state,1789558527.9570007,1789558527.9570007,m2b_algorithm_state_v1:header6+3x20,"[1.0,-0.15,0.52,4.940844105062893,0.10125035826843092,1789558527.9568973,4.939418604013308,0.10107521209727728,0.0036904376666666654,0.001540398833051349,0.0006967059614559898,0.0005695563571582351,0.004584685874999997,4.941377136242119,0.09940509446642477,0.0019585322288113716,-0.0016701176308525079,-0.001674625226506493,1.0054318845258905,9.274731705379583e-08,0.0007735400595077215,-0.0004417760376354304,-0.0004417760376354304,0.15668246897835142,0.9973082958606873,9.32511097701182e-08,4.940399089367957,0.10150168653557198,0.002796189458333334,-0.0009437802956299454,0.0016671263667555891,0.0007539722493089818,-0.0017884964166666626,4.939861829973752,0.10432467181858733,-0.0005372593942052362,0.0028229852830153473,0.0028106093508944575,0.9913262971043552,-1.6151823249802033e-07,0.0021390351081379123,-0.009892693439453952,-0.009892693439453952,0.14921521421312606,1.0044032914488636,-1.6011727133710281e-07,4.93971244835585,0.1011741887245577,0.0036904376666666654,0.0013236430001130396,0.0009824066981708682,0.0005149061617725627,0.0032930326916666636,4.941809777842816,0.10151768713566973,0.0020973294869657266,0.00034349841111203094,0.0003433108594759853,0.9989094097496021,3.365060630920245e-09,0.0029649727181831438,-0.009369545500941517,-0.009369545500941517,0.15185584623616463,1.0005463026608943,3.3613907286041657e-09]"
/multi_agv/m2b_algorithm_state,1789558527.9669874,1789558527.9669874,m2b_algorithm_state_v1:header6+3x20,"[1.0,-0.15,0.52,4.941844115194662,0.10125035875764117,1789558527.9668677,4.940419327094525,0.10107520270307237,0.0036904376666666654,0.0015404647456291262,0.0006966987450384814,0.000569531540397347,0.004584685874999997,4.942261721532664,0.09811430936918908,0.001842394438138939,-0.0029608933338832882,-0.0029751991767494454,1.0097706953804126,2.917699060863944e-07,-0.0006722061290757716,0.005220362949208215,0.005220362949208215,0.1567399267777526,0.9951916352431277,2.9462070095993616e-07,4.9413998156057035,0.10150169173214492,0.002796189458333334,-0.0009438515326504315,0.001667131628432017,0.0007540003911420262,-0.0017884964166666626,4.941440550526882,0.10641752883674103,4.0734921178398054e-05,0.004915837104596116,0.00487890392917201,0.9852564037414306,-4.890202141123165e-07,0.004929822580645007,-0.020981650704236694,-0.020981650704236694,0.1493303352022947,1.007569973904031,-4.818102975131653e-07,4.94071317248845,0.10117418037007544,0.0036904376666666654,0.0013236880791187597,0.0009824040253190612,0.0005148880120820236,0.0032930326916666636,4.942822623907462,0.10148076308008228,0.0021094514190123093,0.0003065827100068308,0.00030643326272826693,0.999026207161172,2.6808031462353264e-09,0.0029432475364936537,-0.0092742741285736,-0.0092742741285736,0.15189214905329204,1.00048769927009,2.6781925993292147e-09]"
/multi_agv/m2b_algorithm_state,1789558527.977008,1789558527.977008,m2b_algorithm_state_v1:header6+3x20,"[1.0,-0.15,0.52,4.94284564335605,0.10125034956052707,1789558527.9769075,4.941419337269982,0.10107520476426306,0.0036904376666666654,0.0015404492980783738,0.0006966988308571228,0.0005695381916246463,0.004584685874999997,4.943229907176648,0.0990508604484167,0.0018105699066657266,-0.0020243443158463603,-0.002030984465063363,1.0066102725312753,1.3629908746852782e-07,0.00023222791826879542,0.001626893909066996,0.001626893909066996,0.15679846994317495,0.9967305760673089,1.3720006158245892e-07,4.942399825753612,0.10150168970691756,0.002796189458333334,-0.0009438341884271642,0.0016671316768510636,0.0007539928478291213,-0.0017884964166666626,4.942272734602628,0.10380519672155902,-0.00012709115098452628,0.002303507014641465,0.002295234122637843,0.9928800833779027,-1.0759138723940398e-07,0.0021363701839071853,-0.009632442065205124,-0.009632442065205124,0.14944479732500007,1.0036043782732342,-1.0682534553300363e-07,4.941713182560391,0.10117418180174294,0.0036904376666666654,0.0013236794094068807,0.0009824037832997685,0.0005148918959421898,0.0032930326916666636,4.9439419935597515,0.10267743773801119,0.0022288109993606753,0.0015032559362682524,0.0014996953325757496,0.9952898008111931,6.439588580448997e-08,0.004285709081776594,-0.014650498822343962,-0.014650498822343962,0.1519288620667801,1.0023742180262625,6.409256835541116e-08]"
/multi_agv/m2b_algorithm_state,1789558527.9869535,1789558527.9869535,m2b_algorithm_state_v1:header6+3x20,"[1.0,-0.15,0.52,4.94384485640973,0.10125035537672361,1789558527.9868636,4.942420862416081,0.10107518366375925,0.0036904376666666654,0.0015405977099566758,0.0006966833878118799,0.000569481893908774,0.004584685874999997,4.944330939374162,0.10045984951048892,0.0019100769580813193,-0.000615334153270336,-0.0006159411970274795,1.0019776341761097,1.2582683502032868e-08,0.0017716550005741696,-0.004458628655221709,-0.004458628655221709,0.15685767445000154,0.9990144452748525,1.260756744695366e-08,4.943401357661954,0.10150170175179798,0.002796189458333334,-0.0009439946928322543,0.0016671429177117503,0.000754056573812778,-0.0017884964166666626,4.9430667092827445,0.1043302803640824,-0.0003346483792094901,0.002828578612284416,0.0028161541213774168,0.9913096717956157,-1.6219505641442323e-07,0.002397843647365554,-0.010823357303880447,-0.010823357303880447,0.14955936740021192,1.004411864681938,-1.6078552814105325e-07,4.942714709990115,0.10117416326602394,0.0036904376666666654,0.0013237797679557144,0.0009823981609036634,0.000514851318953252,0.0032930326916666636,4.944996696127474,0.1025672847503079,0.002281986137358416,0.0013931214842839573,0.0013900609419209534,0.9956294031771751,5.5314396952648104e-08,0.004242543613618973,-0.01444058222836474,-0.01444058222836474,0.15196660928788053,1.002201732507335,5.5072640025070386e-08]"
/multi_agv/m2b_algorithm_state,1789558527.9970567,1789558527.9970567,m2b_algorithm_state_v1:header6+3x20,"[1.0,-0.15,0.52,4.944844072598035,0.10125036097747037,1789558527.9969604,4.9434200771332355,0.10107519905919526,0.0036904376666666654,0.0015404872533319072,0.0006966916108627425,0.0005695254950511345,0.004584685874999997,4.945502228888499,0.10097685784108508,0.002082151755263162,-9.834121811018448e-05,-9.835666262142665e-05,1.000314217105825,3.212438337088139e-10,0.002504333031457526,-0.007302548552957653,-0.007302548552957653,0.15691825680901383,0.9998429744276541,3.2134477401650605e-10,4.94440056881132,0.10150169106957573,0.002796189458333334,-0.0009438736522011863,0.0016671372047687427,0.000754007078556343,-0.0017884964166666626,4.944228645479617,0.1064924576604677,-0.00017192333170257257,0.004990766590891968,0.004952720750248464,0.9850446743253541,-5.040232904309612e-07,0.004737816585620248,-0.020327475074423954,-0.020327475074423954,0.14967273489956603,1.0076818061348594,-4.964854579749596e-07,4.943713923284635,0.10117417600139984,0.0036904376666666654,0.0013237087130048004,0.0009824005293884493,0.0005148808864976757,0.0032930326916666636,4.945984217862355,0.10249965423566332,0.002270294577719767,0.0013254782342634747,0.001322706266595592,0.9958384120100977,5.007298656985571e-08,0.0041605744887453005,-0.014114066836049202,-0.014114066836049202,0.15200435006375404,1.0020956789408861,4.986460343032806e-08]"
/multi_agv/m2b_algorithm_state,1789558528.007003,1789558528.007003,m2b_algorithm_state_v1:header6+3x20,"[1.0,-0.15,0.52,4.945842953058375,0.10125036852406455,1789558528.0069036,4.94441929501018,0.10107521334503049,0.0036904376666666654,0.0015403851990977136,0.00069669997570898,0.0005695653803554965,0.004584685874999997,4.946414958651731,0.09973113146992899,0.0019956636415514595,-0.0013440818751015021,-0.0013469941717912277,1.0043554557686891,6.005640954431405e-08,0.0011475853801480966,-0.0019117458419376397,-0.0019117458419376397,0.15697977627193624,0.997837929257071,6.031798257971058e-08,4.94539978301243,0.10150168157912692,0.002796189458333334,-0.0009437620525368853,0.0016671312431864038,0.0007539618049696856,-0.0017884964166666626,4.9454737242347555,0.10676659590052125,7.394122232540212e-05,0.005264914321394323,0.005222662650933063,0.9842732732814562,-5.607277734929984e-07,0.005315089178839816,-0.022555265913405512,-0.022555265913405512,0.14978569657468666,1.0080900631124838,-5.519093610357765e-07,4.944713139771494,0.10117418800825367,0.0036904376666666654,0.0013236422053673033,0.0009824031245267767,0.0005149083650701843,0.0032930326916666636,4.946927331116205,0.10145994498032014,0.002214191344711125,0.0002857569720664671,0.00028562711824974614,0.999092141079186,2.3289202718258705e-09,0.0030533662991386523,-0.009655479128408665,-0.009655479128408665,0.1520427324294733,1.0004546270589314,2.326805940781229e-09]"
/multi_agv/m2b_algorithm_state,1789558528.0170631,1789558528.0170631,m2b_algorithm_state_v1:header6+3x20,"[1.0,-0.15,0.52,4.946842774238124,0.10125036985636941,1789558528.0169818,4.945418177858509,0.10107523172201638,0.0036904376666666654,0.0015402547369845697,0.0006967119107157409,0.0005696157222860345,0.004584685874999997,4.947263318410053,0.0990345417973658,0.0018451405515440555,-0.0020406899246505766,-0.0020474385665647386,1.0066648701524048,1.384930653326206e-07,0.0002589871228653308,0.001539708070289501,0.001539708070289501,0.15704229237602785,0.9967038610953366,1.3941610363007103e-07,4.946398660583233,0.10150167009608997,0.002796189458333334,-0.0009436199465903882,0.0016671225745703566,0.0007539047160762535,-0.0017884964166666626,4.9463178601140525,0.10429434321307994,-8.080046918035322e-05,0.002792673116989969,0.0027805587347612556,0.9914164413058465,-1.5804498357189296e-07,0.002679558148285814,-0.011815254372473473,-0.011815254372473473,0.1498981387121419,1.0043568158000997,-1.5668839517908707e-07,4.945712020733386,0.10117420375408731,0.0036904376666666654,0.001323555829643074,0.0009824071266956837,0.0005149437238108332,0.0032930326916666636,4.94799165387869,0.10209381519368535,0.002279633145303883,0.0009196114395980393,0.0009182730373696803,0.9970993343403112,2.4107077782971452e-08,0.003767814468999534,-0.012510556188886076,-0.012510556188886076,0.1520816747381002,1.0014575209920054,2.4037151210290938e-08]"
/multi_agv/m2b_algorithm_state,1789558528.027046,1789558528.027046,m2b_algorithm_state_v1:header6+3x20,"[1.0,-0.15,0.52,4.94784076276747,0.10125038277378401,1789558528.0269308,4.9464179995447966,0.10107523462198457,0.0036904376666666654,0.0015402344050488336,0.0006967143440370187,0.0005696232696493356,0.004584685874999997,4.9483154353078795,0.10069631670224627,0.0018974357630829886,-0.0003789179197383058,-0.0003791477002002351,1.0012145589140957,4.769443827442599e-09,0.0019926470036535004,-0.005353814833761414,-0.005353814833761414,0.15710561328474631,0.9993939552796759,4.775236597958498e-09,4.9473984811128275,0.10150166857104274,0.002796189458333334,-0.0009435978303634438,0.0016671206241118952,0.0007538961440200082,-0.0017884964166666626,4.946508225557538,0.10370528445174003,-0.0008902555552898761,0.002203615880697285,0.002196039177767787,0.9931810314536265,-9.844502689027677e-08,0.0010832197336554418,-0.005816777145479877,-0.005816777145479877,0.15001045651077557,1.003450167467959,-9.777373334836507e-08,4.946711842056747,0.1011742063760809,0.0036904376666666654,0.0013235417532329124,0.00098240803530496,0.0005149493527678104,0.0032930326916666636,4.949095007121996,0.10260346698538145,0.002383165065249493,0.0014292606093005422,0.001426040103677216,0.9955178744415376,5.820943828037983e-08,0.004404996435239082,-0.01503871695113867,-0.01503871695113867,0.152121496867788,1.0022583555785154,5.79485362693196e-08]"
/multi_agv/m2b_algorithm_state,1789558528.0370495,1789558528.0370495,m2b_algorithm_state_v1:header6+3x20,"[1.0,-0.15,0.52,4.94883732420828,0.10125040430893828,1789558528.036843,4.947415992273501,0.10107526501064958,0.0036904376666666654,0.001540019798656048,0.000696735525476377,0.0005697052751190285,0.004584685874999997,4.949146735205687,0.10222864032740787,0.0017307429321862244,0.0011533753167582983,0.001151270890710167,0.9963667694979258,4.4135178445982826e-08,0.0033146995559429474,-0.0107958928994783,-0.0107958928994783,0.1571701572563214,1.0018279156236056,4.3974825169438395e-08,4.948396464470155,0.10150165053068914,0.002796189458333334,-0.0009433649530998737,0.001667105108053235,0.0007538032707154196,-0.0017884964166666626,4.947596704489425,0.105366912472853,-0.0007997599807296751,0.0038652619421638557,0.0038422439762914673,0.9882655522416218,-3.0242974024821697e-07,0.0028425440003793734,-0.012927718115316627,-0.012927718115316627,0.15012178619545238,1.0059907611318855,-2.988808942606944e-07,4.947709831558755,0.10117423278001329,0.0036904376666666654,0.0013233980220960467,0.0009824154999348083,0.000515007771823759,0.0032930326916666636,4.949577683454302,0.10233124425748999,0.0018678518955468348,0.0011570114774766965,0.0011548966630324478,0.996360369836059,3.8149141580865604e-08,0.0034897115324659914,-0.011638058210052774,-0.011638058210052774,0.15216152802582206,1.0018311720103994,3.801029281443943e-08]"
/multi_agv/m2b_algorithm_state,1789558528.0470567,1789558528.0470567,m2b_algorithm_state_v1:header6+3x20,"[1.0,-0.15,0.52,4.949842264557389,0.10125037182059728,1789558528.0469403,4.948412560796782,0.10107531482948293,0.0036904376666666654,0.00153966891447558,0.0006967714216614236,0.0005698386975067635,0.004584685874999997,4.95015675025514,0.10204302711920407,0.0017441894583578588,0.0009677122897211454,0.0009662287647632361,0.9969451807084116,3.1066722529990024e-08,0.0031464655877105597,-0.010105223272899488,-0.010105223272899488,0.15723583077213626,1.0015353765195272,3.0971819306678985e-08,4.94939301711857,0.10150162173589936,0.002796189458333334,-0.000942984968074705,0.0016670787308727952,0.0007536522808831991,-0.0017884964166666626,4.9488026844262185,0.10605524680540793,-0.0005903326923517582,0.004553625069508571,0.00452184609855288,0.9862853120219847,-4.193458185072042e-07,0.003783930233113182,-0.01666150395786391,-0.01666150395786391,0.1502322802838272,1.0070278753993553,-4.1359462145149246e-07,4.948706394709486,0.10117427636143259,0.0036904376666666654,0.0013231616894084498,0.0009824284321857677,0.0005151034860241353,0.0032930326916666636,4.95049723521489,0.10121224377346809,0.0017908405054036791,3.79674120355028e-05,3.796511537841994e-05,0.9998790369216044,4.1105606569384764e-11,0.002276515747133019,-0.006776644539140082,-0.006776644539140082,0.15220190096266512,1.000060493878656,4.110063430867481e-11]"
/multi_agv/m2b_algorithm_state,1789558528.0569637,1789558528.0569637,m2b_algorithm_state_v1:header6+3x20,"[1.0,-0.15,0.52,4.950837265957513,0.10125040357233966,1789558528.0568156,4.949417491282361,0.10107523420492895,0.0036904376666666654,0.0015402423640699828,0.000696721510444042,0.0005696160921833169,0.004584685874999997,4.95097597177281,0.0997445859087904,0.0015584804904493765,-0.001330648296138548,-0.001333502379459332,1.0043112703955066,5.885592804399111e-08,0.0006145982336023886,-3.5005088599126795e-05,-3.5005088599126795e-05,0.15730139860494355,0.9978597088653555,5.9109671864167235e-08,4.950397969225776,0.10150167338063715,0.002796189458333334,-0.000943609580124303,0.0016671140051620625,0.0007539046801196131,-0.0017884964166666626,4.949860098401354,0.10605524680540793,-0.0005378708244219155,0.004553573424770779,0.0045217951847536944,0.9862854692332976,-4.1961398423796743e-07,0.0038494566542263,-0.016898328921137514,-0.016898328921137514,0.15034477990872008,1.0070277928828428,-4.1385917534099725e-07,4.949711333164029,0.10117420787622573,0.0036904376666666654,0.0013235387344946651,0.000982412090146179,0.0005149485521727362,0.0032930326916666636,4.951501928010952,0.10116584752592105,0.0017905948469234545,-8.360350304686959e-06,-8.36046170222566e-06,1.000026649854193,1.993728622317568e-12,0.0022298830969520924,-0.006588549478688649,-0.006588549478688649,0.1522448330582198,0.999986675671432,1.993781754894653e-12]"
/multi_agv/m2b_algorithm_state,1789558528.0670452,1789558528.0670452,m2b_algorithm_state_v1:header6+3x20,"[1.0,-0.15,0.52,4.951842202904861,0.10125037115673881,1789558528.0668707,4.950412502803796,0.10107530957953484,0.0036904376666666654,0.0015397096828131205,0.0006967728269364315,0.0005698202951977035,0.004584685874999997,4.951849938403096,0.09859746789823767,0.0014374355992998744,-0.002477841681297166,-0.0024878241356124653,1.0081324525963393,2.0417024601953412e-07,-0.0006910296364876223,0.005076705151832351,0.005076705151832351,0.15736917766864025,0.9959874758941346,2.0583065086687092e-07,4.951392958227657,0.10150162808756258,0.002796189458333334,-0.0009430317210898853,0.0016670768104320999,0.0007536735456687427,-0.0017884964166666626,4.950437510837721,0.10349526084146463,-0.0009554473899351379,0.001993632753902047,0.0019874213086562595,0.9938159510463811,-8.054143742538571e-08,0.0007931120712373371,-0.004680731408498878,-0.004680731408498878,0.1504539662655078,1.003125379213121,-8.004336523355229e-08,4.950706336841085,0.10117427304992158,0.0036904376666666654,0.0013231834534898207,0.000982430029906123,0.0005150932211174077,0.0032930326916666636,4.952711504939535,0.10172283944986242,0.002005168098450305,0.0005485663999408447,0.0005480888095415745,0.998262382586148,8.578028469371858e-09,0.0030545489326044557,-0.009788766341707498,-0.009788766341707498,0.15228619797039614,1.000871374111195,8.563123137726958e-09]"
/multi_agv/m2b_algorithm_state,1789558528.0770538,1789558528.0770538,m2b_algorithm_state_v1:header6+3x20,"[1.0,-0.15,0.52,4.952842184591591,0.10125037145269429,1789558528.076941,4.951417429842333,0.10107522940155735,0.0036904376666666654,0.001540279819216612,0.0006967227350438421,0.0005695992199813034,0.004584685874999997,4.952833083280351,0.09908210642234389,0.001415653438018083,-0.0019931229792134603,-0.001999558372127833,1.0065060352317243,1.32109951508458e-07,-0.00022999157460522942,0.003241859577174697,0.003241859577174697,0.1574368101676016,0.9967815928736681,1.3296946350743342e-07,4.952397907012592,0.10150167924726003,0.002796189458333334,-0.0009436527589279692,0.0016671123231910556,0.0007539242715636774,-0.0017884964166666626,4.951469109164733,0.10349526084146463,-0.0009287978478589309,0.0019935815942045965,0.0019873704696710646,0.9938161104555637,-8.059032630149673e-08,0.000826373159847401,-0.00480022384117363,-0.00480022384117363,0.15056547445136087,1.0031252977883685,-8.00919646252982e-08,4.95171127185966,0.10117420482139904,0.0036904376666666654,0.0013235589068175619,0.0009824135596492312,0.0005149390439217285,0.0032930326916666636,4.953696348499396,0.10083685730838456,0.0019850766397366826,-0.00033734751301447985,-0.00033752934122770726,1.0010793610517033,3.2469731369059755e-09,0.002143816458443146,-0.006126221482460529,-0.006126221482460529,0.15233036944471343,0.9994612965718297,3.2504777932458787e-09]"
/multi_agv/m2b_algorithm_state,1789558528.0869215,1789558528.0869215,m2b_algorithm_state_v1:header6+3x20,"[1.0,-0.15,0.52,4.953838985952122,0.10125039189266412,1789558528.086826,4.952417411588587,0.10107523011452982,0.0036904376666666654,0.0015402749817753085,0.0006967230519572703,0.0005696011519695146,0.004584685874999997,4.953951255201797,0.10040308261390689,0.00153384361320974,-0.0006721475006229299,-0.0006728721251248721,1.002161614045089,1.5010887846103175e-08,0.001244432391387303,-0.002565062404764958,-0.002565062404764958,0.1575060122011658,0.998923087352136,1.504333559210057e-08,4.953397888619839,0.10150167886935775,0.002796189458333334,-0.0009436478090340044,0.0016671120847417953,0.0007539222499904075,-0.0017884964166666626,4.952804403580468,0.10417537969850205,-0.0005934850393707336,0.002673700829144296,0.002662586579662614,0.9917708781162917,-1.4488315059570785e-07,0.0019207302804491971,-0.00903828782250237,-0.00903828782250237,0.1506751233574782,1.0041742302641254,-1.436908894905601e-07,4.952711253566349,0.10117420537419528,0.0036904376666666654,0.0013235560617902444,0.000982413696787976,0.000514940205796816,0.0032930326916666636,4.9545585481860455,0.09945709367297695,0.0018472946196963491,-0.0017171117012183268,-0.0017218718889640302,1.0055802809645868,8.420328558446286e-08,0.0005872463856564062,2.0019857361878784e-05,2.0019857361878784e-05,0.15237412439803674,0.9972354576573247,8.467316357616551e-08]"
/multi_agv/m2b_algorithm_state,1789558528.0970051,1789558528.0970051,m2b_algorithm_state_v1:header6+3x20,"[1.0,-0.15,0.52,4.954838983939916,0.10125039142850427,1789558528.096911,4.953414219417386,0.10107527877339867,0.0036904376666666654,0.0015399311020299683,0.0006967558808748105,0.0005697331336500409,0.004584685874999997,4.955131644331358,0.09926957201575523,0.0017174249139717546,-0.0018057067576434382,-0.001810981342724039,1.0058818415538961,1.0839496158790545e-07,0.00033579979974065425,0.001163298543054679,0.001163298543054679,0.15757651012473686,0.9970874437211669,1.0903252357720618e-07,4.954394682067274,0.10150164954095639,0.002796189458333334,-0.0009432748761763806,0.0016670883454574792,0.0007537729448768155,-0.0017884964166666626,4.953872372246621,0.10456510789329915,-0.0005223098206537102,0.003063458352342757,0.0030489108262857336,0.9906134164200552,-1.9007131143283473e-07,0.0023960235504685958,-0.01093041748031062,-0.01093041748031062,0.1507834690972674,1.0047713845651385,-1.882871911819207e-07,4.953708056371705,0.1011742473636373,0.0036904376666666654,0.0013233271308589248,0.0009824251494359622,0.000515033481236046,0.0032930326916666636,4.955837061091558,0.09889433098505811,0.0021290047198530004,-0.0022799163785791887,-0.0022883440080823624,1.0074563700719479,1.4847620390909024e-07,0.0003729118917338882,0.0010285990073061677,0.0010285990073061677,0.15241790912232298,0.9963171492252005,1.495832974323144e-07]"
/multi_agv/m2b_algorithm_state,1789558528.1070507,1789558528.1070507,m2b_algorithm_state_v1:header6+3x20,"[1.0,-0.15,0.52,4.9558426168631415,0.1012503677996663,1789558528.1069353,4.954414217467772,0.10107527588393125,0.0036904376666666654,0.0015399535461917383,0.0006967563421548914,0.0005697231651162924,0.004584685874999997,4.956025631304031,0.09807623692601805,0.001611413836259068,-0.0029990389579132026,-0.0030137199769211085,1.0099007964447742,2.99244095316488e-07,-0.0009994526815972735,0.006385407058504577,0.006385407058504577,0.15764770635113012,0.9951286054708691,3.0220685019151713e-07,4.955394679814277,0.1015016529431298,0.002796189458333334,-0.0009433007680483031,0.0016670876230806542,0.0007537845438765622,-0.0017884964166666626,4.954803870677975,0.10332619176736547,-0.0005908091363018286,0.0018245388242356803,0.0018193296755029383,0.9943294998771702,-6.74859377612182e-08,0.0010808182551256525,-0.005630233896247508,-0.005630233896247508,0.15089218299910476,1.0028632241879427,-6.710325874285393e-08,4.954708054537702,0.10117424545845177,0.0036904376666666654,0.0013233395161239537,0.0009824258988156758,0.0005150277229320423,0.0032930326916666636,4.956948732564749,0.09987748978042955,0.002240678027047416,-0.0012967556780222184,-0.0012994619221165672,1.0041942758013604,4.8001428115789316e-08,0.0015013856116927026,-0.003400771912393272,-0.003400771912393272,0.15246301122385272,0.9979174117776836,4.8202759344166114e-08]"
/multi_agv/m2b_algorithm_state,1789558528.117117,1789558528.117117,m2b_algorithm_state_v1:header6+3x20,"[1.0,-0.15,0.52,4.9568435062662175,0.10125036245490958,1789558528.116972,4.95541784305463,0.10107521797566228,0.0036904376666666654,0.0015403649767248917,0.000696719291544667,0.0005695640988932965,0.004584685874999997,4.956930387612436,0.09772091819461466,0.0015125445578059171,-0.0033542997810476205,-0.003372714074502937,1.011117801245489,3.7452452345244444e-07,-0.0014820333772455406,0.008229794662521571,0.008229794662521571,0.1577196484791796,0.9945402150764795,3.786884126657502e-07,4.95639832155208,0.10150168947145881,0.002796189458333334,-0.0009437488467802955,0.0016671140668140794,0.0007539650153774863,-0.0017884964166666626,4.955756515235754,0.10253509469701574,-0.0006418063163264875,0.0010334052255569354,0.0010317240563146386,0.9967591102634911,-2.1672289978212698e-08,0.0002294661609065292,-0.002227825144761669,-0.002227825144761669,0.15100130278559004,1.0016294756645514,-2.1602052476055665e-08,4.955711685982716,0.10117419595187785,0.0036904376666666654,0.0013236115360697018,0.000982413561810969,0.000514916230112092,0.0032930326916666636,4.957890562804476,0.0981552384809469,0.0021788768217598786,-0.0030189574709309497,-0.003033816707938433,1.0099556707531137,2.6051663934622116e-07,-0.0003102206807385848,0.003757714044974585,0.003757714044974585,0.15250946062974885,0.9951021309334205,2.631102572332598e-07]"
/multi_agv/m2b_algorithm_state,1789558528.1269784,1789558528.1269784,m2b_algorithm_state_v1:header6+3x20,"[1.0,-0.15,0.52,4.957839099937593,0.10125039082257146,1789558528.126887,4.956418730630482,0.10107520575588401,0.0036904376666666654,0.0015404511799941602,0.0006967100620732575,0.0005695315340478842,0.004584685874999997,4.958069674674927,0.09871134695614647,0.0016509440444449908,-0.0023638587997375365,-0.0023729362017275843,1.007748436357276,1.8589393371637275e-07,-0.0003092561461713458,0.003684301715198087,0.003684301715198087,0.1577928584610252,0.9961746118654858,1.8733432103097774e-07,4.957399213227859,0.10150169647675794,0.002796189458333334,-0.0009438425029761697,0.0016671208849254882,0.0007540020655451285,-0.0017884964166666626,4.956628042629842,0.10226618199591976,-0.0007711705980169015,0.00076448551916182,0.0007635635958328185,0.9975951144861679,-1.1863940636401802e-08,-0.00020039965168830833,-0.0005753506376205207,-0.0005753506376205207,0.15110921928137178,1.0012073956040242,-1.1835409217428356e-08,4.956712574940311,0.10117418513208674,0.0036904376666666654,0.0013236702963060113,0.0009824102314584414,0.0005148924921473709,0.0032930326916666636,4.958694497750975,0.09683435273157628,0.0019819228106641162,-0.00433983240051046,-0.004370844902008816,1.0145246954960645,5.388262775460165e-07,-0.001893441388678671,0.009862986541992939,0.009862986541992939,0.15255604374653356,0.9929046895523328,5.466525651526502e-07]"
/multi_agv/m2b_algorithm_state,1789558528.1370165,1789558528.1370165,m2b_algorithm_state_v1:header6+3x20,"[1.0,-0.15,0.52,4.95884326881565,0.10125036378231107,1789558528.1369228,4.957414333140747,0.10107527424870562,0.0036904376666666654,0.001539966140006037,0.0006967548981091191,0.0005697184573416029,0.004584685874999997,4.9592632660096765,0.10001206474024602,0.0018489328689295093,-0.0010632095084596033,-0.0010650279616491382,1.0034343957974206,3.7561624134828145e-08,0.0012461381245127484,-0.002390217659238593,-0.002390217659238593,0.1578674353436379,0.9982925770449075,3.7690625618901087e-08,4.958394796175951,0.10150165431913562,0.002796189458333334,-0.0009433157953783761,0.001667088715075593,0.0007537904896924852,-0.0017884964166666626,4.9576483907797,0.10226618199591976,-0.0007464053962511485,0.0007645276767841436,0.0007636056515394178,0.9975949816428892,-1.1858629719300911e-08,-0.0001694010937745179,-0.000685183086634666,-0.000685183086634666,0.15121538216960087,1.0012074625729486,-1.1830109497135812e-08,4.95770817049608,0.10117424389987313,0.0036904376666666654,0.0013233488804145614,0.00098242556678767,0.0005150238365890566,0.0032930326916666636,4.9597322974754645,0.09761004502835938,0.0020241269793848105,-0.0035641988715137546,-0.003584995150258589,1.0118257546154341,3.631702777335273e-07,-0.001054836426027576,0.006604195010043432,0.006604195010043432,0.15260236148725392,0.994199077579412,3.67465040321623e-07]"
/multi_agv/m2b_algorithm_state,1789558528.147416,1789558528.147416,m2b_algorithm_state_v1:header6+3x20,"[1.0,-0.15,0.52,4.959847946531698,0.10125033435249947,1789558528.1472683,4.958418493591872,0.10107520828451458,0.0036904376666666654,0.0015404344489280551,0.00069671230805941,0.0005695376180292529,0.004584685874999997,4.9602839849194025,0.09944968079962373,0.001865491327530222,-0.0016255274848908513,-0.0016297961653053085,1.0052842054802709,8.786034674938515e-08,0.0007020679941074691,-0.0002097882929308387,-0.0002097882929308387,0.1579425300336433,0.9973808501300175,8.832461887517675e-08,4.959398975209775,0.1015016956433833,0.002796189458333334,-0.0009438255052087972,0.0016671191823780518,0.0007539955832166767,-0.0017884964166666626,4.9586496635334205,0.10235329343995815,-0.0007493116763548358,0.0008515977965748572,0.0008504545541703984,0.9973237388803519,-1.4720568372970862e-08,-8.618504127314627e-05,-0.0010211872913928218,-0.0010211872913928218,0.15132304122947737,1.0013442721881525,-1.4681172288175158e-08,4.9587123376453,0.10117418741903533,0.0036904376666666654,0.0013236588648917885,0.000982411272654105,0.0005148969056416055,0.0032930326916666636,4.960869784880558,0.097736205882119,0.002157447235257237,-0.0034379815369163375,-0.00345731267310375,1.0113908709223454,3.3795631373716257e-07,-0.0007605036290322035,0.005519006164491898,0.005519006164491898,0.15265086941116637,0.9944086236868886,3.4180593048433425e-07]"
/multi_agv/m2b_algorithm_state,1789558528.1571991,1789558528.1571991,m2b_algorithm_state_v1:header6+3x20,"[1.0,-0.15,0.52,4.96084104763298,0.10125037927166976,1789558528.1570363,4.959423161777582,0.10107513907558084,0.0036904376666666654,0.00154092326877384,0.0006966639705911603,0.0005693508775782978,0.004584685874999997,4.961121011624783,0.09791221384275504,0.0016978498472015602,-0.0031629252328257973,-0.003179274766585897,1.0104610542122738,3.330877799722951e-07,-0.0010569624575839467,0.006658238885969437,0.006658238885969437,0.1580191175231454,0.9948574643714557,3.3657222929603123e-07,4.960403664647309,0.10150173674257003,0.002796189458333334,-0.000944355832111392,0.0016671543468351757,0.0007542071702116848,-0.0017884964166666626,4.9596728530725205,0.10235329343995815,-0.0007308115747886035,0.0008515566973881228,0.0008504135656124258,0.9973238682851968,-1.4727415764040016e-08,-6.310090287332858e-05,-0.0011038925374344491,-0.0011038925374344491,0.151429858581971,1.0013442068917067,-1.4688003259636776e-08,4.959717013170201,0.10117412723934753,0.0036904376666666654,0.0013239865673119154,0.000982394212559923,0.0005147637333667446,0.0032930326916666636,4.961764634645297,0.09611707740381158,0.002047621475095518,-0.005057049835535954,-0.005099386949782754,1.0170610762872374,7.321357332816104e-07,-0.0025398601059133568,0.012409418804164567,0.012409418804164567,0.1526997131011634,0.9916976070528236,7.446267568797404e-07]"
/multi_agv/m2b_algorithm_state,1789558528.1672857,1789558528.1672857,m2b_algorithm_state_v1:header6+3x20,"[1.0,-0.15,0.52,4.961844736837587,0.10125035565408678,1789558528.1671684,4.960416276660835,0.10107524938988473,0.0036904376666666654,0.001540140002170014,0.0006967336966976485,0.0005696541231771986,0.004584685874999997,4.961771560257295,0.09610102457354028,0.0013552835964603105,-0.00497422481634445,-0.005015214861360309,1.0167880165217613,8.243311954209709e-07,-0.003321110365784921,0.015314682436366758,0.015314682436366758,0.15809645595738234,0.991826861630263,8.381700811491014e-07,4.961396749199953,0.10150166714200198,0.002796189458333334,-0.0009435036687697436,0.0016671047009220175,0.0007538636109966773,-0.0017884964166666626,4.960396357298869,0.1019140254555676,-0.0010003919010843632,0.00041235831356561947,0.000412089367218003,0.9986976084673688,-3.4513813581451393e-09,-0.0008384005091374509,0.00185133806218031,0.00185133806218031,0.1515343714915644,1.0006526408323324,-3.4468863082884096e-09,4.96071011703815,0.10117422128312256,0.0036904376666666654,0.0013234701756378374,0.0009824174347861543,0.0005149754897405072,0.0032930326916666636,4.962427894565607,0.09600799605306647,0.00171777752745772,-0.005166225230056096,-0.005210446194591697,1.0174505948895298,7.638407134216599e-07,-0.0030632242852695465,0.014275128406557999,0.014275128406557999,0.15274811822393508,0.9915130177178489,7.771701882717107e-07]"
/multi_agv/m2b_algorithm_state,1789558528.1770482,1789558528.1770482,m2b_algorithm_state_v1:header6+3x20,"[1.0,-0.15,0.52,4.962837231471634,0.10125040368314446,1789558528.1769218,4.961419958439802,0.10107519242340222,0.0036904376666666654,0.0015405437053403258,0.0006966960670119699,0.0005694987076441279,0.004584685874999997,4.962889974634422,0.09847292755160045,0.0014700161946192836,-0.0026022648718017766,-0.0026132853450543357,1.0085527720433614,2.2533004615570552e-07,-0.0007757651017802313,0.00542942386594124,0.00542942386594124,0.15817491579193702,0.9957829047358278,2.2725724267499535e-07,4.962400447414503,0.10150170223397795,0.002796189458333334,-0.0009439424319927711,0.0016671317307492828,0.0007540397396734871,-0.0017884964166666626,4.961412178519358,0.1019140254555676,-0.0009882688951456942,0.0004123232215896555,0.00041205432107177493,0.9986977194029673,-3.4523982289249514e-09,-0.0008232817978603428,0.0017971654493661952,0.0017971654493661952,0.15164018402231422,1.0006525851183437,-3.4479022376981922e-09,4.961713804658455,0.10117417230488018,0.0036904376666666654,0.00132373826498969,0.0009824045718106241,0.0005148659742567189,0.0032930326916666636,4.96353639401329,0.09765623224174569,0.0018225893548349248,-0.003517940063134495,-0.0035381930063306507,1.0116662379172665,3.5389831201761265e-07,-0.0012599563127869947,0.0073037640878781795,0.0073037640878781795,0.15279845736442654,0.9942759077416301,3.5802697392412916e-07]"
/multi_agv/m2b_algorithm_state,1789558528.187189,1789558528.187189,m2b_algorithm_state_v1:header6+3x20,"[1.0,-0.15,0.52,4.96385057336528,0.10125031687098907,1789558528.186991,4.962412468138294,0.10107530815830851,0.0036904376666666654,0.00153972401901014,0.0006967723911822429,0.0005698143077242615,0.004584685874999997,4.964061705076058,0.10042915750604739,0.001649236937764087,-0.0006461506522611182,-0.0006468201756868326,1.0020773959648441,1.3866965849890661e-08,0.0014147259965182762,-0.0031808214227711604,-0.0031808214227711604,0.15825459854231932,0.9989649002135664,1.3895773028791856e-08,4.963392923757933,0.10150163111319822,0.002796189458333334,-0.0009430519526341863,0.0016670768588973317,0.0007536822901612755,-0.0017884964166666626,4.962689450294157,0.10168080447653209,-0.0007034734637763052,0.00017917336333386769,0.0001791224969597503,0.9994325959661271,-6.514092982146632e-10,-0.0007002193327606311,0.0014636239498459652,0.0014636239498459652,0.15174330318729268,1.0002839753519561,-6.510396859511539e-10,4.962706302518675,0.10117427177792666,0.0036904376666666654,0.001323194199574601,0.000982430697126003,0.0005150882160752926,0.0032930326916666636,4.964887266618501,0.09720966286979438,0.0021809640998258217,-0.003964608908132286,-0.003990417728226017,1.0132133480373038,4.4941316981820975e-07,-0.00126421260344374,0.007506523874901062,0.007506523874901062,0.152847938477215,0.9935323011645687,4.5535142244356567e-07]"
/multi_agv/m2b_algorithm_state,1789558528.1970768,1789558528.1970768,m2b_algorithm_state_v1:header6+3x20,"[1.0,-0.15,0.52,4.964847822050827,0.10125033622812973,1789558528.1968842,4.963425782814763,0.10107509854644134,0.0036904376666666654,0.001541209344130991,0.000696634501672299,0.0005692422039967612,0.004584685874999997,4.965478995927384,0.10022808666637463,0.0020532131126209663,-0.0008470118800667087,-0.0008481641028384297,1.0027293667182469,2.3854600918917046e-08,0.001718352287937778,-0.004160380629773308,-0.004160380629773308,0.15833569308372594,0.9986415096231199,2.39197088727422e-08,4.964406298658177,0.10150176036409159,0.002796189458333334,-0.0009446661434861876,0.0016671758786905855,0.0007543304793075911,-0.0017884964166666626,4.9637092131831,0.10168080447653209,-0.0006970854750765199,0.00017904411244050455,0.00017899331946656766,0.9994330054379948,-6.515828804031083e-10,-0.0006923635243790821,0.001434161128522556,0.001434161128522556,0.15184930529058066,1.0002837702216387,-6.512134364532241e-10,4.9637196386229,0.10117409170243424,0.0036904376666666654,0.001324179820440694,0.0009823836310575377,0.0005146854697192353,0.0032930326916666636,4.965821931216941,0.09673403960205816,0.0021022925940412662,-0.004440052100376082,-0.00447253793808967,1.0148767718117995,5.642520981842029e-07,-0.001844672195538087,0.00973438138832002,0.00973438138832002,0.1529004502703159,0.9927365987358258,5.726463478932184e-07]"
/multi_agv/m2b_algorithm_state,1789558528.2071395,1789558528.2071395,m2b_algorithm_state_v1:header6+3x20,"[1.0,-0.15,0.52,4.965849637545529,0.10125032593760712,1789558528.2069092,4.9644230369711115,0.10107514944042593,0.0036904376666666654,0.001540844754674464,0.0006966619342790629,0.0005693859693253643,0.004584685874999997,4.9663012541992835,0.09820781187930319,0.0018782172281719411,-0.002867337561122743,-0.0028807442193569733,1.0094520542978802,2.7367401625044625e-07,-0.0005329726841420469,0.0046911621383789615,0.0046911621383789615,0.15841722735283476,0.995346112943959,2.762607979119644e-07,4.965403541082853,0.10150172534348334,0.002796189458333334,-0.0009442672574501753,0.0016671570960813398,0.0007541673460608606,-0.0017884964166666626,4.96480477515782,0.10222610826603468,-0.0005987659250337174,0.0007243829225513365,0.0007235549334372891,0.9977202268845472,-1.0656992015174663e-08,-2.4902472854857632e-05,-0.0011823451273805965,-0.0011823451273805965,0.15195246264221635,1.0011443348331743,-1.0632696491286872e-08,4.964716888098514,0.10117413390047988,0.0036904376666666654,0.0013239448040895177,0.000982391666556959,0.0005147831603516261,0.0032930326916666636,4.966781320111472,0.09682451281489944,0.0020644320129576954,-0.0043496210855804435,-0.004380775954130466,1.0145590579790276,5.41375364952989e-07,-0.0018002359379333472,0.009541677937251122,0.009541677937251122,0.1529522241534151,0.9928882762149368,5.492572802797568e-07]"
/multi_agv/m2b_algorithm_state,1789558528.2170756,1789558528.2170756,m2b_algorithm_state_v1:header6+3x20,"[1.0,-0.15,0.52,4.966839015388498,0.10125039430968624,1789558528.2169042,4.965424848817547,0.10107512778842802,0.0036904376666666654,0.0015409949915854543,0.0006966431526350897,0.0005693306170867354,0.004584685874999997,4.967177084708498,0.09835863019874966,0.0017522358909509705,-0.00271649758967836,-0.002728517168716076,1.008939678703521,2.456373615614241e-07,-0.0005382223050273628,0.0046442216391959085,0.0046442216391959085,0.15850022437510033,0.9955948310769209,2.4783328065136384e-07,4.966405361290486,0.10150173585498536,0.002796189458333334,-0.000944428194436288,0.0016671712348719225,0.0007542297521347524,-0.0017884964166666626,4.965819344236964,0.10222610826603468,-0.0005860170535223475,0.0007243724110493205,0.0007235444460172992,0.9977202600195778,-1.0658498579630673e-08,-8.976870885635149e-06,-0.0012391809953922544,-0.0012391809953922544,0.15205553005805608,1.001144318136334,-1.0634199974287415e-08,4.965718702528553,0.10117411416940794,0.0036904376666666654,0.001324049570135627,0.0009823842053719566,0.0005147416293216829,0.0032930326916666636,4.967752527712144,0.0969337271756891,0.002033825183590743,-0.004240386993718842,-0.004269972447648401,1.014176125838889,5.14531132565611e-07,-0.0017276909681599728,0.009243165886701224,0.009243165886701224,0.15300494385106478,0.993071277556872,5.218251906488872e-07]"
/multi_agv/m2b_algorithm_state,1789558528.2270374,1789558528.2270374,m2b_algorithm_state_v1:header6+3x20,"[1.0,-0.15,0.52,4.9678441209640125,0.10125036106381663,1789558528.2268903,4.966414247951637,0.10107529415324293,0.0036904376666666654,0.0015398148286274544,0.0006967507844292335,0.0005697861841881421,0.004584685874999997,4.968244030189128,0.0998417150769995,0.0018297822374906403,-0.0012335790762434268,-0.0012360301479998434,1.0039923922252951,5.0564805378700454e-08,0.001051197648863457,-0.001622583835109177,-0.001622583835109177,0.15858351970931717,0.9980169806048963,5.076667991456794e-08,4.967394713429507,0.10150163212119712,0.002796189458333334,-0.0009431445197578287,0.0016670941230279013,0.0007537134345326352,-0.0017884964166666626,4.966130949640396,0.10143592505179815,-0.001263763789110861,-6.570706939897086e-05,-6.571392291989091e-05,1.0002086602346612,-8.762912964833373e-11,-0.0016454186593084673,0.004926297985519385,0.004926297985519385,0.15215652151103354,0.9998957067145662,-8.76474143630893e-11,4.966708084784349,0.10117425665461867,0.0036904376666666654,0.001323268410338143,0.0009824204857782348,0.0005150613600242763,0.0032930326916666636,4.968814770208665,0.0981375696729373,0.0021066854243159128,-0.003036686981681372,-0.0030517232515665585,1.0100161212351302,2.6352011404934196e-07,-0.00041836647117166753,0.004144802457723775,0.004144802457723775,0.15305747413824816,0.9950728592845148,2.661595634595555e-07]"
/multi_agv/m2b_algorithm_state,1789558528.237001,1789558528.237001,m2b_algorithm_state_v1:header6+3x20,"[1.0,-0.15,0.52,4.968842551742209,0.10125037147720095,1789558528.23686,4.967419343370891,0.10107521241212981,0.0036904376666666654,0.0015403952876321464,0.0006966992601030945,0.0005695613796277196,0.004584685874999997,4.969114456092617,0.10077604705822281,0.0016951127217259554,-0.00029916535390700494,-0.00029930850150706355,1.000958060473814,2.97318070420405e-09,0.0018195824006503806,-0.004777751446473427,-0.004777751446473427,0.15866871281594913,0.9995217389438059,2.9760291911182543e-09,4.968399831191532,0.10150168375439853,0.002796189458333334,-0.0009437758371226607,0.0016671306825593035,0.0007539680717457004,-0.0017884964166666626,4.967147410744717,0.10143592505179815,-0.0012524204468151723,-6.575870260037975e-05,-6.57655668945261e-05,1.0002088241780294,-8.7825634659514e-11,-0.0016312911254134914,0.004875547733579082,0.004875547733579082,0.15225904101865104,0.9998956248007811,-8.784397477548169e-11,4.967713188329614,0.10117418702492154,0.0036904376666666654,0.001323650838320568,0.0009824033092489248,0.000514904526955383,0.0032930326916666636,4.969461823131474,0.09901564018936374,0.0017486348018600495,-0.002158546835557801,-0.0021660941782500522,1.0070498115069573,1.3311087684176904e-07,1.969932407500964e-05,0.0022186754208060894,0.0022186754208060894,0.1531120584466942,0.9965156904219424,1.3404928343302932e-07]"
/multi_agv/m2b_algorithm_state,1789558528.2470336,1789558528.2470336,m2b_algorithm_state_v1:header6+3x20,"[1.0,-0.15,0.52,4.969842166458155,0.10125037404570121,1789558528.2469306,4.968417777436925,0.10107523767509428,0.0036904376666666654,0.0015402160651353,0.0006967157696454503,0.0005696304777218467,0.004584685874999997,4.970083606266423,0.1003088064867303,0.0016658288294975065,-0.000766431188363989,-0.0007673740305828865,1.0024674559377598,1.9517992782012694e-08,0.0013149120062889968,-0.0027709170930347343,-0.0027709170930347343,0.158754704485835,0.9987713394233823,1.9566152569195824e-08,4.969398257994071,0.1015016680366765,0.002796189458333334,-0.0009435806720106809,0.0016671187555870048,0.0007538896784266558,-0.0017884964166666626,4.968361844920107,0.102787628220914,-0.001036413073964404,0.001285960184237503,0.0012833618643782294,0.9959786726891516,-3.3547632160009155e-08,-1.2154478077275582e-05,-0.0014812232954243716,-0.0014812232954243716,0.15236005528173824,1.0020246198140945,-3.3412726150589814e-08,4.968711619795631,0.10117420871983206,0.0036904376666666654,0.0013235319176283689,0.000982408860623841,0.0005149531868366098,0.0032930326916666636,4.970382117846358,0.0978560993071404,0.001670498050727609,-0.0033181094126916583,-0.0033360997955137117,1.0109789478762572,3.147458614232907e-07,-0.0012479772321042004,0.00717703293051487,0.00717703293051487,0.15316676024741357,0.9946073607131758,3.1820143983012464e-07]"
/multi_agv/m2b_algorithm_state,1789558528.2573788,1789558528.2573788,m2b_algorithm_state_v1:header6+3x20,"[1.0,-0.15,0.52,4.970842111371549,0.10125037443826475,1789558528.2571452,4.9694173930755285,0.10107524332696369,0.0036904376666666654,0.0015401764601227956,0.0006967203407208791,0.000569645267215424,0.004584685874999997,4.971251667609569,0.09886694838885154,0.0018342745340405031,-0.002208294938112143,-0.0022162076286624563,1.0072258701352619,1.6218633090725575e-07,7.663553888817261e-05,0.0022567308261988413,0.0022567308261988413,0.15884190873536783,0.9964296257949944,1.6335826827210618e-07,4.970397871542207,0.10150166500085459,0.002796189458333334,-0.000943537680494007,0.001667115252155682,0.0007538728654600951,-0.0017884964166666626,4.969338628304728,0.10120227209554099,-0.0010592432374787464,-0.0002993929053135974,-0.0002995354466577496,1.000953281659933,-1.820367118517383e-09,-0.0016235894935061825,0.004948698590028843,0.004948698590028843,0.15246060243275225,0.9995241252888676,-1.8221024411058105e-09,4.969711234756729,0.10117421380928539,0.0036904376666666654,0.001323504549768512,0.0009824105512964204,0.0005149641703236611,0.0032930326916666636,4.971256317358673,0.09670894310432737,0.001545082601944081,-0.004465270704958016,-0.004498132779153886,1.0149654576434328,5.703974979743026e-07,-0.0025667795267237843,0.012265609419281573,0.012265609419281573,0.1532222546708056,0.9926942854270188,5.789337575701571e-07]"
/multi_agv/m2b_algorithm_state,1789558528.26721,1789558528.26721,m2b_algorithm_state_v1:header6+3x20,"[1.0,-0.15,0.52,4.971854221611268,0.10125029655742197,1789558528.267004,4.970417338241031,0.10107524360115203,0.0036904376666666654,0.0015401751061701668,0.0006967215349423122,0.0005696452329296163,0.004584685874999997,4.972196601093997,0.09908603602003269,0.0017792628529660348,-0.00198920758111934,-0.0019956175246760095,1.0064929671968197,1.3158211639841155e-07,0.00022846104153153397,0.0016241909271228956,0.0016241909271228956,0.15893025986851558,0.9967879899442603,1.3243647476387454e-07,4.971397816089423,0.10150166539691133,0.002796189458333334,-0.000943536386407381,0.0016671141536255263,0.0007538728759397262,-0.0017884964166666626,4.970234308847836,0.10159124979331294,-0.0011635072415874248,8.958439640160965e-05,8.957167182840179e-05,0.9997160162782678,-1.6293790514143572e-10,-0.0013648123801558792,0.0038627547645652353,0.0038627547645652353,0.15256058853209273,1.0001420602401196,-1.628916334287224e-10,4.97071117978419,0.1011742143167309,0.0036904376666666654,0.0013235024021643125,0.0009824111339569175,0.0005149647981577622,0.0032930326916666636,4.9727543152000235,0.09890166218511057,0.0020431354158336745,-0.0022725521316203368,-0.002280924945234802,1.0074316734297295,1.4753742690741342e-07,0.0002729943245572911,0.0013772744445891883,0.0013772744445891883,0.15327850129605453,0.9963292024878077,1.4863387688285189e-07]"
/multi_agv/m2b_algorithm_state,1789558528.2769818,1789558528.2769818,m2b_algorithm_state_v1:header6+3x20,"[1.0,-0.15,0.52,4.972839091762045,0.10125039376608468,1789558528.2768555,4.971429423839314,0.10107505749949527,0.0036904376666666654,0.001541491752646583,0.0006965964539100255,0.0005691395820667938,0.004584685874999997,4.973349151031799,0.10085378832020582,0.001919727192484899,-0.00022126917928945444,-0.00022134744090760778,1.0007079792449276,1.6275197315357061e-09,0.002178311549698516,-0.0060859285445676575,-0.0060859285445676575,0.15902084333243127,0.9996464308878726,1.6286719817263436e-09,4.972409956387042,0.10150177839151737,0.002796189458333334,-0.0009449656392560637,0.0016672043273224801,0.0007544455022862329,-0.0017884964166666626,4.971247287288883,0.10159124979331294,-0.001162669098158986,8.947140179556279e-05,8.945870931022542e-05,0.9997163745432868,-1.6277325275763924e-10,-0.001363877663388507,0.0038580551632516205,0.0038580551632516205,0.15266116728852142,1.000141880935185,-1.6272708611948515e-10,4.971723284607448,0.10117405378125324,0.0036904376666666654,0.0013243790062835554,0.000982367784692695,0.0005146073729568462,0.0032930326916666636,4.973875268114118,0.09998198356645197,0.0021519835066703408,-0.0011920702148012774,-0.0011943553535800962,1.0038511342996483,4.0593084285565517e-08,0.0014956240297578297,-0.0034281037621045883,-0.0034281037621045883,0.15333617360591886,0.9980867178499523,4.074941370478618e-08]"
/multi_agv/m2b_algorithm_state,1789558528.2871032,1789558528.2871032,m2b_algorithm_state_v1:header6+3x20,"[1.0,-0.15,0.52,4.973844478932727,0.10125035871334502,1789558528.2870061,4.972414324098117,0.10107529505186537,0.0036904376666666654,0.0015398056686479894,0.0006967486451873838,0.0005697912673661874,0.004584685874999997,4.974460795975121,0.1019419876304229,0.00204647187700413,0.0008666925785575375,0.000865501707948622,0.9972609291069244,2.4923173992608797e-08,0.0034235915542037846,-0.011042212404045303,-0.011042212404045303,0.15911013174795507,1.0013759309750387,2.4854907652162585e-08,4.9733947902797775,0.10150162940372967,0.002796189458333334,-0.0009431311907842129,0.0016670955531967735,0.0007537069129350121,-0.0017884964166666626,4.972168950888835,0.10397375513235448,-0.0012258393909423404,0.002472125728624805,0.002462609553527858,0.9923736563615422,-1.2381160509931183e-07,0.0009303103148499323,-0.005394893157790822,-0.005394893157790822,0.15275841199975557,1.0038642646713176,-1.2286737525239543e-07,4.972708160908241,0.10117425684265896,0.0036904376666666654,0.001323264781430486,0.0009824187818600729,0.0005150638192924846,0.0032930326916666636,4.97477398449445,0.09836068651770742,0.0020658235862089924,-0.0028135703249515392,-0.002826456587261018,1.0092569960793878,2.2618587892605458e-07,-0.00024417710449977726,0.0034355280624315592,0.0034355280624315592,0.1533929974151921,0.9954408419476324,2.2827968072048594e-07]"
/multi_agv/m2b_algorithm_state,1789558528.29706,1789558528.29706,m2b_algorithm_state_v1:header6+3x20,"[1.0,-0.15,0.52,4.974837914303041,0.10125040068423237,1789558528.2969072,4.973419700563168,0.10107520891398007,0.0036904376666666654,0.0015404172789115719,0.0006966943058982261,0.0005695544242277832,0.004584685874999997,4.975084569331492,0.10045970705613569,0.001664868768323835,-0.0006155018578443833,-0.0006161092330985843,1.0019781762427282,1.2588068603553353e-08,0.0014649767273062094,-0.003372413068341664,-0.003372413068341664,0.1592023297313042,0.9990141760233873,1.2612970021806735e-08,4.974400190298956,0.10150168377036227,0.002796189458333334,-0.0009437963146119738,0.0016671340986862404,0.0007539751710517878,-0.0017884964166666626,4.97320215816052,0.10397375513235448,-0.001198032138436389,0.0024720713619922063,0.0024625556085918106,0.9923738250251929,-1.238934455631644e-07,0.0009650154355463243,-0.005519790802930465,-0.005519790802930465,0.1528571507838384,1.003864178078739,-1.2294861246906797e-07,4.973713545936058,0.10117418345569268,0.0036904376666666654,0.00132366778537244,0.000982400648791337,0.0005148985649007331,0.0032930326916666636,4.975510210250508,0.09748086351665584,0.001796664314450247,-0.003693319939036835,-0.0037156719793403035,1.012271903788926,3.9008613889674117e-07,-0.0014698415862774948,0.008112815155506574,0.008112815155506574,0.15345183888859046,0.9939843881731893,3.9487323846267564e-07]"
/multi_agv/m2b_algorithm_state,1789558528.3070393,1789558528.3070393,m2b_algorithm_state_v1:header6+3x20,"[1.0,-0.15,0.52,4.975842903416903,0.10125036798446639,1789558528.3069127,4.974413149255407,0.10107530939799897,0.0036904376666666654,0.0015397060114353644,0.0006967616818139173,0.0005698276836628043,0.004584685874999997,4.975959233455262,0.09886754451356801,0.0015460841998544694,-0.00220776488443096,-0.0022156737383488617,1.0072240863036153,1.6205885918913653e-07,-0.0002830684885307749,0.0035227957715114754,0.0035227957715114754,0.15929468424408022,0.9964304970623536,1.632295863741843e-07,4.97539360943591,0.10150162253487902,0.002796189458333334,-0.0009430235856996002,0.0016670853986049394,0.0007536655519399527,-0.0017884964166666626,4.973930259196528,0.10251834883779971,-0.001463350239381711,0.001016726302920698,0.0010150987556176076,0.9968108078554735,-2.0962500549328292e-08,-0.0008140890436095312,0.0014983166901700188,0.0014983166901700188,0.15295398759577816,1.0016033388811516,-2.0895647107246743e-08,4.974706984217808,0.10117427011981911,0.0036904376666666654,0.0013231942635875326,0.000982423868333005,0.0005150917402786241,0.0032930326916666636,4.976620551550912,0.09903307883922112,0.0019135673331041048,-0.00214119128059799,-0.00214861676538375,1.0069917552175893,1.3093222431174575e-07,0.00024334240099638076,0.0014227099601194985,0.0014227099601194985,0.15351062136859053,0.996544062717283,1.3184767037422797e-07]"
/multi_agv/m2b_algorithm_state,1789558528.3172073,1789558528.3172073,m2b_algorithm_state_v1:header6+3x20,"[1.0,-0.15,0.52,4.976844263072541,0.10125035956940992,1789558528.3169615,4.975418128453688,0.10107522838617328,0.0036904376666666654,0.0015402819503148968,0.0006967114317717453,0.0005696041755758607,0.004584685874999997,4.976911490481762,0.09913717214730637,0.0014933620280741522,-0.001938056238866906,-0.0019441384237740538,1.0063223660777125,1.2490642632396366e-07,-7.743588868136357e-05,0.0026797808325344187,0.0026797808325344187,0.15938914190900064,0.9968715268250595,1.2569613047664258e-07,4.9763986103888325,0.10150167425964307,0.002796189458333334,-0.0009436505063538242,0.0016671209157870237,0.0007539188255300672,-0.0017884964166666626,4.975076068728743,0.10473072018325394,-0.0013225416600892714,0.003229045923610868,0.0032129036273258645,0.9901248833176075,-2.112317165508618e-07,0.0015597265522142752,-0.008009587349927436,-0.008009587349927436,0.15305143804210863,1.0050242080552036,-2.091457787029e-07,4.97571197140819,0.1011742013075828,0.0036904376666666654,0.0013235728646563642,0.0009824073282215908,0.0005149362349961585,0.0032930326916666636,4.977687547972083,0.09947126406194343,0.0019755765638933553,-0.0017029372456393715,-0.0017076186689452644,1.0055333332223697,8.28191236265391e-08,0.0007618520359214298,-0.0006024352459046336,-0.0006024352459046336,0.15357097051274893,0.9972585077739959,8.327738943474938e-08]"
/multi_agv/m2b_algorithm_state,1789558528.3271277,1789558528.3271277,m2b_algorithm_state_v1:header6+3x20,"[1.0,-0.15,0.52,4.977849346364281,0.10125032760068403,1789558528.3269768,4.9764194854749935,0.10107520823132997,0.0036904376666666654,0.0015404245731881535,0.0006966979622315959,0.0005695493606437781,0.004584685874999997,4.978055724227179,0.1005135793903816,0.0016362387521855482,-0.000561628840948375,-0.0005621343403278753,1.0018039334070656,1.048057309718467e-08,0.0014831640999040598,-0.0034619944832621867,-0.0034619944832621867,0.1594844924636354,0.9991007498684293,1.0499479353119875e-08,4.977399973252375,0.10150168652780148,0.002796189458333334,-0.0009438052028437009,0.0016671305395004055,0.0007539808751746702,-0.0017884964166666626,4.976090884809941,0.10523409014182131,-0.0013090884424338256,0.0037324036140198302,0.003710919052471717,0.9886515169623893,-2.821571677700561e-07,0.002074558499429435,-0.010101323096160873,-0.010101323096160873,0.15314782926289822,1.005789552734599,-2.7895511193767734e-07,4.976713330490256,0.10117418394909831,0.0036904376666666654,0.0013236676982556254,0.0009824026486961127,0.0005148975624254155,0.0032930326916666636,4.978672287308634,0.09911051868832389,0.0019589568183784323,-0.002063665260774422,-0.0020705587540783893,1.0067327370900117,1.2165987552658486e-07,0.0003781372688946511,0.0009135754685181848,0.0009135754685181848,0.1536318045527892,0.9966707086720485,1.224789794829089e-07]"
/multi_agv/m2b_algorithm_state,1789558528.337094,1789558528.337094,m2b_algorithm_state_v1:header6+3x20,"[1.0,-0.15,0.52,4.978841642809823,0.10125037770494254,1789558528.33696,4.9774245585422765,0.10107513272800162,0.0036904376666666654,0.0015409578597779965,0.0006966459360008056,0.0005693452644111196,0.004584685874999997,4.979097360513392,0.10029882723213453,0.0016728019711154118,-0.0007763054958670884,-0.0007772728621926539,1.0024995277450026,2.0033942018938142e-08,0.0013137296017016109,-0.002761402949792734,-0.002761402949792734,0.15958137988765017,0.9987554353527324,2.008401741285625e-08,4.978405069093737,0.10150173157376502,0.002796189458333334,-0.0009443833983429082,0.0016671681883666523,0.0007542119192429503,-0.0017884964166666626,4.9769759583143465,0.10338350844945554,-0.0014291107793908964,0.0018817768756905218,0.0018762381819746427,0.9941554453824697,-7.186592376780232e-08,8.984970773602227e-05,-0.0021171444656268054,-0.0021171444656268054,0.1532439212241739,1.0029520205745146,-7.144589945120214e-08,4.977718411456832,0.10117411850028547,0.0036904376666666654,0.0013240241913905766,0.0009823843216178133,0.0005147525695330941,0.0032930326916666636,4.9794407781993275,0.099335628028564,0.0017223667424959288,-0.0018384904717214795,-0.001843952418006065,1.0059829203705517,9.6570323972735e-08,0.0003090060101138461,0.0010566085879133253,0.0010566085879133253,0.15369363521277288,0.99703791365154,9.714809653122225e-08]"
/multi_agv/m2b_algorithm_state,1789558528.3471735,1789558528.3471735,m2b_algorithm_state_v1:header6+3x20,"[1.0,-0.15,0.52,4.979849131783531,0.10125032964373386,1789558528.347035,4.9784168704944705,0.10107525537319016,0.0036904376666666654,0.0015400871373829213,0.0006967242368560271,0.0005696819583213774,0.004584685874999997,4.980013529652599,0.09866372958324866,0.001596659158128233,-0.002411525789941499,-0.002420976354431713,1.0079089116677529,1.934268834407004e-07,-0.0004251524067714219,0.004112695591461295,0.004112695591461295,0.1596781919799825,0.9960963829849413,1.949566795760016e-07,4.979397346882459,0.10150165446650578,0.002796189458333334,-0.000943435806045557,0.0016671122179090503,0.0007538302846897688,-0.0017884964166666626,4.977867971039478,0.10321593122604353,-0.0015293758429812954,0.0017142767595377528,0.0017096743380699564,0.9946654592181666,-5.958902833349796e-08,-0.00020204546565666284,-0.0009973923841253116,-0.0009973923841253116,0.15333814766481257,1.00269198721962,-5.927114823170309e-08,4.978710711052539,0.10117422327513162,0.0036904376666666654,0.0013234490675612443,0.000982410475624018,0.0005149882590145594,0.0032930326916666636,4.9804917717143935,0.09988067046772828,0.001781060661854461,-0.001293552807403342,-0.0012962456354113938,1.004183766350776,4.7768457817397135e-08,0.0009300801919066826,-0.0013834142121030286,-0.0013834142121030286,0.15375545261874501,0.9979225943490279,4.796830988384203e-08]"
/multi_agv/m2b_algorithm_state,1789558528.3571281,1789558528.3571281,m2b_algorithm_state_v1:header6+3x20,"[1.0,-0.15,0.52,4.980843691900129,0.10125036546913957,1789558528.356877,4.979424344407074,0.10107513973290524,0.0036904376666666654,0.001540905973172804,0.000696647730481103,0.0005693668216886715,0.004584685874999997,4.981161875364976,0.09730104742450185,0.001737530957901967,-0.003774092308403393,-0.003797477743520121,1.0125681126603185,4.744274632693097e-07,-0.001625564046142662,0.00890890921783346,0.00890890921783346,0.1597776912001263,0.9938418506450413,4.803901210768275e-07,4.980404854156698,0.10150172535904473,0.002796189458333334,-0.0009443249639639814,0.0016671671194998794,0.0007541871459326027,-0.0017884964166666626,4.978899976560001,0.10321593122604353,-0.0015048775966972627,0.0017142058669988025,0.0017096038281559202,0.9946656806772767,-5.96402398381112e-08,-0.0001714931677156582,-0.0011073578958826023,-0.0011073578958826023,0.15343313505661427,1.0026918744372761,-5.932209975433091e-08,4.9797181967868225,0.1011741238392516,0.0036904376666666654,0.0013239927749972434,0.0009823841802965028,0.0005147662607975037,0.0032930326916666636,4.981542401957545,0.10059459889659396,0.0018242051707222373,-0.0005795249426576443,-0.000580062525355185,1.0018593119645478,9.587015476753795e-09,0.0017001939380476116,-0.004438943442802922,-0.004438943442802922,0.15381898798614863,0.99907323318773,9.604840729334028e-09]"
/multi_agv/m2b_algorithm_state,1789558528.367164,1789558528.367164,m2b_algorithm_state_v1:header6+3x20,"[1.0,-0.15,0.52,4.981842773110093,0.10125037158338275,1789558528.3669794,4.98041891554814,0.10107522807119315,0.0036904376666666654,0.0015402781080554513,0.0006967032763098399,0.0005696100830472117,0.004584685874999997,4.982136132597778,0.09724464542617597,0.001717217049638009,-0.0038305826450171776,-0.0038546835686248137,1.0127642760375175,4.885541746988875e-07,-0.0017081622565773024,0.009220939382760892,0.009220939382760892,0.15987709211328208,0.9937476259260799,4.947902150440257e-07,4.981399401067564,0.10150166923656592,0.002796189458333334,-0.0009436410543355936,0.0016671275023041332,0.0007539113022790866,-0.0017884964166666626,4.980415331341028,0.10635893178617117,-0.0009840697265355303,0.004857262549605251,0.004821188108397442,0.9854221811929699,-4.773516539949595e-07,0.003591100950228029,-0.0161200828724255,-0.0161200828724255,0.15352624019062863,1.0074824795043726,-4.7039290807578476e-07,4.980712759084684,0.1011741990996596,0.0036904376666666654,0.0013235789667646243,0.0009824025013381648,0.0005149361006455883,0.0032930326916666636,4.98269920182998,0.1009869758904496,0.0019864427452960243,-0.00018722320921001068,-0.00018727915057935025,1.0005980127948126,1.0000095276603806e-09,0.00229577428104068,-0.006736801467879005,-0.006736801467879005,0.15388249394230366,0.9997012941955016,1.000607546152856e-09]"
/multi_agv/m2b_algorithm_state,1789558528.3771133,1789558528.3771133,m2b_algorithm_state_v1:header6+3x20,"[1.0,-0.15,0.52,4.982839302370315,0.10125039365827397,1789558528.3769925,4.981417998805164,0.10107524238593843,0.0036904376666666654,0.0015401769370827724,0.0006967134604586533,0.0005696486391950193,0.004584685874999997,4.983308078834965,0.09892952539889309,0.0018900800298009557,-0.00214571698704534,-0.0021531840604208075,1.0070161681185494,1.5311831486256558e-07,0.0002094159768303871,0.001761198933939686,0.001761198933939686,0.15997814360886692,0.9965320784633674,1.5419261870167034e-07,4.982398479753707,0.10150166075032355,0.002796189458333334,-0.000943530918961434,0.0016671199308442297,0.000753867500822375,-0.0017884964166666626,4.981404017716476,0.10556259802525925,-0.0009944620372310808,0.0040609372749357,0.0040355677294536775,0.9876993291106938,-3.3383316698296005e-07,0.0027924901829148264,-0.01284439569956777,-0.01284439569956777,0.15361908514757866,1.0062864873501844,-3.2972679506396787e-07,4.981711840771405,0.10117421161388629,0.0036904376666666654,0.0013235108087761584,0.0009824060570434948,0.0005149637949471144,0.0032930326916666636,4.98363984775911,0.10030007993438346,0.001928006987705011,-0.0008741316795028292,-0.0008753574806018189,1.0028138646275198,2.1808344963446832e-08,0.0015346512540294448,-0.0037152660898380967,-0.0037152660898380967,0.15394706831969085,0.9985996565675694,2.1869710693924225e-08]"
/multi_agv/m2b_algorithm_state,1789558528.3870873,1789558528.3870873,m2b_algorithm_state_v1:header6+3x20,"[1.0,-0.15,0.52,4.983841148100441,0.10125038129472051,1789558528.3869514,4.982414535251837,0.10107529419576822,0.0036904376666666654,0.001539811152036853,0.0006967497620669501,0.0005697883096036857,0.004584685874999997,4.984366425230953,0.09897283600052127,0.001951889979116217,-0.002102458195246945,-0.0021096248849687693,1.0068713705455705,1.4696749775871735e-07,0.0003302375889265019,0.0013158622482322938,0.0013158622482322938,0.15991888568589752,0.9966028606446162,1.479773658939728e-07,4.98339500016311,0.10150163007652191,0.002796189458333334,-0.0009431339835347064,0.0016670933783888842,0.0007537092547438423,-0.0017884964166666626,4.9818950755086,0.10358731185776329,-0.0014999246545102096,0.002085681781241383,0.0020788882684239568,0.993537241393501,-8.815412645059256e-08,0.00020398245028619474,-0.002617092558022451,-0.002617092558022451,0.15371100647434757,1.0032678585571972,-8.758440761117558e-08,4.982708371695995,0.10117425670253176,0.0036904376666666654,0.0013232654451513005,0.0009824188655459315,0.0005150634880663231,0.0032930326916666636,4.984674047757622,0.10141711652107255,0.0019656760616273417,0.00024285981854078875,0.00024276599477508494,0.999228051688092,1.681751031512785e-09,0.002699861071809262,-0.008378854243450206,-0.008378854243450206,0.15401226549274946,1.0003864782042096,1.6804528066429593e-09]"
/multi_agv/m2b_algorithm_state,1789558528.3973873,1789558528.3973873,m2b_algorithm_state_v1:header6+3x20,"[1.0,-0.15,0.52,4.984839534733446,0.10125039134037488,1789558528.397278,4.983416377465274,0.10107526212069992,0.0036904376666666654,0.0015400405144424117,0.0006967319195606333,0.0005696981712943552,0.004584685874999997,4.9849734553650835,0.09734931182973224,0.0015570778998093004,-0.003725950290967686,-0.0037487346550713137,1.0124010964749652,4.6212714231971204e-07,-0.0018023872803096881,0.009507160353996324,0.009507160353996324,0.1598156146821864,0.993922118741372,4.678580255953188e-07,4.984396849955982,0.10150165177948069,0.002796189458333334,-0.0009433843828273811,0.0016671055666224177,0.0007538114542805369,-0.0017884964166666626,4.982871260431788,0.10385278335186744,-0.0015255895241939044,0.0023511315723867554,0.0023425161816370307,0.9927368441557866,-1.1202886134182417e-07,0.00043552927639465026,-0.0035677539558879754,-0.0035677539558879754,0.15380271403242687,1.0036778361734535,-1.1121517826284873e-07,4.983710216880068,0.10117422998398092,0.0036904376666666654,0.0013234138474709982,0.0009824134379040842,0.0005150019847126146,0.0032930326916666636,4.985550588313028,0.10189684754181325,0.0018403714329604526,0.0007226175578323307,0.000721789915997525,0.9977155868252887,1.4885647270498418e-08,0.0030222542071980905,-0.00975887023552568,-0.00975887023552568,0.154078604177089,1.0011466519778984,1.4851642301759587e-08]"
/multi_agv/m2b_algorithm_state,1789558528.4074423,1789558528.4074423,m2b_algorithm_state_v1:header6+3x20,"[1.0,-0.15,0.52,4.985842634911514,0.10125037106696104,1789558528.4072487,4.984414767514175,0.10107528464178224,0.0036904376666666654,0.001539882638577821,0.0006967492100709897,0.0005697576103036307,0.004584685874999997,4.985836946522721,0.09599322128707492,0.0014221790085455766,-0.005082063354707317,-0.005124884502471912,1.0171725768137638,8.603730100856755e-07,-0.003347160741789941,0.015447159009117327,0.015447159009117327,0.1597117415258059,0.9916444657935333,8.75147831689861e-07,4.985395232287592,0.10150163941606356,0.002796189458333334,-0.00094321380509733,0.0016670926624389182,0.0007537442270660472,-0.0017884964166666626,4.983989402838503,0.10494310445867915,-0.0014058294490890688,0.0034414650426155824,0.003423158753074532,0.989500966391475,-2.397871077316784e-07,0.001665871941713196,-0.008491861674746332,-0.008491861674746332,0.15389339865616586,1.0053477769690373,-2.3726957482871247e-07,4.984708604398571,0.10117424996327884,0.0036904376666666654,0.0013233062538795387,0.0009824198625052018,0.0005150452805437983,0.0032930326916666636,4.986513575874391,0.10089704680909874,0.0018049714758205937,-0.0002772031541801029,-0.0002773258712561823,1.0008863215879498,2.1918902301890943e-09,0.0019788884735195598,-0.005570198211065182,-0.005570198211065182,0.15414551528575562,0.9995574986368074,2.193832949818527e-09]"
/multi_agv/m2b_algorithm_state,1789558528.4175053,1789558528.4175053,m2b_algorithm_state_v1:header6+3x20,"[1.0,-0.15,0.52,4.986837905358135,0.10125040114927995,1789558528.4172213,4.985417861563397,0.10107523416884776,0.0036904376666666654,0.001540241813130209,0.0006967181657754999,0.0005696180707063957,0.004584685874999997,4.986860647366191,0.09773325593719501,0.001442785802794333,-0.003341978231652748,-0.0033602557936501694,1.0110754309486405,3.717453723846393e-07,-0.0015567735401572531,0.008486594124831473,0.008486594124831473,0.1596064113113651,0.9945606634971182,3.7586261258696205e-07,4.986398339758232,0.10150167188219528,0.002796189458333334,-0.0009436050674001906,0.0016671145401501164,0.0007539024457027532,-0.0017884964166666626,4.98502597688359,0.10494310445867915,-0.0013723628746413752,0.003441432576483869,0.0034231266359711263,0.9895010662264555,-2.3988202028670246e-07,0.0017076730426694073,-0.008642386392960017,-0.008642386392960017,0.15398378841005902,1.0053477251821124,-2.3736351484224831e-07,4.985711703412917,0.10117420714984005,0.0036904376666666654,0.0013235421456256262,0.0009824097326361246,0.0005149482998346266,0.0032930326916666636,4.987420355868313,0.09992127513548622,0.001708652455396198,-0.001252932014353822,-0.0012554576015279828,1.0040505292913242,4.481738573083459e-08,0.0008803579677172646,-0.0012262095847338848,-0.0012262095847338848,0.1542135491653063,0.9979883134475531,4.499891986449791e-08]"
/multi_agv/m2b_algorithm_state,1789558528.427311,1789558528.427311,m2b_algorithm_state_v1:header6+3x20,"[1.0,-0.15,0.52,4.987837484864907,0.1012504030279685,1789558528.427126,4.986413141614076,0.10107530550457364,0.0036904376666666654,0.001539737748070532,0.0006967668404817213,0.0005698112439088823,0.004584685874999997,4.988436206276543,0.09955281981373838,0.0020230646624668225,-0.001522485690835254,-0.0015262274325700824,1.0049434924997918,7.703426495196866e-08,0.0010026033955134457,-0.0013183677288659186,-0.0013183677288659186,0.15950095312858137,0.9975483721135011,7.741508326298568e-08,4.987393598437491,0.10150162907142175,0.002796189458333334,-0.0009430582135276705,0.00166707923806797,0.000753683766425442,-0.0017884964166666626,4.986088438980003,0.10403338462289272,-0.001305159457487548,0.0025317555514709628,0.0025217792922767796,0.9921950446013922,-1.2984067883097958e-07,0.0008903299704173446,-0.005279554685567089,-0.005279554685567089,0.1540727531718511,1.0039560397790308,-1.2882727812377883e-07,4.9867069760228375,0.10117426887184443,0.0036904376666666654,0.0013232057510266506,0.0009824267521402873,0.0005150852609381814,0.0032930326916666636,4.988728700256558,0.10088318827723322,0.002021724233720157,-0.0002910805946112066,-0.0002912159204069789,1.0009308389787668,2.41668559077293e-09,0.002235939371743217,-0.006475304793383829,-0.006475304793383829,0.15428186200858954,0.9995353077002689,2.4189351359202453e-09]"
/multi_agv/m2b_algorithm_state,1789558528.4372897,1789558528.4372897,m2b_algorithm_state_v1:header6+3x20,"[1.0,-0.15,0.52,4.988837970529924,0.10125039910759089,1789558528.4371512,4.98741272210624,0.10107530708921668,0.0036904376666666654,0.0015397295784049022,0.0006967719874149117,0.0005698121079703602,0.004584685874999997,4.989513918757265,0.09970127234316012,0.002101196651024928,-0.00137403474605656,-0.0013770789733055116,1.004454015401677,6.273748169920847e-08,0.0012494168404756484,-0.002258321399240409,-0.002258321399240409,0.1593940815215531,0.9977893589925027,6.301691540895916e-08,4.988393176480496,0.10150163073042638,0.002796189458333334,-0.0009430514234155425,0.0016670748467655372,0.0007536831073736427,-0.0017884964166666626,4.987065193616873,0.10375290306531953,-0.0013279828636232338,0.0022512723348931535,0.002243367236069521,0.9930373618413051,-1.0268598729635974e-07,0.0005833886565404789,-0.004050331178000705,-0.004050331178000705,0.15416136736904285,1.0035237649442907,-1.0197102192284685e-07,4.987706556007987,0.10117427126426244,0.0036904376666666654,0.0013231957444143553,0.0009824294490206947,0.0005150881956432533,0.0032930326916666636,4.989750657582976,0.10045509368844244,0.0020441015749890212,-0.0007191775758200042,-0.0007200063387240893,1.002311007689867,1.4756776133066322e-08,0.0018351206300121874,-0.0048519068127123866,-0.0048519068127123866,0.15435128246915453,0.998848950544583,1.4790879156187483e-08]"
/multi_agv/m2b_algorithm_state,1789558528.4472504,1789558528.4472504,m2b_algorithm_state_v1:header6+3x20,"[1.0,-0.15,0.52,4.989838006480955,0.10125039819467113,1789558528.4471226,4.98841320688664,0.10107529487230406,0.0036904376666666654,0.0015398190991510736,0.0006967677034504401,0.0005697755327615042,0.004584685874999997,4.990453786466182,0.0990535491194763,0.002040579579542623,-0.002021745752827764,-0.0020283687281058694,1.0066015862982782,1.3589348156461873e-07,0.0005223557463224092,0.0006026562250745502,0.0006026562250745502,0.15928615609503977,0.9967348267667829,1.3679059411054104e-07,4.989393662967323,0.10150164074657482,0.002796189458333334,-0.0009431508361735005,0.0016670773121942872,0.0007537249169517896,-0.0017884964166666626,4.98807301350083,0.10351808374491228,-0.001320649466492796,0.0020164429983374615,0.0020100897061141585,0.9937468306754816,-8.240403087308229e-08,0.00035927787299816364,-0.003140553935377956,-0.003140553935377956,0.15424931606583386,1.0031607008403545,-8.188874451501006e-08,4.988707041735811,0.10117426170389379,0.0036904376666666654,0.0013232510227312783,0.0009824288810423637,0.0005150645301217199,0.0032930326916666636,4.99069570820009,0.0999112406603688,0.0019886664642791985,-0.0012630210435249922,-0.001265587661594603,1.0040836074578519,4.55323438558004e-08,0.001220245418754395,-0.0024230283969427064,-0.0024230283969427064,0.15442158735880046,0.997971995028478,4.571828007474342e-08]"
/multi_agv/m2b_algorithm_state,1789558528.4572232,1789558528.4572232,m2b_algorithm_state_v1:header6+3x20,"[1.0,-0.15,0.52,4.9908376565798385,0.10125039978163874,1789558528.457079,4.989413242815233,0.10107529033087062,0.0036904376666666654,0.0015398539132159888,0.0006967678110166629,0.0005697603863762194,0.004584685874999997,4.991288558564787,0.0991841210459345,0.0018753157495545736,-0.0018911692849361145,-0.00189695869127616,1.0061661513204774,1.1889906697609231e-07,0.00044718599566705695,0.0008088494867948128,0.0008088494867948128,0.15917732446814856,0.9969480588234894,1.1963221661493047e-07,4.99039369873179,0.10150164568773658,0.002796189458333334,-0.0009431906804010458,0.0016670767525024388,0.0007537424791963648,-0.0017884964166666626,4.989102469063622,0.10351808374491228,-0.0012912296681681923,0.002016438057175704,0.002010084796279298,0.9937468460685067,-8.2407106679884e-08,0.00039604771106905743,-0.003272039366112592,-0.003272039366112592,0.1543364709060777,1.0031606929758219,-8.18918023567657e-08,4.9897070778958446,0.10117425856540617,0.0036904376666666654,0.0013232708020053715,0.000982429695783083,0.0005150555328120375,0.0032930326916666636,4.991547800373799,0.10029325571214712,0.0018407224779544151,-0.0008810028532590525,-0.0008822480648676763,1.0028362016443844,2.2148626963153665e-08,0.0014186550325753426,-0.0033018060003071033,-0.0033018060003071033,0.15449268776883762,0.9985885924172464,2.2211444935367418e-08]"
/multi_agv/m2b_algorithm_state,1789558528.4672036,1789558528.4672036,m2b_algorithm_state_v1:header6+3x20,"[1.0,-0.15,0.52,4.991837749885989,0.1012503985179733,1789558528.4670675,4.990412893637118,0.10107529196555015,0.0036904376666666654,0.001539844896787304,0.0006967717282527982,0.0005697622570946716,0.004584685874999997,4.992314670123077,0.099781048381574,0.001901776485959239,-0.0012942435839761457,-0.001296942893240816,1.004191595649456,5.566378920955071e-08,0.0010802777142082326,-0.0016974192769204314,-0.0016974192769204314,0.15906758239145105,0.9979187138626242,5.58971093062337e-08,4.991393347752959,0.10150164671476435,0.002796189458333334,-0.0009431829252111446,0.001667073519363349,0.0007537407993767897,-0.0017884964166666626,4.9900407699303955,0.10344176031131491,-0.0013525778225638163,0.0019401135965505661,0.0019342287751201739,0.9939782747331652,-7.629044340341918e-08,0.00024350649691540346,-0.00269172822387237,-0.00269172822387237,0.1544228289627802,1.003042464007406,-7.583104331275879e-08,4.990706728349437,0.10117426066460175,0.0036904376666666654,0.0013232618242053408,0.000982431778407112,0.0005150583410698183,0.0032930326916666636,4.992677476743849,0.10118903864123518,0.0019707483944122473,1.4777976633434386e-05,1.4777628632562298e-05,0.9999529054017825,6.228005717838698e-12,0.0024782131216478714,-0.007481506198257205,-0.007481506198257205,0.1545645923687905,1.0000235491688647,6.22771241241172e-12]"
/multi_agv/m2b_algorithm_state,1789558528.4773688,1789558528.4773688,m2b_algorithm_state_v1:header6+3x20,"[1.0,-0.15,0.52,4.992837376737999,0.10125040027614228,1789558528.4771929,4.991412986744386,0.10107528680412782,0.0036904376666666654,0.001539884009135474,0.000696771008716545,0.0005697456777968898,0.004584685874999997,4.993395304641278,0.10046242308905394,0.00198231789689185,-0.0006128637150738803,-0.0006134658822461504,1.001969636643991,1.2476043006617545e-08,0.0018644314888686619,-0.00478914165015582,-0.00478914165015582,0.15895684000953134,0.999018417829423,1.2500616278095386e-08,4.9923934411076525,0.10150165186963675,0.002796189458333334,-0.0009432275224178438,0.001667073664989971,0.0007537600549903656,-0.0017884964166666626,4.991076167644188,0.10344176031131491,-0.0013172734634645522,0.0019401084416781622,0.0019342236517033997,0.9939782908031485,-7.629364377190624e-08,0.0002876318223727094,-0.002849472394333006,-0.002849472394333006,0.1545084521695465,1.0030424558036914,-7.583422563554364e-08,4.991706821805929,0.10117425688015531,0.0036904376666666654,0.0013232850015422394,0.0009824322613043003,0.0005150480434415092,0.0032930326916666636,4.993690955634344,0.10063037619709414,0.0019841338284152243,-0.0005438806830611737,-0.0005443540420420471,1.0017442464315236,8.439237890680239e-09,0.0019358132434769834,-0.005291230140522412,-0.005291230140522412,0.15463736598369093,0.9991304207476852,8.453958001255836e-09]"
/multi_agv/m2b_algorithm_state,1789558528.4874597,1789558528.4874597,m2b_algorithm_state_v1:header6+3x20,"[1.0,-0.15,0.52,4.993842154352954,0.10125036910201275,1789558528.487357,4.992412614309364,0.1010752890803793,0.0036904376666666654,0.0015398703372427871,0.0006967749362143387,0.0005697495611266891,0.004584685874999997,4.994445288724141,0.10095708871543009,0.002032674414777169,-0.0001182003649492086,-0.00011822268037836035,1.000377754991389,4.639094112998424e-10,0.002422620338093101,-0.00700364897538457,-0.00700364897538457,0.15884519988066523,0.9998112424022164,4.640846553955132e-10,4.993393066915654,0.1015016523274866,0.002796189458333334,-0.0009432147644261911,0.0016670705329646651,0.000753756154032989,-0.0017884964166666626,4.991843454720725,0.1018553584786992,-0.0015496121949283292,0.0003537061512125933,0.00035350818341964546,0.998882109276987,-2.5387136888717293e-09,-0.001583507060240766,0.004525893355155521,0.004525893355155521,0.1545932533854235,1.0005600090810707,-2.5358756843905534e-09,4.9927064489889785,0.10117425942056092,0.0036904376666666654,0.0013232734598920123,0.000982434294792789,0.0005150519885842109,0.0032930326916666636,4.994592038023617,0.09963417192099737,0.0018855890346385351,-0.0015400874995635527,-0.0015439116773043895,1.0049950069464595,6.771397161590097e-08,0.0008130746159937794,-0.000857665150659838,-0.000857665150659838,0.15471094797089108,0.9975230592545852,6.805220337449476e-08]"
/multi_agv/m2b_algorithm_state,1789558528.4974096,1789558528.4974096,m2b_algorithm_state_v1:header6+3x20,"[1.0,-0.15,0.52,4.994842195769629,0.10125036918891789,1789558528.4972503,4.993417382158718,0.10107521289301725,0.0036904376666666654,0.0015404116275987392,0.0006967257431993439,0.0005695405219182988,0.004584685874999997,4.9952781501395265,0.10030777124551996,0.0018607679808084754,-0.0007674416474972995,-0.0007683869849530345,1.002470738050728,1.957199216770029e-08,0.0015575729910575597,-0.0036293372633718767,-0.0036293372633718767,0.15873202849933898,0.9987697117803305,1.962034943347758e-08,4.994397856289634,0.10150170024056593,0.002796189458333334,-0.0009438044575224504,0.00166710581003926,0.0007539934156595013,-0.0017884964166666626,4.992784812303062,0.1009763923455638,-0.001613043986572471,-0.0005253078950021306,-0.0005257474650593286,1.0016768974665848,-5.606534191344872e-09,-0.0025420524482749176,0.008299675235436572,0.008299675235436572,0.15467769291496689,0.9991639140720375,-5.6159357743266595e-09,4.993711224610511,0.1011741941724551,0.0036904376666666654,0.0013236318890129596,0.0009824178690837739,0.0005149051675352608,0.0032930326916666636,4.995518063052584,0.10007628665577277,0.0018068384420732997,-0.001097907516682331,-0.0010998445234975554,1.003543154266784,3.441174646254155e-08,0.0011587035290940692,-0.002281336298270512,-0.002281336298270512,0.15478576219748436,0.9982388357864758,3.4533672588847794e-08]"
/multi_agv/m2b_algorithm_state,1789558528.507298,1789558528.507298,m2b_algorithm_state_v1:header6+3x20,"[1.0,-0.15,0.52,4.995837714069681,0.10125039789323013,1789558528.5071766,4.9944174233531005,0.1010752139715372,0.0036904376666666654,0.0015404036968470832,0.0006967247901975776,0.0005695444552671985,0.004584685874999997,4.99622787667276,0.09970204962035097,0.0018104533196598993,-0.001373164351186229,-0.0013762047067361301,1.0044511558454958,6.268544627773824e-08,0.000886861942838744,-0.0009773209946231229,-0.0009773209946231229,0.15861844237348083,0.9977907679467891,6.296446896836491e-08,4.995397898053428,0.10150169894431878,0.002796189458333334,-0.0009437961344187524,0.0016671068513955944,0.0007539892662026537,-0.0017884964166666626,4.99387731064507,0.10165342290351911,-0.0015205874083576987,0.00015172395920033666,0.00015168747690529757,0.9995193728778782,-4.67483433776666e-10,-0.0017490467835418258,0.005200334198492944,0.005200334198492944,0.15476093149255007,1.0002405096042428,-4.672587485592502e-10,4.994711265902359,0.1011741946508977,0.0036904376666666654,0.0013236288199488487,0.0009824173398128352,0.0005149067731508427,0.0032930326916666636,4.996663903868154,0.10105299547014353,0.0019526379657950343,-0.0001211991807541779,-0.00012122261205768542,1.0003868348509597,4.1906407588226294e-10,0.0023195748451861073,-0.006852801056989105,-0.006852801056989105,0.15486108032688242,0.9998067084753433,4.1922618447159943e-10]"
/multi_agv/m2b_algorithm_state,1789558528.517333,1789558528.517333,m2b_algorithm_state_v1:header6+3x20,"[1.0,-0.15,0.52,4.99683774810354,0.10125039710251477,1789558528.517248,4.9954129505489755,0.10107528314130547,0.0036904376666666654,0.0015399142471770773,0.0006967700751959068,0.0005697330564491397,0.004584685874999997,4.997183721498557,0.09949564114407651,0.001770770949581113,-0.0015796419972289588,-0.0015836716889242235,1.0051323839016302,8.293949514719631e-08,0.0006297919980521678,2.397060941978211e-05,2.397060941978211e-05,0.15850443144130263,0.997455475321402,8.336517247689912e-08,4.996393405553571,0.10150165654249133,0.002796189458333334,-0.0009432651308765912,0.0016670744516700253,0.0007537759477836276,-0.0017884964166666626,4.994945755590882,0.10225418749057265,-0.0014476499626887573,0.000752530948081323,0.0007516375507969425,0.9976323968664393,-1.1488867244014808e-08,-0.001057924902564004,0.00248285846986345,0.00248285846986345,0.1548429876832473,1.0011886011860813,-1.1461666165926816e-08,4.995706786106496,0.10117425399589355,0.0036904376666666654,0.001323304554008164,0.0009824329031039363,0.0005150392344035028,0.0032930326916666636,4.997670367354679,0.10036446447413522,0.0019635812481837434,-0.0008097895217583362,-0.0008108409979919442,1.0026048481630123,1.871226421261549e-08,0.001643635562237735,-0.004131301610307333,-0.004131301610307333,0.15493691146866911,0.998703227591831,1.8761006819675524e-08]"
/multi_agv/m2b_algorithm_state,1789558528.5273945,1789558528.5273945,m2b_algorithm_state_v1:header6+3x20,"[1.0,-0.15,0.52,4.997843279402942,0.10125036120623597,1789558528.5272372,4.996412984454178,0.1010752795448586,0.0036904376666666654,0.0015399418977370019,0.000696769744679848,0.0005697212430094715,0.004584685874999997,4.998274981526981,0.1005621663371529,0.001861997072802879,-0.0005131132077057093,-0.0005135349904381528,1.0016471972872818,8.745039279762536e-09,0.0018139613505654458,-0.004657328693803727,-0.004657328693803727,0.1583889610532796,0.9991786679772617,8.759444084741334e-09,4.997393439593483,0.10150166036223028,0.002796189458333334,-0.0009432970614368435,0.0016670744698288331,0.0007537897791465298,-0.0017884964166666626,4.995771453942821,0.10154795916166708,-0.0016219856506625163,4.629879943679471e-05,4.629539958188451e-05,0.9998531599639525,-4.3511081281091763e-11,-0.001981186663746261,0.006070227440777452,0.006070227440777452,0.15492459558132596,1.0000734382884888,-4.350469211234798e-11,4.996706820262959,0.10117425140045543,0.0036904376666666654,0.0013233208173702234,0.000982433387365856,0.0005150319329986228,0.0032930326916666636,4.9983342108298245,0.09884943488896013,0.0016273905668651167,-0.002324816511495298,-0.002333582314827819,1.0076070532468289,1.5438572182135592e-07,-0.0002993441062464231,0.0034151917328739847,0.0034151917328739847,0.15501394858441575,0.9962436279719715,1.5556014222780108e-07]"
/multi_agv/m2b_algorithm_state,1789558528.5374591,1789558528.5374591,m2b_algorithm_state_v1:header6+3x20,"[1.0,-0.15,0.52,4.998840607583168,0.10125037875990744,1789558528.5373812,4.997418504428603,0.1010751925212412,0.0036904376666666654,0.0015405593892261122,0.000696712633181917,0.0005694832925580593,0.004584685874999997,4.999407588871142,0.10118335250206868,0.001989084442539202,0.00010815998082748524,0.00010814132739239272,0.9996552178799685,3.8855640374658786e-10,0.002594496880566395,-0.007722128548216878,-0.007722128548216878,0.1583285730318638,1.0001724912717673,3.8842243644595227e-10,4.9983989845977845,0.10150171444471959,0.002796189458333334,-0.0009439691399191806,0.0016671155845253693,0.0007540597154508527,-0.0017884964166666626,4.996782142095532,0.10154795916166708,-0.001616842502252247,4.624471694748833e-05,4.62413250319054e-05,0.9998533315080005,-4.3440407655517245e-11,-0.0019748118027834035,0.006046943913309606,0.006046943913309606,0.1551605989809673,1.000073352473801,-4.3434036316434566e-11,4.997712349182441,0.10117417665274712,0.0036904376666666654,0.0013237306418739194,0.0009824140712550115,0.0005148643375179071,0.0032930326916666636,4.999352189395736,0.09921900900591415,0.0016398402132944412,-0.00195516764683297,-0.001961350287759826,1.0063709776164391,1.0920090956313019e-07,8.844997885822537e-05,0.0018860890408397908,0.0018860890408397908,0.15524448044898426,0.9968477630102893,1.0989662611365168e-07]"
/multi_agv/m2b_algorithm_state,1789558528.547227,1789558528.547227,m2b_algorithm_state_v1:header6+3x20,"[1.0,-0.15,0.52,4.999841002388053,0.10125037629535578,1789558528.5471084,4.9984158378343055,0.1010752359819224,0.0036904376666666654,0.001540250914328984,0.0006967392725476525,0.0005696031471814577,0.004584685874999997,5.00040957558637,0.10047444015117851,0.0019937377520644617,-0.0006007958307438915,-0.000601374464586276,1.0019305904951046,1.1992308897578247e-08,0.001890797725494301,-0.004887869396173374,-0.004887869396173374,0.16,0.9990378144127177,1.201546113515027e-08,4.999396306540905,0.10150168681980656,0.002796189458333334,-0.0009436340064973786,0.0016670968732093172,0.0007539241796973434,-0.0017884964166666626,4.997819637571303,0.10192688258273608,-0.0015766689696015135,0.00042519576292951444,0.00042490983826741946,0.9986572592373906,-3.6700949140468333e-09,-0.0015459263737344724,0.004361025185565678,0.004361025185565678,0.16,1.0006729066647664,-3.665166928003097e-09,4.998709678374294,0.10117421347799338,0.0036904376666666654,0.0013235284043884936,0.0009824228836130995,0.0005149474157392906,0.0032930326916666636,5.000535537459633,0.10018863030011048,0.0018258590853390544,-0.000985583177882901,-0.0009871427952715772,1.003176629114613,2.7726462861583244e-08,0.0012951810614022408,-0.0028160926700064085,-0.0028160926700064085,0.16,0.9984200691164978,2.7814539550754583e-08]"
/multi_agv/m2b_algorithm_state,1789558528.5571642,1789558528.5571642,m2b_algorithm_state_v1:header6+3x20,"[1.0,-0.15,0.52,5.00083707876119,0.10125040126552587,1789558528.5570478,4.999416231736805,0.10107523016122338,0.0036904376666666654,0.0015402924996903078,0.0006967349067622305,0.0005695873925110672,0.004584685874999997,5.001359561990339,0.09891079506150562,0.0019433302535336594,-0.002164435099717768,-0.002172034090489201,1.0070788642404236,1.558150437367974e-07,0.0002571287264278733,0.0016016100035659852,0.0016016100035659852,0.16,0.9965014403757718,1.5691803727802586e-07,5.000396702456198,0.10150169039519596,0.002796189458333334,-0.0009436798062561098,0.001667100204435279,0.0007539422995204992,-0.0017884964166666626,4.998835521507287,0.10192688258273608,-0.0015611809489115558,0.00042519218754011323,0.0004249062676927062,0.9986572705388711,-3.6702112683152762e-09,-0.0015265699184467386,0.004292162689417999,0.004292162689417999,0.16,1.000672900988163,-3.665283167516742e-09,4.9997100729711565,0.10117420832964805,0.0036904376666666654,0.0013235567854917823,0.0009824214036320287,0.0005149358834630386,0.0032930326916666636,5.001533767418441,0.0990739278409875,0.001823694447284474,-0.0021002804886605525,-0.002107422738711109,1.0068550164176189,1.2600783448815256e-07,0.0001721953203944835,0.0016554544510810846,0.0016554544510810846,0.16,0.9966109077598143,1.2687162026231745e-07]"
/multi_agv/m2b_algorithm_state,1789558528.567376,1789558528.567376,m2b_algorithm_state_v1:header6+3x20,"[1.0,-0.15,0.52,5.001839614687749,0.1012503844326081,1789558528.5672047,5.000412315904991,0.10107528988690026,0.0036904376666666654,0.001539870319560635,0.0006967746419036301,0.0005697497218938026,0.004584685874999997,5.0022699425932675,0.09802076998244665,0.0018576266882766035,-0.0030545199044536148,-0.0030697554800912835,1.0100902285715012,3.104125889651553e-07,-0.0007477221197455292,0.0055253213156337255,0.0055253213156337255,0.16,0.9950368764755114,3.135447229392852e-07,5.0013927693302,0.1015016541684251,0.002796189458333334,-0.0009432220668034201,0.0016670717070290664,0.0007537587086976771,-0.0017884964166666626,4.999936419900935,0.10204599360255122,-0.0014563494292643142,0.0005443394341261149,0.000543871245088582,0.9982833402279306,-6.011913632815179e-09,-0.0012765655414918107,0.0033518912503951474,0.0033518912503951474,0.16,1.0008608453595602,-6.00159322252857e-09,5.000706151048379,0.10117425974125227,0.0036904376666666654,0.0013232763035496207,0.0009824351942776316,0.000515050288122747,0.0032930326916666636,5.002386761328514,0.09794663470541765,0.0016806102801343314,-0.003227625035834625,-0.0032446360234135055,1.0106687217610621,2.977389646192676e-07,-0.0011438731732455912,0.006773214859774954,0.006773214859774954,0.16,0.9947571969687421,3.009154587902173e-07]"
/multi_agv/m2b_algorithm_state,1789558528.5772047,1789558528.5772047,m2b_algorithm_state_v1:header6+3x20,"[1.0,-0.15,0.52,5.002836832198937,0.1012504019526415,1789558528.57704,5.001414846636276,0.10107524788734354,0.0036904376666666654,0.0015401696950624794,0.0006967486286422186,0.0005696334858160622,0.004584685874999997,5.003370017989347,0.09964906612664358,0.0019551713530709947,-0.00142618176069996,-0.001429462731581209,1.004625775159303,6.761156127452508e-08,0.0010145014597575342,-0.0014041141981640422,-0.0014041141981640422,0.16,0.9977047524158815,6.792431715515047e-08,5.002395311440928,0.10150168135180604,0.002796189458333334,-0.0009435489654862367,0.0016670902595361525,0.0007538907575937864,-0.0017884964166666626,5.000955833559389,0.10204599360255122,-0.0014394778815391973,0.0005443122507451797,0.0005438441085440524,0.9982834260585014,-6.0133959479998445e-09,-0.0012555032433799443,0.0032766619347656305,0.0032766619347656305,0.16,1.0008608021927103,-6.003073509215595e-09,5.001708685986044,0.10117422405867475,0.0036904376666666654,0.001323473263861365,0.000982426795798963,0.0005149692820722706,0.0032930326916666636,5.003435769156209,0.09871243629064179,0.0017270831701647893,-0.0024617877680329636,-0.002471627050960665,1.008067652967829,1.731490483612409e-07,-0.00031277308825467844,0.0035227089138386027,0.0035227089138386027,0.16,0.9960191069587634,1.7454595479512923e-07]"
/multi_agv/m2b_algorithm_state,1789558528.5871685,1789558528.5871685,m2b_algorithm_state_v1:header6+3x20,"[1.0,-0.15,0.52,5.003843261471854,0.10125036014104717,1789558528.5870225,5.002412069646772,0.10107528927379675,0.0036904376666666654,0.0015398778323222925,0.0006967767864844983,0.0005697453499400232,0.004584685874999997,5.004491252651533,0.10083743576270732,0.002079183004760843,-0.00023785351108943087,-0.0002379439549577103,1.0007611834661034,1.8786815925948232e-09,0.0023610348009933434,-0.006727752373563418,-0.006727752373563418,0.16,0.9996198942381389,1.8801116139611793e-09,5.003392522206399,0.10150165674694346,0.002796189458333334,-0.000943233135484934,0.0016670700223855306,0.0007537643829059193,-0.0017884964166666626,5.001898157077728,0.10189183425786985,-0.0014943651286705162,0.00039017751092638997,0.00038993667920282036,0.9987673529985629,-3.08922973837496e-09,-0.001478019731635325,0.004135150252081537,0.004135150252081537,0.16,1.0006176175169312,-3.085421808601202e-09,5.00270590474364,0.10117425983718425,0.0036904376666666654,0.0013232787079785705,0.000982436753041594,0.0005150484351205621,0.0032930326916666636,5.004577761158693,0.09949079887698209,0.0018718564150530526,-0.0016834609602021655,-0.0016880352391358442,1.0054688445379156,8.091650709180787e-08,0.0006517852796804715,-0.00022321246315021542,-0.00022321246315021542,0.16,0.9972901756861304,8.135902688964411e-08]"
/multi_agv/m2b_algorithm_state,1789558528.5971227,1789558528.5971227,m2b_algorithm_state_v1:header6+3x20,"[1.0,-0.15,0.52,5.0048390652004775,0.10125038737089655,1789558528.5969696,5.003418485758739,0.10107518787256019,0.0036904376666666654,0.0015405972380223617,0.0006967103945818558,0.0005694680510999999,0.004584685874999997,5.005120890919127,0.10100324423691225,0.0017024051603877766,-7.194363564794193e-05,-7.195189985609678e-05,1.0002298036034163,1.7193780391899956e-10,0.0020560545506286237,-0.005724163561970963,-0.005724163561970963,0.16,0.9998851425998286,1.7197731584590363e-10,5.0043989674063125,0.10150171975801718,0.002796189458333334,-0.0009440159477880606,0.0016671178033771383,0.0007540788509100005,-0.0017884964166666626,5.002911258109814,0.10189183425786985,-0.0014877092964988847,0.0003901144998526701,0.00038987374599931755,0.998767552234745,-3.0907942859121418e-09,-0.0014697628746242882,0.004105042603521554,0.004105042603521554,0.16,1.0006175174805256,-3.0869850434016063e-09,5.003712331250509,0.10117417279256417,0.0036904376666666654,0.0013237558756317002,0.000982414290384437,0.0005148532857168911,0.0032930326916666636,5.005177017433487,0.09917070856794263,0.0014646861829783475,-0.00200346422462154,-0.002009958447699255,1.0065319041569614,1.1466837435800779e-07,-0.0001791007189763205,0.0028505709589976194,0.0028505709589976194,0.16,0.9967689764506581,1.1541737718914886e-07]"
/multi_agv/m2b_algorithm_state,1789558528.6071906,1789558528.6071906,m2b_algorithm_state_v1:header6+3x20,"[1.0,-0.15,0.52,5.0058431497573155,0.10125036108744616,1789558528.6070354,5.004414297759678,0.10107525461314945,0.0036904376666666654,0.0015401238484015925,0.0006967524907244274,0.0005696513495879823,0.004584685874999997,5.006001751540722,0.09944173297666922,0.001587453781043635,-0.0016335216364802285,-0.0016378326627322231,1.0053106674524135,8.870921265381648e-08,0.00034648456357232074,0.0010484399736913693,0.0010484399736913693,0.16,0.9973678469418219,8.918031778218632e-08,5.005394761199016,0.10150167783799145,0.002796189458333334,-0.0009435015939087549,0.0016670879956146578,0.0007538714012846753,-0.0017884964166666626,5.003715396698302,0.1027301634023345,-0.0016793645007133762,0.001228485564343046,0.0012261132777261323,0.9961558803937386,-3.06146023297593e-08,-0.000873092348165588,0.00161437241744643,0.00161437241744643,0.16,1.0019348021589924,-3.049691613670558e-08,5.004708136642739,0.10117422966154878,0.0036904376666666654,0.0013234439796857077,0.0009824283978935094,0.0005149811422834904,0.0032930326916666636,5.0061399081151645,0.09883983727979515,0.0014317714724256803,-0.0023343923817536333,-0.002343231185771792,1.0076392111773498,1.5567564733894255e-07,-0.0005535168452396916,0.004314230916065678,0.004314230916065678,0.16,0.9962279419667046,1.5686488648413537e-07]"
/multi_agv/m2b_algorithm_state,1789558528.617109,1789558528.617109,m2b_algorithm_state_v1:header6+3x20,"[1.0,-0.15,0.52,5.006841617217983,0.10125037144217669,1789558528.6169822,5.00541837392855,0.1010751914600778,0.0036904376666666654,0.0015405714411561686,0.0006967102092851,0.0005694793293444574,0.004584685874999997,5.006802099144454,0.09837236164572344,0.0013837252159039082,-0.0027028298143543655,-0.0027147275144554306,1.0088933279622128,2.431027112066809e-07,-0.0009850709945755454,0.0062086332421238625,0.0062086332421238625,0.16,0.995617350162139,2.45264703345945e-07,5.006398855963848,0.10150171658532431,0.002796189458333334,-0.0009439884191649655,0.0016671186195962306,0.0007540664936344643,-0.0017884964166666626,5.0047293899478476,0.1027301634023345,-0.001669466016000598,0.0012284468170101898,0.0012260746805926974,0.9961560019738364,-3.062846202691487e-08,-0.0008607578394080502,0.0015699271146404764,0.0015699271146404764,0.16,1.001934740562741,-3.0510726279338985e-08,5.00571221937955,0.10117417521693635,0.0036904376666666654,0.0013237419270106577,0.0009824139131509035,0.0005148595281074995,0.0032930326916666636,5.007182227131684,0.09956812178143687,0.0014700077521343502,-0.0016060534354994799,-0.0016102143009828845,1.0052128369013216,7.366829637920172e-08,0.0002272953891850533,0.0012403976224563107,0.0012403976224563107,0.16,0.9974159554533426,7.405231719302472e-08]"
/multi_agv/m2b_algorithm_state,1789558528.6270874,1789558528.6270874,m2b_algorithm_state_v1:header6+3x20,"[1.0,-0.15,0.52,5.0078423963160095,0.10125036677204187,1789558528.6269722,5.006416844335648,0.10107521786341654,0.0036904376666666654,0.0015403833747074896,0.0006967252648786724,0.0005695530171856144,0.004584685874999997,5.008311683582499,0.09937802589809076,0.0018948392468507436,-0.0016971919653257783,-0.0017018478399777473,1.0055216238480071,9.577952654782843e-08,0.0006667012185856821,-5.251135353188745e-05,-5.251135353188745e-05,0.16,0.9972642238967557,9.630838506576575e-08,5.007397319985647,0.10150169914944937,0.002796189458333334,-0.0009437837011922528,0.0016671083029926592,0.0007539831218180415,-0.0017884964166666626,5.005603576353514,0.10145673941784451,-0.0017937436321329159,-4.495973160485722e-05,-4.496293985577923e-05,1.0001427409399966,-4.105438161219737e-11,-0.002287142480021924,0.007194511799218297,0.007194511799218297,0.16,0.9999286467714902,-4.1060241753219675e-11,5.006710687332653,0.10117419731366416,0.0036904376666666654,0.0013236198585387044,0.0009824186457756852,0.000514909978294579,0.0032930326916666636,5.008557457682108,0.09992187854029215,0.001846770349454907,-0.0012523187733720076,-0.0012548418775461707,1.0040485192963213,4.4776137512253456e-08,0.001053621059272463,-0.0018387387330960842,-0.0018387387330960842,0.16,0.9979893050914932,4.495741456898655e-08]"
/multi_agv/m2b_algorithm_state,1789558528.6373909,1789558528.6373909,m2b_algorithm_state_v1:header6+3x20,"[1.0,-0.15,0.52,5.008840370539606,0.10125038005264941,1789558528.6373456,5.007417621756469,0.10107520749319601,0.0036904376666666654,0.0015404562913055296,0.0006967169000539281,0.0005695257618142154,0.004584685874999997,5.009472306916585,0.10096635288109279,0.0020546851601164207,-0.00010885461210322078,-0.00010887353689474909,1.0003478505857173,3.935969825297633e-10,0.002459482913250777,-0.007138362923710291,-0.007138362923710291,0.16,0.9998261763871361,3.937338954706729e-10,5.008398101208218,0.10150170480395462,0.002796189458333334,-0.0009438628061712454,0.0016671146766267242,0.000754014095738248,-0.0017884964166666626,5.006751077658384,0.1035488792229734,-0.001647023549834259,0.002047174419018777,0.002040627533541768,0.9936537694182267,-8.499707149313981e-08,-1.8151903751055434e-05,-0.001805992262095183,-0.001805992262095183,0.16,1.0032082706762493,-8.445766047866888e-08,5.007711465983341,0.10117418801897499,0.0036904376666666654,0.0013236700375038211,0.0009824155307340387,0.0005148898479772806,0.0032930326916666636,5.0095166447744655,0.09906633512075824,0.0018051787911241846,-0.0021078528982167444,-0.002115047155014058,1.006880319763082,1.2692960475753167e-07,0.00014142633389117257,0.0017673447746730535,0.0017673447746730535,0.16,0.996598535980506,1.278029210256651e-07]"
/multi_agv/m2b_algorithm_state,1789558528.6473393,1789558528.6473393,m2b_algorithm_state_v1:header6+3x20,"[1.0,-0.15,0.52,5.009843082183544,0.10125036276697863,1789558528.6471934,5.008415599970738,0.10107524022949407,0.0036904376666666654,0.0015402239647651877,0.0006967372440607629,0.0005696158838115472,0.004584685874999997,5.0105066119489585,0.1011870227087985,0.0020910119782202585,0.00011178247930442031,0.00011176255602036253,0.9996436852838607,4.1492783408616307e-10,0.0027255275287956858,-0.008189556848620562,-0.008189556848620562,0.16,1.000178264391646,4.147799891927424e-10,5.0093960706618725,0.10150168408004265,0.002796189458333334,-0.0009436102899519948,0.001667100366798735,0.0007539120821797168,-0.0017884964166666626,5.007941498220667,0.10357245841561775,-0.0014545724412053929,0.002070774335575107,0.00206407683480435,0.9935823430046614,-8.69432887098524e-08,0.0002458612832976089,-0.002760478161207849,-0.002760478161207849,0.16,1.0032447923729504,-8.638531650486587e-08,5.008709440986208,0.1011742158484115,0.0036904376666666654,0.0013235172461527438,0.0009824222826878342,0.0005149525649702788,0.0032930326916666636,5.010467688149053,0.09892968920186071,0.0017582471628445617,-0.0022445266465507957,-0.0022526925005410007,1.0073377116460622,1.439199088976586e-07,-5.488354698529856e-05,0.002519312294455122,0.002519312294455122,0.16,0.9963750693944052,1.4497595168927716e-07]"
/multi_agv/m2b_algorithm_state,1789558528.6573558,1789558528.6573558,m2b_algorithm_state_v1:header6+3x20,"[1.0,-0.15,0.52,5.0108399451265475,0.10125038319467901,1789558528.6572685,5.009418306063499,0.10107519896654885,0.0036904376666666654,0.001540516116573892,0.0006967092468727282,0.0005695038108288971,0.004584685874999997,5.011253533255533,0.09959136391841696,0.0018352271920338836,-0.0014838350481318902,-0.0014873881919823938,1.004815903222857,7.320776306084304e-08,0.0008066457980599607,-0.0006433653303428467,-0.0006433653303428467,0.16,0.9976111523073422,7.35603245629059e-08,5.010398789090266,0.10150170913999115,0.002796189458333334,-0.000943927787015313,0.0016671207201692795,0.0007540391190375695,-0.0017884964166666626,5.008971862412238,0.10357245841561775,-0.0014269266780280176,0.0020707492756266016,0.0020640519379751727,0.9935824210342674,-8.697042922053761e-08,0.00028039359044015064,-0.0028842558496204995,-0.0028842558496204995,0.16,1.0032447524833115,-8.641228962333116e-08,5.009712151396864,0.10117418019439589,0.0036904376666666654,0.0013237120573244255,0.0009824125911933376,0.0005148731630396988,0.0032930326916666636,5.011567331236798,0.10018162104983147,0.0018551798399339958,-0.00099255914456442,-0.000994141002023234,1.0031993668701324,2.8124388634493136e-08,0.0013248337978942607,-0.0029175686720375412,-0.0029175686720375412,0.16,0.9984088198197292,2.8214368871733062e-08]"
/multi_agv/m2b_algorithm_state,1789558528.6674392,1789558528.6674392,m2b_algorithm_state_v1:header6+3x20,"[1.0,-0.15,0.52,5.011848714078789,0.10125032685049988,1789558528.667256,5.01041517524377,0.10107524901211828,0.0036904376666666654,0.0015401610304464157,0.0006967409419184273,0.0005696412397824173,0.004584685874999997,5.012171128586581,0.0991921863029746,0.0017559533428110896,-0.0018830627091436791,-0.0018888022417010229,1.0061391631621353,1.1790481622418468e-07,0.00030613943681283913,0.0013028268698677555,0.0013028268698677555,0.16,0.996961284548151,1.1862865312858652e-07,5.011395644543857,0.1015016776830688,0.002796189458333334,-0.0009435417329431437,0.00166709825192779,0.0007538834651693305,-0.0017884964166666626,5.00945858792729,0.10251832914475816,-0.0019370566165664016,0.0010166514616893607,0.0010150241542824564,0.9968110422884431,-2.097092662790416e-08,-0.0014062966164255456,0.003607656262315179,0.003607656262315179,0.16,1.0016032203766174,-2.090405122971561e-08,5.010709015592016,0.10117422288884997,0.0036904376666666654,0.0013234778130920607,0.0009824231915077416,0.0005149691849190108,0.0032930326916666636,5.012457706130996,0.09974990628592584,0.001748690538979858,-0.001424316602924136,-0.0014275845992050222,1.0046134994999274,5.7920701906351684e-08,0.0007582785745198003,-0.0007167256970433077,-0.0007167256970433077,0.16,0.9977108212832319,5.8187919035632084e-08]"
/multi_agv/m2b_algorithm_state,1789558528.6776114,1789558528.6776114,m2b_algorithm_state_v1:header6+3x20,"[1.0,-0.15,0.52,5.012843897117975,0.10125035899892694,1789558528.6774724,5.011423926288635,0.10107511439978124,0.0036904376666666654,0.0015411135968782332,0.0006966502564774045,0.0005692755116847774,0.004584685874999997,5.013224327504846,0.100008253135578,0.001800401216210723,-0.001066861264203245,-0.0010686922847036595,1.0034463411927175,3.784839222807775e-08,0.0011818092355597443,-0.0021598848343913077,-0.0021598848343913077,0.16,0.9982866719198572,3.79788307012915e-08,5.012404435351739,0.1015017594316399,0.002796189458333334,-0.0009445761498696878,0.001667163818850348,0.0007542977434200626,-0.0017884964166666626,5.010486266104796,0.10251832914475816,-0.001918169246942547,0.0010165697131182538,0.0010149426682045646,0.9968112992936621,-2.0990534633426904e-08,-0.0013827688904736193,0.0035228365690013553,0.0035228365690013553,0.16,1.0016030904647721,-2.0923602100814885e-08,5.011717780595992,0.1011741067200785,0.0036904376666666654,0.0013241122583407482,0.0009823917874754347,0.0005147105127274172,0.0032930326916666636,5.01341021015436,0.09913712504503018,0.0016924295583677917,-0.002036981675048316,-0.0020436967099634246,1.0066436929810822,1.1857179990529063e-07,7.184023799631503e-05,0.0019814236705365923,0.0019814236705365923,0.16,0.9967142703306359,1.193595545400757e-07]"
/multi_agv/m2b_algorithm_state,1789558528.6872635,1789558528.6872635,m2b_algorithm_state_v1:header6+3x20,"[1.0,-0.15,0.52,5.0138420361911225,0.10125037143360936,1789558528.6870892,5.012419118891966,0.10107519539584603,0.0036904376666666654,0.0015405365015441438,0.0006966985836635679,0.0005695005212064312,0.004584685874999997,5.014382106087283,0.10169891072279319,0.0019629871953172895,0.0006237153269471607,0.000623097444259073,0.9980233755103216,1.291600164418439e-08,0.003076831438405685,-0.009687534437320325,-0.009687534437320325,0.16,1.0009916309138813,1.2890471559025769e-08,5.013399607105537,0.10150170653207301,0.002796189458333334,-0.0009439469075179186,0.0016671299626871416,0.00075404259943819,-0.0017884964166666626,5.011431845732995,0.10285607875304392,-0.001967761372542398,0.0013543722209709147,0.0013514915889386056,0.9957680512390662,-3.722457783643719e-08,-0.001108210126739392,0.0023967961358852207,0.0023967961358852207,0.16,1.002131446511311,-3.7067045330385997e-08,5.012712965356421,0.1011741750688618,0.0036904376666666654,0.0013237348856217448,0.000982407204062996,0.0005148660699615666,0.0032930326916666636,5.01440634682061,0.0993866205605838,0.0016933814641886258,-0.0017875545082779998,-0.0017927160121509829,1.005813820825223,9.127035138108666e-08,0.00032401081808479935,0.0009805457507068996,0.0009805457507068996,0.16,0.9971208468948799,9.180098085067144e-08]"
/multi_agv/m2b_algorithm_state,1789558528.6970265,1789558528.6970265,m2b_algorithm_state_v1:header6+3x20,"[1.0,-0.15,0.52,5.014838720245115,0.10125039266576963,1789558528.6969173,5.013417261712781,0.10107522641594216,0.0036904376666666654,0.0015403157357783792,0.0006967175373500103,0.0005695863552584554,0.004584685874999997,5.015370091739307,0.10096751444009787,0.001952830026525909,-0.00010771197584429071,-0.00010773050525302995,1.0003441946897382,3.853417473022164e-10,0.0023333070279043565,-0.00669129987232589,-0.00669129987232589,0.16,0.9998280022107413,3.854743798853723e-10,5.014397741734004,0.10150168650735433,0.002796189458333334,-0.0009437062559839193,0.001667116628644827,0.000753945221234939,-0.0017884964166666626,5.012522795709142,0.10364941876320259,-0.0018749460248619343,0.0021477322558482587,0.002140531911406088,0.9933497044009985,-9.35298353246216e-08,-0.0002031506196713299,-0.0011899993974378985,-0.0011899993974378985,0.16,1.0033638108377654,-9.290783427238693e-08,5.013711105126582,0.10117420137753157,0.0036904376666666654,0.0013235898857387567,0.0009824133308387944,0.0005149257348442743,0.0032930326916666636,5.01538728175014,0.10077705380123256,0.0016761766235582343,-0.000397147576299009,-0.00039739969569869694,1.001271555185838,4.500447962204187e-09,0.001697821083749096,-0.004516675130109878,-0.004516675130109878,0.16,0.9993655772703984,4.506170530149122e-09]"
/multi_agv/m2b_algorithm_state,1789558528.7070506,1789558528.7070506,m2b_algorithm_state_v1:header6+3x20,"[1.0,-0.15,0.52,5.015840741009781,0.10125037933907403,1789558528.706862,5.014413952480931,0.10107527722906329,0.0036904376666666654,0.0015399561227446602,0.000696751596888489,0.000569724516558348,0.004584685874999997,5.016238724682868,0.09861019436952269,0.0018247722019371082,-0.002465082859540599,-0.0024749618321710663,1.0080894214870655,2.021037288582717e-07,-0.0001939965797496811,0.0033226867891924658,0.0033226867891924658,0.16,0.9960084343515708,2.0373863110511388e-07,5.015394417615107,0.10150165555111175,0.002796189458333334,-0.0009433156388980136,0.001667092109976842,0.0007537886560263357,-0.0017884964166666626,5.0135890127329885,0.10315294543943108,-0.0018054048821181112,0.001651289888319335,0.0016470174181845954,0.9948577608584007,-5.528608141223543e-08,-0.0006097386844630436,0.0004868508625455372,0.0004868508625455372,0.16,1.0025940649367562,-5.500178716041179e-08,5.014707790639306,0.10117424521713388,0.0036904376666666654,0.0013233503723298653,0.0009824250713891484,0.0005150234476156141,0.0032930326916666636,5.016412610224782,0.10025464638474783,0.0017048195854760806,-0.0009195988323860427,-0.0009209559325962327,1.002961745192805,2.4133851158269253e-08,0.001210068549248868,-0.0025457120271836432,-0.0025457120271836432,0.16,0.9985264222074511,2.4205329475921128e-08]"
/multi_agv/m2b_algorithm_state,1789558528.717292,1789558528.717292,m2b_algorithm_state_v1:header6+3x20,"[1.0,-0.15,0.52,5.0168424489605306,0.10125036844381481,1789558528.7171254,5.015415969226199,0.10107524389069275,0.0036904376666666654,0.0015401934774527098,0.0006967313357666425,0.0005696321719501156,0.004584685874999997,5.0169962615652715,0.0970518389685169,0.001580292339072642,-0.004023404922175858,-0.004050031766672952,1.0134357202361373,5.390128982419752e-07,-0.002074666342832149,0.01058283862567576,0.01058283862567576,0.16,0.9934255220622707,5.462549247464239e-07,5.016396443159528,0.10150167710383055,0.002796189458333334,-0.0009435742455432706,0.001667106449238176,0.0007538932942695725,-0.0017884964166666626,5.014617321236662,0.10315294543943108,-0.0017791219228664445,0.0016512683356005309,0.0016469959775509547,0.9948578282250552,-5.52997897522445e-08,-0.000576906426032101,0.00036937645969957185,0.00036937645969957185,0.16,1.0025940306520535,-5.501542873422013e-08,5.015709810643619,0.10117421702269878,0.0036904376666666654,0.0013235058093430895,0.0009824185013213253,0.0005149594892272635,0.0032930326916666636,5.017345195634788,0.0993421060518336,0.0016353849911689977,-0.0018321109708651778,-0.0018375348095143725,1.0059617236081553,9.58632963274621e-08,0.00020669642944687468,0.00141403535826463,0.00141403535826463,0.16,0.997048306992003,9.643480680433312e-08]"
/multi_agv/m2b_algorithm_state,1789558528.7271998,1789558528.7271998,m2b_algorithm_state_v1:header6+3x20,"[1.0,-0.15,0.52,5.017842830038142,0.10125036634959488,1789558528.7270813,5.016417673746952,0.10107521759409654,0.0036904376666666654,0.0015403798204051554,0.0006967140046405967,0.0005695604147786912,0.004584685874999997,5.018607718036416,0.09742230868451107,0.0021900442894642325,-0.0036529089095854728,-0.0036747967368553815,1.0121480708248243,4.4426364400682345e-07,-0.000937241375025091,0.006446875673084022,0.006446875673084022,0.16,0.9940437991983635,4.4966059021911285e-07,5.017398155279743,0.10150169329406664,0.002796189458333334,-0.0009437767136785142,0.0016671189576387135,0.0007539745507554874,-0.0017884964166666626,5.015592492785381,0.10106281816818746,-0.0018056624943616484,-0.00043887512587917343,-0.00043918174422855077,1.0013996126399567,-3.913000090667878e-09,-0.002696259862180611,0.008810285680356167,0.008810285680356167,0.16,0.9993018417695936,-3.918476775054929e-09,5.016711517854895,0.10117419444328124,0.0036904376666666654,0.001323629371223334,0.0009824125671296091,0.0005149090166951626,0.0032930326916666636,5.018561400455077,0.09912379588910473,0.0018498826001822621,-0.002050398554176505,-0.0020572030190235202,1.0066884546636536,1.2009613188702345e-07,0.00025515023120430743,0.0013409637143609848,0.0013409637143609848,0.16,0.9966923707655042,1.2089938942042998e-07]"
/multi_agv/m2b_algorithm_state,1789558528.7370973,1789558528.7370973,m2b_algorithm_state_v1:header6+3x20,"[1.0,-0.15,0.52,5.018836725115193,0.10125040531275546,1789558528.736982,5.017418054059342,0.10107521322045075,0.0036904376666666654,0.0015404101621438473,0.0006967101278767978,0.0005695492793834074,0.004584685874999997,5.0198715460986625,0.09966768896522624,0.0024534920393204374,-0.0014075242552245154,-0.001410719495694713,1.0045643022354287,6.586358664170494e-08,0.0016561455534558336,-0.0036787640146801336,-0.0036787640146801336,0.16,0.9977350277784144,6.616420795744703e-08,5.0183985373552344,0.10150169537605808,0.002796189458333334,-0.0009438092095300724,0.0016671219512769397,0.0007539870793896314,-0.0017884964166666626,5.016599663506991,0.10106281816818746,-0.0017988738482435096,-0.0004388772078706138,-0.00043918382912533523,1.0013996192732442,-3.913171917656322e-09,-0.0026877761394297223,0.008780183658280896,0.008780183658280896,0.16,0.99930183846857,-3.918648868491791e-09,5.01771189869985,0.10117419045227577,0.0036904376666666654,0.0013236505265622513,0.0009824110118659135,0.0005149006556569541,0.0032930326916666636,5.019679851040251,0.10053748249053567,0.0019679523404008137,-0.0006367079617401045,-0.0006373571470533744,1.0020440944148692,1.156976332666606e-08,0.0018225832784476426,-0.0048459168187698414,-0.0048459168187698414,0.16,0.9989814418552123,1.1593413015263457e-08]"
/multi_agv/m2b_algorithm_state,1789558528.7473092,1789558528.7473092,m2b_algorithm_state_v1:header6+3x20,"[1.0,-0.15,0.52,5.019843547037508,0.10125036079281018,1789558528.7471898,5.018411961410612,0.10107530676454768,0.0036904376666666654,0.0015397478865056065,0.0006967723771696297,0.0005698039694945448,0.004584685874999997,5.020909563064539,0.09879409474618074,0.002497601653926651,-0.0022812120183669377,-0.0022896605106641726,1.007470579444761,1.7303394189523183e-07,0.0008323415567441411,-0.0003719550604972502,-0.0003719550604972502,0.16,0.9963101550391922,1.743266057048003e-07,5.019392417507009,0.10150163816131992,0.002796189458333334,-0.0009430898336148475,0.001667077175446785,0.0007536985456933765,-0.0017884964166666626,5.017914866996216,0.10202516985456422,-0.0014775505107929021,0.0005235316932443029,0.0005230985453409852,0.9983485691594334,-5.560382404802656e-09,-0.0013238395931501425,0.0035292196776746387,0.0035292196776746387,0.16,1.0008280426454548,-5.5511998178140214e-09,5.01870579642796,0.10117427101239879,0.0036904376666666654,0.0013232101554017184,0.0009824324129442015,0.0005150804074189599,0.0032930326916666636,5.020753848368211,0.10042850721282777,0.002048051940251483,-0.000745763799571017,-0.0007466551485699261,1.0023971604670552,1.5868449426611526e-08,0.0018134097767444277,-0.004762496469896612,-0.004762496469896612,0.16,0.9988062106038962,1.5906488646250464e-08]"
/multi_agv/m2b_algorithm_state,1789558528.7574475,1789558528.7574475,m2b_algorithm_state_v1:header6+3x20,"[1.0,-0.15,0.52,5.020841114931898,0.10125037679660347,1789558528.7572207,5.019418769536985,0.10107519807967245,0.0036904376666666654,0.00154051916361474,0.0006967026078081415,0.0005695059433371146,0.004584685874999997,5.021717843333316,0.09720564532243754,0.002299073796330653,-0.003869552757234912,-0.003894153755310154,1.0128997561759958,4.986355755928719e-07,-0.0010203115098968377,0.006830028725356246,0.006830028725356246,0.16,0.9936825817312183,5.050678529386973e-07,5.020399256060762,0.10150170620369657,0.002796189458333334,-0.000943928747837359,0.0016671270697630192,0.0007540362326592109,-0.0017884964166666626,5.018779523906983,0.0995915870632286,-0.0016197321537791964,-0.0019101191404679724,-0.0019159922279036196,1.0061937782155992,-7.420817141051663e-08,-0.003940657420127615,0.013804024391819141,0.013804024391819141,0.16,0.9969347018478916,-7.466780036601855e-08,5.019712615514776,0.10117417809506148,0.0036904376666666654,0.0013237198626619763,0.000982408965792692,0.000514871665466079,0.0032930326916666636,5.021718598965188,0.0998912410229524,0.002005983450411364,-0.0012829370721090805,-0.001285585672861344,1.0041489371219905,4.6996922840612724e-08,0.0012218936401528608,-0.002419185087580771,-0.002419185087580771,0.16,0.9979397711034159,4.7191910118405466e-08]"
/multi_agv/m2b_algorithm_state,1789558528.7671244,1789558528.7671244,m2b_algorithm_state_v1:header6+3x20,"[1.0,-0.15,0.52,5.021838942694776,0.10125039063924061,1789558528.767023,5.020416342309579,0.10107523754219405,0.0036904376666666654,0.0015402387997607435,0.0006967273307575178,0.000569614609812968,0.004584685874999997,5.0220805523122065,0.09632428479234688,0.0016642100026276196,-0.004750952749847173,-0.004788283147309054,1.0159946311571875,7.519365321799568e-07,-0.0027080206440245292,0.013089264642054253,0.013089264642054253,0.16,0.9922038032602855,7.639634796657899e-07,5.021396818120016,0.10150168115118652,0.002796189458333334,-0.0009436235917045419,0.001667109564354341,0.0007539130637491676,-0.0017884964166666626,5.018905521905863,0.09883198562607014,-0.002491296214153671,-0.0026696955251163806,-0.0026812342429892223,1.0087312029786264,-1.449874031567114e-07,-0.0057953545106813106,0.020623138094955834,0.020623138094955834,0.16,0.9956964901880494,-1.462533176030166e-07,5.0207101843660995,0.10117421169642982,0.0036904376666666654,0.0013235351693876934,0.0009824171392054824,0.0005149474713112877,0.0032930326916666636,5.022049665744505,0.09964791915567497,0.0013394813784053383,-0.0015262925407548422,-0.0015300481289212207,1.0049494986904923,6.651889191910589e-08,0.0001443035940854522,0.001497444801055922,0.001497444801055922,0.16,0.9975454444240087,6.68481270875525e-08]"
/multi_agv/m2b_algorithm_state,1789558528.77699,1789558528.77699,m2b_algorithm_state_v1:header6+3x20,"[1.0,-0.15,0.52,5.0228395557463505,0.10125038636405453,1789558528.7769053,5.021414174474208,0.10107527039675912,0.0036904376666666654,0.0015400065976564846,0.0006967497164106712,0.0005697036159213853,0.004584685874999997,5.023191948030464,0.09754886683250939,0.0017777735562560792,-0.0035264035642497277,-0.003546782253914205,1.0117107700793047,4.138919265308267e-07,-0.0013245653085941058,0.007749865649728601,0.007749865649728601,0.16,0.9942543161080759,4.1873891972010966e-07,5.022394640500533,0.1015016613911699,0.002796189458333334,-0.0009433716520306822,0.0016670934172697827,0.0007538122557878557,-0.0017884964166666626,5.01988842468216,0.09883198562607014,-0.002506215818373292,-0.0026696757650997577,-0.002681214313507124,1.008731138718895,-1.4494655832628698e-07,-0.005813984086473739,0.02068888167192384,0.02068888167192384,0.16,0.9956965214047835,-1.462121068338602e-07,5.021708013109588,0.10117424012979281,0.0036904376666666654,0.001323380131697759,0.0009824249535340442,0.0005150106094151995,0.0032930326916666636,5.023171363337832,0.10105309457664856,0.0014633502282439537,-0.00012114555314425568,-0.000121168963692939,1.0003866632135643,4.186145383287629e-10,0.001708018821612003,-0.004682985165040702,-0.004682985165040702,0.16,0.9998067941825215,4.1877640117139783e-10]"
/multi_agv/m2b_algorithm_state,1789558528.787185,1789558528.787185,m2b_algorithm_state_v1:header6+3x20,"[1.0,-0.15,0.52,5.023842611678304,0.10125036664686021,1789558528.7870576,5.022414786328318,0.1010752589145462,0.0036904376666666654,0.001540089143279352,0.0006967437862229527,0.0005696709204083019,0.004584685874999997,5.024226957869539,0.09762353818148278,0.0018121715412204864,-0.003451720733063421,-0.0034712344536640296,1.0114531812750638,3.965490551281522e-07,-0.0012060200271384216,0.007302907117563548,0.007302907117563548,0.16,0.9943784492631976,4.010908033409902e-07,5.023395254906573,0.10150166949113572,0.002796189458333334,-0.0009434621761844472,0.0016670974806665129,0.0007538493812435515,-0.0017884964166666626,5.021624029741376,0.10064653157093216,-0.0017712251651973432,-0.0008551379202035581,-0.0008563056877240237,1.0027400108340263,-1.4855247642093669e-08,-0.0030703371442207025,0.010306885887971663,0.010306885887971663,0.16,0.9986362726101127,-1.489595118157515e-08,5.022708626004161,0.10117423068648168,0.0036904376666666654,0.0013234329912417127,0.000982423295908719,0.0005149885591074336,0.0032930326916666636,5.02423510593811,0.10069202706092019,0.0015264799339487212,-0.000482203625561492,-0.00048257553926432477,1.0015453673053691,6.634175584953624e-09,0.0014255243781715766,-0.003511842383574494,-0.003511842383574494,0.16,0.9992293150552145,6.64442782300069e-09]"
/multi_agv/m2b_algorithm_state,1789558528.7969015,1789558528.7969015,m2b_algorithm_state_v1:header6+3x20,"[1.0,-0.15,0.52,5.0248367122480175,0.10125040433011605,1789558528.7967699,5.023417836081692,0.10107521110794503,0.0036904376666666654,0.0015404281519260394,0.0006967125790657387,0.0005695402065972795,0.004584685874999997,5.025601137566075,0.09756408774435038,0.002183301484382838,-0.0035111233635946454,-0.0035313235292656546,1.0116580417065997,4.1042128836265674e-07,-0.0008021966737871071,0.005913168034746381,0.005913168034746381,0.16,0.994279718212279,4.1520599685966497e-07,5.02439831831966,0.10150169914770138,0.002796189458333334,-0.0009438308228526355,0.001667119924070981,0.0007539975025234735,-0.0017884964166666626,5.022537074604697,0.09919472916362242,-0.001861243714962768,-0.002306969984078963,-0.002315562690720856,1.0075141595910826,-1.0826381122325593e-07,-0.004642117334424316,0.016429603563665334,0.016429603563665334,0.16,0.9962891496411104,-1.0907732277872631e-07,5.023711680633557,0.10117418968493426,0.0036904376666666654,0.0013236576258031118,0.0009824127121429447,0.0005148966940315323,0.0032930326916666636,5.025541314311963,0.10001021255931752,0.0018296336784056066,-0.0011639771256167358,-0.0011661553618743106,1.0037591767699565,3.868049997269154e-08,0.0011208867361326977,-0.0021171299342010574,-0.0021171299342010574,0.16,0.9981321217319845,3.8825906809639185e-08]"
/multi_agv/m2b_algorithm_state,1789558528.807035,1789558528.807035,m2b_algorithm_state_v1:header6+3x20,"[1.0,-0.15,0.52,5.025844086068499,0.10125035630229122,1789558528.806908,5.024411948477166,0.10107530175059473,0.0036904376666666654,0.0015397863280676126,0.000696772594869443,0.0005697871934560529,0.004584685874999997,5.026540185206543,0.09705959033969745,0.002128236729377342,-0.00401571141089728,-0.004042234970353773,1.0134088656331424,5.368088104479414e-07,-0.0013819390586320953,0.008156223010466573,0.008156223010466573,0.16,0.993438392460849,5.440068076579248e-07,5.025392404522601,0.10150164358203252,0.002796189458333334,-0.0009431337289176264,0.0016670768237529998,0.0007537177557494779,-0.0017884964166666626,5.0234141944492885,0.0988019827887029,-0.0019782100733127805,-0.002699660793329617,-0.0027114626627539207,1.008832185927447,-1.4818634957079014e-07,-0.005184225254394896,0.018486207401667506,0.018486207401667506,0.16,0.9956474158444368,-1.49495158962109e-07,5.024705783744284,0.10117426765772083,0.0036904376666666654,0.0013232312871686324,0.0009824333141025933,0.0005150707789077337,0.0032930326916666636,5.026513161558842,0.0998931935208351,0.0018073778145586417,-0.001281074136885732,-0.001283715010946083,1.004142820431002,4.684316041304373e-08,0.0009755072572522191,-0.0015498749283007068,-0.0015498749283007068,0.16,0.9979427878946397,4.7037223215055585e-08]"
/multi_agv/m2b_algorithm_state,1789558528.8169825,1789558528.8169825,m2b_algorithm_state_v1:header6+3x20,"[1.0,-0.15,0.52,5.02683676953752,0.10125040321209718,1789558528.8168128,5.0254193073323705,0.10107518496398214,0.0036904376666666654,0.0015406147171605276,0.0006966969242302664,0.0005694674811642151,0.004584685874999997,5.027459800499041,0.09682670733075394,0.0020404931666702097,-0.0042484776332282065,-0.004278217044509547,1.0142230467886095,6.012541972504896e-07,-0.0017276005861717849,0.009462520950286412,0.009462520950286412,0.16,0.9930486436354353,6.098058638298311e-07,5.026399796423687,0.10150171631836277,0.002796189458333334,-0.0009440346248310557,0.0016671310655604898,0.0007540800482146448,-0.0017884964166666626,5.02458265947607,0.10103455822689825,-0.0018171369476167598,-0.0004671580914645257,-0.00046750557704353183,1.0014902871424662,-4.43488937278544e-09,-0.0027389267615644817,0.00897297314983134,0.00897297314983134,0.16,0.9992567242059365,-4.441498631395963e-09,5.025713154449442,0.10117416762452876,0.0036904376666666654,0.0013237796234603764,0.0009824077564919882,0.0005148463905469661,0.0032930326916666636,5.027588100490346,0.10085897432820401,0.001874946040904213,-0.0003151932963247478,-0.00031535200027203806,1.0010082250130414,2.8349369431183503e-09,0.002028330550858228,-0.005727034258027801,-0.005727034258027801,0.16,0.9994967403182686,2.8377951974547975e-09]"
/multi_agv/m2b_algorithm_state,1789558528.826987,1789558528.826987,m2b_algorithm_state_v1:header6+3x20,"[1.0,-0.15,0.52,5.027841577598136,0.10125037173472222,1789558528.826873,5.0264120054160255,0.10107529856053687,0.0036904376666666654,0.0015398096159646413,0.0006967710436658336,0.0005697779059797207,0.004584685874999997,5.028719980889845,0.09764020124324098,0.0023079754738191127,-0.003435097317295896,-0.003454421112793185,1.011395896162078,3.9266319940305584e-07,-0.0005694517705192941,0.005064049801525087,0.005064049801525087,0.16,0.9944060683783673,3.9713794845012235e-07,5.02739246220406,0.10150164601459889,0.002796189458333334,-0.0009431597134514037,0.0016670779996204033,0.000753728407505122,-0.0017884964166666626,5.0258278854894805,0.1009154915322621,-0.0015645767145793243,-0.000586154482336787,-0.0005867020334953029,1.001872425783159,-6.976094422913293e-09,-0.0025424229267194585,0.00832696235426313,0.00832696235426313,0.16,0.9990667304231863,-6.989156641976508e-09,5.026705840992474,0.10117426506115579,0.0036904376666666654,0.001323246107178587,0.000982432964621749,0.0005150645368032854,0.0032930326916666636,5.0287165020282565,0.10060571020685258,0.002010661035782846,-0.0005685548543032104,-0.0005690722334981558,1.0018238863606037,9.222217046171426e-09,0.0019442540612304015,-0.0053095038681054,-0.0053095038681054,0.16,0.999090837393761,9.239037322056466e-09]"
/multi_agv/m2b_algorithm_state,1789558528.837381,1789558528.837381,m2b_algorithm_state_v1:header6+3x20,"[1.0,-0.15,0.52,5.028853810485397,0.1012502932767894,1789558528.8372922,5.027416803752542,0.1010752213185198,0.0036904376666666654,0.0015403582308137027,0.0006967219601728301,0.0005695656349413463,0.004584685874999997,5.02987390928231,0.09934047737151115,0.0024571055297677447,-0.001734743947008649,-0.0017396095077291272,1.0056461817094458,1.00065725187908e-07,0.0013317724044805536,-0.0023817746883953135,-0.0023817746883953135,0.16,0.9972030730466461,1.0063071445520639e-07,5.028397281951431,0.10150169474198296,0.002796189458333334,-0.0009437568809040598,0.0016671130598853168,0.000753969021782222,-0.0017884964166666626,5.026815394264897,0.10049994280431125,-0.0015818876865338893,-0.0010017519376717132,-0.0010033562383805783,1.0032151195606676,-2.0394214676366432e-08,-0.00298071584654794,0.010049436001552873,0.010049436001552873,0.16,0.9984010656958149,-2.045978451489687e-08,5.0277106470904345,0.1011741991436639,0.0036904376666666654,0.0013236081569712715,0.000982416618040727,0.0005149161051777626,0.0032930326916666636,5.029695431467015,0.10023105288947876,0.0019847843765807838,-0.000943146254185151,-0.0009445739990887788,1.0030383943704944,2.5390986927802526e-08,0.0015364064716372008,-0.0036891558666748694,-0.0036891558666748694,0.16,0.998488477445912,2.5468134759545257e-08]"
/multi_agv/m2b_algorithm_state,1789558528.8472266,1789558528.8472266,m2b_algorithm_state_v1:header6+3x20,"[1.0,-0.15,0.52,5.0298447517839895,0.10125035305959995,1789558528.8470888,5.028429011567834,0.10107503509846165,0.0036904376666666654,0.0015416746385786993,0.0006965948483305335,0.0005690611438654371,0.004584685874999997,5.030913760032851,0.09983790541763998,0.002484748465017006,-0.0012371296808216664,-0.0012395949572593283,1.0040040577833913,5.0917913746270915e-08,0.0018663406240119291,-0.004500016674523001,-0.004500016674523001,0.16,0.9980112242122118,5.1121792015120715e-08,5.029409545538752,0.1015018067315097,0.002796189458333334,-0.0009451854834765473,0.0016672051600643556,0.0007545403641609078,-0.0017884964166666626,5.027778964420985,0.10025589491850924,-0.0016305811177668161,-0.001245911813000461,-0.001248398040569057,1.0040098061320601,-3.1600201894867716e-08,-0.0032866244377775774,0.01122897096586727,0.01122897096586727,0.16,0.9980084656593479,-3.17269125782001e-08,5.028722874349606,0.10117403800039684,0.0036904376666666654,0.001324486913537314,0.0009823722234572948,0.0005145582906932429,0.0032930326916666636,5.03069857641674,0.10039032750743947,0.001975702067134044,-0.0007837104929573763,-0.0007846951438093518,1.002520224049399,1.7541788430526926e-08,0.0016849324401082034,-0.004288533614678812,-0.004288533614678812,0.16,0.9987451803929928,1.7585997667599008e-08]"
/multi_agv/m2b_algorithm_state,1789558528.8571057,1789558528.8571057,m2b_algorithm_state_v1:header6+3x20,"[1.0,-0.15,0.52,5.030841916628533,0.10125037181709119,1789558528.8568804,5.029419970847935,0.10107518474774295,0.0036904376666666654,0.0015406090816559555,0.0006966856452194747,0.0005694757906306937,0.004584685874999997,5.031769127563153,0.09881671341321523,0.002349156715217404,-0.002258471334527723,-0.0022667508226121933,1.007394229621219,1.6969370598354139e-07,0.000669695071409562,0.00019126696736890898,0.00019126696736890898,0.16,0.9963474202802189,1.7094846021085933e-07,5.030400465513029,0.10150170979102023,0.002796189458333334,-0.0009440240380223369,0.0016671411871200803,0.000754070194260853,-0.0017884964166666626,5.0285623554670185,0.10127210363711467,-0.0018381100460107547,-0.00022960615390556216,-0.00022968994447906615,1.0007304979014773,-1.0711385784466005e-09,-0.0025273275019925094,0.008123950726236843,0.008123950726236843,0.16,0.9996352013855284,-1.0719210429303471e-09,5.029713818991003,0.10117416464003666,0.0036904376666666654,0.0013237885164336985,0.000982401521521359,0.000514845778875222,0.0032930326916666636,5.0317898178170495,0.10134273512961518,0.0020759988260463658,0.00016857048957852339,0.00016852526139778142,0.9994637334376621,8.106027938251629e-10,0.0027635237939557388,-0.008568476705013843,-0.008568476705013843,0.16,1.0002683762681444,8.101680946514968e-10]"
/multi_agv/m2b_algorithm_state,1789558528.8670318,1789558528.8670318,m2b_algorithm_state_v1:header6+3x20,"[1.0,-0.15,0.52,5.03184148525393,0.10125037473663788,1789558528.8668175,5.030417141448895,0.10107523114132748,0.0036904376666666654,0.0015402791048993755,0.0006967146878539053,0.0005696037153591817,0.004584685874999997,5.0325351162697824,0.0990197198944294,0.0021179748208872695,-0.0020555112468980813,-0.002062359038050152,1.0067143956650122,1.405156983685349e-07,0.0005851094880589347,0.00039720827713007564,0.00039720827713007564,0.16,0.9966796319041785,1.4145917636452677e-07,5.031397623482608,0.10150168016200427,0.002796189458333334,-0.0009436644063547913,0.001667120562223623,0.0007539250347392001,-0.0017884964166666626,5.029576993995492,0.1013104577279311,-0.0018206294871161433,-0.00019122243407317108,-0.00019128053455763272,1.0006081142918803,-7.426415928335181e-10,-0.002467067393452812,0.007894501576494219,0.007894501576494219,0.16,0.9996962551124399,-7.43093203799865e-10,5.030710984954097,0.10117420414794186,0.0036904376666666654,0.0013235710513141339,0.0009824110457548945,0.0005149350873912945,0.0032930326916666636,5.0325383534017725,0.10089256883744917,0.0018273684476755037,-0.0002816353104926894,-0.0002817619874672464,1.000900538601382,2.2630023402708105e-09,0.0020024485721271334,-0.0056513863142815465,-0.0056513863142815465,0.16,0.9995504114103693,2.265040261233242e-09]"
/multi_agv/m2b_algorithm_state,1789558528.8770409,1789558528.8770409,m2b_algorithm_state_v1:header6+3x20,"[1.0,-0.15,0.52,5.032842304392755,0.10125036961043195,1789558528.876881,5.031416711043286,0.1010752380959244,0.0036904376666666654,0.0015402297228469287,0.0006967195370730641,0.0005696225981142055,0.004584685874999997,5.033698667989745,0.10092094679626237,0.0022819569464589406,-0.00015429129966203214,-0.00015432933341198433,1.000493299451485,7.906619862384275e-10,0.0026981168496616917,-0.00796343469648289,-0.00796343469648289,0.16,0.9997535546282011,7.91052019362549e-10,5.03239719093078,0.10150167589641362,0.002796189458333334,-0.0009436104401836418,0.0016671170305500027,0.000753903479327217,-0.0017884964166666626,5.030587170599232,0.1013104577279311,-0.001810020331547868,-0.00019121816848252648,-0.00019127626637640934,1.000608100732394,-7.425660051340324e-10,-0.0024538016808112444,0.007847492319013629,0.007847492319013629,0.16,0.9996962618782587,-7.430175600656052e-10,5.0317105537877245,0.10117421021757562,0.0036904376666666654,0.001323537766883486,0.000982412689457624,0.0005149486599071297,0.0032930326916666636,5.033477309630797,0.09991504491293467,0.0017667558430725094,-0.0012591653046409579,-0.0012617162035299426,1.0040709667267513,4.526446566224254e-08,0.0009467286003106941,-0.001457915369359577,-0.001457915369359577,0.16,0.997978230855839,4.544873579585771e-08]"
/multi_agv/m2b_algorithm_state,1789558528.887033,1789558528.887033,m2b_algorithm_state_v1:header6+3x20,"[1.0,-0.15,0.52,5.033838834517925,0.10125039184187706,1789558528.8869483,5.032417528626387,0.10107522563699282,0.0036904376666666654,0.0015403178920358257,0.0006967115982904554,0.0005695885097788036,0.004584685874999997,5.034840490358746,0.1023972502535873,0.002422961732358786,0.001322024616594475,0.0013192632940402583,0.9958434951114405,5.799005117443712e-08,0.004347965459488741,-0.014564147111985812,-0.014564147111985812,0.16,1.0020930791955562,5.774901524324276e-08,5.033398011954618,0.10150168359179347,0.002796189458333334,-0.0009437059641120259,0.0016671226855891064,0.0007539419440845824,-0.0017884964166666626,5.031775229328219,0.1032538558545907,-0.001622782626398589,0.0017521722627972247,0.0017473654981848142,0.9945499000498833,-6.22687622937002e-08,-0.00028111278481342196,-0.0007324008907198935,-0.0007324008907198935,0.16,1.0027508638675788,-6.192939131542947e-08,5.03271137259726,0.10117419960250953,0.0036904376666666654,0.0013235957905533466,0.000982409967500297,0.0005149249247606265,0.0032930326916666636,5.034468846159055,0.10022087440794206,0.001757473561795564,-0.0009533251945674781,-0.0009547840357823269,1.0030715395516647,2.594194905007844e-08,0.001242057916462128,-0.0026430376055941508,-0.0026430376055941508,0.16,0.9984720720496195,2.6021630772633025e-08]"
/multi_agv/m2b_algorithm_state,1789558528.8971996,1789558528.8971996,m2b_algorithm_state_v1:header6+3x20,"[1.0,-0.15,0.52,5.034837725060334,0.10125039843027837,1789558528.8970969,5.033414065827805,0.10107527878479869,0.0036904376666666654,0.001539941660720473,0.0006967474228392939,0.0005697329563464164,0.004584685874999997,5.0353141881073755,0.10060895615718568,0.001900122279570482,-0.00046632262761300836,-0.0004666708703239661,1.0014961980779238,7.222610349140074e-09,0.0019084819791391364,-0.005014385514861011,-0.005014385514861011,0.16,0.9992537723412733,7.23341680486205e-09,5.0343945334553615,0.10150165124211959,0.002796189458333334,-0.0009432971615605601,0.0016670968123104757,0.000753778200727584,-0.0017884964166666626,5.032250272971238,0.10349505134769751,-0.002144260484123528,0.0019934001055779277,0.001987190100923609,0.993816658189175,-8.054531136157667e-08,-0.0006931355042308009,0.0006318564400354702,0.0006318564400354702,0.16,1.0031250179091735,-8.004727217016872e-08,5.033707904270607,0.1011742454987129,0.0036904376666666654,0.0013233450003827443,0.0009824223303239064,0.0005150272018880648,0.0032930326916666636,5.035605941711609,0.10168016657138176,0.0018980374410011436,0.0005059210726688634,0.000505514720102708,0.9983966871027644,7.297278116787339e-09,0.0028780615213541373,-0.009140072099307318,-0.009140072099307318,0.16,1.0008038392355278,7.285578296667979e-09]"
/multi_agv/m2b_algorithm_state,1789558528.907039,1789558528.907039,m2b_algorithm_state_v1:header6+3x20,"[1.0,-0.15,0.52,5.035842533096855,0.10125036706123576,1789558528.9068959,5.034412958736133,0.10107529274530705,0.0036904376666666654,0.0015398445133751894,0.0006967594905891153,0.0005697687886770078,0.004584685874999997,5.036171092787132,0.0988351905755313,0.0017581340509993382,-0.002240102169775743,-0.002248246386559908,1.0073325644166762,1.6685958488242429e-07,-5.057882281073525e-05,0.002718488170692145,0.002718488170692145,0.16,0.996377524797615,1.680830935371145e-07,5.035393420957605,0.10150164430880144,0.002796189458333334,-0.0009431926333936442,0.0016670876918132294,0.0007537376355692404,-0.0017884964166666626,5.033120727100099,0.1024737305154551,-0.0022726938575061695,0.0009720862066536495,0.0009705979354879329,0.9969492796393967,-1.9166212066334273e-08,-0.001870269386394779,0.005280123830785927,0.005280123830785927,0.16,1.0015333549673877,-1.9107741312947868e-08,5.0347067954872635,0.1011742582367266,0.0036904376666666654,0.001323277118933076,0.0009824270422259312,0.0005150541749330819,0.0032930326916666636,5.036188134640794,0.10065885577411506,0.0014813391535302145,-0.0005154024626115444,-0.0005158274567420204,1.0016523830889419,7.578404521822542e-09,0.0013358464851707477,-0.0031787348465447114,-0.0031787348465447114,0.16,0.9991760924609167,7.590926949295562e-09]"
/multi_agv/m2b_algorithm_state,1789558528.916921,1789558528.916921,m2b_algorithm_state_v1:header6+3x20,"[1.0,-0.15,0.52,5.036841110240408,0.10125037645105221,1789558528.9168332,5.035417757119299,0.10107521584049688,0.0036904376666666654,0.0015403904861839954,0.0006967106539189413,0.0005695575344681065,0.004584685874999997,5.037095618462063,0.09889601713633779,0.001677861342764153,-0.0021791987041590855,-0.0021869025711038774,1.0071283335668122,1.5795952149515881e-07,-8.957589264868603e-05,0.0028294241332973017,0.0028294241332973017,0.16,0.9964772701598209,1.5908550965443035e-07,5.036398240599676,0.10150169272177398,0.002796189458333334,-0.0009437865827112667,0.0016671225084623487,0.0007539769816146263,-0.0017884964166666626,5.03417039160219,0.10382751768523099,-0.0022278489974860705,0.0023258249634570127,0.002317392420551962,0.9928129404590132,-1.09678965452663e-07,-0.0004674188263056262,-0.00032515527476215046,-0.00032515527476215046,0.16,1.00363880663036,-1.0889069619756088e-07,5.035711601571592,0.10117419262143645,0.0036904376666666654,0.0013236373161277606,0.0009824107302255584,0.0005149065283478293,0.0032930326916666636,5.037084091895243,0.09930442106064431,0.0013724903236509434,-0.0018697715607921411,-0.001875422279215321,1.0060868549429602,9.985734463938792e-08,-0.00015980937465164186,0.0027233522621346374,0.0027233522621346374,0.16,0.9969869620907221,1.0046516181119707e-07]"
/multi_agv/m2b_algorithm_state,1789558528.9271536,1789558528.9271536,m2b_algorithm_state_v1:header6+3x20,"[1.0,-0.15,0.52,5.037842834631426,0.10125036552468823,1789558528.9270005,5.036416337161319,0.10107523884797827,0.0036904376666666654,0.00154022709611551,0.0006967253284139825,0.0005696207243578526,0.004584685874999997,5.038844454772404,0.10091558328634975,0.0024281176110845237,-0.00015965556162851613,-0.00015969628764791454,1.000510481047945,8.465974933135162e-10,0.00287545072620774,-0.00859002088473842,-0.00859002088473842,0.16,0.9997449782960004,8.470296652890905e-10,5.037396814260948,0.10150167822919316,0.002796189458333334,-0.000943608757025349,0.0016671120616207347,0.0007539053344228913,-0.0017884964166666626,5.035891441808109,0.10605725883162338,-0.0015053724528391044,0.00455558060243022,0.004523774831294689,0.9862797436797549,-4.199829496060868e-07,0.0026420592652458084,-0.012546572474603633,-0.012546572474603633,0.16,1.0070308033272357,-4.142206758873587e-07,5.0367101792989555,0.10117421227598516,0.0036904376666666654,0.0013235293766740677,0.0009824156273785531,0.0005149507685878727,0.0032930326916666636,5.038555507178885,0.09968308091970751,0.001845327879929748,-0.001491131356277653,-0.0014947149527090077,1.0048335604065544,6.34876221981205e-08,0.0008119448972031772,-0.000875742063365006,-0.000875742063365006,0.16,0.997602488404321,6.379449345508362e-08]"
/multi_agv/m2b_algorithm_state,1789558528.9368916,1789558528.9368916,m2b_algorithm_state_v1:header6+3x20,"[1.0,-0.15,0.52,5.038839639744839,0.1012503861722392,1789558528.9367497,5.0374180581126575,0.10107521262534992,0.0036904376666666654,0.001540412687470964,0.0006967078989328348,0.0005695493441306652,0.004584685874999997,5.039901806250933,0.1001542688519012,0.0024837481382755655,-0.0009209437734487291,-0.0009223066771041265,1.0029700752882404,2.8187505815521768e-08,0.0021823784957403303,-0.005768347037399479,-0.005768347037399479,0.16,0.9985222879881164,2.8271224829981583e-08,5.038398542840229,0.10150169423938651,0.002796189458333334,-0.0009438102620380907,0.001667124626410832,0.0007539861440948592,-0.0017884964166666626,5.036976135027299,0.10637209250538421,-0.0014224078129299045,0.004870398265997694,0.004834132102902261,0.985384988210819,-4.800179828172548e-07,0.0030561223367398804,-0.014196277620070629,-0.014196277620070629,0.16,1.0075021042709322,-4.730025143393618e-07,5.037711902941389,0.10117418970932825,0.0036904376666666654,0.0013236526742184899,0.0009824096209890337,0.0005149004481877491,0.0032930326916666636,5.039667635520903,0.10095968867988685,0.001955732579514091,-0.0002145010294413996,-0.00021457447440966626,1.0006853531904618,1.3127318212938647e-09,0.0022300912499829476,-0.006490680879196738,-0.006490680879196738,0.16,0.9996577180558466,1.3136315062358092e-09]"
/multi_agv/m2b_algorithm_state,1789558528.9469252,1789558528.9469252,m2b_algorithm_state_v1:header6+3x20,"[1.0,-0.15,0.52,5.039839887077745,0.1012503843413609,1789558528.9467893,5.038414869692934,0.10107526254752279,0.0036904376666666654,0.0015400588434740614,0.0006967406598883839,0.0005696856802449412,0.004584685874999997,5.040806053713423,0.09865384950912415,0.002391184020488879,-0.0024214130383986426,-0.002430941964006845,1.0079422194624168,1.950139108636497e-07,0.0005580380616042537,0.000657224632341483,0.000657224632341483,0.16,0.9960801509253243,1.9656275414195297e-07,5.039395340119461,0.10150166338731495,0.002796189458333334,-0.0009434256313541247,0.0016671011238669209,0.0007538316452272154,-0.0017884964166666626,5.0377869035309,0.10428353479038865,-0.001608436588560913,0.0027818714030737046,0.002769849563314,0.9914485795430878,-1.5679374015475083e-07,0.0007593038276128587,-0.004927345526716341,-0.004927345526716341,0.16,1.0043402500695096,-1.5545293095767572e-07,5.038708709422122,0.1011742325818799,0.0036904376666666654,0.0013234179261810007,0.0009824207753301286,0.0005149964002725558,0.0032930326916666636,5.040616882754088,0.09984386651164621,0.0019081733319659122,-0.0013303660702336795,-0.0013332151401783444,1.0043046194425715,5.0526103371764496e-08,0.0010520015247790458,-0.0017973413228565423,-0.0017973413228565423,0.16,0.9978630081081409,5.074359901869597e-08]"
/multi_agv/m2b_algorithm_state,1789558528.956995,1789558528.956995,m2b_algorithm_state_v1:header6+3x20,"[1.0,-0.15,0.52,5.040842240453171,0.10125036915275192,1789558528.9568365,5.039415116600731,0.10107525710984165,0.0036904376666666654,0.0015400983206453494,0.0006967385771595495,0.0005696696518658395,0.004584685874999997,5.0419595194823374,0.09768666536406097,0.002544402881606622,-0.0033885917457806836,-0.0034073893031878978,1.011235769194234,3.821635327307226e-07,-0.00022688570117962003,0.0038431445630153684,0.0038431445630153684,0.16,0.9944832962322129,3.864574339789381e-07,5.040395587878571,0.1015016676214898,0.002796189458333334,-0.0009434691417303173,0.0016671024024770276,0.0007538498403867055,-0.0017884964166666626,5.039027544179918,0.10501119148095946,-0.0013680436986529543,0.0035095238594696626,0.0034904962437301633,0.9893017326938253,-2.494194350978244e-07,0.0017804416204139704,-0.008936350385505245,-0.008936350385505245,0.16,1.0054512637776585,-2.467510793097928e-07,5.039708956753934,0.10117422829275123,0.0036904376666666654,0.0013234423724900646,0.0009824203829229107,0.0005149860078773973,0.0032930326916666636,5.041550966187713,0.09940885322338494,0.0018420094337789905,-0.00176537506936629,-0.001770408438299144,1.0057402462184533,8.899848027148612e-08,0.0005321033539245942,0.0002362556964945117,0.0002362556964945117,0.16,0.9971569447908363,8.950935346131261e-08]"
/multi_agv/m2b_algorithm_state,1789558528.966921,1789558528.966921,m2b_algorithm_state_v1:header6+3x20,"[1.0,-0.15,0.52,5.041842143222589,0.1012503700667472,1789558528.966795,5.0404174652644365,0.10107522008491127,0.0036904376666666654,0.001540360987085532,0.0006967147535680948,0.0005695681886808634,0.004584685874999997,5.042958813726252,0.09788816916906082,0.002541348461815751,-0.003187050915850448,-0.003203653808542411,1.010543685799144,3.3807021531529223e-07,-2.6968231272721938e-05,0.003053859819373805,0.003053859819373805,0.16,0.9948175134754911,3.4163472144362567e-07,5.041397946938115,0.10150169075197552,0.002796189458333334,-0.0009437548100641249,0.001667119454832111,0.0007539647976708141,-0.0017884964166666626,5.040233396907515,0.10727597322094777,-0.001164550030600786,0.0057742824689722555,0.005723657790506751,0.982853582567833,-6.741916839014208e-07,0.004267970252255769,-0.019033182072255333,-0.019033182072255333,0.16,1.0088448122369353,-6.626317118599514e-07,5.040711309156962,0.10117419662136895,0.0036904376666666654,0.0013236160354390511,0.0009824123648330746,0.0005149149024493969,0.0032930326916666636,5.042781279362882,0.10037321054432514,0.0020699702059197023,-0.0008009860770438054,-0.0008020147482171946,1.0025762757424839,1.831182669097746e-08,0.0017854480091824333,-0.004637110521194351,-0.004637110521194351,0.16,0.9987173912005037,1.8359003005881992e-08]"
/multi_agv/m2b_algorithm_state,1789558528.9770186,1789558528.9770186,m2b_algorithm_state_v1:header6+3x20,"[1.0,-0.15,0.52,5.042841355212745,0.10125037533519109,1789558528.9768755,5.0414173682488705,0.10107522277223878,0.0036904376666666654,0.0015403414637983133,0.000696715840259543,0.0005695760859708104,0.004584685874999997,5.04410936619382,0.09929991450614538,0.0026919979449493425,-0.0017753082660934005,-0.0017804055911539267,1.0057808483996356,1.0480191027623546e-07,0.0015845918400327515,-0.0032548267497030377,-0.0032548267497030377,0.16,0.9971369866024615,1.0540775423153458e-07,5.042397849491462,0.10150168866947752,0.002796189458333334,-0.0009437332935733015,0.0016671188066208487,0.0007539558081909592,-0.0017884964166666626,5.0413797895208186,0.10814227840295455,-0.0010180599706437476,0.006640589733477031,0.0065740789212591485,0.9804793335475488,-8.910081512666918e-07,0.005301503957954464,-0.023229404059515853,-0.023229404059515853,0.16,1.0101171301735976,-8.736150783393995e-07,5.041711211927433,0.1011741987585253,0.0036904376666666654,0.0013236038451261956,0.000982412586592707,0.0005149200711184487,0.0032930326916666636,5.043878969052776,0.10141952579749451,0.002167757125342895,0.0002453270389692064,0.00024523130091433755,0.9992202306617305,1.71653083802387e-09,0.0029549277075929564,-0.009285984311753528,-0.009285984311753528,0.16,1.00039039900091,1.7151923399081848e-09]"
/multi_agv/m2b_algorithm_state,1789558528.9870746,1789558528.9870746,m2b_algorithm_state_v1:header6+3x20,"[1.0,-0.15,0.52,5.043842215645725,0.10125036995329373,1789558528.9868608,5.042416581857936,0.10107523571941686,0.0036904376666666654,0.0015402494786802786,0.0006967240467787401,0.0005696116890888751,0.004584685874999997,5.04516972745668,0.09950667790719304,0.0027531455987439557,-0.0015685578122238142,-0.001572530821282396,1.0050957373697642,8.179683381159894e-08,0.0018689011771475487,-0.004354764025226056,-0.004354764025226056,0.16,0.997473493679862,8.22136489943811e-08,5.043397059540179,0.10150168048176601,0.002796189458333334,-0.0009436331746761968,0.0016671129823020436,0.0007539154397247783,-0.0017884964166666626,5.042213478790028,0.10568483193046943,-0.0011835807501503481,0.004183151448703418,0.004156257055027276,0.9873470216093316,-3.5423353773242397e-07,0.002676781117339341,-0.012488204529873771,-0.012488204529873771,0.16,1.0064708205772814,-3.497514284342456e-07,5.042710424240119,0.10117420980439039,0.0036904376666666654,0.0013235431420088764,0.000982415316704178,0.000514944963456949,0.0032930326916666636,5.0448895227748345,0.10123341674312679,0.002179098534715429,5.920693873640026e-05,5.920135467684345e-05,0.999811413659479,9.998690097347419e-11,0.0027830745230711298,-0.008585093277508398,-0.008585093277508398,0.16,1.0000943231719492,9.996804480971957e-11]"
/multi_agv/m2b_algorithm_state,1789558528.9970298,1789558528.9970298,m2b_algorithm_state_v1:header6+3x20,"[1.0,-0.15,0.52,5.044841924902019,0.10125037206486416,1789558528.9967914,5.043417440592333,0.10107522282506781,0.0036904376666666654,0.0015403407096479878,0.0006967154507750094,0.0005695766154511367,0.004584685874999997,5.045995108769374,0.09795047065054502,0.0025776681770413035,-0.0031247521745227935,-0.0031407048544456356,1.0103303694817234,3.2496528510024685e-07,8.138036685599375e-05,0.0026461577511938416,0.0026461577511938416,0.16,0.9949206688746123,3.28322296564066e-07,5.0443979220435775,0.10150168833444027,0.002796189458333334,-0.00094373222433531,0.0016671191935575536,0.0007539551434396635,-0.0017884964166666626,5.043173085900305,0.10561670882046861,-0.0012248361432725119,0.00411502048602834,0.004088981470331168,0.9875432994245804,-3.4284292497398845e-07,0.0025579362912405285,-0.012026917972670002,-0.012026917972670002,0.16,1.0063680933469874,-3.3857223331318646e-07,5.043711284301264,0.10117419870037307,0.0036904376666666654,0.0013236037815720337,0.0009824123505940644,0.0005149202214194994,0.0032930326916666636,5.045913498447774,0.10170874613092412,0.0022022141465098954,0.0005345474305510495,0.0005340938899443738,0.9983065171223183,8.14786828091893e-09,0.003286861573081743,-0.0106077477237379,-0.0106077477237379,0.16,1.0008491776730921,8.134070005495589e-09]"
/multi_agv/m2b_algorithm_state,1789558529.007082,1789558529.007082,m2b_algorithm_state_v1:header6+3x20,"[1.0,-0.15,0.52,5.045841712079844,0.10125037361126714,1789558529.0068855,5.044417150467945,0.101075228245438,0.0036904376666666654,0.0015403019505636066,0.000696718580767097,0.0005695917878415141,0.004584685874999997,5.04683975224336,0.09637940849445645,0.0024226017754154228,-0.004695819750981559,-0.0047322737064717044,1.0157993076721297,7.345913010244363e-07,-0.001704021487202426,0.009564670234916773,0.009564670234916773,0.16,0.9922967356177449,7.461973350025914e-07,5.045397630579106,0.10150168470030659,0.002796189458333334,-0.0009436898637149721,0.0016671170312614336,0.0007539379063272733,-0.0017884964166666626,5.044325673079762,0.10782494554357541,-0.0010719574993434122,0.006323260843268827,0.006262807620473846,0.9813431531190072,-8.080617354819838e-07,0.004922860746294581,-0.021689588212055574,-0.021689588212055574,0.16,1.009652735076414,-7.929858514127072e-07,5.044710993659005,0.10117420324884789,0.0036904376666666654,0.0013235785341080648,0.0009824133160410758,0.000514930663020339,0.0032930326916666636,5.046942679143799,0.10160853258899703,0.0022316854847934664,0.00043432934014914215,0.00043402969223007594,0.9986224477930754,5.379384109297735e-09,0.003223636548221909,-0.01033362363390911,-0.01033362363390911,0.16,1.0006903857603073,5.3719737268460764e-09]"
/multi_agv/m2b_algorithm_state,1789558529.0171301,1789558529.0171301,m2b_algorithm_state_v1:header6+3x20,"[1.0,-0.15,0.52,5.046840505831675,0.10125038141347555,1789558529.016868,5.045416938116714,0.1010752321138967,0.0036904376666666654,0.0015402743621183816,0.0006967209655348583,0.0005696025058523398,0.004584685874999997,5.047834593126484,0.09786881965462124,0.002417655009769426,-0.0032064124592754567,-0.003223220133617748,1.0106100389266233,3.4217527569122925e-07,-0.00020115137140596555,0.0036734295393534644,0.0036734295393534644,0.16,0.9947854401357854,3.4580576868604126e-07,5.046397417199208,0.10150168218567318,0.002796189458333334,-0.0009436597495838398,0.0016671153580922748,0.0007539257232181268,-0.0017884964166666626,5.045702967156005,0.10856031302703227,-0.0006944500432028988,0.00705863084135909,0.006983723468316545,0.9793516653519733,-1.0062921206998335e-06,0.006115660914312922,-0.026407926288946677,-0.026407926288946677,0.16,1.0107259935738264,-9.855138642379509e-07,5.04571078092361,0.10117420653423154,0.0036904376666666654,0.0013235603798900531,0.0009824140852043861,0.0005149381320767215,0.0032930326916666636,5.047910059295854,0.10112623192276599,0.0021992783722444287,-4.797461146555104e-05,-4.797828073509121e-05,1.0001529948708416,6.565370131423519e-11,0.0027011196845704447,-0.008242197218610149,-0.008242197218610149,0.16,0.9999235222795826,6.566374599378803e-11]"
/multi_agv/m2b_algorithm_state,1789558529.0270844,1789558529.0270844,m2b_algorithm_state_v1:header6+3x20,"[1.0,-0.15,0.52,5.0478416182795725,0.1012503742286029,1789558529.0268567,5.046415734349448,0.10107525073479286,0.0036904376666666654,0.0015401425902981185,0.0006967335540323909,0.0005696530755769507,0.004584685874999997,5.049495095491525,0.1001542669182264,0.00307936114207763,-0.0009209838165664536,-0.0009223468384560535,1.00297020424997,2.8185010061392303e-08,0.0029268545891409843,-0.008402784041445129,-0.008402784041445129,0.16,0.998522224143055,2.8268725298062098e-08,5.047396207923955,0.10150167088667998,0.002796189458333334,-0.0009435166531241669,0.0016671062768427447,0.0007538684196132794,-0.0017884964166666626,5.046520926487938,0.10609369924675974,-0.0008752814360173389,0.004592028360079756,0.004559720618672636,0.9861758048340631,-4.266762157699504e-07,0.0034656188236509627,-0.015533798786132626,-0.015533798786132626,0.16,1.007085465121441,-4.207777604904832e-07,5.0467095752216204,0.10117422261895383,0.0036904376666666654,0.0013234725290379706,0.0009824184493967712,0.0005149739419226052,0.0032930326916666636,5.049248812505395,0.10172264432969139,0.002539237283774476,0.0005484217107375594,0.0005479443713936212,0.9982628368540747,8.575379926820722e-09,0.0037219909761117163,-0.012162414869988576,-0.012162414869988576,0.16,1.000871145628751,8.560483092849542e-09]"
/multi_agv/m2b_algorithm_state,1789558529.0370276,1789558529.0370276,m2b_algorithm_state_v1:header6+3x20,"[1.0,-0.15,0.52,5.04883866375737,0.10125039308337536,1789558529.0369875,5.047416844605534,0.10107523298813852,0.0036904376666666654,0.001540268686715121,0.0006967224867619132,0.0005696041746440168,0.004584685874999997,5.050641608641021,0.10092785350748211,0.0032247640354867713,-0.0001473794806564066,-0.00014741418131186966,1.0004711641682127,7.21424556780648e-10,0.0038835408630465943,-0.012172788896332,-0.012172788896332,0.16,0.9997646043606235,7.217644661818718e-10,5.0483973229950845,0.10150168217003833,0.002796189458333334,-0.0009436539149163354,0.001667114146535198,0.0007539238243062657,-0.0017884964166666626,5.047453494213087,0.10525293869994129,-0.0009438287819971691,0.003751256529902963,0.003729557498045776,0.9885966734701314,-2.8496496461237474e-07,0.0025497715205493147,-0.01181900968044786,-0.01181900968044786,0.16,1.0058181250372347,-2.817154160713274e-07,5.0477106872381,0.10117420752763187,0.0036904376666666654,0.0013235554861767188,0.0009824147987724362,0.0005149398821489405,0.0032930326916666636,5.0503228952896775,0.1024241133658719,0.0026122080515778023,0.0012499058382400285,0.0012474395374266164,0.9960723070205363,4.4523207604201046e-08,0.0045126996018988695,-0.015331583962670163,-0.015331583962670163,0.16,1.001977090463639,4.434833411427082e-08]"
/multi_agv/m2b_algorithm_state,1789558529.0470726,1789558529.0470726,m2b_algorithm_state_v1:header6+3x20,"[1.0,-0.15,0.52,5.04984265140768,0.1012503671596884,1789558529.046845,5.0484138960747735,0.10107527791223356,0.0036904376666666654,0.0015399509462295591,0.0006967528976225875,0.0005697260837886822,0.004584685874999997,5.051561452443415,0.09983555290121664,0.003147556368641169,-0.0012397250110169206,-0.001242200682273737,1.004012562137536,5.1074639864190294e-08,0.002692244778527724,-0.0074194504325139484,-0.0074194504325139484,0.16,0.9980070279366737,5.127958003029763e-08,5.0493943611535235,0.10150165500075627,0.002796189458333334,-0.0009433090338407555,0.0016670921884607282,0.000753785752142716,-0.0017884964166666626,5.048531742013963,0.1070529187000116,-0.0008626191395606497,0.005551263699255335,0.005504393961707503,0.9834729969348713,-6.229375062435692e-07,0.004426120037256691,-0.019490165762360546,-0.019490165762360546,0.16,1.0085149678373115,-6.126422161684982e-07,5.048707734043813,0.10117424633713626,0.0036904376666666654,0.001323343669993949,0.0009824253739384673,0.0005150261954407183,0.0032930326916666636,5.051327409063613,0.10185446754382636,0.002619675019800205,0.0006802212066901042,0.0006794875970878815,0.9978485783940463,1.3189889924822149e-08,0.0039540813718381375,-0.013054105081407854,-0.013054105081407854,0.16,1.0010796512038878,1.3161512910657735e-08]"
/multi_agv/m2b_algorithm_state,1789558529.0570972,1789558529.0570972,m2b_algorithm_state_v1:header6+3x20,"[1.0,-0.15,0.52,5.0508387310164595,0.10125039234757349,1789558529.0568109,5.04941787570237,0.10107521456606247,0.0036904376666666654,0.001540400521353718,0.0006967123337103585,0.0005695523109073283,0.004584685874999997,5.052217426769179,0.09865633548517486,0.0027995510668086254,-0.002418879080887615,-0.002428387898176853,1.0079336873510467,1.9464886323285673e-07,0.0010710509353339288,-0.00114884018700055,-0.00114884018700055,0.16,0.9960843087315758,1.9619314645698287e-07,5.050398358466111,0.10150169471832701,0.002796189458333334,-0.0009437981195594704,0.0016671211752958826,0.0007539826759158375,-0.0017884964166666626,5.049782019771745,0.10838478416570034,-0.0006163386943667248,0.006883089447373328,0.006811765317974313,0.9798237672468311,-9.5714419986252e-07,0.006041341950015907,-0.026044048749491303,-0.026044048749491303,0.16,1.010470726172966,-9.378326357077481e-07,5.049711720054557,0.10117419219467572,0.0036904376666666654,0.0013236407278015912,0.000982411775596193,0.0005149045057785116,0.0032930326916666636,5.052161172264712,0.10068170974773291,0.002449452210155023,-0.0004924824469428046,-0.0004928704156391644,1.0015784933268288,6.921159665114215e-09,0.0025689448470546145,-0.007558864594905488,-0.007558864594905488,0.16,0.9992128383363065,6.932084669459515e-09]"
/multi_agv/m2b_algorithm_state,1789558529.0670254,1789558529.0670254,m2b_algorithm_state_v1:header6+3x20,"[1.0,-0.15,0.52,5.05184244783776,0.10125036818880166,1789558529.0667806,5.0504139632065455,0.10107527527685065,0.0036904376666666654,0.0015399704811726936,0.0006967523827569259,0.0005697178840146087,0.004584685874999997,5.053212423669518,0.09963216976019842,0.0027984604629729404,-0.001443105516652221,-0.0014464652437993742,1.0046815580507813,6.921753295932531e-08,0.0020516103349168015,-0.005059211567426824,-0.005059211567426824,0.16,0.9976772845655605,6.954157885800627e-08,5.05139442849066,0.10150165739235653,0.002796189458333334,-0.000943330959444932,0.0016670924225987704,0.000753795134349089,-0.0017884964166666626,5.050696164503409,0.10604609928522432,-0.0006982639872505914,0.00454444189286779,0.0045127887615813295,0.9863115219438644,-4.1781235930407656e-07,0.0036399587775180903,-0.016138190697113242,-0.016138190697113242,0.16,1.0070140954870153,-4.1209314399216045e-07,5.050707801352176,0.10117424437351333,0.0036904376666666654,0.0013233552808090284,0.000982425491873995,0.0005150211012706022,0.0032930326916666636,5.0531465900687556,0.10084272665486767,0.002438788716579765,-0.00033151771864566026,-0.0003316933088881975,1.0010606377333986,3.1352234435369584e-09,0.0027167925868365086,-0.008160868679517415,-0.008160868679517415,0.16,0.9994706247071252,3.1385487798238097e-09]"
/multi_agv/m2b_algorithm_state,1789558529.0769906,1789558529.0769906,m2b_algorithm_state_v1:header6+3x20,"[1.0,-0.15,0.52,5.052843118888135,0.10125036425663247,1789558529.0768828,5.051417672542855,0.10107521625127754,0.0036904376666666654,0.0015403894114029907,0.0006967145550298424,0.0005695559711990509,0.004584685874999997,5.054371215346324,0.10110511508332945,0.0029535428034686007,2.9898832051913904e-05,2.9897405818227596e-05,0.9999046068004551,2.9689665812264747e-11,0.0037218259101539784,-0.01168695090963579,-0.01168695090963579,0.16,1.0000477042622018,2.96868336200495e-11,5.052398154327273,0.10150169440138042,0.002796189458333334,-0.0009437867553708612,0.0016671194685393687,0.0007539786377362689,-0.0017884964166666626,5.051758823089577,0.10604609928522432,-0.0006393312376955507,0.004544404883843903,0.0045127522753197905,0.9863116346120775,-4.180073702218435e-07,0.003713588228200352,-0.01640405852087674,-0.01640405852087674,0.16,1.0070140363558666,-4.1228553260340233e-07,5.051711516643151,0.10117419391374703,0.0036904376666666654,0.001323632144149568,0.0009824128141035175,0.0005149076862777779,0.0032930326916666636,5.054190348874344,0.10137864673496692,0.002478832231192385,0.0002044528212198915,0.00020438630704032386,0.9993498474019372,1.1922541483552665e-09,0.003302926596030805,-0.01050231080705799,-0.01050231080705799,0.16,1.0003254336385388,1.191479001223162e-09]"
/multi_agv/m2b_algorithm_state,1789558529.0870507,1789558529.0870507,m2b_algorithm_state_v1:header6+3x20,"[1.0,-0.15,0.52,5.053843758091947,0.10125036064669792,1789558529.0869079,5.052418342230015,0.10107520757590305,0.0036904376666666654,0.0015404501149168552,0.0006967076524002636,0.0005695332491339186,0.004584685874999997,5.055438296916547,0.10159286928534225,0.0030199546865317117,0.0005176617094392044,0.0005172357448657836,0.9983574949973647,8.897251916277797e-09,0.004292179103030423,-0.013958026504697681,-0.013958026504697681,0.16,1.0008235404796535,8.882638135495605e-09,5.0533988271047985,0.10150169904099549,0.002796189458333334,-0.0009438522982541742,0.0016671246499893044,0.0007540043530890189,-0.0017884964166666626,5.052408192939449,0.1047522532237144,-0.000990634165349391,0.003250554182718912,0.0032341988144626668,0.9900615705214469,-2.1409729605485476e-07,0.001995906107775928,-0.00958581861640484,-0.00958581861640484,0.16,1.0050570076839764,-2.119695051764647e-07,5.052712187329592,0.1011741861529989,0.0036904376666666654,0.001323673822175853,0.0009824102136299917,0.0005148909731293888,0.0032930326916666636,5.055221923709502,0.10125111357384237,0.0025097363799098105,7.692742084346171e-05,7.691799524065032e-05,0.9997550194180967,1.6880983440430686e-10,0.0032140884701279135,-0.010124077317578873,-0.010124077317578873,0.16,1.0001225409318315,1.687684792728435e-10]"
/multi_agv/m2b_algorithm_state,1789558529.0970817,1789558529.0970817,m2b_algorithm_state_v1:header6+3x20,"[1.0,-0.15,0.52,5.05484110323591,0.10125037804114745,1789558529.0970297,5.053418980139097,0.10107519996763187,0.0036904376666666654,0.0015405029412680345,0.0006967010611051093,0.0005695137795495102,0.004584685874999997,5.055813980134897,0.09923511308422304,0.0023949999958006174,-0.001840086883408823,-0.001845565657457046,1.005996156380442,1.1260629850070475e-07,0.0011481843372937257,-0.0016855548790374814,-0.0016855548790374814,0.16,0.9970313849165507,1.1328150347593771e-07,5.0543994679789925,0.10150170275925101,0.002796189458333334,-0.0009439090298990226,0.001667129661134581,0.0007540263376592665,-0.0017884964166666626,5.0535137142141835,0.10558597091954716,-0.0008857537648090386,0.004084268160296153,0.004058610858540258,0.9876320001003309,-3.378091715620132e-07,0.0029514186525289596,-0.013428366431117061,-0.013428366431117061,0.16,1.0063216954396863,-3.336311477620269e-07,5.053712826157754,0.10117417921321088,0.0036904376666666654,0.001323710694235614,0.000982407621166104,0.0005148763390101559,0.0032930326916666636,5.0559168647782995,0.1007065376002579,0.002204038620545745,-0.0004676416129529848,-0.00046799136485033176,1.0014984529955837,6.240784051989548e-09,0.0022870569108318496,-0.00657171056596524,-0.00657171056596524,0.16,0.9992526530965826,6.250135573547043e-09]"
/multi_agv/m2b_algorithm_state,1789558529.1073,1789558529.1073,m2b_algorithm_state_v1:header6+3x20,"[1.0,-0.15,0.52,5.055842513318935,0.10125036906600182,1789558529.1071665,5.054416330641246,0.1010752426287452,0.0036904376666666654,0.0015401999871120626,0.0006967281820848819,0.0005696309906521144,0.004584685874999997,5.056687208350355,0.0984364881643518,0.0022708777091091648,-0.0026387544643934058,-0.002650089269801518,1.0086762483792913,2.3164738470186074e-07,0.000188507866584938,0.002054386720462234,0.002054386720462234,0.16,0.995722859023175,2.336572149479473e-07,5.0553968066852235,0.10150167587038364,0.002796189458333334,-0.0009435793703343465,0.0016671103479399818,0.0007538934877085596,-0.0017884964166666626,5.054532123916462,0.10474789123761422,-0.0008646827687615044,0.003246215367230576,0.003229903087093278,0.9900743373907345,-2.1346511247608249e-07,0.0021490496261413975,-0.010133186892087679,-0.010133186892087679,0.16,1.0050503930605479,-2.1134632979079596e-07,5.054710172381261,0.10117421562431352,0.0036904376666666654,0.0013235107352046953,0.0009824166708091832,0.0005149583061883059,0.0032930326916666636,5.05686389034073,0.10043939950700197,0.002153717959468615,-0.0007348161173115486,-0.0007356814178378996,1.0023616799796766,1.5409364297607203e-08,0.0019564660314978694,-0.005273870028163971,-0.005273870028163971,0.16,0.9988238108162444,1.5445756284768404e-08]"
/multi_agv/m2b_algorithm_state,1789558529.1173728,1789558529.1173728,m2b_algorithm_state_v1:header6+3x20,"[1.0,-0.15,0.52,5.056843124228674,0.10125036546885369,1789558529.1172671,5.055417737923522,0.10107522091781226,0.0036904376666666654,0.0015403538097962994,0.000696714003638909,0.000569571689804729,0.004584685874999997,5.057725285568812,0.09944756478291124,0.0023075476452900645,-0.001627656134901026,-0.0016319360703130833,1.0052912511881091,8.808611548081339e-08,0.0012524984862994973,-0.002151496745200566,-0.002151496745200566,0.16,0.9973773878217935,8.855220124400716e-08,5.056398220162118,0.10150168927957538,0.002796189458333334,-0.0009437465097153278,0.0016671205295466507,0.0007539606407207244,-0.0017884964166666626,5.05550952252732,0.1039692165810579,-0.0008886976347977082,0.0024675273014825166,0.002458046171650386,0.9923874468506275,-1.2343229530751587e-07,0.0013471741281532506,-0.006885871233878692,-0.006885871233878692,0.16,1.003857181342434,-1.2249266039913836e-07,5.055711581871167,0.10117419700061778,0.0036904376666666654,0.0013236126579636133,0.0009824118433629627,0.0005149166376883568,0.0032930326916666636,5.0578749781887735,0.10081638378763048,0.0021633963176066473,-0.00035781321298729296,-0.0003580178038228823,1.0011451075814086,3.653089036594278e-09,0.0023462275931854268,-0.006834068976592655,-0.006834068976592655,0.16,0.9994285456382203,3.6572722165456426e-09]"
/multi_agv/m2b_algorithm_state,1789558529.1272626,1789558529.1272626,m2b_algorithm_state_v1:header6+3x20,"[1.0,-0.15,0.52,5.057841623852584,0.10125037539154173,1789558529.1271482,5.056418347631132,0.10107521281087287,0.0036904376666666654,0.0015404106333696908,0.0006967078835803161,0.0005695502424810008,0.004584685874999997,5.058898645735171,0.10133908286395972,0.002480298104039491,0.00026387005308685374,0.00026375916248736213,0.9991603440145388,2.3121247825816496e-09,0.003364131792536726,-0.010532269450854028,-0.010532269450854028,0.16,1.0004204236866916,2.3101833931688218e-09,5.05739883258252,0.10150169375706249,0.002796189458333334,-0.0009438078324822442,0.0016671250615374333,0.0007539848646264391,-0.0017884964166666626,5.056076858382337,0.10357305478092835,-0.00132197420018354,0.0020713610238658614,0.002064659758296584,0.9935805687583761,-8.701073096352157e-08,0.00041219200806715895,-0.003355668524750454,-0.003355668524750454,0.16,1.003245699705411,-8.645217155881781e-08,5.0567121924723715,0.10117418983862567,0.0036904376666666654,0.0013236512344718446,0.000982409569823207,0.0005149010988721005,0.0032930326916666636,5.05892868991982,0.10115062775982747,0.00221649744744834,-2.356207879819494e-05,-2.3562963717885234e-05,1.0000751205776925,1.5837473076169507e-11,0.0027470588455925397,-0.00841699049131762,-0.00841699049131762,0.16,0.9999624444657774,1.583866279629618e-11]"
/multi_agv/m2b_algorithm_state,1789558529.1373665,1789558529.1373665,m2b_algorithm_state_v1:header6+3x20,"[1.0,-0.15,0.52,5.058841419432593,0.10125037676956301,1789558529.1372135,5.057416850316804,0.10107523718188136,0.0036904376666666654,0.0015402374810170958,0.0006967233648863306,0.0005696172442533674,0.004584685874999997,5.059562601319853,0.09958089015284054,0.0021457510030487015,-0.0014943470290408184,-0.0014979509780571403,1.0048505927772318,7.423577735767822e-08,0.0011842377757537365,-0.001972108750125173,-0.001972108750125173,0.16,0.997594080801632,7.459586488314156e-08,5.058397328531188,0.10150167835409668,0.002796189458333334,-0.000943619323397372,0.001667114035813988,0.0007539088876648281,-0.0017884964166666626,5.057112123783558,0.10357305478092835,-0.0012852047476306083,0.002071376426831667,0.0020646750609728285,0.9935805207981477,-8.699465100710848e-08,0.00045816912643456813,-0.003519880606353825,-0.003519880606353825,0.16,1.0032457242233945,-8.643619065429596e-08,5.057710692709758,0.10117421063864718,0.0036904376666666654,0.001323536934177012,0.0009824147192142975,0.0005149479650838162,0.0032930326916666636,5.059604326206335,0.10069390548736683,0.0018936334965768964,-0.0004803051512803497,-0.00048067413704977544,1.0015392504142755,6.582548753242774e-09,0.001886367733671345,-0.005145821388047244,-0.005145821388047244,0.16,0.9992323577638471,6.592680944138192e-09]"
/multi_agv/m2b_algorithm_state,1789558529.147257,1789558529.147257,m2b_algorithm_state_v1:header6+3x20,"[1.0,-0.15,0.52,5.0598421663580515,0.10125037205371967,1789558529.1471798,5.058416646370514,0.10107524030279637,0.0036904376666666654,0.0015402154944146361,0.0006967257686776307,0.000569625524205222,0.004584685874999997,5.060412636318361,0.0980043007121708,0.001995989947847221,-0.003070939590625571,-0.0030863413154620834,1.0101463428158994,3.138325494731471e-07,-0.0005913538806530572,0.004983826690158906,0.004983826690158906,0.16,0.9950097143308965,3.1701680210688937e-07,5.059397123518889,0.10150167659455227,0.002796189458333334,-0.0009435954760632333,0.0016671122588887144,0.000753899474967748,-0.0017884964166666626,5.05802741726517,0.10270447486567567,-0.0013697062537190163,0.0012027982711234064,0.0012005237114075065,0.9962351559784995,-2.9351168201924985e-08,-0.0005116091057412639,0.00033698349996093757,0.00033698349996093757,0.15999999999884662,1.0018946395596247,-2.9240665631795912e-08,5.058710488408376,0.10117421341134042,0.0036904376666666654,0.0013235219059743474,0.0009824156001585482,0.0005149540209946615,0.0032930326916666636,5.060563972805411,0.10098760018208455,0.0018534843970350323,-0.00018661322925586643,-0.00018666880643412393,1.0005960602130204,9.934606884716434e-10,0.0021301866898596664,-0.0061497040123896455,-0.0061497040123896455,0.15999999999886716,0.9997022685293855,9.940528508612412e-10]"
/multi_agv/m2b_algorithm_state,1789558529.1573095,1789558529.1573095,m2b_algorithm_state_v1:header6+3x20,"[1.0,-0.15,0.52,5.060841070525073,0.10125037919992402,1789558529.1571941,5.059417391845358,0.1010752288021086,0.0036904376666666654,0.0015402970270301263,0.0006967184220354023,0.0005695940045482515,0.004584685874999997,5.0618770946231,0.09734494261262533,0.002459702777742656,-0.0037302861894832756,-0.003753124366219333,1.012416135214873,4.632818163551558e-07,-0.000678495894041013,0.005573734518850976,0.005573734518850976,0.16,0.9939148894340896,4.690339860296134e-07,5.060397872193787,0.10150168377057747,0.002796189458333334,-0.0009436840773715109,0.0016671175072051625,0.0007539351505733843,-0.0017884964166666626,5.059055550989374,0.10270447486567567,-0.0013423212044125776,0.0012027910950982018,0.00120051656262121,0.9962351785004839,-2.935357313934925e-08,-0.000477384942894512,0.0002148911225553639,0.0002148911225553639,0.16,1.0018946281524228,-2.924306217610661e-08,5.05971123503501,0.10117420358847296,0.0036904376666666654,0.0013235757254525778,0.0009824131256406252,0.0005149319794943807,0.0032930326916666636,5.0616138038266865,0.10153181543470988,0.0019025687916762735,0.00035761184623692155,0.0003574085877261865,0.9988647824321064,3.6470420301250507e-09,0.002735619577321528,-0.008561268795898535,-0.008561268795898535,0.16,1.0005687006907926,3.6429018439416064e-09]"
/multi_agv/m2b_algorithm_state,1789558529.167284,1789558529.167284,m2b_algorithm_state_v1:header6+3x20,"[1.0,-0.15,0.52,5.061841363195864,0.1012503772983089,1789558529.1672115,5.0604162982727745,0.10107524597308669,0.0036904376666666654,0.0015401753835046486,0.0006967298761775707,0.0005696407741100194,0.004584685874999997,5.062995904706733,0.09894497843065035,0.0025796064339589364,-0.002130267542436337,-0.0021376266191584065,1.0069644405554792,1.509196106119679e-07,0.001086881423290264,-0.0013367556383936199,-0.0013367556383936199,0.16,0.9965573610208098,1.51970681268731e-07,5.061396773612325,0.10150167324592188,0.002796189458333334,-0.0009435518832382013,0.0016671092617563943,0.0007538821379935445,-0.0017884964166666626,5.060632529508138,0.10380264953460945,-0.0007642441041868508,0.00230097628868757,0.0022927214037459795,0.9928876976298817,-1.0732320869521792e-07,0.001337416273512416,-0.006772018507757934,-0.006772018507757934,0.16,1.0036004744964229,-1.0655989358364623e-07,5.060710139690118,0.10117421838076353,0.0036904376666666654,0.0013234948056623057,0.0009824170601842493,0.0005149650084794091,0.0032930326916666636,5.06309918233744,0.10133507574542369,0.0023890426473212045,0.00016085736466016354,0.00016081617834557777,0.9994882264864526,7.379599430992658e-10,0.0031471194874970834,-0.00992756872500295,-0.00992756872500295,0.16,1.000256108029736,7.375822747463287e-10]"
/multi_agv/m2b_algorithm_state,1789558529.1771846,1789558529.1771846,m2b_algorithm_state_v1:header6+3x20,"[1.0,-0.15,0.52,5.062842022641232,0.10125037312655233,1789558529.1770961,5.061416590413532,0.10107524097033549,0.0036904376666666654,0.0015402111792997184,0.0006967272176520815,0.0005696266409502825,0.004584685874999997,5.064110356577162,0.09889071449647445,0.0026937661636301513,-0.00218452647386104,-0.0021922683638816096,1.0071461867385478,1.5871489746059587e-07,0.0011749393406560796,-0.0016220290633070559,-0.0016220290633070559,0.16,0.996468548217855,1.5984910375603876e-07,5.062397066889088,0.10150167668158058,0.002796189458333334,-0.0009435910038626924,0.0016671110796719901,0.0007538981498150521,-0.0017884964166666626,5.06166709138245,0.10380264953460945,-0.0007299755066378921,0.002300972853028868,0.0022927179929107078,0.9928877083051046,-1.0732733651125141e-07,0.0013802486096133426,-0.006925324253465445,-0.006925324253465445,0.16,1.003600469025709,-1.0656399318714719e-07,5.061710432284972,0.10117421424301062,0.0036904376666666654,0.0013235178183654966,0.000982416283206655,0.0005149554375270511,0.0032930326916666636,5.0640269655415135,0.10043600318599365,0.0023165332565415753,-0.000738211057016977,-0.0007390843939966093,1.002372682348612,1.5552199173299162e-08,0.0021565821766803598,-0.005980800040864566,-0.005980800040864566,0.16,0.9988183528339575,1.5589099601759747e-08]"
/multi_agv/m2b_algorithm_state,1789558529.1873176,1789558529.1873176,m2b_algorithm_state_v1:header6+3x20,"[1.0,-0.15,0.52,5.063843530546203,0.10125036368378477,1789558529.1872447,5.06241724857653,0.10107523075437533,0.0036904376666666654,0.001540283663932851,0.0006967207380347055,0.000569598592236442,0.004584685874999997,5.065055743534873,0.09793636443710618,0.0026384949583428963,-0.0031388663172691456,-0.0031549651406522442,1.0103786708426628,3.278983939453849e-07,0.00014315355727637612,0.0024355398823184818,0.0024355398823184818,0.16,0.9948973054644369,3.3130154344598185e-07,5.06339772787672,0.10150168309894567,0.002796189458333334,-0.0009436698430588695,0.0016671157064624964,0.000753929917179999,-0.0017884964166666626,5.062288234148242,0.10230962437528775,-0.001109493728478128,0.0008079412763420807,0.0008069119033301625,0.9974596711691223,-1.3248206628331672e-08,-0.0005799552572674976,0.0007565218830465797,0.0007565218830465797,0.16,1.0012756944192667,-1.3214551827076296e-08,5.062711091470447,0.101174205526336,0.0036904376666666654,0.001323565633223577,0.0009824141195908355,0.0005149358370772818,0.0032930326916666636,5.065081114152567,0.10148752131130881,0.002370022682119277,0.00031331578497280355,0.0003131597093841847,0.999004897416798,2.7995734015864538e-09,0.003275688062033281,-0.010459152956203355,-0.010459152956203355,0.16,1.0004983897479205,2.7967875388626713e-09]"
/multi_agv/m2b_algorithm_state,1789558529.1973207,1789558529.1973207,m2b_algorithm_state_v1:header6+3x20,"[1.0,-0.15,0.52,5.064843207638603,0.1012503661919843,1789558529.1972778,5.06341875346945,0.1010752083646836,0.0036904376666666654,0.0015404418644703564,0.0006967054617105001,0.0005695379648282233,0.004584685874999997,5.065610824215732,0.09670687711757463,0.0021920707462816935,-0.004368331247108975,-0.0043998005399295825,1.0146438671780156,6.356324366463844e-07,-0.0016597121070774656,0.009274766750877513,0.009274766750877513,0.16,0.9928475637622629,6.449405536226724e-07,5.064399239471254,0.10150169653474624,0.002796189458333334,-0.0009438414675190174,0.0016671267751542374,0.0007539985528843413,-0.0017884964166666626,5.063309830635211,0.10230962437528775,-0.0010894088360435816,0.0008079278405415113,0.0008068985018488037,0.9974597134899738,-1.325017467983889e-08,-0.0005548625432056733,0.000667024568959967,0.000667024568959967,0.16,1.0012756730745553,-1.3216515439844203e-08,5.063712598697904,0.10117418615192453,0.0036904376666666654,0.0013236712248068465,0.0009824087779899847,0.0005148928457219719,0.0032930326916666636,5.066007638667098,0.10140417823384693,0.0022950399691934464,0.00022999208192239773,0.0002299079288514145,0.9992688453095809,1.5087364762204029e-09,0.0030987078903432223,-0.00978927238591219,-0.00978927238591219,0.16,1.0003660294423236,1.507633356469208e-09]"
/multi_agv/m2b_algorithm_state,1789558529.2073183,1789558529.2073183,m2b_algorithm_state_v1:header6+3x20,"[1.0,-0.15,0.52,5.06584038274261,0.10125038446873132,1789558529.2072542,5.064418431240257,0.10107521524468413,0.0036904376666666654,0.0015403922537750307,0.0006967088461214735,0.0005695577086021947,0.004584685874999997,5.066590831221491,0.0968486004217925,0.0021723999812346406,-0.004226614822891633,-0.0042560441044512025,1.0141463951726541,5.94987879449992e-07,-0.0015405441279079017,0.00879948525094072,0.00879948525094072,0.16,0.9930852968537638,6.03404813115631e-07,5.065398915814926,0.10150169155749166,0.002796189458333334,-0.0009437869654881346,0.001667124528971442,0.0007539760965220438,-0.0017884964166666626,5.064637455158586,0.10533235272523861,-0.000761460656340418,0.0038306611677469543,0.003808047498916172,0.9883659580576186,-2.9718023605706686e-07,0.0028562216784906494,-0.012960246809803844,-0.012960246809803844,0.16,1.0059383893812297,-2.9372282872633213e-07,5.064712275860624,0.10117419177377714,0.0036904376666666654,0.0013236395922369593,0.000982409671336182,0.0005149060925150211,0.0032930326916666636,5.066940658816741,0.10053685695498663,0.0022283829561171586,-0.0006373348187905109,-0.0006379852860824899,1.0020461213550755,1.1592465245920176e-08,0.0021474934090639584,-0.005996443572365636,-0.005996443572365636,0.16,0.9989804352762222,1.1616184836617824e-08]"
/multi_agv/m2b_algorithm_state,1789558529.217109,1789558529.217109,m2b_algorithm_state_v1:header6+3x20,"[1.0,-0.15,0.52,5.066851802494433,0.10125031082740432,1789558529.2170172,5.065415612080494,0.10107525940328156,0.0036904376666666654,0.0015400792653555103,0.0006967378913417474,0.0005696782682548667,0.004584685874999997,5.067692186400398,0.09801768114582851,0.0022765743199046895,-0.0030575782574530502,-0.0030728447147694484,1.0101006818030078,3.1107736539585145e-07,-0.00022712681488858653,0.0036992634955329826,0.0036992634955329826,0.16,0.9950318162050231,3.1421945887983293e-07,5.0663960839649995,0.10150166429301784,0.002796189458333334,-0.0009434467416449604,0.0016671036671684902,0.0007538394728595355,-0.0017884964166666626,5.065687990959791,0.10533235272523861,-0.0007080930052083545,0.003830688432220772,0.0038080744377075823,0.9883658745145747,-2.970773655082132e-07,0.002922958181197139,-0.013199944321939595,-0.013199944321939595,0.16,1.0059384328964964,-2.936211301590111e-07,5.065709452182337,0.10117422970989458,0.0036904376666666654,0.0013234318892467382,0.0009824195722696778,0.0005149909735986261,0.0032930326916666636,5.0678943617351795,0.10001190344198616,0.002184909552842562,-0.0011623262679084229,-0.0011644983015879973,1.0037537731854382,3.856422912480108e-08,0.0015666386394652054,-0.0036939553477823464,-0.0036939553477823464,0.16,0.9981347901696271,3.870899049400685e-08]"
/multi_agv/m2b_algorithm_state,1789558529.2272382,1789558529.2272382,m2b_algorithm_state_v1:header6+3x20,"[1.0,-0.15,0.52,5.067839049291693,0.10125039297470788,1789558529.2271,5.066427008569515,0.10107508306440408,0.0036904376666666654,0.0015413271796177407,0.0006966199283732876,0.0005691987075043702,0.004584685874999997,5.0688489077206595,0.09829076791175062,0.0024218991511446575,-0.002784315152653455,-0.0027969488087967683,1.009169838838205,2.581222258912018e-07,0.00023042513013405352,0.001972874729287185,0.001972874729287185,0.16,0.9954830577865499,2.604891651031829e-07,5.067407532060345,0.10150177169289973,0.002796189458333334,-0.0009448017601842865,0.0016671886977359662,0.0007543825964862472,-0.0017884964166666626,5.0663660555557115,0.10321163682429643,-0.0010414765046338204,0.001709865131396704,0.001705286221576939,0.9946789275050274,-5.936871562647779e-08,0.0004034405907846635,-0.003159044893351067,-0.003159044893351067,0.16,1.0026851268495742,-5.905281038669589e-08,5.06672086685344,0.10117407772490913,0.0036904376666666654,0.001324262141313837,0.0009823788349089925,0.0005146522816043861,0.0032930326916666636,5.069204074368708,0.10053072410152195,0.002483207515267871,-0.0006433536233871884,-0.0006440164654761395,1.0020655881200657,1.1818061915659252e-08,0.0024599929286086997,-0.007099789324623964,-0.007099789324623964,0.16,0.9989707684127904,1.184247316395444e-08]"
/multi_agv/m2b_algorithm_state,1789558529.2373493,1789558529.2373493,m2b_algorithm_state_v1:header6+3x20,"[1.0,-0.15,0.52,5.068840103870185,0.10125038574450035,1789558529.2372148,5.0674142807595075,0.10107528408911426,0.0036904376666666654,0.0015399000591998081,0.0006967483502814172,0.0005697505064504223,0.004584685874999997,5.069720848070732,0.09687927115271118,0.0023065673112245832,-0.004196012936403079,-0.004225010925788401,1.0140391603141916,5.862046015485592e-07,-0.0013418017867576721,0.008091560507336596,0.008091560507336596,0.16,0.9931365883083697,5.944344219266163e-07,5.068394748303561,0.10150164537531015,0.002796189458333334,-0.0009432489852893456,0.0016670970356056358,0.0007537572018068428,-0.0017884964166666626,5.067402421869524,0.10321163682429643,-0.0009923264340372384,0.0017099914489862866,0.0017054118591007523,0.9946785328897927,-5.927992995689309e-08,0.0004650038165542043,-0.0033774019366413807,-0.0033774019366413807,0.16,1.0026853278057706,-5.896447375933209e-08,5.067708118812009,0.10117424945969919,0.0036904376666666654,0.0013233194995536258,0.0009824218031929902,0.0005150385296614573,0.0032930326916666636,5.0701987273997355,0.09989271971395125,0.0024906085877267614,-0.001281529745747939,-0.001284172508301839,1.0041443161287738,4.6879628899084095e-08,0.0018290882263566127,-0.004565884332515213,-0.004565884332515213,0.16,0.9979420502021222,4.7073912901241494e-08]"
/multi_agv/m2b_algorithm_state,1789558529.247262,1789558529.247262,m2b_algorithm_state_v1:header6+3x20,"[1.0,-0.15,0.52,5.069838638650276,0.10125039477171767,1789558529.24713,5.0684153333636415,0.10107526488367831,0.0036904376666666654,0.001540037656428041,0.0006967383735409166,0.000569696053164703,0.004584685874999997,5.070568836337208,0.09551531665982067,0.0021535029735666456,-0.005559948223857636,-0.005611384978703795,1.0188875531030905,1.0301877536693047e-06,-0.002919506261745488,0.014145712271190339,0.014145712271190339,0.16,0.990833500991044,1.0496454795728873e-06,5.069395805119759,0.10150165870638173,0.002796189458333334,-0.0009433993450710322,0.001667103748721921,0.000753818885644103,-0.0017884964166666626,5.068976256987417,0.10696197716597285,-0.00041954813234212907,0.005460318459591121,0.005414940250662389,0.9837265618071241,-6.02795754476802e-07,0.004890505085234728,-0.021122411297647078,-0.021122411297647078,0.16,1.0083801864523216,-5.929861950233958e-07,5.068709173127155,0.10117423364344104,0.0036904376666666654,0.0013234076580732521,0.0009824189257967141,0.0005150018131061689,0.0032930326916666636,5.071142095147855,0.09952011905561133,0.002432922020699557,-0.0016541145878297137,-0.0016585298026466286,1.0053717358391039,7.812608093415454e-08,0.001382622723227818,-0.0028154525544875687,-0.0028154525544875687,0.16,0.9973378742969411,7.854575360307727e-08]"
/multi_agv/m2b_algorithm_state,1789558529.2571878,1789558529.2571878,m2b_algorithm_state_v1:header6+3x20,"[1.0,-0.15,0.52,5.07083673138347,0.10125040632315792,1789558529.2570581,5.069413871217572,0.10107528513979738,0.0036904376666666654,0.00153989551335568,0.000696753992781218,0.000569749541969047,0.004584685874999997,5.072170997157962,0.09718872704903364,0.002757125940390459,-0.003886558090763742,-0.003911378927626558,1.012958894321501,5.028293903581363e-07,-0.0004649715021384842,0.00489317090611055,0.00489317090611055,0.16,0.9936541978360871,5.093455032895322e-07,5.07039433603322,0.10150164754589554,0.002796189458333334,-0.000943245706536807,0.0016670921488328716,0.0007537583225335903,-0.0017884964166666626,5.070041147542219,0.10696197716597285,-0.0003531884910010774,0.005460329620077309,0.00541495122251382,0.9837265281122524,-6.02700074191235e-07,0.004973465608762473,-0.021422210844425398,-0.021422210844425398,0.16,1.0083802043081789,-5.928920514771405e-07,5.069707708700036,0.1011742516294601,0.0036904376666666654,0.0013233106669744157,0.0009824247327486994,0.0005150408344438023,0.0032930326916666636,5.072612499400616,0.09983688792241648,0.002904790700580584,-0.0013373637070436262,-0.0013402429788272757,1.0043276020032044,5.105512831467394e-08,0.0022907453968984545,-0.006170704978131301,-0.006170704978131301,0.16,0.9978516792632862,5.127607459024238e-08]"
/multi_agv/m2b_algorithm_state,1789558529.2673793,1789558529.2673793,m2b_algorithm_state_v1:header6+3x20,"[1.0,-0.15,0.52,5.071845682340119,0.10125034800103945,1789558529.267327,5.070411967910691,0.10107531070139641,0.0036904376666666654,0.0015397166159582133,0.0006967741842730738,0.0005698165840026719,0.004584685874999997,5.073309231329513,0.09923760984480502,0.002897263418821794,-0.0018377008565913927,-0.0018431653249958494,1.0059882115179755,1.1225689102205474e-07,0.001778413948531393,-0.003909948697390118,-0.003909948697390118,0.16,0.9970352803786232,1.1292910902984512e-07,5.071392423753581,0.10150163382722684,0.002796189458333334,-0.0009430527664326342,0.001667077110333537,0.0007536825122066992,-0.0017884964166666626,5.070688749242148,0.10415851952986886,-0.00070367451143305,0.0026568857026420256,0.0026459093982944895,0.9918210476273546,-1.4297814069358073e-07,0.001766316259003177,-0.008476409122662109,-0.008476409122662109,0.16,1.0041484052154663,-1.4180872929051853e-07,5.070705802486137,0.10117427444085056,0.0036904376666666654,0.0013231881031203299,0.0009824323638412125,0.0005150899917398979,0.0032930326916666636,5.073667872213882,0.10016747556634155,0.0029620697277445984,-0.00100679887450901,-0.00100842661851975,1.0032457844627347,2.8925964201796218e-08,0.002694160541160998,-0.007755106151199292,-0.007755106151199292,0.16,0.9983858577502357,2.901985164697203e-08]"
/multi_agv/m2b_algorithm_state,1789558529.2772512,1789558529.2772512,m2b_algorithm_state_v1:header6+3x20,"[1.0,-0.15,0.52,5.07283887032036,0.1012503919744273,1789558529.2771542,5.071420900717029,0.10107516897127905,0.0036904376666666654,0.0015407217375594355,0.0006966823142089845,0.0005694286916156726,0.004584685874999997,5.074370201524916,0.09920565356473006,0.002949300807887134,-0.001869515406548991,-0.0018751720815622453,1.006094073577818,1.1625573648222045e-07,0.0018114539282966724,-0.004010573170109318,-0.004010573170109318,0.16,0.9969833835151058,1.1696420749418653e-07,5.072401396638188,0.101501722012471,0.002796189458333334,-0.0009441456809361828,0.0016671428942078848,0.0007541220342946187,-0.0017884964166666626,5.071728740499623,0.10415851952986886,-0.0006726561385654861,0.002656797517397863,0.002645821947561347,0.9918213207471153,-1.4313428960803064e-07,0.0018050017743544895,-0.00861605508550255,-0.00861605508550255,0.16,1.0041482647185054,-1.4196364016323704e-07,5.07171474966514,0.10117415301936833,0.0036904376666666654,0.0013238535330450355,0.0009824013077197602,0.0005148177079581638,0.0032930326916666636,5.07464829328228,0.09955875496981054,0.0029335436171402662,-0.0016153980495577924,-0.0016196077725339902,1.0052437209572005,7.453480806359922e-08,0.0020473217488913426,-0.005178928546357256,-0.005178928546357256,0.16,0.9974007762573209,7.492564779868323e-08]"
/multi_agv/m2b_algorithm_state,1789558529.2873776,1789558529.2873776,m2b_algorithm_state_v1:header6+3x20,"[1.0,-0.15,0.52,5.073838268497149,0.10125039535347108,1789558529.2873054,5.072414102336929,0.10107527606112705,0.0036904376666666654,0.001539962082018976,0.0006967513893895824,0.0005697220413841574,0.004584685874999997,5.075210014694913,0.0974837703564609,0.0027959123579837097,-0.0035915057046661536,-0.0036126541075566553,1.0119356576267262,4.293202954035973e-07,-0.00011776366007701811,0.003549232722594906,0.003549232722594906,0.16,0.9941460205541778,4.344445154617396e-07,5.073394568157612,0.10150165520023863,0.002796189458333334,-0.0009433196774531888,0.0016670935117586438,0.0007537896774340025,-0.0017884964166666626,5.07296078775177,0.10647228622163193,-0.00043378040584229893,0.004970631021393307,0.004932885723627657,0.9851015265482197,-4.9967913457843e-07,0.004390660216324783,-0.019063292150316817,-0.019063292150316817,0.16,1.0076517681293238,-4.922346782575047e-07,5.072707940466536,0.1011742446619162,0.0036904376666666654,0.0013233510981842333,0.000982424610796207,0.0005150233725544138,0.0032930326916666636,5.075562783516794,0.09885517788715405,0.0028548430502581823,-0.002319066774762152,-0.0023277888958279144,1.0075877496208663,1.536259516887964e-07,0.0012407649169948135,-0.0020089352728837996,-0.0020089352728837996,0.16,0.9962530446461897,1.5479162694547829e-07]"
/multi_agv/m2b_algorithm_state,1789558529.2973104,1789558529.2973104,m2b_algorithm_state_v1:header6+3x20,"[1.0,-0.15,0.52,5.074838663719125,0.1012503922993729,1789558529.2971995,5.073413501801853,0.10107528254509977,0.0036904376666666654,0.0015399177915857015,0.000696758046281331,0.000569737776886686,0.004584685874999997,5.075415211445279,0.09704765067775925,0.0020017096434257198,-0.004027631867340523,-0.004054315521326429,1.013450464001779,5.400507026349606e-07,-0.0015521784670442795,0.008756795438183664,0.008756795438183664,0.16,0.9934184564951727,5.473146351698876e-07,5.074393964620292,0.1015016526857094,0.002796189458333334,-0.000943272717310476,0.0016670883694267502,0.000753771996714947,-0.0017884964166666626,5.073278745518945,0.10567738403125368,-0.0011152191013463764,0.004175731345544276,0.004148930748759395,0.9873683775710881,-3.5284522666323414e-07,0.0027549068720764246,-0.012765493220235402,-0.012765493220235402,0.16,1.0064596394608165,-3.4838821898418035e-07,5.073707339069304,0.10117425082960409,0.0036904376666666654,0.0013233190225444029,0.0009824274279587987,0.0005150358107407879,0.0032930326916666636,5.075990431971766,0.09901990759030459,0.0022830929024619806,-0.0021543432392995,-0.0021618609705493295,1.0070357438352942,1.3255929028108779e-07,0.0006920051575281462,-0.00015167551478919954,-0.00015167551478919954,0.16,0.9965225648863446,1.3349194349049393e-07]"
/multi_agv/m2b_algorithm_state,1789558529.3071504,1789558529.3071504,m2b_algorithm_state_v1:header6+3x20,"[1.0,-0.15,0.52,5.07583884624572,0.10125039070844204,1789558529.307023,5.074413896279997,0.10107527350935827,0.0036904376666666654,0.001539983509135505,0.0006967544402627368,0.0005697111667347179,0.004584685874999997,5.076463639577479,0.0988170756786742,0.0020497432974826424,-0.0022581978306840667,-0.0022664752866971443,1.0073933026835487,1.695836197969772e-07,0.00029570383515615866,0.0015073582475824605,0.0015073582475824605,0.16,0.9963478728130586,1.7083740282830808e-07,5.075394360593274,0.10150165974230028,0.002796189458333334,-0.0009433453966998023,0.0016670906224476312,0.0007538023287821105,-0.0017884964166666626,5.074150460361405,0.10431391010484496,-0.0012439002318682668,0.002812250362544677,0.002799967366114457,0.9913582114311331,-1.6021961794016877e-07,0.0012450920762791234,-0.0066827443794878205,-0.0066827443794878205,0.16,1.0043868355677537,-1.588350338773452e-07,5.074707734284103,0.10117424364646019,0.0036904376666666654,0.0013233600413059313,0.0009824267487192895,0.0005150183840405553,0.0032930326916666636,5.077088847415838,0.09980378756091741,0.0023811131317348355,-0.0013704560855427733,-0.0013734803673097562,1.0044363427236513,5.361625740246151e-08,0.0016029110473587882,-0.0037251025081482263,-0.0037251025081482263,0.16,0.9977980888267761,5.385411749585834e-08]"
/multi_agv/m2b_algorithm_state,1789558529.3172867,1789558529.3172867,m2b_algorithm_state_v1:header6+3x20,"[1.0,-0.15,0.52,5.076846980848068,0.10125033820344072,1789558529.3171637,5.075414078462556,0.10107526832869357,0.0036904376666666654,0.0015400216471153543,0.0006967528693321507,0.0005696954526308471,0.004584685874999997,5.07761574851701,0.09999817439491539,0.0022016700544540413,-0.001077093933778181,-0.0010789603868533093,1.003479791003308,3.8550818310469544e-08,0.0016731271812142423,-0.003893702612241144,-0.003893702612241144,0.16,0.9982701375343614,3.8684967101196473e-08,5.076394543414838,0.10150166415202569,0.002796189458333334,-0.0009433879889267143,0.0016670915073531134,0.0007538203307509983,-0.0017884964166666626,5.075187745157191,0.10431391010484496,-0.0012067982576473568,0.002812245952819273,0.00279996299523942,0.991358225069221,-1.6022634671909577e-07,0.001291465173180224,-0.006849008583810662,-0.006849008583810662,0.16,1.0043868285404973,-1.5884170669276837e-07,5.075707916859767,0.10117423964460681,0.0036904376666666654,0.0013233833650315658,0.0009824266714847148,0.0005150083143061414,0.0032930326916666636,5.078083657151301,0.09928917277590676,0.0023757402915336456,-0.0018850668687000471,-0.0018908110726724916,1.006137700489676,1.0147929360190654e-07,0.0010788642917445655,-0.0016376111491828334,-0.0016376111491828334,0.16,0.9969620423449681,1.0210214311193895e-07]"
/multi_agv/m2b_algorithm_state,1789558529.3270922,1789558529.3270922,m2b_algorithm_state_v1:header6+3x20,"[1.0,-0.15,0.52,5.0778385557999295,0.10125039260846375,1789558529.3269944,5.076422196492295,0.10107514212792801,0.0036904376666666654,0.0015409154198533048,0.0006966689807041959,0.0005693516738105946,0.004584685874999997,5.07882750278158,0.1000406074324861,0.0024053062892850363,-0.0010345346954419021,-0.0010362560146976556,1.003340694509656,3.558411464241884e-08,0.00197037684690864,-0.004964067928705608,-0.004964067928705608,0.16,0.9983389054139719,3.5702990298835734e-08,5.077402698165113,0.10150174149236253,0.002796189458333334,-0.0009443591779089155,0.0016671519511328725,0.0007542098667654429,-0.0017884964166666626,5.076625769572331,0.10377164922859043,-0.0007769285927814451,0.0022699077362278997,0.002261872374933682,0.9929812373187284,-1.0453629638185809e-07,0.0012907116339568757,-0.006591041107285681,-0.006591041107285681,0.16,1.0035525263862215,-1.0380258092597476e-07,5.076716047886797,0.10117413099003161,0.0036904376666666654,0.0013239775418732807,0.0009823978936416289,0.0005147657308725104,0.0032930326916666636,5.079303619386688,0.09785341450476355,0.0025875714998910837,-0.003320716485268063,-0.0033387355213842698,1.010987906489887,3.153474310884866e-07,-0.00010427114652041512,0.003167437751434977,0.003167437751434977,0.16,0.9946030357898084,3.18812439173113e-07]"
/multi_agv/m2b_algorithm_state,1789558529.336995,1789558529.336995,m2b_algorithm_state_v1:header6+3x20,"[1.0,-0.15,0.52,5.078836739185368,0.10125040369050638,1789558529.3369184,5.077413788229836,0.10107527511192539,0.0036904376666666654,0.0015399716842744997,0.0006967540034301216,0.0005697165195335,0.004584685874999997,5.079632735375455,0.09785427733074296,0.002218947145618877,-0.0032209977811824275,-0.0032379605612630124,1.0106600374343717,3.452306333153222e-07,-0.0004642766292394162,0.0046026596667487095,0.0046026596667487095,0.16,0.9947612765011665,3.489108047899554e-07,5.07839425290488,0.10150165811542451,0.002796189458333334,-0.0009433328288359828,0.0016670913148493227,0.0007537965208822828,-0.0017884964166666626,5.077660397509021,0.10377164922859043,-0.0007338553958584626,0.00226999111316592,0.00226195515749295,0.9929809781779937,-1.0443038869897209e-07,0.0013446359126698718,-0.006782992950633272,-0.006782992950633272,0.16,1.003552659143728,-1.036973895218134e-07,5.077707626265074,0.10117424459804135,0.0036904376666666654,0.00132335424899096,0.0009824264306204531,0.0005150210602364769,0.0032930326916666636,5.080268404031584,0.09773685111921473,0.002560777766510647,-0.003437393478826614,-0.0034567179023550316,1.0113888388769634,3.377627471071864e-07,-0.0002557456942167231,0.0037489682169418695,0.0037489682169418695,0.16,0.9944096035388795,3.4160947261263065e-07]"
/multi_agv/m2b_algorithm_state,1789558529.3471663,1789558529.3471663,m2b_algorithm_state_v1:header6+3x20,"[1.0,-0.15,0.52,5.0798403580231195,0.10125037981180322,1789558529.347069,5.078411975321,0.10107530003799119,0.0036904376666666654,0.001539796940778028,0.0006967729613414518,0.0005697824026654029,0.004584685874999997,5.080501210383968,0.09716622740908926,0.0020892350629679868,-0.00390907262890193,-0.003934186106239681,1.0130372421950293,5.08646560957196e-07,-0.0013226422775296977,0.0079040181753967,0.0079040181753967,0.16,0.9936166015893552,5.152779093640637e-07,5.0793924316310175,0.10150164438443779,0.002796189458333334,-0.0009431443249067733,0.001667077336948708,0.0007537220817942364,-0.0017884964166666626,5.078629878162491,0.10333551064104395,-0.0007625534685269386,0.0018338662566061564,0.0018286040836886556,0.9943011187246615,-6.816593412099571e-08,0.0008754122480299823,-0.004900598242105371,-0.004900598242105371,0.16,1.0028776994235329,-6.777746455541761e-08,5.078705810604086,0.10117426664909016,0.0036904376666666654,0.0013232354468524802,0.000982433507132275,0.0005150688754401393,0.0032930326916666636,5.0814038829589405,0.09852260374566368,0.0026980723548541974,-0.0026516629034264716,-0.0026630948206531283,1.0087084543201348,2.008774734542674e-07,0.0007094956229146184,1.143197799159776e-05,1.143197799159776e-05,0.16,0.9957072811910419,2.0262680575578798e-07]"
/multi_agv/m2b_algorithm_state,1789558529.357024,1789558529.357024,m2b_algorithm_state_v1:header6+3x20,"[1.0,-0.15,0.52,5.0808380708786025,0.10125039430657386,1789558529.3569505,5.079415586856195,0.10107524083118417,0.0036904376666666654,0.0015402181002209634,0.0006967361667221889,0.0005696189862149505,0.004584685874999997,5.081513316974195,0.09794237179872241,0.002097730117999852,-0.003132869032461766,-0.003148905671392789,1.0103581432840216,3.2663141294144916e-07,-0.0005267430238929741,0.004783872583972409,0.004783872583972409,0.16,0.9949072342570585,3.3001470791775914e-07,5.080396059184593,0.10150168228860178,0.002796189458333334,-0.0009436032995257496,0.0016671034844177868,0.0007539074303956894,-0.0017884964166666626,5.079086958770172,0.10271710483976032,-0.001309100414420783,0.0012154225511585431,0.0012131002172024949,0.9961961895893947,-2.997050084405136e-08,-0.00042327530082348383,1.641369710361437e-05,1.641369710361437e-05,0.16,1.0019143793094059,-2.98564987409297e-08,5.079709428028573,0.10117421631562369,0.0036904376666666654,0.0013235125517138406,0.000982421475393026,0.0005149550197289239,0.0032930326916666636,5.082355584957833,0.09737885716626961,0.0026461569292601794,-0.003795359149354083,-0.0038189814211837627,1.012625354487902,4.119166325669932e-07,-0.0005112852596085384,0.004799652188211825,0.004799652188211825,0.16,0.9938145098851101,4.171172260726144e-07]"
/multi_agv/m2b_algorithm_state,1789558529.3670716,1789558529.3670716,m2b_algorithm_state_v1:header6+3x20,"[1.0,-0.15,0.52,5.081838117650114,0.10125039353829758,1789558529.3669643,5.080413304289479,0.10107527521917213,0.0036904376666666654,0.0015399752134431111,0.0006967595237574284,0.0005697121184232293,0.004584685874999997,5.082379933149463,0.09959179688365842,0.0019666288599839987,-0.0014834783355137104,-0.0014870297580413688,1.0048147212080423,7.314683359765466e-08,0.0009712563169386296,-0.001225323124461896,-0.001225323124461896,0.16,0.9976117340567979,7.349901520867843e-08,5.081393766432745,0.10150166167409584,0.002796189458333334,-0.0009433401226623074,0.0016670866624277636,0.0007538021025659397,-0.0017884964166666626,5.079977528524539,0.10063544432724578,-0.0014162379082058862,-0.000866217346850065,-0.0008674156708295559,1.002775859839023,-1.524082362137886e-08,-0.0026377130560869136,0.008780447270481065,0.008780447270481065,0.16,0.998618512415916,-1.528313001158308e-08,5.080707141913583,0.10117424602645361,0.0036904376666666654,0.0013233506793293155,0.0009824296838892637,0.000515020915377801,0.0032930326916666636,5.082779730468093,0.09626217705754761,0.0020725885545092027,-0.004912068968906003,-0.004951969906491599,1.0165451685863252,6.903654302212342e-07,-0.002361234213355096,0.011728092494075878,0.011728092494075878,0.16,0.9919424111335391,7.017876426504154e-07]"
/multi_agv/m2b_algorithm_state,1789558529.3773854,1789558529.3773854,m2b_algorithm_state_v1:header6+3x20,"[1.0,-0.15,0.52,5.08283920622417,0.10125038617377909,1789558529.3772864,5.081413350955208,0.10107527201474906,0.0036904376666666654,0.0015399994299075954,0.0006967592131726262,0.0005697017831513022,0.004584685874999997,5.083359924893666,0.0983217216197505,0.001946573938457874,-0.002753550394998555,-0.002765903518915181,1.0090653660471094,2.522268653741962e-07,-0.00033268609584283845,0.003936960228957995,0.003936960228957995,0.16,0.9955337835061322,2.545133942357283e-07,5.082393813210662,0.10150166489015557,0.002796189458333334,-0.0009433677211580878,0.0016670866816443919,0.0007538140555739675,-0.0017884964166666626,5.0809301153956055,0.10001509724130227,-0.0014636978150566193,-0.0014865676488532986,-0.0014901135460573024,1.0047973688467533,-4.4907542222038206e-08,-0.0033197358148780763,0.011444943930555715,0.011444943930555715,0.16,0.9976203845583541,-4.512298026607847e-08,5.081707188784471,0.10117424370998811,0.0036904376666666654,0.0013233648360103504,0.0009824300520643982,0.0005150145875160478,0.0032930326916666636,5.083827364858117,0.09718218238853836,0.0021201760736460074,-0.003992061321449747,-0.004018234201431958,1.0133089316880382,4.5572516605189486e-07,-0.0013680141093744486,0.007881372178537079,0.007881372178537079,0.16,0.9934864722487097,4.617903811553994e-07]"
/multi_agv/m2b_algorithm_state,1789558529.3875768,1789558529.3875768,m2b_algorithm_state_v1:header6+3x20,"[1.0,-0.15,0.52,5.0838519652621414,0.10125030383481352,1789558529.3874211,5.082414437295411,0.10107525325190345,0.0036904376666666654,0.0015401335586928467,0.0006967481212710068,0.0005696494133364871,0.004584685874999997,5.084268453336046,0.09765351047990363,0.0018540160406343986,-0.0034217427719998167,-0.003440914699252943,1.0113499024716555,3.89694774035439e-07,-0.0011233946484599448,0.007000591601990871,0.007000591601990871,0.16,0.99442824686782,3.9411777171445503e-07,5.083394904405151,0.10150167738223043,0.002796189458333334,-0.0009435145816735608,0.001667094542942671,0.0007538736253539929,-0.0017884964166666626,5.082448641352609,0.1023130193826555,-0.0009462630525423066,0.0008113420004250693,0.0008103039703616624,0.9974490772894034,-1.3357737705183657e-08,-0.00037252484531622083,1.6689223107550517e-05,1.6689223107550517e-05,0.16,1.0012810378590933,-1.332366314870931e-08,5.082708276971948,0.10117422788720341,0.0036904376666666654,0.0013234525666067664,0.0009824266297304264,0.0005149783398951759,0.0032930326916666636,5.084968986200221,0.09754136409173667,0.00226070922827315,-0.003632863795466748,-0.00365448023138328,1.0120628518337345,3.773441312203307e-07,-0.0008285936960418425,0.005840952132624588,0.005840952132624588,0.16,0.9940849492820077,3.818959775655708e-07]"
/multi_agv/m2b_algorithm_state,1789558529.3976974,1789558529.3976974,m2b_algorithm_state_v1:header6+3x20,"[1.0,-0.15,0.52,5.084850676924051,0.10125031443357073,1789558529.397432,5.083427170154961,0.10107505668262158,0.0036904376666666654,0.0015415243704938204,0.000696615527201771,0.000569115522779262,0.004584685874999997,5.085599251910458,0.09806508409354123,0.0021720817554973237,-0.0030099725890803536,-0.0030247621070559443,1.009938138931301,3.017398943382668e-07,-0.0003096599126842896,0.003969657600498732,0.003969657600498732,0.16,0.995110518628526,3.047386273293165e-07,5.084407695391724,0.10150179665552989,0.002796189458333334,-0.0009450249503041579,0.0016671903887477413,0.0007544784621490996,-0.0017884964166666626,5.083469202568832,0.1023130193826555,-0.0009384928228923783,0.0008112227271256101,0.0008101850029808146,0.9974494529715021,-1.3375181121034472e-08,-0.0003629310256346583,-1.8922740509639494e-05,-1.8922740509639494e-05,0.16,1.0012808483753433,-1.3341067092570596e-08,5.08372103023974,0.10117405816628909,0.0036904376666666654,0.0013243793370051756,0.0009823807116089876,0.0005146005057811193,0.0032930326916666636,5.08624566459708,0.09631094259981998,0.002524634357340183,-0.004863115566469109,-0.004902210914817098,1.0163713833769472,6.771801443518129e-07,-0.0017464179681418689,0.009565811016418116,0.009565811016418116,0.16,0.9920249558765778,6.882665201102529e-07]"
/multi_agv/m2b_algorithm_state,1789558529.4075623,1789558529.4075623,m2b_algorithm_state_v1:header6+3x20,"[1.0,-0.15,0.52,5.085850547694252,0.10125031729061597,1789558529.407423,5.084425884218058,0.10107508855750838,0.0036904376666666654,0.0015412924665784318,0.0006966274025716139,0.0005692098664956124,0.004584685874999997,5.086704008534997,0.09943278288294952,0.0022781243169385235,-0.0016423056745588638,-0.001646663487376024,1.0053397649889582,8.973445594358766e-08,0.0012009919087971304,-0.0019620318490268978,-0.0019620318490268978,0.16,0.99735354985972,9.021361684973844e-08,5.085406404707716,0.10150177149982417,0.002796189458333334,-0.0009447690494913926,0.0016671833509942502,0.000754371198760373,-0.0017884964166666626,5.084380479491917,0.09894840577926642,-0.0010259252157993615,-0.0025533657205577542,-0.002563911500912113,1.0083398113199076,-1.3277818242486913e-07,-0.0038463180206613147,0.013723818709699014,0.013723818709699014,0.16000000000000858,0.995886839171084,-1.3388552741369281e-07,5.08471974184638,0.10117408324337959,0.0036904376666666654,0.001324235888873199,0.000982382796405723,0.0005146616004491206,0.0032930326916666636,5.087080542715637,0.09537538143256738,0.0023608008692574955,-0.005798701810812212,-0.005854677704992616,1.0197253724671618,9.63236375811854e-07,-0.002903676618420747,0.013969087679034544,0.013969087679034544,0.16000000000000858,0.9904391160366232,9.82236572098662e-07]"
/multi_agv/m2b_algorithm_state,1789558529.4170225,1789558529.4170225,m2b_algorithm_state_v1:header6+3x20,"[1.0,-0.15,0.52,5.086842847147339,0.10125036776023877,1789558529.4168746,5.085425755165336,0.10107510069123868,0.0036904376666666654,0.00154120125182049,0.0006966279584911909,0.0005692491151079697,0.004584685874999997,5.0877675028856535,0.0992058249873903,0.0023417477203171444,-0.001869275703848372,-0.0018749309233735095,1.0060932813446015,1.162621172632817e-07,0.001052253727022921,-0.001333188845464817,-0.001333188845464817,0.16,0.9969837717994634,1.1697053505348592e-07,5.086406275736713,0.1015017593793646,0.002796189458333334,-0.0009446663224267509,0.001667184127382093,0.0007543262662458861,-0.0017884964166666626,5.085366917126192,0.09894840577926642,-0.0010393586105204022,-0.0025533536000981877,-0.002563899281088051,1.0083397719463167,-1.327624910521376e-07,-0.0038630975442385538,0.013782936526279462,0.013782936526279462,0.16,0.995886858322536,-1.3386969995053734e-07,5.085719612180707,0.10117409180124465,0.0036904376666666654,0.0013241837354867202,0.0009823813086887066,0.0005146849806938348,0.0032930326916666636,5.088113905932096,0.09627209407105536,0.0023942937513892204,-0.004901997730189289,-0.004941732299044073,1.0165094257916802,6.879665053171579e-07,-0.0019488651098075477,0.010287341875420561,0.010287341875420561,0.16,0.9919593845942504,6.993244372838531e-07]"
/multi_agv/m2b_algorithm_state,1789558529.4269803,1789558529.4269803,m2b_algorithm_state_v1:header6+3x20,"[1.0,-0.15,0.52,5.087842767274355,0.10125036853605364,1789558529.4268796,5.086418070059731,0.10107522561497322,0.0036904376666666654,0.001540312837238348,0.0006967058897263448,0.0005695936700931877,0.004584685874999997,5.088547502326603,0.09812460220919204,0.002129432266872122,-0.002950623405781172,-0.002964829079743916,1.0097356813851737,2.897188691414083e-07,-0.0003030387461537632,0.003919266065329911,0.003919266065329911,0.16,0.9952086027286368,2.9253947974264187e-07,5.0873985567425875,0.10150167959618664,0.002796189458333334,-0.0009436984361283624,0.0016671287857450423,0.0007539355078435978,-0.0017884964166666626,5.086484154230121,0.10040109823948885,-0.0009144025124667721,-0.0011005813566977857,-0.0011025192696624759,1.0035362661922145,-2.461689251086042e-08,-0.002245522410245941,0.007490210300390453,0.007490210300390453,0.16,0.998242286535923,-2.4703944395603955e-08,5.086711914639699,0.10117419806955646,0.0036904376666666654,0.0013235988872540394,0.0009824068918293351,0.0005149251822481231,0.0032930326916666636,5.089379025926717,0.09696817788593662,0.002667111287017576,-0.004206020183619846,-0.004235120484051613,1.0140558198922305,5.060414516754482e-07,-0.000901231375279643,0.006339706667623717,0.006339706667623717,0.16,0.9931288140346062,5.131542791782012e-07]"
/multi_agv/m2b_algorithm_state,1789558529.437029,1789558529.437029,m2b_algorithm_state_v1:header6+3x20,"[1.0,-0.15,0.52,5.088840475186928,0.10125038331587137,1789558529.436935,5.087417990496412,0.1010752275750825,0.0036904376666666654,0.0015402985207620128,0.0006967073043481868,0.0005695991398765004,0.004584685874999997,5.089425461681629,0.09741586558104842,0.002007471185216936,-0.003659361994034077,-0.003681328282982377,1.0121704080342622,4.458129355127369e-07,-0.0011719893014612071,0.007271773255467184,0.007271773255467184,0.16,0.9940330534905448,4.512386608448791e-07,5.088398476505551,0.10150167821945878,0.002796189458333334,-0.0009436822278486032,0.0016671276935866786,0.0007539290502154294,-0.0017884964166666626,5.087487989711396,0.10040109823948885,-0.0009104867941553962,-0.001100579979969929,-0.0011025178881021857,1.0035362617792078,-2.4616408255335244e-08,-0.0022406263807964307,0.007472913134515092,0.007472913134515092,0.16,0.9982422887164284,-2.4703458318989964e-08,5.0877118348211035,0.10117419981361964,0.0036904376666666654,0.0013235889943946622,0.0009824072889604183,0.0005149292638433238,0.0032930326916666636,5.090356190177789,0.09662108303951811,0.0026443553566855016,-0.004553116774101529,-0.004587307096277445,1.0152748491641514,5.931312463332004e-07,-0.001281862900420568,0.007815693500639287,0.007815693500639287,0.16,0.9925467553276167,6.021912366554851e-07]"
/multi_agv/m2b_algorithm_state,1789558529.4469273,1789558529.4469273,m2b_algorithm_state_v1:header6+3x20,"[1.0,-0.15,0.52,5.089841983271358,0.101250373486594,1789558529.4467936,5.088415703179527,0.10107526280816653,0.0036904376666666654,0.0015400489944841838,0.0006967313555527705,0.0005696947889591739,0.004584685874999997,5.0904590408558095,0.09799651742422891,0.0020433376762820643,-0.0030787453839376255,-0.0030942264085002348,1.0101730199804972,3.1539744578293937e-07,-0.0005400543131476544,0.004806962646548619,0.004806962646548619,0.16,0.9949968029100646,3.18605990300687e-07,5.089396178594727,0.10150165681174525,0.002796189458333334,-0.0009434108105811968,0.0016671102233969393,0.0007538204876216398,-0.0017884964166666626,5.088443935848023,0.09785150538853868,-0.000952242746704357,-0.0036501514232065713,-0.003671881597075811,1.0120699896452223,-2.7114570558957175e-07,-0.004862185030456257,0.017711998503055073,0.017711998503055073,0.16,0.9940820058341354,-2.7441843144838437e-07,5.08870954378653,0.10117423032770233,0.0036904376666666654,0.0013234222022913658,0.0009824155885875827,0.0005149972445922225,0.0032930326916666636,5.091263625641422,0.09606750035722858,0.002554081854891699,-0.005106729970473747,-0.005149919021701418,1.0172381992556003,7.462950888966275e-07,-0.0019573167030867943,0.010399577449650376,0.010399577449650376,0.16,0.9916136445940851,7.591598723425035e-07]"
/multi_agv/m2b_algorithm_state,1789558529.4568765,1789558529.4568765,m2b_algorithm_state_v1:header6+3x20,"[1.0,-0.15,0.52,5.090841959795483,0.10125037372937258,1789558529.456784,5.089417208383027,0.10107523815333865,0.0036904376666666654,0.0015402242924768945,0.0006967166860832202,0.0005696264348681367,0.004584685874999997,5.091813524498595,0.09916233100813567,0.002396316115567565,-0.00191290714520298,-0.0019188313814964867,1.006238557755288,1.216791756797359e-07,0.0010765637629629695,-0.0013998901724258973,-0.0013998901724258973,0.16,0.9969125810893887,1.2243827824482977e-07,5.090397690091912,0.10150167274662689,0.002796189458333334,-0.0009436014095794741,0.0016671204616605095,0.0007538977800986557,-0.0017884964166666626,5.089418495841913,0.09785150538853868,-0.00097919424999926,-0.0036501673580882077,-0.0036718977196565777,1.0120700419359816,-2.7120283636296713e-07,-0.004895890532155653,0.01782988383309166,0.01782988383309166,0.16,0.9940819807011393,-2.744762659710253e-07,5.089711051339136,0.10117420955981647,0.0036904376666666654,0.0013235365583241176,0.000982410827486957,0.0005149501522525505,0.0032930326916666636,5.092461004225372,0.0959346711860118,0.002749952886236251,-0.00523953837380467,-0.005285048308425453,1.0177126939788175,7.857477371032541e-07,-0.0018476072006301395,0.010071850609923702,0.010071850609923702,0.16,0.9913889274108939,7.996654463151123e-07]"
/multi_agv/m2b_algorithm_state,1789558529.4668484,1789558529.4668484,m2b_algorithm_state_v1:header6+3x20,"[1.0,-0.15,0.52,5.091842237672238,0.10125037205034593,1789558529.4667695,5.090417185089784,0.10107523840807035,0.0036904376666666654,0.00154022255567653,0.0006967175177612361,0.0005696267551047237,0.004584685874999997,5.092835323051585,0.09867403539589863,0.0024181379618006815,-0.0024012030121717265,-0.0024105721163116558,1.007874145424813,1.9179003876733017e-07,0.0006121003359391961,0.000458038916490458,0.000458038916490458,0.16,0.9961133275886951,1.9330022142361465e-07,5.091397666365644,0.10150167281727185,0.002796189458333334,-0.0009435993168228438,0.001667119710483611,0.0007538972636978308,-0.0017884964166666626,5.090466033504807,0.09826852810113527,-0.0009316328608370839,-0.003233144716136574,-0.0032501399910373568,1.0106411481186433,-2.127175277194961e-07,-0.004414681067083712,0.01598504059778926,0.01598504059778926,0.16,0.994770909884605,-2.1498108643939086e-07,5.090711027931021,0.10117420996277551,0.0036904376666666654,0.001323534492667301,0.0009824111784673129,0.0005149508650718728,0.0032930326916666636,5.093495587507964,0.0968941455433124,0.002784559576943124,-0.004280064419463117,-0.004310215064092504,1.0143150977936983,5.240138784979571e-07,-0.0008295155929135987,0.006120501198048271,0.006120501198048271,0.16,0.9930048398557729,5.315151884139105e-07]"
/multi_agv/m2b_algorithm_state,1789558529.4769602,1789558529.4769602,m2b_algorithm_state_v1:header6+3x20,"[1.0,-0.15,0.52,5.09284216151631,0.10125037267786575,1789558529.4767556,5.091417462533948,0.10107523408287973,0.0036904376666666654,0.0015402532318567574,0.0006967152370954458,0.0005696146445409969,0.004584685874999997,5.093675235842612,0.09735412362168952,0.0022577733086643903,-0.0037211104611902107,-0.0037438348551973033,1.0123843222829891,4.609896775814019e-07,-0.0009216182193668154,0.006421109577959987,0.006421109577959987,0.16,0.9939301825838962,4.6669872231770124e-07,5.092397944742872,0.10150167566497896,0.002796189458333334,-0.0009436324479339658,0.0016671212119057088,0.000753910843899086,-0.0017884964166666626,5.0914382905296165,0.09826852810113527,-0.0009596542132559449,-0.0032331475638436857,-0.003250142868398559,1.010641157427606,-2.1272536886494826e-07,-0.00444971063496849,0.016107909193637596,0.016107909193637596,0.16,0.9947709053899999,-2.1498901300388573e-07,5.091711305739891,0.1011742064031791,0.0036904376666666654,0.0013235540702396585,0.0009824104526403145,0.0005149427565060557,0.0032930326916666636,5.09455346384912,0.09816948730010266,0.0028421581092290538,-0.003004719103076439,-0.003019436931082295,1.0099071328217017,2.58051491301628e-07,0.0005332607054540223,0.0007897098641619394,0.0007897098641619394,0.16,0.9951256382094459,2.6060804170079143e-07]"
/multi_agv/m2b_algorithm_state,1789558529.4870353,1789558529.4870353,m2b_algorithm_state_v1:header6+3x20,"[1.0,-0.15,0.52,5.093842100825987,0.10125037318817624,1789558529.4869156,5.092417386651989,0.10107523541367584,0.0036904376666666654,0.0015402437659707362,0.0006967165372850912,0.0005696180713186559,0.004584685874999997,5.094551101100187,0.09624953962885305,0.0021337144481980985,-0.004825695784822795,-0.004864231577837831,1.0162598028137992,7.758197968880815e-07,-0.0021970885175902075,0.011337457158061528,0.011337457158061528,0.16,0.9920777223702483,7.884344738045235e-07,5.093397868237786,0.10150167495518286,0.002796189458333334,-0.000943621935423718,0.0016671201644280487,0.0007539068319513398,-0.0017884964166666626,5.092505727671166,0.09832733351904796,-0.0008921405666200144,-0.003174341436134903,-0.003190716870561074,1.0104407120958272,-2.0504745149257096e-07,-0.004305892578836092,0.015580752318066554,0.015580752318066554,0.16,0.9948677883088726,-2.07188292899588e-07,5.092711229659155,0.10117420766473854,0.0036904376666666654,0.001323547190876791,0.0009824109254904737,0.0005149454924858921,0.0032930326916666636,5.095573661953859,0.09806819125321421,0.0028624322947035097,-0.0031060164115243316,-0.0031217553047725214,1.010252770765849,2.7576055970487847e-07,0.0004562850636068657,0.001105242594228571,0.001105242594228571,0.16,0.9949583193711152,2.7858786950979483e-07]"
/multi_agv/m2b_algorithm_state,1789558529.4970741,1789558529.4970741,m2b_algorithm_state_v1:header6+3x20,"[1.0,-0.15,0.52,5.09484072559822,0.10125038202844129,1789558529.4969804,5.093417326201568,0.1010752364193539,0.0036904376666666654,0.001540236660468204,0.0006967176730290343,0.0005696205605046019,0.004584685874999997,5.095054582484181,0.09742806383498744,0.001637256282613464,-0.003647172584366462,-0.0036689907778217554,1.0121282128432236,4.428266410765833e-07,-0.0016224204245549254,0.008844304968800659,0.008844304968800659,0.16,0.9940533528764424,4.481973368322099e-07,5.094397807235354,0.10150167448773215,0.002796189458333334,-0.0009436140447590534,0.0016671192280988123,0.000753903898667696,-0.0017884964166666626,5.092653778898264,0.09856244023071961,-0.0017440283370895315,-0.002939234257012535,-0.0029532489877211747,1.0096419134631782,-1.7577067783131647e-07,-0.005133284409083089,0.018396415474787806,0.018396415474787806,0.16,0.9952544703250863,-1.774654434963302e-07,5.0937111690410415,0.1011742086574427,0.0036904376666666654,0.0013235418375387026,0.000982411358881042,0.0005149475875193448,0.0032930326916666636,5.096440817975164,0.0968385905470498,0.0027296489341228636,-0.004335618110392903,-0.004366569422073872,1.0145099035065057,5.377266573927277e-07,-0.0009545082544202927,0.0065808333386947766,0.0065808333386947766,0.16,0.9929117555020415,5.45529019304372e-07]"
/multi_agv/m2b_algorithm_state,1789558529.5070326,1789558529.5070326,m2b_algorithm_state_v1:header6+3x20,"[1.0,-0.15,0.52,5.095842075762982,0.10125037326426499,1789558529.5069087,5.094415953862984,0.1010752572290579,0.0036904376666666654,0.00154008955552199,0.0006967322569652267,0.000569676738580038,0.004584685874999997,5.096111991948587,0.0982171118028886,0.0016960380856030355,-0.0028581454261693007,-0.00287146532438037,1.009420767987731,2.717871075813392e-07,-0.0007514177173765756,0.005453854388193148,0.005453854388193148,0.16,0.9953612888520799,2.743475508639195e-07,5.095396428454382,0.10150166208884653,0.002796189458333334,-0.0009434542575601211,0.0016671085684878406,0.0007538401812157425,-0.0017884964166666626,5.0936785669102305,0.0983662870270525,-0.0017178615441517664,-0.003135375061794038,-0.0031513462476293968,1.0103080363604189,-2.0000374663449377e-07,-0.005298673177819105,0.01905037607696804,0.01905037607696804,0.16,0.9949319482594547,-2.0206539252702215e-07,5.094709794477293,0.10117422676741943,0.0036904376666666654,0.001323443128045451,0.0009824164845354758,0.000514987708084736,0.0032930326916666636,5.096790495013607,0.0983703918124492,0.0020807005363145947,-0.002803834954970219,-0.002816631262977528,1.0092239611689606,2.2465220152479962e-07,-0.0002157555925842848,0.0033315674624808576,0.0033315674624808576,0.16,0.99545687496425,2.267243847081859e-07]"
/multi_agv/m2b_algorithm_state,1789558529.5170317,1789558529.5170317,m2b_algorithm_state_v1:header6+3x20,"[1.0,-0.15,0.52,5.096841670728918,0.10125037595434876,1789558529.5169075,5.095417301418665,0.10107523536331851,0.0036904376666666654,0.0015402450184951,0.0006967190092149519,0.0005696162426398446,0.004584685874999997,5.09712340612185,0.09825176878847532,0.0017061047031852183,-0.0028234665748431975,-0.0028364618204500132,1.0093028459276963,2.652525858615444e-07,-0.0007038309414684903,0.005271842938357042,0.005271842938357042,0.16,0.9954185014890297,2.6772018979973734e-07,5.096397781718237,0.10150167615535417,0.002796189458333334,-0.0009436234248744631,0.0016671178657663432,0.0007539086732675643,-0.0017884964166666626,5.094662030982235,0.0983662870270525,-0.001735750736002295,-0.003135389128301677,-0.0031513604561227066,1.0103080823014736,-2.0004139234841195e-07,-0.005321048876125575,0.01912874568839928,0.01912874568839928,0.16,0.9949319260543491,-2.0210343548444076e-07,5.095711144152044,0.10117420827412227,0.0036904376666666654,0.001323544929879174,0.000982412169275416,0.00051494582559057,0.0032930326916666636,5.097916160812927,0.10008187140233178,0.002205016660883352,-0.0010923368717904863,-0.001094254191279184,1.0035249543347837,3.406106119275335e-08,0.0016620166348250062,-0.00406377694029131,-0.00406377694029131,0.16,0.9982478298881758,3.418112487805208e-08]"
/multi_agv/m2b_algorithm_state,1789558529.5270069,1789558529.5270069,m2b_algorithm_state_v1:header6+3x20,"[1.0,-0.15,0.52,5.097842162186585,0.10125037286066368,1789558529.5268998,5.096416897296223,0.1010752415918396,0.0036904376666666654,0.0015402010192109793,0.0006967235833158717,0.0005696329352919995,0.004584685874999997,5.098520835194182,0.09757322364543003,0.0021039378979592627,-0.003502017946409572,-0.0035221120956142314,1.0116266192344996,4.0823273143078974e-07,-0.000892189723165153,0.006224435764287639,0.006224435764287639,0.16,0.9942948581251344,4.1297909795819526e-07,5.097397375552539,0.10150167252446766,0.002796189458333334,-0.0009435756036969326,0.0016671144708615415,0.0007538897103567116,-0.0017884964166666626,5.096217661587516,0.09962457166285962,-0.0011797139650235877,-0.0018771008616080415,-0.001882771248930915,1.0060844481944997,-7.16364535173616e-08,-0.0033574137052103997,0.011734780426688542,0.011734780426688542,0.16,0.9969882760180806,-7.207232180762568e-08,5.096710739337994,0.10117421374673902,0.0036904376666666654,0.0013235151554872016,0.0009824138035059438,0.0005149578815712417,0.0032930326916666636,5.0993888748391605,0.09941426210316427,0.0026781355011662455,-0.0017599516435747448,-0.0017649539304551661,1.0057222630425857,8.845704370509869e-08,0.0015827154460026408,-0.0034722044078553675,-0.0034722044078553675,0.16,0.9971657691489254,8.896321817714876e-08]"
/multi_agv/m2b_algorithm_state,1789558529.5370705,1789558529.5370705,m2b_algorithm_state_v1:header6+3x20,"[1.0,-0.15,0.52,5.098843370040577,0.1012503653061368,1789558529.536948,5.097417387854428,0.10107523382393023,0.0036904376666666654,0.0015402562365391934,0.000696718990582745,0.0005696113897786094,0.004584685874999997,5.09952030283306,0.09826303821838155,0.002102914978632242,-0.002812195605548684,-0.002825086215219639,1.009264538747232,2.6313908863784756e-07,-0.00019644249192933647,0.00348412341634757,0.00348412341634757,0.16,0.9954370915827244,2.6557695092044426e-07,5.0983978680718955,0.10150167755388691,0.002796189458333334,-0.0009436356455755929,0.0016671176559306389,0.0007539140796696819,-0.0017884964166666626,5.097343139025881,0.10110898310997801,-0.0010547290460145575,-0.00039269444390889474,-0.00039293984360025907,1.0012516825989206,-3.132266184641603e-09,-0.001711351151118456,0.005299706872098912,0.005299706872098912,0.16,0.9993754777089646,-3.1361867877201067e-09,5.097711230633433,0.1011742072041739,0.0036904376666666654,0.0013235511801947802,0.0009824123214096318,0.0005149430371949658,0.0032930326916666636,5.100217182164499,0.09762306646233498,0.002505951531066586,-0.003551140741838918,-0.003571782902599559,1.0117807118547328,3.6056625357918553e-07,-0.0004393434887663265,0.004442099116288978,0.004442099116288978,0.16,0.9942207683603564,3.6481398071714244e-07]"
/multi_agv/m2b_algorithm_state,1789558529.5469575,1789558529.5469575,m2b_algorithm_state_v1:header6+3x20,"[1.0,-0.15,0.52,5.099843371143165,0.10125036567269319,1789558529.5468705,5.098418593346912,0.1010752157242826,0.0036904376666666654,0.0015403842402803587,0.0006967069683312841,0.0005695621588280935,0.004584685874999997,5.100588495501733,0.09943579254992692,0.0021699021548213793,-0.0016394231743556836,-0.0016437656016392741,1.0053302107434248,8.93668195641418e-08,0.00106861209188745,-0.0014970893166987042,-0.0014970893166987042,0.16,0.9973582442172657,8.984316354588829e-08,5.099399078799956,0.10150168856930468,0.002796189458333334,-0.000943774514362004,0.0016671262781349228,0.0007539697895036224,-0.0017884964166666626,5.098446411206573,0.09951956804542006,-0.000952667593383083,-0.00198212052388462,-0.0019884481643316202,1.006432475223022,-7.989888529921066e-08,-0.003179282656060474,0.011148834464090172,0.011148834464090172,0.16,0.9968177996487392,-8.041283289924491e-08,5.098712437974865,0.10117419162482313,0.0036904376666666654,0.0013236362320186161,0.0009824081658716295,0.0005149083320859144,0.0032930326916666636,5.101288362674668,0.09974157487649485,0.002575924699803167,-0.001432616748328286,-0.00143592315209053,1.004640820853424,5.86050806805948e-08,0.0017839827226634288,-0.004335335215324082,-0.004335335215324082,0.16,0.9976973671902774,5.88770563611339e-08]"
/multi_agv/m2b_algorithm_state,1789558529.5569026,1789558529.5569026,m2b_algorithm_state_v1:header6+3x20,"[1.0,-0.15,0.52,5.100839832108536,0.10125038844847956,1789558529.5567992,5.0994185945152095,0.10107521714671787,0.0036904376666666654,0.001540373528991494,0.0006967072142552762,0.0005695666738061377,0.004584685874999997,5.101871493260461,0.10045879552883628,0.002452898745251453,-0.0006164216178815851,-0.0006170308138845206,1.001981152661049,1.2625367018948526e-08,0.0024490926176797953,-0.006857955418348617,-0.006857955418348617,0.16,0.9990126976007886,1.2650379798414835e-08,5.100399079868649,0.10150168719957273,0.002796189458333334,-0.0009437623755566482,0.0016671261764527046,0.0007539645806386303,-0.0017884964166666626,5.099435647456254,0.09951956804542006,-0.0009634324123952709,-0.0019821191541526673,-0.001988446785905609,1.0064324707967356,-7.98977476456234e-08,-0.0031927373013996975,0.01119627072877714,0.01119627072877714,0.16,0.9968178018150684,-8.041168757407883e-08,5.099712439045636,0.10117419267178895,0.0036904376666666654,0.0013236298935689352,0.0009824080709277547,0.0005149111289359121,0.0032930326916666636,5.102708279735707,0.10087228972793957,0.0029958406900716383,-0.0003019029438493803,-0.00030204853156487504,1.0009655668152722,2.600584426083526e-09,0.003442752331024673,-0.010749302408890967,-0.010749302408890967,0.16,0.9995179989297068,2.6030954641056658e-09]"
/multi_agv/m2b_algorithm_state,1789558529.5669239,1789558529.5669239,m2b_algorithm_state_v1:header6+3x20,"[1.0,-0.15,0.52,5.10184279090437,0.1012503692137589,1789558529.566823,5.100415062683583,0.1010752718680343,0.0036904376666666654,0.0015399859553179092,0.0006967436628844579,0.0005697157121987872,0.004584685874999997,5.1028326830277395,0.099888154257309,0.0024176203441568234,-0.001187117610725305,-0.001189386731335507,1.00384001099868,4.6831323528862575e-08,0.0018326386988605221,-0.00440609543692785,-0.00440609543692785,0.16,0.9980921927658852,4.701115632629615e-08,5.101395532071767,0.10150165368186875,0.002796189458333334,-0.0009433412255586962,0.001667099889694157,0.0007537957001675644,-0.0017884964166666626,5.100293648062079,0.09984615545947738,-0.0011018840096879146,-0.0016554982223913745,-0.00165990142238756,1.005352738070737,-5.569860790089944e-08,-0.003037256434497453,0.010516164069370958,0.010516164069370958,0.16,0.9973473123543373,-5.5996747959897636e-08,5.100708901570258,0.10117423979553564,0.0036904376666666654,0.0013233721888997688,0.0009824205884347405,0.0005150163227661086,0.0032930326916666636,5.103661186595003,0.09972581341473734,0.002952285024745649,-0.0014484263807982983,-0.0014518065634671461,1.0046928682565714,5.989436522087084e-08,0.002238549717464915,-0.005933522421803874,-0.005933522421803874,0.16,0.997671740331043,6.017544158616336e-08]"
/multi_agv/m2b_algorithm_state,1789558529.5769918,1789558529.5769918,m2b_algorithm_state_v1:header6+3x20,"[1.0,-0.15,0.52,5.102843267052609,0.10125036643850788,1789558529.576875,5.101418015601214,0.10107522454442691,0.0036904376666666654,0.001540322033080902,0.0006967138878277261,0.0005695855239034098,0.004584685874999997,5.103712648660431,0.09988560859670474,0.002294633059216622,-0.0011896159477221696,-0.001191894673655158,1.00384820336005,4.7039001266265964e-08,0.0016763966503656196,-0.003852290233103778,-0.003852290233103778,0.16,0.9980881482371254,4.7220016908992203e-08,5.102398497914419,0.10150168361506051,0.002796189458333334,-0.0009437068839943854,0.001667121030148877,0.0007539432039048305,-0.0017884964166666626,5.101529602180515,0.10262929958105603,-0.0008688957339035852,0.0011276159659955182,0.0011256157263674711,0.9964674523522251,-2.580103375338908e-08,3.94960589879896e-05,-0.0015936715475250614,-0.0015936715475250614,0.16,1.0017770181965227,-2.5709890372293385e-08,5.101711859197475,0.10117419948178928,0.0036904376666666654,0.0013235936330628392,0.0009824106983600698,0.0005149254797816951,0.0032930326916666636,5.104501965226049,0.09808281206055132,0.002790106028574435,-0.003091387421237962,-0.003106976693984075,1.0102028085910595,2.731761020391696e-07,0.0003806558417339687,0.0013642271494418007,0.0013642271494418007,0.16,0.9949824944692061,2.75963265519927e-07]"
/multi_agv/m2b_algorithm_state,1789558529.5870705,1789558529.5870705,m2b_algorithm_state_v1:header6+3x20,"[1.0,-0.15,0.52,5.103840246842112,0.10125038591931405,1789558529.586927,5.102418490851683,0.10107521817375603,0.0036904376666666654,0.0015403667787083062,0.0006967092809830428,0.0005695685247733421,0.004584685874999997,5.104777441239273,0.10110429173282912,0.002358950387590042,2.9073559073083954e-05,2.9072210478727165e-05,0.9999072389957802,2.8072890309256507e-11,0.0029777601949662795,-0.009044857444374239,-0.009044857444374239,0.16,1.0000463877474255,2.8070286239760068e-11,5.103398975178195,0.1015016872416473,0.002796189458333334,-0.000943755206901938,0.0016671243767572008,0.0007539624094182878,-0.0017884964166666626,5.10217905330678,0.10062780807487123,-0.001219921871415508,-0.0008738791667760731,-0.0008750988534603196,1.0028006547707344,-1.5518535481962626e-08,-0.0024000011927297047,0.007941948386105643,0.007941948386105643,0.16,0.9986062298225811,-1.5561997542394996e-08,5.102712335127951,0.1011741939001203,0.0036904376666666654,0.0013236238058694535,0.0009824090188745868,0.0005149132746425835,0.0032930326916666636,5.105652587329198,0.10003990194802083,0.002940252201247162,-0.0011342919520994643,-0.0011363600377801305,1.0036620778849066,3.673102188151175e-08,0.002538955213778822,-0.0071445649646538,-0.0071445649646538,0.16,0.9981800788377722,3.686553374443406e-08]"
/multi_agv/m2b_algorithm_state,1789558529.5969608,1789558529.5969608,m2b_algorithm_state_v1:header6+3x20,"[1.0,-0.15,0.52,5.10484126715205,0.10125037914393059,1789558529.5968182,5.103415476790177,0.1010752650275229,0.0036904376666666654,0.001540034903258184,0.0006967404021402499,0.0005696961913753709,0.004584685874999997,5.105714395686644,0.10257148020299714,0.0022989188964670504,0.0014962151754742414,0.0014926829128520188,0.9953051596391963,7.425527861461697e-08,0.004366331533435831,-0.014718409514670091,-0.014718409514670091,0.16,1.0023663851122095,7.390666193557434e-08,5.104395947491279,0.10150165850676664,0.002796189458333334,-0.0009433945921911899,0.0016671019475005266,0.0007538177623577502,-0.0017884964166666626,5.1031815252413155,0.10062780807487123,-0.001214422249963043,-0.0008738504318954038,-0.000875070038578297,1.0028005628544996,-1.5511587336783954e-08,-0.002393097851032101,0.007917866254810953,0.007917866254810953,0.16,0.9986062753503999,-1.555502851209368e-08,5.1037093162448794,0.10117423422365263,0.0036904376666666654,0.00132340325876236,0.000982419696471482,0.0005150033191639743,0.0032930326916666636,5.106503165322182,0.09975665569686468,0.0027938490773022906,-0.0014175785267879493,-0.0014208155111720257,1.0045913245699918,5.737048622106608e-08,0.0020714958354558378,-0.005358101774062618,-0.005358101774062618,0.16,0.9977217419442401,5.763389274404524e-08]"
/multi_agv/m2b_algorithm_state,1789558529.6071951,1789558529.6071951,m2b_algorithm_state_v1:header6+3x20,"[1.0,-0.15,0.52,5.105841688802467,0.10125037640440175,1789558529.607059,5.104416495137455,0.10107524764143931,0.0036904376666666654,0.0015401590397219902,0.0006967304895061583,0.0005696475394225404,0.004584685874999997,5.106797535172883,0.10312818026360296,0.0023810400354280503,0.0020529326221636474,0.0020463107330522543,0.9935990644077771,1.397478552274769e-07,0.005022610777337317,-0.017347972052651404,-0.017347972052651404,0.16,1.0032360134775407,1.3885333820701455e-07,5.105396970086188,0.10150167012162772,0.002796189458333334,-0.0009435300964790493,0.00166710880241272,0.0007538729330913846,-0.0017884964166666626,5.103890651857453,0.09924306623644805,-0.0015063182287349264,-0.0022586038851796775,-0.002266837071777146,1.0073526183582946,-1.0373550971308518e-07,-0.004149734857695804,0.014677591231543437,0.014677591231543437,0.16,0.9963679848455038,-1.0449823732620867e-07,5.104710336232508,0.10117421966872475,0.0036904376666666654,0.0013234839032679265,0.0009824166384306398,0.0005149699535964658,0.0032930326916666636,5.107400881602866,0.09869682923333409,0.002690545370358066,-0.002477390435390664,-0.0024873560057935796,1.0081202094284332,1.753540254377523e-07,0.0008758257071540031,-0.0006521982954038252,-0.0006521982954038252,0.16,0.9959935086173012,1.7677793684842566e-07]"
/multi_agv/m2b_algorithm_state,1789558529.6171112,1789558529.6171112,m2b_algorithm_state_v1:header6+3x20,"[1.0,-0.15,0.52,5.106843267654008,0.10125036638500456,1789558529.6170228,5.105416916007031,0.10107524052750293,0.0036904376666666654,0.0015402099102259513,0.000696726549105619,0.0005696275387686157,0.004584685874999997,5.10769911370761,0.10205430460403918,0.002282197700578692,0.0009790640765362513,0.0009775456712530358,0.9969097418684365,3.181077974542886e-08,0.0038302927969764006,-0.012546230426361302,-0.012546230426361302,0.16,1.001553283215166,3.171247622464918e-08,5.106397392635557,0.10150167494838856,0.002796189458333334,-0.0009435856987936846,0.00166711149926968,0.0007538956319604329,-0.0017884964166666626,5.1048772714413175,0.09924306623644805,-0.0015201211942397208,-0.0022586087119405157,-0.002266841933492776,1.0073526339956829,-1.0374206428962106e-07,-0.0041669934262924275,0.014738308469525568,0.014738308469525568,0.16,0.9963679772150791,-1.0450484171829925e-07,5.105710757764814,0.10117421373731376,0.0036904376666666654,0.001323516851609819,0.0009824154575490684,0.000514956286027816,0.0032930326916666636,5.108307274172643,0.09788303073699654,0.002596516407828986,-0.0032911830003172216,-0.0033088790021201914,1.0108865677183203,3.096494160676582e-07,-6.323349233395897e-05,0.003010083615851547,0.003010083615851547,0.16,0.9946519646709259,3.1302043540461713e-07]"
/multi_agv/m2b_algorithm_state,1789558529.6271453,1789558529.6271453,m2b_algorithm_state_v1:header6+3x20,"[1.0,-0.15,0.52,5.10784350507386,0.10125036522911762,1789558529.6269991,5.106418491720925,0.10107521634990933,0.0036904376666666654,0.0015403811955450341,0.0006967106444520251,0.0005695615664783075,0.004584685874999997,5.108782064232755,0.10180561331439911,0.0023635725118298367,0.000730396964489774,0.0007295503209794755,0.9976880932810763,1.770908563275165e-08,0.0036840159607667714,-0.011901067384509186,-0.011901067384509186,0.16,1.0011605004972952,1.76681438786913e-08,5.107398975290427,0.1015016898459216,0.002796189458333334,-0.0009437718402459227,0.0016671229092564133,0.0007539703827511013,-0.0017884964166666626,5.1063962381755665,0.10033400464810362,-0.0010027371148604303,-0.0011676851978179859,-0.0011698677354478628,1.0037547259562984,-2.7713667698094885e-08,-0.002423289129023401,0.008146641947705318,0.008146641947705318,0.16,0.9981343723194132,-2.7817724925545152e-08,5.1067123359506725,0.10117419295918277,0.0036904376666666654,0.0013236305505836625,0.0009824100319183243,0.0005149098241487163,0.0032930326916666636,5.1097359458677065,0.09828962746870538,0.003023609917033987,-0.0028845654904773865,-0.0028981175242870235,1.0094981521792492,2.3782136201822072e-07,0.0008813948720054602,-0.00048701186921958745,-0.00048701186921958745,0.16,0.9953238494657075,2.400802255061461e-07]"
/multi_agv/m2b_algorithm_state,1789558529.6374629,1789558529.6374629,m2b_algorithm_state_v1:header6+3x20,"[1.0,-0.15,0.52,5.10884177476565,0.10125037659569015,1789558529.6371634,5.107418728698091,0.10107521416529808,0.0036904376666666654,0.0015403960658881073,0.0006967083529477939,0.0005695563127205507,0.004584685874999997,5.109821466378173,0.10221245980728387,0.0024027376800814793,0.001137245641985793,0.0011351994129077019,0.9964169192606879,4.29203670380962e-08,0.004138621513009551,-0.013724175790130296,-0.013724175790130296,0.16,1.001802528308969,4.276657989763779e-08,5.108399213298713,0.10150169066235114,0.002796189458333334,-0.0009437876089870806,0.0016671246745580959,0.0007539762997005456,-0.0017884964166666626,5.107239900215738,0.0983143189483021,-0.001159313082975011,-0.0031873717140490365,-0.0032038834795871957,1.010485102335031,-2.06772297415817e-07,-0.004653024833305959,0.01680370831776255,0.01680370831776255,0.16,0.9948463277009415,-2.0894032611427132e-07,5.107712573224777,0.10117419085970365,0.0036904376666666654,0.001323641430943903,0.0009824090634558136,0.0005149056116843459,0.0032930326916666636,5.1107284322679405,0.09826200948071562,0.0030158590431632604,-0.002912181378988035,-0.0029259970095905875,1.0095920566717098,2.424031297563873e-07,0.000843826794363488,-0.0003425372898957933,-0.0003425372898957933,0.16,0.9952783169096658,2.447282743144104e-07]"
/multi_agv/m2b_algorithm_state,1789558529.6473756,1789558529.6473756,m2b_algorithm_state_v1:header6+3x20,"[1.0,-0.15,0.52,5.109837486149638,0.1012504037639007,1789558529.6473005,5.108417001924483,0.10107524186602315,0.0036904376666666654,0.0015401995107452724,0.0006967262225495924,0.0005696322163631834,0.004584685874999997,5.110869413916333,0.10245300720750859,0.0024524119918503118,0.0013777653414854402,0.0013747675242645138,0.995670993685164,6.297582073994927e-08,0.004440282514077403,-0.01492187090976492,-0.01492187090976492,0.16,1.0021805993871802,6.270319801428405e-08,5.10939747872429,0.10150167335831901,0.002796189458333334,-0.0009435738220763723,0.0016671118759212789,0.0007538902878865966,-0.0017884964166666626,5.108095981558712,0.09863653845214715,-0.001301497165577814,-0.002865134906171865,-0.002878444476003362,1.0093910093521632,-1.6700479641586428e-07,-0.00450531593297563,0.01616246840125882,0.01616246840125882,0.16,0.9953761241731587,-1.6857314002086177e-07,5.108710843648176,0.10117421456272828,0.0036904376666666654,0.0013235114364234975,0.0009824150840918918,0.0005149588275467445,0.0032930326916666636,5.111749568794369,0.09866444535762682,0.0030387251461929665,-0.0025097692051014586,-0.0025199994650088233,1.0082293323416576,1.7997519176305506e-07,0.0012784069677323848,-0.002053674740387449,-0.002053674740387449,0.16,0.9959403721907819,1.814562674293268e-07]"
/multi_agv/m2b_algorithm_state,1789558529.657234,1789558529.657234,m2b_algorithm_state_v1:header6+3x20,"[1.0,-0.15,0.52,5.1108370801226215,0.10125040550644626,1789558529.6570945,5.109412722009866,0.10107530617921476,0.0036904376666666654,0.0015397450537380183,0.0006967703656886918,0.0005698062436228056,0.004584685874999997,5.111858731881783,0.10214411348667872,0.002446009871917454,0.001068807307463962,0.0010669990138388824,0.9966299266188682,3.7895835031574676e-08,0.0041245113537356996,-0.013640020234796053,-0.013640020234796053,0.16,1.0016947472318403,3.7768123286679e-08,5.110393179437635,0.10150163484094335,0.002796189458333334,-0.0009430807993641458,0.0016670798639921713,0.0007536932311279915,-0.0017884964166666626,5.109285654077135,0.10099437888578788,-0.0011075253604992952,-0.0005072559551554667,-0.0005076657774786489,1.0016189417162344,-5.223751676595598e-09,-0.0018920724781027677,0.005989601373942066,0.005989601373942066,0.16,0.9991927320269303,-5.232208626100088e-09,5.109706557001411,0.10117427027154395,0.0036904376666666654,0.0013232078224122454,0.0009824305628682419,0.0005150823809675197,0.0032930326916666636,5.112766435527419,0.09902276310696029,0.0030598785260078643,-0.002151507164583663,-0.0021590049534343857,1.0070262556543075,1.3219913647715337e-07,0.0016658432040754447,-0.0035833873538626024,-0.0035833873538626024,0.16,0.9965272016450004,1.3312800140732054e-07]"
/multi_agv/m2b_algorithm_state,1789558529.6672065,1789558529.6672065,m2b_algorithm_state_v1:header6+3x20,"[1.0,-0.15,0.52,5.111837411571997,0.10125040252557826,1789558529.6670895,5.110412316912784,0.10107530761399242,0.0036904376666666654,0.001539737634486009,0.0006967752624140282,0.0005698069125549595,0.004584685874999997,5.112879864439283,0.10214411348667872,0.0024675475264990254,0.0010688058726863042,0.0010669975839317206,0.9966299311536008,3.789555047756024e-08,0.0041514319920555025,-0.013735954978325634,-0.013735954978325634,0.16,1.0016947449383347,3.7767839863478664e-08,5.111392772030721,0.10150163641173351,0.002796189458333334,-0.0009430746429002039,0.001667075724296474,0.000753692715861759,-0.0017884964166666626,5.1102952927619745,0.10099437888578788,-0.0010974792687461488,-0.0005072575259456313,-0.0005076673508031202,1.0016189467239622,-5.223749895885069e-09,-0.0018795164367358063,0.005945114392837129,0.005945114392837129,0.16,0.9991927295366926,-5.23220686866581e-09,5.110706151424361,0.10117427249361285,0.0036904376666666654,0.0013231984558262355,0.0009824331286732322,0.000515085106424043,0.0032930326916666636,5.1137563640107215,0.09902276310696029,0.0030502125863609564,-0.002151509386652567,-0.0021590071908925597,1.0070262628779363,1.3219847258768577e-07,0.0016537585420586358,-0.0035408278040506263,-0.0035408278040506263,0.16,0.9965271981160503,1.331273338081485e-07]"
/multi_agv/m2b_algorithm_state,1789558529.6771834,1789558529.6771834,m2b_algorithm_state_v1:header6+3x20,"[1.0,-0.15,0.52,5.112837337902699,0.10125040223615006,1789558529.6770654,5.1114126477649355,0.10107529781060245,0.0036904376666666654,0.0015398097726295455,0.0006967724644544758,0.00056977709903801,0.004584685874999997,5.113373438030792,0.10139951748003294,0.0019607902658567156,0.00032421966943048386,0.0003240523313980069,0.9989690137930086,3.489165568705376e-09,0.002775040163718901,-0.008468950445957775,-0.008468950445957775,0.16,1.0005163920029676,3.4855682871301316e-09,5.112393103966742,0.10150164478871504,0.002796189458333334,-0.0009431550021193509,0.0016670771842353105,0.0007537267894103528,-0.0017884964166666626,5.110979141416134,0.09987507778129806,-0.0014139625506075504,-0.0016265670074169791,-0.0016308167248731964,1.0052574770226634,-5.3757207117181786e-08,-0.0033982699131326344,0.011778742901926965,0.011778742901926965,0.16,0.9973941170755728,-5.403983439840293e-08,5.111706482984313,0.10117426497741727,0.0036904376666666654,0.001323242286396816,0.0009824330328138233,0.0005150661574753095,0.0032930326916666636,5.114313727776984,0.09843771412640404,0.0026072447926708264,-0.0027365508510132364,-0.002748734204036384,1.008995810061916,2.1395768115143284e-07,0.0005103217868021488,0.0007498000611035855,0.0007498000611035855,0.16,0.9955676496456961,2.1588240381235913e-07]"
/multi_agv/m2b_algorithm_state,1789558529.6871624,1789558529.6871624,m2b_algorithm_state_v1:header6+3x20,"[1.0,-0.15,0.52,5.113837075097022,0.10125040317535461,1789558529.6870463,5.112412574273691,0.10107529483803049,0.0036904376666666654,0.0015398332674748769,0.0006967736209267266,0.0005697663134767744,0.004584685874999997,5.114290095966225,0.1003223297234649,0.0018775216925339677,-0.0007529651145655875,-0.0007538750235339227,1.0024237324678817,1.8833300330442393e-08,0.0015930270921335368,-0.00376220855985052,-0.00376220855985052,0.16,0.9987930241221284,1.8878947211930654e-08,5.113393029873551,0.10150164868336421,0.002796189458333334,-0.0009431824339087643,0.0016670759125574364,0.0007537393416424676,-0.0017884964166666626,5.1122845655904925,0.09943891426762827,-0.0011084642830585523,-0.0020627344157359423,-0.0020695913937201294,1.0067001799580033,-8.6480444911012e-08,-0.0034551717475433197,0.012154082633505188,0.012154082633505188,0.16,0.996686796241522,-8.705987945476398e-08,5.112706409560854,0.10117426318705547,0.0036904376666666654,0.0013232545082366939,0.000982434196525661,0.0005150602544972921,0.0032930326916666636,5.115486415777925,0.10033561296384304,0.002780006217070863,-0.000838650223212431,-0.0008397782292648968,1.0026985641671877,2.0069471439541765e-08,0.0026352295420736817,-0.007627452080976987,-0.007627452080976987,0.16,0.9986567810248508,2.012363019602291e-08]"
/multi_agv/m2b_algorithm_state,1789558529.6971498,1789558529.6971498,m2b_algorithm_state_v1:header6+3x20,"[1.0,-0.15,0.52,5.114837045814454,0.10125040261660649,1789558529.6970248,5.113412311995645,0.10107529495477834,0.0036904376666666654,0.0015398348211807605,0.0006967765820684588,0.0005697640997914169,0.004584685874999997,5.115665277520498,0.10029442806632817,0.002252965524853323,-0.0007808668884501657,-0.0007818456877544396,1.0025143384793054,2.0255339165237302e-08,0.0020343612183122144,-0.005311513633868684,-0.005311513633868684,0.16,0.9987480914461713,2.030626794391184e-08,5.1143927662311315,0.10150165058279774,0.002796189458333334,-0.0009431860672646517,0.0016670734023280787,0.0007537422223294205,-0.0017884964166666626,5.113278947474129,0.09943891426762827,-0.0011138187570027824,-0.0020627363151694694,-0.0020695933057048826,1.0067001861005742,-8.648093667692451e-08,-0.0034618667519583607,0.012177671214535831,0.012177671214535831,0.16,0.9966867932378252,-8.706037504681188e-08,5.11370614706429,0.10117426398848772,0.0036904376666666654,0.0013232524719923827,0.0009824359498010974,0.0005150602251745092,0.0032930326916666636,5.116916592999095,0.10035560888134812,0.0032104459348047953,-0.0008186551071396042,-0.0008197298043118268,1.0026336296304674,1.9123594152208402e-08,0.0031933276141941675,-0.0096125348607357,-0.0096125348607357,0.16,0.9986889616961959,1.9173958616408693e-08]"
/multi_agv/m2b_algorithm_state,1789558529.7071733,1789558529.7071733,m2b_algorithm_state_v1:header6+3x20,"[1.0,-0.15,0.52,5.115837113483766,0.10125040147495155,1789558529.7070503,5.114412282741179,0.10107529155153058,0.0036904376666666654,0.001539861282264254,0.0006967770450689408,0.0005697523891961512,0.004584685874999997,5.116732834847368,0.10160940528807366,0.002320552106189311,0.0005341137365430793,0.0005336603231177629,0.9983056122728435,9.46803794626587e-09,0.0034343504558544016,-0.010915882668850617,-0.010915882668850617,0.16,1.0008496292598021,9.451995418969466e-09,5.115392736726554,0.10150165458229181,0.002796189458333334,-0.0009432168154273873,0.0016670727362999571,0.0007537558970559521,-0.0017884964166666626,5.114384859584656,0.10043493152987258,-0.0010078771418982058,-0.0010667230524192273,-0.0010685430982047914,1.0034261645858042,-2.3113230257320345e-08,-0.0023283895255775486,0.007769590304883793,0.007769590304883793,0.16,0.9982967034379597,-2.3192419988291515e-08,5.11470611797563,0.10117426171599708,0.0036904376666666654,0.0013232672052637356,0.0009824368307342016,0.0005150533806765742,0.0032930326916666636,5.117638368906715,0.09837450365961843,0.0029322509310851785,-0.002799758056378651,-0.0028125167814613697,1.009210123340221,2.2396896437645473e-07,0.0008527968823951034,-0.0004252972314514607,-0.0004252972314514607,0.16,0.9954635914826119,2.2603174616274346e-07]"
/multi_agv/m2b_algorithm_state,1789558529.717286,1789558529.717286,m2b_algorithm_state_v1:header6+3x20,"[1.0,-0.15,0.52,5.116839134581469,0.10125038793847412,1789558529.7171712,5.115412350213628,0.1010752869349237,0.0036904376666666654,0.0015398962049396644,0.0006967763919476502,0.0005697375914000461,0.004584685874999997,5.117884985925642,0.10257244566174994,0.0024726357120137266,0.0014971587268262504,0.001493622034060767,0.9953022508655475,7.434220779973087e-08,0.0045844166740779254,-0.015497299095064067,-0.015497299095064067,0.16,1.002367863277879,7.39929667573864e-08,5.116392804464506,0.1015016591722077,0.002796189458333334,-0.0009432567305131864,0.0016670729422187947,0.0007537730917684671,-0.0017884964166666626,5.11539221582137,0.10043493152987258,-0.0010005886431363464,-0.001066727642335119,-0.001068547703733664,1.0034261792938974,-2.3114406862798657e-08,-0.002319283507654097,0.007737348688177574,0.007737348688177574,0.16,0.998296696167906,-2.31936009649827e-08,5.115706185773165,0.10117425831772324,0.0036904376666666654,0.0013232879438488062,0.000982437278784199,0.000515044158275278,0.0032930326916666636,5.118597451689486,0.09924140642395865,0.0028912659163209398,-0.0019328518937645894,-0.001938893183987677,1.00629667196863,1.0668504163125913e-07,0.0016751892114134977,-0.0037180384788473675,-0.0037180384788473675,0.16,0.9968841552113445,1.073568023423708e-07]"
/multi_agv/m2b_algorithm_state,1789558529.7272904,1789558529.7272904,m2b_algorithm_state_v1:header6+3x20,"[1.0,-0.15,0.52,5.1178389591481395,0.10125038883520603,1789558529.7271097,5.116414367130873,0.10107525301494105,0.0036904376666666654,0.001540138186782981,0.0006967555487342734,0.00056964354389607,0.004584685874999997,5.118838922081555,0.10176299887183425,0.0024245549506822783,0.0006877458568931988,0.0006869949630994244,0.9978220417643667,1.5699249166865908e-08,0.0037176886514522726,-0.011999898243270465,-0.011999898243270465,0.16,1.001093012080302,1.5665056857849673e-08,5.11739483051855,0.10150168128776924,0.002796189458333334,-0.0009435213201817467,0.0016670878112421406,0.0007538800478853747,-0.0017884964166666626,5.115985525312318,0.10119407822901492,-0.0014093052062316147,-0.0003076030587543105,-0.0003077535343382623,1.0009795142395157,-1.9215521967118985e-09,-0.002069385042127781,0.0065330859780062854,0.0065330859780062854,0.16,0.9995110516463266,-1.9234343844505505e-09,5.116708206094985,0.10117422951271204,0.0036904376666666654,0.0013234471341893833,0.0009824306444018664,0.0005149786064224272,0.0032930326916666636,5.119746067004684,0.1005905161538406,0.0030378609096990417,-0.000583713358871446,-0.000584258756690693,1.0018728358938886,9.722108380663373e-09,0.003213067380433109,-0.009797054435962743,-0.009797054435962743,0.16,0.9990665132306511,9.740316294202956e-09]"
/multi_agv/m2b_algorithm_state,1789558529.7374334,1789558529.7374334,m2b_algorithm_state_v1:header6+3x20,"[1.0,-0.15,0.52,5.118839533258099,0.10125038493967882,1789558529.737216,5.11741419192122,0.10107525474340152,0.0036904376666666654,0.0015401268159603992,0.0006967569830612413,0.0005696477266160817,0.004584685874999997,5.119278982662278,0.10039483813053234,0.0018647907410578313,-0.0006804166128691891,-0.0006811592225474969,1.0021884111496908,1.5381109823346348e-08,0.0016498292037747922,-0.0039970382684012245,-0.0039970382684012245,0.16,0.9989097854749284,1.5414770015578377e-08,5.1183946547731205,0.10150168072567463,0.002796189458333334,-0.0009435101000977645,0.001667086874942214,0.0007538756714057931,-0.0017884964166666626,5.11699204492545,0.10119407822901492,-0.0014026098476707105,-0.0003076024966597035,-0.000307752971694222,1.0009795124508185,-1.921522327800227e-09,-0.0020610152812826103,0.00650341665532638,0.00650341665532638,0.16,0.9995110525377217,-1.923404482844833e-09,5.117708030750078,0.10117423103654194,0.0036904376666666654,0.0013234395527800132,0.0009824313625331092,0.0005149815191319005,0.0032930326916666636,5.1202304219804695,0.09979853003219312,0.002522391230391108,-0.00137570100434882,-0.0013787486001057962,1.0044535854557524,5.403087677913776e-08,0.0017742404378830886,-0.004327797120806564,-0.004327797120806564,0.16,0.9977895928548959,5.4271507906122875e-08]"
/multi_agv/m2b_algorithm_state,1789558529.7472332,1789558529.7472332,m2b_algorithm_state_v1:header6+3x20,"[1.0,-0.15,0.52,5.119839806887282,0.1012503830832975,1789558529.747028,5.118414764737877,0.10107524501000685,0.0036904376666666654,0.0015401965451573066,0.0006967507294593385,0.0005696207547098067,0.004584685874999997,5.120235607446991,0.10044716630103795,0.0018208427091135349,-0.0006280787089689016,-0.0006287112191209403,1.0020188833178638,1.3105994353992072e-08,0.0016473421672709783,-0.004012709356111395,-0.004012709356111395,0.16,0.9989939575868824,1.3132453827357365e-08,5.119395230421431,0.10150168713042841,0.002796189458333334,-0.0009435869261380783,0.0016670914899945544,0.0007539065722487748,-0.0017884964166666626,5.117908872283693,0.10121676745661339,-0.0014863581377380086,-0.00028491967381502614,-0.0002850487526393514,1.0009070489012277,-1.6486903835227365e-09,-0.002142996424811862,0.006784479819250911,0.006784479819250911,0.16,0.9995471693065481,-1.6501858263235754e-09,5.118708604614991,0.1011742226786012,0.0036904376666666654,0.0013234859363298298,0.0009824294199324074,0.000514962424139038,0.0032930326916666636,5.121080420023135,0.09867997199145935,0.002371815408143796,-0.002494250687141847,-0.002504353644818318,1.008177021487521,1.777511753725616e-07,0.0004604156153614268,0.0008168726058294439,0.0008168726058294439,0.16,0.9959658422454132,1.7920465055301516e-07]"
/multi_agv/m2b_algorithm_state,1789558529.7573032,1789558529.7573032,m2b_algorithm_state_v1:header6+3x20,"[1.0,-0.15,0.52,5.12084246785787,0.10125036606518595,1789558529.7570696,5.119415037671705,0.10107524050073954,0.0036904376666666654,0.0015402289532101192,0.0006967474871395034,0.0005696083936535725,0.004584685874999997,5.121721446545153,0.10160669936193381,0.002306408873447907,0.0005314588611942672,0.0005310099347345863,0.9983139824436664,9.376406103344236e-09,0.0034140210265444703,-0.010841897046511883,-0.010841897046511883,0.16,1.0008454200765666,9.360597318038684e-09,5.120395504891743,0.10150169004547387,0.002796189458333334,-0.0009436229771277562,0.0016670940133822754,0.0007539208865290914,-0.0017884964166666626,5.118925706557324,0.10121676745661339,-0.0014697983344191812,-0.00028492258886048116,-0.0002850516703238107,1.0009070581755533,-1.648787092607386e-09,-0.0021222995883477874,0.006711045305565263,0.006711045305565263,0.16,0.9995471646835714,-1.6502826384194822e-09,5.119708878098399,0.1011742187036791,0.0036904376666666654,0.001323508021653833,0.000982428406907587,0.0005149533779482836,0.0032930326916666636,5.121973505242192,0.09752651130562337,0.002264627143793163,-0.0036477073980557273,-0.003669503273544725,1.0121141538538967,3.8045355493749927e-07,-0.0008387193438032709,0.0058828272480430585,0.0058828272480430585,0.16,0.9940602654189915,3.850624278362741e-07]"
/multi_agv/m2b_algorithm_state,1789558529.7672732,1789558529.7672732,m2b_algorithm_state_v1:header6+3x20,"[1.0,-0.15,0.52,5.121843144157165,0.10125036224583382,1789558529.767087,5.120417693106023,0.10107520005718262,0.0036904376666666654,0.0015405152886633624,0.0006967196724721339,0.000569498746880706,0.004584685874999997,5.1227882520824215,0.1021804559600393,0.0023705589763984847,0.0011052559028566777,0.0011033227035928928,0.9965164397933436,4.0543783188969685e-08,0.0040665214240909985,-0.01345096521154044,-0.01345096521154044,0.16,1.0017521612285232,4.0402546479225283e-08,5.121398172635744,0.10150171451265229,0.002796189458333334,-0.000943934480118998,0.001667114333620212,0.0007540453423990207,-0.0017884964166666626,5.120462332016787,0.1038324850488981,-0.0009358406189567958,0.0023307705362458075,0.0023223024149586725,0.9927980686713636,-1.1016274152820569e-07,0.0011525016412626777,-0.006124726402669804,-0.006124726402669804,0.16,1.0036464334845405,-1.0936935702874523e-07,5.120711537831845,0.10117418362572293,0.0036904376666666654,0.0013236996351943184,0.0009824187873953786,0.0005148753246227941,0.0032930326916666636,5.122545457988744,0.09680973490216505,0.0018339201568995378,-0.004364448723557887,-0.0043958198336487555,1.014611098725167,5.449766299966068e-07,-0.0021034196375243333,0.010606645324487567,0.010606645324487567,0.16,0.9928634222333836,5.529393373403961e-07]"
/multi_agv/m2b_algorithm_state,1789558529.7773235,1789558529.7773235,m2b_algorithm_state_v1:header6+3x20,"[1.0,-0.15,0.52,5.122841708173998,0.10125037195303561,1789558529.777239,5.1214183678704215,0.10107519251511869,0.0036904376666666654,0.0015405674397022695,0.0006967120432086913,0.000569480109910472,0.004584685874999997,5.123685080189718,0.10037962180653204,0.0022667123192965377,-0.0006955707085866542,-0.0006963468544942077,1.0022375360388607,1.607864049598636e-08,0.0021370435446264645,-0.005714806724956167,-0.005714806724956167,0.16,0.9988854032978762,1.6114617033552017e-08,5.122398850949705,0.10150171777257826,0.002796189458333334,-0.000943990728496759,0.0016671203776201793,0.0007540665802333174,-0.0017884964166666626,5.121500150891577,0.1038324850488981,-0.000898700058128199,0.0023307672763198395,0.002322299178888163,0.9927980787977936,-1.101689965023924e-07,0.0011989241062279141,-0.006290912748067087,-0.006290912748067087,0.16,1.0036464282934168,-1.0937556807065602e-07,5.121712213651368,0.1011741764498045,0.0036904376666666654,0.0013237374769394061,0.0009824157197481755,0.0005148605173478206,0.0032930326916666636,5.123590380968101,0.09764799632338092,0.0018781673167325152,-0.0035261801264235837,-0.003546529316057535,1.0116946421239872,3.5555976385340007e-07,-0.0011988201701418908,0.007092998132274521,0.007092998132274521,0.16,0.994262224326804,3.59717908045355e-07]"
/multi_agv/m2b_algorithm_state,1789558529.7872133,1789558529.7872133,m2b_algorithm_state_v1:header6+3x20,"[1.0,-0.15,0.52,5.1238421470087046,0.1012503694329047,1789558529.7870748,5.122416934637763,0.10107521742192026,0.0036904376666666654,0.0015403898087429997,0.0006967261019385162,0.0005695497929169706,0.004584685874999997,5.124546281486773,0.09879257656783469,0.0021293468490100054,-0.0022826408540855686,-0.0022911000341700846,1.0074753875867961,1.7332323229059725e-07,0.0003705835270924221,0.0012550596190515951,0.0012550596190515951,0.16,0.9963078084944552,1.7461889062976575e-07,5.1233974117662,0.10150170119355222,0.002796189458333334,-0.0009437972809919325,0.0016671107766033089,0.000753987721549762,-0.0017884964166666626,5.1223570032413495,0.10305086705917879,-0.0010404085248501005,0.0015491658656265755,0.0015454025992214764,0.9951701496587668,-4.8687676950110115e-08,0.00024489194315885083,-0.0025183216595860564,-0.0025183216595860564,0.16,1.0024351365831758,-4.845252275697878e-08,5.122710778118033,0.10117419724363441,0.0036904376666666654,0.0013236224010200986,0.0009824201077083487,0.0005149081158158835,0.0032930326916666636,5.124593755566833,0.09687696941940317,0.0018829774488002826,-0.0042972278242312395,-0.004327624686074466,1.0143752606375165,5.282657116715602e-07,-0.0019739028750741126,0.010126558154355746,0.010126558154355746,0.16,0.9929760864103955,5.35859668962702e-07]"
/multi_agv/m2b_algorithm_state,1789558529.7971525,1789558529.7971525,m2b_algorithm_state_v1:header6+3x20,"[1.0,-0.15,0.52,5.1248414824666515,0.10125037399876373,1789558529.7970512,5.123417372481538,0.10107521226961375,0.0036904376666666654,0.0015404256259041733,0.0006967212113554663,0.0005695368114886631,0.004584685874999997,5.125443761108455,0.09816676105595429,0.002026388626917175,-0.0029084512136594576,-0.0029222493452960327,1.0095919974250513,2.815093132871544e-07,-0.00038926356164956403,0.004203812502037195,0.004203812502037195,0.16,0.9952782497295154,2.8420954989533276e-07,5.124397851890581,0.10150170360074778,0.002796189458333334,-0.000943836025765676,0.0016671146456284092,0.0007540025035292774,-0.0017884964166666626,5.123382468808609,0.10305086705917879,-0.0010153830819721321,0.0015491634584310077,0.0015454002037758737,0.9951701571898804,-4.868952391358357e-08,0.0002761713513107086,-0.0026300013494394577,-0.0026300013494394577,0.16,1.0024351327545702,-4.84543611665814e-08,5.123711216653996,0.10117419242835254,0.0036904376666666654,0.0013236479676978319,0.000982418186416912,0.0005148980330249493,0.0032930326916666636,5.12475017882598,0.09677814424946019,0.0010389621719841813,-0.004396048178892359,-0.0044278827412865054,1.0147220782141433,5.528858557815269e-07,-0.003129180026306279,0.014202299243603191,0.014202299243603191,0.16,0.9928104323772364,5.610254845938361e-07]"
/multi_agv/m2b_algorithm_state,1789558529.8072245,1789558529.8072245,m2b_algorithm_state_v1:header6+3x20,"[1.0,-0.15,0.52,5.12584379644866,0.10125035944627515,1789558529.8071113,5.124416709188298,0.10107522416008843,0.0036904376666666654,0.0015403407089248063,0.000696727651437001,0.0005695702696680292,0.004584685874999997,5.1265368457031695,0.09932400010979418,0.002120136514871085,-0.0017512240502942505,-0.0017561831111582236,1.005700878051882,1.0197597313930232e-07,0.0008939875324306325,-0.0008298351487329501,-0.0008298351487329501,0.16,0.9971762279044452,1.0255732572639147e-07,5.125397185916504,0.10150169554808705,0.002796189458333334,-0.0009437435380467724,0.0016671103495573547,0.0007539646479700068,-0.0017884964166666626,5.124502161218461,0.10683725072966392,-0.0008950246980425902,0.00533555518157687,0.005292185576664231,0.9840753360834176,-5.75831575941818e-07,0.004173404704110993,-0.018466162980482106,-0.018466162980482106,0.16,1.00819502723107,-5.666616516223885e-07,5.124710552295152,0.10117420228811566,0.0036904376666666654,0.001323593254671508,0.0009824201459177843,0.0005149207297255685,0.0032930326916666636,5.125881491342355,0.09855801431602625,0.0011709390472027792,-0.002616187972089415,-0.0026273130945782407,1.008588534090009,1.9558701132584413e-07,-0.0011636392855747667,0.006582491947143219,0.006582491947143219,0.16,0.9957655893727385,1.972668170401791e-07]"
/multi_agv/m2b_algorithm_state,1789558529.8171902,1789558529.8171902,m2b_algorithm_state_v1:header6+3x20,"[1.0,-0.15,0.52,5.126838911761709,0.10125039099408512,1789558529.817043,5.125419018412808,0.10107519007213313,0.0036904376666666654,0.0015405813503177718,0.0006967036326649629,0.000569478454940142,0.004584685874999997,5.127650002691265,0.0996912868139546,0.0022309842784569156,-0.001383903258178526,-0.0013869916050914986,1.004486510927014,6.367756290201053e-08,0.001401738742979646,-0.0027909681930558448,-0.0027909681930558448,0.16,0.9977733485180188,6.396325298377602e-08,5.12639950576744,0.10150171566839361,0.002796189458333334,-0.0009440046357990645,0.0016671279563400532,0.0007540686663553425,-0.0017884964166666626,5.125565206499925,0.10683725072966392,-0.000834299267514993,0.005335535061270311,0.0052921657888471765,0.9840753968978864,-5.759864991989362e-07,0.004249291704453435,-0.01874067744056588,-0.01874067744056588,0.16,1.008194995046174,-5.668141428070173e-07,5.125712865165731,0.10117417259829875,0.0036904376666666654,0.001323754774855301,0.0009824116432924686,0.0005148551397318223,0.0032930326916666636,5.126980482663211,0.09984268720522023,0.0012676174974801668,-0.0013314853930785214,-0.0013343392856432878,1.0043082990753085,5.0624095245648076e-08,0.00025018258620692073,0.0010363903041578316,0.0010363903041578316,0.16,0.9978611942288796,5.084219898838323e-08]"
/multi_agv/m2b_algorithm_state,1789558529.827093,1789558529.827093,m2b_algorithm_state_v1:header6+3x20,"[1.0,-0.15,0.52,5.127842016788091,0.1012503708268463,1789558529.8270044,5.126414143466474,0.1010752669848025,0.0036904376666666654,0.0015400357613114713,0.0006967530601476918,0.0005696892354787847,0.004584685874999997,5.128813335038817,0.0983786598304595,0.002399191572343362,-0.0026966071543430004,-0.0027084495679529563,1.0088722245581794,2.4189941473376533e-07,0.00029053989747624635,0.0017212567501667835,0.0017212567501667835,0.16,0.9956276041650994,2.4404560066177545e-07,5.127394609339408,0.10150166762002967,0.002796189458333334,-0.0009434114847529573,0.0016670927330952878,0.0007538298778336644,-0.0017884964166666626,5.126463199512341,0.10451258780653361,-0.0009314098270669646,0.0030109201865039376,0.0029968617363503227,0.9907688223427276,-1.8364169269005235e-07,0.001832599452516617,-0.008884050592208897,-0.008884050592208897,0.16,1.0046910573094157,-1.8194646359954826e-07,5.126707982479247,0.10117423837742318,0.0036904376666666654,0.001323394091852809,0.0009824283015052336,0.0005150028168151065,0.0032930326916666636,5.128137571771285,0.09874845741131788,0.0014295892920381803,-0.0024257809661052954,-0.0024353319394090412,1.0079464353204755,1.681070015073666e-07,-0.0006483453243613158,0.004687683711960438,0.004687683711960438,0.16,0.996078163658436,1.6944285292176397e-07]"
/multi_agv/m2b_algorithm_state,1789558529.8373587,1789558529.8373587,m2b_algorithm_state_v1:header6+3x20,"[1.0,-0.15,0.52,5.128840892996685,0.10125037824441672,1789558529.8371642,5.127417242192313,0.10107521791464218,0.0036904376666666654,0.0015403838903016815,0.0006967212820725875,0.0005695548653408429,0.004584685874999997,5.129586169347408,0.09656772559051349,0.0021689271550950906,-0.004507492324128684,-0.004541033545568733,1.0151338537568821,6.768085686811558e-07,-0.00182987460169987,0.009926397780069231,0.009926397780069231,0.16,0.9926137472662407,6.870512905809811e-07,5.128397721978304,0.10150169821469915,0.002796189458333334,-0.0009437902117222967,0.001667115570639588,0.0007539821635585003,-0.0017884964166666626,5.127505002621702,0.10451258780653361,-0.0008927193566021785,0.003010889591834459,0.002996831430004661,0.9907689167925617,-1.83711659714325e-07,0.0018809322342519378,-0.009057777612014872,-0.009057777612014872,0.16,1.0046910085395682,-1.8201580209732547e-07,5.127711086193656,0.10117419635119762,0.0036904376666666654,0.0013236245008658274,0.0009824175922405589,0.000514908514021277,0.0032930326916666636,5.1291159659904615,0.09940358669980716,0.0014048797968051474,-0.0017706096513904618,-0.0017756731157218314,1.005757608816969,8.953969536952024e-08,-1.957336971539713e-05,0.002184791337540638,0.002184791337540638,0.16,0.9971484254131362,9.005522990904851e-08]"
/multi_agv/m2b_algorithm_state,1789558529.8472722,1789558529.8472722,m2b_algorithm_state_v1:header6+3x20,"[1.0,-0.15,0.52,5.129843909955114,0.10125035904764079,1789558529.8471804,5.128416120616966,0.10107523634293095,0.0036904376666666654,0.001540252885417326,0.0006967325956107823,0.0005696057657939122,0.004584685874999997,5.130526511384485,0.09621879897139926,0.002110390767518844,-0.0048564373715316855,-0.0048954746943272575,1.01636899083914,7.857552028910667e-07,-0.0022574862349287027,0.01156050455744044,0.01156050455744044,0.16,0.9920258350347909,7.986172226089972e-07,5.129396595551235,0.1015016864107868,0.002796189458333334,-0.0009436476919390969,0.001667107663648082,0.0007539244991102423,-0.0017884964166666626,5.128751716829413,0.10765440328077834,-0.0006448787218218399,0.00615271686999154,0.00609540566314922,0.9818102009010293,-7.651343230421951e-07,0.0052893072608719205,-0.022928342609327454,-0.022928342609327454,0.16,1.0094023613865117,-7.512166834223307e-07,5.128709962821856,0.10117421197953241,0.0036904376666666654,0.0013235384865627814,0.0009824213086759414,0.0005149438647228518,0.0032930326916666636,5.13037613722936,0.10202935849643409,0.0016661744075046059,0.0008551465169016753,0.0008539886173111836,0.9973006930223746,2.084641400591667e-08,0.002936706626691941,-0.009519059701441086,-0.009519059701441086,0.16,1.001355872393402,2.0790143135132032e-08]"
/multi_agv/m2b_algorithm_state,1789558529.857123,1789558529.857123,m2b_algorithm_state_v1:header6+3x20,"[1.0,-0.15,0.52,5.130841800224869,0.10125037307856673,1789558529.857002,5.129419131430514,0.101075190709593,0.0036904376666666654,0.0015405755669047972,0.0006967015280833872,0.0005694820564940137,0.004584685874999997,5.13147250756675,0.09779013962795347,0.002053376136236018,-0.0032850510816395395,-0.0033027037297083733,1.0108798402204657,3.592534743756369e-07,-0.0007359835594133507,0.005584087254754182,0.005584087254754182,0.16,0.9946550918539724,3.63162094775491e-07,5.130399620031602,0.10150171391851442,0.002796189458333334,-0.0009439980116805521,0.0016671302294648527,0.0007540646126208833,-0.0017884964166666626,5.129442569846649,0.10737959026946187,-0.0009570501849527346,0.005877876350947442,0.005825460575118491,0.9825670076255126,-6.987204663245898e-07,0.004629147843927573,-0.020394227747961444,-0.020394227747961444,0.16,1.0089977050145746,-6.86539677763255e-07,5.129712978403225,0.10117417251481496,0.0036904376666666654,0.001323753767964279,0.000982410491824349,0.0005148561751078234,0.0032930326916666636,5.1316243978379195,0.10456209756826776,0.00191141943469475,0.0033879250534527977,0.003370096774887081,0.9896110548135746,3.2664038216243707e-07,0.0057593710682555185,-0.020902181363445897,-0.020902181363445897,0.16,1.0052901384608797,3.232469331364785e-07]"
/multi_agv/m2b_algorithm_state,1789558529.867184,1789558529.867184,m2b_algorithm_state_v1:header6+3x20,"[1.0,-0.15,0.52,5.131842162764355,0.10125037096296646,1789558529.867002,5.130417025897159,0.10107522585544039,0.0036904376666666654,0.0015403253177043185,0.0006967228007242806,0.0005695794641879413,0.004584685874999997,5.13252075501568,0.09801137006893973,0.0021037291185210805,-0.0030638557865006605,-0.003079185725338278,1.0101221362647506,3.124072408256257e-07,-0.0004495243271869275,0.004482979872953286,0.004482979872953286,0.16,0.9950214309219904,3.1556946948735745e-07,5.131397505330936,0.10150169113418644,0.002796189458333334,-0.0009437253207404874,0.0016671153182015175,0.0007539541668591249,-0.0017884964166666626,5.130231372532483,0.10489101786580093,-0.0011661327984526793,0.0033893267316144893,0.0033715638727479054,0.989653822862244,-2.3271196017581803e-07,0.0019138978746820563,-0.00935815325715365,-0.00935815325715365,0.16,1.005268433147644,-2.303042810137646e-07,5.130710869446512,0.10117420224607337,0.0036904376666666654,0.0013235897810960923,0.0009824173602275285,0.0005149236843410084,0.0032930326916666636,5.132787239675065,0.1038067823831489,0.002076370228553337,0.002632580137075527,0.002621753365604428,0.991857035942282,1.9731562435345338e-07,0.005217216151296099,-0.0185615442370329,-0.0185615442370329,0.16,1.0041295919033189,1.9570889031631704e-07]"
/multi_agv/m2b_algorithm_state,1789558529.877084,1789558529.877084,m2b_algorithm_state_v1:header6+3x20,"[1.0,-0.15,0.52,5.132841877199372,0.10125037303130108,1789558529.8769805,5.131417387694127,0.10107522123721034,0.0036904376666666654,0.0015403575372493821,0.0006967190771579362,0.0005695674351574028,0.004584685874999997,5.133351903427184,0.09625077895603389,0.0019345157330565854,-0.004824442281176455,-0.00486295770251183,1.0162553551808675,7.754735366467016e-07,-0.0024448130361910984,0.012200873631915882,0.012200873631915882,0.16,0.9920798362454436,7.880791344182572e-07,5.1323978688203695,0.10150169353840155,0.002796189458333334,-0.0009437600221036905,0.0016671181680436575,0.0007539677263052602,-0.0017884964166666626,5.131280187365206,0.10489101786580093,-0.001117681455163222,0.0033893243273993845,0.003371561493993946,0.9896538302588329,-2.3272018486218058e-07,0.0019744596750399185,-0.009575686723229362,-0.009575686723229362,0.16,1.00526842931297,-2.3031242232740068e-07,5.131711231778568,0.1011741981132875,0.0036904376666666654,0.0013236118716230434,0.0009824159367566752,0.0005149148493845423,0.0032930326916666636,5.133703198921955,0.10193208693083844,0.001991967143387008,0.0007578888175509418,0.0007569786514429322,0.9976050432457234,1.63762989131702e-08,0.003246937580676692,-0.010575704400967518,-0.010575704400967518,0.16,1.0012023669442656,1.633707838547805e-08]"
/multi_agv/m2b_algorithm_state,1789558529.8872569,1789558529.8872569,m2b_algorithm_state_v1:header6+3x20,"[1.0,-0.15,0.52,5.133842247819644,0.10125037085754955,1789558529.88712,5.132417102699437,0.10107522674060274,0.0036904376666666654,0.0015403180030898233,0.0006967219933462941,0.000569583054719083,0.004584685874999997,5.1345923269837686,0.09489156026770615,0.0021752242843318115,-0.006183666472896587,-0.0062475885247352874,1.0211524358107535,1.274986889630155e-06,-0.003528558169320523,0.016502675272803673,0.016502675272803673,0.16,0.9897685240336138,1.3019559679726092e-06,5.1333975826147995,0.10150168968164087,0.002796189458333334,-0.0009437167085731579,0.0016671162462840172,0.000753949951019392,-0.0017884964166666626,5.132793831768516,0.10711478649511047,-0.0006037508462837238,0.005613096813469595,0.005565199861540651,0.9833009289809818,-6.371353178850046e-07,0.0048105113036859964,-0.02091288687115472,-0.02091288687115472,0.16,1.008606510659203,-6.264957499629182e-07,5.132710946283878,0.10117420267165962,0.0036904376666666654,0.0013235863651745792,0.0009824167710894118,0.0005149254714430056,0.0032930326916666636,5.135581482789101,0.10096357748016441,0.0028705365052230647,-0.00021062519149521453,-0.0002106960041894099,1.0006729398174667,1.2656537742602e-09,0.003377474627339421,-0.010562761588646552,-0.010562761588646552,0.16,0.9996639105973185,1.2665054830800268e-09]"
/multi_agv/m2b_algorithm_state,1789558529.8971527,1789558529.8971527,m2b_algorithm_state_v1:header6+3x20,"[1.0,-0.15,0.52,5.134844079788676,0.10125035943943085,1789558529.8970265,5.133417472575486,0.10107522192941563,0.0036904376666666654,0.0015403516055327812,0.0006967182450317464,0.0005695704391327825,0.004584685874999997,5.135651675731726,0.09708394211350654,0.0022342031562399,-0.003991279815909091,-0.004017476844337181,1.0133236623530881,5.304835566952992e-07,-0.0012247228990373057,0.007596576264598805,0.007596576264598805,0.16,0.993479233498255,5.375515404885726e-07,5.134397954181977,0.10150169224322292,0.002796189458333334,-0.0009437528905740424,0.0016671190869956831,0.000753964157020115,-0.0017884964166666626,5.133860087486938,0.10711478649511047,-0.0005378666950388578,0.0056130942518875515,0.00556519734443517,0.9833009367039915,-6.371591579662346e-07,0.0048928639756365975,-0.021210815227751853,-0.021210815227751853,0.16,1.0086065065599652,-6.26519196857725e-07,5.133711316701472,0.10117419840001009,0.0036904376666666654,0.0013236092432385373,0.0009824153511775353,0.000514916293269285,0.0032930326916666636,5.136555520660548,0.10062740244329481,0.0028442039590759194,-0.0005467959567152791,-0.0005472744147416376,1.0017536550543789,8.532060849554838e-09,0.0030079805341032616,-0.00908830930933346,-0.00908830930933346,0.16,0.9991257438435446,8.547023141187928e-09]"
/multi_agv/m2b_algorithm_state,1789558529.9074502,1789558529.9074502,m2b_algorithm_state_v1:header6+3x20,"[1.0,-0.15,0.52,5.135838747009377,0.10125039376488665,1789558529.9073255,5.13441930084187,0.10107519527214057,0.0036904376666666654,0.0015405395138921082,0.0006966994691040892,0.00056949875492773,0.004584685874999997,5.136784634991445,0.09862871519780744,0.0023653341495748492,-0.002446480074333124,-0.0024562091553346544,1.008026706070028,1.991379399929076e-07,0.0005004585316339071,0.0008715824047194077,0.0008715824047194077,0.16,0.9960389851245364,2.0073636170462155e-07,5.135399790728145,0.10150170785072114,0.002796189458333334,-0.000943956411939467,0.001667132818404582,0.0007540452338708342,-0.0017884964166666626,5.134725978852592,0.10476887290009625,-0.000673811875552488,0.0032671650493751037,0.0032506441912179555,0.9900126945610237,-2.1631213627038602e-07,0.0024083793467773455,-0.011074684034339224,-0.011074684034339224,0.16,1.0050823335884564,-2.1415176089529622e-07,5.134713147796015,0.10117417519543088,0.0036904376666666654,0.0013237352507192118,0.0009824086485325182,0.0005148651603720687,0.0032930326916666636,5.137624089852507,0.1008190690916789,0.0029109420564923383,-0.00035510610375198703,-0.0003553076064894602,1.0011364095363016,3.598348579700667e-09,0.0032833699641259626,-0.010157896484977502,-0.010157896484977502,0.16,0.9994328780645478,3.6024377773415758e-09]"
/multi_agv/m2b_algorithm_state,1789558529.9172661,1789558529.9172661,m2b_algorithm_state_v1:header6+3x20,"[1.0,-0.15,0.52,5.136843007769682,0.10125036606756647,1789558529.9170744,5.135413978778737,0.10107527849737813,0.0036904376666666654,0.0015399493830475608,0.0006967537600596424,0.0005697263127777433,0.004584685874999997,5.1378375839105885,0.09874130419813898,0.0024236051318515806,-0.00233397429923915,-0.0023428216367070522,1.0076479028737317,1.8116075301710604e-07,0.0006866847781074235,0.00016491497381864026,0.00016491497381864026,0.16,0.9962236401912619,1.8254625286071297e-07,5.136394444988567,0.10150165621027775,0.002796189458333334,-0.00094331478705668,0.00166709393757003,0.0007537873361732894,-0.0017884964166666626,5.135658672081831,0.1041106128124025,-0.0007357729067356544,0.0026089566021247484,0.0025983688815901062,0.9919641742578028,-1.3790939901147315e-07,0.0016786527481705382,-0.008139726907585451,-0.008139726907585451,0.16,1.0040747565173127,-1.3680118311280582e-07,5.135707817260827,0.10117424658700408,0.0036904376666666654,0.001323344101900816,0.0009824270624057881,0.0005150251299797389,0.0032930326916666636,5.138550222655309,0.0990153769060195,0.002842405394481773,-0.002158869680984582,-0.002166419293816772,1.0070508859144898,1.33119833727512e-07,0.0013865874492854442,-0.0025961822893485298,-0.0025961822893485298,0.16,0.9965151654373936,1.3405844648808055e-07]"
/multi_agv/m2b_algorithm_state,1789558529.9272344,1789558529.9272344,m2b_algorithm_state_v1:header6+3x20,"[1.0,-0.15,0.52,5.137844967288218,0.10125035398320818,1789558529.9269834,5.136418230963945,0.10107521096636629,0.0036904376666666654,0.0015404284083307559,0.0006967103810803009,0.0005695412387276943,0.004584685874999997,5.138382632574851,0.0974426567548066,0.0019644016109063855,-0.0036325542115596965,-0.0036541954873935147,1.0120776300617371,4.393346102141597e-07,-0.0011986934737605328,0.007354100388392286,0.007354100388392286,0.16,0.9940776907233129,4.4464073110964375e-07,5.137398716093555,0.10150169839015705,0.002796189458333334,-0.0009438356462911149,0.001667124971622691,0.0007539969677717168,-0.0017884964166666626,5.136624616076844,0.10437440551766336,-0.0007741000167111878,0.002872707127506313,0.0028598962515396357,0.9911785684703319,-1.672615627127496e-07,0.001892271230650651,-0.009032081975265713,-0.009032081975265713,0.16,1.0044794897576375,-1.657860762897338e-07,5.136712076251543,0.10117418884617609,0.0036904376666666654,0.0013236606644052105,0.0009824124565053,0.0005148955098813269,0.0032930326916666636,5.139543300776698,0.09649458985584991,0.0028312245251553847,-0.004679598990326175,-0.004715749538625872,1.0157213480672418,6.266249862868198e-07,-0.0011767188821816413,0.007501849799430172,0.007501849799430172,0.16,0.9923340822061064,6.364763758038655e-07]"
/multi_agv/m2b_algorithm_state,1789558529.9371617,1789558529.9371617,m2b_algorithm_state_v1:header6+3x20,"[1.0,-0.15,0.52,5.138840010149612,0.10125038611010195,1789558529.9369364,5.137420186518536,0.10107518311148077,0.0036904376666666654,0.001540624381130242,0.0006966902434276888,0.0005694667672192177,0.004584685874999997,5.13925036870799,0.09728957274369542,0.001830182189453744,-0.0037856103677853525,-0.003809140779799829,1.0126080854786035,4.772438069606899e-07,-0.0015214130429826488,0.008548803718281104,0.008548803718281104,0.16,0.9938226457422473,4.832609376729844e-07,5.138400680542015,0.10150171437205974,0.002796189458333334,-0.0009440476399741483,0.0016671397613885475,0.0007540811665547181,-0.0017884964166666626,5.137664512369561,0.10437440551766336,-0.0007361681724535885,0.002872691145603623,0.0028598804134270395,0.9911786178707739,-1.672972594767891e-07,0.001939670197860054,-0.009202221490360037,-0.009202221490360037,0.16,1.0044794642868413,-1.6582146642177205e-07,5.137714034804104,0.10117416446608399,0.0036904376666666654,0.0013237926843831017,0.0009824051581478702,0.0005148420806614152,0.0032930326916666636,5.140430320811465,0.0956916291988658,0.0027162860073604023,-0.005482535267218189,-0.005532455176639906,1.0185843819308424,8.606116723739345e-07,-0.0021370976674394034,0.01117818919908158,0.01117818919908158,0.16,0.9909768976290132,8.766056083874727e-07]"
/multi_agv/m2b_algorithm_state,1789558529.9471796,1789558529.9471796,m2b_algorithm_state_v1:header6+3x20,"[1.0,-0.15,0.52,5.139844030959878,0.10125036018397643,1789558529.9470055,5.138415239346654,0.10107526152139218,0.0036904376666666654,0.00154006785379567,0.000696740686620778,0.0005696817607475229,0.004584685874999997,5.140251480803364,0.09798338090981529,0.0018362414567105745,-0.0030918806115768915,-0.0031074955562557178,1.0102179266711149,3.181010099856251e-07,-0.0008121937353674996,0.005767915725969594,0.005767915725969594,0.16,0.994975070954682,3.2135134277966577e-07,5.13939571139543,0.10150166526009809,0.002796189458333334,-0.0009434421591441883,0.001667103737451825,0.0007538374499883871,-0.0017884964166666626,5.138805796336477,0.10468965317250713,-0.0005899150589527835,0.0031879879124090404,0.003172248584119901,0.9902458383937349,-2.058551532031028e-07,0.0024348547604289214,-0.011130599004948583,-0.011130599004948583,0.16,1.004961568386516,-2.0384720877127726e-07,5.1387090797067545,0.10117423154881561,0.0036904376666666654,0.001323424603896044,0.0009824220987309402,0.0005149928173864048,0.0032930326916666636,5.141581000249345,0.09666595204802177,0.002871920542590445,-0.004508279500793841,-0.004541788468672593,1.0151168550794718,5.814185960034631e-07,-0.0009518877904345366,0.006644702476797616,0.006644702476797616,0.16,0.9926220764991847,5.902078166597574e-07]"
/multi_agv/m2b_algorithm_state,1789558529.9572473,1789558529.9572473,m2b_algorithm_state_v1:header6+3x20,"[1.0,-0.15,0.52,5.140849061760265,0.1012503286123138,1789558529.957102,5.139419252075138,0.10107519879753868,0.0036904376666666654,0.0015405122500038331,0.0006966997438114571,0.0005695104297896159,0.004584685874999997,5.141346827968023,0.09906004584944934,0.0019275758928847253,-0.0020151529480893354,-0.0020217324814503523,1.0065795793780674,1.3506888646731375e-07,0.00038773738465555435,0.0010748010703440088,0.0010748010703440088,0.16,0.9967455964518626,1.3595758292733262e-07,5.140399741998997,0.10150170399903097,0.002796189458333334,-0.0009439249603181805,0.0016671331173538917,0.0007540314451636165,-0.0017884964166666626,5.1398510724817505,0.10468965317250713,-0.000548669517246303,0.0031879491734761595,0.0031722102314206426,0.990245957793204,-2.0595546274915054e-07,0.002486373334862764,-0.011315961690824324,-0.011315961690824324,0.16,1.0049615066175699,-2.0394656447277512e-07,5.139713098805502,0.10117417775535964,0.0036904376666666654,0.0013237190011753633,0.0009824081493083007,0.0005148724635692034,0.0032930326916666636,5.142494801491487,0.09495427077153747,0.002781702685984655,-0.006219906983822174,-0.00628451339794382,1.021257402934073,1.1080937715123082e-06,-0.002807385040463001,0.013799471772774633,0.013799471772774633,0.16,0.9897197427977823,1.131648967302082e-06]"
/multi_agv/m2b_algorithm_state,1789558529.967184,1789558529.967184,m2b_algorithm_state_v1:header6+3x20,"[1.0,-0.15,0.52,5.141846218544593,0.10125034819082106,1789558529.967068,5.140424272676163,0.10107512494287377,0.0036904376666666654,0.0015410330518361467,0.0006966479093522431,0.0005693116454263954,0.004584685874999997,5.142193099132783,0.09943892393629444,0.0017688264566197986,-0.0016362010065793242,-0.0016405262814927898,1.0053195480042132,8.905321484750014e-08,0.0005705067892819585,0.00025995296347060726,0.00025995296347060726,0.16,0.9973634833149214,8.952693769881093e-08,5.141404785385117,0.10150174739683024,0.002796189458333334,-0.0009444891308796862,0.0016671708745565894,0.0007542563535493235,-0.0017884964166666626,5.1403612151586175,0.10333268774822223,-0.0010435702264990354,0.001830940351391988,0.0018256948472172125,0.9943100287189507,-6.804559307163484e-08,0.0005212320640934182,-0.0036352267422407373,-0.0036352267422407373,0.16,1.0028731549430459,-6.765841560125527e-08,5.140718127219514,0.10117411349723739,0.0036904376666666654,0.0013240681673878912,0.0009823896866971715,0.0005147307171023403,0.0032930326916666636,5.143205486974217,0.09354880475349132,0.0024873597547037107,-0.007625308743746062,-0.0077234348714129005,1.0264695948907638,1.6671893987590423e-06,-0.004614235178033262,0.02057774461645962,0.02057774461645962,0.16,0.9872950145498038,1.7113192267503703e-06]"
/multi_agv/m2b_algorithm_state,1789558529.9770956,1789558529.9770956,m2b_algorithm_state_v1:header6+3x20,"[1.0,-0.15,0.52,5.142840461441388,0.10125038548302329,1789558529.9770076,5.141421435177327,0.10107517552580439,0.0036904376666666654,0.0015406711578030419,0.0006966766007440832,0.0005694535876512193,0.004584685874999997,5.143057802883088,0.09798110385493124,0.0016363677057604775,-0.0030940716708731525,-0.0031097090298123496,1.0102254303779779,3.186773788703347e-07,-0.0010642493976117527,0.006654197513788731,0.006654197513788731,0.16,0.9949714398391348,3.2193599222100974e-07,5.142401935537168,0.1015017132363702,0.002796189458333334,-0.0009440933287345275,0.0016671509777239635,0.0007540951366474119,-0.0017884964166666626,5.141337619719523,0.10273414452674527,-0.0010643158176453227,0.0012324312903750773,0.001230043813050732,0.9961437091894711,-3.083080884971431e-08,-0.00010035095900592125,-0.0011430220976921899,-0.0011430220976921899,0.16,1.0019409693370382,-3.0711916284865985e-08,5.141715284919285,0.10117415581028859,0.0036904376666666654,0.001323833100157212,0.0009823983981539722,0.0005148280781933309,0.0032930326916666636,5.144223790985256,0.0945008419052822,0.0025085060659710834,-0.0066733139050063894,-0.0067479353618630335,1.02292202275715,1.2759774104292868e-06,-0.0036123027793991793,0.016763332375999425,0.016763332375999425,0.16,0.9889415868921362,1.3052253936687563e-06]"
/multi_agv/m2b_algorithm_state,1789558529.9870572,1789558529.9870572,m2b_algorithm_state_v1:header6+3x20,"[1.0,-0.15,0.52,5.143843268092915,0.10125036729879815,1789558529.986955,5.1424156897175015,0.10107526636249005,0.0036904376666666654,0.0015400264281903516,0.0006967354228661897,0.0005697024549164347,0.004584685874999997,5.143989703358943,0.09804642787546258,0.0015740136414414962,-0.003028838487027466,-0.0030438160624338957,1.0100025164811934,3.0524075826699156e-07,-0.0010762990106320254,0.006668027150644398,0.006668027150644398,0.16,0.9950793428054737,3.082939339822891e-07,5.143396164388156,0.10150165645395919,0.002796189458333334,-0.0009433916757537334,0.0016671088403015233,0.0007538129128076831,-0.0017884964166666626,5.142521261041221,0.10337286757653097,-0.0008749033469346301,0.0018712111225717837,0.0018657340057154214,0.9941875523829259,-7.098712135142434e-08,0.0007721048220471337,-0.004549109566307945,-0.004549109566307945,0.16,1.0029356365053024,-7.05745124270823e-08,5.142709530218508,0.10117423363262064,0.0036904376666666654,0.0013234061493581106,0.0009824181781239007,0.0005150028559693372,0.0032930326916666636,5.145388849953645,0.09531037622513681,0.002679319735136687,-0.0058638574074838246,-0.005921126095544241,1.0199614249517914,9.844242178505927e-07,-0.0025719764266233817,0.012841829312309849,0.012841829312309849,0.16,0.9903280749073201,1.0040747279959434e-06]"
/multi_agv/m2b_algorithm_state,1789558529.9969785,1789558529.9969785,m2b_algorithm_state_v1:header6+3x20,"[1.0,-0.15,0.52,5.144843236784978,0.10125036779302898,1789558529.9968975,5.143418490844766,0.10107522174484528,0.0036904376666666654,0.0015403429248213316,0.000696707359428039,0.0005695798639311935,0.004584685874999997,5.145219537714459,0.09863851201770367,0.001801046869692513,-0.002436709727141606,-0.002446360541905502,1.007993770226901,1.9752404803756515e-07,-0.0001950519547898608,0.0033143014427237526,0.0033143014427237526,0.16,0.9960550317099298,1.991030098918648e-07,5.144398977677786,0.10150168450198137,0.002796189458333334,-0.0009437355451570786,0.001667128754610836,0.0007539516095497051,-0.0017884964166666626,5.143551498298384,0.10337286757653097,-0.000847479379401328,0.001871183074549601,0.0018657061228178943,0.9941876398758395,-7.101085993329578e-08,0.0008063568985662343,-0.004671827038637806,-0.004671827038637806,0.16,1.0029355918730838,-7.059811924263714e-08,5.143712335756194,0.10117419564956776,0.0036904376666666654,0.0013236144758924863,0.0009824087790126787,0.0005149174435834084,0.0032930326916666636,5.146491726393311,0.09465119278151772,0.002779390637116741,-0.006523002868050035,-0.006594220484253464,1.022368389232922,1.2188372520044693e-06,-0.003119982187857538,0.015000763969911174,0.015000763969911174,0.16,0.9891999946963417,1.2461006780688904e-06]"
/multi_agv/m2b_algorithm_state,1789558530.0069766,1789558530.0069766,m2b_algorithm_state_v1:header6+3x20,"[1.0,-0.15,0.52,5.145842321872913,0.10125037388036429,1789558530.006856,5.144418459712908,0.10107522325919242,0.0036904376666666654,0.0015403315733943743,0.0006967081219871217,0.000569584387656688,0.004584685874999997,5.146255641312053,0.09912225978379417,0.0018371815991455875,-0.0019529634753982505,-0.0019591402801564183,1.0063720658672186,1.2684068715788527e-07,0.0003373367187755661,0.0012243563992914977,0.0012243563992914977,0.16,0.9968471860740495,1.2764892437109858e-07,5.145398946186792,0.10150168321083235,0.002796189458333334,-0.0009437225296024033,0.00166712820544479,0.0007539462534100899,-0.0017884964166666626,5.144649921723418,0.10342524139434399,-0.0007490244633743259,0.0019235581835116422,0.0019177726411616963,0.9940285307476464,-7.503780185143763e-08,0.000981492061943789,-0.005322059823489591,-0.005322059823489591,0.16,1.0030168030483744,-7.458971592491757e-08,5.144712304455232,0.10117419690906218,0.0036904376666666654,0.0013236070302403038,0.0009824088981349012,0.0005149206090160536,0.0032930326916666636,5.147359990442185,0.09400641933715286,0.0026476859869530855,-0.007167777571909326,-0.007254185644574793,1.0247556971989815,1.472233317796185e-06,-0.003944578160883436,0.018098000323427586,0.018098000323427586,0.16,0.9880885220065895,1.5086794800177993e-06]"
/multi_agv/m2b_algorithm_state,1789558530.017047,1789558530.017047,m2b_algorithm_state_v1:header6+3x20,"[1.0,-0.15,0.52,5.146836832388372,0.10125040866822849,1789558530.0167813,5.145417546764813,0.10107523802776938,0.0036904376666666654,0.0015402265577823828,0.0006967179551027767,0.0005696247928816063,0.004584685874999997,5.147644509528413,0.09926587794442394,0.0022269627635997935,-0.0018093600833454376,-0.0018146561817857364,1.005893987354451,1.0885518452448219e-07,0.0009690472727140055,-0.001068152424897936,-0.001068152424897936,0.16,0.9970814865683885,1.0949677560553592e-07,5.14639802890028,0.10150167397106927,0.002796189458333334,-0.0009436079031188037,0.0016671210821002092,0.0007539002721149157,-0.0017884964166666626,5.1459642459657235,0.1020681190309117,-0.0004337829345564259,0.0005664450598424353,0.0005659381574765939,0.9982140767270178,-6.512676010656874e-09,2.3709489281061535e-05,-0.0012832940082601872,-0.0012832940082601872,0.16,1.0008956850835107,-6.5010448710000495e-09,5.145711389953647,0.10117420964225424,0.0036904376666666654,0.001323537045345336,0.0009824121942389576,0.0005149492302381044,0.0032930326916666636,5.148372013637548,0.09483639810128441,0.0026606236839015196,-0.006337811540969823,-0.006404949688448513,1.0216887195521496,1.1504224164854897e-06,-0.003079170083571613,0.014787591312783737,0.014787591312783737,0.16,0.9895177712949448,1.1753736056431497e-06]"
/multi_agv/m2b_algorithm_state,1789558530.027086,1789558530.027086,m2b_algorithm_state_v1:header6+3x20,"[1.0,-0.15,0.52,5.147843480666726,0.10125036509610456,1789558530.0269396,5.146412068441986,0.10107532060345226,0.0036904376666666654,0.001539642579922524,0.000696774485470541,0.0005698485188538826,0.004584685874999997,5.148633498233312,0.0990663186509925,0.0022214297913256686,-0.00200900195245976,-0.0020155410673360383,1.0065590315396167,1.3416917424223468e-07,0.0007612461718210476,-0.0002451829760491233,-0.0002451829760491233,0.16,0.9967556528704619,1.3504919408773382e-07,5.147392525752047,0.10150162424912929,0.002796189458333334,-0.0009429738234722337,0.0016670800910247863,0.0007536467427023824,-0.0017884964166666626,5.146980336944391,0.10282489780148192,-0.00041218880765647725,0.0013232735523526357,0.0013205230372551704,0.9958637503977151,-3.5498909889826984e-08,0.0008052870276845738,-0.004412874759339493,-0.004412874759339493,0.16,1.0020828982303729,-3.535207753791364e-08,5.1467059029710835,0.10117428115210393,0.0036904376666666654,0.0013231468948151537,0.0009824319084539733,0.000515108090763538,0.0032930326916666636,5.150184587587861,0.09569902036269265,0.003478684616777805,-0.005475260789411282,-0.005525045525254089,1.0185581924417164,8.579064846223374e-07,-0.0011766897542818322,0.00783407570606318,0.00783407570606318,0.16,0.9909892623300119,8.738276782609552e-07]"
/multi_agv/m2b_algorithm_state,1789558530.0370903,1789558530.0370903,m2b_algorithm_state_v1:header6+3x20,"[1.0,-0.15,0.52,5.148841279514591,0.10125037944343301,1789558530.036887,5.147418703374332,0.10107521356185807,0.0036904376666666654,0.0015404025955849461,0.0006967069143092523,0.0005695542306789865,0.004584685874999997,5.1495468648117,0.09826725801675398,0.00212816143736827,-0.0028079555451040877,-0.0028208069066007935,1.0092501327322998,2.6237042758527324e-07,-0.00016060510989045597,0.0033564815989594113,0.0033564815989594113,0.16,0.9954440832278761,2.647973888654673e-07,5.1483991900498385,0.10150169180679566,0.002796189458333334,-0.0009438006199495447,0.001667128149337671,0.0007539801320733258,-0.0017884964166666626,5.14801018155917,0.10282489780148192,-0.0003890084906688074,0.0013232059946862579,0.0013204557615496158,0.9958639621944831,-3.5526398241968273e-08,0.0008341951482136066,-0.0045167686081305225,-0.0045167686081305225,0.16,1.0020827908186902,-3.5379459715745646e-08,5.147712548576007,0.10117418991965993,0.0036904376666666654,0.0013236478587258017,0.0009824094068484612,0.0005149026468847032,0.0032930326916666636,5.1511538634569405,0.09529023371925215,0.003441314880933355,-0.005883956200407783,-0.005941626854902578,1.020034330815698,9.913771094964081e-07,-0.001639983253735884,0.00961354059517987,0.00961354059517987,0.16,0.9902937939552349,1.0112386864711696e-06]"
/multi_agv/m2b_algorithm_state,1789558530.0469208,1789558530.0469208,m2b_algorithm_state_v1:header6+3x20,"[1.0,-0.15,0.52,5.149836794693196,0.10125040775255319,1789558530.0467834,5.14841650672008,0.1010752484240857,0.0036904376666666654,0.0015401551996370093,0.0006967296418332932,0.0005696496448581665,0.004584685874999997,5.150519118251294,0.09817166014413417,0.002102611531213938,-0.002903588279951533,-0.002917339799958298,1.009575432781206,2.8051854839729403e-07,-0.00028907538594087536,0.0038495012570210598,0.0038495012570210598,0.16,0.9952862810129414,2.8320463490135383e-07,5.149396983461303,0.10150167008805552,0.002796189458333334,-0.0009435314365339106,0.0016671118401356821,0.0007538719338675004,-0.0017884964166666626,5.1492010215559905,0.10429874282700778,-0.00019596190531245838,0.002797072738952258,0.002784920563516935,0.991403353166739,-1.5852795134251973e-07,0.002539968181876362,-0.011316987637270721,-0.011316987637270721,0.16,1.0043635626791367,-1.5716514253162769e-07,5.14871034836239,0.10117421981815784,0.0036904376666666654,0.0013234838892742387,0.0009824170854235712,0.0005149697271626254,0.0032930326916666636,5.152040636294801,0.09472317090336478,0.003330287932411302,-0.006451048914793062,-0.00652066652924058,1.0221039881215614,1.1919288681792833e-06,-0.002357806613726452,0.012331980998720592,0.012331980998720592,0.16,0.9893235432090672,1.2182752497232644e-06]"
/multi_agv/m2b_algorithm_state,1789558530.0569403,1789558530.0569403,m2b_algorithm_state_v1:header6+3x20,"[1.0,-0.15,0.52,5.150838475696721,0.10125039607761684,1789558530.0568595,5.149412031013522,0.10107531525654637,0.0036904376666666654,0.0015396829975083976,0.0006967758723178006,0.0005698302781628468,0.004584685874999997,5.151338954688723,0.09948600620642822,0.0019269236752004204,-0.0015893090501181428,-0.0015933885096091848,1.0051643531007186,8.39456689262407e-08,0.0008152660843913407,-0.000626549894675621,-0.000626549894675621,0.16,0.9974397584352842,8.437919400185182e-08,5.150392487447581,0.10150163019638192,0.002796189458333334,-0.0009430191280607294,0.0016670782631553749,0.0007536673314861575,-0.0017884964166666626,5.150246090265673,0.10429874282700778,-0.00014639718190778694,0.0027971126306258615,0.00278496010560855,0.9914032297755161,-1.584464189700046e-07,0.0026019636282238164,-0.01153870548616492,-0.01153870548616492,0.16,1.0043636262483036,-1.5708429151322716e-07,5.149705865618484,0.10117427780473132,0.0036904376666666654,0.0013231679468765612,0.00098243334182353,0.0005150982199727083,0.0032930326916666636,5.1530579014934235,0.09545903983523187,0.003352035874939041,-0.005715237969499451,-0.005769579972962614,1.0194233709617067,9.349056271558122e-07,-0.0015795351292888123,0.00933392404286062,0.00933392404286062,0.16,0.99058128950152,9.530646459662465e-07]"
/multi_agv/m2b_algorithm_state,1789558530.0671248,1789558530.0671248,m2b_algorithm_state_v1:header6+3x20,"[1.0,-0.15,0.52,5.151846677163766,0.10125034293210856,1789558530.0670204,5.150413708742353,0.1010752844480482,0.0036904376666666654,0.0015399037692906707,0.0006967594402283335,0.0005697431299082953,0.004584685874999997,5.152384755563822,0.09947232844093631,0.001971046821468647,-0.0016029560071118831,-0.0016071062540601942,1.0052095009333843,8.540653521747699e-08,0.0008567022727756148,-0.0007663605590144291,-0.0007663605590144291,0.16,0.9974175653054513,8.585146064240957e-08,5.151394172184673,0.10150165148392395,0.002796189458333334,-0.0009432607013051173,0.001667089463855298,0.0007537662189213423,-0.0017884964166666626,5.150506397773178,0.10263599714285689,-0.0008877744114954567,0.001134345658932931,0.0011323215754352018,0.9964466411977649,-2.6097449782554953e-08,2.2603561065880984e-05,-0.0015360716790278396,-0.0015360716790278396,0.16,1.0017875518241814,-2.6004716179654225e-08,5.150707546163138,0.10117425230087837,0.0036904376666666654,0.0013233100744657242,0.0009824285710685393,0.000515039094789491,0.0032930326916666636,5.153892076674639,0.09603178750323836,0.003184530511500583,-0.005142464797640009,-0.005186272118637847,1.0173657322496854,7.567282841749674e-07,-0.0012056089792621188,0.00779601123012858,0.00779601123012858,0.16,0.9915532158753474,7.698694249437137e-07]"
/multi_agv/m2b_algorithm_state,1789558530.0771008,1789558530.0771008,m2b_algorithm_state_v1:header6+3x20,"[1.0,-0.15,0.52,5.152840608975914,0.10125038239245199,1789558530.0769174,5.151421893561844,0.1010751560744361,0.0036904376666666654,0.0015408133922718164,0.0006966751398120863,0.0005693926948605594,0.004584685874999997,5.153262791063726,0.09822013530368465,0.0018408975018822105,-0.0028550207707514486,-0.0028683112668948033,1.0094101516391023,2.7132020953565833e-07,-0.0005671893895420402,0.004805992879057098,0.004805992879057098,0.16,0.9953664386788318,2.738733738501419e-07,5.152402393833056,0.10150173068024407,0.002796189458333334,-0.0009442492886939657,0.0016671500078704327,0.0007541632444064972,-0.0017884964166666626,5.15162019332388,0.1041664191348177,-0.0007822005091764339,0.002664688454573627,0.0026536482556922853,0.9917977734934006,-1.4400073669182609e-07,0.0016758976192217429,-0.008157394577056722,-0.008157394577056722,0.16,1.004160385182045,-1.4281961003236255e-07,5.151715744096398,0.10117414204164554,0.0036904376666666654,0.0013239135442634762,0.0009823998335789508,0.0005147924622386324,0.0032930326916666636,5.154858555607249,0.0958581257026915,0.0031428115108509402,-0.005316016338954038,-0.005362891415294073,1.0179865610476388,8.091209582211292e-07,-0.001434377026730398,0.008665260194900047,0.008665260194900047,0.16,0.9912593650122479,8.236742617310976e-07]"
/multi_agv/m2b_algorithm_state,1789558530.087307,1789558530.087307,m2b_algorithm_state_v1:header6+3x20,"[1.0,-0.15,0.52,5.1538511062423105,0.10125031480901082,1789558530.087232,5.152415837515378,0.10107525292620599,0.0036904376666666654,0.0015401255843461347,0.0006967365780697673,0.0005696588740011415,0.004584685874999997,5.154160244568177,0.09722399267567675,0.0017444070527989908,-0.0038512602505292454,-0.0038756258437132795,1.0128361407705204,4.938003331055953e-07,-0.001695117027714541,0.009183718178738698,0.009183718178738698,0.16,0.9937131203664673,5.001388236938686e-07,5.153396311059621,0.10150166959227815,0.002796189458333334,-0.0009435008882590461,0.0016671062511219858,0.0007538615994784476,-0.0017884964166666626,5.152843122114057,0.10445338846040153,-0.0005531889455632211,0.0029517188681233847,0.0029382017271521463,0.990944165876314,-1.7651574032356272e-07,0.00224671554519812,-0.010340808887162434,-0.010340808887162434,0.16,1.004600480915359,-1.749172430589729e-07,5.152709678352741,0.10117422465887185,0.0036904376666666654,0.0013234598099416592,0.0009824203222271958,0.0005149784809930975,0.0032930326916666636,5.155790028602531,0.09556832037432302,0.0030803502497898094,-0.005605904284548838,-0.005658144282985768,1.0190286574930725,8.996182357464319e-07,-0.0018077064707485062,0.010082532555223192,0.010082532555223192,0.16,0.9907672912134783,9.167367630289729e-07]"
/multi_agv/m2b_algorithm_state,1789558530.0972424,1789558530.0972424,m2b_algorithm_state_v1:header6+3x20,"[1.0,-0.15,0.52,5.154850065571272,0.10125032341412972,1789558530.0970647,5.153426313400357,0.10107509130545805,0.0036904376666666654,0.001541269130807561,0.0006966281577604142,0.0005692195887570111,0.004584685874999997,5.155526055923783,0.09902901756146097,0.0020997425234261513,-0.0020460737439970816,-0.002052858329566868,1.0066828708481586,1.3931706372431272e-07,0.0005718198247158211,0.0004407680631019579,0.0004407680631019579,0.16,0.9966950541729697,1.4024810166812698e-07,5.154406834394015,0.10150176784632982,0.002796189458333334,-0.0009447424903623108,0.0016671844551137127,0.0007543591119569398,-0.0017884964166666626,5.15372193731886,0.10259686526615239,-0.0006848970751551775,0.0010950974198225688,0.0010932104202025542,0.996568055776127,-2.436164120746547e-08,0.00023708907625858235,-0.002284102273182202,-0.002284102273182202,0.16,1.001726108336641,-2.427803341363944e-08,5.1537201709325595,0.10117408527524464,0.0036904376666666654,0.0013242210125401104,0.0009823828254058586,0.0005146680336531118,0.0032930326916666636,5.156973409394985,0.09587556877897041,0.003253238462425756,-0.005298516496274233,-0.005345077394388115,1.017923871522119,8.039810751869073e-07,-0.0012785293163559202,0.008115871642582087,0.008115871642582087,0.16,0.9912890132960906,8.183915286847725e-07]"
/multi_agv/m2b_algorithm_state,1789558530.1070948,1789558530.1070948,m2b_algorithm_state_v1:header6+3x20,"[1.0,-0.15,0.52,5.1558458088115655,0.10125035203976944,1789558530.1070333,5.154425274767697,0.10107511698779138,0.0036904376666666654,0.0015410821962106402,0.0006966381314313704,0.0005692954293166738,0.004584685874999997,5.156657441400187,0.10037866810195784,0.002232166632489374,-0.0006964488858335477,-0.000697226998736531,1.0022403855022937,1.612466696043517e-08,0.0020929812918751866,-0.005557842592053679,-0.005557842592053679,0.16,0.9988839891392711,1.6160792430522642e-08,5.155405791690246,0.10150174766410469,0.002796189458333334,-0.0009445359362265432,0.001667178356920651,0.0007542727499248725,-0.0017884964166666626,5.1546210286904515,0.10256584094140332,-0.0007847629997943528,0.0010640932772986306,0.0010623111938944513,0.9966640393980483,-2.2997213826270663e-08,8.135744415151028e-05,-0.0017148528492698272,-0.0017148528492698272,0.16,1.0016775530695918,-2.2920496026991564e-08,5.154719130255874,0.10117410559049313,0.0036904376666666654,0.0013241048214215584,0.000982384662422309,0.0005147174423703596,0.0032930326916666636,5.157980449628027,0.09598765890900261,0.0032613193721529044,-0.005186446681490514,-0.005231021321315624,1.0175228725319487,7.702109585669083e-07,-0.0011543721061244936,0.007636757962014799,0.007636757962014799,0.16,0.9914787883499013,7.837072670165863e-07]"
/multi_agv/m2b_algorithm_state,1789558530.1169417,1789558530.1169417,m2b_algorithm_state_v1:header6+3x20,"[1.0,-0.15,0.52,5.156840217034849,0.10125038813283334,1789558530.1168742,5.155421026600829,0.10107518928080728,0.0036904376666666654,0.00154056654922258,0.0006966813331674253,0.0005694964695284659,0.004584685874999997,5.157700593366336,0.10034481383570053,0.002279566765507113,-0.0007303754451067485,-0.0007312314321203568,1.0023504215039278,1.7728388663148473e-08,0.0021182270247635344,-0.005631646789363021,-0.005631646789363021,0.16,0.9988293897444668,1.7770057849092327e-08,5.156401524794423,0.10150170022965528,0.002796189458333334,-0.000943973036319456,0.0016671479485745877,0.000754044569657511,-0.0017884964166666626,5.15564150352483,0.10256584094140332,-0.0007600212695928477,0.0010641407117480406,0.0010623584689497564,0.9966638903360491,-2.2985561871646293e-08,0.00011233188195869685,-0.0018246805263780071,-0.0018246805263780071,0.16,1.0016776284562838,-2.290887951655495e-08,5.155714875039442,0.10117416660884578,0.0036904376666666654,0.0013237674883428813,0.0009823983614835278,0.0005148565373710441,0.0032930326916666636,5.158982759056709,0.09674127626278506,0.0032678840172666312,-0.004432890346060717,-0.004465269697883269,1.014851573467884,5.622554903169026e-07,-0.00038041467629998035,0.004617347962639791,0.004617347962639791,0.16,0.9927486234845116,5.706058690390652e-07]"
/multi_agv/m2b_algorithm_state,1789558530.1270065,1789558530.1270065,m2b_algorithm_state_v1:header6+3x20,"[1.0,-0.15,0.52,5.157843875481058,0.10125036437981738,1789558530.1269133,5.156415446193165,0.10107527664209345,0.0036904376666666654,0.0015399469655434997,0.0006967387388643327,0.0005697351738313925,0.004584685874999997,5.1582907748588145,0.09904295519943399,0.001875328665649434,-0.0020323214426594682,-0.002039014422673954,1.0066369100640493,1.3733128830694382e-07,0.00030514640938783836,0.0013729929815614302,0.0013729929815614302,0.16,0.9967175416024233,1.3824274371641702e-07,5.1573959192485805,0.10150164609452511,0.002796189458333334,-0.0009432990003392918,0.0016671066411948487,0.0007537738850753178,-0.0017884964166666626,5.156671334509442,0.10471686696823626,-0.0007245847391388338,0.00321522087371115,0.003199214813787538,0.9901655947831253,-2.0935105127513907e-07,0.0022934838898639957,-0.010636313606290197,-0.010636313606290197,0.16,1.0050031213454722,-2.0729220820432064e-07,5.156709285662801,0.10117424166188145,0.0036904376666666654,0.0013233562501279174,0.00098241783568569,0.0005150246634096764,0.0032930326916666636,5.159888137541499,0.0977338519407337,0.003178851878697486,-0.0034403897211477547,-0.0034597482846015918,1.0113991490940435,3.383529939240884e-07,0.000513816563770266,0.001052527821014559,0.001052527821014559,0.16,0.9944046324005718,3.4220993014824506e-07]"
/multi_agv/m2b_algorithm_state,1789558530.1371078,1789558530.1371078,m2b_algorithm_state_v1:header6+3x20,"[1.0,-0.15,0.52,5.15884324594252,0.1012503687366945,1789558530.1368914,5.157419097427419,0.1010752182782095,0.0036904376666666654,0.0015403611278666652,0.0006967020912577837,0.000569574713869106,0.004584685874999997,5.159147704957112,0.09843190004625084,0.0017286075296931713,-0.0026433182319586662,-0.0026546926727113395,1.0086917021332467,2.3247439088994587e-07,-0.0004939332605948753,0.004456047567650966,0.004456047567650966,0.16,0.9957153455578508,2.3449498904916923e-07,5.158399586348675,0.10150168288061708,0.002796189458333334,-0.0009437491439794393,0.0016671326028498967,0.000753955502399109,-0.0017884964166666626,5.157552573489547,0.10280373224714284,-0.0008470128591273607,0.0013020493665257676,0.0012993859485863485,0.9959291090107966,-3.4398076905772756e-08,0.00024061987467714763,-0.0023901202437571914,-0.0023901202437571914,0.16,1.0020497512246587,-3.425804608445112e-08,5.1577129426670805,0.10117419198062554,0.0036904376666666654,0.001323628891191792,0.0009824055986726423,0.0005149128493478795,0.0032930326916666636,5.16085539178046,0.09762499067970841,0.003142449113379797,-0.0035492013009171264,-0.003569820624361761,1.0117740245592424,3.6019324739134926e-07,0.00035824076736298534,0.0016465041393039686,0.0016465041393039686,0.16,0.994223988929886,3.6443417153220825e-07]"
/multi_agv/m2b_algorithm_state,1789558530.147058,1789558530.147058,m2b_algorithm_state_v1:header6+3x20,"[1.0,-0.15,0.52,5.159843775157174,0.10125036558691451,1789558530.1469705,5.158418469301442,0.10107522901774178,0.0036904376666666654,0.0015402844955478417,0.000696709077051238,0.0005696042971445824,0.004584685874999997,5.160170553347203,0.09965429496351587,0.001752084045760327,-0.0014209340542259141,-0.0014241907965991325,1.004608482949368,6.71196868458279e-08,0.0007659142606012764,-0.0005284234763838795,-0.0005284234763838795,0.16,0.9977132682074655,6.742900677822383e-08,5.159398955114589,0.10150167599329504,0.002796189458333334,-0.0009436652191899073,0.00166712751620679,0.0007539217698016021,-0.0017884964166666626,5.158442506200184,0.10250696877663142,-0.0009564489144047172,0.0010052927833363728,0.0010037014982173876,0.9968462627055815,-2.0507794770705685e-08,-0.000191859644788509,-0.0007139570082335544,-0.0007139570082335544,0.16,1.0015854167018894,-2.044311857351103e-08,5.158712313411528,0.1011742011990467,0.0036904376666666654,0.0013235779903007965,0.000982407872437285,0.0005149337301759449,0.0032930326916666636,5.161727085116495,0.09696374381886343,0.00301477170496689,-0.0042104573801832745,-0.0042396200822802255,1.014071345279134,5.071031085451865e-07,-0.00047115545107161323,0.00483832153745813,0.00483832153745813,0.16,0.9931213878765133,5.14238731477648e-07]"
/multi_agv/m2b_algorithm_state,1789558530.1572707,1789558530.1572707,m2b_algorithm_state_v1:header6+3x20,"[1.0,-0.15,0.52,5.160840794544305,0.1012503847944473,1789558530.1570435,5.159418997597354,0.1010752214804671,0.0036904376666666654,0.0015403375183169338,0.0006967042607179507,0.0005695838191839244,0.004584685874999997,5.16128610761134,0.10145230378204562,0.0018671100139862062,0.00037708230157851297,0.00037685603773426093,0.9988016335746237,4.7211502504497e-09,0.002710743555217019,-0.008265546917933428,-0.008265546917933428,0.16,1.0006003986180303,4.715492582500404e-09,5.160399485446808,0.10150168050951423,0.002796189458333334,-0.0009437222986225643,0.0016671308689018005,0.0007539447677992056,-0.0017884964166666626,5.159462781143454,0.10379750195741909,-0.0009367043033536859,0.0022958214479048555,0.002287603186580534,0.9929032124961049,-1.0686258233187803e-07,0.0011167228073884266,-0.00598005306108302,-0.00598005306108302,0.16,1.0035925204915481,-1.061042012929512e-07,5.159712842427361,0.10117419477076216,0.0036904376666666654,0.0013236128784435497,0.0009824061672782493,0.0005149194944793663,0.0032930326916666636,5.162735331056218,0.09820156450753616,0.003022488628857012,-0.0029726302632260004,-0.0029870319394270867,1.0097978037295836,2.5257522148047174e-07,0.0007910788466441781,-0.00012999500769982075,-0.00012999500769982075,0.16,0.9951785998632983,2.550499039274935e-07]"
/multi_agv/m2b_algorithm_state,1789558530.167401,1789558530.167401,m2b_algorithm_state_v1:header6+3x20,"[1.0,-0.15,0.52,5.1618509117054225,0.1012503195310014,1789558530.16707,5.160416023133754,0.10107526745660911,0.0036904376666666654,0.001540011848514026,0.0006967352845649085,0.0005697088465125536,0.004584685874999997,5.16238255663959,0.10216758936080612,0.0019665335058354216,0.0010923219041970161,0.0010904335026816218,0.9965567018280235,3.958784470882594e-08,0.003548600384975899,-0.011599262609989993,-0.011599262609989993,0.16,1.0017317897063418,3.9451531955507554e-08,5.1613964973372,0.10150165245303362,0.002796189458333334,-0.000943368197256554,0.0016671083786814478,0.0007538029757589854,-0.0017884964166666626,5.160592930145677,0.104154194447912,-0.0008035671915225251,0.0026525419948783824,0.002641601192145165,0.9918340141177169,-1.425591372519055e-07,0.0016371422027420088,-0.008011871298899562,-0.008011871298899562,0.16,1.0041417314489975,-1.4139500134971598e-07,5.160709863161964,0.10117423447369915,0.0036904376666666654,0.001323395781179636,0.00098241684754421,0.0005150080422420085,0.0032930326916666636,5.163977156876558,0.09981291651876782,0.0032672937145941106,-0.0013613179549313292,-0.001364301834426541,1.0044063076930536,5.2904724420790094e-08,0.0027198153088160973,-0.007675000091978794,-0.007675000091978794,0.16,0.9978128890397147,5.31378389150043e-08]"
/multi_agv/m2b_algorithm_state,1789558530.1770382,1789558530.1770382,m2b_algorithm_state_v1:header6+3x20,"[1.0,-0.15,0.52,5.162843144037783,0.10125037030220951,1789558530.1769629,5.161426119817028,0.10107511060184568,0.0036904376666666654,0.0015411222392241867,0.0006966313463488297,0.0005692816015601145,0.004584685874999997,5.163214392933457,0.1003554738295186,0.001788273116429373,-0.0007196367723270869,-0.0007204677068848556,1.0023155848191256,1.721698875666465e-08,0.0015148736886518607,-0.003499789690385427,-0.003499789690385427,0.16,0.9988466734180752,1.725685615446064e-08,5.162406639393808,0.10150174845340477,0.002796189458333334,-0.00094457392400922,0.0016671830651562303,0.0007542867672101078,-0.0017884964166666626,5.161616878155322,0.104154194447912,-0.0007897612384857311,0.00265244599450723,0.0026415059900857336,0.9918343114535138,-1.427309592173668e-07,0.0016543044419785697,-0.008074515855637097,-0.008074515855637097,0.16,1.00414157850202,-1.4156546265845657e-07,5.161719975905432,0.10117409953775376,0.0036904376666666654,0.0013241333354439603,0.0009823811058130797,0.0005147069326153935,0.0032930326916666636,5.164946043869869,0.09967983911918682,0.0032260679644373624,-0.0014942604185669423,-0.0014978591611030084,1.0048438816169223,6.378361302832019e-08,0.0025347257944436947,-0.006956806320719518,-0.006956806320719518,0.16,0.9975974092694965,6.409257329892895e-08]"
/multi_agv/m2b_algorithm_state,1789558530.1870625,1789558530.1870625,m2b_algorithm_state_v1:header6+3x20,"[1.0,-0.15,0.52,5.163843251216998,0.10125036976374978,1789558530.1869507,5.162418367772455,0.10107523577083949,0.0036904376666666654,0.0015402325211406605,0.0006967101654739235,0.0005696262597279483,0.004584685874999997,5.1646002602417385,0.09919003240980241,0.002181892469283575,-0.0018852033610370772,-0.0018909560440560603,1.0061462912697459,1.1817869650436315e-07,0.0008364095425484085,-0.0005658187172150717,-0.0005658187172150717,0.16,0.9969577912521733,1.1890505719495785e-07,5.163398853007537,0.10150166894995692,0.002796189458333334,-0.0009436049093224054,0.0016671269092620733,0.0007538959432422387,-0.0017884964166666626,5.16266952096886,0.10218949524106039,-0.0007293320386771995,0.0006878262911034633,0.0006870795560817649,0.9978343742424698,-9.602017451771851e-09,-0.00022458549226473453,-0.0004545843580087927,-0.0004545843580087927,0.16,1.0010868246844031,-9.581223075454039e-09,5.162712211333358,0.10117420618583212,0.0036904376666666654,0.0013235468840550354,0.0009824071511610917,0.0005149475886601683,0.0032930326916666636,5.1661770786584515,0.09823110267301292,0.003464867325093657,-0.0029431035128191924,-0.002957217373929194,1.009697269041349,2.475654733008744e-07,0.0013738667824378771,-0.002190214069184863,-0.002190214069184863,0.16,0.9952273169925114,2.4996618230082187e-07]"
/multi_agv/m2b_algorithm_state,1789558530.1970134,1789558530.1970134,m2b_algorithm_state_v1:header6+3x20,"[1.0,-0.15,0.52,5.164843122278364,0.10125037074586425,1789558530.196907,5.163418474924983,0.10107523412623928,0.0036904376666666654,0.0015402441482472982,0.00069670984909127,0.0005696213844278427,0.004584685874999997,5.1655886105823035,0.09968127628542564,0.0021701356573204933,-0.0013939578408136422,-0.0013970914623053267,1.0045196167231496,6.45924928033727e-08,0.00131557810934529,-0.002482301001476115,-0.002482301001476115,0.16,0.9977570391228977,6.488442611403674e-08,5.1643989601843865,0.10150167018517062,0.002796189458333334,-0.0009436171763474877,0.001667126902167304,0.0007539012642625437,-0.0017884964166666626,5.163688946409929,0.10218949524106039,-0.000710013774457785,0.0006878250558897681,0.00068707832355562,0.9978343781374954,-9.60210774646527e-09,-0.00020043889451661122,-0.000540523573094842,-0.000540523573094842,0.16,1.0010868227224572,-9.5813132120034e-09,5.163712318541623,0.10117420497983941,0.0036904376666666654,0.0013235535732627488,0.000982407102538164,0.0005149447144445021,0.0032930326916666636,5.167156129102129,0.09917776270154066,0.003443810560506577,-0.001996442278298746,-0.0020028907140968804,1.0065084932197277,1.1384803092532979e-07,0.002301872486536341,-0.005896886312165126,-0.005896886312165126,0.16,0.9967804355211453,1.1458901006268665e-07]"
/multi_agv/m2b_algorithm_state,1789558530.2070115,1789558530.2070115,m2b_algorithm_state_v1:header6+3x20,"[1.0,-0.15,0.52,5.165843411108497,0.10125036904265045,1789558530.2069113,5.164418346428111,0.10107523616810067,0.0036904376666666654,0.0015402296679851843,0.0006967119147535776,0.0005696265865706234,0.004584685874999997,5.166753020158174,0.1013637149471239,0.0023346737300631304,0.0002884787790232296,0.0002883462651467825,0.9990822935141666,2.7631225962132282e-09,0.0032066884277256956,-0.00998508826624507,-0.00998508826624507,0.16,1.0004595650870654,2.7605868606855304e-09,5.165398830675982,0.10150166914258797,0.002796189458333334,-0.0009436011122833741,0.001667125192856389,0.0007538951901711749,-0.0017884964166666626,5.164803251634167,0.10358817995457952,-0.0005955790418150642,0.002086510811991543,0.0020797119439398717,0.9935347373996143,-8.82678475471494e-08,0.0013352381416710415,-0.006663008215870844,-0.006663008215870844,0.16,1.0032691393014705,-8.769717273358626e-08,5.164712189730997,0.1011742069269041,0.0036904376666666654,0.0013235430134836321,0.0009824078674071316,0.0005149488938465275,0.0032930326916666636,5.1683495612452095,0.10090506929604715,0.0036373715142126173,-0.00026913763085695264,-0.0002692533036718057,1.0008604550028648,2.066553500627632e-09,0.004277461089093966,-0.01372591450812543,-0.01372591450812543,0.16,0.9995703940739978,2.0683316769259347e-09]"
/multi_agv/m2b_algorithm_state,1789558530.2170491,1789558530.2170491,m2b_algorithm_state_v1:header6+3x20,"[1.0,-0.15,0.52,5.166836930331386,0.10125041016563831,1789558530.2169049,5.165418634850469,0.1010752317452128,0.0036904376666666654,0.0015402610006571204,0.0006967096845654549,0.0005696141651892802,0.004584685874999997,5.167767225078203,0.10040969383534643,0.0023485902277338155,-0.0006655379098663705,-0.0006662483177464368,1.0021401977867355,1.4716918105151248e-08,0.0022694894669208327,-0.006198450990927616,-0.006198450990927616,0.16,0.9989337190636829,1.474841522070746e-08,5.166399119967766,0.1015016720760786,0.002796189458333334,-0.0009436348647309761,0.0016671265778063216,0.0007539091002844861,-0.0017884964166666626,5.165789214401762,0.10312805029362579,-0.000609905566003377,0.0016263782175471864,0.0016222329018960708,0.994933895867299,-5.364967552907078e-08,0.0008598509443918496,-0.004748958454739322,-0.004748958454739322,0.16,1.0025553147431978,-5.3377880686154886e-08,5.165712478507256,0.10117420330665992,0.0036904376666666654,0.0013235629238516158,0.0009824071645716534,0.0005149406290679706,0.0032930326916666636,5.169310096867243,0.10049474253293784,0.003597618359987287,-0.0006794607737220792,-0.0006802003057692531,1.0021824031687692,1.3175185434295661e-08,0.0038168226442148556,-0.01188825999297689,-0.01188825999297689,0.16,0.9989127731332942,1.3203939000736589e-08]"
/multi_agv/m2b_algorithm_state,1789558530.226984,1789558530.226984,m2b_algorithm_state_v1:header6+3x20,"[1.0,-0.15,0.52,5.1678398430931844,0.10125039047866857,1789558530.2268465,5.166412167251278,0.10107532948064452,0.0036904376666666654,0.0015395697509916098,0.0006967763733369374,0.0005698791051567477,0.004584685874999997,5.168276954369148,0.0987944303525085,0.0018647871178698594,-0.0022808991281360186,-0.002289345280555185,1.0074695262526132,1.729664117536051e-07,4.163861678213934e-05,0.002411592310198831,0.002411592310198831,0.16,0.996310669041099,1.7425838890701898e-07,5.167392623063806,0.10150161313815766,0.002796189458333334,-0.0009428842888988716,0.001667078197262306,0.0007536089175580046,-0.0017884964166666626,5.166268452216646,0.101651007162196,-0.0011241708471603218,0.0001493940240383379,0.000149358652948539,0.9995267404976667,-4.5279896923198197e-10,-0.0012558549060018632,0.0034504909048024427,0.0034504909048024427,0.16,1.0002368198232954,-4.5258467781714617e-10,5.166706000679072,0.10117428787811279,0.0036904376666666654,0.0013231014522775424,0.0009824303888335438,0.0005151285787030691,0.0032930326916666636,5.1697847431716175,0.09958932226736998,0.003078742492545139,-0.0015849656107428112,-0.001589017277332209,1.0051431607759644,7.171066934871887e-08,0.0022594108383492146,-0.0059426667389372734,-0.0059426667389372734,0.16,0.9974502060819628,7.207948885053136e-08]"
/multi_agv/m2b_algorithm_state,1789558530.2369432,1789558530.2369432,m2b_algorithm_state_v1:header6+3x20,"[1.0,-0.15,0.52,5.168839551791295,0.10125039186989739,1789558530.236813,5.1674150743374385,0.10107527884125117,0.0036904376666666654,0.0015399313989933514,0.0006967476832945955,0.0005697372688705515,0.004584685874999997,5.169118339435501,0.09781256483009024,0.001703265098062623,-0.003262714011160933,-0.0032801244714736615,1.0108031457312145,3.542311291928681e-07,-0.0011510430988953828,0.007029802108053117,0.007029802108053117,0.16,0.9946921342576655,3.5805793970407137e-07,5.168395542423313,0.10150164705414552,0.002796189458333334,-0.0009432790252843718,0.0016670979903832261,0.0007537697264308751,-0.0017884964166666626,5.167285121778699,0.101651007162196,-0.0011104206446139742,0.0001493601080504725,0.00014932475302619052,0.9995268479741954,-4.527828181341909e-10,-0.001238701052741277,0.003389182654747142,0.003389182654747142,0.16,1.0002367659987075,-4.525685830265412e-10,5.167708912518804,0.101174245540609,0.0036904376666666654,0.00132333612706504,0.0009824215627404435,0.0005150314473455833,0.0032930326916666636,5.1708302282281435,0.10116486254989457,0.0031213157093397115,-9.382990714429384e-06,-9.383131032095948e-06,1.0000299100034216,2.51092312646575e-12,0.003892261505642543,-0.012489510167701121,-0.012489510167701121,0.16,0.9999850457522033,2.510998228185054e-12]"
/multi_agv/m2b_algorithm_state,1789558530.2470021,1789558530.2470021,m2b_algorithm_state_v1:header6+3x20,"[1.0,-0.15,0.52,5.169841896138039,0.10125037643974964,1789558530.2468705,5.168414783763459,0.1010752803321463,0.0036904376666666654,0.0015399225750224233,0.0006967514134318612,0.0005697391534827232,0.004584685874999997,5.170151898104312,0.09830286115592944,0.0017371143408535517,-0.0027724191762168587,-0.0027849439554095594,1.0091294182343438,2.5568585679382015e-07,-0.0006135510293426199,0.004932182511270186,0.004932182511270186,0.16,0.9955026817798711,2.580201199170975e-07,5.1693952500636735,0.10150164777245113,0.002796189458333334,-0.0009432705600258377,0.0016670948171357836,0.0007537677076612376,-0.0017884964166666626,5.168340416857827,0.10296394189333745,-0.0010548332058464283,0.0014622941208863177,0.0014589388659275527,0.9954364586613923,-4.3358862791729366e-08,0.00014039735861951733,-0.0021052313402884944,-0.0021052313402884944,0.16,1.0022997913326765,-4.316099282898429e-08,5.168708621546752,0.10117424750509472,0.0036904376666666654,0.0013233271914578053,0.0009824234300372936,0.0005150343493139009,0.0032930326916666636,5.1720301217242755,0.10252684591239838,0.0033215001775230846,0.0013525984073036595,0.0013497124425040058,0.9957545795380988,5.212692631716816e-08,0.005501587664407862,-0.018911345727833255,-0.018911345727833255,0.16,1.0021382071534435,5.190562559756524e-08]"
/multi_agv/m2b_algorithm_state,1789558530.257098,1789558530.257098,m2b_algorithm_state_v1:header6+3x20,"[1.0,-0.15,0.52,5.170842150080886,0.10125037483772907,1789558530.2569146,5.169417123475239,0.10107524174945613,0.0036904376666666654,0.0015401972245355174,0.0006967279754171323,0.0005696322955825863,0.004584685874999997,5.171314979773004,0.09955930525789398,0.0018978562977647329,-0.0015159364915621476,-0.0015196459313834556,1.0049218683030245,7.639541748183083e-08,0.0008526744408224604,-0.0007915606897262902,-0.0007915606897262902,0.16,0.9975590104611203,7.677142566563098e-08,5.170397599904858,0.10150167273530171,0.002796189458333334,-0.0009435698989135686,0.0016671113004553817,0.000753888886656201,-0.0017884964166666626,5.169179951399828,0.10349318156234831,-0.0012176485050297003,0.001991508827046601,0.0019853105132132407,0.9938223927926405,-8.041589450983338e-08,0.00046324988192611525,-0.003501162883120875,-0.003501162883120875,0.16,1.0031220878507956,-7.991911670032317e-08,5.169710965034021,0.10117421483449109,0.0036904376666666654,0.001323507312932582,0.000982415863236774,0.0005149602096365413,0.0032930326916666636,5.17294109576293,0.10135687175673538,0.0032301307289088754,0.00018265692224429808,0.00018260382502913037,0.9994190140830197,9.515258378156232e-10,0.004220267236165224,-0.013750377385596098,-0.013750377385596098,0.16,1.000290778219784,9.509730147042095e-10]"
/multi_agv/m2b_algorithm_state,1789558530.2671754,1789558530.2671754,m2b_algorithm_state_v1:header6+3x20,"[1.0,-0.15,0.52,5.171850322382687,0.1012503225286522,1789558530.2670548,5.170417376966463,0.10107523754380889,0.0036904376666666654,0.0015402273678098775,0.0006967256904028213,0.0005696204182741608,0.004584685874999997,5.172147276804745,0.09919629506590928,0.0017298998382822006,-0.0018789424778996033,-0.0018846567448231836,1.0061254472868073,1.1739415771511441e-07,0.0002777180530295672,0.0014012591552769892,0.0014012591552769892,0.16,0.9969680065405669,1.1811324943997748e-07,5.171397854357792,0.10150167564444042,0.002796189458333334,-0.0009436029568374712,0.001667112830717521,0.000753902420134081,-0.0017884964166666626,5.170044551528833,0.10147455154944454,-0.0013533028289591797,-2.7124094995875647e-05,-2.7125262538891233e-05,1.0000860978366661,-1.493943092577142e-11,-0.001718753798737866,0.00516959336962585,0.00516959336962585,0.16,0.9999569573561209,-1.4940717178455153e-11,5.170711218918404,0.10117421132493787,0.0036904376666666654,0.0013235268840263831,0.0009824152090617943,0.0005149520666102485,0.0032930326916666636,5.17355642595614,0.10082086233880254,0.0028452070377360528,-0.0003533489861353295,-0.0003535484969302765,1.0011307633649305,3.562260592459072e-09,0.0032029603002397895,-0.009873871128016899,-0.009873871128016899,0.16,0.9994356904450754,3.56628866623336e-09]"
/multi_agv/m2b_algorithm_state,1789558530.2771192,1789558530.2771192,m2b_algorithm_state_v1:header6+3x20,"[1.0,-0.15,0.52,5.172850233209992,0.1012503248230222,1789558530.2770405,5.171425532669265,0.10107511275794857,0.0036904376666666654,0.0015411100585753339,0.0006966414839212117,0.000569281608353972,0.004584685874999997,5.172958089198018,0.0974627970824619,0.0015325565287529486,-0.0036123156754866714,-0.003633713254289363,1.01200763686542,4.3463967755034587e-07,-0.001718017593348177,0.00916553003326413,0.00916553003326413,0.16,0.9941113738742503,4.398586729656737e-07,5.172406046919036,0.1015017512574781,0.002796189458333334,-0.0009445612367345348,0.0016671736090474454,0.0007542861864777012,-0.0017884964166666626,5.171045789157924,0.10147455154944454,-0.0013602577611120381,-2.7199708033553982e-05,-2.7200882094561457e-05,1.0000863378346982,-1.5038091542812097e-11,-0.001727523083484609,0.00519979545131711,0.00519979545131711,0.15999999999884662,0.9999568373921335,-1.5039389899073898e-11,5.17171938755976,0.10117410357052992,0.0036904376666666654,0.0013241151145878273,0.0009823860018975958,0.0005147122839613372,0.0032930326916666636,5.174609505949096,0.10232269289935057,0.0028901183893363935,0.0011485893288206567,0.0011465050541212519,0.9963865106316314,3.761639414126513e-08,0.004759153040791744,-0.0161578733127614,-0.0161578733127614,0.15999999999886716,1.0018179376461644,3.7480467700959305e-08]"
/multi_agv/m2b_algorithm_state,1789558530.2871811,1789558530.2871811,m2b_algorithm_state_v1:header6+3x20,"[1.0,-0.15,0.52,5.173849089675341,0.10125033370532444,1789558530.2871134,5.172425443641528,0.1010751225309544,0.0036904376666666654,0.0015410366021185473,0.0006966418933171067,0.0005693132357014238,0.004584685874999997,5.173830315284992,0.09626461146527145,0.001404871643464034,-0.004810511065682949,-0.004848800424875821,1.0162059204030633,7.713351342126471e-07,-0.003092710870545778,0.01445528142835401,0.01445528142835401,0.16,0.9921033336417734,7.838353300017834e-07,5.173405957945113,0.10150174150240562,0.002796189458333334,-0.0009444785585886444,0.0016671742053624428,0.0007542500381502865,-0.0017884964166666626,5.172385451386022,0.10245584897228895,-0.0010205065590911389,0.0009541074698833224,0.0009526735470590593,0.9970050926894931,-1.8489213865603158e-08,-0.00032295965180486426,-0.000224757340082802,-0.000224757340082802,0.16,1.0015051565446418,-1.8433840383831538e-08,5.1727192980433365,0.10117411043570657,0.0036904376666666654,0.001324073288296858,0.0009823847977737284,0.0005147310403119431,0.0032930326916666636,5.175767198327687,0.10316004334833542,0.0030479002843506464,0.001985932912628857,0.0019797413876903695,0.993811595283703,1.1238187701837999e-07,0.0057896167431286776,-0.020270971875360533,-0.020270971875360533,0.16,1.0031274412794444,1.1168641248061314e-07]"
/multi_agv/m2b_algorithm_state,1789558530.296936,1789558530.296936,m2b_algorithm_state_v1:header6+3x20,"[1.0,-0.15,0.52,5.174841095762743,0.10125038542193854,1789558530.2968361,5.173424302446529,0.10107514753126894,0.0036904376666666654,0.0015408557821922696,0.0006966533859495523,0.0005693856357290887,0.004584685874999997,5.175323318210062,0.09792802503930755,0.0018990157635334626,-0.0031471224919613905,-0.0031633071381232023,1.0104069441625099,3.297499186095648e-07,-0.0007895374337063741,0.005712935360613914,0.005712935360613914,0.16,0.994883631131875,3.331816076001267e-07,5.174404811887789,0.10150172292030209,0.002796189458333334,-0.0009442793966283275,0.0016671666373424543,0.0007541676449329404,-0.0017884964166666626,5.17340503359516,0.10245584897228895,-0.0009997782926287613,0.0009541260519868588,0.0009526920731476922,0.9970050342367667,-1.8486036414866936e-08,-0.0002970307926382594,-0.00031692179164743506,-0.00031692179164743506,0.16,1.001505186071748,-1.8430671368706526e-08,5.173718154691707,0.1011741306644023,0.0036904376666666654,0.0013239589033984867,0.0009823875646037825,0.0005147791824683915,0.0032930326916666636,5.176862119782491,0.10212473770488092,0.0031439650907847394,0.0009506070404786265,0.0009491772299874689,0.9970026213761342,2.576680489240903e-08,0.004879133593468393,-0.016484021288106672,-0.016484021288106672,0.16,1.0015063683008667,2.5689572022219202e-08]"
/multi_agv/m2b_algorithm_state,1789558530.3069756,1789558530.3069756,m2b_algorithm_state_v1:header6+3x20,"[1.0,-0.15,0.52,5.17584226341248,0.1012503776400827,1789558530.3068805,5.174416324660586,0.10107527352615044,0.0036904376666666654,0.0015399616572271688,0.0006967348214322652,0.0005697308432134977,0.004584685874999997,5.176424442371559,0.09911957995900708,0.0020081177109725346,-0.0019556935671433545,-0.0019618877764753517,1.0063811652344052,1.271652170455516e-07,0.0005482593622403165,0.00048171271342837673,0.00048171271342837673,0.16,0.9968427300448727,1.2797667930758827e-07,5.175396798514598,0.10150164419137782,0.002796189458333334,-0.0009433065281478389,0.001667108255565708,0.0007537763083178273,-0.0017884964166666626,5.174354144389984,0.10133612799536222,-0.0010426541246140175,-0.00016551619601559708,-0.00016555971700276645,1.0005262114745022,-5.561732966148519e-10,-0.0014688773727702883,0.004342600583688001,0.004342600583688001,0.16,0.9997371281616251,-5.564659613853424e-10,5.174710164113043,0.10117423854828737,0.0036904376666666654,0.001323367159485132,0.0009824149588242301,0.0005150214310058947,0.0032930326916666636,5.177732568998343,0.10161492784739445,0.003022404885300034,0.00044068929910708043,0.0004403808263337811,0.9986023776767315,5.537169676805205e-09,0.004218386932958824,-0.01387382597971714,-0.01387382597971714,0.16,1.000700468219444,5.529430804857177e-09]"
/multi_agv/m2b_algorithm_state,1789558530.3169274,1789558530.3169274,m2b_algorithm_state_v1:header6+3x20,"[1.0,-0.15,0.52,5.17684211816982,0.10125037847382473,1789558530.31682,5.1754174901723555,0.10107525319805839,0.0036904376666666654,0.0015401069013130774,0.000696723884460226,0.0005696735747940134,0.004584685874999997,5.177422182339214,0.09874467349397212,0.0020046921668583906,-0.0023305797040862747,-0.0023394011023845952,1.0076364908556135,1.8065226025061911e-07,0.000166464106188393,0.0019947683031419183,0.0019947683031419183,0.16,0.9962292065737128,1.8203180958406886e-07,5.176397968614448,0.10150165801008866,0.002796189458333334,-0.0009434648454880123,0.0016671156059029357,0.0007538411100179027,-0.0017884964166666626,5.175483368479857,0.10075526587227052,-0.0009146001345907706,-0.0007463921378181443,-0.0007472810544596173,1.0023886264291695,-1.1316459753240576e-08,-0.0018905312226980804,0.006085220814485873,0.006085220814485873,0.16,0.9988104654384476,-1.13434905480918e-08,5.175711331450637,0.10117422171210103,0.0036904376666666654,0.0013234606335444047,0.0009824116666637744,0.0005149826261121346,0.0032930326916666636,5.178754197559434,0.10211530056360553,0.0030428661087968933,0.0009410788515045038,0.0009396774607424398,0.9970323468557808,2.5243517499462145e-08,0.004743260096738556,-0.015995679662800015,-0.015995679662800015,0.16,1.0014913529595109,2.5168603495383713e-08]"
/multi_agv/m2b_algorithm_state,1789558530.3269336,1789558530.3269336,m2b_algorithm_state_v1:header6+3x20,"[1.0,-0.15,0.52,5.177842443163496,0.1012503762987922,1789558530.3268592,5.176417345406473,0.10107525416666001,0.0036904376666666654,0.0015401008276235213,0.0006967261936461355,0.0005696750063733157,0.004584685874999997,5.178398424438569,0.09792080570749419,0.0019810790320962113,-0.0031544484591658206,-0.003170709414965367,1.0104320112974983,3.311259871797805e-07,-0.0006943606248451029,0.0053813277317260304,0.0053813277317260304,0.16,0.9948715086526703,3.3458029721893524e-07,5.177397822694546,0.10150165828211677,0.002796189458333334,-0.0009434585197659654,0.001667113574176149,0.0007538394248761127,-0.0017884964166666626,5.176572955027814,0.10196899901451421,-0.0008248676667319543,0.0004673407323974449,0.0004669954277394479,0.9985248753201474,-4.432747691049737e-09,-0.000564089155675495,0.0008517409004607478,0.0008517409004607478,0.16,1.0007394176419853,-4.4262088355311096e-09,5.176711186408443,0.10117422297269742,0.0036904376666666654,0.0013234546225925586,0.0009824127508963887,0.0005149846676638921,0.0032930326916666636,5.17926087060707,0.10251636026198563,0.002549684198626778,0.0013421372892882116,0.0013392955662767496,0.9957869103559389,5.132907525342926e-08,0.004526400814560222,-0.015427537904393464,-0.015427537904393464,0.16,1.002121804240241,5.11128212580398e-08]"
/multi_agv/m2b_algorithm_state,1789558530.3368328,1789558530.3368328,m2b_algorithm_state_v1:header6+3x20,"[1.0,-0.15,0.52,5.178839752910121,0.1012503933242575,1789558530.336754,5.1774176699111125,0.10107524795633548,0.0036904376666666654,0.0015401455823776393,0.0006967236265438706,0.000569656942326754,0.004584685874999997,5.179043849582975,0.09832014550725454,0.0016261796718621824,-0.0027551024490809345,-0.0027674696510044034,1.0090706366533573,2.525355308706124e-07,-0.0007347450611766755,0.005350839675071174,0.005350839675071174,0.16,0.9955312240121655,2.548261889132024e-07,5.17839814818947,0.10150166291689829,0.002796189458333334,-0.0009435074547807674,0.0016671150779226096,0.0007538598543182368,-0.0017884964166666626,5.177680589003435,0.10296248751106805,-0.0007175591860351105,0.0014608245941697684,0.0014574760428350552,0.9954409691642999,-4.3282670672175124e-08,0.0005605270602911671,-0.0036038654035452553,-0.0036038654035452553,0.16,1.0022975000866563,-4.3085343641929225e-08,5.177711511389905,0.10117421802314286,0.0036904376666666654,0.0013234825479315668,0.0009824121518421606,0.0005149728747333342,0.0032930326916666636,5.179456158163227,0.10187129910465831,0.0017446467733215343,0.0006970810815154493,0.0006963107529263118,0.9977956751862522,1.3853126964798357e-08,0.0028771192195782298,-0.009229800219518653,-0.009229800219518653,0.16,1.00110630000456,1.3822590173281854e-08]"
